"source","source_name","keyword","city","crawl_time","job_title","company_name","salary_text","location","tags","job_description","source_url","publish_time","raw"
"government_jobs","国家公务员2024招考简章","公务员/事业单位技术岗位","河北省秦皇岛市北戴河区","2026-07-28T09:12:58.310295+00:00","中直北戴河服务局信息管理岗位一级主任科员及以下","中央办公厅","","河北省秦皇岛市北戴河区","公务员/事业单位;2024;computer_software;cybersecurity_cryptography;本科及以上;与最高学历相对应的学位;计算机科学与技术、网络工程、软件工程、信息安全等相关专业;中央机关及其省级直属机构综合管理类","用人司局：中共中央直属机关事务管理局
职位简介：从事信息化管理等工作
专业要求：计算机科学与技术、网络工程、软件工程、信息安全等相关专业
学历要求：本科及以上
学位要求：与最高学历相对应的学位
政治面貌：中共党员
基层工作经历：无限制
考试类别：中央机关及其省级直属机构综合管理类
备注：咨询电话：01055602256，01063097973。研究生学历报考者须同时具有本科学历学位和研究生学历学位。非应届高校毕业生须有与职位简介相关的工作经历。掌握一定的党内法规知识，有较好的综合协调能力。个人经历填写要求连续准确（待业请注明）。专业能力测试的内容为党的机关事务工作，对党的大政方针的理解把握能力、对时事的分析能力和公文写作，占综合成绩的15%。","https://www.xuanhan.gov.cn/xxgk-show-77635.html#002000-100210003001","2023-10-15","{""dataset_year"":2024,""job_uid"":""GOV-2024-002000-100210003001"",""publisher"":""国家公务员局"",""publication_page"":""https://www.xuanhan.gov.cn/xxgk-show-77635.html"",""attachment_url"":""https://www.xuanhan.gov.cn/uploadfile/1/Attachment/638fdecf51.zip"",""local_source_file"":""中央机关及其直属机构2024年度考试录用公务员招考简章.xls"",""local_source_sha256"":""a1741b99dbecd6d03e533f99f2d69b0fa5a79733e551b80af69986ceed2ad996"",""source_sheet"":""中央党群机关"",""filter_version"":""government_tech_v2"",""tech_filter"":{""is_tech"":true,""is_core_tech"":true,""scope"":""core"",""categories"":[""computer_software"",""cybersecurity_cryptography""],""matched_fields"":[""major"",""job_title"",""description""],""major_terms"":[""信息安全"",""网络工程"",""计算机科学与技术"",""软件工程""],""role_terms"":[""信息化"",""信息管理""],""reason"":""tech_major_and_role""},""original"":{""部门代码"":""002000"",""部门名称"":""中央办公厅"",""用人司局"":""中共中央直属机关事务管理局"",""机构性质"":""中央党群机关参照公务员法管理事业单位"",""招考职位"":""中直北戴河服务局信息管理岗位一级主任科员及以下"",""职位属性"":""普通职位"",""职位分布"":""其他职位"",""职位简介"":""从事信息化管理等工作"",""职位代码"":""100210003001"",""机构层级"":""中央"",""考试类别"":""中央机关及其省级直属机构综合管理类"",""招考人数"":""1"",""专业"":""计算机科学与技术、网络工程、软件工程、信息安全等相关专业"",""学历"":""本科及以上"",""学位"":""与最高学历相对应的学位"",""政治面貌"":""中共党员"",""基层工作最低年限"":""无限制"",""服务基层项目工作经历"":""无限制"",""是否在面试阶段组织专业能力测试"":""是"",""面试人员比例"":""5:1"",""工作地点"":""河北省秦皇岛市北戴河区"",""落户地点"":""北京市"",""备注"":""咨询电话：01055602256，01063097973。研究生学历报考者须同时具有本科学历学位和研究生学历学位。非应届高校毕业生须有与职位简介相关的工作经历。掌握一定的党内法规知识，有较好的综合协调能力。个人经历填写要求连续准确（待业请注明）。专业能力测试的内容为党的机关事务工作，对党的大政方针的理解把握能力、对时事的分析能力和公文写作，占综合成绩的15%。"",""部门网站"":""警卫局63099103，中共中央机关事务管理局63097973、55602256，老干部局63097447，毛主席纪念堂管理局83083167"",""咨询电话1"":""01063094219"",""咨询电话2"":"""",""咨询电话3"":"""",""来源Sheet"":""中央党群机关""}}"
"government_jobs","国家公务员2024招考简章","公务员/事业单位技术岗位","北京市","2026-07-28T09:12:58.310295+00:00","信息管理岗位一级主任科员及以下","中央办公厅","","北京市","公务员/事业单位;2024;computer_software;cybersecurity_cryptography;本科及以上;与最高学历相对应的学位;计算机科学与技术、网络工程、软件工程、信息安全等相关专业;中央机关及其省级直属机构综合管理类","用人司局：中共中央直属机关事务管理局
职位简介：从事信息化管理等工作
专业要求：计算机科学与技术、网络工程、软件工程、信息安全等相关专业
学历要求：本科及以上
学位要求：与最高学历相对应的学位
政治面貌：中共党员
基层工作经历：无限制
考试类别：中央机关及其省级直属机构综合管理类
备注：咨询电话：01055602256，01063097973。研究生学历报考者须同时具有本科学历学位和研究生学历学位。非应届高校毕业生须有与职位简介相关的工作经历。掌握一定的党内法规知识，有较好的综合协调能力。个人经历填写要求连续准确（待业请注明）。专业能力测试的内容为党的机关事务工作，对党的大政方针的理解把握能力、对时事的分析能力和公文写作，占综合成绩的15%。","https://www.xuanhan.gov.cn/xxgk-show-77635.html#002000-100210003010","2023-10-15","{""dataset_year"":2024,""job_uid"":""GOV-2024-002000-100210003010"",""publisher"":""国家公务员局"",""publication_page"":""https://www.xuanhan.gov.cn/xxgk-show-77635.html"",""attachment_url"":""https://www.xuanhan.gov.cn/uploadfile/1/Attachment/638fdecf51.zip"",""local_source_file"":""中央机关及其直属机构2024年度考试录用公务员招考简章.xls"",""local_source_sha256"":""a1741b99dbecd6d03e533f99f2d69b0fa5a79733e551b80af69986ceed2ad996"",""source_sheet"":""中央党群机关"",""filter_version"":""government_tech_v2"",""tech_filter"":{""is_tech"":true,""is_core_tech"":true,""scope"":""core"",""categories"":[""computer_software"",""cybersecurity_cryptography""],""matched_fields"":[""major"",""job_title"",""description""],""major_terms"":[""信息安全"",""网络工程"",""计算机科学与技术"",""软件工程""],""role_terms"":[""信息化"",""信息管理""],""reason"":""tech_major_and_role""},""original"":{""部门代码"":""002000"",""部门名称"":""中央办公厅"",""用人司局"":""中共中央直属机关事务管理局"",""机构性质"":""中央党群机关参照公务员法管理事业单位"",""招考职位"":""信息管理岗位一级主任科员及以下"",""职位属性"":""普通职位"",""职位分布"":""其他职位"",""职位简介"":""从事信息化管理等工作"",""职位代码"":""100210003010"",""机构层级"":""中央"",""考试类别"":""中央机关及其省级直属机构综合管理类"",""招考人数"":""2"",""专业"":""计算机科学与技术、网络工程、软件工程、信息安全等相关专业"",""学历"":""本科及以上"",""学位"":""与最高学历相对应的学位"",""政治面貌"":""中共党员"",""基层工作最低年限"":""无限制"",""服务基层项目工作经历"":""无限制"",""是否在面试阶段组织专业能力测试"":""是"",""面试人员比例"":""5:1"",""工作地点"":""北京市"",""落户地点"":""北京市"",""备注"":""咨询电话：01055602256，01063097973。研究生学历报考者须同时具有本科学历学位和研究生学历学位。非应届高校毕业生须有与职位简介相关的工作经历。掌握一定的党内法规知识，有较好的综合协调能力。个人经历填写要求连续准确（待业请注明）。专业能力测试的内容为党的机关事务工作，对党的大政方针的理解把握能力、对时事的分析能力和公文写作，占综合成绩的15%。"",""部门网站"":""警卫局63099103，中共中央机关事务管理局63097973、55602256，老干部局63097447，毛主席纪念堂管理局83083167"",""咨询电话1"":""01063094219"",""咨询电话2"":"""",""咨询电话3"":"""",""来源Sheet"":""中央党群机关""}}"
"government_jobs","国家公务员2024招考简章","公务员/事业单位技术岗位","北京市","2026-07-28T09:12:58.310295+00:00","计算机应用工作一级主任科员及以下","中央办公厅","","北京市","公务员/事业单位;2024;computer_software;仅限本科;学士;计算机科学与技术、软件工程;中央机关及其省级直属机构综合管理类","用人司局：老干部局
职位简介：从事信息化建设、设备与系统维护等工作
专业要求：计算机科学与技术、软件工程
学历要求：仅限本科
学位要求：学士
政治面貌：中共党员
基层工作经历：无限制
考试类别：中央机关及其省级直属机构综合管理类
备注：咨询电话：01063097447。“专业”为《普通高等学校本科专业目录》中的专业名称，不是学科门类和专业类。考生需获得与专业相应的学历学位。专业能力测试的内容为对党的大政方针的理解把握能力和专业技术能力等，占综合成绩的比重为15%。","https://www.xuanhan.gov.cn/xxgk-show-77635.html#002000-100210004005","2023-10-15","{""dataset_year"":2024,""job_uid"":""GOV-2024-002000-100210004005"",""publisher"":""国家公务员局"",""publication_page"":""https://www.xuanhan.gov.cn/xxgk-show-77635.html"",""attachment_url"":""https://www.xuanhan.gov.cn/uploadfile/1/Attachment/638fdecf51.zip"",""local_source_file"":""中央机关及其直属机构2024年度考试录用公务员招考简章.xls"",""local_source_sha256"":""a1741b99dbecd6d03e533f99f2d69b0fa5a79733e551b80af69986ceed2ad996"",""source_sheet"":""中央党群机关"",""filter_version"":""government_tech_v2"",""tech_filter"":{""is_tech"":true,""is_core_tech"":true,""scope"":""core"",""categories"":[""computer_software""],""matched_fields"":[""major"",""job_title"",""description""],""major_terms"":[""计算机科学与技术"",""软件工程""],""role_terms"":[""信息化"",""系统维护"",""计算机""],""reason"":""tech_major_and_role""},""original"":{""部门代码"":""002000"",""部门名称"":""中央办公厅"",""用人司局"":""老干部局"",""机构性质"":""中央党群机关参照公务员法管理事业单位"",""招考职位"":""计算机应用工作一级主任科员及以下"",""职位属性"":""普通职位"",""职位分布"":""其他职位"",""职位简介"":""从事信息化建设、设备与系统维护等工作"",""职位代码"":""100210004005"",""机构层级"":""中央"",""考试类别"":""中央机关及其省级直属机构综合管理类"",""招考人数"":""1"",""专业"":""计算机科学与技术、软件工程"",""学历"":""仅限本科"",""学位"":""学士"",""政治面貌"":""中共党员"",""基层工作最低年限"":""无限制"",""服务基层项目工作经历"":""无限制"",""是否在面试阶段组织专业能力测试"":""是"",""面试人员比例"":""5:1"",""工作地点"":""北京市"",""落户地点"":""北京市"",""备注"":""咨询电话：01063097447。“专业”为《普通高等学校本科专业目录》中的专业名称，不是学科门类和专业类。考生需获得与专业相应的学历学位。专业能力测试的内容为对党的大政方针的理解把握能力和专业技术能力等，占综合成绩的比重为15%。"",""部门网站"":""警卫局63099103，中共中央机关事务管理局63097973、55602256，老干部局63097447，毛主席纪念堂管理局83083167"",""咨询电话1"":""01063094219"",""咨询电话2"":"""",""咨询电话3"":"""",""来源Sheet"":""中央党群机关""}}"
"government_jobs","国家公务员2024招考简章","公务员/事业单位技术岗位","江苏省南京市","2026-07-28T09:12:58.310295+00:00","信息化处一级主任科员及以下","中央档案馆国家档案局","","江苏省南京市","公务员/事业单位;2024;computer_software;cybersecurity_cryptography;硕士研究生及以上;与最高学历相对应的学位;计算机科学与技术、网络空间安全、网络与信息安全、信息安全;中央机关及其省级直属机构综合管理类","用人司局：中国第二历史档案馆
职位简介：从事内外网络维护、数据安全管理等工作。
专业要求：计算机科学与技术、网络空间安全、网络与信息安全、信息安全
学历要求：硕士研究生及以上
学位要求：与最高学历相对应的学位
政治面貌：中共党员
基层工作经历：无限制
考试类别：中央机关及其省级直属机构综合管理类
备注：专业名称与毕业证书一致；限以主修学位报考。咨询电话：025-84665985","https://www.xuanhan.gov.cn/xxgk-show-77635.html#003000-100210007009","2023-10-15","{""dataset_year"":2024,""job_uid"":""GOV-2024-003000-100210007009"",""publisher"":""国家公务员局"",""publication_page"":""https://www.xuanhan.gov.cn/xxgk-show-77635.html"",""attachment_url"":""https://www.xuanhan.gov.cn/uploadfile/1/Attachment/638fdecf51.zip"",""local_source_file"":""中央机关及其直属机构2024年度考试录用公务员招考简章.xls"",""local_source_sha256"":""a1741b99dbecd6d03e533f99f2d69b0fa5a79733e551b80af69986ceed2ad996"",""source_sheet"":""中央党群机关"",""filter_version"":""government_tech_v2"",""tech_filter"":{""is_tech"":true,""is_core_tech"":true,""scope"":""core"",""categories"":[""computer_software"",""cybersecurity_cryptography""],""matched_fields"":[""major"",""job_title"",""description""],""major_terms"":[""信息安全"",""网络空间安全"",""计算机科学与技术""],""role_terms"":[""信息化"",""数据安全"",""网络维护""],""reason"":""tech_major_and_role""},""original"":{""部门代码"":""003000"",""部门名称"":""中央档案馆国家档案局"",""用人司局"":""中国第二历史档案馆"",""机构性质"":""中央党群机关参照公务员法管理事业单位"",""招考职位"":""信息化处一级主任科员及以下"",""职位属性"":""普通职位"",""职位分布"":""其他职位"",""职位简介"":""从事内外网络维护、数据安全管理等工作。"",""职位代码"":""100210007009"",""机构层级"":""中央"",""考试类别"":""中央机关及其省级直属机构综合管理类"",""招考人数"":""1"",""专业"":""计算机科学与技术、网络空间安全、网络与信息安全、信息安全"",""学历"":""硕士研究生及以上"",""学位"":""与最高学历相对应的学位"",""政治面貌"":""中共党员"",""基层工作最低年限"":""无限制"",""服务基层项目工作经历"":""无限制"",""是否在面试阶段组织专业能力测试"":""否"",""面试人员比例"":""5:1"",""工作地点"":""江苏省南京市"",""落户地点"":""江苏省南京市"",""备注"":""专业名称与毕业证书一致；限以主修学位报考。咨询电话：025-84665985"",""部门网站"":""http://www.saac.gov.cn/"",""咨询电话1"":""010-63097400"",""咨询电话2"":""025-84665985"",""咨询电话3"":"""",""来源Sheet"":""中央党群机关""}}"
"government_jobs","国家公务员2024招考简章","公务员/事业单位技术岗位","北京市海淀区","2026-07-28T09:12:58.310295+00:00","信息化管理","中央对外联络部","","北京市海淀区","公务员/事业单位;2024;computer_software;cybersecurity_cryptography;本科或硕士研究生;与最高学历相对应的学位;计算机科学与技术、软件工程、网络工程、信息安全、电子与计算机工程、数据科学与大数据技术及相关专业;中央机关及其省级直属机构综合管理类","用人司局：办公厅
职位简介：负责信息化管理相关工作。
专业要求：计算机科学与技术、软件工程、网络工程、信息安全、电子与计算机工程、数据科学与大数据技术及相关专业
学历要求：本科或硕士研究生
学位要求：与最高学历相对应的学位
政治面貌：中共党员或共青团员
基层工作经历：无限制
考试类别：中央机关及其省级直属机构综合管理类
备注：1.大学英语六级425分以上或英语专业八级合格（网上报名时，请在备注栏注明英语水平等级及分数），能用英语独立开展工作。2.具有较高的文字水平。3.具有较强的组织协调能力和团队精神。4.计算机操作熟练。5.政治可靠，个人经历、历史状况清楚，能服从组织安排。6.专业能力测试的内容为本专业知识能力测试，占综合成绩的比重为10%。7.非2024届高校毕业生须专职从事信息化管理相关工作。8.网上报名时请务必按照我部网站考录公告要求填报。","https://www.xuanhan.gov.cn/xxgk-show-77635.html#009000-100110002001","2023-10-15","{""dataset_year"":2024,""job_uid"":""GOV-2024-009000-100110002001"",""publisher"":""国家公务员局"",""publication_page"":""https://www.xuanhan.gov.cn/xxgk-show-77635.html"",""attachment_url"":""https://www.xuanhan.gov.cn/uploadfile/1/Attachment/638fdecf51.zip"",""local_source_file"":""中央机关及其直属机构2024年度考试录用公务员招考简章.xls"",""local_source_sha256"":""a1741b99dbecd6d03e533f99f2d69b0fa5a79733e551b80af69986ceed2ad996"",""source_sheet"":""中央党群机关"",""filter_version"":""government_tech_v2"",""tech_filter"":{""is_tech"":true,""is_core_tech"":true,""scope"":""core"",""categories"":[""computer_software"",""cybersecurity_cryptography""],""matched_fields"":[""major"",""job_title"",""description"",""remarks""],""major_terms"":[""信息安全"",""大数据"",""数据科学与大数据技术"",""网络工程"",""计算机"",""计算机科学与技术"",""软件工程""],""role_terms"":[""信息化""],""reason"":""tech_major_and_role""},""original"":{""部门代码"":""009000"",""部门名称"":""中央对外联络部"",""用人司局"":""办公厅"",""机构性质"":""中央党群机关"",""招考职位"":""信息化管理"",""职位属性"":""普通职位"",""职位分布"":""其他职位"",""职位简介"":""负责信息化管理相关工作。"",""职位代码"":""100110002001"",""机构层级"":""中央"",""考试类别"":""中央机关及其省级直属机构综合管理类"",""招考人数"":""1"",""专业"":""计算机科学与技术、软件工程、网络工程、信息安全、电子与计算机工程、数据科学与大数据技术及相关专业"",""学历"":""本科或硕士研究生"",""学位"":""与最高学历相对应的学位"",""政治面貌"":""中共党员或共青团员"",""基层工作最低年限"":""无限制"",""服务基层项目工作经历"":""无限制"",""是否在面试阶段组织专业能力测试"":""是"",""面试人员比例"":""5:1"",""工作地点"":""北京市海淀区"",""落户地点"":""北京市海淀区"",""备注"":""1.大学英语六级425分以上或英语专业八级合格（网上报名时，请在备注栏注明英语水平等级及分数），能用英语独立开展工作。2.具有较高的文字水平。3.具有较强的组织协调能力和团队精神。4.计算机操作熟练。5.政治可靠，个人经历、历史状况清楚，能服从组织安排。6.专业能力测试的内容为本专业知识能力测试，占综合成绩的比重为10%。7.非2024届高校毕业生须专职从事信息化管理相关工作。8.网上报名时请务必按照我部网站考录公告要求填报。"",""部门网站"":""www.idcpc.gov.cn"",""咨询电话1"":""010-83908009"",""咨询电话2"":"""",""咨询电话3"":"""",""来源Sheet"":""中央党群机关""}}"
"government_jobs","国家公务员2024招考简章","公务员/事业单位技术岗位","北京市","2026-07-28T09:12:58.310295+00:00","业务处一级主任科员及以下（四）","中央网信办","","北京市","公务员/事业单位;2024;computer_software;cybersecurity_cryptography;electronics_communication;本科或硕士研究生;与最高学历相对应的学位;信息与通信工程、计算机科学与技术、网络空间安全等相关专业;中央机关及其省级直属机构综合管理类","用人司局：网络安全应急指挥中心
职位简介：参与网络运行技术保障等工作
专业要求：信息与通信工程、计算机科学与技术、网络空间安全等相关专业
学历要求：本科或硕士研究生
学位要求：与最高学历相对应的学位
政治面貌：中共党员
基层工作经历：无限制
考试类别：中央机关及其省级直属机构综合管理类
备注：咨询电话：010-55635489。各学习阶段均要求有相应学历、学位；职位要求专业为报考者最高学历对应专业（须为主修专业）；可适应经常值班、加班工作。","https://www.xuanhan.gov.cn/xxgk-show-77635.html#014000-100210101004","2023-10-15","{""dataset_year"":2024,""job_uid"":""GOV-2024-014000-100210101004"",""publisher"":""国家公务员局"",""publication_page"":""https://www.xuanhan.gov.cn/xxgk-show-77635.html"",""attachment_url"":""https://www.xuanhan.gov.cn/uploadfile/1/Attachment/638fdecf51.zip"",""local_source_file"":""中央机关及其直属机构2024年度考试录用公务员招考简章.xls"",""local_source_sha256"":""a1741b99dbecd6d03e533f99f2d69b0fa5a79733e551b80af69986ceed2ad996"",""source_sheet"":""中央党群机关"",""filter_version"":""government_tech_v2"",""tech_filter"":{""is_tech"":true,""is_core_tech"":true,""scope"":""core"",""categories"":[""computer_software"",""cybersecurity_cryptography"",""electronics_communication""],""matched_fields"":[""major"",""office""],""major_terms"":[""信息与通信工程"",""网络空间安全"",""计算机科学与技术"",""通信工程""],""role_terms"":[""网络安全""],""reason"":""tech_major_and_role""},""original"":{""部门代码"":""014000"",""部门名称"":""中央网信办"",""用人司局"":""网络安全应急指挥中心"",""机构性质"":""中央党群机关参照公务员法管理事业单位"",""招考职位"":""业务处一级主任科员及以下（四）"",""职位属性"":""普通职位"",""职位分布"":""其他职位"",""职位简介"":""参与网络运行技术保障等工作"",""职位代码"":""100210101004"",""机构层级"":""中央"",""考试类别"":""中央机关及其省级直属机构综合管理类"",""招考人数"":""1"",""专业"":""信息与通信工程、计算机科学与技术、网络空间安全等相关专业"",""学历"":""本科或硕士研究生"",""学位"":""与最高学历相对应的学位"",""政治面貌"":""中共党员"",""基层工作最低年限"":""无限制"",""服务基层项目工作经历"":""无限制"",""是否在面试阶段组织专业能力测试"":""否"",""面试人员比例"":""5:1"",""工作地点"":""北京市"",""落户地点"":""北京市"",""备注"":""咨询电话：010-55635489。各学习阶段均要求有相应学历、学位；职位要求专业为报考者最高学历对应专业（须为主修专业）；可适应经常值班、加班工作。"",""部门网站"":""http://www.cac.gov.cn"",""咨询电话1"":""010-55636572"",""咨询电话2"":""010-55635489"",""咨询电话3"":""010-55635126"",""来源Sheet"":""中央党群机关""}}"
"government_jobs","国家公务员2024招考简章","公务员/事业单位技术岗位","北京市西城区","2026-07-28T09:12:58.310295+00:00","网络工作指导处一级主任科员及以下","全国总工会","","北京市西城区","公务员/事业单位;2024;computer_software;electronics_communication;硕士研究生及以上;与最高学历相对应的学位;0711系统科学、0810信息与通信工程、0812计算机科学与技术、0835软件工程;中央机关及其省级直属机构综合管理类","用人司局：网络工作部
职位简介：1.参与全总数字化、信息化项目的规划设计和建设实施；
2.参与统筹组织全总信息化相关工作，编制起草相关制度标准规范；
3.参与协助机关各业务部门应用系统设计、建设；
4.日常公文的起草和日常工作处理。
专业要求：0711系统科学、0810信息与通信工程、0812计算机科学与技术、0835软件工程
学历要求：硕士研究生及以上
学位要求：与最高学历相对应的学位
政治面貌：中共党员
基层工作经历：二年
考试类别：中央机关及其省级直属机构综合管理类
备注：专业能力测试为业务知识掌握情况和根据给定材料起草文章，占综合成绩15%。考生报名填写专业时需写明专业代码。限以主修学位报考。同等条件下，省部级以上劳动模范、一线优秀工会工作者优先录用。具体解释参见全国总工会网站公示公告栏《全国总工会关于2024年度录用机关工作人员职位要求的说明》。","https://www.xuanhan.gov.cn/xxgk-show-77635.html#042000-100310007001","2023-10-15","{""dataset_year"":2024,""job_uid"":""GOV-2024-042000-100310007001"",""publisher"":""国家公务员局"",""publication_page"":""https://www.xuanhan.gov.cn/xxgk-show-77635.html"",""attachment_url"":""https://www.xuanhan.gov.cn/uploadfile/1/Attachment/638fdecf51.zip"",""local_source_file"":""中央机关及其直属机构2024年度考试录用公务员招考简章.xls"",""local_source_sha256"":""a1741b99dbecd6d03e533f99f2d69b0fa5a79733e551b80af69986ceed2ad996"",""source_sheet"":""中央党群机关"",""filter_version"":""government_tech_v2"",""tech_filter"":{""is_tech"":true,""is_core_tech"":true,""scope"":""core"",""categories"":[""computer_software"",""electronics_communication""],""matched_fields"":[""major"",""description""],""major_terms"":[""信息与通信工程"",""计算机科学与技术"",""软件工程"",""通信工程""],""role_terms"":[""信息化"",""数字化""],""reason"":""tech_major_and_role""},""original"":{""部门代码"":""042000"",""部门名称"":""全国总工会"",""用人司局"":""网络工作部"",""机构性质"":""群团机关"",""招考职位"":""网络工作指导处一级主任科员及以下"",""职位属性"":""普通职位"",""职位分布"":""其他职位"",""职位简介"":""1.参与全总数字化、信息化项目的规划设计和建设实施；\n2.参与统筹组织全总信息化相关工作，编制起草相关制度标准规范；\n3.参与协助机关各业务部门应用系统设计、建设；\n4.日常公文的起草和日常工作处理。"",""职位代码"":""100310007001"",""机构层级"":""中央"",""考试类别"":""中央机关及其省级直属机构综合管理类"",""招考人数"":""1"",""专业"":""0711系统科学、0810信息与通信工程、0812计算机科学与技术、0835软件工程"",""学历"":""硕士研究生及以上"",""学位"":""与最高学历相对应的学位"",""政治面貌"":""中共党员"",""基层工作最低年限"":""二年"",""服务基层项目工作经历"":""无限制"",""是否在面试阶段组织专业能力测试"":""是"",""面试人员比例"":""5:1"",""工作地点"":""北京市西城区"",""落户地点"":""北京市西城区"",""备注"":""专业能力测试为业务知识掌握情况和根据给定材料起草文章，占综合成绩15%。考生报名填写专业时需写明专业代码。限以主修学位报考。同等条件下，省部级以上劳动模范、一线优秀工会工作者优先录用。具体解释参见全国总工会网站公示公告栏《全国总工会关于2024年度录用机关工作人员职位要求的说明》。"",""部门网站"":""www.acftu.org"",""咨询电话1"":""010-68592049"",""咨询电话2"":""010-68592026"",""咨询电话3"":"""",""来源Sheet"":""中央党群机关""}}"
"government_jobs","国家公务员2024招考简章","公务员/事业单位技术岗位","北京市西城区","2026-07-28T09:12:58.310295+00:00","设备管理处一级主任科员及以下","全国总工会","","北京市西城区","公务员/事业单位;2024;computer_software;cybersecurity_cryptography;data_ai;硕士研究生及以上;与最高学历相对应的学位;0711系统科学、0812计算机科学与技术、0839网络空间安全;中央机关及其省级直属机构综合管理类","用人司局：网络工作部
职位简介：1.参与全总基础性信息化项目的建设实施；
2.参与统筹组织全总网络安全相关工作，编制起草相关制度标准规范；
3.参与推动工会系统数据资源的开发、共享和交换；
4.参与协助机关各业务部门应用系统建设开发；
5.日常公文的起草和日常工作处理。
专业要求：0711系统科学、0812计算机科学与技术、0839网络空间安全
学历要求：硕士研究生及以上
学位要求：与最高学历相对应的学位
政治面貌：中共党员
基层工作经历：二年
考试类别：中央机关及其省级直属机构综合管理类
备注：专业能力测试为业务知识掌握情况和根据给定材料起草文章，占综合成绩15%。考生报名填写专业时需写明专业代码。限以主修学位报考。同等条件下，省部级以上劳动模范、一线优秀工会工作者优先录用。具体解释参见全国总工会网站公示公告栏《全国总工会关于2024年度录用机关工作人员职位要求的说明》。","https://www.xuanhan.gov.cn/xxgk-show-77635.html#042000-100310007002","2023-10-15","{""dataset_year"":2024,""job_uid"":""GOV-2024-042000-100310007002"",""publisher"":""国家公务员局"",""publication_page"":""https://www.xuanhan.gov.cn/xxgk-show-77635.html"",""attachment_url"":""https://www.xuanhan.gov.cn/uploadfile/1/Attachment/638fdecf51.zip"",""local_source_file"":""中央机关及其直属机构2024年度考试录用公务员招考简章.xls"",""local_source_sha256"":""a1741b99dbecd6d03e533f99f2d69b0fa5a79733e551b80af69986ceed2ad996"",""source_sheet"":""中央党群机关"",""filter_version"":""government_tech_v2"",""tech_filter"":{""is_tech"":true,""is_core_tech"":true,""scope"":""core"",""categories"":[""computer_software"",""cybersecurity_cryptography"",""data_ai""],""matched_fields"":[""major"",""description""],""major_terms"":[""网络空间安全"",""计算机科学与技术""],""role_terms"":[""信息化"",""数据资源"",""系统建设"",""网络安全""],""reason"":""tech_major_and_role""},""original"":{""部门代码"":""042000"",""部门名称"":""全国总工会"",""用人司局"":""网络工作部"",""机构性质"":""群团机关"",""招考职位"":""设备管理处一级主任科员及以下"",""职位属性"":""普通职位"",""职位分布"":""其他职位"",""职位简介"":""1.参与全总基础性信息化项目的建设实施；\n2.参与统筹组织全总网络安全相关工作，编制起草相关制度标准规范；\n3.参与推动工会系统数据资源的开发、共享和交换；\n4.参与协助机关各业务部门应用系统建设开发；\n5.日常公文的起草和日常工作处理。"",""职位代码"":""100310007002"",""机构层级"":""中央"",""考试类别"":""中央机关及其省级直属机构综合管理类"",""招考人数"":""1"",""专业"":""0711系统科学、0812计算机科学与技术、0839网络空间安全"",""学历"":""硕士研究生及以上"",""学位"":""与最高学历相对应的学位"",""政治面貌"":""中共党员"",""基层工作最低年限"":""二年"",""服务基层项目工作经历"":""无限制"",""是否在面试阶段组织专业能力测试"":""是"",""面试人员比例"":""5:1"",""工作地点"":""北京市西城区"",""落户地点"":""北京市西城区"",""备注"":""专业能力测试为业务知识掌握情况和根据给定材料起草文章，占综合成绩15%。考生报名填写专业时需写明专业代码。限以主修学位报考。同等条件下，省部级以上劳动模范、一线优秀工会工作者优先录用。具体解释参见全国总工会网站公示公告栏《全国总工会关于2024年度录用机关工作人员职位要求的说明》。"",""部门网站"":""www.acftu.org"",""咨询电话1"":""010-68592049"",""咨询电话2"":""010-68592026"",""咨询电话3"":"""",""来源Sheet"":""中央党群机关""}}"
"government_jobs","国家公务员2024招考简章","公务员/事业单位技术岗位","北京市西城区","2026-07-28T09:12:58.310295+00:00","制造业智能化处一级主任科员及以下","国家发展和改革委员会","","北京市西城区","公务员/事业单位;2024;automation_robotics;computer_software;硕士研究生及以上;与最高学历相对应的学位;0811控制科学与工程、0812计算机科学与技术;中央机关及其省级直属机构综合管理类","用人司局：产业发展司
职位简介：研究分析制造业智能化发展形势，协调推动制造业重大工程、重大项目投资，拟订并推动实施有关产业发展战略、规划和政策等
专业要求：0811控制科学与工程、0812计算机科学与技术
学历要求：硕士研究生及以上
学位要求：与最高学历相对应的学位
政治面貌：中共党员
基层工作经历：三年
考试类别：中央机关及其省级直属机构综合管理类","https://www.xuanhan.gov.cn/xxgk-show-77635.html#104000-200110015001","2023-10-15","{""dataset_year"":2024,""job_uid"":""GOV-2024-104000-200110015001"",""publisher"":""国家公务员局"",""publication_page"":""https://www.xuanhan.gov.cn/xxgk-show-77635.html"",""attachment_url"":""https://www.xuanhan.gov.cn/uploadfile/1/Attachment/638fdecf51.zip"",""local_source_file"":""中央机关及其直属机构2024年度考试录用公务员招考简章.xls"",""local_source_sha256"":""a1741b99dbecd6d03e533f99f2d69b0fa5a79733e551b80af69986ceed2ad996"",""source_sheet"":""中央国家行政机关（本级）"",""filter_version"":""government_tech_v2"",""tech_filter"":{""is_tech"":true,""is_core_tech"":true,""scope"":""core"",""categories"":[""automation_robotics"",""computer_software""],""matched_fields"":[""major"",""job_title"",""description""],""major_terms"":[""控制科学与工程"",""计算机科学与技术""],""role_terms"":[""智能化""],""reason"":""tech_major_and_role""},""original"":{""部门代码"":""104000"",""部门名称"":""国家发展和改革委员会"",""用人司局"":""产业发展司"",""机构性质"":""中央国家行政机关（本级）"",""招考职位"":""制造业智能化处一级主任科员及以下"",""职位属性"":""普通职位"",""职位分布"":""其他职位"",""职位简介"":""研究分析制造业智能化发展形势，协调推动制造业重大工程、重大项目投资，拟订并推动实施有关产业发展战略、规划和政策等"",""职位代码"":""200110015001"",""机构层级"":""中央"",""考试类别"":""中央机关及其省级直属机构综合管理类"",""招考人数"":""1"",""专业"":""0811控制科学与工程、0812计算机科学与技术"",""学历"":""硕士研究生及以上"",""学位"":""与最高学历相对应的学位"",""政治面貌"":""中共党员"",""基层工作最低年限"":""三年"",""服务基层项目工作经历"":""无限制"",""是否在面试阶段组织专业能力测试"":""否"",""面试人员比例"":""5:1"",""工作地点"":""北京市西城区"",""落户地点"":""北京市西城区"",""备注"":"""",""部门网站"":""www.ndrc.gov.cn"",""咨询电话1"":""010-68505900"",""咨询电话2"":"""",""咨询电话3"":"""",""来源Sheet"":""中央国家行政机关（本级）""}}"
"government_jobs","国家公务员2024招考简章","公务员/事业单位技术岗位","天津市","2026-07-28T09:12:58.310295+00:00","一级主任科员及以下","天津市通信管理局","","天津市","公务员/事业单位;2024;computer_software;cybersecurity_cryptography;electronics_communication;硕士研究生及以上;与最高学历相对应的学位;电子科学与技术(0809)、信息与通信工程(0810)、计算机科学与技术(0812)、软件工程(0835)、网络空间安全(0839);中央机关及其省级直属机构综合管理类","用人司局：网络安全管理处
职位简介：从事所在地网络和信息安全管理相关工作
专业要求：电子科学与技术(0809)、信息与通信工程(0810)、计算机科学与技术(0812)、软件工程(0835)、网络空间安全(0839)
学历要求：硕士研究生及以上
学位要求：与最高学历相对应的学位
政治面貌：中共党员
基层工作经历：二年
考试类别：中央机关及其省级直属机构综合管理类
备注：本科及以上学习阶段均要求取得毕业证和学位证；职位要求专业为报考者研究生所学专业，专业分类参照《研究生教育学科专业目录》，含相应的专业硕士专业。","https://www.xuanhan.gov.cn/xxgk-show-77635.html#107102-300110003001","2023-10-15","{""dataset_year"":2024,""job_uid"":""GOV-2024-107102-300110003001"",""publisher"":""国家公务员局"",""publication_page"":""https://www.xuanhan.gov.cn/xxgk-show-77635.html"",""attachment_url"":""https://www.xuanhan.gov.cn/uploadfile/1/Attachment/638fdecf51.zip"",""local_source_file"":""中央机关及其直属机构2024年度考试录用公务员招考简章.xls"",""local_source_sha256"":""a1741b99dbecd6d03e533f99f2d69b0fa5a79733e551b80af69986ceed2ad996"",""source_sheet"":""中央国家行政机关省级以下直属机构"",""filter_version"":""government_tech_v2"",""tech_filter"":{""is_tech"":true,""is_core_tech"":true,""scope"":""core"",""categories"":[""computer_software"",""cybersecurity_cryptography"",""electronics_communication""],""matched_fields"":[""major"",""office"",""description""],""major_terms"":[""信息与通信工程"",""电子科学与技术"",""网络空间安全"",""计算机科学与技术"",""软件工程"",""通信工程""],""role_terms"":[""信息安全"",""网络安全""],""reason"":""tech_major_and_role""},""original"":{""部门代码"":""107102"",""部门名称"":""天津市通信管理局"",""用人司局"":""网络安全管理处"",""机构性质"":""中央国家行政机关省级以下直属机构"",""招考职位"":""一级主任科员及以下"",""职位属性"":""普通职位"",""职位分布"":""其他职位"",""职位简介"":""从事所在地网络和信息安全管理相关工作"",""职位代码"":""300110003001"",""机构层级"":""省（副省）级"",""考试类别"":""中央机关及其省级直属机构综合管理类"",""招考人数"":""1"",""专业"":""电子科学与技术(0809)、信息与通信工程(0810)、计算机科学与技术(0812)、软件工程(0835)、网络空间安全(0839)"",""学历"":""硕士研究生及以上"",""学位"":""与最高学历相对应的学位"",""政治面貌"":""中共党员"",""基层工作最低年限"":""二年"",""服务基层项目工作经历"":""无限制"",""是否在面试阶段组织专业能力测试"":""否"",""面试人员比例"":""5:1"",""工作地点"":""天津市"",""落户地点"":""天津市"",""备注"":""本科及以上学习阶段均要求取得毕业证和学位证；职位要求专业为报考者研究生所学专业，专业分类参照《研究生教育学科专业目录》，含相应的专业硕士专业。"",""部门网站"":""https://tjca.miit.gov.cn/"",""咨询电话1"":""010-68208718"",""咨询电话2"":""010-68207836"",""咨询电话3"":"""",""来源Sheet"":""中央国家行政机关省级以下直属机构""}}"
"government_jobs","国家公务员2024招考简章","公务员/事业单位技术岗位","江西省南昌市","2026-07-28T09:12:58.310295+00:00","一级主任科员及以下","江西省通信管理局","","江西省南昌市","公务员/事业单位;2024;computer_software;electronics_communication;硕士研究生及以上;与最高学历相对应的学位;信息与通信工程(0810)、计算机科学与技术(0812);中央机关及其省级直属机构综合管理类","用人司局：信息通信发展处
职位简介：从事所在地信息通信发展规划、网络建设相关工作
专业要求：信息与通信工程(0810)、计算机科学与技术(0812)
学历要求：硕士研究生及以上
学位要求：与最高学历相对应的学位
政治面貌：中共党员
基层工作经历：二年
考试类别：中央机关及其省级直属机构综合管理类
备注：本科及以上学习阶段均要求取得毕业证和学位证；职位要求专业为报考者研究生所学专业，专业分类参照《研究生教育学科专业目录》，含相应的专业硕士专业。","https://www.xuanhan.gov.cn/xxgk-show-77635.html#107114-300110004001","2023-10-15","{""dataset_year"":2024,""job_uid"":""GOV-2024-107114-300110004001"",""publisher"":""国家公务员局"",""publication_page"":""https://www.xuanhan.gov.cn/xxgk-show-77635.html"",""attachment_url"":""https://www.xuanhan.gov.cn/uploadfile/1/Attachment/638fdecf51.zip"",""local_source_file"":""中央机关及其直属机构2024年度考试录用公务员招考简章.xls"",""local_source_sha256"":""a1741b99dbecd6d03e533f99f2d69b0fa5a79733e551b80af69986ceed2ad996"",""source_sheet"":""中央国家行政机关省级以下直属机构"",""filter_version"":""government_tech_v2"",""tech_filter"":{""is_tech"":true,""is_core_tech"":true,""scope"":""core"",""categories"":[""computer_software"",""electronics_communication""],""matched_fields"":[""major"",""office"",""description""],""major_terms"":[""信息与通信工程"",""计算机科学与技术"",""通信工程""],""role_terms"":[""信息通信""],""reason"":""tech_major_and_role""},""original"":{""部门代码"":""107114"",""部门名称"":""江西省通信管理局"",""用人司局"":""信息通信发展处"",""机构性质"":""中央国家行政机关省级以下直属机构"",""招考职位"":""一级主任科员及以下"",""职位属性"":""普通职位"",""职位分布"":""其他职位"",""职位简介"":""从事所在地信息通信发展规划、网络建设相关工作"",""职位代码"":""300110004001"",""机构层级"":""省（副省）级"",""考试类别"":""中央机关及其省级直属机构综合管理类"",""招考人数"":""1"",""专业"":""信息与通信工程(0810)、计算机科学与技术(0812)"",""学历"":""硕士研究生及以上"",""学位"":""与最高学历相对应的学位"",""政治面貌"":""中共党员"",""基层工作最低年限"":""二年"",""服务基层项目工作经历"":""无限制"",""是否在面试阶段组织专业能力测试"":""否"",""面试人员比例"":""5:1"",""工作地点"":""江西省南昌市"",""落户地点"":""江西省南昌市"",""备注"":""本科及以上学习阶段均要求取得毕业证和学位证；职位要求专业为报考者研究生所学专业，专业分类参照《研究生教育学科专业目录》，含相应的专业硕士专业。"",""部门网站"":""http://jxca.miit.gov.cn/"",""咨询电话1"":""010-68208718"",""咨询电话2"":""010-68207836"",""咨询电话3"":"""",""来源Sheet"":""中央国家行政机关省级以下直属机构""}}"
"government_jobs","国家公务员2024招考简章","公务员/事业单位技术岗位","广东省广州市","2026-07-28T09:12:58.310295+00:00","一级主任科员及以下","广东省通信管理局","","广东省广州市","公务员/事业单位;2024;computer_software;electronics_communication;硕士研究生及以上;与最高学历相对应的学位;电子科学与技术(0809)、信息与通信工程(0810)、计算机科学与技术(0812);中央机关及其省级直属机构综合管理类","用人司局：信息通信管理处
职位简介：从事所在地信息通信行业市场监管相关工作
专业要求：电子科学与技术(0809)、信息与通信工程(0810)、计算机科学与技术(0812)
学历要求：硕士研究生及以上
学位要求：与最高学历相对应的学位
政治面貌：不限
基层工作经历：二年
考试类别：中央机关及其省级直属机构综合管理类
备注：本科及以上学习阶段均要求取得毕业证和学位证；职位要求专业为报考者研究生所学专业，专业分类参照《研究生教育学科专业目录》，含相应的专业硕士专业。","https://www.xuanhan.gov.cn/xxgk-show-77635.html#107119-300110002001","2023-10-15","{""dataset_year"":2024,""job_uid"":""GOV-2024-107119-300110002001"",""publisher"":""国家公务员局"",""publication_page"":""https://www.xuanhan.gov.cn/xxgk-show-77635.html"",""attachment_url"":""https://www.xuanhan.gov.cn/uploadfile/1/Attachment/638fdecf51.zip"",""local_source_file"":""中央机关及其直属机构2024年度考试录用公务员招考简章.xls"",""local_source_sha256"":""a1741b99dbecd6d03e533f99f2d69b0fa5a79733e551b80af69986ceed2ad996"",""source_sheet"":""中央国家行政机关省级以下直属机构"",""filter_version"":""government_tech_v2"",""tech_filter"":{""is_tech"":true,""is_core_tech"":true,""scope"":""core"",""categories"":[""computer_software"",""electronics_communication""],""matched_fields"":[""major"",""office"",""description""],""major_terms"":[""信息与通信工程"",""电子科学与技术"",""计算机科学与技术"",""通信工程""],""role_terms"":[""信息通信"",""通信管理"",""通信行业""],""reason"":""tech_major_and_role""},""original"":{""部门代码"":""107119"",""部门名称"":""广东省通信管理局"",""用人司局"":""信息通信管理处"",""机构性质"":""中央国家行政机关省级以下直属机构"",""招考职位"":""一级主任科员及以下"",""职位属性"":""普通职位"",""职位分布"":""其他职位"",""职位简介"":""从事所在地信息通信行业市场监管相关工作"",""职位代码"":""300110002001"",""机构层级"":""省（副省）级"",""考试类别"":""中央机关及其省级直属机构综合管理类"",""招考人数"":""1"",""专业"":""电子科学与技术(0809)、信息与通信工程(0810)、计算机科学与技术(0812)"",""学历"":""硕士研究生及以上"",""学位"":""与最高学历相对应的学位"",""政治面貌"":""不限"",""基层工作最低年限"":""二年"",""服务基层项目工作经历"":""无限制"",""是否在面试阶段组织专业能力测试"":""否"",""面试人员比例"":""5:1"",""工作地点"":""广东省广州市"",""落户地点"":""广东省广州市"",""备注"":""本科及以上学习阶段均要求取得毕业证和学位证；职位要求专业为报考者研究生所学专业，专业分类参照《研究生教育学科专业目录》，含相应的专业硕士专业。"",""部门网站"":""https://gdca.miit.gov.cn/"",""咨询电话1"":""010-68208718"",""咨询电话2"":""010-68207836"",""咨询电话3"":"""",""来源Sheet"":""中央国家行政机关省级以下直属机构""}}"
"government_jobs","国家公务员2024招考简章","公务员/事业单位技术岗位","广西壮族自治区南宁市","2026-07-28T09:12:58.310295+00:00","一级主任科员及以下","广西壮族自治区通信管理局","","广西壮族自治区南宁市","公务员/事业单位;2024;computer_software;cybersecurity_cryptography;electronics_communication;硕士研究生及以上;与最高学历相对应的学位;电子科学与技术(0809)、信息与通信工程(0810)、计算机科学与技术(0812)、软件工程(0835)、网络空间安全(0839);中央机关及其省级直属机构综合管理类","用人司局：信息通信管理处
职位简介：从事所在地信息通信行业市场监管相关工作
专业要求：电子科学与技术(0809)、信息与通信工程(0810)、计算机科学与技术(0812)、软件工程(0835)、网络空间安全(0839)
学历要求：硕士研究生及以上
学位要求：与最高学历相对应的学位
政治面貌：中共党员
基层工作经历：二年
考试类别：中央机关及其省级直属机构综合管理类
备注：具有两年及以上信息通信或互联网相关专业领域工作经历；本科及以上学习阶段均要求取得毕业证和学位证；职位要求专业为报考者研究生所学专业，专业分类参照《研究生教育学科专业目录》，含相应的专业硕士专业。","https://www.xuanhan.gov.cn/xxgk-show-77635.html#107120-300110004001","2023-10-15","{""dataset_year"":2024,""job_uid"":""GOV-2024-107120-300110004001"",""publisher"":""国家公务员局"",""publication_page"":""https://www.xuanhan.gov.cn/xxgk-show-77635.html"",""attachment_url"":""https://www.xuanhan.gov.cn/uploadfile/1/Attachment/638fdecf51.zip"",""local_source_file"":""中央机关及其直属机构2024年度考试录用公务员招考简章.xls"",""local_source_sha256"":""a1741b99dbecd6d03e533f99f2d69b0fa5a79733e551b80af69986ceed2ad996"",""source_sheet"":""中央国家行政机关省级以下直属机构"",""filter_version"":""government_tech_v2"",""tech_filter"":{""is_tech"":true,""is_core_tech"":true,""scope"":""core"",""categories"":[""computer_software"",""cybersecurity_cryptography"",""electronics_communication""],""matched_fields"":[""major"",""office"",""description"",""remarks""],""major_terms"":[""信息与通信工程"",""电子科学与技术"",""网络空间安全"",""计算机科学与技术"",""软件工程"",""通信工程""],""role_terms"":[""互联网"",""信息通信"",""通信管理"",""通信行业""],""reason"":""tech_major_and_role""},""original"":{""部门代码"":""107120"",""部门名称"":""广西壮族自治区通信管理局"",""用人司局"":""信息通信管理处"",""机构性质"":""中央国家行政机关省级以下直属机构"",""招考职位"":""一级主任科员及以下"",""职位属性"":""普通职位"",""职位分布"":""其他职位"",""职位简介"":""从事所在地信息通信行业市场监管相关工作"",""职位代码"":""300110004001"",""机构层级"":""省（副省）级"",""考试类别"":""中央机关及其省级直属机构综合管理类"",""招考人数"":""1"",""专业"":""电子科学与技术(0809)、信息与通信工程(0810)、计算机科学与技术(0812)、软件工程(0835)、网络空间安全(0839)"",""学历"":""硕士研究生及以上"",""学位"":""与最高学历相对应的学位"",""政治面貌"":""中共党员"",""基层工作最低年限"":""二年"",""服务基层项目工作经历"":""无限制"",""是否在面试阶段组织专业能力测试"":""否"",""面试人员比例"":""5:1"",""工作地点"":""广西壮族自治区南宁市"",""落户地点"":""广西壮族自治区南宁市"",""备注"":""具有两年及以上信息通信或互联网相关专业领域工作经历；本科及以上学习阶段均要求取得毕业证和学位证；职位要求专业为报考者研究生所学专业，专业分类参照《研究生教育学科专业目录》，含相应的专业硕士专业。"",""部门网站"":""https://gxca.miit.gov.cn/"",""咨询电话1"":""010-68208718"",""咨询电话2"":""010-68207836"",""咨询电话3"":"""",""来源Sheet"":""中央国家行政机关省级以下直属机构""}}"
"government_jobs","国家公务员2024招考简章","公务员/事业单位技术岗位","西藏自治区拉萨市","2026-07-28T09:12:58.310295+00:00","一级主任科员及以下","西藏自治区通信管理局","","西藏自治区拉萨市","公务员/事业单位;2024;computer_software;cybersecurity_cryptography;electronics_communication;本科及以上;与最高学历相对应的学位;本科为电子信息类(0807)、计算机类(0809)，或研究生为电子科学与技术(0809)、信息与通信工程(0810)、计算机科学与技术(0812)、软件工程(0835)、网络空间安全(0839);中央机关及其省级直属机构综合管理类","用人司局：信息通信管理处
职位简介：从事所在地信息通信行业市场监管相关工作
专业要求：本科为电子信息类(0807)、计算机类(0809)，或研究生为电子科学与技术(0809)、信息与通信工程(0810)、计算机科学与技术(0812)、软件工程(0835)、网络空间安全(0839)
学历要求：本科及以上
学位要求：与最高学历相对应的学位
政治面貌：不限
基层工作经历：二年
考试类别：中央机关及其省级直属机构综合管理类
备注：仅限西藏地区户籍或生源的考生报考；本科及以上学习阶段均要求取得毕业证和学位证；职位要求专业为报考者本科或研究生所学专业，本科专业参照《普通高等学校本科专业目录》，研究生专业参照《研究生教育学科专业目录》（含相应的专业硕士专业）。","https://www.xuanhan.gov.cn/xxgk-show-77635.html#107126-300110004001","2023-10-15","{""dataset_year"":2024,""job_uid"":""GOV-2024-107126-300110004001"",""publisher"":""国家公务员局"",""publication_page"":""https://www.xuanhan.gov.cn/xxgk-show-77635.html"",""attachment_url"":""https://www.xuanhan.gov.cn/uploadfile/1/Attachment/638fdecf51.zip"",""local_source_file"":""中央机关及其直属机构2024年度考试录用公务员招考简章.xls"",""local_source_sha256"":""a1741b99dbecd6d03e533f99f2d69b0fa5a79733e551b80af69986ceed2ad996"",""source_sheet"":""中央国家行政机关省级以下直属机构"",""filter_version"":""government_tech_v2"",""tech_filter"":{""is_tech"":true,""is_core_tech"":true,""scope"":""core"",""categories"":[""computer_software"",""cybersecurity_cryptography"",""electronics_communication""],""matched_fields"":[""major"",""office"",""description""],""major_terms"":[""信息与通信工程"",""电子信息类"",""电子科学与技术"",""网络空间安全"",""计算机科学与技术"",""计算机类"",""软件工程"",""通信工程""],""role_terms"":[""信息通信"",""通信管理"",""通信行业""],""reason"":""tech_major_and_role""},""original"":{""部门代码"":""107126"",""部门名称"":""西藏自治区通信管理局"",""用人司局"":""信息通信管理处"",""机构性质"":""中央国家行政机关省级以下直属机构"",""招考职位"":""一级主任科员及以下"",""职位属性"":""普通职位"",""职位分布"":""其他职位"",""职位简介"":""从事所在地信息通信行业市场监管相关工作"",""职位代码"":""300110004001"",""机构层级"":""省（副省）级"",""考试类别"":""中央机关及其省级直属机构综合管理类"",""招考人数"":""1"",""专业"":""本科为电子信息类(0807)、计算机类(0809)，或研究生为电子科学与技术(0809)、信息与通信工程(0810)、计算机科学与技术(0812)、软件工程(0835)、网络空间安全(0839)"",""学历"":""本科及以上"",""学位"":""与最高学历相对应的学位"",""政治面貌"":""不限"",""基层工作最低年限"":""二年"",""服务基层项目工作经历"":""无限制"",""是否在面试阶段组织专业能力测试"":""否"",""面试人员比例"":""5:1"",""工作地点"":""西藏自治区拉萨市"",""落户地点"":""西藏自治区拉萨市"",""备注"":""仅限西藏地区户籍或生源的考生报考；本科及以上学习阶段均要求取得毕业证和学位证；职位要求专业为报考者本科或研究生所学专业，本科专业参照《普通高等学校本科专业目录》，研究生专业参照《研究生教育学科专业目录》（含相应的专业硕士专业）。"",""部门网站"":""https://xzca.miit.gov.cn/"",""咨询电话1"":""010-68208718"",""咨询电话2"":""010-68207836"",""咨询电话3"":"""",""来源Sheet"":""中央国家行政机关省级以下直属机构""}}"
"government_jobs","国家公务员2024招考简章","公务员/事业单位技术岗位","北京市","2026-07-28T09:12:58.310295+00:00","十处一级警长及以下","公安部","","北京市","公务员/事业单位;2024;computer_software;cybersecurity_cryptography;electronics_communication;硕士研究生及以上;与最高学历相对应的学位;0714统计学、0810信息与通信工程、0812计算机科学与技术、0839网络空间安全;行政执法类","用人司局：机关司局二
职位简介：主要从事情报分析、研判预警、指挥调度、应急值守、系统建设等工作
专业要求：0714统计学、0810信息与通信工程、0812计算机科学与技术、0839网络空间安全
学历要求：硕士研究生及以上
学位要求：与最高学历相对应的学位
政治面貌：中共党员
基层工作经历：无限制
考试类别：行政执法类
备注：1.咨询电话：010-66264846/66264362。2.职位要求专业为报考者最高学历对应专业。3.非应届高校毕业生应为具有2年以上工作经历的国有企事业单位在职人员。4.工作强度大、任务重，限男性。5.按照招录人民警察要求开展体能测评。6.符合公安部网站补充公告有关要求。","https://www.xuanhan.gov.cn/xxgk-show-77635.html#109000-200130102002","2023-10-15","{""dataset_year"":2024,""job_uid"":""GOV-2024-109000-200130102002"",""publisher"":""国家公务员局"",""publication_page"":""https://www.xuanhan.gov.cn/xxgk-show-77635.html"",""attachment_url"":""https://www.xuanhan.gov.cn/uploadfile/1/Attachment/638fdecf51.zip"",""local_source_file"":""中央机关及其直属机构2024年度考试录用公务员招考简章.xls"",""local_source_sha256"":""a1741b99dbecd6d03e533f99f2d69b0fa5a79733e551b80af69986ceed2ad996"",""source_sheet"":""中央国家行政机关（本级）"",""filter_version"":""government_tech_v2"",""tech_filter"":{""is_tech"":true,""is_core_tech"":true,""scope"":""core"",""categories"":[""computer_software"",""cybersecurity_cryptography"",""electronics_communication""],""matched_fields"":[""major"",""description""],""major_terms"":[""信息与通信工程"",""网络空间安全"",""计算机科学与技术"",""通信工程""],""role_terms"":[""系统建设""],""reason"":""tech_major_and_role""},""original"":{""部门代码"":""109000"",""部门名称"":""公安部"",""用人司局"":""机关司局二"",""机构性质"":""中央国家行政机关（本级）"",""招考职位"":""十处一级警长及以下"",""职位属性"":""公安机关人民警察职位"",""职位分布"":""其他职位"",""职位简介"":""主要从事情报分析、研判预警、指挥调度、应急值守、系统建设等工作"",""职位代码"":""200130102002"",""机构层级"":""中央"",""考试类别"":""行政执法类"",""招考人数"":""1"",""专业"":""0714统计学、0810信息与通信工程、0812计算机科学与技术、0839网络空间安全"",""学历"":""硕士研究生及以上"",""学位"":""与最高学历相对应的学位"",""政治面貌"":""中共党员"",""基层工作最低年限"":""无限制"",""服务基层项目工作经历"":""无限制"",""是否在面试阶段组织专业能力测试"":""否"",""面试人员比例"":""4:1"",""工作地点"":""北京市"",""落户地点"":""北京市"",""备注"":""1.咨询电话：010-66264846/66264362。2.职位要求专业为报考者最高学历对应专业。3.非应届高校毕业生应为具有2年以上工作经历的国有企事业单位在职人员。4.工作强度大、任务重，限男性。5.按照招录人民警察要求开展体能测评。6.符合公安部网站补充公告有关要求。"",""部门网站"":""http://www.mps.gov.cn/"",""咨询电话1"":""010-66261515"",""咨询电话2"":"""",""咨询电话3"":"""",""来源Sheet"":""中央国家行政机关（本级）""}}"
"government_jobs","国家公务员2024招考简章","公务员/事业单位技术岗位","北京市","2026-07-28T09:12:58.310295+00:00","六处一级主任科员及以下","公安部","","北京市","公务员/事业单位;2024;computer_software;cybersecurity_cryptography;electronics_communication;硕士研究生及以上;与最高学历相对应的学位;0809电子科学与技术、0810信息与通信工程、0812计算机科学与技术、0835软件工程、0839网络空间安全、0854电子信息;中央机关及其省级直属机构综合管理类","用人司局：机关司局五
职位简介：主要从事干部管理信息化等工作
专业要求：0809电子科学与技术、0810信息与通信工程、0812计算机科学与技术、0835软件工程、0839网络空间安全、0854电子信息
学历要求：硕士研究生及以上
学位要求：与最高学历相对应的学位
政治面貌：中共党员
基层工作经历：二年
考试类别：中央机关及其省级直属机构综合管理类
备注：1.咨询电话：010-66264269。2.职位要求专业为报考者最高学历对应专业。3.非应届高校毕业生应为具有2年以上工作经历的国有企事业单位在职人员。4.工作强度大、任务重，限男性。5.按照招录人民警察要求开展体能测评。6.符合公安部网站补充公告有关要求。","https://www.xuanhan.gov.cn/xxgk-show-77635.html#109000-200130105001","2023-10-15","{""dataset_year"":2024,""job_uid"":""GOV-2024-109000-200130105001"",""publisher"":""国家公务员局"",""publication_page"":""https://www.xuanhan.gov.cn/xxgk-show-77635.html"",""attachment_url"":""https://www.xuanhan.gov.cn/uploadfile/1/Attachment/638fdecf51.zip"",""local_source_file"":""中央机关及其直属机构2024年度考试录用公务员招考简章.xls"",""local_source_sha256"":""a1741b99dbecd6d03e533f99f2d69b0fa5a79733e551b80af69986ceed2ad996"",""source_sheet"":""中央国家行政机关（本级）"",""filter_version"":""government_tech_v2"",""tech_filter"":{""is_tech"":true,""is_core_tech"":true,""scope"":""core"",""categories"":[""computer_software"",""cybersecurity_cryptography"",""electronics_communication""],""matched_fields"":[""major"",""description""],""major_terms"":[""信息与通信工程"",""电子信息"",""电子科学与技术"",""网络空间安全"",""计算机科学与技术"",""软件工程"",""通信工程""],""role_terms"":[""信息化""],""reason"":""tech_major_and_role""},""original"":{""部门代码"":""109000"",""部门名称"":""公安部"",""用人司局"":""机关司局五"",""机构性质"":""中央国家行政机关（本级）"",""招考职位"":""六处一级主任科员及以下"",""职位属性"":""公安机关人民警察职位"",""职位分布"":""其他职位"",""职位简介"":""主要从事干部管理信息化等工作"",""职位代码"":""200130105001"",""机构层级"":""中央"",""考试类别"":""中央机关及其省级直属机构综合管理类"",""招考人数"":""1"",""专业"":""0809电子科学与技术、0810信息与通信工程、0812计算机科学与技术、0835软件工程、0839网络空间安全、0854电子信息"",""学历"":""硕士研究生及以上"",""学位"":""与最高学历相对应的学位"",""政治面貌"":""中共党员"",""基层工作最低年限"":""二年"",""服务基层项目工作经历"":""无限制"",""是否在面试阶段组织专业能力测试"":""否"",""面试人员比例"":""4:1"",""工作地点"":""北京市"",""落户地点"":""北京市"",""备注"":""1.咨询电话：010-66264269。2.职位要求专业为报考者最高学历对应专业。3.非应届高校毕业生应为具有2年以上工作经历的国有企事业单位在职人员。4.工作强度大、任务重，限男性。5.按照招录人民警察要求开展体能测评。6.符合公安部网站补充公告有关要求。"",""部门网站"":""http://www.mps.gov.cn/"",""咨询电话1"":""010-66261515"",""咨询电话2"":"""",""咨询电话3"":"""",""来源Sheet"":""中央国家行政机关（本级）""}}"
"government_jobs","国家公务员2024招考简章","公务员/事业单位技术岗位","北京市","2026-07-28T09:12:58.310295+00:00","二处一级警长及以下","公安部","","北京市","公务员/事业单位;2024;computer_software;cybersecurity_cryptography;硕士研究生及以上;与最高学历相对应的学位;大学本科：0809计算机；研究生：0812计算机科学与技术、0835软件工程、0839网络空间安全;行政执法类","用人司局：机关司局十
职位简介：主要从事网络安全防护和信息化应用等工作
专业要求：大学本科：0809计算机；研究生：0812计算机科学与技术、0835软件工程、0839网络空间安全
学历要求：硕士研究生及以上
学位要求：与最高学历相对应的学位
政治面貌：中共党员
基层工作经历：无限制
考试类别：行政执法类
备注：1.咨询电话：010-66264813。2.职位要求专业为报考者各学历对应专业。3.非应届高校毕业生应为具有2年以上工作经历的国有企事业单位在职人员。4.工作强度大、任务重，限男性。5.按照招录人民警察要求开展体能测评。6.符合公安部网站补充公告有关要求。","https://www.xuanhan.gov.cn/xxgk-show-77635.html#109000-200130110002","2023-10-15","{""dataset_year"":2024,""job_uid"":""GOV-2024-109000-200130110002"",""publisher"":""国家公务员局"",""publication_page"":""https://www.xuanhan.gov.cn/xxgk-show-77635.html"",""attachment_url"":""https://www.xuanhan.gov.cn/uploadfile/1/Attachment/638fdecf51.zip"",""local_source_file"":""中央机关及其直属机构2024年度考试录用公务员招考简章.xls"",""local_source_sha256"":""a1741b99dbecd6d03e533f99f2d69b0fa5a79733e551b80af69986ceed2ad996"",""source_sheet"":""中央国家行政机关（本级）"",""filter_version"":""government_tech_v2"",""tech_filter"":{""is_tech"":true,""is_core_tech"":true,""scope"":""core"",""categories"":[""computer_software"",""cybersecurity_cryptography""],""matched_fields"":[""major"",""description""],""major_terms"":[""网络空间安全"",""计算机"",""计算机科学与技术"",""软件工程""],""role_terms"":[""信息化"",""网络安全""],""reason"":""tech_major_and_role""},""original"":{""部门代码"":""109000"",""部门名称"":""公安部"",""用人司局"":""机关司局十"",""机构性质"":""中央国家行政机关（本级）"",""招考职位"":""二处一级警长及以下"",""职位属性"":""公安机关人民警察职位"",""职位分布"":""其他职位"",""职位简介"":""主要从事网络安全防护和信息化应用等工作"",""职位代码"":""200130110002"",""机构层级"":""中央"",""考试类别"":""行政执法类"",""招考人数"":""1"",""专业"":""大学本科：0809计算机；研究生：0812计算机科学与技术、0835软件工程、0839网络空间安全"",""学历"":""硕士研究生及以上"",""学位"":""与最高学历相对应的学位"",""政治面貌"":""中共党员"",""基层工作最低年限"":""无限制"",""服务基层项目工作经历"":""无限制"",""是否在面试阶段组织专业能力测试"":""否"",""面试人员比例"":""4:1"",""工作地点"":""北京市"",""落户地点"":""北京市"",""备注"":""1.咨询电话：010-66264813。2.职位要求专业为报考者各学历对应专业。3.非应届高校毕业生应为具有2年以上工作经历的国有企事业单位在职人员。4.工作强度大、任务重，限男性。5.按照招录人民警察要求开展体能测评。6.符合公安部网站补充公告有关要求。"",""部门网站"":""http://www.mps.gov.cn/"",""咨询电话1"":""010-66261515"",""咨询电话2"":"""",""咨询电话3"":"""",""来源Sheet"":""中央国家行政机关（本级）""}}"
"government_jobs","国家公务员2024招考简章","公务员/事业单位技术岗位","北京市","2026-07-28T09:12:58.310295+00:00","十三处一级警长及以下","公安部","","北京市","公务员/事业单位;2024;automation_robotics;computer_software;cybersecurity_cryptography;electronics_communication;硕士研究生及以上;与最高学历相对应的学位;0812计算机科学与技术、0810信息与通信工程、0811控制科学与工程、0839网络空间安全;行政执法类","用人司局：机关司局十一
职位简介：主要从事拟订信息化发展规划、工作规章和技术标准等工作
专业要求：0812计算机科学与技术、0810信息与通信工程、0811控制科学与工程、0839网络空间安全
学历要求：硕士研究生及以上
学位要求：与最高学历相对应的学位
政治面貌：中共党员或共青团员
基层工作经历：无限制
考试类别：行政执法类
备注：1.咨询电话：010-66263093。2.职位要求专业为报考者最高学历对应专业。3.非应届高校毕业生应为具有2年以上工作经历的国有企事业单位在职人员。4.工作强度大、任务重，限男性。5.按照招录人民警察要求开展体能测评。6.符合公安部网站补充公告有关要求。","https://www.xuanhan.gov.cn/xxgk-show-77635.html#109000-200130111003","2023-10-15","{""dataset_year"":2024,""job_uid"":""GOV-2024-109000-200130111003"",""publisher"":""国家公务员局"",""publication_page"":""https://www.xuanhan.gov.cn/xxgk-show-77635.html"",""attachment_url"":""https://www.xuanhan.gov.cn/uploadfile/1/Attachment/638fdecf51.zip"",""local_source_file"":""中央机关及其直属机构2024年度考试录用公务员招考简章.xls"",""local_source_sha256"":""a1741b99dbecd6d03e533f99f2d69b0fa5a79733e551b80af69986ceed2ad996"",""source_sheet"":""中央国家行政机关（本级）"",""filter_version"":""government_tech_v2"",""tech_filter"":{""is_tech"":true,""is_core_tech"":true,""scope"":""core"",""categories"":[""automation_robotics"",""computer_software"",""cybersecurity_cryptography"",""electronics_communication""],""matched_fields"":[""major"",""description""],""major_terms"":[""信息与通信工程"",""控制科学与工程"",""网络空间安全"",""计算机科学与技术"",""通信工程""],""role_terms"":[""信息化""],""reason"":""tech_major_and_role""},""original"":{""部门代码"":""109000"",""部门名称"":""公安部"",""用人司局"":""机关司局十一"",""机构性质"":""中央国家行政机关（本级）"",""招考职位"":""十三处一级警长及以下"",""职位属性"":""公安机关人民警察职位"",""职位分布"":""其他职位"",""职位简介"":""主要从事拟订信息化发展规划、工作规章和技术标准等工作"",""职位代码"":""200130111003"",""机构层级"":""中央"",""考试类别"":""行政执法类"",""招考人数"":""3"",""专业"":""0812计算机科学与技术、0810信息与通信工程、0811控制科学与工程、0839网络空间安全"",""学历"":""硕士研究生及以上"",""学位"":""与最高学历相对应的学位"",""政治面貌"":""中共党员或共青团员"",""基层工作最低年限"":""无限制"",""服务基层项目工作经历"":""无限制"",""是否在面试阶段组织专业能力测试"":""否"",""面试人员比例"":""4:1"",""工作地点"":""北京市"",""落户地点"":""北京市"",""备注"":""1.咨询电话：010-66263093。2.职位要求专业为报考者最高学历对应专业。3.非应届高校毕业生应为具有2年以上工作经历的国有企事业单位在职人员。4.工作强度大、任务重，限男性。5.按照招录人民警察要求开展体能测评。6.符合公安部网站补充公告有关要求。"",""部门网站"":""http://www.mps.gov.cn/"",""咨询电话1"":""010-66261515"",""咨询电话2"":"""",""咨询电话3"":"""",""来源Sheet"":""中央国家行政机关（本级）""}}"
"government_jobs","国家公务员2024招考简章","公务员/事业单位技术岗位","北京市","2026-07-28T09:12:58.310295+00:00","十二处一级警长及以下","公安部","","北京市","公务员/事业单位;2024;computer_software;data_ai;硕士研究生及以上;与最高学历相对应的学位;0812计算机科学与技术、0835软件工程、1201管理科学与工程、1205信息资源管理;行政执法类","用人司局：机关司局十五
职位简介：主要从事数据分析等工作
专业要求：0812计算机科学与技术、0835软件工程、1201管理科学与工程、1205信息资源管理
学历要求：硕士研究生及以上
学位要求：与最高学历相对应的学位
政治面貌：中共党员或共青团员
基层工作经历：无限制
考试类别：行政执法类
备注：1.咨询电话：010-51842808。2.职位要求专业为报考者最高学历对应专业。3.非应届高校毕业生应为具有2年以上工作经历的国有企事业单位在职人员。4.工作强度大、任务重，限男性。5.按照招录人民警察要求开展体能测评。6.符合公安部网站补充公告有关要求。","https://www.xuanhan.gov.cn/xxgk-show-77635.html#109000-200130115010","2023-10-15","{""dataset_year"":2024,""job_uid"":""GOV-2024-109000-200130115010"",""publisher"":""国家公务员局"",""publication_page"":""https://www.xuanhan.gov.cn/xxgk-show-77635.html"",""attachment_url"":""https://www.xuanhan.gov.cn/uploadfile/1/Attachment/638fdecf51.zip"",""local_source_file"":""中央机关及其直属机构2024年度考试录用公务员招考简章.xls"",""local_source_sha256"":""a1741b99dbecd6d03e533f99f2d69b0fa5a79733e551b80af69986ceed2ad996"",""source_sheet"":""中央国家行政机关（本级）"",""filter_version"":""government_tech_v2"",""tech_filter"":{""is_tech"":true,""is_core_tech"":true,""scope"":""core"",""categories"":[""computer_software"",""data_ai""],""matched_fields"":[""major"",""description""],""major_terms"":[""计算机科学与技术"",""软件工程""],""role_terms"":[""数据分析""],""reason"":""tech_major_and_role""},""original"":{""部门代码"":""109000"",""部门名称"":""公安部"",""用人司局"":""机关司局十五"",""机构性质"":""中央国家行政机关（本级）"",""招考职位"":""十二处一级警长及以下"",""职位属性"":""公安机关人民警察职位"",""职位分布"":""其他职位"",""职位简介"":""主要从事数据分析等工作"",""职位代码"":""200130115010"",""机构层级"":""中央"",""考试类别"":""行政执法类"",""招考人数"":""1"",""专业"":""0812计算机科学与技术、0835软件工程、1201管理科学与工程、1205信息资源管理"",""学历"":""硕士研究生及以上"",""学位"":""与最高学历相对应的学位"",""政治面貌"":""中共党员或共青团员"",""基层工作最低年限"":""无限制"",""服务基层项目工作经历"":""无限制"",""是否在面试阶段组织专业能力测试"":""否"",""面试人员比例"":""4:1"",""工作地点"":""北京市"",""落户地点"":""北京市"",""备注"":""1.咨询电话：010-51842808。2.职位要求专业为报考者最高学历对应专业。3.非应届高校毕业生应为具有2年以上工作经历的国有企事业单位在职人员。4.工作强度大、任务重，限男性。5.按照招录人民警察要求开展体能测评。6.符合公安部网站补充公告有关要求。"",""部门网站"":""http://www.mps.gov.cn/"",""咨询电话1"":""010-66261515"",""咨询电话2"":"""",""咨询电话3"":"""",""来源Sheet"":""中央国家行政机关（本级）""}}"
"government_jobs","国家公务员2024招考简章","公务员/事业单位技术岗位","北京市","2026-07-28T09:12:58.310295+00:00","二处警务技术一级主管及以下","公安部","","北京市","公务员/事业单位;2024;computer_software;cybersecurity_cryptography;electronics_communication;仅限硕士研究生;硕士;0839网络空间安全、0810信息与通信工程（安全方向）、0812计算机科学与技术（安全方向）;中央机关及其省级直属机构综合管理类","用人司局：机关司局二十七
职位简介：主要从事网络和数据安全管理、监测、防护等工作
专业要求：0839网络空间安全、0810信息与通信工程（安全方向）、0812计算机科学与技术（安全方向）
学历要求：仅限硕士研究生
学位要求：硕士
政治面貌：中共党员
基层工作经历：无限制
考试类别：中央机关及其省级直属机构综合管理类
备注：1.咨询电话：010-66262677、66266691。2.职位要求专业为报考者最高学历对应专业。3.非应届高校毕业生应为具有2年以上工作经历的国有企事业单位在职人员。4.工作强度大、任务重，限男性。5.按照招录人民警察要求开展体能测评，按照招录人民警察要求开展体能测评，免测1000米/800米跑。6.符合公安部网站补充公告有关要求。","https://www.xuanhan.gov.cn/xxgk-show-77635.html#109000-200130127003","2023-10-15","{""dataset_year"":2024,""job_uid"":""GOV-2024-109000-200130127003"",""publisher"":""国家公务员局"",""publication_page"":""https://www.xuanhan.gov.cn/xxgk-show-77635.html"",""attachment_url"":""https://www.xuanhan.gov.cn/uploadfile/1/Attachment/638fdecf51.zip"",""local_source_file"":""中央机关及其直属机构2024年度考试录用公务员招考简章.xls"",""local_source_sha256"":""a1741b99dbecd6d03e533f99f2d69b0fa5a79733e551b80af69986ceed2ad996"",""source_sheet"":""中央国家行政机关（本级）"",""filter_version"":""government_tech_v2"",""tech_filter"":{""is_tech"":true,""is_core_tech"":true,""scope"":""core"",""categories"":[""computer_software"",""cybersecurity_cryptography"",""electronics_communication""],""matched_fields"":[""major"",""description""],""major_terms"":[""信息与通信工程"",""网络空间安全"",""计算机科学与技术"",""通信工程""],""role_terms"":[""数据安全""],""reason"":""tech_major_and_role""},""original"":{""部门代码"":""109000"",""部门名称"":""公安部"",""用人司局"":""机关司局二十七"",""机构性质"":""中央国家行政机关（本级）"",""招考职位"":""二处警务技术一级主管及以下"",""职位属性"":""公安机关人民警察职位"",""职位分布"":""其他职位"",""职位简介"":""主要从事网络和数据安全管理、监测、防护等工作"",""职位代码"":""200130127003"",""机构层级"":""中央"",""考试类别"":""中央机关及其省级直属机构综合管理类"",""招考人数"":""1"",""专业"":""0839网络空间安全、0810信息与通信工程（安全方向）、0812计算机科学与技术（安全方向）"",""学历"":""仅限硕士研究生"",""学位"":""硕士"",""政治面貌"":""中共党员"",""基层工作最低年限"":""无限制"",""服务基层项目工作经历"":""无限制"",""是否在面试阶段组织专业能力测试"":""否"",""面试人员比例"":""4:1"",""工作地点"":""北京市"",""落户地点"":""北京市"",""备注"":""1.咨询电话：010-66262677、66266691。2.职位要求专业为报考者最高学历对应专业。3.非应届高校毕业生应为具有2年以上工作经历的国有企事业单位在职人员。4.工作强度大、任务重，限男性。5.按照招录人民警察要求开展体能测评，按照招录人民警察要求开展体能测评，免测1000米/800米跑。6.符合公安部网站补充公告有关要求。"",""部门网站"":""http://www.mps.gov.cn/"",""咨询电话1"":""010-66261515"",""咨询电话2"":"""",""咨询电话3"":"""",""来源Sheet"":""中央国家行政机关（本级）""}}"
"government_jobs","国家公务员2024招考简章","公务员/事业单位技术岗位","北京市","2026-07-28T09:12:58.310295+00:00","五处警务技术一级主管及以下","公安部","","北京市","公务员/事业单位;2024;automation_robotics;computer_software;data_ai;electronics_communication;硕士研究生及以上;与最高学历相对应的学位;0809电子科学与技术类、0810信息与通信工程类、0812计算机科学与技术类、0835软件工程类;中央机关及其省级直属机构综合管理类","用人司局：机关司局二十七
职位简介：主要从事大数据智能化、移动信息化建设及管理等工作
专业要求：0809电子科学与技术类、0810信息与通信工程类、0812计算机科学与技术类、0835软件工程类
学历要求：硕士研究生及以上
学位要求：与最高学历相对应的学位
政治面貌：中共党员
基层工作经历：无限制
考试类别：中央机关及其省级直属机构综合管理类
备注：1.咨询电话：010-66266972、66266691。2.职位要求专业为报考者最高学历对应专业。3.非应届高校毕业生应为具有2年以上工作经历的国有企事业单位在职人员。4.工作强度大、任务重，限男性。5.按照招录人民警察要求开展体能测评，按照招录人民警察要求开展体能测评，免测1000米/800米跑。6.符合公安部网站补充公告有关要求。","https://www.xuanhan.gov.cn/xxgk-show-77635.html#109000-200130127006","2023-10-15","{""dataset_year"":2024,""job_uid"":""GOV-2024-109000-200130127006"",""publisher"":""国家公务员局"",""publication_page"":""https://www.xuanhan.gov.cn/xxgk-show-77635.html"",""attachment_url"":""https://www.xuanhan.gov.cn/uploadfile/1/Attachment/638fdecf51.zip"",""local_source_file"":""中央机关及其直属机构2024年度考试录用公务员招考简章.xls"",""local_source_sha256"":""a1741b99dbecd6d03e533f99f2d69b0fa5a79733e551b80af69986ceed2ad996"",""source_sheet"":""中央国家行政机关（本级）"",""filter_version"":""government_tech_v2"",""tech_filter"":{""is_tech"":true,""is_core_tech"":true,""scope"":""core"",""categories"":[""automation_robotics"",""computer_software"",""data_ai"",""electronics_communication""],""matched_fields"":[""major"",""description""],""major_terms"":[""信息与通信工程"",""电子科学与技术"",""计算机科学与技术"",""软件工程"",""通信工程""],""role_terms"":[""信息化"",""大数据"",""智能化""],""reason"":""tech_major_and_role""},""original"":{""部门代码"":""109000"",""部门名称"":""公安部"",""用人司局"":""机关司局二十七"",""机构性质"":""中央国家行政机关（本级）"",""招考职位"":""五处警务技术一级主管及以下"",""职位属性"":""公安机关人民警察职位"",""职位分布"":""其他职位"",""职位简介"":""主要从事大数据智能化、移动信息化建设及管理等工作"",""职位代码"":""200130127006"",""机构层级"":""中央"",""考试类别"":""中央机关及其省级直属机构综合管理类"",""招考人数"":""1"",""专业"":""0809电子科学与技术类、0810信息与通信工程类、0812计算机科学与技术类、0835软件工程类"",""学历"":""硕士研究生及以上"",""学位"":""与最高学历相对应的学位"",""政治面貌"":""中共党员"",""基层工作最低年限"":""无限制"",""服务基层项目工作经历"":""无限制"",""是否在面试阶段组织专业能力测试"":""否"",""面试人员比例"":""4:1"",""工作地点"":""北京市"",""落户地点"":""北京市"",""备注"":""1.咨询电话：010-66266972、66266691。2.职位要求专业为报考者最高学历对应专业。3.非应届高校毕业生应为具有2年以上工作经历的国有企事业单位在职人员。4.工作强度大、任务重，限男性。5.按照招录人民警察要求开展体能测评，按照招录人民警察要求开展体能测评，免测1000米/800米跑。6.符合公安部网站补充公告有关要求。"",""部门网站"":""http://www.mps.gov.cn/"",""咨询电话1"":""010-66261515"",""咨询电话2"":"""",""咨询电话3"":"""",""来源Sheet"":""中央国家行政机关（本级）""}}"
"government_jobs","国家公务员2024招考简章","公务员/事业单位技术岗位","北京市","2026-07-28T09:12:58.310295+00:00","七处警务技术一级主管及以下","公安部","","北京市","公务员/事业单位;2024;automation_robotics;computer_software;cybersecurity_cryptography;electronics_communication;硕士研究生及以上;与最高学历相对应的学位;0809电子科学与技术、0810信息与通信工程、0811控制科学与工程、0812计算机科学与技术、0835软件工程、0839网络空间安全、0854电子信息;中央机关及其省级直属机构综合管理类","用人司局：直属司局八
职位简介：主要从事案件现场勘查，视频与影像检验鉴定、图像检验分析、信息分析研判及相关技术研究，数据库技术应用，网络信息系统运行及安全管理工作
专业要求：0809电子科学与技术、0810信息与通信工程、0811控制科学与工程、0812计算机科学与技术、0835软件工程、0839网络空间安全、0854电子信息
学历要求：硕士研究生及以上
学位要求：与最高学历相对应的学位
政治面貌：中共党员或共青团员
基层工作经历：无限制
考试类别：中央机关及其省级直属机构综合管理类
备注：1.咨询电话：010-66269541。2.职位要求专业为报考者最高学历对应专业。3.非应届高校毕业生应为具有2年以上工作经历的国有企事业单位在职人员。4.工作强度大、任务重，限男性。5.按照招录人民警察要求开展体能测评，免测1000米/800米跑。6.符合公安部网站补充公告有关要求。","https://www.xuanhan.gov.cn/xxgk-show-77635.html#109000-400130208007","2023-10-15","{""dataset_year"":2024,""job_uid"":""GOV-2024-109000-400130208007"",""publisher"":""国家公务员局"",""publication_page"":""https://www.xuanhan.gov.cn/xxgk-show-77635.html"",""attachment_url"":""https://www.xuanhan.gov.cn/uploadfile/1/Attachment/638fdecf51.zip"",""local_source_file"":""中央机关及其直属机构2024年度考试录用公务员招考简章.xls"",""local_source_sha256"":""a1741b99dbecd6d03e533f99f2d69b0fa5a79733e551b80af69986ceed2ad996"",""source_sheet"":""中央国家行政机关参照公务员法管理事业单位"",""filter_version"":""government_tech_v2"",""tech_filter"":{""is_tech"":true,""is_core_tech"":true,""scope"":""core"",""categories"":[""automation_robotics"",""computer_software"",""cybersecurity_cryptography"",""electronics_communication""],""matched_fields"":[""major"",""description""],""major_terms"":[""信息与通信工程"",""控制科学与工程"",""电子信息"",""电子科学与技术"",""网络空间安全"",""计算机科学与技术"",""软件工程"",""通信工程""],""role_terms"":[""信息系统"",""数据库""],""reason"":""tech_major_and_role""},""original"":{""部门代码"":""109000"",""部门名称"":""公安部"",""用人司局"":""直属司局八"",""机构性质"":""中央国家行政机关参照公务员法管理事业单位"",""招考职位"":""七处警务技术一级主管及以下"",""职位属性"":""公安机关人民警察职位"",""职位分布"":""其他职位"",""职位简介"":""主要从事案件现场勘查，视频与影像检验鉴定、图像检验分析、信息分析研判及相关技术研究，数据库技术应用，网络信息系统运行及安全管理工作"",""职位代码"":""400130208007"",""机构层级"":""中央"",""考试类别"":""中央机关及其省级直属机构综合管理类"",""招考人数"":""4"",""专业"":""0809电子科学与技术、0810信息与通信工程、0811控制科学与工程、0812计算机科学与技术、0835软件工程、0839网络空间安全、0854电子信息"",""学历"":""硕士研究生及以上"",""学位"":""与最高学历相对应的学位"",""政治面貌"":""中共党员或共青团员"",""基层工作最低年限"":""无限制"",""服务基层项目工作经历"":""无限制"",""是否在面试阶段组织专业能力测试"":""否"",""面试人员比例"":""4:1"",""工作地点"":""北京市"",""落户地点"":""北京市"",""备注"":""1.咨询电话：010-66269541。2.职位要求专业为报考者最高学历对应专业。3.非应届高校毕业生应为具有2年以上工作经历的国有企事业单位在职人员。4.工作强度大、任务重，限男性。5.按照招录人民警察要求开展体能测评，免测1000米/800米跑。6.符合公安部网站补充公告有关要求。"",""部门网站"":""http://www.mps.gov.cn/"",""咨询电话1"":""010-66261515"",""咨询电话2"":"""",""咨询电话3"":"""",""来源Sheet"":""中央国家行政机关参照公务员法管理事业单位""}}"
"government_jobs","国家公务员2024招考简章","公务员/事业单位技术岗位","北京市","2026-07-28T09:12:58.310295+00:00","二十处警务技术一级主管及以下","公安部","","北京市","公务员/事业单位;2024;automation_robotics;computer_software;cybersecurity_cryptography;data_ai;electronics_communication;仅限博士研究生;博士;070104应用数学、0809电子科学与技术、0810信息与通信工程、0811控制科学与工程、0812计算机科学与技术、0835软件工程、0839网络空间安全、0854电子信息;中央机关及其省级直属机构综合管理类","用人司局：直属司局八
职位简介：主要从事电子物证检验鉴定和技术研究，案件现场勘查，数据分析研判，数据库技术应用等工作
专业要求：070104应用数学、0809电子科学与技术、0810信息与通信工程、0811控制科学与工程、0812计算机科学与技术、0835软件工程、0839网络空间安全、0854电子信息
学历要求：仅限博士研究生
学位要求：博士
政治面貌：中共党员或共青团员
基层工作经历：无限制
考试类别：中央机关及其省级直属机构综合管理类
备注：1.咨询电话：010-66269541。2.职位要求专业为报考者最高学历对应专业。3.非应届高校毕业生应为具有2年以上工作经历的国有企事业单位在职人员。4.工作强度大、任务重，限男性。5.按照招录人民警察要求开展体能测评，免测1000米/800米跑。6.符合公安部网站补充公告有关要求。","https://www.xuanhan.gov.cn/xxgk-show-77635.html#109000-400130208008","2023-10-15","{""dataset_year"":2024,""job_uid"":""GOV-2024-109000-400130208008"",""publisher"":""国家公务员局"",""publication_page"":""https://www.xuanhan.gov.cn/xxgk-show-77635.html"",""attachment_url"":""https://www.xuanhan.gov.cn/uploadfile/1/Attachment/638fdecf51.zip"",""local_source_file"":""中央机关及其直属机构2024年度考试录用公务员招考简章.xls"",""local_source_sha256"":""a1741b99dbecd6d03e533f99f2d69b0fa5a79733e551b80af69986ceed2ad996"",""source_sheet"":""中央国家行政机关参照公务员法管理事业单位"",""filter_version"":""government_tech_v2"",""tech_filter"":{""is_tech"":true,""is_core_tech"":true,""scope"":""core"",""categories"":[""automation_robotics"",""computer_software"",""cybersecurity_cryptography"",""data_ai"",""electronics_communication""],""matched_fields"":[""major"",""description""],""major_terms"":[""信息与通信工程"",""控制科学与工程"",""电子信息"",""电子科学与技术"",""网络空间安全"",""计算机科学与技术"",""软件工程"",""通信工程""],""role_terms"":[""数据分析"",""数据库""],""reason"":""tech_major_and_role""},""original"":{""部门代码"":""109000"",""部门名称"":""公安部"",""用人司局"":""直属司局八"",""机构性质"":""中央国家行政机关参照公务员法管理事业单位"",""招考职位"":""二十处警务技术一级主管及以下"",""职位属性"":""公安机关人民警察职位"",""职位分布"":""其他职位"",""职位简介"":""主要从事电子物证检验鉴定和技术研究，案件现场勘查，数据分析研判，数据库技术应用等工作"",""职位代码"":""400130208008"",""机构层级"":""中央"",""考试类别"":""中央机关及其省级直属机构综合管理类"",""招考人数"":""2"",""专业"":""070104应用数学、0809电子科学与技术、0810信息与通信工程、0811控制科学与工程、0812计算机科学与技术、0835软件工程、0839网络空间安全、0854电子信息"",""学历"":""仅限博士研究生"",""学位"":""博士"",""政治面貌"":""中共党员或共青团员"",""基层工作最低年限"":""无限制"",""服务基层项目工作经历"":""无限制"",""是否在面试阶段组织专业能力测试"":""否"",""面试人员比例"":""4:1"",""工作地点"":""北京市"",""落户地点"":""北京市"",""备注"":""1.咨询电话：010-66269541。2.职位要求专业为报考者最高学历对应专业。3.非应届高校毕业生应为具有2年以上工作经历的国有企事业单位在职人员。4.工作强度大、任务重，限男性。5.按照招录人民警察要求开展体能测评，免测1000米/800米跑。6.符合公安部网站补充公告有关要求。"",""部门网站"":""http://www.mps.gov.cn/"",""咨询电话1"":""010-66261515"",""咨询电话2"":"""",""咨询电话3"":"""",""来源Sheet"":""中央国家行政机关参照公务员法管理事业单位""}}"
"government_jobs","国家公务员2024招考简章","公务员/事业单位技术岗位","北京市","2026-07-28T09:12:58.310295+00:00","三十一处一级主任科员及以下","公安部","","北京市","公务员/事业单位;2024;computer_software;硕士研究生及以上;与最高学历相对应的学位;0812计算机科学与技术、1257审计;中央机关及其省级直属机构综合管理类","用人司局：直属司局八
职位简介：主要从事对财务报表、内部控制程序、采购业务等进行审核，信息化审计工作
专业要求：0812计算机科学与技术、1257审计
学历要求：硕士研究生及以上
学位要求：与最高学历相对应的学位
政治面貌：中共党员或共青团员
基层工作经历：无限制
考试类别：中央机关及其省级直属机构综合管理类
备注：1.咨询电话：010-66269541。2.职位要求专业为报考者最高学历对应专业。3.非应届高校毕业生应为具有2年以上工作经历的国有企事业单位在职人员。4.工作强度大、任务重，限男性。5.按照招录人民警察要求开展体能测评。6.符合公安部网站补充公告有关要求。","https://www.xuanhan.gov.cn/xxgk-show-77635.html#109000-400130208011","2023-10-15","{""dataset_year"":2024,""job_uid"":""GOV-2024-109000-400130208011"",""publisher"":""国家公务员局"",""publication_page"":""https://www.xuanhan.gov.cn/xxgk-show-77635.html"",""attachment_url"":""https://www.xuanhan.gov.cn/uploadfile/1/Attachment/638fdecf51.zip"",""local_source_file"":""中央机关及其直属机构2024年度考试录用公务员招考简章.xls"",""local_source_sha256"":""a1741b99dbecd6d03e533f99f2d69b0fa5a79733e551b80af69986ceed2ad996"",""source_sheet"":""中央国家行政机关参照公务员法管理事业单位"",""filter_version"":""government_tech_v2"",""tech_filter"":{""is_tech"":true,""is_core_tech"":true,""scope"":""core"",""categories"":[""computer_software""],""matched_fields"":[""major"",""description""],""major_terms"":[""计算机科学与技术""],""role_terms"":[""信息化""],""reason"":""tech_major_and_role""},""original"":{""部门代码"":""109000"",""部门名称"":""公安部"",""用人司局"":""直属司局八"",""机构性质"":""中央国家行政机关参照公务员法管理事业单位"",""招考职位"":""三十一处一级主任科员及以下"",""职位属性"":""公安机关人民警察职位"",""职位分布"":""其他职位"",""职位简介"":""主要从事对财务报表、内部控制程序、采购业务等进行审核，信息化审计工作"",""职位代码"":""400130208011"",""机构层级"":""中央"",""考试类别"":""中央机关及其省级直属机构综合管理类"",""招考人数"":""1"",""专业"":""0812计算机科学与技术、1257审计"",""学历"":""硕士研究生及以上"",""学位"":""与最高学历相对应的学位"",""政治面貌"":""中共党员或共青团员"",""基层工作最低年限"":""无限制"",""服务基层项目工作经历"":""无限制"",""是否在面试阶段组织专业能力测试"":""否"",""面试人员比例"":""4:1"",""工作地点"":""北京市"",""落户地点"":""北京市"",""备注"":""1.咨询电话：010-66269541。2.职位要求专业为报考者最高学历对应专业。3.非应届高校毕业生应为具有2年以上工作经历的国有企事业单位在职人员。4.工作强度大、任务重，限男性。5.按照招录人民警察要求开展体能测评。6.符合公安部网站补充公告有关要求。"",""部门网站"":""http://www.mps.gov.cn/"",""咨询电话1"":""010-66261515"",""咨询电话2"":"""",""咨询电话3"":"""",""来源Sheet"":""中央国家行政机关参照公务员法管理事业单位""}}"
"government_jobs","国家公务员2024招考简章","公务员/事业单位技术岗位","吉林省长春市农安县","2026-07-28T09:12:58.310295+00:00","长春铁路公安处基层所队民警","沈阳铁路公安局","","吉林省长春市农安县","公务员/事业单位;2024;computer_software;cybersecurity_cryptography;本科及以上;与最高学历相对应的学位;大学本科：0301法学类、030301社会学、030302社会工作、1305设计学类、080901计算机科学与技术、080902软件工程、050209朝鲜语、130309播音与主持艺术；研究生：0301法学;行政执法类","用人司局：沈阳铁路公安局
职位简介：主要从事车站治安管理、网络安全管理等工作
专业要求：大学本科：0301法学类、030301社会学、030302社会工作、1305设计学类、080901计算机科学与技术、080902软件工程、050209朝鲜语、130309播音与主持艺术；研究生：0301法学
学历要求：本科及以上
学位要求：与最高学历相对应的学位
政治面貌：中共党员或共青团员
基层工作经历：无限制
考试类别：行政执法类
备注：1.咨询电话：024-62024898。2.职位要求专业为报考者最高学历对应专业。3.招考对象为2024届高校毕业生，吉林省生源。4.工作强度大、任务重，限男性。5.按照招录人民警察要求开展体能测评。6.符合公安部网站补充公告有关要求。7.服从处内二次分配。","https://www.xuanhan.gov.cn/xxgk-show-77635.html#109202-300130842011","2023-10-15","{""dataset_year"":2024,""job_uid"":""GOV-2024-109202-300130842011"",""publisher"":""国家公务员局"",""publication_page"":""https://www.xuanhan.gov.cn/xxgk-show-77635.html"",""attachment_url"":""https://www.xuanhan.gov.cn/uploadfile/1/Attachment/638fdecf51.zip"",""local_source_file"":""中央机关及其直属机构2024年度考试录用公务员招考简章.xls"",""local_source_sha256"":""a1741b99dbecd6d03e533f99f2d69b0fa5a79733e551b80af69986ceed2ad996"",""source_sheet"":""中央国家行政机关省级以下直属机构"",""filter_version"":""government_tech_v2"",""tech_filter"":{""is_tech"":true,""is_core_tech"":true,""scope"":""core"",""categories"":[""computer_software"",""cybersecurity_cryptography""],""matched_fields"":[""major"",""description""],""major_terms"":[""计算机科学与技术"",""软件工程""],""role_terms"":[""网络安全""],""reason"":""tech_major_and_role""},""original"":{""部门代码"":""109202"",""部门名称"":""沈阳铁路公安局"",""用人司局"":""沈阳铁路公安局"",""机构性质"":""中央国家行政机关省级以下直属机构"",""招考职位"":""长春铁路公安处基层所队民警"",""职位属性"":""公安机关人民警察职位"",""职位分布"":""西部地区和艰苦边远地区职位"",""职位简介"":""主要从事车站治安管理、网络安全管理等工作"",""职位代码"":""300130842011"",""机构层级"":""市（地）级"",""考试类别"":""行政执法类"",""招考人数"":""8"",""专业"":""大学本科：0301法学类、030301社会学、030302社会工作、1305设计学类、080901计算机科学与技术、080902软件工程、050209朝鲜语、130309播音与主持艺术；研究生：0301法学"",""学历"":""本科及以上"",""学位"":""与最高学历相对应的学位"",""政治面貌"":""中共党员或共青团员"",""基层工作最低年限"":""无限制"",""服务基层项目工作经历"":""无限制"",""是否在面试阶段组织专业能力测试"":""否"",""面试人员比例"":""3:1"",""工作地点"":""吉林省长春市农安县"",""落户地点"":""吉林省长春市"",""备注"":""1.咨询电话：024-62024898。2.职位要求专业为报考者最高学历对应专业。3.招考对象为2024届高校毕业生，吉林省生源。4.工作强度大、任务重，限男性。5.按照招录人民警察要求开展体能测评。6.符合公安部网站补充公告有关要求。7.服从处内二次分配。"",""部门网站"":""无"",""咨询电话1"":""024-62024898"",""咨询电话2"":"""",""咨询电话3"":"""",""来源Sheet"":""中央国家行政机关省级以下直属机构""}}"
"government_jobs","国家公务员2024招考简章","公务员/事业单位技术岗位","吉林省长春市公主岭市","2026-07-28T09:12:58.310295+00:00","长春铁路公安处基层所队民警","沈阳铁路公安局","","吉林省长春市公主岭市","公务员/事业单位;2024;computer_software;cybersecurity_cryptography;本科及以上;与最高学历相对应的学位;大学本科：0301法学类、030301社会学、030302社会工作、0302政治学类、080901计算机科学与技术、080911TK网络空间安全、080914TK保密技术、080902软件工程；研究生：0301法学;行政执法类","用人司局：沈阳铁路公安局
职位简介：主要从事车站治安管理、网络安全管理等工作
专业要求：大学本科：0301法学类、030301社会学、030302社会工作、0302政治学类、080901计算机科学与技术、080911TK网络空间安全、080914TK保密技术、080902软件工程；研究生：0301法学
学历要求：本科及以上
学位要求：与最高学历相对应的学位
政治面貌：中共党员或共青团员
基层工作经历：无限制
考试类别：行政执法类
备注：1.咨询电话：024-62024898。2.职位要求专业为报考者最高学历对应专业。3.招考对象为2024届高校毕业生。4.工作强度大、任务重，限男性。5.按照招录人民警察要求开展体能测评。6.符合公安部网站补充公告有关要求。7.服从处内二次分配。","https://www.xuanhan.gov.cn/xxgk-show-77635.html#109202-300130842012","2023-10-15","{""dataset_year"":2024,""job_uid"":""GOV-2024-109202-300130842012"",""publisher"":""国家公务员局"",""publication_page"":""https://www.xuanhan.gov.cn/xxgk-show-77635.html"",""attachment_url"":""https://www.xuanhan.gov.cn/uploadfile/1/Attachment/638fdecf51.zip"",""local_source_file"":""中央机关及其直属机构2024年度考试录用公务员招考简章.xls"",""local_source_sha256"":""a1741b99dbecd6d03e533f99f2d69b0fa5a79733e551b80af69986ceed2ad996"",""source_sheet"":""中央国家行政机关省级以下直属机构"",""filter_version"":""government_tech_v2"",""tech_filter"":{""is_tech"":true,""is_core_tech"":true,""scope"":""core"",""categories"":[""computer_software"",""cybersecurity_cryptography""],""matched_fields"":[""major"",""description""],""major_terms"":[""保密技术"",""网络空间安全"",""计算机科学与技术"",""软件工程""],""role_terms"":[""网络安全""],""reason"":""tech_major_and_role""},""original"":{""部门代码"":""109202"",""部门名称"":""沈阳铁路公安局"",""用人司局"":""沈阳铁路公安局"",""机构性质"":""中央国家行政机关省级以下直属机构"",""招考职位"":""长春铁路公安处基层所队民警"",""职位属性"":""公安机关人民警察职位"",""职位分布"":""西部地区和艰苦边远地区职位"",""职位简介"":""主要从事车站治安管理、网络安全管理等工作"",""职位代码"":""300130842012"",""机构层级"":""市（地）级"",""考试类别"":""行政执法类"",""招考人数"":""7"",""专业"":""大学本科：0301法学类、030301社会学、030302社会工作、0302政治学类、080901计算机科学与技术、080911TK网络空间安全、080914TK保密技术、080902软件工程；研究生：0301法学"",""学历"":""本科及以上"",""学位"":""与最高学历相对应的学位"",""政治面貌"":""中共党员或共青团员"",""基层工作最低年限"":""无限制"",""服务基层项目工作经历"":""无限制"",""是否在面试阶段组织专业能力测试"":""否"",""面试人员比例"":""3:1"",""工作地点"":""吉林省长春市公主岭市"",""落户地点"":""吉林省长春市"",""备注"":""1.咨询电话：024-62024898。2.职位要求专业为报考者最高学历对应专业。3.招考对象为2024届高校毕业生。4.工作强度大、任务重，限男性。5.按照招录人民警察要求开展体能测评。6.符合公安部网站补充公告有关要求。7.服从处内二次分配。"",""部门网站"":""无"",""咨询电话1"":""024-62024898"",""咨询电话2"":"""",""咨询电话3"":"""",""来源Sheet"":""中央国家行政机关省级以下直属机构""}}"
"government_jobs","国家公务员2024招考简章","公务员/事业单位技术岗位","吉林省四平市","2026-07-28T09:12:58.310295+00:00","长春铁路公安处基层所队民警","沈阳铁路公安局","","吉林省四平市","公务员/事业单位;2024;computer_software;本科及以上;与最高学历相对应的学位;大学本科：0301法学类、080902软件工程、050261翻译；研究生：0301法学;行政执法类","用人司局：沈阳铁路公安局
职位简介：主要从事车站治安管理、计算机维护等工作
专业要求：大学本科：0301法学类、080902软件工程、050261翻译；研究生：0301法学
学历要求：本科及以上
学位要求：与最高学历相对应的学位
政治面貌：中共党员或共青团员
基层工作经历：无限制
考试类别：行政执法类
备注：1.咨询电话：024-62024898。2.职位要求专业为报考者最高学历对应专业。3.招考对象为2024届高校毕业生。4.按照招录人民警察要求开展体能测评。5.符合公安部网站补充公告有关要求。","https://www.xuanhan.gov.cn/xxgk-show-77635.html#109202-300130842013","2023-10-15","{""dataset_year"":2024,""job_uid"":""GOV-2024-109202-300130842013"",""publisher"":""国家公务员局"",""publication_page"":""https://www.xuanhan.gov.cn/xxgk-show-77635.html"",""attachment_url"":""https://www.xuanhan.gov.cn/uploadfile/1/Attachment/638fdecf51.zip"",""local_source_file"":""中央机关及其直属机构2024年度考试录用公务员招考简章.xls"",""local_source_sha256"":""a1741b99dbecd6d03e533f99f2d69b0fa5a79733e551b80af69986ceed2ad996"",""source_sheet"":""中央国家行政机关省级以下直属机构"",""filter_version"":""government_tech_v2"",""tech_filter"":{""is_tech"":true,""is_core_tech"":true,""scope"":""core"",""categories"":[""computer_software""],""matched_fields"":[""major"",""description""],""major_terms"":[""软件工程""],""role_terms"":[""计算机""],""reason"":""tech_major_and_role""},""original"":{""部门代码"":""109202"",""部门名称"":""沈阳铁路公安局"",""用人司局"":""沈阳铁路公安局"",""机构性质"":""中央国家行政机关省级以下直属机构"",""招考职位"":""长春铁路公安处基层所队民警"",""职位属性"":""公安机关人民警察职位"",""职位分布"":""西部地区和艰苦边远地区职位"",""职位简介"":""主要从事车站治安管理、计算机维护等工作"",""职位代码"":""300130842013"",""机构层级"":""市（地）级"",""考试类别"":""行政执法类"",""招考人数"":""1"",""专业"":""大学本科：0301法学类、080902软件工程、050261翻译；研究生：0301法学"",""学历"":""本科及以上"",""学位"":""与最高学历相对应的学位"",""政治面貌"":""中共党员或共青团员"",""基层工作最低年限"":""无限制"",""服务基层项目工作经历"":""无限制"",""是否在面试阶段组织专业能力测试"":""否"",""面试人员比例"":""3:1"",""工作地点"":""吉林省四平市"",""落户地点"":""吉林省长春市"",""备注"":""1.咨询电话：024-62024898。2.职位要求专业为报考者最高学历对应专业。3.招考对象为2024届高校毕业生。4.按照招录人民警察要求开展体能测评。5.符合公安部网站补充公告有关要求。"",""部门网站"":""无"",""咨询电话1"":""024-62024898"",""咨询电话2"":"""",""咨询电话3"":"""",""来源Sheet"":""中央国家行政机关省级以下直属机构""}}"
"government_jobs","国家公务员2024招考简章","公务员/事业单位技术岗位","吉林省延边朝鲜族自治州和龙市","2026-07-28T09:12:58.310295+00:00","延边铁路公安处基层所队民警","沈阳铁路公安局","","吉林省延边朝鲜族自治州和龙市","公务员/事业单位;2024;computer_software;cybersecurity_cryptography;本科及以上;与最高学历相对应的学位;大学本科：080911TK网络空间安全、080914TK保密技术；研究生：0301法学;行政执法类","用人司局：沈阳铁路公安局
职位简介：主要从事车站治安管理、网络安全管理等工作
专业要求：大学本科：080911TK网络空间安全、080914TK保密技术；研究生：0301法学
学历要求：本科及以上
学位要求：与最高学历相对应的学位
政治面貌：中共党员或共青团员
基层工作经历：无限制
考试类别：行政执法类
备注：1.咨询电话：024-62024898。2.职位要求专业为报考者最高学历对应专业。3.招考对象为2024届高校毕业生。4.按照招录人民警察要求开展体能测评。5.符合公安部网站补充公告有关要求。","https://www.xuanhan.gov.cn/xxgk-show-77635.html#109202-300130842020","2023-10-15","{""dataset_year"":2024,""job_uid"":""GOV-2024-109202-300130842020"",""publisher"":""国家公务员局"",""publication_page"":""https://www.xuanhan.gov.cn/xxgk-show-77635.html"",""attachment_url"":""https://www.xuanhan.gov.cn/uploadfile/1/Attachment/638fdecf51.zip"",""local_source_file"":""中央机关及其直属机构2024年度考试录用公务员招考简章.xls"",""local_source_sha256"":""a1741b99dbecd6d03e533f99f2d69b0fa5a79733e551b80af69986ceed2ad996"",""source_sheet"":""中央国家行政机关省级以下直属机构"",""filter_version"":""government_tech_v2"",""tech_filter"":{""is_tech"":true,""is_core_tech"":true,""scope"":""core"",""categories"":[""computer_software"",""cybersecurity_cryptography""],""matched_fields"":[""major"",""description""],""major_terms"":[""保密技术"",""网络空间安全""],""role_terms"":[""网络安全""],""reason"":""tech_major_and_role""},""original"":{""部门代码"":""109202"",""部门名称"":""沈阳铁路公安局"",""用人司局"":""沈阳铁路公安局"",""机构性质"":""中央国家行政机关省级以下直属机构"",""招考职位"":""延边铁路公安处基层所队民警"",""职位属性"":""公安机关人民警察职位"",""职位分布"":""西部地区和艰苦边远地区职位"",""职位简介"":""主要从事车站治安管理、网络安全管理等工作"",""职位代码"":""300130842020"",""机构层级"":""市（地）级"",""考试类别"":""行政执法类"",""招考人数"":""1"",""专业"":""大学本科：080911TK网络空间安全、080914TK保密技术；研究生：0301法学"",""学历"":""本科及以上"",""学位"":""与最高学历相对应的学位"",""政治面貌"":""中共党员或共青团员"",""基层工作最低年限"":""无限制"",""服务基层项目工作经历"":""无限制"",""是否在面试阶段组织专业能力测试"":""否"",""面试人员比例"":""3:1"",""工作地点"":""吉林省延边朝鲜族自治州和龙市"",""落户地点"":""吉林省延边朝鲜族自治州延吉市"",""备注"":""1.咨询电话：024-62024898。2.职位要求专业为报考者最高学历对应专业。3.招考对象为2024届高校毕业生。4.按照招录人民警察要求开展体能测评。5.符合公安部网站补充公告有关要求。"",""部门网站"":""无"",""咨询电话1"":""024-62024898"",""咨询电话2"":"""",""咨询电话3"":"""",""来源Sheet"":""中央国家行政机关省级以下直属机构""}}"
"government_jobs","国家公务员2024招考简章","公务员/事业单位技术岗位","吉林省延边朝鲜族自治州汪清县","2026-07-28T09:12:58.310295+00:00","延边铁路公安处基层所队民警","沈阳铁路公安局","","吉林省延边朝鲜族自治州汪清县","公务员/事业单位;2024;computer_software;本科及以上;与最高学历相对应的学位;大学本科：080914TK保密技术、080902软件工程；研究生：0301法学;行政执法类","用人司局：沈阳铁路公安局
职位简介：主要从事车站治安管理、计算机维护等工作
专业要求：大学本科：080914TK保密技术、080902软件工程；研究生：0301法学
学历要求：本科及以上
学位要求：与最高学历相对应的学位
政治面貌：中共党员或共青团员
基层工作经历：无限制
考试类别：行政执法类
备注：1.咨询电话：024-62024898。2.职位要求专业为报考者最高学历对应专业。3.招考对象为2024届高校毕业生，吉林省生源。4.按照招录人民警察要求开展体能测评。5.符合公安部网站补充公告有关要求。","https://www.xuanhan.gov.cn/xxgk-show-77635.html#109202-300130842024","2023-10-15","{""dataset_year"":2024,""job_uid"":""GOV-2024-109202-300130842024"",""publisher"":""国家公务员局"",""publication_page"":""https://www.xuanhan.gov.cn/xxgk-show-77635.html"",""attachment_url"":""https://www.xuanhan.gov.cn/uploadfile/1/Attachment/638fdecf51.zip"",""local_source_file"":""中央机关及其直属机构2024年度考试录用公务员招考简章.xls"",""local_source_sha256"":""a1741b99dbecd6d03e533f99f2d69b0fa5a79733e551b80af69986ceed2ad996"",""source_sheet"":""中央国家行政机关省级以下直属机构"",""filter_version"":""government_tech_v2"",""tech_filter"":{""is_tech"":true,""is_core_tech"":true,""scope"":""core"",""categories"":[""computer_software""],""matched_fields"":[""major"",""description""],""major_terms"":[""保密技术"",""软件工程""],""role_terms"":[""计算机""],""reason"":""tech_major_and_role""},""original"":{""部门代码"":""109202"",""部门名称"":""沈阳铁路公安局"",""用人司局"":""沈阳铁路公安局"",""机构性质"":""中央国家行政机关省级以下直属机构"",""招考职位"":""延边铁路公安处基层所队民警"",""职位属性"":""公安机关人民警察职位"",""职位分布"":""西部地区和艰苦边远地区职位"",""职位简介"":""主要从事车站治安管理、计算机维护等工作"",""职位代码"":""300130842024"",""机构层级"":""市（地）级"",""考试类别"":""行政执法类"",""招考人数"":""1"",""专业"":""大学本科：080914TK保密技术、080902软件工程；研究生：0301法学"",""学历"":""本科及以上"",""学位"":""与最高学历相对应的学位"",""政治面貌"":""中共党员或共青团员"",""基层工作最低年限"":""无限制"",""服务基层项目工作经历"":""无限制"",""是否在面试阶段组织专业能力测试"":""否"",""面试人员比例"":""3:1"",""工作地点"":""吉林省延边朝鲜族自治州汪清县"",""落户地点"":""吉林省延边朝鲜族自治州延吉市"",""备注"":""1.咨询电话：024-62024898。2.职位要求专业为报考者最高学历对应专业。3.招考对象为2024届高校毕业生，吉林省生源。4.按照招录人民警察要求开展体能测评。5.符合公安部网站补充公告有关要求。"",""部门网站"":""无"",""咨询电话1"":""024-62024898"",""咨询电话2"":"""",""咨询电话3"":"""",""来源Sheet"":""中央国家行政机关省级以下直属机构""}}"
"government_jobs","国家公务员2024招考简章","公务员/事业单位技术岗位","内蒙古自治区通辽市","2026-07-28T09:12:58.310295+00:00","通辽铁路公安处基层所队民警","沈阳铁路公安局","","内蒙古自治区通辽市","公务员/事业单位;2024;computer_software;本科及以上;与最高学历相对应的学位;大学本科：0301法学类、0809计算机类；研究生：0301法学;行政执法类","用人司局：沈阳铁路公安局
职位简介：主要从事车站治安管理、计算机维护等工作
专业要求：大学本科：0301法学类、0809计算机类；研究生：0301法学
学历要求：本科及以上
学位要求：与最高学历相对应的学位
政治面貌：中共党员或共青团员
基层工作经历：无限制
考试类别：行政执法类
备注：1.咨询电话：024-62024898。2.职位要求专业为报考者最高学历对应专业。3.招考对象为应届高校毕业生，内蒙古自治区生源。4.按照招录人民警察要求开展体能测评。5.符合公安部网站补充公告有关要求。","https://www.xuanhan.gov.cn/xxgk-show-77635.html#109202-300130842027","2023-10-15","{""dataset_year"":2024,""job_uid"":""GOV-2024-109202-300130842027"",""publisher"":""国家公务员局"",""publication_page"":""https://www.xuanhan.gov.cn/xxgk-show-77635.html"",""attachment_url"":""https://www.xuanhan.gov.cn/uploadfile/1/Attachment/638fdecf51.zip"",""local_source_file"":""中央机关及其直属机构2024年度考试录用公务员招考简章.xls"",""local_source_sha256"":""a1741b99dbecd6d03e533f99f2d69b0fa5a79733e551b80af69986ceed2ad996"",""source_sheet"":""中央国家行政机关省级以下直属机构"",""filter_version"":""government_tech_v2"",""tech_filter"":{""is_tech"":true,""is_core_tech"":true,""scope"":""core"",""categories"":[""computer_software""],""matched_fields"":[""major"",""description""],""major_terms"":[""计算机类""],""role_terms"":[""计算机""],""reason"":""tech_major_and_role""},""original"":{""部门代码"":""109202"",""部门名称"":""沈阳铁路公安局"",""用人司局"":""沈阳铁路公安局"",""机构性质"":""中央国家行政机关省级以下直属机构"",""招考职位"":""通辽铁路公安处基层所队民警"",""职位属性"":""公安机关人民警察职位"",""职位分布"":""西部地区和艰苦边远地区职位"",""职位简介"":""主要从事车站治安管理、计算机维护等工作"",""职位代码"":""300130842027"",""机构层级"":""市（地）级"",""考试类别"":""行政执法类"",""招考人数"":""1"",""专业"":""大学本科：0301法学类、0809计算机类；研究生：0301法学"",""学历"":""本科及以上"",""学位"":""与最高学历相对应的学位"",""政治面貌"":""中共党员或共青团员"",""基层工作最低年限"":""无限制"",""服务基层项目工作经历"":""无限制"",""是否在面试阶段组织专业能力测试"":""否"",""面试人员比例"":""3:1"",""工作地点"":""内蒙古自治区通辽市"",""落户地点"":""内蒙古自治区通辽市"",""备注"":""1.咨询电话：024-62024898。2.职位要求专业为报考者最高学历对应专业。3.招考对象为应届高校毕业生，内蒙古自治区生源。4.按照招录人民警察要求开展体能测评。5.符合公安部网站补充公告有关要求。"",""部门网站"":""无"",""咨询电话1"":""024-62024898"",""咨询电话2"":"""",""咨询电话3"":"""",""来源Sheet"":""中央国家行政机关省级以下直属机构""}}"
"government_jobs","国家公务员2024招考简章","公务员/事业单位技术岗位","湖北省","2026-07-28T09:12:58.310295+00:00","武汉铁路公安处基层所队民警","武汉铁路公安局","","湖北省","公务员/事业单位;2024;computer_software;cybersecurity_cryptography;electronics_communication;本科及以上;与最高学历相对应的学位;大学本科：0809计算机类；研究生：0810信息与通信工程;行政执法类","用人司局：武汉铁路公安局
职位简介：主要从事治安管理和网络安全管理等工作
专业要求：大学本科：0809计算机类；研究生：0810信息与通信工程
学历要求：本科及以上
学位要求：与最高学历相对应的学位
政治面貌：中共党员或共青团员
基层工作经历：无限制
考试类别：行政执法类
备注：1.咨询电话：0711-5076372。2.职位要求专业为报考者最高学历对应专业。3.招考对象为2024届高校毕业生。4.按照招录人民警察要求开展体能测评。5.符合公安部网站补充公告有关要求。6.服从处内二次分配。","https://www.xuanhan.gov.cn/xxgk-show-77635.html#109207-300130848004","2023-10-15","{""dataset_year"":2024,""job_uid"":""GOV-2024-109207-300130848004"",""publisher"":""国家公务员局"",""publication_page"":""https://www.xuanhan.gov.cn/xxgk-show-77635.html"",""attachment_url"":""https://www.xuanhan.gov.cn/uploadfile/1/Attachment/638fdecf51.zip"",""local_source_file"":""中央机关及其直属机构2024年度考试录用公务员招考简章.xls"",""local_source_sha256"":""a1741b99dbecd6d03e533f99f2d69b0fa5a79733e551b80af69986ceed2ad996"",""source_sheet"":""中央国家行政机关省级以下直属机构"",""filter_version"":""government_tech_v2"",""tech_filter"":{""is_tech"":true,""is_core_tech"":true,""scope"":""core"",""categories"":[""computer_software"",""cybersecurity_cryptography"",""electronics_communication""],""matched_fields"":[""major"",""description""],""major_terms"":[""信息与通信工程"",""计算机类"",""通信工程""],""role_terms"":[""网络安全""],""reason"":""tech_major_and_role""},""original"":{""部门代码"":""109207"",""部门名称"":""武汉铁路公安局"",""用人司局"":""武汉铁路公安局"",""机构性质"":""中央国家行政机关省级以下直属机构"",""招考职位"":""武汉铁路公安处基层所队民警"",""职位属性"":""公安机关人民警察职位"",""职位分布"":""其他职位"",""职位简介"":""主要从事治安管理和网络安全管理等工作"",""职位代码"":""300130848004"",""机构层级"":""市（地）级"",""考试类别"":""行政执法类"",""招考人数"":""4"",""专业"":""大学本科：0809计算机类；研究生：0810信息与通信工程"",""学历"":""本科及以上"",""学位"":""与最高学历相对应的学位"",""政治面貌"":""中共党员或共青团员"",""基层工作最低年限"":""无限制"",""服务基层项目工作经历"":""无限制"",""是否在面试阶段组织专业能力测试"":""否"",""面试人员比例"":""3:1"",""工作地点"":""湖北省"",""落户地点"":""湖北省武汉市"",""备注"":""1.咨询电话：0711-5076372。2.职位要求专业为报考者最高学历对应专业。3.招考对象为2024届高校毕业生。4.按照招录人民警察要求开展体能测评。5.符合公安部网站补充公告有关要求。6.服从处内二次分配。"",""部门网站"":""无"",""咨询电话1"":""0711-5076372"",""咨询电话2"":"""",""咨询电话3"":"""",""来源Sheet"":""中央国家行政机关省级以下直属机构""}}"
"government_jobs","国家公务员2024招考简章","公务员/事业单位技术岗位","湖北省","2026-07-28T09:12:58.310295+00:00","武汉铁路公安处基层所队民警","武汉铁路公安局","","湖北省","公务员/事业单位;2024;computer_software;cybersecurity_cryptography;electronics_communication;本科及以上;与最高学历相对应的学位;大学本科：0807电子信息类；研究生：0812计算机科学与技术;行政执法类","用人司局：武汉铁路公安局
职位简介：主要从事治安管理和网络安全管理工作
专业要求：大学本科：0807电子信息类；研究生：0812计算机科学与技术
学历要求：本科及以上
学位要求：与最高学历相对应的学位
政治面貌：中共党员或共青团员
基层工作经历：无限制
考试类别：行政执法类
备注：1.咨询电话：0711-5076372。2.职位要求专业为报考者最高学历对应专业。3.招考对象为2024届高校毕业生。4.工作强度大、任务重，限男性。5.按照招录人民警察要求开展体能测评。6.符合公安部网站补充公告有关要求。7.服从处内二次分配。","https://www.xuanhan.gov.cn/xxgk-show-77635.html#109207-300130848008","2023-10-15","{""dataset_year"":2024,""job_uid"":""GOV-2024-109207-300130848008"",""publisher"":""国家公务员局"",""publication_page"":""https://www.xuanhan.gov.cn/xxgk-show-77635.html"",""attachment_url"":""https://www.xuanhan.gov.cn/uploadfile/1/Attachment/638fdecf51.zip"",""local_source_file"":""中央机关及其直属机构2024年度考试录用公务员招考简章.xls"",""local_source_sha256"":""a1741b99dbecd6d03e533f99f2d69b0fa5a79733e551b80af69986ceed2ad996"",""source_sheet"":""中央国家行政机关省级以下直属机构"",""filter_version"":""government_tech_v2"",""tech_filter"":{""is_tech"":true,""is_core_tech"":true,""scope"":""core"",""categories"":[""computer_software"",""cybersecurity_cryptography"",""electronics_communication""],""matched_fields"":[""major"",""description""],""major_terms"":[""电子信息类"",""计算机科学与技术""],""role_terms"":[""网络安全""],""reason"":""tech_major_and_role""},""original"":{""部门代码"":""109207"",""部门名称"":""武汉铁路公安局"",""用人司局"":""武汉铁路公安局"",""机构性质"":""中央国家行政机关省级以下直属机构"",""招考职位"":""武汉铁路公安处基层所队民警"",""职位属性"":""公安机关人民警察职位"",""职位分布"":""其他职位"",""职位简介"":""主要从事治安管理和网络安全管理工作"",""职位代码"":""300130848008"",""机构层级"":""市（地）级"",""考试类别"":""行政执法类"",""招考人数"":""5"",""专业"":""大学本科：0807电子信息类；研究生：0812计算机科学与技术"",""学历"":""本科及以上"",""学位"":""与最高学历相对应的学位"",""政治面貌"":""中共党员或共青团员"",""基层工作最低年限"":""无限制"",""服务基层项目工作经历"":""无限制"",""是否在面试阶段组织专业能力测试"":""否"",""面试人员比例"":""3:1"",""工作地点"":""湖北省"",""落户地点"":""湖北省武汉市"",""备注"":""1.咨询电话：0711-5076372。2.职位要求专业为报考者最高学历对应专业。3.招考对象为2024届高校毕业生。4.工作强度大、任务重，限男性。5.按照招录人民警察要求开展体能测评。6.符合公安部网站补充公告有关要求。7.服从处内二次分配。"",""部门网站"":""无"",""咨询电话1"":""0711-5076372"",""咨询电话2"":"""",""咨询电话3"":"""",""来源Sheet"":""中央国家行政机关省级以下直属机构""}}"
"government_jobs","国家公务员2024招考简章","公务员/事业单位技术岗位","河南省","2026-07-28T09:12:58.310295+00:00","武汉铁路公安处基层所队民警","武汉铁路公安局","","河南省","公务员/事业单位;2024;computer_software;cybersecurity_cryptography;本科及以上;与最高学历相对应的学位;大学本科：08工学门类；研究生：0831生物医学工程、0835软件工程;行政执法类","用人司局：武汉铁路公安局
职位简介：主要从事治安管理、物证检验、网络安全管理工作
专业要求：大学本科：08工学门类；研究生：0831生物医学工程、0835软件工程
学历要求：本科及以上
学位要求：与最高学历相对应的学位
政治面貌：中共党员或共青团员
基层工作经历：无限制
考试类别：行政执法类
备注：1.咨询电话：0711-5076372。2.职位要求专业为报考者最高学历对应专业。3.招考对象为应届高校毕业生。4.工作强度大、任务重，限男性。5.按照招录人民警察要求开展体能测评。6.符合公安部网站补充公告有关要求。7.服从处内二次分配。","https://www.xuanhan.gov.cn/xxgk-show-77635.html#109207-300130848011","2023-10-15","{""dataset_year"":2024,""job_uid"":""GOV-2024-109207-300130848011"",""publisher"":""国家公务员局"",""publication_page"":""https://www.xuanhan.gov.cn/xxgk-show-77635.html"",""attachment_url"":""https://www.xuanhan.gov.cn/uploadfile/1/Attachment/638fdecf51.zip"",""local_source_file"":""中央机关及其直属机构2024年度考试录用公务员招考简章.xls"",""local_source_sha256"":""a1741b99dbecd6d03e533f99f2d69b0fa5a79733e551b80af69986ceed2ad996"",""source_sheet"":""中央国家行政机关省级以下直属机构"",""filter_version"":""government_tech_v2"",""tech_filter"":{""is_tech"":true,""is_core_tech"":true,""scope"":""core"",""categories"":[""computer_software"",""cybersecurity_cryptography""],""matched_fields"":[""major"",""description""],""major_terms"":[""软件工程""],""role_terms"":[""网络安全""],""reason"":""tech_major_and_role""},""original"":{""部门代码"":""109207"",""部门名称"":""武汉铁路公安局"",""用人司局"":""武汉铁路公安局"",""机构性质"":""中央国家行政机关省级以下直属机构"",""招考职位"":""武汉铁路公安处基层所队民警"",""职位属性"":""公安机关人民警察职位"",""职位分布"":""其他职位"",""职位简介"":""主要从事治安管理、物证检验、网络安全管理工作"",""职位代码"":""300130848011"",""机构层级"":""市（地）级"",""考试类别"":""行政执法类"",""招考人数"":""3"",""专业"":""大学本科：08工学门类；研究生：0831生物医学工程、0835软件工程"",""学历"":""本科及以上"",""学位"":""与最高学历相对应的学位"",""政治面貌"":""中共党员或共青团员"",""基层工作最低年限"":""无限制"",""服务基层项目工作经历"":""无限制"",""是否在面试阶段组织专业能力测试"":""否"",""面试人员比例"":""3:1"",""工作地点"":""河南省"",""落户地点"":""河南省平顶山市"",""备注"":""1.咨询电话：0711-5076372。2.职位要求专业为报考者最高学历对应专业。3.招考对象为应届高校毕业生。4.工作强度大、任务重，限男性。5.按照招录人民警察要求开展体能测评。6.符合公安部网站补充公告有关要求。7.服从处内二次分配。"",""部门网站"":""无"",""咨询电话1"":""0711-5076372"",""咨询电话2"":"""",""咨询电话3"":"""",""来源Sheet"":""中央国家行政机关省级以下直属机构""}}"
"government_jobs","国家公务员2024招考简章","公务员/事业单位技术岗位","湖北省","2026-07-28T09:12:58.310295+00:00","武汉铁路公安处基层所队民警","武汉铁路公安局","","湖北省","公务员/事业单位;2024;computer_software;cybersecurity_cryptography;electronics_communication;仅限硕士研究生;硕士;0810信息与通信工程、0812计算机科学与技术、0835软件工程、0839网络空间安全、0854电子信息;行政执法类","用人司局：武汉铁路公安局
职位简介：主要从事治安管理和网络安全管理工作
专业要求：0810信息与通信工程、0812计算机科学与技术、0835软件工程、0839网络空间安全、0854电子信息
学历要求：仅限硕士研究生
学位要求：硕士
政治面貌：中共党员或共青团员
基层工作经历：无限制
考试类别：行政执法类
备注：1.咨询电话：0711-5076372。2.职位要求专业为报考者最高学历对应专业。3.招考对象为2024届高校毕业生。4.工作强度大、任务重，限男性。5.按照招录人民警察要求开展体能测评。6.符合公安部网站补充公告有关要求。7.服从处内二次分配。","https://www.xuanhan.gov.cn/xxgk-show-77635.html#109207-300130848016","2023-10-15","{""dataset_year"":2024,""job_uid"":""GOV-2024-109207-300130848016"",""publisher"":""国家公务员局"",""publication_page"":""https://www.xuanhan.gov.cn/xxgk-show-77635.html"",""attachment_url"":""https://www.xuanhan.gov.cn/uploadfile/1/Attachment/638fdecf51.zip"",""local_source_file"":""中央机关及其直属机构2024年度考试录用公务员招考简章.xls"",""local_source_sha256"":""a1741b99dbecd6d03e533f99f2d69b0fa5a79733e551b80af69986ceed2ad996"",""source_sheet"":""中央国家行政机关省级以下直属机构"",""filter_version"":""government_tech_v2"",""tech_filter"":{""is_tech"":true,""is_core_tech"":true,""scope"":""core"",""categories"":[""computer_software"",""cybersecurity_cryptography"",""electronics_communication""],""matched_fields"":[""major"",""description""],""major_terms"":[""信息与通信工程"",""电子信息"",""网络空间安全"",""计算机科学与技术"",""软件工程"",""通信工程""],""role_terms"":[""网络安全""],""reason"":""tech_major_and_role""},""original"":{""部门代码"":""109207"",""部门名称"":""武汉铁路公安局"",""用人司局"":""武汉铁路公安局"",""机构性质"":""中央国家行政机关省级以下直属机构"",""招考职位"":""武汉铁路公安处基层所队民警"",""职位属性"":""公安机关人民警察职位"",""职位分布"":""其他职位"",""职位简介"":""主要从事治安管理和网络安全管理工作"",""职位代码"":""300130848016"",""机构层级"":""市（地）级"",""考试类别"":""行政执法类"",""招考人数"":""5"",""专业"":""0810信息与通信工程、0812计算机科学与技术、0835软件工程、0839网络空间安全、0854电子信息"",""学历"":""仅限硕士研究生"",""学位"":""硕士"",""政治面貌"":""中共党员或共青团员"",""基层工作最低年限"":""无限制"",""服务基层项目工作经历"":""无限制"",""是否在面试阶段组织专业能力测试"":""否"",""面试人员比例"":""3:1"",""工作地点"":""湖北省"",""落户地点"":""湖北省武汉市"",""备注"":""1.咨询电话：0711-5076372。2.职位要求专业为报考者最高学历对应专业。3.招考对象为2024届高校毕业生。4.工作强度大、任务重，限男性。5.按照招录人民警察要求开展体能测评。6.符合公安部网站补充公告有关要求。7.服从处内二次分配。"",""部门网站"":""无"",""咨询电话1"":""0711-5076372"",""咨询电话2"":"""",""咨询电话3"":"""",""来源Sheet"":""中央国家行政机关省级以下直属机构""}}"
"government_jobs","国家公务员2024招考简章","公务员/事业单位技术岗位","湖北省","2026-07-28T09:12:58.310295+00:00","武汉铁路公安处基层所队民警","武汉铁路公安局","","湖北省","公务员/事业单位;2024;computer_software;cybersecurity_cryptography;本科及以上;与最高学历相对应的学位;大学本科：0809计算机类；研究生：0812计算机科学与技术;行政执法类","用人司局：武汉铁路公安局
职位简介：主要从事治安管理和网络安全管理工作
专业要求：大学本科：0809计算机类；研究生：0812计算机科学与技术
学历要求：本科及以上
学位要求：与最高学历相对应的学位
政治面貌：中共党员或共青团员
基层工作经历：无限制
考试类别：行政执法类
备注：1.咨询电话：0711-5076372。2.职位要求专业为报考者最高学历对应专业。3.招考对象为2024届高校毕业生。4.工作强度大、任务重，限男性。5.按照招录人民警察要求开展体能测评。6.符合公安部网站补充公告有关要求。7.服从处内二次分配。","https://www.xuanhan.gov.cn/xxgk-show-77635.html#109207-300130848017","2023-10-15","{""dataset_year"":2024,""job_uid"":""GOV-2024-109207-300130848017"",""publisher"":""国家公务员局"",""publication_page"":""https://www.xuanhan.gov.cn/xxgk-show-77635.html"",""attachment_url"":""https://www.xuanhan.gov.cn/uploadfile/1/Attachment/638fdecf51.zip"",""local_source_file"":""中央机关及其直属机构2024年度考试录用公务员招考简章.xls"",""local_source_sha256"":""a1741b99dbecd6d03e533f99f2d69b0fa5a79733e551b80af69986ceed2ad996"",""source_sheet"":""中央国家行政机关省级以下直属机构"",""filter_version"":""government_tech_v2"",""tech_filter"":{""is_tech"":true,""is_core_tech"":true,""scope"":""core"",""categories"":[""computer_software"",""cybersecurity_cryptography""],""matched_fields"":[""major"",""description""],""major_terms"":[""计算机科学与技术"",""计算机类""],""role_terms"":[""网络安全""],""reason"":""tech_major_and_role""},""original"":{""部门代码"":""109207"",""部门名称"":""武汉铁路公安局"",""用人司局"":""武汉铁路公安局"",""机构性质"":""中央国家行政机关省级以下直属机构"",""招考职位"":""武汉铁路公安处基层所队民警"",""职位属性"":""公安机关人民警察职位"",""职位分布"":""其他职位"",""职位简介"":""主要从事治安管理和网络安全管理工作"",""职位代码"":""300130848017"",""机构层级"":""市（地）级"",""考试类别"":""行政执法类"",""招考人数"":""6"",""专业"":""大学本科：0809计算机类；研究生：0812计算机科学与技术"",""学历"":""本科及以上"",""学位"":""与最高学历相对应的学位"",""政治面貌"":""中共党员或共青团员"",""基层工作最低年限"":""无限制"",""服务基层项目工作经历"":""无限制"",""是否在面试阶段组织专业能力测试"":""否"",""面试人员比例"":""3:1"",""工作地点"":""湖北省"",""落户地点"":""湖北省武汉市"",""备注"":""1.咨询电话：0711-5076372。2.职位要求专业为报考者最高学历对应专业。3.招考对象为2024届高校毕业生。4.工作强度大、任务重，限男性。5.按照招录人民警察要求开展体能测评。6.符合公安部网站补充公告有关要求。7.服从处内二次分配。"",""部门网站"":""无"",""咨询电话1"":""0711-5076372"",""咨询电话2"":"""",""咨询电话3"":"""",""来源Sheet"":""中央国家行政机关省级以下直属机构""}}"
"government_jobs","国家公务员2024招考简章","公务员/事业单位技术岗位","湖北省","2026-07-28T09:12:58.310295+00:00","襄阳铁路公安处基层所队民警","武汉铁路公安局","","湖北省","公务员/事业单位;2024;computer_software;cybersecurity_cryptography;本科及以上;与最高学历相对应的学位;大学本科：0809计算机类；研究生：0812计算机科学与技术、0839网络空间安全、0835软件工程;行政执法类","用人司局：武汉铁路公安局
职位简介：主要从事治安管理和网络安全管理工作
专业要求：大学本科：0809计算机类；研究生：0812计算机科学与技术、0839网络空间安全、0835软件工程
学历要求：本科及以上
学位要求：与最高学历相对应的学位
政治面貌：中共党员或共青团员
基层工作经历：无限制
考试类别：行政执法类
备注：1.咨询电话：0711-5076372。2.职位要求专业为报考者最高学历对应专业。3.招考对象为2024届高校毕业生。4.工作强度大、任务重，限男性。5.按照招录人民警察要求开展体能测评。6.符合公安部网站补充公告有关要求。7.服从处内二次分配。","https://www.xuanhan.gov.cn/xxgk-show-77635.html#109207-300130848030","2023-10-15","{""dataset_year"":2024,""job_uid"":""GOV-2024-109207-300130848030"",""publisher"":""国家公务员局"",""publication_page"":""https://www.xuanhan.gov.cn/xxgk-show-77635.html"",""attachment_url"":""https://www.xuanhan.gov.cn/uploadfile/1/Attachment/638fdecf51.zip"",""local_source_file"":""中央机关及其直属机构2024年度考试录用公务员招考简章.xls"",""local_source_sha256"":""a1741b99dbecd6d03e533f99f2d69b0fa5a79733e551b80af69986ceed2ad996"",""source_sheet"":""中央国家行政机关省级以下直属机构"",""filter_version"":""government_tech_v2"",""tech_filter"":{""is_tech"":true,""is_core_tech"":true,""scope"":""core"",""categories"":[""computer_software"",""cybersecurity_cryptography""],""matched_fields"":[""major"",""description""],""major_terms"":[""网络空间安全"",""计算机科学与技术"",""计算机类"",""软件工程""],""role_terms"":[""网络安全""],""reason"":""tech_major_and_role""},""original"":{""部门代码"":""109207"",""部门名称"":""武汉铁路公安局"",""用人司局"":""武汉铁路公安局"",""机构性质"":""中央国家行政机关省级以下直属机构"",""招考职位"":""襄阳铁路公安处基层所队民警"",""职位属性"":""公安机关人民警察职位"",""职位分布"":""其他职位"",""职位简介"":""主要从事治安管理和网络安全管理工作"",""职位代码"":""300130848030"",""机构层级"":""市（地）级"",""考试类别"":""行政执法类"",""招考人数"":""5"",""专业"":""大学本科：0809计算机类；研究生：0812计算机科学与技术、0839网络空间安全、0835软件工程"",""学历"":""本科及以上"",""学位"":""与最高学历相对应的学位"",""政治面貌"":""中共党员或共青团员"",""基层工作最低年限"":""无限制"",""服务基层项目工作经历"":""无限制"",""是否在面试阶段组织专业能力测试"":""否"",""面试人员比例"":""3:1"",""工作地点"":""湖北省"",""落户地点"":""湖北省襄阳市"",""备注"":""1.咨询电话：0711-5076372。2.职位要求专业为报考者最高学历对应专业。3.招考对象为2024届高校毕业生。4.工作强度大、任务重，限男性。5.按照招录人民警察要求开展体能测评。6.符合公安部网站补充公告有关要求。7.服从处内二次分配。"",""部门网站"":""无"",""咨询电话1"":""0711-5076372"",""咨询电话2"":"""",""咨询电话3"":"""",""来源Sheet"":""中央国家行政机关省级以下直属机构""}}"
"government_jobs","国家公务员2024招考简章","公务员/事业单位技术岗位","湖南省张家界市","2026-07-28T09:12:58.310295+00:00","怀化铁路公安处基层所队民警","广州铁路公安局","","湖南省张家界市","公务员/事业单位;2024;computer_software;本科及以上;与最高学历相对应的学位;大学本科：0809计算机类；研究生：0835软件工程;行政执法类","用人司局：广州铁路公安局
职位简介：主要从事基层所队执法执勤及计算机相关工作
专业要求：大学本科：0809计算机类；研究生：0835软件工程
学历要求：本科及以上
学位要求：与最高学历相对应的学位
政治面貌：中共党员或共青团员
基层工作经历：无限制
考试类别：行政执法类
备注：1.咨询电话：020-61323488。2.职位要求专业为报考者最高学历对应专业。3.招考对象为应届高校毕业生。4.工作强度大、任务重，限男性。5.按照招录人民警察要求开展体能测评。6.符合公安部网站补充公告有关要求。7.服从处内二次分配。","https://www.xuanhan.gov.cn/xxgk-show-77635.html#109212-300130851013","2023-10-15","{""dataset_year"":2024,""job_uid"":""GOV-2024-109212-300130851013"",""publisher"":""国家公务员局"",""publication_page"":""https://www.xuanhan.gov.cn/xxgk-show-77635.html"",""attachment_url"":""https://www.xuanhan.gov.cn/uploadfile/1/Attachment/638fdecf51.zip"",""local_source_file"":""中央机关及其直属机构2024年度考试录用公务员招考简章.xls"",""local_source_sha256"":""a1741b99dbecd6d03e533f99f2d69b0fa5a79733e551b80af69986ceed2ad996"",""source_sheet"":""中央国家行政机关省级以下直属机构"",""filter_version"":""government_tech_v2"",""tech_filter"":{""is_tech"":true,""is_core_tech"":true,""scope"":""core"",""categories"":[""computer_software""],""matched_fields"":[""major"",""description""],""major_terms"":[""计算机类"",""软件工程""],""role_terms"":[""计算机""],""reason"":""tech_major_and_role""},""original"":{""部门代码"":""109212"",""部门名称"":""广州铁路公安局"",""用人司局"":""广州铁路公安局"",""机构性质"":""中央国家行政机关省级以下直属机构"",""招考职位"":""怀化铁路公安处基层所队民警"",""职位属性"":""公安机关人民警察职位"",""职位分布"":""其他职位"",""职位简介"":""主要从事基层所队执法执勤及计算机相关工作"",""职位代码"":""300130851013"",""机构层级"":""市（地）级"",""考试类别"":""行政执法类"",""招考人数"":""8"",""专业"":""大学本科：0809计算机类；研究生：0835软件工程"",""学历"":""本科及以上"",""学位"":""与最高学历相对应的学位"",""政治面貌"":""中共党员或共青团员"",""基层工作最低年限"":""无限制"",""服务基层项目工作经历"":""无限制"",""是否在面试阶段组织专业能力测试"":""否"",""面试人员比例"":""3:1"",""工作地点"":""湖南省张家界市"",""落户地点"":""湖南省怀化市"",""备注"":""1.咨询电话：020-61323488。2.职位要求专业为报考者最高学历对应专业。3.招考对象为应届高校毕业生。4.工作强度大、任务重，限男性。5.按照招录人民警察要求开展体能测评。6.符合公安部网站补充公告有关要求。7.服从处内二次分配。"",""部门网站"":""无"",""咨询电话1"":""020-61323488"",""咨询电话2"":"""",""咨询电话3"":"""",""来源Sheet"":""中央国家行政机关省级以下直属机构""}}"
"government_jobs","国家公务员2024招考简章","公务员/事业单位技术岗位","湖南省怀化市","2026-07-28T09:12:58.310295+00:00","怀化铁路公安处基层所队民警","广州铁路公安局","","湖南省怀化市","公务员/事业单位;2024;computer_software;electronics_communication;本科及以上;与最高学历相对应的学位;大学本科：0809计算机类、0807电子信息类；研究生：0809电子科学与技术;行政执法类","用人司局：广州铁路公安局
职位简介：主要从事基层所队执法执勤及计算机相关工作
专业要求：大学本科：0809计算机类、0807电子信息类；研究生：0809电子科学与技术
学历要求：本科及以上
学位要求：与最高学历相对应的学位
政治面貌：中共党员或共青团员
基层工作经历：无限制
考试类别：行政执法类
备注：1.咨询电话：020-61323488。2.职位要求专业为报考者最高学历对应专业。3.招考对象为应届高校毕业生。4.工作强度大、任务重，限男性。5.按照招录人民警察要求开展体能测评。6.符合公安部网站补充公告有关要求。7.服从处内二次分配。","https://www.xuanhan.gov.cn/xxgk-show-77635.html#109212-300130851014","2023-10-15","{""dataset_year"":2024,""job_uid"":""GOV-2024-109212-300130851014"",""publisher"":""国家公务员局"",""publication_page"":""https://www.xuanhan.gov.cn/xxgk-show-77635.html"",""attachment_url"":""https://www.xuanhan.gov.cn/uploadfile/1/Attachment/638fdecf51.zip"",""local_source_file"":""中央机关及其直属机构2024年度考试录用公务员招考简章.xls"",""local_source_sha256"":""a1741b99dbecd6d03e533f99f2d69b0fa5a79733e551b80af69986ceed2ad996"",""source_sheet"":""中央国家行政机关省级以下直属机构"",""filter_version"":""government_tech_v2"",""tech_filter"":{""is_tech"":true,""is_core_tech"":true,""scope"":""core"",""categories"":[""computer_software"",""electronics_communication""],""matched_fields"":[""major"",""description""],""major_terms"":[""电子信息类"",""电子科学与技术"",""计算机类""],""role_terms"":[""计算机""],""reason"":""tech_major_and_role""},""original"":{""部门代码"":""109212"",""部门名称"":""广州铁路公安局"",""用人司局"":""广州铁路公安局"",""机构性质"":""中央国家行政机关省级以下直属机构"",""招考职位"":""怀化铁路公安处基层所队民警"",""职位属性"":""公安机关人民警察职位"",""职位分布"":""其他职位"",""职位简介"":""主要从事基层所队执法执勤及计算机相关工作"",""职位代码"":""300130851014"",""机构层级"":""市（地）级"",""考试类别"":""行政执法类"",""招考人数"":""8"",""专业"":""大学本科：0809计算机类、0807电子信息类；研究生：0809电子科学与技术"",""学历"":""本科及以上"",""学位"":""与最高学历相对应的学位"",""政治面貌"":""中共党员或共青团员"",""基层工作最低年限"":""无限制"",""服务基层项目工作经历"":""无限制"",""是否在面试阶段组织专业能力测试"":""否"",""面试人员比例"":""3:1"",""工作地点"":""湖南省怀化市"",""落户地点"":""湖南省怀化市"",""备注"":""1.咨询电话：020-61323488。2.职位要求专业为报考者最高学历对应专业。3.招考对象为应届高校毕业生。4.工作强度大、任务重，限男性。5.按照招录人民警察要求开展体能测评。6.符合公安部网站补充公告有关要求。7.服从处内二次分配。"",""部门网站"":""无"",""咨询电话1"":""020-61323488"",""咨询电话2"":"""",""咨询电话3"":"""",""来源Sheet"":""中央国家行政机关省级以下直属机构""}}"
"government_jobs","国家公务员2024招考简章","公务员/事业单位技术岗位","湖南省湘西土家族苗族自治州吉首市","2026-07-28T09:12:58.310295+00:00","怀化铁路公安处基层所队民警","广州铁路公安局","","湖南省湘西土家族苗族自治州吉首市","公务员/事业单位;2024;computer_software;本科及以上;与最高学历相对应的学位;大学本科：0809计算机类；研究生：0812计算机科学与技术;行政执法类","用人司局：广州铁路公安局
职位简介：主要从事基层所队执法执勤及计算机相关工作
专业要求：大学本科：0809计算机类；研究生：0812计算机科学与技术
学历要求：本科及以上
学位要求：与最高学历相对应的学位
政治面貌：中共党员或共青团员
基层工作经历：无限制
考试类别：行政执法类
备注：1.咨询电话：020-61323488。2.职位要求专业为报考者最高学历对应专业。3.招考对象为应届高校毕业生。4.工作强度大、任务重，限男性。5.按照招录人民警察要求开展体能测评。6.符合公安部网站补充公告有关要求。7.服从处内二次分配。","https://www.xuanhan.gov.cn/xxgk-show-77635.html#109212-300130851015","2023-10-15","{""dataset_year"":2024,""job_uid"":""GOV-2024-109212-300130851015"",""publisher"":""国家公务员局"",""publication_page"":""https://www.xuanhan.gov.cn/xxgk-show-77635.html"",""attachment_url"":""https://www.xuanhan.gov.cn/uploadfile/1/Attachment/638fdecf51.zip"",""local_source_file"":""中央机关及其直属机构2024年度考试录用公务员招考简章.xls"",""local_source_sha256"":""a1741b99dbecd6d03e533f99f2d69b0fa5a79733e551b80af69986ceed2ad996"",""source_sheet"":""中央国家行政机关省级以下直属机构"",""filter_version"":""government_tech_v2"",""tech_filter"":{""is_tech"":true,""is_core_tech"":true,""scope"":""core"",""categories"":[""computer_software""],""matched_fields"":[""major"",""description""],""major_terms"":[""计算机科学与技术"",""计算机类""],""role_terms"":[""计算机""],""reason"":""tech_major_and_role""},""original"":{""部门代码"":""109212"",""部门名称"":""广州铁路公安局"",""用人司局"":""广州铁路公安局"",""机构性质"":""中央国家行政机关省级以下直属机构"",""招考职位"":""怀化铁路公安处基层所队民警"",""职位属性"":""公安机关人民警察职位"",""职位分布"":""其他职位"",""职位简介"":""主要从事基层所队执法执勤及计算机相关工作"",""职位代码"":""300130851015"",""机构层级"":""市（地）级"",""考试类别"":""行政执法类"",""招考人数"":""8"",""专业"":""大学本科：0809计算机类；研究生：0812计算机科学与技术"",""学历"":""本科及以上"",""学位"":""与最高学历相对应的学位"",""政治面貌"":""中共党员或共青团员"",""基层工作最低年限"":""无限制"",""服务基层项目工作经历"":""无限制"",""是否在面试阶段组织专业能力测试"":""否"",""面试人员比例"":""3:1"",""工作地点"":""湖南省湘西土家族苗族自治州吉首市"",""落户地点"":""湖南省怀化市"",""备注"":""1.咨询电话：020-61323488。2.职位要求专业为报考者最高学历对应专业。3.招考对象为应届高校毕业生。4.工作强度大、任务重，限男性。5.按照招录人民警察要求开展体能测评。6.符合公安部网站补充公告有关要求。7.服从处内二次分配。"",""部门网站"":""无"",""咨询电话1"":""020-61323488"",""咨询电话2"":"""",""咨询电话3"":"""",""来源Sheet"":""中央国家行政机关省级以下直属机构""}}"
"government_jobs","国家公务员2024招考简章","公务员/事业单位技术岗位","湖南省株洲市","2026-07-28T09:12:58.310295+00:00","长沙铁路公安处基层所队民警","广州铁路公安局","","湖南省株洲市","公务员/事业单位;2024;computer_software;本科及以上;与最高学历相对应的学位;大学本科：0701数学类；研究生：0812计算机科学与技术;行政执法类","用人司局：广州铁路公安局
职位简介：主要从事基层所队执法执勤及计算机相关工作
专业要求：大学本科：0701数学类；研究生：0812计算机科学与技术
学历要求：本科及以上
学位要求：与最高学历相对应的学位
政治面貌：中共党员或共青团员
基层工作经历：无限制
考试类别：行政执法类
备注：1.咨询电话：020-61323488。2.职位要求专业为报考者最高学历对应专业。3.招考对象为应届高校毕业生。4.工作强度大、任务重，限男性。5.按照招录人民警察要求开展体能测评。6.符合公安部网站补充公告有关要求。7.服从处内二次分配。","https://www.xuanhan.gov.cn/xxgk-show-77635.html#109212-300130851027","2023-10-15","{""dataset_year"":2024,""job_uid"":""GOV-2024-109212-300130851027"",""publisher"":""国家公务员局"",""publication_page"":""https://www.xuanhan.gov.cn/xxgk-show-77635.html"",""attachment_url"":""https://www.xuanhan.gov.cn/uploadfile/1/Attachment/638fdecf51.zip"",""local_source_file"":""中央机关及其直属机构2024年度考试录用公务员招考简章.xls"",""local_source_sha256"":""a1741b99dbecd6d03e533f99f2d69b0fa5a79733e551b80af69986ceed2ad996"",""source_sheet"":""中央国家行政机关省级以下直属机构"",""filter_version"":""government_tech_v2"",""tech_filter"":{""is_tech"":true,""is_core_tech"":true,""scope"":""core"",""categories"":[""computer_software""],""matched_fields"":[""major"",""description""],""major_terms"":[""计算机科学与技术""],""role_terms"":[""计算机""],""reason"":""tech_major_and_role""},""original"":{""部门代码"":""109212"",""部门名称"":""广州铁路公安局"",""用人司局"":""广州铁路公安局"",""机构性质"":""中央国家行政机关省级以下直属机构"",""招考职位"":""长沙铁路公安处基层所队民警"",""职位属性"":""公安机关人民警察职位"",""职位分布"":""其他职位"",""职位简介"":""主要从事基层所队执法执勤及计算机相关工作"",""职位代码"":""300130851027"",""机构层级"":""市（地）级"",""考试类别"":""行政执法类"",""招考人数"":""5"",""专业"":""大学本科：0701数学类；研究生：0812计算机科学与技术"",""学历"":""本科及以上"",""学位"":""与最高学历相对应的学位"",""政治面貌"":""中共党员或共青团员"",""基层工作最低年限"":""无限制"",""服务基层项目工作经历"":""无限制"",""是否在面试阶段组织专业能力测试"":""否"",""面试人员比例"":""3:1"",""工作地点"":""湖南省株洲市"",""落户地点"":""湖南省长沙市"",""备注"":""1.咨询电话：020-61323488。2.职位要求专业为报考者最高学历对应专业。3.招考对象为应届高校毕业生。4.工作强度大、任务重，限男性。5.按照招录人民警察要求开展体能测评。6.符合公安部网站补充公告有关要求。7.服从处内二次分配。"",""部门网站"":""无"",""咨询电话1"":""020-61323488"",""咨询电话2"":"""",""咨询电话3"":"""",""来源Sheet"":""中央国家行政机关省级以下直属机构""}}"
"government_jobs","国家公务员2024招考简章","公务员/事业单位技术岗位","湖南省湘潭市","2026-07-28T09:12:58.310295+00:00","长沙铁路公安处基层所队民警","广州铁路公安局","","湖南省湘潭市","公务员/事业单位;2024;computer_software;本科及以上;与最高学历相对应的学位;大学本科：0809计算机类；研究生：0835软件工程;行政执法类","用人司局：广州铁路公安局
职位简介：主要从事基层所队执法执勤及计算机相关工作
专业要求：大学本科：0809计算机类；研究生：0835软件工程
学历要求：本科及以上
学位要求：与最高学历相对应的学位
政治面貌：中共党员或共青团员
基层工作经历：无限制
考试类别：行政执法类
备注：1.咨询电话：020-61323488。2.职位要求专业为报考者最高学历对应专业。3.招考对象为应届高校毕业生。4.工作强度大、任务重，限男性。5.按照招录人民警察要求开展体能测评。6.符合公安部网站补充公告有关要求。7.服从处内二次分配。","https://www.xuanhan.gov.cn/xxgk-show-77635.html#109212-300130851029","2023-10-15","{""dataset_year"":2024,""job_uid"":""GOV-2024-109212-300130851029"",""publisher"":""国家公务员局"",""publication_page"":""https://www.xuanhan.gov.cn/xxgk-show-77635.html"",""attachment_url"":""https://www.xuanhan.gov.cn/uploadfile/1/Attachment/638fdecf51.zip"",""local_source_file"":""中央机关及其直属机构2024年度考试录用公务员招考简章.xls"",""local_source_sha256"":""a1741b99dbecd6d03e533f99f2d69b0fa5a79733e551b80af69986ceed2ad996"",""source_sheet"":""中央国家行政机关省级以下直属机构"",""filter_version"":""government_tech_v2"",""tech_filter"":{""is_tech"":true,""is_core_tech"":true,""scope"":""core"",""categories"":[""computer_software""],""matched_fields"":[""major"",""description""],""major_terms"":[""计算机类"",""软件工程""],""role_terms"":[""计算机""],""reason"":""tech_major_and_role""},""original"":{""部门代码"":""109212"",""部门名称"":""广州铁路公安局"",""用人司局"":""广州铁路公安局"",""机构性质"":""中央国家行政机关省级以下直属机构"",""招考职位"":""长沙铁路公安处基层所队民警"",""职位属性"":""公安机关人民警察职位"",""职位分布"":""其他职位"",""职位简介"":""主要从事基层所队执法执勤及计算机相关工作"",""职位代码"":""300130851029"",""机构层级"":""市（地）级"",""考试类别"":""行政执法类"",""招考人数"":""5"",""专业"":""大学本科：0809计算机类；研究生：0835软件工程"",""学历"":""本科及以上"",""学位"":""与最高学历相对应的学位"",""政治面貌"":""中共党员或共青团员"",""基层工作最低年限"":""无限制"",""服务基层项目工作经历"":""无限制"",""是否在面试阶段组织专业能力测试"":""否"",""面试人员比例"":""3:1"",""工作地点"":""湖南省湘潭市"",""落户地点"":""湖南省长沙市"",""备注"":""1.咨询电话：020-61323488。2.职位要求专业为报考者最高学历对应专业。3.招考对象为应届高校毕业生。4.工作强度大、任务重，限男性。5.按照招录人民警察要求开展体能测评。6.符合公安部网站补充公告有关要求。7.服从处内二次分配。"",""部门网站"":""无"",""咨询电话1"":""020-61323488"",""咨询电话2"":"""",""咨询电话3"":"""",""来源Sheet"":""中央国家行政机关省级以下直属机构""}}"
"government_jobs","国家公务员2024招考简章","公务员/事业单位技术岗位","湖南省娄底市","2026-07-28T09:12:58.310295+00:00","长沙铁路公安处基层所队民警","广州铁路公安局","","湖南省娄底市","公务员/事业单位;2024;computer_software;electronics_communication;本科及以上;与最高学历相对应的学位;大学本科：0809计算机类；研究生：0810信息与通信工程;行政执法类","用人司局：广州铁路公安局
职位简介：主要从事基层所队执法执勤及计算机相关工作
专业要求：大学本科：0809计算机类；研究生：0810信息与通信工程
学历要求：本科及以上
学位要求：与最高学历相对应的学位
政治面貌：中共党员或共青团员
基层工作经历：无限制
考试类别：行政执法类
备注：1.咨询电话：020-61323488。2.职位要求专业为报考者最高学历对应专业。3.招考对象为应届高校毕业生。4.工作强度大、任务重，限男性。5.按照招录人民警察要求开展体能测评。6.符合公安部网站补充公告有关要求。7.服从处内二次分配。","https://www.xuanhan.gov.cn/xxgk-show-77635.html#109212-300130851030","2023-10-15","{""dataset_year"":2024,""job_uid"":""GOV-2024-109212-300130851030"",""publisher"":""国家公务员局"",""publication_page"":""https://www.xuanhan.gov.cn/xxgk-show-77635.html"",""attachment_url"":""https://www.xuanhan.gov.cn/uploadfile/1/Attachment/638fdecf51.zip"",""local_source_file"":""中央机关及其直属机构2024年度考试录用公务员招考简章.xls"",""local_source_sha256"":""a1741b99dbecd6d03e533f99f2d69b0fa5a79733e551b80af69986ceed2ad996"",""source_sheet"":""中央国家行政机关省级以下直属机构"",""filter_version"":""government_tech_v2"",""tech_filter"":{""is_tech"":true,""is_core_tech"":true,""scope"":""core"",""categories"":[""computer_software"",""electronics_communication""],""matched_fields"":[""major"",""description""],""major_terms"":[""信息与通信工程"",""计算机类"",""通信工程""],""role_terms"":[""计算机""],""reason"":""tech_major_and_role""},""original"":{""部门代码"":""109212"",""部门名称"":""广州铁路公安局"",""用人司局"":""广州铁路公安局"",""机构性质"":""中央国家行政机关省级以下直属机构"",""招考职位"":""长沙铁路公安处基层所队民警"",""职位属性"":""公安机关人民警察职位"",""职位分布"":""其他职位"",""职位简介"":""主要从事基层所队执法执勤及计算机相关工作"",""职位代码"":""300130851030"",""机构层级"":""市（地）级"",""考试类别"":""行政执法类"",""招考人数"":""4"",""专业"":""大学本科：0809计算机类；研究生：0810信息与通信工程"",""学历"":""本科及以上"",""学位"":""与最高学历相对应的学位"",""政治面貌"":""中共党员或共青团员"",""基层工作最低年限"":""无限制"",""服务基层项目工作经历"":""无限制"",""是否在面试阶段组织专业能力测试"":""否"",""面试人员比例"":""3:1"",""工作地点"":""湖南省娄底市"",""落户地点"":""湖南省长沙市"",""备注"":""1.咨询电话：020-61323488。2.职位要求专业为报考者最高学历对应专业。3.招考对象为应届高校毕业生。4.工作强度大、任务重，限男性。5.按照招录人民警察要求开展体能测评。6.符合公安部网站补充公告有关要求。7.服从处内二次分配。"",""部门网站"":""无"",""咨询电话1"":""020-61323488"",""咨询电话2"":"""",""咨询电话3"":"""",""来源Sheet"":""中央国家行政机关省级以下直属机构""}}"
"government_jobs","国家公务员2024招考简章","公务员/事业单位技术岗位","湖南省衡阳市","2026-07-28T09:12:58.310295+00:00","衡阳铁路公安处基层所队民警","广州铁路公安局","","湖南省衡阳市","公务员/事业单位;2024;computer_software;本科及以上;与最高学历相对应的学位;大学本科：0809计算机类；研究生：0812计算机科学与技术;行政执法类","用人司局：广州铁路公安局
职位简介：主要从事基层所队执法执勤及计算机相关工作
专业要求：大学本科：0809计算机类；研究生：0812计算机科学与技术
学历要求：本科及以上
学位要求：与最高学历相对应的学位
政治面貌：中共党员或共青团员
基层工作经历：无限制
考试类别：行政执法类
备注：1.咨询电话：020-61323488。2.职位要求专业为报考者最高学历对应专业。3.招考对象为应届高校毕业生。4.工作强度大、任务重，限男性。5.按照招录人民警察要求开展体能测评。6.符合公安部网站补充公告有关要求。7.服从处内二次分配。","https://www.xuanhan.gov.cn/xxgk-show-77635.html#109212-300130851044","2023-10-15","{""dataset_year"":2024,""job_uid"":""GOV-2024-109212-300130851044"",""publisher"":""国家公务员局"",""publication_page"":""https://www.xuanhan.gov.cn/xxgk-show-77635.html"",""attachment_url"":""https://www.xuanhan.gov.cn/uploadfile/1/Attachment/638fdecf51.zip"",""local_source_file"":""中央机关及其直属机构2024年度考试录用公务员招考简章.xls"",""local_source_sha256"":""a1741b99dbecd6d03e533f99f2d69b0fa5a79733e551b80af69986ceed2ad996"",""source_sheet"":""中央国家行政机关省级以下直属机构"",""filter_version"":""government_tech_v2"",""tech_filter"":{""is_tech"":true,""is_core_tech"":true,""scope"":""core"",""categories"":[""computer_software""],""matched_fields"":[""major"",""description""],""major_terms"":[""计算机科学与技术"",""计算机类""],""role_terms"":[""计算机""],""reason"":""tech_major_and_role""},""original"":{""部门代码"":""109212"",""部门名称"":""广州铁路公安局"",""用人司局"":""广州铁路公安局"",""机构性质"":""中央国家行政机关省级以下直属机构"",""招考职位"":""衡阳铁路公安处基层所队民警"",""职位属性"":""公安机关人民警察职位"",""职位分布"":""其他职位"",""职位简介"":""主要从事基层所队执法执勤及计算机相关工作"",""职位代码"":""300130851044"",""机构层级"":""市（地）级"",""考试类别"":""行政执法类"",""招考人数"":""8"",""专业"":""大学本科：0809计算机类；研究生：0812计算机科学与技术"",""学历"":""本科及以上"",""学位"":""与最高学历相对应的学位"",""政治面貌"":""中共党员或共青团员"",""基层工作最低年限"":""无限制"",""服务基层项目工作经历"":""无限制"",""是否在面试阶段组织专业能力测试"":""否"",""面试人员比例"":""3:1"",""工作地点"":""湖南省衡阳市"",""落户地点"":""湖南省衡阳市"",""备注"":""1.咨询电话：020-61323488。2.职位要求专业为报考者最高学历对应专业。3.招考对象为应届高校毕业生。4.工作强度大、任务重，限男性。5.按照招录人民警察要求开展体能测评。6.符合公安部网站补充公告有关要求。7.服从处内二次分配。"",""部门网站"":""无"",""咨询电话1"":""020-61323488"",""咨询电话2"":"""",""咨询电话3"":"""",""来源Sheet"":""中央国家行政机关省级以下直属机构""}}"
"government_jobs","国家公务员2024招考简章","公务员/事业单位技术岗位","广东省佛山市","2026-07-28T09:12:58.310295+00:00","广州铁路公安处基层所队民警","广州铁路公安局","","广东省佛山市","公务员/事业单位;2024;computer_software;electronics_communication;本科及以上;与最高学历相对应的学位;大学本科：0809计算机类；研究生：0809电子科学与技术;行政执法类","用人司局：广州铁路公安局
职位简介：主要从事基层所队执法执勤及计算机相关工作
专业要求：大学本科：0809计算机类；研究生：0809电子科学与技术
学历要求：本科及以上
学位要求：与最高学历相对应的学位
政治面貌：中共党员或共青团员
基层工作经历：无限制
考试类别：行政执法类
备注：1.咨询电话：020-61323488。2.职位要求专业为报考者最高学历对应专业。3.招考对象为应届高校毕业生。4.工作强度大、任务重，限男性。5.按照招录人民警察要求开展体能测评。6.符合公安部网站补充公告有关要求。7.服从处内二次分配。","https://www.xuanhan.gov.cn/xxgk-show-77635.html#109212-300130851064","2023-10-15","{""dataset_year"":2024,""job_uid"":""GOV-2024-109212-300130851064"",""publisher"":""国家公务员局"",""publication_page"":""https://www.xuanhan.gov.cn/xxgk-show-77635.html"",""attachment_url"":""https://www.xuanhan.gov.cn/uploadfile/1/Attachment/638fdecf51.zip"",""local_source_file"":""中央机关及其直属机构2024年度考试录用公务员招考简章.xls"",""local_source_sha256"":""a1741b99dbecd6d03e533f99f2d69b0fa5a79733e551b80af69986ceed2ad996"",""source_sheet"":""中央国家行政机关省级以下直属机构"",""filter_version"":""government_tech_v2"",""tech_filter"":{""is_tech"":true,""is_core_tech"":true,""scope"":""core"",""categories"":[""computer_software"",""electronics_communication""],""matched_fields"":[""major"",""description""],""major_terms"":[""电子科学与技术"",""计算机类""],""role_terms"":[""计算机""],""reason"":""tech_major_and_role""},""original"":{""部门代码"":""109212"",""部门名称"":""广州铁路公安局"",""用人司局"":""广州铁路公安局"",""机构性质"":""中央国家行政机关省级以下直属机构"",""招考职位"":""广州铁路公安处基层所队民警"",""职位属性"":""公安机关人民警察职位"",""职位分布"":""其他职位"",""职位简介"":""主要从事基层所队执法执勤及计算机相关工作"",""职位代码"":""300130851064"",""机构层级"":""市（地）级"",""考试类别"":""行政执法类"",""招考人数"":""8"",""专业"":""大学本科：0809计算机类；研究生：0809电子科学与技术"",""学历"":""本科及以上"",""学位"":""与最高学历相对应的学位"",""政治面貌"":""中共党员或共青团员"",""基层工作最低年限"":""无限制"",""服务基层项目工作经历"":""无限制"",""是否在面试阶段组织专业能力测试"":""否"",""面试人员比例"":""3:1"",""工作地点"":""广东省佛山市"",""落户地点"":""广东省广州市"",""备注"":""1.咨询电话：020-61323488。2.职位要求专业为报考者最高学历对应专业。3.招考对象为应届高校毕业生。4.工作强度大、任务重，限男性。5.按照招录人民警察要求开展体能测评。6.符合公安部网站补充公告有关要求。7.服从处内二次分配。"",""部门网站"":""无"",""咨询电话1"":""020-61323488"",""咨询电话2"":"""",""咨询电话3"":"""",""来源Sheet"":""中央国家行政机关省级以下直属机构""}}"
"government_jobs","国家公务员2024招考简章","公务员/事业单位技术岗位","广东省清远市","2026-07-28T09:12:58.310295+00:00","广州铁路公安处基层所队民警","广州铁路公安局","","广东省清远市","公务员/事业单位;2024;computer_software;本科及以上;与最高学历相对应的学位;大学本科：0809计算机类；研究生：0812计算机科学与技术;行政执法类","用人司局：广州铁路公安局
职位简介：主要从事基层所队执法执勤及计算机相关工作
专业要求：大学本科：0809计算机类；研究生：0812计算机科学与技术
学历要求：本科及以上
学位要求：与最高学历相对应的学位
政治面貌：中共党员或共青团员
基层工作经历：无限制
考试类别：行政执法类
备注：1.咨询电话：020-61323488。2.职位要求专业为报考者最高学历对应专业。3.招考对象为应届高校毕业生。4.按照招录人民警察要求开展体能测评。5.符合公安部网站补充公告有关要求。6.服从处内二次分配。","https://www.xuanhan.gov.cn/xxgk-show-77635.html#109212-300130851070","2023-10-15","{""dataset_year"":2024,""job_uid"":""GOV-2024-109212-300130851070"",""publisher"":""国家公务员局"",""publication_page"":""https://www.xuanhan.gov.cn/xxgk-show-77635.html"",""attachment_url"":""https://www.xuanhan.gov.cn/uploadfile/1/Attachment/638fdecf51.zip"",""local_source_file"":""中央机关及其直属机构2024年度考试录用公务员招考简章.xls"",""local_source_sha256"":""a1741b99dbecd6d03e533f99f2d69b0fa5a79733e551b80af69986ceed2ad996"",""source_sheet"":""中央国家行政机关省级以下直属机构"",""filter_version"":""government_tech_v2"",""tech_filter"":{""is_tech"":true,""is_core_tech"":true,""scope"":""core"",""categories"":[""computer_software""],""matched_fields"":[""major"",""description""],""major_terms"":[""计算机科学与技术"",""计算机类""],""role_terms"":[""计算机""],""reason"":""tech_major_and_role""},""original"":{""部门代码"":""109212"",""部门名称"":""广州铁路公安局"",""用人司局"":""广州铁路公安局"",""机构性质"":""中央国家行政机关省级以下直属机构"",""招考职位"":""广州铁路公安处基层所队民警"",""职位属性"":""公安机关人民警察职位"",""职位分布"":""其他职位"",""职位简介"":""主要从事基层所队执法执勤及计算机相关工作"",""职位代码"":""300130851070"",""机构层级"":""市（地）级"",""考试类别"":""行政执法类"",""招考人数"":""1"",""专业"":""大学本科：0809计算机类；研究生：0812计算机科学与技术"",""学历"":""本科及以上"",""学位"":""与最高学历相对应的学位"",""政治面貌"":""中共党员或共青团员"",""基层工作最低年限"":""无限制"",""服务基层项目工作经历"":""无限制"",""是否在面试阶段组织专业能力测试"":""否"",""面试人员比例"":""3:1"",""工作地点"":""广东省清远市"",""落户地点"":""广东省广州市"",""备注"":""1.咨询电话：020-61323488。2.职位要求专业为报考者最高学历对应专业。3.招考对象为应届高校毕业生。4.按照招录人民警察要求开展体能测评。5.符合公安部网站补充公告有关要求。6.服从处内二次分配。"",""部门网站"":""无"",""咨询电话1"":""020-61323488"",""咨询电话2"":"""",""咨询电话3"":"""",""来源Sheet"":""中央国家行政机关省级以下直属机构""}}"
"government_jobs","国家公务员2024招考简章","公务员/事业单位技术岗位","广东省深圳市","2026-07-28T09:12:58.310295+00:00","深圳铁路公安处基层所队民警","广州铁路公安局","","广东省深圳市","公务员/事业单位;2024;computer_software;本科及以上;与最高学历相对应的学位;大学本科：0809计算机类；研究生：0812计算机科学与技术;行政执法类","用人司局：广州铁路公安局
职位简介：主要从事基层所队执法执勤及计算机相关工作
专业要求：大学本科：0809计算机类；研究生：0812计算机科学与技术
学历要求：本科及以上
学位要求：与最高学历相对应的学位
政治面貌：中共党员或共青团员
基层工作经历：无限制
考试类别：行政执法类
备注：1.咨询电话：020-61323488。2.职位要求专业为报考者最高学历对应专业。3.招考对象为应届高校毕业生。4.工作强度大、任务重，限男性。5.按照招录人民警察要求开展体能测评。6.符合公安部网站补充公告有关要求。7.服从处内二次分配。","https://www.xuanhan.gov.cn/xxgk-show-77635.html#109212-300130851079","2023-10-15","{""dataset_year"":2024,""job_uid"":""GOV-2024-109212-300130851079"",""publisher"":""国家公务员局"",""publication_page"":""https://www.xuanhan.gov.cn/xxgk-show-77635.html"",""attachment_url"":""https://www.xuanhan.gov.cn/uploadfile/1/Attachment/638fdecf51.zip"",""local_source_file"":""中央机关及其直属机构2024年度考试录用公务员招考简章.xls"",""local_source_sha256"":""a1741b99dbecd6d03e533f99f2d69b0fa5a79733e551b80af69986ceed2ad996"",""source_sheet"":""中央国家行政机关省级以下直属机构"",""filter_version"":""government_tech_v2"",""tech_filter"":{""is_tech"":true,""is_core_tech"":true,""scope"":""core"",""categories"":[""computer_software""],""matched_fields"":[""major"",""description""],""major_terms"":[""计算机科学与技术"",""计算机类""],""role_terms"":[""计算机""],""reason"":""tech_major_and_role""},""original"":{""部门代码"":""109212"",""部门名称"":""广州铁路公安局"",""用人司局"":""广州铁路公安局"",""机构性质"":""中央国家行政机关省级以下直属机构"",""招考职位"":""深圳铁路公安处基层所队民警"",""职位属性"":""公安机关人民警察职位"",""职位分布"":""其他职位"",""职位简介"":""主要从事基层所队执法执勤及计算机相关工作"",""职位代码"":""300130851079"",""机构层级"":""市（地）级"",""考试类别"":""行政执法类"",""招考人数"":""8"",""专业"":""大学本科：0809计算机类；研究生：0812计算机科学与技术"",""学历"":""本科及以上"",""学位"":""与最高学历相对应的学位"",""政治面貌"":""中共党员或共青团员"",""基层工作最低年限"":""无限制"",""服务基层项目工作经历"":""无限制"",""是否在面试阶段组织专业能力测试"":""否"",""面试人员比例"":""3:1"",""工作地点"":""广东省深圳市"",""落户地点"":""广东省深圳市"",""备注"":""1.咨询电话：020-61323488。2.职位要求专业为报考者最高学历对应专业。3.招考对象为应届高校毕业生。4.工作强度大、任务重，限男性。5.按照招录人民警察要求开展体能测评。6.符合公安部网站补充公告有关要求。7.服从处内二次分配。"",""部门网站"":""无"",""咨询电话1"":""020-61323488"",""咨询电话2"":"""",""咨询电话3"":"""",""来源Sheet"":""中央国家行政机关省级以下直属机构""}}"
"government_jobs","国家公务员2024招考简章","公务员/事业单位技术岗位","广东省广州市","2026-07-28T09:12:58.310295+00:00","深圳铁路公安处基层所队民警","广州铁路公安局","","广东省广州市","公务员/事业单位;2024;computer_software;本科及以上;与最高学历相对应的学位;大学本科：0809计算机类；研究生：0812计算机科学与技术;行政执法类","用人司局：广州铁路公安局
职位简介：主要从事基层所队执法执勤及计算机相关工作
专业要求：大学本科：0809计算机类；研究生：0812计算机科学与技术
学历要求：本科及以上
学位要求：与最高学历相对应的学位
政治面貌：中共党员或共青团员
基层工作经历：无限制
考试类别：行政执法类
备注：1.咨询电话：020-61323488。2.职位要求专业为报考者最高学历对应专业。3.招考对象为应届高校毕业生。4.工作强度大、任务重，限男性。5.按照招录人民警察要求开展体能测评。6.符合公安部网站补充公告有关要求。7.服从处内二次分配。","https://www.xuanhan.gov.cn/xxgk-show-77635.html#109212-300130851080","2023-10-15","{""dataset_year"":2024,""job_uid"":""GOV-2024-109212-300130851080"",""publisher"":""国家公务员局"",""publication_page"":""https://www.xuanhan.gov.cn/xxgk-show-77635.html"",""attachment_url"":""https://www.xuanhan.gov.cn/uploadfile/1/Attachment/638fdecf51.zip"",""local_source_file"":""中央机关及其直属机构2024年度考试录用公务员招考简章.xls"",""local_source_sha256"":""a1741b99dbecd6d03e533f99f2d69b0fa5a79733e551b80af69986ceed2ad996"",""source_sheet"":""中央国家行政机关省级以下直属机构"",""filter_version"":""government_tech_v2"",""tech_filter"":{""is_tech"":true,""is_core_tech"":true,""scope"":""core"",""categories"":[""computer_software""],""matched_fields"":[""major"",""description""],""major_terms"":[""计算机科学与技术"",""计算机类""],""role_terms"":[""计算机""],""reason"":""tech_major_and_role""},""original"":{""部门代码"":""109212"",""部门名称"":""广州铁路公安局"",""用人司局"":""广州铁路公安局"",""机构性质"":""中央国家行政机关省级以下直属机构"",""招考职位"":""深圳铁路公安处基层所队民警"",""职位属性"":""公安机关人民警察职位"",""职位分布"":""其他职位"",""职位简介"":""主要从事基层所队执法执勤及计算机相关工作"",""职位代码"":""300130851080"",""机构层级"":""市（地）级"",""考试类别"":""行政执法类"",""招考人数"":""6"",""专业"":""大学本科：0809计算机类；研究生：0812计算机科学与技术"",""学历"":""本科及以上"",""学位"":""与最高学历相对应的学位"",""政治面貌"":""中共党员或共青团员"",""基层工作最低年限"":""无限制"",""服务基层项目工作经历"":""无限制"",""是否在面试阶段组织专业能力测试"":""否"",""面试人员比例"":""3:1"",""工作地点"":""广东省广州市"",""落户地点"":""广东省深圳市"",""备注"":""1.咨询电话：020-61323488。2.职位要求专业为报考者最高学历对应专业。3.招考对象为应届高校毕业生。4.工作强度大、任务重，限男性。5.按照招录人民警察要求开展体能测评。6.符合公安部网站补充公告有关要求。7.服从处内二次分配。"",""部门网站"":""无"",""咨询电话1"":""020-61323488"",""咨询电话2"":"""",""咨询电话3"":"""",""来源Sheet"":""中央国家行政机关省级以下直属机构""}}"
"government_jobs","国家公务员2024招考简章","公务员/事业单位技术岗位","广东省揭阳市","2026-07-28T09:12:58.310295+00:00","惠州铁路公安处基层所队民警","广州铁路公安局","","广东省揭阳市","公务员/事业单位;2024;computer_software;本科及以上;与最高学历相对应的学位;大学本科：0809计算机类；研究生：0835软件工程;行政执法类","用人司局：广州铁路公安局
职位简介：主要从事基层所队执法执勤及计算机相关工作
专业要求：大学本科：0809计算机类；研究生：0835软件工程
学历要求：本科及以上
学位要求：与最高学历相对应的学位
政治面貌：中共党员或共青团员
基层工作经历：无限制
考试类别：行政执法类
备注：1.咨询电话：020-61323488。2.职位要求专业为报考者最高学历对应专业。3.招考对象为应届高校毕业生。4.工作强度大、任务重，限男性。5.按照招录人民警察要求开展体能测评。6.符合公安部网站补充公告有关要求。7.服从处内二次分配。","https://www.xuanhan.gov.cn/xxgk-show-77635.html#109212-300130851097","2023-10-15","{""dataset_year"":2024,""job_uid"":""GOV-2024-109212-300130851097"",""publisher"":""国家公务员局"",""publication_page"":""https://www.xuanhan.gov.cn/xxgk-show-77635.html"",""attachment_url"":""https://www.xuanhan.gov.cn/uploadfile/1/Attachment/638fdecf51.zip"",""local_source_file"":""中央机关及其直属机构2024年度考试录用公务员招考简章.xls"",""local_source_sha256"":""a1741b99dbecd6d03e533f99f2d69b0fa5a79733e551b80af69986ceed2ad996"",""source_sheet"":""中央国家行政机关省级以下直属机构"",""filter_version"":""government_tech_v2"",""tech_filter"":{""is_tech"":true,""is_core_tech"":true,""scope"":""core"",""categories"":[""computer_software""],""matched_fields"":[""major"",""description""],""major_terms"":[""计算机类"",""软件工程""],""role_terms"":[""计算机""],""reason"":""tech_major_and_role""},""original"":{""部门代码"":""109212"",""部门名称"":""广州铁路公安局"",""用人司局"":""广州铁路公安局"",""机构性质"":""中央国家行政机关省级以下直属机构"",""招考职位"":""惠州铁路公安处基层所队民警"",""职位属性"":""公安机关人民警察职位"",""职位分布"":""其他职位"",""职位简介"":""主要从事基层所队执法执勤及计算机相关工作"",""职位代码"":""300130851097"",""机构层级"":""市（地）级"",""考试类别"":""行政执法类"",""招考人数"":""5"",""专业"":""大学本科：0809计算机类；研究生：0835软件工程"",""学历"":""本科及以上"",""学位"":""与最高学历相对应的学位"",""政治面貌"":""中共党员或共青团员"",""基层工作最低年限"":""无限制"",""服务基层项目工作经历"":""无限制"",""是否在面试阶段组织专业能力测试"":""否"",""面试人员比例"":""3:1"",""工作地点"":""广东省揭阳市"",""落户地点"":""广东省惠州市"",""备注"":""1.咨询电话：020-61323488。2.职位要求专业为报考者最高学历对应专业。3.招考对象为应届高校毕业生。4.工作强度大、任务重，限男性。5.按照招录人民警察要求开展体能测评。6.符合公安部网站补充公告有关要求。7.服从处内二次分配。"",""部门网站"":""无"",""咨询电话1"":""020-61323488"",""咨询电话2"":"""",""咨询电话3"":"""",""来源Sheet"":""中央国家行政机关省级以下直属机构""}}"
"government_jobs","国家公务员2024招考简章","公务员/事业单位技术岗位","广东省云浮市","2026-07-28T09:12:58.310295+00:00","佛山铁路公安处基层所队民警","广州铁路公安局","","广东省云浮市","公务员/事业单位;2024;computer_software;本科及以上;与最高学历相对应的学位;大学本科：0809计算机类；研究生：0835软件工程;行政执法类","用人司局：广州铁路公安局
职位简介：主要从事基层所队执法执勤及计算机相关工作
专业要求：大学本科：0809计算机类；研究生：0835软件工程
学历要求：本科及以上
学位要求：与最高学历相对应的学位
政治面貌：中共党员或共青团员
基层工作经历：无限制
考试类别：行政执法类
备注：1.咨询电话：020-61323488。2.职位要求专业为报考者最高学历对应专业。3.招考对象为应届高校毕业生。4.工作强度大、任务重，限男性。5.按照招录人民警察要求开展体能测评。6.符合公安部网站补充公告有关要求。7.服从处内二次分配。","https://www.xuanhan.gov.cn/xxgk-show-77635.html#109212-300130851109","2023-10-15","{""dataset_year"":2024,""job_uid"":""GOV-2024-109212-300130851109"",""publisher"":""国家公务员局"",""publication_page"":""https://www.xuanhan.gov.cn/xxgk-show-77635.html"",""attachment_url"":""https://www.xuanhan.gov.cn/uploadfile/1/Attachment/638fdecf51.zip"",""local_source_file"":""中央机关及其直属机构2024年度考试录用公务员招考简章.xls"",""local_source_sha256"":""a1741b99dbecd6d03e533f99f2d69b0fa5a79733e551b80af69986ceed2ad996"",""source_sheet"":""中央国家行政机关省级以下直属机构"",""filter_version"":""government_tech_v2"",""tech_filter"":{""is_tech"":true,""is_core_tech"":true,""scope"":""core"",""categories"":[""computer_software""],""matched_fields"":[""major"",""description""],""major_terms"":[""计算机类"",""软件工程""],""role_terms"":[""计算机""],""reason"":""tech_major_and_role""},""original"":{""部门代码"":""109212"",""部门名称"":""广州铁路公安局"",""用人司局"":""广州铁路公安局"",""机构性质"":""中央国家行政机关省级以下直属机构"",""招考职位"":""佛山铁路公安处基层所队民警"",""职位属性"":""公安机关人民警察职位"",""职位分布"":""其他职位"",""职位简介"":""主要从事基层所队执法执勤及计算机相关工作"",""职位代码"":""300130851109"",""机构层级"":""市（地）级"",""考试类别"":""行政执法类"",""招考人数"":""2"",""专业"":""大学本科：0809计算机类；研究生：0835软件工程"",""学历"":""本科及以上"",""学位"":""与最高学历相对应的学位"",""政治面貌"":""中共党员或共青团员"",""基层工作最低年限"":""无限制"",""服务基层项目工作经历"":""无限制"",""是否在面试阶段组织专业能力测试"":""否"",""面试人员比例"":""3:1"",""工作地点"":""广东省云浮市"",""落户地点"":""广东省佛山市"",""备注"":""1.咨询电话：020-61323488。2.职位要求专业为报考者最高学历对应专业。3.招考对象为应届高校毕业生。4.工作强度大、任务重，限男性。5.按照招录人民警察要求开展体能测评。6.符合公安部网站补充公告有关要求。7.服从处内二次分配。"",""部门网站"":""无"",""咨询电话1"":""020-61323488"",""咨询电话2"":"""",""咨询电话3"":"""",""来源Sheet"":""中央国家行政机关省级以下直属机构""}}"
"government_jobs","国家公务员2024招考简章","公务员/事业单位技术岗位","广东省茂名市","2026-07-28T09:12:58.310295+00:00","佛山铁路公安处基层所队民警","广州铁路公安局","","广东省茂名市","公务员/事业单位;2024;computer_software;本科及以上;与最高学历相对应的学位;大学本科：0809计算机类；研究生：0835软件工程;行政执法类","用人司局：广州铁路公安局
职位简介：主要从事基层所队执法执勤及计算机相关工作
专业要求：大学本科：0809计算机类；研究生：0835软件工程
学历要求：本科及以上
学位要求：与最高学历相对应的学位
政治面貌：中共党员或共青团员
基层工作经历：无限制
考试类别：行政执法类
备注：1.咨询电话：020-61323488。2.职位要求专业为报考者最高学历对应专业。3.招考对象为应届高校毕业生。4.工作强度大、任务重，限男性。5.按照招录人民警察要求开展体能测评。6.符合公安部网站补充公告有关要求。7.服从处内二次分配。","https://www.xuanhan.gov.cn/xxgk-show-77635.html#109212-300130851113","2023-10-15","{""dataset_year"":2024,""job_uid"":""GOV-2024-109212-300130851113"",""publisher"":""国家公务员局"",""publication_page"":""https://www.xuanhan.gov.cn/xxgk-show-77635.html"",""attachment_url"":""https://www.xuanhan.gov.cn/uploadfile/1/Attachment/638fdecf51.zip"",""local_source_file"":""中央机关及其直属机构2024年度考试录用公务员招考简章.xls"",""local_source_sha256"":""a1741b99dbecd6d03e533f99f2d69b0fa5a79733e551b80af69986ceed2ad996"",""source_sheet"":""中央国家行政机关省级以下直属机构"",""filter_version"":""government_tech_v2"",""tech_filter"":{""is_tech"":true,""is_core_tech"":true,""scope"":""core"",""categories"":[""computer_software""],""matched_fields"":[""major"",""description""],""major_terms"":[""计算机类"",""软件工程""],""role_terms"":[""计算机""],""reason"":""tech_major_and_role""},""original"":{""部门代码"":""109212"",""部门名称"":""广州铁路公安局"",""用人司局"":""广州铁路公安局"",""机构性质"":""中央国家行政机关省级以下直属机构"",""招考职位"":""佛山铁路公安处基层所队民警"",""职位属性"":""公安机关人民警察职位"",""职位分布"":""其他职位"",""职位简介"":""主要从事基层所队执法执勤及计算机相关工作"",""职位代码"":""300130851113"",""机构层级"":""市（地）级"",""考试类别"":""行政执法类"",""招考人数"":""4"",""专业"":""大学本科：0809计算机类；研究生：0835软件工程"",""学历"":""本科及以上"",""学位"":""与最高学历相对应的学位"",""政治面貌"":""中共党员或共青团员"",""基层工作最低年限"":""无限制"",""服务基层项目工作经历"":""无限制"",""是否在面试阶段组织专业能力测试"":""否"",""面试人员比例"":""3:1"",""工作地点"":""广东省茂名市"",""落户地点"":""广东省佛山市"",""备注"":""1.咨询电话：020-61323488。2.职位要求专业为报考者最高学历对应专业。3.招考对象为应届高校毕业生。4.工作强度大、任务重，限男性。5.按照招录人民警察要求开展体能测评。6.符合公安部网站补充公告有关要求。7.服从处内二次分配。"",""部门网站"":""无"",""咨询电话1"":""020-61323488"",""咨询电话2"":"""",""咨询电话3"":"""",""来源Sheet"":""中央国家行政机关省级以下直属机构""}}"
"government_jobs","国家公务员2024招考简章","公务员/事业单位技术岗位","海南省琼海市","2026-07-28T09:12:58.310295+00:00","海口铁路公安处基层所队民警","广州铁路公安局","","海南省琼海市","公务员/事业单位;2024;computer_software;electronics_communication;本科及以上;与最高学历相对应的学位;大学本科：0809计算机类、0807电子信息类；研究生：0835软件工程;行政执法类","用人司局：广州铁路公安局
职位简介：主要从事基层所队执法执勤及计算机相关工作
专业要求：大学本科：0809计算机类、0807电子信息类；研究生：0835软件工程
学历要求：本科及以上
学位要求：与最高学历相对应的学位
政治面貌：中共党员或共青团员
基层工作经历：无限制
考试类别：行政执法类
备注：1.咨询电话：020-61323488。2.职位要求专业为报考者最高学历对应专业。3.招考对象为应届高校毕业生。4.工作强度大、任务重，限男性。5.按照招录人民警察要求开展体能测评。6.符合公安部网站补充公告有关要求。7.服从处内二次分配。","https://www.xuanhan.gov.cn/xxgk-show-77635.html#109212-300130851120","2023-10-15","{""dataset_year"":2024,""job_uid"":""GOV-2024-109212-300130851120"",""publisher"":""国家公务员局"",""publication_page"":""https://www.xuanhan.gov.cn/xxgk-show-77635.html"",""attachment_url"":""https://www.xuanhan.gov.cn/uploadfile/1/Attachment/638fdecf51.zip"",""local_source_file"":""中央机关及其直属机构2024年度考试录用公务员招考简章.xls"",""local_source_sha256"":""a1741b99dbecd6d03e533f99f2d69b0fa5a79733e551b80af69986ceed2ad996"",""source_sheet"":""中央国家行政机关省级以下直属机构"",""filter_version"":""government_tech_v2"",""tech_filter"":{""is_tech"":true,""is_core_tech"":true,""scope"":""core"",""categories"":[""computer_software"",""electronics_communication""],""matched_fields"":[""major"",""description""],""major_terms"":[""电子信息类"",""计算机类"",""软件工程""],""role_terms"":[""计算机""],""reason"":""tech_major_and_role""},""original"":{""部门代码"":""109212"",""部门名称"":""广州铁路公安局"",""用人司局"":""广州铁路公安局"",""机构性质"":""中央国家行政机关省级以下直属机构"",""招考职位"":""海口铁路公安处基层所队民警"",""职位属性"":""公安机关人民警察职位"",""职位分布"":""其他职位"",""职位简介"":""主要从事基层所队执法执勤及计算机相关工作"",""职位代码"":""300130851120"",""机构层级"":""市（地）级"",""考试类别"":""行政执法类"",""招考人数"":""1"",""专业"":""大学本科：0809计算机类、0807电子信息类；研究生：0835软件工程"",""学历"":""本科及以上"",""学位"":""与最高学历相对应的学位"",""政治面貌"":""中共党员或共青团员"",""基层工作最低年限"":""无限制"",""服务基层项目工作经历"":""无限制"",""是否在面试阶段组织专业能力测试"":""否"",""面试人员比例"":""3:1"",""工作地点"":""海南省琼海市"",""落户地点"":""海南省海口市"",""备注"":""1.咨询电话：020-61323488。2.职位要求专业为报考者最高学历对应专业。3.招考对象为应届高校毕业生。4.工作强度大、任务重，限男性。5.按照招录人民警察要求开展体能测评。6.符合公安部网站补充公告有关要求。7.服从处内二次分配。"",""部门网站"":""无"",""咨询电话1"":""020-61323488"",""咨询电话2"":"""",""咨询电话3"":"""",""来源Sheet"":""中央国家行政机关省级以下直属机构""}}"
"government_jobs","国家公务员2024招考简章","公务员/事业单位技术岗位","海南省万宁市","2026-07-28T09:12:58.310295+00:00","海口铁路公安处基层所队民警","广州铁路公安局","","海南省万宁市","公务员/事业单位;2024;computer_software;electronics_communication;本科及以上;与最高学历相对应的学位;大学本科：0809计算机类、0808电子信息类；研究生：0810信息与通信工程;行政执法类","用人司局：广州铁路公安局
职位简介：主要从事基层所队执法执勤及计算机相关工作
专业要求：大学本科：0809计算机类、0808电子信息类；研究生：0810信息与通信工程
学历要求：本科及以上
学位要求：与最高学历相对应的学位
政治面貌：中共党员或共青团员
基层工作经历：无限制
考试类别：行政执法类
备注：1.咨询电话：020-61323488。2.职位要求专业为报考者最高学历对应专业。3.招考对象为应届高校毕业生。4.工作强度大、任务重，限男性。5.按照招录人民警察要求开展体能测评。6.符合公安部网站补充公告有关要求。7.服从处内二次分配。","https://www.xuanhan.gov.cn/xxgk-show-77635.html#109212-300130851121","2023-10-15","{""dataset_year"":2024,""job_uid"":""GOV-2024-109212-300130851121"",""publisher"":""国家公务员局"",""publication_page"":""https://www.xuanhan.gov.cn/xxgk-show-77635.html"",""attachment_url"":""https://www.xuanhan.gov.cn/uploadfile/1/Attachment/638fdecf51.zip"",""local_source_file"":""中央机关及其直属机构2024年度考试录用公务员招考简章.xls"",""local_source_sha256"":""a1741b99dbecd6d03e533f99f2d69b0fa5a79733e551b80af69986ceed2ad996"",""source_sheet"":""中央国家行政机关省级以下直属机构"",""filter_version"":""government_tech_v2"",""tech_filter"":{""is_tech"":true,""is_core_tech"":true,""scope"":""core"",""categories"":[""computer_software"",""electronics_communication""],""matched_fields"":[""major"",""description""],""major_terms"":[""信息与通信工程"",""电子信息类"",""计算机类"",""通信工程""],""role_terms"":[""计算机""],""reason"":""tech_major_and_role""},""original"":{""部门代码"":""109212"",""部门名称"":""广州铁路公安局"",""用人司局"":""广州铁路公安局"",""机构性质"":""中央国家行政机关省级以下直属机构"",""招考职位"":""海口铁路公安处基层所队民警"",""职位属性"":""公安机关人民警察职位"",""职位分布"":""其他职位"",""职位简介"":""主要从事基层所队执法执勤及计算机相关工作"",""职位代码"":""300130851121"",""机构层级"":""市（地）级"",""考试类别"":""行政执法类"",""招考人数"":""1"",""专业"":""大学本科：0809计算机类、0808电子信息类；研究生：0810信息与通信工程"",""学历"":""本科及以上"",""学位"":""与最高学历相对应的学位"",""政治面貌"":""中共党员或共青团员"",""基层工作最低年限"":""无限制"",""服务基层项目工作经历"":""无限制"",""是否在面试阶段组织专业能力测试"":""否"",""面试人员比例"":""3:1"",""工作地点"":""海南省万宁市"",""落户地点"":""海南省海口市"",""备注"":""1.咨询电话：020-61323488。2.职位要求专业为报考者最高学历对应专业。3.招考对象为应届高校毕业生。4.工作强度大、任务重，限男性。5.按照招录人民警察要求开展体能测评。6.符合公安部网站补充公告有关要求。7.服从处内二次分配。"",""部门网站"":""无"",""咨询电话1"":""020-61323488"",""咨询电话2"":"""",""咨询电话3"":"""",""来源Sheet"":""中央国家行政机关省级以下直属机构""}}"
"government_jobs","国家公务员2024招考简章","公务员/事业单位技术岗位","海南省陵水黎族自治县","2026-07-28T09:12:58.310295+00:00","海口铁路公安处基层所队民警","广州铁路公安局","","海南省陵水黎族自治县","公务员/事业单位;2024;computer_software;electronics_communication;本科及以上;与最高学历相对应的学位;大学本科：0809计算机类、0809电子信息类；研究生：0810信息与通信工程;行政执法类","用人司局：广州铁路公安局
职位简介：主要从事基层所队执法执勤及计算机相关工作
专业要求：大学本科：0809计算机类、0809电子信息类；研究生：0810信息与通信工程
学历要求：本科及以上
学位要求：与最高学历相对应的学位
政治面貌：中共党员或共青团员
基层工作经历：无限制
考试类别：行政执法类
备注：1.咨询电话：020-61323488。2.职位要求专业为报考者最高学历对应专业。3.招考对象为应届高校毕业生。4.工作强度大、任务重，限男性。5.按照招录人民警察要求开展体能测评。6.符合公安部网站补充公告有关要求。7.服从处内二次分配。","https://www.xuanhan.gov.cn/xxgk-show-77635.html#109212-300130851122","2023-10-15","{""dataset_year"":2024,""job_uid"":""GOV-2024-109212-300130851122"",""publisher"":""国家公务员局"",""publication_page"":""https://www.xuanhan.gov.cn/xxgk-show-77635.html"",""attachment_url"":""https://www.xuanhan.gov.cn/uploadfile/1/Attachment/638fdecf51.zip"",""local_source_file"":""中央机关及其直属机构2024年度考试录用公务员招考简章.xls"",""local_source_sha256"":""a1741b99dbecd6d03e533f99f2d69b0fa5a79733e551b80af69986ceed2ad996"",""source_sheet"":""中央国家行政机关省级以下直属机构"",""filter_version"":""government_tech_v2"",""tech_filter"":{""is_tech"":true,""is_core_tech"":true,""scope"":""core"",""categories"":[""computer_software"",""electronics_communication""],""matched_fields"":[""major"",""description""],""major_terms"":[""信息与通信工程"",""电子信息类"",""计算机类"",""通信工程""],""role_terms"":[""计算机""],""reason"":""tech_major_and_role""},""original"":{""部门代码"":""109212"",""部门名称"":""广州铁路公安局"",""用人司局"":""广州铁路公安局"",""机构性质"":""中央国家行政机关省级以下直属机构"",""招考职位"":""海口铁路公安处基层所队民警"",""职位属性"":""公安机关人民警察职位"",""职位分布"":""其他职位"",""职位简介"":""主要从事基层所队执法执勤及计算机相关工作"",""职位代码"":""300130851122"",""机构层级"":""市（地）级"",""考试类别"":""行政执法类"",""招考人数"":""1"",""专业"":""大学本科：0809计算机类、0809电子信息类；研究生：0810信息与通信工程"",""学历"":""本科及以上"",""学位"":""与最高学历相对应的学位"",""政治面貌"":""中共党员或共青团员"",""基层工作最低年限"":""无限制"",""服务基层项目工作经历"":""无限制"",""是否在面试阶段组织专业能力测试"":""否"",""面试人员比例"":""3:1"",""工作地点"":""海南省陵水黎族自治县"",""落户地点"":""海南省海口市"",""备注"":""1.咨询电话：020-61323488。2.职位要求专业为报考者最高学历对应专业。3.招考对象为应届高校毕业生。4.工作强度大、任务重，限男性。5.按照招录人民警察要求开展体能测评。6.符合公安部网站补充公告有关要求。7.服从处内二次分配。"",""部门网站"":""无"",""咨询电话1"":""020-61323488"",""咨询电话2"":"""",""咨询电话3"":"""",""来源Sheet"":""中央国家行政机关省级以下直属机构""}}"
"government_jobs","国家公务员2024招考简章","公务员/事业单位技术岗位","湖南省怀化市","2026-07-28T09:12:58.310295+00:00","怀化铁路公安处基层所队民警","广州铁路公安局","","湖南省怀化市","公务员/事业单位;2024;computer_software;electronics_communication;本科及以上;与最高学历相对应的学位;大学本科：0807电子信息类、0809计算机类、0803仪器类；研究生：0835软件工程;行政执法类","用人司局：广州铁路公安局
职位简介：主要从事基层所队执法执勤及计算机相关工作
专业要求：大学本科：0807电子信息类、0809计算机类、0803仪器类；研究生：0835软件工程
学历要求：本科及以上
学位要求：与最高学历相对应的学位
政治面貌：中共党员或共青团员
基层工作经历：无限制
考试类别：行政执法类
备注：1.咨询电话：020-61323488。2.职位要求专业为报考者最高学历对应专业。3.招考对象为应届高校毕业生。4.工作强度大、任务重，限男性。5.按照招录人民警察要求开展体能测评。6.符合公安部网站补充公告有关要求。7.服从处内二次分配。","https://www.xuanhan.gov.cn/xxgk-show-77635.html#109212-300130851125","2023-10-15","{""dataset_year"":2024,""job_uid"":""GOV-2024-109212-300130851125"",""publisher"":""国家公务员局"",""publication_page"":""https://www.xuanhan.gov.cn/xxgk-show-77635.html"",""attachment_url"":""https://www.xuanhan.gov.cn/uploadfile/1/Attachment/638fdecf51.zip"",""local_source_file"":""中央机关及其直属机构2024年度考试录用公务员招考简章.xls"",""local_source_sha256"":""a1741b99dbecd6d03e533f99f2d69b0fa5a79733e551b80af69986ceed2ad996"",""source_sheet"":""中央国家行政机关省级以下直属机构"",""filter_version"":""government_tech_v2"",""tech_filter"":{""is_tech"":true,""is_core_tech"":true,""scope"":""core"",""categories"":[""computer_software"",""electronics_communication""],""matched_fields"":[""major"",""description""],""major_terms"":[""电子信息类"",""计算机类"",""软件工程""],""role_terms"":[""计算机""],""reason"":""tech_major_and_role""},""original"":{""部门代码"":""109212"",""部门名称"":""广州铁路公安局"",""用人司局"":""广州铁路公安局"",""机构性质"":""中央国家行政机关省级以下直属机构"",""招考职位"":""怀化铁路公安处基层所队民警"",""职位属性"":""公安机关人民警察职位"",""职位分布"":""其他职位"",""职位简介"":""主要从事基层所队执法执勤及计算机相关工作"",""职位代码"":""300130851125"",""机构层级"":""市（地）级"",""考试类别"":""行政执法类"",""招考人数"":""2"",""专业"":""大学本科：0807电子信息类、0809计算机类、0803仪器类；研究生：0835软件工程"",""学历"":""本科及以上"",""学位"":""与最高学历相对应的学位"",""政治面貌"":""中共党员或共青团员"",""基层工作最低年限"":""无限制"",""服务基层项目工作经历"":""无限制"",""是否在面试阶段组织专业能力测试"":""否"",""面试人员比例"":""3:1"",""工作地点"":""湖南省怀化市"",""落户地点"":""湖南省怀化市"",""备注"":""1.咨询电话：020-61323488。2.职位要求专业为报考者最高学历对应专业。3.招考对象为应届高校毕业生。4.工作强度大、任务重，限男性。5.按照招录人民警察要求开展体能测评。6.符合公安部网站补充公告有关要求。7.服从处内二次分配。"",""部门网站"":""无"",""咨询电话1"":""020-61323488"",""咨询电话2"":"""",""咨询电话3"":"""",""来源Sheet"":""中央国家行政机关省级以下直属机构""}}"
"government_jobs","国家公务员2024招考简章","公务员/事业单位技术岗位","四川省","2026-07-28T09:12:58.310295+00:00","成都铁路公安处基层所队民警","成都铁路公安局","","四川省","公务员/事业单位;2024;computer_software;本科及以上;与最高学历相对应的学位;大学本科：0809计算机类；研究生：0812计算机科学与技术;行政执法类","用人司局：成都铁路公安局
职位简介：主要从事线路治安管理、网络系统开发和计算机维护等工作
专业要求：大学本科：0809计算机类；研究生：0812计算机科学与技术
学历要求：本科及以上
学位要求：与最高学历相对应的学位
政治面貌：中共党员或共青团员
基层工作经历：无限制
考试类别：行政执法类
备注：1.咨询电话：028-86434928。2.职位要求专业为报考者最高学历对应专业。3.招录对象为应届高校毕业生。4.工作强度大、任务重，限男性。5.按照招录人民警察要求开展体能测评。6.符合公安部网站补充公告有关要求。7.服从处内二次分配。","https://www.xuanhan.gov.cn/xxgk-show-77635.html#109214-300130853007","2023-10-15","{""dataset_year"":2024,""job_uid"":""GOV-2024-109214-300130853007"",""publisher"":""国家公务员局"",""publication_page"":""https://www.xuanhan.gov.cn/xxgk-show-77635.html"",""attachment_url"":""https://www.xuanhan.gov.cn/uploadfile/1/Attachment/638fdecf51.zip"",""local_source_file"":""中央机关及其直属机构2024年度考试录用公务员招考简章.xls"",""local_source_sha256"":""a1741b99dbecd6d03e533f99f2d69b0fa5a79733e551b80af69986ceed2ad996"",""source_sheet"":""中央国家行政机关省级以下直属机构"",""filter_version"":""government_tech_v2"",""tech_filter"":{""is_tech"":true,""is_core_tech"":true,""scope"":""core"",""categories"":[""computer_software""],""matched_fields"":[""major"",""description""],""major_terms"":[""计算机科学与技术"",""计算机类""],""role_terms"":[""系统开发"",""计算机""],""reason"":""tech_major_and_role""},""original"":{""部门代码"":""109214"",""部门名称"":""成都铁路公安局"",""用人司局"":""成都铁路公安局"",""机构性质"":""中央国家行政机关省级以下直属机构"",""招考职位"":""成都铁路公安处基层所队民警"",""职位属性"":""公安机关人民警察职位"",""职位分布"":""西部地区和艰苦边远地区职位"",""职位简介"":""主要从事线路治安管理、网络系统开发和计算机维护等工作"",""职位代码"":""300130853007"",""机构层级"":""市（地）级"",""考试类别"":""行政执法类"",""招考人数"":""8"",""专业"":""大学本科：0809计算机类；研究生：0812计算机科学与技术"",""学历"":""本科及以上"",""学位"":""与最高学历相对应的学位"",""政治面貌"":""中共党员或共青团员"",""基层工作最低年限"":""无限制"",""服务基层项目工作经历"":""无限制"",""是否在面试阶段组织专业能力测试"":""否"",""面试人员比例"":""3:1"",""工作地点"":""四川省"",""落户地点"":""四川省成都市"",""备注"":""1.咨询电话：028-86434928。2.职位要求专业为报考者最高学历对应专业。3.招录对象为应届高校毕业生。4.工作强度大、任务重，限男性。5.按照招录人民警察要求开展体能测评。6.符合公安部网站补充公告有关要求。7.服从处内二次分配。"",""部门网站"":""http://weibo.com/xinantiejing"",""咨询电话1"":""028-86434928"",""咨询电话2"":"""",""咨询电话3"":"""",""来源Sheet"":""中央国家行政机关省级以下直属机构""}}"
"government_jobs","国家公务员2024招考简章","公务员/事业单位技术岗位","贵州省","2026-07-28T09:12:58.310295+00:00","贵阳铁路公安处基层所队民警","成都铁路公安局","","贵州省","公务员/事业单位;2024;computer_software;electronics_communication;本科及以上;与最高学历相对应的学位;大学本科：0807电子信息类；研究生：0812计算机科学与技术;行政执法类","用人司局：成都铁路公安局
职位简介：主要从事线路治安管理、网络系统开发和计算机维护等工作
专业要求：大学本科：0807电子信息类；研究生：0812计算机科学与技术
学历要求：本科及以上
学位要求：与最高学历相对应的学位
政治面貌：中共党员或共青团员
基层工作经历：无限制
考试类别：行政执法类
备注：1.咨询电话：028-86434928。2.职位要求专业为报考者最高学历对应专业。3.招录对象为应届高校毕业生。4.工作强度大、任务重，限男性。5.按照招录人民警察要求开展体能测评。6.符合公安部网站补充公告有关要求。7.服从处内二次分配。","https://www.xuanhan.gov.cn/xxgk-show-77635.html#109214-300130853036","2023-10-15","{""dataset_year"":2024,""job_uid"":""GOV-2024-109214-300130853036"",""publisher"":""国家公务员局"",""publication_page"":""https://www.xuanhan.gov.cn/xxgk-show-77635.html"",""attachment_url"":""https://www.xuanhan.gov.cn/uploadfile/1/Attachment/638fdecf51.zip"",""local_source_file"":""中央机关及其直属机构2024年度考试录用公务员招考简章.xls"",""local_source_sha256"":""a1741b99dbecd6d03e533f99f2d69b0fa5a79733e551b80af69986ceed2ad996"",""source_sheet"":""中央国家行政机关省级以下直属机构"",""filter_version"":""government_tech_v2"",""tech_filter"":{""is_tech"":true,""is_core_tech"":true,""scope"":""core"",""categories"":[""computer_software"",""electronics_communication""],""matched_fields"":[""major"",""description""],""major_terms"":[""电子信息类"",""计算机科学与技术""],""role_terms"":[""系统开发"",""计算机""],""reason"":""tech_major_and_role""},""original"":{""部门代码"":""109214"",""部门名称"":""成都铁路公安局"",""用人司局"":""成都铁路公安局"",""机构性质"":""中央国家行政机关省级以下直属机构"",""招考职位"":""贵阳铁路公安处基层所队民警"",""职位属性"":""公安机关人民警察职位"",""职位分布"":""西部地区和艰苦边远地区职位"",""职位简介"":""主要从事线路治安管理、网络系统开发和计算机维护等工作"",""职位代码"":""300130853036"",""机构层级"":""市（地）级"",""考试类别"":""行政执法类"",""招考人数"":""5"",""专业"":""大学本科：0807电子信息类；研究生：0812计算机科学与技术"",""学历"":""本科及以上"",""学位"":""与最高学历相对应的学位"",""政治面貌"":""中共党员或共青团员"",""基层工作最低年限"":""无限制"",""服务基层项目工作经历"":""无限制"",""是否在面试阶段组织专业能力测试"":""否"",""面试人员比例"":""3:1"",""工作地点"":""贵州省"",""落户地点"":""贵州省贵阳市"",""备注"":""1.咨询电话：028-86434928。2.职位要求专业为报考者最高学历对应专业。3.招录对象为应届高校毕业生。4.工作强度大、任务重，限男性。5.按照招录人民警察要求开展体能测评。6.符合公安部网站补充公告有关要求。7.服从处内二次分配。"",""部门网站"":""http://weibo.com/xinantiejing"",""咨询电话1"":""028-86434928"",""咨询电话2"":"""",""咨询电话3"":"""",""来源Sheet"":""中央国家行政机关省级以下直属机构""}}"
"government_jobs","国家公务员2024招考简章","公务员/事业单位技术岗位","四川省","2026-07-28T09:12:58.310295+00:00","西昌铁路公安处基层所队民警","成都铁路公安局","","四川省","公务员/事业单位;2024;computer_software;本科及以上;与最高学历相对应的学位;大学本科：0809计算机类；研究生：0812计算机科学与技术;行政执法类","用人司局：成都铁路公安局
职位简介：主要从事线路治安管理、网络系统开发和计算机维护等工作
专业要求：大学本科：0809计算机类；研究生：0812计算机科学与技术
学历要求：本科及以上
学位要求：与最高学历相对应的学位
政治面貌：中共党员或共青团员
基层工作经历：无限制
考试类别：行政执法类
备注：1.咨询电话：028-86434928。2.职位要求专业为报考者最高学历对应专业。3.招录对象为应届高校毕业生。4.工作强度大、任务重，限男性。5.按照招录人民警察要求开展体能测评。6.符合公安部网站补充公告有关要求。7.服从处内二次分配。","https://www.xuanhan.gov.cn/xxgk-show-77635.html#109214-300130853050","2023-10-15","{""dataset_year"":2024,""job_uid"":""GOV-2024-109214-300130853050"",""publisher"":""国家公务员局"",""publication_page"":""https://www.xuanhan.gov.cn/xxgk-show-77635.html"",""attachment_url"":""https://www.xuanhan.gov.cn/uploadfile/1/Attachment/638fdecf51.zip"",""local_source_file"":""中央机关及其直属机构2024年度考试录用公务员招考简章.xls"",""local_source_sha256"":""a1741b99dbecd6d03e533f99f2d69b0fa5a79733e551b80af69986ceed2ad996"",""source_sheet"":""中央国家行政机关省级以下直属机构"",""filter_version"":""government_tech_v2"",""tech_filter"":{""is_tech"":true,""is_core_tech"":true,""scope"":""core"",""categories"":[""computer_software""],""matched_fields"":[""major"",""description""],""major_terms"":[""计算机科学与技术"",""计算机类""],""role_terms"":[""系统开发"",""计算机""],""reason"":""tech_major_and_role""},""original"":{""部门代码"":""109214"",""部门名称"":""成都铁路公安局"",""用人司局"":""成都铁路公安局"",""机构性质"":""中央国家行政机关省级以下直属机构"",""招考职位"":""西昌铁路公安处基层所队民警"",""职位属性"":""公安机关人民警察职位"",""职位分布"":""西部地区和艰苦边远地区职位"",""职位简介"":""主要从事线路治安管理、网络系统开发和计算机维护等工作"",""职位代码"":""300130853050"",""机构层级"":""市（地）级"",""考试类别"":""行政执法类"",""招考人数"":""2"",""专业"":""大学本科：0809计算机类；研究生：0812计算机科学与技术"",""学历"":""本科及以上"",""学位"":""与最高学历相对应的学位"",""政治面貌"":""中共党员或共青团员"",""基层工作最低年限"":""无限制"",""服务基层项目工作经历"":""无限制"",""是否在面试阶段组织专业能力测试"":""否"",""面试人员比例"":""3:1"",""工作地点"":""四川省"",""落户地点"":""四川省凉山彝族自治州"",""备注"":""1.咨询电话：028-86434928。2.职位要求专业为报考者最高学历对应专业。3.招录对象为应届高校毕业生。4.工作强度大、任务重，限男性。5.按照招录人民警察要求开展体能测评。6.符合公安部网站补充公告有关要求。7.服从处内二次分配。"",""部门网站"":""http://weibo.com/xinantiejing"",""咨询电话1"":""028-86434928"",""咨询电话2"":"""",""咨询电话3"":"""",""来源Sheet"":""中央国家行政机关省级以下直属机构""}}"
"government_jobs","国家公务员2024招考简章","公务员/事业单位技术岗位","云南省","2026-07-28T09:12:58.310295+00:00","昆明铁路公安处基层所队民警","昆明铁路公安局","","云南省","公务员/事业单位;2024;computer_software;cybersecurity_cryptography;本科及以上;与最高学历相对应的学位;大学本科：0809（01计算机科学与技术、05物联网工程、04K信息安全、06数字媒体技术） 研究生：0812计算机科学与技术;行政执法类","用人司局：昆明铁路公安局
职位简介：主要从事车站治安管理和计算机维护工作
专业要求：大学本科：0809（01计算机科学与技术、05物联网工程、04K信息安全、06数字媒体技术） 研究生：0812计算机科学与技术
学历要求：本科及以上
学位要求：与最高学历相对应的学位
政治面貌：中共党员或共青团员
基层工作经历：无限制
考试类别：行政执法类
备注：1.咨询电话：0871-66159488，66159908。2.职位要求专业为报考者最高学历对应专业。3.招考对象为应届高校毕业生，云南省生源。4.按照招录人民警察要求开展体能测评。5.符合公安部网站补充公告有关要求。6.服从处内二次分配。","https://www.xuanhan.gov.cn/xxgk-show-77635.html#109215-300130854002","2023-10-15","{""dataset_year"":2024,""job_uid"":""GOV-2024-109215-300130854002"",""publisher"":""国家公务员局"",""publication_page"":""https://www.xuanhan.gov.cn/xxgk-show-77635.html"",""attachment_url"":""https://www.xuanhan.gov.cn/uploadfile/1/Attachment/638fdecf51.zip"",""local_source_file"":""中央机关及其直属机构2024年度考试录用公务员招考简章.xls"",""local_source_sha256"":""a1741b99dbecd6d03e533f99f2d69b0fa5a79733e551b80af69986ceed2ad996"",""source_sheet"":""中央国家行政机关省级以下直属机构"",""filter_version"":""government_tech_v2"",""tech_filter"":{""is_tech"":true,""is_core_tech"":true,""scope"":""core"",""categories"":[""computer_software"",""cybersecurity_cryptography""],""matched_fields"":[""major"",""description""],""major_terms"":[""信息安全"",""数字媒体技术"",""物联网工程"",""计算机科学与技术""],""role_terms"":[""计算机""],""reason"":""tech_major_and_role""},""original"":{""部门代码"":""109215"",""部门名称"":""昆明铁路公安局"",""用人司局"":""昆明铁路公安局"",""机构性质"":""中央国家行政机关省级以下直属机构"",""招考职位"":""昆明铁路公安处基层所队民警"",""职位属性"":""公安机关人民警察职位"",""职位分布"":""西部地区和艰苦边远地区职位"",""职位简介"":""主要从事车站治安管理和计算机维护工作"",""职位代码"":""300130854002"",""机构层级"":""市（地）级"",""考试类别"":""行政执法类"",""招考人数"":""2"",""专业"":""大学本科：0809（01计算机科学与技术、05物联网工程、04K信息安全、06数字媒体技术） 研究生：0812计算机科学与技术"",""学历"":""本科及以上"",""学位"":""与最高学历相对应的学位"",""政治面貌"":""中共党员或共青团员"",""基层工作最低年限"":""无限制"",""服务基层项目工作经历"":""无限制"",""是否在面试阶段组织专业能力测试"":""否"",""面试人员比例"":""3:1"",""工作地点"":""云南省"",""落户地点"":""云南省昆明市"",""备注"":""1.咨询电话：0871-66159488，66159908。2.职位要求专业为报考者最高学历对应专业。3.招考对象为应届高校毕业生，云南省生源。4.按照招录人民警察要求开展体能测评。5.符合公安部网站补充公告有关要求。6.服从处内二次分配。"",""部门网站"":""无"",""咨询电话1"":""0871-66159488"",""咨询电话2"":""0871-66159908"",""咨询电话3"":"""",""来源Sheet"":""中央国家行政机关省级以下直属机构""}}"
"government_jobs","国家公务员2024招考简章","公务员/事业单位技术岗位","云南省","2026-07-28T09:12:58.310295+00:00","昆明铁路公安处基层所队民警","昆明铁路公安局","","云南省","公务员/事业单位;2024;computer_software;electronics_communication;本科及以上;与最高学历相对应的学位;大学本科：080701电子信息工程、080902软件工程、080903网络工程 研究生：0854电子信息、 0812计算机科学与技术;行政执法类","用人司局：昆明铁路公安局
职位简介：主要从事车站治安管理和计算机维护工作
专业要求：大学本科：080701电子信息工程、080902软件工程、080903网络工程 研究生：0854电子信息、 0812计算机科学与技术
学历要求：本科及以上
学位要求：与最高学历相对应的学位
政治面貌：中共党员或共青团员
基层工作经历：无限制
考试类别：行政执法类
备注：1.咨询电话：0871-66159488，66159908。2.职位要求专业为报考者最高学历对应专业。3.招考对象为应届高校毕业生。4.工作强度大、任务重，限男性。5.按照招录人民警察要求开展体能测评。6.符合公安部网站补充公告有关要求。7.服从处内二次分配。","https://www.xuanhan.gov.cn/xxgk-show-77635.html#109215-300130854005","2023-10-15","{""dataset_year"":2024,""job_uid"":""GOV-2024-109215-300130854005"",""publisher"":""国家公务员局"",""publication_page"":""https://www.xuanhan.gov.cn/xxgk-show-77635.html"",""attachment_url"":""https://www.xuanhan.gov.cn/uploadfile/1/Attachment/638fdecf51.zip"",""local_source_file"":""中央机关及其直属机构2024年度考试录用公务员招考简章.xls"",""local_source_sha256"":""a1741b99dbecd6d03e533f99f2d69b0fa5a79733e551b80af69986ceed2ad996"",""source_sheet"":""中央国家行政机关省级以下直属机构"",""filter_version"":""government_tech_v2"",""tech_filter"":{""is_tech"":true,""is_core_tech"":true,""scope"":""core"",""categories"":[""computer_software"",""electronics_communication""],""matched_fields"":[""major"",""description""],""major_terms"":[""电子信息"",""电子信息工程"",""网络工程"",""计算机科学与技术"",""软件工程""],""role_terms"":[""计算机""],""reason"":""tech_major_and_role""},""original"":{""部门代码"":""109215"",""部门名称"":""昆明铁路公安局"",""用人司局"":""昆明铁路公安局"",""机构性质"":""中央国家行政机关省级以下直属机构"",""招考职位"":""昆明铁路公安处基层所队民警"",""职位属性"":""公安机关人民警察职位"",""职位分布"":""西部地区和艰苦边远地区职位"",""职位简介"":""主要从事车站治安管理和计算机维护工作"",""职位代码"":""300130854005"",""机构层级"":""市（地）级"",""考试类别"":""行政执法类"",""招考人数"":""3"",""专业"":""大学本科：080701电子信息工程、080902软件工程、080903网络工程 研究生：0854电子信息、 0812计算机科学与技术"",""学历"":""本科及以上"",""学位"":""与最高学历相对应的学位"",""政治面貌"":""中共党员或共青团员"",""基层工作最低年限"":""无限制"",""服务基层项目工作经历"":""无限制"",""是否在面试阶段组织专业能力测试"":""否"",""面试人员比例"":""3:1"",""工作地点"":""云南省"",""落户地点"":""云南省昆明市"",""备注"":""1.咨询电话：0871-66159488，66159908。2.职位要求专业为报考者最高学历对应专业。3.招考对象为应届高校毕业生。4.工作强度大、任务重，限男性。5.按照招录人民警察要求开展体能测评。6.符合公安部网站补充公告有关要求。7.服从处内二次分配。"",""部门网站"":""无"",""咨询电话1"":""0871-66159488"",""咨询电话2"":""0871-66159908"",""咨询电话3"":"""",""来源Sheet"":""中央国家行政机关省级以下直属机构""}}"
"government_jobs","国家公务员2024招考简章","公务员/事业单位技术岗位","云南省","2026-07-28T09:12:58.310295+00:00","昆明铁路公安处基层所队民警","昆明铁路公安局","","云南省","公务员/事业单位;2024;automation_robotics;computer_software;cybersecurity_cryptography;本科及以上;与最高学历相对应的学位;大学本科：0809（01计算机科学与技术、04K信息安全、11TK网络空间安全）、080803T机器人工程 研究生：0812计算机科学与技术;行政执法类","用人司局：昆明铁路公安局
职位简介：主要从事车站治安管理和计算机维护工作
专业要求：大学本科：0809（01计算机科学与技术、04K信息安全、11TK网络空间安全）、080803T机器人工程 研究生：0812计算机科学与技术
学历要求：本科及以上
学位要求：与最高学历相对应的学位
政治面貌：中共党员或共青团员
基层工作经历：无限制
考试类别：行政执法类
备注：1.咨询电话：0871-66159488，66159908。2.职位要求专业为报考者最高学历对应专业。3.招考对象为应届高校毕业生，云南省生源。4.工作强度大、任务重，限男性。5.按照招录人民警察要求开展体能测评。6.符合公安部网站补充公告有关要求。7.服从处内二次分配。","https://www.xuanhan.gov.cn/xxgk-show-77635.html#109215-300130854008","2023-10-15","{""dataset_year"":2024,""job_uid"":""GOV-2024-109215-300130854008"",""publisher"":""国家公务员局"",""publication_page"":""https://www.xuanhan.gov.cn/xxgk-show-77635.html"",""attachment_url"":""https://www.xuanhan.gov.cn/uploadfile/1/Attachment/638fdecf51.zip"",""local_source_file"":""中央机关及其直属机构2024年度考试录用公务员招考简章.xls"",""local_source_sha256"":""a1741b99dbecd6d03e533f99f2d69b0fa5a79733e551b80af69986ceed2ad996"",""source_sheet"":""中央国家行政机关省级以下直属机构"",""filter_version"":""government_tech_v2"",""tech_filter"":{""is_tech"":true,""is_core_tech"":true,""scope"":""core"",""categories"":[""automation_robotics"",""computer_software"",""cybersecurity_cryptography""],""matched_fields"":[""major"",""description""],""major_terms"":[""信息安全"",""机器人工程"",""网络空间安全"",""计算机科学与技术""],""role_terms"":[""计算机""],""reason"":""tech_major_and_role""},""original"":{""部门代码"":""109215"",""部门名称"":""昆明铁路公安局"",""用人司局"":""昆明铁路公安局"",""机构性质"":""中央国家行政机关省级以下直属机构"",""招考职位"":""昆明铁路公安处基层所队民警"",""职位属性"":""公安机关人民警察职位"",""职位分布"":""西部地区和艰苦边远地区职位"",""职位简介"":""主要从事车站治安管理和计算机维护工作"",""职位代码"":""300130854008"",""机构层级"":""市（地）级"",""考试类别"":""行政执法类"",""招考人数"":""2"",""专业"":""大学本科：0809（01计算机科学与技术、04K信息安全、11TK网络空间安全）、080803T机器人工程 研究生：0812计算机科学与技术"",""学历"":""本科及以上"",""学位"":""与最高学历相对应的学位"",""政治面貌"":""中共党员或共青团员"",""基层工作最低年限"":""无限制"",""服务基层项目工作经历"":""无限制"",""是否在面试阶段组织专业能力测试"":""否"",""面试人员比例"":""3:1"",""工作地点"":""云南省"",""落户地点"":""云南省昆明市"",""备注"":""1.咨询电话：0871-66159488，66159908。2.职位要求专业为报考者最高学历对应专业。3.招考对象为应届高校毕业生，云南省生源。4.工作强度大、任务重，限男性。5.按照招录人民警察要求开展体能测评。6.符合公安部网站补充公告有关要求。7.服从处内二次分配。"",""部门网站"":""无"",""咨询电话1"":""0871-66159488"",""咨询电话2"":""0871-66159908"",""咨询电话3"":"""",""来源Sheet"":""中央国家行政机关省级以下直属机构""}}"
"government_jobs","国家公务员2024招考简章","公务员/事业单位技术岗位","云南省","2026-07-28T09:12:58.310295+00:00","开远铁路公安处基层所队民警","昆明铁路公安局","","云南省","公务员/事业单位;2024;computer_software;cybersecurity_cryptography;本科及以上;与最高学历相对应的学位;大学本科：080901计算机科学与技术、070102信息与计算科学、080902软件工程、080904K信息安全 研究生：0812计算机科学与技术;行政执法类","用人司局：昆明铁路公安局
职位简介：主要从事车站治安管理和计算机维护工作
专业要求：大学本科：080901计算机科学与技术、070102信息与计算科学、080902软件工程、080904K信息安全 研究生：0812计算机科学与技术
学历要求：本科及以上
学位要求：与最高学历相对应的学位
政治面貌：中共党员或共青团员
基层工作经历：无限制
考试类别：行政执法类
备注：1.咨询电话：0871-66159488，66159908。2.职位要求专业为报考者最高学历对应专业。3.招考对象为应届高校毕业生。4.工作强度大、任务重，限男性。5.按照招录人民警察要求开展体能测评。6.符合公安部网站补充公告有关要求。7.服从处内二次分配。","https://www.xuanhan.gov.cn/xxgk-show-77635.html#109215-300130854021","2023-10-15","{""dataset_year"":2024,""job_uid"":""GOV-2024-109215-300130854021"",""publisher"":""国家公务员局"",""publication_page"":""https://www.xuanhan.gov.cn/xxgk-show-77635.html"",""attachment_url"":""https://www.xuanhan.gov.cn/uploadfile/1/Attachment/638fdecf51.zip"",""local_source_file"":""中央机关及其直属机构2024年度考试录用公务员招考简章.xls"",""local_source_sha256"":""a1741b99dbecd6d03e533f99f2d69b0fa5a79733e551b80af69986ceed2ad996"",""source_sheet"":""中央国家行政机关省级以下直属机构"",""filter_version"":""government_tech_v2"",""tech_filter"":{""is_tech"":true,""is_core_tech"":true,""scope"":""core"",""categories"":[""computer_software"",""cybersecurity_cryptography""],""matched_fields"":[""major"",""description""],""major_terms"":[""信息安全"",""计算机科学与技术"",""软件工程""],""role_terms"":[""计算机""],""reason"":""tech_major_and_role""},""original"":{""部门代码"":""109215"",""部门名称"":""昆明铁路公安局"",""用人司局"":""昆明铁路公安局"",""机构性质"":""中央国家行政机关省级以下直属机构"",""招考职位"":""开远铁路公安处基层所队民警"",""职位属性"":""公安机关人民警察职位"",""职位分布"":""西部地区和艰苦边远地区职位"",""职位简介"":""主要从事车站治安管理和计算机维护工作"",""职位代码"":""300130854021"",""机构层级"":""市（地）级"",""考试类别"":""行政执法类"",""招考人数"":""5"",""专业"":""大学本科：080901计算机科学与技术、070102信息与计算科学、080902软件工程、080904K信息安全 研究生：0812计算机科学与技术"",""学历"":""本科及以上"",""学位"":""与最高学历相对应的学位"",""政治面貌"":""中共党员或共青团员"",""基层工作最低年限"":""无限制"",""服务基层项目工作经历"":""无限制"",""是否在面试阶段组织专业能力测试"":""否"",""面试人员比例"":""3:1"",""工作地点"":""云南省"",""落户地点"":""云南省红河哈尼族彝族自治州"",""备注"":""1.咨询电话：0871-66159488，66159908。2.职位要求专业为报考者最高学历对应专业。3.招考对象为应届高校毕业生。4.工作强度大、任务重，限男性。5.按照招录人民警察要求开展体能测评。6.符合公安部网站补充公告有关要求。7.服从处内二次分配。"",""部门网站"":""无"",""咨询电话1"":""0871-66159488"",""咨询电话2"":""0871-66159908"",""咨询电话3"":"""",""来源Sheet"":""中央国家行政机关省级以下直属机构""}}"
"government_jobs","国家公务员2024招考简章","公务员/事业单位技术岗位","云南省","2026-07-28T09:12:58.310295+00:00","开远铁路公安处基层所队民警","昆明铁路公安局","","云南省","公务员/事业单位;2024;computer_software;cybersecurity_cryptography;electronics_communication;本科及以上;与最高学历相对应的学位;大学本科：120108T大数据管理与应用、080911TK网络空间安全、080910T数据科学与大数据技术、080703通信工程、080903网络工程 研究生：0854电子信息;行政执法类","用人司局：昆明铁路公安局
职位简介：主要从事车站治安管理和计算机维护工作
专业要求：大学本科：120108T大数据管理与应用、080911TK网络空间安全、080910T数据科学与大数据技术、080703通信工程、080903网络工程 研究生：0854电子信息
学历要求：本科及以上
学位要求：与最高学历相对应的学位
政治面貌：中共党员或共青团员
基层工作经历：无限制
考试类别：行政执法类
备注：1.咨询电话：0871-66159488，66159908。2.职位要求专业为报考者最高学历对应专业。3.招考对象为应届高校毕业生。4.工作强度大、任务重，限男性。5.按照招录人民警察要求开展体能测评。6.符合公安部网站补充公告有关要求。7.服从处内二次分配。","https://www.xuanhan.gov.cn/xxgk-show-77635.html#109215-300130854023","2023-10-15","{""dataset_year"":2024,""job_uid"":""GOV-2024-109215-300130854023"",""publisher"":""国家公务员局"",""publication_page"":""https://www.xuanhan.gov.cn/xxgk-show-77635.html"",""attachment_url"":""https://www.xuanhan.gov.cn/uploadfile/1/Attachment/638fdecf51.zip"",""local_source_file"":""中央机关及其直属机构2024年度考试录用公务员招考简章.xls"",""local_source_sha256"":""a1741b99dbecd6d03e533f99f2d69b0fa5a79733e551b80af69986ceed2ad996"",""source_sheet"":""中央国家行政机关省级以下直属机构"",""filter_version"":""government_tech_v2"",""tech_filter"":{""is_tech"":true,""is_core_tech"":true,""scope"":""core"",""categories"":[""computer_software"",""cybersecurity_cryptography"",""electronics_communication""],""matched_fields"":[""major"",""description""],""major_terms"":[""大数据"",""数据科学与大数据技术"",""电子信息"",""网络工程"",""网络空间安全"",""通信工程""],""role_terms"":[""计算机""],""reason"":""tech_major_and_role""},""original"":{""部门代码"":""109215"",""部门名称"":""昆明铁路公安局"",""用人司局"":""昆明铁路公安局"",""机构性质"":""中央国家行政机关省级以下直属机构"",""招考职位"":""开远铁路公安处基层所队民警"",""职位属性"":""公安机关人民警察职位"",""职位分布"":""西部地区和艰苦边远地区职位"",""职位简介"":""主要从事车站治安管理和计算机维护工作"",""职位代码"":""300130854023"",""机构层级"":""市（地）级"",""考试类别"":""行政执法类"",""招考人数"":""3"",""专业"":""大学本科：120108T大数据管理与应用、080911TK网络空间安全、080910T数据科学与大数据技术、080703通信工程、080903网络工程 研究生：0854电子信息"",""学历"":""本科及以上"",""学位"":""与最高学历相对应的学位"",""政治面貌"":""中共党员或共青团员"",""基层工作最低年限"":""无限制"",""服务基层项目工作经历"":""无限制"",""是否在面试阶段组织专业能力测试"":""否"",""面试人员比例"":""3:1"",""工作地点"":""云南省"",""落户地点"":""云南省红河哈尼族彝族自治州"",""备注"":""1.咨询电话：0871-66159488，66159908。2.职位要求专业为报考者最高学历对应专业。3.招考对象为应届高校毕业生。4.工作强度大、任务重，限男性。5.按照招录人民警察要求开展体能测评。6.符合公安部网站补充公告有关要求。7.服从处内二次分配。"",""部门网站"":""无"",""咨询电话1"":""0871-66159488"",""咨询电话2"":""0871-66159908"",""咨询电话3"":"""",""来源Sheet"":""中央国家行政机关省级以下直属机构""}}"
"government_jobs","国家公务员2024招考简章","公务员/事业单位技术岗位","云南省","2026-07-28T09:12:58.310295+00:00","开远铁路公安处基层所队民警","昆明铁路公安局","","云南省","公务员/事业单位;2024;computer_software;本科及以上;与最高学历相对应的学位;大学本科：071201统计学、080910T数据科学与大数据技术、080901计算机科学与技术 研究生：0812计算机科学与技术;行政执法类","用人司局：昆明铁路公安局
职位简介：主要从事车站治安管理和计算机维护工作
专业要求：大学本科：071201统计学、080910T数据科学与大数据技术、080901计算机科学与技术 研究生：0812计算机科学与技术
学历要求：本科及以上
学位要求：与最高学历相对应的学位
政治面貌：中共党员或共青团员
基层工作经历：无限制
考试类别：行政执法类
备注：1.咨询电话：0871-66159488，66159908。2.职位要求专业为报考者最高学历对应专业。3.招考对象为应届高校毕业生。4.工作强度大、任务重，限男性。5.按照招录人民警察要求开展体能测评。6.符合公安部网站补充公告有关要求。7.服从处内二次分配。","https://www.xuanhan.gov.cn/xxgk-show-77635.html#109215-300130854036","2023-10-15","{""dataset_year"":2024,""job_uid"":""GOV-2024-109215-300130854036"",""publisher"":""国家公务员局"",""publication_page"":""https://www.xuanhan.gov.cn/xxgk-show-77635.html"",""attachment_url"":""https://www.xuanhan.gov.cn/uploadfile/1/Attachment/638fdecf51.zip"",""local_source_file"":""中央机关及其直属机构2024年度考试录用公务员招考简章.xls"",""local_source_sha256"":""a1741b99dbecd6d03e533f99f2d69b0fa5a79733e551b80af69986ceed2ad996"",""source_sheet"":""中央国家行政机关省级以下直属机构"",""filter_version"":""government_tech_v2"",""tech_filter"":{""is_tech"":true,""is_core_tech"":true,""scope"":""core"",""categories"":[""computer_software""],""matched_fields"":[""major"",""description""],""major_terms"":[""大数据"",""数据科学与大数据技术"",""计算机科学与技术""],""role_terms"":[""计算机""],""reason"":""tech_major_and_role""},""original"":{""部门代码"":""109215"",""部门名称"":""昆明铁路公安局"",""用人司局"":""昆明铁路公安局"",""机构性质"":""中央国家行政机关省级以下直属机构"",""招考职位"":""开远铁路公安处基层所队民警"",""职位属性"":""公安机关人民警察职位"",""职位分布"":""西部地区和艰苦边远地区职位"",""职位简介"":""主要从事车站治安管理和计算机维护工作"",""职位代码"":""300130854036"",""机构层级"":""市（地）级"",""考试类别"":""行政执法类"",""招考人数"":""2"",""专业"":""大学本科：071201统计学、080910T数据科学与大数据技术、080901计算机科学与技术 研究生：0812计算机科学与技术"",""学历"":""本科及以上"",""学位"":""与最高学历相对应的学位"",""政治面貌"":""中共党员或共青团员"",""基层工作最低年限"":""无限制"",""服务基层项目工作经历"":""无限制"",""是否在面试阶段组织专业能力测试"":""否"",""面试人员比例"":""3:1"",""工作地点"":""云南省"",""落户地点"":""云南省红河哈尼族彝族自治州"",""备注"":""1.咨询电话：0871-66159488，66159908。2.职位要求专业为报考者最高学历对应专业。3.招考对象为应届高校毕业生。4.工作强度大、任务重，限男性。5.按照招录人民警察要求开展体能测评。6.符合公安部网站补充公告有关要求。7.服从处内二次分配。"",""部门网站"":""无"",""咨询电话1"":""0871-66159488"",""咨询电话2"":""0871-66159908"",""咨询电话3"":"""",""来源Sheet"":""中央国家行政机关省级以下直属机构""}}"
"government_jobs","国家公务员2024招考简章","公务员/事业单位技术岗位","吉林省长春市","2026-07-28T09:12:58.310295+00:00","办公室一级警长及以下","长春海关缉私局","","吉林省长春市","公务员/事业单位;2024;automation_robotics;computer_software;仅限硕士研究生;硕士;研究生：081200计算机科学与技术、081201计算机系统结构、081202计算机软件与理论、081203计算机应用技术;行政执法类","用人司局：长春海关缉私局
职位简介：主要从事办公自动化、技术保障等工作
专业要求：研究生：081200计算机科学与技术、081201计算机系统结构、081202计算机软件与理论、081203计算机应用技术
学历要求：仅限硕士研究生
学位要求：硕士
政治面貌：中共党员或共青团员
基层工作经历：无限制
考试类别：行政执法类
备注：1.咨询电话：0431-84601521。
2.职位要求专业为报考者最高学历对应专业。
3.招考对象为2024届高校毕业生。
4.工作强度大、任务重，限男性。
5.按照招录人民警察要求开展体能测评。
6.符合公安部网站补充公告有关要求。
7.研究生学历要求大学英语六级425分及以上。","https://www.xuanhan.gov.cn/xxgk-show-77635.html#109410-300130003003","2023-10-15","{""dataset_year"":2024,""job_uid"":""GOV-2024-109410-300130003003"",""publisher"":""国家公务员局"",""publication_page"":""https://www.xuanhan.gov.cn/xxgk-show-77635.html"",""attachment_url"":""https://www.xuanhan.gov.cn/uploadfile/1/Attachment/638fdecf51.zip"",""local_source_file"":""中央机关及其直属机构2024年度考试录用公务员招考简章.xls"",""local_source_sha256"":""a1741b99dbecd6d03e533f99f2d69b0fa5a79733e551b80af69986ceed2ad996"",""source_sheet"":""中央国家行政机关省级以下直属机构"",""filter_version"":""government_tech_v2"",""tech_filter"":{""is_tech"":true,""is_core_tech"":true,""scope"":""core"",""categories"":[""automation_robotics"",""computer_software""],""matched_fields"":[""major"",""description""],""major_terms"":[""计算机"",""计算机科学与技术""],""role_terms"":[""自动化""],""reason"":""tech_major_and_role""},""original"":{""部门代码"":""109410"",""部门名称"":""长春海关缉私局"",""用人司局"":""长春海关缉私局"",""机构性质"":""中央国家行政机关省级以下直属机构"",""招考职位"":""办公室一级警长及以下"",""职位属性"":""公安机关人民警察职位"",""职位分布"":""西部地区和艰苦边远地区职位"",""职位简介"":""主要从事办公自动化、技术保障等工作"",""职位代码"":""300130003003"",""机构层级"":""市（地）级"",""考试类别"":""行政执法类"",""招考人数"":""1"",""专业"":""研究生：081200计算机科学与技术、081201计算机系统结构、081202计算机软件与理论、081203计算机应用技术"",""学历"":""仅限硕士研究生"",""学位"":""硕士"",""政治面貌"":""中共党员或共青团员"",""基层工作最低年限"":""无限制"",""服务基层项目工作经历"":""无限制"",""是否在面试阶段组织专业能力测试"":""否"",""面试人员比例"":""3:1"",""工作地点"":""吉林省长春市"",""落户地点"":""吉林省长春市"",""备注"":""1.咨询电话：0431-84601521。\n2.职位要求专业为报考者最高学历对应专业。\n3.招考对象为2024届高校毕业生。\n4.工作强度大、任务重，限男性。\n5.按照招录人民警察要求开展体能测评。\n6.符合公安部网站补充公告有关要求。\n7.研究生学历要求大学英语六级425分及以上。"",""部门网站"":""http://changchun.customs.gov.cn/"",""咨询电话1"":""0431-84601521"",""咨询电话2"":""0431-84901919"",""咨询电话3"":"""",""来源Sheet"":""中央国家行政机关省级以下直属机构""}}"
"government_jobs","国家公务员2024招考简章","公务员/事业单位技术岗位","吉林省延边朝鲜族自治州","2026-07-28T09:12:58.310295+00:00","延吉海关缉私分局一级警长及以下","长春海关缉私局","","吉林省延边朝鲜族自治州","公务员/事业单位;2024;automation_robotics;computer_software;仅限本科;学士;大学本科：080901计算机科学与技术;行政执法类","用人司局：长春海关缉私局
职位简介：主要从事办公自动化、技术保障等工作
专业要求：大学本科：080901计算机科学与技术
学历要求：仅限本科
学位要求：学士
政治面貌：中共党员或共青团员
基层工作经历：二年
考试类别：行政执法类
备注：1.咨询电话：0431-84601521。
2.职位要求专业为报考者最高学历对应专业。
3.非应届高校毕业生应为具有2年以上工作经历的国有企事业单位在职人员。
4.工作强度大、任务重，限男性。
5.按照招录人民警察要求开展体能测评。
6.符合公安部网站补充公告有关要求。
7.本科学历要求大学英语四级425分及以上。","https://www.xuanhan.gov.cn/xxgk-show-77635.html#109410-300130003004","2023-10-15","{""dataset_year"":2024,""job_uid"":""GOV-2024-109410-300130003004"",""publisher"":""国家公务员局"",""publication_page"":""https://www.xuanhan.gov.cn/xxgk-show-77635.html"",""attachment_url"":""https://www.xuanhan.gov.cn/uploadfile/1/Attachment/638fdecf51.zip"",""local_source_file"":""中央机关及其直属机构2024年度考试录用公务员招考简章.xls"",""local_source_sha256"":""a1741b99dbecd6d03e533f99f2d69b0fa5a79733e551b80af69986ceed2ad996"",""source_sheet"":""中央国家行政机关省级以下直属机构"",""filter_version"":""government_tech_v2"",""tech_filter"":{""is_tech"":true,""is_core_tech"":true,""scope"":""core"",""categories"":[""automation_robotics"",""computer_software""],""matched_fields"":[""major"",""description""],""major_terms"":[""计算机科学与技术""],""role_terms"":[""自动化""],""reason"":""tech_major_and_role""},""original"":{""部门代码"":""109410"",""部门名称"":""长春海关缉私局"",""用人司局"":""长春海关缉私局"",""机构性质"":""中央国家行政机关省级以下直属机构"",""招考职位"":""延吉海关缉私分局一级警长及以下"",""职位属性"":""公安机关人民警察职位"",""职位分布"":""西部地区和艰苦边远地区职位"",""职位简介"":""主要从事办公自动化、技术保障等工作"",""职位代码"":""300130003004"",""机构层级"":""市（地）级"",""考试类别"":""行政执法类"",""招考人数"":""1"",""专业"":""大学本科：080901计算机科学与技术"",""学历"":""仅限本科"",""学位"":""学士"",""政治面貌"":""中共党员或共青团员"",""基层工作最低年限"":""二年"",""服务基层项目工作经历"":""大学生村官、农村义务教育阶段学校教师特设岗位计划、“三支一扶”计划、大学生志愿服务西部计划"",""是否在面试阶段组织专业能力测试"":""否"",""面试人员比例"":""3:1"",""工作地点"":""吉林省延边朝鲜族自治州"",""落户地点"":""吉林省延边朝鲜族自治州"",""备注"":""1.咨询电话：0431-84601521。\n2.职位要求专业为报考者最高学历对应专业。\n3.非应届高校毕业生应为具有2年以上工作经历的国有企事业单位在职人员。\n4.工作强度大、任务重，限男性。\n5.按照招录人民警察要求开展体能测评。\n6.符合公安部网站补充公告有关要求。\n7.本科学历要求大学英语四级425分及以上。"",""部门网站"":""http://changchun.customs.gov.cn/"",""咨询电话1"":""0431-84601521"",""咨询电话2"":""0431-84901919"",""咨询电话3"":"""",""来源Sheet"":""中央国家行政机关省级以下直属机构""}}"
"government_jobs","国家公务员2024招考简章","公务员/事业单位技术岗位","上海市浦东新区","2026-07-28T09:12:58.310295+00:00","上海外高桥港区海关缉私分局一级警长及以下","上海海关缉私局","","上海市浦东新区","公务员/事业单位;2024;computer_software;本科及以上;与最高学历相对应的学位;研究生：0812计算机科学与技术 大学本科：0809计算机类;行政执法类","用人司局：上海海关缉私局
职位简介：主要从事智慧缉私建设等工作
专业要求：研究生：0812计算机科学与技术 大学本科：0809计算机类
学历要求：本科及以上
学位要求：与最高学历相对应的学位
政治面貌：中共党员或共青团员
基层工作经历：二年
考试类别：行政执法类
备注：1.咨询电话：021-68894227。
2.职位要求专业为报考者最高学历对应专业。
3.非应届高校毕业生应为具有2年以上工作经历的国有企事业单位在职人员。
4.工作强度大、任务重，限男性。
5.按照招录人民警察要求开展体能测评。
6.符合公安部网站补充公告有关要求。
7.本科学历要求大学英语四级425分及以上，研究生学历要求大学英语六级425分及以上。","https://www.xuanhan.gov.cn/xxgk-show-77635.html#109412-300130001002","2023-10-15","{""dataset_year"":2024,""job_uid"":""GOV-2024-109412-300130001002"",""publisher"":""国家公务员局"",""publication_page"":""https://www.xuanhan.gov.cn/xxgk-show-77635.html"",""attachment_url"":""https://www.xuanhan.gov.cn/uploadfile/1/Attachment/638fdecf51.zip"",""local_source_file"":""中央机关及其直属机构2024年度考试录用公务员招考简章.xls"",""local_source_sha256"":""a1741b99dbecd6d03e533f99f2d69b0fa5a79733e551b80af69986ceed2ad996"",""source_sheet"":""中央国家行政机关省级以下直属机构"",""filter_version"":""government_tech_v2"",""tech_filter"":{""is_tech"":true,""is_core_tech"":true,""scope"":""core"",""categories"":[""computer_software""],""matched_fields"":[""major"",""description""],""major_terms"":[""计算机科学与技术"",""计算机类""],""role_terms"":[""智慧""],""reason"":""tech_major_and_role""},""original"":{""部门代码"":""109412"",""部门名称"":""上海海关缉私局"",""用人司局"":""上海海关缉私局"",""机构性质"":""中央国家行政机关省级以下直属机构"",""招考职位"":""上海外高桥港区海关缉私分局一级警长及以下"",""职位属性"":""公安机关人民警察职位"",""职位分布"":""其他职位"",""职位简介"":""主要从事智慧缉私建设等工作"",""职位代码"":""300130001002"",""机构层级"":""市（地）级"",""考试类别"":""行政执法类"",""招考人数"":""1"",""专业"":""研究生：0812计算机科学与技术 大学本科：0809计算机类"",""学历"":""本科及以上"",""学位"":""与最高学历相对应的学位"",""政治面貌"":""中共党员或共青团员"",""基层工作最低年限"":""二年"",""服务基层项目工作经历"":""“三支一扶”计划"",""是否在面试阶段组织专业能力测试"":""否"",""面试人员比例"":""3:1"",""工作地点"":""上海市浦东新区"",""落户地点"":""上海市浦东新区"",""备注"":""1.咨询电话：021-68894227。\n2.职位要求专业为报考者最高学历对应专业。\n3.非应届高校毕业生应为具有2年以上工作经历的国有企事业单位在职人员。\n4.工作强度大、任务重，限男性。\n5.按照招录人民警察要求开展体能测评。\n6.符合公安部网站补充公告有关要求。\n7.本科学历要求大学英语四级425分及以上，研究生学历要求大学英语六级425分及以上。"",""部门网站"":""http://shanghai.customs.gov.cn/"",""咨询电话1"":""021-68894227"",""咨询电话2"":""021-68894296"",""咨询电话3"":"""",""来源Sheet"":""中央国家行政机关省级以下直属机构""}}"
"government_jobs","国家公务员2024招考简章","公务员/事业单位技术岗位","广东省江门市新会区","2026-07-28T09:12:58.310295+00:00","新会海关缉私分局一级警长及以下","江门海关缉私局","","广东省江门市新会区","公务员/事业单位;2024;computer_software;cybersecurity_cryptography;本科及以上;与最高学历相对应的学位;研究生：0812计算机科学与技术、0835软件工程、0837安全科学与工程、0839网络空间安全 大学本科：0809计算机类;行政执法类","用人司局：江门海关缉私局
职位简介：主要从事缉私科技信息化管理等工作
专业要求：研究生：0812计算机科学与技术、0835软件工程、0837安全科学与工程、0839网络空间安全 大学本科：0809计算机类
学历要求：本科及以上
学位要求：与最高学历相对应的学位
政治面貌：中共党员或共青团员
基层工作经历：无限制
考试类别：行政执法类
备注：1.咨询电话：0750-3263598。
2.职位要求专业为报考者最高学历对应专业。
3.招考对象为2024届高校毕业生。
4.工作强度大、任务重，限男性。
5.按照招录人民警察要求开展体能测评。
6.符合公安部网站补充公告有关要求。
7.本科学历要求大学英语四级425分及以上，研究生学历要求大学英语六级425分及以上。","https://www.xuanhan.gov.cn/xxgk-show-77635.html#109430-300130001007","2023-10-15","{""dataset_year"":2024,""job_uid"":""GOV-2024-109430-300130001007"",""publisher"":""国家公务员局"",""publication_page"":""https://www.xuanhan.gov.cn/xxgk-show-77635.html"",""attachment_url"":""https://www.xuanhan.gov.cn/uploadfile/1/Attachment/638fdecf51.zip"",""local_source_file"":""中央机关及其直属机构2024年度考试录用公务员招考简章.xls"",""local_source_sha256"":""a1741b99dbecd6d03e533f99f2d69b0fa5a79733e551b80af69986ceed2ad996"",""source_sheet"":""中央国家行政机关省级以下直属机构"",""filter_version"":""government_tech_v2"",""tech_filter"":{""is_tech"":true,""is_core_tech"":true,""scope"":""core"",""categories"":[""computer_software"",""cybersecurity_cryptography""],""matched_fields"":[""major"",""description""],""major_terms"":[""网络空间安全"",""计算机科学与技术"",""计算机类"",""软件工程""],""role_terms"":[""信息化""],""reason"":""tech_major_and_role""},""original"":{""部门代码"":""109430"",""部门名称"":""江门海关缉私局"",""用人司局"":""江门海关缉私局"",""机构性质"":""中央国家行政机关省级以下直属机构"",""招考职位"":""新会海关缉私分局一级警长及以下"",""职位属性"":""公安机关人民警察职位"",""职位分布"":""其他职位"",""职位简介"":""主要从事缉私科技信息化管理等工作"",""职位代码"":""300130001007"",""机构层级"":""市（地）级"",""考试类别"":""行政执法类"",""招考人数"":""1"",""专业"":""研究生：0812计算机科学与技术、0835软件工程、0837安全科学与工程、0839网络空间安全 大学本科：0809计算机类"",""学历"":""本科及以上"",""学位"":""与最高学历相对应的学位"",""政治面貌"":""中共党员或共青团员"",""基层工作最低年限"":""无限制"",""服务基层项目工作经历"":""无限制"",""是否在面试阶段组织专业能力测试"":""否"",""面试人员比例"":""3:1"",""工作地点"":""广东省江门市新会区"",""落户地点"":""广东省江门市蓬江区"",""备注"":""1.咨询电话：0750-3263598。\n2.职位要求专业为报考者最高学历对应专业。\n3.招考对象为2024届高校毕业生。\n4.工作强度大、任务重，限男性。\n5.按照招录人民警察要求开展体能测评。\n6.符合公安部网站补充公告有关要求。\n7.本科学历要求大学英语四级425分及以上，研究生学历要求大学英语六级425分及以上。"",""部门网站"":""无"",""咨询电话1"":""0750-3263598"",""咨询电话2"":""0750-3263540"",""咨询电话3"":"""",""来源Sheet"":""中央国家行政机关省级以下直属机构""}}"
"government_jobs","国家公务员2024招考简章","公务员/事业单位技术岗位","云南省昆明市","2026-07-28T09:12:58.310295+00:00","情报技术处一级警长及以下","昆明海关缉私局","","云南省昆明市","公务员/事业单位;2024;computer_software;data_ai;仅限硕士研究生;硕士;0714Z3大数据统计、0714Z4数据科学与智能计算、0714Z7大数据统计方法与应用、0714J1大数据科学与应用、0835Z4数据科学与工程、0812J1数据科学;行政执法类","用人司局：昆明海关缉私局
职位简介：主要从事缉私情报数据分析等工作
专业要求：0714Z3大数据统计、0714Z4数据科学与智能计算、0714Z7大数据统计方法与应用、0714J1大数据科学与应用、0835Z4数据科学与工程、0812J1数据科学
学历要求：仅限硕士研究生
学位要求：硕士
政治面貌：中共党员或共青团员
基层工作经历：无限制
考试类别：行政执法类
备注：1.咨询电话：0871-64613842。
2.职位要求专业为报考者最高学历对应专业。
3.招考对象为2024届高校毕业生。
4.工作强度大、任务重，限男性。
5.按照招录人民警察要求开展体能测评。
6.符合公安部网站补充公告有关要求。
7.研究生学历要求大学英语六级425分及以上。","https://www.xuanhan.gov.cn/xxgk-show-77635.html#109437-300130037001","2023-10-15","{""dataset_year"":2024,""job_uid"":""GOV-2024-109437-300130037001"",""publisher"":""国家公务员局"",""publication_page"":""https://www.xuanhan.gov.cn/xxgk-show-77635.html"",""attachment_url"":""https://www.xuanhan.gov.cn/uploadfile/1/Attachment/638fdecf51.zip"",""local_source_file"":""中央机关及其直属机构2024年度考试录用公务员招考简章.xls"",""local_source_sha256"":""a1741b99dbecd6d03e533f99f2d69b0fa5a79733e551b80af69986ceed2ad996"",""source_sheet"":""中央国家行政机关省级以下直属机构"",""filter_version"":""government_tech_v2"",""tech_filter"":{""is_tech"":true,""is_core_tech"":true,""scope"":""core"",""categories"":[""computer_software"",""data_ai""],""matched_fields"":[""major"",""description""],""major_terms"":[""大数据"",""数据科学""],""role_terms"":[""数据分析""],""reason"":""tech_major_and_role""},""original"":{""部门代码"":""109437"",""部门名称"":""昆明海关缉私局"",""用人司局"":""昆明海关缉私局"",""机构性质"":""中央国家行政机关省级以下直属机构"",""招考职位"":""情报技术处一级警长及以下"",""职位属性"":""公安机关人民警察职位"",""职位分布"":""西部地区和艰苦边远地区职位"",""职位简介"":""主要从事缉私情报数据分析等工作"",""职位代码"":""300130037001"",""机构层级"":""市（地）级"",""考试类别"":""行政执法类"",""招考人数"":""1"",""专业"":""0714Z3大数据统计、0714Z4数据科学与智能计算、0714Z7大数据统计方法与应用、0714J1大数据科学与应用、0835Z4数据科学与工程、0812J1数据科学"",""学历"":""仅限硕士研究生"",""学位"":""硕士"",""政治面貌"":""中共党员或共青团员"",""基层工作最低年限"":""无限制"",""服务基层项目工作经历"":""无限制"",""是否在面试阶段组织专业能力测试"":""否"",""面试人员比例"":""3:1"",""工作地点"":""云南省昆明市"",""落户地点"":""云南省昆明市"",""备注"":""1.咨询电话：0871-64613842。\n2.职位要求专业为报考者最高学历对应专业。\n3.招考对象为2024届高校毕业生。\n4.工作强度大、任务重，限男性。\n5.按照招录人民警察要求开展体能测评。\n6.符合公安部网站补充公告有关要求。\n7.研究生学历要求大学英语六级425分及以上。"",""部门网站"":""http://kunming.customs.gov.cn"",""咨询电话1"":""087164613842"",""咨询电话2"":"""",""咨询电话3"":"""",""来源Sheet"":""中央国家行政机关省级以下直属机构""}}"
"government_jobs","国家公务员2024招考简章","公务员/事业单位技术岗位","湖北省武汉市","2026-07-28T09:12:58.310295+00:00","科技信息化部门警务技术一级主管及以下","长江航运公安局","","湖北省武汉市","公务员/事业单位;2024;computer_software;cybersecurity_cryptography;electronics_communication;硕士研究生及以上;与最高学历相对应的学位;0809电子科学与技术、0812计算机科学与技术、0835软件工程、0839网络空间安全、0854电子信息;市（地）级及以下直属机构综合管理类","用人司局：长江航运公安局机关
职位简介：从事信息网络系统管理、维护和技术保障等工作
专业要求：0809电子科学与技术、0812计算机科学与技术、0835软件工程、0839网络空间安全、0854电子信息
学历要求：硕士研究生及以上
学位要求：与最高学历相对应的学位
政治面貌：中共党员
基层工作经历：无限制
考试类别：市（地）级及以下直属机构综合管理类
备注：1.咨询电话：027-82761069、027-82763405。2.职位要求专业为报考者最高学历对应专业，高等学历教育各阶段均需取得相应学历学位。3.招考对象为2024届高校毕业生。4.工作强度大、任务重，限男性。5.按照招录人民警察要求，开展体能测评、职业心理素质测评、体检、政治考察。6.符合公安部网站补充公告有关要求。","https://www.xuanhan.gov.cn/xxgk-show-77635.html#109501-300130000004","2023-10-15","{""dataset_year"":2024,""job_uid"":""GOV-2024-109501-300130000004"",""publisher"":""国家公务员局"",""publication_page"":""https://www.xuanhan.gov.cn/xxgk-show-77635.html"",""attachment_url"":""https://www.xuanhan.gov.cn/uploadfile/1/Attachment/638fdecf51.zip"",""local_source_file"":""中央机关及其直属机构2024年度考试录用公务员招考简章.xls"",""local_source_sha256"":""a1741b99dbecd6d03e533f99f2d69b0fa5a79733e551b80af69986ceed2ad996"",""source_sheet"":""中央国家行政机关省级以下直属机构"",""filter_version"":""government_tech_v2"",""tech_filter"":{""is_tech"":true,""is_core_tech"":true,""scope"":""core"",""categories"":[""computer_software"",""cybersecurity_cryptography"",""electronics_communication""],""matched_fields"":[""major"",""job_title""],""major_terms"":[""电子信息"",""电子科学与技术"",""网络空间安全"",""计算机科学与技术"",""软件工程""],""role_terms"":[""信息化""],""reason"":""tech_major_and_role""},""original"":{""部门代码"":""109501"",""部门名称"":""长江航运公安局"",""用人司局"":""长江航运公安局机关"",""机构性质"":""中央国家行政机关省级以下直属机构"",""招考职位"":""科技信息化部门警务技术一级主管及以下"",""职位属性"":""公安机关人民警察职位"",""职位分布"":""其他职位"",""职位简介"":""从事信息网络系统管理、维护和技术保障等工作"",""职位代码"":""300130000004"",""机构层级"":""市（地）级"",""考试类别"":""市（地）级及以下直属机构综合管理类"",""招考人数"":""1"",""专业"":""0809电子科学与技术、0812计算机科学与技术、0835软件工程、0839网络空间安全、0854电子信息"",""学历"":""硕士研究生及以上"",""学位"":""与最高学历相对应的学位"",""政治面貌"":""中共党员"",""基层工作最低年限"":""无限制"",""服务基层项目工作经历"":""无限制"",""是否在面试阶段组织专业能力测试"":""否"",""面试人员比例"":""3:1"",""工作地点"":""湖北省武汉市"",""落户地点"":""湖北省武汉市"",""备注"":""1.咨询电话：027-82761069、027-82763405。2.职位要求专业为报考者最高学历对应专业，高等学历教育各阶段均需取得相应学历学位。3.招考对象为2024届高校毕业生。4.工作强度大、任务重，限男性。5.按照招录人民警察要求，开展体能测评、职业心理素质测评、体检、政治考察。6.符合公安部网站补充公告有关要求。"",""部门网站"":""www.cjhygaj.gov.cn"",""咨询电话1"":""027-82761069"",""咨询电话2"":""027-82763405"",""咨询电话3"":"""",""来源Sheet"":""中央国家行政机关省级以下直属机构""}}"
"government_jobs","国家公务员2024招考简章","公务员/事业单位技术岗位","北京市","2026-07-28T09:12:58.310295+00:00","一级主任科员及以下","财政部","","北京市","公务员/事业单位;2024;computer_software;data_ai;electronics_communication;硕士研究生及以上;与最高学历相对应的学位;计算机科学与技术类、信息与通信工程类、机械工程类、材料科学与工程类;中央机关及其省级直属机构综合管理类","用人司局：财政票据监管中心
职位简介：从事财政数据分析和预算执行监督等工作
专业要求：计算机科学与技术类、信息与通信工程类、机械工程类、材料科学与工程类
学历要求：硕士研究生及以上
学位要求：与最高学历相对应的学位
政治面貌：中共党员
基层工作经历：无限制
考试类别：中央机关及其省级直属机构综合管理类
备注：大学英语六级60分（100分制）或425分（710分制）及以上，或雅思6.5分及以上，或托福90分及以上，或英语专业八级合格；职位要求专业为最高学历对应专业","https://www.xuanhan.gov.cn/xxgk-show-77635.html#113000-400110004002","2023-10-15","{""dataset_year"":2024,""job_uid"":""GOV-2024-113000-400110004002"",""publisher"":""国家公务员局"",""publication_page"":""https://www.xuanhan.gov.cn/xxgk-show-77635.html"",""attachment_url"":""https://www.xuanhan.gov.cn/uploadfile/1/Attachment/638fdecf51.zip"",""local_source_file"":""中央机关及其直属机构2024年度考试录用公务员招考简章.xls"",""local_source_sha256"":""a1741b99dbecd6d03e533f99f2d69b0fa5a79733e551b80af69986ceed2ad996"",""source_sheet"":""中央国家行政机关参照公务员法管理事业单位"",""filter_version"":""government_tech_v2"",""tech_filter"":{""is_tech"":true,""is_core_tech"":true,""scope"":""core"",""categories"":[""computer_software"",""data_ai"",""electronics_communication""],""matched_fields"":[""major"",""description""],""major_terms"":[""信息与通信工程"",""计算机科学与技术"",""通信工程""],""role_terms"":[""数据分析""],""reason"":""tech_major_and_role""},""original"":{""部门代码"":""113000"",""部门名称"":""财政部"",""用人司局"":""财政票据监管中心"",""机构性质"":""中央国家行政机关参照公务员法管理事业单位"",""招考职位"":""一级主任科员及以下"",""职位属性"":""普通职位"",""职位分布"":""其他职位"",""职位简介"":""从事财政数据分析和预算执行监督等工作"",""职位代码"":""400110004002"",""机构层级"":""中央"",""考试类别"":""中央机关及其省级直属机构综合管理类"",""招考人数"":""2"",""专业"":""计算机科学与技术类、信息与通信工程类、机械工程类、材料科学与工程类"",""学历"":""硕士研究生及以上"",""学位"":""与最高学历相对应的学位"",""政治面貌"":""中共党员"",""基层工作最低年限"":""无限制"",""服务基层项目工作经历"":""无限制"",""是否在面试阶段组织专业能力测试"":""否"",""面试人员比例"":""5:1"",""工作地点"":""北京市"",""落户地点"":""北京市"",""备注"":""大学英语六级60分（100分制）或425分（710分制）及以上，或雅思6.5分及以上，或托福90分及以上，或英语专业八级合格；职位要求专业为最高学历对应专业"",""部门网站"":""www.mof.gov.cn"",""咨询电话1"":""010-61965263"",""咨询电话2"":"""",""咨询电话3"":"""",""来源Sheet"":""中央国家行政机关参照公务员法管理事业单位""}}"
"government_jobs","国家公务员2024招考简章","公务员/事业单位技术岗位","四川省成都市","2026-07-28T09:12:58.310295+00:00","地理信息管理处（应急测绘保障处）一级主任科员及以下","四川测绘地理信息局","","四川省成都市","公务员/事业单位;2024;computer_software;geospatial_remote_sensing;硕士研究生及以上;与最高学历相对应的学位;地图学与地理信息系统（070503）、摄影测量与遥感（081602）、地图制图学与地理信息工程（081603）、测绘工程（085704）;中央机关及其省级直属机构综合管理类","用人司局：四川测绘地理信息局
职位简介：从事地理信息成果管理、地图管理、地理信息公共服务和应急测绘保障等工作。
专业要求：地图学与地理信息系统（070503）、摄影测量与遥感（081602）、地图制图学与地理信息工程（081603）、测绘工程（085704）
学历要求：硕士研究生及以上
学位要求：与最高学历相对应的学位
政治面貌：不限
基层工作经历：二年
考试类别：中央机关及其省级直属机构综合管理类
备注：1. 高等学历教育经历均需取得相应学历学位；
2. 具有2年及以上测绘地理信息应用与管理工作经历；
3. 本科专业应为测绘类（0812）、地理信息科学（070504）。","https://www.xuanhan.gov.cn/xxgk-show-77635.html#115112-300110112001","2023-10-15","{""dataset_year"":2024,""job_uid"":""GOV-2024-115112-300110112001"",""publisher"":""国家公务员局"",""publication_page"":""https://www.xuanhan.gov.cn/xxgk-show-77635.html"",""attachment_url"":""https://www.xuanhan.gov.cn/uploadfile/1/Attachment/638fdecf51.zip"",""local_source_file"":""中央机关及其直属机构2024年度考试录用公务员招考简章.xls"",""local_source_sha256"":""a1741b99dbecd6d03e533f99f2d69b0fa5a79733e551b80af69986ceed2ad996"",""source_sheet"":""中央国家行政机关省级以下直属机构"",""filter_version"":""government_tech_v2"",""tech_filter"":{""is_tech"":true,""is_core_tech"":true,""scope"":""core"",""categories"":[""computer_software"",""geospatial_remote_sensing""],""matched_fields"":[""major"",""job_title"",""office"",""description"",""remarks""],""major_terms"":[""地图学与地理信息系统"",""地理信息"",""地理信息系统"",""摄影测量与遥感""],""role_terms"":[""信息管理"",""地理信息"",""地理信息科学""],""reason"":""tech_major_and_role""},""original"":{""部门代码"":""115112"",""部门名称"":""四川测绘地理信息局"",""用人司局"":""四川测绘地理信息局"",""机构性质"":""中央国家行政机关省级以下直属机构"",""招考职位"":""地理信息管理处（应急测绘保障处）一级主任科员及以下"",""职位属性"":""普通职位"",""职位分布"":""其他职位"",""职位简介"":""从事地理信息成果管理、地图管理、地理信息公共服务和应急测绘保障等工作。"",""职位代码"":""300110112001"",""机构层级"":""省（副省）级"",""考试类别"":""中央机关及其省级直属机构综合管理类"",""招考人数"":""1"",""专业"":""地图学与地理信息系统（070503）、摄影测量与遥感（081602）、地图制图学与地理信息工程（081603）、测绘工程（085704）"",""学历"":""硕士研究生及以上"",""学位"":""与最高学历相对应的学位"",""政治面貌"":""不限"",""基层工作最低年限"":""二年"",""服务基层项目工作经历"":""无限制"",""是否在面试阶段组织专业能力测试"":""否"",""面试人员比例"":""5:1"",""工作地点"":""四川省成都市"",""落户地点"":""四川省成都市"",""备注"":""1. 高等学历教育经历均需取得相应学历学位；\n2. 具有2年及以上测绘地理信息应用与管理工作经历；\n3. 本科专业应为测绘类（0812）、地理信息科学（070504）。"",""部门网站"":""http://scsm.mnr.gov.cn/"",""咨询电话1"":""02866065637"",""咨询电话2"":""02866065635"",""咨询电话3"":""02866065638"",""来源Sheet"":""中央国家行政机关省级以下直属机构""}}"
"government_jobs","国家公务员2024招考简章","公务员/事业单位技术岗位","海南省海口市美兰区","2026-07-28T09:12:58.310295+00:00","行业管理处（法规处）一级主任科员及以下","海南测绘地理信息局","","海南省海口市美兰区","公务员/事业单位;2024;geospatial_remote_sensing;硕士研究生及以上;与最高学历相对应的学位;地图学与地理信息系统（070503） 、地图制图学与地理信息工程（081603）、 摄影测量与遥感（081602） 、测绘工程（085704）;中央机关及其省级直属机构综合管理类","用人司局：海南测绘地理信息局
职位简介：从事测绘地理信息行业管理工作。
专业要求：地图学与地理信息系统（070503） 、地图制图学与地理信息工程（081603）、 摄影测量与遥感（081602） 、测绘工程（085704）
学历要求：硕士研究生及以上
学位要求：与最高学历相对应的学位
政治面貌：不限
基层工作经历：二年
考试类别：中央机关及其省级直属机构综合管理类","https://www.xuanhan.gov.cn/xxgk-show-77635.html#115113-300110113001","2023-10-15","{""dataset_year"":2024,""job_uid"":""GOV-2024-115113-300110113001"",""publisher"":""国家公务员局"",""publication_page"":""https://www.xuanhan.gov.cn/xxgk-show-77635.html"",""attachment_url"":""https://www.xuanhan.gov.cn/uploadfile/1/Attachment/638fdecf51.zip"",""local_source_file"":""中央机关及其直属机构2024年度考试录用公务员招考简章.xls"",""local_source_sha256"":""a1741b99dbecd6d03e533f99f2d69b0fa5a79733e551b80af69986ceed2ad996"",""source_sheet"":""中央国家行政机关省级以下直属机构"",""filter_version"":""government_tech_v2"",""tech_filter"":{""is_tech"":true,""is_core_tech"":true,""scope"":""core"",""categories"":[""geospatial_remote_sensing""],""matched_fields"":[""major"",""office"",""description""],""major_terms"":[""地图学与地理信息系统"",""地理信息"",""地理信息系统"",""摄影测量与遥感""],""role_terms"":[""地理信息""],""reason"":""tech_major_and_role""},""original"":{""部门代码"":""115113"",""部门名称"":""海南测绘地理信息局"",""用人司局"":""海南测绘地理信息局"",""机构性质"":""中央国家行政机关省级以下直属机构"",""招考职位"":""行业管理处（法规处）一级主任科员及以下"",""职位属性"":""普通职位"",""职位分布"":""其他职位"",""职位简介"":""从事测绘地理信息行业管理工作。"",""职位代码"":""300110113001"",""机构层级"":""省（副省）级"",""考试类别"":""中央机关及其省级直属机构综合管理类"",""招考人数"":""1"",""专业"":""地图学与地理信息系统（070503） 、地图制图学与地理信息工程（081603）、 摄影测量与遥感（081602） 、测绘工程（085704）"",""学历"":""硕士研究生及以上"",""学位"":""与最高学历相对应的学位"",""政治面貌"":""不限"",""基层工作最低年限"":""二年"",""服务基层项目工作经历"":""无限制"",""是否在面试阶段组织专业能力测试"":""否"",""面试人员比例"":""5:1"",""工作地点"":""海南省海口市美兰区"",""落户地点"":""海南省海口市美兰区"",""备注"":"""",""部门网站"":""http://hism.mnr.gov.cn"",""咨询电话1"":""0898-65316290"",""咨询电话2"":""0898-65365591"",""咨询电话3"":"""",""来源Sheet"":""中央国家行政机关省级以下直属机构""}}"
"government_jobs","国家公务员2024招考简章","公务员/事业单位技术岗位","海南省海口市美兰区","2026-07-28T09:12:58.310295+00:00","地理信息监测处（应急测绘保障处）一级主任科员及以下","海南测绘地理信息局","","海南省海口市美兰区","公务员/事业单位;2024;geospatial_remote_sensing;硕士研究生及以上;与最高学历相对应的学位;地图学与地理信息系统（070503） 、地图制图学与地理信息工程（081603）、 摄影测量与遥感（081602） 、测绘工程（085704）;中央机关及其省级直属机构综合管理类","用人司局：海南测绘地理信息局
职位简介：从事自然资源和不动产权籍普查管理工作。
专业要求：地图学与地理信息系统（070503） 、地图制图学与地理信息工程（081603）、 摄影测量与遥感（081602） 、测绘工程（085704）
学历要求：硕士研究生及以上
学位要求：与最高学历相对应的学位
政治面貌：不限
基层工作经历：二年
考试类别：中央机关及其省级直属机构综合管理类","https://www.xuanhan.gov.cn/xxgk-show-77635.html#115113-300110113002","2023-10-15","{""dataset_year"":2024,""job_uid"":""GOV-2024-115113-300110113002"",""publisher"":""国家公务员局"",""publication_page"":""https://www.xuanhan.gov.cn/xxgk-show-77635.html"",""attachment_url"":""https://www.xuanhan.gov.cn/uploadfile/1/Attachment/638fdecf51.zip"",""local_source_file"":""中央机关及其直属机构2024年度考试录用公务员招考简章.xls"",""local_source_sha256"":""a1741b99dbecd6d03e533f99f2d69b0fa5a79733e551b80af69986ceed2ad996"",""source_sheet"":""中央国家行政机关省级以下直属机构"",""filter_version"":""government_tech_v2"",""tech_filter"":{""is_tech"":true,""is_core_tech"":true,""scope"":""core"",""categories"":[""geospatial_remote_sensing""],""matched_fields"":[""major"",""job_title"",""office""],""major_terms"":[""地图学与地理信息系统"",""地理信息"",""地理信息系统"",""摄影测量与遥感""],""role_terms"":[""地理信息""],""reason"":""tech_major_and_role""},""original"":{""部门代码"":""115113"",""部门名称"":""海南测绘地理信息局"",""用人司局"":""海南测绘地理信息局"",""机构性质"":""中央国家行政机关省级以下直属机构"",""招考职位"":""地理信息监测处（应急测绘保障处）一级主任科员及以下"",""职位属性"":""普通职位"",""职位分布"":""其他职位"",""职位简介"":""从事自然资源和不动产权籍普查管理工作。"",""职位代码"":""300110113002"",""机构层级"":""省（副省）级"",""考试类别"":""中央机关及其省级直属机构综合管理类"",""招考人数"":""1"",""专业"":""地图学与地理信息系统（070503） 、地图制图学与地理信息工程（081603）、 摄影测量与遥感（081602） 、测绘工程（085704）"",""学历"":""硕士研究生及以上"",""学位"":""与最高学历相对应的学位"",""政治面貌"":""不限"",""基层工作最低年限"":""二年"",""服务基层项目工作经历"":""无限制"",""是否在面试阶段组织专业能力测试"":""否"",""面试人员比例"":""5:1"",""工作地点"":""海南省海口市美兰区"",""落户地点"":""海南省海口市美兰区"",""备注"":"""",""部门网站"":""http://hism.mnr.gov.cn"",""咨询电话1"":""0898-65316290"",""咨询电话2"":""0898-65365591"",""咨询电话3"":"""",""来源Sheet"":""中央国家行政机关省级以下直属机构""}}"
"government_jobs","国家公务员2024招考简章","公务员/事业单位技术岗位","海南省海口市美兰区","2026-07-28T09:12:58.310295+00:00","科技与质量处（国际合作处）一级主任科员及以下","海南测绘地理信息局","","海南省海口市美兰区","公务员/事业单位;2024;computer_software;geospatial_remote_sensing;硕士研究生及以上;与最高学历相对应的学位;地图学与地理信息系统（070503） 、地图制图学与地理信息工程（081603）、 摄影测量与遥感（081602） 、测绘工程（085704）;中央机关及其省级直属机构综合管理类","用人司局：海南测绘地理信息局
职位简介：从事测绘地理信息科技与质量管理工作。
专业要求：地图学与地理信息系统（070503） 、地图制图学与地理信息工程（081603）、 摄影测量与遥感（081602） 、测绘工程（085704）
学历要求：硕士研究生及以上
学位要求：与最高学历相对应的学位
政治面貌：不限
基层工作经历：二年
考试类别：中央机关及其省级直属机构综合管理类","https://www.xuanhan.gov.cn/xxgk-show-77635.html#115113-300110113003","2023-10-15","{""dataset_year"":2024,""job_uid"":""GOV-2024-115113-300110113003"",""publisher"":""国家公务员局"",""publication_page"":""https://www.xuanhan.gov.cn/xxgk-show-77635.html"",""attachment_url"":""https://www.xuanhan.gov.cn/uploadfile/1/Attachment/638fdecf51.zip"",""local_source_file"":""中央机关及其直属机构2024年度考试录用公务员招考简章.xls"",""local_source_sha256"":""a1741b99dbecd6d03e533f99f2d69b0fa5a79733e551b80af69986ceed2ad996"",""source_sheet"":""中央国家行政机关省级以下直属机构"",""filter_version"":""government_tech_v2"",""tech_filter"":{""is_tech"":true,""is_core_tech"":true,""scope"":""core"",""categories"":[""computer_software"",""geospatial_remote_sensing""],""matched_fields"":[""major"",""office"",""description""],""major_terms"":[""地图学与地理信息系统"",""地理信息"",""地理信息系统"",""摄影测量与遥感""],""role_terms"":[""信息科技"",""地理信息""],""reason"":""tech_major_and_role""},""original"":{""部门代码"":""115113"",""部门名称"":""海南测绘地理信息局"",""用人司局"":""海南测绘地理信息局"",""机构性质"":""中央国家行政机关省级以下直属机构"",""招考职位"":""科技与质量处（国际合作处）一级主任科员及以下"",""职位属性"":""普通职位"",""职位分布"":""其他职位"",""职位简介"":""从事测绘地理信息科技与质量管理工作。"",""职位代码"":""300110113003"",""机构层级"":""省（副省）级"",""考试类别"":""中央机关及其省级直属机构综合管理类"",""招考人数"":""1"",""专业"":""地图学与地理信息系统（070503） 、地图制图学与地理信息工程（081603）、 摄影测量与遥感（081602） 、测绘工程（085704）"",""学历"":""硕士研究生及以上"",""学位"":""与最高学历相对应的学位"",""政治面貌"":""不限"",""基层工作最低年限"":""二年"",""服务基层项目工作经历"":""无限制"",""是否在面试阶段组织专业能力测试"":""否"",""面试人员比例"":""5:1"",""工作地点"":""海南省海口市美兰区"",""落户地点"":""海南省海口市美兰区"",""备注"":"""",""部门网站"":""http://hism.mnr.gov.cn"",""咨询电话1"":""0898-65316290"",""咨询电话2"":""0898-65365591"",""咨询电话3"":"""",""来源Sheet"":""中央国家行政机关省级以下直属机构""}}"
"government_jobs","国家公务员2024招考简章","公务员/事业单位技术岗位","广东省广州市南沙区","2026-07-28T09:12:58.310295+00:00","广州海事局一级行政执法员（十九）","广东海事局","","广东省广州市南沙区","公务员/事业单位;2024;automation_robotics;computer_software;electronics_communication;本科及以上;与最高学历相对应的学位;计算机类、电子信息类、自动化类;行政执法类","用人司局：广州海事局
职位简介：主要从事海事业务管理和电子信息管理相关工作
专业要求：计算机类、电子信息类、自动化类
学历要求：本科及以上
学位要求：与最高学历相对应的学位
政治面貌：中共党员
基层工作经历：二年
考试类别：行政执法类
备注：全国大学英语四级考试成绩达到425分及以上；考生报名前，请查看海事局官网www.msa.gov.cn人事信息专栏中有关本次公务员招考的具体说明。","https://www.xuanhan.gov.cn/xxgk-show-77635.html#118308-300110003019","2023-10-15","{""dataset_year"":2024,""job_uid"":""GOV-2024-118308-300110003019"",""publisher"":""国家公务员局"",""publication_page"":""https://www.xuanhan.gov.cn/xxgk-show-77635.html"",""attachment_url"":""https://www.xuanhan.gov.cn/uploadfile/1/Attachment/638fdecf51.zip"",""local_source_file"":""中央机关及其直属机构2024年度考试录用公务员招考简章.xls"",""local_source_sha256"":""a1741b99dbecd6d03e533f99f2d69b0fa5a79733e551b80af69986ceed2ad996"",""source_sheet"":""中央国家行政机关省级以下直属机构"",""filter_version"":""government_tech_v2"",""tech_filter"":{""is_tech"":true,""is_core_tech"":true,""scope"":""core"",""categories"":[""automation_robotics"",""computer_software"",""electronics_communication""],""matched_fields"":[""major"",""description""],""major_terms"":[""电子信息类"",""自动化类"",""计算机类""],""role_terms"":[""信息管理"",""电子信息""],""reason"":""tech_major_and_role""},""original"":{""部门代码"":""118308"",""部门名称"":""广东海事局"",""用人司局"":""广州海事局"",""机构性质"":""中央国家行政机关省级以下直属机构"",""招考职位"":""广州海事局一级行政执法员（十九）"",""职位属性"":""普通职位"",""职位分布"":""其他职位"",""职位简介"":""主要从事海事业务管理和电子信息管理相关工作"",""职位代码"":""300110003019"",""机构层级"":""市（地）级"",""考试类别"":""行政执法类"",""招考人数"":""1"",""专业"":""计算机类、电子信息类、自动化类"",""学历"":""本科及以上"",""学位"":""与最高学历相对应的学位"",""政治面貌"":""中共党员"",""基层工作最低年限"":""二年"",""服务基层项目工作经历"":""大学生村官、农村义务教育阶段学校教师特设岗位计划、“三支一扶”计划、大学生志愿服务西部计划、在军队服役5年（含）以上的高校毕业生退役士兵"",""是否在面试阶段组织专业能力测试"":""否"",""面试人员比例"":""3:1"",""工作地点"":""广东省广州市南沙区"",""落户地点"":""广东省广州市海珠区"",""备注"":""全国大学英语四级考试成绩达到425分及以上；考生报名前，请查看海事局官网www.msa.gov.cn人事信息专栏中有关本次公务员招考的具体说明。"",""部门网站"":""https://www.gd.msa.gov.cn/"",""咨询电话1"":""020-89098360"",""咨询电话2"":"""",""咨询电话3"":"""",""来源Sheet"":""中央国家行政机关省级以下直属机构""}}"
"government_jobs","国家公务员2024招考简章","公务员/事业单位技术岗位","广东省广州市花都区","2026-07-28T09:12:58.310295+00:00","广州海事局一级行政执法员（二十二）","广东海事局","","广东省广州市花都区","公务员/事业单位;2024;computer_software;electronics_communication;本科及以上;与最高学历相对应的学位;计算机类、电子信息类;行政执法类","用人司局：广州海事局
职位简介：主要从事海事业务管理和电子信息管理相关工作
专业要求：计算机类、电子信息类
学历要求：本科及以上
学位要求：与最高学历相对应的学位
政治面貌：不限
基层工作经历：无限制
考试类别：行政执法类
备注：全国大学英语六级考试成绩达到425分及以上；限应届高校毕业生报考；考生报名前，请查看海事局官网www.msa.gov.cn人事信息专栏中有关本次公务员招考的具体说明。","https://www.xuanhan.gov.cn/xxgk-show-77635.html#118308-300110003022","2023-10-15","{""dataset_year"":2024,""job_uid"":""GOV-2024-118308-300110003022"",""publisher"":""国家公务员局"",""publication_page"":""https://www.xuanhan.gov.cn/xxgk-show-77635.html"",""attachment_url"":""https://www.xuanhan.gov.cn/uploadfile/1/Attachment/638fdecf51.zip"",""local_source_file"":""中央机关及其直属机构2024年度考试录用公务员招考简章.xls"",""local_source_sha256"":""a1741b99dbecd6d03e533f99f2d69b0fa5a79733e551b80af69986ceed2ad996"",""source_sheet"":""中央国家行政机关省级以下直属机构"",""filter_version"":""government_tech_v2"",""tech_filter"":{""is_tech"":true,""is_core_tech"":true,""scope"":""core"",""categories"":[""computer_software"",""electronics_communication""],""matched_fields"":[""major"",""description""],""major_terms"":[""电子信息类"",""计算机类""],""role_terms"":[""信息管理"",""电子信息""],""reason"":""tech_major_and_role""},""original"":{""部门代码"":""118308"",""部门名称"":""广东海事局"",""用人司局"":""广州海事局"",""机构性质"":""中央国家行政机关省级以下直属机构"",""招考职位"":""广州海事局一级行政执法员（二十二）"",""职位属性"":""普通职位"",""职位分布"":""其他职位"",""职位简介"":""主要从事海事业务管理和电子信息管理相关工作"",""职位代码"":""300110003022"",""机构层级"":""市（地）级"",""考试类别"":""行政执法类"",""招考人数"":""1"",""专业"":""计算机类、电子信息类"",""学历"":""本科及以上"",""学位"":""与最高学历相对应的学位"",""政治面貌"":""不限"",""基层工作最低年限"":""无限制"",""服务基层项目工作经历"":""无限制"",""是否在面试阶段组织专业能力测试"":""否"",""面试人员比例"":""3:1"",""工作地点"":""广东省广州市花都区"",""落户地点"":""广东省广州市海珠区"",""备注"":""全国大学英语六级考试成绩达到425分及以上；限应届高校毕业生报考；考生报名前，请查看海事局官网www.msa.gov.cn人事信息专栏中有关本次公务员招考的具体说明。"",""部门网站"":""https://www.gd.msa.gov.cn/"",""咨询电话1"":""020-89098360"",""咨询电话2"":"""",""咨询电话3"":"""",""来源Sheet"":""中央国家行政机关省级以下直属机构""}}"
"government_jobs","国家公务员2024招考简章","公务员/事业单位技术岗位","广东省东莞市","2026-07-28T09:12:58.310295+00:00","广州海事局一级行政执法员（三十）","广东海事局","","广东省东莞市","公务员/事业单位;2024;computer_software;electronics_communication;本科及以上;与最高学历相对应的学位;计算机类、电子信息类;行政执法类","用人司局：广州海事局
职位简介：主要从事海事业务管理和电子信息管理相关工作
专业要求：计算机类、电子信息类
学历要求：本科及以上
学位要求：与最高学历相对应的学位
政治面貌：不限
基层工作经历：无限制
考试类别：行政执法类
备注：全国大学英语四级考试成绩达到425分及以上；考生报名前，请查看海事局官网www.msa.gov.cn人事信息专栏中有关本次公务员招考的具体说明。","https://www.xuanhan.gov.cn/xxgk-show-77635.html#118308-300110003030","2023-10-15","{""dataset_year"":2024,""job_uid"":""GOV-2024-118308-300110003030"",""publisher"":""国家公务员局"",""publication_page"":""https://www.xuanhan.gov.cn/xxgk-show-77635.html"",""attachment_url"":""https://www.xuanhan.gov.cn/uploadfile/1/Attachment/638fdecf51.zip"",""local_source_file"":""中央机关及其直属机构2024年度考试录用公务员招考简章.xls"",""local_source_sha256"":""a1741b99dbecd6d03e533f99f2d69b0fa5a79733e551b80af69986ceed2ad996"",""source_sheet"":""中央国家行政机关省级以下直属机构"",""filter_version"":""government_tech_v2"",""tech_filter"":{""is_tech"":true,""is_core_tech"":true,""scope"":""core"",""categories"":[""computer_software"",""electronics_communication""],""matched_fields"":[""major"",""description""],""major_terms"":[""电子信息类"",""计算机类""],""role_terms"":[""信息管理"",""电子信息""],""reason"":""tech_major_and_role""},""original"":{""部门代码"":""118308"",""部门名称"":""广东海事局"",""用人司局"":""广州海事局"",""机构性质"":""中央国家行政机关省级以下直属机构"",""招考职位"":""广州海事局一级行政执法员（三十）"",""职位属性"":""普通职位"",""职位分布"":""其他职位"",""职位简介"":""主要从事海事业务管理和电子信息管理相关工作"",""职位代码"":""300110003030"",""机构层级"":""市（地）级"",""考试类别"":""行政执法类"",""招考人数"":""1"",""专业"":""计算机类、电子信息类"",""学历"":""本科及以上"",""学位"":""与最高学历相对应的学位"",""政治面貌"":""不限"",""基层工作最低年限"":""无限制"",""服务基层项目工作经历"":""无限制"",""是否在面试阶段组织专业能力测试"":""否"",""面试人员比例"":""3:1"",""工作地点"":""广东省东莞市"",""落户地点"":""广东省广州市海珠区"",""备注"":""全国大学英语四级考试成绩达到425分及以上；考生报名前，请查看海事局官网www.msa.gov.cn人事信息专栏中有关本次公务员招考的具体说明。"",""部门网站"":""https://www.gd.msa.gov.cn/"",""咨询电话1"":""020-89098360"",""咨询电话2"":"""",""咨询电话3"":"""",""来源Sheet"":""中央国家行政机关省级以下直属机构""}}"
"government_jobs","国家公务员2024招考简章","公务员/事业单位技术岗位","河南省郑州市","2026-07-28T09:12:58.310295+00:00","办公室督查室一级主任科员及以下","水利部黄河水利委员会","","河南省郑州市","公务员/事业单位;2024;computer_software;cybersecurity_cryptography;硕士研究生及以上;与最高学历相对应的学位;计算机科学与技术、网络空间安全;中央机关及其省级直属机构综合管理类","用人司局：水利部黄河水利委员会
职位简介：承担网络安全、信息化管理等工作
专业要求：计算机科学与技术、网络空间安全
学历要求：硕士研究生及以上
学位要求：与最高学历相对应的学位
政治面貌：中共党员
基层工作经历：无限制
考试类别：中央机关及其省级直属机构综合管理类
备注：1.联系电话：0371-66026670。
2.具有相应学历的毕业证书和学位证书。
3.与报考职位所在单位工作人员有夫妻关系、直系血亲关系、三代以内旁系血亲关系以及近姻亲关系的人员不得报考同一机关。","https://www.xuanhan.gov.cn/xxgk-show-77635.html#119102-400110101002","2023-10-15","{""dataset_year"":2024,""job_uid"":""GOV-2024-119102-400110101002"",""publisher"":""国家公务员局"",""publication_page"":""https://www.xuanhan.gov.cn/xxgk-show-77635.html"",""attachment_url"":""https://www.xuanhan.gov.cn/uploadfile/1/Attachment/638fdecf51.zip"",""local_source_file"":""中央机关及其直属机构2024年度考试录用公务员招考简章.xls"",""local_source_sha256"":""a1741b99dbecd6d03e533f99f2d69b0fa5a79733e551b80af69986ceed2ad996"",""source_sheet"":""中央国家行政机关参照公务员法管理事业单位"",""filter_version"":""government_tech_v2"",""tech_filter"":{""is_tech"":true,""is_core_tech"":true,""scope"":""core"",""categories"":[""computer_software"",""cybersecurity_cryptography""],""matched_fields"":[""major"",""description""],""major_terms"":[""网络空间安全"",""计算机科学与技术""],""role_terms"":[""信息化"",""网络安全""],""reason"":""tech_major_and_role""},""original"":{""部门代码"":""119102"",""部门名称"":""水利部黄河水利委员会"",""用人司局"":""水利部黄河水利委员会"",""机构性质"":""中央国家行政机关参照公务员法管理事业单位"",""招考职位"":""办公室督查室一级主任科员及以下"",""职位属性"":""普通职位"",""职位分布"":""其他职位"",""职位简介"":""承担网络安全、信息化管理等工作"",""职位代码"":""400110101002"",""机构层级"":""省（副省）级"",""考试类别"":""中央机关及其省级直属机构综合管理类"",""招考人数"":""1"",""专业"":""计算机科学与技术、网络空间安全"",""学历"":""硕士研究生及以上"",""学位"":""与最高学历相对应的学位"",""政治面貌"":""中共党员"",""基层工作最低年限"":""无限制"",""服务基层项目工作经历"":""无限制"",""是否在面试阶段组织专业能力测试"":""否"",""面试人员比例"":""3:1"",""工作地点"":""河南省郑州市"",""落户地点"":""河南省郑州市"",""备注"":""1.联系电话：0371-66026670。\n2.具有相应学历的毕业证书和学位证书。\n3.与报考职位所在单位工作人员有夫妻关系、直系血亲关系、三代以内旁系血亲关系以及近姻亲关系的人员不得报考同一机关。"",""部门网站"":""http://www.yrcc.gov.cn/"",""咨询电话1"":""0371-66026670"",""咨询电话2"":"""",""咨询电话3"":"""",""来源Sheet"":""中央国家行政机关参照公务员法管理事业单位""}}"
"government_jobs","国家公务员2024招考简章","公务员/事业单位技术岗位","山东省济南市","2026-07-28T09:12:58.310295+00:00","科技处一级主任科员及以下","水利部黄河水利委员会","","山东省济南市","公务员/事业单位;2024;computer_software;硕士研究生及以上;与最高学历相对应的学位;水利工程、土木工程（限结构工程、岩土工程）、计算机科学与技术;市（地）级及以下直属机构综合管理类","用人司局：黄河水利委员会山东黄河河务局
职位简介：承担科技计划编制、信息技术规划编制及项目实施等工作
专业要求：水利工程、土木工程（限结构工程、岩土工程）、计算机科学与技术
学历要求：硕士研究生及以上
学位要求：与最高学历相对应的学位
政治面貌：不限
基层工作经历：无限制
考试类别：市（地）级及以下直属机构综合管理类
备注：1.联系电话：0531-86987375、86987376。
2.限2024届高校毕业生，具有相应学历的毕业证书和学位证书。
3.本职位需经常赴基层一线出差，条件艰苦，工作强度大，任务重。
4.与报考职位所在单位工作人员有夫妻关系、直系血亲关系、三代以内旁系血亲关系以及近姻亲关系的人员不得报考同一机关。","https://www.xuanhan.gov.cn/xxgk-show-77635.html#119102-400110201004","2023-10-15","{""dataset_year"":2024,""job_uid"":""GOV-2024-119102-400110201004"",""publisher"":""国家公务员局"",""publication_page"":""https://www.xuanhan.gov.cn/xxgk-show-77635.html"",""attachment_url"":""https://www.xuanhan.gov.cn/uploadfile/1/Attachment/638fdecf51.zip"",""local_source_file"":""中央机关及其直属机构2024年度考试录用公务员招考简章.xls"",""local_source_sha256"":""a1741b99dbecd6d03e533f99f2d69b0fa5a79733e551b80af69986ceed2ad996"",""source_sheet"":""中央国家行政机关参照公务员法管理事业单位"",""filter_version"":""government_tech_v2"",""tech_filter"":{""is_tech"":true,""is_core_tech"":true,""scope"":""core"",""categories"":[""computer_software""],""matched_fields"":[""major"",""description""],""major_terms"":[""计算机科学与技术""],""role_terms"":[""信息技术""],""reason"":""tech_major_and_role""},""original"":{""部门代码"":""119102"",""部门名称"":""水利部黄河水利委员会"",""用人司局"":""黄河水利委员会山东黄河河务局"",""机构性质"":""中央国家行政机关参照公务员法管理事业单位"",""招考职位"":""科技处一级主任科员及以下"",""职位属性"":""普通职位"",""职位分布"":""其他职位"",""职位简介"":""承担科技计划编制、信息技术规划编制及项目实施等工作"",""职位代码"":""400110201004"",""机构层级"":""市（地）级"",""考试类别"":""市（地）级及以下直属机构综合管理类"",""招考人数"":""1"",""专业"":""水利工程、土木工程（限结构工程、岩土工程）、计算机科学与技术"",""学历"":""硕士研究生及以上"",""学位"":""与最高学历相对应的学位"",""政治面貌"":""不限"",""基层工作最低年限"":""无限制"",""服务基层项目工作经历"":""无限制"",""是否在面试阶段组织专业能力测试"":""否"",""面试人员比例"":""3:1"",""工作地点"":""山东省济南市"",""落户地点"":""山东省济南市"",""备注"":""1.联系电话：0531-86987375、86987376。\n2.限2024届高校毕业生，具有相应学历的毕业证书和学位证书。\n3.本职位需经常赴基层一线出差，条件艰苦，工作强度大，任务重。\n4.与报考职位所在单位工作人员有夫妻关系、直系血亲关系、三代以内旁系血亲关系以及近姻亲关系的人员不得报考同一机关。"",""部门网站"":""http://www.yrcc.gov.cn/"",""咨询电话1"":""0371-66026670"",""咨询电话2"":"""",""咨询电话3"":"""",""来源Sheet"":""中央国家行政机关参照公务员法管理事业单位""}}"
"government_jobs","国家公务员2024招考简章","公务员/事业单位技术岗位","山东省聊城市东阿县","2026-07-28T09:12:58.310295+00:00","办公室一级主任科员及以下","水利部黄河水利委员会","","山东省聊城市东阿县","公务员/事业单位;2024;computer_software;cybersecurity_cryptography;本科及以上;与最高学历相对应的学位;本科：水利水电工程、计算机科学与技术、信息安全、数字媒体技术； 研究生：水利工程、计算机科学与技术;市（地）级及以下直属机构综合管理类","用人司局：聊城黄河河务局东阿黄河河务局
职位简介：承担信息系统、网络安全管理、信息宣传等工作
专业要求：本科：水利水电工程、计算机科学与技术、信息安全、数字媒体技术； 研究生：水利工程、计算机科学与技术
学历要求：本科及以上
学位要求：与最高学历相对应的学位
政治面貌：不限
基层工作经历：无限制
考试类别：市（地）级及以下直属机构综合管理类
备注：1.联系电话：0531-86987375、86987376。
2.具有相应学历的毕业证书和学位证书，双学位者须以第一专业报考。
3.与报考职位所在单位工作人员有夫妻关系、直系血亲关系、三代以内旁系血亲关系以及近姻亲关系的人员不得报考同一机关。","https://www.xuanhan.gov.cn/xxgk-show-77635.html#119102-400110235001","2023-10-15","{""dataset_year"":2024,""job_uid"":""GOV-2024-119102-400110235001"",""publisher"":""国家公务员局"",""publication_page"":""https://www.xuanhan.gov.cn/xxgk-show-77635.html"",""attachment_url"":""https://www.xuanhan.gov.cn/uploadfile/1/Attachment/638fdecf51.zip"",""local_source_file"":""中央机关及其直属机构2024年度考试录用公务员招考简章.xls"",""local_source_sha256"":""a1741b99dbecd6d03e533f99f2d69b0fa5a79733e551b80af69986ceed2ad996"",""source_sheet"":""中央国家行政机关参照公务员法管理事业单位"",""filter_version"":""government_tech_v2"",""tech_filter"":{""is_tech"":true,""is_core_tech"":true,""scope"":""core"",""categories"":[""computer_software"",""cybersecurity_cryptography""],""matched_fields"":[""major"",""description""],""major_terms"":[""信息安全"",""数字媒体技术"",""计算机科学与技术""],""role_terms"":[""信息系统"",""网络安全""],""reason"":""tech_major_and_role""},""original"":{""部门代码"":""119102"",""部门名称"":""水利部黄河水利委员会"",""用人司局"":""聊城黄河河务局东阿黄河河务局"",""机构性质"":""中央国家行政机关参照公务员法管理事业单位"",""招考职位"":""办公室一级主任科员及以下"",""职位属性"":""普通职位"",""职位分布"":""其他职位"",""职位简介"":""承担信息系统、网络安全管理、信息宣传等工作"",""职位代码"":""400110235001"",""机构层级"":""县（区）级及以下"",""考试类别"":""市（地）级及以下直属机构综合管理类"",""招考人数"":""1"",""专业"":""本科：水利水电工程、计算机科学与技术、信息安全、数字媒体技术； 研究生：水利工程、计算机科学与技术"",""学历"":""本科及以上"",""学位"":""与最高学历相对应的学位"",""政治面貌"":""不限"",""基层工作最低年限"":""无限制"",""服务基层项目工作经历"":""无限制"",""是否在面试阶段组织专业能力测试"":""否"",""面试人员比例"":""3:1"",""工作地点"":""山东省聊城市东阿县"",""落户地点"":""山东省聊城市东阿县"",""备注"":""1.联系电话：0531-86987375、86987376。\n2.具有相应学历的毕业证书和学位证书，双学位者须以第一专业报考。\n3.与报考职位所在单位工作人员有夫妻关系、直系血亲关系、三代以内旁系血亲关系以及近姻亲关系的人员不得报考同一机关。"",""部门网站"":""http://www.yrcc.gov.cn/"",""咨询电话1"":""0371-66026670"",""咨询电话2"":"""",""咨询电话3"":"""",""来源Sheet"":""中央国家行政机关参照公务员法管理事业单位""}}"
"government_jobs","国家公务员2024招考简章","公务员/事业单位技术岗位","河南省洛阳市","2026-07-28T09:12:58.310295+00:00","办公室一级主任科员及以下","水利部黄河水利委员会","","河南省洛阳市","公务员/事业单位;2024;computer_software;cybersecurity_cryptography;硕士研究生及以上;与最高学历相对应的学位;水利工程（限水利水电工程、水力学及河流动力学）、计算机科学与技术;市（地）级及以下直属机构综合管理类","用人司局：豫西黄河河务局吉利黄河河务局
职位简介：承担防汛抗旱、水利工程建设工作调研、网络安全维护等工作
专业要求：水利工程（限水利水电工程、水力学及河流动力学）、计算机科学与技术
学历要求：硕士研究生及以上
学位要求：与最高学历相对应的学位
政治面貌：不限
基层工作经历：无限制
考试类别：市（地）级及以下直属机构综合管理类
备注：1.联系电话：0371-69552041。
2.具有相应学历的毕业证书和学位证书。
3.与报考职位所在单位工作人员有夫妻关系、直系血亲关系、三代以内旁系血亲关系以及近姻亲关系的人员不得报考同一机关。","https://www.xuanhan.gov.cn/xxgk-show-77635.html#119102-400110305001","2023-10-15","{""dataset_year"":2024,""job_uid"":""GOV-2024-119102-400110305001"",""publisher"":""国家公务员局"",""publication_page"":""https://www.xuanhan.gov.cn/xxgk-show-77635.html"",""attachment_url"":""https://www.xuanhan.gov.cn/uploadfile/1/Attachment/638fdecf51.zip"",""local_source_file"":""中央机关及其直属机构2024年度考试录用公务员招考简章.xls"",""local_source_sha256"":""a1741b99dbecd6d03e533f99f2d69b0fa5a79733e551b80af69986ceed2ad996"",""source_sheet"":""中央国家行政机关参照公务员法管理事业单位"",""filter_version"":""government_tech_v2"",""tech_filter"":{""is_tech"":true,""is_core_tech"":true,""scope"":""core"",""categories"":[""computer_software"",""cybersecurity_cryptography""],""matched_fields"":[""major"",""description""],""major_terms"":[""计算机科学与技术""],""role_terms"":[""网络安全""],""reason"":""tech_major_and_role""},""original"":{""部门代码"":""119102"",""部门名称"":""水利部黄河水利委员会"",""用人司局"":""豫西黄河河务局吉利黄河河务局"",""机构性质"":""中央国家行政机关参照公务员法管理事业单位"",""招考职位"":""办公室一级主任科员及以下"",""职位属性"":""普通职位"",""职位分布"":""其他职位"",""职位简介"":""承担防汛抗旱、水利工程建设工作调研、网络安全维护等工作"",""职位代码"":""400110305001"",""机构层级"":""县（区）级及以下"",""考试类别"":""市（地）级及以下直属机构综合管理类"",""招考人数"":""1"",""专业"":""水利工程（限水利水电工程、水力学及河流动力学）、计算机科学与技术"",""学历"":""硕士研究生及以上"",""学位"":""与最高学历相对应的学位"",""政治面貌"":""不限"",""基层工作最低年限"":""无限制"",""服务基层项目工作经历"":""无限制"",""是否在面试阶段组织专业能力测试"":""否"",""面试人员比例"":""3:1"",""工作地点"":""河南省洛阳市"",""落户地点"":""河南省洛阳市"",""备注"":""1.联系电话：0371-69552041。\n2.具有相应学历的毕业证书和学位证书。\n3.与报考职位所在单位工作人员有夫妻关系、直系血亲关系、三代以内旁系血亲关系以及近姻亲关系的人员不得报考同一机关。"",""部门网站"":""http://www.yrcc.gov.cn/"",""咨询电话1"":""0371-66026670"",""咨询电话2"":"""",""咨询电话3"":"""",""来源Sheet"":""中央国家行政机关参照公务员法管理事业单位""}}"
"government_jobs","国家公务员2024招考简章","公务员/事业单位技术岗位","河南省郑州市","2026-07-28T09:12:58.310295+00:00","科技与信息处一级主任科员及以下","水利部黄河水利委员会","","河南省郑州市","公务员/事业单位;2024;computer_software;硕士研究生及以上;与最高学历相对应的学位;土木水利、土木工程、计算机科学与技术、工程管理、环境工程;市（地）级及以下直属机构综合管理类","用人司局：河南黄河河务局郑州黄河河务局
职位简介：承担水利信息化建设与管理、项目研究和成果应用推广等工作
专业要求：土木水利、土木工程、计算机科学与技术、工程管理、环境工程
学历要求：硕士研究生及以上
学位要求：与最高学历相对应的学位
政治面貌：不限
基层工作经历：无限制
考试类别：市（地）级及以下直属机构综合管理类
备注：1.联系电话：0371-69552041。
2.具有相应学历的毕业证书和学位证书。
3.与报考职位所在单位工作人员有夫妻关系、直系血亲关系、三代以内旁系血亲关系以及近姻亲关系的人员不得报考同一机关。","https://www.xuanhan.gov.cn/xxgk-show-77635.html#119102-400110306002","2023-10-15","{""dataset_year"":2024,""job_uid"":""GOV-2024-119102-400110306002"",""publisher"":""国家公务员局"",""publication_page"":""https://www.xuanhan.gov.cn/xxgk-show-77635.html"",""attachment_url"":""https://www.xuanhan.gov.cn/uploadfile/1/Attachment/638fdecf51.zip"",""local_source_file"":""中央机关及其直属机构2024年度考试录用公务员招考简章.xls"",""local_source_sha256"":""a1741b99dbecd6d03e533f99f2d69b0fa5a79733e551b80af69986ceed2ad996"",""source_sheet"":""中央国家行政机关参照公务员法管理事业单位"",""filter_version"":""government_tech_v2"",""tech_filter"":{""is_tech"":true,""is_core_tech"":true,""scope"":""core"",""categories"":[""computer_software""],""matched_fields"":[""major"",""description""],""major_terms"":[""计算机科学与技术""],""role_terms"":[""信息化""],""reason"":""tech_major_and_role""},""original"":{""部门代码"":""119102"",""部门名称"":""水利部黄河水利委员会"",""用人司局"":""河南黄河河务局郑州黄河河务局"",""机构性质"":""中央国家行政机关参照公务员法管理事业单位"",""招考职位"":""科技与信息处一级主任科员及以下"",""职位属性"":""普通职位"",""职位分布"":""其他职位"",""职位简介"":""承担水利信息化建设与管理、项目研究和成果应用推广等工作"",""职位代码"":""400110306002"",""机构层级"":""市（地）级"",""考试类别"":""市（地）级及以下直属机构综合管理类"",""招考人数"":""1"",""专业"":""土木水利、土木工程、计算机科学与技术、工程管理、环境工程"",""学历"":""硕士研究生及以上"",""学位"":""与最高学历相对应的学位"",""政治面貌"":""不限"",""基层工作最低年限"":""无限制"",""服务基层项目工作经历"":""无限制"",""是否在面试阶段组织专业能力测试"":""否"",""面试人员比例"":""3:1"",""工作地点"":""河南省郑州市"",""落户地点"":""河南省郑州市"",""备注"":""1.联系电话：0371-69552041。\n2.具有相应学历的毕业证书和学位证书。\n3.与报考职位所在单位工作人员有夫妻关系、直系血亲关系、三代以内旁系血亲关系以及近姻亲关系的人员不得报考同一机关。"",""部门网站"":""http://www.yrcc.gov.cn/"",""咨询电话1"":""0371-66026670"",""咨询电话2"":"""",""咨询电话3"":"""",""来源Sheet"":""中央国家行政机关参照公务员法管理事业单位""}}"
"government_jobs","国家公务员2024招考简章","公务员/事业单位技术岗位","河南省焦作市武陟县","2026-07-28T09:12:58.310295+00:00","工程管理科一级主任科员及以下","水利部黄河水利委员会","","河南省焦作市武陟县","公务员/事业单位;2024;computer_software;本科及以上;与最高学历相对应的学位;本科：水利水电工程、水文与水资源工程、网络工程、软件工程； 研究生：水利工程、软件工程;市（地）级及以下直属机构综合管理类","用人司局：焦作黄河河务局武陟第二黄河河务局
职位简介：承担水利工程建设、运行管理、信息化系统维护等工作
专业要求：本科：水利水电工程、水文与水资源工程、网络工程、软件工程； 研究生：水利工程、软件工程
学历要求：本科及以上
学位要求：与最高学历相对应的学位
政治面貌：不限
基层工作经历：无限制
考试类别：市（地）级及以下直属机构综合管理类
备注：1.联系电话：0371-69552041。
2.具有相应学历的毕业证书和学位证书，双学位者须以第一专业报考。
3.本职位需经常赴一线工程管理，条件艰苦，工作强度大，任务重。
4.与报考职位所在单位工作人员有夫妻关系、直系血亲关系、三代以内旁系血亲关系以及近姻亲关系的人员不得报考同一机关。","https://www.xuanhan.gov.cn/xxgk-show-77635.html#119102-400110321001","2023-10-15","{""dataset_year"":2024,""job_uid"":""GOV-2024-119102-400110321001"",""publisher"":""国家公务员局"",""publication_page"":""https://www.xuanhan.gov.cn/xxgk-show-77635.html"",""attachment_url"":""https://www.xuanhan.gov.cn/uploadfile/1/Attachment/638fdecf51.zip"",""local_source_file"":""中央机关及其直属机构2024年度考试录用公务员招考简章.xls"",""local_source_sha256"":""a1741b99dbecd6d03e533f99f2d69b0fa5a79733e551b80af69986ceed2ad996"",""source_sheet"":""中央国家行政机关参照公务员法管理事业单位"",""filter_version"":""government_tech_v2"",""tech_filter"":{""is_tech"":true,""is_core_tech"":true,""scope"":""core"",""categories"":[""computer_software""],""matched_fields"":[""major"",""description""],""major_terms"":[""网络工程"",""软件工程""],""role_terms"":[""信息化"",""系统维护""],""reason"":""tech_major_and_role""},""original"":{""部门代码"":""119102"",""部门名称"":""水利部黄河水利委员会"",""用人司局"":""焦作黄河河务局武陟第二黄河河务局"",""机构性质"":""中央国家行政机关参照公务员法管理事业单位"",""招考职位"":""工程管理科一级主任科员及以下"",""职位属性"":""普通职位"",""职位分布"":""其他职位"",""职位简介"":""承担水利工程建设、运行管理、信息化系统维护等工作"",""职位代码"":""400110321001"",""机构层级"":""县（区）级及以下"",""考试类别"":""市（地）级及以下直属机构综合管理类"",""招考人数"":""1"",""专业"":""本科：水利水电工程、水文与水资源工程、网络工程、软件工程； 研究生：水利工程、软件工程"",""学历"":""本科及以上"",""学位"":""与最高学历相对应的学位"",""政治面貌"":""不限"",""基层工作最低年限"":""无限制"",""服务基层项目工作经历"":""无限制"",""是否在面试阶段组织专业能力测试"":""否"",""面试人员比例"":""3:1"",""工作地点"":""河南省焦作市武陟县"",""落户地点"":""河南省焦作市武陟县"",""备注"":""1.联系电话：0371-69552041。\n2.具有相应学历的毕业证书和学位证书，双学位者须以第一专业报考。\n3.本职位需经常赴一线工程管理，条件艰苦，工作强度大，任务重。\n4.与报考职位所在单位工作人员有夫妻关系、直系血亲关系、三代以内旁系血亲关系以及近姻亲关系的人员不得报考同一机关。"",""部门网站"":""http://www.yrcc.gov.cn/"",""咨询电话1"":""0371-66026670"",""咨询电话2"":"""",""咨询电话3"":"""",""来源Sheet"":""中央国家行政机关参照公务员法管理事业单位""}}"
"government_jobs","国家公务员2024招考简章","公务员/事业单位技术岗位","陕西省渭南市大荔县","2026-07-28T09:12:58.310295+00:00","工程管理科一级主任科员及以下","水利部黄河水利委员会","","陕西省渭南市大荔县","公务员/事业单位;2024;computer_software;本科及以上;与最高学历相对应的学位;本科：水利水电工程、水文与水资源工程、港口航道与海岸工程、农业水利工程、计算机科学与技术； 研究生：水利工程（限水利水电工程、水文学及水资源）;市（地）级及以下直属机构综合管理类","用人司局：陕西黄河河务局大荔黄河河务局
职位简介：承担工程建设管理、工程运行技术及信息系统运行维护等工作
专业要求：本科：水利水电工程、水文与水资源工程、港口航道与海岸工程、农业水利工程、计算机科学与技术； 研究生：水利工程（限水利水电工程、水文学及水资源）
学历要求：本科及以上
学位要求：与最高学历相对应的学位
政治面貌：不限
基层工作经历：无限制
考试类别：市（地）级及以下直属机构综合管理类
备注：1.联系电话：0913-2063100。
2.限2024届高校毕业生，具有相应学历的毕业证书和学位证书，双学位者须以第一专业报考。
3.本职位需经常赴河道一线防汛抢险、工程建设、运行和管理监督，条件艰苦，工作强度大，任务重。
4.与报考职位所在单位工作人员有夫妻关系、直系血亲关系、三代以内旁系血亲关系以及近姻亲关系的人员不得报考同一机关。","https://www.xuanhan.gov.cn/xxgk-show-77635.html#119102-400110804001","2023-10-15","{""dataset_year"":2024,""job_uid"":""GOV-2024-119102-400110804001"",""publisher"":""国家公务员局"",""publication_page"":""https://www.xuanhan.gov.cn/xxgk-show-77635.html"",""attachment_url"":""https://www.xuanhan.gov.cn/uploadfile/1/Attachment/638fdecf51.zip"",""local_source_file"":""中央机关及其直属机构2024年度考试录用公务员招考简章.xls"",""local_source_sha256"":""a1741b99dbecd6d03e533f99f2d69b0fa5a79733e551b80af69986ceed2ad996"",""source_sheet"":""中央国家行政机关参照公务员法管理事业单位"",""filter_version"":""government_tech_v2"",""tech_filter"":{""is_tech"":true,""is_core_tech"":true,""scope"":""core"",""categories"":[""computer_software""],""matched_fields"":[""major"",""description""],""major_terms"":[""计算机科学与技术""],""role_terms"":[""信息系统""],""reason"":""tech_major_and_role""},""original"":{""部门代码"":""119102"",""部门名称"":""水利部黄河水利委员会"",""用人司局"":""陕西黄河河务局大荔黄河河务局"",""机构性质"":""中央国家行政机关参照公务员法管理事业单位"",""招考职位"":""工程管理科一级主任科员及以下"",""职位属性"":""普通职位"",""职位分布"":""其他职位"",""职位简介"":""承担工程建设管理、工程运行技术及信息系统运行维护等工作"",""职位代码"":""400110804001"",""机构层级"":""县（区）级及以下"",""考试类别"":""市（地）级及以下直属机构综合管理类"",""招考人数"":""1"",""专业"":""本科：水利水电工程、水文与水资源工程、港口航道与海岸工程、农业水利工程、计算机科学与技术； 研究生：水利工程（限水利水电工程、水文学及水资源）"",""学历"":""本科及以上"",""学位"":""与最高学历相对应的学位"",""政治面貌"":""不限"",""基层工作最低年限"":""无限制"",""服务基层项目工作经历"":""无限制"",""是否在面试阶段组织专业能力测试"":""否"",""面试人员比例"":""3:1"",""工作地点"":""陕西省渭南市大荔县"",""落户地点"":""陕西省渭南市"",""备注"":""1.联系电话：0913-2063100。\n2.限2024届高校毕业生，具有相应学历的毕业证书和学位证书，双学位者须以第一专业报考。\n3.本职位需经常赴河道一线防汛抢险、工程建设、运行和管理监督，条件艰苦，工作强度大，任务重。\n4.与报考职位所在单位工作人员有夫妻关系、直系血亲关系、三代以内旁系血亲关系以及近姻亲关系的人员不得报考同一机关。"",""部门网站"":""http://www.yrcc.gov.cn/"",""咨询电话1"":""0371-66026670"",""咨询电话2"":"""",""咨询电话3"":"""",""来源Sheet"":""中央国家行政机关参照公务员法管理事业单位""}}"
"government_jobs","国家公务员2024招考简章","公务员/事业单位技术岗位","江苏省宿迁市宿豫区","2026-07-28T09:12:58.310295+00:00","嶂山闸管理局一级主任科员及以下","水利部淮河水利委员会","","江苏省宿迁市宿豫区","公务员/事业单位;2024;computer_software;electronics_communication;本科及以上;与最高学历相对应的学位;本科：计算机科学与技术、软件工程、电子科学与技术、电子信息工程。硕士研究生及以上：计算机科学与技术（081200）、计算机应用技术、电子科学与技术（080900）、电子信息（085400）、软件工程（083500、085405）、计算机技术;市（地）级及以下直属机构综合管理类","用人司局：骆马湖水利管理局
职位简介：从事智慧水利等工作
专业要求：本科：计算机科学与技术、软件工程、电子科学与技术、电子信息工程。硕士研究生及以上：计算机科学与技术（081200）、计算机应用技术、电子科学与技术（080900）、电子信息（085400）、软件工程（083500、085405）、计算机技术
学历要求：本科及以上
学位要求：与最高学历相对应的学位
政治面貌：不限
基层工作经历：无限制
考试类别：市（地）级及以下直属机构综合管理类
备注：限2024届高校毕业生；同时取得相应学历学位证书；双学位学历人员须以第一专业报考；通过大学英语四级考试或四级考试成绩在425分及以上；基层一线岗位，经常开展野外巡查，汛期24小时值班，条件艰苦。最低服务期5年（含试用期）。与报考职位所在单位工作人员有夫妻关系、直系血亲关系、三代以内旁系血亲关系以及近姻亲关系的人员不得报考同一机关。","https://www.xuanhan.gov.cn/xxgk-show-77635.html#119103-400110005010","2023-10-15","{""dataset_year"":2024,""job_uid"":""GOV-2024-119103-400110005010"",""publisher"":""国家公务员局"",""publication_page"":""https://www.xuanhan.gov.cn/xxgk-show-77635.html"",""attachment_url"":""https://www.xuanhan.gov.cn/uploadfile/1/Attachment/638fdecf51.zip"",""local_source_file"":""中央机关及其直属机构2024年度考试录用公务员招考简章.xls"",""local_source_sha256"":""a1741b99dbecd6d03e533f99f2d69b0fa5a79733e551b80af69986ceed2ad996"",""source_sheet"":""中央国家行政机关参照公务员法管理事业单位"",""filter_version"":""government_tech_v2"",""tech_filter"":{""is_tech"":true,""is_core_tech"":true,""scope"":""core"",""categories"":[""computer_software"",""electronics_communication""],""matched_fields"":[""major"",""description""],""major_terms"":[""电子信息"",""电子信息工程"",""电子科学与技术"",""计算机"",""计算机技术"",""计算机科学与技术"",""软件工程""],""role_terms"":[""智慧""],""reason"":""tech_major_and_role""},""original"":{""部门代码"":""119103"",""部门名称"":""水利部淮河水利委员会"",""用人司局"":""骆马湖水利管理局"",""机构性质"":""中央国家行政机关参照公务员法管理事业单位"",""招考职位"":""嶂山闸管理局一级主任科员及以下"",""职位属性"":""普通职位"",""职位分布"":""其他职位"",""职位简介"":""从事智慧水利等工作"",""职位代码"":""400110005010"",""机构层级"":""县（区）级及以下"",""考试类别"":""市（地）级及以下直属机构综合管理类"",""招考人数"":""1"",""专业"":""本科：计算机科学与技术、软件工程、电子科学与技术、电子信息工程。硕士研究生及以上：计算机科学与技术（081200）、计算机应用技术、电子科学与技术（080900）、电子信息（085400）、软件工程（083500、085405）、计算机技术"",""学历"":""本科及以上"",""学位"":""与最高学历相对应的学位"",""政治面貌"":""不限"",""基层工作最低年限"":""无限制"",""服务基层项目工作经历"":""无限制"",""是否在面试阶段组织专业能力测试"":""否"",""面试人员比例"":""3:1"",""工作地点"":""江苏省宿迁市宿豫区"",""落户地点"":""江苏省宿迁市"",""备注"":""限2024届高校毕业生；同时取得相应学历学位证书；双学位学历人员须以第一专业报考；通过大学英语四级考试或四级考试成绩在425分及以上；基层一线岗位，经常开展野外巡查，汛期24小时值班，条件艰苦。最低服务期5年（含试用期）。与报考职位所在单位工作人员有夫妻关系、直系血亲关系、三代以内旁系血亲关系以及近姻亲关系的人员不得报考同一机关。"",""部门网站"":""www.hrc.gov.cn"",""咨询电话1"":""0552-3093670"",""咨询电话2"":""0516-83683513"",""咨询电话3"":""0516-83683590"",""来源Sheet"":""中央国家行政机关参照公务员法管理事业单位""}}"
"government_jobs","国家公务员2024招考简章","公务员/事业单位技术岗位","山东省德州市","2026-07-28T09:12:58.310295+00:00","水闸管理局一级主任科员及以下","水利部海河水利委员会","","山东省德州市","公务员/事业单位;2024;computer_software;硕士研究生及以上;与最高学历相对应的学位;水利水电工程、信息管理与信息系统;市（地）级及以下直属机构综合管理类","用人司局：漳卫南运河管理局
职位简介：主要从事党务、政务信息管理等工作
专业要求：水利水电工程、信息管理与信息系统
学历要求：硕士研究生及以上
学位要求：与最高学历相对应的学位
政治面貌：中共党员
基层工作经历：无限制
考试类别：市（地）级及以下直属机构综合管理类
备注：限2024届高校毕业生；须同时取得相应专业的学历和学位；与报考职位所在单位工作人员有夫妻关系、直系血亲关系、三代以内旁系血亲关系以及近姻亲关系的人员不得报考同一机关；最低服务期5年（含试用期）。","https://www.xuanhan.gov.cn/xxgk-show-77635.html#119104-400110002026","2023-10-15","{""dataset_year"":2024,""job_uid"":""GOV-2024-119104-400110002026"",""publisher"":""国家公务员局"",""publication_page"":""https://www.xuanhan.gov.cn/xxgk-show-77635.html"",""attachment_url"":""https://www.xuanhan.gov.cn/uploadfile/1/Attachment/638fdecf51.zip"",""local_source_file"":""中央机关及其直属机构2024年度考试录用公务员招考简章.xls"",""local_source_sha256"":""a1741b99dbecd6d03e533f99f2d69b0fa5a79733e551b80af69986ceed2ad996"",""source_sheet"":""中央国家行政机关参照公务员法管理事业单位"",""filter_version"":""government_tech_v2"",""tech_filter"":{""is_tech"":true,""is_core_tech"":true,""scope"":""core"",""categories"":[""computer_software""],""matched_fields"":[""description""],""major_terms"":[],""role_terms"":[""信息管理""],""reason"":""tech_role""},""original"":{""部门代码"":""119104"",""部门名称"":""水利部海河水利委员会"",""用人司局"":""漳卫南运河管理局"",""机构性质"":""中央国家行政机关参照公务员法管理事业单位"",""招考职位"":""水闸管理局一级主任科员及以下"",""职位属性"":""普通职位"",""职位分布"":""其他职位"",""职位简介"":""主要从事党务、政务信息管理等工作"",""职位代码"":""400110002026"",""机构层级"":""县（区）级及以下"",""考试类别"":""市（地）级及以下直属机构综合管理类"",""招考人数"":""1"",""专业"":""水利水电工程、信息管理与信息系统"",""学历"":""硕士研究生及以上"",""学位"":""与最高学历相对应的学位"",""政治面貌"":""中共党员"",""基层工作最低年限"":""无限制"",""服务基层项目工作经历"":""无限制"",""是否在面试阶段组织专业能力测试"":""否"",""面试人员比例"":""3:1"",""工作地点"":""山东省德州市"",""落户地点"":""山东省德州市"",""备注"":""限2024届高校毕业生；须同时取得相应专业的学历和学位；与报考职位所在单位工作人员有夫妻关系、直系血亲关系、三代以内旁系血亲关系以及近姻亲关系的人员不得报考同一机关；最低服务期5年（含试用期）。"",""部门网站"":""www.hwcc.gov.cn"",""咨询电话1"":""022-24102436"",""咨询电话2"":""022-24102406"",""咨询电话3"":"""",""来源Sheet"":""中央国家行政机关参照公务员法管理事业单位""}}"
"government_jobs","国家公务员2024招考简章","公务员/事业单位技术岗位","河北省邯郸市邯山区","2026-07-28T09:12:58.310295+00:00","办公室一级主任科员及以下","水利部海河水利委员会","","河北省邯郸市邯山区","公务员/事业单位;2024;computer_software;cybersecurity_cryptography;electronics_communication;硕士研究生及以上;与最高学历相对应的学位;信息与通信工程（081000）、网络空间安全（083900）、通信与信息系统（081001）、网络与信息安全（085412）;市（地）级及以下直属机构综合管理类","用人司局：漳河上游管理局
职位简介：主要从事信息化管理工作
专业要求：信息与通信工程（081000）、网络空间安全（083900）、通信与信息系统（081001）、网络与信息安全（085412）
学历要求：硕士研究生及以上
学位要求：与最高学历相对应的学位
政治面貌：中共党员
基层工作经历：无限制
考试类别：市（地）级及以下直属机构综合管理类
备注：限2024届高校毕业生；须同时取得相应专业的学历和学位；通过国家大学英语六级或六级考试成绩425分及以上；与报考职位所在单位工作人员有夫妻关系、直系血亲关系、三代以内旁系血亲关系以及近姻亲关系的人员不得报考同一机关；最低服务期5年（含试用期）。","https://www.xuanhan.gov.cn/xxgk-show-77635.html#119104-400110004001","2023-10-15","{""dataset_year"":2024,""job_uid"":""GOV-2024-119104-400110004001"",""publisher"":""国家公务员局"",""publication_page"":""https://www.xuanhan.gov.cn/xxgk-show-77635.html"",""attachment_url"":""https://www.xuanhan.gov.cn/uploadfile/1/Attachment/638fdecf51.zip"",""local_source_file"":""中央机关及其直属机构2024年度考试录用公务员招考简章.xls"",""local_source_sha256"":""a1741b99dbecd6d03e533f99f2d69b0fa5a79733e551b80af69986ceed2ad996"",""source_sheet"":""中央国家行政机关参照公务员法管理事业单位"",""filter_version"":""government_tech_v2"",""tech_filter"":{""is_tech"":true,""is_core_tech"":true,""scope"":""core"",""categories"":[""computer_software"",""cybersecurity_cryptography"",""electronics_communication""],""matched_fields"":[""major"",""description""],""major_terms"":[""信息与通信工程"",""信息安全"",""网络空间安全"",""通信工程""],""role_terms"":[""信息化""],""reason"":""tech_major_and_role""},""original"":{""部门代码"":""119104"",""部门名称"":""水利部海河水利委员会"",""用人司局"":""漳河上游管理局"",""机构性质"":""中央国家行政机关参照公务员法管理事业单位"",""招考职位"":""办公室一级主任科员及以下"",""职位属性"":""普通职位"",""职位分布"":""其他职位"",""职位简介"":""主要从事信息化管理工作"",""职位代码"":""400110004001"",""机构层级"":""市（地）级"",""考试类别"":""市（地）级及以下直属机构综合管理类"",""招考人数"":""1"",""专业"":""信息与通信工程（081000）、网络空间安全（083900）、通信与信息系统（081001）、网络与信息安全（085412）"",""学历"":""硕士研究生及以上"",""学位"":""与最高学历相对应的学位"",""政治面貌"":""中共党员"",""基层工作最低年限"":""无限制"",""服务基层项目工作经历"":""无限制"",""是否在面试阶段组织专业能力测试"":""否"",""面试人员比例"":""3:1"",""工作地点"":""河北省邯郸市邯山区"",""落户地点"":""河北省邯郸市邯山区"",""备注"":""限2024届高校毕业生；须同时取得相应专业的学历和学位；通过国家大学英语六级或六级考试成绩425分及以上；与报考职位所在单位工作人员有夫妻关系、直系血亲关系、三代以内旁系血亲关系以及近姻亲关系的人员不得报考同一机关；最低服务期5年（含试用期）。"",""部门网站"":""www.hwcc.gov.cn"",""咨询电话1"":""022-24102436"",""咨询电话2"":""022-24102406"",""咨询电话3"":"""",""来源Sheet"":""中央国家行政机关参照公务员法管理事业单位""}}"
"government_jobs","国家公务员2024招考简章","公务员/事业单位技术岗位","北京市","2026-07-28T09:12:58.310295+00:00","关税管理四级主管及以下（二）","北京海关","","北京市","公务员/事业单位;2024;computer_software;cybersecurity_cryptography;data_ai;本科或硕士研究生;与最高学历相对应的学位;计算机科学与技术、软件工程、网络工程、信息安全、智能科学与技术、电子与计算机工程、数据科学与大数据技术;中央机关及其省级直属机构综合管理类","用人司局：海关总署税收征管局（京津）
职位简介：从事税收风险防控、数据分析工作和智慧海关建设。
专业要求：计算机科学与技术、软件工程、网络工程、信息安全、智能科学与技术、电子与计算机工程、数据科学与大数据技术
学历要求：本科或硕士研究生
学位要求：与最高学历相对应的学位
政治面貌：不限
基层工作经历：二年
考试类别：中央机关及其省级直属机构综合管理类
备注：本科生大学英语四级考试425分及以上，研究生大学英语六级考试425分及以上；住宿自理；本职位所指本科专业学科代码为080901、080902、080903、080904、080907、080909、080910，所指研究生专业学科代码为0812、0835；考生必须具备与填报学历及专业相应的学位；专业能力测试安排，详见海关总署网站（www.customs.gov.cn）。服从关区二次调配。","https://www.xuanhan.gov.cn/xxgk-show-77635.html#129104-300110001002","2023-10-15","{""dataset_year"":2024,""job_uid"":""GOV-2024-129104-300110001002"",""publisher"":""国家公务员局"",""publication_page"":""https://www.xuanhan.gov.cn/xxgk-show-77635.html"",""attachment_url"":""https://www.xuanhan.gov.cn/uploadfile/1/Attachment/638fdecf51.zip"",""local_source_file"":""中央机关及其直属机构2024年度考试录用公务员招考简章.xls"",""local_source_sha256"":""a1741b99dbecd6d03e533f99f2d69b0fa5a79733e551b80af69986ceed2ad996"",""source_sheet"":""中央国家行政机关省级以下直属机构"",""filter_version"":""government_tech_v2"",""tech_filter"":{""is_tech"":true,""is_core_tech"":true,""scope"":""core"",""categories"":[""computer_software"",""cybersecurity_cryptography"",""data_ai""],""matched_fields"":[""major"",""description""],""major_terms"":[""信息安全"",""大数据"",""数据科学与大数据技术"",""智能科学与技术"",""网络工程"",""计算机"",""计算机科学与技术"",""软件工程""],""role_terms"":[""数据分析"",""智慧""],""reason"":""tech_major_and_role""},""original"":{""部门代码"":""129104"",""部门名称"":""北京海关"",""用人司局"":""海关总署税收征管局（京津）"",""机构性质"":""中央国家行政机关省级以下直属机构"",""招考职位"":""关税管理四级主管及以下（二）"",""职位属性"":""普通职位"",""职位分布"":""其他职位"",""职位简介"":""从事税收风险防控、数据分析工作和智慧海关建设。"",""职位代码"":""300110001002"",""机构层级"":""省（副省）级"",""考试类别"":""中央机关及其省级直属机构综合管理类"",""招考人数"":""2"",""专业"":""计算机科学与技术、软件工程、网络工程、信息安全、智能科学与技术、电子与计算机工程、数据科学与大数据技术"",""学历"":""本科或硕士研究生"",""学位"":""与最高学历相对应的学位"",""政治面貌"":""不限"",""基层工作最低年限"":""二年"",""服务基层项目工作经历"":""无限制"",""是否在面试阶段组织专业能力测试"":""是"",""面试人员比例"":""3:1"",""工作地点"":""北京市"",""落户地点"":""北京市"",""备注"":""本科生大学英语四级考试425分及以上，研究生大学英语六级考试425分及以上；住宿自理；本职位所指本科专业学科代码为080901、080902、080903、080904、080907、080909、080910，所指研究生专业学科代码为0812、0835；考生必须具备与填报学历及专业相应的学位；专业能力测试安排，详见海关总署网站（www.customs.gov.cn）。服从关区二次调配。"",""部门网站"":""beijing.customs.gov.cn"",""咨询电话1"":""010-85736832"",""咨询电话2"":""010-85736812"",""咨询电话3"":""010-85736810"",""来源Sheet"":""中央国家行政机关省级以下直属机构""}}"
"government_jobs","国家公务员2024招考简章","公务员/事业单位技术岗位","北京市","2026-07-28T09:12:58.310295+00:00","业务技术保障工作四级主办及以下","北京海关","","北京市","公务员/事业单位;2024;computer_software;cybersecurity_cryptography;本科或硕士研究生;与最高学历相对应的学位;计算机科学与技术、软件工程、网络工程、信息安全、网络空间安全;行政执法类","用人司局：首都机场海关
职位简介：从事现场业务技术支持和智慧海关建设。
专业要求：计算机科学与技术、软件工程、网络工程、信息安全、网络空间安全
学历要求：本科或硕士研究生
学位要求：与最高学历相对应的学位
政治面貌：不限
基层工作经历：无限制
考试类别：行政执法类
备注：限2024届高校毕业生；本科生大学英语四级考试425分及以上，研究生大学英语六级考试425分及以上；现场一线岗位；需24小时倒班；住宿自理；本职位所指本科专业学科代码为080901、080902、080903、080904、080911，所指研究生专业学科代码为0812、0835、0839；考生必须具备与填报学历及专业相应的学位；服从关区二次调配。","https://www.xuanhan.gov.cn/xxgk-show-77635.html#129104-300110002008","2023-10-15","{""dataset_year"":2024,""job_uid"":""GOV-2024-129104-300110002008"",""publisher"":""国家公务员局"",""publication_page"":""https://www.xuanhan.gov.cn/xxgk-show-77635.html"",""attachment_url"":""https://www.xuanhan.gov.cn/uploadfile/1/Attachment/638fdecf51.zip"",""local_source_file"":""中央机关及其直属机构2024年度考试录用公务员招考简章.xls"",""local_source_sha256"":""a1741b99dbecd6d03e533f99f2d69b0fa5a79733e551b80af69986ceed2ad996"",""source_sheet"":""中央国家行政机关省级以下直属机构"",""filter_version"":""government_tech_v2"",""tech_filter"":{""is_tech"":true,""is_core_tech"":true,""scope"":""core"",""categories"":[""computer_software"",""cybersecurity_cryptography""],""matched_fields"":[""major"",""description""],""major_terms"":[""信息安全"",""网络工程"",""网络空间安全"",""计算机科学与技术"",""软件工程""],""role_terms"":[""智慧""],""reason"":""tech_major_and_role""},""original"":{""部门代码"":""129104"",""部门名称"":""北京海关"",""用人司局"":""首都机场海关"",""机构性质"":""中央国家行政机关省级以下直属机构"",""招考职位"":""业务技术保障工作四级主办及以下"",""职位属性"":""普通职位"",""职位分布"":""其他职位"",""职位简介"":""从事现场业务技术支持和智慧海关建设。"",""职位代码"":""300110002008"",""机构层级"":""市（地）级"",""考试类别"":""行政执法类"",""招考人数"":""6"",""专业"":""计算机科学与技术、软件工程、网络工程、信息安全、网络空间安全"",""学历"":""本科或硕士研究生"",""学位"":""与最高学历相对应的学位"",""政治面貌"":""不限"",""基层工作最低年限"":""无限制"",""服务基层项目工作经历"":""无限制"",""是否在面试阶段组织专业能力测试"":""否"",""面试人员比例"":""3:1"",""工作地点"":""北京市"",""落户地点"":""北京市"",""备注"":""限2024届高校毕业生；本科生大学英语四级考试425分及以上，研究生大学英语六级考试425分及以上；现场一线岗位；需24小时倒班；住宿自理；本职位所指本科专业学科代码为080901、080902、080903、080904、080911，所指研究生专业学科代码为0812、0835、0839；考生必须具备与填报学历及专业相应的学位；服从关区二次调配。"",""部门网站"":""beijing.customs.gov.cn"",""咨询电话1"":""010-85736832"",""咨询电话2"":""010-85736812"",""咨询电话3"":""010-85736810"",""来源Sheet"":""中央国家行政机关省级以下直属机构""}}"
"government_jobs","国家公务员2024招考简章","公务员/事业单位技术岗位","北京市","2026-07-28T09:12:58.310295+00:00","业务技术保障工作四级主办及以下","北京海关","","北京市","公务员/事业单位;2024;automation_robotics;computer_software;electronics_communication;本科或硕士研究生;与最高学历相对应的学位;通信工程、通信与信息系统、信号与信息处理、自动化、控制科学与工程;行政执法类","用人司局：北京大兴国际机场海关
职位简介：从事现场业务技术支持和智慧海关建设。
专业要求：通信工程、通信与信息系统、信号与信息处理、自动化、控制科学与工程
学历要求：本科或硕士研究生
学位要求：与最高学历相对应的学位
政治面貌：不限
基层工作经历：无限制
考试类别：行政执法类
备注：限应届高校毕业生；本科生大学英语四级考试425分及以上，研究生大学英语六级考试425分及以上；现场一线岗位；需24小时倒班；住宿自理；本职位所指本科专业学科代码为080703、080801，所指研究生专业学科代码为0810、0811；考生必须具备与填报学历及专业相应的学位；服从关区二次调配。","https://www.xuanhan.gov.cn/xxgk-show-77635.html#129104-300110003003","2023-10-15","{""dataset_year"":2024,""job_uid"":""GOV-2024-129104-300110003003"",""publisher"":""国家公务员局"",""publication_page"":""https://www.xuanhan.gov.cn/xxgk-show-77635.html"",""attachment_url"":""https://www.xuanhan.gov.cn/uploadfile/1/Attachment/638fdecf51.zip"",""local_source_file"":""中央机关及其直属机构2024年度考试录用公务员招考简章.xls"",""local_source_sha256"":""a1741b99dbecd6d03e533f99f2d69b0fa5a79733e551b80af69986ceed2ad996"",""source_sheet"":""中央国家行政机关省级以下直属机构"",""filter_version"":""government_tech_v2"",""tech_filter"":{""is_tech"":true,""is_core_tech"":true,""scope"":""core"",""categories"":[""automation_robotics"",""computer_software"",""electronics_communication""],""matched_fields"":[""major"",""description""],""major_terms"":[""控制科学与工程"",""自动化"",""通信工程""],""role_terms"":[""智慧""],""reason"":""tech_major_and_role""},""original"":{""部门代码"":""129104"",""部门名称"":""北京海关"",""用人司局"":""北京大兴国际机场海关"",""机构性质"":""中央国家行政机关省级以下直属机构"",""招考职位"":""业务技术保障工作四级主办及以下"",""职位属性"":""普通职位"",""职位分布"":""其他职位"",""职位简介"":""从事现场业务技术支持和智慧海关建设。"",""职位代码"":""300110003003"",""机构层级"":""县（区）级及以下"",""考试类别"":""行政执法类"",""招考人数"":""4"",""专业"":""通信工程、通信与信息系统、信号与信息处理、自动化、控制科学与工程"",""学历"":""本科或硕士研究生"",""学位"":""与最高学历相对应的学位"",""政治面貌"":""不限"",""基层工作最低年限"":""无限制"",""服务基层项目工作经历"":""无限制"",""是否在面试阶段组织专业能力测试"":""否"",""面试人员比例"":""3:1"",""工作地点"":""北京市"",""落户地点"":""北京市"",""备注"":""限应届高校毕业生；本科生大学英语四级考试425分及以上，研究生大学英语六级考试425分及以上；现场一线岗位；需24小时倒班；住宿自理；本职位所指本科专业学科代码为080703、080801，所指研究生专业学科代码为0810、0811；考生必须具备与填报学历及专业相应的学位；服从关区二次调配。"",""部门网站"":""beijing.customs.gov.cn"",""咨询电话1"":""010-85736832"",""咨询电话2"":""010-85736812"",""咨询电话3"":""010-85736810"",""来源Sheet"":""中央国家行政机关省级以下直属机构""}}"
"government_jobs","国家公务员2024招考简章","公务员/事业单位技术岗位","天津市","2026-07-28T09:12:58.310295+00:00","统计工作四级主办","天津海关","","天津市","公务员/事业单位;2024;computer_software;cybersecurity_cryptography;仅限硕士研究生;硕士;软件工程、计算机应用技术、精密仪器及机械、网络空间安全、智能科学与技术;行政执法类","用人司局：天津保税区海关
职位简介：从事海关统计分析和智慧海关建设管理工作。
专业要求：软件工程、计算机应用技术、精密仪器及机械、网络空间安全、智能科学与技术
学历要求：仅限硕士研究生
学位要求：硕士
政治面貌：不限
基层工作经历：无限制
考试类别：行政执法类
备注：限应届高校毕业生；大学英语六级考试425分及以上；现场一线岗位；本职位所指专业为具体专业名称；考生必须具备与填报学历及专业相应的学位；服从关区二次调配。","https://www.xuanhan.gov.cn/xxgk-show-77635.html#129105-300110008002","2023-10-15","{""dataset_year"":2024,""job_uid"":""GOV-2024-129105-300110008002"",""publisher"":""国家公务员局"",""publication_page"":""https://www.xuanhan.gov.cn/xxgk-show-77635.html"",""attachment_url"":""https://www.xuanhan.gov.cn/uploadfile/1/Attachment/638fdecf51.zip"",""local_source_file"":""中央机关及其直属机构2024年度考试录用公务员招考简章.xls"",""local_source_sha256"":""a1741b99dbecd6d03e533f99f2d69b0fa5a79733e551b80af69986ceed2ad996"",""source_sheet"":""中央国家行政机关省级以下直属机构"",""filter_version"":""government_tech_v2"",""tech_filter"":{""is_tech"":true,""is_core_tech"":true,""scope"":""core"",""categories"":[""computer_software"",""cybersecurity_cryptography""],""matched_fields"":[""major"",""description""],""major_terms"":[""智能科学与技术"",""网络空间安全"",""计算机"",""软件工程""],""role_terms"":[""智慧""],""reason"":""tech_major_and_role""},""original"":{""部门代码"":""129105"",""部门名称"":""天津海关"",""用人司局"":""天津保税区海关"",""机构性质"":""中央国家行政机关省级以下直属机构"",""招考职位"":""统计工作四级主办"",""职位属性"":""普通职位"",""职位分布"":""其他职位"",""职位简介"":""从事海关统计分析和智慧海关建设管理工作。"",""职位代码"":""300110008002"",""机构层级"":""县（区）级及以下"",""考试类别"":""行政执法类"",""招考人数"":""2"",""专业"":""软件工程、计算机应用技术、精密仪器及机械、网络空间安全、智能科学与技术"",""学历"":""仅限硕士研究生"",""学位"":""硕士"",""政治面貌"":""不限"",""基层工作最低年限"":""无限制"",""服务基层项目工作经历"":""无限制"",""是否在面试阶段组织专业能力测试"":""否"",""面试人员比例"":""3:1"",""工作地点"":""天津市"",""落户地点"":""天津市"",""备注"":""限应届高校毕业生；大学英语六级考试425分及以上；现场一线岗位；本职位所指专业为具体专业名称；考生必须具备与填报学历及专业相应的学位；服从关区二次调配。"",""部门网站"":""http://tianjin.customs.gov.cn"",""咨询电话1"":""022-84201707"",""咨询电话2"":""022-84201751"",""咨询电话3"":"""",""来源Sheet"":""中央国家行政机关省级以下直属机构""}}"
"government_jobs","国家公务员2024招考简章","公务员/事业单位技术岗位","天津市","2026-07-28T09:12:58.310295+00:00","风险防控专业技术员","天津海关","","天津市","公务员/事业单位;2024;computer_software;仅限本科;学士;数学与应用数学、数据科学与大数据技术、大数据管理与应用、数据计算及应用、电子商务、跨境电子商务、应用统计学;中央机关及其省级直属机构综合管理类","用人司局：天津海关风险防控分局
职位简介：从事海关风险防控和智慧海关建设管理工作。
专业要求：数学与应用数学、数据科学与大数据技术、大数据管理与应用、数据计算及应用、电子商务、跨境电子商务、应用统计学
学历要求：仅限本科
学位要求：学士
政治面貌：不限
基层工作经历：二年
考试类别：中央机关及其省级直属机构综合管理类
备注：大学英语四级考试425分及以上；本职位所指专业为具体专业名称；考生必须具备与填报学历及专业相应的学位；专业能力测试安排，详见海关总署网站（www.customs.gov.cn）。","https://www.xuanhan.gov.cn/xxgk-show-77635.html#129105-300110011001","2023-10-15","{""dataset_year"":2024,""job_uid"":""GOV-2024-129105-300110011001"",""publisher"":""国家公务员局"",""publication_page"":""https://www.xuanhan.gov.cn/xxgk-show-77635.html"",""attachment_url"":""https://www.xuanhan.gov.cn/uploadfile/1/Attachment/638fdecf51.zip"",""local_source_file"":""中央机关及其直属机构2024年度考试录用公务员招考简章.xls"",""local_source_sha256"":""a1741b99dbecd6d03e533f99f2d69b0fa5a79733e551b80af69986ceed2ad996"",""source_sheet"":""中央国家行政机关省级以下直属机构"",""filter_version"":""government_tech_v2"",""tech_filter"":{""is_tech"":true,""is_core_tech"":true,""scope"":""core"",""categories"":[""computer_software""],""matched_fields"":[""major"",""description""],""major_terms"":[""大数据"",""数据科学与大数据技术""],""role_terms"":[""智慧""],""reason"":""tech_major_and_role""},""original"":{""部门代码"":""129105"",""部门名称"":""天津海关"",""用人司局"":""天津海关风险防控分局"",""机构性质"":""中央国家行政机关省级以下直属机构"",""招考职位"":""风险防控专业技术员"",""职位属性"":""普通职位"",""职位分布"":""其他职位"",""职位简介"":""从事海关风险防控和智慧海关建设管理工作。"",""职位代码"":""300110011001"",""机构层级"":""省（副省）级"",""考试类别"":""中央机关及其省级直属机构综合管理类"",""招考人数"":""1"",""专业"":""数学与应用数学、数据科学与大数据技术、大数据管理与应用、数据计算及应用、电子商务、跨境电子商务、应用统计学"",""学历"":""仅限本科"",""学位"":""学士"",""政治面貌"":""不限"",""基层工作最低年限"":""二年"",""服务基层项目工作经历"":""无限制"",""是否在面试阶段组织专业能力测试"":""是"",""面试人员比例"":""3:1"",""工作地点"":""天津市"",""落户地点"":""天津市"",""备注"":""大学英语四级考试425分及以上；本职位所指专业为具体专业名称；考生必须具备与填报学历及专业相应的学位；专业能力测试安排，详见海关总署网站（www.customs.gov.cn）。"",""部门网站"":""http://tianjin.customs.gov.cn"",""咨询电话1"":""022-84201707"",""咨询电话2"":""022-84201751"",""咨询电话3"":"""",""来源Sheet"":""中央国家行政机关省级以下直属机构""}}"
"government_jobs","国家公务员2024招考简章","公务员/事业单位技术岗位","河北省秦皇岛市","2026-07-28T09:12:58.310295+00:00","科技管理一级行政执法员（一）","石家庄海关","","河北省秦皇岛市","公务员/事业单位;2024;computer_software;cybersecurity_cryptography;仅限本科;学士;计算机科学与技术、软件工程、信息安全、信息管理与信息系统;行政执法类","用人司局：北戴河海关
职位简介：从事海关一线技术管理及智慧海关建设工作
专业要求：计算机科学与技术、软件工程、信息安全、信息管理与信息系统
学历要求：仅限本科
学位要求：学士
政治面貌：不限
基层工作经历：无限制
考试类别：行政执法类
备注：限2024届高校毕业生；大学英语四级考试425分及以上；现场一线岗位；本职位所指专业为具体专业名称；考生必须具备与填报学历及专业相应的学位；服从关区二次调配。","https://www.xuanhan.gov.cn/xxgk-show-77635.html#129106-300110005005","2023-10-15","{""dataset_year"":2024,""job_uid"":""GOV-2024-129106-300110005005"",""publisher"":""国家公务员局"",""publication_page"":""https://www.xuanhan.gov.cn/xxgk-show-77635.html"",""attachment_url"":""https://www.xuanhan.gov.cn/uploadfile/1/Attachment/638fdecf51.zip"",""local_source_file"":""中央机关及其直属机构2024年度考试录用公务员招考简章.xls"",""local_source_sha256"":""a1741b99dbecd6d03e533f99f2d69b0fa5a79733e551b80af69986ceed2ad996"",""source_sheet"":""中央国家行政机关省级以下直属机构"",""filter_version"":""government_tech_v2"",""tech_filter"":{""is_tech"":true,""is_core_tech"":true,""scope"":""core"",""categories"":[""computer_software"",""cybersecurity_cryptography""],""matched_fields"":[""major"",""description""],""major_terms"":[""信息安全"",""计算机科学与技术"",""软件工程""],""role_terms"":[""智慧""],""reason"":""tech_major_and_role""},""original"":{""部门代码"":""129106"",""部门名称"":""石家庄海关"",""用人司局"":""北戴河海关"",""机构性质"":""中央国家行政机关省级以下直属机构"",""招考职位"":""科技管理一级行政执法员（一）"",""职位属性"":""普通职位"",""职位分布"":""其他职位"",""职位简介"":""从事海关一线技术管理及智慧海关建设工作"",""职位代码"":""300110005005"",""机构层级"":""县（区）级及以下"",""考试类别"":""行政执法类"",""招考人数"":""1"",""专业"":""计算机科学与技术、软件工程、信息安全、信息管理与信息系统"",""学历"":""仅限本科"",""学位"":""学士"",""政治面貌"":""不限"",""基层工作最低年限"":""无限制"",""服务基层项目工作经历"":""无限制"",""是否在面试阶段组织专业能力测试"":""否"",""面试人员比例"":""3:1"",""工作地点"":""河北省秦皇岛市"",""落户地点"":""河北省秦皇岛市"",""备注"":""限2024届高校毕业生；大学英语四级考试425分及以上；现场一线岗位；本职位所指专业为具体专业名称；考生必须具备与填报学历及专业相应的学位；服从关区二次调配。"",""部门网站"":""http://shijiazhuang.customs.gov.cn"",""咨询电话1"":""0311-66709346"",""咨询电话2"":""0311-66709343"",""咨询电话3"":"""",""来源Sheet"":""中央国家行政机关省级以下直属机构""}}"
"government_jobs","国家公务员2024招考简章","公务员/事业单位技术岗位","河北省衡水市","2026-07-28T09:12:58.310295+00:00","科技管理一级行政执法员（二）","石家庄海关","","河北省衡水市","公务员/事业单位;2024;computer_software;cybersecurity_cryptography;仅限本科;学士;计算机科学与技术、软件工程、信息安全、信息管理与信息系统;行政执法类","用人司局：衡水海关
职位简介：从事海关一线技术管理及智慧海关建设工作
专业要求：计算机科学与技术、软件工程、信息安全、信息管理与信息系统
学历要求：仅限本科
学位要求：学士
政治面貌：不限
基层工作经历：无限制
考试类别：行政执法类
备注：限2024届高校毕业生；大学英语四级考试425分及以上；现场一线岗位；本职位所指专业为具体专业名称；考生必须具备与填报学历及专业相应的学位；服从关区二次调配。","https://www.xuanhan.gov.cn/xxgk-show-77635.html#129106-300110014001","2023-10-15","{""dataset_year"":2024,""job_uid"":""GOV-2024-129106-300110014001"",""publisher"":""国家公务员局"",""publication_page"":""https://www.xuanhan.gov.cn/xxgk-show-77635.html"",""attachment_url"":""https://www.xuanhan.gov.cn/uploadfile/1/Attachment/638fdecf51.zip"",""local_source_file"":""中央机关及其直属机构2024年度考试录用公务员招考简章.xls"",""local_source_sha256"":""a1741b99dbecd6d03e533f99f2d69b0fa5a79733e551b80af69986ceed2ad996"",""source_sheet"":""中央国家行政机关省级以下直属机构"",""filter_version"":""government_tech_v2"",""tech_filter"":{""is_tech"":true,""is_core_tech"":true,""scope"":""core"",""categories"":[""computer_software"",""cybersecurity_cryptography""],""matched_fields"":[""major"",""description""],""major_terms"":[""信息安全"",""计算机科学与技术"",""软件工程""],""role_terms"":[""智慧""],""reason"":""tech_major_and_role""},""original"":{""部门代码"":""129106"",""部门名称"":""石家庄海关"",""用人司局"":""衡水海关"",""机构性质"":""中央国家行政机关省级以下直属机构"",""招考职位"":""科技管理一级行政执法员（二）"",""职位属性"":""普通职位"",""职位分布"":""其他职位"",""职位简介"":""从事海关一线技术管理及智慧海关建设工作"",""职位代码"":""300110014001"",""机构层级"":""县（区）级及以下"",""考试类别"":""行政执法类"",""招考人数"":""1"",""专业"":""计算机科学与技术、软件工程、信息安全、信息管理与信息系统"",""学历"":""仅限本科"",""学位"":""学士"",""政治面貌"":""不限"",""基层工作最低年限"":""无限制"",""服务基层项目工作经历"":""无限制"",""是否在面试阶段组织专业能力测试"":""否"",""面试人员比例"":""3:1"",""工作地点"":""河北省衡水市"",""落户地点"":""河北省衡水市"",""备注"":""限2024届高校毕业生；大学英语四级考试425分及以上；现场一线岗位；本职位所指专业为具体专业名称；考生必须具备与填报学历及专业相应的学位；服从关区二次调配。"",""部门网站"":""http://shijiazhuang.customs.gov.cn"",""咨询电话1"":""0311-66709346"",""咨询电话2"":""0311-66709343"",""咨询电话3"":"""",""来源Sheet"":""中央国家行政机关省级以下直属机构""}}"
"government_jobs","国家公务员2024招考简章","公务员/事业单位技术岗位","内蒙古自治区锡林郭勒盟二连浩特市","2026-07-28T09:12:58.310295+00:00","统计分析一级行政执法员","呼和浩特海关","","内蒙古自治区锡林郭勒盟二连浩特市","公务员/事业单位;2024;computer_software;仅限本科;学士;统计学、应用统计学、数学与应用数学、数据计算及应用、经济统计学;行政执法类","用人司局：二连海关
职位简介：从事海关数据统计，以及智慧海关建设管理工作。
专业要求：统计学、应用统计学、数学与应用数学、数据计算及应用、经济统计学
学历要求：仅限本科
学位要求：学士
政治面貌：不限
基层工作经历：无限制
考试类别：行政执法类
备注：限2024届高校毕业生；大学英语四级考试425分及以上；本职位所指专业为具体专业名称；考生必须具备与填报学历及专业相应的学位；服从关区二次调配。","https://www.xuanhan.gov.cn/xxgk-show-77635.html#129108-300110001005","2023-10-15","{""dataset_year"":2024,""job_uid"":""GOV-2024-129108-300110001005"",""publisher"":""国家公务员局"",""publication_page"":""https://www.xuanhan.gov.cn/xxgk-show-77635.html"",""attachment_url"":""https://www.xuanhan.gov.cn/uploadfile/1/Attachment/638fdecf51.zip"",""local_source_file"":""中央机关及其直属机构2024年度考试录用公务员招考简章.xls"",""local_source_sha256"":""a1741b99dbecd6d03e533f99f2d69b0fa5a79733e551b80af69986ceed2ad996"",""source_sheet"":""中央国家行政机关省级以下直属机构"",""filter_version"":""government_tech_v2"",""tech_filter"":{""is_tech"":true,""is_core_tech"":true,""scope"":""core"",""categories"":[""computer_software""],""matched_fields"":[""description""],""major_terms"":[],""role_terms"":[""智慧""],""reason"":""tech_role""},""original"":{""部门代码"":""129108"",""部门名称"":""呼和浩特海关"",""用人司局"":""二连海关"",""机构性质"":""中央国家行政机关省级以下直属机构"",""招考职位"":""统计分析一级行政执法员"",""职位属性"":""普通职位"",""职位分布"":""西部地区和艰苦边远地区职位"",""职位简介"":""从事海关数据统计，以及智慧海关建设管理工作。"",""职位代码"":""300110001005"",""机构层级"":""县（区）级及以下"",""考试类别"":""行政执法类"",""招考人数"":""1"",""专业"":""统计学、应用统计学、数学与应用数学、数据计算及应用、经济统计学"",""学历"":""仅限本科"",""学位"":""学士"",""政治面貌"":""不限"",""基层工作最低年限"":""无限制"",""服务基层项目工作经历"":""无限制"",""是否在面试阶段组织专业能力测试"":""否"",""面试人员比例"":""3:1"",""工作地点"":""内蒙古自治区锡林郭勒盟二连浩特市"",""落户地点"":""内蒙古自治区锡林郭勒盟二连浩特市"",""备注"":""限2024届高校毕业生；大学英语四级考试425分及以上；本职位所指专业为具体专业名称；考生必须具备与填报学历及专业相应的学位；服从关区二次调配。"",""部门网站"":""http://huhehaote.customs.gov.cn"",""咨询电话1"":""0471-6982784"",""咨询电话2"":""0471-6982804"",""咨询电话3"":"""",""来源Sheet"":""中央国家行政机关省级以下直属机构""}}"
"government_jobs","国家公务员2024招考简章","公务员/事业单位技术岗位","内蒙古自治区包头市","2026-07-28T09:12:58.310295+00:00","统计分析一级行政执法员","呼和浩特海关","","内蒙古自治区包头市","公务员/事业单位;2024;computer_software;仅限本科;学士;统计学、应用统计学、数学与应用数学、数据计算及应用、经济统计学;行政执法类","用人司局：包头海关
职位简介：从事海关数据统计，以及智慧海关建设管理工作。
专业要求：统计学、应用统计学、数学与应用数学、数据计算及应用、经济统计学
学历要求：仅限本科
学位要求：学士
政治面貌：不限
基层工作经历：二年
考试类别：行政执法类
备注：本职位定向招录服务基层项目人员，服务期满、考核合格；大学英语四级考试425分及以上；本职位所指专业为具体专业名称；考生必须具备与填报学历及专业相应的学位；服从关区二次调配。","https://www.xuanhan.gov.cn/xxgk-show-77635.html#129108-300110002003","2023-10-15","{""dataset_year"":2024,""job_uid"":""GOV-2024-129108-300110002003"",""publisher"":""国家公务员局"",""publication_page"":""https://www.xuanhan.gov.cn/xxgk-show-77635.html"",""attachment_url"":""https://www.xuanhan.gov.cn/uploadfile/1/Attachment/638fdecf51.zip"",""local_source_file"":""中央机关及其直属机构2024年度考试录用公务员招考简章.xls"",""local_source_sha256"":""a1741b99dbecd6d03e533f99f2d69b0fa5a79733e551b80af69986ceed2ad996"",""source_sheet"":""中央国家行政机关省级以下直属机构"",""filter_version"":""government_tech_v2"",""tech_filter"":{""is_tech"":true,""is_core_tech"":true,""scope"":""core"",""categories"":[""computer_software""],""matched_fields"":[""description""],""major_terms"":[],""role_terms"":[""智慧""],""reason"":""tech_role""},""original"":{""部门代码"":""129108"",""部门名称"":""呼和浩特海关"",""用人司局"":""包头海关"",""机构性质"":""中央国家行政机关省级以下直属机构"",""招考职位"":""统计分析一级行政执法员"",""职位属性"":""普通职位"",""职位分布"":""西部地区和艰苦边远地区职位"",""职位简介"":""从事海关数据统计，以及智慧海关建设管理工作。"",""职位代码"":""300110002003"",""机构层级"":""县（区）级及以下"",""考试类别"":""行政执法类"",""招考人数"":""1"",""专业"":""统计学、应用统计学、数学与应用数学、数据计算及应用、经济统计学"",""学历"":""仅限本科"",""学位"":""学士"",""政治面貌"":""不限"",""基层工作最低年限"":""二年"",""服务基层项目工作经历"":""大学生村官、农村义务教育阶段学校教师特设岗位计划、“三支一扶”计划、大学生志愿服务西部计划、在军队服役5年（含）以上的高校毕业生退役士兵"",""是否在面试阶段组织专业能力测试"":""否"",""面试人员比例"":""3:1"",""工作地点"":""内蒙古自治区包头市"",""落户地点"":""内蒙古自治区包头市"",""备注"":""本职位定向招录服务基层项目人员，服务期满、考核合格；大学英语四级考试425分及以上；本职位所指专业为具体专业名称；考生必须具备与填报学历及专业相应的学位；服从关区二次调配。"",""部门网站"":""http://huhehaote.customs.gov.cn"",""咨询电话1"":""0471-6982784"",""咨询电话2"":""0471-6982804"",""咨询电话3"":"""",""来源Sheet"":""中央国家行政机关省级以下直属机构""}}"
"government_jobs","国家公务员2024招考简章","公务员/事业单位技术岗位","内蒙古自治区","2026-07-28T09:12:58.310295+00:00","科技处二级主管及以下","满洲里海关","","内蒙古自治区","公务员/事业单位;2024;computer_software;cybersecurity_cryptography;本科及以上;与最高学历相对应的学位;软件工程、网络工程、信息安全、计算机科学与技术;中央机关及其省级直属机构综合管理类","用人司局：满洲里海关
职位简介：从事海关科技管理，以及智慧海关建设管理工作。
专业要求：软件工程、网络工程、信息安全、计算机科学与技术
学历要求：本科及以上
学位要求：与最高学历相对应的学位
政治面貌：不限
基层工作经历：二年
考试类别：中央机关及其省级直属机构综合管理类
备注：基层工作经历限定从事专业相关工作岗位；本职位所指专业为具体专业名称；考生必须具备与填报学历及专业相应的学位；住宿自理；服从关区二次调配；专业能力测试安排，详见海关总署网站（www.customs.gov.cn）。","https://www.xuanhan.gov.cn/xxgk-show-77635.html#129109-300110001002","2023-10-15","{""dataset_year"":2024,""job_uid"":""GOV-2024-129109-300110001002"",""publisher"":""国家公务员局"",""publication_page"":""https://www.xuanhan.gov.cn/xxgk-show-77635.html"",""attachment_url"":""https://www.xuanhan.gov.cn/uploadfile/1/Attachment/638fdecf51.zip"",""local_source_file"":""中央机关及其直属机构2024年度考试录用公务员招考简章.xls"",""local_source_sha256"":""a1741b99dbecd6d03e533f99f2d69b0fa5a79733e551b80af69986ceed2ad996"",""source_sheet"":""中央国家行政机关省级以下直属机构"",""filter_version"":""government_tech_v2"",""tech_filter"":{""is_tech"":true,""is_core_tech"":true,""scope"":""core"",""categories"":[""computer_software"",""cybersecurity_cryptography""],""matched_fields"":[""major"",""description""],""major_terms"":[""信息安全"",""网络工程"",""计算机科学与技术"",""软件工程""],""role_terms"":[""智慧""],""reason"":""tech_major_and_role""},""original"":{""部门代码"":""129109"",""部门名称"":""满洲里海关"",""用人司局"":""满洲里海关"",""机构性质"":""中央国家行政机关省级以下直属机构"",""招考职位"":""科技处二级主管及以下"",""职位属性"":""普通职位"",""职位分布"":""其他职位"",""职位简介"":""从事海关科技管理，以及智慧海关建设管理工作。"",""职位代码"":""300110001002"",""机构层级"":""省（副省）级"",""考试类别"":""中央机关及其省级直属机构综合管理类"",""招考人数"":""1"",""专业"":""软件工程、网络工程、信息安全、计算机科学与技术"",""学历"":""本科及以上"",""学位"":""与最高学历相对应的学位"",""政治面貌"":""不限"",""基层工作最低年限"":""二年"",""服务基层项目工作经历"":""无限制"",""是否在面试阶段组织专业能力测试"":""是"",""面试人员比例"":""3:1"",""工作地点"":""内蒙古自治区"",""落户地点"":""内蒙古自治区"",""备注"":""基层工作经历限定从事专业相关工作岗位；本职位所指专业为具体专业名称；考生必须具备与填报学历及专业相应的学位；住宿自理；服从关区二次调配；专业能力测试安排，详见海关总署网站（www.customs.gov.cn）。"",""部门网站"":""http://manzhouli.customs.gov.cn"",""咨询电话1"":""0470-2297750"",""咨询电话2"":""0470-2297751"",""咨询电话3"":""0470-2297752"",""来源Sheet"":""中央国家行政机关省级以下直属机构""}}"
"government_jobs","国家公务员2024招考简章","公务员/事业单位技术岗位","辽宁省","2026-07-28T09:12:58.310295+00:00","风险防控专业技术员","大连海关","","辽宁省","公务员/事业单位;2024;computer_software;仅限本科;学士;统计学、应用统计学、经济统计学、数学与应用数学、数据计算及应用;中央机关及其省级直属机构综合管理类","用人司局：大连海关风险防控分局
职位简介：从事海关风险防控以及智慧海关建设管理工作。
专业要求：统计学、应用统计学、经济统计学、数学与应用数学、数据计算及应用
学历要求：仅限本科
学位要求：学士
政治面貌：不限
基层工作经历：二年
考试类别：中央机关及其省级直属机构综合管理类
备注：大学英语四级考试425分及以上；需24小时倒班；住宿自理；本职位所指专业为具体专业名称；考生必须具备与填报学历及专业相应的学位；专业能力测试安排，详见海关总署网站（www.customs.gov.cn）。","https://www.xuanhan.gov.cn/xxgk-show-77635.html#129110-300110000001","2023-10-15","{""dataset_year"":2024,""job_uid"":""GOV-2024-129110-300110000001"",""publisher"":""国家公务员局"",""publication_page"":""https://www.xuanhan.gov.cn/xxgk-show-77635.html"",""attachment_url"":""https://www.xuanhan.gov.cn/uploadfile/1/Attachment/638fdecf51.zip"",""local_source_file"":""中央机关及其直属机构2024年度考试录用公务员招考简章.xls"",""local_source_sha256"":""a1741b99dbecd6d03e533f99f2d69b0fa5a79733e551b80af69986ceed2ad996"",""source_sheet"":""中央国家行政机关省级以下直属机构"",""filter_version"":""government_tech_v2"",""tech_filter"":{""is_tech"":true,""is_core_tech"":true,""scope"":""core"",""categories"":[""computer_software""],""matched_fields"":[""description""],""major_terms"":[],""role_terms"":[""智慧""],""reason"":""tech_role""},""original"":{""部门代码"":""129110"",""部门名称"":""大连海关"",""用人司局"":""大连海关风险防控分局"",""机构性质"":""中央国家行政机关省级以下直属机构"",""招考职位"":""风险防控专业技术员"",""职位属性"":""普通职位"",""职位分布"":""其他职位"",""职位简介"":""从事海关风险防控以及智慧海关建设管理工作。"",""职位代码"":""300110000001"",""机构层级"":""省（副省）级"",""考试类别"":""中央机关及其省级直属机构综合管理类"",""招考人数"":""1"",""专业"":""统计学、应用统计学、经济统计学、数学与应用数学、数据计算及应用"",""学历"":""仅限本科"",""学位"":""学士"",""政治面貌"":""不限"",""基层工作最低年限"":""二年"",""服务基层项目工作经历"":""无限制"",""是否在面试阶段组织专业能力测试"":""是"",""面试人员比例"":""3:1"",""工作地点"":""辽宁省"",""落户地点"":""辽宁省"",""备注"":""大学英语四级考试425分及以上；需24小时倒班；住宿自理；本职位所指专业为具体专业名称；考生必须具备与填报学历及专业相应的学位；专业能力测试安排，详见海关总署网站（www.customs.gov.cn）。"",""部门网站"":""http://dalian.customs.gov.cn"",""咨询电话1"":""0411-87956099"",""咨询电话2"":""0411-87953508"",""咨询电话3"":"""",""来源Sheet"":""中央国家行政机关省级以下直属机构""}}"
"government_jobs","国家公务员2024招考简章","公务员/事业单位技术岗位","辽宁省","2026-07-28T09:12:58.310295+00:00","统计分析一级行政执法员","大连海关","","辽宁省","公务员/事业单位;2024;computer_software;仅限本科;学士;统计学、应用统计学、经济统计学、数学与应用数学、数据计算及应用;行政执法类","用人司局：大连港湾海关
职位简介：从事海关统计分析以及智慧海关建设管理工作。
专业要求：统计学、应用统计学、经济统计学、数学与应用数学、数据计算及应用
学历要求：仅限本科
学位要求：学士
政治面貌：不限
基层工作经历：无限制
考试类别：行政执法类
备注：限2024届高校毕业生；大学英语四级考试425分及以上；现场一线岗位；需24小时倒班；住宿自理；本职位所指专业为具体专业名称；考生必须具备与填报学历及专业相应的学位。","https://www.xuanhan.gov.cn/xxgk-show-77635.html#129110-300110008006","2023-10-15","{""dataset_year"":2024,""job_uid"":""GOV-2024-129110-300110008006"",""publisher"":""国家公务员局"",""publication_page"":""https://www.xuanhan.gov.cn/xxgk-show-77635.html"",""attachment_url"":""https://www.xuanhan.gov.cn/uploadfile/1/Attachment/638fdecf51.zip"",""local_source_file"":""中央机关及其直属机构2024年度考试录用公务员招考简章.xls"",""local_source_sha256"":""a1741b99dbecd6d03e533f99f2d69b0fa5a79733e551b80af69986ceed2ad996"",""source_sheet"":""中央国家行政机关省级以下直属机构"",""filter_version"":""government_tech_v2"",""tech_filter"":{""is_tech"":true,""is_core_tech"":true,""scope"":""core"",""categories"":[""computer_software""],""matched_fields"":[""description""],""major_terms"":[],""role_terms"":[""智慧""],""reason"":""tech_role""},""original"":{""部门代码"":""129110"",""部门名称"":""大连海关"",""用人司局"":""大连港湾海关"",""机构性质"":""中央国家行政机关省级以下直属机构"",""招考职位"":""统计分析一级行政执法员"",""职位属性"":""普通职位"",""职位分布"":""其他职位"",""职位简介"":""从事海关统计分析以及智慧海关建设管理工作。"",""职位代码"":""300110008006"",""机构层级"":""县（区）级及以下"",""考试类别"":""行政执法类"",""招考人数"":""1"",""专业"":""统计学、应用统计学、经济统计学、数学与应用数学、数据计算及应用"",""学历"":""仅限本科"",""学位"":""学士"",""政治面貌"":""不限"",""基层工作最低年限"":""无限制"",""服务基层项目工作经历"":""无限制"",""是否在面试阶段组织专业能力测试"":""否"",""面试人员比例"":""3:1"",""工作地点"":""辽宁省"",""落户地点"":""辽宁省"",""备注"":""限2024届高校毕业生；大学英语四级考试425分及以上；现场一线岗位；需24小时倒班；住宿自理；本职位所指专业为具体专业名称；考生必须具备与填报学历及专业相应的学位。"",""部门网站"":""http://dalian.customs.gov.cn"",""咨询电话1"":""0411-87956099"",""咨询电话2"":""0411-87953508"",""咨询电话3"":"""",""来源Sheet"":""中央国家行政机关省级以下直属机构""}}"
"government_jobs","国家公务员2024招考简章","公务员/事业单位技术岗位","辽宁省","2026-07-28T09:12:58.310295+00:00","统计分析一级行政执法员","大连海关","","辽宁省","公务员/事业单位;2024;computer_software;仅限本科;学士;统计学、应用统计学、经济统计学、数学与应用数学、数据计算及应用;行政执法类","用人司局：大东港海关
职位简介：从事海关统计分析以及智慧海关建设管理工作。
专业要求：统计学、应用统计学、经济统计学、数学与应用数学、数据计算及应用
学历要求：仅限本科
学位要求：学士
政治面貌：不限
基层工作经历：二年
考试类别：行政执法类
备注：本职位定向招录服务基层项目人员，服务期满、考核合格；大学英语四级考试425分及以上；现场一线岗位；需24小时倒班；住宿自理；本职位所指专业为具体专业名称；考生必须具备与填报学历及专业相应的学位。","https://www.xuanhan.gov.cn/xxgk-show-77635.html#129110-300110016006","2023-10-15","{""dataset_year"":2024,""job_uid"":""GOV-2024-129110-300110016006"",""publisher"":""国家公务员局"",""publication_page"":""https://www.xuanhan.gov.cn/xxgk-show-77635.html"",""attachment_url"":""https://www.xuanhan.gov.cn/uploadfile/1/Attachment/638fdecf51.zip"",""local_source_file"":""中央机关及其直属机构2024年度考试录用公务员招考简章.xls"",""local_source_sha256"":""a1741b99dbecd6d03e533f99f2d69b0fa5a79733e551b80af69986ceed2ad996"",""source_sheet"":""中央国家行政机关省级以下直属机构"",""filter_version"":""government_tech_v2"",""tech_filter"":{""is_tech"":true,""is_core_tech"":true,""scope"":""core"",""categories"":[""computer_software""],""matched_fields"":[""description""],""major_terms"":[],""role_terms"":[""智慧""],""reason"":""tech_role""},""original"":{""部门代码"":""129110"",""部门名称"":""大连海关"",""用人司局"":""大东港海关"",""机构性质"":""中央国家行政机关省级以下直属机构"",""招考职位"":""统计分析一级行政执法员"",""职位属性"":""普通职位"",""职位分布"":""其他职位"",""职位简介"":""从事海关统计分析以及智慧海关建设管理工作。"",""职位代码"":""300110016006"",""机构层级"":""县（区）级及以下"",""考试类别"":""行政执法类"",""招考人数"":""1"",""专业"":""统计学、应用统计学、经济统计学、数学与应用数学、数据计算及应用"",""学历"":""仅限本科"",""学位"":""学士"",""政治面貌"":""不限"",""基层工作最低年限"":""二年"",""服务基层项目工作经历"":""大学生村官、农村义务教育阶段学校教师特设岗位计划、“三支一扶”计划、大学生志愿服务西部计划、在军队服役5年（含）以上的高校毕业生退役士兵"",""是否在面试阶段组织专业能力测试"":""否"",""面试人员比例"":""3:1"",""工作地点"":""辽宁省"",""落户地点"":""辽宁省"",""备注"":""本职位定向招录服务基层项目人员，服务期满、考核合格；大学英语四级考试425分及以上；现场一线岗位；需24小时倒班；住宿自理；本职位所指专业为具体专业名称；考生必须具备与填报学历及专业相应的学位。"",""部门网站"":""http://dalian.customs.gov.cn"",""咨询电话1"":""0411-87956099"",""咨询电话2"":""0411-87953508"",""咨询电话3"":"""",""来源Sheet"":""中央国家行政机关省级以下直属机构""}}"
"government_jobs","国家公务员2024招考简章","公务员/事业单位技术岗位","黑龙江省","2026-07-28T09:12:58.310295+00:00","技术维护一级行政执法员","哈尔滨海关","","黑龙江省","公务员/事业单位;2024;computer_software;cybersecurity_cryptography;仅限本科;学士;计算机科学与技术专业、网络工程专业、信息安全专业;行政执法类","用人司局：哈尔滨太平机场海关
职位简介：从事海关科技及智慧海关建设工作。
专业要求：计算机科学与技术专业、网络工程专业、信息安全专业
学历要求：仅限本科
学位要求：学士
政治面貌：不限
基层工作经历：无限制
考试类别：行政执法类
备注：限2024届高校毕业生；限生源地为黑龙江省；大学英语四级考试425分及以上；本职位所指专业为具体专业名称；考生必须具备与填报学历及专业相应的学位；现场一线岗位；服从关区二次调配。","https://www.xuanhan.gov.cn/xxgk-show-77635.html#129113-300110003003","2023-10-15","{""dataset_year"":2024,""job_uid"":""GOV-2024-129113-300110003003"",""publisher"":""国家公务员局"",""publication_page"":""https://www.xuanhan.gov.cn/xxgk-show-77635.html"",""attachment_url"":""https://www.xuanhan.gov.cn/uploadfile/1/Attachment/638fdecf51.zip"",""local_source_file"":""中央机关及其直属机构2024年度考试录用公务员招考简章.xls"",""local_source_sha256"":""a1741b99dbecd6d03e533f99f2d69b0fa5a79733e551b80af69986ceed2ad996"",""source_sheet"":""中央国家行政机关省级以下直属机构"",""filter_version"":""government_tech_v2"",""tech_filter"":{""is_tech"":true,""is_core_tech"":true,""scope"":""core"",""categories"":[""computer_software"",""cybersecurity_cryptography""],""matched_fields"":[""major"",""description""],""major_terms"":[""信息安全"",""网络工程"",""计算机科学与技术""],""role_terms"":[""智慧""],""reason"":""tech_major_and_role""},""original"":{""部门代码"":""129113"",""部门名称"":""哈尔滨海关"",""用人司局"":""哈尔滨太平机场海关"",""机构性质"":""中央国家行政机关省级以下直属机构"",""招考职位"":""技术维护一级行政执法员"",""职位属性"":""普通职位"",""职位分布"":""西部地区和艰苦边远地区职位"",""职位简介"":""从事海关科技及智慧海关建设工作。"",""职位代码"":""300110003003"",""机构层级"":""县（区）级及以下"",""考试类别"":""行政执法类"",""招考人数"":""1"",""专业"":""计算机科学与技术专业、网络工程专业、信息安全专业"",""学历"":""仅限本科"",""学位"":""学士"",""政治面貌"":""不限"",""基层工作最低年限"":""无限制"",""服务基层项目工作经历"":""无限制"",""是否在面试阶段组织专业能力测试"":""否"",""面试人员比例"":""3:1"",""工作地点"":""黑龙江省"",""落户地点"":""黑龙江省"",""备注"":""限2024届高校毕业生；限生源地为黑龙江省；大学英语四级考试425分及以上；本职位所指专业为具体专业名称；考生必须具备与填报学历及专业相应的学位；现场一线岗位；服从关区二次调配。"",""部门网站"":""http://harbin.customs.gov.cn/"",""咨询电话1"":""0451-82381212"",""咨询电话2"":""0451-82381211"",""咨询电话3"":""0451-82381210"",""来源Sheet"":""中央国家行政机关省级以下直属机构""}}"
"government_jobs","国家公务员2024招考简章","公务员/事业单位技术岗位","黑龙江省","2026-07-28T09:12:58.310295+00:00","技术维护一级行政执法员","哈尔滨海关","","黑龙江省","公务员/事业单位;2024;computer_software;cybersecurity_cryptography;仅限本科;学士;计算机科学与技术专业、网络工程专业、信息安全专业;行政执法类","用人司局：绥芬河海关
职位简介：从事海关科技及智慧海关建设工作。
专业要求：计算机科学与技术专业、网络工程专业、信息安全专业
学历要求：仅限本科
学位要求：学士
政治面貌：不限
基层工作经历：无限制
考试类别：行政执法类
备注：限2024届高校毕业生；限生源地为黑龙江省；大学英语四级考试425分及以上；本职位所指专业为具体专业名称；考生必须具备与填报学历及专业相应的学位；现场一线岗位；服从关区二次调配。","https://www.xuanhan.gov.cn/xxgk-show-77635.html#129113-300110006001","2023-10-15","{""dataset_year"":2024,""job_uid"":""GOV-2024-129113-300110006001"",""publisher"":""国家公务员局"",""publication_page"":""https://www.xuanhan.gov.cn/xxgk-show-77635.html"",""attachment_url"":""https://www.xuanhan.gov.cn/uploadfile/1/Attachment/638fdecf51.zip"",""local_source_file"":""中央机关及其直属机构2024年度考试录用公务员招考简章.xls"",""local_source_sha256"":""a1741b99dbecd6d03e533f99f2d69b0fa5a79733e551b80af69986ceed2ad996"",""source_sheet"":""中央国家行政机关省级以下直属机构"",""filter_version"":""government_tech_v2"",""tech_filter"":{""is_tech"":true,""is_core_tech"":true,""scope"":""core"",""categories"":[""computer_software"",""cybersecurity_cryptography""],""matched_fields"":[""major"",""description""],""major_terms"":[""信息安全"",""网络工程"",""计算机科学与技术""],""role_terms"":[""智慧""],""reason"":""tech_major_and_role""},""original"":{""部门代码"":""129113"",""部门名称"":""哈尔滨海关"",""用人司局"":""绥芬河海关"",""机构性质"":""中央国家行政机关省级以下直属机构"",""招考职位"":""技术维护一级行政执法员"",""职位属性"":""普通职位"",""职位分布"":""西部地区和艰苦边远地区职位"",""职位简介"":""从事海关科技及智慧海关建设工作。"",""职位代码"":""300110006001"",""机构层级"":""县（区）级及以下"",""考试类别"":""行政执法类"",""招考人数"":""1"",""专业"":""计算机科学与技术专业、网络工程专业、信息安全专业"",""学历"":""仅限本科"",""学位"":""学士"",""政治面貌"":""不限"",""基层工作最低年限"":""无限制"",""服务基层项目工作经历"":""无限制"",""是否在面试阶段组织专业能力测试"":""否"",""面试人员比例"":""3:1"",""工作地点"":""黑龙江省"",""落户地点"":""黑龙江省"",""备注"":""限2024届高校毕业生；限生源地为黑龙江省；大学英语四级考试425分及以上；本职位所指专业为具体专业名称；考生必须具备与填报学历及专业相应的学位；现场一线岗位；服从关区二次调配。"",""部门网站"":""http://harbin.customs.gov.cn/"",""咨询电话1"":""0451-82381212"",""咨询电话2"":""0451-82381211"",""咨询电话3"":""0451-82381210"",""来源Sheet"":""中央国家行政机关省级以下直属机构""}}"
"government_jobs","国家公务员2024招考简章","公务员/事业单位技术岗位","黑龙江省","2026-07-28T09:12:58.310295+00:00","技术维护四级主办及以下","哈尔滨海关","","黑龙江省","公务员/事业单位;2024;computer_software;cybersecurity_cryptography;本科或硕士研究生;与最高学历相对应的学位;计算机科学与技术专业、网络工程专业、信息安全专业;行政执法类","用人司局：抚远海关
职位简介：从事海关科技及智慧海关建设工作。
专业要求：计算机科学与技术专业、网络工程专业、信息安全专业
学历要求：本科或硕士研究生
学位要求：与最高学历相对应的学位
政治面貌：不限
基层工作经历：无限制
考试类别：行政执法类
备注：限2024届高校毕业生；研究生报考者，专业要求为计算机科学与技术、信息与通讯工程，研究生和本科所学专业需同时符合职位专业要求；本职位所指专业为具体专业名称；考生必须具备与填报学历及专业相应的学位；现场一线岗位；服从关区二次调配。","https://www.xuanhan.gov.cn/xxgk-show-77635.html#129113-300110009002","2023-10-15","{""dataset_year"":2024,""job_uid"":""GOV-2024-129113-300110009002"",""publisher"":""国家公务员局"",""publication_page"":""https://www.xuanhan.gov.cn/xxgk-show-77635.html"",""attachment_url"":""https://www.xuanhan.gov.cn/uploadfile/1/Attachment/638fdecf51.zip"",""local_source_file"":""中央机关及其直属机构2024年度考试录用公务员招考简章.xls"",""local_source_sha256"":""a1741b99dbecd6d03e533f99f2d69b0fa5a79733e551b80af69986ceed2ad996"",""source_sheet"":""中央国家行政机关省级以下直属机构"",""filter_version"":""government_tech_v2"",""tech_filter"":{""is_tech"":true,""is_core_tech"":true,""scope"":""core"",""categories"":[""computer_software"",""cybersecurity_cryptography""],""matched_fields"":[""major"",""description"",""remarks""],""major_terms"":[""信息安全"",""网络工程"",""计算机科学与技术""],""role_terms"":[""智慧"",""计算机""],""reason"":""tech_major_and_role""},""original"":{""部门代码"":""129113"",""部门名称"":""哈尔滨海关"",""用人司局"":""抚远海关"",""机构性质"":""中央国家行政机关省级以下直属机构"",""招考职位"":""技术维护四级主办及以下"",""职位属性"":""普通职位"",""职位分布"":""西部地区和艰苦边远地区职位"",""职位简介"":""从事海关科技及智慧海关建设工作。"",""职位代码"":""300110009002"",""机构层级"":""县（区）级及以下"",""考试类别"":""行政执法类"",""招考人数"":""1"",""专业"":""计算机科学与技术专业、网络工程专业、信息安全专业"",""学历"":""本科或硕士研究生"",""学位"":""与最高学历相对应的学位"",""政治面貌"":""不限"",""基层工作最低年限"":""无限制"",""服务基层项目工作经历"":""无限制"",""是否在面试阶段组织专业能力测试"":""否"",""面试人员比例"":""3:1"",""工作地点"":""黑龙江省"",""落户地点"":""黑龙江省"",""备注"":""限2024届高校毕业生；研究生报考者，专业要求为计算机科学与技术、信息与通讯工程，研究生和本科所学专业需同时符合职位专业要求；本职位所指专业为具体专业名称；考生必须具备与填报学历及专业相应的学位；现场一线岗位；服从关区二次调配。"",""部门网站"":""http://harbin.customs.gov.cn/"",""咨询电话1"":""0451-82381212"",""咨询电话2"":""0451-82381211"",""咨询电话3"":""0451-82381210"",""来源Sheet"":""中央国家行政机关省级以下直属机构""}}"
"government_jobs","国家公务员2024招考简章","公务员/事业单位技术岗位","黑龙江省","2026-07-28T09:12:58.310295+00:00","技术维护一级行政执法员","哈尔滨海关","","黑龙江省","公务员/事业单位;2024;computer_software;cybersecurity_cryptography;仅限本科;学士;计算机科学与技术专业、网络工程专业、信息安全专业;行政执法类","用人司局：同江海关
职位简介：从事海关科技及智慧海关建设工作。
专业要求：计算机科学与技术专业、网络工程专业、信息安全专业
学历要求：仅限本科
学位要求：学士
政治面貌：不限
基层工作经历：无限制
考试类别：行政执法类
备注：限2024届高校毕业生；限生源地为黑龙江省；大学英语四级考试425分及以上；本职位所指专业为具体专业名称；考生必须具备与填报学历及专业相应的学位；现场一线岗位；服从关区二次调配。","https://www.xuanhan.gov.cn/xxgk-show-77635.html#129113-300110010008","2023-10-15","{""dataset_year"":2024,""job_uid"":""GOV-2024-129113-300110010008"",""publisher"":""国家公务员局"",""publication_page"":""https://www.xuanhan.gov.cn/xxgk-show-77635.html"",""attachment_url"":""https://www.xuanhan.gov.cn/uploadfile/1/Attachment/638fdecf51.zip"",""local_source_file"":""中央机关及其直属机构2024年度考试录用公务员招考简章.xls"",""local_source_sha256"":""a1741b99dbecd6d03e533f99f2d69b0fa5a79733e551b80af69986ceed2ad996"",""source_sheet"":""中央国家行政机关省级以下直属机构"",""filter_version"":""government_tech_v2"",""tech_filter"":{""is_tech"":true,""is_core_tech"":true,""scope"":""core"",""categories"":[""computer_software"",""cybersecurity_cryptography""],""matched_fields"":[""major"",""description""],""major_terms"":[""信息安全"",""网络工程"",""计算机科学与技术""],""role_terms"":[""智慧""],""reason"":""tech_major_and_role""},""original"":{""部门代码"":""129113"",""部门名称"":""哈尔滨海关"",""用人司局"":""同江海关"",""机构性质"":""中央国家行政机关省级以下直属机构"",""招考职位"":""技术维护一级行政执法员"",""职位属性"":""普通职位"",""职位分布"":""西部地区和艰苦边远地区职位"",""职位简介"":""从事海关科技及智慧海关建设工作。"",""职位代码"":""300110010008"",""机构层级"":""县（区）级及以下"",""考试类别"":""行政执法类"",""招考人数"":""1"",""专业"":""计算机科学与技术专业、网络工程专业、信息安全专业"",""学历"":""仅限本科"",""学位"":""学士"",""政治面貌"":""不限"",""基层工作最低年限"":""无限制"",""服务基层项目工作经历"":""无限制"",""是否在面试阶段组织专业能力测试"":""否"",""面试人员比例"":""3:1"",""工作地点"":""黑龙江省"",""落户地点"":""黑龙江省"",""备注"":""限2024届高校毕业生；限生源地为黑龙江省；大学英语四级考试425分及以上；本职位所指专业为具体专业名称；考生必须具备与填报学历及专业相应的学位；现场一线岗位；服从关区二次调配。"",""部门网站"":""http://harbin.customs.gov.cn/"",""咨询电话1"":""0451-82381212"",""咨询电话2"":""0451-82381211"",""咨询电话3"":""0451-82381210"",""来源Sheet"":""中央国家行政机关省级以下直属机构""}}"
"government_jobs","国家公务员2024招考简章","公务员/事业单位技术岗位","黑龙江省","2026-07-28T09:12:58.310295+00:00","技术维护一级行政执法员","哈尔滨海关","","黑龙江省","公务员/事业单位;2024;computer_software;cybersecurity_cryptography;仅限本科;学士;计算机科学与技术专业、网络工程专业、信息安全专业;行政执法类","用人司局：虎林海关
职位简介：从事海关科技及智慧海关建设工作。
专业要求：计算机科学与技术专业、网络工程专业、信息安全专业
学历要求：仅限本科
学位要求：学士
政治面貌：不限
基层工作经历：无限制
考试类别：行政执法类
备注：限2024届高校毕业生；本职位所指专业为具体专业名称；考生必须具备与填报学历及专业相应的学位；现场一线岗位；服从关区二次调配。","https://www.xuanhan.gov.cn/xxgk-show-77635.html#129113-300110013005","2023-10-15","{""dataset_year"":2024,""job_uid"":""GOV-2024-129113-300110013005"",""publisher"":""国家公务员局"",""publication_page"":""https://www.xuanhan.gov.cn/xxgk-show-77635.html"",""attachment_url"":""https://www.xuanhan.gov.cn/uploadfile/1/Attachment/638fdecf51.zip"",""local_source_file"":""中央机关及其直属机构2024年度考试录用公务员招考简章.xls"",""local_source_sha256"":""a1741b99dbecd6d03e533f99f2d69b0fa5a79733e551b80af69986ceed2ad996"",""source_sheet"":""中央国家行政机关省级以下直属机构"",""filter_version"":""government_tech_v2"",""tech_filter"":{""is_tech"":true,""is_core_tech"":true,""scope"":""core"",""categories"":[""computer_software"",""cybersecurity_cryptography""],""matched_fields"":[""major"",""description""],""major_terms"":[""信息安全"",""网络工程"",""计算机科学与技术""],""role_terms"":[""智慧""],""reason"":""tech_major_and_role""},""original"":{""部门代码"":""129113"",""部门名称"":""哈尔滨海关"",""用人司局"":""虎林海关"",""机构性质"":""中央国家行政机关省级以下直属机构"",""招考职位"":""技术维护一级行政执法员"",""职位属性"":""普通职位"",""职位分布"":""西部地区和艰苦边远地区职位"",""职位简介"":""从事海关科技及智慧海关建设工作。"",""职位代码"":""300110013005"",""机构层级"":""县（区）级及以下"",""考试类别"":""行政执法类"",""招考人数"":""1"",""专业"":""计算机科学与技术专业、网络工程专业、信息安全专业"",""学历"":""仅限本科"",""学位"":""学士"",""政治面貌"":""不限"",""基层工作最低年限"":""无限制"",""服务基层项目工作经历"":""无限制"",""是否在面试阶段组织专业能力测试"":""否"",""面试人员比例"":""3:1"",""工作地点"":""黑龙江省"",""落户地点"":""黑龙江省"",""备注"":""限2024届高校毕业生；本职位所指专业为具体专业名称；考生必须具备与填报学历及专业相应的学位；现场一线岗位；服从关区二次调配。"",""部门网站"":""http://harbin.customs.gov.cn/"",""咨询电话1"":""0451-82381212"",""咨询电话2"":""0451-82381211"",""咨询电话3"":""0451-82381210"",""来源Sheet"":""中央国家行政机关省级以下直属机构""}}"
"government_jobs","国家公务员2024招考简章","公务员/事业单位技术岗位","黑龙江省","2026-07-28T09:12:58.310295+00:00","技术维护四级主办及以下","哈尔滨海关","","黑龙江省","公务员/事业单位;2024;computer_software;cybersecurity_cryptography;本科或硕士研究生;与最高学历相对应的学位;计算机科学与技术专业、网络工程专业、信息安全专业;行政执法类","用人司局：鹤岗海关
职位简介：从事海关科技及智慧海关建设工作。
专业要求：计算机科学与技术专业、网络工程专业、信息安全专业
学历要求：本科或硕士研究生
学位要求：与最高学历相对应的学位
政治面貌：不限
基层工作经历：无限制
考试类别：行政执法类
备注：限2024届高校毕业生；研究生报考者，专业要求为计算机科学与技术、信息与通讯工程，研究生和本科所学专业需同时符合职位专业要求；本职位所指专业为具体专业名称；考生必须具备与填报学历及专业相应的学位；现场一线岗位；服从关区二次调配。","https://www.xuanhan.gov.cn/xxgk-show-77635.html#129113-300110016002","2023-10-15","{""dataset_year"":2024,""job_uid"":""GOV-2024-129113-300110016002"",""publisher"":""国家公务员局"",""publication_page"":""https://www.xuanhan.gov.cn/xxgk-show-77635.html"",""attachment_url"":""https://www.xuanhan.gov.cn/uploadfile/1/Attachment/638fdecf51.zip"",""local_source_file"":""中央机关及其直属机构2024年度考试录用公务员招考简章.xls"",""local_source_sha256"":""a1741b99dbecd6d03e533f99f2d69b0fa5a79733e551b80af69986ceed2ad996"",""source_sheet"":""中央国家行政机关省级以下直属机构"",""filter_version"":""government_tech_v2"",""tech_filter"":{""is_tech"":true,""is_core_tech"":true,""scope"":""core"",""categories"":[""computer_software"",""cybersecurity_cryptography""],""matched_fields"":[""major"",""description"",""remarks""],""major_terms"":[""信息安全"",""网络工程"",""计算机科学与技术""],""role_terms"":[""智慧"",""计算机""],""reason"":""tech_major_and_role""},""original"":{""部门代码"":""129113"",""部门名称"":""哈尔滨海关"",""用人司局"":""鹤岗海关"",""机构性质"":""中央国家行政机关省级以下直属机构"",""招考职位"":""技术维护四级主办及以下"",""职位属性"":""普通职位"",""职位分布"":""西部地区和艰苦边远地区职位"",""职位简介"":""从事海关科技及智慧海关建设工作。"",""职位代码"":""300110016002"",""机构层级"":""县（区）级及以下"",""考试类别"":""行政执法类"",""招考人数"":""1"",""专业"":""计算机科学与技术专业、网络工程专业、信息安全专业"",""学历"":""本科或硕士研究生"",""学位"":""与最高学历相对应的学位"",""政治面貌"":""不限"",""基层工作最低年限"":""无限制"",""服务基层项目工作经历"":""无限制"",""是否在面试阶段组织专业能力测试"":""否"",""面试人员比例"":""3:1"",""工作地点"":""黑龙江省"",""落户地点"":""黑龙江省"",""备注"":""限2024届高校毕业生；研究生报考者，专业要求为计算机科学与技术、信息与通讯工程，研究生和本科所学专业需同时符合职位专业要求；本职位所指专业为具体专业名称；考生必须具备与填报学历及专业相应的学位；现场一线岗位；服从关区二次调配。"",""部门网站"":""http://harbin.customs.gov.cn/"",""咨询电话1"":""0451-82381212"",""咨询电话2"":""0451-82381211"",""咨询电话3"":""0451-82381210"",""来源Sheet"":""中央国家行政机关省级以下直属机构""}}"
"government_jobs","国家公务员2024招考简章","公务员/事业单位技术岗位","上海市黄浦区","2026-07-28T09:12:58.310295+00:00","科技管理四级主办及以下","上海海关","","上海市黄浦区","公务员/事业单位;2024;computer_software;cybersecurity_cryptography;本科或硕士研究生;与最高学历相对应的学位;计算机科学与技术、软件工程、智能科学与技术、数据科学与大数据技术;行政执法类","用人司局：隶属海关
职位简介：从事智慧海关建设，海关口岸一线货物查验、网络信息安全工作。
专业要求：计算机科学与技术、软件工程、智能科学与技术、数据科学与大数据技术
学历要求：本科或硕士研究生
学位要求：与最高学历相对应的学位
政治面貌：不限
基层工作经历：无限制
考试类别：行政执法类
备注：限2024届高校毕业生；本科生大学英语四级考试425分及以上，硕士研究生大学英语六级考试425分及以上，报名时请写明大学英语级别和具体分数；现场一线岗位；需24小时倒班；服从关区二次调配；身体条件须符合《公务员录用体检特殊标准（试行）》；住宿自理；本职位所指专业为具体专业名称；考生必须具备与填报学历及专业相应的学位，报名时请写明各阶段专业准确名称；毕业证书和学位证书上的专业名称要求一致。","https://www.xuanhan.gov.cn/xxgk-show-77635.html#129114-300110111015","2023-10-15","{""dataset_year"":2024,""job_uid"":""GOV-2024-129114-300110111015"",""publisher"":""国家公务员局"",""publication_page"":""https://www.xuanhan.gov.cn/xxgk-show-77635.html"",""attachment_url"":""https://www.xuanhan.gov.cn/uploadfile/1/Attachment/638fdecf51.zip"",""local_source_file"":""中央机关及其直属机构2024年度考试录用公务员招考简章.xls"",""local_source_sha256"":""a1741b99dbecd6d03e533f99f2d69b0fa5a79733e551b80af69986ceed2ad996"",""source_sheet"":""中央国家行政机关省级以下直属机构"",""filter_version"":""government_tech_v2"",""tech_filter"":{""is_tech"":true,""is_core_tech"":true,""scope"":""core"",""categories"":[""computer_software"",""cybersecurity_cryptography""],""matched_fields"":[""major"",""description""],""major_terms"":[""大数据"",""数据科学与大数据技术"",""智能科学与技术"",""计算机科学与技术"",""软件工程""],""role_terms"":[""信息安全"",""智慧""],""reason"":""tech_major_and_role""},""original"":{""部门代码"":""129114"",""部门名称"":""上海海关"",""用人司局"":""隶属海关"",""机构性质"":""中央国家行政机关省级以下直属机构"",""招考职位"":""科技管理四级主办及以下"",""职位属性"":""普通职位"",""职位分布"":""其他职位"",""职位简介"":""从事智慧海关建设，海关口岸一线货物查验、网络信息安全工作。"",""职位代码"":""300110111015"",""机构层级"":""县（区）级及以下"",""考试类别"":""行政执法类"",""招考人数"":""6"",""专业"":""计算机科学与技术、软件工程、智能科学与技术、数据科学与大数据技术"",""学历"":""本科或硕士研究生"",""学位"":""与最高学历相对应的学位"",""政治面貌"":""不限"",""基层工作最低年限"":""无限制"",""服务基层项目工作经历"":""无限制"",""是否在面试阶段组织专业能力测试"":""否"",""面试人员比例"":""3:1"",""工作地点"":""上海市黄浦区"",""落户地点"":""上海市黄浦区"",""备注"":""限2024届高校毕业生；本科生大学英语四级考试425分及以上，硕士研究生大学英语六级考试425分及以上，报名时请写明大学英语级别和具体分数；现场一线岗位；需24小时倒班；服从关区二次调配；身体条件须符合《公务员录用体检特殊标准（试行）》；住宿自理；本职位所指专业为具体专业名称；考生必须具备与填报学历及专业相应的学位，报名时请写明各阶段专业准确名称；毕业证书和学位证书上的专业名称要求一致。"",""部门网站"":""http://shanghai.customs.gov.cn"",""咨询电话1"":""021-63233303"",""咨询电话2"":""021-63233106"",""咨询电话3"":"""",""来源Sheet"":""中央国家行政机关省级以下直属机构""}}"
"government_jobs","国家公务员2024招考简章","公务员/事业单位技术岗位","上海市黄浦区","2026-07-28T09:12:58.310295+00:00","科技管理四级主管及以下","上海海关","","上海市黄浦区","公务员/事业单位;2024;computer_software;cybersecurity_cryptography;electronics_communication;本科或硕士研究生;与最高学历相对应的学位;计算机科学与技术、软件工程、网络工程、信息安全、物联网工程、智能科学与技术、数据科学与大数据技术、电子信息工程、电子科学与技术、通信工程、信息工程、电子信息科学与技术、人工智能;中央机关及其省级直属机构综合管理类","用人司局：上海海关
职位简介：从事智慧海关建设，海关国门安全信息、科技管理等工作。
专业要求：计算机科学与技术、软件工程、网络工程、信息安全、物联网工程、智能科学与技术、数据科学与大数据技术、电子信息工程、电子科学与技术、通信工程、信息工程、电子信息科学与技术、人工智能
学历要求：本科或硕士研究生
学位要求：与最高学历相对应的学位
政治面貌：不限
基层工作经历：二年
考试类别：中央机关及其省级直属机构综合管理类
备注：本职位要求考生具有二年以上计算机或软件行业信息技术岗位从业经历，应取得人力资源和社会保障部、工业和信息化部颁发的计算机技术与软件专业技术职业资格证书，报名时须详细填写工作单位和具体岗位；本科生大学英语四级考试425分及以上，硕士研究生大学英语六级考试425分及以上，报名时请写明大学英语级别和具体分数；服从关区二次调配；住宿自理；本职位所指专业为具体专业名称；考生必须具备与填报学历及专业相应的学位，报名时请写明各阶段专业准确名称；毕业证书和学位证书上的专业名称要求一致；专业能力测试安排，详见海关总署网站（www.customs.gov.cn）。","https://www.xuanhan.gov.cn/xxgk-show-77635.html#129114-300110112002","2023-10-15","{""dataset_year"":2024,""job_uid"":""GOV-2024-129114-300110112002"",""publisher"":""国家公务员局"",""publication_page"":""https://www.xuanhan.gov.cn/xxgk-show-77635.html"",""attachment_url"":""https://www.xuanhan.gov.cn/uploadfile/1/Attachment/638fdecf51.zip"",""local_source_file"":""中央机关及其直属机构2024年度考试录用公务员招考简章.xls"",""local_source_sha256"":""a1741b99dbecd6d03e533f99f2d69b0fa5a79733e551b80af69986ceed2ad996"",""source_sheet"":""中央国家行政机关省级以下直属机构"",""filter_version"":""government_tech_v2"",""tech_filter"":{""is_tech"":true,""is_core_tech"":true,""scope"":""core"",""categories"":[""computer_software"",""cybersecurity_cryptography"",""electronics_communication""],""matched_fields"":[""major"",""description"",""remarks""],""major_terms"":[""人工智能"",""信息安全"",""大数据"",""数据科学与大数据技术"",""智能科学与技术"",""物联网工程"",""电子信息"",""电子信息工程"",""电子科学与技术"",""网络工程"",""计算机科学与技术"",""软件工程"",""通信工程""],""role_terms"":[""信息化"",""信息技术"",""智慧"",""计算机"",""软件""],""reason"":""tech_major_and_role""},""original"":{""部门代码"":""129114"",""部门名称"":""上海海关"",""用人司局"":""上海海关"",""机构性质"":""中央国家行政机关省级以下直属机构"",""招考职位"":""科技管理四级主管及以下"",""职位属性"":""普通职位"",""职位分布"":""其他职位"",""职位简介"":""从事智慧海关建设，海关国门安全信息、科技管理等工作。"",""职位代码"":""300110112002"",""机构层级"":""省（副省）级"",""考试类别"":""中央机关及其省级直属机构综合管理类"",""招考人数"":""1"",""专业"":""计算机科学与技术、软件工程、网络工程、信息安全、物联网工程、智能科学与技术、数据科学与大数据技术、电子信息工程、电子科学与技术、通信工程、信息工程、电子信息科学与技术、人工智能"",""学历"":""本科或硕士研究生"",""学位"":""与最高学历相对应的学位"",""政治面貌"":""不限"",""基层工作最低年限"":""二年"",""服务基层项目工作经历"":""无限制"",""是否在面试阶段组织专业能力测试"":""是"",""面试人员比例"":""3:1"",""工作地点"":""上海市黄浦区"",""落户地点"":""上海市黄浦区"",""备注"":""本职位要求考生具有二年以上计算机或软件行业信息技术岗位从业经历，应取得人力资源和社会保障部、工业和信息化部颁发的计算机技术与软件专业技术职业资格证书，报名时须详细填写工作单位和具体岗位；本科生大学英语四级考试425分及以上，硕士研究生大学英语六级考试425分及以上，报名时请写明大学英语级别和具体分数；服从关区二次调配；住宿自理；本职位所指专业为具体专业名称；考生必须具备与填报学历及专业相应的学位，报名时请写明各阶段专业准确名称；毕业证书和学位证书上的专业名称要求一致；专业能力测试安排，详见海关总署网站（www.customs.gov.cn）。"",""部门网站"":""http://shanghai.customs.gov.cn"",""咨询电话1"":""021-63233303"",""咨询电话2"":""021-63233106"",""咨询电话3"":"""",""来源Sheet"":""中央国家行政机关省级以下直属机构""}}"
"government_jobs","国家公务员2024招考简章","公务员/事业单位技术岗位","上海市黄浦区","2026-07-28T09:12:58.310295+00:00","风险防控四级主管及以下","上海海关","","上海市黄浦区","公务员/事业单位;2024;automation_robotics;computer_software;electronics_communication;本科或硕士研究生;与最高学历相对应的学位;统计学、数学与应用数学、计算机科学与技术、电子信息工程、软件工程、自动化、控制科学与工程;中央机关及其省级直属机构综合管理类","用人司局：海关总署风险防控局（上海）
职位简介：从事智慧海关建设，海关风险防控工作。
专业要求：统计学、数学与应用数学、计算机科学与技术、电子信息工程、软件工程、自动化、控制科学与工程
学历要求：本科或硕士研究生
学位要求：与最高学历相对应的学位
政治面貌：中共党员
基层工作经历：二年
考试类别：中央机关及其省级直属机构综合管理类
备注：本职位要求考生具有二年以上基层工作经历，报名时须详细填写工作单位和具体岗位；本科生大学英语四级考试425分及以上，硕士研究生大学英语六级考试425分及以上，报名时请写明大学英语级别和具体分数；服从关区二次调配；住宿自理；本职位所指专业为具体专业名称；考生必须具备与填报学历及专业相应的学位，报名时请写明各阶段专业准确名称；毕业证书和学位证书上的专业名称要求一致；专业能力测试安排，详见海关总署网站（www.customs.gov.cn）。","https://www.xuanhan.gov.cn/xxgk-show-77635.html#129114-300110113001","2023-10-15","{""dataset_year"":2024,""job_uid"":""GOV-2024-129114-300110113001"",""publisher"":""国家公务员局"",""publication_page"":""https://www.xuanhan.gov.cn/xxgk-show-77635.html"",""attachment_url"":""https://www.xuanhan.gov.cn/uploadfile/1/Attachment/638fdecf51.zip"",""local_source_file"":""中央机关及其直属机构2024年度考试录用公务员招考简章.xls"",""local_source_sha256"":""a1741b99dbecd6d03e533f99f2d69b0fa5a79733e551b80af69986ceed2ad996"",""source_sheet"":""中央国家行政机关省级以下直属机构"",""filter_version"":""government_tech_v2"",""tech_filter"":{""is_tech"":true,""is_core_tech"":true,""scope"":""core"",""categories"":[""automation_robotics"",""computer_software"",""electronics_communication""],""matched_fields"":[""major"",""description""],""major_terms"":[""控制科学与工程"",""电子信息工程"",""自动化"",""计算机科学与技术"",""软件工程""],""role_terms"":[""智慧""],""reason"":""tech_major_and_role""},""original"":{""部门代码"":""129114"",""部门名称"":""上海海关"",""用人司局"":""海关总署风险防控局（上海）"",""机构性质"":""中央国家行政机关省级以下直属机构"",""招考职位"":""风险防控四级主管及以下"",""职位属性"":""普通职位"",""职位分布"":""其他职位"",""职位简介"":""从事智慧海关建设，海关风险防控工作。"",""职位代码"":""300110113001"",""机构层级"":""省（副省）级"",""考试类别"":""中央机关及其省级直属机构综合管理类"",""招考人数"":""3"",""专业"":""统计学、数学与应用数学、计算机科学与技术、电子信息工程、软件工程、自动化、控制科学与工程"",""学历"":""本科或硕士研究生"",""学位"":""与最高学历相对应的学位"",""政治面貌"":""中共党员"",""基层工作最低年限"":""二年"",""服务基层项目工作经历"":""无限制"",""是否在面试阶段组织专业能力测试"":""是"",""面试人员比例"":""3:1"",""工作地点"":""上海市黄浦区"",""落户地点"":""上海市黄浦区"",""备注"":""本职位要求考生具有二年以上基层工作经历，报名时须详细填写工作单位和具体岗位；本科生大学英语四级考试425分及以上，硕士研究生大学英语六级考试425分及以上，报名时请写明大学英语级别和具体分数；服从关区二次调配；住宿自理；本职位所指专业为具体专业名称；考生必须具备与填报学历及专业相应的学位，报名时请写明各阶段专业准确名称；毕业证书和学位证书上的专业名称要求一致；专业能力测试安排，详见海关总署网站（www.customs.gov.cn）。"",""部门网站"":""http://shanghai.customs.gov.cn"",""咨询电话1"":""021-63233303"",""咨询电话2"":""021-63233106"",""咨询电话3"":"""",""来源Sheet"":""中央国家行政机关省级以下直属机构""}}"
"government_jobs","国家公务员2024招考简章","公务员/事业单位技术岗位","上海市黄浦区","2026-07-28T09:12:58.310295+00:00","关税管理四级主管及以下","上海海关","","上海市黄浦区","公务员/事业单位;2024;automation_robotics;computer_software;electronics_communication;本科或硕士研究生;与最高学历相对应的学位;机械工程、电气工程及其自动化、通信工程、信息工程、自动化、控制科学与工程、数学与应用数学、信息与计算科学、计算机科学与技术、智能科学与技术、数据科学与大数据技术、法学、国际经贸规则、国际法学;中央机关及其省级直属机构综合管理类","用人司局：海关总署税收征管局（上海）
职位简介：从事智慧海关建设，海关关税管理、货物查验等工作。
专业要求：机械工程、电气工程及其自动化、通信工程、信息工程、自动化、控制科学与工程、数学与应用数学、信息与计算科学、计算机科学与技术、智能科学与技术、数据科学与大数据技术、法学、国际经贸规则、国际法学
学历要求：本科或硕士研究生
学位要求：与最高学历相对应的学位
政治面貌：中共党员
基层工作经历：二年
考试类别：中央机关及其省级直属机构综合管理类
备注：本职位要求考生具有二年以上基层工作经历，报名时须详细填写工作单位和具体岗位；本科生大学英语四级考试425分及以上，硕士研究生大学英语六级考试425分及以上，报名时请写明大学英语级别和具体分数；服从关区二次调配；住宿自理；本职位所指专业为具体专业名称；考生必须具备与填报学历及专业相应的学位，报名时请写明各阶段专业准确名称；毕业证书和学位证书上的专业名称要求一致；专业能力测试安排，详见海关总署网站（www.customs.gov.cn）。","https://www.xuanhan.gov.cn/xxgk-show-77635.html#129114-300110114001","2023-10-15","{""dataset_year"":2024,""job_uid"":""GOV-2024-129114-300110114001"",""publisher"":""国家公务员局"",""publication_page"":""https://www.xuanhan.gov.cn/xxgk-show-77635.html"",""attachment_url"":""https://www.xuanhan.gov.cn/uploadfile/1/Attachment/638fdecf51.zip"",""local_source_file"":""中央机关及其直属机构2024年度考试录用公务员招考简章.xls"",""local_source_sha256"":""a1741b99dbecd6d03e533f99f2d69b0fa5a79733e551b80af69986ceed2ad996"",""source_sheet"":""中央国家行政机关省级以下直属机构"",""filter_version"":""government_tech_v2"",""tech_filter"":{""is_tech"":true,""is_core_tech"":true,""scope"":""core"",""categories"":[""automation_robotics"",""computer_software"",""electronics_communication""],""matched_fields"":[""major"",""description""],""major_terms"":[""大数据"",""控制科学与工程"",""数据科学与大数据技术"",""智能科学与技术"",""自动化"",""计算机科学与技术"",""通信工程""],""role_terms"":[""智慧""],""reason"":""tech_major_and_role""},""original"":{""部门代码"":""129114"",""部门名称"":""上海海关"",""用人司局"":""海关总署税收征管局（上海）"",""机构性质"":""中央国家行政机关省级以下直属机构"",""招考职位"":""关税管理四级主管及以下"",""职位属性"":""普通职位"",""职位分布"":""其他职位"",""职位简介"":""从事智慧海关建设，海关关税管理、货物查验等工作。"",""职位代码"":""300110114001"",""机构层级"":""省（副省）级"",""考试类别"":""中央机关及其省级直属机构综合管理类"",""招考人数"":""2"",""专业"":""机械工程、电气工程及其自动化、通信工程、信息工程、自动化、控制科学与工程、数学与应用数学、信息与计算科学、计算机科学与技术、智能科学与技术、数据科学与大数据技术、法学、国际经贸规则、国际法学"",""学历"":""本科或硕士研究生"",""学位"":""与最高学历相对应的学位"",""政治面貌"":""中共党员"",""基层工作最低年限"":""二年"",""服务基层项目工作经历"":""无限制"",""是否在面试阶段组织专业能力测试"":""是"",""面试人员比例"":""3:1"",""工作地点"":""上海市黄浦区"",""落户地点"":""上海市黄浦区"",""备注"":""本职位要求考生具有二年以上基层工作经历，报名时须详细填写工作单位和具体岗位；本科生大学英语四级考试425分及以上，硕士研究生大学英语六级考试425分及以上，报名时请写明大学英语级别和具体分数；服从关区二次调配；住宿自理；本职位所指专业为具体专业名称；考生必须具备与填报学历及专业相应的学位，报名时请写明各阶段专业准确名称；毕业证书和学位证书上的专业名称要求一致；专业能力测试安排，详见海关总署网站（www.customs.gov.cn）。"",""部门网站"":""http://shanghai.customs.gov.cn"",""咨询电话1"":""021-63233303"",""咨询电话2"":""021-63233106"",""咨询电话3"":"""",""来源Sheet"":""中央国家行政机关省级以下直属机构""}}"
"government_jobs","国家公务员2024招考简章","公务员/事业单位技术岗位","江苏省南京市","2026-07-28T09:12:58.310295+00:00","科技处二级主管及以下","南京海关","","江苏省南京市","公务员/事业单位;2024;computer_software;本科及以上;与最高学历相对应的学位;人工智能;中央机关及其省级直属机构综合管理类","用人司局：南京海关
职位简介：从事海关国门安全信息技术、智慧海关建设等工作。
专业要求：人工智能
学历要求：本科及以上
学位要求：与最高学历相对应的学位
政治面貌：中共党员
基层工作经历：二年
考试类别：中央机关及其省级直属机构综合管理类
备注：本科生大学英语四级考试425分及以上，研究生大学英语六级考试425分及以上；本职位所指专业为具体专业名称；考生必须具备与填报学历及专业相应的学位；考生应具有2年及以上计算机或软件行业信息技术岗位从业经历；专业能力测试安排，详见海关总署网站（www.customs.gov.cn）。","https://www.xuanhan.gov.cn/xxgk-show-77635.html#129115-300110101002","2023-10-15","{""dataset_year"":2024,""job_uid"":""GOV-2024-129115-300110101002"",""publisher"":""国家公务员局"",""publication_page"":""https://www.xuanhan.gov.cn/xxgk-show-77635.html"",""attachment_url"":""https://www.xuanhan.gov.cn/uploadfile/1/Attachment/638fdecf51.zip"",""local_source_file"":""中央机关及其直属机构2024年度考试录用公务员招考简章.xls"",""local_source_sha256"":""a1741b99dbecd6d03e533f99f2d69b0fa5a79733e551b80af69986ceed2ad996"",""source_sheet"":""中央国家行政机关省级以下直属机构"",""filter_version"":""government_tech_v2"",""tech_filter"":{""is_tech"":true,""is_core_tech"":true,""scope"":""core"",""categories"":[""computer_software""],""matched_fields"":[""major"",""description"",""remarks""],""major_terms"":[""人工智能""],""role_terms"":[""信息技术"",""智慧"",""计算机"",""软件""],""reason"":""tech_major_and_role""},""original"":{""部门代码"":""129115"",""部门名称"":""南京海关"",""用人司局"":""南京海关"",""机构性质"":""中央国家行政机关省级以下直属机构"",""招考职位"":""科技处二级主管及以下"",""职位属性"":""普通职位"",""职位分布"":""其他职位"",""职位简介"":""从事海关国门安全信息技术、智慧海关建设等工作。"",""职位代码"":""300110101002"",""机构层级"":""省（副省）级"",""考试类别"":""中央机关及其省级直属机构综合管理类"",""招考人数"":""1"",""专业"":""人工智能"",""学历"":""本科及以上"",""学位"":""与最高学历相对应的学位"",""政治面貌"":""中共党员"",""基层工作最低年限"":""二年"",""服务基层项目工作经历"":""无限制"",""是否在面试阶段组织专业能力测试"":""是"",""面试人员比例"":""3:1"",""工作地点"":""江苏省南京市"",""落户地点"":""江苏省南京市"",""备注"":""本科生大学英语四级考试425分及以上，研究生大学英语六级考试425分及以上；本职位所指专业为具体专业名称；考生必须具备与填报学历及专业相应的学位；考生应具有2年及以上计算机或软件行业信息技术岗位从业经历；专业能力测试安排，详见海关总署网站（www.customs.gov.cn）。"",""部门网站"":""http://nanjing.customs.gov.cn/"",""咨询电话1"":""025-84422122"",""咨询电话2"":""025-84422795"",""咨询电话3"":""025-84475879"",""来源Sheet"":""中央国家行政机关省级以下直属机构""}}"
"government_jobs","国家公务员2024招考简章","公务员/事业单位技术岗位","江苏省南京市","2026-07-28T09:12:58.310295+00:00","风险防控分局四级主管","南京海关","","江苏省南京市","公务员/事业单位;2024;computer_software;data_ai;仅限硕士研究生;硕士;统计学、概率论与数理统计、数量经济学、国际贸易学、应用统计、大数据技术与工程;中央机关及其省级直属机构综合管理类","用人司局：南京海关
职位简介：从事海关风险防控、智慧海关建设等工作。
专业要求：统计学、概率论与数理统计、数量经济学、国际贸易学、应用统计、大数据技术与工程
学历要求：仅限硕士研究生
学位要求：硕士
政治面貌：中共党员
基层工作经历：二年
考试类别：中央机关及其省级直属机构综合管理类
备注：大学英语六级考试425分及以上；本职位所指专业为具体专业名称；考生必须具备与填报学历及专业相应的学位；考生应具有2年以上大数据应用基层工作经历；专业能力测试安排，详见海关总署网站（www.customs.gov.cn）。","https://www.xuanhan.gov.cn/xxgk-show-77635.html#129115-300110101003","2023-10-15","{""dataset_year"":2024,""job_uid"":""GOV-2024-129115-300110101003"",""publisher"":""国家公务员局"",""publication_page"":""https://www.xuanhan.gov.cn/xxgk-show-77635.html"",""attachment_url"":""https://www.xuanhan.gov.cn/uploadfile/1/Attachment/638fdecf51.zip"",""local_source_file"":""中央机关及其直属机构2024年度考试录用公务员招考简章.xls"",""local_source_sha256"":""a1741b99dbecd6d03e533f99f2d69b0fa5a79733e551b80af69986ceed2ad996"",""source_sheet"":""中央国家行政机关省级以下直属机构"",""filter_version"":""government_tech_v2"",""tech_filter"":{""is_tech"":true,""is_core_tech"":true,""scope"":""core"",""categories"":[""computer_software"",""data_ai""],""matched_fields"":[""major"",""description"",""remarks""],""major_terms"":[""大数据""],""role_terms"":[""大数据"",""数据应用"",""智慧""],""reason"":""tech_major_and_role""},""original"":{""部门代码"":""129115"",""部门名称"":""南京海关"",""用人司局"":""南京海关"",""机构性质"":""中央国家行政机关省级以下直属机构"",""招考职位"":""风险防控分局四级主管"",""职位属性"":""普通职位"",""职位分布"":""其他职位"",""职位简介"":""从事海关风险防控、智慧海关建设等工作。"",""职位代码"":""300110101003"",""机构层级"":""省（副省）级"",""考试类别"":""中央机关及其省级直属机构综合管理类"",""招考人数"":""1"",""专业"":""统计学、概率论与数理统计、数量经济学、国际贸易学、应用统计、大数据技术与工程"",""学历"":""仅限硕士研究生"",""学位"":""硕士"",""政治面貌"":""中共党员"",""基层工作最低年限"":""二年"",""服务基层项目工作经历"":""无限制"",""是否在面试阶段组织专业能力测试"":""是"",""面试人员比例"":""3:1"",""工作地点"":""江苏省南京市"",""落户地点"":""江苏省南京市"",""备注"":""大学英语六级考试425分及以上；本职位所指专业为具体专业名称；考生必须具备与填报学历及专业相应的学位；考生应具有2年以上大数据应用基层工作经历；专业能力测试安排，详见海关总署网站（www.customs.gov.cn）。"",""部门网站"":""http://nanjing.customs.gov.cn/"",""咨询电话1"":""025-84422122"",""咨询电话2"":""025-84422795"",""咨询电话3"":""025-84475879"",""来源Sheet"":""中央国家行政机关省级以下直属机构""}}"
"government_jobs","国家公务员2024招考简章","公务员/事业单位技术岗位","江苏省南京市","2026-07-28T09:12:58.310295+00:00","统计二级主办及以下","南京海关","","江苏省南京市","公务员/事业单位;2024;computer_software;本科及以上;与最高学历相对应的学位;本科：经济学、经济统计学、国际经济与贸易、信息与计算科学、统计学、应用统计学；研究生：统计学、概率论与数理统计、数量经济学、国际贸易学、应用统计;行政执法类","用人司局：金陵海关
职位简介：从事海关统计、智慧海关建设等工作。
专业要求：本科：经济学、经济统计学、国际经济与贸易、信息与计算科学、统计学、应用统计学；研究生：统计学、概率论与数理统计、数量经济学、国际贸易学、应用统计
学历要求：本科及以上
学位要求：与最高学历相对应的学位
政治面貌：不限
基层工作经历：无限制
考试类别：行政执法类
备注：限2024届高校毕业生；本科生大学英语四级考试425分及以上，研究生大学英语六级考试425分及以上；现场一线岗位；需24小时倒班；本职位所指专业为具体专业名称；考生必须具备与填报学历及专业相应的学位。","https://www.xuanhan.gov.cn/xxgk-show-77635.html#129115-300110201012","2023-10-15","{""dataset_year"":2024,""job_uid"":""GOV-2024-129115-300110201012"",""publisher"":""国家公务员局"",""publication_page"":""https://www.xuanhan.gov.cn/xxgk-show-77635.html"",""attachment_url"":""https://www.xuanhan.gov.cn/uploadfile/1/Attachment/638fdecf51.zip"",""local_source_file"":""中央机关及其直属机构2024年度考试录用公务员招考简章.xls"",""local_source_sha256"":""a1741b99dbecd6d03e533f99f2d69b0fa5a79733e551b80af69986ceed2ad996"",""source_sheet"":""中央国家行政机关省级以下直属机构"",""filter_version"":""government_tech_v2"",""tech_filter"":{""is_tech"":true,""is_core_tech"":true,""scope"":""core"",""categories"":[""computer_software""],""matched_fields"":[""description""],""major_terms"":[],""role_terms"":[""智慧""],""reason"":""tech_role""},""original"":{""部门代码"":""129115"",""部门名称"":""南京海关"",""用人司局"":""金陵海关"",""机构性质"":""中央国家行政机关省级以下直属机构"",""招考职位"":""统计二级主办及以下"",""职位属性"":""普通职位"",""职位分布"":""其他职位"",""职位简介"":""从事海关统计、智慧海关建设等工作。"",""职位代码"":""300110201012"",""机构层级"":""市（地）级"",""考试类别"":""行政执法类"",""招考人数"":""1"",""专业"":""本科：经济学、经济统计学、国际经济与贸易、信息与计算科学、统计学、应用统计学；研究生：统计学、概率论与数理统计、数量经济学、国际贸易学、应用统计"",""学历"":""本科及以上"",""学位"":""与最高学历相对应的学位"",""政治面貌"":""不限"",""基层工作最低年限"":""无限制"",""服务基层项目工作经历"":""无限制"",""是否在面试阶段组织专业能力测试"":""否"",""面试人员比例"":""3:1"",""工作地点"":""江苏省南京市"",""落户地点"":""江苏省南京市"",""备注"":""限2024届高校毕业生；本科生大学英语四级考试425分及以上，研究生大学英语六级考试425分及以上；现场一线岗位；需24小时倒班；本职位所指专业为具体专业名称；考生必须具备与填报学历及专业相应的学位。"",""部门网站"":""http://nanjing.customs.gov.cn/"",""咨询电话1"":""025-84422122"",""咨询电话2"":""025-84422795"",""咨询电话3"":""025-84475879"",""来源Sheet"":""中央国家行政机关省级以下直属机构""}}"
"government_jobs","国家公务员2024招考简章","公务员/事业单位技术岗位","江苏省苏州市","2026-07-28T09:12:58.310295+00:00","科技四级主办（一）","南京海关","","江苏省苏州市","公务员/事业单位;2024;computer_software;cybersecurity_cryptography;electronics_communication;仅限硕士研究生;硕士;信息与通信工程、电子科学与技术、计算机科学与技术、软件工程、网络空间安全、电子信息、通信工程、计算机技术、软件工程、人工智能、网络与信息安全;行政执法类","用人司局：苏州海关
职位简介：从事海关科技管理、智慧海关建设等工作。
专业要求：信息与通信工程、电子科学与技术、计算机科学与技术、软件工程、网络空间安全、电子信息、通信工程、计算机技术、软件工程、人工智能、网络与信息安全
学历要求：仅限硕士研究生
学位要求：硕士
政治面貌：不限
基层工作经历：无限制
考试类别：行政执法类
备注：限2024届高校毕业生；大学英语六级考试425分及以上；现场一线岗位；需24小时倒班；本职位所指专业为具体专业名称；考生必须具备与填报学历及专业相应的学位。","https://www.xuanhan.gov.cn/xxgk-show-77635.html#129115-300110202012","2023-10-15","{""dataset_year"":2024,""job_uid"":""GOV-2024-129115-300110202012"",""publisher"":""国家公务员局"",""publication_page"":""https://www.xuanhan.gov.cn/xxgk-show-77635.html"",""attachment_url"":""https://www.xuanhan.gov.cn/uploadfile/1/Attachment/638fdecf51.zip"",""local_source_file"":""中央机关及其直属机构2024年度考试录用公务员招考简章.xls"",""local_source_sha256"":""a1741b99dbecd6d03e533f99f2d69b0fa5a79733e551b80af69986ceed2ad996"",""source_sheet"":""中央国家行政机关省级以下直属机构"",""filter_version"":""government_tech_v2"",""tech_filter"":{""is_tech"":true,""is_core_tech"":true,""scope"":""core"",""categories"":[""computer_software"",""cybersecurity_cryptography"",""electronics_communication""],""matched_fields"":[""major"",""description""],""major_terms"":[""人工智能"",""信息与通信工程"",""信息安全"",""电子信息"",""电子科学与技术"",""网络空间安全"",""计算机技术"",""计算机科学与技术"",""软件工程"",""通信工程""],""role_terms"":[""智慧""],""reason"":""tech_major_and_role""},""original"":{""部门代码"":""129115"",""部门名称"":""南京海关"",""用人司局"":""苏州海关"",""机构性质"":""中央国家行政机关省级以下直属机构"",""招考职位"":""科技四级主办（一）"",""职位属性"":""普通职位"",""职位分布"":""其他职位"",""职位简介"":""从事海关科技管理、智慧海关建设等工作。"",""职位代码"":""300110202012"",""机构层级"":""市（地）级"",""考试类别"":""行政执法类"",""招考人数"":""2"",""专业"":""信息与通信工程、电子科学与技术、计算机科学与技术、软件工程、网络空间安全、电子信息、通信工程、计算机技术、软件工程、人工智能、网络与信息安全"",""学历"":""仅限硕士研究生"",""学位"":""硕士"",""政治面貌"":""不限"",""基层工作最低年限"":""无限制"",""服务基层项目工作经历"":""无限制"",""是否在面试阶段组织专业能力测试"":""否"",""面试人员比例"":""3:1"",""工作地点"":""江苏省苏州市"",""落户地点"":""江苏省苏州市"",""备注"":""限2024届高校毕业生；大学英语六级考试425分及以上；现场一线岗位；需24小时倒班；本职位所指专业为具体专业名称；考生必须具备与填报学历及专业相应的学位。"",""部门网站"":""http://nanjing.customs.gov.cn/"",""咨询电话1"":""025-84422122"",""咨询电话2"":""025-84422795"",""咨询电话3"":""025-84475879"",""来源Sheet"":""中央国家行政机关省级以下直属机构""}}"
"government_jobs","国家公务员2024招考简章","公务员/事业单位技术岗位","江苏省苏州市","2026-07-28T09:12:58.310295+00:00","科技四级主办（二）","南京海关","","江苏省苏州市","公务员/事业单位;2024;computer_software;仅限硕士研究生;硕士;大数据技术与工程;行政执法类","用人司局：苏州海关
职位简介：从事海关科技管理、智慧海关建设等工作。
专业要求：大数据技术与工程
学历要求：仅限硕士研究生
学位要求：硕士
政治面貌：不限
基层工作经历：无限制
考试类别：行政执法类
备注：限应届高校毕业生；大学英语六级考试425分及以上；现场一线岗位；需24小时倒班；本职位所指专业为具体专业名称；考生必须具备与填报学历及专业相应的学位。","https://www.xuanhan.gov.cn/xxgk-show-77635.html#129115-300110202013","2023-10-15","{""dataset_year"":2024,""job_uid"":""GOV-2024-129115-300110202013"",""publisher"":""国家公务员局"",""publication_page"":""https://www.xuanhan.gov.cn/xxgk-show-77635.html"",""attachment_url"":""https://www.xuanhan.gov.cn/uploadfile/1/Attachment/638fdecf51.zip"",""local_source_file"":""中央机关及其直属机构2024年度考试录用公务员招考简章.xls"",""local_source_sha256"":""a1741b99dbecd6d03e533f99f2d69b0fa5a79733e551b80af69986ceed2ad996"",""source_sheet"":""中央国家行政机关省级以下直属机构"",""filter_version"":""government_tech_v2"",""tech_filter"":{""is_tech"":true,""is_core_tech"":true,""scope"":""core"",""categories"":[""computer_software""],""matched_fields"":[""major"",""description""],""major_terms"":[""大数据""],""role_terms"":[""智慧""],""reason"":""tech_major_and_role""},""original"":{""部门代码"":""129115"",""部门名称"":""南京海关"",""用人司局"":""苏州海关"",""机构性质"":""中央国家行政机关省级以下直属机构"",""招考职位"":""科技四级主办（二）"",""职位属性"":""普通职位"",""职位分布"":""其他职位"",""职位简介"":""从事海关科技管理、智慧海关建设等工作。"",""职位代码"":""300110202013"",""机构层级"":""市（地）级"",""考试类别"":""行政执法类"",""招考人数"":""2"",""专业"":""大数据技术与工程"",""学历"":""仅限硕士研究生"",""学位"":""硕士"",""政治面貌"":""不限"",""基层工作最低年限"":""无限制"",""服务基层项目工作经历"":""无限制"",""是否在面试阶段组织专业能力测试"":""否"",""面试人员比例"":""3:1"",""工作地点"":""江苏省苏州市"",""落户地点"":""江苏省苏州市"",""备注"":""限应届高校毕业生；大学英语六级考试425分及以上；现场一线岗位；需24小时倒班；本职位所指专业为具体专业名称；考生必须具备与填报学历及专业相应的学位。"",""部门网站"":""http://nanjing.customs.gov.cn/"",""咨询电话1"":""025-84422122"",""咨询电话2"":""025-84422795"",""咨询电话3"":""025-84475879"",""来源Sheet"":""中央国家行政机关省级以下直属机构""}}"
"government_jobs","国家公务员2024招考简章","公务员/事业单位技术岗位","江苏省苏州市","2026-07-28T09:12:58.310295+00:00","统计二级主办及以下","南京海关","","江苏省苏州市","公务员/事业单位;2024;computer_software;本科及以上;与最高学历相对应的学位;本科：经济学、经济统计学、国际经济与贸易、信息与计算科学、统计学、应用统计学；研究生：统计学、概率论与数理统计、数量经济学、国际贸易学、应用统计;行政执法类","用人司局：苏州工业园区海关
职位简介：从事海关统计、智慧海关建设等工作。
专业要求：本科：经济学、经济统计学、国际经济与贸易、信息与计算科学、统计学、应用统计学；研究生：统计学、概率论与数理统计、数量经济学、国际贸易学、应用统计
学历要求：本科及以上
学位要求：与最高学历相对应的学位
政治面貌：不限
基层工作经历：无限制
考试类别：行政执法类
备注：限2024届高校毕业生；本科生大学英语四级考试425分及以上，研究生大学英语六级考试425分及以上；现场一线岗位；需24小时倒班；本职位所指专业为具体专业名称；考生必须具备与填报学历及专业相应的学位。","https://www.xuanhan.gov.cn/xxgk-show-77635.html#129115-300110203005","2023-10-15","{""dataset_year"":2024,""job_uid"":""GOV-2024-129115-300110203005"",""publisher"":""国家公务员局"",""publication_page"":""https://www.xuanhan.gov.cn/xxgk-show-77635.html"",""attachment_url"":""https://www.xuanhan.gov.cn/uploadfile/1/Attachment/638fdecf51.zip"",""local_source_file"":""中央机关及其直属机构2024年度考试录用公务员招考简章.xls"",""local_source_sha256"":""a1741b99dbecd6d03e533f99f2d69b0fa5a79733e551b80af69986ceed2ad996"",""source_sheet"":""中央国家行政机关省级以下直属机构"",""filter_version"":""government_tech_v2"",""tech_filter"":{""is_tech"":true,""is_core_tech"":true,""scope"":""core"",""categories"":[""computer_software""],""matched_fields"":[""description""],""major_terms"":[],""role_terms"":[""智慧""],""reason"":""tech_role""},""original"":{""部门代码"":""129115"",""部门名称"":""南京海关"",""用人司局"":""苏州工业园区海关"",""机构性质"":""中央国家行政机关省级以下直属机构"",""招考职位"":""统计二级主办及以下"",""职位属性"":""普通职位"",""职位分布"":""其他职位"",""职位简介"":""从事海关统计、智慧海关建设等工作。"",""职位代码"":""300110203005"",""机构层级"":""市（地）级"",""考试类别"":""行政执法类"",""招考人数"":""1"",""专业"":""本科：经济学、经济统计学、国际经济与贸易、信息与计算科学、统计学、应用统计学；研究生：统计学、概率论与数理统计、数量经济学、国际贸易学、应用统计"",""学历"":""本科及以上"",""学位"":""与最高学历相对应的学位"",""政治面貌"":""不限"",""基层工作最低年限"":""无限制"",""服务基层项目工作经历"":""无限制"",""是否在面试阶段组织专业能力测试"":""否"",""面试人员比例"":""3:1"",""工作地点"":""江苏省苏州市"",""落户地点"":""江苏省苏州市"",""备注"":""限2024届高校毕业生；本科生大学英语四级考试425分及以上，研究生大学英语六级考试425分及以上；现场一线岗位；需24小时倒班；本职位所指专业为具体专业名称；考生必须具备与填报学历及专业相应的学位。"",""部门网站"":""http://nanjing.customs.gov.cn/"",""咨询电话1"":""025-84422122"",""咨询电话2"":""025-84422795"",""咨询电话3"":""025-84475879"",""来源Sheet"":""中央国家行政机关省级以下直属机构""}}"
"government_jobs","国家公务员2024招考简章","公务员/事业单位技术岗位","江苏省无锡市","2026-07-28T09:12:58.310295+00:00","科技一级行政执法员","南京海关","","江苏省无锡市","公务员/事业单位;2024;computer_software;electronics_communication;仅限本科;学士;电子信息类、计算机类;行政执法类","用人司局：无锡海关
职位简介：从事海关科技管理、智慧海关建设等工作。
专业要求：电子信息类、计算机类
学历要求：仅限本科
学位要求：学士
政治面貌：不限
基层工作经历：二年
考试类别：行政执法类
备注：本职位定向招录服务基层项目人员，服务期满、考核合格；大学英语四级考试425分及以上；现场一线岗位；需24小时倒班；本职位所指专业为专业类别；考生必须具备与填报学历及专业相应的学位。","https://www.xuanhan.gov.cn/xxgk-show-77635.html#129115-300110204011","2023-10-15","{""dataset_year"":2024,""job_uid"":""GOV-2024-129115-300110204011"",""publisher"":""国家公务员局"",""publication_page"":""https://www.xuanhan.gov.cn/xxgk-show-77635.html"",""attachment_url"":""https://www.xuanhan.gov.cn/uploadfile/1/Attachment/638fdecf51.zip"",""local_source_file"":""中央机关及其直属机构2024年度考试录用公务员招考简章.xls"",""local_source_sha256"":""a1741b99dbecd6d03e533f99f2d69b0fa5a79733e551b80af69986ceed2ad996"",""source_sheet"":""中央国家行政机关省级以下直属机构"",""filter_version"":""government_tech_v2"",""tech_filter"":{""is_tech"":true,""is_core_tech"":true,""scope"":""core"",""categories"":[""computer_software"",""electronics_communication""],""matched_fields"":[""major"",""description""],""major_terms"":[""电子信息类"",""计算机类""],""role_terms"":[""智慧""],""reason"":""tech_major_and_role""},""original"":{""部门代码"":""129115"",""部门名称"":""南京海关"",""用人司局"":""无锡海关"",""机构性质"":""中央国家行政机关省级以下直属机构"",""招考职位"":""科技一级行政执法员"",""职位属性"":""普通职位"",""职位分布"":""其他职位"",""职位简介"":""从事海关科技管理、智慧海关建设等工作。"",""职位代码"":""300110204011"",""机构层级"":""市（地）级"",""考试类别"":""行政执法类"",""招考人数"":""1"",""专业"":""电子信息类、计算机类"",""学历"":""仅限本科"",""学位"":""学士"",""政治面貌"":""不限"",""基层工作最低年限"":""二年"",""服务基层项目工作经历"":""大学生村官、农村义务教育阶段学校教师特设岗位计划、“三支一扶”计划、大学生志愿服务西部计划、在军队服役5年（含）以上的高校毕业生退役士兵"",""是否在面试阶段组织专业能力测试"":""否"",""面试人员比例"":""3:1"",""工作地点"":""江苏省无锡市"",""落户地点"":""江苏省无锡市"",""备注"":""本职位定向招录服务基层项目人员，服务期满、考核合格；大学英语四级考试425分及以上；现场一线岗位；需24小时倒班；本职位所指专业为专业类别；考生必须具备与填报学历及专业相应的学位。"",""部门网站"":""http://nanjing.customs.gov.cn/"",""咨询电话1"":""025-84422122"",""咨询电话2"":""025-84422795"",""咨询电话3"":""025-84475879"",""来源Sheet"":""中央国家行政机关省级以下直属机构""}}"
"government_jobs","国家公务员2024招考简章","公务员/事业单位技术岗位","江苏省连云港市","2026-07-28T09:12:58.310295+00:00","统计一级行政执法员","南京海关","","江苏省连云港市","公务员/事业单位;2024;computer_software;仅限本科;学士;经济学、经济统计学、国际经济与贸易、信息与计算科学、统计学、应用统计学;行政执法类","用人司局：连云港海关
职位简介：从事海关统计、智慧海关建设等工作。
专业要求：经济学、经济统计学、国际经济与贸易、信息与计算科学、统计学、应用统计学
学历要求：仅限本科
学位要求：学士
政治面貌：不限
基层工作经历：无限制
考试类别：行政执法类
备注：限应届高校毕业生；大学英语四级考试425分及以上；现场一线岗位；需24小时倒班；本职位所指专业为具体专业名称；考生必须具备与填报学历及专业相应的学位。","https://www.xuanhan.gov.cn/xxgk-show-77635.html#129115-300110304009","2023-10-15","{""dataset_year"":2024,""job_uid"":""GOV-2024-129115-300110304009"",""publisher"":""国家公务员局"",""publication_page"":""https://www.xuanhan.gov.cn/xxgk-show-77635.html"",""attachment_url"":""https://www.xuanhan.gov.cn/uploadfile/1/Attachment/638fdecf51.zip"",""local_source_file"":""中央机关及其直属机构2024年度考试录用公务员招考简章.xls"",""local_source_sha256"":""a1741b99dbecd6d03e533f99f2d69b0fa5a79733e551b80af69986ceed2ad996"",""source_sheet"":""中央国家行政机关省级以下直属机构"",""filter_version"":""government_tech_v2"",""tech_filter"":{""is_tech"":true,""is_core_tech"":true,""scope"":""core"",""categories"":[""computer_software""],""matched_fields"":[""description""],""major_terms"":[],""role_terms"":[""智慧""],""reason"":""tech_role""},""original"":{""部门代码"":""129115"",""部门名称"":""南京海关"",""用人司局"":""连云港海关"",""机构性质"":""中央国家行政机关省级以下直属机构"",""招考职位"":""统计一级行政执法员"",""职位属性"":""普通职位"",""职位分布"":""其他职位"",""职位简介"":""从事海关统计、智慧海关建设等工作。"",""职位代码"":""300110304009"",""机构层级"":""县（区）级及以下"",""考试类别"":""行政执法类"",""招考人数"":""1"",""专业"":""经济学、经济统计学、国际经济与贸易、信息与计算科学、统计学、应用统计学"",""学历"":""仅限本科"",""学位"":""学士"",""政治面貌"":""不限"",""基层工作最低年限"":""无限制"",""服务基层项目工作经历"":""无限制"",""是否在面试阶段组织专业能力测试"":""否"",""面试人员比例"":""3:1"",""工作地点"":""江苏省连云港市"",""落户地点"":""江苏省连云港市"",""备注"":""限应届高校毕业生；大学英语四级考试425分及以上；现场一线岗位；需24小时倒班；本职位所指专业为具体专业名称；考生必须具备与填报学历及专业相应的学位。"",""部门网站"":""http://nanjing.customs.gov.cn/"",""咨询电话1"":""025-84422122"",""咨询电话2"":""025-84422795"",""咨询电话3"":""025-84475879"",""来源Sheet"":""中央国家行政机关省级以下直属机构""}}"
"government_jobs","国家公务员2024招考简章","公务员/事业单位技术岗位","江苏省连云港市","2026-07-28T09:12:58.310295+00:00","科技一级行政执法员","南京海关","","江苏省连云港市","公务员/事业单位;2024;computer_software;electronics_communication;仅限本科;学士;电子信息类、计算机类;行政执法类","用人司局：连云港海关
职位简介：从事海关科技管理、智慧海关建设等工作。
专业要求：电子信息类、计算机类
学历要求：仅限本科
学位要求：学士
政治面貌：不限
基层工作经历：无限制
考试类别：行政执法类
备注：限2024届高校毕业生；大学英语四级考试425分及以上；现场一线岗位；需24小时倒班；本职位所指专业为专业类别；考生必须具备与填报学历及专业相应的学位。","https://www.xuanhan.gov.cn/xxgk-show-77635.html#129115-300110304010","2023-10-15","{""dataset_year"":2024,""job_uid"":""GOV-2024-129115-300110304010"",""publisher"":""国家公务员局"",""publication_page"":""https://www.xuanhan.gov.cn/xxgk-show-77635.html"",""attachment_url"":""https://www.xuanhan.gov.cn/uploadfile/1/Attachment/638fdecf51.zip"",""local_source_file"":""中央机关及其直属机构2024年度考试录用公务员招考简章.xls"",""local_source_sha256"":""a1741b99dbecd6d03e533f99f2d69b0fa5a79733e551b80af69986ceed2ad996"",""source_sheet"":""中央国家行政机关省级以下直属机构"",""filter_version"":""government_tech_v2"",""tech_filter"":{""is_tech"":true,""is_core_tech"":true,""scope"":""core"",""categories"":[""computer_software"",""electronics_communication""],""matched_fields"":[""major"",""description""],""major_terms"":[""电子信息类"",""计算机类""],""role_terms"":[""智慧""],""reason"":""tech_major_and_role""},""original"":{""部门代码"":""129115"",""部门名称"":""南京海关"",""用人司局"":""连云港海关"",""机构性质"":""中央国家行政机关省级以下直属机构"",""招考职位"":""科技一级行政执法员"",""职位属性"":""普通职位"",""职位分布"":""其他职位"",""职位简介"":""从事海关科技管理、智慧海关建设等工作。"",""职位代码"":""300110304010"",""机构层级"":""县（区）级及以下"",""考试类别"":""行政执法类"",""招考人数"":""1"",""专业"":""电子信息类、计算机类"",""学历"":""仅限本科"",""学位"":""学士"",""政治面貌"":""不限"",""基层工作最低年限"":""无限制"",""服务基层项目工作经历"":""无限制"",""是否在面试阶段组织专业能力测试"":""否"",""面试人员比例"":""3:1"",""工作地点"":""江苏省连云港市"",""落户地点"":""江苏省连云港市"",""备注"":""限2024届高校毕业生；大学英语四级考试425分及以上；现场一线岗位；需24小时倒班；本职位所指专业为专业类别；考生必须具备与填报学历及专业相应的学位。"",""部门网站"":""http://nanjing.customs.gov.cn/"",""咨询电话1"":""025-84422122"",""咨询电话2"":""025-84422795"",""咨询电话3"":""025-84475879"",""来源Sheet"":""中央国家行政机关省级以下直属机构""}}"
"government_jobs","国家公务员2024招考简章","公务员/事业单位技术岗位","江苏省南通市","2026-07-28T09:12:58.310295+00:00","科技一级行政执法员","南京海关","","江苏省南通市","公务员/事业单位;2024;computer_software;electronics_communication;仅限本科;学士;电子信息类、计算机类;行政执法类","用人司局：南通海关
职位简介：从事海关科技管理、智慧海关建设等工作。
专业要求：电子信息类、计算机类
学历要求：仅限本科
学位要求：学士
政治面貌：不限
基层工作经历：无限制
考试类别：行政执法类
备注：限2024届高校毕业生；大学英语四级考试425分及以上；现场一线岗位；需24小时倒班；本职位所指专业为具体专业类别；考生必须具备与填报学历及专业相应的学位。","https://www.xuanhan.gov.cn/xxgk-show-77635.html#129115-300110305009","2023-10-15","{""dataset_year"":2024,""job_uid"":""GOV-2024-129115-300110305009"",""publisher"":""国家公务员局"",""publication_page"":""https://www.xuanhan.gov.cn/xxgk-show-77635.html"",""attachment_url"":""https://www.xuanhan.gov.cn/uploadfile/1/Attachment/638fdecf51.zip"",""local_source_file"":""中央机关及其直属机构2024年度考试录用公务员招考简章.xls"",""local_source_sha256"":""a1741b99dbecd6d03e533f99f2d69b0fa5a79733e551b80af69986ceed2ad996"",""source_sheet"":""中央国家行政机关省级以下直属机构"",""filter_version"":""government_tech_v2"",""tech_filter"":{""is_tech"":true,""is_core_tech"":true,""scope"":""core"",""categories"":[""computer_software"",""electronics_communication""],""matched_fields"":[""major"",""description""],""major_terms"":[""电子信息类"",""计算机类""],""role_terms"":[""智慧""],""reason"":""tech_major_and_role""},""original"":{""部门代码"":""129115"",""部门名称"":""南京海关"",""用人司局"":""南通海关"",""机构性质"":""中央国家行政机关省级以下直属机构"",""招考职位"":""科技一级行政执法员"",""职位属性"":""普通职位"",""职位分布"":""其他职位"",""职位简介"":""从事海关科技管理、智慧海关建设等工作。"",""职位代码"":""300110305009"",""机构层级"":""县（区）级及以下"",""考试类别"":""行政执法类"",""招考人数"":""2"",""专业"":""电子信息类、计算机类"",""学历"":""仅限本科"",""学位"":""学士"",""政治面貌"":""不限"",""基层工作最低年限"":""无限制"",""服务基层项目工作经历"":""无限制"",""是否在面试阶段组织专业能力测试"":""否"",""面试人员比例"":""3:1"",""工作地点"":""江苏省南通市"",""落户地点"":""江苏省南通市"",""备注"":""限2024届高校毕业生；大学英语四级考试425分及以上；现场一线岗位；需24小时倒班；本职位所指专业为具体专业类别；考生必须具备与填报学历及专业相应的学位。"",""部门网站"":""http://nanjing.customs.gov.cn/"",""咨询电话1"":""025-84422122"",""咨询电话2"":""025-84422795"",""咨询电话3"":""025-84475879"",""来源Sheet"":""中央国家行政机关省级以下直属机构""}}"
"government_jobs","国家公务员2024招考简章","公务员/事业单位技术岗位","江苏省泰州市","2026-07-28T09:12:58.310295+00:00","科技一级行政执法员","南京海关","","江苏省泰州市","公务员/事业单位;2024;computer_software;electronics_communication;仅限本科;学士;电子信息类、计算机类;行政执法类","用人司局：泰州海关
职位简介：从事海关科技管理、智慧海关建设等工作。
专业要求：电子信息类、计算机类
学历要求：仅限本科
学位要求：学士
政治面貌：不限
基层工作经历：无限制
考试类别：行政执法类
备注：限2024届高校毕业生；大学英语四级考试425分及以上；现场一线岗位；需24小时倒班；本职位所指专业为专业类别；考生必须具备与填报学历及专业相应的学位。","https://www.xuanhan.gov.cn/xxgk-show-77635.html#129115-300110314005","2023-10-15","{""dataset_year"":2024,""job_uid"":""GOV-2024-129115-300110314005"",""publisher"":""国家公务员局"",""publication_page"":""https://www.xuanhan.gov.cn/xxgk-show-77635.html"",""attachment_url"":""https://www.xuanhan.gov.cn/uploadfile/1/Attachment/638fdecf51.zip"",""local_source_file"":""中央机关及其直属机构2024年度考试录用公务员招考简章.xls"",""local_source_sha256"":""a1741b99dbecd6d03e533f99f2d69b0fa5a79733e551b80af69986ceed2ad996"",""source_sheet"":""中央国家行政机关省级以下直属机构"",""filter_version"":""government_tech_v2"",""tech_filter"":{""is_tech"":true,""is_core_tech"":true,""scope"":""core"",""categories"":[""computer_software"",""electronics_communication""],""matched_fields"":[""major"",""description""],""major_terms"":[""电子信息类"",""计算机类""],""role_terms"":[""智慧""],""reason"":""tech_major_and_role""},""original"":{""部门代码"":""129115"",""部门名称"":""南京海关"",""用人司局"":""泰州海关"",""机构性质"":""中央国家行政机关省级以下直属机构"",""招考职位"":""科技一级行政执法员"",""职位属性"":""普通职位"",""职位分布"":""其他职位"",""职位简介"":""从事海关科技管理、智慧海关建设等工作。"",""职位代码"":""300110314005"",""机构层级"":""县（区）级及以下"",""考试类别"":""行政执法类"",""招考人数"":""1"",""专业"":""电子信息类、计算机类"",""学历"":""仅限本科"",""学位"":""学士"",""政治面貌"":""不限"",""基层工作最低年限"":""无限制"",""服务基层项目工作经历"":""无限制"",""是否在面试阶段组织专业能力测试"":""否"",""面试人员比例"":""3:1"",""工作地点"":""江苏省泰州市"",""落户地点"":""江苏省泰州市"",""备注"":""限2024届高校毕业生；大学英语四级考试425分及以上；现场一线岗位；需24小时倒班；本职位所指专业为专业类别；考生必须具备与填报学历及专业相应的学位。"",""部门网站"":""http://nanjing.customs.gov.cn/"",""咨询电话1"":""025-84422122"",""咨询电话2"":""025-84422795"",""咨询电话3"":""025-84475879"",""来源Sheet"":""中央国家行政机关省级以下直属机构""}}"
"government_jobs","国家公务员2024招考简章","公务员/事业单位技术岗位","浙江省杭州市","2026-07-28T09:12:58.310295+00:00","统计分析四级主办及以下","杭州海关","","浙江省杭州市","公务员/事业单位;2024;computer_software;本科或硕士研究生;与最高学历相对应的学位;统计学、应用统计学、数学与应用数学、数据计算及应用、经济统计学、信息管理与信息系统、大数据管理与应用、管理科学与工程;行政执法类","用人司局：钱江海关
职位简介：从事海关统计分析工作，以及智慧海关建设管理工作。
专业要求：统计学、应用统计学、数学与应用数学、数据计算及应用、经济统计学、信息管理与信息系统、大数据管理与应用、管理科学与工程
学历要求：本科或硕士研究生
学位要求：与最高学历相对应的学位
政治面貌：不限
基层工作经历：无限制
考试类别：行政执法类
备注：限2024届高校毕业生；本科生大学英语四级考试425分及以上，研究生大学英语六级考试425分及以上；现场一线岗位；本职位所指专业为具体专业名称；考生必须具备与填报学历及专业相应的学位；服从关区二次调配。","https://www.xuanhan.gov.cn/xxgk-show-77635.html#129116-300110001005","2023-10-15","{""dataset_year"":2024,""job_uid"":""GOV-2024-129116-300110001005"",""publisher"":""国家公务员局"",""publication_page"":""https://www.xuanhan.gov.cn/xxgk-show-77635.html"",""attachment_url"":""https://www.xuanhan.gov.cn/uploadfile/1/Attachment/638fdecf51.zip"",""local_source_file"":""中央机关及其直属机构2024年度考试录用公务员招考简章.xls"",""local_source_sha256"":""a1741b99dbecd6d03e533f99f2d69b0fa5a79733e551b80af69986ceed2ad996"",""source_sheet"":""中央国家行政机关省级以下直属机构"",""filter_version"":""government_tech_v2"",""tech_filter"":{""is_tech"":true,""is_core_tech"":true,""scope"":""core"",""categories"":[""computer_software""],""matched_fields"":[""major"",""description""],""major_terms"":[""大数据""],""role_terms"":[""智慧""],""reason"":""tech_major_and_role""},""original"":{""部门代码"":""129116"",""部门名称"":""杭州海关"",""用人司局"":""钱江海关"",""机构性质"":""中央国家行政机关省级以下直属机构"",""招考职位"":""统计分析四级主办及以下"",""职位属性"":""普通职位"",""职位分布"":""其他职位"",""职位简介"":""从事海关统计分析工作，以及智慧海关建设管理工作。"",""职位代码"":""300110001005"",""机构层级"":""市（地）级"",""考试类别"":""行政执法类"",""招考人数"":""1"",""专业"":""统计学、应用统计学、数学与应用数学、数据计算及应用、经济统计学、信息管理与信息系统、大数据管理与应用、管理科学与工程"",""学历"":""本科或硕士研究生"",""学位"":""与最高学历相对应的学位"",""政治面貌"":""不限"",""基层工作最低年限"":""无限制"",""服务基层项目工作经历"":""无限制"",""是否在面试阶段组织专业能力测试"":""否"",""面试人员比例"":""3:1"",""工作地点"":""浙江省杭州市"",""落户地点"":""浙江省杭州市"",""备注"":""限2024届高校毕业生；本科生大学英语四级考试425分及以上，研究生大学英语六级考试425分及以上；现场一线岗位；本职位所指专业为具体专业名称；考生必须具备与填报学历及专业相应的学位；服从关区二次调配。"",""部门网站"":""hangzhou.customs.gov.cn"",""咨询电话1"":""0571-87267215"",""咨询电话2"":""0571-87267216"",""咨询电话3"":"""",""来源Sheet"":""中央国家行政机关省级以下直属机构""}}"
"government_jobs","国家公务员2024招考简章","公务员/事业单位技术岗位","浙江省舟山市","2026-07-28T09:12:58.310295+00:00","统计分析一级行政执法员","杭州海关","","浙江省舟山市","公务员/事业单位;2024;computer_software;仅限本科;学士;经济统计学、统计学、应用统计学、数据计算及应用、数据科学与大数据技术、大数据管理与应用;行政执法类","用人司局：舟山海关
职位简介：从事海关统计分析工作，以及智慧海关建设管理工作。
专业要求：经济统计学、统计学、应用统计学、数据计算及应用、数据科学与大数据技术、大数据管理与应用
学历要求：仅限本科
学位要求：学士
政治面貌：不限
基层工作经历：无限制
考试类别：行政执法类
备注：限2024届高校毕业生；大学英语四级考试425分及以上；现场一线岗位；本职位所指专业为具体专业名称；考生必须具备与填报学历及专业相应的学位；服从关区二次调配。","https://www.xuanhan.gov.cn/xxgk-show-77635.html#129116-300110004004","2023-10-15","{""dataset_year"":2024,""job_uid"":""GOV-2024-129116-300110004004"",""publisher"":""国家公务员局"",""publication_page"":""https://www.xuanhan.gov.cn/xxgk-show-77635.html"",""attachment_url"":""https://www.xuanhan.gov.cn/uploadfile/1/Attachment/638fdecf51.zip"",""local_source_file"":""中央机关及其直属机构2024年度考试录用公务员招考简章.xls"",""local_source_sha256"":""a1741b99dbecd6d03e533f99f2d69b0fa5a79733e551b80af69986ceed2ad996"",""source_sheet"":""中央国家行政机关省级以下直属机构"",""filter_version"":""government_tech_v2"",""tech_filter"":{""is_tech"":true,""is_core_tech"":true,""scope"":""core"",""categories"":[""computer_software""],""matched_fields"":[""major"",""description""],""major_terms"":[""大数据"",""数据科学与大数据技术""],""role_terms"":[""智慧""],""reason"":""tech_major_and_role""},""original"":{""部门代码"":""129116"",""部门名称"":""杭州海关"",""用人司局"":""舟山海关"",""机构性质"":""中央国家行政机关省级以下直属机构"",""招考职位"":""统计分析一级行政执法员"",""职位属性"":""普通职位"",""职位分布"":""其他职位"",""职位简介"":""从事海关统计分析工作，以及智慧海关建设管理工作。"",""职位代码"":""300110004004"",""机构层级"":""县（区）级及以下"",""考试类别"":""行政执法类"",""招考人数"":""1"",""专业"":""经济统计学、统计学、应用统计学、数据计算及应用、数据科学与大数据技术、大数据管理与应用"",""学历"":""仅限本科"",""学位"":""学士"",""政治面貌"":""不限"",""基层工作最低年限"":""无限制"",""服务基层项目工作经历"":""无限制"",""是否在面试阶段组织专业能力测试"":""否"",""面试人员比例"":""3:1"",""工作地点"":""浙江省舟山市"",""落户地点"":""浙江省舟山市"",""备注"":""限2024届高校毕业生；大学英语四级考试425分及以上；现场一线岗位；本职位所指专业为具体专业名称；考生必须具备与填报学历及专业相应的学位；服从关区二次调配。"",""部门网站"":""hangzhou.customs.gov.cn"",""咨询电话1"":""0571-87267215"",""咨询电话2"":""0571-87267216"",""咨询电话3"":"""",""来源Sheet"":""中央国家行政机关省级以下直属机构""}}"
"government_jobs","国家公务员2024招考简章","公务员/事业单位技术岗位","浙江省金华市","2026-07-28T09:12:58.310295+00:00","网络安全管理四级主办及以下","杭州海关","","浙江省金华市","公务员/事业单位;2024;computer_software;cybersecurity_cryptography;本科或硕士研究生;与最高学历相对应的学位;信息安全、网络空间安全、网络工程、网络与信息安全;行政执法类","用人司局：金华海关
职位简介：从事海关技术运维、信息安全、网络安全工作，以及智慧海关建设管理工作。
专业要求：信息安全、网络空间安全、网络工程、网络与信息安全
学历要求：本科或硕士研究生
学位要求：与最高学历相对应的学位
政治面貌：中共党员
基层工作经历：无限制
考试类别：行政执法类
备注：限2024届高校毕业生；本科生大学英语四级考试425分及以上，研究生大学英语六级考试425分及以上；现场一线岗位；本职位所指专业为具体专业名称；考生必须具备与填报学历及专业相应的学位；服从关区二次调配。","https://www.xuanhan.gov.cn/xxgk-show-77635.html#129116-300110009003","2023-10-15","{""dataset_year"":2024,""job_uid"":""GOV-2024-129116-300110009003"",""publisher"":""国家公务员局"",""publication_page"":""https://www.xuanhan.gov.cn/xxgk-show-77635.html"",""attachment_url"":""https://www.xuanhan.gov.cn/uploadfile/1/Attachment/638fdecf51.zip"",""local_source_file"":""中央机关及其直属机构2024年度考试录用公务员招考简章.xls"",""local_source_sha256"":""a1741b99dbecd6d03e533f99f2d69b0fa5a79733e551b80af69986ceed2ad996"",""source_sheet"":""中央国家行政机关省级以下直属机构"",""filter_version"":""government_tech_v2"",""tech_filter"":{""is_tech"":true,""is_core_tech"":true,""scope"":""core"",""categories"":[""computer_software"",""cybersecurity_cryptography""],""matched_fields"":[""major"",""job_title"",""description""],""major_terms"":[""信息安全"",""网络工程"",""网络空间安全""],""role_terms"":[""信息安全"",""智慧"",""网络安全""],""reason"":""tech_major_and_role""},""original"":{""部门代码"":""129116"",""部门名称"":""杭州海关"",""用人司局"":""金华海关"",""机构性质"":""中央国家行政机关省级以下直属机构"",""招考职位"":""网络安全管理四级主办及以下"",""职位属性"":""普通职位"",""职位分布"":""其他职位"",""职位简介"":""从事海关技术运维、信息安全、网络安全工作，以及智慧海关建设管理工作。"",""职位代码"":""300110009003"",""机构层级"":""县（区）级及以下"",""考试类别"":""行政执法类"",""招考人数"":""1"",""专业"":""信息安全、网络空间安全、网络工程、网络与信息安全"",""学历"":""本科或硕士研究生"",""学位"":""与最高学历相对应的学位"",""政治面貌"":""中共党员"",""基层工作最低年限"":""无限制"",""服务基层项目工作经历"":""无限制"",""是否在面试阶段组织专业能力测试"":""否"",""面试人员比例"":""3:1"",""工作地点"":""浙江省金华市"",""落户地点"":""浙江省金华市"",""备注"":""限2024届高校毕业生；本科生大学英语四级考试425分及以上，研究生大学英语六级考试425分及以上；现场一线岗位；本职位所指专业为具体专业名称；考生必须具备与填报学历及专业相应的学位；服从关区二次调配。"",""部门网站"":""hangzhou.customs.gov.cn"",""咨询电话1"":""0571-87267215"",""咨询电话2"":""0571-87267216"",""咨询电话3"":"""",""来源Sheet"":""中央国家行政机关省级以下直属机构""}}"
"government_jobs","国家公务员2024招考简章","公务员/事业单位技术岗位","安徽省","2026-07-28T09:12:58.310295+00:00","海关科技一级行政执法员","合肥海关","","安徽省","公务员/事业单位;2024;computer_software;cybersecurity_cryptography;仅限本科;学士;计算机科学与技术、软件工程、网络工程、信息安全、数字媒体技术;行政执法类","用人司局：安庆海关
职位简介：从事海关科技管理、信息安全以及智慧海关建设管理工作。
专业要求：计算机科学与技术、软件工程、网络工程、信息安全、数字媒体技术
学历要求：仅限本科
学位要求：学士
政治面貌：不限
基层工作经历：无限制
考试类别：行政执法类
备注：限2024届高校毕业生；大学英语四级考试425分及以上；现场一线岗位；本职位所指专业为具体专业名称；考生必须具备与填报学历及专业相应的学位；住宿自理；服从关区二次调配。","https://www.xuanhan.gov.cn/xxgk-show-77635.html#129118-300110002001","2023-10-15","{""dataset_year"":2024,""job_uid"":""GOV-2024-129118-300110002001"",""publisher"":""国家公务员局"",""publication_page"":""https://www.xuanhan.gov.cn/xxgk-show-77635.html"",""attachment_url"":""https://www.xuanhan.gov.cn/uploadfile/1/Attachment/638fdecf51.zip"",""local_source_file"":""中央机关及其直属机构2024年度考试录用公务员招考简章.xls"",""local_source_sha256"":""a1741b99dbecd6d03e533f99f2d69b0fa5a79733e551b80af69986ceed2ad996"",""source_sheet"":""中央国家行政机关省级以下直属机构"",""filter_version"":""government_tech_v2"",""tech_filter"":{""is_tech"":true,""is_core_tech"":true,""scope"":""core"",""categories"":[""computer_software"",""cybersecurity_cryptography""],""matched_fields"":[""major"",""description""],""major_terms"":[""信息安全"",""数字媒体技术"",""网络工程"",""计算机科学与技术"",""软件工程""],""role_terms"":[""信息安全"",""智慧""],""reason"":""tech_major_and_role""},""original"":{""部门代码"":""129118"",""部门名称"":""合肥海关"",""用人司局"":""安庆海关"",""机构性质"":""中央国家行政机关省级以下直属机构"",""招考职位"":""海关科技一级行政执法员"",""职位属性"":""普通职位"",""职位分布"":""其他职位"",""职位简介"":""从事海关科技管理、信息安全以及智慧海关建设管理工作。"",""职位代码"":""300110002001"",""机构层级"":""县（区）级及以下"",""考试类别"":""行政执法类"",""招考人数"":""1"",""专业"":""计算机科学与技术、软件工程、网络工程、信息安全、数字媒体技术"",""学历"":""仅限本科"",""学位"":""学士"",""政治面貌"":""不限"",""基层工作最低年限"":""无限制"",""服务基层项目工作经历"":""无限制"",""是否在面试阶段组织专业能力测试"":""否"",""面试人员比例"":""3:1"",""工作地点"":""安徽省"",""落户地点"":""安徽省"",""备注"":""限2024届高校毕业生；大学英语四级考试425分及以上；现场一线岗位；本职位所指专业为具体专业名称；考生必须具备与填报学历及专业相应的学位；住宿自理；服从关区二次调配。"",""部门网站"":""http://hefei.customs.gov.cn"",""咨询电话1"":""0551-63549701"",""咨询电话2"":""0551-63549512"",""咨询电话3"":""0551-63549828"",""来源Sheet"":""中央国家行政机关省级以下直属机构""}}"
"government_jobs","国家公务员2024招考简章","公务员/事业单位技术岗位","安徽省","2026-07-28T09:12:58.310295+00:00","海关科技一级行政执法员","合肥海关","","安徽省","公务员/事业单位;2024;computer_software;cybersecurity_cryptography;仅限本科;学士;计算机科学与技术、软件工程、网络工程、信息安全、数字媒体技术;行政执法类","用人司局：铜陵海关
职位简介：从事海关科技管理、信息安全以及智慧海关建设管理工作。
专业要求：计算机科学与技术、软件工程、网络工程、信息安全、数字媒体技术
学历要求：仅限本科
学位要求：学士
政治面貌：不限
基层工作经历：无限制
考试类别：行政执法类
备注：限2024届高校毕业生；大学英语四级考试425分及以上；现场一线岗位；本职位所指专业为具体专业名称；考生必须具备与填报学历及专业相应的学位；住宿自理；服从关区二次调配。","https://www.xuanhan.gov.cn/xxgk-show-77635.html#129118-300110006001","2023-10-15","{""dataset_year"":2024,""job_uid"":""GOV-2024-129118-300110006001"",""publisher"":""国家公务员局"",""publication_page"":""https://www.xuanhan.gov.cn/xxgk-show-77635.html"",""attachment_url"":""https://www.xuanhan.gov.cn/uploadfile/1/Attachment/638fdecf51.zip"",""local_source_file"":""中央机关及其直属机构2024年度考试录用公务员招考简章.xls"",""local_source_sha256"":""a1741b99dbecd6d03e533f99f2d69b0fa5a79733e551b80af69986ceed2ad996"",""source_sheet"":""中央国家行政机关省级以下直属机构"",""filter_version"":""government_tech_v2"",""tech_filter"":{""is_tech"":true,""is_core_tech"":true,""scope"":""core"",""categories"":[""computer_software"",""cybersecurity_cryptography""],""matched_fields"":[""major"",""description""],""major_terms"":[""信息安全"",""数字媒体技术"",""网络工程"",""计算机科学与技术"",""软件工程""],""role_terms"":[""信息安全"",""智慧""],""reason"":""tech_major_and_role""},""original"":{""部门代码"":""129118"",""部门名称"":""合肥海关"",""用人司局"":""铜陵海关"",""机构性质"":""中央国家行政机关省级以下直属机构"",""招考职位"":""海关科技一级行政执法员"",""职位属性"":""普通职位"",""职位分布"":""其他职位"",""职位简介"":""从事海关科技管理、信息安全以及智慧海关建设管理工作。"",""职位代码"":""300110006001"",""机构层级"":""县（区）级及以下"",""考试类别"":""行政执法类"",""招考人数"":""1"",""专业"":""计算机科学与技术、软件工程、网络工程、信息安全、数字媒体技术"",""学历"":""仅限本科"",""学位"":""学士"",""政治面貌"":""不限"",""基层工作最低年限"":""无限制"",""服务基层项目工作经历"":""无限制"",""是否在面试阶段组织专业能力测试"":""否"",""面试人员比例"":""3:1"",""工作地点"":""安徽省"",""落户地点"":""安徽省"",""备注"":""限2024届高校毕业生；大学英语四级考试425分及以上；现场一线岗位；本职位所指专业为具体专业名称；考生必须具备与填报学历及专业相应的学位；住宿自理；服从关区二次调配。"",""部门网站"":""http://hefei.customs.gov.cn"",""咨询电话1"":""0551-63549701"",""咨询电话2"":""0551-63549512"",""咨询电话3"":""0551-63549828"",""来源Sheet"":""中央国家行政机关省级以下直属机构""}}"
"government_jobs","国家公务员2024招考简章","公务员/事业单位技术岗位","福建省福州市马尾区","2026-07-28T09:12:58.310295+00:00","海关监管四级主办及以下","福州海关","","福建省福州市马尾区","公务员/事业单位;2024;computer_software;cybersecurity_cryptography;data_ai;本科或硕士研究生;与最高学历相对应的学位;计算机科学与技术、计算机应用技术、计算机软件与理论、软件工程、网络工程、信息安全、计算机技术、网络与信息安全、人工智能、智能科学与技术、智能无人系统技术、物联网工程、信息工程、空间信息与数字技术、数学与应用数学、数据计算及应用;行政执法类","用人司局：马尾海关
职位简介：从事进出境货物、运输工具查验，智慧监管，以及扫描图像智能分析和技术应用管理工作。
专业要求：计算机科学与技术、计算机应用技术、计算机软件与理论、软件工程、网络工程、信息安全、计算机技术、网络与信息安全、人工智能、智能科学与技术、智能无人系统技术、物联网工程、信息工程、空间信息与数字技术、数学与应用数学、数据计算及应用
学历要求：本科或硕士研究生
学位要求：与最高学历相对应的学位
政治面貌：不限
基层工作经历：无限制
考试类别：行政执法类
备注：限2024届高校毕业生；本科生大学英语四级考试425分及以上，研究生大学英语六级考试425分及以上；现场一线岗位；身体条件须符合《公务员录用体检特殊标准（试行）》；本职位所指专业为具体专业名称；考生必须具备与填报学历及专业相应的学位；服从关区二次调配。","https://www.xuanhan.gov.cn/xxgk-show-77635.html#129119-300110004004","2023-10-15","{""dataset_year"":2024,""job_uid"":""GOV-2024-129119-300110004004"",""publisher"":""国家公务员局"",""publication_page"":""https://www.xuanhan.gov.cn/xxgk-show-77635.html"",""attachment_url"":""https://www.xuanhan.gov.cn/uploadfile/1/Attachment/638fdecf51.zip"",""local_source_file"":""中央机关及其直属机构2024年度考试录用公务员招考简章.xls"",""local_source_sha256"":""a1741b99dbecd6d03e533f99f2d69b0fa5a79733e551b80af69986ceed2ad996"",""source_sheet"":""中央国家行政机关省级以下直属机构"",""filter_version"":""government_tech_v2"",""tech_filter"":{""is_tech"":true,""is_core_tech"":true,""scope"":""core"",""categories"":[""computer_software"",""cybersecurity_cryptography"",""data_ai""],""matched_fields"":[""major"",""description""],""major_terms"":[""人工智能"",""信息安全"",""智能科学与技术"",""物联网工程"",""空间信息与数字技术"",""网络工程"",""计算机"",""计算机技术"",""计算机科学与技术"",""软件工程""],""role_terms"":[""智慧"",""智能分析""],""reason"":""tech_major_and_role""},""original"":{""部门代码"":""129119"",""部门名称"":""福州海关"",""用人司局"":""马尾海关"",""机构性质"":""中央国家行政机关省级以下直属机构"",""招考职位"":""海关监管四级主办及以下"",""职位属性"":""普通职位"",""职位分布"":""其他职位"",""职位简介"":""从事进出境货物、运输工具查验，智慧监管，以及扫描图像智能分析和技术应用管理工作。"",""职位代码"":""300110004004"",""机构层级"":""县（区）级及以下"",""考试类别"":""行政执法类"",""招考人数"":""1"",""专业"":""计算机科学与技术、计算机应用技术、计算机软件与理论、软件工程、网络工程、信息安全、计算机技术、网络与信息安全、人工智能、智能科学与技术、智能无人系统技术、物联网工程、信息工程、空间信息与数字技术、数学与应用数学、数据计算及应用"",""学历"":""本科或硕士研究生"",""学位"":""与最高学历相对应的学位"",""政治面貌"":""不限"",""基层工作最低年限"":""无限制"",""服务基层项目工作经历"":""无限制"",""是否在面试阶段组织专业能力测试"":""否"",""面试人员比例"":""3:1"",""工作地点"":""福建省福州市马尾区"",""落户地点"":""福建省福州市马尾区"",""备注"":""限2024届高校毕业生；本科生大学英语四级考试425分及以上，研究生大学英语六级考试425分及以上；现场一线岗位；身体条件须符合《公务员录用体检特殊标准（试行）》；本职位所指专业为具体专业名称；考生必须具备与填报学历及专业相应的学位；服从关区二次调配。"",""部门网站"":""http://fuzhou.customs.gov.cn/"",""咨询电话1"":""0591-87081272"",""咨询电话2"":""0591-87081282"",""咨询电话3"":""0591-87081255"",""来源Sheet"":""中央国家行政机关省级以下直属机构""}}"
"government_jobs","国家公务员2024招考简章","公务员/事业单位技术岗位","福建省三明市","2026-07-28T09:12:58.310295+00:00","计算机技术四级主办及以下","福州海关","","福建省三明市","公务员/事业单位;2024;computer_software;cybersecurity_cryptography;electronics_communication;本科或硕士研究生;与最高学历相对应的学位;计算机科学与技术、计算机应用技术、计算机系统结构、计算机软件与理论、软件工程、网络工程、信息安全、计算机技术、网络与信息安全、人工智能、智能科学与技术、智能无人系统技术、电子科学与技术、物联网工程、信息工程;行政执法类","用人司局：三明海关
职位简介：从事智慧海关建设、计算机安全管理工作。
专业要求：计算机科学与技术、计算机应用技术、计算机系统结构、计算机软件与理论、软件工程、网络工程、信息安全、计算机技术、网络与信息安全、人工智能、智能科学与技术、智能无人系统技术、电子科学与技术、物联网工程、信息工程
学历要求：本科或硕士研究生
学位要求：与最高学历相对应的学位
政治面貌：不限
基层工作经历：无限制
考试类别：行政执法类
备注：限2024届高校毕业生；本科生大学英语四级考试425分及以上，研究生大学英语六级考试425分及以上；现场一线岗位；本职位所指专业为具体专业名称；考生必须具备与填报学历及专业相应的学位；服从关区二次调配。","https://www.xuanhan.gov.cn/xxgk-show-77635.html#129119-300110006002","2023-10-15","{""dataset_year"":2024,""job_uid"":""GOV-2024-129119-300110006002"",""publisher"":""国家公务员局"",""publication_page"":""https://www.xuanhan.gov.cn/xxgk-show-77635.html"",""attachment_url"":""https://www.xuanhan.gov.cn/uploadfile/1/Attachment/638fdecf51.zip"",""local_source_file"":""中央机关及其直属机构2024年度考试录用公务员招考简章.xls"",""local_source_sha256"":""a1741b99dbecd6d03e533f99f2d69b0fa5a79733e551b80af69986ceed2ad996"",""source_sheet"":""中央国家行政机关省级以下直属机构"",""filter_version"":""government_tech_v2"",""tech_filter"":{""is_tech"":true,""is_core_tech"":true,""scope"":""core"",""categories"":[""computer_software"",""cybersecurity_cryptography"",""electronics_communication""],""matched_fields"":[""major"",""job_title"",""description""],""major_terms"":[""人工智能"",""信息安全"",""智能科学与技术"",""物联网工程"",""电子科学与技术"",""网络工程"",""计算机"",""计算机技术"",""计算机科学与技术"",""软件工程""],""role_terms"":[""智慧"",""计算机""],""reason"":""tech_major_and_role""},""original"":{""部门代码"":""129119"",""部门名称"":""福州海关"",""用人司局"":""三明海关"",""机构性质"":""中央国家行政机关省级以下直属机构"",""招考职位"":""计算机技术四级主办及以下"",""职位属性"":""普通职位"",""职位分布"":""其他职位"",""职位简介"":""从事智慧海关建设、计算机安全管理工作。"",""职位代码"":""300110006002"",""机构层级"":""县（区）级及以下"",""考试类别"":""行政执法类"",""招考人数"":""1"",""专业"":""计算机科学与技术、计算机应用技术、计算机系统结构、计算机软件与理论、软件工程、网络工程、信息安全、计算机技术、网络与信息安全、人工智能、智能科学与技术、智能无人系统技术、电子科学与技术、物联网工程、信息工程"",""学历"":""本科或硕士研究生"",""学位"":""与最高学历相对应的学位"",""政治面貌"":""不限"",""基层工作最低年限"":""无限制"",""服务基层项目工作经历"":""无限制"",""是否在面试阶段组织专业能力测试"":""否"",""面试人员比例"":""3:1"",""工作地点"":""福建省三明市"",""落户地点"":""福建省三明市"",""备注"":""限2024届高校毕业生；本科生大学英语四级考试425分及以上，研究生大学英语六级考试425分及以上；现场一线岗位；本职位所指专业为具体专业名称；考生必须具备与填报学历及专业相应的学位；服从关区二次调配。"",""部门网站"":""http://fuzhou.customs.gov.cn/"",""咨询电话1"":""0591-87081272"",""咨询电话2"":""0591-87081282"",""咨询电话3"":""0591-87081255"",""来源Sheet"":""中央国家行政机关省级以下直属机构""}}"
"government_jobs","国家公务员2024招考简章","公务员/事业单位技术岗位","福建省福州市平潭县","2026-07-28T09:12:58.310295+00:00","计算机技术四级主办及以下","福州海关","","福建省福州市平潭县","公务员/事业单位;2024;computer_software;cybersecurity_cryptography;electronics_communication;本科或硕士研究生;与最高学历相对应的学位;计算机科学与技术、计算机应用技术、计算机系统结构、计算机软件与理论、软件工程、网络工程、信息安全、计算机技术、网络与信息安全、人工智能、智能科学与技术、智能无人系统技术、电子科学与技术、物联网工程、信息工程;行政执法类","用人司局：平潭海关
职位简介：从事智慧海关建设、计算机安全管理工作。
专业要求：计算机科学与技术、计算机应用技术、计算机系统结构、计算机软件与理论、软件工程、网络工程、信息安全、计算机技术、网络与信息安全、人工智能、智能科学与技术、智能无人系统技术、电子科学与技术、物联网工程、信息工程
学历要求：本科或硕士研究生
学位要求：与最高学历相对应的学位
政治面貌：不限
基层工作经历：无限制
考试类别：行政执法类
备注：限2024届高校毕业生；本科生大学英语四级考试425分及以上，研究生大学英语六级考试425分及以上；现场一线岗位；本职位所指专业为具体专业名称；考生必须具备与填报学历及专业相应的学位；服从关区二次调配。","https://www.xuanhan.gov.cn/xxgk-show-77635.html#129119-300110009002","2023-10-15","{""dataset_year"":2024,""job_uid"":""GOV-2024-129119-300110009002"",""publisher"":""国家公务员局"",""publication_page"":""https://www.xuanhan.gov.cn/xxgk-show-77635.html"",""attachment_url"":""https://www.xuanhan.gov.cn/uploadfile/1/Attachment/638fdecf51.zip"",""local_source_file"":""中央机关及其直属机构2024年度考试录用公务员招考简章.xls"",""local_source_sha256"":""a1741b99dbecd6d03e533f99f2d69b0fa5a79733e551b80af69986ceed2ad996"",""source_sheet"":""中央国家行政机关省级以下直属机构"",""filter_version"":""government_tech_v2"",""tech_filter"":{""is_tech"":true,""is_core_tech"":true,""scope"":""core"",""categories"":[""computer_software"",""cybersecurity_cryptography"",""electronics_communication""],""matched_fields"":[""major"",""job_title"",""description""],""major_terms"":[""人工智能"",""信息安全"",""智能科学与技术"",""物联网工程"",""电子科学与技术"",""网络工程"",""计算机"",""计算机技术"",""计算机科学与技术"",""软件工程""],""role_terms"":[""智慧"",""计算机""],""reason"":""tech_major_and_role""},""original"":{""部门代码"":""129119"",""部门名称"":""福州海关"",""用人司局"":""平潭海关"",""机构性质"":""中央国家行政机关省级以下直属机构"",""招考职位"":""计算机技术四级主办及以下"",""职位属性"":""普通职位"",""职位分布"":""其他职位"",""职位简介"":""从事智慧海关建设、计算机安全管理工作。"",""职位代码"":""300110009002"",""机构层级"":""县（区）级及以下"",""考试类别"":""行政执法类"",""招考人数"":""1"",""专业"":""计算机科学与技术、计算机应用技术、计算机系统结构、计算机软件与理论、软件工程、网络工程、信息安全、计算机技术、网络与信息安全、人工智能、智能科学与技术、智能无人系统技术、电子科学与技术、物联网工程、信息工程"",""学历"":""本科或硕士研究生"",""学位"":""与最高学历相对应的学位"",""政治面貌"":""不限"",""基层工作最低年限"":""无限制"",""服务基层项目工作经历"":""无限制"",""是否在面试阶段组织专业能力测试"":""否"",""面试人员比例"":""3:1"",""工作地点"":""福建省福州市平潭县"",""落户地点"":""福建省福州市平潭县"",""备注"":""限2024届高校毕业生；本科生大学英语四级考试425分及以上，研究生大学英语六级考试425分及以上；现场一线岗位；本职位所指专业为具体专业名称；考生必须具备与填报学历及专业相应的学位；服从关区二次调配。"",""部门网站"":""http://fuzhou.customs.gov.cn/"",""咨询电话1"":""0591-87081272"",""咨询电话2"":""0591-87081282"",""咨询电话3"":""0591-87081255"",""来源Sheet"":""中央国家行政机关省级以下直属机构""}}"
"government_jobs","国家公务员2024招考简章","公务员/事业单位技术岗位","福建省厦门市","2026-07-28T09:12:58.310295+00:00","科技处科技应用四级主管","厦门海关","","福建省厦门市","公务员/事业单位;2024;computer_software;cybersecurity_cryptography;仅限硕士研究生;硕士;计算机系统结构、计算机软件与理论、计算机应用技术、软件工程、网络空间安全;中央机关及其省级直属机构综合管理类","用人司局：厦门海关
职位简介：从事海关国门安全信息技术工作，以及智慧海关建设管理工作。
专业要求：计算机系统结构、计算机软件与理论、计算机应用技术、软件工程、网络空间安全
学历要求：仅限硕士研究生
学位要求：硕士
政治面貌：不限
基层工作经历：二年
考试类别：中央机关及其省级直属机构综合管理类
备注：大学英语六级考试425分及以上；本职位所指专业为具体专业名称；考生必须具备与填报学历及专业相应的学位；专业能力测试安排，详见海关总署网站（www.customs.gov.cn）。","https://www.xuanhan.gov.cn/xxgk-show-77635.html#129120-300110001002","2023-10-15","{""dataset_year"":2024,""job_uid"":""GOV-2024-129120-300110001002"",""publisher"":""国家公务员局"",""publication_page"":""https://www.xuanhan.gov.cn/xxgk-show-77635.html"",""attachment_url"":""https://www.xuanhan.gov.cn/uploadfile/1/Attachment/638fdecf51.zip"",""local_source_file"":""中央机关及其直属机构2024年度考试录用公务员招考简章.xls"",""local_source_sha256"":""a1741b99dbecd6d03e533f99f2d69b0fa5a79733e551b80af69986ceed2ad996"",""source_sheet"":""中央国家行政机关省级以下直属机构"",""filter_version"":""government_tech_v2"",""tech_filter"":{""is_tech"":true,""is_core_tech"":true,""scope"":""core"",""categories"":[""computer_software"",""cybersecurity_cryptography""],""matched_fields"":[""major"",""description""],""major_terms"":[""网络空间安全"",""计算机"",""软件工程""],""role_terms"":[""信息技术"",""智慧""],""reason"":""tech_major_and_role""},""original"":{""部门代码"":""129120"",""部门名称"":""厦门海关"",""用人司局"":""厦门海关"",""机构性质"":""中央国家行政机关省级以下直属机构"",""招考职位"":""科技处科技应用四级主管"",""职位属性"":""普通职位"",""职位分布"":""其他职位"",""职位简介"":""从事海关国门安全信息技术工作，以及智慧海关建设管理工作。"",""职位代码"":""300110001002"",""机构层级"":""省（副省）级"",""考试类别"":""中央机关及其省级直属机构综合管理类"",""招考人数"":""1"",""专业"":""计算机系统结构、计算机软件与理论、计算机应用技术、软件工程、网络空间安全"",""学历"":""仅限硕士研究生"",""学位"":""硕士"",""政治面貌"":""不限"",""基层工作最低年限"":""二年"",""服务基层项目工作经历"":""无限制"",""是否在面试阶段组织专业能力测试"":""是"",""面试人员比例"":""3:1"",""工作地点"":""福建省厦门市"",""落户地点"":""福建省厦门市"",""备注"":""大学英语六级考试425分及以上；本职位所指专业为具体专业名称；考生必须具备与填报学历及专业相应的学位；专业能力测试安排，详见海关总署网站（www.customs.gov.cn）。"",""部门网站"":""http://xiamen.customs.gov.cn"",""咨询电话1"":""0592-2355900"",""咨询电话2"":""0592-2355364"",""咨询电话3"":"""",""来源Sheet"":""中央国家行政机关省级以下直属机构""}}"
"government_jobs","国家公务员2024招考简章","公务员/事业单位技术岗位","福建省厦门市","2026-07-28T09:12:58.310295+00:00","统计一级行政执法员","厦门海关","","福建省厦门市","公务员/事业单位;2024;computer_software;仅限本科;学士;数据科学与大数据技术、大数据管理与应用、统计学、信息与计算科学;行政执法类","用人司局：集同海关
职位简介：从事海关统计分析工作，以及智慧海关建设管理工作。
专业要求：数据科学与大数据技术、大数据管理与应用、统计学、信息与计算科学
学历要求：仅限本科
学位要求：学士
政治面貌：不限
基层工作经历：无限制
考试类别：行政执法类
备注：限2024届高校毕业生；大学英语四级考试425分及以上；本职位所指专业为具体专业名称；考生必须具备与填报学历及专业相应的学位；服从关区二次调配。","https://www.xuanhan.gov.cn/xxgk-show-77635.html#129120-300110005001","2023-10-15","{""dataset_year"":2024,""job_uid"":""GOV-2024-129120-300110005001"",""publisher"":""国家公务员局"",""publication_page"":""https://www.xuanhan.gov.cn/xxgk-show-77635.html"",""attachment_url"":""https://www.xuanhan.gov.cn/uploadfile/1/Attachment/638fdecf51.zip"",""local_source_file"":""中央机关及其直属机构2024年度考试录用公务员招考简章.xls"",""local_source_sha256"":""a1741b99dbecd6d03e533f99f2d69b0fa5a79733e551b80af69986ceed2ad996"",""source_sheet"":""中央国家行政机关省级以下直属机构"",""filter_version"":""government_tech_v2"",""tech_filter"":{""is_tech"":true,""is_core_tech"":true,""scope"":""core"",""categories"":[""computer_software""],""matched_fields"":[""major"",""description""],""major_terms"":[""大数据"",""数据科学与大数据技术""],""role_terms"":[""智慧""],""reason"":""tech_major_and_role""},""original"":{""部门代码"":""129120"",""部门名称"":""厦门海关"",""用人司局"":""集同海关"",""机构性质"":""中央国家行政机关省级以下直属机构"",""招考职位"":""统计一级行政执法员"",""职位属性"":""普通职位"",""职位分布"":""其他职位"",""职位简介"":""从事海关统计分析工作，以及智慧海关建设管理工作。"",""职位代码"":""300110005001"",""机构层级"":""县（区）级及以下"",""考试类别"":""行政执法类"",""招考人数"":""1"",""专业"":""数据科学与大数据技术、大数据管理与应用、统计学、信息与计算科学"",""学历"":""仅限本科"",""学位"":""学士"",""政治面貌"":""不限"",""基层工作最低年限"":""无限制"",""服务基层项目工作经历"":""无限制"",""是否在面试阶段组织专业能力测试"":""否"",""面试人员比例"":""3:1"",""工作地点"":""福建省厦门市"",""落户地点"":""福建省厦门市"",""备注"":""限2024届高校毕业生；大学英语四级考试425分及以上；本职位所指专业为具体专业名称；考生必须具备与填报学历及专业相应的学位；服从关区二次调配。"",""部门网站"":""http://xiamen.customs.gov.cn"",""咨询电话1"":""0592-2355900"",""咨询电话2"":""0592-2355364"",""咨询电话3"":"""",""来源Sheet"":""中央国家行政机关省级以下直属机构""}}"
"government_jobs","国家公务员2024招考简章","公务员/事业单位技术岗位","福建省厦门市","2026-07-28T09:12:58.310295+00:00","风险防控四级主管","厦门海关","","福建省厦门市","公务员/事业单位;2024;computer_software;仅限硕士研究生;硕士;大数据管理与应用、统计学、应用统计学、经济统计学、数学与应用数学、计算数学、应用数学、概率论与数理统计;中央机关及其省级直属机构综合管理类","用人司局：厦门海关风险防控分局
职位简介：从事海关风险防控工作，以及智慧海关建设管理工作。
专业要求：大数据管理与应用、统计学、应用统计学、经济统计学、数学与应用数学、计算数学、应用数学、概率论与数理统计
学历要求：仅限硕士研究生
学位要求：硕士
政治面貌：不限
基层工作经历：二年
考试类别：中央机关及其省级直属机构综合管理类
备注：大学英语六级考试425分及以上；本职位所指专业为具体专业名称；考生必须具备与填报学历及专业相应的学位；专业能力测试安排，详见海关总署网站（www.customs.gov.cn）。","https://www.xuanhan.gov.cn/xxgk-show-77635.html#129120-300110011001","2023-10-15","{""dataset_year"":2024,""job_uid"":""GOV-2024-129120-300110011001"",""publisher"":""国家公务员局"",""publication_page"":""https://www.xuanhan.gov.cn/xxgk-show-77635.html"",""attachment_url"":""https://www.xuanhan.gov.cn/uploadfile/1/Attachment/638fdecf51.zip"",""local_source_file"":""中央机关及其直属机构2024年度考试录用公务员招考简章.xls"",""local_source_sha256"":""a1741b99dbecd6d03e533f99f2d69b0fa5a79733e551b80af69986ceed2ad996"",""source_sheet"":""中央国家行政机关省级以下直属机构"",""filter_version"":""government_tech_v2"",""tech_filter"":{""is_tech"":true,""is_core_tech"":true,""scope"":""core"",""categories"":[""computer_software""],""matched_fields"":[""major"",""description""],""major_terms"":[""大数据""],""role_terms"":[""智慧""],""reason"":""tech_major_and_role""},""original"":{""部门代码"":""129120"",""部门名称"":""厦门海关"",""用人司局"":""厦门海关风险防控分局"",""机构性质"":""中央国家行政机关省级以下直属机构"",""招考职位"":""风险防控四级主管"",""职位属性"":""普通职位"",""职位分布"":""其他职位"",""职位简介"":""从事海关风险防控工作，以及智慧海关建设管理工作。"",""职位代码"":""300110011001"",""机构层级"":""省（副省）级"",""考试类别"":""中央机关及其省级直属机构综合管理类"",""招考人数"":""1"",""专业"":""大数据管理与应用、统计学、应用统计学、经济统计学、数学与应用数学、计算数学、应用数学、概率论与数理统计"",""学历"":""仅限硕士研究生"",""学位"":""硕士"",""政治面貌"":""不限"",""基层工作最低年限"":""二年"",""服务基层项目工作经历"":""无限制"",""是否在面试阶段组织专业能力测试"":""是"",""面试人员比例"":""3:1"",""工作地点"":""福建省厦门市"",""落户地点"":""福建省厦门市"",""备注"":""大学英语六级考试425分及以上；本职位所指专业为具体专业名称；考生必须具备与填报学历及专业相应的学位；专业能力测试安排，详见海关总署网站（www.customs.gov.cn）。"",""部门网站"":""http://xiamen.customs.gov.cn"",""咨询电话1"":""0592-2355900"",""咨询电话2"":""0592-2355364"",""咨询电话3"":"""",""来源Sheet"":""中央国家行政机关省级以下直属机构""}}"
"government_jobs","国家公务员2024招考简章","公务员/事业单位技术岗位","江西省","2026-07-28T09:12:58.310295+00:00","办公综合四级主办及以下","南昌海关","","江西省","公务员/事业单位;2024;computer_software;本科或硕士研究生;与最高学历相对应的学位;信息管理与信息系统、大数据管理与应用、档案学、信息资源管理、图书情报;行政执法类","用人司局：吉安海关
职位简介：从事海关办公综合、信息化系统管理，以及智慧海关建设管理工作。
专业要求：信息管理与信息系统、大数据管理与应用、档案学、信息资源管理、图书情报
学历要求：本科或硕士研究生
学位要求：与最高学历相对应的学位
政治面貌：中共党员
基层工作经历：无限制
考试类别：行政执法类
备注：限应届高校毕业生；本科生大学英语四级考试425分及以上，研究生大学英语六级考试425分及以上；现场一线岗位；本职位所指专业为具体专业名称；考生必须具备与填报学历及专业相应的学位；服从关区二次调配。","https://www.xuanhan.gov.cn/xxgk-show-77635.html#129121-300110003001","2023-10-15","{""dataset_year"":2024,""job_uid"":""GOV-2024-129121-300110003001"",""publisher"":""国家公务员局"",""publication_page"":""https://www.xuanhan.gov.cn/xxgk-show-77635.html"",""attachment_url"":""https://www.xuanhan.gov.cn/uploadfile/1/Attachment/638fdecf51.zip"",""local_source_file"":""中央机关及其直属机构2024年度考试录用公务员招考简章.xls"",""local_source_sha256"":""a1741b99dbecd6d03e533f99f2d69b0fa5a79733e551b80af69986ceed2ad996"",""source_sheet"":""中央国家行政机关省级以下直属机构"",""filter_version"":""government_tech_v2"",""tech_filter"":{""is_tech"":true,""is_core_tech"":true,""scope"":""core"",""categories"":[""computer_software""],""matched_fields"":[""major"",""description""],""major_terms"":[""大数据""],""role_terms"":[""信息化"",""智慧""],""reason"":""tech_major_and_role""},""original"":{""部门代码"":""129121"",""部门名称"":""南昌海关"",""用人司局"":""吉安海关"",""机构性质"":""中央国家行政机关省级以下直属机构"",""招考职位"":""办公综合四级主办及以下"",""职位属性"":""普通职位"",""职位分布"":""其他职位"",""职位简介"":""从事海关办公综合、信息化系统管理，以及智慧海关建设管理工作。"",""职位代码"":""300110003001"",""机构层级"":""县（区）级及以下"",""考试类别"":""行政执法类"",""招考人数"":""1"",""专业"":""信息管理与信息系统、大数据管理与应用、档案学、信息资源管理、图书情报"",""学历"":""本科或硕士研究生"",""学位"":""与最高学历相对应的学位"",""政治面貌"":""中共党员"",""基层工作最低年限"":""无限制"",""服务基层项目工作经历"":""无限制"",""是否在面试阶段组织专业能力测试"":""否"",""面试人员比例"":""3:1"",""工作地点"":""江西省"",""落户地点"":""江西省"",""备注"":""限应届高校毕业生；本科生大学英语四级考试425分及以上，研究生大学英语六级考试425分及以上；现场一线岗位；本职位所指专业为具体专业名称；考生必须具备与填报学历及专业相应的学位；服从关区二次调配。"",""部门网站"":""http://nanchang.customs.gov.cn"",""咨询电话1"":""0791-86307224"",""咨询电话2"":""0791-86307573"",""咨询电话3"":""0791-86307074"",""来源Sheet"":""中央国家行政机关省级以下直属机构""}}"
"government_jobs","国家公务员2024招考简章","公务员/事业单位技术岗位","山东省青岛市","2026-07-28T09:12:58.310295+00:00","科技处四级主管及以下","青岛海关","","山东省青岛市","公务员/事业单位;2024;computer_software;本科或硕士研究生;与最高学历相对应的学位;数据科学与大数据技术、计算机科学与技术、智能科学与技术、软件工程、人工智能;中央机关及其省级直属机构综合管理类","用人司局：青岛海关
职位简介：从事海关国门安全信息技术以及智慧海关建设管理工作。
专业要求：数据科学与大数据技术、计算机科学与技术、智能科学与技术、软件工程、人工智能
学历要求：本科或硕士研究生
学位要求：与最高学历相对应的学位
政治面貌：不限
基层工作经历：二年
考试类别：中央机关及其省级直属机构综合管理类
备注：本科生大学英语四级考试425分及以上，研究生大学英语六级考试425分及以上；本职位所指专业为具体专业名称；考生必须具备与填报学历及专业相应的学位；专业能力测试安排，详见海关总署网站（www.customs.gov.cn）。","https://www.xuanhan.gov.cn/xxgk-show-77635.html#129122-300110001001","2023-10-15","{""dataset_year"":2024,""job_uid"":""GOV-2024-129122-300110001001"",""publisher"":""国家公务员局"",""publication_page"":""https://www.xuanhan.gov.cn/xxgk-show-77635.html"",""attachment_url"":""https://www.xuanhan.gov.cn/uploadfile/1/Attachment/638fdecf51.zip"",""local_source_file"":""中央机关及其直属机构2024年度考试录用公务员招考简章.xls"",""local_source_sha256"":""a1741b99dbecd6d03e533f99f2d69b0fa5a79733e551b80af69986ceed2ad996"",""source_sheet"":""中央国家行政机关省级以下直属机构"",""filter_version"":""government_tech_v2"",""tech_filter"":{""is_tech"":true,""is_core_tech"":true,""scope"":""core"",""categories"":[""computer_software""],""matched_fields"":[""major"",""description""],""major_terms"":[""人工智能"",""大数据"",""数据科学与大数据技术"",""智能科学与技术"",""计算机科学与技术"",""软件工程""],""role_terms"":[""信息技术"",""智慧""],""reason"":""tech_major_and_role""},""original"":{""部门代码"":""129122"",""部门名称"":""青岛海关"",""用人司局"":""青岛海关"",""机构性质"":""中央国家行政机关省级以下直属机构"",""招考职位"":""科技处四级主管及以下"",""职位属性"":""普通职位"",""职位分布"":""其他职位"",""职位简介"":""从事海关国门安全信息技术以及智慧海关建设管理工作。"",""职位代码"":""300110001001"",""机构层级"":""省（副省）级"",""考试类别"":""中央机关及其省级直属机构综合管理类"",""招考人数"":""2"",""专业"":""数据科学与大数据技术、计算机科学与技术、智能科学与技术、软件工程、人工智能"",""学历"":""本科或硕士研究生"",""学位"":""与最高学历相对应的学位"",""政治面貌"":""不限"",""基层工作最低年限"":""二年"",""服务基层项目工作经历"":""无限制"",""是否在面试阶段组织专业能力测试"":""是"",""面试人员比例"":""3:1"",""工作地点"":""山东省青岛市"",""落户地点"":""山东省青岛市"",""备注"":""本科生大学英语四级考试425分及以上，研究生大学英语六级考试425分及以上；本职位所指专业为具体专业名称；考生必须具备与填报学历及专业相应的学位；专业能力测试安排，详见海关总署网站（www.customs.gov.cn）。"",""部门网站"":""http://qingdao.customs.gov.cn"",""咨询电话1"":""0532-80886591"",""咨询电话2"":""0532-80886592"",""咨询电话3"":"""",""来源Sheet"":""中央国家行政机关省级以下直属机构""}}"
"government_jobs","国家公务员2024招考简章","公务员/事业单位技术岗位","山东省青岛市","2026-07-28T09:12:58.310295+00:00","风险防控四级主管（一）","青岛海关","","山东省青岛市","公务员/事业单位;2024;computer_software;仅限硕士研究生;硕士;计算机科学与技术、智能科学与技术、软件工程、人工智能;中央机关及其省级直属机构综合管理类","用人司局：海关总署风险防控局（青岛）
职位简介：从事海关风险防控以及智慧海关建设管理工作。
专业要求：计算机科学与技术、智能科学与技术、软件工程、人工智能
学历要求：仅限硕士研究生
学位要求：硕士
政治面貌：不限
基层工作经历：二年
考试类别：中央机关及其省级直属机构综合管理类
备注：大学英语六级考试425分及以上；本职位所指专业为具体专业名称；考生必须具备与填报学历及专业相应的学位；专业能力测试安排，详见海关总署网站（www.customs.gov.cn）。","https://www.xuanhan.gov.cn/xxgk-show-77635.html#129122-300110002001","2023-10-15","{""dataset_year"":2024,""job_uid"":""GOV-2024-129122-300110002001"",""publisher"":""国家公务员局"",""publication_page"":""https://www.xuanhan.gov.cn/xxgk-show-77635.html"",""attachment_url"":""https://www.xuanhan.gov.cn/uploadfile/1/Attachment/638fdecf51.zip"",""local_source_file"":""中央机关及其直属机构2024年度考试录用公务员招考简章.xls"",""local_source_sha256"":""a1741b99dbecd6d03e533f99f2d69b0fa5a79733e551b80af69986ceed2ad996"",""source_sheet"":""中央国家行政机关省级以下直属机构"",""filter_version"":""government_tech_v2"",""tech_filter"":{""is_tech"":true,""is_core_tech"":true,""scope"":""core"",""categories"":[""computer_software""],""matched_fields"":[""major"",""description""],""major_terms"":[""人工智能"",""智能科学与技术"",""计算机科学与技术"",""软件工程""],""role_terms"":[""智慧""],""reason"":""tech_major_and_role""},""original"":{""部门代码"":""129122"",""部门名称"":""青岛海关"",""用人司局"":""海关总署风险防控局（青岛）"",""机构性质"":""中央国家行政机关省级以下直属机构"",""招考职位"":""风险防控四级主管（一）"",""职位属性"":""普通职位"",""职位分布"":""其他职位"",""职位简介"":""从事海关风险防控以及智慧海关建设管理工作。"",""职位代码"":""300110002001"",""机构层级"":""省（副省）级"",""考试类别"":""中央机关及其省级直属机构综合管理类"",""招考人数"":""2"",""专业"":""计算机科学与技术、智能科学与技术、软件工程、人工智能"",""学历"":""仅限硕士研究生"",""学位"":""硕士"",""政治面貌"":""不限"",""基层工作最低年限"":""二年"",""服务基层项目工作经历"":""无限制"",""是否在面试阶段组织专业能力测试"":""是"",""面试人员比例"":""3:1"",""工作地点"":""山东省青岛市"",""落户地点"":""山东省青岛市"",""备注"":""大学英语六级考试425分及以上；本职位所指专业为具体专业名称；考生必须具备与填报学历及专业相应的学位；专业能力测试安排，详见海关总署网站（www.customs.gov.cn）。"",""部门网站"":""http://qingdao.customs.gov.cn"",""咨询电话1"":""0532-80886591"",""咨询电话2"":""0532-80886592"",""咨询电话3"":"""",""来源Sheet"":""中央国家行政机关省级以下直属机构""}}"
"government_jobs","国家公务员2024招考简章","公务员/事业单位技术岗位","山东省烟台市","2026-07-28T09:12:58.310295+00:00","技术工作四级主办及以下","青岛海关","","山东省烟台市","公务员/事业单位;2024;computer_software;electronics_communication;本科或硕士研究生;与最高学历相对应的学位;计算机科学与技术、软件工程、电子与计算机工程、电子信息工程、计算机应用技术、计算机系统结构、计算机软件与理论;行政执法类","用人司局：烟台海关
职位简介：从事海关科技以及智慧海关建设管理工作。
专业要求：计算机科学与技术、软件工程、电子与计算机工程、电子信息工程、计算机应用技术、计算机系统结构、计算机软件与理论
学历要求：本科或硕士研究生
学位要求：与最高学历相对应的学位
政治面貌：不限
基层工作经历：无限制
考试类别：行政执法类
备注：限2024届高校毕业生；本科生大学英语四级考试425分及以上，研究生大学英语六级考试425分及以上；现场一线岗位；本职位所指专业为具体专业名称；考生必须具备与填报学历及专业相应的学位；服从关区二次调配。","https://www.xuanhan.gov.cn/xxgk-show-77635.html#129122-300110004011","2023-10-15","{""dataset_year"":2024,""job_uid"":""GOV-2024-129122-300110004011"",""publisher"":""国家公务员局"",""publication_page"":""https://www.xuanhan.gov.cn/xxgk-show-77635.html"",""attachment_url"":""https://www.xuanhan.gov.cn/uploadfile/1/Attachment/638fdecf51.zip"",""local_source_file"":""中央机关及其直属机构2024年度考试录用公务员招考简章.xls"",""local_source_sha256"":""a1741b99dbecd6d03e533f99f2d69b0fa5a79733e551b80af69986ceed2ad996"",""source_sheet"":""中央国家行政机关省级以下直属机构"",""filter_version"":""government_tech_v2"",""tech_filter"":{""is_tech"":true,""is_core_tech"":true,""scope"":""core"",""categories"":[""computer_software"",""electronics_communication""],""matched_fields"":[""major"",""description""],""major_terms"":[""电子信息工程"",""计算机"",""计算机科学与技术"",""软件工程""],""role_terms"":[""智慧""],""reason"":""tech_major_and_role""},""original"":{""部门代码"":""129122"",""部门名称"":""青岛海关"",""用人司局"":""烟台海关"",""机构性质"":""中央国家行政机关省级以下直属机构"",""招考职位"":""技术工作四级主办及以下"",""职位属性"":""普通职位"",""职位分布"":""其他职位"",""职位简介"":""从事海关科技以及智慧海关建设管理工作。"",""职位代码"":""300110004011"",""机构层级"":""县（区）级及以下"",""考试类别"":""行政执法类"",""招考人数"":""1"",""专业"":""计算机科学与技术、软件工程、电子与计算机工程、电子信息工程、计算机应用技术、计算机系统结构、计算机软件与理论"",""学历"":""本科或硕士研究生"",""学位"":""与最高学历相对应的学位"",""政治面貌"":""不限"",""基层工作最低年限"":""无限制"",""服务基层项目工作经历"":""无限制"",""是否在面试阶段组织专业能力测试"":""否"",""面试人员比例"":""3:1"",""工作地点"":""山东省烟台市"",""落户地点"":""山东省烟台市"",""备注"":""限2024届高校毕业生；本科生大学英语四级考试425分及以上，研究生大学英语六级考试425分及以上；现场一线岗位；本职位所指专业为具体专业名称；考生必须具备与填报学历及专业相应的学位；服从关区二次调配。"",""部门网站"":""http://qingdao.customs.gov.cn"",""咨询电话1"":""0532-80886591"",""咨询电话2"":""0532-80886592"",""咨询电话3"":"""",""来源Sheet"":""中央国家行政机关省级以下直属机构""}}"
"government_jobs","国家公务员2024招考简章","公务员/事业单位技术岗位","山东省青岛市","2026-07-28T09:12:58.310295+00:00","技术工作四级主办及以下","青岛海关","","山东省青岛市","公务员/事业单位;2024;computer_software;electronics_communication;本科或硕士研究生;与最高学历相对应的学位;计算机科学与技术、软件工程、电子与计算机工程、电子信息工程、计算机应用技术、计算机系统结构、计算机软件与理论;行政执法类","用人司局：青岛邮局海关
职位简介：从事海关科技以及智慧海关建设管理工作。
专业要求：计算机科学与技术、软件工程、电子与计算机工程、电子信息工程、计算机应用技术、计算机系统结构、计算机软件与理论
学历要求：本科或硕士研究生
学位要求：与最高学历相对应的学位
政治面貌：不限
基层工作经历：无限制
考试类别：行政执法类
备注：限2024届高校毕业生；本科生大学英语四级考试425分及以上，研究生大学英语六级考试425分及以上；现场一线岗位；本职位所指专业为具体专业名称；考生必须具备与填报学历及专业相应的学位；服从关区二次调配。","https://www.xuanhan.gov.cn/xxgk-show-77635.html#129122-300110008001","2023-10-15","{""dataset_year"":2024,""job_uid"":""GOV-2024-129122-300110008001"",""publisher"":""国家公务员局"",""publication_page"":""https://www.xuanhan.gov.cn/xxgk-show-77635.html"",""attachment_url"":""https://www.xuanhan.gov.cn/uploadfile/1/Attachment/638fdecf51.zip"",""local_source_file"":""中央机关及其直属机构2024年度考试录用公务员招考简章.xls"",""local_source_sha256"":""a1741b99dbecd6d03e533f99f2d69b0fa5a79733e551b80af69986ceed2ad996"",""source_sheet"":""中央国家行政机关省级以下直属机构"",""filter_version"":""government_tech_v2"",""tech_filter"":{""is_tech"":true,""is_core_tech"":true,""scope"":""core"",""categories"":[""computer_software"",""electronics_communication""],""matched_fields"":[""major"",""description""],""major_terms"":[""电子信息工程"",""计算机"",""计算机科学与技术"",""软件工程""],""role_terms"":[""智慧""],""reason"":""tech_major_and_role""},""original"":{""部门代码"":""129122"",""部门名称"":""青岛海关"",""用人司局"":""青岛邮局海关"",""机构性质"":""中央国家行政机关省级以下直属机构"",""招考职位"":""技术工作四级主办及以下"",""职位属性"":""普通职位"",""职位分布"":""其他职位"",""职位简介"":""从事海关科技以及智慧海关建设管理工作。"",""职位代码"":""300110008001"",""机构层级"":""县（区）级及以下"",""考试类别"":""行政执法类"",""招考人数"":""1"",""专业"":""计算机科学与技术、软件工程、电子与计算机工程、电子信息工程、计算机应用技术、计算机系统结构、计算机软件与理论"",""学历"":""本科或硕士研究生"",""学位"":""与最高学历相对应的学位"",""政治面貌"":""不限"",""基层工作最低年限"":""无限制"",""服务基层项目工作经历"":""无限制"",""是否在面试阶段组织专业能力测试"":""否"",""面试人员比例"":""3:1"",""工作地点"":""山东省青岛市"",""落户地点"":""山东省青岛市"",""备注"":""限2024届高校毕业生；本科生大学英语四级考试425分及以上，研究生大学英语六级考试425分及以上；现场一线岗位；本职位所指专业为具体专业名称；考生必须具备与填报学历及专业相应的学位；服从关区二次调配。"",""部门网站"":""http://qingdao.customs.gov.cn"",""咨询电话1"":""0532-80886591"",""咨询电话2"":""0532-80886592"",""咨询电话3"":"""",""来源Sheet"":""中央国家行政机关省级以下直属机构""}}"
"government_jobs","国家公务员2024招考简章","公务员/事业单位技术岗位","山东省威海市","2026-07-28T09:12:58.310295+00:00","统计工作四级主办及以下","青岛海关","","山东省威海市","公务员/事业单位;2024;computer_software;本科或硕士研究生;与最高学历相对应的学位;统计学、应用统计学、经济统计学、应用统计、数学与应用数学、数据计算及应用、计算数学、应用数学、数据科学与大数据技术;行政执法类","用人司局：威海海关
职位简介：从事海关统计分析以及智慧海关建设管理工作。
专业要求：统计学、应用统计学、经济统计学、应用统计、数学与应用数学、数据计算及应用、计算数学、应用数学、数据科学与大数据技术
学历要求：本科或硕士研究生
学位要求：与最高学历相对应的学位
政治面貌：不限
基层工作经历：无限制
考试类别：行政执法类
备注：限2024届高校毕业生；本科生大学英语四级考试425分及以上，研究生大学英语六级考试425分及以上；现场一线岗位；本职位所指专业为具体专业名称；考生必须具备与填报学历及专业相应的学位；服从关区二次调配。","https://www.xuanhan.gov.cn/xxgk-show-77635.html#129122-300110011001","2023-10-15","{""dataset_year"":2024,""job_uid"":""GOV-2024-129122-300110011001"",""publisher"":""国家公务员局"",""publication_page"":""https://www.xuanhan.gov.cn/xxgk-show-77635.html"",""attachment_url"":""https://www.xuanhan.gov.cn/uploadfile/1/Attachment/638fdecf51.zip"",""local_source_file"":""中央机关及其直属机构2024年度考试录用公务员招考简章.xls"",""local_source_sha256"":""a1741b99dbecd6d03e533f99f2d69b0fa5a79733e551b80af69986ceed2ad996"",""source_sheet"":""中央国家行政机关省级以下直属机构"",""filter_version"":""government_tech_v2"",""tech_filter"":{""is_tech"":true,""is_core_tech"":true,""scope"":""core"",""categories"":[""computer_software""],""matched_fields"":[""major"",""description""],""major_terms"":[""大数据"",""数据科学与大数据技术""],""role_terms"":[""智慧""],""reason"":""tech_major_and_role""},""original"":{""部门代码"":""129122"",""部门名称"":""青岛海关"",""用人司局"":""威海海关"",""机构性质"":""中央国家行政机关省级以下直属机构"",""招考职位"":""统计工作四级主办及以下"",""职位属性"":""普通职位"",""职位分布"":""其他职位"",""职位简介"":""从事海关统计分析以及智慧海关建设管理工作。"",""职位代码"":""300110011001"",""机构层级"":""县（区）级及以下"",""考试类别"":""行政执法类"",""招考人数"":""1"",""专业"":""统计学、应用统计学、经济统计学、应用统计、数学与应用数学、数据计算及应用、计算数学、应用数学、数据科学与大数据技术"",""学历"":""本科或硕士研究生"",""学位"":""与最高学历相对应的学位"",""政治面貌"":""不限"",""基层工作最低年限"":""无限制"",""服务基层项目工作经历"":""无限制"",""是否在面试阶段组织专业能力测试"":""否"",""面试人员比例"":""3:1"",""工作地点"":""山东省威海市"",""落户地点"":""山东省威海市"",""备注"":""限2024届高校毕业生；本科生大学英语四级考试425分及以上，研究生大学英语六级考试425分及以上；现场一线岗位；本职位所指专业为具体专业名称；考生必须具备与填报学历及专业相应的学位；服从关区二次调配。"",""部门网站"":""http://qingdao.customs.gov.cn"",""咨询电话1"":""0532-80886591"",""咨询电话2"":""0532-80886592"",""咨询电话3"":"""",""来源Sheet"":""中央国家行政机关省级以下直属机构""}}"
"government_jobs","国家公务员2024招考简章","公务员/事业单位技术岗位","山东省菏泽市","2026-07-28T09:12:58.310295+00:00","技术工作四级主办及以下","青岛海关","","山东省菏泽市","公务员/事业单位;2024;computer_software;cybersecurity_cryptography;electronics_communication;本科或硕士研究生;与最高学历相对应的学位;计算机科学与技术、软件工程、网络工程、网络空间安全、信息安全、电子与计算机工程、电子信息工程、计算机应用技术、计算机系统结构、计算机软件与理论、人工智能、数据科学与大数据技术;行政执法类","用人司局：菏泽海关
职位简介：从事海关科技以及智慧海关建设管理工作。
专业要求：计算机科学与技术、软件工程、网络工程、网络空间安全、信息安全、电子与计算机工程、电子信息工程、计算机应用技术、计算机系统结构、计算机软件与理论、人工智能、数据科学与大数据技术
学历要求：本科或硕士研究生
学位要求：与最高学历相对应的学位
政治面貌：不限
基层工作经历：无限制
考试类别：行政执法类
备注：限2024届高校毕业生；本科生大学英语四级考试425分及以上，研究生大学英语六级考试425分及以上；现场一线岗位；本职位所指专业为具体专业名称；考生必须具备与填报学历及专业相应的学位；服从关区二次调配。","https://www.xuanhan.gov.cn/xxgk-show-77635.html#129122-300110016002","2023-10-15","{""dataset_year"":2024,""job_uid"":""GOV-2024-129122-300110016002"",""publisher"":""国家公务员局"",""publication_page"":""https://www.xuanhan.gov.cn/xxgk-show-77635.html"",""attachment_url"":""https://www.xuanhan.gov.cn/uploadfile/1/Attachment/638fdecf51.zip"",""local_source_file"":""中央机关及其直属机构2024年度考试录用公务员招考简章.xls"",""local_source_sha256"":""a1741b99dbecd6d03e533f99f2d69b0fa5a79733e551b80af69986ceed2ad996"",""source_sheet"":""中央国家行政机关省级以下直属机构"",""filter_version"":""government_tech_v2"",""tech_filter"":{""is_tech"":true,""is_core_tech"":true,""scope"":""core"",""categories"":[""computer_software"",""cybersecurity_cryptography"",""electronics_communication""],""matched_fields"":[""major"",""description""],""major_terms"":[""人工智能"",""信息安全"",""大数据"",""数据科学与大数据技术"",""电子信息工程"",""网络工程"",""网络空间安全"",""计算机"",""计算机科学与技术"",""软件工程""],""role_terms"":[""智慧""],""reason"":""tech_major_and_role""},""original"":{""部门代码"":""129122"",""部门名称"":""青岛海关"",""用人司局"":""菏泽海关"",""机构性质"":""中央国家行政机关省级以下直属机构"",""招考职位"":""技术工作四级主办及以下"",""职位属性"":""普通职位"",""职位分布"":""其他职位"",""职位简介"":""从事海关科技以及智慧海关建设管理工作。"",""职位代码"":""300110016002"",""机构层级"":""县（区）级及以下"",""考试类别"":""行政执法类"",""招考人数"":""1"",""专业"":""计算机科学与技术、软件工程、网络工程、网络空间安全、信息安全、电子与计算机工程、电子信息工程、计算机应用技术、计算机系统结构、计算机软件与理论、人工智能、数据科学与大数据技术"",""学历"":""本科或硕士研究生"",""学位"":""与最高学历相对应的学位"",""政治面貌"":""不限"",""基层工作最低年限"":""无限制"",""服务基层项目工作经历"":""无限制"",""是否在面试阶段组织专业能力测试"":""否"",""面试人员比例"":""3:1"",""工作地点"":""山东省菏泽市"",""落户地点"":""山东省菏泽市"",""备注"":""限2024届高校毕业生；本科生大学英语四级考试425分及以上，研究生大学英语六级考试425分及以上；现场一线岗位；本职位所指专业为具体专业名称；考生必须具备与填报学历及专业相应的学位；服从关区二次调配。"",""部门网站"":""http://qingdao.customs.gov.cn"",""咨询电话1"":""0532-80886591"",""咨询电话2"":""0532-80886592"",""咨询电话3"":"""",""来源Sheet"":""中央国家行政机关省级以下直属机构""}}"
"government_jobs","国家公务员2024招考简章","公务员/事业单位技术岗位","山东省烟台市","2026-07-28T09:12:58.310295+00:00","综合业务一级行政执法员","青岛海关","","山东省烟台市","公务员/事业单位;2024;computer_software;cybersecurity_cryptography;仅限本科;学士;会计学、财务管理、动物医学、动植物检疫、兽医公共卫生、农学、植物保护、植物科学与技术、种子科学与工程、预防医学、临床医学、卫生检验与检疫、卫生监督、计算机科学与技术、软件工程、网络工程、信息安全、电子与计算机工程;行政执法类","用人司局：海阳海关
职位简介：从事海关综合业务以及智慧海关建设管理工作。
专业要求：会计学、财务管理、动物医学、动植物检疫、兽医公共卫生、农学、植物保护、植物科学与技术、种子科学与工程、预防医学、临床医学、卫生检验与检疫、卫生监督、计算机科学与技术、软件工程、网络工程、信息安全、电子与计算机工程
学历要求：仅限本科
学位要求：学士
政治面貌：不限
基层工作经历：无限制
考试类别：行政执法类
备注：限2024届高校毕业生；大学英语四级考试425分及以上；现场一线岗位；本职位所指专业为具体专业名称；考生必须具备与填报学历及专业相应的学位；服从关区二次调配。","https://www.xuanhan.gov.cn/xxgk-show-77635.html#129122-300110020001","2023-10-15","{""dataset_year"":2024,""job_uid"":""GOV-2024-129122-300110020001"",""publisher"":""国家公务员局"",""publication_page"":""https://www.xuanhan.gov.cn/xxgk-show-77635.html"",""attachment_url"":""https://www.xuanhan.gov.cn/uploadfile/1/Attachment/638fdecf51.zip"",""local_source_file"":""中央机关及其直属机构2024年度考试录用公务员招考简章.xls"",""local_source_sha256"":""a1741b99dbecd6d03e533f99f2d69b0fa5a79733e551b80af69986ceed2ad996"",""source_sheet"":""中央国家行政机关省级以下直属机构"",""filter_version"":""government_tech_v2"",""tech_filter"":{""is_tech"":true,""is_core_tech"":true,""scope"":""core"",""categories"":[""computer_software"",""cybersecurity_cryptography""],""matched_fields"":[""major"",""description""],""major_terms"":[""信息安全"",""网络工程"",""计算机"",""计算机科学与技术"",""软件工程""],""role_terms"":[""智慧""],""reason"":""tech_major_and_role""},""original"":{""部门代码"":""129122"",""部门名称"":""青岛海关"",""用人司局"":""海阳海关"",""机构性质"":""中央国家行政机关省级以下直属机构"",""招考职位"":""综合业务一级行政执法员"",""职位属性"":""普通职位"",""职位分布"":""其他职位"",""职位简介"":""从事海关综合业务以及智慧海关建设管理工作。"",""职位代码"":""300110020001"",""机构层级"":""县（区）级及以下"",""考试类别"":""行政执法类"",""招考人数"":""1"",""专业"":""会计学、财务管理、动物医学、动植物检疫、兽医公共卫生、农学、植物保护、植物科学与技术、种子科学与工程、预防医学、临床医学、卫生检验与检疫、卫生监督、计算机科学与技术、软件工程、网络工程、信息安全、电子与计算机工程"",""学历"":""仅限本科"",""学位"":""学士"",""政治面貌"":""不限"",""基层工作最低年限"":""无限制"",""服务基层项目工作经历"":""无限制"",""是否在面试阶段组织专业能力测试"":""否"",""面试人员比例"":""3:1"",""工作地点"":""山东省烟台市"",""落户地点"":""山东省烟台市"",""备注"":""限2024届高校毕业生；大学英语四级考试425分及以上；现场一线岗位；本职位所指专业为具体专业名称；考生必须具备与填报学历及专业相应的学位；服从关区二次调配。"",""部门网站"":""http://qingdao.customs.gov.cn"",""咨询电话1"":""0532-80886591"",""咨询电话2"":""0532-80886592"",""咨询电话3"":"""",""来源Sheet"":""中央国家行政机关省级以下直属机构""}}"
"government_jobs","国家公务员2024招考简章","公务员/事业单位技术岗位","山东省","2026-07-28T09:12:58.310295+00:00","业务技术支持一级行政执法员","济南海关","","山东省","公务员/事业单位;2024;computer_software;cybersecurity_cryptography;仅限本科;学士;计算机科学与技术、软件工程、网络工程、信息安全、智能科学与技术、数据科学与大数据技术、人工智能、数学与应用数学、信息与计算科学、数理基础科学、数据计算及应用;行政执法类","用人司局：泰安海关
职位简介：从事现场业务技术支持、智慧海关建设工作。
专业要求：计算机科学与技术、软件工程、网络工程、信息安全、智能科学与技术、数据科学与大数据技术、人工智能、数学与应用数学、信息与计算科学、数理基础科学、数据计算及应用
学历要求：仅限本科
学位要求：学士
政治面貌：不限
基层工作经历：无限制
考试类别：行政执法类
备注：限应届高校毕业生；本科生大学英语四级考试425分及以上；现场一线岗位；本职位所指专业为具体专业名称；考生必须具备与填报学历及专业相应的学位；服从关区二次调配。","https://www.xuanhan.gov.cn/xxgk-show-77635.html#129123-300110003001","2023-10-15","{""dataset_year"":2024,""job_uid"":""GOV-2024-129123-300110003001"",""publisher"":""国家公务员局"",""publication_page"":""https://www.xuanhan.gov.cn/xxgk-show-77635.html"",""attachment_url"":""https://www.xuanhan.gov.cn/uploadfile/1/Attachment/638fdecf51.zip"",""local_source_file"":""中央机关及其直属机构2024年度考试录用公务员招考简章.xls"",""local_source_sha256"":""a1741b99dbecd6d03e533f99f2d69b0fa5a79733e551b80af69986ceed2ad996"",""source_sheet"":""中央国家行政机关省级以下直属机构"",""filter_version"":""government_tech_v2"",""tech_filter"":{""is_tech"":true,""is_core_tech"":true,""scope"":""core"",""categories"":[""computer_software"",""cybersecurity_cryptography""],""matched_fields"":[""major"",""description""],""major_terms"":[""人工智能"",""信息安全"",""大数据"",""数据科学与大数据技术"",""智能科学与技术"",""网络工程"",""计算机科学与技术"",""软件工程""],""role_terms"":[""智慧""],""reason"":""tech_major_and_role""},""original"":{""部门代码"":""129123"",""部门名称"":""济南海关"",""用人司局"":""泰安海关"",""机构性质"":""中央国家行政机关省级以下直属机构"",""招考职位"":""业务技术支持一级行政执法员"",""职位属性"":""普通职位"",""职位分布"":""其他职位"",""职位简介"":""从事现场业务技术支持、智慧海关建设工作。"",""职位代码"":""300110003001"",""机构层级"":""县（区）级及以下"",""考试类别"":""行政执法类"",""招考人数"":""1"",""专业"":""计算机科学与技术、软件工程、网络工程、信息安全、智能科学与技术、数据科学与大数据技术、人工智能、数学与应用数学、信息与计算科学、数理基础科学、数据计算及应用"",""学历"":""仅限本科"",""学位"":""学士"",""政治面貌"":""不限"",""基层工作最低年限"":""无限制"",""服务基层项目工作经历"":""无限制"",""是否在面试阶段组织专业能力测试"":""否"",""面试人员比例"":""3:1"",""工作地点"":""山东省"",""落户地点"":""山东省"",""备注"":""限应届高校毕业生；本科生大学英语四级考试425分及以上；现场一线岗位；本职位所指专业为具体专业名称；考生必须具备与填报学历及专业相应的学位；服从关区二次调配。"",""部门网站"":""http://jinan.customs.gov.cn"",""咨询电话1"":""0531-68696997"",""咨询电话2"":""0531-68696998"",""咨询电话3"":"""",""来源Sheet"":""中央国家行政机关省级以下直属机构""}}"
"government_jobs","国家公务员2024招考简章","公务员/事业单位技术岗位","湖北省武汉市","2026-07-28T09:12:58.310295+00:00","科技处四级主管及以下","武汉海关","","湖北省武汉市","公务员/事业单位;2024;computer_software;cybersecurity_cryptography;electronics_communication;本科或硕士研究生;与最高学历相对应的学位;本科：信息安全、计算机科学与技术、软件工程、网络工程、通信工程、数据科学与大数据技术，研究生：计算机科学及技术类、信息与通信工程类、电子信息类（专业类）;中央机关及其省级直属机构综合管理类","用人司局：武汉海关
职位简介：从事海关国门安全信息技术、智慧海关建设管理工作。
专业要求：本科：信息安全、计算机科学与技术、软件工程、网络工程、通信工程、数据科学与大数据技术，研究生：计算机科学及技术类、信息与通信工程类、电子信息类（专业类）
学历要求：本科或硕士研究生
学位要求：与最高学历相对应的学位
政治面貌：不限
基层工作经历：二年
考试类别：中央机关及其省级直属机构综合管理类
备注：本科生大学英语四级考试425分及以上，研究生大学英语六级考试425分及以上；身体条件须符合《公务员录用体检特殊标准（试行）》；以研究生学历报考者，研究生和本科所学专业需同时符合职位专业要求；考生必须具备与填报学历及专业相应的学位；专业能力测试安排，详见海关总署网站（www.customs.gov.cn）；服从关区二次调配。","https://www.xuanhan.gov.cn/xxgk-show-77635.html#129125-300110001002","2023-10-15","{""dataset_year"":2024,""job_uid"":""GOV-2024-129125-300110001002"",""publisher"":""国家公务员局"",""publication_page"":""https://www.xuanhan.gov.cn/xxgk-show-77635.html"",""attachment_url"":""https://www.xuanhan.gov.cn/uploadfile/1/Attachment/638fdecf51.zip"",""local_source_file"":""中央机关及其直属机构2024年度考试录用公务员招考简章.xls"",""local_source_sha256"":""a1741b99dbecd6d03e533f99f2d69b0fa5a79733e551b80af69986ceed2ad996"",""source_sheet"":""中央国家行政机关省级以下直属机构"",""filter_version"":""government_tech_v2"",""tech_filter"":{""is_tech"":true,""is_core_tech"":true,""scope"":""core"",""categories"":[""computer_software"",""cybersecurity_cryptography"",""electronics_communication""],""matched_fields"":[""major"",""description""],""major_terms"":[""信息与通信工程"",""信息安全"",""大数据"",""数据科学与大数据技术"",""电子信息类"",""网络工程"",""计算机"",""计算机科学与技术"",""软件工程"",""通信工程""],""role_terms"":[""信息技术"",""智慧""],""reason"":""tech_major_and_role""},""original"":{""部门代码"":""129125"",""部门名称"":""武汉海关"",""用人司局"":""武汉海关"",""机构性质"":""中央国家行政机关省级以下直属机构"",""招考职位"":""科技处四级主管及以下"",""职位属性"":""普通职位"",""职位分布"":""其他职位"",""职位简介"":""从事海关国门安全信息技术、智慧海关建设管理工作。"",""职位代码"":""300110001002"",""机构层级"":""省（副省）级"",""考试类别"":""中央机关及其省级直属机构综合管理类"",""招考人数"":""1"",""专业"":""本科：信息安全、计算机科学与技术、软件工程、网络工程、通信工程、数据科学与大数据技术，研究生：计算机科学及技术类、信息与通信工程类、电子信息类（专业类）"",""学历"":""本科或硕士研究生"",""学位"":""与最高学历相对应的学位"",""政治面貌"":""不限"",""基层工作最低年限"":""二年"",""服务基层项目工作经历"":""无限制"",""是否在面试阶段组织专业能力测试"":""是"",""面试人员比例"":""3:1"",""工作地点"":""湖北省武汉市"",""落户地点"":""湖北省武汉市"",""备注"":""本科生大学英语四级考试425分及以上，研究生大学英语六级考试425分及以上；身体条件须符合《公务员录用体检特殊标准（试行）》；以研究生学历报考者，研究生和本科所学专业需同时符合职位专业要求；考生必须具备与填报学历及专业相应的学位；专业能力测试安排，详见海关总署网站（www.customs.gov.cn）；服从关区二次调配。"",""部门网站"":""http://wuhan.customs.gov.cn"",""咨询电话1"":""027-82768307"",""咨询电话2"":""027-82768575"",""咨询电话3"":"""",""来源Sheet"":""中央国家行政机关省级以下直属机构""}}"
"government_jobs","国家公务员2024招考简章","公务员/事业单位技术岗位","湖北省武汉市","2026-07-28T09:12:58.310295+00:00","海关监管四级主办及以下","武汉海关","","湖北省武汉市","公务员/事业单位;2024;computer_software;cybersecurity_cryptography;electronics_communication;本科或硕士研究生;与最高学历相对应的学位;本科：信息安全、计算机科学与技术、软件工程、网络工程、通信工程、数据科学与大数据技术，研究生：计算机科学及技术类、信息与通信工程类、电子信息类（专业类）;行政执法类","用人司局：武昌海关
职位简介：从事进出境货物监管以及智慧海关建设相关工作。
专业要求：本科：信息安全、计算机科学与技术、软件工程、网络工程、通信工程、数据科学与大数据技术，研究生：计算机科学及技术类、信息与通信工程类、电子信息类（专业类）
学历要求：本科或硕士研究生
学位要求：与最高学历相对应的学位
政治面貌：不限
基层工作经历：无限制
考试类别：行政执法类
备注：限2024届高校毕业生；本科生大学英语四级考试425分及以上，研究生大学英语六级考试425分及以上；现场一线岗位；身体条件须符合《公务员录用体检特殊标准（试行）》；以研究生学历报考者，研究生和本科所学专业需同时符合职位专业要求；考生必须具备与填报学历及专业相应的学位；服从关区二次调配。","https://www.xuanhan.gov.cn/xxgk-show-77635.html#129125-300110006001","2023-10-15","{""dataset_year"":2024,""job_uid"":""GOV-2024-129125-300110006001"",""publisher"":""国家公务员局"",""publication_page"":""https://www.xuanhan.gov.cn/xxgk-show-77635.html"",""attachment_url"":""https://www.xuanhan.gov.cn/uploadfile/1/Attachment/638fdecf51.zip"",""local_source_file"":""中央机关及其直属机构2024年度考试录用公务员招考简章.xls"",""local_source_sha256"":""a1741b99dbecd6d03e533f99f2d69b0fa5a79733e551b80af69986ceed2ad996"",""source_sheet"":""中央国家行政机关省级以下直属机构"",""filter_version"":""government_tech_v2"",""tech_filter"":{""is_tech"":true,""is_core_tech"":true,""scope"":""core"",""categories"":[""computer_software"",""cybersecurity_cryptography"",""electronics_communication""],""matched_fields"":[""major"",""description""],""major_terms"":[""信息与通信工程"",""信息安全"",""大数据"",""数据科学与大数据技术"",""电子信息类"",""网络工程"",""计算机"",""计算机科学与技术"",""软件工程"",""通信工程""],""role_terms"":[""智慧""],""reason"":""tech_major_and_role""},""original"":{""部门代码"":""129125"",""部门名称"":""武汉海关"",""用人司局"":""武昌海关"",""机构性质"":""中央国家行政机关省级以下直属机构"",""招考职位"":""海关监管四级主办及以下"",""职位属性"":""普通职位"",""职位分布"":""其他职位"",""职位简介"":""从事进出境货物监管以及智慧海关建设相关工作。"",""职位代码"":""300110006001"",""机构层级"":""县（区）级及以下"",""考试类别"":""行政执法类"",""招考人数"":""1"",""专业"":""本科：信息安全、计算机科学与技术、软件工程、网络工程、通信工程、数据科学与大数据技术，研究生：计算机科学及技术类、信息与通信工程类、电子信息类（专业类）"",""学历"":""本科或硕士研究生"",""学位"":""与最高学历相对应的学位"",""政治面貌"":""不限"",""基层工作最低年限"":""无限制"",""服务基层项目工作经历"":""无限制"",""是否在面试阶段组织专业能力测试"":""否"",""面试人员比例"":""3:1"",""工作地点"":""湖北省武汉市"",""落户地点"":""湖北省武汉市"",""备注"":""限2024届高校毕业生；本科生大学英语四级考试425分及以上，研究生大学英语六级考试425分及以上；现场一线岗位；身体条件须符合《公务员录用体检特殊标准（试行）》；以研究生学历报考者，研究生和本科所学专业需同时符合职位专业要求；考生必须具备与填报学历及专业相应的学位；服从关区二次调配。"",""部门网站"":""http://wuhan.customs.gov.cn"",""咨询电话1"":""027-82768307"",""咨询电话2"":""027-82768575"",""咨询电话3"":"""",""来源Sheet"":""中央国家行政机关省级以下直属机构""}}"
"government_jobs","国家公务员2024招考简章","公务员/事业单位技术岗位","湖北省武汉市","2026-07-28T09:12:58.310295+00:00","海关监管四级主办及以下","武汉海关","","湖北省武汉市","公务员/事业单位;2024;computer_software;cybersecurity_cryptography;electronics_communication;本科或硕士研究生;与最高学历相对应的学位;本科：信息安全、计算机科学与技术、软件工程、网络工程、通信工程、数据科学与大数据技术，研究生：计算机科学及技术类、信息与通信工程类、电子信息类（专业类）;行政执法类","用人司局：汉口海关
职位简介：从事进出境货物监管以及智慧海关建设相关工作。
专业要求：本科：信息安全、计算机科学与技术、软件工程、网络工程、通信工程、数据科学与大数据技术，研究生：计算机科学及技术类、信息与通信工程类、电子信息类（专业类）
学历要求：本科或硕士研究生
学位要求：与最高学历相对应的学位
政治面貌：不限
基层工作经历：无限制
考试类别：行政执法类
备注：限2024届高校毕业生；本科生大学英语四级考试425分及以上，研究生大学英语六级考试425分及以上；现场一线岗位；身体条件须符合《公务员录用体检特殊标准（试行）》；以研究生学历报考者，研究生和本科所学专业需同时符合职位专业要求；考生必须具备与填报学历及专业相应的学位；服从关区二次调配。","https://www.xuanhan.gov.cn/xxgk-show-77635.html#129125-300110007001","2023-10-15","{""dataset_year"":2024,""job_uid"":""GOV-2024-129125-300110007001"",""publisher"":""国家公务员局"",""publication_page"":""https://www.xuanhan.gov.cn/xxgk-show-77635.html"",""attachment_url"":""https://www.xuanhan.gov.cn/uploadfile/1/Attachment/638fdecf51.zip"",""local_source_file"":""中央机关及其直属机构2024年度考试录用公务员招考简章.xls"",""local_source_sha256"":""a1741b99dbecd6d03e533f99f2d69b0fa5a79733e551b80af69986ceed2ad996"",""source_sheet"":""中央国家行政机关省级以下直属机构"",""filter_version"":""government_tech_v2"",""tech_filter"":{""is_tech"":true,""is_core_tech"":true,""scope"":""core"",""categories"":[""computer_software"",""cybersecurity_cryptography"",""electronics_communication""],""matched_fields"":[""major"",""description""],""major_terms"":[""信息与通信工程"",""信息安全"",""大数据"",""数据科学与大数据技术"",""电子信息类"",""网络工程"",""计算机"",""计算机科学与技术"",""软件工程"",""通信工程""],""role_terms"":[""智慧""],""reason"":""tech_major_and_role""},""original"":{""部门代码"":""129125"",""部门名称"":""武汉海关"",""用人司局"":""汉口海关"",""机构性质"":""中央国家行政机关省级以下直属机构"",""招考职位"":""海关监管四级主办及以下"",""职位属性"":""普通职位"",""职位分布"":""其他职位"",""职位简介"":""从事进出境货物监管以及智慧海关建设相关工作。"",""职位代码"":""300110007001"",""机构层级"":""县（区）级及以下"",""考试类别"":""行政执法类"",""招考人数"":""1"",""专业"":""本科：信息安全、计算机科学与技术、软件工程、网络工程、通信工程、数据科学与大数据技术，研究生：计算机科学及技术类、信息与通信工程类、电子信息类（专业类）"",""学历"":""本科或硕士研究生"",""学位"":""与最高学历相对应的学位"",""政治面貌"":""不限"",""基层工作最低年限"":""无限制"",""服务基层项目工作经历"":""无限制"",""是否在面试阶段组织专业能力测试"":""否"",""面试人员比例"":""3:1"",""工作地点"":""湖北省武汉市"",""落户地点"":""湖北省武汉市"",""备注"":""限2024届高校毕业生；本科生大学英语四级考试425分及以上，研究生大学英语六级考试425分及以上；现场一线岗位；身体条件须符合《公务员录用体检特殊标准（试行）》；以研究生学历报考者，研究生和本科所学专业需同时符合职位专业要求；考生必须具备与填报学历及专业相应的学位；服从关区二次调配。"",""部门网站"":""http://wuhan.customs.gov.cn"",""咨询电话1"":""027-82768307"",""咨询电话2"":""027-82768575"",""咨询电话3"":"""",""来源Sheet"":""中央国家行政机关省级以下直属机构""}}"
"government_jobs","国家公务员2024招考简章","公务员/事业单位技术岗位","湖南省","2026-07-28T09:12:58.310295+00:00","科技管理专业技术员","长沙海关","","湖南省","公务员/事业单位;2024;computer_software;data_ai;仅限本科;学士;人工智能、智能科学与技术、软件工程、计算机科学与技术;中央机关及其省级直属机构综合管理类","用人司局：长沙海关
职位简介：从事智慧海关建设及海关进出境货物、运输工具扫描图像智能分析和技术应用管理工作。
专业要求：人工智能、智能科学与技术、软件工程、计算机科学与技术
学历要求：仅限本科
学位要求：学士
政治面貌：中共党员
基层工作经历：二年
考试类别：中央机关及其省级直属机构综合管理类
备注：大学英语四级考试425分及以上；本职位所指专业为具体专业名称；考生必须具备与填报学历及专业相应的学位；服从关区二次调配；专业能力测试安排，详见海关总署网站（www.customs.gov.cn）。","https://www.xuanhan.gov.cn/xxgk-show-77635.html#129126-300110000001","2023-10-15","{""dataset_year"":2024,""job_uid"":""GOV-2024-129126-300110000001"",""publisher"":""国家公务员局"",""publication_page"":""https://www.xuanhan.gov.cn/xxgk-show-77635.html"",""attachment_url"":""https://www.xuanhan.gov.cn/uploadfile/1/Attachment/638fdecf51.zip"",""local_source_file"":""中央机关及其直属机构2024年度考试录用公务员招考简章.xls"",""local_source_sha256"":""a1741b99dbecd6d03e533f99f2d69b0fa5a79733e551b80af69986ceed2ad996"",""source_sheet"":""中央国家行政机关省级以下直属机构"",""filter_version"":""government_tech_v2"",""tech_filter"":{""is_tech"":true,""is_core_tech"":true,""scope"":""core"",""categories"":[""computer_software"",""data_ai""],""matched_fields"":[""major"",""description""],""major_terms"":[""人工智能"",""智能科学与技术"",""计算机科学与技术"",""软件工程""],""role_terms"":[""智慧"",""智能分析""],""reason"":""tech_major_and_role""},""original"":{""部门代码"":""129126"",""部门名称"":""长沙海关"",""用人司局"":""长沙海关"",""机构性质"":""中央国家行政机关省级以下直属机构"",""招考职位"":""科技管理专业技术员"",""职位属性"":""普通职位"",""职位分布"":""其他职位"",""职位简介"":""从事智慧海关建设及海关进出境货物、运输工具扫描图像智能分析和技术应用管理工作。"",""职位代码"":""300110000001"",""机构层级"":""省（副省）级"",""考试类别"":""中央机关及其省级直属机构综合管理类"",""招考人数"":""1"",""专业"":""人工智能、智能科学与技术、软件工程、计算机科学与技术"",""学历"":""仅限本科"",""学位"":""学士"",""政治面貌"":""中共党员"",""基层工作最低年限"":""二年"",""服务基层项目工作经历"":""无限制"",""是否在面试阶段组织专业能力测试"":""是"",""面试人员比例"":""3:1"",""工作地点"":""湖南省"",""落户地点"":""湖南省"",""备注"":""大学英语四级考试425分及以上；本职位所指专业为具体专业名称；考生必须具备与填报学历及专业相应的学位；服从关区二次调配；专业能力测试安排，详见海关总署网站（www.customs.gov.cn）。"",""部门网站"":""changsha.customs.gov.cn"",""咨询电话1"":""0731-84781189"",""咨询电话2"":""0731-84781702"",""咨询电话3"":"""",""来源Sheet"":""中央国家行政机关省级以下直属机构""}}"
"government_jobs","国家公务员2024招考简章","公务员/事业单位技术岗位","广东省广州市","2026-07-28T09:12:58.310295+00:00","关税管理二级主管及以下（一）","广州海关","","广东省广州市","公务员/事业单位;2024;computer_software;data_ai;本科及以上;与最高学历相对应的学位;本科：统计学、数学与应用数学、信息与计算科学、数据科学与大数据技术；研究生：统计学、计算数学、应用数学;中央机关及其省级直属机构综合管理类","用人司局：海关总署税收征管局（广州）
职位简介：从事海关税收风险防控、数据分析，以及智慧海关建设管理工作。
专业要求：本科：统计学、数学与应用数学、信息与计算科学、数据科学与大数据技术；研究生：统计学、计算数学、应用数学
学历要求：本科及以上
学位要求：与最高学历相对应的学位
政治面貌：不限
基层工作经历：二年
考试类别：中央机关及其省级直属机构综合管理类
备注：本科生大学英语四级考试425分及以上，研究生大学英语六级考试425分及以上；本职位所指专业为具体专业名称；考生必须具备与填报学历及专业相应的学位；服从关区二次调配；专业能力测试安排，详见海关总署网站（www.customs.gov.cn）。","https://www.xuanhan.gov.cn/xxgk-show-77635.html#129127-300110004001","2023-10-15","{""dataset_year"":2024,""job_uid"":""GOV-2024-129127-300110004001"",""publisher"":""国家公务员局"",""publication_page"":""https://www.xuanhan.gov.cn/xxgk-show-77635.html"",""attachment_url"":""https://www.xuanhan.gov.cn/uploadfile/1/Attachment/638fdecf51.zip"",""local_source_file"":""中央机关及其直属机构2024年度考试录用公务员招考简章.xls"",""local_source_sha256"":""a1741b99dbecd6d03e533f99f2d69b0fa5a79733e551b80af69986ceed2ad996"",""source_sheet"":""中央国家行政机关省级以下直属机构"",""filter_version"":""government_tech_v2"",""tech_filter"":{""is_tech"":true,""is_core_tech"":true,""scope"":""core"",""categories"":[""computer_software"",""data_ai""],""matched_fields"":[""major"",""description""],""major_terms"":[""大数据"",""数据科学与大数据技术""],""role_terms"":[""数据分析"",""智慧""],""reason"":""tech_major_and_role""},""original"":{""部门代码"":""129127"",""部门名称"":""广州海关"",""用人司局"":""海关总署税收征管局（广州）"",""机构性质"":""中央国家行政机关省级以下直属机构"",""招考职位"":""关税管理二级主管及以下（一）"",""职位属性"":""普通职位"",""职位分布"":""其他职位"",""职位简介"":""从事海关税收风险防控、数据分析，以及智慧海关建设管理工作。"",""职位代码"":""300110004001"",""机构层级"":""省（副省）级"",""考试类别"":""中央机关及其省级直属机构综合管理类"",""招考人数"":""2"",""专业"":""本科：统计学、数学与应用数学、信息与计算科学、数据科学与大数据技术；研究生：统计学、计算数学、应用数学"",""学历"":""本科及以上"",""学位"":""与最高学历相对应的学位"",""政治面貌"":""不限"",""基层工作最低年限"":""二年"",""服务基层项目工作经历"":""无限制"",""是否在面试阶段组织专业能力测试"":""是"",""面试人员比例"":""3:1"",""工作地点"":""广东省广州市"",""落户地点"":""广东省广州市"",""备注"":""本科生大学英语四级考试425分及以上，研究生大学英语六级考试425分及以上；本职位所指专业为具体专业名称；考生必须具备与填报学历及专业相应的学位；服从关区二次调配；专业能力测试安排，详见海关总署网站（www.customs.gov.cn）。"",""部门网站"":""http://guangzhou.customs.gov.cn"",""咨询电话1"":""020-81103636"",""咨询电话2"":""020-81101441"",""咨询电话3"":"""",""来源Sheet"":""中央国家行政机关省级以下直属机构""}}"
"government_jobs","国家公务员2024招考简章","公务员/事业单位技术岗位","广东省广州市","2026-07-28T09:12:58.310295+00:00","风险分析二级主管及以下","广州海关","","广东省广州市","公务员/事业单位;2024;computer_software;本科及以上;与最高学历相对应的学位;本科：统计学、数学与应用数学、信息与计算科学；研究生：统计学、计算数学、应用数学;中央机关及其省级直属机构综合管理类","用人司局：广州海关风险防控分局
职位简介：从事海关风险防控，以及智慧海关建设管理工作。
专业要求：本科：统计学、数学与应用数学、信息与计算科学；研究生：统计学、计算数学、应用数学
学历要求：本科及以上
学位要求：与最高学历相对应的学位
政治面貌：不限
基层工作经历：二年
考试类别：中央机关及其省级直属机构综合管理类
备注：本科生大学英语四级考试425分及以上，研究生大学英语六级考试425分及以上；本职位所指专业为具体专业名称；考生必须具备与填报学历及专业相应的学位；服从关区二次调配；专业能力测试安排，详见海关总署网站（www.customs.gov.cn）。","https://www.xuanhan.gov.cn/xxgk-show-77635.html#129127-300110023001","2023-10-15","{""dataset_year"":2024,""job_uid"":""GOV-2024-129127-300110023001"",""publisher"":""国家公务员局"",""publication_page"":""https://www.xuanhan.gov.cn/xxgk-show-77635.html"",""attachment_url"":""https://www.xuanhan.gov.cn/uploadfile/1/Attachment/638fdecf51.zip"",""local_source_file"":""中央机关及其直属机构2024年度考试录用公务员招考简章.xls"",""local_source_sha256"":""a1741b99dbecd6d03e533f99f2d69b0fa5a79733e551b80af69986ceed2ad996"",""source_sheet"":""中央国家行政机关省级以下直属机构"",""filter_version"":""government_tech_v2"",""tech_filter"":{""is_tech"":true,""is_core_tech"":true,""scope"":""core"",""categories"":[""computer_software""],""matched_fields"":[""description""],""major_terms"":[],""role_terms"":[""智慧""],""reason"":""tech_role""},""original"":{""部门代码"":""129127"",""部门名称"":""广州海关"",""用人司局"":""广州海关风险防控分局"",""机构性质"":""中央国家行政机关省级以下直属机构"",""招考职位"":""风险分析二级主管及以下"",""职位属性"":""普通职位"",""职位分布"":""其他职位"",""职位简介"":""从事海关风险防控，以及智慧海关建设管理工作。"",""职位代码"":""300110023001"",""机构层级"":""省（副省）级"",""考试类别"":""中央机关及其省级直属机构综合管理类"",""招考人数"":""2"",""专业"":""本科：统计学、数学与应用数学、信息与计算科学；研究生：统计学、计算数学、应用数学"",""学历"":""本科及以上"",""学位"":""与最高学历相对应的学位"",""政治面貌"":""不限"",""基层工作最低年限"":""二年"",""服务基层项目工作经历"":""无限制"",""是否在面试阶段组织专业能力测试"":""是"",""面试人员比例"":""3:1"",""工作地点"":""广东省广州市"",""落户地点"":""广东省广州市"",""备注"":""本科生大学英语四级考试425分及以上，研究生大学英语六级考试425分及以上；本职位所指专业为具体专业名称；考生必须具备与填报学历及专业相应的学位；服从关区二次调配；专业能力测试安排，详见海关总署网站（www.customs.gov.cn）。"",""部门网站"":""http://guangzhou.customs.gov.cn"",""咨询电话1"":""020-81103636"",""咨询电话2"":""020-81101441"",""咨询电话3"":"""",""来源Sheet"":""中央国家行政机关省级以下直属机构""}}"
"government_jobs","国家公务员2024招考简章","公务员/事业单位技术岗位","广东省深圳市","2026-07-28T09:12:58.310295+00:00","监管一级行政执法员（四）","深圳海关","","广东省深圳市","公务员/事业单位;2024;computer_software;cybersecurity_cryptography;仅限本科;学士;计算机科学与技术、信息管理与信息系统、软件工程、信息与计算科学、信息安全、网络工程、电子与计算机工程、网络空间安全;行政执法类","用人司局：隶属海关
职位简介：从事进出境运输工具、货物和物品的监管，及智慧海关建设工作。
专业要求：计算机科学与技术、信息管理与信息系统、软件工程、信息与计算科学、信息安全、网络工程、电子与计算机工程、网络空间安全
学历要求：仅限本科
学位要求：学士
政治面貌：不限
基层工作经历：无限制
考试类别：行政执法类
备注：1.限2024届高校毕业生；2.大学英语四级考试425分及以上；3.身体条件须符合《公务员录用体检特殊标准（试行）》；4.现场一线岗位，须节假日值班及24小时倒班工作，室外作业，条件艰苦，须服从关区二次调配；5.考生必须具备与填报学历及专业相应的学位。","https://www.xuanhan.gov.cn/xxgk-show-77635.html#129128-300110001025","2023-10-15","{""dataset_year"":2024,""job_uid"":""GOV-2024-129128-300110001025"",""publisher"":""国家公务员局"",""publication_page"":""https://www.xuanhan.gov.cn/xxgk-show-77635.html"",""attachment_url"":""https://www.xuanhan.gov.cn/uploadfile/1/Attachment/638fdecf51.zip"",""local_source_file"":""中央机关及其直属机构2024年度考试录用公务员招考简章.xls"",""local_source_sha256"":""a1741b99dbecd6d03e533f99f2d69b0fa5a79733e551b80af69986ceed2ad996"",""source_sheet"":""中央国家行政机关省级以下直属机构"",""filter_version"":""government_tech_v2"",""tech_filter"":{""is_tech"":true,""is_core_tech"":true,""scope"":""core"",""categories"":[""computer_software"",""cybersecurity_cryptography""],""matched_fields"":[""major"",""description""],""major_terms"":[""信息安全"",""网络工程"",""网络空间安全"",""计算机"",""计算机科学与技术"",""软件工程""],""role_terms"":[""智慧""],""reason"":""tech_major_and_role""},""original"":{""部门代码"":""129128"",""部门名称"":""深圳海关"",""用人司局"":""隶属海关"",""机构性质"":""中央国家行政机关省级以下直属机构"",""招考职位"":""监管一级行政执法员（四）"",""职位属性"":""普通职位"",""职位分布"":""其他职位"",""职位简介"":""从事进出境运输工具、货物和物品的监管，及智慧海关建设工作。"",""职位代码"":""300110001025"",""机构层级"":""县（区）级及以下"",""考试类别"":""行政执法类"",""招考人数"":""10"",""专业"":""计算机科学与技术、信息管理与信息系统、软件工程、信息与计算科学、信息安全、网络工程、电子与计算机工程、网络空间安全"",""学历"":""仅限本科"",""学位"":""学士"",""政治面貌"":""不限"",""基层工作最低年限"":""无限制"",""服务基层项目工作经历"":""无限制"",""是否在面试阶段组织专业能力测试"":""否"",""面试人员比例"":""3:1"",""工作地点"":""广东省深圳市"",""落户地点"":""广东省深圳市"",""备注"":""1.限2024届高校毕业生；2.大学英语四级考试425分及以上；3.身体条件须符合《公务员录用体检特殊标准（试行）》；4.现场一线岗位，须节假日值班及24小时倒班工作，室外作业，条件艰苦，须服从关区二次调配；5.考生必须具备与填报学历及专业相应的学位。"",""部门网站"":""http://shenzhen.customs.gov.cn"",""咨询电话1"":""0755-84398653"",""咨询电话2"":""0755-84398385"",""咨询电话3"":"""",""来源Sheet"":""中央国家行政机关省级以下直属机构""}}"
"government_jobs","国家公务员2024招考简章","公务员/事业单位技术岗位","广东省深圳市","2026-07-28T09:12:58.310295+00:00","监管一级行政执法员（五）","深圳海关","","广东省深圳市","公务员/事业单位;2024;computer_software;仅限本科;学士;数学类、大数据管理与应用、数据科学与大数据技术、物联网工程、智能科学与技术;行政执法类","用人司局：隶属海关
职位简介：从事进出境运输工具、货物和物品的监管，及智慧海关建设工作。
专业要求：数学类、大数据管理与应用、数据科学与大数据技术、物联网工程、智能科学与技术
学历要求：仅限本科
学位要求：学士
政治面貌：不限
基层工作经历：无限制
考试类别：行政执法类
备注：1.限2024届高校毕业生；2.大学英语四级考试425分及以上；3.身体条件须符合《公务员录用体检特殊标准（试行）》；4.现场一线岗位，须节假日值班及24小时倒班工作，室外作业，条件艰苦，须服从关区二次调配；5.考生必须具备与填报学历及专业相应的学位。","https://www.xuanhan.gov.cn/xxgk-show-77635.html#129128-300110001026","2023-10-15","{""dataset_year"":2024,""job_uid"":""GOV-2024-129128-300110001026"",""publisher"":""国家公务员局"",""publication_page"":""https://www.xuanhan.gov.cn/xxgk-show-77635.html"",""attachment_url"":""https://www.xuanhan.gov.cn/uploadfile/1/Attachment/638fdecf51.zip"",""local_source_file"":""中央机关及其直属机构2024年度考试录用公务员招考简章.xls"",""local_source_sha256"":""a1741b99dbecd6d03e533f99f2d69b0fa5a79733e551b80af69986ceed2ad996"",""source_sheet"":""中央国家行政机关省级以下直属机构"",""filter_version"":""government_tech_v2"",""tech_filter"":{""is_tech"":true,""is_core_tech"":true,""scope"":""core"",""categories"":[""computer_software""],""matched_fields"":[""major"",""description""],""major_terms"":[""大数据"",""数据科学与大数据技术"",""智能科学与技术"",""物联网工程""],""role_terms"":[""智慧""],""reason"":""tech_major_and_role""},""original"":{""部门代码"":""129128"",""部门名称"":""深圳海关"",""用人司局"":""隶属海关"",""机构性质"":""中央国家行政机关省级以下直属机构"",""招考职位"":""监管一级行政执法员（五）"",""职位属性"":""普通职位"",""职位分布"":""其他职位"",""职位简介"":""从事进出境运输工具、货物和物品的监管，及智慧海关建设工作。"",""职位代码"":""300110001026"",""机构层级"":""县（区）级及以下"",""考试类别"":""行政执法类"",""招考人数"":""10"",""专业"":""数学类、大数据管理与应用、数据科学与大数据技术、物联网工程、智能科学与技术"",""学历"":""仅限本科"",""学位"":""学士"",""政治面貌"":""不限"",""基层工作最低年限"":""无限制"",""服务基层项目工作经历"":""无限制"",""是否在面试阶段组织专业能力测试"":""否"",""面试人员比例"":""3:1"",""工作地点"":""广东省深圳市"",""落户地点"":""广东省深圳市"",""备注"":""1.限2024届高校毕业生；2.大学英语四级考试425分及以上；3.身体条件须符合《公务员录用体检特殊标准（试行）》；4.现场一线岗位，须节假日值班及24小时倒班工作，室外作业，条件艰苦，须服从关区二次调配；5.考生必须具备与填报学历及专业相应的学位。"",""部门网站"":""http://shenzhen.customs.gov.cn"",""咨询电话1"":""0755-84398653"",""咨询电话2"":""0755-84398385"",""咨询电话3"":"""",""来源Sheet"":""中央国家行政机关省级以下直属机构""}}"
"government_jobs","国家公务员2024招考简章","公务员/事业单位技术岗位","广东省深圳市","2026-07-28T09:12:58.310295+00:00","监管一级行政执法员（六）","深圳海关","","广东省深圳市","公务员/事业单位;2024;computer_software;electronics_communication;仅限本科;学士;通信工程、电子信息工程、人工智能、信息工程、智能装备与系统;行政执法类","用人司局：隶属海关
职位简介：从事进出境运输工具、货物和物品的监管，及智慧海关建设工作。
专业要求：通信工程、电子信息工程、人工智能、信息工程、智能装备与系统
学历要求：仅限本科
学位要求：学士
政治面貌：不限
基层工作经历：无限制
考试类别：行政执法类
备注：1.限2024届高校毕业生；2.大学英语四级考试425分及以上；3.身体条件须符合《公务员录用体检特殊标准（试行）》；4.现场一线岗位，须节假日值班及24小时倒班工作，室外作业，条件艰苦，须服从关区二次调配；5.考生必须具备与填报学历及专业相应的学位。","https://www.xuanhan.gov.cn/xxgk-show-77635.html#129128-300110001027","2023-10-15","{""dataset_year"":2024,""job_uid"":""GOV-2024-129128-300110001027"",""publisher"":""国家公务员局"",""publication_page"":""https://www.xuanhan.gov.cn/xxgk-show-77635.html"",""attachment_url"":""https://www.xuanhan.gov.cn/uploadfile/1/Attachment/638fdecf51.zip"",""local_source_file"":""中央机关及其直属机构2024年度考试录用公务员招考简章.xls"",""local_source_sha256"":""a1741b99dbecd6d03e533f99f2d69b0fa5a79733e551b80af69986ceed2ad996"",""source_sheet"":""中央国家行政机关省级以下直属机构"",""filter_version"":""government_tech_v2"",""tech_filter"":{""is_tech"":true,""is_core_tech"":true,""scope"":""core"",""categories"":[""computer_software"",""electronics_communication""],""matched_fields"":[""major"",""description""],""major_terms"":[""人工智能"",""电子信息工程"",""通信工程""],""role_terms"":[""智慧""],""reason"":""tech_major_and_role""},""original"":{""部门代码"":""129128"",""部门名称"":""深圳海关"",""用人司局"":""隶属海关"",""机构性质"":""中央国家行政机关省级以下直属机构"",""招考职位"":""监管一级行政执法员（六）"",""职位属性"":""普通职位"",""职位分布"":""其他职位"",""职位简介"":""从事进出境运输工具、货物和物品的监管，及智慧海关建设工作。"",""职位代码"":""300110001027"",""机构层级"":""县（区）级及以下"",""考试类别"":""行政执法类"",""招考人数"":""10"",""专业"":""通信工程、电子信息工程、人工智能、信息工程、智能装备与系统"",""学历"":""仅限本科"",""学位"":""学士"",""政治面貌"":""不限"",""基层工作最低年限"":""无限制"",""服务基层项目工作经历"":""无限制"",""是否在面试阶段组织专业能力测试"":""否"",""面试人员比例"":""3:1"",""工作地点"":""广东省深圳市"",""落户地点"":""广东省深圳市"",""备注"":""1.限2024届高校毕业生；2.大学英语四级考试425分及以上；3.身体条件须符合《公务员录用体检特殊标准（试行）》；4.现场一线岗位，须节假日值班及24小时倒班工作，室外作业，条件艰苦，须服从关区二次调配；5.考生必须具备与填报学历及专业相应的学位。"",""部门网站"":""http://shenzhen.customs.gov.cn"",""咨询电话1"":""0755-84398653"",""咨询电话2"":""0755-84398385"",""咨询电话3"":"""",""来源Sheet"":""中央国家行政机关省级以下直属机构""}}"
"government_jobs","国家公务员2024招考简章","公务员/事业单位技术岗位","广东省深圳市","2026-07-28T09:12:58.310295+00:00","监管一级行政执法员（十一）","深圳海关","","广东省深圳市","公务员/事业单位;2024;computer_software;electronics_communication;仅限本科;学士;人工智能、智能科学与技术、智能无人系统技术、软件工程、电子科学与技术、计算机科学与技术、空间信息与数字技术、物联网工程、数学与应用数学、数据计算及应用;行政执法类","用人司局：隶属海关
职位简介：从事进出境运输工具、货物和物品的监管，及智慧海关建设工作。
专业要求：人工智能、智能科学与技术、智能无人系统技术、软件工程、电子科学与技术、计算机科学与技术、空间信息与数字技术、物联网工程、数学与应用数学、数据计算及应用
学历要求：仅限本科
学位要求：学士
政治面貌：不限
基层工作经历：无限制
考试类别：行政执法类
备注：1.限2024届高校毕业生；2.大学英语四级考试425分及以上；3.身体条件须符合《公务员录用体检特殊标准（试行）》；4.现场一线岗位，须节假日值班及24小时倒班工作，室外作业，条件艰苦，须服从关区二次调配；5.考生必须具备与填报学历及专业相应的学位。","https://www.xuanhan.gov.cn/xxgk-show-77635.html#129128-300110001032","2023-10-15","{""dataset_year"":2024,""job_uid"":""GOV-2024-129128-300110001032"",""publisher"":""国家公务员局"",""publication_page"":""https://www.xuanhan.gov.cn/xxgk-show-77635.html"",""attachment_url"":""https://www.xuanhan.gov.cn/uploadfile/1/Attachment/638fdecf51.zip"",""local_source_file"":""中央机关及其直属机构2024年度考试录用公务员招考简章.xls"",""local_source_sha256"":""a1741b99dbecd6d03e533f99f2d69b0fa5a79733e551b80af69986ceed2ad996"",""source_sheet"":""中央国家行政机关省级以下直属机构"",""filter_version"":""government_tech_v2"",""tech_filter"":{""is_tech"":true,""is_core_tech"":true,""scope"":""core"",""categories"":[""computer_software"",""electronics_communication""],""matched_fields"":[""major"",""description""],""major_terms"":[""人工智能"",""智能科学与技术"",""物联网工程"",""电子科学与技术"",""空间信息与数字技术"",""计算机科学与技术"",""软件工程""],""role_terms"":[""智慧""],""reason"":""tech_major_and_role""},""original"":{""部门代码"":""129128"",""部门名称"":""深圳海关"",""用人司局"":""隶属海关"",""机构性质"":""中央国家行政机关省级以下直属机构"",""招考职位"":""监管一级行政执法员（十一）"",""职位属性"":""普通职位"",""职位分布"":""其他职位"",""职位简介"":""从事进出境运输工具、货物和物品的监管，及智慧海关建设工作。"",""职位代码"":""300110001032"",""机构层级"":""县（区）级及以下"",""考试类别"":""行政执法类"",""招考人数"":""3"",""专业"":""人工智能、智能科学与技术、智能无人系统技术、软件工程、电子科学与技术、计算机科学与技术、空间信息与数字技术、物联网工程、数学与应用数学、数据计算及应用"",""学历"":""仅限本科"",""学位"":""学士"",""政治面貌"":""不限"",""基层工作最低年限"":""无限制"",""服务基层项目工作经历"":""无限制"",""是否在面试阶段组织专业能力测试"":""否"",""面试人员比例"":""3:1"",""工作地点"":""广东省深圳市"",""落户地点"":""广东省深圳市"",""备注"":""1.限2024届高校毕业生；2.大学英语四级考试425分及以上；3.身体条件须符合《公务员录用体检特殊标准（试行）》；4.现场一线岗位，须节假日值班及24小时倒班工作，室外作业，条件艰苦，须服从关区二次调配；5.考生必须具备与填报学历及专业相应的学位。"",""部门网站"":""http://shenzhen.customs.gov.cn"",""咨询电话1"":""0755-84398653"",""咨询电话2"":""0755-84398385"",""咨询电话3"":"""",""来源Sheet"":""中央国家行政机关省级以下直属机构""}}"
"government_jobs","国家公务员2024招考简章","公务员/事业单位技术岗位","广东省深圳市","2026-07-28T09:12:58.310295+00:00","风险防控二级主管及以下","深圳海关","","广东省深圳市","公务员/事业单位;2024;computer_software;本科及以上;与最高学历相对应的学位;计算机科学与技术;中央机关及其省级直属机构综合管理类","用人司局：深圳海关
职位简介：从事海关风险防控及智慧海关建设工作。
专业要求：计算机科学与技术
学历要求：本科及以上
学位要求：与最高学历相对应的学位
政治面貌：不限
基层工作经历：二年
考试类别：中央机关及其省级直属机构综合管理类
备注：1.本科生大学英语四级考试425分及以上，研究生大学英语六级考试425分及以上；2.须服从关区二次调配；3.考生必须具备与填报学历及专业相应的学位。4.专业能力测试安排，详见海关总署网站（www.customs.gov.cn）。","https://www.xuanhan.gov.cn/xxgk-show-77635.html#129128-300110002001","2023-10-15","{""dataset_year"":2024,""job_uid"":""GOV-2024-129128-300110002001"",""publisher"":""国家公务员局"",""publication_page"":""https://www.xuanhan.gov.cn/xxgk-show-77635.html"",""attachment_url"":""https://www.xuanhan.gov.cn/uploadfile/1/Attachment/638fdecf51.zip"",""local_source_file"":""中央机关及其直属机构2024年度考试录用公务员招考简章.xls"",""local_source_sha256"":""a1741b99dbecd6d03e533f99f2d69b0fa5a79733e551b80af69986ceed2ad996"",""source_sheet"":""中央国家行政机关省级以下直属机构"",""filter_version"":""government_tech_v2"",""tech_filter"":{""is_tech"":true,""is_core_tech"":true,""scope"":""core"",""categories"":[""computer_software""],""matched_fields"":[""major"",""description""],""major_terms"":[""计算机科学与技术""],""role_terms"":[""智慧""],""reason"":""tech_major_and_role""},""original"":{""部门代码"":""129128"",""部门名称"":""深圳海关"",""用人司局"":""深圳海关"",""机构性质"":""中央国家行政机关省级以下直属机构"",""招考职位"":""风险防控二级主管及以下"",""职位属性"":""普通职位"",""职位分布"":""其他职位"",""职位简介"":""从事海关风险防控及智慧海关建设工作。"",""职位代码"":""300110002001"",""机构层级"":""省（副省）级"",""考试类别"":""中央机关及其省级直属机构综合管理类"",""招考人数"":""1"",""专业"":""计算机科学与技术"",""学历"":""本科及以上"",""学位"":""与最高学历相对应的学位"",""政治面貌"":""不限"",""基层工作最低年限"":""二年"",""服务基层项目工作经历"":""无限制"",""是否在面试阶段组织专业能力测试"":""是"",""面试人员比例"":""3:1"",""工作地点"":""广东省深圳市"",""落户地点"":""广东省深圳市"",""备注"":""1.本科生大学英语四级考试425分及以上，研究生大学英语六级考试425分及以上；2.须服从关区二次调配；3.考生必须具备与填报学历及专业相应的学位。4.专业能力测试安排，详见海关总署网站（www.customs.gov.cn）。"",""部门网站"":""http://shenzhen.customs.gov.cn"",""咨询电话1"":""0755-84398653"",""咨询电话2"":""0755-84398385"",""咨询电话3"":"""",""来源Sheet"":""中央国家行政机关省级以下直属机构""}}"
"government_jobs","国家公务员2024招考简章","公务员/事业单位技术岗位","广东省珠海市","2026-07-28T09:12:58.310295+00:00","科技管理专业技术员","拱北海关","","广东省珠海市","公务员/事业单位;2024;automation_robotics;computer_software;electronics_communication;仅限本科;学士;电子信息类（0807）、自动化类（0808）、计算机类（0809）、信息与计算科学专业（070102）、大数据管理与应用专业（120108T）;中央机关及其省级直属机构综合管理类","用人司局：拱北海关
职位简介：从事海关国门安全信息技术以及智慧海关建设管理工作。
专业要求：电子信息类（0807）、自动化类（0808）、计算机类（0809）、信息与计算科学专业（070102）、大数据管理与应用专业（120108T）
学历要求：仅限本科
学位要求：学士
政治面貌：不限
基层工作经历：二年
考试类别：中央机关及其省级直属机构综合管理类
备注：本科生大学英语四级考试425分及以上；职位要求本科专业参照《普通高等学校本科专业目录》；考生必须具备与填报学历及专业相应的学位；服从关区二次调配。专业能力测试安排，详见海关总署网站（www.customs.gov.cn）。","https://www.xuanhan.gov.cn/xxgk-show-77635.html#129129-300110101001","2023-10-15","{""dataset_year"":2024,""job_uid"":""GOV-2024-129129-300110101001"",""publisher"":""国家公务员局"",""publication_page"":""https://www.xuanhan.gov.cn/xxgk-show-77635.html"",""attachment_url"":""https://www.xuanhan.gov.cn/uploadfile/1/Attachment/638fdecf51.zip"",""local_source_file"":""中央机关及其直属机构2024年度考试录用公务员招考简章.xls"",""local_source_sha256"":""a1741b99dbecd6d03e533f99f2d69b0fa5a79733e551b80af69986ceed2ad996"",""source_sheet"":""中央国家行政机关省级以下直属机构"",""filter_version"":""government_tech_v2"",""tech_filter"":{""is_tech"":true,""is_core_tech"":true,""scope"":""core"",""categories"":[""automation_robotics"",""computer_software"",""electronics_communication""],""matched_fields"":[""major"",""description""],""major_terms"":[""大数据"",""电子信息类"",""自动化类"",""计算机类""],""role_terms"":[""信息技术"",""智慧""],""reason"":""tech_major_and_role""},""original"":{""部门代码"":""129129"",""部门名称"":""拱北海关"",""用人司局"":""拱北海关"",""机构性质"":""中央国家行政机关省级以下直属机构"",""招考职位"":""科技管理专业技术员"",""职位属性"":""普通职位"",""职位分布"":""其他职位"",""职位简介"":""从事海关国门安全信息技术以及智慧海关建设管理工作。"",""职位代码"":""300110101001"",""机构层级"":""省（副省）级"",""考试类别"":""中央机关及其省级直属机构综合管理类"",""招考人数"":""1"",""专业"":""电子信息类（0807）、自动化类（0808）、计算机类（0809）、信息与计算科学专业（070102）、大数据管理与应用专业（120108T）"",""学历"":""仅限本科"",""学位"":""学士"",""政治面貌"":""不限"",""基层工作最低年限"":""二年"",""服务基层项目工作经历"":""无限制"",""是否在面试阶段组织专业能力测试"":""是"",""面试人员比例"":""3:1"",""工作地点"":""广东省珠海市"",""落户地点"":""广东省珠海市"",""备注"":""本科生大学英语四级考试425分及以上；职位要求本科专业参照《普通高等学校本科专业目录》；考生必须具备与填报学历及专业相应的学位；服从关区二次调配。专业能力测试安排，详见海关总署网站（www.customs.gov.cn）。"",""部门网站"":""http://gongbei.customs.gov.cn/"",""咨询电话1"":""0756-8161791"",""咨询电话2"":""0756-8161519"",""咨询电话3"":"""",""来源Sheet"":""中央国家行政机关省级以下直属机构""}}"
"government_jobs","国家公务员2024招考简章","公务员/事业单位技术岗位","广东省","2026-07-28T09:12:58.310295+00:00","贸易分析一级行政执法员","汕头海关","","广东省","公务员/事业单位;2024;computer_software;data_ai;仅限本科;学士;数据科学与大数据技术、大数据管理与应用、信息与计算科学、国际经济与贸易、经济学;行政执法类","用人司局：隶属海关
职位简介：从事大数据、贸易形势分析、智慧海关建设等相关工作。
专业要求：数据科学与大数据技术、大数据管理与应用、信息与计算科学、国际经济与贸易、经济学
学历要求：仅限本科
学位要求：学士
政治面貌：不限
基层工作经历：无限制
考试类别：行政执法类
备注：限应届高校毕业生；大学英语四级考试425分及以上；考生必须具备与填报学历及专业相应的学位；汕头海关关区范围为汕头市、潮州市、揭阳市、梅州市、汕尾市，服从关区二次调配。","https://www.xuanhan.gov.cn/xxgk-show-77635.html#129130-300110002009","2023-10-15","{""dataset_year"":2024,""job_uid"":""GOV-2024-129130-300110002009"",""publisher"":""国家公务员局"",""publication_page"":""https://www.xuanhan.gov.cn/xxgk-show-77635.html"",""attachment_url"":""https://www.xuanhan.gov.cn/uploadfile/1/Attachment/638fdecf51.zip"",""local_source_file"":""中央机关及其直属机构2024年度考试录用公务员招考简章.xls"",""local_source_sha256"":""a1741b99dbecd6d03e533f99f2d69b0fa5a79733e551b80af69986ceed2ad996"",""source_sheet"":""中央国家行政机关省级以下直属机构"",""filter_version"":""government_tech_v2"",""tech_filter"":{""is_tech"":true,""is_core_tech"":true,""scope"":""core"",""categories"":[""computer_software"",""data_ai""],""matched_fields"":[""major"",""description""],""major_terms"":[""大数据"",""数据科学与大数据技术""],""role_terms"":[""大数据"",""智慧""],""reason"":""tech_major_and_role""},""original"":{""部门代码"":""129130"",""部门名称"":""汕头海关"",""用人司局"":""隶属海关"",""机构性质"":""中央国家行政机关省级以下直属机构"",""招考职位"":""贸易分析一级行政执法员"",""职位属性"":""普通职位"",""职位分布"":""其他职位"",""职位简介"":""从事大数据、贸易形势分析、智慧海关建设等相关工作。"",""职位代码"":""300110002009"",""机构层级"":""县（区）级及以下"",""考试类别"":""行政执法类"",""招考人数"":""2"",""专业"":""数据科学与大数据技术、大数据管理与应用、信息与计算科学、国际经济与贸易、经济学"",""学历"":""仅限本科"",""学位"":""学士"",""政治面貌"":""不限"",""基层工作最低年限"":""无限制"",""服务基层项目工作经历"":""无限制"",""是否在面试阶段组织专业能力测试"":""否"",""面试人员比例"":""3:1"",""工作地点"":""广东省"",""落户地点"":""广东省汕头市"",""备注"":""限应届高校毕业生；大学英语四级考试425分及以上；考生必须具备与填报学历及专业相应的学位；汕头海关关区范围为汕头市、潮州市、揭阳市、梅州市、汕尾市，服从关区二次调配。"",""部门网站"":""http://shantou.customs.gov.cn/"",""咨询电话1"":""0754-88198616"",""咨询电话2"":""0754-88198618"",""咨询电话3"":"""",""来源Sheet"":""中央国家行政机关省级以下直属机构""}}"
"government_jobs","国家公务员2024招考简章","公务员/事业单位技术岗位","广东省","2026-07-28T09:12:58.310295+00:00","智能审图一级行政执法员","汕头海关","","广东省","公务员/事业单位;2024;computer_software;data_ai;仅限本科;学士;信息管理与信息系统、软件工程、人工智能;行政执法类","用人司局：隶属海关
职位简介：从事扫描图像智能分析和技术应用管理、智慧海关建设等相关工作。
专业要求：信息管理与信息系统、软件工程、人工智能
学历要求：仅限本科
学位要求：学士
政治面貌：不限
基层工作经历：无限制
考试类别：行政执法类
备注：限应届高校毕业生；大学英语四级考试425分及以上；考生必须具备与填报学历及专业相应的学位；汕头海关关区范围为汕头市、潮州市、揭阳市、梅州市、汕尾市，服从关区二次调配。","https://www.xuanhan.gov.cn/xxgk-show-77635.html#129130-300110002010","2023-10-15","{""dataset_year"":2024,""job_uid"":""GOV-2024-129130-300110002010"",""publisher"":""国家公务员局"",""publication_page"":""https://www.xuanhan.gov.cn/xxgk-show-77635.html"",""attachment_url"":""https://www.xuanhan.gov.cn/uploadfile/1/Attachment/638fdecf51.zip"",""local_source_file"":""中央机关及其直属机构2024年度考试录用公务员招考简章.xls"",""local_source_sha256"":""a1741b99dbecd6d03e533f99f2d69b0fa5a79733e551b80af69986ceed2ad996"",""source_sheet"":""中央国家行政机关省级以下直属机构"",""filter_version"":""government_tech_v2"",""tech_filter"":{""is_tech"":true,""is_core_tech"":true,""scope"":""core"",""categories"":[""computer_software"",""data_ai""],""matched_fields"":[""major"",""description""],""major_terms"":[""人工智能"",""软件工程""],""role_terms"":[""智慧"",""智能分析""],""reason"":""tech_major_and_role""},""original"":{""部门代码"":""129130"",""部门名称"":""汕头海关"",""用人司局"":""隶属海关"",""机构性质"":""中央国家行政机关省级以下直属机构"",""招考职位"":""智能审图一级行政执法员"",""职位属性"":""普通职位"",""职位分布"":""其他职位"",""职位简介"":""从事扫描图像智能分析和技术应用管理、智慧海关建设等相关工作。"",""职位代码"":""300110002010"",""机构层级"":""县（区）级及以下"",""考试类别"":""行政执法类"",""招考人数"":""3"",""专业"":""信息管理与信息系统、软件工程、人工智能"",""学历"":""仅限本科"",""学位"":""学士"",""政治面貌"":""不限"",""基层工作最低年限"":""无限制"",""服务基层项目工作经历"":""无限制"",""是否在面试阶段组织专业能力测试"":""否"",""面试人员比例"":""3:1"",""工作地点"":""广东省"",""落户地点"":""广东省汕头市"",""备注"":""限应届高校毕业生；大学英语四级考试425分及以上；考生必须具备与填报学历及专业相应的学位；汕头海关关区范围为汕头市、潮州市、揭阳市、梅州市、汕尾市，服从关区二次调配。"",""部门网站"":""http://shantou.customs.gov.cn/"",""咨询电话1"":""0754-88198616"",""咨询电话2"":""0754-88198618"",""咨询电话3"":"""",""来源Sheet"":""中央国家行政机关省级以下直属机构""}}"
"government_jobs","国家公务员2024招考简章","公务员/事业单位技术岗位","广东省","2026-07-28T09:12:58.310295+00:00","数据分析四级主办及以下","黄埔海关","","广东省","公务员/事业单位;2024;computer_software;data_ai;本科或硕士研究生;与最高学历相对应的学位;本科：数据科学与大数据技术、数学与应用数学、信息与计算科学、大数据管理与应用、数据计算及应用；硕士研究生：数学类，大数据技术与工程;行政执法类","用人司局：东江口海关
职位简介：从事海关数据处理分析以及智慧海关建设工作。
专业要求：本科：数据科学与大数据技术、数学与应用数学、信息与计算科学、大数据管理与应用、数据计算及应用；硕士研究生：数学类，大数据技术与工程
学历要求：本科或硕士研究生
学位要求：与最高学历相对应的学位
政治面貌：不限
基层工作经历：无限制
考试类别：行政执法类
备注：限应届高校毕业生；本科生大学英语四级考试425分及以上，研究生大学英语六级考试425分及以上，报名时请写明大学英语级别和具体分数；考生必须具备与填报学历及专业相应的学位；需24小时倒班；服从关区二次调配；现场一线岗位。","https://www.xuanhan.gov.cn/xxgk-show-77635.html#129131-300110106001","2023-10-15","{""dataset_year"":2024,""job_uid"":""GOV-2024-129131-300110106001"",""publisher"":""国家公务员局"",""publication_page"":""https://www.xuanhan.gov.cn/xxgk-show-77635.html"",""attachment_url"":""https://www.xuanhan.gov.cn/uploadfile/1/Attachment/638fdecf51.zip"",""local_source_file"":""中央机关及其直属机构2024年度考试录用公务员招考简章.xls"",""local_source_sha256"":""a1741b99dbecd6d03e533f99f2d69b0fa5a79733e551b80af69986ceed2ad996"",""source_sheet"":""中央国家行政机关省级以下直属机构"",""filter_version"":""government_tech_v2"",""tech_filter"":{""is_tech"":true,""is_core_tech"":true,""scope"":""core"",""categories"":[""computer_software"",""data_ai""],""matched_fields"":[""major"",""job_title"",""description""],""major_terms"":[""大数据"",""数据科学与大数据技术""],""role_terms"":[""数据分析"",""数据处理"",""智慧""],""reason"":""tech_major_and_role""},""original"":{""部门代码"":""129131"",""部门名称"":""黄埔海关"",""用人司局"":""东江口海关"",""机构性质"":""中央国家行政机关省级以下直属机构"",""招考职位"":""数据分析四级主办及以下"",""职位属性"":""普通职位"",""职位分布"":""其他职位"",""职位简介"":""从事海关数据处理分析以及智慧海关建设工作。"",""职位代码"":""300110106001"",""机构层级"":""县（区）级及以下"",""考试类别"":""行政执法类"",""招考人数"":""6"",""专业"":""本科：数据科学与大数据技术、数学与应用数学、信息与计算科学、大数据管理与应用、数据计算及应用；硕士研究生：数学类，大数据技术与工程"",""学历"":""本科或硕士研究生"",""学位"":""与最高学历相对应的学位"",""政治面貌"":""不限"",""基层工作最低年限"":""无限制"",""服务基层项目工作经历"":""无限制"",""是否在面试阶段组织专业能力测试"":""否"",""面试人员比例"":""3:1"",""工作地点"":""广东省"",""落户地点"":""广东省"",""备注"":""限应届高校毕业生；本科生大学英语四级考试425分及以上，研究生大学英语六级考试425分及以上，报名时请写明大学英语级别和具体分数；考生必须具备与填报学历及专业相应的学位；需24小时倒班；服从关区二次调配；现场一线岗位。"",""部门网站"":""huangpu.customs.gov.cn"",""咨询电话1"":""020-82130709"",""咨询电话2"":""020-82131067"",""咨询电话3"":""020-82132711"",""来源Sheet"":""中央国家行政机关省级以下直属机构""}}"
"government_jobs","国家公务员2024招考简章","公务员/事业单位技术岗位","广东省","2026-07-28T09:12:58.310295+00:00","科技一级行政执法员","黄埔海关","","广东省","公务员/事业单位;2024;computer_software;cybersecurity_cryptography;electronics_communication;仅限本科;学士;区块链工程、虚拟现实技术、物联网工程、信息安全、网络工程、电子信息工程、空间信息与数字技术;行政执法类","用人司局：黄埔老港海关
职位简介：从事海关国门安全信息技术以及智慧海关建设工作。
专业要求：区块链工程、虚拟现实技术、物联网工程、信息安全、网络工程、电子信息工程、空间信息与数字技术
学历要求：仅限本科
学位要求：学士
政治面貌：不限
基层工作经历：无限制
考试类别：行政执法类
备注：限2024届高校毕业生；大学英语四级考试425分及以上，报名时请写明大学英语级别和具体分数；考生必须具备与填报学历及专业相应的学位；需24小时倒班；服从关区二次调配；现场一线岗位。","https://www.xuanhan.gov.cn/xxgk-show-77635.html#129131-300110107001","2023-10-15","{""dataset_year"":2024,""job_uid"":""GOV-2024-129131-300110107001"",""publisher"":""国家公务员局"",""publication_page"":""https://www.xuanhan.gov.cn/xxgk-show-77635.html"",""attachment_url"":""https://www.xuanhan.gov.cn/uploadfile/1/Attachment/638fdecf51.zip"",""local_source_file"":""中央机关及其直属机构2024年度考试录用公务员招考简章.xls"",""local_source_sha256"":""a1741b99dbecd6d03e533f99f2d69b0fa5a79733e551b80af69986ceed2ad996"",""source_sheet"":""中央国家行政机关省级以下直属机构"",""filter_version"":""government_tech_v2"",""tech_filter"":{""is_tech"":true,""is_core_tech"":true,""scope"":""core"",""categories"":[""computer_software"",""cybersecurity_cryptography"",""electronics_communication""],""matched_fields"":[""major"",""description""],""major_terms"":[""信息安全"",""区块链工程"",""物联网工程"",""电子信息工程"",""空间信息与数字技术"",""网络工程"",""虚拟现实技术""],""role_terms"":[""信息技术"",""智慧""],""reason"":""tech_major_and_role""},""original"":{""部门代码"":""129131"",""部门名称"":""黄埔海关"",""用人司局"":""黄埔老港海关"",""机构性质"":""中央国家行政机关省级以下直属机构"",""招考职位"":""科技一级行政执法员"",""职位属性"":""普通职位"",""职位分布"":""其他职位"",""职位简介"":""从事海关国门安全信息技术以及智慧海关建设工作。"",""职位代码"":""300110107001"",""机构层级"":""县（区）级及以下"",""考试类别"":""行政执法类"",""招考人数"":""3"",""专业"":""区块链工程、虚拟现实技术、物联网工程、信息安全、网络工程、电子信息工程、空间信息与数字技术"",""学历"":""仅限本科"",""学位"":""学士"",""政治面貌"":""不限"",""基层工作最低年限"":""无限制"",""服务基层项目工作经历"":""无限制"",""是否在面试阶段组织专业能力测试"":""否"",""面试人员比例"":""3:1"",""工作地点"":""广东省"",""落户地点"":""广东省"",""备注"":""限2024届高校毕业生；大学英语四级考试425分及以上，报名时请写明大学英语级别和具体分数；考生必须具备与填报学历及专业相应的学位；需24小时倒班；服从关区二次调配；现场一线岗位。"",""部门网站"":""huangpu.customs.gov.cn"",""咨询电话1"":""020-82130709"",""咨询电话2"":""020-82131067"",""咨询电话3"":""020-82132711"",""来源Sheet"":""中央国家行政机关省级以下直属机构""}}"
"government_jobs","国家公务员2024招考简章","公务员/事业单位技术岗位","广东省","2026-07-28T09:12:58.310295+00:00","科技四级主办","黄埔海关","","广东省","公务员/事业单位;2024;computer_software;electronics_communication;仅限硕士研究生;硕士;计算机科学与技术类、电子科学与技术类、软件工程类，软件工程;行政执法类","用人司局：黄埔老港海关
职位简介：从事海关国门安全信息技术以及智慧海关建设工作。
专业要求：计算机科学与技术类、电子科学与技术类、软件工程类，软件工程
学历要求：仅限硕士研究生
学位要求：硕士
政治面貌：不限
基层工作经历：无限制
考试类别：行政执法类
备注：限2024届高校毕业生；大学英语六级考试425分及以上，报名时请写明大学英语级别和具体分数；考生必须具备与填报学历及专业相应的学位；需24小时倒班；服从关区二次调配；现场一线岗位。","https://www.xuanhan.gov.cn/xxgk-show-77635.html#129131-300110107002","2023-10-15","{""dataset_year"":2024,""job_uid"":""GOV-2024-129131-300110107002"",""publisher"":""国家公务员局"",""publication_page"":""https://www.xuanhan.gov.cn/xxgk-show-77635.html"",""attachment_url"":""https://www.xuanhan.gov.cn/uploadfile/1/Attachment/638fdecf51.zip"",""local_source_file"":""中央机关及其直属机构2024年度考试录用公务员招考简章.xls"",""local_source_sha256"":""a1741b99dbecd6d03e533f99f2d69b0fa5a79733e551b80af69986ceed2ad996"",""source_sheet"":""中央国家行政机关省级以下直属机构"",""filter_version"":""government_tech_v2"",""tech_filter"":{""is_tech"":true,""is_core_tech"":true,""scope"":""core"",""categories"":[""computer_software"",""electronics_communication""],""matched_fields"":[""major"",""description""],""major_terms"":[""电子科学与技术"",""计算机科学与技术"",""软件工程""],""role_terms"":[""信息技术"",""智慧""],""reason"":""tech_major_and_role""},""original"":{""部门代码"":""129131"",""部门名称"":""黄埔海关"",""用人司局"":""黄埔老港海关"",""机构性质"":""中央国家行政机关省级以下直属机构"",""招考职位"":""科技四级主办"",""职位属性"":""普通职位"",""职位分布"":""其他职位"",""职位简介"":""从事海关国门安全信息技术以及智慧海关建设工作。"",""职位代码"":""300110107002"",""机构层级"":""县（区）级及以下"",""考试类别"":""行政执法类"",""招考人数"":""8"",""专业"":""计算机科学与技术类、电子科学与技术类、软件工程类，软件工程"",""学历"":""仅限硕士研究生"",""学位"":""硕士"",""政治面貌"":""不限"",""基层工作最低年限"":""无限制"",""服务基层项目工作经历"":""无限制"",""是否在面试阶段组织专业能力测试"":""否"",""面试人员比例"":""3:1"",""工作地点"":""广东省"",""落户地点"":""广东省"",""备注"":""限2024届高校毕业生；大学英语六级考试425分及以上，报名时请写明大学英语级别和具体分数；考生必须具备与填报学历及专业相应的学位；需24小时倒班；服从关区二次调配；现场一线岗位。"",""部门网站"":""huangpu.customs.gov.cn"",""咨询电话1"":""020-82130709"",""咨询电话2"":""020-82131067"",""咨询电话3"":""020-82132711"",""来源Sheet"":""中央国家行政机关省级以下直属机构""}}"
"government_jobs","国家公务员2024招考简章","公务员/事业单位技术岗位","广东省","2026-07-28T09:12:58.310295+00:00","风险防控专业技术员","黄埔海关","","广东省","公务员/事业单位;2024;computer_software;仅限本科;学士;数学类，计算机科学与技术、数据科学与大数据技术、统计学;中央机关及其省级直属机构综合管理类","用人司局：海关总署风险防控局（黄埔）
职位简介：从事海关风险防控以及智慧海关建设工作。
专业要求：数学类，计算机科学与技术、数据科学与大数据技术、统计学
学历要求：仅限本科
学位要求：学士
政治面貌：不限
基层工作经历：二年
考试类别：中央机关及其省级直属机构综合管理类
备注：大学英语四级考试425分及以上，报名时请写明大学英语级别和具体分数；考生必须具备与填报学历及专业相应的学位；需24小时倒班；服从关区二次调配；专业能力测试安排，详见海关总署网站（www.customs.gov.cn）。","https://www.xuanhan.gov.cn/xxgk-show-77635.html#129131-300110108001","2023-10-15","{""dataset_year"":2024,""job_uid"":""GOV-2024-129131-300110108001"",""publisher"":""国家公务员局"",""publication_page"":""https://www.xuanhan.gov.cn/xxgk-show-77635.html"",""attachment_url"":""https://www.xuanhan.gov.cn/uploadfile/1/Attachment/638fdecf51.zip"",""local_source_file"":""中央机关及其直属机构2024年度考试录用公务员招考简章.xls"",""local_source_sha256"":""a1741b99dbecd6d03e533f99f2d69b0fa5a79733e551b80af69986ceed2ad996"",""source_sheet"":""中央国家行政机关省级以下直属机构"",""filter_version"":""government_tech_v2"",""tech_filter"":{""is_tech"":true,""is_core_tech"":true,""scope"":""core"",""categories"":[""computer_software""],""matched_fields"":[""major"",""description""],""major_terms"":[""大数据"",""数据科学与大数据技术"",""计算机科学与技术""],""role_terms"":[""智慧""],""reason"":""tech_major_and_role""},""original"":{""部门代码"":""129131"",""部门名称"":""黄埔海关"",""用人司局"":""海关总署风险防控局（黄埔）"",""机构性质"":""中央国家行政机关省级以下直属机构"",""招考职位"":""风险防控专业技术员"",""职位属性"":""普通职位"",""职位分布"":""其他职位"",""职位简介"":""从事海关风险防控以及智慧海关建设工作。"",""职位代码"":""300110108001"",""机构层级"":""省（副省）级"",""考试类别"":""中央机关及其省级直属机构综合管理类"",""招考人数"":""1"",""专业"":""数学类，计算机科学与技术、数据科学与大数据技术、统计学"",""学历"":""仅限本科"",""学位"":""学士"",""政治面貌"":""不限"",""基层工作最低年限"":""二年"",""服务基层项目工作经历"":""无限制"",""是否在面试阶段组织专业能力测试"":""是"",""面试人员比例"":""3:1"",""工作地点"":""广东省"",""落户地点"":""广东省"",""备注"":""大学英语四级考试425分及以上，报名时请写明大学英语级别和具体分数；考生必须具备与填报学历及专业相应的学位；需24小时倒班；服从关区二次调配；专业能力测试安排，详见海关总署网站（www.customs.gov.cn）。"",""部门网站"":""huangpu.customs.gov.cn"",""咨询电话1"":""020-82130709"",""咨询电话2"":""020-82131067"",""咨询电话3"":""020-82132711"",""来源Sheet"":""中央国家行政机关省级以下直属机构""}}"
"government_jobs","国家公务员2024招考简章","公务员/事业单位技术岗位","广东省","2026-07-28T09:12:58.310295+00:00","风险防控四级主管","黄埔海关","","广东省","公务员/事业单位;2024;computer_software;仅限硕士研究生;硕士;统计学类、数学类，大数据技术与工程;中央机关及其省级直属机构综合管理类","用人司局：海关总署风险防控局（黄埔）
职位简介：从事海关风险防控以及智慧海关建设工作。
专业要求：统计学类、数学类，大数据技术与工程
学历要求：仅限硕士研究生
学位要求：硕士
政治面貌：不限
基层工作经历：二年
考试类别：中央机关及其省级直属机构综合管理类
备注：大学英语六级考试425分及以上，报名时请写明大学英语级别和具体分数；考生必须具备与填报学历及专业相应的学位；需24小时倒班；服从关区二次调配；专业能力测试安排，详见海关总署网站（www.customs.gov.cn）。","https://www.xuanhan.gov.cn/xxgk-show-77635.html#129131-300110108002","2023-10-15","{""dataset_year"":2024,""job_uid"":""GOV-2024-129131-300110108002"",""publisher"":""国家公务员局"",""publication_page"":""https://www.xuanhan.gov.cn/xxgk-show-77635.html"",""attachment_url"":""https://www.xuanhan.gov.cn/uploadfile/1/Attachment/638fdecf51.zip"",""local_source_file"":""中央机关及其直属机构2024年度考试录用公务员招考简章.xls"",""local_source_sha256"":""a1741b99dbecd6d03e533f99f2d69b0fa5a79733e551b80af69986ceed2ad996"",""source_sheet"":""中央国家行政机关省级以下直属机构"",""filter_version"":""government_tech_v2"",""tech_filter"":{""is_tech"":true,""is_core_tech"":true,""scope"":""core"",""categories"":[""computer_software""],""matched_fields"":[""major"",""description""],""major_terms"":[""大数据""],""role_terms"":[""智慧""],""reason"":""tech_major_and_role""},""original"":{""部门代码"":""129131"",""部门名称"":""黄埔海关"",""用人司局"":""海关总署风险防控局（黄埔）"",""机构性质"":""中央国家行政机关省级以下直属机构"",""招考职位"":""风险防控四级主管"",""职位属性"":""普通职位"",""职位分布"":""其他职位"",""职位简介"":""从事海关风险防控以及智慧海关建设工作。"",""职位代码"":""300110108002"",""机构层级"":""省（副省）级"",""考试类别"":""中央机关及其省级直属机构综合管理类"",""招考人数"":""2"",""专业"":""统计学类、数学类，大数据技术与工程"",""学历"":""仅限硕士研究生"",""学位"":""硕士"",""政治面貌"":""不限"",""基层工作最低年限"":""二年"",""服务基层项目工作经历"":""无限制"",""是否在面试阶段组织专业能力测试"":""是"",""面试人员比例"":""3:1"",""工作地点"":""广东省"",""落户地点"":""广东省"",""备注"":""大学英语六级考试425分及以上，报名时请写明大学英语级别和具体分数；考生必须具备与填报学历及专业相应的学位；需24小时倒班；服从关区二次调配；专业能力测试安排，详见海关总署网站（www.customs.gov.cn）。"",""部门网站"":""huangpu.customs.gov.cn"",""咨询电话1"":""020-82130709"",""咨询电话2"":""020-82131067"",""咨询电话3"":""020-82132711"",""来源Sheet"":""中央国家行政机关省级以下直属机构""}}"
"government_jobs","国家公务员2024招考简章","公务员/事业单位技术岗位","广东省江门市","2026-07-28T09:12:58.310295+00:00","风险防控四级主管及以下","江门海关","","广东省江门市","公务员/事业单位;2024;computer_software;data_ai;electronics_communication;本科或硕士研究生;与最高学历相对应的学位;人工智能、智能科学与技术、智能无人系统技术、软件工程、电子科学与技术、计算机科学与技术、空间信息与数字技术、物联网工程、数字信息处理技术、数学与控制科学、数学与应用数学、数据计算及应用;中央机关及其省级直属机构综合管理类","用人司局：江门海关
职位简介：从事海关风险防控、大数据分析以及智慧海关建设管理工作。
专业要求：人工智能、智能科学与技术、智能无人系统技术、软件工程、电子科学与技术、计算机科学与技术、空间信息与数字技术、物联网工程、数字信息处理技术、数学与控制科学、数学与应用数学、数据计算及应用
学历要求：本科或硕士研究生
学位要求：与最高学历相对应的学位
政治面貌：不限
基层工作经历：二年
考试类别：中央机关及其省级直属机构综合管理类
备注：本科生大学英语四级考试425分及以上，研究生大学英语六级考试425分及以上；本职位所指专业为具体专业名称；考生必须具备与填报学历及专业相应的学位；服从关区二次调配；专业能力测试安排，详见海关总署网站（www.customs.gov.cn）。","https://www.xuanhan.gov.cn/xxgk-show-77635.html#129132-300110001001","2023-10-15","{""dataset_year"":2024,""job_uid"":""GOV-2024-129132-300110001001"",""publisher"":""国家公务员局"",""publication_page"":""https://www.xuanhan.gov.cn/xxgk-show-77635.html"",""attachment_url"":""https://www.xuanhan.gov.cn/uploadfile/1/Attachment/638fdecf51.zip"",""local_source_file"":""中央机关及其直属机构2024年度考试录用公务员招考简章.xls"",""local_source_sha256"":""a1741b99dbecd6d03e533f99f2d69b0fa5a79733e551b80af69986ceed2ad996"",""source_sheet"":""中央国家行政机关省级以下直属机构"",""filter_version"":""government_tech_v2"",""tech_filter"":{""is_tech"":true,""is_core_tech"":true,""scope"":""core"",""categories"":[""computer_software"",""data_ai"",""electronics_communication""],""matched_fields"":[""major"",""description""],""major_terms"":[""人工智能"",""智能科学与技术"",""物联网工程"",""电子科学与技术"",""空间信息与数字技术"",""计算机科学与技术"",""软件工程""],""role_terms"":[""大数据"",""数据分析"",""智慧""],""reason"":""tech_major_and_role""},""original"":{""部门代码"":""129132"",""部门名称"":""江门海关"",""用人司局"":""江门海关"",""机构性质"":""中央国家行政机关省级以下直属机构"",""招考职位"":""风险防控四级主管及以下"",""职位属性"":""普通职位"",""职位分布"":""其他职位"",""职位简介"":""从事海关风险防控、大数据分析以及智慧海关建设管理工作。"",""职位代码"":""300110001001"",""机构层级"":""省（副省）级"",""考试类别"":""中央机关及其省级直属机构综合管理类"",""招考人数"":""1"",""专业"":""人工智能、智能科学与技术、智能无人系统技术、软件工程、电子科学与技术、计算机科学与技术、空间信息与数字技术、物联网工程、数字信息处理技术、数学与控制科学、数学与应用数学、数据计算及应用"",""学历"":""本科或硕士研究生"",""学位"":""与最高学历相对应的学位"",""政治面貌"":""不限"",""基层工作最低年限"":""二年"",""服务基层项目工作经历"":""无限制"",""是否在面试阶段组织专业能力测试"":""是"",""面试人员比例"":""3:1"",""工作地点"":""广东省江门市"",""落户地点"":""广东省江门市"",""备注"":""本科生大学英语四级考试425分及以上，研究生大学英语六级考试425分及以上；本职位所指专业为具体专业名称；考生必须具备与填报学历及专业相应的学位；服从关区二次调配；专业能力测试安排，详见海关总署网站（www.customs.gov.cn）。"",""部门网站"":""http://jiangmen.customs.gov.cn/"",""咨询电话1"":""07503263253"",""咨询电话2"":""07503263243"",""咨询电话3"":""07503263397"",""来源Sheet"":""中央国家行政机关省级以下直属机构""}}"
"government_jobs","国家公务员2024招考简章","公务员/事业单位技术岗位","广东省江门市","2026-07-28T09:12:58.310295+00:00","计算机技术四级主办及以下","江门海关","","广东省江门市","公务员/事业单位;2024;computer_software;cybersecurity_cryptography;本科或硕士研究生;与最高学历相对应的学位;本科：计算机科学与技术、软件工程、网络工程、网络空间安全； 研究生： 计算机科学与技术、计算机系统结构、计算机应用技术、软件工程、网络空间安全;行政执法类","用人司局：高沙海关
职位简介：从事海关国门安全信息技术以及智慧海关建设管理工作。
专业要求：本科：计算机科学与技术、软件工程、网络工程、网络空间安全； 研究生： 计算机科学与技术、计算机系统结构、计算机应用技术、软件工程、网络空间安全
学历要求：本科或硕士研究生
学位要求：与最高学历相对应的学位
政治面貌：不限
基层工作经历：无限制
考试类别：行政执法类
备注：限2024届高校毕业生；本科生大学英语四级考试425分及以上，研究生大学英语六级考试425分及以上；现场一线岗位；本职位所指专业为具体专业名称；考生必须具备与填报学历及专业相应的学位；服从关区二次调配。","https://www.xuanhan.gov.cn/xxgk-show-77635.html#129132-300110003001","2023-10-15","{""dataset_year"":2024,""job_uid"":""GOV-2024-129132-300110003001"",""publisher"":""国家公务员局"",""publication_page"":""https://www.xuanhan.gov.cn/xxgk-show-77635.html"",""attachment_url"":""https://www.xuanhan.gov.cn/uploadfile/1/Attachment/638fdecf51.zip"",""local_source_file"":""中央机关及其直属机构2024年度考试录用公务员招考简章.xls"",""local_source_sha256"":""a1741b99dbecd6d03e533f99f2d69b0fa5a79733e551b80af69986ceed2ad996"",""source_sheet"":""中央国家行政机关省级以下直属机构"",""filter_version"":""government_tech_v2"",""tech_filter"":{""is_tech"":true,""is_core_tech"":true,""scope"":""core"",""categories"":[""computer_software"",""cybersecurity_cryptography""],""matched_fields"":[""major"",""job_title"",""description""],""major_terms"":[""网络工程"",""网络空间安全"",""计算机"",""计算机科学与技术"",""软件工程""],""role_terms"":[""信息技术"",""智慧"",""计算机""],""reason"":""tech_major_and_role""},""original"":{""部门代码"":""129132"",""部门名称"":""江门海关"",""用人司局"":""高沙海关"",""机构性质"":""中央国家行政机关省级以下直属机构"",""招考职位"":""计算机技术四级主办及以下"",""职位属性"":""普通职位"",""职位分布"":""其他职位"",""职位简介"":""从事海关国门安全信息技术以及智慧海关建设管理工作。"",""职位代码"":""300110003001"",""机构层级"":""县（区）级及以下"",""考试类别"":""行政执法类"",""招考人数"":""1"",""专业"":""本科：计算机科学与技术、软件工程、网络工程、网络空间安全； 研究生： 计算机科学与技术、计算机系统结构、计算机应用技术、软件工程、网络空间安全"",""学历"":""本科或硕士研究生"",""学位"":""与最高学历相对应的学位"",""政治面貌"":""不限"",""基层工作最低年限"":""无限制"",""服务基层项目工作经历"":""无限制"",""是否在面试阶段组织专业能力测试"":""否"",""面试人员比例"":""3:1"",""工作地点"":""广东省江门市"",""落户地点"":""广东省江门市"",""备注"":""限2024届高校毕业生；本科生大学英语四级考试425分及以上，研究生大学英语六级考试425分及以上；现场一线岗位；本职位所指专业为具体专业名称；考生必须具备与填报学历及专业相应的学位；服从关区二次调配。"",""部门网站"":""http://jiangmen.customs.gov.cn/"",""咨询电话1"":""07503263253"",""咨询电话2"":""07503263243"",""咨询电话3"":""07503263397"",""来源Sheet"":""中央国家行政机关省级以下直属机构""}}"
"government_jobs","国家公务员2024招考简章","公务员/事业单位技术岗位","广东省江门市","2026-07-28T09:12:58.310295+00:00","海关统计四级主办及以下","江门海关","","广东省江门市","公务员/事业单位;2024;computer_software;本科或硕士研究生;与最高学历相对应的学位;本科：数学与应用数学、统计学、应用统计学、经济统计学、数据计算及应用； 研究生：数学、基础数学、计算数学、概率论与数理统计、应用数学、统计学、应用统计;行政执法类","用人司局：高沙海关
职位简介：从事海关统计分析以及智慧海关建设管理工作。
专业要求：本科：数学与应用数学、统计学、应用统计学、经济统计学、数据计算及应用； 研究生：数学、基础数学、计算数学、概率论与数理统计、应用数学、统计学、应用统计
学历要求：本科或硕士研究生
学位要求：与最高学历相对应的学位
政治面貌：不限
基层工作经历：无限制
考试类别：行政执法类
备注：限2024届高校毕业生；本科生大学英语四级考试425分及以上，研究生大学英语六级考试425分及以上；现场一线岗位；本职位所指专业为具体专业名称；考生必须具备与填报学历及专业相应的学位；服从关区二次调配。","https://www.xuanhan.gov.cn/xxgk-show-77635.html#129132-300110003002","2023-10-15","{""dataset_year"":2024,""job_uid"":""GOV-2024-129132-300110003002"",""publisher"":""国家公务员局"",""publication_page"":""https://www.xuanhan.gov.cn/xxgk-show-77635.html"",""attachment_url"":""https://www.xuanhan.gov.cn/uploadfile/1/Attachment/638fdecf51.zip"",""local_source_file"":""中央机关及其直属机构2024年度考试录用公务员招考简章.xls"",""local_source_sha256"":""a1741b99dbecd6d03e533f99f2d69b0fa5a79733e551b80af69986ceed2ad996"",""source_sheet"":""中央国家行政机关省级以下直属机构"",""filter_version"":""government_tech_v2"",""tech_filter"":{""is_tech"":true,""is_core_tech"":true,""scope"":""core"",""categories"":[""computer_software""],""matched_fields"":[""description""],""major_terms"":[],""role_terms"":[""智慧""],""reason"":""tech_role""},""original"":{""部门代码"":""129132"",""部门名称"":""江门海关"",""用人司局"":""高沙海关"",""机构性质"":""中央国家行政机关省级以下直属机构"",""招考职位"":""海关统计四级主办及以下"",""职位属性"":""普通职位"",""职位分布"":""其他职位"",""职位简介"":""从事海关统计分析以及智慧海关建设管理工作。"",""职位代码"":""300110003002"",""机构层级"":""县（区）级及以下"",""考试类别"":""行政执法类"",""招考人数"":""2"",""专业"":""本科：数学与应用数学、统计学、应用统计学、经济统计学、数据计算及应用； 研究生：数学、基础数学、计算数学、概率论与数理统计、应用数学、统计学、应用统计"",""学历"":""本科或硕士研究生"",""学位"":""与最高学历相对应的学位"",""政治面貌"":""不限"",""基层工作最低年限"":""无限制"",""服务基层项目工作经历"":""无限制"",""是否在面试阶段组织专业能力测试"":""否"",""面试人员比例"":""3:1"",""工作地点"":""广东省江门市"",""落户地点"":""广东省江门市"",""备注"":""限2024届高校毕业生；本科生大学英语四级考试425分及以上，研究生大学英语六级考试425分及以上；现场一线岗位；本职位所指专业为具体专业名称；考生必须具备与填报学历及专业相应的学位；服从关区二次调配。"",""部门网站"":""http://jiangmen.customs.gov.cn/"",""咨询电话1"":""07503263253"",""咨询电话2"":""07503263243"",""咨询电话3"":""07503263397"",""来源Sheet"":""中央国家行政机关省级以下直属机构""}}"
"government_jobs","国家公务员2024招考简章","公务员/事业单位技术岗位","广东省茂名市","2026-07-28T09:12:58.310295+00:00","科技管理四级主办及以下","湛江海关","","广东省茂名市","公务员/事业单位;2024;computer_software;cybersecurity_cryptography;electronics_communication;本科或硕士研究生;与最高学历相对应的学位;本科：信息安全、计算机科学与技术、软件工程、网络工程、光电信息科学与工程、大数据管理与应用     研究生：计算机系统结构、计算机应用技术;行政执法类","用人司局：茂名海关
职位简介：从事海关安全信息技术以及智慧海关建设工作。
专业要求：本科：信息安全、计算机科学与技术、软件工程、网络工程、光电信息科学与工程、大数据管理与应用     研究生：计算机系统结构、计算机应用技术
学历要求：本科或硕士研究生
学位要求：与最高学历相对应的学位
政治面貌：不限
基层工作经历：无限制
考试类别：行政执法类
备注：限2024届高校毕业生；本科生大学英语四级考试425分及以上,研究生大学英语六级考试425分及以上；本职位所指专业为具体专业名称；考生必须具备与填报学历及专业相应的学位；现场一线岗位；服从关区二次调配。","https://www.xuanhan.gov.cn/xxgk-show-77635.html#129133-300110005002","2023-10-15","{""dataset_year"":2024,""job_uid"":""GOV-2024-129133-300110005002"",""publisher"":""国家公务员局"",""publication_page"":""https://www.xuanhan.gov.cn/xxgk-show-77635.html"",""attachment_url"":""https://www.xuanhan.gov.cn/uploadfile/1/Attachment/638fdecf51.zip"",""local_source_file"":""中央机关及其直属机构2024年度考试录用公务员招考简章.xls"",""local_source_sha256"":""a1741b99dbecd6d03e533f99f2d69b0fa5a79733e551b80af69986ceed2ad996"",""source_sheet"":""中央国家行政机关省级以下直属机构"",""filter_version"":""government_tech_v2"",""tech_filter"":{""is_tech"":true,""is_core_tech"":true,""scope"":""core"",""categories"":[""computer_software"",""cybersecurity_cryptography"",""electronics_communication""],""matched_fields"":[""major"",""description""],""major_terms"":[""信息安全"",""光电信息"",""大数据"",""网络工程"",""计算机"",""计算机科学与技术"",""软件工程""],""role_terms"":[""信息技术"",""智慧""],""reason"":""tech_major_and_role""},""original"":{""部门代码"":""129133"",""部门名称"":""湛江海关"",""用人司局"":""茂名海关"",""机构性质"":""中央国家行政机关省级以下直属机构"",""招考职位"":""科技管理四级主办及以下"",""职位属性"":""普通职位"",""职位分布"":""其他职位"",""职位简介"":""从事海关安全信息技术以及智慧海关建设工作。"",""职位代码"":""300110005002"",""机构层级"":""县（区）级及以下"",""考试类别"":""行政执法类"",""招考人数"":""5"",""专业"":""本科：信息安全、计算机科学与技术、软件工程、网络工程、光电信息科学与工程、大数据管理与应用     研究生：计算机系统结构、计算机应用技术"",""学历"":""本科或硕士研究生"",""学位"":""与最高学历相对应的学位"",""政治面貌"":""不限"",""基层工作最低年限"":""无限制"",""服务基层项目工作经历"":""无限制"",""是否在面试阶段组织专业能力测试"":""否"",""面试人员比例"":""3:1"",""工作地点"":""广东省茂名市"",""落户地点"":""广东省茂名市"",""备注"":""限2024届高校毕业生；本科生大学英语四级考试425分及以上,研究生大学英语六级考试425分及以上；本职位所指专业为具体专业名称；考生必须具备与填报学历及专业相应的学位；现场一线岗位；服从关区二次调配。"",""部门网站"":""http://zhanjiang.customs.gov.cn"",""咨询电话1"":""0759-3251900"",""咨询电话2"":""0759-3251901"",""咨询电话3"":"""",""来源Sheet"":""中央国家行政机关省级以下直属机构""}}"
"government_jobs","国家公务员2024招考简章","公务员/事业单位技术岗位","广西壮族自治区","2026-07-28T09:12:58.310295+00:00","科技管理四级主办","南宁海关","","广西壮族自治区","公务员/事业单位;2024;computer_software;cybersecurity_cryptography;data_ai;仅限硕士研究生;硕士;大数据技术与工程、计算机技术、人工智能、软件工程、网络与信息安全、机器人科学与工程、网络空间安全、人工智能科学与工程、大数据科学与工程、网络信息安全、物联网工程、物联网技术、智能科学与工程、智能科学与技术、人工智能与机器学习、数据科学与工程;行政执法类","用人司局：隶属海关
职位简介：从事海关科技管理工作，以及智慧海关建设相关工作。
专业要求：大数据技术与工程、计算机技术、人工智能、软件工程、网络与信息安全、机器人科学与工程、网络空间安全、人工智能科学与工程、大数据科学与工程、网络信息安全、物联网工程、物联网技术、智能科学与工程、智能科学与技术、人工智能与机器学习、数据科学与工程
学历要求：仅限硕士研究生
学位要求：硕士
政治面貌：不限
基层工作经历：无限制
考试类别：行政执法类
备注：限2024届高校毕业生；统筹职位招录，用人单位为梧州海关、桂林海关，须服从关区二次调配；大学英语六级考试425分及以上；现场一线岗位；最低服务期5年（含试用期）；本职位所指专业为具体专业名称；考生须具备与填报学历及专业相应的学位。","https://www.xuanhan.gov.cn/xxgk-show-77635.html#129134-300110002027","2023-10-15","{""dataset_year"":2024,""job_uid"":""GOV-2024-129134-300110002027"",""publisher"":""国家公务员局"",""publication_page"":""https://www.xuanhan.gov.cn/xxgk-show-77635.html"",""attachment_url"":""https://www.xuanhan.gov.cn/uploadfile/1/Attachment/638fdecf51.zip"",""local_source_file"":""中央机关及其直属机构2024年度考试录用公务员招考简章.xls"",""local_source_sha256"":""a1741b99dbecd6d03e533f99f2d69b0fa5a79733e551b80af69986ceed2ad996"",""source_sheet"":""中央国家行政机关省级以下直属机构"",""filter_version"":""government_tech_v2"",""tech_filter"":{""is_tech"":true,""is_core_tech"":true,""scope"":""core"",""categories"":[""computer_software"",""cybersecurity_cryptography"",""data_ai""],""matched_fields"":[""major"",""description""],""major_terms"":[""人工智能"",""信息安全"",""大数据"",""数据科学"",""智能科学与技术"",""机器学习"",""物联网工程"",""网络空间安全"",""计算机技术"",""软件工程""],""role_terms"":[""智慧""],""reason"":""tech_major_and_role""},""original"":{""部门代码"":""129134"",""部门名称"":""南宁海关"",""用人司局"":""隶属海关"",""机构性质"":""中央国家行政机关省级以下直属机构"",""招考职位"":""科技管理四级主办"",""职位属性"":""普通职位"",""职位分布"":""西部地区和艰苦边远地区职位"",""职位简介"":""从事海关科技管理工作，以及智慧海关建设相关工作。"",""职位代码"":""300110002027"",""机构层级"":""县（区）级及以下"",""考试类别"":""行政执法类"",""招考人数"":""2"",""专业"":""大数据技术与工程、计算机技术、人工智能、软件工程、网络与信息安全、机器人科学与工程、网络空间安全、人工智能科学与工程、大数据科学与工程、网络信息安全、物联网工程、物联网技术、智能科学与工程、智能科学与技术、人工智能与机器学习、数据科学与工程"",""学历"":""仅限硕士研究生"",""学位"":""硕士"",""政治面貌"":""不限"",""基层工作最低年限"":""无限制"",""服务基层项目工作经历"":""无限制"",""是否在面试阶段组织专业能力测试"":""否"",""面试人员比例"":""3:1"",""工作地点"":""广西壮族自治区"",""落户地点"":""广西壮族自治区"",""备注"":""限2024届高校毕业生；统筹职位招录，用人单位为梧州海关、桂林海关，须服从关区二次调配；大学英语六级考试425分及以上；现场一线岗位；最低服务期5年（含试用期）；本职位所指专业为具体专业名称；考生须具备与填报学历及专业相应的学位。"",""部门网站"":""nanning.customs.gov.cn"",""咨询电话1"":""0771-5368960"",""咨询电话2"":""0771-5368961"",""咨询电话3"":"""",""来源Sheet"":""中央国家行政机关省级以下直属机构""}}"
"government_jobs","国家公务员2024招考简章","公务员/事业单位技术岗位","广西壮族自治区","2026-07-28T09:12:58.310295+00:00","科技管理一级行政执法员","南宁海关","","广西壮族自治区","公务员/事业单位;2024;automation_robotics;computer_software;cybersecurity_cryptography;仅限本科;学士;人工智能、机器人工程、智能装备与系统、工业智能、计算机科学与技术、软件工程、网络工程、信息安全、物联网工程、智能科学与技术、空间信息与数字技术、电子与计算机工程、数据科学与大数据技术、网络空间安全、虚拟现实技术、区块链工程;行政执法类","用人司局：隶属海关
职位简介：从事海关科技管理工作，以及智慧海关建设相关工作。
专业要求：人工智能、机器人工程、智能装备与系统、工业智能、计算机科学与技术、软件工程、网络工程、信息安全、物联网工程、智能科学与技术、空间信息与数字技术、电子与计算机工程、数据科学与大数据技术、网络空间安全、虚拟现实技术、区块链工程
学历要求：仅限本科
学位要求：学士
政治面貌：不限
基层工作经历：无限制
考试类别：行政执法类
备注：限2024届高校毕业生；统筹职位招录，用人单位为东兴海关、峒中海关、友谊关海关，须服从关区二次调配；现场一线岗位；最低服务期5年（含试用期）；本职位所指专业为具体专业名称；考生须具备与填报学历及专业相应的学位。","https://www.xuanhan.gov.cn/xxgk-show-77635.html#129134-300110002028","2023-10-15","{""dataset_year"":2024,""job_uid"":""GOV-2024-129134-300110002028"",""publisher"":""国家公务员局"",""publication_page"":""https://www.xuanhan.gov.cn/xxgk-show-77635.html"",""attachment_url"":""https://www.xuanhan.gov.cn/uploadfile/1/Attachment/638fdecf51.zip"",""local_source_file"":""中央机关及其直属机构2024年度考试录用公务员招考简章.xls"",""local_source_sha256"":""a1741b99dbecd6d03e533f99f2d69b0fa5a79733e551b80af69986ceed2ad996"",""source_sheet"":""中央国家行政机关省级以下直属机构"",""filter_version"":""government_tech_v2"",""tech_filter"":{""is_tech"":true,""is_core_tech"":true,""scope"":""core"",""categories"":[""automation_robotics"",""computer_software"",""cybersecurity_cryptography""],""matched_fields"":[""major"",""description""],""major_terms"":[""人工智能"",""信息安全"",""区块链工程"",""大数据"",""数据科学与大数据技术"",""智能科学与技术"",""机器人工程"",""物联网工程"",""空间信息与数字技术"",""网络工程"",""网络空间安全"",""虚拟现实技术"",""计算机"",""计算机科学与技术"",""软件工程""],""role_terms"":[""智慧""],""reason"":""tech_major_and_role""},""original"":{""部门代码"":""129134"",""部门名称"":""南宁海关"",""用人司局"":""隶属海关"",""机构性质"":""中央国家行政机关省级以下直属机构"",""招考职位"":""科技管理一级行政执法员"",""职位属性"":""普通职位"",""职位分布"":""西部地区和艰苦边远地区职位"",""职位简介"":""从事海关科技管理工作，以及智慧海关建设相关工作。"",""职位代码"":""300110002028"",""机构层级"":""县（区）级及以下"",""考试类别"":""行政执法类"",""招考人数"":""4"",""专业"":""人工智能、机器人工程、智能装备与系统、工业智能、计算机科学与技术、软件工程、网络工程、信息安全、物联网工程、智能科学与技术、空间信息与数字技术、电子与计算机工程、数据科学与大数据技术、网络空间安全、虚拟现实技术、区块链工程"",""学历"":""仅限本科"",""学位"":""学士"",""政治面貌"":""不限"",""基层工作最低年限"":""无限制"",""服务基层项目工作经历"":""无限制"",""是否在面试阶段组织专业能力测试"":""否"",""面试人员比例"":""3:1"",""工作地点"":""广西壮族自治区"",""落户地点"":""广西壮族自治区"",""备注"":""限2024届高校毕业生；统筹职位招录，用人单位为东兴海关、峒中海关、友谊关海关，须服从关区二次调配；现场一线岗位；最低服务期5年（含试用期）；本职位所指专业为具体专业名称；考生须具备与填报学历及专业相应的学位。"",""部门网站"":""nanning.customs.gov.cn"",""咨询电话1"":""0771-5368960"",""咨询电话2"":""0771-5368961"",""咨询电话3"":"""",""来源Sheet"":""中央国家行政机关省级以下直属机构""}}"
"government_jobs","国家公务员2024招考简章","公务员/事业单位技术岗位","海南省","2026-07-28T09:12:58.310295+00:00","计算机技术四级主办及以下","海口海关","","海南省","公务员/事业单位;2024;computer_software;cybersecurity_cryptography;本科或硕士研究生;与最高学历相对应的学位;计算机科学与技术、软件工程、网络工程、信息安全、物联网工程、电子与计算机工程、区块链工程、数据科学与大数据技术、网络空间安全、密码科学与技术、计算机系统结构、计算机软件与理论、计算机应用技术、计算机技术、大数据技术与工程、网络与信息安全;行政执法类","用人司局：洋浦海关
职位简介：从事智慧海关建设管理工作。
专业要求：计算机科学与技术、软件工程、网络工程、信息安全、物联网工程、电子与计算机工程、区块链工程、数据科学与大数据技术、网络空间安全、密码科学与技术、计算机系统结构、计算机软件与理论、计算机应用技术、计算机技术、大数据技术与工程、网络与信息安全
学历要求：本科或硕士研究生
学位要求：与最高学历相对应的学位
政治面貌：不限
基层工作经历：无限制
考试类别：行政执法类
备注：限应届高校毕业生；本科生大学英语四级考试425分及以上，研究生大学英语六级考试425分及以上；现场一线岗位；本职位所指专业为具体专业名称；考生必须具备与填报学历及专业相应的学位；服从关区二次调配。","https://www.xuanhan.gov.cn/xxgk-show-77635.html#129135-300110001018","2023-10-15","{""dataset_year"":2024,""job_uid"":""GOV-2024-129135-300110001018"",""publisher"":""国家公务员局"",""publication_page"":""https://www.xuanhan.gov.cn/xxgk-show-77635.html"",""attachment_url"":""https://www.xuanhan.gov.cn/uploadfile/1/Attachment/638fdecf51.zip"",""local_source_file"":""中央机关及其直属机构2024年度考试录用公务员招考简章.xls"",""local_source_sha256"":""a1741b99dbecd6d03e533f99f2d69b0fa5a79733e551b80af69986ceed2ad996"",""source_sheet"":""中央国家行政机关省级以下直属机构"",""filter_version"":""government_tech_v2"",""tech_filter"":{""is_tech"":true,""is_core_tech"":true,""scope"":""core"",""categories"":[""computer_software"",""cybersecurity_cryptography""],""matched_fields"":[""major"",""job_title"",""description""],""major_terms"":[""信息安全"",""区块链工程"",""大数据"",""密码科学"",""密码科学与技术"",""数据科学与大数据技术"",""物联网工程"",""网络工程"",""网络空间安全"",""计算机"",""计算机技术"",""计算机科学与技术"",""软件工程""],""role_terms"":[""智慧"",""计算机""],""reason"":""tech_major_and_role""},""original"":{""部门代码"":""129135"",""部门名称"":""海口海关"",""用人司局"":""洋浦海关"",""机构性质"":""中央国家行政机关省级以下直属机构"",""招考职位"":""计算机技术四级主办及以下"",""职位属性"":""普通职位"",""职位分布"":""其他职位"",""职位简介"":""从事智慧海关建设管理工作。"",""职位代码"":""300110001018"",""机构层级"":""市（地）级"",""考试类别"":""行政执法类"",""招考人数"":""1"",""专业"":""计算机科学与技术、软件工程、网络工程、信息安全、物联网工程、电子与计算机工程、区块链工程、数据科学与大数据技术、网络空间安全、密码科学与技术、计算机系统结构、计算机软件与理论、计算机应用技术、计算机技术、大数据技术与工程、网络与信息安全"",""学历"":""本科或硕士研究生"",""学位"":""与最高学历相对应的学位"",""政治面貌"":""不限"",""基层工作最低年限"":""无限制"",""服务基层项目工作经历"":""无限制"",""是否在面试阶段组织专业能力测试"":""否"",""面试人员比例"":""3:1"",""工作地点"":""海南省"",""落户地点"":""海南省"",""备注"":""限应届高校毕业生；本科生大学英语四级考试425分及以上，研究生大学英语六级考试425分及以上；现场一线岗位；本职位所指专业为具体专业名称；考生必须具备与填报学历及专业相应的学位；服从关区二次调配。"",""部门网站"":""http://haikou.customs.gov.cn"",""咨询电话1"":""0898-68516212"",""咨询电话2"":""0898-68516213"",""咨询电话3"":""0898-68516358"",""来源Sheet"":""中央国家行政机关省级以下直属机构""}}"
"government_jobs","国家公务员2024招考简章","公务员/事业单位技术岗位","海南省","2026-07-28T09:12:58.310295+00:00","计算机技术一级行政执法员","海口海关","","海南省","公务员/事业单位;2024;computer_software;cybersecurity_cryptography;仅限本科;学士;计算机科学与技术、软件工程、网络工程、信息安全、物联网工程、电子与计算机工程、区块链工程、数据科学与大数据技术、网络空间安全、密码科学与技术;行政执法类","用人司局：海口港海关
职位简介：从事智慧海关建设管理工作。
专业要求：计算机科学与技术、软件工程、网络工程、信息安全、物联网工程、电子与计算机工程、区块链工程、数据科学与大数据技术、网络空间安全、密码科学与技术
学历要求：仅限本科
学位要求：学士
政治面貌：不限
基层工作经历：无限制
考试类别：行政执法类
备注：限2024届高校毕业生；大学英语四级考试425分及以上；现场一线岗位；本职位所指专业为具体专业名称；考生必须具备与填报学历及专业相应的学位；服从关区二次调配。","https://www.xuanhan.gov.cn/xxgk-show-77635.html#129135-300110003009","2023-10-15","{""dataset_year"":2024,""job_uid"":""GOV-2024-129135-300110003009"",""publisher"":""国家公务员局"",""publication_page"":""https://www.xuanhan.gov.cn/xxgk-show-77635.html"",""attachment_url"":""https://www.xuanhan.gov.cn/uploadfile/1/Attachment/638fdecf51.zip"",""local_source_file"":""中央机关及其直属机构2024年度考试录用公务员招考简章.xls"",""local_source_sha256"":""a1741b99dbecd6d03e533f99f2d69b0fa5a79733e551b80af69986ceed2ad996"",""source_sheet"":""中央国家行政机关省级以下直属机构"",""filter_version"":""government_tech_v2"",""tech_filter"":{""is_tech"":true,""is_core_tech"":true,""scope"":""core"",""categories"":[""computer_software"",""cybersecurity_cryptography""],""matched_fields"":[""major"",""job_title"",""description""],""major_terms"":[""信息安全"",""区块链工程"",""大数据"",""密码科学"",""密码科学与技术"",""数据科学与大数据技术"",""物联网工程"",""网络工程"",""网络空间安全"",""计算机"",""计算机科学与技术"",""软件工程""],""role_terms"":[""智慧"",""计算机""],""reason"":""tech_major_and_role""},""original"":{""部门代码"":""129135"",""部门名称"":""海口海关"",""用人司局"":""海口港海关"",""机构性质"":""中央国家行政机关省级以下直属机构"",""招考职位"":""计算机技术一级行政执法员"",""职位属性"":""普通职位"",""职位分布"":""其他职位"",""职位简介"":""从事智慧海关建设管理工作。"",""职位代码"":""300110003009"",""机构层级"":""县（区）级及以下"",""考试类别"":""行政执法类"",""招考人数"":""1"",""专业"":""计算机科学与技术、软件工程、网络工程、信息安全、物联网工程、电子与计算机工程、区块链工程、数据科学与大数据技术、网络空间安全、密码科学与技术"",""学历"":""仅限本科"",""学位"":""学士"",""政治面貌"":""不限"",""基层工作最低年限"":""无限制"",""服务基层项目工作经历"":""无限制"",""是否在面试阶段组织专业能力测试"":""否"",""面试人员比例"":""3:1"",""工作地点"":""海南省"",""落户地点"":""海南省"",""备注"":""限2024届高校毕业生；大学英语四级考试425分及以上；现场一线岗位；本职位所指专业为具体专业名称；考生必须具备与填报学历及专业相应的学位；服从关区二次调配。"",""部门网站"":""http://haikou.customs.gov.cn"",""咨询电话1"":""0898-68516212"",""咨询电话2"":""0898-68516213"",""咨询电话3"":""0898-68516358"",""来源Sheet"":""中央国家行政机关省级以下直属机构""}}"
"government_jobs","国家公务员2024招考简章","公务员/事业单位技术岗位","海南省","2026-07-28T09:12:58.310295+00:00","计算机技术一级行政执法员","海口海关","","海南省","公务员/事业单位;2024;computer_software;cybersecurity_cryptography;仅限本科;学士;计算机科学与技术、软件工程、网络工程、信息安全、物联网工程、电子与计算机工程、区块链工程、数据科学与大数据技术、网络空间安全、密码科学与技术;行政执法类","用人司局：三亚海关
职位简介：从事智慧海关建设管理工作。
专业要求：计算机科学与技术、软件工程、网络工程、信息安全、物联网工程、电子与计算机工程、区块链工程、数据科学与大数据技术、网络空间安全、密码科学与技术
学历要求：仅限本科
学位要求：学士
政治面貌：不限
基层工作经历：无限制
考试类别：行政执法类
备注：限2024届高校毕业生；大学英语四级考试425分及以上；现场一线岗位；本职位所指专业为具体专业名称；考生必须具备与填报学历及专业相应的学位；服从关区二次调配。","https://www.xuanhan.gov.cn/xxgk-show-77635.html#129135-300110004007","2023-10-15","{""dataset_year"":2024,""job_uid"":""GOV-2024-129135-300110004007"",""publisher"":""国家公务员局"",""publication_page"":""https://www.xuanhan.gov.cn/xxgk-show-77635.html"",""attachment_url"":""https://www.xuanhan.gov.cn/uploadfile/1/Attachment/638fdecf51.zip"",""local_source_file"":""中央机关及其直属机构2024年度考试录用公务员招考简章.xls"",""local_source_sha256"":""a1741b99dbecd6d03e533f99f2d69b0fa5a79733e551b80af69986ceed2ad996"",""source_sheet"":""中央国家行政机关省级以下直属机构"",""filter_version"":""government_tech_v2"",""tech_filter"":{""is_tech"":true,""is_core_tech"":true,""scope"":""core"",""categories"":[""computer_software"",""cybersecurity_cryptography""],""matched_fields"":[""major"",""job_title"",""description""],""major_terms"":[""信息安全"",""区块链工程"",""大数据"",""密码科学"",""密码科学与技术"",""数据科学与大数据技术"",""物联网工程"",""网络工程"",""网络空间安全"",""计算机"",""计算机科学与技术"",""软件工程""],""role_terms"":[""智慧"",""计算机""],""reason"":""tech_major_and_role""},""original"":{""部门代码"":""129135"",""部门名称"":""海口海关"",""用人司局"":""三亚海关"",""机构性质"":""中央国家行政机关省级以下直属机构"",""招考职位"":""计算机技术一级行政执法员"",""职位属性"":""普通职位"",""职位分布"":""其他职位"",""职位简介"":""从事智慧海关建设管理工作。"",""职位代码"":""300110004007"",""机构层级"":""县（区）级及以下"",""考试类别"":""行政执法类"",""招考人数"":""1"",""专业"":""计算机科学与技术、软件工程、网络工程、信息安全、物联网工程、电子与计算机工程、区块链工程、数据科学与大数据技术、网络空间安全、密码科学与技术"",""学历"":""仅限本科"",""学位"":""学士"",""政治面貌"":""不限"",""基层工作最低年限"":""无限制"",""服务基层项目工作经历"":""无限制"",""是否在面试阶段组织专业能力测试"":""否"",""面试人员比例"":""3:1"",""工作地点"":""海南省"",""落户地点"":""海南省"",""备注"":""限2024届高校毕业生；大学英语四级考试425分及以上；现场一线岗位；本职位所指专业为具体专业名称；考生必须具备与填报学历及专业相应的学位；服从关区二次调配。"",""部门网站"":""http://haikou.customs.gov.cn"",""咨询电话1"":""0898-68516212"",""咨询电话2"":""0898-68516213"",""咨询电话3"":""0898-68516358"",""来源Sheet"":""中央国家行政机关省级以下直属机构""}}"
"government_jobs","国家公务员2024招考简章","公务员/事业单位技术岗位","海南省","2026-07-28T09:12:58.310295+00:00","风险管理二级主管及以下","海口海关","","海南省","公务员/事业单位;2024;computer_software;本科及以上;与最高学历相对应的学位;计算机科学与技术、软件工程、物联网工程、智能科学与技术、数据科学与大数据技术、区块链工程、计算机系统结构、计算机软件与理论、计算机应用技术;中央机关及其省级直属机构综合管理类","用人司局：海口海关风险防控分局
职位简介：从事海关风险防控管理及智慧海关建设管理工作。
专业要求：计算机科学与技术、软件工程、物联网工程、智能科学与技术、数据科学与大数据技术、区块链工程、计算机系统结构、计算机软件与理论、计算机应用技术
学历要求：本科及以上
学位要求：与最高学历相对应的学位
政治面貌：不限
基层工作经历：二年
考试类别：中央机关及其省级直属机构综合管理类
备注：本科生大学英语四级考试425分及以上，研究生大学英语六级考试425分及以上；本职位所指专业为具体专业名称；考生必须具备与填报学历及专业相应的学位；专业能力测试安排，详见海关总署网站（www.customs.gov.cn）。","https://www.xuanhan.gov.cn/xxgk-show-77635.html#129135-300110011001","2023-10-15","{""dataset_year"":2024,""job_uid"":""GOV-2024-129135-300110011001"",""publisher"":""国家公务员局"",""publication_page"":""https://www.xuanhan.gov.cn/xxgk-show-77635.html"",""attachment_url"":""https://www.xuanhan.gov.cn/uploadfile/1/Attachment/638fdecf51.zip"",""local_source_file"":""中央机关及其直属机构2024年度考试录用公务员招考简章.xls"",""local_source_sha256"":""a1741b99dbecd6d03e533f99f2d69b0fa5a79733e551b80af69986ceed2ad996"",""source_sheet"":""中央国家行政机关省级以下直属机构"",""filter_version"":""government_tech_v2"",""tech_filter"":{""is_tech"":true,""is_core_tech"":true,""scope"":""core"",""categories"":[""computer_software""],""matched_fields"":[""major"",""description""],""major_terms"":[""区块链工程"",""大数据"",""数据科学与大数据技术"",""智能科学与技术"",""物联网工程"",""计算机"",""计算机科学与技术"",""软件工程""],""role_terms"":[""智慧""],""reason"":""tech_major_and_role""},""original"":{""部门代码"":""129135"",""部门名称"":""海口海关"",""用人司局"":""海口海关风险防控分局"",""机构性质"":""中央国家行政机关省级以下直属机构"",""招考职位"":""风险管理二级主管及以下"",""职位属性"":""普通职位"",""职位分布"":""其他职位"",""职位简介"":""从事海关风险防控管理及智慧海关建设管理工作。"",""职位代码"":""300110011001"",""机构层级"":""省（副省）级"",""考试类别"":""中央机关及其省级直属机构综合管理类"",""招考人数"":""2"",""专业"":""计算机科学与技术、软件工程、物联网工程、智能科学与技术、数据科学与大数据技术、区块链工程、计算机系统结构、计算机软件与理论、计算机应用技术"",""学历"":""本科及以上"",""学位"":""与最高学历相对应的学位"",""政治面貌"":""不限"",""基层工作最低年限"":""二年"",""服务基层项目工作经历"":""无限制"",""是否在面试阶段组织专业能力测试"":""是"",""面试人员比例"":""3:1"",""工作地点"":""海南省"",""落户地点"":""海南省"",""备注"":""本科生大学英语四级考试425分及以上，研究生大学英语六级考试425分及以上；本职位所指专业为具体专业名称；考生必须具备与填报学历及专业相应的学位；专业能力测试安排，详见海关总署网站（www.customs.gov.cn）。"",""部门网站"":""http://haikou.customs.gov.cn"",""咨询电话1"":""0898-68516212"",""咨询电话2"":""0898-68516213"",""咨询电话3"":""0898-68516358"",""来源Sheet"":""中央国家行政机关省级以下直属机构""}}"
"government_jobs","国家公务员2024招考简章","公务员/事业单位技术岗位","海南省","2026-07-28T09:12:58.310295+00:00","科技管理二级主管及以下","海口海关","","海南省","公务员/事业单位;2024;computer_software;cybersecurity_cryptography;本科及以上;与最高学历相对应的学位;计算机科学与技术、软件工程、网络工程、信息安全、物联网工程、电子与计算机工程、区块链工程、数据科学与大数据技术、网络空间安全、密码科学与技术、计算机系统结构、计算机软件与理论、计算机应用技术、计算机技术、大数据技术与工程、网络与信息安全;中央机关及其省级直属机构综合管理类","用人司局：海口海关
职位简介：从事海关科技管理及智慧海关建设管理工作。
专业要求：计算机科学与技术、软件工程、网络工程、信息安全、物联网工程、电子与计算机工程、区块链工程、数据科学与大数据技术、网络空间安全、密码科学与技术、计算机系统结构、计算机软件与理论、计算机应用技术、计算机技术、大数据技术与工程、网络与信息安全
学历要求：本科及以上
学位要求：与最高学历相对应的学位
政治面貌：不限
基层工作经历：二年
考试类别：中央机关及其省级直属机构综合管理类
备注：本科生大学英语四级考试425分及以上，研究生大学英语六级考试425分及以上；本职位所指专业为具体专业名称；考生必须具备与填报学历及专业相应的学位；专业能力测试安排，详见海关总署网站（www.customs.gov.cn）。","https://www.xuanhan.gov.cn/xxgk-show-77635.html#129135-300110012001","2023-10-15","{""dataset_year"":2024,""job_uid"":""GOV-2024-129135-300110012001"",""publisher"":""国家公务员局"",""publication_page"":""https://www.xuanhan.gov.cn/xxgk-show-77635.html"",""attachment_url"":""https://www.xuanhan.gov.cn/uploadfile/1/Attachment/638fdecf51.zip"",""local_source_file"":""中央机关及其直属机构2024年度考试录用公务员招考简章.xls"",""local_source_sha256"":""a1741b99dbecd6d03e533f99f2d69b0fa5a79733e551b80af69986ceed2ad996"",""source_sheet"":""中央国家行政机关省级以下直属机构"",""filter_version"":""government_tech_v2"",""tech_filter"":{""is_tech"":true,""is_core_tech"":true,""scope"":""core"",""categories"":[""computer_software"",""cybersecurity_cryptography""],""matched_fields"":[""major"",""description""],""major_terms"":[""信息安全"",""区块链工程"",""大数据"",""密码科学"",""密码科学与技术"",""数据科学与大数据技术"",""物联网工程"",""网络工程"",""网络空间安全"",""计算机"",""计算机技术"",""计算机科学与技术"",""软件工程""],""role_terms"":[""智慧""],""reason"":""tech_major_and_role""},""original"":{""部门代码"":""129135"",""部门名称"":""海口海关"",""用人司局"":""海口海关"",""机构性质"":""中央国家行政机关省级以下直属机构"",""招考职位"":""科技管理二级主管及以下"",""职位属性"":""普通职位"",""职位分布"":""其他职位"",""职位简介"":""从事海关科技管理及智慧海关建设管理工作。"",""职位代码"":""300110012001"",""机构层级"":""省（副省）级"",""考试类别"":""中央机关及其省级直属机构综合管理类"",""招考人数"":""1"",""专业"":""计算机科学与技术、软件工程、网络工程、信息安全、物联网工程、电子与计算机工程、区块链工程、数据科学与大数据技术、网络空间安全、密码科学与技术、计算机系统结构、计算机软件与理论、计算机应用技术、计算机技术、大数据技术与工程、网络与信息安全"",""学历"":""本科及以上"",""学位"":""与最高学历相对应的学位"",""政治面貌"":""不限"",""基层工作最低年限"":""二年"",""服务基层项目工作经历"":""无限制"",""是否在面试阶段组织专业能力测试"":""是"",""面试人员比例"":""3:1"",""工作地点"":""海南省"",""落户地点"":""海南省"",""备注"":""本科生大学英语四级考试425分及以上，研究生大学英语六级考试425分及以上；本职位所指专业为具体专业名称；考生必须具备与填报学历及专业相应的学位；专业能力测试安排，详见海关总署网站（www.customs.gov.cn）。"",""部门网站"":""http://haikou.customs.gov.cn"",""咨询电话1"":""0898-68516212"",""咨询电话2"":""0898-68516213"",""咨询电话3"":""0898-68516358"",""来源Sheet"":""中央国家行政机关省级以下直属机构""}}"
"government_jobs","国家公务员2024招考简章","公务员/事业单位技术岗位","四川省","2026-07-28T09:12:58.310295+00:00","科技处二级主管及以下","成都海关","","四川省","公务员/事业单位;2024;computer_software;cybersecurity_cryptography;本科及以上;与最高学历相对应的学位;本科：网络工程、信息安全、软件工程、计算机科学与技术；研究生：计算机应用技术、计算机软件与理论、通信与信息系统;中央机关及其省级直属机构综合管理类","用人司局：成都海关
职位简介：从事信息化应用管理与网络安全运行工作，以及智慧海关建设管理工作。
专业要求：本科：网络工程、信息安全、软件工程、计算机科学与技术；研究生：计算机应用技术、计算机软件与理论、通信与信息系统
学历要求：本科及以上
学位要求：与最高学历相对应的学位
政治面貌：不限
基层工作经历：二年
考试类别：中央机关及其省级直属机构综合管理类
备注：本科生大学英语四级考试425分及以上，研究生大学英语六级考试425分及以上；专业能力测试安排，详见海关总署网站（www.customs.gov.cn）；住宿自理；本职位所指专业为具体专业名称；考生必须具备与填报学历及专业相应的学位；服从关区二次调配。","https://www.xuanhan.gov.cn/xxgk-show-77635.html#129137-300110001004","2023-10-15","{""dataset_year"":2024,""job_uid"":""GOV-2024-129137-300110001004"",""publisher"":""国家公务员局"",""publication_page"":""https://www.xuanhan.gov.cn/xxgk-show-77635.html"",""attachment_url"":""https://www.xuanhan.gov.cn/uploadfile/1/Attachment/638fdecf51.zip"",""local_source_file"":""中央机关及其直属机构2024年度考试录用公务员招考简章.xls"",""local_source_sha256"":""a1741b99dbecd6d03e533f99f2d69b0fa5a79733e551b80af69986ceed2ad996"",""source_sheet"":""中央国家行政机关省级以下直属机构"",""filter_version"":""government_tech_v2"",""tech_filter"":{""is_tech"":true,""is_core_tech"":true,""scope"":""core"",""categories"":[""computer_software"",""cybersecurity_cryptography""],""matched_fields"":[""major"",""description""],""major_terms"":[""信息安全"",""网络工程"",""计算机"",""计算机科学与技术"",""软件工程""],""role_terms"":[""信息化"",""智慧"",""网络安全""],""reason"":""tech_major_and_role""},""original"":{""部门代码"":""129137"",""部门名称"":""成都海关"",""用人司局"":""成都海关"",""机构性质"":""中央国家行政机关省级以下直属机构"",""招考职位"":""科技处二级主管及以下"",""职位属性"":""普通职位"",""职位分布"":""其他职位"",""职位简介"":""从事信息化应用管理与网络安全运行工作，以及智慧海关建设管理工作。"",""职位代码"":""300110001004"",""机构层级"":""省（副省）级"",""考试类别"":""中央机关及其省级直属机构综合管理类"",""招考人数"":""1"",""专业"":""本科：网络工程、信息安全、软件工程、计算机科学与技术；研究生：计算机应用技术、计算机软件与理论、通信与信息系统"",""学历"":""本科及以上"",""学位"":""与最高学历相对应的学位"",""政治面貌"":""不限"",""基层工作最低年限"":""二年"",""服务基层项目工作经历"":""无限制"",""是否在面试阶段组织专业能力测试"":""是"",""面试人员比例"":""3:1"",""工作地点"":""四川省"",""落户地点"":""四川省"",""备注"":""本科生大学英语四级考试425分及以上，研究生大学英语六级考试425分及以上；专业能力测试安排，详见海关总署网站（www.customs.gov.cn）；住宿自理；本职位所指专业为具体专业名称；考生必须具备与填报学历及专业相应的学位；服从关区二次调配。"",""部门网站"":""http://chengdu.customs.gov.cn/"",""咨询电话1"":""028-85391390"",""咨询电话2"":""028-85391561"",""咨询电话3"":""028-85390378"",""来源Sheet"":""中央国家行政机关省级以下直属机构""}}"
"government_jobs","国家公务员2024招考简章","公务员/事业单位技术岗位","四川省","2026-07-28T09:12:58.310295+00:00","科技管理四级主办及以下","成都海关","","四川省","公务员/事业单位;2024;computer_software;本科或硕士研究生;与最高学历相对应的学位;本科：信息管理与信息系统、计算机科学与技术、软件工程、网络工程；研究生：计算机应用技术、计算机软件与理论、通信与信息系统;行政执法类","用人司局：自贡海关
职位简介：从事海关科技管理相关工作，以及智慧海关建设管理工作。
专业要求：本科：信息管理与信息系统、计算机科学与技术、软件工程、网络工程；研究生：计算机应用技术、计算机软件与理论、通信与信息系统
学历要求：本科或硕士研究生
学位要求：与最高学历相对应的学位
政治面貌：不限
基层工作经历：无限制
考试类别：行政执法类
备注：限应届高校毕业生；本科生大学英语四级考试425分及以上，研究生大学英语六级考试425分及以上；现场一线岗位；住宿自理；本职位所指专业为具体专业名称；考生必须具备与填报学历及专业相应的学位；服从关区二次调配。","https://www.xuanhan.gov.cn/xxgk-show-77635.html#129137-300110006001","2023-10-15","{""dataset_year"":2024,""job_uid"":""GOV-2024-129137-300110006001"",""publisher"":""国家公务员局"",""publication_page"":""https://www.xuanhan.gov.cn/xxgk-show-77635.html"",""attachment_url"":""https://www.xuanhan.gov.cn/uploadfile/1/Attachment/638fdecf51.zip"",""local_source_file"":""中央机关及其直属机构2024年度考试录用公务员招考简章.xls"",""local_source_sha256"":""a1741b99dbecd6d03e533f99f2d69b0fa5a79733e551b80af69986ceed2ad996"",""source_sheet"":""中央国家行政机关省级以下直属机构"",""filter_version"":""government_tech_v2"",""tech_filter"":{""is_tech"":true,""is_core_tech"":true,""scope"":""core"",""categories"":[""computer_software""],""matched_fields"":[""major"",""description""],""major_terms"":[""网络工程"",""计算机"",""计算机科学与技术"",""软件工程""],""role_terms"":[""智慧""],""reason"":""tech_major_and_role""},""original"":{""部门代码"":""129137"",""部门名称"":""成都海关"",""用人司局"":""自贡海关"",""机构性质"":""中央国家行政机关省级以下直属机构"",""招考职位"":""科技管理四级主办及以下"",""职位属性"":""普通职位"",""职位分布"":""西部地区和艰苦边远地区职位"",""职位简介"":""从事海关科技管理相关工作，以及智慧海关建设管理工作。"",""职位代码"":""300110006001"",""机构层级"":""县（区）级及以下"",""考试类别"":""行政执法类"",""招考人数"":""1"",""专业"":""本科：信息管理与信息系统、计算机科学与技术、软件工程、网络工程；研究生：计算机应用技术、计算机软件与理论、通信与信息系统"",""学历"":""本科或硕士研究生"",""学位"":""与最高学历相对应的学位"",""政治面貌"":""不限"",""基层工作最低年限"":""无限制"",""服务基层项目工作经历"":""无限制"",""是否在面试阶段组织专业能力测试"":""否"",""面试人员比例"":""3:1"",""工作地点"":""四川省"",""落户地点"":""四川省"",""备注"":""限应届高校毕业生；本科生大学英语四级考试425分及以上，研究生大学英语六级考试425分及以上；现场一线岗位；住宿自理；本职位所指专业为具体专业名称；考生必须具备与填报学历及专业相应的学位；服从关区二次调配。"",""部门网站"":""http://chengdu.customs.gov.cn/"",""咨询电话1"":""028-85391390"",""咨询电话2"":""028-85391561"",""咨询电话3"":""028-85390378"",""来源Sheet"":""中央国家行政机关省级以下直属机构""}}"
"government_jobs","国家公务员2024招考简章","公务员/事业单位技术岗位","四川省","2026-07-28T09:12:58.310295+00:00","科技管理四级主办及以下","成都海关","","四川省","公务员/事业单位;2024;computer_software;本科或硕士研究生;与最高学历相对应的学位;本科：信息管理与信息系统、计算机科学与技术、软件工程、网络工程；研究生：计算机应用技术、计算机软件与理论、通信与信息系统;行政执法类","用人司局：攀枝花海关
职位简介：从事海关科技管理相关工作，以及智慧海关建设管理工作。
专业要求：本科：信息管理与信息系统、计算机科学与技术、软件工程、网络工程；研究生：计算机应用技术、计算机软件与理论、通信与信息系统
学历要求：本科或硕士研究生
学位要求：与最高学历相对应的学位
政治面貌：不限
基层工作经历：无限制
考试类别：行政执法类
备注：限应届高校毕业生；本科生大学英语四级考试425分及以上，研究生大学英语六级考试425分及以上；现场一线岗位；住宿自理；本职位所指专业为具体专业名称；考生必须具备与填报学历及专业相应的学位；服从关区二次调配。","https://www.xuanhan.gov.cn/xxgk-show-77635.html#129137-300110007002","2023-10-15","{""dataset_year"":2024,""job_uid"":""GOV-2024-129137-300110007002"",""publisher"":""国家公务员局"",""publication_page"":""https://www.xuanhan.gov.cn/xxgk-show-77635.html"",""attachment_url"":""https://www.xuanhan.gov.cn/uploadfile/1/Attachment/638fdecf51.zip"",""local_source_file"":""中央机关及其直属机构2024年度考试录用公务员招考简章.xls"",""local_source_sha256"":""a1741b99dbecd6d03e533f99f2d69b0fa5a79733e551b80af69986ceed2ad996"",""source_sheet"":""中央国家行政机关省级以下直属机构"",""filter_version"":""government_tech_v2"",""tech_filter"":{""is_tech"":true,""is_core_tech"":true,""scope"":""core"",""categories"":[""computer_software""],""matched_fields"":[""major"",""description""],""major_terms"":[""网络工程"",""计算机"",""计算机科学与技术"",""软件工程""],""role_terms"":[""智慧""],""reason"":""tech_major_and_role""},""original"":{""部门代码"":""129137"",""部门名称"":""成都海关"",""用人司局"":""攀枝花海关"",""机构性质"":""中央国家行政机关省级以下直属机构"",""招考职位"":""科技管理四级主办及以下"",""职位属性"":""普通职位"",""职位分布"":""西部地区和艰苦边远地区职位"",""职位简介"":""从事海关科技管理相关工作，以及智慧海关建设管理工作。"",""职位代码"":""300110007002"",""机构层级"":""县（区）级及以下"",""考试类别"":""行政执法类"",""招考人数"":""1"",""专业"":""本科：信息管理与信息系统、计算机科学与技术、软件工程、网络工程；研究生：计算机应用技术、计算机软件与理论、通信与信息系统"",""学历"":""本科或硕士研究生"",""学位"":""与最高学历相对应的学位"",""政治面貌"":""不限"",""基层工作最低年限"":""无限制"",""服务基层项目工作经历"":""无限制"",""是否在面试阶段组织专业能力测试"":""否"",""面试人员比例"":""3:1"",""工作地点"":""四川省"",""落户地点"":""四川省"",""备注"":""限应届高校毕业生；本科生大学英语四级考试425分及以上，研究生大学英语六级考试425分及以上；现场一线岗位；住宿自理；本职位所指专业为具体专业名称；考生必须具备与填报学历及专业相应的学位；服从关区二次调配。"",""部门网站"":""http://chengdu.customs.gov.cn/"",""咨询电话1"":""028-85391390"",""咨询电话2"":""028-85391561"",""咨询电话3"":""028-85390378"",""来源Sheet"":""中央国家行政机关省级以下直属机构""}}"
"government_jobs","国家公务员2024招考简章","公务员/事业单位技术岗位","云南省昆明市","2026-07-28T09:12:58.310295+00:00","风险防控二级主管及以下","昆明海关","","云南省昆明市","公务员/事业单位;2024;computer_software;硕士研究生及以上;与最高学历相对应的学位;数学与应用数学（070101）、信息与计算科学（070102）、统计学（071201）、应用统计学（071202）、数据科学与大数据技术（080910T）、大数据管理与应用（120108T）;中央机关及其省级直属机构综合管理类","用人司局：昆明海关风险防控分局
职位简介：从事智慧海关建设及海关风险防控工作。
专业要求：数学与应用数学（070101）、信息与计算科学（070102）、统计学（071201）、应用统计学（071202）、数据科学与大数据技术（080910T）、大数据管理与应用（120108T）
学历要求：硕士研究生及以上
学位要求：与最高学历相对应的学位
政治面貌：不限
基层工作经历：二年
考试类别：中央机关及其省级直属机构综合管理类
备注：现场一线岗位；本职位所指专业为具体专业名称；硕士研究生阶段所学专业代码前四位应与本岗位所列专业代码前四位相符；考生必须具备与填报学历及专业相应的学位；服从关区二次调配；最低服务年限5年。专业能力测试安排，详见海关总署网站（www.customs.gov.cn）。","https://www.xuanhan.gov.cn/xxgk-show-77635.html#129139-300110002001","2023-10-15","{""dataset_year"":2024,""job_uid"":""GOV-2024-129139-300110002001"",""publisher"":""国家公务员局"",""publication_page"":""https://www.xuanhan.gov.cn/xxgk-show-77635.html"",""attachment_url"":""https://www.xuanhan.gov.cn/uploadfile/1/Attachment/638fdecf51.zip"",""local_source_file"":""中央机关及其直属机构2024年度考试录用公务员招考简章.xls"",""local_source_sha256"":""a1741b99dbecd6d03e533f99f2d69b0fa5a79733e551b80af69986ceed2ad996"",""source_sheet"":""中央国家行政机关省级以下直属机构"",""filter_version"":""government_tech_v2"",""tech_filter"":{""is_tech"":true,""is_core_tech"":true,""scope"":""core"",""categories"":[""computer_software""],""matched_fields"":[""major"",""description""],""major_terms"":[""大数据"",""数据科学与大数据技术""],""role_terms"":[""智慧""],""reason"":""tech_major_and_role""},""original"":{""部门代码"":""129139"",""部门名称"":""昆明海关"",""用人司局"":""昆明海关风险防控分局"",""机构性质"":""中央国家行政机关省级以下直属机构"",""招考职位"":""风险防控二级主管及以下"",""职位属性"":""普通职位"",""职位分布"":""其他职位"",""职位简介"":""从事智慧海关建设及海关风险防控工作。"",""职位代码"":""300110002001"",""机构层级"":""省（副省）级"",""考试类别"":""中央机关及其省级直属机构综合管理类"",""招考人数"":""1"",""专业"":""数学与应用数学（070101）、信息与计算科学（070102）、统计学（071201）、应用统计学（071202）、数据科学与大数据技术（080910T）、大数据管理与应用（120108T）"",""学历"":""硕士研究生及以上"",""学位"":""与最高学历相对应的学位"",""政治面貌"":""不限"",""基层工作最低年限"":""二年"",""服务基层项目工作经历"":""无限制"",""是否在面试阶段组织专业能力测试"":""是"",""面试人员比例"":""3:1"",""工作地点"":""云南省昆明市"",""落户地点"":""云南省昆明市"",""备注"":""现场一线岗位；本职位所指专业为具体专业名称；硕士研究生阶段所学专业代码前四位应与本岗位所列专业代码前四位相符；考生必须具备与填报学历及专业相应的学位；服从关区二次调配；最低服务年限5年。专业能力测试安排，详见海关总署网站（www.customs.gov.cn）。"",""部门网站"":""http://kunming.customs.gov.cn/"",""咨询电话1"":""0871-63016471"",""咨询电话2"":""0871-63016422"",""咨询电话3"":"""",""来源Sheet"":""中央国家行政机关省级以下直属机构""}}"
"government_jobs","国家公务员2024招考简章","公务员/事业单位技术岗位","云南省昆明市","2026-07-28T09:12:58.310295+00:00","行政管理二级主办及以下","昆明海关","","云南省昆明市","公务员/事业单位;2024;computer_software;硕士研究生及以上;与最高学历相对应的学位;财务管理（120204）、会计学（120203K）、审计学（120207）、统计学（071201）、应用统计学（071202）、大数据管理与应用（120108T）;行政执法类","用人司局：昆明邮局海关
职位简介：从事智慧海关建设及海关日常行政等综合保障类工作。
专业要求：财务管理（120204）、会计学（120203K）、审计学（120207）、统计学（071201）、应用统计学（071202）、大数据管理与应用（120108T）
学历要求：硕士研究生及以上
学位要求：与最高学历相对应的学位
政治面貌：不限
基层工作经历：无限制
考试类别：行政执法类
备注：限应届高校毕业生；现场一线岗位；需长期在口岸值守；本职位所指专业为具体专业名称；硕士研究生阶段所学专业代码前四位应与本岗位所列专业代码前四位相符；考生必须具备与填报学历及专业相应的学位；服从关区二次调配；最低服务年限5年。","https://www.xuanhan.gov.cn/xxgk-show-77635.html#129139-300110004001","2023-10-15","{""dataset_year"":2024,""job_uid"":""GOV-2024-129139-300110004001"",""publisher"":""国家公务员局"",""publication_page"":""https://www.xuanhan.gov.cn/xxgk-show-77635.html"",""attachment_url"":""https://www.xuanhan.gov.cn/uploadfile/1/Attachment/638fdecf51.zip"",""local_source_file"":""中央机关及其直属机构2024年度考试录用公务员招考简章.xls"",""local_source_sha256"":""a1741b99dbecd6d03e533f99f2d69b0fa5a79733e551b80af69986ceed2ad996"",""source_sheet"":""中央国家行政机关省级以下直属机构"",""filter_version"":""government_tech_v2"",""tech_filter"":{""is_tech"":true,""is_core_tech"":true,""scope"":""core"",""categories"":[""computer_software""],""matched_fields"":[""major"",""description""],""major_terms"":[""大数据""],""role_terms"":[""智慧""],""reason"":""tech_major_and_role""},""original"":{""部门代码"":""129139"",""部门名称"":""昆明海关"",""用人司局"":""昆明邮局海关"",""机构性质"":""中央国家行政机关省级以下直属机构"",""招考职位"":""行政管理二级主办及以下"",""职位属性"":""普通职位"",""职位分布"":""西部地区和艰苦边远地区职位"",""职位简介"":""从事智慧海关建设及海关日常行政等综合保障类工作。"",""职位代码"":""300110004001"",""机构层级"":""县（区）级及以下"",""考试类别"":""行政执法类"",""招考人数"":""1"",""专业"":""财务管理（120204）、会计学（120203K）、审计学（120207）、统计学（071201）、应用统计学（071202）、大数据管理与应用（120108T）"",""学历"":""硕士研究生及以上"",""学位"":""与最高学历相对应的学位"",""政治面貌"":""不限"",""基层工作最低年限"":""无限制"",""服务基层项目工作经历"":""无限制"",""是否在面试阶段组织专业能力测试"":""否"",""面试人员比例"":""3:1"",""工作地点"":""云南省昆明市"",""落户地点"":""云南省昆明市"",""备注"":""限应届高校毕业生；现场一线岗位；需长期在口岸值守；本职位所指专业为具体专业名称；硕士研究生阶段所学专业代码前四位应与本岗位所列专业代码前四位相符；考生必须具备与填报学历及专业相应的学位；服从关区二次调配；最低服务年限5年。"",""部门网站"":""http://kunming.customs.gov.cn/"",""咨询电话1"":""0871-63016471"",""咨询电话2"":""0871-63016422"",""咨询电话3"":"""",""来源Sheet"":""中央国家行政机关省级以下直属机构""}}"
"government_jobs","国家公务员2024招考简章","公务员/事业单位技术岗位","陕西省渭南市","2026-07-28T09:12:58.310295+00:00","科技管理四级主办及以下","西安海关","","陕西省渭南市","公务员/事业单位;2024;computer_software;cybersecurity_cryptography;本科或硕士研究生;与最高学历相对应的学位;计算机科学与技术、软件工程、网络工程、信息安全、电子与计算机工程、数据科学与大数据技术、计算机应用技术、计算机系统结构、计算机软件与理论;行政执法类","用人司局：渭南海关
职位简介：从事海关一线国门安全信息技术工作，以及智慧海关建设管理工作。
专业要求：计算机科学与技术、软件工程、网络工程、信息安全、电子与计算机工程、数据科学与大数据技术、计算机应用技术、计算机系统结构、计算机软件与理论
学历要求：本科或硕士研究生
学位要求：与最高学历相对应的学位
政治面貌：不限
基层工作经历：无限制
考试类别：行政执法类
备注：限应届高校毕业生；本科生大学英语四级考试425分及以上，研究生大学英语六级考试425分及以上；现场一线岗位；需24小时倒班；住宿自理；本职位所指专业为具体专业名称；考生必须具备与填报学历及专业相应的学位；服从关区二次调配。","https://www.xuanhan.gov.cn/xxgk-show-77635.html#129141-300110004001","2023-10-15","{""dataset_year"":2024,""job_uid"":""GOV-2024-129141-300110004001"",""publisher"":""国家公务员局"",""publication_page"":""https://www.xuanhan.gov.cn/xxgk-show-77635.html"",""attachment_url"":""https://www.xuanhan.gov.cn/uploadfile/1/Attachment/638fdecf51.zip"",""local_source_file"":""中央机关及其直属机构2024年度考试录用公务员招考简章.xls"",""local_source_sha256"":""a1741b99dbecd6d03e533f99f2d69b0fa5a79733e551b80af69986ceed2ad996"",""source_sheet"":""中央国家行政机关省级以下直属机构"",""filter_version"":""government_tech_v2"",""tech_filter"":{""is_tech"":true,""is_core_tech"":true,""scope"":""core"",""categories"":[""computer_software"",""cybersecurity_cryptography""],""matched_fields"":[""major"",""description""],""major_terms"":[""信息安全"",""大数据"",""数据科学与大数据技术"",""网络工程"",""计算机"",""计算机科学与技术"",""软件工程""],""role_terms"":[""信息技术"",""智慧""],""reason"":""tech_major_and_role""},""original"":{""部门代码"":""129141"",""部门名称"":""西安海关"",""用人司局"":""渭南海关"",""机构性质"":""中央国家行政机关省级以下直属机构"",""招考职位"":""科技管理四级主办及以下"",""职位属性"":""普通职位"",""职位分布"":""西部地区和艰苦边远地区职位"",""职位简介"":""从事海关一线国门安全信息技术工作，以及智慧海关建设管理工作。"",""职位代码"":""300110004001"",""机构层级"":""县（区）级及以下"",""考试类别"":""行政执法类"",""招考人数"":""1"",""专业"":""计算机科学与技术、软件工程、网络工程、信息安全、电子与计算机工程、数据科学与大数据技术、计算机应用技术、计算机系统结构、计算机软件与理论"",""学历"":""本科或硕士研究生"",""学位"":""与最高学历相对应的学位"",""政治面貌"":""不限"",""基层工作最低年限"":""无限制"",""服务基层项目工作经历"":""无限制"",""是否在面试阶段组织专业能力测试"":""否"",""面试人员比例"":""3:1"",""工作地点"":""陕西省渭南市"",""落户地点"":""陕西省渭南市"",""备注"":""限应届高校毕业生；本科生大学英语四级考试425分及以上，研究生大学英语六级考试425分及以上；现场一线岗位；需24小时倒班；住宿自理；本职位所指专业为具体专业名称；考生必须具备与填报学历及专业相应的学位；服从关区二次调配。"",""部门网站"":""http://xian.customs.gov.cn"",""咨询电话1"":""029-83196335"",""咨询电话2"":""029-83196094"",""咨询电话3"":"""",""来源Sheet"":""中央国家行政机关省级以下直属机构""}}"
"government_jobs","国家公务员2024招考简章","公务员/事业单位技术岗位","新疆维吾尔自治区乌鲁木齐市新市区","2026-07-28T09:12:58.310295+00:00","科技管理一级行政执法员","乌鲁木齐海关","","新疆维吾尔自治区乌鲁木齐市新市区","公务员/事业单位;2024;computer_software;cybersecurity_cryptography;仅限本科;学士;计算机科学与技术、信息安全、数字媒体技术、数据科学与大数据技术;行政执法类","用人司局：乌鲁木齐地窝堡机场海关
职位简介：从事海关计算机应用和网络维护，以及智慧海关建设管理等工作。
专业要求：计算机科学与技术、信息安全、数字媒体技术、数据科学与大数据技术
学历要求：仅限本科
学位要求：学士
政治面貌：不限
基层工作经历：二年
考试类别：行政执法类
备注：本职位定向招录服务基层项目人员，服务期满、考核合格；本职位所指专业为具体专业名称；考生必须具备与填报学历及专业相应的学位；服从关区二次调配。","https://www.xuanhan.gov.cn/xxgk-show-77635.html#129145-300110003004","2023-10-15","{""dataset_year"":2024,""job_uid"":""GOV-2024-129145-300110003004"",""publisher"":""国家公务员局"",""publication_page"":""https://www.xuanhan.gov.cn/xxgk-show-77635.html"",""attachment_url"":""https://www.xuanhan.gov.cn/uploadfile/1/Attachment/638fdecf51.zip"",""local_source_file"":""中央机关及其直属机构2024年度考试录用公务员招考简章.xls"",""local_source_sha256"":""a1741b99dbecd6d03e533f99f2d69b0fa5a79733e551b80af69986ceed2ad996"",""source_sheet"":""中央国家行政机关省级以下直属机构"",""filter_version"":""government_tech_v2"",""tech_filter"":{""is_tech"":true,""is_core_tech"":true,""scope"":""core"",""categories"":[""computer_software"",""cybersecurity_cryptography""],""matched_fields"":[""major"",""description""],""major_terms"":[""信息安全"",""大数据"",""数字媒体技术"",""数据科学与大数据技术"",""计算机科学与技术""],""role_terms"":[""智慧"",""网络维护"",""计算机""],""reason"":""tech_major_and_role""},""original"":{""部门代码"":""129145"",""部门名称"":""乌鲁木齐海关"",""用人司局"":""乌鲁木齐地窝堡机场海关"",""机构性质"":""中央国家行政机关省级以下直属机构"",""招考职位"":""科技管理一级行政执法员"",""职位属性"":""普通职位"",""职位分布"":""西部地区和艰苦边远地区职位"",""职位简介"":""从事海关计算机应用和网络维护，以及智慧海关建设管理等工作。"",""职位代码"":""300110003004"",""机构层级"":""县（区）级及以下"",""考试类别"":""行政执法类"",""招考人数"":""1"",""专业"":""计算机科学与技术、信息安全、数字媒体技术、数据科学与大数据技术"",""学历"":""仅限本科"",""学位"":""学士"",""政治面貌"":""不限"",""基层工作最低年限"":""二年"",""服务基层项目工作经历"":""大学生村官、农村义务教育阶段学校教师特设岗位计划、“三支一扶”计划、大学生志愿服务西部计划、在军队服役5年（含）以上的高校毕业生退役士兵"",""是否在面试阶段组织专业能力测试"":""否"",""面试人员比例"":""3:1"",""工作地点"":""新疆维吾尔自治区乌鲁木齐市新市区"",""落户地点"":""新疆维吾尔自治区乌鲁木齐市新市区"",""备注"":""本职位定向招录服务基层项目人员，服务期满、考核合格；本职位所指专业为具体专业名称；考生必须具备与填报学历及专业相应的学位；服从关区二次调配。"",""部门网站"":""urumqi.customs.gov.cn"",""咨询电话1"":""09913627616"",""咨询电话2"":""09913627620"",""咨询电话3"":""09913627607"",""来源Sheet"":""中央国家行政机关省级以下直属机构""}}"
"government_jobs","国家公务员2024招考简章","公务员/事业单位技术岗位","新疆维吾尔自治区乌鲁木齐市头屯河区","2026-07-28T09:12:58.310295+00:00","科技管理一级行政执法员","乌鲁木齐海关","","新疆维吾尔自治区乌鲁木齐市头屯河区","公务员/事业单位;2024;computer_software;cybersecurity_cryptography;仅限本科;学士;计算机科学与技术、信息安全、数字媒体技术、数据科学与大数据技术;行政执法类","用人司局：乌昌海关
职位简介：从事海关计算机应用和网络维护，以及智慧海关建设管理等工作。
专业要求：计算机科学与技术、信息安全、数字媒体技术、数据科学与大数据技术
学历要求：仅限本科
学位要求：学士
政治面貌：不限
基层工作经历：二年
考试类别：行政执法类
备注：本职位定向招录服务基层项目人员，服务期满、考核合格；本职位所指专业为具体专业名称；考生必须具备与填报学历及专业相应的学位；服从关区二次调配。","https://www.xuanhan.gov.cn/xxgk-show-77635.html#129145-300110004003","2023-10-15","{""dataset_year"":2024,""job_uid"":""GOV-2024-129145-300110004003"",""publisher"":""国家公务员局"",""publication_page"":""https://www.xuanhan.gov.cn/xxgk-show-77635.html"",""attachment_url"":""https://www.xuanhan.gov.cn/uploadfile/1/Attachment/638fdecf51.zip"",""local_source_file"":""中央机关及其直属机构2024年度考试录用公务员招考简章.xls"",""local_source_sha256"":""a1741b99dbecd6d03e533f99f2d69b0fa5a79733e551b80af69986ceed2ad996"",""source_sheet"":""中央国家行政机关省级以下直属机构"",""filter_version"":""government_tech_v2"",""tech_filter"":{""is_tech"":true,""is_core_tech"":true,""scope"":""core"",""categories"":[""computer_software"",""cybersecurity_cryptography""],""matched_fields"":[""major"",""description""],""major_terms"":[""信息安全"",""大数据"",""数字媒体技术"",""数据科学与大数据技术"",""计算机科学与技术""],""role_terms"":[""智慧"",""网络维护"",""计算机""],""reason"":""tech_major_and_role""},""original"":{""部门代码"":""129145"",""部门名称"":""乌鲁木齐海关"",""用人司局"":""乌昌海关"",""机构性质"":""中央国家行政机关省级以下直属机构"",""招考职位"":""科技管理一级行政执法员"",""职位属性"":""普通职位"",""职位分布"":""西部地区和艰苦边远地区职位"",""职位简介"":""从事海关计算机应用和网络维护，以及智慧海关建设管理等工作。"",""职位代码"":""300110004003"",""机构层级"":""县（区）级及以下"",""考试类别"":""行政执法类"",""招考人数"":""1"",""专业"":""计算机科学与技术、信息安全、数字媒体技术、数据科学与大数据技术"",""学历"":""仅限本科"",""学位"":""学士"",""政治面貌"":""不限"",""基层工作最低年限"":""二年"",""服务基层项目工作经历"":""大学生村官、农村义务教育阶段学校教师特设岗位计划、“三支一扶”计划、大学生志愿服务西部计划、在军队服役5年（含）以上的高校毕业生退役士兵"",""是否在面试阶段组织专业能力测试"":""否"",""面试人员比例"":""3:1"",""工作地点"":""新疆维吾尔自治区乌鲁木齐市头屯河区"",""落户地点"":""新疆维吾尔自治区乌鲁木齐市头屯河区"",""备注"":""本职位定向招录服务基层项目人员，服务期满、考核合格；本职位所指专业为具体专业名称；考生必须具备与填报学历及专业相应的学位；服从关区二次调配。"",""部门网站"":""urumqi.customs.gov.cn"",""咨询电话1"":""09913627616"",""咨询电话2"":""09913627620"",""咨询电话3"":""09913627607"",""来源Sheet"":""中央国家行政机关省级以下直属机构""}}"
"government_jobs","国家公务员2024招考简章","公务员/事业单位技术岗位","新疆维吾尔自治区喀什地区塔什库尔干塔吉克自治县","2026-07-28T09:12:58.310295+00:00","科技管理一级行政执法员","乌鲁木齐海关","","新疆维吾尔自治区喀什地区塔什库尔干塔吉克自治县","公务员/事业单位;2024;computer_software;cybersecurity_cryptography;仅限本科;学士;计算机科学与技术、信息安全、数字媒体技术、数据科学与大数据技术;行政执法类","用人司局：卡拉苏海关
职位简介：从事海关计算机应用和网络维护，以及智慧海关建设管理等工作。
专业要求：计算机科学与技术、信息安全、数字媒体技术、数据科学与大数据技术
学历要求：仅限本科
学位要求：学士
政治面貌：不限
基层工作经历：无限制
考试类别：行政执法类
备注：限应届高校毕业生；本职位所指专业为具体专业名称；考生必须具备与填报学历及专业相应的学位；服从关区二次调配。","https://www.xuanhan.gov.cn/xxgk-show-77635.html#129145-300110006002","2023-10-15","{""dataset_year"":2024,""job_uid"":""GOV-2024-129145-300110006002"",""publisher"":""国家公务员局"",""publication_page"":""https://www.xuanhan.gov.cn/xxgk-show-77635.html"",""attachment_url"":""https://www.xuanhan.gov.cn/uploadfile/1/Attachment/638fdecf51.zip"",""local_source_file"":""中央机关及其直属机构2024年度考试录用公务员招考简章.xls"",""local_source_sha256"":""a1741b99dbecd6d03e533f99f2d69b0fa5a79733e551b80af69986ceed2ad996"",""source_sheet"":""中央国家行政机关省级以下直属机构"",""filter_version"":""government_tech_v2"",""tech_filter"":{""is_tech"":true,""is_core_tech"":true,""scope"":""core"",""categories"":[""computer_software"",""cybersecurity_cryptography""],""matched_fields"":[""major"",""description""],""major_terms"":[""信息安全"",""大数据"",""数字媒体技术"",""数据科学与大数据技术"",""计算机科学与技术""],""role_terms"":[""智慧"",""网络维护"",""计算机""],""reason"":""tech_major_and_role""},""original"":{""部门代码"":""129145"",""部门名称"":""乌鲁木齐海关"",""用人司局"":""卡拉苏海关"",""机构性质"":""中央国家行政机关省级以下直属机构"",""招考职位"":""科技管理一级行政执法员"",""职位属性"":""普通职位"",""职位分布"":""西部地区和艰苦边远地区职位"",""职位简介"":""从事海关计算机应用和网络维护，以及智慧海关建设管理等工作。"",""职位代码"":""300110006002"",""机构层级"":""县（区）级及以下"",""考试类别"":""行政执法类"",""招考人数"":""2"",""专业"":""计算机科学与技术、信息安全、数字媒体技术、数据科学与大数据技术"",""学历"":""仅限本科"",""学位"":""学士"",""政治面貌"":""不限"",""基层工作最低年限"":""无限制"",""服务基层项目工作经历"":""无限制"",""是否在面试阶段组织专业能力测试"":""否"",""面试人员比例"":""3:1"",""工作地点"":""新疆维吾尔自治区喀什地区塔什库尔干塔吉克自治县"",""落户地点"":""新疆维吾尔自治区喀什地区塔什库尔干塔吉克自治县"",""备注"":""限应届高校毕业生；本职位所指专业为具体专业名称；考生必须具备与填报学历及专业相应的学位；服从关区二次调配。"",""部门网站"":""urumqi.customs.gov.cn"",""咨询电话1"":""09913627616"",""咨询电话2"":""09913627620"",""咨询电话3"":""09913627607"",""来源Sheet"":""中央国家行政机关省级以下直属机构""}}"
"government_jobs","国家公务员2024招考简章","公务员/事业单位技术岗位","新疆维吾尔自治区伊犁哈萨克自治州察布查尔锡伯自治县","2026-07-28T09:12:58.310295+00:00","科技管理一级行政执法员","乌鲁木齐海关","","新疆维吾尔自治区伊犁哈萨克自治州察布查尔锡伯自治县","公务员/事业单位;2024;computer_software;cybersecurity_cryptography;仅限本科;学士;计算机科学与技术、信息安全、数字媒体技术、数据科学与大数据技术;行政执法类","用人司局：都拉塔海关
职位简介：从事海关计算机应用和网络维护，以及智慧海关建设管理等工作。
专业要求：计算机科学与技术、信息安全、数字媒体技术、数据科学与大数据技术
学历要求：仅限本科
学位要求：学士
政治面貌：不限
基层工作经历：无限制
考试类别：行政执法类
备注：限2024届高校毕业生；限新疆地区当地生源报考；本职位所指专业为具体专业名称；考生必须具备与填报学历及专业相应的学位；服从关区二次调配。","https://www.xuanhan.gov.cn/xxgk-show-77635.html#129145-300110009001","2023-10-15","{""dataset_year"":2024,""job_uid"":""GOV-2024-129145-300110009001"",""publisher"":""国家公务员局"",""publication_page"":""https://www.xuanhan.gov.cn/xxgk-show-77635.html"",""attachment_url"":""https://www.xuanhan.gov.cn/uploadfile/1/Attachment/638fdecf51.zip"",""local_source_file"":""中央机关及其直属机构2024年度考试录用公务员招考简章.xls"",""local_source_sha256"":""a1741b99dbecd6d03e533f99f2d69b0fa5a79733e551b80af69986ceed2ad996"",""source_sheet"":""中央国家行政机关省级以下直属机构"",""filter_version"":""government_tech_v2"",""tech_filter"":{""is_tech"":true,""is_core_tech"":true,""scope"":""core"",""categories"":[""computer_software"",""cybersecurity_cryptography""],""matched_fields"":[""major"",""description""],""major_terms"":[""信息安全"",""大数据"",""数字媒体技术"",""数据科学与大数据技术"",""计算机科学与技术""],""role_terms"":[""智慧"",""网络维护"",""计算机""],""reason"":""tech_major_and_role""},""original"":{""部门代码"":""129145"",""部门名称"":""乌鲁木齐海关"",""用人司局"":""都拉塔海关"",""机构性质"":""中央国家行政机关省级以下直属机构"",""招考职位"":""科技管理一级行政执法员"",""职位属性"":""普通职位"",""职位分布"":""西部地区和艰苦边远地区职位"",""职位简介"":""从事海关计算机应用和网络维护，以及智慧海关建设管理等工作。"",""职位代码"":""300110009001"",""机构层级"":""县（区）级及以下"",""考试类别"":""行政执法类"",""招考人数"":""1"",""专业"":""计算机科学与技术、信息安全、数字媒体技术、数据科学与大数据技术"",""学历"":""仅限本科"",""学位"":""学士"",""政治面貌"":""不限"",""基层工作最低年限"":""无限制"",""服务基层项目工作经历"":""无限制"",""是否在面试阶段组织专业能力测试"":""否"",""面试人员比例"":""3:1"",""工作地点"":""新疆维吾尔自治区伊犁哈萨克自治州察布查尔锡伯自治县"",""落户地点"":""新疆维吾尔自治区伊犁哈萨克自治州察布查尔锡伯自治县"",""备注"":""限2024届高校毕业生；限新疆地区当地生源报考；本职位所指专业为具体专业名称；考生必须具备与填报学历及专业相应的学位；服从关区二次调配。"",""部门网站"":""urumqi.customs.gov.cn"",""咨询电话1"":""09913627616"",""咨询电话2"":""09913627620"",""咨询电话3"":""09913627607"",""来源Sheet"":""中央国家行政机关省级以下直属机构""}}"
"government_jobs","国家公务员2024招考简章","公务员/事业单位技术岗位","新疆维吾尔自治区伊犁哈萨克自治州霍尔果斯市","2026-07-28T09:12:58.310295+00:00","科技管理一级行政执法员","乌鲁木齐海关","","新疆维吾尔自治区伊犁哈萨克自治州霍尔果斯市","公务员/事业单位;2024;computer_software;cybersecurity_cryptography;仅限本科;学士;计算机科学与技术、信息安全、数字媒体技术、数据科学与大数据技术;行政执法类","用人司局：霍尔果斯海关
职位简介：从事海关计算机应用和网络维护，以及智慧海关建设管理等工作。
专业要求：计算机科学与技术、信息安全、数字媒体技术、数据科学与大数据技术
学历要求：仅限本科
学位要求：学士
政治面貌：不限
基层工作经历：无限制
考试类别：行政执法类
备注：限2024届高校毕业生；限新疆地区当地生源报考；本职位所指专业为具体专业名称；考生必须具备与填报学历及专业相应的学位；服从关区二次调配。","https://www.xuanhan.gov.cn/xxgk-show-77635.html#129145-300110010003","2023-10-15","{""dataset_year"":2024,""job_uid"":""GOV-2024-129145-300110010003"",""publisher"":""国家公务员局"",""publication_page"":""https://www.xuanhan.gov.cn/xxgk-show-77635.html"",""attachment_url"":""https://www.xuanhan.gov.cn/uploadfile/1/Attachment/638fdecf51.zip"",""local_source_file"":""中央机关及其直属机构2024年度考试录用公务员招考简章.xls"",""local_source_sha256"":""a1741b99dbecd6d03e533f99f2d69b0fa5a79733e551b80af69986ceed2ad996"",""source_sheet"":""中央国家行政机关省级以下直属机构"",""filter_version"":""government_tech_v2"",""tech_filter"":{""is_tech"":true,""is_core_tech"":true,""scope"":""core"",""categories"":[""computer_software"",""cybersecurity_cryptography""],""matched_fields"":[""major"",""description""],""major_terms"":[""信息安全"",""大数据"",""数字媒体技术"",""数据科学与大数据技术"",""计算机科学与技术""],""role_terms"":[""智慧"",""网络维护"",""计算机""],""reason"":""tech_major_and_role""},""original"":{""部门代码"":""129145"",""部门名称"":""乌鲁木齐海关"",""用人司局"":""霍尔果斯海关"",""机构性质"":""中央国家行政机关省级以下直属机构"",""招考职位"":""科技管理一级行政执法员"",""职位属性"":""普通职位"",""职位分布"":""西部地区和艰苦边远地区职位"",""职位简介"":""从事海关计算机应用和网络维护，以及智慧海关建设管理等工作。"",""职位代码"":""300110010003"",""机构层级"":""县（区）级及以下"",""考试类别"":""行政执法类"",""招考人数"":""1"",""专业"":""计算机科学与技术、信息安全、数字媒体技术、数据科学与大数据技术"",""学历"":""仅限本科"",""学位"":""学士"",""政治面貌"":""不限"",""基层工作最低年限"":""无限制"",""服务基层项目工作经历"":""无限制"",""是否在面试阶段组织专业能力测试"":""否"",""面试人员比例"":""3:1"",""工作地点"":""新疆维吾尔自治区伊犁哈萨克自治州霍尔果斯市"",""落户地点"":""新疆维吾尔自治区伊犁哈萨克自治州霍尔果斯市"",""备注"":""限2024届高校毕业生；限新疆地区当地生源报考；本职位所指专业为具体专业名称；考生必须具备与填报学历及专业相应的学位；服从关区二次调配。"",""部门网站"":""urumqi.customs.gov.cn"",""咨询电话1"":""09913627616"",""咨询电话2"":""09913627620"",""咨询电话3"":""09913627607"",""来源Sheet"":""中央国家行政机关省级以下直属机构""}}"
"government_jobs","国家公务员2024招考简章","公务员/事业单位技术岗位","新疆维吾尔自治区伊犁哈萨克自治州霍尔果斯市","2026-07-28T09:12:58.310295+00:00","科技管理一级行政执法员","乌鲁木齐海关","","新疆维吾尔自治区伊犁哈萨克自治州霍尔果斯市","公务员/事业单位;2024;computer_software;cybersecurity_cryptography;仅限本科;学士;计算机科学与技术、信息安全、数字媒体技术、数据科学与大数据技术;行政执法类","用人司局：霍尔果斯国际边境合作中心海关
职位简介：从事海关计算机应用和网络维护，以及智慧海关建设管理等工作。
专业要求：计算机科学与技术、信息安全、数字媒体技术、数据科学与大数据技术
学历要求：仅限本科
学位要求：学士
政治面貌：不限
基层工作经历：无限制
考试类别：行政执法类
备注：限2024届高校毕业生；本职位所指专业为具体专业名称；考生必须具备与填报学历及专业相应的学位；服从关区二次调配。","https://www.xuanhan.gov.cn/xxgk-show-77635.html#129145-300110011001","2023-10-15","{""dataset_year"":2024,""job_uid"":""GOV-2024-129145-300110011001"",""publisher"":""国家公务员局"",""publication_page"":""https://www.xuanhan.gov.cn/xxgk-show-77635.html"",""attachment_url"":""https://www.xuanhan.gov.cn/uploadfile/1/Attachment/638fdecf51.zip"",""local_source_file"":""中央机关及其直属机构2024年度考试录用公务员招考简章.xls"",""local_source_sha256"":""a1741b99dbecd6d03e533f99f2d69b0fa5a79733e551b80af69986ceed2ad996"",""source_sheet"":""中央国家行政机关省级以下直属机构"",""filter_version"":""government_tech_v2"",""tech_filter"":{""is_tech"":true,""is_core_tech"":true,""scope"":""core"",""categories"":[""computer_software"",""cybersecurity_cryptography""],""matched_fields"":[""major"",""description""],""major_terms"":[""信息安全"",""大数据"",""数字媒体技术"",""数据科学与大数据技术"",""计算机科学与技术""],""role_terms"":[""智慧"",""网络维护"",""计算机""],""reason"":""tech_major_and_role""},""original"":{""部门代码"":""129145"",""部门名称"":""乌鲁木齐海关"",""用人司局"":""霍尔果斯国际边境合作中心海关"",""机构性质"":""中央国家行政机关省级以下直属机构"",""招考职位"":""科技管理一级行政执法员"",""职位属性"":""普通职位"",""职位分布"":""西部地区和艰苦边远地区职位"",""职位简介"":""从事海关计算机应用和网络维护，以及智慧海关建设管理等工作。"",""职位代码"":""300110011001"",""机构层级"":""县（区）级及以下"",""考试类别"":""行政执法类"",""招考人数"":""1"",""专业"":""计算机科学与技术、信息安全、数字媒体技术、数据科学与大数据技术"",""学历"":""仅限本科"",""学位"":""学士"",""政治面貌"":""不限"",""基层工作最低年限"":""无限制"",""服务基层项目工作经历"":""无限制"",""是否在面试阶段组织专业能力测试"":""否"",""面试人员比例"":""3:1"",""工作地点"":""新疆维吾尔自治区伊犁哈萨克自治州霍尔果斯市"",""落户地点"":""新疆维吾尔自治区伊犁哈萨克自治州霍尔果斯市"",""备注"":""限2024届高校毕业生；本职位所指专业为具体专业名称；考生必须具备与填报学历及专业相应的学位；服从关区二次调配。"",""部门网站"":""urumqi.customs.gov.cn"",""咨询电话1"":""09913627616"",""咨询电话2"":""09913627620"",""咨询电话3"":""09913627607"",""来源Sheet"":""中央国家行政机关省级以下直属机构""}}"
"government_jobs","国家公务员2024招考简章","公务员/事业单位技术岗位","新疆维吾尔自治区塔城地区塔城市","2026-07-28T09:12:58.310295+00:00","科技管理一级行政执法员","乌鲁木齐海关","","新疆维吾尔自治区塔城地区塔城市","公务员/事业单位;2024;computer_software;cybersecurity_cryptography;仅限本科;学士;计算机科学与技术、信息安全、数字媒体技术、数据科学与大数据技术;行政执法类","用人司局：塔城海关
职位简介：从事海关计算机应用和网络维护，以及智慧海关建设管理等工作。
专业要求：计算机科学与技术、信息安全、数字媒体技术、数据科学与大数据技术
学历要求：仅限本科
学位要求：学士
政治面貌：不限
基层工作经历：无限制
考试类别：行政执法类
备注：限2024届高校毕业生；本职位所指专业为具体专业名称；考生必须具备与填报学历及专业相应的学位；服从关区二次调配。","https://www.xuanhan.gov.cn/xxgk-show-77635.html#129145-300110013001","2023-10-15","{""dataset_year"":2024,""job_uid"":""GOV-2024-129145-300110013001"",""publisher"":""国家公务员局"",""publication_page"":""https://www.xuanhan.gov.cn/xxgk-show-77635.html"",""attachment_url"":""https://www.xuanhan.gov.cn/uploadfile/1/Attachment/638fdecf51.zip"",""local_source_file"":""中央机关及其直属机构2024年度考试录用公务员招考简章.xls"",""local_source_sha256"":""a1741b99dbecd6d03e533f99f2d69b0fa5a79733e551b80af69986ceed2ad996"",""source_sheet"":""中央国家行政机关省级以下直属机构"",""filter_version"":""government_tech_v2"",""tech_filter"":{""is_tech"":true,""is_core_tech"":true,""scope"":""core"",""categories"":[""computer_software"",""cybersecurity_cryptography""],""matched_fields"":[""major"",""description""],""major_terms"":[""信息安全"",""大数据"",""数字媒体技术"",""数据科学与大数据技术"",""计算机科学与技术""],""role_terms"":[""智慧"",""网络维护"",""计算机""],""reason"":""tech_major_and_role""},""original"":{""部门代码"":""129145"",""部门名称"":""乌鲁木齐海关"",""用人司局"":""塔城海关"",""机构性质"":""中央国家行政机关省级以下直属机构"",""招考职位"":""科技管理一级行政执法员"",""职位属性"":""普通职位"",""职位分布"":""西部地区和艰苦边远地区职位"",""职位简介"":""从事海关计算机应用和网络维护，以及智慧海关建设管理等工作。"",""职位代码"":""300110013001"",""机构层级"":""县（区）级及以下"",""考试类别"":""行政执法类"",""招考人数"":""1"",""专业"":""计算机科学与技术、信息安全、数字媒体技术、数据科学与大数据技术"",""学历"":""仅限本科"",""学位"":""学士"",""政治面貌"":""不限"",""基层工作最低年限"":""无限制"",""服务基层项目工作经历"":""无限制"",""是否在面试阶段组织专业能力测试"":""否"",""面试人员比例"":""3:1"",""工作地点"":""新疆维吾尔自治区塔城地区塔城市"",""落户地点"":""新疆维吾尔自治区塔城地区塔城市"",""备注"":""限2024届高校毕业生；本职位所指专业为具体专业名称；考生必须具备与填报学历及专业相应的学位；服从关区二次调配。"",""部门网站"":""urumqi.customs.gov.cn"",""咨询电话1"":""09913627616"",""咨询电话2"":""09913627620"",""咨询电话3"":""09913627607"",""来源Sheet"":""中央国家行政机关省级以下直属机构""}}"
"government_jobs","国家公务员2024招考简章","公务员/事业单位技术岗位","北京市","2026-07-28T09:12:58.310295+00:00","综合规划处一级主任科员及以下","国家税务总局","","北京市","公务员/事业单位;2024;computer_software;cybersecurity_cryptography;硕士研究生及以上;与最高学历相对应的学位;计算机类;中央机关及其省级直属机构综合管理类","用人司局：电子税务管理中心
职位简介：从事应用系统开发运维、信息化基础设施运行管理、网络安全等工作
专业要求：计算机类
学历要求：硕士研究生及以上
学位要求：与最高学历相对应的学位
政治面貌：中共党员
基层工作经历：无限制
考试类别：中央机关及其省级直属机构综合管理类
备注：高等学历教育各阶段均需取得相应学历和学位；职位要求专业条件为报考者最高学历对应专业。","https://www.xuanhan.gov.cn/xxgk-show-77635.html#130000-400110121004","2023-10-15","{""dataset_year"":2024,""job_uid"":""GOV-2024-130000-400110121004"",""publisher"":""国家公务员局"",""publication_page"":""https://www.xuanhan.gov.cn/xxgk-show-77635.html"",""attachment_url"":""https://www.xuanhan.gov.cn/uploadfile/1/Attachment/638fdecf51.zip"",""local_source_file"":""中央机关及其直属机构2024年度考试录用公务员招考简章.xls"",""local_source_sha256"":""a1741b99dbecd6d03e533f99f2d69b0fa5a79733e551b80af69986ceed2ad996"",""source_sheet"":""中央国家行政机关参照公务员法管理事业单位"",""filter_version"":""government_tech_v2"",""tech_filter"":{""is_tech"":true,""is_core_tech"":true,""scope"":""core"",""categories"":[""computer_software"",""cybersecurity_cryptography""],""matched_fields"":[""major"",""description""],""major_terms"":[""计算机类""],""role_terms"":[""信息化"",""系统开发"",""网络安全""],""reason"":""tech_major_and_role""},""original"":{""部门代码"":""130000"",""部门名称"":""国家税务总局"",""用人司局"":""电子税务管理中心"",""机构性质"":""中央国家行政机关参照公务员法管理事业单位"",""招考职位"":""综合规划处一级主任科员及以下"",""职位属性"":""普通职位"",""职位分布"":""其他职位"",""职位简介"":""从事应用系统开发运维、信息化基础设施运行管理、网络安全等工作"",""职位代码"":""400110121004"",""机构层级"":""中央"",""考试类别"":""中央机关及其省级直属机构综合管理类"",""招考人数"":""2"",""专业"":""计算机类"",""学历"":""硕士研究生及以上"",""学位"":""与最高学历相对应的学位"",""政治面貌"":""中共党员"",""基层工作最低年限"":""无限制"",""服务基层项目工作经历"":""无限制"",""是否在面试阶段组织专业能力测试"":""否"",""面试人员比例"":""5:1"",""工作地点"":""北京市"",""落户地点"":""北京市"",""备注"":""高等学历教育各阶段均需取得相应学历和学位；职位要求专业条件为报考者最高学历对应专业。"",""部门网站"":""http://www.chinatax.gov.cn"",""咨询电话1"":""010-63417640"",""咨询电话2"":"""",""咨询电话3"":"""",""来源Sheet"":""中央国家行政机关参照公务员法管理事业单位""}}"
"government_jobs","国家公务员2024招考简章","公务员/事业单位技术岗位","北京市","2026-07-28T09:12:58.310295+00:00","第五税务分局一级主管及以下","国家税务总局北京市税务局","","北京市","公务员/事业单位;2024;computer_software;data_ai;仅限硕士研究生;硕士;数学类、统计学类、计算机类;中央机关及其省级直属机构综合管理类","用人司局：国家税务总局北京市税务局
职位简介：从事税收大数据和风险管理相关工作
专业要求：数学类、统计学类、计算机类
学历要求：仅限硕士研究生
学位要求：硕士
政治面貌：不限
基层工作经历：二年
考试类别：中央机关及其省级直属机构综合管理类
备注：在北京税务系统最低服务年限为5年","https://www.xuanhan.gov.cn/xxgk-show-77635.html#130101-300110026016","2023-10-15","{""dataset_year"":2024,""job_uid"":""GOV-2024-130101-300110026016"",""publisher"":""国家公务员局"",""publication_page"":""https://www.xuanhan.gov.cn/xxgk-show-77635.html"",""attachment_url"":""https://www.xuanhan.gov.cn/uploadfile/1/Attachment/638fdecf51.zip"",""local_source_file"":""中央机关及其直属机构2024年度考试录用公务员招考简章.xls"",""local_source_sha256"":""a1741b99dbecd6d03e533f99f2d69b0fa5a79733e551b80af69986ceed2ad996"",""source_sheet"":""中央国家行政机关省级以下直属机构"",""filter_version"":""government_tech_v2"",""tech_filter"":{""is_tech"":true,""is_core_tech"":true,""scope"":""core"",""categories"":[""computer_software"",""data_ai""],""matched_fields"":[""major"",""description""],""major_terms"":[""计算机类""],""role_terms"":[""大数据""],""reason"":""tech_major_and_role""},""original"":{""部门代码"":""130101"",""部门名称"":""国家税务总局北京市税务局"",""用人司局"":""国家税务总局北京市税务局"",""机构性质"":""中央国家行政机关省级以下直属机构"",""招考职位"":""第五税务分局一级主管及以下"",""职位属性"":""普通职位"",""职位分布"":""其他职位"",""职位简介"":""从事税收大数据和风险管理相关工作"",""职位代码"":""300110026016"",""机构层级"":""省（副省）级"",""考试类别"":""中央机关及其省级直属机构综合管理类"",""招考人数"":""2"",""专业"":""数学类、统计学类、计算机类"",""学历"":""仅限硕士研究生"",""学位"":""硕士"",""政治面貌"":""不限"",""基层工作最低年限"":""二年"",""服务基层项目工作经历"":""无限制"",""是否在面试阶段组织专业能力测试"":""否"",""面试人员比例"":""3:1"",""工作地点"":""北京市"",""落户地点"":""北京市"",""备注"":""在北京税务系统最低服务年限为5年"",""部门网站"":""http://beijing.chinatax.gov.cn/"",""咨询电话1"":""010-88376079"",""咨询电话2"":"""",""咨询电话3"":"""",""来源Sheet"":""中央国家行政机关省级以下直属机构""}}"
"government_jobs","国家公务员2024招考简章","公务员/事业单位技术岗位","辽宁省大连市沙河口区","2026-07-28T09:12:58.310295+00:00","第四税务分局一级主管及以下","国家税务总局大连市税务局","","辽宁省大连市沙河口区","公务员/事业单位;2024;computer_software;data_ai;electronics_communication;硕士研究生及以上;与最高学历相对应的学位;统计学类、电子信息类、计算机类;中央机关及其省级直属机构综合管理类","用人司局：国家税务总局大连市税务局
职位简介：从事税收大数据和风险管理等工作
专业要求：统计学类、电子信息类、计算机类
学历要求：硕士研究生及以上
学位要求：与最高学历相对应的学位
政治面貌：不限
基层工作经历：二年
考试类别：中央机关及其省级直属机构综合管理类
备注：在本单位最低服务年限为5年，本单位不提供宿舍","https://www.xuanhan.gov.cn/xxgk-show-77635.html#130107-300110024005","2023-10-15","{""dataset_year"":2024,""job_uid"":""GOV-2024-130107-300110024005"",""publisher"":""国家公务员局"",""publication_page"":""https://www.xuanhan.gov.cn/xxgk-show-77635.html"",""attachment_url"":""https://www.xuanhan.gov.cn/uploadfile/1/Attachment/638fdecf51.zip"",""local_source_file"":""中央机关及其直属机构2024年度考试录用公务员招考简章.xls"",""local_source_sha256"":""a1741b99dbecd6d03e533f99f2d69b0fa5a79733e551b80af69986ceed2ad996"",""source_sheet"":""中央国家行政机关省级以下直属机构"",""filter_version"":""government_tech_v2"",""tech_filter"":{""is_tech"":true,""is_core_tech"":true,""scope"":""core"",""categories"":[""computer_software"",""data_ai"",""electronics_communication""],""matched_fields"":[""major"",""description""],""major_terms"":[""电子信息类"",""计算机类""],""role_terms"":[""大数据""],""reason"":""tech_major_and_role""},""original"":{""部门代码"":""130107"",""部门名称"":""国家税务总局大连市税务局"",""用人司局"":""国家税务总局大连市税务局"",""机构性质"":""中央国家行政机关省级以下直属机构"",""招考职位"":""第四税务分局一级主管及以下"",""职位属性"":""普通职位"",""职位分布"":""其他职位"",""职位简介"":""从事税收大数据和风险管理等工作"",""职位代码"":""300110024005"",""机构层级"":""省（副省）级"",""考试类别"":""中央机关及其省级直属机构综合管理类"",""招考人数"":""4"",""专业"":""统计学类、电子信息类、计算机类"",""学历"":""硕士研究生及以上"",""学位"":""与最高学历相对应的学位"",""政治面貌"":""不限"",""基层工作最低年限"":""二年"",""服务基层项目工作经历"":""无限制"",""是否在面试阶段组织专业能力测试"":""否"",""面试人员比例"":""3:1"",""工作地点"":""辽宁省大连市沙河口区"",""落户地点"":""辽宁省大连市沙河口区"",""备注"":""在本单位最低服务年限为5年，本单位不提供宿舍"",""部门网站"":""http://dalian.chinatax.gov.cn/"",""咨询电话1"":""0411-84384373"",""咨询电话2"":"""",""咨询电话3"":"""",""来源Sheet"":""中央国家行政机关省级以下直属机构""}}"
"government_jobs","国家公务员2024招考简章","公务员/事业单位技术岗位","黑龙江省哈尔滨市南岗区","2026-07-28T09:12:58.310295+00:00","第三税务分局（税收大数据和风险管理局）一级主管及以下","国家税务总局黑龙江省税务局","","黑龙江省哈尔滨市南岗区","公务员/事业单位;2024;computer_software;data_ai;硕士研究生及以上;与最高学历相对应的学位;计算机类;中央机关及其省级直属机构综合管理类","用人司局：国家税务总局黑龙江省税务局
职位简介：从事税务相关工作
专业要求：计算机类
学历要求：硕士研究生及以上
学位要求：与最高学历相对应的学位
政治面貌：中共党员
基层工作经历：二年
考试类别：中央机关及其省级直属机构综合管理类
备注：在本单位最低服务年限为5年","https://www.xuanhan.gov.cn/xxgk-show-77635.html#130109-300110001011","2023-10-15","{""dataset_year"":2024,""job_uid"":""GOV-2024-130109-300110001011"",""publisher"":""国家公务员局"",""publication_page"":""https://www.xuanhan.gov.cn/xxgk-show-77635.html"",""attachment_url"":""https://www.xuanhan.gov.cn/uploadfile/1/Attachment/638fdecf51.zip"",""local_source_file"":""中央机关及其直属机构2024年度考试录用公务员招考简章.xls"",""local_source_sha256"":""a1741b99dbecd6d03e533f99f2d69b0fa5a79733e551b80af69986ceed2ad996"",""source_sheet"":""中央国家行政机关省级以下直属机构"",""filter_version"":""government_tech_v2"",""tech_filter"":{""is_tech"":true,""is_core_tech"":true,""scope"":""core"",""categories"":[""computer_software"",""data_ai""],""matched_fields"":[""major"",""job_title""],""major_terms"":[""计算机类""],""role_terms"":[""大数据""],""reason"":""tech_major_and_role""},""original"":{""部门代码"":""130109"",""部门名称"":""国家税务总局黑龙江省税务局"",""用人司局"":""国家税务总局黑龙江省税务局"",""机构性质"":""中央国家行政机关省级以下直属机构"",""招考职位"":""第三税务分局（税收大数据和风险管理局）一级主管及以下"",""职位属性"":""普通职位"",""职位分布"":""其他职位"",""职位简介"":""从事税务相关工作"",""职位代码"":""300110001011"",""机构层级"":""省（副省）级"",""考试类别"":""中央机关及其省级直属机构综合管理类"",""招考人数"":""1"",""专业"":""计算机类"",""学历"":""硕士研究生及以上"",""学位"":""与最高学历相对应的学位"",""政治面貌"":""中共党员"",""基层工作最低年限"":""二年"",""服务基层项目工作经历"":""无限制"",""是否在面试阶段组织专业能力测试"":""否"",""面试人员比例"":""3:1"",""工作地点"":""黑龙江省哈尔滨市南岗区"",""落户地点"":""黑龙江省哈尔滨市南岗区"",""备注"":""在本单位最低服务年限为5年"",""部门网站"":""http://heilongjiang.chinatax.gov.cn/"",""咨询电话1"":""0451-53611289"",""咨询电话2"":"""",""咨询电话3"":"""",""来源Sheet"":""中央国家行政机关省级以下直属机构""}}"
"government_jobs","国家公务员2024招考简章","公务员/事业单位技术岗位","江苏省南京市雨花台区","2026-07-28T09:12:58.310295+00:00","一级行政执法员（三）","国家税务总局江苏省税务局","","江苏省南京市雨花台区","公务员/事业单位;2024;computer_software;本科及以上;与最高学历相对应的学位;计算机类;行政执法类","用人司局：国家税务总局南京市雨花台区税务局
职位简介：从事税收信息化管理工作
专业要求：计算机类
学历要求：本科及以上
学位要求：与最高学历相对应的学位
政治面貌：不限
基层工作经历：无限制
考试类别：行政执法类
备注：至少具有Oracle OCP及以上、ITIL Expert/Service Manager级别及以上、项目管理专业人士资格认证（PMP）、PRINCE2实践者资格考试、OCJP/SCJP中的一项资质，本单位不提供宿舍，在本单位最低服务年限为5年","https://www.xuanhan.gov.cn/xxgk-show-77635.html#130111-300110055003","2023-10-15","{""dataset_year"":2024,""job_uid"":""GOV-2024-130111-300110055003"",""publisher"":""国家公务员局"",""publication_page"":""https://www.xuanhan.gov.cn/xxgk-show-77635.html"",""attachment_url"":""https://www.xuanhan.gov.cn/uploadfile/1/Attachment/638fdecf51.zip"",""local_source_file"":""中央机关及其直属机构2024年度考试录用公务员招考简章.xls"",""local_source_sha256"":""a1741b99dbecd6d03e533f99f2d69b0fa5a79733e551b80af69986ceed2ad996"",""source_sheet"":""中央国家行政机关省级以下直属机构"",""filter_version"":""government_tech_v2"",""tech_filter"":{""is_tech"":true,""is_core_tech"":true,""scope"":""core"",""categories"":[""computer_software""],""matched_fields"":[""major"",""description""],""major_terms"":[""计算机类""],""role_terms"":[""信息化""],""reason"":""tech_major_and_role""},""original"":{""部门代码"":""130111"",""部门名称"":""国家税务总局江苏省税务局"",""用人司局"":""国家税务总局南京市雨花台区税务局"",""机构性质"":""中央国家行政机关省级以下直属机构"",""招考职位"":""一级行政执法员（三）"",""职位属性"":""普通职位"",""职位分布"":""其他职位"",""职位简介"":""从事税收信息化管理工作"",""职位代码"":""300110055003"",""机构层级"":""县（区）级及以下"",""考试类别"":""行政执法类"",""招考人数"":""1"",""专业"":""计算机类"",""学历"":""本科及以上"",""学位"":""与最高学历相对应的学位"",""政治面貌"":""不限"",""基层工作最低年限"":""无限制"",""服务基层项目工作经历"":""无限制"",""是否在面试阶段组织专业能力测试"":""否"",""面试人员比例"":""3:1"",""工作地点"":""江苏省南京市雨花台区"",""落户地点"":""江苏省南京市"",""备注"":""至少具有Oracle OCP及以上、ITIL Expert/Service Manager级别及以上、项目管理专业人士资格认证（PMP）、PRINCE2实践者资格考试、OCJP/SCJP中的一项资质，本单位不提供宿舍，在本单位最低服务年限为5年"",""部门网站"":""https://jiangsu.chinatax.gov.cn/"",""咨询电话1"":""025-86634478"",""咨询电话2"":"""",""咨询电话3"":"""",""来源Sheet"":""中央国家行政机关省级以下直属机构""}}"
"government_jobs","国家公务员2024招考简章","公务员/事业单位技术岗位","江苏省南京市","2026-07-28T09:12:58.310295+00:00","一级行政执法员（三）","国家税务总局江苏省税务局","","江苏省南京市","公务员/事业单位;2024;computer_software;electronics_communication;本科及以上;与最高学历相对应的学位;电子信息类、计算机类;行政执法类","用人司局：国家税务总局南京经济技术开发区税务局
职位简介：从事税收信息化管理工作
专业要求：电子信息类、计算机类
学历要求：本科及以上
学位要求：与最高学历相对应的学位
政治面貌：不限
基层工作经历：无限制
考试类别：行政执法类
备注：2024届高校毕业生，本单位不提供宿舍，在本单位最低服务年限为5年","https://www.xuanhan.gov.cn/xxgk-show-77635.html#130111-300110095003","2023-10-15","{""dataset_year"":2024,""job_uid"":""GOV-2024-130111-300110095003"",""publisher"":""国家公务员局"",""publication_page"":""https://www.xuanhan.gov.cn/xxgk-show-77635.html"",""attachment_url"":""https://www.xuanhan.gov.cn/uploadfile/1/Attachment/638fdecf51.zip"",""local_source_file"":""中央机关及其直属机构2024年度考试录用公务员招考简章.xls"",""local_source_sha256"":""a1741b99dbecd6d03e533f99f2d69b0fa5a79733e551b80af69986ceed2ad996"",""source_sheet"":""中央国家行政机关省级以下直属机构"",""filter_version"":""government_tech_v2"",""tech_filter"":{""is_tech"":true,""is_core_tech"":true,""scope"":""core"",""categories"":[""computer_software"",""electronics_communication""],""matched_fields"":[""major"",""description""],""major_terms"":[""电子信息类"",""计算机类""],""role_terms"":[""信息化""],""reason"":""tech_major_and_role""},""original"":{""部门代码"":""130111"",""部门名称"":""国家税务总局江苏省税务局"",""用人司局"":""国家税务总局南京经济技术开发区税务局"",""机构性质"":""中央国家行政机关省级以下直属机构"",""招考职位"":""一级行政执法员（三）"",""职位属性"":""普通职位"",""职位分布"":""其他职位"",""职位简介"":""从事税收信息化管理工作"",""职位代码"":""300110095003"",""机构层级"":""县（区）级及以下"",""考试类别"":""行政执法类"",""招考人数"":""2"",""专业"":""电子信息类、计算机类"",""学历"":""本科及以上"",""学位"":""与最高学历相对应的学位"",""政治面貌"":""不限"",""基层工作最低年限"":""无限制"",""服务基层项目工作经历"":""无限制"",""是否在面试阶段组织专业能力测试"":""否"",""面试人员比例"":""3:1"",""工作地点"":""江苏省南京市"",""落户地点"":""江苏省南京市"",""备注"":""2024届高校毕业生，本单位不提供宿舍，在本单位最低服务年限为5年"",""部门网站"":""https://jiangsu.chinatax.gov.cn/"",""咨询电话1"":""025-86634478"",""咨询电话2"":"""",""咨询电话3"":"""",""来源Sheet"":""中央国家行政机关省级以下直属机构""}}"
"government_jobs","国家公务员2024招考简章","公务员/事业单位技术岗位","江苏省徐州市丰县","2026-07-28T09:12:58.310295+00:00","一级行政执法员（三）","国家税务总局江苏省税务局","","江苏省徐州市丰县","公务员/事业单位;2024;computer_software;electronics_communication;仅限本科;学士;电子信息类、计算机类;行政执法类","用人司局：国家税务总局丰县税务局
职位简介：从事税收信息化管理工作
专业要求：电子信息类、计算机类
学历要求：仅限本科
学位要求：学士
政治面貌：不限
基层工作经历：无限制
考试类别：行政执法类
备注：应届高校毕业生，本单位不提供宿舍，在本单位最低服务年限为5年","https://www.xuanhan.gov.cn/xxgk-show-77635.html#130111-300110210003","2023-10-15","{""dataset_year"":2024,""job_uid"":""GOV-2024-130111-300110210003"",""publisher"":""国家公务员局"",""publication_page"":""https://www.xuanhan.gov.cn/xxgk-show-77635.html"",""attachment_url"":""https://www.xuanhan.gov.cn/uploadfile/1/Attachment/638fdecf51.zip"",""local_source_file"":""中央机关及其直属机构2024年度考试录用公务员招考简章.xls"",""local_source_sha256"":""a1741b99dbecd6d03e533f99f2d69b0fa5a79733e551b80af69986ceed2ad996"",""source_sheet"":""中央国家行政机关省级以下直属机构"",""filter_version"":""government_tech_v2"",""tech_filter"":{""is_tech"":true,""is_core_tech"":true,""scope"":""core"",""categories"":[""computer_software"",""electronics_communication""],""matched_fields"":[""major"",""description""],""major_terms"":[""电子信息类"",""计算机类""],""role_terms"":[""信息化""],""reason"":""tech_major_and_role""},""original"":{""部门代码"":""130111"",""部门名称"":""国家税务总局江苏省税务局"",""用人司局"":""国家税务总局丰县税务局"",""机构性质"":""中央国家行政机关省级以下直属机构"",""招考职位"":""一级行政执法员（三）"",""职位属性"":""普通职位"",""职位分布"":""其他职位"",""职位简介"":""从事税收信息化管理工作"",""职位代码"":""300110210003"",""机构层级"":""县（区）级及以下"",""考试类别"":""行政执法类"",""招考人数"":""3"",""专业"":""电子信息类、计算机类"",""学历"":""仅限本科"",""学位"":""学士"",""政治面貌"":""不限"",""基层工作最低年限"":""无限制"",""服务基层项目工作经历"":""无限制"",""是否在面试阶段组织专业能力测试"":""否"",""面试人员比例"":""3:1"",""工作地点"":""江苏省徐州市丰县"",""落户地点"":""江苏省徐州市丰县"",""备注"":""应届高校毕业生，本单位不提供宿舍，在本单位最低服务年限为5年"",""部门网站"":""https://jiangsu.chinatax.gov.cn/"",""咨询电话1"":""025-86634478"",""咨询电话2"":"""",""咨询电话3"":"""",""来源Sheet"":""中央国家行政机关省级以下直属机构""}}"
"government_jobs","国家公务员2024招考简章","公务员/事业单位技术岗位","江苏省徐州市睢宁县","2026-07-28T09:12:58.310295+00:00","一级行政执法员（五）","国家税务总局江苏省税务局","","江苏省徐州市睢宁县","公务员/事业单位;2024;computer_software;electronics_communication;仅限本科;学士;电子信息类、计算机类;行政执法类","用人司局：国家税务总局睢宁县税务局
职位简介：从事税收信息化管理工作
专业要求：电子信息类、计算机类
学历要求：仅限本科
学位要求：学士
政治面貌：不限
基层工作经历：无限制
考试类别：行政执法类
备注：2024届高校毕业生，本单位不提供宿舍，在本单位最低服务年限为5年","https://www.xuanhan.gov.cn/xxgk-show-77635.html#130111-300110220005","2023-10-15","{""dataset_year"":2024,""job_uid"":""GOV-2024-130111-300110220005"",""publisher"":""国家公务员局"",""publication_page"":""https://www.xuanhan.gov.cn/xxgk-show-77635.html"",""attachment_url"":""https://www.xuanhan.gov.cn/uploadfile/1/Attachment/638fdecf51.zip"",""local_source_file"":""中央机关及其直属机构2024年度考试录用公务员招考简章.xls"",""local_source_sha256"":""a1741b99dbecd6d03e533f99f2d69b0fa5a79733e551b80af69986ceed2ad996"",""source_sheet"":""中央国家行政机关省级以下直属机构"",""filter_version"":""government_tech_v2"",""tech_filter"":{""is_tech"":true,""is_core_tech"":true,""scope"":""core"",""categories"":[""computer_software"",""electronics_communication""],""matched_fields"":[""major"",""description""],""major_terms"":[""电子信息类"",""计算机类""],""role_terms"":[""信息化""],""reason"":""tech_major_and_role""},""original"":{""部门代码"":""130111"",""部门名称"":""国家税务总局江苏省税务局"",""用人司局"":""国家税务总局睢宁县税务局"",""机构性质"":""中央国家行政机关省级以下直属机构"",""招考职位"":""一级行政执法员（五）"",""职位属性"":""普通职位"",""职位分布"":""其他职位"",""职位简介"":""从事税收信息化管理工作"",""职位代码"":""300110220005"",""机构层级"":""县（区）级及以下"",""考试类别"":""行政执法类"",""招考人数"":""2"",""专业"":""电子信息类、计算机类"",""学历"":""仅限本科"",""学位"":""学士"",""政治面貌"":""不限"",""基层工作最低年限"":""无限制"",""服务基层项目工作经历"":""无限制"",""是否在面试阶段组织专业能力测试"":""否"",""面试人员比例"":""3:1"",""工作地点"":""江苏省徐州市睢宁县"",""落户地点"":""江苏省徐州市睢宁县"",""备注"":""2024届高校毕业生，本单位不提供宿舍，在本单位最低服务年限为5年"",""部门网站"":""https://jiangsu.chinatax.gov.cn/"",""咨询电话1"":""025-86634478"",""咨询电话2"":"""",""咨询电话3"":"""",""来源Sheet"":""中央国家行政机关省级以下直属机构""}}"
"government_jobs","国家公务员2024招考简章","公务员/事业单位技术岗位","江苏省徐州市邳州市","2026-07-28T09:12:58.310295+00:00","一级行政执法员（四）","国家税务总局江苏省税务局","","江苏省徐州市邳州市","公务员/事业单位;2024;computer_software;electronics_communication;本科及以上;与最高学历相对应的学位;电子信息类、计算机类;行政执法类","用人司局：国家税务总局邳州市税务局
职位简介：从事税收信息化管理工作
专业要求：电子信息类、计算机类
学历要求：本科及以上
学位要求：与最高学历相对应的学位
政治面貌：不限
基层工作经历：无限制
考试类别：行政执法类
备注：本单位不提供宿舍，在本单位最低服务年限为5年","https://www.xuanhan.gov.cn/xxgk-show-77635.html#130111-300110225004","2023-10-15","{""dataset_year"":2024,""job_uid"":""GOV-2024-130111-300110225004"",""publisher"":""国家公务员局"",""publication_page"":""https://www.xuanhan.gov.cn/xxgk-show-77635.html"",""attachment_url"":""https://www.xuanhan.gov.cn/uploadfile/1/Attachment/638fdecf51.zip"",""local_source_file"":""中央机关及其直属机构2024年度考试录用公务员招考简章.xls"",""local_source_sha256"":""a1741b99dbecd6d03e533f99f2d69b0fa5a79733e551b80af69986ceed2ad996"",""source_sheet"":""中央国家行政机关省级以下直属机构"",""filter_version"":""government_tech_v2"",""tech_filter"":{""is_tech"":true,""is_core_tech"":true,""scope"":""core"",""categories"":[""computer_software"",""electronics_communication""],""matched_fields"":[""major"",""description""],""major_terms"":[""电子信息类"",""计算机类""],""role_terms"":[""信息化""],""reason"":""tech_major_and_role""},""original"":{""部门代码"":""130111"",""部门名称"":""国家税务总局江苏省税务局"",""用人司局"":""国家税务总局邳州市税务局"",""机构性质"":""中央国家行政机关省级以下直属机构"",""招考职位"":""一级行政执法员（四）"",""职位属性"":""普通职位"",""职位分布"":""其他职位"",""职位简介"":""从事税收信息化管理工作"",""职位代码"":""300110225004"",""机构层级"":""县（区）级及以下"",""考试类别"":""行政执法类"",""招考人数"":""4"",""专业"":""电子信息类、计算机类"",""学历"":""本科及以上"",""学位"":""与最高学历相对应的学位"",""政治面貌"":""不限"",""基层工作最低年限"":""无限制"",""服务基层项目工作经历"":""无限制"",""是否在面试阶段组织专业能力测试"":""否"",""面试人员比例"":""3:1"",""工作地点"":""江苏省徐州市邳州市"",""落户地点"":""江苏省徐州市邳州市"",""备注"":""本单位不提供宿舍，在本单位最低服务年限为5年"",""部门网站"":""https://jiangsu.chinatax.gov.cn/"",""咨询电话1"":""025-86634478"",""咨询电话2"":"""",""咨询电话3"":"""",""来源Sheet"":""中央国家行政机关省级以下直属机构""}}"
"government_jobs","国家公务员2024招考简章","公务员/事业单位技术岗位","江苏省徐州市新沂市","2026-07-28T09:12:58.310295+00:00","一级行政执法员（五）","国家税务总局江苏省税务局","","江苏省徐州市新沂市","公务员/事业单位;2024;computer_software;electronics_communication;仅限本科;学士;电子信息类、计算机类;行政执法类","用人司局：国家税务总局新沂市税务局
职位简介：从事税收信息化管理工作
专业要求：电子信息类、计算机类
学历要求：仅限本科
学位要求：学士
政治面貌：不限
基层工作经历：无限制
考试类别：行政执法类
备注：2024届高校毕业生，本单位不提供宿舍，在本单位最低服务年限为5年","https://www.xuanhan.gov.cn/xxgk-show-77635.html#130111-300110230005","2023-10-15","{""dataset_year"":2024,""job_uid"":""GOV-2024-130111-300110230005"",""publisher"":""国家公务员局"",""publication_page"":""https://www.xuanhan.gov.cn/xxgk-show-77635.html"",""attachment_url"":""https://www.xuanhan.gov.cn/uploadfile/1/Attachment/638fdecf51.zip"",""local_source_file"":""中央机关及其直属机构2024年度考试录用公务员招考简章.xls"",""local_source_sha256"":""a1741b99dbecd6d03e533f99f2d69b0fa5a79733e551b80af69986ceed2ad996"",""source_sheet"":""中央国家行政机关省级以下直属机构"",""filter_version"":""government_tech_v2"",""tech_filter"":{""is_tech"":true,""is_core_tech"":true,""scope"":""core"",""categories"":[""computer_software"",""electronics_communication""],""matched_fields"":[""major"",""description""],""major_terms"":[""电子信息类"",""计算机类""],""role_terms"":[""信息化""],""reason"":""tech_major_and_role""},""original"":{""部门代码"":""130111"",""部门名称"":""国家税务总局江苏省税务局"",""用人司局"":""国家税务总局新沂市税务局"",""机构性质"":""中央国家行政机关省级以下直属机构"",""招考职位"":""一级行政执法员（五）"",""职位属性"":""普通职位"",""职位分布"":""其他职位"",""职位简介"":""从事税收信息化管理工作"",""职位代码"":""300110230005"",""机构层级"":""县（区）级及以下"",""考试类别"":""行政执法类"",""招考人数"":""2"",""专业"":""电子信息类、计算机类"",""学历"":""仅限本科"",""学位"":""学士"",""政治面貌"":""不限"",""基层工作最低年限"":""无限制"",""服务基层项目工作经历"":""无限制"",""是否在面试阶段组织专业能力测试"":""否"",""面试人员比例"":""3:1"",""工作地点"":""江苏省徐州市新沂市"",""落户地点"":""江苏省徐州市新沂市"",""备注"":""2024届高校毕业生，本单位不提供宿舍，在本单位最低服务年限为5年"",""部门网站"":""https://jiangsu.chinatax.gov.cn/"",""咨询电话1"":""025-86634478"",""咨询电话2"":"""",""咨询电话3"":"""",""来源Sheet"":""中央国家行政机关省级以下直属机构""}}"
"government_jobs","国家公务员2024招考简章","公务员/事业单位技术岗位","江苏省苏州市姑苏区","2026-07-28T09:12:58.310295+00:00","一级行政执法员（五）","国家税务总局江苏省税务局","","江苏省苏州市姑苏区","公务员/事业单位;2024;automation_robotics;computer_software;本科及以上;与最高学历相对应的学位;自动化类、计算机类;行政执法类","用人司局：国家税务总局苏州市税务局第三税务分局
职位简介：从事税收信息化管理工作
专业要求：自动化类、计算机类
学历要求：本科及以上
学位要求：与最高学历相对应的学位
政治面貌：不限
基层工作经历：无限制
考试类别：行政执法类
备注：2024届高校毕业生，本单位不提供宿舍，在本单位最低服务年限为5年","https://www.xuanhan.gov.cn/xxgk-show-77635.html#130111-300110308005","2023-10-15","{""dataset_year"":2024,""job_uid"":""GOV-2024-130111-300110308005"",""publisher"":""国家公务员局"",""publication_page"":""https://www.xuanhan.gov.cn/xxgk-show-77635.html"",""attachment_url"":""https://www.xuanhan.gov.cn/uploadfile/1/Attachment/638fdecf51.zip"",""local_source_file"":""中央机关及其直属机构2024年度考试录用公务员招考简章.xls"",""local_source_sha256"":""a1741b99dbecd6d03e533f99f2d69b0fa5a79733e551b80af69986ceed2ad996"",""source_sheet"":""中央国家行政机关省级以下直属机构"",""filter_version"":""government_tech_v2"",""tech_filter"":{""is_tech"":true,""is_core_tech"":true,""scope"":""core"",""categories"":[""automation_robotics"",""computer_software""],""matched_fields"":[""major"",""description""],""major_terms"":[""自动化类"",""计算机类""],""role_terms"":[""信息化""],""reason"":""tech_major_and_role""},""original"":{""部门代码"":""130111"",""部门名称"":""国家税务总局江苏省税务局"",""用人司局"":""国家税务总局苏州市税务局第三税务分局"",""机构性质"":""中央国家行政机关省级以下直属机构"",""招考职位"":""一级行政执法员（五）"",""职位属性"":""普通职位"",""职位分布"":""其他职位"",""职位简介"":""从事税收信息化管理工作"",""职位代码"":""300110308005"",""机构层级"":""县（区）级及以下"",""考试类别"":""行政执法类"",""招考人数"":""2"",""专业"":""自动化类、计算机类"",""学历"":""本科及以上"",""学位"":""与最高学历相对应的学位"",""政治面貌"":""不限"",""基层工作最低年限"":""无限制"",""服务基层项目工作经历"":""无限制"",""是否在面试阶段组织专业能力测试"":""否"",""面试人员比例"":""3:1"",""工作地点"":""江苏省苏州市姑苏区"",""落户地点"":""江苏省苏州市姑苏区"",""备注"":""2024届高校毕业生，本单位不提供宿舍，在本单位最低服务年限为5年"",""部门网站"":""https://jiangsu.chinatax.gov.cn/"",""咨询电话1"":""025-86634478"",""咨询电话2"":"""",""咨询电话3"":"""",""来源Sheet"":""中央国家行政机关省级以下直属机构""}}"
"government_jobs","国家公务员2024招考简章","公务员/事业单位技术岗位","江苏省苏州市吴中区","2026-07-28T09:12:58.310295+00:00","一级行政执法员（四）","国家税务总局江苏省税务局","","江苏省苏州市吴中区","公务员/事业单位;2024;automation_robotics;computer_software;本科及以上;与最高学历相对应的学位;自动化类、计算机类;行政执法类","用人司局：国家税务总局苏州市吴中区税务局
职位简介：从事税收信息化管理工作
专业要求：自动化类、计算机类
学历要求：本科及以上
学位要求：与最高学历相对应的学位
政治面貌：不限
基层工作经历：无限制
考试类别：行政执法类
备注：2024届高校毕业生，本单位不提供宿舍，在本单位最低服务年限为5年","https://www.xuanhan.gov.cn/xxgk-show-77635.html#130111-300110340004","2023-10-15","{""dataset_year"":2024,""job_uid"":""GOV-2024-130111-300110340004"",""publisher"":""国家公务员局"",""publication_page"":""https://www.xuanhan.gov.cn/xxgk-show-77635.html"",""attachment_url"":""https://www.xuanhan.gov.cn/uploadfile/1/Attachment/638fdecf51.zip"",""local_source_file"":""中央机关及其直属机构2024年度考试录用公务员招考简章.xls"",""local_source_sha256"":""a1741b99dbecd6d03e533f99f2d69b0fa5a79733e551b80af69986ceed2ad996"",""source_sheet"":""中央国家行政机关省级以下直属机构"",""filter_version"":""government_tech_v2"",""tech_filter"":{""is_tech"":true,""is_core_tech"":true,""scope"":""core"",""categories"":[""automation_robotics"",""computer_software""],""matched_fields"":[""major"",""description""],""major_terms"":[""自动化类"",""计算机类""],""role_terms"":[""信息化""],""reason"":""tech_major_and_role""},""original"":{""部门代码"":""130111"",""部门名称"":""国家税务总局江苏省税务局"",""用人司局"":""国家税务总局苏州市吴中区税务局"",""机构性质"":""中央国家行政机关省级以下直属机构"",""招考职位"":""一级行政执法员（四）"",""职位属性"":""普通职位"",""职位分布"":""其他职位"",""职位简介"":""从事税收信息化管理工作"",""职位代码"":""300110340004"",""机构层级"":""县（区）级及以下"",""考试类别"":""行政执法类"",""招考人数"":""3"",""专业"":""自动化类、计算机类"",""学历"":""本科及以上"",""学位"":""与最高学历相对应的学位"",""政治面貌"":""不限"",""基层工作最低年限"":""无限制"",""服务基层项目工作经历"":""无限制"",""是否在面试阶段组织专业能力测试"":""否"",""面试人员比例"":""3:1"",""工作地点"":""江苏省苏州市吴中区"",""落户地点"":""江苏省苏州市吴中区"",""备注"":""2024届高校毕业生，本单位不提供宿舍，在本单位最低服务年限为5年"",""部门网站"":""https://jiangsu.chinatax.gov.cn/"",""咨询电话1"":""025-86634478"",""咨询电话2"":"""",""咨询电话3"":"""",""来源Sheet"":""中央国家行政机关省级以下直属机构""}}"
"government_jobs","国家公务员2024招考简章","公务员/事业单位技术岗位","江苏省苏州市相城区","2026-07-28T09:12:58.310295+00:00","一级行政执法员（四）","国家税务总局江苏省税务局","","江苏省苏州市相城区","公务员/事业单位;2024;automation_robotics;computer_software;仅限本科;学士;自动化类、计算机类;行政执法类","用人司局：国家税务总局苏州市相城区税务局
职位简介：从事税收信息化管理工作
专业要求：自动化类、计算机类
学历要求：仅限本科
学位要求：学士
政治面貌：不限
基层工作经历：无限制
考试类别：行政执法类
备注：本单位不提供宿舍，在本单位最低服务年限为5年","https://www.xuanhan.gov.cn/xxgk-show-77635.html#130111-300110345004","2023-10-15","{""dataset_year"":2024,""job_uid"":""GOV-2024-130111-300110345004"",""publisher"":""国家公务员局"",""publication_page"":""https://www.xuanhan.gov.cn/xxgk-show-77635.html"",""attachment_url"":""https://www.xuanhan.gov.cn/uploadfile/1/Attachment/638fdecf51.zip"",""local_source_file"":""中央机关及其直属机构2024年度考试录用公务员招考简章.xls"",""local_source_sha256"":""a1741b99dbecd6d03e533f99f2d69b0fa5a79733e551b80af69986ceed2ad996"",""source_sheet"":""中央国家行政机关省级以下直属机构"",""filter_version"":""government_tech_v2"",""tech_filter"":{""is_tech"":true,""is_core_tech"":true,""scope"":""core"",""categories"":[""automation_robotics"",""computer_software""],""matched_fields"":[""major"",""description""],""major_terms"":[""自动化类"",""计算机类""],""role_terms"":[""信息化""],""reason"":""tech_major_and_role""},""original"":{""部门代码"":""130111"",""部门名称"":""国家税务总局江苏省税务局"",""用人司局"":""国家税务总局苏州市相城区税务局"",""机构性质"":""中央国家行政机关省级以下直属机构"",""招考职位"":""一级行政执法员（四）"",""职位属性"":""普通职位"",""职位分布"":""其他职位"",""职位简介"":""从事税收信息化管理工作"",""职位代码"":""300110345004"",""机构层级"":""县（区）级及以下"",""考试类别"":""行政执法类"",""招考人数"":""1"",""专业"":""自动化类、计算机类"",""学历"":""仅限本科"",""学位"":""学士"",""政治面貌"":""不限"",""基层工作最低年限"":""无限制"",""服务基层项目工作经历"":""无限制"",""是否在面试阶段组织专业能力测试"":""否"",""面试人员比例"":""3:1"",""工作地点"":""江苏省苏州市相城区"",""落户地点"":""江苏省苏州市相城区"",""备注"":""本单位不提供宿舍，在本单位最低服务年限为5年"",""部门网站"":""https://jiangsu.chinatax.gov.cn/"",""咨询电话1"":""025-86634478"",""咨询电话2"":"""",""咨询电话3"":"""",""来源Sheet"":""中央国家行政机关省级以下直属机构""}}"
"government_jobs","国家公务员2024招考简章","公务员/事业单位技术岗位","江苏省苏州市常熟市","2026-07-28T09:12:58.310295+00:00","一级行政执法员（四）","国家税务总局江苏省税务局","","江苏省苏州市常熟市","公务员/事业单位;2024;automation_robotics;computer_software;仅限本科;学士;自动化类、计算机类;行政执法类","用人司局：国家税务总局常熟市税务局
职位简介：从事税收信息化管理工作
专业要求：自动化类、计算机类
学历要求：仅限本科
学位要求：学士
政治面貌：不限
基层工作经历：无限制
考试类别：行政执法类
备注：本单位不提供宿舍，在本单位最低服务年限为5年","https://www.xuanhan.gov.cn/xxgk-show-77635.html#130111-300110350004","2023-10-15","{""dataset_year"":2024,""job_uid"":""GOV-2024-130111-300110350004"",""publisher"":""国家公务员局"",""publication_page"":""https://www.xuanhan.gov.cn/xxgk-show-77635.html"",""attachment_url"":""https://www.xuanhan.gov.cn/uploadfile/1/Attachment/638fdecf51.zip"",""local_source_file"":""中央机关及其直属机构2024年度考试录用公务员招考简章.xls"",""local_source_sha256"":""a1741b99dbecd6d03e533f99f2d69b0fa5a79733e551b80af69986ceed2ad996"",""source_sheet"":""中央国家行政机关省级以下直属机构"",""filter_version"":""government_tech_v2"",""tech_filter"":{""is_tech"":true,""is_core_tech"":true,""scope"":""core"",""categories"":[""automation_robotics"",""computer_software""],""matched_fields"":[""major"",""description""],""major_terms"":[""自动化类"",""计算机类""],""role_terms"":[""信息化""],""reason"":""tech_major_and_role""},""original"":{""部门代码"":""130111"",""部门名称"":""国家税务总局江苏省税务局"",""用人司局"":""国家税务总局常熟市税务局"",""机构性质"":""中央国家行政机关省级以下直属机构"",""招考职位"":""一级行政执法员（四）"",""职位属性"":""普通职位"",""职位分布"":""其他职位"",""职位简介"":""从事税收信息化管理工作"",""职位代码"":""300110350004"",""机构层级"":""县（区）级及以下"",""考试类别"":""行政执法类"",""招考人数"":""1"",""专业"":""自动化类、计算机类"",""学历"":""仅限本科"",""学位"":""学士"",""政治面貌"":""不限"",""基层工作最低年限"":""无限制"",""服务基层项目工作经历"":""无限制"",""是否在面试阶段组织专业能力测试"":""否"",""面试人员比例"":""3:1"",""工作地点"":""江苏省苏州市常熟市"",""落户地点"":""江苏省苏州市常熟市"",""备注"":""本单位不提供宿舍，在本单位最低服务年限为5年"",""部门网站"":""https://jiangsu.chinatax.gov.cn/"",""咨询电话1"":""025-86634478"",""咨询电话2"":"""",""咨询电话3"":"""",""来源Sheet"":""中央国家行政机关省级以下直属机构""}}"
"government_jobs","国家公务员2024招考简章","公务员/事业单位技术岗位","江苏省苏州市张家港市","2026-07-28T09:12:58.310295+00:00","一级行政执法员（三）","国家税务总局江苏省税务局","","江苏省苏州市张家港市","公务员/事业单位;2024;automation_robotics;computer_software;本科及以上;与最高学历相对应的学位;自动化类、计算机类;行政执法类","用人司局：国家税务总局张家港市税务局
职位简介：从事税收信息化管理工作
专业要求：自动化类、计算机类
学历要求：本科及以上
学位要求：与最高学历相对应的学位
政治面貌：不限
基层工作经历：无限制
考试类别：行政执法类
备注：2024届高校毕业生，本单位不提供宿舍，在本单位最低服务年限为5年","https://www.xuanhan.gov.cn/xxgk-show-77635.html#130111-300110355003","2023-10-15","{""dataset_year"":2024,""job_uid"":""GOV-2024-130111-300110355003"",""publisher"":""国家公务员局"",""publication_page"":""https://www.xuanhan.gov.cn/xxgk-show-77635.html"",""attachment_url"":""https://www.xuanhan.gov.cn/uploadfile/1/Attachment/638fdecf51.zip"",""local_source_file"":""中央机关及其直属机构2024年度考试录用公务员招考简章.xls"",""local_source_sha256"":""a1741b99dbecd6d03e533f99f2d69b0fa5a79733e551b80af69986ceed2ad996"",""source_sheet"":""中央国家行政机关省级以下直属机构"",""filter_version"":""government_tech_v2"",""tech_filter"":{""is_tech"":true,""is_core_tech"":true,""scope"":""core"",""categories"":[""automation_robotics"",""computer_software""],""matched_fields"":[""major"",""description""],""major_terms"":[""自动化类"",""计算机类""],""role_terms"":[""信息化""],""reason"":""tech_major_and_role""},""original"":{""部门代码"":""130111"",""部门名称"":""国家税务总局江苏省税务局"",""用人司局"":""国家税务总局张家港市税务局"",""机构性质"":""中央国家行政机关省级以下直属机构"",""招考职位"":""一级行政执法员（三）"",""职位属性"":""普通职位"",""职位分布"":""其他职位"",""职位简介"":""从事税收信息化管理工作"",""职位代码"":""300110355003"",""机构层级"":""县（区）级及以下"",""考试类别"":""行政执法类"",""招考人数"":""3"",""专业"":""自动化类、计算机类"",""学历"":""本科及以上"",""学位"":""与最高学历相对应的学位"",""政治面貌"":""不限"",""基层工作最低年限"":""无限制"",""服务基层项目工作经历"":""无限制"",""是否在面试阶段组织专业能力测试"":""否"",""面试人员比例"":""3:1"",""工作地点"":""江苏省苏州市张家港市"",""落户地点"":""江苏省苏州市张家港市"",""备注"":""2024届高校毕业生，本单位不提供宿舍，在本单位最低服务年限为5年"",""部门网站"":""https://jiangsu.chinatax.gov.cn/"",""咨询电话1"":""025-86634478"",""咨询电话2"":"""",""咨询电话3"":"""",""来源Sheet"":""中央国家行政机关省级以下直属机构""}}"
"government_jobs","国家公务员2024招考简章","公务员/事业单位技术岗位","江苏省苏州市昆山市","2026-07-28T09:12:58.310295+00:00","一级行政执法员（四）","国家税务总局江苏省税务局","","江苏省苏州市昆山市","公务员/事业单位;2024;automation_robotics;computer_software;本科及以上;与最高学历相对应的学位;自动化类、计算机类;行政执法类","用人司局：国家税务总局昆山市税务局
职位简介：从事税收信息化管理工作
专业要求：自动化类、计算机类
学历要求：本科及以上
学位要求：与最高学历相对应的学位
政治面貌：不限
基层工作经历：无限制
考试类别：行政执法类
备注：2024届高校毕业生，本单位不提供宿舍，在本单位最低服务年限为5年","https://www.xuanhan.gov.cn/xxgk-show-77635.html#130111-300110360004","2023-10-15","{""dataset_year"":2024,""job_uid"":""GOV-2024-130111-300110360004"",""publisher"":""国家公务员局"",""publication_page"":""https://www.xuanhan.gov.cn/xxgk-show-77635.html"",""attachment_url"":""https://www.xuanhan.gov.cn/uploadfile/1/Attachment/638fdecf51.zip"",""local_source_file"":""中央机关及其直属机构2024年度考试录用公务员招考简章.xls"",""local_source_sha256"":""a1741b99dbecd6d03e533f99f2d69b0fa5a79733e551b80af69986ceed2ad996"",""source_sheet"":""中央国家行政机关省级以下直属机构"",""filter_version"":""government_tech_v2"",""tech_filter"":{""is_tech"":true,""is_core_tech"":true,""scope"":""core"",""categories"":[""automation_robotics"",""computer_software""],""matched_fields"":[""major"",""description""],""major_terms"":[""自动化类"",""计算机类""],""role_terms"":[""信息化""],""reason"":""tech_major_and_role""},""original"":{""部门代码"":""130111"",""部门名称"":""国家税务总局江苏省税务局"",""用人司局"":""国家税务总局昆山市税务局"",""机构性质"":""中央国家行政机关省级以下直属机构"",""招考职位"":""一级行政执法员（四）"",""职位属性"":""普通职位"",""职位分布"":""其他职位"",""职位简介"":""从事税收信息化管理工作"",""职位代码"":""300110360004"",""机构层级"":""县（区）级及以下"",""考试类别"":""行政执法类"",""招考人数"":""2"",""专业"":""自动化类、计算机类"",""学历"":""本科及以上"",""学位"":""与最高学历相对应的学位"",""政治面貌"":""不限"",""基层工作最低年限"":""无限制"",""服务基层项目工作经历"":""无限制"",""是否在面试阶段组织专业能力测试"":""否"",""面试人员比例"":""3:1"",""工作地点"":""江苏省苏州市昆山市"",""落户地点"":""江苏省苏州市昆山市"",""备注"":""2024届高校毕业生，本单位不提供宿舍，在本单位最低服务年限为5年"",""部门网站"":""https://jiangsu.chinatax.gov.cn/"",""咨询电话1"":""025-86634478"",""咨询电话2"":"""",""咨询电话3"":"""",""来源Sheet"":""中央国家行政机关省级以下直属机构""}}"
"government_jobs","国家公务员2024招考简章","公务员/事业单位技术岗位","江苏省苏州市太仓市","2026-07-28T09:12:58.310295+00:00","一级行政执法员（四）","国家税务总局江苏省税务局","","江苏省苏州市太仓市","公务员/事业单位;2024;automation_robotics;computer_software;本科及以上;与最高学历相对应的学位;自动化类、计算机类;行政执法类","用人司局：国家税务总局太仓市税务局
职位简介：从事税收信息化管理工作
专业要求：自动化类、计算机类
学历要求：本科及以上
学位要求：与最高学历相对应的学位
政治面貌：不限
基层工作经历：无限制
考试类别：行政执法类
备注：2024届高校毕业生，本单位不提供宿舍，在本单位最低服务年限为5年","https://www.xuanhan.gov.cn/xxgk-show-77635.html#130111-300110365004","2023-10-15","{""dataset_year"":2024,""job_uid"":""GOV-2024-130111-300110365004"",""publisher"":""国家公务员局"",""publication_page"":""https://www.xuanhan.gov.cn/xxgk-show-77635.html"",""attachment_url"":""https://www.xuanhan.gov.cn/uploadfile/1/Attachment/638fdecf51.zip"",""local_source_file"":""中央机关及其直属机构2024年度考试录用公务员招考简章.xls"",""local_source_sha256"":""a1741b99dbecd6d03e533f99f2d69b0fa5a79733e551b80af69986ceed2ad996"",""source_sheet"":""中央国家行政机关省级以下直属机构"",""filter_version"":""government_tech_v2"",""tech_filter"":{""is_tech"":true,""is_core_tech"":true,""scope"":""core"",""categories"":[""automation_robotics"",""computer_software""],""matched_fields"":[""major"",""description""],""major_terms"":[""自动化类"",""计算机类""],""role_terms"":[""信息化""],""reason"":""tech_major_and_role""},""original"":{""部门代码"":""130111"",""部门名称"":""国家税务总局江苏省税务局"",""用人司局"":""国家税务总局太仓市税务局"",""机构性质"":""中央国家行政机关省级以下直属机构"",""招考职位"":""一级行政执法员（四）"",""职位属性"":""普通职位"",""职位分布"":""其他职位"",""职位简介"":""从事税收信息化管理工作"",""职位代码"":""300110365004"",""机构层级"":""县（区）级及以下"",""考试类别"":""行政执法类"",""招考人数"":""3"",""专业"":""自动化类、计算机类"",""学历"":""本科及以上"",""学位"":""与最高学历相对应的学位"",""政治面貌"":""不限"",""基层工作最低年限"":""无限制"",""服务基层项目工作经历"":""无限制"",""是否在面试阶段组织专业能力测试"":""否"",""面试人员比例"":""3:1"",""工作地点"":""江苏省苏州市太仓市"",""落户地点"":""江苏省苏州市太仓市"",""备注"":""2024届高校毕业生，本单位不提供宿舍，在本单位最低服务年限为5年"",""部门网站"":""https://jiangsu.chinatax.gov.cn/"",""咨询电话1"":""025-86634478"",""咨询电话2"":"""",""咨询电话3"":"""",""来源Sheet"":""中央国家行政机关省级以下直属机构""}}"
"government_jobs","国家公务员2024招考简章","公务员/事业单位技术岗位","江苏省南通市通州区","2026-07-28T09:12:58.310295+00:00","一级行政执法员（五）","国家税务总局江苏省税务局","","江苏省南通市通州区","公务员/事业单位;2024;computer_software;electronics_communication;本科及以上;与最高学历相对应的学位;电子信息类、计算机类;行政执法类","用人司局：国家税务总局南通市通州区税务局
职位简介：从事税收信息化管理工作
专业要求：电子信息类、计算机类
学历要求：本科及以上
学位要求：与最高学历相对应的学位
政治面貌：不限
基层工作经历：无限制
考试类别：行政执法类
备注：2024届高校毕业生，本单位不提供宿舍，在本单位最低服务年限为5年","https://www.xuanhan.gov.cn/xxgk-show-77635.html#130111-300110430005","2023-10-15","{""dataset_year"":2024,""job_uid"":""GOV-2024-130111-300110430005"",""publisher"":""国家公务员局"",""publication_page"":""https://www.xuanhan.gov.cn/xxgk-show-77635.html"",""attachment_url"":""https://www.xuanhan.gov.cn/uploadfile/1/Attachment/638fdecf51.zip"",""local_source_file"":""中央机关及其直属机构2024年度考试录用公务员招考简章.xls"",""local_source_sha256"":""a1741b99dbecd6d03e533f99f2d69b0fa5a79733e551b80af69986ceed2ad996"",""source_sheet"":""中央国家行政机关省级以下直属机构"",""filter_version"":""government_tech_v2"",""tech_filter"":{""is_tech"":true,""is_core_tech"":true,""scope"":""core"",""categories"":[""computer_software"",""electronics_communication""],""matched_fields"":[""major"",""description""],""major_terms"":[""电子信息类"",""计算机类""],""role_terms"":[""信息化""],""reason"":""tech_major_and_role""},""original"":{""部门代码"":""130111"",""部门名称"":""国家税务总局江苏省税务局"",""用人司局"":""国家税务总局南通市通州区税务局"",""机构性质"":""中央国家行政机关省级以下直属机构"",""招考职位"":""一级行政执法员（五）"",""职位属性"":""普通职位"",""职位分布"":""其他职位"",""职位简介"":""从事税收信息化管理工作"",""职位代码"":""300110430005"",""机构层级"":""县（区）级及以下"",""考试类别"":""行政执法类"",""招考人数"":""2"",""专业"":""电子信息类、计算机类"",""学历"":""本科及以上"",""学位"":""与最高学历相对应的学位"",""政治面貌"":""不限"",""基层工作最低年限"":""无限制"",""服务基层项目工作经历"":""无限制"",""是否在面试阶段组织专业能力测试"":""否"",""面试人员比例"":""3:1"",""工作地点"":""江苏省南通市通州区"",""落户地点"":""江苏省南通市通州区"",""备注"":""2024届高校毕业生，本单位不提供宿舍，在本单位最低服务年限为5年"",""部门网站"":""https://jiangsu.chinatax.gov.cn/"",""咨询电话1"":""025-86634478"",""咨询电话2"":"""",""咨询电话3"":"""",""来源Sheet"":""中央国家行政机关省级以下直属机构""}}"
"government_jobs","国家公务员2024招考简章","公务员/事业单位技术岗位","江苏省南通市海安市","2026-07-28T09:12:58.310295+00:00","一级行政执法员（五）","国家税务总局江苏省税务局","","江苏省南通市海安市","公务员/事业单位;2024;computer_software;electronics_communication;本科及以上;与最高学历相对应的学位;电子信息类、计算机类;行政执法类","用人司局：国家税务总局海安市税务局
职位简介：从事税收信息化管理工作
专业要求：电子信息类、计算机类
学历要求：本科及以上
学位要求：与最高学历相对应的学位
政治面貌：不限
基层工作经历：无限制
考试类别：行政执法类
备注：2024届高校毕业生，男性，本单位不提供宿舍，在本单位最低服务年限为5年","https://www.xuanhan.gov.cn/xxgk-show-77635.html#130111-300110435005","2023-10-15","{""dataset_year"":2024,""job_uid"":""GOV-2024-130111-300110435005"",""publisher"":""国家公务员局"",""publication_page"":""https://www.xuanhan.gov.cn/xxgk-show-77635.html"",""attachment_url"":""https://www.xuanhan.gov.cn/uploadfile/1/Attachment/638fdecf51.zip"",""local_source_file"":""中央机关及其直属机构2024年度考试录用公务员招考简章.xls"",""local_source_sha256"":""a1741b99dbecd6d03e533f99f2d69b0fa5a79733e551b80af69986ceed2ad996"",""source_sheet"":""中央国家行政机关省级以下直属机构"",""filter_version"":""government_tech_v2"",""tech_filter"":{""is_tech"":true,""is_core_tech"":true,""scope"":""core"",""categories"":[""computer_software"",""electronics_communication""],""matched_fields"":[""major"",""description""],""major_terms"":[""电子信息类"",""计算机类""],""role_terms"":[""信息化""],""reason"":""tech_major_and_role""},""original"":{""部门代码"":""130111"",""部门名称"":""国家税务总局江苏省税务局"",""用人司局"":""国家税务总局海安市税务局"",""机构性质"":""中央国家行政机关省级以下直属机构"",""招考职位"":""一级行政执法员（五）"",""职位属性"":""普通职位"",""职位分布"":""其他职位"",""职位简介"":""从事税收信息化管理工作"",""职位代码"":""300110435005"",""机构层级"":""县（区）级及以下"",""考试类别"":""行政执法类"",""招考人数"":""2"",""专业"":""电子信息类、计算机类"",""学历"":""本科及以上"",""学位"":""与最高学历相对应的学位"",""政治面貌"":""不限"",""基层工作最低年限"":""无限制"",""服务基层项目工作经历"":""无限制"",""是否在面试阶段组织专业能力测试"":""否"",""面试人员比例"":""3:1"",""工作地点"":""江苏省南通市海安市"",""落户地点"":""江苏省南通市海安市"",""备注"":""2024届高校毕业生，男性，本单位不提供宿舍，在本单位最低服务年限为5年"",""部门网站"":""https://jiangsu.chinatax.gov.cn/"",""咨询电话1"":""025-86634478"",""咨询电话2"":"""",""咨询电话3"":"""",""来源Sheet"":""中央国家行政机关省级以下直属机构""}}"
"government_jobs","国家公务员2024招考简章","公务员/事业单位技术岗位","江苏省南通市海安市","2026-07-28T09:12:58.310295+00:00","一级行政执法员（六）","国家税务总局江苏省税务局","","江苏省南通市海安市","公务员/事业单位;2024;computer_software;electronics_communication;本科及以上;与最高学历相对应的学位;电子信息类、计算机类;行政执法类","用人司局：国家税务总局海安市税务局
职位简介：从事税收信息化管理工作
专业要求：电子信息类、计算机类
学历要求：本科及以上
学位要求：与最高学历相对应的学位
政治面貌：不限
基层工作经历：无限制
考试类别：行政执法类
备注：2024届高校毕业生，女性，本单位不提供宿舍，在本单位最低服务年限为5年","https://www.xuanhan.gov.cn/xxgk-show-77635.html#130111-300110435006","2023-10-15","{""dataset_year"":2024,""job_uid"":""GOV-2024-130111-300110435006"",""publisher"":""国家公务员局"",""publication_page"":""https://www.xuanhan.gov.cn/xxgk-show-77635.html"",""attachment_url"":""https://www.xuanhan.gov.cn/uploadfile/1/Attachment/638fdecf51.zip"",""local_source_file"":""中央机关及其直属机构2024年度考试录用公务员招考简章.xls"",""local_source_sha256"":""a1741b99dbecd6d03e533f99f2d69b0fa5a79733e551b80af69986ceed2ad996"",""source_sheet"":""中央国家行政机关省级以下直属机构"",""filter_version"":""government_tech_v2"",""tech_filter"":{""is_tech"":true,""is_core_tech"":true,""scope"":""core"",""categories"":[""computer_software"",""electronics_communication""],""matched_fields"":[""major"",""description""],""major_terms"":[""电子信息类"",""计算机类""],""role_terms"":[""信息化""],""reason"":""tech_major_and_role""},""original"":{""部门代码"":""130111"",""部门名称"":""国家税务总局江苏省税务局"",""用人司局"":""国家税务总局海安市税务局"",""机构性质"":""中央国家行政机关省级以下直属机构"",""招考职位"":""一级行政执法员（六）"",""职位属性"":""普通职位"",""职位分布"":""其他职位"",""职位简介"":""从事税收信息化管理工作"",""职位代码"":""300110435006"",""机构层级"":""县（区）级及以下"",""考试类别"":""行政执法类"",""招考人数"":""2"",""专业"":""电子信息类、计算机类"",""学历"":""本科及以上"",""学位"":""与最高学历相对应的学位"",""政治面貌"":""不限"",""基层工作最低年限"":""无限制"",""服务基层项目工作经历"":""无限制"",""是否在面试阶段组织专业能力测试"":""否"",""面试人员比例"":""3:1"",""工作地点"":""江苏省南通市海安市"",""落户地点"":""江苏省南通市海安市"",""备注"":""2024届高校毕业生，女性，本单位不提供宿舍，在本单位最低服务年限为5年"",""部门网站"":""https://jiangsu.chinatax.gov.cn/"",""咨询电话1"":""025-86634478"",""咨询电话2"":"""",""咨询电话3"":"""",""来源Sheet"":""中央国家行政机关省级以下直属机构""}}"
"government_jobs","国家公务员2024招考简章","公务员/事业单位技术岗位","江苏省南通市如皋市","2026-07-28T09:12:58.310295+00:00","一级行政执法员（一）","国家税务总局江苏省税务局","","江苏省南通市如皋市","公务员/事业单位;2024;computer_software;electronics_communication;本科及以上;与最高学历相对应的学位;电子信息类、计算机类;行政执法类","用人司局：国家税务总局如皋市税务局
职位简介：从事税收信息化管理工作
专业要求：电子信息类、计算机类
学历要求：本科及以上
学位要求：与最高学历相对应的学位
政治面貌：不限
基层工作经历：无限制
考试类别：行政执法类
备注：2024届高校毕业生，男性，本单位不提供宿舍，在本单位最低服务年限为5年","https://www.xuanhan.gov.cn/xxgk-show-77635.html#130111-300110440001","2023-10-15","{""dataset_year"":2024,""job_uid"":""GOV-2024-130111-300110440001"",""publisher"":""国家公务员局"",""publication_page"":""https://www.xuanhan.gov.cn/xxgk-show-77635.html"",""attachment_url"":""https://www.xuanhan.gov.cn/uploadfile/1/Attachment/638fdecf51.zip"",""local_source_file"":""中央机关及其直属机构2024年度考试录用公务员招考简章.xls"",""local_source_sha256"":""a1741b99dbecd6d03e533f99f2d69b0fa5a79733e551b80af69986ceed2ad996"",""source_sheet"":""中央国家行政机关省级以下直属机构"",""filter_version"":""government_tech_v2"",""tech_filter"":{""is_tech"":true,""is_core_tech"":true,""scope"":""core"",""categories"":[""computer_software"",""electronics_communication""],""matched_fields"":[""major"",""description""],""major_terms"":[""电子信息类"",""计算机类""],""role_terms"":[""信息化""],""reason"":""tech_major_and_role""},""original"":{""部门代码"":""130111"",""部门名称"":""国家税务总局江苏省税务局"",""用人司局"":""国家税务总局如皋市税务局"",""机构性质"":""中央国家行政机关省级以下直属机构"",""招考职位"":""一级行政执法员（一）"",""职位属性"":""普通职位"",""职位分布"":""其他职位"",""职位简介"":""从事税收信息化管理工作"",""职位代码"":""300110440001"",""机构层级"":""县（区）级及以下"",""考试类别"":""行政执法类"",""招考人数"":""2"",""专业"":""电子信息类、计算机类"",""学历"":""本科及以上"",""学位"":""与最高学历相对应的学位"",""政治面貌"":""不限"",""基层工作最低年限"":""无限制"",""服务基层项目工作经历"":""无限制"",""是否在面试阶段组织专业能力测试"":""否"",""面试人员比例"":""3:1"",""工作地点"":""江苏省南通市如皋市"",""落户地点"":""江苏省南通市如皋市"",""备注"":""2024届高校毕业生，男性，本单位不提供宿舍，在本单位最低服务年限为5年"",""部门网站"":""https://jiangsu.chinatax.gov.cn/"",""咨询电话1"":""025-86634478"",""咨询电话2"":"""",""咨询电话3"":"""",""来源Sheet"":""中央国家行政机关省级以下直属机构""}}"
"government_jobs","国家公务员2024招考简章","公务员/事业单位技术岗位","江苏省南通市如皋市","2026-07-28T09:12:58.310295+00:00","一级行政执法员（二）","国家税务总局江苏省税务局","","江苏省南通市如皋市","公务员/事业单位;2024;computer_software;electronics_communication;本科及以上;与最高学历相对应的学位;电子信息类、计算机类;行政执法类","用人司局：国家税务总局如皋市税务局
职位简介：从事税收信息化管理工作
专业要求：电子信息类、计算机类
学历要求：本科及以上
学位要求：与最高学历相对应的学位
政治面貌：不限
基层工作经历：无限制
考试类别：行政执法类
备注：2024届高校毕业生，女性，本单位不提供宿舍，在本单位最低服务年限为5年","https://www.xuanhan.gov.cn/xxgk-show-77635.html#130111-300110440002","2023-10-15","{""dataset_year"":2024,""job_uid"":""GOV-2024-130111-300110440002"",""publisher"":""国家公务员局"",""publication_page"":""https://www.xuanhan.gov.cn/xxgk-show-77635.html"",""attachment_url"":""https://www.xuanhan.gov.cn/uploadfile/1/Attachment/638fdecf51.zip"",""local_source_file"":""中央机关及其直属机构2024年度考试录用公务员招考简章.xls"",""local_source_sha256"":""a1741b99dbecd6d03e533f99f2d69b0fa5a79733e551b80af69986ceed2ad996"",""source_sheet"":""中央国家行政机关省级以下直属机构"",""filter_version"":""government_tech_v2"",""tech_filter"":{""is_tech"":true,""is_core_tech"":true,""scope"":""core"",""categories"":[""computer_software"",""electronics_communication""],""matched_fields"":[""major"",""description""],""major_terms"":[""电子信息类"",""计算机类""],""role_terms"":[""信息化""],""reason"":""tech_major_and_role""},""original"":{""部门代码"":""130111"",""部门名称"":""国家税务总局江苏省税务局"",""用人司局"":""国家税务总局如皋市税务局"",""机构性质"":""中央国家行政机关省级以下直属机构"",""招考职位"":""一级行政执法员（二）"",""职位属性"":""普通职位"",""职位分布"":""其他职位"",""职位简介"":""从事税收信息化管理工作"",""职位代码"":""300110440002"",""机构层级"":""县（区）级及以下"",""考试类别"":""行政执法类"",""招考人数"":""2"",""专业"":""电子信息类、计算机类"",""学历"":""本科及以上"",""学位"":""与最高学历相对应的学位"",""政治面貌"":""不限"",""基层工作最低年限"":""无限制"",""服务基层项目工作经历"":""无限制"",""是否在面试阶段组织专业能力测试"":""否"",""面试人员比例"":""3:1"",""工作地点"":""江苏省南通市如皋市"",""落户地点"":""江苏省南通市如皋市"",""备注"":""2024届高校毕业生，女性，本单位不提供宿舍，在本单位最低服务年限为5年"",""部门网站"":""https://jiangsu.chinatax.gov.cn/"",""咨询电话1"":""025-86634478"",""咨询电话2"":"""",""咨询电话3"":"""",""来源Sheet"":""中央国家行政机关省级以下直属机构""}}"
"government_jobs","国家公务员2024招考简章","公务员/事业单位技术岗位","江苏省南通市如东县","2026-07-28T09:12:58.310295+00:00","一级行政执法员（三）","国家税务总局江苏省税务局","","江苏省南通市如东县","公务员/事业单位;2024;computer_software;electronics_communication;本科及以上;与最高学历相对应的学位;电子信息类、计算机类;行政执法类","用人司局：国家税务总局如东县税务局
职位简介：从事税收信息化管理工作
专业要求：电子信息类、计算机类
学历要求：本科及以上
学位要求：与最高学历相对应的学位
政治面貌：不限
基层工作经历：无限制
考试类别：行政执法类
备注：2024届高校毕业生，男性，本单位不提供宿舍，在本单位最低服务年限为5年","https://www.xuanhan.gov.cn/xxgk-show-77635.html#130111-300110445003","2023-10-15","{""dataset_year"":2024,""job_uid"":""GOV-2024-130111-300110445003"",""publisher"":""国家公务员局"",""publication_page"":""https://www.xuanhan.gov.cn/xxgk-show-77635.html"",""attachment_url"":""https://www.xuanhan.gov.cn/uploadfile/1/Attachment/638fdecf51.zip"",""local_source_file"":""中央机关及其直属机构2024年度考试录用公务员招考简章.xls"",""local_source_sha256"":""a1741b99dbecd6d03e533f99f2d69b0fa5a79733e551b80af69986ceed2ad996"",""source_sheet"":""中央国家行政机关省级以下直属机构"",""filter_version"":""government_tech_v2"",""tech_filter"":{""is_tech"":true,""is_core_tech"":true,""scope"":""core"",""categories"":[""computer_software"",""electronics_communication""],""matched_fields"":[""major"",""description""],""major_terms"":[""电子信息类"",""计算机类""],""role_terms"":[""信息化""],""reason"":""tech_major_and_role""},""original"":{""部门代码"":""130111"",""部门名称"":""国家税务总局江苏省税务局"",""用人司局"":""国家税务总局如东县税务局"",""机构性质"":""中央国家行政机关省级以下直属机构"",""招考职位"":""一级行政执法员（三）"",""职位属性"":""普通职位"",""职位分布"":""其他职位"",""职位简介"":""从事税收信息化管理工作"",""职位代码"":""300110445003"",""机构层级"":""县（区）级及以下"",""考试类别"":""行政执法类"",""招考人数"":""4"",""专业"":""电子信息类、计算机类"",""学历"":""本科及以上"",""学位"":""与最高学历相对应的学位"",""政治面貌"":""不限"",""基层工作最低年限"":""无限制"",""服务基层项目工作经历"":""无限制"",""是否在面试阶段组织专业能力测试"":""否"",""面试人员比例"":""3:1"",""工作地点"":""江苏省南通市如东县"",""落户地点"":""江苏省南通市如东县"",""备注"":""2024届高校毕业生，男性，本单位不提供宿舍，在本单位最低服务年限为5年"",""部门网站"":""https://jiangsu.chinatax.gov.cn/"",""咨询电话1"":""025-86634478"",""咨询电话2"":"""",""咨询电话3"":"""",""来源Sheet"":""中央国家行政机关省级以下直属机构""}}"
"government_jobs","国家公务员2024招考简章","公务员/事业单位技术岗位","江苏省南通市如东县","2026-07-28T09:12:58.310295+00:00","一级行政执法员（四）","国家税务总局江苏省税务局","","江苏省南通市如东县","公务员/事业单位;2024;computer_software;electronics_communication;本科及以上;与最高学历相对应的学位;电子信息类、计算机类;行政执法类","用人司局：国家税务总局如东县税务局
职位简介：从事税收信息化管理工作
专业要求：电子信息类、计算机类
学历要求：本科及以上
学位要求：与最高学历相对应的学位
政治面貌：不限
基层工作经历：无限制
考试类别：行政执法类
备注：2024届高校毕业生，女性，本单位不提供宿舍，在本单位最低服务年限为5年","https://www.xuanhan.gov.cn/xxgk-show-77635.html#130111-300110445004","2023-10-15","{""dataset_year"":2024,""job_uid"":""GOV-2024-130111-300110445004"",""publisher"":""国家公务员局"",""publication_page"":""https://www.xuanhan.gov.cn/xxgk-show-77635.html"",""attachment_url"":""https://www.xuanhan.gov.cn/uploadfile/1/Attachment/638fdecf51.zip"",""local_source_file"":""中央机关及其直属机构2024年度考试录用公务员招考简章.xls"",""local_source_sha256"":""a1741b99dbecd6d03e533f99f2d69b0fa5a79733e551b80af69986ceed2ad996"",""source_sheet"":""中央国家行政机关省级以下直属机构"",""filter_version"":""government_tech_v2"",""tech_filter"":{""is_tech"":true,""is_core_tech"":true,""scope"":""core"",""categories"":[""computer_software"",""electronics_communication""],""matched_fields"":[""major"",""description""],""major_terms"":[""电子信息类"",""计算机类""],""role_terms"":[""信息化""],""reason"":""tech_major_and_role""},""original"":{""部门代码"":""130111"",""部门名称"":""国家税务总局江苏省税务局"",""用人司局"":""国家税务总局如东县税务局"",""机构性质"":""中央国家行政机关省级以下直属机构"",""招考职位"":""一级行政执法员（四）"",""职位属性"":""普通职位"",""职位分布"":""其他职位"",""职位简介"":""从事税收信息化管理工作"",""职位代码"":""300110445004"",""机构层级"":""县（区）级及以下"",""考试类别"":""行政执法类"",""招考人数"":""4"",""专业"":""电子信息类、计算机类"",""学历"":""本科及以上"",""学位"":""与最高学历相对应的学位"",""政治面貌"":""不限"",""基层工作最低年限"":""无限制"",""服务基层项目工作经历"":""无限制"",""是否在面试阶段组织专业能力测试"":""否"",""面试人员比例"":""3:1"",""工作地点"":""江苏省南通市如东县"",""落户地点"":""江苏省南通市如东县"",""备注"":""2024届高校毕业生，女性，本单位不提供宿舍，在本单位最低服务年限为5年"",""部门网站"":""https://jiangsu.chinatax.gov.cn/"",""咨询电话1"":""025-86634478"",""咨询电话2"":"""",""咨询电话3"":"""",""来源Sheet"":""中央国家行政机关省级以下直属机构""}}"
"government_jobs","国家公务员2024招考简章","公务员/事业单位技术岗位","江苏省南通市启东市","2026-07-28T09:12:58.310295+00:00","一级行政执法员（三）","国家税务总局江苏省税务局","","江苏省南通市启东市","公务员/事业单位;2024;computer_software;electronics_communication;本科及以上;与最高学历相对应的学位;电子信息类、计算机类;行政执法类","用人司局：国家税务总局启东市税务局
职位简介：从事税收信息化管理工作
专业要求：电子信息类、计算机类
学历要求：本科及以上
学位要求：与最高学历相对应的学位
政治面貌：不限
基层工作经历：无限制
考试类别：行政执法类
备注：2024届高校毕业生，本单位不提供宿舍，在本单位最低服务年限为5年","https://www.xuanhan.gov.cn/xxgk-show-77635.html#130111-300110455003","2023-10-15","{""dataset_year"":2024,""job_uid"":""GOV-2024-130111-300110455003"",""publisher"":""国家公务员局"",""publication_page"":""https://www.xuanhan.gov.cn/xxgk-show-77635.html"",""attachment_url"":""https://www.xuanhan.gov.cn/uploadfile/1/Attachment/638fdecf51.zip"",""local_source_file"":""中央机关及其直属机构2024年度考试录用公务员招考简章.xls"",""local_source_sha256"":""a1741b99dbecd6d03e533f99f2d69b0fa5a79733e551b80af69986ceed2ad996"",""source_sheet"":""中央国家行政机关省级以下直属机构"",""filter_version"":""government_tech_v2"",""tech_filter"":{""is_tech"":true,""is_core_tech"":true,""scope"":""core"",""categories"":[""computer_software"",""electronics_communication""],""matched_fields"":[""major"",""description""],""major_terms"":[""电子信息类"",""计算机类""],""role_terms"":[""信息化""],""reason"":""tech_major_and_role""},""original"":{""部门代码"":""130111"",""部门名称"":""国家税务总局江苏省税务局"",""用人司局"":""国家税务总局启东市税务局"",""机构性质"":""中央国家行政机关省级以下直属机构"",""招考职位"":""一级行政执法员（三）"",""职位属性"":""普通职位"",""职位分布"":""其他职位"",""职位简介"":""从事税收信息化管理工作"",""职位代码"":""300110455003"",""机构层级"":""县（区）级及以下"",""考试类别"":""行政执法类"",""招考人数"":""3"",""专业"":""电子信息类、计算机类"",""学历"":""本科及以上"",""学位"":""与最高学历相对应的学位"",""政治面貌"":""不限"",""基层工作最低年限"":""无限制"",""服务基层项目工作经历"":""无限制"",""是否在面试阶段组织专业能力测试"":""否"",""面试人员比例"":""3:1"",""工作地点"":""江苏省南通市启东市"",""落户地点"":""江苏省南通市启东市"",""备注"":""2024届高校毕业生，本单位不提供宿舍，在本单位最低服务年限为5年"",""部门网站"":""https://jiangsu.chinatax.gov.cn/"",""咨询电话1"":""025-86634478"",""咨询电话2"":"""",""咨询电话3"":"""",""来源Sheet"":""中央国家行政机关省级以下直属机构""}}"
"government_jobs","国家公务员2024招考简章","公务员/事业单位技术岗位","江苏省连云港市赣榆区","2026-07-28T09:12:58.310295+00:00","一级行政执法员（五）","国家税务总局江苏省税务局","","江苏省连云港市赣榆区","公务员/事业单位;2024;computer_software;electronics_communication;仅限本科;学士;电子信息类、计算机类;行政执法类","用人司局：国家税务总局连云港市赣榆区税务局
职位简介：从事税收信息化管理工作
专业要求：电子信息类、计算机类
学历要求：仅限本科
学位要求：学士
政治面貌：不限
基层工作经历：无限制
考试类别：行政执法类
备注：本单位不提供宿舍，在本单位最低服务年限为5年","https://www.xuanhan.gov.cn/xxgk-show-77635.html#130111-300110500005","2023-10-15","{""dataset_year"":2024,""job_uid"":""GOV-2024-130111-300110500005"",""publisher"":""国家公务员局"",""publication_page"":""https://www.xuanhan.gov.cn/xxgk-show-77635.html"",""attachment_url"":""https://www.xuanhan.gov.cn/uploadfile/1/Attachment/638fdecf51.zip"",""local_source_file"":""中央机关及其直属机构2024年度考试录用公务员招考简章.xls"",""local_source_sha256"":""a1741b99dbecd6d03e533f99f2d69b0fa5a79733e551b80af69986ceed2ad996"",""source_sheet"":""中央国家行政机关省级以下直属机构"",""filter_version"":""government_tech_v2"",""tech_filter"":{""is_tech"":true,""is_core_tech"":true,""scope"":""core"",""categories"":[""computer_software"",""electronics_communication""],""matched_fields"":[""major"",""description""],""major_terms"":[""电子信息类"",""计算机类""],""role_terms"":[""信息化""],""reason"":""tech_major_and_role""},""original"":{""部门代码"":""130111"",""部门名称"":""国家税务总局江苏省税务局"",""用人司局"":""国家税务总局连云港市赣榆区税务局"",""机构性质"":""中央国家行政机关省级以下直属机构"",""招考职位"":""一级行政执法员（五）"",""职位属性"":""普通职位"",""职位分布"":""其他职位"",""职位简介"":""从事税收信息化管理工作"",""职位代码"":""300110500005"",""机构层级"":""县（区）级及以下"",""考试类别"":""行政执法类"",""招考人数"":""2"",""专业"":""电子信息类、计算机类"",""学历"":""仅限本科"",""学位"":""学士"",""政治面貌"":""不限"",""基层工作最低年限"":""无限制"",""服务基层项目工作经历"":""无限制"",""是否在面试阶段组织专业能力测试"":""否"",""面试人员比例"":""3:1"",""工作地点"":""江苏省连云港市赣榆区"",""落户地点"":""江苏省连云港市赣榆区"",""备注"":""本单位不提供宿舍，在本单位最低服务年限为5年"",""部门网站"":""https://jiangsu.chinatax.gov.cn/"",""咨询电话1"":""025-86634478"",""咨询电话2"":"""",""咨询电话3"":"""",""来源Sheet"":""中央国家行政机关省级以下直属机构""}}"
"government_jobs","国家公务员2024招考简章","公务员/事业单位技术岗位","江苏省淮安市清江浦区","2026-07-28T09:12:58.310295+00:00","一级行政执法员（五）","国家税务总局江苏省税务局","","江苏省淮安市清江浦区","公务员/事业单位;2024;computer_software;electronics_communication;本科及以上;与最高学历相对应的学位;电子信息类、计算机类;行政执法类","用人司局：国家税务总局淮安市税务局第三税务分局
职位简介：从事税收信息化管理工作
专业要求：电子信息类、计算机类
学历要求：本科及以上
学位要求：与最高学历相对应的学位
政治面貌：不限
基层工作经历：无限制
考试类别：行政执法类
备注：2024届高校毕业生，本单位不提供宿舍，在本单位最低服务年限为5年","https://www.xuanhan.gov.cn/xxgk-show-77635.html#130111-300110528005","2023-10-15","{""dataset_year"":2024,""job_uid"":""GOV-2024-130111-300110528005"",""publisher"":""国家公务员局"",""publication_page"":""https://www.xuanhan.gov.cn/xxgk-show-77635.html"",""attachment_url"":""https://www.xuanhan.gov.cn/uploadfile/1/Attachment/638fdecf51.zip"",""local_source_file"":""中央机关及其直属机构2024年度考试录用公务员招考简章.xls"",""local_source_sha256"":""a1741b99dbecd6d03e533f99f2d69b0fa5a79733e551b80af69986ceed2ad996"",""source_sheet"":""中央国家行政机关省级以下直属机构"",""filter_version"":""government_tech_v2"",""tech_filter"":{""is_tech"":true,""is_core_tech"":true,""scope"":""core"",""categories"":[""computer_software"",""electronics_communication""],""matched_fields"":[""major"",""description""],""major_terms"":[""电子信息类"",""计算机类""],""role_terms"":[""信息化""],""reason"":""tech_major_and_role""},""original"":{""部门代码"":""130111"",""部门名称"":""国家税务总局江苏省税务局"",""用人司局"":""国家税务总局淮安市税务局第三税务分局"",""机构性质"":""中央国家行政机关省级以下直属机构"",""招考职位"":""一级行政执法员（五）"",""职位属性"":""普通职位"",""职位分布"":""其他职位"",""职位简介"":""从事税收信息化管理工作"",""职位代码"":""300110528005"",""机构层级"":""县（区）级及以下"",""考试类别"":""行政执法类"",""招考人数"":""5"",""专业"":""电子信息类、计算机类"",""学历"":""本科及以上"",""学位"":""与最高学历相对应的学位"",""政治面貌"":""不限"",""基层工作最低年限"":""无限制"",""服务基层项目工作经历"":""无限制"",""是否在面试阶段组织专业能力测试"":""否"",""面试人员比例"":""3:1"",""工作地点"":""江苏省淮安市清江浦区"",""落户地点"":""江苏省淮安市清江浦区"",""备注"":""2024届高校毕业生，本单位不提供宿舍，在本单位最低服务年限为5年"",""部门网站"":""https://jiangsu.chinatax.gov.cn/"",""咨询电话1"":""025-86634478"",""咨询电话2"":"""",""咨询电话3"":"""",""来源Sheet"":""中央国家行政机关省级以下直属机构""}}"
"government_jobs","国家公务员2024招考简章","公务员/事业单位技术岗位","江苏省盐城市盐都区","2026-07-28T09:12:58.310295+00:00","一级行政执法员（三）","国家税务总局江苏省税务局","","江苏省盐城市盐都区","公务员/事业单位;2024;computer_software;electronics_communication;仅限本科;学士;电子信息类、计算机类;行政执法类","用人司局：国家税务总局盐城市盐都区税务局
职位简介：从事税收信息化管理工作
专业要求：电子信息类、计算机类
学历要求：仅限本科
学位要求：学士
政治面貌：不限
基层工作经历：无限制
考试类别：行政执法类
备注：2024届高校毕业生，本单位不提供宿舍，在本单位最低服务年限为5年","https://www.xuanhan.gov.cn/xxgk-show-77635.html#130111-300110620003","2023-10-15","{""dataset_year"":2024,""job_uid"":""GOV-2024-130111-300110620003"",""publisher"":""国家公务员局"",""publication_page"":""https://www.xuanhan.gov.cn/xxgk-show-77635.html"",""attachment_url"":""https://www.xuanhan.gov.cn/uploadfile/1/Attachment/638fdecf51.zip"",""local_source_file"":""中央机关及其直属机构2024年度考试录用公务员招考简章.xls"",""local_source_sha256"":""a1741b99dbecd6d03e533f99f2d69b0fa5a79733e551b80af69986ceed2ad996"",""source_sheet"":""中央国家行政机关省级以下直属机构"",""filter_version"":""government_tech_v2"",""tech_filter"":{""is_tech"":true,""is_core_tech"":true,""scope"":""core"",""categories"":[""computer_software"",""electronics_communication""],""matched_fields"":[""major"",""description""],""major_terms"":[""电子信息类"",""计算机类""],""role_terms"":[""信息化""],""reason"":""tech_major_and_role""},""original"":{""部门代码"":""130111"",""部门名称"":""国家税务总局江苏省税务局"",""用人司局"":""国家税务总局盐城市盐都区税务局"",""机构性质"":""中央国家行政机关省级以下直属机构"",""招考职位"":""一级行政执法员（三）"",""职位属性"":""普通职位"",""职位分布"":""其他职位"",""职位简介"":""从事税收信息化管理工作"",""职位代码"":""300110620003"",""机构层级"":""县（区）级及以下"",""考试类别"":""行政执法类"",""招考人数"":""2"",""专业"":""电子信息类、计算机类"",""学历"":""仅限本科"",""学位"":""学士"",""政治面貌"":""不限"",""基层工作最低年限"":""无限制"",""服务基层项目工作经历"":""无限制"",""是否在面试阶段组织专业能力测试"":""否"",""面试人员比例"":""3:1"",""工作地点"":""江苏省盐城市盐都区"",""落户地点"":""江苏省盐城市盐都区"",""备注"":""2024届高校毕业生，本单位不提供宿舍，在本单位最低服务年限为5年"",""部门网站"":""https://jiangsu.chinatax.gov.cn/"",""咨询电话1"":""025-86634478"",""咨询电话2"":"""",""咨询电话3"":"""",""来源Sheet"":""中央国家行政机关省级以下直属机构""}}"
"government_jobs","国家公务员2024招考简章","公务员/事业单位技术岗位","江苏省盐城市滨海县","2026-07-28T09:12:58.310295+00:00","一级行政执法员（四）","国家税务总局江苏省税务局","","江苏省盐城市滨海县","公务员/事业单位;2024;computer_software;electronics_communication;仅限本科;学士;电子信息类、计算机类;行政执法类","用人司局：国家税务总局滨海县税务局
职位简介：从事税收信息化管理工作
专业要求：电子信息类、计算机类
学历要求：仅限本科
学位要求：学士
政治面貌：不限
基层工作经历：无限制
考试类别：行政执法类
备注：2024届高校毕业生，本单位不提供宿舍，在本单位最低服务年限为5年","https://www.xuanhan.gov.cn/xxgk-show-77635.html#130111-300110645004","2023-10-15","{""dataset_year"":2024,""job_uid"":""GOV-2024-130111-300110645004"",""publisher"":""国家公务员局"",""publication_page"":""https://www.xuanhan.gov.cn/xxgk-show-77635.html"",""attachment_url"":""https://www.xuanhan.gov.cn/uploadfile/1/Attachment/638fdecf51.zip"",""local_source_file"":""中央机关及其直属机构2024年度考试录用公务员招考简章.xls"",""local_source_sha256"":""a1741b99dbecd6d03e533f99f2d69b0fa5a79733e551b80af69986ceed2ad996"",""source_sheet"":""中央国家行政机关省级以下直属机构"",""filter_version"":""government_tech_v2"",""tech_filter"":{""is_tech"":true,""is_core_tech"":true,""scope"":""core"",""categories"":[""computer_software"",""electronics_communication""],""matched_fields"":[""major"",""description""],""major_terms"":[""电子信息类"",""计算机类""],""role_terms"":[""信息化""],""reason"":""tech_major_and_role""},""original"":{""部门代码"":""130111"",""部门名称"":""国家税务总局江苏省税务局"",""用人司局"":""国家税务总局滨海县税务局"",""机构性质"":""中央国家行政机关省级以下直属机构"",""招考职位"":""一级行政执法员（四）"",""职位属性"":""普通职位"",""职位分布"":""其他职位"",""职位简介"":""从事税收信息化管理工作"",""职位代码"":""300110645004"",""机构层级"":""县（区）级及以下"",""考试类别"":""行政执法类"",""招考人数"":""2"",""专业"":""电子信息类、计算机类"",""学历"":""仅限本科"",""学位"":""学士"",""政治面貌"":""不限"",""基层工作最低年限"":""无限制"",""服务基层项目工作经历"":""无限制"",""是否在面试阶段组织专业能力测试"":""否"",""面试人员比例"":""3:1"",""工作地点"":""江苏省盐城市滨海县"",""落户地点"":""江苏省盐城市滨海县"",""备注"":""2024届高校毕业生，本单位不提供宿舍，在本单位最低服务年限为5年"",""部门网站"":""https://jiangsu.chinatax.gov.cn/"",""咨询电话1"":""025-86634478"",""咨询电话2"":"""",""咨询电话3"":"""",""来源Sheet"":""中央国家行政机关省级以下直属机构""}}"
"government_jobs","国家公务员2024招考简章","公务员/事业单位技术岗位","江苏省扬州市广陵区","2026-07-28T09:12:58.310295+00:00","一级行政执法员（三）","国家税务总局江苏省税务局","","江苏省扬州市广陵区","公务员/事业单位;2024;computer_software;electronics_communication;本科及以上;与最高学历相对应的学位;电子信息类、计算机类;行政执法类","用人司局：国家税务总局扬州市广陵区税务局
职位简介：从事税收信息化管理工作
专业要求：电子信息类、计算机类
学历要求：本科及以上
学位要求：与最高学历相对应的学位
政治面貌：不限
基层工作经历：无限制
考试类别：行政执法类
备注：2024届高校毕业生，本单位不提供宿舍，在本单位最低服务年限为5年","https://www.xuanhan.gov.cn/xxgk-show-77635.html#130111-300110691003","2023-10-15","{""dataset_year"":2024,""job_uid"":""GOV-2024-130111-300110691003"",""publisher"":""国家公务员局"",""publication_page"":""https://www.xuanhan.gov.cn/xxgk-show-77635.html"",""attachment_url"":""https://www.xuanhan.gov.cn/uploadfile/1/Attachment/638fdecf51.zip"",""local_source_file"":""中央机关及其直属机构2024年度考试录用公务员招考简章.xls"",""local_source_sha256"":""a1741b99dbecd6d03e533f99f2d69b0fa5a79733e551b80af69986ceed2ad996"",""source_sheet"":""中央国家行政机关省级以下直属机构"",""filter_version"":""government_tech_v2"",""tech_filter"":{""is_tech"":true,""is_core_tech"":true,""scope"":""core"",""categories"":[""computer_software"",""electronics_communication""],""matched_fields"":[""major"",""description""],""major_terms"":[""电子信息类"",""计算机类""],""role_terms"":[""信息化""],""reason"":""tech_major_and_role""},""original"":{""部门代码"":""130111"",""部门名称"":""国家税务总局江苏省税务局"",""用人司局"":""国家税务总局扬州市广陵区税务局"",""机构性质"":""中央国家行政机关省级以下直属机构"",""招考职位"":""一级行政执法员（三）"",""职位属性"":""普通职位"",""职位分布"":""其他职位"",""职位简介"":""从事税收信息化管理工作"",""职位代码"":""300110691003"",""机构层级"":""县（区）级及以下"",""考试类别"":""行政执法类"",""招考人数"":""2"",""专业"":""电子信息类、计算机类"",""学历"":""本科及以上"",""学位"":""与最高学历相对应的学位"",""政治面貌"":""不限"",""基层工作最低年限"":""无限制"",""服务基层项目工作经历"":""无限制"",""是否在面试阶段组织专业能力测试"":""否"",""面试人员比例"":""3:1"",""工作地点"":""江苏省扬州市广陵区"",""落户地点"":""江苏省扬州市广陵区"",""备注"":""2024届高校毕业生，本单位不提供宿舍，在本单位最低服务年限为5年"",""部门网站"":""https://jiangsu.chinatax.gov.cn/"",""咨询电话1"":""025-86634478"",""咨询电话2"":"""",""咨询电话3"":"""",""来源Sheet"":""中央国家行政机关省级以下直属机构""}}"
"government_jobs","国家公务员2024招考简章","公务员/事业单位技术岗位","江苏省扬州市宝应县","2026-07-28T09:12:58.310295+00:00","一级行政执法员（四）","国家税务总局江苏省税务局","","江苏省扬州市宝应县","公务员/事业单位;2024;computer_software;electronics_communication;仅限本科;学士;电子信息类、计算机类;行政执法类","用人司局：国家税务总局宝应县税务局
职位简介：从事税收信息化管理工作
专业要求：电子信息类、计算机类
学历要求：仅限本科
学位要求：学士
政治面貌：不限
基层工作经历：无限制
考试类别：行政执法类
备注：2024届高校毕业生，本单位不提供宿舍，在本单位最低服务年限为5年","https://www.xuanhan.gov.cn/xxgk-show-77635.html#130111-300110695004","2023-10-15","{""dataset_year"":2024,""job_uid"":""GOV-2024-130111-300110695004"",""publisher"":""国家公务员局"",""publication_page"":""https://www.xuanhan.gov.cn/xxgk-show-77635.html"",""attachment_url"":""https://www.xuanhan.gov.cn/uploadfile/1/Attachment/638fdecf51.zip"",""local_source_file"":""中央机关及其直属机构2024年度考试录用公务员招考简章.xls"",""local_source_sha256"":""a1741b99dbecd6d03e533f99f2d69b0fa5a79733e551b80af69986ceed2ad996"",""source_sheet"":""中央国家行政机关省级以下直属机构"",""filter_version"":""government_tech_v2"",""tech_filter"":{""is_tech"":true,""is_core_tech"":true,""scope"":""core"",""categories"":[""computer_software"",""electronics_communication""],""matched_fields"":[""major"",""description""],""major_terms"":[""电子信息类"",""计算机类""],""role_terms"":[""信息化""],""reason"":""tech_major_and_role""},""original"":{""部门代码"":""130111"",""部门名称"":""国家税务总局江苏省税务局"",""用人司局"":""国家税务总局宝应县税务局"",""机构性质"":""中央国家行政机关省级以下直属机构"",""招考职位"":""一级行政执法员（四）"",""职位属性"":""普通职位"",""职位分布"":""其他职位"",""职位简介"":""从事税收信息化管理工作"",""职位代码"":""300110695004"",""机构层级"":""县（区）级及以下"",""考试类别"":""行政执法类"",""招考人数"":""2"",""专业"":""电子信息类、计算机类"",""学历"":""仅限本科"",""学位"":""学士"",""政治面貌"":""不限"",""基层工作最低年限"":""无限制"",""服务基层项目工作经历"":""无限制"",""是否在面试阶段组织专业能力测试"":""否"",""面试人员比例"":""3:1"",""工作地点"":""江苏省扬州市宝应县"",""落户地点"":""江苏省扬州市宝应县"",""备注"":""2024届高校毕业生，本单位不提供宿舍，在本单位最低服务年限为5年"",""部门网站"":""https://jiangsu.chinatax.gov.cn/"",""咨询电话1"":""025-86634478"",""咨询电话2"":"""",""咨询电话3"":"""",""来源Sheet"":""中央国家行政机关省级以下直属机构""}}"
"government_jobs","国家公务员2024招考简章","公务员/事业单位技术岗位","江苏省扬州市高邮市","2026-07-28T09:12:58.310295+00:00","一级行政执法员（二）","国家税务总局江苏省税务局","","江苏省扬州市高邮市","公务员/事业单位;2024;computer_software;electronics_communication;仅限本科;学士;电子信息类、计算机类;行政执法类","用人司局：国家税务总局高邮市税务局
职位简介：从事税收信息化管理工作
专业要求：电子信息类、计算机类
学历要求：仅限本科
学位要求：学士
政治面貌：不限
基层工作经历：无限制
考试类别：行政执法类
备注：男性，本单位不提供宿舍，在本单位最低服务年限为5年","https://www.xuanhan.gov.cn/xxgk-show-77635.html#130111-300110700002","2023-10-15","{""dataset_year"":2024,""job_uid"":""GOV-2024-130111-300110700002"",""publisher"":""国家公务员局"",""publication_page"":""https://www.xuanhan.gov.cn/xxgk-show-77635.html"",""attachment_url"":""https://www.xuanhan.gov.cn/uploadfile/1/Attachment/638fdecf51.zip"",""local_source_file"":""中央机关及其直属机构2024年度考试录用公务员招考简章.xls"",""local_source_sha256"":""a1741b99dbecd6d03e533f99f2d69b0fa5a79733e551b80af69986ceed2ad996"",""source_sheet"":""中央国家行政机关省级以下直属机构"",""filter_version"":""government_tech_v2"",""tech_filter"":{""is_tech"":true,""is_core_tech"":true,""scope"":""core"",""categories"":[""computer_software"",""electronics_communication""],""matched_fields"":[""major"",""description""],""major_terms"":[""电子信息类"",""计算机类""],""role_terms"":[""信息化""],""reason"":""tech_major_and_role""},""original"":{""部门代码"":""130111"",""部门名称"":""国家税务总局江苏省税务局"",""用人司局"":""国家税务总局高邮市税务局"",""机构性质"":""中央国家行政机关省级以下直属机构"",""招考职位"":""一级行政执法员（二）"",""职位属性"":""普通职位"",""职位分布"":""其他职位"",""职位简介"":""从事税收信息化管理工作"",""职位代码"":""300110700002"",""机构层级"":""县（区）级及以下"",""考试类别"":""行政执法类"",""招考人数"":""2"",""专业"":""电子信息类、计算机类"",""学历"":""仅限本科"",""学位"":""学士"",""政治面貌"":""不限"",""基层工作最低年限"":""无限制"",""服务基层项目工作经历"":""无限制"",""是否在面试阶段组织专业能力测试"":""否"",""面试人员比例"":""3:1"",""工作地点"":""江苏省扬州市高邮市"",""落户地点"":""江苏省扬州市高邮市"",""备注"":""男性，本单位不提供宿舍，在本单位最低服务年限为5年"",""部门网站"":""https://jiangsu.chinatax.gov.cn/"",""咨询电话1"":""025-86634478"",""咨询电话2"":"""",""咨询电话3"":"""",""来源Sheet"":""中央国家行政机关省级以下直属机构""}}"
"government_jobs","国家公务员2024招考简章","公务员/事业单位技术岗位","江苏省扬州市高邮市","2026-07-28T09:12:58.310295+00:00","一级行政执法员（三）","国家税务总局江苏省税务局","","江苏省扬州市高邮市","公务员/事业单位;2024;computer_software;electronics_communication;仅限本科;学士;电子信息类、计算机类;行政执法类","用人司局：国家税务总局高邮市税务局
职位简介：从事税收信息化管理工作
专业要求：电子信息类、计算机类
学历要求：仅限本科
学位要求：学士
政治面貌：不限
基层工作经历：无限制
考试类别：行政执法类
备注：女性，本单位不提供宿舍，在本单位最低服务年限为5年","https://www.xuanhan.gov.cn/xxgk-show-77635.html#130111-300110700003","2023-10-15","{""dataset_year"":2024,""job_uid"":""GOV-2024-130111-300110700003"",""publisher"":""国家公务员局"",""publication_page"":""https://www.xuanhan.gov.cn/xxgk-show-77635.html"",""attachment_url"":""https://www.xuanhan.gov.cn/uploadfile/1/Attachment/638fdecf51.zip"",""local_source_file"":""中央机关及其直属机构2024年度考试录用公务员招考简章.xls"",""local_source_sha256"":""a1741b99dbecd6d03e533f99f2d69b0fa5a79733e551b80af69986ceed2ad996"",""source_sheet"":""中央国家行政机关省级以下直属机构"",""filter_version"":""government_tech_v2"",""tech_filter"":{""is_tech"":true,""is_core_tech"":true,""scope"":""core"",""categories"":[""computer_software"",""electronics_communication""],""matched_fields"":[""major"",""description""],""major_terms"":[""电子信息类"",""计算机类""],""role_terms"":[""信息化""],""reason"":""tech_major_and_role""},""original"":{""部门代码"":""130111"",""部门名称"":""国家税务总局江苏省税务局"",""用人司局"":""国家税务总局高邮市税务局"",""机构性质"":""中央国家行政机关省级以下直属机构"",""招考职位"":""一级行政执法员（三）"",""职位属性"":""普通职位"",""职位分布"":""其他职位"",""职位简介"":""从事税收信息化管理工作"",""职位代码"":""300110700003"",""机构层级"":""县（区）级及以下"",""考试类别"":""行政执法类"",""招考人数"":""2"",""专业"":""电子信息类、计算机类"",""学历"":""仅限本科"",""学位"":""学士"",""政治面貌"":""不限"",""基层工作最低年限"":""无限制"",""服务基层项目工作经历"":""无限制"",""是否在面试阶段组织专业能力测试"":""否"",""面试人员比例"":""3:1"",""工作地点"":""江苏省扬州市高邮市"",""落户地点"":""江苏省扬州市高邮市"",""备注"":""女性，本单位不提供宿舍，在本单位最低服务年限为5年"",""部门网站"":""https://jiangsu.chinatax.gov.cn/"",""咨询电话1"":""025-86634478"",""咨询电话2"":"""",""咨询电话3"":"""",""来源Sheet"":""中央国家行政机关省级以下直属机构""}}"
"government_jobs","国家公务员2024招考简章","公务员/事业单位技术岗位","江苏省泰州市靖江市","2026-07-28T09:12:58.310295+00:00","一级行政执法员（三）","国家税务总局江苏省税务局","","江苏省泰州市靖江市","公务员/事业单位;2024;computer_software;electronics_communication;仅限本科;学士;电子信息类、计算机类;行政执法类","用人司局：国家税务总局靖江市税务局
职位简介：从事税收信息化管理工作
专业要求：电子信息类、计算机类
学历要求：仅限本科
学位要求：学士
政治面貌：不限
基层工作经历：无限制
考试类别：行政执法类
备注：2024届高校毕业生，本单位不提供宿舍，在本单位最低服务年限为5年","https://www.xuanhan.gov.cn/xxgk-show-77635.html#130111-300110810003","2023-10-15","{""dataset_year"":2024,""job_uid"":""GOV-2024-130111-300110810003"",""publisher"":""国家公务员局"",""publication_page"":""https://www.xuanhan.gov.cn/xxgk-show-77635.html"",""attachment_url"":""https://www.xuanhan.gov.cn/uploadfile/1/Attachment/638fdecf51.zip"",""local_source_file"":""中央机关及其直属机构2024年度考试录用公务员招考简章.xls"",""local_source_sha256"":""a1741b99dbecd6d03e533f99f2d69b0fa5a79733e551b80af69986ceed2ad996"",""source_sheet"":""中央国家行政机关省级以下直属机构"",""filter_version"":""government_tech_v2"",""tech_filter"":{""is_tech"":true,""is_core_tech"":true,""scope"":""core"",""categories"":[""computer_software"",""electronics_communication""],""matched_fields"":[""major"",""description""],""major_terms"":[""电子信息类"",""计算机类""],""role_terms"":[""信息化""],""reason"":""tech_major_and_role""},""original"":{""部门代码"":""130111"",""部门名称"":""国家税务总局江苏省税务局"",""用人司局"":""国家税务总局靖江市税务局"",""机构性质"":""中央国家行政机关省级以下直属机构"",""招考职位"":""一级行政执法员（三）"",""职位属性"":""普通职位"",""职位分布"":""其他职位"",""职位简介"":""从事税收信息化管理工作"",""职位代码"":""300110810003"",""机构层级"":""县（区）级及以下"",""考试类别"":""行政执法类"",""招考人数"":""3"",""专业"":""电子信息类、计算机类"",""学历"":""仅限本科"",""学位"":""学士"",""政治面貌"":""不限"",""基层工作最低年限"":""无限制"",""服务基层项目工作经历"":""无限制"",""是否在面试阶段组织专业能力测试"":""否"",""面试人员比例"":""3:1"",""工作地点"":""江苏省泰州市靖江市"",""落户地点"":""江苏省泰州市靖江市"",""备注"":""2024届高校毕业生，本单位不提供宿舍，在本单位最低服务年限为5年"",""部门网站"":""https://jiangsu.chinatax.gov.cn/"",""咨询电话1"":""025-86634478"",""咨询电话2"":"""",""咨询电话3"":"""",""来源Sheet"":""中央国家行政机关省级以下直属机构""}}"
"government_jobs","国家公务员2024招考简章","公务员/事业单位技术岗位","江苏省苏州市","2026-07-28T09:12:58.310295+00:00","一级行政执法员（五）","国家税务总局江苏省税务局","","江苏省苏州市","公务员/事业单位;2024;computer_software;electronics_communication;本科及以上;与最高学历相对应的学位;电子信息类、计算机类;行政执法类","用人司局：国家税务总局苏州工业园区税务局第一税务所
职位简介：从事税收信息化管理工作
专业要求：电子信息类、计算机类
学历要求：本科及以上
学位要求：与最高学历相对应的学位
政治面貌：不限
基层工作经历：无限制
考试类别：行政执法类
备注：2024届高校毕业生，本单位不提供宿舍，在本单位最低服务年限为5年","https://www.xuanhan.gov.cn/xxgk-show-77635.html#130111-300110871005","2023-10-15","{""dataset_year"":2024,""job_uid"":""GOV-2024-130111-300110871005"",""publisher"":""国家公务员局"",""publication_page"":""https://www.xuanhan.gov.cn/xxgk-show-77635.html"",""attachment_url"":""https://www.xuanhan.gov.cn/uploadfile/1/Attachment/638fdecf51.zip"",""local_source_file"":""中央机关及其直属机构2024年度考试录用公务员招考简章.xls"",""local_source_sha256"":""a1741b99dbecd6d03e533f99f2d69b0fa5a79733e551b80af69986ceed2ad996"",""source_sheet"":""中央国家行政机关省级以下直属机构"",""filter_version"":""government_tech_v2"",""tech_filter"":{""is_tech"":true,""is_core_tech"":true,""scope"":""core"",""categories"":[""computer_software"",""electronics_communication""],""matched_fields"":[""major"",""description""],""major_terms"":[""电子信息类"",""计算机类""],""role_terms"":[""信息化""],""reason"":""tech_major_and_role""},""original"":{""部门代码"":""130111"",""部门名称"":""国家税务总局江苏省税务局"",""用人司局"":""国家税务总局苏州工业园区税务局第一税务所"",""机构性质"":""中央国家行政机关省级以下直属机构"",""招考职位"":""一级行政执法员（五）"",""职位属性"":""普通职位"",""职位分布"":""其他职位"",""职位简介"":""从事税收信息化管理工作"",""职位代码"":""300110871005"",""机构层级"":""县（区）级及以下"",""考试类别"":""行政执法类"",""招考人数"":""1"",""专业"":""电子信息类、计算机类"",""学历"":""本科及以上"",""学位"":""与最高学历相对应的学位"",""政治面貌"":""不限"",""基层工作最低年限"":""无限制"",""服务基层项目工作经历"":""无限制"",""是否在面试阶段组织专业能力测试"":""否"",""面试人员比例"":""3:1"",""工作地点"":""江苏省苏州市"",""落户地点"":""江苏省苏州市"",""备注"":""2024届高校毕业生，本单位不提供宿舍，在本单位最低服务年限为5年"",""部门网站"":""https://jiangsu.chinatax.gov.cn/"",""咨询电话1"":""025-86634478"",""咨询电话2"":"""",""咨询电话3"":"""",""来源Sheet"":""中央国家行政机关省级以下直属机构""}}"
"government_jobs","国家公务员2024招考简章","公务员/事业单位技术岗位","浙江省杭州市","2026-07-28T09:12:58.310295+00:00","一级主任科员及以下（一）","国家税务总局浙江省税务局","","浙江省杭州市","公务员/事业单位;2024;computer_software;硕士研究生及以上;与最高学历相对应的学位;法学类、计算机类;市（地）级及以下直属机构综合管理类","用人司局：国家税务总局杭州市税务局第一稽查局
职位简介：从事税务相关工作
专业要求：法学类、计算机类
学历要求：硕士研究生及以上
学位要求：与最高学历相对应的学位
政治面貌：不限
基层工作经历：二年
考试类别：市（地）级及以下直属机构综合管理类
备注：至少具有注册会计师、税务师（注册税务师）、法律职业资格证书（A类）、信息系统项目管理师、系统分析师、系统架构设计师、网络规划设计师、系统规划与管理师、国际注册会计师（ACCA）、国际注册内部审计师（CIA）、美国注册管理会计师（CMA）、美国注册会计师（AICPA）、澳大利亚注册会计师（CPAA）、加拿大注册会计师（CGA）中的一项资质（报名时请注明），本单位不提供宿舍，在本单位最低服务年限为5年","https://www.xuanhan.gov.cn/xxgk-show-77635.html#130112-300110005001","2023-10-15","{""dataset_year"":2024,""job_uid"":""GOV-2024-130112-300110005001"",""publisher"":""国家公务员局"",""publication_page"":""https://www.xuanhan.gov.cn/xxgk-show-77635.html"",""attachment_url"":""https://www.xuanhan.gov.cn/uploadfile/1/Attachment/638fdecf51.zip"",""local_source_file"":""中央机关及其直属机构2024年度考试录用公务员招考简章.xls"",""local_source_sha256"":""a1741b99dbecd6d03e533f99f2d69b0fa5a79733e551b80af69986ceed2ad996"",""source_sheet"":""中央国家行政机关省级以下直属机构"",""filter_version"":""government_tech_v2"",""tech_filter"":{""is_tech"":true,""is_core_tech"":true,""scope"":""core"",""categories"":[""computer_software""],""matched_fields"":[""major"",""remarks""],""major_terms"":[""计算机类""],""role_terms"":[""信息系统""],""reason"":""tech_major_and_role""},""original"":{""部门代码"":""130112"",""部门名称"":""国家税务总局浙江省税务局"",""用人司局"":""国家税务总局杭州市税务局第一稽查局"",""机构性质"":""中央国家行政机关省级以下直属机构"",""招考职位"":""一级主任科员及以下（一）"",""职位属性"":""普通职位"",""职位分布"":""其他职位"",""职位简介"":""从事税务相关工作"",""职位代码"":""300110005001"",""机构层级"":""市（地）级"",""考试类别"":""市（地）级及以下直属机构综合管理类"",""招考人数"":""2"",""专业"":""法学类、计算机类"",""学历"":""硕士研究生及以上"",""学位"":""与最高学历相对应的学位"",""政治面貌"":""不限"",""基层工作最低年限"":""二年"",""服务基层项目工作经历"":""无限制"",""是否在面试阶段组织专业能力测试"":""否"",""面试人员比例"":""3:1"",""工作地点"":""浙江省杭州市"",""落户地点"":""浙江省杭州市"",""备注"":""至少具有注册会计师、税务师（注册税务师）、法律职业资格证书（A类）、信息系统项目管理师、系统分析师、系统架构设计师、网络规划设计师、系统规划与管理师、国际注册会计师（ACCA）、国际注册内部审计师（CIA）、美国注册管理会计师（CMA）、美国注册会计师（AICPA）、澳大利亚注册会计师（CPAA）、加拿大注册会计师（CGA）中的一项资质（报名时请注明），本单位不提供宿舍，在本单位最低服务年限为5年"",""部门网站"":""http://zhejiang.chinatax.gov.cn/"",""咨询电话1"":""0571-87668512"",""咨询电话2"":""0571-87668790"",""咨询电话3"":""0571-87668910"",""来源Sheet"":""中央国家行政机关省级以下直属机构""}}"
"government_jobs","国家公务员2024招考简章","公务员/事业单位技术岗位","浙江省杭州市上城区","2026-07-28T09:12:58.310295+00:00","一级行政执法员（十）","国家税务总局浙江省税务局","","浙江省杭州市上城区","公务员/事业单位;2024;computer_software;cybersecurity_cryptography;electronics_communication;仅限本科;学士;计算机类、电子信息类;行政执法类","用人司局：国家税务总局杭州市上城区税务局
职位简介：从事税务相关工作
专业要求：计算机类、电子信息类
学历要求：仅限本科
学位要求：学士
政治面貌：不限
基层工作经历：无限制
考试类别：行政执法类
备注：应届高校毕业生，至少具有软件设计师、网络工程师、嵌入式系统设计师、系统集成项目管理工程师、信息安全工程师、数据库系统工程师中的一项资质（报名时请注明），女性，本单位不提供宿舍，在本单位最低服务年限为5年","https://www.xuanhan.gov.cn/xxgk-show-77635.html#130112-300110008010","2023-10-15","{""dataset_year"":2024,""job_uid"":""GOV-2024-130112-300110008010"",""publisher"":""国家公务员局"",""publication_page"":""https://www.xuanhan.gov.cn/xxgk-show-77635.html"",""attachment_url"":""https://www.xuanhan.gov.cn/uploadfile/1/Attachment/638fdecf51.zip"",""local_source_file"":""中央机关及其直属机构2024年度考试录用公务员招考简章.xls"",""local_source_sha256"":""a1741b99dbecd6d03e533f99f2d69b0fa5a79733e551b80af69986ceed2ad996"",""source_sheet"":""中央国家行政机关省级以下直属机构"",""filter_version"":""government_tech_v2"",""tech_filter"":{""is_tech"":true,""is_core_tech"":true,""scope"":""core"",""categories"":[""computer_software"",""cybersecurity_cryptography"",""electronics_communication""],""matched_fields"":[""major"",""remarks""],""major_terms"":[""电子信息类"",""计算机类""],""role_terms"":[""信息安全"",""数据库"",""软件""],""reason"":""tech_major_and_role""},""original"":{""部门代码"":""130112"",""部门名称"":""国家税务总局浙江省税务局"",""用人司局"":""国家税务总局杭州市上城区税务局"",""机构性质"":""中央国家行政机关省级以下直属机构"",""招考职位"":""一级行政执法员（十）"",""职位属性"":""普通职位"",""职位分布"":""其他职位"",""职位简介"":""从事税务相关工作"",""职位代码"":""300110008010"",""机构层级"":""县（区）级及以下"",""考试类别"":""行政执法类"",""招考人数"":""1"",""专业"":""计算机类、电子信息类"",""学历"":""仅限本科"",""学位"":""学士"",""政治面貌"":""不限"",""基层工作最低年限"":""无限制"",""服务基层项目工作经历"":""无限制"",""是否在面试阶段组织专业能力测试"":""否"",""面试人员比例"":""3:1"",""工作地点"":""浙江省杭州市上城区"",""落户地点"":""浙江省杭州市上城区"",""备注"":""应届高校毕业生，至少具有软件设计师、网络工程师、嵌入式系统设计师、系统集成项目管理工程师、信息安全工程师、数据库系统工程师中的一项资质（报名时请注明），女性，本单位不提供宿舍，在本单位最低服务年限为5年"",""部门网站"":""http://zhejiang.chinatax.gov.cn/"",""咨询电话1"":""0571-87668512"",""咨询电话2"":""0571-87668790"",""咨询电话3"":""0571-87668910"",""来源Sheet"":""中央国家行政机关省级以下直属机构""}}"
"government_jobs","国家公务员2024招考简章","公务员/事业单位技术岗位","浙江省杭州市上城区","2026-07-28T09:12:58.310295+00:00","一级行政执法员（十一）","国家税务总局浙江省税务局","","浙江省杭州市上城区","公务员/事业单位;2024;computer_software;cybersecurity_cryptography;electronics_communication;仅限本科;学士;计算机类、电子信息类;行政执法类","用人司局：国家税务总局杭州市上城区税务局
职位简介：从事税务相关工作
专业要求：计算机类、电子信息类
学历要求：仅限本科
学位要求：学士
政治面貌：不限
基层工作经历：无限制
考试类别：行政执法类
备注：应届高校毕业生，至少具有软件设计师、网络工程师、嵌入式系统设计师、系统集成项目管理工程师、信息安全工程师、数据库系统工程师中的一项资质（报名时请注明），男性，本单位不提供宿舍，在本单位最低服务年限为5年","https://www.xuanhan.gov.cn/xxgk-show-77635.html#130112-300110008011","2023-10-15","{""dataset_year"":2024,""job_uid"":""GOV-2024-130112-300110008011"",""publisher"":""国家公务员局"",""publication_page"":""https://www.xuanhan.gov.cn/xxgk-show-77635.html"",""attachment_url"":""https://www.xuanhan.gov.cn/uploadfile/1/Attachment/638fdecf51.zip"",""local_source_file"":""中央机关及其直属机构2024年度考试录用公务员招考简章.xls"",""local_source_sha256"":""a1741b99dbecd6d03e533f99f2d69b0fa5a79733e551b80af69986ceed2ad996"",""source_sheet"":""中央国家行政机关省级以下直属机构"",""filter_version"":""government_tech_v2"",""tech_filter"":{""is_tech"":true,""is_core_tech"":true,""scope"":""core"",""categories"":[""computer_software"",""cybersecurity_cryptography"",""electronics_communication""],""matched_fields"":[""major"",""remarks""],""major_terms"":[""电子信息类"",""计算机类""],""role_terms"":[""信息安全"",""数据库"",""软件""],""reason"":""tech_major_and_role""},""original"":{""部门代码"":""130112"",""部门名称"":""国家税务总局浙江省税务局"",""用人司局"":""国家税务总局杭州市上城区税务局"",""机构性质"":""中央国家行政机关省级以下直属机构"",""招考职位"":""一级行政执法员（十一）"",""职位属性"":""普通职位"",""职位分布"":""其他职位"",""职位简介"":""从事税务相关工作"",""职位代码"":""300110008011"",""机构层级"":""县（区）级及以下"",""考试类别"":""行政执法类"",""招考人数"":""1"",""专业"":""计算机类、电子信息类"",""学历"":""仅限本科"",""学位"":""学士"",""政治面貌"":""不限"",""基层工作最低年限"":""无限制"",""服务基层项目工作经历"":""无限制"",""是否在面试阶段组织专业能力测试"":""否"",""面试人员比例"":""3:1"",""工作地点"":""浙江省杭州市上城区"",""落户地点"":""浙江省杭州市上城区"",""备注"":""应届高校毕业生，至少具有软件设计师、网络工程师、嵌入式系统设计师、系统集成项目管理工程师、信息安全工程师、数据库系统工程师中的一项资质（报名时请注明），男性，本单位不提供宿舍，在本单位最低服务年限为5年"",""部门网站"":""http://zhejiang.chinatax.gov.cn/"",""咨询电话1"":""0571-87668512"",""咨询电话2"":""0571-87668790"",""咨询电话3"":""0571-87668910"",""来源Sheet"":""中央国家行政机关省级以下直属机构""}}"
"government_jobs","国家公务员2024招考简章","公务员/事业单位技术岗位","浙江省杭州市拱墅区","2026-07-28T09:12:58.310295+00:00","一级主办及以下（一）","国家税务总局浙江省税务局","","浙江省杭州市拱墅区","公务员/事业单位;2024;computer_software;cybersecurity_cryptography;electronics_communication;硕士研究生及以上;与最高学历相对应的学位;计算机类、电子信息类;行政执法类","用人司局：国家税务总局杭州市拱墅区税务局
职位简介：从事税务相关工作
专业要求：计算机类、电子信息类
学历要求：硕士研究生及以上
学位要求：与最高学历相对应的学位
政治面貌：不限
基层工作经历：无限制
考试类别：行政执法类
备注：2024届高校毕业生，至少具有软件设计师、网络工程师、嵌入式系统设计师、系统集成项目管理工程师、信息安全工程师、数据库系统工程师中的一项资质（报名时请注明），女性，本单位不提供宿舍，在本单位最低服务年限为5年","https://www.xuanhan.gov.cn/xxgk-show-77635.html#130112-300110009007","2023-10-15","{""dataset_year"":2024,""job_uid"":""GOV-2024-130112-300110009007"",""publisher"":""国家公务员局"",""publication_page"":""https://www.xuanhan.gov.cn/xxgk-show-77635.html"",""attachment_url"":""https://www.xuanhan.gov.cn/uploadfile/1/Attachment/638fdecf51.zip"",""local_source_file"":""中央机关及其直属机构2024年度考试录用公务员招考简章.xls"",""local_source_sha256"":""a1741b99dbecd6d03e533f99f2d69b0fa5a79733e551b80af69986ceed2ad996"",""source_sheet"":""中央国家行政机关省级以下直属机构"",""filter_version"":""government_tech_v2"",""tech_filter"":{""is_tech"":true,""is_core_tech"":true,""scope"":""core"",""categories"":[""computer_software"",""cybersecurity_cryptography"",""electronics_communication""],""matched_fields"":[""major"",""remarks""],""major_terms"":[""电子信息类"",""计算机类""],""role_terms"":[""信息安全"",""数据库"",""软件""],""reason"":""tech_major_and_role""},""original"":{""部门代码"":""130112"",""部门名称"":""国家税务总局浙江省税务局"",""用人司局"":""国家税务总局杭州市拱墅区税务局"",""机构性质"":""中央国家行政机关省级以下直属机构"",""招考职位"":""一级主办及以下（一）"",""职位属性"":""普通职位"",""职位分布"":""其他职位"",""职位简介"":""从事税务相关工作"",""职位代码"":""300110009007"",""机构层级"":""县（区）级及以下"",""考试类别"":""行政执法类"",""招考人数"":""2"",""专业"":""计算机类、电子信息类"",""学历"":""硕士研究生及以上"",""学位"":""与最高学历相对应的学位"",""政治面貌"":""不限"",""基层工作最低年限"":""无限制"",""服务基层项目工作经历"":""无限制"",""是否在面试阶段组织专业能力测试"":""否"",""面试人员比例"":""3:1"",""工作地点"":""浙江省杭州市拱墅区"",""落户地点"":""浙江省杭州市拱墅区"",""备注"":""2024届高校毕业生，至少具有软件设计师、网络工程师、嵌入式系统设计师、系统集成项目管理工程师、信息安全工程师、数据库系统工程师中的一项资质（报名时请注明），女性，本单位不提供宿舍，在本单位最低服务年限为5年"",""部门网站"":""http://zhejiang.chinatax.gov.cn/"",""咨询电话1"":""0571-87668512"",""咨询电话2"":""0571-87668790"",""咨询电话3"":""0571-87668910"",""来源Sheet"":""中央国家行政机关省级以下直属机构""}}"
"government_jobs","国家公务员2024招考简章","公务员/事业单位技术岗位","浙江省杭州市拱墅区","2026-07-28T09:12:58.310295+00:00","一级主办及以下（二）","国家税务总局浙江省税务局","","浙江省杭州市拱墅区","公务员/事业单位;2024;computer_software;cybersecurity_cryptography;electronics_communication;硕士研究生及以上;与最高学历相对应的学位;计算机类、电子信息类;行政执法类","用人司局：国家税务总局杭州市拱墅区税务局
职位简介：从事税务相关工作
专业要求：计算机类、电子信息类
学历要求：硕士研究生及以上
学位要求：与最高学历相对应的学位
政治面貌：不限
基层工作经历：无限制
考试类别：行政执法类
备注：2024届高校毕业生，至少具有软件设计师、网络工程师、嵌入式系统设计师、系统集成项目管理工程师、信息安全工程师、数据库系统工程师中的一项资质（报名时请注明），男性，本单位不提供宿舍，在本单位最低服务年限为5年","https://www.xuanhan.gov.cn/xxgk-show-77635.html#130112-300110009008","2023-10-15","{""dataset_year"":2024,""job_uid"":""GOV-2024-130112-300110009008"",""publisher"":""国家公务员局"",""publication_page"":""https://www.xuanhan.gov.cn/xxgk-show-77635.html"",""attachment_url"":""https://www.xuanhan.gov.cn/uploadfile/1/Attachment/638fdecf51.zip"",""local_source_file"":""中央机关及其直属机构2024年度考试录用公务员招考简章.xls"",""local_source_sha256"":""a1741b99dbecd6d03e533f99f2d69b0fa5a79733e551b80af69986ceed2ad996"",""source_sheet"":""中央国家行政机关省级以下直属机构"",""filter_version"":""government_tech_v2"",""tech_filter"":{""is_tech"":true,""is_core_tech"":true,""scope"":""core"",""categories"":[""computer_software"",""cybersecurity_cryptography"",""electronics_communication""],""matched_fields"":[""major"",""remarks""],""major_terms"":[""电子信息类"",""计算机类""],""role_terms"":[""信息安全"",""数据库"",""软件""],""reason"":""tech_major_and_role""},""original"":{""部门代码"":""130112"",""部门名称"":""国家税务总局浙江省税务局"",""用人司局"":""国家税务总局杭州市拱墅区税务局"",""机构性质"":""中央国家行政机关省级以下直属机构"",""招考职位"":""一级主办及以下（二）"",""职位属性"":""普通职位"",""职位分布"":""其他职位"",""职位简介"":""从事税务相关工作"",""职位代码"":""300110009008"",""机构层级"":""县（区）级及以下"",""考试类别"":""行政执法类"",""招考人数"":""2"",""专业"":""计算机类、电子信息类"",""学历"":""硕士研究生及以上"",""学位"":""与最高学历相对应的学位"",""政治面貌"":""不限"",""基层工作最低年限"":""无限制"",""服务基层项目工作经历"":""无限制"",""是否在面试阶段组织专业能力测试"":""否"",""面试人员比例"":""3:1"",""工作地点"":""浙江省杭州市拱墅区"",""落户地点"":""浙江省杭州市拱墅区"",""备注"":""2024届高校毕业生，至少具有软件设计师、网络工程师、嵌入式系统设计师、系统集成项目管理工程师、信息安全工程师、数据库系统工程师中的一项资质（报名时请注明），男性，本单位不提供宿舍，在本单位最低服务年限为5年"",""部门网站"":""http://zhejiang.chinatax.gov.cn/"",""咨询电话1"":""0571-87668512"",""咨询电话2"":""0571-87668790"",""咨询电话3"":""0571-87668910"",""来源Sheet"":""中央国家行政机关省级以下直属机构""}}"
"government_jobs","国家公务员2024招考简章","公务员/事业单位技术岗位","浙江省杭州市萧山区","2026-07-28T09:12:58.310295+00:00","一级行政执法员（十）","国家税务总局浙江省税务局","","浙江省杭州市萧山区","公务员/事业单位;2024;computer_software;cybersecurity_cryptography;electronics_communication;仅限本科;学士;计算机类、电子信息类;行政执法类","用人司局：国家税务总局杭州市萧山区税务局
职位简介：从事税务相关工作
专业要求：计算机类、电子信息类
学历要求：仅限本科
学位要求：学士
政治面貌：不限
基层工作经历：无限制
考试类别：行政执法类
备注：应届高校毕业生，至少具有软件设计师、网络工程师、嵌入式系统设计师、系统集成项目管理工程师、信息安全工程师、数据库系统工程师中的一项资质（报名时请注明），本单位不提供宿舍，在本单位最低服务年限为5年","https://www.xuanhan.gov.cn/xxgk-show-77635.html#130112-300110012013","2023-10-15","{""dataset_year"":2024,""job_uid"":""GOV-2024-130112-300110012013"",""publisher"":""国家公务员局"",""publication_page"":""https://www.xuanhan.gov.cn/xxgk-show-77635.html"",""attachment_url"":""https://www.xuanhan.gov.cn/uploadfile/1/Attachment/638fdecf51.zip"",""local_source_file"":""中央机关及其直属机构2024年度考试录用公务员招考简章.xls"",""local_source_sha256"":""a1741b99dbecd6d03e533f99f2d69b0fa5a79733e551b80af69986ceed2ad996"",""source_sheet"":""中央国家行政机关省级以下直属机构"",""filter_version"":""government_tech_v2"",""tech_filter"":{""is_tech"":true,""is_core_tech"":true,""scope"":""core"",""categories"":[""computer_software"",""cybersecurity_cryptography"",""electronics_communication""],""matched_fields"":[""major"",""remarks""],""major_terms"":[""电子信息类"",""计算机类""],""role_terms"":[""信息安全"",""数据库"",""软件""],""reason"":""tech_major_and_role""},""original"":{""部门代码"":""130112"",""部门名称"":""国家税务总局浙江省税务局"",""用人司局"":""国家税务总局杭州市萧山区税务局"",""机构性质"":""中央国家行政机关省级以下直属机构"",""招考职位"":""一级行政执法员（十）"",""职位属性"":""普通职位"",""职位分布"":""其他职位"",""职位简介"":""从事税务相关工作"",""职位代码"":""300110012013"",""机构层级"":""县（区）级及以下"",""考试类别"":""行政执法类"",""招考人数"":""3"",""专业"":""计算机类、电子信息类"",""学历"":""仅限本科"",""学位"":""学士"",""政治面貌"":""不限"",""基层工作最低年限"":""无限制"",""服务基层项目工作经历"":""无限制"",""是否在面试阶段组织专业能力测试"":""否"",""面试人员比例"":""3:1"",""工作地点"":""浙江省杭州市萧山区"",""落户地点"":""浙江省杭州市萧山区"",""备注"":""应届高校毕业生，至少具有软件设计师、网络工程师、嵌入式系统设计师、系统集成项目管理工程师、信息安全工程师、数据库系统工程师中的一项资质（报名时请注明），本单位不提供宿舍，在本单位最低服务年限为5年"",""部门网站"":""http://zhejiang.chinatax.gov.cn/"",""咨询电话1"":""0571-87668512"",""咨询电话2"":""0571-87668790"",""咨询电话3"":""0571-87668910"",""来源Sheet"":""中央国家行政机关省级以下直属机构""}}"
"government_jobs","国家公务员2024招考简章","公务员/事业单位技术岗位","福建省厦门市思明区","2026-07-28T09:12:58.310295+00:00","一级行政执法员（三）","国家税务总局厦门市税务局","","福建省厦门市思明区","公务员/事业单位;2024;computer_software;electronics_communication;本科及以上;与最高学历相对应的学位;计算机类、电子信息类;行政执法类","用人司局：国家税务总局厦门市思明区税务局
职位简介：从事税收信息化相关工作
专业要求：计算机类、电子信息类
学历要求：本科及以上
学位要求：与最高学历相对应的学位
政治面貌：不限
基层工作经历：无限制
考试类别：行政执法类
备注：2024届高校毕业生，在本单位最低服务年限为5年","https://www.xuanhan.gov.cn/xxgk-show-77635.html#130116-300110006003","2023-10-15","{""dataset_year"":2024,""job_uid"":""GOV-2024-130116-300110006003"",""publisher"":""国家公务员局"",""publication_page"":""https://www.xuanhan.gov.cn/xxgk-show-77635.html"",""attachment_url"":""https://www.xuanhan.gov.cn/uploadfile/1/Attachment/638fdecf51.zip"",""local_source_file"":""中央机关及其直属机构2024年度考试录用公务员招考简章.xls"",""local_source_sha256"":""a1741b99dbecd6d03e533f99f2d69b0fa5a79733e551b80af69986ceed2ad996"",""source_sheet"":""中央国家行政机关省级以下直属机构"",""filter_version"":""government_tech_v2"",""tech_filter"":{""is_tech"":true,""is_core_tech"":true,""scope"":""core"",""categories"":[""computer_software"",""electronics_communication""],""matched_fields"":[""major"",""description""],""major_terms"":[""电子信息类"",""计算机类""],""role_terms"":[""信息化""],""reason"":""tech_major_and_role""},""original"":{""部门代码"":""130116"",""部门名称"":""国家税务总局厦门市税务局"",""用人司局"":""国家税务总局厦门市思明区税务局"",""机构性质"":""中央国家行政机关省级以下直属机构"",""招考职位"":""一级行政执法员（三）"",""职位属性"":""普通职位"",""职位分布"":""其他职位"",""职位简介"":""从事税收信息化相关工作"",""职位代码"":""300110006003"",""机构层级"":""县（区）级及以下"",""考试类别"":""行政执法类"",""招考人数"":""5"",""专业"":""计算机类、电子信息类"",""学历"":""本科及以上"",""学位"":""与最高学历相对应的学位"",""政治面貌"":""不限"",""基层工作最低年限"":""无限制"",""服务基层项目工作经历"":""无限制"",""是否在面试阶段组织专业能力测试"":""否"",""面试人员比例"":""3:1"",""工作地点"":""福建省厦门市思明区"",""落户地点"":""福建省厦门市思明区"",""备注"":""2024届高校毕业生，在本单位最低服务年限为5年"",""部门网站"":""xiamen.chinatax.gov.cn"",""咨询电话1"":""0592-5315132"",""咨询电话2"":"""",""咨询电话3"":"""",""来源Sheet"":""中央国家行政机关省级以下直属机构""}}"
"government_jobs","国家公务员2024招考简章","公务员/事业单位技术岗位","福建省厦门市湖里区","2026-07-28T09:12:58.310295+00:00","一级行政执法员（三）","国家税务总局厦门市税务局","","福建省厦门市湖里区","公务员/事业单位;2024;computer_software;electronics_communication;本科及以上;与最高学历相对应的学位;计算机类、电子信息类;行政执法类","用人司局：国家税务总局厦门市湖里区税务局
职位简介：从事税收信息化相关工作
专业要求：计算机类、电子信息类
学历要求：本科及以上
学位要求：与最高学历相对应的学位
政治面貌：不限
基层工作经历：无限制
考试类别：行政执法类
备注：应届高校毕业生，在本单位最低服务年限为5年","https://www.xuanhan.gov.cn/xxgk-show-77635.html#130116-300110007003","2023-10-15","{""dataset_year"":2024,""job_uid"":""GOV-2024-130116-300110007003"",""publisher"":""国家公务员局"",""publication_page"":""https://www.xuanhan.gov.cn/xxgk-show-77635.html"",""attachment_url"":""https://www.xuanhan.gov.cn/uploadfile/1/Attachment/638fdecf51.zip"",""local_source_file"":""中央机关及其直属机构2024年度考试录用公务员招考简章.xls"",""local_source_sha256"":""a1741b99dbecd6d03e533f99f2d69b0fa5a79733e551b80af69986ceed2ad996"",""source_sheet"":""中央国家行政机关省级以下直属机构"",""filter_version"":""government_tech_v2"",""tech_filter"":{""is_tech"":true,""is_core_tech"":true,""scope"":""core"",""categories"":[""computer_software"",""electronics_communication""],""matched_fields"":[""major"",""description""],""major_terms"":[""电子信息类"",""计算机类""],""role_terms"":[""信息化""],""reason"":""tech_major_and_role""},""original"":{""部门代码"":""130116"",""部门名称"":""国家税务总局厦门市税务局"",""用人司局"":""国家税务总局厦门市湖里区税务局"",""机构性质"":""中央国家行政机关省级以下直属机构"",""招考职位"":""一级行政执法员（三）"",""职位属性"":""普通职位"",""职位分布"":""其他职位"",""职位简介"":""从事税收信息化相关工作"",""职位代码"":""300110007003"",""机构层级"":""县（区）级及以下"",""考试类别"":""行政执法类"",""招考人数"":""5"",""专业"":""计算机类、电子信息类"",""学历"":""本科及以上"",""学位"":""与最高学历相对应的学位"",""政治面貌"":""不限"",""基层工作最低年限"":""无限制"",""服务基层项目工作经历"":""无限制"",""是否在面试阶段组织专业能力测试"":""否"",""面试人员比例"":""3:1"",""工作地点"":""福建省厦门市湖里区"",""落户地点"":""福建省厦门市湖里区"",""备注"":""应届高校毕业生，在本单位最低服务年限为5年"",""部门网站"":""xiamen.chinatax.gov.cn"",""咨询电话1"":""0592-5315132"",""咨询电话2"":"""",""咨询电话3"":"""",""来源Sheet"":""中央国家行政机关省级以下直属机构""}}"
"government_jobs","国家公务员2024招考简章","公务员/事业单位技术岗位","福建省厦门市同安区","2026-07-28T09:12:58.310295+00:00","一级行政执法员（三）","国家税务总局厦门市税务局","","福建省厦门市同安区","公务员/事业单位;2024;computer_software;electronics_communication;本科及以上;与最高学历相对应的学位;计算机类、电子信息类;行政执法类","用人司局：国家税务总局厦门市同安区税务局
职位简介：从事税收信息化相关工作
专业要求：计算机类、电子信息类
学历要求：本科及以上
学位要求：与最高学历相对应的学位
政治面貌：不限
基层工作经历：无限制
考试类别：行政执法类
备注：在本单位最低服务年限为5年","https://www.xuanhan.gov.cn/xxgk-show-77635.html#130116-300110008003","2023-10-15","{""dataset_year"":2024,""job_uid"":""GOV-2024-130116-300110008003"",""publisher"":""国家公务员局"",""publication_page"":""https://www.xuanhan.gov.cn/xxgk-show-77635.html"",""attachment_url"":""https://www.xuanhan.gov.cn/uploadfile/1/Attachment/638fdecf51.zip"",""local_source_file"":""中央机关及其直属机构2024年度考试录用公务员招考简章.xls"",""local_source_sha256"":""a1741b99dbecd6d03e533f99f2d69b0fa5a79733e551b80af69986ceed2ad996"",""source_sheet"":""中央国家行政机关省级以下直属机构"",""filter_version"":""government_tech_v2"",""tech_filter"":{""is_tech"":true,""is_core_tech"":true,""scope"":""core"",""categories"":[""computer_software"",""electronics_communication""],""matched_fields"":[""major"",""description""],""major_terms"":[""电子信息类"",""计算机类""],""role_terms"":[""信息化""],""reason"":""tech_major_and_role""},""original"":{""部门代码"":""130116"",""部门名称"":""国家税务总局厦门市税务局"",""用人司局"":""国家税务总局厦门市同安区税务局"",""机构性质"":""中央国家行政机关省级以下直属机构"",""招考职位"":""一级行政执法员（三）"",""职位属性"":""普通职位"",""职位分布"":""其他职位"",""职位简介"":""从事税收信息化相关工作"",""职位代码"":""300110008003"",""机构层级"":""县（区）级及以下"",""考试类别"":""行政执法类"",""招考人数"":""3"",""专业"":""计算机类、电子信息类"",""学历"":""本科及以上"",""学位"":""与最高学历相对应的学位"",""政治面貌"":""不限"",""基层工作最低年限"":""无限制"",""服务基层项目工作经历"":""无限制"",""是否在面试阶段组织专业能力测试"":""否"",""面试人员比例"":""3:1"",""工作地点"":""福建省厦门市同安区"",""落户地点"":""福建省厦门市同安区"",""备注"":""在本单位最低服务年限为5年"",""部门网站"":""xiamen.chinatax.gov.cn"",""咨询电话1"":""0592-5315132"",""咨询电话2"":"""",""咨询电话3"":"""",""来源Sheet"":""中央国家行政机关省级以下直属机构""}}"
"government_jobs","国家公务员2024招考简章","公务员/事业单位技术岗位","福建省厦门市集美区","2026-07-28T09:12:58.310295+00:00","一级行政执法员（三）","国家税务总局厦门市税务局","","福建省厦门市集美区","公务员/事业单位;2024;computer_software;electronics_communication;本科及以上;与最高学历相对应的学位;计算机类、电子信息类;行政执法类","用人司局：国家税务总局厦门市集美区税务局
职位简介：从事税收信息化相关工作
专业要求：计算机类、电子信息类
学历要求：本科及以上
学位要求：与最高学历相对应的学位
政治面貌：不限
基层工作经历：无限制
考试类别：行政执法类
备注：2024届高校毕业生，在本单位最低服务年限为5年","https://www.xuanhan.gov.cn/xxgk-show-77635.html#130116-300110010003","2023-10-15","{""dataset_year"":2024,""job_uid"":""GOV-2024-130116-300110010003"",""publisher"":""国家公务员局"",""publication_page"":""https://www.xuanhan.gov.cn/xxgk-show-77635.html"",""attachment_url"":""https://www.xuanhan.gov.cn/uploadfile/1/Attachment/638fdecf51.zip"",""local_source_file"":""中央机关及其直属机构2024年度考试录用公务员招考简章.xls"",""local_source_sha256"":""a1741b99dbecd6d03e533f99f2d69b0fa5a79733e551b80af69986ceed2ad996"",""source_sheet"":""中央国家行政机关省级以下直属机构"",""filter_version"":""government_tech_v2"",""tech_filter"":{""is_tech"":true,""is_core_tech"":true,""scope"":""core"",""categories"":[""computer_software"",""electronics_communication""],""matched_fields"":[""major"",""description""],""major_terms"":[""电子信息类"",""计算机类""],""role_terms"":[""信息化""],""reason"":""tech_major_and_role""},""original"":{""部门代码"":""130116"",""部门名称"":""国家税务总局厦门市税务局"",""用人司局"":""国家税务总局厦门市集美区税务局"",""机构性质"":""中央国家行政机关省级以下直属机构"",""招考职位"":""一级行政执法员（三）"",""职位属性"":""普通职位"",""职位分布"":""其他职位"",""职位简介"":""从事税收信息化相关工作"",""职位代码"":""300110010003"",""机构层级"":""县（区）级及以下"",""考试类别"":""行政执法类"",""招考人数"":""2"",""专业"":""计算机类、电子信息类"",""学历"":""本科及以上"",""学位"":""与最高学历相对应的学位"",""政治面貌"":""不限"",""基层工作最低年限"":""无限制"",""服务基层项目工作经历"":""无限制"",""是否在面试阶段组织专业能力测试"":""否"",""面试人员比例"":""3:1"",""工作地点"":""福建省厦门市集美区"",""落户地点"":""福建省厦门市集美区"",""备注"":""2024届高校毕业生，在本单位最低服务年限为5年"",""部门网站"":""xiamen.chinatax.gov.cn"",""咨询电话1"":""0592-5315132"",""咨询电话2"":"""",""咨询电话3"":"""",""来源Sheet"":""中央国家行政机关省级以下直属机构""}}"
"government_jobs","国家公务员2024招考简章","公务员/事业单位技术岗位","福建省厦门市海沧区","2026-07-28T09:12:58.310295+00:00","一级行政执法员（一）","国家税务总局厦门市税务局","","福建省厦门市海沧区","公务员/事业单位;2024;computer_software;electronics_communication;本科及以上;与最高学历相对应的学位;计算机类、电子信息类;行政执法类","用人司局：国家税务总局厦门市海沧区税务局
职位简介：从事税收信息化相关工作
专业要求：计算机类、电子信息类
学历要求：本科及以上
学位要求：与最高学历相对应的学位
政治面貌：不限
基层工作经历：无限制
考试类别：行政执法类
备注：在本单位最低服务年限为5年","https://www.xuanhan.gov.cn/xxgk-show-77635.html#130116-300110011001","2023-10-15","{""dataset_year"":2024,""job_uid"":""GOV-2024-130116-300110011001"",""publisher"":""国家公务员局"",""publication_page"":""https://www.xuanhan.gov.cn/xxgk-show-77635.html"",""attachment_url"":""https://www.xuanhan.gov.cn/uploadfile/1/Attachment/638fdecf51.zip"",""local_source_file"":""中央机关及其直属机构2024年度考试录用公务员招考简章.xls"",""local_source_sha256"":""a1741b99dbecd6d03e533f99f2d69b0fa5a79733e551b80af69986ceed2ad996"",""source_sheet"":""中央国家行政机关省级以下直属机构"",""filter_version"":""government_tech_v2"",""tech_filter"":{""is_tech"":true,""is_core_tech"":true,""scope"":""core"",""categories"":[""computer_software"",""electronics_communication""],""matched_fields"":[""major"",""description""],""major_terms"":[""电子信息类"",""计算机类""],""role_terms"":[""信息化""],""reason"":""tech_major_and_role""},""original"":{""部门代码"":""130116"",""部门名称"":""国家税务总局厦门市税务局"",""用人司局"":""国家税务总局厦门市海沧区税务局"",""机构性质"":""中央国家行政机关省级以下直属机构"",""招考职位"":""一级行政执法员（一）"",""职位属性"":""普通职位"",""职位分布"":""其他职位"",""职位简介"":""从事税收信息化相关工作"",""职位代码"":""300110011001"",""机构层级"":""县（区）级及以下"",""考试类别"":""行政执法类"",""招考人数"":""2"",""专业"":""计算机类、电子信息类"",""学历"":""本科及以上"",""学位"":""与最高学历相对应的学位"",""政治面貌"":""不限"",""基层工作最低年限"":""无限制"",""服务基层项目工作经历"":""无限制"",""是否在面试阶段组织专业能力测试"":""否"",""面试人员比例"":""3:1"",""工作地点"":""福建省厦门市海沧区"",""落户地点"":""福建省厦门市海沧区"",""备注"":""在本单位最低服务年限为5年"",""部门网站"":""xiamen.chinatax.gov.cn"",""咨询电话1"":""0592-5315132"",""咨询电话2"":"""",""咨询电话3"":"""",""来源Sheet"":""中央国家行政机关省级以下直属机构""}}"
"government_jobs","国家公务员2024招考简章","公务员/事业单位技术岗位","福建省厦门市湖里区","2026-07-28T09:12:58.310295+00:00","一级行政执法员（三）","国家税务总局厦门市税务局","","福建省厦门市湖里区","公务员/事业单位;2024;computer_software;electronics_communication;本科及以上;与最高学历相对应的学位;计算机类、电子信息类;行政执法类","用人司局：国家税务总局厦门火炬高技术产业开发区税务局
职位简介：从事税收信息化相关工作
专业要求：计算机类、电子信息类
学历要求：本科及以上
学位要求：与最高学历相对应的学位
政治面貌：不限
基层工作经历：无限制
考试类别：行政执法类
备注：2024届高校毕业生，在本单位最低服务年限为5年","https://www.xuanhan.gov.cn/xxgk-show-77635.html#130116-300110012003","2023-10-15","{""dataset_year"":2024,""job_uid"":""GOV-2024-130116-300110012003"",""publisher"":""国家公务员局"",""publication_page"":""https://www.xuanhan.gov.cn/xxgk-show-77635.html"",""attachment_url"":""https://www.xuanhan.gov.cn/uploadfile/1/Attachment/638fdecf51.zip"",""local_source_file"":""中央机关及其直属机构2024年度考试录用公务员招考简章.xls"",""local_source_sha256"":""a1741b99dbecd6d03e533f99f2d69b0fa5a79733e551b80af69986ceed2ad996"",""source_sheet"":""中央国家行政机关省级以下直属机构"",""filter_version"":""government_tech_v2"",""tech_filter"":{""is_tech"":true,""is_core_tech"":true,""scope"":""core"",""categories"":[""computer_software"",""electronics_communication""],""matched_fields"":[""major"",""description""],""major_terms"":[""电子信息类"",""计算机类""],""role_terms"":[""信息化""],""reason"":""tech_major_and_role""},""original"":{""部门代码"":""130116"",""部门名称"":""国家税务总局厦门市税务局"",""用人司局"":""国家税务总局厦门火炬高技术产业开发区税务局"",""机构性质"":""中央国家行政机关省级以下直属机构"",""招考职位"":""一级行政执法员（三）"",""职位属性"":""普通职位"",""职位分布"":""其他职位"",""职位简介"":""从事税收信息化相关工作"",""职位代码"":""300110012003"",""机构层级"":""县（区）级及以下"",""考试类别"":""行政执法类"",""招考人数"":""1"",""专业"":""计算机类、电子信息类"",""学历"":""本科及以上"",""学位"":""与最高学历相对应的学位"",""政治面貌"":""不限"",""基层工作最低年限"":""无限制"",""服务基层项目工作经历"":""无限制"",""是否在面试阶段组织专业能力测试"":""否"",""面试人员比例"":""3:1"",""工作地点"":""福建省厦门市湖里区"",""落户地点"":""福建省厦门市湖里区"",""备注"":""2024届高校毕业生，在本单位最低服务年限为5年"",""部门网站"":""xiamen.chinatax.gov.cn"",""咨询电话1"":""0592-5315132"",""咨询电话2"":"""",""咨询电话3"":"""",""来源Sheet"":""中央国家行政机关省级以下直属机构""}}"
"government_jobs","国家公务员2024招考简章","公务员/事业单位技术岗位","福建省厦门市湖里区","2026-07-28T09:12:58.310295+00:00","一级行政执法员（一）","国家税务总局厦门市税务局","","福建省厦门市湖里区","公务员/事业单位;2024;computer_software;electronics_communication;本科及以上;与最高学历相对应的学位;计算机类、电子信息类;行政执法类","用人司局：国家税务总局中国（福建）自贸区厦门片区税务局
职位简介：从事税收信息化相关工作
专业要求：计算机类、电子信息类
学历要求：本科及以上
学位要求：与最高学历相对应的学位
政治面貌：不限
基层工作经历：无限制
考试类别：行政执法类
备注：2024届高校毕业生，在本单位最低服务年限为5年","https://www.xuanhan.gov.cn/xxgk-show-77635.html#130116-300110013001","2023-10-15","{""dataset_year"":2024,""job_uid"":""GOV-2024-130116-300110013001"",""publisher"":""国家公务员局"",""publication_page"":""https://www.xuanhan.gov.cn/xxgk-show-77635.html"",""attachment_url"":""https://www.xuanhan.gov.cn/uploadfile/1/Attachment/638fdecf51.zip"",""local_source_file"":""中央机关及其直属机构2024年度考试录用公务员招考简章.xls"",""local_source_sha256"":""a1741b99dbecd6d03e533f99f2d69b0fa5a79733e551b80af69986ceed2ad996"",""source_sheet"":""中央国家行政机关省级以下直属机构"",""filter_version"":""government_tech_v2"",""tech_filter"":{""is_tech"":true,""is_core_tech"":true,""scope"":""core"",""categories"":[""computer_software"",""electronics_communication""],""matched_fields"":[""major"",""description""],""major_terms"":[""电子信息类"",""计算机类""],""role_terms"":[""信息化""],""reason"":""tech_major_and_role""},""original"":{""部门代码"":""130116"",""部门名称"":""国家税务总局厦门市税务局"",""用人司局"":""国家税务总局中国（福建）自贸区厦门片区税务局"",""机构性质"":""中央国家行政机关省级以下直属机构"",""招考职位"":""一级行政执法员（一）"",""职位属性"":""普通职位"",""职位分布"":""其他职位"",""职位简介"":""从事税收信息化相关工作"",""职位代码"":""300110013001"",""机构层级"":""县（区）级及以下"",""考试类别"":""行政执法类"",""招考人数"":""2"",""专业"":""计算机类、电子信息类"",""学历"":""本科及以上"",""学位"":""与最高学历相对应的学位"",""政治面貌"":""不限"",""基层工作最低年限"":""无限制"",""服务基层项目工作经历"":""无限制"",""是否在面试阶段组织专业能力测试"":""否"",""面试人员比例"":""3:1"",""工作地点"":""福建省厦门市湖里区"",""落户地点"":""福建省厦门市湖里区"",""备注"":""2024届高校毕业生，在本单位最低服务年限为5年"",""部门网站"":""xiamen.chinatax.gov.cn"",""咨询电话1"":""0592-5315132"",""咨询电话2"":"""",""咨询电话3"":"""",""来源Sheet"":""中央国家行政机关省级以下直属机构""}}"
"government_jobs","国家公务员2024招考简章","公务员/事业单位技术岗位","云南省昆明市五华区","2026-07-28T09:12:58.310295+00:00","一级行政执法员（一）","国家税务总局云南省税务局","","云南省昆明市五华区","公务员/事业单位;2024;computer_software;data_ai;本科及以上;与最高学历相对应的学位;数学类、统计学类、计算机类;行政执法类","用人司局：国家税务总局昆明市五华区税务局
职位简介：税收大数据分析
专业要求：数学类、统计学类、计算机类
学历要求：本科及以上
学位要求：与最高学历相对应的学位
政治面貌：不限
基层工作经历：无限制
考试类别：行政执法类
备注：2024届高校毕业生，女性，本单位不提供宿舍，在本单位最低服务年限为5年","https://www.xuanhan.gov.cn/xxgk-show-77635.html#130130-300110010001","2023-10-15","{""dataset_year"":2024,""job_uid"":""GOV-2024-130130-300110010001"",""publisher"":""国家公务员局"",""publication_page"":""https://www.xuanhan.gov.cn/xxgk-show-77635.html"",""attachment_url"":""https://www.xuanhan.gov.cn/uploadfile/1/Attachment/638fdecf51.zip"",""local_source_file"":""中央机关及其直属机构2024年度考试录用公务员招考简章.xls"",""local_source_sha256"":""a1741b99dbecd6d03e533f99f2d69b0fa5a79733e551b80af69986ceed2ad996"",""source_sheet"":""中央国家行政机关省级以下直属机构"",""filter_version"":""government_tech_v2"",""tech_filter"":{""is_tech"":true,""is_core_tech"":true,""scope"":""core"",""categories"":[""computer_software"",""data_ai""],""matched_fields"":[""major"",""description""],""major_terms"":[""计算机类""],""role_terms"":[""大数据"",""数据分析""],""reason"":""tech_major_and_role""},""original"":{""部门代码"":""130130"",""部门名称"":""国家税务总局云南省税务局"",""用人司局"":""国家税务总局昆明市五华区税务局"",""机构性质"":""中央国家行政机关省级以下直属机构"",""招考职位"":""一级行政执法员（一）"",""职位属性"":""普通职位"",""职位分布"":""西部地区和艰苦边远地区职位"",""职位简介"":""税收大数据分析"",""职位代码"":""300110010001"",""机构层级"":""县（区）级及以下"",""考试类别"":""行政执法类"",""招考人数"":""1"",""专业"":""数学类、统计学类、计算机类"",""学历"":""本科及以上"",""学位"":""与最高学历相对应的学位"",""政治面貌"":""不限"",""基层工作最低年限"":""无限制"",""服务基层项目工作经历"":""无限制"",""是否在面试阶段组织专业能力测试"":""否"",""面试人员比例"":""3:1"",""工作地点"":""云南省昆明市五华区"",""落户地点"":""云南省昆明市五华区"",""备注"":""2024届高校毕业生，女性，本单位不提供宿舍，在本单位最低服务年限为5年"",""部门网站"":""http://yunnan.chinatax.gov.cn/"",""咨询电话1"":""0871-63121915"",""咨询电话2"":"""",""咨询电话3"":"""",""来源Sheet"":""中央国家行政机关省级以下直属机构""}}"
"government_jobs","国家公务员2024招考简章","公务员/事业单位技术岗位","云南省昆明市五华区","2026-07-28T09:12:58.310295+00:00","一级行政执法员（二）","国家税务总局云南省税务局","","云南省昆明市五华区","公务员/事业单位;2024;computer_software;data_ai;本科及以上;与最高学历相对应的学位;数学类、统计学类、计算机类;行政执法类","用人司局：国家税务总局昆明市五华区税务局
职位简介：税收大数据分析
专业要求：数学类、统计学类、计算机类
学历要求：本科及以上
学位要求：与最高学历相对应的学位
政治面貌：不限
基层工作经历：无限制
考试类别：行政执法类
备注：2024届高校毕业生，男性，本单位不提供宿舍，在本单位最低服务年限为5年","https://www.xuanhan.gov.cn/xxgk-show-77635.html#130130-300110010002","2023-10-15","{""dataset_year"":2024,""job_uid"":""GOV-2024-130130-300110010002"",""publisher"":""国家公务员局"",""publication_page"":""https://www.xuanhan.gov.cn/xxgk-show-77635.html"",""attachment_url"":""https://www.xuanhan.gov.cn/uploadfile/1/Attachment/638fdecf51.zip"",""local_source_file"":""中央机关及其直属机构2024年度考试录用公务员招考简章.xls"",""local_source_sha256"":""a1741b99dbecd6d03e533f99f2d69b0fa5a79733e551b80af69986ceed2ad996"",""source_sheet"":""中央国家行政机关省级以下直属机构"",""filter_version"":""government_tech_v2"",""tech_filter"":{""is_tech"":true,""is_core_tech"":true,""scope"":""core"",""categories"":[""computer_software"",""data_ai""],""matched_fields"":[""major"",""description""],""major_terms"":[""计算机类""],""role_terms"":[""大数据"",""数据分析""],""reason"":""tech_major_and_role""},""original"":{""部门代码"":""130130"",""部门名称"":""国家税务总局云南省税务局"",""用人司局"":""国家税务总局昆明市五华区税务局"",""机构性质"":""中央国家行政机关省级以下直属机构"",""招考职位"":""一级行政执法员（二）"",""职位属性"":""普通职位"",""职位分布"":""西部地区和艰苦边远地区职位"",""职位简介"":""税收大数据分析"",""职位代码"":""300110010002"",""机构层级"":""县（区）级及以下"",""考试类别"":""行政执法类"",""招考人数"":""1"",""专业"":""数学类、统计学类、计算机类"",""学历"":""本科及以上"",""学位"":""与最高学历相对应的学位"",""政治面貌"":""不限"",""基层工作最低年限"":""无限制"",""服务基层项目工作经历"":""无限制"",""是否在面试阶段组织专业能力测试"":""否"",""面试人员比例"":""3:1"",""工作地点"":""云南省昆明市五华区"",""落户地点"":""云南省昆明市五华区"",""备注"":""2024届高校毕业生，男性，本单位不提供宿舍，在本单位最低服务年限为5年"",""部门网站"":""http://yunnan.chinatax.gov.cn/"",""咨询电话1"":""0871-63121915"",""咨询电话2"":"""",""咨询电话3"":"""",""来源Sheet"":""中央国家行政机关省级以下直属机构""}}"
"government_jobs","国家公务员2024招考简章","公务员/事业单位技术岗位","云南省昆明市五华区","2026-07-28T09:12:58.310295+00:00","一级行政执法员（九）","国家税务总局云南省税务局","","云南省昆明市五华区","公务员/事业单位;2024;computer_software;data_ai;本科及以上;与最高学历相对应的学位;数学类、统计学类、计算机类;行政执法类","用人司局：国家税务总局昆明市五华区税务局
职位简介：税收大数据分析
专业要求：数学类、统计学类、计算机类
学历要求：本科及以上
学位要求：与最高学历相对应的学位
政治面貌：不限
基层工作经历：无限制
考试类别：行政执法类
备注：本单位不提供宿舍，在本单位最低服务年限为5年","https://www.xuanhan.gov.cn/xxgk-show-77635.html#130130-300110010009","2023-10-15","{""dataset_year"":2024,""job_uid"":""GOV-2024-130130-300110010009"",""publisher"":""国家公务员局"",""publication_page"":""https://www.xuanhan.gov.cn/xxgk-show-77635.html"",""attachment_url"":""https://www.xuanhan.gov.cn/uploadfile/1/Attachment/638fdecf51.zip"",""local_source_file"":""中央机关及其直属机构2024年度考试录用公务员招考简章.xls"",""local_source_sha256"":""a1741b99dbecd6d03e533f99f2d69b0fa5a79733e551b80af69986ceed2ad996"",""source_sheet"":""中央国家行政机关省级以下直属机构"",""filter_version"":""government_tech_v2"",""tech_filter"":{""is_tech"":true,""is_core_tech"":true,""scope"":""core"",""categories"":[""computer_software"",""data_ai""],""matched_fields"":[""major"",""description""],""major_terms"":[""计算机类""],""role_terms"":[""大数据"",""数据分析""],""reason"":""tech_major_and_role""},""original"":{""部门代码"":""130130"",""部门名称"":""国家税务总局云南省税务局"",""用人司局"":""国家税务总局昆明市五华区税务局"",""机构性质"":""中央国家行政机关省级以下直属机构"",""招考职位"":""一级行政执法员（九）"",""职位属性"":""普通职位"",""职位分布"":""西部地区和艰苦边远地区职位"",""职位简介"":""税收大数据分析"",""职位代码"":""300110010009"",""机构层级"":""县（区）级及以下"",""考试类别"":""行政执法类"",""招考人数"":""2"",""专业"":""数学类、统计学类、计算机类"",""学历"":""本科及以上"",""学位"":""与最高学历相对应的学位"",""政治面貌"":""不限"",""基层工作最低年限"":""无限制"",""服务基层项目工作经历"":""无限制"",""是否在面试阶段组织专业能力测试"":""否"",""面试人员比例"":""3:1"",""工作地点"":""云南省昆明市五华区"",""落户地点"":""云南省昆明市五华区"",""备注"":""本单位不提供宿舍，在本单位最低服务年限为5年"",""部门网站"":""http://yunnan.chinatax.gov.cn/"",""咨询电话1"":""0871-63121915"",""咨询电话2"":"""",""咨询电话3"":"""",""来源Sheet"":""中央国家行政机关省级以下直属机构""}}"
"government_jobs","国家公务员2024招考简章","公务员/事业单位技术岗位","云南省昆明市盘龙区","2026-07-28T09:12:58.310295+00:00","一级行政执法员（十）","国家税务总局云南省税务局","","云南省昆明市盘龙区","公务员/事业单位;2024;computer_software;data_ai;本科及以上;与最高学历相对应的学位;数学类、统计学类、计算机类;行政执法类","用人司局：国家税务总局昆明市盘龙区税务局
职位简介：税收大数据分析
专业要求：数学类、统计学类、计算机类
学历要求：本科及以上
学位要求：与最高学历相对应的学位
政治面貌：不限
基层工作经历：无限制
考试类别：行政执法类
备注：本单位不提供宿舍，在本单位最低服务年限为5年","https://www.xuanhan.gov.cn/xxgk-show-77635.html#130130-300110012010","2023-10-15","{""dataset_year"":2024,""job_uid"":""GOV-2024-130130-300110012010"",""publisher"":""国家公务员局"",""publication_page"":""https://www.xuanhan.gov.cn/xxgk-show-77635.html"",""attachment_url"":""https://www.xuanhan.gov.cn/uploadfile/1/Attachment/638fdecf51.zip"",""local_source_file"":""中央机关及其直属机构2024年度考试录用公务员招考简章.xls"",""local_source_sha256"":""a1741b99dbecd6d03e533f99f2d69b0fa5a79733e551b80af69986ceed2ad996"",""source_sheet"":""中央国家行政机关省级以下直属机构"",""filter_version"":""government_tech_v2"",""tech_filter"":{""is_tech"":true,""is_core_tech"":true,""scope"":""core"",""categories"":[""computer_software"",""data_ai""],""matched_fields"":[""major"",""description""],""major_terms"":[""计算机类""],""role_terms"":[""大数据"",""数据分析""],""reason"":""tech_major_and_role""},""original"":{""部门代码"":""130130"",""部门名称"":""国家税务总局云南省税务局"",""用人司局"":""国家税务总局昆明市盘龙区税务局"",""机构性质"":""中央国家行政机关省级以下直属机构"",""招考职位"":""一级行政执法员（十）"",""职位属性"":""普通职位"",""职位分布"":""西部地区和艰苦边远地区职位"",""职位简介"":""税收大数据分析"",""职位代码"":""300110012010"",""机构层级"":""县（区）级及以下"",""考试类别"":""行政执法类"",""招考人数"":""2"",""专业"":""数学类、统计学类、计算机类"",""学历"":""本科及以上"",""学位"":""与最高学历相对应的学位"",""政治面貌"":""不限"",""基层工作最低年限"":""无限制"",""服务基层项目工作经历"":""无限制"",""是否在面试阶段组织专业能力测试"":""否"",""面试人员比例"":""3:1"",""工作地点"":""云南省昆明市盘龙区"",""落户地点"":""云南省昆明市盘龙区"",""备注"":""本单位不提供宿舍，在本单位最低服务年限为5年"",""部门网站"":""http://yunnan.chinatax.gov.cn/"",""咨询电话1"":""0871-63121915"",""咨询电话2"":"""",""咨询电话3"":"""",""来源Sheet"":""中央国家行政机关省级以下直属机构""}}"
"government_jobs","国家公务员2024招考简章","公务员/事业单位技术岗位","云南省昆明市西山区","2026-07-28T09:12:58.310295+00:00","一级行政执法员（一）","国家税务总局云南省税务局","","云南省昆明市西山区","公务员/事业单位;2024;computer_software;data_ai;本科及以上;与最高学历相对应的学位;数学类、统计学类、计算机类;行政执法类","用人司局：国家税务总局昆明市西山区税务局
职位简介：税收大数据分析
专业要求：数学类、统计学类、计算机类
学历要求：本科及以上
学位要求：与最高学历相对应的学位
政治面貌：不限
基层工作经历：无限制
考试类别：行政执法类
备注：2024届高校毕业生，女性，本单位不提供宿舍，在本单位最低服务年限为5年","https://www.xuanhan.gov.cn/xxgk-show-77635.html#130130-300110015001","2023-10-15","{""dataset_year"":2024,""job_uid"":""GOV-2024-130130-300110015001"",""publisher"":""国家公务员局"",""publication_page"":""https://www.xuanhan.gov.cn/xxgk-show-77635.html"",""attachment_url"":""https://www.xuanhan.gov.cn/uploadfile/1/Attachment/638fdecf51.zip"",""local_source_file"":""中央机关及其直属机构2024年度考试录用公务员招考简章.xls"",""local_source_sha256"":""a1741b99dbecd6d03e533f99f2d69b0fa5a79733e551b80af69986ceed2ad996"",""source_sheet"":""中央国家行政机关省级以下直属机构"",""filter_version"":""government_tech_v2"",""tech_filter"":{""is_tech"":true,""is_core_tech"":true,""scope"":""core"",""categories"":[""computer_software"",""data_ai""],""matched_fields"":[""major"",""description""],""major_terms"":[""计算机类""],""role_terms"":[""大数据"",""数据分析""],""reason"":""tech_major_and_role""},""original"":{""部门代码"":""130130"",""部门名称"":""国家税务总局云南省税务局"",""用人司局"":""国家税务总局昆明市西山区税务局"",""机构性质"":""中央国家行政机关省级以下直属机构"",""招考职位"":""一级行政执法员（一）"",""职位属性"":""普通职位"",""职位分布"":""西部地区和艰苦边远地区职位"",""职位简介"":""税收大数据分析"",""职位代码"":""300110015001"",""机构层级"":""县（区）级及以下"",""考试类别"":""行政执法类"",""招考人数"":""1"",""专业"":""数学类、统计学类、计算机类"",""学历"":""本科及以上"",""学位"":""与最高学历相对应的学位"",""政治面貌"":""不限"",""基层工作最低年限"":""无限制"",""服务基层项目工作经历"":""无限制"",""是否在面试阶段组织专业能力测试"":""否"",""面试人员比例"":""3:1"",""工作地点"":""云南省昆明市西山区"",""落户地点"":""云南省昆明市西山区"",""备注"":""2024届高校毕业生，女性，本单位不提供宿舍，在本单位最低服务年限为5年"",""部门网站"":""http://yunnan.chinatax.gov.cn/"",""咨询电话1"":""0871-63121915"",""咨询电话2"":"""",""咨询电话3"":"""",""来源Sheet"":""中央国家行政机关省级以下直属机构""}}"
"government_jobs","国家公务员2024招考简章","公务员/事业单位技术岗位","云南省昆明市西山区","2026-07-28T09:12:58.310295+00:00","一级行政执法员（二）","国家税务总局云南省税务局","","云南省昆明市西山区","公务员/事业单位;2024;computer_software;data_ai;本科及以上;与最高学历相对应的学位;数学类、统计学类、计算机类;行政执法类","用人司局：国家税务总局昆明市西山区税务局
职位简介：税收大数据分析
专业要求：数学类、统计学类、计算机类
学历要求：本科及以上
学位要求：与最高学历相对应的学位
政治面貌：不限
基层工作经历：无限制
考试类别：行政执法类
备注：2024届高校毕业生，男性，本单位不提供宿舍，在本单位最低服务年限为5年","https://www.xuanhan.gov.cn/xxgk-show-77635.html#130130-300110015002","2023-10-15","{""dataset_year"":2024,""job_uid"":""GOV-2024-130130-300110015002"",""publisher"":""国家公务员局"",""publication_page"":""https://www.xuanhan.gov.cn/xxgk-show-77635.html"",""attachment_url"":""https://www.xuanhan.gov.cn/uploadfile/1/Attachment/638fdecf51.zip"",""local_source_file"":""中央机关及其直属机构2024年度考试录用公务员招考简章.xls"",""local_source_sha256"":""a1741b99dbecd6d03e533f99f2d69b0fa5a79733e551b80af69986ceed2ad996"",""source_sheet"":""中央国家行政机关省级以下直属机构"",""filter_version"":""government_tech_v2"",""tech_filter"":{""is_tech"":true,""is_core_tech"":true,""scope"":""core"",""categories"":[""computer_software"",""data_ai""],""matched_fields"":[""major"",""description""],""major_terms"":[""计算机类""],""role_terms"":[""大数据"",""数据分析""],""reason"":""tech_major_and_role""},""original"":{""部门代码"":""130130"",""部门名称"":""国家税务总局云南省税务局"",""用人司局"":""国家税务总局昆明市西山区税务局"",""机构性质"":""中央国家行政机关省级以下直属机构"",""招考职位"":""一级行政执法员（二）"",""职位属性"":""普通职位"",""职位分布"":""西部地区和艰苦边远地区职位"",""职位简介"":""税收大数据分析"",""职位代码"":""300110015002"",""机构层级"":""县（区）级及以下"",""考试类别"":""行政执法类"",""招考人数"":""1"",""专业"":""数学类、统计学类、计算机类"",""学历"":""本科及以上"",""学位"":""与最高学历相对应的学位"",""政治面貌"":""不限"",""基层工作最低年限"":""无限制"",""服务基层项目工作经历"":""无限制"",""是否在面试阶段组织专业能力测试"":""否"",""面试人员比例"":""3:1"",""工作地点"":""云南省昆明市西山区"",""落户地点"":""云南省昆明市西山区"",""备注"":""2024届高校毕业生，男性，本单位不提供宿舍，在本单位最低服务年限为5年"",""部门网站"":""http://yunnan.chinatax.gov.cn/"",""咨询电话1"":""0871-63121915"",""咨询电话2"":"""",""咨询电话3"":"""",""来源Sheet"":""中央国家行政机关省级以下直属机构""}}"
"government_jobs","国家公务员2024招考简章","公务员/事业单位技术岗位","云南省昆明市西山区","2026-07-28T09:12:58.310295+00:00","一级行政执法员（九）","国家税务总局云南省税务局","","云南省昆明市西山区","公务员/事业单位;2024;computer_software;data_ai;本科及以上;与最高学历相对应的学位;数学类、统计学类、计算机类;行政执法类","用人司局：国家税务总局昆明市西山区税务局
职位简介：税收大数据分析
专业要求：数学类、统计学类、计算机类
学历要求：本科及以上
学位要求：与最高学历相对应的学位
政治面貌：不限
基层工作经历：无限制
考试类别：行政执法类
备注：本单位不提供宿舍，在本单位最低服务年限为5年","https://www.xuanhan.gov.cn/xxgk-show-77635.html#130130-300110015009","2023-10-15","{""dataset_year"":2024,""job_uid"":""GOV-2024-130130-300110015009"",""publisher"":""国家公务员局"",""publication_page"":""https://www.xuanhan.gov.cn/xxgk-show-77635.html"",""attachment_url"":""https://www.xuanhan.gov.cn/uploadfile/1/Attachment/638fdecf51.zip"",""local_source_file"":""中央机关及其直属机构2024年度考试录用公务员招考简章.xls"",""local_source_sha256"":""a1741b99dbecd6d03e533f99f2d69b0fa5a79733e551b80af69986ceed2ad996"",""source_sheet"":""中央国家行政机关省级以下直属机构"",""filter_version"":""government_tech_v2"",""tech_filter"":{""is_tech"":true,""is_core_tech"":true,""scope"":""core"",""categories"":[""computer_software"",""data_ai""],""matched_fields"":[""major"",""description""],""major_terms"":[""计算机类""],""role_terms"":[""大数据"",""数据分析""],""reason"":""tech_major_and_role""},""original"":{""部门代码"":""130130"",""部门名称"":""国家税务总局云南省税务局"",""用人司局"":""国家税务总局昆明市西山区税务局"",""机构性质"":""中央国家行政机关省级以下直属机构"",""招考职位"":""一级行政执法员（九）"",""职位属性"":""普通职位"",""职位分布"":""西部地区和艰苦边远地区职位"",""职位简介"":""税收大数据分析"",""职位代码"":""300110015009"",""机构层级"":""县（区）级及以下"",""考试类别"":""行政执法类"",""招考人数"":""2"",""专业"":""数学类、统计学类、计算机类"",""学历"":""本科及以上"",""学位"":""与最高学历相对应的学位"",""政治面貌"":""不限"",""基层工作最低年限"":""无限制"",""服务基层项目工作经历"":""无限制"",""是否在面试阶段组织专业能力测试"":""否"",""面试人员比例"":""3:1"",""工作地点"":""云南省昆明市西山区"",""落户地点"":""云南省昆明市西山区"",""备注"":""本单位不提供宿舍，在本单位最低服务年限为5年"",""部门网站"":""http://yunnan.chinatax.gov.cn/"",""咨询电话1"":""0871-63121915"",""咨询电话2"":"""",""咨询电话3"":"""",""来源Sheet"":""中央国家行政机关省级以下直属机构""}}"
"government_jobs","国家公务员2024招考简章","公务员/事业单位技术岗位","云南省昆明市官渡区","2026-07-28T09:12:58.310295+00:00","一级行政执法员（一）","国家税务总局云南省税务局","","云南省昆明市官渡区","公务员/事业单位;2024;computer_software;data_ai;本科及以上;与最高学历相对应的学位;数学类、统计学类、计算机类;行政执法类","用人司局：国家税务总局昆明市官渡区税务局
职位简介：税收大数据分析
专业要求：数学类、统计学类、计算机类
学历要求：本科及以上
学位要求：与最高学历相对应的学位
政治面貌：不限
基层工作经历：无限制
考试类别：行政执法类
备注：2024届高校毕业生，女性，本单位不提供宿舍，在本单位最低服务年限为5年","https://www.xuanhan.gov.cn/xxgk-show-77635.html#130130-300110018001","2023-10-15","{""dataset_year"":2024,""job_uid"":""GOV-2024-130130-300110018001"",""publisher"":""国家公务员局"",""publication_page"":""https://www.xuanhan.gov.cn/xxgk-show-77635.html"",""attachment_url"":""https://www.xuanhan.gov.cn/uploadfile/1/Attachment/638fdecf51.zip"",""local_source_file"":""中央机关及其直属机构2024年度考试录用公务员招考简章.xls"",""local_source_sha256"":""a1741b99dbecd6d03e533f99f2d69b0fa5a79733e551b80af69986ceed2ad996"",""source_sheet"":""中央国家行政机关省级以下直属机构"",""filter_version"":""government_tech_v2"",""tech_filter"":{""is_tech"":true,""is_core_tech"":true,""scope"":""core"",""categories"":[""computer_software"",""data_ai""],""matched_fields"":[""major"",""description""],""major_terms"":[""计算机类""],""role_terms"":[""大数据"",""数据分析""],""reason"":""tech_major_and_role""},""original"":{""部门代码"":""130130"",""部门名称"":""国家税务总局云南省税务局"",""用人司局"":""国家税务总局昆明市官渡区税务局"",""机构性质"":""中央国家行政机关省级以下直属机构"",""招考职位"":""一级行政执法员（一）"",""职位属性"":""普通职位"",""职位分布"":""西部地区和艰苦边远地区职位"",""职位简介"":""税收大数据分析"",""职位代码"":""300110018001"",""机构层级"":""县（区）级及以下"",""考试类别"":""行政执法类"",""招考人数"":""1"",""专业"":""数学类、统计学类、计算机类"",""学历"":""本科及以上"",""学位"":""与最高学历相对应的学位"",""政治面貌"":""不限"",""基层工作最低年限"":""无限制"",""服务基层项目工作经历"":""无限制"",""是否在面试阶段组织专业能力测试"":""否"",""面试人员比例"":""3:1"",""工作地点"":""云南省昆明市官渡区"",""落户地点"":""云南省昆明市官渡区"",""备注"":""2024届高校毕业生，女性，本单位不提供宿舍，在本单位最低服务年限为5年"",""部门网站"":""http://yunnan.chinatax.gov.cn/"",""咨询电话1"":""0871-63121915"",""咨询电话2"":"""",""咨询电话3"":"""",""来源Sheet"":""中央国家行政机关省级以下直属机构""}}"
"government_jobs","国家公务员2024招考简章","公务员/事业单位技术岗位","云南省昆明市官渡区","2026-07-28T09:12:58.310295+00:00","一级行政执法员（二）","国家税务总局云南省税务局","","云南省昆明市官渡区","公务员/事业单位;2024;computer_software;data_ai;本科及以上;与最高学历相对应的学位;数学类、统计学类、计算机类;行政执法类","用人司局：国家税务总局昆明市官渡区税务局
职位简介：税收大数据分析
专业要求：数学类、统计学类、计算机类
学历要求：本科及以上
学位要求：与最高学历相对应的学位
政治面貌：不限
基层工作经历：无限制
考试类别：行政执法类
备注：2024届高校毕业生，男性，本单位不提供宿舍，在本单位最低服务年限为5年","https://www.xuanhan.gov.cn/xxgk-show-77635.html#130130-300110018002","2023-10-15","{""dataset_year"":2024,""job_uid"":""GOV-2024-130130-300110018002"",""publisher"":""国家公务员局"",""publication_page"":""https://www.xuanhan.gov.cn/xxgk-show-77635.html"",""attachment_url"":""https://www.xuanhan.gov.cn/uploadfile/1/Attachment/638fdecf51.zip"",""local_source_file"":""中央机关及其直属机构2024年度考试录用公务员招考简章.xls"",""local_source_sha256"":""a1741b99dbecd6d03e533f99f2d69b0fa5a79733e551b80af69986ceed2ad996"",""source_sheet"":""中央国家行政机关省级以下直属机构"",""filter_version"":""government_tech_v2"",""tech_filter"":{""is_tech"":true,""is_core_tech"":true,""scope"":""core"",""categories"":[""computer_software"",""data_ai""],""matched_fields"":[""major"",""description""],""major_terms"":[""计算机类""],""role_terms"":[""大数据"",""数据分析""],""reason"":""tech_major_and_role""},""original"":{""部门代码"":""130130"",""部门名称"":""国家税务总局云南省税务局"",""用人司局"":""国家税务总局昆明市官渡区税务局"",""机构性质"":""中央国家行政机关省级以下直属机构"",""招考职位"":""一级行政执法员（二）"",""职位属性"":""普通职位"",""职位分布"":""西部地区和艰苦边远地区职位"",""职位简介"":""税收大数据分析"",""职位代码"":""300110018002"",""机构层级"":""县（区）级及以下"",""考试类别"":""行政执法类"",""招考人数"":""1"",""专业"":""数学类、统计学类、计算机类"",""学历"":""本科及以上"",""学位"":""与最高学历相对应的学位"",""政治面貌"":""不限"",""基层工作最低年限"":""无限制"",""服务基层项目工作经历"":""无限制"",""是否在面试阶段组织专业能力测试"":""否"",""面试人员比例"":""3:1"",""工作地点"":""云南省昆明市官渡区"",""落户地点"":""云南省昆明市官渡区"",""备注"":""2024届高校毕业生，男性，本单位不提供宿舍，在本单位最低服务年限为5年"",""部门网站"":""http://yunnan.chinatax.gov.cn/"",""咨询电话1"":""0871-63121915"",""咨询电话2"":"""",""咨询电话3"":"""",""来源Sheet"":""中央国家行政机关省级以下直属机构""}}"
"government_jobs","国家公务员2024招考简章","公务员/事业单位技术岗位","云南省昆明市官渡区","2026-07-28T09:12:58.310295+00:00","一级行政执法员（十四）","国家税务总局云南省税务局","","云南省昆明市官渡区","公务员/事业单位;2024;computer_software;data_ai;electronics_communication;本科及以上;与最高学历相对应的学位;机械类、能源动力类、电气类、电子信息类、计算机类;行政执法类","用人司局：国家税务总局昆明市官渡区税务局
职位简介：税收大数据分析
专业要求：机械类、能源动力类、电气类、电子信息类、计算机类
学历要求：本科及以上
学位要求：与最高学历相对应的学位
政治面貌：不限
基层工作经历：无限制
考试类别：行政执法类
备注：本单位不提供宿舍，在本单位最低服务年限为5年","https://www.xuanhan.gov.cn/xxgk-show-77635.html#130130-300110018014","2023-10-15","{""dataset_year"":2024,""job_uid"":""GOV-2024-130130-300110018014"",""publisher"":""国家公务员局"",""publication_page"":""https://www.xuanhan.gov.cn/xxgk-show-77635.html"",""attachment_url"":""https://www.xuanhan.gov.cn/uploadfile/1/Attachment/638fdecf51.zip"",""local_source_file"":""中央机关及其直属机构2024年度考试录用公务员招考简章.xls"",""local_source_sha256"":""a1741b99dbecd6d03e533f99f2d69b0fa5a79733e551b80af69986ceed2ad996"",""source_sheet"":""中央国家行政机关省级以下直属机构"",""filter_version"":""government_tech_v2"",""tech_filter"":{""is_tech"":true,""is_core_tech"":true,""scope"":""core"",""categories"":[""computer_software"",""data_ai"",""electronics_communication""],""matched_fields"":[""major"",""description""],""major_terms"":[""电子信息类"",""计算机类""],""role_terms"":[""大数据"",""数据分析""],""reason"":""tech_major_and_role""},""original"":{""部门代码"":""130130"",""部门名称"":""国家税务总局云南省税务局"",""用人司局"":""国家税务总局昆明市官渡区税务局"",""机构性质"":""中央国家行政机关省级以下直属机构"",""招考职位"":""一级行政执法员（十四）"",""职位属性"":""普通职位"",""职位分布"":""西部地区和艰苦边远地区职位"",""职位简介"":""税收大数据分析"",""职位代码"":""300110018014"",""机构层级"":""县（区）级及以下"",""考试类别"":""行政执法类"",""招考人数"":""2"",""专业"":""机械类、能源动力类、电气类、电子信息类、计算机类"",""学历"":""本科及以上"",""学位"":""与最高学历相对应的学位"",""政治面貌"":""不限"",""基层工作最低年限"":""无限制"",""服务基层项目工作经历"":""无限制"",""是否在面试阶段组织专业能力测试"":""否"",""面试人员比例"":""3:1"",""工作地点"":""云南省昆明市官渡区"",""落户地点"":""云南省昆明市官渡区"",""备注"":""本单位不提供宿舍，在本单位最低服务年限为5年"",""部门网站"":""http://yunnan.chinatax.gov.cn/"",""咨询电话1"":""0871-63121915"",""咨询电话2"":"""",""咨询电话3"":"""",""来源Sheet"":""中央国家行政机关省级以下直属机构""}}"
"government_jobs","国家公务员2024招考简章","公务员/事业单位技术岗位","云南省昆明市呈贡区","2026-07-28T09:12:58.310295+00:00","一级行政执法员（一）","国家税务总局云南省税务局","","云南省昆明市呈贡区","公务员/事业单位;2024;computer_software;data_ai;本科及以上;与最高学历相对应的学位;数学类、统计学类、计算机类;行政执法类","用人司局：国家税务总局昆明市呈贡区税务局
职位简介：税收大数据分析
专业要求：数学类、统计学类、计算机类
学历要求：本科及以上
学位要求：与最高学历相对应的学位
政治面貌：不限
基层工作经历：无限制
考试类别：行政执法类
备注：2024届高校毕业生，女性，本单位不提供宿舍，在本单位最低服务年限为5年","https://www.xuanhan.gov.cn/xxgk-show-77635.html#130130-300110020001","2023-10-15","{""dataset_year"":2024,""job_uid"":""GOV-2024-130130-300110020001"",""publisher"":""国家公务员局"",""publication_page"":""https://www.xuanhan.gov.cn/xxgk-show-77635.html"",""attachment_url"":""https://www.xuanhan.gov.cn/uploadfile/1/Attachment/638fdecf51.zip"",""local_source_file"":""中央机关及其直属机构2024年度考试录用公务员招考简章.xls"",""local_source_sha256"":""a1741b99dbecd6d03e533f99f2d69b0fa5a79733e551b80af69986ceed2ad996"",""source_sheet"":""中央国家行政机关省级以下直属机构"",""filter_version"":""government_tech_v2"",""tech_filter"":{""is_tech"":true,""is_core_tech"":true,""scope"":""core"",""categories"":[""computer_software"",""data_ai""],""matched_fields"":[""major"",""description""],""major_terms"":[""计算机类""],""role_terms"":[""大数据"",""数据分析""],""reason"":""tech_major_and_role""},""original"":{""部门代码"":""130130"",""部门名称"":""国家税务总局云南省税务局"",""用人司局"":""国家税务总局昆明市呈贡区税务局"",""机构性质"":""中央国家行政机关省级以下直属机构"",""招考职位"":""一级行政执法员（一）"",""职位属性"":""普通职位"",""职位分布"":""西部地区和艰苦边远地区职位"",""职位简介"":""税收大数据分析"",""职位代码"":""300110020001"",""机构层级"":""县（区）级及以下"",""考试类别"":""行政执法类"",""招考人数"":""1"",""专业"":""数学类、统计学类、计算机类"",""学历"":""本科及以上"",""学位"":""与最高学历相对应的学位"",""政治面貌"":""不限"",""基层工作最低年限"":""无限制"",""服务基层项目工作经历"":""无限制"",""是否在面试阶段组织专业能力测试"":""否"",""面试人员比例"":""3:1"",""工作地点"":""云南省昆明市呈贡区"",""落户地点"":""云南省昆明市呈贡区"",""备注"":""2024届高校毕业生，女性，本单位不提供宿舍，在本单位最低服务年限为5年"",""部门网站"":""http://yunnan.chinatax.gov.cn/"",""咨询电话1"":""0871-63121915"",""咨询电话2"":"""",""咨询电话3"":"""",""来源Sheet"":""中央国家行政机关省级以下直属机构""}}"
"government_jobs","国家公务员2024招考简章","公务员/事业单位技术岗位","云南省昆明市呈贡区","2026-07-28T09:12:58.310295+00:00","一级行政执法员（二）","国家税务总局云南省税务局","","云南省昆明市呈贡区","公务员/事业单位;2024;computer_software;data_ai;本科及以上;与最高学历相对应的学位;数学类、统计学类、计算机类;行政执法类","用人司局：国家税务总局昆明市呈贡区税务局
职位简介：税收大数据分析
专业要求：数学类、统计学类、计算机类
学历要求：本科及以上
学位要求：与最高学历相对应的学位
政治面貌：不限
基层工作经历：无限制
考试类别：行政执法类
备注：2024届高校毕业生，男性，本单位不提供宿舍，在本单位最低服务年限为5年","https://www.xuanhan.gov.cn/xxgk-show-77635.html#130130-300110020002","2023-10-15","{""dataset_year"":2024,""job_uid"":""GOV-2024-130130-300110020002"",""publisher"":""国家公务员局"",""publication_page"":""https://www.xuanhan.gov.cn/xxgk-show-77635.html"",""attachment_url"":""https://www.xuanhan.gov.cn/uploadfile/1/Attachment/638fdecf51.zip"",""local_source_file"":""中央机关及其直属机构2024年度考试录用公务员招考简章.xls"",""local_source_sha256"":""a1741b99dbecd6d03e533f99f2d69b0fa5a79733e551b80af69986ceed2ad996"",""source_sheet"":""中央国家行政机关省级以下直属机构"",""filter_version"":""government_tech_v2"",""tech_filter"":{""is_tech"":true,""is_core_tech"":true,""scope"":""core"",""categories"":[""computer_software"",""data_ai""],""matched_fields"":[""major"",""description""],""major_terms"":[""计算机类""],""role_terms"":[""大数据"",""数据分析""],""reason"":""tech_major_and_role""},""original"":{""部门代码"":""130130"",""部门名称"":""国家税务总局云南省税务局"",""用人司局"":""国家税务总局昆明市呈贡区税务局"",""机构性质"":""中央国家行政机关省级以下直属机构"",""招考职位"":""一级行政执法员（二）"",""职位属性"":""普通职位"",""职位分布"":""西部地区和艰苦边远地区职位"",""职位简介"":""税收大数据分析"",""职位代码"":""300110020002"",""机构层级"":""县（区）级及以下"",""考试类别"":""行政执法类"",""招考人数"":""1"",""专业"":""数学类、统计学类、计算机类"",""学历"":""本科及以上"",""学位"":""与最高学历相对应的学位"",""政治面貌"":""不限"",""基层工作最低年限"":""无限制"",""服务基层项目工作经历"":""无限制"",""是否在面试阶段组织专业能力测试"":""否"",""面试人员比例"":""3:1"",""工作地点"":""云南省昆明市呈贡区"",""落户地点"":""云南省昆明市呈贡区"",""备注"":""2024届高校毕业生，男性，本单位不提供宿舍，在本单位最低服务年限为5年"",""部门网站"":""http://yunnan.chinatax.gov.cn/"",""咨询电话1"":""0871-63121915"",""咨询电话2"":"""",""咨询电话3"":"""",""来源Sheet"":""中央国家行政机关省级以下直属机构""}}"
"government_jobs","国家公务员2024招考简章","公务员/事业单位技术岗位","云南省昆明市东川区","2026-07-28T09:12:58.310295+00:00","一级行政执法员（一）","国家税务总局云南省税务局","","云南省昆明市东川区","公务员/事业单位;2024;computer_software;data_ai;electronics_communication;本科及以上;与最高学历相对应的学位;数学类、统计学类、电子信息类、计算机类;行政执法类","用人司局：国家税务总局昆明市东川区税务局
职位简介：税收大数据分析
专业要求：数学类、统计学类、电子信息类、计算机类
学历要求：本科及以上
学位要求：与最高学历相对应的学位
政治面貌：不限
基层工作经历：无限制
考试类别：行政执法类
备注：2024届高校毕业生，女性，本单位不提供宿舍，在本单位最低服务年限为5年","https://www.xuanhan.gov.cn/xxgk-show-77635.html#130130-300110040001","2023-10-15","{""dataset_year"":2024,""job_uid"":""GOV-2024-130130-300110040001"",""publisher"":""国家公务员局"",""publication_page"":""https://www.xuanhan.gov.cn/xxgk-show-77635.html"",""attachment_url"":""https://www.xuanhan.gov.cn/uploadfile/1/Attachment/638fdecf51.zip"",""local_source_file"":""中央机关及其直属机构2024年度考试录用公务员招考简章.xls"",""local_source_sha256"":""a1741b99dbecd6d03e533f99f2d69b0fa5a79733e551b80af69986ceed2ad996"",""source_sheet"":""中央国家行政机关省级以下直属机构"",""filter_version"":""government_tech_v2"",""tech_filter"":{""is_tech"":true,""is_core_tech"":true,""scope"":""core"",""categories"":[""computer_software"",""data_ai"",""electronics_communication""],""matched_fields"":[""major"",""description""],""major_terms"":[""电子信息类"",""计算机类""],""role_terms"":[""大数据"",""数据分析""],""reason"":""tech_major_and_role""},""original"":{""部门代码"":""130130"",""部门名称"":""国家税务总局云南省税务局"",""用人司局"":""国家税务总局昆明市东川区税务局"",""机构性质"":""中央国家行政机关省级以下直属机构"",""招考职位"":""一级行政执法员（一）"",""职位属性"":""普通职位"",""职位分布"":""西部地区和艰苦边远地区职位"",""职位简介"":""税收大数据分析"",""职位代码"":""300110040001"",""机构层级"":""县（区）级及以下"",""考试类别"":""行政执法类"",""招考人数"":""1"",""专业"":""数学类、统计学类、电子信息类、计算机类"",""学历"":""本科及以上"",""学位"":""与最高学历相对应的学位"",""政治面貌"":""不限"",""基层工作最低年限"":""无限制"",""服务基层项目工作经历"":""无限制"",""是否在面试阶段组织专业能力测试"":""否"",""面试人员比例"":""3:1"",""工作地点"":""云南省昆明市东川区"",""落户地点"":""云南省昆明市东川区"",""备注"":""2024届高校毕业生，女性，本单位不提供宿舍，在本单位最低服务年限为5年"",""部门网站"":""http://yunnan.chinatax.gov.cn/"",""咨询电话1"":""0871-63121915"",""咨询电话2"":"""",""咨询电话3"":"""",""来源Sheet"":""中央国家行政机关省级以下直属机构""}}"
"government_jobs","国家公务员2024招考简章","公务员/事业单位技术岗位","云南省昆明市东川区","2026-07-28T09:12:58.310295+00:00","一级行政执法员（二）","国家税务总局云南省税务局","","云南省昆明市东川区","公务员/事业单位;2024;computer_software;data_ai;electronics_communication;本科及以上;与最高学历相对应的学位;数学类、统计学类、电子信息类、计算机类;行政执法类","用人司局：国家税务总局昆明市东川区税务局
职位简介：税收大数据分析
专业要求：数学类、统计学类、电子信息类、计算机类
学历要求：本科及以上
学位要求：与最高学历相对应的学位
政治面貌：不限
基层工作经历：无限制
考试类别：行政执法类
备注：2024届高校毕业生，男性，本单位不提供宿舍，在本单位最低服务年限为5年","https://www.xuanhan.gov.cn/xxgk-show-77635.html#130130-300110040002","2023-10-15","{""dataset_year"":2024,""job_uid"":""GOV-2024-130130-300110040002"",""publisher"":""国家公务员局"",""publication_page"":""https://www.xuanhan.gov.cn/xxgk-show-77635.html"",""attachment_url"":""https://www.xuanhan.gov.cn/uploadfile/1/Attachment/638fdecf51.zip"",""local_source_file"":""中央机关及其直属机构2024年度考试录用公务员招考简章.xls"",""local_source_sha256"":""a1741b99dbecd6d03e533f99f2d69b0fa5a79733e551b80af69986ceed2ad996"",""source_sheet"":""中央国家行政机关省级以下直属机构"",""filter_version"":""government_tech_v2"",""tech_filter"":{""is_tech"":true,""is_core_tech"":true,""scope"":""core"",""categories"":[""computer_software"",""data_ai"",""electronics_communication""],""matched_fields"":[""major"",""description""],""major_terms"":[""电子信息类"",""计算机类""],""role_terms"":[""大数据"",""数据分析""],""reason"":""tech_major_and_role""},""original"":{""部门代码"":""130130"",""部门名称"":""国家税务总局云南省税务局"",""用人司局"":""国家税务总局昆明市东川区税务局"",""机构性质"":""中央国家行政机关省级以下直属机构"",""招考职位"":""一级行政执法员（二）"",""职位属性"":""普通职位"",""职位分布"":""西部地区和艰苦边远地区职位"",""职位简介"":""税收大数据分析"",""职位代码"":""300110040002"",""机构层级"":""县（区）级及以下"",""考试类别"":""行政执法类"",""招考人数"":""1"",""专业"":""数学类、统计学类、电子信息类、计算机类"",""学历"":""本科及以上"",""学位"":""与最高学历相对应的学位"",""政治面貌"":""不限"",""基层工作最低年限"":""无限制"",""服务基层项目工作经历"":""无限制"",""是否在面试阶段组织专业能力测试"":""否"",""面试人员比例"":""3:1"",""工作地点"":""云南省昆明市东川区"",""落户地点"":""云南省昆明市东川区"",""备注"":""2024届高校毕业生，男性，本单位不提供宿舍，在本单位最低服务年限为5年"",""部门网站"":""http://yunnan.chinatax.gov.cn/"",""咨询电话1"":""0871-63121915"",""咨询电话2"":"""",""咨询电话3"":"""",""来源Sheet"":""中央国家行政机关省级以下直属机构""}}"
"government_jobs","国家公务员2024招考简章","公务员/事业单位技术岗位","云南省昆明市晋宁区","2026-07-28T09:12:58.310295+00:00","一级行政执法员（一）","国家税务总局云南省税务局","","云南省昆明市晋宁区","公务员/事业单位;2024;computer_software;data_ai;本科及以上;与最高学历相对应的学位;数学类、统计学类、计算机类;行政执法类","用人司局：国家税务总局昆明市晋宁区税务局
职位简介：税收大数据分析
专业要求：数学类、统计学类、计算机类
学历要求：本科及以上
学位要求：与最高学历相对应的学位
政治面貌：不限
基层工作经历：无限制
考试类别：行政执法类
备注：2024届高校毕业生，女性，本单位不提供宿舍，在本单位最低服务年限为5年","https://www.xuanhan.gov.cn/xxgk-show-77635.html#130130-300110042001","2023-10-15","{""dataset_year"":2024,""job_uid"":""GOV-2024-130130-300110042001"",""publisher"":""国家公务员局"",""publication_page"":""https://www.xuanhan.gov.cn/xxgk-show-77635.html"",""attachment_url"":""https://www.xuanhan.gov.cn/uploadfile/1/Attachment/638fdecf51.zip"",""local_source_file"":""中央机关及其直属机构2024年度考试录用公务员招考简章.xls"",""local_source_sha256"":""a1741b99dbecd6d03e533f99f2d69b0fa5a79733e551b80af69986ceed2ad996"",""source_sheet"":""中央国家行政机关省级以下直属机构"",""filter_version"":""government_tech_v2"",""tech_filter"":{""is_tech"":true,""is_core_tech"":true,""scope"":""core"",""categories"":[""computer_software"",""data_ai""],""matched_fields"":[""major"",""description""],""major_terms"":[""计算机类""],""role_terms"":[""大数据"",""数据分析""],""reason"":""tech_major_and_role""},""original"":{""部门代码"":""130130"",""部门名称"":""国家税务总局云南省税务局"",""用人司局"":""国家税务总局昆明市晋宁区税务局"",""机构性质"":""中央国家行政机关省级以下直属机构"",""招考职位"":""一级行政执法员（一）"",""职位属性"":""普通职位"",""职位分布"":""西部地区和艰苦边远地区职位"",""职位简介"":""税收大数据分析"",""职位代码"":""300110042001"",""机构层级"":""县（区）级及以下"",""考试类别"":""行政执法类"",""招考人数"":""1"",""专业"":""数学类、统计学类、计算机类"",""学历"":""本科及以上"",""学位"":""与最高学历相对应的学位"",""政治面貌"":""不限"",""基层工作最低年限"":""无限制"",""服务基层项目工作经历"":""无限制"",""是否在面试阶段组织专业能力测试"":""否"",""面试人员比例"":""3:1"",""工作地点"":""云南省昆明市晋宁区"",""落户地点"":""云南省昆明市晋宁区"",""备注"":""2024届高校毕业生，女性，本单位不提供宿舍，在本单位最低服务年限为5年"",""部门网站"":""http://yunnan.chinatax.gov.cn/"",""咨询电话1"":""0871-63121915"",""咨询电话2"":"""",""咨询电话3"":"""",""来源Sheet"":""中央国家行政机关省级以下直属机构""}}"
"government_jobs","国家公务员2024招考简章","公务员/事业单位技术岗位","云南省昆明市晋宁区","2026-07-28T09:12:58.310295+00:00","一级行政执法员（二）","国家税务总局云南省税务局","","云南省昆明市晋宁区","公务员/事业单位;2024;computer_software;data_ai;本科及以上;与最高学历相对应的学位;数学类、统计学类、计算机类;行政执法类","用人司局：国家税务总局昆明市晋宁区税务局
职位简介：税收大数据分析
专业要求：数学类、统计学类、计算机类
学历要求：本科及以上
学位要求：与最高学历相对应的学位
政治面貌：不限
基层工作经历：无限制
考试类别：行政执法类
备注：2024届高校毕业生，男性，本单位不提供宿舍，在本单位最低服务年限为5年","https://www.xuanhan.gov.cn/xxgk-show-77635.html#130130-300110042002","2023-10-15","{""dataset_year"":2024,""job_uid"":""GOV-2024-130130-300110042002"",""publisher"":""国家公务员局"",""publication_page"":""https://www.xuanhan.gov.cn/xxgk-show-77635.html"",""attachment_url"":""https://www.xuanhan.gov.cn/uploadfile/1/Attachment/638fdecf51.zip"",""local_source_file"":""中央机关及其直属机构2024年度考试录用公务员招考简章.xls"",""local_source_sha256"":""a1741b99dbecd6d03e533f99f2d69b0fa5a79733e551b80af69986ceed2ad996"",""source_sheet"":""中央国家行政机关省级以下直属机构"",""filter_version"":""government_tech_v2"",""tech_filter"":{""is_tech"":true,""is_core_tech"":true,""scope"":""core"",""categories"":[""computer_software"",""data_ai""],""matched_fields"":[""major"",""description""],""major_terms"":[""计算机类""],""role_terms"":[""大数据"",""数据分析""],""reason"":""tech_major_and_role""},""original"":{""部门代码"":""130130"",""部门名称"":""国家税务总局云南省税务局"",""用人司局"":""国家税务总局昆明市晋宁区税务局"",""机构性质"":""中央国家行政机关省级以下直属机构"",""招考职位"":""一级行政执法员（二）"",""职位属性"":""普通职位"",""职位分布"":""西部地区和艰苦边远地区职位"",""职位简介"":""税收大数据分析"",""职位代码"":""300110042002"",""机构层级"":""县（区）级及以下"",""考试类别"":""行政执法类"",""招考人数"":""1"",""专业"":""数学类、统计学类、计算机类"",""学历"":""本科及以上"",""学位"":""与最高学历相对应的学位"",""政治面貌"":""不限"",""基层工作最低年限"":""无限制"",""服务基层项目工作经历"":""无限制"",""是否在面试阶段组织专业能力测试"":""否"",""面试人员比例"":""3:1"",""工作地点"":""云南省昆明市晋宁区"",""落户地点"":""云南省昆明市晋宁区"",""备注"":""2024届高校毕业生，男性，本单位不提供宿舍，在本单位最低服务年限为5年"",""部门网站"":""http://yunnan.chinatax.gov.cn/"",""咨询电话1"":""0871-63121915"",""咨询电话2"":"""",""咨询电话3"":"""",""来源Sheet"":""中央国家行政机关省级以下直属机构""}}"
"government_jobs","国家公务员2024招考简章","公务员/事业单位技术岗位","云南省昆明市富民县","2026-07-28T09:12:58.310295+00:00","一级行政执法员（三）","国家税务总局云南省税务局","","云南省昆明市富民县","公务员/事业单位;2024;computer_software;data_ai;electronics_communication;本科及以上;与最高学历相对应的学位;机械类、能源动力类、电气类、电子信息类、计算机类;行政执法类","用人司局：国家税务总局富民县税务局
职位简介：税收大数据分析
专业要求：机械类、能源动力类、电气类、电子信息类、计算机类
学历要求：本科及以上
学位要求：与最高学历相对应的学位
政治面貌：不限
基层工作经历：无限制
考试类别：行政执法类
备注：本单位不提供宿舍，在本单位最低服务年限为5年","https://www.xuanhan.gov.cn/xxgk-show-77635.html#130130-300110045003","2023-10-15","{""dataset_year"":2024,""job_uid"":""GOV-2024-130130-300110045003"",""publisher"":""国家公务员局"",""publication_page"":""https://www.xuanhan.gov.cn/xxgk-show-77635.html"",""attachment_url"":""https://www.xuanhan.gov.cn/uploadfile/1/Attachment/638fdecf51.zip"",""local_source_file"":""中央机关及其直属机构2024年度考试录用公务员招考简章.xls"",""local_source_sha256"":""a1741b99dbecd6d03e533f99f2d69b0fa5a79733e551b80af69986ceed2ad996"",""source_sheet"":""中央国家行政机关省级以下直属机构"",""filter_version"":""government_tech_v2"",""tech_filter"":{""is_tech"":true,""is_core_tech"":true,""scope"":""core"",""categories"":[""computer_software"",""data_ai"",""electronics_communication""],""matched_fields"":[""major"",""description""],""major_terms"":[""电子信息类"",""计算机类""],""role_terms"":[""大数据"",""数据分析""],""reason"":""tech_major_and_role""},""original"":{""部门代码"":""130130"",""部门名称"":""国家税务总局云南省税务局"",""用人司局"":""国家税务总局富民县税务局"",""机构性质"":""中央国家行政机关省级以下直属机构"",""招考职位"":""一级行政执法员（三）"",""职位属性"":""普通职位"",""职位分布"":""西部地区和艰苦边远地区职位"",""职位简介"":""税收大数据分析"",""职位代码"":""300110045003"",""机构层级"":""县（区）级及以下"",""考试类别"":""行政执法类"",""招考人数"":""2"",""专业"":""机械类、能源动力类、电气类、电子信息类、计算机类"",""学历"":""本科及以上"",""学位"":""与最高学历相对应的学位"",""政治面貌"":""不限"",""基层工作最低年限"":""无限制"",""服务基层项目工作经历"":""无限制"",""是否在面试阶段组织专业能力测试"":""否"",""面试人员比例"":""3:1"",""工作地点"":""云南省昆明市富民县"",""落户地点"":""云南省昆明市富民县"",""备注"":""本单位不提供宿舍，在本单位最低服务年限为5年"",""部门网站"":""http://yunnan.chinatax.gov.cn/"",""咨询电话1"":""0871-63121915"",""咨询电话2"":"""",""咨询电话3"":"""",""来源Sheet"":""中央国家行政机关省级以下直属机构""}}"
"government_jobs","国家公务员2024招考简章","公务员/事业单位技术岗位","云南省昆明市禄劝彝族苗族自治县","2026-07-28T09:12:58.310295+00:00","一级行政执法员（一）","国家税务总局云南省税务局","","云南省昆明市禄劝彝族苗族自治县","公务员/事业单位;2024;computer_software;data_ai;electronics_communication;本科及以上;与最高学历相对应的学位;数学类、统计学类、电子信息类、计算机类;行政执法类","用人司局：国家税务总局禄劝县税务局
职位简介：税收大数据分析
专业要求：数学类、统计学类、电子信息类、计算机类
学历要求：本科及以上
学位要求：与最高学历相对应的学位
政治面貌：不限
基层工作经历：无限制
考试类别：行政执法类
备注：2024届高校毕业生，女性，本单位不提供宿舍，在本单位最低服务年限为5年","https://www.xuanhan.gov.cn/xxgk-show-77635.html#130130-300110055001","2023-10-15","{""dataset_year"":2024,""job_uid"":""GOV-2024-130130-300110055001"",""publisher"":""国家公务员局"",""publication_page"":""https://www.xuanhan.gov.cn/xxgk-show-77635.html"",""attachment_url"":""https://www.xuanhan.gov.cn/uploadfile/1/Attachment/638fdecf51.zip"",""local_source_file"":""中央机关及其直属机构2024年度考试录用公务员招考简章.xls"",""local_source_sha256"":""a1741b99dbecd6d03e533f99f2d69b0fa5a79733e551b80af69986ceed2ad996"",""source_sheet"":""中央国家行政机关省级以下直属机构"",""filter_version"":""government_tech_v2"",""tech_filter"":{""is_tech"":true,""is_core_tech"":true,""scope"":""core"",""categories"":[""computer_software"",""data_ai"",""electronics_communication""],""matched_fields"":[""major"",""description""],""major_terms"":[""电子信息类"",""计算机类""],""role_terms"":[""大数据"",""数据分析""],""reason"":""tech_major_and_role""},""original"":{""部门代码"":""130130"",""部门名称"":""国家税务总局云南省税务局"",""用人司局"":""国家税务总局禄劝县税务局"",""机构性质"":""中央国家行政机关省级以下直属机构"",""招考职位"":""一级行政执法员（一）"",""职位属性"":""普通职位"",""职位分布"":""西部地区和艰苦边远地区职位"",""职位简介"":""税收大数据分析"",""职位代码"":""300110055001"",""机构层级"":""县（区）级及以下"",""考试类别"":""行政执法类"",""招考人数"":""1"",""专业"":""数学类、统计学类、电子信息类、计算机类"",""学历"":""本科及以上"",""学位"":""与最高学历相对应的学位"",""政治面貌"":""不限"",""基层工作最低年限"":""无限制"",""服务基层项目工作经历"":""无限制"",""是否在面试阶段组织专业能力测试"":""否"",""面试人员比例"":""3:1"",""工作地点"":""云南省昆明市禄劝彝族苗族自治县"",""落户地点"":""云南省昆明市禄劝彝族苗族自治县"",""备注"":""2024届高校毕业生，女性，本单位不提供宿舍，在本单位最低服务年限为5年"",""部门网站"":""http://yunnan.chinatax.gov.cn/"",""咨询电话1"":""0871-63121915"",""咨询电话2"":"""",""咨询电话3"":"""",""来源Sheet"":""中央国家行政机关省级以下直属机构""}}"
"government_jobs","国家公务员2024招考简章","公务员/事业单位技术岗位","云南省昆明市禄劝彝族苗族自治县","2026-07-28T09:12:58.310295+00:00","一级行政执法员（二）","国家税务总局云南省税务局","","云南省昆明市禄劝彝族苗族自治县","公务员/事业单位;2024;computer_software;data_ai;electronics_communication;本科及以上;与最高学历相对应的学位;数学类、统计学类、电子信息类、计算机类;行政执法类","用人司局：国家税务总局禄劝县税务局
职位简介：税收大数据分析
专业要求：数学类、统计学类、电子信息类、计算机类
学历要求：本科及以上
学位要求：与最高学历相对应的学位
政治面貌：不限
基层工作经历：无限制
考试类别：行政执法类
备注：2024届高校毕业生，男性，本单位不提供宿舍，在本单位最低服务年限为5年","https://www.xuanhan.gov.cn/xxgk-show-77635.html#130130-300110055002","2023-10-15","{""dataset_year"":2024,""job_uid"":""GOV-2024-130130-300110055002"",""publisher"":""国家公务员局"",""publication_page"":""https://www.xuanhan.gov.cn/xxgk-show-77635.html"",""attachment_url"":""https://www.xuanhan.gov.cn/uploadfile/1/Attachment/638fdecf51.zip"",""local_source_file"":""中央机关及其直属机构2024年度考试录用公务员招考简章.xls"",""local_source_sha256"":""a1741b99dbecd6d03e533f99f2d69b0fa5a79733e551b80af69986ceed2ad996"",""source_sheet"":""中央国家行政机关省级以下直属机构"",""filter_version"":""government_tech_v2"",""tech_filter"":{""is_tech"":true,""is_core_tech"":true,""scope"":""core"",""categories"":[""computer_software"",""data_ai"",""electronics_communication""],""matched_fields"":[""major"",""description""],""major_terms"":[""电子信息类"",""计算机类""],""role_terms"":[""大数据"",""数据分析""],""reason"":""tech_major_and_role""},""original"":{""部门代码"":""130130"",""部门名称"":""国家税务总局云南省税务局"",""用人司局"":""国家税务总局禄劝县税务局"",""机构性质"":""中央国家行政机关省级以下直属机构"",""招考职位"":""一级行政执法员（二）"",""职位属性"":""普通职位"",""职位分布"":""西部地区和艰苦边远地区职位"",""职位简介"":""税收大数据分析"",""职位代码"":""300110055002"",""机构层级"":""县（区）级及以下"",""考试类别"":""行政执法类"",""招考人数"":""1"",""专业"":""数学类、统计学类、电子信息类、计算机类"",""学历"":""本科及以上"",""学位"":""与最高学历相对应的学位"",""政治面貌"":""不限"",""基层工作最低年限"":""无限制"",""服务基层项目工作经历"":""无限制"",""是否在面试阶段组织专业能力测试"":""否"",""面试人员比例"":""3:1"",""工作地点"":""云南省昆明市禄劝彝族苗族自治县"",""落户地点"":""云南省昆明市禄劝彝族苗族自治县"",""备注"":""2024届高校毕业生，男性，本单位不提供宿舍，在本单位最低服务年限为5年"",""部门网站"":""http://yunnan.chinatax.gov.cn/"",""咨询电话1"":""0871-63121915"",""咨询电话2"":"""",""咨询电话3"":"""",""来源Sheet"":""中央国家行政机关省级以下直属机构""}}"
"government_jobs","国家公务员2024招考简章","公务员/事业单位技术岗位","云南省昆明市寻甸回族彝族自治县","2026-07-28T09:12:58.310295+00:00","一级行政执法员（一）","国家税务总局云南省税务局","","云南省昆明市寻甸回族彝族自治县","公务员/事业单位;2024;computer_software;data_ai;electronics_communication;本科及以上;与最高学历相对应的学位;数学类、统计学类、电子信息类、计算机类;行政执法类","用人司局：国家税务总局寻甸县税务局
职位简介：税收大数据分析
专业要求：数学类、统计学类、电子信息类、计算机类
学历要求：本科及以上
学位要求：与最高学历相对应的学位
政治面貌：不限
基层工作经历：无限制
考试类别：行政执法类
备注：2024届高校毕业生，女性，本单位不提供宿舍，在本单位最低服务年限为5年","https://www.xuanhan.gov.cn/xxgk-show-77635.html#130130-300110060001","2023-10-15","{""dataset_year"":2024,""job_uid"":""GOV-2024-130130-300110060001"",""publisher"":""国家公务员局"",""publication_page"":""https://www.xuanhan.gov.cn/xxgk-show-77635.html"",""attachment_url"":""https://www.xuanhan.gov.cn/uploadfile/1/Attachment/638fdecf51.zip"",""local_source_file"":""中央机关及其直属机构2024年度考试录用公务员招考简章.xls"",""local_source_sha256"":""a1741b99dbecd6d03e533f99f2d69b0fa5a79733e551b80af69986ceed2ad996"",""source_sheet"":""中央国家行政机关省级以下直属机构"",""filter_version"":""government_tech_v2"",""tech_filter"":{""is_tech"":true,""is_core_tech"":true,""scope"":""core"",""categories"":[""computer_software"",""data_ai"",""electronics_communication""],""matched_fields"":[""major"",""description""],""major_terms"":[""电子信息类"",""计算机类""],""role_terms"":[""大数据"",""数据分析""],""reason"":""tech_major_and_role""},""original"":{""部门代码"":""130130"",""部门名称"":""国家税务总局云南省税务局"",""用人司局"":""国家税务总局寻甸县税务局"",""机构性质"":""中央国家行政机关省级以下直属机构"",""招考职位"":""一级行政执法员（一）"",""职位属性"":""普通职位"",""职位分布"":""西部地区和艰苦边远地区职位"",""职位简介"":""税收大数据分析"",""职位代码"":""300110060001"",""机构层级"":""县（区）级及以下"",""考试类别"":""行政执法类"",""招考人数"":""1"",""专业"":""数学类、统计学类、电子信息类、计算机类"",""学历"":""本科及以上"",""学位"":""与最高学历相对应的学位"",""政治面貌"":""不限"",""基层工作最低年限"":""无限制"",""服务基层项目工作经历"":""无限制"",""是否在面试阶段组织专业能力测试"":""否"",""面试人员比例"":""3:1"",""工作地点"":""云南省昆明市寻甸回族彝族自治县"",""落户地点"":""云南省昆明市寻甸回族彝族自治县"",""备注"":""2024届高校毕业生，女性，本单位不提供宿舍，在本单位最低服务年限为5年"",""部门网站"":""http://yunnan.chinatax.gov.cn/"",""咨询电话1"":""0871-63121915"",""咨询电话2"":"""",""咨询电话3"":"""",""来源Sheet"":""中央国家行政机关省级以下直属机构""}}"
"government_jobs","国家公务员2024招考简章","公务员/事业单位技术岗位","云南省昆明市寻甸回族彝族自治县","2026-07-28T09:12:58.310295+00:00","一级行政执法员（二）","国家税务总局云南省税务局","","云南省昆明市寻甸回族彝族自治县","公务员/事业单位;2024;computer_software;data_ai;electronics_communication;本科及以上;与最高学历相对应的学位;数学类、统计学类、电子信息类、计算机类;行政执法类","用人司局：国家税务总局寻甸县税务局
职位简介：税收大数据分析
专业要求：数学类、统计学类、电子信息类、计算机类
学历要求：本科及以上
学位要求：与最高学历相对应的学位
政治面貌：不限
基层工作经历：无限制
考试类别：行政执法类
备注：2024届高校毕业生，男性，本单位不提供宿舍，在本单位最低服务年限为5年","https://www.xuanhan.gov.cn/xxgk-show-77635.html#130130-300110060002","2023-10-15","{""dataset_year"":2024,""job_uid"":""GOV-2024-130130-300110060002"",""publisher"":""国家公务员局"",""publication_page"":""https://www.xuanhan.gov.cn/xxgk-show-77635.html"",""attachment_url"":""https://www.xuanhan.gov.cn/uploadfile/1/Attachment/638fdecf51.zip"",""local_source_file"":""中央机关及其直属机构2024年度考试录用公务员招考简章.xls"",""local_source_sha256"":""a1741b99dbecd6d03e533f99f2d69b0fa5a79733e551b80af69986ceed2ad996"",""source_sheet"":""中央国家行政机关省级以下直属机构"",""filter_version"":""government_tech_v2"",""tech_filter"":{""is_tech"":true,""is_core_tech"":true,""scope"":""core"",""categories"":[""computer_software"",""data_ai"",""electronics_communication""],""matched_fields"":[""major"",""description""],""major_terms"":[""电子信息类"",""计算机类""],""role_terms"":[""大数据"",""数据分析""],""reason"":""tech_major_and_role""},""original"":{""部门代码"":""130130"",""部门名称"":""国家税务总局云南省税务局"",""用人司局"":""国家税务总局寻甸县税务局"",""机构性质"":""中央国家行政机关省级以下直属机构"",""招考职位"":""一级行政执法员（二）"",""职位属性"":""普通职位"",""职位分布"":""西部地区和艰苦边远地区职位"",""职位简介"":""税收大数据分析"",""职位代码"":""300110060002"",""机构层级"":""县（区）级及以下"",""考试类别"":""行政执法类"",""招考人数"":""1"",""专业"":""数学类、统计学类、电子信息类、计算机类"",""学历"":""本科及以上"",""学位"":""与最高学历相对应的学位"",""政治面貌"":""不限"",""基层工作最低年限"":""无限制"",""服务基层项目工作经历"":""无限制"",""是否在面试阶段组织专业能力测试"":""否"",""面试人员比例"":""3:1"",""工作地点"":""云南省昆明市寻甸回族彝族自治县"",""落户地点"":""云南省昆明市寻甸回族彝族自治县"",""备注"":""2024届高校毕业生，男性，本单位不提供宿舍，在本单位最低服务年限为5年"",""部门网站"":""http://yunnan.chinatax.gov.cn/"",""咨询电话1"":""0871-63121915"",""咨询电话2"":"""",""咨询电话3"":"""",""来源Sheet"":""中央国家行政机关省级以下直属机构""}}"
"government_jobs","国家公务员2024招考简章","公务员/事业单位技术岗位","云南省昭通市昭阳区","2026-07-28T09:12:58.310295+00:00","一级行政执法员（六）","国家税务总局云南省税务局","","云南省昭通市昭阳区","公务员/事业单位;2024;computer_software;data_ai;本科及以上;与最高学历相对应的学位;数学类、统计学类、计算机类;行政执法类","用人司局：国家税务总局昭通市昭阳区税务局
职位简介：税收大数据分析
专业要求：数学类、统计学类、计算机类
学历要求：本科及以上
学位要求：与最高学历相对应的学位
政治面貌：不限
基层工作经历：无限制
考试类别：行政执法类
备注：2024届高校毕业生，女性，本单位不提供宿舍，在本单位最低服务年限为5年","https://www.xuanhan.gov.cn/xxgk-show-77635.html#130130-300110065006","2023-10-15","{""dataset_year"":2024,""job_uid"":""GOV-2024-130130-300110065006"",""publisher"":""国家公务员局"",""publication_page"":""https://www.xuanhan.gov.cn/xxgk-show-77635.html"",""attachment_url"":""https://www.xuanhan.gov.cn/uploadfile/1/Attachment/638fdecf51.zip"",""local_source_file"":""中央机关及其直属机构2024年度考试录用公务员招考简章.xls"",""local_source_sha256"":""a1741b99dbecd6d03e533f99f2d69b0fa5a79733e551b80af69986ceed2ad996"",""source_sheet"":""中央国家行政机关省级以下直属机构"",""filter_version"":""government_tech_v2"",""tech_filter"":{""is_tech"":true,""is_core_tech"":true,""scope"":""core"",""categories"":[""computer_software"",""data_ai""],""matched_fields"":[""major"",""description""],""major_terms"":[""计算机类""],""role_terms"":[""大数据"",""数据分析""],""reason"":""tech_major_and_role""},""original"":{""部门代码"":""130130"",""部门名称"":""国家税务总局云南省税务局"",""用人司局"":""国家税务总局昭通市昭阳区税务局"",""机构性质"":""中央国家行政机关省级以下直属机构"",""招考职位"":""一级行政执法员（六）"",""职位属性"":""普通职位"",""职位分布"":""西部地区和艰苦边远地区职位"",""职位简介"":""税收大数据分析"",""职位代码"":""300110065006"",""机构层级"":""县（区）级及以下"",""考试类别"":""行政执法类"",""招考人数"":""1"",""专业"":""数学类、统计学类、计算机类"",""学历"":""本科及以上"",""学位"":""与最高学历相对应的学位"",""政治面貌"":""不限"",""基层工作最低年限"":""无限制"",""服务基层项目工作经历"":""无限制"",""是否在面试阶段组织专业能力测试"":""否"",""面试人员比例"":""3:1"",""工作地点"":""云南省昭通市昭阳区"",""落户地点"":""云南省昭通市昭阳区"",""备注"":""2024届高校毕业生，女性，本单位不提供宿舍，在本单位最低服务年限为5年"",""部门网站"":""http://yunnan.chinatax.gov.cn/"",""咨询电话1"":""0871-63121915"",""咨询电话2"":"""",""咨询电话3"":"""",""来源Sheet"":""中央国家行政机关省级以下直属机构""}}"
"government_jobs","国家公务员2024招考简章","公务员/事业单位技术岗位","云南省昭通市昭阳区","2026-07-28T09:12:58.310295+00:00","一级行政执法员（七）","国家税务总局云南省税务局","","云南省昭通市昭阳区","公务员/事业单位;2024;computer_software;data_ai;本科及以上;与最高学历相对应的学位;数学类、统计学类、计算机类;行政执法类","用人司局：国家税务总局昭通市昭阳区税务局
职位简介：税收大数据分析
专业要求：数学类、统计学类、计算机类
学历要求：本科及以上
学位要求：与最高学历相对应的学位
政治面貌：不限
基层工作经历：无限制
考试类别：行政执法类
备注：2024届高校毕业生，男性，本单位不提供宿舍，在本单位最低服务年限为5年","https://www.xuanhan.gov.cn/xxgk-show-77635.html#130130-300110065007","2023-10-15","{""dataset_year"":2024,""job_uid"":""GOV-2024-130130-300110065007"",""publisher"":""国家公务员局"",""publication_page"":""https://www.xuanhan.gov.cn/xxgk-show-77635.html"",""attachment_url"":""https://www.xuanhan.gov.cn/uploadfile/1/Attachment/638fdecf51.zip"",""local_source_file"":""中央机关及其直属机构2024年度考试录用公务员招考简章.xls"",""local_source_sha256"":""a1741b99dbecd6d03e533f99f2d69b0fa5a79733e551b80af69986ceed2ad996"",""source_sheet"":""中央国家行政机关省级以下直属机构"",""filter_version"":""government_tech_v2"",""tech_filter"":{""is_tech"":true,""is_core_tech"":true,""scope"":""core"",""categories"":[""computer_software"",""data_ai""],""matched_fields"":[""major"",""description""],""major_terms"":[""计算机类""],""role_terms"":[""大数据"",""数据分析""],""reason"":""tech_major_and_role""},""original"":{""部门代码"":""130130"",""部门名称"":""国家税务总局云南省税务局"",""用人司局"":""国家税务总局昭通市昭阳区税务局"",""机构性质"":""中央国家行政机关省级以下直属机构"",""招考职位"":""一级行政执法员（七）"",""职位属性"":""普通职位"",""职位分布"":""西部地区和艰苦边远地区职位"",""职位简介"":""税收大数据分析"",""职位代码"":""300110065007"",""机构层级"":""县（区）级及以下"",""考试类别"":""行政执法类"",""招考人数"":""1"",""专业"":""数学类、统计学类、计算机类"",""学历"":""本科及以上"",""学位"":""与最高学历相对应的学位"",""政治面貌"":""不限"",""基层工作最低年限"":""无限制"",""服务基层项目工作经历"":""无限制"",""是否在面试阶段组织专业能力测试"":""否"",""面试人员比例"":""3:1"",""工作地点"":""云南省昭通市昭阳区"",""落户地点"":""云南省昭通市昭阳区"",""备注"":""2024届高校毕业生，男性，本单位不提供宿舍，在本单位最低服务年限为5年"",""部门网站"":""http://yunnan.chinatax.gov.cn/"",""咨询电话1"":""0871-63121915"",""咨询电话2"":"""",""咨询电话3"":"""",""来源Sheet"":""中央国家行政机关省级以下直属机构""}}"
"government_jobs","国家公务员2024招考简章","公务员/事业单位技术岗位","云南省昭通市巧家县","2026-07-28T09:12:58.310295+00:00","一级行政执法员（二）","国家税务总局云南省税务局","","云南省昭通市巧家县","公务员/事业单位;2024;computer_software;data_ai;本科及以上;与最高学历相对应的学位;金融学类、数学类、统计学类、计算机类;行政执法类","用人司局：国家税务总局巧家县税务局
职位简介：税收大数据分析
专业要求：金融学类、数学类、统计学类、计算机类
学历要求：本科及以上
学位要求：与最高学历相对应的学位
政治面貌：不限
基层工作经历：无限制
考试类别：行政执法类
备注：2024届高校毕业生，女性，本单位不提供宿舍，在本单位最低服务年限为5年","https://www.xuanhan.gov.cn/xxgk-show-77635.html#130130-300110075002","2023-10-15","{""dataset_year"":2024,""job_uid"":""GOV-2024-130130-300110075002"",""publisher"":""国家公务员局"",""publication_page"":""https://www.xuanhan.gov.cn/xxgk-show-77635.html"",""attachment_url"":""https://www.xuanhan.gov.cn/uploadfile/1/Attachment/638fdecf51.zip"",""local_source_file"":""中央机关及其直属机构2024年度考试录用公务员招考简章.xls"",""local_source_sha256"":""a1741b99dbecd6d03e533f99f2d69b0fa5a79733e551b80af69986ceed2ad996"",""source_sheet"":""中央国家行政机关省级以下直属机构"",""filter_version"":""government_tech_v2"",""tech_filter"":{""is_tech"":true,""is_core_tech"":true,""scope"":""core"",""categories"":[""computer_software"",""data_ai""],""matched_fields"":[""major"",""description""],""major_terms"":[""计算机类""],""role_terms"":[""大数据"",""数据分析""],""reason"":""tech_major_and_role""},""original"":{""部门代码"":""130130"",""部门名称"":""国家税务总局云南省税务局"",""用人司局"":""国家税务总局巧家县税务局"",""机构性质"":""中央国家行政机关省级以下直属机构"",""招考职位"":""一级行政执法员（二）"",""职位属性"":""普通职位"",""职位分布"":""西部地区和艰苦边远地区职位"",""职位简介"":""税收大数据分析"",""职位代码"":""300110075002"",""机构层级"":""县（区）级及以下"",""考试类别"":""行政执法类"",""招考人数"":""2"",""专业"":""金融学类、数学类、统计学类、计算机类"",""学历"":""本科及以上"",""学位"":""与最高学历相对应的学位"",""政治面貌"":""不限"",""基层工作最低年限"":""无限制"",""服务基层项目工作经历"":""无限制"",""是否在面试阶段组织专业能力测试"":""否"",""面试人员比例"":""3:1"",""工作地点"":""云南省昭通市巧家县"",""落户地点"":""云南省昭通市巧家县"",""备注"":""2024届高校毕业生，女性，本单位不提供宿舍，在本单位最低服务年限为5年"",""部门网站"":""http://yunnan.chinatax.gov.cn/"",""咨询电话1"":""0871-63121915"",""咨询电话2"":"""",""咨询电话3"":"""",""来源Sheet"":""中央国家行政机关省级以下直属机构""}}"
"government_jobs","国家公务员2024招考简章","公务员/事业单位技术岗位","云南省昭通市巧家县","2026-07-28T09:12:58.310295+00:00","一级行政执法员（三）","国家税务总局云南省税务局","","云南省昭通市巧家县","公务员/事业单位;2024;computer_software;data_ai;本科及以上;与最高学历相对应的学位;金融学类、数学类、统计学类、计算机类;行政执法类","用人司局：国家税务总局巧家县税务局
职位简介：税收大数据分析
专业要求：金融学类、数学类、统计学类、计算机类
学历要求：本科及以上
学位要求：与最高学历相对应的学位
政治面貌：不限
基层工作经历：无限制
考试类别：行政执法类
备注：2024届高校毕业生，男性，本单位不提供宿舍，在本单位最低服务年限为5年","https://www.xuanhan.gov.cn/xxgk-show-77635.html#130130-300110075003","2023-10-15","{""dataset_year"":2024,""job_uid"":""GOV-2024-130130-300110075003"",""publisher"":""国家公务员局"",""publication_page"":""https://www.xuanhan.gov.cn/xxgk-show-77635.html"",""attachment_url"":""https://www.xuanhan.gov.cn/uploadfile/1/Attachment/638fdecf51.zip"",""local_source_file"":""中央机关及其直属机构2024年度考试录用公务员招考简章.xls"",""local_source_sha256"":""a1741b99dbecd6d03e533f99f2d69b0fa5a79733e551b80af69986ceed2ad996"",""source_sheet"":""中央国家行政机关省级以下直属机构"",""filter_version"":""government_tech_v2"",""tech_filter"":{""is_tech"":true,""is_core_tech"":true,""scope"":""core"",""categories"":[""computer_software"",""data_ai""],""matched_fields"":[""major"",""description""],""major_terms"":[""计算机类""],""role_terms"":[""大数据"",""数据分析""],""reason"":""tech_major_and_role""},""original"":{""部门代码"":""130130"",""部门名称"":""国家税务总局云南省税务局"",""用人司局"":""国家税务总局巧家县税务局"",""机构性质"":""中央国家行政机关省级以下直属机构"",""招考职位"":""一级行政执法员（三）"",""职位属性"":""普通职位"",""职位分布"":""西部地区和艰苦边远地区职位"",""职位简介"":""税收大数据分析"",""职位代码"":""300110075003"",""机构层级"":""县（区）级及以下"",""考试类别"":""行政执法类"",""招考人数"":""2"",""专业"":""金融学类、数学类、统计学类、计算机类"",""学历"":""本科及以上"",""学位"":""与最高学历相对应的学位"",""政治面貌"":""不限"",""基层工作最低年限"":""无限制"",""服务基层项目工作经历"":""无限制"",""是否在面试阶段组织专业能力测试"":""否"",""面试人员比例"":""3:1"",""工作地点"":""云南省昭通市巧家县"",""落户地点"":""云南省昭通市巧家县"",""备注"":""2024届高校毕业生，男性，本单位不提供宿舍，在本单位最低服务年限为5年"",""部门网站"":""http://yunnan.chinatax.gov.cn/"",""咨询电话1"":""0871-63121915"",""咨询电话2"":"""",""咨询电话3"":"""",""来源Sheet"":""中央国家行政机关省级以下直属机构""}}"
"government_jobs","国家公务员2024招考简章","公务员/事业单位技术岗位","云南省昭通市彝良县","2026-07-28T09:12:58.310295+00:00","一级行政执法员（四）","国家税务总局云南省税务局","","云南省昭通市彝良县","公务员/事业单位;2024;computer_software;data_ai;本科及以上;与最高学历相对应的学位;数学类、统计学类、计算机类;行政执法类","用人司局：国家税务总局彝良县税务局
职位简介：税收大数据分析
专业要求：数学类、统计学类、计算机类
学历要求：本科及以上
学位要求：与最高学历相对应的学位
政治面貌：不限
基层工作经历：无限制
考试类别：行政执法类
备注：2024届高校毕业生，女性，本单位不提供宿舍，在本单位最低服务年限为5年","https://www.xuanhan.gov.cn/xxgk-show-77635.html#130130-300110090004","2023-10-15","{""dataset_year"":2024,""job_uid"":""GOV-2024-130130-300110090004"",""publisher"":""国家公务员局"",""publication_page"":""https://www.xuanhan.gov.cn/xxgk-show-77635.html"",""attachment_url"":""https://www.xuanhan.gov.cn/uploadfile/1/Attachment/638fdecf51.zip"",""local_source_file"":""中央机关及其直属机构2024年度考试录用公务员招考简章.xls"",""local_source_sha256"":""a1741b99dbecd6d03e533f99f2d69b0fa5a79733e551b80af69986ceed2ad996"",""source_sheet"":""中央国家行政机关省级以下直属机构"",""filter_version"":""government_tech_v2"",""tech_filter"":{""is_tech"":true,""is_core_tech"":true,""scope"":""core"",""categories"":[""computer_software"",""data_ai""],""matched_fields"":[""major"",""description""],""major_terms"":[""计算机类""],""role_terms"":[""大数据"",""数据分析""],""reason"":""tech_major_and_role""},""original"":{""部门代码"":""130130"",""部门名称"":""国家税务总局云南省税务局"",""用人司局"":""国家税务总局彝良县税务局"",""机构性质"":""中央国家行政机关省级以下直属机构"",""招考职位"":""一级行政执法员（四）"",""职位属性"":""普通职位"",""职位分布"":""西部地区和艰苦边远地区职位"",""职位简介"":""税收大数据分析"",""职位代码"":""300110090004"",""机构层级"":""县（区）级及以下"",""考试类别"":""行政执法类"",""招考人数"":""1"",""专业"":""数学类、统计学类、计算机类"",""学历"":""本科及以上"",""学位"":""与最高学历相对应的学位"",""政治面貌"":""不限"",""基层工作最低年限"":""无限制"",""服务基层项目工作经历"":""无限制"",""是否在面试阶段组织专业能力测试"":""否"",""面试人员比例"":""3:1"",""工作地点"":""云南省昭通市彝良县"",""落户地点"":""云南省昭通市彝良县"",""备注"":""2024届高校毕业生，女性，本单位不提供宿舍，在本单位最低服务年限为5年"",""部门网站"":""http://yunnan.chinatax.gov.cn/"",""咨询电话1"":""0871-63121915"",""咨询电话2"":"""",""咨询电话3"":"""",""来源Sheet"":""中央国家行政机关省级以下直属机构""}}"
"government_jobs","国家公务员2024招考简章","公务员/事业单位技术岗位","云南省昭通市彝良县","2026-07-28T09:12:58.310295+00:00","一级行政执法员（五）","国家税务总局云南省税务局","","云南省昭通市彝良县","公务员/事业单位;2024;computer_software;data_ai;本科及以上;与最高学历相对应的学位;数学类、统计学类、计算机类;行政执法类","用人司局：国家税务总局彝良县税务局
职位简介：税收大数据分析
专业要求：数学类、统计学类、计算机类
学历要求：本科及以上
学位要求：与最高学历相对应的学位
政治面貌：不限
基层工作经历：无限制
考试类别：行政执法类
备注：2024届高校毕业生，男性，本单位不提供宿舍，在本单位最低服务年限为5年","https://www.xuanhan.gov.cn/xxgk-show-77635.html#130130-300110090005","2023-10-15","{""dataset_year"":2024,""job_uid"":""GOV-2024-130130-300110090005"",""publisher"":""国家公务员局"",""publication_page"":""https://www.xuanhan.gov.cn/xxgk-show-77635.html"",""attachment_url"":""https://www.xuanhan.gov.cn/uploadfile/1/Attachment/638fdecf51.zip"",""local_source_file"":""中央机关及其直属机构2024年度考试录用公务员招考简章.xls"",""local_source_sha256"":""a1741b99dbecd6d03e533f99f2d69b0fa5a79733e551b80af69986ceed2ad996"",""source_sheet"":""中央国家行政机关省级以下直属机构"",""filter_version"":""government_tech_v2"",""tech_filter"":{""is_tech"":true,""is_core_tech"":true,""scope"":""core"",""categories"":[""computer_software"",""data_ai""],""matched_fields"":[""major"",""description""],""major_terms"":[""计算机类""],""role_terms"":[""大数据"",""数据分析""],""reason"":""tech_major_and_role""},""original"":{""部门代码"":""130130"",""部门名称"":""国家税务总局云南省税务局"",""用人司局"":""国家税务总局彝良县税务局"",""机构性质"":""中央国家行政机关省级以下直属机构"",""招考职位"":""一级行政执法员（五）"",""职位属性"":""普通职位"",""职位分布"":""西部地区和艰苦边远地区职位"",""职位简介"":""税收大数据分析"",""职位代码"":""300110090005"",""机构层级"":""县（区）级及以下"",""考试类别"":""行政执法类"",""招考人数"":""1"",""专业"":""数学类、统计学类、计算机类"",""学历"":""本科及以上"",""学位"":""与最高学历相对应的学位"",""政治面貌"":""不限"",""基层工作最低年限"":""无限制"",""服务基层项目工作经历"":""无限制"",""是否在面试阶段组织专业能力测试"":""否"",""面试人员比例"":""3:1"",""工作地点"":""云南省昭通市彝良县"",""落户地点"":""云南省昭通市彝良县"",""备注"":""2024届高校毕业生，男性，本单位不提供宿舍，在本单位最低服务年限为5年"",""部门网站"":""http://yunnan.chinatax.gov.cn/"",""咨询电话1"":""0871-63121915"",""咨询电话2"":"""",""咨询电话3"":"""",""来源Sheet"":""中央国家行政机关省级以下直属机构""}}"
"government_jobs","国家公务员2024招考简章","公务员/事业单位技术岗位","云南省昭通市威信县","2026-07-28T09:12:58.310295+00:00","一级行政执法员（三）","国家税务总局云南省税务局","","云南省昭通市威信县","公务员/事业单位;2024;computer_software;data_ai;本科及以上;与最高学历相对应的学位;数学类、统计学类、计算机类;行政执法类","用人司局：国家税务总局威信县税务局
职位简介：税收大数据分析
专业要求：数学类、统计学类、计算机类
学历要求：本科及以上
学位要求：与最高学历相对应的学位
政治面貌：不限
基层工作经历：无限制
考试类别：行政执法类
备注：2024届高校毕业生，女性，本单位不提供宿舍，在本单位最低服务年限为5年","https://www.xuanhan.gov.cn/xxgk-show-77635.html#130130-300110092003","2023-10-15","{""dataset_year"":2024,""job_uid"":""GOV-2024-130130-300110092003"",""publisher"":""国家公务员局"",""publication_page"":""https://www.xuanhan.gov.cn/xxgk-show-77635.html"",""attachment_url"":""https://www.xuanhan.gov.cn/uploadfile/1/Attachment/638fdecf51.zip"",""local_source_file"":""中央机关及其直属机构2024年度考试录用公务员招考简章.xls"",""local_source_sha256"":""a1741b99dbecd6d03e533f99f2d69b0fa5a79733e551b80af69986ceed2ad996"",""source_sheet"":""中央国家行政机关省级以下直属机构"",""filter_version"":""government_tech_v2"",""tech_filter"":{""is_tech"":true,""is_core_tech"":true,""scope"":""core"",""categories"":[""computer_software"",""data_ai""],""matched_fields"":[""major"",""description""],""major_terms"":[""计算机类""],""role_terms"":[""大数据"",""数据分析""],""reason"":""tech_major_and_role""},""original"":{""部门代码"":""130130"",""部门名称"":""国家税务总局云南省税务局"",""用人司局"":""国家税务总局威信县税务局"",""机构性质"":""中央国家行政机关省级以下直属机构"",""招考职位"":""一级行政执法员（三）"",""职位属性"":""普通职位"",""职位分布"":""西部地区和艰苦边远地区职位"",""职位简介"":""税收大数据分析"",""职位代码"":""300110092003"",""机构层级"":""县（区）级及以下"",""考试类别"":""行政执法类"",""招考人数"":""1"",""专业"":""数学类、统计学类、计算机类"",""学历"":""本科及以上"",""学位"":""与最高学历相对应的学位"",""政治面貌"":""不限"",""基层工作最低年限"":""无限制"",""服务基层项目工作经历"":""无限制"",""是否在面试阶段组织专业能力测试"":""否"",""面试人员比例"":""3:1"",""工作地点"":""云南省昭通市威信县"",""落户地点"":""云南省昭通市威信县"",""备注"":""2024届高校毕业生，女性，本单位不提供宿舍，在本单位最低服务年限为5年"",""部门网站"":""http://yunnan.chinatax.gov.cn/"",""咨询电话1"":""0871-63121915"",""咨询电话2"":"""",""咨询电话3"":"""",""来源Sheet"":""中央国家行政机关省级以下直属机构""}}"
"government_jobs","国家公务员2024招考简章","公务员/事业单位技术岗位","云南省昭通市威信县","2026-07-28T09:12:58.310295+00:00","一级行政执法员（四）","国家税务总局云南省税务局","","云南省昭通市威信县","公务员/事业单位;2024;computer_software;data_ai;本科及以上;与最高学历相对应的学位;数学类、统计学类、计算机类;行政执法类","用人司局：国家税务总局威信县税务局
职位简介：税收大数据分析
专业要求：数学类、统计学类、计算机类
学历要求：本科及以上
学位要求：与最高学历相对应的学位
政治面貌：不限
基层工作经历：无限制
考试类别：行政执法类
备注：2024届高校毕业生，男性，本单位不提供宿舍，在本单位最低服务年限为5年","https://www.xuanhan.gov.cn/xxgk-show-77635.html#130130-300110092004","2023-10-15","{""dataset_year"":2024,""job_uid"":""GOV-2024-130130-300110092004"",""publisher"":""国家公务员局"",""publication_page"":""https://www.xuanhan.gov.cn/xxgk-show-77635.html"",""attachment_url"":""https://www.xuanhan.gov.cn/uploadfile/1/Attachment/638fdecf51.zip"",""local_source_file"":""中央机关及其直属机构2024年度考试录用公务员招考简章.xls"",""local_source_sha256"":""a1741b99dbecd6d03e533f99f2d69b0fa5a79733e551b80af69986ceed2ad996"",""source_sheet"":""中央国家行政机关省级以下直属机构"",""filter_version"":""government_tech_v2"",""tech_filter"":{""is_tech"":true,""is_core_tech"":true,""scope"":""core"",""categories"":[""computer_software"",""data_ai""],""matched_fields"":[""major"",""description""],""major_terms"":[""计算机类""],""role_terms"":[""大数据"",""数据分析""],""reason"":""tech_major_and_role""},""original"":{""部门代码"":""130130"",""部门名称"":""国家税务总局云南省税务局"",""用人司局"":""国家税务总局威信县税务局"",""机构性质"":""中央国家行政机关省级以下直属机构"",""招考职位"":""一级行政执法员（四）"",""职位属性"":""普通职位"",""职位分布"":""西部地区和艰苦边远地区职位"",""职位简介"":""税收大数据分析"",""职位代码"":""300110092004"",""机构层级"":""县（区）级及以下"",""考试类别"":""行政执法类"",""招考人数"":""1"",""专业"":""数学类、统计学类、计算机类"",""学历"":""本科及以上"",""学位"":""与最高学历相对应的学位"",""政治面貌"":""不限"",""基层工作最低年限"":""无限制"",""服务基层项目工作经历"":""无限制"",""是否在面试阶段组织专业能力测试"":""否"",""面试人员比例"":""3:1"",""工作地点"":""云南省昭通市威信县"",""落户地点"":""云南省昭通市威信县"",""备注"":""2024届高校毕业生，男性，本单位不提供宿舍，在本单位最低服务年限为5年"",""部门网站"":""http://yunnan.chinatax.gov.cn/"",""咨询电话1"":""0871-63121915"",""咨询电话2"":"""",""咨询电话3"":"""",""来源Sheet"":""中央国家行政机关省级以下直属机构""}}"
"government_jobs","国家公务员2024招考简章","公务员/事业单位技术岗位","云南省昭通市永善县","2026-07-28T09:12:58.310295+00:00","一级行政执法员（四）","国家税务总局云南省税务局","","云南省昭通市永善县","公务员/事业单位;2024;computer_software;data_ai;本科及以上;与最高学历相对应的学位;数学类、统计学类、计算机类;行政执法类","用人司局：国家税务总局永善县税务局
职位简介：税收大数据分析
专业要求：数学类、统计学类、计算机类
学历要求：本科及以上
学位要求：与最高学历相对应的学位
政治面貌：不限
基层工作经历：无限制
考试类别：行政执法类
备注：2024届高校毕业生，女性，本单位不提供宿舍，在本单位最低服务年限为5年","https://www.xuanhan.gov.cn/xxgk-show-77635.html#130130-300110100004","2023-10-15","{""dataset_year"":2024,""job_uid"":""GOV-2024-130130-300110100004"",""publisher"":""国家公务员局"",""publication_page"":""https://www.xuanhan.gov.cn/xxgk-show-77635.html"",""attachment_url"":""https://www.xuanhan.gov.cn/uploadfile/1/Attachment/638fdecf51.zip"",""local_source_file"":""中央机关及其直属机构2024年度考试录用公务员招考简章.xls"",""local_source_sha256"":""a1741b99dbecd6d03e533f99f2d69b0fa5a79733e551b80af69986ceed2ad996"",""source_sheet"":""中央国家行政机关省级以下直属机构"",""filter_version"":""government_tech_v2"",""tech_filter"":{""is_tech"":true,""is_core_tech"":true,""scope"":""core"",""categories"":[""computer_software"",""data_ai""],""matched_fields"":[""major"",""description""],""major_terms"":[""计算机类""],""role_terms"":[""大数据"",""数据分析""],""reason"":""tech_major_and_role""},""original"":{""部门代码"":""130130"",""部门名称"":""国家税务总局云南省税务局"",""用人司局"":""国家税务总局永善县税务局"",""机构性质"":""中央国家行政机关省级以下直属机构"",""招考职位"":""一级行政执法员（四）"",""职位属性"":""普通职位"",""职位分布"":""西部地区和艰苦边远地区职位"",""职位简介"":""税收大数据分析"",""职位代码"":""300110100004"",""机构层级"":""县（区）级及以下"",""考试类别"":""行政执法类"",""招考人数"":""2"",""专业"":""数学类、统计学类、计算机类"",""学历"":""本科及以上"",""学位"":""与最高学历相对应的学位"",""政治面貌"":""不限"",""基层工作最低年限"":""无限制"",""服务基层项目工作经历"":""无限制"",""是否在面试阶段组织专业能力测试"":""否"",""面试人员比例"":""3:1"",""工作地点"":""云南省昭通市永善县"",""落户地点"":""云南省昭通市永善县"",""备注"":""2024届高校毕业生，女性，本单位不提供宿舍，在本单位最低服务年限为5年"",""部门网站"":""http://yunnan.chinatax.gov.cn/"",""咨询电话1"":""0871-63121915"",""咨询电话2"":"""",""咨询电话3"":"""",""来源Sheet"":""中央国家行政机关省级以下直属机构""}}"
"government_jobs","国家公务员2024招考简章","公务员/事业单位技术岗位","云南省昭通市永善县","2026-07-28T09:12:58.310295+00:00","一级行政执法员（五）","国家税务总局云南省税务局","","云南省昭通市永善县","公务员/事业单位;2024;computer_software;data_ai;本科及以上;与最高学历相对应的学位;数学类、统计学类、计算机类;行政执法类","用人司局：国家税务总局永善县税务局
职位简介：税收大数据分析
专业要求：数学类、统计学类、计算机类
学历要求：本科及以上
学位要求：与最高学历相对应的学位
政治面貌：不限
基层工作经历：无限制
考试类别：行政执法类
备注：2024届高校毕业生，男性，本单位不提供宿舍，在本单位最低服务年限为5年","https://www.xuanhan.gov.cn/xxgk-show-77635.html#130130-300110100005","2023-10-15","{""dataset_year"":2024,""job_uid"":""GOV-2024-130130-300110100005"",""publisher"":""国家公务员局"",""publication_page"":""https://www.xuanhan.gov.cn/xxgk-show-77635.html"",""attachment_url"":""https://www.xuanhan.gov.cn/uploadfile/1/Attachment/638fdecf51.zip"",""local_source_file"":""中央机关及其直属机构2024年度考试录用公务员招考简章.xls"",""local_source_sha256"":""a1741b99dbecd6d03e533f99f2d69b0fa5a79733e551b80af69986ceed2ad996"",""source_sheet"":""中央国家行政机关省级以下直属机构"",""filter_version"":""government_tech_v2"",""tech_filter"":{""is_tech"":true,""is_core_tech"":true,""scope"":""core"",""categories"":[""computer_software"",""data_ai""],""matched_fields"":[""major"",""description""],""major_terms"":[""计算机类""],""role_terms"":[""大数据"",""数据分析""],""reason"":""tech_major_and_role""},""original"":{""部门代码"":""130130"",""部门名称"":""国家税务总局云南省税务局"",""用人司局"":""国家税务总局永善县税务局"",""机构性质"":""中央国家行政机关省级以下直属机构"",""招考职位"":""一级行政执法员（五）"",""职位属性"":""普通职位"",""职位分布"":""西部地区和艰苦边远地区职位"",""职位简介"":""税收大数据分析"",""职位代码"":""300110100005"",""机构层级"":""县（区）级及以下"",""考试类别"":""行政执法类"",""招考人数"":""2"",""专业"":""数学类、统计学类、计算机类"",""学历"":""本科及以上"",""学位"":""与最高学历相对应的学位"",""政治面貌"":""不限"",""基层工作最低年限"":""无限制"",""服务基层项目工作经历"":""无限制"",""是否在面试阶段组织专业能力测试"":""否"",""面试人员比例"":""3:1"",""工作地点"":""云南省昭通市永善县"",""落户地点"":""云南省昭通市永善县"",""备注"":""2024届高校毕业生，男性，本单位不提供宿舍，在本单位最低服务年限为5年"",""部门网站"":""http://yunnan.chinatax.gov.cn/"",""咨询电话1"":""0871-63121915"",""咨询电话2"":"""",""咨询电话3"":"""",""来源Sheet"":""中央国家行政机关省级以下直属机构""}}"
"government_jobs","国家公务员2024招考简章","公务员/事业单位技术岗位","云南省昭通市绥江县","2026-07-28T09:12:58.310295+00:00","一级行政执法员（一）","国家税务总局云南省税务局","","云南省昭通市绥江县","公务员/事业单位;2024;computer_software;data_ai;本科及以上;与最高学历相对应的学位;数学类、统计学类、计算机类;行政执法类","用人司局：国家税务总局绥江县税务局
职位简介：税收大数据分析
专业要求：数学类、统计学类、计算机类
学历要求：本科及以上
学位要求：与最高学历相对应的学位
政治面貌：不限
基层工作经历：无限制
考试类别：行政执法类
备注：2024届高校毕业生，女性，本单位不提供宿舍，在本单位最低服务年限为5年","https://www.xuanhan.gov.cn/xxgk-show-77635.html#130130-300110105001","2023-10-15","{""dataset_year"":2024,""job_uid"":""GOV-2024-130130-300110105001"",""publisher"":""国家公务员局"",""publication_page"":""https://www.xuanhan.gov.cn/xxgk-show-77635.html"",""attachment_url"":""https://www.xuanhan.gov.cn/uploadfile/1/Attachment/638fdecf51.zip"",""local_source_file"":""中央机关及其直属机构2024年度考试录用公务员招考简章.xls"",""local_source_sha256"":""a1741b99dbecd6d03e533f99f2d69b0fa5a79733e551b80af69986ceed2ad996"",""source_sheet"":""中央国家行政机关省级以下直属机构"",""filter_version"":""government_tech_v2"",""tech_filter"":{""is_tech"":true,""is_core_tech"":true,""scope"":""core"",""categories"":[""computer_software"",""data_ai""],""matched_fields"":[""major"",""description""],""major_terms"":[""计算机类""],""role_terms"":[""大数据"",""数据分析""],""reason"":""tech_major_and_role""},""original"":{""部门代码"":""130130"",""部门名称"":""国家税务总局云南省税务局"",""用人司局"":""国家税务总局绥江县税务局"",""机构性质"":""中央国家行政机关省级以下直属机构"",""招考职位"":""一级行政执法员（一）"",""职位属性"":""普通职位"",""职位分布"":""西部地区和艰苦边远地区职位"",""职位简介"":""税收大数据分析"",""职位代码"":""300110105001"",""机构层级"":""县（区）级及以下"",""考试类别"":""行政执法类"",""招考人数"":""1"",""专业"":""数学类、统计学类、计算机类"",""学历"":""本科及以上"",""学位"":""与最高学历相对应的学位"",""政治面貌"":""不限"",""基层工作最低年限"":""无限制"",""服务基层项目工作经历"":""无限制"",""是否在面试阶段组织专业能力测试"":""否"",""面试人员比例"":""3:1"",""工作地点"":""云南省昭通市绥江县"",""落户地点"":""云南省昭通市绥江县"",""备注"":""2024届高校毕业生，女性，本单位不提供宿舍，在本单位最低服务年限为5年"",""部门网站"":""http://yunnan.chinatax.gov.cn/"",""咨询电话1"":""0871-63121915"",""咨询电话2"":"""",""咨询电话3"":"""",""来源Sheet"":""中央国家行政机关省级以下直属机构""}}"
"government_jobs","国家公务员2024招考简章","公务员/事业单位技术岗位","云南省昭通市绥江县","2026-07-28T09:12:58.310295+00:00","一级行政执法员（二）","国家税务总局云南省税务局","","云南省昭通市绥江县","公务员/事业单位;2024;computer_software;data_ai;本科及以上;与最高学历相对应的学位;数学类、统计学类、计算机类;行政执法类","用人司局：国家税务总局绥江县税务局
职位简介：税收大数据分析
专业要求：数学类、统计学类、计算机类
学历要求：本科及以上
学位要求：与最高学历相对应的学位
政治面貌：不限
基层工作经历：无限制
考试类别：行政执法类
备注：2024届高校毕业生，男性，本单位不提供宿舍，在本单位最低服务年限为5年","https://www.xuanhan.gov.cn/xxgk-show-77635.html#130130-300110105002","2023-10-15","{""dataset_year"":2024,""job_uid"":""GOV-2024-130130-300110105002"",""publisher"":""国家公务员局"",""publication_page"":""https://www.xuanhan.gov.cn/xxgk-show-77635.html"",""attachment_url"":""https://www.xuanhan.gov.cn/uploadfile/1/Attachment/638fdecf51.zip"",""local_source_file"":""中央机关及其直属机构2024年度考试录用公务员招考简章.xls"",""local_source_sha256"":""a1741b99dbecd6d03e533f99f2d69b0fa5a79733e551b80af69986ceed2ad996"",""source_sheet"":""中央国家行政机关省级以下直属机构"",""filter_version"":""government_tech_v2"",""tech_filter"":{""is_tech"":true,""is_core_tech"":true,""scope"":""core"",""categories"":[""computer_software"",""data_ai""],""matched_fields"":[""major"",""description""],""major_terms"":[""计算机类""],""role_terms"":[""大数据"",""数据分析""],""reason"":""tech_major_and_role""},""original"":{""部门代码"":""130130"",""部门名称"":""国家税务总局云南省税务局"",""用人司局"":""国家税务总局绥江县税务局"",""机构性质"":""中央国家行政机关省级以下直属机构"",""招考职位"":""一级行政执法员（二）"",""职位属性"":""普通职位"",""职位分布"":""西部地区和艰苦边远地区职位"",""职位简介"":""税收大数据分析"",""职位代码"":""300110105002"",""机构层级"":""县（区）级及以下"",""考试类别"":""行政执法类"",""招考人数"":""1"",""专业"":""数学类、统计学类、计算机类"",""学历"":""本科及以上"",""学位"":""与最高学历相对应的学位"",""政治面貌"":""不限"",""基层工作最低年限"":""无限制"",""服务基层项目工作经历"":""无限制"",""是否在面试阶段组织专业能力测试"":""否"",""面试人员比例"":""3:1"",""工作地点"":""云南省昭通市绥江县"",""落户地点"":""云南省昭通市绥江县"",""备注"":""2024届高校毕业生，男性，本单位不提供宿舍，在本单位最低服务年限为5年"",""部门网站"":""http://yunnan.chinatax.gov.cn/"",""咨询电话1"":""0871-63121915"",""咨询电话2"":"""",""咨询电话3"":"""",""来源Sheet"":""中央国家行政机关省级以下直属机构""}}"
"government_jobs","国家公务员2024招考简章","公务员/事业单位技术岗位","云南省曲靖市马龙区","2026-07-28T09:12:58.310295+00:00","一级行政执法员（五）","国家税务总局云南省税务局","","云南省曲靖市马龙区","公务员/事业单位;2024;automation_robotics;computer_software;data_ai;electronics_communication;本科及以上;与最高学历相对应的学位;数学类、能源动力类、电子信息类、自动化类、计算机类;行政执法类","用人司局：国家税务总局曲靖市马龙区税务局
职位简介：税收大数据分析
专业要求：数学类、能源动力类、电子信息类、自动化类、计算机类
学历要求：本科及以上
学位要求：与最高学历相对应的学位
政治面貌：不限
基层工作经历：无限制
考试类别：行政执法类
备注：本单位不提供宿舍，在本单位最低服务年限为5年","https://www.xuanhan.gov.cn/xxgk-show-77635.html#130130-300110119005","2023-10-15","{""dataset_year"":2024,""job_uid"":""GOV-2024-130130-300110119005"",""publisher"":""国家公务员局"",""publication_page"":""https://www.xuanhan.gov.cn/xxgk-show-77635.html"",""attachment_url"":""https://www.xuanhan.gov.cn/uploadfile/1/Attachment/638fdecf51.zip"",""local_source_file"":""中央机关及其直属机构2024年度考试录用公务员招考简章.xls"",""local_source_sha256"":""a1741b99dbecd6d03e533f99f2d69b0fa5a79733e551b80af69986ceed2ad996"",""source_sheet"":""中央国家行政机关省级以下直属机构"",""filter_version"":""government_tech_v2"",""tech_filter"":{""is_tech"":true,""is_core_tech"":true,""scope"":""core"",""categories"":[""automation_robotics"",""computer_software"",""data_ai"",""electronics_communication""],""matched_fields"":[""major"",""description""],""major_terms"":[""电子信息类"",""自动化类"",""计算机类""],""role_terms"":[""大数据"",""数据分析""],""reason"":""tech_major_and_role""},""original"":{""部门代码"":""130130"",""部门名称"":""国家税务总局云南省税务局"",""用人司局"":""国家税务总局曲靖市马龙区税务局"",""机构性质"":""中央国家行政机关省级以下直属机构"",""招考职位"":""一级行政执法员（五）"",""职位属性"":""普通职位"",""职位分布"":""西部地区和艰苦边远地区职位"",""职位简介"":""税收大数据分析"",""职位代码"":""300110119005"",""机构层级"":""县（区）级及以下"",""考试类别"":""行政执法类"",""招考人数"":""1"",""专业"":""数学类、能源动力类、电子信息类、自动化类、计算机类"",""学历"":""本科及以上"",""学位"":""与最高学历相对应的学位"",""政治面貌"":""不限"",""基层工作最低年限"":""无限制"",""服务基层项目工作经历"":""无限制"",""是否在面试阶段组织专业能力测试"":""否"",""面试人员比例"":""3:1"",""工作地点"":""云南省曲靖市马龙区"",""落户地点"":""云南省曲靖市马龙区"",""备注"":""本单位不提供宿舍，在本单位最低服务年限为5年"",""部门网站"":""http://yunnan.chinatax.gov.cn/"",""咨询电话1"":""0871-63121915"",""咨询电话2"":"""",""咨询电话3"":"""",""来源Sheet"":""中央国家行政机关省级以下直属机构""}}"
"government_jobs","国家公务员2024招考简章","公务员/事业单位技术岗位","云南省曲靖市陆良县","2026-07-28T09:12:58.310295+00:00","一级行政执法员（一）","国家税务总局云南省税务局","","云南省曲靖市陆良县","公务员/事业单位;2024;automation_robotics;computer_software;data_ai;electronics_communication;本科及以上;与最高学历相对应的学位;数学类、能源动力类、电子信息类、自动化类、计算机类;行政执法类","用人司局：国家税务总局陆良县税务局
职位简介：税收大数据分析
专业要求：数学类、能源动力类、电子信息类、自动化类、计算机类
学历要求：本科及以上
学位要求：与最高学历相对应的学位
政治面貌：不限
基层工作经历：无限制
考试类别：行政执法类
备注：应届高校毕业生，本单位不提供宿舍，在本单位最低服务年限为5年","https://www.xuanhan.gov.cn/xxgk-show-77635.html#130130-300110125001","2023-10-15","{""dataset_year"":2024,""job_uid"":""GOV-2024-130130-300110125001"",""publisher"":""国家公务员局"",""publication_page"":""https://www.xuanhan.gov.cn/xxgk-show-77635.html"",""attachment_url"":""https://www.xuanhan.gov.cn/uploadfile/1/Attachment/638fdecf51.zip"",""local_source_file"":""中央机关及其直属机构2024年度考试录用公务员招考简章.xls"",""local_source_sha256"":""a1741b99dbecd6d03e533f99f2d69b0fa5a79733e551b80af69986ceed2ad996"",""source_sheet"":""中央国家行政机关省级以下直属机构"",""filter_version"":""government_tech_v2"",""tech_filter"":{""is_tech"":true,""is_core_tech"":true,""scope"":""core"",""categories"":[""automation_robotics"",""computer_software"",""data_ai"",""electronics_communication""],""matched_fields"":[""major"",""description""],""major_terms"":[""电子信息类"",""自动化类"",""计算机类""],""role_terms"":[""大数据"",""数据分析""],""reason"":""tech_major_and_role""},""original"":{""部门代码"":""130130"",""部门名称"":""国家税务总局云南省税务局"",""用人司局"":""国家税务总局陆良县税务局"",""机构性质"":""中央国家行政机关省级以下直属机构"",""招考职位"":""一级行政执法员（一）"",""职位属性"":""普通职位"",""职位分布"":""西部地区和艰苦边远地区职位"",""职位简介"":""税收大数据分析"",""职位代码"":""300110125001"",""机构层级"":""县（区）级及以下"",""考试类别"":""行政执法类"",""招考人数"":""2"",""专业"":""数学类、能源动力类、电子信息类、自动化类、计算机类"",""学历"":""本科及以上"",""学位"":""与最高学历相对应的学位"",""政治面貌"":""不限"",""基层工作最低年限"":""无限制"",""服务基层项目工作经历"":""无限制"",""是否在面试阶段组织专业能力测试"":""否"",""面试人员比例"":""3:1"",""工作地点"":""云南省曲靖市陆良县"",""落户地点"":""云南省曲靖市陆良县"",""备注"":""应届高校毕业生，本单位不提供宿舍，在本单位最低服务年限为5年"",""部门网站"":""http://yunnan.chinatax.gov.cn/"",""咨询电话1"":""0871-63121915"",""咨询电话2"":"""",""咨询电话3"":"""",""来源Sheet"":""中央国家行政机关省级以下直属机构""}}"
"government_jobs","国家公务员2024招考简章","公务员/事业单位技术岗位","云南省曲靖市陆良县","2026-07-28T09:12:58.310295+00:00","一级行政执法员（五）","国家税务总局云南省税务局","","云南省曲靖市陆良县","公务员/事业单位;2024;automation_robotics;computer_software;data_ai;electronics_communication;本科及以上;与最高学历相对应的学位;数学类、能源动力类、电子信息类、自动化类、计算机类;行政执法类","用人司局：国家税务总局陆良县税务局
职位简介：税收大数据分析
专业要求：数学类、能源动力类、电子信息类、自动化类、计算机类
学历要求：本科及以上
学位要求：与最高学历相对应的学位
政治面貌：不限
基层工作经历：无限制
考试类别：行政执法类
备注：本单位不提供宿舍，在本单位最低服务年限为5年","https://www.xuanhan.gov.cn/xxgk-show-77635.html#130130-300110125005","2023-10-15","{""dataset_year"":2024,""job_uid"":""GOV-2024-130130-300110125005"",""publisher"":""国家公务员局"",""publication_page"":""https://www.xuanhan.gov.cn/xxgk-show-77635.html"",""attachment_url"":""https://www.xuanhan.gov.cn/uploadfile/1/Attachment/638fdecf51.zip"",""local_source_file"":""中央机关及其直属机构2024年度考试录用公务员招考简章.xls"",""local_source_sha256"":""a1741b99dbecd6d03e533f99f2d69b0fa5a79733e551b80af69986ceed2ad996"",""source_sheet"":""中央国家行政机关省级以下直属机构"",""filter_version"":""government_tech_v2"",""tech_filter"":{""is_tech"":true,""is_core_tech"":true,""scope"":""core"",""categories"":[""automation_robotics"",""computer_software"",""data_ai"",""electronics_communication""],""matched_fields"":[""major"",""description""],""major_terms"":[""电子信息类"",""自动化类"",""计算机类""],""role_terms"":[""大数据"",""数据分析""],""reason"":""tech_major_and_role""},""original"":{""部门代码"":""130130"",""部门名称"":""国家税务总局云南省税务局"",""用人司局"":""国家税务总局陆良县税务局"",""机构性质"":""中央国家行政机关省级以下直属机构"",""招考职位"":""一级行政执法员（五）"",""职位属性"":""普通职位"",""职位分布"":""西部地区和艰苦边远地区职位"",""职位简介"":""税收大数据分析"",""职位代码"":""300110125005"",""机构层级"":""县（区）级及以下"",""考试类别"":""行政执法类"",""招考人数"":""1"",""专业"":""数学类、能源动力类、电子信息类、自动化类、计算机类"",""学历"":""本科及以上"",""学位"":""与最高学历相对应的学位"",""政治面貌"":""不限"",""基层工作最低年限"":""无限制"",""服务基层项目工作经历"":""无限制"",""是否在面试阶段组织专业能力测试"":""否"",""面试人员比例"":""3:1"",""工作地点"":""云南省曲靖市陆良县"",""落户地点"":""云南省曲靖市陆良县"",""备注"":""本单位不提供宿舍，在本单位最低服务年限为5年"",""部门网站"":""http://yunnan.chinatax.gov.cn/"",""咨询电话1"":""0871-63121915"",""咨询电话2"":"""",""咨询电话3"":"""",""来源Sheet"":""中央国家行政机关省级以下直属机构""}}"
"government_jobs","国家公务员2024招考简章","公务员/事业单位技术岗位","云南省曲靖市罗平县","2026-07-28T09:12:58.310295+00:00","一级行政执法员（四）","国家税务总局云南省税务局","","云南省曲靖市罗平县","公务员/事业单位;2024;automation_robotics;computer_software;data_ai;electronics_communication;本科及以上;与最高学历相对应的学位;数学类、能源动力类、电子信息类、自动化类、计算机类;行政执法类","用人司局：国家税务总局罗平县税务局
职位简介：税收大数据分析
专业要求：数学类、能源动力类、电子信息类、自动化类、计算机类
学历要求：本科及以上
学位要求：与最高学历相对应的学位
政治面貌：不限
基层工作经历：无限制
考试类别：行政执法类
备注：本单位不提供宿舍，在本单位最低服务年限为5年","https://www.xuanhan.gov.cn/xxgk-show-77635.html#130130-300110129004","2023-10-15","{""dataset_year"":2024,""job_uid"":""GOV-2024-130130-300110129004"",""publisher"":""国家公务员局"",""publication_page"":""https://www.xuanhan.gov.cn/xxgk-show-77635.html"",""attachment_url"":""https://www.xuanhan.gov.cn/uploadfile/1/Attachment/638fdecf51.zip"",""local_source_file"":""中央机关及其直属机构2024年度考试录用公务员招考简章.xls"",""local_source_sha256"":""a1741b99dbecd6d03e533f99f2d69b0fa5a79733e551b80af69986ceed2ad996"",""source_sheet"":""中央国家行政机关省级以下直属机构"",""filter_version"":""government_tech_v2"",""tech_filter"":{""is_tech"":true,""is_core_tech"":true,""scope"":""core"",""categories"":[""automation_robotics"",""computer_software"",""data_ai"",""electronics_communication""],""matched_fields"":[""major"",""description""],""major_terms"":[""电子信息类"",""自动化类"",""计算机类""],""role_terms"":[""大数据"",""数据分析""],""reason"":""tech_major_and_role""},""original"":{""部门代码"":""130130"",""部门名称"":""国家税务总局云南省税务局"",""用人司局"":""国家税务总局罗平县税务局"",""机构性质"":""中央国家行政机关省级以下直属机构"",""招考职位"":""一级行政执法员（四）"",""职位属性"":""普通职位"",""职位分布"":""西部地区和艰苦边远地区职位"",""职位简介"":""税收大数据分析"",""职位代码"":""300110129004"",""机构层级"":""县（区）级及以下"",""考试类别"":""行政执法类"",""招考人数"":""1"",""专业"":""数学类、能源动力类、电子信息类、自动化类、计算机类"",""学历"":""本科及以上"",""学位"":""与最高学历相对应的学位"",""政治面貌"":""不限"",""基层工作最低年限"":""无限制"",""服务基层项目工作经历"":""无限制"",""是否在面试阶段组织专业能力测试"":""否"",""面试人员比例"":""3:1"",""工作地点"":""云南省曲靖市罗平县"",""落户地点"":""云南省曲靖市罗平县"",""备注"":""本单位不提供宿舍，在本单位最低服务年限为5年"",""部门网站"":""http://yunnan.chinatax.gov.cn/"",""咨询电话1"":""0871-63121915"",""咨询电话2"":"""",""咨询电话3"":"""",""来源Sheet"":""中央国家行政机关省级以下直属机构""}}"
"government_jobs","国家公务员2024招考简章","公务员/事业单位技术岗位","云南省曲靖市会泽县","2026-07-28T09:12:58.310295+00:00","一级行政执法员（二）","国家税务总局云南省税务局","","云南省曲靖市会泽县","公务员/事业单位;2024;automation_robotics;computer_software;data_ai;electronics_communication;本科及以上;与最高学历相对应的学位;数学类、能源动力类、电子信息类、自动化类、计算机类;行政执法类","用人司局：国家税务总局会泽县税务局
职位简介：税收大数据分析
专业要求：数学类、能源动力类、电子信息类、自动化类、计算机类
学历要求：本科及以上
学位要求：与最高学历相对应的学位
政治面貌：不限
基层工作经历：无限制
考试类别：行政执法类
备注：2024届高校毕业生，本单位不提供宿舍，在本单位最低服务年限为5年","https://www.xuanhan.gov.cn/xxgk-show-77635.html#130130-300110132002","2023-10-15","{""dataset_year"":2024,""job_uid"":""GOV-2024-130130-300110132002"",""publisher"":""国家公务员局"",""publication_page"":""https://www.xuanhan.gov.cn/xxgk-show-77635.html"",""attachment_url"":""https://www.xuanhan.gov.cn/uploadfile/1/Attachment/638fdecf51.zip"",""local_source_file"":""中央机关及其直属机构2024年度考试录用公务员招考简章.xls"",""local_source_sha256"":""a1741b99dbecd6d03e533f99f2d69b0fa5a79733e551b80af69986ceed2ad996"",""source_sheet"":""中央国家行政机关省级以下直属机构"",""filter_version"":""government_tech_v2"",""tech_filter"":{""is_tech"":true,""is_core_tech"":true,""scope"":""core"",""categories"":[""automation_robotics"",""computer_software"",""data_ai"",""electronics_communication""],""matched_fields"":[""major"",""description""],""major_terms"":[""电子信息类"",""自动化类"",""计算机类""],""role_terms"":[""大数据"",""数据分析""],""reason"":""tech_major_and_role""},""original"":{""部门代码"":""130130"",""部门名称"":""国家税务总局云南省税务局"",""用人司局"":""国家税务总局会泽县税务局"",""机构性质"":""中央国家行政机关省级以下直属机构"",""招考职位"":""一级行政执法员（二）"",""职位属性"":""普通职位"",""职位分布"":""西部地区和艰苦边远地区职位"",""职位简介"":""税收大数据分析"",""职位代码"":""300110132002"",""机构层级"":""县（区）级及以下"",""考试类别"":""行政执法类"",""招考人数"":""2"",""专业"":""数学类、能源动力类、电子信息类、自动化类、计算机类"",""学历"":""本科及以上"",""学位"":""与最高学历相对应的学位"",""政治面貌"":""不限"",""基层工作最低年限"":""无限制"",""服务基层项目工作经历"":""无限制"",""是否在面试阶段组织专业能力测试"":""否"",""面试人员比例"":""3:1"",""工作地点"":""云南省曲靖市会泽县"",""落户地点"":""云南省曲靖市会泽县"",""备注"":""2024届高校毕业生，本单位不提供宿舍，在本单位最低服务年限为5年"",""部门网站"":""http://yunnan.chinatax.gov.cn/"",""咨询电话1"":""0871-63121915"",""咨询电话2"":"""",""咨询电话3"":"""",""来源Sheet"":""中央国家行政机关省级以下直属机构""}}"
"government_jobs","国家公务员2024招考简章","公务员/事业单位技术岗位","云南省楚雄彝族自治州楚雄市","2026-07-28T09:12:58.310295+00:00","一级行政执法员（三）","国家税务总局云南省税务局","","云南省楚雄彝族自治州楚雄市","公务员/事业单位;2024;computer_software;data_ai;electronics_communication;本科及以上;与最高学历相对应的学位;数学类、统计学类、能源动力类、电子信息类、计算机类;行政执法类","用人司局：国家税务总局楚雄市税务局
职位简介：税收大数据分析
专业要求：数学类、统计学类、能源动力类、电子信息类、计算机类
学历要求：本科及以上
学位要求：与最高学历相对应的学位
政治面貌：不限
基层工作经历：无限制
考试类别：行政执法类
备注：2024届高校毕业生，本单位不提供宿舍，在本单位最低服务年限为5年","https://www.xuanhan.gov.cn/xxgk-show-77635.html#130130-300110135003","2023-10-15","{""dataset_year"":2024,""job_uid"":""GOV-2024-130130-300110135003"",""publisher"":""国家公务员局"",""publication_page"":""https://www.xuanhan.gov.cn/xxgk-show-77635.html"",""attachment_url"":""https://www.xuanhan.gov.cn/uploadfile/1/Attachment/638fdecf51.zip"",""local_source_file"":""中央机关及其直属机构2024年度考试录用公务员招考简章.xls"",""local_source_sha256"":""a1741b99dbecd6d03e533f99f2d69b0fa5a79733e551b80af69986ceed2ad996"",""source_sheet"":""中央国家行政机关省级以下直属机构"",""filter_version"":""government_tech_v2"",""tech_filter"":{""is_tech"":true,""is_core_tech"":true,""scope"":""core"",""categories"":[""computer_software"",""data_ai"",""electronics_communication""],""matched_fields"":[""major"",""description""],""major_terms"":[""电子信息类"",""计算机类""],""role_terms"":[""大数据"",""数据分析""],""reason"":""tech_major_and_role""},""original"":{""部门代码"":""130130"",""部门名称"":""国家税务总局云南省税务局"",""用人司局"":""国家税务总局楚雄市税务局"",""机构性质"":""中央国家行政机关省级以下直属机构"",""招考职位"":""一级行政执法员（三）"",""职位属性"":""普通职位"",""职位分布"":""西部地区和艰苦边远地区职位"",""职位简介"":""税收大数据分析"",""职位代码"":""300110135003"",""机构层级"":""县（区）级及以下"",""考试类别"":""行政执法类"",""招考人数"":""2"",""专业"":""数学类、统计学类、能源动力类、电子信息类、计算机类"",""学历"":""本科及以上"",""学位"":""与最高学历相对应的学位"",""政治面貌"":""不限"",""基层工作最低年限"":""无限制"",""服务基层项目工作经历"":""无限制"",""是否在面试阶段组织专业能力测试"":""否"",""面试人员比例"":""3:1"",""工作地点"":""云南省楚雄彝族自治州楚雄市"",""落户地点"":""云南省楚雄彝族自治州楚雄市"",""备注"":""2024届高校毕业生，本单位不提供宿舍，在本单位最低服务年限为5年"",""部门网站"":""http://yunnan.chinatax.gov.cn/"",""咨询电话1"":""0871-63121915"",""咨询电话2"":"""",""咨询电话3"":"""",""来源Sheet"":""中央国家行政机关省级以下直属机构""}}"
"government_jobs","国家公务员2024招考简章","公务员/事业单位技术岗位","云南省楚雄彝族自治州双柏县","2026-07-28T09:12:58.310295+00:00","一级行政执法员（三）","国家税务总局云南省税务局","","云南省楚雄彝族自治州双柏县","公务员/事业单位;2024;computer_software;data_ai;本科及以上;与最高学历相对应的学位;数学类、统计学类、计算机类;行政执法类","用人司局：国家税务总局双柏县税务局
职位简介：税收大数据分析
专业要求：数学类、统计学类、计算机类
学历要求：本科及以上
学位要求：与最高学历相对应的学位
政治面貌：不限
基层工作经历：无限制
考试类别：行政执法类
备注：本单位不提供宿舍，在本单位最低服务年限为5年","https://www.xuanhan.gov.cn/xxgk-show-77635.html#130130-300110140003","2023-10-15","{""dataset_year"":2024,""job_uid"":""GOV-2024-130130-300110140003"",""publisher"":""国家公务员局"",""publication_page"":""https://www.xuanhan.gov.cn/xxgk-show-77635.html"",""attachment_url"":""https://www.xuanhan.gov.cn/uploadfile/1/Attachment/638fdecf51.zip"",""local_source_file"":""中央机关及其直属机构2024年度考试录用公务员招考简章.xls"",""local_source_sha256"":""a1741b99dbecd6d03e533f99f2d69b0fa5a79733e551b80af69986ceed2ad996"",""source_sheet"":""中央国家行政机关省级以下直属机构"",""filter_version"":""government_tech_v2"",""tech_filter"":{""is_tech"":true,""is_core_tech"":true,""scope"":""core"",""categories"":[""computer_software"",""data_ai""],""matched_fields"":[""major"",""description""],""major_terms"":[""计算机类""],""role_terms"":[""大数据"",""数据分析""],""reason"":""tech_major_and_role""},""original"":{""部门代码"":""130130"",""部门名称"":""国家税务总局云南省税务局"",""用人司局"":""国家税务总局双柏县税务局"",""机构性质"":""中央国家行政机关省级以下直属机构"",""招考职位"":""一级行政执法员（三）"",""职位属性"":""普通职位"",""职位分布"":""西部地区和艰苦边远地区职位"",""职位简介"":""税收大数据分析"",""职位代码"":""300110140003"",""机构层级"":""县（区）级及以下"",""考试类别"":""行政执法类"",""招考人数"":""2"",""专业"":""数学类、统计学类、计算机类"",""学历"":""本科及以上"",""学位"":""与最高学历相对应的学位"",""政治面貌"":""不限"",""基层工作最低年限"":""无限制"",""服务基层项目工作经历"":""无限制"",""是否在面试阶段组织专业能力测试"":""否"",""面试人员比例"":""3:1"",""工作地点"":""云南省楚雄彝族自治州双柏县"",""落户地点"":""云南省楚雄彝族自治州双柏县"",""备注"":""本单位不提供宿舍，在本单位最低服务年限为5年"",""部门网站"":""http://yunnan.chinatax.gov.cn/"",""咨询电话1"":""0871-63121915"",""咨询电话2"":"""",""咨询电话3"":"""",""来源Sheet"":""中央国家行政机关省级以下直属机构""}}"
"government_jobs","国家公务员2024招考简章","公务员/事业单位技术岗位","云南省楚雄彝族自治州牟定县","2026-07-28T09:12:58.310295+00:00","一级行政执法员（三）","国家税务总局云南省税务局","","云南省楚雄彝族自治州牟定县","公务员/事业单位;2024;computer_software;data_ai;electronics_communication;本科及以上;与最高学历相对应的学位;数学类、统计学类、能源动力类、电子信息类、计算机类;行政执法类","用人司局：国家税务总局牟定县税务局
职位简介：税收大数据分析
专业要求：数学类、统计学类、能源动力类、电子信息类、计算机类
学历要求：本科及以上
学位要求：与最高学历相对应的学位
政治面貌：不限
基层工作经历：无限制
考试类别：行政执法类
备注：本单位不提供宿舍，在本单位最低服务年限为5年","https://www.xuanhan.gov.cn/xxgk-show-77635.html#130130-300110145003","2023-10-15","{""dataset_year"":2024,""job_uid"":""GOV-2024-130130-300110145003"",""publisher"":""国家公务员局"",""publication_page"":""https://www.xuanhan.gov.cn/xxgk-show-77635.html"",""attachment_url"":""https://www.xuanhan.gov.cn/uploadfile/1/Attachment/638fdecf51.zip"",""local_source_file"":""中央机关及其直属机构2024年度考试录用公务员招考简章.xls"",""local_source_sha256"":""a1741b99dbecd6d03e533f99f2d69b0fa5a79733e551b80af69986ceed2ad996"",""source_sheet"":""中央国家行政机关省级以下直属机构"",""filter_version"":""government_tech_v2"",""tech_filter"":{""is_tech"":true,""is_core_tech"":true,""scope"":""core"",""categories"":[""computer_software"",""data_ai"",""electronics_communication""],""matched_fields"":[""major"",""description""],""major_terms"":[""电子信息类"",""计算机类""],""role_terms"":[""大数据"",""数据分析""],""reason"":""tech_major_and_role""},""original"":{""部门代码"":""130130"",""部门名称"":""国家税务总局云南省税务局"",""用人司局"":""国家税务总局牟定县税务局"",""机构性质"":""中央国家行政机关省级以下直属机构"",""招考职位"":""一级行政执法员（三）"",""职位属性"":""普通职位"",""职位分布"":""西部地区和艰苦边远地区职位"",""职位简介"":""税收大数据分析"",""职位代码"":""300110145003"",""机构层级"":""县（区）级及以下"",""考试类别"":""行政执法类"",""招考人数"":""1"",""专业"":""数学类、统计学类、能源动力类、电子信息类、计算机类"",""学历"":""本科及以上"",""学位"":""与最高学历相对应的学位"",""政治面貌"":""不限"",""基层工作最低年限"":""无限制"",""服务基层项目工作经历"":""无限制"",""是否在面试阶段组织专业能力测试"":""否"",""面试人员比例"":""3:1"",""工作地点"":""云南省楚雄彝族自治州牟定县"",""落户地点"":""云南省楚雄彝族自治州牟定县"",""备注"":""本单位不提供宿舍，在本单位最低服务年限为5年"",""部门网站"":""http://yunnan.chinatax.gov.cn/"",""咨询电话1"":""0871-63121915"",""咨询电话2"":"""",""咨询电话3"":"""",""来源Sheet"":""中央国家行政机关省级以下直属机构""}}"
"government_jobs","国家公务员2024招考简章","公务员/事业单位技术岗位","云南省楚雄彝族自治州牟定县","2026-07-28T09:12:58.310295+00:00","一级行政执法员（四）","国家税务总局云南省税务局","","云南省楚雄彝族自治州牟定县","公务员/事业单位;2024;computer_software;data_ai;electronics_communication;本科及以上;与最高学历相对应的学位;数学类、统计学类、能源动力类、电子信息类、计算机类;行政执法类","用人司局：国家税务总局牟定县税务局
职位简介：税收大数据分析
专业要求：数学类、统计学类、能源动力类、电子信息类、计算机类
学历要求：本科及以上
学位要求：与最高学历相对应的学位
政治面貌：不限
基层工作经历：无限制
考试类别：行政执法类
备注：2024届高校毕业生，本单位不提供宿舍，在本单位最低服务年限为5年","https://www.xuanhan.gov.cn/xxgk-show-77635.html#130130-300110145004","2023-10-15","{""dataset_year"":2024,""job_uid"":""GOV-2024-130130-300110145004"",""publisher"":""国家公务员局"",""publication_page"":""https://www.xuanhan.gov.cn/xxgk-show-77635.html"",""attachment_url"":""https://www.xuanhan.gov.cn/uploadfile/1/Attachment/638fdecf51.zip"",""local_source_file"":""中央机关及其直属机构2024年度考试录用公务员招考简章.xls"",""local_source_sha256"":""a1741b99dbecd6d03e533f99f2d69b0fa5a79733e551b80af69986ceed2ad996"",""source_sheet"":""中央国家行政机关省级以下直属机构"",""filter_version"":""government_tech_v2"",""tech_filter"":{""is_tech"":true,""is_core_tech"":true,""scope"":""core"",""categories"":[""computer_software"",""data_ai"",""electronics_communication""],""matched_fields"":[""major"",""description""],""major_terms"":[""电子信息类"",""计算机类""],""role_terms"":[""大数据"",""数据分析""],""reason"":""tech_major_and_role""},""original"":{""部门代码"":""130130"",""部门名称"":""国家税务总局云南省税务局"",""用人司局"":""国家税务总局牟定县税务局"",""机构性质"":""中央国家行政机关省级以下直属机构"",""招考职位"":""一级行政执法员（四）"",""职位属性"":""普通职位"",""职位分布"":""西部地区和艰苦边远地区职位"",""职位简介"":""税收大数据分析"",""职位代码"":""300110145004"",""机构层级"":""县（区）级及以下"",""考试类别"":""行政执法类"",""招考人数"":""1"",""专业"":""数学类、统计学类、能源动力类、电子信息类、计算机类"",""学历"":""本科及以上"",""学位"":""与最高学历相对应的学位"",""政治面貌"":""不限"",""基层工作最低年限"":""无限制"",""服务基层项目工作经历"":""无限制"",""是否在面试阶段组织专业能力测试"":""否"",""面试人员比例"":""3:1"",""工作地点"":""云南省楚雄彝族自治州牟定县"",""落户地点"":""云南省楚雄彝族自治州牟定县"",""备注"":""2024届高校毕业生，本单位不提供宿舍，在本单位最低服务年限为5年"",""部门网站"":""http://yunnan.chinatax.gov.cn/"",""咨询电话1"":""0871-63121915"",""咨询电话2"":"""",""咨询电话3"":"""",""来源Sheet"":""中央国家行政机关省级以下直属机构""}}"
"government_jobs","国家公务员2024招考简章","公务员/事业单位技术岗位","云南省楚雄彝族自治州南华县","2026-07-28T09:12:58.310295+00:00","一级行政执法员（一）","国家税务总局云南省税务局","","云南省楚雄彝族自治州南华县","公务员/事业单位;2024;computer_software;data_ai;electronics_communication;本科及以上;与最高学历相对应的学位;数学类、统计学类、能源动力类、电子信息类、计算机类;行政执法类","用人司局：国家税务总局南华县税务局
职位简介：税收大数据分析
专业要求：数学类、统计学类、能源动力类、电子信息类、计算机类
学历要求：本科及以上
学位要求：与最高学历相对应的学位
政治面貌：不限
基层工作经历：无限制
考试类别：行政执法类
备注：2024届高校毕业生，女性，本单位不提供宿舍，在本单位最低服务年限为5年","https://www.xuanhan.gov.cn/xxgk-show-77635.html#130130-300110150001","2023-10-15","{""dataset_year"":2024,""job_uid"":""GOV-2024-130130-300110150001"",""publisher"":""国家公务员局"",""publication_page"":""https://www.xuanhan.gov.cn/xxgk-show-77635.html"",""attachment_url"":""https://www.xuanhan.gov.cn/uploadfile/1/Attachment/638fdecf51.zip"",""local_source_file"":""中央机关及其直属机构2024年度考试录用公务员招考简章.xls"",""local_source_sha256"":""a1741b99dbecd6d03e533f99f2d69b0fa5a79733e551b80af69986ceed2ad996"",""source_sheet"":""中央国家行政机关省级以下直属机构"",""filter_version"":""government_tech_v2"",""tech_filter"":{""is_tech"":true,""is_core_tech"":true,""scope"":""core"",""categories"":[""computer_software"",""data_ai"",""electronics_communication""],""matched_fields"":[""major"",""description""],""major_terms"":[""电子信息类"",""计算机类""],""role_terms"":[""大数据"",""数据分析""],""reason"":""tech_major_and_role""},""original"":{""部门代码"":""130130"",""部门名称"":""国家税务总局云南省税务局"",""用人司局"":""国家税务总局南华县税务局"",""机构性质"":""中央国家行政机关省级以下直属机构"",""招考职位"":""一级行政执法员（一）"",""职位属性"":""普通职位"",""职位分布"":""西部地区和艰苦边远地区职位"",""职位简介"":""税收大数据分析"",""职位代码"":""300110150001"",""机构层级"":""县（区）级及以下"",""考试类别"":""行政执法类"",""招考人数"":""2"",""专业"":""数学类、统计学类、能源动力类、电子信息类、计算机类"",""学历"":""本科及以上"",""学位"":""与最高学历相对应的学位"",""政治面貌"":""不限"",""基层工作最低年限"":""无限制"",""服务基层项目工作经历"":""无限制"",""是否在面试阶段组织专业能力测试"":""否"",""面试人员比例"":""3:1"",""工作地点"":""云南省楚雄彝族自治州南华县"",""落户地点"":""云南省楚雄彝族自治州南华县"",""备注"":""2024届高校毕业生，女性，本单位不提供宿舍，在本单位最低服务年限为5年"",""部门网站"":""http://yunnan.chinatax.gov.cn/"",""咨询电话1"":""0871-63121915"",""咨询电话2"":"""",""咨询电话3"":"""",""来源Sheet"":""中央国家行政机关省级以下直属机构""}}"
"government_jobs","国家公务员2024招考简章","公务员/事业单位技术岗位","云南省楚雄彝族自治州南华县","2026-07-28T09:12:58.310295+00:00","一级行政执法员（二）","国家税务总局云南省税务局","","云南省楚雄彝族自治州南华县","公务员/事业单位;2024;computer_software;data_ai;electronics_communication;本科及以上;与最高学历相对应的学位;数学类、统计学类、能源动力类、电子信息类、计算机类;行政执法类","用人司局：国家税务总局南华县税务局
职位简介：税收大数据分析
专业要求：数学类、统计学类、能源动力类、电子信息类、计算机类
学历要求：本科及以上
学位要求：与最高学历相对应的学位
政治面貌：不限
基层工作经历：无限制
考试类别：行政执法类
备注：2024届高校毕业生，男性，本单位不提供宿舍，在本单位最低服务年限为5年","https://www.xuanhan.gov.cn/xxgk-show-77635.html#130130-300110150002","2023-10-15","{""dataset_year"":2024,""job_uid"":""GOV-2024-130130-300110150002"",""publisher"":""国家公务员局"",""publication_page"":""https://www.xuanhan.gov.cn/xxgk-show-77635.html"",""attachment_url"":""https://www.xuanhan.gov.cn/uploadfile/1/Attachment/638fdecf51.zip"",""local_source_file"":""中央机关及其直属机构2024年度考试录用公务员招考简章.xls"",""local_source_sha256"":""a1741b99dbecd6d03e533f99f2d69b0fa5a79733e551b80af69986ceed2ad996"",""source_sheet"":""中央国家行政机关省级以下直属机构"",""filter_version"":""government_tech_v2"",""tech_filter"":{""is_tech"":true,""is_core_tech"":true,""scope"":""core"",""categories"":[""computer_software"",""data_ai"",""electronics_communication""],""matched_fields"":[""major"",""description""],""major_terms"":[""电子信息类"",""计算机类""],""role_terms"":[""大数据"",""数据分析""],""reason"":""tech_major_and_role""},""original"":{""部门代码"":""130130"",""部门名称"":""国家税务总局云南省税务局"",""用人司局"":""国家税务总局南华县税务局"",""机构性质"":""中央国家行政机关省级以下直属机构"",""招考职位"":""一级行政执法员（二）"",""职位属性"":""普通职位"",""职位分布"":""西部地区和艰苦边远地区职位"",""职位简介"":""税收大数据分析"",""职位代码"":""300110150002"",""机构层级"":""县（区）级及以下"",""考试类别"":""行政执法类"",""招考人数"":""2"",""专业"":""数学类、统计学类、能源动力类、电子信息类、计算机类"",""学历"":""本科及以上"",""学位"":""与最高学历相对应的学位"",""政治面貌"":""不限"",""基层工作最低年限"":""无限制"",""服务基层项目工作经历"":""无限制"",""是否在面试阶段组织专业能力测试"":""否"",""面试人员比例"":""3:1"",""工作地点"":""云南省楚雄彝族自治州南华县"",""落户地点"":""云南省楚雄彝族自治州南华县"",""备注"":""2024届高校毕业生，男性，本单位不提供宿舍，在本单位最低服务年限为5年"",""部门网站"":""http://yunnan.chinatax.gov.cn/"",""咨询电话1"":""0871-63121915"",""咨询电话2"":"""",""咨询电话3"":"""",""来源Sheet"":""中央国家行政机关省级以下直属机构""}}"
"government_jobs","国家公务员2024招考简章","公务员/事业单位技术岗位","云南省楚雄彝族自治州大姚县","2026-07-28T09:12:58.310295+00:00","一级行政执法员（一）","国家税务总局云南省税务局","","云南省楚雄彝族自治州大姚县","公务员/事业单位;2024;computer_software;data_ai;electronics_communication;本科及以上;与最高学历相对应的学位;数学类、统计学类、能源动力类、电子信息类、计算机类;行政执法类","用人司局：国家税务总局大姚县税务局
职位简介：税收大数据分析
专业要求：数学类、统计学类、能源动力类、电子信息类、计算机类
学历要求：本科及以上
学位要求：与最高学历相对应的学位
政治面貌：不限
基层工作经历：无限制
考试类别：行政执法类
备注：本单位不提供宿舍，在本单位最低服务年限为5年，女性","https://www.xuanhan.gov.cn/xxgk-show-77635.html#130130-300110160001","2023-10-15","{""dataset_year"":2024,""job_uid"":""GOV-2024-130130-300110160001"",""publisher"":""国家公务员局"",""publication_page"":""https://www.xuanhan.gov.cn/xxgk-show-77635.html"",""attachment_url"":""https://www.xuanhan.gov.cn/uploadfile/1/Attachment/638fdecf51.zip"",""local_source_file"":""中央机关及其直属机构2024年度考试录用公务员招考简章.xls"",""local_source_sha256"":""a1741b99dbecd6d03e533f99f2d69b0fa5a79733e551b80af69986ceed2ad996"",""source_sheet"":""中央国家行政机关省级以下直属机构"",""filter_version"":""government_tech_v2"",""tech_filter"":{""is_tech"":true,""is_core_tech"":true,""scope"":""core"",""categories"":[""computer_software"",""data_ai"",""electronics_communication""],""matched_fields"":[""major"",""description""],""major_terms"":[""电子信息类"",""计算机类""],""role_terms"":[""大数据"",""数据分析""],""reason"":""tech_major_and_role""},""original"":{""部门代码"":""130130"",""部门名称"":""国家税务总局云南省税务局"",""用人司局"":""国家税务总局大姚县税务局"",""机构性质"":""中央国家行政机关省级以下直属机构"",""招考职位"":""一级行政执法员（一）"",""职位属性"":""普通职位"",""职位分布"":""西部地区和艰苦边远地区职位"",""职位简介"":""税收大数据分析"",""职位代码"":""300110160001"",""机构层级"":""县（区）级及以下"",""考试类别"":""行政执法类"",""招考人数"":""1"",""专业"":""数学类、统计学类、能源动力类、电子信息类、计算机类"",""学历"":""本科及以上"",""学位"":""与最高学历相对应的学位"",""政治面貌"":""不限"",""基层工作最低年限"":""无限制"",""服务基层项目工作经历"":""无限制"",""是否在面试阶段组织专业能力测试"":""否"",""面试人员比例"":""3:1"",""工作地点"":""云南省楚雄彝族自治州大姚县"",""落户地点"":""云南省楚雄彝族自治州大姚县"",""备注"":""本单位不提供宿舍，在本单位最低服务年限为5年，女性"",""部门网站"":""http://yunnan.chinatax.gov.cn/"",""咨询电话1"":""0871-63121915"",""咨询电话2"":"""",""咨询电话3"":"""",""来源Sheet"":""中央国家行政机关省级以下直属机构""}}"
"government_jobs","国家公务员2024招考简章","公务员/事业单位技术岗位","云南省楚雄彝族自治州大姚县","2026-07-28T09:12:58.310295+00:00","一级行政执法员（二）","国家税务总局云南省税务局","","云南省楚雄彝族自治州大姚县","公务员/事业单位;2024;computer_software;data_ai;electronics_communication;本科及以上;与最高学历相对应的学位;数学类、统计学类、能源动力类、电子信息类、计算机类;行政执法类","用人司局：国家税务总局大姚县税务局
职位简介：税收大数据分析
专业要求：数学类、统计学类、能源动力类、电子信息类、计算机类
学历要求：本科及以上
学位要求：与最高学历相对应的学位
政治面貌：不限
基层工作经历：无限制
考试类别：行政执法类
备注：本单位不提供宿舍，在本单位最低服务年限为5年，男性","https://www.xuanhan.gov.cn/xxgk-show-77635.html#130130-300110160002","2023-10-15","{""dataset_year"":2024,""job_uid"":""GOV-2024-130130-300110160002"",""publisher"":""国家公务员局"",""publication_page"":""https://www.xuanhan.gov.cn/xxgk-show-77635.html"",""attachment_url"":""https://www.xuanhan.gov.cn/uploadfile/1/Attachment/638fdecf51.zip"",""local_source_file"":""中央机关及其直属机构2024年度考试录用公务员招考简章.xls"",""local_source_sha256"":""a1741b99dbecd6d03e533f99f2d69b0fa5a79733e551b80af69986ceed2ad996"",""source_sheet"":""中央国家行政机关省级以下直属机构"",""filter_version"":""government_tech_v2"",""tech_filter"":{""is_tech"":true,""is_core_tech"":true,""scope"":""core"",""categories"":[""computer_software"",""data_ai"",""electronics_communication""],""matched_fields"":[""major"",""description""],""major_terms"":[""电子信息类"",""计算机类""],""role_terms"":[""大数据"",""数据分析""],""reason"":""tech_major_and_role""},""original"":{""部门代码"":""130130"",""部门名称"":""国家税务总局云南省税务局"",""用人司局"":""国家税务总局大姚县税务局"",""机构性质"":""中央国家行政机关省级以下直属机构"",""招考职位"":""一级行政执法员（二）"",""职位属性"":""普通职位"",""职位分布"":""西部地区和艰苦边远地区职位"",""职位简介"":""税收大数据分析"",""职位代码"":""300110160002"",""机构层级"":""县（区）级及以下"",""考试类别"":""行政执法类"",""招考人数"":""1"",""专业"":""数学类、统计学类、能源动力类、电子信息类、计算机类"",""学历"":""本科及以上"",""学位"":""与最高学历相对应的学位"",""政治面貌"":""不限"",""基层工作最低年限"":""无限制"",""服务基层项目工作经历"":""无限制"",""是否在面试阶段组织专业能力测试"":""否"",""面试人员比例"":""3:1"",""工作地点"":""云南省楚雄彝族自治州大姚县"",""落户地点"":""云南省楚雄彝族自治州大姚县"",""备注"":""本单位不提供宿舍，在本单位最低服务年限为5年，男性"",""部门网站"":""http://yunnan.chinatax.gov.cn/"",""咨询电话1"":""0871-63121915"",""咨询电话2"":"""",""咨询电话3"":"""",""来源Sheet"":""中央国家行政机关省级以下直属机构""}}"
"government_jobs","国家公务员2024招考简章","公务员/事业单位技术岗位","云南省楚雄彝族自治州禄丰市","2026-07-28T09:12:58.310295+00:00","一级行政执法员（一）","国家税务总局云南省税务局","","云南省楚雄彝族自治州禄丰市","公务员/事业单位;2024;computer_software;data_ai;electronics_communication;本科及以上;与最高学历相对应的学位;中国语言文学类、数学类、统计学类、电子信息类、计算机类;行政执法类","用人司局：国家税务总局禄丰市税务局
职位简介：税收大数据分析
专业要求：中国语言文学类、数学类、统计学类、电子信息类、计算机类
学历要求：本科及以上
学位要求：与最高学历相对应的学位
政治面貌：不限
基层工作经历：无限制
考试类别：行政执法类
备注：2024届高校毕业生，女性，本单位不提供宿舍，在本单位最低服务年限为5年","https://www.xuanhan.gov.cn/xxgk-show-77635.html#130130-300110180001","2023-10-15","{""dataset_year"":2024,""job_uid"":""GOV-2024-130130-300110180001"",""publisher"":""国家公务员局"",""publication_page"":""https://www.xuanhan.gov.cn/xxgk-show-77635.html"",""attachment_url"":""https://www.xuanhan.gov.cn/uploadfile/1/Attachment/638fdecf51.zip"",""local_source_file"":""中央机关及其直属机构2024年度考试录用公务员招考简章.xls"",""local_source_sha256"":""a1741b99dbecd6d03e533f99f2d69b0fa5a79733e551b80af69986ceed2ad996"",""source_sheet"":""中央国家行政机关省级以下直属机构"",""filter_version"":""government_tech_v2"",""tech_filter"":{""is_tech"":true,""is_core_tech"":true,""scope"":""core"",""categories"":[""computer_software"",""data_ai"",""electronics_communication""],""matched_fields"":[""major"",""description""],""major_terms"":[""电子信息类"",""计算机类""],""role_terms"":[""大数据"",""数据分析""],""reason"":""tech_major_and_role""},""original"":{""部门代码"":""130130"",""部门名称"":""国家税务总局云南省税务局"",""用人司局"":""国家税务总局禄丰市税务局"",""机构性质"":""中央国家行政机关省级以下直属机构"",""招考职位"":""一级行政执法员（一）"",""职位属性"":""普通职位"",""职位分布"":""西部地区和艰苦边远地区职位"",""职位简介"":""税收大数据分析"",""职位代码"":""300110180001"",""机构层级"":""县（区）级及以下"",""考试类别"":""行政执法类"",""招考人数"":""1"",""专业"":""中国语言文学类、数学类、统计学类、电子信息类、计算机类"",""学历"":""本科及以上"",""学位"":""与最高学历相对应的学位"",""政治面貌"":""不限"",""基层工作最低年限"":""无限制"",""服务基层项目工作经历"":""无限制"",""是否在面试阶段组织专业能力测试"":""否"",""面试人员比例"":""3:1"",""工作地点"":""云南省楚雄彝族自治州禄丰市"",""落户地点"":""云南省楚雄彝族自治州禄丰市"",""备注"":""2024届高校毕业生，女性，本单位不提供宿舍，在本单位最低服务年限为5年"",""部门网站"":""http://yunnan.chinatax.gov.cn/"",""咨询电话1"":""0871-63121915"",""咨询电话2"":"""",""咨询电话3"":"""",""来源Sheet"":""中央国家行政机关省级以下直属机构""}}"
"government_jobs","国家公务员2024招考简章","公务员/事业单位技术岗位","云南省楚雄彝族自治州禄丰市","2026-07-28T09:12:58.310295+00:00","一级行政执法员（二）","国家税务总局云南省税务局","","云南省楚雄彝族自治州禄丰市","公务员/事业单位;2024;computer_software;data_ai;electronics_communication;本科及以上;与最高学历相对应的学位;中国语言文学类、数学类、统计学类、电子信息类、计算机类;行政执法类","用人司局：国家税务总局禄丰市税务局
职位简介：税收大数据分析
专业要求：中国语言文学类、数学类、统计学类、电子信息类、计算机类
学历要求：本科及以上
学位要求：与最高学历相对应的学位
政治面貌：不限
基层工作经历：无限制
考试类别：行政执法类
备注：2024届高校毕业生，男性，本单位不提供宿舍，在本单位最低服务年限为5年","https://www.xuanhan.gov.cn/xxgk-show-77635.html#130130-300110180002","2023-10-15","{""dataset_year"":2024,""job_uid"":""GOV-2024-130130-300110180002"",""publisher"":""国家公务员局"",""publication_page"":""https://www.xuanhan.gov.cn/xxgk-show-77635.html"",""attachment_url"":""https://www.xuanhan.gov.cn/uploadfile/1/Attachment/638fdecf51.zip"",""local_source_file"":""中央机关及其直属机构2024年度考试录用公务员招考简章.xls"",""local_source_sha256"":""a1741b99dbecd6d03e533f99f2d69b0fa5a79733e551b80af69986ceed2ad996"",""source_sheet"":""中央国家行政机关省级以下直属机构"",""filter_version"":""government_tech_v2"",""tech_filter"":{""is_tech"":true,""is_core_tech"":true,""scope"":""core"",""categories"":[""computer_software"",""data_ai"",""electronics_communication""],""matched_fields"":[""major"",""description""],""major_terms"":[""电子信息类"",""计算机类""],""role_terms"":[""大数据"",""数据分析""],""reason"":""tech_major_and_role""},""original"":{""部门代码"":""130130"",""部门名称"":""国家税务总局云南省税务局"",""用人司局"":""国家税务总局禄丰市税务局"",""机构性质"":""中央国家行政机关省级以下直属机构"",""招考职位"":""一级行政执法员（二）"",""职位属性"":""普通职位"",""职位分布"":""西部地区和艰苦边远地区职位"",""职位简介"":""税收大数据分析"",""职位代码"":""300110180002"",""机构层级"":""县（区）级及以下"",""考试类别"":""行政执法类"",""招考人数"":""1"",""专业"":""中国语言文学类、数学类、统计学类、电子信息类、计算机类"",""学历"":""本科及以上"",""学位"":""与最高学历相对应的学位"",""政治面貌"":""不限"",""基层工作最低年限"":""无限制"",""服务基层项目工作经历"":""无限制"",""是否在面试阶段组织专业能力测试"":""否"",""面试人员比例"":""3:1"",""工作地点"":""云南省楚雄彝族自治州禄丰市"",""落户地点"":""云南省楚雄彝族自治州禄丰市"",""备注"":""2024届高校毕业生，男性，本单位不提供宿舍，在本单位最低服务年限为5年"",""部门网站"":""http://yunnan.chinatax.gov.cn/"",""咨询电话1"":""0871-63121915"",""咨询电话2"":"""",""咨询电话3"":"""",""来源Sheet"":""中央国家行政机关省级以下直属机构""}}"
"government_jobs","国家公务员2024招考简章","公务员/事业单位技术岗位","云南省楚雄彝族自治州禄丰市","2026-07-28T09:12:58.310295+00:00","一级行政执法员（五）","国家税务总局云南省税务局","","云南省楚雄彝族自治州禄丰市","公务员/事业单位;2024;computer_software;data_ai;electronics_communication;本科及以上;与最高学历相对应的学位;数学类、统计学类、能源动力类、电子信息类、计算机类;行政执法类","用人司局：国家税务总局禄丰市税务局
职位简介：税收大数据分析
专业要求：数学类、统计学类、能源动力类、电子信息类、计算机类
学历要求：本科及以上
学位要求：与最高学历相对应的学位
政治面貌：不限
基层工作经历：无限制
考试类别：行政执法类
备注：本单位不提供宿舍，在本单位最低服务年限为5年","https://www.xuanhan.gov.cn/xxgk-show-77635.html#130130-300110180005","2023-10-15","{""dataset_year"":2024,""job_uid"":""GOV-2024-130130-300110180005"",""publisher"":""国家公务员局"",""publication_page"":""https://www.xuanhan.gov.cn/xxgk-show-77635.html"",""attachment_url"":""https://www.xuanhan.gov.cn/uploadfile/1/Attachment/638fdecf51.zip"",""local_source_file"":""中央机关及其直属机构2024年度考试录用公务员招考简章.xls"",""local_source_sha256"":""a1741b99dbecd6d03e533f99f2d69b0fa5a79733e551b80af69986ceed2ad996"",""source_sheet"":""中央国家行政机关省级以下直属机构"",""filter_version"":""government_tech_v2"",""tech_filter"":{""is_tech"":true,""is_core_tech"":true,""scope"":""core"",""categories"":[""computer_software"",""data_ai"",""electronics_communication""],""matched_fields"":[""major"",""description""],""major_terms"":[""电子信息类"",""计算机类""],""role_terms"":[""大数据"",""数据分析""],""reason"":""tech_major_and_role""},""original"":{""部门代码"":""130130"",""部门名称"":""国家税务总局云南省税务局"",""用人司局"":""国家税务总局禄丰市税务局"",""机构性质"":""中央国家行政机关省级以下直属机构"",""招考职位"":""一级行政执法员（五）"",""职位属性"":""普通职位"",""职位分布"":""西部地区和艰苦边远地区职位"",""职位简介"":""税收大数据分析"",""职位代码"":""300110180005"",""机构层级"":""县（区）级及以下"",""考试类别"":""行政执法类"",""招考人数"":""2"",""专业"":""数学类、统计学类、能源动力类、电子信息类、计算机类"",""学历"":""本科及以上"",""学位"":""与最高学历相对应的学位"",""政治面貌"":""不限"",""基层工作最低年限"":""无限制"",""服务基层项目工作经历"":""无限制"",""是否在面试阶段组织专业能力测试"":""否"",""面试人员比例"":""3:1"",""工作地点"":""云南省楚雄彝族自治州禄丰市"",""落户地点"":""云南省楚雄彝族自治州禄丰市"",""备注"":""本单位不提供宿舍，在本单位最低服务年限为5年"",""部门网站"":""http://yunnan.chinatax.gov.cn/"",""咨询电话1"":""0871-63121915"",""咨询电话2"":"""",""咨询电话3"":"""",""来源Sheet"":""中央国家行政机关省级以下直属机构""}}"
"government_jobs","国家公务员2024招考简章","公务员/事业单位技术岗位","云南省玉溪市江川区","2026-07-28T09:12:58.310295+00:00","一级行政执法员（三）","国家税务总局云南省税务局","","云南省玉溪市江川区","公务员/事业单位;2024;computer_software;data_ai;本科及以上;与最高学历相对应的学位;数学类、统计学类、计算机类;行政执法类","用人司局：国家税务总局玉溪市江川区税务局
职位简介：税收大数据分析
专业要求：数学类、统计学类、计算机类
学历要求：本科及以上
学位要求：与最高学历相对应的学位
政治面貌：不限
基层工作经历：无限制
考试类别：行政执法类
备注：本单位不提供宿舍，在本单位最低服务年限为5年","https://www.xuanhan.gov.cn/xxgk-show-77635.html#130130-300110193003","2023-10-15","{""dataset_year"":2024,""job_uid"":""GOV-2024-130130-300110193003"",""publisher"":""国家公务员局"",""publication_page"":""https://www.xuanhan.gov.cn/xxgk-show-77635.html"",""attachment_url"":""https://www.xuanhan.gov.cn/uploadfile/1/Attachment/638fdecf51.zip"",""local_source_file"":""中央机关及其直属机构2024年度考试录用公务员招考简章.xls"",""local_source_sha256"":""a1741b99dbecd6d03e533f99f2d69b0fa5a79733e551b80af69986ceed2ad996"",""source_sheet"":""中央国家行政机关省级以下直属机构"",""filter_version"":""government_tech_v2"",""tech_filter"":{""is_tech"":true,""is_core_tech"":true,""scope"":""core"",""categories"":[""computer_software"",""data_ai""],""matched_fields"":[""major"",""description""],""major_terms"":[""计算机类""],""role_terms"":[""大数据"",""数据分析""],""reason"":""tech_major_and_role""},""original"":{""部门代码"":""130130"",""部门名称"":""国家税务总局云南省税务局"",""用人司局"":""国家税务总局玉溪市江川区税务局"",""机构性质"":""中央国家行政机关省级以下直属机构"",""招考职位"":""一级行政执法员（三）"",""职位属性"":""普通职位"",""职位分布"":""西部地区和艰苦边远地区职位"",""职位简介"":""税收大数据分析"",""职位代码"":""300110193003"",""机构层级"":""县（区）级及以下"",""考试类别"":""行政执法类"",""招考人数"":""2"",""专业"":""数学类、统计学类、计算机类"",""学历"":""本科及以上"",""学位"":""与最高学历相对应的学位"",""政治面貌"":""不限"",""基层工作最低年限"":""无限制"",""服务基层项目工作经历"":""无限制"",""是否在面试阶段组织专业能力测试"":""否"",""面试人员比例"":""3:1"",""工作地点"":""云南省玉溪市江川区"",""落户地点"":""云南省玉溪市江川区"",""备注"":""本单位不提供宿舍，在本单位最低服务年限为5年"",""部门网站"":""http://yunnan.chinatax.gov.cn/"",""咨询电话1"":""0871-63121915"",""咨询电话2"":"""",""咨询电话3"":"""",""来源Sheet"":""中央国家行政机关省级以下直属机构""}}"
"government_jobs","国家公务员2024招考简章","公务员/事业单位技术岗位","云南省玉溪市澄江市","2026-07-28T09:12:58.310295+00:00","一级行政执法员（五）","国家税务总局云南省税务局","","云南省玉溪市澄江市","公务员/事业单位;2024;computer_software;data_ai;本科及以上;与最高学历相对应的学位;数学类、统计学类、计算机类;行政执法类","用人司局：国家税务总局澄江市税务局
职位简介：税收大数据分析
专业要求：数学类、统计学类、计算机类
学历要求：本科及以上
学位要求：与最高学历相对应的学位
政治面貌：不限
基层工作经历：无限制
考试类别：行政执法类
备注：本单位不提供宿舍，在本单位最低服务年限为5年","https://www.xuanhan.gov.cn/xxgk-show-77635.html#130130-300110196005","2023-10-15","{""dataset_year"":2024,""job_uid"":""GOV-2024-130130-300110196005"",""publisher"":""国家公务员局"",""publication_page"":""https://www.xuanhan.gov.cn/xxgk-show-77635.html"",""attachment_url"":""https://www.xuanhan.gov.cn/uploadfile/1/Attachment/638fdecf51.zip"",""local_source_file"":""中央机关及其直属机构2024年度考试录用公务员招考简章.xls"",""local_source_sha256"":""a1741b99dbecd6d03e533f99f2d69b0fa5a79733e551b80af69986ceed2ad996"",""source_sheet"":""中央国家行政机关省级以下直属机构"",""filter_version"":""government_tech_v2"",""tech_filter"":{""is_tech"":true,""is_core_tech"":true,""scope"":""core"",""categories"":[""computer_software"",""data_ai""],""matched_fields"":[""major"",""description""],""major_terms"":[""计算机类""],""role_terms"":[""大数据"",""数据分析""],""reason"":""tech_major_and_role""},""original"":{""部门代码"":""130130"",""部门名称"":""国家税务总局云南省税务局"",""用人司局"":""国家税务总局澄江市税务局"",""机构性质"":""中央国家行政机关省级以下直属机构"",""招考职位"":""一级行政执法员（五）"",""职位属性"":""普通职位"",""职位分布"":""西部地区和艰苦边远地区职位"",""职位简介"":""税收大数据分析"",""职位代码"":""300110196005"",""机构层级"":""县（区）级及以下"",""考试类别"":""行政执法类"",""招考人数"":""2"",""专业"":""数学类、统计学类、计算机类"",""学历"":""本科及以上"",""学位"":""与最高学历相对应的学位"",""政治面貌"":""不限"",""基层工作最低年限"":""无限制"",""服务基层项目工作经历"":""无限制"",""是否在面试阶段组织专业能力测试"":""否"",""面试人员比例"":""3:1"",""工作地点"":""云南省玉溪市澄江市"",""落户地点"":""云南省玉溪市澄江市"",""备注"":""本单位不提供宿舍，在本单位最低服务年限为5年"",""部门网站"":""http://yunnan.chinatax.gov.cn/"",""咨询电话1"":""0871-63121915"",""咨询电话2"":"""",""咨询电话3"":"""",""来源Sheet"":""中央国家行政机关省级以下直属机构""}}"
"government_jobs","国家公务员2024招考简章","公务员/事业单位技术岗位","云南省玉溪市通海县","2026-07-28T09:12:58.310295+00:00","一级行政执法员（三）","国家税务总局云南省税务局","","云南省玉溪市通海县","公务员/事业单位;2024;computer_software;data_ai;electronics_communication;本科及以上;与最高学历相对应的学位;数学类、统计学类、电子信息类、计算机类、管理科学与工程类;行政执法类","用人司局：国家税务总局通海县税务局
职位简介：税收大数据分析
专业要求：数学类、统计学类、电子信息类、计算机类、管理科学与工程类
学历要求：本科及以上
学位要求：与最高学历相对应的学位
政治面貌：不限
基层工作经历：无限制
考试类别：行政执法类
备注：应届高校毕业生，女性，本单位不提供宿舍，在本单位最低服务年限为5年","https://www.xuanhan.gov.cn/xxgk-show-77635.html#130130-300110200003","2023-10-15","{""dataset_year"":2024,""job_uid"":""GOV-2024-130130-300110200003"",""publisher"":""国家公务员局"",""publication_page"":""https://www.xuanhan.gov.cn/xxgk-show-77635.html"",""attachment_url"":""https://www.xuanhan.gov.cn/uploadfile/1/Attachment/638fdecf51.zip"",""local_source_file"":""中央机关及其直属机构2024年度考试录用公务员招考简章.xls"",""local_source_sha256"":""a1741b99dbecd6d03e533f99f2d69b0fa5a79733e551b80af69986ceed2ad996"",""source_sheet"":""中央国家行政机关省级以下直属机构"",""filter_version"":""government_tech_v2"",""tech_filter"":{""is_tech"":true,""is_core_tech"":true,""scope"":""core"",""categories"":[""computer_software"",""data_ai"",""electronics_communication""],""matched_fields"":[""major"",""description""],""major_terms"":[""电子信息类"",""计算机类""],""role_terms"":[""大数据"",""数据分析""],""reason"":""tech_major_and_role""},""original"":{""部门代码"":""130130"",""部门名称"":""国家税务总局云南省税务局"",""用人司局"":""国家税务总局通海县税务局"",""机构性质"":""中央国家行政机关省级以下直属机构"",""招考职位"":""一级行政执法员（三）"",""职位属性"":""普通职位"",""职位分布"":""西部地区和艰苦边远地区职位"",""职位简介"":""税收大数据分析"",""职位代码"":""300110200003"",""机构层级"":""县（区）级及以下"",""考试类别"":""行政执法类"",""招考人数"":""1"",""专业"":""数学类、统计学类、电子信息类、计算机类、管理科学与工程类"",""学历"":""本科及以上"",""学位"":""与最高学历相对应的学位"",""政治面貌"":""不限"",""基层工作最低年限"":""无限制"",""服务基层项目工作经历"":""无限制"",""是否在面试阶段组织专业能力测试"":""否"",""面试人员比例"":""3:1"",""工作地点"":""云南省玉溪市通海县"",""落户地点"":""云南省玉溪市通海县"",""备注"":""应届高校毕业生，女性，本单位不提供宿舍，在本单位最低服务年限为5年"",""部门网站"":""http://yunnan.chinatax.gov.cn/"",""咨询电话1"":""0871-63121915"",""咨询电话2"":"""",""咨询电话3"":"""",""来源Sheet"":""中央国家行政机关省级以下直属机构""}}"
"government_jobs","国家公务员2024招考简章","公务员/事业单位技术岗位","云南省玉溪市通海县","2026-07-28T09:12:58.310295+00:00","一级行政执法员（四）","国家税务总局云南省税务局","","云南省玉溪市通海县","公务员/事业单位;2024;computer_software;data_ai;electronics_communication;本科及以上;与最高学历相对应的学位;数学类、统计学类、电子信息类、计算机类、管理科学与工程类;行政执法类","用人司局：国家税务总局通海县税务局
职位简介：税收大数据分析
专业要求：数学类、统计学类、电子信息类、计算机类、管理科学与工程类
学历要求：本科及以上
学位要求：与最高学历相对应的学位
政治面貌：不限
基层工作经历：无限制
考试类别：行政执法类
备注：应届高校毕业生，男性，本单位不提供宿舍，在本单位最低服务年限为5年","https://www.xuanhan.gov.cn/xxgk-show-77635.html#130130-300110200004","2023-10-15","{""dataset_year"":2024,""job_uid"":""GOV-2024-130130-300110200004"",""publisher"":""国家公务员局"",""publication_page"":""https://www.xuanhan.gov.cn/xxgk-show-77635.html"",""attachment_url"":""https://www.xuanhan.gov.cn/uploadfile/1/Attachment/638fdecf51.zip"",""local_source_file"":""中央机关及其直属机构2024年度考试录用公务员招考简章.xls"",""local_source_sha256"":""a1741b99dbecd6d03e533f99f2d69b0fa5a79733e551b80af69986ceed2ad996"",""source_sheet"":""中央国家行政机关省级以下直属机构"",""filter_version"":""government_tech_v2"",""tech_filter"":{""is_tech"":true,""is_core_tech"":true,""scope"":""core"",""categories"":[""computer_software"",""data_ai"",""electronics_communication""],""matched_fields"":[""major"",""description""],""major_terms"":[""电子信息类"",""计算机类""],""role_terms"":[""大数据"",""数据分析""],""reason"":""tech_major_and_role""},""original"":{""部门代码"":""130130"",""部门名称"":""国家税务总局云南省税务局"",""用人司局"":""国家税务总局通海县税务局"",""机构性质"":""中央国家行政机关省级以下直属机构"",""招考职位"":""一级行政执法员（四）"",""职位属性"":""普通职位"",""职位分布"":""西部地区和艰苦边远地区职位"",""职位简介"":""税收大数据分析"",""职位代码"":""300110200004"",""机构层级"":""县（区）级及以下"",""考试类别"":""行政执法类"",""招考人数"":""1"",""专业"":""数学类、统计学类、电子信息类、计算机类、管理科学与工程类"",""学历"":""本科及以上"",""学位"":""与最高学历相对应的学位"",""政治面貌"":""不限"",""基层工作最低年限"":""无限制"",""服务基层项目工作经历"":""无限制"",""是否在面试阶段组织专业能力测试"":""否"",""面试人员比例"":""3:1"",""工作地点"":""云南省玉溪市通海县"",""落户地点"":""云南省玉溪市通海县"",""备注"":""应届高校毕业生，男性，本单位不提供宿舍，在本单位最低服务年限为5年"",""部门网站"":""http://yunnan.chinatax.gov.cn/"",""咨询电话1"":""0871-63121915"",""咨询电话2"":"""",""咨询电话3"":"""",""来源Sheet"":""中央国家行政机关省级以下直属机构""}}"
"government_jobs","国家公务员2024招考简章","公务员/事业单位技术岗位","云南省玉溪市易门县","2026-07-28T09:12:58.310295+00:00","一级行政执法员（三）","国家税务总局云南省税务局","","云南省玉溪市易门县","公务员/事业单位;2024;automation_robotics;computer_software;data_ai;electronics_communication;本科及以上;与最高学历相对应的学位;数学类、能源动力类、电子信息类、自动化类、计算机类;行政执法类","用人司局：国家税务总局易门县税务局
职位简介：税收大数据分析
专业要求：数学类、能源动力类、电子信息类、自动化类、计算机类
学历要求：本科及以上
学位要求：与最高学历相对应的学位
政治面貌：不限
基层工作经历：无限制
考试类别：行政执法类
备注：本单位不提供宿舍，在本单位最低服务年限为5年","https://www.xuanhan.gov.cn/xxgk-show-77635.html#130130-300110205003","2023-10-15","{""dataset_year"":2024,""job_uid"":""GOV-2024-130130-300110205003"",""publisher"":""国家公务员局"",""publication_page"":""https://www.xuanhan.gov.cn/xxgk-show-77635.html"",""attachment_url"":""https://www.xuanhan.gov.cn/uploadfile/1/Attachment/638fdecf51.zip"",""local_source_file"":""中央机关及其直属机构2024年度考试录用公务员招考简章.xls"",""local_source_sha256"":""a1741b99dbecd6d03e533f99f2d69b0fa5a79733e551b80af69986ceed2ad996"",""source_sheet"":""中央国家行政机关省级以下直属机构"",""filter_version"":""government_tech_v2"",""tech_filter"":{""is_tech"":true,""is_core_tech"":true,""scope"":""core"",""categories"":[""automation_robotics"",""computer_software"",""data_ai"",""electronics_communication""],""matched_fields"":[""major"",""description""],""major_terms"":[""电子信息类"",""自动化类"",""计算机类""],""role_terms"":[""大数据"",""数据分析""],""reason"":""tech_major_and_role""},""original"":{""部门代码"":""130130"",""部门名称"":""国家税务总局云南省税务局"",""用人司局"":""国家税务总局易门县税务局"",""机构性质"":""中央国家行政机关省级以下直属机构"",""招考职位"":""一级行政执法员（三）"",""职位属性"":""普通职位"",""职位分布"":""西部地区和艰苦边远地区职位"",""职位简介"":""税收大数据分析"",""职位代码"":""300110205003"",""机构层级"":""县（区）级及以下"",""考试类别"":""行政执法类"",""招考人数"":""2"",""专业"":""数学类、能源动力类、电子信息类、自动化类、计算机类"",""学历"":""本科及以上"",""学位"":""与最高学历相对应的学位"",""政治面貌"":""不限"",""基层工作最低年限"":""无限制"",""服务基层项目工作经历"":""无限制"",""是否在面试阶段组织专业能力测试"":""否"",""面试人员比例"":""3:1"",""工作地点"":""云南省玉溪市易门县"",""落户地点"":""云南省玉溪市易门县"",""备注"":""本单位不提供宿舍，在本单位最低服务年限为5年"",""部门网站"":""http://yunnan.chinatax.gov.cn/"",""咨询电话1"":""0871-63121915"",""咨询电话2"":"""",""咨询电话3"":"""",""来源Sheet"":""中央国家行政机关省级以下直属机构""}}"
"government_jobs","国家公务员2024招考简章","公务员/事业单位技术岗位","云南省玉溪市峨山彝族自治县","2026-07-28T09:12:58.310295+00:00","一级行政执法员（三）","国家税务总局云南省税务局","","云南省玉溪市峨山彝族自治县","公务员/事业单位;2024;automation_robotics;computer_software;data_ai;electronics_communication;本科及以上;与最高学历相对应的学位;数学类、能源动力类、电子信息类、自动化类、计算机类;行政执法类","用人司局：国家税务总局峨山县税务局
职位简介：税收大数据分析
专业要求：数学类、能源动力类、电子信息类、自动化类、计算机类
学历要求：本科及以上
学位要求：与最高学历相对应的学位
政治面貌：不限
基层工作经历：无限制
考试类别：行政执法类
备注：本单位不提供宿舍，在本单位最低服务年限为5年","https://www.xuanhan.gov.cn/xxgk-show-77635.html#130130-300110210003","2023-10-15","{""dataset_year"":2024,""job_uid"":""GOV-2024-130130-300110210003"",""publisher"":""国家公务员局"",""publication_page"":""https://www.xuanhan.gov.cn/xxgk-show-77635.html"",""attachment_url"":""https://www.xuanhan.gov.cn/uploadfile/1/Attachment/638fdecf51.zip"",""local_source_file"":""中央机关及其直属机构2024年度考试录用公务员招考简章.xls"",""local_source_sha256"":""a1741b99dbecd6d03e533f99f2d69b0fa5a79733e551b80af69986ceed2ad996"",""source_sheet"":""中央国家行政机关省级以下直属机构"",""filter_version"":""government_tech_v2"",""tech_filter"":{""is_tech"":true,""is_core_tech"":true,""scope"":""core"",""categories"":[""automation_robotics"",""computer_software"",""data_ai"",""electronics_communication""],""matched_fields"":[""major"",""description""],""major_terms"":[""电子信息类"",""自动化类"",""计算机类""],""role_terms"":[""大数据"",""数据分析""],""reason"":""tech_major_and_role""},""original"":{""部门代码"":""130130"",""部门名称"":""国家税务总局云南省税务局"",""用人司局"":""国家税务总局峨山县税务局"",""机构性质"":""中央国家行政机关省级以下直属机构"",""招考职位"":""一级行政执法员（三）"",""职位属性"":""普通职位"",""职位分布"":""西部地区和艰苦边远地区职位"",""职位简介"":""税收大数据分析"",""职位代码"":""300110210003"",""机构层级"":""县（区）级及以下"",""考试类别"":""行政执法类"",""招考人数"":""2"",""专业"":""数学类、能源动力类、电子信息类、自动化类、计算机类"",""学历"":""本科及以上"",""学位"":""与最高学历相对应的学位"",""政治面貌"":""不限"",""基层工作最低年限"":""无限制"",""服务基层项目工作经历"":""无限制"",""是否在面试阶段组织专业能力测试"":""否"",""面试人员比例"":""3:1"",""工作地点"":""云南省玉溪市峨山彝族自治县"",""落户地点"":""云南省玉溪市峨山彝族自治县"",""备注"":""本单位不提供宿舍，在本单位最低服务年限为5年"",""部门网站"":""http://yunnan.chinatax.gov.cn/"",""咨询电话1"":""0871-63121915"",""咨询电话2"":"""",""咨询电话3"":"""",""来源Sheet"":""中央国家行政机关省级以下直属机构""}}"
"government_jobs","国家公务员2024招考简章","公务员/事业单位技术岗位","云南省红河哈尼族彝族自治州个旧市","2026-07-28T09:12:58.310295+00:00","一级行政执法员（三）","国家税务总局云南省税务局","","云南省红河哈尼族彝族自治州个旧市","公务员/事业单位;2024;computer_software;data_ai;本科及以上;与最高学历相对应的学位;数学类、统计学类、计算机类;行政执法类","用人司局：国家税务总局个旧市税务局
职位简介：税收大数据分析
专业要求：数学类、统计学类、计算机类
学历要求：本科及以上
学位要求：与最高学历相对应的学位
政治面貌：不限
基层工作经历：无限制
考试类别：行政执法类
备注：2024届高校毕业生，女性，本单位不提供宿舍，在本单位最低服务年限为5年","https://www.xuanhan.gov.cn/xxgk-show-77635.html#130130-300110225003","2023-10-15","{""dataset_year"":2024,""job_uid"":""GOV-2024-130130-300110225003"",""publisher"":""国家公务员局"",""publication_page"":""https://www.xuanhan.gov.cn/xxgk-show-77635.html"",""attachment_url"":""https://www.xuanhan.gov.cn/uploadfile/1/Attachment/638fdecf51.zip"",""local_source_file"":""中央机关及其直属机构2024年度考试录用公务员招考简章.xls"",""local_source_sha256"":""a1741b99dbecd6d03e533f99f2d69b0fa5a79733e551b80af69986ceed2ad996"",""source_sheet"":""中央国家行政机关省级以下直属机构"",""filter_version"":""government_tech_v2"",""tech_filter"":{""is_tech"":true,""is_core_tech"":true,""scope"":""core"",""categories"":[""computer_software"",""data_ai""],""matched_fields"":[""major"",""description""],""major_terms"":[""计算机类""],""role_terms"":[""大数据"",""数据分析""],""reason"":""tech_major_and_role""},""original"":{""部门代码"":""130130"",""部门名称"":""国家税务总局云南省税务局"",""用人司局"":""国家税务总局个旧市税务局"",""机构性质"":""中央国家行政机关省级以下直属机构"",""招考职位"":""一级行政执法员（三）"",""职位属性"":""普通职位"",""职位分布"":""西部地区和艰苦边远地区职位"",""职位简介"":""税收大数据分析"",""职位代码"":""300110225003"",""机构层级"":""县（区）级及以下"",""考试类别"":""行政执法类"",""招考人数"":""1"",""专业"":""数学类、统计学类、计算机类"",""学历"":""本科及以上"",""学位"":""与最高学历相对应的学位"",""政治面貌"":""不限"",""基层工作最低年限"":""无限制"",""服务基层项目工作经历"":""无限制"",""是否在面试阶段组织专业能力测试"":""否"",""面试人员比例"":""3:1"",""工作地点"":""云南省红河哈尼族彝族自治州个旧市"",""落户地点"":""云南省红河哈尼族彝族自治州个旧市"",""备注"":""2024届高校毕业生，女性，本单位不提供宿舍，在本单位最低服务年限为5年"",""部门网站"":""http://yunnan.chinatax.gov.cn/"",""咨询电话1"":""0871-63121915"",""咨询电话2"":"""",""咨询电话3"":"""",""来源Sheet"":""中央国家行政机关省级以下直属机构""}}"
"government_jobs","国家公务员2024招考简章","公务员/事业单位技术岗位","云南省红河哈尼族彝族自治州个旧市","2026-07-28T09:12:58.310295+00:00","一级行政执法员（四）","国家税务总局云南省税务局","","云南省红河哈尼族彝族自治州个旧市","公务员/事业单位;2024;computer_software;data_ai;本科及以上;与最高学历相对应的学位;数学类、统计学类、计算机类;行政执法类","用人司局：国家税务总局个旧市税务局
职位简介：税收大数据分析
专业要求：数学类、统计学类、计算机类
学历要求：本科及以上
学位要求：与最高学历相对应的学位
政治面貌：不限
基层工作经历：无限制
考试类别：行政执法类
备注：2024届高校毕业生，男性，本单位不提供宿舍，在本单位最低服务年限为5年","https://www.xuanhan.gov.cn/xxgk-show-77635.html#130130-300110225004","2023-10-15","{""dataset_year"":2024,""job_uid"":""GOV-2024-130130-300110225004"",""publisher"":""国家公务员局"",""publication_page"":""https://www.xuanhan.gov.cn/xxgk-show-77635.html"",""attachment_url"":""https://www.xuanhan.gov.cn/uploadfile/1/Attachment/638fdecf51.zip"",""local_source_file"":""中央机关及其直属机构2024年度考试录用公务员招考简章.xls"",""local_source_sha256"":""a1741b99dbecd6d03e533f99f2d69b0fa5a79733e551b80af69986ceed2ad996"",""source_sheet"":""中央国家行政机关省级以下直属机构"",""filter_version"":""government_tech_v2"",""tech_filter"":{""is_tech"":true,""is_core_tech"":true,""scope"":""core"",""categories"":[""computer_software"",""data_ai""],""matched_fields"":[""major"",""description""],""major_terms"":[""计算机类""],""role_terms"":[""大数据"",""数据分析""],""reason"":""tech_major_and_role""},""original"":{""部门代码"":""130130"",""部门名称"":""国家税务总局云南省税务局"",""用人司局"":""国家税务总局个旧市税务局"",""机构性质"":""中央国家行政机关省级以下直属机构"",""招考职位"":""一级行政执法员（四）"",""职位属性"":""普通职位"",""职位分布"":""西部地区和艰苦边远地区职位"",""职位简介"":""税收大数据分析"",""职位代码"":""300110225004"",""机构层级"":""县（区）级及以下"",""考试类别"":""行政执法类"",""招考人数"":""1"",""专业"":""数学类、统计学类、计算机类"",""学历"":""本科及以上"",""学位"":""与最高学历相对应的学位"",""政治面貌"":""不限"",""基层工作最低年限"":""无限制"",""服务基层项目工作经历"":""无限制"",""是否在面试阶段组织专业能力测试"":""否"",""面试人员比例"":""3:1"",""工作地点"":""云南省红河哈尼族彝族自治州个旧市"",""落户地点"":""云南省红河哈尼族彝族自治州个旧市"",""备注"":""2024届高校毕业生，男性，本单位不提供宿舍，在本单位最低服务年限为5年"",""部门网站"":""http://yunnan.chinatax.gov.cn/"",""咨询电话1"":""0871-63121915"",""咨询电话2"":"""",""咨询电话3"":"""",""来源Sheet"":""中央国家行政机关省级以下直属机构""}}"
"government_jobs","国家公务员2024招考简章","公务员/事业单位技术岗位","云南省红河哈尼族彝族自治州个旧市","2026-07-28T09:12:58.310295+00:00","一级行政执法员（五）","国家税务总局云南省税务局","","云南省红河哈尼族彝族自治州个旧市","公务员/事业单位;2024;computer_software;data_ai;electronics_communication;本科及以上;与最高学历相对应的学位;数学类、能源动力类、电子信息类、计算机类;行政执法类","用人司局：国家税务总局个旧市税务局
职位简介：税收大数据分析
专业要求：数学类、能源动力类、电子信息类、计算机类
学历要求：本科及以上
学位要求：与最高学历相对应的学位
政治面貌：不限
基层工作经历：无限制
考试类别：行政执法类
备注：本单位不提供宿舍，在本单位最低服务年限为5年","https://www.xuanhan.gov.cn/xxgk-show-77635.html#130130-300110225005","2023-10-15","{""dataset_year"":2024,""job_uid"":""GOV-2024-130130-300110225005"",""publisher"":""国家公务员局"",""publication_page"":""https://www.xuanhan.gov.cn/xxgk-show-77635.html"",""attachment_url"":""https://www.xuanhan.gov.cn/uploadfile/1/Attachment/638fdecf51.zip"",""local_source_file"":""中央机关及其直属机构2024年度考试录用公务员招考简章.xls"",""local_source_sha256"":""a1741b99dbecd6d03e533f99f2d69b0fa5a79733e551b80af69986ceed2ad996"",""source_sheet"":""中央国家行政机关省级以下直属机构"",""filter_version"":""government_tech_v2"",""tech_filter"":{""is_tech"":true,""is_core_tech"":true,""scope"":""core"",""categories"":[""computer_software"",""data_ai"",""electronics_communication""],""matched_fields"":[""major"",""description""],""major_terms"":[""电子信息类"",""计算机类""],""role_terms"":[""大数据"",""数据分析""],""reason"":""tech_major_and_role""},""original"":{""部门代码"":""130130"",""部门名称"":""国家税务总局云南省税务局"",""用人司局"":""国家税务总局个旧市税务局"",""机构性质"":""中央国家行政机关省级以下直属机构"",""招考职位"":""一级行政执法员（五）"",""职位属性"":""普通职位"",""职位分布"":""西部地区和艰苦边远地区职位"",""职位简介"":""税收大数据分析"",""职位代码"":""300110225005"",""机构层级"":""县（区）级及以下"",""考试类别"":""行政执法类"",""招考人数"":""1"",""专业"":""数学类、能源动力类、电子信息类、计算机类"",""学历"":""本科及以上"",""学位"":""与最高学历相对应的学位"",""政治面貌"":""不限"",""基层工作最低年限"":""无限制"",""服务基层项目工作经历"":""无限制"",""是否在面试阶段组织专业能力测试"":""否"",""面试人员比例"":""3:1"",""工作地点"":""云南省红河哈尼族彝族自治州个旧市"",""落户地点"":""云南省红河哈尼族彝族自治州个旧市"",""备注"":""本单位不提供宿舍，在本单位最低服务年限为5年"",""部门网站"":""http://yunnan.chinatax.gov.cn/"",""咨询电话1"":""0871-63121915"",""咨询电话2"":"""",""咨询电话3"":"""",""来源Sheet"":""中央国家行政机关省级以下直属机构""}}"
"government_jobs","国家公务员2024招考简章","公务员/事业单位技术岗位","云南省红河哈尼族彝族自治州开远市","2026-07-28T09:12:58.310295+00:00","一级行政执法员（三）","国家税务总局云南省税务局","","云南省红河哈尼族彝族自治州开远市","公务员/事业单位;2024;computer_software;data_ai;本科及以上;与最高学历相对应的学位;数学类、统计学类、计算机类;行政执法类","用人司局：国家税务总局开远市税务局
职位简介：税收大数据分析
专业要求：数学类、统计学类、计算机类
学历要求：本科及以上
学位要求：与最高学历相对应的学位
政治面貌：不限
基层工作经历：无限制
考试类别：行政执法类
备注：2024届高校毕业生，女性，本单位不提供宿舍，在本单位最低服务年限为5年","https://www.xuanhan.gov.cn/xxgk-show-77635.html#130130-300110230003","2023-10-15","{""dataset_year"":2024,""job_uid"":""GOV-2024-130130-300110230003"",""publisher"":""国家公务员局"",""publication_page"":""https://www.xuanhan.gov.cn/xxgk-show-77635.html"",""attachment_url"":""https://www.xuanhan.gov.cn/uploadfile/1/Attachment/638fdecf51.zip"",""local_source_file"":""中央机关及其直属机构2024年度考试录用公务员招考简章.xls"",""local_source_sha256"":""a1741b99dbecd6d03e533f99f2d69b0fa5a79733e551b80af69986ceed2ad996"",""source_sheet"":""中央国家行政机关省级以下直属机构"",""filter_version"":""government_tech_v2"",""tech_filter"":{""is_tech"":true,""is_core_tech"":true,""scope"":""core"",""categories"":[""computer_software"",""data_ai""],""matched_fields"":[""major"",""description""],""major_terms"":[""计算机类""],""role_terms"":[""大数据"",""数据分析""],""reason"":""tech_major_and_role""},""original"":{""部门代码"":""130130"",""部门名称"":""国家税务总局云南省税务局"",""用人司局"":""国家税务总局开远市税务局"",""机构性质"":""中央国家行政机关省级以下直属机构"",""招考职位"":""一级行政执法员（三）"",""职位属性"":""普通职位"",""职位分布"":""西部地区和艰苦边远地区职位"",""职位简介"":""税收大数据分析"",""职位代码"":""300110230003"",""机构层级"":""县（区）级及以下"",""考试类别"":""行政执法类"",""招考人数"":""1"",""专业"":""数学类、统计学类、计算机类"",""学历"":""本科及以上"",""学位"":""与最高学历相对应的学位"",""政治面貌"":""不限"",""基层工作最低年限"":""无限制"",""服务基层项目工作经历"":""无限制"",""是否在面试阶段组织专业能力测试"":""否"",""面试人员比例"":""3:1"",""工作地点"":""云南省红河哈尼族彝族自治州开远市"",""落户地点"":""云南省红河哈尼族彝族自治州开远市"",""备注"":""2024届高校毕业生，女性，本单位不提供宿舍，在本单位最低服务年限为5年"",""部门网站"":""http://yunnan.chinatax.gov.cn/"",""咨询电话1"":""0871-63121915"",""咨询电话2"":"""",""咨询电话3"":"""",""来源Sheet"":""中央国家行政机关省级以下直属机构""}}"
"government_jobs","国家公务员2024招考简章","公务员/事业单位技术岗位","云南省红河哈尼族彝族自治州开远市","2026-07-28T09:12:58.310295+00:00","一级行政执法员（四）","国家税务总局云南省税务局","","云南省红河哈尼族彝族自治州开远市","公务员/事业单位;2024;computer_software;data_ai;本科及以上;与最高学历相对应的学位;数学类、统计学类、计算机类;行政执法类","用人司局：国家税务总局开远市税务局
职位简介：税收大数据分析
专业要求：数学类、统计学类、计算机类
学历要求：本科及以上
学位要求：与最高学历相对应的学位
政治面貌：不限
基层工作经历：无限制
考试类别：行政执法类
备注：2024届高校毕业生，男性，本单位不提供宿舍，在本单位最低服务年限为5年","https://www.xuanhan.gov.cn/xxgk-show-77635.html#130130-300110230004","2023-10-15","{""dataset_year"":2024,""job_uid"":""GOV-2024-130130-300110230004"",""publisher"":""国家公务员局"",""publication_page"":""https://www.xuanhan.gov.cn/xxgk-show-77635.html"",""attachment_url"":""https://www.xuanhan.gov.cn/uploadfile/1/Attachment/638fdecf51.zip"",""local_source_file"":""中央机关及其直属机构2024年度考试录用公务员招考简章.xls"",""local_source_sha256"":""a1741b99dbecd6d03e533f99f2d69b0fa5a79733e551b80af69986ceed2ad996"",""source_sheet"":""中央国家行政机关省级以下直属机构"",""filter_version"":""government_tech_v2"",""tech_filter"":{""is_tech"":true,""is_core_tech"":true,""scope"":""core"",""categories"":[""computer_software"",""data_ai""],""matched_fields"":[""major"",""description""],""major_terms"":[""计算机类""],""role_terms"":[""大数据"",""数据分析""],""reason"":""tech_major_and_role""},""original"":{""部门代码"":""130130"",""部门名称"":""国家税务总局云南省税务局"",""用人司局"":""国家税务总局开远市税务局"",""机构性质"":""中央国家行政机关省级以下直属机构"",""招考职位"":""一级行政执法员（四）"",""职位属性"":""普通职位"",""职位分布"":""西部地区和艰苦边远地区职位"",""职位简介"":""税收大数据分析"",""职位代码"":""300110230004"",""机构层级"":""县（区）级及以下"",""考试类别"":""行政执法类"",""招考人数"":""1"",""专业"":""数学类、统计学类、计算机类"",""学历"":""本科及以上"",""学位"":""与最高学历相对应的学位"",""政治面貌"":""不限"",""基层工作最低年限"":""无限制"",""服务基层项目工作经历"":""无限制"",""是否在面试阶段组织专业能力测试"":""否"",""面试人员比例"":""3:1"",""工作地点"":""云南省红河哈尼族彝族自治州开远市"",""落户地点"":""云南省红河哈尼族彝族自治州开远市"",""备注"":""2024届高校毕业生，男性，本单位不提供宿舍，在本单位最低服务年限为5年"",""部门网站"":""http://yunnan.chinatax.gov.cn/"",""咨询电话1"":""0871-63121915"",""咨询电话2"":"""",""咨询电话3"":"""",""来源Sheet"":""中央国家行政机关省级以下直属机构""}}"
"government_jobs","国家公务员2024招考简章","公务员/事业单位技术岗位","云南省红河哈尼族彝族自治州建水县","2026-07-28T09:12:58.310295+00:00","一级行政执法员（四）","国家税务总局云南省税务局","","云南省红河哈尼族彝族自治州建水县","公务员/事业单位;2024;computer_software;data_ai;本科及以上;与最高学历相对应的学位;数学类、统计学类、计算机类;行政执法类","用人司局：国家税务总局建水县税务局
职位简介：税收大数据分析
专业要求：数学类、统计学类、计算机类
学历要求：本科及以上
学位要求：与最高学历相对应的学位
政治面貌：不限
基层工作经历：无限制
考试类别：行政执法类
备注：本单位不提供宿舍，在本单位最低服务年限为5年","https://www.xuanhan.gov.cn/xxgk-show-77635.html#130130-300110240004","2023-10-15","{""dataset_year"":2024,""job_uid"":""GOV-2024-130130-300110240004"",""publisher"":""国家公务员局"",""publication_page"":""https://www.xuanhan.gov.cn/xxgk-show-77635.html"",""attachment_url"":""https://www.xuanhan.gov.cn/uploadfile/1/Attachment/638fdecf51.zip"",""local_source_file"":""中央机关及其直属机构2024年度考试录用公务员招考简章.xls"",""local_source_sha256"":""a1741b99dbecd6d03e533f99f2d69b0fa5a79733e551b80af69986ceed2ad996"",""source_sheet"":""中央国家行政机关省级以下直属机构"",""filter_version"":""government_tech_v2"",""tech_filter"":{""is_tech"":true,""is_core_tech"":true,""scope"":""core"",""categories"":[""computer_software"",""data_ai""],""matched_fields"":[""major"",""description""],""major_terms"":[""计算机类""],""role_terms"":[""大数据"",""数据分析""],""reason"":""tech_major_and_role""},""original"":{""部门代码"":""130130"",""部门名称"":""国家税务总局云南省税务局"",""用人司局"":""国家税务总局建水县税务局"",""机构性质"":""中央国家行政机关省级以下直属机构"",""招考职位"":""一级行政执法员（四）"",""职位属性"":""普通职位"",""职位分布"":""西部地区和艰苦边远地区职位"",""职位简介"":""税收大数据分析"",""职位代码"":""300110240004"",""机构层级"":""县（区）级及以下"",""考试类别"":""行政执法类"",""招考人数"":""1"",""专业"":""数学类、统计学类、计算机类"",""学历"":""本科及以上"",""学位"":""与最高学历相对应的学位"",""政治面貌"":""不限"",""基层工作最低年限"":""无限制"",""服务基层项目工作经历"":""无限制"",""是否在面试阶段组织专业能力测试"":""否"",""面试人员比例"":""3:1"",""工作地点"":""云南省红河哈尼族彝族自治州建水县"",""落户地点"":""云南省红河哈尼族彝族自治州建水县"",""备注"":""本单位不提供宿舍，在本单位最低服务年限为5年"",""部门网站"":""http://yunnan.chinatax.gov.cn/"",""咨询电话1"":""0871-63121915"",""咨询电话2"":"""",""咨询电话3"":"""",""来源Sheet"":""中央国家行政机关省级以下直属机构""}}"
"government_jobs","国家公务员2024招考简章","公务员/事业单位技术岗位","云南省红河哈尼族彝族自治州石屏县","2026-07-28T09:12:58.310295+00:00","一级行政执法员（四）","国家税务总局云南省税务局","","云南省红河哈尼族彝族自治州石屏县","公务员/事业单位;2024;computer_software;data_ai;本科及以上;与最高学历相对应的学位;数学类、统计学类、计算机类;行政执法类","用人司局：国家税务总局石屏县税务局
职位简介：税收大数据分析
专业要求：数学类、统计学类、计算机类
学历要求：本科及以上
学位要求：与最高学历相对应的学位
政治面貌：不限
基层工作经历：无限制
考试类别：行政执法类
备注：本单位不提供宿舍，在本单位最低服务年限为5年","https://www.xuanhan.gov.cn/xxgk-show-77635.html#130130-300110245004","2023-10-15","{""dataset_year"":2024,""job_uid"":""GOV-2024-130130-300110245004"",""publisher"":""国家公务员局"",""publication_page"":""https://www.xuanhan.gov.cn/xxgk-show-77635.html"",""attachment_url"":""https://www.xuanhan.gov.cn/uploadfile/1/Attachment/638fdecf51.zip"",""local_source_file"":""中央机关及其直属机构2024年度考试录用公务员招考简章.xls"",""local_source_sha256"":""a1741b99dbecd6d03e533f99f2d69b0fa5a79733e551b80af69986ceed2ad996"",""source_sheet"":""中央国家行政机关省级以下直属机构"",""filter_version"":""government_tech_v2"",""tech_filter"":{""is_tech"":true,""is_core_tech"":true,""scope"":""core"",""categories"":[""computer_software"",""data_ai""],""matched_fields"":[""major"",""description""],""major_terms"":[""计算机类""],""role_terms"":[""大数据"",""数据分析""],""reason"":""tech_major_and_role""},""original"":{""部门代码"":""130130"",""部门名称"":""国家税务总局云南省税务局"",""用人司局"":""国家税务总局石屏县税务局"",""机构性质"":""中央国家行政机关省级以下直属机构"",""招考职位"":""一级行政执法员（四）"",""职位属性"":""普通职位"",""职位分布"":""西部地区和艰苦边远地区职位"",""职位简介"":""税收大数据分析"",""职位代码"":""300110245004"",""机构层级"":""县（区）级及以下"",""考试类别"":""行政执法类"",""招考人数"":""1"",""专业"":""数学类、统计学类、计算机类"",""学历"":""本科及以上"",""学位"":""与最高学历相对应的学位"",""政治面貌"":""不限"",""基层工作最低年限"":""无限制"",""服务基层项目工作经历"":""无限制"",""是否在面试阶段组织专业能力测试"":""否"",""面试人员比例"":""3:1"",""工作地点"":""云南省红河哈尼族彝族自治州石屏县"",""落户地点"":""云南省红河哈尼族彝族自治州石屏县"",""备注"":""本单位不提供宿舍，在本单位最低服务年限为5年"",""部门网站"":""http://yunnan.chinatax.gov.cn/"",""咨询电话1"":""0871-63121915"",""咨询电话2"":"""",""咨询电话3"":"""",""来源Sheet"":""中央国家行政机关省级以下直属机构""}}"
"government_jobs","国家公务员2024招考简章","公务员/事业单位技术岗位","云南省红河哈尼族彝族自治州弥勒市","2026-07-28T09:12:58.310295+00:00","一级行政执法员（三）","国家税务总局云南省税务局","","云南省红河哈尼族彝族自治州弥勒市","公务员/事业单位;2024;computer_software;data_ai;本科及以上;与最高学历相对应的学位;数学类、统计学类、计算机类;行政执法类","用人司局：国家税务总局弥勒市税务局
职位简介：税收大数据分析
专业要求：数学类、统计学类、计算机类
学历要求：本科及以上
学位要求：与最高学历相对应的学位
政治面貌：不限
基层工作经历：无限制
考试类别：行政执法类
备注：本单位不提供宿舍，在本单位最低服务年限为5年，女性","https://www.xuanhan.gov.cn/xxgk-show-77635.html#130130-300110250003","2023-10-15","{""dataset_year"":2024,""job_uid"":""GOV-2024-130130-300110250003"",""publisher"":""国家公务员局"",""publication_page"":""https://www.xuanhan.gov.cn/xxgk-show-77635.html"",""attachment_url"":""https://www.xuanhan.gov.cn/uploadfile/1/Attachment/638fdecf51.zip"",""local_source_file"":""中央机关及其直属机构2024年度考试录用公务员招考简章.xls"",""local_source_sha256"":""a1741b99dbecd6d03e533f99f2d69b0fa5a79733e551b80af69986ceed2ad996"",""source_sheet"":""中央国家行政机关省级以下直属机构"",""filter_version"":""government_tech_v2"",""tech_filter"":{""is_tech"":true,""is_core_tech"":true,""scope"":""core"",""categories"":[""computer_software"",""data_ai""],""matched_fields"":[""major"",""description""],""major_terms"":[""计算机类""],""role_terms"":[""大数据"",""数据分析""],""reason"":""tech_major_and_role""},""original"":{""部门代码"":""130130"",""部门名称"":""国家税务总局云南省税务局"",""用人司局"":""国家税务总局弥勒市税务局"",""机构性质"":""中央国家行政机关省级以下直属机构"",""招考职位"":""一级行政执法员（三）"",""职位属性"":""普通职位"",""职位分布"":""西部地区和艰苦边远地区职位"",""职位简介"":""税收大数据分析"",""职位代码"":""300110250003"",""机构层级"":""县（区）级及以下"",""考试类别"":""行政执法类"",""招考人数"":""1"",""专业"":""数学类、统计学类、计算机类"",""学历"":""本科及以上"",""学位"":""与最高学历相对应的学位"",""政治面貌"":""不限"",""基层工作最低年限"":""无限制"",""服务基层项目工作经历"":""无限制"",""是否在面试阶段组织专业能力测试"":""否"",""面试人员比例"":""3:1"",""工作地点"":""云南省红河哈尼族彝族自治州弥勒市"",""落户地点"":""云南省红河哈尼族彝族自治州弥勒市"",""备注"":""本单位不提供宿舍，在本单位最低服务年限为5年，女性"",""部门网站"":""http://yunnan.chinatax.gov.cn/"",""咨询电话1"":""0871-63121915"",""咨询电话2"":"""",""咨询电话3"":"""",""来源Sheet"":""中央国家行政机关省级以下直属机构""}}"
"government_jobs","国家公务员2024招考简章","公务员/事业单位技术岗位","云南省红河哈尼族彝族自治州弥勒市","2026-07-28T09:12:58.310295+00:00","一级行政执法员（四）","国家税务总局云南省税务局","","云南省红河哈尼族彝族自治州弥勒市","公务员/事业单位;2024;computer_software;data_ai;本科及以上;与最高学历相对应的学位;数学类、统计学类、计算机类;行政执法类","用人司局：国家税务总局弥勒市税务局
职位简介：税收大数据分析
专业要求：数学类、统计学类、计算机类
学历要求：本科及以上
学位要求：与最高学历相对应的学位
政治面貌：不限
基层工作经历：无限制
考试类别：行政执法类
备注：本单位不提供宿舍，在本单位最低服务年限为5年，男性","https://www.xuanhan.gov.cn/xxgk-show-77635.html#130130-300110250004","2023-10-15","{""dataset_year"":2024,""job_uid"":""GOV-2024-130130-300110250004"",""publisher"":""国家公务员局"",""publication_page"":""https://www.xuanhan.gov.cn/xxgk-show-77635.html"",""attachment_url"":""https://www.xuanhan.gov.cn/uploadfile/1/Attachment/638fdecf51.zip"",""local_source_file"":""中央机关及其直属机构2024年度考试录用公务员招考简章.xls"",""local_source_sha256"":""a1741b99dbecd6d03e533f99f2d69b0fa5a79733e551b80af69986ceed2ad996"",""source_sheet"":""中央国家行政机关省级以下直属机构"",""filter_version"":""government_tech_v2"",""tech_filter"":{""is_tech"":true,""is_core_tech"":true,""scope"":""core"",""categories"":[""computer_software"",""data_ai""],""matched_fields"":[""major"",""description""],""major_terms"":[""计算机类""],""role_terms"":[""大数据"",""数据分析""],""reason"":""tech_major_and_role""},""original"":{""部门代码"":""130130"",""部门名称"":""国家税务总局云南省税务局"",""用人司局"":""国家税务总局弥勒市税务局"",""机构性质"":""中央国家行政机关省级以下直属机构"",""招考职位"":""一级行政执法员（四）"",""职位属性"":""普通职位"",""职位分布"":""西部地区和艰苦边远地区职位"",""职位简介"":""税收大数据分析"",""职位代码"":""300110250004"",""机构层级"":""县（区）级及以下"",""考试类别"":""行政执法类"",""招考人数"":""1"",""专业"":""数学类、统计学类、计算机类"",""学历"":""本科及以上"",""学位"":""与最高学历相对应的学位"",""政治面貌"":""不限"",""基层工作最低年限"":""无限制"",""服务基层项目工作经历"":""无限制"",""是否在面试阶段组织专业能力测试"":""否"",""面试人员比例"":""3:1"",""工作地点"":""云南省红河哈尼族彝族自治州弥勒市"",""落户地点"":""云南省红河哈尼族彝族自治州弥勒市"",""备注"":""本单位不提供宿舍，在本单位最低服务年限为5年，男性"",""部门网站"":""http://yunnan.chinatax.gov.cn/"",""咨询电话1"":""0871-63121915"",""咨询电话2"":"""",""咨询电话3"":"""",""来源Sheet"":""中央国家行政机关省级以下直属机构""}}"
"government_jobs","国家公务员2024招考简章","公务员/事业单位技术岗位","云南省红河哈尼族彝族自治州泸西县","2026-07-28T09:12:58.310295+00:00","一级行政执法员（四）","国家税务总局云南省税务局","","云南省红河哈尼族彝族自治州泸西县","公务员/事业单位;2024;computer_software;data_ai;本科及以上;与最高学历相对应的学位;数学类、统计学类、计算机类;行政执法类","用人司局：国家税务总局泸西县税务局
职位简介：税收大数据分析
专业要求：数学类、统计学类、计算机类
学历要求：本科及以上
学位要求：与最高学历相对应的学位
政治面貌：不限
基层工作经历：无限制
考试类别：行政执法类
备注：本单位不提供宿舍，在本单位最低服务年限为5年","https://www.xuanhan.gov.cn/xxgk-show-77635.html#130130-300110255004","2023-10-15","{""dataset_year"":2024,""job_uid"":""GOV-2024-130130-300110255004"",""publisher"":""国家公务员局"",""publication_page"":""https://www.xuanhan.gov.cn/xxgk-show-77635.html"",""attachment_url"":""https://www.xuanhan.gov.cn/uploadfile/1/Attachment/638fdecf51.zip"",""local_source_file"":""中央机关及其直属机构2024年度考试录用公务员招考简章.xls"",""local_source_sha256"":""a1741b99dbecd6d03e533f99f2d69b0fa5a79733e551b80af69986ceed2ad996"",""source_sheet"":""中央国家行政机关省级以下直属机构"",""filter_version"":""government_tech_v2"",""tech_filter"":{""is_tech"":true,""is_core_tech"":true,""scope"":""core"",""categories"":[""computer_software"",""data_ai""],""matched_fields"":[""major"",""description""],""major_terms"":[""计算机类""],""role_terms"":[""大数据"",""数据分析""],""reason"":""tech_major_and_role""},""original"":{""部门代码"":""130130"",""部门名称"":""国家税务总局云南省税务局"",""用人司局"":""国家税务总局泸西县税务局"",""机构性质"":""中央国家行政机关省级以下直属机构"",""招考职位"":""一级行政执法员（四）"",""职位属性"":""普通职位"",""职位分布"":""西部地区和艰苦边远地区职位"",""职位简介"":""税收大数据分析"",""职位代码"":""300110255004"",""机构层级"":""县（区）级及以下"",""考试类别"":""行政执法类"",""招考人数"":""1"",""专业"":""数学类、统计学类、计算机类"",""学历"":""本科及以上"",""学位"":""与最高学历相对应的学位"",""政治面貌"":""不限"",""基层工作最低年限"":""无限制"",""服务基层项目工作经历"":""无限制"",""是否在面试阶段组织专业能力测试"":""否"",""面试人员比例"":""3:1"",""工作地点"":""云南省红河哈尼族彝族自治州泸西县"",""落户地点"":""云南省红河哈尼族彝族自治州泸西县"",""备注"":""本单位不提供宿舍，在本单位最低服务年限为5年"",""部门网站"":""http://yunnan.chinatax.gov.cn/"",""咨询电话1"":""0871-63121915"",""咨询电话2"":"""",""咨询电话3"":"""",""来源Sheet"":""中央国家行政机关省级以下直属机构""}}"
"government_jobs","国家公务员2024招考简章","公务员/事业单位技术岗位","云南省红河哈尼族彝族自治州河口瑶族自治县","2026-07-28T09:12:58.310295+00:00","一级行政执法员（三）","国家税务总局云南省税务局","","云南省红河哈尼族彝族自治州河口瑶族自治县","公务员/事业单位;2024;computer_software;data_ai;本科及以上;与最高学历相对应的学位;数学类、统计学类、计算机类;行政执法类","用人司局：国家税务总局河口县税务局
职位简介：税收大数据分析
专业要求：数学类、统计学类、计算机类
学历要求：本科及以上
学位要求：与最高学历相对应的学位
政治面貌：不限
基层工作经历：无限制
考试类别：行政执法类
备注：2024届高校毕业生，本单位不提供宿舍，在本单位最低服务年限为5年","https://www.xuanhan.gov.cn/xxgk-show-77635.html#130130-300110265004","2023-10-15","{""dataset_year"":2024,""job_uid"":""GOV-2024-130130-300110265004"",""publisher"":""国家公务员局"",""publication_page"":""https://www.xuanhan.gov.cn/xxgk-show-77635.html"",""attachment_url"":""https://www.xuanhan.gov.cn/uploadfile/1/Attachment/638fdecf51.zip"",""local_source_file"":""中央机关及其直属机构2024年度考试录用公务员招考简章.xls"",""local_source_sha256"":""a1741b99dbecd6d03e533f99f2d69b0fa5a79733e551b80af69986ceed2ad996"",""source_sheet"":""中央国家行政机关省级以下直属机构"",""filter_version"":""government_tech_v2"",""tech_filter"":{""is_tech"":true,""is_core_tech"":true,""scope"":""core"",""categories"":[""computer_software"",""data_ai""],""matched_fields"":[""major"",""description""],""major_terms"":[""计算机类""],""role_terms"":[""大数据"",""数据分析""],""reason"":""tech_major_and_role""},""original"":{""部门代码"":""130130"",""部门名称"":""国家税务总局云南省税务局"",""用人司局"":""国家税务总局河口县税务局"",""机构性质"":""中央国家行政机关省级以下直属机构"",""招考职位"":""一级行政执法员（三）"",""职位属性"":""普通职位"",""职位分布"":""西部地区和艰苦边远地区职位"",""职位简介"":""税收大数据分析"",""职位代码"":""300110265004"",""机构层级"":""县（区）级及以下"",""考试类别"":""行政执法类"",""招考人数"":""1"",""专业"":""数学类、统计学类、计算机类"",""学历"":""本科及以上"",""学位"":""与最高学历相对应的学位"",""政治面貌"":""不限"",""基层工作最低年限"":""无限制"",""服务基层项目工作经历"":""无限制"",""是否在面试阶段组织专业能力测试"":""否"",""面试人员比例"":""3:1"",""工作地点"":""云南省红河哈尼族彝族自治州河口瑶族自治县"",""落户地点"":""云南省红河哈尼族彝族自治州河口瑶族自治县"",""备注"":""2024届高校毕业生，本单位不提供宿舍，在本单位最低服务年限为5年"",""部门网站"":""http://yunnan.chinatax.gov.cn/"",""咨询电话1"":""0871-63121915"",""咨询电话2"":"""",""咨询电话3"":"""",""来源Sheet"":""中央国家行政机关省级以下直属机构""}}"
"government_jobs","国家公务员2024招考简章","公务员/事业单位技术岗位","云南省红河哈尼族彝族自治州元阳县","2026-07-28T09:12:58.310295+00:00","一级行政执法员（四）","国家税务总局云南省税务局","","云南省红河哈尼族彝族自治州元阳县","公务员/事业单位;2024;computer_software;data_ai;本科及以上;与最高学历相对应的学位;数学类、统计学类、计算机类、工商管理类;行政执法类","用人司局：国家税务总局元阳县税务局
职位简介：税收大数据分析
专业要求：数学类、统计学类、计算机类、工商管理类
学历要求：本科及以上
学位要求：与最高学历相对应的学位
政治面貌：不限
基层工作经历：无限制
考试类别：行政执法类
备注：红河州户口或红河州生源，本单位不提供宿舍，在本单位最低服务年限为5年","https://www.xuanhan.gov.cn/xxgk-show-77635.html#130130-300110275004","2023-10-15","{""dataset_year"":2024,""job_uid"":""GOV-2024-130130-300110275004"",""publisher"":""国家公务员局"",""publication_page"":""https://www.xuanhan.gov.cn/xxgk-show-77635.html"",""attachment_url"":""https://www.xuanhan.gov.cn/uploadfile/1/Attachment/638fdecf51.zip"",""local_source_file"":""中央机关及其直属机构2024年度考试录用公务员招考简章.xls"",""local_source_sha256"":""a1741b99dbecd6d03e533f99f2d69b0fa5a79733e551b80af69986ceed2ad996"",""source_sheet"":""中央国家行政机关省级以下直属机构"",""filter_version"":""government_tech_v2"",""tech_filter"":{""is_tech"":true,""is_core_tech"":true,""scope"":""core"",""categories"":[""computer_software"",""data_ai""],""matched_fields"":[""major"",""description""],""major_terms"":[""计算机类""],""role_terms"":[""大数据"",""数据分析""],""reason"":""tech_major_and_role""},""original"":{""部门代码"":""130130"",""部门名称"":""国家税务总局云南省税务局"",""用人司局"":""国家税务总局元阳县税务局"",""机构性质"":""中央国家行政机关省级以下直属机构"",""招考职位"":""一级行政执法员（四）"",""职位属性"":""普通职位"",""职位分布"":""西部地区和艰苦边远地区职位"",""职位简介"":""税收大数据分析"",""职位代码"":""300110275004"",""机构层级"":""县（区）级及以下"",""考试类别"":""行政执法类"",""招考人数"":""1"",""专业"":""数学类、统计学类、计算机类、工商管理类"",""学历"":""本科及以上"",""学位"":""与最高学历相对应的学位"",""政治面貌"":""不限"",""基层工作最低年限"":""无限制"",""服务基层项目工作经历"":""无限制"",""是否在面试阶段组织专业能力测试"":""否"",""面试人员比例"":""3:1"",""工作地点"":""云南省红河哈尼族彝族自治州元阳县"",""落户地点"":""云南省红河哈尼族彝族自治州元阳县"",""备注"":""红河州户口或红河州生源，本单位不提供宿舍，在本单位最低服务年限为5年"",""部门网站"":""http://yunnan.chinatax.gov.cn/"",""咨询电话1"":""0871-63121915"",""咨询电话2"":"""",""咨询电话3"":"""",""来源Sheet"":""中央国家行政机关省级以下直属机构""}}"
"government_jobs","国家公务员2024招考简章","公务员/事业单位技术岗位","云南省文山壮族苗族自治州文山市","2026-07-28T09:12:58.310295+00:00","一级行政执法员（三）","国家税务总局云南省税务局","","云南省文山壮族苗族自治州文山市","公务员/事业单位;2024;computer_software;data_ai;本科及以上;与最高学历相对应的学位;数学类、统计学类、计算机类;行政执法类","用人司局：国家税务总局文山市税务局
职位简介：税收大数据分析
专业要求：数学类、统计学类、计算机类
学历要求：本科及以上
学位要求：与最高学历相对应的学位
政治面貌：不限
基层工作经历：无限制
考试类别：行政执法类
备注：2024届高校毕业生，女性，本单位不提供宿舍，在本单位最低服务年限为5年","https://www.xuanhan.gov.cn/xxgk-show-77635.html#130130-300110286003","2023-10-15","{""dataset_year"":2024,""job_uid"":""GOV-2024-130130-300110286003"",""publisher"":""国家公务员局"",""publication_page"":""https://www.xuanhan.gov.cn/xxgk-show-77635.html"",""attachment_url"":""https://www.xuanhan.gov.cn/uploadfile/1/Attachment/638fdecf51.zip"",""local_source_file"":""中央机关及其直属机构2024年度考试录用公务员招考简章.xls"",""local_source_sha256"":""a1741b99dbecd6d03e533f99f2d69b0fa5a79733e551b80af69986ceed2ad996"",""source_sheet"":""中央国家行政机关省级以下直属机构"",""filter_version"":""government_tech_v2"",""tech_filter"":{""is_tech"":true,""is_core_tech"":true,""scope"":""core"",""categories"":[""computer_software"",""data_ai""],""matched_fields"":[""major"",""description""],""major_terms"":[""计算机类""],""role_terms"":[""大数据"",""数据分析""],""reason"":""tech_major_and_role""},""original"":{""部门代码"":""130130"",""部门名称"":""国家税务总局云南省税务局"",""用人司局"":""国家税务总局文山市税务局"",""机构性质"":""中央国家行政机关省级以下直属机构"",""招考职位"":""一级行政执法员（三）"",""职位属性"":""普通职位"",""职位分布"":""西部地区和艰苦边远地区职位"",""职位简介"":""税收大数据分析"",""职位代码"":""300110286003"",""机构层级"":""县（区）级及以下"",""考试类别"":""行政执法类"",""招考人数"":""2"",""专业"":""数学类、统计学类、计算机类"",""学历"":""本科及以上"",""学位"":""与最高学历相对应的学位"",""政治面貌"":""不限"",""基层工作最低年限"":""无限制"",""服务基层项目工作经历"":""无限制"",""是否在面试阶段组织专业能力测试"":""否"",""面试人员比例"":""3:1"",""工作地点"":""云南省文山壮族苗族自治州文山市"",""落户地点"":""云南省文山壮族苗族自治州文山市"",""备注"":""2024届高校毕业生，女性，本单位不提供宿舍，在本单位最低服务年限为5年"",""部门网站"":""http://yunnan.chinatax.gov.cn/"",""咨询电话1"":""0871-63121915"",""咨询电话2"":"""",""咨询电话3"":"""",""来源Sheet"":""中央国家行政机关省级以下直属机构""}}"
"government_jobs","国家公务员2024招考简章","公务员/事业单位技术岗位","云南省文山壮族苗族自治州文山市","2026-07-28T09:12:58.310295+00:00","一级行政执法员（四）","国家税务总局云南省税务局","","云南省文山壮族苗族自治州文山市","公务员/事业单位;2024;computer_software;data_ai;本科及以上;与最高学历相对应的学位;数学类、统计学类、计算机类;行政执法类","用人司局：国家税务总局文山市税务局
职位简介：税收大数据分析
专业要求：数学类、统计学类、计算机类
学历要求：本科及以上
学位要求：与最高学历相对应的学位
政治面貌：不限
基层工作经历：无限制
考试类别：行政执法类
备注：2024届高校毕业生，男性，本单位不提供宿舍，在本单位最低服务年限为5年","https://www.xuanhan.gov.cn/xxgk-show-77635.html#130130-300110286004","2023-10-15","{""dataset_year"":2024,""job_uid"":""GOV-2024-130130-300110286004"",""publisher"":""国家公务员局"",""publication_page"":""https://www.xuanhan.gov.cn/xxgk-show-77635.html"",""attachment_url"":""https://www.xuanhan.gov.cn/uploadfile/1/Attachment/638fdecf51.zip"",""local_source_file"":""中央机关及其直属机构2024年度考试录用公务员招考简章.xls"",""local_source_sha256"":""a1741b99dbecd6d03e533f99f2d69b0fa5a79733e551b80af69986ceed2ad996"",""source_sheet"":""中央国家行政机关省级以下直属机构"",""filter_version"":""government_tech_v2"",""tech_filter"":{""is_tech"":true,""is_core_tech"":true,""scope"":""core"",""categories"":[""computer_software"",""data_ai""],""matched_fields"":[""major"",""description""],""major_terms"":[""计算机类""],""role_terms"":[""大数据"",""数据分析""],""reason"":""tech_major_and_role""},""original"":{""部门代码"":""130130"",""部门名称"":""国家税务总局云南省税务局"",""用人司局"":""国家税务总局文山市税务局"",""机构性质"":""中央国家行政机关省级以下直属机构"",""招考职位"":""一级行政执法员（四）"",""职位属性"":""普通职位"",""职位分布"":""西部地区和艰苦边远地区职位"",""职位简介"":""税收大数据分析"",""职位代码"":""300110286004"",""机构层级"":""县（区）级及以下"",""考试类别"":""行政执法类"",""招考人数"":""2"",""专业"":""数学类、统计学类、计算机类"",""学历"":""本科及以上"",""学位"":""与最高学历相对应的学位"",""政治面貌"":""不限"",""基层工作最低年限"":""无限制"",""服务基层项目工作经历"":""无限制"",""是否在面试阶段组织专业能力测试"":""否"",""面试人员比例"":""3:1"",""工作地点"":""云南省文山壮族苗族自治州文山市"",""落户地点"":""云南省文山壮族苗族自治州文山市"",""备注"":""2024届高校毕业生，男性，本单位不提供宿舍，在本单位最低服务年限为5年"",""部门网站"":""http://yunnan.chinatax.gov.cn/"",""咨询电话1"":""0871-63121915"",""咨询电话2"":"""",""咨询电话3"":"""",""来源Sheet"":""中央国家行政机关省级以下直属机构""}}"
"government_jobs","国家公务员2024招考简章","公务员/事业单位技术岗位","云南省文山壮族苗族自治州砚山县","2026-07-28T09:12:58.310295+00:00","一级行政执法员（三）","国家税务总局云南省税务局","","云南省文山壮族苗族自治州砚山县","公务员/事业单位;2024;computer_software;data_ai;本科及以上;与最高学历相对应的学位;数学类、统计学类、计算机类;行政执法类","用人司局：国家税务总局砚山县税务局
职位简介：税收大数据分析
专业要求：数学类、统计学类、计算机类
学历要求：本科及以上
学位要求：与最高学历相对应的学位
政治面貌：不限
基层工作经历：无限制
考试类别：行政执法类
备注：2024届高校毕业生，女性，本单位不提供宿舍，在本单位最低服务年限为5年","https://www.xuanhan.gov.cn/xxgk-show-77635.html#130130-300110287003","2023-10-15","{""dataset_year"":2024,""job_uid"":""GOV-2024-130130-300110287003"",""publisher"":""国家公务员局"",""publication_page"":""https://www.xuanhan.gov.cn/xxgk-show-77635.html"",""attachment_url"":""https://www.xuanhan.gov.cn/uploadfile/1/Attachment/638fdecf51.zip"",""local_source_file"":""中央机关及其直属机构2024年度考试录用公务员招考简章.xls"",""local_source_sha256"":""a1741b99dbecd6d03e533f99f2d69b0fa5a79733e551b80af69986ceed2ad996"",""source_sheet"":""中央国家行政机关省级以下直属机构"",""filter_version"":""government_tech_v2"",""tech_filter"":{""is_tech"":true,""is_core_tech"":true,""scope"":""core"",""categories"":[""computer_software"",""data_ai""],""matched_fields"":[""major"",""description""],""major_terms"":[""计算机类""],""role_terms"":[""大数据"",""数据分析""],""reason"":""tech_major_and_role""},""original"":{""部门代码"":""130130"",""部门名称"":""国家税务总局云南省税务局"",""用人司局"":""国家税务总局砚山县税务局"",""机构性质"":""中央国家行政机关省级以下直属机构"",""招考职位"":""一级行政执法员（三）"",""职位属性"":""普通职位"",""职位分布"":""西部地区和艰苦边远地区职位"",""职位简介"":""税收大数据分析"",""职位代码"":""300110287003"",""机构层级"":""县（区）级及以下"",""考试类别"":""行政执法类"",""招考人数"":""2"",""专业"":""数学类、统计学类、计算机类"",""学历"":""本科及以上"",""学位"":""与最高学历相对应的学位"",""政治面貌"":""不限"",""基层工作最低年限"":""无限制"",""服务基层项目工作经历"":""无限制"",""是否在面试阶段组织专业能力测试"":""否"",""面试人员比例"":""3:1"",""工作地点"":""云南省文山壮族苗族自治州砚山县"",""落户地点"":""云南省文山壮族苗族自治州砚山县"",""备注"":""2024届高校毕业生，女性，本单位不提供宿舍，在本单位最低服务年限为5年"",""部门网站"":""http://yunnan.chinatax.gov.cn/"",""咨询电话1"":""0871-63121915"",""咨询电话2"":"""",""咨询电话3"":"""",""来源Sheet"":""中央国家行政机关省级以下直属机构""}}"
"government_jobs","国家公务员2024招考简章","公务员/事业单位技术岗位","云南省文山壮族苗族自治州砚山县","2026-07-28T09:12:58.310295+00:00","一级行政执法员（四）","国家税务总局云南省税务局","","云南省文山壮族苗族自治州砚山县","公务员/事业单位;2024;computer_software;data_ai;本科及以上;与最高学历相对应的学位;数学类、统计学类、计算机类;行政执法类","用人司局：国家税务总局砚山县税务局
职位简介：税收大数据分析
专业要求：数学类、统计学类、计算机类
学历要求：本科及以上
学位要求：与最高学历相对应的学位
政治面貌：不限
基层工作经历：无限制
考试类别：行政执法类
备注：2024届高校毕业生，男性，本单位不提供宿舍，在本单位最低服务年限为5年","https://www.xuanhan.gov.cn/xxgk-show-77635.html#130130-300110287004","2023-10-15","{""dataset_year"":2024,""job_uid"":""GOV-2024-130130-300110287004"",""publisher"":""国家公务员局"",""publication_page"":""https://www.xuanhan.gov.cn/xxgk-show-77635.html"",""attachment_url"":""https://www.xuanhan.gov.cn/uploadfile/1/Attachment/638fdecf51.zip"",""local_source_file"":""中央机关及其直属机构2024年度考试录用公务员招考简章.xls"",""local_source_sha256"":""a1741b99dbecd6d03e533f99f2d69b0fa5a79733e551b80af69986ceed2ad996"",""source_sheet"":""中央国家行政机关省级以下直属机构"",""filter_version"":""government_tech_v2"",""tech_filter"":{""is_tech"":true,""is_core_tech"":true,""scope"":""core"",""categories"":[""computer_software"",""data_ai""],""matched_fields"":[""major"",""description""],""major_terms"":[""计算机类""],""role_terms"":[""大数据"",""数据分析""],""reason"":""tech_major_and_role""},""original"":{""部门代码"":""130130"",""部门名称"":""国家税务总局云南省税务局"",""用人司局"":""国家税务总局砚山县税务局"",""机构性质"":""中央国家行政机关省级以下直属机构"",""招考职位"":""一级行政执法员（四）"",""职位属性"":""普通职位"",""职位分布"":""西部地区和艰苦边远地区职位"",""职位简介"":""税收大数据分析"",""职位代码"":""300110287004"",""机构层级"":""县（区）级及以下"",""考试类别"":""行政执法类"",""招考人数"":""2"",""专业"":""数学类、统计学类、计算机类"",""学历"":""本科及以上"",""学位"":""与最高学历相对应的学位"",""政治面貌"":""不限"",""基层工作最低年限"":""无限制"",""服务基层项目工作经历"":""无限制"",""是否在面试阶段组织专业能力测试"":""否"",""面试人员比例"":""3:1"",""工作地点"":""云南省文山壮族苗族自治州砚山县"",""落户地点"":""云南省文山壮族苗族自治州砚山县"",""备注"":""2024届高校毕业生，男性，本单位不提供宿舍，在本单位最低服务年限为5年"",""部门网站"":""http://yunnan.chinatax.gov.cn/"",""咨询电话1"":""0871-63121915"",""咨询电话2"":"""",""咨询电话3"":"""",""来源Sheet"":""中央国家行政机关省级以下直属机构""}}"
"government_jobs","国家公务员2024招考简章","公务员/事业单位技术岗位","云南省文山壮族苗族自治州西畴县","2026-07-28T09:12:58.310295+00:00","一级行政执法员（四）","国家税务总局云南省税务局","","云南省文山壮族苗族自治州西畴县","公务员/事业单位;2024;computer_software;data_ai;本科及以上;与最高学历相对应的学位;数学类、统计学类、计算机类;行政执法类","用人司局：国家税务总局西畴县税务局
职位简介：税收大数据分析
专业要求：数学类、统计学类、计算机类
学历要求：本科及以上
学位要求：与最高学历相对应的学位
政治面貌：不限
基层工作经历：无限制
考试类别：行政执法类
备注：文山州户口或文山州生源，本单位不提供宿舍，在本单位最低服务年限为5年","https://www.xuanhan.gov.cn/xxgk-show-77635.html#130130-300110289004","2023-10-15","{""dataset_year"":2024,""job_uid"":""GOV-2024-130130-300110289004"",""publisher"":""国家公务员局"",""publication_page"":""https://www.xuanhan.gov.cn/xxgk-show-77635.html"",""attachment_url"":""https://www.xuanhan.gov.cn/uploadfile/1/Attachment/638fdecf51.zip"",""local_source_file"":""中央机关及其直属机构2024年度考试录用公务员招考简章.xls"",""local_source_sha256"":""a1741b99dbecd6d03e533f99f2d69b0fa5a79733e551b80af69986ceed2ad996"",""source_sheet"":""中央国家行政机关省级以下直属机构"",""filter_version"":""government_tech_v2"",""tech_filter"":{""is_tech"":true,""is_core_tech"":true,""scope"":""core"",""categories"":[""computer_software"",""data_ai""],""matched_fields"":[""major"",""description""],""major_terms"":[""计算机类""],""role_terms"":[""大数据"",""数据分析""],""reason"":""tech_major_and_role""},""original"":{""部门代码"":""130130"",""部门名称"":""国家税务总局云南省税务局"",""用人司局"":""国家税务总局西畴县税务局"",""机构性质"":""中央国家行政机关省级以下直属机构"",""招考职位"":""一级行政执法员（四）"",""职位属性"":""普通职位"",""职位分布"":""西部地区和艰苦边远地区职位"",""职位简介"":""税收大数据分析"",""职位代码"":""300110289004"",""机构层级"":""县（区）级及以下"",""考试类别"":""行政执法类"",""招考人数"":""2"",""专业"":""数学类、统计学类、计算机类"",""学历"":""本科及以上"",""学位"":""与最高学历相对应的学位"",""政治面貌"":""不限"",""基层工作最低年限"":""无限制"",""服务基层项目工作经历"":""无限制"",""是否在面试阶段组织专业能力测试"":""否"",""面试人员比例"":""3:1"",""工作地点"":""云南省文山壮族苗族自治州西畴县"",""落户地点"":""云南省文山壮族苗族自治州西畴县"",""备注"":""文山州户口或文山州生源，本单位不提供宿舍，在本单位最低服务年限为5年"",""部门网站"":""http://yunnan.chinatax.gov.cn/"",""咨询电话1"":""0871-63121915"",""咨询电话2"":"""",""咨询电话3"":"""",""来源Sheet"":""中央国家行政机关省级以下直属机构""}}"
"government_jobs","国家公务员2024招考简章","公务员/事业单位技术岗位","云南省文山壮族苗族自治州马关县","2026-07-28T09:12:58.310295+00:00","一级行政执法员（三）","国家税务总局云南省税务局","","云南省文山壮族苗族自治州马关县","公务员/事业单位;2024;computer_software;data_ai;本科及以上;与最高学历相对应的学位;数学类、统计学类、计算机类;行政执法类","用人司局：国家税务总局马关县税务局
职位简介：税收大数据分析
专业要求：数学类、统计学类、计算机类
学历要求：本科及以上
学位要求：与最高学历相对应的学位
政治面貌：不限
基层工作经历：无限制
考试类别：行政执法类
备注：2024届高校毕业生，女性，本单位不提供宿舍，在本单位最低服务年限为5年","https://www.xuanhan.gov.cn/xxgk-show-77635.html#130130-300110293003","2023-10-15","{""dataset_year"":2024,""job_uid"":""GOV-2024-130130-300110293003"",""publisher"":""国家公务员局"",""publication_page"":""https://www.xuanhan.gov.cn/xxgk-show-77635.html"",""attachment_url"":""https://www.xuanhan.gov.cn/uploadfile/1/Attachment/638fdecf51.zip"",""local_source_file"":""中央机关及其直属机构2024年度考试录用公务员招考简章.xls"",""local_source_sha256"":""a1741b99dbecd6d03e533f99f2d69b0fa5a79733e551b80af69986ceed2ad996"",""source_sheet"":""中央国家行政机关省级以下直属机构"",""filter_version"":""government_tech_v2"",""tech_filter"":{""is_tech"":true,""is_core_tech"":true,""scope"":""core"",""categories"":[""computer_software"",""data_ai""],""matched_fields"":[""major"",""description""],""major_terms"":[""计算机类""],""role_terms"":[""大数据"",""数据分析""],""reason"":""tech_major_and_role""},""original"":{""部门代码"":""130130"",""部门名称"":""国家税务总局云南省税务局"",""用人司局"":""国家税务总局马关县税务局"",""机构性质"":""中央国家行政机关省级以下直属机构"",""招考职位"":""一级行政执法员（三）"",""职位属性"":""普通职位"",""职位分布"":""西部地区和艰苦边远地区职位"",""职位简介"":""税收大数据分析"",""职位代码"":""300110293003"",""机构层级"":""县（区）级及以下"",""考试类别"":""行政执法类"",""招考人数"":""1"",""专业"":""数学类、统计学类、计算机类"",""学历"":""本科及以上"",""学位"":""与最高学历相对应的学位"",""政治面貌"":""不限"",""基层工作最低年限"":""无限制"",""服务基层项目工作经历"":""无限制"",""是否在面试阶段组织专业能力测试"":""否"",""面试人员比例"":""3:1"",""工作地点"":""云南省文山壮族苗族自治州马关县"",""落户地点"":""云南省文山壮族苗族自治州马关县"",""备注"":""2024届高校毕业生，女性，本单位不提供宿舍，在本单位最低服务年限为5年"",""部门网站"":""http://yunnan.chinatax.gov.cn/"",""咨询电话1"":""0871-63121915"",""咨询电话2"":"""",""咨询电话3"":"""",""来源Sheet"":""中央国家行政机关省级以下直属机构""}}"
"government_jobs","国家公务员2024招考简章","公务员/事业单位技术岗位","云南省文山壮族苗族自治州马关县","2026-07-28T09:12:58.310295+00:00","一级行政执法员（四）","国家税务总局云南省税务局","","云南省文山壮族苗族自治州马关县","公务员/事业单位;2024;computer_software;data_ai;本科及以上;与最高学历相对应的学位;数学类、统计学类、计算机类;行政执法类","用人司局：国家税务总局马关县税务局
职位简介：税收大数据分析
专业要求：数学类、统计学类、计算机类
学历要求：本科及以上
学位要求：与最高学历相对应的学位
政治面貌：不限
基层工作经历：无限制
考试类别：行政执法类
备注：2024届高校毕业生，男性，本单位不提供宿舍，在本单位最低服务年限为5年","https://www.xuanhan.gov.cn/xxgk-show-77635.html#130130-300110293004","2023-10-15","{""dataset_year"":2024,""job_uid"":""GOV-2024-130130-300110293004"",""publisher"":""国家公务员局"",""publication_page"":""https://www.xuanhan.gov.cn/xxgk-show-77635.html"",""attachment_url"":""https://www.xuanhan.gov.cn/uploadfile/1/Attachment/638fdecf51.zip"",""local_source_file"":""中央机关及其直属机构2024年度考试录用公务员招考简章.xls"",""local_source_sha256"":""a1741b99dbecd6d03e533f99f2d69b0fa5a79733e551b80af69986ceed2ad996"",""source_sheet"":""中央国家行政机关省级以下直属机构"",""filter_version"":""government_tech_v2"",""tech_filter"":{""is_tech"":true,""is_core_tech"":true,""scope"":""core"",""categories"":[""computer_software"",""data_ai""],""matched_fields"":[""major"",""description""],""major_terms"":[""计算机类""],""role_terms"":[""大数据"",""数据分析""],""reason"":""tech_major_and_role""},""original"":{""部门代码"":""130130"",""部门名称"":""国家税务总局云南省税务局"",""用人司局"":""国家税务总局马关县税务局"",""机构性质"":""中央国家行政机关省级以下直属机构"",""招考职位"":""一级行政执法员（四）"",""职位属性"":""普通职位"",""职位分布"":""西部地区和艰苦边远地区职位"",""职位简介"":""税收大数据分析"",""职位代码"":""300110293004"",""机构层级"":""县（区）级及以下"",""考试类别"":""行政执法类"",""招考人数"":""1"",""专业"":""数学类、统计学类、计算机类"",""学历"":""本科及以上"",""学位"":""与最高学历相对应的学位"",""政治面貌"":""不限"",""基层工作最低年限"":""无限制"",""服务基层项目工作经历"":""无限制"",""是否在面试阶段组织专业能力测试"":""否"",""面试人员比例"":""3:1"",""工作地点"":""云南省文山壮族苗族自治州马关县"",""落户地点"":""云南省文山壮族苗族自治州马关县"",""备注"":""2024届高校毕业生，男性，本单位不提供宿舍，在本单位最低服务年限为5年"",""部门网站"":""http://yunnan.chinatax.gov.cn/"",""咨询电话1"":""0871-63121915"",""咨询电话2"":"""",""咨询电话3"":"""",""来源Sheet"":""中央国家行政机关省级以下直属机构""}}"
"government_jobs","国家公务员2024招考简章","公务员/事业单位技术岗位","云南省文山壮族苗族自治州广南县","2026-07-28T09:12:58.310295+00:00","一级行政执法员（一）","国家税务总局云南省税务局","","云南省文山壮族苗族自治州广南县","公务员/事业单位;2024;computer_software;data_ai;本科及以上;与最高学历相对应的学位;数学类、统计学类、计算机类;行政执法类","用人司局：国家税务总局广南县税务局
职位简介：税收大数据分析
专业要求：数学类、统计学类、计算机类
学历要求：本科及以上
学位要求：与最高学历相对应的学位
政治面貌：不限
基层工作经历：无限制
考试类别：行政执法类
备注：2024届高校毕业生，女性，本单位不提供宿舍，在本单位最低服务年限为5年","https://www.xuanhan.gov.cn/xxgk-show-77635.html#130130-300110300001","2023-10-15","{""dataset_year"":2024,""job_uid"":""GOV-2024-130130-300110300001"",""publisher"":""国家公务员局"",""publication_page"":""https://www.xuanhan.gov.cn/xxgk-show-77635.html"",""attachment_url"":""https://www.xuanhan.gov.cn/uploadfile/1/Attachment/638fdecf51.zip"",""local_source_file"":""中央机关及其直属机构2024年度考试录用公务员招考简章.xls"",""local_source_sha256"":""a1741b99dbecd6d03e533f99f2d69b0fa5a79733e551b80af69986ceed2ad996"",""source_sheet"":""中央国家行政机关省级以下直属机构"",""filter_version"":""government_tech_v2"",""tech_filter"":{""is_tech"":true,""is_core_tech"":true,""scope"":""core"",""categories"":[""computer_software"",""data_ai""],""matched_fields"":[""major"",""description""],""major_terms"":[""计算机类""],""role_terms"":[""大数据"",""数据分析""],""reason"":""tech_major_and_role""},""original"":{""部门代码"":""130130"",""部门名称"":""国家税务总局云南省税务局"",""用人司局"":""国家税务总局广南县税务局"",""机构性质"":""中央国家行政机关省级以下直属机构"",""招考职位"":""一级行政执法员（一）"",""职位属性"":""普通职位"",""职位分布"":""西部地区和艰苦边远地区职位"",""职位简介"":""税收大数据分析"",""职位代码"":""300110300001"",""机构层级"":""县（区）级及以下"",""考试类别"":""行政执法类"",""招考人数"":""1"",""专业"":""数学类、统计学类、计算机类"",""学历"":""本科及以上"",""学位"":""与最高学历相对应的学位"",""政治面貌"":""不限"",""基层工作最低年限"":""无限制"",""服务基层项目工作经历"":""无限制"",""是否在面试阶段组织专业能力测试"":""否"",""面试人员比例"":""3:1"",""工作地点"":""云南省文山壮族苗族自治州广南县"",""落户地点"":""云南省文山壮族苗族自治州广南县"",""备注"":""2024届高校毕业生，女性，本单位不提供宿舍，在本单位最低服务年限为5年"",""部门网站"":""http://yunnan.chinatax.gov.cn/"",""咨询电话1"":""0871-63121915"",""咨询电话2"":"""",""咨询电话3"":"""",""来源Sheet"":""中央国家行政机关省级以下直属机构""}}"
"government_jobs","国家公务员2024招考简章","公务员/事业单位技术岗位","云南省文山壮族苗族自治州广南县","2026-07-28T09:12:58.310295+00:00","一级行政执法员（二）","国家税务总局云南省税务局","","云南省文山壮族苗族自治州广南县","公务员/事业单位;2024;computer_software;data_ai;本科及以上;与最高学历相对应的学位;数学类、统计学类、计算机类;行政执法类","用人司局：国家税务总局广南县税务局
职位简介：税收大数据分析
专业要求：数学类、统计学类、计算机类
学历要求：本科及以上
学位要求：与最高学历相对应的学位
政治面貌：不限
基层工作经历：无限制
考试类别：行政执法类
备注：2024届高校毕业生，男性，本单位不提供宿舍，在本单位最低服务年限为5年","https://www.xuanhan.gov.cn/xxgk-show-77635.html#130130-300110300002","2023-10-15","{""dataset_year"":2024,""job_uid"":""GOV-2024-130130-300110300002"",""publisher"":""国家公务员局"",""publication_page"":""https://www.xuanhan.gov.cn/xxgk-show-77635.html"",""attachment_url"":""https://www.xuanhan.gov.cn/uploadfile/1/Attachment/638fdecf51.zip"",""local_source_file"":""中央机关及其直属机构2024年度考试录用公务员招考简章.xls"",""local_source_sha256"":""a1741b99dbecd6d03e533f99f2d69b0fa5a79733e551b80af69986ceed2ad996"",""source_sheet"":""中央国家行政机关省级以下直属机构"",""filter_version"":""government_tech_v2"",""tech_filter"":{""is_tech"":true,""is_core_tech"":true,""scope"":""core"",""categories"":[""computer_software"",""data_ai""],""matched_fields"":[""major"",""description""],""major_terms"":[""计算机类""],""role_terms"":[""大数据"",""数据分析""],""reason"":""tech_major_and_role""},""original"":{""部门代码"":""130130"",""部门名称"":""国家税务总局云南省税务局"",""用人司局"":""国家税务总局广南县税务局"",""机构性质"":""中央国家行政机关省级以下直属机构"",""招考职位"":""一级行政执法员（二）"",""职位属性"":""普通职位"",""职位分布"":""西部地区和艰苦边远地区职位"",""职位简介"":""税收大数据分析"",""职位代码"":""300110300002"",""机构层级"":""县（区）级及以下"",""考试类别"":""行政执法类"",""招考人数"":""1"",""专业"":""数学类、统计学类、计算机类"",""学历"":""本科及以上"",""学位"":""与最高学历相对应的学位"",""政治面貌"":""不限"",""基层工作最低年限"":""无限制"",""服务基层项目工作经历"":""无限制"",""是否在面试阶段组织专业能力测试"":""否"",""面试人员比例"":""3:1"",""工作地点"":""云南省文山壮族苗族自治州广南县"",""落户地点"":""云南省文山壮族苗族自治州广南县"",""备注"":""2024届高校毕业生，男性，本单位不提供宿舍，在本单位最低服务年限为5年"",""部门网站"":""http://yunnan.chinatax.gov.cn/"",""咨询电话1"":""0871-63121915"",""咨询电话2"":"""",""咨询电话3"":"""",""来源Sheet"":""中央国家行政机关省级以下直属机构""}}"
"government_jobs","国家公务员2024招考简章","公务员/事业单位技术岗位","云南省文山壮族苗族自治州富宁县","2026-07-28T09:12:58.310295+00:00","一级行政执法员（一）","国家税务总局云南省税务局","","云南省文山壮族苗族自治州富宁县","公务员/事业单位;2024;computer_software;data_ai;本科及以上;与最高学历相对应的学位;数学类、统计学类、计算机类;行政执法类","用人司局：国家税务总局富宁县税务局
职位简介：税收大数据分析
专业要求：数学类、统计学类、计算机类
学历要求：本科及以上
学位要求：与最高学历相对应的学位
政治面貌：不限
基层工作经历：无限制
考试类别：行政执法类
备注：2024届高校毕业生，女性，本单位不提供宿舍，在本单位最低服务年限为5年","https://www.xuanhan.gov.cn/xxgk-show-77635.html#130130-300110305001","2023-10-15","{""dataset_year"":2024,""job_uid"":""GOV-2024-130130-300110305001"",""publisher"":""国家公务员局"",""publication_page"":""https://www.xuanhan.gov.cn/xxgk-show-77635.html"",""attachment_url"":""https://www.xuanhan.gov.cn/uploadfile/1/Attachment/638fdecf51.zip"",""local_source_file"":""中央机关及其直属机构2024年度考试录用公务员招考简章.xls"",""local_source_sha256"":""a1741b99dbecd6d03e533f99f2d69b0fa5a79733e551b80af69986ceed2ad996"",""source_sheet"":""中央国家行政机关省级以下直属机构"",""filter_version"":""government_tech_v2"",""tech_filter"":{""is_tech"":true,""is_core_tech"":true,""scope"":""core"",""categories"":[""computer_software"",""data_ai""],""matched_fields"":[""major"",""description""],""major_terms"":[""计算机类""],""role_terms"":[""大数据"",""数据分析""],""reason"":""tech_major_and_role""},""original"":{""部门代码"":""130130"",""部门名称"":""国家税务总局云南省税务局"",""用人司局"":""国家税务总局富宁县税务局"",""机构性质"":""中央国家行政机关省级以下直属机构"",""招考职位"":""一级行政执法员（一）"",""职位属性"":""普通职位"",""职位分布"":""西部地区和艰苦边远地区职位"",""职位简介"":""税收大数据分析"",""职位代码"":""300110305001"",""机构层级"":""县（区）级及以下"",""考试类别"":""行政执法类"",""招考人数"":""1"",""专业"":""数学类、统计学类、计算机类"",""学历"":""本科及以上"",""学位"":""与最高学历相对应的学位"",""政治面貌"":""不限"",""基层工作最低年限"":""无限制"",""服务基层项目工作经历"":""无限制"",""是否在面试阶段组织专业能力测试"":""否"",""面试人员比例"":""3:1"",""工作地点"":""云南省文山壮族苗族自治州富宁县"",""落户地点"":""云南省文山壮族苗族自治州富宁县"",""备注"":""2024届高校毕业生，女性，本单位不提供宿舍，在本单位最低服务年限为5年"",""部门网站"":""http://yunnan.chinatax.gov.cn/"",""咨询电话1"":""0871-63121915"",""咨询电话2"":"""",""咨询电话3"":"""",""来源Sheet"":""中央国家行政机关省级以下直属机构""}}"
"government_jobs","国家公务员2024招考简章","公务员/事业单位技术岗位","云南省文山壮族苗族自治州富宁县","2026-07-28T09:12:58.310295+00:00","一级行政执法员（二）","国家税务总局云南省税务局","","云南省文山壮族苗族自治州富宁县","公务员/事业单位;2024;computer_software;data_ai;本科及以上;与最高学历相对应的学位;数学类、统计学类、计算机类;行政执法类","用人司局：国家税务总局富宁县税务局
职位简介：税收大数据分析
专业要求：数学类、统计学类、计算机类
学历要求：本科及以上
学位要求：与最高学历相对应的学位
政治面貌：不限
基层工作经历：无限制
考试类别：行政执法类
备注：2024届高校毕业生，男性，本单位不提供宿舍，在本单位最低服务年限为5年","https://www.xuanhan.gov.cn/xxgk-show-77635.html#130130-300110305002","2023-10-15","{""dataset_year"":2024,""job_uid"":""GOV-2024-130130-300110305002"",""publisher"":""国家公务员局"",""publication_page"":""https://www.xuanhan.gov.cn/xxgk-show-77635.html"",""attachment_url"":""https://www.xuanhan.gov.cn/uploadfile/1/Attachment/638fdecf51.zip"",""local_source_file"":""中央机关及其直属机构2024年度考试录用公务员招考简章.xls"",""local_source_sha256"":""a1741b99dbecd6d03e533f99f2d69b0fa5a79733e551b80af69986ceed2ad996"",""source_sheet"":""中央国家行政机关省级以下直属机构"",""filter_version"":""government_tech_v2"",""tech_filter"":{""is_tech"":true,""is_core_tech"":true,""scope"":""core"",""categories"":[""computer_software"",""data_ai""],""matched_fields"":[""major"",""description""],""major_terms"":[""计算机类""],""role_terms"":[""大数据"",""数据分析""],""reason"":""tech_major_and_role""},""original"":{""部门代码"":""130130"",""部门名称"":""国家税务总局云南省税务局"",""用人司局"":""国家税务总局富宁县税务局"",""机构性质"":""中央国家行政机关省级以下直属机构"",""招考职位"":""一级行政执法员（二）"",""职位属性"":""普通职位"",""职位分布"":""西部地区和艰苦边远地区职位"",""职位简介"":""税收大数据分析"",""职位代码"":""300110305002"",""机构层级"":""县（区）级及以下"",""考试类别"":""行政执法类"",""招考人数"":""1"",""专业"":""数学类、统计学类、计算机类"",""学历"":""本科及以上"",""学位"":""与最高学历相对应的学位"",""政治面貌"":""不限"",""基层工作最低年限"":""无限制"",""服务基层项目工作经历"":""无限制"",""是否在面试阶段组织专业能力测试"":""否"",""面试人员比例"":""3:1"",""工作地点"":""云南省文山壮族苗族自治州富宁县"",""落户地点"":""云南省文山壮族苗族自治州富宁县"",""备注"":""2024届高校毕业生，男性，本单位不提供宿舍，在本单位最低服务年限为5年"",""部门网站"":""http://yunnan.chinatax.gov.cn/"",""咨询电话1"":""0871-63121915"",""咨询电话2"":"""",""咨询电话3"":"""",""来源Sheet"":""中央国家行政机关省级以下直属机构""}}"
"government_jobs","国家公务员2024招考简章","公务员/事业单位技术岗位","云南省普洱市思茅区","2026-07-28T09:12:58.310295+00:00","一级行政执法员（一）","国家税务总局云南省税务局","","云南省普洱市思茅区","公务员/事业单位;2024;computer_software;data_ai;本科及以上;与最高学历相对应的学位;数学类、统计学类、计算机类;行政执法类","用人司局：国家税务总局普洱市思茅区税务局
职位简介：税收大数据分析
专业要求：数学类、统计学类、计算机类
学历要求：本科及以上
学位要求：与最高学历相对应的学位
政治面貌：不限
基层工作经历：无限制
考试类别：行政执法类
备注：2024届高校毕业生，女性，本单位不提供宿舍，在本单位最低服务年限为5年","https://www.xuanhan.gov.cn/xxgk-show-77635.html#130130-300110308001","2023-10-15","{""dataset_year"":2024,""job_uid"":""GOV-2024-130130-300110308001"",""publisher"":""国家公务员局"",""publication_page"":""https://www.xuanhan.gov.cn/xxgk-show-77635.html"",""attachment_url"":""https://www.xuanhan.gov.cn/uploadfile/1/Attachment/638fdecf51.zip"",""local_source_file"":""中央机关及其直属机构2024年度考试录用公务员招考简章.xls"",""local_source_sha256"":""a1741b99dbecd6d03e533f99f2d69b0fa5a79733e551b80af69986ceed2ad996"",""source_sheet"":""中央国家行政机关省级以下直属机构"",""filter_version"":""government_tech_v2"",""tech_filter"":{""is_tech"":true,""is_core_tech"":true,""scope"":""core"",""categories"":[""computer_software"",""data_ai""],""matched_fields"":[""major"",""description""],""major_terms"":[""计算机类""],""role_terms"":[""大数据"",""数据分析""],""reason"":""tech_major_and_role""},""original"":{""部门代码"":""130130"",""部门名称"":""国家税务总局云南省税务局"",""用人司局"":""国家税务总局普洱市思茅区税务局"",""机构性质"":""中央国家行政机关省级以下直属机构"",""招考职位"":""一级行政执法员（一）"",""职位属性"":""普通职位"",""职位分布"":""西部地区和艰苦边远地区职位"",""职位简介"":""税收大数据分析"",""职位代码"":""300110308001"",""机构层级"":""县（区）级及以下"",""考试类别"":""行政执法类"",""招考人数"":""2"",""专业"":""数学类、统计学类、计算机类"",""学历"":""本科及以上"",""学位"":""与最高学历相对应的学位"",""政治面貌"":""不限"",""基层工作最低年限"":""无限制"",""服务基层项目工作经历"":""无限制"",""是否在面试阶段组织专业能力测试"":""否"",""面试人员比例"":""3:1"",""工作地点"":""云南省普洱市思茅区"",""落户地点"":""云南省普洱市思茅区"",""备注"":""2024届高校毕业生，女性，本单位不提供宿舍，在本单位最低服务年限为5年"",""部门网站"":""http://yunnan.chinatax.gov.cn/"",""咨询电话1"":""0871-63121915"",""咨询电话2"":"""",""咨询电话3"":"""",""来源Sheet"":""中央国家行政机关省级以下直属机构""}}"
"government_jobs","国家公务员2024招考简章","公务员/事业单位技术岗位","云南省普洱市思茅区","2026-07-28T09:12:58.310295+00:00","一级行政执法员（二）","国家税务总局云南省税务局","","云南省普洱市思茅区","公务员/事业单位;2024;computer_software;data_ai;本科及以上;与最高学历相对应的学位;数学类、统计学类、计算机类;行政执法类","用人司局：国家税务总局普洱市思茅区税务局
职位简介：税收大数据分析
专业要求：数学类、统计学类、计算机类
学历要求：本科及以上
学位要求：与最高学历相对应的学位
政治面貌：不限
基层工作经历：无限制
考试类别：行政执法类
备注：2024届高校毕业生，男性，本单位不提供宿舍，在本单位最低服务年限为5年","https://www.xuanhan.gov.cn/xxgk-show-77635.html#130130-300110308002","2023-10-15","{""dataset_year"":2024,""job_uid"":""GOV-2024-130130-300110308002"",""publisher"":""国家公务员局"",""publication_page"":""https://www.xuanhan.gov.cn/xxgk-show-77635.html"",""attachment_url"":""https://www.xuanhan.gov.cn/uploadfile/1/Attachment/638fdecf51.zip"",""local_source_file"":""中央机关及其直属机构2024年度考试录用公务员招考简章.xls"",""local_source_sha256"":""a1741b99dbecd6d03e533f99f2d69b0fa5a79733e551b80af69986ceed2ad996"",""source_sheet"":""中央国家行政机关省级以下直属机构"",""filter_version"":""government_tech_v2"",""tech_filter"":{""is_tech"":true,""is_core_tech"":true,""scope"":""core"",""categories"":[""computer_software"",""data_ai""],""matched_fields"":[""major"",""description""],""major_terms"":[""计算机类""],""role_terms"":[""大数据"",""数据分析""],""reason"":""tech_major_and_role""},""original"":{""部门代码"":""130130"",""部门名称"":""国家税务总局云南省税务局"",""用人司局"":""国家税务总局普洱市思茅区税务局"",""机构性质"":""中央国家行政机关省级以下直属机构"",""招考职位"":""一级行政执法员（二）"",""职位属性"":""普通职位"",""职位分布"":""西部地区和艰苦边远地区职位"",""职位简介"":""税收大数据分析"",""职位代码"":""300110308002"",""机构层级"":""县（区）级及以下"",""考试类别"":""行政执法类"",""招考人数"":""2"",""专业"":""数学类、统计学类、计算机类"",""学历"":""本科及以上"",""学位"":""与最高学历相对应的学位"",""政治面貌"":""不限"",""基层工作最低年限"":""无限制"",""服务基层项目工作经历"":""无限制"",""是否在面试阶段组织专业能力测试"":""否"",""面试人员比例"":""3:1"",""工作地点"":""云南省普洱市思茅区"",""落户地点"":""云南省普洱市思茅区"",""备注"":""2024届高校毕业生，男性，本单位不提供宿舍，在本单位最低服务年限为5年"",""部门网站"":""http://yunnan.chinatax.gov.cn/"",""咨询电话1"":""0871-63121915"",""咨询电话2"":"""",""咨询电话3"":"""",""来源Sheet"":""中央国家行政机关省级以下直属机构""}}"
"government_jobs","国家公务员2024招考简章","公务员/事业单位技术岗位","云南省普洱市宁洱哈尼族彝族自治县","2026-07-28T09:12:58.310295+00:00","一级行政执法员（三）","国家税务总局云南省税务局","","云南省普洱市宁洱哈尼族彝族自治县","公务员/事业单位;2024;computer_software;data_ai;本科及以上;与最高学历相对应的学位;数学类、统计学类、计算机类;行政执法类","用人司局：国家税务总局宁洱县税务局
职位简介：税收大数据分析
专业要求：数学类、统计学类、计算机类
学历要求：本科及以上
学位要求：与最高学历相对应的学位
政治面貌：不限
基层工作经历：无限制
考试类别：行政执法类
备注：2024届高校毕业生，女性，本单位不提供宿舍，在本单位最低服务年限为5年","https://www.xuanhan.gov.cn/xxgk-show-77635.html#130130-300110310003","2023-10-15","{""dataset_year"":2024,""job_uid"":""GOV-2024-130130-300110310003"",""publisher"":""国家公务员局"",""publication_page"":""https://www.xuanhan.gov.cn/xxgk-show-77635.html"",""attachment_url"":""https://www.xuanhan.gov.cn/uploadfile/1/Attachment/638fdecf51.zip"",""local_source_file"":""中央机关及其直属机构2024年度考试录用公务员招考简章.xls"",""local_source_sha256"":""a1741b99dbecd6d03e533f99f2d69b0fa5a79733e551b80af69986ceed2ad996"",""source_sheet"":""中央国家行政机关省级以下直属机构"",""filter_version"":""government_tech_v2"",""tech_filter"":{""is_tech"":true,""is_core_tech"":true,""scope"":""core"",""categories"":[""computer_software"",""data_ai""],""matched_fields"":[""major"",""description""],""major_terms"":[""计算机类""],""role_terms"":[""大数据"",""数据分析""],""reason"":""tech_major_and_role""},""original"":{""部门代码"":""130130"",""部门名称"":""国家税务总局云南省税务局"",""用人司局"":""国家税务总局宁洱县税务局"",""机构性质"":""中央国家行政机关省级以下直属机构"",""招考职位"":""一级行政执法员（三）"",""职位属性"":""普通职位"",""职位分布"":""西部地区和艰苦边远地区职位"",""职位简介"":""税收大数据分析"",""职位代码"":""300110310003"",""机构层级"":""县（区）级及以下"",""考试类别"":""行政执法类"",""招考人数"":""1"",""专业"":""数学类、统计学类、计算机类"",""学历"":""本科及以上"",""学位"":""与最高学历相对应的学位"",""政治面貌"":""不限"",""基层工作最低年限"":""无限制"",""服务基层项目工作经历"":""无限制"",""是否在面试阶段组织专业能力测试"":""否"",""面试人员比例"":""3:1"",""工作地点"":""云南省普洱市宁洱哈尼族彝族自治县"",""落户地点"":""云南省普洱市宁洱哈尼族彝族自治县"",""备注"":""2024届高校毕业生，女性，本单位不提供宿舍，在本单位最低服务年限为5年"",""部门网站"":""http://yunnan.chinatax.gov.cn/"",""咨询电话1"":""0871-63121915"",""咨询电话2"":"""",""咨询电话3"":"""",""来源Sheet"":""中央国家行政机关省级以下直属机构""}}"
"government_jobs","国家公务员2024招考简章","公务员/事业单位技术岗位","云南省普洱市宁洱哈尼族彝族自治县","2026-07-28T09:12:58.310295+00:00","一级行政执法员（四）","国家税务总局云南省税务局","","云南省普洱市宁洱哈尼族彝族自治县","公务员/事业单位;2024;computer_software;data_ai;本科及以上;与最高学历相对应的学位;数学类、统计学类、计算机类;行政执法类","用人司局：国家税务总局宁洱县税务局
职位简介：税收大数据分析
专业要求：数学类、统计学类、计算机类
学历要求：本科及以上
学位要求：与最高学历相对应的学位
政治面貌：不限
基层工作经历：无限制
考试类别：行政执法类
备注：2024届高校毕业生，男性，本单位不提供宿舍，在本单位最低服务年限为5年","https://www.xuanhan.gov.cn/xxgk-show-77635.html#130130-300110310004","2023-10-15","{""dataset_year"":2024,""job_uid"":""GOV-2024-130130-300110310004"",""publisher"":""国家公务员局"",""publication_page"":""https://www.xuanhan.gov.cn/xxgk-show-77635.html"",""attachment_url"":""https://www.xuanhan.gov.cn/uploadfile/1/Attachment/638fdecf51.zip"",""local_source_file"":""中央机关及其直属机构2024年度考试录用公务员招考简章.xls"",""local_source_sha256"":""a1741b99dbecd6d03e533f99f2d69b0fa5a79733e551b80af69986ceed2ad996"",""source_sheet"":""中央国家行政机关省级以下直属机构"",""filter_version"":""government_tech_v2"",""tech_filter"":{""is_tech"":true,""is_core_tech"":true,""scope"":""core"",""categories"":[""computer_software"",""data_ai""],""matched_fields"":[""major"",""description""],""major_terms"":[""计算机类""],""role_terms"":[""大数据"",""数据分析""],""reason"":""tech_major_and_role""},""original"":{""部门代码"":""130130"",""部门名称"":""国家税务总局云南省税务局"",""用人司局"":""国家税务总局宁洱县税务局"",""机构性质"":""中央国家行政机关省级以下直属机构"",""招考职位"":""一级行政执法员（四）"",""职位属性"":""普通职位"",""职位分布"":""西部地区和艰苦边远地区职位"",""职位简介"":""税收大数据分析"",""职位代码"":""300110310004"",""机构层级"":""县（区）级及以下"",""考试类别"":""行政执法类"",""招考人数"":""1"",""专业"":""数学类、统计学类、计算机类"",""学历"":""本科及以上"",""学位"":""与最高学历相对应的学位"",""政治面貌"":""不限"",""基层工作最低年限"":""无限制"",""服务基层项目工作经历"":""无限制"",""是否在面试阶段组织专业能力测试"":""否"",""面试人员比例"":""3:1"",""工作地点"":""云南省普洱市宁洱哈尼族彝族自治县"",""落户地点"":""云南省普洱市宁洱哈尼族彝族自治县"",""备注"":""2024届高校毕业生，男性，本单位不提供宿舍，在本单位最低服务年限为5年"",""部门网站"":""http://yunnan.chinatax.gov.cn/"",""咨询电话1"":""0871-63121915"",""咨询电话2"":"""",""咨询电话3"":"""",""来源Sheet"":""中央国家行政机关省级以下直属机构""}}"
"government_jobs","国家公务员2024招考简章","公务员/事业单位技术岗位","云南省普洱市镇沅彝族哈尼族拉祜族自治县","2026-07-28T09:12:58.310295+00:00","一级行政执法员（一）","国家税务总局云南省税务局","","云南省普洱市镇沅彝族哈尼族拉祜族自治县","公务员/事业单位;2024;computer_software;data_ai;electronics_communication;本科及以上;与最高学历相对应的学位;数学类、统计学类、电子信息类、计算机类;行政执法类","用人司局：国家税务总局镇沅县税务局
职位简介：税收大数据分析
专业要求：数学类、统计学类、电子信息类、计算机类
学历要求：本科及以上
学位要求：与最高学历相对应的学位
政治面貌：不限
基层工作经历：无限制
考试类别：行政执法类
备注：2024届高校毕业生，女性，本单位不提供宿舍，在本单位最低服务年限为5年","https://www.xuanhan.gov.cn/xxgk-show-77635.html#130130-300110323001","2023-10-15","{""dataset_year"":2024,""job_uid"":""GOV-2024-130130-300110323001"",""publisher"":""国家公务员局"",""publication_page"":""https://www.xuanhan.gov.cn/xxgk-show-77635.html"",""attachment_url"":""https://www.xuanhan.gov.cn/uploadfile/1/Attachment/638fdecf51.zip"",""local_source_file"":""中央机关及其直属机构2024年度考试录用公务员招考简章.xls"",""local_source_sha256"":""a1741b99dbecd6d03e533f99f2d69b0fa5a79733e551b80af69986ceed2ad996"",""source_sheet"":""中央国家行政机关省级以下直属机构"",""filter_version"":""government_tech_v2"",""tech_filter"":{""is_tech"":true,""is_core_tech"":true,""scope"":""core"",""categories"":[""computer_software"",""data_ai"",""electronics_communication""],""matched_fields"":[""major"",""description""],""major_terms"":[""电子信息类"",""计算机类""],""role_terms"":[""大数据"",""数据分析""],""reason"":""tech_major_and_role""},""original"":{""部门代码"":""130130"",""部门名称"":""国家税务总局云南省税务局"",""用人司局"":""国家税务总局镇沅县税务局"",""机构性质"":""中央国家行政机关省级以下直属机构"",""招考职位"":""一级行政执法员（一）"",""职位属性"":""普通职位"",""职位分布"":""西部地区和艰苦边远地区职位"",""职位简介"":""税收大数据分析"",""职位代码"":""300110323001"",""机构层级"":""县（区）级及以下"",""考试类别"":""行政执法类"",""招考人数"":""1"",""专业"":""数学类、统计学类、电子信息类、计算机类"",""学历"":""本科及以上"",""学位"":""与最高学历相对应的学位"",""政治面貌"":""不限"",""基层工作最低年限"":""无限制"",""服务基层项目工作经历"":""无限制"",""是否在面试阶段组织专业能力测试"":""否"",""面试人员比例"":""3:1"",""工作地点"":""云南省普洱市镇沅彝族哈尼族拉祜族自治县"",""落户地点"":""云南省普洱市镇沅彝族哈尼族拉祜族自治县"",""备注"":""2024届高校毕业生，女性，本单位不提供宿舍，在本单位最低服务年限为5年"",""部门网站"":""http://yunnan.chinatax.gov.cn/"",""咨询电话1"":""0871-63121915"",""咨询电话2"":"""",""咨询电话3"":"""",""来源Sheet"":""中央国家行政机关省级以下直属机构""}}"
"government_jobs","国家公务员2024招考简章","公务员/事业单位技术岗位","云南省普洱市镇沅彝族哈尼族拉祜族自治县","2026-07-28T09:12:58.310295+00:00","一级行政执法员（二）","国家税务总局云南省税务局","","云南省普洱市镇沅彝族哈尼族拉祜族自治县","公务员/事业单位;2024;computer_software;data_ai;electronics_communication;本科及以上;与最高学历相对应的学位;数学类、统计学类、电子信息类、计算机类;行政执法类","用人司局：国家税务总局镇沅县税务局
职位简介：税收大数据分析
专业要求：数学类、统计学类、电子信息类、计算机类
学历要求：本科及以上
学位要求：与最高学历相对应的学位
政治面貌：不限
基层工作经历：无限制
考试类别：行政执法类
备注：2024届高校毕业生，男性，本单位不提供宿舍，在本单位最低服务年限为5年","https://www.xuanhan.gov.cn/xxgk-show-77635.html#130130-300110323002","2023-10-15","{""dataset_year"":2024,""job_uid"":""GOV-2024-130130-300110323002"",""publisher"":""国家公务员局"",""publication_page"":""https://www.xuanhan.gov.cn/xxgk-show-77635.html"",""attachment_url"":""https://www.xuanhan.gov.cn/uploadfile/1/Attachment/638fdecf51.zip"",""local_source_file"":""中央机关及其直属机构2024年度考试录用公务员招考简章.xls"",""local_source_sha256"":""a1741b99dbecd6d03e533f99f2d69b0fa5a79733e551b80af69986ceed2ad996"",""source_sheet"":""中央国家行政机关省级以下直属机构"",""filter_version"":""government_tech_v2"",""tech_filter"":{""is_tech"":true,""is_core_tech"":true,""scope"":""core"",""categories"":[""computer_software"",""data_ai"",""electronics_communication""],""matched_fields"":[""major"",""description""],""major_terms"":[""电子信息类"",""计算机类""],""role_terms"":[""大数据"",""数据分析""],""reason"":""tech_major_and_role""},""original"":{""部门代码"":""130130"",""部门名称"":""国家税务总局云南省税务局"",""用人司局"":""国家税务总局镇沅县税务局"",""机构性质"":""中央国家行政机关省级以下直属机构"",""招考职位"":""一级行政执法员（二）"",""职位属性"":""普通职位"",""职位分布"":""西部地区和艰苦边远地区职位"",""职位简介"":""税收大数据分析"",""职位代码"":""300110323002"",""机构层级"":""县（区）级及以下"",""考试类别"":""行政执法类"",""招考人数"":""1"",""专业"":""数学类、统计学类、电子信息类、计算机类"",""学历"":""本科及以上"",""学位"":""与最高学历相对应的学位"",""政治面貌"":""不限"",""基层工作最低年限"":""无限制"",""服务基层项目工作经历"":""无限制"",""是否在面试阶段组织专业能力测试"":""否"",""面试人员比例"":""3:1"",""工作地点"":""云南省普洱市镇沅彝族哈尼族拉祜族自治县"",""落户地点"":""云南省普洱市镇沅彝族哈尼族拉祜族自治县"",""备注"":""2024届高校毕业生，男性，本单位不提供宿舍，在本单位最低服务年限为5年"",""部门网站"":""http://yunnan.chinatax.gov.cn/"",""咨询电话1"":""0871-63121915"",""咨询电话2"":"""",""咨询电话3"":"""",""来源Sheet"":""中央国家行政机关省级以下直属机构""}}"
"government_jobs","国家公务员2024招考简章","公务员/事业单位技术岗位","云南省普洱市镇沅彝族哈尼族拉祜族自治县","2026-07-28T09:12:58.310295+00:00","一级行政执法员（三）","国家税务总局云南省税务局","","云南省普洱市镇沅彝族哈尼族拉祜族自治县","公务员/事业单位;2024;computer_software;data_ai;electronics_communication;本科及以上;与最高学历相对应的学位;数学类、能源动力类、电气类、电子信息类、计算机类;行政执法类","用人司局：国家税务总局镇沅县税务局
职位简介：税收大数据分析
专业要求：数学类、能源动力类、电气类、电子信息类、计算机类
学历要求：本科及以上
学位要求：与最高学历相对应的学位
政治面貌：不限
基层工作经历：无限制
考试类别：行政执法类
备注：本单位不提供宿舍，在本单位最低服务年限为5年","https://www.xuanhan.gov.cn/xxgk-show-77635.html#130130-300110323003","2023-10-15","{""dataset_year"":2024,""job_uid"":""GOV-2024-130130-300110323003"",""publisher"":""国家公务员局"",""publication_page"":""https://www.xuanhan.gov.cn/xxgk-show-77635.html"",""attachment_url"":""https://www.xuanhan.gov.cn/uploadfile/1/Attachment/638fdecf51.zip"",""local_source_file"":""中央机关及其直属机构2024年度考试录用公务员招考简章.xls"",""local_source_sha256"":""a1741b99dbecd6d03e533f99f2d69b0fa5a79733e551b80af69986ceed2ad996"",""source_sheet"":""中央国家行政机关省级以下直属机构"",""filter_version"":""government_tech_v2"",""tech_filter"":{""is_tech"":true,""is_core_tech"":true,""scope"":""core"",""categories"":[""computer_software"",""data_ai"",""electronics_communication""],""matched_fields"":[""major"",""description""],""major_terms"":[""电子信息类"",""计算机类""],""role_terms"":[""大数据"",""数据分析""],""reason"":""tech_major_and_role""},""original"":{""部门代码"":""130130"",""部门名称"":""国家税务总局云南省税务局"",""用人司局"":""国家税务总局镇沅县税务局"",""机构性质"":""中央国家行政机关省级以下直属机构"",""招考职位"":""一级行政执法员（三）"",""职位属性"":""普通职位"",""职位分布"":""西部地区和艰苦边远地区职位"",""职位简介"":""税收大数据分析"",""职位代码"":""300110323003"",""机构层级"":""县（区）级及以下"",""考试类别"":""行政执法类"",""招考人数"":""1"",""专业"":""数学类、能源动力类、电气类、电子信息类、计算机类"",""学历"":""本科及以上"",""学位"":""与最高学历相对应的学位"",""政治面貌"":""不限"",""基层工作最低年限"":""无限制"",""服务基层项目工作经历"":""无限制"",""是否在面试阶段组织专业能力测试"":""否"",""面试人员比例"":""3:1"",""工作地点"":""云南省普洱市镇沅彝族哈尼族拉祜族自治县"",""落户地点"":""云南省普洱市镇沅彝族哈尼族拉祜族自治县"",""备注"":""本单位不提供宿舍，在本单位最低服务年限为5年"",""部门网站"":""http://yunnan.chinatax.gov.cn/"",""咨询电话1"":""0871-63121915"",""咨询电话2"":"""",""咨询电话3"":"""",""来源Sheet"":""中央国家行政机关省级以下直属机构""}}"
"government_jobs","国家公务员2024招考简章","公务员/事业单位技术岗位","云南省普洱市孟连傣族拉祜族佤族自治县","2026-07-28T09:12:58.310295+00:00","一级行政执法员（一）","国家税务总局云南省税务局","","云南省普洱市孟连傣族拉祜族佤族自治县","公务员/事业单位;2024;computer_software;data_ai;electronics_communication;本科及以上;与最高学历相对应的学位;数学类、统计学类、电子信息类、计算机类;行政执法类","用人司局：国家税务总局孟连县税务局
职位简介：税收大数据分析
专业要求：数学类、统计学类、电子信息类、计算机类
学历要求：本科及以上
学位要求：与最高学历相对应的学位
政治面貌：不限
基层工作经历：无限制
考试类别：行政执法类
备注：2024届高校毕业生，女性，本单位不提供宿舍，在本单位最低服务年限为5年","https://www.xuanhan.gov.cn/xxgk-show-77635.html#130130-300110335001","2023-10-15","{""dataset_year"":2024,""job_uid"":""GOV-2024-130130-300110335001"",""publisher"":""国家公务员局"",""publication_page"":""https://www.xuanhan.gov.cn/xxgk-show-77635.html"",""attachment_url"":""https://www.xuanhan.gov.cn/uploadfile/1/Attachment/638fdecf51.zip"",""local_source_file"":""中央机关及其直属机构2024年度考试录用公务员招考简章.xls"",""local_source_sha256"":""a1741b99dbecd6d03e533f99f2d69b0fa5a79733e551b80af69986ceed2ad996"",""source_sheet"":""中央国家行政机关省级以下直属机构"",""filter_version"":""government_tech_v2"",""tech_filter"":{""is_tech"":true,""is_core_tech"":true,""scope"":""core"",""categories"":[""computer_software"",""data_ai"",""electronics_communication""],""matched_fields"":[""major"",""description""],""major_terms"":[""电子信息类"",""计算机类""],""role_terms"":[""大数据"",""数据分析""],""reason"":""tech_major_and_role""},""original"":{""部门代码"":""130130"",""部门名称"":""国家税务总局云南省税务局"",""用人司局"":""国家税务总局孟连县税务局"",""机构性质"":""中央国家行政机关省级以下直属机构"",""招考职位"":""一级行政执法员（一）"",""职位属性"":""普通职位"",""职位分布"":""西部地区和艰苦边远地区职位"",""职位简介"":""税收大数据分析"",""职位代码"":""300110335001"",""机构层级"":""县（区）级及以下"",""考试类别"":""行政执法类"",""招考人数"":""1"",""专业"":""数学类、统计学类、电子信息类、计算机类"",""学历"":""本科及以上"",""学位"":""与最高学历相对应的学位"",""政治面貌"":""不限"",""基层工作最低年限"":""无限制"",""服务基层项目工作经历"":""无限制"",""是否在面试阶段组织专业能力测试"":""否"",""面试人员比例"":""3:1"",""工作地点"":""云南省普洱市孟连傣族拉祜族佤族自治县"",""落户地点"":""云南省普洱市孟连傣族拉祜族佤族自治县"",""备注"":""2024届高校毕业生，女性，本单位不提供宿舍，在本单位最低服务年限为5年"",""部门网站"":""http://yunnan.chinatax.gov.cn/"",""咨询电话1"":""0871-63121915"",""咨询电话2"":"""",""咨询电话3"":"""",""来源Sheet"":""中央国家行政机关省级以下直属机构""}}"
"government_jobs","国家公务员2024招考简章","公务员/事业单位技术岗位","云南省普洱市孟连傣族拉祜族佤族自治县","2026-07-28T09:12:58.310295+00:00","一级行政执法员（二）","国家税务总局云南省税务局","","云南省普洱市孟连傣族拉祜族佤族自治县","公务员/事业单位;2024;computer_software;data_ai;electronics_communication;本科及以上;与最高学历相对应的学位;数学类、统计学类、电子信息类、计算机类;行政执法类","用人司局：国家税务总局孟连县税务局
职位简介：税收大数据分析
专业要求：数学类、统计学类、电子信息类、计算机类
学历要求：本科及以上
学位要求：与最高学历相对应的学位
政治面貌：不限
基层工作经历：无限制
考试类别：行政执法类
备注：2024届高校毕业生，男性，本单位不提供宿舍，在本单位最低服务年限为5年","https://www.xuanhan.gov.cn/xxgk-show-77635.html#130130-300110335002","2023-10-15","{""dataset_year"":2024,""job_uid"":""GOV-2024-130130-300110335002"",""publisher"":""国家公务员局"",""publication_page"":""https://www.xuanhan.gov.cn/xxgk-show-77635.html"",""attachment_url"":""https://www.xuanhan.gov.cn/uploadfile/1/Attachment/638fdecf51.zip"",""local_source_file"":""中央机关及其直属机构2024年度考试录用公务员招考简章.xls"",""local_source_sha256"":""a1741b99dbecd6d03e533f99f2d69b0fa5a79733e551b80af69986ceed2ad996"",""source_sheet"":""中央国家行政机关省级以下直属机构"",""filter_version"":""government_tech_v2"",""tech_filter"":{""is_tech"":true,""is_core_tech"":true,""scope"":""core"",""categories"":[""computer_software"",""data_ai"",""electronics_communication""],""matched_fields"":[""major"",""description""],""major_terms"":[""电子信息类"",""计算机类""],""role_terms"":[""大数据"",""数据分析""],""reason"":""tech_major_and_role""},""original"":{""部门代码"":""130130"",""部门名称"":""国家税务总局云南省税务局"",""用人司局"":""国家税务总局孟连县税务局"",""机构性质"":""中央国家行政机关省级以下直属机构"",""招考职位"":""一级行政执法员（二）"",""职位属性"":""普通职位"",""职位分布"":""西部地区和艰苦边远地区职位"",""职位简介"":""税收大数据分析"",""职位代码"":""300110335002"",""机构层级"":""县（区）级及以下"",""考试类别"":""行政执法类"",""招考人数"":""1"",""专业"":""数学类、统计学类、电子信息类、计算机类"",""学历"":""本科及以上"",""学位"":""与最高学历相对应的学位"",""政治面貌"":""不限"",""基层工作最低年限"":""无限制"",""服务基层项目工作经历"":""无限制"",""是否在面试阶段组织专业能力测试"":""否"",""面试人员比例"":""3:1"",""工作地点"":""云南省普洱市孟连傣族拉祜族佤族自治县"",""落户地点"":""云南省普洱市孟连傣族拉祜族佤族自治县"",""备注"":""2024届高校毕业生，男性，本单位不提供宿舍，在本单位最低服务年限为5年"",""部门网站"":""http://yunnan.chinatax.gov.cn/"",""咨询电话1"":""0871-63121915"",""咨询电话2"":"""",""咨询电话3"":"""",""来源Sheet"":""中央国家行政机关省级以下直属机构""}}"
"government_jobs","国家公务员2024招考简章","公务员/事业单位技术岗位","云南省西双版纳傣族自治州景洪市","2026-07-28T09:12:58.310295+00:00","一级行政执法员（九）","国家税务总局云南省税务局","","云南省西双版纳傣族自治州景洪市","公务员/事业单位;2024;computer_software;data_ai;本科及以上;与最高学历相对应的学位;经济学类、财政学类、金融学类、法学类、中国语言文学类、数学类、统计学类、计算机类;行政执法类","用人司局：国家税务总局景洪市税务局
职位简介：税收大数据分析
专业要求：经济学类、财政学类、金融学类、法学类、中国语言文学类、数学类、统计学类、计算机类
学历要求：本科及以上
学位要求：与最高学历相对应的学位
政治面貌：不限
基层工作经历：三年
考试类别：行政执法类
备注：本单位不提供宿舍，在本单位最低服务年限为5年","https://www.xuanhan.gov.cn/xxgk-show-77635.html#130130-300110341009","2023-10-15","{""dataset_year"":2024,""job_uid"":""GOV-2024-130130-300110341009"",""publisher"":""国家公务员局"",""publication_page"":""https://www.xuanhan.gov.cn/xxgk-show-77635.html"",""attachment_url"":""https://www.xuanhan.gov.cn/uploadfile/1/Attachment/638fdecf51.zip"",""local_source_file"":""中央机关及其直属机构2024年度考试录用公务员招考简章.xls"",""local_source_sha256"":""a1741b99dbecd6d03e533f99f2d69b0fa5a79733e551b80af69986ceed2ad996"",""source_sheet"":""中央国家行政机关省级以下直属机构"",""filter_version"":""government_tech_v2"",""tech_filter"":{""is_tech"":true,""is_core_tech"":true,""scope"":""core"",""categories"":[""computer_software"",""data_ai""],""matched_fields"":[""major"",""description""],""major_terms"":[""计算机类""],""role_terms"":[""大数据"",""数据分析""],""reason"":""tech_major_and_role""},""original"":{""部门代码"":""130130"",""部门名称"":""国家税务总局云南省税务局"",""用人司局"":""国家税务总局景洪市税务局"",""机构性质"":""中央国家行政机关省级以下直属机构"",""招考职位"":""一级行政执法员（九）"",""职位属性"":""普通职位"",""职位分布"":""西部地区和艰苦边远地区职位"",""职位简介"":""税收大数据分析"",""职位代码"":""300110341009"",""机构层级"":""县（区）级及以下"",""考试类别"":""行政执法类"",""招考人数"":""1"",""专业"":""经济学类、财政学类、金融学类、法学类、中国语言文学类、数学类、统计学类、计算机类"",""学历"":""本科及以上"",""学位"":""与最高学历相对应的学位"",""政治面貌"":""不限"",""基层工作最低年限"":""三年"",""服务基层项目工作经历"":""大学生村官、农村义务教育阶段学校教师特设岗位计划、“三支一扶”计划、大学生志愿服务西部计划、在军队服役5年（含）以上的高校毕业生退役士兵"",""是否在面试阶段组织专业能力测试"":""否"",""面试人员比例"":""3:1"",""工作地点"":""云南省西双版纳傣族自治州景洪市"",""落户地点"":""云南省西双版纳傣族自治州景洪市"",""备注"":""本单位不提供宿舍，在本单位最低服务年限为5年"",""部门网站"":""http://yunnan.chinatax.gov.cn/"",""咨询电话1"":""0871-63121915"",""咨询电话2"":"""",""咨询电话3"":"""",""来源Sheet"":""中央国家行政机关省级以下直属机构""}}"
"government_jobs","国家公务员2024招考简章","公务员/事业单位技术岗位","云南省西双版纳傣族自治州勐海县","2026-07-28T09:12:58.310295+00:00","一级行政执法员（五）","国家税务总局云南省税务局","","云南省西双版纳傣族自治州勐海县","公务员/事业单位;2024;computer_software;data_ai;本科及以上;与最高学历相对应的学位;经济学类、财政学类、金融学类、法学类、马克思主义理论类、中国语言文学类、数学类、统计学类、计算机类;行政执法类","用人司局：国家税务总局勐海县税务局
职位简介：税收大数据分析
专业要求：经济学类、财政学类、金融学类、法学类、马克思主义理论类、中国语言文学类、数学类、统计学类、计算机类
学历要求：本科及以上
学位要求：与最高学历相对应的学位
政治面貌：不限
基层工作经历：三年
考试类别：行政执法类
备注：本单位不提供宿舍，在本单位最低服务年限为5年","https://www.xuanhan.gov.cn/xxgk-show-77635.html#130130-300110342005","2023-10-15","{""dataset_year"":2024,""job_uid"":""GOV-2024-130130-300110342005"",""publisher"":""国家公务员局"",""publication_page"":""https://www.xuanhan.gov.cn/xxgk-show-77635.html"",""attachment_url"":""https://www.xuanhan.gov.cn/uploadfile/1/Attachment/638fdecf51.zip"",""local_source_file"":""中央机关及其直属机构2024年度考试录用公务员招考简章.xls"",""local_source_sha256"":""a1741b99dbecd6d03e533f99f2d69b0fa5a79733e551b80af69986ceed2ad996"",""source_sheet"":""中央国家行政机关省级以下直属机构"",""filter_version"":""government_tech_v2"",""tech_filter"":{""is_tech"":true,""is_core_tech"":true,""scope"":""core"",""categories"":[""computer_software"",""data_ai""],""matched_fields"":[""major"",""description""],""major_terms"":[""计算机类""],""role_terms"":[""大数据"",""数据分析""],""reason"":""tech_major_and_role""},""original"":{""部门代码"":""130130"",""部门名称"":""国家税务总局云南省税务局"",""用人司局"":""国家税务总局勐海县税务局"",""机构性质"":""中央国家行政机关省级以下直属机构"",""招考职位"":""一级行政执法员（五）"",""职位属性"":""普通职位"",""职位分布"":""西部地区和艰苦边远地区职位"",""职位简介"":""税收大数据分析"",""职位代码"":""300110342005"",""机构层级"":""县（区）级及以下"",""考试类别"":""行政执法类"",""招考人数"":""1"",""专业"":""经济学类、财政学类、金融学类、法学类、马克思主义理论类、中国语言文学类、数学类、统计学类、计算机类"",""学历"":""本科及以上"",""学位"":""与最高学历相对应的学位"",""政治面貌"":""不限"",""基层工作最低年限"":""三年"",""服务基层项目工作经历"":""大学生村官、农村义务教育阶段学校教师特设岗位计划、“三支一扶”计划、大学生志愿服务西部计划、在军队服役5年（含）以上的高校毕业生退役士兵"",""是否在面试阶段组织专业能力测试"":""否"",""面试人员比例"":""3:1"",""工作地点"":""云南省西双版纳傣族自治州勐海县"",""落户地点"":""云南省西双版纳傣族自治州勐海县"",""备注"":""本单位不提供宿舍，在本单位最低服务年限为5年"",""部门网站"":""http://yunnan.chinatax.gov.cn/"",""咨询电话1"":""0871-63121915"",""咨询电话2"":"""",""咨询电话3"":"""",""来源Sheet"":""中央国家行政机关省级以下直属机构""}}"
"government_jobs","国家公务员2024招考简章","公务员/事业单位技术岗位","云南省大理白族自治州云龙县","2026-07-28T09:12:58.310295+00:00","一级行政执法员（三）","国家税务总局云南省税务局","","云南省大理白族自治州云龙县","公务员/事业单位;2024;automation_robotics;computer_software;data_ai;electronics_communication;本科及以上;与最高学历相对应的学位;数学类、能源动力类、电子信息类、自动化类、计算机类;行政执法类","用人司局：国家税务总局云龙县税务局
职位简介：税收大数据分析
专业要求：数学类、能源动力类、电子信息类、自动化类、计算机类
学历要求：本科及以上
学位要求：与最高学历相对应的学位
政治面貌：不限
基层工作经历：无限制
考试类别：行政执法类
备注：大理州户口或大理州生源，本单位不提供宿舍，在本单位最低服务年限为5年","https://www.xuanhan.gov.cn/xxgk-show-77635.html#130130-300110395003","2023-10-15","{""dataset_year"":2024,""job_uid"":""GOV-2024-130130-300110395003"",""publisher"":""国家公务员局"",""publication_page"":""https://www.xuanhan.gov.cn/xxgk-show-77635.html"",""attachment_url"":""https://www.xuanhan.gov.cn/uploadfile/1/Attachment/638fdecf51.zip"",""local_source_file"":""中央机关及其直属机构2024年度考试录用公务员招考简章.xls"",""local_source_sha256"":""a1741b99dbecd6d03e533f99f2d69b0fa5a79733e551b80af69986ceed2ad996"",""source_sheet"":""中央国家行政机关省级以下直属机构"",""filter_version"":""government_tech_v2"",""tech_filter"":{""is_tech"":true,""is_core_tech"":true,""scope"":""core"",""categories"":[""automation_robotics"",""computer_software"",""data_ai"",""electronics_communication""],""matched_fields"":[""major"",""description""],""major_terms"":[""电子信息类"",""自动化类"",""计算机类""],""role_terms"":[""大数据"",""数据分析""],""reason"":""tech_major_and_role""},""original"":{""部门代码"":""130130"",""部门名称"":""国家税务总局云南省税务局"",""用人司局"":""国家税务总局云龙县税务局"",""机构性质"":""中央国家行政机关省级以下直属机构"",""招考职位"":""一级行政执法员（三）"",""职位属性"":""普通职位"",""职位分布"":""西部地区和艰苦边远地区职位"",""职位简介"":""税收大数据分析"",""职位代码"":""300110395003"",""机构层级"":""县（区）级及以下"",""考试类别"":""行政执法类"",""招考人数"":""2"",""专业"":""数学类、能源动力类、电子信息类、自动化类、计算机类"",""学历"":""本科及以上"",""学位"":""与最高学历相对应的学位"",""政治面貌"":""不限"",""基层工作最低年限"":""无限制"",""服务基层项目工作经历"":""无限制"",""是否在面试阶段组织专业能力测试"":""否"",""面试人员比例"":""3:1"",""工作地点"":""云南省大理白族自治州云龙县"",""落户地点"":""云南省大理白族自治州云龙县"",""备注"":""大理州户口或大理州生源，本单位不提供宿舍，在本单位最低服务年限为5年"",""部门网站"":""http://yunnan.chinatax.gov.cn/"",""咨询电话1"":""0871-63121915"",""咨询电话2"":"""",""咨询电话3"":"""",""来源Sheet"":""中央国家行政机关省级以下直属机构""}}"
"government_jobs","国家公务员2024招考简章","公务员/事业单位技术岗位","云南省大理白族自治州大理市","2026-07-28T09:12:58.310295+00:00","一级行政执法员（二）","国家税务总局云南省税务局","","云南省大理白族自治州大理市","公务员/事业单位;2024;computer_software;data_ai;electronics_communication;本科及以上;与最高学历相对应的学位;数学类、机械类、电子信息类、计算机类;行政执法类","用人司局：国家税务总局大理经济技术开发区税务局
职位简介：税收大数据分析
专业要求：数学类、机械类、电子信息类、计算机类
学历要求：本科及以上
学位要求：与最高学历相对应的学位
政治面貌：不限
基层工作经历：无限制
考试类别：行政执法类
备注：本单位不提供宿舍，在本单位最低服务年限为5年","https://www.xuanhan.gov.cn/xxgk-show-77635.html#130130-300110412002","2023-10-15","{""dataset_year"":2024,""job_uid"":""GOV-2024-130130-300110412002"",""publisher"":""国家公务员局"",""publication_page"":""https://www.xuanhan.gov.cn/xxgk-show-77635.html"",""attachment_url"":""https://www.xuanhan.gov.cn/uploadfile/1/Attachment/638fdecf51.zip"",""local_source_file"":""中央机关及其直属机构2024年度考试录用公务员招考简章.xls"",""local_source_sha256"":""a1741b99dbecd6d03e533f99f2d69b0fa5a79733e551b80af69986ceed2ad996"",""source_sheet"":""中央国家行政机关省级以下直属机构"",""filter_version"":""government_tech_v2"",""tech_filter"":{""is_tech"":true,""is_core_tech"":true,""scope"":""core"",""categories"":[""computer_software"",""data_ai"",""electronics_communication""],""matched_fields"":[""major"",""description""],""major_terms"":[""电子信息类"",""计算机类""],""role_terms"":[""大数据"",""数据分析""],""reason"":""tech_major_and_role""},""original"":{""部门代码"":""130130"",""部门名称"":""国家税务总局云南省税务局"",""用人司局"":""国家税务总局大理经济技术开发区税务局"",""机构性质"":""中央国家行政机关省级以下直属机构"",""招考职位"":""一级行政执法员（二）"",""职位属性"":""普通职位"",""职位分布"":""西部地区和艰苦边远地区职位"",""职位简介"":""税收大数据分析"",""职位代码"":""300110412002"",""机构层级"":""县（区）级及以下"",""考试类别"":""行政执法类"",""招考人数"":""1"",""专业"":""数学类、机械类、电子信息类、计算机类"",""学历"":""本科及以上"",""学位"":""与最高学历相对应的学位"",""政治面貌"":""不限"",""基层工作最低年限"":""无限制"",""服务基层项目工作经历"":""无限制"",""是否在面试阶段组织专业能力测试"":""否"",""面试人员比例"":""3:1"",""工作地点"":""云南省大理白族自治州大理市"",""落户地点"":""云南省大理白族自治州大理市"",""备注"":""本单位不提供宿舍，在本单位最低服务年限为5年"",""部门网站"":""http://yunnan.chinatax.gov.cn/"",""咨询电话1"":""0871-63121915"",""咨询电话2"":"""",""咨询电话3"":"""",""来源Sheet"":""中央国家行政机关省级以下直属机构""}}"
"government_jobs","国家公务员2024招考简章","公务员/事业单位技术岗位","云南省保山市隆阳区","2026-07-28T09:12:58.310295+00:00","一级行政执法员（七）","国家税务总局云南省税务局","","云南省保山市隆阳区","公务员/事业单位;2024;computer_software;data_ai;本科及以上;与最高学历相对应的学位;数学类、统计学类、计算机类;行政执法类","用人司局：国家税务总局保山市隆阳区税务局
职位简介：税收大数据分析
专业要求：数学类、统计学类、计算机类
学历要求：本科及以上
学位要求：与最高学历相对应的学位
政治面貌：不限
基层工作经历：无限制
考试类别：行政执法类
备注：2024届高校毕业生，女性，本单位不提供宿舍，在本单位最低服务年限为5年","https://www.xuanhan.gov.cn/xxgk-show-77635.html#130130-300110413007","2023-10-15","{""dataset_year"":2024,""job_uid"":""GOV-2024-130130-300110413007"",""publisher"":""国家公务员局"",""publication_page"":""https://www.xuanhan.gov.cn/xxgk-show-77635.html"",""attachment_url"":""https://www.xuanhan.gov.cn/uploadfile/1/Attachment/638fdecf51.zip"",""local_source_file"":""中央机关及其直属机构2024年度考试录用公务员招考简章.xls"",""local_source_sha256"":""a1741b99dbecd6d03e533f99f2d69b0fa5a79733e551b80af69986ceed2ad996"",""source_sheet"":""中央国家行政机关省级以下直属机构"",""filter_version"":""government_tech_v2"",""tech_filter"":{""is_tech"":true,""is_core_tech"":true,""scope"":""core"",""categories"":[""computer_software"",""data_ai""],""matched_fields"":[""major"",""description""],""major_terms"":[""计算机类""],""role_terms"":[""大数据"",""数据分析""],""reason"":""tech_major_and_role""},""original"":{""部门代码"":""130130"",""部门名称"":""国家税务总局云南省税务局"",""用人司局"":""国家税务总局保山市隆阳区税务局"",""机构性质"":""中央国家行政机关省级以下直属机构"",""招考职位"":""一级行政执法员（七）"",""职位属性"":""普通职位"",""职位分布"":""西部地区和艰苦边远地区职位"",""职位简介"":""税收大数据分析"",""职位代码"":""300110413007"",""机构层级"":""县（区）级及以下"",""考试类别"":""行政执法类"",""招考人数"":""1"",""专业"":""数学类、统计学类、计算机类"",""学历"":""本科及以上"",""学位"":""与最高学历相对应的学位"",""政治面貌"":""不限"",""基层工作最低年限"":""无限制"",""服务基层项目工作经历"":""无限制"",""是否在面试阶段组织专业能力测试"":""否"",""面试人员比例"":""3:1"",""工作地点"":""云南省保山市隆阳区"",""落户地点"":""云南省保山市隆阳区"",""备注"":""2024届高校毕业生，女性，本单位不提供宿舍，在本单位最低服务年限为5年"",""部门网站"":""http://yunnan.chinatax.gov.cn/"",""咨询电话1"":""0871-63121915"",""咨询电话2"":"""",""咨询电话3"":"""",""来源Sheet"":""中央国家行政机关省级以下直属机构""}}"
"government_jobs","国家公务员2024招考简章","公务员/事业单位技术岗位","云南省保山市隆阳区","2026-07-28T09:12:58.310295+00:00","一级行政执法员（八）","国家税务总局云南省税务局","","云南省保山市隆阳区","公务员/事业单位;2024;computer_software;data_ai;本科及以上;与最高学历相对应的学位;数学类、统计学类、计算机类;行政执法类","用人司局：国家税务总局保山市隆阳区税务局
职位简介：税收大数据分析
专业要求：数学类、统计学类、计算机类
学历要求：本科及以上
学位要求：与最高学历相对应的学位
政治面貌：不限
基层工作经历：无限制
考试类别：行政执法类
备注：2024届高校毕业生，男性，本单位不提供宿舍，在本单位最低服务年限为5年","https://www.xuanhan.gov.cn/xxgk-show-77635.html#130130-300110413008","2023-10-15","{""dataset_year"":2024,""job_uid"":""GOV-2024-130130-300110413008"",""publisher"":""国家公务员局"",""publication_page"":""https://www.xuanhan.gov.cn/xxgk-show-77635.html"",""attachment_url"":""https://www.xuanhan.gov.cn/uploadfile/1/Attachment/638fdecf51.zip"",""local_source_file"":""中央机关及其直属机构2024年度考试录用公务员招考简章.xls"",""local_source_sha256"":""a1741b99dbecd6d03e533f99f2d69b0fa5a79733e551b80af69986ceed2ad996"",""source_sheet"":""中央国家行政机关省级以下直属机构"",""filter_version"":""government_tech_v2"",""tech_filter"":{""is_tech"":true,""is_core_tech"":true,""scope"":""core"",""categories"":[""computer_software"",""data_ai""],""matched_fields"":[""major"",""description""],""major_terms"":[""计算机类""],""role_terms"":[""大数据"",""数据分析""],""reason"":""tech_major_and_role""},""original"":{""部门代码"":""130130"",""部门名称"":""国家税务总局云南省税务局"",""用人司局"":""国家税务总局保山市隆阳区税务局"",""机构性质"":""中央国家行政机关省级以下直属机构"",""招考职位"":""一级行政执法员（八）"",""职位属性"":""普通职位"",""职位分布"":""西部地区和艰苦边远地区职位"",""职位简介"":""税收大数据分析"",""职位代码"":""300110413008"",""机构层级"":""县（区）级及以下"",""考试类别"":""行政执法类"",""招考人数"":""1"",""专业"":""数学类、统计学类、计算机类"",""学历"":""本科及以上"",""学位"":""与最高学历相对应的学位"",""政治面貌"":""不限"",""基层工作最低年限"":""无限制"",""服务基层项目工作经历"":""无限制"",""是否在面试阶段组织专业能力测试"":""否"",""面试人员比例"":""3:1"",""工作地点"":""云南省保山市隆阳区"",""落户地点"":""云南省保山市隆阳区"",""备注"":""2024届高校毕业生，男性，本单位不提供宿舍，在本单位最低服务年限为5年"",""部门网站"":""http://yunnan.chinatax.gov.cn/"",""咨询电话1"":""0871-63121915"",""咨询电话2"":"""",""咨询电话3"":"""",""来源Sheet"":""中央国家行政机关省级以下直属机构""}}"
"government_jobs","国家公务员2024招考简章","公务员/事业单位技术岗位","云南省保山市隆阳区","2026-07-28T09:12:58.310295+00:00","一级行政执法员（九）","国家税务总局云南省税务局","","云南省保山市隆阳区","公务员/事业单位;2024;automation_robotics;computer_software;data_ai;electronics_communication;本科及以上;与最高学历相对应的学位;数学类、能源动力类、电气类、电子信息类、自动化类、计算机类;行政执法类","用人司局：国家税务总局保山市隆阳区税务局
职位简介：税收大数据分析
专业要求：数学类、能源动力类、电气类、电子信息类、自动化类、计算机类
学历要求：本科及以上
学位要求：与最高学历相对应的学位
政治面貌：不限
基层工作经历：无限制
考试类别：行政执法类
备注：本单位不提供宿舍，在本单位最低服务年限为5年","https://www.xuanhan.gov.cn/xxgk-show-77635.html#130130-300110413009","2023-10-15","{""dataset_year"":2024,""job_uid"":""GOV-2024-130130-300110413009"",""publisher"":""国家公务员局"",""publication_page"":""https://www.xuanhan.gov.cn/xxgk-show-77635.html"",""attachment_url"":""https://www.xuanhan.gov.cn/uploadfile/1/Attachment/638fdecf51.zip"",""local_source_file"":""中央机关及其直属机构2024年度考试录用公务员招考简章.xls"",""local_source_sha256"":""a1741b99dbecd6d03e533f99f2d69b0fa5a79733e551b80af69986ceed2ad996"",""source_sheet"":""中央国家行政机关省级以下直属机构"",""filter_version"":""government_tech_v2"",""tech_filter"":{""is_tech"":true,""is_core_tech"":true,""scope"":""core"",""categories"":[""automation_robotics"",""computer_software"",""data_ai"",""electronics_communication""],""matched_fields"":[""major"",""description""],""major_terms"":[""电子信息类"",""自动化类"",""计算机类""],""role_terms"":[""大数据"",""数据分析""],""reason"":""tech_major_and_role""},""original"":{""部门代码"":""130130"",""部门名称"":""国家税务总局云南省税务局"",""用人司局"":""国家税务总局保山市隆阳区税务局"",""机构性质"":""中央国家行政机关省级以下直属机构"",""招考职位"":""一级行政执法员（九）"",""职位属性"":""普通职位"",""职位分布"":""西部地区和艰苦边远地区职位"",""职位简介"":""税收大数据分析"",""职位代码"":""300110413009"",""机构层级"":""县（区）级及以下"",""考试类别"":""行政执法类"",""招考人数"":""2"",""专业"":""数学类、能源动力类、电气类、电子信息类、自动化类、计算机类"",""学历"":""本科及以上"",""学位"":""与最高学历相对应的学位"",""政治面貌"":""不限"",""基层工作最低年限"":""无限制"",""服务基层项目工作经历"":""无限制"",""是否在面试阶段组织专业能力测试"":""否"",""面试人员比例"":""3:1"",""工作地点"":""云南省保山市隆阳区"",""落户地点"":""云南省保山市隆阳区"",""备注"":""本单位不提供宿舍，在本单位最低服务年限为5年"",""部门网站"":""http://yunnan.chinatax.gov.cn/"",""咨询电话1"":""0871-63121915"",""咨询电话2"":"""",""咨询电话3"":"""",""来源Sheet"":""中央国家行政机关省级以下直属机构""}}"
"government_jobs","国家公务员2024招考简章","公务员/事业单位技术岗位","云南省保山市昌宁县","2026-07-28T09:12:58.310295+00:00","一级行政执法员（五）","国家税务总局云南省税务局","","云南省保山市昌宁县","公务员/事业单位;2024;automation_robotics;computer_software;data_ai;electronics_communication;本科及以上;与最高学历相对应的学位;经济学类、财政学类、数学类、统计学类、电子信息类、自动化类、计算机类、管理科学与工程类;行政执法类","用人司局：国家税务总局昌宁县税务局
职位简介：税收大数据分析
专业要求：经济学类、财政学类、数学类、统计学类、电子信息类、自动化类、计算机类、管理科学与工程类
学历要求：本科及以上
学位要求：与最高学历相对应的学位
政治面貌：不限
基层工作经历：三年
考试类别：行政执法类
备注：本单位不提供宿舍，在本单位最低服务年限为5年","https://www.xuanhan.gov.cn/xxgk-show-77635.html#130130-300110425005","2023-10-15","{""dataset_year"":2024,""job_uid"":""GOV-2024-130130-300110425005"",""publisher"":""国家公务员局"",""publication_page"":""https://www.xuanhan.gov.cn/xxgk-show-77635.html"",""attachment_url"":""https://www.xuanhan.gov.cn/uploadfile/1/Attachment/638fdecf51.zip"",""local_source_file"":""中央机关及其直属机构2024年度考试录用公务员招考简章.xls"",""local_source_sha256"":""a1741b99dbecd6d03e533f99f2d69b0fa5a79733e551b80af69986ceed2ad996"",""source_sheet"":""中央国家行政机关省级以下直属机构"",""filter_version"":""government_tech_v2"",""tech_filter"":{""is_tech"":true,""is_core_tech"":true,""scope"":""core"",""categories"":[""automation_robotics"",""computer_software"",""data_ai"",""electronics_communication""],""matched_fields"":[""major"",""description""],""major_terms"":[""电子信息类"",""自动化类"",""计算机类""],""role_terms"":[""大数据"",""数据分析""],""reason"":""tech_major_and_role""},""original"":{""部门代码"":""130130"",""部门名称"":""国家税务总局云南省税务局"",""用人司局"":""国家税务总局昌宁县税务局"",""机构性质"":""中央国家行政机关省级以下直属机构"",""招考职位"":""一级行政执法员（五）"",""职位属性"":""普通职位"",""职位分布"":""西部地区和艰苦边远地区职位"",""职位简介"":""税收大数据分析"",""职位代码"":""300110425005"",""机构层级"":""县（区）级及以下"",""考试类别"":""行政执法类"",""招考人数"":""1"",""专业"":""经济学类、财政学类、数学类、统计学类、电子信息类、自动化类、计算机类、管理科学与工程类"",""学历"":""本科及以上"",""学位"":""与最高学历相对应的学位"",""政治面貌"":""不限"",""基层工作最低年限"":""三年"",""服务基层项目工作经历"":""大学生村官、农村义务教育阶段学校教师特设岗位计划、“三支一扶”计划、大学生志愿服务西部计划、在军队服役5年（含）以上的高校毕业生退役士兵"",""是否在面试阶段组织专业能力测试"":""否"",""面试人员比例"":""3:1"",""工作地点"":""云南省保山市昌宁县"",""落户地点"":""云南省保山市昌宁县"",""备注"":""本单位不提供宿舍，在本单位最低服务年限为5年"",""部门网站"":""http://yunnan.chinatax.gov.cn/"",""咨询电话1"":""0871-63121915"",""咨询电话2"":"""",""咨询电话3"":"""",""来源Sheet"":""中央国家行政机关省级以下直属机构""}}"
"government_jobs","国家公务员2024招考简章","公务员/事业单位技术岗位","云南省德宏傣族景颇族自治州梁河县","2026-07-28T09:12:58.310295+00:00","一级行政执法员（一）","国家税务总局云南省税务局","","云南省德宏傣族景颇族自治州梁河县","公务员/事业单位;2024;computer_software;data_ai;本科及以上;与最高学历相对应的学位;数学类、统计学类、计算机类、管理科学与工程类;行政执法类","用人司局：国家税务总局梁河县税务局
职位简介：税收大数据分析
专业要求：数学类、统计学类、计算机类、管理科学与工程类
学历要求：本科及以上
学位要求：与最高学历相对应的学位
政治面貌：不限
基层工作经历：无限制
考试类别：行政执法类
备注：2024届高校毕业生，女性，本单位不提供宿舍，在本单位最低服务年限为5年","https://www.xuanhan.gov.cn/xxgk-show-77635.html#130130-300110435001","2023-10-15","{""dataset_year"":2024,""job_uid"":""GOV-2024-130130-300110435001"",""publisher"":""国家公务员局"",""publication_page"":""https://www.xuanhan.gov.cn/xxgk-show-77635.html"",""attachment_url"":""https://www.xuanhan.gov.cn/uploadfile/1/Attachment/638fdecf51.zip"",""local_source_file"":""中央机关及其直属机构2024年度考试录用公务员招考简章.xls"",""local_source_sha256"":""a1741b99dbecd6d03e533f99f2d69b0fa5a79733e551b80af69986ceed2ad996"",""source_sheet"":""中央国家行政机关省级以下直属机构"",""filter_version"":""government_tech_v2"",""tech_filter"":{""is_tech"":true,""is_core_tech"":true,""scope"":""core"",""categories"":[""computer_software"",""data_ai""],""matched_fields"":[""major"",""description""],""major_terms"":[""计算机类""],""role_terms"":[""大数据"",""数据分析""],""reason"":""tech_major_and_role""},""original"":{""部门代码"":""130130"",""部门名称"":""国家税务总局云南省税务局"",""用人司局"":""国家税务总局梁河县税务局"",""机构性质"":""中央国家行政机关省级以下直属机构"",""招考职位"":""一级行政执法员（一）"",""职位属性"":""普通职位"",""职位分布"":""西部地区和艰苦边远地区职位"",""职位简介"":""税收大数据分析"",""职位代码"":""300110435001"",""机构层级"":""县（区）级及以下"",""考试类别"":""行政执法类"",""招考人数"":""1"",""专业"":""数学类、统计学类、计算机类、管理科学与工程类"",""学历"":""本科及以上"",""学位"":""与最高学历相对应的学位"",""政治面貌"":""不限"",""基层工作最低年限"":""无限制"",""服务基层项目工作经历"":""无限制"",""是否在面试阶段组织专业能力测试"":""否"",""面试人员比例"":""3:1"",""工作地点"":""云南省德宏傣族景颇族自治州梁河县"",""落户地点"":""云南省德宏傣族景颇族自治州梁河县"",""备注"":""2024届高校毕业生，女性，本单位不提供宿舍，在本单位最低服务年限为5年"",""部门网站"":""http://yunnan.chinatax.gov.cn/"",""咨询电话1"":""0871-63121915"",""咨询电话2"":"""",""咨询电话3"":"""",""来源Sheet"":""中央国家行政机关省级以下直属机构""}}"
"government_jobs","国家公务员2024招考简章","公务员/事业单位技术岗位","云南省德宏傣族景颇族自治州梁河县","2026-07-28T09:12:58.310295+00:00","一级行政执法员（二）","国家税务总局云南省税务局","","云南省德宏傣族景颇族自治州梁河县","公务员/事业单位;2024;computer_software;data_ai;本科及以上;与最高学历相对应的学位;数学类、统计学类、计算机类、管理科学与工程类;行政执法类","用人司局：国家税务总局梁河县税务局
职位简介：税收大数据分析
专业要求：数学类、统计学类、计算机类、管理科学与工程类
学历要求：本科及以上
学位要求：与最高学历相对应的学位
政治面貌：不限
基层工作经历：无限制
考试类别：行政执法类
备注：2024届高校毕业生，男性，本单位不提供宿舍，在本单位最低服务年限为5年","https://www.xuanhan.gov.cn/xxgk-show-77635.html#130130-300110435002","2023-10-15","{""dataset_year"":2024,""job_uid"":""GOV-2024-130130-300110435002"",""publisher"":""国家公务员局"",""publication_page"":""https://www.xuanhan.gov.cn/xxgk-show-77635.html"",""attachment_url"":""https://www.xuanhan.gov.cn/uploadfile/1/Attachment/638fdecf51.zip"",""local_source_file"":""中央机关及其直属机构2024年度考试录用公务员招考简章.xls"",""local_source_sha256"":""a1741b99dbecd6d03e533f99f2d69b0fa5a79733e551b80af69986ceed2ad996"",""source_sheet"":""中央国家行政机关省级以下直属机构"",""filter_version"":""government_tech_v2"",""tech_filter"":{""is_tech"":true,""is_core_tech"":true,""scope"":""core"",""categories"":[""computer_software"",""data_ai""],""matched_fields"":[""major"",""description""],""major_terms"":[""计算机类""],""role_terms"":[""大数据"",""数据分析""],""reason"":""tech_major_and_role""},""original"":{""部门代码"":""130130"",""部门名称"":""国家税务总局云南省税务局"",""用人司局"":""国家税务总局梁河县税务局"",""机构性质"":""中央国家行政机关省级以下直属机构"",""招考职位"":""一级行政执法员（二）"",""职位属性"":""普通职位"",""职位分布"":""西部地区和艰苦边远地区职位"",""职位简介"":""税收大数据分析"",""职位代码"":""300110435002"",""机构层级"":""县（区）级及以下"",""考试类别"":""行政执法类"",""招考人数"":""1"",""专业"":""数学类、统计学类、计算机类、管理科学与工程类"",""学历"":""本科及以上"",""学位"":""与最高学历相对应的学位"",""政治面貌"":""不限"",""基层工作最低年限"":""无限制"",""服务基层项目工作经历"":""无限制"",""是否在面试阶段组织专业能力测试"":""否"",""面试人员比例"":""3:1"",""工作地点"":""云南省德宏傣族景颇族自治州梁河县"",""落户地点"":""云南省德宏傣族景颇族自治州梁河县"",""备注"":""2024届高校毕业生，男性，本单位不提供宿舍，在本单位最低服务年限为5年"",""部门网站"":""http://yunnan.chinatax.gov.cn/"",""咨询电话1"":""0871-63121915"",""咨询电话2"":"""",""咨询电话3"":"""",""来源Sheet"":""中央国家行政机关省级以下直属机构""}}"
"government_jobs","国家公务员2024招考简章","公务员/事业单位技术岗位","云南省德宏傣族景颇族自治州陇川县","2026-07-28T09:12:58.310295+00:00","一级行政执法员（一）","国家税务总局云南省税务局","","云南省德宏傣族景颇族自治州陇川县","公务员/事业单位;2024;computer_software;data_ai;electronics_communication;本科及以上;与最高学历相对应的学位;数学类、统计学类、电子信息类、计算机类、管理科学与工程类;行政执法类","用人司局：国家税务总局陇川县税务局
职位简介：税收大数据分析
专业要求：数学类、统计学类、电子信息类、计算机类、管理科学与工程类
学历要求：本科及以上
学位要求：与最高学历相对应的学位
政治面貌：不限
基层工作经历：无限制
考试类别：行政执法类
备注：2024届高校毕业生，女性，本单位不提供宿舍，在本单位最低服务年限为5年","https://www.xuanhan.gov.cn/xxgk-show-77635.html#130130-300110445001","2023-10-15","{""dataset_year"":2024,""job_uid"":""GOV-2024-130130-300110445001"",""publisher"":""国家公务员局"",""publication_page"":""https://www.xuanhan.gov.cn/xxgk-show-77635.html"",""attachment_url"":""https://www.xuanhan.gov.cn/uploadfile/1/Attachment/638fdecf51.zip"",""local_source_file"":""中央机关及其直属机构2024年度考试录用公务员招考简章.xls"",""local_source_sha256"":""a1741b99dbecd6d03e533f99f2d69b0fa5a79733e551b80af69986ceed2ad996"",""source_sheet"":""中央国家行政机关省级以下直属机构"",""filter_version"":""government_tech_v2"",""tech_filter"":{""is_tech"":true,""is_core_tech"":true,""scope"":""core"",""categories"":[""computer_software"",""data_ai"",""electronics_communication""],""matched_fields"":[""major"",""description""],""major_terms"":[""电子信息类"",""计算机类""],""role_terms"":[""大数据"",""数据分析""],""reason"":""tech_major_and_role""},""original"":{""部门代码"":""130130"",""部门名称"":""国家税务总局云南省税务局"",""用人司局"":""国家税务总局陇川县税务局"",""机构性质"":""中央国家行政机关省级以下直属机构"",""招考职位"":""一级行政执法员（一）"",""职位属性"":""普通职位"",""职位分布"":""西部地区和艰苦边远地区职位"",""职位简介"":""税收大数据分析"",""职位代码"":""300110445001"",""机构层级"":""县（区）级及以下"",""考试类别"":""行政执法类"",""招考人数"":""1"",""专业"":""数学类、统计学类、电子信息类、计算机类、管理科学与工程类"",""学历"":""本科及以上"",""学位"":""与最高学历相对应的学位"",""政治面貌"":""不限"",""基层工作最低年限"":""无限制"",""服务基层项目工作经历"":""无限制"",""是否在面试阶段组织专业能力测试"":""否"",""面试人员比例"":""3:1"",""工作地点"":""云南省德宏傣族景颇族自治州陇川县"",""落户地点"":""云南省德宏傣族景颇族自治州陇川县"",""备注"":""2024届高校毕业生，女性，本单位不提供宿舍，在本单位最低服务年限为5年"",""部门网站"":""http://yunnan.chinatax.gov.cn/"",""咨询电话1"":""0871-63121915"",""咨询电话2"":"""",""咨询电话3"":"""",""来源Sheet"":""中央国家行政机关省级以下直属机构""}}"
"government_jobs","国家公务员2024招考简章","公务员/事业单位技术岗位","云南省德宏傣族景颇族自治州陇川县","2026-07-28T09:12:58.310295+00:00","一级行政执法员（二）","国家税务总局云南省税务局","","云南省德宏傣族景颇族自治州陇川县","公务员/事业单位;2024;computer_software;data_ai;electronics_communication;本科及以上;与最高学历相对应的学位;数学类、统计学类、电子信息类、计算机类、管理科学与工程类;行政执法类","用人司局：国家税务总局陇川县税务局
职位简介：税收大数据分析
专业要求：数学类、统计学类、电子信息类、计算机类、管理科学与工程类
学历要求：本科及以上
学位要求：与最高学历相对应的学位
政治面貌：不限
基层工作经历：无限制
考试类别：行政执法类
备注：2024届高校毕业生，男性，本单位不提供宿舍，在本单位最低服务年限为5年","https://www.xuanhan.gov.cn/xxgk-show-77635.html#130130-300110445002","2023-10-15","{""dataset_year"":2024,""job_uid"":""GOV-2024-130130-300110445002"",""publisher"":""国家公务员局"",""publication_page"":""https://www.xuanhan.gov.cn/xxgk-show-77635.html"",""attachment_url"":""https://www.xuanhan.gov.cn/uploadfile/1/Attachment/638fdecf51.zip"",""local_source_file"":""中央机关及其直属机构2024年度考试录用公务员招考简章.xls"",""local_source_sha256"":""a1741b99dbecd6d03e533f99f2d69b0fa5a79733e551b80af69986ceed2ad996"",""source_sheet"":""中央国家行政机关省级以下直属机构"",""filter_version"":""government_tech_v2"",""tech_filter"":{""is_tech"":true,""is_core_tech"":true,""scope"":""core"",""categories"":[""computer_software"",""data_ai"",""electronics_communication""],""matched_fields"":[""major"",""description""],""major_terms"":[""电子信息类"",""计算机类""],""role_terms"":[""大数据"",""数据分析""],""reason"":""tech_major_and_role""},""original"":{""部门代码"":""130130"",""部门名称"":""国家税务总局云南省税务局"",""用人司局"":""国家税务总局陇川县税务局"",""机构性质"":""中央国家行政机关省级以下直属机构"",""招考职位"":""一级行政执法员（二）"",""职位属性"":""普通职位"",""职位分布"":""西部地区和艰苦边远地区职位"",""职位简介"":""税收大数据分析"",""职位代码"":""300110445002"",""机构层级"":""县（区）级及以下"",""考试类别"":""行政执法类"",""招考人数"":""1"",""专业"":""数学类、统计学类、电子信息类、计算机类、管理科学与工程类"",""学历"":""本科及以上"",""学位"":""与最高学历相对应的学位"",""政治面貌"":""不限"",""基层工作最低年限"":""无限制"",""服务基层项目工作经历"":""无限制"",""是否在面试阶段组织专业能力测试"":""否"",""面试人员比例"":""3:1"",""工作地点"":""云南省德宏傣族景颇族自治州陇川县"",""落户地点"":""云南省德宏傣族景颇族自治州陇川县"",""备注"":""2024届高校毕业生，男性，本单位不提供宿舍，在本单位最低服务年限为5年"",""部门网站"":""http://yunnan.chinatax.gov.cn/"",""咨询电话1"":""0871-63121915"",""咨询电话2"":"""",""咨询电话3"":"""",""来源Sheet"":""中央国家行政机关省级以下直属机构""}}"
"government_jobs","国家公务员2024招考简章","公务员/事业单位技术岗位","云南省丽江市华坪县","2026-07-28T09:12:58.310295+00:00","一级行政执法员（三）","国家税务总局云南省税务局","","云南省丽江市华坪县","公务员/事业单位;2024;computer_software;data_ai;本科及以上;与最高学历相对应的学位;数学类、统计学类、计算机类;行政执法类","用人司局：国家税务总局华坪县税务局
职位简介：税收大数据分析
专业要求：数学类、统计学类、计算机类
学历要求：本科及以上
学位要求：与最高学历相对应的学位
政治面貌：不限
基层工作经历：无限制
考试类别：行政执法类
备注：应届高校毕业生，女性，本单位不提供宿舍，在本单位最低服务年限为5年","https://www.xuanhan.gov.cn/xxgk-show-77635.html#130130-300110465003","2023-10-15","{""dataset_year"":2024,""job_uid"":""GOV-2024-130130-300110465003"",""publisher"":""国家公务员局"",""publication_page"":""https://www.xuanhan.gov.cn/xxgk-show-77635.html"",""attachment_url"":""https://www.xuanhan.gov.cn/uploadfile/1/Attachment/638fdecf51.zip"",""local_source_file"":""中央机关及其直属机构2024年度考试录用公务员招考简章.xls"",""local_source_sha256"":""a1741b99dbecd6d03e533f99f2d69b0fa5a79733e551b80af69986ceed2ad996"",""source_sheet"":""中央国家行政机关省级以下直属机构"",""filter_version"":""government_tech_v2"",""tech_filter"":{""is_tech"":true,""is_core_tech"":true,""scope"":""core"",""categories"":[""computer_software"",""data_ai""],""matched_fields"":[""major"",""description""],""major_terms"":[""计算机类""],""role_terms"":[""大数据"",""数据分析""],""reason"":""tech_major_and_role""},""original"":{""部门代码"":""130130"",""部门名称"":""国家税务总局云南省税务局"",""用人司局"":""国家税务总局华坪县税务局"",""机构性质"":""中央国家行政机关省级以下直属机构"",""招考职位"":""一级行政执法员（三）"",""职位属性"":""普通职位"",""职位分布"":""西部地区和艰苦边远地区职位"",""职位简介"":""税收大数据分析"",""职位代码"":""300110465003"",""机构层级"":""县（区）级及以下"",""考试类别"":""行政执法类"",""招考人数"":""1"",""专业"":""数学类、统计学类、计算机类"",""学历"":""本科及以上"",""学位"":""与最高学历相对应的学位"",""政治面貌"":""不限"",""基层工作最低年限"":""无限制"",""服务基层项目工作经历"":""无限制"",""是否在面试阶段组织专业能力测试"":""否"",""面试人员比例"":""3:1"",""工作地点"":""云南省丽江市华坪县"",""落户地点"":""云南省丽江市华坪县"",""备注"":""应届高校毕业生，女性，本单位不提供宿舍，在本单位最低服务年限为5年"",""部门网站"":""http://yunnan.chinatax.gov.cn/"",""咨询电话1"":""0871-63121915"",""咨询电话2"":"""",""咨询电话3"":"""",""来源Sheet"":""中央国家行政机关省级以下直属机构""}}"
"government_jobs","国家公务员2024招考简章","公务员/事业单位技术岗位","云南省丽江市华坪县","2026-07-28T09:12:58.310295+00:00","一级行政执法员（四）","国家税务总局云南省税务局","","云南省丽江市华坪县","公务员/事业单位;2024;computer_software;data_ai;本科及以上;与最高学历相对应的学位;数学类、统计学类、计算机类;行政执法类","用人司局：国家税务总局华坪县税务局
职位简介：税收大数据分析
专业要求：数学类、统计学类、计算机类
学历要求：本科及以上
学位要求：与最高学历相对应的学位
政治面貌：不限
基层工作经历：无限制
考试类别：行政执法类
备注：应届高校毕业生，男性，本单位不提供宿舍，在本单位最低服务年限为5年","https://www.xuanhan.gov.cn/xxgk-show-77635.html#130130-300110465004","2023-10-15","{""dataset_year"":2024,""job_uid"":""GOV-2024-130130-300110465004"",""publisher"":""国家公务员局"",""publication_page"":""https://www.xuanhan.gov.cn/xxgk-show-77635.html"",""attachment_url"":""https://www.xuanhan.gov.cn/uploadfile/1/Attachment/638fdecf51.zip"",""local_source_file"":""中央机关及其直属机构2024年度考试录用公务员招考简章.xls"",""local_source_sha256"":""a1741b99dbecd6d03e533f99f2d69b0fa5a79733e551b80af69986ceed2ad996"",""source_sheet"":""中央国家行政机关省级以下直属机构"",""filter_version"":""government_tech_v2"",""tech_filter"":{""is_tech"":true,""is_core_tech"":true,""scope"":""core"",""categories"":[""computer_software"",""data_ai""],""matched_fields"":[""major"",""description""],""major_terms"":[""计算机类""],""role_terms"":[""大数据"",""数据分析""],""reason"":""tech_major_and_role""},""original"":{""部门代码"":""130130"",""部门名称"":""国家税务总局云南省税务局"",""用人司局"":""国家税务总局华坪县税务局"",""机构性质"":""中央国家行政机关省级以下直属机构"",""招考职位"":""一级行政执法员（四）"",""职位属性"":""普通职位"",""职位分布"":""西部地区和艰苦边远地区职位"",""职位简介"":""税收大数据分析"",""职位代码"":""300110465004"",""机构层级"":""县（区）级及以下"",""考试类别"":""行政执法类"",""招考人数"":""1"",""专业"":""数学类、统计学类、计算机类"",""学历"":""本科及以上"",""学位"":""与最高学历相对应的学位"",""政治面貌"":""不限"",""基层工作最低年限"":""无限制"",""服务基层项目工作经历"":""无限制"",""是否在面试阶段组织专业能力测试"":""否"",""面试人员比例"":""3:1"",""工作地点"":""云南省丽江市华坪县"",""落户地点"":""云南省丽江市华坪县"",""备注"":""应届高校毕业生，男性，本单位不提供宿舍，在本单位最低服务年限为5年"",""部门网站"":""http://yunnan.chinatax.gov.cn/"",""咨询电话1"":""0871-63121915"",""咨询电话2"":"""",""咨询电话3"":"""",""来源Sheet"":""中央国家行政机关省级以下直属机构""}}"
"government_jobs","国家公务员2024招考简章","公务员/事业单位技术岗位","云南省丽江市华坪县","2026-07-28T09:12:58.310295+00:00","一级行政执法员（五）","国家税务总局云南省税务局","","云南省丽江市华坪县","公务员/事业单位;2024;computer_software;data_ai;本科及以上;与最高学历相对应的学位;数学类、统计学类、计算机类;行政执法类","用人司局：国家税务总局华坪县税务局
职位简介：税收大数据分析
专业要求：数学类、统计学类、计算机类
学历要求：本科及以上
学位要求：与最高学历相对应的学位
政治面貌：不限
基层工作经历：无限制
考试类别：行政执法类
备注：本单位不提供宿舍，在本单位最低服务年限为5年","https://www.xuanhan.gov.cn/xxgk-show-77635.html#130130-300110465005","2023-10-15","{""dataset_year"":2024,""job_uid"":""GOV-2024-130130-300110465005"",""publisher"":""国家公务员局"",""publication_page"":""https://www.xuanhan.gov.cn/xxgk-show-77635.html"",""attachment_url"":""https://www.xuanhan.gov.cn/uploadfile/1/Attachment/638fdecf51.zip"",""local_source_file"":""中央机关及其直属机构2024年度考试录用公务员招考简章.xls"",""local_source_sha256"":""a1741b99dbecd6d03e533f99f2d69b0fa5a79733e551b80af69986ceed2ad996"",""source_sheet"":""中央国家行政机关省级以下直属机构"",""filter_version"":""government_tech_v2"",""tech_filter"":{""is_tech"":true,""is_core_tech"":true,""scope"":""core"",""categories"":[""computer_software"",""data_ai""],""matched_fields"":[""major"",""description""],""major_terms"":[""计算机类""],""role_terms"":[""大数据"",""数据分析""],""reason"":""tech_major_and_role""},""original"":{""部门代码"":""130130"",""部门名称"":""国家税务总局云南省税务局"",""用人司局"":""国家税务总局华坪县税务局"",""机构性质"":""中央国家行政机关省级以下直属机构"",""招考职位"":""一级行政执法员（五）"",""职位属性"":""普通职位"",""职位分布"":""西部地区和艰苦边远地区职位"",""职位简介"":""税收大数据分析"",""职位代码"":""300110465005"",""机构层级"":""县（区）级及以下"",""考试类别"":""行政执法类"",""招考人数"":""2"",""专业"":""数学类、统计学类、计算机类"",""学历"":""本科及以上"",""学位"":""与最高学历相对应的学位"",""政治面貌"":""不限"",""基层工作最低年限"":""无限制"",""服务基层项目工作经历"":""无限制"",""是否在面试阶段组织专业能力测试"":""否"",""面试人员比例"":""3:1"",""工作地点"":""云南省丽江市华坪县"",""落户地点"":""云南省丽江市华坪县"",""备注"":""本单位不提供宿舍，在本单位最低服务年限为5年"",""部门网站"":""http://yunnan.chinatax.gov.cn/"",""咨询电话1"":""0871-63121915"",""咨询电话2"":"""",""咨询电话3"":"""",""来源Sheet"":""中央国家行政机关省级以下直属机构""}}"
"government_jobs","国家公务员2024招考简章","公务员/事业单位技术岗位","云南省怒江傈僳族自治州兰坪白族普米族自治县","2026-07-28T09:12:58.310295+00:00","一级行政执法员（一）","国家税务总局云南省税务局","","云南省怒江傈僳族自治州兰坪白族普米族自治县","公务员/事业单位;2024;computer_software;data_ai;本科及以上;与最高学历相对应的学位;数学类、统计学类、计算机类、工商管理类;行政执法类","用人司局：国家税务总局兰坪县税务局
职位简介：税收大数据分析
专业要求：数学类、统计学类、计算机类、工商管理类
学历要求：本科及以上
学位要求：与最高学历相对应的学位
政治面貌：不限
基层工作经历：无限制
考试类别：行政执法类
备注：2024届高校毕业生，女性，本单位不提供宿舍，在本单位最低服务年限为5年","https://www.xuanhan.gov.cn/xxgk-show-77635.html#130130-300110480001","2023-10-15","{""dataset_year"":2024,""job_uid"":""GOV-2024-130130-300110480001"",""publisher"":""国家公务员局"",""publication_page"":""https://www.xuanhan.gov.cn/xxgk-show-77635.html"",""attachment_url"":""https://www.xuanhan.gov.cn/uploadfile/1/Attachment/638fdecf51.zip"",""local_source_file"":""中央机关及其直属机构2024年度考试录用公务员招考简章.xls"",""local_source_sha256"":""a1741b99dbecd6d03e533f99f2d69b0fa5a79733e551b80af69986ceed2ad996"",""source_sheet"":""中央国家行政机关省级以下直属机构"",""filter_version"":""government_tech_v2"",""tech_filter"":{""is_tech"":true,""is_core_tech"":true,""scope"":""core"",""categories"":[""computer_software"",""data_ai""],""matched_fields"":[""major"",""description""],""major_terms"":[""计算机类""],""role_terms"":[""大数据"",""数据分析""],""reason"":""tech_major_and_role""},""original"":{""部门代码"":""130130"",""部门名称"":""国家税务总局云南省税务局"",""用人司局"":""国家税务总局兰坪县税务局"",""机构性质"":""中央国家行政机关省级以下直属机构"",""招考职位"":""一级行政执法员（一）"",""职位属性"":""普通职位"",""职位分布"":""西部地区和艰苦边远地区职位"",""职位简介"":""税收大数据分析"",""职位代码"":""300110480001"",""机构层级"":""县（区）级及以下"",""考试类别"":""行政执法类"",""招考人数"":""1"",""专业"":""数学类、统计学类、计算机类、工商管理类"",""学历"":""本科及以上"",""学位"":""与最高学历相对应的学位"",""政治面貌"":""不限"",""基层工作最低年限"":""无限制"",""服务基层项目工作经历"":""无限制"",""是否在面试阶段组织专业能力测试"":""否"",""面试人员比例"":""3:1"",""工作地点"":""云南省怒江傈僳族自治州兰坪白族普米族自治县"",""落户地点"":""云南省怒江傈僳族自治州兰坪白族普米族自治县"",""备注"":""2024届高校毕业生，女性，本单位不提供宿舍，在本单位最低服务年限为5年"",""部门网站"":""http://yunnan.chinatax.gov.cn/"",""咨询电话1"":""0871-63121915"",""咨询电话2"":"""",""咨询电话3"":"""",""来源Sheet"":""中央国家行政机关省级以下直属机构""}}"
"government_jobs","国家公务员2024招考简章","公务员/事业单位技术岗位","云南省怒江傈僳族自治州兰坪白族普米族自治县","2026-07-28T09:12:58.310295+00:00","一级行政执法员（二）","国家税务总局云南省税务局","","云南省怒江傈僳族自治州兰坪白族普米族自治县","公务员/事业单位;2024;computer_software;data_ai;本科及以上;与最高学历相对应的学位;数学类、统计学类、计算机类、工商管理类;行政执法类","用人司局：国家税务总局兰坪县税务局
职位简介：税收大数据分析
专业要求：数学类、统计学类、计算机类、工商管理类
学历要求：本科及以上
学位要求：与最高学历相对应的学位
政治面貌：不限
基层工作经历：无限制
考试类别：行政执法类
备注：2024届高校毕业生，男性，本单位不提供宿舍，在本单位最低服务年限为5年","https://www.xuanhan.gov.cn/xxgk-show-77635.html#130130-300110480002","2023-10-15","{""dataset_year"":2024,""job_uid"":""GOV-2024-130130-300110480002"",""publisher"":""国家公务员局"",""publication_page"":""https://www.xuanhan.gov.cn/xxgk-show-77635.html"",""attachment_url"":""https://www.xuanhan.gov.cn/uploadfile/1/Attachment/638fdecf51.zip"",""local_source_file"":""中央机关及其直属机构2024年度考试录用公务员招考简章.xls"",""local_source_sha256"":""a1741b99dbecd6d03e533f99f2d69b0fa5a79733e551b80af69986ceed2ad996"",""source_sheet"":""中央国家行政机关省级以下直属机构"",""filter_version"":""government_tech_v2"",""tech_filter"":{""is_tech"":true,""is_core_tech"":true,""scope"":""core"",""categories"":[""computer_software"",""data_ai""],""matched_fields"":[""major"",""description""],""major_terms"":[""计算机类""],""role_terms"":[""大数据"",""数据分析""],""reason"":""tech_major_and_role""},""original"":{""部门代码"":""130130"",""部门名称"":""国家税务总局云南省税务局"",""用人司局"":""国家税务总局兰坪县税务局"",""机构性质"":""中央国家行政机关省级以下直属机构"",""招考职位"":""一级行政执法员（二）"",""职位属性"":""普通职位"",""职位分布"":""西部地区和艰苦边远地区职位"",""职位简介"":""税收大数据分析"",""职位代码"":""300110480002"",""机构层级"":""县（区）级及以下"",""考试类别"":""行政执法类"",""招考人数"":""1"",""专业"":""数学类、统计学类、计算机类、工商管理类"",""学历"":""本科及以上"",""学位"":""与最高学历相对应的学位"",""政治面貌"":""不限"",""基层工作最低年限"":""无限制"",""服务基层项目工作经历"":""无限制"",""是否在面试阶段组织专业能力测试"":""否"",""面试人员比例"":""3:1"",""工作地点"":""云南省怒江傈僳族自治州兰坪白族普米族自治县"",""落户地点"":""云南省怒江傈僳族自治州兰坪白族普米族自治县"",""备注"":""2024届高校毕业生，男性，本单位不提供宿舍，在本单位最低服务年限为5年"",""部门网站"":""http://yunnan.chinatax.gov.cn/"",""咨询电话1"":""0871-63121915"",""咨询电话2"":"""",""咨询电话3"":"""",""来源Sheet"":""中央国家行政机关省级以下直属机构""}}"
"government_jobs","国家公务员2024招考简章","公务员/事业单位技术岗位","云南省迪庆藏族自治州香格里拉市","2026-07-28T09:12:58.310295+00:00","一级行政执法员（三）","国家税务总局云南省税务局","","云南省迪庆藏族自治州香格里拉市","公务员/事业单位;2024;computer_software;data_ai;本科及以上;与最高学历相对应的学位;数学类、统计学类、计算机类;行政执法类","用人司局：国家税务总局香格里拉市税务局
职位简介：税收大数据分析
专业要求：数学类、统计学类、计算机类
学历要求：本科及以上
学位要求：与最高学历相对应的学位
政治面貌：不限
基层工作经历：无限制
考试类别：行政执法类
备注：2024届高校毕业生，女性，本单位不提供宿舍，在本单位最低服务年限为5年","https://www.xuanhan.gov.cn/xxgk-show-77635.html#130130-300110485003","2023-10-15","{""dataset_year"":2024,""job_uid"":""GOV-2024-130130-300110485003"",""publisher"":""国家公务员局"",""publication_page"":""https://www.xuanhan.gov.cn/xxgk-show-77635.html"",""attachment_url"":""https://www.xuanhan.gov.cn/uploadfile/1/Attachment/638fdecf51.zip"",""local_source_file"":""中央机关及其直属机构2024年度考试录用公务员招考简章.xls"",""local_source_sha256"":""a1741b99dbecd6d03e533f99f2d69b0fa5a79733e551b80af69986ceed2ad996"",""source_sheet"":""中央国家行政机关省级以下直属机构"",""filter_version"":""government_tech_v2"",""tech_filter"":{""is_tech"":true,""is_core_tech"":true,""scope"":""core"",""categories"":[""computer_software"",""data_ai""],""matched_fields"":[""major"",""description""],""major_terms"":[""计算机类""],""role_terms"":[""大数据"",""数据分析""],""reason"":""tech_major_and_role""},""original"":{""部门代码"":""130130"",""部门名称"":""国家税务总局云南省税务局"",""用人司局"":""国家税务总局香格里拉市税务局"",""机构性质"":""中央国家行政机关省级以下直属机构"",""招考职位"":""一级行政执法员（三）"",""职位属性"":""普通职位"",""职位分布"":""西部地区和艰苦边远地区职位"",""职位简介"":""税收大数据分析"",""职位代码"":""300110485003"",""机构层级"":""县（区）级及以下"",""考试类别"":""行政执法类"",""招考人数"":""1"",""专业"":""数学类、统计学类、计算机类"",""学历"":""本科及以上"",""学位"":""与最高学历相对应的学位"",""政治面貌"":""不限"",""基层工作最低年限"":""无限制"",""服务基层项目工作经历"":""无限制"",""是否在面试阶段组织专业能力测试"":""否"",""面试人员比例"":""3:1"",""工作地点"":""云南省迪庆藏族自治州香格里拉市"",""落户地点"":""云南省迪庆藏族自治州香格里拉市"",""备注"":""2024届高校毕业生，女性，本单位不提供宿舍，在本单位最低服务年限为5年"",""部门网站"":""http://yunnan.chinatax.gov.cn/"",""咨询电话1"":""0871-63121915"",""咨询电话2"":"""",""咨询电话3"":"""",""来源Sheet"":""中央国家行政机关省级以下直属机构""}}"
"government_jobs","国家公务员2024招考简章","公务员/事业单位技术岗位","云南省迪庆藏族自治州香格里拉市","2026-07-28T09:12:58.310295+00:00","一级行政执法员（四）","国家税务总局云南省税务局","","云南省迪庆藏族自治州香格里拉市","公务员/事业单位;2024;computer_software;data_ai;本科及以上;与最高学历相对应的学位;数学类、统计学类、计算机类;行政执法类","用人司局：国家税务总局香格里拉市税务局
职位简介：税收大数据分析
专业要求：数学类、统计学类、计算机类
学历要求：本科及以上
学位要求：与最高学历相对应的学位
政治面貌：不限
基层工作经历：无限制
考试类别：行政执法类
备注：2024届高校毕业生，男性，本单位不提供宿舍，在本单位最低服务年限为5年","https://www.xuanhan.gov.cn/xxgk-show-77635.html#130130-300110485004","2023-10-15","{""dataset_year"":2024,""job_uid"":""GOV-2024-130130-300110485004"",""publisher"":""国家公务员局"",""publication_page"":""https://www.xuanhan.gov.cn/xxgk-show-77635.html"",""attachment_url"":""https://www.xuanhan.gov.cn/uploadfile/1/Attachment/638fdecf51.zip"",""local_source_file"":""中央机关及其直属机构2024年度考试录用公务员招考简章.xls"",""local_source_sha256"":""a1741b99dbecd6d03e533f99f2d69b0fa5a79733e551b80af69986ceed2ad996"",""source_sheet"":""中央国家行政机关省级以下直属机构"",""filter_version"":""government_tech_v2"",""tech_filter"":{""is_tech"":true,""is_core_tech"":true,""scope"":""core"",""categories"":[""computer_software"",""data_ai""],""matched_fields"":[""major"",""description""],""major_terms"":[""计算机类""],""role_terms"":[""大数据"",""数据分析""],""reason"":""tech_major_and_role""},""original"":{""部门代码"":""130130"",""部门名称"":""国家税务总局云南省税务局"",""用人司局"":""国家税务总局香格里拉市税务局"",""机构性质"":""中央国家行政机关省级以下直属机构"",""招考职位"":""一级行政执法员（四）"",""职位属性"":""普通职位"",""职位分布"":""西部地区和艰苦边远地区职位"",""职位简介"":""税收大数据分析"",""职位代码"":""300110485004"",""机构层级"":""县（区）级及以下"",""考试类别"":""行政执法类"",""招考人数"":""1"",""专业"":""数学类、统计学类、计算机类"",""学历"":""本科及以上"",""学位"":""与最高学历相对应的学位"",""政治面貌"":""不限"",""基层工作最低年限"":""无限制"",""服务基层项目工作经历"":""无限制"",""是否在面试阶段组织专业能力测试"":""否"",""面试人员比例"":""3:1"",""工作地点"":""云南省迪庆藏族自治州香格里拉市"",""落户地点"":""云南省迪庆藏族自治州香格里拉市"",""备注"":""2024届高校毕业生，男性，本单位不提供宿舍，在本单位最低服务年限为5年"",""部门网站"":""http://yunnan.chinatax.gov.cn/"",""咨询电话1"":""0871-63121915"",""咨询电话2"":"""",""咨询电话3"":"""",""来源Sheet"":""中央国家行政机关省级以下直属机构""}}"
"government_jobs","国家公务员2024招考简章","公务员/事业单位技术岗位","云南省临沧市云县","2026-07-28T09:12:58.310295+00:00","一级行政执法员（三）","国家税务总局云南省税务局","","云南省临沧市云县","公务员/事业单位;2024;computer_software;data_ai;electronics_communication;本科及以上;与最高学历相对应的学位;数学类、统计学类、电子信息类、计算机类;行政执法类","用人司局：国家税务总局云县税务局
职位简介：税收大数据分析
专业要求：数学类、统计学类、电子信息类、计算机类
学历要求：本科及以上
学位要求：与最高学历相对应的学位
政治面貌：不限
基层工作经历：无限制
考试类别：行政执法类
备注：2024届高校毕业生，本单位不提供宿舍，在本单位最低服务年限为5年","https://www.xuanhan.gov.cn/xxgk-show-77635.html#130130-300110505003","2023-10-15","{""dataset_year"":2024,""job_uid"":""GOV-2024-130130-300110505003"",""publisher"":""国家公务员局"",""publication_page"":""https://www.xuanhan.gov.cn/xxgk-show-77635.html"",""attachment_url"":""https://www.xuanhan.gov.cn/uploadfile/1/Attachment/638fdecf51.zip"",""local_source_file"":""中央机关及其直属机构2024年度考试录用公务员招考简章.xls"",""local_source_sha256"":""a1741b99dbecd6d03e533f99f2d69b0fa5a79733e551b80af69986ceed2ad996"",""source_sheet"":""中央国家行政机关省级以下直属机构"",""filter_version"":""government_tech_v2"",""tech_filter"":{""is_tech"":true,""is_core_tech"":true,""scope"":""core"",""categories"":[""computer_software"",""data_ai"",""electronics_communication""],""matched_fields"":[""major"",""description""],""major_terms"":[""电子信息类"",""计算机类""],""role_terms"":[""大数据"",""数据分析""],""reason"":""tech_major_and_role""},""original"":{""部门代码"":""130130"",""部门名称"":""国家税务总局云南省税务局"",""用人司局"":""国家税务总局云县税务局"",""机构性质"":""中央国家行政机关省级以下直属机构"",""招考职位"":""一级行政执法员（三）"",""职位属性"":""普通职位"",""职位分布"":""西部地区和艰苦边远地区职位"",""职位简介"":""税收大数据分析"",""职位代码"":""300110505003"",""机构层级"":""县（区）级及以下"",""考试类别"":""行政执法类"",""招考人数"":""2"",""专业"":""数学类、统计学类、电子信息类、计算机类"",""学历"":""本科及以上"",""学位"":""与最高学历相对应的学位"",""政治面貌"":""不限"",""基层工作最低年限"":""无限制"",""服务基层项目工作经历"":""无限制"",""是否在面试阶段组织专业能力测试"":""否"",""面试人员比例"":""3:1"",""工作地点"":""云南省临沧市云县"",""落户地点"":""云南省临沧市云县"",""备注"":""2024届高校毕业生，本单位不提供宿舍，在本单位最低服务年限为5年"",""部门网站"":""http://yunnan.chinatax.gov.cn/"",""咨询电话1"":""0871-63121915"",""咨询电话2"":"""",""咨询电话3"":"""",""来源Sheet"":""中央国家行政机关省级以下直属机构""}}"
"government_jobs","国家公务员2024招考简章","公务员/事业单位技术岗位","云南省临沧市凤庆县","2026-07-28T09:12:58.310295+00:00","一级行政执法员（三）","国家税务总局云南省税务局","","云南省临沧市凤庆县","公务员/事业单位;2024;computer_software;data_ai;本科及以上;与最高学历相对应的学位;数学类、统计学类、电气类、计算机类;行政执法类","用人司局：国家税务总局凤庆县税务局
职位简介：税收大数据分析
专业要求：数学类、统计学类、电气类、计算机类
学历要求：本科及以上
学位要求：与最高学历相对应的学位
政治面貌：不限
基层工作经历：无限制
考试类别：行政执法类
备注：2024届高校毕业生，女性，本单位不提供宿舍，在本单位最低服务年限为5年","https://www.xuanhan.gov.cn/xxgk-show-77635.html#130130-300110510003","2023-10-15","{""dataset_year"":2024,""job_uid"":""GOV-2024-130130-300110510003"",""publisher"":""国家公务员局"",""publication_page"":""https://www.xuanhan.gov.cn/xxgk-show-77635.html"",""attachment_url"":""https://www.xuanhan.gov.cn/uploadfile/1/Attachment/638fdecf51.zip"",""local_source_file"":""中央机关及其直属机构2024年度考试录用公务员招考简章.xls"",""local_source_sha256"":""a1741b99dbecd6d03e533f99f2d69b0fa5a79733e551b80af69986ceed2ad996"",""source_sheet"":""中央国家行政机关省级以下直属机构"",""filter_version"":""government_tech_v2"",""tech_filter"":{""is_tech"":true,""is_core_tech"":true,""scope"":""core"",""categories"":[""computer_software"",""data_ai""],""matched_fields"":[""major"",""description""],""major_terms"":[""计算机类""],""role_terms"":[""大数据"",""数据分析""],""reason"":""tech_major_and_role""},""original"":{""部门代码"":""130130"",""部门名称"":""国家税务总局云南省税务局"",""用人司局"":""国家税务总局凤庆县税务局"",""机构性质"":""中央国家行政机关省级以下直属机构"",""招考职位"":""一级行政执法员（三）"",""职位属性"":""普通职位"",""职位分布"":""西部地区和艰苦边远地区职位"",""职位简介"":""税收大数据分析"",""职位代码"":""300110510003"",""机构层级"":""县（区）级及以下"",""考试类别"":""行政执法类"",""招考人数"":""2"",""专业"":""数学类、统计学类、电气类、计算机类"",""学历"":""本科及以上"",""学位"":""与最高学历相对应的学位"",""政治面貌"":""不限"",""基层工作最低年限"":""无限制"",""服务基层项目工作经历"":""无限制"",""是否在面试阶段组织专业能力测试"":""否"",""面试人员比例"":""3:1"",""工作地点"":""云南省临沧市凤庆县"",""落户地点"":""云南省临沧市凤庆县"",""备注"":""2024届高校毕业生，女性，本单位不提供宿舍，在本单位最低服务年限为5年"",""部门网站"":""http://yunnan.chinatax.gov.cn/"",""咨询电话1"":""0871-63121915"",""咨询电话2"":"""",""咨询电话3"":"""",""来源Sheet"":""中央国家行政机关省级以下直属机构""}}"
"government_jobs","国家公务员2024招考简章","公务员/事业单位技术岗位","云南省临沧市凤庆县","2026-07-28T09:12:58.310295+00:00","一级行政执法员（四）","国家税务总局云南省税务局","","云南省临沧市凤庆县","公务员/事业单位;2024;computer_software;data_ai;本科及以上;与最高学历相对应的学位;数学类、统计学类、电气类、计算机类;行政执法类","用人司局：国家税务总局凤庆县税务局
职位简介：税收大数据分析
专业要求：数学类、统计学类、电气类、计算机类
学历要求：本科及以上
学位要求：与最高学历相对应的学位
政治面貌：不限
基层工作经历：无限制
考试类别：行政执法类
备注：2024届高校毕业生，男性，本单位不提供宿舍，在本单位最低服务年限为5年","https://www.xuanhan.gov.cn/xxgk-show-77635.html#130130-300110510004","2023-10-15","{""dataset_year"":2024,""job_uid"":""GOV-2024-130130-300110510004"",""publisher"":""国家公务员局"",""publication_page"":""https://www.xuanhan.gov.cn/xxgk-show-77635.html"",""attachment_url"":""https://www.xuanhan.gov.cn/uploadfile/1/Attachment/638fdecf51.zip"",""local_source_file"":""中央机关及其直属机构2024年度考试录用公务员招考简章.xls"",""local_source_sha256"":""a1741b99dbecd6d03e533f99f2d69b0fa5a79733e551b80af69986ceed2ad996"",""source_sheet"":""中央国家行政机关省级以下直属机构"",""filter_version"":""government_tech_v2"",""tech_filter"":{""is_tech"":true,""is_core_tech"":true,""scope"":""core"",""categories"":[""computer_software"",""data_ai""],""matched_fields"":[""major"",""description""],""major_terms"":[""计算机类""],""role_terms"":[""大数据"",""数据分析""],""reason"":""tech_major_and_role""},""original"":{""部门代码"":""130130"",""部门名称"":""国家税务总局云南省税务局"",""用人司局"":""国家税务总局凤庆县税务局"",""机构性质"":""中央国家行政机关省级以下直属机构"",""招考职位"":""一级行政执法员（四）"",""职位属性"":""普通职位"",""职位分布"":""西部地区和艰苦边远地区职位"",""职位简介"":""税收大数据分析"",""职位代码"":""300110510004"",""机构层级"":""县（区）级及以下"",""考试类别"":""行政执法类"",""招考人数"":""2"",""专业"":""数学类、统计学类、电气类、计算机类"",""学历"":""本科及以上"",""学位"":""与最高学历相对应的学位"",""政治面貌"":""不限"",""基层工作最低年限"":""无限制"",""服务基层项目工作经历"":""无限制"",""是否在面试阶段组织专业能力测试"":""否"",""面试人员比例"":""3:1"",""工作地点"":""云南省临沧市凤庆县"",""落户地点"":""云南省临沧市凤庆县"",""备注"":""2024届高校毕业生，男性，本单位不提供宿舍，在本单位最低服务年限为5年"",""部门网站"":""http://yunnan.chinatax.gov.cn/"",""咨询电话1"":""0871-63121915"",""咨询电话2"":"""",""咨询电话3"":"""",""来源Sheet"":""中央国家行政机关省级以下直属机构""}}"
"government_jobs","国家公务员2024招考简章","公务员/事业单位技术岗位","云南省临沧市永德县","2026-07-28T09:12:58.310295+00:00","一级行政执法员（五）","国家税务总局云南省税务局","","云南省临沧市永德县","公务员/事业单位;2024;computer_software;data_ai;electronics_communication;本科及以上;与最高学历相对应的学位;数学类、统计学类、电子信息类、计算机类;行政执法类","用人司局：国家税务总局永德县税务局
职位简介：税收大数据分析
专业要求：数学类、统计学类、电子信息类、计算机类
学历要求：本科及以上
学位要求：与最高学历相对应的学位
政治面貌：不限
基层工作经历：无限制
考试类别：行政执法类
备注：2024届高校毕业生，女性，本单位不提供宿舍，在本单位最低服务年限为5年","https://www.xuanhan.gov.cn/xxgk-show-77635.html#130130-300110512005","2023-10-15","{""dataset_year"":2024,""job_uid"":""GOV-2024-130130-300110512005"",""publisher"":""国家公务员局"",""publication_page"":""https://www.xuanhan.gov.cn/xxgk-show-77635.html"",""attachment_url"":""https://www.xuanhan.gov.cn/uploadfile/1/Attachment/638fdecf51.zip"",""local_source_file"":""中央机关及其直属机构2024年度考试录用公务员招考简章.xls"",""local_source_sha256"":""a1741b99dbecd6d03e533f99f2d69b0fa5a79733e551b80af69986ceed2ad996"",""source_sheet"":""中央国家行政机关省级以下直属机构"",""filter_version"":""government_tech_v2"",""tech_filter"":{""is_tech"":true,""is_core_tech"":true,""scope"":""core"",""categories"":[""computer_software"",""data_ai"",""electronics_communication""],""matched_fields"":[""major"",""description""],""major_terms"":[""电子信息类"",""计算机类""],""role_terms"":[""大数据"",""数据分析""],""reason"":""tech_major_and_role""},""original"":{""部门代码"":""130130"",""部门名称"":""国家税务总局云南省税务局"",""用人司局"":""国家税务总局永德县税务局"",""机构性质"":""中央国家行政机关省级以下直属机构"",""招考职位"":""一级行政执法员（五）"",""职位属性"":""普通职位"",""职位分布"":""西部地区和艰苦边远地区职位"",""职位简介"":""税收大数据分析"",""职位代码"":""300110512005"",""机构层级"":""县（区）级及以下"",""考试类别"":""行政执法类"",""招考人数"":""1"",""专业"":""数学类、统计学类、电子信息类、计算机类"",""学历"":""本科及以上"",""学位"":""与最高学历相对应的学位"",""政治面貌"":""不限"",""基层工作最低年限"":""无限制"",""服务基层项目工作经历"":""无限制"",""是否在面试阶段组织专业能力测试"":""否"",""面试人员比例"":""3:1"",""工作地点"":""云南省临沧市永德县"",""落户地点"":""云南省临沧市永德县"",""备注"":""2024届高校毕业生，女性，本单位不提供宿舍，在本单位最低服务年限为5年"",""部门网站"":""http://yunnan.chinatax.gov.cn/"",""咨询电话1"":""0871-63121915"",""咨询电话2"":"""",""咨询电话3"":"""",""来源Sheet"":""中央国家行政机关省级以下直属机构""}}"
"government_jobs","国家公务员2024招考简章","公务员/事业单位技术岗位","云南省临沧市永德县","2026-07-28T09:12:58.310295+00:00","一级行政执法员（六）","国家税务总局云南省税务局","","云南省临沧市永德县","公务员/事业单位;2024;computer_software;data_ai;electronics_communication;本科及以上;与最高学历相对应的学位;数学类、统计学类、电子信息类、计算机类;行政执法类","用人司局：国家税务总局永德县税务局
职位简介：税收大数据分析
专业要求：数学类、统计学类、电子信息类、计算机类
学历要求：本科及以上
学位要求：与最高学历相对应的学位
政治面貌：不限
基层工作经历：无限制
考试类别：行政执法类
备注：2024届高校毕业生，男性，本单位不提供宿舍，在本单位最低服务年限为5年","https://www.xuanhan.gov.cn/xxgk-show-77635.html#130130-300110512006","2023-10-15","{""dataset_year"":2024,""job_uid"":""GOV-2024-130130-300110512006"",""publisher"":""国家公务员局"",""publication_page"":""https://www.xuanhan.gov.cn/xxgk-show-77635.html"",""attachment_url"":""https://www.xuanhan.gov.cn/uploadfile/1/Attachment/638fdecf51.zip"",""local_source_file"":""中央机关及其直属机构2024年度考试录用公务员招考简章.xls"",""local_source_sha256"":""a1741b99dbecd6d03e533f99f2d69b0fa5a79733e551b80af69986ceed2ad996"",""source_sheet"":""中央国家行政机关省级以下直属机构"",""filter_version"":""government_tech_v2"",""tech_filter"":{""is_tech"":true,""is_core_tech"":true,""scope"":""core"",""categories"":[""computer_software"",""data_ai"",""electronics_communication""],""matched_fields"":[""major"",""description""],""major_terms"":[""电子信息类"",""计算机类""],""role_terms"":[""大数据"",""数据分析""],""reason"":""tech_major_and_role""},""original"":{""部门代码"":""130130"",""部门名称"":""国家税务总局云南省税务局"",""用人司局"":""国家税务总局永德县税务局"",""机构性质"":""中央国家行政机关省级以下直属机构"",""招考职位"":""一级行政执法员（六）"",""职位属性"":""普通职位"",""职位分布"":""西部地区和艰苦边远地区职位"",""职位简介"":""税收大数据分析"",""职位代码"":""300110512006"",""机构层级"":""县（区）级及以下"",""考试类别"":""行政执法类"",""招考人数"":""1"",""专业"":""数学类、统计学类、电子信息类、计算机类"",""学历"":""本科及以上"",""学位"":""与最高学历相对应的学位"",""政治面貌"":""不限"",""基层工作最低年限"":""无限制"",""服务基层项目工作经历"":""无限制"",""是否在面试阶段组织专业能力测试"":""否"",""面试人员比例"":""3:1"",""工作地点"":""云南省临沧市永德县"",""落户地点"":""云南省临沧市永德县"",""备注"":""2024届高校毕业生，男性，本单位不提供宿舍，在本单位最低服务年限为5年"",""部门网站"":""http://yunnan.chinatax.gov.cn/"",""咨询电话1"":""0871-63121915"",""咨询电话2"":"""",""咨询电话3"":"""",""来源Sheet"":""中央国家行政机关省级以下直属机构""}}"
"government_jobs","国家公务员2024招考简章","公务员/事业单位技术岗位","云南省临沧市沧源佤族自治县","2026-07-28T09:12:58.310295+00:00","一级行政执法员（三）","国家税务总局云南省税务局","","云南省临沧市沧源佤族自治县","公务员/事业单位;2024;computer_software;data_ai;electronics_communication;本科及以上;与最高学历相对应的学位;数学类、能源动力类、电气类、电子信息类、计算机类;行政执法类","用人司局：国家税务总局沧源县税务局
职位简介：税收大数据分析
专业要求：数学类、能源动力类、电气类、电子信息类、计算机类
学历要求：本科及以上
学位要求：与最高学历相对应的学位
政治面貌：不限
基层工作经历：无限制
考试类别：行政执法类
备注：2024届高校毕业生，本单位不提供宿舍，在本单位最低服务年限为5年","https://www.xuanhan.gov.cn/xxgk-show-77635.html#130130-300110520003","2023-10-15","{""dataset_year"":2024,""job_uid"":""GOV-2024-130130-300110520003"",""publisher"":""国家公务员局"",""publication_page"":""https://www.xuanhan.gov.cn/xxgk-show-77635.html"",""attachment_url"":""https://www.xuanhan.gov.cn/uploadfile/1/Attachment/638fdecf51.zip"",""local_source_file"":""中央机关及其直属机构2024年度考试录用公务员招考简章.xls"",""local_source_sha256"":""a1741b99dbecd6d03e533f99f2d69b0fa5a79733e551b80af69986ceed2ad996"",""source_sheet"":""中央国家行政机关省级以下直属机构"",""filter_version"":""government_tech_v2"",""tech_filter"":{""is_tech"":true,""is_core_tech"":true,""scope"":""core"",""categories"":[""computer_software"",""data_ai"",""electronics_communication""],""matched_fields"":[""major"",""description""],""major_terms"":[""电子信息类"",""计算机类""],""role_terms"":[""大数据"",""数据分析""],""reason"":""tech_major_and_role""},""original"":{""部门代码"":""130130"",""部门名称"":""国家税务总局云南省税务局"",""用人司局"":""国家税务总局沧源县税务局"",""机构性质"":""中央国家行政机关省级以下直属机构"",""招考职位"":""一级行政执法员（三）"",""职位属性"":""普通职位"",""职位分布"":""西部地区和艰苦边远地区职位"",""职位简介"":""税收大数据分析"",""职位代码"":""300110520003"",""机构层级"":""县（区）级及以下"",""考试类别"":""行政执法类"",""招考人数"":""2"",""专业"":""数学类、能源动力类、电气类、电子信息类、计算机类"",""学历"":""本科及以上"",""学位"":""与最高学历相对应的学位"",""政治面貌"":""不限"",""基层工作最低年限"":""无限制"",""服务基层项目工作经历"":""无限制"",""是否在面试阶段组织专业能力测试"":""否"",""面试人员比例"":""3:1"",""工作地点"":""云南省临沧市沧源佤族自治县"",""落户地点"":""云南省临沧市沧源佤族自治县"",""备注"":""2024届高校毕业生，本单位不提供宿舍，在本单位最低服务年限为5年"",""部门网站"":""http://yunnan.chinatax.gov.cn/"",""咨询电话1"":""0871-63121915"",""咨询电话2"":"""",""咨询电话3"":"""",""来源Sheet"":""中央国家行政机关省级以下直属机构""}}"
"government_jobs","国家公务员2024招考简章","公务员/事业单位技术岗位","云南省临沧市双江拉祜族佤族布朗族傣族自治县","2026-07-28T09:12:58.310295+00:00","一级行政执法员（一）","国家税务总局云南省税务局","","云南省临沧市双江拉祜族佤族布朗族傣族自治县","公务员/事业单位;2024;computer_software;data_ai;electronics_communication;本科及以上;与最高学历相对应的学位;数学类、统计学类、电子信息类、计算机类;行政执法类","用人司局：国家税务总局双江县税务局
职位简介：税收大数据分析
专业要求：数学类、统计学类、电子信息类、计算机类
学历要求：本科及以上
学位要求：与最高学历相对应的学位
政治面貌：不限
基层工作经历：无限制
考试类别：行政执法类
备注：2024届高校毕业生，女性，本单位不提供宿舍，在本单位最低服务年限为5年","https://www.xuanhan.gov.cn/xxgk-show-77635.html#130130-300110523001","2023-10-15","{""dataset_year"":2024,""job_uid"":""GOV-2024-130130-300110523001"",""publisher"":""国家公务员局"",""publication_page"":""https://www.xuanhan.gov.cn/xxgk-show-77635.html"",""attachment_url"":""https://www.xuanhan.gov.cn/uploadfile/1/Attachment/638fdecf51.zip"",""local_source_file"":""中央机关及其直属机构2024年度考试录用公务员招考简章.xls"",""local_source_sha256"":""a1741b99dbecd6d03e533f99f2d69b0fa5a79733e551b80af69986ceed2ad996"",""source_sheet"":""中央国家行政机关省级以下直属机构"",""filter_version"":""government_tech_v2"",""tech_filter"":{""is_tech"":true,""is_core_tech"":true,""scope"":""core"",""categories"":[""computer_software"",""data_ai"",""electronics_communication""],""matched_fields"":[""major"",""description""],""major_terms"":[""电子信息类"",""计算机类""],""role_terms"":[""大数据"",""数据分析""],""reason"":""tech_major_and_role""},""original"":{""部门代码"":""130130"",""部门名称"":""国家税务总局云南省税务局"",""用人司局"":""国家税务总局双江县税务局"",""机构性质"":""中央国家行政机关省级以下直属机构"",""招考职位"":""一级行政执法员（一）"",""职位属性"":""普通职位"",""职位分布"":""西部地区和艰苦边远地区职位"",""职位简介"":""税收大数据分析"",""职位代码"":""300110523001"",""机构层级"":""县（区）级及以下"",""考试类别"":""行政执法类"",""招考人数"":""1"",""专业"":""数学类、统计学类、电子信息类、计算机类"",""学历"":""本科及以上"",""学位"":""与最高学历相对应的学位"",""政治面貌"":""不限"",""基层工作最低年限"":""无限制"",""服务基层项目工作经历"":""无限制"",""是否在面试阶段组织专业能力测试"":""否"",""面试人员比例"":""3:1"",""工作地点"":""云南省临沧市双江拉祜族佤族布朗族傣族自治县"",""落户地点"":""云南省临沧市双江拉祜族佤族布朗族傣族自治县"",""备注"":""2024届高校毕业生，女性，本单位不提供宿舍，在本单位最低服务年限为5年"",""部门网站"":""http://yunnan.chinatax.gov.cn/"",""咨询电话1"":""0871-63121915"",""咨询电话2"":"""",""咨询电话3"":"""",""来源Sheet"":""中央国家行政机关省级以下直属机构""}}"
"government_jobs","国家公务员2024招考简章","公务员/事业单位技术岗位","云南省临沧市双江拉祜族佤族布朗族傣族自治县","2026-07-28T09:12:58.310295+00:00","一级行政执法员（二）","国家税务总局云南省税务局","","云南省临沧市双江拉祜族佤族布朗族傣族自治县","公务员/事业单位;2024;computer_software;data_ai;electronics_communication;本科及以上;与最高学历相对应的学位;数学类、统计学类、电子信息类、计算机类;行政执法类","用人司局：国家税务总局双江县税务局
职位简介：税收大数据分析
专业要求：数学类、统计学类、电子信息类、计算机类
学历要求：本科及以上
学位要求：与最高学历相对应的学位
政治面貌：不限
基层工作经历：无限制
考试类别：行政执法类
备注：2024届高校毕业生，男性，本单位不提供宿舍，在本单位最低服务年限为5年","https://www.xuanhan.gov.cn/xxgk-show-77635.html#130130-300110523002","2023-10-15","{""dataset_year"":2024,""job_uid"":""GOV-2024-130130-300110523002"",""publisher"":""国家公务员局"",""publication_page"":""https://www.xuanhan.gov.cn/xxgk-show-77635.html"",""attachment_url"":""https://www.xuanhan.gov.cn/uploadfile/1/Attachment/638fdecf51.zip"",""local_source_file"":""中央机关及其直属机构2024年度考试录用公务员招考简章.xls"",""local_source_sha256"":""a1741b99dbecd6d03e533f99f2d69b0fa5a79733e551b80af69986ceed2ad996"",""source_sheet"":""中央国家行政机关省级以下直属机构"",""filter_version"":""government_tech_v2"",""tech_filter"":{""is_tech"":true,""is_core_tech"":true,""scope"":""core"",""categories"":[""computer_software"",""data_ai"",""electronics_communication""],""matched_fields"":[""major"",""description""],""major_terms"":[""电子信息类"",""计算机类""],""role_terms"":[""大数据"",""数据分析""],""reason"":""tech_major_and_role""},""original"":{""部门代码"":""130130"",""部门名称"":""国家税务总局云南省税务局"",""用人司局"":""国家税务总局双江县税务局"",""机构性质"":""中央国家行政机关省级以下直属机构"",""招考职位"":""一级行政执法员（二）"",""职位属性"":""普通职位"",""职位分布"":""西部地区和艰苦边远地区职位"",""职位简介"":""税收大数据分析"",""职位代码"":""300110523002"",""机构层级"":""县（区）级及以下"",""考试类别"":""行政执法类"",""招考人数"":""1"",""专业"":""数学类、统计学类、电子信息类、计算机类"",""学历"":""本科及以上"",""学位"":""与最高学历相对应的学位"",""政治面貌"":""不限"",""基层工作最低年限"":""无限制"",""服务基层项目工作经历"":""无限制"",""是否在面试阶段组织专业能力测试"":""否"",""面试人员比例"":""3:1"",""工作地点"":""云南省临沧市双江拉祜族佤族布朗族傣族自治县"",""落户地点"":""云南省临沧市双江拉祜族佤族布朗族傣族自治县"",""备注"":""2024届高校毕业生，男性，本单位不提供宿舍，在本单位最低服务年限为5年"",""部门网站"":""http://yunnan.chinatax.gov.cn/"",""咨询电话1"":""0871-63121915"",""咨询电话2"":"""",""咨询电话3"":"""",""来源Sheet"":""中央国家行政机关省级以下直属机构""}}"
"government_jobs","国家公务员2024招考简章","公务员/事业单位技术岗位","云南省昆明市官渡区","2026-07-28T09:12:58.310295+00:00","昆明空港经济区税务分局一级行政执法员（三）","国家税务总局云南省税务局","","云南省昆明市官渡区","公务员/事业单位;2024;computer_software;data_ai;本科及以上;与最高学历相对应的学位;数学类、统计学类、计算机类;行政执法类","用人司局：国家税务总局云南滇中新区税务局
职位简介：税收大数据分析
专业要求：数学类、统计学类、计算机类
学历要求：本科及以上
学位要求：与最高学历相对应的学位
政治面貌：不限
基层工作经历：无限制
考试类别：行政执法类
备注：2024届高校毕业生，女性，本单位不提供宿舍，在本单位最低服务年限为5年","https://www.xuanhan.gov.cn/xxgk-show-77635.html#130130-300110524003","2023-10-15","{""dataset_year"":2024,""job_uid"":""GOV-2024-130130-300110524003"",""publisher"":""国家公务员局"",""publication_page"":""https://www.xuanhan.gov.cn/xxgk-show-77635.html"",""attachment_url"":""https://www.xuanhan.gov.cn/uploadfile/1/Attachment/638fdecf51.zip"",""local_source_file"":""中央机关及其直属机构2024年度考试录用公务员招考简章.xls"",""local_source_sha256"":""a1741b99dbecd6d03e533f99f2d69b0fa5a79733e551b80af69986ceed2ad996"",""source_sheet"":""中央国家行政机关省级以下直属机构"",""filter_version"":""government_tech_v2"",""tech_filter"":{""is_tech"":true,""is_core_tech"":true,""scope"":""core"",""categories"":[""computer_software"",""data_ai""],""matched_fields"":[""major"",""description""],""major_terms"":[""计算机类""],""role_terms"":[""大数据"",""数据分析""],""reason"":""tech_major_and_role""},""original"":{""部门代码"":""130130"",""部门名称"":""国家税务总局云南省税务局"",""用人司局"":""国家税务总局云南滇中新区税务局"",""机构性质"":""中央国家行政机关省级以下直属机构"",""招考职位"":""昆明空港经济区税务分局一级行政执法员（三）"",""职位属性"":""普通职位"",""职位分布"":""西部地区和艰苦边远地区职位"",""职位简介"":""税收大数据分析"",""职位代码"":""300110524003"",""机构层级"":""市（地）级"",""考试类别"":""行政执法类"",""招考人数"":""2"",""专业"":""数学类、统计学类、计算机类"",""学历"":""本科及以上"",""学位"":""与最高学历相对应的学位"",""政治面貌"":""不限"",""基层工作最低年限"":""无限制"",""服务基层项目工作经历"":""无限制"",""是否在面试阶段组织专业能力测试"":""否"",""面试人员比例"":""3:1"",""工作地点"":""云南省昆明市官渡区"",""落户地点"":""云南省昆明市官渡区"",""备注"":""2024届高校毕业生，女性，本单位不提供宿舍，在本单位最低服务年限为5年"",""部门网站"":""http://yunnan.chinatax.gov.cn/"",""咨询电话1"":""0871-63121915"",""咨询电话2"":"""",""咨询电话3"":"""",""来源Sheet"":""中央国家行政机关省级以下直属机构""}}"
"government_jobs","国家公务员2024招考简章","公务员/事业单位技术岗位","云南省昆明市官渡区","2026-07-28T09:12:58.310295+00:00","昆明空港经济区税务分局一级行政执法员（四）","国家税务总局云南省税务局","","云南省昆明市官渡区","公务员/事业单位;2024;computer_software;data_ai;本科及以上;与最高学历相对应的学位;数学类、统计学类、计算机类;行政执法类","用人司局：国家税务总局云南滇中新区税务局
职位简介：税收大数据分析
专业要求：数学类、统计学类、计算机类
学历要求：本科及以上
学位要求：与最高学历相对应的学位
政治面貌：不限
基层工作经历：无限制
考试类别：行政执法类
备注：2024届高校毕业生，男性，本单位不提供宿舍，在本单位最低服务年限为5年","https://www.xuanhan.gov.cn/xxgk-show-77635.html#130130-300110524004","2023-10-15","{""dataset_year"":2024,""job_uid"":""GOV-2024-130130-300110524004"",""publisher"":""国家公务员局"",""publication_page"":""https://www.xuanhan.gov.cn/xxgk-show-77635.html"",""attachment_url"":""https://www.xuanhan.gov.cn/uploadfile/1/Attachment/638fdecf51.zip"",""local_source_file"":""中央机关及其直属机构2024年度考试录用公务员招考简章.xls"",""local_source_sha256"":""a1741b99dbecd6d03e533f99f2d69b0fa5a79733e551b80af69986ceed2ad996"",""source_sheet"":""中央国家行政机关省级以下直属机构"",""filter_version"":""government_tech_v2"",""tech_filter"":{""is_tech"":true,""is_core_tech"":true,""scope"":""core"",""categories"":[""computer_software"",""data_ai""],""matched_fields"":[""major"",""description""],""major_terms"":[""计算机类""],""role_terms"":[""大数据"",""数据分析""],""reason"":""tech_major_and_role""},""original"":{""部门代码"":""130130"",""部门名称"":""国家税务总局云南省税务局"",""用人司局"":""国家税务总局云南滇中新区税务局"",""机构性质"":""中央国家行政机关省级以下直属机构"",""招考职位"":""昆明空港经济区税务分局一级行政执法员（四）"",""职位属性"":""普通职位"",""职位分布"":""西部地区和艰苦边远地区职位"",""职位简介"":""税收大数据分析"",""职位代码"":""300110524004"",""机构层级"":""市（地）级"",""考试类别"":""行政执法类"",""招考人数"":""2"",""专业"":""数学类、统计学类、计算机类"",""学历"":""本科及以上"",""学位"":""与最高学历相对应的学位"",""政治面貌"":""不限"",""基层工作最低年限"":""无限制"",""服务基层项目工作经历"":""无限制"",""是否在面试阶段组织专业能力测试"":""否"",""面试人员比例"":""3:1"",""工作地点"":""云南省昆明市官渡区"",""落户地点"":""云南省昆明市官渡区"",""备注"":""2024届高校毕业生，男性，本单位不提供宿舍，在本单位最低服务年限为5年"",""部门网站"":""http://yunnan.chinatax.gov.cn/"",""咨询电话1"":""0871-63121915"",""咨询电话2"":"""",""咨询电话3"":"""",""来源Sheet"":""中央国家行政机关省级以下直属机构""}}"
"government_jobs","国家公务员2024招考简章","公务员/事业单位技术岗位","云南省昆明市安宁市","2026-07-28T09:12:58.310295+00:00","一级行政执法员（六）","国家税务总局云南省税务局","","云南省昆明市安宁市","公务员/事业单位;2024;computer_software;data_ai;electronics_communication;本科及以上;与最高学历相对应的学位;数学类、电子信息类、计算机类、管理科学与工程类;行政执法类","用人司局：国家税务总局安宁市税务局
职位简介：税收大数据分析
专业要求：数学类、电子信息类、计算机类、管理科学与工程类
学历要求：本科及以上
学位要求：与最高学历相对应的学位
政治面貌：不限
基层工作经历：无限制
考试类别：行政执法类
备注：本单位不提供宿舍，在本单位最低服务年限为5年","https://www.xuanhan.gov.cn/xxgk-show-77635.html#130130-300110525006","2023-10-15","{""dataset_year"":2024,""job_uid"":""GOV-2024-130130-300110525006"",""publisher"":""国家公务员局"",""publication_page"":""https://www.xuanhan.gov.cn/xxgk-show-77635.html"",""attachment_url"":""https://www.xuanhan.gov.cn/uploadfile/1/Attachment/638fdecf51.zip"",""local_source_file"":""中央机关及其直属机构2024年度考试录用公务员招考简章.xls"",""local_source_sha256"":""a1741b99dbecd6d03e533f99f2d69b0fa5a79733e551b80af69986ceed2ad996"",""source_sheet"":""中央国家行政机关省级以下直属机构"",""filter_version"":""government_tech_v2"",""tech_filter"":{""is_tech"":true,""is_core_tech"":true,""scope"":""core"",""categories"":[""computer_software"",""data_ai"",""electronics_communication""],""matched_fields"":[""major"",""description""],""major_terms"":[""电子信息类"",""计算机类""],""role_terms"":[""大数据"",""数据分析""],""reason"":""tech_major_and_role""},""original"":{""部门代码"":""130130"",""部门名称"":""国家税务总局云南省税务局"",""用人司局"":""国家税务总局安宁市税务局"",""机构性质"":""中央国家行政机关省级以下直属机构"",""招考职位"":""一级行政执法员（六）"",""职位属性"":""普通职位"",""职位分布"":""西部地区和艰苦边远地区职位"",""职位简介"":""税收大数据分析"",""职位代码"":""300110525006"",""机构层级"":""县（区）级及以下"",""考试类别"":""行政执法类"",""招考人数"":""3"",""专业"":""数学类、电子信息类、计算机类、管理科学与工程类"",""学历"":""本科及以上"",""学位"":""与最高学历相对应的学位"",""政治面貌"":""不限"",""基层工作最低年限"":""无限制"",""服务基层项目工作经历"":""无限制"",""是否在面试阶段组织专业能力测试"":""否"",""面试人员比例"":""3:1"",""工作地点"":""云南省昆明市安宁市"",""落户地点"":""云南省昆明市安宁市"",""备注"":""本单位不提供宿舍，在本单位最低服务年限为5年"",""部门网站"":""http://yunnan.chinatax.gov.cn/"",""咨询电话1"":""0871-63121915"",""咨询电话2"":"""",""咨询电话3"":"""",""来源Sheet"":""中央国家行政机关省级以下直属机构""}}"
"government_jobs","国家公务员2024招考简章","公务员/事业单位技术岗位","云南省昆明市嵩明县","2026-07-28T09:12:58.310295+00:00","一级行政执法员（五）","国家税务总局云南省税务局","","云南省昆明市嵩明县","公务员/事业单位;2024;automation_robotics;computer_software;data_ai;electronics_communication;本科及以上;与最高学历相对应的学位;数学类、电子信息类、自动化类、计算机类;行政执法类","用人司局：国家税务总局嵩明县税务局
职位简介：税收大数据分析
专业要求：数学类、电子信息类、自动化类、计算机类
学历要求：本科及以上
学位要求：与最高学历相对应的学位
政治面貌：不限
基层工作经历：无限制
考试类别：行政执法类
备注：本单位不提供宿舍，在本单位最低服务年限为5年","https://www.xuanhan.gov.cn/xxgk-show-77635.html#130130-300110530005","2023-10-15","{""dataset_year"":2024,""job_uid"":""GOV-2024-130130-300110530005"",""publisher"":""国家公务员局"",""publication_page"":""https://www.xuanhan.gov.cn/xxgk-show-77635.html"",""attachment_url"":""https://www.xuanhan.gov.cn/uploadfile/1/Attachment/638fdecf51.zip"",""local_source_file"":""中央机关及其直属机构2024年度考试录用公务员招考简章.xls"",""local_source_sha256"":""a1741b99dbecd6d03e533f99f2d69b0fa5a79733e551b80af69986ceed2ad996"",""source_sheet"":""中央国家行政机关省级以下直属机构"",""filter_version"":""government_tech_v2"",""tech_filter"":{""is_tech"":true,""is_core_tech"":true,""scope"":""core"",""categories"":[""automation_robotics"",""computer_software"",""data_ai"",""electronics_communication""],""matched_fields"":[""major"",""description""],""major_terms"":[""电子信息类"",""自动化类"",""计算机类""],""role_terms"":[""大数据"",""数据分析""],""reason"":""tech_major_and_role""},""original"":{""部门代码"":""130130"",""部门名称"":""国家税务总局云南省税务局"",""用人司局"":""国家税务总局嵩明县税务局"",""机构性质"":""中央国家行政机关省级以下直属机构"",""招考职位"":""一级行政执法员（五）"",""职位属性"":""普通职位"",""职位分布"":""西部地区和艰苦边远地区职位"",""职位简介"":""税收大数据分析"",""职位代码"":""300110530005"",""机构层级"":""县（区）级及以下"",""考试类别"":""行政执法类"",""招考人数"":""4"",""专业"":""数学类、电子信息类、自动化类、计算机类"",""学历"":""本科及以上"",""学位"":""与最高学历相对应的学位"",""政治面貌"":""不限"",""基层工作最低年限"":""无限制"",""服务基层项目工作经历"":""无限制"",""是否在面试阶段组织专业能力测试"":""否"",""面试人员比例"":""3:1"",""工作地点"":""云南省昆明市嵩明县"",""落户地点"":""云南省昆明市嵩明县"",""备注"":""本单位不提供宿舍，在本单位最低服务年限为5年"",""部门网站"":""http://yunnan.chinatax.gov.cn/"",""咨询电话1"":""0871-63121915"",""咨询电话2"":"""",""咨询电话3"":"""",""来源Sheet"":""中央国家行政机关省级以下直属机构""}}"
"government_jobs","国家公务员2024招考简章","公务员/事业单位技术岗位","宁夏回族自治区银川市","2026-07-28T09:12:58.310295+00:00","第三税务分局（税收大数据和风险管理局）一级主管及以下","国家税务总局宁夏回族自治区税务局","","宁夏回族自治区银川市","公务员/事业单位;2024;computer_software;data_ai;硕士研究生及以上;与最高学历相对应的学位;财政学类、统计学类、数学类、计算机类、财会审计类;中央机关及其省级直属机构综合管理类","用人司局：国家税务总局宁夏回族自治区税务局
职位简介：税收政策执行
专业要求：财政学类、统计学类、数学类、计算机类、财会审计类
学历要求：硕士研究生及以上
学位要求：与最高学历相对应的学位
政治面貌：不限
基层工作经历：二年
考试类别：中央机关及其省级直属机构综合管理类
备注：在本单位最低服务年限为5年","https://www.xuanhan.gov.cn/xxgk-show-77635.html#130135-300110034002","2023-10-15","{""dataset_year"":2024,""job_uid"":""GOV-2024-130135-300110034002"",""publisher"":""国家公务员局"",""publication_page"":""https://www.xuanhan.gov.cn/xxgk-show-77635.html"",""attachment_url"":""https://www.xuanhan.gov.cn/uploadfile/1/Attachment/638fdecf51.zip"",""local_source_file"":""中央机关及其直属机构2024年度考试录用公务员招考简章.xls"",""local_source_sha256"":""a1741b99dbecd6d03e533f99f2d69b0fa5a79733e551b80af69986ceed2ad996"",""source_sheet"":""中央国家行政机关省级以下直属机构"",""filter_version"":""government_tech_v2"",""tech_filter"":{""is_tech"":true,""is_core_tech"":true,""scope"":""core"",""categories"":[""computer_software"",""data_ai""],""matched_fields"":[""major"",""job_title""],""major_terms"":[""计算机类""],""role_terms"":[""大数据""],""reason"":""tech_major_and_role""},""original"":{""部门代码"":""130135"",""部门名称"":""国家税务总局宁夏回族自治区税务局"",""用人司局"":""国家税务总局宁夏回族自治区税务局"",""机构性质"":""中央国家行政机关省级以下直属机构"",""招考职位"":""第三税务分局（税收大数据和风险管理局）一级主管及以下"",""职位属性"":""普通职位"",""职位分布"":""其他职位"",""职位简介"":""税收政策执行"",""职位代码"":""300110034002"",""机构层级"":""省（副省）级"",""考试类别"":""中央机关及其省级直属机构综合管理类"",""招考人数"":""1"",""专业"":""财政学类、统计学类、数学类、计算机类、财会审计类"",""学历"":""硕士研究生及以上"",""学位"":""与最高学历相对应的学位"",""政治面貌"":""不限"",""基层工作最低年限"":""二年"",""服务基层项目工作经历"":""无限制"",""是否在面试阶段组织专业能力测试"":""否"",""面试人员比例"":""3:1"",""工作地点"":""宁夏回族自治区银川市"",""落户地点"":""宁夏回族自治区银川市"",""备注"":""在本单位最低服务年限为5年"",""部门网站"":""http://ningxia.chinatax.gov.cn/"",""咨询电话1"":""0951-5695245"",""咨询电话2"":""0951-5695190"",""咨询电话3"":"""",""来源Sheet"":""中央国家行政机关省级以下直属机构""}}"
"government_jobs","国家公务员2024招考简章","公务员/事业单位技术岗位","北京市西城区","2026-07-28T09:12:58.310295+00:00","科技管理处一级主任科员及以下","国家广播电视总局","","北京市西城区","公务员/事业单位;2024;computer_software;electronics_communication;硕士研究生及以上;与最高学历相对应的学位;通信、电子、信息、计算机、广播电视类等相关专业;中央机关及其省级直属机构综合管理类","用人司局：科技司
职位简介：开展广播电视和网络视听科技发展政策和规划拟订、科技创新和重大科技工程项目管理、技术方案论证、成果应用转化等工作
专业要求：通信、电子、信息、计算机、广播电视类等相关专业
学历要求：硕士研究生及以上
学位要求：与最高学历相对应的学位
政治面貌：中共党员
基层工作经历：二年
考试类别：中央机关及其省级直属机构综合管理类
备注：面试阶段组织专业能力测试，占综合成绩的15%，测试范围：广播电视技术，通信技术，互联网技术等。","https://www.xuanhan.gov.cn/xxgk-show-77635.html#132000-200110008002","2023-10-15","{""dataset_year"":2024,""job_uid"":""GOV-2024-132000-200110008002"",""publisher"":""国家公务员局"",""publication_page"":""https://www.xuanhan.gov.cn/xxgk-show-77635.html"",""attachment_url"":""https://www.xuanhan.gov.cn/uploadfile/1/Attachment/638fdecf51.zip"",""local_source_file"":""中央机关及其直属机构2024年度考试录用公务员招考简章.xls"",""local_source_sha256"":""a1741b99dbecd6d03e533f99f2d69b0fa5a79733e551b80af69986ceed2ad996"",""source_sheet"":""中央国家行政机关（本级）"",""filter_version"":""government_tech_v2"",""tech_filter"":{""is_tech"":true,""is_core_tech"":true,""scope"":""core"",""categories"":[""computer_software"",""electronics_communication""],""matched_fields"":[""major"",""remarks""],""major_terms"":[""计算机""],""role_terms"":[""互联网"",""通信技术""],""reason"":""tech_major_and_role""},""original"":{""部门代码"":""132000"",""部门名称"":""国家广播电视总局"",""用人司局"":""科技司"",""机构性质"":""中央国家行政机关（本级）"",""招考职位"":""科技管理处一级主任科员及以下"",""职位属性"":""普通职位"",""职位分布"":""其他职位"",""职位简介"":""开展广播电视和网络视听科技发展政策和规划拟订、科技创新和重大科技工程项目管理、技术方案论证、成果应用转化等工作"",""职位代码"":""200110008002"",""机构层级"":""中央"",""考试类别"":""中央机关及其省级直属机构综合管理类"",""招考人数"":""1"",""专业"":""通信、电子、信息、计算机、广播电视类等相关专业"",""学历"":""硕士研究生及以上"",""学位"":""与最高学历相对应的学位"",""政治面貌"":""中共党员"",""基层工作最低年限"":""二年"",""服务基层项目工作经历"":""无限制"",""是否在面试阶段组织专业能力测试"":""是"",""面试人员比例"":""5:1"",""工作地点"":""北京市西城区"",""落户地点"":""北京市西城区"",""备注"":""面试阶段组织专业能力测试，占综合成绩的15%，测试范围：广播电视技术，通信技术，互联网技术等。"",""部门网站"":""http://www.nrta.gov.cn/"",""咨询电话1"":""010-86092898"",""咨询电话2"":"""",""咨询电话3"":"""",""来源Sheet"":""中央国家行政机关（本级）""}}"
"government_jobs","国家公务员2024招考简章","公务员/事业单位技术岗位","北京市","2026-07-28T09:12:58.310295+00:00","生产运行处一级主任科员及以下","国家统计局","","北京市","公务员/事业单位;2024;computer_software;data_ai;仅限硕士研究生;硕士;计算机科学与技术、数学;中央机关及其省级直属机构综合管理类","用人司局：服务业调查中心
职位简介：从事工业企业生产统计数据处理和分析研究相关工作。
专业要求：计算机科学与技术、数学
学历要求：仅限硕士研究生
学位要求：硕士
政治面貌：不限
基层工作经历：一年
考试类别：中央机关及其省级直属机构综合管理类","https://www.xuanhan.gov.cn/xxgk-show-77635.html#135000-400110001007","2023-10-15","{""dataset_year"":2024,""job_uid"":""GOV-2024-135000-400110001007"",""publisher"":""国家公务员局"",""publication_page"":""https://www.xuanhan.gov.cn/xxgk-show-77635.html"",""attachment_url"":""https://www.xuanhan.gov.cn/uploadfile/1/Attachment/638fdecf51.zip"",""local_source_file"":""中央机关及其直属机构2024年度考试录用公务员招考简章.xls"",""local_source_sha256"":""a1741b99dbecd6d03e533f99f2d69b0fa5a79733e551b80af69986ceed2ad996"",""source_sheet"":""中央国家行政机关参照公务员法管理事业单位"",""filter_version"":""government_tech_v2"",""tech_filter"":{""is_tech"":true,""is_core_tech"":true,""scope"":""core"",""categories"":[""computer_software"",""data_ai""],""matched_fields"":[""major"",""description""],""major_terms"":[""计算机科学与技术""],""role_terms"":[""数据处理""],""reason"":""tech_major_and_role""},""original"":{""部门代码"":""135000"",""部门名称"":""国家统计局"",""用人司局"":""服务业调查中心"",""机构性质"":""中央国家行政机关参照公务员法管理事业单位"",""招考职位"":""生产运行处一级主任科员及以下"",""职位属性"":""普通职位"",""职位分布"":""其他职位"",""职位简介"":""从事工业企业生产统计数据处理和分析研究相关工作。"",""职位代码"":""400110001007"",""机构层级"":""中央"",""考试类别"":""中央机关及其省级直属机构综合管理类"",""招考人数"":""2"",""专业"":""计算机科学与技术、数学"",""学历"":""仅限硕士研究生"",""学位"":""硕士"",""政治面貌"":""不限"",""基层工作最低年限"":""一年"",""服务基层项目工作经历"":""无限制"",""是否在面试阶段组织专业能力测试"":""否"",""面试人员比例"":""5:1"",""工作地点"":""北京市"",""落户地点"":""北京市"",""备注"":"""",""部门网站"":""http://www.stats.gov.cn/"",""咨询电话1"":""010-68782422"",""咨询电话2"":""010-68782793"",""咨询电话3"":"""",""来源Sheet"":""中央国家行政机关参照公务员法管理事业单位""}}"
"government_jobs","国家公务员2024招考简章","公务员/事业单位技术岗位","北京市","2026-07-28T09:12:58.310295+00:00","空间地理信息处一级主任科员及以下","国家统计局","","北京市","公务员/事业单位;2024;computer_software;geospatial_remote_sensing;本科及以上;与最高学历相对应的学位;经济学、统计学、数学、计算机科学与技术;中央机关及其省级直属机构综合管理类","用人司局：普查中心
职位简介：从事统计地理信息系统建设和维护相关工作，参与普查区划分工作，应用统计数据开展空间分析。
专业要求：经济学、统计学、数学、计算机科学与技术
学历要求：本科及以上
学位要求：与最高学历相对应的学位
政治面貌：不限
基层工作经历：无限制
考试类别：中央机关及其省级直属机构综合管理类","https://www.xuanhan.gov.cn/xxgk-show-77635.html#135000-400110002002","2023-10-15","{""dataset_year"":2024,""job_uid"":""GOV-2024-135000-400110002002"",""publisher"":""国家公务员局"",""publication_page"":""https://www.xuanhan.gov.cn/xxgk-show-77635.html"",""attachment_url"":""https://www.xuanhan.gov.cn/uploadfile/1/Attachment/638fdecf51.zip"",""local_source_file"":""中央机关及其直属机构2024年度考试录用公务员招考简章.xls"",""local_source_sha256"":""a1741b99dbecd6d03e533f99f2d69b0fa5a79733e551b80af69986ceed2ad996"",""source_sheet"":""中央国家行政机关参照公务员法管理事业单位"",""filter_version"":""government_tech_v2"",""tech_filter"":{""is_tech"":true,""is_core_tech"":true,""scope"":""core"",""categories"":[""computer_software"",""geospatial_remote_sensing""],""matched_fields"":[""major"",""job_title"",""description""],""major_terms"":[""计算机科学与技术""],""role_terms"":[""信息系统"",""地理信息"",""地理信息系统"",""系统建设""],""reason"":""tech_major_and_role""},""original"":{""部门代码"":""135000"",""部门名称"":""国家统计局"",""用人司局"":""普查中心"",""机构性质"":""中央国家行政机关参照公务员法管理事业单位"",""招考职位"":""空间地理信息处一级主任科员及以下"",""职位属性"":""普通职位"",""职位分布"":""其他职位"",""职位简介"":""从事统计地理信息系统建设和维护相关工作，参与普查区划分工作，应用统计数据开展空间分析。"",""职位代码"":""400110002002"",""机构层级"":""中央"",""考试类别"":""中央机关及其省级直属机构综合管理类"",""招考人数"":""1"",""专业"":""经济学、统计学、数学、计算机科学与技术"",""学历"":""本科及以上"",""学位"":""与最高学历相对应的学位"",""政治面貌"":""不限"",""基层工作最低年限"":""无限制"",""服务基层项目工作经历"":""无限制"",""是否在面试阶段组织专业能力测试"":""否"",""面试人员比例"":""5:1"",""工作地点"":""北京市"",""落户地点"":""北京市"",""备注"":"""",""部门网站"":""http://www.stats.gov.cn/"",""咨询电话1"":""010-68782422"",""咨询电话2"":""010-68782793"",""咨询电话3"":"""",""来源Sheet"":""中央国家行政机关参照公务员法管理事业单位""}}"
"government_jobs","国家公务员2024招考简章","公务员/事业单位技术岗位","天津市","2026-07-28T09:12:58.310295+00:00","天津调查总队业务处室二级主任科员及以下（1）","国家统计局天津调查总队","","天津市","公务员/事业单位;2024;computer_software;data_ai;仅限硕士研究生;硕士;统计学类、数学类、经济学类、计算机类;中央机关及其省级直属机构综合管理类","用人司局：国家统计局天津调查总队
职位简介：从事一线入户调查、数据处理、统计分析、统计研究等工作。
专业要求：统计学类、数学类、经济学类、计算机类
学历要求：仅限硕士研究生
学位要求：硕士
政治面貌：中共党员
基层工作经历：无限制
考试类别：中央机关及其省级直属机构综合管理类
备注：1.全国大学英语六级考试成绩达到425分以上；2.本单位最低服务年限为5年（含试用期）；3.仅限女性报考。","https://www.xuanhan.gov.cn/xxgk-show-77635.html#135102-400110102002","2023-10-15","{""dataset_year"":2024,""job_uid"":""GOV-2024-135102-400110102002"",""publisher"":""国家公务员局"",""publication_page"":""https://www.xuanhan.gov.cn/xxgk-show-77635.html"",""attachment_url"":""https://www.xuanhan.gov.cn/uploadfile/1/Attachment/638fdecf51.zip"",""local_source_file"":""中央机关及其直属机构2024年度考试录用公务员招考简章.xls"",""local_source_sha256"":""a1741b99dbecd6d03e533f99f2d69b0fa5a79733e551b80af69986ceed2ad996"",""source_sheet"":""中央国家行政机关参照公务员法管理事业单位"",""filter_version"":""government_tech_v2"",""tech_filter"":{""is_tech"":true,""is_core_tech"":true,""scope"":""core"",""categories"":[""computer_software"",""data_ai""],""matched_fields"":[""major"",""description""],""major_terms"":[""计算机类""],""role_terms"":[""数据处理""],""reason"":""tech_major_and_role""},""original"":{""部门代码"":""135102"",""部门名称"":""国家统计局天津调查总队"",""用人司局"":""国家统计局天津调查总队"",""机构性质"":""中央国家行政机关参照公务员法管理事业单位"",""招考职位"":""天津调查总队业务处室二级主任科员及以下（1）"",""职位属性"":""普通职位"",""职位分布"":""其他职位"",""职位简介"":""从事一线入户调查、数据处理、统计分析、统计研究等工作。"",""职位代码"":""400110102002"",""机构层级"":""省（副省）级"",""考试类别"":""中央机关及其省级直属机构综合管理类"",""招考人数"":""2"",""专业"":""统计学类、数学类、经济学类、计算机类"",""学历"":""仅限硕士研究生"",""学位"":""硕士"",""政治面貌"":""中共党员"",""基层工作最低年限"":""无限制"",""服务基层项目工作经历"":""无限制"",""是否在面试阶段组织专业能力测试"":""否"",""面试人员比例"":""5:1"",""工作地点"":""天津市"",""落户地点"":""天津市"",""备注"":""1.全国大学英语六级考试成绩达到425分以上；2.本单位最低服务年限为5年（含试用期）；3.仅限女性报考。"",""部门网站"":""http://www.tjdczd.gov.cn/"",""咨询电话1"":""022-27303059"",""咨询电话2"":""022-27313551"",""咨询电话3"":"""",""来源Sheet"":""中央国家行政机关参照公务员法管理事业单位""}}"
"government_jobs","国家公务员2024招考简章","公务员/事业单位技术岗位","天津市","2026-07-28T09:12:58.310295+00:00","天津调查总队业务处室二级主任科员及以下（2）","国家统计局天津调查总队","","天津市","公务员/事业单位;2024;computer_software;data_ai;仅限硕士研究生;硕士;统计学类、数学类、经济学类、计算机类;中央机关及其省级直属机构综合管理类","用人司局：国家统计局天津调查总队
职位简介：从事一线入户调查、数据处理、统计分析、统计研究等工作。
专业要求：统计学类、数学类、经济学类、计算机类
学历要求：仅限硕士研究生
学位要求：硕士
政治面貌：中共党员
基层工作经历：无限制
考试类别：中央机关及其省级直属机构综合管理类
备注：1.全国大学英语六级考试成绩达到425分以上；2.本单位最低服务年限为5年（含试用期）；3.仅限男性报考。","https://www.xuanhan.gov.cn/xxgk-show-77635.html#135102-400110102003","2023-10-15","{""dataset_year"":2024,""job_uid"":""GOV-2024-135102-400110102003"",""publisher"":""国家公务员局"",""publication_page"":""https://www.xuanhan.gov.cn/xxgk-show-77635.html"",""attachment_url"":""https://www.xuanhan.gov.cn/uploadfile/1/Attachment/638fdecf51.zip"",""local_source_file"":""中央机关及其直属机构2024年度考试录用公务员招考简章.xls"",""local_source_sha256"":""a1741b99dbecd6d03e533f99f2d69b0fa5a79733e551b80af69986ceed2ad996"",""source_sheet"":""中央国家行政机关参照公务员法管理事业单位"",""filter_version"":""government_tech_v2"",""tech_filter"":{""is_tech"":true,""is_core_tech"":true,""scope"":""core"",""categories"":[""computer_software"",""data_ai""],""matched_fields"":[""major"",""description""],""major_terms"":[""计算机类""],""role_terms"":[""数据处理""],""reason"":""tech_major_and_role""},""original"":{""部门代码"":""135102"",""部门名称"":""国家统计局天津调查总队"",""用人司局"":""国家统计局天津调查总队"",""机构性质"":""中央国家行政机关参照公务员法管理事业单位"",""招考职位"":""天津调查总队业务处室二级主任科员及以下（2）"",""职位属性"":""普通职位"",""职位分布"":""其他职位"",""职位简介"":""从事一线入户调查、数据处理、统计分析、统计研究等工作。"",""职位代码"":""400110102003"",""机构层级"":""省（副省）级"",""考试类别"":""中央机关及其省级直属机构综合管理类"",""招考人数"":""2"",""专业"":""统计学类、数学类、经济学类、计算机类"",""学历"":""仅限硕士研究生"",""学位"":""硕士"",""政治面貌"":""中共党员"",""基层工作最低年限"":""无限制"",""服务基层项目工作经历"":""无限制"",""是否在面试阶段组织专业能力测试"":""否"",""面试人员比例"":""5:1"",""工作地点"":""天津市"",""落户地点"":""天津市"",""备注"":""1.全国大学英语六级考试成绩达到425分以上；2.本单位最低服务年限为5年（含试用期）；3.仅限男性报考。"",""部门网站"":""http://www.tjdczd.gov.cn/"",""咨询电话1"":""022-27303059"",""咨询电话2"":""022-27313551"",""咨询电话3"":"""",""来源Sheet"":""中央国家行政机关参照公务员法管理事业单位""}}"
"government_jobs","国家公务员2024招考简章","公务员/事业单位技术岗位","河北省石家庄市","2026-07-28T09:12:58.310295+00:00","石家庄调查队综合科室一级科员（1）","国家统计局河北调查总队","","河北省石家庄市","公务员/事业单位;2024;data_ai;仅限本科;学士;数学类（数学与应用数学、信息与计算科学、数理基础科学、数据计算及应用）;市（地）级及以下直属机构综合管理类","用人司局：国家统计局河北调查总队
职位简介：从事数据处理、统计分析、统计研究等工作
专业要求：数学类（数学与应用数学、信息与计算科学、数理基础科学、数据计算及应用）
学历要求：仅限本科
学位要求：学士
政治面貌：中共党员
基层工作经历：无限制
考试类别：市（地）级及以下直属机构综合管理类
备注：须以最高学历所学主修专业报考；最低服务年限为5年(含试用期）；限男性。","https://www.xuanhan.gov.cn/xxgk-show-77635.html#135103-400110103003","2023-10-15","{""dataset_year"":2024,""job_uid"":""GOV-2024-135103-400110103003"",""publisher"":""国家公务员局"",""publication_page"":""https://www.xuanhan.gov.cn/xxgk-show-77635.html"",""attachment_url"":""https://www.xuanhan.gov.cn/uploadfile/1/Attachment/638fdecf51.zip"",""local_source_file"":""中央机关及其直属机构2024年度考试录用公务员招考简章.xls"",""local_source_sha256"":""a1741b99dbecd6d03e533f99f2d69b0fa5a79733e551b80af69986ceed2ad996"",""source_sheet"":""中央国家行政机关参照公务员法管理事业单位"",""filter_version"":""government_tech_v2"",""tech_filter"":{""is_tech"":true,""is_core_tech"":true,""scope"":""core"",""categories"":[""data_ai""],""matched_fields"":[""description""],""major_terms"":[],""role_terms"":[""数据处理""],""reason"":""tech_role""},""original"":{""部门代码"":""135103"",""部门名称"":""国家统计局河北调查总队"",""用人司局"":""国家统计局河北调查总队"",""机构性质"":""中央国家行政机关参照公务员法管理事业单位"",""招考职位"":""石家庄调查队综合科室一级科员（1）"",""职位属性"":""普通职位"",""职位分布"":""其他职位"",""职位简介"":""从事数据处理、统计分析、统计研究等工作"",""职位代码"":""400110103003"",""机构层级"":""市（地）级"",""考试类别"":""市（地）级及以下直属机构综合管理类"",""招考人数"":""1"",""专业"":""数学类（数学与应用数学、信息与计算科学、数理基础科学、数据计算及应用）"",""学历"":""仅限本科"",""学位"":""学士"",""政治面貌"":""中共党员"",""基层工作最低年限"":""无限制"",""服务基层项目工作经历"":""无限制"",""是否在面试阶段组织专业能力测试"":""否"",""面试人员比例"":""3:1"",""工作地点"":""河北省石家庄市"",""落户地点"":""河北省石家庄市"",""备注"":""须以最高学历所学主修专业报考；最低服务年限为5年(含试用期）；限男性。"",""部门网站"":""无"",""咨询电话1"":""0311-86955089"",""咨询电话2"":""0311-86955093"",""咨询电话3"":""0311-86955965"",""来源Sheet"":""中央国家行政机关参照公务员法管理事业单位""}}"
"government_jobs","国家公务员2024招考简章","公务员/事业单位技术岗位","河北省石家庄市","2026-07-28T09:12:58.310295+00:00","石家庄调查队综合科室一级科员（2）","国家统计局河北调查总队","","河北省石家庄市","公务员/事业单位;2024;data_ai;仅限本科;学士;数学类（数学与应用数学、信息与计算科学、数理基础科学、数据计算及应用）;市（地）级及以下直属机构综合管理类","用人司局：国家统计局河北调查总队
职位简介：从事数据处理、统计分析、统计研究等工作
专业要求：数学类（数学与应用数学、信息与计算科学、数理基础科学、数据计算及应用）
学历要求：仅限本科
学位要求：学士
政治面貌：中共党员
基层工作经历：无限制
考试类别：市（地）级及以下直属机构综合管理类
备注：须以最高学历所学主修专业报考；最低服务年限为5年(含试用期）；限女性。","https://www.xuanhan.gov.cn/xxgk-show-77635.html#135103-400110103004","2023-10-15","{""dataset_year"":2024,""job_uid"":""GOV-2024-135103-400110103004"",""publisher"":""国家公务员局"",""publication_page"":""https://www.xuanhan.gov.cn/xxgk-show-77635.html"",""attachment_url"":""https://www.xuanhan.gov.cn/uploadfile/1/Attachment/638fdecf51.zip"",""local_source_file"":""中央机关及其直属机构2024年度考试录用公务员招考简章.xls"",""local_source_sha256"":""a1741b99dbecd6d03e533f99f2d69b0fa5a79733e551b80af69986ceed2ad996"",""source_sheet"":""中央国家行政机关参照公务员法管理事业单位"",""filter_version"":""government_tech_v2"",""tech_filter"":{""is_tech"":true,""is_core_tech"":true,""scope"":""core"",""categories"":[""data_ai""],""matched_fields"":[""description""],""major_terms"":[],""role_terms"":[""数据处理""],""reason"":""tech_role""},""original"":{""部门代码"":""135103"",""部门名称"":""国家统计局河北调查总队"",""用人司局"":""国家统计局河北调查总队"",""机构性质"":""中央国家行政机关参照公务员法管理事业单位"",""招考职位"":""石家庄调查队综合科室一级科员（2）"",""职位属性"":""普通职位"",""职位分布"":""其他职位"",""职位简介"":""从事数据处理、统计分析、统计研究等工作"",""职位代码"":""400110103004"",""机构层级"":""市（地）级"",""考试类别"":""市（地）级及以下直属机构综合管理类"",""招考人数"":""1"",""专业"":""数学类（数学与应用数学、信息与计算科学、数理基础科学、数据计算及应用）"",""学历"":""仅限本科"",""学位"":""学士"",""政治面貌"":""中共党员"",""基层工作最低年限"":""无限制"",""服务基层项目工作经历"":""无限制"",""是否在面试阶段组织专业能力测试"":""否"",""面试人员比例"":""3:1"",""工作地点"":""河北省石家庄市"",""落户地点"":""河北省石家庄市"",""备注"":""须以最高学历所学主修专业报考；最低服务年限为5年(含试用期）；限女性。"",""部门网站"":""无"",""咨询电话1"":""0311-86955089"",""咨询电话2"":""0311-86955093"",""咨询电话3"":""0311-86955965"",""来源Sheet"":""中央国家行政机关参照公务员法管理事业单位""}}"
"government_jobs","国家公务员2024招考简章","公务员/事业单位技术岗位","河北省保定市","2026-07-28T09:12:58.310295+00:00","保定调查队业务科室一级科员（1）","国家统计局河北调查总队","","河北省保定市","公务员/事业单位;2024;computer_software;data_ai;仅限本科;学士;统计学类（统计学、 应用统计学）、软件工程;市（地）级及以下直属机构综合管理类","用人司局：国家统计局河北调查总队
职位简介：从事一线统计专业调查、数据处理、统计分析撰写等工作
专业要求：统计学类（统计学、 应用统计学）、软件工程
学历要求：仅限本科
学位要求：学士
政治面貌：不限
基层工作经历：无限制
考试类别：市（地）级及以下直属机构综合管理类
备注：应届高校毕业生；须以最高学历所学主修专业报考；最低服务年限为5年(含试用期）；限男性。","https://www.xuanhan.gov.cn/xxgk-show-77635.html#135103-400110103009","2023-10-15","{""dataset_year"":2024,""job_uid"":""GOV-2024-135103-400110103009"",""publisher"":""国家公务员局"",""publication_page"":""https://www.xuanhan.gov.cn/xxgk-show-77635.html"",""attachment_url"":""https://www.xuanhan.gov.cn/uploadfile/1/Attachment/638fdecf51.zip"",""local_source_file"":""中央机关及其直属机构2024年度考试录用公务员招考简章.xls"",""local_source_sha256"":""a1741b99dbecd6d03e533f99f2d69b0fa5a79733e551b80af69986ceed2ad996"",""source_sheet"":""中央国家行政机关参照公务员法管理事业单位"",""filter_version"":""government_tech_v2"",""tech_filter"":{""is_tech"":true,""is_core_tech"":true,""scope"":""core"",""categories"":[""computer_software"",""data_ai""],""matched_fields"":[""major"",""description""],""major_terms"":[""软件工程""],""role_terms"":[""数据处理""],""reason"":""tech_major_and_role""},""original"":{""部门代码"":""135103"",""部门名称"":""国家统计局河北调查总队"",""用人司局"":""国家统计局河北调查总队"",""机构性质"":""中央国家行政机关参照公务员法管理事业单位"",""招考职位"":""保定调查队业务科室一级科员（1）"",""职位属性"":""普通职位"",""职位分布"":""其他职位"",""职位简介"":""从事一线统计专业调查、数据处理、统计分析撰写等工作"",""职位代码"":""400110103009"",""机构层级"":""市（地）级"",""考试类别"":""市（地）级及以下直属机构综合管理类"",""招考人数"":""1"",""专业"":""统计学类（统计学、 应用统计学）、软件工程"",""学历"":""仅限本科"",""学位"":""学士"",""政治面貌"":""不限"",""基层工作最低年限"":""无限制"",""服务基层项目工作经历"":""无限制"",""是否在面试阶段组织专业能力测试"":""否"",""面试人员比例"":""3:1"",""工作地点"":""河北省保定市"",""落户地点"":""河北省保定市"",""备注"":""应届高校毕业生；须以最高学历所学主修专业报考；最低服务年限为5年(含试用期）；限男性。"",""部门网站"":""无"",""咨询电话1"":""0311-86955089"",""咨询电话2"":""0311-86955093"",""咨询电话3"":""0311-86955965"",""来源Sheet"":""中央国家行政机关参照公务员法管理事业单位""}}"
"government_jobs","国家公务员2024招考简章","公务员/事业单位技术岗位","河北省保定市","2026-07-28T09:12:58.310295+00:00","保定调查队业务科室一级科员（2）","国家统计局河北调查总队","","河北省保定市","公务员/事业单位;2024;computer_software;data_ai;仅限本科;学士;统计学类（统计学、 应用统计学）、软件工程;市（地）级及以下直属机构综合管理类","用人司局：国家统计局河北调查总队
职位简介：从事一线统计专业调查、数据处理、统计分析撰写等工作
专业要求：统计学类（统计学、 应用统计学）、软件工程
学历要求：仅限本科
学位要求：学士
政治面貌：不限
基层工作经历：无限制
考试类别：市（地）级及以下直属机构综合管理类
备注：应届高校毕业生；须以最高学历所学主修专业报考；最低服务年限为5年(含试用期）；限女性。","https://www.xuanhan.gov.cn/xxgk-show-77635.html#135103-400110103010","2023-10-15","{""dataset_year"":2024,""job_uid"":""GOV-2024-135103-400110103010"",""publisher"":""国家公务员局"",""publication_page"":""https://www.xuanhan.gov.cn/xxgk-show-77635.html"",""attachment_url"":""https://www.xuanhan.gov.cn/uploadfile/1/Attachment/638fdecf51.zip"",""local_source_file"":""中央机关及其直属机构2024年度考试录用公务员招考简章.xls"",""local_source_sha256"":""a1741b99dbecd6d03e533f99f2d69b0fa5a79733e551b80af69986ceed2ad996"",""source_sheet"":""中央国家行政机关参照公务员法管理事业单位"",""filter_version"":""government_tech_v2"",""tech_filter"":{""is_tech"":true,""is_core_tech"":true,""scope"":""core"",""categories"":[""computer_software"",""data_ai""],""matched_fields"":[""major"",""description""],""major_terms"":[""软件工程""],""role_terms"":[""数据处理""],""reason"":""tech_major_and_role""},""original"":{""部门代码"":""135103"",""部门名称"":""国家统计局河北调查总队"",""用人司局"":""国家统计局河北调查总队"",""机构性质"":""中央国家行政机关参照公务员法管理事业单位"",""招考职位"":""保定调查队业务科室一级科员（2）"",""职位属性"":""普通职位"",""职位分布"":""其他职位"",""职位简介"":""从事一线统计专业调查、数据处理、统计分析撰写等工作"",""职位代码"":""400110103010"",""机构层级"":""市（地）级"",""考试类别"":""市（地）级及以下直属机构综合管理类"",""招考人数"":""1"",""专业"":""统计学类（统计学、 应用统计学）、软件工程"",""学历"":""仅限本科"",""学位"":""学士"",""政治面貌"":""不限"",""基层工作最低年限"":""无限制"",""服务基层项目工作经历"":""无限制"",""是否在面试阶段组织专业能力测试"":""否"",""面试人员比例"":""3:1"",""工作地点"":""河北省保定市"",""落户地点"":""河北省保定市"",""备注"":""应届高校毕业生；须以最高学历所学主修专业报考；最低服务年限为5年(含试用期）；限女性。"",""部门网站"":""无"",""咨询电话1"":""0311-86955089"",""咨询电话2"":""0311-86955093"",""咨询电话3"":""0311-86955965"",""来源Sheet"":""中央国家行政机关参照公务员法管理事业单位""}}"
"government_jobs","国家公务员2024招考简章","公务员/事业单位技术岗位","河北省沧州市","2026-07-28T09:12:58.310295+00:00","沧州调查队综合科室一级科员","国家统计局河北调查总队","","河北省沧州市","公务员/事业单位;2024;computer_software;data_ai;仅限本科;学士;计算机科学与技术、软件工程、网络工程;市（地）级及以下直属机构综合管理类","用人司局：国家统计局河北调查总队
职位简介：从事信息化建设、数据处理、统计调查业务等工作
专业要求：计算机科学与技术、软件工程、网络工程
学历要求：仅限本科
学位要求：学士
政治面貌：中共党员
基层工作经历：无限制
考试类别：市（地）级及以下直属机构综合管理类
备注：须以最高学历所学主修专业报考；最低服务年限为5年(含试用期）。","https://www.xuanhan.gov.cn/xxgk-show-77635.html#135103-400110103012","2023-10-15","{""dataset_year"":2024,""job_uid"":""GOV-2024-135103-400110103012"",""publisher"":""国家公务员局"",""publication_page"":""https://www.xuanhan.gov.cn/xxgk-show-77635.html"",""attachment_url"":""https://www.xuanhan.gov.cn/uploadfile/1/Attachment/638fdecf51.zip"",""local_source_file"":""中央机关及其直属机构2024年度考试录用公务员招考简章.xls"",""local_source_sha256"":""a1741b99dbecd6d03e533f99f2d69b0fa5a79733e551b80af69986ceed2ad996"",""source_sheet"":""中央国家行政机关参照公务员法管理事业单位"",""filter_version"":""government_tech_v2"",""tech_filter"":{""is_tech"":true,""is_core_tech"":true,""scope"":""core"",""categories"":[""computer_software"",""data_ai""],""matched_fields"":[""major"",""description""],""major_terms"":[""网络工程"",""计算机科学与技术"",""软件工程""],""role_terms"":[""信息化"",""数据处理""],""reason"":""tech_major_and_role""},""original"":{""部门代码"":""135103"",""部门名称"":""国家统计局河北调查总队"",""用人司局"":""国家统计局河北调查总队"",""机构性质"":""中央国家行政机关参照公务员法管理事业单位"",""招考职位"":""沧州调查队综合科室一级科员"",""职位属性"":""普通职位"",""职位分布"":""其他职位"",""职位简介"":""从事信息化建设、数据处理、统计调查业务等工作"",""职位代码"":""400110103012"",""机构层级"":""市（地）级"",""考试类别"":""市（地）级及以下直属机构综合管理类"",""招考人数"":""1"",""专业"":""计算机科学与技术、软件工程、网络工程"",""学历"":""仅限本科"",""学位"":""学士"",""政治面貌"":""中共党员"",""基层工作最低年限"":""无限制"",""服务基层项目工作经历"":""无限制"",""是否在面试阶段组织专业能力测试"":""否"",""面试人员比例"":""3:1"",""工作地点"":""河北省沧州市"",""落户地点"":""河北省沧州市"",""备注"":""须以最高学历所学主修专业报考；最低服务年限为5年(含试用期）。"",""部门网站"":""无"",""咨询电话1"":""0311-86955089"",""咨询电话2"":""0311-86955093"",""咨询电话3"":""0311-86955965"",""来源Sheet"":""中央国家行政机关参照公务员法管理事业单位""}}"
"government_jobs","国家公务员2024招考简章","公务员/事业单位技术岗位","河北省邯郸市","2026-07-28T09:12:58.310295+00:00","邯郸调查队业务科室一级科员（1）","国家统计局河北调查总队","","河北省邯郸市","公务员/事业单位;2024;computer_software;data_ai;仅限本科;学士;数学类（基础数学、计算数学、概率论与数理统计、应用数学、运筹学与控制论）、软件工程;市（地）级及以下直属机构综合管理类","用人司局：国家统计局河北调查总队
职位简介：从事一线入户调查、数据处理、统计分析、统计研究等工作
专业要求：数学类（基础数学、计算数学、概率论与数理统计、应用数学、运筹学与控制论）、软件工程
学历要求：仅限本科
学位要求：学士
政治面貌：不限
基层工作经历：无限制
考试类别：市（地）级及以下直属机构综合管理类
备注：应届高校毕业生；须以最高学历所学主修专业报考；最低服务年限为5年(含试用期）；限男性。","https://www.xuanhan.gov.cn/xxgk-show-77635.html#135103-400110103015","2023-10-15","{""dataset_year"":2024,""job_uid"":""GOV-2024-135103-400110103015"",""publisher"":""国家公务员局"",""publication_page"":""https://www.xuanhan.gov.cn/xxgk-show-77635.html"",""attachment_url"":""https://www.xuanhan.gov.cn/uploadfile/1/Attachment/638fdecf51.zip"",""local_source_file"":""中央机关及其直属机构2024年度考试录用公务员招考简章.xls"",""local_source_sha256"":""a1741b99dbecd6d03e533f99f2d69b0fa5a79733e551b80af69986ceed2ad996"",""source_sheet"":""中央国家行政机关参照公务员法管理事业单位"",""filter_version"":""government_tech_v2"",""tech_filter"":{""is_tech"":true,""is_core_tech"":true,""scope"":""core"",""categories"":[""computer_software"",""data_ai""],""matched_fields"":[""major"",""description""],""major_terms"":[""软件工程""],""role_terms"":[""数据处理""],""reason"":""tech_major_and_role""},""original"":{""部门代码"":""135103"",""部门名称"":""国家统计局河北调查总队"",""用人司局"":""国家统计局河北调查总队"",""机构性质"":""中央国家行政机关参照公务员法管理事业单位"",""招考职位"":""邯郸调查队业务科室一级科员（1）"",""职位属性"":""普通职位"",""职位分布"":""其他职位"",""职位简介"":""从事一线入户调查、数据处理、统计分析、统计研究等工作"",""职位代码"":""400110103015"",""机构层级"":""市（地）级"",""考试类别"":""市（地）级及以下直属机构综合管理类"",""招考人数"":""1"",""专业"":""数学类（基础数学、计算数学、概率论与数理统计、应用数学、运筹学与控制论）、软件工程"",""学历"":""仅限本科"",""学位"":""学士"",""政治面貌"":""不限"",""基层工作最低年限"":""无限制"",""服务基层项目工作经历"":""无限制"",""是否在面试阶段组织专业能力测试"":""否"",""面试人员比例"":""3:1"",""工作地点"":""河北省邯郸市"",""落户地点"":""河北省邯郸市"",""备注"":""应届高校毕业生；须以最高学历所学主修专业报考；最低服务年限为5年(含试用期）；限男性。"",""部门网站"":""无"",""咨询电话1"":""0311-86955089"",""咨询电话2"":""0311-86955093"",""咨询电话3"":""0311-86955965"",""来源Sheet"":""中央国家行政机关参照公务员法管理事业单位""}}"
"government_jobs","国家公务员2024招考简章","公务员/事业单位技术岗位","河北省邯郸市","2026-07-28T09:12:58.310295+00:00","邯郸调查队业务科室一级科员（2）","国家统计局河北调查总队","","河北省邯郸市","公务员/事业单位;2024;computer_software;data_ai;仅限本科;学士;数学类（基础数学、计算数学、概率论与数理统计、应用数学、运筹学与控制论）、软件工程;市（地）级及以下直属机构综合管理类","用人司局：国家统计局河北调查总队
职位简介：从事一线入户调查、数据处理、统计分析、统计研究等工作
专业要求：数学类（基础数学、计算数学、概率论与数理统计、应用数学、运筹学与控制论）、软件工程
学历要求：仅限本科
学位要求：学士
政治面貌：不限
基层工作经历：无限制
考试类别：市（地）级及以下直属机构综合管理类
备注：应届高校毕业生；须以最高学历所学主修专业报考；最低服务年限为5年(含试用期）；限女性。","https://www.xuanhan.gov.cn/xxgk-show-77635.html#135103-400110103016","2023-10-15","{""dataset_year"":2024,""job_uid"":""GOV-2024-135103-400110103016"",""publisher"":""国家公务员局"",""publication_page"":""https://www.xuanhan.gov.cn/xxgk-show-77635.html"",""attachment_url"":""https://www.xuanhan.gov.cn/uploadfile/1/Attachment/638fdecf51.zip"",""local_source_file"":""中央机关及其直属机构2024年度考试录用公务员招考简章.xls"",""local_source_sha256"":""a1741b99dbecd6d03e533f99f2d69b0fa5a79733e551b80af69986ceed2ad996"",""source_sheet"":""中央国家行政机关参照公务员法管理事业单位"",""filter_version"":""government_tech_v2"",""tech_filter"":{""is_tech"":true,""is_core_tech"":true,""scope"":""core"",""categories"":[""computer_software"",""data_ai""],""matched_fields"":[""major"",""description""],""major_terms"":[""软件工程""],""role_terms"":[""数据处理""],""reason"":""tech_major_and_role""},""original"":{""部门代码"":""135103"",""部门名称"":""国家统计局河北调查总队"",""用人司局"":""国家统计局河北调查总队"",""机构性质"":""中央国家行政机关参照公务员法管理事业单位"",""招考职位"":""邯郸调查队业务科室一级科员（2）"",""职位属性"":""普通职位"",""职位分布"":""其他职位"",""职位简介"":""从事一线入户调查、数据处理、统计分析、统计研究等工作"",""职位代码"":""400110103016"",""机构层级"":""市（地）级"",""考试类别"":""市（地）级及以下直属机构综合管理类"",""招考人数"":""1"",""专业"":""数学类（基础数学、计算数学、概率论与数理统计、应用数学、运筹学与控制论）、软件工程"",""学历"":""仅限本科"",""学位"":""学士"",""政治面貌"":""不限"",""基层工作最低年限"":""无限制"",""服务基层项目工作经历"":""无限制"",""是否在面试阶段组织专业能力测试"":""否"",""面试人员比例"":""3:1"",""工作地点"":""河北省邯郸市"",""落户地点"":""河北省邯郸市"",""备注"":""应届高校毕业生；须以最高学历所学主修专业报考；最低服务年限为5年(含试用期）；限女性。"",""部门网站"":""无"",""咨询电话1"":""0311-86955089"",""咨询电话2"":""0311-86955093"",""咨询电话3"":""0311-86955965"",""来源Sheet"":""中央国家行政机关参照公务员法管理事业单位""}}"
"government_jobs","国家公务员2024招考简章","公务员/事业单位技术岗位","河北省石家庄市辛集市","2026-07-28T09:12:58.310295+00:00","辛集调查队一级科员（1）","国家统计局河北调查总队","","河北省石家庄市辛集市","公务员/事业单位;2024;computer_software;data_ai;仅限本科;学士;统计学类（统计学、 应用统计学）、软件工程、网络工程;市（地）级及以下直属机构综合管理类","用人司局：国家统计局河北调查总队
职位简介：从事一线入户调查、数据处理、统计分析、统计研究等工作
专业要求：统计学类（统计学、 应用统计学）、软件工程、网络工程
学历要求：仅限本科
学位要求：学士
政治面貌：中共党员
基层工作经历：无限制
考试类别：市（地）级及以下直属机构综合管理类
备注：须以最高学历所学主修专业报考；最低服务年限为5年(含试用期）；经常下乡，条件艰苦；限男性。","https://www.xuanhan.gov.cn/xxgk-show-77635.html#135103-400110103017","2023-10-15","{""dataset_year"":2024,""job_uid"":""GOV-2024-135103-400110103017"",""publisher"":""国家公务员局"",""publication_page"":""https://www.xuanhan.gov.cn/xxgk-show-77635.html"",""attachment_url"":""https://www.xuanhan.gov.cn/uploadfile/1/Attachment/638fdecf51.zip"",""local_source_file"":""中央机关及其直属机构2024年度考试录用公务员招考简章.xls"",""local_source_sha256"":""a1741b99dbecd6d03e533f99f2d69b0fa5a79733e551b80af69986ceed2ad996"",""source_sheet"":""中央国家行政机关参照公务员法管理事业单位"",""filter_version"":""government_tech_v2"",""tech_filter"":{""is_tech"":true,""is_core_tech"":true,""scope"":""core"",""categories"":[""computer_software"",""data_ai""],""matched_fields"":[""major"",""description""],""major_terms"":[""网络工程"",""软件工程""],""role_terms"":[""数据处理""],""reason"":""tech_major_and_role""},""original"":{""部门代码"":""135103"",""部门名称"":""国家统计局河北调查总队"",""用人司局"":""国家统计局河北调查总队"",""机构性质"":""中央国家行政机关参照公务员法管理事业单位"",""招考职位"":""辛集调查队一级科员（1）"",""职位属性"":""普通职位"",""职位分布"":""其他职位"",""职位简介"":""从事一线入户调查、数据处理、统计分析、统计研究等工作"",""职位代码"":""400110103017"",""机构层级"":""县（区）级及以下"",""考试类别"":""市（地）级及以下直属机构综合管理类"",""招考人数"":""1"",""专业"":""统计学类（统计学、 应用统计学）、软件工程、网络工程"",""学历"":""仅限本科"",""学位"":""学士"",""政治面貌"":""中共党员"",""基层工作最低年限"":""无限制"",""服务基层项目工作经历"":""无限制"",""是否在面试阶段组织专业能力测试"":""否"",""面试人员比例"":""3:1"",""工作地点"":""河北省石家庄市辛集市"",""落户地点"":""河北省石家庄市辛集市"",""备注"":""须以最高学历所学主修专业报考；最低服务年限为5年(含试用期）；经常下乡，条件艰苦；限男性。"",""部门网站"":""无"",""咨询电话1"":""0311-86955089"",""咨询电话2"":""0311-86955093"",""咨询电话3"":""0311-86955965"",""来源Sheet"":""中央国家行政机关参照公务员法管理事业单位""}}"
"government_jobs","国家公务员2024招考简章","公务员/事业单位技术岗位","河北省石家庄市辛集市","2026-07-28T09:12:58.310295+00:00","辛集调查队一级科员（2）","国家统计局河北调查总队","","河北省石家庄市辛集市","公务员/事业单位;2024;computer_software;data_ai;仅限本科;学士;统计学类（统计学、 应用统计学）、软件工程、网络工程;市（地）级及以下直属机构综合管理类","用人司局：国家统计局河北调查总队
职位简介：从事一线入户调查、数据处理、统计分析、统计研究等工作
专业要求：统计学类（统计学、 应用统计学）、软件工程、网络工程
学历要求：仅限本科
学位要求：学士
政治面貌：中共党员
基层工作经历：无限制
考试类别：市（地）级及以下直属机构综合管理类
备注：须以最高学历所学主修专业报考；最低服务年限为5年(含试用期）；经常下乡，条件艰苦；限女性。","https://www.xuanhan.gov.cn/xxgk-show-77635.html#135103-400110103018","2023-10-15","{""dataset_year"":2024,""job_uid"":""GOV-2024-135103-400110103018"",""publisher"":""国家公务员局"",""publication_page"":""https://www.xuanhan.gov.cn/xxgk-show-77635.html"",""attachment_url"":""https://www.xuanhan.gov.cn/uploadfile/1/Attachment/638fdecf51.zip"",""local_source_file"":""中央机关及其直属机构2024年度考试录用公务员招考简章.xls"",""local_source_sha256"":""a1741b99dbecd6d03e533f99f2d69b0fa5a79733e551b80af69986ceed2ad996"",""source_sheet"":""中央国家行政机关参照公务员法管理事业单位"",""filter_version"":""government_tech_v2"",""tech_filter"":{""is_tech"":true,""is_core_tech"":true,""scope"":""core"",""categories"":[""computer_software"",""data_ai""],""matched_fields"":[""major"",""description""],""major_terms"":[""网络工程"",""软件工程""],""role_terms"":[""数据处理""],""reason"":""tech_major_and_role""},""original"":{""部门代码"":""135103"",""部门名称"":""国家统计局河北调查总队"",""用人司局"":""国家统计局河北调查总队"",""机构性质"":""中央国家行政机关参照公务员法管理事业单位"",""招考职位"":""辛集调查队一级科员（2）"",""职位属性"":""普通职位"",""职位分布"":""其他职位"",""职位简介"":""从事一线入户调查、数据处理、统计分析、统计研究等工作"",""职位代码"":""400110103018"",""机构层级"":""县（区）级及以下"",""考试类别"":""市（地）级及以下直属机构综合管理类"",""招考人数"":""1"",""专业"":""统计学类（统计学、 应用统计学）、软件工程、网络工程"",""学历"":""仅限本科"",""学位"":""学士"",""政治面貌"":""中共党员"",""基层工作最低年限"":""无限制"",""服务基层项目工作经历"":""无限制"",""是否在面试阶段组织专业能力测试"":""否"",""面试人员比例"":""3:1"",""工作地点"":""河北省石家庄市辛集市"",""落户地点"":""河北省石家庄市辛集市"",""备注"":""须以最高学历所学主修专业报考；最低服务年限为5年(含试用期）；经常下乡，条件艰苦；限女性。"",""部门网站"":""无"",""咨询电话1"":""0311-86955089"",""咨询电话2"":""0311-86955093"",""咨询电话3"":""0311-86955965"",""来源Sheet"":""中央国家行政机关参照公务员法管理事业单位""}}"
"government_jobs","国家公务员2024招考简章","公务员/事业单位技术岗位","河北省张家口市尚义县","2026-07-28T09:12:58.310295+00:00","尚义调查队一级科员","国家统计局河北调查总队","","河北省张家口市尚义县","公务员/事业单位;2024;computer_software;data_ai;仅限本科;学士;计算机科学与技术、软件工程、网络工程;市（地）级及以下直属机构综合管理类","用人司局：国家统计局河北调查总队
职位简介：从事信息化建设、数据处理、统计调查业务等工作
专业要求：计算机科学与技术、软件工程、网络工程
学历要求：仅限本科
学位要求：学士
政治面貌：不限
基层工作经历：无限制
考试类别：市（地）级及以下直属机构综合管理类
备注：应届高校毕业生；须以最高学历所学主修专业报考；最低服务年限为5年(含试用期）。","https://www.xuanhan.gov.cn/xxgk-show-77635.html#135103-400110103024","2023-10-15","{""dataset_year"":2024,""job_uid"":""GOV-2024-135103-400110103024"",""publisher"":""国家公务员局"",""publication_page"":""https://www.xuanhan.gov.cn/xxgk-show-77635.html"",""attachment_url"":""https://www.xuanhan.gov.cn/uploadfile/1/Attachment/638fdecf51.zip"",""local_source_file"":""中央机关及其直属机构2024年度考试录用公务员招考简章.xls"",""local_source_sha256"":""a1741b99dbecd6d03e533f99f2d69b0fa5a79733e551b80af69986ceed2ad996"",""source_sheet"":""中央国家行政机关参照公务员法管理事业单位"",""filter_version"":""government_tech_v2"",""tech_filter"":{""is_tech"":true,""is_core_tech"":true,""scope"":""core"",""categories"":[""computer_software"",""data_ai""],""matched_fields"":[""major"",""description""],""major_terms"":[""网络工程"",""计算机科学与技术"",""软件工程""],""role_terms"":[""信息化"",""数据处理""],""reason"":""tech_major_and_role""},""original"":{""部门代码"":""135103"",""部门名称"":""国家统计局河北调查总队"",""用人司局"":""国家统计局河北调查总队"",""机构性质"":""中央国家行政机关参照公务员法管理事业单位"",""招考职位"":""尚义调查队一级科员"",""职位属性"":""普通职位"",""职位分布"":""其他职位"",""职位简介"":""从事信息化建设、数据处理、统计调查业务等工作"",""职位代码"":""400110103024"",""机构层级"":""县（区）级及以下"",""考试类别"":""市（地）级及以下直属机构综合管理类"",""招考人数"":""1"",""专业"":""计算机科学与技术、软件工程、网络工程"",""学历"":""仅限本科"",""学位"":""学士"",""政治面貌"":""不限"",""基层工作最低年限"":""无限制"",""服务基层项目工作经历"":""无限制"",""是否在面试阶段组织专业能力测试"":""否"",""面试人员比例"":""3:1"",""工作地点"":""河北省张家口市尚义县"",""落户地点"":""河北省张家口市尚义县"",""备注"":""应届高校毕业生；须以最高学历所学主修专业报考；最低服务年限为5年(含试用期）。"",""部门网站"":""无"",""咨询电话1"":""0311-86955089"",""咨询电话2"":""0311-86955093"",""咨询电话3"":""0311-86955965"",""来源Sheet"":""中央国家行政机关参照公务员法管理事业单位""}}"
"government_jobs","国家公务员2024招考简章","公务员/事业单位技术岗位","河北省唐山市遵化市","2026-07-28T09:12:58.310295+00:00","遵化调查队一级科员","国家统计局河北调查总队","","河北省唐山市遵化市","公务员/事业单位;2024;computer_software;data_ai;仅限本科;学士;计算机科学与技术、软件工程、网络工程;市（地）级及以下直属机构综合管理类","用人司局：国家统计局河北调查总队
职位简介：从事信息化建设、数据处理、统计调查业务等工作
专业要求：计算机科学与技术、软件工程、网络工程
学历要求：仅限本科
学位要求：学士
政治面貌：不限
基层工作经历：无限制
考试类别：市（地）级及以下直属机构综合管理类
备注：须以最高学历所学主修专业报考；最低服务年限为5年(含试用期）。","https://www.xuanhan.gov.cn/xxgk-show-77635.html#135103-400110103028","2023-10-15","{""dataset_year"":2024,""job_uid"":""GOV-2024-135103-400110103028"",""publisher"":""国家公务员局"",""publication_page"":""https://www.xuanhan.gov.cn/xxgk-show-77635.html"",""attachment_url"":""https://www.xuanhan.gov.cn/uploadfile/1/Attachment/638fdecf51.zip"",""local_source_file"":""中央机关及其直属机构2024年度考试录用公务员招考简章.xls"",""local_source_sha256"":""a1741b99dbecd6d03e533f99f2d69b0fa5a79733e551b80af69986ceed2ad996"",""source_sheet"":""中央国家行政机关参照公务员法管理事业单位"",""filter_version"":""government_tech_v2"",""tech_filter"":{""is_tech"":true,""is_core_tech"":true,""scope"":""core"",""categories"":[""computer_software"",""data_ai""],""matched_fields"":[""major"",""description""],""major_terms"":[""网络工程"",""计算机科学与技术"",""软件工程""],""role_terms"":[""信息化"",""数据处理""],""reason"":""tech_major_and_role""},""original"":{""部门代码"":""135103"",""部门名称"":""国家统计局河北调查总队"",""用人司局"":""国家统计局河北调查总队"",""机构性质"":""中央国家行政机关参照公务员法管理事业单位"",""招考职位"":""遵化调查队一级科员"",""职位属性"":""普通职位"",""职位分布"":""其他职位"",""职位简介"":""从事信息化建设、数据处理、统计调查业务等工作"",""职位代码"":""400110103028"",""机构层级"":""县（区）级及以下"",""考试类别"":""市（地）级及以下直属机构综合管理类"",""招考人数"":""1"",""专业"":""计算机科学与技术、软件工程、网络工程"",""学历"":""仅限本科"",""学位"":""学士"",""政治面貌"":""不限"",""基层工作最低年限"":""无限制"",""服务基层项目工作经历"":""无限制"",""是否在面试阶段组织专业能力测试"":""否"",""面试人员比例"":""3:1"",""工作地点"":""河北省唐山市遵化市"",""落户地点"":""河北省唐山市遵化市"",""备注"":""须以最高学历所学主修专业报考；最低服务年限为5年(含试用期）。"",""部门网站"":""无"",""咨询电话1"":""0311-86955089"",""咨询电话2"":""0311-86955093"",""咨询电话3"":""0311-86955965"",""来源Sheet"":""中央国家行政机关参照公务员法管理事业单位""}}"
"government_jobs","国家公务员2024招考简章","公务员/事业单位技术岗位","河北省唐山市乐亭县","2026-07-28T09:12:58.310295+00:00","乐亭调查队一级科员（1）","国家统计局河北调查总队","","河北省唐山市乐亭县","公务员/事业单位;2024;computer_software;data_ai;仅限本科;学士;计算机科学与技术、软件工程、网络工程、统计学类（统计学、 应用统计学）;市（地）级及以下直属机构综合管理类","用人司局：国家统计局河北调查总队
职位简介：从事信息化建设、数据处理、统计调查业务等工作
专业要求：计算机科学与技术、软件工程、网络工程、统计学类（统计学、 应用统计学）
学历要求：仅限本科
学位要求：学士
政治面貌：不限
基层工作经历：无限制
考试类别：市（地）级及以下直属机构综合管理类
备注：须以最高学历所学主修专业报考；最低服务年限为5年(含试用期）；限男性。","https://www.xuanhan.gov.cn/xxgk-show-77635.html#135103-400110103029","2023-10-15","{""dataset_year"":2024,""job_uid"":""GOV-2024-135103-400110103029"",""publisher"":""国家公务员局"",""publication_page"":""https://www.xuanhan.gov.cn/xxgk-show-77635.html"",""attachment_url"":""https://www.xuanhan.gov.cn/uploadfile/1/Attachment/638fdecf51.zip"",""local_source_file"":""中央机关及其直属机构2024年度考试录用公务员招考简章.xls"",""local_source_sha256"":""a1741b99dbecd6d03e533f99f2d69b0fa5a79733e551b80af69986ceed2ad996"",""source_sheet"":""中央国家行政机关参照公务员法管理事业单位"",""filter_version"":""government_tech_v2"",""tech_filter"":{""is_tech"":true,""is_core_tech"":true,""scope"":""core"",""categories"":[""computer_software"",""data_ai""],""matched_fields"":[""major"",""description""],""major_terms"":[""网络工程"",""计算机科学与技术"",""软件工程""],""role_terms"":[""信息化"",""数据处理""],""reason"":""tech_major_and_role""},""original"":{""部门代码"":""135103"",""部门名称"":""国家统计局河北调查总队"",""用人司局"":""国家统计局河北调查总队"",""机构性质"":""中央国家行政机关参照公务员法管理事业单位"",""招考职位"":""乐亭调查队一级科员（1）"",""职位属性"":""普通职位"",""职位分布"":""其他职位"",""职位简介"":""从事信息化建设、数据处理、统计调查业务等工作"",""职位代码"":""400110103029"",""机构层级"":""县（区）级及以下"",""考试类别"":""市（地）级及以下直属机构综合管理类"",""招考人数"":""1"",""专业"":""计算机科学与技术、软件工程、网络工程、统计学类（统计学、 应用统计学）"",""学历"":""仅限本科"",""学位"":""学士"",""政治面貌"":""不限"",""基层工作最低年限"":""无限制"",""服务基层项目工作经历"":""无限制"",""是否在面试阶段组织专业能力测试"":""否"",""面试人员比例"":""3:1"",""工作地点"":""河北省唐山市乐亭县"",""落户地点"":""河北省唐山市乐亭县"",""备注"":""须以最高学历所学主修专业报考；最低服务年限为5年(含试用期）；限男性。"",""部门网站"":""无"",""咨询电话1"":""0311-86955089"",""咨询电话2"":""0311-86955093"",""咨询电话3"":""0311-86955965"",""来源Sheet"":""中央国家行政机关参照公务员法管理事业单位""}}"
"government_jobs","国家公务员2024招考简章","公务员/事业单位技术岗位","河北省唐山市乐亭县","2026-07-28T09:12:58.310295+00:00","乐亭调查队一级科员（2）","国家统计局河北调查总队","","河北省唐山市乐亭县","公务员/事业单位;2024;computer_software;data_ai;仅限本科;学士;计算机科学与技术、软件工程、网络工程、统计学类（统计学、 应用统计学）;市（地）级及以下直属机构综合管理类","用人司局：国家统计局河北调查总队
职位简介：从事信息化建设、数据处理、统计调查业务等工作
专业要求：计算机科学与技术、软件工程、网络工程、统计学类（统计学、 应用统计学）
学历要求：仅限本科
学位要求：学士
政治面貌：不限
基层工作经历：无限制
考试类别：市（地）级及以下直属机构综合管理类
备注：须以最高学历所学主修专业报考；最低服务年限为5年(含试用期）；限女性。","https://www.xuanhan.gov.cn/xxgk-show-77635.html#135103-400110103030","2023-10-15","{""dataset_year"":2024,""job_uid"":""GOV-2024-135103-400110103030"",""publisher"":""国家公务员局"",""publication_page"":""https://www.xuanhan.gov.cn/xxgk-show-77635.html"",""attachment_url"":""https://www.xuanhan.gov.cn/uploadfile/1/Attachment/638fdecf51.zip"",""local_source_file"":""中央机关及其直属机构2024年度考试录用公务员招考简章.xls"",""local_source_sha256"":""a1741b99dbecd6d03e533f99f2d69b0fa5a79733e551b80af69986ceed2ad996"",""source_sheet"":""中央国家行政机关参照公务员法管理事业单位"",""filter_version"":""government_tech_v2"",""tech_filter"":{""is_tech"":true,""is_core_tech"":true,""scope"":""core"",""categories"":[""computer_software"",""data_ai""],""matched_fields"":[""major"",""description""],""major_terms"":[""网络工程"",""计算机科学与技术"",""软件工程""],""role_terms"":[""信息化"",""数据处理""],""reason"":""tech_major_and_role""},""original"":{""部门代码"":""135103"",""部门名称"":""国家统计局河北调查总队"",""用人司局"":""国家统计局河北调查总队"",""机构性质"":""中央国家行政机关参照公务员法管理事业单位"",""招考职位"":""乐亭调查队一级科员（2）"",""职位属性"":""普通职位"",""职位分布"":""其他职位"",""职位简介"":""从事信息化建设、数据处理、统计调查业务等工作"",""职位代码"":""400110103030"",""机构层级"":""县（区）级及以下"",""考试类别"":""市（地）级及以下直属机构综合管理类"",""招考人数"":""1"",""专业"":""计算机科学与技术、软件工程、网络工程、统计学类（统计学、 应用统计学）"",""学历"":""仅限本科"",""学位"":""学士"",""政治面貌"":""不限"",""基层工作最低年限"":""无限制"",""服务基层项目工作经历"":""无限制"",""是否在面试阶段组织专业能力测试"":""否"",""面试人员比例"":""3:1"",""工作地点"":""河北省唐山市乐亭县"",""落户地点"":""河北省唐山市乐亭县"",""备注"":""须以最高学历所学主修专业报考；最低服务年限为5年(含试用期）；限女性。"",""部门网站"":""无"",""咨询电话1"":""0311-86955089"",""咨询电话2"":""0311-86955093"",""咨询电话3"":""0311-86955965"",""来源Sheet"":""中央国家行政机关参照公务员法管理事业单位""}}"
"government_jobs","国家公务员2024招考简章","公务员/事业单位技术岗位","河北省唐山市迁安市","2026-07-28T09:12:58.310295+00:00","迁安调查队一级科员（1）","国家统计局河北调查总队","","河北省唐山市迁安市","公务员/事业单位;2024;computer_software;data_ai;仅限本科;学士;计算机科学与技术、软件工程、网络工程;市（地）级及以下直属机构综合管理类","用人司局：国家统计局河北调查总队
职位简介：从事信息化建设、数据处理、统计调查业务等工作
专业要求：计算机科学与技术、软件工程、网络工程
学历要求：仅限本科
学位要求：学士
政治面貌：不限
基层工作经历：五年以上
考试类别：市（地）级及以下直属机构综合管理类
备注：须以最高学历所学主修专业报考；最低服务年限为5年(含试用期）；应有五年以上基层工作经历，企业人员应有五年以上社保缴费材料。","https://www.xuanhan.gov.cn/xxgk-show-77635.html#135103-400110103031","2023-10-15","{""dataset_year"":2024,""job_uid"":""GOV-2024-135103-400110103031"",""publisher"":""国家公务员局"",""publication_page"":""https://www.xuanhan.gov.cn/xxgk-show-77635.html"",""attachment_url"":""https://www.xuanhan.gov.cn/uploadfile/1/Attachment/638fdecf51.zip"",""local_source_file"":""中央机关及其直属机构2024年度考试录用公务员招考简章.xls"",""local_source_sha256"":""a1741b99dbecd6d03e533f99f2d69b0fa5a79733e551b80af69986ceed2ad996"",""source_sheet"":""中央国家行政机关参照公务员法管理事业单位"",""filter_version"":""government_tech_v2"",""tech_filter"":{""is_tech"":true,""is_core_tech"":true,""scope"":""core"",""categories"":[""computer_software"",""data_ai""],""matched_fields"":[""major"",""description""],""major_terms"":[""网络工程"",""计算机科学与技术"",""软件工程""],""role_terms"":[""信息化"",""数据处理""],""reason"":""tech_major_and_role""},""original"":{""部门代码"":""135103"",""部门名称"":""国家统计局河北调查总队"",""用人司局"":""国家统计局河北调查总队"",""机构性质"":""中央国家行政机关参照公务员法管理事业单位"",""招考职位"":""迁安调查队一级科员（1）"",""职位属性"":""普通职位"",""职位分布"":""其他职位"",""职位简介"":""从事信息化建设、数据处理、统计调查业务等工作"",""职位代码"":""400110103031"",""机构层级"":""县（区）级及以下"",""考试类别"":""市（地）级及以下直属机构综合管理类"",""招考人数"":""1"",""专业"":""计算机科学与技术、软件工程、网络工程"",""学历"":""仅限本科"",""学位"":""学士"",""政治面貌"":""不限"",""基层工作最低年限"":""五年以上"",""服务基层项目工作经历"":""无限制"",""是否在面试阶段组织专业能力测试"":""否"",""面试人员比例"":""3:1"",""工作地点"":""河北省唐山市迁安市"",""落户地点"":""河北省唐山市迁安市"",""备注"":""须以最高学历所学主修专业报考；最低服务年限为5年(含试用期）；应有五年以上基层工作经历，企业人员应有五年以上社保缴费材料。"",""部门网站"":""无"",""咨询电话1"":""0311-86955089"",""咨询电话2"":""0311-86955093"",""咨询电话3"":""0311-86955965"",""来源Sheet"":""中央国家行政机关参照公务员法管理事业单位""}}"
"government_jobs","国家公务员2024招考简章","公务员/事业单位技术岗位","河北省邯郸市大名县","2026-07-28T09:12:58.310295+00:00","大名调查队一级科员（1）","国家统计局河北调查总队","","河北省邯郸市大名县","公务员/事业单位;2024;computer_software;data_ai;仅限本科;学士;计算机科学与技术、软件工程、网络工程;市（地）级及以下直属机构综合管理类","用人司局：国家统计局河北调查总队
职位简介：从事一线入户调查、数据处理、统计分析、统计研究等工作
专业要求：计算机科学与技术、软件工程、网络工程
学历要求：仅限本科
学位要求：学士
政治面貌：不限
基层工作经历：无限制
考试类别：市（地）级及以下直属机构综合管理类
备注：须以最高学历所学主修专业报考；最低服务年限为5年（含试用期）。","https://www.xuanhan.gov.cn/xxgk-show-77635.html#135103-400110103044","2023-10-15","{""dataset_year"":2024,""job_uid"":""GOV-2024-135103-400110103044"",""publisher"":""国家公务员局"",""publication_page"":""https://www.xuanhan.gov.cn/xxgk-show-77635.html"",""attachment_url"":""https://www.xuanhan.gov.cn/uploadfile/1/Attachment/638fdecf51.zip"",""local_source_file"":""中央机关及其直属机构2024年度考试录用公务员招考简章.xls"",""local_source_sha256"":""a1741b99dbecd6d03e533f99f2d69b0fa5a79733e551b80af69986ceed2ad996"",""source_sheet"":""中央国家行政机关参照公务员法管理事业单位"",""filter_version"":""government_tech_v2"",""tech_filter"":{""is_tech"":true,""is_core_tech"":true,""scope"":""core"",""categories"":[""computer_software"",""data_ai""],""matched_fields"":[""major"",""description""],""major_terms"":[""网络工程"",""计算机科学与技术"",""软件工程""],""role_terms"":[""数据处理""],""reason"":""tech_major_and_role""},""original"":{""部门代码"":""135103"",""部门名称"":""国家统计局河北调查总队"",""用人司局"":""国家统计局河北调查总队"",""机构性质"":""中央国家行政机关参照公务员法管理事业单位"",""招考职位"":""大名调查队一级科员（1）"",""职位属性"":""普通职位"",""职位分布"":""其他职位"",""职位简介"":""从事一线入户调查、数据处理、统计分析、统计研究等工作"",""职位代码"":""400110103044"",""机构层级"":""县（区）级及以下"",""考试类别"":""市（地）级及以下直属机构综合管理类"",""招考人数"":""1"",""专业"":""计算机科学与技术、软件工程、网络工程"",""学历"":""仅限本科"",""学位"":""学士"",""政治面貌"":""不限"",""基层工作最低年限"":""无限制"",""服务基层项目工作经历"":""无限制"",""是否在面试阶段组织专业能力测试"":""否"",""面试人员比例"":""3:1"",""工作地点"":""河北省邯郸市大名县"",""落户地点"":""河北省邯郸市大名县"",""备注"":""须以最高学历所学主修专业报考；最低服务年限为5年（含试用期）。"",""部门网站"":""无"",""咨询电话1"":""0311-86955089"",""咨询电话2"":""0311-86955093"",""咨询电话3"":""0311-86955965"",""来源Sheet"":""中央国家行政机关参照公务员法管理事业单位""}}"
"government_jobs","国家公务员2024招考简章","公务员/事业单位技术岗位","内蒙古自治区呼和浩特市","2026-07-28T09:12:58.310295+00:00","内蒙古调查总队业务处室一级主任科员及以下（1）","国家统计局内蒙古调查总队","","内蒙古自治区呼和浩特市","公务员/事业单位;2024;computer_software;data_ai;硕士研究生及以上;与最高学历相对应的学位;统计学类（不含流行病与卫生统计学）、数学类、计算机科学与技术类、数量经济学、 产业经济学、国民经济学、区域经济学;中央机关及其省级直属机构综合管理类","用人司局：国家统计局内蒙古调查总队
职位简介：从事数据处理、统计分析、统计研究等工作
专业要求：统计学类（不含流行病与卫生统计学）、数学类、计算机科学与技术类、数量经济学、 产业经济学、国民经济学、区域经济学
学历要求：硕士研究生及以上
学位要求：与最高学历相对应的学位
政治面貌：不限
基层工作经历：无限制
考试类别：中央机关及其省级直属机构综合管理类
备注：1.限女性报考。2.须以最高学历学位主修专业报考，各学习阶段均获得相应学历学位；3.本单位最低服务年限为5年（含试用期）。","https://www.xuanhan.gov.cn/xxgk-show-77635.html#135105-400110105048","2023-10-15","{""dataset_year"":2024,""job_uid"":""GOV-2024-135105-400110105048"",""publisher"":""国家公务员局"",""publication_page"":""https://www.xuanhan.gov.cn/xxgk-show-77635.html"",""attachment_url"":""https://www.xuanhan.gov.cn/uploadfile/1/Attachment/638fdecf51.zip"",""local_source_file"":""中央机关及其直属机构2024年度考试录用公务员招考简章.xls"",""local_source_sha256"":""a1741b99dbecd6d03e533f99f2d69b0fa5a79733e551b80af69986ceed2ad996"",""source_sheet"":""中央国家行政机关参照公务员法管理事业单位"",""filter_version"":""government_tech_v2"",""tech_filter"":{""is_tech"":true,""is_core_tech"":true,""scope"":""core"",""categories"":[""computer_software"",""data_ai""],""matched_fields"":[""major"",""description""],""major_terms"":[""计算机科学与技术""],""role_terms"":[""数据处理""],""reason"":""tech_major_and_role""},""original"":{""部门代码"":""135105"",""部门名称"":""国家统计局内蒙古调查总队"",""用人司局"":""国家统计局内蒙古调查总队"",""机构性质"":""中央国家行政机关参照公务员法管理事业单位"",""招考职位"":""内蒙古调查总队业务处室一级主任科员及以下（1）"",""职位属性"":""普通职位"",""职位分布"":""其他职位"",""职位简介"":""从事数据处理、统计分析、统计研究等工作"",""职位代码"":""400110105048"",""机构层级"":""省（副省）级"",""考试类别"":""中央机关及其省级直属机构综合管理类"",""招考人数"":""3"",""专业"":""统计学类（不含流行病与卫生统计学）、数学类、计算机科学与技术类、数量经济学、 产业经济学、国民经济学、区域经济学"",""学历"":""硕士研究生及以上"",""学位"":""与最高学历相对应的学位"",""政治面貌"":""不限"",""基层工作最低年限"":""无限制"",""服务基层项目工作经历"":""无限制"",""是否在面试阶段组织专业能力测试"":""否"",""面试人员比例"":""5:1"",""工作地点"":""内蒙古自治区呼和浩特市"",""落户地点"":""内蒙古自治区呼和浩特市"",""备注"":""1.限女性报考。2.须以最高学历学位主修专业报考，各学习阶段均获得相应学历学位；3.本单位最低服务年限为5年（含试用期）。"",""部门网站"":""无"",""咨询电话1"":""04714938385"",""咨询电话2"":""04714963756"",""咨询电话3"":"""",""来源Sheet"":""中央国家行政机关参照公务员法管理事业单位""}}"
"government_jobs","国家公务员2024招考简章","公务员/事业单位技术岗位","内蒙古自治区呼和浩特市","2026-07-28T09:12:58.310295+00:00","内蒙古调查总队业务处室一级主任科员及以下（2）","国家统计局内蒙古调查总队","","内蒙古自治区呼和浩特市","公务员/事业单位;2024;computer_software;data_ai;硕士研究生及以上;与最高学历相对应的学位;统计学类（不含流行病与卫生统计学）、数学类、计算机科学与技术类、数量经济学、 产业经济学、国民经济学、区域经济学;中央机关及其省级直属机构综合管理类","用人司局：国家统计局内蒙古调查总队
职位简介：从事数据处理、统计分析、统计研究等工作
专业要求：统计学类（不含流行病与卫生统计学）、数学类、计算机科学与技术类、数量经济学、 产业经济学、国民经济学、区域经济学
学历要求：硕士研究生及以上
学位要求：与最高学历相对应的学位
政治面貌：不限
基层工作经历：无限制
考试类别：中央机关及其省级直属机构综合管理类
备注：1.限男性报考。2.须以最高学历学位主修专业报考，各学习阶段均获得相应学历学位；3.本单位最低服务年限为5年（含试用期）。","https://www.xuanhan.gov.cn/xxgk-show-77635.html#135105-400110105049","2023-10-15","{""dataset_year"":2024,""job_uid"":""GOV-2024-135105-400110105049"",""publisher"":""国家公务员局"",""publication_page"":""https://www.xuanhan.gov.cn/xxgk-show-77635.html"",""attachment_url"":""https://www.xuanhan.gov.cn/uploadfile/1/Attachment/638fdecf51.zip"",""local_source_file"":""中央机关及其直属机构2024年度考试录用公务员招考简章.xls"",""local_source_sha256"":""a1741b99dbecd6d03e533f99f2d69b0fa5a79733e551b80af69986ceed2ad996"",""source_sheet"":""中央国家行政机关参照公务员法管理事业单位"",""filter_version"":""government_tech_v2"",""tech_filter"":{""is_tech"":true,""is_core_tech"":true,""scope"":""core"",""categories"":[""computer_software"",""data_ai""],""matched_fields"":[""major"",""description""],""major_terms"":[""计算机科学与技术""],""role_terms"":[""数据处理""],""reason"":""tech_major_and_role""},""original"":{""部门代码"":""135105"",""部门名称"":""国家统计局内蒙古调查总队"",""用人司局"":""国家统计局内蒙古调查总队"",""机构性质"":""中央国家行政机关参照公务员法管理事业单位"",""招考职位"":""内蒙古调查总队业务处室一级主任科员及以下（2）"",""职位属性"":""普通职位"",""职位分布"":""其他职位"",""职位简介"":""从事数据处理、统计分析、统计研究等工作"",""职位代码"":""400110105049"",""机构层级"":""省（副省）级"",""考试类别"":""中央机关及其省级直属机构综合管理类"",""招考人数"":""3"",""专业"":""统计学类（不含流行病与卫生统计学）、数学类、计算机科学与技术类、数量经济学、 产业经济学、国民经济学、区域经济学"",""学历"":""硕士研究生及以上"",""学位"":""与最高学历相对应的学位"",""政治面貌"":""不限"",""基层工作最低年限"":""无限制"",""服务基层项目工作经历"":""无限制"",""是否在面试阶段组织专业能力测试"":""否"",""面试人员比例"":""5:1"",""工作地点"":""内蒙古自治区呼和浩特市"",""落户地点"":""内蒙古自治区呼和浩特市"",""备注"":""1.限男性报考。2.须以最高学历学位主修专业报考，各学习阶段均获得相应学历学位；3.本单位最低服务年限为5年（含试用期）。"",""部门网站"":""无"",""咨询电话1"":""04714938385"",""咨询电话2"":""04714963756"",""咨询电话3"":"""",""来源Sheet"":""中央国家行政机关参照公务员法管理事业单位""}}"
"government_jobs","国家公务员2024招考简章","公务员/事业单位技术岗位","内蒙古自治区呼伦贝尔市","2026-07-28T09:12:58.310295+00:00","呼伦贝尔调查队业务科室一级科员（2）","国家统计局内蒙古调查总队","","内蒙古自治区呼伦贝尔市","公务员/事业单位;2024;computer_software;data_ai;仅限本科;学士;计算机类、会计学、财务管理、汉语言文学;市（地）级及以下直属机构综合管理类","用人司局：国家统计局内蒙古调查总队
职位简介：从事入户调查、数据处理、统计分析、统计研究等工作
专业要求：计算机类、会计学、财务管理、汉语言文学
学历要求：仅限本科
学位要求：学士
政治面貌：不限
基层工作经历：无限制
考试类别：市（地）级及以下直属机构综合管理类
备注：1.须以最高学历学位主修专业报考，考生报考专业须与招录专业名称一致；2.限应届高校毕业生报考；3.本单位最低服务年限为5年（含试用期）；4.需经常下乡入户，条件较为艰苦。","https://www.xuanhan.gov.cn/xxgk-show-77635.html#135105-400110105053","2023-10-15","{""dataset_year"":2024,""job_uid"":""GOV-2024-135105-400110105053"",""publisher"":""国家公务员局"",""publication_page"":""https://www.xuanhan.gov.cn/xxgk-show-77635.html"",""attachment_url"":""https://www.xuanhan.gov.cn/uploadfile/1/Attachment/638fdecf51.zip"",""local_source_file"":""中央机关及其直属机构2024年度考试录用公务员招考简章.xls"",""local_source_sha256"":""a1741b99dbecd6d03e533f99f2d69b0fa5a79733e551b80af69986ceed2ad996"",""source_sheet"":""中央国家行政机关参照公务员法管理事业单位"",""filter_version"":""government_tech_v2"",""tech_filter"":{""is_tech"":true,""is_core_tech"":true,""scope"":""core"",""categories"":[""computer_software"",""data_ai""],""matched_fields"":[""major"",""description""],""major_terms"":[""计算机类""],""role_terms"":[""数据处理""],""reason"":""tech_major_and_role""},""original"":{""部门代码"":""135105"",""部门名称"":""国家统计局内蒙古调查总队"",""用人司局"":""国家统计局内蒙古调查总队"",""机构性质"":""中央国家行政机关参照公务员法管理事业单位"",""招考职位"":""呼伦贝尔调查队业务科室一级科员（2）"",""职位属性"":""普通职位"",""职位分布"":""西部地区和艰苦边远地区职位"",""职位简介"":""从事入户调查、数据处理、统计分析、统计研究等工作"",""职位代码"":""400110105053"",""机构层级"":""市（地）级"",""考试类别"":""市（地）级及以下直属机构综合管理类"",""招考人数"":""2"",""专业"":""计算机类、会计学、财务管理、汉语言文学"",""学历"":""仅限本科"",""学位"":""学士"",""政治面貌"":""不限"",""基层工作最低年限"":""无限制"",""服务基层项目工作经历"":""无限制"",""是否在面试阶段组织专业能力测试"":""否"",""面试人员比例"":""3:1"",""工作地点"":""内蒙古自治区呼伦贝尔市"",""落户地点"":""内蒙古自治区呼伦贝尔市"",""备注"":""1.须以最高学历学位主修专业报考，考生报考专业须与招录专业名称一致；2.限应届高校毕业生报考；3.本单位最低服务年限为5年（含试用期）；4.需经常下乡入户，条件较为艰苦。"",""部门网站"":""无"",""咨询电话1"":""04714938385"",""咨询电话2"":""04714963756"",""咨询电话3"":"""",""来源Sheet"":""中央国家行政机关参照公务员法管理事业单位""}}"
"government_jobs","国家公务员2024招考简章","公务员/事业单位技术岗位","内蒙古自治区呼伦贝尔市","2026-07-28T09:12:58.310295+00:00","呼伦贝尔调查队业务科室一级科员（4）","国家统计局内蒙古调查总队","","内蒙古自治区呼伦贝尔市","公务员/事业单位;2024;computer_software;data_ai;仅限本科;学士;统计学类、数学类、计算机类、经济学类、工商管理类、汉语言文学、汉语言、新闻学;市（地）级及以下直属机构综合管理类","用人司局：国家统计局内蒙古调查总队
职位简介：从事入户调查、数据处理、统计分析、统计研究等工作
专业要求：统计学类、数学类、计算机类、经济学类、工商管理类、汉语言文学、汉语言、新闻学
学历要求：仅限本科
学位要求：学士
政治面貌：不限
基层工作经历：二年
考试类别：市（地）级及以下直属机构综合管理类
备注：1.考生报考专业须与招录专业名称一致；2.“大学生村官、‘三支一扶’计划、大学生志愿服务西部计划”服务期满且考核合格；3.本单位最低服务年限为5年（含试用期）；4.需经常下乡入户，条件较为艰苦。","https://www.xuanhan.gov.cn/xxgk-show-77635.html#135105-400110105055","2023-10-15","{""dataset_year"":2024,""job_uid"":""GOV-2024-135105-400110105055"",""publisher"":""国家公务员局"",""publication_page"":""https://www.xuanhan.gov.cn/xxgk-show-77635.html"",""attachment_url"":""https://www.xuanhan.gov.cn/uploadfile/1/Attachment/638fdecf51.zip"",""local_source_file"":""中央机关及其直属机构2024年度考试录用公务员招考简章.xls"",""local_source_sha256"":""a1741b99dbecd6d03e533f99f2d69b0fa5a79733e551b80af69986ceed2ad996"",""source_sheet"":""中央国家行政机关参照公务员法管理事业单位"",""filter_version"":""government_tech_v2"",""tech_filter"":{""is_tech"":true,""is_core_tech"":true,""scope"":""core"",""categories"":[""computer_software"",""data_ai""],""matched_fields"":[""major"",""description""],""major_terms"":[""计算机类""],""role_terms"":[""数据处理""],""reason"":""tech_major_and_role""},""original"":{""部门代码"":""135105"",""部门名称"":""国家统计局内蒙古调查总队"",""用人司局"":""国家统计局内蒙古调查总队"",""机构性质"":""中央国家行政机关参照公务员法管理事业单位"",""招考职位"":""呼伦贝尔调查队业务科室一级科员（4）"",""职位属性"":""普通职位"",""职位分布"":""西部地区和艰苦边远地区职位"",""职位简介"":""从事入户调查、数据处理、统计分析、统计研究等工作"",""职位代码"":""400110105055"",""机构层级"":""市（地）级"",""考试类别"":""市（地）级及以下直属机构综合管理类"",""招考人数"":""1"",""专业"":""统计学类、数学类、计算机类、经济学类、工商管理类、汉语言文学、汉语言、新闻学"",""学历"":""仅限本科"",""学位"":""学士"",""政治面貌"":""不限"",""基层工作最低年限"":""二年"",""服务基层项目工作经历"":""大学生村官、“三支一扶”计划、大学生志愿服务西部计划"",""是否在面试阶段组织专业能力测试"":""否"",""面试人员比例"":""3:1"",""工作地点"":""内蒙古自治区呼伦贝尔市"",""落户地点"":""内蒙古自治区呼伦贝尔市"",""备注"":""1.考生报考专业须与招录专业名称一致；2.“大学生村官、‘三支一扶’计划、大学生志愿服务西部计划”服务期满且考核合格；3.本单位最低服务年限为5年（含试用期）；4.需经常下乡入户，条件较为艰苦。"",""部门网站"":""无"",""咨询电话1"":""04714938385"",""咨询电话2"":""04714963756"",""咨询电话3"":"""",""来源Sheet"":""中央国家行政机关参照公务员法管理事业单位""}}"
"government_jobs","国家公务员2024招考简章","公务员/事业单位技术岗位","内蒙古自治区乌海市","2026-07-28T09:12:58.310295+00:00","乌海调查队业务科室一级科员","国家统计局内蒙古调查总队","","内蒙古自治区乌海市","公务员/事业单位;2024;computer_software;data_ai;仅限本科;学士;统计学类、数学类、经济学类、计算机类、汉语言文学、汉语言、新闻学;市（地）级及以下直属机构综合管理类","用人司局：国家统计局内蒙古调查总队
职位简介：从事入户调查、数据处理、统计分析、统计研究等工作
专业要求：统计学类、数学类、经济学类、计算机类、汉语言文学、汉语言、新闻学
学历要求：仅限本科
学位要求：学士
政治面貌：不限
基层工作经历：二年
考试类别：市（地）级及以下直属机构综合管理类
备注：1.考生报考专业须与招录专业名称一致；2.“大学生村官、‘三支一扶’计划、大学生志愿服务西部计划”服务期满且考核合格；3.本单位最低服务年限为5年（含试用期）；4.需经常下乡入户，条件较为艰苦。","https://www.xuanhan.gov.cn/xxgk-show-77635.html#135105-400110105059","2023-10-15","{""dataset_year"":2024,""job_uid"":""GOV-2024-135105-400110105059"",""publisher"":""国家公务员局"",""publication_page"":""https://www.xuanhan.gov.cn/xxgk-show-77635.html"",""attachment_url"":""https://www.xuanhan.gov.cn/uploadfile/1/Attachment/638fdecf51.zip"",""local_source_file"":""中央机关及其直属机构2024年度考试录用公务员招考简章.xls"",""local_source_sha256"":""a1741b99dbecd6d03e533f99f2d69b0fa5a79733e551b80af69986ceed2ad996"",""source_sheet"":""中央国家行政机关参照公务员法管理事业单位"",""filter_version"":""government_tech_v2"",""tech_filter"":{""is_tech"":true,""is_core_tech"":true,""scope"":""core"",""categories"":[""computer_software"",""data_ai""],""matched_fields"":[""major"",""description""],""major_terms"":[""计算机类""],""role_terms"":[""数据处理""],""reason"":""tech_major_and_role""},""original"":{""部门代码"":""135105"",""部门名称"":""国家统计局内蒙古调查总队"",""用人司局"":""国家统计局内蒙古调查总队"",""机构性质"":""中央国家行政机关参照公务员法管理事业单位"",""招考职位"":""乌海调查队业务科室一级科员"",""职位属性"":""普通职位"",""职位分布"":""西部地区和艰苦边远地区职位"",""职位简介"":""从事入户调查、数据处理、统计分析、统计研究等工作"",""职位代码"":""400110105059"",""机构层级"":""市（地）级"",""考试类别"":""市（地）级及以下直属机构综合管理类"",""招考人数"":""1"",""专业"":""统计学类、数学类、经济学类、计算机类、汉语言文学、汉语言、新闻学"",""学历"":""仅限本科"",""学位"":""学士"",""政治面貌"":""不限"",""基层工作最低年限"":""二年"",""服务基层项目工作经历"":""大学生村官、“三支一扶”计划、大学生志愿服务西部计划"",""是否在面试阶段组织专业能力测试"":""否"",""面试人员比例"":""3:1"",""工作地点"":""内蒙古自治区乌海市"",""落户地点"":""内蒙古自治区乌海市"",""备注"":""1.考生报考专业须与招录专业名称一致；2.“大学生村官、‘三支一扶’计划、大学生志愿服务西部计划”服务期满且考核合格；3.本单位最低服务年限为5年（含试用期）；4.需经常下乡入户，条件较为艰苦。"",""部门网站"":""无"",""咨询电话1"":""04714938385"",""咨询电话2"":""04714963756"",""咨询电话3"":"""",""来源Sheet"":""中央国家行政机关参照公务员法管理事业单位""}}"
"government_jobs","国家公务员2024招考简章","公务员/事业单位技术岗位","内蒙古自治区阿拉善盟","2026-07-28T09:12:58.310295+00:00","阿拉善调查队业务科室一级科员（1）","国家统计局内蒙古调查总队","","内蒙古自治区阿拉善盟","公务员/事业单位;2024;computer_software;data_ai;仅限本科;学士;统计学类、数学类、计算机类;市（地）级及以下直属机构综合管理类","用人司局：国家统计局内蒙古调查总队
职位简介：从事入户调查、数据处理、统计分析、统计研究等工作
专业要求：统计学类、数学类、计算机类
学历要求：仅限本科
学位要求：学士
政治面貌：不限
基层工作经历：无限制
考试类别：市（地）级及以下直属机构综合管理类
备注：1.限女性报考；2.须以最高学历学位主修专业报考，考生报考专业须与招录专业名称一致；3.限内蒙古自治区范围内户籍人员报考；4.本单位最低服务年限为5年（含试用期）；5.需经常下乡入户，条件较为艰苦。","https://www.xuanhan.gov.cn/xxgk-show-77635.html#135105-400110105060","2023-10-15","{""dataset_year"":2024,""job_uid"":""GOV-2024-135105-400110105060"",""publisher"":""国家公务员局"",""publication_page"":""https://www.xuanhan.gov.cn/xxgk-show-77635.html"",""attachment_url"":""https://www.xuanhan.gov.cn/uploadfile/1/Attachment/638fdecf51.zip"",""local_source_file"":""中央机关及其直属机构2024年度考试录用公务员招考简章.xls"",""local_source_sha256"":""a1741b99dbecd6d03e533f99f2d69b0fa5a79733e551b80af69986ceed2ad996"",""source_sheet"":""中央国家行政机关参照公务员法管理事业单位"",""filter_version"":""government_tech_v2"",""tech_filter"":{""is_tech"":true,""is_core_tech"":true,""scope"":""core"",""categories"":[""computer_software"",""data_ai""],""matched_fields"":[""major"",""description""],""major_terms"":[""计算机类""],""role_terms"":[""数据处理""],""reason"":""tech_major_and_role""},""original"":{""部门代码"":""135105"",""部门名称"":""国家统计局内蒙古调查总队"",""用人司局"":""国家统计局内蒙古调查总队"",""机构性质"":""中央国家行政机关参照公务员法管理事业单位"",""招考职位"":""阿拉善调查队业务科室一级科员（1）"",""职位属性"":""普通职位"",""职位分布"":""西部地区和艰苦边远地区职位"",""职位简介"":""从事入户调查、数据处理、统计分析、统计研究等工作"",""职位代码"":""400110105060"",""机构层级"":""市（地）级"",""考试类别"":""市（地）级及以下直属机构综合管理类"",""招考人数"":""1"",""专业"":""统计学类、数学类、计算机类"",""学历"":""仅限本科"",""学位"":""学士"",""政治面貌"":""不限"",""基层工作最低年限"":""无限制"",""服务基层项目工作经历"":""无限制"",""是否在面试阶段组织专业能力测试"":""否"",""面试人员比例"":""3:1"",""工作地点"":""内蒙古自治区阿拉善盟"",""落户地点"":""内蒙古自治区阿拉善盟"",""备注"":""1.限女性报考；2.须以最高学历学位主修专业报考，考生报考专业须与招录专业名称一致；3.限内蒙古自治区范围内户籍人员报考；4.本单位最低服务年限为5年（含试用期）；5.需经常下乡入户，条件较为艰苦。"",""部门网站"":""无"",""咨询电话1"":""04714938385"",""咨询电话2"":""04714963756"",""咨询电话3"":"""",""来源Sheet"":""中央国家行政机关参照公务员法管理事业单位""}}"
"government_jobs","国家公务员2024招考简章","公务员/事业单位技术岗位","内蒙古自治区阿拉善盟","2026-07-28T09:12:58.310295+00:00","阿拉善调查队业务科室一级科员（2）","国家统计局内蒙古调查总队","","内蒙古自治区阿拉善盟","公务员/事业单位;2024;computer_software;data_ai;仅限本科;学士;统计学类、数学类、计算机类;市（地）级及以下直属机构综合管理类","用人司局：国家统计局内蒙古调查总队
职位简介：从事入户调查、数据处理、统计分析、统计研究等工作
专业要求：统计学类、数学类、计算机类
学历要求：仅限本科
学位要求：学士
政治面貌：不限
基层工作经历：无限制
考试类别：市（地）级及以下直属机构综合管理类
备注：1.限男性报考；2.须以最高学历学位主修专业报考，考生报考专业须与招录专业名称一致；3.限内蒙古自治区范围内户籍人员报考；4.本单位最低服务年限为5年（含试用期）；5.需经常下乡入户，条件较为艰苦。","https://www.xuanhan.gov.cn/xxgk-show-77635.html#135105-400110105061","2023-10-15","{""dataset_year"":2024,""job_uid"":""GOV-2024-135105-400110105061"",""publisher"":""国家公务员局"",""publication_page"":""https://www.xuanhan.gov.cn/xxgk-show-77635.html"",""attachment_url"":""https://www.xuanhan.gov.cn/uploadfile/1/Attachment/638fdecf51.zip"",""local_source_file"":""中央机关及其直属机构2024年度考试录用公务员招考简章.xls"",""local_source_sha256"":""a1741b99dbecd6d03e533f99f2d69b0fa5a79733e551b80af69986ceed2ad996"",""source_sheet"":""中央国家行政机关参照公务员法管理事业单位"",""filter_version"":""government_tech_v2"",""tech_filter"":{""is_tech"":true,""is_core_tech"":true,""scope"":""core"",""categories"":[""computer_software"",""data_ai""],""matched_fields"":[""major"",""description""],""major_terms"":[""计算机类""],""role_terms"":[""数据处理""],""reason"":""tech_major_and_role""},""original"":{""部门代码"":""135105"",""部门名称"":""国家统计局内蒙古调查总队"",""用人司局"":""国家统计局内蒙古调查总队"",""机构性质"":""中央国家行政机关参照公务员法管理事业单位"",""招考职位"":""阿拉善调查队业务科室一级科员（2）"",""职位属性"":""普通职位"",""职位分布"":""西部地区和艰苦边远地区职位"",""职位简介"":""从事入户调查、数据处理、统计分析、统计研究等工作"",""职位代码"":""400110105061"",""机构层级"":""市（地）级"",""考试类别"":""市（地）级及以下直属机构综合管理类"",""招考人数"":""1"",""专业"":""统计学类、数学类、计算机类"",""学历"":""仅限本科"",""学位"":""学士"",""政治面貌"":""不限"",""基层工作最低年限"":""无限制"",""服务基层项目工作经历"":""无限制"",""是否在面试阶段组织专业能力测试"":""否"",""面试人员比例"":""3:1"",""工作地点"":""内蒙古自治区阿拉善盟"",""落户地点"":""内蒙古自治区阿拉善盟"",""备注"":""1.限男性报考；2.须以最高学历学位主修专业报考，考生报考专业须与招录专业名称一致；3.限内蒙古自治区范围内户籍人员报考；4.本单位最低服务年限为5年（含试用期）；5.需经常下乡入户，条件较为艰苦。"",""部门网站"":""无"",""咨询电话1"":""04714938385"",""咨询电话2"":""04714963756"",""咨询电话3"":"""",""来源Sheet"":""中央国家行政机关参照公务员法管理事业单位""}}"
"government_jobs","国家公务员2024招考简章","公务员/事业单位技术岗位","内蒙古自治区呼伦贝尔市新巴尔虎左旗","2026-07-28T09:12:58.310295+00:00","新巴尔虎左调查队一级科员（2）","国家统计局内蒙古调查总队","","内蒙古自治区呼伦贝尔市新巴尔虎左旗","公务员/事业单位;2024;computer_software;data_ai;仅限本科;学士;统计学类、计算机类、数学类、汉语言文学;市（地）级及以下直属机构综合管理类","用人司局：国家统计局内蒙古调查总队
职位简介：从事一线入户调查、数据处理、统计分析、统计研究等工作
专业要求：统计学类、计算机类、数学类、汉语言文学
学历要求：仅限本科
学位要求：学士
政治面貌：不限
基层工作经历：无限制
考试类别：市（地）级及以下直属机构综合管理类
备注：1.须以最高学历学位主修专业报考，考生报考专业须与招录专业名称一致；2.限应届高校毕业生报考；3.限内蒙古自治区呼伦贝尔市范围内户籍人员报考；4.本单位最低服务年限为5年（含试用期）；5.需经常下乡入户，条件较为艰苦。","https://www.xuanhan.gov.cn/xxgk-show-77635.html#135105-400110105063","2023-10-15","{""dataset_year"":2024,""job_uid"":""GOV-2024-135105-400110105063"",""publisher"":""国家公务员局"",""publication_page"":""https://www.xuanhan.gov.cn/xxgk-show-77635.html"",""attachment_url"":""https://www.xuanhan.gov.cn/uploadfile/1/Attachment/638fdecf51.zip"",""local_source_file"":""中央机关及其直属机构2024年度考试录用公务员招考简章.xls"",""local_source_sha256"":""a1741b99dbecd6d03e533f99f2d69b0fa5a79733e551b80af69986ceed2ad996"",""source_sheet"":""中央国家行政机关参照公务员法管理事业单位"",""filter_version"":""government_tech_v2"",""tech_filter"":{""is_tech"":true,""is_core_tech"":true,""scope"":""core"",""categories"":[""computer_software"",""data_ai""],""matched_fields"":[""major"",""description""],""major_terms"":[""计算机类""],""role_terms"":[""数据处理""],""reason"":""tech_major_and_role""},""original"":{""部门代码"":""135105"",""部门名称"":""国家统计局内蒙古调查总队"",""用人司局"":""国家统计局内蒙古调查总队"",""机构性质"":""中央国家行政机关参照公务员法管理事业单位"",""招考职位"":""新巴尔虎左调查队一级科员（2）"",""职位属性"":""普通职位"",""职位分布"":""西部地区和艰苦边远地区职位"",""职位简介"":""从事一线入户调查、数据处理、统计分析、统计研究等工作"",""职位代码"":""400110105063"",""机构层级"":""县（区）级及以下"",""考试类别"":""市（地）级及以下直属机构综合管理类"",""招考人数"":""1"",""专业"":""统计学类、计算机类、数学类、汉语言文学"",""学历"":""仅限本科"",""学位"":""学士"",""政治面貌"":""不限"",""基层工作最低年限"":""无限制"",""服务基层项目工作经历"":""无限制"",""是否在面试阶段组织专业能力测试"":""否"",""面试人员比例"":""3:1"",""工作地点"":""内蒙古自治区呼伦贝尔市新巴尔虎左旗"",""落户地点"":""内蒙古自治区呼伦贝尔市新巴尔虎左旗"",""备注"":""1.须以最高学历学位主修专业报考，考生报考专业须与招录专业名称一致；2.限应届高校毕业生报考；3.限内蒙古自治区呼伦贝尔市范围内户籍人员报考；4.本单位最低服务年限为5年（含试用期）；5.需经常下乡入户，条件较为艰苦。"",""部门网站"":""无"",""咨询电话1"":""04714938385"",""咨询电话2"":""04714963756"",""咨询电话3"":"""",""来源Sheet"":""中央国家行政机关参照公务员法管理事业单位""}}"
"government_jobs","国家公务员2024招考简章","公务员/事业单位技术岗位","内蒙古自治区呼伦贝尔市莫力达瓦达斡尔族自治旗","2026-07-28T09:12:58.310295+00:00","莫力达瓦调查队一级科员","国家统计局内蒙古调查总队","","内蒙古自治区呼伦贝尔市莫力达瓦达斡尔族自治旗","公务员/事业单位;2024;computer_software;data_ai;仅限本科;学士;统计学类、数学类、计算机类、会计学;市（地）级及以下直属机构综合管理类","用人司局：国家统计局内蒙古调查总队
职位简介：从事一线入户调查、数据处理、统计分析、统计研究等工作
专业要求：统计学类、数学类、计算机类、会计学
学历要求：仅限本科
学位要求：学士
政治面貌：不限
基层工作经历：无限制
考试类别：市（地）级及以下直属机构综合管理类
备注：1.须以最高学历学位主修专业报考，考生报考专业须与招录专业名称一致；2.限应届高校毕业生报考；3.限内蒙古自治区呼伦贝尔市范围内户籍人员报考；4.本单位最低服务年限为5年（含试用期）；5.需经常下乡入户，条件较为艰苦。","https://www.xuanhan.gov.cn/xxgk-show-77635.html#135105-400110105064","2023-10-15","{""dataset_year"":2024,""job_uid"":""GOV-2024-135105-400110105064"",""publisher"":""国家公务员局"",""publication_page"":""https://www.xuanhan.gov.cn/xxgk-show-77635.html"",""attachment_url"":""https://www.xuanhan.gov.cn/uploadfile/1/Attachment/638fdecf51.zip"",""local_source_file"":""中央机关及其直属机构2024年度考试录用公务员招考简章.xls"",""local_source_sha256"":""a1741b99dbecd6d03e533f99f2d69b0fa5a79733e551b80af69986ceed2ad996"",""source_sheet"":""中央国家行政机关参照公务员法管理事业单位"",""filter_version"":""government_tech_v2"",""tech_filter"":{""is_tech"":true,""is_core_tech"":true,""scope"":""core"",""categories"":[""computer_software"",""data_ai""],""matched_fields"":[""major"",""description""],""major_terms"":[""计算机类""],""role_terms"":[""数据处理""],""reason"":""tech_major_and_role""},""original"":{""部门代码"":""135105"",""部门名称"":""国家统计局内蒙古调查总队"",""用人司局"":""国家统计局内蒙古调查总队"",""机构性质"":""中央国家行政机关参照公务员法管理事业单位"",""招考职位"":""莫力达瓦调查队一级科员"",""职位属性"":""普通职位"",""职位分布"":""西部地区和艰苦边远地区职位"",""职位简介"":""从事一线入户调查、数据处理、统计分析、统计研究等工作"",""职位代码"":""400110105064"",""机构层级"":""县（区）级及以下"",""考试类别"":""市（地）级及以下直属机构综合管理类"",""招考人数"":""2"",""专业"":""统计学类、数学类、计算机类、会计学"",""学历"":""仅限本科"",""学位"":""学士"",""政治面貌"":""不限"",""基层工作最低年限"":""无限制"",""服务基层项目工作经历"":""无限制"",""是否在面试阶段组织专业能力测试"":""否"",""面试人员比例"":""3:1"",""工作地点"":""内蒙古自治区呼伦贝尔市莫力达瓦达斡尔族自治旗"",""落户地点"":""内蒙古自治区呼伦贝尔市莫力达瓦达斡尔族自治旗"",""备注"":""1.须以最高学历学位主修专业报考，考生报考专业须与招录专业名称一致；2.限应届高校毕业生报考；3.限内蒙古自治区呼伦贝尔市范围内户籍人员报考；4.本单位最低服务年限为5年（含试用期）；5.需经常下乡入户，条件较为艰苦。"",""部门网站"":""无"",""咨询电话1"":""04714938385"",""咨询电话2"":""04714963756"",""咨询电话3"":"""",""来源Sheet"":""中央国家行政机关参照公务员法管理事业单位""}}"
"government_jobs","国家公务员2024招考简章","公务员/事业单位技术岗位","内蒙古自治区兴安盟科尔沁右翼前旗","2026-07-28T09:12:58.310295+00:00","科右前调查队一级科员（1）","国家统计局内蒙古调查总队","","内蒙古自治区兴安盟科尔沁右翼前旗","公务员/事业单位;2024;computer_software;data_ai;仅限本科;学士;统计学类、数学类、计算机类;市（地）级及以下直属机构综合管理类","用人司局：国家统计局内蒙古调查总队
职位简介：从事一线入户调查、数据处理、统计分析、统计研究等工作
专业要求：统计学类、数学类、计算机类
学历要求：仅限本科
学位要求：学士
政治面貌：不限
基层工作经历：无限制
考试类别：市（地）级及以下直属机构综合管理类
备注：1.须以最高学历学位主修专业报考，考生报考专业须与招录专业名称一致；2.限应届高校毕业生报考；3.限内蒙古自治区兴安盟范围内户籍人员报考；4.本单位最低服务年限为5年（含试用期）；5.需经常下乡入户，条件较为艰苦。","https://www.xuanhan.gov.cn/xxgk-show-77635.html#135105-400110105065","2023-10-15","{""dataset_year"":2024,""job_uid"":""GOV-2024-135105-400110105065"",""publisher"":""国家公务员局"",""publication_page"":""https://www.xuanhan.gov.cn/xxgk-show-77635.html"",""attachment_url"":""https://www.xuanhan.gov.cn/uploadfile/1/Attachment/638fdecf51.zip"",""local_source_file"":""中央机关及其直属机构2024年度考试录用公务员招考简章.xls"",""local_source_sha256"":""a1741b99dbecd6d03e533f99f2d69b0fa5a79733e551b80af69986ceed2ad996"",""source_sheet"":""中央国家行政机关参照公务员法管理事业单位"",""filter_version"":""government_tech_v2"",""tech_filter"":{""is_tech"":true,""is_core_tech"":true,""scope"":""core"",""categories"":[""computer_software"",""data_ai""],""matched_fields"":[""major"",""description""],""major_terms"":[""计算机类""],""role_terms"":[""数据处理""],""reason"":""tech_major_and_role""},""original"":{""部门代码"":""135105"",""部门名称"":""国家统计局内蒙古调查总队"",""用人司局"":""国家统计局内蒙古调查总队"",""机构性质"":""中央国家行政机关参照公务员法管理事业单位"",""招考职位"":""科右前调查队一级科员（1）"",""职位属性"":""普通职位"",""职位分布"":""西部地区和艰苦边远地区职位"",""职位简介"":""从事一线入户调查、数据处理、统计分析、统计研究等工作"",""职位代码"":""400110105065"",""机构层级"":""县（区）级及以下"",""考试类别"":""市（地）级及以下直属机构综合管理类"",""招考人数"":""1"",""专业"":""统计学类、数学类、计算机类"",""学历"":""仅限本科"",""学位"":""学士"",""政治面貌"":""不限"",""基层工作最低年限"":""无限制"",""服务基层项目工作经历"":""无限制"",""是否在面试阶段组织专业能力测试"":""否"",""面试人员比例"":""3:1"",""工作地点"":""内蒙古自治区兴安盟科尔沁右翼前旗"",""落户地点"":""内蒙古自治区兴安盟科尔沁右翼前旗"",""备注"":""1.须以最高学历学位主修专业报考，考生报考专业须与招录专业名称一致；2.限应届高校毕业生报考；3.限内蒙古自治区兴安盟范围内户籍人员报考；4.本单位最低服务年限为5年（含试用期）；5.需经常下乡入户，条件较为艰苦。"",""部门网站"":""无"",""咨询电话1"":""04714938385"",""咨询电话2"":""04714963756"",""咨询电话3"":"""",""来源Sheet"":""中央国家行政机关参照公务员法管理事业单位""}}"
"government_jobs","国家公务员2024招考简章","公务员/事业单位技术岗位","内蒙古自治区通辽市科尔沁左翼后旗","2026-07-28T09:12:58.310295+00:00","科左后调查队一级科员（1）","国家统计局内蒙古调查总队","","内蒙古自治区通辽市科尔沁左翼后旗","公务员/事业单位;2024;computer_software;data_ai;仅限本科;学士;统计学类、数学类、计算机类、经济学类;市（地）级及以下直属机构综合管理类","用人司局：国家统计局内蒙古调查总队
职位简介：从事一线入户调查、数据处理、统计分析、统计研究等工作
专业要求：统计学类、数学类、计算机类、经济学类
学历要求：仅限本科
学位要求：学士
政治面貌：不限
基层工作经历：无限制
考试类别：市（地）级及以下直属机构综合管理类
备注：1.须以最高学历学位主修专业报考，考生报考专业须与招录专业名称一致；2.限应届高校毕业生报考；3.限内蒙古自治区通辽市范围内户籍人员报考；4.本单位最低服务年限为5年（含试用期）；5.需经常下乡入户，条件较为艰苦。","https://www.xuanhan.gov.cn/xxgk-show-77635.html#135105-400110105067","2023-10-15","{""dataset_year"":2024,""job_uid"":""GOV-2024-135105-400110105067"",""publisher"":""国家公务员局"",""publication_page"":""https://www.xuanhan.gov.cn/xxgk-show-77635.html"",""attachment_url"":""https://www.xuanhan.gov.cn/uploadfile/1/Attachment/638fdecf51.zip"",""local_source_file"":""中央机关及其直属机构2024年度考试录用公务员招考简章.xls"",""local_source_sha256"":""a1741b99dbecd6d03e533f99f2d69b0fa5a79733e551b80af69986ceed2ad996"",""source_sheet"":""中央国家行政机关参照公务员法管理事业单位"",""filter_version"":""government_tech_v2"",""tech_filter"":{""is_tech"":true,""is_core_tech"":true,""scope"":""core"",""categories"":[""computer_software"",""data_ai""],""matched_fields"":[""major"",""description""],""major_terms"":[""计算机类""],""role_terms"":[""数据处理""],""reason"":""tech_major_and_role""},""original"":{""部门代码"":""135105"",""部门名称"":""国家统计局内蒙古调查总队"",""用人司局"":""国家统计局内蒙古调查总队"",""机构性质"":""中央国家行政机关参照公务员法管理事业单位"",""招考职位"":""科左后调查队一级科员（1）"",""职位属性"":""普通职位"",""职位分布"":""西部地区和艰苦边远地区职位"",""职位简介"":""从事一线入户调查、数据处理、统计分析、统计研究等工作"",""职位代码"":""400110105067"",""机构层级"":""县（区）级及以下"",""考试类别"":""市（地）级及以下直属机构综合管理类"",""招考人数"":""1"",""专业"":""统计学类、数学类、计算机类、经济学类"",""学历"":""仅限本科"",""学位"":""学士"",""政治面貌"":""不限"",""基层工作最低年限"":""无限制"",""服务基层项目工作经历"":""无限制"",""是否在面试阶段组织专业能力测试"":""否"",""面试人员比例"":""3:1"",""工作地点"":""内蒙古自治区通辽市科尔沁左翼后旗"",""落户地点"":""内蒙古自治区通辽市科尔沁左翼后旗"",""备注"":""1.须以最高学历学位主修专业报考，考生报考专业须与招录专业名称一致；2.限应届高校毕业生报考；3.限内蒙古自治区通辽市范围内户籍人员报考；4.本单位最低服务年限为5年（含试用期）；5.需经常下乡入户，条件较为艰苦。"",""部门网站"":""无"",""咨询电话1"":""04714938385"",""咨询电话2"":""04714963756"",""咨询电话3"":"""",""来源Sheet"":""中央国家行政机关参照公务员法管理事业单位""}}"
"government_jobs","国家公务员2024招考简章","公务员/事业单位技术岗位","内蒙古自治区通辽市科尔沁左翼后旗","2026-07-28T09:12:58.310295+00:00","科左后调查队一级科员（2）","国家统计局内蒙古调查总队","","内蒙古自治区通辽市科尔沁左翼后旗","公务员/事业单位;2024;computer_software;data_ai;仅限本科;学士;统计学类、数学类、计算机类、经济学类、汉语言文学;市（地）级及以下直属机构综合管理类","用人司局：国家统计局内蒙古调查总队
职位简介：从事一线入户调查、数据处理、统计分析、统计研究等工作
专业要求：统计学类、数学类、计算机类、经济学类、汉语言文学
学历要求：仅限本科
学位要求：学士
政治面貌：不限
基层工作经历：二年
考试类别：市（地）级及以下直属机构综合管理类
备注：1.考生报考专业须与招录专业名称一致；2.“大学生村官、‘三支一扶’计划、大学生志愿服务西部计划”服务期满且考核合格；3.本单位最低服务年限为5年（含试用期）；4.需经常下乡入户，条件较为艰苦。","https://www.xuanhan.gov.cn/xxgk-show-77635.html#135105-400110105068","2023-10-15","{""dataset_year"":2024,""job_uid"":""GOV-2024-135105-400110105068"",""publisher"":""国家公务员局"",""publication_page"":""https://www.xuanhan.gov.cn/xxgk-show-77635.html"",""attachment_url"":""https://www.xuanhan.gov.cn/uploadfile/1/Attachment/638fdecf51.zip"",""local_source_file"":""中央机关及其直属机构2024年度考试录用公务员招考简章.xls"",""local_source_sha256"":""a1741b99dbecd6d03e533f99f2d69b0fa5a79733e551b80af69986ceed2ad996"",""source_sheet"":""中央国家行政机关参照公务员法管理事业单位"",""filter_version"":""government_tech_v2"",""tech_filter"":{""is_tech"":true,""is_core_tech"":true,""scope"":""core"",""categories"":[""computer_software"",""data_ai""],""matched_fields"":[""major"",""description""],""major_terms"":[""计算机类""],""role_terms"":[""数据处理""],""reason"":""tech_major_and_role""},""original"":{""部门代码"":""135105"",""部门名称"":""国家统计局内蒙古调查总队"",""用人司局"":""国家统计局内蒙古调查总队"",""机构性质"":""中央国家行政机关参照公务员法管理事业单位"",""招考职位"":""科左后调查队一级科员（2）"",""职位属性"":""普通职位"",""职位分布"":""西部地区和艰苦边远地区职位"",""职位简介"":""从事一线入户调查、数据处理、统计分析、统计研究等工作"",""职位代码"":""400110105068"",""机构层级"":""县（区）级及以下"",""考试类别"":""市（地）级及以下直属机构综合管理类"",""招考人数"":""1"",""专业"":""统计学类、数学类、计算机类、经济学类、汉语言文学"",""学历"":""仅限本科"",""学位"":""学士"",""政治面貌"":""不限"",""基层工作最低年限"":""二年"",""服务基层项目工作经历"":""大学生村官、“三支一扶”计划、大学生志愿服务西部计划"",""是否在面试阶段组织专业能力测试"":""否"",""面试人员比例"":""3:1"",""工作地点"":""内蒙古自治区通辽市科尔沁左翼后旗"",""落户地点"":""内蒙古自治区通辽市科尔沁左翼后旗"",""备注"":""1.考生报考专业须与招录专业名称一致；2.“大学生村官、‘三支一扶’计划、大学生志愿服务西部计划”服务期满且考核合格；3.本单位最低服务年限为5年（含试用期）；4.需经常下乡入户，条件较为艰苦。"",""部门网站"":""无"",""咨询电话1"":""04714938385"",""咨询电话2"":""04714963756"",""咨询电话3"":"""",""来源Sheet"":""中央国家行政机关参照公务员法管理事业单位""}}"
"government_jobs","国家公务员2024招考简章","公务员/事业单位技术岗位","内蒙古自治区通辽市开鲁县","2026-07-28T09:12:58.310295+00:00","开鲁调查队一级科员","国家统计局内蒙古调查总队","","内蒙古自治区通辽市开鲁县","公务员/事业单位;2024;computer_software;data_ai;仅限本科;学士;统计学类、数学类、计算机类、会计学、财务管理、汉语言文学;市（地）级及以下直属机构综合管理类","用人司局：国家统计局内蒙古调查总队
职位简介：从事一线入户调查、数据处理、统计分析、统计研究等工作
专业要求：统计学类、数学类、计算机类、会计学、财务管理、汉语言文学
学历要求：仅限本科
学位要求：学士
政治面貌：不限
基层工作经历：无限制
考试类别：市（地）级及以下直属机构综合管理类
备注：1.须以最高学历学位主修专业报考，考生报考专业须与招录专业名称一致；2.限应届高校毕业生报考；3.限内蒙古自治区通辽市范围内户籍人员报考；4.本单位最低服务年限为5年（含试用期）；5.需经常下乡入户，条件较为艰苦。","https://www.xuanhan.gov.cn/xxgk-show-77635.html#135105-400110105069","2023-10-15","{""dataset_year"":2024,""job_uid"":""GOV-2024-135105-400110105069"",""publisher"":""国家公务员局"",""publication_page"":""https://www.xuanhan.gov.cn/xxgk-show-77635.html"",""attachment_url"":""https://www.xuanhan.gov.cn/uploadfile/1/Attachment/638fdecf51.zip"",""local_source_file"":""中央机关及其直属机构2024年度考试录用公务员招考简章.xls"",""local_source_sha256"":""a1741b99dbecd6d03e533f99f2d69b0fa5a79733e551b80af69986ceed2ad996"",""source_sheet"":""中央国家行政机关参照公务员法管理事业单位"",""filter_version"":""government_tech_v2"",""tech_filter"":{""is_tech"":true,""is_core_tech"":true,""scope"":""core"",""categories"":[""computer_software"",""data_ai""],""matched_fields"":[""major"",""description""],""major_terms"":[""计算机类""],""role_terms"":[""数据处理""],""reason"":""tech_major_and_role""},""original"":{""部门代码"":""135105"",""部门名称"":""国家统计局内蒙古调查总队"",""用人司局"":""国家统计局内蒙古调查总队"",""机构性质"":""中央国家行政机关参照公务员法管理事业单位"",""招考职位"":""开鲁调查队一级科员"",""职位属性"":""普通职位"",""职位分布"":""西部地区和艰苦边远地区职位"",""职位简介"":""从事一线入户调查、数据处理、统计分析、统计研究等工作"",""职位代码"":""400110105069"",""机构层级"":""县（区）级及以下"",""考试类别"":""市（地）级及以下直属机构综合管理类"",""招考人数"":""1"",""专业"":""统计学类、数学类、计算机类、会计学、财务管理、汉语言文学"",""学历"":""仅限本科"",""学位"":""学士"",""政治面貌"":""不限"",""基层工作最低年限"":""无限制"",""服务基层项目工作经历"":""无限制"",""是否在面试阶段组织专业能力测试"":""否"",""面试人员比例"":""3:1"",""工作地点"":""内蒙古自治区通辽市开鲁县"",""落户地点"":""内蒙古自治区通辽市开鲁县"",""备注"":""1.须以最高学历学位主修专业报考，考生报考专业须与招录专业名称一致；2.限应届高校毕业生报考；3.限内蒙古自治区通辽市范围内户籍人员报考；4.本单位最低服务年限为5年（含试用期）；5.需经常下乡入户，条件较为艰苦。"",""部门网站"":""无"",""咨询电话1"":""04714938385"",""咨询电话2"":""04714963756"",""咨询电话3"":"""",""来源Sheet"":""中央国家行政机关参照公务员法管理事业单位""}}"
"government_jobs","国家公务员2024招考简章","公务员/事业单位技术岗位","内蒙古自治区通辽市奈曼旗","2026-07-28T09:12:58.310295+00:00","奈曼调查队一级科员","国家统计局内蒙古调查总队","","内蒙古自治区通辽市奈曼旗","公务员/事业单位;2024;computer_software;data_ai;仅限本科;学士;统计学类、数学类、计算机类、会计学、财务管理;市（地）级及以下直属机构综合管理类","用人司局：国家统计局内蒙古调查总队
职位简介：从事一线入户调查、数据处理、统计分析、统计研究等工作
专业要求：统计学类、数学类、计算机类、会计学、财务管理
学历要求：仅限本科
学位要求：学士
政治面貌：不限
基层工作经历：无限制
考试类别：市（地）级及以下直属机构综合管理类
备注：1.须以最高学历学位主修专业报考，考生报考专业须与招录专业名称一致；2.限应届高校毕业生报考；3.限内蒙古自治区通辽市范围内户籍人员报考；4.本单位最低服务年限为5年（含试用期）；5.需经常下乡入户，条件较为艰苦。","https://www.xuanhan.gov.cn/xxgk-show-77635.html#135105-400110105070","2023-10-15","{""dataset_year"":2024,""job_uid"":""GOV-2024-135105-400110105070"",""publisher"":""国家公务员局"",""publication_page"":""https://www.xuanhan.gov.cn/xxgk-show-77635.html"",""attachment_url"":""https://www.xuanhan.gov.cn/uploadfile/1/Attachment/638fdecf51.zip"",""local_source_file"":""中央机关及其直属机构2024年度考试录用公务员招考简章.xls"",""local_source_sha256"":""a1741b99dbecd6d03e533f99f2d69b0fa5a79733e551b80af69986ceed2ad996"",""source_sheet"":""中央国家行政机关参照公务员法管理事业单位"",""filter_version"":""government_tech_v2"",""tech_filter"":{""is_tech"":true,""is_core_tech"":true,""scope"":""core"",""categories"":[""computer_software"",""data_ai""],""matched_fields"":[""major"",""description""],""major_terms"":[""计算机类""],""role_terms"":[""数据处理""],""reason"":""tech_major_and_role""},""original"":{""部门代码"":""135105"",""部门名称"":""国家统计局内蒙古调查总队"",""用人司局"":""国家统计局内蒙古调查总队"",""机构性质"":""中央国家行政机关参照公务员法管理事业单位"",""招考职位"":""奈曼调查队一级科员"",""职位属性"":""普通职位"",""职位分布"":""西部地区和艰苦边远地区职位"",""职位简介"":""从事一线入户调查、数据处理、统计分析、统计研究等工作"",""职位代码"":""400110105070"",""机构层级"":""县（区）级及以下"",""考试类别"":""市（地）级及以下直属机构综合管理类"",""招考人数"":""1"",""专业"":""统计学类、数学类、计算机类、会计学、财务管理"",""学历"":""仅限本科"",""学位"":""学士"",""政治面貌"":""不限"",""基层工作最低年限"":""无限制"",""服务基层项目工作经历"":""无限制"",""是否在面试阶段组织专业能力测试"":""否"",""面试人员比例"":""3:1"",""工作地点"":""内蒙古自治区通辽市奈曼旗"",""落户地点"":""内蒙古自治区通辽市奈曼旗"",""备注"":""1.须以最高学历学位主修专业报考，考生报考专业须与招录专业名称一致；2.限应届高校毕业生报考；3.限内蒙古自治区通辽市范围内户籍人员报考；4.本单位最低服务年限为5年（含试用期）；5.需经常下乡入户，条件较为艰苦。"",""部门网站"":""无"",""咨询电话1"":""04714938385"",""咨询电话2"":""04714963756"",""咨询电话3"":"""",""来源Sheet"":""中央国家行政机关参照公务员法管理事业单位""}}"
"government_jobs","国家公务员2024招考简章","公务员/事业单位技术岗位","内蒙古自治区赤峰市巴林左旗","2026-07-28T09:12:58.310295+00:00","巴林左调查队一级科员（2）","国家统计局内蒙古调查总队","","内蒙古自治区赤峰市巴林左旗","公务员/事业单位;2024;computer_software;data_ai;仅限本科;学士;统计学类、数学类、计算机类;市（地）级及以下直属机构综合管理类","用人司局：国家统计局内蒙古调查总队
职位简介：从事一线入户调查、数据处理、统计分析、统计研究等工作
专业要求：统计学类、数学类、计算机类
学历要求：仅限本科
学位要求：学士
政治面貌：不限
基层工作经历：无限制
考试类别：市（地）级及以下直属机构综合管理类
备注：1.须以最高学历学位主修专业报考，考生报考专业须与招录专业名称一致；2.限应届高校毕业生报考；3.限内蒙古自治区赤峰市范围内户籍人员报考；4.本单位最低服务年限为5年（含试用期）；5.需经常下乡入户，条件较为艰苦。","https://www.xuanhan.gov.cn/xxgk-show-77635.html#135105-400110105072","2023-10-15","{""dataset_year"":2024,""job_uid"":""GOV-2024-135105-400110105072"",""publisher"":""国家公务员局"",""publication_page"":""https://www.xuanhan.gov.cn/xxgk-show-77635.html"",""attachment_url"":""https://www.xuanhan.gov.cn/uploadfile/1/Attachment/638fdecf51.zip"",""local_source_file"":""中央机关及其直属机构2024年度考试录用公务员招考简章.xls"",""local_source_sha256"":""a1741b99dbecd6d03e533f99f2d69b0fa5a79733e551b80af69986ceed2ad996"",""source_sheet"":""中央国家行政机关参照公务员法管理事业单位"",""filter_version"":""government_tech_v2"",""tech_filter"":{""is_tech"":true,""is_core_tech"":true,""scope"":""core"",""categories"":[""computer_software"",""data_ai""],""matched_fields"":[""major"",""description""],""major_terms"":[""计算机类""],""role_terms"":[""数据处理""],""reason"":""tech_major_and_role""},""original"":{""部门代码"":""135105"",""部门名称"":""国家统计局内蒙古调查总队"",""用人司局"":""国家统计局内蒙古调查总队"",""机构性质"":""中央国家行政机关参照公务员法管理事业单位"",""招考职位"":""巴林左调查队一级科员（2）"",""职位属性"":""普通职位"",""职位分布"":""西部地区和艰苦边远地区职位"",""职位简介"":""从事一线入户调查、数据处理、统计分析、统计研究等工作"",""职位代码"":""400110105072"",""机构层级"":""县（区）级及以下"",""考试类别"":""市（地）级及以下直属机构综合管理类"",""招考人数"":""1"",""专业"":""统计学类、数学类、计算机类"",""学历"":""仅限本科"",""学位"":""学士"",""政治面貌"":""不限"",""基层工作最低年限"":""无限制"",""服务基层项目工作经历"":""无限制"",""是否在面试阶段组织专业能力测试"":""否"",""面试人员比例"":""3:1"",""工作地点"":""内蒙古自治区赤峰市巴林左旗"",""落户地点"":""内蒙古自治区赤峰市巴林左旗"",""备注"":""1.须以最高学历学位主修专业报考，考生报考专业须与招录专业名称一致；2.限应届高校毕业生报考；3.限内蒙古自治区赤峰市范围内户籍人员报考；4.本单位最低服务年限为5年（含试用期）；5.需经常下乡入户，条件较为艰苦。"",""部门网站"":""无"",""咨询电话1"":""04714938385"",""咨询电话2"":""04714963756"",""咨询电话3"":"""",""来源Sheet"":""中央国家行政机关参照公务员法管理事业单位""}}"
"government_jobs","国家公务员2024招考简章","公务员/事业单位技术岗位","内蒙古自治区赤峰市林西县","2026-07-28T09:12:58.310295+00:00","林西调查队一级科员","国家统计局内蒙古调查总队","","内蒙古自治区赤峰市林西县","公务员/事业单位;2024;computer_software;data_ai;仅限本科;学士;统计学类、数学类、计算机类、会计学;市（地）级及以下直属机构综合管理类","用人司局：国家统计局内蒙古调查总队
职位简介：从事一线入户调查、数据处理、统计分析、统计研究等工作
专业要求：统计学类、数学类、计算机类、会计学
学历要求：仅限本科
学位要求：学士
政治面貌：不限
基层工作经历：无限制
考试类别：市（地）级及以下直属机构综合管理类
备注：1.须以最高学历学位主修专业报考，考生报考专业须与招录专业名称一致；2.限应届高校毕业生报考；3.限内蒙古自治区赤峰市范围内户籍人员报考；4.本单位最低服务年限为5年（含试用期）；5.需经常下乡入户，条件较为艰苦。","https://www.xuanhan.gov.cn/xxgk-show-77635.html#135105-400110105073","2023-10-15","{""dataset_year"":2024,""job_uid"":""GOV-2024-135105-400110105073"",""publisher"":""国家公务员局"",""publication_page"":""https://www.xuanhan.gov.cn/xxgk-show-77635.html"",""attachment_url"":""https://www.xuanhan.gov.cn/uploadfile/1/Attachment/638fdecf51.zip"",""local_source_file"":""中央机关及其直属机构2024年度考试录用公务员招考简章.xls"",""local_source_sha256"":""a1741b99dbecd6d03e533f99f2d69b0fa5a79733e551b80af69986ceed2ad996"",""source_sheet"":""中央国家行政机关参照公务员法管理事业单位"",""filter_version"":""government_tech_v2"",""tech_filter"":{""is_tech"":true,""is_core_tech"":true,""scope"":""core"",""categories"":[""computer_software"",""data_ai""],""matched_fields"":[""major"",""description""],""major_terms"":[""计算机类""],""role_terms"":[""数据处理""],""reason"":""tech_major_and_role""},""original"":{""部门代码"":""135105"",""部门名称"":""国家统计局内蒙古调查总队"",""用人司局"":""国家统计局内蒙古调查总队"",""机构性质"":""中央国家行政机关参照公务员法管理事业单位"",""招考职位"":""林西调查队一级科员"",""职位属性"":""普通职位"",""职位分布"":""西部地区和艰苦边远地区职位"",""职位简介"":""从事一线入户调查、数据处理、统计分析、统计研究等工作"",""职位代码"":""400110105073"",""机构层级"":""县（区）级及以下"",""考试类别"":""市（地）级及以下直属机构综合管理类"",""招考人数"":""1"",""专业"":""统计学类、数学类、计算机类、会计学"",""学历"":""仅限本科"",""学位"":""学士"",""政治面貌"":""不限"",""基层工作最低年限"":""无限制"",""服务基层项目工作经历"":""无限制"",""是否在面试阶段组织专业能力测试"":""否"",""面试人员比例"":""3:1"",""工作地点"":""内蒙古自治区赤峰市林西县"",""落户地点"":""内蒙古自治区赤峰市林西县"",""备注"":""1.须以最高学历学位主修专业报考，考生报考专业须与招录专业名称一致；2.限应届高校毕业生报考；3.限内蒙古自治区赤峰市范围内户籍人员报考；4.本单位最低服务年限为5年（含试用期）；5.需经常下乡入户，条件较为艰苦。"",""部门网站"":""无"",""咨询电话1"":""04714938385"",""咨询电话2"":""04714963756"",""咨询电话3"":"""",""来源Sheet"":""中央国家行政机关参照公务员法管理事业单位""}}"
"government_jobs","国家公务员2024招考简章","公务员/事业单位技术岗位","内蒙古自治区赤峰市翁牛特旗","2026-07-28T09:12:58.310295+00:00","翁牛特调查队一级科员","国家统计局内蒙古调查总队","","内蒙古自治区赤峰市翁牛特旗","公务员/事业单位;2024;computer_software;data_ai;仅限本科;学士;统计学类、数学类、计算机类;市（地）级及以下直属机构综合管理类","用人司局：国家统计局内蒙古调查总队
职位简介：从事一线入户调查、数据处理、统计分析、统计研究等工作
专业要求：统计学类、数学类、计算机类
学历要求：仅限本科
学位要求：学士
政治面貌：不限
基层工作经历：无限制
考试类别：市（地）级及以下直属机构综合管理类
备注：1.须以最高学历学位主修专业报考，考生报考专业须与招录专业名称一致；2.限应届高校毕业生报考；3.限内蒙古自治区赤峰市范围内户籍人员报考；4.本单位最低服务年限为5年（含试用期）；5.需经常下乡入户，条件较为艰苦。","https://www.xuanhan.gov.cn/xxgk-show-77635.html#135105-400110105074","2023-10-15","{""dataset_year"":2024,""job_uid"":""GOV-2024-135105-400110105074"",""publisher"":""国家公务员局"",""publication_page"":""https://www.xuanhan.gov.cn/xxgk-show-77635.html"",""attachment_url"":""https://www.xuanhan.gov.cn/uploadfile/1/Attachment/638fdecf51.zip"",""local_source_file"":""中央机关及其直属机构2024年度考试录用公务员招考简章.xls"",""local_source_sha256"":""a1741b99dbecd6d03e533f99f2d69b0fa5a79733e551b80af69986ceed2ad996"",""source_sheet"":""中央国家行政机关参照公务员法管理事业单位"",""filter_version"":""government_tech_v2"",""tech_filter"":{""is_tech"":true,""is_core_tech"":true,""scope"":""core"",""categories"":[""computer_software"",""data_ai""],""matched_fields"":[""major"",""description""],""major_terms"":[""计算机类""],""role_terms"":[""数据处理""],""reason"":""tech_major_and_role""},""original"":{""部门代码"":""135105"",""部门名称"":""国家统计局内蒙古调查总队"",""用人司局"":""国家统计局内蒙古调查总队"",""机构性质"":""中央国家行政机关参照公务员法管理事业单位"",""招考职位"":""翁牛特调查队一级科员"",""职位属性"":""普通职位"",""职位分布"":""西部地区和艰苦边远地区职位"",""职位简介"":""从事一线入户调查、数据处理、统计分析、统计研究等工作"",""职位代码"":""400110105074"",""机构层级"":""县（区）级及以下"",""考试类别"":""市（地）级及以下直属机构综合管理类"",""招考人数"":""1"",""专业"":""统计学类、数学类、计算机类"",""学历"":""仅限本科"",""学位"":""学士"",""政治面貌"":""不限"",""基层工作最低年限"":""无限制"",""服务基层项目工作经历"":""无限制"",""是否在面试阶段组织专业能力测试"":""否"",""面试人员比例"":""3:1"",""工作地点"":""内蒙古自治区赤峰市翁牛特旗"",""落户地点"":""内蒙古自治区赤峰市翁牛特旗"",""备注"":""1.须以最高学历学位主修专业报考，考生报考专业须与招录专业名称一致；2.限应届高校毕业生报考；3.限内蒙古自治区赤峰市范围内户籍人员报考；4.本单位最低服务年限为5年（含试用期）；5.需经常下乡入户，条件较为艰苦。"",""部门网站"":""无"",""咨询电话1"":""04714938385"",""咨询电话2"":""04714963756"",""咨询电话3"":"""",""来源Sheet"":""中央国家行政机关参照公务员法管理事业单位""}}"
"government_jobs","国家公务员2024招考简章","公务员/事业单位技术岗位","内蒙古自治区赤峰市宁城县","2026-07-28T09:12:58.310295+00:00","宁城调查队一级科员","国家统计局内蒙古调查总队","","内蒙古自治区赤峰市宁城县","公务员/事业单位;2024;computer_software;data_ai;仅限本科;学士;统计学类、数学类、计算机类、会计学、财务管理;市（地）级及以下直属机构综合管理类","用人司局：国家统计局内蒙古调查总队
职位简介：从事一线入户调查、数据处理、统计分析、统计研究等工作
专业要求：统计学类、数学类、计算机类、会计学、财务管理
学历要求：仅限本科
学位要求：学士
政治面貌：不限
基层工作经历：无限制
考试类别：市（地）级及以下直属机构综合管理类
备注：1.须以最高学历学位主修专业报考，考生报考专业须与招录专业名称一致；2.限应届高校毕业生报考；3.限内蒙古自治区赤峰市范围内户籍人员报考；4.本单位最低服务年限为5年（含试用期）；5.需经常下乡入户，条件较为艰苦。","https://www.xuanhan.gov.cn/xxgk-show-77635.html#135105-400110105075","2023-10-15","{""dataset_year"":2024,""job_uid"":""GOV-2024-135105-400110105075"",""publisher"":""国家公务员局"",""publication_page"":""https://www.xuanhan.gov.cn/xxgk-show-77635.html"",""attachment_url"":""https://www.xuanhan.gov.cn/uploadfile/1/Attachment/638fdecf51.zip"",""local_source_file"":""中央机关及其直属机构2024年度考试录用公务员招考简章.xls"",""local_source_sha256"":""a1741b99dbecd6d03e533f99f2d69b0fa5a79733e551b80af69986ceed2ad996"",""source_sheet"":""中央国家行政机关参照公务员法管理事业单位"",""filter_version"":""government_tech_v2"",""tech_filter"":{""is_tech"":true,""is_core_tech"":true,""scope"":""core"",""categories"":[""computer_software"",""data_ai""],""matched_fields"":[""major"",""description""],""major_terms"":[""计算机类""],""role_terms"":[""数据处理""],""reason"":""tech_major_and_role""},""original"":{""部门代码"":""135105"",""部门名称"":""国家统计局内蒙古调查总队"",""用人司局"":""国家统计局内蒙古调查总队"",""机构性质"":""中央国家行政机关参照公务员法管理事业单位"",""招考职位"":""宁城调查队一级科员"",""职位属性"":""普通职位"",""职位分布"":""西部地区和艰苦边远地区职位"",""职位简介"":""从事一线入户调查、数据处理、统计分析、统计研究等工作"",""职位代码"":""400110105075"",""机构层级"":""县（区）级及以下"",""考试类别"":""市（地）级及以下直属机构综合管理类"",""招考人数"":""1"",""专业"":""统计学类、数学类、计算机类、会计学、财务管理"",""学历"":""仅限本科"",""学位"":""学士"",""政治面貌"":""不限"",""基层工作最低年限"":""无限制"",""服务基层项目工作经历"":""无限制"",""是否在面试阶段组织专业能力测试"":""否"",""面试人员比例"":""3:1"",""工作地点"":""内蒙古自治区赤峰市宁城县"",""落户地点"":""内蒙古自治区赤峰市宁城县"",""备注"":""1.须以最高学历学位主修专业报考，考生报考专业须与招录专业名称一致；2.限应届高校毕业生报考；3.限内蒙古自治区赤峰市范围内户籍人员报考；4.本单位最低服务年限为5年（含试用期）；5.需经常下乡入户，条件较为艰苦。"",""部门网站"":""无"",""咨询电话1"":""04714938385"",""咨询电话2"":""04714963756"",""咨询电话3"":"""",""来源Sheet"":""中央国家行政机关参照公务员法管理事业单位""}}"
"government_jobs","国家公务员2024招考简章","公务员/事业单位技术岗位","内蒙古自治区赤峰市敖汉旗","2026-07-28T09:12:58.310295+00:00","敖汉调查队一级科员（1）","国家统计局内蒙古调查总队","","内蒙古自治区赤峰市敖汉旗","公务员/事业单位;2024;computer_software;data_ai;仅限本科;学士;统计学类、数学类、计算机类、经济学类;市（地）级及以下直属机构综合管理类","用人司局：国家统计局内蒙古调查总队
职位简介：从事一线入户调查、数据处理、统计分析、统计研究等工作
专业要求：统计学类、数学类、计算机类、经济学类
学历要求：仅限本科
学位要求：学士
政治面貌：不限
基层工作经历：无限制
考试类别：市（地）级及以下直属机构综合管理类
备注：1.须以最高学历学位主修专业报考，考生报考专业须与招录专业名称一致；2.限应届高校毕业生报考。3.限内蒙古自治区赤峰市范围内户籍人员报考；4.本单位最低服务年限为5年（含试用期）；5.需经常下乡入户，条件较为艰苦。","https://www.xuanhan.gov.cn/xxgk-show-77635.html#135105-400110105076","2023-10-15","{""dataset_year"":2024,""job_uid"":""GOV-2024-135105-400110105076"",""publisher"":""国家公务员局"",""publication_page"":""https://www.xuanhan.gov.cn/xxgk-show-77635.html"",""attachment_url"":""https://www.xuanhan.gov.cn/uploadfile/1/Attachment/638fdecf51.zip"",""local_source_file"":""中央机关及其直属机构2024年度考试录用公务员招考简章.xls"",""local_source_sha256"":""a1741b99dbecd6d03e533f99f2d69b0fa5a79733e551b80af69986ceed2ad996"",""source_sheet"":""中央国家行政机关参照公务员法管理事业单位"",""filter_version"":""government_tech_v2"",""tech_filter"":{""is_tech"":true,""is_core_tech"":true,""scope"":""core"",""categories"":[""computer_software"",""data_ai""],""matched_fields"":[""major"",""description""],""major_terms"":[""计算机类""],""role_terms"":[""数据处理""],""reason"":""tech_major_and_role""},""original"":{""部门代码"":""135105"",""部门名称"":""国家统计局内蒙古调查总队"",""用人司局"":""国家统计局内蒙古调查总队"",""机构性质"":""中央国家行政机关参照公务员法管理事业单位"",""招考职位"":""敖汉调查队一级科员（1）"",""职位属性"":""普通职位"",""职位分布"":""西部地区和艰苦边远地区职位"",""职位简介"":""从事一线入户调查、数据处理、统计分析、统计研究等工作"",""职位代码"":""400110105076"",""机构层级"":""县（区）级及以下"",""考试类别"":""市（地）级及以下直属机构综合管理类"",""招考人数"":""1"",""专业"":""统计学类、数学类、计算机类、经济学类"",""学历"":""仅限本科"",""学位"":""学士"",""政治面貌"":""不限"",""基层工作最低年限"":""无限制"",""服务基层项目工作经历"":""无限制"",""是否在面试阶段组织专业能力测试"":""否"",""面试人员比例"":""3:1"",""工作地点"":""内蒙古自治区赤峰市敖汉旗"",""落户地点"":""内蒙古自治区赤峰市敖汉旗"",""备注"":""1.须以最高学历学位主修专业报考，考生报考专业须与招录专业名称一致；2.限应届高校毕业生报考。3.限内蒙古自治区赤峰市范围内户籍人员报考；4.本单位最低服务年限为5年（含试用期）；5.需经常下乡入户，条件较为艰苦。"",""部门网站"":""无"",""咨询电话1"":""04714938385"",""咨询电话2"":""04714963756"",""咨询电话3"":"""",""来源Sheet"":""中央国家行政机关参照公务员法管理事业单位""}}"
"government_jobs","国家公务员2024招考简章","公务员/事业单位技术岗位","内蒙古自治区赤峰市敖汉旗","2026-07-28T09:12:58.310295+00:00","敖汉调查队一级科员（2）","国家统计局内蒙古调查总队","","内蒙古自治区赤峰市敖汉旗","公务员/事业单位;2024;computer_software;data_ai;仅限本科;学士;统计学类、数学类、计算机类、经济学类;市（地）级及以下直属机构综合管理类","用人司局：国家统计局内蒙古调查总队
职位简介：从事一线入户调查、数据处理、统计分析、统计研究等工作
专业要求：统计学类、数学类、计算机类、经济学类
学历要求：仅限本科
学位要求：学士
政治面貌：不限
基层工作经历：二年
考试类别：市（地）级及以下直属机构综合管理类
备注：1.考生报考专业须与招录专业名称一致；2.“大学生村官、‘三支一扶’计划、大学生志愿服务西部计划”服务期满且考核合格；3.本单位最低服务年限为5年（含试用期）；4.需经常下乡入户，条件较为艰苦。","https://www.xuanhan.gov.cn/xxgk-show-77635.html#135105-400110105077","2023-10-15","{""dataset_year"":2024,""job_uid"":""GOV-2024-135105-400110105077"",""publisher"":""国家公务员局"",""publication_page"":""https://www.xuanhan.gov.cn/xxgk-show-77635.html"",""attachment_url"":""https://www.xuanhan.gov.cn/uploadfile/1/Attachment/638fdecf51.zip"",""local_source_file"":""中央机关及其直属机构2024年度考试录用公务员招考简章.xls"",""local_source_sha256"":""a1741b99dbecd6d03e533f99f2d69b0fa5a79733e551b80af69986ceed2ad996"",""source_sheet"":""中央国家行政机关参照公务员法管理事业单位"",""filter_version"":""government_tech_v2"",""tech_filter"":{""is_tech"":true,""is_core_tech"":true,""scope"":""core"",""categories"":[""computer_software"",""data_ai""],""matched_fields"":[""major"",""description""],""major_terms"":[""计算机类""],""role_terms"":[""数据处理""],""reason"":""tech_major_and_role""},""original"":{""部门代码"":""135105"",""部门名称"":""国家统计局内蒙古调查总队"",""用人司局"":""国家统计局内蒙古调查总队"",""机构性质"":""中央国家行政机关参照公务员法管理事业单位"",""招考职位"":""敖汉调查队一级科员（2）"",""职位属性"":""普通职位"",""职位分布"":""西部地区和艰苦边远地区职位"",""职位简介"":""从事一线入户调查、数据处理、统计分析、统计研究等工作"",""职位代码"":""400110105077"",""机构层级"":""县（区）级及以下"",""考试类别"":""市（地）级及以下直属机构综合管理类"",""招考人数"":""1"",""专业"":""统计学类、数学类、计算机类、经济学类"",""学历"":""仅限本科"",""学位"":""学士"",""政治面貌"":""不限"",""基层工作最低年限"":""二年"",""服务基层项目工作经历"":""大学生村官、“三支一扶”计划、大学生志愿服务西部计划"",""是否在面试阶段组织专业能力测试"":""否"",""面试人员比例"":""3:1"",""工作地点"":""内蒙古自治区赤峰市敖汉旗"",""落户地点"":""内蒙古自治区赤峰市敖汉旗"",""备注"":""1.考生报考专业须与招录专业名称一致；2.“大学生村官、‘三支一扶’计划、大学生志愿服务西部计划”服务期满且考核合格；3.本单位最低服务年限为5年（含试用期）；4.需经常下乡入户，条件较为艰苦。"",""部门网站"":""无"",""咨询电话1"":""04714938385"",""咨询电话2"":""04714963756"",""咨询电话3"":"""",""来源Sheet"":""中央国家行政机关参照公务员法管理事业单位""}}"
"government_jobs","国家公务员2024招考简章","公务员/事业单位技术岗位","内蒙古自治区锡林郭勒盟正镶白旗","2026-07-28T09:12:58.310295+00:00","正镶白调查队一级科员（1）","国家统计局内蒙古调查总队","","内蒙古自治区锡林郭勒盟正镶白旗","公务员/事业单位;2024;computer_software;data_ai;仅限本科;学士;统计学类、数学类、经济学类、计算机类、会计学、审计学、财务管理、汉语言文学;市（地）级及以下直属机构综合管理类","用人司局：国家统计局内蒙古调查总队
职位简介：从事一线入户调查、数据处理、统计分析、统计研究等工作
专业要求：统计学类、数学类、经济学类、计算机类、会计学、审计学、财务管理、汉语言文学
学历要求：仅限本科
学位要求：学士
政治面貌：不限
基层工作经历：无限制
考试类别：市（地）级及以下直属机构综合管理类
备注：1.限女性报考；2.须以最高学历学位主修专业报考，考生报考专业须与招录专业名称一致；3.限应届高校毕业生报考；4.限内蒙古自治区锡林郭勒盟范围内户籍人员报考；5.本单位最低服务年限为5年（含试用期）；6.需经常下乡入户，条件较为艰苦。","https://www.xuanhan.gov.cn/xxgk-show-77635.html#135105-400110105082","2023-10-15","{""dataset_year"":2024,""job_uid"":""GOV-2024-135105-400110105082"",""publisher"":""国家公务员局"",""publication_page"":""https://www.xuanhan.gov.cn/xxgk-show-77635.html"",""attachment_url"":""https://www.xuanhan.gov.cn/uploadfile/1/Attachment/638fdecf51.zip"",""local_source_file"":""中央机关及其直属机构2024年度考试录用公务员招考简章.xls"",""local_source_sha256"":""a1741b99dbecd6d03e533f99f2d69b0fa5a79733e551b80af69986ceed2ad996"",""source_sheet"":""中央国家行政机关参照公务员法管理事业单位"",""filter_version"":""government_tech_v2"",""tech_filter"":{""is_tech"":true,""is_core_tech"":true,""scope"":""core"",""categories"":[""computer_software"",""data_ai""],""matched_fields"":[""major"",""description""],""major_terms"":[""计算机类""],""role_terms"":[""数据处理""],""reason"":""tech_major_and_role""},""original"":{""部门代码"":""135105"",""部门名称"":""国家统计局内蒙古调查总队"",""用人司局"":""国家统计局内蒙古调查总队"",""机构性质"":""中央国家行政机关参照公务员法管理事业单位"",""招考职位"":""正镶白调查队一级科员（1）"",""职位属性"":""普通职位"",""职位分布"":""西部地区和艰苦边远地区职位"",""职位简介"":""从事一线入户调查、数据处理、统计分析、统计研究等工作"",""职位代码"":""400110105082"",""机构层级"":""县（区）级及以下"",""考试类别"":""市（地）级及以下直属机构综合管理类"",""招考人数"":""1"",""专业"":""统计学类、数学类、经济学类、计算机类、会计学、审计学、财务管理、汉语言文学"",""学历"":""仅限本科"",""学位"":""学士"",""政治面貌"":""不限"",""基层工作最低年限"":""无限制"",""服务基层项目工作经历"":""无限制"",""是否在面试阶段组织专业能力测试"":""否"",""面试人员比例"":""3:1"",""工作地点"":""内蒙古自治区锡林郭勒盟正镶白旗"",""落户地点"":""内蒙古自治区锡林郭勒盟正镶白旗"",""备注"":""1.限女性报考；2.须以最高学历学位主修专业报考，考生报考专业须与招录专业名称一致；3.限应届高校毕业生报考；4.限内蒙古自治区锡林郭勒盟范围内户籍人员报考；5.本单位最低服务年限为5年（含试用期）；6.需经常下乡入户，条件较为艰苦。"",""部门网站"":""无"",""咨询电话1"":""04714938385"",""咨询电话2"":""04714963756"",""咨询电话3"":"""",""来源Sheet"":""中央国家行政机关参照公务员法管理事业单位""}}"
"government_jobs","国家公务员2024招考简章","公务员/事业单位技术岗位","内蒙古自治区锡林郭勒盟正镶白旗","2026-07-28T09:12:58.310295+00:00","正镶白调查队一级科员（2）","国家统计局内蒙古调查总队","","内蒙古自治区锡林郭勒盟正镶白旗","公务员/事业单位;2024;computer_software;data_ai;仅限本科;学士;统计学类、数学类、经济学类、计算机类、会计学、审计学、财务管理、汉语言文学;市（地）级及以下直属机构综合管理类","用人司局：国家统计局内蒙古调查总队
职位简介：从事一线入户调查、数据处理、统计分析、统计研究等工作
专业要求：统计学类、数学类、经济学类、计算机类、会计学、审计学、财务管理、汉语言文学
学历要求：仅限本科
学位要求：学士
政治面貌：不限
基层工作经历：无限制
考试类别：市（地）级及以下直属机构综合管理类
备注：1.限男性报考；2.须以最高学历学位主修专业报考，考生报考专业须与招录专业名称一致；3.限应届高校毕业生报考；4.限内蒙古自治区锡林郭勒盟范围内户籍人员报考；5.本单位最低服务年限为5年（含试用期）；6.需经常下乡入户，条件较为艰苦。","https://www.xuanhan.gov.cn/xxgk-show-77635.html#135105-400110105083","2023-10-15","{""dataset_year"":2024,""job_uid"":""GOV-2024-135105-400110105083"",""publisher"":""国家公务员局"",""publication_page"":""https://www.xuanhan.gov.cn/xxgk-show-77635.html"",""attachment_url"":""https://www.xuanhan.gov.cn/uploadfile/1/Attachment/638fdecf51.zip"",""local_source_file"":""中央机关及其直属机构2024年度考试录用公务员招考简章.xls"",""local_source_sha256"":""a1741b99dbecd6d03e533f99f2d69b0fa5a79733e551b80af69986ceed2ad996"",""source_sheet"":""中央国家行政机关参照公务员法管理事业单位"",""filter_version"":""government_tech_v2"",""tech_filter"":{""is_tech"":true,""is_core_tech"":true,""scope"":""core"",""categories"":[""computer_software"",""data_ai""],""matched_fields"":[""major"",""description""],""major_terms"":[""计算机类""],""role_terms"":[""数据处理""],""reason"":""tech_major_and_role""},""original"":{""部门代码"":""135105"",""部门名称"":""国家统计局内蒙古调查总队"",""用人司局"":""国家统计局内蒙古调查总队"",""机构性质"":""中央国家行政机关参照公务员法管理事业单位"",""招考职位"":""正镶白调查队一级科员（2）"",""职位属性"":""普通职位"",""职位分布"":""西部地区和艰苦边远地区职位"",""职位简介"":""从事一线入户调查、数据处理、统计分析、统计研究等工作"",""职位代码"":""400110105083"",""机构层级"":""县（区）级及以下"",""考试类别"":""市（地）级及以下直属机构综合管理类"",""招考人数"":""1"",""专业"":""统计学类、数学类、经济学类、计算机类、会计学、审计学、财务管理、汉语言文学"",""学历"":""仅限本科"",""学位"":""学士"",""政治面貌"":""不限"",""基层工作最低年限"":""无限制"",""服务基层项目工作经历"":""无限制"",""是否在面试阶段组织专业能力测试"":""否"",""面试人员比例"":""3:1"",""工作地点"":""内蒙古自治区锡林郭勒盟正镶白旗"",""落户地点"":""内蒙古自治区锡林郭勒盟正镶白旗"",""备注"":""1.限男性报考；2.须以最高学历学位主修专业报考，考生报考专业须与招录专业名称一致；3.限应届高校毕业生报考；4.限内蒙古自治区锡林郭勒盟范围内户籍人员报考；5.本单位最低服务年限为5年（含试用期）；6.需经常下乡入户，条件较为艰苦。"",""部门网站"":""无"",""咨询电话1"":""04714938385"",""咨询电话2"":""04714963756"",""咨询电话3"":"""",""来源Sheet"":""中央国家行政机关参照公务员法管理事业单位""}}"
"government_jobs","国家公务员2024招考简章","公务员/事业单位技术岗位","内蒙古自治区乌兰察布市兴和县","2026-07-28T09:12:58.310295+00:00","兴和调查队一级科员（1）","国家统计局内蒙古调查总队","","内蒙古自治区乌兰察布市兴和县","公务员/事业单位;2024;computer_software;data_ai;仅限本科;学士;统计学类、数学类、计算机类、会计学、财务管理、汉语言文学;市（地）级及以下直属机构综合管理类","用人司局：国家统计局内蒙古调查总队
职位简介：从事一线入户调查、数据处理、统计分析、统计研究等工作
专业要求：统计学类、数学类、计算机类、会计学、财务管理、汉语言文学
学历要求：仅限本科
学位要求：学士
政治面貌：不限
基层工作经历：无限制
考试类别：市（地）级及以下直属机构综合管理类
备注：1.限女性报考；2.须以最高学历学位主修专业报考，考生报考专业须与招录专业名称一致；3.限应届高校毕业生报考；4.限内蒙古自治区乌兰察布市范围内户籍人员报考；5.本单位最低服务年限为5年（含试用期）；6.需经常下乡入户，条件较为艰苦。","https://www.xuanhan.gov.cn/xxgk-show-77635.html#135105-400110105084","2023-10-15","{""dataset_year"":2024,""job_uid"":""GOV-2024-135105-400110105084"",""publisher"":""国家公务员局"",""publication_page"":""https://www.xuanhan.gov.cn/xxgk-show-77635.html"",""attachment_url"":""https://www.xuanhan.gov.cn/uploadfile/1/Attachment/638fdecf51.zip"",""local_source_file"":""中央机关及其直属机构2024年度考试录用公务员招考简章.xls"",""local_source_sha256"":""a1741b99dbecd6d03e533f99f2d69b0fa5a79733e551b80af69986ceed2ad996"",""source_sheet"":""中央国家行政机关参照公务员法管理事业单位"",""filter_version"":""government_tech_v2"",""tech_filter"":{""is_tech"":true,""is_core_tech"":true,""scope"":""core"",""categories"":[""computer_software"",""data_ai""],""matched_fields"":[""major"",""description""],""major_terms"":[""计算机类""],""role_terms"":[""数据处理""],""reason"":""tech_major_and_role""},""original"":{""部门代码"":""135105"",""部门名称"":""国家统计局内蒙古调查总队"",""用人司局"":""国家统计局内蒙古调查总队"",""机构性质"":""中央国家行政机关参照公务员法管理事业单位"",""招考职位"":""兴和调查队一级科员（1）"",""职位属性"":""普通职位"",""职位分布"":""西部地区和艰苦边远地区职位"",""职位简介"":""从事一线入户调查、数据处理、统计分析、统计研究等工作"",""职位代码"":""400110105084"",""机构层级"":""县（区）级及以下"",""考试类别"":""市（地）级及以下直属机构综合管理类"",""招考人数"":""1"",""专业"":""统计学类、数学类、计算机类、会计学、财务管理、汉语言文学"",""学历"":""仅限本科"",""学位"":""学士"",""政治面貌"":""不限"",""基层工作最低年限"":""无限制"",""服务基层项目工作经历"":""无限制"",""是否在面试阶段组织专业能力测试"":""否"",""面试人员比例"":""3:1"",""工作地点"":""内蒙古自治区乌兰察布市兴和县"",""落户地点"":""内蒙古自治区乌兰察布市兴和县"",""备注"":""1.限女性报考；2.须以最高学历学位主修专业报考，考生报考专业须与招录专业名称一致；3.限应届高校毕业生报考；4.限内蒙古自治区乌兰察布市范围内户籍人员报考；5.本单位最低服务年限为5年（含试用期）；6.需经常下乡入户，条件较为艰苦。"",""部门网站"":""无"",""咨询电话1"":""04714938385"",""咨询电话2"":""04714963756"",""咨询电话3"":"""",""来源Sheet"":""中央国家行政机关参照公务员法管理事业单位""}}"
"government_jobs","国家公务员2024招考简章","公务员/事业单位技术岗位","内蒙古自治区乌兰察布市兴和县","2026-07-28T09:12:58.310295+00:00","兴和调查队一级科员（2）","国家统计局内蒙古调查总队","","内蒙古自治区乌兰察布市兴和县","公务员/事业单位;2024;computer_software;data_ai;仅限本科;学士;统计学类、数学类、计算机类、会计学、财务管理、汉语言文学;市（地）级及以下直属机构综合管理类","用人司局：国家统计局内蒙古调查总队
职位简介：从事一线入户调查、数据处理、统计分析、统计研究等工作
专业要求：统计学类、数学类、计算机类、会计学、财务管理、汉语言文学
学历要求：仅限本科
学位要求：学士
政治面貌：不限
基层工作经历：无限制
考试类别：市（地）级及以下直属机构综合管理类
备注：1.限男性报考；2.须以最高学历学位主修专业报考，考生报考专业须与招录专业名称一致；3.限应届高校毕业生报考；4.限内蒙古自治区乌兰察布市范围内户籍人员报考；5.本单位最低服务年限为5年（含试用期）；6.需经常下乡入户，条件较为艰苦。","https://www.xuanhan.gov.cn/xxgk-show-77635.html#135105-400110105085","2023-10-15","{""dataset_year"":2024,""job_uid"":""GOV-2024-135105-400110105085"",""publisher"":""国家公务员局"",""publication_page"":""https://www.xuanhan.gov.cn/xxgk-show-77635.html"",""attachment_url"":""https://www.xuanhan.gov.cn/uploadfile/1/Attachment/638fdecf51.zip"",""local_source_file"":""中央机关及其直属机构2024年度考试录用公务员招考简章.xls"",""local_source_sha256"":""a1741b99dbecd6d03e533f99f2d69b0fa5a79733e551b80af69986ceed2ad996"",""source_sheet"":""中央国家行政机关参照公务员法管理事业单位"",""filter_version"":""government_tech_v2"",""tech_filter"":{""is_tech"":true,""is_core_tech"":true,""scope"":""core"",""categories"":[""computer_software"",""data_ai""],""matched_fields"":[""major"",""description""],""major_terms"":[""计算机类""],""role_terms"":[""数据处理""],""reason"":""tech_major_and_role""},""original"":{""部门代码"":""135105"",""部门名称"":""国家统计局内蒙古调查总队"",""用人司局"":""国家统计局内蒙古调查总队"",""机构性质"":""中央国家行政机关参照公务员法管理事业单位"",""招考职位"":""兴和调查队一级科员（2）"",""职位属性"":""普通职位"",""职位分布"":""西部地区和艰苦边远地区职位"",""职位简介"":""从事一线入户调查、数据处理、统计分析、统计研究等工作"",""职位代码"":""400110105085"",""机构层级"":""县（区）级及以下"",""考试类别"":""市（地）级及以下直属机构综合管理类"",""招考人数"":""1"",""专业"":""统计学类、数学类、计算机类、会计学、财务管理、汉语言文学"",""学历"":""仅限本科"",""学位"":""学士"",""政治面貌"":""不限"",""基层工作最低年限"":""无限制"",""服务基层项目工作经历"":""无限制"",""是否在面试阶段组织专业能力测试"":""否"",""面试人员比例"":""3:1"",""工作地点"":""内蒙古自治区乌兰察布市兴和县"",""落户地点"":""内蒙古自治区乌兰察布市兴和县"",""备注"":""1.限男性报考；2.须以最高学历学位主修专业报考，考生报考专业须与招录专业名称一致；3.限应届高校毕业生报考；4.限内蒙古自治区乌兰察布市范围内户籍人员报考；5.本单位最低服务年限为5年（含试用期）；6.需经常下乡入户，条件较为艰苦。"",""部门网站"":""无"",""咨询电话1"":""04714938385"",""咨询电话2"":""04714963756"",""咨询电话3"":"""",""来源Sheet"":""中央国家行政机关参照公务员法管理事业单位""}}"
"government_jobs","国家公务员2024招考简章","公务员/事业单位技术岗位","内蒙古自治区乌兰察布市凉城县","2026-07-28T09:12:58.310295+00:00","凉城调查队一级科员","国家统计局内蒙古调查总队","","内蒙古自治区乌兰察布市凉城县","公务员/事业单位;2024;computer_software;data_ai;仅限本科;学士;统计学类、数学类、计算机类、会计学、财务管理;市（地）级及以下直属机构综合管理类","用人司局：国家统计局内蒙古调查总队
职位简介：从事一线入户调查、数据处理、统计分析、统计研究等工作
专业要求：统计学类、数学类、计算机类、会计学、财务管理
学历要求：仅限本科
学位要求：学士
政治面貌：不限
基层工作经历：无限制
考试类别：市（地）级及以下直属机构综合管理类
备注：1.须以最高学历学位主修专业报考，考生报考专业须与招录专业名称一致；2.限应届高校毕业生报考；3.限内蒙古自治区乌兰察布市范围内户籍人员报考；4.本单位最低服务年限为5年（含试用期）；5.需经常下乡入户，条件较为艰苦。","https://www.xuanhan.gov.cn/xxgk-show-77635.html#135105-400110105086","2023-10-15","{""dataset_year"":2024,""job_uid"":""GOV-2024-135105-400110105086"",""publisher"":""国家公务员局"",""publication_page"":""https://www.xuanhan.gov.cn/xxgk-show-77635.html"",""attachment_url"":""https://www.xuanhan.gov.cn/uploadfile/1/Attachment/638fdecf51.zip"",""local_source_file"":""中央机关及其直属机构2024年度考试录用公务员招考简章.xls"",""local_source_sha256"":""a1741b99dbecd6d03e533f99f2d69b0fa5a79733e551b80af69986ceed2ad996"",""source_sheet"":""中央国家行政机关参照公务员法管理事业单位"",""filter_version"":""government_tech_v2"",""tech_filter"":{""is_tech"":true,""is_core_tech"":true,""scope"":""core"",""categories"":[""computer_software"",""data_ai""],""matched_fields"":[""major"",""description""],""major_terms"":[""计算机类""],""role_terms"":[""数据处理""],""reason"":""tech_major_and_role""},""original"":{""部门代码"":""135105"",""部门名称"":""国家统计局内蒙古调查总队"",""用人司局"":""国家统计局内蒙古调查总队"",""机构性质"":""中央国家行政机关参照公务员法管理事业单位"",""招考职位"":""凉城调查队一级科员"",""职位属性"":""普通职位"",""职位分布"":""西部地区和艰苦边远地区职位"",""职位简介"":""从事一线入户调查、数据处理、统计分析、统计研究等工作"",""职位代码"":""400110105086"",""机构层级"":""县（区）级及以下"",""考试类别"":""市（地）级及以下直属机构综合管理类"",""招考人数"":""1"",""专业"":""统计学类、数学类、计算机类、会计学、财务管理"",""学历"":""仅限本科"",""学位"":""学士"",""政治面貌"":""不限"",""基层工作最低年限"":""无限制"",""服务基层项目工作经历"":""无限制"",""是否在面试阶段组织专业能力测试"":""否"",""面试人员比例"":""3:1"",""工作地点"":""内蒙古自治区乌兰察布市凉城县"",""落户地点"":""内蒙古自治区乌兰察布市凉城县"",""备注"":""1.须以最高学历学位主修专业报考，考生报考专业须与招录专业名称一致；2.限应届高校毕业生报考；3.限内蒙古自治区乌兰察布市范围内户籍人员报考；4.本单位最低服务年限为5年（含试用期）；5.需经常下乡入户，条件较为艰苦。"",""部门网站"":""无"",""咨询电话1"":""04714938385"",""咨询电话2"":""04714963756"",""咨询电话3"":"""",""来源Sheet"":""中央国家行政机关参照公务员法管理事业单位""}}"
"government_jobs","国家公务员2024招考简章","公务员/事业单位技术岗位","内蒙古自治区乌兰察布市察哈尔右翼中旗","2026-07-28T09:12:58.310295+00:00","察右中调查队一级科员","国家统计局内蒙古调查总队","","内蒙古自治区乌兰察布市察哈尔右翼中旗","公务员/事业单位;2024;computer_software;data_ai;仅限本科;学士;统计学类、数学类、计算机类、经济学类、会计学、审计学、财务管理、汉语言文学、汉语言、新闻学;市（地）级及以下直属机构综合管理类","用人司局：国家统计局内蒙古调查总队
职位简介：从事一线入户调查、数据处理、统计分析、统计研究等工作
专业要求：统计学类、数学类、计算机类、经济学类、会计学、审计学、财务管理、汉语言文学、汉语言、新闻学
学历要求：仅限本科
学位要求：学士
政治面貌：不限
基层工作经历：二年
考试类别：市（地）级及以下直属机构综合管理类
备注：1.考生报考专业须与招录专业名称一致；2.“大学生村官、‘三支一扶’计划、大学生志愿服务西部计划”服务期满且考核合格；3.本单位最低服务年限为5年（含试用期）；4.需经常下乡入户，条件较为艰苦。","https://www.xuanhan.gov.cn/xxgk-show-77635.html#135105-400110105087","2023-10-15","{""dataset_year"":2024,""job_uid"":""GOV-2024-135105-400110105087"",""publisher"":""国家公务员局"",""publication_page"":""https://www.xuanhan.gov.cn/xxgk-show-77635.html"",""attachment_url"":""https://www.xuanhan.gov.cn/uploadfile/1/Attachment/638fdecf51.zip"",""local_source_file"":""中央机关及其直属机构2024年度考试录用公务员招考简章.xls"",""local_source_sha256"":""a1741b99dbecd6d03e533f99f2d69b0fa5a79733e551b80af69986ceed2ad996"",""source_sheet"":""中央国家行政机关参照公务员法管理事业单位"",""filter_version"":""government_tech_v2"",""tech_filter"":{""is_tech"":true,""is_core_tech"":true,""scope"":""core"",""categories"":[""computer_software"",""data_ai""],""matched_fields"":[""major"",""description""],""major_terms"":[""计算机类""],""role_terms"":[""数据处理""],""reason"":""tech_major_and_role""},""original"":{""部门代码"":""135105"",""部门名称"":""国家统计局内蒙古调查总队"",""用人司局"":""国家统计局内蒙古调查总队"",""机构性质"":""中央国家行政机关参照公务员法管理事业单位"",""招考职位"":""察右中调查队一级科员"",""职位属性"":""普通职位"",""职位分布"":""西部地区和艰苦边远地区职位"",""职位简介"":""从事一线入户调查、数据处理、统计分析、统计研究等工作"",""职位代码"":""400110105087"",""机构层级"":""县（区）级及以下"",""考试类别"":""市（地）级及以下直属机构综合管理类"",""招考人数"":""1"",""专业"":""统计学类、数学类、计算机类、经济学类、会计学、审计学、财务管理、汉语言文学、汉语言、新闻学"",""学历"":""仅限本科"",""学位"":""学士"",""政治面貌"":""不限"",""基层工作最低年限"":""二年"",""服务基层项目工作经历"":""大学生村官、“三支一扶”计划、大学生志愿服务西部计划"",""是否在面试阶段组织专业能力测试"":""否"",""面试人员比例"":""3:1"",""工作地点"":""内蒙古自治区乌兰察布市察哈尔右翼中旗"",""落户地点"":""内蒙古自治区乌兰察布市察哈尔右翼中旗"",""备注"":""1.考生报考专业须与招录专业名称一致；2.“大学生村官、‘三支一扶’计划、大学生志愿服务西部计划”服务期满且考核合格；3.本单位最低服务年限为5年（含试用期）；4.需经常下乡入户，条件较为艰苦。"",""部门网站"":""无"",""咨询电话1"":""04714938385"",""咨询电话2"":""04714963756"",""咨询电话3"":"""",""来源Sheet"":""中央国家行政机关参照公务员法管理事业单位""}}"
"government_jobs","国家公务员2024招考简章","公务员/事业单位技术岗位","内蒙古自治区乌兰察布市四子王旗","2026-07-28T09:12:58.310295+00:00","四子王调查队一级科员（1）","国家统计局内蒙古调查总队","","内蒙古自治区乌兰察布市四子王旗","公务员/事业单位;2024;computer_software;data_ai;仅限本科;学士;统计学类、数学类、计算机类、会计学、财务管理、汉语言文学;市（地）级及以下直属机构综合管理类","用人司局：国家统计局内蒙古调查总队
职位简介：从事一线入户调查、数据处理、统计分析、统计研究等工作
专业要求：统计学类、数学类、计算机类、会计学、财务管理、汉语言文学
学历要求：仅限本科
学位要求：学士
政治面貌：不限
基层工作经历：无限制
考试类别：市（地）级及以下直属机构综合管理类
备注：1.限女性报考；2.须以最高学历学位主修专业报考，考生报考专业须与招录专业名称一致；3.限应届高校毕业生报考；4.限内蒙古自治区乌兰察布市范围内户籍人员报考；5.本单位最低服务年限为5年（含试用期）；6.需经常下乡入户，条件较为艰苦。","https://www.xuanhan.gov.cn/xxgk-show-77635.html#135105-400110105088","2023-10-15","{""dataset_year"":2024,""job_uid"":""GOV-2024-135105-400110105088"",""publisher"":""国家公务员局"",""publication_page"":""https://www.xuanhan.gov.cn/xxgk-show-77635.html"",""attachment_url"":""https://www.xuanhan.gov.cn/uploadfile/1/Attachment/638fdecf51.zip"",""local_source_file"":""中央机关及其直属机构2024年度考试录用公务员招考简章.xls"",""local_source_sha256"":""a1741b99dbecd6d03e533f99f2d69b0fa5a79733e551b80af69986ceed2ad996"",""source_sheet"":""中央国家行政机关参照公务员法管理事业单位"",""filter_version"":""government_tech_v2"",""tech_filter"":{""is_tech"":true,""is_core_tech"":true,""scope"":""core"",""categories"":[""computer_software"",""data_ai""],""matched_fields"":[""major"",""description""],""major_terms"":[""计算机类""],""role_terms"":[""数据处理""],""reason"":""tech_major_and_role""},""original"":{""部门代码"":""135105"",""部门名称"":""国家统计局内蒙古调查总队"",""用人司局"":""国家统计局内蒙古调查总队"",""机构性质"":""中央国家行政机关参照公务员法管理事业单位"",""招考职位"":""四子王调查队一级科员（1）"",""职位属性"":""普通职位"",""职位分布"":""西部地区和艰苦边远地区职位"",""职位简介"":""从事一线入户调查、数据处理、统计分析、统计研究等工作"",""职位代码"":""400110105088"",""机构层级"":""县（区）级及以下"",""考试类别"":""市（地）级及以下直属机构综合管理类"",""招考人数"":""1"",""专业"":""统计学类、数学类、计算机类、会计学、财务管理、汉语言文学"",""学历"":""仅限本科"",""学位"":""学士"",""政治面貌"":""不限"",""基层工作最低年限"":""无限制"",""服务基层项目工作经历"":""无限制"",""是否在面试阶段组织专业能力测试"":""否"",""面试人员比例"":""3:1"",""工作地点"":""内蒙古自治区乌兰察布市四子王旗"",""落户地点"":""内蒙古自治区乌兰察布市四子王旗"",""备注"":""1.限女性报考；2.须以最高学历学位主修专业报考，考生报考专业须与招录专业名称一致；3.限应届高校毕业生报考；4.限内蒙古自治区乌兰察布市范围内户籍人员报考；5.本单位最低服务年限为5年（含试用期）；6.需经常下乡入户，条件较为艰苦。"",""部门网站"":""无"",""咨询电话1"":""04714938385"",""咨询电话2"":""04714963756"",""咨询电话3"":"""",""来源Sheet"":""中央国家行政机关参照公务员法管理事业单位""}}"
"government_jobs","国家公务员2024招考简章","公务员/事业单位技术岗位","内蒙古自治区乌兰察布市四子王旗","2026-07-28T09:12:58.310295+00:00","四子王调查队一级科员（2）","国家统计局内蒙古调查总队","","内蒙古自治区乌兰察布市四子王旗","公务员/事业单位;2024;computer_software;data_ai;仅限本科;学士;统计学类、数学类、计算机类、会计学、财务管理、汉语言文学;市（地）级及以下直属机构综合管理类","用人司局：国家统计局内蒙古调查总队
职位简介：从事一线入户调查、数据处理、统计分析、统计研究等工作
专业要求：统计学类、数学类、计算机类、会计学、财务管理、汉语言文学
学历要求：仅限本科
学位要求：学士
政治面貌：不限
基层工作经历：无限制
考试类别：市（地）级及以下直属机构综合管理类
备注：1.限男性报考；2.须以最高学历学位主修专业报考，考生报考专业须与招录专业名称一致；3.限应届高校毕业生报考；4.限内蒙古自治区乌兰察布市范围内户籍人员报考；5.本单位最低服务年限为5年（含试用期）；6.需经常下乡入户，条件较为艰苦。","https://www.xuanhan.gov.cn/xxgk-show-77635.html#135105-400110105089","2023-10-15","{""dataset_year"":2024,""job_uid"":""GOV-2024-135105-400110105089"",""publisher"":""国家公务员局"",""publication_page"":""https://www.xuanhan.gov.cn/xxgk-show-77635.html"",""attachment_url"":""https://www.xuanhan.gov.cn/uploadfile/1/Attachment/638fdecf51.zip"",""local_source_file"":""中央机关及其直属机构2024年度考试录用公务员招考简章.xls"",""local_source_sha256"":""a1741b99dbecd6d03e533f99f2d69b0fa5a79733e551b80af69986ceed2ad996"",""source_sheet"":""中央国家行政机关参照公务员法管理事业单位"",""filter_version"":""government_tech_v2"",""tech_filter"":{""is_tech"":true,""is_core_tech"":true,""scope"":""core"",""categories"":[""computer_software"",""data_ai""],""matched_fields"":[""major"",""description""],""major_terms"":[""计算机类""],""role_terms"":[""数据处理""],""reason"":""tech_major_and_role""},""original"":{""部门代码"":""135105"",""部门名称"":""国家统计局内蒙古调查总队"",""用人司局"":""国家统计局内蒙古调查总队"",""机构性质"":""中央国家行政机关参照公务员法管理事业单位"",""招考职位"":""四子王调查队一级科员（2）"",""职位属性"":""普通职位"",""职位分布"":""西部地区和艰苦边远地区职位"",""职位简介"":""从事一线入户调查、数据处理、统计分析、统计研究等工作"",""职位代码"":""400110105089"",""机构层级"":""县（区）级及以下"",""考试类别"":""市（地）级及以下直属机构综合管理类"",""招考人数"":""1"",""专业"":""统计学类、数学类、计算机类、会计学、财务管理、汉语言文学"",""学历"":""仅限本科"",""学位"":""学士"",""政治面貌"":""不限"",""基层工作最低年限"":""无限制"",""服务基层项目工作经历"":""无限制"",""是否在面试阶段组织专业能力测试"":""否"",""面试人员比例"":""3:1"",""工作地点"":""内蒙古自治区乌兰察布市四子王旗"",""落户地点"":""内蒙古自治区乌兰察布市四子王旗"",""备注"":""1.限男性报考；2.须以最高学历学位主修专业报考，考生报考专业须与招录专业名称一致；3.限应届高校毕业生报考；4.限内蒙古自治区乌兰察布市范围内户籍人员报考；5.本单位最低服务年限为5年（含试用期）；6.需经常下乡入户，条件较为艰苦。"",""部门网站"":""无"",""咨询电话1"":""04714938385"",""咨询电话2"":""04714963756"",""咨询电话3"":"""",""来源Sheet"":""中央国家行政机关参照公务员法管理事业单位""}}"
"government_jobs","国家公务员2024招考简章","公务员/事业单位技术岗位","内蒙古自治区乌兰察布市丰镇市","2026-07-28T09:12:58.310295+00:00","丰镇调查队一级科员（1）","国家统计局内蒙古调查总队","","内蒙古自治区乌兰察布市丰镇市","公务员/事业单位;2024;computer_software;data_ai;仅限本科;学士;统计学类、数学类、计算机类、汉语言文学;市（地）级及以下直属机构综合管理类","用人司局：国家统计局内蒙古调查总队
职位简介：从事一线入户调查、数据处理、统计分析、统计研究等工作
专业要求：统计学类、数学类、计算机类、汉语言文学
学历要求：仅限本科
学位要求：学士
政治面貌：不限
基层工作经历：无限制
考试类别：市（地）级及以下直属机构综合管理类
备注：1.限女性报考；2.须以最高学历学位主修专业报考，考生报考专业须与招录专业名称一致；3.限应届高校毕业生报考；4.限内蒙古自治区乌兰察布市范围内户籍人员报考；5.本单位最低服务年限为5年（含试用期）；6.需经常下乡入户，条件较为艰苦。","https://www.xuanhan.gov.cn/xxgk-show-77635.html#135105-400110105090","2023-10-15","{""dataset_year"":2024,""job_uid"":""GOV-2024-135105-400110105090"",""publisher"":""国家公务员局"",""publication_page"":""https://www.xuanhan.gov.cn/xxgk-show-77635.html"",""attachment_url"":""https://www.xuanhan.gov.cn/uploadfile/1/Attachment/638fdecf51.zip"",""local_source_file"":""中央机关及其直属机构2024年度考试录用公务员招考简章.xls"",""local_source_sha256"":""a1741b99dbecd6d03e533f99f2d69b0fa5a79733e551b80af69986ceed2ad996"",""source_sheet"":""中央国家行政机关参照公务员法管理事业单位"",""filter_version"":""government_tech_v2"",""tech_filter"":{""is_tech"":true,""is_core_tech"":true,""scope"":""core"",""categories"":[""computer_software"",""data_ai""],""matched_fields"":[""major"",""description""],""major_terms"":[""计算机类""],""role_terms"":[""数据处理""],""reason"":""tech_major_and_role""},""original"":{""部门代码"":""135105"",""部门名称"":""国家统计局内蒙古调查总队"",""用人司局"":""国家统计局内蒙古调查总队"",""机构性质"":""中央国家行政机关参照公务员法管理事业单位"",""招考职位"":""丰镇调查队一级科员（1）"",""职位属性"":""普通职位"",""职位分布"":""西部地区和艰苦边远地区职位"",""职位简介"":""从事一线入户调查、数据处理、统计分析、统计研究等工作"",""职位代码"":""400110105090"",""机构层级"":""县（区）级及以下"",""考试类别"":""市（地）级及以下直属机构综合管理类"",""招考人数"":""1"",""专业"":""统计学类、数学类、计算机类、汉语言文学"",""学历"":""仅限本科"",""学位"":""学士"",""政治面貌"":""不限"",""基层工作最低年限"":""无限制"",""服务基层项目工作经历"":""无限制"",""是否在面试阶段组织专业能力测试"":""否"",""面试人员比例"":""3:1"",""工作地点"":""内蒙古自治区乌兰察布市丰镇市"",""落户地点"":""内蒙古自治区乌兰察布市丰镇市"",""备注"":""1.限女性报考；2.须以最高学历学位主修专业报考，考生报考专业须与招录专业名称一致；3.限应届高校毕业生报考；4.限内蒙古自治区乌兰察布市范围内户籍人员报考；5.本单位最低服务年限为5年（含试用期）；6.需经常下乡入户，条件较为艰苦。"",""部门网站"":""无"",""咨询电话1"":""04714938385"",""咨询电话2"":""04714963756"",""咨询电话3"":"""",""来源Sheet"":""中央国家行政机关参照公务员法管理事业单位""}}"
"government_jobs","国家公务员2024招考简章","公务员/事业单位技术岗位","内蒙古自治区乌兰察布市丰镇市","2026-07-28T09:12:58.310295+00:00","丰镇调查队一级科员（2）","国家统计局内蒙古调查总队","","内蒙古自治区乌兰察布市丰镇市","公务员/事业单位;2024;computer_software;data_ai;仅限本科;学士;统计学类、数学类、计算机类、汉语言文学;市（地）级及以下直属机构综合管理类","用人司局：国家统计局内蒙古调查总队
职位简介：从事一线入户调查、数据处理、统计分析、统计研究等工作
专业要求：统计学类、数学类、计算机类、汉语言文学
学历要求：仅限本科
学位要求：学士
政治面貌：不限
基层工作经历：无限制
考试类别：市（地）级及以下直属机构综合管理类
备注：1.限男性报考；2.须以最高学历学位主修专业报考，考生报考专业须与招录专业名称一致；3.限应届高校毕业生报考；4.限内蒙古自治区乌兰察布市范围内户籍人员报考；5.本单位最低服务年限为5年（含试用期）；6.需经常下乡入户，条件较为艰苦。","https://www.xuanhan.gov.cn/xxgk-show-77635.html#135105-400110105091","2023-10-15","{""dataset_year"":2024,""job_uid"":""GOV-2024-135105-400110105091"",""publisher"":""国家公务员局"",""publication_page"":""https://www.xuanhan.gov.cn/xxgk-show-77635.html"",""attachment_url"":""https://www.xuanhan.gov.cn/uploadfile/1/Attachment/638fdecf51.zip"",""local_source_file"":""中央机关及其直属机构2024年度考试录用公务员招考简章.xls"",""local_source_sha256"":""a1741b99dbecd6d03e533f99f2d69b0fa5a79733e551b80af69986ceed2ad996"",""source_sheet"":""中央国家行政机关参照公务员法管理事业单位"",""filter_version"":""government_tech_v2"",""tech_filter"":{""is_tech"":true,""is_core_tech"":true,""scope"":""core"",""categories"":[""computer_software"",""data_ai""],""matched_fields"":[""major"",""description""],""major_terms"":[""计算机类""],""role_terms"":[""数据处理""],""reason"":""tech_major_and_role""},""original"":{""部门代码"":""135105"",""部门名称"":""国家统计局内蒙古调查总队"",""用人司局"":""国家统计局内蒙古调查总队"",""机构性质"":""中央国家行政机关参照公务员法管理事业单位"",""招考职位"":""丰镇调查队一级科员（2）"",""职位属性"":""普通职位"",""职位分布"":""西部地区和艰苦边远地区职位"",""职位简介"":""从事一线入户调查、数据处理、统计分析、统计研究等工作"",""职位代码"":""400110105091"",""机构层级"":""县（区）级及以下"",""考试类别"":""市（地）级及以下直属机构综合管理类"",""招考人数"":""1"",""专业"":""统计学类、数学类、计算机类、汉语言文学"",""学历"":""仅限本科"",""学位"":""学士"",""政治面貌"":""不限"",""基层工作最低年限"":""无限制"",""服务基层项目工作经历"":""无限制"",""是否在面试阶段组织专业能力测试"":""否"",""面试人员比例"":""3:1"",""工作地点"":""内蒙古自治区乌兰察布市丰镇市"",""落户地点"":""内蒙古自治区乌兰察布市丰镇市"",""备注"":""1.限男性报考；2.须以最高学历学位主修专业报考，考生报考专业须与招录专业名称一致；3.限应届高校毕业生报考；4.限内蒙古自治区乌兰察布市范围内户籍人员报考；5.本单位最低服务年限为5年（含试用期）；6.需经常下乡入户，条件较为艰苦。"",""部门网站"":""无"",""咨询电话1"":""04714938385"",""咨询电话2"":""04714963756"",""咨询电话3"":"""",""来源Sheet"":""中央国家行政机关参照公务员法管理事业单位""}}"
"government_jobs","国家公务员2024招考简章","公务员/事业单位技术岗位","内蒙古自治区鄂尔多斯市鄂托克旗","2026-07-28T09:12:58.310295+00:00","鄂托克调查队一级科员","国家统计局内蒙古调查总队","","内蒙古自治区鄂尔多斯市鄂托克旗","公务员/事业单位;2024;computer_software;data_ai;仅限本科;学士;统计学类、数学类、计算机类、经济学、经济统计学、汉语言文学、会计学、财务管理;市（地）级及以下直属机构综合管理类","用人司局：国家统计局内蒙古调查总队
职位简介：从事一线入户调查、数据处理、统计分析、统计研究等工作
专业要求：统计学类、数学类、计算机类、经济学、经济统计学、汉语言文学、会计学、财务管理
学历要求：仅限本科
学位要求：学士
政治面貌：中共党员
基层工作经历：无限制
考试类别：市（地）级及以下直属机构综合管理类
备注：1.限中共党员报考；2.须以最高学历学位主修专业报考，考生报考专业须与招录专业名称一致；3.限应届高校毕业生报考；4.限内蒙古自治区鄂尔多斯市范围内户籍人员报考；5.本单位最低服务年限为5年（含试用期）；6.需经常下乡入户，条件较为艰苦。","https://www.xuanhan.gov.cn/xxgk-show-77635.html#135105-400110105092","2023-10-15","{""dataset_year"":2024,""job_uid"":""GOV-2024-135105-400110105092"",""publisher"":""国家公务员局"",""publication_page"":""https://www.xuanhan.gov.cn/xxgk-show-77635.html"",""attachment_url"":""https://www.xuanhan.gov.cn/uploadfile/1/Attachment/638fdecf51.zip"",""local_source_file"":""中央机关及其直属机构2024年度考试录用公务员招考简章.xls"",""local_source_sha256"":""a1741b99dbecd6d03e533f99f2d69b0fa5a79733e551b80af69986ceed2ad996"",""source_sheet"":""中央国家行政机关参照公务员法管理事业单位"",""filter_version"":""government_tech_v2"",""tech_filter"":{""is_tech"":true,""is_core_tech"":true,""scope"":""core"",""categories"":[""computer_software"",""data_ai""],""matched_fields"":[""major"",""description""],""major_terms"":[""计算机类""],""role_terms"":[""数据处理""],""reason"":""tech_major_and_role""},""original"":{""部门代码"":""135105"",""部门名称"":""国家统计局内蒙古调查总队"",""用人司局"":""国家统计局内蒙古调查总队"",""机构性质"":""中央国家行政机关参照公务员法管理事业单位"",""招考职位"":""鄂托克调查队一级科员"",""职位属性"":""普通职位"",""职位分布"":""西部地区和艰苦边远地区职位"",""职位简介"":""从事一线入户调查、数据处理、统计分析、统计研究等工作"",""职位代码"":""400110105092"",""机构层级"":""县（区）级及以下"",""考试类别"":""市（地）级及以下直属机构综合管理类"",""招考人数"":""1"",""专业"":""统计学类、数学类、计算机类、经济学、经济统计学、汉语言文学、会计学、财务管理"",""学历"":""仅限本科"",""学位"":""学士"",""政治面貌"":""中共党员"",""基层工作最低年限"":""无限制"",""服务基层项目工作经历"":""无限制"",""是否在面试阶段组织专业能力测试"":""否"",""面试人员比例"":""3:1"",""工作地点"":""内蒙古自治区鄂尔多斯市鄂托克旗"",""落户地点"":""内蒙古自治区鄂尔多斯市鄂托克旗"",""备注"":""1.限中共党员报考；2.须以最高学历学位主修专业报考，考生报考专业须与招录专业名称一致；3.限应届高校毕业生报考；4.限内蒙古自治区鄂尔多斯市范围内户籍人员报考；5.本单位最低服务年限为5年（含试用期）；6.需经常下乡入户，条件较为艰苦。"",""部门网站"":""无"",""咨询电话1"":""04714938385"",""咨询电话2"":""04714963756"",""咨询电话3"":"""",""来源Sheet"":""中央国家行政机关参照公务员法管理事业单位""}}"
"government_jobs","国家公务员2024招考简章","公务员/事业单位技术岗位","内蒙古自治区鄂尔多斯市达拉特旗","2026-07-28T09:12:58.310295+00:00","达拉特调查队一级科员","国家统计局内蒙古调查总队","","内蒙古自治区鄂尔多斯市达拉特旗","公务员/事业单位;2024;computer_software;data_ai;仅限本科;学士;统计学类、数学类、计算机类、经济学、经济统计学、汉语言文学、会计学、财务管理;市（地）级及以下直属机构综合管理类","用人司局：国家统计局内蒙古调查总队
职位简介：从事一线入户调查、数据处理、统计分析、统计研究等工作
专业要求：统计学类、数学类、计算机类、经济学、经济统计学、汉语言文学、会计学、财务管理
学历要求：仅限本科
学位要求：学士
政治面貌：不限
基层工作经历：无限制
考试类别：市（地）级及以下直属机构综合管理类
备注：1.须以最高学历学位主修专业报考，考生报考专业须与招录专业名称一致；2.限应届高校毕业生报考；3.限内蒙古自治区鄂尔多斯市范围内户籍人员报考；4.本单位最低服务年限为5年（含试用期）；5.需经常下乡入户，条件较为艰苦。","https://www.xuanhan.gov.cn/xxgk-show-77635.html#135105-400110105093","2023-10-15","{""dataset_year"":2024,""job_uid"":""GOV-2024-135105-400110105093"",""publisher"":""国家公务员局"",""publication_page"":""https://www.xuanhan.gov.cn/xxgk-show-77635.html"",""attachment_url"":""https://www.xuanhan.gov.cn/uploadfile/1/Attachment/638fdecf51.zip"",""local_source_file"":""中央机关及其直属机构2024年度考试录用公务员招考简章.xls"",""local_source_sha256"":""a1741b99dbecd6d03e533f99f2d69b0fa5a79733e551b80af69986ceed2ad996"",""source_sheet"":""中央国家行政机关参照公务员法管理事业单位"",""filter_version"":""government_tech_v2"",""tech_filter"":{""is_tech"":true,""is_core_tech"":true,""scope"":""core"",""categories"":[""computer_software"",""data_ai""],""matched_fields"":[""major"",""description""],""major_terms"":[""计算机类""],""role_terms"":[""数据处理""],""reason"":""tech_major_and_role""},""original"":{""部门代码"":""135105"",""部门名称"":""国家统计局内蒙古调查总队"",""用人司局"":""国家统计局内蒙古调查总队"",""机构性质"":""中央国家行政机关参照公务员法管理事业单位"",""招考职位"":""达拉特调查队一级科员"",""职位属性"":""普通职位"",""职位分布"":""西部地区和艰苦边远地区职位"",""职位简介"":""从事一线入户调查、数据处理、统计分析、统计研究等工作"",""职位代码"":""400110105093"",""机构层级"":""县（区）级及以下"",""考试类别"":""市（地）级及以下直属机构综合管理类"",""招考人数"":""1"",""专业"":""统计学类、数学类、计算机类、经济学、经济统计学、汉语言文学、会计学、财务管理"",""学历"":""仅限本科"",""学位"":""学士"",""政治面貌"":""不限"",""基层工作最低年限"":""无限制"",""服务基层项目工作经历"":""无限制"",""是否在面试阶段组织专业能力测试"":""否"",""面试人员比例"":""3:1"",""工作地点"":""内蒙古自治区鄂尔多斯市达拉特旗"",""落户地点"":""内蒙古自治区鄂尔多斯市达拉特旗"",""备注"":""1.须以最高学历学位主修专业报考，考生报考专业须与招录专业名称一致；2.限应届高校毕业生报考；3.限内蒙古自治区鄂尔多斯市范围内户籍人员报考；4.本单位最低服务年限为5年（含试用期）；5.需经常下乡入户，条件较为艰苦。"",""部门网站"":""无"",""咨询电话1"":""04714938385"",""咨询电话2"":""04714963756"",""咨询电话3"":"""",""来源Sheet"":""中央国家行政机关参照公务员法管理事业单位""}}"
"government_jobs","国家公务员2024招考简章","公务员/事业单位技术岗位","内蒙古自治区阿拉善盟阿拉善左旗","2026-07-28T09:12:58.310295+00:00","阿拉善左调查队一级科员","国家统计局内蒙古调查总队","","内蒙古自治区阿拉善盟阿拉善左旗","公务员/事业单位;2024;computer_software;data_ai;仅限本科;学士;统计学类、数学类、计算机类;市（地）级及以下直属机构综合管理类","用人司局：国家统计局内蒙古调查总队
职位简介：从事一线入户调查、数据处理、统计分析、统计研究等工作
专业要求：统计学类、数学类、计算机类
学历要求：仅限本科
学位要求：学士
政治面貌：不限
基层工作经历：无限制
考试类别：市（地）级及以下直属机构综合管理类
备注：1.须以最高学历学位主修专业报考，考生报考专业须与招录专业名称一致；2.限应届高校毕业生报考；3.限内蒙古自治区阿拉善盟范围内户籍人员报考；4.本单位最低服务年限为5年（含试用期）；5.需经常下乡入户，条件较为艰苦。","https://www.xuanhan.gov.cn/xxgk-show-77635.html#135105-400110105094","2023-10-15","{""dataset_year"":2024,""job_uid"":""GOV-2024-135105-400110105094"",""publisher"":""国家公务员局"",""publication_page"":""https://www.xuanhan.gov.cn/xxgk-show-77635.html"",""attachment_url"":""https://www.xuanhan.gov.cn/uploadfile/1/Attachment/638fdecf51.zip"",""local_source_file"":""中央机关及其直属机构2024年度考试录用公务员招考简章.xls"",""local_source_sha256"":""a1741b99dbecd6d03e533f99f2d69b0fa5a79733e551b80af69986ceed2ad996"",""source_sheet"":""中央国家行政机关参照公务员法管理事业单位"",""filter_version"":""government_tech_v2"",""tech_filter"":{""is_tech"":true,""is_core_tech"":true,""scope"":""core"",""categories"":[""computer_software"",""data_ai""],""matched_fields"":[""major"",""description""],""major_terms"":[""计算机类""],""role_terms"":[""数据处理""],""reason"":""tech_major_and_role""},""original"":{""部门代码"":""135105"",""部门名称"":""国家统计局内蒙古调查总队"",""用人司局"":""国家统计局内蒙古调查总队"",""机构性质"":""中央国家行政机关参照公务员法管理事业单位"",""招考职位"":""阿拉善左调查队一级科员"",""职位属性"":""普通职位"",""职位分布"":""西部地区和艰苦边远地区职位"",""职位简介"":""从事一线入户调查、数据处理、统计分析、统计研究等工作"",""职位代码"":""400110105094"",""机构层级"":""县（区）级及以下"",""考试类别"":""市（地）级及以下直属机构综合管理类"",""招考人数"":""1"",""专业"":""统计学类、数学类、计算机类"",""学历"":""仅限本科"",""学位"":""学士"",""政治面貌"":""不限"",""基层工作最低年限"":""无限制"",""服务基层项目工作经历"":""无限制"",""是否在面试阶段组织专业能力测试"":""否"",""面试人员比例"":""3:1"",""工作地点"":""内蒙古自治区阿拉善盟阿拉善左旗"",""落户地点"":""内蒙古自治区阿拉善盟阿拉善左旗"",""备注"":""1.须以最高学历学位主修专业报考，考生报考专业须与招录专业名称一致；2.限应届高校毕业生报考；3.限内蒙古自治区阿拉善盟范围内户籍人员报考；4.本单位最低服务年限为5年（含试用期）；5.需经常下乡入户，条件较为艰苦。"",""部门网站"":""无"",""咨询电话1"":""04714938385"",""咨询电话2"":""04714963756"",""咨询电话3"":"""",""来源Sheet"":""中央国家行政机关参照公务员法管理事业单位""}}"
"government_jobs","国家公务员2024招考简章","公务员/事业单位技术岗位","辽宁省沈阳市皇姑区","2026-07-28T09:12:58.310295+00:00","辽宁调查总队业务处室二级主任科员及以下（1）","国家统计局辽宁调查总队","","辽宁省沈阳市皇姑区","公务员/事业单位;2024;computer_software;cybersecurity_cryptography;data_ai;仅限硕士研究生;硕士;计算机科学与技术类;中央机关及其省级直属机构综合管理类","用人司局：国家统计局辽宁调查总队
职位简介：从事信息化建设、网络安全保障、统计调查、数据处理等工作。
专业要求：计算机科学与技术类
学历要求：仅限硕士研究生
学位要求：硕士
政治面貌：不限
基层工作经历：无限制
考试类别：中央机关及其省级直属机构综合管理类
备注：本单位最低服务年限为5年（含试用期）。","https://www.xuanhan.gov.cn/xxgk-show-77635.html#135106-400110106001","2023-10-15","{""dataset_year"":2024,""job_uid"":""GOV-2024-135106-400110106001"",""publisher"":""国家公务员局"",""publication_page"":""https://www.xuanhan.gov.cn/xxgk-show-77635.html"",""attachment_url"":""https://www.xuanhan.gov.cn/uploadfile/1/Attachment/638fdecf51.zip"",""local_source_file"":""中央机关及其直属机构2024年度考试录用公务员招考简章.xls"",""local_source_sha256"":""a1741b99dbecd6d03e533f99f2d69b0fa5a79733e551b80af69986ceed2ad996"",""source_sheet"":""中央国家行政机关参照公务员法管理事业单位"",""filter_version"":""government_tech_v2"",""tech_filter"":{""is_tech"":true,""is_core_tech"":true,""scope"":""core"",""categories"":[""computer_software"",""cybersecurity_cryptography"",""data_ai""],""matched_fields"":[""major"",""description""],""major_terms"":[""计算机科学与技术""],""role_terms"":[""信息化"",""数据处理"",""网络安全""],""reason"":""tech_major_and_role""},""original"":{""部门代码"":""135106"",""部门名称"":""国家统计局辽宁调查总队"",""用人司局"":""国家统计局辽宁调查总队"",""机构性质"":""中央国家行政机关参照公务员法管理事业单位"",""招考职位"":""辽宁调查总队业务处室二级主任科员及以下（1）"",""职位属性"":""普通职位"",""职位分布"":""其他职位"",""职位简介"":""从事信息化建设、网络安全保障、统计调查、数据处理等工作。"",""职位代码"":""400110106001"",""机构层级"":""省（副省）级"",""考试类别"":""中央机关及其省级直属机构综合管理类"",""招考人数"":""2"",""专业"":""计算机科学与技术类"",""学历"":""仅限硕士研究生"",""学位"":""硕士"",""政治面貌"":""不限"",""基层工作最低年限"":""无限制"",""服务基层项目工作经历"":""无限制"",""是否在面试阶段组织专业能力测试"":""否"",""面试人员比例"":""5:1"",""工作地点"":""辽宁省沈阳市皇姑区"",""落户地点"":""辽宁省沈阳市"",""备注"":""本单位最低服务年限为5年（含试用期）。"",""部门网站"":""无"",""咨询电话1"":""024-86906498"",""咨询电话2"":""024-86906738"",""咨询电话3"":"""",""来源Sheet"":""中央国家行政机关参照公务员法管理事业单位""}}"
"government_jobs","国家公务员2024招考简章","公务员/事业单位技术岗位","辽宁省鞍山市铁西区","2026-07-28T09:12:58.310295+00:00","鞍山调查队农业农村调查科四级主任科员及以下","国家统计局辽宁调查总队","","辽宁省鞍山市铁西区","公务员/事业单位;2024;computer_software;data_ai;本科或硕士研究生;与最高学历相对应的学位;会计学、财务管理、统计学、应用统计学、数学与应用数学、计算机科学与技术;市（地）级及以下直属机构综合管理类","用人司局：国家统计局辽宁调查总队
职位简介：从事一线统计调查、数据处理、统计分析、统计研究等工作。
专业要求：会计学、财务管理、统计学、应用统计学、数学与应用数学、计算机科学与技术
学历要求：本科或硕士研究生
学位要求：与最高学历相对应的学位
政治面貌：中共党员
基层工作经历：无限制
考试类别：市（地）级及以下直属机构综合管理类
备注：1.招考对象为2024届高校毕业生。2.本单位最低服务年限为5年（含试用期）。","https://www.xuanhan.gov.cn/xxgk-show-77635.html#135106-400110106007","2023-10-15","{""dataset_year"":2024,""job_uid"":""GOV-2024-135106-400110106007"",""publisher"":""国家公务员局"",""publication_page"":""https://www.xuanhan.gov.cn/xxgk-show-77635.html"",""attachment_url"":""https://www.xuanhan.gov.cn/uploadfile/1/Attachment/638fdecf51.zip"",""local_source_file"":""中央机关及其直属机构2024年度考试录用公务员招考简章.xls"",""local_source_sha256"":""a1741b99dbecd6d03e533f99f2d69b0fa5a79733e551b80af69986ceed2ad996"",""source_sheet"":""中央国家行政机关参照公务员法管理事业单位"",""filter_version"":""government_tech_v2"",""tech_filter"":{""is_tech"":true,""is_core_tech"":true,""scope"":""core"",""categories"":[""computer_software"",""data_ai""],""matched_fields"":[""major"",""description""],""major_terms"":[""计算机科学与技术""],""role_terms"":[""数据处理""],""reason"":""tech_major_and_role""},""original"":{""部门代码"":""135106"",""部门名称"":""国家统计局辽宁调查总队"",""用人司局"":""国家统计局辽宁调查总队"",""机构性质"":""中央国家行政机关参照公务员法管理事业单位"",""招考职位"":""鞍山调查队农业农村调查科四级主任科员及以下"",""职位属性"":""普通职位"",""职位分布"":""其他职位"",""职位简介"":""从事一线统计调查、数据处理、统计分析、统计研究等工作。"",""职位代码"":""400110106007"",""机构层级"":""市（地）级"",""考试类别"":""市（地）级及以下直属机构综合管理类"",""招考人数"":""1"",""专业"":""会计学、财务管理、统计学、应用统计学、数学与应用数学、计算机科学与技术"",""学历"":""本科或硕士研究生"",""学位"":""与最高学历相对应的学位"",""政治面貌"":""中共党员"",""基层工作最低年限"":""无限制"",""服务基层项目工作经历"":""无限制"",""是否在面试阶段组织专业能力测试"":""否"",""面试人员比例"":""3:1"",""工作地点"":""辽宁省鞍山市铁西区"",""落户地点"":""辽宁省鞍山市"",""备注"":""1.招考对象为2024届高校毕业生。2.本单位最低服务年限为5年（含试用期）。"",""部门网站"":""无"",""咨询电话1"":""024-86906498"",""咨询电话2"":""024-86906738"",""咨询电话3"":"""",""来源Sheet"":""中央国家行政机关参照公务员法管理事业单位""}}"
"government_jobs","国家公务员2024招考简章","公务员/事业单位技术岗位","辽宁省抚顺市顺城区","2026-07-28T09:12:58.310295+00:00","抚顺调查队业务科室一级科员（2）","国家统计局辽宁调查总队","","辽宁省抚顺市顺城区","公务员/事业单位;2024;computer_software;data_ai;仅限本科;学士;计算机类;市（地）级及以下直属机构综合管理类","用人司局：国家统计局辽宁调查总队
职位简介：从事一线统计调查、数据处理、统计分析、统计研究等工作。
专业要求：计算机类
学历要求：仅限本科
学位要求：学士
政治面貌：不限
基层工作经历：无限制
考试类别：市（地）级及以下直属机构综合管理类
备注：1.招考对象为应届高校毕业生。2.本单位最低服务年限为5年（含试用期）。","https://www.xuanhan.gov.cn/xxgk-show-77635.html#135106-400110106009","2023-10-15","{""dataset_year"":2024,""job_uid"":""GOV-2024-135106-400110106009"",""publisher"":""国家公务员局"",""publication_page"":""https://www.xuanhan.gov.cn/xxgk-show-77635.html"",""attachment_url"":""https://www.xuanhan.gov.cn/uploadfile/1/Attachment/638fdecf51.zip"",""local_source_file"":""中央机关及其直属机构2024年度考试录用公务员招考简章.xls"",""local_source_sha256"":""a1741b99dbecd6d03e533f99f2d69b0fa5a79733e551b80af69986ceed2ad996"",""source_sheet"":""中央国家行政机关参照公务员法管理事业单位"",""filter_version"":""government_tech_v2"",""tech_filter"":{""is_tech"":true,""is_core_tech"":true,""scope"":""core"",""categories"":[""computer_software"",""data_ai""],""matched_fields"":[""major"",""description""],""major_terms"":[""计算机类""],""role_terms"":[""数据处理""],""reason"":""tech_major_and_role""},""original"":{""部门代码"":""135106"",""部门名称"":""国家统计局辽宁调查总队"",""用人司局"":""国家统计局辽宁调查总队"",""机构性质"":""中央国家行政机关参照公务员法管理事业单位"",""招考职位"":""抚顺调查队业务科室一级科员（2）"",""职位属性"":""普通职位"",""职位分布"":""其他职位"",""职位简介"":""从事一线统计调查、数据处理、统计分析、统计研究等工作。"",""职位代码"":""400110106009"",""机构层级"":""市（地）级"",""考试类别"":""市（地）级及以下直属机构综合管理类"",""招考人数"":""1"",""专业"":""计算机类"",""学历"":""仅限本科"",""学位"":""学士"",""政治面貌"":""不限"",""基层工作最低年限"":""无限制"",""服务基层项目工作经历"":""无限制"",""是否在面试阶段组织专业能力测试"":""否"",""面试人员比例"":""3:1"",""工作地点"":""辽宁省抚顺市顺城区"",""落户地点"":""辽宁省抚顺市"",""备注"":""1.招考对象为应届高校毕业生。2.本单位最低服务年限为5年（含试用期）。"",""部门网站"":""无"",""咨询电话1"":""024-86906498"",""咨询电话2"":""024-86906738"",""咨询电话3"":"""",""来源Sheet"":""中央国家行政机关参照公务员法管理事业单位""}}"
"government_jobs","国家公务员2024招考简章","公务员/事业单位技术岗位","辽宁省丹东市振兴区","2026-07-28T09:12:58.310295+00:00","丹东调查队业务科室一级科员","国家统计局辽宁调查总队","","辽宁省丹东市振兴区","公务员/事业单位;2024;computer_software;data_ai;仅限本科;学士;统计学类、数学类、计算机类;市（地）级及以下直属机构综合管理类","用人司局：国家统计局辽宁调查总队
职位简介：从事一线统计调查、数据处理、统计分析、统计研究等工作。
专业要求：统计学类、数学类、计算机类
学历要求：仅限本科
学位要求：学士
政治面貌：不限
基层工作经历：无限制
考试类别：市（地）级及以下直属机构综合管理类
备注：1.招考对象为应届高校毕业生。2.本单位最低服务年限为5年（含试用期）。","https://www.xuanhan.gov.cn/xxgk-show-77635.html#135106-400110106012","2023-10-15","{""dataset_year"":2024,""job_uid"":""GOV-2024-135106-400110106012"",""publisher"":""国家公务员局"",""publication_page"":""https://www.xuanhan.gov.cn/xxgk-show-77635.html"",""attachment_url"":""https://www.xuanhan.gov.cn/uploadfile/1/Attachment/638fdecf51.zip"",""local_source_file"":""中央机关及其直属机构2024年度考试录用公务员招考简章.xls"",""local_source_sha256"":""a1741b99dbecd6d03e533f99f2d69b0fa5a79733e551b80af69986ceed2ad996"",""source_sheet"":""中央国家行政机关参照公务员法管理事业单位"",""filter_version"":""government_tech_v2"",""tech_filter"":{""is_tech"":true,""is_core_tech"":true,""scope"":""core"",""categories"":[""computer_software"",""data_ai""],""matched_fields"":[""major"",""description""],""major_terms"":[""计算机类""],""role_terms"":[""数据处理""],""reason"":""tech_major_and_role""},""original"":{""部门代码"":""135106"",""部门名称"":""国家统计局辽宁调查总队"",""用人司局"":""国家统计局辽宁调查总队"",""机构性质"":""中央国家行政机关参照公务员法管理事业单位"",""招考职位"":""丹东调查队业务科室一级科员"",""职位属性"":""普通职位"",""职位分布"":""其他职位"",""职位简介"":""从事一线统计调查、数据处理、统计分析、统计研究等工作。"",""职位代码"":""400110106012"",""机构层级"":""市（地）级"",""考试类别"":""市（地）级及以下直属机构综合管理类"",""招考人数"":""1"",""专业"":""统计学类、数学类、计算机类"",""学历"":""仅限本科"",""学位"":""学士"",""政治面貌"":""不限"",""基层工作最低年限"":""无限制"",""服务基层项目工作经历"":""无限制"",""是否在面试阶段组织专业能力测试"":""否"",""面试人员比例"":""3:1"",""工作地点"":""辽宁省丹东市振兴区"",""落户地点"":""辽宁省丹东市"",""备注"":""1.招考对象为应届高校毕业生。2.本单位最低服务年限为5年（含试用期）。"",""部门网站"":""无"",""咨询电话1"":""024-86906498"",""咨询电话2"":""024-86906738"",""咨询电话3"":"""",""来源Sheet"":""中央国家行政机关参照公务员法管理事业单位""}}"
"government_jobs","国家公务员2024招考简章","公务员/事业单位技术岗位","辽宁省丹东市振兴区","2026-07-28T09:12:58.310295+00:00","丹东调查队业务科室四级主任科员及以下","国家统计局辽宁调查总队","","辽宁省丹东市振兴区","公务员/事业单位;2024;computer_software;data_ai;仅限本科;学士;统计学类、数学类、计算机类;市（地）级及以下直属机构综合管理类","用人司局：国家统计局辽宁调查总队
职位简介：从事一线统计调查、数据处理、统计分析、统计研究等工作。
专业要求：统计学类、数学类、计算机类
学历要求：仅限本科
学位要求：学士
政治面貌：不限
基层工作经历：无限制
考试类别：市（地）级及以下直属机构综合管理类
备注：本单位最低服务年限为5年（含试用期）；服务期满且考核合格。","https://www.xuanhan.gov.cn/xxgk-show-77635.html#135106-400110106013","2023-10-15","{""dataset_year"":2024,""job_uid"":""GOV-2024-135106-400110106013"",""publisher"":""国家公务员局"",""publication_page"":""https://www.xuanhan.gov.cn/xxgk-show-77635.html"",""attachment_url"":""https://www.xuanhan.gov.cn/uploadfile/1/Attachment/638fdecf51.zip"",""local_source_file"":""中央机关及其直属机构2024年度考试录用公务员招考简章.xls"",""local_source_sha256"":""a1741b99dbecd6d03e533f99f2d69b0fa5a79733e551b80af69986ceed2ad996"",""source_sheet"":""中央国家行政机关参照公务员法管理事业单位"",""filter_version"":""government_tech_v2"",""tech_filter"":{""is_tech"":true,""is_core_tech"":true,""scope"":""core"",""categories"":[""computer_software"",""data_ai""],""matched_fields"":[""major"",""description""],""major_terms"":[""计算机类""],""role_terms"":[""数据处理""],""reason"":""tech_major_and_role""},""original"":{""部门代码"":""135106"",""部门名称"":""国家统计局辽宁调查总队"",""用人司局"":""国家统计局辽宁调查总队"",""机构性质"":""中央国家行政机关参照公务员法管理事业单位"",""招考职位"":""丹东调查队业务科室四级主任科员及以下"",""职位属性"":""普通职位"",""职位分布"":""其他职位"",""职位简介"":""从事一线统计调查、数据处理、统计分析、统计研究等工作。"",""职位代码"":""400110106013"",""机构层级"":""市（地）级"",""考试类别"":""市（地）级及以下直属机构综合管理类"",""招考人数"":""1"",""专业"":""统计学类、数学类、计算机类"",""学历"":""仅限本科"",""学位"":""学士"",""政治面貌"":""不限"",""基层工作最低年限"":""无限制"",""服务基层项目工作经历"":""大学生村官、“三支一扶”计划"",""是否在面试阶段组织专业能力测试"":""否"",""面试人员比例"":""3:1"",""工作地点"":""辽宁省丹东市振兴区"",""落户地点"":""辽宁省丹东市"",""备注"":""本单位最低服务年限为5年（含试用期）；服务期满且考核合格。"",""部门网站"":""无"",""咨询电话1"":""024-86906498"",""咨询电话2"":""024-86906738"",""咨询电话3"":"""",""来源Sheet"":""中央国家行政机关参照公务员法管理事业单位""}}"
"government_jobs","国家公务员2024招考简章","公务员/事业单位技术岗位","辽宁省铁岭市铁岭县","2026-07-28T09:12:58.310295+00:00","铁岭调查队业务科室二级主任科员及以下","国家统计局辽宁调查总队","","辽宁省铁岭市铁岭县","公务员/事业单位;2024;computer_software;data_ai;本科及以上;与最高学历相对应的学位;数学类、计算机类;市（地）级及以下直属机构综合管理类","用人司局：国家统计局辽宁调查总队
职位简介：深入一线开展农业调查、畜禽监测调查、数据处理、数据分析等工作。
专业要求：数学类、计算机类
学历要求：本科及以上
学位要求：与最高学历相对应的学位
政治面貌：不限
基层工作经历：无限制
考试类别：市（地）级及以下直属机构综合管理类
备注：本单位最低服务年限为5年（含试用期）；服务期满且考核合格。","https://www.xuanhan.gov.cn/xxgk-show-77635.html#135106-400110106017","2023-10-15","{""dataset_year"":2024,""job_uid"":""GOV-2024-135106-400110106017"",""publisher"":""国家公务员局"",""publication_page"":""https://www.xuanhan.gov.cn/xxgk-show-77635.html"",""attachment_url"":""https://www.xuanhan.gov.cn/uploadfile/1/Attachment/638fdecf51.zip"",""local_source_file"":""中央机关及其直属机构2024年度考试录用公务员招考简章.xls"",""local_source_sha256"":""a1741b99dbecd6d03e533f99f2d69b0fa5a79733e551b80af69986ceed2ad996"",""source_sheet"":""中央国家行政机关参照公务员法管理事业单位"",""filter_version"":""government_tech_v2"",""tech_filter"":{""is_tech"":true,""is_core_tech"":true,""scope"":""core"",""categories"":[""computer_software"",""data_ai""],""matched_fields"":[""major"",""description""],""major_terms"":[""计算机类""],""role_terms"":[""数据分析"",""数据处理""],""reason"":""tech_major_and_role""},""original"":{""部门代码"":""135106"",""部门名称"":""国家统计局辽宁调查总队"",""用人司局"":""国家统计局辽宁调查总队"",""机构性质"":""中央国家行政机关参照公务员法管理事业单位"",""招考职位"":""铁岭调查队业务科室二级主任科员及以下"",""职位属性"":""普通职位"",""职位分布"":""其他职位"",""职位简介"":""深入一线开展农业调查、畜禽监测调查、数据处理、数据分析等工作。"",""职位代码"":""400110106017"",""机构层级"":""市（地）级"",""考试类别"":""市（地）级及以下直属机构综合管理类"",""招考人数"":""1"",""专业"":""数学类、计算机类"",""学历"":""本科及以上"",""学位"":""与最高学历相对应的学位"",""政治面貌"":""不限"",""基层工作最低年限"":""无限制"",""服务基层项目工作经历"":""大学生村官、“三支一扶”计划"",""是否在面试阶段组织专业能力测试"":""否"",""面试人员比例"":""3:1"",""工作地点"":""辽宁省铁岭市铁岭县"",""落户地点"":""辽宁省铁岭市"",""备注"":""本单位最低服务年限为5年（含试用期）；服务期满且考核合格。"",""部门网站"":""无"",""咨询电话1"":""024-86906498"",""咨询电话2"":""024-86906738"",""咨询电话3"":"""",""来源Sheet"":""中央国家行政机关参照公务员法管理事业单位""}}"
"government_jobs","国家公务员2024招考简章","公务员/事业单位技术岗位","辽宁省朝阳市双塔区","2026-07-28T09:12:58.310295+00:00","朝阳调查队综合科二级主任科员及以下","国家统计局辽宁调查总队","","辽宁省朝阳市双塔区","公务员/事业单位;2024;computer_software;data_ai;本科及以上;与最高学历相对应的学位;统计学类、数学类、计算机类;市（地）级及以下直属机构综合管理类","用人司局：国家统计局辽宁调查总队
职位简介：从事一线统计调查、数据处理、统计分析、统计研究等工作。
专业要求：统计学类、数学类、计算机类
学历要求：本科及以上
学位要求：与最高学历相对应的学位
政治面貌：不限
基层工作经历：无限制
考试类别：市（地）级及以下直属机构综合管理类
备注：本单位最低服务年限为5年（含试用期）；服务期满且考核合格。","https://www.xuanhan.gov.cn/xxgk-show-77635.html#135106-400110106019","2023-10-15","{""dataset_year"":2024,""job_uid"":""GOV-2024-135106-400110106019"",""publisher"":""国家公务员局"",""publication_page"":""https://www.xuanhan.gov.cn/xxgk-show-77635.html"",""attachment_url"":""https://www.xuanhan.gov.cn/uploadfile/1/Attachment/638fdecf51.zip"",""local_source_file"":""中央机关及其直属机构2024年度考试录用公务员招考简章.xls"",""local_source_sha256"":""a1741b99dbecd6d03e533f99f2d69b0fa5a79733e551b80af69986ceed2ad996"",""source_sheet"":""中央国家行政机关参照公务员法管理事业单位"",""filter_version"":""government_tech_v2"",""tech_filter"":{""is_tech"":true,""is_core_tech"":true,""scope"":""core"",""categories"":[""computer_software"",""data_ai""],""matched_fields"":[""major"",""description""],""major_terms"":[""计算机类""],""role_terms"":[""数据处理""],""reason"":""tech_major_and_role""},""original"":{""部门代码"":""135106"",""部门名称"":""国家统计局辽宁调查总队"",""用人司局"":""国家统计局辽宁调查总队"",""机构性质"":""中央国家行政机关参照公务员法管理事业单位"",""招考职位"":""朝阳调查队综合科二级主任科员及以下"",""职位属性"":""普通职位"",""职位分布"":""其他职位"",""职位简介"":""从事一线统计调查、数据处理、统计分析、统计研究等工作。"",""职位代码"":""400110106019"",""机构层级"":""市（地）级"",""考试类别"":""市（地）级及以下直属机构综合管理类"",""招考人数"":""1"",""专业"":""统计学类、数学类、计算机类"",""学历"":""本科及以上"",""学位"":""与最高学历相对应的学位"",""政治面貌"":""不限"",""基层工作最低年限"":""无限制"",""服务基层项目工作经历"":""大学生村官、“三支一扶”计划"",""是否在面试阶段组织专业能力测试"":""否"",""面试人员比例"":""3:1"",""工作地点"":""辽宁省朝阳市双塔区"",""落户地点"":""辽宁省朝阳市"",""备注"":""本单位最低服务年限为5年（含试用期）；服务期满且考核合格。"",""部门网站"":""无"",""咨询电话1"":""024-86906498"",""咨询电话2"":""024-86906738"",""咨询电话3"":"""",""来源Sheet"":""中央国家行政机关参照公务员法管理事业单位""}}"
"government_jobs","国家公务员2024招考简章","公务员/事业单位技术岗位","辽宁省朝阳市双塔区","2026-07-28T09:12:58.310295+00:00","朝阳调查队住户调查科二级主任科员及以下","国家统计局辽宁调查总队","","辽宁省朝阳市双塔区","公务员/事业单位;2024;computer_software;data_ai;本科及以上;与最高学历相对应的学位;数学类、计算机类;市（地）级及以下直属机构综合管理类","用人司局：国家统计局辽宁调查总队
职位简介：从事一线统计调查、数据处理、统计分析、统计研究等工作。
专业要求：数学类、计算机类
学历要求：本科及以上
学位要求：与最高学历相对应的学位
政治面貌：不限
基层工作经历：无限制
考试类别：市（地）级及以下直属机构综合管理类
备注：本单位最低服务年限为5年（含试用期）。","https://www.xuanhan.gov.cn/xxgk-show-77635.html#135106-400110106020","2023-10-15","{""dataset_year"":2024,""job_uid"":""GOV-2024-135106-400110106020"",""publisher"":""国家公务员局"",""publication_page"":""https://www.xuanhan.gov.cn/xxgk-show-77635.html"",""attachment_url"":""https://www.xuanhan.gov.cn/uploadfile/1/Attachment/638fdecf51.zip"",""local_source_file"":""中央机关及其直属机构2024年度考试录用公务员招考简章.xls"",""local_source_sha256"":""a1741b99dbecd6d03e533f99f2d69b0fa5a79733e551b80af69986ceed2ad996"",""source_sheet"":""中央国家行政机关参照公务员法管理事业单位"",""filter_version"":""government_tech_v2"",""tech_filter"":{""is_tech"":true,""is_core_tech"":true,""scope"":""core"",""categories"":[""computer_software"",""data_ai""],""matched_fields"":[""major"",""description""],""major_terms"":[""计算机类""],""role_terms"":[""数据处理""],""reason"":""tech_major_and_role""},""original"":{""部门代码"":""135106"",""部门名称"":""国家统计局辽宁调查总队"",""用人司局"":""国家统计局辽宁调查总队"",""机构性质"":""中央国家行政机关参照公务员法管理事业单位"",""招考职位"":""朝阳调查队住户调查科二级主任科员及以下"",""职位属性"":""普通职位"",""职位分布"":""其他职位"",""职位简介"":""从事一线统计调查、数据处理、统计分析、统计研究等工作。"",""职位代码"":""400110106020"",""机构层级"":""市（地）级"",""考试类别"":""市（地）级及以下直属机构综合管理类"",""招考人数"":""1"",""专业"":""数学类、计算机类"",""学历"":""本科及以上"",""学位"":""与最高学历相对应的学位"",""政治面貌"":""不限"",""基层工作最低年限"":""无限制"",""服务基层项目工作经历"":""无限制"",""是否在面试阶段组织专业能力测试"":""否"",""面试人员比例"":""3:1"",""工作地点"":""辽宁省朝阳市双塔区"",""落户地点"":""辽宁省朝阳市"",""备注"":""本单位最低服务年限为5年（含试用期）。"",""部门网站"":""无"",""咨询电话1"":""024-86906498"",""咨询电话2"":""024-86906738"",""咨询电话3"":"""",""来源Sheet"":""中央国家行政机关参照公务员法管理事业单位""}}"
"government_jobs","国家公务员2024招考简章","公务员/事业单位技术岗位","辽宁省葫芦岛市龙港区","2026-07-28T09:12:58.310295+00:00","葫芦岛调查队业务科室一级科员","国家统计局辽宁调查总队","","辽宁省葫芦岛市龙港区","公务员/事业单位;2024;computer_software;data_ai;仅限本科;学士;统计学类、数学类、计算机类;市（地）级及以下直属机构综合管理类","用人司局：国家统计局辽宁调查总队
职位简介：从事一线统计调查、数据处理、统计分析、统计研究等工作。
专业要求：统计学类、数学类、计算机类
学历要求：仅限本科
学位要求：学士
政治面貌：中共党员
基层工作经历：无限制
考试类别：市（地）级及以下直属机构综合管理类
备注：1.招考对象为应届高校毕业生。2.本单位最低服务年限为5年（含试用期）。","https://www.xuanhan.gov.cn/xxgk-show-77635.html#135106-400110106021","2023-10-15","{""dataset_year"":2024,""job_uid"":""GOV-2024-135106-400110106021"",""publisher"":""国家公务员局"",""publication_page"":""https://www.xuanhan.gov.cn/xxgk-show-77635.html"",""attachment_url"":""https://www.xuanhan.gov.cn/uploadfile/1/Attachment/638fdecf51.zip"",""local_source_file"":""中央机关及其直属机构2024年度考试录用公务员招考简章.xls"",""local_source_sha256"":""a1741b99dbecd6d03e533f99f2d69b0fa5a79733e551b80af69986ceed2ad996"",""source_sheet"":""中央国家行政机关参照公务员法管理事业单位"",""filter_version"":""government_tech_v2"",""tech_filter"":{""is_tech"":true,""is_core_tech"":true,""scope"":""core"",""categories"":[""computer_software"",""data_ai""],""matched_fields"":[""major"",""description""],""major_terms"":[""计算机类""],""role_terms"":[""数据处理""],""reason"":""tech_major_and_role""},""original"":{""部门代码"":""135106"",""部门名称"":""国家统计局辽宁调查总队"",""用人司局"":""国家统计局辽宁调查总队"",""机构性质"":""中央国家行政机关参照公务员法管理事业单位"",""招考职位"":""葫芦岛调查队业务科室一级科员"",""职位属性"":""普通职位"",""职位分布"":""其他职位"",""职位简介"":""从事一线统计调查、数据处理、统计分析、统计研究等工作。"",""职位代码"":""400110106021"",""机构层级"":""市（地）级"",""考试类别"":""市（地）级及以下直属机构综合管理类"",""招考人数"":""1"",""专业"":""统计学类、数学类、计算机类"",""学历"":""仅限本科"",""学位"":""学士"",""政治面貌"":""中共党员"",""基层工作最低年限"":""无限制"",""服务基层项目工作经历"":""无限制"",""是否在面试阶段组织专业能力测试"":""否"",""面试人员比例"":""3:1"",""工作地点"":""辽宁省葫芦岛市龙港区"",""落户地点"":""辽宁省葫芦岛市"",""备注"":""1.招考对象为应届高校毕业生。2.本单位最低服务年限为5年（含试用期）。"",""部门网站"":""无"",""咨询电话1"":""024-86906498"",""咨询电话2"":""024-86906738"",""咨询电话3"":"""",""来源Sheet"":""中央国家行政机关参照公务员法管理事业单位""}}"
"government_jobs","国家公务员2024招考简章","公务员/事业单位技术岗位","辽宁省沈阳市新民市","2026-07-28T09:12:58.310295+00:00","新民调查队调查一科一级科员","国家统计局辽宁调查总队","","辽宁省沈阳市新民市","公务员/事业单位;2024;computer_software;data_ai;仅限本科;学士;统计学类、计算机类;市（地）级及以下直属机构综合管理类","用人司局：国家统计局辽宁调查总队
职位简介：从事一线统计调查、数据处理、统计分析、统计研究等工作。
专业要求：统计学类、计算机类
学历要求：仅限本科
学位要求：学士
政治面貌：不限
基层工作经历：无限制
考试类别：市（地）级及以下直属机构综合管理类
备注：1.招考对象为应届高校毕业生。2.本单位最低服务年限为5年（含试用期）。","https://www.xuanhan.gov.cn/xxgk-show-77635.html#135106-400110106024","2023-10-15","{""dataset_year"":2024,""job_uid"":""GOV-2024-135106-400110106024"",""publisher"":""国家公务员局"",""publication_page"":""https://www.xuanhan.gov.cn/xxgk-show-77635.html"",""attachment_url"":""https://www.xuanhan.gov.cn/uploadfile/1/Attachment/638fdecf51.zip"",""local_source_file"":""中央机关及其直属机构2024年度考试录用公务员招考简章.xls"",""local_source_sha256"":""a1741b99dbecd6d03e533f99f2d69b0fa5a79733e551b80af69986ceed2ad996"",""source_sheet"":""中央国家行政机关参照公务员法管理事业单位"",""filter_version"":""government_tech_v2"",""tech_filter"":{""is_tech"":true,""is_core_tech"":true,""scope"":""core"",""categories"":[""computer_software"",""data_ai""],""matched_fields"":[""major"",""description""],""major_terms"":[""计算机类""],""role_terms"":[""数据处理""],""reason"":""tech_major_and_role""},""original"":{""部门代码"":""135106"",""部门名称"":""国家统计局辽宁调查总队"",""用人司局"":""国家统计局辽宁调查总队"",""机构性质"":""中央国家行政机关参照公务员法管理事业单位"",""招考职位"":""新民调查队调查一科一级科员"",""职位属性"":""普通职位"",""职位分布"":""其他职位"",""职位简介"":""从事一线统计调查、数据处理、统计分析、统计研究等工作。"",""职位代码"":""400110106024"",""机构层级"":""县（区）级及以下"",""考试类别"":""市（地）级及以下直属机构综合管理类"",""招考人数"":""1"",""专业"":""统计学类、计算机类"",""学历"":""仅限本科"",""学位"":""学士"",""政治面貌"":""不限"",""基层工作最低年限"":""无限制"",""服务基层项目工作经历"":""无限制"",""是否在面试阶段组织专业能力测试"":""否"",""面试人员比例"":""3:1"",""工作地点"":""辽宁省沈阳市新民市"",""落户地点"":""辽宁省沈阳市新民市"",""备注"":""1.招考对象为应届高校毕业生。2.本单位最低服务年限为5年（含试用期）。"",""部门网站"":""无"",""咨询电话1"":""024-86906498"",""咨询电话2"":""024-86906738"",""咨询电话3"":"""",""来源Sheet"":""中央国家行政机关参照公务员法管理事业单位""}}"
"government_jobs","国家公务员2024招考简章","公务员/事业单位技术岗位","辽宁省大连市旅顺口区","2026-07-28T09:12:58.310295+00:00","旅顺口调查队调查一科一级科员","国家统计局辽宁调查总队","","辽宁省大连市旅顺口区","公务员/事业单位;2024;computer_software;data_ai;仅限本科;学士;统计学类、计算机类;市（地）级及以下直属机构综合管理类","用人司局：国家统计局辽宁调查总队
职位简介：从事农业调查、数据处理、统计分析研究等工作。
专业要求：统计学类、计算机类
学历要求：仅限本科
学位要求：学士
政治面貌：中共党员
基层工作经历：二年
考试类别：市（地）级及以下直属机构综合管理类
备注：本单位最低服务年限为5年（含试用期）。","https://www.xuanhan.gov.cn/xxgk-show-77635.html#135106-400110106026","2023-10-15","{""dataset_year"":2024,""job_uid"":""GOV-2024-135106-400110106026"",""publisher"":""国家公务员局"",""publication_page"":""https://www.xuanhan.gov.cn/xxgk-show-77635.html"",""attachment_url"":""https://www.xuanhan.gov.cn/uploadfile/1/Attachment/638fdecf51.zip"",""local_source_file"":""中央机关及其直属机构2024年度考试录用公务员招考简章.xls"",""local_source_sha256"":""a1741b99dbecd6d03e533f99f2d69b0fa5a79733e551b80af69986ceed2ad996"",""source_sheet"":""中央国家行政机关参照公务员法管理事业单位"",""filter_version"":""government_tech_v2"",""tech_filter"":{""is_tech"":true,""is_core_tech"":true,""scope"":""core"",""categories"":[""computer_software"",""data_ai""],""matched_fields"":[""major"",""description""],""major_terms"":[""计算机类""],""role_terms"":[""数据处理""],""reason"":""tech_major_and_role""},""original"":{""部门代码"":""135106"",""部门名称"":""国家统计局辽宁调查总队"",""用人司局"":""国家统计局辽宁调查总队"",""机构性质"":""中央国家行政机关参照公务员法管理事业单位"",""招考职位"":""旅顺口调查队调查一科一级科员"",""职位属性"":""普通职位"",""职位分布"":""其他职位"",""职位简介"":""从事农业调查、数据处理、统计分析研究等工作。"",""职位代码"":""400110106026"",""机构层级"":""县（区）级及以下"",""考试类别"":""市（地）级及以下直属机构综合管理类"",""招考人数"":""1"",""专业"":""统计学类、计算机类"",""学历"":""仅限本科"",""学位"":""学士"",""政治面貌"":""中共党员"",""基层工作最低年限"":""二年"",""服务基层项目工作经历"":""无限制"",""是否在面试阶段组织专业能力测试"":""否"",""面试人员比例"":""3:1"",""工作地点"":""辽宁省大连市旅顺口区"",""落户地点"":""辽宁省大连市旅顺口区"",""备注"":""本单位最低服务年限为5年（含试用期）。"",""部门网站"":""无"",""咨询电话1"":""024-86906498"",""咨询电话2"":""024-86906738"",""咨询电话3"":"""",""来源Sheet"":""中央国家行政机关参照公务员法管理事业单位""}}"
"government_jobs","国家公务员2024招考简章","公务员/事业单位技术岗位","辽宁省营口市大石桥市","2026-07-28T09:12:58.310295+00:00","大石桥调查队调查二科一级科员","国家统计局辽宁调查总队","","辽宁省营口市大石桥市","公务员/事业单位;2024;computer_software;data_ai;仅限本科;学士;统计学类、数学类、计算机类;市（地）级及以下直属机构综合管理类","用人司局：国家统计局辽宁调查总队
职位简介：从事一线统计调查、数据处理、统计分析、统计研究等工作。
专业要求：统计学类、数学类、计算机类
学历要求：仅限本科
学位要求：学士
政治面貌：不限
基层工作经历：无限制
考试类别：市（地）级及以下直属机构综合管理类
备注：1.招考对象为应届高校毕业生。2.本单位最低服务年限为5年（含试用期）。","https://www.xuanhan.gov.cn/xxgk-show-77635.html#135106-400110106035","2023-10-15","{""dataset_year"":2024,""job_uid"":""GOV-2024-135106-400110106035"",""publisher"":""国家公务员局"",""publication_page"":""https://www.xuanhan.gov.cn/xxgk-show-77635.html"",""attachment_url"":""https://www.xuanhan.gov.cn/uploadfile/1/Attachment/638fdecf51.zip"",""local_source_file"":""中央机关及其直属机构2024年度考试录用公务员招考简章.xls"",""local_source_sha256"":""a1741b99dbecd6d03e533f99f2d69b0fa5a79733e551b80af69986ceed2ad996"",""source_sheet"":""中央国家行政机关参照公务员法管理事业单位"",""filter_version"":""government_tech_v2"",""tech_filter"":{""is_tech"":true,""is_core_tech"":true,""scope"":""core"",""categories"":[""computer_software"",""data_ai""],""matched_fields"":[""major"",""description""],""major_terms"":[""计算机类""],""role_terms"":[""数据处理""],""reason"":""tech_major_and_role""},""original"":{""部门代码"":""135106"",""部门名称"":""国家统计局辽宁调查总队"",""用人司局"":""国家统计局辽宁调查总队"",""机构性质"":""中央国家行政机关参照公务员法管理事业单位"",""招考职位"":""大石桥调查队调查二科一级科员"",""职位属性"":""普通职位"",""职位分布"":""其他职位"",""职位简介"":""从事一线统计调查、数据处理、统计分析、统计研究等工作。"",""职位代码"":""400110106035"",""机构层级"":""县（区）级及以下"",""考试类别"":""市（地）级及以下直属机构综合管理类"",""招考人数"":""1"",""专业"":""统计学类、数学类、计算机类"",""学历"":""仅限本科"",""学位"":""学士"",""政治面貌"":""不限"",""基层工作最低年限"":""无限制"",""服务基层项目工作经历"":""无限制"",""是否在面试阶段组织专业能力测试"":""否"",""面试人员比例"":""3:1"",""工作地点"":""辽宁省营口市大石桥市"",""落户地点"":""辽宁省营口市大石桥市"",""备注"":""1.招考对象为应届高校毕业生。2.本单位最低服务年限为5年（含试用期）。"",""部门网站"":""无"",""咨询电话1"":""024-86906498"",""咨询电话2"":""024-86906738"",""咨询电话3"":"""",""来源Sheet"":""中央国家行政机关参照公务员法管理事业单位""}}"
"government_jobs","国家公务员2024招考简章","公务员/事业单位技术岗位","辽宁省朝阳市建平县","2026-07-28T09:12:58.310295+00:00","建平调查队一级科员","国家统计局辽宁调查总队","","辽宁省朝阳市建平县","公务员/事业单位;2024;computer_software;data_ai;仅限本科;学士;数学类、计算机类;市（地）级及以下直属机构综合管理类","用人司局：国家统计局辽宁调查总队
职位简介：从事一线统计调查、数据处理、统计分析、统计研究等工作。
专业要求：数学类、计算机类
学历要求：仅限本科
学位要求：学士
政治面貌：不限
基层工作经历：无限制
考试类别：市（地）级及以下直属机构综合管理类
备注：1.招考对象为2024届高校毕业生。2.本单位最低服务年限为5年（含试用期）。","https://www.xuanhan.gov.cn/xxgk-show-77635.html#135106-400110106037","2023-10-15","{""dataset_year"":2024,""job_uid"":""GOV-2024-135106-400110106037"",""publisher"":""国家公务员局"",""publication_page"":""https://www.xuanhan.gov.cn/xxgk-show-77635.html"",""attachment_url"":""https://www.xuanhan.gov.cn/uploadfile/1/Attachment/638fdecf51.zip"",""local_source_file"":""中央机关及其直属机构2024年度考试录用公务员招考简章.xls"",""local_source_sha256"":""a1741b99dbecd6d03e533f99f2d69b0fa5a79733e551b80af69986ceed2ad996"",""source_sheet"":""中央国家行政机关参照公务员法管理事业单位"",""filter_version"":""government_tech_v2"",""tech_filter"":{""is_tech"":true,""is_core_tech"":true,""scope"":""core"",""categories"":[""computer_software"",""data_ai""],""matched_fields"":[""major"",""description""],""major_terms"":[""计算机类""],""role_terms"":[""数据处理""],""reason"":""tech_major_and_role""},""original"":{""部门代码"":""135106"",""部门名称"":""国家统计局辽宁调查总队"",""用人司局"":""国家统计局辽宁调查总队"",""机构性质"":""中央国家行政机关参照公务员法管理事业单位"",""招考职位"":""建平调查队一级科员"",""职位属性"":""普通职位"",""职位分布"":""其他职位"",""职位简介"":""从事一线统计调查、数据处理、统计分析、统计研究等工作。"",""职位代码"":""400110106037"",""机构层级"":""县（区）级及以下"",""考试类别"":""市（地）级及以下直属机构综合管理类"",""招考人数"":""1"",""专业"":""数学类、计算机类"",""学历"":""仅限本科"",""学位"":""学士"",""政治面貌"":""不限"",""基层工作最低年限"":""无限制"",""服务基层项目工作经历"":""无限制"",""是否在面试阶段组织专业能力测试"":""否"",""面试人员比例"":""3:1"",""工作地点"":""辽宁省朝阳市建平县"",""落户地点"":""辽宁省朝阳市建平县"",""备注"":""1.招考对象为2024届高校毕业生。2.本单位最低服务年限为5年（含试用期）。"",""部门网站"":""无"",""咨询电话1"":""024-86906498"",""咨询电话2"":""024-86906738"",""咨询电话3"":"""",""来源Sheet"":""中央国家行政机关参照公务员法管理事业单位""}}"
"government_jobs","国家公务员2024招考简章","公务员/事业单位技术岗位","辽宁省朝阳市喀喇沁左翼蒙古族自治县","2026-07-28T09:12:58.310295+00:00","喀左调查队办公室一级科员","国家统计局辽宁调查总队","","辽宁省朝阳市喀喇沁左翼蒙古族自治县","公务员/事业单位;2024;computer_software;cybersecurity_cryptography;仅限本科;学士;计算机类;市（地）级及以下直属机构综合管理类","用人司局：国家统计局辽宁调查总队
职位简介：从事网络安全与维护工作。
专业要求：计算机类
学历要求：仅限本科
学位要求：学士
政治面貌：不限
基层工作经历：无限制
考试类别：市（地）级及以下直属机构综合管理类
备注：本单位最低服务年限为5年（含试用期）；服务期满且考核合格。","https://www.xuanhan.gov.cn/xxgk-show-77635.html#135106-400110106038","2023-10-15","{""dataset_year"":2024,""job_uid"":""GOV-2024-135106-400110106038"",""publisher"":""国家公务员局"",""publication_page"":""https://www.xuanhan.gov.cn/xxgk-show-77635.html"",""attachment_url"":""https://www.xuanhan.gov.cn/uploadfile/1/Attachment/638fdecf51.zip"",""local_source_file"":""中央机关及其直属机构2024年度考试录用公务员招考简章.xls"",""local_source_sha256"":""a1741b99dbecd6d03e533f99f2d69b0fa5a79733e551b80af69986ceed2ad996"",""source_sheet"":""中央国家行政机关参照公务员法管理事业单位"",""filter_version"":""government_tech_v2"",""tech_filter"":{""is_tech"":true,""is_core_tech"":true,""scope"":""core"",""categories"":[""computer_software"",""cybersecurity_cryptography""],""matched_fields"":[""major"",""description""],""major_terms"":[""计算机类""],""role_terms"":[""网络安全""],""reason"":""tech_major_and_role""},""original"":{""部门代码"":""135106"",""部门名称"":""国家统计局辽宁调查总队"",""用人司局"":""国家统计局辽宁调查总队"",""机构性质"":""中央国家行政机关参照公务员法管理事业单位"",""招考职位"":""喀左调查队办公室一级科员"",""职位属性"":""普通职位"",""职位分布"":""其他职位"",""职位简介"":""从事网络安全与维护工作。"",""职位代码"":""400110106038"",""机构层级"":""县（区）级及以下"",""考试类别"":""市（地）级及以下直属机构综合管理类"",""招考人数"":""1"",""专业"":""计算机类"",""学历"":""仅限本科"",""学位"":""学士"",""政治面貌"":""不限"",""基层工作最低年限"":""无限制"",""服务基层项目工作经历"":""大学生村官、“三支一扶”计划"",""是否在面试阶段组织专业能力测试"":""否"",""面试人员比例"":""3:1"",""工作地点"":""辽宁省朝阳市喀喇沁左翼蒙古族自治县"",""落户地点"":""辽宁省朝阳市喀喇沁左翼蒙古族自治县"",""备注"":""本单位最低服务年限为5年（含试用期）；服务期满且考核合格。"",""部门网站"":""无"",""咨询电话1"":""024-86906498"",""咨询电话2"":""024-86906738"",""咨询电话3"":"""",""来源Sheet"":""中央国家行政机关参照公务员法管理事业单位""}}"
"government_jobs","国家公务员2024招考简章","公务员/事业单位技术岗位","吉林省吉林市","2026-07-28T09:12:58.310295+00:00","吉林市调查队业务处室一级科员","国家统计局吉林调查总队","","吉林省吉林市","公务员/事业单位;2024;computer_software;data_ai;仅限本科;学士;经济学类、数学类、计算机类（物联网工程、数字媒体技术专业除外）、中国语言文学类（中国少数民族语言文学除外）、工商管理类;市（地）级及以下直属机构综合管理类","用人司局：国家统计局吉林调查总队
职位简介：从事一线入户调查、数据处理、统计分析、统计研究等工作。
专业要求：经济学类、数学类、计算机类（物联网工程、数字媒体技术专业除外）、中国语言文学类（中国少数民族语言文学除外）、工商管理类
学历要求：仅限本科
学位要求：学士
政治面貌：不限
基层工作经历：二年
考试类别：市（地）级及以下直属机构综合管理类
备注：服务期满考核合格的大学生村官；本单位最低服务年限为5年（含试用期）。","https://www.xuanhan.gov.cn/xxgk-show-77635.html#135107-400110107008","2023-10-15","{""dataset_year"":2024,""job_uid"":""GOV-2024-135107-400110107008"",""publisher"":""国家公务员局"",""publication_page"":""https://www.xuanhan.gov.cn/xxgk-show-77635.html"",""attachment_url"":""https://www.xuanhan.gov.cn/uploadfile/1/Attachment/638fdecf51.zip"",""local_source_file"":""中央机关及其直属机构2024年度考试录用公务员招考简章.xls"",""local_source_sha256"":""a1741b99dbecd6d03e533f99f2d69b0fa5a79733e551b80af69986ceed2ad996"",""source_sheet"":""中央国家行政机关参照公务员法管理事业单位"",""filter_version"":""government_tech_v2"",""tech_filter"":{""is_tech"":true,""is_core_tech"":true,""scope"":""core"",""categories"":[""computer_software"",""data_ai""],""matched_fields"":[""major"",""description""],""major_terms"":[""数字媒体技术"",""物联网工程"",""计算机类""],""role_terms"":[""数据处理""],""reason"":""tech_major_and_role""},""original"":{""部门代码"":""135107"",""部门名称"":""国家统计局吉林调查总队"",""用人司局"":""国家统计局吉林调查总队"",""机构性质"":""中央国家行政机关参照公务员法管理事业单位"",""招考职位"":""吉林市调查队业务处室一级科员"",""职位属性"":""普通职位"",""职位分布"":""西部地区和艰苦边远地区职位"",""职位简介"":""从事一线入户调查、数据处理、统计分析、统计研究等工作。"",""职位代码"":""400110107008"",""机构层级"":""市（地）级"",""考试类别"":""市（地）级及以下直属机构综合管理类"",""招考人数"":""1"",""专业"":""经济学类、数学类、计算机类（物联网工程、数字媒体技术专业除外）、中国语言文学类（中国少数民族语言文学除外）、工商管理类"",""学历"":""仅限本科"",""学位"":""学士"",""政治面貌"":""不限"",""基层工作最低年限"":""二年"",""服务基层项目工作经历"":""大学生村官"",""是否在面试阶段组织专业能力测试"":""否"",""面试人员比例"":""3:1"",""工作地点"":""吉林省吉林市"",""落户地点"":""吉林省吉林市"",""备注"":""服务期满考核合格的大学生村官；本单位最低服务年限为5年（含试用期）。"",""部门网站"":""无"",""咨询电话1"":""0431-85899731"",""咨询电话2"":"""",""咨询电话3"":"""",""来源Sheet"":""中央国家行政机关参照公务员法管理事业单位""}}"
"government_jobs","国家公务员2024招考简章","公务员/事业单位技术岗位","吉林省四平市","2026-07-28T09:12:58.310295+00:00","四平调查队综合科室一级科员（1）","国家统计局吉林调查总队","","吉林省四平市","公务员/事业单位;2024;computer_software;data_ai;仅限本科;学士;统计学类、数学类、计算机类（物联网工程、数字媒体技术专业除外）;市（地）级及以下直属机构综合管理类","用人司局：国家统计局吉林调查总队
职位简介：从事一线入户调查、数据处理、统计分析、统计研究等工作。
专业要求：统计学类、数学类、计算机类（物联网工程、数字媒体技术专业除外）
学历要求：仅限本科
学位要求：学士
政治面貌：不限
基层工作经历：无限制
考试类别：市（地）级及以下直属机构综合管理类
备注：限男性；限应届高校毕业生；本单位最低服务年限为5年（含试用期）。","https://www.xuanhan.gov.cn/xxgk-show-77635.html#135107-400110107009","2023-10-15","{""dataset_year"":2024,""job_uid"":""GOV-2024-135107-400110107009"",""publisher"":""国家公务员局"",""publication_page"":""https://www.xuanhan.gov.cn/xxgk-show-77635.html"",""attachment_url"":""https://www.xuanhan.gov.cn/uploadfile/1/Attachment/638fdecf51.zip"",""local_source_file"":""中央机关及其直属机构2024年度考试录用公务员招考简章.xls"",""local_source_sha256"":""a1741b99dbecd6d03e533f99f2d69b0fa5a79733e551b80af69986ceed2ad996"",""source_sheet"":""中央国家行政机关参照公务员法管理事业单位"",""filter_version"":""government_tech_v2"",""tech_filter"":{""is_tech"":true,""is_core_tech"":true,""scope"":""core"",""categories"":[""computer_software"",""data_ai""],""matched_fields"":[""major"",""description""],""major_terms"":[""数字媒体技术"",""物联网工程"",""计算机类""],""role_terms"":[""数据处理""],""reason"":""tech_major_and_role""},""original"":{""部门代码"":""135107"",""部门名称"":""国家统计局吉林调查总队"",""用人司局"":""国家统计局吉林调查总队"",""机构性质"":""中央国家行政机关参照公务员法管理事业单位"",""招考职位"":""四平调查队综合科室一级科员（1）"",""职位属性"":""普通职位"",""职位分布"":""西部地区和艰苦边远地区职位"",""职位简介"":""从事一线入户调查、数据处理、统计分析、统计研究等工作。"",""职位代码"":""400110107009"",""机构层级"":""市（地）级"",""考试类别"":""市（地）级及以下直属机构综合管理类"",""招考人数"":""1"",""专业"":""统计学类、数学类、计算机类（物联网工程、数字媒体技术专业除外）"",""学历"":""仅限本科"",""学位"":""学士"",""政治面貌"":""不限"",""基层工作最低年限"":""无限制"",""服务基层项目工作经历"":""无限制"",""是否在面试阶段组织专业能力测试"":""否"",""面试人员比例"":""3:1"",""工作地点"":""吉林省四平市"",""落户地点"":""吉林省四平市"",""备注"":""限男性；限应届高校毕业生；本单位最低服务年限为5年（含试用期）。"",""部门网站"":""无"",""咨询电话1"":""0431-85899731"",""咨询电话2"":"""",""咨询电话3"":"""",""来源Sheet"":""中央国家行政机关参照公务员法管理事业单位""}}"
"government_jobs","国家公务员2024招考简章","公务员/事业单位技术岗位","吉林省四平市","2026-07-28T09:12:58.310295+00:00","四平调查队综合科室一级科员（2）","国家统计局吉林调查总队","","吉林省四平市","公务员/事业单位;2024;computer_software;data_ai;仅限本科;学士;统计学类、数学类、计算机类（物联网工程、数字媒体技术专业除外）;市（地）级及以下直属机构综合管理类","用人司局：国家统计局吉林调查总队
职位简介：从事一线入户调查、数据处理、统计分析、统计研究等工作。
专业要求：统计学类、数学类、计算机类（物联网工程、数字媒体技术专业除外）
学历要求：仅限本科
学位要求：学士
政治面貌：不限
基层工作经历：无限制
考试类别：市（地）级及以下直属机构综合管理类
备注：限女性；限应届高校毕业生；本单位最低服务年限为5年（含试用期）。","https://www.xuanhan.gov.cn/xxgk-show-77635.html#135107-400110107010","2023-10-15","{""dataset_year"":2024,""job_uid"":""GOV-2024-135107-400110107010"",""publisher"":""国家公务员局"",""publication_page"":""https://www.xuanhan.gov.cn/xxgk-show-77635.html"",""attachment_url"":""https://www.xuanhan.gov.cn/uploadfile/1/Attachment/638fdecf51.zip"",""local_source_file"":""中央机关及其直属机构2024年度考试录用公务员招考简章.xls"",""local_source_sha256"":""a1741b99dbecd6d03e533f99f2d69b0fa5a79733e551b80af69986ceed2ad996"",""source_sheet"":""中央国家行政机关参照公务员法管理事业单位"",""filter_version"":""government_tech_v2"",""tech_filter"":{""is_tech"":true,""is_core_tech"":true,""scope"":""core"",""categories"":[""computer_software"",""data_ai""],""matched_fields"":[""major"",""description""],""major_terms"":[""数字媒体技术"",""物联网工程"",""计算机类""],""role_terms"":[""数据处理""],""reason"":""tech_major_and_role""},""original"":{""部门代码"":""135107"",""部门名称"":""国家统计局吉林调查总队"",""用人司局"":""国家统计局吉林调查总队"",""机构性质"":""中央国家行政机关参照公务员法管理事业单位"",""招考职位"":""四平调查队综合科室一级科员（2）"",""职位属性"":""普通职位"",""职位分布"":""西部地区和艰苦边远地区职位"",""职位简介"":""从事一线入户调查、数据处理、统计分析、统计研究等工作。"",""职位代码"":""400110107010"",""机构层级"":""市（地）级"",""考试类别"":""市（地）级及以下直属机构综合管理类"",""招考人数"":""1"",""专业"":""统计学类、数学类、计算机类（物联网工程、数字媒体技术专业除外）"",""学历"":""仅限本科"",""学位"":""学士"",""政治面貌"":""不限"",""基层工作最低年限"":""无限制"",""服务基层项目工作经历"":""无限制"",""是否在面试阶段组织专业能力测试"":""否"",""面试人员比例"":""3:1"",""工作地点"":""吉林省四平市"",""落户地点"":""吉林省四平市"",""备注"":""限女性；限应届高校毕业生；本单位最低服务年限为5年（含试用期）。"",""部门网站"":""无"",""咨询电话1"":""0431-85899731"",""咨询电话2"":"""",""咨询电话3"":"""",""来源Sheet"":""中央国家行政机关参照公务员法管理事业单位""}}"
"government_jobs","国家公务员2024招考简章","公务员/事业单位技术岗位","吉林省辽源市","2026-07-28T09:12:58.310295+00:00","辽源调查队综合科室一级科员","国家统计局吉林调查总队","","吉林省辽源市","公务员/事业单位;2024;computer_software;data_ai;仅限本科;学士;经济学类、数学类、计算机类（物联网工程、数字媒体技术专业除外）、中国语言文学类（中国少数民族语言文学除外）、工商管理类;市（地）级及以下直属机构综合管理类","用人司局：国家统计局吉林调查总队
职位简介：从事一线入户调查、数据处理、统计分析、统计研究等工作。
专业要求：经济学类、数学类、计算机类（物联网工程、数字媒体技术专业除外）、中国语言文学类（中国少数民族语言文学除外）、工商管理类
学历要求：仅限本科
学位要求：学士
政治面貌：不限
基层工作经历：二年
考试类别：市（地）级及以下直属机构综合管理类
备注：服务期满考核合格的大学生村官；本单位最低服务年限为5年（含试用期）。","https://www.xuanhan.gov.cn/xxgk-show-77635.html#135107-400110107013","2023-10-15","{""dataset_year"":2024,""job_uid"":""GOV-2024-135107-400110107013"",""publisher"":""国家公务员局"",""publication_page"":""https://www.xuanhan.gov.cn/xxgk-show-77635.html"",""attachment_url"":""https://www.xuanhan.gov.cn/uploadfile/1/Attachment/638fdecf51.zip"",""local_source_file"":""中央机关及其直属机构2024年度考试录用公务员招考简章.xls"",""local_source_sha256"":""a1741b99dbecd6d03e533f99f2d69b0fa5a79733e551b80af69986ceed2ad996"",""source_sheet"":""中央国家行政机关参照公务员法管理事业单位"",""filter_version"":""government_tech_v2"",""tech_filter"":{""is_tech"":true,""is_core_tech"":true,""scope"":""core"",""categories"":[""computer_software"",""data_ai""],""matched_fields"":[""major"",""description""],""major_terms"":[""数字媒体技术"",""物联网工程"",""计算机类""],""role_terms"":[""数据处理""],""reason"":""tech_major_and_role""},""original"":{""部门代码"":""135107"",""部门名称"":""国家统计局吉林调查总队"",""用人司局"":""国家统计局吉林调查总队"",""机构性质"":""中央国家行政机关参照公务员法管理事业单位"",""招考职位"":""辽源调查队综合科室一级科员"",""职位属性"":""普通职位"",""职位分布"":""西部地区和艰苦边远地区职位"",""职位简介"":""从事一线入户调查、数据处理、统计分析、统计研究等工作。"",""职位代码"":""400110107013"",""机构层级"":""市（地）级"",""考试类别"":""市（地）级及以下直属机构综合管理类"",""招考人数"":""1"",""专业"":""经济学类、数学类、计算机类（物联网工程、数字媒体技术专业除外）、中国语言文学类（中国少数民族语言文学除外）、工商管理类"",""学历"":""仅限本科"",""学位"":""学士"",""政治面貌"":""不限"",""基层工作最低年限"":""二年"",""服务基层项目工作经历"":""大学生村官"",""是否在面试阶段组织专业能力测试"":""否"",""面试人员比例"":""3:1"",""工作地点"":""吉林省辽源市"",""落户地点"":""吉林省辽源市"",""备注"":""服务期满考核合格的大学生村官；本单位最低服务年限为5年（含试用期）。"",""部门网站"":""无"",""咨询电话1"":""0431-85899731"",""咨询电话2"":"""",""咨询电话3"":"""",""来源Sheet"":""中央国家行政机关参照公务员法管理事业单位""}}"
"government_jobs","国家公务员2024招考简章","公务员/事业单位技术岗位","吉林省松原市","2026-07-28T09:12:58.310295+00:00","松原调查队业务科室一级科员（3）","国家统计局吉林调查总队","","吉林省松原市","公务员/事业单位;2024;computer_software;data_ai;仅限本科;学士;经济学类、数学类、计算机类（物联网工程、数字媒体技术专业除外）、中国语言文学类（中国少数民族语言文学除外）、工商管理类;市（地）级及以下直属机构综合管理类","用人司局：国家统计局吉林调查总队
职位简介：从事一线入户调查、数据处理、统计分析、统计研究等工作。
专业要求：经济学类、数学类、计算机类（物联网工程、数字媒体技术专业除外）、中国语言文学类（中国少数民族语言文学除外）、工商管理类
学历要求：仅限本科
学位要求：学士
政治面貌：不限
基层工作经历：二年
考试类别：市（地）级及以下直属机构综合管理类
备注：服务期满考核合格的大学生村官；本单位最低服务年限为5年（含试用期）。","https://www.xuanhan.gov.cn/xxgk-show-77635.html#135107-400110107017","2023-10-15","{""dataset_year"":2024,""job_uid"":""GOV-2024-135107-400110107017"",""publisher"":""国家公务员局"",""publication_page"":""https://www.xuanhan.gov.cn/xxgk-show-77635.html"",""attachment_url"":""https://www.xuanhan.gov.cn/uploadfile/1/Attachment/638fdecf51.zip"",""local_source_file"":""中央机关及其直属机构2024年度考试录用公务员招考简章.xls"",""local_source_sha256"":""a1741b99dbecd6d03e533f99f2d69b0fa5a79733e551b80af69986ceed2ad996"",""source_sheet"":""中央国家行政机关参照公务员法管理事业单位"",""filter_version"":""government_tech_v2"",""tech_filter"":{""is_tech"":true,""is_core_tech"":true,""scope"":""core"",""categories"":[""computer_software"",""data_ai""],""matched_fields"":[""major"",""description""],""major_terms"":[""数字媒体技术"",""物联网工程"",""计算机类""],""role_terms"":[""数据处理""],""reason"":""tech_major_and_role""},""original"":{""部门代码"":""135107"",""部门名称"":""国家统计局吉林调查总队"",""用人司局"":""国家统计局吉林调查总队"",""机构性质"":""中央国家行政机关参照公务员法管理事业单位"",""招考职位"":""松原调查队业务科室一级科员（3）"",""职位属性"":""普通职位"",""职位分布"":""西部地区和艰苦边远地区职位"",""职位简介"":""从事一线入户调查、数据处理、统计分析、统计研究等工作。"",""职位代码"":""400110107017"",""机构层级"":""市（地）级"",""考试类别"":""市（地）级及以下直属机构综合管理类"",""招考人数"":""1"",""专业"":""经济学类、数学类、计算机类（物联网工程、数字媒体技术专业除外）、中国语言文学类（中国少数民族语言文学除外）、工商管理类"",""学历"":""仅限本科"",""学位"":""学士"",""政治面貌"":""不限"",""基层工作最低年限"":""二年"",""服务基层项目工作经历"":""大学生村官"",""是否在面试阶段组织专业能力测试"":""否"",""面试人员比例"":""3:1"",""工作地点"":""吉林省松原市"",""落户地点"":""吉林省松原市"",""备注"":""服务期满考核合格的大学生村官；本单位最低服务年限为5年（含试用期）。"",""部门网站"":""无"",""咨询电话1"":""0431-85899731"",""咨询电话2"":"""",""咨询电话3"":"""",""来源Sheet"":""中央国家行政机关参照公务员法管理事业单位""}}"
"government_jobs","国家公务员2024招考简章","公务员/事业单位技术岗位","吉林省白城市","2026-07-28T09:12:58.310295+00:00","白城调查队业务科室一级科员（1）","国家统计局吉林调查总队","","吉林省白城市","公务员/事业单位;2024;computer_software;data_ai;仅限本科;学士;中国语言文学类（中国少数民族语言文学除外）、计算机类（物联网工程、数字媒体技术专业除外）;市（地）级及以下直属机构综合管理类","用人司局：国家统计局吉林调查总队
职位简介：从事一线入户调查、数据处理、统计分析、统计研究等工作。
专业要求：中国语言文学类（中国少数民族语言文学除外）、计算机类（物联网工程、数字媒体技术专业除外）
学历要求：仅限本科
学位要求：学士
政治面貌：不限
基层工作经历：无限制
考试类别：市（地）级及以下直属机构综合管理类
备注：限男性；限应届高校毕业生；本单位最低服务年限为5年（含试用期）。","https://www.xuanhan.gov.cn/xxgk-show-77635.html#135107-400110107018","2023-10-15","{""dataset_year"":2024,""job_uid"":""GOV-2024-135107-400110107018"",""publisher"":""国家公务员局"",""publication_page"":""https://www.xuanhan.gov.cn/xxgk-show-77635.html"",""attachment_url"":""https://www.xuanhan.gov.cn/uploadfile/1/Attachment/638fdecf51.zip"",""local_source_file"":""中央机关及其直属机构2024年度考试录用公务员招考简章.xls"",""local_source_sha256"":""a1741b99dbecd6d03e533f99f2d69b0fa5a79733e551b80af69986ceed2ad996"",""source_sheet"":""中央国家行政机关参照公务员法管理事业单位"",""filter_version"":""government_tech_v2"",""tech_filter"":{""is_tech"":true,""is_core_tech"":true,""scope"":""core"",""categories"":[""computer_software"",""data_ai""],""matched_fields"":[""major"",""description""],""major_terms"":[""数字媒体技术"",""物联网工程"",""计算机类""],""role_terms"":[""数据处理""],""reason"":""tech_major_and_role""},""original"":{""部门代码"":""135107"",""部门名称"":""国家统计局吉林调查总队"",""用人司局"":""国家统计局吉林调查总队"",""机构性质"":""中央国家行政机关参照公务员法管理事业单位"",""招考职位"":""白城调查队业务科室一级科员（1）"",""职位属性"":""普通职位"",""职位分布"":""西部地区和艰苦边远地区职位"",""职位简介"":""从事一线入户调查、数据处理、统计分析、统计研究等工作。"",""职位代码"":""400110107018"",""机构层级"":""市（地）级"",""考试类别"":""市（地）级及以下直属机构综合管理类"",""招考人数"":""1"",""专业"":""中国语言文学类（中国少数民族语言文学除外）、计算机类（物联网工程、数字媒体技术专业除外）"",""学历"":""仅限本科"",""学位"":""学士"",""政治面貌"":""不限"",""基层工作最低年限"":""无限制"",""服务基层项目工作经历"":""无限制"",""是否在面试阶段组织专业能力测试"":""否"",""面试人员比例"":""3:1"",""工作地点"":""吉林省白城市"",""落户地点"":""吉林省白城市"",""备注"":""限男性；限应届高校毕业生；本单位最低服务年限为5年（含试用期）。"",""部门网站"":""无"",""咨询电话1"":""0431-85899731"",""咨询电话2"":"""",""咨询电话3"":"""",""来源Sheet"":""中央国家行政机关参照公务员法管理事业单位""}}"
"government_jobs","国家公务员2024招考简章","公务员/事业单位技术岗位","吉林省白城市","2026-07-28T09:12:58.310295+00:00","白城调查队业务科室一级科员（2）","国家统计局吉林调查总队","","吉林省白城市","公务员/事业单位;2024;computer_software;data_ai;仅限本科;学士;中国语言文学类（中国少数民族语言文学除外）、计算机类（物联网工程、数字媒体技术专业除外）;市（地）级及以下直属机构综合管理类","用人司局：国家统计局吉林调查总队
职位简介：从事一线入户调查、数据处理、统计分析、统计研究等工作。
专业要求：中国语言文学类（中国少数民族语言文学除外）、计算机类（物联网工程、数字媒体技术专业除外）
学历要求：仅限本科
学位要求：学士
政治面貌：不限
基层工作经历：无限制
考试类别：市（地）级及以下直属机构综合管理类
备注：限女性；限应届高校毕业生；本单位最低服务年限为5年（含试用期）。","https://www.xuanhan.gov.cn/xxgk-show-77635.html#135107-400110107019","2023-10-15","{""dataset_year"":2024,""job_uid"":""GOV-2024-135107-400110107019"",""publisher"":""国家公务员局"",""publication_page"":""https://www.xuanhan.gov.cn/xxgk-show-77635.html"",""attachment_url"":""https://www.xuanhan.gov.cn/uploadfile/1/Attachment/638fdecf51.zip"",""local_source_file"":""中央机关及其直属机构2024年度考试录用公务员招考简章.xls"",""local_source_sha256"":""a1741b99dbecd6d03e533f99f2d69b0fa5a79733e551b80af69986ceed2ad996"",""source_sheet"":""中央国家行政机关参照公务员法管理事业单位"",""filter_version"":""government_tech_v2"",""tech_filter"":{""is_tech"":true,""is_core_tech"":true,""scope"":""core"",""categories"":[""computer_software"",""data_ai""],""matched_fields"":[""major"",""description""],""major_terms"":[""数字媒体技术"",""物联网工程"",""计算机类""],""role_terms"":[""数据处理""],""reason"":""tech_major_and_role""},""original"":{""部门代码"":""135107"",""部门名称"":""国家统计局吉林调查总队"",""用人司局"":""国家统计局吉林调查总队"",""机构性质"":""中央国家行政机关参照公务员法管理事业单位"",""招考职位"":""白城调查队业务科室一级科员（2）"",""职位属性"":""普通职位"",""职位分布"":""西部地区和艰苦边远地区职位"",""职位简介"":""从事一线入户调查、数据处理、统计分析、统计研究等工作。"",""职位代码"":""400110107019"",""机构层级"":""市（地）级"",""考试类别"":""市（地）级及以下直属机构综合管理类"",""招考人数"":""1"",""专业"":""中国语言文学类（中国少数民族语言文学除外）、计算机类（物联网工程、数字媒体技术专业除外）"",""学历"":""仅限本科"",""学位"":""学士"",""政治面貌"":""不限"",""基层工作最低年限"":""无限制"",""服务基层项目工作经历"":""无限制"",""是否在面试阶段组织专业能力测试"":""否"",""面试人员比例"":""3:1"",""工作地点"":""吉林省白城市"",""落户地点"":""吉林省白城市"",""备注"":""限女性；限应届高校毕业生；本单位最低服务年限为5年（含试用期）。"",""部门网站"":""无"",""咨询电话1"":""0431-85899731"",""咨询电话2"":"""",""咨询电话3"":"""",""来源Sheet"":""中央国家行政机关参照公务员法管理事业单位""}}"
"government_jobs","国家公务员2024招考简章","公务员/事业单位技术岗位","吉林省白城市","2026-07-28T09:12:58.310295+00:00","白城调查队综合科室一级科员（1）","国家统计局吉林调查总队","","吉林省白城市","公务员/事业单位;2024;computer_software;data_ai;仅限本科;学士;中国语言文学类（中国少数民族语言文学除外）、计算机类（物联网工程、数字媒体技术专业除外）;市（地）级及以下直属机构综合管理类","用人司局：国家统计局吉林调查总队
职位简介：从事一线入户调查、数据处理、统计分析、统计研究等工作。
专业要求：中国语言文学类（中国少数民族语言文学除外）、计算机类（物联网工程、数字媒体技术专业除外）
学历要求：仅限本科
学位要求：学士
政治面貌：不限
基层工作经历：二年
考试类别：市（地）级及以下直属机构综合管理类
备注：限男性；本单位最低服务年限为5年（含试用期）。","https://www.xuanhan.gov.cn/xxgk-show-77635.html#135107-400110107020","2023-10-15","{""dataset_year"":2024,""job_uid"":""GOV-2024-135107-400110107020"",""publisher"":""国家公务员局"",""publication_page"":""https://www.xuanhan.gov.cn/xxgk-show-77635.html"",""attachment_url"":""https://www.xuanhan.gov.cn/uploadfile/1/Attachment/638fdecf51.zip"",""local_source_file"":""中央机关及其直属机构2024年度考试录用公务员招考简章.xls"",""local_source_sha256"":""a1741b99dbecd6d03e533f99f2d69b0fa5a79733e551b80af69986ceed2ad996"",""source_sheet"":""中央国家行政机关参照公务员法管理事业单位"",""filter_version"":""government_tech_v2"",""tech_filter"":{""is_tech"":true,""is_core_tech"":true,""scope"":""core"",""categories"":[""computer_software"",""data_ai""],""matched_fields"":[""major"",""description""],""major_terms"":[""数字媒体技术"",""物联网工程"",""计算机类""],""role_terms"":[""数据处理""],""reason"":""tech_major_and_role""},""original"":{""部门代码"":""135107"",""部门名称"":""国家统计局吉林调查总队"",""用人司局"":""国家统计局吉林调查总队"",""机构性质"":""中央国家行政机关参照公务员法管理事业单位"",""招考职位"":""白城调查队综合科室一级科员（1）"",""职位属性"":""普通职位"",""职位分布"":""西部地区和艰苦边远地区职位"",""职位简介"":""从事一线入户调查、数据处理、统计分析、统计研究等工作。"",""职位代码"":""400110107020"",""机构层级"":""市（地）级"",""考试类别"":""市（地）级及以下直属机构综合管理类"",""招考人数"":""1"",""专业"":""中国语言文学类（中国少数民族语言文学除外）、计算机类（物联网工程、数字媒体技术专业除外）"",""学历"":""仅限本科"",""学位"":""学士"",""政治面貌"":""不限"",""基层工作最低年限"":""二年"",""服务基层项目工作经历"":""无限制"",""是否在面试阶段组织专业能力测试"":""否"",""面试人员比例"":""3:1"",""工作地点"":""吉林省白城市"",""落户地点"":""吉林省白城市"",""备注"":""限男性；本单位最低服务年限为5年（含试用期）。"",""部门网站"":""无"",""咨询电话1"":""0431-85899731"",""咨询电话2"":"""",""咨询电话3"":"""",""来源Sheet"":""中央国家行政机关参照公务员法管理事业单位""}}"
"government_jobs","国家公务员2024招考简章","公务员/事业单位技术岗位","吉林省白城市","2026-07-28T09:12:58.310295+00:00","白城调查队综合科室一级科员（2）","国家统计局吉林调查总队","","吉林省白城市","公务员/事业单位;2024;computer_software;data_ai;仅限本科;学士;中国语言文学类（中国少数民族语言文学除外）、计算机类（物联网工程、数字媒体技术专业除外）;市（地）级及以下直属机构综合管理类","用人司局：国家统计局吉林调查总队
职位简介：从事一线入户调查、数据处理、统计分析、统计研究等工作。
专业要求：中国语言文学类（中国少数民族语言文学除外）、计算机类（物联网工程、数字媒体技术专业除外）
学历要求：仅限本科
学位要求：学士
政治面貌：不限
基层工作经历：二年
考试类别：市（地）级及以下直属机构综合管理类
备注：限女性；本单位最低服务年限为5年（含试用期）。","https://www.xuanhan.gov.cn/xxgk-show-77635.html#135107-400110107021","2023-10-15","{""dataset_year"":2024,""job_uid"":""GOV-2024-135107-400110107021"",""publisher"":""国家公务员局"",""publication_page"":""https://www.xuanhan.gov.cn/xxgk-show-77635.html"",""attachment_url"":""https://www.xuanhan.gov.cn/uploadfile/1/Attachment/638fdecf51.zip"",""local_source_file"":""中央机关及其直属机构2024年度考试录用公务员招考简章.xls"",""local_source_sha256"":""a1741b99dbecd6d03e533f99f2d69b0fa5a79733e551b80af69986ceed2ad996"",""source_sheet"":""中央国家行政机关参照公务员法管理事业单位"",""filter_version"":""government_tech_v2"",""tech_filter"":{""is_tech"":true,""is_core_tech"":true,""scope"":""core"",""categories"":[""computer_software"",""data_ai""],""matched_fields"":[""major"",""description""],""major_terms"":[""数字媒体技术"",""物联网工程"",""计算机类""],""role_terms"":[""数据处理""],""reason"":""tech_major_and_role""},""original"":{""部门代码"":""135107"",""部门名称"":""国家统计局吉林调查总队"",""用人司局"":""国家统计局吉林调查总队"",""机构性质"":""中央国家行政机关参照公务员法管理事业单位"",""招考职位"":""白城调查队综合科室一级科员（2）"",""职位属性"":""普通职位"",""职位分布"":""西部地区和艰苦边远地区职位"",""职位简介"":""从事一线入户调查、数据处理、统计分析、统计研究等工作。"",""职位代码"":""400110107021"",""机构层级"":""市（地）级"",""考试类别"":""市（地）级及以下直属机构综合管理类"",""招考人数"":""1"",""专业"":""中国语言文学类（中国少数民族语言文学除外）、计算机类（物联网工程、数字媒体技术专业除外）"",""学历"":""仅限本科"",""学位"":""学士"",""政治面貌"":""不限"",""基层工作最低年限"":""二年"",""服务基层项目工作经历"":""无限制"",""是否在面试阶段组织专业能力测试"":""否"",""面试人员比例"":""3:1"",""工作地点"":""吉林省白城市"",""落户地点"":""吉林省白城市"",""备注"":""限女性；本单位最低服务年限为5年（含试用期）。"",""部门网站"":""无"",""咨询电话1"":""0431-85899731"",""咨询电话2"":"""",""咨询电话3"":"""",""来源Sheet"":""中央国家行政机关参照公务员法管理事业单位""}}"
"government_jobs","国家公务员2024招考简章","公务员/事业单位技术岗位","吉林省四平市双辽市","2026-07-28T09:12:58.310295+00:00","双辽调查队一级科员（1）","国家统计局吉林调查总队","","吉林省四平市双辽市","公务员/事业单位;2024;computer_software;data_ai;仅限本科;学士;统计学类、数学类、计算机类（物联网工程、数字媒体技术专业除外）;市（地）级及以下直属机构综合管理类","用人司局：国家统计局吉林调查总队
职位简介：从事一线入户调查、数据处理、统计分析、统计研究等工作。
专业要求：统计学类、数学类、计算机类（物联网工程、数字媒体技术专业除外）
学历要求：仅限本科
学位要求：学士
政治面貌：不限
基层工作经历：无限制
考试类别：市（地）级及以下直属机构综合管理类
备注：限男性；限应届高校毕业生；本单位最低服务年限为5年（含试用期）。","https://www.xuanhan.gov.cn/xxgk-show-77635.html#135107-400110107029","2023-10-15","{""dataset_year"":2024,""job_uid"":""GOV-2024-135107-400110107029"",""publisher"":""国家公务员局"",""publication_page"":""https://www.xuanhan.gov.cn/xxgk-show-77635.html"",""attachment_url"":""https://www.xuanhan.gov.cn/uploadfile/1/Attachment/638fdecf51.zip"",""local_source_file"":""中央机关及其直属机构2024年度考试录用公务员招考简章.xls"",""local_source_sha256"":""a1741b99dbecd6d03e533f99f2d69b0fa5a79733e551b80af69986ceed2ad996"",""source_sheet"":""中央国家行政机关参照公务员法管理事业单位"",""filter_version"":""government_tech_v2"",""tech_filter"":{""is_tech"":true,""is_core_tech"":true,""scope"":""core"",""categories"":[""computer_software"",""data_ai""],""matched_fields"":[""major"",""description""],""major_terms"":[""数字媒体技术"",""物联网工程"",""计算机类""],""role_terms"":[""数据处理""],""reason"":""tech_major_and_role""},""original"":{""部门代码"":""135107"",""部门名称"":""国家统计局吉林调查总队"",""用人司局"":""国家统计局吉林调查总队"",""机构性质"":""中央国家行政机关参照公务员法管理事业单位"",""招考职位"":""双辽调查队一级科员（1）"",""职位属性"":""普通职位"",""职位分布"":""西部地区和艰苦边远地区职位"",""职位简介"":""从事一线入户调查、数据处理、统计分析、统计研究等工作。"",""职位代码"":""400110107029"",""机构层级"":""县（区）级及以下"",""考试类别"":""市（地）级及以下直属机构综合管理类"",""招考人数"":""1"",""专业"":""统计学类、数学类、计算机类（物联网工程、数字媒体技术专业除外）"",""学历"":""仅限本科"",""学位"":""学士"",""政治面貌"":""不限"",""基层工作最低年限"":""无限制"",""服务基层项目工作经历"":""无限制"",""是否在面试阶段组织专业能力测试"":""否"",""面试人员比例"":""3:1"",""工作地点"":""吉林省四平市双辽市"",""落户地点"":""吉林省四平市双辽市"",""备注"":""限男性；限应届高校毕业生；本单位最低服务年限为5年（含试用期）。"",""部门网站"":""无"",""咨询电话1"":""0431-85899731"",""咨询电话2"":"""",""咨询电话3"":"""",""来源Sheet"":""中央国家行政机关参照公务员法管理事业单位""}}"
"government_jobs","国家公务员2024招考简章","公务员/事业单位技术岗位","吉林省四平市双辽市","2026-07-28T09:12:58.310295+00:00","双辽调查队一级科员（2）","国家统计局吉林调查总队","","吉林省四平市双辽市","公务员/事业单位;2024;computer_software;data_ai;仅限本科;学士;统计学类、数学类、计算机类（物联网工程、数字媒体技术专业除外）;市（地）级及以下直属机构综合管理类","用人司局：国家统计局吉林调查总队
职位简介：从事一线入户调查、数据处理、统计分析、统计研究等工作。
专业要求：统计学类、数学类、计算机类（物联网工程、数字媒体技术专业除外）
学历要求：仅限本科
学位要求：学士
政治面貌：不限
基层工作经历：无限制
考试类别：市（地）级及以下直属机构综合管理类
备注：限女性；限应届高校毕业生；本单位最低服务年限为5年（含试用期）。","https://www.xuanhan.gov.cn/xxgk-show-77635.html#135107-400110107030","2023-10-15","{""dataset_year"":2024,""job_uid"":""GOV-2024-135107-400110107030"",""publisher"":""国家公务员局"",""publication_page"":""https://www.xuanhan.gov.cn/xxgk-show-77635.html"",""attachment_url"":""https://www.xuanhan.gov.cn/uploadfile/1/Attachment/638fdecf51.zip"",""local_source_file"":""中央机关及其直属机构2024年度考试录用公务员招考简章.xls"",""local_source_sha256"":""a1741b99dbecd6d03e533f99f2d69b0fa5a79733e551b80af69986ceed2ad996"",""source_sheet"":""中央国家行政机关参照公务员法管理事业单位"",""filter_version"":""government_tech_v2"",""tech_filter"":{""is_tech"":true,""is_core_tech"":true,""scope"":""core"",""categories"":[""computer_software"",""data_ai""],""matched_fields"":[""major"",""description""],""major_terms"":[""数字媒体技术"",""物联网工程"",""计算机类""],""role_terms"":[""数据处理""],""reason"":""tech_major_and_role""},""original"":{""部门代码"":""135107"",""部门名称"":""国家统计局吉林调查总队"",""用人司局"":""国家统计局吉林调查总队"",""机构性质"":""中央国家行政机关参照公务员法管理事业单位"",""招考职位"":""双辽调查队一级科员（2）"",""职位属性"":""普通职位"",""职位分布"":""西部地区和艰苦边远地区职位"",""职位简介"":""从事一线入户调查、数据处理、统计分析、统计研究等工作。"",""职位代码"":""400110107030"",""机构层级"":""县（区）级及以下"",""考试类别"":""市（地）级及以下直属机构综合管理类"",""招考人数"":""1"",""专业"":""统计学类、数学类、计算机类（物联网工程、数字媒体技术专业除外）"",""学历"":""仅限本科"",""学位"":""学士"",""政治面貌"":""不限"",""基层工作最低年限"":""无限制"",""服务基层项目工作经历"":""无限制"",""是否在面试阶段组织专业能力测试"":""否"",""面试人员比例"":""3:1"",""工作地点"":""吉林省四平市双辽市"",""落户地点"":""吉林省四平市双辽市"",""备注"":""限女性；限应届高校毕业生；本单位最低服务年限为5年（含试用期）。"",""部门网站"":""无"",""咨询电话1"":""0431-85899731"",""咨询电话2"":"""",""咨询电话3"":"""",""来源Sheet"":""中央国家行政机关参照公务员法管理事业单位""}}"
"government_jobs","国家公务员2024招考简章","公务员/事业单位技术岗位","吉林省辽源市东辽县","2026-07-28T09:12:58.310295+00:00","东辽调查队一级科员（1）","国家统计局吉林调查总队","","吉林省辽源市东辽县","公务员/事业单位;2024;computer_software;data_ai;仅限本科;学士;统计学类、计算机类（物联网工程、数字媒体技术专业除外）、中国语言文学类（中国少数民族语言文学除外）、农林经济管理类、财务管理专业;市（地）级及以下直属机构综合管理类","用人司局：国家统计局吉林调查总队
职位简介：从事一线入户调查、数据处理、统计分析、统计研究等工作。
专业要求：统计学类、计算机类（物联网工程、数字媒体技术专业除外）、中国语言文学类（中国少数民族语言文学除外）、农林经济管理类、财务管理专业
学历要求：仅限本科
学位要求：学士
政治面貌：不限
基层工作经历：无限制
考试类别：市（地）级及以下直属机构综合管理类
备注：限男性；限应届高校毕业生；本单位最低服务年限为5年（含试用期）。","https://www.xuanhan.gov.cn/xxgk-show-77635.html#135107-400110107032","2023-10-15","{""dataset_year"":2024,""job_uid"":""GOV-2024-135107-400110107032"",""publisher"":""国家公务员局"",""publication_page"":""https://www.xuanhan.gov.cn/xxgk-show-77635.html"",""attachment_url"":""https://www.xuanhan.gov.cn/uploadfile/1/Attachment/638fdecf51.zip"",""local_source_file"":""中央机关及其直属机构2024年度考试录用公务员招考简章.xls"",""local_source_sha256"":""a1741b99dbecd6d03e533f99f2d69b0fa5a79733e551b80af69986ceed2ad996"",""source_sheet"":""中央国家行政机关参照公务员法管理事业单位"",""filter_version"":""government_tech_v2"",""tech_filter"":{""is_tech"":true,""is_core_tech"":true,""scope"":""core"",""categories"":[""computer_software"",""data_ai""],""matched_fields"":[""major"",""description""],""major_terms"":[""数字媒体技术"",""物联网工程"",""计算机类""],""role_terms"":[""数据处理""],""reason"":""tech_major_and_role""},""original"":{""部门代码"":""135107"",""部门名称"":""国家统计局吉林调查总队"",""用人司局"":""国家统计局吉林调查总队"",""机构性质"":""中央国家行政机关参照公务员法管理事业单位"",""招考职位"":""东辽调查队一级科员（1）"",""职位属性"":""普通职位"",""职位分布"":""西部地区和艰苦边远地区职位"",""职位简介"":""从事一线入户调查、数据处理、统计分析、统计研究等工作。"",""职位代码"":""400110107032"",""机构层级"":""县（区）级及以下"",""考试类别"":""市（地）级及以下直属机构综合管理类"",""招考人数"":""1"",""专业"":""统计学类、计算机类（物联网工程、数字媒体技术专业除外）、中国语言文学类（中国少数民族语言文学除外）、农林经济管理类、财务管理专业"",""学历"":""仅限本科"",""学位"":""学士"",""政治面貌"":""不限"",""基层工作最低年限"":""无限制"",""服务基层项目工作经历"":""无限制"",""是否在面试阶段组织专业能力测试"":""否"",""面试人员比例"":""3:1"",""工作地点"":""吉林省辽源市东辽县"",""落户地点"":""吉林省辽源市东辽县"",""备注"":""限男性；限应届高校毕业生；本单位最低服务年限为5年（含试用期）。"",""部门网站"":""无"",""咨询电话1"":""0431-85899731"",""咨询电话2"":"""",""咨询电话3"":"""",""来源Sheet"":""中央国家行政机关参照公务员法管理事业单位""}}"
"government_jobs","国家公务员2024招考简章","公务员/事业单位技术岗位","吉林省辽源市东辽县","2026-07-28T09:12:58.310295+00:00","东辽调查队一级科员（2）","国家统计局吉林调查总队","","吉林省辽源市东辽县","公务员/事业单位;2024;computer_software;data_ai;仅限本科;学士;统计学类、计算机类（物联网工程、数字媒体技术专业除外）、中国语言文学类（中国少数民族语言文学除外）、农林经济管理类、财务管理专业;市（地）级及以下直属机构综合管理类","用人司局：国家统计局吉林调查总队
职位简介：从事一线入户调查、数据处理、统计分析、统计研究等工作。
专业要求：统计学类、计算机类（物联网工程、数字媒体技术专业除外）、中国语言文学类（中国少数民族语言文学除外）、农林经济管理类、财务管理专业
学历要求：仅限本科
学位要求：学士
政治面貌：不限
基层工作经历：无限制
考试类别：市（地）级及以下直属机构综合管理类
备注：限女性；限应届高校毕业生；本单位最低服务年限为5年（含试用期）。","https://www.xuanhan.gov.cn/xxgk-show-77635.html#135107-400110107033","2023-10-15","{""dataset_year"":2024,""job_uid"":""GOV-2024-135107-400110107033"",""publisher"":""国家公务员局"",""publication_page"":""https://www.xuanhan.gov.cn/xxgk-show-77635.html"",""attachment_url"":""https://www.xuanhan.gov.cn/uploadfile/1/Attachment/638fdecf51.zip"",""local_source_file"":""中央机关及其直属机构2024年度考试录用公务员招考简章.xls"",""local_source_sha256"":""a1741b99dbecd6d03e533f99f2d69b0fa5a79733e551b80af69986ceed2ad996"",""source_sheet"":""中央国家行政机关参照公务员法管理事业单位"",""filter_version"":""government_tech_v2"",""tech_filter"":{""is_tech"":true,""is_core_tech"":true,""scope"":""core"",""categories"":[""computer_software"",""data_ai""],""matched_fields"":[""major"",""description""],""major_terms"":[""数字媒体技术"",""物联网工程"",""计算机类""],""role_terms"":[""数据处理""],""reason"":""tech_major_and_role""},""original"":{""部门代码"":""135107"",""部门名称"":""国家统计局吉林调查总队"",""用人司局"":""国家统计局吉林调查总队"",""机构性质"":""中央国家行政机关参照公务员法管理事业单位"",""招考职位"":""东辽调查队一级科员（2）"",""职位属性"":""普通职位"",""职位分布"":""西部地区和艰苦边远地区职位"",""职位简介"":""从事一线入户调查、数据处理、统计分析、统计研究等工作。"",""职位代码"":""400110107033"",""机构层级"":""县（区）级及以下"",""考试类别"":""市（地）级及以下直属机构综合管理类"",""招考人数"":""1"",""专业"":""统计学类、计算机类（物联网工程、数字媒体技术专业除外）、中国语言文学类（中国少数民族语言文学除外）、农林经济管理类、财务管理专业"",""学历"":""仅限本科"",""学位"":""学士"",""政治面貌"":""不限"",""基层工作最低年限"":""无限制"",""服务基层项目工作经历"":""无限制"",""是否在面试阶段组织专业能力测试"":""否"",""面试人员比例"":""3:1"",""工作地点"":""吉林省辽源市东辽县"",""落户地点"":""吉林省辽源市东辽县"",""备注"":""限女性；限应届高校毕业生；本单位最低服务年限为5年（含试用期）。"",""部门网站"":""无"",""咨询电话1"":""0431-85899731"",""咨询电话2"":"""",""咨询电话3"":"""",""来源Sheet"":""中央国家行政机关参照公务员法管理事业单位""}}"
"government_jobs","国家公务员2024招考简章","公务员/事业单位技术岗位","吉林省辽源市东辽县","2026-07-28T09:12:58.310295+00:00","东辽调查队一级科员（3）","国家统计局吉林调查总队","","吉林省辽源市东辽县","公务员/事业单位;2024;computer_software;data_ai;仅限本科;学士;统计学类、计算机类（物联网工程、数字媒体技术专业除外）、中国语言文学类（中国少数民族语言文学除外）、农林经济管理类、财务管理专业;市（地）级及以下直属机构综合管理类","用人司局：国家统计局吉林调查总队
职位简介：从事一线入户调查、数据处理、统计分析、统计研究等工作。
专业要求：统计学类、计算机类（物联网工程、数字媒体技术专业除外）、中国语言文学类（中国少数民族语言文学除外）、农林经济管理类、财务管理专业
学历要求：仅限本科
学位要求：学士
政治面貌：中共党员
基层工作经历：无限制
考试类别：市（地）级及以下直属机构综合管理类
备注：本单位最低服务年限为5年（含试用期）。","https://www.xuanhan.gov.cn/xxgk-show-77635.html#135107-400110107034","2023-10-15","{""dataset_year"":2024,""job_uid"":""GOV-2024-135107-400110107034"",""publisher"":""国家公务员局"",""publication_page"":""https://www.xuanhan.gov.cn/xxgk-show-77635.html"",""attachment_url"":""https://www.xuanhan.gov.cn/uploadfile/1/Attachment/638fdecf51.zip"",""local_source_file"":""中央机关及其直属机构2024年度考试录用公务员招考简章.xls"",""local_source_sha256"":""a1741b99dbecd6d03e533f99f2d69b0fa5a79733e551b80af69986ceed2ad996"",""source_sheet"":""中央国家行政机关参照公务员法管理事业单位"",""filter_version"":""government_tech_v2"",""tech_filter"":{""is_tech"":true,""is_core_tech"":true,""scope"":""core"",""categories"":[""computer_software"",""data_ai""],""matched_fields"":[""major"",""description""],""major_terms"":[""数字媒体技术"",""物联网工程"",""计算机类""],""role_terms"":[""数据处理""],""reason"":""tech_major_and_role""},""original"":{""部门代码"":""135107"",""部门名称"":""国家统计局吉林调查总队"",""用人司局"":""国家统计局吉林调查总队"",""机构性质"":""中央国家行政机关参照公务员法管理事业单位"",""招考职位"":""东辽调查队一级科员（3）"",""职位属性"":""普通职位"",""职位分布"":""西部地区和艰苦边远地区职位"",""职位简介"":""从事一线入户调查、数据处理、统计分析、统计研究等工作。"",""职位代码"":""400110107034"",""机构层级"":""县（区）级及以下"",""考试类别"":""市（地）级及以下直属机构综合管理类"",""招考人数"":""1"",""专业"":""统计学类、计算机类（物联网工程、数字媒体技术专业除外）、中国语言文学类（中国少数民族语言文学除外）、农林经济管理类、财务管理专业"",""学历"":""仅限本科"",""学位"":""学士"",""政治面貌"":""中共党员"",""基层工作最低年限"":""无限制"",""服务基层项目工作经历"":""无限制"",""是否在面试阶段组织专业能力测试"":""否"",""面试人员比例"":""3:1"",""工作地点"":""吉林省辽源市东辽县"",""落户地点"":""吉林省辽源市东辽县"",""备注"":""本单位最低服务年限为5年（含试用期）。"",""部门网站"":""无"",""咨询电话1"":""0431-85899731"",""咨询电话2"":"""",""咨询电话3"":"""",""来源Sheet"":""中央国家行政机关参照公务员法管理事业单位""}}"
"government_jobs","国家公务员2024招考简章","公务员/事业单位技术岗位","吉林省通化市通化县","2026-07-28T09:12:58.310295+00:00","通化县调查队一级科员（1）","国家统计局吉林调查总队","","吉林省通化市通化县","公务员/事业单位;2024;computer_software;data_ai;仅限本科;学士;经济学类、统计学类、计算机类（物联网工程、数字媒体技术专业除外）、中国语言文学类（中国少数民族语言文学除外）、法学类、会计学专业、财务管理专业;市（地）级及以下直属机构综合管理类","用人司局：国家统计局吉林调查总队
职位简介：从事一线入户调查、数据处理、统计分析、统计研究等工作。
专业要求：经济学类、统计学类、计算机类（物联网工程、数字媒体技术专业除外）、中国语言文学类（中国少数民族语言文学除外）、法学类、会计学专业、财务管理专业
学历要求：仅限本科
学位要求：学士
政治面貌：不限
基层工作经历：无限制
考试类别：市（地）级及以下直属机构综合管理类
备注：限男性；限应届高校毕业生；限吉林省户籍；本单位最低服务年限为5年（含试用期）。","https://www.xuanhan.gov.cn/xxgk-show-77635.html#135107-400110107036","2023-10-15","{""dataset_year"":2024,""job_uid"":""GOV-2024-135107-400110107036"",""publisher"":""国家公务员局"",""publication_page"":""https://www.xuanhan.gov.cn/xxgk-show-77635.html"",""attachment_url"":""https://www.xuanhan.gov.cn/uploadfile/1/Attachment/638fdecf51.zip"",""local_source_file"":""中央机关及其直属机构2024年度考试录用公务员招考简章.xls"",""local_source_sha256"":""a1741b99dbecd6d03e533f99f2d69b0fa5a79733e551b80af69986ceed2ad996"",""source_sheet"":""中央国家行政机关参照公务员法管理事业单位"",""filter_version"":""government_tech_v2"",""tech_filter"":{""is_tech"":true,""is_core_tech"":true,""scope"":""core"",""categories"":[""computer_software"",""data_ai""],""matched_fields"":[""major"",""description""],""major_terms"":[""数字媒体技术"",""物联网工程"",""计算机类""],""role_terms"":[""数据处理""],""reason"":""tech_major_and_role""},""original"":{""部门代码"":""135107"",""部门名称"":""国家统计局吉林调查总队"",""用人司局"":""国家统计局吉林调查总队"",""机构性质"":""中央国家行政机关参照公务员法管理事业单位"",""招考职位"":""通化县调查队一级科员（1）"",""职位属性"":""普通职位"",""职位分布"":""西部地区和艰苦边远地区职位"",""职位简介"":""从事一线入户调查、数据处理、统计分析、统计研究等工作。"",""职位代码"":""400110107036"",""机构层级"":""县（区）级及以下"",""考试类别"":""市（地）级及以下直属机构综合管理类"",""招考人数"":""1"",""专业"":""经济学类、统计学类、计算机类（物联网工程、数字媒体技术专业除外）、中国语言文学类（中国少数民族语言文学除外）、法学类、会计学专业、财务管理专业"",""学历"":""仅限本科"",""学位"":""学士"",""政治面貌"":""不限"",""基层工作最低年限"":""无限制"",""服务基层项目工作经历"":""无限制"",""是否在面试阶段组织专业能力测试"":""否"",""面试人员比例"":""3:1"",""工作地点"":""吉林省通化市通化县"",""落户地点"":""吉林省通化市通化县"",""备注"":""限男性；限应届高校毕业生；限吉林省户籍；本单位最低服务年限为5年（含试用期）。"",""部门网站"":""无"",""咨询电话1"":""0431-85899731"",""咨询电话2"":"""",""咨询电话3"":"""",""来源Sheet"":""中央国家行政机关参照公务员法管理事业单位""}}"
"government_jobs","国家公务员2024招考简章","公务员/事业单位技术岗位","吉林省通化市通化县","2026-07-28T09:12:58.310295+00:00","通化县调查队一级科员（2）","国家统计局吉林调查总队","","吉林省通化市通化县","公务员/事业单位;2024;computer_software;data_ai;仅限本科;学士;经济学类、统计学类、计算机类（物联网工程、数字媒体技术专业除外）、中国语言文学类（中国少数民族语言文学除外）、法学类、会计学专业、财务管理专业;市（地）级及以下直属机构综合管理类","用人司局：国家统计局吉林调查总队
职位简介：从事一线入户调查、数据处理、统计分析、统计研究等工作。
专业要求：经济学类、统计学类、计算机类（物联网工程、数字媒体技术专业除外）、中国语言文学类（中国少数民族语言文学除外）、法学类、会计学专业、财务管理专业
学历要求：仅限本科
学位要求：学士
政治面貌：不限
基层工作经历：无限制
考试类别：市（地）级及以下直属机构综合管理类
备注：限女性；限应届高校毕业生；限吉林省户籍；本单位最低服务年限为5年（含试用期）。","https://www.xuanhan.gov.cn/xxgk-show-77635.html#135107-400110107037","2023-10-15","{""dataset_year"":2024,""job_uid"":""GOV-2024-135107-400110107037"",""publisher"":""国家公务员局"",""publication_page"":""https://www.xuanhan.gov.cn/xxgk-show-77635.html"",""attachment_url"":""https://www.xuanhan.gov.cn/uploadfile/1/Attachment/638fdecf51.zip"",""local_source_file"":""中央机关及其直属机构2024年度考试录用公务员招考简章.xls"",""local_source_sha256"":""a1741b99dbecd6d03e533f99f2d69b0fa5a79733e551b80af69986ceed2ad996"",""source_sheet"":""中央国家行政机关参照公务员法管理事业单位"",""filter_version"":""government_tech_v2"",""tech_filter"":{""is_tech"":true,""is_core_tech"":true,""scope"":""core"",""categories"":[""computer_software"",""data_ai""],""matched_fields"":[""major"",""description""],""major_terms"":[""数字媒体技术"",""物联网工程"",""计算机类""],""role_terms"":[""数据处理""],""reason"":""tech_major_and_role""},""original"":{""部门代码"":""135107"",""部门名称"":""国家统计局吉林调查总队"",""用人司局"":""国家统计局吉林调查总队"",""机构性质"":""中央国家行政机关参照公务员法管理事业单位"",""招考职位"":""通化县调查队一级科员（2）"",""职位属性"":""普通职位"",""职位分布"":""西部地区和艰苦边远地区职位"",""职位简介"":""从事一线入户调查、数据处理、统计分析、统计研究等工作。"",""职位代码"":""400110107037"",""机构层级"":""县（区）级及以下"",""考试类别"":""市（地）级及以下直属机构综合管理类"",""招考人数"":""1"",""专业"":""经济学类、统计学类、计算机类（物联网工程、数字媒体技术专业除外）、中国语言文学类（中国少数民族语言文学除外）、法学类、会计学专业、财务管理专业"",""学历"":""仅限本科"",""学位"":""学士"",""政治面貌"":""不限"",""基层工作最低年限"":""无限制"",""服务基层项目工作经历"":""无限制"",""是否在面试阶段组织专业能力测试"":""否"",""面试人员比例"":""3:1"",""工作地点"":""吉林省通化市通化县"",""落户地点"":""吉林省通化市通化县"",""备注"":""限女性；限应届高校毕业生；限吉林省户籍；本单位最低服务年限为5年（含试用期）。"",""部门网站"":""无"",""咨询电话1"":""0431-85899731"",""咨询电话2"":"""",""咨询电话3"":"""",""来源Sheet"":""中央国家行政机关参照公务员法管理事业单位""}}"
"government_jobs","国家公务员2024招考简章","公务员/事业单位技术岗位","吉林省延边朝鲜族自治州和龙市","2026-07-28T09:12:58.310295+00:00","和龙调查队一级科员","国家统计局吉林调查总队","","吉林省延边朝鲜族自治州和龙市","公务员/事业单位;2024;computer_software;data_ai;仅限本科;学士;经济学类、统计学类、计算机类（物联网工程、数字媒体技术专业除外）、中国语言文学类（中国少数民族语言文学除外）、财务管理专业;市（地）级及以下直属机构综合管理类","用人司局：国家统计局吉林调查总队
职位简介：从事一线入户调查、数据处理、统计分析、统计研究等工作。
专业要求：经济学类、统计学类、计算机类（物联网工程、数字媒体技术专业除外）、中国语言文学类（中国少数民族语言文学除外）、财务管理专业
学历要求：仅限本科
学位要求：学士
政治面貌：不限
基层工作经历：无限制
考试类别：市（地）级及以下直属机构综合管理类
备注：限应届高校毕业生；限延边地区户籍;本单位最低服务年限为5年（含试用期）。","https://www.xuanhan.gov.cn/xxgk-show-77635.html#135107-400110107039","2023-10-15","{""dataset_year"":2024,""job_uid"":""GOV-2024-135107-400110107039"",""publisher"":""国家公务员局"",""publication_page"":""https://www.xuanhan.gov.cn/xxgk-show-77635.html"",""attachment_url"":""https://www.xuanhan.gov.cn/uploadfile/1/Attachment/638fdecf51.zip"",""local_source_file"":""中央机关及其直属机构2024年度考试录用公务员招考简章.xls"",""local_source_sha256"":""a1741b99dbecd6d03e533f99f2d69b0fa5a79733e551b80af69986ceed2ad996"",""source_sheet"":""中央国家行政机关参照公务员法管理事业单位"",""filter_version"":""government_tech_v2"",""tech_filter"":{""is_tech"":true,""is_core_tech"":true,""scope"":""core"",""categories"":[""computer_software"",""data_ai""],""matched_fields"":[""major"",""description""],""major_terms"":[""数字媒体技术"",""物联网工程"",""计算机类""],""role_terms"":[""数据处理""],""reason"":""tech_major_and_role""},""original"":{""部门代码"":""135107"",""部门名称"":""国家统计局吉林调查总队"",""用人司局"":""国家统计局吉林调查总队"",""机构性质"":""中央国家行政机关参照公务员法管理事业单位"",""招考职位"":""和龙调查队一级科员"",""职位属性"":""普通职位"",""职位分布"":""西部地区和艰苦边远地区职位"",""职位简介"":""从事一线入户调查、数据处理、统计分析、统计研究等工作。"",""职位代码"":""400110107039"",""机构层级"":""县（区）级及以下"",""考试类别"":""市（地）级及以下直属机构综合管理类"",""招考人数"":""1"",""专业"":""经济学类、统计学类、计算机类（物联网工程、数字媒体技术专业除外）、中国语言文学类（中国少数民族语言文学除外）、财务管理专业"",""学历"":""仅限本科"",""学位"":""学士"",""政治面貌"":""不限"",""基层工作最低年限"":""无限制"",""服务基层项目工作经历"":""无限制"",""是否在面试阶段组织专业能力测试"":""否"",""面试人员比例"":""3:1"",""工作地点"":""吉林省延边朝鲜族自治州和龙市"",""落户地点"":""吉林省延边朝鲜族自治州和龙市"",""备注"":""限应届高校毕业生；限延边地区户籍;本单位最低服务年限为5年（含试用期）。"",""部门网站"":""无"",""咨询电话1"":""0431-85899731"",""咨询电话2"":"""",""咨询电话3"":"""",""来源Sheet"":""中央国家行政机关参照公务员法管理事业单位""}}"
"government_jobs","国家公务员2024招考简章","公务员/事业单位技术岗位","黑龙江省鸡西市","2026-07-28T09:12:58.310295+00:00","鸡西调查队业务科室一级科员","国家统计局黑龙江调查总队","","黑龙江省鸡西市","公务员/事业单位;2024;computer_software;data_ai;仅限本科;学士;经济学类、计算机类、统计学类;市（地）级及以下直属机构综合管理类","用人司局：国家统计局黑龙江调查总队
职位简介：从事一线入户调查、数据处理、统计分析、统计研究等工作。
专业要求：经济学类、计算机类、统计学类
学历要求：仅限本科
学位要求：学士
政治面貌：不限
基层工作经历：无限制
考试类别：市（地）级及以下直属机构综合管理类
备注：本单位最低服务年限为5年（含试用期）。","https://www.xuanhan.gov.cn/xxgk-show-77635.html#135108-400110108004","2023-10-15","{""dataset_year"":2024,""job_uid"":""GOV-2024-135108-400110108004"",""publisher"":""国家公务员局"",""publication_page"":""https://www.xuanhan.gov.cn/xxgk-show-77635.html"",""attachment_url"":""https://www.xuanhan.gov.cn/uploadfile/1/Attachment/638fdecf51.zip"",""local_source_file"":""中央机关及其直属机构2024年度考试录用公务员招考简章.xls"",""local_source_sha256"":""a1741b99dbecd6d03e533f99f2d69b0fa5a79733e551b80af69986ceed2ad996"",""source_sheet"":""中央国家行政机关参照公务员法管理事业单位"",""filter_version"":""government_tech_v2"",""tech_filter"":{""is_tech"":true,""is_core_tech"":true,""scope"":""core"",""categories"":[""computer_software"",""data_ai""],""matched_fields"":[""major"",""description""],""major_terms"":[""计算机类""],""role_terms"":[""数据处理""],""reason"":""tech_major_and_role""},""original"":{""部门代码"":""135108"",""部门名称"":""国家统计局黑龙江调查总队"",""用人司局"":""国家统计局黑龙江调查总队"",""机构性质"":""中央国家行政机关参照公务员法管理事业单位"",""招考职位"":""鸡西调查队业务科室一级科员"",""职位属性"":""普通职位"",""职位分布"":""西部地区和艰苦边远地区职位"",""职位简介"":""从事一线入户调查、数据处理、统计分析、统计研究等工作。"",""职位代码"":""400110108004"",""机构层级"":""市（地）级"",""考试类别"":""市（地）级及以下直属机构综合管理类"",""招考人数"":""2"",""专业"":""经济学类、计算机类、统计学类"",""学历"":""仅限本科"",""学位"":""学士"",""政治面貌"":""不限"",""基层工作最低年限"":""无限制"",""服务基层项目工作经历"":""无限制"",""是否在面试阶段组织专业能力测试"":""否"",""面试人员比例"":""3:1"",""工作地点"":""黑龙江省鸡西市"",""落户地点"":""黑龙江省鸡西市"",""备注"":""本单位最低服务年限为5年（含试用期）。"",""部门网站"":""无"",""咨询电话1"":""0451-86226311"",""咨询电话2"":"""",""咨询电话3"":"""",""来源Sheet"":""中央国家行政机关参照公务员法管理事业单位""}}"
"government_jobs","国家公务员2024招考简章","公务员/事业单位技术岗位","黑龙江省绥化市","2026-07-28T09:12:58.310295+00:00","绥化调查队业务科室一级科员（1）","国家统计局黑龙江调查总队","","黑龙江省绥化市","公务员/事业单位;2024;computer_software;data_ai;仅限本科;学士;计算机类、统计学类、中国语言文学类;市（地）级及以下直属机构综合管理类","用人司局：国家统计局黑龙江调查总队
职位简介：从事一线入户调查、数据处理、统计分析、统计研究等工作。
专业要求：计算机类、统计学类、中国语言文学类
学历要求：仅限本科
学位要求：学士
政治面貌：不限
基层工作经历：无限制
考试类别：市（地）级及以下直属机构综合管理类
备注：本单位最低服务年限为5年（含试用期）。","https://www.xuanhan.gov.cn/xxgk-show-77635.html#135108-400110108008","2023-10-15","{""dataset_year"":2024,""job_uid"":""GOV-2024-135108-400110108008"",""publisher"":""国家公务员局"",""publication_page"":""https://www.xuanhan.gov.cn/xxgk-show-77635.html"",""attachment_url"":""https://www.xuanhan.gov.cn/uploadfile/1/Attachment/638fdecf51.zip"",""local_source_file"":""中央机关及其直属机构2024年度考试录用公务员招考简章.xls"",""local_source_sha256"":""a1741b99dbecd6d03e533f99f2d69b0fa5a79733e551b80af69986ceed2ad996"",""source_sheet"":""中央国家行政机关参照公务员法管理事业单位"",""filter_version"":""government_tech_v2"",""tech_filter"":{""is_tech"":true,""is_core_tech"":true,""scope"":""core"",""categories"":[""computer_software"",""data_ai""],""matched_fields"":[""major"",""description""],""major_terms"":[""计算机类""],""role_terms"":[""数据处理""],""reason"":""tech_major_and_role""},""original"":{""部门代码"":""135108"",""部门名称"":""国家统计局黑龙江调查总队"",""用人司局"":""国家统计局黑龙江调查总队"",""机构性质"":""中央国家行政机关参照公务员法管理事业单位"",""招考职位"":""绥化调查队业务科室一级科员（1）"",""职位属性"":""普通职位"",""职位分布"":""西部地区和艰苦边远地区职位"",""职位简介"":""从事一线入户调查、数据处理、统计分析、统计研究等工作。"",""职位代码"":""400110108008"",""机构层级"":""市（地）级"",""考试类别"":""市（地）级及以下直属机构综合管理类"",""招考人数"":""1"",""专业"":""计算机类、统计学类、中国语言文学类"",""学历"":""仅限本科"",""学位"":""学士"",""政治面貌"":""不限"",""基层工作最低年限"":""无限制"",""服务基层项目工作经历"":""无限制"",""是否在面试阶段组织专业能力测试"":""否"",""面试人员比例"":""3:1"",""工作地点"":""黑龙江省绥化市"",""落户地点"":""黑龙江省绥化市"",""备注"":""本单位最低服务年限为5年（含试用期）。"",""部门网站"":""无"",""咨询电话1"":""0451-86226311"",""咨询电话2"":"""",""咨询电话3"":"""",""来源Sheet"":""中央国家行政机关参照公务员法管理事业单位""}}"
"government_jobs","国家公务员2024招考简章","公务员/事业单位技术岗位","黑龙江省绥化市","2026-07-28T09:12:58.310295+00:00","绥化调查队业务科室一级科员（2）","国家统计局黑龙江调查总队","","黑龙江省绥化市","公务员/事业单位;2024;computer_software;data_ai;electronics_communication;仅限本科;学士;电子信息类、计算机类;市（地）级及以下直属机构综合管理类","用人司局：国家统计局黑龙江调查总队
职位简介：从事一线入户调查、数据处理、统计分析、统计研究等工作。
专业要求：电子信息类、计算机类
学历要求：仅限本科
学位要求：学士
政治面貌：不限
基层工作经历：无限制
考试类别：市（地）级及以下直属机构综合管理类
备注：本单位最低服务年限为5年（含试用期）。","https://www.xuanhan.gov.cn/xxgk-show-77635.html#135108-400110108009","2023-10-15","{""dataset_year"":2024,""job_uid"":""GOV-2024-135108-400110108009"",""publisher"":""国家公务员局"",""publication_page"":""https://www.xuanhan.gov.cn/xxgk-show-77635.html"",""attachment_url"":""https://www.xuanhan.gov.cn/uploadfile/1/Attachment/638fdecf51.zip"",""local_source_file"":""中央机关及其直属机构2024年度考试录用公务员招考简章.xls"",""local_source_sha256"":""a1741b99dbecd6d03e533f99f2d69b0fa5a79733e551b80af69986ceed2ad996"",""source_sheet"":""中央国家行政机关参照公务员法管理事业单位"",""filter_version"":""government_tech_v2"",""tech_filter"":{""is_tech"":true,""is_core_tech"":true,""scope"":""core"",""categories"":[""computer_software"",""data_ai"",""electronics_communication""],""matched_fields"":[""major"",""description""],""major_terms"":[""电子信息类"",""计算机类""],""role_terms"":[""数据处理""],""reason"":""tech_major_and_role""},""original"":{""部门代码"":""135108"",""部门名称"":""国家统计局黑龙江调查总队"",""用人司局"":""国家统计局黑龙江调查总队"",""机构性质"":""中央国家行政机关参照公务员法管理事业单位"",""招考职位"":""绥化调查队业务科室一级科员（2）"",""职位属性"":""普通职位"",""职位分布"":""西部地区和艰苦边远地区职位"",""职位简介"":""从事一线入户调查、数据处理、统计分析、统计研究等工作。"",""职位代码"":""400110108009"",""机构层级"":""市（地）级"",""考试类别"":""市（地）级及以下直属机构综合管理类"",""招考人数"":""1"",""专业"":""电子信息类、计算机类"",""学历"":""仅限本科"",""学位"":""学士"",""政治面貌"":""不限"",""基层工作最低年限"":""无限制"",""服务基层项目工作经历"":""无限制"",""是否在面试阶段组织专业能力测试"":""否"",""面试人员比例"":""3:1"",""工作地点"":""黑龙江省绥化市"",""落户地点"":""黑龙江省绥化市"",""备注"":""本单位最低服务年限为5年（含试用期）。"",""部门网站"":""无"",""咨询电话1"":""0451-86226311"",""咨询电话2"":"""",""咨询电话3"":"""",""来源Sheet"":""中央国家行政机关参照公务员法管理事业单位""}}"
"government_jobs","国家公务员2024招考简章","公务员/事业单位技术岗位","黑龙江省黑河市","2026-07-28T09:12:58.310295+00:00","黑河调查队业务科室一级科员（2）","国家统计局黑龙江调查总队","","黑龙江省黑河市","公务员/事业单位;2024;computer_software;data_ai;仅限本科;学士;农学类、计算机类;市（地）级及以下直属机构综合管理类","用人司局：国家统计局黑龙江调查总队
职位简介：从事一线入户调查、数据处理、统计分析、统计研究等工作。
专业要求：农学类、计算机类
学历要求：仅限本科
学位要求：学士
政治面貌：不限
基层工作经历：二年
考试类别：市（地）级及以下直属机构综合管理类
备注：本单位最低服务年限为5年（含试用期）；限考核期满合格的大学生村官。","https://www.xuanhan.gov.cn/xxgk-show-77635.html#135108-400110108012","2023-10-15","{""dataset_year"":2024,""job_uid"":""GOV-2024-135108-400110108012"",""publisher"":""国家公务员局"",""publication_page"":""https://www.xuanhan.gov.cn/xxgk-show-77635.html"",""attachment_url"":""https://www.xuanhan.gov.cn/uploadfile/1/Attachment/638fdecf51.zip"",""local_source_file"":""中央机关及其直属机构2024年度考试录用公务员招考简章.xls"",""local_source_sha256"":""a1741b99dbecd6d03e533f99f2d69b0fa5a79733e551b80af69986ceed2ad996"",""source_sheet"":""中央国家行政机关参照公务员法管理事业单位"",""filter_version"":""government_tech_v2"",""tech_filter"":{""is_tech"":true,""is_core_tech"":true,""scope"":""core"",""categories"":[""computer_software"",""data_ai""],""matched_fields"":[""major"",""description""],""major_terms"":[""计算机类""],""role_terms"":[""数据处理""],""reason"":""tech_major_and_role""},""original"":{""部门代码"":""135108"",""部门名称"":""国家统计局黑龙江调查总队"",""用人司局"":""国家统计局黑龙江调查总队"",""机构性质"":""中央国家行政机关参照公务员法管理事业单位"",""招考职位"":""黑河调查队业务科室一级科员（2）"",""职位属性"":""普通职位"",""职位分布"":""西部地区和艰苦边远地区职位"",""职位简介"":""从事一线入户调查、数据处理、统计分析、统计研究等工作。"",""职位代码"":""400110108012"",""机构层级"":""市（地）级"",""考试类别"":""市（地）级及以下直属机构综合管理类"",""招考人数"":""1"",""专业"":""农学类、计算机类"",""学历"":""仅限本科"",""学位"":""学士"",""政治面貌"":""不限"",""基层工作最低年限"":""二年"",""服务基层项目工作经历"":""大学生村官"",""是否在面试阶段组织专业能力测试"":""否"",""面试人员比例"":""3:1"",""工作地点"":""黑龙江省黑河市"",""落户地点"":""黑龙江省黑河市"",""备注"":""本单位最低服务年限为5年（含试用期）；限考核期满合格的大学生村官。"",""部门网站"":""无"",""咨询电话1"":""0451-86226311"",""咨询电话2"":"""",""咨询电话3"":"""",""来源Sheet"":""中央国家行政机关参照公务员法管理事业单位""}}"
"government_jobs","国家公务员2024招考简章","公务员/事业单位技术岗位","黑龙江省伊春市嘉荫县","2026-07-28T09:12:58.310295+00:00","嘉荫调查队一级科员","国家统计局黑龙江调查总队","","黑龙江省伊春市嘉荫县","公务员/事业单位;2024;computer_software;data_ai;仅限本科;学士;农林管理类、计算机类、数学类;市（地）级及以下直属机构综合管理类","用人司局：国家统计局黑龙江调查总队
职位简介：从事一线入户调查、数据处理、统计分析、统计研究等工作。
专业要求：农林管理类、计算机类、数学类
学历要求：仅限本科
学位要求：学士
政治面貌：不限
基层工作经历：无限制
考试类别：市（地）级及以下直属机构综合管理类
备注：本单位最低服务年限为5年（含试用期）；限伊春市（含区县）户籍。","https://www.xuanhan.gov.cn/xxgk-show-77635.html#135108-400110108014","2023-10-15","{""dataset_year"":2024,""job_uid"":""GOV-2024-135108-400110108014"",""publisher"":""国家公务员局"",""publication_page"":""https://www.xuanhan.gov.cn/xxgk-show-77635.html"",""attachment_url"":""https://www.xuanhan.gov.cn/uploadfile/1/Attachment/638fdecf51.zip"",""local_source_file"":""中央机关及其直属机构2024年度考试录用公务员招考简章.xls"",""local_source_sha256"":""a1741b99dbecd6d03e533f99f2d69b0fa5a79733e551b80af69986ceed2ad996"",""source_sheet"":""中央国家行政机关参照公务员法管理事业单位"",""filter_version"":""government_tech_v2"",""tech_filter"":{""is_tech"":true,""is_core_tech"":true,""scope"":""core"",""categories"":[""computer_software"",""data_ai""],""matched_fields"":[""major"",""description""],""major_terms"":[""计算机类""],""role_terms"":[""数据处理""],""reason"":""tech_major_and_role""},""original"":{""部门代码"":""135108"",""部门名称"":""国家统计局黑龙江调查总队"",""用人司局"":""国家统计局黑龙江调查总队"",""机构性质"":""中央国家行政机关参照公务员法管理事业单位"",""招考职位"":""嘉荫调查队一级科员"",""职位属性"":""普通职位"",""职位分布"":""西部地区和艰苦边远地区职位"",""职位简介"":""从事一线入户调查、数据处理、统计分析、统计研究等工作。"",""职位代码"":""400110108014"",""机构层级"":""县（区）级及以下"",""考试类别"":""市（地）级及以下直属机构综合管理类"",""招考人数"":""1"",""专业"":""农林管理类、计算机类、数学类"",""学历"":""仅限本科"",""学位"":""学士"",""政治面貌"":""不限"",""基层工作最低年限"":""无限制"",""服务基层项目工作经历"":""无限制"",""是否在面试阶段组织专业能力测试"":""否"",""面试人员比例"":""3:1"",""工作地点"":""黑龙江省伊春市嘉荫县"",""落户地点"":""黑龙江省伊春市嘉荫县"",""备注"":""本单位最低服务年限为5年（含试用期）；限伊春市（含区县）户籍。"",""部门网站"":""无"",""咨询电话1"":""0451-86226311"",""咨询电话2"":"""",""咨询电话3"":"""",""来源Sheet"":""中央国家行政机关参照公务员法管理事业单位""}}"
"government_jobs","国家公务员2024招考简章","公务员/事业单位技术岗位","黑龙江省黑河市北安市","2026-07-28T09:12:58.310295+00:00","北安调查队一级科员","国家统计局黑龙江调查总队","","黑龙江省黑河市北安市","公务员/事业单位;2024;computer_software;data_ai;仅限本科;学士;农学类、工商管理及市场营销类、计算机类;市（地）级及以下直属机构综合管理类","用人司局：国家统计局黑龙江调查总队
职位简介：从事一线入户调查、数据处理、统计分析、统计研究等工作。
专业要求：农学类、工商管理及市场营销类、计算机类
学历要求：仅限本科
学位要求：学士
政治面貌：中共党员
基层工作经历：无限制
考试类别：市（地）级及以下直属机构综合管理类
备注：本单位最低服务年限为5年（含试用期）；限黑河市（含区县）户籍；限应届高校毕业生。","https://www.xuanhan.gov.cn/xxgk-show-77635.html#135108-400110108017","2023-10-15","{""dataset_year"":2024,""job_uid"":""GOV-2024-135108-400110108017"",""publisher"":""国家公务员局"",""publication_page"":""https://www.xuanhan.gov.cn/xxgk-show-77635.html"",""attachment_url"":""https://www.xuanhan.gov.cn/uploadfile/1/Attachment/638fdecf51.zip"",""local_source_file"":""中央机关及其直属机构2024年度考试录用公务员招考简章.xls"",""local_source_sha256"":""a1741b99dbecd6d03e533f99f2d69b0fa5a79733e551b80af69986ceed2ad996"",""source_sheet"":""中央国家行政机关参照公务员法管理事业单位"",""filter_version"":""government_tech_v2"",""tech_filter"":{""is_tech"":true,""is_core_tech"":true,""scope"":""core"",""categories"":[""computer_software"",""data_ai""],""matched_fields"":[""major"",""description""],""major_terms"":[""计算机类""],""role_terms"":[""数据处理""],""reason"":""tech_major_and_role""},""original"":{""部门代码"":""135108"",""部门名称"":""国家统计局黑龙江调查总队"",""用人司局"":""国家统计局黑龙江调查总队"",""机构性质"":""中央国家行政机关参照公务员法管理事业单位"",""招考职位"":""北安调查队一级科员"",""职位属性"":""普通职位"",""职位分布"":""西部地区和艰苦边远地区职位"",""职位简介"":""从事一线入户调查、数据处理、统计分析、统计研究等工作。"",""职位代码"":""400110108017"",""机构层级"":""县（区）级及以下"",""考试类别"":""市（地）级及以下直属机构综合管理类"",""招考人数"":""1"",""专业"":""农学类、工商管理及市场营销类、计算机类"",""学历"":""仅限本科"",""学位"":""学士"",""政治面貌"":""中共党员"",""基层工作最低年限"":""无限制"",""服务基层项目工作经历"":""无限制"",""是否在面试阶段组织专业能力测试"":""否"",""面试人员比例"":""3:1"",""工作地点"":""黑龙江省黑河市北安市"",""落户地点"":""黑龙江省黑河市北安市"",""备注"":""本单位最低服务年限为5年（含试用期）；限黑河市（含区县）户籍；限应届高校毕业生。"",""部门网站"":""无"",""咨询电话1"":""0451-86226311"",""咨询电话2"":"""",""咨询电话3"":"""",""来源Sheet"":""中央国家行政机关参照公务员法管理事业单位""}}"
"government_jobs","国家公务员2024招考简章","公务员/事业单位技术岗位","黑龙江省哈尔滨市宾县","2026-07-28T09:12:58.310295+00:00","宾县调查队一级科员（1）","国家统计局黑龙江调查总队","","黑龙江省哈尔滨市宾县","公务员/事业单位;2024;computer_software;data_ai;仅限本科;学士;农学类、计算机类、统计学类;市（地）级及以下直属机构综合管理类","用人司局：国家统计局黑龙江调查总队
职位简介：从事一线入户调查、数据处理、统计分析、统计研究等工作。
专业要求：农学类、计算机类、统计学类
学历要求：仅限本科
学位要求：学士
政治面貌：不限
基层工作经历：无限制
考试类别：市（地）级及以下直属机构综合管理类
备注：本单位最低服务年限为5年（含试用期）；限男性；限黑龙江省户籍；限2024届高校毕业生。","https://www.xuanhan.gov.cn/xxgk-show-77635.html#135108-400110108021","2023-10-15","{""dataset_year"":2024,""job_uid"":""GOV-2024-135108-400110108021"",""publisher"":""国家公务员局"",""publication_page"":""https://www.xuanhan.gov.cn/xxgk-show-77635.html"",""attachment_url"":""https://www.xuanhan.gov.cn/uploadfile/1/Attachment/638fdecf51.zip"",""local_source_file"":""中央机关及其直属机构2024年度考试录用公务员招考简章.xls"",""local_source_sha256"":""a1741b99dbecd6d03e533f99f2d69b0fa5a79733e551b80af69986ceed2ad996"",""source_sheet"":""中央国家行政机关参照公务员法管理事业单位"",""filter_version"":""government_tech_v2"",""tech_filter"":{""is_tech"":true,""is_core_tech"":true,""scope"":""core"",""categories"":[""computer_software"",""data_ai""],""matched_fields"":[""major"",""description""],""major_terms"":[""计算机类""],""role_terms"":[""数据处理""],""reason"":""tech_major_and_role""},""original"":{""部门代码"":""135108"",""部门名称"":""国家统计局黑龙江调查总队"",""用人司局"":""国家统计局黑龙江调查总队"",""机构性质"":""中央国家行政机关参照公务员法管理事业单位"",""招考职位"":""宾县调查队一级科员（1）"",""职位属性"":""普通职位"",""职位分布"":""西部地区和艰苦边远地区职位"",""职位简介"":""从事一线入户调查、数据处理、统计分析、统计研究等工作。"",""职位代码"":""400110108021"",""机构层级"":""县（区）级及以下"",""考试类别"":""市（地）级及以下直属机构综合管理类"",""招考人数"":""1"",""专业"":""农学类、计算机类、统计学类"",""学历"":""仅限本科"",""学位"":""学士"",""政治面貌"":""不限"",""基层工作最低年限"":""无限制"",""服务基层项目工作经历"":""无限制"",""是否在面试阶段组织专业能力测试"":""否"",""面试人员比例"":""3:1"",""工作地点"":""黑龙江省哈尔滨市宾县"",""落户地点"":""黑龙江省哈尔滨市宾县"",""备注"":""本单位最低服务年限为5年（含试用期）；限男性；限黑龙江省户籍；限2024届高校毕业生。"",""部门网站"":""无"",""咨询电话1"":""0451-86226311"",""咨询电话2"":"""",""咨询电话3"":"""",""来源Sheet"":""中央国家行政机关参照公务员法管理事业单位""}}"
"government_jobs","国家公务员2024招考简章","公务员/事业单位技术岗位","黑龙江省哈尔滨市宾县","2026-07-28T09:12:58.310295+00:00","宾县调查队一级科员（2）","国家统计局黑龙江调查总队","","黑龙江省哈尔滨市宾县","公务员/事业单位;2024;computer_software;data_ai;仅限本科;学士;农学类、计算机类、统计学类;市（地）级及以下直属机构综合管理类","用人司局：国家统计局黑龙江调查总队
职位简介：从事一线入户调查、数据处理、统计分析、统计研究等工作。
专业要求：农学类、计算机类、统计学类
学历要求：仅限本科
学位要求：学士
政治面貌：不限
基层工作经历：无限制
考试类别：市（地）级及以下直属机构综合管理类
备注：本单位最低服务年限为5年（含试用期）；限女性；限黑龙江省户籍；限2024届高校毕业生。","https://www.xuanhan.gov.cn/xxgk-show-77635.html#135108-400110108022","2023-10-15","{""dataset_year"":2024,""job_uid"":""GOV-2024-135108-400110108022"",""publisher"":""国家公务员局"",""publication_page"":""https://www.xuanhan.gov.cn/xxgk-show-77635.html"",""attachment_url"":""https://www.xuanhan.gov.cn/uploadfile/1/Attachment/638fdecf51.zip"",""local_source_file"":""中央机关及其直属机构2024年度考试录用公务员招考简章.xls"",""local_source_sha256"":""a1741b99dbecd6d03e533f99f2d69b0fa5a79733e551b80af69986ceed2ad996"",""source_sheet"":""中央国家行政机关参照公务员法管理事业单位"",""filter_version"":""government_tech_v2"",""tech_filter"":{""is_tech"":true,""is_core_tech"":true,""scope"":""core"",""categories"":[""computer_software"",""data_ai""],""matched_fields"":[""major"",""description""],""major_terms"":[""计算机类""],""role_terms"":[""数据处理""],""reason"":""tech_major_and_role""},""original"":{""部门代码"":""135108"",""部门名称"":""国家统计局黑龙江调查总队"",""用人司局"":""国家统计局黑龙江调查总队"",""机构性质"":""中央国家行政机关参照公务员法管理事业单位"",""招考职位"":""宾县调查队一级科员（2）"",""职位属性"":""普通职位"",""职位分布"":""西部地区和艰苦边远地区职位"",""职位简介"":""从事一线入户调查、数据处理、统计分析、统计研究等工作。"",""职位代码"":""400110108022"",""机构层级"":""县（区）级及以下"",""考试类别"":""市（地）级及以下直属机构综合管理类"",""招考人数"":""1"",""专业"":""农学类、计算机类、统计学类"",""学历"":""仅限本科"",""学位"":""学士"",""政治面貌"":""不限"",""基层工作最低年限"":""无限制"",""服务基层项目工作经历"":""无限制"",""是否在面试阶段组织专业能力测试"":""否"",""面试人员比例"":""3:1"",""工作地点"":""黑龙江省哈尔滨市宾县"",""落户地点"":""黑龙江省哈尔滨市宾县"",""备注"":""本单位最低服务年限为5年（含试用期）；限女性；限黑龙江省户籍；限2024届高校毕业生。"",""部门网站"":""无"",""咨询电话1"":""0451-86226311"",""咨询电话2"":"""",""咨询电话3"":"""",""来源Sheet"":""中央国家行政机关参照公务员法管理事业单位""}}"
"government_jobs","国家公务员2024招考简章","公务员/事业单位技术岗位","黑龙江省哈尔滨市依兰县","2026-07-28T09:12:58.310295+00:00","依兰调查队一级科员","国家统计局黑龙江调查总队","","黑龙江省哈尔滨市依兰县","公务员/事业单位;2024;computer_software;data_ai;仅限本科;学士;农学类、计算机类、数学类;市（地）级及以下直属机构综合管理类","用人司局：国家统计局黑龙江调查总队
职位简介：从事一线入户调查、数据处理、统计分析、统计研究等工作。
专业要求：农学类、计算机类、数学类
学历要求：仅限本科
学位要求：学士
政治面貌：不限
基层工作经历：无限制
考试类别：市（地）级及以下直属机构综合管理类
备注：本单位最低服务年限为5年（含试用期）；限黑龙江省户籍。","https://www.xuanhan.gov.cn/xxgk-show-77635.html#135108-400110108023","2023-10-15","{""dataset_year"":2024,""job_uid"":""GOV-2024-135108-400110108023"",""publisher"":""国家公务员局"",""publication_page"":""https://www.xuanhan.gov.cn/xxgk-show-77635.html"",""attachment_url"":""https://www.xuanhan.gov.cn/uploadfile/1/Attachment/638fdecf51.zip"",""local_source_file"":""中央机关及其直属机构2024年度考试录用公务员招考简章.xls"",""local_source_sha256"":""a1741b99dbecd6d03e533f99f2d69b0fa5a79733e551b80af69986ceed2ad996"",""source_sheet"":""中央国家行政机关参照公务员法管理事业单位"",""filter_version"":""government_tech_v2"",""tech_filter"":{""is_tech"":true,""is_core_tech"":true,""scope"":""core"",""categories"":[""computer_software"",""data_ai""],""matched_fields"":[""major"",""description""],""major_terms"":[""计算机类""],""role_terms"":[""数据处理""],""reason"":""tech_major_and_role""},""original"":{""部门代码"":""135108"",""部门名称"":""国家统计局黑龙江调查总队"",""用人司局"":""国家统计局黑龙江调查总队"",""机构性质"":""中央国家行政机关参照公务员法管理事业单位"",""招考职位"":""依兰调查队一级科员"",""职位属性"":""普通职位"",""职位分布"":""西部地区和艰苦边远地区职位"",""职位简介"":""从事一线入户调查、数据处理、统计分析、统计研究等工作。"",""职位代码"":""400110108023"",""机构层级"":""县（区）级及以下"",""考试类别"":""市（地）级及以下直属机构综合管理类"",""招考人数"":""1"",""专业"":""农学类、计算机类、数学类"",""学历"":""仅限本科"",""学位"":""学士"",""政治面貌"":""不限"",""基层工作最低年限"":""无限制"",""服务基层项目工作经历"":""无限制"",""是否在面试阶段组织专业能力测试"":""否"",""面试人员比例"":""3:1"",""工作地点"":""黑龙江省哈尔滨市依兰县"",""落户地点"":""黑龙江省哈尔滨市依兰县"",""备注"":""本单位最低服务年限为5年（含试用期）；限黑龙江省户籍。"",""部门网站"":""无"",""咨询电话1"":""0451-86226311"",""咨询电话2"":"""",""咨询电话3"":"""",""来源Sheet"":""中央国家行政机关参照公务员法管理事业单位""}}"
"government_jobs","国家公务员2024招考简章","公务员/事业单位技术岗位","黑龙江省齐齐哈尔市龙江县","2026-07-28T09:12:58.310295+00:00","龙江调查队一级科员","国家统计局黑龙江调查总队","","黑龙江省齐齐哈尔市龙江县","公务员/事业单位;2024;computer_software;data_ai;仅限本科;学士;农学类、会计审计类、计算机类、数学类、统计学类、中国语言文学类;市（地）级及以下直属机构综合管理类","用人司局：国家统计局黑龙江调查总队
职位简介：从事一线入户调查、数据处理、统计分析、统计研究等工作。
专业要求：农学类、会计审计类、计算机类、数学类、统计学类、中国语言文学类
学历要求：仅限本科
学位要求：学士
政治面貌：不限
基层工作经历：无限制
考试类别：市（地）级及以下直属机构综合管理类
备注：本单位最低服务年限为5年（含试用期）；限齐齐哈尔市（含区县）户籍。","https://www.xuanhan.gov.cn/xxgk-show-77635.html#135108-400110108027","2023-10-15","{""dataset_year"":2024,""job_uid"":""GOV-2024-135108-400110108027"",""publisher"":""国家公务员局"",""publication_page"":""https://www.xuanhan.gov.cn/xxgk-show-77635.html"",""attachment_url"":""https://www.xuanhan.gov.cn/uploadfile/1/Attachment/638fdecf51.zip"",""local_source_file"":""中央机关及其直属机构2024年度考试录用公务员招考简章.xls"",""local_source_sha256"":""a1741b99dbecd6d03e533f99f2d69b0fa5a79733e551b80af69986ceed2ad996"",""source_sheet"":""中央国家行政机关参照公务员法管理事业单位"",""filter_version"":""government_tech_v2"",""tech_filter"":{""is_tech"":true,""is_core_tech"":true,""scope"":""core"",""categories"":[""computer_software"",""data_ai""],""matched_fields"":[""major"",""description""],""major_terms"":[""计算机类""],""role_terms"":[""数据处理""],""reason"":""tech_major_and_role""},""original"":{""部门代码"":""135108"",""部门名称"":""国家统计局黑龙江调查总队"",""用人司局"":""国家统计局黑龙江调查总队"",""机构性质"":""中央国家行政机关参照公务员法管理事业单位"",""招考职位"":""龙江调查队一级科员"",""职位属性"":""普通职位"",""职位分布"":""西部地区和艰苦边远地区职位"",""职位简介"":""从事一线入户调查、数据处理、统计分析、统计研究等工作。"",""职位代码"":""400110108027"",""机构层级"":""县（区）级及以下"",""考试类别"":""市（地）级及以下直属机构综合管理类"",""招考人数"":""1"",""专业"":""农学类、会计审计类、计算机类、数学类、统计学类、中国语言文学类"",""学历"":""仅限本科"",""学位"":""学士"",""政治面貌"":""不限"",""基层工作最低年限"":""无限制"",""服务基层项目工作经历"":""无限制"",""是否在面试阶段组织专业能力测试"":""否"",""面试人员比例"":""3:1"",""工作地点"":""黑龙江省齐齐哈尔市龙江县"",""落户地点"":""黑龙江省齐齐哈尔市龙江县"",""备注"":""本单位最低服务年限为5年（含试用期）；限齐齐哈尔市（含区县）户籍。"",""部门网站"":""无"",""咨询电话1"":""0451-86226311"",""咨询电话2"":"""",""咨询电话3"":"""",""来源Sheet"":""中央国家行政机关参照公务员法管理事业单位""}}"
"government_jobs","国家公务员2024招考简章","公务员/事业单位技术岗位","黑龙江省齐齐哈尔市讷河市","2026-07-28T09:12:58.310295+00:00","讷河调查队一级科员","国家统计局黑龙江调查总队","","黑龙江省齐齐哈尔市讷河市","公务员/事业单位;2024;computer_software;data_ai;仅限本科;学士;会计审计类、经济学及经济贸易与管理类、计算机类、统计学类;市（地）级及以下直属机构综合管理类","用人司局：国家统计局黑龙江调查总队
职位简介：从事一线入户调查、数据处理、统计分析、统计研究等工作。
专业要求：会计审计类、经济学及经济贸易与管理类、计算机类、统计学类
学历要求：仅限本科
学位要求：学士
政治面貌：不限
基层工作经历：无限制
考试类别：市（地）级及以下直属机构综合管理类
备注：本单位最低服务年限为5年（含试用期）；限齐齐哈尔市（含区县）户籍。","https://www.xuanhan.gov.cn/xxgk-show-77635.html#135108-400110108028","2023-10-15","{""dataset_year"":2024,""job_uid"":""GOV-2024-135108-400110108028"",""publisher"":""国家公务员局"",""publication_page"":""https://www.xuanhan.gov.cn/xxgk-show-77635.html"",""attachment_url"":""https://www.xuanhan.gov.cn/uploadfile/1/Attachment/638fdecf51.zip"",""local_source_file"":""中央机关及其直属机构2024年度考试录用公务员招考简章.xls"",""local_source_sha256"":""a1741b99dbecd6d03e533f99f2d69b0fa5a79733e551b80af69986ceed2ad996"",""source_sheet"":""中央国家行政机关参照公务员法管理事业单位"",""filter_version"":""government_tech_v2"",""tech_filter"":{""is_tech"":true,""is_core_tech"":true,""scope"":""core"",""categories"":[""computer_software"",""data_ai""],""matched_fields"":[""major"",""description""],""major_terms"":[""计算机类""],""role_terms"":[""数据处理""],""reason"":""tech_major_and_role""},""original"":{""部门代码"":""135108"",""部门名称"":""国家统计局黑龙江调查总队"",""用人司局"":""国家统计局黑龙江调查总队"",""机构性质"":""中央国家行政机关参照公务员法管理事业单位"",""招考职位"":""讷河调查队一级科员"",""职位属性"":""普通职位"",""职位分布"":""西部地区和艰苦边远地区职位"",""职位简介"":""从事一线入户调查、数据处理、统计分析、统计研究等工作。"",""职位代码"":""400110108028"",""机构层级"":""县（区）级及以下"",""考试类别"":""市（地）级及以下直属机构综合管理类"",""招考人数"":""1"",""专业"":""会计审计类、经济学及经济贸易与管理类、计算机类、统计学类"",""学历"":""仅限本科"",""学位"":""学士"",""政治面貌"":""不限"",""基层工作最低年限"":""无限制"",""服务基层项目工作经历"":""无限制"",""是否在面试阶段组织专业能力测试"":""否"",""面试人员比例"":""3:1"",""工作地点"":""黑龙江省齐齐哈尔市讷河市"",""落户地点"":""黑龙江省齐齐哈尔市讷河市"",""备注"":""本单位最低服务年限为5年（含试用期）；限齐齐哈尔市（含区县）户籍。"",""部门网站"":""无"",""咨询电话1"":""0451-86226311"",""咨询电话2"":"""",""咨询电话3"":"""",""来源Sheet"":""中央国家行政机关参照公务员法管理事业单位""}}"
"government_jobs","国家公务员2024招考简章","公务员/事业单位技术岗位","黑龙江省齐齐哈尔市拜泉县","2026-07-28T09:12:58.310295+00:00","拜泉调查队一级科员（2）","国家统计局黑龙江调查总队","","黑龙江省齐齐哈尔市拜泉县","公务员/事业单位;2024;computer_software;data_ai;仅限本科;学士;计算机类、数学类、统计学类、法学类;市（地）级及以下直属机构综合管理类","用人司局：国家统计局黑龙江调查总队
职位简介：从事一线入户调查、数据处理、统计分析、统计研究等工作。
专业要求：计算机类、数学类、统计学类、法学类
学历要求：仅限本科
学位要求：学士
政治面貌：不限
基层工作经历：二年
考试类别：市（地）级及以下直属机构综合管理类
备注：本单位最低服务年限为5年（含试用期）；限齐齐哈尔市（含区县）户籍。","https://www.xuanhan.gov.cn/xxgk-show-77635.html#135108-400110108030","2023-10-15","{""dataset_year"":2024,""job_uid"":""GOV-2024-135108-400110108030"",""publisher"":""国家公务员局"",""publication_page"":""https://www.xuanhan.gov.cn/xxgk-show-77635.html"",""attachment_url"":""https://www.xuanhan.gov.cn/uploadfile/1/Attachment/638fdecf51.zip"",""local_source_file"":""中央机关及其直属机构2024年度考试录用公务员招考简章.xls"",""local_source_sha256"":""a1741b99dbecd6d03e533f99f2d69b0fa5a79733e551b80af69986ceed2ad996"",""source_sheet"":""中央国家行政机关参照公务员法管理事业单位"",""filter_version"":""government_tech_v2"",""tech_filter"":{""is_tech"":true,""is_core_tech"":true,""scope"":""core"",""categories"":[""computer_software"",""data_ai""],""matched_fields"":[""major"",""description""],""major_terms"":[""计算机类""],""role_terms"":[""数据处理""],""reason"":""tech_major_and_role""},""original"":{""部门代码"":""135108"",""部门名称"":""国家统计局黑龙江调查总队"",""用人司局"":""国家统计局黑龙江调查总队"",""机构性质"":""中央国家行政机关参照公务员法管理事业单位"",""招考职位"":""拜泉调查队一级科员（2）"",""职位属性"":""普通职位"",""职位分布"":""西部地区和艰苦边远地区职位"",""职位简介"":""从事一线入户调查、数据处理、统计分析、统计研究等工作。"",""职位代码"":""400110108030"",""机构层级"":""县（区）级及以下"",""考试类别"":""市（地）级及以下直属机构综合管理类"",""招考人数"":""1"",""专业"":""计算机类、数学类、统计学类、法学类"",""学历"":""仅限本科"",""学位"":""学士"",""政治面貌"":""不限"",""基层工作最低年限"":""二年"",""服务基层项目工作经历"":""无限制"",""是否在面试阶段组织专业能力测试"":""否"",""面试人员比例"":""3:1"",""工作地点"":""黑龙江省齐齐哈尔市拜泉县"",""落户地点"":""黑龙江省齐齐哈尔市拜泉县"",""备注"":""本单位最低服务年限为5年（含试用期）；限齐齐哈尔市（含区县）户籍。"",""部门网站"":""无"",""咨询电话1"":""0451-86226311"",""咨询电话2"":"""",""咨询电话3"":"""",""来源Sheet"":""中央国家行政机关参照公务员法管理事业单位""}}"
"government_jobs","国家公务员2024招考简章","公务员/事业单位技术岗位","黑龙江省大庆市林甸县","2026-07-28T09:12:58.310295+00:00","林甸调查队一级科员","国家统计局黑龙江调查总队","","黑龙江省大庆市林甸县","公务员/事业单位;2024;computer_software;data_ai;仅限本科;学士;农学类、计算机类、数学类;市（地）级及以下直属机构综合管理类","用人司局：国家统计局黑龙江调查总队
职位简介：从事一线入户调查、数据处理、统计分析、统计研究等工作。
专业要求：农学类、计算机类、数学类
学历要求：仅限本科
学位要求：学士
政治面貌：不限
基层工作经历：无限制
考试类别：市（地）级及以下直属机构综合管理类
备注：本单位最低服务年限为5年（含试用期）；限大庆市（含区县）户籍；限应届高校毕业生。","https://www.xuanhan.gov.cn/xxgk-show-77635.html#135108-400110108036","2023-10-15","{""dataset_year"":2024,""job_uid"":""GOV-2024-135108-400110108036"",""publisher"":""国家公务员局"",""publication_page"":""https://www.xuanhan.gov.cn/xxgk-show-77635.html"",""attachment_url"":""https://www.xuanhan.gov.cn/uploadfile/1/Attachment/638fdecf51.zip"",""local_source_file"":""中央机关及其直属机构2024年度考试录用公务员招考简章.xls"",""local_source_sha256"":""a1741b99dbecd6d03e533f99f2d69b0fa5a79733e551b80af69986ceed2ad996"",""source_sheet"":""中央国家行政机关参照公务员法管理事业单位"",""filter_version"":""government_tech_v2"",""tech_filter"":{""is_tech"":true,""is_core_tech"":true,""scope"":""core"",""categories"":[""computer_software"",""data_ai""],""matched_fields"":[""major"",""description""],""major_terms"":[""计算机类""],""role_terms"":[""数据处理""],""reason"":""tech_major_and_role""},""original"":{""部门代码"":""135108"",""部门名称"":""国家统计局黑龙江调查总队"",""用人司局"":""国家统计局黑龙江调查总队"",""机构性质"":""中央国家行政机关参照公务员法管理事业单位"",""招考职位"":""林甸调查队一级科员"",""职位属性"":""普通职位"",""职位分布"":""西部地区和艰苦边远地区职位"",""职位简介"":""从事一线入户调查、数据处理、统计分析、统计研究等工作。"",""职位代码"":""400110108036"",""机构层级"":""县（区）级及以下"",""考试类别"":""市（地）级及以下直属机构综合管理类"",""招考人数"":""1"",""专业"":""农学类、计算机类、数学类"",""学历"":""仅限本科"",""学位"":""学士"",""政治面貌"":""不限"",""基层工作最低年限"":""无限制"",""服务基层项目工作经历"":""无限制"",""是否在面试阶段组织专业能力测试"":""否"",""面试人员比例"":""3:1"",""工作地点"":""黑龙江省大庆市林甸县"",""落户地点"":""黑龙江省大庆市林甸县"",""备注"":""本单位最低服务年限为5年（含试用期）；限大庆市（含区县）户籍；限应届高校毕业生。"",""部门网站"":""无"",""咨询电话1"":""0451-86226311"",""咨询电话2"":"""",""咨询电话3"":"""",""来源Sheet"":""中央国家行政机关参照公务员法管理事业单位""}}"
"government_jobs","国家公务员2024招考简章","公务员/事业单位技术岗位","黑龙江省鸡西市密山市","2026-07-28T09:12:58.310295+00:00","密山调查队一级科员","国家统计局黑龙江调查总队","","黑龙江省鸡西市密山市","公务员/事业单位;2024;computer_software;data_ai;仅限本科;学士;农学类、计算机类、中国语言文学类;市（地）级及以下直属机构综合管理类","用人司局：国家统计局黑龙江调查总队
职位简介：从事一线入户调查、数据处理、统计分析、统计研究等工作。
专业要求：农学类、计算机类、中国语言文学类
学历要求：仅限本科
学位要求：学士
政治面貌：不限
基层工作经历：无限制
考试类别：市（地）级及以下直属机构综合管理类
备注：本单位最低服务年限为5年（含试用期）。","https://www.xuanhan.gov.cn/xxgk-show-77635.html#135108-400110108037","2023-10-15","{""dataset_year"":2024,""job_uid"":""GOV-2024-135108-400110108037"",""publisher"":""国家公务员局"",""publication_page"":""https://www.xuanhan.gov.cn/xxgk-show-77635.html"",""attachment_url"":""https://www.xuanhan.gov.cn/uploadfile/1/Attachment/638fdecf51.zip"",""local_source_file"":""中央机关及其直属机构2024年度考试录用公务员招考简章.xls"",""local_source_sha256"":""a1741b99dbecd6d03e533f99f2d69b0fa5a79733e551b80af69986ceed2ad996"",""source_sheet"":""中央国家行政机关参照公务员法管理事业单位"",""filter_version"":""government_tech_v2"",""tech_filter"":{""is_tech"":true,""is_core_tech"":true,""scope"":""core"",""categories"":[""computer_software"",""data_ai""],""matched_fields"":[""major"",""description""],""major_terms"":[""计算机类""],""role_terms"":[""数据处理""],""reason"":""tech_major_and_role""},""original"":{""部门代码"":""135108"",""部门名称"":""国家统计局黑龙江调查总队"",""用人司局"":""国家统计局黑龙江调查总队"",""机构性质"":""中央国家行政机关参照公务员法管理事业单位"",""招考职位"":""密山调查队一级科员"",""职位属性"":""普通职位"",""职位分布"":""西部地区和艰苦边远地区职位"",""职位简介"":""从事一线入户调查、数据处理、统计分析、统计研究等工作。"",""职位代码"":""400110108037"",""机构层级"":""县（区）级及以下"",""考试类别"":""市（地）级及以下直属机构综合管理类"",""招考人数"":""1"",""专业"":""农学类、计算机类、中国语言文学类"",""学历"":""仅限本科"",""学位"":""学士"",""政治面貌"":""不限"",""基层工作最低年限"":""无限制"",""服务基层项目工作经历"":""无限制"",""是否在面试阶段组织专业能力测试"":""否"",""面试人员比例"":""3:1"",""工作地点"":""黑龙江省鸡西市密山市"",""落户地点"":""黑龙江省鸡西市密山市"",""备注"":""本单位最低服务年限为5年（含试用期）。"",""部门网站"":""无"",""咨询电话1"":""0451-86226311"",""咨询电话2"":"""",""咨询电话3"":"""",""来源Sheet"":""中央国家行政机关参照公务员法管理事业单位""}}"
"government_jobs","国家公务员2024招考简章","公务员/事业单位技术岗位","黑龙江省哈尔滨市巴彦县","2026-07-28T09:12:58.310295+00:00","巴彦调查队一级科员","国家统计局黑龙江调查总队","","黑龙江省哈尔滨市巴彦县","公务员/事业单位;2024;computer_software;data_ai;仅限本科;学士;会计审计类、计算机类、统计学类、汉语言文学;市（地）级及以下直属机构综合管理类","用人司局：国家统计局黑龙江调查总队
职位简介：从事一线入户调查、数据处理、统计分析、统计研究等工作。
专业要求：会计审计类、计算机类、统计学类、汉语言文学
学历要求：仅限本科
学位要求：学士
政治面貌：不限
基层工作经历：无限制
考试类别：市（地）级及以下直属机构综合管理类
备注：本单位最低服务年限为5年（含试用期）。","https://www.xuanhan.gov.cn/xxgk-show-77635.html#135108-400110108045","2023-10-15","{""dataset_year"":2024,""job_uid"":""GOV-2024-135108-400110108045"",""publisher"":""国家公务员局"",""publication_page"":""https://www.xuanhan.gov.cn/xxgk-show-77635.html"",""attachment_url"":""https://www.xuanhan.gov.cn/uploadfile/1/Attachment/638fdecf51.zip"",""local_source_file"":""中央机关及其直属机构2024年度考试录用公务员招考简章.xls"",""local_source_sha256"":""a1741b99dbecd6d03e533f99f2d69b0fa5a79733e551b80af69986ceed2ad996"",""source_sheet"":""中央国家行政机关参照公务员法管理事业单位"",""filter_version"":""government_tech_v2"",""tech_filter"":{""is_tech"":true,""is_core_tech"":true,""scope"":""core"",""categories"":[""computer_software"",""data_ai""],""matched_fields"":[""major"",""description""],""major_terms"":[""计算机类""],""role_terms"":[""数据处理""],""reason"":""tech_major_and_role""},""original"":{""部门代码"":""135108"",""部门名称"":""国家统计局黑龙江调查总队"",""用人司局"":""国家统计局黑龙江调查总队"",""机构性质"":""中央国家行政机关参照公务员法管理事业单位"",""招考职位"":""巴彦调查队一级科员"",""职位属性"":""普通职位"",""职位分布"":""西部地区和艰苦边远地区职位"",""职位简介"":""从事一线入户调查、数据处理、统计分析、统计研究等工作。"",""职位代码"":""400110108045"",""机构层级"":""县（区）级及以下"",""考试类别"":""市（地）级及以下直属机构综合管理类"",""招考人数"":""1"",""专业"":""会计审计类、计算机类、统计学类、汉语言文学"",""学历"":""仅限本科"",""学位"":""学士"",""政治面貌"":""不限"",""基层工作最低年限"":""无限制"",""服务基层项目工作经历"":""无限制"",""是否在面试阶段组织专业能力测试"":""否"",""面试人员比例"":""3:1"",""工作地点"":""黑龙江省哈尔滨市巴彦县"",""落户地点"":""黑龙江省哈尔滨市巴彦县"",""备注"":""本单位最低服务年限为5年（含试用期）。"",""部门网站"":""无"",""咨询电话1"":""0451-86226311"",""咨询电话2"":"""",""咨询电话3"":"""",""来源Sheet"":""中央国家行政机关参照公务员法管理事业单位""}}"
"government_jobs","国家公务员2024招考简章","公务员/事业单位技术岗位","黑龙江省哈尔滨市","2026-07-28T09:12:58.310295+00:00","黑龙江调查总队业务处室四级主任科员（1）","国家统计局黑龙江调查总队","","黑龙江省哈尔滨市","公务员/事业单位;2024;computer_software;data_ai;仅限硕士研究生;硕士;计算机类、数学类、统计学类;中央机关及其省级直属机构综合管理类","用人司局：国家统计局黑龙江调查总队
职位简介：从事数据处理、统计分析、统计研究等工作。
专业要求：计算机类、数学类、统计学类
学历要求：仅限硕士研究生
学位要求：硕士
政治面貌：不限
基层工作经历：无限制
考试类别：中央机关及其省级直属机构综合管理类
备注：本单位最低服务年限为5年（含试用期）；限男性。","https://www.xuanhan.gov.cn/xxgk-show-77635.html#135108-400110108047","2023-10-15","{""dataset_year"":2024,""job_uid"":""GOV-2024-135108-400110108047"",""publisher"":""国家公务员局"",""publication_page"":""https://www.xuanhan.gov.cn/xxgk-show-77635.html"",""attachment_url"":""https://www.xuanhan.gov.cn/uploadfile/1/Attachment/638fdecf51.zip"",""local_source_file"":""中央机关及其直属机构2024年度考试录用公务员招考简章.xls"",""local_source_sha256"":""a1741b99dbecd6d03e533f99f2d69b0fa5a79733e551b80af69986ceed2ad996"",""source_sheet"":""中央国家行政机关参照公务员法管理事业单位"",""filter_version"":""government_tech_v2"",""tech_filter"":{""is_tech"":true,""is_core_tech"":true,""scope"":""core"",""categories"":[""computer_software"",""data_ai""],""matched_fields"":[""major"",""description""],""major_terms"":[""计算机类""],""role_terms"":[""数据处理""],""reason"":""tech_major_and_role""},""original"":{""部门代码"":""135108"",""部门名称"":""国家统计局黑龙江调查总队"",""用人司局"":""国家统计局黑龙江调查总队"",""机构性质"":""中央国家行政机关参照公务员法管理事业单位"",""招考职位"":""黑龙江调查总队业务处室四级主任科员（1）"",""职位属性"":""普通职位"",""职位分布"":""其他职位"",""职位简介"":""从事数据处理、统计分析、统计研究等工作。"",""职位代码"":""400110108047"",""机构层级"":""省（副省）级"",""考试类别"":""中央机关及其省级直属机构综合管理类"",""招考人数"":""2"",""专业"":""计算机类、数学类、统计学类"",""学历"":""仅限硕士研究生"",""学位"":""硕士"",""政治面貌"":""不限"",""基层工作最低年限"":""无限制"",""服务基层项目工作经历"":""无限制"",""是否在面试阶段组织专业能力测试"":""否"",""面试人员比例"":""5:1"",""工作地点"":""黑龙江省哈尔滨市"",""落户地点"":""黑龙江省哈尔滨市"",""备注"":""本单位最低服务年限为5年（含试用期）；限男性。"",""部门网站"":""无"",""咨询电话1"":""0451-86226311"",""咨询电话2"":"""",""咨询电话3"":"""",""来源Sheet"":""中央国家行政机关参照公务员法管理事业单位""}}"
"government_jobs","国家公务员2024招考简章","公务员/事业单位技术岗位","黑龙江省哈尔滨市","2026-07-28T09:12:58.310295+00:00","黑龙江调查总队业务处室四级主任科员（2）","国家统计局黑龙江调查总队","","黑龙江省哈尔滨市","公务员/事业单位;2024;computer_software;data_ai;仅限硕士研究生;硕士;计算机类、数学类、统计学类;中央机关及其省级直属机构综合管理类","用人司局：国家统计局黑龙江调查总队
职位简介：从事数据处理、统计分析、统计研究等工作。
专业要求：计算机类、数学类、统计学类
学历要求：仅限硕士研究生
学位要求：硕士
政治面貌：不限
基层工作经历：无限制
考试类别：中央机关及其省级直属机构综合管理类
备注：本单位最低服务年限为5年（含试用期）；限女性。","https://www.xuanhan.gov.cn/xxgk-show-77635.html#135108-400110108048","2023-10-15","{""dataset_year"":2024,""job_uid"":""GOV-2024-135108-400110108048"",""publisher"":""国家公务员局"",""publication_page"":""https://www.xuanhan.gov.cn/xxgk-show-77635.html"",""attachment_url"":""https://www.xuanhan.gov.cn/uploadfile/1/Attachment/638fdecf51.zip"",""local_source_file"":""中央机关及其直属机构2024年度考试录用公务员招考简章.xls"",""local_source_sha256"":""a1741b99dbecd6d03e533f99f2d69b0fa5a79733e551b80af69986ceed2ad996"",""source_sheet"":""中央国家行政机关参照公务员法管理事业单位"",""filter_version"":""government_tech_v2"",""tech_filter"":{""is_tech"":true,""is_core_tech"":true,""scope"":""core"",""categories"":[""computer_software"",""data_ai""],""matched_fields"":[""major"",""description""],""major_terms"":[""计算机类""],""role_terms"":[""数据处理""],""reason"":""tech_major_and_role""},""original"":{""部门代码"":""135108"",""部门名称"":""国家统计局黑龙江调查总队"",""用人司局"":""国家统计局黑龙江调查总队"",""机构性质"":""中央国家行政机关参照公务员法管理事业单位"",""招考职位"":""黑龙江调查总队业务处室四级主任科员（2）"",""职位属性"":""普通职位"",""职位分布"":""其他职位"",""职位简介"":""从事数据处理、统计分析、统计研究等工作。"",""职位代码"":""400110108048"",""机构层级"":""省（副省）级"",""考试类别"":""中央机关及其省级直属机构综合管理类"",""招考人数"":""2"",""专业"":""计算机类、数学类、统计学类"",""学历"":""仅限硕士研究生"",""学位"":""硕士"",""政治面貌"":""不限"",""基层工作最低年限"":""无限制"",""服务基层项目工作经历"":""无限制"",""是否在面试阶段组织专业能力测试"":""否"",""面试人员比例"":""5:1"",""工作地点"":""黑龙江省哈尔滨市"",""落户地点"":""黑龙江省哈尔滨市"",""备注"":""本单位最低服务年限为5年（含试用期）；限女性。"",""部门网站"":""无"",""咨询电话1"":""0451-86226311"",""咨询电话2"":"""",""咨询电话3"":"""",""来源Sheet"":""中央国家行政机关参照公务员法管理事业单位""}}"
"government_jobs","国家公务员2024招考简章","公务员/事业单位技术岗位","黑龙江省鹤岗市","2026-07-28T09:12:58.310295+00:00","鹤岗调查队业务科室一级科员","国家统计局黑龙江调查总队","","黑龙江省鹤岗市","公务员/事业单位;2024;computer_software;data_ai;仅限本科;学士;会计审计类、计算机类、中国语言文学类;市（地）级及以下直属机构综合管理类","用人司局：国家统计局黑龙江调查总队
职位简介：从事一线入户调查、数据处理、统计分析、统计研究等工作。
专业要求：会计审计类、计算机类、中国语言文学类
学历要求：仅限本科
学位要求：学士
政治面貌：不限
基层工作经历：无限制
考试类别：市（地）级及以下直属机构综合管理类
备注：本单位最低服务年限为5年（含试用期）。","https://www.xuanhan.gov.cn/xxgk-show-77635.html#135108-400110108049","2023-10-15","{""dataset_year"":2024,""job_uid"":""GOV-2024-135108-400110108049"",""publisher"":""国家公务员局"",""publication_page"":""https://www.xuanhan.gov.cn/xxgk-show-77635.html"",""attachment_url"":""https://www.xuanhan.gov.cn/uploadfile/1/Attachment/638fdecf51.zip"",""local_source_file"":""中央机关及其直属机构2024年度考试录用公务员招考简章.xls"",""local_source_sha256"":""a1741b99dbecd6d03e533f99f2d69b0fa5a79733e551b80af69986ceed2ad996"",""source_sheet"":""中央国家行政机关参照公务员法管理事业单位"",""filter_version"":""government_tech_v2"",""tech_filter"":{""is_tech"":true,""is_core_tech"":true,""scope"":""core"",""categories"":[""computer_software"",""data_ai""],""matched_fields"":[""major"",""description""],""major_terms"":[""计算机类""],""role_terms"":[""数据处理""],""reason"":""tech_major_and_role""},""original"":{""部门代码"":""135108"",""部门名称"":""国家统计局黑龙江调查总队"",""用人司局"":""国家统计局黑龙江调查总队"",""机构性质"":""中央国家行政机关参照公务员法管理事业单位"",""招考职位"":""鹤岗调查队业务科室一级科员"",""职位属性"":""普通职位"",""职位分布"":""西部地区和艰苦边远地区职位"",""职位简介"":""从事一线入户调查、数据处理、统计分析、统计研究等工作。"",""职位代码"":""400110108049"",""机构层级"":""市（地）级"",""考试类别"":""市（地）级及以下直属机构综合管理类"",""招考人数"":""1"",""专业"":""会计审计类、计算机类、中国语言文学类"",""学历"":""仅限本科"",""学位"":""学士"",""政治面貌"":""不限"",""基层工作最低年限"":""无限制"",""服务基层项目工作经历"":""无限制"",""是否在面试阶段组织专业能力测试"":""否"",""面试人员比例"":""3:1"",""工作地点"":""黑龙江省鹤岗市"",""落户地点"":""黑龙江省鹤岗市"",""备注"":""本单位最低服务年限为5年（含试用期）。"",""部门网站"":""无"",""咨询电话1"":""0451-86226311"",""咨询电话2"":"""",""咨询电话3"":"""",""来源Sheet"":""中央国家行政机关参照公务员法管理事业单位""}}"
"government_jobs","国家公务员2024招考简章","公务员/事业单位技术岗位","上海市浦东新区","2026-07-28T09:12:58.310295+00:00","浦东调查队业务处室四级主任科员","国家统计局上海调查总队","","上海市浦东新区","公务员/事业单位;2024;computer_software;data_ai;仅限硕士研究生;硕士;应用经济学类、数学类、统计学类、计算机科学与技术类;市（地）级及以下直属机构综合管理类","用人司局：国家统计局上海调查总队
职位简介：从事统计调查、数据处理、分析研究等工作
专业要求：应用经济学类、数学类、统计学类、计算机科学与技术类
学历要求：仅限硕士研究生
学位要求：硕士
政治面貌：不限
基层工作经历：无限制
考试类别：市（地）级及以下直属机构综合管理类
备注：1.本单位最低服务年限为5年（含试用期）；
2.本岗位招收专业均要求为主修专业；
3.本岗位限招2024届高校毕业生；
4.全国大学英语六级考试分数达425分以上。","https://www.xuanhan.gov.cn/xxgk-show-77635.html#135109-400110109002","2023-10-15","{""dataset_year"":2024,""job_uid"":""GOV-2024-135109-400110109002"",""publisher"":""国家公务员局"",""publication_page"":""https://www.xuanhan.gov.cn/xxgk-show-77635.html"",""attachment_url"":""https://www.xuanhan.gov.cn/uploadfile/1/Attachment/638fdecf51.zip"",""local_source_file"":""中央机关及其直属机构2024年度考试录用公务员招考简章.xls"",""local_source_sha256"":""a1741b99dbecd6d03e533f99f2d69b0fa5a79733e551b80af69986ceed2ad996"",""source_sheet"":""中央国家行政机关参照公务员法管理事业单位"",""filter_version"":""government_tech_v2"",""tech_filter"":{""is_tech"":true,""is_core_tech"":true,""scope"":""core"",""categories"":[""computer_software"",""data_ai""],""matched_fields"":[""major"",""description""],""major_terms"":[""计算机科学与技术""],""role_terms"":[""数据处理""],""reason"":""tech_major_and_role""},""original"":{""部门代码"":""135109"",""部门名称"":""国家统计局上海调查总队"",""用人司局"":""国家统计局上海调查总队"",""机构性质"":""中央国家行政机关参照公务员法管理事业单位"",""招考职位"":""浦东调查队业务处室四级主任科员"",""职位属性"":""普通职位"",""职位分布"":""其他职位"",""职位简介"":""从事统计调查、数据处理、分析研究等工作"",""职位代码"":""400110109002"",""机构层级"":""县（区）级及以下"",""考试类别"":""市（地）级及以下直属机构综合管理类"",""招考人数"":""1"",""专业"":""应用经济学类、数学类、统计学类、计算机科学与技术类"",""学历"":""仅限硕士研究生"",""学位"":""硕士"",""政治面貌"":""不限"",""基层工作最低年限"":""无限制"",""服务基层项目工作经历"":""无限制"",""是否在面试阶段组织专业能力测试"":""否"",""面试人员比例"":""3:1"",""工作地点"":""上海市浦东新区"",""落户地点"":""上海市"",""备注"":""1.本单位最低服务年限为5年（含试用期）；\n2.本岗位招收专业均要求为主修专业；\n3.本岗位限招2024届高校毕业生；\n4.全国大学英语六级考试分数达425分以上。"",""部门网站"":""无"",""咨询电话1"":""021-53857374"",""咨询电话2"":""021-53857009"",""咨询电话3"":"""",""来源Sheet"":""中央国家行政机关参照公务员法管理事业单位""}}"
"government_jobs","国家公务员2024招考简章","公务员/事业单位技术岗位","上海市宝山区","2026-07-28T09:12:58.310295+00:00","宝山调查队业务科室四级主任科员","国家统计局上海调查总队","","上海市宝山区","公务员/事业单位;2024;computer_software;data_ai;仅限硕士研究生;硕士;计算机科学与技术类、统计学、应用统计;市（地）级及以下直属机构综合管理类","用人司局：国家统计局上海调查总队
职位简介：从事统计调查、数据处理、分析研究等工作
专业要求：计算机科学与技术类、统计学、应用统计
学历要求：仅限硕士研究生
学位要求：硕士
政治面貌：不限
基层工作经历：无限制
考试类别：市（地）级及以下直属机构综合管理类
备注：1.本单位最低服务年限为5年（含试用期）；
2.本岗位招收专业均要求为主修专业；
3.全国大学英语六级考试分数达425分以上。","https://www.xuanhan.gov.cn/xxgk-show-77635.html#135109-400110109004","2023-10-15","{""dataset_year"":2024,""job_uid"":""GOV-2024-135109-400110109004"",""publisher"":""国家公务员局"",""publication_page"":""https://www.xuanhan.gov.cn/xxgk-show-77635.html"",""attachment_url"":""https://www.xuanhan.gov.cn/uploadfile/1/Attachment/638fdecf51.zip"",""local_source_file"":""中央机关及其直属机构2024年度考试录用公务员招考简章.xls"",""local_source_sha256"":""a1741b99dbecd6d03e533f99f2d69b0fa5a79733e551b80af69986ceed2ad996"",""source_sheet"":""中央国家行政机关参照公务员法管理事业单位"",""filter_version"":""government_tech_v2"",""tech_filter"":{""is_tech"":true,""is_core_tech"":true,""scope"":""core"",""categories"":[""computer_software"",""data_ai""],""matched_fields"":[""major"",""description""],""major_terms"":[""计算机科学与技术""],""role_terms"":[""数据处理""],""reason"":""tech_major_and_role""},""original"":{""部门代码"":""135109"",""部门名称"":""国家统计局上海调查总队"",""用人司局"":""国家统计局上海调查总队"",""机构性质"":""中央国家行政机关参照公务员法管理事业单位"",""招考职位"":""宝山调查队业务科室四级主任科员"",""职位属性"":""普通职位"",""职位分布"":""其他职位"",""职位简介"":""从事统计调查、数据处理、分析研究等工作"",""职位代码"":""400110109004"",""机构层级"":""县（区）级及以下"",""考试类别"":""市（地）级及以下直属机构综合管理类"",""招考人数"":""1"",""专业"":""计算机科学与技术类、统计学、应用统计"",""学历"":""仅限硕士研究生"",""学位"":""硕士"",""政治面貌"":""不限"",""基层工作最低年限"":""无限制"",""服务基层项目工作经历"":""无限制"",""是否在面试阶段组织专业能力测试"":""否"",""面试人员比例"":""3:1"",""工作地点"":""上海市宝山区"",""落户地点"":""上海市"",""备注"":""1.本单位最低服务年限为5年（含试用期）；\n2.本岗位招收专业均要求为主修专业；\n3.全国大学英语六级考试分数达425分以上。"",""部门网站"":""无"",""咨询电话1"":""021-53857374"",""咨询电话2"":""021-53857009"",""咨询电话3"":"""",""来源Sheet"":""中央国家行政机关参照公务员法管理事业单位""}}"
"government_jobs","国家公务员2024招考简章","公务员/事业单位技术岗位","上海市宝山区","2026-07-28T09:12:58.310295+00:00","宝山调查队业务科室四级主任科员及以下","国家统计局上海调查总队","","上海市宝山区","公务员/事业单位;2024;computer_software;data_ai;本科或硕士研究生;与最高学历相对应的学位;本科：统计学类、经济统计学、计算机科学与技术、软件工程、会计学、财务管理；研究生：计算机科学与技术类;市（地）级及以下直属机构综合管理类","用人司局：国家统计局上海调查总队
职位简介：从事统计调查、数据处理、分析研究等工作
专业要求：本科：统计学类、经济统计学、计算机科学与技术、软件工程、会计学、财务管理；研究生：计算机科学与技术类
学历要求：本科或硕士研究生
学位要求：与最高学历相对应的学位
政治面貌：不限
基层工作经历：无限制
考试类别：市（地）级及以下直属机构综合管理类
备注：1.本单位最低服务年限为5年（含试用期）；
2.本岗位招收专业均要求为主修专业；
3.全国大学英语四级考试分数达425分以上。","https://www.xuanhan.gov.cn/xxgk-show-77635.html#135109-400110109006","2023-10-15","{""dataset_year"":2024,""job_uid"":""GOV-2024-135109-400110109006"",""publisher"":""国家公务员局"",""publication_page"":""https://www.xuanhan.gov.cn/xxgk-show-77635.html"",""attachment_url"":""https://www.xuanhan.gov.cn/uploadfile/1/Attachment/638fdecf51.zip"",""local_source_file"":""中央机关及其直属机构2024年度考试录用公务员招考简章.xls"",""local_source_sha256"":""a1741b99dbecd6d03e533f99f2d69b0fa5a79733e551b80af69986ceed2ad996"",""source_sheet"":""中央国家行政机关参照公务员法管理事业单位"",""filter_version"":""government_tech_v2"",""tech_filter"":{""is_tech"":true,""is_core_tech"":true,""scope"":""core"",""categories"":[""computer_software"",""data_ai""],""matched_fields"":[""major"",""description""],""major_terms"":[""计算机科学与技术"",""软件工程""],""role_terms"":[""数据处理""],""reason"":""tech_major_and_role""},""original"":{""部门代码"":""135109"",""部门名称"":""国家统计局上海调查总队"",""用人司局"":""国家统计局上海调查总队"",""机构性质"":""中央国家行政机关参照公务员法管理事业单位"",""招考职位"":""宝山调查队业务科室四级主任科员及以下"",""职位属性"":""普通职位"",""职位分布"":""其他职位"",""职位简介"":""从事统计调查、数据处理、分析研究等工作"",""职位代码"":""400110109006"",""机构层级"":""县（区）级及以下"",""考试类别"":""市（地）级及以下直属机构综合管理类"",""招考人数"":""1"",""专业"":""本科：统计学类、经济统计学、计算机科学与技术、软件工程、会计学、财务管理；研究生：计算机科学与技术类"",""学历"":""本科或硕士研究生"",""学位"":""与最高学历相对应的学位"",""政治面貌"":""不限"",""基层工作最低年限"":""无限制"",""服务基层项目工作经历"":""无限制"",""是否在面试阶段组织专业能力测试"":""否"",""面试人员比例"":""3:1"",""工作地点"":""上海市宝山区"",""落户地点"":""上海市"",""备注"":""1.本单位最低服务年限为5年（含试用期）；\n2.本岗位招收专业均要求为主修专业；\n3.全国大学英语四级考试分数达425分以上。"",""部门网站"":""无"",""咨询电话1"":""021-53857374"",""咨询电话2"":""021-53857009"",""咨询电话3"":"""",""来源Sheet"":""中央国家行政机关参照公务员法管理事业单位""}}"
"government_jobs","国家公务员2024招考简章","公务员/事业单位技术岗位","上海市奉贤区","2026-07-28T09:12:58.310295+00:00","奉贤调查队业务科室四级主任科员","国家统计局上海调查总队","","上海市奉贤区","公务员/事业单位;2024;computer_software;data_ai;本科或硕士研究生;与最高学历相对应的学位;本科：统计学类、计算机类、会计学、财务管理；研究生：计算机科学与技术类、统计学类;市（地）级及以下直属机构综合管理类","用人司局：国家统计局上海调查总队
职位简介：从事统计调查、数据处理、分析研究等工作
专业要求：本科：统计学类、计算机类、会计学、财务管理；研究生：计算机科学与技术类、统计学类
学历要求：本科或硕士研究生
学位要求：与最高学历相对应的学位
政治面貌：不限
基层工作经历：无限制
考试类别：市（地）级及以下直属机构综合管理类
备注：1.本单位最低服务年限为5年（含试用期）；
2.本岗位招收专业均要求为主修专业；
3.全国大学英语四级考试分数达425分以上。","https://www.xuanhan.gov.cn/xxgk-show-77635.html#135109-400110109009","2023-10-15","{""dataset_year"":2024,""job_uid"":""GOV-2024-135109-400110109009"",""publisher"":""国家公务员局"",""publication_page"":""https://www.xuanhan.gov.cn/xxgk-show-77635.html"",""attachment_url"":""https://www.xuanhan.gov.cn/uploadfile/1/Attachment/638fdecf51.zip"",""local_source_file"":""中央机关及其直属机构2024年度考试录用公务员招考简章.xls"",""local_source_sha256"":""a1741b99dbecd6d03e533f99f2d69b0fa5a79733e551b80af69986ceed2ad996"",""source_sheet"":""中央国家行政机关参照公务员法管理事业单位"",""filter_version"":""government_tech_v2"",""tech_filter"":{""is_tech"":true,""is_core_tech"":true,""scope"":""core"",""categories"":[""computer_software"",""data_ai""],""matched_fields"":[""major"",""description""],""major_terms"":[""计算机科学与技术"",""计算机类""],""role_terms"":[""数据处理""],""reason"":""tech_major_and_role""},""original"":{""部门代码"":""135109"",""部门名称"":""国家统计局上海调查总队"",""用人司局"":""国家统计局上海调查总队"",""机构性质"":""中央国家行政机关参照公务员法管理事业单位"",""招考职位"":""奉贤调查队业务科室四级主任科员"",""职位属性"":""普通职位"",""职位分布"":""其他职位"",""职位简介"":""从事统计调查、数据处理、分析研究等工作"",""职位代码"":""400110109009"",""机构层级"":""县（区）级及以下"",""考试类别"":""市（地）级及以下直属机构综合管理类"",""招考人数"":""1"",""专业"":""本科：统计学类、计算机类、会计学、财务管理；研究生：计算机科学与技术类、统计学类"",""学历"":""本科或硕士研究生"",""学位"":""与最高学历相对应的学位"",""政治面貌"":""不限"",""基层工作最低年限"":""无限制"",""服务基层项目工作经历"":""无限制"",""是否在面试阶段组织专业能力测试"":""否"",""面试人员比例"":""3:1"",""工作地点"":""上海市奉贤区"",""落户地点"":""上海市"",""备注"":""1.本单位最低服务年限为5年（含试用期）；\n2.本岗位招收专业均要求为主修专业；\n3.全国大学英语四级考试分数达425分以上。"",""部门网站"":""无"",""咨询电话1"":""021-53857374"",""咨询电话2"":""021-53857009"",""咨询电话3"":"""",""来源Sheet"":""中央国家行政机关参照公务员法管理事业单位""}}"
"government_jobs","国家公务员2024招考简章","公务员/事业单位技术岗位","上海市崇明区","2026-07-28T09:12:58.310295+00:00","崇明调查队业务科室一级科员","国家统计局上海调查总队","","上海市崇明区","公务员/事业单位;2024;computer_software;data_ai;仅限本科;学士;统计学类、计算机类;市（地）级及以下直属机构综合管理类","用人司局：国家统计局上海调查总队
职位简介：从事统计调查、数据处理、分析研究等工作
专业要求：统计学类、计算机类
学历要求：仅限本科
学位要求：学士
政治面貌：不限
基层工作经历：二年
考试类别：市（地）级及以下直属机构综合管理类
备注：1.本单位最低服务年限为5年（含试用期）；
2.本岗位限招服务期满且考核合格的大学生村官；
3.本岗位招收专业均要求为主修专业。","https://www.xuanhan.gov.cn/xxgk-show-77635.html#135109-400110109011","2023-10-15","{""dataset_year"":2024,""job_uid"":""GOV-2024-135109-400110109011"",""publisher"":""国家公务员局"",""publication_page"":""https://www.xuanhan.gov.cn/xxgk-show-77635.html"",""attachment_url"":""https://www.xuanhan.gov.cn/uploadfile/1/Attachment/638fdecf51.zip"",""local_source_file"":""中央机关及其直属机构2024年度考试录用公务员招考简章.xls"",""local_source_sha256"":""a1741b99dbecd6d03e533f99f2d69b0fa5a79733e551b80af69986ceed2ad996"",""source_sheet"":""中央国家行政机关参照公务员法管理事业单位"",""filter_version"":""government_tech_v2"",""tech_filter"":{""is_tech"":true,""is_core_tech"":true,""scope"":""core"",""categories"":[""computer_software"",""data_ai""],""matched_fields"":[""major"",""description""],""major_terms"":[""计算机类""],""role_terms"":[""数据处理""],""reason"":""tech_major_and_role""},""original"":{""部门代码"":""135109"",""部门名称"":""国家统计局上海调查总队"",""用人司局"":""国家统计局上海调查总队"",""机构性质"":""中央国家行政机关参照公务员法管理事业单位"",""招考职位"":""崇明调查队业务科室一级科员"",""职位属性"":""普通职位"",""职位分布"":""其他职位"",""职位简介"":""从事统计调查、数据处理、分析研究等工作"",""职位代码"":""400110109011"",""机构层级"":""县（区）级及以下"",""考试类别"":""市（地）级及以下直属机构综合管理类"",""招考人数"":""1"",""专业"":""统计学类、计算机类"",""学历"":""仅限本科"",""学位"":""学士"",""政治面貌"":""不限"",""基层工作最低年限"":""二年"",""服务基层项目工作经历"":""大学生村官"",""是否在面试阶段组织专业能力测试"":""否"",""面试人员比例"":""3:1"",""工作地点"":""上海市崇明区"",""落户地点"":""上海市"",""备注"":""1.本单位最低服务年限为5年（含试用期）；\n2.本岗位限招服务期满且考核合格的大学生村官；\n3.本岗位招收专业均要求为主修专业。"",""部门网站"":""无"",""咨询电话1"":""021-53857374"",""咨询电话2"":""021-53857009"",""咨询电话3"":"""",""来源Sheet"":""中央国家行政机关参照公务员法管理事业单位""}}"
"government_jobs","国家公务员2024招考简章","公务员/事业单位技术岗位","江苏省南京市","2026-07-28T09:12:58.310295+00:00","江苏调查总队业务处室二级主任科员","国家统计局江苏调查总队","","江苏省南京市","公务员/事业单位;2024;computer_software;data_ai;仅限博士研究生;博士;数学类、计算机科学与技术类，统计学专业;中央机关及其省级直属机构综合管理类","用人司局：国家统计局江苏调查总队
职位简介：从事统计调查、数据处理、统计分析研究等相关工作。
专业要求：数学类、计算机科学与技术类，统计学专业
学历要求：仅限博士研究生
学位要求：博士
政治面貌：中共党员
基层工作经历：无限制
考试类别：中央机关及其省级直属机构综合管理类
备注：1.专业要求为研究生学历所学专业；2.本单位最低服务年限为5年（含试用期）。","https://www.xuanhan.gov.cn/xxgk-show-77635.html#135110-400110135001","2023-10-15","{""dataset_year"":2024,""job_uid"":""GOV-2024-135110-400110135001"",""publisher"":""国家公务员局"",""publication_page"":""https://www.xuanhan.gov.cn/xxgk-show-77635.html"",""attachment_url"":""https://www.xuanhan.gov.cn/uploadfile/1/Attachment/638fdecf51.zip"",""local_source_file"":""中央机关及其直属机构2024年度考试录用公务员招考简章.xls"",""local_source_sha256"":""a1741b99dbecd6d03e533f99f2d69b0fa5a79733e551b80af69986ceed2ad996"",""source_sheet"":""中央国家行政机关参照公务员法管理事业单位"",""filter_version"":""government_tech_v2"",""tech_filter"":{""is_tech"":true,""is_core_tech"":true,""scope"":""core"",""categories"":[""computer_software"",""data_ai""],""matched_fields"":[""major"",""description""],""major_terms"":[""计算机科学与技术""],""role_terms"":[""数据处理""],""reason"":""tech_major_and_role""},""original"":{""部门代码"":""135110"",""部门名称"":""国家统计局江苏调查总队"",""用人司局"":""国家统计局江苏调查总队"",""机构性质"":""中央国家行政机关参照公务员法管理事业单位"",""招考职位"":""江苏调查总队业务处室二级主任科员"",""职位属性"":""普通职位"",""职位分布"":""其他职位"",""职位简介"":""从事统计调查、数据处理、统计分析研究等相关工作。"",""职位代码"":""400110135001"",""机构层级"":""省（副省）级"",""考试类别"":""中央机关及其省级直属机构综合管理类"",""招考人数"":""1"",""专业"":""数学类、计算机科学与技术类，统计学专业"",""学历"":""仅限博士研究生"",""学位"":""博士"",""政治面貌"":""中共党员"",""基层工作最低年限"":""无限制"",""服务基层项目工作经历"":""无限制"",""是否在面试阶段组织专业能力测试"":""否"",""面试人员比例"":""5:1"",""工作地点"":""江苏省南京市"",""落户地点"":""江苏省南京市"",""备注"":""1.专业要求为研究生学历所学专业；2.本单位最低服务年限为5年（含试用期）。"",""部门网站"":""https://jszd.stats.gov.cn/"",""咨询电话1"":""025-83580375"",""咨询电话2"":""025-83580273"",""咨询电话3"":"""",""来源Sheet"":""中央国家行政机关参照公务员法管理事业单位""}}"
"government_jobs","国家公务员2024招考简章","公务员/事业单位技术岗位","江苏省徐州市","2026-07-28T09:12:58.310295+00:00","徐州调查队业务处室一级科员（1）","国家统计局江苏调查总队","","江苏省徐州市","公务员/事业单位;2024;computer_software;data_ai;仅限本科;学士;统计学类、数学类、计算机类（物联网工程、数字媒体技术、智能科学与技术、空间信息与数字技术、电影制作、服务科学与工程、虚拟现实技术等专业除外），信息管理与信息系统专业、大数据管理与应用专业;市（地）级及以下直属机构综合管理类","用人司局：国家统计局江苏调查总队
职位简介：从事统计调查、数据处理、统计分析研究等相关工作。
专业要求：统计学类、数学类、计算机类（物联网工程、数字媒体技术、智能科学与技术、空间信息与数字技术、电影制作、服务科学与工程、虚拟现实技术等专业除外），信息管理与信息系统专业、大数据管理与应用专业
学历要求：仅限本科
学位要求：学士
政治面貌：中共党员
基层工作经历：无限制
考试类别：市（地）级及以下直属机构综合管理类
备注：1.所列专业均要求主修专业，考生报考专业须与招录专业名称一致；2.仅限2024届高校毕业生；3.本单位最低服务年限为5年（含试用期）。","https://www.xuanhan.gov.cn/xxgk-show-77635.html#135110-400110135003","2023-10-15","{""dataset_year"":2024,""job_uid"":""GOV-2024-135110-400110135003"",""publisher"":""国家公务员局"",""publication_page"":""https://www.xuanhan.gov.cn/xxgk-show-77635.html"",""attachment_url"":""https://www.xuanhan.gov.cn/uploadfile/1/Attachment/638fdecf51.zip"",""local_source_file"":""中央机关及其直属机构2024年度考试录用公务员招考简章.xls"",""local_source_sha256"":""a1741b99dbecd6d03e533f99f2d69b0fa5a79733e551b80af69986ceed2ad996"",""source_sheet"":""中央国家行政机关参照公务员法管理事业单位"",""filter_version"":""government_tech_v2"",""tech_filter"":{""is_tech"":true,""is_core_tech"":true,""scope"":""core"",""categories"":[""computer_software"",""data_ai""],""matched_fields"":[""major"",""description""],""major_terms"":[""大数据"",""数字媒体技术"",""智能科学与技术"",""物联网工程"",""空间信息与数字技术"",""虚拟现实技术"",""计算机类""],""role_terms"":[""数据处理""],""reason"":""tech_major_and_role""},""original"":{""部门代码"":""135110"",""部门名称"":""国家统计局江苏调查总队"",""用人司局"":""国家统计局江苏调查总队"",""机构性质"":""中央国家行政机关参照公务员法管理事业单位"",""招考职位"":""徐州调查队业务处室一级科员（1）"",""职位属性"":""普通职位"",""职位分布"":""其他职位"",""职位简介"":""从事统计调查、数据处理、统计分析研究等相关工作。"",""职位代码"":""400110135003"",""机构层级"":""市（地）级"",""考试类别"":""市（地）级及以下直属机构综合管理类"",""招考人数"":""1"",""专业"":""统计学类、数学类、计算机类（物联网工程、数字媒体技术、智能科学与技术、空间信息与数字技术、电影制作、服务科学与工程、虚拟现实技术等专业除外），信息管理与信息系统专业、大数据管理与应用专业"",""学历"":""仅限本科"",""学位"":""学士"",""政治面貌"":""中共党员"",""基层工作最低年限"":""无限制"",""服务基层项目工作经历"":""无限制"",""是否在面试阶段组织专业能力测试"":""否"",""面试人员比例"":""3:1"",""工作地点"":""江苏省徐州市"",""落户地点"":""江苏省徐州市"",""备注"":""1.所列专业均要求主修专业，考生报考专业须与招录专业名称一致；2.仅限2024届高校毕业生；3.本单位最低服务年限为5年（含试用期）。"",""部门网站"":""https://jszd.stats.gov.cn/"",""咨询电话1"":""025-83580375"",""咨询电话2"":""025-83580273"",""咨询电话3"":"""",""来源Sheet"":""中央国家行政机关参照公务员法管理事业单位""}}"
"government_jobs","国家公务员2024招考简章","公务员/事业单位技术岗位","江苏省徐州市","2026-07-28T09:12:58.310295+00:00","徐州调查队业务处室一级科员（2）","国家统计局江苏调查总队","","江苏省徐州市","公务员/事业单位;2024;computer_software;data_ai;仅限本科;学士;统计学类、数学类、计算机类（物联网工程、数字媒体技术、智能科学与技术、空间信息与数字技术、电影制作、服务科学与工程、虚拟现实技术等专业除外），信息管理与信息系统专业、大数据管理与应用专业;市（地）级及以下直属机构综合管理类","用人司局：国家统计局江苏调查总队
职位简介：从事统计调查、数据处理、统计分析研究等相关工作。
专业要求：统计学类、数学类、计算机类（物联网工程、数字媒体技术、智能科学与技术、空间信息与数字技术、电影制作、服务科学与工程、虚拟现实技术等专业除外），信息管理与信息系统专业、大数据管理与应用专业
学历要求：仅限本科
学位要求：学士
政治面貌：中共党员
基层工作经历：二年
考试类别：市（地）级及以下直属机构综合管理类
备注：1.服务期满且考核合格的大学生村官；2.本单位最低服务年限为5年（含试用期）。","https://www.xuanhan.gov.cn/xxgk-show-77635.html#135110-400110135004","2023-10-15","{""dataset_year"":2024,""job_uid"":""GOV-2024-135110-400110135004"",""publisher"":""国家公务员局"",""publication_page"":""https://www.xuanhan.gov.cn/xxgk-show-77635.html"",""attachment_url"":""https://www.xuanhan.gov.cn/uploadfile/1/Attachment/638fdecf51.zip"",""local_source_file"":""中央机关及其直属机构2024年度考试录用公务员招考简章.xls"",""local_source_sha256"":""a1741b99dbecd6d03e533f99f2d69b0fa5a79733e551b80af69986ceed2ad996"",""source_sheet"":""中央国家行政机关参照公务员法管理事业单位"",""filter_version"":""government_tech_v2"",""tech_filter"":{""is_tech"":true,""is_core_tech"":true,""scope"":""core"",""categories"":[""computer_software"",""data_ai""],""matched_fields"":[""major"",""description""],""major_terms"":[""大数据"",""数字媒体技术"",""智能科学与技术"",""物联网工程"",""空间信息与数字技术"",""虚拟现实技术"",""计算机类""],""role_terms"":[""数据处理""],""reason"":""tech_major_and_role""},""original"":{""部门代码"":""135110"",""部门名称"":""国家统计局江苏调查总队"",""用人司局"":""国家统计局江苏调查总队"",""机构性质"":""中央国家行政机关参照公务员法管理事业单位"",""招考职位"":""徐州调查队业务处室一级科员（2）"",""职位属性"":""普通职位"",""职位分布"":""其他职位"",""职位简介"":""从事统计调查、数据处理、统计分析研究等相关工作。"",""职位代码"":""400110135004"",""机构层级"":""市（地）级"",""考试类别"":""市（地）级及以下直属机构综合管理类"",""招考人数"":""1"",""专业"":""统计学类、数学类、计算机类（物联网工程、数字媒体技术、智能科学与技术、空间信息与数字技术、电影制作、服务科学与工程、虚拟现实技术等专业除外），信息管理与信息系统专业、大数据管理与应用专业"",""学历"":""仅限本科"",""学位"":""学士"",""政治面貌"":""中共党员"",""基层工作最低年限"":""二年"",""服务基层项目工作经历"":""大学生村官"",""是否在面试阶段组织专业能力测试"":""否"",""面试人员比例"":""3:1"",""工作地点"":""江苏省徐州市"",""落户地点"":""江苏省徐州市"",""备注"":""1.服务期满且考核合格的大学生村官；2.本单位最低服务年限为5年（含试用期）。"",""部门网站"":""https://jszd.stats.gov.cn/"",""咨询电话1"":""025-83580375"",""咨询电话2"":""025-83580273"",""咨询电话3"":"""",""来源Sheet"":""中央国家行政机关参照公务员法管理事业单位""}}"
"government_jobs","国家公务员2024招考简章","公务员/事业单位技术岗位","江苏省常州市","2026-07-28T09:12:58.310295+00:00","常州调查队业务处室一级科员","国家统计局江苏调查总队","","江苏省常州市","公务员/事业单位;2024;computer_software;data_ai;仅限本科;学士;统计学类、数学类、计算机类（物联网工程、数字媒体技术、智能科学与技术、空间信息与数字技术、电影制作、服务科学与工程、虚拟现实技术等专业除外），信息管理与信息系统专业、大数据管理与应用专业;市（地）级及以下直属机构综合管理类","用人司局：国家统计局江苏调查总队
职位简介：从事统计调查、数据处理、统计分析研究等相关工作。
专业要求：统计学类、数学类、计算机类（物联网工程、数字媒体技术、智能科学与技术、空间信息与数字技术、电影制作、服务科学与工程、虚拟现实技术等专业除外），信息管理与信息系统专业、大数据管理与应用专业
学历要求：仅限本科
学位要求：学士
政治面貌：中共党员
基层工作经历：无限制
考试类别：市（地）级及以下直属机构综合管理类
备注：1.所列专业均要求主修专业，考生报考专业须与招录专业名称一致；2.仅限2024届高校毕业生；3.本单位最低服务年限为5年（含试用期）。","https://www.xuanhan.gov.cn/xxgk-show-77635.html#135110-400110135006","2023-10-15","{""dataset_year"":2024,""job_uid"":""GOV-2024-135110-400110135006"",""publisher"":""国家公务员局"",""publication_page"":""https://www.xuanhan.gov.cn/xxgk-show-77635.html"",""attachment_url"":""https://www.xuanhan.gov.cn/uploadfile/1/Attachment/638fdecf51.zip"",""local_source_file"":""中央机关及其直属机构2024年度考试录用公务员招考简章.xls"",""local_source_sha256"":""a1741b99dbecd6d03e533f99f2d69b0fa5a79733e551b80af69986ceed2ad996"",""source_sheet"":""中央国家行政机关参照公务员法管理事业单位"",""filter_version"":""government_tech_v2"",""tech_filter"":{""is_tech"":true,""is_core_tech"":true,""scope"":""core"",""categories"":[""computer_software"",""data_ai""],""matched_fields"":[""major"",""description""],""major_terms"":[""大数据"",""数字媒体技术"",""智能科学与技术"",""物联网工程"",""空间信息与数字技术"",""虚拟现实技术"",""计算机类""],""role_terms"":[""数据处理""],""reason"":""tech_major_and_role""},""original"":{""部门代码"":""135110"",""部门名称"":""国家统计局江苏调查总队"",""用人司局"":""国家统计局江苏调查总队"",""机构性质"":""中央国家行政机关参照公务员法管理事业单位"",""招考职位"":""常州调查队业务处室一级科员"",""职位属性"":""普通职位"",""职位分布"":""其他职位"",""职位简介"":""从事统计调查、数据处理、统计分析研究等相关工作。"",""职位代码"":""400110135006"",""机构层级"":""市（地）级"",""考试类别"":""市（地）级及以下直属机构综合管理类"",""招考人数"":""1"",""专业"":""统计学类、数学类、计算机类（物联网工程、数字媒体技术、智能科学与技术、空间信息与数字技术、电影制作、服务科学与工程、虚拟现实技术等专业除外），信息管理与信息系统专业、大数据管理与应用专业"",""学历"":""仅限本科"",""学位"":""学士"",""政治面貌"":""中共党员"",""基层工作最低年限"":""无限制"",""服务基层项目工作经历"":""无限制"",""是否在面试阶段组织专业能力测试"":""否"",""面试人员比例"":""3:1"",""工作地点"":""江苏省常州市"",""落户地点"":""江苏省常州市"",""备注"":""1.所列专业均要求主修专业，考生报考专业须与招录专业名称一致；2.仅限2024届高校毕业生；3.本单位最低服务年限为5年（含试用期）。"",""部门网站"":""https://jszd.stats.gov.cn/"",""咨询电话1"":""025-83580375"",""咨询电话2"":""025-83580273"",""咨询电话3"":"""",""来源Sheet"":""中央国家行政机关参照公务员法管理事业单位""}}"
"government_jobs","国家公务员2024招考简章","公务员/事业单位技术岗位","江苏省苏州市","2026-07-28T09:12:58.310295+00:00","苏州调查队业务处室一级科员","国家统计局江苏调查总队","","江苏省苏州市","公务员/事业单位;2024;computer_software;data_ai;仅限本科;学士;统计学类、数学类、计算机类（物联网工程、数字媒体技术、智能科学与技术、空间信息与数字技术、电影制作、服务科学与工程、虚拟现实技术等专业除外），信息管理与信息系统专业、大数据管理与应用专业;市（地）级及以下直属机构综合管理类","用人司局：国家统计局江苏调查总队
职位简介：从事统计调查、数据处理、统计分析研究等相关工作。
专业要求：统计学类、数学类、计算机类（物联网工程、数字媒体技术、智能科学与技术、空间信息与数字技术、电影制作、服务科学与工程、虚拟现实技术等专业除外），信息管理与信息系统专业、大数据管理与应用专业
学历要求：仅限本科
学位要求：学士
政治面貌：中共党员
基层工作经历：无限制
考试类别：市（地）级及以下直属机构综合管理类
备注：1.所列专业均要求主修专业，考生报考专业须与招录专业名称一致；2.仅限2024届高校毕业生；3.本单位最低服务年限为5年（含试用期）。","https://www.xuanhan.gov.cn/xxgk-show-77635.html#135110-400110135007","2023-10-15","{""dataset_year"":2024,""job_uid"":""GOV-2024-135110-400110135007"",""publisher"":""国家公务员局"",""publication_page"":""https://www.xuanhan.gov.cn/xxgk-show-77635.html"",""attachment_url"":""https://www.xuanhan.gov.cn/uploadfile/1/Attachment/638fdecf51.zip"",""local_source_file"":""中央机关及其直属机构2024年度考试录用公务员招考简章.xls"",""local_source_sha256"":""a1741b99dbecd6d03e533f99f2d69b0fa5a79733e551b80af69986ceed2ad996"",""source_sheet"":""中央国家行政机关参照公务员法管理事业单位"",""filter_version"":""government_tech_v2"",""tech_filter"":{""is_tech"":true,""is_core_tech"":true,""scope"":""core"",""categories"":[""computer_software"",""data_ai""],""matched_fields"":[""major"",""description""],""major_terms"":[""大数据"",""数字媒体技术"",""智能科学与技术"",""物联网工程"",""空间信息与数字技术"",""虚拟现实技术"",""计算机类""],""role_terms"":[""数据处理""],""reason"":""tech_major_and_role""},""original"":{""部门代码"":""135110"",""部门名称"":""国家统计局江苏调查总队"",""用人司局"":""国家统计局江苏调查总队"",""机构性质"":""中央国家行政机关参照公务员法管理事业单位"",""招考职位"":""苏州调查队业务处室一级科员"",""职位属性"":""普通职位"",""职位分布"":""其他职位"",""职位简介"":""从事统计调查、数据处理、统计分析研究等相关工作。"",""职位代码"":""400110135007"",""机构层级"":""市（地）级"",""考试类别"":""市（地）级及以下直属机构综合管理类"",""招考人数"":""1"",""专业"":""统计学类、数学类、计算机类（物联网工程、数字媒体技术、智能科学与技术、空间信息与数字技术、电影制作、服务科学与工程、虚拟现实技术等专业除外），信息管理与信息系统专业、大数据管理与应用专业"",""学历"":""仅限本科"",""学位"":""学士"",""政治面貌"":""中共党员"",""基层工作最低年限"":""无限制"",""服务基层项目工作经历"":""无限制"",""是否在面试阶段组织专业能力测试"":""否"",""面试人员比例"":""3:1"",""工作地点"":""江苏省苏州市"",""落户地点"":""江苏省苏州市"",""备注"":""1.所列专业均要求主修专业，考生报考专业须与招录专业名称一致；2.仅限2024届高校毕业生；3.本单位最低服务年限为5年（含试用期）。"",""部门网站"":""https://jszd.stats.gov.cn/"",""咨询电话1"":""025-83580375"",""咨询电话2"":""025-83580273"",""咨询电话3"":"""",""来源Sheet"":""中央国家行政机关参照公务员法管理事业单位""}}"
"government_jobs","国家公务员2024招考简章","公务员/事业单位技术岗位","江苏省连云港市","2026-07-28T09:12:58.310295+00:00","连云港调查队业务处室一级科员（1）","国家统计局江苏调查总队","","江苏省连云港市","公务员/事业单位;2024;computer_software;data_ai;仅限本科;学士;统计学类、数学类、计算机类（物联网工程、数字媒体技术、智能科学与技术、空间信息与数字技术、电影制作、服务科学与工程、虚拟现实技术等专业除外），信息管理与信息系统专业、大数据管理与应用专业;市（地）级及以下直属机构综合管理类","用人司局：国家统计局江苏调查总队
职位简介：从事统计调查、数据处理、统计分析研究等相关工作。
专业要求：统计学类、数学类、计算机类（物联网工程、数字媒体技术、智能科学与技术、空间信息与数字技术、电影制作、服务科学与工程、虚拟现实技术等专业除外），信息管理与信息系统专业、大数据管理与应用专业
学历要求：仅限本科
学位要求：学士
政治面貌：中共党员
基层工作经历：无限制
考试类别：市（地）级及以下直属机构综合管理类
备注：1.所列专业均要求主修专业，考生报考专业须与招录专业名称一致；2.仅限2024届高校毕业生；3.本单位最低服务年限为5年（含试用期）。","https://www.xuanhan.gov.cn/xxgk-show-77635.html#135110-400110135008","2023-10-15","{""dataset_year"":2024,""job_uid"":""GOV-2024-135110-400110135008"",""publisher"":""国家公务员局"",""publication_page"":""https://www.xuanhan.gov.cn/xxgk-show-77635.html"",""attachment_url"":""https://www.xuanhan.gov.cn/uploadfile/1/Attachment/638fdecf51.zip"",""local_source_file"":""中央机关及其直属机构2024年度考试录用公务员招考简章.xls"",""local_source_sha256"":""a1741b99dbecd6d03e533f99f2d69b0fa5a79733e551b80af69986ceed2ad996"",""source_sheet"":""中央国家行政机关参照公务员法管理事业单位"",""filter_version"":""government_tech_v2"",""tech_filter"":{""is_tech"":true,""is_core_tech"":true,""scope"":""core"",""categories"":[""computer_software"",""data_ai""],""matched_fields"":[""major"",""description""],""major_terms"":[""大数据"",""数字媒体技术"",""智能科学与技术"",""物联网工程"",""空间信息与数字技术"",""虚拟现实技术"",""计算机类""],""role_terms"":[""数据处理""],""reason"":""tech_major_and_role""},""original"":{""部门代码"":""135110"",""部门名称"":""国家统计局江苏调查总队"",""用人司局"":""国家统计局江苏调查总队"",""机构性质"":""中央国家行政机关参照公务员法管理事业单位"",""招考职位"":""连云港调查队业务处室一级科员（1）"",""职位属性"":""普通职位"",""职位分布"":""其他职位"",""职位简介"":""从事统计调查、数据处理、统计分析研究等相关工作。"",""职位代码"":""400110135008"",""机构层级"":""市（地）级"",""考试类别"":""市（地）级及以下直属机构综合管理类"",""招考人数"":""1"",""专业"":""统计学类、数学类、计算机类（物联网工程、数字媒体技术、智能科学与技术、空间信息与数字技术、电影制作、服务科学与工程、虚拟现实技术等专业除外），信息管理与信息系统专业、大数据管理与应用专业"",""学历"":""仅限本科"",""学位"":""学士"",""政治面貌"":""中共党员"",""基层工作最低年限"":""无限制"",""服务基层项目工作经历"":""无限制"",""是否在面试阶段组织专业能力测试"":""否"",""面试人员比例"":""3:1"",""工作地点"":""江苏省连云港市"",""落户地点"":""江苏省连云港市"",""备注"":""1.所列专业均要求主修专业，考生报考专业须与招录专业名称一致；2.仅限2024届高校毕业生；3.本单位最低服务年限为5年（含试用期）。"",""部门网站"":""https://jszd.stats.gov.cn/"",""咨询电话1"":""025-83580375"",""咨询电话2"":""025-83580273"",""咨询电话3"":"""",""来源Sheet"":""中央国家行政机关参照公务员法管理事业单位""}}"
"government_jobs","国家公务员2024招考简章","公务员/事业单位技术岗位","江苏省连云港市","2026-07-28T09:12:58.310295+00:00","连云港调查队业务处室一级科员（2）","国家统计局江苏调查总队","","江苏省连云港市","公务员/事业单位;2024;computer_software;data_ai;仅限本科;学士;统计学类、数学类、计算机类（物联网工程、数字媒体技术、智能科学与技术、空间信息与数字技术、电影制作、服务科学与工程、虚拟现实技术等专业除外），信息管理与信息系统专业、大数据管理与应用专业;市（地）级及以下直属机构综合管理类","用人司局：国家统计局江苏调查总队
职位简介：从事统计调查、数据处理、统计分析研究等相关工作。
专业要求：统计学类、数学类、计算机类（物联网工程、数字媒体技术、智能科学与技术、空间信息与数字技术、电影制作、服务科学与工程、虚拟现实技术等专业除外），信息管理与信息系统专业、大数据管理与应用专业
学历要求：仅限本科
学位要求：学士
政治面貌：中共党员
基层工作经历：二年
考试类别：市（地）级及以下直属机构综合管理类
备注：1.服务期满且考核合格的大学生村官；2.本单位最低服务年限为5年（含试用期）。","https://www.xuanhan.gov.cn/xxgk-show-77635.html#135110-400110135009","2023-10-15","{""dataset_year"":2024,""job_uid"":""GOV-2024-135110-400110135009"",""publisher"":""国家公务员局"",""publication_page"":""https://www.xuanhan.gov.cn/xxgk-show-77635.html"",""attachment_url"":""https://www.xuanhan.gov.cn/uploadfile/1/Attachment/638fdecf51.zip"",""local_source_file"":""中央机关及其直属机构2024年度考试录用公务员招考简章.xls"",""local_source_sha256"":""a1741b99dbecd6d03e533f99f2d69b0fa5a79733e551b80af69986ceed2ad996"",""source_sheet"":""中央国家行政机关参照公务员法管理事业单位"",""filter_version"":""government_tech_v2"",""tech_filter"":{""is_tech"":true,""is_core_tech"":true,""scope"":""core"",""categories"":[""computer_software"",""data_ai""],""matched_fields"":[""major"",""description""],""major_terms"":[""大数据"",""数字媒体技术"",""智能科学与技术"",""物联网工程"",""空间信息与数字技术"",""虚拟现实技术"",""计算机类""],""role_terms"":[""数据处理""],""reason"":""tech_major_and_role""},""original"":{""部门代码"":""135110"",""部门名称"":""国家统计局江苏调查总队"",""用人司局"":""国家统计局江苏调查总队"",""机构性质"":""中央国家行政机关参照公务员法管理事业单位"",""招考职位"":""连云港调查队业务处室一级科员（2）"",""职位属性"":""普通职位"",""职位分布"":""其他职位"",""职位简介"":""从事统计调查、数据处理、统计分析研究等相关工作。"",""职位代码"":""400110135009"",""机构层级"":""市（地）级"",""考试类别"":""市（地）级及以下直属机构综合管理类"",""招考人数"":""1"",""专业"":""统计学类、数学类、计算机类（物联网工程、数字媒体技术、智能科学与技术、空间信息与数字技术、电影制作、服务科学与工程、虚拟现实技术等专业除外），信息管理与信息系统专业、大数据管理与应用专业"",""学历"":""仅限本科"",""学位"":""学士"",""政治面貌"":""中共党员"",""基层工作最低年限"":""二年"",""服务基层项目工作经历"":""大学生村官"",""是否在面试阶段组织专业能力测试"":""否"",""面试人员比例"":""3:1"",""工作地点"":""江苏省连云港市"",""落户地点"":""江苏省连云港市"",""备注"":""1.服务期满且考核合格的大学生村官；2.本单位最低服务年限为5年（含试用期）。"",""部门网站"":""https://jszd.stats.gov.cn/"",""咨询电话1"":""025-83580375"",""咨询电话2"":""025-83580273"",""咨询电话3"":"""",""来源Sheet"":""中央国家行政机关参照公务员法管理事业单位""}}"
"government_jobs","国家公务员2024招考简章","公务员/事业单位技术岗位","江苏省盐城市","2026-07-28T09:12:58.310295+00:00","盐城调查队业务处室四级主任科员","国家统计局江苏调查总队","","江苏省盐城市","公务员/事业单位;2024;computer_software;data_ai;仅限硕士研究生;硕士;数学类、计算机科学与技术类，统计学专业;市（地）级及以下直属机构综合管理类","用人司局：国家统计局江苏调查总队
职位简介：从事统计调查、数据处理、统计分析研究等相关工作。
专业要求：数学类、计算机科学与技术类，统计学专业
学历要求：仅限硕士研究生
学位要求：硕士
政治面貌：中共党员
基层工作经历：无限制
考试类别：市（地）级及以下直属机构综合管理类
备注：1.所列专业均要求主修专业，考生报考专业须与招录专业名称一致；2.仅限2024届高校毕业生；3.本单位最低服务年限为5年（含试用期）。","https://www.xuanhan.gov.cn/xxgk-show-77635.html#135110-400110135010","2023-10-15","{""dataset_year"":2024,""job_uid"":""GOV-2024-135110-400110135010"",""publisher"":""国家公务员局"",""publication_page"":""https://www.xuanhan.gov.cn/xxgk-show-77635.html"",""attachment_url"":""https://www.xuanhan.gov.cn/uploadfile/1/Attachment/638fdecf51.zip"",""local_source_file"":""中央机关及其直属机构2024年度考试录用公务员招考简章.xls"",""local_source_sha256"":""a1741b99dbecd6d03e533f99f2d69b0fa5a79733e551b80af69986ceed2ad996"",""source_sheet"":""中央国家行政机关参照公务员法管理事业单位"",""filter_version"":""government_tech_v2"",""tech_filter"":{""is_tech"":true,""is_core_tech"":true,""scope"":""core"",""categories"":[""computer_software"",""data_ai""],""matched_fields"":[""major"",""description""],""major_terms"":[""计算机科学与技术""],""role_terms"":[""数据处理""],""reason"":""tech_major_and_role""},""original"":{""部门代码"":""135110"",""部门名称"":""国家统计局江苏调查总队"",""用人司局"":""国家统计局江苏调查总队"",""机构性质"":""中央国家行政机关参照公务员法管理事业单位"",""招考职位"":""盐城调查队业务处室四级主任科员"",""职位属性"":""普通职位"",""职位分布"":""其他职位"",""职位简介"":""从事统计调查、数据处理、统计分析研究等相关工作。"",""职位代码"":""400110135010"",""机构层级"":""市（地）级"",""考试类别"":""市（地）级及以下直属机构综合管理类"",""招考人数"":""1"",""专业"":""数学类、计算机科学与技术类，统计学专业"",""学历"":""仅限硕士研究生"",""学位"":""硕士"",""政治面貌"":""中共党员"",""基层工作最低年限"":""无限制"",""服务基层项目工作经历"":""无限制"",""是否在面试阶段组织专业能力测试"":""否"",""面试人员比例"":""3:1"",""工作地点"":""江苏省盐城市"",""落户地点"":""江苏省盐城市"",""备注"":""1.所列专业均要求主修专业，考生报考专业须与招录专业名称一致；2.仅限2024届高校毕业生；3.本单位最低服务年限为5年（含试用期）。"",""部门网站"":""https://jszd.stats.gov.cn/"",""咨询电话1"":""025-83580375"",""咨询电话2"":""025-83580273"",""咨询电话3"":"""",""来源Sheet"":""中央国家行政机关参照公务员法管理事业单位""}}"
"government_jobs","国家公务员2024招考简章","公务员/事业单位技术岗位","江苏省扬州市","2026-07-28T09:12:58.310295+00:00","扬州调查队业务处室一级科员","国家统计局江苏调查总队","","江苏省扬州市","公务员/事业单位;2024;computer_software;data_ai;仅限本科;学士;统计学类、数学类、计算机类（物联网工程、数字媒体技术、智能科学与技术、空间信息与数字技术、电影制作、服务科学与工程、虚拟现实技术等专业除外），信息管理与信息系统专业、大数据管理与应用专业;市（地）级及以下直属机构综合管理类","用人司局：国家统计局江苏调查总队
职位简介：从事统计调查、数据处理、统计分析研究等相关工作。
专业要求：统计学类、数学类、计算机类（物联网工程、数字媒体技术、智能科学与技术、空间信息与数字技术、电影制作、服务科学与工程、虚拟现实技术等专业除外），信息管理与信息系统专业、大数据管理与应用专业
学历要求：仅限本科
学位要求：学士
政治面貌：中共党员
基层工作经历：无限制
考试类别：市（地）级及以下直属机构综合管理类
备注：1.所列专业均要求主修专业，考生报考专业须与招录专业名称一致；2.仅限2024届高校毕业生；3.本单位最低服务年限为5年（含试用期）。","https://www.xuanhan.gov.cn/xxgk-show-77635.html#135110-400110135011","2023-10-15","{""dataset_year"":2024,""job_uid"":""GOV-2024-135110-400110135011"",""publisher"":""国家公务员局"",""publication_page"":""https://www.xuanhan.gov.cn/xxgk-show-77635.html"",""attachment_url"":""https://www.xuanhan.gov.cn/uploadfile/1/Attachment/638fdecf51.zip"",""local_source_file"":""中央机关及其直属机构2024年度考试录用公务员招考简章.xls"",""local_source_sha256"":""a1741b99dbecd6d03e533f99f2d69b0fa5a79733e551b80af69986ceed2ad996"",""source_sheet"":""中央国家行政机关参照公务员法管理事业单位"",""filter_version"":""government_tech_v2"",""tech_filter"":{""is_tech"":true,""is_core_tech"":true,""scope"":""core"",""categories"":[""computer_software"",""data_ai""],""matched_fields"":[""major"",""description""],""major_terms"":[""大数据"",""数字媒体技术"",""智能科学与技术"",""物联网工程"",""空间信息与数字技术"",""虚拟现实技术"",""计算机类""],""role_terms"":[""数据处理""],""reason"":""tech_major_and_role""},""original"":{""部门代码"":""135110"",""部门名称"":""国家统计局江苏调查总队"",""用人司局"":""国家统计局江苏调查总队"",""机构性质"":""中央国家行政机关参照公务员法管理事业单位"",""招考职位"":""扬州调查队业务处室一级科员"",""职位属性"":""普通职位"",""职位分布"":""其他职位"",""职位简介"":""从事统计调查、数据处理、统计分析研究等相关工作。"",""职位代码"":""400110135011"",""机构层级"":""市（地）级"",""考试类别"":""市（地）级及以下直属机构综合管理类"",""招考人数"":""1"",""专业"":""统计学类、数学类、计算机类（物联网工程、数字媒体技术、智能科学与技术、空间信息与数字技术、电影制作、服务科学与工程、虚拟现实技术等专业除外），信息管理与信息系统专业、大数据管理与应用专业"",""学历"":""仅限本科"",""学位"":""学士"",""政治面貌"":""中共党员"",""基层工作最低年限"":""无限制"",""服务基层项目工作经历"":""无限制"",""是否在面试阶段组织专业能力测试"":""否"",""面试人员比例"":""3:1"",""工作地点"":""江苏省扬州市"",""落户地点"":""江苏省扬州市"",""备注"":""1.所列专业均要求主修专业，考生报考专业须与招录专业名称一致；2.仅限2024届高校毕业生；3.本单位最低服务年限为5年（含试用期）。"",""部门网站"":""https://jszd.stats.gov.cn/"",""咨询电话1"":""025-83580375"",""咨询电话2"":""025-83580273"",""咨询电话3"":"""",""来源Sheet"":""中央国家行政机关参照公务员法管理事业单位""}}"
"government_jobs","国家公务员2024招考简章","公务员/事业单位技术岗位","江苏省镇江市","2026-07-28T09:12:58.310295+00:00","镇江调查队业务处室一级科员（1）","国家统计局江苏调查总队","","江苏省镇江市","公务员/事业单位;2024;computer_software;data_ai;仅限本科;学士;统计学类、数学类、计算机类（物联网工程、数字媒体技术、智能科学与技术、空间信息与数字技术、电影制作、服务科学与工程、虚拟现实技术等专业除外），信息管理与信息系统专业、大数据管理与应用专业;市（地）级及以下直属机构综合管理类","用人司局：国家统计局江苏调查总队
职位简介：从事统计调查、数据处理、统计分析研究等相关工作。
专业要求：统计学类、数学类、计算机类（物联网工程、数字媒体技术、智能科学与技术、空间信息与数字技术、电影制作、服务科学与工程、虚拟现实技术等专业除外），信息管理与信息系统专业、大数据管理与应用专业
学历要求：仅限本科
学位要求：学士
政治面貌：中共党员
基层工作经历：无限制
考试类别：市（地）级及以下直属机构综合管理类
备注：1.所列专业均要求主修专业，考生报考专业须与招录专业名称一致；2.仅限2024届高校毕业生；3.本单位最低服务年限为5年（含试用期）。","https://www.xuanhan.gov.cn/xxgk-show-77635.html#135110-400110135012","2023-10-15","{""dataset_year"":2024,""job_uid"":""GOV-2024-135110-400110135012"",""publisher"":""国家公务员局"",""publication_page"":""https://www.xuanhan.gov.cn/xxgk-show-77635.html"",""attachment_url"":""https://www.xuanhan.gov.cn/uploadfile/1/Attachment/638fdecf51.zip"",""local_source_file"":""中央机关及其直属机构2024年度考试录用公务员招考简章.xls"",""local_source_sha256"":""a1741b99dbecd6d03e533f99f2d69b0fa5a79733e551b80af69986ceed2ad996"",""source_sheet"":""中央国家行政机关参照公务员法管理事业单位"",""filter_version"":""government_tech_v2"",""tech_filter"":{""is_tech"":true,""is_core_tech"":true,""scope"":""core"",""categories"":[""computer_software"",""data_ai""],""matched_fields"":[""major"",""description""],""major_terms"":[""大数据"",""数字媒体技术"",""智能科学与技术"",""物联网工程"",""空间信息与数字技术"",""虚拟现实技术"",""计算机类""],""role_terms"":[""数据处理""],""reason"":""tech_major_and_role""},""original"":{""部门代码"":""135110"",""部门名称"":""国家统计局江苏调查总队"",""用人司局"":""国家统计局江苏调查总队"",""机构性质"":""中央国家行政机关参照公务员法管理事业单位"",""招考职位"":""镇江调查队业务处室一级科员（1）"",""职位属性"":""普通职位"",""职位分布"":""其他职位"",""职位简介"":""从事统计调查、数据处理、统计分析研究等相关工作。"",""职位代码"":""400110135012"",""机构层级"":""市（地）级"",""考试类别"":""市（地）级及以下直属机构综合管理类"",""招考人数"":""1"",""专业"":""统计学类、数学类、计算机类（物联网工程、数字媒体技术、智能科学与技术、空间信息与数字技术、电影制作、服务科学与工程、虚拟现实技术等专业除外），信息管理与信息系统专业、大数据管理与应用专业"",""学历"":""仅限本科"",""学位"":""学士"",""政治面貌"":""中共党员"",""基层工作最低年限"":""无限制"",""服务基层项目工作经历"":""无限制"",""是否在面试阶段组织专业能力测试"":""否"",""面试人员比例"":""3:1"",""工作地点"":""江苏省镇江市"",""落户地点"":""江苏省镇江市"",""备注"":""1.所列专业均要求主修专业，考生报考专业须与招录专业名称一致；2.仅限2024届高校毕业生；3.本单位最低服务年限为5年（含试用期）。"",""部门网站"":""https://jszd.stats.gov.cn/"",""咨询电话1"":""025-83580375"",""咨询电话2"":""025-83580273"",""咨询电话3"":"""",""来源Sheet"":""中央国家行政机关参照公务员法管理事业单位""}}"
"government_jobs","国家公务员2024招考简章","公务员/事业单位技术岗位","江苏省镇江市","2026-07-28T09:12:58.310295+00:00","镇江调查队业务处室一级科员（2）","国家统计局江苏调查总队","","江苏省镇江市","公务员/事业单位;2024;computer_software;data_ai;仅限本科;学士;统计学类、数学类、计算机类（物联网工程、数字媒体技术、智能科学与技术、空间信息与数字技术、电影制作、服务科学与工程、虚拟现实技术等专业除外），信息管理与信息系统专业、大数据管理与应用专业;市（地）级及以下直属机构综合管理类","用人司局：国家统计局江苏调查总队
职位简介：从事统计调查、数据处理、统计分析研究等相关工作。
专业要求：统计学类、数学类、计算机类（物联网工程、数字媒体技术、智能科学与技术、空间信息与数字技术、电影制作、服务科学与工程、虚拟现实技术等专业除外），信息管理与信息系统专业、大数据管理与应用专业
学历要求：仅限本科
学位要求：学士
政治面貌：中共党员
基层工作经历：二年
考试类别：市（地）级及以下直属机构综合管理类
备注：1.服务期满且考核合格的大学生村官；2.本单位最低服务年限为5年（含试用期）。","https://www.xuanhan.gov.cn/xxgk-show-77635.html#135110-400110135013","2023-10-15","{""dataset_year"":2024,""job_uid"":""GOV-2024-135110-400110135013"",""publisher"":""国家公务员局"",""publication_page"":""https://www.xuanhan.gov.cn/xxgk-show-77635.html"",""attachment_url"":""https://www.xuanhan.gov.cn/uploadfile/1/Attachment/638fdecf51.zip"",""local_source_file"":""中央机关及其直属机构2024年度考试录用公务员招考简章.xls"",""local_source_sha256"":""a1741b99dbecd6d03e533f99f2d69b0fa5a79733e551b80af69986ceed2ad996"",""source_sheet"":""中央国家行政机关参照公务员法管理事业单位"",""filter_version"":""government_tech_v2"",""tech_filter"":{""is_tech"":true,""is_core_tech"":true,""scope"":""core"",""categories"":[""computer_software"",""data_ai""],""matched_fields"":[""major"",""description""],""major_terms"":[""大数据"",""数字媒体技术"",""智能科学与技术"",""物联网工程"",""空间信息与数字技术"",""虚拟现实技术"",""计算机类""],""role_terms"":[""数据处理""],""reason"":""tech_major_and_role""},""original"":{""部门代码"":""135110"",""部门名称"":""国家统计局江苏调查总队"",""用人司局"":""国家统计局江苏调查总队"",""机构性质"":""中央国家行政机关参照公务员法管理事业单位"",""招考职位"":""镇江调查队业务处室一级科员（2）"",""职位属性"":""普通职位"",""职位分布"":""其他职位"",""职位简介"":""从事统计调查、数据处理、统计分析研究等相关工作。"",""职位代码"":""400110135013"",""机构层级"":""市（地）级"",""考试类别"":""市（地）级及以下直属机构综合管理类"",""招考人数"":""1"",""专业"":""统计学类、数学类、计算机类（物联网工程、数字媒体技术、智能科学与技术、空间信息与数字技术、电影制作、服务科学与工程、虚拟现实技术等专业除外），信息管理与信息系统专业、大数据管理与应用专业"",""学历"":""仅限本科"",""学位"":""学士"",""政治面貌"":""中共党员"",""基层工作最低年限"":""二年"",""服务基层项目工作经历"":""大学生村官"",""是否在面试阶段组织专业能力测试"":""否"",""面试人员比例"":""3:1"",""工作地点"":""江苏省镇江市"",""落户地点"":""江苏省镇江市"",""备注"":""1.服务期满且考核合格的大学生村官；2.本单位最低服务年限为5年（含试用期）。"",""部门网站"":""https://jszd.stats.gov.cn/"",""咨询电话1"":""025-83580375"",""咨询电话2"":""025-83580273"",""咨询电话3"":"""",""来源Sheet"":""中央国家行政机关参照公务员法管理事业单位""}}"
"government_jobs","国家公务员2024招考简章","公务员/事业单位技术岗位","江苏省泰州市","2026-07-28T09:12:58.310295+00:00","泰州调查队业务处室一级科员","国家统计局江苏调查总队","","江苏省泰州市","公务员/事业单位;2024;computer_software;data_ai;仅限本科;学士;统计学类、数学类、计算机类（物联网工程、数字媒体技术、智能科学与技术、空间信息与数字技术、电影制作、服务科学与工程、虚拟现实技术等专业除外），信息管理与信息系统专业、大数据管理与应用专业;市（地）级及以下直属机构综合管理类","用人司局：国家统计局江苏调查总队
职位简介：从事统计调查、数据处理、统计分析研究等相关工作。
专业要求：统计学类、数学类、计算机类（物联网工程、数字媒体技术、智能科学与技术、空间信息与数字技术、电影制作、服务科学与工程、虚拟现实技术等专业除外），信息管理与信息系统专业、大数据管理与应用专业
学历要求：仅限本科
学位要求：学士
政治面貌：中共党员
基层工作经历：无限制
考试类别：市（地）级及以下直属机构综合管理类
备注：1.所列专业均要求主修专业，考生报考专业须与招录专业名称一致；2.仅限2024届高校毕业生；3.本单位最低服务年限为5年（含试用期）。","https://www.xuanhan.gov.cn/xxgk-show-77635.html#135110-400110135014","2023-10-15","{""dataset_year"":2024,""job_uid"":""GOV-2024-135110-400110135014"",""publisher"":""国家公务员局"",""publication_page"":""https://www.xuanhan.gov.cn/xxgk-show-77635.html"",""attachment_url"":""https://www.xuanhan.gov.cn/uploadfile/1/Attachment/638fdecf51.zip"",""local_source_file"":""中央机关及其直属机构2024年度考试录用公务员招考简章.xls"",""local_source_sha256"":""a1741b99dbecd6d03e533f99f2d69b0fa5a79733e551b80af69986ceed2ad996"",""source_sheet"":""中央国家行政机关参照公务员法管理事业单位"",""filter_version"":""government_tech_v2"",""tech_filter"":{""is_tech"":true,""is_core_tech"":true,""scope"":""core"",""categories"":[""computer_software"",""data_ai""],""matched_fields"":[""major"",""description""],""major_terms"":[""大数据"",""数字媒体技术"",""智能科学与技术"",""物联网工程"",""空间信息与数字技术"",""虚拟现实技术"",""计算机类""],""role_terms"":[""数据处理""],""reason"":""tech_major_and_role""},""original"":{""部门代码"":""135110"",""部门名称"":""国家统计局江苏调查总队"",""用人司局"":""国家统计局江苏调查总队"",""机构性质"":""中央国家行政机关参照公务员法管理事业单位"",""招考职位"":""泰州调查队业务处室一级科员"",""职位属性"":""普通职位"",""职位分布"":""其他职位"",""职位简介"":""从事统计调查、数据处理、统计分析研究等相关工作。"",""职位代码"":""400110135014"",""机构层级"":""市（地）级"",""考试类别"":""市（地）级及以下直属机构综合管理类"",""招考人数"":""1"",""专业"":""统计学类、数学类、计算机类（物联网工程、数字媒体技术、智能科学与技术、空间信息与数字技术、电影制作、服务科学与工程、虚拟现实技术等专业除外），信息管理与信息系统专业、大数据管理与应用专业"",""学历"":""仅限本科"",""学位"":""学士"",""政治面貌"":""中共党员"",""基层工作最低年限"":""无限制"",""服务基层项目工作经历"":""无限制"",""是否在面试阶段组织专业能力测试"":""否"",""面试人员比例"":""3:1"",""工作地点"":""江苏省泰州市"",""落户地点"":""江苏省泰州市"",""备注"":""1.所列专业均要求主修专业，考生报考专业须与招录专业名称一致；2.仅限2024届高校毕业生；3.本单位最低服务年限为5年（含试用期）。"",""部门网站"":""https://jszd.stats.gov.cn/"",""咨询电话1"":""025-83580375"",""咨询电话2"":""025-83580273"",""咨询电话3"":"""",""来源Sheet"":""中央国家行政机关参照公务员法管理事业单位""}}"
"government_jobs","国家公务员2024招考简章","公务员/事业单位技术岗位","江苏省宿迁市","2026-07-28T09:12:58.310295+00:00","宿迁调查队业务处室一级科员","国家统计局江苏调查总队","","江苏省宿迁市","公务员/事业单位;2024;computer_software;data_ai;仅限本科;学士;统计学类、数学类、计算机类（物联网工程、数字媒体技术、智能科学与技术、空间信息与数字技术、电影制作、服务科学与工程、虚拟现实技术等专业除外），信息管理与信息系统专业、大数据管理与应用专业;市（地）级及以下直属机构综合管理类","用人司局：国家统计局江苏调查总队
职位简介：从事统计调查、数据处理、统计分析研究等相关工作。
专业要求：统计学类、数学类、计算机类（物联网工程、数字媒体技术、智能科学与技术、空间信息与数字技术、电影制作、服务科学与工程、虚拟现实技术等专业除外），信息管理与信息系统专业、大数据管理与应用专业
学历要求：仅限本科
学位要求：学士
政治面貌：中共党员
基层工作经历：无限制
考试类别：市（地）级及以下直属机构综合管理类
备注：1.所列专业均要求主修专业，考生报考专业须与招录专业名称一致；2.仅限2024届高校毕业生；3.本单位最低服务年限为5年（含试用期）。","https://www.xuanhan.gov.cn/xxgk-show-77635.html#135110-400110135015","2023-10-15","{""dataset_year"":2024,""job_uid"":""GOV-2024-135110-400110135015"",""publisher"":""国家公务员局"",""publication_page"":""https://www.xuanhan.gov.cn/xxgk-show-77635.html"",""attachment_url"":""https://www.xuanhan.gov.cn/uploadfile/1/Attachment/638fdecf51.zip"",""local_source_file"":""中央机关及其直属机构2024年度考试录用公务员招考简章.xls"",""local_source_sha256"":""a1741b99dbecd6d03e533f99f2d69b0fa5a79733e551b80af69986ceed2ad996"",""source_sheet"":""中央国家行政机关参照公务员法管理事业单位"",""filter_version"":""government_tech_v2"",""tech_filter"":{""is_tech"":true,""is_core_tech"":true,""scope"":""core"",""categories"":[""computer_software"",""data_ai""],""matched_fields"":[""major"",""description""],""major_terms"":[""大数据"",""数字媒体技术"",""智能科学与技术"",""物联网工程"",""空间信息与数字技术"",""虚拟现实技术"",""计算机类""],""role_terms"":[""数据处理""],""reason"":""tech_major_and_role""},""original"":{""部门代码"":""135110"",""部门名称"":""国家统计局江苏调查总队"",""用人司局"":""国家统计局江苏调查总队"",""机构性质"":""中央国家行政机关参照公务员法管理事业单位"",""招考职位"":""宿迁调查队业务处室一级科员"",""职位属性"":""普通职位"",""职位分布"":""其他职位"",""职位简介"":""从事统计调查、数据处理、统计分析研究等相关工作。"",""职位代码"":""400110135015"",""机构层级"":""市（地）级"",""考试类别"":""市（地）级及以下直属机构综合管理类"",""招考人数"":""1"",""专业"":""统计学类、数学类、计算机类（物联网工程、数字媒体技术、智能科学与技术、空间信息与数字技术、电影制作、服务科学与工程、虚拟现实技术等专业除外），信息管理与信息系统专业、大数据管理与应用专业"",""学历"":""仅限本科"",""学位"":""学士"",""政治面貌"":""中共党员"",""基层工作最低年限"":""无限制"",""服务基层项目工作经历"":""无限制"",""是否在面试阶段组织专业能力测试"":""否"",""面试人员比例"":""3:1"",""工作地点"":""江苏省宿迁市"",""落户地点"":""江苏省宿迁市"",""备注"":""1.所列专业均要求主修专业，考生报考专业须与招录专业名称一致；2.仅限2024届高校毕业生；3.本单位最低服务年限为5年（含试用期）。"",""部门网站"":""https://jszd.stats.gov.cn/"",""咨询电话1"":""025-83580375"",""咨询电话2"":""025-83580273"",""咨询电话3"":"""",""来源Sheet"":""中央国家行政机关参照公务员法管理事业单位""}}"
"government_jobs","国家公务员2024招考简章","公务员/事业单位技术岗位","江苏省无锡市江阴市","2026-07-28T09:12:58.310295+00:00","江阴调查队一级科员","国家统计局江苏调查总队","","江苏省无锡市江阴市","公务员/事业单位;2024;computer_software;data_ai;仅限本科;学士;统计学类、数学类、计算机类（物联网工程、数字媒体技术、智能科学与技术、空间信息与数字技术、电影制作、服务科学与工程、虚拟现实技术等专业除外），信息管理与信息系统专业、大数据管理与应用专业;市（地）级及以下直属机构综合管理类","用人司局：国家统计局江苏调查总队
职位简介：从事一线入户调查、数据处理、统计分析研究等工作。
专业要求：统计学类、数学类、计算机类（物联网工程、数字媒体技术、智能科学与技术、空间信息与数字技术、电影制作、服务科学与工程、虚拟现实技术等专业除外），信息管理与信息系统专业、大数据管理与应用专业
学历要求：仅限本科
学位要求：学士
政治面貌：中共党员
基层工作经历：无限制
考试类别：市（地）级及以下直属机构综合管理类
备注：1.所列专业均要求主修专业，考生报考专业须与招录专业名称一致；2.仅限2024届高校毕业生；3.本单位最低服务年限为5年（含试用期）。","https://www.xuanhan.gov.cn/xxgk-show-77635.html#135110-400110135016","2023-10-15","{""dataset_year"":2024,""job_uid"":""GOV-2024-135110-400110135016"",""publisher"":""国家公务员局"",""publication_page"":""https://www.xuanhan.gov.cn/xxgk-show-77635.html"",""attachment_url"":""https://www.xuanhan.gov.cn/uploadfile/1/Attachment/638fdecf51.zip"",""local_source_file"":""中央机关及其直属机构2024年度考试录用公务员招考简章.xls"",""local_source_sha256"":""a1741b99dbecd6d03e533f99f2d69b0fa5a79733e551b80af69986ceed2ad996"",""source_sheet"":""中央国家行政机关参照公务员法管理事业单位"",""filter_version"":""government_tech_v2"",""tech_filter"":{""is_tech"":true,""is_core_tech"":true,""scope"":""core"",""categories"":[""computer_software"",""data_ai""],""matched_fields"":[""major"",""description""],""major_terms"":[""大数据"",""数字媒体技术"",""智能科学与技术"",""物联网工程"",""空间信息与数字技术"",""虚拟现实技术"",""计算机类""],""role_terms"":[""数据处理""],""reason"":""tech_major_and_role""},""original"":{""部门代码"":""135110"",""部门名称"":""国家统计局江苏调查总队"",""用人司局"":""国家统计局江苏调查总队"",""机构性质"":""中央国家行政机关参照公务员法管理事业单位"",""招考职位"":""江阴调查队一级科员"",""职位属性"":""普通职位"",""职位分布"":""其他职位"",""职位简介"":""从事一线入户调查、数据处理、统计分析研究等工作。"",""职位代码"":""400110135016"",""机构层级"":""县（区）级及以下"",""考试类别"":""市（地）级及以下直属机构综合管理类"",""招考人数"":""1"",""专业"":""统计学类、数学类、计算机类（物联网工程、数字媒体技术、智能科学与技术、空间信息与数字技术、电影制作、服务科学与工程、虚拟现实技术等专业除外），信息管理与信息系统专业、大数据管理与应用专业"",""学历"":""仅限本科"",""学位"":""学士"",""政治面貌"":""中共党员"",""基层工作最低年限"":""无限制"",""服务基层项目工作经历"":""无限制"",""是否在面试阶段组织专业能力测试"":""否"",""面试人员比例"":""3:1"",""工作地点"":""江苏省无锡市江阴市"",""落户地点"":""江苏省无锡市江阴市"",""备注"":""1.所列专业均要求主修专业，考生报考专业须与招录专业名称一致；2.仅限2024届高校毕业生；3.本单位最低服务年限为5年（含试用期）。"",""部门网站"":""https://jszd.stats.gov.cn/"",""咨询电话1"":""025-83580375"",""咨询电话2"":""025-83580273"",""咨询电话3"":"""",""来源Sheet"":""中央国家行政机关参照公务员法管理事业单位""}}"
"government_jobs","国家公务员2024招考简章","公务员/事业单位技术岗位","江苏省无锡市宜兴市","2026-07-28T09:12:58.310295+00:00","宜兴调查队一级科员","国家统计局江苏调查总队","","江苏省无锡市宜兴市","公务员/事业单位;2024;computer_software;data_ai;仅限本科;学士;统计学类、数学类、计算机类（物联网工程、数字媒体技术、智能科学与技术、空间信息与数字技术、电影制作、服务科学与工程、虚拟现实技术等专业除外），信息管理与信息系统专业、大数据管理与应用专业;市（地）级及以下直属机构综合管理类","用人司局：国家统计局江苏调查总队
职位简介：从事一线入户调查、数据处理、统计分析研究等工作。
专业要求：统计学类、数学类、计算机类（物联网工程、数字媒体技术、智能科学与技术、空间信息与数字技术、电影制作、服务科学与工程、虚拟现实技术等专业除外），信息管理与信息系统专业、大数据管理与应用专业
学历要求：仅限本科
学位要求：学士
政治面貌：中共党员
基层工作经历：无限制
考试类别：市（地）级及以下直属机构综合管理类
备注：1.所列专业均要求主修专业，考生报考专业须与招录专业名称一致；2.仅限2024届高校毕业生；3.本单位最低服务年限为5年（含试用期）。","https://www.xuanhan.gov.cn/xxgk-show-77635.html#135110-400110135017","2023-10-15","{""dataset_year"":2024,""job_uid"":""GOV-2024-135110-400110135017"",""publisher"":""国家公务员局"",""publication_page"":""https://www.xuanhan.gov.cn/xxgk-show-77635.html"",""attachment_url"":""https://www.xuanhan.gov.cn/uploadfile/1/Attachment/638fdecf51.zip"",""local_source_file"":""中央机关及其直属机构2024年度考试录用公务员招考简章.xls"",""local_source_sha256"":""a1741b99dbecd6d03e533f99f2d69b0fa5a79733e551b80af69986ceed2ad996"",""source_sheet"":""中央国家行政机关参照公务员法管理事业单位"",""filter_version"":""government_tech_v2"",""tech_filter"":{""is_tech"":true,""is_core_tech"":true,""scope"":""core"",""categories"":[""computer_software"",""data_ai""],""matched_fields"":[""major"",""description""],""major_terms"":[""大数据"",""数字媒体技术"",""智能科学与技术"",""物联网工程"",""空间信息与数字技术"",""虚拟现实技术"",""计算机类""],""role_terms"":[""数据处理""],""reason"":""tech_major_and_role""},""original"":{""部门代码"":""135110"",""部门名称"":""国家统计局江苏调查总队"",""用人司局"":""国家统计局江苏调查总队"",""机构性质"":""中央国家行政机关参照公务员法管理事业单位"",""招考职位"":""宜兴调查队一级科员"",""职位属性"":""普通职位"",""职位分布"":""其他职位"",""职位简介"":""从事一线入户调查、数据处理、统计分析研究等工作。"",""职位代码"":""400110135017"",""机构层级"":""县（区）级及以下"",""考试类别"":""市（地）级及以下直属机构综合管理类"",""招考人数"":""1"",""专业"":""统计学类、数学类、计算机类（物联网工程、数字媒体技术、智能科学与技术、空间信息与数字技术、电影制作、服务科学与工程、虚拟现实技术等专业除外），信息管理与信息系统专业、大数据管理与应用专业"",""学历"":""仅限本科"",""学位"":""学士"",""政治面貌"":""中共党员"",""基层工作最低年限"":""无限制"",""服务基层项目工作经历"":""无限制"",""是否在面试阶段组织专业能力测试"":""否"",""面试人员比例"":""3:1"",""工作地点"":""江苏省无锡市宜兴市"",""落户地点"":""江苏省无锡市宜兴市"",""备注"":""1.所列专业均要求主修专业，考生报考专业须与招录专业名称一致；2.仅限2024届高校毕业生；3.本单位最低服务年限为5年（含试用期）。"",""部门网站"":""https://jszd.stats.gov.cn/"",""咨询电话1"":""025-83580375"",""咨询电话2"":""025-83580273"",""咨询电话3"":"""",""来源Sheet"":""中央国家行政机关参照公务员法管理事业单位""}}"
"government_jobs","国家公务员2024招考简章","公务员/事业单位技术岗位","江苏省徐州市睢宁县","2026-07-28T09:12:58.310295+00:00","睢宁调查队一级科员","国家统计局江苏调查总队","","江苏省徐州市睢宁县","公务员/事业单位;2024;computer_software;data_ai;仅限本科;学士;统计学类、数学类、计算机类（物联网工程、数字媒体技术、智能科学与技术、空间信息与数字技术、电影制作、服务科学与工程、虚拟现实技术等专业除外），信息管理与信息系统专业、大数据管理与应用专业;市（地）级及以下直属机构综合管理类","用人司局：国家统计局江苏调查总队
职位简介：从事一线入户调查、数据处理、统计分析研究等工作。
专业要求：统计学类、数学类、计算机类（物联网工程、数字媒体技术、智能科学与技术、空间信息与数字技术、电影制作、服务科学与工程、虚拟现实技术等专业除外），信息管理与信息系统专业、大数据管理与应用专业
学历要求：仅限本科
学位要求：学士
政治面貌：不限
基层工作经历：无限制
考试类别：市（地）级及以下直属机构综合管理类
备注：1.所列专业均要求主修专业，考生报考专业须与招录专业名称一致；2.仅限2024届高校毕业生；3.本单位最低服务年限为5年（含试用期）。","https://www.xuanhan.gov.cn/xxgk-show-77635.html#135110-400110135018","2023-10-15","{""dataset_year"":2024,""job_uid"":""GOV-2024-135110-400110135018"",""publisher"":""国家公务员局"",""publication_page"":""https://www.xuanhan.gov.cn/xxgk-show-77635.html"",""attachment_url"":""https://www.xuanhan.gov.cn/uploadfile/1/Attachment/638fdecf51.zip"",""local_source_file"":""中央机关及其直属机构2024年度考试录用公务员招考简章.xls"",""local_source_sha256"":""a1741b99dbecd6d03e533f99f2d69b0fa5a79733e551b80af69986ceed2ad996"",""source_sheet"":""中央国家行政机关参照公务员法管理事业单位"",""filter_version"":""government_tech_v2"",""tech_filter"":{""is_tech"":true,""is_core_tech"":true,""scope"":""core"",""categories"":[""computer_software"",""data_ai""],""matched_fields"":[""major"",""description""],""major_terms"":[""大数据"",""数字媒体技术"",""智能科学与技术"",""物联网工程"",""空间信息与数字技术"",""虚拟现实技术"",""计算机类""],""role_terms"":[""数据处理""],""reason"":""tech_major_and_role""},""original"":{""部门代码"":""135110"",""部门名称"":""国家统计局江苏调查总队"",""用人司局"":""国家统计局江苏调查总队"",""机构性质"":""中央国家行政机关参照公务员法管理事业单位"",""招考职位"":""睢宁调查队一级科员"",""职位属性"":""普通职位"",""职位分布"":""其他职位"",""职位简介"":""从事一线入户调查、数据处理、统计分析研究等工作。"",""职位代码"":""400110135018"",""机构层级"":""县（区）级及以下"",""考试类别"":""市（地）级及以下直属机构综合管理类"",""招考人数"":""1"",""专业"":""统计学类、数学类、计算机类（物联网工程、数字媒体技术、智能科学与技术、空间信息与数字技术、电影制作、服务科学与工程、虚拟现实技术等专业除外），信息管理与信息系统专业、大数据管理与应用专业"",""学历"":""仅限本科"",""学位"":""学士"",""政治面貌"":""不限"",""基层工作最低年限"":""无限制"",""服务基层项目工作经历"":""无限制"",""是否在面试阶段组织专业能力测试"":""否"",""面试人员比例"":""3:1"",""工作地点"":""江苏省徐州市睢宁县"",""落户地点"":""江苏省徐州市睢宁县"",""备注"":""1.所列专业均要求主修专业，考生报考专业须与招录专业名称一致；2.仅限2024届高校毕业生；3.本单位最低服务年限为5年（含试用期）。"",""部门网站"":""https://jszd.stats.gov.cn/"",""咨询电话1"":""025-83580375"",""咨询电话2"":""025-83580273"",""咨询电话3"":"""",""来源Sheet"":""中央国家行政机关参照公务员法管理事业单位""}}"
"government_jobs","国家公务员2024招考简章","公务员/事业单位技术岗位","江苏省苏州市常熟市","2026-07-28T09:12:58.310295+00:00","常熟调查队一级科员","国家统计局江苏调查总队","","江苏省苏州市常熟市","公务员/事业单位;2024;computer_software;data_ai;仅限本科;学士;统计学类、数学类、计算机类（物联网工程、数字媒体技术、智能科学与技术、空间信息与数字技术、电影制作、服务科学与工程、虚拟现实技术等专业除外），信息管理与信息系统专业、大数据管理与应用专业;市（地）级及以下直属机构综合管理类","用人司局：国家统计局江苏调查总队
职位简介：从事一线入户调查、数据处理、统计分析研究等工作。
专业要求：统计学类、数学类、计算机类（物联网工程、数字媒体技术、智能科学与技术、空间信息与数字技术、电影制作、服务科学与工程、虚拟现实技术等专业除外），信息管理与信息系统专业、大数据管理与应用专业
学历要求：仅限本科
学位要求：学士
政治面貌：中共党员
基层工作经历：无限制
考试类别：市（地）级及以下直属机构综合管理类
备注：1.所列专业均要求主修专业，考生报考专业须与招录专业名称一致；2.仅限2024届高校毕业生；3.本单位最低服务年限为5年（含试用期）。","https://www.xuanhan.gov.cn/xxgk-show-77635.html#135110-400110135019","2023-10-15","{""dataset_year"":2024,""job_uid"":""GOV-2024-135110-400110135019"",""publisher"":""国家公务员局"",""publication_page"":""https://www.xuanhan.gov.cn/xxgk-show-77635.html"",""attachment_url"":""https://www.xuanhan.gov.cn/uploadfile/1/Attachment/638fdecf51.zip"",""local_source_file"":""中央机关及其直属机构2024年度考试录用公务员招考简章.xls"",""local_source_sha256"":""a1741b99dbecd6d03e533f99f2d69b0fa5a79733e551b80af69986ceed2ad996"",""source_sheet"":""中央国家行政机关参照公务员法管理事业单位"",""filter_version"":""government_tech_v2"",""tech_filter"":{""is_tech"":true,""is_core_tech"":true,""scope"":""core"",""categories"":[""computer_software"",""data_ai""],""matched_fields"":[""major"",""description""],""major_terms"":[""大数据"",""数字媒体技术"",""智能科学与技术"",""物联网工程"",""空间信息与数字技术"",""虚拟现实技术"",""计算机类""],""role_terms"":[""数据处理""],""reason"":""tech_major_and_role""},""original"":{""部门代码"":""135110"",""部门名称"":""国家统计局江苏调查总队"",""用人司局"":""国家统计局江苏调查总队"",""机构性质"":""中央国家行政机关参照公务员法管理事业单位"",""招考职位"":""常熟调查队一级科员"",""职位属性"":""普通职位"",""职位分布"":""其他职位"",""职位简介"":""从事一线入户调查、数据处理、统计分析研究等工作。"",""职位代码"":""400110135019"",""机构层级"":""县（区）级及以下"",""考试类别"":""市（地）级及以下直属机构综合管理类"",""招考人数"":""1"",""专业"":""统计学类、数学类、计算机类（物联网工程、数字媒体技术、智能科学与技术、空间信息与数字技术、电影制作、服务科学与工程、虚拟现实技术等专业除外），信息管理与信息系统专业、大数据管理与应用专业"",""学历"":""仅限本科"",""学位"":""学士"",""政治面貌"":""中共党员"",""基层工作最低年限"":""无限制"",""服务基层项目工作经历"":""无限制"",""是否在面试阶段组织专业能力测试"":""否"",""面试人员比例"":""3:1"",""工作地点"":""江苏省苏州市常熟市"",""落户地点"":""江苏省苏州市常熟市"",""备注"":""1.所列专业均要求主修专业，考生报考专业须与招录专业名称一致；2.仅限2024届高校毕业生；3.本单位最低服务年限为5年（含试用期）。"",""部门网站"":""https://jszd.stats.gov.cn/"",""咨询电话1"":""025-83580375"",""咨询电话2"":""025-83580273"",""咨询电话3"":"""",""来源Sheet"":""中央国家行政机关参照公务员法管理事业单位""}}"
"government_jobs","国家公务员2024招考简章","公务员/事业单位技术岗位","江苏省苏州市张家港市","2026-07-28T09:12:58.310295+00:00","张家港调查队一级科员","国家统计局江苏调查总队","","江苏省苏州市张家港市","公务员/事业单位;2024;computer_software;data_ai;仅限本科;学士;统计学类、数学类、计算机类（物联网工程、数字媒体技术、智能科学与技术、空间信息与数字技术、电影制作、服务科学与工程、虚拟现实技术等专业除外），信息管理与信息系统专业、大数据管理与应用专业;市（地）级及以下直属机构综合管理类","用人司局：国家统计局江苏调查总队
职位简介：从事一线入户调查、数据处理、统计分析研究等工作。
专业要求：统计学类、数学类、计算机类（物联网工程、数字媒体技术、智能科学与技术、空间信息与数字技术、电影制作、服务科学与工程、虚拟现实技术等专业除外），信息管理与信息系统专业、大数据管理与应用专业
学历要求：仅限本科
学位要求：学士
政治面貌：中共党员
基层工作经历：无限制
考试类别：市（地）级及以下直属机构综合管理类
备注：1.所列专业均要求主修专业，考生报考专业须与招录专业名称一致；2.仅限2024届高校毕业生；3.本单位最低服务年限为5年（含试用期）。","https://www.xuanhan.gov.cn/xxgk-show-77635.html#135110-400110135020","2023-10-15","{""dataset_year"":2024,""job_uid"":""GOV-2024-135110-400110135020"",""publisher"":""国家公务员局"",""publication_page"":""https://www.xuanhan.gov.cn/xxgk-show-77635.html"",""attachment_url"":""https://www.xuanhan.gov.cn/uploadfile/1/Attachment/638fdecf51.zip"",""local_source_file"":""中央机关及其直属机构2024年度考试录用公务员招考简章.xls"",""local_source_sha256"":""a1741b99dbecd6d03e533f99f2d69b0fa5a79733e551b80af69986ceed2ad996"",""source_sheet"":""中央国家行政机关参照公务员法管理事业单位"",""filter_version"":""government_tech_v2"",""tech_filter"":{""is_tech"":true,""is_core_tech"":true,""scope"":""core"",""categories"":[""computer_software"",""data_ai""],""matched_fields"":[""major"",""description""],""major_terms"":[""大数据"",""数字媒体技术"",""智能科学与技术"",""物联网工程"",""空间信息与数字技术"",""虚拟现实技术"",""计算机类""],""role_terms"":[""数据处理""],""reason"":""tech_major_and_role""},""original"":{""部门代码"":""135110"",""部门名称"":""国家统计局江苏调查总队"",""用人司局"":""国家统计局江苏调查总队"",""机构性质"":""中央国家行政机关参照公务员法管理事业单位"",""招考职位"":""张家港调查队一级科员"",""职位属性"":""普通职位"",""职位分布"":""其他职位"",""职位简介"":""从事一线入户调查、数据处理、统计分析研究等工作。"",""职位代码"":""400110135020"",""机构层级"":""县（区）级及以下"",""考试类别"":""市（地）级及以下直属机构综合管理类"",""招考人数"":""1"",""专业"":""统计学类、数学类、计算机类（物联网工程、数字媒体技术、智能科学与技术、空间信息与数字技术、电影制作、服务科学与工程、虚拟现实技术等专业除外），信息管理与信息系统专业、大数据管理与应用专业"",""学历"":""仅限本科"",""学位"":""学士"",""政治面貌"":""中共党员"",""基层工作最低年限"":""无限制"",""服务基层项目工作经历"":""无限制"",""是否在面试阶段组织专业能力测试"":""否"",""面试人员比例"":""3:1"",""工作地点"":""江苏省苏州市张家港市"",""落户地点"":""江苏省苏州市张家港市"",""备注"":""1.所列专业均要求主修专业，考生报考专业须与招录专业名称一致；2.仅限2024届高校毕业生；3.本单位最低服务年限为5年（含试用期）。"",""部门网站"":""https://jszd.stats.gov.cn/"",""咨询电话1"":""025-83580375"",""咨询电话2"":""025-83580273"",""咨询电话3"":"""",""来源Sheet"":""中央国家行政机关参照公务员法管理事业单位""}}"
"government_jobs","国家公务员2024招考简章","公务员/事业单位技术岗位","江苏省连云港市赣榆区","2026-07-28T09:12:58.310295+00:00","赣榆调查队一级科员","国家统计局江苏调查总队","","江苏省连云港市赣榆区","公务员/事业单位;2024;computer_software;data_ai;仅限本科;学士;统计学类、数学类、计算机类（物联网工程、数字媒体技术、智能科学与技术、空间信息与数字技术、电影制作、服务科学与工程、虚拟现实技术等专业除外），信息管理与信息系统专业、大数据管理与应用专业;市（地）级及以下直属机构综合管理类","用人司局：国家统计局江苏调查总队
职位简介：从事一线入户调查、数据处理、统计分析研究等工作。
专业要求：统计学类、数学类、计算机类（物联网工程、数字媒体技术、智能科学与技术、空间信息与数字技术、电影制作、服务科学与工程、虚拟现实技术等专业除外），信息管理与信息系统专业、大数据管理与应用专业
学历要求：仅限本科
学位要求：学士
政治面貌：不限
基层工作经历：无限制
考试类别：市（地）级及以下直属机构综合管理类
备注：1.所列专业均要求主修专业，考生报考专业须与招录专业名称一致；2.仅限2024届高校毕业生；3.本单位最低服务年限为5年（含试用期）。","https://www.xuanhan.gov.cn/xxgk-show-77635.html#135110-400110135021","2023-10-15","{""dataset_year"":2024,""job_uid"":""GOV-2024-135110-400110135021"",""publisher"":""国家公务员局"",""publication_page"":""https://www.xuanhan.gov.cn/xxgk-show-77635.html"",""attachment_url"":""https://www.xuanhan.gov.cn/uploadfile/1/Attachment/638fdecf51.zip"",""local_source_file"":""中央机关及其直属机构2024年度考试录用公务员招考简章.xls"",""local_source_sha256"":""a1741b99dbecd6d03e533f99f2d69b0fa5a79733e551b80af69986ceed2ad996"",""source_sheet"":""中央国家行政机关参照公务员法管理事业单位"",""filter_version"":""government_tech_v2"",""tech_filter"":{""is_tech"":true,""is_core_tech"":true,""scope"":""core"",""categories"":[""computer_software"",""data_ai""],""matched_fields"":[""major"",""description""],""major_terms"":[""大数据"",""数字媒体技术"",""智能科学与技术"",""物联网工程"",""空间信息与数字技术"",""虚拟现实技术"",""计算机类""],""role_terms"":[""数据处理""],""reason"":""tech_major_and_role""},""original"":{""部门代码"":""135110"",""部门名称"":""国家统计局江苏调查总队"",""用人司局"":""国家统计局江苏调查总队"",""机构性质"":""中央国家行政机关参照公务员法管理事业单位"",""招考职位"":""赣榆调查队一级科员"",""职位属性"":""普通职位"",""职位分布"":""其他职位"",""职位简介"":""从事一线入户调查、数据处理、统计分析研究等工作。"",""职位代码"":""400110135021"",""机构层级"":""县（区）级及以下"",""考试类别"":""市（地）级及以下直属机构综合管理类"",""招考人数"":""1"",""专业"":""统计学类、数学类、计算机类（物联网工程、数字媒体技术、智能科学与技术、空间信息与数字技术、电影制作、服务科学与工程、虚拟现实技术等专业除外），信息管理与信息系统专业、大数据管理与应用专业"",""学历"":""仅限本科"",""学位"":""学士"",""政治面貌"":""不限"",""基层工作最低年限"":""无限制"",""服务基层项目工作经历"":""无限制"",""是否在面试阶段组织专业能力测试"":""否"",""面试人员比例"":""3:1"",""工作地点"":""江苏省连云港市赣榆区"",""落户地点"":""江苏省连云港市赣榆区"",""备注"":""1.所列专业均要求主修专业，考生报考专业须与招录专业名称一致；2.仅限2024届高校毕业生；3.本单位最低服务年限为5年（含试用期）。"",""部门网站"":""https://jszd.stats.gov.cn/"",""咨询电话1"":""025-83580375"",""咨询电话2"":""025-83580273"",""咨询电话3"":"""",""来源Sheet"":""中央国家行政机关参照公务员法管理事业单位""}}"
"government_jobs","国家公务员2024招考简章","公务员/事业单位技术岗位","江苏省盐城市大丰区","2026-07-28T09:12:58.310295+00:00","大丰调查队一级科员","国家统计局江苏调查总队","","江苏省盐城市大丰区","公务员/事业单位;2024;computer_software;data_ai;仅限本科;学士;统计学类、数学类、计算机类（物联网工程、数字媒体技术、智能科学与技术、空间信息与数字技术、电影制作、服务科学与工程、虚拟现实技术等专业除外），信息管理与信息系统专业、大数据管理与应用专业;市（地）级及以下直属机构综合管理类","用人司局：国家统计局江苏调查总队
职位简介：从事一线入户调查、数据处理、统计分析研究等工作。
专业要求：统计学类、数学类、计算机类（物联网工程、数字媒体技术、智能科学与技术、空间信息与数字技术、电影制作、服务科学与工程、虚拟现实技术等专业除外），信息管理与信息系统专业、大数据管理与应用专业
学历要求：仅限本科
学位要求：学士
政治面貌：不限
基层工作经历：无限制
考试类别：市（地）级及以下直属机构综合管理类
备注：1.所列专业均要求主修专业，考生报考专业须与招录专业名称一致；2.仅限2024届高校毕业生；3.本单位最低服务年限为5年（含试用期）。","https://www.xuanhan.gov.cn/xxgk-show-77635.html#135110-400110135022","2023-10-15","{""dataset_year"":2024,""job_uid"":""GOV-2024-135110-400110135022"",""publisher"":""国家公务员局"",""publication_page"":""https://www.xuanhan.gov.cn/xxgk-show-77635.html"",""attachment_url"":""https://www.xuanhan.gov.cn/uploadfile/1/Attachment/638fdecf51.zip"",""local_source_file"":""中央机关及其直属机构2024年度考试录用公务员招考简章.xls"",""local_source_sha256"":""a1741b99dbecd6d03e533f99f2d69b0fa5a79733e551b80af69986ceed2ad996"",""source_sheet"":""中央国家行政机关参照公务员法管理事业单位"",""filter_version"":""government_tech_v2"",""tech_filter"":{""is_tech"":true,""is_core_tech"":true,""scope"":""core"",""categories"":[""computer_software"",""data_ai""],""matched_fields"":[""major"",""description""],""major_terms"":[""大数据"",""数字媒体技术"",""智能科学与技术"",""物联网工程"",""空间信息与数字技术"",""虚拟现实技术"",""计算机类""],""role_terms"":[""数据处理""],""reason"":""tech_major_and_role""},""original"":{""部门代码"":""135110"",""部门名称"":""国家统计局江苏调查总队"",""用人司局"":""国家统计局江苏调查总队"",""机构性质"":""中央国家行政机关参照公务员法管理事业单位"",""招考职位"":""大丰调查队一级科员"",""职位属性"":""普通职位"",""职位分布"":""其他职位"",""职位简介"":""从事一线入户调查、数据处理、统计分析研究等工作。"",""职位代码"":""400110135022"",""机构层级"":""县（区）级及以下"",""考试类别"":""市（地）级及以下直属机构综合管理类"",""招考人数"":""1"",""专业"":""统计学类、数学类、计算机类（物联网工程、数字媒体技术、智能科学与技术、空间信息与数字技术、电影制作、服务科学与工程、虚拟现实技术等专业除外），信息管理与信息系统专业、大数据管理与应用专业"",""学历"":""仅限本科"",""学位"":""学士"",""政治面貌"":""不限"",""基层工作最低年限"":""无限制"",""服务基层项目工作经历"":""无限制"",""是否在面试阶段组织专业能力测试"":""否"",""面试人员比例"":""3:1"",""工作地点"":""江苏省盐城市大丰区"",""落户地点"":""江苏省盐城市大丰区"",""备注"":""1.所列专业均要求主修专业，考生报考专业须与招录专业名称一致；2.仅限2024届高校毕业生；3.本单位最低服务年限为5年（含试用期）。"",""部门网站"":""https://jszd.stats.gov.cn/"",""咨询电话1"":""025-83580375"",""咨询电话2"":""025-83580273"",""咨询电话3"":"""",""来源Sheet"":""中央国家行政机关参照公务员法管理事业单位""}}"
"government_jobs","国家公务员2024招考简章","公务员/事业单位技术岗位","江苏省盐城市滨海县","2026-07-28T09:12:58.310295+00:00","滨海调查队一级科员","国家统计局江苏调查总队","","江苏省盐城市滨海县","公务员/事业单位;2024;computer_software;data_ai;仅限本科;学士;统计学类、数学类、计算机类（物联网工程、数字媒体技术、智能科学与技术、空间信息与数字技术、电影制作、服务科学与工程、虚拟现实技术等专业除外），信息管理与信息系统专业、大数据管理与应用专业;市（地）级及以下直属机构综合管理类","用人司局：国家统计局江苏调查总队
职位简介：从事一线入户调查、数据处理、统计分析研究等工作。
专业要求：统计学类、数学类、计算机类（物联网工程、数字媒体技术、智能科学与技术、空间信息与数字技术、电影制作、服务科学与工程、虚拟现实技术等专业除外），信息管理与信息系统专业、大数据管理与应用专业
学历要求：仅限本科
学位要求：学士
政治面貌：不限
基层工作经历：无限制
考试类别：市（地）级及以下直属机构综合管理类
备注：1.所列专业均要求主修专业，考生报考专业须与招录专业名称一致；2.仅限2024届高校毕业生；3.本单位最低服务年限为5年（含试用期）。","https://www.xuanhan.gov.cn/xxgk-show-77635.html#135110-400110135024","2023-10-15","{""dataset_year"":2024,""job_uid"":""GOV-2024-135110-400110135024"",""publisher"":""国家公务员局"",""publication_page"":""https://www.xuanhan.gov.cn/xxgk-show-77635.html"",""attachment_url"":""https://www.xuanhan.gov.cn/uploadfile/1/Attachment/638fdecf51.zip"",""local_source_file"":""中央机关及其直属机构2024年度考试录用公务员招考简章.xls"",""local_source_sha256"":""a1741b99dbecd6d03e533f99f2d69b0fa5a79733e551b80af69986ceed2ad996"",""source_sheet"":""中央国家行政机关参照公务员法管理事业单位"",""filter_version"":""government_tech_v2"",""tech_filter"":{""is_tech"":true,""is_core_tech"":true,""scope"":""core"",""categories"":[""computer_software"",""data_ai""],""matched_fields"":[""major"",""description""],""major_terms"":[""大数据"",""数字媒体技术"",""智能科学与技术"",""物联网工程"",""空间信息与数字技术"",""虚拟现实技术"",""计算机类""],""role_terms"":[""数据处理""],""reason"":""tech_major_and_role""},""original"":{""部门代码"":""135110"",""部门名称"":""国家统计局江苏调查总队"",""用人司局"":""国家统计局江苏调查总队"",""机构性质"":""中央国家行政机关参照公务员法管理事业单位"",""招考职位"":""滨海调查队一级科员"",""职位属性"":""普通职位"",""职位分布"":""其他职位"",""职位简介"":""从事一线入户调查、数据处理、统计分析研究等工作。"",""职位代码"":""400110135024"",""机构层级"":""县（区）级及以下"",""考试类别"":""市（地）级及以下直属机构综合管理类"",""招考人数"":""1"",""专业"":""统计学类、数学类、计算机类（物联网工程、数字媒体技术、智能科学与技术、空间信息与数字技术、电影制作、服务科学与工程、虚拟现实技术等专业除外），信息管理与信息系统专业、大数据管理与应用专业"",""学历"":""仅限本科"",""学位"":""学士"",""政治面貌"":""不限"",""基层工作最低年限"":""无限制"",""服务基层项目工作经历"":""无限制"",""是否在面试阶段组织专业能力测试"":""否"",""面试人员比例"":""3:1"",""工作地点"":""江苏省盐城市滨海县"",""落户地点"":""江苏省盐城市滨海县"",""备注"":""1.所列专业均要求主修专业，考生报考专业须与招录专业名称一致；2.仅限2024届高校毕业生；3.本单位最低服务年限为5年（含试用期）。"",""部门网站"":""https://jszd.stats.gov.cn/"",""咨询电话1"":""025-83580375"",""咨询电话2"":""025-83580273"",""咨询电话3"":"""",""来源Sheet"":""中央国家行政机关参照公务员法管理事业单位""}}"
"government_jobs","国家公务员2024招考简章","公务员/事业单位技术岗位","江苏省盐城市建湖县","2026-07-28T09:12:58.310295+00:00","建湖调查队一级科员","国家统计局江苏调查总队","","江苏省盐城市建湖县","公务员/事业单位;2024;computer_software;data_ai;仅限本科;学士;统计学类、数学类、计算机类（物联网工程、数字媒体技术、智能科学与技术、空间信息与数字技术、电影制作、服务科学与工程、虚拟现实技术等专业除外），信息管理与信息系统专业、大数据管理与应用专业;市（地）级及以下直属机构综合管理类","用人司局：国家统计局江苏调查总队
职位简介：从事一线入户调查、数据处理、统计分析研究等工作。
专业要求：统计学类、数学类、计算机类（物联网工程、数字媒体技术、智能科学与技术、空间信息与数字技术、电影制作、服务科学与工程、虚拟现实技术等专业除外），信息管理与信息系统专业、大数据管理与应用专业
学历要求：仅限本科
学位要求：学士
政治面貌：不限
基层工作经历：无限制
考试类别：市（地）级及以下直属机构综合管理类
备注：1.所列专业均要求主修专业，考生报考专业须与招录专业名称一致；2.仅限2024届高校毕业生；3.本单位最低服务年限为5年（含试用期）。","https://www.xuanhan.gov.cn/xxgk-show-77635.html#135110-400110135025","2023-10-15","{""dataset_year"":2024,""job_uid"":""GOV-2024-135110-400110135025"",""publisher"":""国家公务员局"",""publication_page"":""https://www.xuanhan.gov.cn/xxgk-show-77635.html"",""attachment_url"":""https://www.xuanhan.gov.cn/uploadfile/1/Attachment/638fdecf51.zip"",""local_source_file"":""中央机关及其直属机构2024年度考试录用公务员招考简章.xls"",""local_source_sha256"":""a1741b99dbecd6d03e533f99f2d69b0fa5a79733e551b80af69986ceed2ad996"",""source_sheet"":""中央国家行政机关参照公务员法管理事业单位"",""filter_version"":""government_tech_v2"",""tech_filter"":{""is_tech"":true,""is_core_tech"":true,""scope"":""core"",""categories"":[""computer_software"",""data_ai""],""matched_fields"":[""major"",""description""],""major_terms"":[""大数据"",""数字媒体技术"",""智能科学与技术"",""物联网工程"",""空间信息与数字技术"",""虚拟现实技术"",""计算机类""],""role_terms"":[""数据处理""],""reason"":""tech_major_and_role""},""original"":{""部门代码"":""135110"",""部门名称"":""国家统计局江苏调查总队"",""用人司局"":""国家统计局江苏调查总队"",""机构性质"":""中央国家行政机关参照公务员法管理事业单位"",""招考职位"":""建湖调查队一级科员"",""职位属性"":""普通职位"",""职位分布"":""其他职位"",""职位简介"":""从事一线入户调查、数据处理、统计分析研究等工作。"",""职位代码"":""400110135025"",""机构层级"":""县（区）级及以下"",""考试类别"":""市（地）级及以下直属机构综合管理类"",""招考人数"":""1"",""专业"":""统计学类、数学类、计算机类（物联网工程、数字媒体技术、智能科学与技术、空间信息与数字技术、电影制作、服务科学与工程、虚拟现实技术等专业除外），信息管理与信息系统专业、大数据管理与应用专业"",""学历"":""仅限本科"",""学位"":""学士"",""政治面貌"":""不限"",""基层工作最低年限"":""无限制"",""服务基层项目工作经历"":""无限制"",""是否在面试阶段组织专业能力测试"":""否"",""面试人员比例"":""3:1"",""工作地点"":""江苏省盐城市建湖县"",""落户地点"":""江苏省盐城市建湖县"",""备注"":""1.所列专业均要求主修专业，考生报考专业须与招录专业名称一致；2.仅限2024届高校毕业生；3.本单位最低服务年限为5年（含试用期）。"",""部门网站"":""https://jszd.stats.gov.cn/"",""咨询电话1"":""025-83580375"",""咨询电话2"":""025-83580273"",""咨询电话3"":"""",""来源Sheet"":""中央国家行政机关参照公务员法管理事业单位""}}"
"government_jobs","国家公务员2024招考简章","公务员/事业单位技术岗位","江苏省泰州市泰兴市","2026-07-28T09:12:58.310295+00:00","泰兴调查队一级科员","国家统计局江苏调查总队","","江苏省泰州市泰兴市","公务员/事业单位;2024;computer_software;data_ai;仅限本科;学士;统计学类、数学类、计算机类（物联网工程、数字媒体技术、智能科学与技术、空间信息与数字技术、电影制作、服务科学与工程、虚拟现实技术等专业除外），信息管理与信息系统专业、大数据管理与应用专业;市（地）级及以下直属机构综合管理类","用人司局：国家统计局江苏调查总队
职位简介：从事一线入户调查、数据处理、统计分析研究等工作。
专业要求：统计学类、数学类、计算机类（物联网工程、数字媒体技术、智能科学与技术、空间信息与数字技术、电影制作、服务科学与工程、虚拟现实技术等专业除外），信息管理与信息系统专业、大数据管理与应用专业
学历要求：仅限本科
学位要求：学士
政治面貌：中共党员
基层工作经历：无限制
考试类别：市（地）级及以下直属机构综合管理类
备注：1.所列专业均要求主修专业，考生报考专业须与招录专业名称一致；2.仅限2024届高校毕业生；3.本单位最低服务年限为5年（含试用期）。","https://www.xuanhan.gov.cn/xxgk-show-77635.html#135110-400110135027","2023-10-15","{""dataset_year"":2024,""job_uid"":""GOV-2024-135110-400110135027"",""publisher"":""国家公务员局"",""publication_page"":""https://www.xuanhan.gov.cn/xxgk-show-77635.html"",""attachment_url"":""https://www.xuanhan.gov.cn/uploadfile/1/Attachment/638fdecf51.zip"",""local_source_file"":""中央机关及其直属机构2024年度考试录用公务员招考简章.xls"",""local_source_sha256"":""a1741b99dbecd6d03e533f99f2d69b0fa5a79733e551b80af69986ceed2ad996"",""source_sheet"":""中央国家行政机关参照公务员法管理事业单位"",""filter_version"":""government_tech_v2"",""tech_filter"":{""is_tech"":true,""is_core_tech"":true,""scope"":""core"",""categories"":[""computer_software"",""data_ai""],""matched_fields"":[""major"",""description""],""major_terms"":[""大数据"",""数字媒体技术"",""智能科学与技术"",""物联网工程"",""空间信息与数字技术"",""虚拟现实技术"",""计算机类""],""role_terms"":[""数据处理""],""reason"":""tech_major_and_role""},""original"":{""部门代码"":""135110"",""部门名称"":""国家统计局江苏调查总队"",""用人司局"":""国家统计局江苏调查总队"",""机构性质"":""中央国家行政机关参照公务员法管理事业单位"",""招考职位"":""泰兴调查队一级科员"",""职位属性"":""普通职位"",""职位分布"":""其他职位"",""职位简介"":""从事一线入户调查、数据处理、统计分析研究等工作。"",""职位代码"":""400110135027"",""机构层级"":""县（区）级及以下"",""考试类别"":""市（地）级及以下直属机构综合管理类"",""招考人数"":""1"",""专业"":""统计学类、数学类、计算机类（物联网工程、数字媒体技术、智能科学与技术、空间信息与数字技术、电影制作、服务科学与工程、虚拟现实技术等专业除外），信息管理与信息系统专业、大数据管理与应用专业"",""学历"":""仅限本科"",""学位"":""学士"",""政治面貌"":""中共党员"",""基层工作最低年限"":""无限制"",""服务基层项目工作经历"":""无限制"",""是否在面试阶段组织专业能力测试"":""否"",""面试人员比例"":""3:1"",""工作地点"":""江苏省泰州市泰兴市"",""落户地点"":""江苏省泰州市泰兴市"",""备注"":""1.所列专业均要求主修专业，考生报考专业须与招录专业名称一致；2.仅限2024届高校毕业生；3.本单位最低服务年限为5年（含试用期）。"",""部门网站"":""https://jszd.stats.gov.cn/"",""咨询电话1"":""025-83580375"",""咨询电话2"":""025-83580273"",""咨询电话3"":"""",""来源Sheet"":""中央国家行政机关参照公务员法管理事业单位""}}"
"government_jobs","国家公务员2024招考简章","公务员/事业单位技术岗位","江苏省宿迁市沭阳县","2026-07-28T09:12:58.310295+00:00","沭阳调查队一级科员（1）","国家统计局江苏调查总队","","江苏省宿迁市沭阳县","公务员/事业单位;2024;computer_software;data_ai;仅限本科;学士;统计学类、数学类、计算机类（物联网工程、数字媒体技术、智能科学与技术、空间信息与数字技术、电影制作、服务科学与工程、虚拟现实技术等专业除外），信息管理与信息系统专业、大数据管理与应用专业;市（地）级及以下直属机构综合管理类","用人司局：国家统计局江苏调查总队
职位简介：从事一线入户调查、数据处理、统计分析研究等工作。
专业要求：统计学类、数学类、计算机类（物联网工程、数字媒体技术、智能科学与技术、空间信息与数字技术、电影制作、服务科学与工程、虚拟现实技术等专业除外），信息管理与信息系统专业、大数据管理与应用专业
学历要求：仅限本科
学位要求：学士
政治面貌：不限
基层工作经历：无限制
考试类别：市（地）级及以下直属机构综合管理类
备注：1.所列专业均要求主修专业，考生报考专业须与招录专业名称一致；2.仅限2024届高校毕业生；3.本单位最低服务年限为5年（含试用期）。","https://www.xuanhan.gov.cn/xxgk-show-77635.html#135110-400110135028","2023-10-15","{""dataset_year"":2024,""job_uid"":""GOV-2024-135110-400110135028"",""publisher"":""国家公务员局"",""publication_page"":""https://www.xuanhan.gov.cn/xxgk-show-77635.html"",""attachment_url"":""https://www.xuanhan.gov.cn/uploadfile/1/Attachment/638fdecf51.zip"",""local_source_file"":""中央机关及其直属机构2024年度考试录用公务员招考简章.xls"",""local_source_sha256"":""a1741b99dbecd6d03e533f99f2d69b0fa5a79733e551b80af69986ceed2ad996"",""source_sheet"":""中央国家行政机关参照公务员法管理事业单位"",""filter_version"":""government_tech_v2"",""tech_filter"":{""is_tech"":true,""is_core_tech"":true,""scope"":""core"",""categories"":[""computer_software"",""data_ai""],""matched_fields"":[""major"",""description""],""major_terms"":[""大数据"",""数字媒体技术"",""智能科学与技术"",""物联网工程"",""空间信息与数字技术"",""虚拟现实技术"",""计算机类""],""role_terms"":[""数据处理""],""reason"":""tech_major_and_role""},""original"":{""部门代码"":""135110"",""部门名称"":""国家统计局江苏调查总队"",""用人司局"":""国家统计局江苏调查总队"",""机构性质"":""中央国家行政机关参照公务员法管理事业单位"",""招考职位"":""沭阳调查队一级科员（1）"",""职位属性"":""普通职位"",""职位分布"":""其他职位"",""职位简介"":""从事一线入户调查、数据处理、统计分析研究等工作。"",""职位代码"":""400110135028"",""机构层级"":""县（区）级及以下"",""考试类别"":""市（地）级及以下直属机构综合管理类"",""招考人数"":""1"",""专业"":""统计学类、数学类、计算机类（物联网工程、数字媒体技术、智能科学与技术、空间信息与数字技术、电影制作、服务科学与工程、虚拟现实技术等专业除外），信息管理与信息系统专业、大数据管理与应用专业"",""学历"":""仅限本科"",""学位"":""学士"",""政治面貌"":""不限"",""基层工作最低年限"":""无限制"",""服务基层项目工作经历"":""无限制"",""是否在面试阶段组织专业能力测试"":""否"",""面试人员比例"":""3:1"",""工作地点"":""江苏省宿迁市沭阳县"",""落户地点"":""江苏省宿迁市沭阳县"",""备注"":""1.所列专业均要求主修专业，考生报考专业须与招录专业名称一致；2.仅限2024届高校毕业生；3.本单位最低服务年限为5年（含试用期）。"",""部门网站"":""https://jszd.stats.gov.cn/"",""咨询电话1"":""025-83580375"",""咨询电话2"":""025-83580273"",""咨询电话3"":"""",""来源Sheet"":""中央国家行政机关参照公务员法管理事业单位""}}"
"government_jobs","国家公务员2024招考简章","公务员/事业单位技术岗位","江苏省宿迁市沭阳县","2026-07-28T09:12:58.310295+00:00","沭阳调查队一级科员（2）","国家统计局江苏调查总队","","江苏省宿迁市沭阳县","公务员/事业单位;2024;computer_software;data_ai;仅限本科;学士;统计学类、数学类、计算机类（物联网工程、数字媒体技术、智能科学与技术、空间信息与数字技术、电影制作、服务科学与工程、虚拟现实技术等专业除外），信息管理与信息系统专业、大数据管理与应用专业;市（地）级及以下直属机构综合管理类","用人司局：国家统计局江苏调查总队
职位简介：从事一线入户调查、数据处理、统计分析研究等工作。
专业要求：统计学类、数学类、计算机类（物联网工程、数字媒体技术、智能科学与技术、空间信息与数字技术、电影制作、服务科学与工程、虚拟现实技术等专业除外），信息管理与信息系统专业、大数据管理与应用专业
学历要求：仅限本科
学位要求：学士
政治面貌：不限
基层工作经历：无限制
考试类别：市（地）级及以下直属机构综合管理类
备注：1.所列专业均要求主修专业，考生报考专业须与招录专业名称一致；2.仅限2024届高校毕业生；3.本单位最低服务年限为5年（含试用期）。","https://www.xuanhan.gov.cn/xxgk-show-77635.html#135110-400110135029","2023-10-15","{""dataset_year"":2024,""job_uid"":""GOV-2024-135110-400110135029"",""publisher"":""国家公务员局"",""publication_page"":""https://www.xuanhan.gov.cn/xxgk-show-77635.html"",""attachment_url"":""https://www.xuanhan.gov.cn/uploadfile/1/Attachment/638fdecf51.zip"",""local_source_file"":""中央机关及其直属机构2024年度考试录用公务员招考简章.xls"",""local_source_sha256"":""a1741b99dbecd6d03e533f99f2d69b0fa5a79733e551b80af69986ceed2ad996"",""source_sheet"":""中央国家行政机关参照公务员法管理事业单位"",""filter_version"":""government_tech_v2"",""tech_filter"":{""is_tech"":true,""is_core_tech"":true,""scope"":""core"",""categories"":[""computer_software"",""data_ai""],""matched_fields"":[""major"",""description""],""major_terms"":[""大数据"",""数字媒体技术"",""智能科学与技术"",""物联网工程"",""空间信息与数字技术"",""虚拟现实技术"",""计算机类""],""role_terms"":[""数据处理""],""reason"":""tech_major_and_role""},""original"":{""部门代码"":""135110"",""部门名称"":""国家统计局江苏调查总队"",""用人司局"":""国家统计局江苏调查总队"",""机构性质"":""中央国家行政机关参照公务员法管理事业单位"",""招考职位"":""沭阳调查队一级科员（2）"",""职位属性"":""普通职位"",""职位分布"":""其他职位"",""职位简介"":""从事一线入户调查、数据处理、统计分析研究等工作。"",""职位代码"":""400110135029"",""机构层级"":""县（区）级及以下"",""考试类别"":""市（地）级及以下直属机构综合管理类"",""招考人数"":""1"",""专业"":""统计学类、数学类、计算机类（物联网工程、数字媒体技术、智能科学与技术、空间信息与数字技术、电影制作、服务科学与工程、虚拟现实技术等专业除外），信息管理与信息系统专业、大数据管理与应用专业"",""学历"":""仅限本科"",""学位"":""学士"",""政治面貌"":""不限"",""基层工作最低年限"":""无限制"",""服务基层项目工作经历"":""无限制"",""是否在面试阶段组织专业能力测试"":""否"",""面试人员比例"":""3:1"",""工作地点"":""江苏省宿迁市沭阳县"",""落户地点"":""江苏省宿迁市沭阳县"",""备注"":""1.所列专业均要求主修专业，考生报考专业须与招录专业名称一致；2.仅限2024届高校毕业生；3.本单位最低服务年限为5年（含试用期）。"",""部门网站"":""https://jszd.stats.gov.cn/"",""咨询电话1"":""025-83580375"",""咨询电话2"":""025-83580273"",""咨询电话3"":"""",""来源Sheet"":""中央国家行政机关参照公务员法管理事业单位""}}"
"government_jobs","国家公务员2024招考简章","公务员/事业单位技术岗位","浙江省杭州市西湖区","2026-07-28T09:12:58.310295+00:00","浙江调查总队业务处室一级主任科员及以下（1）","国家统计局浙江调查总队","","浙江省杭州市西湖区","公务员/事业单位;2024;computer_software;data_ai;硕士研究生及以上;与最高学历相对应的学位;统计学类、经济学类（不含金融、保险、投资类专业）、计算机科学与技术类、大数据应用类;中央机关及其省级直属机构综合管理类","用人司局：国家统计局浙江调查总队
职位简介：从事大数据应用、国际大数据项目交流与沟通、现场翻译，资料翻译等工作
专业要求：统计学类、经济学类（不含金融、保险、投资类专业）、计算机科学与技术类、大数据应用类
学历要求：硕士研究生及以上
学位要求：与最高学历相对应的学位
政治面貌：不限
基层工作经历：无限制
考试类别：中央机关及其省级直属机构综合管理类
备注：1.须以最高学历主修专业报考，企业人员应有合同及社保缴费记录。2.本职位需熟练使用英语开展工作。3.须取得雅思6.5分、托福90分(老托福580分)、GRE320分及以上或取得二级英语口译证书（以上情况请在备注栏注明）。4.留学回国人员须在面试前取得教育部留学服务中心出具的最高学历《国外学历学位认证书》。5.本单位最低服务年限为5年（含试用期）。","https://www.xuanhan.gov.cn/xxgk-show-77635.html#135111-400110111001","2023-10-15","{""dataset_year"":2024,""job_uid"":""GOV-2024-135111-400110111001"",""publisher"":""国家公务员局"",""publication_page"":""https://www.xuanhan.gov.cn/xxgk-show-77635.html"",""attachment_url"":""https://www.xuanhan.gov.cn/uploadfile/1/Attachment/638fdecf51.zip"",""local_source_file"":""中央机关及其直属机构2024年度考试录用公务员招考简章.xls"",""local_source_sha256"":""a1741b99dbecd6d03e533f99f2d69b0fa5a79733e551b80af69986ceed2ad996"",""source_sheet"":""中央国家行政机关参照公务员法管理事业单位"",""filter_version"":""government_tech_v2"",""tech_filter"":{""is_tech"":true,""is_core_tech"":true,""scope"":""core"",""categories"":[""computer_software"",""data_ai""],""matched_fields"":[""major"",""description""],""major_terms"":[""大数据"",""计算机科学与技术""],""role_terms"":[""大数据"",""数据应用""],""reason"":""tech_major_and_role""},""original"":{""部门代码"":""135111"",""部门名称"":""国家统计局浙江调查总队"",""用人司局"":""国家统计局浙江调查总队"",""机构性质"":""中央国家行政机关参照公务员法管理事业单位"",""招考职位"":""浙江调查总队业务处室一级主任科员及以下（1）"",""职位属性"":""普通职位"",""职位分布"":""其他职位"",""职位简介"":""从事大数据应用、国际大数据项目交流与沟通、现场翻译，资料翻译等工作"",""职位代码"":""400110111001"",""机构层级"":""省（副省）级"",""考试类别"":""中央机关及其省级直属机构综合管理类"",""招考人数"":""1"",""专业"":""统计学类、经济学类（不含金融、保险、投资类专业）、计算机科学与技术类、大数据应用类"",""学历"":""硕士研究生及以上"",""学位"":""与最高学历相对应的学位"",""政治面貌"":""不限"",""基层工作最低年限"":""无限制"",""服务基层项目工作经历"":""无限制"",""是否在面试阶段组织专业能力测试"":""否"",""面试人员比例"":""5:1"",""工作地点"":""浙江省杭州市西湖区"",""落户地点"":""浙江省杭州市西湖区"",""备注"":""1.须以最高学历主修专业报考，企业人员应有合同及社保缴费记录。2.本职位需熟练使用英语开展工作。3.须取得雅思6.5分、托福90分(老托福580分)、GRE320分及以上或取得二级英语口译证书（以上情况请在备注栏注明）。4.留学回国人员须在面试前取得教育部留学服务中心出具的最高学历《国外学历学位认证书》。5.本单位最低服务年限为5年（含试用期）。"",""部门网站"":""zjzd.stats.gov.cn"",""咨询电话1"":""0571-89198661"",""咨询电话2"":""0571-89198660"",""咨询电话3"":"""",""来源Sheet"":""中央国家行政机关参照公务员法管理事业单位""}}"
"government_jobs","国家公务员2024招考简章","公务员/事业单位技术岗位","浙江省杭州市西湖区","2026-07-28T09:12:58.310295+00:00","浙江调查总队业务处室一级主任科员及以下（2）","国家统计局浙江调查总队","","浙江省杭州市西湖区","公务员/事业单位;2024;computer_software;data_ai;硕士研究生及以上;与最高学历相对应的学位;统计学、应用统计、应用统计学、经济统计学、应用数理统计； 经济学、理论经济学、国民经济学、区域经济学、产业经济学、应用经济学、数量经济学； 数学，应用数学，计算数学、概率论与数理统计、数据科学、大数据科学与应用;中央机关及其省级直属机构综合管理类","用人司局：国家统计局浙江调查总队
职位简介：从事统计调查、数据处理、统计分析研究等工作
专业要求：统计学、应用统计、应用统计学、经济统计学、应用数理统计； 经济学、理论经济学、国民经济学、区域经济学、产业经济学、应用经济学、数量经济学； 数学，应用数学，计算数学、概率论与数理统计、数据科学、大数据科学与应用
学历要求：硕士研究生及以上
学位要求：与最高学历相对应的学位
政治面貌：不限
基层工作经历：无限制
考试类别：中央机关及其省级直属机构综合管理类
备注：1.须以最高学历主修专业报考，报考专业须与招录专业名称一致。2.企业人员应有合同及社保缴费记录。3.本单位最低服务年限为5年（含试用期）。4.仅限男性报考。","https://www.xuanhan.gov.cn/xxgk-show-77635.html#135111-400110111002","2023-10-15","{""dataset_year"":2024,""job_uid"":""GOV-2024-135111-400110111002"",""publisher"":""国家公务员局"",""publication_page"":""https://www.xuanhan.gov.cn/xxgk-show-77635.html"",""attachment_url"":""https://www.xuanhan.gov.cn/uploadfile/1/Attachment/638fdecf51.zip"",""local_source_file"":""中央机关及其直属机构2024年度考试录用公务员招考简章.xls"",""local_source_sha256"":""a1741b99dbecd6d03e533f99f2d69b0fa5a79733e551b80af69986ceed2ad996"",""source_sheet"":""中央国家行政机关参照公务员法管理事业单位"",""filter_version"":""government_tech_v2"",""tech_filter"":{""is_tech"":true,""is_core_tech"":true,""scope"":""core"",""categories"":[""computer_software"",""data_ai""],""matched_fields"":[""major"",""description""],""major_terms"":[""大数据"",""数据科学""],""role_terms"":[""数据处理""],""reason"":""tech_major_and_role""},""original"":{""部门代码"":""135111"",""部门名称"":""国家统计局浙江调查总队"",""用人司局"":""国家统计局浙江调查总队"",""机构性质"":""中央国家行政机关参照公务员法管理事业单位"",""招考职位"":""浙江调查总队业务处室一级主任科员及以下（2）"",""职位属性"":""普通职位"",""职位分布"":""其他职位"",""职位简介"":""从事统计调查、数据处理、统计分析研究等工作"",""职位代码"":""400110111002"",""机构层级"":""省（副省）级"",""考试类别"":""中央机关及其省级直属机构综合管理类"",""招考人数"":""1"",""专业"":""统计学、应用统计、应用统计学、经济统计学、应用数理统计； 经济学、理论经济学、国民经济学、区域经济学、产业经济学、应用经济学、数量经济学； 数学，应用数学，计算数学、概率论与数理统计、数据科学、大数据科学与应用"",""学历"":""硕士研究生及以上"",""学位"":""与最高学历相对应的学位"",""政治面貌"":""不限"",""基层工作最低年限"":""无限制"",""服务基层项目工作经历"":""无限制"",""是否在面试阶段组织专业能力测试"":""否"",""面试人员比例"":""5:1"",""工作地点"":""浙江省杭州市西湖区"",""落户地点"":""浙江省杭州市西湖区"",""备注"":""1.须以最高学历主修专业报考，报考专业须与招录专业名称一致。2.企业人员应有合同及社保缴费记录。3.本单位最低服务年限为5年（含试用期）。4.仅限男性报考。"",""部门网站"":""zjzd.stats.gov.cn"",""咨询电话1"":""0571-89198661"",""咨询电话2"":""0571-89198660"",""咨询电话3"":"""",""来源Sheet"":""中央国家行政机关参照公务员法管理事业单位""}}"
"government_jobs","国家公务员2024招考简章","公务员/事业单位技术岗位","浙江省杭州市西湖区","2026-07-28T09:12:58.310295+00:00","浙江调查总队业务处室一级主任科员及以下（3）","国家统计局浙江调查总队","","浙江省杭州市西湖区","公务员/事业单位;2024;computer_software;data_ai;硕士研究生及以上;与最高学历相对应的学位;统计学、应用统计、应用统计学、经济统计学、应用数理统计； 经济学、理论经济学、国民经济学、区域经济学、产业经济学、应用经济学、数量经济学； 数学，应用数学，计算数学、概率论与数理统计、数据科学、大数据科学与应用;中央机关及其省级直属机构综合管理类","用人司局：国家统计局浙江调查总队
职位简介：从事统计调查、数据处理、统计分析研究等工作
专业要求：统计学、应用统计、应用统计学、经济统计学、应用数理统计； 经济学、理论经济学、国民经济学、区域经济学、产业经济学、应用经济学、数量经济学； 数学，应用数学，计算数学、概率论与数理统计、数据科学、大数据科学与应用
学历要求：硕士研究生及以上
学位要求：与最高学历相对应的学位
政治面貌：不限
基层工作经历：无限制
考试类别：中央机关及其省级直属机构综合管理类
备注：1.须以最高学历主修专业报考，报考专业须与招录专业名称一致。2.企业人员应有合同及社保缴费记录。3.本单位最低服务年限为5年（含试用期）。4.仅限女性报考。","https://www.xuanhan.gov.cn/xxgk-show-77635.html#135111-400110111003","2023-10-15","{""dataset_year"":2024,""job_uid"":""GOV-2024-135111-400110111003"",""publisher"":""国家公务员局"",""publication_page"":""https://www.xuanhan.gov.cn/xxgk-show-77635.html"",""attachment_url"":""https://www.xuanhan.gov.cn/uploadfile/1/Attachment/638fdecf51.zip"",""local_source_file"":""中央机关及其直属机构2024年度考试录用公务员招考简章.xls"",""local_source_sha256"":""a1741b99dbecd6d03e533f99f2d69b0fa5a79733e551b80af69986ceed2ad996"",""source_sheet"":""中央国家行政机关参照公务员法管理事业单位"",""filter_version"":""government_tech_v2"",""tech_filter"":{""is_tech"":true,""is_core_tech"":true,""scope"":""core"",""categories"":[""computer_software"",""data_ai""],""matched_fields"":[""major"",""description""],""major_terms"":[""大数据"",""数据科学""],""role_terms"":[""数据处理""],""reason"":""tech_major_and_role""},""original"":{""部门代码"":""135111"",""部门名称"":""国家统计局浙江调查总队"",""用人司局"":""国家统计局浙江调查总队"",""机构性质"":""中央国家行政机关参照公务员法管理事业单位"",""招考职位"":""浙江调查总队业务处室一级主任科员及以下（3）"",""职位属性"":""普通职位"",""职位分布"":""其他职位"",""职位简介"":""从事统计调查、数据处理、统计分析研究等工作"",""职位代码"":""400110111003"",""机构层级"":""省（副省）级"",""考试类别"":""中央机关及其省级直属机构综合管理类"",""招考人数"":""1"",""专业"":""统计学、应用统计、应用统计学、经济统计学、应用数理统计； 经济学、理论经济学、国民经济学、区域经济学、产业经济学、应用经济学、数量经济学； 数学，应用数学，计算数学、概率论与数理统计、数据科学、大数据科学与应用"",""学历"":""硕士研究生及以上"",""学位"":""与最高学历相对应的学位"",""政治面貌"":""不限"",""基层工作最低年限"":""无限制"",""服务基层项目工作经历"":""无限制"",""是否在面试阶段组织专业能力测试"":""否"",""面试人员比例"":""5:1"",""工作地点"":""浙江省杭州市西湖区"",""落户地点"":""浙江省杭州市西湖区"",""备注"":""1.须以最高学历主修专业报考，报考专业须与招录专业名称一致。2.企业人员应有合同及社保缴费记录。3.本单位最低服务年限为5年（含试用期）。4.仅限女性报考。"",""部门网站"":""zjzd.stats.gov.cn"",""咨询电话1"":""0571-89198661"",""咨询电话2"":""0571-89198660"",""咨询电话3"":"""",""来源Sheet"":""中央国家行政机关参照公务员法管理事业单位""}}"
"government_jobs","国家公务员2024招考简章","公务员/事业单位技术岗位","浙江省嘉兴市南湖区","2026-07-28T09:12:58.310295+00:00","嘉兴调查队业务处室二级主任科员及以下","国家统计局浙江调查总队","","浙江省嘉兴市南湖区","公务员/事业单位;2024;computer_software;data_ai;仅限硕士研究生;硕士;统计学，应用统计、应用统计学，经济统计学，社会经济统计学，数理统计学；产业经济学，国民经济学，数量经济学；数学，应用数学，计算数学，数据科学，大数据统计，大数据科学与应用;市（地）级及以下直属机构综合管理类","用人司局：国家统计局浙江调查总队
职位简介：从事统计调查、数据处理、统计分析研究等工作
专业要求：统计学，应用统计、应用统计学，经济统计学，社会经济统计学，数理统计学；产业经济学，国民经济学，数量经济学；数学，应用数学，计算数学，数据科学，大数据统计，大数据科学与应用
学历要求：仅限硕士研究生
学位要求：硕士
政治面貌：不限
基层工作经历：无限制
考试类别：市（地）级及以下直属机构综合管理类
备注：1.须以最高学历主修专业报考，报考专业须与招录专业名称一致。2.企业人员应有合同及社保缴费记录。3.本单位最低服务年限为5年（含试用期）。","https://www.xuanhan.gov.cn/xxgk-show-77635.html#135111-400110111007","2023-10-15","{""dataset_year"":2024,""job_uid"":""GOV-2024-135111-400110111007"",""publisher"":""国家公务员局"",""publication_page"":""https://www.xuanhan.gov.cn/xxgk-show-77635.html"",""attachment_url"":""https://www.xuanhan.gov.cn/uploadfile/1/Attachment/638fdecf51.zip"",""local_source_file"":""中央机关及其直属机构2024年度考试录用公务员招考简章.xls"",""local_source_sha256"":""a1741b99dbecd6d03e533f99f2d69b0fa5a79733e551b80af69986ceed2ad996"",""source_sheet"":""中央国家行政机关参照公务员法管理事业单位"",""filter_version"":""government_tech_v2"",""tech_filter"":{""is_tech"":true,""is_core_tech"":true,""scope"":""core"",""categories"":[""computer_software"",""data_ai""],""matched_fields"":[""major"",""description""],""major_terms"":[""大数据"",""数据科学""],""role_terms"":[""数据处理""],""reason"":""tech_major_and_role""},""original"":{""部门代码"":""135111"",""部门名称"":""国家统计局浙江调查总队"",""用人司局"":""国家统计局浙江调查总队"",""机构性质"":""中央国家行政机关参照公务员法管理事业单位"",""招考职位"":""嘉兴调查队业务处室二级主任科员及以下"",""职位属性"":""普通职位"",""职位分布"":""其他职位"",""职位简介"":""从事统计调查、数据处理、统计分析研究等工作"",""职位代码"":""400110111007"",""机构层级"":""市（地）级"",""考试类别"":""市（地）级及以下直属机构综合管理类"",""招考人数"":""1"",""专业"":""统计学，应用统计、应用统计学，经济统计学，社会经济统计学，数理统计学；产业经济学，国民经济学，数量经济学；数学，应用数学，计算数学，数据科学，大数据统计，大数据科学与应用"",""学历"":""仅限硕士研究生"",""学位"":""硕士"",""政治面貌"":""不限"",""基层工作最低年限"":""无限制"",""服务基层项目工作经历"":""无限制"",""是否在面试阶段组织专业能力测试"":""否"",""面试人员比例"":""3:1"",""工作地点"":""浙江省嘉兴市南湖区"",""落户地点"":""浙江省嘉兴市南湖区"",""备注"":""1.须以最高学历主修专业报考，报考专业须与招录专业名称一致。2.企业人员应有合同及社保缴费记录。3.本单位最低服务年限为5年（含试用期）。"",""部门网站"":""zjzd.stats.gov.cn"",""咨询电话1"":""0571-89198661"",""咨询电话2"":""0571-89198660"",""咨询电话3"":"""",""来源Sheet"":""中央国家行政机关参照公务员法管理事业单位""}}"
"government_jobs","国家公务员2024招考简章","公务员/事业单位技术岗位","浙江省绍兴市越城区","2026-07-28T09:12:58.310295+00:00","绍兴调查队业务处室二级主任科员及以下","国家统计局浙江调查总队","","浙江省绍兴市越城区","公务员/事业单位;2024;computer_software;data_ai;本科及以上;与最高学历相对应的学位;经济学、应用统计、应用经济学、经济统计学、统计学、应用统计学、数学与应用数学、信息与计算科学；数据计算及应用、计算机科学与技术、网络工程、数据科学与大数据技术、计算机软件与理论、计算机应用技术;市（地）级及以下直属机构综合管理类","用人司局：国家统计局浙江调查总队
职位简介：从事计算机应用管理、网络管理、数据处理等工作
专业要求：经济学、应用统计、应用经济学、经济统计学、统计学、应用统计学、数学与应用数学、信息与计算科学；数据计算及应用、计算机科学与技术、网络工程、数据科学与大数据技术、计算机软件与理论、计算机应用技术
学历要求：本科及以上
学位要求：与最高学历相对应的学位
政治面貌：不限
基层工作经历：二年
考试类别：市（地）级及以下直属机构综合管理类
备注：1.须以最高学历主修专业报考，报考专业须与招录专业名称一致。2.企业人员应有合同及社保缴费记录。3.有从事计算机应用、网络管理等工作经历2年以上。4.需使用本地方言开展工作，限懂绍兴当地方言（绍兴地区学习生活工作2年以上）。5.本单位最低服务年限为5年（含试用期）。","https://www.xuanhan.gov.cn/xxgk-show-77635.html#135111-400110111008","2023-10-15","{""dataset_year"":2024,""job_uid"":""GOV-2024-135111-400110111008"",""publisher"":""国家公务员局"",""publication_page"":""https://www.xuanhan.gov.cn/xxgk-show-77635.html"",""attachment_url"":""https://www.xuanhan.gov.cn/uploadfile/1/Attachment/638fdecf51.zip"",""local_source_file"":""中央机关及其直属机构2024年度考试录用公务员招考简章.xls"",""local_source_sha256"":""a1741b99dbecd6d03e533f99f2d69b0fa5a79733e551b80af69986ceed2ad996"",""source_sheet"":""中央国家行政机关参照公务员法管理事业单位"",""filter_version"":""government_tech_v2"",""tech_filter"":{""is_tech"":true,""is_core_tech"":true,""scope"":""core"",""categories"":[""computer_software"",""data_ai""],""matched_fields"":[""major"",""description"",""remarks""],""major_terms"":[""大数据"",""数据科学与大数据技术"",""网络工程"",""计算机"",""计算机科学与技术""],""role_terms"":[""数据处理"",""网络管理"",""计算机""],""reason"":""tech_major_and_role""},""original"":{""部门代码"":""135111"",""部门名称"":""国家统计局浙江调查总队"",""用人司局"":""国家统计局浙江调查总队"",""机构性质"":""中央国家行政机关参照公务员法管理事业单位"",""招考职位"":""绍兴调查队业务处室二级主任科员及以下"",""职位属性"":""普通职位"",""职位分布"":""其他职位"",""职位简介"":""从事计算机应用管理、网络管理、数据处理等工作"",""职位代码"":""400110111008"",""机构层级"":""市（地）级"",""考试类别"":""市（地）级及以下直属机构综合管理类"",""招考人数"":""1"",""专业"":""经济学、应用统计、应用经济学、经济统计学、统计学、应用统计学、数学与应用数学、信息与计算科学；数据计算及应用、计算机科学与技术、网络工程、数据科学与大数据技术、计算机软件与理论、计算机应用技术"",""学历"":""本科及以上"",""学位"":""与最高学历相对应的学位"",""政治面貌"":""不限"",""基层工作最低年限"":""二年"",""服务基层项目工作经历"":""无限制"",""是否在面试阶段组织专业能力测试"":""否"",""面试人员比例"":""3:1"",""工作地点"":""浙江省绍兴市越城区"",""落户地点"":""浙江省绍兴市越城区"",""备注"":""1.须以最高学历主修专业报考，报考专业须与招录专业名称一致。2.企业人员应有合同及社保缴费记录。3.有从事计算机应用、网络管理等工作经历2年以上。4.需使用本地方言开展工作，限懂绍兴当地方言（绍兴地区学习生活工作2年以上）。5.本单位最低服务年限为5年（含试用期）。"",""部门网站"":""zjzd.stats.gov.cn"",""咨询电话1"":""0571-89198661"",""咨询电话2"":""0571-89198660"",""咨询电话3"":"""",""来源Sheet"":""中央国家行政机关参照公务员法管理事业单位""}}"
"government_jobs","国家公务员2024招考简章","公务员/事业单位技术岗位","浙江省金华市婺城区","2026-07-28T09:12:58.310295+00:00","金华调查队业务处室四级主任科员及以下（2）","国家统计局浙江调查总队","","浙江省金华市婺城区","公务员/事业单位;2024;computer_software;cybersecurity_cryptography;data_ai;本科或硕士研究生;与最高学历相对应的学位;统计学、应用统计学、应用统计、经济统计学；数学与应用数学、信息与计算科学、数据计算与应用；网络工程、信息安全、数据科学与大数据技术、计算机科学与技术;市（地）级及以下直属机构综合管理类","用人司局：国家统计局浙江调查总队
职位简介：从事统计调查、数据处理、统计分析研究等工作
专业要求：统计学、应用统计学、应用统计、经济统计学；数学与应用数学、信息与计算科学、数据计算与应用；网络工程、信息安全、数据科学与大数据技术、计算机科学与技术
学历要求：本科或硕士研究生
学位要求：与最高学历相对应的学位
政治面貌：不限
基层工作经历：无限制
考试类别：市（地）级及以下直属机构综合管理类
备注：1.须以最高学历主修专业报考，报考专业须与招录专业名称一致。2.限招应届高校毕业生。3.需使用本地方言开展工作，限懂金华当地方言（金华地区学习生活工作2年以上）。4.本单位最低服务年限为5年（含试用期）。","https://www.xuanhan.gov.cn/xxgk-show-77635.html#135111-400110111010","2023-10-15","{""dataset_year"":2024,""job_uid"":""GOV-2024-135111-400110111010"",""publisher"":""国家公务员局"",""publication_page"":""https://www.xuanhan.gov.cn/xxgk-show-77635.html"",""attachment_url"":""https://www.xuanhan.gov.cn/uploadfile/1/Attachment/638fdecf51.zip"",""local_source_file"":""中央机关及其直属机构2024年度考试录用公务员招考简章.xls"",""local_source_sha256"":""a1741b99dbecd6d03e533f99f2d69b0fa5a79733e551b80af69986ceed2ad996"",""source_sheet"":""中央国家行政机关参照公务员法管理事业单位"",""filter_version"":""government_tech_v2"",""tech_filter"":{""is_tech"":true,""is_core_tech"":true,""scope"":""core"",""categories"":[""computer_software"",""cybersecurity_cryptography"",""data_ai""],""matched_fields"":[""major"",""description""],""major_terms"":[""信息安全"",""大数据"",""数据科学与大数据技术"",""网络工程"",""计算机科学与技术""],""role_terms"":[""数据处理""],""reason"":""tech_major_and_role""},""original"":{""部门代码"":""135111"",""部门名称"":""国家统计局浙江调查总队"",""用人司局"":""国家统计局浙江调查总队"",""机构性质"":""中央国家行政机关参照公务员法管理事业单位"",""招考职位"":""金华调查队业务处室四级主任科员及以下（2）"",""职位属性"":""普通职位"",""职位分布"":""其他职位"",""职位简介"":""从事统计调查、数据处理、统计分析研究等工作"",""职位代码"":""400110111010"",""机构层级"":""市（地）级"",""考试类别"":""市（地）级及以下直属机构综合管理类"",""招考人数"":""1"",""专业"":""统计学、应用统计学、应用统计、经济统计学；数学与应用数学、信息与计算科学、数据计算与应用；网络工程、信息安全、数据科学与大数据技术、计算机科学与技术"",""学历"":""本科或硕士研究生"",""学位"":""与最高学历相对应的学位"",""政治面貌"":""不限"",""基层工作最低年限"":""无限制"",""服务基层项目工作经历"":""无限制"",""是否在面试阶段组织专业能力测试"":""否"",""面试人员比例"":""3:1"",""工作地点"":""浙江省金华市婺城区"",""落户地点"":""浙江省金华市婺城区"",""备注"":""1.须以最高学历主修专业报考，报考专业须与招录专业名称一致。2.限招应届高校毕业生。3.需使用本地方言开展工作，限懂金华当地方言（金华地区学习生活工作2年以上）。4.本单位最低服务年限为5年（含试用期）。"",""部门网站"":""zjzd.stats.gov.cn"",""咨询电话1"":""0571-89198661"",""咨询电话2"":""0571-89198660"",""咨询电话3"":"""",""来源Sheet"":""中央国家行政机关参照公务员法管理事业单位""}}"
"government_jobs","国家公务员2024招考简章","公务员/事业单位技术岗位","浙江省舟山市定海区","2026-07-28T09:12:58.310295+00:00","舟山调查队业务处室一级科员（1）","国家统计局浙江调查总队","","浙江省舟山市定海区","公务员/事业单位;2024;computer_software;cybersecurity_cryptography;data_ai;仅限本科;学士;统计学、应用统计学、经济学、经济统计学；数学与应用数学、信息与计算科学；计算机科学与技术、软件工程、网络工程、信息安全、电子与计算机工程、数据科学与大数据技术；法学、会计学、财务管理;市（地）级及以下直属机构综合管理类","用人司局：国家统计局浙江调查总队
职位简介：从事统计调查、数据处理、统计分析研究等工作
专业要求：统计学、应用统计学、经济学、经济统计学；数学与应用数学、信息与计算科学；计算机科学与技术、软件工程、网络工程、信息安全、电子与计算机工程、数据科学与大数据技术；法学、会计学、财务管理
学历要求：仅限本科
学位要求：学士
政治面貌：不限
基层工作经历：无限制
考试类别：市（地）级及以下直属机构综合管理类
备注：1.须以最高学历主修专业报考，报考专业须与招录专业名称一致。2.限招应届高校毕业生。3.本单位最低服务年限为5年（含试用期）。4.仅限男性报考。","https://www.xuanhan.gov.cn/xxgk-show-77635.html#135111-400110111011","2023-10-15","{""dataset_year"":2024,""job_uid"":""GOV-2024-135111-400110111011"",""publisher"":""国家公务员局"",""publication_page"":""https://www.xuanhan.gov.cn/xxgk-show-77635.html"",""attachment_url"":""https://www.xuanhan.gov.cn/uploadfile/1/Attachment/638fdecf51.zip"",""local_source_file"":""中央机关及其直属机构2024年度考试录用公务员招考简章.xls"",""local_source_sha256"":""a1741b99dbecd6d03e533f99f2d69b0fa5a79733e551b80af69986ceed2ad996"",""source_sheet"":""中央国家行政机关参照公务员法管理事业单位"",""filter_version"":""government_tech_v2"",""tech_filter"":{""is_tech"":true,""is_core_tech"":true,""scope"":""core"",""categories"":[""computer_software"",""cybersecurity_cryptography"",""data_ai""],""matched_fields"":[""major"",""description""],""major_terms"":[""信息安全"",""大数据"",""数据科学与大数据技术"",""网络工程"",""计算机"",""计算机科学与技术"",""软件工程""],""role_terms"":[""数据处理""],""reason"":""tech_major_and_role""},""original"":{""部门代码"":""135111"",""部门名称"":""国家统计局浙江调查总队"",""用人司局"":""国家统计局浙江调查总队"",""机构性质"":""中央国家行政机关参照公务员法管理事业单位"",""招考职位"":""舟山调查队业务处室一级科员（1）"",""职位属性"":""普通职位"",""职位分布"":""其他职位"",""职位简介"":""从事统计调查、数据处理、统计分析研究等工作"",""职位代码"":""400110111011"",""机构层级"":""市（地）级"",""考试类别"":""市（地）级及以下直属机构综合管理类"",""招考人数"":""1"",""专业"":""统计学、应用统计学、经济学、经济统计学；数学与应用数学、信息与计算科学；计算机科学与技术、软件工程、网络工程、信息安全、电子与计算机工程、数据科学与大数据技术；法学、会计学、财务管理"",""学历"":""仅限本科"",""学位"":""学士"",""政治面貌"":""不限"",""基层工作最低年限"":""无限制"",""服务基层项目工作经历"":""无限制"",""是否在面试阶段组织专业能力测试"":""否"",""面试人员比例"":""3:1"",""工作地点"":""浙江省舟山市定海区"",""落户地点"":""浙江省舟山市定海区"",""备注"":""1.须以最高学历主修专业报考，报考专业须与招录专业名称一致。2.限招应届高校毕业生。3.本单位最低服务年限为5年（含试用期）。4.仅限男性报考。"",""部门网站"":""zjzd.stats.gov.cn"",""咨询电话1"":""0571-89198661"",""咨询电话2"":""0571-89198660"",""咨询电话3"":"""",""来源Sheet"":""中央国家行政机关参照公务员法管理事业单位""}}"
"government_jobs","国家公务员2024招考简章","公务员/事业单位技术岗位","浙江省舟山市定海区","2026-07-28T09:12:58.310295+00:00","舟山调查队业务处室一级科员（2）","国家统计局浙江调查总队","","浙江省舟山市定海区","公务员/事业单位;2024;computer_software;cybersecurity_cryptography;data_ai;仅限本科;学士;统计学、应用统计学、经济学、经济统计学、数学与应用数学、信息与计算科学、计算机科学与技术、软件工程、网络工程、信息安全、电子与计算机工程、数据科学与大数据技术、法学、会计学、财务管理;市（地）级及以下直属机构综合管理类","用人司局：国家统计局浙江调查总队
职位简介：从事统计调查、数据处理、统计分析研究等工作
专业要求：统计学、应用统计学、经济学、经济统计学、数学与应用数学、信息与计算科学、计算机科学与技术、软件工程、网络工程、信息安全、电子与计算机工程、数据科学与大数据技术、法学、会计学、财务管理
学历要求：仅限本科
学位要求：学士
政治面貌：不限
基层工作经历：无限制
考试类别：市（地）级及以下直属机构综合管理类
备注：1.须以最高学历主修专业报考，报考专业须与招录专业名称一致。2.限招应届高校毕业生。3.本单位最低服务年限为5年（含试用期）。4.仅限女性报考。","https://www.xuanhan.gov.cn/xxgk-show-77635.html#135111-400110111012","2023-10-15","{""dataset_year"":2024,""job_uid"":""GOV-2024-135111-400110111012"",""publisher"":""国家公务员局"",""publication_page"":""https://www.xuanhan.gov.cn/xxgk-show-77635.html"",""attachment_url"":""https://www.xuanhan.gov.cn/uploadfile/1/Attachment/638fdecf51.zip"",""local_source_file"":""中央机关及其直属机构2024年度考试录用公务员招考简章.xls"",""local_source_sha256"":""a1741b99dbecd6d03e533f99f2d69b0fa5a79733e551b80af69986ceed2ad996"",""source_sheet"":""中央国家行政机关参照公务员法管理事业单位"",""filter_version"":""government_tech_v2"",""tech_filter"":{""is_tech"":true,""is_core_tech"":true,""scope"":""core"",""categories"":[""computer_software"",""cybersecurity_cryptography"",""data_ai""],""matched_fields"":[""major"",""description""],""major_terms"":[""信息安全"",""大数据"",""数据科学与大数据技术"",""网络工程"",""计算机"",""计算机科学与技术"",""软件工程""],""role_terms"":[""数据处理""],""reason"":""tech_major_and_role""},""original"":{""部门代码"":""135111"",""部门名称"":""国家统计局浙江调查总队"",""用人司局"":""国家统计局浙江调查总队"",""机构性质"":""中央国家行政机关参照公务员法管理事业单位"",""招考职位"":""舟山调查队业务处室一级科员（2）"",""职位属性"":""普通职位"",""职位分布"":""其他职位"",""职位简介"":""从事统计调查、数据处理、统计分析研究等工作"",""职位代码"":""400110111012"",""机构层级"":""市（地）级"",""考试类别"":""市（地）级及以下直属机构综合管理类"",""招考人数"":""1"",""专业"":""统计学、应用统计学、经济学、经济统计学、数学与应用数学、信息与计算科学、计算机科学与技术、软件工程、网络工程、信息安全、电子与计算机工程、数据科学与大数据技术、法学、会计学、财务管理"",""学历"":""仅限本科"",""学位"":""学士"",""政治面貌"":""不限"",""基层工作最低年限"":""无限制"",""服务基层项目工作经历"":""无限制"",""是否在面试阶段组织专业能力测试"":""否"",""面试人员比例"":""3:1"",""工作地点"":""浙江省舟山市定海区"",""落户地点"":""浙江省舟山市定海区"",""备注"":""1.须以最高学历主修专业报考，报考专业须与招录专业名称一致。2.限招应届高校毕业生。3.本单位最低服务年限为5年（含试用期）。4.仅限女性报考。"",""部门网站"":""zjzd.stats.gov.cn"",""咨询电话1"":""0571-89198661"",""咨询电话2"":""0571-89198660"",""咨询电话3"":"""",""来源Sheet"":""中央国家行政机关参照公务员法管理事业单位""}}"
"government_jobs","国家公务员2024招考简章","公务员/事业单位技术岗位","浙江省舟山市定海区","2026-07-28T09:12:58.310295+00:00","舟山调查队业务处室一级科员（3）","国家统计局浙江调查总队","","浙江省舟山市定海区","公务员/事业单位;2024;computer_software;cybersecurity_cryptography;data_ai;仅限本科;学士;统计学，计算机科学与技术、信息安全、数据科学与大数据技术、数据计算及应用;市（地）级及以下直属机构综合管理类","用人司局：国家统计局浙江调查总队
职位简介：从事统计调查、数据处理、统计分析研究等工作
专业要求：统计学，计算机科学与技术、信息安全、数据科学与大数据技术、数据计算及应用
学历要求：仅限本科
学位要求：学士
政治面貌：中共党员
基层工作经历：二年
考试类别：市（地）级及以下直属机构综合管理类
备注：1.服务期满考核合格的大学生村官报考，须以最高学历主修专业报考，报考专业须与招录专业名称一致。2.需使用本地方言开展工作，限懂舟山当地方言（舟山地区学习生活工作2年以上）。3.本单位最低服务年限为5年（含试用期）。","https://www.xuanhan.gov.cn/xxgk-show-77635.html#135111-400110111013","2023-10-15","{""dataset_year"":2024,""job_uid"":""GOV-2024-135111-400110111013"",""publisher"":""国家公务员局"",""publication_page"":""https://www.xuanhan.gov.cn/xxgk-show-77635.html"",""attachment_url"":""https://www.xuanhan.gov.cn/uploadfile/1/Attachment/638fdecf51.zip"",""local_source_file"":""中央机关及其直属机构2024年度考试录用公务员招考简章.xls"",""local_source_sha256"":""a1741b99dbecd6d03e533f99f2d69b0fa5a79733e551b80af69986ceed2ad996"",""source_sheet"":""中央国家行政机关参照公务员法管理事业单位"",""filter_version"":""government_tech_v2"",""tech_filter"":{""is_tech"":true,""is_core_tech"":true,""scope"":""core"",""categories"":[""computer_software"",""cybersecurity_cryptography"",""data_ai""],""matched_fields"":[""major"",""description""],""major_terms"":[""信息安全"",""大数据"",""数据科学与大数据技术"",""计算机科学与技术""],""role_terms"":[""数据处理""],""reason"":""tech_major_and_role""},""original"":{""部门代码"":""135111"",""部门名称"":""国家统计局浙江调查总队"",""用人司局"":""国家统计局浙江调查总队"",""机构性质"":""中央国家行政机关参照公务员法管理事业单位"",""招考职位"":""舟山调查队业务处室一级科员（3）"",""职位属性"":""普通职位"",""职位分布"":""其他职位"",""职位简介"":""从事统计调查、数据处理、统计分析研究等工作"",""职位代码"":""400110111013"",""机构层级"":""市（地）级"",""考试类别"":""市（地）级及以下直属机构综合管理类"",""招考人数"":""1"",""专业"":""统计学，计算机科学与技术、信息安全、数据科学与大数据技术、数据计算及应用"",""学历"":""仅限本科"",""学位"":""学士"",""政治面貌"":""中共党员"",""基层工作最低年限"":""二年"",""服务基层项目工作经历"":""大学生村官"",""是否在面试阶段组织专业能力测试"":""否"",""面试人员比例"":""3:1"",""工作地点"":""浙江省舟山市定海区"",""落户地点"":""浙江省舟山市定海区"",""备注"":""1.服务期满考核合格的大学生村官报考，须以最高学历主修专业报考，报考专业须与招录专业名称一致。2.需使用本地方言开展工作，限懂舟山当地方言（舟山地区学习生活工作2年以上）。3.本单位最低服务年限为5年（含试用期）。"",""部门网站"":""zjzd.stats.gov.cn"",""咨询电话1"":""0571-89198661"",""咨询电话2"":""0571-89198660"",""咨询电话3"":"""",""来源Sheet"":""中央国家行政机关参照公务员法管理事业单位""}}"
"government_jobs","国家公务员2024招考简章","公务员/事业单位技术岗位","浙江省温州市永嘉县","2026-07-28T09:12:58.310295+00:00","永嘉调查队一级科员","国家统计局浙江调查总队","","浙江省温州市永嘉县","公务员/事业单位;2024;computer_software;data_ai;仅限本科;学士;统计学、应用统计学、经济学、数学与应用数学、信息与计算科学；会计学、财务管理；计算机科学与技术;市（地）级及以下直属机构综合管理类","用人司局：国家统计局浙江调查总队
职位简介：从事一线入户调查、数据处理、统计分析研究等工作
专业要求：统计学、应用统计学、经济学、数学与应用数学、信息与计算科学；会计学、财务管理；计算机科学与技术
学历要求：仅限本科
学位要求：学士
政治面貌：中共党员
基层工作经历：无限制
考试类别：市（地）级及以下直属机构综合管理类
备注：1.须以最高学历主修专业报考，报考专业须与招录专业名称一致。2.企业人员应有合同及社保缴费记录。3.需使用本地方言开展工作，限懂温州当地方言（温州地区学习生活工作2年以上）。4.本单位最低服务年限为5年（含试用期）。","https://www.xuanhan.gov.cn/xxgk-show-77635.html#135111-400110111016","2023-10-15","{""dataset_year"":2024,""job_uid"":""GOV-2024-135111-400110111016"",""publisher"":""国家公务员局"",""publication_page"":""https://www.xuanhan.gov.cn/xxgk-show-77635.html"",""attachment_url"":""https://www.xuanhan.gov.cn/uploadfile/1/Attachment/638fdecf51.zip"",""local_source_file"":""中央机关及其直属机构2024年度考试录用公务员招考简章.xls"",""local_source_sha256"":""a1741b99dbecd6d03e533f99f2d69b0fa5a79733e551b80af69986ceed2ad996"",""source_sheet"":""中央国家行政机关参照公务员法管理事业单位"",""filter_version"":""government_tech_v2"",""tech_filter"":{""is_tech"":true,""is_core_tech"":true,""scope"":""core"",""categories"":[""computer_software"",""data_ai""],""matched_fields"":[""major"",""description""],""major_terms"":[""计算机科学与技术""],""role_terms"":[""数据处理""],""reason"":""tech_major_and_role""},""original"":{""部门代码"":""135111"",""部门名称"":""国家统计局浙江调查总队"",""用人司局"":""国家统计局浙江调查总队"",""机构性质"":""中央国家行政机关参照公务员法管理事业单位"",""招考职位"":""永嘉调查队一级科员"",""职位属性"":""普通职位"",""职位分布"":""其他职位"",""职位简介"":""从事一线入户调查、数据处理、统计分析研究等工作"",""职位代码"":""400110111016"",""机构层级"":""县（区）级及以下"",""考试类别"":""市（地）级及以下直属机构综合管理类"",""招考人数"":""1"",""专业"":""统计学、应用统计学、经济学、数学与应用数学、信息与计算科学；会计学、财务管理；计算机科学与技术"",""学历"":""仅限本科"",""学位"":""学士"",""政治面貌"":""中共党员"",""基层工作最低年限"":""无限制"",""服务基层项目工作经历"":""无限制"",""是否在面试阶段组织专业能力测试"":""否"",""面试人员比例"":""3:1"",""工作地点"":""浙江省温州市永嘉县"",""落户地点"":""浙江省温州市永嘉县"",""备注"":""1.须以最高学历主修专业报考，报考专业须与招录专业名称一致。2.企业人员应有合同及社保缴费记录。3.需使用本地方言开展工作，限懂温州当地方言（温州地区学习生活工作2年以上）。4.本单位最低服务年限为5年（含试用期）。"",""部门网站"":""zjzd.stats.gov.cn"",""咨询电话1"":""0571-89198661"",""咨询电话2"":""0571-89198660"",""咨询电话3"":"""",""来源Sheet"":""中央国家行政机关参照公务员法管理事业单位""}}"
"government_jobs","国家公务员2024招考简章","公务员/事业单位技术岗位","浙江省绍兴市新昌县","2026-07-28T09:12:58.310295+00:00","新昌调查队一级科员","国家统计局浙江调查总队","","浙江省绍兴市新昌县","公务员/事业单位;2024;data_ai;仅限本科;学士;统计学、应用统计学；数学与应用数学、信息与计算科学；会计学、财务管理;市（地）级及以下直属机构综合管理类","用人司局：国家统计局浙江调查总队
职位简介：从事一线入户调查、数据处理、统计分析研究等工作
专业要求：统计学、应用统计学；数学与应用数学、信息与计算科学；会计学、财务管理
学历要求：仅限本科
学位要求：学士
政治面貌：不限
基层工作经历：无限制
考试类别：市（地）级及以下直属机构综合管理类
备注：1.须以最高学历主修专业报考，报考专业须与招录专业名称一致。2.限招2024届高校毕业生。3.需使用本地方言开展工作，限懂绍兴当地方言（绍兴地区学习生活工作2年以上）。4.本单位最低服务年限为5年（含试用期）。","https://www.xuanhan.gov.cn/xxgk-show-77635.html#135111-400110111021","2023-10-15","{""dataset_year"":2024,""job_uid"":""GOV-2024-135111-400110111021"",""publisher"":""国家公务员局"",""publication_page"":""https://www.xuanhan.gov.cn/xxgk-show-77635.html"",""attachment_url"":""https://www.xuanhan.gov.cn/uploadfile/1/Attachment/638fdecf51.zip"",""local_source_file"":""中央机关及其直属机构2024年度考试录用公务员招考简章.xls"",""local_source_sha256"":""a1741b99dbecd6d03e533f99f2d69b0fa5a79733e551b80af69986ceed2ad996"",""source_sheet"":""中央国家行政机关参照公务员法管理事业单位"",""filter_version"":""government_tech_v2"",""tech_filter"":{""is_tech"":true,""is_core_tech"":true,""scope"":""core"",""categories"":[""data_ai""],""matched_fields"":[""description""],""major_terms"":[],""role_terms"":[""数据处理""],""reason"":""tech_role""},""original"":{""部门代码"":""135111"",""部门名称"":""国家统计局浙江调查总队"",""用人司局"":""国家统计局浙江调查总队"",""机构性质"":""中央国家行政机关参照公务员法管理事业单位"",""招考职位"":""新昌调查队一级科员"",""职位属性"":""普通职位"",""职位分布"":""其他职位"",""职位简介"":""从事一线入户调查、数据处理、统计分析研究等工作"",""职位代码"":""400110111021"",""机构层级"":""县（区）级及以下"",""考试类别"":""市（地）级及以下直属机构综合管理类"",""招考人数"":""1"",""专业"":""统计学、应用统计学；数学与应用数学、信息与计算科学；会计学、财务管理"",""学历"":""仅限本科"",""学位"":""学士"",""政治面貌"":""不限"",""基层工作最低年限"":""无限制"",""服务基层项目工作经历"":""无限制"",""是否在面试阶段组织专业能力测试"":""否"",""面试人员比例"":""3:1"",""工作地点"":""浙江省绍兴市新昌县"",""落户地点"":""浙江省绍兴市新昌县"",""备注"":""1.须以最高学历主修专业报考，报考专业须与招录专业名称一致。2.限招2024届高校毕业生。3.需使用本地方言开展工作，限懂绍兴当地方言（绍兴地区学习生活工作2年以上）。4.本单位最低服务年限为5年（含试用期）。"",""部门网站"":""zjzd.stats.gov.cn"",""咨询电话1"":""0571-89198661"",""咨询电话2"":""0571-89198660"",""咨询电话3"":"""",""来源Sheet"":""中央国家行政机关参照公务员法管理事业单位""}}"
"government_jobs","国家公务员2024招考简章","公务员/事业单位技术岗位","浙江省金华市义乌市","2026-07-28T09:12:58.310295+00:00","义乌调查队一级科员","国家统计局浙江调查总队","","浙江省金华市义乌市","公务员/事业单位;2024;computer_software;data_ai;仅限本科;学士;统计学、应用统计学、经济学、会计学、财务管理、计算机科学与技术;市（地）级及以下直属机构综合管理类","用人司局：国家统计局浙江调查总队
职位简介：从事一线入户调查、数据处理、统计分析研究等工作
专业要求：统计学、应用统计学、经济学、会计学、财务管理、计算机科学与技术
学历要求：仅限本科
学位要求：学士
政治面貌：不限
基层工作经历：无限制
考试类别：市（地）级及以下直属机构综合管理类
备注：1.须以最高学历主修专业报考，报考专业须与招录专业名称一致。2.需使用本地方言开展工作，限懂金华当地方言（金华地区学习生活工作2年以上）。3.本单位最低服务年限为5年（含试用期）。","https://www.xuanhan.gov.cn/xxgk-show-77635.html#135111-400110111022","2023-10-15","{""dataset_year"":2024,""job_uid"":""GOV-2024-135111-400110111022"",""publisher"":""国家公务员局"",""publication_page"":""https://www.xuanhan.gov.cn/xxgk-show-77635.html"",""attachment_url"":""https://www.xuanhan.gov.cn/uploadfile/1/Attachment/638fdecf51.zip"",""local_source_file"":""中央机关及其直属机构2024年度考试录用公务员招考简章.xls"",""local_source_sha256"":""a1741b99dbecd6d03e533f99f2d69b0fa5a79733e551b80af69986ceed2ad996"",""source_sheet"":""中央国家行政机关参照公务员法管理事业单位"",""filter_version"":""government_tech_v2"",""tech_filter"":{""is_tech"":true,""is_core_tech"":true,""scope"":""core"",""categories"":[""computer_software"",""data_ai""],""matched_fields"":[""major"",""description""],""major_terms"":[""计算机科学与技术""],""role_terms"":[""数据处理""],""reason"":""tech_major_and_role""},""original"":{""部门代码"":""135111"",""部门名称"":""国家统计局浙江调查总队"",""用人司局"":""国家统计局浙江调查总队"",""机构性质"":""中央国家行政机关参照公务员法管理事业单位"",""招考职位"":""义乌调查队一级科员"",""职位属性"":""普通职位"",""职位分布"":""其他职位"",""职位简介"":""从事一线入户调查、数据处理、统计分析研究等工作"",""职位代码"":""400110111022"",""机构层级"":""县（区）级及以下"",""考试类别"":""市（地）级及以下直属机构综合管理类"",""招考人数"":""1"",""专业"":""统计学、应用统计学、经济学、会计学、财务管理、计算机科学与技术"",""学历"":""仅限本科"",""学位"":""学士"",""政治面貌"":""不限"",""基层工作最低年限"":""无限制"",""服务基层项目工作经历"":""无限制"",""是否在面试阶段组织专业能力测试"":""否"",""面试人员比例"":""3:1"",""工作地点"":""浙江省金华市义乌市"",""落户地点"":""浙江省金华市义乌市"",""备注"":""1.须以最高学历主修专业报考，报考专业须与招录专业名称一致。2.需使用本地方言开展工作，限懂金华当地方言（金华地区学习生活工作2年以上）。3.本单位最低服务年限为5年（含试用期）。"",""部门网站"":""zjzd.stats.gov.cn"",""咨询电话1"":""0571-89198661"",""咨询电话2"":""0571-89198660"",""咨询电话3"":"""",""来源Sheet"":""中央国家行政机关参照公务员法管理事业单位""}}"
"government_jobs","国家公务员2024招考简章","公务员/事业单位技术岗位","浙江省台州市温岭市","2026-07-28T09:12:58.310295+00:00","温岭调查队一级科员","国家统计局浙江调查总队","","浙江省台州市温岭市","公务员/事业单位;2024;computer_software;data_ai;仅限本科;学士;统计学、应用统计学 、经济统计学、国际经济与贸易；数学与应用数学、金融数学、会计学；计算机科学与技术、大数据管理与应用、电子商务;市（地）级及以下直属机构综合管理类","用人司局：国家统计局浙江调查总队
职位简介：从事一线入户调查、数据处理、统计分析研究等工作
专业要求：统计学、应用统计学 、经济统计学、国际经济与贸易；数学与应用数学、金融数学、会计学；计算机科学与技术、大数据管理与应用、电子商务
学历要求：仅限本科
学位要求：学士
政治面貌：不限
基层工作经历：无限制
考试类别：市（地）级及以下直属机构综合管理类
备注：1.须以最高学历主修专业报考，报考专业须与招录专业名称一致。2.需使用本地方言开展工作，限懂台州当地方言（台州地区学习生活工作2年以上）。3.本单位最低服务年限为5年（含试用期）。","https://www.xuanhan.gov.cn/xxgk-show-77635.html#135111-400110111023","2023-10-15","{""dataset_year"":2024,""job_uid"":""GOV-2024-135111-400110111023"",""publisher"":""国家公务员局"",""publication_page"":""https://www.xuanhan.gov.cn/xxgk-show-77635.html"",""attachment_url"":""https://www.xuanhan.gov.cn/uploadfile/1/Attachment/638fdecf51.zip"",""local_source_file"":""中央机关及其直属机构2024年度考试录用公务员招考简章.xls"",""local_source_sha256"":""a1741b99dbecd6d03e533f99f2d69b0fa5a79733e551b80af69986ceed2ad996"",""source_sheet"":""中央国家行政机关参照公务员法管理事业单位"",""filter_version"":""government_tech_v2"",""tech_filter"":{""is_tech"":true,""is_core_tech"":true,""scope"":""core"",""categories"":[""computer_software"",""data_ai""],""matched_fields"":[""major"",""description""],""major_terms"":[""大数据"",""计算机科学与技术""],""role_terms"":[""数据处理""],""reason"":""tech_major_and_role""},""original"":{""部门代码"":""135111"",""部门名称"":""国家统计局浙江调查总队"",""用人司局"":""国家统计局浙江调查总队"",""机构性质"":""中央国家行政机关参照公务员法管理事业单位"",""招考职位"":""温岭调查队一级科员"",""职位属性"":""普通职位"",""职位分布"":""其他职位"",""职位简介"":""从事一线入户调查、数据处理、统计分析研究等工作"",""职位代码"":""400110111023"",""机构层级"":""县（区）级及以下"",""考试类别"":""市（地）级及以下直属机构综合管理类"",""招考人数"":""1"",""专业"":""统计学、应用统计学 、经济统计学、国际经济与贸易；数学与应用数学、金融数学、会计学；计算机科学与技术、大数据管理与应用、电子商务"",""学历"":""仅限本科"",""学位"":""学士"",""政治面貌"":""不限"",""基层工作最低年限"":""无限制"",""服务基层项目工作经历"":""无限制"",""是否在面试阶段组织专业能力测试"":""否"",""面试人员比例"":""3:1"",""工作地点"":""浙江省台州市温岭市"",""落户地点"":""浙江省台州市温岭市"",""备注"":""1.须以最高学历主修专业报考，报考专业须与招录专业名称一致。2.需使用本地方言开展工作，限懂台州当地方言（台州地区学习生活工作2年以上）。3.本单位最低服务年限为5年（含试用期）。"",""部门网站"":""zjzd.stats.gov.cn"",""咨询电话1"":""0571-89198661"",""咨询电话2"":""0571-89198660"",""咨询电话3"":"""",""来源Sheet"":""中央国家行政机关参照公务员法管理事业单位""}}"
"government_jobs","国家公务员2024招考简章","公务员/事业单位技术岗位","浙江省丽水市龙泉市","2026-07-28T09:12:58.310295+00:00","龙泉调查队一级科员","国家统计局浙江调查总队","","浙江省丽水市龙泉市","公务员/事业单位;2024;computer_software;data_ai;仅限本科;学士;统计学、应用统计学；经济学、经济统计学；数学与应用数学、信息与计算科学；会计学、财务管理；计算机科学与技术；汉语言文学、汉语言;市（地）级及以下直属机构综合管理类","用人司局：国家统计局浙江调查总队
职位简介：从事一线入户调查、数据处理、统计分析研究等工作
专业要求：统计学、应用统计学；经济学、经济统计学；数学与应用数学、信息与计算科学；会计学、财务管理；计算机科学与技术；汉语言文学、汉语言
学历要求：仅限本科
学位要求：学士
政治面貌：中共党员
基层工作经历：无限制
考试类别：市（地）级及以下直属机构综合管理类
备注：1.须以最高学历主修专业报考，报考专业须与招录专业名称一致。2.限招应届高校毕业生。3.需使用本地方言开展工作，限懂丽水当地方言（丽水州地区学习生活工作2年以上）。4.本单位最低服务年限为5年（含试用期）。","https://www.xuanhan.gov.cn/xxgk-show-77635.html#135111-400110111025","2023-10-15","{""dataset_year"":2024,""job_uid"":""GOV-2024-135111-400110111025"",""publisher"":""国家公务员局"",""publication_page"":""https://www.xuanhan.gov.cn/xxgk-show-77635.html"",""attachment_url"":""https://www.xuanhan.gov.cn/uploadfile/1/Attachment/638fdecf51.zip"",""local_source_file"":""中央机关及其直属机构2024年度考试录用公务员招考简章.xls"",""local_source_sha256"":""a1741b99dbecd6d03e533f99f2d69b0fa5a79733e551b80af69986ceed2ad996"",""source_sheet"":""中央国家行政机关参照公务员法管理事业单位"",""filter_version"":""government_tech_v2"",""tech_filter"":{""is_tech"":true,""is_core_tech"":true,""scope"":""core"",""categories"":[""computer_software"",""data_ai""],""matched_fields"":[""major"",""description""],""major_terms"":[""计算机科学与技术""],""role_terms"":[""数据处理""],""reason"":""tech_major_and_role""},""original"":{""部门代码"":""135111"",""部门名称"":""国家统计局浙江调查总队"",""用人司局"":""国家统计局浙江调查总队"",""机构性质"":""中央国家行政机关参照公务员法管理事业单位"",""招考职位"":""龙泉调查队一级科员"",""职位属性"":""普通职位"",""职位分布"":""其他职位"",""职位简介"":""从事一线入户调查、数据处理、统计分析研究等工作"",""职位代码"":""400110111025"",""机构层级"":""县（区）级及以下"",""考试类别"":""市（地）级及以下直属机构综合管理类"",""招考人数"":""1"",""专业"":""统计学、应用统计学；经济学、经济统计学；数学与应用数学、信息与计算科学；会计学、财务管理；计算机科学与技术；汉语言文学、汉语言"",""学历"":""仅限本科"",""学位"":""学士"",""政治面貌"":""中共党员"",""基层工作最低年限"":""无限制"",""服务基层项目工作经历"":""无限制"",""是否在面试阶段组织专业能力测试"":""否"",""面试人员比例"":""3:1"",""工作地点"":""浙江省丽水市龙泉市"",""落户地点"":""浙江省丽水市龙泉市"",""备注"":""1.须以最高学历主修专业报考，报考专业须与招录专业名称一致。2.限招应届高校毕业生。3.需使用本地方言开展工作，限懂丽水当地方言（丽水州地区学习生活工作2年以上）。4.本单位最低服务年限为5年（含试用期）。"",""部门网站"":""zjzd.stats.gov.cn"",""咨询电话1"":""0571-89198661"",""咨询电话2"":""0571-89198660"",""咨询电话3"":"""",""来源Sheet"":""中央国家行政机关参照公务员法管理事业单位""}}"
"government_jobs","国家公务员2024招考简章","公务员/事业单位技术岗位","安徽省宿州市","2026-07-28T09:12:58.310295+00:00","宿州调查队业务科室四级主任科员及以下","国家统计局安徽调查总队","","安徽省宿州市","公务员/事业单位;2024;computer_software;data_ai;本科或硕士研究生;与最高学历相对应的学位;本科：统计学、应用统计学；经济学、经济统计学；数学与应用数学、信息与计算科学、数据计算及应用；数据科学与大数据技术；研究生：统计学、应用统计;市（地）级及以下直属机构综合管理类","用人司局：国家统计局安徽调查总队
职位简介：从事统计调查、数据处理、统计分析研究等工作
专业要求：本科：统计学、应用统计学；经济学、经济统计学；数学与应用数学、信息与计算科学、数据计算及应用；数据科学与大数据技术；研究生：统计学、应用统计
学历要求：本科或硕士研究生
学位要求：与最高学历相对应的学位
政治面貌：不限
基层工作经历：无限制
考试类别：市（地）级及以下直属机构综合管理类
备注：1.所列专业均要求最高学历主修专业，考生报考专业须与招录专业名称一致；2.仅限应届高校毕业生；3.本单位最低服务年限为5年（含试用期）。","https://www.xuanhan.gov.cn/xxgk-show-77635.html#135112-400110112002","2023-10-15","{""dataset_year"":2024,""job_uid"":""GOV-2024-135112-400110112002"",""publisher"":""国家公务员局"",""publication_page"":""https://www.xuanhan.gov.cn/xxgk-show-77635.html"",""attachment_url"":""https://www.xuanhan.gov.cn/uploadfile/1/Attachment/638fdecf51.zip"",""local_source_file"":""中央机关及其直属机构2024年度考试录用公务员招考简章.xls"",""local_source_sha256"":""a1741b99dbecd6d03e533f99f2d69b0fa5a79733e551b80af69986ceed2ad996"",""source_sheet"":""中央国家行政机关参照公务员法管理事业单位"",""filter_version"":""government_tech_v2"",""tech_filter"":{""is_tech"":true,""is_core_tech"":true,""scope"":""core"",""categories"":[""computer_software"",""data_ai""],""matched_fields"":[""major"",""description""],""major_terms"":[""大数据"",""数据科学与大数据技术""],""role_terms"":[""数据处理""],""reason"":""tech_major_and_role""},""original"":{""部门代码"":""135112"",""部门名称"":""国家统计局安徽调查总队"",""用人司局"":""国家统计局安徽调查总队"",""机构性质"":""中央国家行政机关参照公务员法管理事业单位"",""招考职位"":""宿州调查队业务科室四级主任科员及以下"",""职位属性"":""普通职位"",""职位分布"":""其他职位"",""职位简介"":""从事统计调查、数据处理、统计分析研究等工作"",""职位代码"":""400110112002"",""机构层级"":""市（地）级"",""考试类别"":""市（地）级及以下直属机构综合管理类"",""招考人数"":""1"",""专业"":""本科：统计学、应用统计学；经济学、经济统计学；数学与应用数学、信息与计算科学、数据计算及应用；数据科学与大数据技术；研究生：统计学、应用统计"",""学历"":""本科或硕士研究生"",""学位"":""与最高学历相对应的学位"",""政治面貌"":""不限"",""基层工作最低年限"":""无限制"",""服务基层项目工作经历"":""无限制"",""是否在面试阶段组织专业能力测试"":""否"",""面试人员比例"":""3:1"",""工作地点"":""安徽省宿州市"",""落户地点"":""安徽省宿州市"",""备注"":""1.所列专业均要求最高学历主修专业，考生报考专业须与招录专业名称一致；2.仅限应届高校毕业生；3.本单位最低服务年限为5年（含试用期）。"",""部门网站"":""http://ahzd.stats.gov.cn/"",""咨询电话1"":""0551-68151025"",""咨询电话2"":""0551-68151029"",""咨询电话3"":""0551-68151027"",""来源Sheet"":""中央国家行政机关参照公务员法管理事业单位""}}"
"government_jobs","国家公务员2024招考简章","公务员/事业单位技术岗位","安徽省淮南市","2026-07-28T09:12:58.310295+00:00","淮南调查队业务科室四级主任科员及以下","国家统计局安徽调查总队","","安徽省淮南市","公务员/事业单位;2024;computer_software;data_ai;本科或硕士研究生;与最高学历相对应的学位;本科：统计学、应用统计学；经济学、经济统计学、资源与环境经济学；数学与应用数学、信息与计算科学、数据计算及应用；数据科学与大数据技术；研究生：统计学、应用统计;市（地）级及以下直属机构综合管理类","用人司局：国家统计局安徽调查总队
职位简介：从事统计调查、数据处理、统计分析研究等工作
专业要求：本科：统计学、应用统计学；经济学、经济统计学、资源与环境经济学；数学与应用数学、信息与计算科学、数据计算及应用；数据科学与大数据技术；研究生：统计学、应用统计
学历要求：本科或硕士研究生
学位要求：与最高学历相对应的学位
政治面貌：不限
基层工作经历：无限制
考试类别：市（地）级及以下直属机构综合管理类
备注：1.所列专业均要求最高学历主修专业，考生报考专业须与招录专业名称一致；2.仅限应届高校毕业生；3.本单位最低服务年限为5年（含试用期）。","https://www.xuanhan.gov.cn/xxgk-show-77635.html#135112-400110112004","2023-10-15","{""dataset_year"":2024,""job_uid"":""GOV-2024-135112-400110112004"",""publisher"":""国家公务员局"",""publication_page"":""https://www.xuanhan.gov.cn/xxgk-show-77635.html"",""attachment_url"":""https://www.xuanhan.gov.cn/uploadfile/1/Attachment/638fdecf51.zip"",""local_source_file"":""中央机关及其直属机构2024年度考试录用公务员招考简章.xls"",""local_source_sha256"":""a1741b99dbecd6d03e533f99f2d69b0fa5a79733e551b80af69986ceed2ad996"",""source_sheet"":""中央国家行政机关参照公务员法管理事业单位"",""filter_version"":""government_tech_v2"",""tech_filter"":{""is_tech"":true,""is_core_tech"":true,""scope"":""core"",""categories"":[""computer_software"",""data_ai""],""matched_fields"":[""major"",""description""],""major_terms"":[""大数据"",""数据科学与大数据技术""],""role_terms"":[""数据处理""],""reason"":""tech_major_and_role""},""original"":{""部门代码"":""135112"",""部门名称"":""国家统计局安徽调查总队"",""用人司局"":""国家统计局安徽调查总队"",""机构性质"":""中央国家行政机关参照公务员法管理事业单位"",""招考职位"":""淮南调查队业务科室四级主任科员及以下"",""职位属性"":""普通职位"",""职位分布"":""其他职位"",""职位简介"":""从事统计调查、数据处理、统计分析研究等工作"",""职位代码"":""400110112004"",""机构层级"":""市（地）级"",""考试类别"":""市（地）级及以下直属机构综合管理类"",""招考人数"":""1"",""专业"":""本科：统计学、应用统计学；经济学、经济统计学、资源与环境经济学；数学与应用数学、信息与计算科学、数据计算及应用；数据科学与大数据技术；研究生：统计学、应用统计"",""学历"":""本科或硕士研究生"",""学位"":""与最高学历相对应的学位"",""政治面貌"":""不限"",""基层工作最低年限"":""无限制"",""服务基层项目工作经历"":""无限制"",""是否在面试阶段组织专业能力测试"":""否"",""面试人员比例"":""3:1"",""工作地点"":""安徽省淮南市"",""落户地点"":""安徽省淮南市"",""备注"":""1.所列专业均要求最高学历主修专业，考生报考专业须与招录专业名称一致；2.仅限应届高校毕业生；3.本单位最低服务年限为5年（含试用期）。"",""部门网站"":""http://ahzd.stats.gov.cn/"",""咨询电话1"":""0551-68151025"",""咨询电话2"":""0551-68151029"",""咨询电话3"":""0551-68151027"",""来源Sheet"":""中央国家行政机关参照公务员法管理事业单位""}}"
"government_jobs","国家公务员2024招考简章","公务员/事业单位技术岗位","安徽省铜陵市","2026-07-28T09:12:58.310295+00:00","铜陵调查队业务科室四级主任科员及以下（1）","国家统计局安徽调查总队","","安徽省铜陵市","公务员/事业单位;2024;computer_software;data_ai;本科或硕士研究生;与最高学历相对应的学位;本科：统计学、应用统计学；经济学、经济统计学；数学与应用数学、信息与计算科学、数据计算及应用；数据科学与大数据技术；研究生：统计学、应用统计;市（地）级及以下直属机构综合管理类","用人司局：国家统计局安徽调查总队
职位简介：从事统计调查、数据处理、统计分析研究等工作
专业要求：本科：统计学、应用统计学；经济学、经济统计学；数学与应用数学、信息与计算科学、数据计算及应用；数据科学与大数据技术；研究生：统计学、应用统计
学历要求：本科或硕士研究生
学位要求：与最高学历相对应的学位
政治面貌：不限
基层工作经历：无限制
考试类别：市（地）级及以下直属机构综合管理类
备注：1.所列专业均要求最高学历主修专业，考生报考专业须与招录专业名称一致；2.仅限应届高校毕业生；3.仅限男性；4.本单位最低服务年限为5年（含试用期）。","https://www.xuanhan.gov.cn/xxgk-show-77635.html#135112-400110112006","2023-10-15","{""dataset_year"":2024,""job_uid"":""GOV-2024-135112-400110112006"",""publisher"":""国家公务员局"",""publication_page"":""https://www.xuanhan.gov.cn/xxgk-show-77635.html"",""attachment_url"":""https://www.xuanhan.gov.cn/uploadfile/1/Attachment/638fdecf51.zip"",""local_source_file"":""中央机关及其直属机构2024年度考试录用公务员招考简章.xls"",""local_source_sha256"":""a1741b99dbecd6d03e533f99f2d69b0fa5a79733e551b80af69986ceed2ad996"",""source_sheet"":""中央国家行政机关参照公务员法管理事业单位"",""filter_version"":""government_tech_v2"",""tech_filter"":{""is_tech"":true,""is_core_tech"":true,""scope"":""core"",""categories"":[""computer_software"",""data_ai""],""matched_fields"":[""major"",""description""],""major_terms"":[""大数据"",""数据科学与大数据技术""],""role_terms"":[""数据处理""],""reason"":""tech_major_and_role""},""original"":{""部门代码"":""135112"",""部门名称"":""国家统计局安徽调查总队"",""用人司局"":""国家统计局安徽调查总队"",""机构性质"":""中央国家行政机关参照公务员法管理事业单位"",""招考职位"":""铜陵调查队业务科室四级主任科员及以下（1）"",""职位属性"":""普通职位"",""职位分布"":""其他职位"",""职位简介"":""从事统计调查、数据处理、统计分析研究等工作"",""职位代码"":""400110112006"",""机构层级"":""市（地）级"",""考试类别"":""市（地）级及以下直属机构综合管理类"",""招考人数"":""1"",""专业"":""本科：统计学、应用统计学；经济学、经济统计学；数学与应用数学、信息与计算科学、数据计算及应用；数据科学与大数据技术；研究生：统计学、应用统计"",""学历"":""本科或硕士研究生"",""学位"":""与最高学历相对应的学位"",""政治面貌"":""不限"",""基层工作最低年限"":""无限制"",""服务基层项目工作经历"":""无限制"",""是否在面试阶段组织专业能力测试"":""否"",""面试人员比例"":""3:1"",""工作地点"":""安徽省铜陵市"",""落户地点"":""安徽省铜陵市"",""备注"":""1.所列专业均要求最高学历主修专业，考生报考专业须与招录专业名称一致；2.仅限应届高校毕业生；3.仅限男性；4.本单位最低服务年限为5年（含试用期）。"",""部门网站"":""http://ahzd.stats.gov.cn/"",""咨询电话1"":""0551-68151025"",""咨询电话2"":""0551-68151029"",""咨询电话3"":""0551-68151027"",""来源Sheet"":""中央国家行政机关参照公务员法管理事业单位""}}"
"government_jobs","国家公务员2024招考简章","公务员/事业单位技术岗位","安徽省铜陵市","2026-07-28T09:12:58.310295+00:00","铜陵调查队业务科室四级主任科员及以下（2）","国家统计局安徽调查总队","","安徽省铜陵市","公务员/事业单位;2024;computer_software;data_ai;本科或硕士研究生;与最高学历相对应的学位;本科：统计学、应用统计学；经济学、经济统计学；数学与应用数学、信息与计算科学、数据计算及应用；数据科学与大数据技术；研究生：统计学、应用统计;市（地）级及以下直属机构综合管理类","用人司局：国家统计局安徽调查总队
职位简介：从事统计调查、数据处理、统计分析研究等工作
专业要求：本科：统计学、应用统计学；经济学、经济统计学；数学与应用数学、信息与计算科学、数据计算及应用；数据科学与大数据技术；研究生：统计学、应用统计
学历要求：本科或硕士研究生
学位要求：与最高学历相对应的学位
政治面貌：不限
基层工作经历：无限制
考试类别：市（地）级及以下直属机构综合管理类
备注：1.所列专业均要求最高学历主修专业，考生报考专业须与招录专业名称一致；2.仅限应届高校毕业生；3.仅限女性；4.本单位最低服务年限为5年（含试用期）。","https://www.xuanhan.gov.cn/xxgk-show-77635.html#135112-400110112007","2023-10-15","{""dataset_year"":2024,""job_uid"":""GOV-2024-135112-400110112007"",""publisher"":""国家公务员局"",""publication_page"":""https://www.xuanhan.gov.cn/xxgk-show-77635.html"",""attachment_url"":""https://www.xuanhan.gov.cn/uploadfile/1/Attachment/638fdecf51.zip"",""local_source_file"":""中央机关及其直属机构2024年度考试录用公务员招考简章.xls"",""local_source_sha256"":""a1741b99dbecd6d03e533f99f2d69b0fa5a79733e551b80af69986ceed2ad996"",""source_sheet"":""中央国家行政机关参照公务员法管理事业单位"",""filter_version"":""government_tech_v2"",""tech_filter"":{""is_tech"":true,""is_core_tech"":true,""scope"":""core"",""categories"":[""computer_software"",""data_ai""],""matched_fields"":[""major"",""description""],""major_terms"":[""大数据"",""数据科学与大数据技术""],""role_terms"":[""数据处理""],""reason"":""tech_major_and_role""},""original"":{""部门代码"":""135112"",""部门名称"":""国家统计局安徽调查总队"",""用人司局"":""国家统计局安徽调查总队"",""机构性质"":""中央国家行政机关参照公务员法管理事业单位"",""招考职位"":""铜陵调查队业务科室四级主任科员及以下（2）"",""职位属性"":""普通职位"",""职位分布"":""其他职位"",""职位简介"":""从事统计调查、数据处理、统计分析研究等工作"",""职位代码"":""400110112007"",""机构层级"":""市（地）级"",""考试类别"":""市（地）级及以下直属机构综合管理类"",""招考人数"":""1"",""专业"":""本科：统计学、应用统计学；经济学、经济统计学；数学与应用数学、信息与计算科学、数据计算及应用；数据科学与大数据技术；研究生：统计学、应用统计"",""学历"":""本科或硕士研究生"",""学位"":""与最高学历相对应的学位"",""政治面貌"":""不限"",""基层工作最低年限"":""无限制"",""服务基层项目工作经历"":""无限制"",""是否在面试阶段组织专业能力测试"":""否"",""面试人员比例"":""3:1"",""工作地点"":""安徽省铜陵市"",""落户地点"":""安徽省铜陵市"",""备注"":""1.所列专业均要求最高学历主修专业，考生报考专业须与招录专业名称一致；2.仅限应届高校毕业生；3.仅限女性；4.本单位最低服务年限为5年（含试用期）。"",""部门网站"":""http://ahzd.stats.gov.cn/"",""咨询电话1"":""0551-68151025"",""咨询电话2"":""0551-68151029"",""咨询电话3"":""0551-68151027"",""来源Sheet"":""中央国家行政机关参照公务员法管理事业单位""}}"
"government_jobs","国家公务员2024招考简章","公务员/事业单位技术岗位","安徽省安庆市","2026-07-28T09:12:58.310295+00:00","安庆调查队业务科室四级主任科员及以下","国家统计局安徽调查总队","","安徽省安庆市","公务员/事业单位;2024;computer_software;data_ai;本科或硕士研究生;与最高学历相对应的学位;本科：统计学、应用统计学；经济学、经济统计学；数学与应用数学、信息与计算科学、数据计算及应用；数据科学与大数据技术；研究生：统计学、应用统计;市（地）级及以下直属机构综合管理类","用人司局：国家统计局安徽调查总队
职位简介：从事统计调查、数据处理、统计分析研究等工作
专业要求：本科：统计学、应用统计学；经济学、经济统计学；数学与应用数学、信息与计算科学、数据计算及应用；数据科学与大数据技术；研究生：统计学、应用统计
学历要求：本科或硕士研究生
学位要求：与最高学历相对应的学位
政治面貌：不限
基层工作经历：无限制
考试类别：市（地）级及以下直属机构综合管理类
备注：1.所列专业均要求最高学历主修专业，考生报考专业须与招录专业名称一致；2.仅限应届高校毕业生；3.本单位最低服务年限为5年（含试用期）。","https://www.xuanhan.gov.cn/xxgk-show-77635.html#135112-400110112008","2023-10-15","{""dataset_year"":2024,""job_uid"":""GOV-2024-135112-400110112008"",""publisher"":""国家公务员局"",""publication_page"":""https://www.xuanhan.gov.cn/xxgk-show-77635.html"",""attachment_url"":""https://www.xuanhan.gov.cn/uploadfile/1/Attachment/638fdecf51.zip"",""local_source_file"":""中央机关及其直属机构2024年度考试录用公务员招考简章.xls"",""local_source_sha256"":""a1741b99dbecd6d03e533f99f2d69b0fa5a79733e551b80af69986ceed2ad996"",""source_sheet"":""中央国家行政机关参照公务员法管理事业单位"",""filter_version"":""government_tech_v2"",""tech_filter"":{""is_tech"":true,""is_core_tech"":true,""scope"":""core"",""categories"":[""computer_software"",""data_ai""],""matched_fields"":[""major"",""description""],""major_terms"":[""大数据"",""数据科学与大数据技术""],""role_terms"":[""数据处理""],""reason"":""tech_major_and_role""},""original"":{""部门代码"":""135112"",""部门名称"":""国家统计局安徽调查总队"",""用人司局"":""国家统计局安徽调查总队"",""机构性质"":""中央国家行政机关参照公务员法管理事业单位"",""招考职位"":""安庆调查队业务科室四级主任科员及以下"",""职位属性"":""普通职位"",""职位分布"":""其他职位"",""职位简介"":""从事统计调查、数据处理、统计分析研究等工作"",""职位代码"":""400110112008"",""机构层级"":""市（地）级"",""考试类别"":""市（地）级及以下直属机构综合管理类"",""招考人数"":""1"",""专业"":""本科：统计学、应用统计学；经济学、经济统计学；数学与应用数学、信息与计算科学、数据计算及应用；数据科学与大数据技术；研究生：统计学、应用统计"",""学历"":""本科或硕士研究生"",""学位"":""与最高学历相对应的学位"",""政治面貌"":""不限"",""基层工作最低年限"":""无限制"",""服务基层项目工作经历"":""无限制"",""是否在面试阶段组织专业能力测试"":""否"",""面试人员比例"":""3:1"",""工作地点"":""安徽省安庆市"",""落户地点"":""安徽省安庆市"",""备注"":""1.所列专业均要求最高学历主修专业，考生报考专业须与招录专业名称一致；2.仅限应届高校毕业生；3.本单位最低服务年限为5年（含试用期）。"",""部门网站"":""http://ahzd.stats.gov.cn/"",""咨询电话1"":""0551-68151025"",""咨询电话2"":""0551-68151029"",""咨询电话3"":""0551-68151027"",""来源Sheet"":""中央国家行政机关参照公务员法管理事业单位""}}"
"government_jobs","国家公务员2024招考简章","公务员/事业单位技术岗位","安徽省黄山市","2026-07-28T09:12:58.310295+00:00","黄山调查队业务科室四级主任科员及以下","国家统计局安徽调查总队","","安徽省黄山市","公务员/事业单位;2024;computer_software;data_ai;本科或硕士研究生;与最高学历相对应的学位;本科：统计学、应用统计学；经济学、经济统计学；数学与应用数学、信息与计算科学、数据计算及应用；数据科学与大数据技术；研究生：统计学、应用统计;市（地）级及以下直属机构综合管理类","用人司局：国家统计局安徽调查总队
职位简介：从事统计调查、数据处理、统计分析研究等工作
专业要求：本科：统计学、应用统计学；经济学、经济统计学；数学与应用数学、信息与计算科学、数据计算及应用；数据科学与大数据技术；研究生：统计学、应用统计
学历要求：本科或硕士研究生
学位要求：与最高学历相对应的学位
政治面貌：不限
基层工作经历：无限制
考试类别：市（地）级及以下直属机构综合管理类
备注：1.所列专业均要求最高学历主修专业，考生报考专业须与招录专业名称一致；2.仅限应届高校毕业生；3.本单位最低服务年限为5年（含试用期）。","https://www.xuanhan.gov.cn/xxgk-show-77635.html#135112-400110112009","2023-10-15","{""dataset_year"":2024,""job_uid"":""GOV-2024-135112-400110112009"",""publisher"":""国家公务员局"",""publication_page"":""https://www.xuanhan.gov.cn/xxgk-show-77635.html"",""attachment_url"":""https://www.xuanhan.gov.cn/uploadfile/1/Attachment/638fdecf51.zip"",""local_source_file"":""中央机关及其直属机构2024年度考试录用公务员招考简章.xls"",""local_source_sha256"":""a1741b99dbecd6d03e533f99f2d69b0fa5a79733e551b80af69986ceed2ad996"",""source_sheet"":""中央国家行政机关参照公务员法管理事业单位"",""filter_version"":""government_tech_v2"",""tech_filter"":{""is_tech"":true,""is_core_tech"":true,""scope"":""core"",""categories"":[""computer_software"",""data_ai""],""matched_fields"":[""major"",""description""],""major_terms"":[""大数据"",""数据科学与大数据技术""],""role_terms"":[""数据处理""],""reason"":""tech_major_and_role""},""original"":{""部门代码"":""135112"",""部门名称"":""国家统计局安徽调查总队"",""用人司局"":""国家统计局安徽调查总队"",""机构性质"":""中央国家行政机关参照公务员法管理事业单位"",""招考职位"":""黄山调查队业务科室四级主任科员及以下"",""职位属性"":""普通职位"",""职位分布"":""其他职位"",""职位简介"":""从事统计调查、数据处理、统计分析研究等工作"",""职位代码"":""400110112009"",""机构层级"":""市（地）级"",""考试类别"":""市（地）级及以下直属机构综合管理类"",""招考人数"":""1"",""专业"":""本科：统计学、应用统计学；经济学、经济统计学；数学与应用数学、信息与计算科学、数据计算及应用；数据科学与大数据技术；研究生：统计学、应用统计"",""学历"":""本科或硕士研究生"",""学位"":""与最高学历相对应的学位"",""政治面貌"":""不限"",""基层工作最低年限"":""无限制"",""服务基层项目工作经历"":""无限制"",""是否在面试阶段组织专业能力测试"":""否"",""面试人员比例"":""3:1"",""工作地点"":""安徽省黄山市"",""落户地点"":""安徽省黄山市"",""备注"":""1.所列专业均要求最高学历主修专业，考生报考专业须与招录专业名称一致；2.仅限应届高校毕业生；3.本单位最低服务年限为5年（含试用期）。"",""部门网站"":""http://ahzd.stats.gov.cn/"",""咨询电话1"":""0551-68151025"",""咨询电话2"":""0551-68151029"",""咨询电话3"":""0551-68151027"",""来源Sheet"":""中央国家行政机关参照公务员法管理事业单位""}}"
"government_jobs","国家公务员2024招考简章","公务员/事业单位技术岗位","安徽省合肥市巢湖市","2026-07-28T09:12:58.310295+00:00","巢湖调查队一级科员","国家统计局安徽调查总队","","安徽省合肥市巢湖市","公务员/事业单位;2024;computer_software;data_ai;仅限本科;学士;统计学、应用统计学；经济学、经济统计学；数学与应用数学、信息与计算科学、数据计算及应用；数据科学与大数据技术；新闻学；社会学、社会工作;市（地）级及以下直属机构综合管理类","用人司局：国家统计局安徽调查总队
职位简介：从事统计调查、数据处理、统计分析研究等工作
专业要求：统计学、应用统计学；经济学、经济统计学；数学与应用数学、信息与计算科学、数据计算及应用；数据科学与大数据技术；新闻学；社会学、社会工作
学历要求：仅限本科
学位要求：学士
政治面貌：不限
基层工作经历：无限制
考试类别：市（地）级及以下直属机构综合管理类
备注：1.所列专业均要求主修专业，考生报考专业须与招录专业名称一致；2.仅限应届高校毕业生；3.本岗位需经常下乡入户，条件较为艰苦；4.本单位最低服务年限为5年（含试用期）。","https://www.xuanhan.gov.cn/xxgk-show-77635.html#135112-400110112010","2023-10-15","{""dataset_year"":2024,""job_uid"":""GOV-2024-135112-400110112010"",""publisher"":""国家公务员局"",""publication_page"":""https://www.xuanhan.gov.cn/xxgk-show-77635.html"",""attachment_url"":""https://www.xuanhan.gov.cn/uploadfile/1/Attachment/638fdecf51.zip"",""local_source_file"":""中央机关及其直属机构2024年度考试录用公务员招考简章.xls"",""local_source_sha256"":""a1741b99dbecd6d03e533f99f2d69b0fa5a79733e551b80af69986ceed2ad996"",""source_sheet"":""中央国家行政机关参照公务员法管理事业单位"",""filter_version"":""government_tech_v2"",""tech_filter"":{""is_tech"":true,""is_core_tech"":true,""scope"":""core"",""categories"":[""computer_software"",""data_ai""],""matched_fields"":[""major"",""description""],""major_terms"":[""大数据"",""数据科学与大数据技术""],""role_terms"":[""数据处理""],""reason"":""tech_major_and_role""},""original"":{""部门代码"":""135112"",""部门名称"":""国家统计局安徽调查总队"",""用人司局"":""国家统计局安徽调查总队"",""机构性质"":""中央国家行政机关参照公务员法管理事业单位"",""招考职位"":""巢湖调查队一级科员"",""职位属性"":""普通职位"",""职位分布"":""其他职位"",""职位简介"":""从事统计调查、数据处理、统计分析研究等工作"",""职位代码"":""400110112010"",""机构层级"":""县（区）级及以下"",""考试类别"":""市（地）级及以下直属机构综合管理类"",""招考人数"":""1"",""专业"":""统计学、应用统计学；经济学、经济统计学；数学与应用数学、信息与计算科学、数据计算及应用；数据科学与大数据技术；新闻学；社会学、社会工作"",""学历"":""仅限本科"",""学位"":""学士"",""政治面貌"":""不限"",""基层工作最低年限"":""无限制"",""服务基层项目工作经历"":""无限制"",""是否在面试阶段组织专业能力测试"":""否"",""面试人员比例"":""3:1"",""工作地点"":""安徽省合肥市巢湖市"",""落户地点"":""安徽省合肥市巢湖市"",""备注"":""1.所列专业均要求主修专业，考生报考专业须与招录专业名称一致；2.仅限应届高校毕业生；3.本岗位需经常下乡入户，条件较为艰苦；4.本单位最低服务年限为5年（含试用期）。"",""部门网站"":""http://ahzd.stats.gov.cn/"",""咨询电话1"":""0551-68151025"",""咨询电话2"":""0551-68151029"",""咨询电话3"":""0551-68151027"",""来源Sheet"":""中央国家行政机关参照公务员法管理事业单位""}}"
"government_jobs","国家公务员2024招考简章","公务员/事业单位技术岗位","安徽省淮北市濉溪县","2026-07-28T09:12:58.310295+00:00","濉溪调查队一级科员（1）","国家统计局安徽调查总队","","安徽省淮北市濉溪县","公务员/事业单位;2024;computer_software;data_ai;仅限本科;学士;统计学、应用统计学；经济学、经济统计学；数学与应用数学、信息与计算科学、数据计算及应用；数据科学与大数据技术;市（地）级及以下直属机构综合管理类","用人司局：国家统计局安徽调查总队
职位简介：从事统计调查、数据处理、统计分析研究等工作
专业要求：统计学、应用统计学；经济学、经济统计学；数学与应用数学、信息与计算科学、数据计算及应用；数据科学与大数据技术
学历要求：仅限本科
学位要求：学士
政治面貌：不限
基层工作经历：无限制
考试类别：市（地）级及以下直属机构综合管理类
备注：1.所列专业均要求主修专业，考生报考专业须与招录专业名称一致；2.仅限应届高校毕业生；3.仅限男性；4.本岗位需经常下乡入户，条件较为艰苦；5.本单位最低服务年限为5年（含试用期）。","https://www.xuanhan.gov.cn/xxgk-show-77635.html#135112-400110112011","2023-10-15","{""dataset_year"":2024,""job_uid"":""GOV-2024-135112-400110112011"",""publisher"":""国家公务员局"",""publication_page"":""https://www.xuanhan.gov.cn/xxgk-show-77635.html"",""attachment_url"":""https://www.xuanhan.gov.cn/uploadfile/1/Attachment/638fdecf51.zip"",""local_source_file"":""中央机关及其直属机构2024年度考试录用公务员招考简章.xls"",""local_source_sha256"":""a1741b99dbecd6d03e533f99f2d69b0fa5a79733e551b80af69986ceed2ad996"",""source_sheet"":""中央国家行政机关参照公务员法管理事业单位"",""filter_version"":""government_tech_v2"",""tech_filter"":{""is_tech"":true,""is_core_tech"":true,""scope"":""core"",""categories"":[""computer_software"",""data_ai""],""matched_fields"":[""major"",""description""],""major_terms"":[""大数据"",""数据科学与大数据技术""],""role_terms"":[""数据处理""],""reason"":""tech_major_and_role""},""original"":{""部门代码"":""135112"",""部门名称"":""国家统计局安徽调查总队"",""用人司局"":""国家统计局安徽调查总队"",""机构性质"":""中央国家行政机关参照公务员法管理事业单位"",""招考职位"":""濉溪调查队一级科员（1）"",""职位属性"":""普通职位"",""职位分布"":""其他职位"",""职位简介"":""从事统计调查、数据处理、统计分析研究等工作"",""职位代码"":""400110112011"",""机构层级"":""县（区）级及以下"",""考试类别"":""市（地）级及以下直属机构综合管理类"",""招考人数"":""1"",""专业"":""统计学、应用统计学；经济学、经济统计学；数学与应用数学、信息与计算科学、数据计算及应用；数据科学与大数据技术"",""学历"":""仅限本科"",""学位"":""学士"",""政治面貌"":""不限"",""基层工作最低年限"":""无限制"",""服务基层项目工作经历"":""无限制"",""是否在面试阶段组织专业能力测试"":""否"",""面试人员比例"":""3:1"",""工作地点"":""安徽省淮北市濉溪县"",""落户地点"":""安徽省淮北市濉溪县"",""备注"":""1.所列专业均要求主修专业，考生报考专业须与招录专业名称一致；2.仅限应届高校毕业生；3.仅限男性；4.本岗位需经常下乡入户，条件较为艰苦；5.本单位最低服务年限为5年（含试用期）。"",""部门网站"":""http://ahzd.stats.gov.cn/"",""咨询电话1"":""0551-68151025"",""咨询电话2"":""0551-68151029"",""咨询电话3"":""0551-68151027"",""来源Sheet"":""中央国家行政机关参照公务员法管理事业单位""}}"
"government_jobs","国家公务员2024招考简章","公务员/事业单位技术岗位","安徽省淮北市濉溪县","2026-07-28T09:12:58.310295+00:00","濉溪调查队一级科员（2）","国家统计局安徽调查总队","","安徽省淮北市濉溪县","公务员/事业单位;2024;computer_software;data_ai;仅限本科;学士;统计学、应用统计学；经济学、经济统计学；数学与应用数学、信息与计算科学、数据计算及应用；数据科学与大数据技术;市（地）级及以下直属机构综合管理类","用人司局：国家统计局安徽调查总队
职位简介：从事统计调查、数据处理、统计分析研究等工作
专业要求：统计学、应用统计学；经济学、经济统计学；数学与应用数学、信息与计算科学、数据计算及应用；数据科学与大数据技术
学历要求：仅限本科
学位要求：学士
政治面貌：不限
基层工作经历：无限制
考试类别：市（地）级及以下直属机构综合管理类
备注：1.所列专业均要求主修专业，考生报考专业须与招录专业名称一致；2.仅限应届高校毕业生；3.仅限女性；4.本岗位需经常下乡入户，条件较为艰苦；5.本单位最低服务年限为5年（含试用期）。","https://www.xuanhan.gov.cn/xxgk-show-77635.html#135112-400110112012","2023-10-15","{""dataset_year"":2024,""job_uid"":""GOV-2024-135112-400110112012"",""publisher"":""国家公务员局"",""publication_page"":""https://www.xuanhan.gov.cn/xxgk-show-77635.html"",""attachment_url"":""https://www.xuanhan.gov.cn/uploadfile/1/Attachment/638fdecf51.zip"",""local_source_file"":""中央机关及其直属机构2024年度考试录用公务员招考简章.xls"",""local_source_sha256"":""a1741b99dbecd6d03e533f99f2d69b0fa5a79733e551b80af69986ceed2ad996"",""source_sheet"":""中央国家行政机关参照公务员法管理事业单位"",""filter_version"":""government_tech_v2"",""tech_filter"":{""is_tech"":true,""is_core_tech"":true,""scope"":""core"",""categories"":[""computer_software"",""data_ai""],""matched_fields"":[""major"",""description""],""major_terms"":[""大数据"",""数据科学与大数据技术""],""role_terms"":[""数据处理""],""reason"":""tech_major_and_role""},""original"":{""部门代码"":""135112"",""部门名称"":""国家统计局安徽调查总队"",""用人司局"":""国家统计局安徽调查总队"",""机构性质"":""中央国家行政机关参照公务员法管理事业单位"",""招考职位"":""濉溪调查队一级科员（2）"",""职位属性"":""普通职位"",""职位分布"":""其他职位"",""职位简介"":""从事统计调查、数据处理、统计分析研究等工作"",""职位代码"":""400110112012"",""机构层级"":""县（区）级及以下"",""考试类别"":""市（地）级及以下直属机构综合管理类"",""招考人数"":""1"",""专业"":""统计学、应用统计学；经济学、经济统计学；数学与应用数学、信息与计算科学、数据计算及应用；数据科学与大数据技术"",""学历"":""仅限本科"",""学位"":""学士"",""政治面貌"":""不限"",""基层工作最低年限"":""无限制"",""服务基层项目工作经历"":""无限制"",""是否在面试阶段组织专业能力测试"":""否"",""面试人员比例"":""3:1"",""工作地点"":""安徽省淮北市濉溪县"",""落户地点"":""安徽省淮北市濉溪县"",""备注"":""1.所列专业均要求主修专业，考生报考专业须与招录专业名称一致；2.仅限应届高校毕业生；3.仅限女性；4.本岗位需经常下乡入户，条件较为艰苦；5.本单位最低服务年限为5年（含试用期）。"",""部门网站"":""http://ahzd.stats.gov.cn/"",""咨询电话1"":""0551-68151025"",""咨询电话2"":""0551-68151029"",""咨询电话3"":""0551-68151027"",""来源Sheet"":""中央国家行政机关参照公务员法管理事业单位""}}"
"government_jobs","国家公务员2024招考简章","公务员/事业单位技术岗位","安徽省亳州市蒙城县","2026-07-28T09:12:58.310295+00:00","蒙城调查队一级科员（2）","国家统计局安徽调查总队","","安徽省亳州市蒙城县","公务员/事业单位;2024;computer_software;cybersecurity_cryptography;data_ai;electronics_communication;仅限本科;学士;网络工程、信息安全、通信工程;市（地）级及以下直属机构综合管理类","用人司局：国家统计局安徽调查总队
职位简介：从事统计调查、数据处理、统计分析研究等工作
专业要求：网络工程、信息安全、通信工程
学历要求：仅限本科
学位要求：学士
政治面貌：不限
基层工作经历：二年
考试类别：市（地）级及以下直属机构综合管理类
备注：1.所列专业均要求主修专业，考生报考专业须与招录专业名称一致；2.本岗位需经常下乡入户，条件较为艰苦；3.本单位最低服务年限为5年（含试用期）。","https://www.xuanhan.gov.cn/xxgk-show-77635.html#135112-400110112014","2023-10-15","{""dataset_year"":2024,""job_uid"":""GOV-2024-135112-400110112014"",""publisher"":""国家公务员局"",""publication_page"":""https://www.xuanhan.gov.cn/xxgk-show-77635.html"",""attachment_url"":""https://www.xuanhan.gov.cn/uploadfile/1/Attachment/638fdecf51.zip"",""local_source_file"":""中央机关及其直属机构2024年度考试录用公务员招考简章.xls"",""local_source_sha256"":""a1741b99dbecd6d03e533f99f2d69b0fa5a79733e551b80af69986ceed2ad996"",""source_sheet"":""中央国家行政机关参照公务员法管理事业单位"",""filter_version"":""government_tech_v2"",""tech_filter"":{""is_tech"":true,""is_core_tech"":true,""scope"":""core"",""categories"":[""computer_software"",""cybersecurity_cryptography"",""data_ai"",""electronics_communication""],""matched_fields"":[""major"",""description""],""major_terms"":[""信息安全"",""网络工程"",""通信工程""],""role_terms"":[""数据处理""],""reason"":""tech_major_and_role""},""original"":{""部门代码"":""135112"",""部门名称"":""国家统计局安徽调查总队"",""用人司局"":""国家统计局安徽调查总队"",""机构性质"":""中央国家行政机关参照公务员法管理事业单位"",""招考职位"":""蒙城调查队一级科员（2）"",""职位属性"":""普通职位"",""职位分布"":""其他职位"",""职位简介"":""从事统计调查、数据处理、统计分析研究等工作"",""职位代码"":""400110112014"",""机构层级"":""县（区）级及以下"",""考试类别"":""市（地）级及以下直属机构综合管理类"",""招考人数"":""1"",""专业"":""网络工程、信息安全、通信工程"",""学历"":""仅限本科"",""学位"":""学士"",""政治面貌"":""不限"",""基层工作最低年限"":""二年"",""服务基层项目工作经历"":""无限制"",""是否在面试阶段组织专业能力测试"":""否"",""面试人员比例"":""3:1"",""工作地点"":""安徽省亳州市蒙城县"",""落户地点"":""安徽省亳州市蒙城县"",""备注"":""1.所列专业均要求主修专业，考生报考专业须与招录专业名称一致；2.本岗位需经常下乡入户，条件较为艰苦；3.本单位最低服务年限为5年（含试用期）。"",""部门网站"":""http://ahzd.stats.gov.cn/"",""咨询电话1"":""0551-68151025"",""咨询电话2"":""0551-68151029"",""咨询电话3"":""0551-68151027"",""来源Sheet"":""中央国家行政机关参照公务员法管理事业单位""}}"
"government_jobs","国家公务员2024招考简章","公务员/事业单位技术岗位","安徽省亳州市利辛县","2026-07-28T09:12:58.310295+00:00","利辛调查队一级科员","国家统计局安徽调查总队","","安徽省亳州市利辛县","公务员/事业单位;2024;computer_software;data_ai;仅限本科;学士;统计学、应用统计学；经济学、经济统计学；数学与应用数学、信息与计算科学、数据计算及应用；数据科学与大数据技术；新闻学；社会学、社会工作;市（地）级及以下直属机构综合管理类","用人司局：国家统计局安徽调查总队
职位简介：从事统计调查、数据处理、统计分析研究等工作
专业要求：统计学、应用统计学；经济学、经济统计学；数学与应用数学、信息与计算科学、数据计算及应用；数据科学与大数据技术；新闻学；社会学、社会工作
学历要求：仅限本科
学位要求：学士
政治面貌：不限
基层工作经历：无限制
考试类别：市（地）级及以下直属机构综合管理类
备注：1.所列专业均要求主修专业，考生报考专业须与招录专业名称一致；2.仅限应届高校毕业生；3.本岗位需经常下乡入户，条件较为艰苦；4.本单位最低服务年限为5年（含试用期）。","https://www.xuanhan.gov.cn/xxgk-show-77635.html#135112-400110112015","2023-10-15","{""dataset_year"":2024,""job_uid"":""GOV-2024-135112-400110112015"",""publisher"":""国家公务员局"",""publication_page"":""https://www.xuanhan.gov.cn/xxgk-show-77635.html"",""attachment_url"":""https://www.xuanhan.gov.cn/uploadfile/1/Attachment/638fdecf51.zip"",""local_source_file"":""中央机关及其直属机构2024年度考试录用公务员招考简章.xls"",""local_source_sha256"":""a1741b99dbecd6d03e533f99f2d69b0fa5a79733e551b80af69986ceed2ad996"",""source_sheet"":""中央国家行政机关参照公务员法管理事业单位"",""filter_version"":""government_tech_v2"",""tech_filter"":{""is_tech"":true,""is_core_tech"":true,""scope"":""core"",""categories"":[""computer_software"",""data_ai""],""matched_fields"":[""major"",""description""],""major_terms"":[""大数据"",""数据科学与大数据技术""],""role_terms"":[""数据处理""],""reason"":""tech_major_and_role""},""original"":{""部门代码"":""135112"",""部门名称"":""国家统计局安徽调查总队"",""用人司局"":""国家统计局安徽调查总队"",""机构性质"":""中央国家行政机关参照公务员法管理事业单位"",""招考职位"":""利辛调查队一级科员"",""职位属性"":""普通职位"",""职位分布"":""其他职位"",""职位简介"":""从事统计调查、数据处理、统计分析研究等工作"",""职位代码"":""400110112015"",""机构层级"":""县（区）级及以下"",""考试类别"":""市（地）级及以下直属机构综合管理类"",""招考人数"":""1"",""专业"":""统计学、应用统计学；经济学、经济统计学；数学与应用数学、信息与计算科学、数据计算及应用；数据科学与大数据技术；新闻学；社会学、社会工作"",""学历"":""仅限本科"",""学位"":""学士"",""政治面貌"":""不限"",""基层工作最低年限"":""无限制"",""服务基层项目工作经历"":""无限制"",""是否在面试阶段组织专业能力测试"":""否"",""面试人员比例"":""3:1"",""工作地点"":""安徽省亳州市利辛县"",""落户地点"":""安徽省亳州市利辛县"",""备注"":""1.所列专业均要求主修专业，考生报考专业须与招录专业名称一致；2.仅限应届高校毕业生；3.本岗位需经常下乡入户，条件较为艰苦；4.本单位最低服务年限为5年（含试用期）。"",""部门网站"":""http://ahzd.stats.gov.cn/"",""咨询电话1"":""0551-68151025"",""咨询电话2"":""0551-68151029"",""咨询电话3"":""0551-68151027"",""来源Sheet"":""中央国家行政机关参照公务员法管理事业单位""}}"
"government_jobs","国家公务员2024招考简章","公务员/事业单位技术岗位","安徽省蚌埠市怀远县","2026-07-28T09:12:58.310295+00:00","怀远调查队一级科员","国家统计局安徽调查总队","","安徽省蚌埠市怀远县","公务员/事业单位;2024;computer_software;data_ai;仅限本科;学士;统计学、应用统计学；经济学、经济统计学；数学与应用数学、信息与计算科学、数据计算及应用；数据科学与大数据技术;市（地）级及以下直属机构综合管理类","用人司局：国家统计局安徽调查总队
职位简介：从事统计调查、数据处理、统计分析研究等工作
专业要求：统计学、应用统计学；经济学、经济统计学；数学与应用数学、信息与计算科学、数据计算及应用；数据科学与大数据技术
学历要求：仅限本科
学位要求：学士
政治面貌：不限
基层工作经历：无限制
考试类别：市（地）级及以下直属机构综合管理类
备注：1.所列专业均要求主修专业，考生报考专业须与招录专业名称一致；2.仅限应届高校毕业生；3.本岗位需经常下乡入户，条件较为艰苦；4.本单位最低服务年限为5年（含试用期）。","https://www.xuanhan.gov.cn/xxgk-show-77635.html#135112-400110112017","2023-10-15","{""dataset_year"":2024,""job_uid"":""GOV-2024-135112-400110112017"",""publisher"":""国家公务员局"",""publication_page"":""https://www.xuanhan.gov.cn/xxgk-show-77635.html"",""attachment_url"":""https://www.xuanhan.gov.cn/uploadfile/1/Attachment/638fdecf51.zip"",""local_source_file"":""中央机关及其直属机构2024年度考试录用公务员招考简章.xls"",""local_source_sha256"":""a1741b99dbecd6d03e533f99f2d69b0fa5a79733e551b80af69986ceed2ad996"",""source_sheet"":""中央国家行政机关参照公务员法管理事业单位"",""filter_version"":""government_tech_v2"",""tech_filter"":{""is_tech"":true,""is_core_tech"":true,""scope"":""core"",""categories"":[""computer_software"",""data_ai""],""matched_fields"":[""major"",""description""],""major_terms"":[""大数据"",""数据科学与大数据技术""],""role_terms"":[""数据处理""],""reason"":""tech_major_and_role""},""original"":{""部门代码"":""135112"",""部门名称"":""国家统计局安徽调查总队"",""用人司局"":""国家统计局安徽调查总队"",""机构性质"":""中央国家行政机关参照公务员法管理事业单位"",""招考职位"":""怀远调查队一级科员"",""职位属性"":""普通职位"",""职位分布"":""其他职位"",""职位简介"":""从事统计调查、数据处理、统计分析研究等工作"",""职位代码"":""400110112017"",""机构层级"":""县（区）级及以下"",""考试类别"":""市（地）级及以下直属机构综合管理类"",""招考人数"":""1"",""专业"":""统计学、应用统计学；经济学、经济统计学；数学与应用数学、信息与计算科学、数据计算及应用；数据科学与大数据技术"",""学历"":""仅限本科"",""学位"":""学士"",""政治面貌"":""不限"",""基层工作最低年限"":""无限制"",""服务基层项目工作经历"":""无限制"",""是否在面试阶段组织专业能力测试"":""否"",""面试人员比例"":""3:1"",""工作地点"":""安徽省蚌埠市怀远县"",""落户地点"":""安徽省蚌埠市怀远县"",""备注"":""1.所列专业均要求主修专业，考生报考专业须与招录专业名称一致；2.仅限应届高校毕业生；3.本岗位需经常下乡入户，条件较为艰苦；4.本单位最低服务年限为5年（含试用期）。"",""部门网站"":""http://ahzd.stats.gov.cn/"",""咨询电话1"":""0551-68151025"",""咨询电话2"":""0551-68151029"",""咨询电话3"":""0551-68151027"",""来源Sheet"":""中央国家行政机关参照公务员法管理事业单位""}}"
"government_jobs","国家公务员2024招考简章","公务员/事业单位技术岗位","安徽省阜阳市颍上县","2026-07-28T09:12:58.310295+00:00","颍上调查队一级科员（1）","国家统计局安徽调查总队","","安徽省阜阳市颍上县","公务员/事业单位;2024;computer_software;data_ai;仅限本科;学士;统计学、应用统计学；经济学、经济统计学；数学与应用数学、信息与计算科学、数据计算及应用；数据科学与大数据技术;市（地）级及以下直属机构综合管理类","用人司局：国家统计局安徽调查总队
职位简介：从事统计调查、数据处理、统计分析研究等工作
专业要求：统计学、应用统计学；经济学、经济统计学；数学与应用数学、信息与计算科学、数据计算及应用；数据科学与大数据技术
学历要求：仅限本科
学位要求：学士
政治面貌：不限
基层工作经历：无限制
考试类别：市（地）级及以下直属机构综合管理类
备注：1.所列专业均要求主修专业，考生报考专业须与招录专业名称一致；2.仅限应届高校毕业生；3.仅限男性；4.本岗位需经常下乡入户，条件较为艰苦；5.本单位最低服务年限为5年（含试用期）。","https://www.xuanhan.gov.cn/xxgk-show-77635.html#135112-400110112018","2023-10-15","{""dataset_year"":2024,""job_uid"":""GOV-2024-135112-400110112018"",""publisher"":""国家公务员局"",""publication_page"":""https://www.xuanhan.gov.cn/xxgk-show-77635.html"",""attachment_url"":""https://www.xuanhan.gov.cn/uploadfile/1/Attachment/638fdecf51.zip"",""local_source_file"":""中央机关及其直属机构2024年度考试录用公务员招考简章.xls"",""local_source_sha256"":""a1741b99dbecd6d03e533f99f2d69b0fa5a79733e551b80af69986ceed2ad996"",""source_sheet"":""中央国家行政机关参照公务员法管理事业单位"",""filter_version"":""government_tech_v2"",""tech_filter"":{""is_tech"":true,""is_core_tech"":true,""scope"":""core"",""categories"":[""computer_software"",""data_ai""],""matched_fields"":[""major"",""description""],""major_terms"":[""大数据"",""数据科学与大数据技术""],""role_terms"":[""数据处理""],""reason"":""tech_major_and_role""},""original"":{""部门代码"":""135112"",""部门名称"":""国家统计局安徽调查总队"",""用人司局"":""国家统计局安徽调查总队"",""机构性质"":""中央国家行政机关参照公务员法管理事业单位"",""招考职位"":""颍上调查队一级科员（1）"",""职位属性"":""普通职位"",""职位分布"":""其他职位"",""职位简介"":""从事统计调查、数据处理、统计分析研究等工作"",""职位代码"":""400110112018"",""机构层级"":""县（区）级及以下"",""考试类别"":""市（地）级及以下直属机构综合管理类"",""招考人数"":""1"",""专业"":""统计学、应用统计学；经济学、经济统计学；数学与应用数学、信息与计算科学、数据计算及应用；数据科学与大数据技术"",""学历"":""仅限本科"",""学位"":""学士"",""政治面貌"":""不限"",""基层工作最低年限"":""无限制"",""服务基层项目工作经历"":""无限制"",""是否在面试阶段组织专业能力测试"":""否"",""面试人员比例"":""3:1"",""工作地点"":""安徽省阜阳市颍上县"",""落户地点"":""安徽省阜阳市颍上县"",""备注"":""1.所列专业均要求主修专业，考生报考专业须与招录专业名称一致；2.仅限应届高校毕业生；3.仅限男性；4.本岗位需经常下乡入户，条件较为艰苦；5.本单位最低服务年限为5年（含试用期）。"",""部门网站"":""http://ahzd.stats.gov.cn/"",""咨询电话1"":""0551-68151025"",""咨询电话2"":""0551-68151029"",""咨询电话3"":""0551-68151027"",""来源Sheet"":""中央国家行政机关参照公务员法管理事业单位""}}"
"government_jobs","国家公务员2024招考简章","公务员/事业单位技术岗位","安徽省阜阳市颍上县","2026-07-28T09:12:58.310295+00:00","颍上调查队一级科员（2）","国家统计局安徽调查总队","","安徽省阜阳市颍上县","公务员/事业单位;2024;computer_software;data_ai;仅限本科;学士;统计学、应用统计学；经济学、经济统计学；数学与应用数学、信息与计算科学、数据计算及应用；数据科学与大数据技术;市（地）级及以下直属机构综合管理类","用人司局：国家统计局安徽调查总队
职位简介：从事统计调查、数据处理、统计分析研究等工作
专业要求：统计学、应用统计学；经济学、经济统计学；数学与应用数学、信息与计算科学、数据计算及应用；数据科学与大数据技术
学历要求：仅限本科
学位要求：学士
政治面貌：不限
基层工作经历：无限制
考试类别：市（地）级及以下直属机构综合管理类
备注：1.所列专业均要求主修专业，考生报考专业须与招录专业名称一致；2.仅限应届高校毕业生；3.仅限女性；4.本岗位需经常下乡入户，条件较为艰苦；5.本单位最低服务年限为5年（含试用期）。","https://www.xuanhan.gov.cn/xxgk-show-77635.html#135112-400110112019","2023-10-15","{""dataset_year"":2024,""job_uid"":""GOV-2024-135112-400110112019"",""publisher"":""国家公务员局"",""publication_page"":""https://www.xuanhan.gov.cn/xxgk-show-77635.html"",""attachment_url"":""https://www.xuanhan.gov.cn/uploadfile/1/Attachment/638fdecf51.zip"",""local_source_file"":""中央机关及其直属机构2024年度考试录用公务员招考简章.xls"",""local_source_sha256"":""a1741b99dbecd6d03e533f99f2d69b0fa5a79733e551b80af69986ceed2ad996"",""source_sheet"":""中央国家行政机关参照公务员法管理事业单位"",""filter_version"":""government_tech_v2"",""tech_filter"":{""is_tech"":true,""is_core_tech"":true,""scope"":""core"",""categories"":[""computer_software"",""data_ai""],""matched_fields"":[""major"",""description""],""major_terms"":[""大数据"",""数据科学与大数据技术""],""role_terms"":[""数据处理""],""reason"":""tech_major_and_role""},""original"":{""部门代码"":""135112"",""部门名称"":""国家统计局安徽调查总队"",""用人司局"":""国家统计局安徽调查总队"",""机构性质"":""中央国家行政机关参照公务员法管理事业单位"",""招考职位"":""颍上调查队一级科员（2）"",""职位属性"":""普通职位"",""职位分布"":""其他职位"",""职位简介"":""从事统计调查、数据处理、统计分析研究等工作"",""职位代码"":""400110112019"",""机构层级"":""县（区）级及以下"",""考试类别"":""市（地）级及以下直属机构综合管理类"",""招考人数"":""1"",""专业"":""统计学、应用统计学；经济学、经济统计学；数学与应用数学、信息与计算科学、数据计算及应用；数据科学与大数据技术"",""学历"":""仅限本科"",""学位"":""学士"",""政治面貌"":""不限"",""基层工作最低年限"":""无限制"",""服务基层项目工作经历"":""无限制"",""是否在面试阶段组织专业能力测试"":""否"",""面试人员比例"":""3:1"",""工作地点"":""安徽省阜阳市颍上县"",""落户地点"":""安徽省阜阳市颍上县"",""备注"":""1.所列专业均要求主修专业，考生报考专业须与招录专业名称一致；2.仅限应届高校毕业生；3.仅限女性；4.本岗位需经常下乡入户，条件较为艰苦；5.本单位最低服务年限为5年（含试用期）。"",""部门网站"":""http://ahzd.stats.gov.cn/"",""咨询电话1"":""0551-68151025"",""咨询电话2"":""0551-68151029"",""咨询电话3"":""0551-68151027"",""来源Sheet"":""中央国家行政机关参照公务员法管理事业单位""}}"
"government_jobs","国家公务员2024招考简章","公务员/事业单位技术岗位","安徽省阜阳市临泉县","2026-07-28T09:12:58.310295+00:00","临泉调查队一级科员","国家统计局安徽调查总队","","安徽省阜阳市临泉县","公务员/事业单位;2024;computer_software;data_ai;仅限本科;学士;统计学、应用统计学；经济学、经济统计学；数学与应用数学、信息与计算科学、数据计算及应用；数据科学与大数据技术;市（地）级及以下直属机构综合管理类","用人司局：国家统计局安徽调查总队
职位简介：从事统计调查、数据处理、统计分析研究等工作
专业要求：统计学、应用统计学；经济学、经济统计学；数学与应用数学、信息与计算科学、数据计算及应用；数据科学与大数据技术
学历要求：仅限本科
学位要求：学士
政治面貌：不限
基层工作经历：无限制
考试类别：市（地）级及以下直属机构综合管理类
备注：1.所列专业均要求主修专业，考生报考专业须与招录专业名称一致；2.仅限应届高校毕业生；3.本岗位需经常下乡入户，条件较为艰苦；4.本单位最低服务年限为5年（含试用期）。","https://www.xuanhan.gov.cn/xxgk-show-77635.html#135112-400110112020","2023-10-15","{""dataset_year"":2024,""job_uid"":""GOV-2024-135112-400110112020"",""publisher"":""国家公务员局"",""publication_page"":""https://www.xuanhan.gov.cn/xxgk-show-77635.html"",""attachment_url"":""https://www.xuanhan.gov.cn/uploadfile/1/Attachment/638fdecf51.zip"",""local_source_file"":""中央机关及其直属机构2024年度考试录用公务员招考简章.xls"",""local_source_sha256"":""a1741b99dbecd6d03e533f99f2d69b0fa5a79733e551b80af69986ceed2ad996"",""source_sheet"":""中央国家行政机关参照公务员法管理事业单位"",""filter_version"":""government_tech_v2"",""tech_filter"":{""is_tech"":true,""is_core_tech"":true,""scope"":""core"",""categories"":[""computer_software"",""data_ai""],""matched_fields"":[""major"",""description""],""major_terms"":[""大数据"",""数据科学与大数据技术""],""role_terms"":[""数据处理""],""reason"":""tech_major_and_role""},""original"":{""部门代码"":""135112"",""部门名称"":""国家统计局安徽调查总队"",""用人司局"":""国家统计局安徽调查总队"",""机构性质"":""中央国家行政机关参照公务员法管理事业单位"",""招考职位"":""临泉调查队一级科员"",""职位属性"":""普通职位"",""职位分布"":""其他职位"",""职位简介"":""从事统计调查、数据处理、统计分析研究等工作"",""职位代码"":""400110112020"",""机构层级"":""县（区）级及以下"",""考试类别"":""市（地）级及以下直属机构综合管理类"",""招考人数"":""1"",""专业"":""统计学、应用统计学；经济学、经济统计学；数学与应用数学、信息与计算科学、数据计算及应用；数据科学与大数据技术"",""学历"":""仅限本科"",""学位"":""学士"",""政治面貌"":""不限"",""基层工作最低年限"":""无限制"",""服务基层项目工作经历"":""无限制"",""是否在面试阶段组织专业能力测试"":""否"",""面试人员比例"":""3:1"",""工作地点"":""安徽省阜阳市临泉县"",""落户地点"":""安徽省阜阳市临泉县"",""备注"":""1.所列专业均要求主修专业，考生报考专业须与招录专业名称一致；2.仅限应届高校毕业生；3.本岗位需经常下乡入户，条件较为艰苦；4.本单位最低服务年限为5年（含试用期）。"",""部门网站"":""http://ahzd.stats.gov.cn/"",""咨询电话1"":""0551-68151025"",""咨询电话2"":""0551-68151029"",""咨询电话3"":""0551-68151027"",""来源Sheet"":""中央国家行政机关参照公务员法管理事业单位""}}"
"government_jobs","国家公务员2024招考简章","公务员/事业单位技术岗位","安徽省阜阳市阜南县","2026-07-28T09:12:58.310295+00:00","阜南调查队一级科员","国家统计局安徽调查总队","","安徽省阜阳市阜南县","公务员/事业单位;2024;computer_software;data_ai;仅限本科;学士;统计学、应用统计学；经济学、经济统计学；数学与应用数学、信息与计算科学、数据计算及应用；数据科学与大数据技术;市（地）级及以下直属机构综合管理类","用人司局：国家统计局安徽调查总队
职位简介：从事统计调查、数据处理、统计分析研究等工作
专业要求：统计学、应用统计学；经济学、经济统计学；数学与应用数学、信息与计算科学、数据计算及应用；数据科学与大数据技术
学历要求：仅限本科
学位要求：学士
政治面貌：不限
基层工作经历：无限制
考试类别：市（地）级及以下直属机构综合管理类
备注：1.所列专业均要求主修专业，考生报考专业须与招录专业名称一致；2.仅限应届高校毕业生；3.本岗位需经常下乡入户，条件较为艰苦；4.本单位最低服务年限为5年（含试用期）。","https://www.xuanhan.gov.cn/xxgk-show-77635.html#135112-400110112021","2023-10-15","{""dataset_year"":2024,""job_uid"":""GOV-2024-135112-400110112021"",""publisher"":""国家公务员局"",""publication_page"":""https://www.xuanhan.gov.cn/xxgk-show-77635.html"",""attachment_url"":""https://www.xuanhan.gov.cn/uploadfile/1/Attachment/638fdecf51.zip"",""local_source_file"":""中央机关及其直属机构2024年度考试录用公务员招考简章.xls"",""local_source_sha256"":""a1741b99dbecd6d03e533f99f2d69b0fa5a79733e551b80af69986ceed2ad996"",""source_sheet"":""中央国家行政机关参照公务员法管理事业单位"",""filter_version"":""government_tech_v2"",""tech_filter"":{""is_tech"":true,""is_core_tech"":true,""scope"":""core"",""categories"":[""computer_software"",""data_ai""],""matched_fields"":[""major"",""description""],""major_terms"":[""大数据"",""数据科学与大数据技术""],""role_terms"":[""数据处理""],""reason"":""tech_major_and_role""},""original"":{""部门代码"":""135112"",""部门名称"":""国家统计局安徽调查总队"",""用人司局"":""国家统计局安徽调查总队"",""机构性质"":""中央国家行政机关参照公务员法管理事业单位"",""招考职位"":""阜南调查队一级科员"",""职位属性"":""普通职位"",""职位分布"":""其他职位"",""职位简介"":""从事统计调查、数据处理、统计分析研究等工作"",""职位代码"":""400110112021"",""机构层级"":""县（区）级及以下"",""考试类别"":""市（地）级及以下直属机构综合管理类"",""招考人数"":""1"",""专业"":""统计学、应用统计学；经济学、经济统计学；数学与应用数学、信息与计算科学、数据计算及应用；数据科学与大数据技术"",""学历"":""仅限本科"",""学位"":""学士"",""政治面貌"":""不限"",""基层工作最低年限"":""无限制"",""服务基层项目工作经历"":""无限制"",""是否在面试阶段组织专业能力测试"":""否"",""面试人员比例"":""3:1"",""工作地点"":""安徽省阜阳市阜南县"",""落户地点"":""安徽省阜阳市阜南县"",""备注"":""1.所列专业均要求主修专业，考生报考专业须与招录专业名称一致；2.仅限应届高校毕业生；3.本岗位需经常下乡入户，条件较为艰苦；4.本单位最低服务年限为5年（含试用期）。"",""部门网站"":""http://ahzd.stats.gov.cn/"",""咨询电话1"":""0551-68151025"",""咨询电话2"":""0551-68151029"",""咨询电话3"":""0551-68151027"",""来源Sheet"":""中央国家行政机关参照公务员法管理事业单位""}}"
"government_jobs","国家公务员2024招考简章","公务员/事业单位技术岗位","安徽省阜阳市太和县","2026-07-28T09:12:58.310295+00:00","太和调查队一级科员","国家统计局安徽调查总队","","安徽省阜阳市太和县","公务员/事业单位;2024;computer_software;data_ai;仅限本科;学士;统计学、应用统计学；经济学、经济统计学；数学与应用数学、信息与计算科学、数据计算及应用；数据科学与大数据技术;市（地）级及以下直属机构综合管理类","用人司局：国家统计局安徽调查总队
职位简介：从事统计调查、数据处理、统计分析研究等工作
专业要求：统计学、应用统计学；经济学、经济统计学；数学与应用数学、信息与计算科学、数据计算及应用；数据科学与大数据技术
学历要求：仅限本科
学位要求：学士
政治面貌：不限
基层工作经历：无限制
考试类别：市（地）级及以下直属机构综合管理类
备注：1.所列专业均要求主修专业，考生报考专业须与招录专业名称一致；2.仅限应届高校毕业生；3.本岗位需经常下乡入户，条件较为艰苦；4.本单位最低服务年限为5年（含试用期）。","https://www.xuanhan.gov.cn/xxgk-show-77635.html#135112-400110112022","2023-10-15","{""dataset_year"":2024,""job_uid"":""GOV-2024-135112-400110112022"",""publisher"":""国家公务员局"",""publication_page"":""https://www.xuanhan.gov.cn/xxgk-show-77635.html"",""attachment_url"":""https://www.xuanhan.gov.cn/uploadfile/1/Attachment/638fdecf51.zip"",""local_source_file"":""中央机关及其直属机构2024年度考试录用公务员招考简章.xls"",""local_source_sha256"":""a1741b99dbecd6d03e533f99f2d69b0fa5a79733e551b80af69986ceed2ad996"",""source_sheet"":""中央国家行政机关参照公务员法管理事业单位"",""filter_version"":""government_tech_v2"",""tech_filter"":{""is_tech"":true,""is_core_tech"":true,""scope"":""core"",""categories"":[""computer_software"",""data_ai""],""matched_fields"":[""major"",""description""],""major_terms"":[""大数据"",""数据科学与大数据技术""],""role_terms"":[""数据处理""],""reason"":""tech_major_and_role""},""original"":{""部门代码"":""135112"",""部门名称"":""国家统计局安徽调查总队"",""用人司局"":""国家统计局安徽调查总队"",""机构性质"":""中央国家行政机关参照公务员法管理事业单位"",""招考职位"":""太和调查队一级科员"",""职位属性"":""普通职位"",""职位分布"":""其他职位"",""职位简介"":""从事统计调查、数据处理、统计分析研究等工作"",""职位代码"":""400110112022"",""机构层级"":""县（区）级及以下"",""考试类别"":""市（地）级及以下直属机构综合管理类"",""招考人数"":""1"",""专业"":""统计学、应用统计学；经济学、经济统计学；数学与应用数学、信息与计算科学、数据计算及应用；数据科学与大数据技术"",""学历"":""仅限本科"",""学位"":""学士"",""政治面貌"":""不限"",""基层工作最低年限"":""无限制"",""服务基层项目工作经历"":""无限制"",""是否在面试阶段组织专业能力测试"":""否"",""面试人员比例"":""3:1"",""工作地点"":""安徽省阜阳市太和县"",""落户地点"":""安徽省阜阳市太和县"",""备注"":""1.所列专业均要求主修专业，考生报考专业须与招录专业名称一致；2.仅限应届高校毕业生；3.本岗位需经常下乡入户，条件较为艰苦；4.本单位最低服务年限为5年（含试用期）。"",""部门网站"":""http://ahzd.stats.gov.cn/"",""咨询电话1"":""0551-68151025"",""咨询电话2"":""0551-68151029"",""咨询电话3"":""0551-68151027"",""来源Sheet"":""中央国家行政机关参照公务员法管理事业单位""}}"
"government_jobs","国家公务员2024招考简章","公务员/事业单位技术岗位","安徽省淮南市寿县","2026-07-28T09:12:58.310295+00:00","寿县调查队一级科员（1）","国家统计局安徽调查总队","","安徽省淮南市寿县","公务员/事业单位;2024;computer_software;data_ai;仅限本科;学士;统计学、应用统计学；经济学、经济统计学；数学与应用数学、信息与计算科学、数据计算及应用；数据科学与大数据技术;市（地）级及以下直属机构综合管理类","用人司局：国家统计局安徽调查总队
职位简介：从事统计调查、数据处理、统计分析研究等工作
专业要求：统计学、应用统计学；经济学、经济统计学；数学与应用数学、信息与计算科学、数据计算及应用；数据科学与大数据技术
学历要求：仅限本科
学位要求：学士
政治面貌：不限
基层工作经历：无限制
考试类别：市（地）级及以下直属机构综合管理类
备注：1.所列专业均要求主修专业，考生报考专业须与招录专业名称一致；2.仅限应届高校毕业生；3.本岗位需经常下乡入户，条件较为艰苦；4.本单位最低服务年限为5年（含试用期）。","https://www.xuanhan.gov.cn/xxgk-show-77635.html#135112-400110112023","2023-10-15","{""dataset_year"":2024,""job_uid"":""GOV-2024-135112-400110112023"",""publisher"":""国家公务员局"",""publication_page"":""https://www.xuanhan.gov.cn/xxgk-show-77635.html"",""attachment_url"":""https://www.xuanhan.gov.cn/uploadfile/1/Attachment/638fdecf51.zip"",""local_source_file"":""中央机关及其直属机构2024年度考试录用公务员招考简章.xls"",""local_source_sha256"":""a1741b99dbecd6d03e533f99f2d69b0fa5a79733e551b80af69986ceed2ad996"",""source_sheet"":""中央国家行政机关参照公务员法管理事业单位"",""filter_version"":""government_tech_v2"",""tech_filter"":{""is_tech"":true,""is_core_tech"":true,""scope"":""core"",""categories"":[""computer_software"",""data_ai""],""matched_fields"":[""major"",""description""],""major_terms"":[""大数据"",""数据科学与大数据技术""],""role_terms"":[""数据处理""],""reason"":""tech_major_and_role""},""original"":{""部门代码"":""135112"",""部门名称"":""国家统计局安徽调查总队"",""用人司局"":""国家统计局安徽调查总队"",""机构性质"":""中央国家行政机关参照公务员法管理事业单位"",""招考职位"":""寿县调查队一级科员（1）"",""职位属性"":""普通职位"",""职位分布"":""其他职位"",""职位简介"":""从事统计调查、数据处理、统计分析研究等工作"",""职位代码"":""400110112023"",""机构层级"":""县（区）级及以下"",""考试类别"":""市（地）级及以下直属机构综合管理类"",""招考人数"":""1"",""专业"":""统计学、应用统计学；经济学、经济统计学；数学与应用数学、信息与计算科学、数据计算及应用；数据科学与大数据技术"",""学历"":""仅限本科"",""学位"":""学士"",""政治面貌"":""不限"",""基层工作最低年限"":""无限制"",""服务基层项目工作经历"":""无限制"",""是否在面试阶段组织专业能力测试"":""否"",""面试人员比例"":""3:1"",""工作地点"":""安徽省淮南市寿县"",""落户地点"":""安徽省淮南市寿县"",""备注"":""1.所列专业均要求主修专业，考生报考专业须与招录专业名称一致；2.仅限应届高校毕业生；3.本岗位需经常下乡入户，条件较为艰苦；4.本单位最低服务年限为5年（含试用期）。"",""部门网站"":""http://ahzd.stats.gov.cn/"",""咨询电话1"":""0551-68151025"",""咨询电话2"":""0551-68151029"",""咨询电话3"":""0551-68151027"",""来源Sheet"":""中央国家行政机关参照公务员法管理事业单位""}}"
"government_jobs","国家公务员2024招考简章","公务员/事业单位技术岗位","安徽省淮南市寿县","2026-07-28T09:12:58.310295+00:00","寿县调查队一级科员（2）","国家统计局安徽调查总队","","安徽省淮南市寿县","公务员/事业单位;2024;data_ai;仅限本科;学士;经济学门类；统计学、应用统计学；数学与应用数学、信息与计算科学、数据计算及应用；会计学、财务管理；新闻学；社会学、社会工作;市（地）级及以下直属机构综合管理类","用人司局：国家统计局安徽调查总队
职位简介：从事统计调查、数据处理、统计分析研究等工作
专业要求：经济学门类；统计学、应用统计学；数学与应用数学、信息与计算科学、数据计算及应用；会计学、财务管理；新闻学；社会学、社会工作
学历要求：仅限本科
学位要求：学士
政治面貌：不限
基层工作经历：二年
考试类别：市（地）级及以下直属机构综合管理类
备注：1.所列专业均要求主修专业，考生报考专业须与招录专业名称一致；2.本岗位需经常下乡入户，条件较为艰苦；3.本单位最低服务年限为5年（含试用期）。","https://www.xuanhan.gov.cn/xxgk-show-77635.html#135112-400110112024","2023-10-15","{""dataset_year"":2024,""job_uid"":""GOV-2024-135112-400110112024"",""publisher"":""国家公务员局"",""publication_page"":""https://www.xuanhan.gov.cn/xxgk-show-77635.html"",""attachment_url"":""https://www.xuanhan.gov.cn/uploadfile/1/Attachment/638fdecf51.zip"",""local_source_file"":""中央机关及其直属机构2024年度考试录用公务员招考简章.xls"",""local_source_sha256"":""a1741b99dbecd6d03e533f99f2d69b0fa5a79733e551b80af69986ceed2ad996"",""source_sheet"":""中央国家行政机关参照公务员法管理事业单位"",""filter_version"":""government_tech_v2"",""tech_filter"":{""is_tech"":true,""is_core_tech"":true,""scope"":""core"",""categories"":[""data_ai""],""matched_fields"":[""description""],""major_terms"":[],""role_terms"":[""数据处理""],""reason"":""tech_role""},""original"":{""部门代码"":""135112"",""部门名称"":""国家统计局安徽调查总队"",""用人司局"":""国家统计局安徽调查总队"",""机构性质"":""中央国家行政机关参照公务员法管理事业单位"",""招考职位"":""寿县调查队一级科员（2）"",""职位属性"":""普通职位"",""职位分布"":""其他职位"",""职位简介"":""从事统计调查、数据处理、统计分析研究等工作"",""职位代码"":""400110112024"",""机构层级"":""县（区）级及以下"",""考试类别"":""市（地）级及以下直属机构综合管理类"",""招考人数"":""1"",""专业"":""经济学门类；统计学、应用统计学；数学与应用数学、信息与计算科学、数据计算及应用；会计学、财务管理；新闻学；社会学、社会工作"",""学历"":""仅限本科"",""学位"":""学士"",""政治面貌"":""不限"",""基层工作最低年限"":""二年"",""服务基层项目工作经历"":""“三支一扶”计划、大学生志愿服务西部计划"",""是否在面试阶段组织专业能力测试"":""否"",""面试人员比例"":""3:1"",""工作地点"":""安徽省淮南市寿县"",""落户地点"":""安徽省淮南市寿县"",""备注"":""1.所列专业均要求主修专业，考生报考专业须与招录专业名称一致；2.本岗位需经常下乡入户，条件较为艰苦；3.本单位最低服务年限为5年（含试用期）。"",""部门网站"":""http://ahzd.stats.gov.cn/"",""咨询电话1"":""0551-68151025"",""咨询电话2"":""0551-68151029"",""咨询电话3"":""0551-68151027"",""来源Sheet"":""中央国家行政机关参照公务员法管理事业单位""}}"
"government_jobs","国家公务员2024招考简章","公务员/事业单位技术岗位","安徽省滁州市全椒县","2026-07-28T09:12:58.310295+00:00","全椒调查队一级科员","国家统计局安徽调查总队","","安徽省滁州市全椒县","公务员/事业单位;2024;computer_software;data_ai;仅限本科;学士;统计学、应用统计学；经济学、经济统计学；数学与应用数学、信息与计算科学、数据计算及应用；数据科学与大数据技术；新闻学；社会学、社会工作;市（地）级及以下直属机构综合管理类","用人司局：国家统计局安徽调查总队
职位简介：从事统计调查、数据处理、统计分析研究等工作
专业要求：统计学、应用统计学；经济学、经济统计学；数学与应用数学、信息与计算科学、数据计算及应用；数据科学与大数据技术；新闻学；社会学、社会工作
学历要求：仅限本科
学位要求：学士
政治面貌：不限
基层工作经历：无限制
考试类别：市（地）级及以下直属机构综合管理类
备注：1.所列专业均要求主修专业，考生报考专业须与招录专业名称一致；2.仅限应届高校毕业生；3.本岗位需经常下乡入户，条件较为艰苦；4.本单位最低服务年限为5年（含试用期）。","https://www.xuanhan.gov.cn/xxgk-show-77635.html#135112-400110112025","2023-10-15","{""dataset_year"":2024,""job_uid"":""GOV-2024-135112-400110112025"",""publisher"":""国家公务员局"",""publication_page"":""https://www.xuanhan.gov.cn/xxgk-show-77635.html"",""attachment_url"":""https://www.xuanhan.gov.cn/uploadfile/1/Attachment/638fdecf51.zip"",""local_source_file"":""中央机关及其直属机构2024年度考试录用公务员招考简章.xls"",""local_source_sha256"":""a1741b99dbecd6d03e533f99f2d69b0fa5a79733e551b80af69986ceed2ad996"",""source_sheet"":""中央国家行政机关参照公务员法管理事业单位"",""filter_version"":""government_tech_v2"",""tech_filter"":{""is_tech"":true,""is_core_tech"":true,""scope"":""core"",""categories"":[""computer_software"",""data_ai""],""matched_fields"":[""major"",""description""],""major_terms"":[""大数据"",""数据科学与大数据技术""],""role_terms"":[""数据处理""],""reason"":""tech_major_and_role""},""original"":{""部门代码"":""135112"",""部门名称"":""国家统计局安徽调查总队"",""用人司局"":""国家统计局安徽调查总队"",""机构性质"":""中央国家行政机关参照公务员法管理事业单位"",""招考职位"":""全椒调查队一级科员"",""职位属性"":""普通职位"",""职位分布"":""其他职位"",""职位简介"":""从事统计调查、数据处理、统计分析研究等工作"",""职位代码"":""400110112025"",""机构层级"":""县（区）级及以下"",""考试类别"":""市（地）级及以下直属机构综合管理类"",""招考人数"":""1"",""专业"":""统计学、应用统计学；经济学、经济统计学；数学与应用数学、信息与计算科学、数据计算及应用；数据科学与大数据技术；新闻学；社会学、社会工作"",""学历"":""仅限本科"",""学位"":""学士"",""政治面貌"":""不限"",""基层工作最低年限"":""无限制"",""服务基层项目工作经历"":""无限制"",""是否在面试阶段组织专业能力测试"":""否"",""面试人员比例"":""3:1"",""工作地点"":""安徽省滁州市全椒县"",""落户地点"":""安徽省滁州市全椒县"",""备注"":""1.所列专业均要求主修专业，考生报考专业须与招录专业名称一致；2.仅限应届高校毕业生；3.本岗位需经常下乡入户，条件较为艰苦；4.本单位最低服务年限为5年（含试用期）。"",""部门网站"":""http://ahzd.stats.gov.cn/"",""咨询电话1"":""0551-68151025"",""咨询电话2"":""0551-68151029"",""咨询电话3"":""0551-68151027"",""来源Sheet"":""中央国家行政机关参照公务员法管理事业单位""}}"
"government_jobs","国家公务员2024招考简章","公务员/事业单位技术岗位","安徽省滁州市凤阳县","2026-07-28T09:12:58.310295+00:00","凤阳调查队一级科员","国家统计局安徽调查总队","","安徽省滁州市凤阳县","公务员/事业单位;2024;computer_software;data_ai;仅限本科;学士;统计学、应用统计学；经济学、经济统计学；数学与应用数学、信息与计算科学、数据计算及应用；数据科学与大数据技术；新闻学；社会学、社会工作;市（地）级及以下直属机构综合管理类","用人司局：国家统计局安徽调查总队
职位简介：从事统计调查、数据处理、统计分析研究等工作
专业要求：统计学、应用统计学；经济学、经济统计学；数学与应用数学、信息与计算科学、数据计算及应用；数据科学与大数据技术；新闻学；社会学、社会工作
学历要求：仅限本科
学位要求：学士
政治面貌：不限
基层工作经历：无限制
考试类别：市（地）级及以下直属机构综合管理类
备注：1.所列专业均要求主修专业，考生报考专业须与招录专业名称一致；2.仅限应届高校毕业生；3.本岗位需经常下乡入户，条件较为艰苦；4.本单位最低服务年限为5年（含试用期）。","https://www.xuanhan.gov.cn/xxgk-show-77635.html#135112-400110112026","2023-10-15","{""dataset_year"":2024,""job_uid"":""GOV-2024-135112-400110112026"",""publisher"":""国家公务员局"",""publication_page"":""https://www.xuanhan.gov.cn/xxgk-show-77635.html"",""attachment_url"":""https://www.xuanhan.gov.cn/uploadfile/1/Attachment/638fdecf51.zip"",""local_source_file"":""中央机关及其直属机构2024年度考试录用公务员招考简章.xls"",""local_source_sha256"":""a1741b99dbecd6d03e533f99f2d69b0fa5a79733e551b80af69986ceed2ad996"",""source_sheet"":""中央国家行政机关参照公务员法管理事业单位"",""filter_version"":""government_tech_v2"",""tech_filter"":{""is_tech"":true,""is_core_tech"":true,""scope"":""core"",""categories"":[""computer_software"",""data_ai""],""matched_fields"":[""major"",""description""],""major_terms"":[""大数据"",""数据科学与大数据技术""],""role_terms"":[""数据处理""],""reason"":""tech_major_and_role""},""original"":{""部门代码"":""135112"",""部门名称"":""国家统计局安徽调查总队"",""用人司局"":""国家统计局安徽调查总队"",""机构性质"":""中央国家行政机关参照公务员法管理事业单位"",""招考职位"":""凤阳调查队一级科员"",""职位属性"":""普通职位"",""职位分布"":""其他职位"",""职位简介"":""从事统计调查、数据处理、统计分析研究等工作"",""职位代码"":""400110112026"",""机构层级"":""县（区）级及以下"",""考试类别"":""市（地）级及以下直属机构综合管理类"",""招考人数"":""1"",""专业"":""统计学、应用统计学；经济学、经济统计学；数学与应用数学、信息与计算科学、数据计算及应用；数据科学与大数据技术；新闻学；社会学、社会工作"",""学历"":""仅限本科"",""学位"":""学士"",""政治面貌"":""不限"",""基层工作最低年限"":""无限制"",""服务基层项目工作经历"":""无限制"",""是否在面试阶段组织专业能力测试"":""否"",""面试人员比例"":""3:1"",""工作地点"":""安徽省滁州市凤阳县"",""落户地点"":""安徽省滁州市凤阳县"",""备注"":""1.所列专业均要求主修专业，考生报考专业须与招录专业名称一致；2.仅限应届高校毕业生；3.本岗位需经常下乡入户，条件较为艰苦；4.本单位最低服务年限为5年（含试用期）。"",""部门网站"":""http://ahzd.stats.gov.cn/"",""咨询电话1"":""0551-68151025"",""咨询电话2"":""0551-68151029"",""咨询电话3"":""0551-68151027"",""来源Sheet"":""中央国家行政机关参照公务员法管理事业单位""}}"
"government_jobs","国家公务员2024招考简章","公务员/事业单位技术岗位","安徽省滁州市定远县","2026-07-28T09:12:58.310295+00:00","定远调查队一级科员","国家统计局安徽调查总队","","安徽省滁州市定远县","公务员/事业单位;2024;computer_software;data_ai;仅限本科;学士;统计学、应用统计学；经济学、经济统计学；数学与应用数学、信息与计算科学、数据计算及应用；数据科学与大数据技术；新闻学；社会学、社会工作;市（地）级及以下直属机构综合管理类","用人司局：国家统计局安徽调查总队
职位简介：从事统计调查、数据处理、统计分析研究等工作
专业要求：统计学、应用统计学；经济学、经济统计学；数学与应用数学、信息与计算科学、数据计算及应用；数据科学与大数据技术；新闻学；社会学、社会工作
学历要求：仅限本科
学位要求：学士
政治面貌：不限
基层工作经历：无限制
考试类别：市（地）级及以下直属机构综合管理类
备注：1.所列专业均要求主修专业，考生报考专业须与招录专业名称一致；2.仅限应届高校毕业生；3.本岗位需经常下乡入户，条件较为艰苦；4.本单位最低服务年限为5年（含试用期）。","https://www.xuanhan.gov.cn/xxgk-show-77635.html#135112-400110112027","2023-10-15","{""dataset_year"":2024,""job_uid"":""GOV-2024-135112-400110112027"",""publisher"":""国家公务员局"",""publication_page"":""https://www.xuanhan.gov.cn/xxgk-show-77635.html"",""attachment_url"":""https://www.xuanhan.gov.cn/uploadfile/1/Attachment/638fdecf51.zip"",""local_source_file"":""中央机关及其直属机构2024年度考试录用公务员招考简章.xls"",""local_source_sha256"":""a1741b99dbecd6d03e533f99f2d69b0fa5a79733e551b80af69986ceed2ad996"",""source_sheet"":""中央国家行政机关参照公务员法管理事业单位"",""filter_version"":""government_tech_v2"",""tech_filter"":{""is_tech"":true,""is_core_tech"":true,""scope"":""core"",""categories"":[""computer_software"",""data_ai""],""matched_fields"":[""major"",""description""],""major_terms"":[""大数据"",""数据科学与大数据技术""],""role_terms"":[""数据处理""],""reason"":""tech_major_and_role""},""original"":{""部门代码"":""135112"",""部门名称"":""国家统计局安徽调查总队"",""用人司局"":""国家统计局安徽调查总队"",""机构性质"":""中央国家行政机关参照公务员法管理事业单位"",""招考职位"":""定远调查队一级科员"",""职位属性"":""普通职位"",""职位分布"":""其他职位"",""职位简介"":""从事统计调查、数据处理、统计分析研究等工作"",""职位代码"":""400110112027"",""机构层级"":""县（区）级及以下"",""考试类别"":""市（地）级及以下直属机构综合管理类"",""招考人数"":""1"",""专业"":""统计学、应用统计学；经济学、经济统计学；数学与应用数学、信息与计算科学、数据计算及应用；数据科学与大数据技术；新闻学；社会学、社会工作"",""学历"":""仅限本科"",""学位"":""学士"",""政治面貌"":""不限"",""基层工作最低年限"":""无限制"",""服务基层项目工作经历"":""无限制"",""是否在面试阶段组织专业能力测试"":""否"",""面试人员比例"":""3:1"",""工作地点"":""安徽省滁州市定远县"",""落户地点"":""安徽省滁州市定远县"",""备注"":""1.所列专业均要求主修专业，考生报考专业须与招录专业名称一致；2.仅限应届高校毕业生；3.本岗位需经常下乡入户，条件较为艰苦；4.本单位最低服务年限为5年（含试用期）。"",""部门网站"":""http://ahzd.stats.gov.cn/"",""咨询电话1"":""0551-68151025"",""咨询电话2"":""0551-68151029"",""咨询电话3"":""0551-68151027"",""来源Sheet"":""中央国家行政机关参照公务员法管理事业单位""}}"
"government_jobs","国家公务员2024招考简章","公务员/事业单位技术岗位","安徽省六安市金寨县","2026-07-28T09:12:58.310295+00:00","金寨调查队一级科员","国家统计局安徽调查总队","","安徽省六安市金寨县","公务员/事业单位;2024;computer_software;data_ai;仅限本科;学士;统计学、应用统计学；经济学、经济统计学；数学与应用数学、信息与计算科学、数据计算及应用；数据科学与大数据技术；新闻学；社会学、社会工作;市（地）级及以下直属机构综合管理类","用人司局：国家统计局安徽调查总队
职位简介：从事统计调查、数据处理、统计分析研究等工作
专业要求：统计学、应用统计学；经济学、经济统计学；数学与应用数学、信息与计算科学、数据计算及应用；数据科学与大数据技术；新闻学；社会学、社会工作
学历要求：仅限本科
学位要求：学士
政治面貌：不限
基层工作经历：无限制
考试类别：市（地）级及以下直属机构综合管理类
备注：1.所列专业均要求主修专业，考生报考专业须与招录专业名称一致；2.仅限应届高校毕业生；3.本岗位需经常下乡入户，条件较为艰苦；4.本单位最低服务年限为5年（含试用期）。","https://www.xuanhan.gov.cn/xxgk-show-77635.html#135112-400110112028","2023-10-15","{""dataset_year"":2024,""job_uid"":""GOV-2024-135112-400110112028"",""publisher"":""国家公务员局"",""publication_page"":""https://www.xuanhan.gov.cn/xxgk-show-77635.html"",""attachment_url"":""https://www.xuanhan.gov.cn/uploadfile/1/Attachment/638fdecf51.zip"",""local_source_file"":""中央机关及其直属机构2024年度考试录用公务员招考简章.xls"",""local_source_sha256"":""a1741b99dbecd6d03e533f99f2d69b0fa5a79733e551b80af69986ceed2ad996"",""source_sheet"":""中央国家行政机关参照公务员法管理事业单位"",""filter_version"":""government_tech_v2"",""tech_filter"":{""is_tech"":true,""is_core_tech"":true,""scope"":""core"",""categories"":[""computer_software"",""data_ai""],""matched_fields"":[""major"",""description""],""major_terms"":[""大数据"",""数据科学与大数据技术""],""role_terms"":[""数据处理""],""reason"":""tech_major_and_role""},""original"":{""部门代码"":""135112"",""部门名称"":""国家统计局安徽调查总队"",""用人司局"":""国家统计局安徽调查总队"",""机构性质"":""中央国家行政机关参照公务员法管理事业单位"",""招考职位"":""金寨调查队一级科员"",""职位属性"":""普通职位"",""职位分布"":""其他职位"",""职位简介"":""从事统计调查、数据处理、统计分析研究等工作"",""职位代码"":""400110112028"",""机构层级"":""县（区）级及以下"",""考试类别"":""市（地）级及以下直属机构综合管理类"",""招考人数"":""1"",""专业"":""统计学、应用统计学；经济学、经济统计学；数学与应用数学、信息与计算科学、数据计算及应用；数据科学与大数据技术；新闻学；社会学、社会工作"",""学历"":""仅限本科"",""学位"":""学士"",""政治面貌"":""不限"",""基层工作最低年限"":""无限制"",""服务基层项目工作经历"":""无限制"",""是否在面试阶段组织专业能力测试"":""否"",""面试人员比例"":""3:1"",""工作地点"":""安徽省六安市金寨县"",""落户地点"":""安徽省六安市金寨县"",""备注"":""1.所列专业均要求主修专业，考生报考专业须与招录专业名称一致；2.仅限应届高校毕业生；3.本岗位需经常下乡入户，条件较为艰苦；4.本单位最低服务年限为5年（含试用期）。"",""部门网站"":""http://ahzd.stats.gov.cn/"",""咨询电话1"":""0551-68151025"",""咨询电话2"":""0551-68151029"",""咨询电话3"":""0551-68151027"",""来源Sheet"":""中央国家行政机关参照公务员法管理事业单位""}}"
"government_jobs","国家公务员2024招考简章","公务员/事业单位技术岗位","安徽省六安市舒城县","2026-07-28T09:12:58.310295+00:00","舒城调查队一级科员（1）","国家统计局安徽调查总队","","安徽省六安市舒城县","公务员/事业单位;2024;computer_software;data_ai;仅限本科;学士;统计学、应用统计学；数学与应用数学、信息与计算科学、数据计算及应用；数据科学与大数据技术；新闻学、社会学、社会工作;市（地）级及以下直属机构综合管理类","用人司局：国家统计局安徽调查总队
职位简介：从事统计调查、数据处理、统计分析研究等工作
专业要求：统计学、应用统计学；数学与应用数学、信息与计算科学、数据计算及应用；数据科学与大数据技术；新闻学、社会学、社会工作
学历要求：仅限本科
学位要求：学士
政治面貌：不限
基层工作经历：无限制
考试类别：市（地）级及以下直属机构综合管理类
备注：1.所列专业均要求主修专业，考生报考专业须与招录专业名称一致；2.仅限应届高校毕业生；3.本岗位需经常下乡入户，条件较为艰苦；4.本单位最低服务年限为5年（含试用期）。","https://www.xuanhan.gov.cn/xxgk-show-77635.html#135112-400110112029","2023-10-15","{""dataset_year"":2024,""job_uid"":""GOV-2024-135112-400110112029"",""publisher"":""国家公务员局"",""publication_page"":""https://www.xuanhan.gov.cn/xxgk-show-77635.html"",""attachment_url"":""https://www.xuanhan.gov.cn/uploadfile/1/Attachment/638fdecf51.zip"",""local_source_file"":""中央机关及其直属机构2024年度考试录用公务员招考简章.xls"",""local_source_sha256"":""a1741b99dbecd6d03e533f99f2d69b0fa5a79733e551b80af69986ceed2ad996"",""source_sheet"":""中央国家行政机关参照公务员法管理事业单位"",""filter_version"":""government_tech_v2"",""tech_filter"":{""is_tech"":true,""is_core_tech"":true,""scope"":""core"",""categories"":[""computer_software"",""data_ai""],""matched_fields"":[""major"",""description""],""major_terms"":[""大数据"",""数据科学与大数据技术""],""role_terms"":[""数据处理""],""reason"":""tech_major_and_role""},""original"":{""部门代码"":""135112"",""部门名称"":""国家统计局安徽调查总队"",""用人司局"":""国家统计局安徽调查总队"",""机构性质"":""中央国家行政机关参照公务员法管理事业单位"",""招考职位"":""舒城调查队一级科员（1）"",""职位属性"":""普通职位"",""职位分布"":""其他职位"",""职位简介"":""从事统计调查、数据处理、统计分析研究等工作"",""职位代码"":""400110112029"",""机构层级"":""县（区）级及以下"",""考试类别"":""市（地）级及以下直属机构综合管理类"",""招考人数"":""1"",""专业"":""统计学、应用统计学；数学与应用数学、信息与计算科学、数据计算及应用；数据科学与大数据技术；新闻学、社会学、社会工作"",""学历"":""仅限本科"",""学位"":""学士"",""政治面貌"":""不限"",""基层工作最低年限"":""无限制"",""服务基层项目工作经历"":""无限制"",""是否在面试阶段组织专业能力测试"":""否"",""面试人员比例"":""3:1"",""工作地点"":""安徽省六安市舒城县"",""落户地点"":""安徽省六安市舒城县"",""备注"":""1.所列专业均要求主修专业，考生报考专业须与招录专业名称一致；2.仅限应届高校毕业生；3.本岗位需经常下乡入户，条件较为艰苦；4.本单位最低服务年限为5年（含试用期）。"",""部门网站"":""http://ahzd.stats.gov.cn/"",""咨询电话1"":""0551-68151025"",""咨询电话2"":""0551-68151029"",""咨询电话3"":""0551-68151027"",""来源Sheet"":""中央国家行政机关参照公务员法管理事业单位""}}"
"government_jobs","国家公务员2024招考简章","公务员/事业单位技术岗位","安徽省池州市东至县","2026-07-28T09:12:58.310295+00:00","东至调查队一级科员（2）","国家统计局安徽调查总队","","安徽省池州市东至县","公务员/事业单位;2024;computer_software;data_ai;仅限本科;学士;经济学门类；统计学、应用统计学；数学与应用数学、信息与计算科学、数据计算及应用；数据科学与大数据技术;市（地）级及以下直属机构综合管理类","用人司局：国家统计局安徽调查总队
职位简介：从事统计调查、数据处理、统计分析研究等工作
专业要求：经济学门类；统计学、应用统计学；数学与应用数学、信息与计算科学、数据计算及应用；数据科学与大数据技术
学历要求：仅限本科
学位要求：学士
政治面貌：不限
基层工作经历：二年
考试类别：市（地）级及以下直属机构综合管理类
备注：1.所列专业均要求主修专业，考生报考专业须与招录专业名称一致；2.本岗位需经常下乡入户，条件较为艰苦；3.本单位最低服务年限为5年（含试用期）。","https://www.xuanhan.gov.cn/xxgk-show-77635.html#135112-400110112032","2023-10-15","{""dataset_year"":2024,""job_uid"":""GOV-2024-135112-400110112032"",""publisher"":""国家公务员局"",""publication_page"":""https://www.xuanhan.gov.cn/xxgk-show-77635.html"",""attachment_url"":""https://www.xuanhan.gov.cn/uploadfile/1/Attachment/638fdecf51.zip"",""local_source_file"":""中央机关及其直属机构2024年度考试录用公务员招考简章.xls"",""local_source_sha256"":""a1741b99dbecd6d03e533f99f2d69b0fa5a79733e551b80af69986ceed2ad996"",""source_sheet"":""中央国家行政机关参照公务员法管理事业单位"",""filter_version"":""government_tech_v2"",""tech_filter"":{""is_tech"":true,""is_core_tech"":true,""scope"":""core"",""categories"":[""computer_software"",""data_ai""],""matched_fields"":[""major"",""description""],""major_terms"":[""大数据"",""数据科学与大数据技术""],""role_terms"":[""数据处理""],""reason"":""tech_major_and_role""},""original"":{""部门代码"":""135112"",""部门名称"":""国家统计局安徽调查总队"",""用人司局"":""国家统计局安徽调查总队"",""机构性质"":""中央国家行政机关参照公务员法管理事业单位"",""招考职位"":""东至调查队一级科员（2）"",""职位属性"":""普通职位"",""职位分布"":""其他职位"",""职位简介"":""从事统计调查、数据处理、统计分析研究等工作"",""职位代码"":""400110112032"",""机构层级"":""县（区）级及以下"",""考试类别"":""市（地）级及以下直属机构综合管理类"",""招考人数"":""1"",""专业"":""经济学门类；统计学、应用统计学；数学与应用数学、信息与计算科学、数据计算及应用；数据科学与大数据技术"",""学历"":""仅限本科"",""学位"":""学士"",""政治面貌"":""不限"",""基层工作最低年限"":""二年"",""服务基层项目工作经历"":""“三支一扶”计划、大学生志愿服务西部计划"",""是否在面试阶段组织专业能力测试"":""否"",""面试人员比例"":""3:1"",""工作地点"":""安徽省池州市东至县"",""落户地点"":""安徽省池州市东至县"",""备注"":""1.所列专业均要求主修专业，考生报考专业须与招录专业名称一致；2.本岗位需经常下乡入户，条件较为艰苦；3.本单位最低服务年限为5年（含试用期）。"",""部门网站"":""http://ahzd.stats.gov.cn/"",""咨询电话1"":""0551-68151025"",""咨询电话2"":""0551-68151029"",""咨询电话3"":""0551-68151027"",""来源Sheet"":""中央国家行政机关参照公务员法管理事业单位""}}"
"government_jobs","国家公务员2024招考简章","公务员/事业单位技术岗位","安徽省池州市青阳县","2026-07-28T09:12:58.310295+00:00","青阳调查队一级科员（2）","国家统计局安徽调查总队","","安徽省池州市青阳县","公务员/事业单位;2024;computer_software;data_ai;仅限本科;学士;经济学门类；统计学、应用统计学；数学与应用数学、信息与计算科学、数据计算及应用；数据科学与大数据技术;市（地）级及以下直属机构综合管理类","用人司局：国家统计局安徽调查总队
职位简介：从事统计调查、数据处理、统计分析研究等工作
专业要求：经济学门类；统计学、应用统计学；数学与应用数学、信息与计算科学、数据计算及应用；数据科学与大数据技术
学历要求：仅限本科
学位要求：学士
政治面貌：不限
基层工作经历：二年
考试类别：市（地）级及以下直属机构综合管理类
备注：1.所列专业均要求主修专业，考生报考专业须与招录专业名称一致；2.本岗位需经常下乡入户，条件较为艰苦；3.本单位最低服务年限为5年（含试用期）。","https://www.xuanhan.gov.cn/xxgk-show-77635.html#135112-400110112034","2023-10-15","{""dataset_year"":2024,""job_uid"":""GOV-2024-135112-400110112034"",""publisher"":""国家公务员局"",""publication_page"":""https://www.xuanhan.gov.cn/xxgk-show-77635.html"",""attachment_url"":""https://www.xuanhan.gov.cn/uploadfile/1/Attachment/638fdecf51.zip"",""local_source_file"":""中央机关及其直属机构2024年度考试录用公务员招考简章.xls"",""local_source_sha256"":""a1741b99dbecd6d03e533f99f2d69b0fa5a79733e551b80af69986ceed2ad996"",""source_sheet"":""中央国家行政机关参照公务员法管理事业单位"",""filter_version"":""government_tech_v2"",""tech_filter"":{""is_tech"":true,""is_core_tech"":true,""scope"":""core"",""categories"":[""computer_software"",""data_ai""],""matched_fields"":[""major"",""description""],""major_terms"":[""大数据"",""数据科学与大数据技术""],""role_terms"":[""数据处理""],""reason"":""tech_major_and_role""},""original"":{""部门代码"":""135112"",""部门名称"":""国家统计局安徽调查总队"",""用人司局"":""国家统计局安徽调查总队"",""机构性质"":""中央国家行政机关参照公务员法管理事业单位"",""招考职位"":""青阳调查队一级科员（2）"",""职位属性"":""普通职位"",""职位分布"":""其他职位"",""职位简介"":""从事统计调查、数据处理、统计分析研究等工作"",""职位代码"":""400110112034"",""机构层级"":""县（区）级及以下"",""考试类别"":""市（地）级及以下直属机构综合管理类"",""招考人数"":""1"",""专业"":""经济学门类；统计学、应用统计学；数学与应用数学、信息与计算科学、数据计算及应用；数据科学与大数据技术"",""学历"":""仅限本科"",""学位"":""学士"",""政治面貌"":""不限"",""基层工作最低年限"":""二年"",""服务基层项目工作经历"":""“三支一扶”计划、大学生志愿服务西部计划"",""是否在面试阶段组织专业能力测试"":""否"",""面试人员比例"":""3:1"",""工作地点"":""安徽省池州市青阳县"",""落户地点"":""安徽省池州市青阳县"",""备注"":""1.所列专业均要求主修专业，考生报考专业须与招录专业名称一致；2.本岗位需经常下乡入户，条件较为艰苦；3.本单位最低服务年限为5年（含试用期）。"",""部门网站"":""http://ahzd.stats.gov.cn/"",""咨询电话1"":""0551-68151025"",""咨询电话2"":""0551-68151029"",""咨询电话3"":""0551-68151027"",""来源Sheet"":""中央国家行政机关参照公务员法管理事业单位""}}"
"government_jobs","国家公务员2024招考简章","公务员/事业单位技术岗位","安徽省黄山市祁门县","2026-07-28T09:12:58.310295+00:00","祁门调查队一级科员（1）","国家统计局安徽调查总队","","安徽省黄山市祁门县","公务员/事业单位;2024;computer_software;data_ai;仅限本科;学士;统计学、应用统计学；经济学、经济统计学；数学与应用数学、信息与计算科学、数据计算及应用；数据科学与大数据技术;市（地）级及以下直属机构综合管理类","用人司局：国家统计局安徽调查总队
职位简介：从事统计调查、数据处理、统计分析研究等工作
专业要求：统计学、应用统计学；经济学、经济统计学；数学与应用数学、信息与计算科学、数据计算及应用；数据科学与大数据技术
学历要求：仅限本科
学位要求：学士
政治面貌：不限
基层工作经历：无限制
考试类别：市（地）级及以下直属机构综合管理类
备注：1.所列专业均要求主修专业，考生报考专业须与招录专业名称一致；2.仅限应届高校毕业生；3.本岗位需经常下乡入户，条件较为艰苦；4.本单位最低服务年限为5年（含试用期）。","https://www.xuanhan.gov.cn/xxgk-show-77635.html#135112-400110112036","2023-10-15","{""dataset_year"":2024,""job_uid"":""GOV-2024-135112-400110112036"",""publisher"":""国家公务员局"",""publication_page"":""https://www.xuanhan.gov.cn/xxgk-show-77635.html"",""attachment_url"":""https://www.xuanhan.gov.cn/uploadfile/1/Attachment/638fdecf51.zip"",""local_source_file"":""中央机关及其直属机构2024年度考试录用公务员招考简章.xls"",""local_source_sha256"":""a1741b99dbecd6d03e533f99f2d69b0fa5a79733e551b80af69986ceed2ad996"",""source_sheet"":""中央国家行政机关参照公务员法管理事业单位"",""filter_version"":""government_tech_v2"",""tech_filter"":{""is_tech"":true,""is_core_tech"":true,""scope"":""core"",""categories"":[""computer_software"",""data_ai""],""matched_fields"":[""major"",""description""],""major_terms"":[""大数据"",""数据科学与大数据技术""],""role_terms"":[""数据处理""],""reason"":""tech_major_and_role""},""original"":{""部门代码"":""135112"",""部门名称"":""国家统计局安徽调查总队"",""用人司局"":""国家统计局安徽调查总队"",""机构性质"":""中央国家行政机关参照公务员法管理事业单位"",""招考职位"":""祁门调查队一级科员（1）"",""职位属性"":""普通职位"",""职位分布"":""其他职位"",""职位简介"":""从事统计调查、数据处理、统计分析研究等工作"",""职位代码"":""400110112036"",""机构层级"":""县（区）级及以下"",""考试类别"":""市（地）级及以下直属机构综合管理类"",""招考人数"":""1"",""专业"":""统计学、应用统计学；经济学、经济统计学；数学与应用数学、信息与计算科学、数据计算及应用；数据科学与大数据技术"",""学历"":""仅限本科"",""学位"":""学士"",""政治面貌"":""不限"",""基层工作最低年限"":""无限制"",""服务基层项目工作经历"":""无限制"",""是否在面试阶段组织专业能力测试"":""否"",""面试人员比例"":""3:1"",""工作地点"":""安徽省黄山市祁门县"",""落户地点"":""安徽省黄山市祁门县"",""备注"":""1.所列专业均要求主修专业，考生报考专业须与招录专业名称一致；2.仅限应届高校毕业生；3.本岗位需经常下乡入户，条件较为艰苦；4.本单位最低服务年限为5年（含试用期）。"",""部门网站"":""http://ahzd.stats.gov.cn/"",""咨询电话1"":""0551-68151025"",""咨询电话2"":""0551-68151029"",""咨询电话3"":""0551-68151027"",""来源Sheet"":""中央国家行政机关参照公务员法管理事业单位""}}"
"government_jobs","国家公务员2024招考简章","公务员/事业单位技术岗位","安徽省黄山市祁门县","2026-07-28T09:12:58.310295+00:00","祁门调查队一级科员（2）","国家统计局安徽调查总队","","安徽省黄山市祁门县","公务员/事业单位;2024;data_ai;仅限本科;学士;经济学门类；统计学、应用统计学；数学与应用数学、信息与计算科学、数据计算及应用；会计学、财务管理；新闻学；社会学、社会工作;市（地）级及以下直属机构综合管理类","用人司局：国家统计局安徽调查总队
职位简介：从事统计调查、数据处理、统计分析研究等工作
专业要求：经济学门类；统计学、应用统计学；数学与应用数学、信息与计算科学、数据计算及应用；会计学、财务管理；新闻学；社会学、社会工作
学历要求：仅限本科
学位要求：学士
政治面貌：不限
基层工作经历：二年
考试类别：市（地）级及以下直属机构综合管理类
备注：1.所列专业均要求主修专业，考生报考专业须与招录专业名称一致；2.本岗位需经常下乡入户，条件较为艰苦；3.本单位最低服务年限为5年（含试用期）。","https://www.xuanhan.gov.cn/xxgk-show-77635.html#135112-400110112037","2023-10-15","{""dataset_year"":2024,""job_uid"":""GOV-2024-135112-400110112037"",""publisher"":""国家公务员局"",""publication_page"":""https://www.xuanhan.gov.cn/xxgk-show-77635.html"",""attachment_url"":""https://www.xuanhan.gov.cn/uploadfile/1/Attachment/638fdecf51.zip"",""local_source_file"":""中央机关及其直属机构2024年度考试录用公务员招考简章.xls"",""local_source_sha256"":""a1741b99dbecd6d03e533f99f2d69b0fa5a79733e551b80af69986ceed2ad996"",""source_sheet"":""中央国家行政机关参照公务员法管理事业单位"",""filter_version"":""government_tech_v2"",""tech_filter"":{""is_tech"":true,""is_core_tech"":true,""scope"":""core"",""categories"":[""data_ai""],""matched_fields"":[""description""],""major_terms"":[],""role_terms"":[""数据处理""],""reason"":""tech_role""},""original"":{""部门代码"":""135112"",""部门名称"":""国家统计局安徽调查总队"",""用人司局"":""国家统计局安徽调查总队"",""机构性质"":""中央国家行政机关参照公务员法管理事业单位"",""招考职位"":""祁门调查队一级科员（2）"",""职位属性"":""普通职位"",""职位分布"":""其他职位"",""职位简介"":""从事统计调查、数据处理、统计分析研究等工作"",""职位代码"":""400110112037"",""机构层级"":""县（区）级及以下"",""考试类别"":""市（地）级及以下直属机构综合管理类"",""招考人数"":""1"",""专业"":""经济学门类；统计学、应用统计学；数学与应用数学、信息与计算科学、数据计算及应用；会计学、财务管理；新闻学；社会学、社会工作"",""学历"":""仅限本科"",""学位"":""学士"",""政治面貌"":""不限"",""基层工作最低年限"":""二年"",""服务基层项目工作经历"":""“三支一扶”计划、大学生志愿服务西部计划"",""是否在面试阶段组织专业能力测试"":""否"",""面试人员比例"":""3:1"",""工作地点"":""安徽省黄山市祁门县"",""落户地点"":""安徽省黄山市祁门县"",""备注"":""1.所列专业均要求主修专业，考生报考专业须与招录专业名称一致；2.本岗位需经常下乡入户，条件较为艰苦；3.本单位最低服务年限为5年（含试用期）。"",""部门网站"":""http://ahzd.stats.gov.cn/"",""咨询电话1"":""0551-68151025"",""咨询电话2"":""0551-68151029"",""咨询电话3"":""0551-68151027"",""来源Sheet"":""中央国家行政机关参照公务员法管理事业单位""}}"
"government_jobs","国家公务员2024招考简章","公务员/事业单位技术岗位","江西省南昌市","2026-07-28T09:12:58.310295+00:00","江西调查总队业务处室一级主任科员及以下（2）","国家统计局江西调查总队","","江西省南昌市","公务员/事业单位;2024;data_ai;geospatial_remote_sensing;硕士研究生及以上;与最高学历相对应的学位;统计学类、地图制图学与地理信息工程、地图学与地理信息系统、摄影测量与遥感、遥感科学与技术;中央机关及其省级直属机构综合管理类","用人司局：国家统计局江西调查总队
职位简介：从事数据处理、统计分析研究等工作。
专业要求：统计学类、地图制图学与地理信息工程、地图学与地理信息系统、摄影测量与遥感、遥感科学与技术
学历要求：硕士研究生及以上
学位要求：与最高学历相对应的学位
政治面貌：不限
基层工作经历：无限制
考试类别：中央机关及其省级直属机构综合管理类
备注：1.需以最高学历所学主修专业报考；2.本单位最低服务年限为5年（含试用期）。","https://www.xuanhan.gov.cn/xxgk-show-77635.html#135114-400110114002","2023-10-15","{""dataset_year"":2024,""job_uid"":""GOV-2024-135114-400110114002"",""publisher"":""国家公务员局"",""publication_page"":""https://www.xuanhan.gov.cn/xxgk-show-77635.html"",""attachment_url"":""https://www.xuanhan.gov.cn/uploadfile/1/Attachment/638fdecf51.zip"",""local_source_file"":""中央机关及其直属机构2024年度考试录用公务员招考简章.xls"",""local_source_sha256"":""a1741b99dbecd6d03e533f99f2d69b0fa5a79733e551b80af69986ceed2ad996"",""source_sheet"":""中央国家行政机关参照公务员法管理事业单位"",""filter_version"":""government_tech_v2"",""tech_filter"":{""is_tech"":true,""is_core_tech"":true,""scope"":""core"",""categories"":[""data_ai"",""geospatial_remote_sensing""],""matched_fields"":[""major"",""description""],""major_terms"":[""地图学与地理信息系统"",""地理信息"",""地理信息系统"",""摄影测量与遥感"",""遥感科学与技术""],""role_terms"":[""数据处理""],""reason"":""tech_major_and_role""},""original"":{""部门代码"":""135114"",""部门名称"":""国家统计局江西调查总队"",""用人司局"":""国家统计局江西调查总队"",""机构性质"":""中央国家行政机关参照公务员法管理事业单位"",""招考职位"":""江西调查总队业务处室一级主任科员及以下（2）"",""职位属性"":""普通职位"",""职位分布"":""其他职位"",""职位简介"":""从事数据处理、统计分析研究等工作。"",""职位代码"":""400110114002"",""机构层级"":""省（副省）级"",""考试类别"":""中央机关及其省级直属机构综合管理类"",""招考人数"":""1"",""专业"":""统计学类、地图制图学与地理信息工程、地图学与地理信息系统、摄影测量与遥感、遥感科学与技术"",""学历"":""硕士研究生及以上"",""学位"":""与最高学历相对应的学位"",""政治面貌"":""不限"",""基层工作最低年限"":""无限制"",""服务基层项目工作经历"":""无限制"",""是否在面试阶段组织专业能力测试"":""否"",""面试人员比例"":""5:1"",""工作地点"":""江西省南昌市"",""落户地点"":""江西省南昌市"",""备注"":""1.需以最高学历所学主修专业报考；2.本单位最低服务年限为5年（含试用期）。"",""部门网站"":""无"",""咨询电话1"":""0791-88916002"",""咨询电话2"":""0791-88916003"",""咨询电话3"":"""",""来源Sheet"":""中央国家行政机关参照公务员法管理事业单位""}}"
"government_jobs","国家公务员2024招考简章","公务员/事业单位技术岗位","江西省景德镇市","2026-07-28T09:12:58.310295+00:00","景德镇调查队业务科室二级主任科员及以下","国家统计局江西调查总队","","江西省景德镇市","公务员/事业单位;2024;computer_software;data_ai;本科及以上;与最高学历相对应的学位;统计学类、数学类、经济学类、计算机类、中国语言文学类（中国少数民族语言文学、汉语国际教育、手语翻译除外）、农业经济管理类;市（地）级及以下直属机构综合管理类","用人司局：国家统计局江西调查总队
职位简介：从事数据处理、统计分析研究等工作。
专业要求：统计学类、数学类、经济学类、计算机类、中国语言文学类（中国少数民族语言文学、汉语国际教育、手语翻译除外）、农业经济管理类
学历要求：本科及以上
学位要求：与最高学历相对应的学位
政治面貌：不限
基层工作经历：二年
考试类别：市（地）级及以下直属机构综合管理类
备注：1.本岗位定向招录服务期满且考核合格的大学生村官或“三支一扶”计划人员；2.需以最高学历所学主修专业报考；3.本单位最低服务年限为5年(含试用期）。","https://www.xuanhan.gov.cn/xxgk-show-77635.html#135114-400110114006","2023-10-15","{""dataset_year"":2024,""job_uid"":""GOV-2024-135114-400110114006"",""publisher"":""国家公务员局"",""publication_page"":""https://www.xuanhan.gov.cn/xxgk-show-77635.html"",""attachment_url"":""https://www.xuanhan.gov.cn/uploadfile/1/Attachment/638fdecf51.zip"",""local_source_file"":""中央机关及其直属机构2024年度考试录用公务员招考简章.xls"",""local_source_sha256"":""a1741b99dbecd6d03e533f99f2d69b0fa5a79733e551b80af69986ceed2ad996"",""source_sheet"":""中央国家行政机关参照公务员法管理事业单位"",""filter_version"":""government_tech_v2"",""tech_filter"":{""is_tech"":true,""is_core_tech"":true,""scope"":""core"",""categories"":[""computer_software"",""data_ai""],""matched_fields"":[""major"",""description""],""major_terms"":[""计算机类""],""role_terms"":[""数据处理""],""reason"":""tech_major_and_role""},""original"":{""部门代码"":""135114"",""部门名称"":""国家统计局江西调查总队"",""用人司局"":""国家统计局江西调查总队"",""机构性质"":""中央国家行政机关参照公务员法管理事业单位"",""招考职位"":""景德镇调查队业务科室二级主任科员及以下"",""职位属性"":""普通职位"",""职位分布"":""其他职位"",""职位简介"":""从事数据处理、统计分析研究等工作。"",""职位代码"":""400110114006"",""机构层级"":""市（地）级"",""考试类别"":""市（地）级及以下直属机构综合管理类"",""招考人数"":""1"",""专业"":""统计学类、数学类、经济学类、计算机类、中国语言文学类（中国少数民族语言文学、汉语国际教育、手语翻译除外）、农业经济管理类"",""学历"":""本科及以上"",""学位"":""与最高学历相对应的学位"",""政治面貌"":""不限"",""基层工作最低年限"":""二年"",""服务基层项目工作经历"":""大学生村官、“三支一扶”计划"",""是否在面试阶段组织专业能力测试"":""否"",""面试人员比例"":""3:1"",""工作地点"":""江西省景德镇市"",""落户地点"":""江西省景德镇市"",""备注"":""1.本岗位定向招录服务期满且考核合格的大学生村官或“三支一扶”计划人员；2.需以最高学历所学主修专业报考；3.本单位最低服务年限为5年(含试用期）。"",""部门网站"":""无"",""咨询电话1"":""0791-88916002"",""咨询电话2"":""0791-88916003"",""咨询电话3"":"""",""来源Sheet"":""中央国家行政机关参照公务员法管理事业单位""}}"
"government_jobs","国家公务员2024招考简章","公务员/事业单位技术岗位","江西省九江市","2026-07-28T09:12:58.310295+00:00","九江调查队业务科室四级主任科员","国家统计局江西调查总队","","江西省九江市","公务员/事业单位;2024;computer_software;data_ai;仅限硕士研究生;硕士;产业经济学、经济大数据分析、经济数学、应用经济学、大数据科学与应用、统计学类;市（地）级及以下直属机构综合管理类","用人司局：国家统计局江西调查总队
职位简介：从事数据处理、统计分析研究等工作。
专业要求：产业经济学、经济大数据分析、经济数学、应用经济学、大数据科学与应用、统计学类
学历要求：仅限硕士研究生
学位要求：硕士
政治面貌：中共党员
基层工作经历：无限制
考试类别：市（地）级及以下直属机构综合管理类
备注：1.需以最高学历所学主修专业报考；2.本单位最低服务年限为5年（含试用期）。","https://www.xuanhan.gov.cn/xxgk-show-77635.html#135114-400110114007","2023-10-15","{""dataset_year"":2024,""job_uid"":""GOV-2024-135114-400110114007"",""publisher"":""国家公务员局"",""publication_page"":""https://www.xuanhan.gov.cn/xxgk-show-77635.html"",""attachment_url"":""https://www.xuanhan.gov.cn/uploadfile/1/Attachment/638fdecf51.zip"",""local_source_file"":""中央机关及其直属机构2024年度考试录用公务员招考简章.xls"",""local_source_sha256"":""a1741b99dbecd6d03e533f99f2d69b0fa5a79733e551b80af69986ceed2ad996"",""source_sheet"":""中央国家行政机关参照公务员法管理事业单位"",""filter_version"":""government_tech_v2"",""tech_filter"":{""is_tech"":true,""is_core_tech"":true,""scope"":""core"",""categories"":[""computer_software"",""data_ai""],""matched_fields"":[""major"",""description""],""major_terms"":[""大数据"",""数据分析"",""数据科学""],""role_terms"":[""数据处理""],""reason"":""tech_major_and_role""},""original"":{""部门代码"":""135114"",""部门名称"":""国家统计局江西调查总队"",""用人司局"":""国家统计局江西调查总队"",""机构性质"":""中央国家行政机关参照公务员法管理事业单位"",""招考职位"":""九江调查队业务科室四级主任科员"",""职位属性"":""普通职位"",""职位分布"":""其他职位"",""职位简介"":""从事数据处理、统计分析研究等工作。"",""职位代码"":""400110114007"",""机构层级"":""市（地）级"",""考试类别"":""市（地）级及以下直属机构综合管理类"",""招考人数"":""1"",""专业"":""产业经济学、经济大数据分析、经济数学、应用经济学、大数据科学与应用、统计学类"",""学历"":""仅限硕士研究生"",""学位"":""硕士"",""政治面貌"":""中共党员"",""基层工作最低年限"":""无限制"",""服务基层项目工作经历"":""无限制"",""是否在面试阶段组织专业能力测试"":""否"",""面试人员比例"":""3:1"",""工作地点"":""江西省九江市"",""落户地点"":""江西省九江市"",""备注"":""1.需以最高学历所学主修专业报考；2.本单位最低服务年限为5年（含试用期）。"",""部门网站"":""无"",""咨询电话1"":""0791-88916002"",""咨询电话2"":""0791-88916003"",""咨询电话3"":"""",""来源Sheet"":""中央国家行政机关参照公务员法管理事业单位""}}"
"government_jobs","国家公务员2024招考简章","公务员/事业单位技术岗位","江西省九江市都昌县","2026-07-28T09:12:58.310295+00:00","都昌调查队一级科员（1）","国家统计局江西调查总队","","江西省九江市都昌县","公务员/事业单位;2024;computer_software;data_ai;仅限本科;学士;统计学类、数学类、经济学类、计算机类、中国语言文学类（中国少数民族语言文学、汉语国际教育、手语翻译除外）、农业经济管理类、新闻学;市（地）级及以下直属机构综合管理类","用人司局：国家统计局江西调查总队
职位简介：从事一线入户调查、数据处理、统计分析研究等工作。
专业要求：统计学类、数学类、经济学类、计算机类、中国语言文学类（中国少数民族语言文学、汉语国际教育、手语翻译除外）、农业经济管理类、新闻学
学历要求：仅限本科
学位要求：学士
政治面貌：不限
基层工作经历：二年
考试类别：市（地）级及以下直属机构综合管理类
备注：1.本岗位定向招录服务期满且考核合格的大学生村官或“三支一扶”计划人员；2.需以最高学历所学主修专业报考；3.本单位最低服务年限为5年(含试用期）。","https://www.xuanhan.gov.cn/xxgk-show-77635.html#135114-400110114012","2023-10-15","{""dataset_year"":2024,""job_uid"":""GOV-2024-135114-400110114012"",""publisher"":""国家公务员局"",""publication_page"":""https://www.xuanhan.gov.cn/xxgk-show-77635.html"",""attachment_url"":""https://www.xuanhan.gov.cn/uploadfile/1/Attachment/638fdecf51.zip"",""local_source_file"":""中央机关及其直属机构2024年度考试录用公务员招考简章.xls"",""local_source_sha256"":""a1741b99dbecd6d03e533f99f2d69b0fa5a79733e551b80af69986ceed2ad996"",""source_sheet"":""中央国家行政机关参照公务员法管理事业单位"",""filter_version"":""government_tech_v2"",""tech_filter"":{""is_tech"":true,""is_core_tech"":true,""scope"":""core"",""categories"":[""computer_software"",""data_ai""],""matched_fields"":[""major"",""description""],""major_terms"":[""计算机类""],""role_terms"":[""数据处理""],""reason"":""tech_major_and_role""},""original"":{""部门代码"":""135114"",""部门名称"":""国家统计局江西调查总队"",""用人司局"":""国家统计局江西调查总队"",""机构性质"":""中央国家行政机关参照公务员法管理事业单位"",""招考职位"":""都昌调查队一级科员（1）"",""职位属性"":""普通职位"",""职位分布"":""其他职位"",""职位简介"":""从事一线入户调查、数据处理、统计分析研究等工作。"",""职位代码"":""400110114012"",""机构层级"":""县（区）级及以下"",""考试类别"":""市（地）级及以下直属机构综合管理类"",""招考人数"":""1"",""专业"":""统计学类、数学类、经济学类、计算机类、中国语言文学类（中国少数民族语言文学、汉语国际教育、手语翻译除外）、农业经济管理类、新闻学"",""学历"":""仅限本科"",""学位"":""学士"",""政治面貌"":""不限"",""基层工作最低年限"":""二年"",""服务基层项目工作经历"":""大学生村官、“三支一扶”计划"",""是否在面试阶段组织专业能力测试"":""否"",""面试人员比例"":""3:1"",""工作地点"":""江西省九江市都昌县"",""落户地点"":""江西省九江市都昌县"",""备注"":""1.本岗位定向招录服务期满且考核合格的大学生村官或“三支一扶”计划人员；2.需以最高学历所学主修专业报考；3.本单位最低服务年限为5年(含试用期）。"",""部门网站"":""无"",""咨询电话1"":""0791-88916002"",""咨询电话2"":""0791-88916003"",""咨询电话3"":"""",""来源Sheet"":""中央国家行政机关参照公务员法管理事业单位""}}"
"government_jobs","国家公务员2024招考简章","公务员/事业单位技术岗位","江西省抚州市南城县","2026-07-28T09:12:58.310295+00:00","南城调查队一级科员","国家统计局江西调查总队","","江西省抚州市南城县","公务员/事业单位;2024;computer_software;data_ai;仅限本科;学士;统计学类、计算机类、会计学、审计学、财务管理;市（地）级及以下直属机构综合管理类","用人司局：国家统计局江西调查总队
职位简介：从事一线入户调查、数据处理、统计分析研究、财务等工作。
专业要求：统计学类、计算机类、会计学、审计学、财务管理
学历要求：仅限本科
学位要求：学士
政治面貌：不限
基层工作经历：无限制
考试类别：市（地）级及以下直属机构综合管理类
备注：1.限招应届高校毕业生；2.需以最高学历所学主修专业报考；3.本单位最低服务年限为5年（含试用期）。","https://www.xuanhan.gov.cn/xxgk-show-77635.html#135114-400110114022","2023-10-15","{""dataset_year"":2024,""job_uid"":""GOV-2024-135114-400110114022"",""publisher"":""国家公务员局"",""publication_page"":""https://www.xuanhan.gov.cn/xxgk-show-77635.html"",""attachment_url"":""https://www.xuanhan.gov.cn/uploadfile/1/Attachment/638fdecf51.zip"",""local_source_file"":""中央机关及其直属机构2024年度考试录用公务员招考简章.xls"",""local_source_sha256"":""a1741b99dbecd6d03e533f99f2d69b0fa5a79733e551b80af69986ceed2ad996"",""source_sheet"":""中央国家行政机关参照公务员法管理事业单位"",""filter_version"":""government_tech_v2"",""tech_filter"":{""is_tech"":true,""is_core_tech"":true,""scope"":""core"",""categories"":[""computer_software"",""data_ai""],""matched_fields"":[""major"",""description""],""major_terms"":[""计算机类""],""role_terms"":[""数据处理""],""reason"":""tech_major_and_role""},""original"":{""部门代码"":""135114"",""部门名称"":""国家统计局江西调查总队"",""用人司局"":""国家统计局江西调查总队"",""机构性质"":""中央国家行政机关参照公务员法管理事业单位"",""招考职位"":""南城调查队一级科员"",""职位属性"":""普通职位"",""职位分布"":""其他职位"",""职位简介"":""从事一线入户调查、数据处理、统计分析研究、财务等工作。"",""职位代码"":""400110114022"",""机构层级"":""县（区）级及以下"",""考试类别"":""市（地）级及以下直属机构综合管理类"",""招考人数"":""1"",""专业"":""统计学类、计算机类、会计学、审计学、财务管理"",""学历"":""仅限本科"",""学位"":""学士"",""政治面貌"":""不限"",""基层工作最低年限"":""无限制"",""服务基层项目工作经历"":""无限制"",""是否在面试阶段组织专业能力测试"":""否"",""面试人员比例"":""3:1"",""工作地点"":""江西省抚州市南城县"",""落户地点"":""江西省抚州市南城县"",""备注"":""1.限招应届高校毕业生；2.需以最高学历所学主修专业报考；3.本单位最低服务年限为5年（含试用期）。"",""部门网站"":""无"",""咨询电话1"":""0791-88916002"",""咨询电话2"":""0791-88916003"",""咨询电话3"":"""",""来源Sheet"":""中央国家行政机关参照公务员法管理事业单位""}}"
"government_jobs","国家公务员2024招考简章","公务员/事业单位技术岗位","江西省上饶市铅山县","2026-07-28T09:12:58.310295+00:00","铅山调查队一级科员（1）","国家统计局江西调查总队","","江西省上饶市铅山县","公务员/事业单位;2024;computer_software;data_ai;仅限本科;学士;统计学类、数学类、经济学类、计算机类、中国语言文学类（中国少数民族语言文学、汉语国际教育、手语翻译除外）、农业经济管理类、新闻学;市（地）级及以下直属机构综合管理类","用人司局：国家统计局江西调查总队
职位简介：从事一线入户调查、数据处理、统计分析研究等工作。
专业要求：统计学类、数学类、经济学类、计算机类、中国语言文学类（中国少数民族语言文学、汉语国际教育、手语翻译除外）、农业经济管理类、新闻学
学历要求：仅限本科
学位要求：学士
政治面貌：不限
基层工作经历：二年
考试类别：市（地）级及以下直属机构综合管理类
备注：1.本岗位定向招录服务期满且考核合格的大学生村官或“三支一扶”计划人员；2.需以最高学历所学主修专业报考；3.本单位最低服务年限为5年(含试用期）。","https://www.xuanhan.gov.cn/xxgk-show-77635.html#135114-400110114027","2023-10-15","{""dataset_year"":2024,""job_uid"":""GOV-2024-135114-400110114027"",""publisher"":""国家公务员局"",""publication_page"":""https://www.xuanhan.gov.cn/xxgk-show-77635.html"",""attachment_url"":""https://www.xuanhan.gov.cn/uploadfile/1/Attachment/638fdecf51.zip"",""local_source_file"":""中央机关及其直属机构2024年度考试录用公务员招考简章.xls"",""local_source_sha256"":""a1741b99dbecd6d03e533f99f2d69b0fa5a79733e551b80af69986ceed2ad996"",""source_sheet"":""中央国家行政机关参照公务员法管理事业单位"",""filter_version"":""government_tech_v2"",""tech_filter"":{""is_tech"":true,""is_core_tech"":true,""scope"":""core"",""categories"":[""computer_software"",""data_ai""],""matched_fields"":[""major"",""description""],""major_terms"":[""计算机类""],""role_terms"":[""数据处理""],""reason"":""tech_major_and_role""},""original"":{""部门代码"":""135114"",""部门名称"":""国家统计局江西调查总队"",""用人司局"":""国家统计局江西调查总队"",""机构性质"":""中央国家行政机关参照公务员法管理事业单位"",""招考职位"":""铅山调查队一级科员（1）"",""职位属性"":""普通职位"",""职位分布"":""其他职位"",""职位简介"":""从事一线入户调查、数据处理、统计分析研究等工作。"",""职位代码"":""400110114027"",""机构层级"":""县（区）级及以下"",""考试类别"":""市（地）级及以下直属机构综合管理类"",""招考人数"":""1"",""专业"":""统计学类、数学类、经济学类、计算机类、中国语言文学类（中国少数民族语言文学、汉语国际教育、手语翻译除外）、农业经济管理类、新闻学"",""学历"":""仅限本科"",""学位"":""学士"",""政治面貌"":""不限"",""基层工作最低年限"":""二年"",""服务基层项目工作经历"":""大学生村官、“三支一扶”计划"",""是否在面试阶段组织专业能力测试"":""否"",""面试人员比例"":""3:1"",""工作地点"":""江西省上饶市铅山县"",""落户地点"":""江西省上饶市铅山县"",""备注"":""1.本岗位定向招录服务期满且考核合格的大学生村官或“三支一扶”计划人员；2.需以最高学历所学主修专业报考；3.本单位最低服务年限为5年(含试用期）。"",""部门网站"":""无"",""咨询电话1"":""0791-88916002"",""咨询电话2"":""0791-88916003"",""咨询电话3"":"""",""来源Sheet"":""中央国家行政机关参照公务员法管理事业单位""}}"
"government_jobs","国家公务员2024招考简章","公务员/事业单位技术岗位","江西省上饶市弋阳县","2026-07-28T09:12:58.310295+00:00","弋阳调查队一级科员（1）","国家统计局江西调查总队","","江西省上饶市弋阳县","公务员/事业单位;2024;computer_software;data_ai;仅限本科;学士;统计学类、数学类、经济学类、计算机类、中国语言文学类（中国少数民族语言文学、汉语国际教育、手语翻译除外）、农业经济管理类、新闻学;市（地）级及以下直属机构综合管理类","用人司局：国家统计局江西调查总队
职位简介：从事一线入户调查、数据处理、统计分析研究、财务等工作。
专业要求：统计学类、数学类、经济学类、计算机类、中国语言文学类（中国少数民族语言文学、汉语国际教育、手语翻译除外）、农业经济管理类、新闻学
学历要求：仅限本科
学位要求：学士
政治面貌：不限
基层工作经历：二年
考试类别：市（地）级及以下直属机构综合管理类
备注：1.本岗位定向招录服务期满且考核合格的大学生村官或“三支一扶”计划人员；2.需以最高学历所学主修专业报考；3.本单位最低服务年限为5年(含试用期）。","https://www.xuanhan.gov.cn/xxgk-show-77635.html#135114-400110114029","2023-10-15","{""dataset_year"":2024,""job_uid"":""GOV-2024-135114-400110114029"",""publisher"":""国家公务员局"",""publication_page"":""https://www.xuanhan.gov.cn/xxgk-show-77635.html"",""attachment_url"":""https://www.xuanhan.gov.cn/uploadfile/1/Attachment/638fdecf51.zip"",""local_source_file"":""中央机关及其直属机构2024年度考试录用公务员招考简章.xls"",""local_source_sha256"":""a1741b99dbecd6d03e533f99f2d69b0fa5a79733e551b80af69986ceed2ad996"",""source_sheet"":""中央国家行政机关参照公务员法管理事业单位"",""filter_version"":""government_tech_v2"",""tech_filter"":{""is_tech"":true,""is_core_tech"":true,""scope"":""core"",""categories"":[""computer_software"",""data_ai""],""matched_fields"":[""major"",""description""],""major_terms"":[""计算机类""],""role_terms"":[""数据处理""],""reason"":""tech_major_and_role""},""original"":{""部门代码"":""135114"",""部门名称"":""国家统计局江西调查总队"",""用人司局"":""国家统计局江西调查总队"",""机构性质"":""中央国家行政机关参照公务员法管理事业单位"",""招考职位"":""弋阳调查队一级科员（1）"",""职位属性"":""普通职位"",""职位分布"":""其他职位"",""职位简介"":""从事一线入户调查、数据处理、统计分析研究、财务等工作。"",""职位代码"":""400110114029"",""机构层级"":""县（区）级及以下"",""考试类别"":""市（地）级及以下直属机构综合管理类"",""招考人数"":""1"",""专业"":""统计学类、数学类、经济学类、计算机类、中国语言文学类（中国少数民族语言文学、汉语国际教育、手语翻译除外）、农业经济管理类、新闻学"",""学历"":""仅限本科"",""学位"":""学士"",""政治面貌"":""不限"",""基层工作最低年限"":""二年"",""服务基层项目工作经历"":""大学生村官、“三支一扶”计划"",""是否在面试阶段组织专业能力测试"":""否"",""面试人员比例"":""3:1"",""工作地点"":""江西省上饶市弋阳县"",""落户地点"":""江西省上饶市弋阳县"",""备注"":""1.本岗位定向招录服务期满且考核合格的大学生村官或“三支一扶”计划人员；2.需以最高学历所学主修专业报考；3.本单位最低服务年限为5年(含试用期）。"",""部门网站"":""无"",""咨询电话1"":""0791-88916002"",""咨询电话2"":""0791-88916003"",""咨询电话3"":"""",""来源Sheet"":""中央国家行政机关参照公务员法管理事业单位""}}"
"government_jobs","国家公务员2024招考简章","公务员/事业单位技术岗位","山东省济南市","2026-07-28T09:12:58.310295+00:00","山东调查总队业务处室一级科员","国家统计局山东调查总队","","山东省济南市","公务员/事业单位;2024;computer_software;data_ai;仅限本科;学士;经济学类、数学类、统计学类、中国语言文学类（除中国少数民族语言文学、手语翻译以外）、新闻学、计算机类（除电影制作、服务科学与工程、虚拟现实技术、区块链工程以外）;中央机关及其省级直属机构综合管理类","用人司局：国家统计局山东调查总队
职位简介：从事统计调查、数据处理、统计分析研究等工作。
专业要求：经济学类、数学类、统计学类、中国语言文学类（除中国少数民族语言文学、手语翻译以外）、新闻学、计算机类（除电影制作、服务科学与工程、虚拟现实技术、区块链工程以外）
学历要求：仅限本科
学位要求：学士
政治面貌：不限
基层工作经历：无限制
考试类别：中央机关及其省级直属机构综合管理类
备注：须以最高学历所学主修专业报考；本单位最低服务年限为5年（含试用期）。","https://www.xuanhan.gov.cn/xxgk-show-77635.html#135115-400110115001","2023-10-15","{""dataset_year"":2024,""job_uid"":""GOV-2024-135115-400110115001"",""publisher"":""国家公务员局"",""publication_page"":""https://www.xuanhan.gov.cn/xxgk-show-77635.html"",""attachment_url"":""https://www.xuanhan.gov.cn/uploadfile/1/Attachment/638fdecf51.zip"",""local_source_file"":""中央机关及其直属机构2024年度考试录用公务员招考简章.xls"",""local_source_sha256"":""a1741b99dbecd6d03e533f99f2d69b0fa5a79733e551b80af69986ceed2ad996"",""source_sheet"":""中央国家行政机关参照公务员法管理事业单位"",""filter_version"":""government_tech_v2"",""tech_filter"":{""is_tech"":true,""is_core_tech"":true,""scope"":""core"",""categories"":[""computer_software"",""data_ai""],""matched_fields"":[""major"",""description""],""major_terms"":[""区块链工程"",""虚拟现实技术"",""计算机类""],""role_terms"":[""数据处理""],""reason"":""tech_major_and_role""},""original"":{""部门代码"":""135115"",""部门名称"":""国家统计局山东调查总队"",""用人司局"":""国家统计局山东调查总队"",""机构性质"":""中央国家行政机关参照公务员法管理事业单位"",""招考职位"":""山东调查总队业务处室一级科员"",""职位属性"":""普通职位"",""职位分布"":""其他职位"",""职位简介"":""从事统计调查、数据处理、统计分析研究等工作。"",""职位代码"":""400110115001"",""机构层级"":""省（副省）级"",""考试类别"":""中央机关及其省级直属机构综合管理类"",""招考人数"":""2"",""专业"":""经济学类、数学类、统计学类、中国语言文学类（除中国少数民族语言文学、手语翻译以外）、新闻学、计算机类（除电影制作、服务科学与工程、虚拟现实技术、区块链工程以外）"",""学历"":""仅限本科"",""学位"":""学士"",""政治面貌"":""不限"",""基层工作最低年限"":""无限制"",""服务基层项目工作经历"":""无限制"",""是否在面试阶段组织专业能力测试"":""否"",""面试人员比例"":""5:1"",""工作地点"":""山东省济南市"",""落户地点"":""山东省济南市"",""备注"":""须以最高学历所学主修专业报考；本单位最低服务年限为5年（含试用期）。"",""部门网站"":""无"",""咨询电话1"":""0531-51752015"",""咨询电话2"":""0531-51751998"",""咨询电话3"":""0531-51751997"",""来源Sheet"":""中央国家行政机关参照公务员法管理事业单位""}}"
"government_jobs","国家公务员2024招考简章","公务员/事业单位技术岗位","山东省济南市","2026-07-28T09:12:58.310295+00:00","山东调查总队业务处室四级主任科员（2）","国家统计局山东调查总队","","山东省济南市","公务员/事业单位;2024;computer_software;data_ai;仅限硕士研究生;硕士;应用经济学类（除财政学、国防经济以外）、数学类、计算机与科学技术类;中央机关及其省级直属机构综合管理类","用人司局：国家统计局山东调查总队
职位简介：从事统计调查、数据处理、统计分析研究、公文写作等工作。
专业要求：应用经济学类（除财政学、国防经济以外）、数学类、计算机与科学技术类
学历要求：仅限硕士研究生
学位要求：硕士
政治面貌：不限
基层工作经历：二年
考试类别：中央机关及其省级直属机构综合管理类
备注：须以最高学历所学主修专业报考；本单位最低服务年限为5年（含试用期）。","https://www.xuanhan.gov.cn/xxgk-show-77635.html#135115-400110115003","2023-10-15","{""dataset_year"":2024,""job_uid"":""GOV-2024-135115-400110115003"",""publisher"":""国家公务员局"",""publication_page"":""https://www.xuanhan.gov.cn/xxgk-show-77635.html"",""attachment_url"":""https://www.xuanhan.gov.cn/uploadfile/1/Attachment/638fdecf51.zip"",""local_source_file"":""中央机关及其直属机构2024年度考试录用公务员招考简章.xls"",""local_source_sha256"":""a1741b99dbecd6d03e533f99f2d69b0fa5a79733e551b80af69986ceed2ad996"",""source_sheet"":""中央国家行政机关参照公务员法管理事业单位"",""filter_version"":""government_tech_v2"",""tech_filter"":{""is_tech"":true,""is_core_tech"":true,""scope"":""core"",""categories"":[""computer_software"",""data_ai""],""matched_fields"":[""major"",""description""],""major_terms"":[""计算机""],""role_terms"":[""数据处理""],""reason"":""tech_major_and_role""},""original"":{""部门代码"":""135115"",""部门名称"":""国家统计局山东调查总队"",""用人司局"":""国家统计局山东调查总队"",""机构性质"":""中央国家行政机关参照公务员法管理事业单位"",""招考职位"":""山东调查总队业务处室四级主任科员（2）"",""职位属性"":""普通职位"",""职位分布"":""其他职位"",""职位简介"":""从事统计调查、数据处理、统计分析研究、公文写作等工作。"",""职位代码"":""400110115003"",""机构层级"":""省（副省）级"",""考试类别"":""中央机关及其省级直属机构综合管理类"",""招考人数"":""3"",""专业"":""应用经济学类（除财政学、国防经济以外）、数学类、计算机与科学技术类"",""学历"":""仅限硕士研究生"",""学位"":""硕士"",""政治面貌"":""不限"",""基层工作最低年限"":""二年"",""服务基层项目工作经历"":""无限制"",""是否在面试阶段组织专业能力测试"":""否"",""面试人员比例"":""5:1"",""工作地点"":""山东省济南市"",""落户地点"":""山东省济南市"",""备注"":""须以最高学历所学主修专业报考；本单位最低服务年限为5年（含试用期）。"",""部门网站"":""无"",""咨询电话1"":""0531-51752015"",""咨询电话2"":""0531-51751998"",""咨询电话3"":""0531-51751997"",""来源Sheet"":""中央国家行政机关参照公务员法管理事业单位""}}"
"government_jobs","国家公务员2024招考简章","公务员/事业单位技术岗位","山东省青岛市","2026-07-28T09:12:58.310295+00:00","青岛调查队业务处室一级科员","国家统计局山东调查总队","","山东省青岛市","公务员/事业单位;2024;computer_software;data_ai;仅限本科;学士;数学类、计算机类（除电影制作、服务科学与工程、虚拟现实技术、区块链工程以外）、经济学类、统计学类;中央机关及其省级直属机构综合管理类","用人司局：国家统计局山东调查总队
职位简介：从事一线统计调查、数据处理、公文写作、统计分析研究等工作。
专业要求：数学类、计算机类（除电影制作、服务科学与工程、虚拟现实技术、区块链工程以外）、经济学类、统计学类
学历要求：仅限本科
学位要求：学士
政治面貌：不限
基层工作经历：无限制
考试类别：中央机关及其省级直属机构综合管理类
备注：须以最高学历所学主修专业报考；本单位最低服务年限为5年（含试用期）。","https://www.xuanhan.gov.cn/xxgk-show-77635.html#135115-400110115005","2023-10-15","{""dataset_year"":2024,""job_uid"":""GOV-2024-135115-400110115005"",""publisher"":""国家公务员局"",""publication_page"":""https://www.xuanhan.gov.cn/xxgk-show-77635.html"",""attachment_url"":""https://www.xuanhan.gov.cn/uploadfile/1/Attachment/638fdecf51.zip"",""local_source_file"":""中央机关及其直属机构2024年度考试录用公务员招考简章.xls"",""local_source_sha256"":""a1741b99dbecd6d03e533f99f2d69b0fa5a79733e551b80af69986ceed2ad996"",""source_sheet"":""中央国家行政机关参照公务员法管理事业单位"",""filter_version"":""government_tech_v2"",""tech_filter"":{""is_tech"":true,""is_core_tech"":true,""scope"":""core"",""categories"":[""computer_software"",""data_ai""],""matched_fields"":[""major"",""description""],""major_terms"":[""区块链工程"",""虚拟现实技术"",""计算机类""],""role_terms"":[""数据处理""],""reason"":""tech_major_and_role""},""original"":{""部门代码"":""135115"",""部门名称"":""国家统计局山东调查总队"",""用人司局"":""国家统计局山东调查总队"",""机构性质"":""中央国家行政机关参照公务员法管理事业单位"",""招考职位"":""青岛调查队业务处室一级科员"",""职位属性"":""普通职位"",""职位分布"":""其他职位"",""职位简介"":""从事一线统计调查、数据处理、公文写作、统计分析研究等工作。"",""职位代码"":""400110115005"",""机构层级"":""省（副省）级"",""考试类别"":""中央机关及其省级直属机构综合管理类"",""招考人数"":""2"",""专业"":""数学类、计算机类（除电影制作、服务科学与工程、虚拟现实技术、区块链工程以外）、经济学类、统计学类"",""学历"":""仅限本科"",""学位"":""学士"",""政治面貌"":""不限"",""基层工作最低年限"":""无限制"",""服务基层项目工作经历"":""无限制"",""是否在面试阶段组织专业能力测试"":""否"",""面试人员比例"":""5:1"",""工作地点"":""山东省青岛市"",""落户地点"":""山东省青岛市"",""备注"":""须以最高学历所学主修专业报考；本单位最低服务年限为5年（含试用期）。"",""部门网站"":""无"",""咨询电话1"":""0531-51752015"",""咨询电话2"":""0531-51751998"",""咨询电话3"":""0531-51751997"",""来源Sheet"":""中央国家行政机关参照公务员法管理事业单位""}}"
"government_jobs","国家公务员2024招考简章","公务员/事业单位技术岗位","山东省东营市","2026-07-28T09:12:58.310295+00:00","东营调查队业务科室一级科员","国家统计局山东调查总队","","山东省东营市","公务员/事业单位;2024;computer_software;data_ai;仅限本科;学士;数学类、计算机类（除电影制作、服务科学与工程、虚拟现实技术、区块链工程以外）、经济学类、统计学类、会计学;市（地）级及以下直属机构综合管理类","用人司局：国家统计局山东调查总队
职位简介：从事一线统计调查、数据处理、统计分析研究等工作。
专业要求：数学类、计算机类（除电影制作、服务科学与工程、虚拟现实技术、区块链工程以外）、经济学类、统计学类、会计学
学历要求：仅限本科
学位要求：学士
政治面貌：不限
基层工作经历：无限制
考试类别：市（地）级及以下直属机构综合管理类
备注：限招应届高校毕业生；须以最高学历所学主修专业报考；本单位最低服务年限为5年（含试用期）；需经常下乡入户，条件较为艰苦。","https://www.xuanhan.gov.cn/xxgk-show-77635.html#135115-400110115010","2023-10-15","{""dataset_year"":2024,""job_uid"":""GOV-2024-135115-400110115010"",""publisher"":""国家公务员局"",""publication_page"":""https://www.xuanhan.gov.cn/xxgk-show-77635.html"",""attachment_url"":""https://www.xuanhan.gov.cn/uploadfile/1/Attachment/638fdecf51.zip"",""local_source_file"":""中央机关及其直属机构2024年度考试录用公务员招考简章.xls"",""local_source_sha256"":""a1741b99dbecd6d03e533f99f2d69b0fa5a79733e551b80af69986ceed2ad996"",""source_sheet"":""中央国家行政机关参照公务员法管理事业单位"",""filter_version"":""government_tech_v2"",""tech_filter"":{""is_tech"":true,""is_core_tech"":true,""scope"":""core"",""categories"":[""computer_software"",""data_ai""],""matched_fields"":[""major"",""description""],""major_terms"":[""区块链工程"",""虚拟现实技术"",""计算机类""],""role_terms"":[""数据处理""],""reason"":""tech_major_and_role""},""original"":{""部门代码"":""135115"",""部门名称"":""国家统计局山东调查总队"",""用人司局"":""国家统计局山东调查总队"",""机构性质"":""中央国家行政机关参照公务员法管理事业单位"",""招考职位"":""东营调查队业务科室一级科员"",""职位属性"":""普通职位"",""职位分布"":""其他职位"",""职位简介"":""从事一线统计调查、数据处理、统计分析研究等工作。"",""职位代码"":""400110115010"",""机构层级"":""市（地）级"",""考试类别"":""市（地）级及以下直属机构综合管理类"",""招考人数"":""1"",""专业"":""数学类、计算机类（除电影制作、服务科学与工程、虚拟现实技术、区块链工程以外）、经济学类、统计学类、会计学"",""学历"":""仅限本科"",""学位"":""学士"",""政治面貌"":""不限"",""基层工作最低年限"":""无限制"",""服务基层项目工作经历"":""无限制"",""是否在面试阶段组织专业能力测试"":""否"",""面试人员比例"":""3:1"",""工作地点"":""山东省东营市"",""落户地点"":""山东省东营市"",""备注"":""限招应届高校毕业生；须以最高学历所学主修专业报考；本单位最低服务年限为5年（含试用期）；需经常下乡入户，条件较为艰苦。"",""部门网站"":""无"",""咨询电话1"":""0531-51752015"",""咨询电话2"":""0531-51751998"",""咨询电话3"":""0531-51751997"",""来源Sheet"":""中央国家行政机关参照公务员法管理事业单位""}}"
"government_jobs","国家公务员2024招考简章","公务员/事业单位技术岗位","山东省烟台市","2026-07-28T09:12:58.310295+00:00","烟台调查队业务科室一级科员（1）","国家统计局山东调查总队","","山东省烟台市","公务员/事业单位;2024;computer_software;data_ai;仅限本科;学士;经济学类、统计学类、数学类、计算机类（除电影制作、服务科学与工程、虚拟现实技术、区块链工程以外）;市（地）级及以下直属机构综合管理类","用人司局：国家统计局山东调查总队
职位简介：从事一线统计调查、数据处理、公文写作、统计分析研究等工作。
专业要求：经济学类、统计学类、数学类、计算机类（除电影制作、服务科学与工程、虚拟现实技术、区块链工程以外）
学历要求：仅限本科
学位要求：学士
政治面貌：不限
基层工作经历：无限制
考试类别：市（地）级及以下直属机构综合管理类
备注：限招2024届高校毕业生；须以最高学历所学主修专业报考；本单位最低服务年限为5年（含试用期）；需经常下乡入户，条件较为艰苦。","https://www.xuanhan.gov.cn/xxgk-show-77635.html#135115-400110115011","2023-10-15","{""dataset_year"":2024,""job_uid"":""GOV-2024-135115-400110115011"",""publisher"":""国家公务员局"",""publication_page"":""https://www.xuanhan.gov.cn/xxgk-show-77635.html"",""attachment_url"":""https://www.xuanhan.gov.cn/uploadfile/1/Attachment/638fdecf51.zip"",""local_source_file"":""中央机关及其直属机构2024年度考试录用公务员招考简章.xls"",""local_source_sha256"":""a1741b99dbecd6d03e533f99f2d69b0fa5a79733e551b80af69986ceed2ad996"",""source_sheet"":""中央国家行政机关参照公务员法管理事业单位"",""filter_version"":""government_tech_v2"",""tech_filter"":{""is_tech"":true,""is_core_tech"":true,""scope"":""core"",""categories"":[""computer_software"",""data_ai""],""matched_fields"":[""major"",""description""],""major_terms"":[""区块链工程"",""虚拟现实技术"",""计算机类""],""role_terms"":[""数据处理""],""reason"":""tech_major_and_role""},""original"":{""部门代码"":""135115"",""部门名称"":""国家统计局山东调查总队"",""用人司局"":""国家统计局山东调查总队"",""机构性质"":""中央国家行政机关参照公务员法管理事业单位"",""招考职位"":""烟台调查队业务科室一级科员（1）"",""职位属性"":""普通职位"",""职位分布"":""其他职位"",""职位简介"":""从事一线统计调查、数据处理、公文写作、统计分析研究等工作。"",""职位代码"":""400110115011"",""机构层级"":""市（地）级"",""考试类别"":""市（地）级及以下直属机构综合管理类"",""招考人数"":""3"",""专业"":""经济学类、统计学类、数学类、计算机类（除电影制作、服务科学与工程、虚拟现实技术、区块链工程以外）"",""学历"":""仅限本科"",""学位"":""学士"",""政治面貌"":""不限"",""基层工作最低年限"":""无限制"",""服务基层项目工作经历"":""无限制"",""是否在面试阶段组织专业能力测试"":""否"",""面试人员比例"":""3:1"",""工作地点"":""山东省烟台市"",""落户地点"":""山东省烟台市"",""备注"":""限招2024届高校毕业生；须以最高学历所学主修专业报考；本单位最低服务年限为5年（含试用期）；需经常下乡入户，条件较为艰苦。"",""部门网站"":""无"",""咨询电话1"":""0531-51752015"",""咨询电话2"":""0531-51751998"",""咨询电话3"":""0531-51751997"",""来源Sheet"":""中央国家行政机关参照公务员法管理事业单位""}}"
"government_jobs","国家公务员2024招考简章","公务员/事业单位技术岗位","山东省济宁市","2026-07-28T09:12:58.310295+00:00","济宁调查队业务科室一级科员","国家统计局山东调查总队","","山东省济宁市","公务员/事业单位;2024;computer_software;data_ai;仅限本科;学士;计算机类（除电影制作、服务科学与工程、虚拟现实技术、区块链工程以外）、统计学类、数学类;市（地）级及以下直属机构综合管理类","用人司局：国家统计局山东调查总队
职位简介：从事一线统计调查、数据处理、统计分析研究等工作。
专业要求：计算机类（除电影制作、服务科学与工程、虚拟现实技术、区块链工程以外）、统计学类、数学类
学历要求：仅限本科
学位要求：学士
政治面貌：不限
基层工作经历：无限制
考试类别：市（地）级及以下直属机构综合管理类
备注：限招应届高校毕业生；须以最高学历所学主修专业报考；本单位最低服务年限为5年（含试用期）；需经常下乡入户，条件较为艰苦。","https://www.xuanhan.gov.cn/xxgk-show-77635.html#135115-400110115013","2023-10-15","{""dataset_year"":2024,""job_uid"":""GOV-2024-135115-400110115013"",""publisher"":""国家公务员局"",""publication_page"":""https://www.xuanhan.gov.cn/xxgk-show-77635.html"",""attachment_url"":""https://www.xuanhan.gov.cn/uploadfile/1/Attachment/638fdecf51.zip"",""local_source_file"":""中央机关及其直属机构2024年度考试录用公务员招考简章.xls"",""local_source_sha256"":""a1741b99dbecd6d03e533f99f2d69b0fa5a79733e551b80af69986ceed2ad996"",""source_sheet"":""中央国家行政机关参照公务员法管理事业单位"",""filter_version"":""government_tech_v2"",""tech_filter"":{""is_tech"":true,""is_core_tech"":true,""scope"":""core"",""categories"":[""computer_software"",""data_ai""],""matched_fields"":[""major"",""description""],""major_terms"":[""区块链工程"",""虚拟现实技术"",""计算机类""],""role_terms"":[""数据处理""],""reason"":""tech_major_and_role""},""original"":{""部门代码"":""135115"",""部门名称"":""国家统计局山东调查总队"",""用人司局"":""国家统计局山东调查总队"",""机构性质"":""中央国家行政机关参照公务员法管理事业单位"",""招考职位"":""济宁调查队业务科室一级科员"",""职位属性"":""普通职位"",""职位分布"":""其他职位"",""职位简介"":""从事一线统计调查、数据处理、统计分析研究等工作。"",""职位代码"":""400110115013"",""机构层级"":""市（地）级"",""考试类别"":""市（地）级及以下直属机构综合管理类"",""招考人数"":""1"",""专业"":""计算机类（除电影制作、服务科学与工程、虚拟现实技术、区块链工程以外）、统计学类、数学类"",""学历"":""仅限本科"",""学位"":""学士"",""政治面貌"":""不限"",""基层工作最低年限"":""无限制"",""服务基层项目工作经历"":""无限制"",""是否在面试阶段组织专业能力测试"":""否"",""面试人员比例"":""3:1"",""工作地点"":""山东省济宁市"",""落户地点"":""山东省济宁市"",""备注"":""限招应届高校毕业生；须以最高学历所学主修专业报考；本单位最低服务年限为5年（含试用期）；需经常下乡入户，条件较为艰苦。"",""部门网站"":""无"",""咨询电话1"":""0531-51752015"",""咨询电话2"":""0531-51751998"",""咨询电话3"":""0531-51751997"",""来源Sheet"":""中央国家行政机关参照公务员法管理事业单位""}}"
"government_jobs","国家公务员2024招考简章","公务员/事业单位技术岗位","山东省泰安市","2026-07-28T09:12:58.310295+00:00","泰安调查队业务科室一级科员","国家统计局山东调查总队","","山东省泰安市","公务员/事业单位;2024;computer_software;data_ai;仅限本科;学士;统计学类、数学类、经济学类、计算机类（除电影制作、服务科学与工程、虚拟现实技术、区块链工程以外）、法学、中国语言文学类（除中国少数民族语言文学、手语翻译以外）、会计学;市（地）级及以下直属机构综合管理类","用人司局：国家统计局山东调查总队
职位简介：从事一线统计调查、数据处理、统计分析研究等工作。
专业要求：统计学类、数学类、经济学类、计算机类（除电影制作、服务科学与工程、虚拟现实技术、区块链工程以外）、法学、中国语言文学类（除中国少数民族语言文学、手语翻译以外）、会计学
学历要求：仅限本科
学位要求：学士
政治面貌：不限
基层工作经历：无限制
考试类别：市（地）级及以下直属机构综合管理类
备注：限招应届高校毕业生；须以最高学历所学主修专业报考；本单位最低服务年限为5年（含试用期）；需经常下乡入户，条件较为艰苦。","https://www.xuanhan.gov.cn/xxgk-show-77635.html#135115-400110115014","2023-10-15","{""dataset_year"":2024,""job_uid"":""GOV-2024-135115-400110115014"",""publisher"":""国家公务员局"",""publication_page"":""https://www.xuanhan.gov.cn/xxgk-show-77635.html"",""attachment_url"":""https://www.xuanhan.gov.cn/uploadfile/1/Attachment/638fdecf51.zip"",""local_source_file"":""中央机关及其直属机构2024年度考试录用公务员招考简章.xls"",""local_source_sha256"":""a1741b99dbecd6d03e533f99f2d69b0fa5a79733e551b80af69986ceed2ad996"",""source_sheet"":""中央国家行政机关参照公务员法管理事业单位"",""filter_version"":""government_tech_v2"",""tech_filter"":{""is_tech"":true,""is_core_tech"":true,""scope"":""core"",""categories"":[""computer_software"",""data_ai""],""matched_fields"":[""major"",""description""],""major_terms"":[""区块链工程"",""虚拟现实技术"",""计算机类""],""role_terms"":[""数据处理""],""reason"":""tech_major_and_role""},""original"":{""部门代码"":""135115"",""部门名称"":""国家统计局山东调查总队"",""用人司局"":""国家统计局山东调查总队"",""机构性质"":""中央国家行政机关参照公务员法管理事业单位"",""招考职位"":""泰安调查队业务科室一级科员"",""职位属性"":""普通职位"",""职位分布"":""其他职位"",""职位简介"":""从事一线统计调查、数据处理、统计分析研究等工作。"",""职位代码"":""400110115014"",""机构层级"":""市（地）级"",""考试类别"":""市（地）级及以下直属机构综合管理类"",""招考人数"":""2"",""专业"":""统计学类、数学类、经济学类、计算机类（除电影制作、服务科学与工程、虚拟现实技术、区块链工程以外）、法学、中国语言文学类（除中国少数民族语言文学、手语翻译以外）、会计学"",""学历"":""仅限本科"",""学位"":""学士"",""政治面貌"":""不限"",""基层工作最低年限"":""无限制"",""服务基层项目工作经历"":""无限制"",""是否在面试阶段组织专业能力测试"":""否"",""面试人员比例"":""3:1"",""工作地点"":""山东省泰安市"",""落户地点"":""山东省泰安市"",""备注"":""限招应届高校毕业生；须以最高学历所学主修专业报考；本单位最低服务年限为5年（含试用期）；需经常下乡入户，条件较为艰苦。"",""部门网站"":""无"",""咨询电话1"":""0531-51752015"",""咨询电话2"":""0531-51751998"",""咨询电话3"":""0531-51751997"",""来源Sheet"":""中央国家行政机关参照公务员法管理事业单位""}}"
"government_jobs","国家公务员2024招考简章","公务员/事业单位技术岗位","山东省济南市莱芜区","2026-07-28T09:12:58.310295+00:00","莱芜调查队业务科室一级科员（1）","国家统计局山东调查总队","","山东省济南市莱芜区","公务员/事业单位;2024;computer_software;data_ai;仅限本科;学士;经济学类、统计学类、数学类、计算机类（除电影制作、服务科学与工程、虚拟现实技术、区块链工程以外）;市（地）级及以下直属机构综合管理类","用人司局：国家统计局山东调查总队
职位简介：从事一线统计调查、数据处理、公文写作、统计分析研究等工作。
专业要求：经济学类、统计学类、数学类、计算机类（除电影制作、服务科学与工程、虚拟现实技术、区块链工程以外）
学历要求：仅限本科
学位要求：学士
政治面貌：中共党员
基层工作经历：无限制
考试类别：市（地）级及以下直属机构综合管理类
备注：限招应届高校毕业生；须以最高学历所学主修专业报考；本单位最低服务年限为5年（含试用期）；需经常下乡入户，条件较为艰苦。","https://www.xuanhan.gov.cn/xxgk-show-77635.html#135115-400110115016","2023-10-15","{""dataset_year"":2024,""job_uid"":""GOV-2024-135115-400110115016"",""publisher"":""国家公务员局"",""publication_page"":""https://www.xuanhan.gov.cn/xxgk-show-77635.html"",""attachment_url"":""https://www.xuanhan.gov.cn/uploadfile/1/Attachment/638fdecf51.zip"",""local_source_file"":""中央机关及其直属机构2024年度考试录用公务员招考简章.xls"",""local_source_sha256"":""a1741b99dbecd6d03e533f99f2d69b0fa5a79733e551b80af69986ceed2ad996"",""source_sheet"":""中央国家行政机关参照公务员法管理事业单位"",""filter_version"":""government_tech_v2"",""tech_filter"":{""is_tech"":true,""is_core_tech"":true,""scope"":""core"",""categories"":[""computer_software"",""data_ai""],""matched_fields"":[""major"",""description""],""major_terms"":[""区块链工程"",""虚拟现实技术"",""计算机类""],""role_terms"":[""数据处理""],""reason"":""tech_major_and_role""},""original"":{""部门代码"":""135115"",""部门名称"":""国家统计局山东调查总队"",""用人司局"":""国家统计局山东调查总队"",""机构性质"":""中央国家行政机关参照公务员法管理事业单位"",""招考职位"":""莱芜调查队业务科室一级科员（1）"",""职位属性"":""普通职位"",""职位分布"":""其他职位"",""职位简介"":""从事一线统计调查、数据处理、公文写作、统计分析研究等工作。"",""职位代码"":""400110115016"",""机构层级"":""市（地）级"",""考试类别"":""市（地）级及以下直属机构综合管理类"",""招考人数"":""2"",""专业"":""经济学类、统计学类、数学类、计算机类（除电影制作、服务科学与工程、虚拟现实技术、区块链工程以外）"",""学历"":""仅限本科"",""学位"":""学士"",""政治面貌"":""中共党员"",""基层工作最低年限"":""无限制"",""服务基层项目工作经历"":""无限制"",""是否在面试阶段组织专业能力测试"":""否"",""面试人员比例"":""3:1"",""工作地点"":""山东省济南市莱芜区"",""落户地点"":""山东省济南市莱芜区"",""备注"":""限招应届高校毕业生；须以最高学历所学主修专业报考；本单位最低服务年限为5年（含试用期）；需经常下乡入户，条件较为艰苦。"",""部门网站"":""无"",""咨询电话1"":""0531-51752015"",""咨询电话2"":""0531-51751998"",""咨询电话3"":""0531-51751997"",""来源Sheet"":""中央国家行政机关参照公务员法管理事业单位""}}"
"government_jobs","国家公务员2024招考简章","公务员/事业单位技术岗位","山东省德州市","2026-07-28T09:12:58.310295+00:00","德州调查队业务科室一级科员","国家统计局山东调查总队","","山东省德州市","公务员/事业单位;2024;computer_software;data_ai;仅限本科;学士;经济学类、统计学类、数学类、计算机类（除电影制作、服务科学与工程、虚拟现实技术、区块链工程以外）、法学;市（地）级及以下直属机构综合管理类","用人司局：国家统计局山东调查总队
职位简介：从事一线统计调查、数据处理、统计分析研究等工作。
专业要求：经济学类、统计学类、数学类、计算机类（除电影制作、服务科学与工程、虚拟现实技术、区块链工程以外）、法学
学历要求：仅限本科
学位要求：学士
政治面貌：不限
基层工作经历：无限制
考试类别：市（地）级及以下直属机构综合管理类
备注：限招应届高校毕业生；须以最高学历所学主修专业报考；本单位最低服务年限为5年（含试用期）；需经常下乡入户，条件较为艰苦","https://www.xuanhan.gov.cn/xxgk-show-77635.html#135115-400110115021","2023-10-15","{""dataset_year"":2024,""job_uid"":""GOV-2024-135115-400110115021"",""publisher"":""国家公务员局"",""publication_page"":""https://www.xuanhan.gov.cn/xxgk-show-77635.html"",""attachment_url"":""https://www.xuanhan.gov.cn/uploadfile/1/Attachment/638fdecf51.zip"",""local_source_file"":""中央机关及其直属机构2024年度考试录用公务员招考简章.xls"",""local_source_sha256"":""a1741b99dbecd6d03e533f99f2d69b0fa5a79733e551b80af69986ceed2ad996"",""source_sheet"":""中央国家行政机关参照公务员法管理事业单位"",""filter_version"":""government_tech_v2"",""tech_filter"":{""is_tech"":true,""is_core_tech"":true,""scope"":""core"",""categories"":[""computer_software"",""data_ai""],""matched_fields"":[""major"",""description""],""major_terms"":[""区块链工程"",""虚拟现实技术"",""计算机类""],""role_terms"":[""数据处理""],""reason"":""tech_major_and_role""},""original"":{""部门代码"":""135115"",""部门名称"":""国家统计局山东调查总队"",""用人司局"":""国家统计局山东调查总队"",""机构性质"":""中央国家行政机关参照公务员法管理事业单位"",""招考职位"":""德州调查队业务科室一级科员"",""职位属性"":""普通职位"",""职位分布"":""其他职位"",""职位简介"":""从事一线统计调查、数据处理、统计分析研究等工作。"",""职位代码"":""400110115021"",""机构层级"":""市（地）级"",""考试类别"":""市（地）级及以下直属机构综合管理类"",""招考人数"":""2"",""专业"":""经济学类、统计学类、数学类、计算机类（除电影制作、服务科学与工程、虚拟现实技术、区块链工程以外）、法学"",""学历"":""仅限本科"",""学位"":""学士"",""政治面貌"":""不限"",""基层工作最低年限"":""无限制"",""服务基层项目工作经历"":""无限制"",""是否在面试阶段组织专业能力测试"":""否"",""面试人员比例"":""3:1"",""工作地点"":""山东省德州市"",""落户地点"":""山东省德州市"",""备注"":""限招应届高校毕业生；须以最高学历所学主修专业报考；本单位最低服务年限为5年（含试用期）；需经常下乡入户，条件较为艰苦"",""部门网站"":""无"",""咨询电话1"":""0531-51752015"",""咨询电话2"":""0531-51751998"",""咨询电话3"":""0531-51751997"",""来源Sheet"":""中央国家行政机关参照公务员法管理事业单位""}}"
"government_jobs","国家公务员2024招考简章","公务员/事业单位技术岗位","山东省青岛市黄岛区","2026-07-28T09:12:58.310295+00:00","青岛西海岸新区调查队一级科员","国家统计局山东调查总队","","山东省青岛市黄岛区","公务员/事业单位;2024;computer_software;data_ai;仅限本科;学士;统计学类、经济学类、中国语言文学类（除中国少数民族语言文学、手语翻译以外）、新闻学、会计学、财务管理、计算机类（除电影制作、服务科学与工程、虚拟现实技术、区块链工程以外）、经济与贸易类;市（地）级及以下直属机构综合管理类","用人司局：国家统计局山东调查总队
职位简介：从事一线统计调查、数据处理、公文写作、统计分析研究等工作。
专业要求：统计学类、经济学类、中国语言文学类（除中国少数民族语言文学、手语翻译以外）、新闻学、会计学、财务管理、计算机类（除电影制作、服务科学与工程、虚拟现实技术、区块链工程以外）、经济与贸易类
学历要求：仅限本科
学位要求：学士
政治面貌：不限
基层工作经历：无限制
考试类别：市（地）级及以下直属机构综合管理类
备注：须以最高学历所学主修专业报考；本单位最低服务年限为5年（含试用期）；需经常下乡入户，条件较为艰苦。","https://www.xuanhan.gov.cn/xxgk-show-77635.html#135115-400110115028","2023-10-15","{""dataset_year"":2024,""job_uid"":""GOV-2024-135115-400110115028"",""publisher"":""国家公务员局"",""publication_page"":""https://www.xuanhan.gov.cn/xxgk-show-77635.html"",""attachment_url"":""https://www.xuanhan.gov.cn/uploadfile/1/Attachment/638fdecf51.zip"",""local_source_file"":""中央机关及其直属机构2024年度考试录用公务员招考简章.xls"",""local_source_sha256"":""a1741b99dbecd6d03e533f99f2d69b0fa5a79733e551b80af69986ceed2ad996"",""source_sheet"":""中央国家行政机关参照公务员法管理事业单位"",""filter_version"":""government_tech_v2"",""tech_filter"":{""is_tech"":true,""is_core_tech"":true,""scope"":""core"",""categories"":[""computer_software"",""data_ai""],""matched_fields"":[""major"",""description""],""major_terms"":[""区块链工程"",""虚拟现实技术"",""计算机类""],""role_terms"":[""数据处理""],""reason"":""tech_major_and_role""},""original"":{""部门代码"":""135115"",""部门名称"":""国家统计局山东调查总队"",""用人司局"":""国家统计局山东调查总队"",""机构性质"":""中央国家行政机关参照公务员法管理事业单位"",""招考职位"":""青岛西海岸新区调查队一级科员"",""职位属性"":""普通职位"",""职位分布"":""其他职位"",""职位简介"":""从事一线统计调查、数据处理、公文写作、统计分析研究等工作。"",""职位代码"":""400110115028"",""机构层级"":""县（区）级及以下"",""考试类别"":""市（地）级及以下直属机构综合管理类"",""招考人数"":""2"",""专业"":""统计学类、经济学类、中国语言文学类（除中国少数民族语言文学、手语翻译以外）、新闻学、会计学、财务管理、计算机类（除电影制作、服务科学与工程、虚拟现实技术、区块链工程以外）、经济与贸易类"",""学历"":""仅限本科"",""学位"":""学士"",""政治面貌"":""不限"",""基层工作最低年限"":""无限制"",""服务基层项目工作经历"":""无限制"",""是否在面试阶段组织专业能力测试"":""否"",""面试人员比例"":""3:1"",""工作地点"":""山东省青岛市黄岛区"",""落户地点"":""山东省青岛市黄岛区"",""备注"":""须以最高学历所学主修专业报考；本单位最低服务年限为5年（含试用期）；需经常下乡入户，条件较为艰苦。"",""部门网站"":""无"",""咨询电话1"":""0531-51752015"",""咨询电话2"":""0531-51751998"",""咨询电话3"":""0531-51751997"",""来源Sheet"":""中央国家行政机关参照公务员法管理事业单位""}}"
"government_jobs","国家公务员2024招考简章","公务员/事业单位技术岗位","山东省青岛市胶州市","2026-07-28T09:12:58.310295+00:00","胶州调查队一级科员","国家统计局山东调查总队","","山东省青岛市胶州市","公务员/事业单位;2024;computer_software;data_ai;electronics_communication;仅限本科;学士;中国语言文学类（除中国少数民族语言文学、手语翻译以外）、统计学类、计算机类（除电影制作、服务科学与工程、虚拟现实技术、区块链工程以外）、通信工程、新闻学;市（地）级及以下直属机构综合管理类","用人司局：国家统计局山东调查总队
职位简介：从事一线统计调查、数据处理、公文写作、统计分析研究等工作。
专业要求：中国语言文学类（除中国少数民族语言文学、手语翻译以外）、统计学类、计算机类（除电影制作、服务科学与工程、虚拟现实技术、区块链工程以外）、通信工程、新闻学
学历要求：仅限本科
学位要求：学士
政治面貌：不限
基层工作经历：无限制
考试类别：市（地）级及以下直属机构综合管理类
备注：限招应届高校毕业生；须以最高学历所学主修专业报考；本单位最低服务年限为5年（含试用期）；需经常下乡入户，条件较为艰苦。","https://www.xuanhan.gov.cn/xxgk-show-77635.html#135115-400110115029","2023-10-15","{""dataset_year"":2024,""job_uid"":""GOV-2024-135115-400110115029"",""publisher"":""国家公务员局"",""publication_page"":""https://www.xuanhan.gov.cn/xxgk-show-77635.html"",""attachment_url"":""https://www.xuanhan.gov.cn/uploadfile/1/Attachment/638fdecf51.zip"",""local_source_file"":""中央机关及其直属机构2024年度考试录用公务员招考简章.xls"",""local_source_sha256"":""a1741b99dbecd6d03e533f99f2d69b0fa5a79733e551b80af69986ceed2ad996"",""source_sheet"":""中央国家行政机关参照公务员法管理事业单位"",""filter_version"":""government_tech_v2"",""tech_filter"":{""is_tech"":true,""is_core_tech"":true,""scope"":""core"",""categories"":[""computer_software"",""data_ai"",""electronics_communication""],""matched_fields"":[""major"",""description""],""major_terms"":[""区块链工程"",""虚拟现实技术"",""计算机类"",""通信工程""],""role_terms"":[""数据处理""],""reason"":""tech_major_and_role""},""original"":{""部门代码"":""135115"",""部门名称"":""国家统计局山东调查总队"",""用人司局"":""国家统计局山东调查总队"",""机构性质"":""中央国家行政机关参照公务员法管理事业单位"",""招考职位"":""胶州调查队一级科员"",""职位属性"":""普通职位"",""职位分布"":""其他职位"",""职位简介"":""从事一线统计调查、数据处理、公文写作、统计分析研究等工作。"",""职位代码"":""400110115029"",""机构层级"":""县（区）级及以下"",""考试类别"":""市（地）级及以下直属机构综合管理类"",""招考人数"":""1"",""专业"":""中国语言文学类（除中国少数民族语言文学、手语翻译以外）、统计学类、计算机类（除电影制作、服务科学与工程、虚拟现实技术、区块链工程以外）、通信工程、新闻学"",""学历"":""仅限本科"",""学位"":""学士"",""政治面貌"":""不限"",""基层工作最低年限"":""无限制"",""服务基层项目工作经历"":""无限制"",""是否在面试阶段组织专业能力测试"":""否"",""面试人员比例"":""3:1"",""工作地点"":""山东省青岛市胶州市"",""落户地点"":""山东省青岛市胶州市"",""备注"":""限招应届高校毕业生；须以最高学历所学主修专业报考；本单位最低服务年限为5年（含试用期）；需经常下乡入户，条件较为艰苦。"",""部门网站"":""无"",""咨询电话1"":""0531-51752015"",""咨询电话2"":""0531-51751998"",""咨询电话3"":""0531-51751997"",""来源Sheet"":""中央国家行政机关参照公务员法管理事业单位""}}"
"government_jobs","国家公务员2024招考简章","公务员/事业单位技术岗位","山东省青岛市平度市","2026-07-28T09:12:58.310295+00:00","平度调查队一级科员（1）","国家统计局山东调查总队","","山东省青岛市平度市","公务员/事业单位;2024;computer_software;data_ai;仅限本科;学士;统计学类、经济学类、计算机类（除电影制作、服务科学与工程、虚拟现实技术、区块链工程以外）、新闻学、网络与新媒体、法学、会计学、秘书学、信息管理与信息系统、工商管理;市（地）级及以下直属机构综合管理类","用人司局：国家统计局山东调查总队
职位简介：从事一线统计调查、数据处理、统计分析研究、统计新闻宣传等工作。
专业要求：统计学类、经济学类、计算机类（除电影制作、服务科学与工程、虚拟现实技术、区块链工程以外）、新闻学、网络与新媒体、法学、会计学、秘书学、信息管理与信息系统、工商管理
学历要求：仅限本科
学位要求：学士
政治面貌：不限
基层工作经历：无限制
考试类别：市（地）级及以下直属机构综合管理类
备注：限招应届高校毕业生；须以最高学历所学主修专业报考；本单位最低服务年限为5年（含试用期）；需经常下乡入户，条件较为艰苦。","https://www.xuanhan.gov.cn/xxgk-show-77635.html#135115-400110115030","2023-10-15","{""dataset_year"":2024,""job_uid"":""GOV-2024-135115-400110115030"",""publisher"":""国家公务员局"",""publication_page"":""https://www.xuanhan.gov.cn/xxgk-show-77635.html"",""attachment_url"":""https://www.xuanhan.gov.cn/uploadfile/1/Attachment/638fdecf51.zip"",""local_source_file"":""中央机关及其直属机构2024年度考试录用公务员招考简章.xls"",""local_source_sha256"":""a1741b99dbecd6d03e533f99f2d69b0fa5a79733e551b80af69986ceed2ad996"",""source_sheet"":""中央国家行政机关参照公务员法管理事业单位"",""filter_version"":""government_tech_v2"",""tech_filter"":{""is_tech"":true,""is_core_tech"":true,""scope"":""core"",""categories"":[""computer_software"",""data_ai""],""matched_fields"":[""major"",""description""],""major_terms"":[""区块链工程"",""虚拟现实技术"",""计算机类""],""role_terms"":[""数据处理""],""reason"":""tech_major_and_role""},""original"":{""部门代码"":""135115"",""部门名称"":""国家统计局山东调查总队"",""用人司局"":""国家统计局山东调查总队"",""机构性质"":""中央国家行政机关参照公务员法管理事业单位"",""招考职位"":""平度调查队一级科员（1）"",""职位属性"":""普通职位"",""职位分布"":""其他职位"",""职位简介"":""从事一线统计调查、数据处理、统计分析研究、统计新闻宣传等工作。"",""职位代码"":""400110115030"",""机构层级"":""县（区）级及以下"",""考试类别"":""市（地）级及以下直属机构综合管理类"",""招考人数"":""2"",""专业"":""统计学类、经济学类、计算机类（除电影制作、服务科学与工程、虚拟现实技术、区块链工程以外）、新闻学、网络与新媒体、法学、会计学、秘书学、信息管理与信息系统、工商管理"",""学历"":""仅限本科"",""学位"":""学士"",""政治面貌"":""不限"",""基层工作最低年限"":""无限制"",""服务基层项目工作经历"":""无限制"",""是否在面试阶段组织专业能力测试"":""否"",""面试人员比例"":""3:1"",""工作地点"":""山东省青岛市平度市"",""落户地点"":""山东省青岛市平度市"",""备注"":""限招应届高校毕业生；须以最高学历所学主修专业报考；本单位最低服务年限为5年（含试用期）；需经常下乡入户，条件较为艰苦。"",""部门网站"":""无"",""咨询电话1"":""0531-51752015"",""咨询电话2"":""0531-51751998"",""咨询电话3"":""0531-51751997"",""来源Sheet"":""中央国家行政机关参照公务员法管理事业单位""}}"
"government_jobs","国家公务员2024招考简章","公务员/事业单位技术岗位","山东省青岛市莱西市","2026-07-28T09:12:58.310295+00:00","莱西调查队一级科员","国家统计局山东调查总队","","山东省青岛市莱西市","公务员/事业单位;2024;data_ai;仅限本科;学士;统计学类、数学类、中国语言文学类（除中国少数民族语言文学、手语翻译以外）、会计学、财务管理、新闻学、农学、法学、信息管理与信息系统;市（地）级及以下直属机构综合管理类","用人司局：国家统计局山东调查总队
职位简介：从事一线统计调查、数据处理、统计分析研究等工作。
专业要求：统计学类、数学类、中国语言文学类（除中国少数民族语言文学、手语翻译以外）、会计学、财务管理、新闻学、农学、法学、信息管理与信息系统
学历要求：仅限本科
学位要求：学士
政治面貌：不限
基层工作经历：无限制
考试类别：市（地）级及以下直属机构综合管理类
备注：限招应届高校毕业生；须以最高学历所学主修专业报考；本单位最低服务年限为5年（含试用期）；需经常下乡入户，条件较为艰苦。","https://www.xuanhan.gov.cn/xxgk-show-77635.html#135115-400110115032","2023-10-15","{""dataset_year"":2024,""job_uid"":""GOV-2024-135115-400110115032"",""publisher"":""国家公务员局"",""publication_page"":""https://www.xuanhan.gov.cn/xxgk-show-77635.html"",""attachment_url"":""https://www.xuanhan.gov.cn/uploadfile/1/Attachment/638fdecf51.zip"",""local_source_file"":""中央机关及其直属机构2024年度考试录用公务员招考简章.xls"",""local_source_sha256"":""a1741b99dbecd6d03e533f99f2d69b0fa5a79733e551b80af69986ceed2ad996"",""source_sheet"":""中央国家行政机关参照公务员法管理事业单位"",""filter_version"":""government_tech_v2"",""tech_filter"":{""is_tech"":true,""is_core_tech"":true,""scope"":""core"",""categories"":[""data_ai""],""matched_fields"":[""description""],""major_terms"":[],""role_terms"":[""数据处理""],""reason"":""tech_role""},""original"":{""部门代码"":""135115"",""部门名称"":""国家统计局山东调查总队"",""用人司局"":""国家统计局山东调查总队"",""机构性质"":""中央国家行政机关参照公务员法管理事业单位"",""招考职位"":""莱西调查队一级科员"",""职位属性"":""普通职位"",""职位分布"":""其他职位"",""职位简介"":""从事一线统计调查、数据处理、统计分析研究等工作。"",""职位代码"":""400110115032"",""机构层级"":""县（区）级及以下"",""考试类别"":""市（地）级及以下直属机构综合管理类"",""招考人数"":""2"",""专业"":""统计学类、数学类、中国语言文学类（除中国少数民族语言文学、手语翻译以外）、会计学、财务管理、新闻学、农学、法学、信息管理与信息系统"",""学历"":""仅限本科"",""学位"":""学士"",""政治面貌"":""不限"",""基层工作最低年限"":""无限制"",""服务基层项目工作经历"":""无限制"",""是否在面试阶段组织专业能力测试"":""否"",""面试人员比例"":""3:1"",""工作地点"":""山东省青岛市莱西市"",""落户地点"":""山东省青岛市莱西市"",""备注"":""限招应届高校毕业生；须以最高学历所学主修专业报考；本单位最低服务年限为5年（含试用期）；需经常下乡入户，条件较为艰苦。"",""部门网站"":""无"",""咨询电话1"":""0531-51752015"",""咨询电话2"":""0531-51751998"",""咨询电话3"":""0531-51751997"",""来源Sheet"":""中央国家行政机关参照公务员法管理事业单位""}}"
"government_jobs","国家公务员2024招考简章","公务员/事业单位技术岗位","山东省淄博市博山区","2026-07-28T09:12:58.310295+00:00","博山调查队一级科员","国家统计局山东调查总队","","山东省淄博市博山区","公务员/事业单位;2024;computer_software;data_ai;仅限本科;学士;统计学类、数学类、计算机类（除电影制作、服务科学与工程、虚拟现实技术、区块链工程以外）;市（地）级及以下直属机构综合管理类","用人司局：国家统计局山东调查总队
职位简介：从事一线统计调查、数据处理、统计分析研究等工作。
专业要求：统计学类、数学类、计算机类（除电影制作、服务科学与工程、虚拟现实技术、区块链工程以外）
学历要求：仅限本科
学位要求：学士
政治面貌：不限
基层工作经历：无限制
考试类别：市（地）级及以下直属机构综合管理类
备注：限招应届高校毕业生；须以最高学历所学主修专业报考；本单位最低服务年限为5年（含试用期）；需经常下乡入户，条件较为艰苦。","https://www.xuanhan.gov.cn/xxgk-show-77635.html#135115-400110115034","2023-10-15","{""dataset_year"":2024,""job_uid"":""GOV-2024-135115-400110115034"",""publisher"":""国家公务员局"",""publication_page"":""https://www.xuanhan.gov.cn/xxgk-show-77635.html"",""attachment_url"":""https://www.xuanhan.gov.cn/uploadfile/1/Attachment/638fdecf51.zip"",""local_source_file"":""中央机关及其直属机构2024年度考试录用公务员招考简章.xls"",""local_source_sha256"":""a1741b99dbecd6d03e533f99f2d69b0fa5a79733e551b80af69986ceed2ad996"",""source_sheet"":""中央国家行政机关参照公务员法管理事业单位"",""filter_version"":""government_tech_v2"",""tech_filter"":{""is_tech"":true,""is_core_tech"":true,""scope"":""core"",""categories"":[""computer_software"",""data_ai""],""matched_fields"":[""major"",""description""],""major_terms"":[""区块链工程"",""虚拟现实技术"",""计算机类""],""role_terms"":[""数据处理""],""reason"":""tech_major_and_role""},""original"":{""部门代码"":""135115"",""部门名称"":""国家统计局山东调查总队"",""用人司局"":""国家统计局山东调查总队"",""机构性质"":""中央国家行政机关参照公务员法管理事业单位"",""招考职位"":""博山调查队一级科员"",""职位属性"":""普通职位"",""职位分布"":""其他职位"",""职位简介"":""从事一线统计调查、数据处理、统计分析研究等工作。"",""职位代码"":""400110115034"",""机构层级"":""县（区）级及以下"",""考试类别"":""市（地）级及以下直属机构综合管理类"",""招考人数"":""1"",""专业"":""统计学类、数学类、计算机类（除电影制作、服务科学与工程、虚拟现实技术、区块链工程以外）"",""学历"":""仅限本科"",""学位"":""学士"",""政治面貌"":""不限"",""基层工作最低年限"":""无限制"",""服务基层项目工作经历"":""无限制"",""是否在面试阶段组织专业能力测试"":""否"",""面试人员比例"":""3:1"",""工作地点"":""山东省淄博市博山区"",""落户地点"":""山东省淄博市博山区"",""备注"":""限招应届高校毕业生；须以最高学历所学主修专业报考；本单位最低服务年限为5年（含试用期）；需经常下乡入户，条件较为艰苦。"",""部门网站"":""无"",""咨询电话1"":""0531-51752015"",""咨询电话2"":""0531-51751998"",""咨询电话3"":""0531-51751997"",""来源Sheet"":""中央国家行政机关参照公务员法管理事业单位""}}"
"government_jobs","国家公务员2024招考简章","公务员/事业单位技术岗位","山东省枣庄市峄城区","2026-07-28T09:12:58.310295+00:00","峄城调查队一级科员","国家统计局山东调查总队","","山东省枣庄市峄城区","公务员/事业单位;2024;computer_software;data_ai;仅限本科;学士;经济学类、统计学类、数学类、中国语言文学类（除中国少数民族语言文学、手语翻译以外）、计算机类（除电影制作、服务科学与工程、虚拟现实技术、区块链工程以外）、会计学、财务管理;市（地）级及以下直属机构综合管理类","用人司局：国家统计局山东调查总队
职位简介：从事一线统计调查、数据处理、统计分析研究等工作。
专业要求：经济学类、统计学类、数学类、中国语言文学类（除中国少数民族语言文学、手语翻译以外）、计算机类（除电影制作、服务科学与工程、虚拟现实技术、区块链工程以外）、会计学、财务管理
学历要求：仅限本科
学位要求：学士
政治面貌：不限
基层工作经历：无限制
考试类别：市（地）级及以下直属机构综合管理类
备注：限招应届高校毕业生；须以最高学历所学主修专业报考；本单位最低服务年限为5年（含试用期）；需经常下乡入户，条件较为艰苦。","https://www.xuanhan.gov.cn/xxgk-show-77635.html#135115-400110115035","2023-10-15","{""dataset_year"":2024,""job_uid"":""GOV-2024-135115-400110115035"",""publisher"":""国家公务员局"",""publication_page"":""https://www.xuanhan.gov.cn/xxgk-show-77635.html"",""attachment_url"":""https://www.xuanhan.gov.cn/uploadfile/1/Attachment/638fdecf51.zip"",""local_source_file"":""中央机关及其直属机构2024年度考试录用公务员招考简章.xls"",""local_source_sha256"":""a1741b99dbecd6d03e533f99f2d69b0fa5a79733e551b80af69986ceed2ad996"",""source_sheet"":""中央国家行政机关参照公务员法管理事业单位"",""filter_version"":""government_tech_v2"",""tech_filter"":{""is_tech"":true,""is_core_tech"":true,""scope"":""core"",""categories"":[""computer_software"",""data_ai""],""matched_fields"":[""major"",""description""],""major_terms"":[""区块链工程"",""虚拟现实技术"",""计算机类""],""role_terms"":[""数据处理""],""reason"":""tech_major_and_role""},""original"":{""部门代码"":""135115"",""部门名称"":""国家统计局山东调查总队"",""用人司局"":""国家统计局山东调查总队"",""机构性质"":""中央国家行政机关参照公务员法管理事业单位"",""招考职位"":""峄城调查队一级科员"",""职位属性"":""普通职位"",""职位分布"":""其他职位"",""职位简介"":""从事一线统计调查、数据处理、统计分析研究等工作。"",""职位代码"":""400110115035"",""机构层级"":""县（区）级及以下"",""考试类别"":""市（地）级及以下直属机构综合管理类"",""招考人数"":""1"",""专业"":""经济学类、统计学类、数学类、中国语言文学类（除中国少数民族语言文学、手语翻译以外）、计算机类（除电影制作、服务科学与工程、虚拟现实技术、区块链工程以外）、会计学、财务管理"",""学历"":""仅限本科"",""学位"":""学士"",""政治面貌"":""不限"",""基层工作最低年限"":""无限制"",""服务基层项目工作经历"":""无限制"",""是否在面试阶段组织专业能力测试"":""否"",""面试人员比例"":""3:1"",""工作地点"":""山东省枣庄市峄城区"",""落户地点"":""山东省枣庄市峄城区"",""备注"":""限招应届高校毕业生；须以最高学历所学主修专业报考；本单位最低服务年限为5年（含试用期）；需经常下乡入户，条件较为艰苦。"",""部门网站"":""无"",""咨询电话1"":""0531-51752015"",""咨询电话2"":""0531-51751998"",""咨询电话3"":""0531-51751997"",""来源Sheet"":""中央国家行政机关参照公务员法管理事业单位""}}"
"government_jobs","国家公务员2024招考简章","公务员/事业单位技术岗位","山东省枣庄市滕州市","2026-07-28T09:12:58.310295+00:00","滕州调查队一级科员","国家统计局山东调查总队","","山东省枣庄市滕州市","公务员/事业单位;2024;computer_software;data_ai;仅限本科;学士;统计学类、计算机类（除电影制作、服务科学与工程、虚拟现实技术、区块链工程以外）、数学类;市（地）级及以下直属机构综合管理类","用人司局：国家统计局山东调查总队
职位简介：从事一线统计调查、数据处理、统计分析研究等工作。
专业要求：统计学类、计算机类（除电影制作、服务科学与工程、虚拟现实技术、区块链工程以外）、数学类
学历要求：仅限本科
学位要求：学士
政治面貌：不限
基层工作经历：无限制
考试类别：市（地）级及以下直属机构综合管理类
备注：限招应届高校毕业生；须以最高学历所学主修专业报考；本单位最低服务年限为5年（含试用期）；需经常下乡入户，条件较为艰苦。","https://www.xuanhan.gov.cn/xxgk-show-77635.html#135115-400110115036","2023-10-15","{""dataset_year"":2024,""job_uid"":""GOV-2024-135115-400110115036"",""publisher"":""国家公务员局"",""publication_page"":""https://www.xuanhan.gov.cn/xxgk-show-77635.html"",""attachment_url"":""https://www.xuanhan.gov.cn/uploadfile/1/Attachment/638fdecf51.zip"",""local_source_file"":""中央机关及其直属机构2024年度考试录用公务员招考简章.xls"",""local_source_sha256"":""a1741b99dbecd6d03e533f99f2d69b0fa5a79733e551b80af69986ceed2ad996"",""source_sheet"":""中央国家行政机关参照公务员法管理事业单位"",""filter_version"":""government_tech_v2"",""tech_filter"":{""is_tech"":true,""is_core_tech"":true,""scope"":""core"",""categories"":[""computer_software"",""data_ai""],""matched_fields"":[""major"",""description""],""major_terms"":[""区块链工程"",""虚拟现实技术"",""计算机类""],""role_terms"":[""数据处理""],""reason"":""tech_major_and_role""},""original"":{""部门代码"":""135115"",""部门名称"":""国家统计局山东调查总队"",""用人司局"":""国家统计局山东调查总队"",""机构性质"":""中央国家行政机关参照公务员法管理事业单位"",""招考职位"":""滕州调查队一级科员"",""职位属性"":""普通职位"",""职位分布"":""其他职位"",""职位简介"":""从事一线统计调查、数据处理、统计分析研究等工作。"",""职位代码"":""400110115036"",""机构层级"":""县（区）级及以下"",""考试类别"":""市（地）级及以下直属机构综合管理类"",""招考人数"":""1"",""专业"":""统计学类、计算机类（除电影制作、服务科学与工程、虚拟现实技术、区块链工程以外）、数学类"",""学历"":""仅限本科"",""学位"":""学士"",""政治面貌"":""不限"",""基层工作最低年限"":""无限制"",""服务基层项目工作经历"":""无限制"",""是否在面试阶段组织专业能力测试"":""否"",""面试人员比例"":""3:1"",""工作地点"":""山东省枣庄市滕州市"",""落户地点"":""山东省枣庄市滕州市"",""备注"":""限招应届高校毕业生；须以最高学历所学主修专业报考；本单位最低服务年限为5年（含试用期）；需经常下乡入户，条件较为艰苦。"",""部门网站"":""无"",""咨询电话1"":""0531-51752015"",""咨询电话2"":""0531-51751998"",""咨询电话3"":""0531-51751997"",""来源Sheet"":""中央国家行政机关参照公务员法管理事业单位""}}"
"government_jobs","国家公务员2024招考简章","公务员/事业单位技术岗位","山东省东营市利津县","2026-07-28T09:12:58.310295+00:00","利津调查队一级科员（1）","国家统计局山东调查总队","","山东省东营市利津县","公务员/事业单位;2024;computer_software;data_ai;仅限本科;学士;经济学类、经济与贸易类、统计学类、数学类、中国语言文学类（除中国少数民族语言文学、手语翻译以外）、计算机类（除电影制作、服务科学与工程、虚拟现实技术、区块链工程以外）、财务管理、会计学、农学;市（地）级及以下直属机构综合管理类","用人司局：国家统计局山东调查总队
职位简介：从事一线统计调查、数据处理、公文写作、统计分析研究等工作。
专业要求：经济学类、经济与贸易类、统计学类、数学类、中国语言文学类（除中国少数民族语言文学、手语翻译以外）、计算机类（除电影制作、服务科学与工程、虚拟现实技术、区块链工程以外）、财务管理、会计学、农学
学历要求：仅限本科
学位要求：学士
政治面貌：不限
基层工作经历：无限制
考试类别：市（地）级及以下直属机构综合管理类
备注：限招2024届高校毕业生；须以最高学历所学主修专业报考；本单位最低服务年限为5年（含试用期）；需经常下乡入户，条件较为艰苦。","https://www.xuanhan.gov.cn/xxgk-show-77635.html#135115-400110115037","2023-10-15","{""dataset_year"":2024,""job_uid"":""GOV-2024-135115-400110115037"",""publisher"":""国家公务员局"",""publication_page"":""https://www.xuanhan.gov.cn/xxgk-show-77635.html"",""attachment_url"":""https://www.xuanhan.gov.cn/uploadfile/1/Attachment/638fdecf51.zip"",""local_source_file"":""中央机关及其直属机构2024年度考试录用公务员招考简章.xls"",""local_source_sha256"":""a1741b99dbecd6d03e533f99f2d69b0fa5a79733e551b80af69986ceed2ad996"",""source_sheet"":""中央国家行政机关参照公务员法管理事业单位"",""filter_version"":""government_tech_v2"",""tech_filter"":{""is_tech"":true,""is_core_tech"":true,""scope"":""core"",""categories"":[""computer_software"",""data_ai""],""matched_fields"":[""major"",""description""],""major_terms"":[""区块链工程"",""虚拟现实技术"",""计算机类""],""role_terms"":[""数据处理""],""reason"":""tech_major_and_role""},""original"":{""部门代码"":""135115"",""部门名称"":""国家统计局山东调查总队"",""用人司局"":""国家统计局山东调查总队"",""机构性质"":""中央国家行政机关参照公务员法管理事业单位"",""招考职位"":""利津调查队一级科员（1）"",""职位属性"":""普通职位"",""职位分布"":""其他职位"",""职位简介"":""从事一线统计调查、数据处理、公文写作、统计分析研究等工作。"",""职位代码"":""400110115037"",""机构层级"":""县（区）级及以下"",""考试类别"":""市（地）级及以下直属机构综合管理类"",""招考人数"":""1"",""专业"":""经济学类、经济与贸易类、统计学类、数学类、中国语言文学类（除中国少数民族语言文学、手语翻译以外）、计算机类（除电影制作、服务科学与工程、虚拟现实技术、区块链工程以外）、财务管理、会计学、农学"",""学历"":""仅限本科"",""学位"":""学士"",""政治面貌"":""不限"",""基层工作最低年限"":""无限制"",""服务基层项目工作经历"":""无限制"",""是否在面试阶段组织专业能力测试"":""否"",""面试人员比例"":""3:1"",""工作地点"":""山东省东营市利津县"",""落户地点"":""山东省东营市利津县"",""备注"":""限招2024届高校毕业生；须以最高学历所学主修专业报考；本单位最低服务年限为5年（含试用期）；需经常下乡入户，条件较为艰苦。"",""部门网站"":""无"",""咨询电话1"":""0531-51752015"",""咨询电话2"":""0531-51751998"",""咨询电话3"":""0531-51751997"",""来源Sheet"":""中央国家行政机关参照公务员法管理事业单位""}}"
"government_jobs","国家公务员2024招考简章","公务员/事业单位技术岗位","山东省烟台市牟平区","2026-07-28T09:12:58.310295+00:00","牟平调查队一级科员","国家统计局山东调查总队","","山东省烟台市牟平区","公务员/事业单位;2024;computer_software;data_ai;仅限本科;学士;中国语言文学类（除中国少数民族语言文学、手语翻译以外）、计算机类（除电影制作、服务科学与工程、虚拟现实技术、区块链工程以外）、统计学类、会计学;市（地）级及以下直属机构综合管理类","用人司局：国家统计局山东调查总队
职位简介：从事一线统计调查、数据处理、公文写作、统计分析研究等工作。
专业要求：中国语言文学类（除中国少数民族语言文学、手语翻译以外）、计算机类（除电影制作、服务科学与工程、虚拟现实技术、区块链工程以外）、统计学类、会计学
学历要求：仅限本科
学位要求：学士
政治面貌：不限
基层工作经历：无限制
考试类别：市（地）级及以下直属机构综合管理类
备注：限招应届高校毕业生；须以最高学历所学主修专业报考；本单位最低服务年限为5年（含试用期）；需经常下乡入户，条件较为艰苦。","https://www.xuanhan.gov.cn/xxgk-show-77635.html#135115-400110115039","2023-10-15","{""dataset_year"":2024,""job_uid"":""GOV-2024-135115-400110115039"",""publisher"":""国家公务员局"",""publication_page"":""https://www.xuanhan.gov.cn/xxgk-show-77635.html"",""attachment_url"":""https://www.xuanhan.gov.cn/uploadfile/1/Attachment/638fdecf51.zip"",""local_source_file"":""中央机关及其直属机构2024年度考试录用公务员招考简章.xls"",""local_source_sha256"":""a1741b99dbecd6d03e533f99f2d69b0fa5a79733e551b80af69986ceed2ad996"",""source_sheet"":""中央国家行政机关参照公务员法管理事业单位"",""filter_version"":""government_tech_v2"",""tech_filter"":{""is_tech"":true,""is_core_tech"":true,""scope"":""core"",""categories"":[""computer_software"",""data_ai""],""matched_fields"":[""major"",""description""],""major_terms"":[""区块链工程"",""虚拟现实技术"",""计算机类""],""role_terms"":[""数据处理""],""reason"":""tech_major_and_role""},""original"":{""部门代码"":""135115"",""部门名称"":""国家统计局山东调查总队"",""用人司局"":""国家统计局山东调查总队"",""机构性质"":""中央国家行政机关参照公务员法管理事业单位"",""招考职位"":""牟平调查队一级科员"",""职位属性"":""普通职位"",""职位分布"":""其他职位"",""职位简介"":""从事一线统计调查、数据处理、公文写作、统计分析研究等工作。"",""职位代码"":""400110115039"",""机构层级"":""县（区）级及以下"",""考试类别"":""市（地）级及以下直属机构综合管理类"",""招考人数"":""2"",""专业"":""中国语言文学类（除中国少数民族语言文学、手语翻译以外）、计算机类（除电影制作、服务科学与工程、虚拟现实技术、区块链工程以外）、统计学类、会计学"",""学历"":""仅限本科"",""学位"":""学士"",""政治面貌"":""不限"",""基层工作最低年限"":""无限制"",""服务基层项目工作经历"":""无限制"",""是否在面试阶段组织专业能力测试"":""否"",""面试人员比例"":""3:1"",""工作地点"":""山东省烟台市牟平区"",""落户地点"":""山东省烟台市牟平区"",""备注"":""限招应届高校毕业生；须以最高学历所学主修专业报考；本单位最低服务年限为5年（含试用期）；需经常下乡入户，条件较为艰苦。"",""部门网站"":""无"",""咨询电话1"":""0531-51752015"",""咨询电话2"":""0531-51751998"",""咨询电话3"":""0531-51751997"",""来源Sheet"":""中央国家行政机关参照公务员法管理事业单位""}}"
"government_jobs","国家公务员2024招考简章","公务员/事业单位技术岗位","山东省潍坊市青州市","2026-07-28T09:12:58.310295+00:00","青州调查队一级科员（1）","国家统计局山东调查总队","","山东省潍坊市青州市","公务员/事业单位;2024;computer_software;data_ai;仅限本科;学士;计算机类（除电影制作、服务科学与工程、虚拟现实技术、区块链工程以外）、数学类、统计学类、会计学;市（地）级及以下直属机构综合管理类","用人司局：国家统计局山东调查总队
职位简介：从事一线统计调查、数据处理、公文写作、统计分析研究等工作。
专业要求：计算机类（除电影制作、服务科学与工程、虚拟现实技术、区块链工程以外）、数学类、统计学类、会计学
学历要求：仅限本科
学位要求：学士
政治面貌：不限
基层工作经历：无限制
考试类别：市（地）级及以下直属机构综合管理类
备注：限招应届高校毕业生；须以最高学历所学主修专业报考；本单位最低服务年限为5年（含试用期）；需经常下乡入户，条件较为艰苦。","https://www.xuanhan.gov.cn/xxgk-show-77635.html#135115-400110115042","2023-10-15","{""dataset_year"":2024,""job_uid"":""GOV-2024-135115-400110115042"",""publisher"":""国家公务员局"",""publication_page"":""https://www.xuanhan.gov.cn/xxgk-show-77635.html"",""attachment_url"":""https://www.xuanhan.gov.cn/uploadfile/1/Attachment/638fdecf51.zip"",""local_source_file"":""中央机关及其直属机构2024年度考试录用公务员招考简章.xls"",""local_source_sha256"":""a1741b99dbecd6d03e533f99f2d69b0fa5a79733e551b80af69986ceed2ad996"",""source_sheet"":""中央国家行政机关参照公务员法管理事业单位"",""filter_version"":""government_tech_v2"",""tech_filter"":{""is_tech"":true,""is_core_tech"":true,""scope"":""core"",""categories"":[""computer_software"",""data_ai""],""matched_fields"":[""major"",""description""],""major_terms"":[""区块链工程"",""虚拟现实技术"",""计算机类""],""role_terms"":[""数据处理""],""reason"":""tech_major_and_role""},""original"":{""部门代码"":""135115"",""部门名称"":""国家统计局山东调查总队"",""用人司局"":""国家统计局山东调查总队"",""机构性质"":""中央国家行政机关参照公务员法管理事业单位"",""招考职位"":""青州调查队一级科员（1）"",""职位属性"":""普通职位"",""职位分布"":""其他职位"",""职位简介"":""从事一线统计调查、数据处理、公文写作、统计分析研究等工作。"",""职位代码"":""400110115042"",""机构层级"":""县（区）级及以下"",""考试类别"":""市（地）级及以下直属机构综合管理类"",""招考人数"":""1"",""专业"":""计算机类（除电影制作、服务科学与工程、虚拟现实技术、区块链工程以外）、数学类、统计学类、会计学"",""学历"":""仅限本科"",""学位"":""学士"",""政治面貌"":""不限"",""基层工作最低年限"":""无限制"",""服务基层项目工作经历"":""无限制"",""是否在面试阶段组织专业能力测试"":""否"",""面试人员比例"":""3:1"",""工作地点"":""山东省潍坊市青州市"",""落户地点"":""山东省潍坊市青州市"",""备注"":""限招应届高校毕业生；须以最高学历所学主修专业报考；本单位最低服务年限为5年（含试用期）；需经常下乡入户，条件较为艰苦。"",""部门网站"":""无"",""咨询电话1"":""0531-51752015"",""咨询电话2"":""0531-51751998"",""咨询电话3"":""0531-51751997"",""来源Sheet"":""中央国家行政机关参照公务员法管理事业单位""}}"
"government_jobs","国家公务员2024招考简章","公务员/事业单位技术岗位","山东省潍坊市寿光市","2026-07-28T09:12:58.310295+00:00","寿光调查队一级科员","国家统计局山东调查总队","","山东省潍坊市寿光市","公务员/事业单位;2024;computer_software;data_ai;仅限本科;学士;统计学类、计算机类（除电影制作、服务科学与工程、虚拟现实技术、区块链工程以外）、法学;市（地）级及以下直属机构综合管理类","用人司局：国家统计局山东调查总队
职位简介：从事一线统计调查、数据处理、统计分析研究等工作。
专业要求：统计学类、计算机类（除电影制作、服务科学与工程、虚拟现实技术、区块链工程以外）、法学
学历要求：仅限本科
学位要求：学士
政治面貌：不限
基层工作经历：无限制
考试类别：市（地）级及以下直属机构综合管理类
备注：限招应届高校毕业生；须以最高学历所学主修专业报考；本单位最低服务年限为5年（含试用期）；需经常下乡入户，条件较为艰苦。","https://www.xuanhan.gov.cn/xxgk-show-77635.html#135115-400110115046","2023-10-15","{""dataset_year"":2024,""job_uid"":""GOV-2024-135115-400110115046"",""publisher"":""国家公务员局"",""publication_page"":""https://www.xuanhan.gov.cn/xxgk-show-77635.html"",""attachment_url"":""https://www.xuanhan.gov.cn/uploadfile/1/Attachment/638fdecf51.zip"",""local_source_file"":""中央机关及其直属机构2024年度考试录用公务员招考简章.xls"",""local_source_sha256"":""a1741b99dbecd6d03e533f99f2d69b0fa5a79733e551b80af69986ceed2ad996"",""source_sheet"":""中央国家行政机关参照公务员法管理事业单位"",""filter_version"":""government_tech_v2"",""tech_filter"":{""is_tech"":true,""is_core_tech"":true,""scope"":""core"",""categories"":[""computer_software"",""data_ai""],""matched_fields"":[""major"",""description""],""major_terms"":[""区块链工程"",""虚拟现实技术"",""计算机类""],""role_terms"":[""数据处理""],""reason"":""tech_major_and_role""},""original"":{""部门代码"":""135115"",""部门名称"":""国家统计局山东调查总队"",""用人司局"":""国家统计局山东调查总队"",""机构性质"":""中央国家行政机关参照公务员法管理事业单位"",""招考职位"":""寿光调查队一级科员"",""职位属性"":""普通职位"",""职位分布"":""其他职位"",""职位简介"":""从事一线统计调查、数据处理、统计分析研究等工作。"",""职位代码"":""400110115046"",""机构层级"":""县（区）级及以下"",""考试类别"":""市（地）级及以下直属机构综合管理类"",""招考人数"":""1"",""专业"":""统计学类、计算机类（除电影制作、服务科学与工程、虚拟现实技术、区块链工程以外）、法学"",""学历"":""仅限本科"",""学位"":""学士"",""政治面貌"":""不限"",""基层工作最低年限"":""无限制"",""服务基层项目工作经历"":""无限制"",""是否在面试阶段组织专业能力测试"":""否"",""面试人员比例"":""3:1"",""工作地点"":""山东省潍坊市寿光市"",""落户地点"":""山东省潍坊市寿光市"",""备注"":""限招应届高校毕业生；须以最高学历所学主修专业报考；本单位最低服务年限为5年（含试用期）；需经常下乡入户，条件较为艰苦。"",""部门网站"":""无"",""咨询电话1"":""0531-51752015"",""咨询电话2"":""0531-51751998"",""咨询电话3"":""0531-51751997"",""来源Sheet"":""中央国家行政机关参照公务员法管理事业单位""}}"
"government_jobs","国家公务员2024招考简章","公务员/事业单位技术岗位","山东省济宁市微山县","2026-07-28T09:12:58.310295+00:00","微山调查队一级科员","国家统计局山东调查总队","","山东省济宁市微山县","公务员/事业单位;2024;computer_software;data_ai;仅限本科;学士;统计学类、中国语言文学类（除中国少数民族语言文学、手语翻译以外）、计算机类（除电影制作、服务科学与工程、虚拟现实技术、区块链工程以外）、新闻学、会计学、农学;市（地）级及以下直属机构综合管理类","用人司局：国家统计局山东调查总队
职位简介：从事一线统计调查、数据处理、公文写作、统计分析研究等工作。
专业要求：统计学类、中国语言文学类（除中国少数民族语言文学、手语翻译以外）、计算机类（除电影制作、服务科学与工程、虚拟现实技术、区块链工程以外）、新闻学、会计学、农学
学历要求：仅限本科
学位要求：学士
政治面貌：不限
基层工作经历：无限制
考试类别：市（地）级及以下直属机构综合管理类
备注：须以最高学历所学主修专业报考；本单位最低服务年限为5年（含试用期）；需经常下乡入户，条件较为艰苦。","https://www.xuanhan.gov.cn/xxgk-show-77635.html#135115-400110115047","2023-10-15","{""dataset_year"":2024,""job_uid"":""GOV-2024-135115-400110115047"",""publisher"":""国家公务员局"",""publication_page"":""https://www.xuanhan.gov.cn/xxgk-show-77635.html"",""attachment_url"":""https://www.xuanhan.gov.cn/uploadfile/1/Attachment/638fdecf51.zip"",""local_source_file"":""中央机关及其直属机构2024年度考试录用公务员招考简章.xls"",""local_source_sha256"":""a1741b99dbecd6d03e533f99f2d69b0fa5a79733e551b80af69986ceed2ad996"",""source_sheet"":""中央国家行政机关参照公务员法管理事业单位"",""filter_version"":""government_tech_v2"",""tech_filter"":{""is_tech"":true,""is_core_tech"":true,""scope"":""core"",""categories"":[""computer_software"",""data_ai""],""matched_fields"":[""major"",""description""],""major_terms"":[""区块链工程"",""虚拟现实技术"",""计算机类""],""role_terms"":[""数据处理""],""reason"":""tech_major_and_role""},""original"":{""部门代码"":""135115"",""部门名称"":""国家统计局山东调查总队"",""用人司局"":""国家统计局山东调查总队"",""机构性质"":""中央国家行政机关参照公务员法管理事业单位"",""招考职位"":""微山调查队一级科员"",""职位属性"":""普通职位"",""职位分布"":""其他职位"",""职位简介"":""从事一线统计调查、数据处理、公文写作、统计分析研究等工作。"",""职位代码"":""400110115047"",""机构层级"":""县（区）级及以下"",""考试类别"":""市（地）级及以下直属机构综合管理类"",""招考人数"":""1"",""专业"":""统计学类、中国语言文学类（除中国少数民族语言文学、手语翻译以外）、计算机类（除电影制作、服务科学与工程、虚拟现实技术、区块链工程以外）、新闻学、会计学、农学"",""学历"":""仅限本科"",""学位"":""学士"",""政治面貌"":""不限"",""基层工作最低年限"":""无限制"",""服务基层项目工作经历"":""无限制"",""是否在面试阶段组织专业能力测试"":""否"",""面试人员比例"":""3:1"",""工作地点"":""山东省济宁市微山县"",""落户地点"":""山东省济宁市微山县"",""备注"":""须以最高学历所学主修专业报考；本单位最低服务年限为5年（含试用期）；需经常下乡入户，条件较为艰苦。"",""部门网站"":""无"",""咨询电话1"":""0531-51752015"",""咨询电话2"":""0531-51751998"",""咨询电话3"":""0531-51751997"",""来源Sheet"":""中央国家行政机关参照公务员法管理事业单位""}}"
"government_jobs","国家公务员2024招考简章","公务员/事业单位技术岗位","山东省德州市齐河县","2026-07-28T09:12:58.310295+00:00","齐河调查队一级科员","国家统计局山东调查总队","","山东省德州市齐河县","公务员/事业单位;2024;computer_software;data_ai;仅限本科;学士;统计学类、计算机类（除电影制作、服务科学与工程、虚拟现实技术、区块链工程以外）、会计学;市（地）级及以下直属机构综合管理类","用人司局：国家统计局山东调查总队
职位简介：从事一线统计调查、数据处理、统计分析研究等工作。
专业要求：统计学类、计算机类（除电影制作、服务科学与工程、虚拟现实技术、区块链工程以外）、会计学
学历要求：仅限本科
学位要求：学士
政治面貌：不限
基层工作经历：无限制
考试类别：市（地）级及以下直属机构综合管理类
备注：限招应届高校毕业生；须以最高学历所学主修专业报考；本单位最低服务年限为5年（含试用期）；需经常下乡入户，条件较为艰苦。","https://www.xuanhan.gov.cn/xxgk-show-77635.html#135115-400110115050","2023-10-15","{""dataset_year"":2024,""job_uid"":""GOV-2024-135115-400110115050"",""publisher"":""国家公务员局"",""publication_page"":""https://www.xuanhan.gov.cn/xxgk-show-77635.html"",""attachment_url"":""https://www.xuanhan.gov.cn/uploadfile/1/Attachment/638fdecf51.zip"",""local_source_file"":""中央机关及其直属机构2024年度考试录用公务员招考简章.xls"",""local_source_sha256"":""a1741b99dbecd6d03e533f99f2d69b0fa5a79733e551b80af69986ceed2ad996"",""source_sheet"":""中央国家行政机关参照公务员法管理事业单位"",""filter_version"":""government_tech_v2"",""tech_filter"":{""is_tech"":true,""is_core_tech"":true,""scope"":""core"",""categories"":[""computer_software"",""data_ai""],""matched_fields"":[""major"",""description""],""major_terms"":[""区块链工程"",""虚拟现实技术"",""计算机类""],""role_terms"":[""数据处理""],""reason"":""tech_major_and_role""},""original"":{""部门代码"":""135115"",""部门名称"":""国家统计局山东调查总队"",""用人司局"":""国家统计局山东调查总队"",""机构性质"":""中央国家行政机关参照公务员法管理事业单位"",""招考职位"":""齐河调查队一级科员"",""职位属性"":""普通职位"",""职位分布"":""其他职位"",""职位简介"":""从事一线统计调查、数据处理、统计分析研究等工作。"",""职位代码"":""400110115050"",""机构层级"":""县（区）级及以下"",""考试类别"":""市（地）级及以下直属机构综合管理类"",""招考人数"":""1"",""专业"":""统计学类、计算机类（除电影制作、服务科学与工程、虚拟现实技术、区块链工程以外）、会计学"",""学历"":""仅限本科"",""学位"":""学士"",""政治面貌"":""不限"",""基层工作最低年限"":""无限制"",""服务基层项目工作经历"":""无限制"",""是否在面试阶段组织专业能力测试"":""否"",""面试人员比例"":""3:1"",""工作地点"":""山东省德州市齐河县"",""落户地点"":""山东省德州市齐河县"",""备注"":""限招应届高校毕业生；须以最高学历所学主修专业报考；本单位最低服务年限为5年（含试用期）；需经常下乡入户，条件较为艰苦。"",""部门网站"":""无"",""咨询电话1"":""0531-51752015"",""咨询电话2"":""0531-51751998"",""咨询电话3"":""0531-51751997"",""来源Sheet"":""中央国家行政机关参照公务员法管理事业单位""}}"
"government_jobs","国家公务员2024招考简章","公务员/事业单位技术岗位","山东省聊城市东昌府区","2026-07-28T09:12:58.310295+00:00","东昌府调查队一级科员","国家统计局山东调查总队","","山东省聊城市东昌府区","公务员/事业单位;2024;computer_software;data_ai;仅限本科;学士;统计学类、计算机类（除电影制作、服务科学与工程、虚拟现实技术、区块链工程以外）、会计学、数学类、经济学类、中国语言文学类（除中国少数民族语言文学、手语翻译以外）;市（地）级及以下直属机构综合管理类","用人司局：国家统计局山东调查总队
职位简介：从事一线统计调查、数据处理、统计分析研究等工作。
专业要求：统计学类、计算机类（除电影制作、服务科学与工程、虚拟现实技术、区块链工程以外）、会计学、数学类、经济学类、中国语言文学类（除中国少数民族语言文学、手语翻译以外）
学历要求：仅限本科
学位要求：学士
政治面貌：不限
基层工作经历：无限制
考试类别：市（地）级及以下直属机构综合管理类
备注：限招应届高校毕业生；须以最高学历所学主修专业报考；本单位最低服务年限为5年（含试用期）；需经常下乡入户，条件较为艰苦。","https://www.xuanhan.gov.cn/xxgk-show-77635.html#135115-400110115051","2023-10-15","{""dataset_year"":2024,""job_uid"":""GOV-2024-135115-400110115051"",""publisher"":""国家公务员局"",""publication_page"":""https://www.xuanhan.gov.cn/xxgk-show-77635.html"",""attachment_url"":""https://www.xuanhan.gov.cn/uploadfile/1/Attachment/638fdecf51.zip"",""local_source_file"":""中央机关及其直属机构2024年度考试录用公务员招考简章.xls"",""local_source_sha256"":""a1741b99dbecd6d03e533f99f2d69b0fa5a79733e551b80af69986ceed2ad996"",""source_sheet"":""中央国家行政机关参照公务员法管理事业单位"",""filter_version"":""government_tech_v2"",""tech_filter"":{""is_tech"":true,""is_core_tech"":true,""scope"":""core"",""categories"":[""computer_software"",""data_ai""],""matched_fields"":[""major"",""description""],""major_terms"":[""区块链工程"",""虚拟现实技术"",""计算机类""],""role_terms"":[""数据处理""],""reason"":""tech_major_and_role""},""original"":{""部门代码"":""135115"",""部门名称"":""国家统计局山东调查总队"",""用人司局"":""国家统计局山东调查总队"",""机构性质"":""中央国家行政机关参照公务员法管理事业单位"",""招考职位"":""东昌府调查队一级科员"",""职位属性"":""普通职位"",""职位分布"":""其他职位"",""职位简介"":""从事一线统计调查、数据处理、统计分析研究等工作。"",""职位代码"":""400110115051"",""机构层级"":""县（区）级及以下"",""考试类别"":""市（地）级及以下直属机构综合管理类"",""招考人数"":""1"",""专业"":""统计学类、计算机类（除电影制作、服务科学与工程、虚拟现实技术、区块链工程以外）、会计学、数学类、经济学类、中国语言文学类（除中国少数民族语言文学、手语翻译以外）"",""学历"":""仅限本科"",""学位"":""学士"",""政治面貌"":""不限"",""基层工作最低年限"":""无限制"",""服务基层项目工作经历"":""无限制"",""是否在面试阶段组织专业能力测试"":""否"",""面试人员比例"":""3:1"",""工作地点"":""山东省聊城市东昌府区"",""落户地点"":""山东省聊城市东昌府区"",""备注"":""限招应届高校毕业生；须以最高学历所学主修专业报考；本单位最低服务年限为5年（含试用期）；需经常下乡入户，条件较为艰苦。"",""部门网站"":""无"",""咨询电话1"":""0531-51752015"",""咨询电话2"":""0531-51751998"",""咨询电话3"":""0531-51751997"",""来源Sheet"":""中央国家行政机关参照公务员法管理事业单位""}}"
"government_jobs","国家公务员2024招考简章","公务员/事业单位技术岗位","河南省郑州市","2026-07-28T09:12:58.310295+00:00","河南调查总队业务处室二级主任科员及以下3","国家统计局河南调查总队","","河南省郑州市","公务员/事业单位;2024;computer_software;data_ai;仅限硕士研究生;硕士;计算机科学与技术类;中央机关及其省级直属机构综合管理类","用人司局：国家统计局河南调查总队
职位简介：从事统计调查、统计分析、数据处理、统计研究等相关工作。
专业要求：计算机科学与技术类
学历要求：仅限硕士研究生
学位要求：硕士
政治面貌：不限
基层工作经历：无限制
考试类别：中央机关及其省级直属机构综合管理类
备注：本单位最低服务年限为5年（含试用期）。","https://www.xuanhan.gov.cn/xxgk-show-77635.html#135116-400110116035","2023-10-15","{""dataset_year"":2024,""job_uid"":""GOV-2024-135116-400110116035"",""publisher"":""国家公务员局"",""publication_page"":""https://www.xuanhan.gov.cn/xxgk-show-77635.html"",""attachment_url"":""https://www.xuanhan.gov.cn/uploadfile/1/Attachment/638fdecf51.zip"",""local_source_file"":""中央机关及其直属机构2024年度考试录用公务员招考简章.xls"",""local_source_sha256"":""a1741b99dbecd6d03e533f99f2d69b0fa5a79733e551b80af69986ceed2ad996"",""source_sheet"":""中央国家行政机关参照公务员法管理事业单位"",""filter_version"":""government_tech_v2"",""tech_filter"":{""is_tech"":true,""is_core_tech"":true,""scope"":""core"",""categories"":[""computer_software"",""data_ai""],""matched_fields"":[""major"",""description""],""major_terms"":[""计算机科学与技术""],""role_terms"":[""数据处理""],""reason"":""tech_major_and_role""},""original"":{""部门代码"":""135116"",""部门名称"":""国家统计局河南调查总队"",""用人司局"":""国家统计局河南调查总队"",""机构性质"":""中央国家行政机关参照公务员法管理事业单位"",""招考职位"":""河南调查总队业务处室二级主任科员及以下3"",""职位属性"":""普通职位"",""职位分布"":""其他职位"",""职位简介"":""从事统计调查、统计分析、数据处理、统计研究等相关工作。"",""职位代码"":""400110116035"",""机构层级"":""省（副省）级"",""考试类别"":""中央机关及其省级直属机构综合管理类"",""招考人数"":""1"",""专业"":""计算机科学与技术类"",""学历"":""仅限硕士研究生"",""学位"":""硕士"",""政治面貌"":""不限"",""基层工作最低年限"":""无限制"",""服务基层项目工作经历"":""无限制"",""是否在面试阶段组织专业能力测试"":""否"",""面试人员比例"":""5:1"",""工作地点"":""河南省郑州市"",""落户地点"":""河南省郑州市"",""备注"":""本单位最低服务年限为5年（含试用期）。"",""部门网站"":""http://hazd.stats.gov.cn/"",""咨询电话1"":""0371-60336373"",""咨询电话2"":""0371-60336206"",""咨询电话3"":"""",""来源Sheet"":""中央国家行政机关参照公务员法管理事业单位""}}"
"government_jobs","国家公务员2024招考简章","公务员/事业单位技术岗位","河南省洛阳市","2026-07-28T09:12:58.310295+00:00","洛阳调查队业务科室一级科员","国家统计局河南调查总队","","河南省洛阳市","公务员/事业单位;2024;computer_software;data_ai;仅限本科;学士;统计学类、数学类、计算机类;市（地）级及以下直属机构综合管理类","用人司局：国家统计局河南调查总队
职位简介：从事一线入户调查、数据处理、统计分析、统计研究等工作。
专业要求：统计学类、数学类、计算机类
学历要求：仅限本科
学位要求：学士
政治面貌：不限
基层工作经历：无限制
考试类别：市（地）级及以下直属机构综合管理类
备注：1.限应届高校毕业生；2.本单位最低服务年限为5年（含试用期）。","https://www.xuanhan.gov.cn/xxgk-show-77635.html#135116-400110116037","2023-10-15","{""dataset_year"":2024,""job_uid"":""GOV-2024-135116-400110116037"",""publisher"":""国家公务员局"",""publication_page"":""https://www.xuanhan.gov.cn/xxgk-show-77635.html"",""attachment_url"":""https://www.xuanhan.gov.cn/uploadfile/1/Attachment/638fdecf51.zip"",""local_source_file"":""中央机关及其直属机构2024年度考试录用公务员招考简章.xls"",""local_source_sha256"":""a1741b99dbecd6d03e533f99f2d69b0fa5a79733e551b80af69986ceed2ad996"",""source_sheet"":""中央国家行政机关参照公务员法管理事业单位"",""filter_version"":""government_tech_v2"",""tech_filter"":{""is_tech"":true,""is_core_tech"":true,""scope"":""core"",""categories"":[""computer_software"",""data_ai""],""matched_fields"":[""major"",""description""],""major_terms"":[""计算机类""],""role_terms"":[""数据处理""],""reason"":""tech_major_and_role""},""original"":{""部门代码"":""135116"",""部门名称"":""国家统计局河南调查总队"",""用人司局"":""国家统计局河南调查总队"",""机构性质"":""中央国家行政机关参照公务员法管理事业单位"",""招考职位"":""洛阳调查队业务科室一级科员"",""职位属性"":""普通职位"",""职位分布"":""其他职位"",""职位简介"":""从事一线入户调查、数据处理、统计分析、统计研究等工作。"",""职位代码"":""400110116037"",""机构层级"":""市（地）级"",""考试类别"":""市（地）级及以下直属机构综合管理类"",""招考人数"":""2"",""专业"":""统计学类、数学类、计算机类"",""学历"":""仅限本科"",""学位"":""学士"",""政治面貌"":""不限"",""基层工作最低年限"":""无限制"",""服务基层项目工作经历"":""无限制"",""是否在面试阶段组织专业能力测试"":""否"",""面试人员比例"":""3:1"",""工作地点"":""河南省洛阳市"",""落户地点"":""河南省洛阳市"",""备注"":""1.限应届高校毕业生；2.本单位最低服务年限为5年（含试用期）。"",""部门网站"":""http://hazd.stats.gov.cn/"",""咨询电话1"":""0371-60336373"",""咨询电话2"":""0371-60336206"",""咨询电话3"":"""",""来源Sheet"":""中央国家行政机关参照公务员法管理事业单位""}}"
"government_jobs","国家公务员2024招考简章","公务员/事业单位技术岗位","河南省平顶山市","2026-07-28T09:12:58.310295+00:00","平顶山调查队业务科室一级科员","国家统计局河南调查总队","","河南省平顶山市","公务员/事业单位;2024;computer_software;data_ai;仅限本科;学士;统计学类、数学类、计算机类;市（地）级及以下直属机构综合管理类","用人司局：国家统计局河南调查总队
职位简介：从事一线入户调查、数据处理、统计分析、统计研究等工作。
专业要求：统计学类、数学类、计算机类
学历要求：仅限本科
学位要求：学士
政治面貌：不限
基层工作经历：无限制
考试类别：市（地）级及以下直属机构综合管理类
备注：1.限应届高校毕业生；2.本单位最低服务年限为5年（含试用期）。","https://www.xuanhan.gov.cn/xxgk-show-77635.html#135116-400110116038","2023-10-15","{""dataset_year"":2024,""job_uid"":""GOV-2024-135116-400110116038"",""publisher"":""国家公务员局"",""publication_page"":""https://www.xuanhan.gov.cn/xxgk-show-77635.html"",""attachment_url"":""https://www.xuanhan.gov.cn/uploadfile/1/Attachment/638fdecf51.zip"",""local_source_file"":""中央机关及其直属机构2024年度考试录用公务员招考简章.xls"",""local_source_sha256"":""a1741b99dbecd6d03e533f99f2d69b0fa5a79733e551b80af69986ceed2ad996"",""source_sheet"":""中央国家行政机关参照公务员法管理事业单位"",""filter_version"":""government_tech_v2"",""tech_filter"":{""is_tech"":true,""is_core_tech"":true,""scope"":""core"",""categories"":[""computer_software"",""data_ai""],""matched_fields"":[""major"",""description""],""major_terms"":[""计算机类""],""role_terms"":[""数据处理""],""reason"":""tech_major_and_role""},""original"":{""部门代码"":""135116"",""部门名称"":""国家统计局河南调查总队"",""用人司局"":""国家统计局河南调查总队"",""机构性质"":""中央国家行政机关参照公务员法管理事业单位"",""招考职位"":""平顶山调查队业务科室一级科员"",""职位属性"":""普通职位"",""职位分布"":""其他职位"",""职位简介"":""从事一线入户调查、数据处理、统计分析、统计研究等工作。"",""职位代码"":""400110116038"",""机构层级"":""市（地）级"",""考试类别"":""市（地）级及以下直属机构综合管理类"",""招考人数"":""2"",""专业"":""统计学类、数学类、计算机类"",""学历"":""仅限本科"",""学位"":""学士"",""政治面貌"":""不限"",""基层工作最低年限"":""无限制"",""服务基层项目工作经历"":""无限制"",""是否在面试阶段组织专业能力测试"":""否"",""面试人员比例"":""3:1"",""工作地点"":""河南省平顶山市"",""落户地点"":""河南省平顶山市"",""备注"":""1.限应届高校毕业生；2.本单位最低服务年限为5年（含试用期）。"",""部门网站"":""http://hazd.stats.gov.cn/"",""咨询电话1"":""0371-60336373"",""咨询电话2"":""0371-60336206"",""咨询电话3"":"""",""来源Sheet"":""中央国家行政机关参照公务员法管理事业单位""}}"
"government_jobs","国家公务员2024招考简章","公务员/事业单位技术岗位","河南省洛阳市孟津区","2026-07-28T09:12:58.310295+00:00","孟津调查队一级科员","国家统计局河南调查总队","","河南省洛阳市孟津区","公务员/事业单位;2024;computer_software;data_ai;仅限本科;学士;统计学类、数学类、计算机类;市（地）级及以下直属机构综合管理类","用人司局：国家统计局河南调查总队
职位简介：从事一线入户调查、数据处理、统计分析、统计研究等工作。
专业要求：统计学类、数学类、计算机类
学历要求：仅限本科
学位要求：学士
政治面貌：不限
基层工作经历：无限制
考试类别：市（地）级及以下直属机构综合管理类
备注：1.限应届高校毕业生；2.本单位最低服务年限为5年（含试用期）。","https://www.xuanhan.gov.cn/xxgk-show-77635.html#135116-400110116043","2023-10-15","{""dataset_year"":2024,""job_uid"":""GOV-2024-135116-400110116043"",""publisher"":""国家公务员局"",""publication_page"":""https://www.xuanhan.gov.cn/xxgk-show-77635.html"",""attachment_url"":""https://www.xuanhan.gov.cn/uploadfile/1/Attachment/638fdecf51.zip"",""local_source_file"":""中央机关及其直属机构2024年度考试录用公务员招考简章.xls"",""local_source_sha256"":""a1741b99dbecd6d03e533f99f2d69b0fa5a79733e551b80af69986ceed2ad996"",""source_sheet"":""中央国家行政机关参照公务员法管理事业单位"",""filter_version"":""government_tech_v2"",""tech_filter"":{""is_tech"":true,""is_core_tech"":true,""scope"":""core"",""categories"":[""computer_software"",""data_ai""],""matched_fields"":[""major"",""description""],""major_terms"":[""计算机类""],""role_terms"":[""数据处理""],""reason"":""tech_major_and_role""},""original"":{""部门代码"":""135116"",""部门名称"":""国家统计局河南调查总队"",""用人司局"":""国家统计局河南调查总队"",""机构性质"":""中央国家行政机关参照公务员法管理事业单位"",""招考职位"":""孟津调查队一级科员"",""职位属性"":""普通职位"",""职位分布"":""其他职位"",""职位简介"":""从事一线入户调查、数据处理、统计分析、统计研究等工作。"",""职位代码"":""400110116043"",""机构层级"":""县（区）级及以下"",""考试类别"":""市（地）级及以下直属机构综合管理类"",""招考人数"":""1"",""专业"":""统计学类、数学类、计算机类"",""学历"":""仅限本科"",""学位"":""学士"",""政治面貌"":""不限"",""基层工作最低年限"":""无限制"",""服务基层项目工作经历"":""无限制"",""是否在面试阶段组织专业能力测试"":""否"",""面试人员比例"":""3:1"",""工作地点"":""河南省洛阳市孟津区"",""落户地点"":""河南省洛阳市孟津区"",""备注"":""1.限应届高校毕业生；2.本单位最低服务年限为5年（含试用期）。"",""部门网站"":""http://hazd.stats.gov.cn/"",""咨询电话1"":""0371-60336373"",""咨询电话2"":""0371-60336206"",""咨询电话3"":"""",""来源Sheet"":""中央国家行政机关参照公务员法管理事业单位""}}"
"government_jobs","国家公务员2024招考简章","公务员/事业单位技术岗位","河南省平顶山市叶县","2026-07-28T09:12:58.310295+00:00","叶县调查队一级科员1","国家统计局河南调查总队","","河南省平顶山市叶县","公务员/事业单位;2024;computer_software;data_ai;仅限本科;学士;统计学类、数学类、计算机类;市（地）级及以下直属机构综合管理类","用人司局：国家统计局河南调查总队
职位简介：从事一线入户调查、数据处理、统计分析、统计研究等工作。
专业要求：统计学类、数学类、计算机类
学历要求：仅限本科
学位要求：学士
政治面貌：不限
基层工作经历：无限制
考试类别：市（地）级及以下直属机构综合管理类
备注：1.限应届高校毕业生；2.本单位最低服务年限为5年（含试用期）。","https://www.xuanhan.gov.cn/xxgk-show-77635.html#135116-400110116044","2023-10-15","{""dataset_year"":2024,""job_uid"":""GOV-2024-135116-400110116044"",""publisher"":""国家公务员局"",""publication_page"":""https://www.xuanhan.gov.cn/xxgk-show-77635.html"",""attachment_url"":""https://www.xuanhan.gov.cn/uploadfile/1/Attachment/638fdecf51.zip"",""local_source_file"":""中央机关及其直属机构2024年度考试录用公务员招考简章.xls"",""local_source_sha256"":""a1741b99dbecd6d03e533f99f2d69b0fa5a79733e551b80af69986ceed2ad996"",""source_sheet"":""中央国家行政机关参照公务员法管理事业单位"",""filter_version"":""government_tech_v2"",""tech_filter"":{""is_tech"":true,""is_core_tech"":true,""scope"":""core"",""categories"":[""computer_software"",""data_ai""],""matched_fields"":[""major"",""description""],""major_terms"":[""计算机类""],""role_terms"":[""数据处理""],""reason"":""tech_major_and_role""},""original"":{""部门代码"":""135116"",""部门名称"":""国家统计局河南调查总队"",""用人司局"":""国家统计局河南调查总队"",""机构性质"":""中央国家行政机关参照公务员法管理事业单位"",""招考职位"":""叶县调查队一级科员1"",""职位属性"":""普通职位"",""职位分布"":""其他职位"",""职位简介"":""从事一线入户调查、数据处理、统计分析、统计研究等工作。"",""职位代码"":""400110116044"",""机构层级"":""县（区）级及以下"",""考试类别"":""市（地）级及以下直属机构综合管理类"",""招考人数"":""1"",""专业"":""统计学类、数学类、计算机类"",""学历"":""仅限本科"",""学位"":""学士"",""政治面貌"":""不限"",""基层工作最低年限"":""无限制"",""服务基层项目工作经历"":""无限制"",""是否在面试阶段组织专业能力测试"":""否"",""面试人员比例"":""3:1"",""工作地点"":""河南省平顶山市叶县"",""落户地点"":""河南省平顶山市叶县"",""备注"":""1.限应届高校毕业生；2.本单位最低服务年限为5年（含试用期）。"",""部门网站"":""http://hazd.stats.gov.cn/"",""咨询电话1"":""0371-60336373"",""咨询电话2"":""0371-60336206"",""咨询电话3"":"""",""来源Sheet"":""中央国家行政机关参照公务员法管理事业单位""}}"
"government_jobs","国家公务员2024招考简章","公务员/事业单位技术岗位","河南省安阳市汤阴县","2026-07-28T09:12:58.310295+00:00","汤阴调查队一级科员1","国家统计局河南调查总队","","河南省安阳市汤阴县","公务员/事业单位;2024;computer_software;data_ai;仅限本科;学士;统计学类、数学类、计算机类;市（地）级及以下直属机构综合管理类","用人司局：国家统计局河南调查总队
职位简介：从事一线入户调查、数据处理、统计分析、统计研究等工作。
专业要求：统计学类、数学类、计算机类
学历要求：仅限本科
学位要求：学士
政治面貌：不限
基层工作经历：无限制
考试类别：市（地）级及以下直属机构综合管理类
备注：1.限应届高校毕业生；2.本单位最低服务年限为5年（含试用期）。","https://www.xuanhan.gov.cn/xxgk-show-77635.html#135116-400110116046","2023-10-15","{""dataset_year"":2024,""job_uid"":""GOV-2024-135116-400110116046"",""publisher"":""国家公务员局"",""publication_page"":""https://www.xuanhan.gov.cn/xxgk-show-77635.html"",""attachment_url"":""https://www.xuanhan.gov.cn/uploadfile/1/Attachment/638fdecf51.zip"",""local_source_file"":""中央机关及其直属机构2024年度考试录用公务员招考简章.xls"",""local_source_sha256"":""a1741b99dbecd6d03e533f99f2d69b0fa5a79733e551b80af69986ceed2ad996"",""source_sheet"":""中央国家行政机关参照公务员法管理事业单位"",""filter_version"":""government_tech_v2"",""tech_filter"":{""is_tech"":true,""is_core_tech"":true,""scope"":""core"",""categories"":[""computer_software"",""data_ai""],""matched_fields"":[""major"",""description""],""major_terms"":[""计算机类""],""role_terms"":[""数据处理""],""reason"":""tech_major_and_role""},""original"":{""部门代码"":""135116"",""部门名称"":""国家统计局河南调查总队"",""用人司局"":""国家统计局河南调查总队"",""机构性质"":""中央国家行政机关参照公务员法管理事业单位"",""招考职位"":""汤阴调查队一级科员1"",""职位属性"":""普通职位"",""职位分布"":""其他职位"",""职位简介"":""从事一线入户调查、数据处理、统计分析、统计研究等工作。"",""职位代码"":""400110116046"",""机构层级"":""县（区）级及以下"",""考试类别"":""市（地）级及以下直属机构综合管理类"",""招考人数"":""1"",""专业"":""统计学类、数学类、计算机类"",""学历"":""仅限本科"",""学位"":""学士"",""政治面貌"":""不限"",""基层工作最低年限"":""无限制"",""服务基层项目工作经历"":""无限制"",""是否在面试阶段组织专业能力测试"":""否"",""面试人员比例"":""3:1"",""工作地点"":""河南省安阳市汤阴县"",""落户地点"":""河南省安阳市汤阴县"",""备注"":""1.限应届高校毕业生；2.本单位最低服务年限为5年（含试用期）。"",""部门网站"":""http://hazd.stats.gov.cn/"",""咨询电话1"":""0371-60336373"",""咨询电话2"":""0371-60336206"",""咨询电话3"":"""",""来源Sheet"":""中央国家行政机关参照公务员法管理事业单位""}}"
"government_jobs","国家公务员2024招考简章","公务员/事业单位技术岗位","河南省焦作市修武县","2026-07-28T09:12:58.310295+00:00","修武调查队一级科员","国家统计局河南调查总队","","河南省焦作市修武县","公务员/事业单位;2024;computer_software;data_ai;仅限本科;学士;统计学类、计算机类;市（地）级及以下直属机构综合管理类","用人司局：国家统计局河南调查总队
职位简介：从事一线入户调查、数据处理、统计分析、统计研究等工作。
专业要求：统计学类、计算机类
学历要求：仅限本科
学位要求：学士
政治面貌：中共党员
基层工作经历：无限制
考试类别：市（地）级及以下直属机构综合管理类
备注：本单位最低服务年限为5年（含试用期）。","https://www.xuanhan.gov.cn/xxgk-show-77635.html#135116-400110116049","2023-10-15","{""dataset_year"":2024,""job_uid"":""GOV-2024-135116-400110116049"",""publisher"":""国家公务员局"",""publication_page"":""https://www.xuanhan.gov.cn/xxgk-show-77635.html"",""attachment_url"":""https://www.xuanhan.gov.cn/uploadfile/1/Attachment/638fdecf51.zip"",""local_source_file"":""中央机关及其直属机构2024年度考试录用公务员招考简章.xls"",""local_source_sha256"":""a1741b99dbecd6d03e533f99f2d69b0fa5a79733e551b80af69986ceed2ad996"",""source_sheet"":""中央国家行政机关参照公务员法管理事业单位"",""filter_version"":""government_tech_v2"",""tech_filter"":{""is_tech"":true,""is_core_tech"":true,""scope"":""core"",""categories"":[""computer_software"",""data_ai""],""matched_fields"":[""major"",""description""],""major_terms"":[""计算机类""],""role_terms"":[""数据处理""],""reason"":""tech_major_and_role""},""original"":{""部门代码"":""135116"",""部门名称"":""国家统计局河南调查总队"",""用人司局"":""国家统计局河南调查总队"",""机构性质"":""中央国家行政机关参照公务员法管理事业单位"",""招考职位"":""修武调查队一级科员"",""职位属性"":""普通职位"",""职位分布"":""其他职位"",""职位简介"":""从事一线入户调查、数据处理、统计分析、统计研究等工作。"",""职位代码"":""400110116049"",""机构层级"":""县（区）级及以下"",""考试类别"":""市（地）级及以下直属机构综合管理类"",""招考人数"":""1"",""专业"":""统计学类、计算机类"",""学历"":""仅限本科"",""学位"":""学士"",""政治面貌"":""中共党员"",""基层工作最低年限"":""无限制"",""服务基层项目工作经历"":""无限制"",""是否在面试阶段组织专业能力测试"":""否"",""面试人员比例"":""3:1"",""工作地点"":""河南省焦作市修武县"",""落户地点"":""河南省焦作市修武县"",""备注"":""本单位最低服务年限为5年（含试用期）。"",""部门网站"":""http://hazd.stats.gov.cn/"",""咨询电话1"":""0371-60336373"",""咨询电话2"":""0371-60336206"",""咨询电话3"":"""",""来源Sheet"":""中央国家行政机关参照公务员法管理事业单位""}}"
"government_jobs","国家公务员2024招考简章","公务员/事业单位技术岗位","河南省三门峡市卢氏县","2026-07-28T09:12:58.310295+00:00","卢氏调查队一级科员","国家统计局河南调查总队","","河南省三门峡市卢氏县","公务员/事业单位;2024;computer_software;data_ai;仅限本科;学士;统计学类、数学类、计算机类;市（地）级及以下直属机构综合管理类","用人司局：国家统计局河南调查总队
职位简介：从事一线入户调查、数据处理、统计分析、统计研究等工作。
专业要求：统计学类、数学类、计算机类
学历要求：仅限本科
学位要求：学士
政治面貌：不限
基层工作经历：无限制
考试类别：市（地）级及以下直属机构综合管理类
备注：1.限应届高校毕业生；2.本单位最低服务年限为5年（含试用期）。","https://www.xuanhan.gov.cn/xxgk-show-77635.html#135116-400110116052","2023-10-15","{""dataset_year"":2024,""job_uid"":""GOV-2024-135116-400110116052"",""publisher"":""国家公务员局"",""publication_page"":""https://www.xuanhan.gov.cn/xxgk-show-77635.html"",""attachment_url"":""https://www.xuanhan.gov.cn/uploadfile/1/Attachment/638fdecf51.zip"",""local_source_file"":""中央机关及其直属机构2024年度考试录用公务员招考简章.xls"",""local_source_sha256"":""a1741b99dbecd6d03e533f99f2d69b0fa5a79733e551b80af69986ceed2ad996"",""source_sheet"":""中央国家行政机关参照公务员法管理事业单位"",""filter_version"":""government_tech_v2"",""tech_filter"":{""is_tech"":true,""is_core_tech"":true,""scope"":""core"",""categories"":[""computer_software"",""data_ai""],""matched_fields"":[""major"",""description""],""major_terms"":[""计算机类""],""role_terms"":[""数据处理""],""reason"":""tech_major_and_role""},""original"":{""部门代码"":""135116"",""部门名称"":""国家统计局河南调查总队"",""用人司局"":""国家统计局河南调查总队"",""机构性质"":""中央国家行政机关参照公务员法管理事业单位"",""招考职位"":""卢氏调查队一级科员"",""职位属性"":""普通职位"",""职位分布"":""其他职位"",""职位简介"":""从事一线入户调查、数据处理、统计分析、统计研究等工作。"",""职位代码"":""400110116052"",""机构层级"":""县（区）级及以下"",""考试类别"":""市（地）级及以下直属机构综合管理类"",""招考人数"":""1"",""专业"":""统计学类、数学类、计算机类"",""学历"":""仅限本科"",""学位"":""学士"",""政治面貌"":""不限"",""基层工作最低年限"":""无限制"",""服务基层项目工作经历"":""无限制"",""是否在面试阶段组织专业能力测试"":""否"",""面试人员比例"":""3:1"",""工作地点"":""河南省三门峡市卢氏县"",""落户地点"":""河南省三门峡市卢氏县"",""备注"":""1.限应届高校毕业生；2.本单位最低服务年限为5年（含试用期）。"",""部门网站"":""http://hazd.stats.gov.cn/"",""咨询电话1"":""0371-60336373"",""咨询电话2"":""0371-60336206"",""咨询电话3"":"""",""来源Sheet"":""中央国家行政机关参照公务员法管理事业单位""}}"
"government_jobs","国家公务员2024招考简章","公务员/事业单位技术岗位","河南省三门峡市灵宝市","2026-07-28T09:12:58.310295+00:00","灵宝调查队一级科员1","国家统计局河南调查总队","","河南省三门峡市灵宝市","公务员/事业单位;2024;computer_software;data_ai;仅限本科;学士;统计学类、数学类、计算机类;市（地）级及以下直属机构综合管理类","用人司局：国家统计局河南调查总队
职位简介：从事一线入户调查、数据处理、统计分析、统计研究等工作。
专业要求：统计学类、数学类、计算机类
学历要求：仅限本科
学位要求：学士
政治面貌：不限
基层工作经历：无限制
考试类别：市（地）级及以下直属机构综合管理类
备注：1.限应届高校毕业生；2.本单位最低服务年限为5年（含试用期）。","https://www.xuanhan.gov.cn/xxgk-show-77635.html#135116-400110116053","2023-10-15","{""dataset_year"":2024,""job_uid"":""GOV-2024-135116-400110116053"",""publisher"":""国家公务员局"",""publication_page"":""https://www.xuanhan.gov.cn/xxgk-show-77635.html"",""attachment_url"":""https://www.xuanhan.gov.cn/uploadfile/1/Attachment/638fdecf51.zip"",""local_source_file"":""中央机关及其直属机构2024年度考试录用公务员招考简章.xls"",""local_source_sha256"":""a1741b99dbecd6d03e533f99f2d69b0fa5a79733e551b80af69986ceed2ad996"",""source_sheet"":""中央国家行政机关参照公务员法管理事业单位"",""filter_version"":""government_tech_v2"",""tech_filter"":{""is_tech"":true,""is_core_tech"":true,""scope"":""core"",""categories"":[""computer_software"",""data_ai""],""matched_fields"":[""major"",""description""],""major_terms"":[""计算机类""],""role_terms"":[""数据处理""],""reason"":""tech_major_and_role""},""original"":{""部门代码"":""135116"",""部门名称"":""国家统计局河南调查总队"",""用人司局"":""国家统计局河南调查总队"",""机构性质"":""中央国家行政机关参照公务员法管理事业单位"",""招考职位"":""灵宝调查队一级科员1"",""职位属性"":""普通职位"",""职位分布"":""其他职位"",""职位简介"":""从事一线入户调查、数据处理、统计分析、统计研究等工作。"",""职位代码"":""400110116053"",""机构层级"":""县（区）级及以下"",""考试类别"":""市（地）级及以下直属机构综合管理类"",""招考人数"":""1"",""专业"":""统计学类、数学类、计算机类"",""学历"":""仅限本科"",""学位"":""学士"",""政治面貌"":""不限"",""基层工作最低年限"":""无限制"",""服务基层项目工作经历"":""无限制"",""是否在面试阶段组织专业能力测试"":""否"",""面试人员比例"":""3:1"",""工作地点"":""河南省三门峡市灵宝市"",""落户地点"":""河南省三门峡市灵宝市"",""备注"":""1.限应届高校毕业生；2.本单位最低服务年限为5年（含试用期）。"",""部门网站"":""http://hazd.stats.gov.cn/"",""咨询电话1"":""0371-60336373"",""咨询电话2"":""0371-60336206"",""咨询电话3"":"""",""来源Sheet"":""中央国家行政机关参照公务员法管理事业单位""}}"
"government_jobs","国家公务员2024招考简章","公务员/事业单位技术岗位","河南省商丘市民权县","2026-07-28T09:12:58.310295+00:00","民权调查队一级科员","国家统计局河南调查总队","","河南省商丘市民权县","公务员/事业单位;2024;computer_software;data_ai;仅限本科;学士;统计学类、经济学类、计算机类;市（地）级及以下直属机构综合管理类","用人司局：国家统计局河南调查总队
职位简介：从事一线入户调查、数据处理、统计分析、统计研究等工作。
专业要求：统计学类、经济学类、计算机类
学历要求：仅限本科
学位要求：学士
政治面貌：不限
基层工作经历：无限制
考试类别：市（地）级及以下直属机构综合管理类
备注：1.限应届高校毕业生；2.本单位最低服务年限为5年（含试用期）。","https://www.xuanhan.gov.cn/xxgk-show-77635.html#135116-400110116059","2023-10-15","{""dataset_year"":2024,""job_uid"":""GOV-2024-135116-400110116059"",""publisher"":""国家公务员局"",""publication_page"":""https://www.xuanhan.gov.cn/xxgk-show-77635.html"",""attachment_url"":""https://www.xuanhan.gov.cn/uploadfile/1/Attachment/638fdecf51.zip"",""local_source_file"":""中央机关及其直属机构2024年度考试录用公务员招考简章.xls"",""local_source_sha256"":""a1741b99dbecd6d03e533f99f2d69b0fa5a79733e551b80af69986ceed2ad996"",""source_sheet"":""中央国家行政机关参照公务员法管理事业单位"",""filter_version"":""government_tech_v2"",""tech_filter"":{""is_tech"":true,""is_core_tech"":true,""scope"":""core"",""categories"":[""computer_software"",""data_ai""],""matched_fields"":[""major"",""description""],""major_terms"":[""计算机类""],""role_terms"":[""数据处理""],""reason"":""tech_major_and_role""},""original"":{""部门代码"":""135116"",""部门名称"":""国家统计局河南调查总队"",""用人司局"":""国家统计局河南调查总队"",""机构性质"":""中央国家行政机关参照公务员法管理事业单位"",""招考职位"":""民权调查队一级科员"",""职位属性"":""普通职位"",""职位分布"":""其他职位"",""职位简介"":""从事一线入户调查、数据处理、统计分析、统计研究等工作。"",""职位代码"":""400110116059"",""机构层级"":""县（区）级及以下"",""考试类别"":""市（地）级及以下直属机构综合管理类"",""招考人数"":""1"",""专业"":""统计学类、经济学类、计算机类"",""学历"":""仅限本科"",""学位"":""学士"",""政治面貌"":""不限"",""基层工作最低年限"":""无限制"",""服务基层项目工作经历"":""无限制"",""是否在面试阶段组织专业能力测试"":""否"",""面试人员比例"":""3:1"",""工作地点"":""河南省商丘市民权县"",""落户地点"":""河南省商丘市民权县"",""备注"":""1.限应届高校毕业生；2.本单位最低服务年限为5年（含试用期）。"",""部门网站"":""http://hazd.stats.gov.cn/"",""咨询电话1"":""0371-60336373"",""咨询电话2"":""0371-60336206"",""咨询电话3"":"""",""来源Sheet"":""中央国家行政机关参照公务员法管理事业单位""}}"
"government_jobs","国家公务员2024招考简章","公务员/事业单位技术岗位","河南省商丘市虞城县","2026-07-28T09:12:58.310295+00:00","虞城调查队一级科员","国家统计局河南调查总队","","河南省商丘市虞城县","公务员/事业单位;2024;computer_software;data_ai;仅限本科;学士;统计学类、经济学类、计算机类;市（地）级及以下直属机构综合管理类","用人司局：国家统计局河南调查总队
职位简介：从事一线入户调查、数据处理、统计分析、统计研究等工作。
专业要求：统计学类、经济学类、计算机类
学历要求：仅限本科
学位要求：学士
政治面貌：不限
基层工作经历：无限制
考试类别：市（地）级及以下直属机构综合管理类
备注：1.限应届高校毕业生；2.本单位最低服务年限为5年（含试用期）。","https://www.xuanhan.gov.cn/xxgk-show-77635.html#135116-400110116060","2023-10-15","{""dataset_year"":2024,""job_uid"":""GOV-2024-135116-400110116060"",""publisher"":""国家公务员局"",""publication_page"":""https://www.xuanhan.gov.cn/xxgk-show-77635.html"",""attachment_url"":""https://www.xuanhan.gov.cn/uploadfile/1/Attachment/638fdecf51.zip"",""local_source_file"":""中央机关及其直属机构2024年度考试录用公务员招考简章.xls"",""local_source_sha256"":""a1741b99dbecd6d03e533f99f2d69b0fa5a79733e551b80af69986ceed2ad996"",""source_sheet"":""中央国家行政机关参照公务员法管理事业单位"",""filter_version"":""government_tech_v2"",""tech_filter"":{""is_tech"":true,""is_core_tech"":true,""scope"":""core"",""categories"":[""computer_software"",""data_ai""],""matched_fields"":[""major"",""description""],""major_terms"":[""计算机类""],""role_terms"":[""数据处理""],""reason"":""tech_major_and_role""},""original"":{""部门代码"":""135116"",""部门名称"":""国家统计局河南调查总队"",""用人司局"":""国家统计局河南调查总队"",""机构性质"":""中央国家行政机关参照公务员法管理事业单位"",""招考职位"":""虞城调查队一级科员"",""职位属性"":""普通职位"",""职位分布"":""其他职位"",""职位简介"":""从事一线入户调查、数据处理、统计分析、统计研究等工作。"",""职位代码"":""400110116060"",""机构层级"":""县（区）级及以下"",""考试类别"":""市（地）级及以下直属机构综合管理类"",""招考人数"":""1"",""专业"":""统计学类、经济学类、计算机类"",""学历"":""仅限本科"",""学位"":""学士"",""政治面貌"":""不限"",""基层工作最低年限"":""无限制"",""服务基层项目工作经历"":""无限制"",""是否在面试阶段组织专业能力测试"":""否"",""面试人员比例"":""3:1"",""工作地点"":""河南省商丘市虞城县"",""落户地点"":""河南省商丘市虞城县"",""备注"":""1.限应届高校毕业生；2.本单位最低服务年限为5年（含试用期）。"",""部门网站"":""http://hazd.stats.gov.cn/"",""咨询电话1"":""0371-60336373"",""咨询电话2"":""0371-60336206"",""咨询电话3"":"""",""来源Sheet"":""中央国家行政机关参照公务员法管理事业单位""}}"
"government_jobs","国家公务员2024招考简章","公务员/事业单位技术岗位","河南省商丘市永城市","2026-07-28T09:12:58.310295+00:00","永城调查队一级科员","国家统计局河南调查总队","","河南省商丘市永城市","公务员/事业单位;2024;computer_software;data_ai;仅限本科;学士;计算机类;市（地）级及以下直属机构综合管理类","用人司局：国家统计局河南调查总队
职位简介：从事一线入户调查、数据处理、统计分析、统计研究等工作。
专业要求：计算机类
学历要求：仅限本科
学位要求：学士
政治面貌：不限
基层工作经历：无限制
考试类别：市（地）级及以下直属机构综合管理类
备注：1.限应届高校毕业生；2.本单位最低服务年限为5年（含试用期）。","https://www.xuanhan.gov.cn/xxgk-show-77635.html#135116-400110116061","2023-10-15","{""dataset_year"":2024,""job_uid"":""GOV-2024-135116-400110116061"",""publisher"":""国家公务员局"",""publication_page"":""https://www.xuanhan.gov.cn/xxgk-show-77635.html"",""attachment_url"":""https://www.xuanhan.gov.cn/uploadfile/1/Attachment/638fdecf51.zip"",""local_source_file"":""中央机关及其直属机构2024年度考试录用公务员招考简章.xls"",""local_source_sha256"":""a1741b99dbecd6d03e533f99f2d69b0fa5a79733e551b80af69986ceed2ad996"",""source_sheet"":""中央国家行政机关参照公务员法管理事业单位"",""filter_version"":""government_tech_v2"",""tech_filter"":{""is_tech"":true,""is_core_tech"":true,""scope"":""core"",""categories"":[""computer_software"",""data_ai""],""matched_fields"":[""major"",""description""],""major_terms"":[""计算机类""],""role_terms"":[""数据处理""],""reason"":""tech_major_and_role""},""original"":{""部门代码"":""135116"",""部门名称"":""国家统计局河南调查总队"",""用人司局"":""国家统计局河南调查总队"",""机构性质"":""中央国家行政机关参照公务员法管理事业单位"",""招考职位"":""永城调查队一级科员"",""职位属性"":""普通职位"",""职位分布"":""其他职位"",""职位简介"":""从事一线入户调查、数据处理、统计分析、统计研究等工作。"",""职位代码"":""400110116061"",""机构层级"":""县（区）级及以下"",""考试类别"":""市（地）级及以下直属机构综合管理类"",""招考人数"":""1"",""专业"":""计算机类"",""学历"":""仅限本科"",""学位"":""学士"",""政治面貌"":""不限"",""基层工作最低年限"":""无限制"",""服务基层项目工作经历"":""无限制"",""是否在面试阶段组织专业能力测试"":""否"",""面试人员比例"":""3:1"",""工作地点"":""河南省商丘市永城市"",""落户地点"":""河南省商丘市永城市"",""备注"":""1.限应届高校毕业生；2.本单位最低服务年限为5年（含试用期）。"",""部门网站"":""http://hazd.stats.gov.cn/"",""咨询电话1"":""0371-60336373"",""咨询电话2"":""0371-60336206"",""咨询电话3"":"""",""来源Sheet"":""中央国家行政机关参照公务员法管理事业单位""}}"
"government_jobs","国家公务员2024招考简章","公务员/事业单位技术岗位","河南省信阳市固始县","2026-07-28T09:12:58.310295+00:00","固始调查队一级科员","国家统计局河南调查总队","","河南省信阳市固始县","公务员/事业单位;2024;computer_software;data_ai;仅限本科;学士;统计学类、经济学类、计算机类;市（地）级及以下直属机构综合管理类","用人司局：国家统计局河南调查总队
职位简介：从事一线入户调查、数据处理、统计分析、统计研究等工作。
专业要求：统计学类、经济学类、计算机类
学历要求：仅限本科
学位要求：学士
政治面貌：不限
基层工作经历：无限制
考试类别：市（地）级及以下直属机构综合管理类
备注：1.限应届高校毕业生；2.本单位最低服务年限为5年（含试用期）。","https://www.xuanhan.gov.cn/xxgk-show-77635.html#135116-400110116063","2023-10-15","{""dataset_year"":2024,""job_uid"":""GOV-2024-135116-400110116063"",""publisher"":""国家公务员局"",""publication_page"":""https://www.xuanhan.gov.cn/xxgk-show-77635.html"",""attachment_url"":""https://www.xuanhan.gov.cn/uploadfile/1/Attachment/638fdecf51.zip"",""local_source_file"":""中央机关及其直属机构2024年度考试录用公务员招考简章.xls"",""local_source_sha256"":""a1741b99dbecd6d03e533f99f2d69b0fa5a79733e551b80af69986ceed2ad996"",""source_sheet"":""中央国家行政机关参照公务员法管理事业单位"",""filter_version"":""government_tech_v2"",""tech_filter"":{""is_tech"":true,""is_core_tech"":true,""scope"":""core"",""categories"":[""computer_software"",""data_ai""],""matched_fields"":[""major"",""description""],""major_terms"":[""计算机类""],""role_terms"":[""数据处理""],""reason"":""tech_major_and_role""},""original"":{""部门代码"":""135116"",""部门名称"":""国家统计局河南调查总队"",""用人司局"":""国家统计局河南调查总队"",""机构性质"":""中央国家行政机关参照公务员法管理事业单位"",""招考职位"":""固始调查队一级科员"",""职位属性"":""普通职位"",""职位分布"":""其他职位"",""职位简介"":""从事一线入户调查、数据处理、统计分析、统计研究等工作。"",""职位代码"":""400110116063"",""机构层级"":""县（区）级及以下"",""考试类别"":""市（地）级及以下直属机构综合管理类"",""招考人数"":""1"",""专业"":""统计学类、经济学类、计算机类"",""学历"":""仅限本科"",""学位"":""学士"",""政治面貌"":""不限"",""基层工作最低年限"":""无限制"",""服务基层项目工作经历"":""无限制"",""是否在面试阶段组织专业能力测试"":""否"",""面试人员比例"":""3:1"",""工作地点"":""河南省信阳市固始县"",""落户地点"":""河南省信阳市固始县"",""备注"":""1.限应届高校毕业生；2.本单位最低服务年限为5年（含试用期）。"",""部门网站"":""http://hazd.stats.gov.cn/"",""咨询电话1"":""0371-60336373"",""咨询电话2"":""0371-60336206"",""咨询电话3"":"""",""来源Sheet"":""中央国家行政机关参照公务员法管理事业单位""}}"
"government_jobs","国家公务员2024招考简章","公务员/事业单位技术岗位","河南省周口市扶沟县","2026-07-28T09:12:58.310295+00:00","扶沟调查队一级科员","国家统计局河南调查总队","","河南省周口市扶沟县","公务员/事业单位;2024;computer_software;data_ai;仅限本科;学士;统计学类、数学类、计算机类;市（地）级及以下直属机构综合管理类","用人司局：国家统计局河南调查总队
职位简介：从事一线入户调查、数据处理、统计分析、统计研究等工作。
专业要求：统计学类、数学类、计算机类
学历要求：仅限本科
学位要求：学士
政治面貌：不限
基层工作经历：无限制
考试类别：市（地）级及以下直属机构综合管理类
备注：1.限应届高校毕业生；2.本单位最低服务年限为5年（含试用期）。","https://www.xuanhan.gov.cn/xxgk-show-77635.html#135116-400110116064","2023-10-15","{""dataset_year"":2024,""job_uid"":""GOV-2024-135116-400110116064"",""publisher"":""国家公务员局"",""publication_page"":""https://www.xuanhan.gov.cn/xxgk-show-77635.html"",""attachment_url"":""https://www.xuanhan.gov.cn/uploadfile/1/Attachment/638fdecf51.zip"",""local_source_file"":""中央机关及其直属机构2024年度考试录用公务员招考简章.xls"",""local_source_sha256"":""a1741b99dbecd6d03e533f99f2d69b0fa5a79733e551b80af69986ceed2ad996"",""source_sheet"":""中央国家行政机关参照公务员法管理事业单位"",""filter_version"":""government_tech_v2"",""tech_filter"":{""is_tech"":true,""is_core_tech"":true,""scope"":""core"",""categories"":[""computer_software"",""data_ai""],""matched_fields"":[""major"",""description""],""major_terms"":[""计算机类""],""role_terms"":[""数据处理""],""reason"":""tech_major_and_role""},""original"":{""部门代码"":""135116"",""部门名称"":""国家统计局河南调查总队"",""用人司局"":""国家统计局河南调查总队"",""机构性质"":""中央国家行政机关参照公务员法管理事业单位"",""招考职位"":""扶沟调查队一级科员"",""职位属性"":""普通职位"",""职位分布"":""其他职位"",""职位简介"":""从事一线入户调查、数据处理、统计分析、统计研究等工作。"",""职位代码"":""400110116064"",""机构层级"":""县（区）级及以下"",""考试类别"":""市（地）级及以下直属机构综合管理类"",""招考人数"":""1"",""专业"":""统计学类、数学类、计算机类"",""学历"":""仅限本科"",""学位"":""学士"",""政治面貌"":""不限"",""基层工作最低年限"":""无限制"",""服务基层项目工作经历"":""无限制"",""是否在面试阶段组织专业能力测试"":""否"",""面试人员比例"":""3:1"",""工作地点"":""河南省周口市扶沟县"",""落户地点"":""河南省周口市扶沟县"",""备注"":""1.限应届高校毕业生；2.本单位最低服务年限为5年（含试用期）。"",""部门网站"":""http://hazd.stats.gov.cn/"",""咨询电话1"":""0371-60336373"",""咨询电话2"":""0371-60336206"",""咨询电话3"":"""",""来源Sheet"":""中央国家行政机关参照公务员法管理事业单位""}}"
"government_jobs","国家公务员2024招考简章","公务员/事业单位技术岗位","河南省周口市淮阳区","2026-07-28T09:12:58.310295+00:00","淮阳调查队一级科员","国家统计局河南调查总队","","河南省周口市淮阳区","公务员/事业单位;2024;computer_software;data_ai;仅限本科;学士;统计学类、数学类、计算机类;市（地）级及以下直属机构综合管理类","用人司局：国家统计局河南调查总队
职位简介：从事一线入户调查、数据处理、统计分析、统计研究等工作。
专业要求：统计学类、数学类、计算机类
学历要求：仅限本科
学位要求：学士
政治面貌：不限
基层工作经历：无限制
考试类别：市（地）级及以下直属机构综合管理类
备注：1.限应届高校毕业生；2.本单位最低服务年限为5年（含试用期）。","https://www.xuanhan.gov.cn/xxgk-show-77635.html#135116-400110116065","2023-10-15","{""dataset_year"":2024,""job_uid"":""GOV-2024-135116-400110116065"",""publisher"":""国家公务员局"",""publication_page"":""https://www.xuanhan.gov.cn/xxgk-show-77635.html"",""attachment_url"":""https://www.xuanhan.gov.cn/uploadfile/1/Attachment/638fdecf51.zip"",""local_source_file"":""中央机关及其直属机构2024年度考试录用公务员招考简章.xls"",""local_source_sha256"":""a1741b99dbecd6d03e533f99f2d69b0fa5a79733e551b80af69986ceed2ad996"",""source_sheet"":""中央国家行政机关参照公务员法管理事业单位"",""filter_version"":""government_tech_v2"",""tech_filter"":{""is_tech"":true,""is_core_tech"":true,""scope"":""core"",""categories"":[""computer_software"",""data_ai""],""matched_fields"":[""major"",""description""],""major_terms"":[""计算机类""],""role_terms"":[""数据处理""],""reason"":""tech_major_and_role""},""original"":{""部门代码"":""135116"",""部门名称"":""国家统计局河南调查总队"",""用人司局"":""国家统计局河南调查总队"",""机构性质"":""中央国家行政机关参照公务员法管理事业单位"",""招考职位"":""淮阳调查队一级科员"",""职位属性"":""普通职位"",""职位分布"":""其他职位"",""职位简介"":""从事一线入户调查、数据处理、统计分析、统计研究等工作。"",""职位代码"":""400110116065"",""机构层级"":""县（区）级及以下"",""考试类别"":""市（地）级及以下直属机构综合管理类"",""招考人数"":""1"",""专业"":""统计学类、数学类、计算机类"",""学历"":""仅限本科"",""学位"":""学士"",""政治面貌"":""不限"",""基层工作最低年限"":""无限制"",""服务基层项目工作经历"":""无限制"",""是否在面试阶段组织专业能力测试"":""否"",""面试人员比例"":""3:1"",""工作地点"":""河南省周口市淮阳区"",""落户地点"":""河南省周口市淮阳区"",""备注"":""1.限应届高校毕业生；2.本单位最低服务年限为5年（含试用期）。"",""部门网站"":""http://hazd.stats.gov.cn/"",""咨询电话1"":""0371-60336373"",""咨询电话2"":""0371-60336206"",""咨询电话3"":"""",""来源Sheet"":""中央国家行政机关参照公务员法管理事业单位""}}"
"government_jobs","国家公务员2024招考简章","公务员/事业单位技术岗位","河南省周口市项城市","2026-07-28T09:12:58.310295+00:00","项城调查队一级科员","国家统计局河南调查总队","","河南省周口市项城市","公务员/事业单位;2024;computer_software;data_ai;仅限本科;学士;统计学类、数学类、计算机类;市（地）级及以下直属机构综合管理类","用人司局：国家统计局河南调查总队
职位简介：从事一线入户调查、数据处理、统计分析、统计研究等工作。
专业要求：统计学类、数学类、计算机类
学历要求：仅限本科
学位要求：学士
政治面貌：不限
基层工作经历：无限制
考试类别：市（地）级及以下直属机构综合管理类
备注：1.限应届高校毕业生；2.本单位最低服务年限为5年（含试用期）。","https://www.xuanhan.gov.cn/xxgk-show-77635.html#135116-400110116066","2023-10-15","{""dataset_year"":2024,""job_uid"":""GOV-2024-135116-400110116066"",""publisher"":""国家公务员局"",""publication_page"":""https://www.xuanhan.gov.cn/xxgk-show-77635.html"",""attachment_url"":""https://www.xuanhan.gov.cn/uploadfile/1/Attachment/638fdecf51.zip"",""local_source_file"":""中央机关及其直属机构2024年度考试录用公务员招考简章.xls"",""local_source_sha256"":""a1741b99dbecd6d03e533f99f2d69b0fa5a79733e551b80af69986ceed2ad996"",""source_sheet"":""中央国家行政机关参照公务员法管理事业单位"",""filter_version"":""government_tech_v2"",""tech_filter"":{""is_tech"":true,""is_core_tech"":true,""scope"":""core"",""categories"":[""computer_software"",""data_ai""],""matched_fields"":[""major"",""description""],""major_terms"":[""计算机类""],""role_terms"":[""数据处理""],""reason"":""tech_major_and_role""},""original"":{""部门代码"":""135116"",""部门名称"":""国家统计局河南调查总队"",""用人司局"":""国家统计局河南调查总队"",""机构性质"":""中央国家行政机关参照公务员法管理事业单位"",""招考职位"":""项城调查队一级科员"",""职位属性"":""普通职位"",""职位分布"":""其他职位"",""职位简介"":""从事一线入户调查、数据处理、统计分析、统计研究等工作。"",""职位代码"":""400110116066"",""机构层级"":""县（区）级及以下"",""考试类别"":""市（地）级及以下直属机构综合管理类"",""招考人数"":""2"",""专业"":""统计学类、数学类、计算机类"",""学历"":""仅限本科"",""学位"":""学士"",""政治面貌"":""不限"",""基层工作最低年限"":""无限制"",""服务基层项目工作经历"":""无限制"",""是否在面试阶段组织专业能力测试"":""否"",""面试人员比例"":""3:1"",""工作地点"":""河南省周口市项城市"",""落户地点"":""河南省周口市项城市"",""备注"":""1.限应届高校毕业生；2.本单位最低服务年限为5年（含试用期）。"",""部门网站"":""http://hazd.stats.gov.cn/"",""咨询电话1"":""0371-60336373"",""咨询电话2"":""0371-60336206"",""咨询电话3"":"""",""来源Sheet"":""中央国家行政机关参照公务员法管理事业单位""}}"
"government_jobs","国家公务员2024招考简章","公务员/事业单位技术岗位","河南省驻马店市泌阳县","2026-07-28T09:12:58.310295+00:00","泌阳调查队一级科员","国家统计局河南调查总队","","河南省驻马店市泌阳县","公务员/事业单位;2024;computer_software;data_ai;仅限本科;学士;统计学类、数学类、计算机类;市（地）级及以下直属机构综合管理类","用人司局：国家统计局河南调查总队
职位简介：从事一线入户调查、数据处理、统计分析、统计研究等工作。
专业要求：统计学类、数学类、计算机类
学历要求：仅限本科
学位要求：学士
政治面貌：不限
基层工作经历：无限制
考试类别：市（地）级及以下直属机构综合管理类
备注：1.限应届高校毕业生；2.本单位最低服务年限为5年（含试用期）。","https://www.xuanhan.gov.cn/xxgk-show-77635.html#135116-400110116067","2023-10-15","{""dataset_year"":2024,""job_uid"":""GOV-2024-135116-400110116067"",""publisher"":""国家公务员局"",""publication_page"":""https://www.xuanhan.gov.cn/xxgk-show-77635.html"",""attachment_url"":""https://www.xuanhan.gov.cn/uploadfile/1/Attachment/638fdecf51.zip"",""local_source_file"":""中央机关及其直属机构2024年度考试录用公务员招考简章.xls"",""local_source_sha256"":""a1741b99dbecd6d03e533f99f2d69b0fa5a79733e551b80af69986ceed2ad996"",""source_sheet"":""中央国家行政机关参照公务员法管理事业单位"",""filter_version"":""government_tech_v2"",""tech_filter"":{""is_tech"":true,""is_core_tech"":true,""scope"":""core"",""categories"":[""computer_software"",""data_ai""],""matched_fields"":[""major"",""description""],""major_terms"":[""计算机类""],""role_terms"":[""数据处理""],""reason"":""tech_major_and_role""},""original"":{""部门代码"":""135116"",""部门名称"":""国家统计局河南调查总队"",""用人司局"":""国家统计局河南调查总队"",""机构性质"":""中央国家行政机关参照公务员法管理事业单位"",""招考职位"":""泌阳调查队一级科员"",""职位属性"":""普通职位"",""职位分布"":""其他职位"",""职位简介"":""从事一线入户调查、数据处理、统计分析、统计研究等工作。"",""职位代码"":""400110116067"",""机构层级"":""县（区）级及以下"",""考试类别"":""市（地）级及以下直属机构综合管理类"",""招考人数"":""1"",""专业"":""统计学类、数学类、计算机类"",""学历"":""仅限本科"",""学位"":""学士"",""政治面貌"":""不限"",""基层工作最低年限"":""无限制"",""服务基层项目工作经历"":""无限制"",""是否在面试阶段组织专业能力测试"":""否"",""面试人员比例"":""3:1"",""工作地点"":""河南省驻马店市泌阳县"",""落户地点"":""河南省驻马店市泌阳县"",""备注"":""1.限应届高校毕业生；2.本单位最低服务年限为5年（含试用期）。"",""部门网站"":""http://hazd.stats.gov.cn/"",""咨询电话1"":""0371-60336373"",""咨询电话2"":""0371-60336206"",""咨询电话3"":"""",""来源Sheet"":""中央国家行政机关参照公务员法管理事业单位""}}"
"government_jobs","国家公务员2024招考简章","公务员/事业单位技术岗位","河南省安阳市林州市","2026-07-28T09:12:58.310295+00:00","林州调查队一级科员","国家统计局河南调查总队","","河南省安阳市林州市","公务员/事业单位;2024;computer_software;data_ai;仅限本科;学士;统计学类、数学类、计算机类;市（地）级及以下直属机构综合管理类","用人司局：国家统计局河南调查总队
职位简介：从事一线入户调查、数据处理、统计分析、统计研究等工作。
专业要求：统计学类、数学类、计算机类
学历要求：仅限本科
学位要求：学士
政治面貌：不限
基层工作经历：无限制
考试类别：市（地）级及以下直属机构综合管理类
备注：1.限应届高校毕业生；2.本单位最低服务年限为5年（含试用期）。","https://www.xuanhan.gov.cn/xxgk-show-77635.html#135116-400110116068","2023-10-15","{""dataset_year"":2024,""job_uid"":""GOV-2024-135116-400110116068"",""publisher"":""国家公务员局"",""publication_page"":""https://www.xuanhan.gov.cn/xxgk-show-77635.html"",""attachment_url"":""https://www.xuanhan.gov.cn/uploadfile/1/Attachment/638fdecf51.zip"",""local_source_file"":""中央机关及其直属机构2024年度考试录用公务员招考简章.xls"",""local_source_sha256"":""a1741b99dbecd6d03e533f99f2d69b0fa5a79733e551b80af69986ceed2ad996"",""source_sheet"":""中央国家行政机关参照公务员法管理事业单位"",""filter_version"":""government_tech_v2"",""tech_filter"":{""is_tech"":true,""is_core_tech"":true,""scope"":""core"",""categories"":[""computer_software"",""data_ai""],""matched_fields"":[""major"",""description""],""major_terms"":[""计算机类""],""role_terms"":[""数据处理""],""reason"":""tech_major_and_role""},""original"":{""部门代码"":""135116"",""部门名称"":""国家统计局河南调查总队"",""用人司局"":""国家统计局河南调查总队"",""机构性质"":""中央国家行政机关参照公务员法管理事业单位"",""招考职位"":""林州调查队一级科员"",""职位属性"":""普通职位"",""职位分布"":""其他职位"",""职位简介"":""从事一线入户调查、数据处理、统计分析、统计研究等工作。"",""职位代码"":""400110116068"",""机构层级"":""县（区）级及以下"",""考试类别"":""市（地）级及以下直属机构综合管理类"",""招考人数"":""2"",""专业"":""统计学类、数学类、计算机类"",""学历"":""仅限本科"",""学位"":""学士"",""政治面貌"":""不限"",""基层工作最低年限"":""无限制"",""服务基层项目工作经历"":""无限制"",""是否在面试阶段组织专业能力测试"":""否"",""面试人员比例"":""3:1"",""工作地点"":""河南省安阳市林州市"",""落户地点"":""河南省安阳市林州市"",""备注"":""1.限应届高校毕业生；2.本单位最低服务年限为5年（含试用期）。"",""部门网站"":""http://hazd.stats.gov.cn/"",""咨询电话1"":""0371-60336373"",""咨询电话2"":""0371-60336206"",""咨询电话3"":"""",""来源Sheet"":""中央国家行政机关参照公务员法管理事业单位""}}"
"government_jobs","国家公务员2024招考简章","公务员/事业单位技术岗位","河南省郑州市巩义市","2026-07-28T09:12:58.310295+00:00","巩义调查队一级科员","国家统计局河南调查总队","","河南省郑州市巩义市","公务员/事业单位;2024;computer_software;data_ai;仅限本科;学士;统计学类、数学类、计算机类;市（地）级及以下直属机构综合管理类","用人司局：国家统计局河南调查总队
职位简介：从事一线入户调查、数据处理、统计分析、统计研究等工作。
专业要求：统计学类、数学类、计算机类
学历要求：仅限本科
学位要求：学士
政治面貌：不限
基层工作经历：无限制
考试类别：市（地）级及以下直属机构综合管理类
备注：1.限应届高校毕业生；2.本单位最低服务年限为5年（含试用期）。","https://www.xuanhan.gov.cn/xxgk-show-77635.html#135116-400110116069","2023-10-15","{""dataset_year"":2024,""job_uid"":""GOV-2024-135116-400110116069"",""publisher"":""国家公务员局"",""publication_page"":""https://www.xuanhan.gov.cn/xxgk-show-77635.html"",""attachment_url"":""https://www.xuanhan.gov.cn/uploadfile/1/Attachment/638fdecf51.zip"",""local_source_file"":""中央机关及其直属机构2024年度考试录用公务员招考简章.xls"",""local_source_sha256"":""a1741b99dbecd6d03e533f99f2d69b0fa5a79733e551b80af69986ceed2ad996"",""source_sheet"":""中央国家行政机关参照公务员法管理事业单位"",""filter_version"":""government_tech_v2"",""tech_filter"":{""is_tech"":true,""is_core_tech"":true,""scope"":""core"",""categories"":[""computer_software"",""data_ai""],""matched_fields"":[""major"",""description""],""major_terms"":[""计算机类""],""role_terms"":[""数据处理""],""reason"":""tech_major_and_role""},""original"":{""部门代码"":""135116"",""部门名称"":""国家统计局河南调查总队"",""用人司局"":""国家统计局河南调查总队"",""机构性质"":""中央国家行政机关参照公务员法管理事业单位"",""招考职位"":""巩义调查队一级科员"",""职位属性"":""普通职位"",""职位分布"":""其他职位"",""职位简介"":""从事一线入户调查、数据处理、统计分析、统计研究等工作。"",""职位代码"":""400110116069"",""机构层级"":""县（区）级及以下"",""考试类别"":""市（地）级及以下直属机构综合管理类"",""招考人数"":""2"",""专业"":""统计学类、数学类、计算机类"",""学历"":""仅限本科"",""学位"":""学士"",""政治面貌"":""不限"",""基层工作最低年限"":""无限制"",""服务基层项目工作经历"":""无限制"",""是否在面试阶段组织专业能力测试"":""否"",""面试人员比例"":""3:1"",""工作地点"":""河南省郑州市巩义市"",""落户地点"":""河南省郑州市巩义市"",""备注"":""1.限应届高校毕业生；2.本单位最低服务年限为5年（含试用期）。"",""部门网站"":""http://hazd.stats.gov.cn/"",""咨询电话1"":""0371-60336373"",""咨询电话2"":""0371-60336206"",""咨询电话3"":"""",""来源Sheet"":""中央国家行政机关参照公务员法管理事业单位""}}"
"government_jobs","国家公务员2024招考简章","公务员/事业单位技术岗位","湖北省武汉市","2026-07-28T09:12:58.310295+00:00","湖北调查总队信息技术应用处二级主任科员及以下","国家统计局湖北调查总队","","湖北省武汉市","公务员/事业单位;2024;computer_software;cybersecurity_cryptography;仅限硕士研究生;硕士;计算机系统结构、计算机软件与理论、计算机应用技术;中央机关及其省级直属机构综合管理类","用人司局：国家统计局湖北调查总队
职位简介：组织开展数据及网络安全保障工作，提供信息化技术支持与服务。
专业要求：计算机系统结构、计算机软件与理论、计算机应用技术
学历要求：仅限硕士研究生
学位要求：硕士
政治面貌：中共党员
基层工作经历：二年
考试类别：中央机关及其省级直属机构综合管理类
备注：本单位最低服务年限为5年（含试用期）。","https://www.xuanhan.gov.cn/xxgk-show-77635.html#135117-400110117005","2023-10-15","{""dataset_year"":2024,""job_uid"":""GOV-2024-135117-400110117005"",""publisher"":""国家公务员局"",""publication_page"":""https://www.xuanhan.gov.cn/xxgk-show-77635.html"",""attachment_url"":""https://www.xuanhan.gov.cn/uploadfile/1/Attachment/638fdecf51.zip"",""local_source_file"":""中央机关及其直属机构2024年度考试录用公务员招考简章.xls"",""local_source_sha256"":""a1741b99dbecd6d03e533f99f2d69b0fa5a79733e551b80af69986ceed2ad996"",""source_sheet"":""中央国家行政机关参照公务员法管理事业单位"",""filter_version"":""government_tech_v2"",""tech_filter"":{""is_tech"":true,""is_core_tech"":true,""scope"":""core"",""categories"":[""computer_software"",""cybersecurity_cryptography""],""matched_fields"":[""major"",""job_title"",""description""],""major_terms"":[""计算机""],""role_terms"":[""信息化"",""信息技术"",""网络安全""],""reason"":""tech_major_and_role""},""original"":{""部门代码"":""135117"",""部门名称"":""国家统计局湖北调查总队"",""用人司局"":""国家统计局湖北调查总队"",""机构性质"":""中央国家行政机关参照公务员法管理事业单位"",""招考职位"":""湖北调查总队信息技术应用处二级主任科员及以下"",""职位属性"":""普通职位"",""职位分布"":""其他职位"",""职位简介"":""组织开展数据及网络安全保障工作，提供信息化技术支持与服务。"",""职位代码"":""400110117005"",""机构层级"":""省（副省）级"",""考试类别"":""中央机关及其省级直属机构综合管理类"",""招考人数"":""1"",""专业"":""计算机系统结构、计算机软件与理论、计算机应用技术"",""学历"":""仅限硕士研究生"",""学位"":""硕士"",""政治面貌"":""中共党员"",""基层工作最低年限"":""二年"",""服务基层项目工作经历"":""无限制"",""是否在面试阶段组织专业能力测试"":""否"",""面试人员比例"":""5:1"",""工作地点"":""湖北省武汉市"",""落户地点"":""湖北省武汉市"",""备注"":""本单位最低服务年限为5年（含试用期）。"",""部门网站"":""无"",""咨询电话1"":""027-87732880"",""咨询电话2"":""027-87732870"",""咨询电话3"":""02787303579"",""来源Sheet"":""中央国家行政机关参照公务员法管理事业单位""}}"
"government_jobs","国家公务员2024招考简章","公务员/事业单位技术岗位","湖北省十堰市","2026-07-28T09:12:58.310295+00:00","十堰调查队综合科室二级主任科员及以下","国家统计局湖北调查总队","","湖北省十堰市","公务员/事业单位;2024;computer_software;data_ai;本科及以上;与最高学历相对应的学位;统计学类、数学与应用数学、经济学、经济统计学、国民经济管理、计算机科学与技术、农业工程与信息技术、软件工程;市（地）级及以下直属机构综合管理类","用人司局：国家统计局湖北调查总队
职位简介：从事一线入户调查、数据处理、统计分析、统计研究等工作。
专业要求：统计学类、数学与应用数学、经济学、经济统计学、国民经济管理、计算机科学与技术、农业工程与信息技术、软件工程
学历要求：本科及以上
学位要求：与最高学历相对应的学位
政治面貌：不限
基层工作经历：无限制
考试类别：市（地）级及以下直属机构综合管理类
备注：1.本职位需要经常到一线农村调查；2.本单位最低服务年限为5年（含试用期）。","https://www.xuanhan.gov.cn/xxgk-show-77635.html#135117-400110117008","2023-10-15","{""dataset_year"":2024,""job_uid"":""GOV-2024-135117-400110117008"",""publisher"":""国家公务员局"",""publication_page"":""https://www.xuanhan.gov.cn/xxgk-show-77635.html"",""attachment_url"":""https://www.xuanhan.gov.cn/uploadfile/1/Attachment/638fdecf51.zip"",""local_source_file"":""中央机关及其直属机构2024年度考试录用公务员招考简章.xls"",""local_source_sha256"":""a1741b99dbecd6d03e533f99f2d69b0fa5a79733e551b80af69986ceed2ad996"",""source_sheet"":""中央国家行政机关参照公务员法管理事业单位"",""filter_version"":""government_tech_v2"",""tech_filter"":{""is_tech"":true,""is_core_tech"":true,""scope"":""core"",""categories"":[""computer_software"",""data_ai""],""matched_fields"":[""major"",""description""],""major_terms"":[""计算机科学与技术"",""软件工程""],""role_terms"":[""数据处理""],""reason"":""tech_major_and_role""},""original"":{""部门代码"":""135117"",""部门名称"":""国家统计局湖北调查总队"",""用人司局"":""国家统计局湖北调查总队"",""机构性质"":""中央国家行政机关参照公务员法管理事业单位"",""招考职位"":""十堰调查队综合科室二级主任科员及以下"",""职位属性"":""普通职位"",""职位分布"":""其他职位"",""职位简介"":""从事一线入户调查、数据处理、统计分析、统计研究等工作。"",""职位代码"":""400110117008"",""机构层级"":""市（地）级"",""考试类别"":""市（地）级及以下直属机构综合管理类"",""招考人数"":""1"",""专业"":""统计学类、数学与应用数学、经济学、经济统计学、国民经济管理、计算机科学与技术、农业工程与信息技术、软件工程"",""学历"":""本科及以上"",""学位"":""与最高学历相对应的学位"",""政治面貌"":""不限"",""基层工作最低年限"":""无限制"",""服务基层项目工作经历"":""无限制"",""是否在面试阶段组织专业能力测试"":""否"",""面试人员比例"":""3:1"",""工作地点"":""湖北省十堰市"",""落户地点"":""湖北省十堰市"",""备注"":""1.本职位需要经常到一线农村调查；2.本单位最低服务年限为5年（含试用期）。"",""部门网站"":""无"",""咨询电话1"":""027-87732880"",""咨询电话2"":""027-87732870"",""咨询电话3"":""02787303579"",""来源Sheet"":""中央国家行政机关参照公务员法管理事业单位""}}"
"government_jobs","国家公务员2024招考简章","公务员/事业单位技术岗位","湖北省宜昌市","2026-07-28T09:12:58.310295+00:00","宜昌调查队综合科室二级主任科员及以下","国家统计局湖北调查总队","","湖北省宜昌市","公务员/事业单位;2024;computer_software;data_ai;本科及以上;与最高学历相对应的学位;经济学、经济统计学、应用统计学、统计学、会计学、汉语言文学、数学与应用数学、计算机科学与技术;市（地）级及以下直属机构综合管理类","用人司局：国家统计局湖北调查总队
职位简介：从事一线入户调查、数据处理、统计分析、统计研究等工作。
专业要求：经济学、经济统计学、应用统计学、统计学、会计学、汉语言文学、数学与应用数学、计算机科学与技术
学历要求：本科及以上
学位要求：与最高学历相对应的学位
政治面貌：不限
基层工作经历：无限制
考试类别：市（地）级及以下直属机构综合管理类
备注：1.本职位需要经常到一线农村调查；2.本单位最低服务年限为5年（含试用期）。","https://www.xuanhan.gov.cn/xxgk-show-77635.html#135117-400110117010","2023-10-15","{""dataset_year"":2024,""job_uid"":""GOV-2024-135117-400110117010"",""publisher"":""国家公务员局"",""publication_page"":""https://www.xuanhan.gov.cn/xxgk-show-77635.html"",""attachment_url"":""https://www.xuanhan.gov.cn/uploadfile/1/Attachment/638fdecf51.zip"",""local_source_file"":""中央机关及其直属机构2024年度考试录用公务员招考简章.xls"",""local_source_sha256"":""a1741b99dbecd6d03e533f99f2d69b0fa5a79733e551b80af69986ceed2ad996"",""source_sheet"":""中央国家行政机关参照公务员法管理事业单位"",""filter_version"":""government_tech_v2"",""tech_filter"":{""is_tech"":true,""is_core_tech"":true,""scope"":""core"",""categories"":[""computer_software"",""data_ai""],""matched_fields"":[""major"",""description""],""major_terms"":[""计算机科学与技术""],""role_terms"":[""数据处理""],""reason"":""tech_major_and_role""},""original"":{""部门代码"":""135117"",""部门名称"":""国家统计局湖北调查总队"",""用人司局"":""国家统计局湖北调查总队"",""机构性质"":""中央国家行政机关参照公务员法管理事业单位"",""招考职位"":""宜昌调查队综合科室二级主任科员及以下"",""职位属性"":""普通职位"",""职位分布"":""其他职位"",""职位简介"":""从事一线入户调查、数据处理、统计分析、统计研究等工作。"",""职位代码"":""400110117010"",""机构层级"":""市（地）级"",""考试类别"":""市（地）级及以下直属机构综合管理类"",""招考人数"":""1"",""专业"":""经济学、经济统计学、应用统计学、统计学、会计学、汉语言文学、数学与应用数学、计算机科学与技术"",""学历"":""本科及以上"",""学位"":""与最高学历相对应的学位"",""政治面貌"":""不限"",""基层工作最低年限"":""无限制"",""服务基层项目工作经历"":""无限制"",""是否在面试阶段组织专业能力测试"":""否"",""面试人员比例"":""3:1"",""工作地点"":""湖北省宜昌市"",""落户地点"":""湖北省宜昌市"",""备注"":""1.本职位需要经常到一线农村调查；2.本单位最低服务年限为5年（含试用期）。"",""部门网站"":""无"",""咨询电话1"":""027-87732880"",""咨询电话2"":""027-87732870"",""咨询电话3"":""02787303579"",""来源Sheet"":""中央国家行政机关参照公务员法管理事业单位""}}"
"government_jobs","国家公务员2024招考简章","公务员/事业单位技术岗位","湖北省襄阳市","2026-07-28T09:12:58.310295+00:00","襄阳调查队业务科室一级科员","国家统计局湖北调查总队","","湖北省襄阳市","公务员/事业单位;2024;computer_software;data_ai;仅限本科;学士;经济统计学、统计学、应用统计学、经济学、农林经济管理、社会学、汉语言文学、计算机科学与技术;市（地）级及以下直属机构综合管理类","用人司局：国家统计局湖北调查总队
职位简介：从事一线入户调查、数据处理、统计分析、统计研究等工作。
专业要求：经济统计学、统计学、应用统计学、经济学、农林经济管理、社会学、汉语言文学、计算机科学与技术
学历要求：仅限本科
学位要求：学士
政治面貌：中共党员
基层工作经历：无限制
考试类别：市（地）级及以下直属机构综合管理类
备注：1.本职位限招应届高校毕业生；2.本职位需要经常到一线农村调查；3.本单位最低服务年限为5年（含试用期）。","https://www.xuanhan.gov.cn/xxgk-show-77635.html#135117-400110117012","2023-10-15","{""dataset_year"":2024,""job_uid"":""GOV-2024-135117-400110117012"",""publisher"":""国家公务员局"",""publication_page"":""https://www.xuanhan.gov.cn/xxgk-show-77635.html"",""attachment_url"":""https://www.xuanhan.gov.cn/uploadfile/1/Attachment/638fdecf51.zip"",""local_source_file"":""中央机关及其直属机构2024年度考试录用公务员招考简章.xls"",""local_source_sha256"":""a1741b99dbecd6d03e533f99f2d69b0fa5a79733e551b80af69986ceed2ad996"",""source_sheet"":""中央国家行政机关参照公务员法管理事业单位"",""filter_version"":""government_tech_v2"",""tech_filter"":{""is_tech"":true,""is_core_tech"":true,""scope"":""core"",""categories"":[""computer_software"",""data_ai""],""matched_fields"":[""major"",""description""],""major_terms"":[""计算机科学与技术""],""role_terms"":[""数据处理""],""reason"":""tech_major_and_role""},""original"":{""部门代码"":""135117"",""部门名称"":""国家统计局湖北调查总队"",""用人司局"":""国家统计局湖北调查总队"",""机构性质"":""中央国家行政机关参照公务员法管理事业单位"",""招考职位"":""襄阳调查队业务科室一级科员"",""职位属性"":""普通职位"",""职位分布"":""其他职位"",""职位简介"":""从事一线入户调查、数据处理、统计分析、统计研究等工作。"",""职位代码"":""400110117012"",""机构层级"":""市（地）级"",""考试类别"":""市（地）级及以下直属机构综合管理类"",""招考人数"":""1"",""专业"":""经济统计学、统计学、应用统计学、经济学、农林经济管理、社会学、汉语言文学、计算机科学与技术"",""学历"":""仅限本科"",""学位"":""学士"",""政治面貌"":""中共党员"",""基层工作最低年限"":""无限制"",""服务基层项目工作经历"":""无限制"",""是否在面试阶段组织专业能力测试"":""否"",""面试人员比例"":""3:1"",""工作地点"":""湖北省襄阳市"",""落户地点"":""湖北省襄阳市"",""备注"":""1.本职位限招应届高校毕业生；2.本职位需要经常到一线农村调查；3.本单位最低服务年限为5年（含试用期）。"",""部门网站"":""无"",""咨询电话1"":""027-87732880"",""咨询电话2"":""027-87732870"",""咨询电话3"":""02787303579"",""来源Sheet"":""中央国家行政机关参照公务员法管理事业单位""}}"
"government_jobs","国家公务员2024招考简章","公务员/事业单位技术岗位","湖北省襄阳市襄州区","2026-07-28T09:12:58.310295+00:00","襄州调查队业务科室一级科员","国家统计局湖北调查总队","","湖北省襄阳市襄州区","公务员/事业单位;2024;computer_software;data_ai;仅限本科;学士;经济统计学、统计学、应用统计学、经济学、农林经济管理、社会学、汉语言文学、计算机科学与技术;市（地）级及以下直属机构综合管理类","用人司局：国家统计局湖北调查总队
职位简介：从事一线入户调查、数据处理、统计分析、统计研究等工作。
专业要求：经济统计学、统计学、应用统计学、经济学、农林经济管理、社会学、汉语言文学、计算机科学与技术
学历要求：仅限本科
学位要求：学士
政治面貌：不限
基层工作经历：无限制
考试类别：市（地）级及以下直属机构综合管理类
备注：1.本职位限招应届高校毕业生；2.本职位需要经常到一线农村调查；3.本单位最低服务年限为5年（含试用期）。","https://www.xuanhan.gov.cn/xxgk-show-77635.html#135117-400110117013","2023-10-15","{""dataset_year"":2024,""job_uid"":""GOV-2024-135117-400110117013"",""publisher"":""国家公务员局"",""publication_page"":""https://www.xuanhan.gov.cn/xxgk-show-77635.html"",""attachment_url"":""https://www.xuanhan.gov.cn/uploadfile/1/Attachment/638fdecf51.zip"",""local_source_file"":""中央机关及其直属机构2024年度考试录用公务员招考简章.xls"",""local_source_sha256"":""a1741b99dbecd6d03e533f99f2d69b0fa5a79733e551b80af69986ceed2ad996"",""source_sheet"":""中央国家行政机关参照公务员法管理事业单位"",""filter_version"":""government_tech_v2"",""tech_filter"":{""is_tech"":true,""is_core_tech"":true,""scope"":""core"",""categories"":[""computer_software"",""data_ai""],""matched_fields"":[""major"",""description""],""major_terms"":[""计算机科学与技术""],""role_terms"":[""数据处理""],""reason"":""tech_major_and_role""},""original"":{""部门代码"":""135117"",""部门名称"":""国家统计局湖北调查总队"",""用人司局"":""国家统计局湖北调查总队"",""机构性质"":""中央国家行政机关参照公务员法管理事业单位"",""招考职位"":""襄州调查队业务科室一级科员"",""职位属性"":""普通职位"",""职位分布"":""其他职位"",""职位简介"":""从事一线入户调查、数据处理、统计分析、统计研究等工作。"",""职位代码"":""400110117013"",""机构层级"":""县（区）级及以下"",""考试类别"":""市（地）级及以下直属机构综合管理类"",""招考人数"":""1"",""专业"":""经济统计学、统计学、应用统计学、经济学、农林经济管理、社会学、汉语言文学、计算机科学与技术"",""学历"":""仅限本科"",""学位"":""学士"",""政治面貌"":""不限"",""基层工作最低年限"":""无限制"",""服务基层项目工作经历"":""无限制"",""是否在面试阶段组织专业能力测试"":""否"",""面试人员比例"":""3:1"",""工作地点"":""湖北省襄阳市襄州区"",""落户地点"":""湖北省襄阳市襄州区"",""备注"":""1.本职位限招应届高校毕业生；2.本职位需要经常到一线农村调查；3.本单位最低服务年限为5年（含试用期）。"",""部门网站"":""无"",""咨询电话1"":""027-87732880"",""咨询电话2"":""027-87732870"",""咨询电话3"":""02787303579"",""来源Sheet"":""中央国家行政机关参照公务员法管理事业单位""}}"
"government_jobs","国家公务员2024招考简章","公务员/事业单位技术岗位","湖北省襄阳市谷城县","2026-07-28T09:12:58.310295+00:00","谷城调查队业务科室一级科员","国家统计局湖北调查总队","","湖北省襄阳市谷城县","公务员/事业单位;2024;computer_software;data_ai;仅限本科;学士;经济统计学、统计学、应用统计学、经济学、农林经济管理、社会学、汉语言文学、财务管理、信息与计算科学、计算机科学与技术;市（地）级及以下直属机构综合管理类","用人司局：国家统计局湖北调查总队
职位简介：从事一线入户调查、数据处理、统计分析、统计研究等工作。
专业要求：经济统计学、统计学、应用统计学、经济学、农林经济管理、社会学、汉语言文学、财务管理、信息与计算科学、计算机科学与技术
学历要求：仅限本科
学位要求：学士
政治面貌：不限
基层工作经历：无限制
考试类别：市（地）级及以下直属机构综合管理类
备注：1.本职位限招应届高校毕业生；2.本职位需要经常到一线农村调查；3.本单位最低服务年限为5年（含试用期）。","https://www.xuanhan.gov.cn/xxgk-show-77635.html#135117-400110117014","2023-10-15","{""dataset_year"":2024,""job_uid"":""GOV-2024-135117-400110117014"",""publisher"":""国家公务员局"",""publication_page"":""https://www.xuanhan.gov.cn/xxgk-show-77635.html"",""attachment_url"":""https://www.xuanhan.gov.cn/uploadfile/1/Attachment/638fdecf51.zip"",""local_source_file"":""中央机关及其直属机构2024年度考试录用公务员招考简章.xls"",""local_source_sha256"":""a1741b99dbecd6d03e533f99f2d69b0fa5a79733e551b80af69986ceed2ad996"",""source_sheet"":""中央国家行政机关参照公务员法管理事业单位"",""filter_version"":""government_tech_v2"",""tech_filter"":{""is_tech"":true,""is_core_tech"":true,""scope"":""core"",""categories"":[""computer_software"",""data_ai""],""matched_fields"":[""major"",""description""],""major_terms"":[""计算机科学与技术""],""role_terms"":[""数据处理""],""reason"":""tech_major_and_role""},""original"":{""部门代码"":""135117"",""部门名称"":""国家统计局湖北调查总队"",""用人司局"":""国家统计局湖北调查总队"",""机构性质"":""中央国家行政机关参照公务员法管理事业单位"",""招考职位"":""谷城调查队业务科室一级科员"",""职位属性"":""普通职位"",""职位分布"":""其他职位"",""职位简介"":""从事一线入户调查、数据处理、统计分析、统计研究等工作。"",""职位代码"":""400110117014"",""机构层级"":""县（区）级及以下"",""考试类别"":""市（地）级及以下直属机构综合管理类"",""招考人数"":""1"",""专业"":""经济统计学、统计学、应用统计学、经济学、农林经济管理、社会学、汉语言文学、财务管理、信息与计算科学、计算机科学与技术"",""学历"":""仅限本科"",""学位"":""学士"",""政治面貌"":""不限"",""基层工作最低年限"":""无限制"",""服务基层项目工作经历"":""无限制"",""是否在面试阶段组织专业能力测试"":""否"",""面试人员比例"":""3:1"",""工作地点"":""湖北省襄阳市谷城县"",""落户地点"":""湖北省襄阳市谷城县"",""备注"":""1.本职位限招应届高校毕业生；2.本职位需要经常到一线农村调查；3.本单位最低服务年限为5年（含试用期）。"",""部门网站"":""无"",""咨询电话1"":""027-87732880"",""咨询电话2"":""027-87732870"",""咨询电话3"":""02787303579"",""来源Sheet"":""中央国家行政机关参照公务员法管理事业单位""}}"
"government_jobs","国家公务员2024招考简章","公务员/事业单位技术岗位","湖北省鄂州市","2026-07-28T09:12:58.310295+00:00","鄂州调查队业务科室一级科员","国家统计局湖北调查总队","","湖北省鄂州市","公务员/事业单位;2024;computer_software;data_ai;仅限本科;学士;信息与计算科学、计算机科学与技术、软件工程、网络工程、数据计算及应用;市（地）级及以下直属机构综合管理类","用人司局：国家统计局湖北调查总队
职位简介：从事一线入户调查、数据处理、统计分析、统计研究等工作。
专业要求：信息与计算科学、计算机科学与技术、软件工程、网络工程、数据计算及应用
学历要求：仅限本科
学位要求：学士
政治面貌：不限
基层工作经历：无限制
考试类别：市（地）级及以下直属机构综合管理类
备注：1.本职位限招应届高校毕业生；2.本职位需要经常到一线农村调查；3.本单位最低服务年限为5年（含试用期）。","https://www.xuanhan.gov.cn/xxgk-show-77635.html#135117-400110117018","2023-10-15","{""dataset_year"":2024,""job_uid"":""GOV-2024-135117-400110117018"",""publisher"":""国家公务员局"",""publication_page"":""https://www.xuanhan.gov.cn/xxgk-show-77635.html"",""attachment_url"":""https://www.xuanhan.gov.cn/uploadfile/1/Attachment/638fdecf51.zip"",""local_source_file"":""中央机关及其直属机构2024年度考试录用公务员招考简章.xls"",""local_source_sha256"":""a1741b99dbecd6d03e533f99f2d69b0fa5a79733e551b80af69986ceed2ad996"",""source_sheet"":""中央国家行政机关参照公务员法管理事业单位"",""filter_version"":""government_tech_v2"",""tech_filter"":{""is_tech"":true,""is_core_tech"":true,""scope"":""core"",""categories"":[""computer_software"",""data_ai""],""matched_fields"":[""major"",""description""],""major_terms"":[""网络工程"",""计算机科学与技术"",""软件工程""],""role_terms"":[""数据处理""],""reason"":""tech_major_and_role""},""original"":{""部门代码"":""135117"",""部门名称"":""国家统计局湖北调查总队"",""用人司局"":""国家统计局湖北调查总队"",""机构性质"":""中央国家行政机关参照公务员法管理事业单位"",""招考职位"":""鄂州调查队业务科室一级科员"",""职位属性"":""普通职位"",""职位分布"":""其他职位"",""职位简介"":""从事一线入户调查、数据处理、统计分析、统计研究等工作。"",""职位代码"":""400110117018"",""机构层级"":""市（地）级"",""考试类别"":""市（地）级及以下直属机构综合管理类"",""招考人数"":""1"",""专业"":""信息与计算科学、计算机科学与技术、软件工程、网络工程、数据计算及应用"",""学历"":""仅限本科"",""学位"":""学士"",""政治面貌"":""不限"",""基层工作最低年限"":""无限制"",""服务基层项目工作经历"":""无限制"",""是否在面试阶段组织专业能力测试"":""否"",""面试人员比例"":""3:1"",""工作地点"":""湖北省鄂州市"",""落户地点"":""湖北省鄂州市"",""备注"":""1.本职位限招应届高校毕业生；2.本职位需要经常到一线农村调查；3.本单位最低服务年限为5年（含试用期）。"",""部门网站"":""无"",""咨询电话1"":""027-87732880"",""咨询电话2"":""027-87732870"",""咨询电话3"":""02787303579"",""来源Sheet"":""中央国家行政机关参照公务员法管理事业单位""}}"
"government_jobs","国家公务员2024招考简章","公务员/事业单位技术岗位","湖北省荆门市","2026-07-28T09:12:58.310295+00:00","荆门调查队业务科室四级主任科员及以下（1）","国家统计局湖北调查总队","","湖北省荆门市","公务员/事业单位;2024;data_ai;本科及以上;与最高学历相对应的学位;统计学类、经济统计学、数学与应用数学、数据计算及应用;市（地）级及以下直属机构综合管理类","用人司局：国家统计局湖北调查总队
职位简介：从事一线入户调查、数据处理、统计分析、统计研究等工作。
专业要求：统计学类、经济统计学、数学与应用数学、数据计算及应用
学历要求：本科及以上
学位要求：与最高学历相对应的学位
政治面貌：不限
基层工作经历：无限制
考试类别：市（地）级及以下直属机构综合管理类
备注：1.本职位限招应届高校毕业生；2.本职位需要经常到一线农村调查；3.本单位最低服务年限为5年（含试用期）。","https://www.xuanhan.gov.cn/xxgk-show-77635.html#135117-400110117020","2023-10-15","{""dataset_year"":2024,""job_uid"":""GOV-2024-135117-400110117020"",""publisher"":""国家公务员局"",""publication_page"":""https://www.xuanhan.gov.cn/xxgk-show-77635.html"",""attachment_url"":""https://www.xuanhan.gov.cn/uploadfile/1/Attachment/638fdecf51.zip"",""local_source_file"":""中央机关及其直属机构2024年度考试录用公务员招考简章.xls"",""local_source_sha256"":""a1741b99dbecd6d03e533f99f2d69b0fa5a79733e551b80af69986ceed2ad996"",""source_sheet"":""中央国家行政机关参照公务员法管理事业单位"",""filter_version"":""government_tech_v2"",""tech_filter"":{""is_tech"":true,""is_core_tech"":true,""scope"":""core"",""categories"":[""data_ai""],""matched_fields"":[""description""],""major_terms"":[],""role_terms"":[""数据处理""],""reason"":""tech_role""},""original"":{""部门代码"":""135117"",""部门名称"":""国家统计局湖北调查总队"",""用人司局"":""国家统计局湖北调查总队"",""机构性质"":""中央国家行政机关参照公务员法管理事业单位"",""招考职位"":""荆门调查队业务科室四级主任科员及以下（1）"",""职位属性"":""普通职位"",""职位分布"":""其他职位"",""职位简介"":""从事一线入户调查、数据处理、统计分析、统计研究等工作。"",""职位代码"":""400110117020"",""机构层级"":""市（地）级"",""考试类别"":""市（地）级及以下直属机构综合管理类"",""招考人数"":""1"",""专业"":""统计学类、经济统计学、数学与应用数学、数据计算及应用"",""学历"":""本科及以上"",""学位"":""与最高学历相对应的学位"",""政治面貌"":""不限"",""基层工作最低年限"":""无限制"",""服务基层项目工作经历"":""无限制"",""是否在面试阶段组织专业能力测试"":""否"",""面试人员比例"":""3:1"",""工作地点"":""湖北省荆门市"",""落户地点"":""湖北省荆门市"",""备注"":""1.本职位限招应届高校毕业生；2.本职位需要经常到一线农村调查；3.本单位最低服务年限为5年（含试用期）。"",""部门网站"":""无"",""咨询电话1"":""027-87732880"",""咨询电话2"":""027-87732870"",""咨询电话3"":""02787303579"",""来源Sheet"":""中央国家行政机关参照公务员法管理事业单位""}}"
"government_jobs","国家公务员2024招考简章","公务员/事业单位技术岗位","湖北省孝感市","2026-07-28T09:12:58.310295+00:00","孝感调查队综合科室一级科员","国家统计局湖北调查总队","","湖北省孝感市","公务员/事业单位;2024;computer_software;data_ai;仅限本科;学士;信息与计算科学、计算机科学与技术、软件工程、网络工程、数据计算及应用;市（地）级及以下直属机构综合管理类","用人司局：国家统计局湖北调查总队
职位简介：从事计算机网络管理、数据处理、统计分析等工作。
专业要求：信息与计算科学、计算机科学与技术、软件工程、网络工程、数据计算及应用
学历要求：仅限本科
学位要求：学士
政治面貌：不限
基层工作经历：无限制
考试类别：市（地）级及以下直属机构综合管理类
备注：1.本职位限招2024届高校毕业生；2.本职位需要经常到一线农村调查；3.本单位最低服务年限为5年（含试用期）。","https://www.xuanhan.gov.cn/xxgk-show-77635.html#135117-400110117024","2023-10-15","{""dataset_year"":2024,""job_uid"":""GOV-2024-135117-400110117024"",""publisher"":""国家公务员局"",""publication_page"":""https://www.xuanhan.gov.cn/xxgk-show-77635.html"",""attachment_url"":""https://www.xuanhan.gov.cn/uploadfile/1/Attachment/638fdecf51.zip"",""local_source_file"":""中央机关及其直属机构2024年度考试录用公务员招考简章.xls"",""local_source_sha256"":""a1741b99dbecd6d03e533f99f2d69b0fa5a79733e551b80af69986ceed2ad996"",""source_sheet"":""中央国家行政机关参照公务员法管理事业单位"",""filter_version"":""government_tech_v2"",""tech_filter"":{""is_tech"":true,""is_core_tech"":true,""scope"":""core"",""categories"":[""computer_software"",""data_ai""],""matched_fields"":[""major"",""description""],""major_terms"":[""网络工程"",""计算机科学与技术"",""软件工程""],""role_terms"":[""数据处理"",""网络管理"",""计算机""],""reason"":""tech_major_and_role""},""original"":{""部门代码"":""135117"",""部门名称"":""国家统计局湖北调查总队"",""用人司局"":""国家统计局湖北调查总队"",""机构性质"":""中央国家行政机关参照公务员法管理事业单位"",""招考职位"":""孝感调查队综合科室一级科员"",""职位属性"":""普通职位"",""职位分布"":""其他职位"",""职位简介"":""从事计算机网络管理、数据处理、统计分析等工作。"",""职位代码"":""400110117024"",""机构层级"":""市（地）级"",""考试类别"":""市（地）级及以下直属机构综合管理类"",""招考人数"":""2"",""专业"":""信息与计算科学、计算机科学与技术、软件工程、网络工程、数据计算及应用"",""学历"":""仅限本科"",""学位"":""学士"",""政治面貌"":""不限"",""基层工作最低年限"":""无限制"",""服务基层项目工作经历"":""无限制"",""是否在面试阶段组织专业能力测试"":""否"",""面试人员比例"":""3:1"",""工作地点"":""湖北省孝感市"",""落户地点"":""湖北省孝感市"",""备注"":""1.本职位限招2024届高校毕业生；2.本职位需要经常到一线农村调查；3.本单位最低服务年限为5年（含试用期）。"",""部门网站"":""无"",""咨询电话1"":""027-87732880"",""咨询电话2"":""027-87732870"",""咨询电话3"":""02787303579"",""来源Sheet"":""中央国家行政机关参照公务员法管理事业单位""}}"
"government_jobs","国家公务员2024招考简章","公务员/事业单位技术岗位","湖北省荆州市","2026-07-28T09:12:58.310295+00:00","荆州调查队综合法纪科四级主任科员及以下","国家统计局湖北调查总队","","湖北省荆州市","公务员/事业单位;2024;computer_software;data_ai;本科及以上;与最高学历相对应的学位;统计学类、大数据管理与应用、国际经济与贸易、金融学、法学、农业经济管理类;市（地）级及以下直属机构综合管理类","用人司局：国家统计局湖北调查总队
职位简介：从事一线入户调查、数据处理、统计分析、统计研究等工作。
专业要求：统计学类、大数据管理与应用、国际经济与贸易、金融学、法学、农业经济管理类
学历要求：本科及以上
学位要求：与最高学历相对应的学位
政治面貌：不限
基层工作经历：无限制
考试类别：市（地）级及以下直属机构综合管理类
备注：1.本职位限招应届高校毕业生；2.本职位需要经常到一线农村调查；3.本单位最低服务年限为5年（含试用期）。","https://www.xuanhan.gov.cn/xxgk-show-77635.html#135117-400110117028","2023-10-15","{""dataset_year"":2024,""job_uid"":""GOV-2024-135117-400110117028"",""publisher"":""国家公务员局"",""publication_page"":""https://www.xuanhan.gov.cn/xxgk-show-77635.html"",""attachment_url"":""https://www.xuanhan.gov.cn/uploadfile/1/Attachment/638fdecf51.zip"",""local_source_file"":""中央机关及其直属机构2024年度考试录用公务员招考简章.xls"",""local_source_sha256"":""a1741b99dbecd6d03e533f99f2d69b0fa5a79733e551b80af69986ceed2ad996"",""source_sheet"":""中央国家行政机关参照公务员法管理事业单位"",""filter_version"":""government_tech_v2"",""tech_filter"":{""is_tech"":true,""is_core_tech"":true,""scope"":""core"",""categories"":[""computer_software"",""data_ai""],""matched_fields"":[""major"",""description""],""major_terms"":[""大数据""],""role_terms"":[""数据处理""],""reason"":""tech_major_and_role""},""original"":{""部门代码"":""135117"",""部门名称"":""国家统计局湖北调查总队"",""用人司局"":""国家统计局湖北调查总队"",""机构性质"":""中央国家行政机关参照公务员法管理事业单位"",""招考职位"":""荆州调查队综合法纪科四级主任科员及以下"",""职位属性"":""普通职位"",""职位分布"":""其他职位"",""职位简介"":""从事一线入户调查、数据处理、统计分析、统计研究等工作。"",""职位代码"":""400110117028"",""机构层级"":""市（地）级"",""考试类别"":""市（地）级及以下直属机构综合管理类"",""招考人数"":""1"",""专业"":""统计学类、大数据管理与应用、国际经济与贸易、金融学、法学、农业经济管理类"",""学历"":""本科及以上"",""学位"":""与最高学历相对应的学位"",""政治面貌"":""不限"",""基层工作最低年限"":""无限制"",""服务基层项目工作经历"":""无限制"",""是否在面试阶段组织专业能力测试"":""否"",""面试人员比例"":""3:1"",""工作地点"":""湖北省荆州市"",""落户地点"":""湖北省荆州市"",""备注"":""1.本职位限招应届高校毕业生；2.本职位需要经常到一线农村调查；3.本单位最低服务年限为5年（含试用期）。"",""部门网站"":""无"",""咨询电话1"":""027-87732880"",""咨询电话2"":""027-87732870"",""咨询电话3"":""02787303579"",""来源Sheet"":""中央国家行政机关参照公务员法管理事业单位""}}"
"government_jobs","国家公务员2024招考简章","公务员/事业单位技术岗位","湖北省荆州市","2026-07-28T09:12:58.310295+00:00","荆州调查队价格调查科四级主任科员及以下","国家统计局湖北调查总队","","湖北省荆州市","公务员/事业单位;2024;computer_software;cybersecurity_cryptography;data_ai;本科及以上;与最高学历相对应的学位;计算机科学与技术、软件工程、网络工程、信息安全;市（地）级及以下直属机构综合管理类","用人司局：国家统计局湖北调查总队
职位简介：从事一线入户调查、数据处理、统计分析、统计研究等工作。
专业要求：计算机科学与技术、软件工程、网络工程、信息安全
学历要求：本科及以上
学位要求：与最高学历相对应的学位
政治面貌：不限
基层工作经历：无限制
考试类别：市（地）级及以下直属机构综合管理类
备注：1.本职位限招应届高校毕业生；2.本职位需要经常到一线农村调查；3.本单位最低服务年限为5年（含试用期）。","https://www.xuanhan.gov.cn/xxgk-show-77635.html#135117-400110117029","2023-10-15","{""dataset_year"":2024,""job_uid"":""GOV-2024-135117-400110117029"",""publisher"":""国家公务员局"",""publication_page"":""https://www.xuanhan.gov.cn/xxgk-show-77635.html"",""attachment_url"":""https://www.xuanhan.gov.cn/uploadfile/1/Attachment/638fdecf51.zip"",""local_source_file"":""中央机关及其直属机构2024年度考试录用公务员招考简章.xls"",""local_source_sha256"":""a1741b99dbecd6d03e533f99f2d69b0fa5a79733e551b80af69986ceed2ad996"",""source_sheet"":""中央国家行政机关参照公务员法管理事业单位"",""filter_version"":""government_tech_v2"",""tech_filter"":{""is_tech"":true,""is_core_tech"":true,""scope"":""core"",""categories"":[""computer_software"",""cybersecurity_cryptography"",""data_ai""],""matched_fields"":[""major"",""description""],""major_terms"":[""信息安全"",""网络工程"",""计算机科学与技术"",""软件工程""],""role_terms"":[""数据处理""],""reason"":""tech_major_and_role""},""original"":{""部门代码"":""135117"",""部门名称"":""国家统计局湖北调查总队"",""用人司局"":""国家统计局湖北调查总队"",""机构性质"":""中央国家行政机关参照公务员法管理事业单位"",""招考职位"":""荆州调查队价格调查科四级主任科员及以下"",""职位属性"":""普通职位"",""职位分布"":""其他职位"",""职位简介"":""从事一线入户调查、数据处理、统计分析、统计研究等工作。"",""职位代码"":""400110117029"",""机构层级"":""市（地）级"",""考试类别"":""市（地）级及以下直属机构综合管理类"",""招考人数"":""1"",""专业"":""计算机科学与技术、软件工程、网络工程、信息安全"",""学历"":""本科及以上"",""学位"":""与最高学历相对应的学位"",""政治面貌"":""不限"",""基层工作最低年限"":""无限制"",""服务基层项目工作经历"":""无限制"",""是否在面试阶段组织专业能力测试"":""否"",""面试人员比例"":""3:1"",""工作地点"":""湖北省荆州市"",""落户地点"":""湖北省荆州市"",""备注"":""1.本职位限招应届高校毕业生；2.本职位需要经常到一线农村调查；3.本单位最低服务年限为5年（含试用期）。"",""部门网站"":""无"",""咨询电话1"":""027-87732880"",""咨询电话2"":""027-87732870"",""咨询电话3"":""02787303579"",""来源Sheet"":""中央国家行政机关参照公务员法管理事业单位""}}"
"government_jobs","国家公务员2024招考简章","公务员/事业单位技术岗位","湖北省荆州市松滋市","2026-07-28T09:12:58.310295+00:00","松滋调查队综合科室一级科员","国家统计局湖北调查总队","","湖北省荆州市松滋市","公务员/事业单位;2024;computer_software;data_ai;仅限本科;学士;统计学、国际经济与贸易、数学与应用数学、会计学、财务管理、行政管理、汉语言文学、信息与计算科学、计算机科学与技术、软件工程;市（地）级及以下直属机构综合管理类","用人司局：国家统计局湖北调查总队
职位简介：从事一线入户调查、数据处理、统计分析、统计研究等工作。
专业要求：统计学、国际经济与贸易、数学与应用数学、会计学、财务管理、行政管理、汉语言文学、信息与计算科学、计算机科学与技术、软件工程
学历要求：仅限本科
学位要求：学士
政治面貌：不限
基层工作经历：无限制
考试类别：市（地）级及以下直属机构综合管理类
备注：1.本职位限招应届高校毕业生；2.本职位需要经常到一线农村调查；3.本单位最低服务年限为5年（含试用期）。","https://www.xuanhan.gov.cn/xxgk-show-77635.html#135117-400110117030","2023-10-15","{""dataset_year"":2024,""job_uid"":""GOV-2024-135117-400110117030"",""publisher"":""国家公务员局"",""publication_page"":""https://www.xuanhan.gov.cn/xxgk-show-77635.html"",""attachment_url"":""https://www.xuanhan.gov.cn/uploadfile/1/Attachment/638fdecf51.zip"",""local_source_file"":""中央机关及其直属机构2024年度考试录用公务员招考简章.xls"",""local_source_sha256"":""a1741b99dbecd6d03e533f99f2d69b0fa5a79733e551b80af69986ceed2ad996"",""source_sheet"":""中央国家行政机关参照公务员法管理事业单位"",""filter_version"":""government_tech_v2"",""tech_filter"":{""is_tech"":true,""is_core_tech"":true,""scope"":""core"",""categories"":[""computer_software"",""data_ai""],""matched_fields"":[""major"",""description""],""major_terms"":[""计算机科学与技术"",""软件工程""],""role_terms"":[""数据处理""],""reason"":""tech_major_and_role""},""original"":{""部门代码"":""135117"",""部门名称"":""国家统计局湖北调查总队"",""用人司局"":""国家统计局湖北调查总队"",""机构性质"":""中央国家行政机关参照公务员法管理事业单位"",""招考职位"":""松滋调查队综合科室一级科员"",""职位属性"":""普通职位"",""职位分布"":""其他职位"",""职位简介"":""从事一线入户调查、数据处理、统计分析、统计研究等工作。"",""职位代码"":""400110117030"",""机构层级"":""县（区）级及以下"",""考试类别"":""市（地）级及以下直属机构综合管理类"",""招考人数"":""1"",""专业"":""统计学、国际经济与贸易、数学与应用数学、会计学、财务管理、行政管理、汉语言文学、信息与计算科学、计算机科学与技术、软件工程"",""学历"":""仅限本科"",""学位"":""学士"",""政治面貌"":""不限"",""基层工作最低年限"":""无限制"",""服务基层项目工作经历"":""无限制"",""是否在面试阶段组织专业能力测试"":""否"",""面试人员比例"":""3:1"",""工作地点"":""湖北省荆州市松滋市"",""落户地点"":""湖北省荆州市松滋市"",""备注"":""1.本职位限招应届高校毕业生；2.本职位需要经常到一线农村调查；3.本单位最低服务年限为5年（含试用期）。"",""部门网站"":""无"",""咨询电话1"":""027-87732880"",""咨询电话2"":""027-87732870"",""咨询电话3"":""02787303579"",""来源Sheet"":""中央国家行政机关参照公务员法管理事业单位""}}"
"government_jobs","国家公务员2024招考简章","公务员/事业单位技术岗位","湖北省黄冈市","2026-07-28T09:12:58.310295+00:00","黄冈调查队业务科室一级科员","国家统计局湖北调查总队","","湖北省黄冈市","公务员/事业单位;2024;computer_software;cybersecurity_cryptography;data_ai;仅限本科;学士;信息与计算科学、数据计算及应用、计算机科学与技术、软件工程、网络工程、信息安全、电子与计算机工程、数据科学与大数据技术、网络空间安全;市（地）级及以下直属机构综合管理类","用人司局：国家统计局湖北调查总队
职位简介：从事一线入户调查、数据处理、统计分析、统计研究等工作。
专业要求：信息与计算科学、数据计算及应用、计算机科学与技术、软件工程、网络工程、信息安全、电子与计算机工程、数据科学与大数据技术、网络空间安全
学历要求：仅限本科
学位要求：学士
政治面貌：不限
基层工作经历：无限制
考试类别：市（地）级及以下直属机构综合管理类
备注：1.本职位限招应届高校毕业生；2.本职位需要经常到一线农村调查；3.本单位最低服务年限为5年（含试用期）。","https://www.xuanhan.gov.cn/xxgk-show-77635.html#135117-400110117031","2023-10-15","{""dataset_year"":2024,""job_uid"":""GOV-2024-135117-400110117031"",""publisher"":""国家公务员局"",""publication_page"":""https://www.xuanhan.gov.cn/xxgk-show-77635.html"",""attachment_url"":""https://www.xuanhan.gov.cn/uploadfile/1/Attachment/638fdecf51.zip"",""local_source_file"":""中央机关及其直属机构2024年度考试录用公务员招考简章.xls"",""local_source_sha256"":""a1741b99dbecd6d03e533f99f2d69b0fa5a79733e551b80af69986ceed2ad996"",""source_sheet"":""中央国家行政机关参照公务员法管理事业单位"",""filter_version"":""government_tech_v2"",""tech_filter"":{""is_tech"":true,""is_core_tech"":true,""scope"":""core"",""categories"":[""computer_software"",""cybersecurity_cryptography"",""data_ai""],""matched_fields"":[""major"",""description""],""major_terms"":[""信息安全"",""大数据"",""数据科学与大数据技术"",""网络工程"",""网络空间安全"",""计算机"",""计算机科学与技术"",""软件工程""],""role_terms"":[""数据处理""],""reason"":""tech_major_and_role""},""original"":{""部门代码"":""135117"",""部门名称"":""国家统计局湖北调查总队"",""用人司局"":""国家统计局湖北调查总队"",""机构性质"":""中央国家行政机关参照公务员法管理事业单位"",""招考职位"":""黄冈调查队业务科室一级科员"",""职位属性"":""普通职位"",""职位分布"":""其他职位"",""职位简介"":""从事一线入户调查、数据处理、统计分析、统计研究等工作。"",""职位代码"":""400110117031"",""机构层级"":""市（地）级"",""考试类别"":""市（地）级及以下直属机构综合管理类"",""招考人数"":""2"",""专业"":""信息与计算科学、数据计算及应用、计算机科学与技术、软件工程、网络工程、信息安全、电子与计算机工程、数据科学与大数据技术、网络空间安全"",""学历"":""仅限本科"",""学位"":""学士"",""政治面貌"":""不限"",""基层工作最低年限"":""无限制"",""服务基层项目工作经历"":""无限制"",""是否在面试阶段组织专业能力测试"":""否"",""面试人员比例"":""3:1"",""工作地点"":""湖北省黄冈市"",""落户地点"":""湖北省黄冈市"",""备注"":""1.本职位限招应届高校毕业生；2.本职位需要经常到一线农村调查；3.本单位最低服务年限为5年（含试用期）。"",""部门网站"":""无"",""咨询电话1"":""027-87732880"",""咨询电话2"":""027-87732870"",""咨询电话3"":""02787303579"",""来源Sheet"":""中央国家行政机关参照公务员法管理事业单位""}}"
"government_jobs","国家公务员2024招考简章","公务员/事业单位技术岗位","湖北省黄冈市浠水县","2026-07-28T09:12:58.310295+00:00","浠水调查队业务科室四级主任科员及以下","国家统计局湖北调查总队","","湖北省黄冈市浠水县","公务员/事业单位;2024;computer_software;data_ai;仅限本科;学士;统计学、经济学、计算机科学与技术、汉语言文学、会计学;市（地）级及以下直属机构综合管理类","用人司局：国家统计局湖北调查总队
职位简介：从事一线入户调查、数据处理、统计分析、统计研究等工作。
专业要求：统计学、经济学、计算机科学与技术、汉语言文学、会计学
学历要求：仅限本科
学位要求：学士
政治面貌：不限
基层工作经历：无限制
考试类别：市（地）级及以下直属机构综合管理类
备注：1.本职位需要经常到一线农村调查；2.本单位最低服务年限为5年（含试用期）。","https://www.xuanhan.gov.cn/xxgk-show-77635.html#135117-400110117032","2023-10-15","{""dataset_year"":2024,""job_uid"":""GOV-2024-135117-400110117032"",""publisher"":""国家公务员局"",""publication_page"":""https://www.xuanhan.gov.cn/xxgk-show-77635.html"",""attachment_url"":""https://www.xuanhan.gov.cn/uploadfile/1/Attachment/638fdecf51.zip"",""local_source_file"":""中央机关及其直属机构2024年度考试录用公务员招考简章.xls"",""local_source_sha256"":""a1741b99dbecd6d03e533f99f2d69b0fa5a79733e551b80af69986ceed2ad996"",""source_sheet"":""中央国家行政机关参照公务员法管理事业单位"",""filter_version"":""government_tech_v2"",""tech_filter"":{""is_tech"":true,""is_core_tech"":true,""scope"":""core"",""categories"":[""computer_software"",""data_ai""],""matched_fields"":[""major"",""description""],""major_terms"":[""计算机科学与技术""],""role_terms"":[""数据处理""],""reason"":""tech_major_and_role""},""original"":{""部门代码"":""135117"",""部门名称"":""国家统计局湖北调查总队"",""用人司局"":""国家统计局湖北调查总队"",""机构性质"":""中央国家行政机关参照公务员法管理事业单位"",""招考职位"":""浠水调查队业务科室四级主任科员及以下"",""职位属性"":""普通职位"",""职位分布"":""其他职位"",""职位简介"":""从事一线入户调查、数据处理、统计分析、统计研究等工作。"",""职位代码"":""400110117032"",""机构层级"":""县（区）级及以下"",""考试类别"":""市（地）级及以下直属机构综合管理类"",""招考人数"":""2"",""专业"":""统计学、经济学、计算机科学与技术、汉语言文学、会计学"",""学历"":""仅限本科"",""学位"":""学士"",""政治面貌"":""不限"",""基层工作最低年限"":""无限制"",""服务基层项目工作经历"":""无限制"",""是否在面试阶段组织专业能力测试"":""否"",""面试人员比例"":""3:1"",""工作地点"":""湖北省黄冈市浠水县"",""落户地点"":""湖北省黄冈市浠水县"",""备注"":""1.本职位需要经常到一线农村调查；2.本单位最低服务年限为5年（含试用期）。"",""部门网站"":""无"",""咨询电话1"":""027-87732880"",""咨询电话2"":""027-87732870"",""咨询电话3"":""02787303579"",""来源Sheet"":""中央国家行政机关参照公务员法管理事业单位""}}"
"government_jobs","国家公务员2024招考简章","公务员/事业单位技术岗位","湖北省恩施土家族苗族自治州恩施市","2026-07-28T09:12:58.310295+00:00","恩施州调查队业务科室一级科员","国家统计局湖北调查总队","","湖北省恩施土家族苗族自治州恩施市","公务员/事业单位;2024;computer_software;data_ai;仅限本科;学士;信息与计算科学、计算机科学与技术、软件工程、网络工程、数据计算及应用;市（地）级及以下直属机构综合管理类","用人司局：国家统计局湖北调查总队
职位简介：从事一线入户调查、数据处理、统计分析、统计研究等工作。
专业要求：信息与计算科学、计算机科学与技术、软件工程、网络工程、数据计算及应用
学历要求：仅限本科
学位要求：学士
政治面貌：不限
基层工作经历：无限制
考试类别：市（地）级及以下直属机构综合管理类
备注：1.本职位限招应届高校毕业生；2.本职位需要经常到一线农村调查；3.本单位最低服务年限为5年（含试用期）。","https://www.xuanhan.gov.cn/xxgk-show-77635.html#135117-400110117037","2023-10-15","{""dataset_year"":2024,""job_uid"":""GOV-2024-135117-400110117037"",""publisher"":""国家公务员局"",""publication_page"":""https://www.xuanhan.gov.cn/xxgk-show-77635.html"",""attachment_url"":""https://www.xuanhan.gov.cn/uploadfile/1/Attachment/638fdecf51.zip"",""local_source_file"":""中央机关及其直属机构2024年度考试录用公务员招考简章.xls"",""local_source_sha256"":""a1741b99dbecd6d03e533f99f2d69b0fa5a79733e551b80af69986ceed2ad996"",""source_sheet"":""中央国家行政机关参照公务员法管理事业单位"",""filter_version"":""government_tech_v2"",""tech_filter"":{""is_tech"":true,""is_core_tech"":true,""scope"":""core"",""categories"":[""computer_software"",""data_ai""],""matched_fields"":[""major"",""description""],""major_terms"":[""网络工程"",""计算机科学与技术"",""软件工程""],""role_terms"":[""数据处理""],""reason"":""tech_major_and_role""},""original"":{""部门代码"":""135117"",""部门名称"":""国家统计局湖北调查总队"",""用人司局"":""国家统计局湖北调查总队"",""机构性质"":""中央国家行政机关参照公务员法管理事业单位"",""招考职位"":""恩施州调查队业务科室一级科员"",""职位属性"":""普通职位"",""职位分布"":""其他职位"",""职位简介"":""从事一线入户调查、数据处理、统计分析、统计研究等工作。"",""职位代码"":""400110117037"",""机构层级"":""市（地）级"",""考试类别"":""市（地）级及以下直属机构综合管理类"",""招考人数"":""1"",""专业"":""信息与计算科学、计算机科学与技术、软件工程、网络工程、数据计算及应用"",""学历"":""仅限本科"",""学位"":""学士"",""政治面貌"":""不限"",""基层工作最低年限"":""无限制"",""服务基层项目工作经历"":""无限制"",""是否在面试阶段组织专业能力测试"":""否"",""面试人员比例"":""3:1"",""工作地点"":""湖北省恩施土家族苗族自治州恩施市"",""落户地点"":""湖北省恩施土家族苗族自治州恩施市"",""备注"":""1.本职位限招应届高校毕业生；2.本职位需要经常到一线农村调查；3.本单位最低服务年限为5年（含试用期）。"",""部门网站"":""无"",""咨询电话1"":""027-87732880"",""咨询电话2"":""027-87732870"",""咨询电话3"":""02787303579"",""来源Sheet"":""中央国家行政机关参照公务员法管理事业单位""}}"
"government_jobs","国家公务员2024招考简章","公务员/事业单位技术岗位","湖北省潜江市","2026-07-28T09:12:58.310295+00:00","潜江调查队综合法纪科一级科员","国家统计局湖北调查总队","","湖北省潜江市","公务员/事业单位;2024;computer_software;data_ai;仅限本科;学士;统计学、经济学、会计学、计算机科学与技术、网络工程、信息与计算科学、农林经济管理;市（地）级及以下直属机构综合管理类","用人司局：国家统计局湖北调查总队
职位简介：从事一线入户调查、数据处理、统计分析、统计研究等工作。
专业要求：统计学、经济学、会计学、计算机科学与技术、网络工程、信息与计算科学、农林经济管理
学历要求：仅限本科
学位要求：学士
政治面貌：不限
基层工作经历：无限制
考试类别：市（地）级及以下直属机构综合管理类
备注：1.本职位限招应届高校毕业生；2.本职位需要经常到一线农村调查；3.本单位最低服务年限为5年（含试用期）。","https://www.xuanhan.gov.cn/xxgk-show-77635.html#135117-400110117038","2023-10-15","{""dataset_year"":2024,""job_uid"":""GOV-2024-135117-400110117038"",""publisher"":""国家公务员局"",""publication_page"":""https://www.xuanhan.gov.cn/xxgk-show-77635.html"",""attachment_url"":""https://www.xuanhan.gov.cn/uploadfile/1/Attachment/638fdecf51.zip"",""local_source_file"":""中央机关及其直属机构2024年度考试录用公务员招考简章.xls"",""local_source_sha256"":""a1741b99dbecd6d03e533f99f2d69b0fa5a79733e551b80af69986ceed2ad996"",""source_sheet"":""中央国家行政机关参照公务员法管理事业单位"",""filter_version"":""government_tech_v2"",""tech_filter"":{""is_tech"":true,""is_core_tech"":true,""scope"":""core"",""categories"":[""computer_software"",""data_ai""],""matched_fields"":[""major"",""description""],""major_terms"":[""网络工程"",""计算机科学与技术""],""role_terms"":[""数据处理""],""reason"":""tech_major_and_role""},""original"":{""部门代码"":""135117"",""部门名称"":""国家统计局湖北调查总队"",""用人司局"":""国家统计局湖北调查总队"",""机构性质"":""中央国家行政机关参照公务员法管理事业单位"",""招考职位"":""潜江调查队综合法纪科一级科员"",""职位属性"":""普通职位"",""职位分布"":""其他职位"",""职位简介"":""从事一线入户调查、数据处理、统计分析、统计研究等工作。"",""职位代码"":""400110117038"",""机构层级"":""县（区）级及以下"",""考试类别"":""市（地）级及以下直属机构综合管理类"",""招考人数"":""2"",""专业"":""统计学、经济学、会计学、计算机科学与技术、网络工程、信息与计算科学、农林经济管理"",""学历"":""仅限本科"",""学位"":""学士"",""政治面貌"":""不限"",""基层工作最低年限"":""无限制"",""服务基层项目工作经历"":""无限制"",""是否在面试阶段组织专业能力测试"":""否"",""面试人员比例"":""3:1"",""工作地点"":""湖北省潜江市"",""落户地点"":""湖北省潜江市"",""备注"":""1.本职位限招应届高校毕业生；2.本职位需要经常到一线农村调查；3.本单位最低服务年限为5年（含试用期）。"",""部门网站"":""无"",""咨询电话1"":""027-87732880"",""咨询电话2"":""027-87732870"",""咨询电话3"":""02787303579"",""来源Sheet"":""中央国家行政机关参照公务员法管理事业单位""}}"
"government_jobs","国家公务员2024招考简章","公务员/事业单位技术岗位","湖北省天门市","2026-07-28T09:12:58.310295+00:00","天门调查队办公室一级科员","国家统计局湖北调查总队","","湖北省天门市","公务员/事业单位;2024;computer_software;data_ai;仅限本科;学士;经济学、经济统计学、数学与应用数学、信息与计算科学、统计学、计算机科学与技术;市（地）级及以下直属机构综合管理类","用人司局：国家统计局湖北调查总队
职位简介：从事一线入户调查、数据处理、统计分析、统计研究等工作。
专业要求：经济学、经济统计学、数学与应用数学、信息与计算科学、统计学、计算机科学与技术
学历要求：仅限本科
学位要求：学士
政治面貌：不限
基层工作经历：无限制
考试类别：市（地）级及以下直属机构综合管理类
备注：1.本职位限招应届高校毕业生；2.本职位需要经常到一线农村调查；3.本单位最低服务年限为5年（含试用期）。","https://www.xuanhan.gov.cn/xxgk-show-77635.html#135117-400110117039","2023-10-15","{""dataset_year"":2024,""job_uid"":""GOV-2024-135117-400110117039"",""publisher"":""国家公务员局"",""publication_page"":""https://www.xuanhan.gov.cn/xxgk-show-77635.html"",""attachment_url"":""https://www.xuanhan.gov.cn/uploadfile/1/Attachment/638fdecf51.zip"",""local_source_file"":""中央机关及其直属机构2024年度考试录用公务员招考简章.xls"",""local_source_sha256"":""a1741b99dbecd6d03e533f99f2d69b0fa5a79733e551b80af69986ceed2ad996"",""source_sheet"":""中央国家行政机关参照公务员法管理事业单位"",""filter_version"":""government_tech_v2"",""tech_filter"":{""is_tech"":true,""is_core_tech"":true,""scope"":""core"",""categories"":[""computer_software"",""data_ai""],""matched_fields"":[""major"",""description""],""major_terms"":[""计算机科学与技术""],""role_terms"":[""数据处理""],""reason"":""tech_major_and_role""},""original"":{""部门代码"":""135117"",""部门名称"":""国家统计局湖北调查总队"",""用人司局"":""国家统计局湖北调查总队"",""机构性质"":""中央国家行政机关参照公务员法管理事业单位"",""招考职位"":""天门调查队办公室一级科员"",""职位属性"":""普通职位"",""职位分布"":""其他职位"",""职位简介"":""从事一线入户调查、数据处理、统计分析、统计研究等工作。"",""职位代码"":""400110117039"",""机构层级"":""县（区）级及以下"",""考试类别"":""市（地）级及以下直属机构综合管理类"",""招考人数"":""1"",""专业"":""经济学、经济统计学、数学与应用数学、信息与计算科学、统计学、计算机科学与技术"",""学历"":""仅限本科"",""学位"":""学士"",""政治面貌"":""不限"",""基层工作最低年限"":""无限制"",""服务基层项目工作经历"":""无限制"",""是否在面试阶段组织专业能力测试"":""否"",""面试人员比例"":""3:1"",""工作地点"":""湖北省天门市"",""落户地点"":""湖北省天门市"",""备注"":""1.本职位限招应届高校毕业生；2.本职位需要经常到一线农村调查；3.本单位最低服务年限为5年（含试用期）。"",""部门网站"":""无"",""咨询电话1"":""027-87732880"",""咨询电话2"":""027-87732870"",""咨询电话3"":""02787303579"",""来源Sheet"":""中央国家行政机关参照公务员法管理事业单位""}}"
"government_jobs","国家公务员2024招考简章","公务员/事业单位技术岗位","湖北省神农架林区","2026-07-28T09:12:58.310295+00:00","神农架调查队办公室四级主任科员及以下","国家统计局湖北调查总队","","湖北省神农架林区","公务员/事业单位;2024;computer_software;仅限本科;学士;统计学、计算机科学与技术、软件工程、网络工程、汉语言文学、秘书学;市（地）级及以下直属机构综合管理类","用人司局：国家统计局湖北调查总队
职位简介：从事办公室、信息化等工作。
专业要求：统计学、计算机科学与技术、软件工程、网络工程、汉语言文学、秘书学
学历要求：仅限本科
学位要求：学士
政治面貌：不限
基层工作经历：无限制
考试类别：市（地）级及以下直属机构综合管理类
备注：1.本职位需要经常到一线农村调查；2.本单位最低服务年限为5年（含试用期）。","https://www.xuanhan.gov.cn/xxgk-show-77635.html#135117-400110117040","2023-10-15","{""dataset_year"":2024,""job_uid"":""GOV-2024-135117-400110117040"",""publisher"":""国家公务员局"",""publication_page"":""https://www.xuanhan.gov.cn/xxgk-show-77635.html"",""attachment_url"":""https://www.xuanhan.gov.cn/uploadfile/1/Attachment/638fdecf51.zip"",""local_source_file"":""中央机关及其直属机构2024年度考试录用公务员招考简章.xls"",""local_source_sha256"":""a1741b99dbecd6d03e533f99f2d69b0fa5a79733e551b80af69986ceed2ad996"",""source_sheet"":""中央国家行政机关参照公务员法管理事业单位"",""filter_version"":""government_tech_v2"",""tech_filter"":{""is_tech"":true,""is_core_tech"":true,""scope"":""core"",""categories"":[""computer_software""],""matched_fields"":[""major"",""description""],""major_terms"":[""网络工程"",""计算机科学与技术"",""软件工程""],""role_terms"":[""信息化""],""reason"":""tech_major_and_role""},""original"":{""部门代码"":""135117"",""部门名称"":""国家统计局湖北调查总队"",""用人司局"":""国家统计局湖北调查总队"",""机构性质"":""中央国家行政机关参照公务员法管理事业单位"",""招考职位"":""神农架调查队办公室四级主任科员及以下"",""职位属性"":""普通职位"",""职位分布"":""其他职位"",""职位简介"":""从事办公室、信息化等工作。"",""职位代码"":""400110117040"",""机构层级"":""县（区）级及以下"",""考试类别"":""市（地）级及以下直属机构综合管理类"",""招考人数"":""1"",""专业"":""统计学、计算机科学与技术、软件工程、网络工程、汉语言文学、秘书学"",""学历"":""仅限本科"",""学位"":""学士"",""政治面貌"":""不限"",""基层工作最低年限"":""无限制"",""服务基层项目工作经历"":""无限制"",""是否在面试阶段组织专业能力测试"":""否"",""面试人员比例"":""3:1"",""工作地点"":""湖北省神农架林区"",""落户地点"":""湖北省神农架林区"",""备注"":""1.本职位需要经常到一线农村调查；2.本单位最低服务年限为5年（含试用期）。"",""部门网站"":""无"",""咨询电话1"":""027-87732880"",""咨询电话2"":""027-87732870"",""咨询电话3"":""02787303579"",""来源Sheet"":""中央国家行政机关参照公务员法管理事业单位""}}"
"government_jobs","国家公务员2024招考简章","公务员/事业单位技术岗位","湖南省长沙市","2026-07-28T09:12:58.310295+00:00","长沙调查队业务科室四级主任科员","国家统计局湖南调查总队","","湖南省长沙市","公务员/事业单位;2024;computer_software;data_ai;electronics_communication;仅限硕士研究生;硕士;电子信息类、电子科学与技术类、计算机科学与技术类（以上为专业中类）;市（地）级及以下直属机构综合管理类","用人司局：国家统计局湖南调查总队
职位简介：从事一线入户调查、数据处理、分析研究等工作。
专业要求：电子信息类、电子科学与技术类、计算机科学与技术类（以上为专业中类）
学历要求：仅限硕士研究生
学位要求：硕士
政治面貌：不限
基层工作经历：二年
考试类别：市（地）级及以下直属机构综合管理类
备注：1.需要经常在田间地头开展工作，条件比较艰苦；2.有较强的写作功底；3.本单位最低服务年限为5年（含试用期）。","https://www.xuanhan.gov.cn/xxgk-show-77635.html#135118-400110718003","2023-10-15","{""dataset_year"":2024,""job_uid"":""GOV-2024-135118-400110718003"",""publisher"":""国家公务员局"",""publication_page"":""https://www.xuanhan.gov.cn/xxgk-show-77635.html"",""attachment_url"":""https://www.xuanhan.gov.cn/uploadfile/1/Attachment/638fdecf51.zip"",""local_source_file"":""中央机关及其直属机构2024年度考试录用公务员招考简章.xls"",""local_source_sha256"":""a1741b99dbecd6d03e533f99f2d69b0fa5a79733e551b80af69986ceed2ad996"",""source_sheet"":""中央国家行政机关参照公务员法管理事业单位"",""filter_version"":""government_tech_v2"",""tech_filter"":{""is_tech"":true,""is_core_tech"":true,""scope"":""core"",""categories"":[""computer_software"",""data_ai"",""electronics_communication""],""matched_fields"":[""major"",""description""],""major_terms"":[""电子信息类"",""电子科学与技术"",""计算机科学与技术""],""role_terms"":[""数据处理""],""reason"":""tech_major_and_role""},""original"":{""部门代码"":""135118"",""部门名称"":""国家统计局湖南调查总队"",""用人司局"":""国家统计局湖南调查总队"",""机构性质"":""中央国家行政机关参照公务员法管理事业单位"",""招考职位"":""长沙调查队业务科室四级主任科员"",""职位属性"":""普通职位"",""职位分布"":""其他职位"",""职位简介"":""从事一线入户调查、数据处理、分析研究等工作。"",""职位代码"":""400110718003"",""机构层级"":""市（地）级"",""考试类别"":""市（地）级及以下直属机构综合管理类"",""招考人数"":""1"",""专业"":""电子信息类、电子科学与技术类、计算机科学与技术类（以上为专业中类）"",""学历"":""仅限硕士研究生"",""学位"":""硕士"",""政治面貌"":""不限"",""基层工作最低年限"":""二年"",""服务基层项目工作经历"":""无限制"",""是否在面试阶段组织专业能力测试"":""否"",""面试人员比例"":""3:1"",""工作地点"":""湖南省长沙市"",""落户地点"":""湖南省长沙市"",""备注"":""1.需要经常在田间地头开展工作，条件比较艰苦；2.有较强的写作功底；3.本单位最低服务年限为5年（含试用期）。"",""部门网站"":""湖南国调信息网（http://www.hndc.gov.cn/）"",""咨询电话1"":""0731-85184677"",""咨询电话2"":"""",""咨询电话3"":"""",""来源Sheet"":""中央国家行政机关参照公务员法管理事业单位""}}"
"government_jobs","国家公务员2024招考简章","公务员/事业单位技术岗位","湖南省邵阳市","2026-07-28T09:12:58.310295+00:00","邵阳调查队业务科室一级科员（2）","国家统计局湖南调查总队","","湖南省邵阳市","公务员/事业单位;2024;computer_software;data_ai;仅限本科;学士;数学类、统计学类、计算机类（以上为专业中类）;市（地）级及以下直属机构综合管理类","用人司局：国家统计局湖南调查总队
职位简介：从事一线入户调查、数据处理、分析研究等工作。
专业要求：数学类、统计学类、计算机类（以上为专业中类）
学历要求：仅限本科
学位要求：学士
政治面貌：不限
基层工作经历：无限制
考试类别：市（地）级及以下直属机构综合管理类
备注：1.限2024届高校毕业生；2.需要经常在田间地头开展工作，条件比较艰苦；3.有较强的写作功底；4.本单位最低服务年限为5年（含试用期）。","https://www.xuanhan.gov.cn/xxgk-show-77635.html#135118-400110718008","2023-10-15","{""dataset_year"":2024,""job_uid"":""GOV-2024-135118-400110718008"",""publisher"":""国家公务员局"",""publication_page"":""https://www.xuanhan.gov.cn/xxgk-show-77635.html"",""attachment_url"":""https://www.xuanhan.gov.cn/uploadfile/1/Attachment/638fdecf51.zip"",""local_source_file"":""中央机关及其直属机构2024年度考试录用公务员招考简章.xls"",""local_source_sha256"":""a1741b99dbecd6d03e533f99f2d69b0fa5a79733e551b80af69986ceed2ad996"",""source_sheet"":""中央国家行政机关参照公务员法管理事业单位"",""filter_version"":""government_tech_v2"",""tech_filter"":{""is_tech"":true,""is_core_tech"":true,""scope"":""core"",""categories"":[""computer_software"",""data_ai""],""matched_fields"":[""major"",""description""],""major_terms"":[""计算机类""],""role_terms"":[""数据处理""],""reason"":""tech_major_and_role""},""original"":{""部门代码"":""135118"",""部门名称"":""国家统计局湖南调查总队"",""用人司局"":""国家统计局湖南调查总队"",""机构性质"":""中央国家行政机关参照公务员法管理事业单位"",""招考职位"":""邵阳调查队业务科室一级科员（2）"",""职位属性"":""普通职位"",""职位分布"":""其他职位"",""职位简介"":""从事一线入户调查、数据处理、分析研究等工作。"",""职位代码"":""400110718008"",""机构层级"":""市（地）级"",""考试类别"":""市（地）级及以下直属机构综合管理类"",""招考人数"":""1"",""专业"":""数学类、统计学类、计算机类（以上为专业中类）"",""学历"":""仅限本科"",""学位"":""学士"",""政治面貌"":""不限"",""基层工作最低年限"":""无限制"",""服务基层项目工作经历"":""无限制"",""是否在面试阶段组织专业能力测试"":""否"",""面试人员比例"":""3:1"",""工作地点"":""湖南省邵阳市"",""落户地点"":""湖南省邵阳市"",""备注"":""1.限2024届高校毕业生；2.需要经常在田间地头开展工作，条件比较艰苦；3.有较强的写作功底；4.本单位最低服务年限为5年（含试用期）。"",""部门网站"":""湖南国调信息网（http://www.hndc.gov.cn/）"",""咨询电话1"":""0731-85184677"",""咨询电话2"":"""",""咨询电话3"":"""",""来源Sheet"":""中央国家行政机关参照公务员法管理事业单位""}}"
"government_jobs","国家公务员2024招考简章","公务员/事业单位技术岗位","湖南省邵阳市","2026-07-28T09:12:58.310295+00:00","邵阳调查队业务科室一级科员（3）","国家统计局湖南调查总队","","湖南省邵阳市","公务员/事业单位;2024;computer_software;data_ai;仅限本科;学士;数学类、统计学类、计算机类（以上为专业中类）;市（地）级及以下直属机构综合管理类","用人司局：国家统计局湖南调查总队
职位简介：从事一线入户调查、数据处理、分析研究等工作。
专业要求：数学类、统计学类、计算机类（以上为专业中类）
学历要求：仅限本科
学位要求：学士
政治面貌：不限
基层工作经历：无限制
考试类别：市（地）级及以下直属机构综合管理类
备注：1.限2024届高校毕业生；2.需要经常在田间地头开展工作，条件比较艰苦；3.有较强的写作功底；4.本单位最低服务年限为5年（含试用期）。","https://www.xuanhan.gov.cn/xxgk-show-77635.html#135118-400110718009","2023-10-15","{""dataset_year"":2024,""job_uid"":""GOV-2024-135118-400110718009"",""publisher"":""国家公务员局"",""publication_page"":""https://www.xuanhan.gov.cn/xxgk-show-77635.html"",""attachment_url"":""https://www.xuanhan.gov.cn/uploadfile/1/Attachment/638fdecf51.zip"",""local_source_file"":""中央机关及其直属机构2024年度考试录用公务员招考简章.xls"",""local_source_sha256"":""a1741b99dbecd6d03e533f99f2d69b0fa5a79733e551b80af69986ceed2ad996"",""source_sheet"":""中央国家行政机关参照公务员法管理事业单位"",""filter_version"":""government_tech_v2"",""tech_filter"":{""is_tech"":true,""is_core_tech"":true,""scope"":""core"",""categories"":[""computer_software"",""data_ai""],""matched_fields"":[""major"",""description""],""major_terms"":[""计算机类""],""role_terms"":[""数据处理""],""reason"":""tech_major_and_role""},""original"":{""部门代码"":""135118"",""部门名称"":""国家统计局湖南调查总队"",""用人司局"":""国家统计局湖南调查总队"",""机构性质"":""中央国家行政机关参照公务员法管理事业单位"",""招考职位"":""邵阳调查队业务科室一级科员（3）"",""职位属性"":""普通职位"",""职位分布"":""其他职位"",""职位简介"":""从事一线入户调查、数据处理、分析研究等工作。"",""职位代码"":""400110718009"",""机构层级"":""市（地）级"",""考试类别"":""市（地）级及以下直属机构综合管理类"",""招考人数"":""1"",""专业"":""数学类、统计学类、计算机类（以上为专业中类）"",""学历"":""仅限本科"",""学位"":""学士"",""政治面貌"":""不限"",""基层工作最低年限"":""无限制"",""服务基层项目工作经历"":""无限制"",""是否在面试阶段组织专业能力测试"":""否"",""面试人员比例"":""3:1"",""工作地点"":""湖南省邵阳市"",""落户地点"":""湖南省邵阳市"",""备注"":""1.限2024届高校毕业生；2.需要经常在田间地头开展工作，条件比较艰苦；3.有较强的写作功底；4.本单位最低服务年限为5年（含试用期）。"",""部门网站"":""湖南国调信息网（http://www.hndc.gov.cn/）"",""咨询电话1"":""0731-85184677"",""咨询电话2"":"""",""咨询电话3"":"""",""来源Sheet"":""中央国家行政机关参照公务员法管理事业单位""}}"
"government_jobs","国家公务员2024招考简章","公务员/事业单位技术岗位","湖南省岳阳市","2026-07-28T09:12:58.310295+00:00","岳阳调查队业务科室一级科员","国家统计局湖南调查总队","","湖南省岳阳市","公务员/事业单位;2024;computer_software;data_ai;仅限本科;学士;数学类、统计学类、计算机类（以上为专业中类）;市（地）级及以下直属机构综合管理类","用人司局：国家统计局湖南调查总队
职位简介：从事一线入户调查、数据处理、分析研究等工作。
专业要求：数学类、统计学类、计算机类（以上为专业中类）
学历要求：仅限本科
学位要求：学士
政治面貌：不限
基层工作经历：无限制
考试类别：市（地）级及以下直属机构综合管理类
备注：1.限2024届高校毕业生；2.需要经常在田间地头开展工作，条件比较艰苦；3.有较强的写作功底；4.本单位最低服务年限为5年（含试用期）。","https://www.xuanhan.gov.cn/xxgk-show-77635.html#135118-400110718010","2023-10-15","{""dataset_year"":2024,""job_uid"":""GOV-2024-135118-400110718010"",""publisher"":""国家公务员局"",""publication_page"":""https://www.xuanhan.gov.cn/xxgk-show-77635.html"",""attachment_url"":""https://www.xuanhan.gov.cn/uploadfile/1/Attachment/638fdecf51.zip"",""local_source_file"":""中央机关及其直属机构2024年度考试录用公务员招考简章.xls"",""local_source_sha256"":""a1741b99dbecd6d03e533f99f2d69b0fa5a79733e551b80af69986ceed2ad996"",""source_sheet"":""中央国家行政机关参照公务员法管理事业单位"",""filter_version"":""government_tech_v2"",""tech_filter"":{""is_tech"":true,""is_core_tech"":true,""scope"":""core"",""categories"":[""computer_software"",""data_ai""],""matched_fields"":[""major"",""description""],""major_terms"":[""计算机类""],""role_terms"":[""数据处理""],""reason"":""tech_major_and_role""},""original"":{""部门代码"":""135118"",""部门名称"":""国家统计局湖南调查总队"",""用人司局"":""国家统计局湖南调查总队"",""机构性质"":""中央国家行政机关参照公务员法管理事业单位"",""招考职位"":""岳阳调查队业务科室一级科员"",""职位属性"":""普通职位"",""职位分布"":""其他职位"",""职位简介"":""从事一线入户调查、数据处理、分析研究等工作。"",""职位代码"":""400110718010"",""机构层级"":""市（地）级"",""考试类别"":""市（地）级及以下直属机构综合管理类"",""招考人数"":""1"",""专业"":""数学类、统计学类、计算机类（以上为专业中类）"",""学历"":""仅限本科"",""学位"":""学士"",""政治面貌"":""不限"",""基层工作最低年限"":""无限制"",""服务基层项目工作经历"":""无限制"",""是否在面试阶段组织专业能力测试"":""否"",""面试人员比例"":""3:1"",""工作地点"":""湖南省岳阳市"",""落户地点"":""湖南省岳阳市"",""备注"":""1.限2024届高校毕业生；2.需要经常在田间地头开展工作，条件比较艰苦；3.有较强的写作功底；4.本单位最低服务年限为5年（含试用期）。"",""部门网站"":""湖南国调信息网（http://www.hndc.gov.cn/）"",""咨询电话1"":""0731-85184677"",""咨询电话2"":"""",""咨询电话3"":"""",""来源Sheet"":""中央国家行政机关参照公务员法管理事业单位""}}"
"government_jobs","国家公务员2024招考简章","公务员/事业单位技术岗位","湖南省张家界市","2026-07-28T09:12:58.310295+00:00","张家界调查队业务科室一级科员","国家统计局湖南调查总队","","湖南省张家界市","公务员/事业单位;2024;computer_software;data_ai;仅限本科;学士;数学类、统计学类、计算机类（以上为专业中类）;市（地）级及以下直属机构综合管理类","用人司局：国家统计局湖南调查总队
职位简介：从事一线入户调查、数据处理、分析研究等工作。
专业要求：数学类、统计学类、计算机类（以上为专业中类）
学历要求：仅限本科
学位要求：学士
政治面貌：不限
基层工作经历：无限制
考试类别：市（地）级及以下直属机构综合管理类
备注：1.限2024届高校毕业生；2.需要经常在田间地头开展工作，条件比较艰苦；3.有较强的写作功底；4.本单位最低服务年限为5年（含试用期）。","https://www.xuanhan.gov.cn/xxgk-show-77635.html#135118-400110718012","2023-10-15","{""dataset_year"":2024,""job_uid"":""GOV-2024-135118-400110718012"",""publisher"":""国家公务员局"",""publication_page"":""https://www.xuanhan.gov.cn/xxgk-show-77635.html"",""attachment_url"":""https://www.xuanhan.gov.cn/uploadfile/1/Attachment/638fdecf51.zip"",""local_source_file"":""中央机关及其直属机构2024年度考试录用公务员招考简章.xls"",""local_source_sha256"":""a1741b99dbecd6d03e533f99f2d69b0fa5a79733e551b80af69986ceed2ad996"",""source_sheet"":""中央国家行政机关参照公务员法管理事业单位"",""filter_version"":""government_tech_v2"",""tech_filter"":{""is_tech"":true,""is_core_tech"":true,""scope"":""core"",""categories"":[""computer_software"",""data_ai""],""matched_fields"":[""major"",""description""],""major_terms"":[""计算机类""],""role_terms"":[""数据处理""],""reason"":""tech_major_and_role""},""original"":{""部门代码"":""135118"",""部门名称"":""国家统计局湖南调查总队"",""用人司局"":""国家统计局湖南调查总队"",""机构性质"":""中央国家行政机关参照公务员法管理事业单位"",""招考职位"":""张家界调查队业务科室一级科员"",""职位属性"":""普通职位"",""职位分布"":""其他职位"",""职位简介"":""从事一线入户调查、数据处理、分析研究等工作。"",""职位代码"":""400110718012"",""机构层级"":""市（地）级"",""考试类别"":""市（地）级及以下直属机构综合管理类"",""招考人数"":""1"",""专业"":""数学类、统计学类、计算机类（以上为专业中类）"",""学历"":""仅限本科"",""学位"":""学士"",""政治面貌"":""不限"",""基层工作最低年限"":""无限制"",""服务基层项目工作经历"":""无限制"",""是否在面试阶段组织专业能力测试"":""否"",""面试人员比例"":""3:1"",""工作地点"":""湖南省张家界市"",""落户地点"":""湖南省张家界市"",""备注"":""1.限2024届高校毕业生；2.需要经常在田间地头开展工作，条件比较艰苦；3.有较强的写作功底；4.本单位最低服务年限为5年（含试用期）。"",""部门网站"":""湖南国调信息网（http://www.hndc.gov.cn/）"",""咨询电话1"":""0731-85184677"",""咨询电话2"":"""",""咨询电话3"":"""",""来源Sheet"":""中央国家行政机关参照公务员法管理事业单位""}}"
"government_jobs","国家公务员2024招考简章","公务员/事业单位技术岗位","湖南省湘潭市湘乡市","2026-07-28T09:12:58.310295+00:00","湘乡调查队一级科员（1）","国家统计局湖南调查总队","","湖南省湘潭市湘乡市","公务员/事业单位;2024;computer_software;data_ai;electronics_communication;仅限本科;学士;计算机类、电子信息类（以上为专业中类）;市（地）级及以下直属机构综合管理类","用人司局：国家统计局湖南调查总队
职位简介：从事一线入户调查、数据处理、分析研究等工作。
专业要求：计算机类、电子信息类（以上为专业中类）
学历要求：仅限本科
学位要求：学士
政治面貌：不限
基层工作经历：无限制
考试类别：市（地）级及以下直属机构综合管理类
备注：1.需要经常在田间地头开展工作，条件比较艰苦；2.有较强的写作功底；3.本单位最低服务年限为5年（含试用期）。","https://www.xuanhan.gov.cn/xxgk-show-77635.html#135118-400110718017","2023-10-15","{""dataset_year"":2024,""job_uid"":""GOV-2024-135118-400110718017"",""publisher"":""国家公务员局"",""publication_page"":""https://www.xuanhan.gov.cn/xxgk-show-77635.html"",""attachment_url"":""https://www.xuanhan.gov.cn/uploadfile/1/Attachment/638fdecf51.zip"",""local_source_file"":""中央机关及其直属机构2024年度考试录用公务员招考简章.xls"",""local_source_sha256"":""a1741b99dbecd6d03e533f99f2d69b0fa5a79733e551b80af69986ceed2ad996"",""source_sheet"":""中央国家行政机关参照公务员法管理事业单位"",""filter_version"":""government_tech_v2"",""tech_filter"":{""is_tech"":true,""is_core_tech"":true,""scope"":""core"",""categories"":[""computer_software"",""data_ai"",""electronics_communication""],""matched_fields"":[""major"",""description""],""major_terms"":[""电子信息类"",""计算机类""],""role_terms"":[""数据处理""],""reason"":""tech_major_and_role""},""original"":{""部门代码"":""135118"",""部门名称"":""国家统计局湖南调查总队"",""用人司局"":""国家统计局湖南调查总队"",""机构性质"":""中央国家行政机关参照公务员法管理事业单位"",""招考职位"":""湘乡调查队一级科员（1）"",""职位属性"":""普通职位"",""职位分布"":""其他职位"",""职位简介"":""从事一线入户调查、数据处理、分析研究等工作。"",""职位代码"":""400110718017"",""机构层级"":""县（区）级及以下"",""考试类别"":""市（地）级及以下直属机构综合管理类"",""招考人数"":""1"",""专业"":""计算机类、电子信息类（以上为专业中类）"",""学历"":""仅限本科"",""学位"":""学士"",""政治面貌"":""不限"",""基层工作最低年限"":""无限制"",""服务基层项目工作经历"":""无限制"",""是否在面试阶段组织专业能力测试"":""否"",""面试人员比例"":""3:1"",""工作地点"":""湖南省湘潭市湘乡市"",""落户地点"":""湖南省湘潭市湘乡市"",""备注"":""1.需要经常在田间地头开展工作，条件比较艰苦；2.有较强的写作功底；3.本单位最低服务年限为5年（含试用期）。"",""部门网站"":""湖南国调信息网（http://www.hndc.gov.cn/）"",""咨询电话1"":""0731-85184677"",""咨询电话2"":"""",""咨询电话3"":"""",""来源Sheet"":""中央国家行政机关参照公务员法管理事业单位""}}"
"government_jobs","国家公务员2024招考简章","公务员/事业单位技术岗位","湖南省衡阳市常宁市","2026-07-28T09:12:58.310295+00:00","常宁调查队一级科员","国家统计局湖南调查总队","","湖南省衡阳市常宁市","公务员/事业单位;2024;computer_software;data_ai;仅限本科;学士;数学类、统计学类、计算机类（以上为专业中类）;市（地）级及以下直属机构综合管理类","用人司局：国家统计局湖南调查总队
职位简介：从事一线入户调查、数据处理、分析研究等工作。
专业要求：数学类、统计学类、计算机类（以上为专业中类）
学历要求：仅限本科
学位要求：学士
政治面貌：不限
基层工作经历：无限制
考试类别：市（地）级及以下直属机构综合管理类
备注：1.限2024届高校毕业生；2.需要经常在田间地头开展工作，条件比较艰苦；3.有较强的写作功底；4.本单位最低服务年限为5年（含试用期）。","https://www.xuanhan.gov.cn/xxgk-show-77635.html#135118-400110718019","2023-10-15","{""dataset_year"":2024,""job_uid"":""GOV-2024-135118-400110718019"",""publisher"":""国家公务员局"",""publication_page"":""https://www.xuanhan.gov.cn/xxgk-show-77635.html"",""attachment_url"":""https://www.xuanhan.gov.cn/uploadfile/1/Attachment/638fdecf51.zip"",""local_source_file"":""中央机关及其直属机构2024年度考试录用公务员招考简章.xls"",""local_source_sha256"":""a1741b99dbecd6d03e533f99f2d69b0fa5a79733e551b80af69986ceed2ad996"",""source_sheet"":""中央国家行政机关参照公务员法管理事业单位"",""filter_version"":""government_tech_v2"",""tech_filter"":{""is_tech"":true,""is_core_tech"":true,""scope"":""core"",""categories"":[""computer_software"",""data_ai""],""matched_fields"":[""major"",""description""],""major_terms"":[""计算机类""],""role_terms"":[""数据处理""],""reason"":""tech_major_and_role""},""original"":{""部门代码"":""135118"",""部门名称"":""国家统计局湖南调查总队"",""用人司局"":""国家统计局湖南调查总队"",""机构性质"":""中央国家行政机关参照公务员法管理事业单位"",""招考职位"":""常宁调查队一级科员"",""职位属性"":""普通职位"",""职位分布"":""其他职位"",""职位简介"":""从事一线入户调查、数据处理、分析研究等工作。"",""职位代码"":""400110718019"",""机构层级"":""县（区）级及以下"",""考试类别"":""市（地）级及以下直属机构综合管理类"",""招考人数"":""1"",""专业"":""数学类、统计学类、计算机类（以上为专业中类）"",""学历"":""仅限本科"",""学位"":""学士"",""政治面貌"":""不限"",""基层工作最低年限"":""无限制"",""服务基层项目工作经历"":""无限制"",""是否在面试阶段组织专业能力测试"":""否"",""面试人员比例"":""3:1"",""工作地点"":""湖南省衡阳市常宁市"",""落户地点"":""湖南省衡阳市常宁市"",""备注"":""1.限2024届高校毕业生；2.需要经常在田间地头开展工作，条件比较艰苦；3.有较强的写作功底；4.本单位最低服务年限为5年（含试用期）。"",""部门网站"":""湖南国调信息网（http://www.hndc.gov.cn/）"",""咨询电话1"":""0731-85184677"",""咨询电话2"":"""",""咨询电话3"":"""",""来源Sheet"":""中央国家行政机关参照公务员法管理事业单位""}}"
"government_jobs","国家公务员2024招考简章","公务员/事业单位技术岗位","湖南省邵阳市新宁县","2026-07-28T09:12:58.310295+00:00","新宁调查队一级科员（1）","国家统计局湖南调查总队","","湖南省邵阳市新宁县","公务员/事业单位;2024;computer_software;data_ai;electronics_communication;仅限本科;学士;计算机类、电子信息类（以上为专业中类）;市（地）级及以下直属机构综合管理类","用人司局：国家统计局湖南调查总队
职位简介：从事一线入户调查、数据处理、分析研究等工作。
专业要求：计算机类、电子信息类（以上为专业中类）
学历要求：仅限本科
学位要求：学士
政治面貌：不限
基层工作经历：无限制
考试类别：市（地）级及以下直属机构综合管理类
备注：1.需要经常在田间地头开展工作，条件比较艰苦；2.有较强的写作功底；3.本单位最低服务年限为5年（含试用期）。","https://www.xuanhan.gov.cn/xxgk-show-77635.html#135118-400110718020","2023-10-15","{""dataset_year"":2024,""job_uid"":""GOV-2024-135118-400110718020"",""publisher"":""国家公务员局"",""publication_page"":""https://www.xuanhan.gov.cn/xxgk-show-77635.html"",""attachment_url"":""https://www.xuanhan.gov.cn/uploadfile/1/Attachment/638fdecf51.zip"",""local_source_file"":""中央机关及其直属机构2024年度考试录用公务员招考简章.xls"",""local_source_sha256"":""a1741b99dbecd6d03e533f99f2d69b0fa5a79733e551b80af69986ceed2ad996"",""source_sheet"":""中央国家行政机关参照公务员法管理事业单位"",""filter_version"":""government_tech_v2"",""tech_filter"":{""is_tech"":true,""is_core_tech"":true,""scope"":""core"",""categories"":[""computer_software"",""data_ai"",""electronics_communication""],""matched_fields"":[""major"",""description""],""major_terms"":[""电子信息类"",""计算机类""],""role_terms"":[""数据处理""],""reason"":""tech_major_and_role""},""original"":{""部门代码"":""135118"",""部门名称"":""国家统计局湖南调查总队"",""用人司局"":""国家统计局湖南调查总队"",""机构性质"":""中央国家行政机关参照公务员法管理事业单位"",""招考职位"":""新宁调查队一级科员（1）"",""职位属性"":""普通职位"",""职位分布"":""其他职位"",""职位简介"":""从事一线入户调查、数据处理、分析研究等工作。"",""职位代码"":""400110718020"",""机构层级"":""县（区）级及以下"",""考试类别"":""市（地）级及以下直属机构综合管理类"",""招考人数"":""1"",""专业"":""计算机类、电子信息类（以上为专业中类）"",""学历"":""仅限本科"",""学位"":""学士"",""政治面貌"":""不限"",""基层工作最低年限"":""无限制"",""服务基层项目工作经历"":""无限制"",""是否在面试阶段组织专业能力测试"":""否"",""面试人员比例"":""3:1"",""工作地点"":""湖南省邵阳市新宁县"",""落户地点"":""湖南省邵阳市新宁县"",""备注"":""1.需要经常在田间地头开展工作，条件比较艰苦；2.有较强的写作功底；3.本单位最低服务年限为5年（含试用期）。"",""部门网站"":""湖南国调信息网（http://www.hndc.gov.cn/）"",""咨询电话1"":""0731-85184677"",""咨询电话2"":"""",""咨询电话3"":"""",""来源Sheet"":""中央国家行政机关参照公务员法管理事业单位""}}"
"government_jobs","国家公务员2024招考简章","公务员/事业单位技术岗位","湖南省邵阳市新宁县","2026-07-28T09:12:58.310295+00:00","新宁调查队一级科员（2）","国家统计局湖南调查总队","","湖南省邵阳市新宁县","公务员/事业单位;2024;computer_software;data_ai;仅限本科;学士;数学类、统计学类、计算机类（以上为专业中类）;市（地）级及以下直属机构综合管理类","用人司局：国家统计局湖南调查总队
职位简介：从事一线入户调查、数据处理、分析研究等工作。
专业要求：数学类、统计学类、计算机类（以上为专业中类）
学历要求：仅限本科
学位要求：学士
政治面貌：不限
基层工作经历：无限制
考试类别：市（地）级及以下直属机构综合管理类
备注：1.限2024届高校毕业生；2.需要经常在田间地头开展工作，条件比较艰苦；3.有较强的写作功底；4.本单位最低服务年限为5年（含试用期）。","https://www.xuanhan.gov.cn/xxgk-show-77635.html#135118-400110718021","2023-10-15","{""dataset_year"":2024,""job_uid"":""GOV-2024-135118-400110718021"",""publisher"":""国家公务员局"",""publication_page"":""https://www.xuanhan.gov.cn/xxgk-show-77635.html"",""attachment_url"":""https://www.xuanhan.gov.cn/uploadfile/1/Attachment/638fdecf51.zip"",""local_source_file"":""中央机关及其直属机构2024年度考试录用公务员招考简章.xls"",""local_source_sha256"":""a1741b99dbecd6d03e533f99f2d69b0fa5a79733e551b80af69986ceed2ad996"",""source_sheet"":""中央国家行政机关参照公务员法管理事业单位"",""filter_version"":""government_tech_v2"",""tech_filter"":{""is_tech"":true,""is_core_tech"":true,""scope"":""core"",""categories"":[""computer_software"",""data_ai""],""matched_fields"":[""major"",""description""],""major_terms"":[""计算机类""],""role_terms"":[""数据处理""],""reason"":""tech_major_and_role""},""original"":{""部门代码"":""135118"",""部门名称"":""国家统计局湖南调查总队"",""用人司局"":""国家统计局湖南调查总队"",""机构性质"":""中央国家行政机关参照公务员法管理事业单位"",""招考职位"":""新宁调查队一级科员（2）"",""职位属性"":""普通职位"",""职位分布"":""其他职位"",""职位简介"":""从事一线入户调查、数据处理、分析研究等工作。"",""职位代码"":""400110718021"",""机构层级"":""县（区）级及以下"",""考试类别"":""市（地）级及以下直属机构综合管理类"",""招考人数"":""1"",""专业"":""数学类、统计学类、计算机类（以上为专业中类）"",""学历"":""仅限本科"",""学位"":""学士"",""政治面貌"":""不限"",""基层工作最低年限"":""无限制"",""服务基层项目工作经历"":""无限制"",""是否在面试阶段组织专业能力测试"":""否"",""面试人员比例"":""3:1"",""工作地点"":""湖南省邵阳市新宁县"",""落户地点"":""湖南省邵阳市新宁县"",""备注"":""1.限2024届高校毕业生；2.需要经常在田间地头开展工作，条件比较艰苦；3.有较强的写作功底；4.本单位最低服务年限为5年（含试用期）。"",""部门网站"":""湖南国调信息网（http://www.hndc.gov.cn/）"",""咨询电话1"":""0731-85184677"",""咨询电话2"":"""",""咨询电话3"":"""",""来源Sheet"":""中央国家行政机关参照公务员法管理事业单位""}}"
"government_jobs","国家公务员2024招考简章","公务员/事业单位技术岗位","湖南省岳阳市湘阴县","2026-07-28T09:12:58.310295+00:00","湘阴调查队一级科员","国家统计局湖南调查总队","","湖南省岳阳市湘阴县","公务员/事业单位;2024;computer_software;data_ai;仅限本科;学士;数学类、统计学类、计算机类（以上为专业中类）;市（地）级及以下直属机构综合管理类","用人司局：国家统计局湖南调查总队
职位简介：从事一线入户调查、数据处理、分析研究等工作。
专业要求：数学类、统计学类、计算机类（以上为专业中类）
学历要求：仅限本科
学位要求：学士
政治面貌：不限
基层工作经历：无限制
考试类别：市（地）级及以下直属机构综合管理类
备注：1.限2024届高校毕业生；2.需要经常在田间地头开展工作，条件比较艰苦；3.有较强的写作功底；4.本单位最低服务年限为5年（含试用期）。","https://www.xuanhan.gov.cn/xxgk-show-77635.html#135118-400110718022","2023-10-15","{""dataset_year"":2024,""job_uid"":""GOV-2024-135118-400110718022"",""publisher"":""国家公务员局"",""publication_page"":""https://www.xuanhan.gov.cn/xxgk-show-77635.html"",""attachment_url"":""https://www.xuanhan.gov.cn/uploadfile/1/Attachment/638fdecf51.zip"",""local_source_file"":""中央机关及其直属机构2024年度考试录用公务员招考简章.xls"",""local_source_sha256"":""a1741b99dbecd6d03e533f99f2d69b0fa5a79733e551b80af69986ceed2ad996"",""source_sheet"":""中央国家行政机关参照公务员法管理事业单位"",""filter_version"":""government_tech_v2"",""tech_filter"":{""is_tech"":true,""is_core_tech"":true,""scope"":""core"",""categories"":[""computer_software"",""data_ai""],""matched_fields"":[""major"",""description""],""major_terms"":[""计算机类""],""role_terms"":[""数据处理""],""reason"":""tech_major_and_role""},""original"":{""部门代码"":""135118"",""部门名称"":""国家统计局湖南调查总队"",""用人司局"":""国家统计局湖南调查总队"",""机构性质"":""中央国家行政机关参照公务员法管理事业单位"",""招考职位"":""湘阴调查队一级科员"",""职位属性"":""普通职位"",""职位分布"":""其他职位"",""职位简介"":""从事一线入户调查、数据处理、分析研究等工作。"",""职位代码"":""400110718022"",""机构层级"":""县（区）级及以下"",""考试类别"":""市（地）级及以下直属机构综合管理类"",""招考人数"":""1"",""专业"":""数学类、统计学类、计算机类（以上为专业中类）"",""学历"":""仅限本科"",""学位"":""学士"",""政治面貌"":""不限"",""基层工作最低年限"":""无限制"",""服务基层项目工作经历"":""无限制"",""是否在面试阶段组织专业能力测试"":""否"",""面试人员比例"":""3:1"",""工作地点"":""湖南省岳阳市湘阴县"",""落户地点"":""湖南省岳阳市湘阴县"",""备注"":""1.限2024届高校毕业生；2.需要经常在田间地头开展工作，条件比较艰苦；3.有较强的写作功底；4.本单位最低服务年限为5年（含试用期）。"",""部门网站"":""湖南国调信息网（http://www.hndc.gov.cn/）"",""咨询电话1"":""0731-85184677"",""咨询电话2"":"""",""咨询电话3"":"""",""来源Sheet"":""中央国家行政机关参照公务员法管理事业单位""}}"
"government_jobs","国家公务员2024招考简章","公务员/事业单位技术岗位","湖南省岳阳市平江县","2026-07-28T09:12:58.310295+00:00","平江调查队一级科员（1）","国家统计局湖南调查总队","","湖南省岳阳市平江县","公务员/事业单位;2024;computer_software;data_ai;仅限本科;学士;数学类、统计学类、计算机类（以上为专业中类）;市（地）级及以下直属机构综合管理类","用人司局：国家统计局湖南调查总队
职位简介：从事一线入户调查、数据处理、分析研究等工作。
专业要求：数学类、统计学类、计算机类（以上为专业中类）
学历要求：仅限本科
学位要求：学士
政治面貌：不限
基层工作经历：无限制
考试类别：市（地）级及以下直属机构综合管理类
备注：1.限2024届高校毕业生；2.需要经常在田间地头开展工作，条件比较艰苦；3.有较强的写作功底；4.本单位最低服务年限为5年（含试用期）。","https://www.xuanhan.gov.cn/xxgk-show-77635.html#135118-400110718023","2023-10-15","{""dataset_year"":2024,""job_uid"":""GOV-2024-135118-400110718023"",""publisher"":""国家公务员局"",""publication_page"":""https://www.xuanhan.gov.cn/xxgk-show-77635.html"",""attachment_url"":""https://www.xuanhan.gov.cn/uploadfile/1/Attachment/638fdecf51.zip"",""local_source_file"":""中央机关及其直属机构2024年度考试录用公务员招考简章.xls"",""local_source_sha256"":""a1741b99dbecd6d03e533f99f2d69b0fa5a79733e551b80af69986ceed2ad996"",""source_sheet"":""中央国家行政机关参照公务员法管理事业单位"",""filter_version"":""government_tech_v2"",""tech_filter"":{""is_tech"":true,""is_core_tech"":true,""scope"":""core"",""categories"":[""computer_software"",""data_ai""],""matched_fields"":[""major"",""description""],""major_terms"":[""计算机类""],""role_terms"":[""数据处理""],""reason"":""tech_major_and_role""},""original"":{""部门代码"":""135118"",""部门名称"":""国家统计局湖南调查总队"",""用人司局"":""国家统计局湖南调查总队"",""机构性质"":""中央国家行政机关参照公务员法管理事业单位"",""招考职位"":""平江调查队一级科员（1）"",""职位属性"":""普通职位"",""职位分布"":""其他职位"",""职位简介"":""从事一线入户调查、数据处理、分析研究等工作。"",""职位代码"":""400110718023"",""机构层级"":""县（区）级及以下"",""考试类别"":""市（地）级及以下直属机构综合管理类"",""招考人数"":""1"",""专业"":""数学类、统计学类、计算机类（以上为专业中类）"",""学历"":""仅限本科"",""学位"":""学士"",""政治面貌"":""不限"",""基层工作最低年限"":""无限制"",""服务基层项目工作经历"":""无限制"",""是否在面试阶段组织专业能力测试"":""否"",""面试人员比例"":""3:1"",""工作地点"":""湖南省岳阳市平江县"",""落户地点"":""湖南省岳阳市平江县"",""备注"":""1.限2024届高校毕业生；2.需要经常在田间地头开展工作，条件比较艰苦；3.有较强的写作功底；4.本单位最低服务年限为5年（含试用期）。"",""部门网站"":""湖南国调信息网（http://www.hndc.gov.cn/）"",""咨询电话1"":""0731-85184677"",""咨询电话2"":"""",""咨询电话3"":"""",""来源Sheet"":""中央国家行政机关参照公务员法管理事业单位""}}"
"government_jobs","国家公务员2024招考简章","公务员/事业单位技术岗位","湖南省岳阳市平江县","2026-07-28T09:12:58.310295+00:00","平江调查队一级科员（2）","国家统计局湖南调查总队","","湖南省岳阳市平江县","公务员/事业单位;2024;computer_software;data_ai;仅限本科;学士;数学类、统计学类、计算机类（以上为专业中类）;市（地）级及以下直属机构综合管理类","用人司局：国家统计局湖南调查总队
职位简介：从事一线入户调查、数据处理、分析研究等工作。
专业要求：数学类、统计学类、计算机类（以上为专业中类）
学历要求：仅限本科
学位要求：学士
政治面貌：不限
基层工作经历：无限制
考试类别：市（地）级及以下直属机构综合管理类
备注：1.限2024届高校毕业生；2.需要经常在田间地头开展工作，条件比较艰苦；3.有较强的写作功底；4.本单位最低服务年限为5年（含试用期）。","https://www.xuanhan.gov.cn/xxgk-show-77635.html#135118-400110718024","2023-10-15","{""dataset_year"":2024,""job_uid"":""GOV-2024-135118-400110718024"",""publisher"":""国家公务员局"",""publication_page"":""https://www.xuanhan.gov.cn/xxgk-show-77635.html"",""attachment_url"":""https://www.xuanhan.gov.cn/uploadfile/1/Attachment/638fdecf51.zip"",""local_source_file"":""中央机关及其直属机构2024年度考试录用公务员招考简章.xls"",""local_source_sha256"":""a1741b99dbecd6d03e533f99f2d69b0fa5a79733e551b80af69986ceed2ad996"",""source_sheet"":""中央国家行政机关参照公务员法管理事业单位"",""filter_version"":""government_tech_v2"",""tech_filter"":{""is_tech"":true,""is_core_tech"":true,""scope"":""core"",""categories"":[""computer_software"",""data_ai""],""matched_fields"":[""major"",""description""],""major_terms"":[""计算机类""],""role_terms"":[""数据处理""],""reason"":""tech_major_and_role""},""original"":{""部门代码"":""135118"",""部门名称"":""国家统计局湖南调查总队"",""用人司局"":""国家统计局湖南调查总队"",""机构性质"":""中央国家行政机关参照公务员法管理事业单位"",""招考职位"":""平江调查队一级科员（2）"",""职位属性"":""普通职位"",""职位分布"":""其他职位"",""职位简介"":""从事一线入户调查、数据处理、分析研究等工作。"",""职位代码"":""400110718024"",""机构层级"":""县（区）级及以下"",""考试类别"":""市（地）级及以下直属机构综合管理类"",""招考人数"":""1"",""专业"":""数学类、统计学类、计算机类（以上为专业中类）"",""学历"":""仅限本科"",""学位"":""学士"",""政治面貌"":""不限"",""基层工作最低年限"":""无限制"",""服务基层项目工作经历"":""无限制"",""是否在面试阶段组织专业能力测试"":""否"",""面试人员比例"":""3:1"",""工作地点"":""湖南省岳阳市平江县"",""落户地点"":""湖南省岳阳市平江县"",""备注"":""1.限2024届高校毕业生；2.需要经常在田间地头开展工作，条件比较艰苦；3.有较强的写作功底；4.本单位最低服务年限为5年（含试用期）。"",""部门网站"":""湖南国调信息网（http://www.hndc.gov.cn/）"",""咨询电话1"":""0731-85184677"",""咨询电话2"":"""",""咨询电话3"":"""",""来源Sheet"":""中央国家行政机关参照公务员法管理事业单位""}}"
"government_jobs","国家公务员2024招考简章","公务员/事业单位技术岗位","湖南省常德市安乡县","2026-07-28T09:12:58.310295+00:00","安乡调查队一级科员","国家统计局湖南调查总队","","湖南省常德市安乡县","公务员/事业单位;2024;computer_software;data_ai;仅限本科;学士;数学类、统计学类、计算机类（以上为专业中类）;市（地）级及以下直属机构综合管理类","用人司局：国家统计局湖南调查总队
职位简介：从事一线入户调查、数据处理、分析研究等工作。
专业要求：数学类、统计学类、计算机类（以上为专业中类）
学历要求：仅限本科
学位要求：学士
政治面貌：不限
基层工作经历：无限制
考试类别：市（地）级及以下直属机构综合管理类
备注：1.限2024届高校毕业生；2.需要经常在田间地头开展工作，条件比较艰苦；3.有较强的写作功底；4.本单位最低服务年限为5年（含试用期）。","https://www.xuanhan.gov.cn/xxgk-show-77635.html#135118-400110718025","2023-10-15","{""dataset_year"":2024,""job_uid"":""GOV-2024-135118-400110718025"",""publisher"":""国家公务员局"",""publication_page"":""https://www.xuanhan.gov.cn/xxgk-show-77635.html"",""attachment_url"":""https://www.xuanhan.gov.cn/uploadfile/1/Attachment/638fdecf51.zip"",""local_source_file"":""中央机关及其直属机构2024年度考试录用公务员招考简章.xls"",""local_source_sha256"":""a1741b99dbecd6d03e533f99f2d69b0fa5a79733e551b80af69986ceed2ad996"",""source_sheet"":""中央国家行政机关参照公务员法管理事业单位"",""filter_version"":""government_tech_v2"",""tech_filter"":{""is_tech"":true,""is_core_tech"":true,""scope"":""core"",""categories"":[""computer_software"",""data_ai""],""matched_fields"":[""major"",""description""],""major_terms"":[""计算机类""],""role_terms"":[""数据处理""],""reason"":""tech_major_and_role""},""original"":{""部门代码"":""135118"",""部门名称"":""国家统计局湖南调查总队"",""用人司局"":""国家统计局湖南调查总队"",""机构性质"":""中央国家行政机关参照公务员法管理事业单位"",""招考职位"":""安乡调查队一级科员"",""职位属性"":""普通职位"",""职位分布"":""其他职位"",""职位简介"":""从事一线入户调查、数据处理、分析研究等工作。"",""职位代码"":""400110718025"",""机构层级"":""县（区）级及以下"",""考试类别"":""市（地）级及以下直属机构综合管理类"",""招考人数"":""1"",""专业"":""数学类、统计学类、计算机类（以上为专业中类）"",""学历"":""仅限本科"",""学位"":""学士"",""政治面貌"":""不限"",""基层工作最低年限"":""无限制"",""服务基层项目工作经历"":""无限制"",""是否在面试阶段组织专业能力测试"":""否"",""面试人员比例"":""3:1"",""工作地点"":""湖南省常德市安乡县"",""落户地点"":""湖南省常德市安乡县"",""备注"":""1.限2024届高校毕业生；2.需要经常在田间地头开展工作，条件比较艰苦；3.有较强的写作功底；4.本单位最低服务年限为5年（含试用期）。"",""部门网站"":""湖南国调信息网（http://www.hndc.gov.cn/）"",""咨询电话1"":""0731-85184677"",""咨询电话2"":"""",""咨询电话3"":"""",""来源Sheet"":""中央国家行政机关参照公务员法管理事业单位""}}"
"government_jobs","国家公务员2024招考简章","公务员/事业单位技术岗位","湖南省张家界市慈利县","2026-07-28T09:12:58.310295+00:00","慈利调查队一级科员","国家统计局湖南调查总队","","湖南省张家界市慈利县","公务员/事业单位;2024;computer_software;data_ai;仅限本科;学士;数学类、统计学类、计算机类（以上为专业中类）;市（地）级及以下直属机构综合管理类","用人司局：国家统计局湖南调查总队
职位简介：从事一线入户调查、数据处理、分析研究等工作。
专业要求：数学类、统计学类、计算机类（以上为专业中类）
学历要求：仅限本科
学位要求：学士
政治面貌：不限
基层工作经历：无限制
考试类别：市（地）级及以下直属机构综合管理类
备注：1.限2024届高校毕业生；2.需要经常在田间地头开展工作，条件比较艰苦；3.有较强的写作功底；4.本单位最低服务年限为5年（含试用期）。","https://www.xuanhan.gov.cn/xxgk-show-77635.html#135118-400110718031","2023-10-15","{""dataset_year"":2024,""job_uid"":""GOV-2024-135118-400110718031"",""publisher"":""国家公务员局"",""publication_page"":""https://www.xuanhan.gov.cn/xxgk-show-77635.html"",""attachment_url"":""https://www.xuanhan.gov.cn/uploadfile/1/Attachment/638fdecf51.zip"",""local_source_file"":""中央机关及其直属机构2024年度考试录用公务员招考简章.xls"",""local_source_sha256"":""a1741b99dbecd6d03e533f99f2d69b0fa5a79733e551b80af69986ceed2ad996"",""source_sheet"":""中央国家行政机关参照公务员法管理事业单位"",""filter_version"":""government_tech_v2"",""tech_filter"":{""is_tech"":true,""is_core_tech"":true,""scope"":""core"",""categories"":[""computer_software"",""data_ai""],""matched_fields"":[""major"",""description""],""major_terms"":[""计算机类""],""role_terms"":[""数据处理""],""reason"":""tech_major_and_role""},""original"":{""部门代码"":""135118"",""部门名称"":""国家统计局湖南调查总队"",""用人司局"":""国家统计局湖南调查总队"",""机构性质"":""中央国家行政机关参照公务员法管理事业单位"",""招考职位"":""慈利调查队一级科员"",""职位属性"":""普通职位"",""职位分布"":""其他职位"",""职位简介"":""从事一线入户调查、数据处理、分析研究等工作。"",""职位代码"":""400110718031"",""机构层级"":""县（区）级及以下"",""考试类别"":""市（地）级及以下直属机构综合管理类"",""招考人数"":""1"",""专业"":""数学类、统计学类、计算机类（以上为专业中类）"",""学历"":""仅限本科"",""学位"":""学士"",""政治面貌"":""不限"",""基层工作最低年限"":""无限制"",""服务基层项目工作经历"":""无限制"",""是否在面试阶段组织专业能力测试"":""否"",""面试人员比例"":""3:1"",""工作地点"":""湖南省张家界市慈利县"",""落户地点"":""湖南省张家界市慈利县"",""备注"":""1.限2024届高校毕业生；2.需要经常在田间地头开展工作，条件比较艰苦；3.有较强的写作功底；4.本单位最低服务年限为5年（含试用期）。"",""部门网站"":""湖南国调信息网（http://www.hndc.gov.cn/）"",""咨询电话1"":""0731-85184677"",""咨询电话2"":"""",""咨询电话3"":"""",""来源Sheet"":""中央国家行政机关参照公务员法管理事业单位""}}"
"government_jobs","国家公务员2024招考简章","公务员/事业单位技术岗位","湖南省益阳市南县","2026-07-28T09:12:58.310295+00:00","南县调查队一级科员","国家统计局湖南调查总队","","湖南省益阳市南县","公务员/事业单位;2024;computer_software;data_ai;仅限本科;学士;数学类、统计学类、计算机类（以上为专业中类）;市（地）级及以下直属机构综合管理类","用人司局：国家统计局湖南调查总队
职位简介：从事一线入户调查、数据处理、分析研究等工作。
专业要求：数学类、统计学类、计算机类（以上为专业中类）
学历要求：仅限本科
学位要求：学士
政治面貌：不限
基层工作经历：无限制
考试类别：市（地）级及以下直属机构综合管理类
备注：1.限2024届高校毕业生；2.需要经常在田间地头开展工作，条件比较艰苦；3.有较强的写作功底；4.本单位最低服务年限为5年（含试用期）。","https://www.xuanhan.gov.cn/xxgk-show-77635.html#135118-400110718032","2023-10-15","{""dataset_year"":2024,""job_uid"":""GOV-2024-135118-400110718032"",""publisher"":""国家公务员局"",""publication_page"":""https://www.xuanhan.gov.cn/xxgk-show-77635.html"",""attachment_url"":""https://www.xuanhan.gov.cn/uploadfile/1/Attachment/638fdecf51.zip"",""local_source_file"":""中央机关及其直属机构2024年度考试录用公务员招考简章.xls"",""local_source_sha256"":""a1741b99dbecd6d03e533f99f2d69b0fa5a79733e551b80af69986ceed2ad996"",""source_sheet"":""中央国家行政机关参照公务员法管理事业单位"",""filter_version"":""government_tech_v2"",""tech_filter"":{""is_tech"":true,""is_core_tech"":true,""scope"":""core"",""categories"":[""computer_software"",""data_ai""],""matched_fields"":[""major"",""description""],""major_terms"":[""计算机类""],""role_terms"":[""数据处理""],""reason"":""tech_major_and_role""},""original"":{""部门代码"":""135118"",""部门名称"":""国家统计局湖南调查总队"",""用人司局"":""国家统计局湖南调查总队"",""机构性质"":""中央国家行政机关参照公务员法管理事业单位"",""招考职位"":""南县调查队一级科员"",""职位属性"":""普通职位"",""职位分布"":""其他职位"",""职位简介"":""从事一线入户调查、数据处理、分析研究等工作。"",""职位代码"":""400110718032"",""机构层级"":""县（区）级及以下"",""考试类别"":""市（地）级及以下直属机构综合管理类"",""招考人数"":""1"",""专业"":""数学类、统计学类、计算机类（以上为专业中类）"",""学历"":""仅限本科"",""学位"":""学士"",""政治面貌"":""不限"",""基层工作最低年限"":""无限制"",""服务基层项目工作经历"":""无限制"",""是否在面试阶段组织专业能力测试"":""否"",""面试人员比例"":""3:1"",""工作地点"":""湖南省益阳市南县"",""落户地点"":""湖南省益阳市南县"",""备注"":""1.限2024届高校毕业生；2.需要经常在田间地头开展工作，条件比较艰苦；3.有较强的写作功底；4.本单位最低服务年限为5年（含试用期）。"",""部门网站"":""湖南国调信息网（http://www.hndc.gov.cn/）"",""咨询电话1"":""0731-85184677"",""咨询电话2"":"""",""咨询电话3"":"""",""来源Sheet"":""中央国家行政机关参照公务员法管理事业单位""}}"
"government_jobs","国家公务员2024招考简章","公务员/事业单位技术岗位","湖南省郴州市临武县","2026-07-28T09:12:58.310295+00:00","临武调查队一级科员","国家统计局湖南调查总队","","湖南省郴州市临武县","公务员/事业单位;2024;computer_software;data_ai;仅限本科;学士;数学类、统计学类、计算机类（以上为专业中类）;市（地）级及以下直属机构综合管理类","用人司局：国家统计局湖南调查总队
职位简介：从事一线入户调查、数据处理、分析研究等工作。
专业要求：数学类、统计学类、计算机类（以上为专业中类）
学历要求：仅限本科
学位要求：学士
政治面貌：不限
基层工作经历：无限制
考试类别：市（地）级及以下直属机构综合管理类
备注：1.限2024届高校毕业生；2.需要经常在田间地头开展工作，条件比较艰苦；3.有较强的写作功底；4.本单位最低服务年限为5年（含试用期）。","https://www.xuanhan.gov.cn/xxgk-show-77635.html#135118-400110718034","2023-10-15","{""dataset_year"":2024,""job_uid"":""GOV-2024-135118-400110718034"",""publisher"":""国家公务员局"",""publication_page"":""https://www.xuanhan.gov.cn/xxgk-show-77635.html"",""attachment_url"":""https://www.xuanhan.gov.cn/uploadfile/1/Attachment/638fdecf51.zip"",""local_source_file"":""中央机关及其直属机构2024年度考试录用公务员招考简章.xls"",""local_source_sha256"":""a1741b99dbecd6d03e533f99f2d69b0fa5a79733e551b80af69986ceed2ad996"",""source_sheet"":""中央国家行政机关参照公务员法管理事业单位"",""filter_version"":""government_tech_v2"",""tech_filter"":{""is_tech"":true,""is_core_tech"":true,""scope"":""core"",""categories"":[""computer_software"",""data_ai""],""matched_fields"":[""major"",""description""],""major_terms"":[""计算机类""],""role_terms"":[""数据处理""],""reason"":""tech_major_and_role""},""original"":{""部门代码"":""135118"",""部门名称"":""国家统计局湖南调查总队"",""用人司局"":""国家统计局湖南调查总队"",""机构性质"":""中央国家行政机关参照公务员法管理事业单位"",""招考职位"":""临武调查队一级科员"",""职位属性"":""普通职位"",""职位分布"":""其他职位"",""职位简介"":""从事一线入户调查、数据处理、分析研究等工作。"",""职位代码"":""400110718034"",""机构层级"":""县（区）级及以下"",""考试类别"":""市（地）级及以下直属机构综合管理类"",""招考人数"":""1"",""专业"":""数学类、统计学类、计算机类（以上为专业中类）"",""学历"":""仅限本科"",""学位"":""学士"",""政治面貌"":""不限"",""基层工作最低年限"":""无限制"",""服务基层项目工作经历"":""无限制"",""是否在面试阶段组织专业能力测试"":""否"",""面试人员比例"":""3:1"",""工作地点"":""湖南省郴州市临武县"",""落户地点"":""湖南省郴州市临武县"",""备注"":""1.限2024届高校毕业生；2.需要经常在田间地头开展工作，条件比较艰苦；3.有较强的写作功底；4.本单位最低服务年限为5年（含试用期）。"",""部门网站"":""湖南国调信息网（http://www.hndc.gov.cn/）"",""咨询电话1"":""0731-85184677"",""咨询电话2"":"""",""咨询电话3"":"""",""来源Sheet"":""中央国家行政机关参照公务员法管理事业单位""}}"
"government_jobs","国家公务员2024招考简章","公务员/事业单位技术岗位","湖南省郴州市安仁县","2026-07-28T09:12:58.310295+00:00","安仁调查队一级科员","国家统计局湖南调查总队","","湖南省郴州市安仁县","公务员/事业单位;2024;computer_software;data_ai;仅限本科;学士;数学类、统计学类、计算机类（以上为专业中类）;市（地）级及以下直属机构综合管理类","用人司局：国家统计局湖南调查总队
职位简介：从事一线入户调查、数据处理、分析研究等工作。
专业要求：数学类、统计学类、计算机类（以上为专业中类）
学历要求：仅限本科
学位要求：学士
政治面貌：不限
基层工作经历：无限制
考试类别：市（地）级及以下直属机构综合管理类
备注：1.限2024届高校毕业生；2.需要经常在田间地头开展工作，条件比较艰苦；3.有较强的写作功底；4.本单位最低服务年限为5年（含试用期）。","https://www.xuanhan.gov.cn/xxgk-show-77635.html#135118-400110718035","2023-10-15","{""dataset_year"":2024,""job_uid"":""GOV-2024-135118-400110718035"",""publisher"":""国家公务员局"",""publication_page"":""https://www.xuanhan.gov.cn/xxgk-show-77635.html"",""attachment_url"":""https://www.xuanhan.gov.cn/uploadfile/1/Attachment/638fdecf51.zip"",""local_source_file"":""中央机关及其直属机构2024年度考试录用公务员招考简章.xls"",""local_source_sha256"":""a1741b99dbecd6d03e533f99f2d69b0fa5a79733e551b80af69986ceed2ad996"",""source_sheet"":""中央国家行政机关参照公务员法管理事业单位"",""filter_version"":""government_tech_v2"",""tech_filter"":{""is_tech"":true,""is_core_tech"":true,""scope"":""core"",""categories"":[""computer_software"",""data_ai""],""matched_fields"":[""major"",""description""],""major_terms"":[""计算机类""],""role_terms"":[""数据处理""],""reason"":""tech_major_and_role""},""original"":{""部门代码"":""135118"",""部门名称"":""国家统计局湖南调查总队"",""用人司局"":""国家统计局湖南调查总队"",""机构性质"":""中央国家行政机关参照公务员法管理事业单位"",""招考职位"":""安仁调查队一级科员"",""职位属性"":""普通职位"",""职位分布"":""其他职位"",""职位简介"":""从事一线入户调查、数据处理、分析研究等工作。"",""职位代码"":""400110718035"",""机构层级"":""县（区）级及以下"",""考试类别"":""市（地）级及以下直属机构综合管理类"",""招考人数"":""1"",""专业"":""数学类、统计学类、计算机类（以上为专业中类）"",""学历"":""仅限本科"",""学位"":""学士"",""政治面貌"":""不限"",""基层工作最低年限"":""无限制"",""服务基层项目工作经历"":""无限制"",""是否在面试阶段组织专业能力测试"":""否"",""面试人员比例"":""3:1"",""工作地点"":""湖南省郴州市安仁县"",""落户地点"":""湖南省郴州市安仁县"",""备注"":""1.限2024届高校毕业生；2.需要经常在田间地头开展工作，条件比较艰苦；3.有较强的写作功底；4.本单位最低服务年限为5年（含试用期）。"",""部门网站"":""湖南国调信息网（http://www.hndc.gov.cn/）"",""咨询电话1"":""0731-85184677"",""咨询电话2"":"""",""咨询电话3"":"""",""来源Sheet"":""中央国家行政机关参照公务员法管理事业单位""}}"
"government_jobs","国家公务员2024招考简章","公务员/事业单位技术岗位","湖南省永州市道县","2026-07-28T09:12:58.310295+00:00","道县调查队一级科员（1）","国家统计局湖南调查总队","","湖南省永州市道县","公务员/事业单位;2024;computer_software;data_ai;仅限本科;学士;数学类、统计学类、计算机类（以上为专业中类）;市（地）级及以下直属机构综合管理类","用人司局：国家统计局湖南调查总队
职位简介：从事一线入户调查、数据处理、分析研究等工作。
专业要求：数学类、统计学类、计算机类（以上为专业中类）
学历要求：仅限本科
学位要求：学士
政治面貌：不限
基层工作经历：无限制
考试类别：市（地）级及以下直属机构综合管理类
备注：1.限2024届高校毕业生；2.需要经常在田间地头开展工作，条件比较艰苦；3.有较强的写作功底；4.本单位最低服务年限为5年（含试用期）。","https://www.xuanhan.gov.cn/xxgk-show-77635.html#135118-400110718036","2023-10-15","{""dataset_year"":2024,""job_uid"":""GOV-2024-135118-400110718036"",""publisher"":""国家公务员局"",""publication_page"":""https://www.xuanhan.gov.cn/xxgk-show-77635.html"",""attachment_url"":""https://www.xuanhan.gov.cn/uploadfile/1/Attachment/638fdecf51.zip"",""local_source_file"":""中央机关及其直属机构2024年度考试录用公务员招考简章.xls"",""local_source_sha256"":""a1741b99dbecd6d03e533f99f2d69b0fa5a79733e551b80af69986ceed2ad996"",""source_sheet"":""中央国家行政机关参照公务员法管理事业单位"",""filter_version"":""government_tech_v2"",""tech_filter"":{""is_tech"":true,""is_core_tech"":true,""scope"":""core"",""categories"":[""computer_software"",""data_ai""],""matched_fields"":[""major"",""description""],""major_terms"":[""计算机类""],""role_terms"":[""数据处理""],""reason"":""tech_major_and_role""},""original"":{""部门代码"":""135118"",""部门名称"":""国家统计局湖南调查总队"",""用人司局"":""国家统计局湖南调查总队"",""机构性质"":""中央国家行政机关参照公务员法管理事业单位"",""招考职位"":""道县调查队一级科员（1）"",""职位属性"":""普通职位"",""职位分布"":""其他职位"",""职位简介"":""从事一线入户调查、数据处理、分析研究等工作。"",""职位代码"":""400110718036"",""机构层级"":""县（区）级及以下"",""考试类别"":""市（地）级及以下直属机构综合管理类"",""招考人数"":""1"",""专业"":""数学类、统计学类、计算机类（以上为专业中类）"",""学历"":""仅限本科"",""学位"":""学士"",""政治面貌"":""不限"",""基层工作最低年限"":""无限制"",""服务基层项目工作经历"":""无限制"",""是否在面试阶段组织专业能力测试"":""否"",""面试人员比例"":""3:1"",""工作地点"":""湖南省永州市道县"",""落户地点"":""湖南省永州市道县"",""备注"":""1.限2024届高校毕业生；2.需要经常在田间地头开展工作，条件比较艰苦；3.有较强的写作功底；4.本单位最低服务年限为5年（含试用期）。"",""部门网站"":""湖南国调信息网（http://www.hndc.gov.cn/）"",""咨询电话1"":""0731-85184677"",""咨询电话2"":"""",""咨询电话3"":"""",""来源Sheet"":""中央国家行政机关参照公务员法管理事业单位""}}"
"government_jobs","国家公务员2024招考简章","公务员/事业单位技术岗位","湖南省永州市道县","2026-07-28T09:12:58.310295+00:00","道县调查队一级科员（2）","国家统计局湖南调查总队","","湖南省永州市道县","公务员/事业单位;2024;computer_software;data_ai;仅限本科;学士;数学类、统计学类、计算机类（以上为专业中类）;市（地）级及以下直属机构综合管理类","用人司局：国家统计局湖南调查总队
职位简介：从事一线入户调查、数据处理、分析研究等工作。
专业要求：数学类、统计学类、计算机类（以上为专业中类）
学历要求：仅限本科
学位要求：学士
政治面貌：不限
基层工作经历：无限制
考试类别：市（地）级及以下直属机构综合管理类
备注：1.限2024届高校毕业生；2.需要经常在田间地头开展工作，条件比较艰苦；3.有较强的写作功底；4.本单位最低服务年限为5年（含试用期）。","https://www.xuanhan.gov.cn/xxgk-show-77635.html#135118-400110718037","2023-10-15","{""dataset_year"":2024,""job_uid"":""GOV-2024-135118-400110718037"",""publisher"":""国家公务员局"",""publication_page"":""https://www.xuanhan.gov.cn/xxgk-show-77635.html"",""attachment_url"":""https://www.xuanhan.gov.cn/uploadfile/1/Attachment/638fdecf51.zip"",""local_source_file"":""中央机关及其直属机构2024年度考试录用公务员招考简章.xls"",""local_source_sha256"":""a1741b99dbecd6d03e533f99f2d69b0fa5a79733e551b80af69986ceed2ad996"",""source_sheet"":""中央国家行政机关参照公务员法管理事业单位"",""filter_version"":""government_tech_v2"",""tech_filter"":{""is_tech"":true,""is_core_tech"":true,""scope"":""core"",""categories"":[""computer_software"",""data_ai""],""matched_fields"":[""major"",""description""],""major_terms"":[""计算机类""],""role_terms"":[""数据处理""],""reason"":""tech_major_and_role""},""original"":{""部门代码"":""135118"",""部门名称"":""国家统计局湖南调查总队"",""用人司局"":""国家统计局湖南调查总队"",""机构性质"":""中央国家行政机关参照公务员法管理事业单位"",""招考职位"":""道县调查队一级科员（2）"",""职位属性"":""普通职位"",""职位分布"":""其他职位"",""职位简介"":""从事一线入户调查、数据处理、分析研究等工作。"",""职位代码"":""400110718037"",""机构层级"":""县（区）级及以下"",""考试类别"":""市（地）级及以下直属机构综合管理类"",""招考人数"":""1"",""专业"":""数学类、统计学类、计算机类（以上为专业中类）"",""学历"":""仅限本科"",""学位"":""学士"",""政治面貌"":""不限"",""基层工作最低年限"":""无限制"",""服务基层项目工作经历"":""无限制"",""是否在面试阶段组织专业能力测试"":""否"",""面试人员比例"":""3:1"",""工作地点"":""湖南省永州市道县"",""落户地点"":""湖南省永州市道县"",""备注"":""1.限2024届高校毕业生；2.需要经常在田间地头开展工作，条件比较艰苦；3.有较强的写作功底；4.本单位最低服务年限为5年（含试用期）。"",""部门网站"":""湖南国调信息网（http://www.hndc.gov.cn/）"",""咨询电话1"":""0731-85184677"",""咨询电话2"":"""",""咨询电话3"":"""",""来源Sheet"":""中央国家行政机关参照公务员法管理事业单位""}}"
"government_jobs","国家公务员2024招考简章","公务员/事业单位技术岗位","湖南省永州市宁远县","2026-07-28T09:12:58.310295+00:00","宁远调查队一级科员（1）","国家统计局湖南调查总队","","湖南省永州市宁远县","公务员/事业单位;2024;computer_software;data_ai;仅限本科;学士;数学类、统计学类、计算机类（以上为专业中类）;市（地）级及以下直属机构综合管理类","用人司局：国家统计局湖南调查总队
职位简介：从事一线入户调查、数据处理、分析研究等工作。
专业要求：数学类、统计学类、计算机类（以上为专业中类）
学历要求：仅限本科
学位要求：学士
政治面貌：不限
基层工作经历：无限制
考试类别：市（地）级及以下直属机构综合管理类
备注：1.限2024届高校毕业生；2.需要经常在田间地头开展工作，条件比较艰苦；3.有较强的写作功底；4.本单位最低服务年限为5年（含试用期）。","https://www.xuanhan.gov.cn/xxgk-show-77635.html#135118-400110718038","2023-10-15","{""dataset_year"":2024,""job_uid"":""GOV-2024-135118-400110718038"",""publisher"":""国家公务员局"",""publication_page"":""https://www.xuanhan.gov.cn/xxgk-show-77635.html"",""attachment_url"":""https://www.xuanhan.gov.cn/uploadfile/1/Attachment/638fdecf51.zip"",""local_source_file"":""中央机关及其直属机构2024年度考试录用公务员招考简章.xls"",""local_source_sha256"":""a1741b99dbecd6d03e533f99f2d69b0fa5a79733e551b80af69986ceed2ad996"",""source_sheet"":""中央国家行政机关参照公务员法管理事业单位"",""filter_version"":""government_tech_v2"",""tech_filter"":{""is_tech"":true,""is_core_tech"":true,""scope"":""core"",""categories"":[""computer_software"",""data_ai""],""matched_fields"":[""major"",""description""],""major_terms"":[""计算机类""],""role_terms"":[""数据处理""],""reason"":""tech_major_and_role""},""original"":{""部门代码"":""135118"",""部门名称"":""国家统计局湖南调查总队"",""用人司局"":""国家统计局湖南调查总队"",""机构性质"":""中央国家行政机关参照公务员法管理事业单位"",""招考职位"":""宁远调查队一级科员（1）"",""职位属性"":""普通职位"",""职位分布"":""其他职位"",""职位简介"":""从事一线入户调查、数据处理、分析研究等工作。"",""职位代码"":""400110718038"",""机构层级"":""县（区）级及以下"",""考试类别"":""市（地）级及以下直属机构综合管理类"",""招考人数"":""1"",""专业"":""数学类、统计学类、计算机类（以上为专业中类）"",""学历"":""仅限本科"",""学位"":""学士"",""政治面貌"":""不限"",""基层工作最低年限"":""无限制"",""服务基层项目工作经历"":""无限制"",""是否在面试阶段组织专业能力测试"":""否"",""面试人员比例"":""3:1"",""工作地点"":""湖南省永州市宁远县"",""落户地点"":""湖南省永州市宁远县"",""备注"":""1.限2024届高校毕业生；2.需要经常在田间地头开展工作，条件比较艰苦；3.有较强的写作功底；4.本单位最低服务年限为5年（含试用期）。"",""部门网站"":""湖南国调信息网（http://www.hndc.gov.cn/）"",""咨询电话1"":""0731-85184677"",""咨询电话2"":"""",""咨询电话3"":"""",""来源Sheet"":""中央国家行政机关参照公务员法管理事业单位""}}"
"government_jobs","国家公务员2024招考简章","公务员/事业单位技术岗位","湖南省永州市宁远县","2026-07-28T09:12:58.310295+00:00","宁远调查队一级科员（2）","国家统计局湖南调查总队","","湖南省永州市宁远县","公务员/事业单位;2024;computer_software;data_ai;仅限本科;学士;数学类、统计学类、计算机类（以上为专业中类）;市（地）级及以下直属机构综合管理类","用人司局：国家统计局湖南调查总队
职位简介：从事一线入户调查、数据处理、分析研究等工作。
专业要求：数学类、统计学类、计算机类（以上为专业中类）
学历要求：仅限本科
学位要求：学士
政治面貌：不限
基层工作经历：无限制
考试类别：市（地）级及以下直属机构综合管理类
备注：1.限2024届高校毕业生；2.需要经常在田间地头开展工作，条件比较艰苦；3.有较强的写作功底；4.本单位最低服务年限为5年（含试用期）。","https://www.xuanhan.gov.cn/xxgk-show-77635.html#135118-400110718039","2023-10-15","{""dataset_year"":2024,""job_uid"":""GOV-2024-135118-400110718039"",""publisher"":""国家公务员局"",""publication_page"":""https://www.xuanhan.gov.cn/xxgk-show-77635.html"",""attachment_url"":""https://www.xuanhan.gov.cn/uploadfile/1/Attachment/638fdecf51.zip"",""local_source_file"":""中央机关及其直属机构2024年度考试录用公务员招考简章.xls"",""local_source_sha256"":""a1741b99dbecd6d03e533f99f2d69b0fa5a79733e551b80af69986ceed2ad996"",""source_sheet"":""中央国家行政机关参照公务员法管理事业单位"",""filter_version"":""government_tech_v2"",""tech_filter"":{""is_tech"":true,""is_core_tech"":true,""scope"":""core"",""categories"":[""computer_software"",""data_ai""],""matched_fields"":[""major"",""description""],""major_terms"":[""计算机类""],""role_terms"":[""数据处理""],""reason"":""tech_major_and_role""},""original"":{""部门代码"":""135118"",""部门名称"":""国家统计局湖南调查总队"",""用人司局"":""国家统计局湖南调查总队"",""机构性质"":""中央国家行政机关参照公务员法管理事业单位"",""招考职位"":""宁远调查队一级科员（2）"",""职位属性"":""普通职位"",""职位分布"":""其他职位"",""职位简介"":""从事一线入户调查、数据处理、分析研究等工作。"",""职位代码"":""400110718039"",""机构层级"":""县（区）级及以下"",""考试类别"":""市（地）级及以下直属机构综合管理类"",""招考人数"":""1"",""专业"":""数学类、统计学类、计算机类（以上为专业中类）"",""学历"":""仅限本科"",""学位"":""学士"",""政治面貌"":""不限"",""基层工作最低年限"":""无限制"",""服务基层项目工作经历"":""无限制"",""是否在面试阶段组织专业能力测试"":""否"",""面试人员比例"":""3:1"",""工作地点"":""湖南省永州市宁远县"",""落户地点"":""湖南省永州市宁远县"",""备注"":""1.限2024届高校毕业生；2.需要经常在田间地头开展工作，条件比较艰苦；3.有较强的写作功底；4.本单位最低服务年限为5年（含试用期）。"",""部门网站"":""湖南国调信息网（http://www.hndc.gov.cn/）"",""咨询电话1"":""0731-85184677"",""咨询电话2"":"""",""咨询电话3"":"""",""来源Sheet"":""中央国家行政机关参照公务员法管理事业单位""}}"
"government_jobs","国家公务员2024招考简章","公务员/事业单位技术岗位","湖南省怀化市会同县","2026-07-28T09:12:58.310295+00:00","会同调查队一级科员","国家统计局湖南调查总队","","湖南省怀化市会同县","公务员/事业单位;2024;computer_software;data_ai;仅限本科;学士;数学类、统计学类、计算机类（以上为专业中类）;市（地）级及以下直属机构综合管理类","用人司局：国家统计局湖南调查总队
职位简介：从事一线入户调查、数据处理、分析研究等工作。
专业要求：数学类、统计学类、计算机类（以上为专业中类）
学历要求：仅限本科
学位要求：学士
政治面貌：不限
基层工作经历：无限制
考试类别：市（地）级及以下直属机构综合管理类
备注：1.限2024届高校毕业生；2.需要经常在田间地头开展工作，条件比较艰苦；3.有较强的写作功底；4.本单位最低服务年限为5年（含试用期）。","https://www.xuanhan.gov.cn/xxgk-show-77635.html#135118-400110718040","2023-10-15","{""dataset_year"":2024,""job_uid"":""GOV-2024-135118-400110718040"",""publisher"":""国家公务员局"",""publication_page"":""https://www.xuanhan.gov.cn/xxgk-show-77635.html"",""attachment_url"":""https://www.xuanhan.gov.cn/uploadfile/1/Attachment/638fdecf51.zip"",""local_source_file"":""中央机关及其直属机构2024年度考试录用公务员招考简章.xls"",""local_source_sha256"":""a1741b99dbecd6d03e533f99f2d69b0fa5a79733e551b80af69986ceed2ad996"",""source_sheet"":""中央国家行政机关参照公务员法管理事业单位"",""filter_version"":""government_tech_v2"",""tech_filter"":{""is_tech"":true,""is_core_tech"":true,""scope"":""core"",""categories"":[""computer_software"",""data_ai""],""matched_fields"":[""major"",""description""],""major_terms"":[""计算机类""],""role_terms"":[""数据处理""],""reason"":""tech_major_and_role""},""original"":{""部门代码"":""135118"",""部门名称"":""国家统计局湖南调查总队"",""用人司局"":""国家统计局湖南调查总队"",""机构性质"":""中央国家行政机关参照公务员法管理事业单位"",""招考职位"":""会同调查队一级科员"",""职位属性"":""普通职位"",""职位分布"":""其他职位"",""职位简介"":""从事一线入户调查、数据处理、分析研究等工作。"",""职位代码"":""400110718040"",""机构层级"":""县（区）级及以下"",""考试类别"":""市（地）级及以下直属机构综合管理类"",""招考人数"":""1"",""专业"":""数学类、统计学类、计算机类（以上为专业中类）"",""学历"":""仅限本科"",""学位"":""学士"",""政治面貌"":""不限"",""基层工作最低年限"":""无限制"",""服务基层项目工作经历"":""无限制"",""是否在面试阶段组织专业能力测试"":""否"",""面试人员比例"":""3:1"",""工作地点"":""湖南省怀化市会同县"",""落户地点"":""湖南省怀化市会同县"",""备注"":""1.限2024届高校毕业生；2.需要经常在田间地头开展工作，条件比较艰苦；3.有较强的写作功底；4.本单位最低服务年限为5年（含试用期）。"",""部门网站"":""湖南国调信息网（http://www.hndc.gov.cn/）"",""咨询电话1"":""0731-85184677"",""咨询电话2"":"""",""咨询电话3"":"""",""来源Sheet"":""中央国家行政机关参照公务员法管理事业单位""}}"
"government_jobs","国家公务员2024招考简章","公务员/事业单位技术岗位","湖南省娄底市涟源市","2026-07-28T09:12:58.310295+00:00","涟源调查队一级科员（1）","国家统计局湖南调查总队","","湖南省娄底市涟源市","公务员/事业单位;2024;computer_software;data_ai;仅限本科;学士;数学类、统计学类、计算机类（以上为专业中类）;市（地）级及以下直属机构综合管理类","用人司局：国家统计局湖南调查总队
职位简介：从事一线入户调查、数据处理、分析研究等工作。
专业要求：数学类、统计学类、计算机类（以上为专业中类）
学历要求：仅限本科
学位要求：学士
政治面貌：不限
基层工作经历：无限制
考试类别：市（地）级及以下直属机构综合管理类
备注：1.限2024届高校毕业生；2.需要经常在田间地头开展工作，条件比较艰苦；3.有较强的写作功底；4.本单位最低服务年限为5年（含试用期）。","https://www.xuanhan.gov.cn/xxgk-show-77635.html#135118-400110718041","2023-10-15","{""dataset_year"":2024,""job_uid"":""GOV-2024-135118-400110718041"",""publisher"":""国家公务员局"",""publication_page"":""https://www.xuanhan.gov.cn/xxgk-show-77635.html"",""attachment_url"":""https://www.xuanhan.gov.cn/uploadfile/1/Attachment/638fdecf51.zip"",""local_source_file"":""中央机关及其直属机构2024年度考试录用公务员招考简章.xls"",""local_source_sha256"":""a1741b99dbecd6d03e533f99f2d69b0fa5a79733e551b80af69986ceed2ad996"",""source_sheet"":""中央国家行政机关参照公务员法管理事业单位"",""filter_version"":""government_tech_v2"",""tech_filter"":{""is_tech"":true,""is_core_tech"":true,""scope"":""core"",""categories"":[""computer_software"",""data_ai""],""matched_fields"":[""major"",""description""],""major_terms"":[""计算机类""],""role_terms"":[""数据处理""],""reason"":""tech_major_and_role""},""original"":{""部门代码"":""135118"",""部门名称"":""国家统计局湖南调查总队"",""用人司局"":""国家统计局湖南调查总队"",""机构性质"":""中央国家行政机关参照公务员法管理事业单位"",""招考职位"":""涟源调查队一级科员（1）"",""职位属性"":""普通职位"",""职位分布"":""其他职位"",""职位简介"":""从事一线入户调查、数据处理、分析研究等工作。"",""职位代码"":""400110718041"",""机构层级"":""县（区）级及以下"",""考试类别"":""市（地）级及以下直属机构综合管理类"",""招考人数"":""1"",""专业"":""数学类、统计学类、计算机类（以上为专业中类）"",""学历"":""仅限本科"",""学位"":""学士"",""政治面貌"":""不限"",""基层工作最低年限"":""无限制"",""服务基层项目工作经历"":""无限制"",""是否在面试阶段组织专业能力测试"":""否"",""面试人员比例"":""3:1"",""工作地点"":""湖南省娄底市涟源市"",""落户地点"":""湖南省娄底市涟源市"",""备注"":""1.限2024届高校毕业生；2.需要经常在田间地头开展工作，条件比较艰苦；3.有较强的写作功底；4.本单位最低服务年限为5年（含试用期）。"",""部门网站"":""湖南国调信息网（http://www.hndc.gov.cn/）"",""咨询电话1"":""0731-85184677"",""咨询电话2"":"""",""咨询电话3"":"""",""来源Sheet"":""中央国家行政机关参照公务员法管理事业单位""}}"
"government_jobs","国家公务员2024招考简章","公务员/事业单位技术岗位","湖南省娄底市涟源市","2026-07-28T09:12:58.310295+00:00","涟源调查队一级科员（2）","国家统计局湖南调查总队","","湖南省娄底市涟源市","公务员/事业单位;2024;computer_software;data_ai;仅限本科;学士;数学类、统计学类、计算机类（以上为专业中类）;市（地）级及以下直属机构综合管理类","用人司局：国家统计局湖南调查总队
职位简介：从事一线入户调查、数据处理、分析研究等工作。
专业要求：数学类、统计学类、计算机类（以上为专业中类）
学历要求：仅限本科
学位要求：学士
政治面貌：不限
基层工作经历：无限制
考试类别：市（地）级及以下直属机构综合管理类
备注：1.限2024届高校毕业生；2.需要经常在田间地头开展工作，条件比较艰苦；3.有较强的写作功底；4.本单位最低服务年限为5年（含试用期）。","https://www.xuanhan.gov.cn/xxgk-show-77635.html#135118-400110718042","2023-10-15","{""dataset_year"":2024,""job_uid"":""GOV-2024-135118-400110718042"",""publisher"":""国家公务员局"",""publication_page"":""https://www.xuanhan.gov.cn/xxgk-show-77635.html"",""attachment_url"":""https://www.xuanhan.gov.cn/uploadfile/1/Attachment/638fdecf51.zip"",""local_source_file"":""中央机关及其直属机构2024年度考试录用公务员招考简章.xls"",""local_source_sha256"":""a1741b99dbecd6d03e533f99f2d69b0fa5a79733e551b80af69986ceed2ad996"",""source_sheet"":""中央国家行政机关参照公务员法管理事业单位"",""filter_version"":""government_tech_v2"",""tech_filter"":{""is_tech"":true,""is_core_tech"":true,""scope"":""core"",""categories"":[""computer_software"",""data_ai""],""matched_fields"":[""major"",""description""],""major_terms"":[""计算机类""],""role_terms"":[""数据处理""],""reason"":""tech_major_and_role""},""original"":{""部门代码"":""135118"",""部门名称"":""国家统计局湖南调查总队"",""用人司局"":""国家统计局湖南调查总队"",""机构性质"":""中央国家行政机关参照公务员法管理事业单位"",""招考职位"":""涟源调查队一级科员（2）"",""职位属性"":""普通职位"",""职位分布"":""其他职位"",""职位简介"":""从事一线入户调查、数据处理、分析研究等工作。"",""职位代码"":""400110718042"",""机构层级"":""县（区）级及以下"",""考试类别"":""市（地）级及以下直属机构综合管理类"",""招考人数"":""1"",""专业"":""数学类、统计学类、计算机类（以上为专业中类）"",""学历"":""仅限本科"",""学位"":""学士"",""政治面貌"":""不限"",""基层工作最低年限"":""无限制"",""服务基层项目工作经历"":""无限制"",""是否在面试阶段组织专业能力测试"":""否"",""面试人员比例"":""3:1"",""工作地点"":""湖南省娄底市涟源市"",""落户地点"":""湖南省娄底市涟源市"",""备注"":""1.限2024届高校毕业生；2.需要经常在田间地头开展工作，条件比较艰苦；3.有较强的写作功底；4.本单位最低服务年限为5年（含试用期）。"",""部门网站"":""湖南国调信息网（http://www.hndc.gov.cn/）"",""咨询电话1"":""0731-85184677"",""咨询电话2"":"""",""咨询电话3"":"""",""来源Sheet"":""中央国家行政机关参照公务员法管理事业单位""}}"
"government_jobs","国家公务员2024招考简章","公务员/事业单位技术岗位","湖南省湘西土家族苗族自治州保靖县","2026-07-28T09:12:58.310295+00:00","保靖调查队一级科员","国家统计局湖南调查总队","","湖南省湘西土家族苗族自治州保靖县","公务员/事业单位;2024;computer_software;data_ai;仅限本科;学士;数学类、统计学类、计算机类（以上为专业中类）;市（地）级及以下直属机构综合管理类","用人司局：国家统计局湖南调查总队
职位简介：从事一线入户调查、数据处理、分析研究等工作。
专业要求：数学类、统计学类、计算机类（以上为专业中类）
学历要求：仅限本科
学位要求：学士
政治面貌：不限
基层工作经历：无限制
考试类别：市（地）级及以下直属机构综合管理类
备注：1.限2024届高校毕业生；2.需要经常在田间地头开展工作，条件比较艰苦；3.有较强的写作功底；4.本单位最低服务年限为5年（含试用期）。","https://www.xuanhan.gov.cn/xxgk-show-77635.html#135118-400110718043","2023-10-15","{""dataset_year"":2024,""job_uid"":""GOV-2024-135118-400110718043"",""publisher"":""国家公务员局"",""publication_page"":""https://www.xuanhan.gov.cn/xxgk-show-77635.html"",""attachment_url"":""https://www.xuanhan.gov.cn/uploadfile/1/Attachment/638fdecf51.zip"",""local_source_file"":""中央机关及其直属机构2024年度考试录用公务员招考简章.xls"",""local_source_sha256"":""a1741b99dbecd6d03e533f99f2d69b0fa5a79733e551b80af69986ceed2ad996"",""source_sheet"":""中央国家行政机关参照公务员法管理事业单位"",""filter_version"":""government_tech_v2"",""tech_filter"":{""is_tech"":true,""is_core_tech"":true,""scope"":""core"",""categories"":[""computer_software"",""data_ai""],""matched_fields"":[""major"",""description""],""major_terms"":[""计算机类""],""role_terms"":[""数据处理""],""reason"":""tech_major_and_role""},""original"":{""部门代码"":""135118"",""部门名称"":""国家统计局湖南调查总队"",""用人司局"":""国家统计局湖南调查总队"",""机构性质"":""中央国家行政机关参照公务员法管理事业单位"",""招考职位"":""保靖调查队一级科员"",""职位属性"":""普通职位"",""职位分布"":""其他职位"",""职位简介"":""从事一线入户调查、数据处理、分析研究等工作。"",""职位代码"":""400110718043"",""机构层级"":""县（区）级及以下"",""考试类别"":""市（地）级及以下直属机构综合管理类"",""招考人数"":""1"",""专业"":""数学类、统计学类、计算机类（以上为专业中类）"",""学历"":""仅限本科"",""学位"":""学士"",""政治面貌"":""不限"",""基层工作最低年限"":""无限制"",""服务基层项目工作经历"":""无限制"",""是否在面试阶段组织专业能力测试"":""否"",""面试人员比例"":""3:1"",""工作地点"":""湖南省湘西土家族苗族自治州保靖县"",""落户地点"":""湖南省湘西土家族苗族自治州保靖县"",""备注"":""1.限2024届高校毕业生；2.需要经常在田间地头开展工作，条件比较艰苦；3.有较强的写作功底；4.本单位最低服务年限为5年（含试用期）。"",""部门网站"":""湖南国调信息网（http://www.hndc.gov.cn/）"",""咨询电话1"":""0731-85184677"",""咨询电话2"":"""",""咨询电话3"":"""",""来源Sheet"":""中央国家行政机关参照公务员法管理事业单位""}}"
"government_jobs","国家公务员2024招考简章","公务员/事业单位技术岗位","广东省广州市","2026-07-28T09:12:58.310295+00:00","广东调查总队业务处室四级主任科员（1）","国家统计局广东调查总队","","广东省广州市","公务员/事业单位;2024;computer_software;data_ai;仅限硕士研究生;硕士;数学类、计算机科学与技术类、统计学专业;中央机关及其省级直属机构综合管理类","用人司局：国家统计局广东调查总队
职位简介：从事统计调查、数据处理、统计分析、统计研究、信息化应用等工作。
专业要求：数学类、计算机科学与技术类、统计学专业
学历要求：仅限硕士研究生
学位要求：硕士
政治面貌：不限
基层工作经历：无限制
考试类别：中央机关及其省级直属机构综合管理类
备注：本单位最低服务年限为5年（含试用期）","https://www.xuanhan.gov.cn/xxgk-show-77635.html#135119-400110119002","2023-10-15","{""dataset_year"":2024,""job_uid"":""GOV-2024-135119-400110119002"",""publisher"":""国家公务员局"",""publication_page"":""https://www.xuanhan.gov.cn/xxgk-show-77635.html"",""attachment_url"":""https://www.xuanhan.gov.cn/uploadfile/1/Attachment/638fdecf51.zip"",""local_source_file"":""中央机关及其直属机构2024年度考试录用公务员招考简章.xls"",""local_source_sha256"":""a1741b99dbecd6d03e533f99f2d69b0fa5a79733e551b80af69986ceed2ad996"",""source_sheet"":""中央国家行政机关参照公务员法管理事业单位"",""filter_version"":""government_tech_v2"",""tech_filter"":{""is_tech"":true,""is_core_tech"":true,""scope"":""core"",""categories"":[""computer_software"",""data_ai""],""matched_fields"":[""major"",""description""],""major_terms"":[""计算机科学与技术""],""role_terms"":[""信息化"",""数据处理""],""reason"":""tech_major_and_role""},""original"":{""部门代码"":""135119"",""部门名称"":""国家统计局广东调查总队"",""用人司局"":""国家统计局广东调查总队"",""机构性质"":""中央国家行政机关参照公务员法管理事业单位"",""招考职位"":""广东调查总队业务处室四级主任科员（1）"",""职位属性"":""普通职位"",""职位分布"":""其他职位"",""职位简介"":""从事统计调查、数据处理、统计分析、统计研究、信息化应用等工作。"",""职位代码"":""400110119002"",""机构层级"":""省（副省）级"",""考试类别"":""中央机关及其省级直属机构综合管理类"",""招考人数"":""1"",""专业"":""数学类、计算机科学与技术类、统计学专业"",""学历"":""仅限硕士研究生"",""学位"":""硕士"",""政治面貌"":""不限"",""基层工作最低年限"":""无限制"",""服务基层项目工作经历"":""无限制"",""是否在面试阶段组织专业能力测试"":""否"",""面试人员比例"":""5:1"",""工作地点"":""广东省广州市"",""落户地点"":""广东省广州市"",""备注"":""本单位最低服务年限为5年（含试用期）"",""部门网站"":""http://gjdc.gd.gov.cn/"",""咨询电话1"":""020-83137939"",""咨询电话2"":""020-83137989"",""咨询电话3"":""020-83137984"",""来源Sheet"":""中央国家行政机关参照公务员法管理事业单位""}}"
"government_jobs","国家公务员2024招考简章","公务员/事业单位技术岗位","广东省汕头市","2026-07-28T09:12:58.310295+00:00","汕头调查队业务科室一级科员","国家统计局广东调查总队","","广东省汕头市","公务员/事业单位;2024;computer_software;data_ai;仅限本科;学士;统计学类、数学类、计算机类;市（地）级及以下直属机构综合管理类","用人司局：国家统计局广东调查总队
职位简介：从事一线入户调查、数据处理、统计分析、统计研究、信息化应用等工作
专业要求：统计学类、数学类、计算机类
学历要求：仅限本科
学位要求：学士
政治面貌：不限
基层工作经历：无限制
考试类别：市（地）级及以下直属机构综合管理类
备注：1.本单位最低服务年限为5年（含试用期）;2.仅限应届高校毕业生","https://www.xuanhan.gov.cn/xxgk-show-77635.html#135119-400110119011","2023-10-15","{""dataset_year"":2024,""job_uid"":""GOV-2024-135119-400110119011"",""publisher"":""国家公务员局"",""publication_page"":""https://www.xuanhan.gov.cn/xxgk-show-77635.html"",""attachment_url"":""https://www.xuanhan.gov.cn/uploadfile/1/Attachment/638fdecf51.zip"",""local_source_file"":""中央机关及其直属机构2024年度考试录用公务员招考简章.xls"",""local_source_sha256"":""a1741b99dbecd6d03e533f99f2d69b0fa5a79733e551b80af69986ceed2ad996"",""source_sheet"":""中央国家行政机关参照公务员法管理事业单位"",""filter_version"":""government_tech_v2"",""tech_filter"":{""is_tech"":true,""is_core_tech"":true,""scope"":""core"",""categories"":[""computer_software"",""data_ai""],""matched_fields"":[""major"",""description""],""major_terms"":[""计算机类""],""role_terms"":[""信息化"",""数据处理""],""reason"":""tech_major_and_role""},""original"":{""部门代码"":""135119"",""部门名称"":""国家统计局广东调查总队"",""用人司局"":""国家统计局广东调查总队"",""机构性质"":""中央国家行政机关参照公务员法管理事业单位"",""招考职位"":""汕头调查队业务科室一级科员"",""职位属性"":""普通职位"",""职位分布"":""其他职位"",""职位简介"":""从事一线入户调查、数据处理、统计分析、统计研究、信息化应用等工作"",""职位代码"":""400110119011"",""机构层级"":""市（地）级"",""考试类别"":""市（地）级及以下直属机构综合管理类"",""招考人数"":""1"",""专业"":""统计学类、数学类、计算机类"",""学历"":""仅限本科"",""学位"":""学士"",""政治面貌"":""不限"",""基层工作最低年限"":""无限制"",""服务基层项目工作经历"":""无限制"",""是否在面试阶段组织专业能力测试"":""否"",""面试人员比例"":""3:1"",""工作地点"":""广东省汕头市"",""落户地点"":""广东省汕头市"",""备注"":""1.本单位最低服务年限为5年（含试用期）;2.仅限应届高校毕业生"",""部门网站"":""http://gjdc.gd.gov.cn/"",""咨询电话1"":""020-83137939"",""咨询电话2"":""020-83137989"",""咨询电话3"":""020-83137984"",""来源Sheet"":""中央国家行政机关参照公务员法管理事业单位""}}"
"government_jobs","国家公务员2024招考简章","公务员/事业单位技术岗位","广东省梅州市","2026-07-28T09:12:58.310295+00:00","梅州调查队业务科室一级科员","国家统计局广东调查总队","","广东省梅州市","公务员/事业单位;2024;computer_software;data_ai;仅限本科;学士;社会学类、计算机类;市（地）级及以下直属机构综合管理类","用人司局：国家统计局广东调查总队
职位简介：从事一线入户调查、数据处理、统计分析、统计研究、信息化应用等工作
专业要求：社会学类、计算机类
学历要求：仅限本科
学位要求：学士
政治面貌：不限
基层工作经历：无限制
考试类别：市（地）级及以下直属机构综合管理类
备注：本单位最低服务年限为5年（含试用期）","https://www.xuanhan.gov.cn/xxgk-show-77635.html#135119-400110119013","2023-10-15","{""dataset_year"":2024,""job_uid"":""GOV-2024-135119-400110119013"",""publisher"":""国家公务员局"",""publication_page"":""https://www.xuanhan.gov.cn/xxgk-show-77635.html"",""attachment_url"":""https://www.xuanhan.gov.cn/uploadfile/1/Attachment/638fdecf51.zip"",""local_source_file"":""中央机关及其直属机构2024年度考试录用公务员招考简章.xls"",""local_source_sha256"":""a1741b99dbecd6d03e533f99f2d69b0fa5a79733e551b80af69986ceed2ad996"",""source_sheet"":""中央国家行政机关参照公务员法管理事业单位"",""filter_version"":""government_tech_v2"",""tech_filter"":{""is_tech"":true,""is_core_tech"":true,""scope"":""core"",""categories"":[""computer_software"",""data_ai""],""matched_fields"":[""major"",""description""],""major_terms"":[""计算机类""],""role_terms"":[""信息化"",""数据处理""],""reason"":""tech_major_and_role""},""original"":{""部门代码"":""135119"",""部门名称"":""国家统计局广东调查总队"",""用人司局"":""国家统计局广东调查总队"",""机构性质"":""中央国家行政机关参照公务员法管理事业单位"",""招考职位"":""梅州调查队业务科室一级科员"",""职位属性"":""普通职位"",""职位分布"":""其他职位"",""职位简介"":""从事一线入户调查、数据处理、统计分析、统计研究、信息化应用等工作"",""职位代码"":""400110119013"",""机构层级"":""市（地）级"",""考试类别"":""市（地）级及以下直属机构综合管理类"",""招考人数"":""1"",""专业"":""社会学类、计算机类"",""学历"":""仅限本科"",""学位"":""学士"",""政治面貌"":""不限"",""基层工作最低年限"":""无限制"",""服务基层项目工作经历"":""无限制"",""是否在面试阶段组织专业能力测试"":""否"",""面试人员比例"":""3:1"",""工作地点"":""广东省梅州市"",""落户地点"":""广东省梅州市"",""备注"":""本单位最低服务年限为5年（含试用期）"",""部门网站"":""http://gjdc.gd.gov.cn/"",""咨询电话1"":""020-83137939"",""咨询电话2"":""020-83137989"",""咨询电话3"":""020-83137984"",""来源Sheet"":""中央国家行政机关参照公务员法管理事业单位""}}"
"government_jobs","国家公务员2024招考简章","公务员/事业单位技术岗位","广东省汕尾市","2026-07-28T09:12:58.310295+00:00","汕尾调查队业务科室四级主任科员","国家统计局广东调查总队","","广东省汕尾市","公务员/事业单位;2024;computer_software;data_ai;仅限硕士研究生;硕士;计算机科学与技术类;市（地）级及以下直属机构综合管理类","用人司局：国家统计局广东调查总队
职位简介：从事一线入户调查、数据处理、统计分析、统计研究、信息化应用等工作
专业要求：计算机科学与技术类
学历要求：仅限硕士研究生
学位要求：硕士
政治面貌：不限
基层工作经历：无限制
考试类别：市（地）级及以下直属机构综合管理类
备注：本单位最低服务年限为5年（含试用期）","https://www.xuanhan.gov.cn/xxgk-show-77635.html#135119-400110119014","2023-10-15","{""dataset_year"":2024,""job_uid"":""GOV-2024-135119-400110119014"",""publisher"":""国家公务员局"",""publication_page"":""https://www.xuanhan.gov.cn/xxgk-show-77635.html"",""attachment_url"":""https://www.xuanhan.gov.cn/uploadfile/1/Attachment/638fdecf51.zip"",""local_source_file"":""中央机关及其直属机构2024年度考试录用公务员招考简章.xls"",""local_source_sha256"":""a1741b99dbecd6d03e533f99f2d69b0fa5a79733e551b80af69986ceed2ad996"",""source_sheet"":""中央国家行政机关参照公务员法管理事业单位"",""filter_version"":""government_tech_v2"",""tech_filter"":{""is_tech"":true,""is_core_tech"":true,""scope"":""core"",""categories"":[""computer_software"",""data_ai""],""matched_fields"":[""major"",""description""],""major_terms"":[""计算机科学与技术""],""role_terms"":[""信息化"",""数据处理""],""reason"":""tech_major_and_role""},""original"":{""部门代码"":""135119"",""部门名称"":""国家统计局广东调查总队"",""用人司局"":""国家统计局广东调查总队"",""机构性质"":""中央国家行政机关参照公务员法管理事业单位"",""招考职位"":""汕尾调查队业务科室四级主任科员"",""职位属性"":""普通职位"",""职位分布"":""其他职位"",""职位简介"":""从事一线入户调查、数据处理、统计分析、统计研究、信息化应用等工作"",""职位代码"":""400110119014"",""机构层级"":""市（地）级"",""考试类别"":""市（地）级及以下直属机构综合管理类"",""招考人数"":""1"",""专业"":""计算机科学与技术类"",""学历"":""仅限硕士研究生"",""学位"":""硕士"",""政治面貌"":""不限"",""基层工作最低年限"":""无限制"",""服务基层项目工作经历"":""无限制"",""是否在面试阶段组织专业能力测试"":""否"",""面试人员比例"":""3:1"",""工作地点"":""广东省汕尾市"",""落户地点"":""广东省汕尾市"",""备注"":""本单位最低服务年限为5年（含试用期）"",""部门网站"":""http://gjdc.gd.gov.cn/"",""咨询电话1"":""020-83137939"",""咨询电话2"":""020-83137989"",""咨询电话3"":""020-83137984"",""来源Sheet"":""中央国家行政机关参照公务员法管理事业单位""}}"
"government_jobs","国家公务员2024招考简章","公务员/事业单位技术岗位","广东省阳江市","2026-07-28T09:12:58.310295+00:00","阳江调查队综合法规科一级科员","国家统计局广东调查总队","","广东省阳江市","公务员/事业单位;2024;computer_software;data_ai;仅限本科;学士;计算机类、信息管理与信息系统专业、大数据管理与应用专业;市（地）级及以下直属机构综合管理类","用人司局：国家统计局广东调查总队
职位简介：从事一线统计调查、数据处理、统计分析、统计研究、信息化应用等工作。
专业要求：计算机类、信息管理与信息系统专业、大数据管理与应用专业
学历要求：仅限本科
学位要求：学士
政治面貌：不限
基层工作经历：无限制
考试类别：市（地）级及以下直属机构综合管理类
备注：本单位最低服务年限为5年（含试用期）","https://www.xuanhan.gov.cn/xxgk-show-77635.html#135119-400110119020","2023-10-15","{""dataset_year"":2024,""job_uid"":""GOV-2024-135119-400110119020"",""publisher"":""国家公务员局"",""publication_page"":""https://www.xuanhan.gov.cn/xxgk-show-77635.html"",""attachment_url"":""https://www.xuanhan.gov.cn/uploadfile/1/Attachment/638fdecf51.zip"",""local_source_file"":""中央机关及其直属机构2024年度考试录用公务员招考简章.xls"",""local_source_sha256"":""a1741b99dbecd6d03e533f99f2d69b0fa5a79733e551b80af69986ceed2ad996"",""source_sheet"":""中央国家行政机关参照公务员法管理事业单位"",""filter_version"":""government_tech_v2"",""tech_filter"":{""is_tech"":true,""is_core_tech"":true,""scope"":""core"",""categories"":[""computer_software"",""data_ai""],""matched_fields"":[""major"",""description""],""major_terms"":[""大数据"",""计算机类""],""role_terms"":[""信息化"",""数据处理""],""reason"":""tech_major_and_role""},""original"":{""部门代码"":""135119"",""部门名称"":""国家统计局广东调查总队"",""用人司局"":""国家统计局广东调查总队"",""机构性质"":""中央国家行政机关参照公务员法管理事业单位"",""招考职位"":""阳江调查队综合法规科一级科员"",""职位属性"":""普通职位"",""职位分布"":""其他职位"",""职位简介"":""从事一线统计调查、数据处理、统计分析、统计研究、信息化应用等工作。"",""职位代码"":""400110119020"",""机构层级"":""市（地）级"",""考试类别"":""市（地）级及以下直属机构综合管理类"",""招考人数"":""1"",""专业"":""计算机类、信息管理与信息系统专业、大数据管理与应用专业"",""学历"":""仅限本科"",""学位"":""学士"",""政治面貌"":""不限"",""基层工作最低年限"":""无限制"",""服务基层项目工作经历"":""无限制"",""是否在面试阶段组织专业能力测试"":""否"",""面试人员比例"":""3:1"",""工作地点"":""广东省阳江市"",""落户地点"":""广东省阳江市"",""备注"":""本单位最低服务年限为5年（含试用期）"",""部门网站"":""http://gjdc.gd.gov.cn/"",""咨询电话1"":""020-83137939"",""咨询电话2"":""020-83137989"",""咨询电话3"":""020-83137984"",""来源Sheet"":""中央国家行政机关参照公务员法管理事业单位""}}"
"government_jobs","国家公务员2024招考简章","公务员/事业单位技术岗位","广东省肇庆市","2026-07-28T09:12:58.310295+00:00","肇庆调查队业务科室一级科员","国家统计局广东调查总队","","广东省肇庆市","公务员/事业单位;2024;computer_software;data_ai;仅限本科;学士;计算机类、信息管理与信息系统专业;市（地）级及以下直属机构综合管理类","用人司局：国家统计局广东调查总队
职位简介：从事一线入户调查、数据处理、统计分析、统计研究、信息化应用等工作
专业要求：计算机类、信息管理与信息系统专业
学历要求：仅限本科
学位要求：学士
政治面貌：不限
基层工作经历：无限制
考试类别：市（地）级及以下直属机构综合管理类
备注：本单位最低服务年限为5年（含试用期）","https://www.xuanhan.gov.cn/xxgk-show-77635.html#135119-400110119022","2023-10-15","{""dataset_year"":2024,""job_uid"":""GOV-2024-135119-400110119022"",""publisher"":""国家公务员局"",""publication_page"":""https://www.xuanhan.gov.cn/xxgk-show-77635.html"",""attachment_url"":""https://www.xuanhan.gov.cn/uploadfile/1/Attachment/638fdecf51.zip"",""local_source_file"":""中央机关及其直属机构2024年度考试录用公务员招考简章.xls"",""local_source_sha256"":""a1741b99dbecd6d03e533f99f2d69b0fa5a79733e551b80af69986ceed2ad996"",""source_sheet"":""中央国家行政机关参照公务员法管理事业单位"",""filter_version"":""government_tech_v2"",""tech_filter"":{""is_tech"":true,""is_core_tech"":true,""scope"":""core"",""categories"":[""computer_software"",""data_ai""],""matched_fields"":[""major"",""description""],""major_terms"":[""计算机类""],""role_terms"":[""信息化"",""数据处理""],""reason"":""tech_major_and_role""},""original"":{""部门代码"":""135119"",""部门名称"":""国家统计局广东调查总队"",""用人司局"":""国家统计局广东调查总队"",""机构性质"":""中央国家行政机关参照公务员法管理事业单位"",""招考职位"":""肇庆调查队业务科室一级科员"",""职位属性"":""普通职位"",""职位分布"":""其他职位"",""职位简介"":""从事一线入户调查、数据处理、统计分析、统计研究、信息化应用等工作"",""职位代码"":""400110119022"",""机构层级"":""市（地）级"",""考试类别"":""市（地）级及以下直属机构综合管理类"",""招考人数"":""1"",""专业"":""计算机类、信息管理与信息系统专业"",""学历"":""仅限本科"",""学位"":""学士"",""政治面貌"":""不限"",""基层工作最低年限"":""无限制"",""服务基层项目工作经历"":""无限制"",""是否在面试阶段组织专业能力测试"":""否"",""面试人员比例"":""3:1"",""工作地点"":""广东省肇庆市"",""落户地点"":""广东省肇庆市"",""备注"":""本单位最低服务年限为5年（含试用期）"",""部门网站"":""http://gjdc.gd.gov.cn/"",""咨询电话1"":""020-83137939"",""咨询电话2"":""020-83137989"",""咨询电话3"":""020-83137984"",""来源Sheet"":""中央国家行政机关参照公务员法管理事业单位""}}"
"government_jobs","国家公务员2024招考简章","公务员/事业单位技术岗位","广东省清远市","2026-07-28T09:12:58.310295+00:00","清远调查队业务科室一级科员","国家统计局广东调查总队","","广东省清远市","公务员/事业单位;2024;computer_software;data_ai;仅限本科;学士;计算机类;市（地）级及以下直属机构综合管理类","用人司局：国家统计局广东调查总队
职位简介：从事一线入户调查、数据处理、统计分析、统计研究、信息化应用等工作
专业要求：计算机类
学历要求：仅限本科
学位要求：学士
政治面貌：不限
基层工作经历：无限制
考试类别：市（地）级及以下直属机构综合管理类
备注：本单位最低服务年限为5年（含试用期）","https://www.xuanhan.gov.cn/xxgk-show-77635.html#135119-400110119023","2023-10-15","{""dataset_year"":2024,""job_uid"":""GOV-2024-135119-400110119023"",""publisher"":""国家公务员局"",""publication_page"":""https://www.xuanhan.gov.cn/xxgk-show-77635.html"",""attachment_url"":""https://www.xuanhan.gov.cn/uploadfile/1/Attachment/638fdecf51.zip"",""local_source_file"":""中央机关及其直属机构2024年度考试录用公务员招考简章.xls"",""local_source_sha256"":""a1741b99dbecd6d03e533f99f2d69b0fa5a79733e551b80af69986ceed2ad996"",""source_sheet"":""中央国家行政机关参照公务员法管理事业单位"",""filter_version"":""government_tech_v2"",""tech_filter"":{""is_tech"":true,""is_core_tech"":true,""scope"":""core"",""categories"":[""computer_software"",""data_ai""],""matched_fields"":[""major"",""description""],""major_terms"":[""计算机类""],""role_terms"":[""信息化"",""数据处理""],""reason"":""tech_major_and_role""},""original"":{""部门代码"":""135119"",""部门名称"":""国家统计局广东调查总队"",""用人司局"":""国家统计局广东调查总队"",""机构性质"":""中央国家行政机关参照公务员法管理事业单位"",""招考职位"":""清远调查队业务科室一级科员"",""职位属性"":""普通职位"",""职位分布"":""其他职位"",""职位简介"":""从事一线入户调查、数据处理、统计分析、统计研究、信息化应用等工作"",""职位代码"":""400110119023"",""机构层级"":""市（地）级"",""考试类别"":""市（地）级及以下直属机构综合管理类"",""招考人数"":""1"",""专业"":""计算机类"",""学历"":""仅限本科"",""学位"":""学士"",""政治面貌"":""不限"",""基层工作最低年限"":""无限制"",""服务基层项目工作经历"":""无限制"",""是否在面试阶段组织专业能力测试"":""否"",""面试人员比例"":""3:1"",""工作地点"":""广东省清远市"",""落户地点"":""广东省清远市"",""备注"":""本单位最低服务年限为5年（含试用期）"",""部门网站"":""http://gjdc.gd.gov.cn/"",""咨询电话1"":""020-83137939"",""咨询电话2"":""020-83137989"",""咨询电话3"":""020-83137984"",""来源Sheet"":""中央国家行政机关参照公务员法管理事业单位""}}"
"government_jobs","国家公务员2024招考简章","公务员/事业单位技术岗位","广东省河源市东源县","2026-07-28T09:12:58.310295+00:00","东源调查队一级科员","国家统计局广东调查总队","","广东省河源市东源县","公务员/事业单位;2024;computer_software;data_ai;仅限本科;学士;经济学类、 统计学类、社会学类、计算机类;市（地）级及以下直属机构综合管理类","用人司局：国家统计局广东调查总队
职位简介：从事一线入户调查、数据处理、统计分析、统计研究、信息化应用等工作
专业要求：经济学类、 统计学类、社会学类、计算机类
学历要求：仅限本科
学位要求：学士
政治面貌：不限
基层工作经历：无限制
考试类别：市（地）级及以下直属机构综合管理类
备注：本单位最低服务年限为5年（含试用期）","https://www.xuanhan.gov.cn/xxgk-show-77635.html#135119-400110119031","2023-10-15","{""dataset_year"":2024,""job_uid"":""GOV-2024-135119-400110119031"",""publisher"":""国家公务员局"",""publication_page"":""https://www.xuanhan.gov.cn/xxgk-show-77635.html"",""attachment_url"":""https://www.xuanhan.gov.cn/uploadfile/1/Attachment/638fdecf51.zip"",""local_source_file"":""中央机关及其直属机构2024年度考试录用公务员招考简章.xls"",""local_source_sha256"":""a1741b99dbecd6d03e533f99f2d69b0fa5a79733e551b80af69986ceed2ad996"",""source_sheet"":""中央国家行政机关参照公务员法管理事业单位"",""filter_version"":""government_tech_v2"",""tech_filter"":{""is_tech"":true,""is_core_tech"":true,""scope"":""core"",""categories"":[""computer_software"",""data_ai""],""matched_fields"":[""major"",""description""],""major_terms"":[""计算机类""],""role_terms"":[""信息化"",""数据处理""],""reason"":""tech_major_and_role""},""original"":{""部门代码"":""135119"",""部门名称"":""国家统计局广东调查总队"",""用人司局"":""国家统计局广东调查总队"",""机构性质"":""中央国家行政机关参照公务员法管理事业单位"",""招考职位"":""东源调查队一级科员"",""职位属性"":""普通职位"",""职位分布"":""其他职位"",""职位简介"":""从事一线入户调查、数据处理、统计分析、统计研究、信息化应用等工作"",""职位代码"":""400110119031"",""机构层级"":""县（区）级及以下"",""考试类别"":""市（地）级及以下直属机构综合管理类"",""招考人数"":""1"",""专业"":""经济学类、 统计学类、社会学类、计算机类"",""学历"":""仅限本科"",""学位"":""学士"",""政治面貌"":""不限"",""基层工作最低年限"":""无限制"",""服务基层项目工作经历"":""无限制"",""是否在面试阶段组织专业能力测试"":""否"",""面试人员比例"":""3:1"",""工作地点"":""广东省河源市东源县"",""落户地点"":""广东省河源市东源县"",""备注"":""本单位最低服务年限为5年（含试用期）"",""部门网站"":""http://gjdc.gd.gov.cn/"",""咨询电话1"":""020-83137939"",""咨询电话2"":""020-83137989"",""咨询电话3"":""020-83137984"",""来源Sheet"":""中央国家行政机关参照公务员法管理事业单位""}}"
"government_jobs","国家公务员2024招考简章","公务员/事业单位技术岗位","广东省河源市连平县","2026-07-28T09:12:58.310295+00:00","连平调查队一级科员（2）","国家统计局广东调查总队","","广东省河源市连平县","公务员/事业单位;2024;computer_software;data_ai;仅限本科;学士;计算机类、经济学类、统计学类、汉语言文学专业;市（地）级及以下直属机构综合管理类","用人司局：国家统计局广东调查总队
职位简介：从事一线入户调查、数据处理、统计分析、统计研究、信息化应用、统计宣传等工作
专业要求：计算机类、经济学类、统计学类、汉语言文学专业
学历要求：仅限本科
学位要求：学士
政治面貌：中共党员
基层工作经历：二年
考试类别：市（地）级及以下直属机构综合管理类
备注：1.本单位最低服务年限为5年（含试用期）；2.试用期满且考核合格。","https://www.xuanhan.gov.cn/xxgk-show-77635.html#135119-400110119033","2023-10-15","{""dataset_year"":2024,""job_uid"":""GOV-2024-135119-400110119033"",""publisher"":""国家公务员局"",""publication_page"":""https://www.xuanhan.gov.cn/xxgk-show-77635.html"",""attachment_url"":""https://www.xuanhan.gov.cn/uploadfile/1/Attachment/638fdecf51.zip"",""local_source_file"":""中央机关及其直属机构2024年度考试录用公务员招考简章.xls"",""local_source_sha256"":""a1741b99dbecd6d03e533f99f2d69b0fa5a79733e551b80af69986ceed2ad996"",""source_sheet"":""中央国家行政机关参照公务员法管理事业单位"",""filter_version"":""government_tech_v2"",""tech_filter"":{""is_tech"":true,""is_core_tech"":true,""scope"":""core"",""categories"":[""computer_software"",""data_ai""],""matched_fields"":[""major"",""description""],""major_terms"":[""计算机类""],""role_terms"":[""信息化"",""数据处理""],""reason"":""tech_major_and_role""},""original"":{""部门代码"":""135119"",""部门名称"":""国家统计局广东调查总队"",""用人司局"":""国家统计局广东调查总队"",""机构性质"":""中央国家行政机关参照公务员法管理事业单位"",""招考职位"":""连平调查队一级科员（2）"",""职位属性"":""普通职位"",""职位分布"":""其他职位"",""职位简介"":""从事一线入户调查、数据处理、统计分析、统计研究、信息化应用、统计宣传等工作"",""职位代码"":""400110119033"",""机构层级"":""县（区）级及以下"",""考试类别"":""市（地）级及以下直属机构综合管理类"",""招考人数"":""1"",""专业"":""计算机类、经济学类、统计学类、汉语言文学专业"",""学历"":""仅限本科"",""学位"":""学士"",""政治面貌"":""中共党员"",""基层工作最低年限"":""二年"",""服务基层项目工作经历"":""大学生村官"",""是否在面试阶段组织专业能力测试"":""否"",""面试人员比例"":""3:1"",""工作地点"":""广东省河源市连平县"",""落户地点"":""广东省河源市连平县"",""备注"":""1.本单位最低服务年限为5年（含试用期）；2.试用期满且考核合格。"",""部门网站"":""http://gjdc.gd.gov.cn/"",""咨询电话1"":""020-83137939"",""咨询电话2"":""020-83137989"",""咨询电话3"":""020-83137984"",""来源Sheet"":""中央国家行政机关参照公务员法管理事业单位""}}"
"government_jobs","国家公务员2024招考简章","公务员/事业单位技术岗位","广东省梅州市大埔县","2026-07-28T09:12:58.310295+00:00","大埔调查队一级科员（1）","国家统计局广东调查总队","","广东省梅州市大埔县","公务员/事业单位;2024;computer_software;data_ai;仅限本科;学士;计算机类、经济学类、统计学类;市（地）级及以下直属机构综合管理类","用人司局：国家统计局广东调查总队
职位简介：从事一线入户调查、数据处理、统计分析、统计研究、信息化应用等工作
专业要求：计算机类、经济学类、统计学类
学历要求：仅限本科
学位要求：学士
政治面貌：不限
基层工作经历：无限制
考试类别：市（地）级及以下直属机构综合管理类
备注：本单位最低服务年限为5年（含试用期）","https://www.xuanhan.gov.cn/xxgk-show-77635.html#135119-400110119034","2023-10-15","{""dataset_year"":2024,""job_uid"":""GOV-2024-135119-400110119034"",""publisher"":""国家公务员局"",""publication_page"":""https://www.xuanhan.gov.cn/xxgk-show-77635.html"",""attachment_url"":""https://www.xuanhan.gov.cn/uploadfile/1/Attachment/638fdecf51.zip"",""local_source_file"":""中央机关及其直属机构2024年度考试录用公务员招考简章.xls"",""local_source_sha256"":""a1741b99dbecd6d03e533f99f2d69b0fa5a79733e551b80af69986ceed2ad996"",""source_sheet"":""中央国家行政机关参照公务员法管理事业单位"",""filter_version"":""government_tech_v2"",""tech_filter"":{""is_tech"":true,""is_core_tech"":true,""scope"":""core"",""categories"":[""computer_software"",""data_ai""],""matched_fields"":[""major"",""description""],""major_terms"":[""计算机类""],""role_terms"":[""信息化"",""数据处理""],""reason"":""tech_major_and_role""},""original"":{""部门代码"":""135119"",""部门名称"":""国家统计局广东调查总队"",""用人司局"":""国家统计局广东调查总队"",""机构性质"":""中央国家行政机关参照公务员法管理事业单位"",""招考职位"":""大埔调查队一级科员（1）"",""职位属性"":""普通职位"",""职位分布"":""其他职位"",""职位简介"":""从事一线入户调查、数据处理、统计分析、统计研究、信息化应用等工作"",""职位代码"":""400110119034"",""机构层级"":""县（区）级及以下"",""考试类别"":""市（地）级及以下直属机构综合管理类"",""招考人数"":""1"",""专业"":""计算机类、经济学类、统计学类"",""学历"":""仅限本科"",""学位"":""学士"",""政治面貌"":""不限"",""基层工作最低年限"":""无限制"",""服务基层项目工作经历"":""无限制"",""是否在面试阶段组织专业能力测试"":""否"",""面试人员比例"":""3:1"",""工作地点"":""广东省梅州市大埔县"",""落户地点"":""广东省梅州市大埔县"",""备注"":""本单位最低服务年限为5年（含试用期）"",""部门网站"":""http://gjdc.gd.gov.cn/"",""咨询电话1"":""020-83137939"",""咨询电话2"":""020-83137989"",""咨询电话3"":""020-83137984"",""来源Sheet"":""中央国家行政机关参照公务员法管理事业单位""}}"
"government_jobs","国家公务员2024招考简章","公务员/事业单位技术岗位","广东省梅州市大埔县","2026-07-28T09:12:58.310295+00:00","大埔调查队一级科员（2）","国家统计局广东调查总队","","广东省梅州市大埔县","公务员/事业单位;2024;computer_software;data_ai;仅限本科;学士;计算机类、经济学类、统计学类、汉语言文学专业;市（地）级及以下直属机构综合管理类","用人司局：国家统计局广东调查总队
职位简介：从事一线入户调查、数据处理、统计分析、统计研究、信息化应用、统计宣传等工作
专业要求：计算机类、经济学类、统计学类、汉语言文学专业
学历要求：仅限本科
学位要求：学士
政治面貌：中共党员
基层工作经历：二年
考试类别：市（地）级及以下直属机构综合管理类
备注：1.本单位最低服务年限为5年（含试用期）；2.试用期满且考核合格。","https://www.xuanhan.gov.cn/xxgk-show-77635.html#135119-400110119035","2023-10-15","{""dataset_year"":2024,""job_uid"":""GOV-2024-135119-400110119035"",""publisher"":""国家公务员局"",""publication_page"":""https://www.xuanhan.gov.cn/xxgk-show-77635.html"",""attachment_url"":""https://www.xuanhan.gov.cn/uploadfile/1/Attachment/638fdecf51.zip"",""local_source_file"":""中央机关及其直属机构2024年度考试录用公务员招考简章.xls"",""local_source_sha256"":""a1741b99dbecd6d03e533f99f2d69b0fa5a79733e551b80af69986ceed2ad996"",""source_sheet"":""中央国家行政机关参照公务员法管理事业单位"",""filter_version"":""government_tech_v2"",""tech_filter"":{""is_tech"":true,""is_core_tech"":true,""scope"":""core"",""categories"":[""computer_software"",""data_ai""],""matched_fields"":[""major"",""description""],""major_terms"":[""计算机类""],""role_terms"":[""信息化"",""数据处理""],""reason"":""tech_major_and_role""},""original"":{""部门代码"":""135119"",""部门名称"":""国家统计局广东调查总队"",""用人司局"":""国家统计局广东调查总队"",""机构性质"":""中央国家行政机关参照公务员法管理事业单位"",""招考职位"":""大埔调查队一级科员（2）"",""职位属性"":""普通职位"",""职位分布"":""其他职位"",""职位简介"":""从事一线入户调查、数据处理、统计分析、统计研究、信息化应用、统计宣传等工作"",""职位代码"":""400110119035"",""机构层级"":""县（区）级及以下"",""考试类别"":""市（地）级及以下直属机构综合管理类"",""招考人数"":""1"",""专业"":""计算机类、经济学类、统计学类、汉语言文学专业"",""学历"":""仅限本科"",""学位"":""学士"",""政治面貌"":""中共党员"",""基层工作最低年限"":""二年"",""服务基层项目工作经历"":""大学生村官"",""是否在面试阶段组织专业能力测试"":""否"",""面试人员比例"":""3:1"",""工作地点"":""广东省梅州市大埔县"",""落户地点"":""广东省梅州市大埔县"",""备注"":""1.本单位最低服务年限为5年（含试用期）；2.试用期满且考核合格。"",""部门网站"":""http://gjdc.gd.gov.cn/"",""咨询电话1"":""020-83137939"",""咨询电话2"":""020-83137989"",""咨询电话3"":""020-83137984"",""来源Sheet"":""中央国家行政机关参照公务员法管理事业单位""}}"
"government_jobs","国家公务员2024招考简章","公务员/事业单位技术岗位","广东省汕尾市陆丰市","2026-07-28T09:12:58.310295+00:00","陆丰调查队一级科员","国家统计局广东调查总队","","广东省汕尾市陆丰市","公务员/事业单位;2024;computer_software;data_ai;仅限本科;学士;统计学类、经济学类、社会学类、计算机类、中国语言文学类;市（地）级及以下直属机构综合管理类","用人司局：国家统计局广东调查总队
职位简介：从事一线入户调查、数据处理、统计分析、统计研究、信息化应用、统计宣传等工作
专业要求：统计学类、经济学类、社会学类、计算机类、中国语言文学类
学历要求：仅限本科
学位要求：学士
政治面貌：不限
基层工作经历：无限制
考试类别：市（地）级及以下直属机构综合管理类
备注：本单位最低服务年限为5年（含试用期）","https://www.xuanhan.gov.cn/xxgk-show-77635.html#135119-400110119037","2023-10-15","{""dataset_year"":2024,""job_uid"":""GOV-2024-135119-400110119037"",""publisher"":""国家公务员局"",""publication_page"":""https://www.xuanhan.gov.cn/xxgk-show-77635.html"",""attachment_url"":""https://www.xuanhan.gov.cn/uploadfile/1/Attachment/638fdecf51.zip"",""local_source_file"":""中央机关及其直属机构2024年度考试录用公务员招考简章.xls"",""local_source_sha256"":""a1741b99dbecd6d03e533f99f2d69b0fa5a79733e551b80af69986ceed2ad996"",""source_sheet"":""中央国家行政机关参照公务员法管理事业单位"",""filter_version"":""government_tech_v2"",""tech_filter"":{""is_tech"":true,""is_core_tech"":true,""scope"":""core"",""categories"":[""computer_software"",""data_ai""],""matched_fields"":[""major"",""description""],""major_terms"":[""计算机类""],""role_terms"":[""信息化"",""数据处理""],""reason"":""tech_major_and_role""},""original"":{""部门代码"":""135119"",""部门名称"":""国家统计局广东调查总队"",""用人司局"":""国家统计局广东调查总队"",""机构性质"":""中央国家行政机关参照公务员法管理事业单位"",""招考职位"":""陆丰调查队一级科员"",""职位属性"":""普通职位"",""职位分布"":""其他职位"",""职位简介"":""从事一线入户调查、数据处理、统计分析、统计研究、信息化应用、统计宣传等工作"",""职位代码"":""400110119037"",""机构层级"":""县（区）级及以下"",""考试类别"":""市（地）级及以下直属机构综合管理类"",""招考人数"":""1"",""专业"":""统计学类、经济学类、社会学类、计算机类、中国语言文学类"",""学历"":""仅限本科"",""学位"":""学士"",""政治面貌"":""不限"",""基层工作最低年限"":""无限制"",""服务基层项目工作经历"":""无限制"",""是否在面试阶段组织专业能力测试"":""否"",""面试人员比例"":""3:1"",""工作地点"":""广东省汕尾市陆丰市"",""落户地点"":""广东省汕尾市陆丰市"",""备注"":""本单位最低服务年限为5年（含试用期）"",""部门网站"":""http://gjdc.gd.gov.cn/"",""咨询电话1"":""020-83137939"",""咨询电话2"":""020-83137989"",""咨询电话3"":""020-83137984"",""来源Sheet"":""中央国家行政机关参照公务员法管理事业单位""}}"
"government_jobs","国家公务员2024招考简章","公务员/事业单位技术岗位","广东省阳江市阳春市","2026-07-28T09:12:58.310295+00:00","阳春调查队经济调查股一级科员","国家统计局广东调查总队","","广东省阳江市阳春市","公务员/事业单位;2024;computer_software;data_ai;仅限本科;学士;计算机类;市（地）级及以下直属机构综合管理类","用人司局：国家统计局广东调查总队
职位简介：从事一线入户调查、数据处理、统计分析、统计研究、信息化应用等工作
专业要求：计算机类
学历要求：仅限本科
学位要求：学士
政治面貌：不限
基层工作经历：无限制
考试类别：市（地）级及以下直属机构综合管理类
备注：1.本单位最低服务年限为5年（含试用期）;2.仅限应届高校毕业生","https://www.xuanhan.gov.cn/xxgk-show-77635.html#135119-400110119039","2023-10-15","{""dataset_year"":2024,""job_uid"":""GOV-2024-135119-400110119039"",""publisher"":""国家公务员局"",""publication_page"":""https://www.xuanhan.gov.cn/xxgk-show-77635.html"",""attachment_url"":""https://www.xuanhan.gov.cn/uploadfile/1/Attachment/638fdecf51.zip"",""local_source_file"":""中央机关及其直属机构2024年度考试录用公务员招考简章.xls"",""local_source_sha256"":""a1741b99dbecd6d03e533f99f2d69b0fa5a79733e551b80af69986ceed2ad996"",""source_sheet"":""中央国家行政机关参照公务员法管理事业单位"",""filter_version"":""government_tech_v2"",""tech_filter"":{""is_tech"":true,""is_core_tech"":true,""scope"":""core"",""categories"":[""computer_software"",""data_ai""],""matched_fields"":[""major"",""description""],""major_terms"":[""计算机类""],""role_terms"":[""信息化"",""数据处理""],""reason"":""tech_major_and_role""},""original"":{""部门代码"":""135119"",""部门名称"":""国家统计局广东调查总队"",""用人司局"":""国家统计局广东调查总队"",""机构性质"":""中央国家行政机关参照公务员法管理事业单位"",""招考职位"":""阳春调查队经济调查股一级科员"",""职位属性"":""普通职位"",""职位分布"":""其他职位"",""职位简介"":""从事一线入户调查、数据处理、统计分析、统计研究、信息化应用等工作"",""职位代码"":""400110119039"",""机构层级"":""县（区）级及以下"",""考试类别"":""市（地）级及以下直属机构综合管理类"",""招考人数"":""1"",""专业"":""计算机类"",""学历"":""仅限本科"",""学位"":""学士"",""政治面貌"":""不限"",""基层工作最低年限"":""无限制"",""服务基层项目工作经历"":""无限制"",""是否在面试阶段组织专业能力测试"":""否"",""面试人员比例"":""3:1"",""工作地点"":""广东省阳江市阳春市"",""落户地点"":""广东省阳江市阳春市"",""备注"":""1.本单位最低服务年限为5年（含试用期）;2.仅限应届高校毕业生"",""部门网站"":""http://gjdc.gd.gov.cn/"",""咨询电话1"":""020-83137939"",""咨询电话2"":""020-83137989"",""咨询电话3"":""020-83137984"",""来源Sheet"":""中央国家行政机关参照公务员法管理事业单位""}}"
"government_jobs","国家公务员2024招考简章","公务员/事业单位技术岗位","广东省阳江市阳春市","2026-07-28T09:12:58.310295+00:00","阳春调查队住户和价格调查股一级科员","国家统计局广东调查总队","","广东省阳江市阳春市","公务员/事业单位;2024;computer_software;data_ai;仅限本科;学士;计算机类、经济学类、统计学类、汉语言文学专业;市（地）级及以下直属机构综合管理类","用人司局：国家统计局广东调查总队
职位简介：从事一线入户调查、数据处理、统计分析、统计研究、信息化应用、统计宣传等工作
专业要求：计算机类、经济学类、统计学类、汉语言文学专业
学历要求：仅限本科
学位要求：学士
政治面貌：中共党员
基层工作经历：二年
考试类别：市（地）级及以下直属机构综合管理类
备注：1.本单位最低服务年限为5年（含试用期）；2.试用期满且考核合格。","https://www.xuanhan.gov.cn/xxgk-show-77635.html#135119-400110119040","2023-10-15","{""dataset_year"":2024,""job_uid"":""GOV-2024-135119-400110119040"",""publisher"":""国家公务员局"",""publication_page"":""https://www.xuanhan.gov.cn/xxgk-show-77635.html"",""attachment_url"":""https://www.xuanhan.gov.cn/uploadfile/1/Attachment/638fdecf51.zip"",""local_source_file"":""中央机关及其直属机构2024年度考试录用公务员招考简章.xls"",""local_source_sha256"":""a1741b99dbecd6d03e533f99f2d69b0fa5a79733e551b80af69986ceed2ad996"",""source_sheet"":""中央国家行政机关参照公务员法管理事业单位"",""filter_version"":""government_tech_v2"",""tech_filter"":{""is_tech"":true,""is_core_tech"":true,""scope"":""core"",""categories"":[""computer_software"",""data_ai""],""matched_fields"":[""major"",""description""],""major_terms"":[""计算机类""],""role_terms"":[""信息化"",""数据处理""],""reason"":""tech_major_and_role""},""original"":{""部门代码"":""135119"",""部门名称"":""国家统计局广东调查总队"",""用人司局"":""国家统计局广东调查总队"",""机构性质"":""中央国家行政机关参照公务员法管理事业单位"",""招考职位"":""阳春调查队住户和价格调查股一级科员"",""职位属性"":""普通职位"",""职位分布"":""其他职位"",""职位简介"":""从事一线入户调查、数据处理、统计分析、统计研究、信息化应用、统计宣传等工作"",""职位代码"":""400110119040"",""机构层级"":""县（区）级及以下"",""考试类别"":""市（地）级及以下直属机构综合管理类"",""招考人数"":""1"",""专业"":""计算机类、经济学类、统计学类、汉语言文学专业"",""学历"":""仅限本科"",""学位"":""学士"",""政治面貌"":""中共党员"",""基层工作最低年限"":""二年"",""服务基层项目工作经历"":""大学生村官"",""是否在面试阶段组织专业能力测试"":""否"",""面试人员比例"":""3:1"",""工作地点"":""广东省阳江市阳春市"",""落户地点"":""广东省阳江市阳春市"",""备注"":""1.本单位最低服务年限为5年（含试用期）；2.试用期满且考核合格。"",""部门网站"":""http://gjdc.gd.gov.cn/"",""咨询电话1"":""020-83137939"",""咨询电话2"":""020-83137989"",""咨询电话3"":""020-83137984"",""来源Sheet"":""中央国家行政机关参照公务员法管理事业单位""}}"
"government_jobs","国家公务员2024招考简章","公务员/事业单位技术岗位","广东省湛江市雷州市","2026-07-28T09:12:58.310295+00:00","雷州调查队业务股室一级科员（1）","国家统计局广东调查总队","","广东省湛江市雷州市","公务员/事业单位;2024;computer_software;data_ai;仅限本科;学士;统计学类、经济学专业、计算机类、经济统计学专业、社会学专业、汉语言文学专业;市（地）级及以下直属机构综合管理类","用人司局：国家统计局广东调查总队
职位简介：从事一线入户调查、数据处理、统计分析、统计研究、信息化应用、统计宣传等工作
专业要求：统计学类、经济学专业、计算机类、经济统计学专业、社会学专业、汉语言文学专业
学历要求：仅限本科
学位要求：学士
政治面貌：不限
基层工作经历：无限制
考试类别：市（地）级及以下直属机构综合管理类
备注：本单位最低服务年限为5年（含试用期）","https://www.xuanhan.gov.cn/xxgk-show-77635.html#135119-400110119041","2023-10-15","{""dataset_year"":2024,""job_uid"":""GOV-2024-135119-400110119041"",""publisher"":""国家公务员局"",""publication_page"":""https://www.xuanhan.gov.cn/xxgk-show-77635.html"",""attachment_url"":""https://www.xuanhan.gov.cn/uploadfile/1/Attachment/638fdecf51.zip"",""local_source_file"":""中央机关及其直属机构2024年度考试录用公务员招考简章.xls"",""local_source_sha256"":""a1741b99dbecd6d03e533f99f2d69b0fa5a79733e551b80af69986ceed2ad996"",""source_sheet"":""中央国家行政机关参照公务员法管理事业单位"",""filter_version"":""government_tech_v2"",""tech_filter"":{""is_tech"":true,""is_core_tech"":true,""scope"":""core"",""categories"":[""computer_software"",""data_ai""],""matched_fields"":[""major"",""description""],""major_terms"":[""计算机类""],""role_terms"":[""信息化"",""数据处理""],""reason"":""tech_major_and_role""},""original"":{""部门代码"":""135119"",""部门名称"":""国家统计局广东调查总队"",""用人司局"":""国家统计局广东调查总队"",""机构性质"":""中央国家行政机关参照公务员法管理事业单位"",""招考职位"":""雷州调查队业务股室一级科员（1）"",""职位属性"":""普通职位"",""职位分布"":""其他职位"",""职位简介"":""从事一线入户调查、数据处理、统计分析、统计研究、信息化应用、统计宣传等工作"",""职位代码"":""400110119041"",""机构层级"":""县（区）级及以下"",""考试类别"":""市（地）级及以下直属机构综合管理类"",""招考人数"":""1"",""专业"":""统计学类、经济学专业、计算机类、经济统计学专业、社会学专业、汉语言文学专业"",""学历"":""仅限本科"",""学位"":""学士"",""政治面貌"":""不限"",""基层工作最低年限"":""无限制"",""服务基层项目工作经历"":""无限制"",""是否在面试阶段组织专业能力测试"":""否"",""面试人员比例"":""3:1"",""工作地点"":""广东省湛江市雷州市"",""落户地点"":""广东省湛江市雷州市"",""备注"":""本单位最低服务年限为5年（含试用期）"",""部门网站"":""http://gjdc.gd.gov.cn/"",""咨询电话1"":""020-83137939"",""咨询电话2"":""020-83137989"",""咨询电话3"":""020-83137984"",""来源Sheet"":""中央国家行政机关参照公务员法管理事业单位""}}"
"government_jobs","国家公务员2024招考简章","公务员/事业单位技术岗位","广东省湛江市雷州市","2026-07-28T09:12:58.310295+00:00","雷州调查队业务股室一级科员（2）","国家统计局广东调查总队","","广东省湛江市雷州市","公务员/事业单位;2024;computer_software;data_ai;仅限本科;学士;计算机类、经济学类、统计学类、汉语言文学专业;市（地）级及以下直属机构综合管理类","用人司局：国家统计局广东调查总队
职位简介：从事一线入户调查、数据处理、统计分析、统计研究、信息化应用、统计宣传等工作
专业要求：计算机类、经济学类、统计学类、汉语言文学专业
学历要求：仅限本科
学位要求：学士
政治面貌：中共党员
基层工作经历：二年
考试类别：市（地）级及以下直属机构综合管理类
备注：1.本单位最低服务年限为5年（含试用期）；2.试用期满，且考核合格。","https://www.xuanhan.gov.cn/xxgk-show-77635.html#135119-400110119042","2023-10-15","{""dataset_year"":2024,""job_uid"":""GOV-2024-135119-400110119042"",""publisher"":""国家公务员局"",""publication_page"":""https://www.xuanhan.gov.cn/xxgk-show-77635.html"",""attachment_url"":""https://www.xuanhan.gov.cn/uploadfile/1/Attachment/638fdecf51.zip"",""local_source_file"":""中央机关及其直属机构2024年度考试录用公务员招考简章.xls"",""local_source_sha256"":""a1741b99dbecd6d03e533f99f2d69b0fa5a79733e551b80af69986ceed2ad996"",""source_sheet"":""中央国家行政机关参照公务员法管理事业单位"",""filter_version"":""government_tech_v2"",""tech_filter"":{""is_tech"":true,""is_core_tech"":true,""scope"":""core"",""categories"":[""computer_software"",""data_ai""],""matched_fields"":[""major"",""description""],""major_terms"":[""计算机类""],""role_terms"":[""信息化"",""数据处理""],""reason"":""tech_major_and_role""},""original"":{""部门代码"":""135119"",""部门名称"":""国家统计局广东调查总队"",""用人司局"":""国家统计局广东调查总队"",""机构性质"":""中央国家行政机关参照公务员法管理事业单位"",""招考职位"":""雷州调查队业务股室一级科员（2）"",""职位属性"":""普通职位"",""职位分布"":""其他职位"",""职位简介"":""从事一线入户调查、数据处理、统计分析、统计研究、信息化应用、统计宣传等工作"",""职位代码"":""400110119042"",""机构层级"":""县（区）级及以下"",""考试类别"":""市（地）级及以下直属机构综合管理类"",""招考人数"":""1"",""专业"":""计算机类、经济学类、统计学类、汉语言文学专业"",""学历"":""仅限本科"",""学位"":""学士"",""政治面貌"":""中共党员"",""基层工作最低年限"":""二年"",""服务基层项目工作经历"":""大学生村官"",""是否在面试阶段组织专业能力测试"":""否"",""面试人员比例"":""3:1"",""工作地点"":""广东省湛江市雷州市"",""落户地点"":""广东省湛江市雷州市"",""备注"":""1.本单位最低服务年限为5年（含试用期）；2.试用期满，且考核合格。"",""部门网站"":""http://gjdc.gd.gov.cn/"",""咨询电话1"":""020-83137939"",""咨询电话2"":""020-83137989"",""咨询电话3"":""020-83137984"",""来源Sheet"":""中央国家行政机关参照公务员法管理事业单位""}}"
"government_jobs","国家公务员2024招考简章","公务员/事业单位技术岗位","广东省茂名市化州市","2026-07-28T09:12:58.310295+00:00","化州调查队一级科员","国家统计局广东调查总队","","广东省茂名市化州市","公务员/事业单位;2024;computer_software;data_ai;仅限本科;学士;统计学类、经济学类、数学类、计算机类、中国语言文学类;市（地）级及以下直属机构综合管理类","用人司局：国家统计局广东调查总队
职位简介：从事一线入户调查、数据处理、统计分析、统计研究、信息化应用、统计宣传等工作
专业要求：统计学类、经济学类、数学类、计算机类、中国语言文学类
学历要求：仅限本科
学位要求：学士
政治面貌：不限
基层工作经历：无限制
考试类别：市（地）级及以下直属机构综合管理类
备注：1.本单位最低服务年限为5年（含试用期）;2.仅限应届高校毕业生","https://www.xuanhan.gov.cn/xxgk-show-77635.html#135119-400110119043","2023-10-15","{""dataset_year"":2024,""job_uid"":""GOV-2024-135119-400110119043"",""publisher"":""国家公务员局"",""publication_page"":""https://www.xuanhan.gov.cn/xxgk-show-77635.html"",""attachment_url"":""https://www.xuanhan.gov.cn/uploadfile/1/Attachment/638fdecf51.zip"",""local_source_file"":""中央机关及其直属机构2024年度考试录用公务员招考简章.xls"",""local_source_sha256"":""a1741b99dbecd6d03e533f99f2d69b0fa5a79733e551b80af69986ceed2ad996"",""source_sheet"":""中央国家行政机关参照公务员法管理事业单位"",""filter_version"":""government_tech_v2"",""tech_filter"":{""is_tech"":true,""is_core_tech"":true,""scope"":""core"",""categories"":[""computer_software"",""data_ai""],""matched_fields"":[""major"",""description""],""major_terms"":[""计算机类""],""role_terms"":[""信息化"",""数据处理""],""reason"":""tech_major_and_role""},""original"":{""部门代码"":""135119"",""部门名称"":""国家统计局广东调查总队"",""用人司局"":""国家统计局广东调查总队"",""机构性质"":""中央国家行政机关参照公务员法管理事业单位"",""招考职位"":""化州调查队一级科员"",""职位属性"":""普通职位"",""职位分布"":""其他职位"",""职位简介"":""从事一线入户调查、数据处理、统计分析、统计研究、信息化应用、统计宣传等工作"",""职位代码"":""400110119043"",""机构层级"":""县（区）级及以下"",""考试类别"":""市（地）级及以下直属机构综合管理类"",""招考人数"":""1"",""专业"":""统计学类、经济学类、数学类、计算机类、中国语言文学类"",""学历"":""仅限本科"",""学位"":""学士"",""政治面貌"":""不限"",""基层工作最低年限"":""无限制"",""服务基层项目工作经历"":""无限制"",""是否在面试阶段组织专业能力测试"":""否"",""面试人员比例"":""3:1"",""工作地点"":""广东省茂名市化州市"",""落户地点"":""广东省茂名市化州市"",""备注"":""1.本单位最低服务年限为5年（含试用期）;2.仅限应届高校毕业生"",""部门网站"":""http://gjdc.gd.gov.cn/"",""咨询电话1"":""020-83137939"",""咨询电话2"":""020-83137989"",""咨询电话3"":""020-83137984"",""来源Sheet"":""中央国家行政机关参照公务员法管理事业单位""}}"
"government_jobs","国家公务员2024招考简章","公务员/事业单位技术岗位","广东省清远市英德市","2026-07-28T09:12:58.310295+00:00","英德调查队一级科员（1）","国家统计局广东调查总队","","广东省清远市英德市","公务员/事业单位;2024;computer_software;data_ai;仅限本科;学士;计算机类;市（地）级及以下直属机构综合管理类","用人司局：国家统计局广东调查总队
职位简介：从事一线入户调查、数据处理、统计分析、统计研究、信息化应用等工作
专业要求：计算机类
学历要求：仅限本科
学位要求：学士
政治面貌：不限
基层工作经历：无限制
考试类别：市（地）级及以下直属机构综合管理类
备注：1.本单位最低服务年限为5年（含试用期）;2.仅限应届高校毕业生","https://www.xuanhan.gov.cn/xxgk-show-77635.html#135119-400110119046","2023-10-15","{""dataset_year"":2024,""job_uid"":""GOV-2024-135119-400110119046"",""publisher"":""国家公务员局"",""publication_page"":""https://www.xuanhan.gov.cn/xxgk-show-77635.html"",""attachment_url"":""https://www.xuanhan.gov.cn/uploadfile/1/Attachment/638fdecf51.zip"",""local_source_file"":""中央机关及其直属机构2024年度考试录用公务员招考简章.xls"",""local_source_sha256"":""a1741b99dbecd6d03e533f99f2d69b0fa5a79733e551b80af69986ceed2ad996"",""source_sheet"":""中央国家行政机关参照公务员法管理事业单位"",""filter_version"":""government_tech_v2"",""tech_filter"":{""is_tech"":true,""is_core_tech"":true,""scope"":""core"",""categories"":[""computer_software"",""data_ai""],""matched_fields"":[""major"",""description""],""major_terms"":[""计算机类""],""role_terms"":[""信息化"",""数据处理""],""reason"":""tech_major_and_role""},""original"":{""部门代码"":""135119"",""部门名称"":""国家统计局广东调查总队"",""用人司局"":""国家统计局广东调查总队"",""机构性质"":""中央国家行政机关参照公务员法管理事业单位"",""招考职位"":""英德调查队一级科员（1）"",""职位属性"":""普通职位"",""职位分布"":""其他职位"",""职位简介"":""从事一线入户调查、数据处理、统计分析、统计研究、信息化应用等工作"",""职位代码"":""400110119046"",""机构层级"":""县（区）级及以下"",""考试类别"":""市（地）级及以下直属机构综合管理类"",""招考人数"":""1"",""专业"":""计算机类"",""学历"":""仅限本科"",""学位"":""学士"",""政治面貌"":""不限"",""基层工作最低年限"":""无限制"",""服务基层项目工作经历"":""无限制"",""是否在面试阶段组织专业能力测试"":""否"",""面试人员比例"":""3:1"",""工作地点"":""广东省清远市英德市"",""落户地点"":""广东省清远市英德市"",""备注"":""1.本单位最低服务年限为5年（含试用期）;2.仅限应届高校毕业生"",""部门网站"":""http://gjdc.gd.gov.cn/"",""咨询电话1"":""020-83137939"",""咨询电话2"":""020-83137989"",""咨询电话3"":""020-83137984"",""来源Sheet"":""中央国家行政机关参照公务员法管理事业单位""}}"
"government_jobs","国家公务员2024招考简章","公务员/事业单位技术岗位","广东省清远市英德市","2026-07-28T09:12:58.310295+00:00","英德调查队一级科员（2）","国家统计局广东调查总队","","广东省清远市英德市","公务员/事业单位;2024;computer_software;data_ai;仅限本科;学士;计算机类、经济学类、统计学类、汉语言文学专业;市（地）级及以下直属机构综合管理类","用人司局：国家统计局广东调查总队
职位简介：从事一线入户调查、数据处理、统计分析、统计研究、信息化应用、统计宣传等工作
专业要求：计算机类、经济学类、统计学类、汉语言文学专业
学历要求：仅限本科
学位要求：学士
政治面貌：中共党员
基层工作经历：二年
考试类别：市（地）级及以下直属机构综合管理类
备注：1.本单位最低服务年限为5年（含试用期）；2.试用期满且考核合格。","https://www.xuanhan.gov.cn/xxgk-show-77635.html#135119-400110119047","2023-10-15","{""dataset_year"":2024,""job_uid"":""GOV-2024-135119-400110119047"",""publisher"":""国家公务员局"",""publication_page"":""https://www.xuanhan.gov.cn/xxgk-show-77635.html"",""attachment_url"":""https://www.xuanhan.gov.cn/uploadfile/1/Attachment/638fdecf51.zip"",""local_source_file"":""中央机关及其直属机构2024年度考试录用公务员招考简章.xls"",""local_source_sha256"":""a1741b99dbecd6d03e533f99f2d69b0fa5a79733e551b80af69986ceed2ad996"",""source_sheet"":""中央国家行政机关参照公务员法管理事业单位"",""filter_version"":""government_tech_v2"",""tech_filter"":{""is_tech"":true,""is_core_tech"":true,""scope"":""core"",""categories"":[""computer_software"",""data_ai""],""matched_fields"":[""major"",""description""],""major_terms"":[""计算机类""],""role_terms"":[""信息化"",""数据处理""],""reason"":""tech_major_and_role""},""original"":{""部门代码"":""135119"",""部门名称"":""国家统计局广东调查总队"",""用人司局"":""国家统计局广东调查总队"",""机构性质"":""中央国家行政机关参照公务员法管理事业单位"",""招考职位"":""英德调查队一级科员（2）"",""职位属性"":""普通职位"",""职位分布"":""其他职位"",""职位简介"":""从事一线入户调查、数据处理、统计分析、统计研究、信息化应用、统计宣传等工作"",""职位代码"":""400110119047"",""机构层级"":""县（区）级及以下"",""考试类别"":""市（地）级及以下直属机构综合管理类"",""招考人数"":""1"",""专业"":""计算机类、经济学类、统计学类、汉语言文学专业"",""学历"":""仅限本科"",""学位"":""学士"",""政治面貌"":""中共党员"",""基层工作最低年限"":""二年"",""服务基层项目工作经历"":""大学生村官"",""是否在面试阶段组织专业能力测试"":""否"",""面试人员比例"":""3:1"",""工作地点"":""广东省清远市英德市"",""落户地点"":""广东省清远市英德市"",""备注"":""1.本单位最低服务年限为5年（含试用期）；2.试用期满且考核合格。"",""部门网站"":""http://gjdc.gd.gov.cn/"",""咨询电话1"":""020-83137939"",""咨询电话2"":""020-83137989"",""咨询电话3"":""020-83137984"",""来源Sheet"":""中央国家行政机关参照公务员法管理事业单位""}}"
"government_jobs","国家公务员2024招考简章","公务员/事业单位技术岗位","广东省揭阳市普宁市","2026-07-28T09:12:58.310295+00:00","普宁调查队一级科员（1）","国家统计局广东调查总队","","广东省揭阳市普宁市","公务员/事业单位;2024;computer_software;data_ai;仅限本科;学士;统计学类、经济学类、计算机类;市（地）级及以下直属机构综合管理类","用人司局：国家统计局广东调查总队
职位简介：从事一线入户调查、数据处理、统计分析、统计研究、信息化应用等工作
专业要求：统计学类、经济学类、计算机类
学历要求：仅限本科
学位要求：学士
政治面貌：不限
基层工作经历：无限制
考试类别：市（地）级及以下直属机构综合管理类
备注：1.本单位最低服务年限为5年（含试用期）;2.仅限男性","https://www.xuanhan.gov.cn/xxgk-show-77635.html#135119-400110119050","2023-10-15","{""dataset_year"":2024,""job_uid"":""GOV-2024-135119-400110119050"",""publisher"":""国家公务员局"",""publication_page"":""https://www.xuanhan.gov.cn/xxgk-show-77635.html"",""attachment_url"":""https://www.xuanhan.gov.cn/uploadfile/1/Attachment/638fdecf51.zip"",""local_source_file"":""中央机关及其直属机构2024年度考试录用公务员招考简章.xls"",""local_source_sha256"":""a1741b99dbecd6d03e533f99f2d69b0fa5a79733e551b80af69986ceed2ad996"",""source_sheet"":""中央国家行政机关参照公务员法管理事业单位"",""filter_version"":""government_tech_v2"",""tech_filter"":{""is_tech"":true,""is_core_tech"":true,""scope"":""core"",""categories"":[""computer_software"",""data_ai""],""matched_fields"":[""major"",""description""],""major_terms"":[""计算机类""],""role_terms"":[""信息化"",""数据处理""],""reason"":""tech_major_and_role""},""original"":{""部门代码"":""135119"",""部门名称"":""国家统计局广东调查总队"",""用人司局"":""国家统计局广东调查总队"",""机构性质"":""中央国家行政机关参照公务员法管理事业单位"",""招考职位"":""普宁调查队一级科员（1）"",""职位属性"":""普通职位"",""职位分布"":""其他职位"",""职位简介"":""从事一线入户调查、数据处理、统计分析、统计研究、信息化应用等工作"",""职位代码"":""400110119050"",""机构层级"":""县（区）级及以下"",""考试类别"":""市（地）级及以下直属机构综合管理类"",""招考人数"":""1"",""专业"":""统计学类、经济学类、计算机类"",""学历"":""仅限本科"",""学位"":""学士"",""政治面貌"":""不限"",""基层工作最低年限"":""无限制"",""服务基层项目工作经历"":""无限制"",""是否在面试阶段组织专业能力测试"":""否"",""面试人员比例"":""3:1"",""工作地点"":""广东省揭阳市普宁市"",""落户地点"":""广东省揭阳市普宁市"",""备注"":""1.本单位最低服务年限为5年（含试用期）;2.仅限男性"",""部门网站"":""http://gjdc.gd.gov.cn/"",""咨询电话1"":""020-83137939"",""咨询电话2"":""020-83137989"",""咨询电话3"":""020-83137984"",""来源Sheet"":""中央国家行政机关参照公务员法管理事业单位""}}"
"government_jobs","国家公务员2024招考简章","公务员/事业单位技术岗位","广东省揭阳市普宁市","2026-07-28T09:12:58.310295+00:00","普宁调查队一级科员（2）","国家统计局广东调查总队","","广东省揭阳市普宁市","公务员/事业单位;2024;computer_software;data_ai;仅限本科;学士;统计学类、经济学类、计算机类;市（地）级及以下直属机构综合管理类","用人司局：国家统计局广东调查总队
职位简介：从事一线入户调查、数据处理、统计分析、统计研究、信息化应用等工作
专业要求：统计学类、经济学类、计算机类
学历要求：仅限本科
学位要求：学士
政治面貌：不限
基层工作经历：无限制
考试类别：市（地）级及以下直属机构综合管理类
备注：1.本单位最低服务年限为5年（含试用期）;2.仅限女性","https://www.xuanhan.gov.cn/xxgk-show-77635.html#135119-400110119051","2023-10-15","{""dataset_year"":2024,""job_uid"":""GOV-2024-135119-400110119051"",""publisher"":""国家公务员局"",""publication_page"":""https://www.xuanhan.gov.cn/xxgk-show-77635.html"",""attachment_url"":""https://www.xuanhan.gov.cn/uploadfile/1/Attachment/638fdecf51.zip"",""local_source_file"":""中央机关及其直属机构2024年度考试录用公务员招考简章.xls"",""local_source_sha256"":""a1741b99dbecd6d03e533f99f2d69b0fa5a79733e551b80af69986ceed2ad996"",""source_sheet"":""中央国家行政机关参照公务员法管理事业单位"",""filter_version"":""government_tech_v2"",""tech_filter"":{""is_tech"":true,""is_core_tech"":true,""scope"":""core"",""categories"":[""computer_software"",""data_ai""],""matched_fields"":[""major"",""description""],""major_terms"":[""计算机类""],""role_terms"":[""信息化"",""数据处理""],""reason"":""tech_major_and_role""},""original"":{""部门代码"":""135119"",""部门名称"":""国家统计局广东调查总队"",""用人司局"":""国家统计局广东调查总队"",""机构性质"":""中央国家行政机关参照公务员法管理事业单位"",""招考职位"":""普宁调查队一级科员（2）"",""职位属性"":""普通职位"",""职位分布"":""其他职位"",""职位简介"":""从事一线入户调查、数据处理、统计分析、统计研究、信息化应用等工作"",""职位代码"":""400110119051"",""机构层级"":""县（区）级及以下"",""考试类别"":""市（地）级及以下直属机构综合管理类"",""招考人数"":""1"",""专业"":""统计学类、经济学类、计算机类"",""学历"":""仅限本科"",""学位"":""学士"",""政治面貌"":""不限"",""基层工作最低年限"":""无限制"",""服务基层项目工作经历"":""无限制"",""是否在面试阶段组织专业能力测试"":""否"",""面试人员比例"":""3:1"",""工作地点"":""广东省揭阳市普宁市"",""落户地点"":""广东省揭阳市普宁市"",""备注"":""1.本单位最低服务年限为5年（含试用期）;2.仅限女性"",""部门网站"":""http://gjdc.gd.gov.cn/"",""咨询电话1"":""020-83137939"",""咨询电话2"":""020-83137989"",""咨询电话3"":""020-83137984"",""来源Sheet"":""中央国家行政机关参照公务员法管理事业单位""}}"
"government_jobs","国家公务员2024招考简章","公务员/事业单位技术岗位","广东省揭阳市惠来县","2026-07-28T09:12:58.310295+00:00","惠来调查队一级科员","国家统计局广东调查总队","","广东省揭阳市惠来县","公务员/事业单位;2024;computer_software;data_ai;仅限本科;学士;计算机类、信息管理与信息系统专业;市（地）级及以下直属机构综合管理类","用人司局：国家统计局广东调查总队
职位简介：从事一线入户调查、数据处理、统计分析、统计研究、信息化应用等工作
专业要求：计算机类、信息管理与信息系统专业
学历要求：仅限本科
学位要求：学士
政治面貌：不限
基层工作经历：无限制
考试类别：市（地）级及以下直属机构综合管理类
备注：本单位最低服务年限为5年（含试用期）","https://www.xuanhan.gov.cn/xxgk-show-77635.html#135119-400110119052","2023-10-15","{""dataset_year"":2024,""job_uid"":""GOV-2024-135119-400110119052"",""publisher"":""国家公务员局"",""publication_page"":""https://www.xuanhan.gov.cn/xxgk-show-77635.html"",""attachment_url"":""https://www.xuanhan.gov.cn/uploadfile/1/Attachment/638fdecf51.zip"",""local_source_file"":""中央机关及其直属机构2024年度考试录用公务员招考简章.xls"",""local_source_sha256"":""a1741b99dbecd6d03e533f99f2d69b0fa5a79733e551b80af69986ceed2ad996"",""source_sheet"":""中央国家行政机关参照公务员法管理事业单位"",""filter_version"":""government_tech_v2"",""tech_filter"":{""is_tech"":true,""is_core_tech"":true,""scope"":""core"",""categories"":[""computer_software"",""data_ai""],""matched_fields"":[""major"",""description""],""major_terms"":[""计算机类""],""role_terms"":[""信息化"",""数据处理""],""reason"":""tech_major_and_role""},""original"":{""部门代码"":""135119"",""部门名称"":""国家统计局广东调查总队"",""用人司局"":""国家统计局广东调查总队"",""机构性质"":""中央国家行政机关参照公务员法管理事业单位"",""招考职位"":""惠来调查队一级科员"",""职位属性"":""普通职位"",""职位分布"":""其他职位"",""职位简介"":""从事一线入户调查、数据处理、统计分析、统计研究、信息化应用等工作"",""职位代码"":""400110119052"",""机构层级"":""县（区）级及以下"",""考试类别"":""市（地）级及以下直属机构综合管理类"",""招考人数"":""1"",""专业"":""计算机类、信息管理与信息系统专业"",""学历"":""仅限本科"",""学位"":""学士"",""政治面貌"":""不限"",""基层工作最低年限"":""无限制"",""服务基层项目工作经历"":""无限制"",""是否在面试阶段组织专业能力测试"":""否"",""面试人员比例"":""3:1"",""工作地点"":""广东省揭阳市惠来县"",""落户地点"":""广东省揭阳市惠来县"",""备注"":""本单位最低服务年限为5年（含试用期）"",""部门网站"":""http://gjdc.gd.gov.cn/"",""咨询电话1"":""020-83137939"",""咨询电话2"":""020-83137989"",""咨询电话3"":""020-83137984"",""来源Sheet"":""中央国家行政机关参照公务员法管理事业单位""}}"
"government_jobs","国家公务员2024招考简章","公务员/事业单位技术岗位","广东省云浮市罗定市","2026-07-28T09:12:58.310295+00:00","罗定调查队一级科员（1）","国家统计局广东调查总队","","广东省云浮市罗定市","公务员/事业单位;2024;computer_software;data_ai;仅限本科;学士;数学类、计算机类、经济学类、中国语言文学类;市（地）级及以下直属机构综合管理类","用人司局：国家统计局广东调查总队
职位简介：从事一线入户调查、数据处理、统计分析、统计研究、信息化应用、统计宣传等工作
专业要求：数学类、计算机类、经济学类、中国语言文学类
学历要求：仅限本科
学位要求：学士
政治面貌：不限
基层工作经历：无限制
考试类别：市（地）级及以下直属机构综合管理类
备注：本单位最低服务年限为5年（含试用期）","https://www.xuanhan.gov.cn/xxgk-show-77635.html#135119-400110119053","2023-10-15","{""dataset_year"":2024,""job_uid"":""GOV-2024-135119-400110119053"",""publisher"":""国家公务员局"",""publication_page"":""https://www.xuanhan.gov.cn/xxgk-show-77635.html"",""attachment_url"":""https://www.xuanhan.gov.cn/uploadfile/1/Attachment/638fdecf51.zip"",""local_source_file"":""中央机关及其直属机构2024年度考试录用公务员招考简章.xls"",""local_source_sha256"":""a1741b99dbecd6d03e533f99f2d69b0fa5a79733e551b80af69986ceed2ad996"",""source_sheet"":""中央国家行政机关参照公务员法管理事业单位"",""filter_version"":""government_tech_v2"",""tech_filter"":{""is_tech"":true,""is_core_tech"":true,""scope"":""core"",""categories"":[""computer_software"",""data_ai""],""matched_fields"":[""major"",""description""],""major_terms"":[""计算机类""],""role_terms"":[""信息化"",""数据处理""],""reason"":""tech_major_and_role""},""original"":{""部门代码"":""135119"",""部门名称"":""国家统计局广东调查总队"",""用人司局"":""国家统计局广东调查总队"",""机构性质"":""中央国家行政机关参照公务员法管理事业单位"",""招考职位"":""罗定调查队一级科员（1）"",""职位属性"":""普通职位"",""职位分布"":""其他职位"",""职位简介"":""从事一线入户调查、数据处理、统计分析、统计研究、信息化应用、统计宣传等工作"",""职位代码"":""400110119053"",""机构层级"":""县（区）级及以下"",""考试类别"":""市（地）级及以下直属机构综合管理类"",""招考人数"":""1"",""专业"":""数学类、计算机类、经济学类、中国语言文学类"",""学历"":""仅限本科"",""学位"":""学士"",""政治面貌"":""不限"",""基层工作最低年限"":""无限制"",""服务基层项目工作经历"":""无限制"",""是否在面试阶段组织专业能力测试"":""否"",""面试人员比例"":""3:1"",""工作地点"":""广东省云浮市罗定市"",""落户地点"":""广东省云浮市罗定市"",""备注"":""本单位最低服务年限为5年（含试用期）"",""部门网站"":""http://gjdc.gd.gov.cn/"",""咨询电话1"":""020-83137939"",""咨询电话2"":""020-83137989"",""咨询电话3"":""020-83137984"",""来源Sheet"":""中央国家行政机关参照公务员法管理事业单位""}}"
"government_jobs","国家公务员2024招考简章","公务员/事业单位技术岗位","广东省云浮市罗定市","2026-07-28T09:12:58.310295+00:00","罗定调查队一级科员（2）","国家统计局广东调查总队","","广东省云浮市罗定市","公务员/事业单位;2024;computer_software;data_ai;仅限本科;学士;数学类、计算机类、经济学类、中国语言文学类;市（地）级及以下直属机构综合管理类","用人司局：国家统计局广东调查总队
职位简介：从事一线入户调查、数据处理、统计分析、统计研究、信息化应用、统计宣传等工作
专业要求：数学类、计算机类、经济学类、中国语言文学类
学历要求：仅限本科
学位要求：学士
政治面貌：中共党员
基层工作经历：二年
考试类别：市（地）级及以下直属机构综合管理类
备注：1.本单位最低服务年限为5年（含试用期）；2.试用期满且考核合格。","https://www.xuanhan.gov.cn/xxgk-show-77635.html#135119-400110119054","2023-10-15","{""dataset_year"":2024,""job_uid"":""GOV-2024-135119-400110119054"",""publisher"":""国家公务员局"",""publication_page"":""https://www.xuanhan.gov.cn/xxgk-show-77635.html"",""attachment_url"":""https://www.xuanhan.gov.cn/uploadfile/1/Attachment/638fdecf51.zip"",""local_source_file"":""中央机关及其直属机构2024年度考试录用公务员招考简章.xls"",""local_source_sha256"":""a1741b99dbecd6d03e533f99f2d69b0fa5a79733e551b80af69986ceed2ad996"",""source_sheet"":""中央国家行政机关参照公务员法管理事业单位"",""filter_version"":""government_tech_v2"",""tech_filter"":{""is_tech"":true,""is_core_tech"":true,""scope"":""core"",""categories"":[""computer_software"",""data_ai""],""matched_fields"":[""major"",""description""],""major_terms"":[""计算机类""],""role_terms"":[""信息化"",""数据处理""],""reason"":""tech_major_and_role""},""original"":{""部门代码"":""135119"",""部门名称"":""国家统计局广东调查总队"",""用人司局"":""国家统计局广东调查总队"",""机构性质"":""中央国家行政机关参照公务员法管理事业单位"",""招考职位"":""罗定调查队一级科员（2）"",""职位属性"":""普通职位"",""职位分布"":""其他职位"",""职位简介"":""从事一线入户调查、数据处理、统计分析、统计研究、信息化应用、统计宣传等工作"",""职位代码"":""400110119054"",""机构层级"":""县（区）级及以下"",""考试类别"":""市（地）级及以下直属机构综合管理类"",""招考人数"":""1"",""专业"":""数学类、计算机类、经济学类、中国语言文学类"",""学历"":""仅限本科"",""学位"":""学士"",""政治面貌"":""中共党员"",""基层工作最低年限"":""二年"",""服务基层项目工作经历"":""大学生村官"",""是否在面试阶段组织专业能力测试"":""否"",""面试人员比例"":""3:1"",""工作地点"":""广东省云浮市罗定市"",""落户地点"":""广东省云浮市罗定市"",""备注"":""1.本单位最低服务年限为5年（含试用期）；2.试用期满且考核合格。"",""部门网站"":""http://gjdc.gd.gov.cn/"",""咨询电话1"":""020-83137939"",""咨询电话2"":""020-83137989"",""咨询电话3"":""020-83137984"",""来源Sheet"":""中央国家行政机关参照公务员法管理事业单位""}}"
"government_jobs","国家公务员2024招考简章","公务员/事业单位技术岗位","广西壮族自治区南宁市青秀区","2026-07-28T09:12:58.310295+00:00","广西调查总队业务处室一级主任科员及以下（2）","国家统计局广西调查总队","","广西壮族自治区南宁市青秀区","公务员/事业单位;2024;computer_software;data_ai;硕士研究生及以上;与最高学历相对应的学位;计算机科学与技术（0812）;中央机关及其省级直属机构综合管理类","用人司局：国家统计局广西调查总队
职位简介：从事统计数据处理、硬件维护与运行管理等工作。
专业要求：计算机科学与技术（0812）
学历要求：硕士研究生及以上
学位要求：与最高学历相对应的学位
政治面貌：不限
基层工作经历：无限制
考试类别：中央机关及其省级直属机构综合管理类
备注：1.职位要求专业为报考者最高学历对应专业（须为主修专业），考生报名时需写明专业代码；2.本单位最低服务年限为5年（含试用期）。","https://www.xuanhan.gov.cn/xxgk-show-77635.html#135120-400110120002","2023-10-15","{""dataset_year"":2024,""job_uid"":""GOV-2024-135120-400110120002"",""publisher"":""国家公务员局"",""publication_page"":""https://www.xuanhan.gov.cn/xxgk-show-77635.html"",""attachment_url"":""https://www.xuanhan.gov.cn/uploadfile/1/Attachment/638fdecf51.zip"",""local_source_file"":""中央机关及其直属机构2024年度考试录用公务员招考简章.xls"",""local_source_sha256"":""a1741b99dbecd6d03e533f99f2d69b0fa5a79733e551b80af69986ceed2ad996"",""source_sheet"":""中央国家行政机关参照公务员法管理事业单位"",""filter_version"":""government_tech_v2"",""tech_filter"":{""is_tech"":true,""is_core_tech"":true,""scope"":""core"",""categories"":[""computer_software"",""data_ai""],""matched_fields"":[""major"",""description""],""major_terms"":[""计算机科学与技术""],""role_terms"":[""数据处理""],""reason"":""tech_major_and_role""},""original"":{""部门代码"":""135120"",""部门名称"":""国家统计局广西调查总队"",""用人司局"":""国家统计局广西调查总队"",""机构性质"":""中央国家行政机关参照公务员法管理事业单位"",""招考职位"":""广西调查总队业务处室一级主任科员及以下（2）"",""职位属性"":""普通职位"",""职位分布"":""其他职位"",""职位简介"":""从事统计数据处理、硬件维护与运行管理等工作。"",""职位代码"":""400110120002"",""机构层级"":""省（副省）级"",""考试类别"":""中央机关及其省级直属机构综合管理类"",""招考人数"":""1"",""专业"":""计算机科学与技术（0812）"",""学历"":""硕士研究生及以上"",""学位"":""与最高学历相对应的学位"",""政治面貌"":""不限"",""基层工作最低年限"":""无限制"",""服务基层项目工作经历"":""无限制"",""是否在面试阶段组织专业能力测试"":""否"",""面试人员比例"":""5:1"",""工作地点"":""广西壮族自治区南宁市青秀区"",""落户地点"":""广西壮族自治区南宁市青秀区"",""备注"":""1.职位要求专业为报考者最高学历对应专业（须为主修专业），考生报名时需写明专业代码；2.本单位最低服务年限为5年（含试用期）。"",""部门网站"":""无"",""咨询电话1"":""0771-5883827"",""咨询电话2"":""0771-5854895"",""咨询电话3"":"""",""来源Sheet"":""中央国家行政机关参照公务员法管理事业单位""}}"
"government_jobs","国家公务员2024招考简章","公务员/事业单位技术岗位","广西壮族自治区玉林市玉州区","2026-07-28T09:12:58.310295+00:00","玉林调查队业务科室一级科员（2）","国家统计局广西调查总队","","广西壮族自治区玉林市玉州区","公务员/事业单位;2024;computer_software;data_ai;仅限本科;学士;经济学（02）、法学（03）、中国语言文学类（0501）、数学类（0701）、统计学类（0712）、计算机类（0809）、农学（09）、管理学（12）;市（地）级及以下直属机构综合管理类","用人司局：国家统计局广西调查总队
职位简介：从事一线入户调查、数据处理、统计分析、统计研究等工作。
专业要求：经济学（02）、法学（03）、中国语言文学类（0501）、数学类（0701）、统计学类（0712）、计算机类（0809）、农学（09）、管理学（12）
学历要求：仅限本科
学位要求：学士
政治面貌：不限
基层工作经历：二年
考试类别：市（地）级及以下直属机构综合管理类
备注：1.仅限广西户籍人员或生源；2.服务期满，考核合格；3.本单位最低服务年限为5年（含试用期）。","https://www.xuanhan.gov.cn/xxgk-show-77635.html#135120-400110120008","2023-10-15","{""dataset_year"":2024,""job_uid"":""GOV-2024-135120-400110120008"",""publisher"":""国家公务员局"",""publication_page"":""https://www.xuanhan.gov.cn/xxgk-show-77635.html"",""attachment_url"":""https://www.xuanhan.gov.cn/uploadfile/1/Attachment/638fdecf51.zip"",""local_source_file"":""中央机关及其直属机构2024年度考试录用公务员招考简章.xls"",""local_source_sha256"":""a1741b99dbecd6d03e533f99f2d69b0fa5a79733e551b80af69986ceed2ad996"",""source_sheet"":""中央国家行政机关参照公务员法管理事业单位"",""filter_version"":""government_tech_v2"",""tech_filter"":{""is_tech"":true,""is_core_tech"":true,""scope"":""core"",""categories"":[""computer_software"",""data_ai""],""matched_fields"":[""major"",""description""],""major_terms"":[""计算机类""],""role_terms"":[""数据处理""],""reason"":""tech_major_and_role""},""original"":{""部门代码"":""135120"",""部门名称"":""国家统计局广西调查总队"",""用人司局"":""国家统计局广西调查总队"",""机构性质"":""中央国家行政机关参照公务员法管理事业单位"",""招考职位"":""玉林调查队业务科室一级科员（2）"",""职位属性"":""普通职位"",""职位分布"":""西部地区和艰苦边远地区职位"",""职位简介"":""从事一线入户调查、数据处理、统计分析、统计研究等工作。"",""职位代码"":""400110120008"",""机构层级"":""市（地）级"",""考试类别"":""市（地）级及以下直属机构综合管理类"",""招考人数"":""1"",""专业"":""经济学（02）、法学（03）、中国语言文学类（0501）、数学类（0701）、统计学类（0712）、计算机类（0809）、农学（09）、管理学（12）"",""学历"":""仅限本科"",""学位"":""学士"",""政治面貌"":""不限"",""基层工作最低年限"":""二年"",""服务基层项目工作经历"":""大学生村官、农村义务教育阶段学校教师特设岗位计划、“三支一扶”计划、大学生志愿服务西部计划、在军队服役5年（含）以上的高校毕业生退役士兵"",""是否在面试阶段组织专业能力测试"":""否"",""面试人员比例"":""3:1"",""工作地点"":""广西壮族自治区玉林市玉州区"",""落户地点"":""广西壮族自治区玉林市玉州区"",""备注"":""1.仅限广西户籍人员或生源；2.服务期满，考核合格；3.本单位最低服务年限为5年（含试用期）。"",""部门网站"":""无"",""咨询电话1"":""0771-5883827"",""咨询电话2"":""0771-5854895"",""咨询电话3"":"""",""来源Sheet"":""中央国家行政机关参照公务员法管理事业单位""}}"
"government_jobs","国家公务员2024招考简章","公务员/事业单位技术岗位","海南省海口市","2026-07-28T09:12:58.310295+00:00","海南调查总队业务处室一级科员","国家统计局海南调查总队","","海南省海口市","公务员/事业单位;2024;computer_software;data_ai;仅限本科;学士;统计学类、数学类、计算机类;中央机关及其省级直属机构综合管理类","用人司局：国家统计局海南调查总队
职位简介：从事一线入户调查、数据处理、统计分析、统计研究等工作。
专业要求：统计学类、数学类、计算机类
学历要求：仅限本科
学位要求：学士
政治面貌：不限
基层工作经历：无限制
考试类别：中央机关及其省级直属机构综合管理类
备注：本职位所列专业均要求主修专业；本单位最低服务年限为5年（含试用期）。","https://www.xuanhan.gov.cn/xxgk-show-77635.html#135121-400110121001","2023-10-15","{""dataset_year"":2024,""job_uid"":""GOV-2024-135121-400110121001"",""publisher"":""国家公务员局"",""publication_page"":""https://www.xuanhan.gov.cn/xxgk-show-77635.html"",""attachment_url"":""https://www.xuanhan.gov.cn/uploadfile/1/Attachment/638fdecf51.zip"",""local_source_file"":""中央机关及其直属机构2024年度考试录用公务员招考简章.xls"",""local_source_sha256"":""a1741b99dbecd6d03e533f99f2d69b0fa5a79733e551b80af69986ceed2ad996"",""source_sheet"":""中央国家行政机关参照公务员法管理事业单位"",""filter_version"":""government_tech_v2"",""tech_filter"":{""is_tech"":true,""is_core_tech"":true,""scope"":""core"",""categories"":[""computer_software"",""data_ai""],""matched_fields"":[""major"",""description""],""major_terms"":[""计算机类""],""role_terms"":[""数据处理""],""reason"":""tech_major_and_role""},""original"":{""部门代码"":""135121"",""部门名称"":""国家统计局海南调查总队"",""用人司局"":""国家统计局海南调查总队"",""机构性质"":""中央国家行政机关参照公务员法管理事业单位"",""招考职位"":""海南调查总队业务处室一级科员"",""职位属性"":""普通职位"",""职位分布"":""其他职位"",""职位简介"":""从事一线入户调查、数据处理、统计分析、统计研究等工作。"",""职位代码"":""400110121001"",""机构层级"":""省（副省）级"",""考试类别"":""中央机关及其省级直属机构综合管理类"",""招考人数"":""1"",""专业"":""统计学类、数学类、计算机类"",""学历"":""仅限本科"",""学位"":""学士"",""政治面貌"":""不限"",""基层工作最低年限"":""无限制"",""服务基层项目工作经历"":""无限制"",""是否在面试阶段组织专业能力测试"":""否"",""面试人员比例"":""5:1"",""工作地点"":""海南省海口市"",""落户地点"":""海南省海口市"",""备注"":""本职位所列专业均要求主修专业；本单位最低服务年限为5年（含试用期）。"",""部门网站"":""无"",""咨询电话1"":""0898-65328778"",""咨询电话2"":""0898-66978523"",""咨询电话3"":"""",""来源Sheet"":""中央国家行政机关参照公务员法管理事业单位""}}"
"government_jobs","国家公务员2024招考简章","公务员/事业单位技术岗位","海南省海口市","2026-07-28T09:12:58.310295+00:00","海南调查总队业务处室四级主任科员","国家统计局海南调查总队","","海南省海口市","公务员/事业单位;2024;computer_software;data_ai;仅限硕士研究生;硕士;统计学类、数学类、计算机类;中央机关及其省级直属机构综合管理类","用人司局：国家统计局海南调查总队
职位简介：从事一线入户调查、数据处理、统计分析、统计研究等工作。
专业要求：统计学类、数学类、计算机类
学历要求：仅限硕士研究生
学位要求：硕士
政治面貌：不限
基层工作经历：无限制
考试类别：中央机关及其省级直属机构综合管理类
备注：本职位所列专业均要求主修专业；本单位最低服务年限为5年（含试用期）。","https://www.xuanhan.gov.cn/xxgk-show-77635.html#135121-400110121002","2023-10-15","{""dataset_year"":2024,""job_uid"":""GOV-2024-135121-400110121002"",""publisher"":""国家公务员局"",""publication_page"":""https://www.xuanhan.gov.cn/xxgk-show-77635.html"",""attachment_url"":""https://www.xuanhan.gov.cn/uploadfile/1/Attachment/638fdecf51.zip"",""local_source_file"":""中央机关及其直属机构2024年度考试录用公务员招考简章.xls"",""local_source_sha256"":""a1741b99dbecd6d03e533f99f2d69b0fa5a79733e551b80af69986ceed2ad996"",""source_sheet"":""中央国家行政机关参照公务员法管理事业单位"",""filter_version"":""government_tech_v2"",""tech_filter"":{""is_tech"":true,""is_core_tech"":true,""scope"":""core"",""categories"":[""computer_software"",""data_ai""],""matched_fields"":[""major"",""description""],""major_terms"":[""计算机类""],""role_terms"":[""数据处理""],""reason"":""tech_major_and_role""},""original"":{""部门代码"":""135121"",""部门名称"":""国家统计局海南调查总队"",""用人司局"":""国家统计局海南调查总队"",""机构性质"":""中央国家行政机关参照公务员法管理事业单位"",""招考职位"":""海南调查总队业务处室四级主任科员"",""职位属性"":""普通职位"",""职位分布"":""其他职位"",""职位简介"":""从事一线入户调查、数据处理、统计分析、统计研究等工作。"",""职位代码"":""400110121002"",""机构层级"":""省（副省）级"",""考试类别"":""中央机关及其省级直属机构综合管理类"",""招考人数"":""1"",""专业"":""统计学类、数学类、计算机类"",""学历"":""仅限硕士研究生"",""学位"":""硕士"",""政治面貌"":""不限"",""基层工作最低年限"":""无限制"",""服务基层项目工作经历"":""无限制"",""是否在面试阶段组织专业能力测试"":""否"",""面试人员比例"":""5:1"",""工作地点"":""海南省海口市"",""落户地点"":""海南省海口市"",""备注"":""本职位所列专业均要求主修专业；本单位最低服务年限为5年（含试用期）。"",""部门网站"":""无"",""咨询电话1"":""0898-65328778"",""咨询电话2"":""0898-66978523"",""咨询电话3"":"""",""来源Sheet"":""中央国家行政机关参照公务员法管理事业单位""}}"
"government_jobs","国家公务员2024招考简章","公务员/事业单位技术岗位","海南省文昌市","2026-07-28T09:12:58.310295+00:00","文昌调查队一级科员（1）","国家统计局海南调查总队","","海南省文昌市","公务员/事业单位;2024;computer_software;data_ai;仅限本科;学士;统计学类、数学类、计算机类、经济学类;市（地）级及以下直属机构综合管理类","用人司局：国家统计局海南调查总队
职位简介：从事一线入户调查、数据处理、统计分析、统计研究等工作。
专业要求：统计学类、数学类、计算机类、经济学类
学历要求：仅限本科
学位要求：学士
政治面貌：中共党员
基层工作经历：三年
考试类别：市（地）级及以下直属机构综合管理类
备注：本职位所列专业均要求主修专业；本职位为基层调查队岗位，需要到企业、住户、田间等开展直接调查，条件较艰苦；本单位最低服务年限为5年（含试用期）。","https://www.xuanhan.gov.cn/xxgk-show-77635.html#135121-400110121003","2023-10-15","{""dataset_year"":2024,""job_uid"":""GOV-2024-135121-400110121003"",""publisher"":""国家公务员局"",""publication_page"":""https://www.xuanhan.gov.cn/xxgk-show-77635.html"",""attachment_url"":""https://www.xuanhan.gov.cn/uploadfile/1/Attachment/638fdecf51.zip"",""local_source_file"":""中央机关及其直属机构2024年度考试录用公务员招考简章.xls"",""local_source_sha256"":""a1741b99dbecd6d03e533f99f2d69b0fa5a79733e551b80af69986ceed2ad996"",""source_sheet"":""中央国家行政机关参照公务员法管理事业单位"",""filter_version"":""government_tech_v2"",""tech_filter"":{""is_tech"":true,""is_core_tech"":true,""scope"":""core"",""categories"":[""computer_software"",""data_ai""],""matched_fields"":[""major"",""description""],""major_terms"":[""计算机类""],""role_terms"":[""数据处理""],""reason"":""tech_major_and_role""},""original"":{""部门代码"":""135121"",""部门名称"":""国家统计局海南调查总队"",""用人司局"":""国家统计局海南调查总队"",""机构性质"":""中央国家行政机关参照公务员法管理事业单位"",""招考职位"":""文昌调查队一级科员（1）"",""职位属性"":""普通职位"",""职位分布"":""其他职位"",""职位简介"":""从事一线入户调查、数据处理、统计分析、统计研究等工作。"",""职位代码"":""400110121003"",""机构层级"":""县（区）级及以下"",""考试类别"":""市（地）级及以下直属机构综合管理类"",""招考人数"":""1"",""专业"":""统计学类、数学类、计算机类、经济学类"",""学历"":""仅限本科"",""学位"":""学士"",""政治面貌"":""中共党员"",""基层工作最低年限"":""三年"",""服务基层项目工作经历"":""大学生村官"",""是否在面试阶段组织专业能力测试"":""否"",""面试人员比例"":""3:1"",""工作地点"":""海南省文昌市"",""落户地点"":""海南省文昌市"",""备注"":""本职位所列专业均要求主修专业；本职位为基层调查队岗位，需要到企业、住户、田间等开展直接调查，条件较艰苦；本单位最低服务年限为5年（含试用期）。"",""部门网站"":""无"",""咨询电话1"":""0898-65328778"",""咨询电话2"":""0898-66978523"",""咨询电话3"":"""",""来源Sheet"":""中央国家行政机关参照公务员法管理事业单位""}}"
"government_jobs","国家公务员2024招考简章","公务员/事业单位技术岗位","海南省文昌市","2026-07-28T09:12:58.310295+00:00","文昌调查队一级科员（2）","国家统计局海南调查总队","","海南省文昌市","公务员/事业单位;2024;computer_software;data_ai;仅限本科;学士;统计学类、数学类、计算机类、经济学类;市（地）级及以下直属机构综合管理类","用人司局：国家统计局海南调查总队
职位简介：从事一线入户调查、数据处理、统计分析、统计研究等工作。
专业要求：统计学类、数学类、计算机类、经济学类
学历要求：仅限本科
学位要求：学士
政治面貌：不限
基层工作经历：无限制
考试类别：市（地）级及以下直属机构综合管理类
备注：本职位所列专业均要求主修专业；本职位为基层调查队岗位，需要到企业、住户、田间等开展直接调查，条件较艰苦；本单位最低服务年限为5年（含试用期）。","https://www.xuanhan.gov.cn/xxgk-show-77635.html#135121-400110121004","2023-10-15","{""dataset_year"":2024,""job_uid"":""GOV-2024-135121-400110121004"",""publisher"":""国家公务员局"",""publication_page"":""https://www.xuanhan.gov.cn/xxgk-show-77635.html"",""attachment_url"":""https://www.xuanhan.gov.cn/uploadfile/1/Attachment/638fdecf51.zip"",""local_source_file"":""中央机关及其直属机构2024年度考试录用公务员招考简章.xls"",""local_source_sha256"":""a1741b99dbecd6d03e533f99f2d69b0fa5a79733e551b80af69986ceed2ad996"",""source_sheet"":""中央国家行政机关参照公务员法管理事业单位"",""filter_version"":""government_tech_v2"",""tech_filter"":{""is_tech"":true,""is_core_tech"":true,""scope"":""core"",""categories"":[""computer_software"",""data_ai""],""matched_fields"":[""major"",""description""],""major_terms"":[""计算机类""],""role_terms"":[""数据处理""],""reason"":""tech_major_and_role""},""original"":{""部门代码"":""135121"",""部门名称"":""国家统计局海南调查总队"",""用人司局"":""国家统计局海南调查总队"",""机构性质"":""中央国家行政机关参照公务员法管理事业单位"",""招考职位"":""文昌调查队一级科员（2）"",""职位属性"":""普通职位"",""职位分布"":""其他职位"",""职位简介"":""从事一线入户调查、数据处理、统计分析、统计研究等工作。"",""职位代码"":""400110121004"",""机构层级"":""县（区）级及以下"",""考试类别"":""市（地）级及以下直属机构综合管理类"",""招考人数"":""1"",""专业"":""统计学类、数学类、计算机类、经济学类"",""学历"":""仅限本科"",""学位"":""学士"",""政治面貌"":""不限"",""基层工作最低年限"":""无限制"",""服务基层项目工作经历"":""无限制"",""是否在面试阶段组织专业能力测试"":""否"",""面试人员比例"":""3:1"",""工作地点"":""海南省文昌市"",""落户地点"":""海南省文昌市"",""备注"":""本职位所列专业均要求主修专业；本职位为基层调查队岗位，需要到企业、住户、田间等开展直接调查，条件较艰苦；本单位最低服务年限为5年（含试用期）。"",""部门网站"":""无"",""咨询电话1"":""0898-65328778"",""咨询电话2"":""0898-66978523"",""咨询电话3"":"""",""来源Sheet"":""中央国家行政机关参照公务员法管理事业单位""}}"
"government_jobs","国家公务员2024招考简章","公务员/事业单位技术岗位","海南省琼中黎族苗族自治县","2026-07-28T09:12:58.310295+00:00","琼中调查队一级科员","国家统计局海南调查总队","","海南省琼中黎族苗族自治县","公务员/事业单位;2024;computer_software;data_ai;仅限本科;学士;统计学类、数学类、计算机类、经济学类;市（地）级及以下直属机构综合管理类","用人司局：国家统计局海南调查总队
职位简介：从事一线入户调查、数据处理、统计分析、统计研究等工作。
专业要求：统计学类、数学类、计算机类、经济学类
学历要求：仅限本科
学位要求：学士
政治面貌：不限
基层工作经历：无限制
考试类别：市（地）级及以下直属机构综合管理类
备注：限招2024届高校毕业生；本职位所列专业均要求主修专业；本职位为基层调查队岗位，需要到企业、住户、田间等开展直接调查，条件较艰苦；本单位最低服务年限为5年（含试用期）。","https://www.xuanhan.gov.cn/xxgk-show-77635.html#135121-400110121005","2023-10-15","{""dataset_year"":2024,""job_uid"":""GOV-2024-135121-400110121005"",""publisher"":""国家公务员局"",""publication_page"":""https://www.xuanhan.gov.cn/xxgk-show-77635.html"",""attachment_url"":""https://www.xuanhan.gov.cn/uploadfile/1/Attachment/638fdecf51.zip"",""local_source_file"":""中央机关及其直属机构2024年度考试录用公务员招考简章.xls"",""local_source_sha256"":""a1741b99dbecd6d03e533f99f2d69b0fa5a79733e551b80af69986ceed2ad996"",""source_sheet"":""中央国家行政机关参照公务员法管理事业单位"",""filter_version"":""government_tech_v2"",""tech_filter"":{""is_tech"":true,""is_core_tech"":true,""scope"":""core"",""categories"":[""computer_software"",""data_ai""],""matched_fields"":[""major"",""description""],""major_terms"":[""计算机类""],""role_terms"":[""数据处理""],""reason"":""tech_major_and_role""},""original"":{""部门代码"":""135121"",""部门名称"":""国家统计局海南调查总队"",""用人司局"":""国家统计局海南调查总队"",""机构性质"":""中央国家行政机关参照公务员法管理事业单位"",""招考职位"":""琼中调查队一级科员"",""职位属性"":""普通职位"",""职位分布"":""其他职位"",""职位简介"":""从事一线入户调查、数据处理、统计分析、统计研究等工作。"",""职位代码"":""400110121005"",""机构层级"":""县（区）级及以下"",""考试类别"":""市（地）级及以下直属机构综合管理类"",""招考人数"":""1"",""专业"":""统计学类、数学类、计算机类、经济学类"",""学历"":""仅限本科"",""学位"":""学士"",""政治面貌"":""不限"",""基层工作最低年限"":""无限制"",""服务基层项目工作经历"":""无限制"",""是否在面试阶段组织专业能力测试"":""否"",""面试人员比例"":""3:1"",""工作地点"":""海南省琼中黎族苗族自治县"",""落户地点"":""海南省琼中黎族苗族自治县"",""备注"":""限招2024届高校毕业生；本职位所列专业均要求主修专业；本职位为基层调查队岗位，需要到企业、住户、田间等开展直接调查，条件较艰苦；本单位最低服务年限为5年（含试用期）。"",""部门网站"":""无"",""咨询电话1"":""0898-65328778"",""咨询电话2"":""0898-66978523"",""咨询电话3"":"""",""来源Sheet"":""中央国家行政机关参照公务员法管理事业单位""}}"
"government_jobs","国家公务员2024招考简章","公务员/事业单位技术岗位","海南省乐东黎族自治县","2026-07-28T09:12:58.310295+00:00","乐东调查队一级科员","国家统计局海南调查总队","","海南省乐东黎族自治县","公务员/事业单位;2024;computer_software;data_ai;仅限本科;学士;统计学类、数学类、计算机类、经济学类;市（地）级及以下直属机构综合管理类","用人司局：国家统计局海南调查总队
职位简介：从事一线入户调查、数据处理、统计分析、统计研究等工作。
专业要求：统计学类、数学类、计算机类、经济学类
学历要求：仅限本科
学位要求：学士
政治面貌：不限
基层工作经历：无限制
考试类别：市（地）级及以下直属机构综合管理类
备注：限招2024届高校毕业生；本职位所列专业均要求主修专业；本职位为基层调查队岗位，需要到企业、住户、田间等开展直接调查，条件较艰苦；本单位最低服务年限为5年（含试用期）。","https://www.xuanhan.gov.cn/xxgk-show-77635.html#135121-400110121006","2023-10-15","{""dataset_year"":2024,""job_uid"":""GOV-2024-135121-400110121006"",""publisher"":""国家公务员局"",""publication_page"":""https://www.xuanhan.gov.cn/xxgk-show-77635.html"",""attachment_url"":""https://www.xuanhan.gov.cn/uploadfile/1/Attachment/638fdecf51.zip"",""local_source_file"":""中央机关及其直属机构2024年度考试录用公务员招考简章.xls"",""local_source_sha256"":""a1741b99dbecd6d03e533f99f2d69b0fa5a79733e551b80af69986ceed2ad996"",""source_sheet"":""中央国家行政机关参照公务员法管理事业单位"",""filter_version"":""government_tech_v2"",""tech_filter"":{""is_tech"":true,""is_core_tech"":true,""scope"":""core"",""categories"":[""computer_software"",""data_ai""],""matched_fields"":[""major"",""description""],""major_terms"":[""计算机类""],""role_terms"":[""数据处理""],""reason"":""tech_major_and_role""},""original"":{""部门代码"":""135121"",""部门名称"":""国家统计局海南调查总队"",""用人司局"":""国家统计局海南调查总队"",""机构性质"":""中央国家行政机关参照公务员法管理事业单位"",""招考职位"":""乐东调查队一级科员"",""职位属性"":""普通职位"",""职位分布"":""其他职位"",""职位简介"":""从事一线入户调查、数据处理、统计分析、统计研究等工作。"",""职位代码"":""400110121006"",""机构层级"":""县（区）级及以下"",""考试类别"":""市（地）级及以下直属机构综合管理类"",""招考人数"":""2"",""专业"":""统计学类、数学类、计算机类、经济学类"",""学历"":""仅限本科"",""学位"":""学士"",""政治面貌"":""不限"",""基层工作最低年限"":""无限制"",""服务基层项目工作经历"":""无限制"",""是否在面试阶段组织专业能力测试"":""否"",""面试人员比例"":""3:1"",""工作地点"":""海南省乐东黎族自治县"",""落户地点"":""海南省乐东黎族自治县"",""备注"":""限招2024届高校毕业生；本职位所列专业均要求主修专业；本职位为基层调查队岗位，需要到企业、住户、田间等开展直接调查，条件较艰苦；本单位最低服务年限为5年（含试用期）。"",""部门网站"":""无"",""咨询电话1"":""0898-65328778"",""咨询电话2"":""0898-66978523"",""咨询电话3"":"""",""来源Sheet"":""中央国家行政机关参照公务员法管理事业单位""}}"
"government_jobs","国家公务员2024招考简章","公务员/事业单位技术岗位","重庆市渝北区","2026-07-28T09:12:58.310295+00:00","重庆调查总队业务处室二级主任科员及以下（1）","国家统计局重庆调查总队","","重庆市渝北区","公务员/事业单位;2024;computer_software;data_ai;本科及以上;与最高学历相对应的学位;统计学类、经济学类、数学类、计算机类;中央机关及其省级直属机构综合管理类","用人司局：国家统计局重庆调查总队
职位简介：主要从事抽样调查、数据处理、统计分析、统计研究等工作。
专业要求：统计学类、经济学类、数学类、计算机类
学历要求：本科及以上
学位要求：与最高学历相对应的学位
政治面貌：不限
基层工作经历：无限制
考试类别：中央机关及其省级直属机构综合管理类
备注：1.本单位最低服务年限为5年（含试用期）；2.仅限男性。","https://www.xuanhan.gov.cn/xxgk-show-77635.html#135122-400110122003","2023-10-15","{""dataset_year"":2024,""job_uid"":""GOV-2024-135122-400110122003"",""publisher"":""国家公务员局"",""publication_page"":""https://www.xuanhan.gov.cn/xxgk-show-77635.html"",""attachment_url"":""https://www.xuanhan.gov.cn/uploadfile/1/Attachment/638fdecf51.zip"",""local_source_file"":""中央机关及其直属机构2024年度考试录用公务员招考简章.xls"",""local_source_sha256"":""a1741b99dbecd6d03e533f99f2d69b0fa5a79733e551b80af69986ceed2ad996"",""source_sheet"":""中央国家行政机关参照公务员法管理事业单位"",""filter_version"":""government_tech_v2"",""tech_filter"":{""is_tech"":true,""is_core_tech"":true,""scope"":""core"",""categories"":[""computer_software"",""data_ai""],""matched_fields"":[""major"",""description""],""major_terms"":[""计算机类""],""role_terms"":[""数据处理""],""reason"":""tech_major_and_role""},""original"":{""部门代码"":""135122"",""部门名称"":""国家统计局重庆调查总队"",""用人司局"":""国家统计局重庆调查总队"",""机构性质"":""中央国家行政机关参照公务员法管理事业单位"",""招考职位"":""重庆调查总队业务处室二级主任科员及以下（1）"",""职位属性"":""普通职位"",""职位分布"":""其他职位"",""职位简介"":""主要从事抽样调查、数据处理、统计分析、统计研究等工作。"",""职位代码"":""400110122003"",""机构层级"":""省（副省）级"",""考试类别"":""中央机关及其省级直属机构综合管理类"",""招考人数"":""1"",""专业"":""统计学类、经济学类、数学类、计算机类"",""学历"":""本科及以上"",""学位"":""与最高学历相对应的学位"",""政治面貌"":""不限"",""基层工作最低年限"":""无限制"",""服务基层项目工作经历"":""无限制"",""是否在面试阶段组织专业能力测试"":""否"",""面试人员比例"":""5:1"",""工作地点"":""重庆市渝北区"",""落户地点"":""重庆市渝北区"",""备注"":""1.本单位最低服务年限为5年（含试用期）；2.仅限男性。"",""部门网站"":""无"",""咨询电话1"":""023-67637091"",""咨询电话2"":""023-67637097"",""咨询电话3"":"""",""来源Sheet"":""中央国家行政机关参照公务员法管理事业单位""}}"
"government_jobs","国家公务员2024招考简章","公务员/事业单位技术岗位","重庆市渝北区","2026-07-28T09:12:58.310295+00:00","重庆调查总队业务处室二级主任科员及以下（2）","国家统计局重庆调查总队","","重庆市渝北区","公务员/事业单位;2024;computer_software;data_ai;本科及以上;与最高学历相对应的学位;统计学类、经济学类、数学类、计算机类;中央机关及其省级直属机构综合管理类","用人司局：国家统计局重庆调查总队
职位简介：主要从事抽样调查、数据处理、统计分析、统计研究等工作。
专业要求：统计学类、经济学类、数学类、计算机类
学历要求：本科及以上
学位要求：与最高学历相对应的学位
政治面貌：不限
基层工作经历：无限制
考试类别：中央机关及其省级直属机构综合管理类
备注：1.本单位最低服务年限为5年（含试用期）；2.仅限女性。","https://www.xuanhan.gov.cn/xxgk-show-77635.html#135122-400110122004","2023-10-15","{""dataset_year"":2024,""job_uid"":""GOV-2024-135122-400110122004"",""publisher"":""国家公务员局"",""publication_page"":""https://www.xuanhan.gov.cn/xxgk-show-77635.html"",""attachment_url"":""https://www.xuanhan.gov.cn/uploadfile/1/Attachment/638fdecf51.zip"",""local_source_file"":""中央机关及其直属机构2024年度考试录用公务员招考简章.xls"",""local_source_sha256"":""a1741b99dbecd6d03e533f99f2d69b0fa5a79733e551b80af69986ceed2ad996"",""source_sheet"":""中央国家行政机关参照公务员法管理事业单位"",""filter_version"":""government_tech_v2"",""tech_filter"":{""is_tech"":true,""is_core_tech"":true,""scope"":""core"",""categories"":[""computer_software"",""data_ai""],""matched_fields"":[""major"",""description""],""major_terms"":[""计算机类""],""role_terms"":[""数据处理""],""reason"":""tech_major_and_role""},""original"":{""部门代码"":""135122"",""部门名称"":""国家统计局重庆调查总队"",""用人司局"":""国家统计局重庆调查总队"",""机构性质"":""中央国家行政机关参照公务员法管理事业单位"",""招考职位"":""重庆调查总队业务处室二级主任科员及以下（2）"",""职位属性"":""普通职位"",""职位分布"":""其他职位"",""职位简介"":""主要从事抽样调查、数据处理、统计分析、统计研究等工作。"",""职位代码"":""400110122004"",""机构层级"":""省（副省）级"",""考试类别"":""中央机关及其省级直属机构综合管理类"",""招考人数"":""1"",""专业"":""统计学类、经济学类、数学类、计算机类"",""学历"":""本科及以上"",""学位"":""与最高学历相对应的学位"",""政治面貌"":""不限"",""基层工作最低年限"":""无限制"",""服务基层项目工作经历"":""无限制"",""是否在面试阶段组织专业能力测试"":""否"",""面试人员比例"":""5:1"",""工作地点"":""重庆市渝北区"",""落户地点"":""重庆市渝北区"",""备注"":""1.本单位最低服务年限为5年（含试用期）；2.仅限女性。"",""部门网站"":""无"",""咨询电话1"":""023-67637091"",""咨询电话2"":""023-67637097"",""咨询电话3"":"""",""来源Sheet"":""中央国家行政机关参照公务员法管理事业单位""}}"
"government_jobs","国家公务员2024招考简章","公务员/事业单位技术岗位","重庆市开州区","2026-07-28T09:12:58.310295+00:00","开州调查队农村调查科四级主任科员及以下","国家统计局重庆调查总队","","重庆市开州区","公务员/事业单位;2024;computer_software;data_ai;仅限本科;学士;中国语言文学类（汉语国际教育、中国少数民族语言文学、古典文献学、手语翻译除外）、计算机类（物联网工程、电影制作、保密技术、区块链工程专业除外）;市（地）级及以下直属机构综合管理类","用人司局：国家统计局重庆调查总队
职位简介：从事一线入户调查、数据处理、统计分析、统计研究等工作。
专业要求：中国语言文学类（汉语国际教育、中国少数民族语言文学、古典文献学、手语翻译除外）、计算机类（物联网工程、电影制作、保密技术、区块链工程专业除外）
学历要求：仅限本科
学位要求：学士
政治面貌：不限
基层工作经历：无限制
考试类别：市（地）级及以下直属机构综合管理类
备注：1.本单位最低服务年限为5年（含试用期）；2.限重庆市户籍考生报考。","https://www.xuanhan.gov.cn/xxgk-show-77635.html#135122-400110122011","2023-10-15","{""dataset_year"":2024,""job_uid"":""GOV-2024-135122-400110122011"",""publisher"":""国家公务员局"",""publication_page"":""https://www.xuanhan.gov.cn/xxgk-show-77635.html"",""attachment_url"":""https://www.xuanhan.gov.cn/uploadfile/1/Attachment/638fdecf51.zip"",""local_source_file"":""中央机关及其直属机构2024年度考试录用公务员招考简章.xls"",""local_source_sha256"":""a1741b99dbecd6d03e533f99f2d69b0fa5a79733e551b80af69986ceed2ad996"",""source_sheet"":""中央国家行政机关参照公务员法管理事业单位"",""filter_version"":""government_tech_v2"",""tech_filter"":{""is_tech"":true,""is_core_tech"":true,""scope"":""core"",""categories"":[""computer_software"",""data_ai""],""matched_fields"":[""major"",""description""],""major_terms"":[""保密技术"",""区块链工程"",""物联网工程"",""计算机类""],""role_terms"":[""数据处理""],""reason"":""tech_major_and_role""},""original"":{""部门代码"":""135122"",""部门名称"":""国家统计局重庆调查总队"",""用人司局"":""国家统计局重庆调查总队"",""机构性质"":""中央国家行政机关参照公务员法管理事业单位"",""招考职位"":""开州调查队农村调查科四级主任科员及以下"",""职位属性"":""普通职位"",""职位分布"":""西部地区和艰苦边远地区职位"",""职位简介"":""从事一线入户调查、数据处理、统计分析、统计研究等工作。"",""职位代码"":""400110122011"",""机构层级"":""县（区）级及以下"",""考试类别"":""市（地）级及以下直属机构综合管理类"",""招考人数"":""1"",""专业"":""中国语言文学类（汉语国际教育、中国少数民族语言文学、古典文献学、手语翻译除外）、计算机类（物联网工程、电影制作、保密技术、区块链工程专业除外）"",""学历"":""仅限本科"",""学位"":""学士"",""政治面貌"":""不限"",""基层工作最低年限"":""无限制"",""服务基层项目工作经历"":""无限制"",""是否在面试阶段组织专业能力测试"":""否"",""面试人员比例"":""3:1"",""工作地点"":""重庆市开州区"",""落户地点"":""重庆市开州区"",""备注"":""1.本单位最低服务年限为5年（含试用期）；2.限重庆市户籍考生报考。"",""部门网站"":""无"",""咨询电话1"":""023-67637091"",""咨询电话2"":""023-67637097"",""咨询电话3"":"""",""来源Sheet"":""中央国家行政机关参照公务员法管理事业单位""}}"
"government_jobs","国家公务员2024招考简章","公务员/事业单位技术岗位","贵州省贵阳市观山湖区","2026-07-28T09:12:58.310295+00:00","贵阳调查队业务处室一级科员","国家统计局贵州调查总队","","贵州省贵阳市观山湖区","公务员/事业单位;2024;computer_software;cybersecurity_cryptography;data_ai;仅限本科;学士;统计学、应用统计学、数学与应用数学、信息与计算科学、数据计算及应用、农林经济发展、农村区域发展、经济学、经济统计学、网络工程、信息安全、会计学、财务管理、汉语言文学。;市（地）级及以下直属机构综合管理类","用人司局：国家统计局贵州调查总队
职位简介：从事一线入户调查、数据处理、统计分析、统计研究等工作。
专业要求：统计学、应用统计学、数学与应用数学、信息与计算科学、数据计算及应用、农林经济发展、农村区域发展、经济学、经济统计学、网络工程、信息安全、会计学、财务管理、汉语言文学。
学历要求：仅限本科
学位要求：学士
政治面貌：不限
基层工作经历：无限制
考试类别：市（地）级及以下直属机构综合管理类
备注：1.限应届高校毕业生。2.本职位工作条件艰苦，需长期独立深入乡村、企业工作。3.本单位最低服务年限为5年（含试用期）。4.所列专业均要求主修专业，考生报考专业须与招录专业名称一致。","https://www.xuanhan.gov.cn/xxgk-show-77635.html#135124-400110124002","2023-10-15","{""dataset_year"":2024,""job_uid"":""GOV-2024-135124-400110124002"",""publisher"":""国家公务员局"",""publication_page"":""https://www.xuanhan.gov.cn/xxgk-show-77635.html"",""attachment_url"":""https://www.xuanhan.gov.cn/uploadfile/1/Attachment/638fdecf51.zip"",""local_source_file"":""中央机关及其直属机构2024年度考试录用公务员招考简章.xls"",""local_source_sha256"":""a1741b99dbecd6d03e533f99f2d69b0fa5a79733e551b80af69986ceed2ad996"",""source_sheet"":""中央国家行政机关参照公务员法管理事业单位"",""filter_version"":""government_tech_v2"",""tech_filter"":{""is_tech"":true,""is_core_tech"":true,""scope"":""core"",""categories"":[""computer_software"",""cybersecurity_cryptography"",""data_ai""],""matched_fields"":[""major"",""description""],""major_terms"":[""信息安全"",""网络工程""],""role_terms"":[""数据处理""],""reason"":""tech_major_and_role""},""original"":{""部门代码"":""135124"",""部门名称"":""国家统计局贵州调查总队"",""用人司局"":""国家统计局贵州调查总队"",""机构性质"":""中央国家行政机关参照公务员法管理事业单位"",""招考职位"":""贵阳调查队业务处室一级科员"",""职位属性"":""普通职位"",""职位分布"":""西部地区和艰苦边远地区职位"",""职位简介"":""从事一线入户调查、数据处理、统计分析、统计研究等工作。"",""职位代码"":""400110124002"",""机构层级"":""市（地）级"",""考试类别"":""市（地）级及以下直属机构综合管理类"",""招考人数"":""4"",""专业"":""统计学、应用统计学、数学与应用数学、信息与计算科学、数据计算及应用、农林经济发展、农村区域发展、经济学、经济统计学、网络工程、信息安全、会计学、财务管理、汉语言文学。"",""学历"":""仅限本科"",""学位"":""学士"",""政治面貌"":""不限"",""基层工作最低年限"":""无限制"",""服务基层项目工作经历"":""无限制"",""是否在面试阶段组织专业能力测试"":""否"",""面试人员比例"":""3:1"",""工作地点"":""贵州省贵阳市观山湖区"",""落户地点"":""贵州省贵阳市观山湖区"",""备注"":""1.限应届高校毕业生。2.本职位工作条件艰苦，需长期独立深入乡村、企业工作。3.本单位最低服务年限为5年（含试用期）。4.所列专业均要求主修专业，考生报考专业须与招录专业名称一致。"",""部门网站"":""无"",""咨询电话1"":""0851-86677007"",""咨询电话2"":""0851-86677005"",""咨询电话3"":"""",""来源Sheet"":""中央国家行政机关参照公务员法管理事业单位""}}"
"government_jobs","国家公务员2024招考简章","公务员/事业单位技术岗位","贵州省安顺市西秀区","2026-07-28T09:12:58.310295+00:00","安顺调查队业务科室一级科员","国家统计局贵州调查总队","","贵州省安顺市西秀区","公务员/事业单位;2024;computer_software;cybersecurity_cryptography;data_ai;仅限本科;学士;统计学、应用统计学、数学与应用数学、信息与计算科学、数据计算及应用、农林经济发展、农村区域发展、经济学、经济统计学、网络工程、信息安全、会计学、财务管理、汉语言文学。;市（地）级及以下直属机构综合管理类","用人司局：国家统计局贵州调查总队
职位简介：从事一线入户调查、数据处理、统计分析、统计研究等工作。
专业要求：统计学、应用统计学、数学与应用数学、信息与计算科学、数据计算及应用、农林经济发展、农村区域发展、经济学、经济统计学、网络工程、信息安全、会计学、财务管理、汉语言文学。
学历要求：仅限本科
学位要求：学士
政治面貌：不限
基层工作经历：无限制
考试类别：市（地）级及以下直属机构综合管理类
备注：1.限应届高校毕业生。2.本职位工作条件艰苦，需长期独立深入乡村、企业工作。3.本单位最低服务年限为5年（含试用期）。4.所列专业均要求主修专业，考生报考专业须与招录专业名称一致。","https://www.xuanhan.gov.cn/xxgk-show-77635.html#135124-400110124003","2023-10-15","{""dataset_year"":2024,""job_uid"":""GOV-2024-135124-400110124003"",""publisher"":""国家公务员局"",""publication_page"":""https://www.xuanhan.gov.cn/xxgk-show-77635.html"",""attachment_url"":""https://www.xuanhan.gov.cn/uploadfile/1/Attachment/638fdecf51.zip"",""local_source_file"":""中央机关及其直属机构2024年度考试录用公务员招考简章.xls"",""local_source_sha256"":""a1741b99dbecd6d03e533f99f2d69b0fa5a79733e551b80af69986ceed2ad996"",""source_sheet"":""中央国家行政机关参照公务员法管理事业单位"",""filter_version"":""government_tech_v2"",""tech_filter"":{""is_tech"":true,""is_core_tech"":true,""scope"":""core"",""categories"":[""computer_software"",""cybersecurity_cryptography"",""data_ai""],""matched_fields"":[""major"",""description""],""major_terms"":[""信息安全"",""网络工程""],""role_terms"":[""数据处理""],""reason"":""tech_major_and_role""},""original"":{""部门代码"":""135124"",""部门名称"":""国家统计局贵州调查总队"",""用人司局"":""国家统计局贵州调查总队"",""机构性质"":""中央国家行政机关参照公务员法管理事业单位"",""招考职位"":""安顺调查队业务科室一级科员"",""职位属性"":""普通职位"",""职位分布"":""西部地区和艰苦边远地区职位"",""职位简介"":""从事一线入户调查、数据处理、统计分析、统计研究等工作。"",""职位代码"":""400110124003"",""机构层级"":""市（地）级"",""考试类别"":""市（地）级及以下直属机构综合管理类"",""招考人数"":""2"",""专业"":""统计学、应用统计学、数学与应用数学、信息与计算科学、数据计算及应用、农林经济发展、农村区域发展、经济学、经济统计学、网络工程、信息安全、会计学、财务管理、汉语言文学。"",""学历"":""仅限本科"",""学位"":""学士"",""政治面貌"":""不限"",""基层工作最低年限"":""无限制"",""服务基层项目工作经历"":""无限制"",""是否在面试阶段组织专业能力测试"":""否"",""面试人员比例"":""3:1"",""工作地点"":""贵州省安顺市西秀区"",""落户地点"":""贵州省安顺市西秀区"",""备注"":""1.限应届高校毕业生。2.本职位工作条件艰苦，需长期独立深入乡村、企业工作。3.本单位最低服务年限为5年（含试用期）。4.所列专业均要求主修专业，考生报考专业须与招录专业名称一致。"",""部门网站"":""无"",""咨询电话1"":""0851-86677007"",""咨询电话2"":""0851-86677005"",""咨询电话3"":"""",""来源Sheet"":""中央国家行政机关参照公务员法管理事业单位""}}"
"government_jobs","国家公务员2024招考简章","公务员/事业单位技术岗位","贵州省黔南布依族苗族自治州都匀市","2026-07-28T09:12:58.310295+00:00","黔南调查队业务科室一级科员","国家统计局贵州调查总队","","贵州省黔南布依族苗族自治州都匀市","公务员/事业单位;2024;computer_software;cybersecurity_cryptography;data_ai;仅限本科;学士;统计学、应用统计学、数学与应用数学、信息与计算科学、数据计算及应用、农林经济发展、农村区域发展、经济学、经济统计学、网络工程、信息安全、会计学、财务管理、汉语言文学。;市（地）级及以下直属机构综合管理类","用人司局：国家统计局贵州调查总队
职位简介：从事一线入户调查、数据处理、统计分析、统计研究等工作。
专业要求：统计学、应用统计学、数学与应用数学、信息与计算科学、数据计算及应用、农林经济发展、农村区域发展、经济学、经济统计学、网络工程、信息安全、会计学、财务管理、汉语言文学。
学历要求：仅限本科
学位要求：学士
政治面貌：不限
基层工作经历：无限制
考试类别：市（地）级及以下直属机构综合管理类
备注：1.限应届高校毕业生。2.本职位工作条件艰苦，需长期独立深入乡村、企业工作。3.本单位最低服务年限为5年（含试用期）。4.所列专业均要求主修专业，考生报考专业须与招录专业名称一致。","https://www.xuanhan.gov.cn/xxgk-show-77635.html#135124-400110124004","2023-10-15","{""dataset_year"":2024,""job_uid"":""GOV-2024-135124-400110124004"",""publisher"":""国家公务员局"",""publication_page"":""https://www.xuanhan.gov.cn/xxgk-show-77635.html"",""attachment_url"":""https://www.xuanhan.gov.cn/uploadfile/1/Attachment/638fdecf51.zip"",""local_source_file"":""中央机关及其直属机构2024年度考试录用公务员招考简章.xls"",""local_source_sha256"":""a1741b99dbecd6d03e533f99f2d69b0fa5a79733e551b80af69986ceed2ad996"",""source_sheet"":""中央国家行政机关参照公务员法管理事业单位"",""filter_version"":""government_tech_v2"",""tech_filter"":{""is_tech"":true,""is_core_tech"":true,""scope"":""core"",""categories"":[""computer_software"",""cybersecurity_cryptography"",""data_ai""],""matched_fields"":[""major"",""description""],""major_terms"":[""信息安全"",""网络工程""],""role_terms"":[""数据处理""],""reason"":""tech_major_and_role""},""original"":{""部门代码"":""135124"",""部门名称"":""国家统计局贵州调查总队"",""用人司局"":""国家统计局贵州调查总队"",""机构性质"":""中央国家行政机关参照公务员法管理事业单位"",""招考职位"":""黔南调查队业务科室一级科员"",""职位属性"":""普通职位"",""职位分布"":""西部地区和艰苦边远地区职位"",""职位简介"":""从事一线入户调查、数据处理、统计分析、统计研究等工作。"",""职位代码"":""400110124004"",""机构层级"":""市（地）级"",""考试类别"":""市（地）级及以下直属机构综合管理类"",""招考人数"":""1"",""专业"":""统计学、应用统计学、数学与应用数学、信息与计算科学、数据计算及应用、农林经济发展、农村区域发展、经济学、经济统计学、网络工程、信息安全、会计学、财务管理、汉语言文学。"",""学历"":""仅限本科"",""学位"":""学士"",""政治面貌"":""不限"",""基层工作最低年限"":""无限制"",""服务基层项目工作经历"":""无限制"",""是否在面试阶段组织专业能力测试"":""否"",""面试人员比例"":""3:1"",""工作地点"":""贵州省黔南布依族苗族自治州都匀市"",""落户地点"":""贵州省黔南布依族苗族自治州都匀市"",""备注"":""1.限应届高校毕业生。2.本职位工作条件艰苦，需长期独立深入乡村、企业工作。3.本单位最低服务年限为5年（含试用期）。4.所列专业均要求主修专业，考生报考专业须与招录专业名称一致。"",""部门网站"":""无"",""咨询电话1"":""0851-86677007"",""咨询电话2"":""0851-86677005"",""咨询电话3"":"""",""来源Sheet"":""中央国家行政机关参照公务员法管理事业单位""}}"
"government_jobs","国家公务员2024招考简章","公务员/事业单位技术岗位","贵州省黔东南苗族侗族自治州凯里市","2026-07-28T09:12:58.310295+00:00","黔东南调查队业务科室一级科员","国家统计局贵州调查总队","","贵州省黔东南苗族侗族自治州凯里市","公务员/事业单位;2024;computer_software;cybersecurity_cryptography;data_ai;仅限本科;学士;统计学、应用统计学、数学与应用数学、信息与计算科学、数据计算及应用、农林经济发展、农村区域发展、经济学、经济统计学、网络工程、信息安全、会计学、财务管理、汉语言文学。;市（地）级及以下直属机构综合管理类","用人司局：国家统计局贵州调查总队
职位简介：从事一线入户调查、数据处理、统计分析、统计研究等工作。
专业要求：统计学、应用统计学、数学与应用数学、信息与计算科学、数据计算及应用、农林经济发展、农村区域发展、经济学、经济统计学、网络工程、信息安全、会计学、财务管理、汉语言文学。
学历要求：仅限本科
学位要求：学士
政治面貌：不限
基层工作经历：无限制
考试类别：市（地）级及以下直属机构综合管理类
备注：1.限应届高校毕业生。2.本职位工作条件艰苦，需长期独立深入乡村、企业工作。3.本单位最低服务年限为5年（含试用期）。4.所列专业均要求主修专业，考生报考专业须与招录专业名称一致。","https://www.xuanhan.gov.cn/xxgk-show-77635.html#135124-400110124005","2023-10-15","{""dataset_year"":2024,""job_uid"":""GOV-2024-135124-400110124005"",""publisher"":""国家公务员局"",""publication_page"":""https://www.xuanhan.gov.cn/xxgk-show-77635.html"",""attachment_url"":""https://www.xuanhan.gov.cn/uploadfile/1/Attachment/638fdecf51.zip"",""local_source_file"":""中央机关及其直属机构2024年度考试录用公务员招考简章.xls"",""local_source_sha256"":""a1741b99dbecd6d03e533f99f2d69b0fa5a79733e551b80af69986ceed2ad996"",""source_sheet"":""中央国家行政机关参照公务员法管理事业单位"",""filter_version"":""government_tech_v2"",""tech_filter"":{""is_tech"":true,""is_core_tech"":true,""scope"":""core"",""categories"":[""computer_software"",""cybersecurity_cryptography"",""data_ai""],""matched_fields"":[""major"",""description""],""major_terms"":[""信息安全"",""网络工程""],""role_terms"":[""数据处理""],""reason"":""tech_major_and_role""},""original"":{""部门代码"":""135124"",""部门名称"":""国家统计局贵州调查总队"",""用人司局"":""国家统计局贵州调查总队"",""机构性质"":""中央国家行政机关参照公务员法管理事业单位"",""招考职位"":""黔东南调查队业务科室一级科员"",""职位属性"":""普通职位"",""职位分布"":""西部地区和艰苦边远地区职位"",""职位简介"":""从事一线入户调查、数据处理、统计分析、统计研究等工作。"",""职位代码"":""400110124005"",""机构层级"":""市（地）级"",""考试类别"":""市（地）级及以下直属机构综合管理类"",""招考人数"":""2"",""专业"":""统计学、应用统计学、数学与应用数学、信息与计算科学、数据计算及应用、农林经济发展、农村区域发展、经济学、经济统计学、网络工程、信息安全、会计学、财务管理、汉语言文学。"",""学历"":""仅限本科"",""学位"":""学士"",""政治面貌"":""不限"",""基层工作最低年限"":""无限制"",""服务基层项目工作经历"":""无限制"",""是否在面试阶段组织专业能力测试"":""否"",""面试人员比例"":""3:1"",""工作地点"":""贵州省黔东南苗族侗族自治州凯里市"",""落户地点"":""贵州省黔东南苗族侗族自治州凯里市"",""备注"":""1.限应届高校毕业生。2.本职位工作条件艰苦，需长期独立深入乡村、企业工作。3.本单位最低服务年限为5年（含试用期）。4.所列专业均要求主修专业，考生报考专业须与招录专业名称一致。"",""部门网站"":""无"",""咨询电话1"":""0851-86677007"",""咨询电话2"":""0851-86677005"",""咨询电话3"":"""",""来源Sheet"":""中央国家行政机关参照公务员法管理事业单位""}}"
"government_jobs","国家公务员2024招考简章","公务员/事业单位技术岗位","贵州省铜仁市碧江区","2026-07-28T09:12:58.310295+00:00","铜仁调查队业务科室一级科员","国家统计局贵州调查总队","","贵州省铜仁市碧江区","公务员/事业单位;2024;computer_software;cybersecurity_cryptography;data_ai;仅限本科;学士;统计学、应用统计学、数学与应用数学、信息与计算科学、数据计算及应用、农林经济发展、农村区域发展、经济学、经济统计学、网络工程、信息安全、会计学、财务管理、汉语言文学。;市（地）级及以下直属机构综合管理类","用人司局：国家统计局贵州调查总队
职位简介：从事一线入户调查、数据处理、统计分析、统计研究等工作。
专业要求：统计学、应用统计学、数学与应用数学、信息与计算科学、数据计算及应用、农林经济发展、农村区域发展、经济学、经济统计学、网络工程、信息安全、会计学、财务管理、汉语言文学。
学历要求：仅限本科
学位要求：学士
政治面貌：不限
基层工作经历：无限制
考试类别：市（地）级及以下直属机构综合管理类
备注：1.限应届高校毕业生。2.本职位工作条件艰苦，需长期独立深入乡村、企业工作。3.本单位最低服务年限为5年（含试用期）。4.所列专业均要求主修专业，考生报考专业须与招录专业名称一致。","https://www.xuanhan.gov.cn/xxgk-show-77635.html#135124-400110124006","2023-10-15","{""dataset_year"":2024,""job_uid"":""GOV-2024-135124-400110124006"",""publisher"":""国家公务员局"",""publication_page"":""https://www.xuanhan.gov.cn/xxgk-show-77635.html"",""attachment_url"":""https://www.xuanhan.gov.cn/uploadfile/1/Attachment/638fdecf51.zip"",""local_source_file"":""中央机关及其直属机构2024年度考试录用公务员招考简章.xls"",""local_source_sha256"":""a1741b99dbecd6d03e533f99f2d69b0fa5a79733e551b80af69986ceed2ad996"",""source_sheet"":""中央国家行政机关参照公务员法管理事业单位"",""filter_version"":""government_tech_v2"",""tech_filter"":{""is_tech"":true,""is_core_tech"":true,""scope"":""core"",""categories"":[""computer_software"",""cybersecurity_cryptography"",""data_ai""],""matched_fields"":[""major"",""description""],""major_terms"":[""信息安全"",""网络工程""],""role_terms"":[""数据处理""],""reason"":""tech_major_and_role""},""original"":{""部门代码"":""135124"",""部门名称"":""国家统计局贵州调查总队"",""用人司局"":""国家统计局贵州调查总队"",""机构性质"":""中央国家行政机关参照公务员法管理事业单位"",""招考职位"":""铜仁调查队业务科室一级科员"",""职位属性"":""普通职位"",""职位分布"":""西部地区和艰苦边远地区职位"",""职位简介"":""从事一线入户调查、数据处理、统计分析、统计研究等工作。"",""职位代码"":""400110124006"",""机构层级"":""市（地）级"",""考试类别"":""市（地）级及以下直属机构综合管理类"",""招考人数"":""2"",""专业"":""统计学、应用统计学、数学与应用数学、信息与计算科学、数据计算及应用、农林经济发展、农村区域发展、经济学、经济统计学、网络工程、信息安全、会计学、财务管理、汉语言文学。"",""学历"":""仅限本科"",""学位"":""学士"",""政治面貌"":""不限"",""基层工作最低年限"":""无限制"",""服务基层项目工作经历"":""无限制"",""是否在面试阶段组织专业能力测试"":""否"",""面试人员比例"":""3:1"",""工作地点"":""贵州省铜仁市碧江区"",""落户地点"":""贵州省铜仁市碧江区"",""备注"":""1.限应届高校毕业生。2.本职位工作条件艰苦，需长期独立深入乡村、企业工作。3.本单位最低服务年限为5年（含试用期）。4.所列专业均要求主修专业，考生报考专业须与招录专业名称一致。"",""部门网站"":""无"",""咨询电话1"":""0851-86677007"",""咨询电话2"":""0851-86677005"",""咨询电话3"":"""",""来源Sheet"":""中央国家行政机关参照公务员法管理事业单位""}}"
"government_jobs","国家公务员2024招考简章","公务员/事业单位技术岗位","贵州省毕节市七星关区","2026-07-28T09:12:58.310295+00:00","毕节调查队业务科室一级科员","国家统计局贵州调查总队","","贵州省毕节市七星关区","公务员/事业单位;2024;computer_software;cybersecurity_cryptography;data_ai;仅限本科;学士;统计学、应用统计学、数学与应用数学、信息与计算科学、数据计算及应用、农林经济发展、农村区域发展、经济学、经济统计学、网络工程、信息安全、会计学、财务管理、汉语言文学。;市（地）级及以下直属机构综合管理类","用人司局：国家统计局贵州调查总队
职位简介：从事一线入户调查、数据处理、统计分析、统计研究等工作。
专业要求：统计学、应用统计学、数学与应用数学、信息与计算科学、数据计算及应用、农林经济发展、农村区域发展、经济学、经济统计学、网络工程、信息安全、会计学、财务管理、汉语言文学。
学历要求：仅限本科
学位要求：学士
政治面貌：不限
基层工作经历：无限制
考试类别：市（地）级及以下直属机构综合管理类
备注：1.限应届高校毕业生。2.本职位工作条件艰苦，需长期独立深入乡村、企业工作。3.本单位最低服务年限为5年（含试用期）。4.所列专业均要求主修专业，考生报考专业须与招录专业名称一致。","https://www.xuanhan.gov.cn/xxgk-show-77635.html#135124-400110124007","2023-10-15","{""dataset_year"":2024,""job_uid"":""GOV-2024-135124-400110124007"",""publisher"":""国家公务员局"",""publication_page"":""https://www.xuanhan.gov.cn/xxgk-show-77635.html"",""attachment_url"":""https://www.xuanhan.gov.cn/uploadfile/1/Attachment/638fdecf51.zip"",""local_source_file"":""中央机关及其直属机构2024年度考试录用公务员招考简章.xls"",""local_source_sha256"":""a1741b99dbecd6d03e533f99f2d69b0fa5a79733e551b80af69986ceed2ad996"",""source_sheet"":""中央国家行政机关参照公务员法管理事业单位"",""filter_version"":""government_tech_v2"",""tech_filter"":{""is_tech"":true,""is_core_tech"":true,""scope"":""core"",""categories"":[""computer_software"",""cybersecurity_cryptography"",""data_ai""],""matched_fields"":[""major"",""description""],""major_terms"":[""信息安全"",""网络工程""],""role_terms"":[""数据处理""],""reason"":""tech_major_and_role""},""original"":{""部门代码"":""135124"",""部门名称"":""国家统计局贵州调查总队"",""用人司局"":""国家统计局贵州调查总队"",""机构性质"":""中央国家行政机关参照公务员法管理事业单位"",""招考职位"":""毕节调查队业务科室一级科员"",""职位属性"":""普通职位"",""职位分布"":""西部地区和艰苦边远地区职位"",""职位简介"":""从事一线入户调查、数据处理、统计分析、统计研究等工作。"",""职位代码"":""400110124007"",""机构层级"":""市（地）级"",""考试类别"":""市（地）级及以下直属机构综合管理类"",""招考人数"":""3"",""专业"":""统计学、应用统计学、数学与应用数学、信息与计算科学、数据计算及应用、农林经济发展、农村区域发展、经济学、经济统计学、网络工程、信息安全、会计学、财务管理、汉语言文学。"",""学历"":""仅限本科"",""学位"":""学士"",""政治面貌"":""不限"",""基层工作最低年限"":""无限制"",""服务基层项目工作经历"":""无限制"",""是否在面试阶段组织专业能力测试"":""否"",""面试人员比例"":""3:1"",""工作地点"":""贵州省毕节市七星关区"",""落户地点"":""贵州省毕节市七星关区"",""备注"":""1.限应届高校毕业生。2.本职位工作条件艰苦，需长期独立深入乡村、企业工作。3.本单位最低服务年限为5年（含试用期）。4.所列专业均要求主修专业，考生报考专业须与招录专业名称一致。"",""部门网站"":""无"",""咨询电话1"":""0851-86677007"",""咨询电话2"":""0851-86677005"",""咨询电话3"":"""",""来源Sheet"":""中央国家行政机关参照公务员法管理事业单位""}}"
"government_jobs","国家公务员2024招考简章","公务员/事业单位技术岗位","贵州省黔西南布依族苗族自治州兴义市","2026-07-28T09:12:58.310295+00:00","黔西南调查队业务科室一级科员","国家统计局贵州调查总队","","贵州省黔西南布依族苗族自治州兴义市","公务员/事业单位;2024;computer_software;cybersecurity_cryptography;data_ai;仅限本科;学士;统计学、应用统计学、数学与应用数学、信息与计算科学、数据计算及应用、农林经济发展、农村区域发展、经济学、经济统计学、网络工程、信息安全、会计学、财务管理、汉语言文学。;市（地）级及以下直属机构综合管理类","用人司局：国家统计局贵州调查总队
职位简介：从事一线入户调查、数据处理、统计分析、统计研究等工作。
专业要求：统计学、应用统计学、数学与应用数学、信息与计算科学、数据计算及应用、农林经济发展、农村区域发展、经济学、经济统计学、网络工程、信息安全、会计学、财务管理、汉语言文学。
学历要求：仅限本科
学位要求：学士
政治面貌：不限
基层工作经历：无限制
考试类别：市（地）级及以下直属机构综合管理类
备注：1.限应届高校毕业生。2.本职位工作条件艰苦，需长期独立深入乡村、企业工作。3.本单位最低服务年限为5年（含试用期）。4.所列专业均要求主修专业，考生报考专业须与招录专业名称一致。","https://www.xuanhan.gov.cn/xxgk-show-77635.html#135124-400110124008","2023-10-15","{""dataset_year"":2024,""job_uid"":""GOV-2024-135124-400110124008"",""publisher"":""国家公务员局"",""publication_page"":""https://www.xuanhan.gov.cn/xxgk-show-77635.html"",""attachment_url"":""https://www.xuanhan.gov.cn/uploadfile/1/Attachment/638fdecf51.zip"",""local_source_file"":""中央机关及其直属机构2024年度考试录用公务员招考简章.xls"",""local_source_sha256"":""a1741b99dbecd6d03e533f99f2d69b0fa5a79733e551b80af69986ceed2ad996"",""source_sheet"":""中央国家行政机关参照公务员法管理事业单位"",""filter_version"":""government_tech_v2"",""tech_filter"":{""is_tech"":true,""is_core_tech"":true,""scope"":""core"",""categories"":[""computer_software"",""cybersecurity_cryptography"",""data_ai""],""matched_fields"":[""major"",""description""],""major_terms"":[""信息安全"",""网络工程""],""role_terms"":[""数据处理""],""reason"":""tech_major_and_role""},""original"":{""部门代码"":""135124"",""部门名称"":""国家统计局贵州调查总队"",""用人司局"":""国家统计局贵州调查总队"",""机构性质"":""中央国家行政机关参照公务员法管理事业单位"",""招考职位"":""黔西南调查队业务科室一级科员"",""职位属性"":""普通职位"",""职位分布"":""西部地区和艰苦边远地区职位"",""职位简介"":""从事一线入户调查、数据处理、统计分析、统计研究等工作。"",""职位代码"":""400110124008"",""机构层级"":""市（地）级"",""考试类别"":""市（地）级及以下直属机构综合管理类"",""招考人数"":""3"",""专业"":""统计学、应用统计学、数学与应用数学、信息与计算科学、数据计算及应用、农林经济发展、农村区域发展、经济学、经济统计学、网络工程、信息安全、会计学、财务管理、汉语言文学。"",""学历"":""仅限本科"",""学位"":""学士"",""政治面貌"":""不限"",""基层工作最低年限"":""无限制"",""服务基层项目工作经历"":""无限制"",""是否在面试阶段组织专业能力测试"":""否"",""面试人员比例"":""3:1"",""工作地点"":""贵州省黔西南布依族苗族自治州兴义市"",""落户地点"":""贵州省黔西南布依族苗族自治州兴义市"",""备注"":""1.限应届高校毕业生。2.本职位工作条件艰苦，需长期独立深入乡村、企业工作。3.本单位最低服务年限为5年（含试用期）。4.所列专业均要求主修专业，考生报考专业须与招录专业名称一致。"",""部门网站"":""无"",""咨询电话1"":""0851-86677007"",""咨询电话2"":""0851-86677005"",""咨询电话3"":"""",""来源Sheet"":""中央国家行政机关参照公务员法管理事业单位""}}"
"government_jobs","国家公务员2024招考简章","公务员/事业单位技术岗位","贵州省贵阳市南明区","2026-07-28T09:12:58.310295+00:00","南明调查队一级科员","国家统计局贵州调查总队","","贵州省贵阳市南明区","公务员/事业单位;2024;computer_software;cybersecurity_cryptography;data_ai;仅限本科;学士;统计学、应用统计学、数学与应用数学、信息与计算科学、数据计算及应用、农林经济发展、农村区域发展、网络工程、信息安全、经济学、经济统计学、汉语言文学。;市（地）级及以下直属机构综合管理类","用人司局：国家统计局贵州调查总队
职位简介：从事一线入户调查、数据处理、统计分析、统计研究等工作。
专业要求：统计学、应用统计学、数学与应用数学、信息与计算科学、数据计算及应用、农林经济发展、农村区域发展、网络工程、信息安全、经济学、经济统计学、汉语言文学。
学历要求：仅限本科
学位要求：学士
政治面貌：不限
基层工作经历：无限制
考试类别：市（地）级及以下直属机构综合管理类
备注：1.限应届高校毕业生。2.本职位工作条件艰苦，需长期独立深入乡村、企业工作。3.限贵州省户籍或贵州省生源。4.本单位最低服务年限为5年（含试用期）。5.所列专业均要求主修专业，考生报考专业须与招录专业名称一致。","https://www.xuanhan.gov.cn/xxgk-show-77635.html#135124-400110124009","2023-10-15","{""dataset_year"":2024,""job_uid"":""GOV-2024-135124-400110124009"",""publisher"":""国家公务员局"",""publication_page"":""https://www.xuanhan.gov.cn/xxgk-show-77635.html"",""attachment_url"":""https://www.xuanhan.gov.cn/uploadfile/1/Attachment/638fdecf51.zip"",""local_source_file"":""中央机关及其直属机构2024年度考试录用公务员招考简章.xls"",""local_source_sha256"":""a1741b99dbecd6d03e533f99f2d69b0fa5a79733e551b80af69986ceed2ad996"",""source_sheet"":""中央国家行政机关参照公务员法管理事业单位"",""filter_version"":""government_tech_v2"",""tech_filter"":{""is_tech"":true,""is_core_tech"":true,""scope"":""core"",""categories"":[""computer_software"",""cybersecurity_cryptography"",""data_ai""],""matched_fields"":[""major"",""description""],""major_terms"":[""信息安全"",""网络工程""],""role_terms"":[""数据处理""],""reason"":""tech_major_and_role""},""original"":{""部门代码"":""135124"",""部门名称"":""国家统计局贵州调查总队"",""用人司局"":""国家统计局贵州调查总队"",""机构性质"":""中央国家行政机关参照公务员法管理事业单位"",""招考职位"":""南明调查队一级科员"",""职位属性"":""普通职位"",""职位分布"":""西部地区和艰苦边远地区职位"",""职位简介"":""从事一线入户调查、数据处理、统计分析、统计研究等工作。"",""职位代码"":""400110124009"",""机构层级"":""县（区）级及以下"",""考试类别"":""市（地）级及以下直属机构综合管理类"",""招考人数"":""1"",""专业"":""统计学、应用统计学、数学与应用数学、信息与计算科学、数据计算及应用、农林经济发展、农村区域发展、网络工程、信息安全、经济学、经济统计学、汉语言文学。"",""学历"":""仅限本科"",""学位"":""学士"",""政治面貌"":""不限"",""基层工作最低年限"":""无限制"",""服务基层项目工作经历"":""无限制"",""是否在面试阶段组织专业能力测试"":""否"",""面试人员比例"":""3:1"",""工作地点"":""贵州省贵阳市南明区"",""落户地点"":""贵州省贵阳市南明区"",""备注"":""1.限应届高校毕业生。2.本职位工作条件艰苦，需长期独立深入乡村、企业工作。3.限贵州省户籍或贵州省生源。4.本单位最低服务年限为5年（含试用期）。5.所列专业均要求主修专业，考生报考专业须与招录专业名称一致。"",""部门网站"":""无"",""咨询电话1"":""0851-86677007"",""咨询电话2"":""0851-86677005"",""咨询电话3"":"""",""来源Sheet"":""中央国家行政机关参照公务员法管理事业单位""}}"
"government_jobs","国家公务员2024招考简章","公务员/事业单位技术岗位","贵州省贵阳市开阳县","2026-07-28T09:12:58.310295+00:00","开阳调查队一级科员","国家统计局贵州调查总队","","贵州省贵阳市开阳县","公务员/事业单位;2024;computer_software;cybersecurity_cryptography;data_ai;仅限本科;学士;统计学、应用统计学、数学与应用数学、信息与计算科学、数据计算及应用、农林经济发展、农村区域发展、网络工程、信息安全、经济学、经济统计学、汉语言文学。;市（地）级及以下直属机构综合管理类","用人司局：国家统计局贵州调查总队
职位简介：从事一线入户调查、数据处理、统计分析、统计研究等工作。
专业要求：统计学、应用统计学、数学与应用数学、信息与计算科学、数据计算及应用、农林经济发展、农村区域发展、网络工程、信息安全、经济学、经济统计学、汉语言文学。
学历要求：仅限本科
学位要求：学士
政治面貌：不限
基层工作经历：无限制
考试类别：市（地）级及以下直属机构综合管理类
备注：1.限应届高校毕业生。2.本职位工作条件艰苦，需长期独立深入乡村、企业工作。3.限贵州省户籍或贵州省生源。4.本单位最低服务年限为5年（含试用期）。5.所列专业均要求主修专业，考生报考专业须与招录专业名称一致。","https://www.xuanhan.gov.cn/xxgk-show-77635.html#135124-400110124010","2023-10-15","{""dataset_year"":2024,""job_uid"":""GOV-2024-135124-400110124010"",""publisher"":""国家公务员局"",""publication_page"":""https://www.xuanhan.gov.cn/xxgk-show-77635.html"",""attachment_url"":""https://www.xuanhan.gov.cn/uploadfile/1/Attachment/638fdecf51.zip"",""local_source_file"":""中央机关及其直属机构2024年度考试录用公务员招考简章.xls"",""local_source_sha256"":""a1741b99dbecd6d03e533f99f2d69b0fa5a79733e551b80af69986ceed2ad996"",""source_sheet"":""中央国家行政机关参照公务员法管理事业单位"",""filter_version"":""government_tech_v2"",""tech_filter"":{""is_tech"":true,""is_core_tech"":true,""scope"":""core"",""categories"":[""computer_software"",""cybersecurity_cryptography"",""data_ai""],""matched_fields"":[""major"",""description""],""major_terms"":[""信息安全"",""网络工程""],""role_terms"":[""数据处理""],""reason"":""tech_major_and_role""},""original"":{""部门代码"":""135124"",""部门名称"":""国家统计局贵州调查总队"",""用人司局"":""国家统计局贵州调查总队"",""机构性质"":""中央国家行政机关参照公务员法管理事业单位"",""招考职位"":""开阳调查队一级科员"",""职位属性"":""普通职位"",""职位分布"":""西部地区和艰苦边远地区职位"",""职位简介"":""从事一线入户调查、数据处理、统计分析、统计研究等工作。"",""职位代码"":""400110124010"",""机构层级"":""县（区）级及以下"",""考试类别"":""市（地）级及以下直属机构综合管理类"",""招考人数"":""1"",""专业"":""统计学、应用统计学、数学与应用数学、信息与计算科学、数据计算及应用、农林经济发展、农村区域发展、网络工程、信息安全、经济学、经济统计学、汉语言文学。"",""学历"":""仅限本科"",""学位"":""学士"",""政治面貌"":""不限"",""基层工作最低年限"":""无限制"",""服务基层项目工作经历"":""无限制"",""是否在面试阶段组织专业能力测试"":""否"",""面试人员比例"":""3:1"",""工作地点"":""贵州省贵阳市开阳县"",""落户地点"":""贵州省贵阳市开阳县"",""备注"":""1.限应届高校毕业生。2.本职位工作条件艰苦，需长期独立深入乡村、企业工作。3.限贵州省户籍或贵州省生源。4.本单位最低服务年限为5年（含试用期）。5.所列专业均要求主修专业，考生报考专业须与招录专业名称一致。"",""部门网站"":""无"",""咨询电话1"":""0851-86677007"",""咨询电话2"":""0851-86677005"",""咨询电话3"":"""",""来源Sheet"":""中央国家行政机关参照公务员法管理事业单位""}}"
"government_jobs","国家公务员2024招考简章","公务员/事业单位技术岗位","贵州省遵义市赤水市","2026-07-28T09:12:58.310295+00:00","赤水调查队一级科员（1）","国家统计局贵州调查总队","","贵州省遵义市赤水市","公务员/事业单位;2024;computer_software;cybersecurity_cryptography;data_ai;仅限本科;学士;统计学、应用统计学、数学与应用数学、信息与计算科学、数据计算及应用、农林经济发展、农村区域发展、网络工程、信息安全、经济学、经济统计学、汉语言文学。;市（地）级及以下直属机构综合管理类","用人司局：国家统计局贵州调查总队
职位简介：从事一线入户调查、数据处理、统计分析、统计研究等工作。
专业要求：统计学、应用统计学、数学与应用数学、信息与计算科学、数据计算及应用、农林经济发展、农村区域发展、网络工程、信息安全、经济学、经济统计学、汉语言文学。
学历要求：仅限本科
学位要求：学士
政治面貌：不限
基层工作经历：无限制
考试类别：市（地）级及以下直属机构综合管理类
备注：1.限应届高校毕业生。2.本职位工作条件艰苦，需长期独立深入乡村、企业工作。3.限贵州省遵义市户籍或贵州省遵义市生源。4.本单位最低服务年限为5年（含试用期）。5.所列专业均要求主修专业，考生报考专业须与招录专业名称一致。","https://www.xuanhan.gov.cn/xxgk-show-77635.html#135124-400110124013","2023-10-15","{""dataset_year"":2024,""job_uid"":""GOV-2024-135124-400110124013"",""publisher"":""国家公务员局"",""publication_page"":""https://www.xuanhan.gov.cn/xxgk-show-77635.html"",""attachment_url"":""https://www.xuanhan.gov.cn/uploadfile/1/Attachment/638fdecf51.zip"",""local_source_file"":""中央机关及其直属机构2024年度考试录用公务员招考简章.xls"",""local_source_sha256"":""a1741b99dbecd6d03e533f99f2d69b0fa5a79733e551b80af69986ceed2ad996"",""source_sheet"":""中央国家行政机关参照公务员法管理事业单位"",""filter_version"":""government_tech_v2"",""tech_filter"":{""is_tech"":true,""is_core_tech"":true,""scope"":""core"",""categories"":[""computer_software"",""cybersecurity_cryptography"",""data_ai""],""matched_fields"":[""major"",""description""],""major_terms"":[""信息安全"",""网络工程""],""role_terms"":[""数据处理""],""reason"":""tech_major_and_role""},""original"":{""部门代码"":""135124"",""部门名称"":""国家统计局贵州调查总队"",""用人司局"":""国家统计局贵州调查总队"",""机构性质"":""中央国家行政机关参照公务员法管理事业单位"",""招考职位"":""赤水调查队一级科员（1）"",""职位属性"":""普通职位"",""职位分布"":""西部地区和艰苦边远地区职位"",""职位简介"":""从事一线入户调查、数据处理、统计分析、统计研究等工作。"",""职位代码"":""400110124013"",""机构层级"":""县（区）级及以下"",""考试类别"":""市（地）级及以下直属机构综合管理类"",""招考人数"":""1"",""专业"":""统计学、应用统计学、数学与应用数学、信息与计算科学、数据计算及应用、农林经济发展、农村区域发展、网络工程、信息安全、经济学、经济统计学、汉语言文学。"",""学历"":""仅限本科"",""学位"":""学士"",""政治面貌"":""不限"",""基层工作最低年限"":""无限制"",""服务基层项目工作经历"":""无限制"",""是否在面试阶段组织专业能力测试"":""否"",""面试人员比例"":""3:1"",""工作地点"":""贵州省遵义市赤水市"",""落户地点"":""贵州省遵义市赤水市"",""备注"":""1.限应届高校毕业生。2.本职位工作条件艰苦，需长期独立深入乡村、企业工作。3.限贵州省遵义市户籍或贵州省遵义市生源。4.本单位最低服务年限为5年（含试用期）。5.所列专业均要求主修专业，考生报考专业须与招录专业名称一致。"",""部门网站"":""无"",""咨询电话1"":""0851-86677007"",""咨询电话2"":""0851-86677005"",""咨询电话3"":"""",""来源Sheet"":""中央国家行政机关参照公务员法管理事业单位""}}"
"government_jobs","国家公务员2024招考简章","公务员/事业单位技术岗位","贵州省遵义市赤水市","2026-07-28T09:12:58.310295+00:00","赤水调查队一级科员（2）","国家统计局贵州调查总队","","贵州省遵义市赤水市","公务员/事业单位;2024;computer_software;cybersecurity_cryptography;data_ai;仅限本科;学士;统计学、应用统计学、数学与应用数学、信息与计算科学、数据计算及应用、农林经济发展、农村区域发展、网络工程、信息安全、经济学、经济统计学、汉语言文学。;市（地）级及以下直属机构综合管理类","用人司局：国家统计局贵州调查总队
职位简介：从事一线入户调查、数据处理、统计分析、统计研究等工作。
专业要求：统计学、应用统计学、数学与应用数学、信息与计算科学、数据计算及应用、农林经济发展、农村区域发展、网络工程、信息安全、经济学、经济统计学、汉语言文学。
学历要求：仅限本科
学位要求：学士
政治面貌：不限
基层工作经历：二年
考试类别：市（地）级及以下直属机构综合管理类
备注：1.需服务期满、考核合格。2.本职位工作条件艰苦，需长期独立深入乡村、企业工作。3.本单位最低服务年限为5年（含试用期）。4.限贵州省户籍或贵州省生源。5.所列专业均要求主修专业，考生报考专业须与招录专业名称一致。","https://www.xuanhan.gov.cn/xxgk-show-77635.html#135124-400110124019","2023-10-15","{""dataset_year"":2024,""job_uid"":""GOV-2024-135124-400110124019"",""publisher"":""国家公务员局"",""publication_page"":""https://www.xuanhan.gov.cn/xxgk-show-77635.html"",""attachment_url"":""https://www.xuanhan.gov.cn/uploadfile/1/Attachment/638fdecf51.zip"",""local_source_file"":""中央机关及其直属机构2024年度考试录用公务员招考简章.xls"",""local_source_sha256"":""a1741b99dbecd6d03e533f99f2d69b0fa5a79733e551b80af69986ceed2ad996"",""source_sheet"":""中央国家行政机关参照公务员法管理事业单位"",""filter_version"":""government_tech_v2"",""tech_filter"":{""is_tech"":true,""is_core_tech"":true,""scope"":""core"",""categories"":[""computer_software"",""cybersecurity_cryptography"",""data_ai""],""matched_fields"":[""major"",""description""],""major_terms"":[""信息安全"",""网络工程""],""role_terms"":[""数据处理""],""reason"":""tech_major_and_role""},""original"":{""部门代码"":""135124"",""部门名称"":""国家统计局贵州调查总队"",""用人司局"":""国家统计局贵州调查总队"",""机构性质"":""中央国家行政机关参照公务员法管理事业单位"",""招考职位"":""赤水调查队一级科员（2）"",""职位属性"":""普通职位"",""职位分布"":""西部地区和艰苦边远地区职位"",""职位简介"":""从事一线入户调查、数据处理、统计分析、统计研究等工作。"",""职位代码"":""400110124019"",""机构层级"":""县（区）级及以下"",""考试类别"":""市（地）级及以下直属机构综合管理类"",""招考人数"":""1"",""专业"":""统计学、应用统计学、数学与应用数学、信息与计算科学、数据计算及应用、农林经济发展、农村区域发展、网络工程、信息安全、经济学、经济统计学、汉语言文学。"",""学历"":""仅限本科"",""学位"":""学士"",""政治面貌"":""不限"",""基层工作最低年限"":""二年"",""服务基层项目工作经历"":""大学生村官、“三支一扶”计划、大学生志愿服务西部计划"",""是否在面试阶段组织专业能力测试"":""否"",""面试人员比例"":""3:1"",""工作地点"":""贵州省遵义市赤水市"",""落户地点"":""贵州省遵义市赤水市"",""备注"":""1.需服务期满、考核合格。2.本职位工作条件艰苦，需长期独立深入乡村、企业工作。3.本单位最低服务年限为5年（含试用期）。4.限贵州省户籍或贵州省生源。5.所列专业均要求主修专业，考生报考专业须与招录专业名称一致。"",""部门网站"":""无"",""咨询电话1"":""0851-86677007"",""咨询电话2"":""0851-86677005"",""咨询电话3"":"""",""来源Sheet"":""中央国家行政机关参照公务员法管理事业单位""}}"
"government_jobs","国家公务员2024招考简章","公务员/事业单位技术岗位","贵州省遵义市播州区","2026-07-28T09:12:58.310295+00:00","播州调查队一级科员","国家统计局贵州调查总队","","贵州省遵义市播州区","公务员/事业单位;2024;computer_software;cybersecurity_cryptography;data_ai;仅限本科;学士;统计学、应用统计学、数学与应用数学、信息与计算科学、数据计算及应用、农林经济发展、农村区域发展、网络工程、信息安全、经济学、经济统计学、汉语言文学。;市（地）级及以下直属机构综合管理类","用人司局：国家统计局贵州调查总队
职位简介：从事一线入户调查、数据处理、统计分析、统计研究等工作。
专业要求：统计学、应用统计学、数学与应用数学、信息与计算科学、数据计算及应用、农林经济发展、农村区域发展、网络工程、信息安全、经济学、经济统计学、汉语言文学。
学历要求：仅限本科
学位要求：学士
政治面貌：不限
基层工作经历：无限制
考试类别：市（地）级及以下直属机构综合管理类
备注：1.限应届高校毕业生。2.本职位工作条件艰苦，需长期独立深入乡村、企业工作。3.限贵州省遵义市户籍或贵州省遵义市生源。4.本单位最低服务年限为5年（含试用期）。5.所列专业均要求主修专业，考生报考专业须与招录专业名称一致。","https://www.xuanhan.gov.cn/xxgk-show-77635.html#135124-400110124020","2023-10-15","{""dataset_year"":2024,""job_uid"":""GOV-2024-135124-400110124020"",""publisher"":""国家公务员局"",""publication_page"":""https://www.xuanhan.gov.cn/xxgk-show-77635.html"",""attachment_url"":""https://www.xuanhan.gov.cn/uploadfile/1/Attachment/638fdecf51.zip"",""local_source_file"":""中央机关及其直属机构2024年度考试录用公务员招考简章.xls"",""local_source_sha256"":""a1741b99dbecd6d03e533f99f2d69b0fa5a79733e551b80af69986ceed2ad996"",""source_sheet"":""中央国家行政机关参照公务员法管理事业单位"",""filter_version"":""government_tech_v2"",""tech_filter"":{""is_tech"":true,""is_core_tech"":true,""scope"":""core"",""categories"":[""computer_software"",""cybersecurity_cryptography"",""data_ai""],""matched_fields"":[""major"",""description""],""major_terms"":[""信息安全"",""网络工程""],""role_terms"":[""数据处理""],""reason"":""tech_major_and_role""},""original"":{""部门代码"":""135124"",""部门名称"":""国家统计局贵州调查总队"",""用人司局"":""国家统计局贵州调查总队"",""机构性质"":""中央国家行政机关参照公务员法管理事业单位"",""招考职位"":""播州调查队一级科员"",""职位属性"":""普通职位"",""职位分布"":""西部地区和艰苦边远地区职位"",""职位简介"":""从事一线入户调查、数据处理、统计分析、统计研究等工作。"",""职位代码"":""400110124020"",""机构层级"":""县（区）级及以下"",""考试类别"":""市（地）级及以下直属机构综合管理类"",""招考人数"":""2"",""专业"":""统计学、应用统计学、数学与应用数学、信息与计算科学、数据计算及应用、农林经济发展、农村区域发展、网络工程、信息安全、经济学、经济统计学、汉语言文学。"",""学历"":""仅限本科"",""学位"":""学士"",""政治面貌"":""不限"",""基层工作最低年限"":""无限制"",""服务基层项目工作经历"":""无限制"",""是否在面试阶段组织专业能力测试"":""否"",""面试人员比例"":""3:1"",""工作地点"":""贵州省遵义市播州区"",""落户地点"":""贵州省遵义市播州区"",""备注"":""1.限应届高校毕业生。2.本职位工作条件艰苦，需长期独立深入乡村、企业工作。3.限贵州省遵义市户籍或贵州省遵义市生源。4.本单位最低服务年限为5年（含试用期）。5.所列专业均要求主修专业，考生报考专业须与招录专业名称一致。"",""部门网站"":""无"",""咨询电话1"":""0851-86677007"",""咨询电话2"":""0851-86677005"",""咨询电话3"":"""",""来源Sheet"":""中央国家行政机关参照公务员法管理事业单位""}}"
"government_jobs","国家公务员2024招考简章","公务员/事业单位技术岗位","贵州省遵义市桐梓县","2026-07-28T09:12:58.310295+00:00","桐梓调查队一级科员","国家统计局贵州调查总队","","贵州省遵义市桐梓县","公务员/事业单位;2024;computer_software;cybersecurity_cryptography;data_ai;仅限本科;学士;统计学、应用统计学、数学与应用数学、信息与计算科学、数据计算及应用、农林经济发展、农村区域发展、网络工程、信息安全、经济学、经济统计学、汉语言文学。;市（地）级及以下直属机构综合管理类","用人司局：国家统计局贵州调查总队
职位简介：从事一线入户调查、数据处理、统计分析、统计研究等工作。
专业要求：统计学、应用统计学、数学与应用数学、信息与计算科学、数据计算及应用、农林经济发展、农村区域发展、网络工程、信息安全、经济学、经济统计学、汉语言文学。
学历要求：仅限本科
学位要求：学士
政治面貌：不限
基层工作经历：无限制
考试类别：市（地）级及以下直属机构综合管理类
备注：1.限应届高校毕业生。2.本职位工作条件艰苦，需长期独立深入乡村、企业工作。3.限贵州省遵义市户籍或贵州省遵义市生源。4.本单位最低服务年限为5年（含试用期）。5.所列专业均要求主修专业，考生报考专业须与招录专业名称一致。","https://www.xuanhan.gov.cn/xxgk-show-77635.html#135124-400110124021","2023-10-15","{""dataset_year"":2024,""job_uid"":""GOV-2024-135124-400110124021"",""publisher"":""国家公务员局"",""publication_page"":""https://www.xuanhan.gov.cn/xxgk-show-77635.html"",""attachment_url"":""https://www.xuanhan.gov.cn/uploadfile/1/Attachment/638fdecf51.zip"",""local_source_file"":""中央机关及其直属机构2024年度考试录用公务员招考简章.xls"",""local_source_sha256"":""a1741b99dbecd6d03e533f99f2d69b0fa5a79733e551b80af69986ceed2ad996"",""source_sheet"":""中央国家行政机关参照公务员法管理事业单位"",""filter_version"":""government_tech_v2"",""tech_filter"":{""is_tech"":true,""is_core_tech"":true,""scope"":""core"",""categories"":[""computer_software"",""cybersecurity_cryptography"",""data_ai""],""matched_fields"":[""major"",""description""],""major_terms"":[""信息安全"",""网络工程""],""role_terms"":[""数据处理""],""reason"":""tech_major_and_role""},""original"":{""部门代码"":""135124"",""部门名称"":""国家统计局贵州调查总队"",""用人司局"":""国家统计局贵州调查总队"",""机构性质"":""中央国家行政机关参照公务员法管理事业单位"",""招考职位"":""桐梓调查队一级科员"",""职位属性"":""普通职位"",""职位分布"":""西部地区和艰苦边远地区职位"",""职位简介"":""从事一线入户调查、数据处理、统计分析、统计研究等工作。"",""职位代码"":""400110124021"",""机构层级"":""县（区）级及以下"",""考试类别"":""市（地）级及以下直属机构综合管理类"",""招考人数"":""1"",""专业"":""统计学、应用统计学、数学与应用数学、信息与计算科学、数据计算及应用、农林经济发展、农村区域发展、网络工程、信息安全、经济学、经济统计学、汉语言文学。"",""学历"":""仅限本科"",""学位"":""学士"",""政治面貌"":""不限"",""基层工作最低年限"":""无限制"",""服务基层项目工作经历"":""无限制"",""是否在面试阶段组织专业能力测试"":""否"",""面试人员比例"":""3:1"",""工作地点"":""贵州省遵义市桐梓县"",""落户地点"":""贵州省遵义市桐梓县"",""备注"":""1.限应届高校毕业生。2.本职位工作条件艰苦，需长期独立深入乡村、企业工作。3.限贵州省遵义市户籍或贵州省遵义市生源。4.本单位最低服务年限为5年（含试用期）。5.所列专业均要求主修专业，考生报考专业须与招录专业名称一致。"",""部门网站"":""无"",""咨询电话1"":""0851-86677007"",""咨询电话2"":""0851-86677005"",""咨询电话3"":"""",""来源Sheet"":""中央国家行政机关参照公务员法管理事业单位""}}"
"government_jobs","国家公务员2024招考简章","公务员/事业单位技术岗位","贵州省遵义市习水县","2026-07-28T09:12:58.310295+00:00","习水调查队一级科员","国家统计局贵州调查总队","","贵州省遵义市习水县","公务员/事业单位;2024;computer_software;cybersecurity_cryptography;data_ai;仅限本科;学士;统计学、应用统计学、数学与应用数学、信息与计算科学、数据计算及应用、农林经济发展、农村区域发展、网络工程、信息安全、经济学、经济统计学、汉语言文学。;市（地）级及以下直属机构综合管理类","用人司局：国家统计局贵州调查总队
职位简介：从事一线入户调查、数据处理、统计分析、统计研究等工作。
专业要求：统计学、应用统计学、数学与应用数学、信息与计算科学、数据计算及应用、农林经济发展、农村区域发展、网络工程、信息安全、经济学、经济统计学、汉语言文学。
学历要求：仅限本科
学位要求：学士
政治面貌：不限
基层工作经历：无限制
考试类别：市（地）级及以下直属机构综合管理类
备注：1.限应届高校毕业生。2.本职位工作条件艰苦，需长期独立深入乡村、企业工作。3.限贵州省遵义市户籍或贵州省遵义市生源。4.本单位最低服务年限为5年（含试用期）。5.所列专业均要求主修专业，考生报考专业须与招录专业名称一致。","https://www.xuanhan.gov.cn/xxgk-show-77635.html#135124-400110124022","2023-10-15","{""dataset_year"":2024,""job_uid"":""GOV-2024-135124-400110124022"",""publisher"":""国家公务员局"",""publication_page"":""https://www.xuanhan.gov.cn/xxgk-show-77635.html"",""attachment_url"":""https://www.xuanhan.gov.cn/uploadfile/1/Attachment/638fdecf51.zip"",""local_source_file"":""中央机关及其直属机构2024年度考试录用公务员招考简章.xls"",""local_source_sha256"":""a1741b99dbecd6d03e533f99f2d69b0fa5a79733e551b80af69986ceed2ad996"",""source_sheet"":""中央国家行政机关参照公务员法管理事业单位"",""filter_version"":""government_tech_v2"",""tech_filter"":{""is_tech"":true,""is_core_tech"":true,""scope"":""core"",""categories"":[""computer_software"",""cybersecurity_cryptography"",""data_ai""],""matched_fields"":[""major"",""description""],""major_terms"":[""信息安全"",""网络工程""],""role_terms"":[""数据处理""],""reason"":""tech_major_and_role""},""original"":{""部门代码"":""135124"",""部门名称"":""国家统计局贵州调查总队"",""用人司局"":""国家统计局贵州调查总队"",""机构性质"":""中央国家行政机关参照公务员法管理事业单位"",""招考职位"":""习水调查队一级科员"",""职位属性"":""普通职位"",""职位分布"":""西部地区和艰苦边远地区职位"",""职位简介"":""从事一线入户调查、数据处理、统计分析、统计研究等工作。"",""职位代码"":""400110124022"",""机构层级"":""县（区）级及以下"",""考试类别"":""市（地）级及以下直属机构综合管理类"",""招考人数"":""1"",""专业"":""统计学、应用统计学、数学与应用数学、信息与计算科学、数据计算及应用、农林经济发展、农村区域发展、网络工程、信息安全、经济学、经济统计学、汉语言文学。"",""学历"":""仅限本科"",""学位"":""学士"",""政治面貌"":""不限"",""基层工作最低年限"":""无限制"",""服务基层项目工作经历"":""无限制"",""是否在面试阶段组织专业能力测试"":""否"",""面试人员比例"":""3:1"",""工作地点"":""贵州省遵义市习水县"",""落户地点"":""贵州省遵义市习水县"",""备注"":""1.限应届高校毕业生。2.本职位工作条件艰苦，需长期独立深入乡村、企业工作。3.限贵州省遵义市户籍或贵州省遵义市生源。4.本单位最低服务年限为5年（含试用期）。5.所列专业均要求主修专业，考生报考专业须与招录专业名称一致。"",""部门网站"":""无"",""咨询电话1"":""0851-86677007"",""咨询电话2"":""0851-86677005"",""咨询电话3"":"""",""来源Sheet"":""中央国家行政机关参照公务员法管理事业单位""}}"
"government_jobs","国家公务员2024招考简章","公务员/事业单位技术岗位","贵州省遵义市湄潭县","2026-07-28T09:12:58.310295+00:00","湄潭调查队一级科员","国家统计局贵州调查总队","","贵州省遵义市湄潭县","公务员/事业单位;2024;computer_software;cybersecurity_cryptography;data_ai;仅限本科;学士;统计学、应用统计学、数学与应用数学、信息与计算科学、数据计算及应用、农林经济发展、农村区域发展、网络工程、信息安全、经济学、经济统计学、汉语言文学。;市（地）级及以下直属机构综合管理类","用人司局：国家统计局贵州调查总队
职位简介：从事一线入户调查、数据处理、统计分析、统计研究等工作。
专业要求：统计学、应用统计学、数学与应用数学、信息与计算科学、数据计算及应用、农林经济发展、农村区域发展、网络工程、信息安全、经济学、经济统计学、汉语言文学。
学历要求：仅限本科
学位要求：学士
政治面貌：不限
基层工作经历：无限制
考试类别：市（地）级及以下直属机构综合管理类
备注：1.限应届高校毕业生。2.本职位工作条件艰苦，需长期独立深入乡村、企业工作。3.限贵州省遵义市户籍或贵州省遵义市生源。4.本单位最低服务年限为5年（含试用期）。5.所列专业均要求主修专业，考生报考专业须与招录专业名称一致。","https://www.xuanhan.gov.cn/xxgk-show-77635.html#135124-400110124023","2023-10-15","{""dataset_year"":2024,""job_uid"":""GOV-2024-135124-400110124023"",""publisher"":""国家公务员局"",""publication_page"":""https://www.xuanhan.gov.cn/xxgk-show-77635.html"",""attachment_url"":""https://www.xuanhan.gov.cn/uploadfile/1/Attachment/638fdecf51.zip"",""local_source_file"":""中央机关及其直属机构2024年度考试录用公务员招考简章.xls"",""local_source_sha256"":""a1741b99dbecd6d03e533f99f2d69b0fa5a79733e551b80af69986ceed2ad996"",""source_sheet"":""中央国家行政机关参照公务员法管理事业单位"",""filter_version"":""government_tech_v2"",""tech_filter"":{""is_tech"":true,""is_core_tech"":true,""scope"":""core"",""categories"":[""computer_software"",""cybersecurity_cryptography"",""data_ai""],""matched_fields"":[""major"",""description""],""major_terms"":[""信息安全"",""网络工程""],""role_terms"":[""数据处理""],""reason"":""tech_major_and_role""},""original"":{""部门代码"":""135124"",""部门名称"":""国家统计局贵州调查总队"",""用人司局"":""国家统计局贵州调查总队"",""机构性质"":""中央国家行政机关参照公务员法管理事业单位"",""招考职位"":""湄潭调查队一级科员"",""职位属性"":""普通职位"",""职位分布"":""西部地区和艰苦边远地区职位"",""职位简介"":""从事一线入户调查、数据处理、统计分析、统计研究等工作。"",""职位代码"":""400110124023"",""机构层级"":""县（区）级及以下"",""考试类别"":""市（地）级及以下直属机构综合管理类"",""招考人数"":""1"",""专业"":""统计学、应用统计学、数学与应用数学、信息与计算科学、数据计算及应用、农林经济发展、农村区域发展、网络工程、信息安全、经济学、经济统计学、汉语言文学。"",""学历"":""仅限本科"",""学位"":""学士"",""政治面貌"":""不限"",""基层工作最低年限"":""无限制"",""服务基层项目工作经历"":""无限制"",""是否在面试阶段组织专业能力测试"":""否"",""面试人员比例"":""3:1"",""工作地点"":""贵州省遵义市湄潭县"",""落户地点"":""贵州省遵义市湄潭县"",""备注"":""1.限应届高校毕业生。2.本职位工作条件艰苦，需长期独立深入乡村、企业工作。3.限贵州省遵义市户籍或贵州省遵义市生源。4.本单位最低服务年限为5年（含试用期）。5.所列专业均要求主修专业，考生报考专业须与招录专业名称一致。"",""部门网站"":""无"",""咨询电话1"":""0851-86677007"",""咨询电话2"":""0851-86677005"",""咨询电话3"":"""",""来源Sheet"":""中央国家行政机关参照公务员法管理事业单位""}}"
"government_jobs","国家公务员2024招考简章","公务员/事业单位技术岗位","贵州省安顺市西秀区","2026-07-28T09:12:58.310295+00:00","西秀调查队一级科员（1）","国家统计局贵州调查总队","","贵州省安顺市西秀区","公务员/事业单位;2024;computer_software;cybersecurity_cryptography;data_ai;仅限本科;学士;统计学、应用统计学、数学与应用数学、信息与计算科学、数据计算及应用、农林经济发展、农村区域发展、网络工程、信息安全、经济学、经济统计学、汉语言文学。;市（地）级及以下直属机构综合管理类","用人司局：国家统计局贵州调查总队
职位简介：从事一线入户调查、数据处理、统计分析、统计研究等工作。
专业要求：统计学、应用统计学、数学与应用数学、信息与计算科学、数据计算及应用、农林经济发展、农村区域发展、网络工程、信息安全、经济学、经济统计学、汉语言文学。
学历要求：仅限本科
学位要求：学士
政治面貌：不限
基层工作经历：无限制
考试类别：市（地）级及以下直属机构综合管理类
备注：1.限应届高校毕业生。2.本职位工作条件艰苦，需长期独立深入乡村、企业工作。3.限贵州省安顺市户籍或贵州省安顺市生源。4.本单位最低服务年限为5年（含试用期）。5.所列专业均要求主修专业，考生报考专业须与招录专业名称一致。","https://www.xuanhan.gov.cn/xxgk-show-77635.html#135124-400110124024","2023-10-15","{""dataset_year"":2024,""job_uid"":""GOV-2024-135124-400110124024"",""publisher"":""国家公务员局"",""publication_page"":""https://www.xuanhan.gov.cn/xxgk-show-77635.html"",""attachment_url"":""https://www.xuanhan.gov.cn/uploadfile/1/Attachment/638fdecf51.zip"",""local_source_file"":""中央机关及其直属机构2024年度考试录用公务员招考简章.xls"",""local_source_sha256"":""a1741b99dbecd6d03e533f99f2d69b0fa5a79733e551b80af69986ceed2ad996"",""source_sheet"":""中央国家行政机关参照公务员法管理事业单位"",""filter_version"":""government_tech_v2"",""tech_filter"":{""is_tech"":true,""is_core_tech"":true,""scope"":""core"",""categories"":[""computer_software"",""cybersecurity_cryptography"",""data_ai""],""matched_fields"":[""major"",""description""],""major_terms"":[""信息安全"",""网络工程""],""role_terms"":[""数据处理""],""reason"":""tech_major_and_role""},""original"":{""部门代码"":""135124"",""部门名称"":""国家统计局贵州调查总队"",""用人司局"":""国家统计局贵州调查总队"",""机构性质"":""中央国家行政机关参照公务员法管理事业单位"",""招考职位"":""西秀调查队一级科员（1）"",""职位属性"":""普通职位"",""职位分布"":""西部地区和艰苦边远地区职位"",""职位简介"":""从事一线入户调查、数据处理、统计分析、统计研究等工作。"",""职位代码"":""400110124024"",""机构层级"":""县（区）级及以下"",""考试类别"":""市（地）级及以下直属机构综合管理类"",""招考人数"":""1"",""专业"":""统计学、应用统计学、数学与应用数学、信息与计算科学、数据计算及应用、农林经济发展、农村区域发展、网络工程、信息安全、经济学、经济统计学、汉语言文学。"",""学历"":""仅限本科"",""学位"":""学士"",""政治面貌"":""不限"",""基层工作最低年限"":""无限制"",""服务基层项目工作经历"":""无限制"",""是否在面试阶段组织专业能力测试"":""否"",""面试人员比例"":""3:1"",""工作地点"":""贵州省安顺市西秀区"",""落户地点"":""贵州省安顺市西秀区"",""备注"":""1.限应届高校毕业生。2.本职位工作条件艰苦，需长期独立深入乡村、企业工作。3.限贵州省安顺市户籍或贵州省安顺市生源。4.本单位最低服务年限为5年（含试用期）。5.所列专业均要求主修专业，考生报考专业须与招录专业名称一致。"",""部门网站"":""无"",""咨询电话1"":""0851-86677007"",""咨询电话2"":""0851-86677005"",""咨询电话3"":"""",""来源Sheet"":""中央国家行政机关参照公务员法管理事业单位""}}"
"government_jobs","国家公务员2024招考简章","公务员/事业单位技术岗位","贵州省安顺市西秀区","2026-07-28T09:12:58.310295+00:00","西秀调查队一级科员（2）","国家统计局贵州调查总队","","贵州省安顺市西秀区","公务员/事业单位;2024;computer_software;cybersecurity_cryptography;data_ai;仅限本科;学士;统计学、应用统计学、数学与应用数学、信息与计算科学、数据计算及应用、农林经济发展、农村区域发展、网络工程、信息安全、经济学、经济统计学、汉语言文学。;市（地）级及以下直属机构综合管理类","用人司局：国家统计局贵州调查总队
职位简介：从事一线入户调查、数据处理、统计分析、统计研究等工作。
专业要求：统计学、应用统计学、数学与应用数学、信息与计算科学、数据计算及应用、农林经济发展、农村区域发展、网络工程、信息安全、经济学、经济统计学、汉语言文学。
学历要求：仅限本科
学位要求：学士
政治面貌：不限
基层工作经历：二年
考试类别：市（地）级及以下直属机构综合管理类
备注：1.需服务期满、考核合格。2.本职位工作条件艰苦，需长期独立深入乡村、企业工作。3.本单位最低服务年限为5年（含试用期）。4.限贵州省户籍或贵州省生源。5.所列专业均要求主修专业，考生报考专业须与招录专业名称一致。","https://www.xuanhan.gov.cn/xxgk-show-77635.html#135124-400110124025","2023-10-15","{""dataset_year"":2024,""job_uid"":""GOV-2024-135124-400110124025"",""publisher"":""国家公务员局"",""publication_page"":""https://www.xuanhan.gov.cn/xxgk-show-77635.html"",""attachment_url"":""https://www.xuanhan.gov.cn/uploadfile/1/Attachment/638fdecf51.zip"",""local_source_file"":""中央机关及其直属机构2024年度考试录用公务员招考简章.xls"",""local_source_sha256"":""a1741b99dbecd6d03e533f99f2d69b0fa5a79733e551b80af69986ceed2ad996"",""source_sheet"":""中央国家行政机关参照公务员法管理事业单位"",""filter_version"":""government_tech_v2"",""tech_filter"":{""is_tech"":true,""is_core_tech"":true,""scope"":""core"",""categories"":[""computer_software"",""cybersecurity_cryptography"",""data_ai""],""matched_fields"":[""major"",""description""],""major_terms"":[""信息安全"",""网络工程""],""role_terms"":[""数据处理""],""reason"":""tech_major_and_role""},""original"":{""部门代码"":""135124"",""部门名称"":""国家统计局贵州调查总队"",""用人司局"":""国家统计局贵州调查总队"",""机构性质"":""中央国家行政机关参照公务员法管理事业单位"",""招考职位"":""西秀调查队一级科员（2）"",""职位属性"":""普通职位"",""职位分布"":""西部地区和艰苦边远地区职位"",""职位简介"":""从事一线入户调查、数据处理、统计分析、统计研究等工作。"",""职位代码"":""400110124025"",""机构层级"":""县（区）级及以下"",""考试类别"":""市（地）级及以下直属机构综合管理类"",""招考人数"":""1"",""专业"":""统计学、应用统计学、数学与应用数学、信息与计算科学、数据计算及应用、农林经济发展、农村区域发展、网络工程、信息安全、经济学、经济统计学、汉语言文学。"",""学历"":""仅限本科"",""学位"":""学士"",""政治面貌"":""不限"",""基层工作最低年限"":""二年"",""服务基层项目工作经历"":""大学生村官、“三支一扶”计划、大学生志愿服务西部计划"",""是否在面试阶段组织专业能力测试"":""否"",""面试人员比例"":""3:1"",""工作地点"":""贵州省安顺市西秀区"",""落户地点"":""贵州省安顺市西秀区"",""备注"":""1.需服务期满、考核合格。2.本职位工作条件艰苦，需长期独立深入乡村、企业工作。3.本单位最低服务年限为5年（含试用期）。4.限贵州省户籍或贵州省生源。5.所列专业均要求主修专业，考生报考专业须与招录专业名称一致。"",""部门网站"":""无"",""咨询电话1"":""0851-86677007"",""咨询电话2"":""0851-86677005"",""咨询电话3"":"""",""来源Sheet"":""中央国家行政机关参照公务员法管理事业单位""}}"
"government_jobs","国家公务员2024招考简章","公务员/事业单位技术岗位","贵州省安顺市镇宁布依族苗族自治县","2026-07-28T09:12:58.310295+00:00","镇宁调查队一级科员","国家统计局贵州调查总队","","贵州省安顺市镇宁布依族苗族自治县","公务员/事业单位;2024;computer_software;cybersecurity_cryptography;data_ai;仅限本科;学士;统计学、应用统计学、数学与应用数学、信息与计算科学、数据计算及应用、农林经济发展、农村区域发展、网络工程、信息安全、经济学、经济统计学、汉语言文学。;市（地）级及以下直属机构综合管理类","用人司局：国家统计局贵州调查总队
职位简介：从事一线入户调查、数据处理、统计分析、统计研究等工作。
专业要求：统计学、应用统计学、数学与应用数学、信息与计算科学、数据计算及应用、农林经济发展、农村区域发展、网络工程、信息安全、经济学、经济统计学、汉语言文学。
学历要求：仅限本科
学位要求：学士
政治面貌：不限
基层工作经历：无限制
考试类别：市（地）级及以下直属机构综合管理类
备注：1.限应届高校毕业生。2.本职位工作条件艰苦，需长期独立深入乡村、企业工作。3.限贵州省安顺市户籍或贵州省安顺市生源。4.本单位最低服务年限为5年（含试用期）。5.所列专业均要求主修专业，考生报考专业须与招录专业名称一致。","https://www.xuanhan.gov.cn/xxgk-show-77635.html#135124-400110124026","2023-10-15","{""dataset_year"":2024,""job_uid"":""GOV-2024-135124-400110124026"",""publisher"":""国家公务员局"",""publication_page"":""https://www.xuanhan.gov.cn/xxgk-show-77635.html"",""attachment_url"":""https://www.xuanhan.gov.cn/uploadfile/1/Attachment/638fdecf51.zip"",""local_source_file"":""中央机关及其直属机构2024年度考试录用公务员招考简章.xls"",""local_source_sha256"":""a1741b99dbecd6d03e533f99f2d69b0fa5a79733e551b80af69986ceed2ad996"",""source_sheet"":""中央国家行政机关参照公务员法管理事业单位"",""filter_version"":""government_tech_v2"",""tech_filter"":{""is_tech"":true,""is_core_tech"":true,""scope"":""core"",""categories"":[""computer_software"",""cybersecurity_cryptography"",""data_ai""],""matched_fields"":[""major"",""description""],""major_terms"":[""信息安全"",""网络工程""],""role_terms"":[""数据处理""],""reason"":""tech_major_and_role""},""original"":{""部门代码"":""135124"",""部门名称"":""国家统计局贵州调查总队"",""用人司局"":""国家统计局贵州调查总队"",""机构性质"":""中央国家行政机关参照公务员法管理事业单位"",""招考职位"":""镇宁调查队一级科员"",""职位属性"":""普通职位"",""职位分布"":""西部地区和艰苦边远地区职位"",""职位简介"":""从事一线入户调查、数据处理、统计分析、统计研究等工作。"",""职位代码"":""400110124026"",""机构层级"":""县（区）级及以下"",""考试类别"":""市（地）级及以下直属机构综合管理类"",""招考人数"":""1"",""专业"":""统计学、应用统计学、数学与应用数学、信息与计算科学、数据计算及应用、农林经济发展、农村区域发展、网络工程、信息安全、经济学、经济统计学、汉语言文学。"",""学历"":""仅限本科"",""学位"":""学士"",""政治面貌"":""不限"",""基层工作最低年限"":""无限制"",""服务基层项目工作经历"":""无限制"",""是否在面试阶段组织专业能力测试"":""否"",""面试人员比例"":""3:1"",""工作地点"":""贵州省安顺市镇宁布依族苗族自治县"",""落户地点"":""贵州省安顺市镇宁布依族苗族自治县"",""备注"":""1.限应届高校毕业生。2.本职位工作条件艰苦，需长期独立深入乡村、企业工作。3.限贵州省安顺市户籍或贵州省安顺市生源。4.本单位最低服务年限为5年（含试用期）。5.所列专业均要求主修专业，考生报考专业须与招录专业名称一致。"",""部门网站"":""无"",""咨询电话1"":""0851-86677007"",""咨询电话2"":""0851-86677005"",""咨询电话3"":"""",""来源Sheet"":""中央国家行政机关参照公务员法管理事业单位""}}"
"government_jobs","国家公务员2024招考简章","公务员/事业单位技术岗位","贵州省毕节市七星关区","2026-07-28T09:12:58.310295+00:00","七星关调查队一级科员","国家统计局贵州调查总队","","贵州省毕节市七星关区","公务员/事业单位;2024;computer_software;cybersecurity_cryptography;data_ai;仅限本科;学士;统计学、应用统计学、数学与应用数学、信息与计算科学、数据计算及应用、农林经济发展、农村区域发展、网络工程、信息安全、经济学、经济统计学、汉语言文学。;市（地）级及以下直属机构综合管理类","用人司局：国家统计局贵州调查总队
职位简介：从事一线入户调查、数据处理、统计分析、统计研究等工作。
专业要求：统计学、应用统计学、数学与应用数学、信息与计算科学、数据计算及应用、农林经济发展、农村区域发展、网络工程、信息安全、经济学、经济统计学、汉语言文学。
学历要求：仅限本科
学位要求：学士
政治面貌：不限
基层工作经历：无限制
考试类别：市（地）级及以下直属机构综合管理类
备注：1.限应届高校毕业生。2.本职位工作条件艰苦，需长期独立深入乡村、企业工作。3.限贵州省毕节市户籍或贵州省毕节市生源。4.本单位最低服务年限为5年（含试用期）。5.所列专业均要求主修专业，考生报考专业须与招录专业名称一致。","https://www.xuanhan.gov.cn/xxgk-show-77635.html#135124-400110124027","2023-10-15","{""dataset_year"":2024,""job_uid"":""GOV-2024-135124-400110124027"",""publisher"":""国家公务员局"",""publication_page"":""https://www.xuanhan.gov.cn/xxgk-show-77635.html"",""attachment_url"":""https://www.xuanhan.gov.cn/uploadfile/1/Attachment/638fdecf51.zip"",""local_source_file"":""中央机关及其直属机构2024年度考试录用公务员招考简章.xls"",""local_source_sha256"":""a1741b99dbecd6d03e533f99f2d69b0fa5a79733e551b80af69986ceed2ad996"",""source_sheet"":""中央国家行政机关参照公务员法管理事业单位"",""filter_version"":""government_tech_v2"",""tech_filter"":{""is_tech"":true,""is_core_tech"":true,""scope"":""core"",""categories"":[""computer_software"",""cybersecurity_cryptography"",""data_ai""],""matched_fields"":[""major"",""description""],""major_terms"":[""信息安全"",""网络工程""],""role_terms"":[""数据处理""],""reason"":""tech_major_and_role""},""original"":{""部门代码"":""135124"",""部门名称"":""国家统计局贵州调查总队"",""用人司局"":""国家统计局贵州调查总队"",""机构性质"":""中央国家行政机关参照公务员法管理事业单位"",""招考职位"":""七星关调查队一级科员"",""职位属性"":""普通职位"",""职位分布"":""西部地区和艰苦边远地区职位"",""职位简介"":""从事一线入户调查、数据处理、统计分析、统计研究等工作。"",""职位代码"":""400110124027"",""机构层级"":""县（区）级及以下"",""考试类别"":""市（地）级及以下直属机构综合管理类"",""招考人数"":""1"",""专业"":""统计学、应用统计学、数学与应用数学、信息与计算科学、数据计算及应用、农林经济发展、农村区域发展、网络工程、信息安全、经济学、经济统计学、汉语言文学。"",""学历"":""仅限本科"",""学位"":""学士"",""政治面貌"":""不限"",""基层工作最低年限"":""无限制"",""服务基层项目工作经历"":""无限制"",""是否在面试阶段组织专业能力测试"":""否"",""面试人员比例"":""3:1"",""工作地点"":""贵州省毕节市七星关区"",""落户地点"":""贵州省毕节市七星关区"",""备注"":""1.限应届高校毕业生。2.本职位工作条件艰苦，需长期独立深入乡村、企业工作。3.限贵州省毕节市户籍或贵州省毕节市生源。4.本单位最低服务年限为5年（含试用期）。5.所列专业均要求主修专业，考生报考专业须与招录专业名称一致。"",""部门网站"":""无"",""咨询电话1"":""0851-86677007"",""咨询电话2"":""0851-86677005"",""咨询电话3"":"""",""来源Sheet"":""中央国家行政机关参照公务员法管理事业单位""}}"
"government_jobs","国家公务员2024招考简章","公务员/事业单位技术岗位","贵州省毕节市大方县","2026-07-28T09:12:58.310295+00:00","大方调查队一级科员","国家统计局贵州调查总队","","贵州省毕节市大方县","公务员/事业单位;2024;computer_software;cybersecurity_cryptography;data_ai;仅限本科;学士;统计学、应用统计学、数学与应用数学、信息与计算科学、数据计算及应用、农林经济发展、农村区域发展、网络工程、信息安全、经济学、经济统计学、汉语言文学。;市（地）级及以下直属机构综合管理类","用人司局：国家统计局贵州调查总队
职位简介：从事一线入户调查、数据处理、统计分析、统计研究等工作。
专业要求：统计学、应用统计学、数学与应用数学、信息与计算科学、数据计算及应用、农林经济发展、农村区域发展、网络工程、信息安全、经济学、经济统计学、汉语言文学。
学历要求：仅限本科
学位要求：学士
政治面貌：不限
基层工作经历：无限制
考试类别：市（地）级及以下直属机构综合管理类
备注：1.限应届高校毕业生。2.本职位工作条件艰苦，需长期独立深入乡村、企业工作。3.限贵州省毕节市户籍或贵州省毕节市生源。4.本单位最低服务年限为5年（含试用期）。5.所列专业均要求主修专业，考生报考专业须与招录专业名称一致。","https://www.xuanhan.gov.cn/xxgk-show-77635.html#135124-400110124028","2023-10-15","{""dataset_year"":2024,""job_uid"":""GOV-2024-135124-400110124028"",""publisher"":""国家公务员局"",""publication_page"":""https://www.xuanhan.gov.cn/xxgk-show-77635.html"",""attachment_url"":""https://www.xuanhan.gov.cn/uploadfile/1/Attachment/638fdecf51.zip"",""local_source_file"":""中央机关及其直属机构2024年度考试录用公务员招考简章.xls"",""local_source_sha256"":""a1741b99dbecd6d03e533f99f2d69b0fa5a79733e551b80af69986ceed2ad996"",""source_sheet"":""中央国家行政机关参照公务员法管理事业单位"",""filter_version"":""government_tech_v2"",""tech_filter"":{""is_tech"":true,""is_core_tech"":true,""scope"":""core"",""categories"":[""computer_software"",""cybersecurity_cryptography"",""data_ai""],""matched_fields"":[""major"",""description""],""major_terms"":[""信息安全"",""网络工程""],""role_terms"":[""数据处理""],""reason"":""tech_major_and_role""},""original"":{""部门代码"":""135124"",""部门名称"":""国家统计局贵州调查总队"",""用人司局"":""国家统计局贵州调查总队"",""机构性质"":""中央国家行政机关参照公务员法管理事业单位"",""招考职位"":""大方调查队一级科员"",""职位属性"":""普通职位"",""职位分布"":""西部地区和艰苦边远地区职位"",""职位简介"":""从事一线入户调查、数据处理、统计分析、统计研究等工作。"",""职位代码"":""400110124028"",""机构层级"":""县（区）级及以下"",""考试类别"":""市（地）级及以下直属机构综合管理类"",""招考人数"":""1"",""专业"":""统计学、应用统计学、数学与应用数学、信息与计算科学、数据计算及应用、农林经济发展、农村区域发展、网络工程、信息安全、经济学、经济统计学、汉语言文学。"",""学历"":""仅限本科"",""学位"":""学士"",""政治面貌"":""不限"",""基层工作最低年限"":""无限制"",""服务基层项目工作经历"":""无限制"",""是否在面试阶段组织专业能力测试"":""否"",""面试人员比例"":""3:1"",""工作地点"":""贵州省毕节市大方县"",""落户地点"":""贵州省毕节市大方县"",""备注"":""1.限应届高校毕业生。2.本职位工作条件艰苦，需长期独立深入乡村、企业工作。3.限贵州省毕节市户籍或贵州省毕节市生源。4.本单位最低服务年限为5年（含试用期）。5.所列专业均要求主修专业，考生报考专业须与招录专业名称一致。"",""部门网站"":""无"",""咨询电话1"":""0851-86677007"",""咨询电话2"":""0851-86677005"",""咨询电话3"":"""",""来源Sheet"":""中央国家行政机关参照公务员法管理事业单位""}}"
"government_jobs","国家公务员2024招考简章","公务员/事业单位技术岗位","贵州省毕节市赫章县","2026-07-28T09:12:58.310295+00:00","赫章调查队一级科员","国家统计局贵州调查总队","","贵州省毕节市赫章县","公务员/事业单位;2024;computer_software;cybersecurity_cryptography;data_ai;仅限本科;学士;统计学、应用统计学、数学与应用数学、信息与计算科学、数据计算及应用、农林经济发展、农村区域发展、网络工程、信息安全、经济学、经济统计学、汉语言文学。;市（地）级及以下直属机构综合管理类","用人司局：国家统计局贵州调查总队
职位简介：从事一线入户调查、数据处理、统计分析、统计研究等工作。
专业要求：统计学、应用统计学、数学与应用数学、信息与计算科学、数据计算及应用、农林经济发展、农村区域发展、网络工程、信息安全、经济学、经济统计学、汉语言文学。
学历要求：仅限本科
学位要求：学士
政治面貌：不限
基层工作经历：无限制
考试类别：市（地）级及以下直属机构综合管理类
备注：1.限应届高校毕业生。2.本职位工作条件艰苦，需长期独立深入乡村、企业工作。3.限贵州省毕节市户籍或贵州省毕节市生源。4.本单位最低服务年限为5年（含试用期）。5.所列专业均要求主修专业，考生报考专业须与招录专业名称一致。","https://www.xuanhan.gov.cn/xxgk-show-77635.html#135124-400110124029","2023-10-15","{""dataset_year"":2024,""job_uid"":""GOV-2024-135124-400110124029"",""publisher"":""国家公务员局"",""publication_page"":""https://www.xuanhan.gov.cn/xxgk-show-77635.html"",""attachment_url"":""https://www.xuanhan.gov.cn/uploadfile/1/Attachment/638fdecf51.zip"",""local_source_file"":""中央机关及其直属机构2024年度考试录用公务员招考简章.xls"",""local_source_sha256"":""a1741b99dbecd6d03e533f99f2d69b0fa5a79733e551b80af69986ceed2ad996"",""source_sheet"":""中央国家行政机关参照公务员法管理事业单位"",""filter_version"":""government_tech_v2"",""tech_filter"":{""is_tech"":true,""is_core_tech"":true,""scope"":""core"",""categories"":[""computer_software"",""cybersecurity_cryptography"",""data_ai""],""matched_fields"":[""major"",""description""],""major_terms"":[""信息安全"",""网络工程""],""role_terms"":[""数据处理""],""reason"":""tech_major_and_role""},""original"":{""部门代码"":""135124"",""部门名称"":""国家统计局贵州调查总队"",""用人司局"":""国家统计局贵州调查总队"",""机构性质"":""中央国家行政机关参照公务员法管理事业单位"",""招考职位"":""赫章调查队一级科员"",""职位属性"":""普通职位"",""职位分布"":""西部地区和艰苦边远地区职位"",""职位简介"":""从事一线入户调查、数据处理、统计分析、统计研究等工作。"",""职位代码"":""400110124029"",""机构层级"":""县（区）级及以下"",""考试类别"":""市（地）级及以下直属机构综合管理类"",""招考人数"":""2"",""专业"":""统计学、应用统计学、数学与应用数学、信息与计算科学、数据计算及应用、农林经济发展、农村区域发展、网络工程、信息安全、经济学、经济统计学、汉语言文学。"",""学历"":""仅限本科"",""学位"":""学士"",""政治面貌"":""不限"",""基层工作最低年限"":""无限制"",""服务基层项目工作经历"":""无限制"",""是否在面试阶段组织专业能力测试"":""否"",""面试人员比例"":""3:1"",""工作地点"":""贵州省毕节市赫章县"",""落户地点"":""贵州省毕节市赫章县"",""备注"":""1.限应届高校毕业生。2.本职位工作条件艰苦，需长期独立深入乡村、企业工作。3.限贵州省毕节市户籍或贵州省毕节市生源。4.本单位最低服务年限为5年（含试用期）。5.所列专业均要求主修专业，考生报考专业须与招录专业名称一致。"",""部门网站"":""无"",""咨询电话1"":""0851-86677007"",""咨询电话2"":""0851-86677005"",""咨询电话3"":"""",""来源Sheet"":""中央国家行政机关参照公务员法管理事业单位""}}"
"government_jobs","国家公务员2024招考简章","公务员/事业单位技术岗位","贵州省黔西南布依族苗族自治州兴仁市","2026-07-28T09:12:58.310295+00:00","兴仁调查队一级科员","国家统计局贵州调查总队","","贵州省黔西南布依族苗族自治州兴仁市","公务员/事业单位;2024;computer_software;cybersecurity_cryptography;data_ai;仅限本科;学士;统计学、应用统计学、数学与应用数学、信息与计算科学、数据计算及应用、农林经济发展、农村区域发展、网络工程、信息安全、经济学、经济统计学、汉语言文学。;市（地）级及以下直属机构综合管理类","用人司局：国家统计局贵州调查总队
职位简介：从事一线入户调查、数据处理、统计分析、统计研究等工作。
专业要求：统计学、应用统计学、数学与应用数学、信息与计算科学、数据计算及应用、农林经济发展、农村区域发展、网络工程、信息安全、经济学、经济统计学、汉语言文学。
学历要求：仅限本科
学位要求：学士
政治面貌：不限
基层工作经历：无限制
考试类别：市（地）级及以下直属机构综合管理类
备注：1.限应届高校毕业生。2.本职位工作条件艰苦，需长期独立深入乡村、企业工作。3.限贵州省黔西南布依族苗族自治州户籍或贵州省黔西南布依族苗族自治州生源。4.本单位最低服务年限为5年（含试用期）。5.所列专业均要求主修专业，考生报考专业须与招录专业名称一致。","https://www.xuanhan.gov.cn/xxgk-show-77635.html#135124-400110124031","2023-10-15","{""dataset_year"":2024,""job_uid"":""GOV-2024-135124-400110124031"",""publisher"":""国家公务员局"",""publication_page"":""https://www.xuanhan.gov.cn/xxgk-show-77635.html"",""attachment_url"":""https://www.xuanhan.gov.cn/uploadfile/1/Attachment/638fdecf51.zip"",""local_source_file"":""中央机关及其直属机构2024年度考试录用公务员招考简章.xls"",""local_source_sha256"":""a1741b99dbecd6d03e533f99f2d69b0fa5a79733e551b80af69986ceed2ad996"",""source_sheet"":""中央国家行政机关参照公务员法管理事业单位"",""filter_version"":""government_tech_v2"",""tech_filter"":{""is_tech"":true,""is_core_tech"":true,""scope"":""core"",""categories"":[""computer_software"",""cybersecurity_cryptography"",""data_ai""],""matched_fields"":[""major"",""description""],""major_terms"":[""信息安全"",""网络工程""],""role_terms"":[""数据处理""],""reason"":""tech_major_and_role""},""original"":{""部门代码"":""135124"",""部门名称"":""国家统计局贵州调查总队"",""用人司局"":""国家统计局贵州调查总队"",""机构性质"":""中央国家行政机关参照公务员法管理事业单位"",""招考职位"":""兴仁调查队一级科员"",""职位属性"":""普通职位"",""职位分布"":""西部地区和艰苦边远地区职位"",""职位简介"":""从事一线入户调查、数据处理、统计分析、统计研究等工作。"",""职位代码"":""400110124031"",""机构层级"":""县（区）级及以下"",""考试类别"":""市（地）级及以下直属机构综合管理类"",""招考人数"":""1"",""专业"":""统计学、应用统计学、数学与应用数学、信息与计算科学、数据计算及应用、农林经济发展、农村区域发展、网络工程、信息安全、经济学、经济统计学、汉语言文学。"",""学历"":""仅限本科"",""学位"":""学士"",""政治面貌"":""不限"",""基层工作最低年限"":""无限制"",""服务基层项目工作经历"":""无限制"",""是否在面试阶段组织专业能力测试"":""否"",""面试人员比例"":""3:1"",""工作地点"":""贵州省黔西南布依族苗族自治州兴仁市"",""落户地点"":""贵州省黔西南布依族苗族自治州兴仁市"",""备注"":""1.限应届高校毕业生。2.本职位工作条件艰苦，需长期独立深入乡村、企业工作。3.限贵州省黔西南布依族苗族自治州户籍或贵州省黔西南布依族苗族自治州生源。4.本单位最低服务年限为5年（含试用期）。5.所列专业均要求主修专业，考生报考专业须与招录专业名称一致。"",""部门网站"":""无"",""咨询电话1"":""0851-86677007"",""咨询电话2"":""0851-86677005"",""咨询电话3"":"""",""来源Sheet"":""中央国家行政机关参照公务员法管理事业单位""}}"
"government_jobs","国家公务员2024招考简章","公务员/事业单位技术岗位","贵州省铜仁市德江县","2026-07-28T09:12:58.310295+00:00","德江调查队一级科员","国家统计局贵州调查总队","","贵州省铜仁市德江县","公务员/事业单位;2024;computer_software;cybersecurity_cryptography;data_ai;仅限本科;学士;统计学、应用统计学、数学与应用数学、信息与计算科学、数据计算及应用、农林经济发展、农村区域发展、网络工程、信息安全、经济学、经济统计学、汉语言文学。;市（地）级及以下直属机构综合管理类","用人司局：国家统计局贵州调查总队
职位简介：从事一线入户调查、数据处理、统计分析、统计研究等工作。
专业要求：统计学、应用统计学、数学与应用数学、信息与计算科学、数据计算及应用、农林经济发展、农村区域发展、网络工程、信息安全、经济学、经济统计学、汉语言文学。
学历要求：仅限本科
学位要求：学士
政治面貌：不限
基层工作经历：无限制
考试类别：市（地）级及以下直属机构综合管理类
备注：1.限应届高校毕业生。2.本职位工作条件艰苦，需长期独立深入乡村、企业工作。3.限贵州省铜仁市户籍或贵州省铜仁市生源。4.本单位最低服务年限为5年（含试用期）。5.所列专业均要求主修专业，考生报考专业须与招录专业名称一致。","https://www.xuanhan.gov.cn/xxgk-show-77635.html#135124-400110124033","2023-10-15","{""dataset_year"":2024,""job_uid"":""GOV-2024-135124-400110124033"",""publisher"":""国家公务员局"",""publication_page"":""https://www.xuanhan.gov.cn/xxgk-show-77635.html"",""attachment_url"":""https://www.xuanhan.gov.cn/uploadfile/1/Attachment/638fdecf51.zip"",""local_source_file"":""中央机关及其直属机构2024年度考试录用公务员招考简章.xls"",""local_source_sha256"":""a1741b99dbecd6d03e533f99f2d69b0fa5a79733e551b80af69986ceed2ad996"",""source_sheet"":""中央国家行政机关参照公务员法管理事业单位"",""filter_version"":""government_tech_v2"",""tech_filter"":{""is_tech"":true,""is_core_tech"":true,""scope"":""core"",""categories"":[""computer_software"",""cybersecurity_cryptography"",""data_ai""],""matched_fields"":[""major"",""description""],""major_terms"":[""信息安全"",""网络工程""],""role_terms"":[""数据处理""],""reason"":""tech_major_and_role""},""original"":{""部门代码"":""135124"",""部门名称"":""国家统计局贵州调查总队"",""用人司局"":""国家统计局贵州调查总队"",""机构性质"":""中央国家行政机关参照公务员法管理事业单位"",""招考职位"":""德江调查队一级科员"",""职位属性"":""普通职位"",""职位分布"":""西部地区和艰苦边远地区职位"",""职位简介"":""从事一线入户调查、数据处理、统计分析、统计研究等工作。"",""职位代码"":""400110124033"",""机构层级"":""县（区）级及以下"",""考试类别"":""市（地）级及以下直属机构综合管理类"",""招考人数"":""1"",""专业"":""统计学、应用统计学、数学与应用数学、信息与计算科学、数据计算及应用、农林经济发展、农村区域发展、网络工程、信息安全、经济学、经济统计学、汉语言文学。"",""学历"":""仅限本科"",""学位"":""学士"",""政治面貌"":""不限"",""基层工作最低年限"":""无限制"",""服务基层项目工作经历"":""无限制"",""是否在面试阶段组织专业能力测试"":""否"",""面试人员比例"":""3:1"",""工作地点"":""贵州省铜仁市德江县"",""落户地点"":""贵州省铜仁市德江县"",""备注"":""1.限应届高校毕业生。2.本职位工作条件艰苦，需长期独立深入乡村、企业工作。3.限贵州省铜仁市户籍或贵州省铜仁市生源。4.本单位最低服务年限为5年（含试用期）。5.所列专业均要求主修专业，考生报考专业须与招录专业名称一致。"",""部门网站"":""无"",""咨询电话1"":""0851-86677007"",""咨询电话2"":""0851-86677005"",""咨询电话3"":"""",""来源Sheet"":""中央国家行政机关参照公务员法管理事业单位""}}"
"government_jobs","国家公务员2024招考简章","公务员/事业单位技术岗位","贵州省铜仁市松桃苗族自治县","2026-07-28T09:12:58.310295+00:00","松桃调查队一级科员","国家统计局贵州调查总队","","贵州省铜仁市松桃苗族自治县","公务员/事业单位;2024;computer_software;cybersecurity_cryptography;data_ai;仅限本科;学士;统计学、应用统计学、数学与应用数学、信息与计算科学、数据计算及应用、农林经济发展、农村区域发展、网络工程、信息安全、经济学、经济统计学、汉语言文学。;市（地）级及以下直属机构综合管理类","用人司局：国家统计局贵州调查总队
职位简介：从事一线入户调查、数据处理、统计分析、统计研究等工作。
专业要求：统计学、应用统计学、数学与应用数学、信息与计算科学、数据计算及应用、农林经济发展、农村区域发展、网络工程、信息安全、经济学、经济统计学、汉语言文学。
学历要求：仅限本科
学位要求：学士
政治面貌：不限
基层工作经历：无限制
考试类别：市（地）级及以下直属机构综合管理类
备注：1.限应届高校毕业生。2.本职位工作条件艰苦，需长期独立深入乡村、企业工作。3.限贵州省铜仁市户籍或贵州省铜仁市生源。4.本单位最低服务年限为5年（含试用期）。5.所列专业均要求主修专业，考生报考专业须与招录专业名称一致。","https://www.xuanhan.gov.cn/xxgk-show-77635.html#135124-400110124034","2023-10-15","{""dataset_year"":2024,""job_uid"":""GOV-2024-135124-400110124034"",""publisher"":""国家公务员局"",""publication_page"":""https://www.xuanhan.gov.cn/xxgk-show-77635.html"",""attachment_url"":""https://www.xuanhan.gov.cn/uploadfile/1/Attachment/638fdecf51.zip"",""local_source_file"":""中央机关及其直属机构2024年度考试录用公务员招考简章.xls"",""local_source_sha256"":""a1741b99dbecd6d03e533f99f2d69b0fa5a79733e551b80af69986ceed2ad996"",""source_sheet"":""中央国家行政机关参照公务员法管理事业单位"",""filter_version"":""government_tech_v2"",""tech_filter"":{""is_tech"":true,""is_core_tech"":true,""scope"":""core"",""categories"":[""computer_software"",""cybersecurity_cryptography"",""data_ai""],""matched_fields"":[""major"",""description""],""major_terms"":[""信息安全"",""网络工程""],""role_terms"":[""数据处理""],""reason"":""tech_major_and_role""},""original"":{""部门代码"":""135124"",""部门名称"":""国家统计局贵州调查总队"",""用人司局"":""国家统计局贵州调查总队"",""机构性质"":""中央国家行政机关参照公务员法管理事业单位"",""招考职位"":""松桃调查队一级科员"",""职位属性"":""普通职位"",""职位分布"":""西部地区和艰苦边远地区职位"",""职位简介"":""从事一线入户调查、数据处理、统计分析、统计研究等工作。"",""职位代码"":""400110124034"",""机构层级"":""县（区）级及以下"",""考试类别"":""市（地）级及以下直属机构综合管理类"",""招考人数"":""1"",""专业"":""统计学、应用统计学、数学与应用数学、信息与计算科学、数据计算及应用、农林经济发展、农村区域发展、网络工程、信息安全、经济学、经济统计学、汉语言文学。"",""学历"":""仅限本科"",""学位"":""学士"",""政治面貌"":""不限"",""基层工作最低年限"":""无限制"",""服务基层项目工作经历"":""无限制"",""是否在面试阶段组织专业能力测试"":""否"",""面试人员比例"":""3:1"",""工作地点"":""贵州省铜仁市松桃苗族自治县"",""落户地点"":""贵州省铜仁市松桃苗族自治县"",""备注"":""1.限应届高校毕业生。2.本职位工作条件艰苦，需长期独立深入乡村、企业工作。3.限贵州省铜仁市户籍或贵州省铜仁市生源。4.本单位最低服务年限为5年（含试用期）。5.所列专业均要求主修专业，考生报考专业须与招录专业名称一致。"",""部门网站"":""无"",""咨询电话1"":""0851-86677007"",""咨询电话2"":""0851-86677005"",""咨询电话3"":"""",""来源Sheet"":""中央国家行政机关参照公务员法管理事业单位""}}"
"government_jobs","国家公务员2024招考简章","公务员/事业单位技术岗位","贵州省黔南布依族苗族自治州瓮安县","2026-07-28T09:12:58.310295+00:00","瓮安调查队一级科员（1）","国家统计局贵州调查总队","","贵州省黔南布依族苗族自治州瓮安县","公务员/事业单位;2024;computer_software;cybersecurity_cryptography;data_ai;仅限本科;学士;统计学、应用统计学、数学与应用数学、信息与计算科学、数据计算及应用、农林经济发展、农村区域发展、网络工程、信息安全、经济学、经济统计学、汉语言文学。;市（地）级及以下直属机构综合管理类","用人司局：国家统计局贵州调查总队
职位简介：从事一线入户调查、数据处理、统计分析、统计研究等工作。
专业要求：统计学、应用统计学、数学与应用数学、信息与计算科学、数据计算及应用、农林经济发展、农村区域发展、网络工程、信息安全、经济学、经济统计学、汉语言文学。
学历要求：仅限本科
学位要求：学士
政治面貌：不限
基层工作经历：无限制
考试类别：市（地）级及以下直属机构综合管理类
备注：1.限应届高校毕业生。2.本职位工作条件艰苦，需长期独立深入乡村、企业工作。3.限贵州省黔南布依族苗族自治州户籍或贵州省黔南布依族苗族自治州生源。4.本单位最低服务年限为5年（含试用期）。5.所列专业均要求主修专业，考生报考专业须与招录专业名称一致。","https://www.xuanhan.gov.cn/xxgk-show-77635.html#135124-400110124035","2023-10-15","{""dataset_year"":2024,""job_uid"":""GOV-2024-135124-400110124035"",""publisher"":""国家公务员局"",""publication_page"":""https://www.xuanhan.gov.cn/xxgk-show-77635.html"",""attachment_url"":""https://www.xuanhan.gov.cn/uploadfile/1/Attachment/638fdecf51.zip"",""local_source_file"":""中央机关及其直属机构2024年度考试录用公务员招考简章.xls"",""local_source_sha256"":""a1741b99dbecd6d03e533f99f2d69b0fa5a79733e551b80af69986ceed2ad996"",""source_sheet"":""中央国家行政机关参照公务员法管理事业单位"",""filter_version"":""government_tech_v2"",""tech_filter"":{""is_tech"":true,""is_core_tech"":true,""scope"":""core"",""categories"":[""computer_software"",""cybersecurity_cryptography"",""data_ai""],""matched_fields"":[""major"",""description""],""major_terms"":[""信息安全"",""网络工程""],""role_terms"":[""数据处理""],""reason"":""tech_major_and_role""},""original"":{""部门代码"":""135124"",""部门名称"":""国家统计局贵州调查总队"",""用人司局"":""国家统计局贵州调查总队"",""机构性质"":""中央国家行政机关参照公务员法管理事业单位"",""招考职位"":""瓮安调查队一级科员（1）"",""职位属性"":""普通职位"",""职位分布"":""西部地区和艰苦边远地区职位"",""职位简介"":""从事一线入户调查、数据处理、统计分析、统计研究等工作。"",""职位代码"":""400110124035"",""机构层级"":""县（区）级及以下"",""考试类别"":""市（地）级及以下直属机构综合管理类"",""招考人数"":""1"",""专业"":""统计学、应用统计学、数学与应用数学、信息与计算科学、数据计算及应用、农林经济发展、农村区域发展、网络工程、信息安全、经济学、经济统计学、汉语言文学。"",""学历"":""仅限本科"",""学位"":""学士"",""政治面貌"":""不限"",""基层工作最低年限"":""无限制"",""服务基层项目工作经历"":""无限制"",""是否在面试阶段组织专业能力测试"":""否"",""面试人员比例"":""3:1"",""工作地点"":""贵州省黔南布依族苗族自治州瓮安县"",""落户地点"":""贵州省黔南布依族苗族自治州瓮安县"",""备注"":""1.限应届高校毕业生。2.本职位工作条件艰苦，需长期独立深入乡村、企业工作。3.限贵州省黔南布依族苗族自治州户籍或贵州省黔南布依族苗族自治州生源。4.本单位最低服务年限为5年（含试用期）。5.所列专业均要求主修专业，考生报考专业须与招录专业名称一致。"",""部门网站"":""无"",""咨询电话1"":""0851-86677007"",""咨询电话2"":""0851-86677005"",""咨询电话3"":"""",""来源Sheet"":""中央国家行政机关参照公务员法管理事业单位""}}"
"government_jobs","国家公务员2024招考简章","公务员/事业单位技术岗位","贵州省黔南布依族苗族自治州瓮安县","2026-07-28T09:12:58.310295+00:00","瓮安调查队一级科员（2）","国家统计局贵州调查总队","","贵州省黔南布依族苗族自治州瓮安县","公务员/事业单位;2024;computer_software;cybersecurity_cryptography;data_ai;仅限本科;学士;统计学、应用统计学、数学与应用数学、信息与计算科学、数据计算及应用、农林经济发展、农村区域发展、网络工程、信息安全、经济学、经济统计学、汉语言文学。;市（地）级及以下直属机构综合管理类","用人司局：国家统计局贵州调查总队
职位简介：从事一线入户调查、数据处理、统计分析、统计研究等工作。
专业要求：统计学、应用统计学、数学与应用数学、信息与计算科学、数据计算及应用、农林经济发展、农村区域发展、网络工程、信息安全、经济学、经济统计学、汉语言文学。
学历要求：仅限本科
学位要求：学士
政治面貌：不限
基层工作经历：二年
考试类别：市（地）级及以下直属机构综合管理类
备注：1.需服务期满、考核合格。2.本职位工作条件艰苦，需长期独立深入乡村、企业工作。3.本单位最低服务年限为5年（含试用期）。4.限贵州省户籍或贵州省生源。5.所列专业均要求主修专业，考生报考专业须与招录专业名称一致。","https://www.xuanhan.gov.cn/xxgk-show-77635.html#135124-400110124036","2023-10-15","{""dataset_year"":2024,""job_uid"":""GOV-2024-135124-400110124036"",""publisher"":""国家公务员局"",""publication_page"":""https://www.xuanhan.gov.cn/xxgk-show-77635.html"",""attachment_url"":""https://www.xuanhan.gov.cn/uploadfile/1/Attachment/638fdecf51.zip"",""local_source_file"":""中央机关及其直属机构2024年度考试录用公务员招考简章.xls"",""local_source_sha256"":""a1741b99dbecd6d03e533f99f2d69b0fa5a79733e551b80af69986ceed2ad996"",""source_sheet"":""中央国家行政机关参照公务员法管理事业单位"",""filter_version"":""government_tech_v2"",""tech_filter"":{""is_tech"":true,""is_core_tech"":true,""scope"":""core"",""categories"":[""computer_software"",""cybersecurity_cryptography"",""data_ai""],""matched_fields"":[""major"",""description""],""major_terms"":[""信息安全"",""网络工程""],""role_terms"":[""数据处理""],""reason"":""tech_major_and_role""},""original"":{""部门代码"":""135124"",""部门名称"":""国家统计局贵州调查总队"",""用人司局"":""国家统计局贵州调查总队"",""机构性质"":""中央国家行政机关参照公务员法管理事业单位"",""招考职位"":""瓮安调查队一级科员（2）"",""职位属性"":""普通职位"",""职位分布"":""西部地区和艰苦边远地区职位"",""职位简介"":""从事一线入户调查、数据处理、统计分析、统计研究等工作。"",""职位代码"":""400110124036"",""机构层级"":""县（区）级及以下"",""考试类别"":""市（地）级及以下直属机构综合管理类"",""招考人数"":""1"",""专业"":""统计学、应用统计学、数学与应用数学、信息与计算科学、数据计算及应用、农林经济发展、农村区域发展、网络工程、信息安全、经济学、经济统计学、汉语言文学。"",""学历"":""仅限本科"",""学位"":""学士"",""政治面貌"":""不限"",""基层工作最低年限"":""二年"",""服务基层项目工作经历"":""大学生村官、“三支一扶”计划、大学生志愿服务西部计划"",""是否在面试阶段组织专业能力测试"":""否"",""面试人员比例"":""3:1"",""工作地点"":""贵州省黔南布依族苗族自治州瓮安县"",""落户地点"":""贵州省黔南布依族苗族自治州瓮安县"",""备注"":""1.需服务期满、考核合格。2.本职位工作条件艰苦，需长期独立深入乡村、企业工作。3.本单位最低服务年限为5年（含试用期）。4.限贵州省户籍或贵州省生源。5.所列专业均要求主修专业，考生报考专业须与招录专业名称一致。"",""部门网站"":""无"",""咨询电话1"":""0851-86677007"",""咨询电话2"":""0851-86677005"",""咨询电话3"":"""",""来源Sheet"":""中央国家行政机关参照公务员法管理事业单位""}}"
"government_jobs","国家公务员2024招考简章","公务员/事业单位技术岗位","贵州省黔东南苗族侗族自治州黎平县","2026-07-28T09:12:58.310295+00:00","黎平调查队一级科员（1）","国家统计局贵州调查总队","","贵州省黔东南苗族侗族自治州黎平县","公务员/事业单位;2024;computer_software;cybersecurity_cryptography;data_ai;仅限本科;学士;统计学、应用统计学、数学与应用数学、信息与计算科学、数据计算及应用、农林经济发展、农村区域发展、网络工程、信息安全、经济学、经济统计学、汉语言文学。;市（地）级及以下直属机构综合管理类","用人司局：国家统计局贵州调查总队
职位简介：从事一线入户调查、数据处理、统计分析、统计研究等工作。
专业要求：统计学、应用统计学、数学与应用数学、信息与计算科学、数据计算及应用、农林经济发展、农村区域发展、网络工程、信息安全、经济学、经济统计学、汉语言文学。
学历要求：仅限本科
学位要求：学士
政治面貌：不限
基层工作经历：无限制
考试类别：市（地）级及以下直属机构综合管理类
备注：1.限应届高校毕业生。2.本职位工作条件艰苦，需长期独立深入乡村、企业工作。3.限贵州省黔东南苗族侗族自治州户籍或贵州省黔东南苗族侗族自治州生源。4.本单位最低服务年限为5年（含试用期）。5.所列专业均要求主修专业，考生报考专业须与招录专业名称一致。","https://www.xuanhan.gov.cn/xxgk-show-77635.html#135124-400110124037","2023-10-15","{""dataset_year"":2024,""job_uid"":""GOV-2024-135124-400110124037"",""publisher"":""国家公务员局"",""publication_page"":""https://www.xuanhan.gov.cn/xxgk-show-77635.html"",""attachment_url"":""https://www.xuanhan.gov.cn/uploadfile/1/Attachment/638fdecf51.zip"",""local_source_file"":""中央机关及其直属机构2024年度考试录用公务员招考简章.xls"",""local_source_sha256"":""a1741b99dbecd6d03e533f99f2d69b0fa5a79733e551b80af69986ceed2ad996"",""source_sheet"":""中央国家行政机关参照公务员法管理事业单位"",""filter_version"":""government_tech_v2"",""tech_filter"":{""is_tech"":true,""is_core_tech"":true,""scope"":""core"",""categories"":[""computer_software"",""cybersecurity_cryptography"",""data_ai""],""matched_fields"":[""major"",""description""],""major_terms"":[""信息安全"",""网络工程""],""role_terms"":[""数据处理""],""reason"":""tech_major_and_role""},""original"":{""部门代码"":""135124"",""部门名称"":""国家统计局贵州调查总队"",""用人司局"":""国家统计局贵州调查总队"",""机构性质"":""中央国家行政机关参照公务员法管理事业单位"",""招考职位"":""黎平调查队一级科员（1）"",""职位属性"":""普通职位"",""职位分布"":""西部地区和艰苦边远地区职位"",""职位简介"":""从事一线入户调查、数据处理、统计分析、统计研究等工作。"",""职位代码"":""400110124037"",""机构层级"":""县（区）级及以下"",""考试类别"":""市（地）级及以下直属机构综合管理类"",""招考人数"":""1"",""专业"":""统计学、应用统计学、数学与应用数学、信息与计算科学、数据计算及应用、农林经济发展、农村区域发展、网络工程、信息安全、经济学、经济统计学、汉语言文学。"",""学历"":""仅限本科"",""学位"":""学士"",""政治面貌"":""不限"",""基层工作最低年限"":""无限制"",""服务基层项目工作经历"":""无限制"",""是否在面试阶段组织专业能力测试"":""否"",""面试人员比例"":""3:1"",""工作地点"":""贵州省黔东南苗族侗族自治州黎平县"",""落户地点"":""贵州省黔东南苗族侗族自治州黎平县"",""备注"":""1.限应届高校毕业生。2.本职位工作条件艰苦，需长期独立深入乡村、企业工作。3.限贵州省黔东南苗族侗族自治州户籍或贵州省黔东南苗族侗族自治州生源。4.本单位最低服务年限为5年（含试用期）。5.所列专业均要求主修专业，考生报考专业须与招录专业名称一致。"",""部门网站"":""无"",""咨询电话1"":""0851-86677007"",""咨询电话2"":""0851-86677005"",""咨询电话3"":"""",""来源Sheet"":""中央国家行政机关参照公务员法管理事业单位""}}"
"government_jobs","国家公务员2024招考简章","公务员/事业单位技术岗位","贵州省黔东南苗族侗族自治州黎平县","2026-07-28T09:12:58.310295+00:00","黎平调查队一级科员（2）","国家统计局贵州调查总队","","贵州省黔东南苗族侗族自治州黎平县","公务员/事业单位;2024;computer_software;cybersecurity_cryptography;data_ai;仅限本科;学士;统计学、应用统计学、数学与应用数学、信息与计算科学、数据计算及应用、农林经济发展、农村区域发展、网络工程、信息安全、经济学、经济统计学、汉语言文学。;市（地）级及以下直属机构综合管理类","用人司局：国家统计局贵州调查总队
职位简介：从事一线入户调查、数据处理、统计分析、统计研究等工作。
专业要求：统计学、应用统计学、数学与应用数学、信息与计算科学、数据计算及应用、农林经济发展、农村区域发展、网络工程、信息安全、经济学、经济统计学、汉语言文学。
学历要求：仅限本科
学位要求：学士
政治面貌：不限
基层工作经历：二年
考试类别：市（地）级及以下直属机构综合管理类
备注：1.需服务期满、考核合格。2.本职位工作条件艰苦，需长期独立深入乡村、企业工作。3.本单位最低服务年限为5年（含试用期）。4.限贵州省户籍或贵州省生源。5.所列专业均要求主修专业，考生报考专业须与招录专业名称一致。","https://www.xuanhan.gov.cn/xxgk-show-77635.html#135124-400110124038","2023-10-15","{""dataset_year"":2024,""job_uid"":""GOV-2024-135124-400110124038"",""publisher"":""国家公务员局"",""publication_page"":""https://www.xuanhan.gov.cn/xxgk-show-77635.html"",""attachment_url"":""https://www.xuanhan.gov.cn/uploadfile/1/Attachment/638fdecf51.zip"",""local_source_file"":""中央机关及其直属机构2024年度考试录用公务员招考简章.xls"",""local_source_sha256"":""a1741b99dbecd6d03e533f99f2d69b0fa5a79733e551b80af69986ceed2ad996"",""source_sheet"":""中央国家行政机关参照公务员法管理事业单位"",""filter_version"":""government_tech_v2"",""tech_filter"":{""is_tech"":true,""is_core_tech"":true,""scope"":""core"",""categories"":[""computer_software"",""cybersecurity_cryptography"",""data_ai""],""matched_fields"":[""major"",""description""],""major_terms"":[""信息安全"",""网络工程""],""role_terms"":[""数据处理""],""reason"":""tech_major_and_role""},""original"":{""部门代码"":""135124"",""部门名称"":""国家统计局贵州调查总队"",""用人司局"":""国家统计局贵州调查总队"",""机构性质"":""中央国家行政机关参照公务员法管理事业单位"",""招考职位"":""黎平调查队一级科员（2）"",""职位属性"":""普通职位"",""职位分布"":""西部地区和艰苦边远地区职位"",""职位简介"":""从事一线入户调查、数据处理、统计分析、统计研究等工作。"",""职位代码"":""400110124038"",""机构层级"":""县（区）级及以下"",""考试类别"":""市（地）级及以下直属机构综合管理类"",""招考人数"":""1"",""专业"":""统计学、应用统计学、数学与应用数学、信息与计算科学、数据计算及应用、农林经济发展、农村区域发展、网络工程、信息安全、经济学、经济统计学、汉语言文学。"",""学历"":""仅限本科"",""学位"":""学士"",""政治面貌"":""不限"",""基层工作最低年限"":""二年"",""服务基层项目工作经历"":""大学生村官、“三支一扶”计划、大学生志愿服务西部计划"",""是否在面试阶段组织专业能力测试"":""否"",""面试人员比例"":""3:1"",""工作地点"":""贵州省黔东南苗族侗族自治州黎平县"",""落户地点"":""贵州省黔东南苗族侗族自治州黎平县"",""备注"":""1.需服务期满、考核合格。2.本职位工作条件艰苦，需长期独立深入乡村、企业工作。3.本单位最低服务年限为5年（含试用期）。4.限贵州省户籍或贵州省生源。5.所列专业均要求主修专业，考生报考专业须与招录专业名称一致。"",""部门网站"":""无"",""咨询电话1"":""0851-86677007"",""咨询电话2"":""0851-86677005"",""咨询电话3"":"""",""来源Sheet"":""中央国家行政机关参照公务员法管理事业单位""}}"
"government_jobs","国家公务员2024招考简章","公务员/事业单位技术岗位","贵州省六盘水市六枝特区","2026-07-28T09:12:58.310295+00:00","六枝调查队一级科员（2）","国家统计局贵州调查总队","","贵州省六盘水市六枝特区","公务员/事业单位;2024;computer_software;cybersecurity_cryptography;data_ai;仅限本科;学士;统计学、应用统计学、数学与应用数学、信息与计算科学、数据计算及应用、农林经济发展、农村区域发展、网络工程、信息安全、经济学、经济统计学、汉语言文学。;市（地）级及以下直属机构综合管理类","用人司局：国家统计局贵州调查总队
职位简介：从事一线入户调查、数据处理、统计分析、统计研究等工作。
专业要求：统计学、应用统计学、数学与应用数学、信息与计算科学、数据计算及应用、农林经济发展、农村区域发展、网络工程、信息安全、经济学、经济统计学、汉语言文学。
学历要求：仅限本科
学位要求：学士
政治面貌：不限
基层工作经历：二年
考试类别：市（地）级及以下直属机构综合管理类
备注：1.需服务期满、考核合格。2.本职位工作条件艰苦，需长期独立深入乡村、企业工作。3.本单位最低服务年限为5年（含试用期）。4.限贵州省户籍或贵州省生源。5.所列专业均要求主修专业，考生报考专业须与招录专业名称一致。","https://www.xuanhan.gov.cn/xxgk-show-77635.html#135124-400110124039","2023-10-15","{""dataset_year"":2024,""job_uid"":""GOV-2024-135124-400110124039"",""publisher"":""国家公务员局"",""publication_page"":""https://www.xuanhan.gov.cn/xxgk-show-77635.html"",""attachment_url"":""https://www.xuanhan.gov.cn/uploadfile/1/Attachment/638fdecf51.zip"",""local_source_file"":""中央机关及其直属机构2024年度考试录用公务员招考简章.xls"",""local_source_sha256"":""a1741b99dbecd6d03e533f99f2d69b0fa5a79733e551b80af69986ceed2ad996"",""source_sheet"":""中央国家行政机关参照公务员法管理事业单位"",""filter_version"":""government_tech_v2"",""tech_filter"":{""is_tech"":true,""is_core_tech"":true,""scope"":""core"",""categories"":[""computer_software"",""cybersecurity_cryptography"",""data_ai""],""matched_fields"":[""major"",""description""],""major_terms"":[""信息安全"",""网络工程""],""role_terms"":[""数据处理""],""reason"":""tech_major_and_role""},""original"":{""部门代码"":""135124"",""部门名称"":""国家统计局贵州调查总队"",""用人司局"":""国家统计局贵州调查总队"",""机构性质"":""中央国家行政机关参照公务员法管理事业单位"",""招考职位"":""六枝调查队一级科员（2）"",""职位属性"":""普通职位"",""职位分布"":""西部地区和艰苦边远地区职位"",""职位简介"":""从事一线入户调查、数据处理、统计分析、统计研究等工作。"",""职位代码"":""400110124039"",""机构层级"":""县（区）级及以下"",""考试类别"":""市（地）级及以下直属机构综合管理类"",""招考人数"":""1"",""专业"":""统计学、应用统计学、数学与应用数学、信息与计算科学、数据计算及应用、农林经济发展、农村区域发展、网络工程、信息安全、经济学、经济统计学、汉语言文学。"",""学历"":""仅限本科"",""学位"":""学士"",""政治面貌"":""不限"",""基层工作最低年限"":""二年"",""服务基层项目工作经历"":""大学生村官、“三支一扶”计划、大学生志愿服务西部计划"",""是否在面试阶段组织专业能力测试"":""否"",""面试人员比例"":""3:1"",""工作地点"":""贵州省六盘水市六枝特区"",""落户地点"":""贵州省六盘水市六枝特区"",""备注"":""1.需服务期满、考核合格。2.本职位工作条件艰苦，需长期独立深入乡村、企业工作。3.本单位最低服务年限为5年（含试用期）。4.限贵州省户籍或贵州省生源。5.所列专业均要求主修专业，考生报考专业须与招录专业名称一致。"",""部门网站"":""无"",""咨询电话1"":""0851-86677007"",""咨询电话2"":""0851-86677005"",""咨询电话3"":"""",""来源Sheet"":""中央国家行政机关参照公务员法管理事业单位""}}"
"government_jobs","国家公务员2024招考简章","公务员/事业单位技术岗位","贵州省六盘水市六枝特区","2026-07-28T09:12:58.310295+00:00","六枝调查队一级科员（1）","国家统计局贵州调查总队","","贵州省六盘水市六枝特区","公务员/事业单位;2024;computer_software;cybersecurity_cryptography;data_ai;仅限本科;学士;统计学、应用统计学、数学与应用数学、信息与计算科学、数据计算及应用、农林经济发展、农村区域发展、网络工程、信息安全、经济学、经济统计学、汉语言文学。;市（地）级及以下直属机构综合管理类","用人司局：国家统计局贵州调查总队
职位简介：从事一线入户调查、数据处理、统计分析、统计研究等工作。
专业要求：统计学、应用统计学、数学与应用数学、信息与计算科学、数据计算及应用、农林经济发展、农村区域发展、网络工程、信息安全、经济学、经济统计学、汉语言文学。
学历要求：仅限本科
学位要求：学士
政治面貌：不限
基层工作经历：无限制
考试类别：市（地）级及以下直属机构综合管理类
备注：1.限应届高校毕业生。2.本职位工作条件艰苦，需长期独立深入乡村、企业工作。3.限贵州省六盘水市户籍或贵州省六盘水市生源。4.本单位最低服务年限为5年（含试用期）。5.所列专业均要求主修专业，考生报考专业须与招录专业名称一致。","https://www.xuanhan.gov.cn/xxgk-show-77635.html#135124-400110124040","2023-10-15","{""dataset_year"":2024,""job_uid"":""GOV-2024-135124-400110124040"",""publisher"":""国家公务员局"",""publication_page"":""https://www.xuanhan.gov.cn/xxgk-show-77635.html"",""attachment_url"":""https://www.xuanhan.gov.cn/uploadfile/1/Attachment/638fdecf51.zip"",""local_source_file"":""中央机关及其直属机构2024年度考试录用公务员招考简章.xls"",""local_source_sha256"":""a1741b99dbecd6d03e533f99f2d69b0fa5a79733e551b80af69986ceed2ad996"",""source_sheet"":""中央国家行政机关参照公务员法管理事业单位"",""filter_version"":""government_tech_v2"",""tech_filter"":{""is_tech"":true,""is_core_tech"":true,""scope"":""core"",""categories"":[""computer_software"",""cybersecurity_cryptography"",""data_ai""],""matched_fields"":[""major"",""description""],""major_terms"":[""信息安全"",""网络工程""],""role_terms"":[""数据处理""],""reason"":""tech_major_and_role""},""original"":{""部门代码"":""135124"",""部门名称"":""国家统计局贵州调查总队"",""用人司局"":""国家统计局贵州调查总队"",""机构性质"":""中央国家行政机关参照公务员法管理事业单位"",""招考职位"":""六枝调查队一级科员（1）"",""职位属性"":""普通职位"",""职位分布"":""西部地区和艰苦边远地区职位"",""职位简介"":""从事一线入户调查、数据处理、统计分析、统计研究等工作。"",""职位代码"":""400110124040"",""机构层级"":""县（区）级及以下"",""考试类别"":""市（地）级及以下直属机构综合管理类"",""招考人数"":""1"",""专业"":""统计学、应用统计学、数学与应用数学、信息与计算科学、数据计算及应用、农林经济发展、农村区域发展、网络工程、信息安全、经济学、经济统计学、汉语言文学。"",""学历"":""仅限本科"",""学位"":""学士"",""政治面貌"":""不限"",""基层工作最低年限"":""无限制"",""服务基层项目工作经历"":""无限制"",""是否在面试阶段组织专业能力测试"":""否"",""面试人员比例"":""3:1"",""工作地点"":""贵州省六盘水市六枝特区"",""落户地点"":""贵州省六盘水市六枝特区"",""备注"":""1.限应届高校毕业生。2.本职位工作条件艰苦，需长期独立深入乡村、企业工作。3.限贵州省六盘水市户籍或贵州省六盘水市生源。4.本单位最低服务年限为5年（含试用期）。5.所列专业均要求主修专业，考生报考专业须与招录专业名称一致。"",""部门网站"":""无"",""咨询电话1"":""0851-86677007"",""咨询电话2"":""0851-86677005"",""咨询电话3"":"""",""来源Sheet"":""中央国家行政机关参照公务员法管理事业单位""}}"
"government_jobs","国家公务员2024招考简章","公务员/事业单位技术岗位","云南省曲靖市麒麟区","2026-07-28T09:12:58.310295+00:00","曲靖调查队业务科室一级科员（1）","国家统计局云南调查总队","","云南省曲靖市麒麟区","公务员/事业单位;2024;computer_software;data_ai;仅限本科;学士;统计学类、数学类、计算机类、经济学类;市（地）级及以下直属机构综合管理类","用人司局：国家统计局云南调查总队
职位简介：从事一线入户调查、数据处理、统计分析、统计研究等工作
专业要求：统计学类、数学类、计算机类、经济学类
学历要求：仅限本科
学位要求：学士
政治面貌：中共党员
基层工作经历：三年
考试类别：市（地）级及以下直属机构综合管理类
备注：1.限招男性；
2.本单位最低服务年限为5年（含试用期）。","https://www.xuanhan.gov.cn/xxgk-show-77635.html#135125-400110125003","2023-10-15","{""dataset_year"":2024,""job_uid"":""GOV-2024-135125-400110125003"",""publisher"":""国家公务员局"",""publication_page"":""https://www.xuanhan.gov.cn/xxgk-show-77635.html"",""attachment_url"":""https://www.xuanhan.gov.cn/uploadfile/1/Attachment/638fdecf51.zip"",""local_source_file"":""中央机关及其直属机构2024年度考试录用公务员招考简章.xls"",""local_source_sha256"":""a1741b99dbecd6d03e533f99f2d69b0fa5a79733e551b80af69986ceed2ad996"",""source_sheet"":""中央国家行政机关参照公务员法管理事业单位"",""filter_version"":""government_tech_v2"",""tech_filter"":{""is_tech"":true,""is_core_tech"":true,""scope"":""core"",""categories"":[""computer_software"",""data_ai""],""matched_fields"":[""major"",""description""],""major_terms"":[""计算机类""],""role_terms"":[""数据处理""],""reason"":""tech_major_and_role""},""original"":{""部门代码"":""135125"",""部门名称"":""国家统计局云南调查总队"",""用人司局"":""国家统计局云南调查总队"",""机构性质"":""中央国家行政机关参照公务员法管理事业单位"",""招考职位"":""曲靖调查队业务科室一级科员（1）"",""职位属性"":""普通职位"",""职位分布"":""西部地区和艰苦边远地区职位"",""职位简介"":""从事一线入户调查、数据处理、统计分析、统计研究等工作"",""职位代码"":""400110125003"",""机构层级"":""市（地）级"",""考试类别"":""市（地）级及以下直属机构综合管理类"",""招考人数"":""1"",""专业"":""统计学类、数学类、计算机类、经济学类"",""学历"":""仅限本科"",""学位"":""学士"",""政治面貌"":""中共党员"",""基层工作最低年限"":""三年"",""服务基层项目工作经历"":""大学生村官、农村义务教育阶段学校教师特设岗位计划、“三支一扶”计划、大学生志愿服务西部计划"",""是否在面试阶段组织专业能力测试"":""否"",""面试人员比例"":""3:1"",""工作地点"":""云南省曲靖市麒麟区"",""落户地点"":""云南省曲靖市麒麟区"",""备注"":""1.限招男性；\n2.本单位最低服务年限为5年（含试用期）。"",""部门网站"":""http://ynzd.stats.gov.cn/"",""咨询电话1"":""0871-65108067"",""咨询电话2"":""0871-65111379"",""咨询电话3"":"""",""来源Sheet"":""中央国家行政机关参照公务员法管理事业单位""}}"
"government_jobs","国家公务员2024招考简章","公务员/事业单位技术岗位","云南省曲靖市麒麟区","2026-07-28T09:12:58.310295+00:00","曲靖调查队业务科室一级科员（2）","国家统计局云南调查总队","","云南省曲靖市麒麟区","公务员/事业单位;2024;computer_software;data_ai;仅限本科;学士;统计学类、数学类、计算机类、经济学类;市（地）级及以下直属机构综合管理类","用人司局：国家统计局云南调查总队
职位简介：从事一线入户调查、数据处理、统计分析、统计研究等工作
专业要求：统计学类、数学类、计算机类、经济学类
学历要求：仅限本科
学位要求：学士
政治面貌：中共党员
基层工作经历：三年
考试类别：市（地）级及以下直属机构综合管理类
备注：1.限招女性；
2.本单位最低服务年限为5年（含试用期）。","https://www.xuanhan.gov.cn/xxgk-show-77635.html#135125-400110125004","2023-10-15","{""dataset_year"":2024,""job_uid"":""GOV-2024-135125-400110125004"",""publisher"":""国家公务员局"",""publication_page"":""https://www.xuanhan.gov.cn/xxgk-show-77635.html"",""attachment_url"":""https://www.xuanhan.gov.cn/uploadfile/1/Attachment/638fdecf51.zip"",""local_source_file"":""中央机关及其直属机构2024年度考试录用公务员招考简章.xls"",""local_source_sha256"":""a1741b99dbecd6d03e533f99f2d69b0fa5a79733e551b80af69986ceed2ad996"",""source_sheet"":""中央国家行政机关参照公务员法管理事业单位"",""filter_version"":""government_tech_v2"",""tech_filter"":{""is_tech"":true,""is_core_tech"":true,""scope"":""core"",""categories"":[""computer_software"",""data_ai""],""matched_fields"":[""major"",""description""],""major_terms"":[""计算机类""],""role_terms"":[""数据处理""],""reason"":""tech_major_and_role""},""original"":{""部门代码"":""135125"",""部门名称"":""国家统计局云南调查总队"",""用人司局"":""国家统计局云南调查总队"",""机构性质"":""中央国家行政机关参照公务员法管理事业单位"",""招考职位"":""曲靖调查队业务科室一级科员（2）"",""职位属性"":""普通职位"",""职位分布"":""西部地区和艰苦边远地区职位"",""职位简介"":""从事一线入户调查、数据处理、统计分析、统计研究等工作"",""职位代码"":""400110125004"",""机构层级"":""市（地）级"",""考试类别"":""市（地）级及以下直属机构综合管理类"",""招考人数"":""1"",""专业"":""统计学类、数学类、计算机类、经济学类"",""学历"":""仅限本科"",""学位"":""学士"",""政治面貌"":""中共党员"",""基层工作最低年限"":""三年"",""服务基层项目工作经历"":""大学生村官、农村义务教育阶段学校教师特设岗位计划、“三支一扶”计划、大学生志愿服务西部计划"",""是否在面试阶段组织专业能力测试"":""否"",""面试人员比例"":""3:1"",""工作地点"":""云南省曲靖市麒麟区"",""落户地点"":""云南省曲靖市麒麟区"",""备注"":""1.限招女性；\n2.本单位最低服务年限为5年（含试用期）。"",""部门网站"":""http://ynzd.stats.gov.cn/"",""咨询电话1"":""0871-65108067"",""咨询电话2"":""0871-65111379"",""咨询电话3"":"""",""来源Sheet"":""中央国家行政机关参照公务员法管理事业单位""}}"
"government_jobs","国家公务员2024招考简章","公务员/事业单位技术岗位","云南省红河哈尼族彝族自治州蒙自市","2026-07-28T09:12:58.310295+00:00","红河调查队业务科室一级科员","国家统计局云南调查总队","","云南省红河哈尼族彝族自治州蒙自市","公务员/事业单位;2024;computer_software;data_ai;仅限本科;学士;统计学类、数学类、计算机类;市（地）级及以下直属机构综合管理类","用人司局：国家统计局云南调查总队
职位简介：从事一线入户调查、数据处理、统计分析、统计研究等工作
专业要求：统计学类、数学类、计算机类
学历要求：仅限本科
学位要求：学士
政治面貌：不限
基层工作经历：三年
考试类别：市（地）级及以下直属机构综合管理类
备注：本单位最低服务年限为5年（含试用期）。","https://www.xuanhan.gov.cn/xxgk-show-77635.html#135125-400110125006","2023-10-15","{""dataset_year"":2024,""job_uid"":""GOV-2024-135125-400110125006"",""publisher"":""国家公务员局"",""publication_page"":""https://www.xuanhan.gov.cn/xxgk-show-77635.html"",""attachment_url"":""https://www.xuanhan.gov.cn/uploadfile/1/Attachment/638fdecf51.zip"",""local_source_file"":""中央机关及其直属机构2024年度考试录用公务员招考简章.xls"",""local_source_sha256"":""a1741b99dbecd6d03e533f99f2d69b0fa5a79733e551b80af69986ceed2ad996"",""source_sheet"":""中央国家行政机关参照公务员法管理事业单位"",""filter_version"":""government_tech_v2"",""tech_filter"":{""is_tech"":true,""is_core_tech"":true,""scope"":""core"",""categories"":[""computer_software"",""data_ai""],""matched_fields"":[""major"",""description""],""major_terms"":[""计算机类""],""role_terms"":[""数据处理""],""reason"":""tech_major_and_role""},""original"":{""部门代码"":""135125"",""部门名称"":""国家统计局云南调查总队"",""用人司局"":""国家统计局云南调查总队"",""机构性质"":""中央国家行政机关参照公务员法管理事业单位"",""招考职位"":""红河调查队业务科室一级科员"",""职位属性"":""普通职位"",""职位分布"":""西部地区和艰苦边远地区职位"",""职位简介"":""从事一线入户调查、数据处理、统计分析、统计研究等工作"",""职位代码"":""400110125006"",""机构层级"":""市（地）级"",""考试类别"":""市（地）级及以下直属机构综合管理类"",""招考人数"":""1"",""专业"":""统计学类、数学类、计算机类"",""学历"":""仅限本科"",""学位"":""学士"",""政治面貌"":""不限"",""基层工作最低年限"":""三年"",""服务基层项目工作经历"":""大学生村官"",""是否在面试阶段组织专业能力测试"":""否"",""面试人员比例"":""3:1"",""工作地点"":""云南省红河哈尼族彝族自治州蒙自市"",""落户地点"":""云南省红河哈尼族彝族自治州蒙自市"",""备注"":""本单位最低服务年限为5年（含试用期）。"",""部门网站"":""http://ynzd.stats.gov.cn/"",""咨询电话1"":""0871-65108067"",""咨询电话2"":""0871-65111379"",""咨询电话3"":"""",""来源Sheet"":""中央国家行政机关参照公务员法管理事业单位""}}"
"government_jobs","国家公务员2024招考简章","公务员/事业单位技术岗位","云南省昆明市东川区","2026-07-28T09:12:58.310295+00:00","东川调查队一级科员","国家统计局云南调查总队","","云南省昆明市东川区","公务员/事业单位;2024;computer_software;data_ai;仅限本科;学士;统计学类、数学类、计算机类;市（地）级及以下直属机构综合管理类","用人司局：国家统计局云南调查总队
职位简介：从事一线入户调查、数据处理、统计分析、统计研究等工作
专业要求：统计学类、数学类、计算机类
学历要求：仅限本科
学位要求：学士
政治面貌：不限
基层工作经历：无限制
考试类别：市（地）级及以下直属机构综合管理类
备注：1.限招2024届高校毕业生；
2.本单位最低服务年限为5年（含试用期）。","https://www.xuanhan.gov.cn/xxgk-show-77635.html#135125-400110125010","2023-10-15","{""dataset_year"":2024,""job_uid"":""GOV-2024-135125-400110125010"",""publisher"":""国家公务员局"",""publication_page"":""https://www.xuanhan.gov.cn/xxgk-show-77635.html"",""attachment_url"":""https://www.xuanhan.gov.cn/uploadfile/1/Attachment/638fdecf51.zip"",""local_source_file"":""中央机关及其直属机构2024年度考试录用公务员招考简章.xls"",""local_source_sha256"":""a1741b99dbecd6d03e533f99f2d69b0fa5a79733e551b80af69986ceed2ad996"",""source_sheet"":""中央国家行政机关参照公务员法管理事业单位"",""filter_version"":""government_tech_v2"",""tech_filter"":{""is_tech"":true,""is_core_tech"":true,""scope"":""core"",""categories"":[""computer_software"",""data_ai""],""matched_fields"":[""major"",""description""],""major_terms"":[""计算机类""],""role_terms"":[""数据处理""],""reason"":""tech_major_and_role""},""original"":{""部门代码"":""135125"",""部门名称"":""国家统计局云南调查总队"",""用人司局"":""国家统计局云南调查总队"",""机构性质"":""中央国家行政机关参照公务员法管理事业单位"",""招考职位"":""东川调查队一级科员"",""职位属性"":""普通职位"",""职位分布"":""西部地区和艰苦边远地区职位"",""职位简介"":""从事一线入户调查、数据处理、统计分析、统计研究等工作"",""职位代码"":""400110125010"",""机构层级"":""县（区）级及以下"",""考试类别"":""市（地）级及以下直属机构综合管理类"",""招考人数"":""1"",""专业"":""统计学类、数学类、计算机类"",""学历"":""仅限本科"",""学位"":""学士"",""政治面貌"":""不限"",""基层工作最低年限"":""无限制"",""服务基层项目工作经历"":""无限制"",""是否在面试阶段组织专业能力测试"":""否"",""面试人员比例"":""3:1"",""工作地点"":""云南省昆明市东川区"",""落户地点"":""云南省昆明市东川区"",""备注"":""1.限招2024届高校毕业生；\n2.本单位最低服务年限为5年（含试用期）。"",""部门网站"":""http://ynzd.stats.gov.cn/"",""咨询电话1"":""0871-65108067"",""咨询电话2"":""0871-65111379"",""咨询电话3"":"""",""来源Sheet"":""中央国家行政机关参照公务员法管理事业单位""}}"
"government_jobs","国家公务员2024招考简章","公务员/事业单位技术岗位","云南省昆明市富民县","2026-07-28T09:12:58.310295+00:00","富民调查队一级科员","国家统计局云南调查总队","","云南省昆明市富民县","公务员/事业单位;2024;computer_software;data_ai;仅限本科;学士;统计学类、数学类、计算机类;市（地）级及以下直属机构综合管理类","用人司局：国家统计局云南调查总队
职位简介：从事一线入户调查、数据处理、统计分析、统计研究等工作
专业要求：统计学类、数学类、计算机类
学历要求：仅限本科
学位要求：学士
政治面貌：中共党员
基层工作经历：无限制
考试类别：市（地）级及以下直属机构综合管理类
备注：1.限招2024届高校毕业生；
2.本单位最低服务年限为5年（含试用期）。","https://www.xuanhan.gov.cn/xxgk-show-77635.html#135125-400110125011","2023-10-15","{""dataset_year"":2024,""job_uid"":""GOV-2024-135125-400110125011"",""publisher"":""国家公务员局"",""publication_page"":""https://www.xuanhan.gov.cn/xxgk-show-77635.html"",""attachment_url"":""https://www.xuanhan.gov.cn/uploadfile/1/Attachment/638fdecf51.zip"",""local_source_file"":""中央机关及其直属机构2024年度考试录用公务员招考简章.xls"",""local_source_sha256"":""a1741b99dbecd6d03e533f99f2d69b0fa5a79733e551b80af69986ceed2ad996"",""source_sheet"":""中央国家行政机关参照公务员法管理事业单位"",""filter_version"":""government_tech_v2"",""tech_filter"":{""is_tech"":true,""is_core_tech"":true,""scope"":""core"",""categories"":[""computer_software"",""data_ai""],""matched_fields"":[""major"",""description""],""major_terms"":[""计算机类""],""role_terms"":[""数据处理""],""reason"":""tech_major_and_role""},""original"":{""部门代码"":""135125"",""部门名称"":""国家统计局云南调查总队"",""用人司局"":""国家统计局云南调查总队"",""机构性质"":""中央国家行政机关参照公务员法管理事业单位"",""招考职位"":""富民调查队一级科员"",""职位属性"":""普通职位"",""职位分布"":""西部地区和艰苦边远地区职位"",""职位简介"":""从事一线入户调查、数据处理、统计分析、统计研究等工作"",""职位代码"":""400110125011"",""机构层级"":""县（区）级及以下"",""考试类别"":""市（地）级及以下直属机构综合管理类"",""招考人数"":""1"",""专业"":""统计学类、数学类、计算机类"",""学历"":""仅限本科"",""学位"":""学士"",""政治面貌"":""中共党员"",""基层工作最低年限"":""无限制"",""服务基层项目工作经历"":""无限制"",""是否在面试阶段组织专业能力测试"":""否"",""面试人员比例"":""3:1"",""工作地点"":""云南省昆明市富民县"",""落户地点"":""云南省昆明市富民县"",""备注"":""1.限招2024届高校毕业生；\n2.本单位最低服务年限为5年（含试用期）。"",""部门网站"":""http://ynzd.stats.gov.cn/"",""咨询电话1"":""0871-65108067"",""咨询电话2"":""0871-65111379"",""咨询电话3"":"""",""来源Sheet"":""中央国家行政机关参照公务员法管理事业单位""}}"
"government_jobs","国家公务员2024招考简章","公务员/事业单位技术岗位","云南省曲靖市宣威市","2026-07-28T09:12:58.310295+00:00","宣威调查队一级科员","国家统计局云南调查总队","","云南省曲靖市宣威市","公务员/事业单位;2024;computer_software;data_ai;仅限本科;学士;统计学类、数学类、计算机类;市（地）级及以下直属机构综合管理类","用人司局：国家统计局云南调查总队
职位简介：从事一线入户调查、数据处理、统计分析、统计研究等工作
专业要求：统计学类、数学类、计算机类
学历要求：仅限本科
学位要求：学士
政治面貌：中共党员
基层工作经历：无限制
考试类别：市（地）级及以下直属机构综合管理类
备注：1.限招2024届高校毕业生；
2.限曲靖市户籍或曲靖市生源；
3.本单位最低服务年限为5年（含试用期）。","https://www.xuanhan.gov.cn/xxgk-show-77635.html#135125-400110125015","2023-10-15","{""dataset_year"":2024,""job_uid"":""GOV-2024-135125-400110125015"",""publisher"":""国家公务员局"",""publication_page"":""https://www.xuanhan.gov.cn/xxgk-show-77635.html"",""attachment_url"":""https://www.xuanhan.gov.cn/uploadfile/1/Attachment/638fdecf51.zip"",""local_source_file"":""中央机关及其直属机构2024年度考试录用公务员招考简章.xls"",""local_source_sha256"":""a1741b99dbecd6d03e533f99f2d69b0fa5a79733e551b80af69986ceed2ad996"",""source_sheet"":""中央国家行政机关参照公务员法管理事业单位"",""filter_version"":""government_tech_v2"",""tech_filter"":{""is_tech"":true,""is_core_tech"":true,""scope"":""core"",""categories"":[""computer_software"",""data_ai""],""matched_fields"":[""major"",""description""],""major_terms"":[""计算机类""],""role_terms"":[""数据处理""],""reason"":""tech_major_and_role""},""original"":{""部门代码"":""135125"",""部门名称"":""国家统计局云南调查总队"",""用人司局"":""国家统计局云南调查总队"",""机构性质"":""中央国家行政机关参照公务员法管理事业单位"",""招考职位"":""宣威调查队一级科员"",""职位属性"":""普通职位"",""职位分布"":""西部地区和艰苦边远地区职位"",""职位简介"":""从事一线入户调查、数据处理、统计分析、统计研究等工作"",""职位代码"":""400110125015"",""机构层级"":""县（区）级及以下"",""考试类别"":""市（地）级及以下直属机构综合管理类"",""招考人数"":""1"",""专业"":""统计学类、数学类、计算机类"",""学历"":""仅限本科"",""学位"":""学士"",""政治面貌"":""中共党员"",""基层工作最低年限"":""无限制"",""服务基层项目工作经历"":""无限制"",""是否在面试阶段组织专业能力测试"":""否"",""面试人员比例"":""3:1"",""工作地点"":""云南省曲靖市宣威市"",""落户地点"":""云南省曲靖市宣威市"",""备注"":""1.限招2024届高校毕业生；\n2.限曲靖市户籍或曲靖市生源；\n3.本单位最低服务年限为5年（含试用期）。"",""部门网站"":""http://ynzd.stats.gov.cn/"",""咨询电话1"":""0871-65108067"",""咨询电话2"":""0871-65111379"",""咨询电话3"":"""",""来源Sheet"":""中央国家行政机关参照公务员法管理事业单位""}}"
"government_jobs","国家公务员2024招考简章","公务员/事业单位技术岗位","云南省玉溪市新平彝族傣族自治县","2026-07-28T09:12:58.310295+00:00","新平调查队一级科员","国家统计局云南调查总队","","云南省玉溪市新平彝族傣族自治县","公务员/事业单位;2024;computer_software;data_ai;仅限本科;学士;统计学类、数学类、计算机类、经济学类;市（地）级及以下直属机构综合管理类","用人司局：国家统计局云南调查总队
职位简介：从事一线入户调查、数据处理、统计分析、统计研究等工作
专业要求：统计学类、数学类、计算机类、经济学类
学历要求：仅限本科
学位要求：学士
政治面貌：中共党员
基层工作经历：无限制
考试类别：市（地）级及以下直属机构综合管理类
备注：1.限招2024届高校毕业生；
2.限玉溪市户籍或玉溪市生源；
3.本单位最低服务年限为5年（含试用期）。","https://www.xuanhan.gov.cn/xxgk-show-77635.html#135125-400110125017","2023-10-15","{""dataset_year"":2024,""job_uid"":""GOV-2024-135125-400110125017"",""publisher"":""国家公务员局"",""publication_page"":""https://www.xuanhan.gov.cn/xxgk-show-77635.html"",""attachment_url"":""https://www.xuanhan.gov.cn/uploadfile/1/Attachment/638fdecf51.zip"",""local_source_file"":""中央机关及其直属机构2024年度考试录用公务员招考简章.xls"",""local_source_sha256"":""a1741b99dbecd6d03e533f99f2d69b0fa5a79733e551b80af69986ceed2ad996"",""source_sheet"":""中央国家行政机关参照公务员法管理事业单位"",""filter_version"":""government_tech_v2"",""tech_filter"":{""is_tech"":true,""is_core_tech"":true,""scope"":""core"",""categories"":[""computer_software"",""data_ai""],""matched_fields"":[""major"",""description""],""major_terms"":[""计算机类""],""role_terms"":[""数据处理""],""reason"":""tech_major_and_role""},""original"":{""部门代码"":""135125"",""部门名称"":""国家统计局云南调查总队"",""用人司局"":""国家统计局云南调查总队"",""机构性质"":""中央国家行政机关参照公务员法管理事业单位"",""招考职位"":""新平调查队一级科员"",""职位属性"":""普通职位"",""职位分布"":""西部地区和艰苦边远地区职位"",""职位简介"":""从事一线入户调查、数据处理、统计分析、统计研究等工作"",""职位代码"":""400110125017"",""机构层级"":""县（区）级及以下"",""考试类别"":""市（地）级及以下直属机构综合管理类"",""招考人数"":""1"",""专业"":""统计学类、数学类、计算机类、经济学类"",""学历"":""仅限本科"",""学位"":""学士"",""政治面貌"":""中共党员"",""基层工作最低年限"":""无限制"",""服务基层项目工作经历"":""无限制"",""是否在面试阶段组织专业能力测试"":""否"",""面试人员比例"":""3:1"",""工作地点"":""云南省玉溪市新平彝族傣族自治县"",""落户地点"":""云南省玉溪市新平彝族傣族自治县"",""备注"":""1.限招2024届高校毕业生；\n2.限玉溪市户籍或玉溪市生源；\n3.本单位最低服务年限为5年（含试用期）。"",""部门网站"":""http://ynzd.stats.gov.cn/"",""咨询电话1"":""0871-65108067"",""咨询电话2"":""0871-65111379"",""咨询电话3"":"""",""来源Sheet"":""中央国家行政机关参照公务员法管理事业单位""}}"
"government_jobs","国家公务员2024招考简章","公务员/事业单位技术岗位","云南省保山市昌宁县","2026-07-28T09:12:58.310295+00:00","昌宁调查队一级科员","国家统计局云南调查总队","","云南省保山市昌宁县","公务员/事业单位;2024;computer_software;data_ai;仅限本科;学士;计算机类、农学;市（地）级及以下直属机构综合管理类","用人司局：国家统计局云南调查总队
职位简介：从事一线入户调查、数据处理、统计分析、统计研究等工作
专业要求：计算机类、农学
学历要求：仅限本科
学位要求：学士
政治面貌：不限
基层工作经历：无限制
考试类别：市（地）级及以下直属机构综合管理类
备注：1.限云南省户籍或云南省生源；
2.本单位最低服务年限为5年（含试用期）。","https://www.xuanhan.gov.cn/xxgk-show-77635.html#135125-400110125018","2023-10-15","{""dataset_year"":2024,""job_uid"":""GOV-2024-135125-400110125018"",""publisher"":""国家公务员局"",""publication_page"":""https://www.xuanhan.gov.cn/xxgk-show-77635.html"",""attachment_url"":""https://www.xuanhan.gov.cn/uploadfile/1/Attachment/638fdecf51.zip"",""local_source_file"":""中央机关及其直属机构2024年度考试录用公务员招考简章.xls"",""local_source_sha256"":""a1741b99dbecd6d03e533f99f2d69b0fa5a79733e551b80af69986ceed2ad996"",""source_sheet"":""中央国家行政机关参照公务员法管理事业单位"",""filter_version"":""government_tech_v2"",""tech_filter"":{""is_tech"":true,""is_core_tech"":true,""scope"":""core"",""categories"":[""computer_software"",""data_ai""],""matched_fields"":[""major"",""description""],""major_terms"":[""计算机类""],""role_terms"":[""数据处理""],""reason"":""tech_major_and_role""},""original"":{""部门代码"":""135125"",""部门名称"":""国家统计局云南调查总队"",""用人司局"":""国家统计局云南调查总队"",""机构性质"":""中央国家行政机关参照公务员法管理事业单位"",""招考职位"":""昌宁调查队一级科员"",""职位属性"":""普通职位"",""职位分布"":""西部地区和艰苦边远地区职位"",""职位简介"":""从事一线入户调查、数据处理、统计分析、统计研究等工作"",""职位代码"":""400110125018"",""机构层级"":""县（区）级及以下"",""考试类别"":""市（地）级及以下直属机构综合管理类"",""招考人数"":""1"",""专业"":""计算机类、农学"",""学历"":""仅限本科"",""学位"":""学士"",""政治面貌"":""不限"",""基层工作最低年限"":""无限制"",""服务基层项目工作经历"":""无限制"",""是否在面试阶段组织专业能力测试"":""否"",""面试人员比例"":""3:1"",""工作地点"":""云南省保山市昌宁县"",""落户地点"":""云南省保山市昌宁县"",""备注"":""1.限云南省户籍或云南省生源；\n2.本单位最低服务年限为5年（含试用期）。"",""部门网站"":""http://ynzd.stats.gov.cn/"",""咨询电话1"":""0871-65108067"",""咨询电话2"":""0871-65111379"",""咨询电话3"":"""",""来源Sheet"":""中央国家行政机关参照公务员法管理事业单位""}}"
"government_jobs","国家公务员2024招考简章","公务员/事业单位技术岗位","云南省普洱市宁洱哈尼族彝族自治县","2026-07-28T09:12:58.310295+00:00","宁洱调查队一级科员","国家统计局云南调查总队","","云南省普洱市宁洱哈尼族彝族自治县","公务员/事业单位;2024;computer_software;data_ai;仅限本科;学士;统计学类、数学类、计算机类;市（地）级及以下直属机构综合管理类","用人司局：国家统计局云南调查总队
职位简介：从事一线入户调查、数据处理、统计分析、统计研究等工作
专业要求：统计学类、数学类、计算机类
学历要求：仅限本科
学位要求：学士
政治面貌：不限
基层工作经历：无限制
考试类别：市（地）级及以下直属机构综合管理类
备注：1.限招2024届高校毕业生；
2.限普洱市户籍或普洱市生源；
3.本单位最低服务年限为5年（含试用期）。","https://www.xuanhan.gov.cn/xxgk-show-77635.html#135125-400110125019","2023-10-15","{""dataset_year"":2024,""job_uid"":""GOV-2024-135125-400110125019"",""publisher"":""国家公务员局"",""publication_page"":""https://www.xuanhan.gov.cn/xxgk-show-77635.html"",""attachment_url"":""https://www.xuanhan.gov.cn/uploadfile/1/Attachment/638fdecf51.zip"",""local_source_file"":""中央机关及其直属机构2024年度考试录用公务员招考简章.xls"",""local_source_sha256"":""a1741b99dbecd6d03e533f99f2d69b0fa5a79733e551b80af69986ceed2ad996"",""source_sheet"":""中央国家行政机关参照公务员法管理事业单位"",""filter_version"":""government_tech_v2"",""tech_filter"":{""is_tech"":true,""is_core_tech"":true,""scope"":""core"",""categories"":[""computer_software"",""data_ai""],""matched_fields"":[""major"",""description""],""major_terms"":[""计算机类""],""role_terms"":[""数据处理""],""reason"":""tech_major_and_role""},""original"":{""部门代码"":""135125"",""部门名称"":""国家统计局云南调查总队"",""用人司局"":""国家统计局云南调查总队"",""机构性质"":""中央国家行政机关参照公务员法管理事业单位"",""招考职位"":""宁洱调查队一级科员"",""职位属性"":""普通职位"",""职位分布"":""西部地区和艰苦边远地区职位"",""职位简介"":""从事一线入户调查、数据处理、统计分析、统计研究等工作"",""职位代码"":""400110125019"",""机构层级"":""县（区）级及以下"",""考试类别"":""市（地）级及以下直属机构综合管理类"",""招考人数"":""1"",""专业"":""统计学类、数学类、计算机类"",""学历"":""仅限本科"",""学位"":""学士"",""政治面貌"":""不限"",""基层工作最低年限"":""无限制"",""服务基层项目工作经历"":""无限制"",""是否在面试阶段组织专业能力测试"":""否"",""面试人员比例"":""3:1"",""工作地点"":""云南省普洱市宁洱哈尼族彝族自治县"",""落户地点"":""云南省普洱市宁洱哈尼族彝族自治县"",""备注"":""1.限招2024届高校毕业生；\n2.限普洱市户籍或普洱市生源；\n3.本单位最低服务年限为5年（含试用期）。"",""部门网站"":""http://ynzd.stats.gov.cn/"",""咨询电话1"":""0871-65108067"",""咨询电话2"":""0871-65111379"",""咨询电话3"":"""",""来源Sheet"":""中央国家行政机关参照公务员法管理事业单位""}}"
"government_jobs","国家公务员2024招考简章","公务员/事业单位技术岗位","云南省红河哈尼族彝族自治州个旧市","2026-07-28T09:12:58.310295+00:00","个旧调查队一级科员（1）","国家统计局云南调查总队","","云南省红河哈尼族彝族自治州个旧市","公务员/事业单位;2024;computer_software;data_ai;仅限本科;学士;统计学类、数学类、计算机类;市（地）级及以下直属机构综合管理类","用人司局：国家统计局云南调查总队
职位简介：从事一线入户调查、数据处理、统计分析、统计研究等工作
专业要求：统计学类、数学类、计算机类
学历要求：仅限本科
学位要求：学士
政治面貌：不限
基层工作经历：无限制
考试类别：市（地）级及以下直属机构综合管理类
备注：1.限招男性；
2.限招2024届高校毕业生；
3.限红河州户籍或红河州生源；
4.本单位最低服务年限为5年（含试用期）。","https://www.xuanhan.gov.cn/xxgk-show-77635.html#135125-400110125030","2023-10-15","{""dataset_year"":2024,""job_uid"":""GOV-2024-135125-400110125030"",""publisher"":""国家公务员局"",""publication_page"":""https://www.xuanhan.gov.cn/xxgk-show-77635.html"",""attachment_url"":""https://www.xuanhan.gov.cn/uploadfile/1/Attachment/638fdecf51.zip"",""local_source_file"":""中央机关及其直属机构2024年度考试录用公务员招考简章.xls"",""local_source_sha256"":""a1741b99dbecd6d03e533f99f2d69b0fa5a79733e551b80af69986ceed2ad996"",""source_sheet"":""中央国家行政机关参照公务员法管理事业单位"",""filter_version"":""government_tech_v2"",""tech_filter"":{""is_tech"":true,""is_core_tech"":true,""scope"":""core"",""categories"":[""computer_software"",""data_ai""],""matched_fields"":[""major"",""description""],""major_terms"":[""计算机类""],""role_terms"":[""数据处理""],""reason"":""tech_major_and_role""},""original"":{""部门代码"":""135125"",""部门名称"":""国家统计局云南调查总队"",""用人司局"":""国家统计局云南调查总队"",""机构性质"":""中央国家行政机关参照公务员法管理事业单位"",""招考职位"":""个旧调查队一级科员（1）"",""职位属性"":""普通职位"",""职位分布"":""西部地区和艰苦边远地区职位"",""职位简介"":""从事一线入户调查、数据处理、统计分析、统计研究等工作"",""职位代码"":""400110125030"",""机构层级"":""县（区）级及以下"",""考试类别"":""市（地）级及以下直属机构综合管理类"",""招考人数"":""1"",""专业"":""统计学类、数学类、计算机类"",""学历"":""仅限本科"",""学位"":""学士"",""政治面貌"":""不限"",""基层工作最低年限"":""无限制"",""服务基层项目工作经历"":""无限制"",""是否在面试阶段组织专业能力测试"":""否"",""面试人员比例"":""3:1"",""工作地点"":""云南省红河哈尼族彝族自治州个旧市"",""落户地点"":""云南省红河哈尼族彝族自治州个旧市"",""备注"":""1.限招男性；\n2.限招2024届高校毕业生；\n3.限红河州户籍或红河州生源；\n4.本单位最低服务年限为5年（含试用期）。"",""部门网站"":""http://ynzd.stats.gov.cn/"",""咨询电话1"":""0871-65108067"",""咨询电话2"":""0871-65111379"",""咨询电话3"":"""",""来源Sheet"":""中央国家行政机关参照公务员法管理事业单位""}}"
"government_jobs","国家公务员2024招考简章","公务员/事业单位技术岗位","云南省红河哈尼族彝族自治州个旧市","2026-07-28T09:12:58.310295+00:00","个旧调查队一级科员（2）","国家统计局云南调查总队","","云南省红河哈尼族彝族自治州个旧市","公务员/事业单位;2024;computer_software;data_ai;仅限本科;学士;统计学类、数学类、计算机类;市（地）级及以下直属机构综合管理类","用人司局：国家统计局云南调查总队
职位简介：从事一线入户调查、数据处理、统计分析、统计研究等工作
专业要求：统计学类、数学类、计算机类
学历要求：仅限本科
学位要求：学士
政治面貌：不限
基层工作经历：无限制
考试类别：市（地）级及以下直属机构综合管理类
备注：1.限招女性；
2.限招2024届高校毕业生；
3.限红河州户籍或红河州生源；
4.本单位最低服务年限为5年（含试用期）。","https://www.xuanhan.gov.cn/xxgk-show-77635.html#135125-400110125031","2023-10-15","{""dataset_year"":2024,""job_uid"":""GOV-2024-135125-400110125031"",""publisher"":""国家公务员局"",""publication_page"":""https://www.xuanhan.gov.cn/xxgk-show-77635.html"",""attachment_url"":""https://www.xuanhan.gov.cn/uploadfile/1/Attachment/638fdecf51.zip"",""local_source_file"":""中央机关及其直属机构2024年度考试录用公务员招考简章.xls"",""local_source_sha256"":""a1741b99dbecd6d03e533f99f2d69b0fa5a79733e551b80af69986ceed2ad996"",""source_sheet"":""中央国家行政机关参照公务员法管理事业单位"",""filter_version"":""government_tech_v2"",""tech_filter"":{""is_tech"":true,""is_core_tech"":true,""scope"":""core"",""categories"":[""computer_software"",""data_ai""],""matched_fields"":[""major"",""description""],""major_terms"":[""计算机类""],""role_terms"":[""数据处理""],""reason"":""tech_major_and_role""},""original"":{""部门代码"":""135125"",""部门名称"":""国家统计局云南调查总队"",""用人司局"":""国家统计局云南调查总队"",""机构性质"":""中央国家行政机关参照公务员法管理事业单位"",""招考职位"":""个旧调查队一级科员（2）"",""职位属性"":""普通职位"",""职位分布"":""西部地区和艰苦边远地区职位"",""职位简介"":""从事一线入户调查、数据处理、统计分析、统计研究等工作"",""职位代码"":""400110125031"",""机构层级"":""县（区）级及以下"",""考试类别"":""市（地）级及以下直属机构综合管理类"",""招考人数"":""1"",""专业"":""统计学类、数学类、计算机类"",""学历"":""仅限本科"",""学位"":""学士"",""政治面貌"":""不限"",""基层工作最低年限"":""无限制"",""服务基层项目工作经历"":""无限制"",""是否在面试阶段组织专业能力测试"":""否"",""面试人员比例"":""3:1"",""工作地点"":""云南省红河哈尼族彝族自治州个旧市"",""落户地点"":""云南省红河哈尼族彝族自治州个旧市"",""备注"":""1.限招女性；\n2.限招2024届高校毕业生；\n3.限红河州户籍或红河州生源；\n4.本单位最低服务年限为5年（含试用期）。"",""部门网站"":""http://ynzd.stats.gov.cn/"",""咨询电话1"":""0871-65108067"",""咨询电话2"":""0871-65111379"",""咨询电话3"":"""",""来源Sheet"":""中央国家行政机关参照公务员法管理事业单位""}}"
"government_jobs","国家公务员2024招考简章","公务员/事业单位技术岗位","云南省文山壮族苗族自治州广南县","2026-07-28T09:12:58.310295+00:00","广南调查队一级科员","国家统计局云南调查总队","","云南省文山壮族苗族自治州广南县","公务员/事业单位;2024;computer_software;data_ai;仅限本科;学士;统计学类、数学类、计算机类;市（地）级及以下直属机构综合管理类","用人司局：国家统计局云南调查总队
职位简介：从事一线入户调查、数据处理、统计分析、统计研究等工作
专业要求：统计学类、数学类、计算机类
学历要求：仅限本科
学位要求：学士
政治面貌：中共党员
基层工作经历：无限制
考试类别：市（地）级及以下直属机构综合管理类
备注：1.限招2024届高校毕业生；
2.本单位最低服务年限为5年（含试用期）。","https://www.xuanhan.gov.cn/xxgk-show-77635.html#135125-400110125035","2023-10-15","{""dataset_year"":2024,""job_uid"":""GOV-2024-135125-400110125035"",""publisher"":""国家公务员局"",""publication_page"":""https://www.xuanhan.gov.cn/xxgk-show-77635.html"",""attachment_url"":""https://www.xuanhan.gov.cn/uploadfile/1/Attachment/638fdecf51.zip"",""local_source_file"":""中央机关及其直属机构2024年度考试录用公务员招考简章.xls"",""local_source_sha256"":""a1741b99dbecd6d03e533f99f2d69b0fa5a79733e551b80af69986ceed2ad996"",""source_sheet"":""中央国家行政机关参照公务员法管理事业单位"",""filter_version"":""government_tech_v2"",""tech_filter"":{""is_tech"":true,""is_core_tech"":true,""scope"":""core"",""categories"":[""computer_software"",""data_ai""],""matched_fields"":[""major"",""description""],""major_terms"":[""计算机类""],""role_terms"":[""数据处理""],""reason"":""tech_major_and_role""},""original"":{""部门代码"":""135125"",""部门名称"":""国家统计局云南调查总队"",""用人司局"":""国家统计局云南调查总队"",""机构性质"":""中央国家行政机关参照公务员法管理事业单位"",""招考职位"":""广南调查队一级科员"",""职位属性"":""普通职位"",""职位分布"":""西部地区和艰苦边远地区职位"",""职位简介"":""从事一线入户调查、数据处理、统计分析、统计研究等工作"",""职位代码"":""400110125035"",""机构层级"":""县（区）级及以下"",""考试类别"":""市（地）级及以下直属机构综合管理类"",""招考人数"":""1"",""专业"":""统计学类、数学类、计算机类"",""学历"":""仅限本科"",""学位"":""学士"",""政治面貌"":""中共党员"",""基层工作最低年限"":""无限制"",""服务基层项目工作经历"":""无限制"",""是否在面试阶段组织专业能力测试"":""否"",""面试人员比例"":""3:1"",""工作地点"":""云南省文山壮族苗族自治州广南县"",""落户地点"":""云南省文山壮族苗族自治州广南县"",""备注"":""1.限招2024届高校毕业生；\n2.本单位最低服务年限为5年（含试用期）。"",""部门网站"":""http://ynzd.stats.gov.cn/"",""咨询电话1"":""0871-65108067"",""咨询电话2"":""0871-65111379"",""咨询电话3"":"""",""来源Sheet"":""中央国家行政机关参照公务员法管理事业单位""}}"
"government_jobs","国家公务员2024招考简章","公务员/事业单位技术岗位","云南省大理白族自治州剑川县","2026-07-28T09:12:58.310295+00:00","剑川调查队一级科员","国家统计局云南调查总队","","云南省大理白族自治州剑川县","公务员/事业单位;2024;computer_software;data_ai;仅限本科;学士;统计学类、数学类、计算机类、经济学类;市（地）级及以下直属机构综合管理类","用人司局：国家统计局云南调查总队
职位简介：从事一线入户调查、数据处理、统计分析、统计研究等工作
专业要求：统计学类、数学类、计算机类、经济学类
学历要求：仅限本科
学位要求：学士
政治面貌：中共党员
基层工作经历：无限制
考试类别：市（地）级及以下直属机构综合管理类
备注：1.限招2024届高校毕业生；
2.限大理州户籍或大理州生源；
3.本单位最低服务年限为5年（含试用期）。","https://www.xuanhan.gov.cn/xxgk-show-77635.html#135125-400110125040","2023-10-15","{""dataset_year"":2024,""job_uid"":""GOV-2024-135125-400110125040"",""publisher"":""国家公务员局"",""publication_page"":""https://www.xuanhan.gov.cn/xxgk-show-77635.html"",""attachment_url"":""https://www.xuanhan.gov.cn/uploadfile/1/Attachment/638fdecf51.zip"",""local_source_file"":""中央机关及其直属机构2024年度考试录用公务员招考简章.xls"",""local_source_sha256"":""a1741b99dbecd6d03e533f99f2d69b0fa5a79733e551b80af69986ceed2ad996"",""source_sheet"":""中央国家行政机关参照公务员法管理事业单位"",""filter_version"":""government_tech_v2"",""tech_filter"":{""is_tech"":true,""is_core_tech"":true,""scope"":""core"",""categories"":[""computer_software"",""data_ai""],""matched_fields"":[""major"",""description""],""major_terms"":[""计算机类""],""role_terms"":[""数据处理""],""reason"":""tech_major_and_role""},""original"":{""部门代码"":""135125"",""部门名称"":""国家统计局云南调查总队"",""用人司局"":""国家统计局云南调查总队"",""机构性质"":""中央国家行政机关参照公务员法管理事业单位"",""招考职位"":""剑川调查队一级科员"",""职位属性"":""普通职位"",""职位分布"":""西部地区和艰苦边远地区职位"",""职位简介"":""从事一线入户调查、数据处理、统计分析、统计研究等工作"",""职位代码"":""400110125040"",""机构层级"":""县（区）级及以下"",""考试类别"":""市（地）级及以下直属机构综合管理类"",""招考人数"":""1"",""专业"":""统计学类、数学类、计算机类、经济学类"",""学历"":""仅限本科"",""学位"":""学士"",""政治面貌"":""中共党员"",""基层工作最低年限"":""无限制"",""服务基层项目工作经历"":""无限制"",""是否在面试阶段组织专业能力测试"":""否"",""面试人员比例"":""3:1"",""工作地点"":""云南省大理白族自治州剑川县"",""落户地点"":""云南省大理白族自治州剑川县"",""备注"":""1.限招2024届高校毕业生；\n2.限大理州户籍或大理州生源；\n3.本单位最低服务年限为5年（含试用期）。"",""部门网站"":""http://ynzd.stats.gov.cn/"",""咨询电话1"":""0871-65108067"",""咨询电话2"":""0871-65111379"",""咨询电话3"":"""",""来源Sheet"":""中央国家行政机关参照公务员法管理事业单位""}}"
"government_jobs","国家公务员2024招考简章","公务员/事业单位技术岗位","云南省德宏傣族景颇族自治州瑞丽市","2026-07-28T09:12:58.310295+00:00","瑞丽调查队一级科员（1）","国家统计局云南调查总队","","云南省德宏傣族景颇族自治州瑞丽市","公务员/事业单位;2024;computer_software;data_ai;仅限本科;学士;计算机类、经济学类、中国语言文学类;市（地）级及以下直属机构综合管理类","用人司局：国家统计局云南调查总队
职位简介：从事一线入户调查、数据处理、统计分析、统计研究等工作
专业要求：计算机类、经济学类、中国语言文学类
学历要求：仅限本科
学位要求：学士
政治面貌：中共党员
基层工作经历：无限制
考试类别：市（地）级及以下直属机构综合管理类
备注：1.限招男性；
2.本单位最低服务年限为5年（含试用期）。","https://www.xuanhan.gov.cn/xxgk-show-77635.html#135125-400110125041","2023-10-15","{""dataset_year"":2024,""job_uid"":""GOV-2024-135125-400110125041"",""publisher"":""国家公务员局"",""publication_page"":""https://www.xuanhan.gov.cn/xxgk-show-77635.html"",""attachment_url"":""https://www.xuanhan.gov.cn/uploadfile/1/Attachment/638fdecf51.zip"",""local_source_file"":""中央机关及其直属机构2024年度考试录用公务员招考简章.xls"",""local_source_sha256"":""a1741b99dbecd6d03e533f99f2d69b0fa5a79733e551b80af69986ceed2ad996"",""source_sheet"":""中央国家行政机关参照公务员法管理事业单位"",""filter_version"":""government_tech_v2"",""tech_filter"":{""is_tech"":true,""is_core_tech"":true,""scope"":""core"",""categories"":[""computer_software"",""data_ai""],""matched_fields"":[""major"",""description""],""major_terms"":[""计算机类""],""role_terms"":[""数据处理""],""reason"":""tech_major_and_role""},""original"":{""部门代码"":""135125"",""部门名称"":""国家统计局云南调查总队"",""用人司局"":""国家统计局云南调查总队"",""机构性质"":""中央国家行政机关参照公务员法管理事业单位"",""招考职位"":""瑞丽调查队一级科员（1）"",""职位属性"":""普通职位"",""职位分布"":""西部地区和艰苦边远地区职位"",""职位简介"":""从事一线入户调查、数据处理、统计分析、统计研究等工作"",""职位代码"":""400110125041"",""机构层级"":""县（区）级及以下"",""考试类别"":""市（地）级及以下直属机构综合管理类"",""招考人数"":""1"",""专业"":""计算机类、经济学类、中国语言文学类"",""学历"":""仅限本科"",""学位"":""学士"",""政治面貌"":""中共党员"",""基层工作最低年限"":""无限制"",""服务基层项目工作经历"":""无限制"",""是否在面试阶段组织专业能力测试"":""否"",""面试人员比例"":""3:1"",""工作地点"":""云南省德宏傣族景颇族自治州瑞丽市"",""落户地点"":""云南省德宏傣族景颇族自治州瑞丽市"",""备注"":""1.限招男性；\n2.本单位最低服务年限为5年（含试用期）。"",""部门网站"":""http://ynzd.stats.gov.cn/"",""咨询电话1"":""0871-65108067"",""咨询电话2"":""0871-65111379"",""咨询电话3"":"""",""来源Sheet"":""中央国家行政机关参照公务员法管理事业单位""}}"
"government_jobs","国家公务员2024招考简章","公务员/事业单位技术岗位","云南省德宏傣族景颇族自治州瑞丽市","2026-07-28T09:12:58.310295+00:00","瑞丽调查队一级科员（2）","国家统计局云南调查总队","","云南省德宏傣族景颇族自治州瑞丽市","公务员/事业单位;2024;computer_software;data_ai;仅限本科;学士;计算机类、经济学类、中国语言文学类;市（地）级及以下直属机构综合管理类","用人司局：国家统计局云南调查总队
职位简介：从事一线入户调查、数据处理、统计分析、统计研究等工作
专业要求：计算机类、经济学类、中国语言文学类
学历要求：仅限本科
学位要求：学士
政治面貌：中共党员
基层工作经历：无限制
考试类别：市（地）级及以下直属机构综合管理类
备注：1.限招女性；
2.本单位最低服务年限为5年（含试用期）。","https://www.xuanhan.gov.cn/xxgk-show-77635.html#135125-400110125042","2023-10-15","{""dataset_year"":2024,""job_uid"":""GOV-2024-135125-400110125042"",""publisher"":""国家公务员局"",""publication_page"":""https://www.xuanhan.gov.cn/xxgk-show-77635.html"",""attachment_url"":""https://www.xuanhan.gov.cn/uploadfile/1/Attachment/638fdecf51.zip"",""local_source_file"":""中央机关及其直属机构2024年度考试录用公务员招考简章.xls"",""local_source_sha256"":""a1741b99dbecd6d03e533f99f2d69b0fa5a79733e551b80af69986ceed2ad996"",""source_sheet"":""中央国家行政机关参照公务员法管理事业单位"",""filter_version"":""government_tech_v2"",""tech_filter"":{""is_tech"":true,""is_core_tech"":true,""scope"":""core"",""categories"":[""computer_software"",""data_ai""],""matched_fields"":[""major"",""description""],""major_terms"":[""计算机类""],""role_terms"":[""数据处理""],""reason"":""tech_major_and_role""},""original"":{""部门代码"":""135125"",""部门名称"":""国家统计局云南调查总队"",""用人司局"":""国家统计局云南调查总队"",""机构性质"":""中央国家行政机关参照公务员法管理事业单位"",""招考职位"":""瑞丽调查队一级科员（2）"",""职位属性"":""普通职位"",""职位分布"":""西部地区和艰苦边远地区职位"",""职位简介"":""从事一线入户调查、数据处理、统计分析、统计研究等工作"",""职位代码"":""400110125042"",""机构层级"":""县（区）级及以下"",""考试类别"":""市（地）级及以下直属机构综合管理类"",""招考人数"":""1"",""专业"":""计算机类、经济学类、中国语言文学类"",""学历"":""仅限本科"",""学位"":""学士"",""政治面貌"":""中共党员"",""基层工作最低年限"":""无限制"",""服务基层项目工作经历"":""无限制"",""是否在面试阶段组织专业能力测试"":""否"",""面试人员比例"":""3:1"",""工作地点"":""云南省德宏傣族景颇族自治州瑞丽市"",""落户地点"":""云南省德宏傣族景颇族自治州瑞丽市"",""备注"":""1.限招女性；\n2.本单位最低服务年限为5年（含试用期）。"",""部门网站"":""http://ynzd.stats.gov.cn/"",""咨询电话1"":""0871-65108067"",""咨询电话2"":""0871-65111379"",""咨询电话3"":"""",""来源Sheet"":""中央国家行政机关参照公务员法管理事业单位""}}"
"government_jobs","国家公务员2024招考简章","公务员/事业单位技术岗位","西藏自治区拉萨市","2026-07-28T09:12:58.310295+00:00","西藏调查总队业务处室一级主任科员及以下","国家统计局西藏调查总队","","西藏自治区拉萨市","公务员/事业单位;2024;computer_software;cybersecurity_cryptography;硕士研究生及以上;与最高学历相对应的学位;网络与信息安全、计算机技术;中央机关及其省级直属机构综合管理类","用人司局：国家统计局西藏调查总队
职位简介：从事本单位和下属调查队系统信息化建设、数据及网络安全保障工作。
专业要求：网络与信息安全、计算机技术
学历要求：硕士研究生及以上
学位要求：与最高学历相对应的学位
政治面貌：不限
基层工作经历：无限制
考试类别：中央机关及其省级直属机构综合管理类
备注：本单位最低服务年限为5年（含试用期）。","https://www.xuanhan.gov.cn/xxgk-show-77635.html#135126-400110126003","2023-10-15","{""dataset_year"":2024,""job_uid"":""GOV-2024-135126-400110126003"",""publisher"":""国家公务员局"",""publication_page"":""https://www.xuanhan.gov.cn/xxgk-show-77635.html"",""attachment_url"":""https://www.xuanhan.gov.cn/uploadfile/1/Attachment/638fdecf51.zip"",""local_source_file"":""中央机关及其直属机构2024年度考试录用公务员招考简章.xls"",""local_source_sha256"":""a1741b99dbecd6d03e533f99f2d69b0fa5a79733e551b80af69986ceed2ad996"",""source_sheet"":""中央国家行政机关参照公务员法管理事业单位"",""filter_version"":""government_tech_v2"",""tech_filter"":{""is_tech"":true,""is_core_tech"":true,""scope"":""core"",""categories"":[""computer_software"",""cybersecurity_cryptography""],""matched_fields"":[""major"",""description""],""major_terms"":[""信息安全"",""计算机技术""],""role_terms"":[""信息化"",""网络安全""],""reason"":""tech_major_and_role""},""original"":{""部门代码"":""135126"",""部门名称"":""国家统计局西藏调查总队"",""用人司局"":""国家统计局西藏调查总队"",""机构性质"":""中央国家行政机关参照公务员法管理事业单位"",""招考职位"":""西藏调查总队业务处室一级主任科员及以下"",""职位属性"":""普通职位"",""职位分布"":""其他职位"",""职位简介"":""从事本单位和下属调查队系统信息化建设、数据及网络安全保障工作。"",""职位代码"":""400110126003"",""机构层级"":""省（副省）级"",""考试类别"":""中央机关及其省级直属机构综合管理类"",""招考人数"":""1"",""专业"":""网络与信息安全、计算机技术"",""学历"":""硕士研究生及以上"",""学位"":""与最高学历相对应的学位"",""政治面貌"":""不限"",""基层工作最低年限"":""无限制"",""服务基层项目工作经历"":""无限制"",""是否在面试阶段组织专业能力测试"":""否"",""面试人员比例"":""5:1"",""工作地点"":""西藏自治区拉萨市"",""落户地点"":""西藏自治区拉萨市"",""备注"":""本单位最低服务年限为5年（含试用期）。"",""部门网站"":""无"",""咨询电话1"":""08916830950"",""咨询电话2"":"""",""咨询电话3"":"""",""来源Sheet"":""中央国家行政机关参照公务员法管理事业单位""}}"
"government_jobs","国家公务员2024招考简章","公务员/事业单位技术岗位","西藏自治区日喀则市","2026-07-28T09:12:58.310295+00:00","日喀则调查队二级主任科员及以下","国家统计局西藏调查总队","","西藏自治区日喀则市","公务员/事业单位;2024;computer_software;cybersecurity_cryptography;本科及以上;与最高学历相对应的学位;网络工程专业、信息安全专业;市（地）级及以下直属机构综合管理类","用人司局：国家统计局西藏调查总队
职位简介：从事网络安全和信息化相关工作。
专业要求：网络工程专业、信息安全专业
学历要求：本科及以上
学位要求：与最高学历相对应的学位
政治面貌：不限
基层工作经历：无限制
考试类别：市（地）级及以下直属机构综合管理类
备注：本单位最低服务年限为5年（含试用期）。","https://www.xuanhan.gov.cn/xxgk-show-77635.html#135126-400110126004","2023-10-15","{""dataset_year"":2024,""job_uid"":""GOV-2024-135126-400110126004"",""publisher"":""国家公务员局"",""publication_page"":""https://www.xuanhan.gov.cn/xxgk-show-77635.html"",""attachment_url"":""https://www.xuanhan.gov.cn/uploadfile/1/Attachment/638fdecf51.zip"",""local_source_file"":""中央机关及其直属机构2024年度考试录用公务员招考简章.xls"",""local_source_sha256"":""a1741b99dbecd6d03e533f99f2d69b0fa5a79733e551b80af69986ceed2ad996"",""source_sheet"":""中央国家行政机关参照公务员法管理事业单位"",""filter_version"":""government_tech_v2"",""tech_filter"":{""is_tech"":true,""is_core_tech"":true,""scope"":""core"",""categories"":[""computer_software"",""cybersecurity_cryptography""],""matched_fields"":[""major"",""description""],""major_terms"":[""信息安全"",""网络工程""],""role_terms"":[""信息化"",""网络安全""],""reason"":""tech_major_and_role""},""original"":{""部门代码"":""135126"",""部门名称"":""国家统计局西藏调查总队"",""用人司局"":""国家统计局西藏调查总队"",""机构性质"":""中央国家行政机关参照公务员法管理事业单位"",""招考职位"":""日喀则调查队二级主任科员及以下"",""职位属性"":""普通职位"",""职位分布"":""西部地区和艰苦边远地区职位"",""职位简介"":""从事网络安全和信息化相关工作。"",""职位代码"":""400110126004"",""机构层级"":""市（地）级"",""考试类别"":""市（地）级及以下直属机构综合管理类"",""招考人数"":""1"",""专业"":""网络工程专业、信息安全专业"",""学历"":""本科及以上"",""学位"":""与最高学历相对应的学位"",""政治面貌"":""不限"",""基层工作最低年限"":""无限制"",""服务基层项目工作经历"":""无限制"",""是否在面试阶段组织专业能力测试"":""否"",""面试人员比例"":""3:1"",""工作地点"":""西藏自治区日喀则市"",""落户地点"":""西藏自治区日喀则市"",""备注"":""本单位最低服务年限为5年（含试用期）。"",""部门网站"":""无"",""咨询电话1"":""08916830950"",""咨询电话2"":"""",""咨询电话3"":"""",""来源Sheet"":""中央国家行政机关参照公务员法管理事业单位""}}"
"government_jobs","国家公务员2024招考简章","公务员/事业单位技术岗位","西藏自治区阿里地区","2026-07-28T09:12:58.310295+00:00","阿里调查队二级主任科员及以下","国家统计局西藏调查总队","","西藏自治区阿里地区","公务员/事业单位;2024;computer_software;data_ai;本科及以上;与最高学历相对应的学位;经济学类、统计学类、数学类、计算机类、会计学专业、财务管理专业;市（地）级及以下直属机构综合管理类","用人司局：国家统计局西藏调查总队
职位简介：从事一线入户调查、数据处理、统计分析、统计研究等工作。
专业要求：经济学类、统计学类、数学类、计算机类、会计学专业、财务管理专业
学历要求：本科及以上
学位要求：与最高学历相对应的学位
政治面貌：不限
基层工作经历：无限制
考试类别：市（地）级及以下直属机构综合管理类
备注：本单位最低服务年限为5年（含试用期）。","https://www.xuanhan.gov.cn/xxgk-show-77635.html#135126-400110126006","2023-10-15","{""dataset_year"":2024,""job_uid"":""GOV-2024-135126-400110126006"",""publisher"":""国家公务员局"",""publication_page"":""https://www.xuanhan.gov.cn/xxgk-show-77635.html"",""attachment_url"":""https://www.xuanhan.gov.cn/uploadfile/1/Attachment/638fdecf51.zip"",""local_source_file"":""中央机关及其直属机构2024年度考试录用公务员招考简章.xls"",""local_source_sha256"":""a1741b99dbecd6d03e533f99f2d69b0fa5a79733e551b80af69986ceed2ad996"",""source_sheet"":""中央国家行政机关参照公务员法管理事业单位"",""filter_version"":""government_tech_v2"",""tech_filter"":{""is_tech"":true,""is_core_tech"":true,""scope"":""core"",""categories"":[""computer_software"",""data_ai""],""matched_fields"":[""major"",""description""],""major_terms"":[""计算机类""],""role_terms"":[""数据处理""],""reason"":""tech_major_and_role""},""original"":{""部门代码"":""135126"",""部门名称"":""国家统计局西藏调查总队"",""用人司局"":""国家统计局西藏调查总队"",""机构性质"":""中央国家行政机关参照公务员法管理事业单位"",""招考职位"":""阿里调查队二级主任科员及以下"",""职位属性"":""普通职位"",""职位分布"":""西部地区和艰苦边远地区职位"",""职位简介"":""从事一线入户调查、数据处理、统计分析、统计研究等工作。"",""职位代码"":""400110126006"",""机构层级"":""市（地）级"",""考试类别"":""市（地）级及以下直属机构综合管理类"",""招考人数"":""2"",""专业"":""经济学类、统计学类、数学类、计算机类、会计学专业、财务管理专业"",""学历"":""本科及以上"",""学位"":""与最高学历相对应的学位"",""政治面貌"":""不限"",""基层工作最低年限"":""无限制"",""服务基层项目工作经历"":""无限制"",""是否在面试阶段组织专业能力测试"":""否"",""面试人员比例"":""3:1"",""工作地点"":""西藏自治区阿里地区"",""落户地点"":""西藏自治区阿里地区"",""备注"":""本单位最低服务年限为5年（含试用期）。"",""部门网站"":""无"",""咨询电话1"":""08916830950"",""咨询电话2"":"""",""咨询电话3"":"""",""来源Sheet"":""中央国家行政机关参照公务员法管理事业单位""}}"
"government_jobs","国家公务员2024招考简章","公务员/事业单位技术岗位","陕西省西安市","2026-07-28T09:12:58.310295+00:00","陕西调查总队综合处室二级主任科员及以下（2）","国家统计局陕西调查总队","","陕西省西安市","公务员/事业单位;2024;computer_software;data_ai;仅限硕士研究生;硕士;计算机科学与技术;中央机关及其省级直属机构综合管理类","用人司局：国家统计局陕西调查总队
职位简介：从事统计调查、数据处理、统计分析、统计研究等工作。
专业要求：计算机科学与技术
学历要求：仅限硕士研究生
学位要求：硕士
政治面貌：不限
基层工作经历：无限制
考试类别：中央机关及其省级直属机构综合管理类
备注：1.须以最高学历所学主修专业报考；2.本单位最低服务年限为5年（含试用期）。","https://www.xuanhan.gov.cn/xxgk-show-77635.html#135127-400110127002","2023-10-15","{""dataset_year"":2024,""job_uid"":""GOV-2024-135127-400110127002"",""publisher"":""国家公务员局"",""publication_page"":""https://www.xuanhan.gov.cn/xxgk-show-77635.html"",""attachment_url"":""https://www.xuanhan.gov.cn/uploadfile/1/Attachment/638fdecf51.zip"",""local_source_file"":""中央机关及其直属机构2024年度考试录用公务员招考简章.xls"",""local_source_sha256"":""a1741b99dbecd6d03e533f99f2d69b0fa5a79733e551b80af69986ceed2ad996"",""source_sheet"":""中央国家行政机关参照公务员法管理事业单位"",""filter_version"":""government_tech_v2"",""tech_filter"":{""is_tech"":true,""is_core_tech"":true,""scope"":""core"",""categories"":[""computer_software"",""data_ai""],""matched_fields"":[""major"",""description""],""major_terms"":[""计算机科学与技术""],""role_terms"":[""数据处理""],""reason"":""tech_major_and_role""},""original"":{""部门代码"":""135127"",""部门名称"":""国家统计局陕西调查总队"",""用人司局"":""国家统计局陕西调查总队"",""机构性质"":""中央国家行政机关参照公务员法管理事业单位"",""招考职位"":""陕西调查总队综合处室二级主任科员及以下（2）"",""职位属性"":""普通职位"",""职位分布"":""其他职位"",""职位简介"":""从事统计调查、数据处理、统计分析、统计研究等工作。"",""职位代码"":""400110127002"",""机构层级"":""省（副省）级"",""考试类别"":""中央机关及其省级直属机构综合管理类"",""招考人数"":""1"",""专业"":""计算机科学与技术"",""学历"":""仅限硕士研究生"",""学位"":""硕士"",""政治面貌"":""不限"",""基层工作最低年限"":""无限制"",""服务基层项目工作经历"":""无限制"",""是否在面试阶段组织专业能力测试"":""否"",""面试人员比例"":""5:1"",""工作地点"":""陕西省西安市"",""落户地点"":""陕西省西安市"",""备注"":""1.须以最高学历所学主修专业报考；2.本单位最低服务年限为5年（含试用期）。"",""部门网站"":""https://snzd.stats.gov.cn/"",""咨询电话1"":""029-63913594"",""咨询电话2"":""029-63918750"",""咨询电话3"":""029-63913596"",""来源Sheet"":""中央国家行政机关参照公务员法管理事业单位""}}"
"government_jobs","国家公务员2024招考简章","公务员/事业单位技术岗位","陕西省西安市","2026-07-28T09:12:58.310295+00:00","陕西调查总队业务处室二级主任科员及以下","国家统计局陕西调查总队","","陕西省西安市","公务员/事业单位;2024;computer_software;data_ai;仅限硕士研究生;硕士;统计学（0714）、数学（0701）、计算机科学与技术（0812）;中央机关及其省级直属机构综合管理类","用人司局：国家统计局陕西调查总队
职位简介：从事统计调查、数据处理、统计分析、统计研究等工作。
专业要求：统计学（0714）、数学（0701）、计算机科学与技术（0812）
学历要求：仅限硕士研究生
学位要求：硕士
政治面貌：不限
基层工作经历：无限制
考试类别：中央机关及其省级直属机构综合管理类
备注：1.须以最高学历所学主修专业报考；2.本单位最低服务年限为5年（含试用期）。","https://www.xuanhan.gov.cn/xxgk-show-77635.html#135127-400110127004","2023-10-15","{""dataset_year"":2024,""job_uid"":""GOV-2024-135127-400110127004"",""publisher"":""国家公务员局"",""publication_page"":""https://www.xuanhan.gov.cn/xxgk-show-77635.html"",""attachment_url"":""https://www.xuanhan.gov.cn/uploadfile/1/Attachment/638fdecf51.zip"",""local_source_file"":""中央机关及其直属机构2024年度考试录用公务员招考简章.xls"",""local_source_sha256"":""a1741b99dbecd6d03e533f99f2d69b0fa5a79733e551b80af69986ceed2ad996"",""source_sheet"":""中央国家行政机关参照公务员法管理事业单位"",""filter_version"":""government_tech_v2"",""tech_filter"":{""is_tech"":true,""is_core_tech"":true,""scope"":""core"",""categories"":[""computer_software"",""data_ai""],""matched_fields"":[""major"",""description""],""major_terms"":[""计算机科学与技术""],""role_terms"":[""数据处理""],""reason"":""tech_major_and_role""},""original"":{""部门代码"":""135127"",""部门名称"":""国家统计局陕西调查总队"",""用人司局"":""国家统计局陕西调查总队"",""机构性质"":""中央国家行政机关参照公务员法管理事业单位"",""招考职位"":""陕西调查总队业务处室二级主任科员及以下"",""职位属性"":""普通职位"",""职位分布"":""其他职位"",""职位简介"":""从事统计调查、数据处理、统计分析、统计研究等工作。"",""职位代码"":""400110127004"",""机构层级"":""省（副省）级"",""考试类别"":""中央机关及其省级直属机构综合管理类"",""招考人数"":""5"",""专业"":""统计学（0714）、数学（0701）、计算机科学与技术（0812）"",""学历"":""仅限硕士研究生"",""学位"":""硕士"",""政治面貌"":""不限"",""基层工作最低年限"":""无限制"",""服务基层项目工作经历"":""无限制"",""是否在面试阶段组织专业能力测试"":""否"",""面试人员比例"":""5:1"",""工作地点"":""陕西省西安市"",""落户地点"":""陕西省西安市"",""备注"":""1.须以最高学历所学主修专业报考；2.本单位最低服务年限为5年（含试用期）。"",""部门网站"":""https://snzd.stats.gov.cn/"",""咨询电话1"":""029-63913594"",""咨询电话2"":""029-63918750"",""咨询电话3"":""029-63913596"",""来源Sheet"":""中央国家行政机关参照公务员法管理事业单位""}}"
"government_jobs","国家公务员2024招考简章","公务员/事业单位技术岗位","陕西省铜川市","2026-07-28T09:12:58.310295+00:00","铜川调查队业务科室二级主任科员及以下（1）","国家统计局陕西调查总队","","陕西省铜川市","公务员/事业单位;2024;computer_software;data_ai;本科及以上;与最高学历相对应的学位;统计学类（特设专业除外）、数学类（特设专业除外）、计算机类（特设专业除外）;市（地）级及以下直属机构综合管理类","用人司局：国家统计局陕西调查总队
职位简介：从事一线入户调查、数据处理、统计分析、统计研究等工作。
专业要求：统计学类（特设专业除外）、数学类（特设专业除外）、计算机类（特设专业除外）
学历要求：本科及以上
学位要求：与最高学历相对应的学位
政治面貌：不限
基层工作经历：二年
考试类别：市（地）级及以下直属机构综合管理类
备注：1.大学生村官须满一个服务期且考核合格（请在备注栏标注是否满一个服务期且考核合格、能否提供相关材料）；2.须以最高学历所学主修专业报考；3.本单位最低服务年限为5年（含试用期）。","https://www.xuanhan.gov.cn/xxgk-show-77635.html#135127-400110127006","2023-10-15","{""dataset_year"":2024,""job_uid"":""GOV-2024-135127-400110127006"",""publisher"":""国家公务员局"",""publication_page"":""https://www.xuanhan.gov.cn/xxgk-show-77635.html"",""attachment_url"":""https://www.xuanhan.gov.cn/uploadfile/1/Attachment/638fdecf51.zip"",""local_source_file"":""中央机关及其直属机构2024年度考试录用公务员招考简章.xls"",""local_source_sha256"":""a1741b99dbecd6d03e533f99f2d69b0fa5a79733e551b80af69986ceed2ad996"",""source_sheet"":""中央国家行政机关参照公务员法管理事业单位"",""filter_version"":""government_tech_v2"",""tech_filter"":{""is_tech"":true,""is_core_tech"":true,""scope"":""core"",""categories"":[""computer_software"",""data_ai""],""matched_fields"":[""major"",""description""],""major_terms"":[""计算机类""],""role_terms"":[""数据处理""],""reason"":""tech_major_and_role""},""original"":{""部门代码"":""135127"",""部门名称"":""国家统计局陕西调查总队"",""用人司局"":""国家统计局陕西调查总队"",""机构性质"":""中央国家行政机关参照公务员法管理事业单位"",""招考职位"":""铜川调查队业务科室二级主任科员及以下（1）"",""职位属性"":""普通职位"",""职位分布"":""西部地区和艰苦边远地区职位"",""职位简介"":""从事一线入户调查、数据处理、统计分析、统计研究等工作。"",""职位代码"":""400110127006"",""机构层级"":""市（地）级"",""考试类别"":""市（地）级及以下直属机构综合管理类"",""招考人数"":""1"",""专业"":""统计学类（特设专业除外）、数学类（特设专业除外）、计算机类（特设专业除外）"",""学历"":""本科及以上"",""学位"":""与最高学历相对应的学位"",""政治面貌"":""不限"",""基层工作最低年限"":""二年"",""服务基层项目工作经历"":""大学生村官"",""是否在面试阶段组织专业能力测试"":""否"",""面试人员比例"":""3:1"",""工作地点"":""陕西省铜川市"",""落户地点"":""陕西省铜川市"",""备注"":""1.大学生村官须满一个服务期且考核合格（请在备注栏标注是否满一个服务期且考核合格、能否提供相关材料）；2.须以最高学历所学主修专业报考；3.本单位最低服务年限为5年（含试用期）。"",""部门网站"":""https://snzd.stats.gov.cn/"",""咨询电话1"":""029-63913594"",""咨询电话2"":""029-63918750"",""咨询电话3"":""029-63913596"",""来源Sheet"":""中央国家行政机关参照公务员法管理事业单位""}}"
"government_jobs","国家公务员2024招考简章","公务员/事业单位技术岗位","陕西省铜川市","2026-07-28T09:12:58.310295+00:00","铜川调查队业务科室四级主任科员（2）","国家统计局陕西调查总队","","陕西省铜川市","公务员/事业单位;2024;computer_software;data_ai;仅限硕士研究生;硕士;统计学（0714）、数学（0701）、计算机科学与技术（0812）;市（地）级及以下直属机构综合管理类","用人司局：国家统计局陕西调查总队
职位简介：从事一线入户调查、数据处理、统计分析、统计研究等工作。
专业要求：统计学（0714）、数学（0701）、计算机科学与技术（0812）
学历要求：仅限硕士研究生
学位要求：硕士
政治面貌：不限
基层工作经历：无限制
考试类别：市（地）级及以下直属机构综合管理类
备注：1.限招应届高校毕业生；2.须以最高学历所学主修专业报考；3.本单位最低服务年限为5年（含试用期）。","https://www.xuanhan.gov.cn/xxgk-show-77635.html#135127-400110127007","2023-10-15","{""dataset_year"":2024,""job_uid"":""GOV-2024-135127-400110127007"",""publisher"":""国家公务员局"",""publication_page"":""https://www.xuanhan.gov.cn/xxgk-show-77635.html"",""attachment_url"":""https://www.xuanhan.gov.cn/uploadfile/1/Attachment/638fdecf51.zip"",""local_source_file"":""中央机关及其直属机构2024年度考试录用公务员招考简章.xls"",""local_source_sha256"":""a1741b99dbecd6d03e533f99f2d69b0fa5a79733e551b80af69986ceed2ad996"",""source_sheet"":""中央国家行政机关参照公务员法管理事业单位"",""filter_version"":""government_tech_v2"",""tech_filter"":{""is_tech"":true,""is_core_tech"":true,""scope"":""core"",""categories"":[""computer_software"",""data_ai""],""matched_fields"":[""major"",""description""],""major_terms"":[""计算机科学与技术""],""role_terms"":[""数据处理""],""reason"":""tech_major_and_role""},""original"":{""部门代码"":""135127"",""部门名称"":""国家统计局陕西调查总队"",""用人司局"":""国家统计局陕西调查总队"",""机构性质"":""中央国家行政机关参照公务员法管理事业单位"",""招考职位"":""铜川调查队业务科室四级主任科员（2）"",""职位属性"":""普通职位"",""职位分布"":""西部地区和艰苦边远地区职位"",""职位简介"":""从事一线入户调查、数据处理、统计分析、统计研究等工作。"",""职位代码"":""400110127007"",""机构层级"":""市（地）级"",""考试类别"":""市（地）级及以下直属机构综合管理类"",""招考人数"":""2"",""专业"":""统计学（0714）、数学（0701）、计算机科学与技术（0812）"",""学历"":""仅限硕士研究生"",""学位"":""硕士"",""政治面貌"":""不限"",""基层工作最低年限"":""无限制"",""服务基层项目工作经历"":""无限制"",""是否在面试阶段组织专业能力测试"":""否"",""面试人员比例"":""3:1"",""工作地点"":""陕西省铜川市"",""落户地点"":""陕西省铜川市"",""备注"":""1.限招应届高校毕业生；2.须以最高学历所学主修专业报考；3.本单位最低服务年限为5年（含试用期）。"",""部门网站"":""https://snzd.stats.gov.cn/"",""咨询电话1"":""029-63913594"",""咨询电话2"":""029-63918750"",""咨询电话3"":""029-63913596"",""来源Sheet"":""中央国家行政机关参照公务员法管理事业单位""}}"
"government_jobs","国家公务员2024招考简章","公务员/事业单位技术岗位","陕西省宝鸡市","2026-07-28T09:12:58.310295+00:00","宝鸡调查队业务科室二级主任科员及以下（1）","国家统计局陕西调查总队","","陕西省宝鸡市","公务员/事业单位;2024;computer_software;data_ai;本科及以上;与最高学历相对应的学位;统计学类（特设专业除外）、数学类（特设专业除外）、计算机类（特设专业除外）;市（地）级及以下直属机构综合管理类","用人司局：国家统计局陕西调查总队
职位简介：从事一线入户调查、数据处理、统计分析、统计研究等工作。
专业要求：统计学类（特设专业除外）、数学类（特设专业除外）、计算机类（特设专业除外）
学历要求：本科及以上
学位要求：与最高学历相对应的学位
政治面貌：不限
基层工作经历：二年
考试类别：市（地）级及以下直属机构综合管理类
备注：1.大学生村官须满一个服务期且考核合格（请在备注栏标注是否满一个服务期且考核合格、能否提供相关材料）；2.须以最高学历所学主修专业报考；3.本单位最低服务年限为5年（含试用期）。","https://www.xuanhan.gov.cn/xxgk-show-77635.html#135127-400110127008","2023-10-15","{""dataset_year"":2024,""job_uid"":""GOV-2024-135127-400110127008"",""publisher"":""国家公务员局"",""publication_page"":""https://www.xuanhan.gov.cn/xxgk-show-77635.html"",""attachment_url"":""https://www.xuanhan.gov.cn/uploadfile/1/Attachment/638fdecf51.zip"",""local_source_file"":""中央机关及其直属机构2024年度考试录用公务员招考简章.xls"",""local_source_sha256"":""a1741b99dbecd6d03e533f99f2d69b0fa5a79733e551b80af69986ceed2ad996"",""source_sheet"":""中央国家行政机关参照公务员法管理事业单位"",""filter_version"":""government_tech_v2"",""tech_filter"":{""is_tech"":true,""is_core_tech"":true,""scope"":""core"",""categories"":[""computer_software"",""data_ai""],""matched_fields"":[""major"",""description""],""major_terms"":[""计算机类""],""role_terms"":[""数据处理""],""reason"":""tech_major_and_role""},""original"":{""部门代码"":""135127"",""部门名称"":""国家统计局陕西调查总队"",""用人司局"":""国家统计局陕西调查总队"",""机构性质"":""中央国家行政机关参照公务员法管理事业单位"",""招考职位"":""宝鸡调查队业务科室二级主任科员及以下（1）"",""职位属性"":""普通职位"",""职位分布"":""西部地区和艰苦边远地区职位"",""职位简介"":""从事一线入户调查、数据处理、统计分析、统计研究等工作。"",""职位代码"":""400110127008"",""机构层级"":""市（地）级"",""考试类别"":""市（地）级及以下直属机构综合管理类"",""招考人数"":""1"",""专业"":""统计学类（特设专业除外）、数学类（特设专业除外）、计算机类（特设专业除外）"",""学历"":""本科及以上"",""学位"":""与最高学历相对应的学位"",""政治面貌"":""不限"",""基层工作最低年限"":""二年"",""服务基层项目工作经历"":""大学生村官"",""是否在面试阶段组织专业能力测试"":""否"",""面试人员比例"":""3:1"",""工作地点"":""陕西省宝鸡市"",""落户地点"":""陕西省宝鸡市"",""备注"":""1.大学生村官须满一个服务期且考核合格（请在备注栏标注是否满一个服务期且考核合格、能否提供相关材料）；2.须以最高学历所学主修专业报考；3.本单位最低服务年限为5年（含试用期）。"",""部门网站"":""https://snzd.stats.gov.cn/"",""咨询电话1"":""029-63913594"",""咨询电话2"":""029-63918750"",""咨询电话3"":""029-63913596"",""来源Sheet"":""中央国家行政机关参照公务员法管理事业单位""}}"
"government_jobs","国家公务员2024招考简章","公务员/事业单位技术岗位","陕西省宝鸡市","2026-07-28T09:12:58.310295+00:00","宝鸡调查队业务科室四级主任科员（2）","国家统计局陕西调查总队","","陕西省宝鸡市","公务员/事业单位;2024;computer_software;data_ai;仅限硕士研究生;硕士;统计学（0714）、数学（0701）、计算机科学与技术（0812）;市（地）级及以下直属机构综合管理类","用人司局：国家统计局陕西调查总队
职位简介：从事一线入户调查、数据处理、统计分析、统计研究等工作。
专业要求：统计学（0714）、数学（0701）、计算机科学与技术（0812）
学历要求：仅限硕士研究生
学位要求：硕士
政治面貌：不限
基层工作经历：无限制
考试类别：市（地）级及以下直属机构综合管理类
备注：1.限招应届高校毕业生；2.须以最高学历所学主修专业报考；3.本单位最低服务年限为5年（含试用期）。","https://www.xuanhan.gov.cn/xxgk-show-77635.html#135127-400110127009","2023-10-15","{""dataset_year"":2024,""job_uid"":""GOV-2024-135127-400110127009"",""publisher"":""国家公务员局"",""publication_page"":""https://www.xuanhan.gov.cn/xxgk-show-77635.html"",""attachment_url"":""https://www.xuanhan.gov.cn/uploadfile/1/Attachment/638fdecf51.zip"",""local_source_file"":""中央机关及其直属机构2024年度考试录用公务员招考简章.xls"",""local_source_sha256"":""a1741b99dbecd6d03e533f99f2d69b0fa5a79733e551b80af69986ceed2ad996"",""source_sheet"":""中央国家行政机关参照公务员法管理事业单位"",""filter_version"":""government_tech_v2"",""tech_filter"":{""is_tech"":true,""is_core_tech"":true,""scope"":""core"",""categories"":[""computer_software"",""data_ai""],""matched_fields"":[""major"",""description""],""major_terms"":[""计算机科学与技术""],""role_terms"":[""数据处理""],""reason"":""tech_major_and_role""},""original"":{""部门代码"":""135127"",""部门名称"":""国家统计局陕西调查总队"",""用人司局"":""国家统计局陕西调查总队"",""机构性质"":""中央国家行政机关参照公务员法管理事业单位"",""招考职位"":""宝鸡调查队业务科室四级主任科员（2）"",""职位属性"":""普通职位"",""职位分布"":""西部地区和艰苦边远地区职位"",""职位简介"":""从事一线入户调查、数据处理、统计分析、统计研究等工作。"",""职位代码"":""400110127009"",""机构层级"":""市（地）级"",""考试类别"":""市（地）级及以下直属机构综合管理类"",""招考人数"":""3"",""专业"":""统计学（0714）、数学（0701）、计算机科学与技术（0812）"",""学历"":""仅限硕士研究生"",""学位"":""硕士"",""政治面貌"":""不限"",""基层工作最低年限"":""无限制"",""服务基层项目工作经历"":""无限制"",""是否在面试阶段组织专业能力测试"":""否"",""面试人员比例"":""3:1"",""工作地点"":""陕西省宝鸡市"",""落户地点"":""陕西省宝鸡市"",""备注"":""1.限招应届高校毕业生；2.须以最高学历所学主修专业报考；3.本单位最低服务年限为5年（含试用期）。"",""部门网站"":""https://snzd.stats.gov.cn/"",""咨询电话1"":""029-63913594"",""咨询电话2"":""029-63918750"",""咨询电话3"":""029-63913596"",""来源Sheet"":""中央国家行政机关参照公务员法管理事业单位""}}"
"government_jobs","国家公务员2024招考简章","公务员/事业单位技术岗位","陕西省咸阳市","2026-07-28T09:12:58.310295+00:00","咸阳调查队业务科室四级主任科员","国家统计局陕西调查总队","","陕西省咸阳市","公务员/事业单位;2024;computer_software;data_ai;仅限硕士研究生;硕士;统计学（0714）、数学（0701）、计算机科学与技术（0812）;市（地）级及以下直属机构综合管理类","用人司局：国家统计局陕西调查总队
职位简介：从事一线入户调查、数据处理、统计分析、统计研究等工作。
专业要求：统计学（0714）、数学（0701）、计算机科学与技术（0812）
学历要求：仅限硕士研究生
学位要求：硕士
政治面貌：不限
基层工作经历：无限制
考试类别：市（地）级及以下直属机构综合管理类
备注：1.限招应届高校毕业生；2.须以最高学历所学主修专业报考；3.本单位最低服务年限为5年（含试用期）。","https://www.xuanhan.gov.cn/xxgk-show-77635.html#135127-400110127011","2023-10-15","{""dataset_year"":2024,""job_uid"":""GOV-2024-135127-400110127011"",""publisher"":""国家公务员局"",""publication_page"":""https://www.xuanhan.gov.cn/xxgk-show-77635.html"",""attachment_url"":""https://www.xuanhan.gov.cn/uploadfile/1/Attachment/638fdecf51.zip"",""local_source_file"":""中央机关及其直属机构2024年度考试录用公务员招考简章.xls"",""local_source_sha256"":""a1741b99dbecd6d03e533f99f2d69b0fa5a79733e551b80af69986ceed2ad996"",""source_sheet"":""中央国家行政机关参照公务员法管理事业单位"",""filter_version"":""government_tech_v2"",""tech_filter"":{""is_tech"":true,""is_core_tech"":true,""scope"":""core"",""categories"":[""computer_software"",""data_ai""],""matched_fields"":[""major"",""description""],""major_terms"":[""计算机科学与技术""],""role_terms"":[""数据处理""],""reason"":""tech_major_and_role""},""original"":{""部门代码"":""135127"",""部门名称"":""国家统计局陕西调查总队"",""用人司局"":""国家统计局陕西调查总队"",""机构性质"":""中央国家行政机关参照公务员法管理事业单位"",""招考职位"":""咸阳调查队业务科室四级主任科员"",""职位属性"":""普通职位"",""职位分布"":""西部地区和艰苦边远地区职位"",""职位简介"":""从事一线入户调查、数据处理、统计分析、统计研究等工作。"",""职位代码"":""400110127011"",""机构层级"":""市（地）级"",""考试类别"":""市（地）级及以下直属机构综合管理类"",""招考人数"":""2"",""专业"":""统计学（0714）、数学（0701）、计算机科学与技术（0812）"",""学历"":""仅限硕士研究生"",""学位"":""硕士"",""政治面貌"":""不限"",""基层工作最低年限"":""无限制"",""服务基层项目工作经历"":""无限制"",""是否在面试阶段组织专业能力测试"":""否"",""面试人员比例"":""3:1"",""工作地点"":""陕西省咸阳市"",""落户地点"":""陕西省咸阳市"",""备注"":""1.限招应届高校毕业生；2.须以最高学历所学主修专业报考；3.本单位最低服务年限为5年（含试用期）。"",""部门网站"":""https://snzd.stats.gov.cn/"",""咨询电话1"":""029-63913594"",""咨询电话2"":""029-63918750"",""咨询电话3"":""029-63913596"",""来源Sheet"":""中央国家行政机关参照公务员法管理事业单位""}}"
"government_jobs","国家公务员2024招考简章","公务员/事业单位技术岗位","陕西省延安市","2026-07-28T09:12:58.310295+00:00","延安调查队业务科室二级主任科员及以下（1）","国家统计局陕西调查总队","","陕西省延安市","公务员/事业单位;2024;computer_software;data_ai;本科及以上;与最高学历相对应的学位;统计学类（特设专业除外）、数学类（特设专业除外）、计算机类（特设专业除外）;市（地）级及以下直属机构综合管理类","用人司局：国家统计局陕西调查总队
职位简介：从事一线入户调查、数据处理、统计分析、统计研究等工作。
专业要求：统计学类（特设专业除外）、数学类（特设专业除外）、计算机类（特设专业除外）
学历要求：本科及以上
学位要求：与最高学历相对应的学位
政治面貌：不限
基层工作经历：二年
考试类别：市（地）级及以下直属机构综合管理类
备注：1.大学生村官须满一个服务期且考核合格（请在备注栏标注是否满一个服务期且考核合格、能否提供相关材料）；2.须以最高学历所学主修专业报考；3.本单位最低服务年限为5年（含试用期）。","https://www.xuanhan.gov.cn/xxgk-show-77635.html#135127-400110127012","2023-10-15","{""dataset_year"":2024,""job_uid"":""GOV-2024-135127-400110127012"",""publisher"":""国家公务员局"",""publication_page"":""https://www.xuanhan.gov.cn/xxgk-show-77635.html"",""attachment_url"":""https://www.xuanhan.gov.cn/uploadfile/1/Attachment/638fdecf51.zip"",""local_source_file"":""中央机关及其直属机构2024年度考试录用公务员招考简章.xls"",""local_source_sha256"":""a1741b99dbecd6d03e533f99f2d69b0fa5a79733e551b80af69986ceed2ad996"",""source_sheet"":""中央国家行政机关参照公务员法管理事业单位"",""filter_version"":""government_tech_v2"",""tech_filter"":{""is_tech"":true,""is_core_tech"":true,""scope"":""core"",""categories"":[""computer_software"",""data_ai""],""matched_fields"":[""major"",""description""],""major_terms"":[""计算机类""],""role_terms"":[""数据处理""],""reason"":""tech_major_and_role""},""original"":{""部门代码"":""135127"",""部门名称"":""国家统计局陕西调查总队"",""用人司局"":""国家统计局陕西调查总队"",""机构性质"":""中央国家行政机关参照公务员法管理事业单位"",""招考职位"":""延安调查队业务科室二级主任科员及以下（1）"",""职位属性"":""普通职位"",""职位分布"":""西部地区和艰苦边远地区职位"",""职位简介"":""从事一线入户调查、数据处理、统计分析、统计研究等工作。"",""职位代码"":""400110127012"",""机构层级"":""市（地）级"",""考试类别"":""市（地）级及以下直属机构综合管理类"",""招考人数"":""1"",""专业"":""统计学类（特设专业除外）、数学类（特设专业除外）、计算机类（特设专业除外）"",""学历"":""本科及以上"",""学位"":""与最高学历相对应的学位"",""政治面貌"":""不限"",""基层工作最低年限"":""二年"",""服务基层项目工作经历"":""大学生村官"",""是否在面试阶段组织专业能力测试"":""否"",""面试人员比例"":""3:1"",""工作地点"":""陕西省延安市"",""落户地点"":""陕西省延安市"",""备注"":""1.大学生村官须满一个服务期且考核合格（请在备注栏标注是否满一个服务期且考核合格、能否提供相关材料）；2.须以最高学历所学主修专业报考；3.本单位最低服务年限为5年（含试用期）。"",""部门网站"":""https://snzd.stats.gov.cn/"",""咨询电话1"":""029-63913594"",""咨询电话2"":""029-63918750"",""咨询电话3"":""029-63913596"",""来源Sheet"":""中央国家行政机关参照公务员法管理事业单位""}}"
"government_jobs","国家公务员2024招考简章","公务员/事业单位技术岗位","陕西省延安市","2026-07-28T09:12:58.310295+00:00","延安调查队业务科室四级主任科员（2）","国家统计局陕西调查总队","","陕西省延安市","公务员/事业单位;2024;computer_software;data_ai;仅限硕士研究生;硕士;统计学（0714）、数学（0701）、计算机科学与技术（0812）;市（地）级及以下直属机构综合管理类","用人司局：国家统计局陕西调查总队
职位简介：从事一线入户调查、数据处理、统计分析、统计研究等工作。
专业要求：统计学（0714）、数学（0701）、计算机科学与技术（0812）
学历要求：仅限硕士研究生
学位要求：硕士
政治面貌：不限
基层工作经历：无限制
考试类别：市（地）级及以下直属机构综合管理类
备注：1.限招应届高校毕业生；2.须以最高学历所学主修专业报考；3.本单位最低服务年限为5年（含试用期）。","https://www.xuanhan.gov.cn/xxgk-show-77635.html#135127-400110127013","2023-10-15","{""dataset_year"":2024,""job_uid"":""GOV-2024-135127-400110127013"",""publisher"":""国家公务员局"",""publication_page"":""https://www.xuanhan.gov.cn/xxgk-show-77635.html"",""attachment_url"":""https://www.xuanhan.gov.cn/uploadfile/1/Attachment/638fdecf51.zip"",""local_source_file"":""中央机关及其直属机构2024年度考试录用公务员招考简章.xls"",""local_source_sha256"":""a1741b99dbecd6d03e533f99f2d69b0fa5a79733e551b80af69986ceed2ad996"",""source_sheet"":""中央国家行政机关参照公务员法管理事业单位"",""filter_version"":""government_tech_v2"",""tech_filter"":{""is_tech"":true,""is_core_tech"":true,""scope"":""core"",""categories"":[""computer_software"",""data_ai""],""matched_fields"":[""major"",""description""],""major_terms"":[""计算机科学与技术""],""role_terms"":[""数据处理""],""reason"":""tech_major_and_role""},""original"":{""部门代码"":""135127"",""部门名称"":""国家统计局陕西调查总队"",""用人司局"":""国家统计局陕西调查总队"",""机构性质"":""中央国家行政机关参照公务员法管理事业单位"",""招考职位"":""延安调查队业务科室四级主任科员（2）"",""职位属性"":""普通职位"",""职位分布"":""西部地区和艰苦边远地区职位"",""职位简介"":""从事一线入户调查、数据处理、统计分析、统计研究等工作。"",""职位代码"":""400110127013"",""机构层级"":""市（地）级"",""考试类别"":""市（地）级及以下直属机构综合管理类"",""招考人数"":""2"",""专业"":""统计学（0714）、数学（0701）、计算机科学与技术（0812）"",""学历"":""仅限硕士研究生"",""学位"":""硕士"",""政治面貌"":""不限"",""基层工作最低年限"":""无限制"",""服务基层项目工作经历"":""无限制"",""是否在面试阶段组织专业能力测试"":""否"",""面试人员比例"":""3:1"",""工作地点"":""陕西省延安市"",""落户地点"":""陕西省延安市"",""备注"":""1.限招应届高校毕业生；2.须以最高学历所学主修专业报考；3.本单位最低服务年限为5年（含试用期）。"",""部门网站"":""https://snzd.stats.gov.cn/"",""咨询电话1"":""029-63913594"",""咨询电话2"":""029-63918750"",""咨询电话3"":""029-63913596"",""来源Sheet"":""中央国家行政机关参照公务员法管理事业单位""}}"
"government_jobs","国家公务员2024招考简章","公务员/事业单位技术岗位","陕西省榆林市","2026-07-28T09:12:58.310295+00:00","榆林调查队业务科室二级主任科员及以下","国家统计局陕西调查总队","","陕西省榆林市","公务员/事业单位;2024;computer_software;data_ai;本科及以上;与最高学历相对应的学位;统计学类（特设专业除外）、数学类（特设专业除外）、计算机类（特设专业除外）;市（地）级及以下直属机构综合管理类","用人司局：国家统计局陕西调查总队
职位简介：从事一线入户调查、数据处理、统计分析、统计研究等工作。
专业要求：统计学类（特设专业除外）、数学类（特设专业除外）、计算机类（特设专业除外）
学历要求：本科及以上
学位要求：与最高学历相对应的学位
政治面貌：不限
基层工作经历：二年
考试类别：市（地）级及以下直属机构综合管理类
备注：1.大学生村官须满一个服务期且考核合格（请在备注栏标注是否满一个服务期且考核合格、能否提供相关材料）；2.须以最高学历所学主修专业报考；3.本单位最低服务年限为5年（含试用期）。","https://www.xuanhan.gov.cn/xxgk-show-77635.html#135127-400110127014","2023-10-15","{""dataset_year"":2024,""job_uid"":""GOV-2024-135127-400110127014"",""publisher"":""国家公务员局"",""publication_page"":""https://www.xuanhan.gov.cn/xxgk-show-77635.html"",""attachment_url"":""https://www.xuanhan.gov.cn/uploadfile/1/Attachment/638fdecf51.zip"",""local_source_file"":""中央机关及其直属机构2024年度考试录用公务员招考简章.xls"",""local_source_sha256"":""a1741b99dbecd6d03e533f99f2d69b0fa5a79733e551b80af69986ceed2ad996"",""source_sheet"":""中央国家行政机关参照公务员法管理事业单位"",""filter_version"":""government_tech_v2"",""tech_filter"":{""is_tech"":true,""is_core_tech"":true,""scope"":""core"",""categories"":[""computer_software"",""data_ai""],""matched_fields"":[""major"",""description""],""major_terms"":[""计算机类""],""role_terms"":[""数据处理""],""reason"":""tech_major_and_role""},""original"":{""部门代码"":""135127"",""部门名称"":""国家统计局陕西调查总队"",""用人司局"":""国家统计局陕西调查总队"",""机构性质"":""中央国家行政机关参照公务员法管理事业单位"",""招考职位"":""榆林调查队业务科室二级主任科员及以下"",""职位属性"":""普通职位"",""职位分布"":""西部地区和艰苦边远地区职位"",""职位简介"":""从事一线入户调查、数据处理、统计分析、统计研究等工作。"",""职位代码"":""400110127014"",""机构层级"":""市（地）级"",""考试类别"":""市（地）级及以下直属机构综合管理类"",""招考人数"":""1"",""专业"":""统计学类（特设专业除外）、数学类（特设专业除外）、计算机类（特设专业除外）"",""学历"":""本科及以上"",""学位"":""与最高学历相对应的学位"",""政治面貌"":""不限"",""基层工作最低年限"":""二年"",""服务基层项目工作经历"":""大学生村官"",""是否在面试阶段组织专业能力测试"":""否"",""面试人员比例"":""3:1"",""工作地点"":""陕西省榆林市"",""落户地点"":""陕西省榆林市"",""备注"":""1.大学生村官须满一个服务期且考核合格（请在备注栏标注是否满一个服务期且考核合格、能否提供相关材料）；2.须以最高学历所学主修专业报考；3.本单位最低服务年限为5年（含试用期）。"",""部门网站"":""https://snzd.stats.gov.cn/"",""咨询电话1"":""029-63913594"",""咨询电话2"":""029-63918750"",""咨询电话3"":""029-63913596"",""来源Sheet"":""中央国家行政机关参照公务员法管理事业单位""}}"
"government_jobs","国家公务员2024招考简章","公务员/事业单位技术岗位","陕西省安康市","2026-07-28T09:12:58.310295+00:00","安康调查队业务科室二级主任科员及以下（1）","国家统计局陕西调查总队","","陕西省安康市","公务员/事业单位;2024;computer_software;data_ai;本科及以上;与最高学历相对应的学位;统计学类（特设专业除外）、数学类（特设专业除外）、计算机类（特设专业除外）;市（地）级及以下直属机构综合管理类","用人司局：国家统计局陕西调查总队
职位简介：从事一线入户调查、数据处理、统计分析、统计研究等工作。
专业要求：统计学类（特设专业除外）、数学类（特设专业除外）、计算机类（特设专业除外）
学历要求：本科及以上
学位要求：与最高学历相对应的学位
政治面貌：不限
基层工作经历：二年
考试类别：市（地）级及以下直属机构综合管理类
备注：1.大学生村官须满一个服务期且考核合格（请在备注栏标注是否满一个服务期且考核合格、能否提供相关材料）；2.须以最高学历所学主修专业报考；3.本单位最低服务年限为5年（含试用期）。","https://www.xuanhan.gov.cn/xxgk-show-77635.html#135127-400110127015","2023-10-15","{""dataset_year"":2024,""job_uid"":""GOV-2024-135127-400110127015"",""publisher"":""国家公务员局"",""publication_page"":""https://www.xuanhan.gov.cn/xxgk-show-77635.html"",""attachment_url"":""https://www.xuanhan.gov.cn/uploadfile/1/Attachment/638fdecf51.zip"",""local_source_file"":""中央机关及其直属机构2024年度考试录用公务员招考简章.xls"",""local_source_sha256"":""a1741b99dbecd6d03e533f99f2d69b0fa5a79733e551b80af69986ceed2ad996"",""source_sheet"":""中央国家行政机关参照公务员法管理事业单位"",""filter_version"":""government_tech_v2"",""tech_filter"":{""is_tech"":true,""is_core_tech"":true,""scope"":""core"",""categories"":[""computer_software"",""data_ai""],""matched_fields"":[""major"",""description""],""major_terms"":[""计算机类""],""role_terms"":[""数据处理""],""reason"":""tech_major_and_role""},""original"":{""部门代码"":""135127"",""部门名称"":""国家统计局陕西调查总队"",""用人司局"":""国家统计局陕西调查总队"",""机构性质"":""中央国家行政机关参照公务员法管理事业单位"",""招考职位"":""安康调查队业务科室二级主任科员及以下（1）"",""职位属性"":""普通职位"",""职位分布"":""西部地区和艰苦边远地区职位"",""职位简介"":""从事一线入户调查、数据处理、统计分析、统计研究等工作。"",""职位代码"":""400110127015"",""机构层级"":""市（地）级"",""考试类别"":""市（地）级及以下直属机构综合管理类"",""招考人数"":""1"",""专业"":""统计学类（特设专业除外）、数学类（特设专业除外）、计算机类（特设专业除外）"",""学历"":""本科及以上"",""学位"":""与最高学历相对应的学位"",""政治面貌"":""不限"",""基层工作最低年限"":""二年"",""服务基层项目工作经历"":""大学生村官"",""是否在面试阶段组织专业能力测试"":""否"",""面试人员比例"":""3:1"",""工作地点"":""陕西省安康市"",""落户地点"":""陕西省安康市"",""备注"":""1.大学生村官须满一个服务期且考核合格（请在备注栏标注是否满一个服务期且考核合格、能否提供相关材料）；2.须以最高学历所学主修专业报考；3.本单位最低服务年限为5年（含试用期）。"",""部门网站"":""https://snzd.stats.gov.cn/"",""咨询电话1"":""029-63913594"",""咨询电话2"":""029-63918750"",""咨询电话3"":""029-63913596"",""来源Sheet"":""中央国家行政机关参照公务员法管理事业单位""}}"
"government_jobs","国家公务员2024招考简章","公务员/事业单位技术岗位","陕西省安康市","2026-07-28T09:12:58.310295+00:00","安康调查队业务科室四级主任科员（2）","国家统计局陕西调查总队","","陕西省安康市","公务员/事业单位;2024;computer_software;data_ai;仅限硕士研究生;硕士;统计学（0714）、数学（0701）、计算机科学与技术（0812）;市（地）级及以下直属机构综合管理类","用人司局：国家统计局陕西调查总队
职位简介：从事一线入户调查、数据处理、统计分析、统计研究等工作。
专业要求：统计学（0714）、数学（0701）、计算机科学与技术（0812）
学历要求：仅限硕士研究生
学位要求：硕士
政治面貌：不限
基层工作经历：无限制
考试类别：市（地）级及以下直属机构综合管理类
备注：1.限招应届高校毕业生；2.须以最高学历所学主修专业报考；3.本单位最低服务年限为5年（含试用期）。","https://www.xuanhan.gov.cn/xxgk-show-77635.html#135127-400110127016","2023-10-15","{""dataset_year"":2024,""job_uid"":""GOV-2024-135127-400110127016"",""publisher"":""国家公务员局"",""publication_page"":""https://www.xuanhan.gov.cn/xxgk-show-77635.html"",""attachment_url"":""https://www.xuanhan.gov.cn/uploadfile/1/Attachment/638fdecf51.zip"",""local_source_file"":""中央机关及其直属机构2024年度考试录用公务员招考简章.xls"",""local_source_sha256"":""a1741b99dbecd6d03e533f99f2d69b0fa5a79733e551b80af69986ceed2ad996"",""source_sheet"":""中央国家行政机关参照公务员法管理事业单位"",""filter_version"":""government_tech_v2"",""tech_filter"":{""is_tech"":true,""is_core_tech"":true,""scope"":""core"",""categories"":[""computer_software"",""data_ai""],""matched_fields"":[""major"",""description""],""major_terms"":[""计算机科学与技术""],""role_terms"":[""数据处理""],""reason"":""tech_major_and_role""},""original"":{""部门代码"":""135127"",""部门名称"":""国家统计局陕西调查总队"",""用人司局"":""国家统计局陕西调查总队"",""机构性质"":""中央国家行政机关参照公务员法管理事业单位"",""招考职位"":""安康调查队业务科室四级主任科员（2）"",""职位属性"":""普通职位"",""职位分布"":""西部地区和艰苦边远地区职位"",""职位简介"":""从事一线入户调查、数据处理、统计分析、统计研究等工作。"",""职位代码"":""400110127016"",""机构层级"":""市（地）级"",""考试类别"":""市（地）级及以下直属机构综合管理类"",""招考人数"":""1"",""专业"":""统计学（0714）、数学（0701）、计算机科学与技术（0812）"",""学历"":""仅限硕士研究生"",""学位"":""硕士"",""政治面貌"":""不限"",""基层工作最低年限"":""无限制"",""服务基层项目工作经历"":""无限制"",""是否在面试阶段组织专业能力测试"":""否"",""面试人员比例"":""3:1"",""工作地点"":""陕西省安康市"",""落户地点"":""陕西省安康市"",""备注"":""1.限招应届高校毕业生；2.须以最高学历所学主修专业报考；3.本单位最低服务年限为5年（含试用期）。"",""部门网站"":""https://snzd.stats.gov.cn/"",""咨询电话1"":""029-63913594"",""咨询电话2"":""029-63918750"",""咨询电话3"":""029-63913596"",""来源Sheet"":""中央国家行政机关参照公务员法管理事业单位""}}"
"government_jobs","国家公务员2024招考简章","公务员/事业单位技术岗位","陕西省商洛市","2026-07-28T09:12:58.310295+00:00","商洛调查队业务科室二级主任科员及以下（1）","国家统计局陕西调查总队","","陕西省商洛市","公务员/事业单位;2024;computer_software;data_ai;本科及以上;与最高学历相对应的学位;统计学类（特设专业除外）、数学类（特设专业除外）、计算机类（特设专业除外）;市（地）级及以下直属机构综合管理类","用人司局：国家统计局陕西调查总队
职位简介：从事一线入户调查、数据处理、统计分析、统计研究等工作。
专业要求：统计学类（特设专业除外）、数学类（特设专业除外）、计算机类（特设专业除外）
学历要求：本科及以上
学位要求：与最高学历相对应的学位
政治面貌：不限
基层工作经历：二年
考试类别：市（地）级及以下直属机构综合管理类
备注：1.大学生村官须满一个服务期且考核合格（请在备注栏标注是否满一个服务期且考核合格、能否提供相关材料）；2.须以最高学历所学主修专业报考；3.本单位最低服务年限为5年（含试用期）。","https://www.xuanhan.gov.cn/xxgk-show-77635.html#135127-400110127017","2023-10-15","{""dataset_year"":2024,""job_uid"":""GOV-2024-135127-400110127017"",""publisher"":""国家公务员局"",""publication_page"":""https://www.xuanhan.gov.cn/xxgk-show-77635.html"",""attachment_url"":""https://www.xuanhan.gov.cn/uploadfile/1/Attachment/638fdecf51.zip"",""local_source_file"":""中央机关及其直属机构2024年度考试录用公务员招考简章.xls"",""local_source_sha256"":""a1741b99dbecd6d03e533f99f2d69b0fa5a79733e551b80af69986ceed2ad996"",""source_sheet"":""中央国家行政机关参照公务员法管理事业单位"",""filter_version"":""government_tech_v2"",""tech_filter"":{""is_tech"":true,""is_core_tech"":true,""scope"":""core"",""categories"":[""computer_software"",""data_ai""],""matched_fields"":[""major"",""description""],""major_terms"":[""计算机类""],""role_terms"":[""数据处理""],""reason"":""tech_major_and_role""},""original"":{""部门代码"":""135127"",""部门名称"":""国家统计局陕西调查总队"",""用人司局"":""国家统计局陕西调查总队"",""机构性质"":""中央国家行政机关参照公务员法管理事业单位"",""招考职位"":""商洛调查队业务科室二级主任科员及以下（1）"",""职位属性"":""普通职位"",""职位分布"":""西部地区和艰苦边远地区职位"",""职位简介"":""从事一线入户调查、数据处理、统计分析、统计研究等工作。"",""职位代码"":""400110127017"",""机构层级"":""市（地）级"",""考试类别"":""市（地）级及以下直属机构综合管理类"",""招考人数"":""1"",""专业"":""统计学类（特设专业除外）、数学类（特设专业除外）、计算机类（特设专业除外）"",""学历"":""本科及以上"",""学位"":""与最高学历相对应的学位"",""政治面貌"":""不限"",""基层工作最低年限"":""二年"",""服务基层项目工作经历"":""大学生村官"",""是否在面试阶段组织专业能力测试"":""否"",""面试人员比例"":""3:1"",""工作地点"":""陕西省商洛市"",""落户地点"":""陕西省商洛市"",""备注"":""1.大学生村官须满一个服务期且考核合格（请在备注栏标注是否满一个服务期且考核合格、能否提供相关材料）；2.须以最高学历所学主修专业报考；3.本单位最低服务年限为5年（含试用期）。"",""部门网站"":""https://snzd.stats.gov.cn/"",""咨询电话1"":""029-63913594"",""咨询电话2"":""029-63918750"",""咨询电话3"":""029-63913596"",""来源Sheet"":""中央国家行政机关参照公务员法管理事业单位""}}"
"government_jobs","国家公务员2024招考简章","公务员/事业单位技术岗位","陕西省商洛市","2026-07-28T09:12:58.310295+00:00","商洛调查队业务科室四级主任科员（2）","国家统计局陕西调查总队","","陕西省商洛市","公务员/事业单位;2024;computer_software;data_ai;仅限硕士研究生;硕士;统计学（0714）、数学（0701）、计算机科学与技术（0812）;市（地）级及以下直属机构综合管理类","用人司局：国家统计局陕西调查总队
职位简介：从事一线入户调查、数据处理、统计分析、统计研究等工作。
专业要求：统计学（0714）、数学（0701）、计算机科学与技术（0812）
学历要求：仅限硕士研究生
学位要求：硕士
政治面貌：不限
基层工作经历：无限制
考试类别：市（地）级及以下直属机构综合管理类
备注：1.限招应届高校毕业生；2.须以最高学历所学主修专业报考；3.本单位最低服务年限为5年（含试用期）。","https://www.xuanhan.gov.cn/xxgk-show-77635.html#135127-400110127018","2023-10-15","{""dataset_year"":2024,""job_uid"":""GOV-2024-135127-400110127018"",""publisher"":""国家公务员局"",""publication_page"":""https://www.xuanhan.gov.cn/xxgk-show-77635.html"",""attachment_url"":""https://www.xuanhan.gov.cn/uploadfile/1/Attachment/638fdecf51.zip"",""local_source_file"":""中央机关及其直属机构2024年度考试录用公务员招考简章.xls"",""local_source_sha256"":""a1741b99dbecd6d03e533f99f2d69b0fa5a79733e551b80af69986ceed2ad996"",""source_sheet"":""中央国家行政机关参照公务员法管理事业单位"",""filter_version"":""government_tech_v2"",""tech_filter"":{""is_tech"":true,""is_core_tech"":true,""scope"":""core"",""categories"":[""computer_software"",""data_ai""],""matched_fields"":[""major"",""description""],""major_terms"":[""计算机科学与技术""],""role_terms"":[""数据处理""],""reason"":""tech_major_and_role""},""original"":{""部门代码"":""135127"",""部门名称"":""国家统计局陕西调查总队"",""用人司局"":""国家统计局陕西调查总队"",""机构性质"":""中央国家行政机关参照公务员法管理事业单位"",""招考职位"":""商洛调查队业务科室四级主任科员（2）"",""职位属性"":""普通职位"",""职位分布"":""西部地区和艰苦边远地区职位"",""职位简介"":""从事一线入户调查、数据处理、统计分析、统计研究等工作。"",""职位代码"":""400110127018"",""机构层级"":""市（地）级"",""考试类别"":""市（地）级及以下直属机构综合管理类"",""招考人数"":""1"",""专业"":""统计学（0714）、数学（0701）、计算机科学与技术（0812）"",""学历"":""仅限硕士研究生"",""学位"":""硕士"",""政治面貌"":""不限"",""基层工作最低年限"":""无限制"",""服务基层项目工作经历"":""无限制"",""是否在面试阶段组织专业能力测试"":""否"",""面试人员比例"":""3:1"",""工作地点"":""陕西省商洛市"",""落户地点"":""陕西省商洛市"",""备注"":""1.限招应届高校毕业生；2.须以最高学历所学主修专业报考；3.本单位最低服务年限为5年（含试用期）。"",""部门网站"":""https://snzd.stats.gov.cn/"",""咨询电话1"":""029-63913594"",""咨询电话2"":""029-63918750"",""咨询电话3"":""029-63913596"",""来源Sheet"":""中央国家行政机关参照公务员法管理事业单位""}}"
"government_jobs","国家公务员2024招考简章","公务员/事业单位技术岗位","陕西省西安市鄠邑区","2026-07-28T09:12:58.310295+00:00","鄠邑调查队一级科员","国家统计局陕西调查总队","","陕西省西安市鄠邑区","公务员/事业单位;2024;computer_software;data_ai;仅限本科;学士;统计学类（特设专业除外）、数学类（特设专业除外）、计算机类（特设专业除外）;市（地）级及以下直属机构综合管理类","用人司局：国家统计局陕西调查总队
职位简介：从事一线入户调查、数据处理、统计分析、统计研究等工作。
专业要求：统计学类（特设专业除外）、数学类（特设专业除外）、计算机类（特设专业除外）
学历要求：仅限本科
学位要求：学士
政治面貌：不限
基层工作经历：无限制
考试类别：市（地）级及以下直属机构综合管理类
备注：1.限招应届高校毕业生；2.限陕西省户籍；3.须以最高学历所学主修专业报考；4.本单位最低服务年限为5年（含试用期）。","https://www.xuanhan.gov.cn/xxgk-show-77635.html#135127-400110127019","2023-10-15","{""dataset_year"":2024,""job_uid"":""GOV-2024-135127-400110127019"",""publisher"":""国家公务员局"",""publication_page"":""https://www.xuanhan.gov.cn/xxgk-show-77635.html"",""attachment_url"":""https://www.xuanhan.gov.cn/uploadfile/1/Attachment/638fdecf51.zip"",""local_source_file"":""中央机关及其直属机构2024年度考试录用公务员招考简章.xls"",""local_source_sha256"":""a1741b99dbecd6d03e533f99f2d69b0fa5a79733e551b80af69986ceed2ad996"",""source_sheet"":""中央国家行政机关参照公务员法管理事业单位"",""filter_version"":""government_tech_v2"",""tech_filter"":{""is_tech"":true,""is_core_tech"":true,""scope"":""core"",""categories"":[""computer_software"",""data_ai""],""matched_fields"":[""major"",""description""],""major_terms"":[""计算机类""],""role_terms"":[""数据处理""],""reason"":""tech_major_and_role""},""original"":{""部门代码"":""135127"",""部门名称"":""国家统计局陕西调查总队"",""用人司局"":""国家统计局陕西调查总队"",""机构性质"":""中央国家行政机关参照公务员法管理事业单位"",""招考职位"":""鄠邑调查队一级科员"",""职位属性"":""普通职位"",""职位分布"":""西部地区和艰苦边远地区职位"",""职位简介"":""从事一线入户调查、数据处理、统计分析、统计研究等工作。"",""职位代码"":""400110127019"",""机构层级"":""县（区）级及以下"",""考试类别"":""市（地）级及以下直属机构综合管理类"",""招考人数"":""1"",""专业"":""统计学类（特设专业除外）、数学类（特设专业除外）、计算机类（特设专业除外）"",""学历"":""仅限本科"",""学位"":""学士"",""政治面貌"":""不限"",""基层工作最低年限"":""无限制"",""服务基层项目工作经历"":""无限制"",""是否在面试阶段组织专业能力测试"":""否"",""面试人员比例"":""3:1"",""工作地点"":""陕西省西安市鄠邑区"",""落户地点"":""陕西省西安市鄠邑区"",""备注"":""1.限招应届高校毕业生；2.限陕西省户籍；3.须以最高学历所学主修专业报考；4.本单位最低服务年限为5年（含试用期）。"",""部门网站"":""https://snzd.stats.gov.cn/"",""咨询电话1"":""029-63913594"",""咨询电话2"":""029-63918750"",""咨询电话3"":""029-63913596"",""来源Sheet"":""中央国家行政机关参照公务员法管理事业单位""}}"
"government_jobs","国家公务员2024招考简章","公务员/事业单位技术岗位","陕西省西安市周至县","2026-07-28T09:12:58.310295+00:00","周至调查队一级科员","国家统计局陕西调查总队","","陕西省西安市周至县","公务员/事业单位;2024;computer_software;data_ai;仅限本科;学士;统计学类（特设专业除外）、数学类（特设专业除外）、计算机类（特设专业除外）;市（地）级及以下直属机构综合管理类","用人司局：国家统计局陕西调查总队
职位简介：从事一线入户调查、数据处理、统计分析、统计研究等工作。
专业要求：统计学类（特设专业除外）、数学类（特设专业除外）、计算机类（特设专业除外）
学历要求：仅限本科
学位要求：学士
政治面貌：不限
基层工作经历：无限制
考试类别：市（地）级及以下直属机构综合管理类
备注：1.限招应届高校毕业生；2.限陕西省户籍；3.须以最高学历所学主修专业报考；4.本单位最低服务年限为5年（含试用期）。","https://www.xuanhan.gov.cn/xxgk-show-77635.html#135127-400110127020","2023-10-15","{""dataset_year"":2024,""job_uid"":""GOV-2024-135127-400110127020"",""publisher"":""国家公务员局"",""publication_page"":""https://www.xuanhan.gov.cn/xxgk-show-77635.html"",""attachment_url"":""https://www.xuanhan.gov.cn/uploadfile/1/Attachment/638fdecf51.zip"",""local_source_file"":""中央机关及其直属机构2024年度考试录用公务员招考简章.xls"",""local_source_sha256"":""a1741b99dbecd6d03e533f99f2d69b0fa5a79733e551b80af69986ceed2ad996"",""source_sheet"":""中央国家行政机关参照公务员法管理事业单位"",""filter_version"":""government_tech_v2"",""tech_filter"":{""is_tech"":true,""is_core_tech"":true,""scope"":""core"",""categories"":[""computer_software"",""data_ai""],""matched_fields"":[""major"",""description""],""major_terms"":[""计算机类""],""role_terms"":[""数据处理""],""reason"":""tech_major_and_role""},""original"":{""部门代码"":""135127"",""部门名称"":""国家统计局陕西调查总队"",""用人司局"":""国家统计局陕西调查总队"",""机构性质"":""中央国家行政机关参照公务员法管理事业单位"",""招考职位"":""周至调查队一级科员"",""职位属性"":""普通职位"",""职位分布"":""西部地区和艰苦边远地区职位"",""职位简介"":""从事一线入户调查、数据处理、统计分析、统计研究等工作。"",""职位代码"":""400110127020"",""机构层级"":""县（区）级及以下"",""考试类别"":""市（地）级及以下直属机构综合管理类"",""招考人数"":""2"",""专业"":""统计学类（特设专业除外）、数学类（特设专业除外）、计算机类（特设专业除外）"",""学历"":""仅限本科"",""学位"":""学士"",""政治面貌"":""不限"",""基层工作最低年限"":""无限制"",""服务基层项目工作经历"":""无限制"",""是否在面试阶段组织专业能力测试"":""否"",""面试人员比例"":""3:1"",""工作地点"":""陕西省西安市周至县"",""落户地点"":""陕西省西安市周至县"",""备注"":""1.限招应届高校毕业生；2.限陕西省户籍；3.须以最高学历所学主修专业报考；4.本单位最低服务年限为5年（含试用期）。"",""部门网站"":""https://snzd.stats.gov.cn/"",""咨询电话1"":""029-63913594"",""咨询电话2"":""029-63918750"",""咨询电话3"":""029-63913596"",""来源Sheet"":""中央国家行政机关参照公务员法管理事业单位""}}"
"government_jobs","国家公务员2024招考简章","公务员/事业单位技术岗位","陕西省铜川市耀州区","2026-07-28T09:12:58.310295+00:00","耀州调查队一级科员","国家统计局陕西调查总队","","陕西省铜川市耀州区","公务员/事业单位;2024;computer_software;data_ai;仅限本科;学士;统计学类（特设专业除外）、数学类（特设专业除外）、计算机类（特设专业除外）;市（地）级及以下直属机构综合管理类","用人司局：国家统计局陕西调查总队
职位简介：从事一线入户调查、数据处理、统计分析、统计研究等工作。
专业要求：统计学类（特设专业除外）、数学类（特设专业除外）、计算机类（特设专业除外）
学历要求：仅限本科
学位要求：学士
政治面貌：不限
基层工作经历：无限制
考试类别：市（地）级及以下直属机构综合管理类
备注：1.限招应届高校毕业生；2.限铜川市（含区县）户籍；3.须以最高学历所学主修专业报考；4.本单位最低服务年限为5年（含试用期）。","https://www.xuanhan.gov.cn/xxgk-show-77635.html#135127-400110127021","2023-10-15","{""dataset_year"":2024,""job_uid"":""GOV-2024-135127-400110127021"",""publisher"":""国家公务员局"",""publication_page"":""https://www.xuanhan.gov.cn/xxgk-show-77635.html"",""attachment_url"":""https://www.xuanhan.gov.cn/uploadfile/1/Attachment/638fdecf51.zip"",""local_source_file"":""中央机关及其直属机构2024年度考试录用公务员招考简章.xls"",""local_source_sha256"":""a1741b99dbecd6d03e533f99f2d69b0fa5a79733e551b80af69986ceed2ad996"",""source_sheet"":""中央国家行政机关参照公务员法管理事业单位"",""filter_version"":""government_tech_v2"",""tech_filter"":{""is_tech"":true,""is_core_tech"":true,""scope"":""core"",""categories"":[""computer_software"",""data_ai""],""matched_fields"":[""major"",""description""],""major_terms"":[""计算机类""],""role_terms"":[""数据处理""],""reason"":""tech_major_and_role""},""original"":{""部门代码"":""135127"",""部门名称"":""国家统计局陕西调查总队"",""用人司局"":""国家统计局陕西调查总队"",""机构性质"":""中央国家行政机关参照公务员法管理事业单位"",""招考职位"":""耀州调查队一级科员"",""职位属性"":""普通职位"",""职位分布"":""西部地区和艰苦边远地区职位"",""职位简介"":""从事一线入户调查、数据处理、统计分析、统计研究等工作。"",""职位代码"":""400110127021"",""机构层级"":""县（区）级及以下"",""考试类别"":""市（地）级及以下直属机构综合管理类"",""招考人数"":""1"",""专业"":""统计学类（特设专业除外）、数学类（特设专业除外）、计算机类（特设专业除外）"",""学历"":""仅限本科"",""学位"":""学士"",""政治面貌"":""不限"",""基层工作最低年限"":""无限制"",""服务基层项目工作经历"":""无限制"",""是否在面试阶段组织专业能力测试"":""否"",""面试人员比例"":""3:1"",""工作地点"":""陕西省铜川市耀州区"",""落户地点"":""陕西省铜川市耀州区"",""备注"":""1.限招应届高校毕业生；2.限铜川市（含区县）户籍；3.须以最高学历所学主修专业报考；4.本单位最低服务年限为5年（含试用期）。"",""部门网站"":""https://snzd.stats.gov.cn/"",""咨询电话1"":""029-63913594"",""咨询电话2"":""029-63918750"",""咨询电话3"":""029-63913596"",""来源Sheet"":""中央国家行政机关参照公务员法管理事业单位""}}"
"government_jobs","国家公务员2024招考简章","公务员/事业单位技术岗位","陕西省铜川市宜君县","2026-07-28T09:12:58.310295+00:00","宜君调查队一级科员","国家统计局陕西调查总队","","陕西省铜川市宜君县","公务员/事业单位;2024;computer_software;data_ai;仅限本科;学士;统计学类（特设专业除外）、数学类（特设专业除外）、计算机类（特设专业除外）;市（地）级及以下直属机构综合管理类","用人司局：国家统计局陕西调查总队
职位简介：从事一线入户调查、数据处理、统计分析、统计研究等工作。
专业要求：统计学类（特设专业除外）、数学类（特设专业除外）、计算机类（特设专业除外）
学历要求：仅限本科
学位要求：学士
政治面貌：不限
基层工作经历：无限制
考试类别：市（地）级及以下直属机构综合管理类
备注：1.限招应届高校毕业生；2.限铜川市（含区县）户籍；3.须以最高学历所学主修专业报考；4.本单位最低服务年限为5年（含试用期）。","https://www.xuanhan.gov.cn/xxgk-show-77635.html#135127-400110127022","2023-10-15","{""dataset_year"":2024,""job_uid"":""GOV-2024-135127-400110127022"",""publisher"":""国家公务员局"",""publication_page"":""https://www.xuanhan.gov.cn/xxgk-show-77635.html"",""attachment_url"":""https://www.xuanhan.gov.cn/uploadfile/1/Attachment/638fdecf51.zip"",""local_source_file"":""中央机关及其直属机构2024年度考试录用公务员招考简章.xls"",""local_source_sha256"":""a1741b99dbecd6d03e533f99f2d69b0fa5a79733e551b80af69986ceed2ad996"",""source_sheet"":""中央国家行政机关参照公务员法管理事业单位"",""filter_version"":""government_tech_v2"",""tech_filter"":{""is_tech"":true,""is_core_tech"":true,""scope"":""core"",""categories"":[""computer_software"",""data_ai""],""matched_fields"":[""major"",""description""],""major_terms"":[""计算机类""],""role_terms"":[""数据处理""],""reason"":""tech_major_and_role""},""original"":{""部门代码"":""135127"",""部门名称"":""国家统计局陕西调查总队"",""用人司局"":""国家统计局陕西调查总队"",""机构性质"":""中央国家行政机关参照公务员法管理事业单位"",""招考职位"":""宜君调查队一级科员"",""职位属性"":""普通职位"",""职位分布"":""西部地区和艰苦边远地区职位"",""职位简介"":""从事一线入户调查、数据处理、统计分析、统计研究等工作。"",""职位代码"":""400110127022"",""机构层级"":""县（区）级及以下"",""考试类别"":""市（地）级及以下直属机构综合管理类"",""招考人数"":""2"",""专业"":""统计学类（特设专业除外）、数学类（特设专业除外）、计算机类（特设专业除外）"",""学历"":""仅限本科"",""学位"":""学士"",""政治面貌"":""不限"",""基层工作最低年限"":""无限制"",""服务基层项目工作经历"":""无限制"",""是否在面试阶段组织专业能力测试"":""否"",""面试人员比例"":""3:1"",""工作地点"":""陕西省铜川市宜君县"",""落户地点"":""陕西省铜川市宜君县"",""备注"":""1.限招应届高校毕业生；2.限铜川市（含区县）户籍；3.须以最高学历所学主修专业报考；4.本单位最低服务年限为5年（含试用期）。"",""部门网站"":""https://snzd.stats.gov.cn/"",""咨询电话1"":""029-63913594"",""咨询电话2"":""029-63918750"",""咨询电话3"":""029-63913596"",""来源Sheet"":""中央国家行政机关参照公务员法管理事业单位""}}"
"government_jobs","国家公务员2024招考简章","公务员/事业单位技术岗位","陕西省宝鸡市陈仓区","2026-07-28T09:12:58.310295+00:00","陈仓调查队一级科员","国家统计局陕西调查总队","","陕西省宝鸡市陈仓区","公务员/事业单位;2024;computer_software;data_ai;仅限本科;学士;统计学类（特设专业除外）、数学类（特设专业除外）、计算机类（特设专业除外）;市（地）级及以下直属机构综合管理类","用人司局：国家统计局陕西调查总队
职位简介：从事一线入户调查、数据处理、统计分析、统计研究等工作。
专业要求：统计学类（特设专业除外）、数学类（特设专业除外）、计算机类（特设专业除外）
学历要求：仅限本科
学位要求：学士
政治面貌：不限
基层工作经历：无限制
考试类别：市（地）级及以下直属机构综合管理类
备注：1.限招应届高校毕业生；2.限宝鸡市（含区县）户籍；3.须以最高学历所学主修专业报考；4.本单位最低服务年限为5年（含试用期）。","https://www.xuanhan.gov.cn/xxgk-show-77635.html#135127-400110127023","2023-10-15","{""dataset_year"":2024,""job_uid"":""GOV-2024-135127-400110127023"",""publisher"":""国家公务员局"",""publication_page"":""https://www.xuanhan.gov.cn/xxgk-show-77635.html"",""attachment_url"":""https://www.xuanhan.gov.cn/uploadfile/1/Attachment/638fdecf51.zip"",""local_source_file"":""中央机关及其直属机构2024年度考试录用公务员招考简章.xls"",""local_source_sha256"":""a1741b99dbecd6d03e533f99f2d69b0fa5a79733e551b80af69986ceed2ad996"",""source_sheet"":""中央国家行政机关参照公务员法管理事业单位"",""filter_version"":""government_tech_v2"",""tech_filter"":{""is_tech"":true,""is_core_tech"":true,""scope"":""core"",""categories"":[""computer_software"",""data_ai""],""matched_fields"":[""major"",""description""],""major_terms"":[""计算机类""],""role_terms"":[""数据处理""],""reason"":""tech_major_and_role""},""original"":{""部门代码"":""135127"",""部门名称"":""国家统计局陕西调查总队"",""用人司局"":""国家统计局陕西调查总队"",""机构性质"":""中央国家行政机关参照公务员法管理事业单位"",""招考职位"":""陈仓调查队一级科员"",""职位属性"":""普通职位"",""职位分布"":""西部地区和艰苦边远地区职位"",""职位简介"":""从事一线入户调查、数据处理、统计分析、统计研究等工作。"",""职位代码"":""400110127023"",""机构层级"":""县（区）级及以下"",""考试类别"":""市（地）级及以下直属机构综合管理类"",""招考人数"":""2"",""专业"":""统计学类（特设专业除外）、数学类（特设专业除外）、计算机类（特设专业除外）"",""学历"":""仅限本科"",""学位"":""学士"",""政治面貌"":""不限"",""基层工作最低年限"":""无限制"",""服务基层项目工作经历"":""无限制"",""是否在面试阶段组织专业能力测试"":""否"",""面试人员比例"":""3:1"",""工作地点"":""陕西省宝鸡市陈仓区"",""落户地点"":""陕西省宝鸡市陈仓区"",""备注"":""1.限招应届高校毕业生；2.限宝鸡市（含区县）户籍；3.须以最高学历所学主修专业报考；4.本单位最低服务年限为5年（含试用期）。"",""部门网站"":""https://snzd.stats.gov.cn/"",""咨询电话1"":""029-63913594"",""咨询电话2"":""029-63918750"",""咨询电话3"":""029-63913596"",""来源Sheet"":""中央国家行政机关参照公务员法管理事业单位""}}"
"government_jobs","国家公务员2024招考简章","公务员/事业单位技术岗位","陕西省宝鸡市扶风县","2026-07-28T09:12:58.310295+00:00","扶风调查队一级科员","国家统计局陕西调查总队","","陕西省宝鸡市扶风县","公务员/事业单位;2024;computer_software;data_ai;仅限本科;学士;统计学类（特设专业除外）、数学类（特设专业除外）、计算机类（特设专业除外）;市（地）级及以下直属机构综合管理类","用人司局：国家统计局陕西调查总队
职位简介：从事一线入户调查、数据处理、统计分析、统计研究等工作。
专业要求：统计学类（特设专业除外）、数学类（特设专业除外）、计算机类（特设专业除外）
学历要求：仅限本科
学位要求：学士
政治面貌：不限
基层工作经历：无限制
考试类别：市（地）级及以下直属机构综合管理类
备注：1.限招应届高校毕业生；2.限宝鸡市（含区县）户籍；3.须以最高学历所学主修专业报考；4.本单位最低服务年限为5年（含试用期）。","https://www.xuanhan.gov.cn/xxgk-show-77635.html#135127-400110127024","2023-10-15","{""dataset_year"":2024,""job_uid"":""GOV-2024-135127-400110127024"",""publisher"":""国家公务员局"",""publication_page"":""https://www.xuanhan.gov.cn/xxgk-show-77635.html"",""attachment_url"":""https://www.xuanhan.gov.cn/uploadfile/1/Attachment/638fdecf51.zip"",""local_source_file"":""中央机关及其直属机构2024年度考试录用公务员招考简章.xls"",""local_source_sha256"":""a1741b99dbecd6d03e533f99f2d69b0fa5a79733e551b80af69986ceed2ad996"",""source_sheet"":""中央国家行政机关参照公务员法管理事业单位"",""filter_version"":""government_tech_v2"",""tech_filter"":{""is_tech"":true,""is_core_tech"":true,""scope"":""core"",""categories"":[""computer_software"",""data_ai""],""matched_fields"":[""major"",""description""],""major_terms"":[""计算机类""],""role_terms"":[""数据处理""],""reason"":""tech_major_and_role""},""original"":{""部门代码"":""135127"",""部门名称"":""国家统计局陕西调查总队"",""用人司局"":""国家统计局陕西调查总队"",""机构性质"":""中央国家行政机关参照公务员法管理事业单位"",""招考职位"":""扶风调查队一级科员"",""职位属性"":""普通职位"",""职位分布"":""西部地区和艰苦边远地区职位"",""职位简介"":""从事一线入户调查、数据处理、统计分析、统计研究等工作。"",""职位代码"":""400110127024"",""机构层级"":""县（区）级及以下"",""考试类别"":""市（地）级及以下直属机构综合管理类"",""招考人数"":""1"",""专业"":""统计学类（特设专业除外）、数学类（特设专业除外）、计算机类（特设专业除外）"",""学历"":""仅限本科"",""学位"":""学士"",""政治面貌"":""不限"",""基层工作最低年限"":""无限制"",""服务基层项目工作经历"":""无限制"",""是否在面试阶段组织专业能力测试"":""否"",""面试人员比例"":""3:1"",""工作地点"":""陕西省宝鸡市扶风县"",""落户地点"":""陕西省宝鸡市扶风县"",""备注"":""1.限招应届高校毕业生；2.限宝鸡市（含区县）户籍；3.须以最高学历所学主修专业报考；4.本单位最低服务年限为5年（含试用期）。"",""部门网站"":""https://snzd.stats.gov.cn/"",""咨询电话1"":""029-63913594"",""咨询电话2"":""029-63918750"",""咨询电话3"":""029-63913596"",""来源Sheet"":""中央国家行政机关参照公务员法管理事业单位""}}"
"government_jobs","国家公务员2024招考简章","公务员/事业单位技术岗位","陕西省宝鸡市眉县","2026-07-28T09:12:58.310295+00:00","眉县调查队一级科员","国家统计局陕西调查总队","","陕西省宝鸡市眉县","公务员/事业单位;2024;computer_software;data_ai;仅限本科;学士;统计学类（特设专业除外）、数学类（特设专业除外）、计算机类（特设专业除外）;市（地）级及以下直属机构综合管理类","用人司局：国家统计局陕西调查总队
职位简介：从事一线入户调查、数据处理、统计分析、统计研究等工作。
专业要求：统计学类（特设专业除外）、数学类（特设专业除外）、计算机类（特设专业除外）
学历要求：仅限本科
学位要求：学士
政治面貌：不限
基层工作经历：无限制
考试类别：市（地）级及以下直属机构综合管理类
备注：1.限招应届高校毕业生；2.限宝鸡市（含区县）户籍；3.须以最高学历所学主修专业报考；4.本单位最低服务年限为5年（含试用期）。","https://www.xuanhan.gov.cn/xxgk-show-77635.html#135127-400110127025","2023-10-15","{""dataset_year"":2024,""job_uid"":""GOV-2024-135127-400110127025"",""publisher"":""国家公务员局"",""publication_page"":""https://www.xuanhan.gov.cn/xxgk-show-77635.html"",""attachment_url"":""https://www.xuanhan.gov.cn/uploadfile/1/Attachment/638fdecf51.zip"",""local_source_file"":""中央机关及其直属机构2024年度考试录用公务员招考简章.xls"",""local_source_sha256"":""a1741b99dbecd6d03e533f99f2d69b0fa5a79733e551b80af69986ceed2ad996"",""source_sheet"":""中央国家行政机关参照公务员法管理事业单位"",""filter_version"":""government_tech_v2"",""tech_filter"":{""is_tech"":true,""is_core_tech"":true,""scope"":""core"",""categories"":[""computer_software"",""data_ai""],""matched_fields"":[""major"",""description""],""major_terms"":[""计算机类""],""role_terms"":[""数据处理""],""reason"":""tech_major_and_role""},""original"":{""部门代码"":""135127"",""部门名称"":""国家统计局陕西调查总队"",""用人司局"":""国家统计局陕西调查总队"",""机构性质"":""中央国家行政机关参照公务员法管理事业单位"",""招考职位"":""眉县调查队一级科员"",""职位属性"":""普通职位"",""职位分布"":""西部地区和艰苦边远地区职位"",""职位简介"":""从事一线入户调查、数据处理、统计分析、统计研究等工作。"",""职位代码"":""400110127025"",""机构层级"":""县（区）级及以下"",""考试类别"":""市（地）级及以下直属机构综合管理类"",""招考人数"":""2"",""专业"":""统计学类（特设专业除外）、数学类（特设专业除外）、计算机类（特设专业除外）"",""学历"":""仅限本科"",""学位"":""学士"",""政治面貌"":""不限"",""基层工作最低年限"":""无限制"",""服务基层项目工作经历"":""无限制"",""是否在面试阶段组织专业能力测试"":""否"",""面试人员比例"":""3:1"",""工作地点"":""陕西省宝鸡市眉县"",""落户地点"":""陕西省宝鸡市眉县"",""备注"":""1.限招应届高校毕业生；2.限宝鸡市（含区县）户籍；3.须以最高学历所学主修专业报考；4.本单位最低服务年限为5年（含试用期）。"",""部门网站"":""https://snzd.stats.gov.cn/"",""咨询电话1"":""029-63913594"",""咨询电话2"":""029-63918750"",""咨询电话3"":""029-63913596"",""来源Sheet"":""中央国家行政机关参照公务员法管理事业单位""}}"
"government_jobs","国家公务员2024招考简章","公务员/事业单位技术岗位","陕西省咸阳市三原县","2026-07-28T09:12:58.310295+00:00","三原调查队一级科员","国家统计局陕西调查总队","","陕西省咸阳市三原县","公务员/事业单位;2024;computer_software;data_ai;仅限本科;学士;统计学类（特设专业除外）、数学类（特设专业除外）、计算机类（特设专业除外）;市（地）级及以下直属机构综合管理类","用人司局：国家统计局陕西调查总队
职位简介：从事一线入户调查、数据处理、统计分析、统计研究等工作。
专业要求：统计学类（特设专业除外）、数学类（特设专业除外）、计算机类（特设专业除外）
学历要求：仅限本科
学位要求：学士
政治面貌：不限
基层工作经历：无限制
考试类别：市（地）级及以下直属机构综合管理类
备注：1.限招应届高校毕业生；2.限咸阳市（含区县）户籍；3.须以最高学历所学主修专业报考；4.本单位最低服务年限为5年（含试用期）。","https://www.xuanhan.gov.cn/xxgk-show-77635.html#135127-400110127026","2023-10-15","{""dataset_year"":2024,""job_uid"":""GOV-2024-135127-400110127026"",""publisher"":""国家公务员局"",""publication_page"":""https://www.xuanhan.gov.cn/xxgk-show-77635.html"",""attachment_url"":""https://www.xuanhan.gov.cn/uploadfile/1/Attachment/638fdecf51.zip"",""local_source_file"":""中央机关及其直属机构2024年度考试录用公务员招考简章.xls"",""local_source_sha256"":""a1741b99dbecd6d03e533f99f2d69b0fa5a79733e551b80af69986ceed2ad996"",""source_sheet"":""中央国家行政机关参照公务员法管理事业单位"",""filter_version"":""government_tech_v2"",""tech_filter"":{""is_tech"":true,""is_core_tech"":true,""scope"":""core"",""categories"":[""computer_software"",""data_ai""],""matched_fields"":[""major"",""description""],""major_terms"":[""计算机类""],""role_terms"":[""数据处理""],""reason"":""tech_major_and_role""},""original"":{""部门代码"":""135127"",""部门名称"":""国家统计局陕西调查总队"",""用人司局"":""国家统计局陕西调查总队"",""机构性质"":""中央国家行政机关参照公务员法管理事业单位"",""招考职位"":""三原调查队一级科员"",""职位属性"":""普通职位"",""职位分布"":""西部地区和艰苦边远地区职位"",""职位简介"":""从事一线入户调查、数据处理、统计分析、统计研究等工作。"",""职位代码"":""400110127026"",""机构层级"":""县（区）级及以下"",""考试类别"":""市（地）级及以下直属机构综合管理类"",""招考人数"":""1"",""专业"":""统计学类（特设专业除外）、数学类（特设专业除外）、计算机类（特设专业除外）"",""学历"":""仅限本科"",""学位"":""学士"",""政治面貌"":""不限"",""基层工作最低年限"":""无限制"",""服务基层项目工作经历"":""无限制"",""是否在面试阶段组织专业能力测试"":""否"",""面试人员比例"":""3:1"",""工作地点"":""陕西省咸阳市三原县"",""落户地点"":""陕西省咸阳市三原县"",""备注"":""1.限招应届高校毕业生；2.限咸阳市（含区县）户籍；3.须以最高学历所学主修专业报考；4.本单位最低服务年限为5年（含试用期）。"",""部门网站"":""https://snzd.stats.gov.cn/"",""咨询电话1"":""029-63913594"",""咨询电话2"":""029-63918750"",""咨询电话3"":""029-63913596"",""来源Sheet"":""中央国家行政机关参照公务员法管理事业单位""}}"
"government_jobs","国家公务员2024招考简章","公务员/事业单位技术岗位","陕西省咸阳市彬州市","2026-07-28T09:12:58.310295+00:00","彬州调查队一级科员","国家统计局陕西调查总队","","陕西省咸阳市彬州市","公务员/事业单位;2024;computer_software;data_ai;仅限本科;学士;统计学类（特设专业除外）、数学类（特设专业除外）、计算机类（特设专业除外）;市（地）级及以下直属机构综合管理类","用人司局：国家统计局陕西调查总队
职位简介：从事一线入户调查、数据处理、统计分析、统计研究等工作。
专业要求：统计学类（特设专业除外）、数学类（特设专业除外）、计算机类（特设专业除外）
学历要求：仅限本科
学位要求：学士
政治面貌：不限
基层工作经历：无限制
考试类别：市（地）级及以下直属机构综合管理类
备注：1.限招应届高校毕业生；2.限咸阳市（含区县）户籍；3.须以最高学历所学主修专业报考；4.本单位最低服务年限为5年（含试用期）。","https://www.xuanhan.gov.cn/xxgk-show-77635.html#135127-400110127027","2023-10-15","{""dataset_year"":2024,""job_uid"":""GOV-2024-135127-400110127027"",""publisher"":""国家公务员局"",""publication_page"":""https://www.xuanhan.gov.cn/xxgk-show-77635.html"",""attachment_url"":""https://www.xuanhan.gov.cn/uploadfile/1/Attachment/638fdecf51.zip"",""local_source_file"":""中央机关及其直属机构2024年度考试录用公务员招考简章.xls"",""local_source_sha256"":""a1741b99dbecd6d03e533f99f2d69b0fa5a79733e551b80af69986ceed2ad996"",""source_sheet"":""中央国家行政机关参照公务员法管理事业单位"",""filter_version"":""government_tech_v2"",""tech_filter"":{""is_tech"":true,""is_core_tech"":true,""scope"":""core"",""categories"":[""computer_software"",""data_ai""],""matched_fields"":[""major"",""description""],""major_terms"":[""计算机类""],""role_terms"":[""数据处理""],""reason"":""tech_major_and_role""},""original"":{""部门代码"":""135127"",""部门名称"":""国家统计局陕西调查总队"",""用人司局"":""国家统计局陕西调查总队"",""机构性质"":""中央国家行政机关参照公务员法管理事业单位"",""招考职位"":""彬州调查队一级科员"",""职位属性"":""普通职位"",""职位分布"":""西部地区和艰苦边远地区职位"",""职位简介"":""从事一线入户调查、数据处理、统计分析、统计研究等工作。"",""职位代码"":""400110127027"",""机构层级"":""县（区）级及以下"",""考试类别"":""市（地）级及以下直属机构综合管理类"",""招考人数"":""2"",""专业"":""统计学类（特设专业除外）、数学类（特设专业除外）、计算机类（特设专业除外）"",""学历"":""仅限本科"",""学位"":""学士"",""政治面貌"":""不限"",""基层工作最低年限"":""无限制"",""服务基层项目工作经历"":""无限制"",""是否在面试阶段组织专业能力测试"":""否"",""面试人员比例"":""3:1"",""工作地点"":""陕西省咸阳市彬州市"",""落户地点"":""陕西省咸阳市彬州市"",""备注"":""1.限招应届高校毕业生；2.限咸阳市（含区县）户籍；3.须以最高学历所学主修专业报考；4.本单位最低服务年限为5年（含试用期）。"",""部门网站"":""https://snzd.stats.gov.cn/"",""咨询电话1"":""029-63913594"",""咨询电话2"":""029-63918750"",""咨询电话3"":""029-63913596"",""来源Sheet"":""中央国家行政机关参照公务员法管理事业单位""}}"
"government_jobs","国家公务员2024招考简章","公务员/事业单位技术岗位","陕西省渭南市大荔县","2026-07-28T09:12:58.310295+00:00","大荔调查队一级科员","国家统计局陕西调查总队","","陕西省渭南市大荔县","公务员/事业单位;2024;computer_software;data_ai;仅限本科;学士;统计学类（特设专业除外）、数学类（特设专业除外）、计算机类（特设专业除外）;市（地）级及以下直属机构综合管理类","用人司局：国家统计局陕西调查总队
职位简介：从事一线入户调查、数据处理、统计分析、统计研究等工作。
专业要求：统计学类（特设专业除外）、数学类（特设专业除外）、计算机类（特设专业除外）
学历要求：仅限本科
学位要求：学士
政治面貌：不限
基层工作经历：无限制
考试类别：市（地）级及以下直属机构综合管理类
备注：1.限招应届高校毕业生；2.限渭南市（含区县）户籍；3.须以最高学历所学主修专业报考；4.本单位最低服务年限为5年（含试用期）。","https://www.xuanhan.gov.cn/xxgk-show-77635.html#135127-400110127028","2023-10-15","{""dataset_year"":2024,""job_uid"":""GOV-2024-135127-400110127028"",""publisher"":""国家公务员局"",""publication_page"":""https://www.xuanhan.gov.cn/xxgk-show-77635.html"",""attachment_url"":""https://www.xuanhan.gov.cn/uploadfile/1/Attachment/638fdecf51.zip"",""local_source_file"":""中央机关及其直属机构2024年度考试录用公务员招考简章.xls"",""local_source_sha256"":""a1741b99dbecd6d03e533f99f2d69b0fa5a79733e551b80af69986ceed2ad996"",""source_sheet"":""中央国家行政机关参照公务员法管理事业单位"",""filter_version"":""government_tech_v2"",""tech_filter"":{""is_tech"":true,""is_core_tech"":true,""scope"":""core"",""categories"":[""computer_software"",""data_ai""],""matched_fields"":[""major"",""description""],""major_terms"":[""计算机类""],""role_terms"":[""数据处理""],""reason"":""tech_major_and_role""},""original"":{""部门代码"":""135127"",""部门名称"":""国家统计局陕西调查总队"",""用人司局"":""国家统计局陕西调查总队"",""机构性质"":""中央国家行政机关参照公务员法管理事业单位"",""招考职位"":""大荔调查队一级科员"",""职位属性"":""普通职位"",""职位分布"":""西部地区和艰苦边远地区职位"",""职位简介"":""从事一线入户调查、数据处理、统计分析、统计研究等工作。"",""职位代码"":""400110127028"",""机构层级"":""县（区）级及以下"",""考试类别"":""市（地）级及以下直属机构综合管理类"",""招考人数"":""1"",""专业"":""统计学类（特设专业除外）、数学类（特设专业除外）、计算机类（特设专业除外）"",""学历"":""仅限本科"",""学位"":""学士"",""政治面貌"":""不限"",""基层工作最低年限"":""无限制"",""服务基层项目工作经历"":""无限制"",""是否在面试阶段组织专业能力测试"":""否"",""面试人员比例"":""3:1"",""工作地点"":""陕西省渭南市大荔县"",""落户地点"":""陕西省渭南市大荔县"",""备注"":""1.限招应届高校毕业生；2.限渭南市（含区县）户籍；3.须以最高学历所学主修专业报考；4.本单位最低服务年限为5年（含试用期）。"",""部门网站"":""https://snzd.stats.gov.cn/"",""咨询电话1"":""029-63913594"",""咨询电话2"":""029-63918750"",""咨询电话3"":""029-63913596"",""来源Sheet"":""中央国家行政机关参照公务员法管理事业单位""}}"
"government_jobs","国家公务员2024招考简章","公务员/事业单位技术岗位","陕西省渭南市合阳县","2026-07-28T09:12:58.310295+00:00","合阳调查队一级科员","国家统计局陕西调查总队","","陕西省渭南市合阳县","公务员/事业单位;2024;computer_software;data_ai;仅限本科;学士;统计学类（特设专业除外）、数学类（特设专业除外）、计算机类（特设专业除外）;市（地）级及以下直属机构综合管理类","用人司局：国家统计局陕西调查总队
职位简介：从事一线入户调查、数据处理、统计分析、统计研究等工作。
专业要求：统计学类（特设专业除外）、数学类（特设专业除外）、计算机类（特设专业除外）
学历要求：仅限本科
学位要求：学士
政治面貌：不限
基层工作经历：无限制
考试类别：市（地）级及以下直属机构综合管理类
备注：1.限招应届高校毕业生；2.限渭南市（含区县）户籍；3.须以最高学历所学主修专业报考；4.本单位最低服务年限为5年（含试用期）。","https://www.xuanhan.gov.cn/xxgk-show-77635.html#135127-400110127029","2023-10-15","{""dataset_year"":2024,""job_uid"":""GOV-2024-135127-400110127029"",""publisher"":""国家公务员局"",""publication_page"":""https://www.xuanhan.gov.cn/xxgk-show-77635.html"",""attachment_url"":""https://www.xuanhan.gov.cn/uploadfile/1/Attachment/638fdecf51.zip"",""local_source_file"":""中央机关及其直属机构2024年度考试录用公务员招考简章.xls"",""local_source_sha256"":""a1741b99dbecd6d03e533f99f2d69b0fa5a79733e551b80af69986ceed2ad996"",""source_sheet"":""中央国家行政机关参照公务员法管理事业单位"",""filter_version"":""government_tech_v2"",""tech_filter"":{""is_tech"":true,""is_core_tech"":true,""scope"":""core"",""categories"":[""computer_software"",""data_ai""],""matched_fields"":[""major"",""description""],""major_terms"":[""计算机类""],""role_terms"":[""数据处理""],""reason"":""tech_major_and_role""},""original"":{""部门代码"":""135127"",""部门名称"":""国家统计局陕西调查总队"",""用人司局"":""国家统计局陕西调查总队"",""机构性质"":""中央国家行政机关参照公务员法管理事业单位"",""招考职位"":""合阳调查队一级科员"",""职位属性"":""普通职位"",""职位分布"":""西部地区和艰苦边远地区职位"",""职位简介"":""从事一线入户调查、数据处理、统计分析、统计研究等工作。"",""职位代码"":""400110127029"",""机构层级"":""县（区）级及以下"",""考试类别"":""市（地）级及以下直属机构综合管理类"",""招考人数"":""1"",""专业"":""统计学类（特设专业除外）、数学类（特设专业除外）、计算机类（特设专业除外）"",""学历"":""仅限本科"",""学位"":""学士"",""政治面貌"":""不限"",""基层工作最低年限"":""无限制"",""服务基层项目工作经历"":""无限制"",""是否在面试阶段组织专业能力测试"":""否"",""面试人员比例"":""3:1"",""工作地点"":""陕西省渭南市合阳县"",""落户地点"":""陕西省渭南市合阳县"",""备注"":""1.限招应届高校毕业生；2.限渭南市（含区县）户籍；3.须以最高学历所学主修专业报考；4.本单位最低服务年限为5年（含试用期）。"",""部门网站"":""https://snzd.stats.gov.cn/"",""咨询电话1"":""029-63913594"",""咨询电话2"":""029-63918750"",""咨询电话3"":""029-63913596"",""来源Sheet"":""中央国家行政机关参照公务员法管理事业单位""}}"
"government_jobs","国家公务员2024招考简章","公务员/事业单位技术岗位","陕西省渭南市澄城县","2026-07-28T09:12:58.310295+00:00","澄城调查队一级科员","国家统计局陕西调查总队","","陕西省渭南市澄城县","公务员/事业单位;2024;computer_software;data_ai;仅限本科;学士;统计学类（特设专业除外）、数学类（特设专业除外）、计算机类（特设专业除外）;市（地）级及以下直属机构综合管理类","用人司局：国家统计局陕西调查总队
职位简介：从事一线入户调查、数据处理、统计分析、统计研究等工作。
专业要求：统计学类（特设专业除外）、数学类（特设专业除外）、计算机类（特设专业除外）
学历要求：仅限本科
学位要求：学士
政治面貌：不限
基层工作经历：无限制
考试类别：市（地）级及以下直属机构综合管理类
备注：1.限招应届高校毕业生；2.限渭南市（含区县）户籍；3.须以最高学历所学主修专业报考；4.本单位最低服务年限为5年（含试用期）。","https://www.xuanhan.gov.cn/xxgk-show-77635.html#135127-400110127030","2023-10-15","{""dataset_year"":2024,""job_uid"":""GOV-2024-135127-400110127030"",""publisher"":""国家公务员局"",""publication_page"":""https://www.xuanhan.gov.cn/xxgk-show-77635.html"",""attachment_url"":""https://www.xuanhan.gov.cn/uploadfile/1/Attachment/638fdecf51.zip"",""local_source_file"":""中央机关及其直属机构2024年度考试录用公务员招考简章.xls"",""local_source_sha256"":""a1741b99dbecd6d03e533f99f2d69b0fa5a79733e551b80af69986ceed2ad996"",""source_sheet"":""中央国家行政机关参照公务员法管理事业单位"",""filter_version"":""government_tech_v2"",""tech_filter"":{""is_tech"":true,""is_core_tech"":true,""scope"":""core"",""categories"":[""computer_software"",""data_ai""],""matched_fields"":[""major"",""description""],""major_terms"":[""计算机类""],""role_terms"":[""数据处理""],""reason"":""tech_major_and_role""},""original"":{""部门代码"":""135127"",""部门名称"":""国家统计局陕西调查总队"",""用人司局"":""国家统计局陕西调查总队"",""机构性质"":""中央国家行政机关参照公务员法管理事业单位"",""招考职位"":""澄城调查队一级科员"",""职位属性"":""普通职位"",""职位分布"":""西部地区和艰苦边远地区职位"",""职位简介"":""从事一线入户调查、数据处理、统计分析、统计研究等工作。"",""职位代码"":""400110127030"",""机构层级"":""县（区）级及以下"",""考试类别"":""市（地）级及以下直属机构综合管理类"",""招考人数"":""1"",""专业"":""统计学类（特设专业除外）、数学类（特设专业除外）、计算机类（特设专业除外）"",""学历"":""仅限本科"",""学位"":""学士"",""政治面貌"":""不限"",""基层工作最低年限"":""无限制"",""服务基层项目工作经历"":""无限制"",""是否在面试阶段组织专业能力测试"":""否"",""面试人员比例"":""3:1"",""工作地点"":""陕西省渭南市澄城县"",""落户地点"":""陕西省渭南市澄城县"",""备注"":""1.限招应届高校毕业生；2.限渭南市（含区县）户籍；3.须以最高学历所学主修专业报考；4.本单位最低服务年限为5年（含试用期）。"",""部门网站"":""https://snzd.stats.gov.cn/"",""咨询电话1"":""029-63913594"",""咨询电话2"":""029-63918750"",""咨询电话3"":""029-63913596"",""来源Sheet"":""中央国家行政机关参照公务员法管理事业单位""}}"
"government_jobs","国家公务员2024招考简章","公务员/事业单位技术岗位","陕西省渭南市蒲城县","2026-07-28T09:12:58.310295+00:00","蒲城调查队一级科员","国家统计局陕西调查总队","","陕西省渭南市蒲城县","公务员/事业单位;2024;computer_software;data_ai;仅限本科;学士;统计学类（特设专业除外）、数学类（特设专业除外）、计算机类（特设专业除外）;市（地）级及以下直属机构综合管理类","用人司局：国家统计局陕西调查总队
职位简介：从事一线入户调查、数据处理、统计分析、统计研究等工作。
专业要求：统计学类（特设专业除外）、数学类（特设专业除外）、计算机类（特设专业除外）
学历要求：仅限本科
学位要求：学士
政治面貌：不限
基层工作经历：无限制
考试类别：市（地）级及以下直属机构综合管理类
备注：1.限招应届高校毕业生；2.限渭南市（含区县）户籍；3.须以最高学历所学主修专业报考；4.本单位最低服务年限为5年（含试用期）。","https://www.xuanhan.gov.cn/xxgk-show-77635.html#135127-400110127031","2023-10-15","{""dataset_year"":2024,""job_uid"":""GOV-2024-135127-400110127031"",""publisher"":""国家公务员局"",""publication_page"":""https://www.xuanhan.gov.cn/xxgk-show-77635.html"",""attachment_url"":""https://www.xuanhan.gov.cn/uploadfile/1/Attachment/638fdecf51.zip"",""local_source_file"":""中央机关及其直属机构2024年度考试录用公务员招考简章.xls"",""local_source_sha256"":""a1741b99dbecd6d03e533f99f2d69b0fa5a79733e551b80af69986ceed2ad996"",""source_sheet"":""中央国家行政机关参照公务员法管理事业单位"",""filter_version"":""government_tech_v2"",""tech_filter"":{""is_tech"":true,""is_core_tech"":true,""scope"":""core"",""categories"":[""computer_software"",""data_ai""],""matched_fields"":[""major"",""description""],""major_terms"":[""计算机类""],""role_terms"":[""数据处理""],""reason"":""tech_major_and_role""},""original"":{""部门代码"":""135127"",""部门名称"":""国家统计局陕西调查总队"",""用人司局"":""国家统计局陕西调查总队"",""机构性质"":""中央国家行政机关参照公务员法管理事业单位"",""招考职位"":""蒲城调查队一级科员"",""职位属性"":""普通职位"",""职位分布"":""西部地区和艰苦边远地区职位"",""职位简介"":""从事一线入户调查、数据处理、统计分析、统计研究等工作。"",""职位代码"":""400110127031"",""机构层级"":""县（区）级及以下"",""考试类别"":""市（地）级及以下直属机构综合管理类"",""招考人数"":""1"",""专业"":""统计学类（特设专业除外）、数学类（特设专业除外）、计算机类（特设专业除外）"",""学历"":""仅限本科"",""学位"":""学士"",""政治面貌"":""不限"",""基层工作最低年限"":""无限制"",""服务基层项目工作经历"":""无限制"",""是否在面试阶段组织专业能力测试"":""否"",""面试人员比例"":""3:1"",""工作地点"":""陕西省渭南市蒲城县"",""落户地点"":""陕西省渭南市蒲城县"",""备注"":""1.限招应届高校毕业生；2.限渭南市（含区县）户籍；3.须以最高学历所学主修专业报考；4.本单位最低服务年限为5年（含试用期）。"",""部门网站"":""https://snzd.stats.gov.cn/"",""咨询电话1"":""029-63913594"",""咨询电话2"":""029-63918750"",""咨询电话3"":""029-63913596"",""来源Sheet"":""中央国家行政机关参照公务员法管理事业单位""}}"
"government_jobs","国家公务员2024招考简章","公务员/事业单位技术岗位","陕西省渭南市富平县","2026-07-28T09:12:58.310295+00:00","富平调查队一级科员","国家统计局陕西调查总队","","陕西省渭南市富平县","公务员/事业单位;2024;computer_software;data_ai;仅限本科;学士;统计学类（特设专业除外）、数学类（特设专业除外）、计算机类（特设专业除外）;市（地）级及以下直属机构综合管理类","用人司局：国家统计局陕西调查总队
职位简介：从事一线入户调查、数据处理、统计分析、统计研究等工作。
专业要求：统计学类（特设专业除外）、数学类（特设专业除外）、计算机类（特设专业除外）
学历要求：仅限本科
学位要求：学士
政治面貌：不限
基层工作经历：无限制
考试类别：市（地）级及以下直属机构综合管理类
备注：1.限招应届高校毕业生；2.限渭南市（含区县）户籍；3.须以最高学历所学主修专业报考；4.本单位最低服务年限为5年（含试用期）。","https://www.xuanhan.gov.cn/xxgk-show-77635.html#135127-400110127032","2023-10-15","{""dataset_year"":2024,""job_uid"":""GOV-2024-135127-400110127032"",""publisher"":""国家公务员局"",""publication_page"":""https://www.xuanhan.gov.cn/xxgk-show-77635.html"",""attachment_url"":""https://www.xuanhan.gov.cn/uploadfile/1/Attachment/638fdecf51.zip"",""local_source_file"":""中央机关及其直属机构2024年度考试录用公务员招考简章.xls"",""local_source_sha256"":""a1741b99dbecd6d03e533f99f2d69b0fa5a79733e551b80af69986ceed2ad996"",""source_sheet"":""中央国家行政机关参照公务员法管理事业单位"",""filter_version"":""government_tech_v2"",""tech_filter"":{""is_tech"":true,""is_core_tech"":true,""scope"":""core"",""categories"":[""computer_software"",""data_ai""],""matched_fields"":[""major"",""description""],""major_terms"":[""计算机类""],""role_terms"":[""数据处理""],""reason"":""tech_major_and_role""},""original"":{""部门代码"":""135127"",""部门名称"":""国家统计局陕西调查总队"",""用人司局"":""国家统计局陕西调查总队"",""机构性质"":""中央国家行政机关参照公务员法管理事业单位"",""招考职位"":""富平调查队一级科员"",""职位属性"":""普通职位"",""职位分布"":""西部地区和艰苦边远地区职位"",""职位简介"":""从事一线入户调查、数据处理、统计分析、统计研究等工作。"",""职位代码"":""400110127032"",""机构层级"":""县（区）级及以下"",""考试类别"":""市（地）级及以下直属机构综合管理类"",""招考人数"":""1"",""专业"":""统计学类（特设专业除外）、数学类（特设专业除外）、计算机类（特设专业除外）"",""学历"":""仅限本科"",""学位"":""学士"",""政治面貌"":""不限"",""基层工作最低年限"":""无限制"",""服务基层项目工作经历"":""无限制"",""是否在面试阶段组织专业能力测试"":""否"",""面试人员比例"":""3:1"",""工作地点"":""陕西省渭南市富平县"",""落户地点"":""陕西省渭南市富平县"",""备注"":""1.限招应届高校毕业生；2.限渭南市（含区县）户籍；3.须以最高学历所学主修专业报考；4.本单位最低服务年限为5年（含试用期）。"",""部门网站"":""https://snzd.stats.gov.cn/"",""咨询电话1"":""029-63913594"",""咨询电话2"":""029-63918750"",""咨询电话3"":""029-63913596"",""来源Sheet"":""中央国家行政机关参照公务员法管理事业单位""}}"
"government_jobs","国家公务员2024招考简章","公务员/事业单位技术岗位","陕西省延安市子长市","2026-07-28T09:12:58.310295+00:00","子长调查队一级科员","国家统计局陕西调查总队","","陕西省延安市子长市","公务员/事业单位;2024;computer_software;data_ai;仅限本科;学士;统计学类（特设专业除外）、数学类（特设专业除外）、计算机类（特设专业除外）;市（地）级及以下直属机构综合管理类","用人司局：国家统计局陕西调查总队
职位简介：从事一线入户调查、数据处理、统计分析、统计研究等工作。
专业要求：统计学类（特设专业除外）、数学类（特设专业除外）、计算机类（特设专业除外）
学历要求：仅限本科
学位要求：学士
政治面貌：不限
基层工作经历：无限制
考试类别：市（地）级及以下直属机构综合管理类
备注：1.限招应届高校毕业生；2.限延安市（含区县）户籍；3.须以最高学历所学主修专业报考；4.本单位最低服务年限为5年（含试用期）。","https://www.xuanhan.gov.cn/xxgk-show-77635.html#135127-400110127033","2023-10-15","{""dataset_year"":2024,""job_uid"":""GOV-2024-135127-400110127033"",""publisher"":""国家公务员局"",""publication_page"":""https://www.xuanhan.gov.cn/xxgk-show-77635.html"",""attachment_url"":""https://www.xuanhan.gov.cn/uploadfile/1/Attachment/638fdecf51.zip"",""local_source_file"":""中央机关及其直属机构2024年度考试录用公务员招考简章.xls"",""local_source_sha256"":""a1741b99dbecd6d03e533f99f2d69b0fa5a79733e551b80af69986ceed2ad996"",""source_sheet"":""中央国家行政机关参照公务员法管理事业单位"",""filter_version"":""government_tech_v2"",""tech_filter"":{""is_tech"":true,""is_core_tech"":true,""scope"":""core"",""categories"":[""computer_software"",""data_ai""],""matched_fields"":[""major"",""description""],""major_terms"":[""计算机类""],""role_terms"":[""数据处理""],""reason"":""tech_major_and_role""},""original"":{""部门代码"":""135127"",""部门名称"":""国家统计局陕西调查总队"",""用人司局"":""国家统计局陕西调查总队"",""机构性质"":""中央国家行政机关参照公务员法管理事业单位"",""招考职位"":""子长调查队一级科员"",""职位属性"":""普通职位"",""职位分布"":""西部地区和艰苦边远地区职位"",""职位简介"":""从事一线入户调查、数据处理、统计分析、统计研究等工作。"",""职位代码"":""400110127033"",""机构层级"":""县（区）级及以下"",""考试类别"":""市（地）级及以下直属机构综合管理类"",""招考人数"":""3"",""专业"":""统计学类（特设专业除外）、数学类（特设专业除外）、计算机类（特设专业除外）"",""学历"":""仅限本科"",""学位"":""学士"",""政治面貌"":""不限"",""基层工作最低年限"":""无限制"",""服务基层项目工作经历"":""无限制"",""是否在面试阶段组织专业能力测试"":""否"",""面试人员比例"":""3:1"",""工作地点"":""陕西省延安市子长市"",""落户地点"":""陕西省延安市子长市"",""备注"":""1.限招应届高校毕业生；2.限延安市（含区县）户籍；3.须以最高学历所学主修专业报考；4.本单位最低服务年限为5年（含试用期）。"",""部门网站"":""https://snzd.stats.gov.cn/"",""咨询电话1"":""029-63913594"",""咨询电话2"":""029-63918750"",""咨询电话3"":""029-63913596"",""来源Sheet"":""中央国家行政机关参照公务员法管理事业单位""}}"
"government_jobs","国家公务员2024招考简章","公务员/事业单位技术岗位","陕西省延安市黄陵县","2026-07-28T09:12:58.310295+00:00","黄陵调查队一级科员","国家统计局陕西调查总队","","陕西省延安市黄陵县","公务员/事业单位;2024;computer_software;data_ai;仅限本科;学士;统计学类（特设专业除外）、数学类（特设专业除外）、计算机类（特设专业除外）;市（地）级及以下直属机构综合管理类","用人司局：国家统计局陕西调查总队
职位简介：从事一线入户调查、数据处理、统计分析、统计研究等工作。
专业要求：统计学类（特设专业除外）、数学类（特设专业除外）、计算机类（特设专业除外）
学历要求：仅限本科
学位要求：学士
政治面貌：不限
基层工作经历：无限制
考试类别：市（地）级及以下直属机构综合管理类
备注：1.限招应届高校毕业生；2.限延安市（含区县）户籍；3.须以最高学历所学主修专业报考；4.本单位最低服务年限为5年（含试用期）。","https://www.xuanhan.gov.cn/xxgk-show-77635.html#135127-400110127034","2023-10-15","{""dataset_year"":2024,""job_uid"":""GOV-2024-135127-400110127034"",""publisher"":""国家公务员局"",""publication_page"":""https://www.xuanhan.gov.cn/xxgk-show-77635.html"",""attachment_url"":""https://www.xuanhan.gov.cn/uploadfile/1/Attachment/638fdecf51.zip"",""local_source_file"":""中央机关及其直属机构2024年度考试录用公务员招考简章.xls"",""local_source_sha256"":""a1741b99dbecd6d03e533f99f2d69b0fa5a79733e551b80af69986ceed2ad996"",""source_sheet"":""中央国家行政机关参照公务员法管理事业单位"",""filter_version"":""government_tech_v2"",""tech_filter"":{""is_tech"":true,""is_core_tech"":true,""scope"":""core"",""categories"":[""computer_software"",""data_ai""],""matched_fields"":[""major"",""description""],""major_terms"":[""计算机类""],""role_terms"":[""数据处理""],""reason"":""tech_major_and_role""},""original"":{""部门代码"":""135127"",""部门名称"":""国家统计局陕西调查总队"",""用人司局"":""国家统计局陕西调查总队"",""机构性质"":""中央国家行政机关参照公务员法管理事业单位"",""招考职位"":""黄陵调查队一级科员"",""职位属性"":""普通职位"",""职位分布"":""西部地区和艰苦边远地区职位"",""职位简介"":""从事一线入户调查、数据处理、统计分析、统计研究等工作。"",""职位代码"":""400110127034"",""机构层级"":""县（区）级及以下"",""考试类别"":""市（地）级及以下直属机构综合管理类"",""招考人数"":""1"",""专业"":""统计学类（特设专业除外）、数学类（特设专业除外）、计算机类（特设专业除外）"",""学历"":""仅限本科"",""学位"":""学士"",""政治面貌"":""不限"",""基层工作最低年限"":""无限制"",""服务基层项目工作经历"":""无限制"",""是否在面试阶段组织专业能力测试"":""否"",""面试人员比例"":""3:1"",""工作地点"":""陕西省延安市黄陵县"",""落户地点"":""陕西省延安市黄陵县"",""备注"":""1.限招应届高校毕业生；2.限延安市（含区县）户籍；3.须以最高学历所学主修专业报考；4.本单位最低服务年限为5年（含试用期）。"",""部门网站"":""https://snzd.stats.gov.cn/"",""咨询电话1"":""029-63913594"",""咨询电话2"":""029-63918750"",""咨询电话3"":""029-63913596"",""来源Sheet"":""中央国家行政机关参照公务员法管理事业单位""}}"
"government_jobs","国家公务员2024招考简章","公务员/事业单位技术岗位","陕西省汉中市城固县","2026-07-28T09:12:58.310295+00:00","城固调查队一级科员","国家统计局陕西调查总队","","陕西省汉中市城固县","公务员/事业单位;2024;computer_software;data_ai;仅限本科;学士;统计学类（特设专业除外）、数学类（特设专业除外）、计算机类（特设专业除外）;市（地）级及以下直属机构综合管理类","用人司局：国家统计局陕西调查总队
职位简介：从事一线入户调查、数据处理、统计分析、统计研究等工作。
专业要求：统计学类（特设专业除外）、数学类（特设专业除外）、计算机类（特设专业除外）
学历要求：仅限本科
学位要求：学士
政治面貌：不限
基层工作经历：无限制
考试类别：市（地）级及以下直属机构综合管理类
备注：1.限招应届高校毕业生；2.限汉中市（含区县）户籍；3.须以最高学历所学主修专业报考；4.本单位最低服务年限为5年（含试用期）。","https://www.xuanhan.gov.cn/xxgk-show-77635.html#135127-400110127035","2023-10-15","{""dataset_year"":2024,""job_uid"":""GOV-2024-135127-400110127035"",""publisher"":""国家公务员局"",""publication_page"":""https://www.xuanhan.gov.cn/xxgk-show-77635.html"",""attachment_url"":""https://www.xuanhan.gov.cn/uploadfile/1/Attachment/638fdecf51.zip"",""local_source_file"":""中央机关及其直属机构2024年度考试录用公务员招考简章.xls"",""local_source_sha256"":""a1741b99dbecd6d03e533f99f2d69b0fa5a79733e551b80af69986ceed2ad996"",""source_sheet"":""中央国家行政机关参照公务员法管理事业单位"",""filter_version"":""government_tech_v2"",""tech_filter"":{""is_tech"":true,""is_core_tech"":true,""scope"":""core"",""categories"":[""computer_software"",""data_ai""],""matched_fields"":[""major"",""description""],""major_terms"":[""计算机类""],""role_terms"":[""数据处理""],""reason"":""tech_major_and_role""},""original"":{""部门代码"":""135127"",""部门名称"":""国家统计局陕西调查总队"",""用人司局"":""国家统计局陕西调查总队"",""机构性质"":""中央国家行政机关参照公务员法管理事业单位"",""招考职位"":""城固调查队一级科员"",""职位属性"":""普通职位"",""职位分布"":""西部地区和艰苦边远地区职位"",""职位简介"":""从事一线入户调查、数据处理、统计分析、统计研究等工作。"",""职位代码"":""400110127035"",""机构层级"":""县（区）级及以下"",""考试类别"":""市（地）级及以下直属机构综合管理类"",""招考人数"":""2"",""专业"":""统计学类（特设专业除外）、数学类（特设专业除外）、计算机类（特设专业除外）"",""学历"":""仅限本科"",""学位"":""学士"",""政治面貌"":""不限"",""基层工作最低年限"":""无限制"",""服务基层项目工作经历"":""无限制"",""是否在面试阶段组织专业能力测试"":""否"",""面试人员比例"":""3:1"",""工作地点"":""陕西省汉中市城固县"",""落户地点"":""陕西省汉中市城固县"",""备注"":""1.限招应届高校毕业生；2.限汉中市（含区县）户籍；3.须以最高学历所学主修专业报考；4.本单位最低服务年限为5年（含试用期）。"",""部门网站"":""https://snzd.stats.gov.cn/"",""咨询电话1"":""029-63913594"",""咨询电话2"":""029-63918750"",""咨询电话3"":""029-63913596"",""来源Sheet"":""中央国家行政机关参照公务员法管理事业单位""}}"
"government_jobs","国家公务员2024招考简章","公务员/事业单位技术岗位","陕西省汉中市勉县","2026-07-28T09:12:58.310295+00:00","勉县调查队一级科员","国家统计局陕西调查总队","","陕西省汉中市勉县","公务员/事业单位;2024;computer_software;data_ai;仅限本科;学士;统计学类（特设专业除外）、数学类（特设专业除外）、计算机类（特设专业除外）;市（地）级及以下直属机构综合管理类","用人司局：国家统计局陕西调查总队
职位简介：从事一线入户调查、数据处理、统计分析、统计研究等工作。
专业要求：统计学类（特设专业除外）、数学类（特设专业除外）、计算机类（特设专业除外）
学历要求：仅限本科
学位要求：学士
政治面貌：不限
基层工作经历：无限制
考试类别：市（地）级及以下直属机构综合管理类
备注：1.限招应届高校毕业生；2.限汉中市（含区县）户籍；3.须以最高学历所学主修专业报考；4.本单位最低服务年限为5年（含试用期）。","https://www.xuanhan.gov.cn/xxgk-show-77635.html#135127-400110127036","2023-10-15","{""dataset_year"":2024,""job_uid"":""GOV-2024-135127-400110127036"",""publisher"":""国家公务员局"",""publication_page"":""https://www.xuanhan.gov.cn/xxgk-show-77635.html"",""attachment_url"":""https://www.xuanhan.gov.cn/uploadfile/1/Attachment/638fdecf51.zip"",""local_source_file"":""中央机关及其直属机构2024年度考试录用公务员招考简章.xls"",""local_source_sha256"":""a1741b99dbecd6d03e533f99f2d69b0fa5a79733e551b80af69986ceed2ad996"",""source_sheet"":""中央国家行政机关参照公务员法管理事业单位"",""filter_version"":""government_tech_v2"",""tech_filter"":{""is_tech"":true,""is_core_tech"":true,""scope"":""core"",""categories"":[""computer_software"",""data_ai""],""matched_fields"":[""major"",""description""],""major_terms"":[""计算机类""],""role_terms"":[""数据处理""],""reason"":""tech_major_and_role""},""original"":{""部门代码"":""135127"",""部门名称"":""国家统计局陕西调查总队"",""用人司局"":""国家统计局陕西调查总队"",""机构性质"":""中央国家行政机关参照公务员法管理事业单位"",""招考职位"":""勉县调查队一级科员"",""职位属性"":""普通职位"",""职位分布"":""西部地区和艰苦边远地区职位"",""职位简介"":""从事一线入户调查、数据处理、统计分析、统计研究等工作。"",""职位代码"":""400110127036"",""机构层级"":""县（区）级及以下"",""考试类别"":""市（地）级及以下直属机构综合管理类"",""招考人数"":""2"",""专业"":""统计学类（特设专业除外）、数学类（特设专业除外）、计算机类（特设专业除外）"",""学历"":""仅限本科"",""学位"":""学士"",""政治面貌"":""不限"",""基层工作最低年限"":""无限制"",""服务基层项目工作经历"":""无限制"",""是否在面试阶段组织专业能力测试"":""否"",""面试人员比例"":""3:1"",""工作地点"":""陕西省汉中市勉县"",""落户地点"":""陕西省汉中市勉县"",""备注"":""1.限招应届高校毕业生；2.限汉中市（含区县）户籍；3.须以最高学历所学主修专业报考；4.本单位最低服务年限为5年（含试用期）。"",""部门网站"":""https://snzd.stats.gov.cn/"",""咨询电话1"":""029-63913594"",""咨询电话2"":""029-63918750"",""咨询电话3"":""029-63913596"",""来源Sheet"":""中央国家行政机关参照公务员法管理事业单位""}}"
"government_jobs","国家公务员2024招考简章","公务员/事业单位技术岗位","陕西省榆林市定边县","2026-07-28T09:12:58.310295+00:00","定边调查队一级科员","国家统计局陕西调查总队","","陕西省榆林市定边县","公务员/事业单位;2024;computer_software;data_ai;仅限本科;学士;统计学类（特设专业除外）、数学类（特设专业除外）、计算机类（特设专业除外）;市（地）级及以下直属机构综合管理类","用人司局：国家统计局陕西调查总队
职位简介：从事一线入户调查、数据处理、统计分析、统计研究等工作。
专业要求：统计学类（特设专业除外）、数学类（特设专业除外）、计算机类（特设专业除外）
学历要求：仅限本科
学位要求：学士
政治面貌：不限
基层工作经历：无限制
考试类别：市（地）级及以下直属机构综合管理类
备注：1.限招应届高校毕业生；2.限榆林市（含区县）户籍；3.须以最高学历所学主修专业报考；4.本单位最低服务年限为5年（含试用期）。","https://www.xuanhan.gov.cn/xxgk-show-77635.html#135127-400110127037","2023-10-15","{""dataset_year"":2024,""job_uid"":""GOV-2024-135127-400110127037"",""publisher"":""国家公务员局"",""publication_page"":""https://www.xuanhan.gov.cn/xxgk-show-77635.html"",""attachment_url"":""https://www.xuanhan.gov.cn/uploadfile/1/Attachment/638fdecf51.zip"",""local_source_file"":""中央机关及其直属机构2024年度考试录用公务员招考简章.xls"",""local_source_sha256"":""a1741b99dbecd6d03e533f99f2d69b0fa5a79733e551b80af69986ceed2ad996"",""source_sheet"":""中央国家行政机关参照公务员法管理事业单位"",""filter_version"":""government_tech_v2"",""tech_filter"":{""is_tech"":true,""is_core_tech"":true,""scope"":""core"",""categories"":[""computer_software"",""data_ai""],""matched_fields"":[""major"",""description""],""major_terms"":[""计算机类""],""role_terms"":[""数据处理""],""reason"":""tech_major_and_role""},""original"":{""部门代码"":""135127"",""部门名称"":""国家统计局陕西调查总队"",""用人司局"":""国家统计局陕西调查总队"",""机构性质"":""中央国家行政机关参照公务员法管理事业单位"",""招考职位"":""定边调查队一级科员"",""职位属性"":""普通职位"",""职位分布"":""西部地区和艰苦边远地区职位"",""职位简介"":""从事一线入户调查、数据处理、统计分析、统计研究等工作。"",""职位代码"":""400110127037"",""机构层级"":""县（区）级及以下"",""考试类别"":""市（地）级及以下直属机构综合管理类"",""招考人数"":""1"",""专业"":""统计学类（特设专业除外）、数学类（特设专业除外）、计算机类（特设专业除外）"",""学历"":""仅限本科"",""学位"":""学士"",""政治面貌"":""不限"",""基层工作最低年限"":""无限制"",""服务基层项目工作经历"":""无限制"",""是否在面试阶段组织专业能力测试"":""否"",""面试人员比例"":""3:1"",""工作地点"":""陕西省榆林市定边县"",""落户地点"":""陕西省榆林市定边县"",""备注"":""1.限招应届高校毕业生；2.限榆林市（含区县）户籍；3.须以最高学历所学主修专业报考；4.本单位最低服务年限为5年（含试用期）。"",""部门网站"":""https://snzd.stats.gov.cn/"",""咨询电话1"":""029-63913594"",""咨询电话2"":""029-63918750"",""咨询电话3"":""029-63913596"",""来源Sheet"":""中央国家行政机关参照公务员法管理事业单位""}}"
"government_jobs","国家公务员2024招考简章","公务员/事业单位技术岗位","陕西省榆林市绥德县","2026-07-28T09:12:58.310295+00:00","绥德调查队一级科员","国家统计局陕西调查总队","","陕西省榆林市绥德县","公务员/事业单位;2024;computer_software;data_ai;仅限本科;学士;统计学类（特设专业除外）、数学类（特设专业除外）、计算机类（特设专业除外）;市（地）级及以下直属机构综合管理类","用人司局：国家统计局陕西调查总队
职位简介：从事一线入户调查、数据处理、统计分析、统计研究等工作。
专业要求：统计学类（特设专业除外）、数学类（特设专业除外）、计算机类（特设专业除外）
学历要求：仅限本科
学位要求：学士
政治面貌：不限
基层工作经历：无限制
考试类别：市（地）级及以下直属机构综合管理类
备注：1.限招应届高校毕业生；2.限榆林市（含区县）户籍；3.须以最高学历所学主修专业报考；4.本单位最低服务年限为5年（含试用期）。","https://www.xuanhan.gov.cn/xxgk-show-77635.html#135127-400110127038","2023-10-15","{""dataset_year"":2024,""job_uid"":""GOV-2024-135127-400110127038"",""publisher"":""国家公务员局"",""publication_page"":""https://www.xuanhan.gov.cn/xxgk-show-77635.html"",""attachment_url"":""https://www.xuanhan.gov.cn/uploadfile/1/Attachment/638fdecf51.zip"",""local_source_file"":""中央机关及其直属机构2024年度考试录用公务员招考简章.xls"",""local_source_sha256"":""a1741b99dbecd6d03e533f99f2d69b0fa5a79733e551b80af69986ceed2ad996"",""source_sheet"":""中央国家行政机关参照公务员法管理事业单位"",""filter_version"":""government_tech_v2"",""tech_filter"":{""is_tech"":true,""is_core_tech"":true,""scope"":""core"",""categories"":[""computer_software"",""data_ai""],""matched_fields"":[""major"",""description""],""major_terms"":[""计算机类""],""role_terms"":[""数据处理""],""reason"":""tech_major_and_role""},""original"":{""部门代码"":""135127"",""部门名称"":""国家统计局陕西调查总队"",""用人司局"":""国家统计局陕西调查总队"",""机构性质"":""中央国家行政机关参照公务员法管理事业单位"",""招考职位"":""绥德调查队一级科员"",""职位属性"":""普通职位"",""职位分布"":""西部地区和艰苦边远地区职位"",""职位简介"":""从事一线入户调查、数据处理、统计分析、统计研究等工作。"",""职位代码"":""400110127038"",""机构层级"":""县（区）级及以下"",""考试类别"":""市（地）级及以下直属机构综合管理类"",""招考人数"":""2"",""专业"":""统计学类（特设专业除外）、数学类（特设专业除外）、计算机类（特设专业除外）"",""学历"":""仅限本科"",""学位"":""学士"",""政治面貌"":""不限"",""基层工作最低年限"":""无限制"",""服务基层项目工作经历"":""无限制"",""是否在面试阶段组织专业能力测试"":""否"",""面试人员比例"":""3:1"",""工作地点"":""陕西省榆林市绥德县"",""落户地点"":""陕西省榆林市绥德县"",""备注"":""1.限招应届高校毕业生；2.限榆林市（含区县）户籍；3.须以最高学历所学主修专业报考；4.本单位最低服务年限为5年（含试用期）。"",""部门网站"":""https://snzd.stats.gov.cn/"",""咨询电话1"":""029-63913594"",""咨询电话2"":""029-63918750"",""咨询电话3"":""029-63913596"",""来源Sheet"":""中央国家行政机关参照公务员法管理事业单位""}}"
"government_jobs","国家公务员2024招考简章","公务员/事业单位技术岗位","陕西省榆林市清涧县","2026-07-28T09:12:58.310295+00:00","清涧调查队一级科员","国家统计局陕西调查总队","","陕西省榆林市清涧县","公务员/事业单位;2024;computer_software;data_ai;仅限本科;学士;统计学类（特设专业除外）、数学类（特设专业除外）、计算机类（特设专业除外）;市（地）级及以下直属机构综合管理类","用人司局：国家统计局陕西调查总队
职位简介：从事一线入户调查、数据处理、统计分析、统计研究等工作。
专业要求：统计学类（特设专业除外）、数学类（特设专业除外）、计算机类（特设专业除外）
学历要求：仅限本科
学位要求：学士
政治面貌：不限
基层工作经历：无限制
考试类别：市（地）级及以下直属机构综合管理类
备注：1.限招应届高校毕业生；2.限榆林市（含区县）户籍；3.须以最高学历所学主修专业报考；4.本单位最低服务年限为5年（含试用期）。","https://www.xuanhan.gov.cn/xxgk-show-77635.html#135127-400110127039","2023-10-15","{""dataset_year"":2024,""job_uid"":""GOV-2024-135127-400110127039"",""publisher"":""国家公务员局"",""publication_page"":""https://www.xuanhan.gov.cn/xxgk-show-77635.html"",""attachment_url"":""https://www.xuanhan.gov.cn/uploadfile/1/Attachment/638fdecf51.zip"",""local_source_file"":""中央机关及其直属机构2024年度考试录用公务员招考简章.xls"",""local_source_sha256"":""a1741b99dbecd6d03e533f99f2d69b0fa5a79733e551b80af69986ceed2ad996"",""source_sheet"":""中央国家行政机关参照公务员法管理事业单位"",""filter_version"":""government_tech_v2"",""tech_filter"":{""is_tech"":true,""is_core_tech"":true,""scope"":""core"",""categories"":[""computer_software"",""data_ai""],""matched_fields"":[""major"",""description""],""major_terms"":[""计算机类""],""role_terms"":[""数据处理""],""reason"":""tech_major_and_role""},""original"":{""部门代码"":""135127"",""部门名称"":""国家统计局陕西调查总队"",""用人司局"":""国家统计局陕西调查总队"",""机构性质"":""中央国家行政机关参照公务员法管理事业单位"",""招考职位"":""清涧调查队一级科员"",""职位属性"":""普通职位"",""职位分布"":""西部地区和艰苦边远地区职位"",""职位简介"":""从事一线入户调查、数据处理、统计分析、统计研究等工作。"",""职位代码"":""400110127039"",""机构层级"":""县（区）级及以下"",""考试类别"":""市（地）级及以下直属机构综合管理类"",""招考人数"":""3"",""专业"":""统计学类（特设专业除外）、数学类（特设专业除外）、计算机类（特设专业除外）"",""学历"":""仅限本科"",""学位"":""学士"",""政治面貌"":""不限"",""基层工作最低年限"":""无限制"",""服务基层项目工作经历"":""无限制"",""是否在面试阶段组织专业能力测试"":""否"",""面试人员比例"":""3:1"",""工作地点"":""陕西省榆林市清涧县"",""落户地点"":""陕西省榆林市清涧县"",""备注"":""1.限招应届高校毕业生；2.限榆林市（含区县）户籍；3.须以最高学历所学主修专业报考；4.本单位最低服务年限为5年（含试用期）。"",""部门网站"":""https://snzd.stats.gov.cn/"",""咨询电话1"":""029-63913594"",""咨询电话2"":""029-63918750"",""咨询电话3"":""029-63913596"",""来源Sheet"":""中央国家行政机关参照公务员法管理事业单位""}}"
"government_jobs","国家公务员2024招考简章","公务员/事业单位技术岗位","陕西省榆林市子洲县","2026-07-28T09:12:58.310295+00:00","子洲调查队一级科员","国家统计局陕西调查总队","","陕西省榆林市子洲县","公务员/事业单位;2024;computer_software;data_ai;仅限本科;学士;统计学类（特设专业除外）、数学类（特设专业除外）、计算机类（特设专业除外）;市（地）级及以下直属机构综合管理类","用人司局：国家统计局陕西调查总队
职位简介：从事一线入户调查、数据处理、统计分析、统计研究等工作。
专业要求：统计学类（特设专业除外）、数学类（特设专业除外）、计算机类（特设专业除外）
学历要求：仅限本科
学位要求：学士
政治面貌：不限
基层工作经历：无限制
考试类别：市（地）级及以下直属机构综合管理类
备注：1.限招应届高校毕业生；2.限榆林市（含区县）户籍；3.须以最高学历所学主修专业报考；4.本单位最低服务年限为5年（含试用期）。","https://www.xuanhan.gov.cn/xxgk-show-77635.html#135127-400110127040","2023-10-15","{""dataset_year"":2024,""job_uid"":""GOV-2024-135127-400110127040"",""publisher"":""国家公务员局"",""publication_page"":""https://www.xuanhan.gov.cn/xxgk-show-77635.html"",""attachment_url"":""https://www.xuanhan.gov.cn/uploadfile/1/Attachment/638fdecf51.zip"",""local_source_file"":""中央机关及其直属机构2024年度考试录用公务员招考简章.xls"",""local_source_sha256"":""a1741b99dbecd6d03e533f99f2d69b0fa5a79733e551b80af69986ceed2ad996"",""source_sheet"":""中央国家行政机关参照公务员法管理事业单位"",""filter_version"":""government_tech_v2"",""tech_filter"":{""is_tech"":true,""is_core_tech"":true,""scope"":""core"",""categories"":[""computer_software"",""data_ai""],""matched_fields"":[""major"",""description""],""major_terms"":[""计算机类""],""role_terms"":[""数据处理""],""reason"":""tech_major_and_role""},""original"":{""部门代码"":""135127"",""部门名称"":""国家统计局陕西调查总队"",""用人司局"":""国家统计局陕西调查总队"",""机构性质"":""中央国家行政机关参照公务员法管理事业单位"",""招考职位"":""子洲调查队一级科员"",""职位属性"":""普通职位"",""职位分布"":""西部地区和艰苦边远地区职位"",""职位简介"":""从事一线入户调查、数据处理、统计分析、统计研究等工作。"",""职位代码"":""400110127040"",""机构层级"":""县（区）级及以下"",""考试类别"":""市（地）级及以下直属机构综合管理类"",""招考人数"":""1"",""专业"":""统计学类（特设专业除外）、数学类（特设专业除外）、计算机类（特设专业除外）"",""学历"":""仅限本科"",""学位"":""学士"",""政治面貌"":""不限"",""基层工作最低年限"":""无限制"",""服务基层项目工作经历"":""无限制"",""是否在面试阶段组织专业能力测试"":""否"",""面试人员比例"":""3:1"",""工作地点"":""陕西省榆林市子洲县"",""落户地点"":""陕西省榆林市子洲县"",""备注"":""1.限招应届高校毕业生；2.限榆林市（含区县）户籍；3.须以最高学历所学主修专业报考；4.本单位最低服务年限为5年（含试用期）。"",""部门网站"":""https://snzd.stats.gov.cn/"",""咨询电话1"":""029-63913594"",""咨询电话2"":""029-63918750"",""咨询电话3"":""029-63913596"",""来源Sheet"":""中央国家行政机关参照公务员法管理事业单位""}}"
"government_jobs","国家公务员2024招考简章","公务员/事业单位技术岗位","陕西省榆林市神木市","2026-07-28T09:12:58.310295+00:00","神木调查队一级科员","国家统计局陕西调查总队","","陕西省榆林市神木市","公务员/事业单位;2024;computer_software;data_ai;仅限本科;学士;统计学类（特设专业除外）、数学类（特设专业除外）、计算机类（特设专业除外）;市（地）级及以下直属机构综合管理类","用人司局：国家统计局陕西调查总队
职位简介：从事一线入户调查、数据处理、统计分析、统计研究等工作。
专业要求：统计学类（特设专业除外）、数学类（特设专业除外）、计算机类（特设专业除外）
学历要求：仅限本科
学位要求：学士
政治面貌：不限
基层工作经历：无限制
考试类别：市（地）级及以下直属机构综合管理类
备注：1.限招应届高校毕业生；2.限榆林市（含区县）户籍；3.须以最高学历所学主修专业报考；4.本单位最低服务年限为5年（含试用期）。","https://www.xuanhan.gov.cn/xxgk-show-77635.html#135127-400110127041","2023-10-15","{""dataset_year"":2024,""job_uid"":""GOV-2024-135127-400110127041"",""publisher"":""国家公务员局"",""publication_page"":""https://www.xuanhan.gov.cn/xxgk-show-77635.html"",""attachment_url"":""https://www.xuanhan.gov.cn/uploadfile/1/Attachment/638fdecf51.zip"",""local_source_file"":""中央机关及其直属机构2024年度考试录用公务员招考简章.xls"",""local_source_sha256"":""a1741b99dbecd6d03e533f99f2d69b0fa5a79733e551b80af69986ceed2ad996"",""source_sheet"":""中央国家行政机关参照公务员法管理事业单位"",""filter_version"":""government_tech_v2"",""tech_filter"":{""is_tech"":true,""is_core_tech"":true,""scope"":""core"",""categories"":[""computer_software"",""data_ai""],""matched_fields"":[""major"",""description""],""major_terms"":[""计算机类""],""role_terms"":[""数据处理""],""reason"":""tech_major_and_role""},""original"":{""部门代码"":""135127"",""部门名称"":""国家统计局陕西调查总队"",""用人司局"":""国家统计局陕西调查总队"",""机构性质"":""中央国家行政机关参照公务员法管理事业单位"",""招考职位"":""神木调查队一级科员"",""职位属性"":""普通职位"",""职位分布"":""西部地区和艰苦边远地区职位"",""职位简介"":""从事一线入户调查、数据处理、统计分析、统计研究等工作。"",""职位代码"":""400110127041"",""机构层级"":""县（区）级及以下"",""考试类别"":""市（地）级及以下直属机构综合管理类"",""招考人数"":""1"",""专业"":""统计学类（特设专业除外）、数学类（特设专业除外）、计算机类（特设专业除外）"",""学历"":""仅限本科"",""学位"":""学士"",""政治面貌"":""不限"",""基层工作最低年限"":""无限制"",""服务基层项目工作经历"":""无限制"",""是否在面试阶段组织专业能力测试"":""否"",""面试人员比例"":""3:1"",""工作地点"":""陕西省榆林市神木市"",""落户地点"":""陕西省榆林市神木市"",""备注"":""1.限招应届高校毕业生；2.限榆林市（含区县）户籍；3.须以最高学历所学主修专业报考；4.本单位最低服务年限为5年（含试用期）。"",""部门网站"":""https://snzd.stats.gov.cn/"",""咨询电话1"":""029-63913594"",""咨询电话2"":""029-63918750"",""咨询电话3"":""029-63913596"",""来源Sheet"":""中央国家行政机关参照公务员法管理事业单位""}}"
"government_jobs","国家公务员2024招考简章","公务员/事业单位技术岗位","陕西省安康市紫阳县","2026-07-28T09:12:58.310295+00:00","紫阳调查队一级科员","国家统计局陕西调查总队","","陕西省安康市紫阳县","公务员/事业单位;2024;computer_software;data_ai;仅限本科;学士;统计学类（特设专业除外）、数学类（特设专业除外）、计算机类（特设专业除外）;市（地）级及以下直属机构综合管理类","用人司局：国家统计局陕西调查总队
职位简介：从事一线入户调查、数据处理、统计分析、统计研究等工作。
专业要求：统计学类（特设专业除外）、数学类（特设专业除外）、计算机类（特设专业除外）
学历要求：仅限本科
学位要求：学士
政治面貌：不限
基层工作经历：无限制
考试类别：市（地）级及以下直属机构综合管理类
备注：1.限招应届高校毕业生；2.限安康市（含区县）户籍；3.须以最高学历所学主修专业报考；4.本单位最低服务年限为5年（含试用期）。","https://www.xuanhan.gov.cn/xxgk-show-77635.html#135127-400110127042","2023-10-15","{""dataset_year"":2024,""job_uid"":""GOV-2024-135127-400110127042"",""publisher"":""国家公务员局"",""publication_page"":""https://www.xuanhan.gov.cn/xxgk-show-77635.html"",""attachment_url"":""https://www.xuanhan.gov.cn/uploadfile/1/Attachment/638fdecf51.zip"",""local_source_file"":""中央机关及其直属机构2024年度考试录用公务员招考简章.xls"",""local_source_sha256"":""a1741b99dbecd6d03e533f99f2d69b0fa5a79733e551b80af69986ceed2ad996"",""source_sheet"":""中央国家行政机关参照公务员法管理事业单位"",""filter_version"":""government_tech_v2"",""tech_filter"":{""is_tech"":true,""is_core_tech"":true,""scope"":""core"",""categories"":[""computer_software"",""data_ai""],""matched_fields"":[""major"",""description""],""major_terms"":[""计算机类""],""role_terms"":[""数据处理""],""reason"":""tech_major_and_role""},""original"":{""部门代码"":""135127"",""部门名称"":""国家统计局陕西调查总队"",""用人司局"":""国家统计局陕西调查总队"",""机构性质"":""中央国家行政机关参照公务员法管理事业单位"",""招考职位"":""紫阳调查队一级科员"",""职位属性"":""普通职位"",""职位分布"":""西部地区和艰苦边远地区职位"",""职位简介"":""从事一线入户调查、数据处理、统计分析、统计研究等工作。"",""职位代码"":""400110127042"",""机构层级"":""县（区）级及以下"",""考试类别"":""市（地）级及以下直属机构综合管理类"",""招考人数"":""1"",""专业"":""统计学类（特设专业除外）、数学类（特设专业除外）、计算机类（特设专业除外）"",""学历"":""仅限本科"",""学位"":""学士"",""政治面貌"":""不限"",""基层工作最低年限"":""无限制"",""服务基层项目工作经历"":""无限制"",""是否在面试阶段组织专业能力测试"":""否"",""面试人员比例"":""3:1"",""工作地点"":""陕西省安康市紫阳县"",""落户地点"":""陕西省安康市紫阳县"",""备注"":""1.限招应届高校毕业生；2.限安康市（含区县）户籍；3.须以最高学历所学主修专业报考；4.本单位最低服务年限为5年（含试用期）。"",""部门网站"":""https://snzd.stats.gov.cn/"",""咨询电话1"":""029-63913594"",""咨询电话2"":""029-63918750"",""咨询电话3"":""029-63913596"",""来源Sheet"":""中央国家行政机关参照公务员法管理事业单位""}}"
"government_jobs","国家公务员2024招考简章","公务员/事业单位技术岗位","陕西省商洛市洛南县","2026-07-28T09:12:58.310295+00:00","洛南调查队一级科员","国家统计局陕西调查总队","","陕西省商洛市洛南县","公务员/事业单位;2024;computer_software;data_ai;仅限本科;学士;统计学类（特设专业除外）、数学类（特设专业除外）、计算机类（特设专业除外）;市（地）级及以下直属机构综合管理类","用人司局：国家统计局陕西调查总队
职位简介：从事一线入户调查、数据处理、统计分析、统计研究等工作。
专业要求：统计学类（特设专业除外）、数学类（特设专业除外）、计算机类（特设专业除外）
学历要求：仅限本科
学位要求：学士
政治面貌：不限
基层工作经历：无限制
考试类别：市（地）级及以下直属机构综合管理类
备注：1.限招应届高校毕业生；2.限商洛市（含区县）户籍；3.须以最高学历所学主修专业报考；4.本单位最低服务年限为5年（含试用期）。","https://www.xuanhan.gov.cn/xxgk-show-77635.html#135127-400110127043","2023-10-15","{""dataset_year"":2024,""job_uid"":""GOV-2024-135127-400110127043"",""publisher"":""国家公务员局"",""publication_page"":""https://www.xuanhan.gov.cn/xxgk-show-77635.html"",""attachment_url"":""https://www.xuanhan.gov.cn/uploadfile/1/Attachment/638fdecf51.zip"",""local_source_file"":""中央机关及其直属机构2024年度考试录用公务员招考简章.xls"",""local_source_sha256"":""a1741b99dbecd6d03e533f99f2d69b0fa5a79733e551b80af69986ceed2ad996"",""source_sheet"":""中央国家行政机关参照公务员法管理事业单位"",""filter_version"":""government_tech_v2"",""tech_filter"":{""is_tech"":true,""is_core_tech"":true,""scope"":""core"",""categories"":[""computer_software"",""data_ai""],""matched_fields"":[""major"",""description""],""major_terms"":[""计算机类""],""role_terms"":[""数据处理""],""reason"":""tech_major_and_role""},""original"":{""部门代码"":""135127"",""部门名称"":""国家统计局陕西调查总队"",""用人司局"":""国家统计局陕西调查总队"",""机构性质"":""中央国家行政机关参照公务员法管理事业单位"",""招考职位"":""洛南调查队一级科员"",""职位属性"":""普通职位"",""职位分布"":""西部地区和艰苦边远地区职位"",""职位简介"":""从事一线入户调查、数据处理、统计分析、统计研究等工作。"",""职位代码"":""400110127043"",""机构层级"":""县（区）级及以下"",""考试类别"":""市（地）级及以下直属机构综合管理类"",""招考人数"":""1"",""专业"":""统计学类（特设专业除外）、数学类（特设专业除外）、计算机类（特设专业除外）"",""学历"":""仅限本科"",""学位"":""学士"",""政治面貌"":""不限"",""基层工作最低年限"":""无限制"",""服务基层项目工作经历"":""无限制"",""是否在面试阶段组织专业能力测试"":""否"",""面试人员比例"":""3:1"",""工作地点"":""陕西省商洛市洛南县"",""落户地点"":""陕西省商洛市洛南县"",""备注"":""1.限招应届高校毕业生；2.限商洛市（含区县）户籍；3.须以最高学历所学主修专业报考；4.本单位最低服务年限为5年（含试用期）。"",""部门网站"":""https://snzd.stats.gov.cn/"",""咨询电话1"":""029-63913594"",""咨询电话2"":""029-63918750"",""咨询电话3"":""029-63913596"",""来源Sheet"":""中央国家行政机关参照公务员法管理事业单位""}}"
"government_jobs","国家公务员2024招考简章","公务员/事业单位技术岗位","陕西省商洛市商南县","2026-07-28T09:12:58.310295+00:00","商南调查队一级科员","国家统计局陕西调查总队","","陕西省商洛市商南县","公务员/事业单位;2024;computer_software;data_ai;仅限本科;学士;统计学类（特设专业除外）、数学类（特设专业除外）、计算机类（特设专业除外）;市（地）级及以下直属机构综合管理类","用人司局：国家统计局陕西调查总队
职位简介：从事一线入户调查、数据处理、统计分析、统计研究等工作。
专业要求：统计学类（特设专业除外）、数学类（特设专业除外）、计算机类（特设专业除外）
学历要求：仅限本科
学位要求：学士
政治面貌：不限
基层工作经历：无限制
考试类别：市（地）级及以下直属机构综合管理类
备注：1.限招应届高校毕业生；2.限商洛市（含区县）户籍；3.须以最高学历所学主修专业报考；4.本单位最低服务年限为5年（含试用期）。","https://www.xuanhan.gov.cn/xxgk-show-77635.html#135127-400110127044","2023-10-15","{""dataset_year"":2024,""job_uid"":""GOV-2024-135127-400110127044"",""publisher"":""国家公务员局"",""publication_page"":""https://www.xuanhan.gov.cn/xxgk-show-77635.html"",""attachment_url"":""https://www.xuanhan.gov.cn/uploadfile/1/Attachment/638fdecf51.zip"",""local_source_file"":""中央机关及其直属机构2024年度考试录用公务员招考简章.xls"",""local_source_sha256"":""a1741b99dbecd6d03e533f99f2d69b0fa5a79733e551b80af69986ceed2ad996"",""source_sheet"":""中央国家行政机关参照公务员法管理事业单位"",""filter_version"":""government_tech_v2"",""tech_filter"":{""is_tech"":true,""is_core_tech"":true,""scope"":""core"",""categories"":[""computer_software"",""data_ai""],""matched_fields"":[""major"",""description""],""major_terms"":[""计算机类""],""role_terms"":[""数据处理""],""reason"":""tech_major_and_role""},""original"":{""部门代码"":""135127"",""部门名称"":""国家统计局陕西调查总队"",""用人司局"":""国家统计局陕西调查总队"",""机构性质"":""中央国家行政机关参照公务员法管理事业单位"",""招考职位"":""商南调查队一级科员"",""职位属性"":""普通职位"",""职位分布"":""西部地区和艰苦边远地区职位"",""职位简介"":""从事一线入户调查、数据处理、统计分析、统计研究等工作。"",""职位代码"":""400110127044"",""机构层级"":""县（区）级及以下"",""考试类别"":""市（地）级及以下直属机构综合管理类"",""招考人数"":""2"",""专业"":""统计学类（特设专业除外）、数学类（特设专业除外）、计算机类（特设专业除外）"",""学历"":""仅限本科"",""学位"":""学士"",""政治面貌"":""不限"",""基层工作最低年限"":""无限制"",""服务基层项目工作经历"":""无限制"",""是否在面试阶段组织专业能力测试"":""否"",""面试人员比例"":""3:1"",""工作地点"":""陕西省商洛市商南县"",""落户地点"":""陕西省商洛市商南县"",""备注"":""1.限招应届高校毕业生；2.限商洛市（含区县）户籍；3.须以最高学历所学主修专业报考；4.本单位最低服务年限为5年（含试用期）。"",""部门网站"":""https://snzd.stats.gov.cn/"",""咨询电话1"":""029-63913594"",""咨询电话2"":""029-63918750"",""咨询电话3"":""029-63913596"",""来源Sheet"":""中央国家行政机关参照公务员法管理事业单位""}}"
"government_jobs","国家公务员2024招考简章","公务员/事业单位技术岗位","陕西省西安市","2026-07-28T09:12:58.310295+00:00","西安调查队业务处室二级主任科员及以下","国家统计局陕西调查总队","","陕西省西安市","公务员/事业单位;2024;computer_software;data_ai;仅限硕士研究生;硕士;统计学（0714）、数学（0701）、计算机科学与技术（0812）;中央机关及其省级直属机构综合管理类","用人司局：国家统计局陕西调查总队
职位简介：从事统计调查、数据处理、统计分析、统计研究等工作。
专业要求：统计学（0714）、数学（0701）、计算机科学与技术（0812）
学历要求：仅限硕士研究生
学位要求：硕士
政治面貌：不限
基层工作经历：无限制
考试类别：中央机关及其省级直属机构综合管理类
备注：1.须以最高学历所学主修专业报考；2.本单位最低服务年限为5年（含试用期）。","https://www.xuanhan.gov.cn/xxgk-show-77635.html#135127-400110127045","2023-10-15","{""dataset_year"":2024,""job_uid"":""GOV-2024-135127-400110127045"",""publisher"":""国家公务员局"",""publication_page"":""https://www.xuanhan.gov.cn/xxgk-show-77635.html"",""attachment_url"":""https://www.xuanhan.gov.cn/uploadfile/1/Attachment/638fdecf51.zip"",""local_source_file"":""中央机关及其直属机构2024年度考试录用公务员招考简章.xls"",""local_source_sha256"":""a1741b99dbecd6d03e533f99f2d69b0fa5a79733e551b80af69986ceed2ad996"",""source_sheet"":""中央国家行政机关参照公务员法管理事业单位"",""filter_version"":""government_tech_v2"",""tech_filter"":{""is_tech"":true,""is_core_tech"":true,""scope"":""core"",""categories"":[""computer_software"",""data_ai""],""matched_fields"":[""major"",""description""],""major_terms"":[""计算机科学与技术""],""role_terms"":[""数据处理""],""reason"":""tech_major_and_role""},""original"":{""部门代码"":""135127"",""部门名称"":""国家统计局陕西调查总队"",""用人司局"":""国家统计局陕西调查总队"",""机构性质"":""中央国家行政机关参照公务员法管理事业单位"",""招考职位"":""西安调查队业务处室二级主任科员及以下"",""职位属性"":""普通职位"",""职位分布"":""其他职位"",""职位简介"":""从事统计调查、数据处理、统计分析、统计研究等工作。"",""职位代码"":""400110127045"",""机构层级"":""省（副省）级"",""考试类别"":""中央机关及其省级直属机构综合管理类"",""招考人数"":""4"",""专业"":""统计学（0714）、数学（0701）、计算机科学与技术（0812）"",""学历"":""仅限硕士研究生"",""学位"":""硕士"",""政治面貌"":""不限"",""基层工作最低年限"":""无限制"",""服务基层项目工作经历"":""无限制"",""是否在面试阶段组织专业能力测试"":""否"",""面试人员比例"":""5:1"",""工作地点"":""陕西省西安市"",""落户地点"":""陕西省西安市"",""备注"":""1.须以最高学历所学主修专业报考；2.本单位最低服务年限为5年（含试用期）。"",""部门网站"":""https://snzd.stats.gov.cn/"",""咨询电话1"":""029-63913594"",""咨询电话2"":""029-63918750"",""咨询电话3"":""029-63913596"",""来源Sheet"":""中央国家行政机关参照公务员法管理事业单位""}}"
"government_jobs","国家公务员2024招考简章","公务员/事业单位技术岗位","甘肃省兰州市","2026-07-28T09:12:58.310295+00:00","甘肃调查总队业务处室一级主任科员及以下","国家统计局甘肃调查总队","","甘肃省兰州市","公务员/事业单位;2024;computer_software;data_ai;硕士研究生及以上;与最高学历相对应的学位;应用经济学、统计学、应用统计、数学、计算机科学与技术;中央机关及其省级直属机构综合管理类","用人司局：国家统计局甘肃调查总队
职位简介：从事统计调查、数据处理、统计分析、统计研究等工作.
专业要求：应用经济学、统计学、应用统计、数学、计算机科学与技术
学历要求：硕士研究生及以上
学位要求：与最高学历相对应的学位
政治面貌：不限
基层工作经历：无限制
考试类别：中央机关及其省级直属机构综合管理类
备注：本单位最低服务年限为5年（含试用期）。各学习阶段均获得相应学历学位。","https://www.xuanhan.gov.cn/xxgk-show-77635.html#135128-400110128001","2023-10-15","{""dataset_year"":2024,""job_uid"":""GOV-2024-135128-400110128001"",""publisher"":""国家公务员局"",""publication_page"":""https://www.xuanhan.gov.cn/xxgk-show-77635.html"",""attachment_url"":""https://www.xuanhan.gov.cn/uploadfile/1/Attachment/638fdecf51.zip"",""local_source_file"":""中央机关及其直属机构2024年度考试录用公务员招考简章.xls"",""local_source_sha256"":""a1741b99dbecd6d03e533f99f2d69b0fa5a79733e551b80af69986ceed2ad996"",""source_sheet"":""中央国家行政机关参照公务员法管理事业单位"",""filter_version"":""government_tech_v2"",""tech_filter"":{""is_tech"":true,""is_core_tech"":true,""scope"":""core"",""categories"":[""computer_software"",""data_ai""],""matched_fields"":[""major"",""description""],""major_terms"":[""计算机科学与技术""],""role_terms"":[""数据处理""],""reason"":""tech_major_and_role""},""original"":{""部门代码"":""135128"",""部门名称"":""国家统计局甘肃调查总队"",""用人司局"":""国家统计局甘肃调查总队"",""机构性质"":""中央国家行政机关参照公务员法管理事业单位"",""招考职位"":""甘肃调查总队业务处室一级主任科员及以下"",""职位属性"":""普通职位"",""职位分布"":""其他职位"",""职位简介"":""从事统计调查、数据处理、统计分析、统计研究等工作."",""职位代码"":""400110128001"",""机构层级"":""省（副省）级"",""考试类别"":""中央机关及其省级直属机构综合管理类"",""招考人数"":""4"",""专业"":""应用经济学、统计学、应用统计、数学、计算机科学与技术"",""学历"":""硕士研究生及以上"",""学位"":""与最高学历相对应的学位"",""政治面貌"":""不限"",""基层工作最低年限"":""无限制"",""服务基层项目工作经历"":""无限制"",""是否在面试阶段组织专业能力测试"":""否"",""面试人员比例"":""5:1"",""工作地点"":""甘肃省兰州市"",""落户地点"":""甘肃省兰州市"",""备注"":""本单位最低服务年限为5年（含试用期）。各学习阶段均获得相应学历学位。"",""部门网站"":""无"",""咨询电话1"":""0931-8711758"",""咨询电话2"":""0931-8711759"",""咨询电话3"":"""",""来源Sheet"":""中央国家行政机关参照公务员法管理事业单位""}}"
"government_jobs","国家公务员2024招考简章","公务员/事业单位技术岗位","甘肃省兰州市","2026-07-28T09:12:58.310295+00:00","兰州调查队业务科室二级主任科员及以下","国家统计局甘肃调查总队","","甘肃省兰州市","公务员/事业单位;2024;computer_software;data_ai;仅限硕士研究生;硕士;统计学、应用统计、数学、计算机科学与技术、社会学;市（地）级及以下直属机构综合管理类","用人司局：国家统计局甘肃调查总队
职位简介：从事一线入户调查、数据处理、统计分析、统计研究等工作
专业要求：统计学、应用统计、数学、计算机科学与技术、社会学
学历要求：仅限硕士研究生
学位要求：硕士
政治面貌：不限
基层工作经历：无限制
考试类别：市（地）级及以下直属机构综合管理类
备注：本单位最低服务年限为5年（含试用期）。各学习阶段均获得相应学历学位。","https://www.xuanhan.gov.cn/xxgk-show-77635.html#135128-400110128002","2023-10-15","{""dataset_year"":2024,""job_uid"":""GOV-2024-135128-400110128002"",""publisher"":""国家公务员局"",""publication_page"":""https://www.xuanhan.gov.cn/xxgk-show-77635.html"",""attachment_url"":""https://www.xuanhan.gov.cn/uploadfile/1/Attachment/638fdecf51.zip"",""local_source_file"":""中央机关及其直属机构2024年度考试录用公务员招考简章.xls"",""local_source_sha256"":""a1741b99dbecd6d03e533f99f2d69b0fa5a79733e551b80af69986ceed2ad996"",""source_sheet"":""中央国家行政机关参照公务员法管理事业单位"",""filter_version"":""government_tech_v2"",""tech_filter"":{""is_tech"":true,""is_core_tech"":true,""scope"":""core"",""categories"":[""computer_software"",""data_ai""],""matched_fields"":[""major"",""description""],""major_terms"":[""计算机科学与技术""],""role_terms"":[""数据处理""],""reason"":""tech_major_and_role""},""original"":{""部门代码"":""135128"",""部门名称"":""国家统计局甘肃调查总队"",""用人司局"":""国家统计局甘肃调查总队"",""机构性质"":""中央国家行政机关参照公务员法管理事业单位"",""招考职位"":""兰州调查队业务科室二级主任科员及以下"",""职位属性"":""普通职位"",""职位分布"":""西部地区和艰苦边远地区职位"",""职位简介"":""从事一线入户调查、数据处理、统计分析、统计研究等工作"",""职位代码"":""400110128002"",""机构层级"":""市（地）级"",""考试类别"":""市（地）级及以下直属机构综合管理类"",""招考人数"":""2"",""专业"":""统计学、应用统计、数学、计算机科学与技术、社会学"",""学历"":""仅限硕士研究生"",""学位"":""硕士"",""政治面貌"":""不限"",""基层工作最低年限"":""无限制"",""服务基层项目工作经历"":""无限制"",""是否在面试阶段组织专业能力测试"":""否"",""面试人员比例"":""3:1"",""工作地点"":""甘肃省兰州市"",""落户地点"":""甘肃省兰州市"",""备注"":""本单位最低服务年限为5年（含试用期）。各学习阶段均获得相应学历学位。"",""部门网站"":""无"",""咨询电话1"":""0931-8711758"",""咨询电话2"":""0931-8711759"",""咨询电话3"":"""",""来源Sheet"":""中央国家行政机关参照公务员法管理事业单位""}}"
"government_jobs","国家公务员2024招考简章","公务员/事业单位技术岗位","甘肃省金昌市","2026-07-28T09:12:58.310295+00:00","金昌调查队业务科室二级主任科员及以下","国家统计局甘肃调查总队","","甘肃省金昌市","公务员/事业单位;2024;computer_software;data_ai;本科及以上;与最高学历相对应的学位;统计学类、经济学类、计算机类（电影制作专业除外）、中国语言文学类（手语翻译专业除外）、社会学;市（地）级及以下直属机构综合管理类","用人司局：国家统计局甘肃调查总队
职位简介：从事一线入户调查、数据处理、统计分析、统计研究等工作
专业要求：统计学类、经济学类、计算机类（电影制作专业除外）、中国语言文学类（手语翻译专业除外）、社会学
学历要求：本科及以上
学位要求：与最高学历相对应的学位
政治面貌：不限
基层工作经历：无限制
考试类别：市（地）级及以下直属机构综合管理类
备注：1.本单位最低服务年限为5年（含试用期）；2.专业设置以《普通高等学校本科专业目录》为准。须以最高学历学位主修专业报考，各学习阶段均获得相应学历学位。","https://www.xuanhan.gov.cn/xxgk-show-77635.html#135128-400110128003","2023-10-15","{""dataset_year"":2024,""job_uid"":""GOV-2024-135128-400110128003"",""publisher"":""国家公务员局"",""publication_page"":""https://www.xuanhan.gov.cn/xxgk-show-77635.html"",""attachment_url"":""https://www.xuanhan.gov.cn/uploadfile/1/Attachment/638fdecf51.zip"",""local_source_file"":""中央机关及其直属机构2024年度考试录用公务员招考简章.xls"",""local_source_sha256"":""a1741b99dbecd6d03e533f99f2d69b0fa5a79733e551b80af69986ceed2ad996"",""source_sheet"":""中央国家行政机关参照公务员法管理事业单位"",""filter_version"":""government_tech_v2"",""tech_filter"":{""is_tech"":true,""is_core_tech"":true,""scope"":""core"",""categories"":[""computer_software"",""data_ai""],""matched_fields"":[""major"",""description""],""major_terms"":[""计算机类""],""role_terms"":[""数据处理""],""reason"":""tech_major_and_role""},""original"":{""部门代码"":""135128"",""部门名称"":""国家统计局甘肃调查总队"",""用人司局"":""国家统计局甘肃调查总队"",""机构性质"":""中央国家行政机关参照公务员法管理事业单位"",""招考职位"":""金昌调查队业务科室二级主任科员及以下"",""职位属性"":""普通职位"",""职位分布"":""西部地区和艰苦边远地区职位"",""职位简介"":""从事一线入户调查、数据处理、统计分析、统计研究等工作"",""职位代码"":""400110128003"",""机构层级"":""市（地）级"",""考试类别"":""市（地）级及以下直属机构综合管理类"",""招考人数"":""1"",""专业"":""统计学类、经济学类、计算机类（电影制作专业除外）、中国语言文学类（手语翻译专业除外）、社会学"",""学历"":""本科及以上"",""学位"":""与最高学历相对应的学位"",""政治面貌"":""不限"",""基层工作最低年限"":""无限制"",""服务基层项目工作经历"":""无限制"",""是否在面试阶段组织专业能力测试"":""否"",""面试人员比例"":""3:1"",""工作地点"":""甘肃省金昌市"",""落户地点"":""甘肃省金昌市"",""备注"":""1.本单位最低服务年限为5年（含试用期）；2.专业设置以《普通高等学校本科专业目录》为准。须以最高学历学位主修专业报考，各学习阶段均获得相应学历学位。"",""部门网站"":""无"",""咨询电话1"":""0931-8711758"",""咨询电话2"":""0931-8711759"",""咨询电话3"":"""",""来源Sheet"":""中央国家行政机关参照公务员法管理事业单位""}}"
"government_jobs","国家公务员2024招考简章","公务员/事业单位技术岗位","甘肃省酒泉市","2026-07-28T09:12:58.310295+00:00","酒泉调查队业务科室二级主任科员及以下","国家统计局甘肃调查总队","","甘肃省酒泉市","公务员/事业单位;2024;computer_software;data_ai;本科及以上;与最高学历相对应的学位;统计学类、数学类、计算机类（电影制作专业除外）、社会学;市（地）级及以下直属机构综合管理类","用人司局：国家统计局甘肃调查总队
职位简介：从事一线入户调查、数据处理、统计分析、统计研究等工作。
专业要求：统计学类、数学类、计算机类（电影制作专业除外）、社会学
学历要求：本科及以上
学位要求：与最高学历相对应的学位
政治面貌：不限
基层工作经历：无限制
考试类别：市（地）级及以下直属机构综合管理类
备注：1.本单位最低服务年限为5年（含试用期）；2.专业设置以《普通高等学校本科专业目录》为准。须以最高学历学位主修专业报考，各学习阶段均获得相应学历学位。","https://www.xuanhan.gov.cn/xxgk-show-77635.html#135128-400110128004","2023-10-15","{""dataset_year"":2024,""job_uid"":""GOV-2024-135128-400110128004"",""publisher"":""国家公务员局"",""publication_page"":""https://www.xuanhan.gov.cn/xxgk-show-77635.html"",""attachment_url"":""https://www.xuanhan.gov.cn/uploadfile/1/Attachment/638fdecf51.zip"",""local_source_file"":""中央机关及其直属机构2024年度考试录用公务员招考简章.xls"",""local_source_sha256"":""a1741b99dbecd6d03e533f99f2d69b0fa5a79733e551b80af69986ceed2ad996"",""source_sheet"":""中央国家行政机关参照公务员法管理事业单位"",""filter_version"":""government_tech_v2"",""tech_filter"":{""is_tech"":true,""is_core_tech"":true,""scope"":""core"",""categories"":[""computer_software"",""data_ai""],""matched_fields"":[""major"",""description""],""major_terms"":[""计算机类""],""role_terms"":[""数据处理""],""reason"":""tech_major_and_role""},""original"":{""部门代码"":""135128"",""部门名称"":""国家统计局甘肃调查总队"",""用人司局"":""国家统计局甘肃调查总队"",""机构性质"":""中央国家行政机关参照公务员法管理事业单位"",""招考职位"":""酒泉调查队业务科室二级主任科员及以下"",""职位属性"":""普通职位"",""职位分布"":""西部地区和艰苦边远地区职位"",""职位简介"":""从事一线入户调查、数据处理、统计分析、统计研究等工作。"",""职位代码"":""400110128004"",""机构层级"":""市（地）级"",""考试类别"":""市（地）级及以下直属机构综合管理类"",""招考人数"":""1"",""专业"":""统计学类、数学类、计算机类（电影制作专业除外）、社会学"",""学历"":""本科及以上"",""学位"":""与最高学历相对应的学位"",""政治面貌"":""不限"",""基层工作最低年限"":""无限制"",""服务基层项目工作经历"":""无限制"",""是否在面试阶段组织专业能力测试"":""否"",""面试人员比例"":""3:1"",""工作地点"":""甘肃省酒泉市"",""落户地点"":""甘肃省酒泉市"",""备注"":""1.本单位最低服务年限为5年（含试用期）；2.专业设置以《普通高等学校本科专业目录》为准。须以最高学历学位主修专业报考，各学习阶段均获得相应学历学位。"",""部门网站"":""无"",""咨询电话1"":""0931-8711758"",""咨询电话2"":""0931-8711759"",""咨询电话3"":"""",""来源Sheet"":""中央国家行政机关参照公务员法管理事业单位""}}"
"government_jobs","国家公务员2024招考简章","公务员/事业单位技术岗位","甘肃省临夏回族自治州","2026-07-28T09:12:58.310295+00:00","临夏调查队业务科室二级主任科员及以下","国家统计局甘肃调查总队","","甘肃省临夏回族自治州","公务员/事业单位;2024;computer_software;data_ai;本科及以上;与最高学历相对应的学位;经济学类、统计类、中国语言文学类（手语翻译专业除外）、计算机类（电影制作专业除外）、会计学、社会学;市（地）级及以下直属机构综合管理类","用人司局：国家统计局甘肃调查总队
职位简介：从事一线入户调查、数据处理、统计分析、统计研究等工作
专业要求：经济学类、统计类、中国语言文学类（手语翻译专业除外）、计算机类（电影制作专业除外）、会计学、社会学
学历要求：本科及以上
学位要求：与最高学历相对应的学位
政治面貌：不限
基层工作经历：无限制
考试类别：市（地）级及以下直属机构综合管理类
备注：1.本单位最低服务年限为5年（含试用期）；2.专业设置以《普通高等学校本科专业目录》为准。须以最高学历学位主修专业报考，各学习阶段均获得相应学历学位。","https://www.xuanhan.gov.cn/xxgk-show-77635.html#135128-400110128006","2023-10-15","{""dataset_year"":2024,""job_uid"":""GOV-2024-135128-400110128006"",""publisher"":""国家公务员局"",""publication_page"":""https://www.xuanhan.gov.cn/xxgk-show-77635.html"",""attachment_url"":""https://www.xuanhan.gov.cn/uploadfile/1/Attachment/638fdecf51.zip"",""local_source_file"":""中央机关及其直属机构2024年度考试录用公务员招考简章.xls"",""local_source_sha256"":""a1741b99dbecd6d03e533f99f2d69b0fa5a79733e551b80af69986ceed2ad996"",""source_sheet"":""中央国家行政机关参照公务员法管理事业单位"",""filter_version"":""government_tech_v2"",""tech_filter"":{""is_tech"":true,""is_core_tech"":true,""scope"":""core"",""categories"":[""computer_software"",""data_ai""],""matched_fields"":[""major"",""description""],""major_terms"":[""计算机类""],""role_terms"":[""数据处理""],""reason"":""tech_major_and_role""},""original"":{""部门代码"":""135128"",""部门名称"":""国家统计局甘肃调查总队"",""用人司局"":""国家统计局甘肃调查总队"",""机构性质"":""中央国家行政机关参照公务员法管理事业单位"",""招考职位"":""临夏调查队业务科室二级主任科员及以下"",""职位属性"":""普通职位"",""职位分布"":""西部地区和艰苦边远地区职位"",""职位简介"":""从事一线入户调查、数据处理、统计分析、统计研究等工作"",""职位代码"":""400110128006"",""机构层级"":""市（地）级"",""考试类别"":""市（地）级及以下直属机构综合管理类"",""招考人数"":""2"",""专业"":""经济学类、统计类、中国语言文学类（手语翻译专业除外）、计算机类（电影制作专业除外）、会计学、社会学"",""学历"":""本科及以上"",""学位"":""与最高学历相对应的学位"",""政治面貌"":""不限"",""基层工作最低年限"":""无限制"",""服务基层项目工作经历"":""无限制"",""是否在面试阶段组织专业能力测试"":""否"",""面试人员比例"":""3:1"",""工作地点"":""甘肃省临夏回族自治州"",""落户地点"":""甘肃省临夏回族自治州"",""备注"":""1.本单位最低服务年限为5年（含试用期）；2.专业设置以《普通高等学校本科专业目录》为准。须以最高学历学位主修专业报考，各学习阶段均获得相应学历学位。"",""部门网站"":""无"",""咨询电话1"":""0931-8711758"",""咨询电话2"":""0931-8711759"",""咨询电话3"":"""",""来源Sheet"":""中央国家行政机关参照公务员法管理事业单位""}}"
"government_jobs","国家公务员2024招考简章","公务员/事业单位技术岗位","甘肃省武威市民勤县","2026-07-28T09:12:58.310295+00:00","民勤调查队一级科员","国家统计局甘肃调查总队","","甘肃省武威市民勤县","公务员/事业单位;2024;computer_software;data_ai;仅限本科;学士;统计学类、经济学类、计算机类（电影制作专业除外）;市（地）级及以下直属机构综合管理类","用人司局：国家统计局甘肃调查总队
职位简介：从事一线入户调查、数据处理、统计分析、统计研究等工作。
专业要求：统计学类、经济学类、计算机类（电影制作专业除外）
学历要求：仅限本科
学位要求：学士
政治面貌：不限
基层工作经历：无限制
考试类别：市（地）级及以下直属机构综合管理类
备注：1.本单位最低服务年限为5年（含试用期）；2.招录对象为2024届高校毕业生；3.限甘肃省武威市户籍；4.专业设置以《普通高等学校本科专业目录》为准。须以本科阶段主修专业报考。","https://www.xuanhan.gov.cn/xxgk-show-77635.html#135128-400110128008","2023-10-15","{""dataset_year"":2024,""job_uid"":""GOV-2024-135128-400110128008"",""publisher"":""国家公务员局"",""publication_page"":""https://www.xuanhan.gov.cn/xxgk-show-77635.html"",""attachment_url"":""https://www.xuanhan.gov.cn/uploadfile/1/Attachment/638fdecf51.zip"",""local_source_file"":""中央机关及其直属机构2024年度考试录用公务员招考简章.xls"",""local_source_sha256"":""a1741b99dbecd6d03e533f99f2d69b0fa5a79733e551b80af69986ceed2ad996"",""source_sheet"":""中央国家行政机关参照公务员法管理事业单位"",""filter_version"":""government_tech_v2"",""tech_filter"":{""is_tech"":true,""is_core_tech"":true,""scope"":""core"",""categories"":[""computer_software"",""data_ai""],""matched_fields"":[""major"",""description""],""major_terms"":[""计算机类""],""role_terms"":[""数据处理""],""reason"":""tech_major_and_role""},""original"":{""部门代码"":""135128"",""部门名称"":""国家统计局甘肃调查总队"",""用人司局"":""国家统计局甘肃调查总队"",""机构性质"":""中央国家行政机关参照公务员法管理事业单位"",""招考职位"":""民勤调查队一级科员"",""职位属性"":""普通职位"",""职位分布"":""西部地区和艰苦边远地区职位"",""职位简介"":""从事一线入户调查、数据处理、统计分析、统计研究等工作。"",""职位代码"":""400110128008"",""机构层级"":""县（区）级及以下"",""考试类别"":""市（地）级及以下直属机构综合管理类"",""招考人数"":""1"",""专业"":""统计学类、经济学类、计算机类（电影制作专业除外）"",""学历"":""仅限本科"",""学位"":""学士"",""政治面貌"":""不限"",""基层工作最低年限"":""无限制"",""服务基层项目工作经历"":""无限制"",""是否在面试阶段组织专业能力测试"":""否"",""面试人员比例"":""3:1"",""工作地点"":""甘肃省武威市民勤县"",""落户地点"":""甘肃省武威市民勤县"",""备注"":""1.本单位最低服务年限为5年（含试用期）；2.招录对象为2024届高校毕业生；3.限甘肃省武威市户籍；4.专业设置以《普通高等学校本科专业目录》为准。须以本科阶段主修专业报考。"",""部门网站"":""无"",""咨询电话1"":""0931-8711758"",""咨询电话2"":""0931-8711759"",""咨询电话3"":"""",""来源Sheet"":""中央国家行政机关参照公务员法管理事业单位""}}"
"government_jobs","国家公务员2024招考简章","公务员/事业单位技术岗位","甘肃省武威市民勤县","2026-07-28T09:12:58.310295+00:00","民勤调查队四级主任科员及以下","国家统计局甘肃调查总队","","甘肃省武威市民勤县","公务员/事业单位;2024;computer_software;data_ai;仅限本科;学士;统计学类、经济学类、计算机类（电影制作专业除外）、会计学、财务管理;市（地）级及以下直属机构综合管理类","用人司局：国家统计局甘肃调查总队
职位简介：从事一线入户调查、数据处理、统计分析、统计研究等工作。
专业要求：统计学类、经济学类、计算机类（电影制作专业除外）、会计学、财务管理
学历要求：仅限本科
学位要求：学士
政治面貌：不限
基层工作经历：二年
考试类别：市（地）级及以下直属机构综合管理类
备注：1.本单位最低服务年限为5年（含试用期）；2.限甘肃省武威市户籍；3.专业设置以《普通高等学校本科专业目录》为准。须以本科阶段主修专业报考。","https://www.xuanhan.gov.cn/xxgk-show-77635.html#135128-400110128009","2023-10-15","{""dataset_year"":2024,""job_uid"":""GOV-2024-135128-400110128009"",""publisher"":""国家公务员局"",""publication_page"":""https://www.xuanhan.gov.cn/xxgk-show-77635.html"",""attachment_url"":""https://www.xuanhan.gov.cn/uploadfile/1/Attachment/638fdecf51.zip"",""local_source_file"":""中央机关及其直属机构2024年度考试录用公务员招考简章.xls"",""local_source_sha256"":""a1741b99dbecd6d03e533f99f2d69b0fa5a79733e551b80af69986ceed2ad996"",""source_sheet"":""中央国家行政机关参照公务员法管理事业单位"",""filter_version"":""government_tech_v2"",""tech_filter"":{""is_tech"":true,""is_core_tech"":true,""scope"":""core"",""categories"":[""computer_software"",""data_ai""],""matched_fields"":[""major"",""description""],""major_terms"":[""计算机类""],""role_terms"":[""数据处理""],""reason"":""tech_major_and_role""},""original"":{""部门代码"":""135128"",""部门名称"":""国家统计局甘肃调查总队"",""用人司局"":""国家统计局甘肃调查总队"",""机构性质"":""中央国家行政机关参照公务员法管理事业单位"",""招考职位"":""民勤调查队四级主任科员及以下"",""职位属性"":""普通职位"",""职位分布"":""西部地区和艰苦边远地区职位"",""职位简介"":""从事一线入户调查、数据处理、统计分析、统计研究等工作。"",""职位代码"":""400110128009"",""机构层级"":""县（区）级及以下"",""考试类别"":""市（地）级及以下直属机构综合管理类"",""招考人数"":""1"",""专业"":""统计学类、经济学类、计算机类（电影制作专业除外）、会计学、财务管理"",""学历"":""仅限本科"",""学位"":""学士"",""政治面貌"":""不限"",""基层工作最低年限"":""二年"",""服务基层项目工作经历"":""大学生村官、农村义务教育阶段学校教师特设岗位计划、“三支一扶”计划、大学生志愿服务西部计划、在军队服役5年（含）以上的高校毕业生退役士兵"",""是否在面试阶段组织专业能力测试"":""否"",""面试人员比例"":""3:1"",""工作地点"":""甘肃省武威市民勤县"",""落户地点"":""甘肃省武威市民勤县"",""备注"":""1.本单位最低服务年限为5年（含试用期）；2.限甘肃省武威市户籍；3.专业设置以《普通高等学校本科专业目录》为准。须以本科阶段主修专业报考。"",""部门网站"":""无"",""咨询电话1"":""0931-8711758"",""咨询电话2"":""0931-8711759"",""咨询电话3"":"""",""来源Sheet"":""中央国家行政机关参照公务员法管理事业单位""}}"
"government_jobs","国家公务员2024招考简章","公务员/事业单位技术岗位","甘肃省定西市漳县","2026-07-28T09:12:58.310295+00:00","漳县调查队四级主任科员及以下（2）","国家统计局甘肃调查总队","","甘肃省定西市漳县","公务员/事业单位;2024;computer_software;data_ai;仅限本科;学士;计算机类（电影制作专业除外）、新闻传播类;市（地）级及以下直属机构综合管理类","用人司局：国家统计局甘肃调查总队
职位简介：从事一线入户调查、数据处理、统计分析、统计研究等工作。
专业要求：计算机类（电影制作专业除外）、新闻传播类
学历要求：仅限本科
学位要求：学士
政治面貌：中共党员
基层工作经历：二年
考试类别：市（地）级及以下直属机构综合管理类
备注：1.本单位最低服务年限为5年（含试用期）；2.限甘肃省定西市户籍；3.中共党员；4.需2年基层工作经历；5.专业设置以《普通高等学校本科专业目录》为准。须以本科阶段主修专业报考。","https://www.xuanhan.gov.cn/xxgk-show-77635.html#135128-400110128016","2023-10-15","{""dataset_year"":2024,""job_uid"":""GOV-2024-135128-400110128016"",""publisher"":""国家公务员局"",""publication_page"":""https://www.xuanhan.gov.cn/xxgk-show-77635.html"",""attachment_url"":""https://www.xuanhan.gov.cn/uploadfile/1/Attachment/638fdecf51.zip"",""local_source_file"":""中央机关及其直属机构2024年度考试录用公务员招考简章.xls"",""local_source_sha256"":""a1741b99dbecd6d03e533f99f2d69b0fa5a79733e551b80af69986ceed2ad996"",""source_sheet"":""中央国家行政机关参照公务员法管理事业单位"",""filter_version"":""government_tech_v2"",""tech_filter"":{""is_tech"":true,""is_core_tech"":true,""scope"":""core"",""categories"":[""computer_software"",""data_ai""],""matched_fields"":[""major"",""description""],""major_terms"":[""计算机类""],""role_terms"":[""数据处理""],""reason"":""tech_major_and_role""},""original"":{""部门代码"":""135128"",""部门名称"":""国家统计局甘肃调查总队"",""用人司局"":""国家统计局甘肃调查总队"",""机构性质"":""中央国家行政机关参照公务员法管理事业单位"",""招考职位"":""漳县调查队四级主任科员及以下（2）"",""职位属性"":""普通职位"",""职位分布"":""西部地区和艰苦边远地区职位"",""职位简介"":""从事一线入户调查、数据处理、统计分析、统计研究等工作。"",""职位代码"":""400110128016"",""机构层级"":""县（区）级及以下"",""考试类别"":""市（地）级及以下直属机构综合管理类"",""招考人数"":""1"",""专业"":""计算机类（电影制作专业除外）、新闻传播类"",""学历"":""仅限本科"",""学位"":""学士"",""政治面貌"":""中共党员"",""基层工作最低年限"":""二年"",""服务基层项目工作经历"":""无限制"",""是否在面试阶段组织专业能力测试"":""否"",""面试人员比例"":""3:1"",""工作地点"":""甘肃省定西市漳县"",""落户地点"":""甘肃省定西市漳县"",""备注"":""1.本单位最低服务年限为5年（含试用期）；2.限甘肃省定西市户籍；3.中共党员；4.需2年基层工作经历；5.专业设置以《普通高等学校本科专业目录》为准。须以本科阶段主修专业报考。"",""部门网站"":""无"",""咨询电话1"":""0931-8711758"",""咨询电话2"":""0931-8711759"",""咨询电话3"":"""",""来源Sheet"":""中央国家行政机关参照公务员法管理事业单位""}}"
"government_jobs","国家公务员2024招考简章","公务员/事业单位技术岗位","甘肃省酒泉市敦煌市","2026-07-28T09:12:58.310295+00:00","敦煌调查队一级科员","国家统计局甘肃调查总队","","甘肃省酒泉市敦煌市","公务员/事业单位;2024;computer_software;data_ai;仅限本科;学士;统计学类、数学类、计算机类（电影制作除外）;市（地）级及以下直属机构综合管理类","用人司局：国家统计局甘肃调查总队
职位简介：从事一线入户调查、数据处理、统计分析、统计研究等工作。
专业要求：统计学类、数学类、计算机类（电影制作除外）
学历要求：仅限本科
学位要求：学士
政治面貌：不限
基层工作经历：无限制
考试类别：市（地）级及以下直属机构综合管理类
备注：1.本单位最低服务年限为5年（含试用期）；2.招考对象为2024届高校毕业生；3.限甘肃省酒泉市户籍；4.专业设置以《普通高等学校本科专业目录》为准。须以本科阶段主修专业报考。","https://www.xuanhan.gov.cn/xxgk-show-77635.html#135128-400110128018","2023-10-15","{""dataset_year"":2024,""job_uid"":""GOV-2024-135128-400110128018"",""publisher"":""国家公务员局"",""publication_page"":""https://www.xuanhan.gov.cn/xxgk-show-77635.html"",""attachment_url"":""https://www.xuanhan.gov.cn/uploadfile/1/Attachment/638fdecf51.zip"",""local_source_file"":""中央机关及其直属机构2024年度考试录用公务员招考简章.xls"",""local_source_sha256"":""a1741b99dbecd6d03e533f99f2d69b0fa5a79733e551b80af69986ceed2ad996"",""source_sheet"":""中央国家行政机关参照公务员法管理事业单位"",""filter_version"":""government_tech_v2"",""tech_filter"":{""is_tech"":true,""is_core_tech"":true,""scope"":""core"",""categories"":[""computer_software"",""data_ai""],""matched_fields"":[""major"",""description""],""major_terms"":[""计算机类""],""role_terms"":[""数据处理""],""reason"":""tech_major_and_role""},""original"":{""部门代码"":""135128"",""部门名称"":""国家统计局甘肃调查总队"",""用人司局"":""国家统计局甘肃调查总队"",""机构性质"":""中央国家行政机关参照公务员法管理事业单位"",""招考职位"":""敦煌调查队一级科员"",""职位属性"":""普通职位"",""职位分布"":""西部地区和艰苦边远地区职位"",""职位简介"":""从事一线入户调查、数据处理、统计分析、统计研究等工作。"",""职位代码"":""400110128018"",""机构层级"":""县（区）级及以下"",""考试类别"":""市（地）级及以下直属机构综合管理类"",""招考人数"":""1"",""专业"":""统计学类、数学类、计算机类（电影制作除外）"",""学历"":""仅限本科"",""学位"":""学士"",""政治面貌"":""不限"",""基层工作最低年限"":""无限制"",""服务基层项目工作经历"":""无限制"",""是否在面试阶段组织专业能力测试"":""否"",""面试人员比例"":""3:1"",""工作地点"":""甘肃省酒泉市敦煌市"",""落户地点"":""甘肃省酒泉市敦煌市"",""备注"":""1.本单位最低服务年限为5年（含试用期）；2.招考对象为2024届高校毕业生；3.限甘肃省酒泉市户籍；4.专业设置以《普通高等学校本科专业目录》为准。须以本科阶段主修专业报考。"",""部门网站"":""无"",""咨询电话1"":""0931-8711758"",""咨询电话2"":""0931-8711759"",""咨询电话3"":"""",""来源Sheet"":""中央国家行政机关参照公务员法管理事业单位""}}"
"government_jobs","国家公务员2024招考简章","公务员/事业单位技术岗位","甘肃省庆阳市镇原县","2026-07-28T09:12:58.310295+00:00","镇原调查队一级科员","国家统计局甘肃调查总队","","甘肃省庆阳市镇原县","公务员/事业单位;2024;computer_software;data_ai;仅限本科;学士;统计学类、计算机类（电影制作专业除外）;市（地）级及以下直属机构综合管理类","用人司局：国家统计局甘肃调查总队
职位简介：从事一线入户调查、数据处理、统计分析、统计研究等工作。
专业要求：统计学类、计算机类（电影制作专业除外）
学历要求：仅限本科
学位要求：学士
政治面貌：不限
基层工作经历：无限制
考试类别：市（地）级及以下直属机构综合管理类
备注：1.本单位最低服务年限为5年（含试用期）；2.招考对象为2024届高校毕业生；3.限甘肃省庆阳市户籍；4.专业设置以《普通高等学校本科专业目录》为准。须以本科阶段主修专业报考。","https://www.xuanhan.gov.cn/xxgk-show-77635.html#135128-400110128020","2023-10-15","{""dataset_year"":2024,""job_uid"":""GOV-2024-135128-400110128020"",""publisher"":""国家公务员局"",""publication_page"":""https://www.xuanhan.gov.cn/xxgk-show-77635.html"",""attachment_url"":""https://www.xuanhan.gov.cn/uploadfile/1/Attachment/638fdecf51.zip"",""local_source_file"":""中央机关及其直属机构2024年度考试录用公务员招考简章.xls"",""local_source_sha256"":""a1741b99dbecd6d03e533f99f2d69b0fa5a79733e551b80af69986ceed2ad996"",""source_sheet"":""中央国家行政机关参照公务员法管理事业单位"",""filter_version"":""government_tech_v2"",""tech_filter"":{""is_tech"":true,""is_core_tech"":true,""scope"":""core"",""categories"":[""computer_software"",""data_ai""],""matched_fields"":[""major"",""description""],""major_terms"":[""计算机类""],""role_terms"":[""数据处理""],""reason"":""tech_major_and_role""},""original"":{""部门代码"":""135128"",""部门名称"":""国家统计局甘肃调查总队"",""用人司局"":""国家统计局甘肃调查总队"",""机构性质"":""中央国家行政机关参照公务员法管理事业单位"",""招考职位"":""镇原调查队一级科员"",""职位属性"":""普通职位"",""职位分布"":""西部地区和艰苦边远地区职位"",""职位简介"":""从事一线入户调查、数据处理、统计分析、统计研究等工作。"",""职位代码"":""400110128020"",""机构层级"":""县（区）级及以下"",""考试类别"":""市（地）级及以下直属机构综合管理类"",""招考人数"":""1"",""专业"":""统计学类、计算机类（电影制作专业除外）"",""学历"":""仅限本科"",""学位"":""学士"",""政治面貌"":""不限"",""基层工作最低年限"":""无限制"",""服务基层项目工作经历"":""无限制"",""是否在面试阶段组织专业能力测试"":""否"",""面试人员比例"":""3:1"",""工作地点"":""甘肃省庆阳市镇原县"",""落户地点"":""甘肃省庆阳市镇原县"",""备注"":""1.本单位最低服务年限为5年（含试用期）；2.招考对象为2024届高校毕业生；3.限甘肃省庆阳市户籍；4.专业设置以《普通高等学校本科专业目录》为准。须以本科阶段主修专业报考。"",""部门网站"":""无"",""咨询电话1"":""0931-8711758"",""咨询电话2"":""0931-8711759"",""咨询电话3"":"""",""来源Sheet"":""中央国家行政机关参照公务员法管理事业单位""}}"
"government_jobs","国家公务员2024招考简章","公务员/事业单位技术岗位","甘肃省天水市武山县","2026-07-28T09:12:58.310295+00:00","武山调查队四级主任科员及以下","国家统计局甘肃调查总队","","甘肃省天水市武山县","公务员/事业单位;2024;computer_software;data_ai;仅限本科;学士;统计学类、数学类、计算机类（电影制作专业除外）;市（地）级及以下直属机构综合管理类","用人司局：国家统计局甘肃调查总队
职位简介：从事一线入户调查、数据处理、统计分析、统计研究等工作。
专业要求：统计学类、数学类、计算机类（电影制作专业除外）
学历要求：仅限本科
学位要求：学士
政治面貌：中共党员
基层工作经历：无限制
考试类别：市（地）级及以下直属机构综合管理类
备注：1.本单位最低服务年限为5年（含试用期）；2.中共党员；3.限甘肃省天水市户籍；4.专业设置以《普通高等学校本科专业目录》为准。须以本科阶段主修专业报考。","https://www.xuanhan.gov.cn/xxgk-show-77635.html#135128-400110128022","2023-10-15","{""dataset_year"":2024,""job_uid"":""GOV-2024-135128-400110128022"",""publisher"":""国家公务员局"",""publication_page"":""https://www.xuanhan.gov.cn/xxgk-show-77635.html"",""attachment_url"":""https://www.xuanhan.gov.cn/uploadfile/1/Attachment/638fdecf51.zip"",""local_source_file"":""中央机关及其直属机构2024年度考试录用公务员招考简章.xls"",""local_source_sha256"":""a1741b99dbecd6d03e533f99f2d69b0fa5a79733e551b80af69986ceed2ad996"",""source_sheet"":""中央国家行政机关参照公务员法管理事业单位"",""filter_version"":""government_tech_v2"",""tech_filter"":{""is_tech"":true,""is_core_tech"":true,""scope"":""core"",""categories"":[""computer_software"",""data_ai""],""matched_fields"":[""major"",""description""],""major_terms"":[""计算机类""],""role_terms"":[""数据处理""],""reason"":""tech_major_and_role""},""original"":{""部门代码"":""135128"",""部门名称"":""国家统计局甘肃调查总队"",""用人司局"":""国家统计局甘肃调查总队"",""机构性质"":""中央国家行政机关参照公务员法管理事业单位"",""招考职位"":""武山调查队四级主任科员及以下"",""职位属性"":""普通职位"",""职位分布"":""西部地区和艰苦边远地区职位"",""职位简介"":""从事一线入户调查、数据处理、统计分析、统计研究等工作。"",""职位代码"":""400110128022"",""机构层级"":""县（区）级及以下"",""考试类别"":""市（地）级及以下直属机构综合管理类"",""招考人数"":""1"",""专业"":""统计学类、数学类、计算机类（电影制作专业除外）"",""学历"":""仅限本科"",""学位"":""学士"",""政治面貌"":""中共党员"",""基层工作最低年限"":""无限制"",""服务基层项目工作经历"":""无限制"",""是否在面试阶段组织专业能力测试"":""否"",""面试人员比例"":""3:1"",""工作地点"":""甘肃省天水市武山县"",""落户地点"":""甘肃省天水市武山县"",""备注"":""1.本单位最低服务年限为5年（含试用期）；2.中共党员；3.限甘肃省天水市户籍；4.专业设置以《普通高等学校本科专业目录》为准。须以本科阶段主修专业报考。"",""部门网站"":""无"",""咨询电话1"":""0931-8711758"",""咨询电话2"":""0931-8711759"",""咨询电话3"":"""",""来源Sheet"":""中央国家行政机关参照公务员法管理事业单位""}}"
"government_jobs","国家公务员2024招考简章","公务员/事业单位技术岗位","宁夏回族自治区银川市金凤区","2026-07-28T09:12:58.310295+00:00","宁夏调查总队业务处室一级主任科员及以下（1）","国家统计局宁夏调查总队","","宁夏回族自治区银川市金凤区","公务员/事业单位;2024;computer_software;data_ai;geospatial_remote_sensing;硕士研究生及以上;与最高学历相对应的学位;经济学类、统计学类、法学类（刑法学、环境与资源保护法学、国际法学、军事法学除外）、新闻传播学类、数学类、计算机科学与技术类、工商管理类（旅游管理、技术经济及管理除外）、农林经济管理类、测绘科学与技术类;中央机关及其省级直属机构综合管理类","用人司局：国家统计局宁夏调查总队
职位简介：从事统计调查、数据处理、统计分析、统计研究、统计新闻宣传、法规制度建设、信息化建设等工作。
专业要求：经济学类、统计学类、法学类（刑法学、环境与资源保护法学、国际法学、军事法学除外）、新闻传播学类、数学类、计算机科学与技术类、工商管理类（旅游管理、技术经济及管理除外）、农林经济管理类、测绘科学与技术类
学历要求：硕士研究生及以上
学位要求：与最高学历相对应的学位
政治面貌：不限
基层工作经历：无限制
考试类别：中央机关及其省级直属机构综合管理类
备注：限男性，本单位最低服务年限为5年（含试用期）。","https://www.xuanhan.gov.cn/xxgk-show-77635.html#135130-400110130001","2023-10-15","{""dataset_year"":2024,""job_uid"":""GOV-2024-135130-400110130001"",""publisher"":""国家公务员局"",""publication_page"":""https://www.xuanhan.gov.cn/xxgk-show-77635.html"",""attachment_url"":""https://www.xuanhan.gov.cn/uploadfile/1/Attachment/638fdecf51.zip"",""local_source_file"":""中央机关及其直属机构2024年度考试录用公务员招考简章.xls"",""local_source_sha256"":""a1741b99dbecd6d03e533f99f2d69b0fa5a79733e551b80af69986ceed2ad996"",""source_sheet"":""中央国家行政机关参照公务员法管理事业单位"",""filter_version"":""government_tech_v2"",""tech_filter"":{""is_tech"":true,""is_core_tech"":true,""scope"":""core"",""categories"":[""computer_software"",""data_ai"",""geospatial_remote_sensing""],""matched_fields"":[""major"",""description""],""major_terms"":[""测绘科学与技术"",""计算机科学与技术""],""role_terms"":[""信息化"",""数据处理""],""reason"":""tech_major_and_role""},""original"":{""部门代码"":""135130"",""部门名称"":""国家统计局宁夏调查总队"",""用人司局"":""国家统计局宁夏调查总队"",""机构性质"":""中央国家行政机关参照公务员法管理事业单位"",""招考职位"":""宁夏调查总队业务处室一级主任科员及以下（1）"",""职位属性"":""普通职位"",""职位分布"":""其他职位"",""职位简介"":""从事统计调查、数据处理、统计分析、统计研究、统计新闻宣传、法规制度建设、信息化建设等工作。"",""职位代码"":""400110130001"",""机构层级"":""省（副省）级"",""考试类别"":""中央机关及其省级直属机构综合管理类"",""招考人数"":""2"",""专业"":""经济学类、统计学类、法学类（刑法学、环境与资源保护法学、国际法学、军事法学除外）、新闻传播学类、数学类、计算机科学与技术类、工商管理类（旅游管理、技术经济及管理除外）、农林经济管理类、测绘科学与技术类"",""学历"":""硕士研究生及以上"",""学位"":""与最高学历相对应的学位"",""政治面貌"":""不限"",""基层工作最低年限"":""无限制"",""服务基层项目工作经历"":""无限制"",""是否在面试阶段组织专业能力测试"":""否"",""面试人员比例"":""5:1"",""工作地点"":""宁夏回族自治区银川市金凤区"",""落户地点"":""宁夏回族自治区银川市金凤区"",""备注"":""限男性，本单位最低服务年限为5年（含试用期）。"",""部门网站"":""无"",""咨询电话1"":""0951-5677637"",""咨询电话2"":""0951-5677169"",""咨询电话3"":"""",""来源Sheet"":""中央国家行政机关参照公务员法管理事业单位""}}"
"government_jobs","国家公务员2024招考简章","公务员/事业单位技术岗位","宁夏回族自治区银川市金凤区","2026-07-28T09:12:58.310295+00:00","宁夏调查总队业务处室一级主任科员及以下（2）","国家统计局宁夏调查总队","","宁夏回族自治区银川市金凤区","公务员/事业单位;2024;computer_software;data_ai;geospatial_remote_sensing;硕士研究生及以上;与最高学历相对应的学位;经济学类、统计学类、法学类（刑法学、环境与资源保护法学、国际法学、军事法学除外）、新闻传播学类、数学类、计算机科学与技术类、工商管理类（旅游管理、技术经济及管理除外）、农林经济管理类、测绘科学与技术类;中央机关及其省级直属机构综合管理类","用人司局：国家统计局宁夏调查总队
职位简介：从事统计调查、数据处理、统计分析、统计研究、统计新闻宣传、法规制度建设、信息化建设等工作。
专业要求：经济学类、统计学类、法学类（刑法学、环境与资源保护法学、国际法学、军事法学除外）、新闻传播学类、数学类、计算机科学与技术类、工商管理类（旅游管理、技术经济及管理除外）、农林经济管理类、测绘科学与技术类
学历要求：硕士研究生及以上
学位要求：与最高学历相对应的学位
政治面貌：不限
基层工作经历：无限制
考试类别：中央机关及其省级直属机构综合管理类
备注：限女性，本单位最低服务年限为5年（含试用期）。","https://www.xuanhan.gov.cn/xxgk-show-77635.html#135130-400110130002","2023-10-15","{""dataset_year"":2024,""job_uid"":""GOV-2024-135130-400110130002"",""publisher"":""国家公务员局"",""publication_page"":""https://www.xuanhan.gov.cn/xxgk-show-77635.html"",""attachment_url"":""https://www.xuanhan.gov.cn/uploadfile/1/Attachment/638fdecf51.zip"",""local_source_file"":""中央机关及其直属机构2024年度考试录用公务员招考简章.xls"",""local_source_sha256"":""a1741b99dbecd6d03e533f99f2d69b0fa5a79733e551b80af69986ceed2ad996"",""source_sheet"":""中央国家行政机关参照公务员法管理事业单位"",""filter_version"":""government_tech_v2"",""tech_filter"":{""is_tech"":true,""is_core_tech"":true,""scope"":""core"",""categories"":[""computer_software"",""data_ai"",""geospatial_remote_sensing""],""matched_fields"":[""major"",""description""],""major_terms"":[""测绘科学与技术"",""计算机科学与技术""],""role_terms"":[""信息化"",""数据处理""],""reason"":""tech_major_and_role""},""original"":{""部门代码"":""135130"",""部门名称"":""国家统计局宁夏调查总队"",""用人司局"":""国家统计局宁夏调查总队"",""机构性质"":""中央国家行政机关参照公务员法管理事业单位"",""招考职位"":""宁夏调查总队业务处室一级主任科员及以下（2）"",""职位属性"":""普通职位"",""职位分布"":""其他职位"",""职位简介"":""从事统计调查、数据处理、统计分析、统计研究、统计新闻宣传、法规制度建设、信息化建设等工作。"",""职位代码"":""400110130002"",""机构层级"":""省（副省）级"",""考试类别"":""中央机关及其省级直属机构综合管理类"",""招考人数"":""2"",""专业"":""经济学类、统计学类、法学类（刑法学、环境与资源保护法学、国际法学、军事法学除外）、新闻传播学类、数学类、计算机科学与技术类、工商管理类（旅游管理、技术经济及管理除外）、农林经济管理类、测绘科学与技术类"",""学历"":""硕士研究生及以上"",""学位"":""与最高学历相对应的学位"",""政治面貌"":""不限"",""基层工作最低年限"":""无限制"",""服务基层项目工作经历"":""无限制"",""是否在面试阶段组织专业能力测试"":""否"",""面试人员比例"":""5:1"",""工作地点"":""宁夏回族自治区银川市金凤区"",""落户地点"":""宁夏回族自治区银川市金凤区"",""备注"":""限女性，本单位最低服务年限为5年（含试用期）。"",""部门网站"":""无"",""咨询电话1"":""0951-5677637"",""咨询电话2"":""0951-5677169"",""咨询电话3"":"""",""来源Sheet"":""中央国家行政机关参照公务员法管理事业单位""}}"
"government_jobs","国家公务员2024招考简章","公务员/事业单位技术岗位","宁夏回族自治区银川市金凤区","2026-07-28T09:12:58.310295+00:00","银川调查队业务科室四级主任科员（1）","国家统计局宁夏调查总队","","宁夏回族自治区银川市金凤区","公务员/事业单位;2024;computer_software;data_ai;geospatial_remote_sensing;仅限硕士研究生;硕士;经济学类、统计学类、数学类、计算机科学与技术类、工商管理类（旅游管理、技术经济及管理除外）、农林经济管理类、测绘科学与技术类;市（地）级及以下直属机构综合管理类","用人司局：国家统计局宁夏调查总队
职位简介：从事一线入户调查、数据处理、统计分析、统计研究等工作。
专业要求：经济学类、统计学类、数学类、计算机科学与技术类、工商管理类（旅游管理、技术经济及管理除外）、农林经济管理类、测绘科学与技术类
学历要求：仅限硕士研究生
学位要求：硕士
政治面貌：不限
基层工作经历：无限制
考试类别：市（地）级及以下直属机构综合管理类
备注：限男性，此岗位经常需要独立下乡入户调查，要求有宁夏户籍，限招应届高校毕业生。本单位最低服务年限为5年（含试用期）。","https://www.xuanhan.gov.cn/xxgk-show-77635.html#135130-400110130003","2023-10-15","{""dataset_year"":2024,""job_uid"":""GOV-2024-135130-400110130003"",""publisher"":""国家公务员局"",""publication_page"":""https://www.xuanhan.gov.cn/xxgk-show-77635.html"",""attachment_url"":""https://www.xuanhan.gov.cn/uploadfile/1/Attachment/638fdecf51.zip"",""local_source_file"":""中央机关及其直属机构2024年度考试录用公务员招考简章.xls"",""local_source_sha256"":""a1741b99dbecd6d03e533f99f2d69b0fa5a79733e551b80af69986ceed2ad996"",""source_sheet"":""中央国家行政机关参照公务员法管理事业单位"",""filter_version"":""government_tech_v2"",""tech_filter"":{""is_tech"":true,""is_core_tech"":true,""scope"":""core"",""categories"":[""computer_software"",""data_ai"",""geospatial_remote_sensing""],""matched_fields"":[""major"",""description""],""major_terms"":[""测绘科学与技术"",""计算机科学与技术""],""role_terms"":[""数据处理""],""reason"":""tech_major_and_role""},""original"":{""部门代码"":""135130"",""部门名称"":""国家统计局宁夏调查总队"",""用人司局"":""国家统计局宁夏调查总队"",""机构性质"":""中央国家行政机关参照公务员法管理事业单位"",""招考职位"":""银川调查队业务科室四级主任科员（1）"",""职位属性"":""普通职位"",""职位分布"":""西部地区和艰苦边远地区职位"",""职位简介"":""从事一线入户调查、数据处理、统计分析、统计研究等工作。"",""职位代码"":""400110130003"",""机构层级"":""市（地）级"",""考试类别"":""市（地）级及以下直属机构综合管理类"",""招考人数"":""1"",""专业"":""经济学类、统计学类、数学类、计算机科学与技术类、工商管理类（旅游管理、技术经济及管理除外）、农林经济管理类、测绘科学与技术类"",""学历"":""仅限硕士研究生"",""学位"":""硕士"",""政治面貌"":""不限"",""基层工作最低年限"":""无限制"",""服务基层项目工作经历"":""无限制"",""是否在面试阶段组织专业能力测试"":""否"",""面试人员比例"":""3:1"",""工作地点"":""宁夏回族自治区银川市金凤区"",""落户地点"":""宁夏回族自治区银川市金凤区"",""备注"":""限男性，此岗位经常需要独立下乡入户调查，要求有宁夏户籍，限招应届高校毕业生。本单位最低服务年限为5年（含试用期）。"",""部门网站"":""无"",""咨询电话1"":""0951-5677637"",""咨询电话2"":""0951-5677169"",""咨询电话3"":"""",""来源Sheet"":""中央国家行政机关参照公务员法管理事业单位""}}"
"government_jobs","国家公务员2024招考简章","公务员/事业单位技术岗位","宁夏回族自治区银川市金凤区","2026-07-28T09:12:58.310295+00:00","银川调查队业务科室四级主任科员（2）","国家统计局宁夏调查总队","","宁夏回族自治区银川市金凤区","公务员/事业单位;2024;computer_software;data_ai;geospatial_remote_sensing;仅限硕士研究生;硕士;经济学类、统计学类、数学类、计算机科学与技术类、工商管理类（旅游管理、技术经济及管理除外）、农林经济管理类、测绘科学与技术类;市（地）级及以下直属机构综合管理类","用人司局：国家统计局宁夏调查总队
职位简介：从事一线入户调查、数据处理、统计分析、统计研究等工作。
专业要求：经济学类、统计学类、数学类、计算机科学与技术类、工商管理类（旅游管理、技术经济及管理除外）、农林经济管理类、测绘科学与技术类
学历要求：仅限硕士研究生
学位要求：硕士
政治面貌：不限
基层工作经历：无限制
考试类别：市（地）级及以下直属机构综合管理类
备注：限女性，此岗位经常需要独立下乡入户调查，要求有宁夏户籍，限招应届高校毕业生。本单位最低服务年限为5年（含试用期）。","https://www.xuanhan.gov.cn/xxgk-show-77635.html#135130-400110130004","2023-10-15","{""dataset_year"":2024,""job_uid"":""GOV-2024-135130-400110130004"",""publisher"":""国家公务员局"",""publication_page"":""https://www.xuanhan.gov.cn/xxgk-show-77635.html"",""attachment_url"":""https://www.xuanhan.gov.cn/uploadfile/1/Attachment/638fdecf51.zip"",""local_source_file"":""中央机关及其直属机构2024年度考试录用公务员招考简章.xls"",""local_source_sha256"":""a1741b99dbecd6d03e533f99f2d69b0fa5a79733e551b80af69986ceed2ad996"",""source_sheet"":""中央国家行政机关参照公务员法管理事业单位"",""filter_version"":""government_tech_v2"",""tech_filter"":{""is_tech"":true,""is_core_tech"":true,""scope"":""core"",""categories"":[""computer_software"",""data_ai"",""geospatial_remote_sensing""],""matched_fields"":[""major"",""description""],""major_terms"":[""测绘科学与技术"",""计算机科学与技术""],""role_terms"":[""数据处理""],""reason"":""tech_major_and_role""},""original"":{""部门代码"":""135130"",""部门名称"":""国家统计局宁夏调查总队"",""用人司局"":""国家统计局宁夏调查总队"",""机构性质"":""中央国家行政机关参照公务员法管理事业单位"",""招考职位"":""银川调查队业务科室四级主任科员（2）"",""职位属性"":""普通职位"",""职位分布"":""西部地区和艰苦边远地区职位"",""职位简介"":""从事一线入户调查、数据处理、统计分析、统计研究等工作。"",""职位代码"":""400110130004"",""机构层级"":""市（地）级"",""考试类别"":""市（地）级及以下直属机构综合管理类"",""招考人数"":""1"",""专业"":""经济学类、统计学类、数学类、计算机科学与技术类、工商管理类（旅游管理、技术经济及管理除外）、农林经济管理类、测绘科学与技术类"",""学历"":""仅限硕士研究生"",""学位"":""硕士"",""政治面貌"":""不限"",""基层工作最低年限"":""无限制"",""服务基层项目工作经历"":""无限制"",""是否在面试阶段组织专业能力测试"":""否"",""面试人员比例"":""3:1"",""工作地点"":""宁夏回族自治区银川市金凤区"",""落户地点"":""宁夏回族自治区银川市金凤区"",""备注"":""限女性，此岗位经常需要独立下乡入户调查，要求有宁夏户籍，限招应届高校毕业生。本单位最低服务年限为5年（含试用期）。"",""部门网站"":""无"",""咨询电话1"":""0951-5677637"",""咨询电话2"":""0951-5677169"",""咨询电话3"":"""",""来源Sheet"":""中央国家行政机关参照公务员法管理事业单位""}}"
"government_jobs","国家公务员2024招考简章","公务员/事业单位技术岗位","宁夏回族自治区石嘴山市大武口区","2026-07-28T09:12:58.310295+00:00","石嘴山调查队业务科室四级主任科员","国家统计局宁夏调查总队","","宁夏回族自治区石嘴山市大武口区","公务员/事业单位;2024;computer_software;data_ai;geospatial_remote_sensing;仅限硕士研究生;硕士;经济学类、统计学类、数学类、计算机科学与技术类、工商管理类（旅游管理、技术经济及管理除外）、农林经济管理类、测绘科学与技术类;市（地）级及以下直属机构综合管理类","用人司局：国家统计局宁夏调查总队
职位简介：从事一线入户调查、数据处理、统计分析、统计研究等工作。
专业要求：经济学类、统计学类、数学类、计算机科学与技术类、工商管理类（旅游管理、技术经济及管理除外）、农林经济管理类、测绘科学与技术类
学历要求：仅限硕士研究生
学位要求：硕士
政治面貌：不限
基层工作经历：无限制
考试类别：市（地）级及以下直属机构综合管理类
备注：此岗位经常需要独立下乡入户调查，要求有宁夏户籍，限招应届高校毕业生。本单位最低服务年限为5年（含试用期）。","https://www.xuanhan.gov.cn/xxgk-show-77635.html#135130-400110130005","2023-10-15","{""dataset_year"":2024,""job_uid"":""GOV-2024-135130-400110130005"",""publisher"":""国家公务员局"",""publication_page"":""https://www.xuanhan.gov.cn/xxgk-show-77635.html"",""attachment_url"":""https://www.xuanhan.gov.cn/uploadfile/1/Attachment/638fdecf51.zip"",""local_source_file"":""中央机关及其直属机构2024年度考试录用公务员招考简章.xls"",""local_source_sha256"":""a1741b99dbecd6d03e533f99f2d69b0fa5a79733e551b80af69986ceed2ad996"",""source_sheet"":""中央国家行政机关参照公务员法管理事业单位"",""filter_version"":""government_tech_v2"",""tech_filter"":{""is_tech"":true,""is_core_tech"":true,""scope"":""core"",""categories"":[""computer_software"",""data_ai"",""geospatial_remote_sensing""],""matched_fields"":[""major"",""description""],""major_terms"":[""测绘科学与技术"",""计算机科学与技术""],""role_terms"":[""数据处理""],""reason"":""tech_major_and_role""},""original"":{""部门代码"":""135130"",""部门名称"":""国家统计局宁夏调查总队"",""用人司局"":""国家统计局宁夏调查总队"",""机构性质"":""中央国家行政机关参照公务员法管理事业单位"",""招考职位"":""石嘴山调查队业务科室四级主任科员"",""职位属性"":""普通职位"",""职位分布"":""西部地区和艰苦边远地区职位"",""职位简介"":""从事一线入户调查、数据处理、统计分析、统计研究等工作。"",""职位代码"":""400110130005"",""机构层级"":""市（地）级"",""考试类别"":""市（地）级及以下直属机构综合管理类"",""招考人数"":""1"",""专业"":""经济学类、统计学类、数学类、计算机科学与技术类、工商管理类（旅游管理、技术经济及管理除外）、农林经济管理类、测绘科学与技术类"",""学历"":""仅限硕士研究生"",""学位"":""硕士"",""政治面貌"":""不限"",""基层工作最低年限"":""无限制"",""服务基层项目工作经历"":""无限制"",""是否在面试阶段组织专业能力测试"":""否"",""面试人员比例"":""3:1"",""工作地点"":""宁夏回族自治区石嘴山市大武口区"",""落户地点"":""宁夏回族自治区石嘴山市大武口区"",""备注"":""此岗位经常需要独立下乡入户调查，要求有宁夏户籍，限招应届高校毕业生。本单位最低服务年限为5年（含试用期）。"",""部门网站"":""无"",""咨询电话1"":""0951-5677637"",""咨询电话2"":""0951-5677169"",""咨询电话3"":"""",""来源Sheet"":""中央国家行政机关参照公务员法管理事业单位""}}"
"government_jobs","国家公务员2024招考简章","公务员/事业单位技术岗位","宁夏回族自治区吴忠市利通区","2026-07-28T09:12:58.310295+00:00","吴忠调查队业务科室二级主任科员及以下","国家统计局宁夏调查总队","","宁夏回族自治区吴忠市利通区","公务员/事业单位;2024;computer_software;data_ai;本科及以上;与最高学历相对应的学位;统计学类、数学类、计算机类、经济学类、金融学类、测绘类、工商管理类（资产评估、物业管理、文化产业管理除外）、农业经济管理类;市（地）级及以下直属机构综合管理类","用人司局：国家统计局宁夏调查总队
职位简介：从事一线入户调查、数据处理、统计分析、统计研究等工作。
专业要求：统计学类、数学类、计算机类、经济学类、金融学类、测绘类、工商管理类（资产评估、物业管理、文化产业管理除外）、农业经济管理类
学历要求：本科及以上
学位要求：与最高学历相对应的学位
政治面貌：不限
基层工作经历：二年
考试类别：市（地）级及以下直属机构综合管理类
备注：此岗位经常需要独立下乡入户调查，要求有宁夏户籍，本单位最低服务年限为5年（含试用期）。","https://www.xuanhan.gov.cn/xxgk-show-77635.html#135130-400110130006","2023-10-15","{""dataset_year"":2024,""job_uid"":""GOV-2024-135130-400110130006"",""publisher"":""国家公务员局"",""publication_page"":""https://www.xuanhan.gov.cn/xxgk-show-77635.html"",""attachment_url"":""https://www.xuanhan.gov.cn/uploadfile/1/Attachment/638fdecf51.zip"",""local_source_file"":""中央机关及其直属机构2024年度考试录用公务员招考简章.xls"",""local_source_sha256"":""a1741b99dbecd6d03e533f99f2d69b0fa5a79733e551b80af69986ceed2ad996"",""source_sheet"":""中央国家行政机关参照公务员法管理事业单位"",""filter_version"":""government_tech_v2"",""tech_filter"":{""is_tech"":true,""is_core_tech"":true,""scope"":""core"",""categories"":[""computer_software"",""data_ai""],""matched_fields"":[""major"",""description""],""major_terms"":[""计算机类""],""role_terms"":[""数据处理""],""reason"":""tech_major_and_role""},""original"":{""部门代码"":""135130"",""部门名称"":""国家统计局宁夏调查总队"",""用人司局"":""国家统计局宁夏调查总队"",""机构性质"":""中央国家行政机关参照公务员法管理事业单位"",""招考职位"":""吴忠调查队业务科室二级主任科员及以下"",""职位属性"":""普通职位"",""职位分布"":""西部地区和艰苦边远地区职位"",""职位简介"":""从事一线入户调查、数据处理、统计分析、统计研究等工作。"",""职位代码"":""400110130006"",""机构层级"":""市（地）级"",""考试类别"":""市（地）级及以下直属机构综合管理类"",""招考人数"":""1"",""专业"":""统计学类、数学类、计算机类、经济学类、金融学类、测绘类、工商管理类（资产评估、物业管理、文化产业管理除外）、农业经济管理类"",""学历"":""本科及以上"",""学位"":""与最高学历相对应的学位"",""政治面貌"":""不限"",""基层工作最低年限"":""二年"",""服务基层项目工作经历"":""大学生村官、农村义务教育阶段学校教师特设岗位计划、“三支一扶”计划、大学生志愿服务西部计划、在军队服役5年（含）以上的高校毕业生退役士兵"",""是否在面试阶段组织专业能力测试"":""否"",""面试人员比例"":""3:1"",""工作地点"":""宁夏回族自治区吴忠市利通区"",""落户地点"":""宁夏回族自治区吴忠市利通区"",""备注"":""此岗位经常需要独立下乡入户调查，要求有宁夏户籍，本单位最低服务年限为5年（含试用期）。"",""部门网站"":""无"",""咨询电话1"":""0951-5677637"",""咨询电话2"":""0951-5677169"",""咨询电话3"":"""",""来源Sheet"":""中央国家行政机关参照公务员法管理事业单位""}}"
"government_jobs","国家公务员2024招考简章","公务员/事业单位技术岗位","宁夏回族自治区固原市原州区","2026-07-28T09:12:58.310295+00:00","固原调查队业务科室四级主任科员","国家统计局宁夏调查总队","","宁夏回族自治区固原市原州区","公务员/事业单位;2024;computer_software;data_ai;geospatial_remote_sensing;仅限硕士研究生;硕士;经济学类、统计学类、数学类、计算机科学与技术类、工商管理类（旅游管理、技术经济及管理除外）、农林经济管理类、测绘科学与技术类;市（地）级及以下直属机构综合管理类","用人司局：国家统计局宁夏调查总队
职位简介：从事一线入户调查、数据处理、统计分析、统计研究等工作。
专业要求：经济学类、统计学类、数学类、计算机科学与技术类、工商管理类（旅游管理、技术经济及管理除外）、农林经济管理类、测绘科学与技术类
学历要求：仅限硕士研究生
学位要求：硕士
政治面貌：不限
基层工作经历：无限制
考试类别：市（地）级及以下直属机构综合管理类
备注：此岗位经常需要独立下乡入户调查，要求有宁夏户籍，限招应届高校毕业生。本单位最低服务年限为5年（含试用期）。","https://www.xuanhan.gov.cn/xxgk-show-77635.html#135130-400110130007","2023-10-15","{""dataset_year"":2024,""job_uid"":""GOV-2024-135130-400110130007"",""publisher"":""国家公务员局"",""publication_page"":""https://www.xuanhan.gov.cn/xxgk-show-77635.html"",""attachment_url"":""https://www.xuanhan.gov.cn/uploadfile/1/Attachment/638fdecf51.zip"",""local_source_file"":""中央机关及其直属机构2024年度考试录用公务员招考简章.xls"",""local_source_sha256"":""a1741b99dbecd6d03e533f99f2d69b0fa5a79733e551b80af69986ceed2ad996"",""source_sheet"":""中央国家行政机关参照公务员法管理事业单位"",""filter_version"":""government_tech_v2"",""tech_filter"":{""is_tech"":true,""is_core_tech"":true,""scope"":""core"",""categories"":[""computer_software"",""data_ai"",""geospatial_remote_sensing""],""matched_fields"":[""major"",""description""],""major_terms"":[""测绘科学与技术"",""计算机科学与技术""],""role_terms"":[""数据处理""],""reason"":""tech_major_and_role""},""original"":{""部门代码"":""135130"",""部门名称"":""国家统计局宁夏调查总队"",""用人司局"":""国家统计局宁夏调查总队"",""机构性质"":""中央国家行政机关参照公务员法管理事业单位"",""招考职位"":""固原调查队业务科室四级主任科员"",""职位属性"":""普通职位"",""职位分布"":""西部地区和艰苦边远地区职位"",""职位简介"":""从事一线入户调查、数据处理、统计分析、统计研究等工作。"",""职位代码"":""400110130007"",""机构层级"":""市（地）级"",""考试类别"":""市（地）级及以下直属机构综合管理类"",""招考人数"":""1"",""专业"":""经济学类、统计学类、数学类、计算机科学与技术类、工商管理类（旅游管理、技术经济及管理除外）、农林经济管理类、测绘科学与技术类"",""学历"":""仅限硕士研究生"",""学位"":""硕士"",""政治面貌"":""不限"",""基层工作最低年限"":""无限制"",""服务基层项目工作经历"":""无限制"",""是否在面试阶段组织专业能力测试"":""否"",""面试人员比例"":""3:1"",""工作地点"":""宁夏回族自治区固原市原州区"",""落户地点"":""宁夏回族自治区固原市原州区"",""备注"":""此岗位经常需要独立下乡入户调查，要求有宁夏户籍，限招应届高校毕业生。本单位最低服务年限为5年（含试用期）。"",""部门网站"":""无"",""咨询电话1"":""0951-5677637"",""咨询电话2"":""0951-5677169"",""咨询电话3"":"""",""来源Sheet"":""中央国家行政机关参照公务员法管理事业单位""}}"
"government_jobs","国家公务员2024招考简章","公务员/事业单位技术岗位","宁夏回族自治区中卫市沙坡头区","2026-07-28T09:12:58.310295+00:00","中卫调查队业务科室二级主任科员及以下","国家统计局宁夏调查总队","","宁夏回族自治区中卫市沙坡头区","公务员/事业单位;2024;computer_software;data_ai;本科及以上;与最高学历相对应的学位;统计学类、数学类、计算机类、经济学类、金融学类、测绘类、工商管理类（资产评估、物业管理、文化产业管理除外）、农业经济管理类;市（地）级及以下直属机构综合管理类","用人司局：国家统计局宁夏调查总队
职位简介：从事一线入户调查、数据处理、统计分析、统计研究等工作。
专业要求：统计学类、数学类、计算机类、经济学类、金融学类、测绘类、工商管理类（资产评估、物业管理、文化产业管理除外）、农业经济管理类
学历要求：本科及以上
学位要求：与最高学历相对应的学位
政治面貌：不限
基层工作经历：二年
考试类别：市（地）级及以下直属机构综合管理类
备注：此岗位经常需要独立下乡入户调查，要求有宁夏户籍，本单位最低服务年限为5年（含试用期）。","https://www.xuanhan.gov.cn/xxgk-show-77635.html#135130-400110130008","2023-10-15","{""dataset_year"":2024,""job_uid"":""GOV-2024-135130-400110130008"",""publisher"":""国家公务员局"",""publication_page"":""https://www.xuanhan.gov.cn/xxgk-show-77635.html"",""attachment_url"":""https://www.xuanhan.gov.cn/uploadfile/1/Attachment/638fdecf51.zip"",""local_source_file"":""中央机关及其直属机构2024年度考试录用公务员招考简章.xls"",""local_source_sha256"":""a1741b99dbecd6d03e533f99f2d69b0fa5a79733e551b80af69986ceed2ad996"",""source_sheet"":""中央国家行政机关参照公务员法管理事业单位"",""filter_version"":""government_tech_v2"",""tech_filter"":{""is_tech"":true,""is_core_tech"":true,""scope"":""core"",""categories"":[""computer_software"",""data_ai""],""matched_fields"":[""major"",""description""],""major_terms"":[""计算机类""],""role_terms"":[""数据处理""],""reason"":""tech_major_and_role""},""original"":{""部门代码"":""135130"",""部门名称"":""国家统计局宁夏调查总队"",""用人司局"":""国家统计局宁夏调查总队"",""机构性质"":""中央国家行政机关参照公务员法管理事业单位"",""招考职位"":""中卫调查队业务科室二级主任科员及以下"",""职位属性"":""普通职位"",""职位分布"":""西部地区和艰苦边远地区职位"",""职位简介"":""从事一线入户调查、数据处理、统计分析、统计研究等工作。"",""职位代码"":""400110130008"",""机构层级"":""市（地）级"",""考试类别"":""市（地）级及以下直属机构综合管理类"",""招考人数"":""1"",""专业"":""统计学类、数学类、计算机类、经济学类、金融学类、测绘类、工商管理类（资产评估、物业管理、文化产业管理除外）、农业经济管理类"",""学历"":""本科及以上"",""学位"":""与最高学历相对应的学位"",""政治面貌"":""不限"",""基层工作最低年限"":""二年"",""服务基层项目工作经历"":""大学生村官、农村义务教育阶段学校教师特设岗位计划、“三支一扶”计划、大学生志愿服务西部计划、在军队服役5年（含）以上的高校毕业生退役士兵"",""是否在面试阶段组织专业能力测试"":""否"",""面试人员比例"":""3:1"",""工作地点"":""宁夏回族自治区中卫市沙坡头区"",""落户地点"":""宁夏回族自治区中卫市沙坡头区"",""备注"":""此岗位经常需要独立下乡入户调查，要求有宁夏户籍，本单位最低服务年限为5年（含试用期）。"",""部门网站"":""无"",""咨询电话1"":""0951-5677637"",""咨询电话2"":""0951-5677169"",""咨询电话3"":"""",""来源Sheet"":""中央国家行政机关参照公务员法管理事业单位""}}"
"government_jobs","国家公务员2024招考简章","公务员/事业单位技术岗位","宁夏回族自治区银川市永宁县","2026-07-28T09:12:58.310295+00:00","永宁调查队一级科员","国家统计局宁夏调查总队","","宁夏回族自治区银川市永宁县","公务员/事业单位;2024;computer_software;data_ai;仅限本科;学士;统计学类、数学类、计算机类、经济学类、金融学类、测绘类、工商管理类（资产评估、物业管理、文化产业管理除外）、农业经济管理类;市（地）级及以下直属机构综合管理类","用人司局：国家统计局宁夏调查总队
职位简介：从事一线入户调查、数据处理、统计分析、统计研究等工作。
专业要求：统计学类、数学类、计算机类、经济学类、金融学类、测绘类、工商管理类（资产评估、物业管理、文化产业管理除外）、农业经济管理类
学历要求：仅限本科
学位要求：学士
政治面貌：不限
基层工作经历：无限制
考试类别：市（地）级及以下直属机构综合管理类
备注：此岗位经常需要独立下乡入户调查，要求有宁夏户籍，限招应届高校毕业生。本单位最低服务年限为5年（含试用期）。","https://www.xuanhan.gov.cn/xxgk-show-77635.html#135130-400110130009","2023-10-15","{""dataset_year"":2024,""job_uid"":""GOV-2024-135130-400110130009"",""publisher"":""国家公务员局"",""publication_page"":""https://www.xuanhan.gov.cn/xxgk-show-77635.html"",""attachment_url"":""https://www.xuanhan.gov.cn/uploadfile/1/Attachment/638fdecf51.zip"",""local_source_file"":""中央机关及其直属机构2024年度考试录用公务员招考简章.xls"",""local_source_sha256"":""a1741b99dbecd6d03e533f99f2d69b0fa5a79733e551b80af69986ceed2ad996"",""source_sheet"":""中央国家行政机关参照公务员法管理事业单位"",""filter_version"":""government_tech_v2"",""tech_filter"":{""is_tech"":true,""is_core_tech"":true,""scope"":""core"",""categories"":[""computer_software"",""data_ai""],""matched_fields"":[""major"",""description""],""major_terms"":[""计算机类""],""role_terms"":[""数据处理""],""reason"":""tech_major_and_role""},""original"":{""部门代码"":""135130"",""部门名称"":""国家统计局宁夏调查总队"",""用人司局"":""国家统计局宁夏调查总队"",""机构性质"":""中央国家行政机关参照公务员法管理事业单位"",""招考职位"":""永宁调查队一级科员"",""职位属性"":""普通职位"",""职位分布"":""西部地区和艰苦边远地区职位"",""职位简介"":""从事一线入户调查、数据处理、统计分析、统计研究等工作。"",""职位代码"":""400110130009"",""机构层级"":""县（区）级及以下"",""考试类别"":""市（地）级及以下直属机构综合管理类"",""招考人数"":""1"",""专业"":""统计学类、数学类、计算机类、经济学类、金融学类、测绘类、工商管理类（资产评估、物业管理、文化产业管理除外）、农业经济管理类"",""学历"":""仅限本科"",""学位"":""学士"",""政治面貌"":""不限"",""基层工作最低年限"":""无限制"",""服务基层项目工作经历"":""无限制"",""是否在面试阶段组织专业能力测试"":""否"",""面试人员比例"":""3:1"",""工作地点"":""宁夏回族自治区银川市永宁县"",""落户地点"":""宁夏回族自治区银川市永宁县"",""备注"":""此岗位经常需要独立下乡入户调查，要求有宁夏户籍，限招应届高校毕业生。本单位最低服务年限为5年（含试用期）。"",""部门网站"":""无"",""咨询电话1"":""0951-5677637"",""咨询电话2"":""0951-5677169"",""咨询电话3"":"""",""来源Sheet"":""中央国家行政机关参照公务员法管理事业单位""}}"
"government_jobs","国家公务员2024招考简章","公务员/事业单位技术岗位","宁夏回族自治区石嘴山市平罗县","2026-07-28T09:12:58.310295+00:00","平罗调查队一级科员","国家统计局宁夏调查总队","","宁夏回族自治区石嘴山市平罗县","公务员/事业单位;2024;computer_software;data_ai;仅限本科;学士;统计学类、数学类、计算机类、经济学类、金融学类、测绘类、工商管理类（资产评估、物业管理、文化产业管理除外）、农业经济管理类;市（地）级及以下直属机构综合管理类","用人司局：国家统计局宁夏调查总队
职位简介：从事一线入户调查、数据处理、统计分析、统计研究等工作。
专业要求：统计学类、数学类、计算机类、经济学类、金融学类、测绘类、工商管理类（资产评估、物业管理、文化产业管理除外）、农业经济管理类
学历要求：仅限本科
学位要求：学士
政治面貌：不限
基层工作经历：无限制
考试类别：市（地）级及以下直属机构综合管理类
备注：此岗位经常需要独立下乡入户调查，要求有宁夏户籍，限招应届高校毕业生。本单位最低服务年限为5年（含试用期）。","https://www.xuanhan.gov.cn/xxgk-show-77635.html#135130-400110130010","2023-10-15","{""dataset_year"":2024,""job_uid"":""GOV-2024-135130-400110130010"",""publisher"":""国家公务员局"",""publication_page"":""https://www.xuanhan.gov.cn/xxgk-show-77635.html"",""attachment_url"":""https://www.xuanhan.gov.cn/uploadfile/1/Attachment/638fdecf51.zip"",""local_source_file"":""中央机关及其直属机构2024年度考试录用公务员招考简章.xls"",""local_source_sha256"":""a1741b99dbecd6d03e533f99f2d69b0fa5a79733e551b80af69986ceed2ad996"",""source_sheet"":""中央国家行政机关参照公务员法管理事业单位"",""filter_version"":""government_tech_v2"",""tech_filter"":{""is_tech"":true,""is_core_tech"":true,""scope"":""core"",""categories"":[""computer_software"",""data_ai""],""matched_fields"":[""major"",""description""],""major_terms"":[""计算机类""],""role_terms"":[""数据处理""],""reason"":""tech_major_and_role""},""original"":{""部门代码"":""135130"",""部门名称"":""国家统计局宁夏调查总队"",""用人司局"":""国家统计局宁夏调查总队"",""机构性质"":""中央国家行政机关参照公务员法管理事业单位"",""招考职位"":""平罗调查队一级科员"",""职位属性"":""普通职位"",""职位分布"":""西部地区和艰苦边远地区职位"",""职位简介"":""从事一线入户调查、数据处理、统计分析、统计研究等工作。"",""职位代码"":""400110130010"",""机构层级"":""县（区）级及以下"",""考试类别"":""市（地）级及以下直属机构综合管理类"",""招考人数"":""1"",""专业"":""统计学类、数学类、计算机类、经济学类、金融学类、测绘类、工商管理类（资产评估、物业管理、文化产业管理除外）、农业经济管理类"",""学历"":""仅限本科"",""学位"":""学士"",""政治面貌"":""不限"",""基层工作最低年限"":""无限制"",""服务基层项目工作经历"":""无限制"",""是否在面试阶段组织专业能力测试"":""否"",""面试人员比例"":""3:1"",""工作地点"":""宁夏回族自治区石嘴山市平罗县"",""落户地点"":""宁夏回族自治区石嘴山市平罗县"",""备注"":""此岗位经常需要独立下乡入户调查，要求有宁夏户籍，限招应届高校毕业生。本单位最低服务年限为5年（含试用期）。"",""部门网站"":""无"",""咨询电话1"":""0951-5677637"",""咨询电话2"":""0951-5677169"",""咨询电话3"":"""",""来源Sheet"":""中央国家行政机关参照公务员法管理事业单位""}}"
"government_jobs","国家公务员2024招考简章","公务员/事业单位技术岗位","宁夏回族自治区银川市金凤区","2026-07-28T09:12:58.310295+00:00","宁夏调查总队业务处室一级主任科员及以下（3）","国家统计局宁夏调查总队","","宁夏回族自治区银川市金凤区","公务员/事业单位;2024;computer_software;data_ai;geospatial_remote_sensing;硕士研究生及以上;与最高学历相对应的学位;法学类（刑法学、环境与资源保护法学、国际法学、军事法学除外）、新闻传播学类、数学类、计算机科学与技术类、工商管理类（旅游管理、技术经济及管理除外）、农林经济管理类、测绘科学与技术类、社会学类、农学类。;中央机关及其省级直属机构综合管理类","用人司局：国家统计局宁夏调查总队
职位简介：从事统计调查、数据处理、统计分析、统计研究、统计新闻宣传、法规制度建设、信息化建设等工作。
专业要求：法学类（刑法学、环境与资源保护法学、国际法学、军事法学除外）、新闻传播学类、数学类、计算机科学与技术类、工商管理类（旅游管理、技术经济及管理除外）、农林经济管理类、测绘科学与技术类、社会学类、农学类。
学历要求：硕士研究生及以上
学位要求：与最高学历相对应的学位
政治面貌：不限
基层工作经历：无限制
考试类别：中央机关及其省级直属机构综合管理类
备注：本单位最低服务年限为5年（含试用期）。","https://www.xuanhan.gov.cn/xxgk-show-77635.html#135130-400110130011","2023-10-15","{""dataset_year"":2024,""job_uid"":""GOV-2024-135130-400110130011"",""publisher"":""国家公务员局"",""publication_page"":""https://www.xuanhan.gov.cn/xxgk-show-77635.html"",""attachment_url"":""https://www.xuanhan.gov.cn/uploadfile/1/Attachment/638fdecf51.zip"",""local_source_file"":""中央机关及其直属机构2024年度考试录用公务员招考简章.xls"",""local_source_sha256"":""a1741b99dbecd6d03e533f99f2d69b0fa5a79733e551b80af69986ceed2ad996"",""source_sheet"":""中央国家行政机关参照公务员法管理事业单位"",""filter_version"":""government_tech_v2"",""tech_filter"":{""is_tech"":true,""is_core_tech"":true,""scope"":""core"",""categories"":[""computer_software"",""data_ai"",""geospatial_remote_sensing""],""matched_fields"":[""major"",""description""],""major_terms"":[""测绘科学与技术"",""计算机科学与技术""],""role_terms"":[""信息化"",""数据处理""],""reason"":""tech_major_and_role""},""original"":{""部门代码"":""135130"",""部门名称"":""国家统计局宁夏调查总队"",""用人司局"":""国家统计局宁夏调查总队"",""机构性质"":""中央国家行政机关参照公务员法管理事业单位"",""招考职位"":""宁夏调查总队业务处室一级主任科员及以下（3）"",""职位属性"":""普通职位"",""职位分布"":""其他职位"",""职位简介"":""从事统计调查、数据处理、统计分析、统计研究、统计新闻宣传、法规制度建设、信息化建设等工作。"",""职位代码"":""400110130011"",""机构层级"":""省（副省）级"",""考试类别"":""中央机关及其省级直属机构综合管理类"",""招考人数"":""1"",""专业"":""法学类（刑法学、环境与资源保护法学、国际法学、军事法学除外）、新闻传播学类、数学类、计算机科学与技术类、工商管理类（旅游管理、技术经济及管理除外）、农林经济管理类、测绘科学与技术类、社会学类、农学类。"",""学历"":""硕士研究生及以上"",""学位"":""与最高学历相对应的学位"",""政治面貌"":""不限"",""基层工作最低年限"":""无限制"",""服务基层项目工作经历"":""无限制"",""是否在面试阶段组织专业能力测试"":""否"",""面试人员比例"":""5:1"",""工作地点"":""宁夏回族自治区银川市金凤区"",""落户地点"":""宁夏回族自治区银川市金凤区"",""备注"":""本单位最低服务年限为5年（含试用期）。"",""部门网站"":""无"",""咨询电话1"":""0951-5677637"",""咨询电话2"":""0951-5677169"",""咨询电话3"":"""",""来源Sheet"":""中央国家行政机关参照公务员法管理事业单位""}}"
"government_jobs","国家公务员2024招考简章","公务员/事业单位技术岗位","新疆维吾尔自治区乌鲁木齐市天山区","2026-07-28T09:12:58.310295+00:00","新疆调查总队业务处室一级主任科员及以下（1）","国家统计局新疆调查总队","","新疆维吾尔自治区乌鲁木齐市天山区","公务员/事业单位;2024;computer_software;data_ai;硕士研究生及以上;与最高学历相对应的学位;经济学类、统计学类、计算机类、数学类;中央机关及其省级直属机构综合管理类","用人司局：国家统计局新疆调查总队
职位简介：从事统计调查、数据处理、统计分析、统计研究等工作。
专业要求：经济学类、统计学类、计算机类、数学类
学历要求：硕士研究生及以上
学位要求：与最高学历相对应的学位
政治面貌：中共党员
基层工作经历：无限制
考试类别：中央机关及其省级直属机构综合管理类
备注：本单位最低服务年限为5年（含试用期）","https://www.xuanhan.gov.cn/xxgk-show-77635.html#135131-400110131101","2023-10-15","{""dataset_year"":2024,""job_uid"":""GOV-2024-135131-400110131101"",""publisher"":""国家公务员局"",""publication_page"":""https://www.xuanhan.gov.cn/xxgk-show-77635.html"",""attachment_url"":""https://www.xuanhan.gov.cn/uploadfile/1/Attachment/638fdecf51.zip"",""local_source_file"":""中央机关及其直属机构2024年度考试录用公务员招考简章.xls"",""local_source_sha256"":""a1741b99dbecd6d03e533f99f2d69b0fa5a79733e551b80af69986ceed2ad996"",""source_sheet"":""中央国家行政机关参照公务员法管理事业单位"",""filter_version"":""government_tech_v2"",""tech_filter"":{""is_tech"":true,""is_core_tech"":true,""scope"":""core"",""categories"":[""computer_software"",""data_ai""],""matched_fields"":[""major"",""description""],""major_terms"":[""计算机类""],""role_terms"":[""数据处理""],""reason"":""tech_major_and_role""},""original"":{""部门代码"":""135131"",""部门名称"":""国家统计局新疆调查总队"",""用人司局"":""国家统计局新疆调查总队"",""机构性质"":""中央国家行政机关参照公务员法管理事业单位"",""招考职位"":""新疆调查总队业务处室一级主任科员及以下（1）"",""职位属性"":""普通职位"",""职位分布"":""其他职位"",""职位简介"":""从事统计调查、数据处理、统计分析、统计研究等工作。"",""职位代码"":""400110131101"",""机构层级"":""省（副省）级"",""考试类别"":""中央机关及其省级直属机构综合管理类"",""招考人数"":""1"",""专业"":""经济学类、统计学类、计算机类、数学类"",""学历"":""硕士研究生及以上"",""学位"":""与最高学历相对应的学位"",""政治面貌"":""中共党员"",""基层工作最低年限"":""无限制"",""服务基层项目工作经历"":""无限制"",""是否在面试阶段组织专业能力测试"":""否"",""面试人员比例"":""5:1"",""工作地点"":""新疆维吾尔自治区乌鲁木齐市天山区"",""落户地点"":""新疆维吾尔自治区乌鲁木齐市天山区"",""备注"":""本单位最低服务年限为5年（含试用期）"",""部门网站"":""www.xjso.gov.cn"",""咨询电话1"":""0991-2628045"",""咨询电话2"":"""",""咨询电话3"":"""",""来源Sheet"":""中央国家行政机关参照公务员法管理事业单位""}}"
"government_jobs","国家公务员2024招考简章","公务员/事业单位技术岗位","新疆维吾尔自治区乌鲁木齐市天山区","2026-07-28T09:12:58.310295+00:00","新疆调查总队业务处室一级主任科员及以下（2）","国家统计局新疆调查总队","","新疆维吾尔自治区乌鲁木齐市天山区","公务员/事业单位;2024;computer_software;data_ai;硕士研究生及以上;与最高学历相对应的学位;经济学类、统计学类、计算机类、数学类;中央机关及其省级直属机构综合管理类","用人司局：国家统计局新疆调查总队
职位简介：从事统计调查、数据处理、统计分析、统计研究等工作。
专业要求：经济学类、统计学类、计算机类、数学类
学历要求：硕士研究生及以上
学位要求：与最高学历相对应的学位
政治面貌：不限
基层工作经历：无限制
考试类别：中央机关及其省级直属机构综合管理类
备注：本单位最低服务年限为5年（含试用期）。","https://www.xuanhan.gov.cn/xxgk-show-77635.html#135131-400110131102","2023-10-15","{""dataset_year"":2024,""job_uid"":""GOV-2024-135131-400110131102"",""publisher"":""国家公务员局"",""publication_page"":""https://www.xuanhan.gov.cn/xxgk-show-77635.html"",""attachment_url"":""https://www.xuanhan.gov.cn/uploadfile/1/Attachment/638fdecf51.zip"",""local_source_file"":""中央机关及其直属机构2024年度考试录用公务员招考简章.xls"",""local_source_sha256"":""a1741b99dbecd6d03e533f99f2d69b0fa5a79733e551b80af69986ceed2ad996"",""source_sheet"":""中央国家行政机关参照公务员法管理事业单位"",""filter_version"":""government_tech_v2"",""tech_filter"":{""is_tech"":true,""is_core_tech"":true,""scope"":""core"",""categories"":[""computer_software"",""data_ai""],""matched_fields"":[""major"",""description""],""major_terms"":[""计算机类""],""role_terms"":[""数据处理""],""reason"":""tech_major_and_role""},""original"":{""部门代码"":""135131"",""部门名称"":""国家统计局新疆调查总队"",""用人司局"":""国家统计局新疆调查总队"",""机构性质"":""中央国家行政机关参照公务员法管理事业单位"",""招考职位"":""新疆调查总队业务处室一级主任科员及以下（2）"",""职位属性"":""普通职位"",""职位分布"":""其他职位"",""职位简介"":""从事统计调查、数据处理、统计分析、统计研究等工作。"",""职位代码"":""400110131102"",""机构层级"":""省（副省）级"",""考试类别"":""中央机关及其省级直属机构综合管理类"",""招考人数"":""4"",""专业"":""经济学类、统计学类、计算机类、数学类"",""学历"":""硕士研究生及以上"",""学位"":""与最高学历相对应的学位"",""政治面貌"":""不限"",""基层工作最低年限"":""无限制"",""服务基层项目工作经历"":""无限制"",""是否在面试阶段组织专业能力测试"":""否"",""面试人员比例"":""5:1"",""工作地点"":""新疆维吾尔自治区乌鲁木齐市天山区"",""落户地点"":""新疆维吾尔自治区乌鲁木齐市天山区"",""备注"":""本单位最低服务年限为5年（含试用期）。"",""部门网站"":""www.xjso.gov.cn"",""咨询电话1"":""0991-2628045"",""咨询电话2"":"""",""咨询电话3"":"""",""来源Sheet"":""中央国家行政机关参照公务员法管理事业单位""}}"
"government_jobs","国家公务员2024招考简章","公务员/事业单位技术岗位","新疆维吾尔自治区巴音郭楞蒙古自治州库尔勒市","2026-07-28T09:12:58.310295+00:00","巴音郭楞调查队业务科室四级主任科员及以下","国家统计局新疆调查总队","","新疆维吾尔自治区巴音郭楞蒙古自治州库尔勒市","公务员/事业单位;2024;computer_software;data_ai;本科及以上;与最高学历相对应的学位;经济学类、统计学类、计算机类、数学类、农林经济管理类;市（地）级及以下直属机构综合管理类","用人司局：国家统计局新疆调查总队
职位简介：从事统计调查、数据处理、统计分析、统计研究等工作。
专业要求：经济学类、统计学类、计算机类、数学类、农林经济管理类
学历要求：本科及以上
学位要求：与最高学历相对应的学位
政治面貌：不限
基层工作经历：无限制
考试类别：市（地）级及以下直属机构综合管理类
备注：1.本单位最低服务年限为5年（含试用期）；2.本职位限新疆当地户籍或生源报考。","https://www.xuanhan.gov.cn/xxgk-show-77635.html#135131-400110131105","2023-10-15","{""dataset_year"":2024,""job_uid"":""GOV-2024-135131-400110131105"",""publisher"":""国家公务员局"",""publication_page"":""https://www.xuanhan.gov.cn/xxgk-show-77635.html"",""attachment_url"":""https://www.xuanhan.gov.cn/uploadfile/1/Attachment/638fdecf51.zip"",""local_source_file"":""中央机关及其直属机构2024年度考试录用公务员招考简章.xls"",""local_source_sha256"":""a1741b99dbecd6d03e533f99f2d69b0fa5a79733e551b80af69986ceed2ad996"",""source_sheet"":""中央国家行政机关参照公务员法管理事业单位"",""filter_version"":""government_tech_v2"",""tech_filter"":{""is_tech"":true,""is_core_tech"":true,""scope"":""core"",""categories"":[""computer_software"",""data_ai""],""matched_fields"":[""major"",""description""],""major_terms"":[""计算机类""],""role_terms"":[""数据处理""],""reason"":""tech_major_and_role""},""original"":{""部门代码"":""135131"",""部门名称"":""国家统计局新疆调查总队"",""用人司局"":""国家统计局新疆调查总队"",""机构性质"":""中央国家行政机关参照公务员法管理事业单位"",""招考职位"":""巴音郭楞调查队业务科室四级主任科员及以下"",""职位属性"":""普通职位"",""职位分布"":""西部地区和艰苦边远地区职位"",""职位简介"":""从事统计调查、数据处理、统计分析、统计研究等工作。"",""职位代码"":""400110131105"",""机构层级"":""市（地）级"",""考试类别"":""市（地）级及以下直属机构综合管理类"",""招考人数"":""2"",""专业"":""经济学类、统计学类、计算机类、数学类、农林经济管理类"",""学历"":""本科及以上"",""学位"":""与最高学历相对应的学位"",""政治面貌"":""不限"",""基层工作最低年限"":""无限制"",""服务基层项目工作经历"":""无限制"",""是否在面试阶段组织专业能力测试"":""否"",""面试人员比例"":""3:1"",""工作地点"":""新疆维吾尔自治区巴音郭楞蒙古自治州库尔勒市"",""落户地点"":""新疆维吾尔自治区巴音郭楞蒙古自治州库尔勒市"",""备注"":""1.本单位最低服务年限为5年（含试用期）；2.本职位限新疆当地户籍或生源报考。"",""部门网站"":""www.xjso.gov.cn"",""咨询电话1"":""0991-2628045"",""咨询电话2"":"""",""咨询电话3"":"""",""来源Sheet"":""中央国家行政机关参照公务员法管理事业单位""}}"
"government_jobs","国家公务员2024招考简章","公务员/事业单位技术岗位","新疆维吾尔自治区吐鲁番市高昌区","2026-07-28T09:12:58.310295+00:00","吐鲁番调查队业务科室四级主任科员及以下（1）","国家统计局新疆调查总队","","新疆维吾尔自治区吐鲁番市高昌区","公务员/事业单位;2024;computer_software;data_ai;本科及以上;与最高学历相对应的学位;经济学类、统计学类、计算机类、数学类、农林经济管理类;市（地）级及以下直属机构综合管理类","用人司局：国家统计局新疆调查总队
职位简介：从事统计调查、数据处理、统计分析、统计研究等工作。
专业要求：经济学类、统计学类、计算机类、数学类、农林经济管理类
学历要求：本科及以上
学位要求：与最高学历相对应的学位
政治面貌：不限
基层工作经历：一年
考试类别：市（地）级及以下直属机构综合管理类
备注：1.本单位最低服务年限为5年（含试用期）。2.本职位定向招录服务期满、考核合格的服务基层项目人员和在军队服役5年（含）以上的高校毕业生退役士兵。","https://www.xuanhan.gov.cn/xxgk-show-77635.html#135131-400110131106","2023-10-15","{""dataset_year"":2024,""job_uid"":""GOV-2024-135131-400110131106"",""publisher"":""国家公务员局"",""publication_page"":""https://www.xuanhan.gov.cn/xxgk-show-77635.html"",""attachment_url"":""https://www.xuanhan.gov.cn/uploadfile/1/Attachment/638fdecf51.zip"",""local_source_file"":""中央机关及其直属机构2024年度考试录用公务员招考简章.xls"",""local_source_sha256"":""a1741b99dbecd6d03e533f99f2d69b0fa5a79733e551b80af69986ceed2ad996"",""source_sheet"":""中央国家行政机关参照公务员法管理事业单位"",""filter_version"":""government_tech_v2"",""tech_filter"":{""is_tech"":true,""is_core_tech"":true,""scope"":""core"",""categories"":[""computer_software"",""data_ai""],""matched_fields"":[""major"",""description""],""major_terms"":[""计算机类""],""role_terms"":[""数据处理""],""reason"":""tech_major_and_role""},""original"":{""部门代码"":""135131"",""部门名称"":""国家统计局新疆调查总队"",""用人司局"":""国家统计局新疆调查总队"",""机构性质"":""中央国家行政机关参照公务员法管理事业单位"",""招考职位"":""吐鲁番调查队业务科室四级主任科员及以下（1）"",""职位属性"":""普通职位"",""职位分布"":""西部地区和艰苦边远地区职位"",""职位简介"":""从事统计调查、数据处理、统计分析、统计研究等工作。"",""职位代码"":""400110131106"",""机构层级"":""市（地）级"",""考试类别"":""市（地）级及以下直属机构综合管理类"",""招考人数"":""1"",""专业"":""经济学类、统计学类、计算机类、数学类、农林经济管理类"",""学历"":""本科及以上"",""学位"":""与最高学历相对应的学位"",""政治面貌"":""不限"",""基层工作最低年限"":""一年"",""服务基层项目工作经历"":""大学生村官、农村义务教育阶段学校教师特设岗位计划、“三支一扶”计划、在军队服役5年（含）以上的高校毕业生退役士兵"",""是否在面试阶段组织专业能力测试"":""否"",""面试人员比例"":""3:1"",""工作地点"":""新疆维吾尔自治区吐鲁番市高昌区"",""落户地点"":""新疆维吾尔自治区吐鲁番市高昌区"",""备注"":""1.本单位最低服务年限为5年（含试用期）。2.本职位定向招录服务期满、考核合格的服务基层项目人员和在军队服役5年（含）以上的高校毕业生退役士兵。"",""部门网站"":""www.xjso.gov.cn"",""咨询电话1"":""0991-2628045"",""咨询电话2"":"""",""咨询电话3"":"""",""来源Sheet"":""中央国家行政机关参照公务员法管理事业单位""}}"
"government_jobs","国家公务员2024招考简章","公务员/事业单位技术岗位","新疆维吾尔自治区吐鲁番市高昌区","2026-07-28T09:12:58.310295+00:00","吐鲁番调查队业务科室四级主任科员及以下（2）","国家统计局新疆调查总队","","新疆维吾尔自治区吐鲁番市高昌区","公务员/事业单位;2024;computer_software;data_ai;本科及以上;与最高学历相对应的学位;经济学类、统计学类、计算机类、数学类、农林经济管理类;市（地）级及以下直属机构综合管理类","用人司局：国家统计局新疆调查总队
职位简介：从事统计调查、数据处理、统计分析、统计研究等工作。
专业要求：经济学类、统计学类、计算机类、数学类、农林经济管理类
学历要求：本科及以上
学位要求：与最高学历相对应的学位
政治面貌：不限
基层工作经历：无限制
考试类别：市（地）级及以下直属机构综合管理类
备注：本单位最低服务年限为5年（含试用期）。","https://www.xuanhan.gov.cn/xxgk-show-77635.html#135131-400110131107","2023-10-15","{""dataset_year"":2024,""job_uid"":""GOV-2024-135131-400110131107"",""publisher"":""国家公务员局"",""publication_page"":""https://www.xuanhan.gov.cn/xxgk-show-77635.html"",""attachment_url"":""https://www.xuanhan.gov.cn/uploadfile/1/Attachment/638fdecf51.zip"",""local_source_file"":""中央机关及其直属机构2024年度考试录用公务员招考简章.xls"",""local_source_sha256"":""a1741b99dbecd6d03e533f99f2d69b0fa5a79733e551b80af69986ceed2ad996"",""source_sheet"":""中央国家行政机关参照公务员法管理事业单位"",""filter_version"":""government_tech_v2"",""tech_filter"":{""is_tech"":true,""is_core_tech"":true,""scope"":""core"",""categories"":[""computer_software"",""data_ai""],""matched_fields"":[""major"",""description""],""major_terms"":[""计算机类""],""role_terms"":[""数据处理""],""reason"":""tech_major_and_role""},""original"":{""部门代码"":""135131"",""部门名称"":""国家统计局新疆调查总队"",""用人司局"":""国家统计局新疆调查总队"",""机构性质"":""中央国家行政机关参照公务员法管理事业单位"",""招考职位"":""吐鲁番调查队业务科室四级主任科员及以下（2）"",""职位属性"":""普通职位"",""职位分布"":""西部地区和艰苦边远地区职位"",""职位简介"":""从事统计调查、数据处理、统计分析、统计研究等工作。"",""职位代码"":""400110131107"",""机构层级"":""市（地）级"",""考试类别"":""市（地）级及以下直属机构综合管理类"",""招考人数"":""1"",""专业"":""经济学类、统计学类、计算机类、数学类、农林经济管理类"",""学历"":""本科及以上"",""学位"":""与最高学历相对应的学位"",""政治面貌"":""不限"",""基层工作最低年限"":""无限制"",""服务基层项目工作经历"":""无限制"",""是否在面试阶段组织专业能力测试"":""否"",""面试人员比例"":""3:1"",""工作地点"":""新疆维吾尔自治区吐鲁番市高昌区"",""落户地点"":""新疆维吾尔自治区吐鲁番市高昌区"",""备注"":""本单位最低服务年限为5年（含试用期）。"",""部门网站"":""www.xjso.gov.cn"",""咨询电话1"":""0991-2628045"",""咨询电话2"":"""",""咨询电话3"":"""",""来源Sheet"":""中央国家行政机关参照公务员法管理事业单位""}}"
"government_jobs","国家公务员2024招考简章","公务员/事业单位技术岗位","新疆维吾尔自治区伊犁哈萨克自治州伊宁市","2026-07-28T09:12:58.310295+00:00","伊犁调查队业务科室四级主任科员及以下","国家统计局新疆调查总队","","新疆维吾尔自治区伊犁哈萨克自治州伊宁市","公务员/事业单位;2024;computer_software;data_ai;本科及以上;与最高学历相对应的学位;经济学类、统计学类、计算机类、数学类、农林经济管理类;市（地）级及以下直属机构综合管理类","用人司局：国家统计局新疆调查总队
职位简介：从事统计调查、数据处理、统计分析、统计研究等工作。
专业要求：经济学类、统计学类、计算机类、数学类、农林经济管理类
学历要求：本科及以上
学位要求：与最高学历相对应的学位
政治面貌：不限
基层工作经历：无限制
考试类别：市（地）级及以下直属机构综合管理类
备注：本单位最低服务年限为5年（含试用期）。","https://www.xuanhan.gov.cn/xxgk-show-77635.html#135131-400110131108","2023-10-15","{""dataset_year"":2024,""job_uid"":""GOV-2024-135131-400110131108"",""publisher"":""国家公务员局"",""publication_page"":""https://www.xuanhan.gov.cn/xxgk-show-77635.html"",""attachment_url"":""https://www.xuanhan.gov.cn/uploadfile/1/Attachment/638fdecf51.zip"",""local_source_file"":""中央机关及其直属机构2024年度考试录用公务员招考简章.xls"",""local_source_sha256"":""a1741b99dbecd6d03e533f99f2d69b0fa5a79733e551b80af69986ceed2ad996"",""source_sheet"":""中央国家行政机关参照公务员法管理事业单位"",""filter_version"":""government_tech_v2"",""tech_filter"":{""is_tech"":true,""is_core_tech"":true,""scope"":""core"",""categories"":[""computer_software"",""data_ai""],""matched_fields"":[""major"",""description""],""major_terms"":[""计算机类""],""role_terms"":[""数据处理""],""reason"":""tech_major_and_role""},""original"":{""部门代码"":""135131"",""部门名称"":""国家统计局新疆调查总队"",""用人司局"":""国家统计局新疆调查总队"",""机构性质"":""中央国家行政机关参照公务员法管理事业单位"",""招考职位"":""伊犁调查队业务科室四级主任科员及以下"",""职位属性"":""普通职位"",""职位分布"":""西部地区和艰苦边远地区职位"",""职位简介"":""从事统计调查、数据处理、统计分析、统计研究等工作。"",""职位代码"":""400110131108"",""机构层级"":""市（地）级"",""考试类别"":""市（地）级及以下直属机构综合管理类"",""招考人数"":""2"",""专业"":""经济学类、统计学类、计算机类、数学类、农林经济管理类"",""学历"":""本科及以上"",""学位"":""与最高学历相对应的学位"",""政治面貌"":""不限"",""基层工作最低年限"":""无限制"",""服务基层项目工作经历"":""无限制"",""是否在面试阶段组织专业能力测试"":""否"",""面试人员比例"":""3:1"",""工作地点"":""新疆维吾尔自治区伊犁哈萨克自治州伊宁市"",""落户地点"":""新疆维吾尔自治区伊犁哈萨克自治州伊宁市"",""备注"":""本单位最低服务年限为5年（含试用期）。"",""部门网站"":""www.xjso.gov.cn"",""咨询电话1"":""0991-2628045"",""咨询电话2"":"""",""咨询电话3"":"""",""来源Sheet"":""中央国家行政机关参照公务员法管理事业单位""}}"
"government_jobs","国家公务员2024招考简章","公务员/事业单位技术岗位","新疆维吾尔自治区伊犁哈萨克自治州察布查尔锡伯自治县","2026-07-28T09:12:58.310295+00:00","察布查尔调查队一级科员（2）","国家统计局新疆调查总队","","新疆维吾尔自治区伊犁哈萨克自治州察布查尔锡伯自治县","公务员/事业单位;2024;computer_software;data_ai;仅限本科;学士;经济学类、统计学类、计算机类、数学类;市（地）级及以下直属机构综合管理类","用人司局：国家统计局新疆调查总队
职位简介：从事一线入户调查、数据处理、统计分析、统计研究等工作。
专业要求：经济学类、统计学类、计算机类、数学类
学历要求：仅限本科
学位要求：学士
政治面貌：不限
基层工作经历：无限制
考试类别：市（地）级及以下直属机构综合管理类
备注：1.本单位最低服务年限为5年（含试用期）；2.本职位面向新疆当地户籍或生源（限伊犁地区户籍或生源的维吾尔族报考）。","https://www.xuanhan.gov.cn/xxgk-show-77635.html#135131-400110131113","2023-10-15","{""dataset_year"":2024,""job_uid"":""GOV-2024-135131-400110131113"",""publisher"":""国家公务员局"",""publication_page"":""https://www.xuanhan.gov.cn/xxgk-show-77635.html"",""attachment_url"":""https://www.xuanhan.gov.cn/uploadfile/1/Attachment/638fdecf51.zip"",""local_source_file"":""中央机关及其直属机构2024年度考试录用公务员招考简章.xls"",""local_source_sha256"":""a1741b99dbecd6d03e533f99f2d69b0fa5a79733e551b80af69986ceed2ad996"",""source_sheet"":""中央国家行政机关参照公务员法管理事业单位"",""filter_version"":""government_tech_v2"",""tech_filter"":{""is_tech"":true,""is_core_tech"":true,""scope"":""core"",""categories"":[""computer_software"",""data_ai""],""matched_fields"":[""major"",""description""],""major_terms"":[""计算机类""],""role_terms"":[""数据处理""],""reason"":""tech_major_and_role""},""original"":{""部门代码"":""135131"",""部门名称"":""国家统计局新疆调查总队"",""用人司局"":""国家统计局新疆调查总队"",""机构性质"":""中央国家行政机关参照公务员法管理事业单位"",""招考职位"":""察布查尔调查队一级科员（2）"",""职位属性"":""普通职位"",""职位分布"":""西部地区和艰苦边远地区职位"",""职位简介"":""从事一线入户调查、数据处理、统计分析、统计研究等工作。"",""职位代码"":""400110131113"",""机构层级"":""县（区）级及以下"",""考试类别"":""市（地）级及以下直属机构综合管理类"",""招考人数"":""2"",""专业"":""经济学类、统计学类、计算机类、数学类"",""学历"":""仅限本科"",""学位"":""学士"",""政治面貌"":""不限"",""基层工作最低年限"":""无限制"",""服务基层项目工作经历"":""无限制"",""是否在面试阶段组织专业能力测试"":""否"",""面试人员比例"":""3:1"",""工作地点"":""新疆维吾尔自治区伊犁哈萨克自治州察布查尔锡伯自治县"",""落户地点"":""新疆维吾尔自治区伊犁哈萨克自治州察布查尔锡伯自治县"",""备注"":""1.本单位最低服务年限为5年（含试用期）；2.本职位面向新疆当地户籍或生源（限伊犁地区户籍或生源的维吾尔族报考）。"",""部门网站"":""www.xjso.gov.cn"",""咨询电话1"":""0991-2628045"",""咨询电话2"":"""",""咨询电话3"":"""",""来源Sheet"":""中央国家行政机关参照公务员法管理事业单位""}}"
"government_jobs","国家公务员2024招考简章","公务员/事业单位技术岗位","新疆维吾尔自治区昌吉回族自治州玛纳斯县","2026-07-28T09:12:58.310295+00:00","玛纳斯调查队一级科员","国家统计局新疆调查总队","","新疆维吾尔自治区昌吉回族自治州玛纳斯县","公务员/事业单位;2024;computer_software;data_ai;仅限本科;学士;统计学类、计算机类、数学类;市（地）级及以下直属机构综合管理类","用人司局：国家统计局新疆调查总队
职位简介：从事一线入户调查、数据处理、统计分析、统计研究等工作。
专业要求：统计学类、计算机类、数学类
学历要求：仅限本科
学位要求：学士
政治面貌：不限
基层工作经历：无限制
考试类别：市（地）级及以下直属机构综合管理类
备注：1.本单位最低服务年限为5年（含试用期）；2.本职位限新疆当地户籍或生源报考。","https://www.xuanhan.gov.cn/xxgk-show-77635.html#135131-400110131116","2023-10-15","{""dataset_year"":2024,""job_uid"":""GOV-2024-135131-400110131116"",""publisher"":""国家公务员局"",""publication_page"":""https://www.xuanhan.gov.cn/xxgk-show-77635.html"",""attachment_url"":""https://www.xuanhan.gov.cn/uploadfile/1/Attachment/638fdecf51.zip"",""local_source_file"":""中央机关及其直属机构2024年度考试录用公务员招考简章.xls"",""local_source_sha256"":""a1741b99dbecd6d03e533f99f2d69b0fa5a79733e551b80af69986ceed2ad996"",""source_sheet"":""中央国家行政机关参照公务员法管理事业单位"",""filter_version"":""government_tech_v2"",""tech_filter"":{""is_tech"":true,""is_core_tech"":true,""scope"":""core"",""categories"":[""computer_software"",""data_ai""],""matched_fields"":[""major"",""description""],""major_terms"":[""计算机类""],""role_terms"":[""数据处理""],""reason"":""tech_major_and_role""},""original"":{""部门代码"":""135131"",""部门名称"":""国家统计局新疆调查总队"",""用人司局"":""国家统计局新疆调查总队"",""机构性质"":""中央国家行政机关参照公务员法管理事业单位"",""招考职位"":""玛纳斯调查队一级科员"",""职位属性"":""普通职位"",""职位分布"":""西部地区和艰苦边远地区职位"",""职位简介"":""从事一线入户调查、数据处理、统计分析、统计研究等工作。"",""职位代码"":""400110131116"",""机构层级"":""县（区）级及以下"",""考试类别"":""市（地）级及以下直属机构综合管理类"",""招考人数"":""1"",""专业"":""统计学类、计算机类、数学类"",""学历"":""仅限本科"",""学位"":""学士"",""政治面貌"":""不限"",""基层工作最低年限"":""无限制"",""服务基层项目工作经历"":""无限制"",""是否在面试阶段组织专业能力测试"":""否"",""面试人员比例"":""3:1"",""工作地点"":""新疆维吾尔自治区昌吉回族自治州玛纳斯县"",""落户地点"":""新疆维吾尔自治区昌吉回族自治州玛纳斯县"",""备注"":""1.本单位最低服务年限为5年（含试用期）；2.本职位限新疆当地户籍或生源报考。"",""部门网站"":""www.xjso.gov.cn"",""咨询电话1"":""0991-2628045"",""咨询电话2"":"""",""咨询电话3"":"""",""来源Sheet"":""中央国家行政机关参照公务员法管理事业单位""}}"
"government_jobs","国家公务员2024招考简章","公务员/事业单位技术岗位","新疆维吾尔自治区喀什地区麦盖提县","2026-07-28T09:12:58.310295+00:00","麦盖提调查队一级科员","国家统计局新疆调查总队","","新疆维吾尔自治区喀什地区麦盖提县","公务员/事业单位;2024;computer_software;data_ai;仅限本科;学士;经济学类、统计学类、计算机类、数学类、农林经济管理类、汉语言文学、财务管理、会计学;市（地）级及以下直属机构综合管理类","用人司局：国家统计局新疆调查总队
职位简介：从事一线入户调查、数据处理、统计分析、统计研究等工作。
专业要求：经济学类、统计学类、计算机类、数学类、农林经济管理类、汉语言文学、财务管理、会计学
学历要求：仅限本科
学位要求：学士
政治面貌：不限
基层工作经历：无限制
考试类别：市（地）级及以下直属机构综合管理类
备注：本单位最低服务年限为5年（含试用期）。","https://www.xuanhan.gov.cn/xxgk-show-77635.html#135131-400110131118","2023-10-15","{""dataset_year"":2024,""job_uid"":""GOV-2024-135131-400110131118"",""publisher"":""国家公务员局"",""publication_page"":""https://www.xuanhan.gov.cn/xxgk-show-77635.html"",""attachment_url"":""https://www.xuanhan.gov.cn/uploadfile/1/Attachment/638fdecf51.zip"",""local_source_file"":""中央机关及其直属机构2024年度考试录用公务员招考简章.xls"",""local_source_sha256"":""a1741b99dbecd6d03e533f99f2d69b0fa5a79733e551b80af69986ceed2ad996"",""source_sheet"":""中央国家行政机关参照公务员法管理事业单位"",""filter_version"":""government_tech_v2"",""tech_filter"":{""is_tech"":true,""is_core_tech"":true,""scope"":""core"",""categories"":[""computer_software"",""data_ai""],""matched_fields"":[""major"",""description""],""major_terms"":[""计算机类""],""role_terms"":[""数据处理""],""reason"":""tech_major_and_role""},""original"":{""部门代码"":""135131"",""部门名称"":""国家统计局新疆调查总队"",""用人司局"":""国家统计局新疆调查总队"",""机构性质"":""中央国家行政机关参照公务员法管理事业单位"",""招考职位"":""麦盖提调查队一级科员"",""职位属性"":""普通职位"",""职位分布"":""西部地区和艰苦边远地区职位"",""职位简介"":""从事一线入户调查、数据处理、统计分析、统计研究等工作。"",""职位代码"":""400110131118"",""机构层级"":""县（区）级及以下"",""考试类别"":""市（地）级及以下直属机构综合管理类"",""招考人数"":""1"",""专业"":""经济学类、统计学类、计算机类、数学类、农林经济管理类、汉语言文学、财务管理、会计学"",""学历"":""仅限本科"",""学位"":""学士"",""政治面貌"":""不限"",""基层工作最低年限"":""无限制"",""服务基层项目工作经历"":""无限制"",""是否在面试阶段组织专业能力测试"":""否"",""面试人员比例"":""3:1"",""工作地点"":""新疆维吾尔自治区喀什地区麦盖提县"",""落户地点"":""新疆维吾尔自治区喀什地区麦盖提县"",""备注"":""本单位最低服务年限为5年（含试用期）。"",""部门网站"":""www.xjso.gov.cn"",""咨询电话1"":""0991-2628045"",""咨询电话2"":"""",""咨询电话3"":"""",""来源Sheet"":""中央国家行政机关参照公务员法管理事业单位""}}"
"government_jobs","国家公务员2024招考简章","公务员/事业单位技术岗位","新疆维吾尔自治区塔城地区额敏县","2026-07-28T09:12:58.310295+00:00","额敏调查队一级科员","国家统计局新疆调查总队","","新疆维吾尔自治区塔城地区额敏县","公务员/事业单位;2024;computer_software;data_ai;仅限本科;学士;经济学类、统计学类、计算机类、数学类;市（地）级及以下直属机构综合管理类","用人司局：国家统计局新疆调查总队
职位简介：从事一线入户调查、数据处理、统计分析、统计研究等工作。
专业要求：经济学类、统计学类、计算机类、数学类
学历要求：仅限本科
学位要求：学士
政治面貌：不限
基层工作经历：无限制
考试类别：市（地）级及以下直属机构综合管理类
备注：本单位最低服务年限为5年（含试用期）。","https://www.xuanhan.gov.cn/xxgk-show-77635.html#135131-400110131119","2023-10-15","{""dataset_year"":2024,""job_uid"":""GOV-2024-135131-400110131119"",""publisher"":""国家公务员局"",""publication_page"":""https://www.xuanhan.gov.cn/xxgk-show-77635.html"",""attachment_url"":""https://www.xuanhan.gov.cn/uploadfile/1/Attachment/638fdecf51.zip"",""local_source_file"":""中央机关及其直属机构2024年度考试录用公务员招考简章.xls"",""local_source_sha256"":""a1741b99dbecd6d03e533f99f2d69b0fa5a79733e551b80af69986ceed2ad996"",""source_sheet"":""中央国家行政机关参照公务员法管理事业单位"",""filter_version"":""government_tech_v2"",""tech_filter"":{""is_tech"":true,""is_core_tech"":true,""scope"":""core"",""categories"":[""computer_software"",""data_ai""],""matched_fields"":[""major"",""description""],""major_terms"":[""计算机类""],""role_terms"":[""数据处理""],""reason"":""tech_major_and_role""},""original"":{""部门代码"":""135131"",""部门名称"":""国家统计局新疆调查总队"",""用人司局"":""国家统计局新疆调查总队"",""机构性质"":""中央国家行政机关参照公务员法管理事业单位"",""招考职位"":""额敏调查队一级科员"",""职位属性"":""普通职位"",""职位分布"":""西部地区和艰苦边远地区职位"",""职位简介"":""从事一线入户调查、数据处理、统计分析、统计研究等工作。"",""职位代码"":""400110131119"",""机构层级"":""县（区）级及以下"",""考试类别"":""市（地）级及以下直属机构综合管理类"",""招考人数"":""1"",""专业"":""经济学类、统计学类、计算机类、数学类"",""学历"":""仅限本科"",""学位"":""学士"",""政治面貌"":""不限"",""基层工作最低年限"":""无限制"",""服务基层项目工作经历"":""无限制"",""是否在面试阶段组织专业能力测试"":""否"",""面试人员比例"":""3:1"",""工作地点"":""新疆维吾尔自治区塔城地区额敏县"",""落户地点"":""新疆维吾尔自治区塔城地区额敏县"",""备注"":""本单位最低服务年限为5年（含试用期）。"",""部门网站"":""www.xjso.gov.cn"",""咨询电话1"":""0991-2628045"",""咨询电话2"":"""",""咨询电话3"":"""",""来源Sheet"":""中央国家行政机关参照公务员法管理事业单位""}}"
"government_jobs","国家公务员2024招考简章","公务员/事业单位技术岗位","新疆维吾尔自治区阿勒泰地区青河县","2026-07-28T09:12:58.310295+00:00","青河调查队一级科员","国家统计局新疆调查总队","","新疆维吾尔自治区阿勒泰地区青河县","公务员/事业单位;2024;computer_software;data_ai;仅限本科;学士;经济学类、统计学类、计算机类、数学类、农林经济管理类;市（地）级及以下直属机构综合管理类","用人司局：国家统计局新疆调查总队
职位简介：从事一线入户调查、数据处理、统计分析、统计研究等工作。
专业要求：经济学类、统计学类、计算机类、数学类、农林经济管理类
学历要求：仅限本科
学位要求：学士
政治面貌：不限
基层工作经历：无限制
考试类别：市（地）级及以下直属机构综合管理类
备注：本单位最低服务年限为5年（含试用期）。","https://www.xuanhan.gov.cn/xxgk-show-77635.html#135131-400110131120","2023-10-15","{""dataset_year"":2024,""job_uid"":""GOV-2024-135131-400110131120"",""publisher"":""国家公务员局"",""publication_page"":""https://www.xuanhan.gov.cn/xxgk-show-77635.html"",""attachment_url"":""https://www.xuanhan.gov.cn/uploadfile/1/Attachment/638fdecf51.zip"",""local_source_file"":""中央机关及其直属机构2024年度考试录用公务员招考简章.xls"",""local_source_sha256"":""a1741b99dbecd6d03e533f99f2d69b0fa5a79733e551b80af69986ceed2ad996"",""source_sheet"":""中央国家行政机关参照公务员法管理事业单位"",""filter_version"":""government_tech_v2"",""tech_filter"":{""is_tech"":true,""is_core_tech"":true,""scope"":""core"",""categories"":[""computer_software"",""data_ai""],""matched_fields"":[""major"",""description""],""major_terms"":[""计算机类""],""role_terms"":[""数据处理""],""reason"":""tech_major_and_role""},""original"":{""部门代码"":""135131"",""部门名称"":""国家统计局新疆调查总队"",""用人司局"":""国家统计局新疆调查总队"",""机构性质"":""中央国家行政机关参照公务员法管理事业单位"",""招考职位"":""青河调查队一级科员"",""职位属性"":""普通职位"",""职位分布"":""西部地区和艰苦边远地区职位"",""职位简介"":""从事一线入户调查、数据处理、统计分析、统计研究等工作。"",""职位代码"":""400110131120"",""机构层级"":""县（区）级及以下"",""考试类别"":""市（地）级及以下直属机构综合管理类"",""招考人数"":""1"",""专业"":""经济学类、统计学类、计算机类、数学类、农林经济管理类"",""学历"":""仅限本科"",""学位"":""学士"",""政治面貌"":""不限"",""基层工作最低年限"":""无限制"",""服务基层项目工作经历"":""无限制"",""是否在面试阶段组织专业能力测试"":""否"",""面试人员比例"":""3:1"",""工作地点"":""新疆维吾尔自治区阿勒泰地区青河县"",""落户地点"":""新疆维吾尔自治区阿勒泰地区青河县"",""备注"":""本单位最低服务年限为5年（含试用期）。"",""部门网站"":""www.xjso.gov.cn"",""咨询电话1"":""0991-2628045"",""咨询电话2"":"""",""咨询电话3"":"""",""来源Sheet"":""中央国家行政机关参照公务员法管理事业单位""}}"
"government_jobs","国家公务员2024招考简章","公务员/事业单位技术岗位","新疆维吾尔自治区阿克苏地区沙雅县","2026-07-28T09:12:58.310295+00:00","沙雅调查队一级科员","国家统计局新疆调查总队","","新疆维吾尔自治区阿克苏地区沙雅县","公务员/事业单位;2024;computer_software;data_ai;仅限本科;学士;经济学类、统计学类、计算机类、数学类、农林经济管理类、汉语言文学;市（地）级及以下直属机构综合管理类","用人司局：国家统计局新疆调查总队
职位简介：从事一线入户调查、数据处理、统计分析、统计研究等工作。
专业要求：经济学类、统计学类、计算机类、数学类、农林经济管理类、汉语言文学
学历要求：仅限本科
学位要求：学士
政治面貌：不限
基层工作经历：无限制
考试类别：市（地）级及以下直属机构综合管理类
备注：本单位最低服务年限为5年（含试用期）。","https://www.xuanhan.gov.cn/xxgk-show-77635.html#135131-400110131122","2023-10-15","{""dataset_year"":2024,""job_uid"":""GOV-2024-135131-400110131122"",""publisher"":""国家公务员局"",""publication_page"":""https://www.xuanhan.gov.cn/xxgk-show-77635.html"",""attachment_url"":""https://www.xuanhan.gov.cn/uploadfile/1/Attachment/638fdecf51.zip"",""local_source_file"":""中央机关及其直属机构2024年度考试录用公务员招考简章.xls"",""local_source_sha256"":""a1741b99dbecd6d03e533f99f2d69b0fa5a79733e551b80af69986ceed2ad996"",""source_sheet"":""中央国家行政机关参照公务员法管理事业单位"",""filter_version"":""government_tech_v2"",""tech_filter"":{""is_tech"":true,""is_core_tech"":true,""scope"":""core"",""categories"":[""computer_software"",""data_ai""],""matched_fields"":[""major"",""description""],""major_terms"":[""计算机类""],""role_terms"":[""数据处理""],""reason"":""tech_major_and_role""},""original"":{""部门代码"":""135131"",""部门名称"":""国家统计局新疆调查总队"",""用人司局"":""国家统计局新疆调查总队"",""机构性质"":""中央国家行政机关参照公务员法管理事业单位"",""招考职位"":""沙雅调查队一级科员"",""职位属性"":""普通职位"",""职位分布"":""西部地区和艰苦边远地区职位"",""职位简介"":""从事一线入户调查、数据处理、统计分析、统计研究等工作。"",""职位代码"":""400110131122"",""机构层级"":""县（区）级及以下"",""考试类别"":""市（地）级及以下直属机构综合管理类"",""招考人数"":""1"",""专业"":""经济学类、统计学类、计算机类、数学类、农林经济管理类、汉语言文学"",""学历"":""仅限本科"",""学位"":""学士"",""政治面貌"":""不限"",""基层工作最低年限"":""无限制"",""服务基层项目工作经历"":""无限制"",""是否在面试阶段组织专业能力测试"":""否"",""面试人员比例"":""3:1"",""工作地点"":""新疆维吾尔自治区阿克苏地区沙雅县"",""落户地点"":""新疆维吾尔自治区阿克苏地区沙雅县"",""备注"":""本单位最低服务年限为5年（含试用期）。"",""部门网站"":""www.xjso.gov.cn"",""咨询电话1"":""0991-2628045"",""咨询电话2"":"""",""咨询电话3"":"""",""来源Sheet"":""中央国家行政机关参照公务员法管理事业单位""}}"
"government_jobs","国家公务员2024招考简章","公务员/事业单位技术岗位","北京市西城区","2026-07-28T09:12:58.310295+00:00","信息化建设岗一级主任科员及以下","国家机关事务管理局","","北京市西城区","公务员/事业单位;2024;computer_software;cybersecurity_cryptography;electronics_communication;本科及以上;与最高学历相对应的学位;计算机科学与技术、电子信息科学与技术、软件工程、网络工程、信息安全相关专业;中央机关及其省级直属机构综合管理类","用人司局：办公室
职位简介：从事信息化建设相关工作
专业要求：计算机科学与技术、电子信息科学与技术、软件工程、网络工程、信息安全相关专业
学历要求：本科及以上
学位要求：与最高学历相对应的学位
政治面貌：中共党员
基层工作经历：二年
考试类别：中央机关及其省级直属机构综合管理类
备注：服从调配","https://www.xuanhan.gov.cn/xxgk-show-77635.html#141000-200110001001","2023-10-15","{""dataset_year"":2024,""job_uid"":""GOV-2024-141000-200110001001"",""publisher"":""国家公务员局"",""publication_page"":""https://www.xuanhan.gov.cn/xxgk-show-77635.html"",""attachment_url"":""https://www.xuanhan.gov.cn/uploadfile/1/Attachment/638fdecf51.zip"",""local_source_file"":""中央机关及其直属机构2024年度考试录用公务员招考简章.xls"",""local_source_sha256"":""a1741b99dbecd6d03e533f99f2d69b0fa5a79733e551b80af69986ceed2ad996"",""source_sheet"":""中央国家行政机关（本级）"",""filter_version"":""government_tech_v2"",""tech_filter"":{""is_tech"":true,""is_core_tech"":true,""scope"":""core"",""categories"":[""computer_software"",""cybersecurity_cryptography"",""electronics_communication""],""matched_fields"":[""major"",""job_title"",""description""],""major_terms"":[""信息安全"",""电子信息"",""网络工程"",""计算机科学与技术"",""软件工程""],""role_terms"":[""信息化""],""reason"":""tech_major_and_role""},""original"":{""部门代码"":""141000"",""部门名称"":""国家机关事务管理局"",""用人司局"":""办公室"",""机构性质"":""中央国家行政机关（本级）"",""招考职位"":""信息化建设岗一级主任科员及以下"",""职位属性"":""普通职位"",""职位分布"":""其他职位"",""职位简介"":""从事信息化建设相关工作"",""职位代码"":""200110001001"",""机构层级"":""中央"",""考试类别"":""中央机关及其省级直属机构综合管理类"",""招考人数"":""1"",""专业"":""计算机科学与技术、电子信息科学与技术、软件工程、网络工程、信息安全相关专业"",""学历"":""本科及以上"",""学位"":""与最高学历相对应的学位"",""政治面貌"":""中共党员"",""基层工作最低年限"":""二年"",""服务基层项目工作经历"":""无限制"",""是否在面试阶段组织专业能力测试"":""否"",""面试人员比例"":""5:1"",""工作地点"":""北京市西城区"",""落户地点"":""北京市西城区"",""备注"":""服从调配"",""部门网站"":""http://www.ggj.gov.cn/"",""咨询电话1"":""01083085021"",""咨询电话2"":"""",""咨询电话3"":"""",""来源Sheet"":""中央国家行政机关（本级）""}}"
"government_jobs","国家公务员2024招考简章","公务员/事业单位技术岗位","安徽省芜湖市南陵县","2026-07-28T09:12:58.310295+00:00","防灾减灾科一级主任科员及以下","安徽省气象局","","安徽省芜湖市南陵县","公务员/事业单位;2024;computer_software;cybersecurity_cryptography;硕士研究生及以上;与最高学历相对应的学位;大气科学类、计算机应用技术、计算机技术;市（地）级及以下直属机构综合管理类","用人司局：安徽省芜湖市南陵县气象局
职位简介：气象防灾减灾、网络安全管理
专业要求：大气科学类、计算机应用技术、计算机技术
学历要求：硕士研究生及以上
学位要求：与最高学历相对应的学位
政治面貌：不限
基层工作经历：无限制
考试类别：市（地）级及以下直属机构综合管理类","https://www.xuanhan.gov.cn/xxgk-show-77635.html#153112-400110009001","2023-10-15","{""dataset_year"":2024,""job_uid"":""GOV-2024-153112-400110009001"",""publisher"":""国家公务员局"",""publication_page"":""https://www.xuanhan.gov.cn/xxgk-show-77635.html"",""attachment_url"":""https://www.xuanhan.gov.cn/uploadfile/1/Attachment/638fdecf51.zip"",""local_source_file"":""中央机关及其直属机构2024年度考试录用公务员招考简章.xls"",""local_source_sha256"":""a1741b99dbecd6d03e533f99f2d69b0fa5a79733e551b80af69986ceed2ad996"",""source_sheet"":""中央国家行政机关参照公务员法管理事业单位"",""filter_version"":""government_tech_v2"",""tech_filter"":{""is_tech"":true,""is_core_tech"":true,""scope"":""core"",""categories"":[""computer_software"",""cybersecurity_cryptography""],""matched_fields"":[""major"",""description""],""major_terms"":[""计算机"",""计算机技术""],""role_terms"":[""网络安全""],""reason"":""tech_major_and_role""},""original"":{""部门代码"":""153112"",""部门名称"":""安徽省气象局"",""用人司局"":""安徽省芜湖市南陵县气象局"",""机构性质"":""中央国家行政机关参照公务员法管理事业单位"",""招考职位"":""防灾减灾科一级主任科员及以下"",""职位属性"":""普通职位"",""职位分布"":""其他职位"",""职位简介"":""气象防灾减灾、网络安全管理"",""职位代码"":""400110009001"",""机构层级"":""县（区）级及以下"",""考试类别"":""市（地）级及以下直属机构综合管理类"",""招考人数"":""1"",""专业"":""大气科学类、计算机应用技术、计算机技术"",""学历"":""硕士研究生及以上"",""学位"":""与最高学历相对应的学位"",""政治面貌"":""不限"",""基层工作最低年限"":""无限制"",""服务基层项目工作经历"":""无限制"",""是否在面试阶段组织专业能力测试"":""否"",""面试人员比例"":""3:1"",""工作地点"":""安徽省芜湖市南陵县"",""落户地点"":""安徽省芜湖市南陵县"",""备注"":"""",""部门网站"":""http://ah.cma.gov.cn/"",""咨询电话1"":""0551-62290087"",""咨询电话2"":""0551-62290065"",""咨询电话3"":""0551-62290058"",""来源Sheet"":""中央国家行政机关参照公务员法管理事业单位""}}"
"government_jobs","国家公务员2024招考简章","公务员/事业单位技术岗位","重庆市","2026-07-28T09:12:58.310295+00:00","观测与网络处一级主任科员及以下","重庆市气象局","","重庆市","公务员/事业单位;2024;computer_software;cybersecurity_cryptography;electronics_communication;硕士研究生及以上;与最高学历相对应的学位;大气科学类，网络空间安全专业、计算机科学与技术专业;中央机关及其省级直属机构综合管理类","用人司局：重庆市气象局
职位简介：气象观测、通信网络等相关管理工作
专业要求：大气科学类，网络空间安全专业、计算机科学与技术专业
学历要求：硕士研究生及以上
学位要求：与最高学历相对应的学位
政治面貌：不限
基层工作经历：二年
考试类别：中央机关及其省级直属机构综合管理类","https://www.xuanhan.gov.cn/xxgk-show-77635.html#153122-400110411002","2023-10-15","{""dataset_year"":2024,""job_uid"":""GOV-2024-153122-400110411002"",""publisher"":""国家公务员局"",""publication_page"":""https://www.xuanhan.gov.cn/xxgk-show-77635.html"",""attachment_url"":""https://www.xuanhan.gov.cn/uploadfile/1/Attachment/638fdecf51.zip"",""local_source_file"":""中央机关及其直属机构2024年度考试录用公务员招考简章.xls"",""local_source_sha256"":""a1741b99dbecd6d03e533f99f2d69b0fa5a79733e551b80af69986ceed2ad996"",""source_sheet"":""中央国家行政机关参照公务员法管理事业单位"",""filter_version"":""government_tech_v2"",""tech_filter"":{""is_tech"":true,""is_core_tech"":true,""scope"":""core"",""categories"":[""computer_software"",""cybersecurity_cryptography"",""electronics_communication""],""matched_fields"":[""major"",""description""],""major_terms"":[""网络空间安全"",""计算机科学与技术""],""role_terms"":[""通信网络""],""reason"":""tech_major_and_role""},""original"":{""部门代码"":""153122"",""部门名称"":""重庆市气象局"",""用人司局"":""重庆市气象局"",""机构性质"":""中央国家行政机关参照公务员法管理事业单位"",""招考职位"":""观测与网络处一级主任科员及以下"",""职位属性"":""普通职位"",""职位分布"":""其他职位"",""职位简介"":""气象观测、通信网络等相关管理工作"",""职位代码"":""400110411002"",""机构层级"":""省（副省）级"",""考试类别"":""中央机关及其省级直属机构综合管理类"",""招考人数"":""1"",""专业"":""大气科学类，网络空间安全专业、计算机科学与技术专业"",""学历"":""硕士研究生及以上"",""学位"":""与最高学历相对应的学位"",""政治面貌"":""不限"",""基层工作最低年限"":""二年"",""服务基层项目工作经历"":""无限制"",""是否在面试阶段组织专业能力测试"":""否"",""面试人员比例"":""3:1"",""工作地点"":""重庆市"",""落户地点"":""重庆市"",""备注"":"""",""部门网站"":""http://cq.cma.gov.cn/"",""咨询电话1"":""023-89116196"",""咨询电话2"":""023-89116046"",""咨询电话3"":"""",""来源Sheet"":""中央国家行政机关参照公务员法管理事业单位""}}"
"government_jobs","国家公务员2024招考简章","公务员/事业单位技术岗位","宁夏回族自治区石嘴山市大武口区","2026-07-28T09:12:58.310295+00:00","业务科技科一级科员","宁夏回族自治区气象局","","宁夏回族自治区石嘴山市大武口区","公务员/事业单位;2024;computer_software;cybersecurity_cryptography;本科及以上;与最高学历相对应的学位;大气科学类、计算机科学技术、计算机网络技术、计算机网络工程、计算机网络技术工程、网络技术、网络工程、信息安全、信息安全工程、网络空间安全;市（地）级及以下直属机构综合管理类","用人司局：宁夏回族自治区石嘴山市气象局
职位简介：主要从事气象业务管理、人工影响天气管理、防雷减灾管理、计算机网络安全管理等工作、组织制定业务发展规划、政策法规发展规划等工作。
专业要求：大气科学类、计算机科学技术、计算机网络技术、计算机网络工程、计算机网络技术工程、网络技术、网络工程、信息安全、信息安全工程、网络空间安全
学历要求：本科及以上
学位要求：与最高学历相对应的学位
政治面貌：不限
基层工作经历：无限制
考试类别：市（地）级及以下直属机构综合管理类
备注：专业条件为报考者最高学历所对应的主修专业。","https://www.xuanhan.gov.cn/xxgk-show-77635.html#153130-400110012001","2023-10-15","{""dataset_year"":2024,""job_uid"":""GOV-2024-153130-400110012001"",""publisher"":""国家公务员局"",""publication_page"":""https://www.xuanhan.gov.cn/xxgk-show-77635.html"",""attachment_url"":""https://www.xuanhan.gov.cn/uploadfile/1/Attachment/638fdecf51.zip"",""local_source_file"":""中央机关及其直属机构2024年度考试录用公务员招考简章.xls"",""local_source_sha256"":""a1741b99dbecd6d03e533f99f2d69b0fa5a79733e551b80af69986ceed2ad996"",""source_sheet"":""中央国家行政机关参照公务员法管理事业单位"",""filter_version"":""government_tech_v2"",""tech_filter"":{""is_tech"":true,""is_core_tech"":true,""scope"":""core"",""categories"":[""computer_software"",""cybersecurity_cryptography""],""matched_fields"":[""major"",""description""],""major_terms"":[""信息安全"",""网络工程"",""网络空间安全"",""计算机""],""role_terms"":[""网络安全"",""计算机""],""reason"":""tech_major_and_role""},""original"":{""部门代码"":""153130"",""部门名称"":""宁夏回族自治区气象局"",""用人司局"":""宁夏回族自治区石嘴山市气象局"",""机构性质"":""中央国家行政机关参照公务员法管理事业单位"",""招考职位"":""业务科技科一级科员"",""职位属性"":""普通职位"",""职位分布"":""西部地区和艰苦边远地区职位"",""职位简介"":""主要从事气象业务管理、人工影响天气管理、防雷减灾管理、计算机网络安全管理等工作、组织制定业务发展规划、政策法规发展规划等工作。"",""职位代码"":""400110012001"",""机构层级"":""市（地）级"",""考试类别"":""市（地）级及以下直属机构综合管理类"",""招考人数"":""1"",""专业"":""大气科学类、计算机科学技术、计算机网络技术、计算机网络工程、计算机网络技术工程、网络技术、网络工程、信息安全、信息安全工程、网络空间安全"",""学历"":""本科及以上"",""学位"":""与最高学历相对应的学位"",""政治面貌"":""不限"",""基层工作最低年限"":""无限制"",""服务基层项目工作经历"":""无限制"",""是否在面试阶段组织专业能力测试"":""否"",""面试人员比例"":""3:1"",""工作地点"":""宁夏回族自治区石嘴山市大武口区"",""落户地点"":""宁夏回族自治区石嘴山市大武口区"",""备注"":""专业条件为报考者最高学历所对应的主修专业。"",""部门网站"":""http://nx.cma.gov.cn/"",""咨询电话1"":""0951-5029804"",""咨询电话2"":"""",""咨询电话3"":"""",""来源Sheet"":""中央国家行政机关参照公务员法管理事业单位""}}"
"government_jobs","国家公务员2024招考简章","公务员/事业单位技术岗位","北京市","2026-07-28T09:12:58.310295+00:00","统计信息部门一级主任科员及以下","国家金融监督管理总局北京监管局","","北京市","公务员/事业单位;2024;computer_software;data_ai;硕士研究生及以上;与最高学历相对应的学位;计算机与金融交叉（详细要求见备注）;中央机关及其省级直属机构综合管理类","用人司局：国家金融监督管理总局北京监管局
职位简介：主要从事信息科技风险监管、电子设备软硬件管理及信息系统运行维护等工作。
专业要求：计算机与金融交叉（详细要求见备注）
学历要求：硕士研究生及以上
学位要求：与最高学历相对应的学位
政治面貌：不限
基层工作经历：无限制
考试类别：中央机关及其省级直属机构综合管理类
备注：1.大学英语六级成绩425分及以上。
2.专业需满足下列条件之一：
1.本科：计算机类，研究生：数学、统计学、应用统计或经济金融专业。
2.本科：经济学类、金融学类或数学类、统计类，研究生：计算机科学与技术、计算机软件与理论、计算机系统结构、计算机应用技术、人工智能、金融信息工程、数据科学和信息技术、计算机技术。
3.有关专业考试信息请参见国家金融监督管理总局2024年度招考公告。","https://www.xuanhan.gov.cn/xxgk-show-77635.html#154101-300147001001","2023-10-15","{""dataset_year"":2024,""job_uid"":""GOV-2024-154101-300147001001"",""publisher"":""国家公务员局"",""publication_page"":""https://www.xuanhan.gov.cn/xxgk-show-77635.html"",""attachment_url"":""https://www.xuanhan.gov.cn/uploadfile/1/Attachment/638fdecf51.zip"",""local_source_file"":""中央机关及其直属机构2024年度考试录用公务员招考简章.xls"",""local_source_sha256"":""a1741b99dbecd6d03e533f99f2d69b0fa5a79733e551b80af69986ceed2ad996"",""source_sheet"":""中央国家行政机关省级以下直属机构"",""filter_version"":""government_tech_v2"",""tech_filter"":{""is_tech"":true,""is_core_tech"":true,""scope"":""core"",""categories"":[""computer_software"",""data_ai""],""matched_fields"":[""major"",""description"",""remarks""],""major_terms"":[""计算机""],""role_terms"":[""人工智能"",""信息技术"",""信息科技"",""信息系统"",""计算机"",""软件"",""软硬件""],""reason"":""tech_major_and_role""},""original"":{""部门代码"":""154101"",""部门名称"":""国家金融监督管理总局北京监管局"",""用人司局"":""国家金融监督管理总局北京监管局"",""机构性质"":""中央国家行政机关省级以下直属机构"",""招考职位"":""统计信息部门一级主任科员及以下"",""职位属性"":""金融监管计算机类职位"",""职位分布"":""其他职位"",""职位简介"":""主要从事信息科技风险监管、电子设备软硬件管理及信息系统运行维护等工作。"",""职位代码"":""300147001001"",""机构层级"":""省（副省）级"",""考试类别"":""中央机关及其省级直属机构综合管理类"",""招考人数"":""4"",""专业"":""计算机与金融交叉（详细要求见备注）"",""学历"":""硕士研究生及以上"",""学位"":""与最高学历相对应的学位"",""政治面貌"":""不限"",""基层工作最低年限"":""无限制"",""服务基层项目工作经历"":""无限制"",""是否在面试阶段组织专业能力测试"":""否"",""面试人员比例"":""4:1"",""工作地点"":""北京市"",""落户地点"":""北京市"",""备注"":""1.大学英语六级成绩425分及以上。\n2.专业需满足下列条件之一：\n1.本科：计算机类，研究生：数学、统计学、应用统计或经济金融专业。\n2.本科：经济学类、金融学类或数学类、统计类，研究生：计算机科学与技术、计算机软件与理论、计算机系统结构、计算机应用技术、人工智能、金融信息工程、数据科学和信息技术、计算机技术。\n3.有关专业考试信息请参见国家金融监督管理总局2024年度招考公告。"",""部门网站"":""http://www.cbirc.gov.cn/"",""咨询电话1"":""010-58396606"",""咨询电话2"":""010-58391653"",""咨询电话3"":""010-58391624"",""来源Sheet"":""中央国家行政机关省级以下直属机构""}}"
"government_jobs","国家公务员2024招考简章","公务员/事业单位技术岗位","北京市","2026-07-28T09:12:58.310295+00:00","统计信息部门一级主任科员及以下","国家金融监督管理总局北京监管局","","北京市","公务员/事业单位;2024;computer_software;硕士研究生及以上;与最高学历相对应的学位;计算机类、计算机科学与技术、计算机软件与理论、计算机系统结构、计算机应用技术、人工智能、金融信息工程、数据科学和信息技术、计算机技术专业。;中央机关及其省级直属机构综合管理类","用人司局：国家金融监督管理总局北京监管局
职位简介：主要从事信息科技风险监管、电子设备软硬件管理及信息系统运行维护等工作。
专业要求：计算机类、计算机科学与技术、计算机软件与理论、计算机系统结构、计算机应用技术、人工智能、金融信息工程、数据科学和信息技术、计算机技术专业。
学历要求：硕士研究生及以上
学位要求：与最高学历相对应的学位
政治面貌：不限
基层工作经历：二年
考试类别：中央机关及其省级直属机构综合管理类
备注：1.大学英语六级成绩425分及以上。
2.考生须具有在金融机构、互联网金融公司或投资公司的相关从业经历。
3.有关专业考试信息请参见国家金融监督管理总局2024年度招考公告","https://www.xuanhan.gov.cn/xxgk-show-77635.html#154101-300147001002","2023-10-15","{""dataset_year"":2024,""job_uid"":""GOV-2024-154101-300147001002"",""publisher"":""国家公务员局"",""publication_page"":""https://www.xuanhan.gov.cn/xxgk-show-77635.html"",""attachment_url"":""https://www.xuanhan.gov.cn/uploadfile/1/Attachment/638fdecf51.zip"",""local_source_file"":""中央机关及其直属机构2024年度考试录用公务员招考简章.xls"",""local_source_sha256"":""a1741b99dbecd6d03e533f99f2d69b0fa5a79733e551b80af69986ceed2ad996"",""source_sheet"":""中央国家行政机关省级以下直属机构"",""filter_version"":""government_tech_v2"",""tech_filter"":{""is_tech"":true,""is_core_tech"":true,""scope"":""core"",""categories"":[""computer_software""],""matched_fields"":[""major"",""description"",""remarks""],""major_terms"":[""人工智能"",""数据科学"",""计算机"",""计算机技术"",""计算机科学与技术"",""计算机类""],""role_terms"":[""互联网"",""信息科技"",""信息系统"",""软硬件""],""reason"":""tech_major_and_role""},""original"":{""部门代码"":""154101"",""部门名称"":""国家金融监督管理总局北京监管局"",""用人司局"":""国家金融监督管理总局北京监管局"",""机构性质"":""中央国家行政机关省级以下直属机构"",""招考职位"":""统计信息部门一级主任科员及以下"",""职位属性"":""金融监管计算机类职位"",""职位分布"":""其他职位"",""职位简介"":""主要从事信息科技风险监管、电子设备软硬件管理及信息系统运行维护等工作。"",""职位代码"":""300147001002"",""机构层级"":""省（副省）级"",""考试类别"":""中央机关及其省级直属机构综合管理类"",""招考人数"":""1"",""专业"":""计算机类、计算机科学与技术、计算机软件与理论、计算机系统结构、计算机应用技术、人工智能、金融信息工程、数据科学和信息技术、计算机技术专业。"",""学历"":""硕士研究生及以上"",""学位"":""与最高学历相对应的学位"",""政治面貌"":""不限"",""基层工作最低年限"":""二年"",""服务基层项目工作经历"":""无限制"",""是否在面试阶段组织专业能力测试"":""否"",""面试人员比例"":""4:1"",""工作地点"":""北京市"",""落户地点"":""北京市"",""备注"":""1.大学英语六级成绩425分及以上。\n2.考生须具有在金融机构、互联网金融公司或投资公司的相关从业经历。\n3.有关专业考试信息请参见国家金融监督管理总局2024年度招考公告"",""部门网站"":""http://www.cbirc.gov.cn/"",""咨询电话1"":""010-58396606"",""咨询电话2"":""010-58391653"",""咨询电话3"":""010-58391624"",""来源Sheet"":""中央国家行政机关省级以下直属机构""}}"
"government_jobs","国家公务员2024招考简章","公务员/事业单位技术岗位","天津市","2026-07-28T09:12:58.310295+00:00","统计信息部门一级主任科员及以下","国家金融监督管理总局天津监管局","","天津市","公务员/事业单位;2024;computer_software;electronics_communication;硕士研究生及以上;与最高学历相对应的学位;信息与通信工程、计算机科学与技术、软件工程;中央机关及其省级直属机构综合管理类","用人司局：国家金融监督管理总局天津监管局
职位简介：主要从事信息科技风险监管、电子设备软硬件管理及信息系统运行维护等工作。
专业要求：信息与通信工程、计算机科学与技术、软件工程
学历要求：硕士研究生及以上
学位要求：与最高学历相对应的学位
政治面貌：不限
基层工作经历：无限制
考试类别：中央机关及其省级直属机构综合管理类
备注：1.同时具有相应的学历和学位；2.最低服务年限5年；3.考生根据天津市相关政策自行办理落户；4.大学英语六级成绩425分及以上，请在备注栏中注明；5.有关专业考试信息请参见国家金融监督管理总局2024年度招考公告。","https://www.xuanhan.gov.cn/xxgk-show-77635.html#154102-300147002001","2023-10-15","{""dataset_year"":2024,""job_uid"":""GOV-2024-154102-300147002001"",""publisher"":""国家公务员局"",""publication_page"":""https://www.xuanhan.gov.cn/xxgk-show-77635.html"",""attachment_url"":""https://www.xuanhan.gov.cn/uploadfile/1/Attachment/638fdecf51.zip"",""local_source_file"":""中央机关及其直属机构2024年度考试录用公务员招考简章.xls"",""local_source_sha256"":""a1741b99dbecd6d03e533f99f2d69b0fa5a79733e551b80af69986ceed2ad996"",""source_sheet"":""中央国家行政机关省级以下直属机构"",""filter_version"":""government_tech_v2"",""tech_filter"":{""is_tech"":true,""is_core_tech"":true,""scope"":""core"",""categories"":[""computer_software"",""electronics_communication""],""matched_fields"":[""major"",""description""],""major_terms"":[""信息与通信工程"",""计算机科学与技术"",""软件工程"",""通信工程""],""role_terms"":[""信息科技"",""信息系统"",""软硬件""],""reason"":""tech_major_and_role""},""original"":{""部门代码"":""154102"",""部门名称"":""国家金融监督管理总局天津监管局"",""用人司局"":""国家金融监督管理总局天津监管局"",""机构性质"":""中央国家行政机关省级以下直属机构"",""招考职位"":""统计信息部门一级主任科员及以下"",""职位属性"":""金融监管计算机类职位"",""职位分布"":""其他职位"",""职位简介"":""主要从事信息科技风险监管、电子设备软硬件管理及信息系统运行维护等工作。"",""职位代码"":""300147002001"",""机构层级"":""省（副省）级"",""考试类别"":""中央机关及其省级直属机构综合管理类"",""招考人数"":""2"",""专业"":""信息与通信工程、计算机科学与技术、软件工程"",""学历"":""硕士研究生及以上"",""学位"":""与最高学历相对应的学位"",""政治面貌"":""不限"",""基层工作最低年限"":""无限制"",""服务基层项目工作经历"":""无限制"",""是否在面试阶段组织专业能力测试"":""否"",""面试人员比例"":""4:1"",""工作地点"":""天津市"",""落户地点"":""天津市"",""备注"":""1.同时具有相应的学历和学位；2.最低服务年限5年；3.考生根据天津市相关政策自行办理落户；4.大学英语六级成绩425分及以上，请在备注栏中注明；5.有关专业考试信息请参见国家金融监督管理总局2024年度招考公告。"",""部门网站"":""http://www.cbirc.gov.cn/"",""咨询电话1"":""022-83866104"",""咨询电话2"":""022-65811013"",""咨询电话3"":"""",""来源Sheet"":""中央国家行政机关省级以下直属机构""}}"
"government_jobs","国家公务员2024招考简章","公务员/事业单位技术岗位","河北省石家庄市","2026-07-28T09:12:58.310295+00:00","统计信息部门一级主任科员及以下","国家金融监督管理总局河北监管局","","河北省石家庄市","公务员/事业单位;2024;computer_software;cybersecurity_cryptography;硕士研究生及以上;与最高学历相对应的学位;计算机（本科阶段须为计算机科学与技术、软件工程、网络工程、信息安全、电子与计算机工程、数据科学与大数据技术专业）;中央机关及其省级直属机构综合管理类","用人司局：国家金融监督管理总局河北监管局
职位简介：主要从事信息科技风险监管、电子设备软硬件管理及信息系统运行维护等工作
专业要求：计算机（本科阶段须为计算机科学与技术、软件工程、网络工程、信息安全、电子与计算机工程、数据科学与大数据技术专业）
学历要求：硕士研究生及以上
学位要求：与最高学历相对应的学位
政治面貌：不限
基层工作经历：无限制
考试类别：中央机关及其省级直属机构综合管理类
备注：1.大学英语六级60分（100分制）或425分（710分制）及以上，并在外语水平一栏注明已获得的英语等级证书及成绩；2.有关专业考试信息请参见国家金融监督管理总局2024年度招考公告。","https://www.xuanhan.gov.cn/xxgk-show-77635.html#154103-300147001001","2023-10-15","{""dataset_year"":2024,""job_uid"":""GOV-2024-154103-300147001001"",""publisher"":""国家公务员局"",""publication_page"":""https://www.xuanhan.gov.cn/xxgk-show-77635.html"",""attachment_url"":""https://www.xuanhan.gov.cn/uploadfile/1/Attachment/638fdecf51.zip"",""local_source_file"":""中央机关及其直属机构2024年度考试录用公务员招考简章.xls"",""local_source_sha256"":""a1741b99dbecd6d03e533f99f2d69b0fa5a79733e551b80af69986ceed2ad996"",""source_sheet"":""中央国家行政机关省级以下直属机构"",""filter_version"":""government_tech_v2"",""tech_filter"":{""is_tech"":true,""is_core_tech"":true,""scope"":""core"",""categories"":[""computer_software"",""cybersecurity_cryptography""],""matched_fields"":[""major"",""description""],""major_terms"":[""信息安全"",""大数据"",""数据科学与大数据技术"",""网络工程"",""计算机"",""计算机科学与技术"",""软件工程""],""role_terms"":[""信息科技"",""信息系统"",""软硬件""],""reason"":""tech_major_and_role""},""original"":{""部门代码"":""154103"",""部门名称"":""国家金融监督管理总局河北监管局"",""用人司局"":""国家金融监督管理总局河北监管局"",""机构性质"":""中央国家行政机关省级以下直属机构"",""招考职位"":""统计信息部门一级主任科员及以下"",""职位属性"":""金融监管计算机类职位"",""职位分布"":""其他职位"",""职位简介"":""主要从事信息科技风险监管、电子设备软硬件管理及信息系统运行维护等工作"",""职位代码"":""300147001001"",""机构层级"":""省（副省）级"",""考试类别"":""中央机关及其省级直属机构综合管理类"",""招考人数"":""2"",""专业"":""计算机（本科阶段须为计算机科学与技术、软件工程、网络工程、信息安全、电子与计算机工程、数据科学与大数据技术专业）"",""学历"":""硕士研究生及以上"",""学位"":""与最高学历相对应的学位"",""政治面貌"":""不限"",""基层工作最低年限"":""无限制"",""服务基层项目工作经历"":""无限制"",""是否在面试阶段组织专业能力测试"":""否"",""面试人员比例"":""4:1"",""工作地点"":""河北省石家庄市"",""落户地点"":""河北省石家庄市"",""备注"":""1.大学英语六级60分（100分制）或425分（710分制）及以上，并在外语水平一栏注明已获得的英语等级证书及成绩；2.有关专业考试信息请参见国家金融监督管理总局2024年度招考公告。"",""部门网站"":""http://www.cbirc.gov.cn/"",""咨询电话1"":""0311-68098133"",""咨询电话2"":"""",""咨询电话3"":"""",""来源Sheet"":""中央国家行政机关省级以下直属机构""}}"
"government_jobs","国家公务员2024招考简章","公务员/事业单位技术岗位","河北省唐山市","2026-07-28T09:12:58.310295+00:00","统计信息部门一级主任科员及以下","国家金融监督管理总局河北监管局","","河北省唐山市","公务员/事业单位;2024;computer_software;cybersecurity_cryptography;本科及以上;与最高学历相对应的学位;计算机（本科阶段须为计算机科学与技术、软件工程、网络工程、信息安全、电子与计算机工程、数据科学与大数据技术专业）;市（地）级及以下直属机构综合管理类","用人司局：国家金融监督管理总局唐山监管分局
职位简介：主要从事信息科技风险监管、电子设备软硬件管理及信息系统运行维护等工作
专业要求：计算机（本科阶段须为计算机科学与技术、软件工程、网络工程、信息安全、电子与计算机工程、数据科学与大数据技术专业）
学历要求：本科及以上
学位要求：与最高学历相对应的学位
政治面貌：不限
基层工作经历：无限制
考试类别：市（地）级及以下直属机构综合管理类
备注：1.大学英语四级60分（100分制）或425分（710分制）及以上，并在外语水平一栏注明已获得的英语等级证书及成绩；2.有关专业考试信息请参见国家金融监督管理总局2024年度招考公告。","https://www.xuanhan.gov.cn/xxgk-show-77635.html#154103-300147014001","2023-10-15","{""dataset_year"":2024,""job_uid"":""GOV-2024-154103-300147014001"",""publisher"":""国家公务员局"",""publication_page"":""https://www.xuanhan.gov.cn/xxgk-show-77635.html"",""attachment_url"":""https://www.xuanhan.gov.cn/uploadfile/1/Attachment/638fdecf51.zip"",""local_source_file"":""中央机关及其直属机构2024年度考试录用公务员招考简章.xls"",""local_source_sha256"":""a1741b99dbecd6d03e533f99f2d69b0fa5a79733e551b80af69986ceed2ad996"",""source_sheet"":""中央国家行政机关省级以下直属机构"",""filter_version"":""government_tech_v2"",""tech_filter"":{""is_tech"":true,""is_core_tech"":true,""scope"":""core"",""categories"":[""computer_software"",""cybersecurity_cryptography""],""matched_fields"":[""major"",""description""],""major_terms"":[""信息安全"",""大数据"",""数据科学与大数据技术"",""网络工程"",""计算机"",""计算机科学与技术"",""软件工程""],""role_terms"":[""信息科技"",""信息系统"",""软硬件""],""reason"":""tech_major_and_role""},""original"":{""部门代码"":""154103"",""部门名称"":""国家金融监督管理总局河北监管局"",""用人司局"":""国家金融监督管理总局唐山监管分局"",""机构性质"":""中央国家行政机关省级以下直属机构"",""招考职位"":""统计信息部门一级主任科员及以下"",""职位属性"":""金融监管计算机类职位"",""职位分布"":""其他职位"",""职位简介"":""主要从事信息科技风险监管、电子设备软硬件管理及信息系统运行维护等工作"",""职位代码"":""300147014001"",""机构层级"":""市（地）级"",""考试类别"":""市（地）级及以下直属机构综合管理类"",""招考人数"":""1"",""专业"":""计算机（本科阶段须为计算机科学与技术、软件工程、网络工程、信息安全、电子与计算机工程、数据科学与大数据技术专业）"",""学历"":""本科及以上"",""学位"":""与最高学历相对应的学位"",""政治面貌"":""不限"",""基层工作最低年限"":""无限制"",""服务基层项目工作经历"":""无限制"",""是否在面试阶段组织专业能力测试"":""否"",""面试人员比例"":""3:1"",""工作地点"":""河北省唐山市"",""落户地点"":""河北省唐山市"",""备注"":""1.大学英语四级60分（100分制）或425分（710分制）及以上，并在外语水平一栏注明已获得的英语等级证书及成绩；2.有关专业考试信息请参见国家金融监督管理总局2024年度招考公告。"",""部门网站"":""http://www.cbirc.gov.cn/"",""咨询电话1"":""0311-68098133"",""咨询电话2"":"""",""咨询电话3"":"""",""来源Sheet"":""中央国家行政机关省级以下直属机构""}}"
"government_jobs","国家公务员2024招考简章","公务员/事业单位技术岗位","河北省廊坊市","2026-07-28T09:12:58.310295+00:00","统计信息部门一级主任科员及以下","国家金融监督管理总局河北监管局","","河北省廊坊市","公务员/事业单位;2024;computer_software;cybersecurity_cryptography;本科及以上;与最高学历相对应的学位;计算机（本科阶段须为计算机科学与技术、软件工程、网络工程、信息安全、电子与计算机工程、数据科学与大数据技术专业）;市（地）级及以下直属机构综合管理类","用人司局：国家金融监督管理总局廊坊监管分局
职位简介：主要从事信息科技风险监管、电子设备软硬件管理及信息系统运行维护等工作
专业要求：计算机（本科阶段须为计算机科学与技术、软件工程、网络工程、信息安全、电子与计算机工程、数据科学与大数据技术专业）
学历要求：本科及以上
学位要求：与最高学历相对应的学位
政治面貌：不限
基层工作经历：无限制
考试类别：市（地）级及以下直属机构综合管理类
备注：1.大学英语四级60分（100分制）或425分（710分制）及以上，并在外语水平一栏注明已获得的英语等级证书及成绩；2.有关专业考试信息请参见国家金融监督管理总局2024年度招考公告。","https://www.xuanhan.gov.cn/xxgk-show-77635.html#154103-300147015001","2023-10-15","{""dataset_year"":2024,""job_uid"":""GOV-2024-154103-300147015001"",""publisher"":""国家公务员局"",""publication_page"":""https://www.xuanhan.gov.cn/xxgk-show-77635.html"",""attachment_url"":""https://www.xuanhan.gov.cn/uploadfile/1/Attachment/638fdecf51.zip"",""local_source_file"":""中央机关及其直属机构2024年度考试录用公务员招考简章.xls"",""local_source_sha256"":""a1741b99dbecd6d03e533f99f2d69b0fa5a79733e551b80af69986ceed2ad996"",""source_sheet"":""中央国家行政机关省级以下直属机构"",""filter_version"":""government_tech_v2"",""tech_filter"":{""is_tech"":true,""is_core_tech"":true,""scope"":""core"",""categories"":[""computer_software"",""cybersecurity_cryptography""],""matched_fields"":[""major"",""description""],""major_terms"":[""信息安全"",""大数据"",""数据科学与大数据技术"",""网络工程"",""计算机"",""计算机科学与技术"",""软件工程""],""role_terms"":[""信息科技"",""信息系统"",""软硬件""],""reason"":""tech_major_and_role""},""original"":{""部门代码"":""154103"",""部门名称"":""国家金融监督管理总局河北监管局"",""用人司局"":""国家金融监督管理总局廊坊监管分局"",""机构性质"":""中央国家行政机关省级以下直属机构"",""招考职位"":""统计信息部门一级主任科员及以下"",""职位属性"":""金融监管计算机类职位"",""职位分布"":""其他职位"",""职位简介"":""主要从事信息科技风险监管、电子设备软硬件管理及信息系统运行维护等工作"",""职位代码"":""300147015001"",""机构层级"":""市（地）级"",""考试类别"":""市（地）级及以下直属机构综合管理类"",""招考人数"":""1"",""专业"":""计算机（本科阶段须为计算机科学与技术、软件工程、网络工程、信息安全、电子与计算机工程、数据科学与大数据技术专业）"",""学历"":""本科及以上"",""学位"":""与最高学历相对应的学位"",""政治面貌"":""不限"",""基层工作最低年限"":""无限制"",""服务基层项目工作经历"":""无限制"",""是否在面试阶段组织专业能力测试"":""否"",""面试人员比例"":""3:1"",""工作地点"":""河北省廊坊市"",""落户地点"":""河北省廊坊市"",""备注"":""1.大学英语四级60分（100分制）或425分（710分制）及以上，并在外语水平一栏注明已获得的英语等级证书及成绩；2.有关专业考试信息请参见国家金融监督管理总局2024年度招考公告。"",""部门网站"":""http://www.cbirc.gov.cn/"",""咨询电话1"":""0311-68098133"",""咨询电话2"":"""",""咨询电话3"":"""",""来源Sheet"":""中央国家行政机关省级以下直属机构""}}"
"government_jobs","国家公务员2024招考简章","公务员/事业单位技术岗位","河北省保定市","2026-07-28T09:12:58.310295+00:00","统计信息部门一级主任科员及以下","国家金融监督管理总局河北监管局","","河北省保定市","公务员/事业单位;2024;computer_software;cybersecurity_cryptography;仅限本科;学士;计算机科学与技术、软件工程、网络工程、信息安全、电子与计算机工程、数据科学与大数据技术专业;市（地）级及以下直属机构综合管理类","用人司局：国家金融监督管理总局保定监管分局
职位简介：主要从事信息科技风险监管、电子设备软硬件管理及信息系统运行维护等工作
专业要求：计算机科学与技术、软件工程、网络工程、信息安全、电子与计算机工程、数据科学与大数据技术专业
学历要求：仅限本科
学位要求：学士
政治面貌：不限
基层工作经历：无限制
考试类别：市（地）级及以下直属机构综合管理类
备注：1.大学英语四级60分（100分制）或425分（710分制）及以上，并在外语水平一栏注明已获得的英语等级证书及成绩；2.有关专业考试信息请参见国家金融监督管理总局2024年度招考公告。","https://www.xuanhan.gov.cn/xxgk-show-77635.html#154103-300147016001","2023-10-15","{""dataset_year"":2024,""job_uid"":""GOV-2024-154103-300147016001"",""publisher"":""国家公务员局"",""publication_page"":""https://www.xuanhan.gov.cn/xxgk-show-77635.html"",""attachment_url"":""https://www.xuanhan.gov.cn/uploadfile/1/Attachment/638fdecf51.zip"",""local_source_file"":""中央机关及其直属机构2024年度考试录用公务员招考简章.xls"",""local_source_sha256"":""a1741b99dbecd6d03e533f99f2d69b0fa5a79733e551b80af69986ceed2ad996"",""source_sheet"":""中央国家行政机关省级以下直属机构"",""filter_version"":""government_tech_v2"",""tech_filter"":{""is_tech"":true,""is_core_tech"":true,""scope"":""core"",""categories"":[""computer_software"",""cybersecurity_cryptography""],""matched_fields"":[""major"",""description""],""major_terms"":[""信息安全"",""大数据"",""数据科学与大数据技术"",""网络工程"",""计算机"",""计算机科学与技术"",""软件工程""],""role_terms"":[""信息科技"",""信息系统"",""软硬件""],""reason"":""tech_major_and_role""},""original"":{""部门代码"":""154103"",""部门名称"":""国家金融监督管理总局河北监管局"",""用人司局"":""国家金融监督管理总局保定监管分局"",""机构性质"":""中央国家行政机关省级以下直属机构"",""招考职位"":""统计信息部门一级主任科员及以下"",""职位属性"":""金融监管计算机类职位"",""职位分布"":""其他职位"",""职位简介"":""主要从事信息科技风险监管、电子设备软硬件管理及信息系统运行维护等工作"",""职位代码"":""300147016001"",""机构层级"":""市（地）级"",""考试类别"":""市（地）级及以下直属机构综合管理类"",""招考人数"":""2"",""专业"":""计算机科学与技术、软件工程、网络工程、信息安全、电子与计算机工程、数据科学与大数据技术专业"",""学历"":""仅限本科"",""学位"":""学士"",""政治面貌"":""不限"",""基层工作最低年限"":""无限制"",""服务基层项目工作经历"":""无限制"",""是否在面试阶段组织专业能力测试"":""否"",""面试人员比例"":""3:1"",""工作地点"":""河北省保定市"",""落户地点"":""河北省保定市"",""备注"":""1.大学英语四级60分（100分制）或425分（710分制）及以上，并在外语水平一栏注明已获得的英语等级证书及成绩；2.有关专业考试信息请参见国家金融监督管理总局2024年度招考公告。"",""部门网站"":""http://www.cbirc.gov.cn/"",""咨询电话1"":""0311-68098133"",""咨询电话2"":"""",""咨询电话3"":"""",""来源Sheet"":""中央国家行政机关省级以下直属机构""}}"
"government_jobs","国家公务员2024招考简章","公务员/事业单位技术岗位","河北省沧州市","2026-07-28T09:12:58.310295+00:00","统计信息部门一级主任科员及以下","国家金融监督管理总局河北监管局","","河北省沧州市","公务员/事业单位;2024;computer_software;cybersecurity_cryptography;本科及以上;与最高学历相对应的学位;计算机（本科阶段须为计算机科学与技术、软件工程、网络工程、信息安全、电子与计算机工程、数据科学与大数据技术专业）;市（地）级及以下直属机构综合管理类","用人司局：国家金融监督管理总局沧州监管分局
职位简介：主要从事信息科技风险监管、电子设备软硬件管理及信息系统运行维护等工作
专业要求：计算机（本科阶段须为计算机科学与技术、软件工程、网络工程、信息安全、电子与计算机工程、数据科学与大数据技术专业）
学历要求：本科及以上
学位要求：与最高学历相对应的学位
政治面貌：不限
基层工作经历：无限制
考试类别：市（地）级及以下直属机构综合管理类
备注：1.大学英语四级60分（100分制）或425分（710分制）及以上，并在外语水平一栏注明已获得的英语等级证书及成绩；2.有关专业考试信息请参见国家金融监督管理总局2024年度招考公告。","https://www.xuanhan.gov.cn/xxgk-show-77635.html#154103-300147017001","2023-10-15","{""dataset_year"":2024,""job_uid"":""GOV-2024-154103-300147017001"",""publisher"":""国家公务员局"",""publication_page"":""https://www.xuanhan.gov.cn/xxgk-show-77635.html"",""attachment_url"":""https://www.xuanhan.gov.cn/uploadfile/1/Attachment/638fdecf51.zip"",""local_source_file"":""中央机关及其直属机构2024年度考试录用公务员招考简章.xls"",""local_source_sha256"":""a1741b99dbecd6d03e533f99f2d69b0fa5a79733e551b80af69986ceed2ad996"",""source_sheet"":""中央国家行政机关省级以下直属机构"",""filter_version"":""government_tech_v2"",""tech_filter"":{""is_tech"":true,""is_core_tech"":true,""scope"":""core"",""categories"":[""computer_software"",""cybersecurity_cryptography""],""matched_fields"":[""major"",""description""],""major_terms"":[""信息安全"",""大数据"",""数据科学与大数据技术"",""网络工程"",""计算机"",""计算机科学与技术"",""软件工程""],""role_terms"":[""信息科技"",""信息系统"",""软硬件""],""reason"":""tech_major_and_role""},""original"":{""部门代码"":""154103"",""部门名称"":""国家金融监督管理总局河北监管局"",""用人司局"":""国家金融监督管理总局沧州监管分局"",""机构性质"":""中央国家行政机关省级以下直属机构"",""招考职位"":""统计信息部门一级主任科员及以下"",""职位属性"":""金融监管计算机类职位"",""职位分布"":""其他职位"",""职位简介"":""主要从事信息科技风险监管、电子设备软硬件管理及信息系统运行维护等工作"",""职位代码"":""300147017001"",""机构层级"":""市（地）级"",""考试类别"":""市（地）级及以下直属机构综合管理类"",""招考人数"":""2"",""专业"":""计算机（本科阶段须为计算机科学与技术、软件工程、网络工程、信息安全、电子与计算机工程、数据科学与大数据技术专业）"",""学历"":""本科及以上"",""学位"":""与最高学历相对应的学位"",""政治面貌"":""不限"",""基层工作最低年限"":""无限制"",""服务基层项目工作经历"":""无限制"",""是否在面试阶段组织专业能力测试"":""否"",""面试人员比例"":""3:1"",""工作地点"":""河北省沧州市"",""落户地点"":""河北省沧州市"",""备注"":""1.大学英语四级60分（100分制）或425分（710分制）及以上，并在外语水平一栏注明已获得的英语等级证书及成绩；2.有关专业考试信息请参见国家金融监督管理总局2024年度招考公告。"",""部门网站"":""http://www.cbirc.gov.cn/"",""咨询电话1"":""0311-68098133"",""咨询电话2"":"""",""咨询电话3"":"""",""来源Sheet"":""中央国家行政机关省级以下直属机构""}}"
"government_jobs","国家公务员2024招考简章","公务员/事业单位技术岗位","河北省衡水市","2026-07-28T09:12:58.310295+00:00","统计信息部门一级主任科员及以下","国家金融监督管理总局河北监管局","","河北省衡水市","公务员/事业单位;2024;computer_software;cybersecurity_cryptography;本科及以上;与最高学历相对应的学位;计算机（本科阶段须为计算机科学与技术、软件工程、网络工程、信息安全、电子与计算机工程、数据科学与大数据技术专业）;市（地）级及以下直属机构综合管理类","用人司局：国家金融监督管理总局衡水监管分局
职位简介：主要从事信息科技风险监管、电子设备软硬件管理及信息系统运行维护等工作
专业要求：计算机（本科阶段须为计算机科学与技术、软件工程、网络工程、信息安全、电子与计算机工程、数据科学与大数据技术专业）
学历要求：本科及以上
学位要求：与最高学历相对应的学位
政治面貌：不限
基层工作经历：无限制
考试类别：市（地）级及以下直属机构综合管理类
备注：1.大学英语四级60分（100分制）或425分（710分制）及以上，并在外语水平一栏注明已获得的英语等级证书及成绩；2.有关专业考试信息请参见国家金融监督管理总局2024年度招考公告。","https://www.xuanhan.gov.cn/xxgk-show-77635.html#154103-300147018001","2023-10-15","{""dataset_year"":2024,""job_uid"":""GOV-2024-154103-300147018001"",""publisher"":""国家公务员局"",""publication_page"":""https://www.xuanhan.gov.cn/xxgk-show-77635.html"",""attachment_url"":""https://www.xuanhan.gov.cn/uploadfile/1/Attachment/638fdecf51.zip"",""local_source_file"":""中央机关及其直属机构2024年度考试录用公务员招考简章.xls"",""local_source_sha256"":""a1741b99dbecd6d03e533f99f2d69b0fa5a79733e551b80af69986ceed2ad996"",""source_sheet"":""中央国家行政机关省级以下直属机构"",""filter_version"":""government_tech_v2"",""tech_filter"":{""is_tech"":true,""is_core_tech"":true,""scope"":""core"",""categories"":[""computer_software"",""cybersecurity_cryptography""],""matched_fields"":[""major"",""description""],""major_terms"":[""信息安全"",""大数据"",""数据科学与大数据技术"",""网络工程"",""计算机"",""计算机科学与技术"",""软件工程""],""role_terms"":[""信息科技"",""信息系统"",""软硬件""],""reason"":""tech_major_and_role""},""original"":{""部门代码"":""154103"",""部门名称"":""国家金融监督管理总局河北监管局"",""用人司局"":""国家金融监督管理总局衡水监管分局"",""机构性质"":""中央国家行政机关省级以下直属机构"",""招考职位"":""统计信息部门一级主任科员及以下"",""职位属性"":""金融监管计算机类职位"",""职位分布"":""其他职位"",""职位简介"":""主要从事信息科技风险监管、电子设备软硬件管理及信息系统运行维护等工作"",""职位代码"":""300147018001"",""机构层级"":""市（地）级"",""考试类别"":""市（地）级及以下直属机构综合管理类"",""招考人数"":""1"",""专业"":""计算机（本科阶段须为计算机科学与技术、软件工程、网络工程、信息安全、电子与计算机工程、数据科学与大数据技术专业）"",""学历"":""本科及以上"",""学位"":""与最高学历相对应的学位"",""政治面貌"":""不限"",""基层工作最低年限"":""无限制"",""服务基层项目工作经历"":""无限制"",""是否在面试阶段组织专业能力测试"":""否"",""面试人员比例"":""3:1"",""工作地点"":""河北省衡水市"",""落户地点"":""河北省衡水市"",""备注"":""1.大学英语四级60分（100分制）或425分（710分制）及以上，并在外语水平一栏注明已获得的英语等级证书及成绩；2.有关专业考试信息请参见国家金融监督管理总局2024年度招考公告。"",""部门网站"":""http://www.cbirc.gov.cn/"",""咨询电话1"":""0311-68098133"",""咨询电话2"":"""",""咨询电话3"":"""",""来源Sheet"":""中央国家行政机关省级以下直属机构""}}"
"government_jobs","国家公务员2024招考简章","公务员/事业单位技术岗位","河北省邯郸市","2026-07-28T09:12:58.310295+00:00","统计信息部门一级主任科员及以下","国家金融监督管理总局河北监管局","","河北省邯郸市","公务员/事业单位;2024;computer_software;cybersecurity_cryptography;本科及以上;与最高学历相对应的学位;计算机（本科阶段须为计算机科学与技术、软件工程、网络工程、信息安全、电子与计算机工程、数据科学与大数据技术专业）;市（地）级及以下直属机构综合管理类","用人司局：国家金融监督管理总局邯郸监管分局
职位简介：主要从事信息科技风险监管、电子设备软硬件管理及信息系统运行维护等工作
专业要求：计算机（本科阶段须为计算机科学与技术、软件工程、网络工程、信息安全、电子与计算机工程、数据科学与大数据技术专业）
学历要求：本科及以上
学位要求：与最高学历相对应的学位
政治面貌：不限
基层工作经历：无限制
考试类别：市（地）级及以下直属机构综合管理类
备注：1.大学英语四级60分（100分制）或425分（710分制）及以上，并在外语水平一栏注明已获得的英语等级证书及成绩；2.有关专业考试信息请参见国家金融监督管理总局2024年度招考公告。","https://www.xuanhan.gov.cn/xxgk-show-77635.html#154103-300147020001","2023-10-15","{""dataset_year"":2024,""job_uid"":""GOV-2024-154103-300147020001"",""publisher"":""国家公务员局"",""publication_page"":""https://www.xuanhan.gov.cn/xxgk-show-77635.html"",""attachment_url"":""https://www.xuanhan.gov.cn/uploadfile/1/Attachment/638fdecf51.zip"",""local_source_file"":""中央机关及其直属机构2024年度考试录用公务员招考简章.xls"",""local_source_sha256"":""a1741b99dbecd6d03e533f99f2d69b0fa5a79733e551b80af69986ceed2ad996"",""source_sheet"":""中央国家行政机关省级以下直属机构"",""filter_version"":""government_tech_v2"",""tech_filter"":{""is_tech"":true,""is_core_tech"":true,""scope"":""core"",""categories"":[""computer_software"",""cybersecurity_cryptography""],""matched_fields"":[""major"",""description""],""major_terms"":[""信息安全"",""大数据"",""数据科学与大数据技术"",""网络工程"",""计算机"",""计算机科学与技术"",""软件工程""],""role_terms"":[""信息科技"",""信息系统"",""软硬件""],""reason"":""tech_major_and_role""},""original"":{""部门代码"":""154103"",""部门名称"":""国家金融监督管理总局河北监管局"",""用人司局"":""国家金融监督管理总局邯郸监管分局"",""机构性质"":""中央国家行政机关省级以下直属机构"",""招考职位"":""统计信息部门一级主任科员及以下"",""职位属性"":""金融监管计算机类职位"",""职位分布"":""其他职位"",""职位简介"":""主要从事信息科技风险监管、电子设备软硬件管理及信息系统运行维护等工作"",""职位代码"":""300147020001"",""机构层级"":""市（地）级"",""考试类别"":""市（地）级及以下直属机构综合管理类"",""招考人数"":""1"",""专业"":""计算机（本科阶段须为计算机科学与技术、软件工程、网络工程、信息安全、电子与计算机工程、数据科学与大数据技术专业）"",""学历"":""本科及以上"",""学位"":""与最高学历相对应的学位"",""政治面貌"":""不限"",""基层工作最低年限"":""无限制"",""服务基层项目工作经历"":""无限制"",""是否在面试阶段组织专业能力测试"":""否"",""面试人员比例"":""3:1"",""工作地点"":""河北省邯郸市"",""落户地点"":""河北省邯郸市"",""备注"":""1.大学英语四级60分（100分制）或425分（710分制）及以上，并在外语水平一栏注明已获得的英语等级证书及成绩；2.有关专业考试信息请参见国家金融监督管理总局2024年度招考公告。"",""部门网站"":""http://www.cbirc.gov.cn/"",""咨询电话1"":""0311-68098133"",""咨询电话2"":"""",""咨询电话3"":"""",""来源Sheet"":""中央国家行政机关省级以下直属机构""}}"
"government_jobs","国家公务员2024招考简章","公务员/事业单位技术岗位","河北省唐山市","2026-07-28T09:12:58.310295+00:00","统计信息部门一级主任科员及以下","国家金融监督管理总局河北监管局","","河北省唐山市","公务员/事业单位;2024;computer_software;cybersecurity_cryptography;仅限本科;学士;计算机科学与技术、软件工程、网络工程、信息安全、电子与计算机工程、数据科学与大数据技术专业;市（地）级及以下直属机构综合管理类","用人司局：国家金融监督管理总局唐山监管分局辖内县级派出机构
职位简介：主要从事信息科技风险监管、电子设备软硬件管理及信息系统运行维护等工作
专业要求：计算机科学与技术、软件工程、网络工程、信息安全、电子与计算机工程、数据科学与大数据技术专业
学历要求：仅限本科
学位要求：学士
政治面貌：不限
基层工作经历：无限制
考试类别：市（地）级及以下直属机构综合管理类
备注：1.本职位为唐山监管分局辖内曹妃甸县级派出机构职位；2.应届高校毕业生；3.大学英语四级60分（100分制）或425分（710分制）及以上，并在外语水平一栏注明已获得的英语等级证书及成绩；4.有关专业考试信息请参见国家金融监督管理总局2024年度招考公告。","https://www.xuanhan.gov.cn/xxgk-show-77635.html#154103-300147105001","2023-10-15","{""dataset_year"":2024,""job_uid"":""GOV-2024-154103-300147105001"",""publisher"":""国家公务员局"",""publication_page"":""https://www.xuanhan.gov.cn/xxgk-show-77635.html"",""attachment_url"":""https://www.xuanhan.gov.cn/uploadfile/1/Attachment/638fdecf51.zip"",""local_source_file"":""中央机关及其直属机构2024年度考试录用公务员招考简章.xls"",""local_source_sha256"":""a1741b99dbecd6d03e533f99f2d69b0fa5a79733e551b80af69986ceed2ad996"",""source_sheet"":""中央国家行政机关省级以下直属机构"",""filter_version"":""government_tech_v2"",""tech_filter"":{""is_tech"":true,""is_core_tech"":true,""scope"":""core"",""categories"":[""computer_software"",""cybersecurity_cryptography""],""matched_fields"":[""major"",""description""],""major_terms"":[""信息安全"",""大数据"",""数据科学与大数据技术"",""网络工程"",""计算机"",""计算机科学与技术"",""软件工程""],""role_terms"":[""信息科技"",""信息系统"",""软硬件""],""reason"":""tech_major_and_role""},""original"":{""部门代码"":""154103"",""部门名称"":""国家金融监督管理总局河北监管局"",""用人司局"":""国家金融监督管理总局唐山监管分局辖内县级派出机构"",""机构性质"":""中央国家行政机关省级以下直属机构"",""招考职位"":""统计信息部门一级主任科员及以下"",""职位属性"":""金融监管计算机类职位"",""职位分布"":""其他职位"",""职位简介"":""主要从事信息科技风险监管、电子设备软硬件管理及信息系统运行维护等工作"",""职位代码"":""300147105001"",""机构层级"":""县（区）级及以下"",""考试类别"":""市（地）级及以下直属机构综合管理类"",""招考人数"":""1"",""专业"":""计算机科学与技术、软件工程、网络工程、信息安全、电子与计算机工程、数据科学与大数据技术专业"",""学历"":""仅限本科"",""学位"":""学士"",""政治面貌"":""不限"",""基层工作最低年限"":""无限制"",""服务基层项目工作经历"":""无限制"",""是否在面试阶段组织专业能力测试"":""否"",""面试人员比例"":""3:1"",""工作地点"":""河北省唐山市"",""落户地点"":""河北省唐山市"",""备注"":""1.本职位为唐山监管分局辖内曹妃甸县级派出机构职位；2.应届高校毕业生；3.大学英语四级60分（100分制）或425分（710分制）及以上，并在外语水平一栏注明已获得的英语等级证书及成绩；4.有关专业考试信息请参见国家金融监督管理总局2024年度招考公告。"",""部门网站"":""http://www.cbirc.gov.cn/"",""咨询电话1"":""0311-68098133"",""咨询电话2"":"""",""咨询电话3"":"""",""来源Sheet"":""中央国家行政机关省级以下直属机构""}}"
"government_jobs","国家公务员2024招考简章","公务员/事业单位技术岗位","河北省保定市","2026-07-28T09:12:58.310295+00:00","统计信息部门一级主任科员及以下","国家金融监督管理总局河北监管局","","河北省保定市","公务员/事业单位;2024;computer_software;cybersecurity_cryptography;仅限本科;学士;计算机科学与技术、软件工程、网络工程、信息安全、电子与计算机工程、数据科学与大数据技术专业;市（地）级及以下直属机构综合管理类","用人司局：国家金融监督管理总局保定监管分局辖内县级派出机构
职位简介：主要从事信息科技风险监管、电子设备软硬件管理及信息系统运行维护等工作
专业要求：计算机科学与技术、软件工程、网络工程、信息安全、电子与计算机工程、数据科学与大数据技术专业
学历要求：仅限本科
学位要求：学士
政治面貌：不限
基层工作经历：无限制
考试类别：市（地）级及以下直属机构综合管理类
备注：1.本职位为保定监管分局辖内清苑、曲阳县级派出机构职位；2.应届高校毕业生；3.大学英语四级60分（100分制）或425分（710分制）及以上，并在外语水平一栏注明已获得的英语等级证书及成绩；4.有关专业考试信息请参见国家金融监督管理总局2024年度招考公告。","https://www.xuanhan.gov.cn/xxgk-show-77635.html#154103-300147107001","2023-10-15","{""dataset_year"":2024,""job_uid"":""GOV-2024-154103-300147107001"",""publisher"":""国家公务员局"",""publication_page"":""https://www.xuanhan.gov.cn/xxgk-show-77635.html"",""attachment_url"":""https://www.xuanhan.gov.cn/uploadfile/1/Attachment/638fdecf51.zip"",""local_source_file"":""中央机关及其直属机构2024年度考试录用公务员招考简章.xls"",""local_source_sha256"":""a1741b99dbecd6d03e533f99f2d69b0fa5a79733e551b80af69986ceed2ad996"",""source_sheet"":""中央国家行政机关省级以下直属机构"",""filter_version"":""government_tech_v2"",""tech_filter"":{""is_tech"":true,""is_core_tech"":true,""scope"":""core"",""categories"":[""computer_software"",""cybersecurity_cryptography""],""matched_fields"":[""major"",""description""],""major_terms"":[""信息安全"",""大数据"",""数据科学与大数据技术"",""网络工程"",""计算机"",""计算机科学与技术"",""软件工程""],""role_terms"":[""信息科技"",""信息系统"",""软硬件""],""reason"":""tech_major_and_role""},""original"":{""部门代码"":""154103"",""部门名称"":""国家金融监督管理总局河北监管局"",""用人司局"":""国家金融监督管理总局保定监管分局辖内县级派出机构"",""机构性质"":""中央国家行政机关省级以下直属机构"",""招考职位"":""统计信息部门一级主任科员及以下"",""职位属性"":""金融监管计算机类职位"",""职位分布"":""其他职位"",""职位简介"":""主要从事信息科技风险监管、电子设备软硬件管理及信息系统运行维护等工作"",""职位代码"":""300147107001"",""机构层级"":""县（区）级及以下"",""考试类别"":""市（地）级及以下直属机构综合管理类"",""招考人数"":""2"",""专业"":""计算机科学与技术、软件工程、网络工程、信息安全、电子与计算机工程、数据科学与大数据技术专业"",""学历"":""仅限本科"",""学位"":""学士"",""政治面貌"":""不限"",""基层工作最低年限"":""无限制"",""服务基层项目工作经历"":""无限制"",""是否在面试阶段组织专业能力测试"":""否"",""面试人员比例"":""3:1"",""工作地点"":""河北省保定市"",""落户地点"":""河北省保定市"",""备注"":""1.本职位为保定监管分局辖内清苑、曲阳县级派出机构职位；2.应届高校毕业生；3.大学英语四级60分（100分制）或425分（710分制）及以上，并在外语水平一栏注明已获得的英语等级证书及成绩；4.有关专业考试信息请参见国家金融监督管理总局2024年度招考公告。"",""部门网站"":""http://www.cbirc.gov.cn/"",""咨询电话1"":""0311-68098133"",""咨询电话2"":"""",""咨询电话3"":"""",""来源Sheet"":""中央国家行政机关省级以下直属机构""}}"
"government_jobs","国家公务员2024招考简章","公务员/事业单位技术岗位","河北省邢台市","2026-07-28T09:12:58.310295+00:00","统计信息部门一级主任科员及以下","国家金融监督管理总局河北监管局","","河北省邢台市","公务员/事业单位;2024;computer_software;cybersecurity_cryptography;仅限本科;学士;计算机科学与技术、软件工程、网络工程、信息安全、电子与计算机工程、数据科学与大数据技术专业;市（地）级及以下直属机构综合管理类","用人司局：国家金融监督管理总局邢台监管分局辖内县级派出机构
职位简介：主要从事信息科技风险监管、电子设备软硬件管理及信息系统运行维护等工作
专业要求：计算机科学与技术、软件工程、网络工程、信息安全、电子与计算机工程、数据科学与大数据技术专业
学历要求：仅限本科
学位要求：学士
政治面貌：不限
基层工作经历：无限制
考试类别：市（地）级及以下直属机构综合管理类
备注：1.本职位为邢台监管分局辖内巨鹿县级派出机构职位；2.应届高校毕业生；3.大学英语四级60分（100分制）或425分（710分制）及以上，并在外语水平一栏注明已获得的英语等级证书及成绩；4.有关专业考试信息请参见国家金融监督管理总局2024年度招考公告。","https://www.xuanhan.gov.cn/xxgk-show-77635.html#154103-300147110001","2023-10-15","{""dataset_year"":2024,""job_uid"":""GOV-2024-154103-300147110001"",""publisher"":""国家公务员局"",""publication_page"":""https://www.xuanhan.gov.cn/xxgk-show-77635.html"",""attachment_url"":""https://www.xuanhan.gov.cn/uploadfile/1/Attachment/638fdecf51.zip"",""local_source_file"":""中央机关及其直属机构2024年度考试录用公务员招考简章.xls"",""local_source_sha256"":""a1741b99dbecd6d03e533f99f2d69b0fa5a79733e551b80af69986ceed2ad996"",""source_sheet"":""中央国家行政机关省级以下直属机构"",""filter_version"":""government_tech_v2"",""tech_filter"":{""is_tech"":true,""is_core_tech"":true,""scope"":""core"",""categories"":[""computer_software"",""cybersecurity_cryptography""],""matched_fields"":[""major"",""description""],""major_terms"":[""信息安全"",""大数据"",""数据科学与大数据技术"",""网络工程"",""计算机"",""计算机科学与技术"",""软件工程""],""role_terms"":[""信息科技"",""信息系统"",""软硬件""],""reason"":""tech_major_and_role""},""original"":{""部门代码"":""154103"",""部门名称"":""国家金融监督管理总局河北监管局"",""用人司局"":""国家金融监督管理总局邢台监管分局辖内县级派出机构"",""机构性质"":""中央国家行政机关省级以下直属机构"",""招考职位"":""统计信息部门一级主任科员及以下"",""职位属性"":""金融监管计算机类职位"",""职位分布"":""其他职位"",""职位简介"":""主要从事信息科技风险监管、电子设备软硬件管理及信息系统运行维护等工作"",""职位代码"":""300147110001"",""机构层级"":""县（区）级及以下"",""考试类别"":""市（地）级及以下直属机构综合管理类"",""招考人数"":""1"",""专业"":""计算机科学与技术、软件工程、网络工程、信息安全、电子与计算机工程、数据科学与大数据技术专业"",""学历"":""仅限本科"",""学位"":""学士"",""政治面貌"":""不限"",""基层工作最低年限"":""无限制"",""服务基层项目工作经历"":""无限制"",""是否在面试阶段组织专业能力测试"":""否"",""面试人员比例"":""3:1"",""工作地点"":""河北省邢台市"",""落户地点"":""河北省邢台市"",""备注"":""1.本职位为邢台监管分局辖内巨鹿县级派出机构职位；2.应届高校毕业生；3.大学英语四级60分（100分制）或425分（710分制）及以上，并在外语水平一栏注明已获得的英语等级证书及成绩；4.有关专业考试信息请参见国家金融监督管理总局2024年度招考公告。"",""部门网站"":""http://www.cbirc.gov.cn/"",""咨询电话1"":""0311-68098133"",""咨询电话2"":"""",""咨询电话3"":"""",""来源Sheet"":""中央国家行政机关省级以下直属机构""}}"
"government_jobs","国家公务员2024招考简章","公务员/事业单位技术岗位","内蒙古自治区兴安盟乌兰浩特市","2026-07-28T09:12:58.310295+00:00","统计信息部门一级主任科员及以下","国家金融监督管理总局内蒙古监管局","","内蒙古自治区兴安盟乌兰浩特市","公务员/事业单位;2024;computer_software;本科及以上;与最高学历相对应的学位;计算机科学与技术、软件工程;市（地）级及以下直属机构综合管理类","用人司局：国家金融监督管理总局兴安监管分局
职位简介：主要从事信息科技风险监管、电子设备软硬件管理及信息系统运行维护等工作。
专业要求：计算机科学与技术、软件工程
学历要求：本科及以上
学位要求：与最高学历相对应的学位
政治面貌：不限
基层工作经历：无限制
考试类别：市（地）级及以下直属机构综合管理类
备注：1.应届高校毕业生；2.落户须符合当地有关政策，单位无法办理集体落户；3.大学英语四级成绩425分及以上；4.有关专业考试信息请参见国家金融监督管理总局2024年度招考公告。","https://www.xuanhan.gov.cn/xxgk-show-77635.html#154105-300147012001","2023-10-15","{""dataset_year"":2024,""job_uid"":""GOV-2024-154105-300147012001"",""publisher"":""国家公务员局"",""publication_page"":""https://www.xuanhan.gov.cn/xxgk-show-77635.html"",""attachment_url"":""https://www.xuanhan.gov.cn/uploadfile/1/Attachment/638fdecf51.zip"",""local_source_file"":""中央机关及其直属机构2024年度考试录用公务员招考简章.xls"",""local_source_sha256"":""a1741b99dbecd6d03e533f99f2d69b0fa5a79733e551b80af69986ceed2ad996"",""source_sheet"":""中央国家行政机关省级以下直属机构"",""filter_version"":""government_tech_v2"",""tech_filter"":{""is_tech"":true,""is_core_tech"":true,""scope"":""core"",""categories"":[""computer_software""],""matched_fields"":[""major"",""description""],""major_terms"":[""计算机科学与技术"",""软件工程""],""role_terms"":[""信息科技"",""信息系统"",""软硬件""],""reason"":""tech_major_and_role""},""original"":{""部门代码"":""154105"",""部门名称"":""国家金融监督管理总局内蒙古监管局"",""用人司局"":""国家金融监督管理总局兴安监管分局"",""机构性质"":""中央国家行政机关省级以下直属机构"",""招考职位"":""统计信息部门一级主任科员及以下"",""职位属性"":""金融监管计算机类职位"",""职位分布"":""西部地区和艰苦边远地区职位"",""职位简介"":""主要从事信息科技风险监管、电子设备软硬件管理及信息系统运行维护等工作。"",""职位代码"":""300147012001"",""机构层级"":""市（地）级"",""考试类别"":""市（地）级及以下直属机构综合管理类"",""招考人数"":""1"",""专业"":""计算机科学与技术、软件工程"",""学历"":""本科及以上"",""学位"":""与最高学历相对应的学位"",""政治面貌"":""不限"",""基层工作最低年限"":""无限制"",""服务基层项目工作经历"":""无限制"",""是否在面试阶段组织专业能力测试"":""否"",""面试人员比例"":""3:1"",""工作地点"":""内蒙古自治区兴安盟乌兰浩特市"",""落户地点"":""内蒙古自治区兴安盟乌兰浩特市"",""备注"":""1.应届高校毕业生；2.落户须符合当地有关政策，单位无法办理集体落户；3.大学英语四级成绩425分及以上；4.有关专业考试信息请参见国家金融监督管理总局2024年度招考公告。"",""部门网站"":""http://www.cbirc.gov.cn/"",""咨询电话1"":""0471-4345487"",""咨询电话2"":""0471-4340441"",""咨询电话3"":"""",""来源Sheet"":""中央国家行政机关省级以下直属机构""}}"
"government_jobs","国家公务员2024招考简章","公务员/事业单位技术岗位","内蒙古自治区通辽市科尔沁区","2026-07-28T09:12:58.310295+00:00","统计信息部门一级主任科员及以下","国家金融监督管理总局内蒙古监管局","","内蒙古自治区通辽市科尔沁区","公务员/事业单位;2024;computer_software;仅限本科;学士;计算机科学与技术、软件工程;市（地）级及以下直属机构综合管理类","用人司局：国家金融监督管理总局通辽监管分局
职位简介：主要从事信息科技风险监管、电子设备软硬件管理及信息系统运行维护等工作。
专业要求：计算机科学与技术、软件工程
学历要求：仅限本科
学位要求：学士
政治面貌：不限
基层工作经历：无限制
考试类别：市（地）级及以下直属机构综合管理类
备注：1.应届高校毕业生；2.落户须符合当地有关政策，单位无法办理集体落户；3.大学英语四级成绩425分及以上；4.有关专业考试信息请参见国家金融监督管理总局2024年度招考公告。","https://www.xuanhan.gov.cn/xxgk-show-77635.html#154105-300147013001","2023-10-15","{""dataset_year"":2024,""job_uid"":""GOV-2024-154105-300147013001"",""publisher"":""国家公务员局"",""publication_page"":""https://www.xuanhan.gov.cn/xxgk-show-77635.html"",""attachment_url"":""https://www.xuanhan.gov.cn/uploadfile/1/Attachment/638fdecf51.zip"",""local_source_file"":""中央机关及其直属机构2024年度考试录用公务员招考简章.xls"",""local_source_sha256"":""a1741b99dbecd6d03e533f99f2d69b0fa5a79733e551b80af69986ceed2ad996"",""source_sheet"":""中央国家行政机关省级以下直属机构"",""filter_version"":""government_tech_v2"",""tech_filter"":{""is_tech"":true,""is_core_tech"":true,""scope"":""core"",""categories"":[""computer_software""],""matched_fields"":[""major"",""description""],""major_terms"":[""计算机科学与技术"",""软件工程""],""role_terms"":[""信息科技"",""信息系统"",""软硬件""],""reason"":""tech_major_and_role""},""original"":{""部门代码"":""154105"",""部门名称"":""国家金融监督管理总局内蒙古监管局"",""用人司局"":""国家金融监督管理总局通辽监管分局"",""机构性质"":""中央国家行政机关省级以下直属机构"",""招考职位"":""统计信息部门一级主任科员及以下"",""职位属性"":""金融监管计算机类职位"",""职位分布"":""西部地区和艰苦边远地区职位"",""职位简介"":""主要从事信息科技风险监管、电子设备软硬件管理及信息系统运行维护等工作。"",""职位代码"":""300147013001"",""机构层级"":""市（地）级"",""考试类别"":""市（地）级及以下直属机构综合管理类"",""招考人数"":""1"",""专业"":""计算机科学与技术、软件工程"",""学历"":""仅限本科"",""学位"":""学士"",""政治面貌"":""不限"",""基层工作最低年限"":""无限制"",""服务基层项目工作经历"":""无限制"",""是否在面试阶段组织专业能力测试"":""否"",""面试人员比例"":""3:1"",""工作地点"":""内蒙古自治区通辽市科尔沁区"",""落户地点"":""内蒙古自治区通辽市科尔沁区"",""备注"":""1.应届高校毕业生；2.落户须符合当地有关政策，单位无法办理集体落户；3.大学英语四级成绩425分及以上；4.有关专业考试信息请参见国家金融监督管理总局2024年度招考公告。"",""部门网站"":""http://www.cbirc.gov.cn/"",""咨询电话1"":""0471-4345487"",""咨询电话2"":""0471-4340441"",""咨询电话3"":"""",""来源Sheet"":""中央国家行政机关省级以下直属机构""}}"
"government_jobs","国家公务员2024招考简章","公务员/事业单位技术岗位","内蒙古自治区锡林郭勒盟锡林浩特市","2026-07-28T09:12:58.310295+00:00","统计信息部门一级主任科员及以下","国家金融监督管理总局内蒙古监管局","","内蒙古自治区锡林郭勒盟锡林浩特市","公务员/事业单位;2024;computer_software;本科及以上;与最高学历相对应的学位;计算机科学与技术、软件工程;市（地）级及以下直属机构综合管理类","用人司局：国家金融监督管理总局锡林郭勒监管分局
职位简介：主要从事信息科技风险监管、电子设备软硬件管理及信息系统运行维护等工作。
专业要求：计算机科学与技术、软件工程
学历要求：本科及以上
学位要求：与最高学历相对应的学位
政治面貌：不限
基层工作经历：无限制
考试类别：市（地）级及以下直属机构综合管理类
备注：1.应届高校毕业生；2.落户须符合当地有关政策，单位无法办理集体落户；3.有关专业考试信息请参见国家金融监督管理总局2024年度招考公告。","https://www.xuanhan.gov.cn/xxgk-show-77635.html#154105-300147017001","2023-10-15","{""dataset_year"":2024,""job_uid"":""GOV-2024-154105-300147017001"",""publisher"":""国家公务员局"",""publication_page"":""https://www.xuanhan.gov.cn/xxgk-show-77635.html"",""attachment_url"":""https://www.xuanhan.gov.cn/uploadfile/1/Attachment/638fdecf51.zip"",""local_source_file"":""中央机关及其直属机构2024年度考试录用公务员招考简章.xls"",""local_source_sha256"":""a1741b99dbecd6d03e533f99f2d69b0fa5a79733e551b80af69986ceed2ad996"",""source_sheet"":""中央国家行政机关省级以下直属机构"",""filter_version"":""government_tech_v2"",""tech_filter"":{""is_tech"":true,""is_core_tech"":true,""scope"":""core"",""categories"":[""computer_software""],""matched_fields"":[""major"",""description""],""major_terms"":[""计算机科学与技术"",""软件工程""],""role_terms"":[""信息科技"",""信息系统"",""软硬件""],""reason"":""tech_major_and_role""},""original"":{""部门代码"":""154105"",""部门名称"":""国家金融监督管理总局内蒙古监管局"",""用人司局"":""国家金融监督管理总局锡林郭勒监管分局"",""机构性质"":""中央国家行政机关省级以下直属机构"",""招考职位"":""统计信息部门一级主任科员及以下"",""职位属性"":""金融监管计算机类职位"",""职位分布"":""西部地区和艰苦边远地区职位"",""职位简介"":""主要从事信息科技风险监管、电子设备软硬件管理及信息系统运行维护等工作。"",""职位代码"":""300147017001"",""机构层级"":""市（地）级"",""考试类别"":""市（地）级及以下直属机构综合管理类"",""招考人数"":""1"",""专业"":""计算机科学与技术、软件工程"",""学历"":""本科及以上"",""学位"":""与最高学历相对应的学位"",""政治面貌"":""不限"",""基层工作最低年限"":""无限制"",""服务基层项目工作经历"":""无限制"",""是否在面试阶段组织专业能力测试"":""否"",""面试人员比例"":""3:1"",""工作地点"":""内蒙古自治区锡林郭勒盟锡林浩特市"",""落户地点"":""内蒙古自治区锡林郭勒盟锡林浩特市"",""备注"":""1.应届高校毕业生；2.落户须符合当地有关政策，单位无法办理集体落户；3.有关专业考试信息请参见国家金融监督管理总局2024年度招考公告。"",""部门网站"":""http://www.cbirc.gov.cn/"",""咨询电话1"":""0471-4345487"",""咨询电话2"":""0471-4340441"",""咨询电话3"":"""",""来源Sheet"":""中央国家行政机关省级以下直属机构""}}"
"government_jobs","国家公务员2024招考简章","公务员/事业单位技术岗位","内蒙古自治区乌兰察布市集宁区","2026-07-28T09:12:58.310295+00:00","统计信息部门一级主任科员及以下","国家金融监督管理总局内蒙古监管局","","内蒙古自治区乌兰察布市集宁区","公务员/事业单位;2024;computer_software;仅限本科;学士;计算机科学与技术、软件工程;市（地）级及以下直属机构综合管理类","用人司局：金融监管总局乌兰察布监管分局察右中旗县级派出机构
职位简介：主要从事信息科技风险监管、电子设备软硬件管理及信息系统运行维护等工作。
专业要求：计算机科学与技术、软件工程
学历要求：仅限本科
学位要求：学士
政治面貌：不限
基层工作经历：无限制
考试类别：市（地）级及以下直属机构综合管理类
备注：1.应届高校毕业生；2.落户执行当地有关政策，单位无法办理集体落户；3.有关专业考试信息请参见国家金融监督管理总局2024年度招考公告。","https://www.xuanhan.gov.cn/xxgk-show-77635.html#154105-300147023002","2023-10-15","{""dataset_year"":2024,""job_uid"":""GOV-2024-154105-300147023002"",""publisher"":""国家公务员局"",""publication_page"":""https://www.xuanhan.gov.cn/xxgk-show-77635.html"",""attachment_url"":""https://www.xuanhan.gov.cn/uploadfile/1/Attachment/638fdecf51.zip"",""local_source_file"":""中央机关及其直属机构2024年度考试录用公务员招考简章.xls"",""local_source_sha256"":""a1741b99dbecd6d03e533f99f2d69b0fa5a79733e551b80af69986ceed2ad996"",""source_sheet"":""中央国家行政机关省级以下直属机构"",""filter_version"":""government_tech_v2"",""tech_filter"":{""is_tech"":true,""is_core_tech"":true,""scope"":""core"",""categories"":[""computer_software""],""matched_fields"":[""major"",""description""],""major_terms"":[""计算机科学与技术"",""软件工程""],""role_terms"":[""信息科技"",""信息系统"",""软硬件""],""reason"":""tech_major_and_role""},""original"":{""部门代码"":""154105"",""部门名称"":""国家金融监督管理总局内蒙古监管局"",""用人司局"":""金融监管总局乌兰察布监管分局察右中旗县级派出机构"",""机构性质"":""中央国家行政机关省级以下直属机构"",""招考职位"":""统计信息部门一级主任科员及以下"",""职位属性"":""金融监管计算机类职位"",""职位分布"":""西部地区和艰苦边远地区职位"",""职位简介"":""主要从事信息科技风险监管、电子设备软硬件管理及信息系统运行维护等工作。"",""职位代码"":""300147023002"",""机构层级"":""县（区）级及以下"",""考试类别"":""市（地）级及以下直属机构综合管理类"",""招考人数"":""1"",""专业"":""计算机科学与技术、软件工程"",""学历"":""仅限本科"",""学位"":""学士"",""政治面貌"":""不限"",""基层工作最低年限"":""无限制"",""服务基层项目工作经历"":""无限制"",""是否在面试阶段组织专业能力测试"":""否"",""面试人员比例"":""3:1"",""工作地点"":""内蒙古自治区乌兰察布市集宁区"",""落户地点"":""内蒙古自治区乌兰察布市集宁区"",""备注"":""1.应届高校毕业生；2.落户执行当地有关政策，单位无法办理集体落户；3.有关专业考试信息请参见国家金融监督管理总局2024年度招考公告。"",""部门网站"":""http://www.cbirc.gov.cn/"",""咨询电话1"":""0471-4345487"",""咨询电话2"":""0471-4340441"",""咨询电话3"":"""",""来源Sheet"":""中央国家行政机关省级以下直属机构""}}"
"government_jobs","国家公务员2024招考简章","公务员/事业单位技术岗位","内蒙古自治区巴彦淖尔市临河区","2026-07-28T09:12:58.310295+00:00","统计信息部门一级主任科员及以下","国家金融监督管理总局内蒙古监管局","","内蒙古自治区巴彦淖尔市临河区","公务员/事业单位;2024;computer_software;仅限本科;学士;计算机科学与技术、软件工程;市（地）级及以下直属机构综合管理类","用人司局：金融监管总局巴彦淖尔监管分局乌拉特前旗县级派出机构
职位简介：主要从事信息科技风险监管、电子设备软硬件管理及信息系统运行维护等工作。
专业要求：计算机科学与技术、软件工程
学历要求：仅限本科
学位要求：学士
政治面貌：不限
基层工作经历：无限制
考试类别：市（地）级及以下直属机构综合管理类
备注：1.应届高校毕业生；2.落户执行当地有关政策，单位无法办理集体落户；3.有关专业考试信息请参见国家金融监督管理总局2024年度招考公告。","https://www.xuanhan.gov.cn/xxgk-show-77635.html#154105-300147029001","2023-10-15","{""dataset_year"":2024,""job_uid"":""GOV-2024-154105-300147029001"",""publisher"":""国家公务员局"",""publication_page"":""https://www.xuanhan.gov.cn/xxgk-show-77635.html"",""attachment_url"":""https://www.xuanhan.gov.cn/uploadfile/1/Attachment/638fdecf51.zip"",""local_source_file"":""中央机关及其直属机构2024年度考试录用公务员招考简章.xls"",""local_source_sha256"":""a1741b99dbecd6d03e533f99f2d69b0fa5a79733e551b80af69986ceed2ad996"",""source_sheet"":""中央国家行政机关省级以下直属机构"",""filter_version"":""government_tech_v2"",""tech_filter"":{""is_tech"":true,""is_core_tech"":true,""scope"":""core"",""categories"":[""computer_software""],""matched_fields"":[""major"",""description""],""major_terms"":[""计算机科学与技术"",""软件工程""],""role_terms"":[""信息科技"",""信息系统"",""软硬件""],""reason"":""tech_major_and_role""},""original"":{""部门代码"":""154105"",""部门名称"":""国家金融监督管理总局内蒙古监管局"",""用人司局"":""金融监管总局巴彦淖尔监管分局乌拉特前旗县级派出机构"",""机构性质"":""中央国家行政机关省级以下直属机构"",""招考职位"":""统计信息部门一级主任科员及以下"",""职位属性"":""金融监管计算机类职位"",""职位分布"":""西部地区和艰苦边远地区职位"",""职位简介"":""主要从事信息科技风险监管、电子设备软硬件管理及信息系统运行维护等工作。"",""职位代码"":""300147029001"",""机构层级"":""县（区）级及以下"",""考试类别"":""市（地）级及以下直属机构综合管理类"",""招考人数"":""1"",""专业"":""计算机科学与技术、软件工程"",""学历"":""仅限本科"",""学位"":""学士"",""政治面貌"":""不限"",""基层工作最低年限"":""无限制"",""服务基层项目工作经历"":""无限制"",""是否在面试阶段组织专业能力测试"":""否"",""面试人员比例"":""3:1"",""工作地点"":""内蒙古自治区巴彦淖尔市临河区"",""落户地点"":""内蒙古自治区巴彦淖尔市临河区"",""备注"":""1.应届高校毕业生；2.落户执行当地有关政策，单位无法办理集体落户；3.有关专业考试信息请参见国家金融监督管理总局2024年度招考公告。"",""部门网站"":""http://www.cbirc.gov.cn/"",""咨询电话1"":""0471-4345487"",""咨询电话2"":""0471-4340441"",""咨询电话3"":"""",""来源Sheet"":""中央国家行政机关省级以下直属机构""}}"
"government_jobs","国家公务员2024招考简章","公务员/事业单位技术岗位","内蒙古自治区阿拉善盟阿拉善左旗","2026-07-28T09:12:58.310295+00:00","统计信息部门一级主任科员及以下","国家金融监督管理总局内蒙古监管局","","内蒙古自治区阿拉善盟阿拉善左旗","公务员/事业单位;2024;computer_software;仅限本科;学士;计算机科学与技术、软件工程;市（地）级及以下直属机构综合管理类","用人司局：国家金融监督管理总局阿拉善监管分局
职位简介：主要从事信息科技风险监管、电子设备软硬件管理及信息系统运行维护等工作。
专业要求：计算机科学与技术、软件工程
学历要求：仅限本科
学位要求：学士
政治面貌：不限
基层工作经历：无限制
考试类别：市（地）级及以下直属机构综合管理类
备注：1.应届高校毕业生；2.落户执行当地有关政策，单位无法办理集体落户；3.大学英语四级成绩425分及以上；4.有关专业考试信息请参见国家金融监督管理总局2024年度招考公告。","https://www.xuanhan.gov.cn/xxgk-show-77635.html#154105-300147033001","2023-10-15","{""dataset_year"":2024,""job_uid"":""GOV-2024-154105-300147033001"",""publisher"":""国家公务员局"",""publication_page"":""https://www.xuanhan.gov.cn/xxgk-show-77635.html"",""attachment_url"":""https://www.xuanhan.gov.cn/uploadfile/1/Attachment/638fdecf51.zip"",""local_source_file"":""中央机关及其直属机构2024年度考试录用公务员招考简章.xls"",""local_source_sha256"":""a1741b99dbecd6d03e533f99f2d69b0fa5a79733e551b80af69986ceed2ad996"",""source_sheet"":""中央国家行政机关省级以下直属机构"",""filter_version"":""government_tech_v2"",""tech_filter"":{""is_tech"":true,""is_core_tech"":true,""scope"":""core"",""categories"":[""computer_software""],""matched_fields"":[""major"",""description""],""major_terms"":[""计算机科学与技术"",""软件工程""],""role_terms"":[""信息科技"",""信息系统"",""软硬件""],""reason"":""tech_major_and_role""},""original"":{""部门代码"":""154105"",""部门名称"":""国家金融监督管理总局内蒙古监管局"",""用人司局"":""国家金融监督管理总局阿拉善监管分局"",""机构性质"":""中央国家行政机关省级以下直属机构"",""招考职位"":""统计信息部门一级主任科员及以下"",""职位属性"":""金融监管计算机类职位"",""职位分布"":""西部地区和艰苦边远地区职位"",""职位简介"":""主要从事信息科技风险监管、电子设备软硬件管理及信息系统运行维护等工作。"",""职位代码"":""300147033001"",""机构层级"":""市（地）级"",""考试类别"":""市（地）级及以下直属机构综合管理类"",""招考人数"":""1"",""专业"":""计算机科学与技术、软件工程"",""学历"":""仅限本科"",""学位"":""学士"",""政治面貌"":""不限"",""基层工作最低年限"":""无限制"",""服务基层项目工作经历"":""无限制"",""是否在面试阶段组织专业能力测试"":""否"",""面试人员比例"":""3:1"",""工作地点"":""内蒙古自治区阿拉善盟阿拉善左旗"",""落户地点"":""内蒙古自治区阿拉善盟阿拉善左旗"",""备注"":""1.应届高校毕业生；2.落户执行当地有关政策，单位无法办理集体落户；3.大学英语四级成绩425分及以上；4.有关专业考试信息请参见国家金融监督管理总局2024年度招考公告。"",""部门网站"":""http://www.cbirc.gov.cn/"",""咨询电话1"":""0471-4345487"",""咨询电话2"":""0471-4340441"",""咨询电话3"":"""",""来源Sheet"":""中央国家行政机关省级以下直属机构""}}"
"government_jobs","国家公务员2024招考简章","公务员/事业单位技术岗位","辽宁省沈阳市","2026-07-28T09:12:58.310295+00:00","统计信息部门一级主任科员及以下","国家金融监督管理总局辽宁监管局","","辽宁省沈阳市","公务员/事业单位;2024;computer_software;硕士研究生及以上;与最高学历相对应的学位;计算机科学与技术、软件工程、网络工程;中央机关及其省级直属机构综合管理类","用人司局：国家金融监督管理总局辽宁监管局
职位简介：主要从事信息科技风险监管，电子设备软硬件管理及信息系统运行维护等工作。
专业要求：计算机科学与技术、软件工程、网络工程
学历要求：硕士研究生及以上
学位要求：与最高学历相对应的学位
政治面貌：不限
基层工作经历：二年
考试类别：中央机关及其省级直属机构综合管理类
备注：1.具有两年基层工作经历；2.大学英语六级60分（100分制）或425分（710分制）及以上（雅思成绩在6.5分以上或托福成绩在90分以上符合）,并在外语水平一栏注明已获得的英语证书或成绩；3.有关专业考试信息参见国家金融监督管理总局2024年度考试大纲。","https://www.xuanhan.gov.cn/xxgk-show-77635.html#154106-300147001001","2023-10-15","{""dataset_year"":2024,""job_uid"":""GOV-2024-154106-300147001001"",""publisher"":""国家公务员局"",""publication_page"":""https://www.xuanhan.gov.cn/xxgk-show-77635.html"",""attachment_url"":""https://www.xuanhan.gov.cn/uploadfile/1/Attachment/638fdecf51.zip"",""local_source_file"":""中央机关及其直属机构2024年度考试录用公务员招考简章.xls"",""local_source_sha256"":""a1741b99dbecd6d03e533f99f2d69b0fa5a79733e551b80af69986ceed2ad996"",""source_sheet"":""中央国家行政机关省级以下直属机构"",""filter_version"":""government_tech_v2"",""tech_filter"":{""is_tech"":true,""is_core_tech"":true,""scope"":""core"",""categories"":[""computer_software""],""matched_fields"":[""major"",""description""],""major_terms"":[""网络工程"",""计算机科学与技术"",""软件工程""],""role_terms"":[""信息科技"",""信息系统"",""软硬件""],""reason"":""tech_major_and_role""},""original"":{""部门代码"":""154106"",""部门名称"":""国家金融监督管理总局辽宁监管局"",""用人司局"":""国家金融监督管理总局辽宁监管局"",""机构性质"":""中央国家行政机关省级以下直属机构"",""招考职位"":""统计信息部门一级主任科员及以下"",""职位属性"":""金融监管计算机类职位"",""职位分布"":""其他职位"",""职位简介"":""主要从事信息科技风险监管，电子设备软硬件管理及信息系统运行维护等工作。"",""职位代码"":""300147001001"",""机构层级"":""省（副省）级"",""考试类别"":""中央机关及其省级直属机构综合管理类"",""招考人数"":""1"",""专业"":""计算机科学与技术、软件工程、网络工程"",""学历"":""硕士研究生及以上"",""学位"":""与最高学历相对应的学位"",""政治面貌"":""不限"",""基层工作最低年限"":""二年"",""服务基层项目工作经历"":""无限制"",""是否在面试阶段组织专业能力测试"":""否"",""面试人员比例"":""4:1"",""工作地点"":""辽宁省沈阳市"",""落户地点"":""辽宁省沈阳市"",""备注"":""1.具有两年基层工作经历；2.大学英语六级60分（100分制）或425分（710分制）及以上（雅思成绩在6.5分以上或托福成绩在90分以上符合）,并在外语水平一栏注明已获得的英语证书或成绩；3.有关专业考试信息参见国家金融监督管理总局2024年度考试大纲。"",""部门网站"":""http://www.cbirc.gov.cn/"",""咨询电话1"":""024-82512766"",""咨询电话2"":""024-82512966"",""咨询电话3"":"""",""来源Sheet"":""中央国家行政机关省级以下直属机构""}}"
"government_jobs","国家公务员2024招考简章","公务员/事业单位技术岗位","辽宁省营口市","2026-07-28T09:12:58.310295+00:00","统计信息部门一级主任科员及以下","国家金融监督管理总局辽宁监管局","","辽宁省营口市","公务员/事业单位;2024;computer_software;本科及以上;与最高学历相对应的学位;计算机科学与技术、软件工程、网络工程;市（地）级及以下直属机构综合管理类","用人司局：国家金融监督管理总局营口监管分局
职位简介：主要从事信息科技风险监管，电子设备软硬件管理及信息系统运行维护等工作。
专业要求：计算机科学与技术、软件工程、网络工程
学历要求：本科及以上
学位要求：与最高学历相对应的学位
政治面貌：不限
基层工作经历：无限制
考试类别：市（地）级及以下直属机构综合管理类
备注：1.大学英语四级60分（100分制）或425分（710分制）及以上（雅思成绩在6分以上或托福成绩在80分以上符合）,并在外语水平一栏注明已获得的英语证书或成绩；2.有关专业考试信息参见国家金融监督管理总局2024年度考试大纲。","https://www.xuanhan.gov.cn/xxgk-show-77635.html#154106-300147007001","2023-10-15","{""dataset_year"":2024,""job_uid"":""GOV-2024-154106-300147007001"",""publisher"":""国家公务员局"",""publication_page"":""https://www.xuanhan.gov.cn/xxgk-show-77635.html"",""attachment_url"":""https://www.xuanhan.gov.cn/uploadfile/1/Attachment/638fdecf51.zip"",""local_source_file"":""中央机关及其直属机构2024年度考试录用公务员招考简章.xls"",""local_source_sha256"":""a1741b99dbecd6d03e533f99f2d69b0fa5a79733e551b80af69986ceed2ad996"",""source_sheet"":""中央国家行政机关省级以下直属机构"",""filter_version"":""government_tech_v2"",""tech_filter"":{""is_tech"":true,""is_core_tech"":true,""scope"":""core"",""categories"":[""computer_software""],""matched_fields"":[""major"",""description""],""major_terms"":[""网络工程"",""计算机科学与技术"",""软件工程""],""role_terms"":[""信息科技"",""信息系统"",""软硬件""],""reason"":""tech_major_and_role""},""original"":{""部门代码"":""154106"",""部门名称"":""国家金融监督管理总局辽宁监管局"",""用人司局"":""国家金融监督管理总局营口监管分局"",""机构性质"":""中央国家行政机关省级以下直属机构"",""招考职位"":""统计信息部门一级主任科员及以下"",""职位属性"":""金融监管计算机类职位"",""职位分布"":""其他职位"",""职位简介"":""主要从事信息科技风险监管，电子设备软硬件管理及信息系统运行维护等工作。"",""职位代码"":""300147007001"",""机构层级"":""市（地）级"",""考试类别"":""市（地）级及以下直属机构综合管理类"",""招考人数"":""2"",""专业"":""计算机科学与技术、软件工程、网络工程"",""学历"":""本科及以上"",""学位"":""与最高学历相对应的学位"",""政治面貌"":""不限"",""基层工作最低年限"":""无限制"",""服务基层项目工作经历"":""无限制"",""是否在面试阶段组织专业能力测试"":""否"",""面试人员比例"":""3:1"",""工作地点"":""辽宁省营口市"",""落户地点"":""辽宁省营口市"",""备注"":""1.大学英语四级60分（100分制）或425分（710分制）及以上（雅思成绩在6分以上或托福成绩在80分以上符合）,并在外语水平一栏注明已获得的英语证书或成绩；2.有关专业考试信息参见国家金融监督管理总局2024年度考试大纲。"",""部门网站"":""http://www.cbirc.gov.cn/"",""咨询电话1"":""024-82512766"",""咨询电话2"":""024-82512966"",""咨询电话3"":"""",""来源Sheet"":""中央国家行政机关省级以下直属机构""}}"
"government_jobs","国家公务员2024招考简章","公务员/事业单位技术岗位","辽宁省辽阳市","2026-07-28T09:12:58.310295+00:00","统计信息部门一级主任科员及以下","国家金融监督管理总局辽宁监管局","","辽宁省辽阳市","公务员/事业单位;2024;computer_software;本科及以上;与最高学历相对应的学位;计算机科学与技术、软件工程、网络工程;市（地）级及以下直属机构综合管理类","用人司局：国家金融监督管理总局辽阳监管分局
职位简介：主要从事信息科技风险监管，电子设备软硬件管理及信息系统运行维护等工作。
专业要求：计算机科学与技术、软件工程、网络工程
学历要求：本科及以上
学位要求：与最高学历相对应的学位
政治面貌：不限
基层工作经历：无限制
考试类别：市（地）级及以下直属机构综合管理类
备注：1.大学英语四级60分（100分制）或425分（710分制）及以上（雅思成绩在6分以上或托福成绩在80分以上符合）,并在外语水平一栏注明已获得的英语证书或成绩；2.有关专业考试信息参见国家金融监督管理总局2024年度考试大纲。","https://www.xuanhan.gov.cn/xxgk-show-77635.html#154106-300147009001","2023-10-15","{""dataset_year"":2024,""job_uid"":""GOV-2024-154106-300147009001"",""publisher"":""国家公务员局"",""publication_page"":""https://www.xuanhan.gov.cn/xxgk-show-77635.html"",""attachment_url"":""https://www.xuanhan.gov.cn/uploadfile/1/Attachment/638fdecf51.zip"",""local_source_file"":""中央机关及其直属机构2024年度考试录用公务员招考简章.xls"",""local_source_sha256"":""a1741b99dbecd6d03e533f99f2d69b0fa5a79733e551b80af69986ceed2ad996"",""source_sheet"":""中央国家行政机关省级以下直属机构"",""filter_version"":""government_tech_v2"",""tech_filter"":{""is_tech"":true,""is_core_tech"":true,""scope"":""core"",""categories"":[""computer_software""],""matched_fields"":[""major"",""description""],""major_terms"":[""网络工程"",""计算机科学与技术"",""软件工程""],""role_terms"":[""信息科技"",""信息系统"",""软硬件""],""reason"":""tech_major_and_role""},""original"":{""部门代码"":""154106"",""部门名称"":""国家金融监督管理总局辽宁监管局"",""用人司局"":""国家金融监督管理总局辽阳监管分局"",""机构性质"":""中央国家行政机关省级以下直属机构"",""招考职位"":""统计信息部门一级主任科员及以下"",""职位属性"":""金融监管计算机类职位"",""职位分布"":""其他职位"",""职位简介"":""主要从事信息科技风险监管，电子设备软硬件管理及信息系统运行维护等工作。"",""职位代码"":""300147009001"",""机构层级"":""市（地）级"",""考试类别"":""市（地）级及以下直属机构综合管理类"",""招考人数"":""1"",""专业"":""计算机科学与技术、软件工程、网络工程"",""学历"":""本科及以上"",""学位"":""与最高学历相对应的学位"",""政治面貌"":""不限"",""基层工作最低年限"":""无限制"",""服务基层项目工作经历"":""无限制"",""是否在面试阶段组织专业能力测试"":""否"",""面试人员比例"":""3:1"",""工作地点"":""辽宁省辽阳市"",""落户地点"":""辽宁省辽阳市"",""备注"":""1.大学英语四级60分（100分制）或425分（710分制）及以上（雅思成绩在6分以上或托福成绩在80分以上符合）,并在外语水平一栏注明已获得的英语证书或成绩；2.有关专业考试信息参见国家金融监督管理总局2024年度考试大纲。"",""部门网站"":""http://www.cbirc.gov.cn/"",""咨询电话1"":""024-82512766"",""咨询电话2"":""024-82512966"",""咨询电话3"":"""",""来源Sheet"":""中央国家行政机关省级以下直属机构""}}"
"government_jobs","国家公务员2024招考简章","公务员/事业单位技术岗位","辽宁省铁岭市","2026-07-28T09:12:58.310295+00:00","统计信息部门一级主任科员及以下","国家金融监督管理总局辽宁监管局","","辽宁省铁岭市","公务员/事业单位;2024;computer_software;本科及以上;与最高学历相对应的学位;计算机科学与技术、软件工程、网络工程;市（地）级及以下直属机构综合管理类","用人司局：国家金融监督管理总局铁岭监管分局
职位简介：主要从事信息科技风险监管，电子设备软硬件管理及信息系统运行维护等工作。
专业要求：计算机科学与技术、软件工程、网络工程
学历要求：本科及以上
学位要求：与最高学历相对应的学位
政治面貌：不限
基层工作经历：无限制
考试类别：市（地）级及以下直属机构综合管理类
备注：1.大学英语四级60分（100分制）或425分（710分制）及以上（雅思成绩在6分以上或托福成绩在80分以上符合）,并在外语水平一栏注明已获得的英语证书或成绩；2.有关专业考试信息参见国家金融监督管理总局2024年度考试大纲。","https://www.xuanhan.gov.cn/xxgk-show-77635.html#154106-300147010001","2023-10-15","{""dataset_year"":2024,""job_uid"":""GOV-2024-154106-300147010001"",""publisher"":""国家公务员局"",""publication_page"":""https://www.xuanhan.gov.cn/xxgk-show-77635.html"",""attachment_url"":""https://www.xuanhan.gov.cn/uploadfile/1/Attachment/638fdecf51.zip"",""local_source_file"":""中央机关及其直属机构2024年度考试录用公务员招考简章.xls"",""local_source_sha256"":""a1741b99dbecd6d03e533f99f2d69b0fa5a79733e551b80af69986ceed2ad996"",""source_sheet"":""中央国家行政机关省级以下直属机构"",""filter_version"":""government_tech_v2"",""tech_filter"":{""is_tech"":true,""is_core_tech"":true,""scope"":""core"",""categories"":[""computer_software""],""matched_fields"":[""major"",""description""],""major_terms"":[""网络工程"",""计算机科学与技术"",""软件工程""],""role_terms"":[""信息科技"",""信息系统"",""软硬件""],""reason"":""tech_major_and_role""},""original"":{""部门代码"":""154106"",""部门名称"":""国家金融监督管理总局辽宁监管局"",""用人司局"":""国家金融监督管理总局铁岭监管分局"",""机构性质"":""中央国家行政机关省级以下直属机构"",""招考职位"":""统计信息部门一级主任科员及以下"",""职位属性"":""金融监管计算机类职位"",""职位分布"":""其他职位"",""职位简介"":""主要从事信息科技风险监管，电子设备软硬件管理及信息系统运行维护等工作。"",""职位代码"":""300147010001"",""机构层级"":""市（地）级"",""考试类别"":""市（地）级及以下直属机构综合管理类"",""招考人数"":""1"",""专业"":""计算机科学与技术、软件工程、网络工程"",""学历"":""本科及以上"",""学位"":""与最高学历相对应的学位"",""政治面貌"":""不限"",""基层工作最低年限"":""无限制"",""服务基层项目工作经历"":""无限制"",""是否在面试阶段组织专业能力测试"":""否"",""面试人员比例"":""3:1"",""工作地点"":""辽宁省铁岭市"",""落户地点"":""辽宁省铁岭市"",""备注"":""1.大学英语四级60分（100分制）或425分（710分制）及以上（雅思成绩在6分以上或托福成绩在80分以上符合）,并在外语水平一栏注明已获得的英语证书或成绩；2.有关专业考试信息参见国家金融监督管理总局2024年度考试大纲。"",""部门网站"":""http://www.cbirc.gov.cn/"",""咨询电话1"":""024-82512766"",""咨询电话2"":""024-82512966"",""咨询电话3"":"""",""来源Sheet"":""中央国家行政机关省级以下直属机构""}}"
"government_jobs","国家公务员2024招考简章","公务员/事业单位技术岗位","辽宁省葫芦岛市","2026-07-28T09:12:58.310295+00:00","统计信息部门一级主任科员及以下","国家金融监督管理总局辽宁监管局","","辽宁省葫芦岛市","公务员/事业单位;2024;computer_software;本科及以上;与最高学历相对应的学位;计算机科学与技术、软件工程、网络工程;市（地）级及以下直属机构综合管理类","用人司局：国家金融监督管理总局葫芦岛监管分局
职位简介：主要从事信息科技风险监管，电子设备软硬件管理及信息系统运行维护等工作。
专业要求：计算机科学与技术、软件工程、网络工程
学历要求：本科及以上
学位要求：与最高学历相对应的学位
政治面貌：不限
基层工作经历：无限制
考试类别：市（地）级及以下直属机构综合管理类
备注：1.大学英语四级60分（100分制）或425分（710分制）及以上（雅思成绩在6分以上或托福成绩在80分以上符合）,并在外语水平一栏注明已获得的英语证书或成绩；2.有关专业考试信息参见国家金融监督管理总局2024年度考试大纲。","https://www.xuanhan.gov.cn/xxgk-show-77635.html#154106-300147013001","2023-10-15","{""dataset_year"":2024,""job_uid"":""GOV-2024-154106-300147013001"",""publisher"":""国家公务员局"",""publication_page"":""https://www.xuanhan.gov.cn/xxgk-show-77635.html"",""attachment_url"":""https://www.xuanhan.gov.cn/uploadfile/1/Attachment/638fdecf51.zip"",""local_source_file"":""中央机关及其直属机构2024年度考试录用公务员招考简章.xls"",""local_source_sha256"":""a1741b99dbecd6d03e533f99f2d69b0fa5a79733e551b80af69986ceed2ad996"",""source_sheet"":""中央国家行政机关省级以下直属机构"",""filter_version"":""government_tech_v2"",""tech_filter"":{""is_tech"":true,""is_core_tech"":true,""scope"":""core"",""categories"":[""computer_software""],""matched_fields"":[""major"",""description""],""major_terms"":[""网络工程"",""计算机科学与技术"",""软件工程""],""role_terms"":[""信息科技"",""信息系统"",""软硬件""],""reason"":""tech_major_and_role""},""original"":{""部门代码"":""154106"",""部门名称"":""国家金融监督管理总局辽宁监管局"",""用人司局"":""国家金融监督管理总局葫芦岛监管分局"",""机构性质"":""中央国家行政机关省级以下直属机构"",""招考职位"":""统计信息部门一级主任科员及以下"",""职位属性"":""金融监管计算机类职位"",""职位分布"":""其他职位"",""职位简介"":""主要从事信息科技风险监管，电子设备软硬件管理及信息系统运行维护等工作。"",""职位代码"":""300147013001"",""机构层级"":""市（地）级"",""考试类别"":""市（地）级及以下直属机构综合管理类"",""招考人数"":""1"",""专业"":""计算机科学与技术、软件工程、网络工程"",""学历"":""本科及以上"",""学位"":""与最高学历相对应的学位"",""政治面貌"":""不限"",""基层工作最低年限"":""无限制"",""服务基层项目工作经历"":""无限制"",""是否在面试阶段组织专业能力测试"":""否"",""面试人员比例"":""3:1"",""工作地点"":""辽宁省葫芦岛市"",""落户地点"":""辽宁省葫芦岛市"",""备注"":""1.大学英语四级60分（100分制）或425分（710分制）及以上（雅思成绩在6分以上或托福成绩在80分以上符合）,并在外语水平一栏注明已获得的英语证书或成绩；2.有关专业考试信息参见国家金融监督管理总局2024年度考试大纲。"",""部门网站"":""http://www.cbirc.gov.cn/"",""咨询电话1"":""024-82512766"",""咨询电话2"":""024-82512966"",""咨询电话3"":"""",""来源Sheet"":""中央国家行政机关省级以下直属机构""}}"
"government_jobs","国家公务员2024招考简章","公务员/事业单位技术岗位","吉林省长春市","2026-07-28T09:12:58.310295+00:00","统计信息部门一级主任科员及以下","国家金融监督管理总局吉林监管局","","吉林省长春市","公务员/事业单位;2024;computer_software;硕士研究生及以上;与最高学历相对应的学位;计算机及相关专业;中央机关及其省级直属机构综合管理类","用人司局：国家金融监督管理总局吉林监管局
职位简介：主要从事信息科技风险监管、电子设备软硬件管理及信息系统运行维护等工作。
专业要求：计算机及相关专业
学历要求：硕士研究生及以上
学位要求：与最高学历相对应的学位
政治面貌：不限
基层工作经历：无限制
考试类别：中央机关及其省级直属机构综合管理类
备注：1.研究生专业为计算机科学与技术（教育部学科代码0812）、软件工程（教育部学科代码0835）；2.大学英语六级成绩425分及以上，并在外语水平一栏注明已获得的英语等级证书及成绩；3.有关专业考试信息请参见国家金融监督管理总局2024年度招考公告。","https://www.xuanhan.gov.cn/xxgk-show-77635.html#154107-300147101001","2023-10-15","{""dataset_year"":2024,""job_uid"":""GOV-2024-154107-300147101001"",""publisher"":""国家公务员局"",""publication_page"":""https://www.xuanhan.gov.cn/xxgk-show-77635.html"",""attachment_url"":""https://www.xuanhan.gov.cn/uploadfile/1/Attachment/638fdecf51.zip"",""local_source_file"":""中央机关及其直属机构2024年度考试录用公务员招考简章.xls"",""local_source_sha256"":""a1741b99dbecd6d03e533f99f2d69b0fa5a79733e551b80af69986ceed2ad996"",""source_sheet"":""中央国家行政机关省级以下直属机构"",""filter_version"":""government_tech_v2"",""tech_filter"":{""is_tech"":true,""is_core_tech"":true,""scope"":""core"",""categories"":[""computer_software""],""matched_fields"":[""major"",""description"",""remarks""],""major_terms"":[""计算机""],""role_terms"":[""信息科技"",""信息系统"",""计算机"",""软件"",""软件工程"",""软硬件""],""reason"":""tech_major_and_role""},""original"":{""部门代码"":""154107"",""部门名称"":""国家金融监督管理总局吉林监管局"",""用人司局"":""国家金融监督管理总局吉林监管局"",""机构性质"":""中央国家行政机关省级以下直属机构"",""招考职位"":""统计信息部门一级主任科员及以下"",""职位属性"":""金融监管计算机类职位"",""职位分布"":""其他职位"",""职位简介"":""主要从事信息科技风险监管、电子设备软硬件管理及信息系统运行维护等工作。"",""职位代码"":""300147101001"",""机构层级"":""省（副省）级"",""考试类别"":""中央机关及其省级直属机构综合管理类"",""招考人数"":""3"",""专业"":""计算机及相关专业"",""学历"":""硕士研究生及以上"",""学位"":""与最高学历相对应的学位"",""政治面貌"":""不限"",""基层工作最低年限"":""无限制"",""服务基层项目工作经历"":""无限制"",""是否在面试阶段组织专业能力测试"":""否"",""面试人员比例"":""4:1"",""工作地点"":""吉林省长春市"",""落户地点"":""吉林省长春市"",""备注"":""1.研究生专业为计算机科学与技术（教育部学科代码0812）、软件工程（教育部学科代码0835）；2.大学英语六级成绩425分及以上，并在外语水平一栏注明已获得的英语等级证书及成绩；3.有关专业考试信息请参见国家金融监督管理总局2024年度招考公告。"",""部门网站"":""http://www.cbirc.gov.cn/"",""咨询电话1"":""0431-88579081"",""咨询电话2"":""0431-88579118"",""咨询电话3"":"""",""来源Sheet"":""中央国家行政机关省级以下直属机构""}}"
"government_jobs","国家公务员2024招考简章","公务员/事业单位技术岗位","吉林省四平市","2026-07-28T09:12:58.310295+00:00","统计信息部门一级主任科员及以下","国家金融监督管理总局吉林监管局","","吉林省四平市","公务员/事业单位;2024;computer_software;本科及以上;与最高学历相对应的学位;计算机及相关专业;市（地）级及以下直属机构综合管理类","用人司局：国家金融监督管理总局四平监管分局
职位简介：主要从事信息科技风险监管、电子设备软硬件管理及信息系统运行维护等工作。
专业要求：计算机及相关专业
学历要求：本科及以上
学位要求：与最高学历相对应的学位
政治面貌：不限
基层工作经历：无限制
考试类别：市（地）级及以下直属机构综合管理类
备注：1.应届高校毕业生；2.本科专业为计算机类（教育部学科代码0809），或研究生专业为计算机科学与技术（教育部学科代码0812）、软件工程（教育部学科代码0835）3.大学英语四级成绩425分及以上，并在外语水平一栏注明已获得的英语等级证书及成绩；4.有关专业考试信息请参见国家金融监督管理总局2024年度招考公告。","https://www.xuanhan.gov.cn/xxgk-show-77635.html#154107-300147104001","2023-10-15","{""dataset_year"":2024,""job_uid"":""GOV-2024-154107-300147104001"",""publisher"":""国家公务员局"",""publication_page"":""https://www.xuanhan.gov.cn/xxgk-show-77635.html"",""attachment_url"":""https://www.xuanhan.gov.cn/uploadfile/1/Attachment/638fdecf51.zip"",""local_source_file"":""中央机关及其直属机构2024年度考试录用公务员招考简章.xls"",""local_source_sha256"":""a1741b99dbecd6d03e533f99f2d69b0fa5a79733e551b80af69986ceed2ad996"",""source_sheet"":""中央国家行政机关省级以下直属机构"",""filter_version"":""government_tech_v2"",""tech_filter"":{""is_tech"":true,""is_core_tech"":true,""scope"":""core"",""categories"":[""computer_software""],""matched_fields"":[""major"",""description"",""remarks""],""major_terms"":[""计算机""],""role_terms"":[""信息科技"",""信息系统"",""计算机"",""软件"",""软件工程"",""软硬件""],""reason"":""tech_major_and_role""},""original"":{""部门代码"":""154107"",""部门名称"":""国家金融监督管理总局吉林监管局"",""用人司局"":""国家金融监督管理总局四平监管分局"",""机构性质"":""中央国家行政机关省级以下直属机构"",""招考职位"":""统计信息部门一级主任科员及以下"",""职位属性"":""金融监管计算机类职位"",""职位分布"":""西部地区和艰苦边远地区职位"",""职位简介"":""主要从事信息科技风险监管、电子设备软硬件管理及信息系统运行维护等工作。"",""职位代码"":""300147104001"",""机构层级"":""市（地）级"",""考试类别"":""市（地）级及以下直属机构综合管理类"",""招考人数"":""1"",""专业"":""计算机及相关专业"",""学历"":""本科及以上"",""学位"":""与最高学历相对应的学位"",""政治面貌"":""不限"",""基层工作最低年限"":""无限制"",""服务基层项目工作经历"":""无限制"",""是否在面试阶段组织专业能力测试"":""否"",""面试人员比例"":""3:1"",""工作地点"":""吉林省四平市"",""落户地点"":""吉林省四平市"",""备注"":""1.应届高校毕业生；2.本科专业为计算机类（教育部学科代码0809），或研究生专业为计算机科学与技术（教育部学科代码0812）、软件工程（教育部学科代码0835）3.大学英语四级成绩425分及以上，并在外语水平一栏注明已获得的英语等级证书及成绩；4.有关专业考试信息请参见国家金融监督管理总局2024年度招考公告。"",""部门网站"":""http://www.cbirc.gov.cn/"",""咨询电话1"":""0431-88579081"",""咨询电话2"":""0431-88579118"",""咨询电话3"":"""",""来源Sheet"":""中央国家行政机关省级以下直属机构""}}"
"government_jobs","国家公务员2024招考简章","公务员/事业单位技术岗位","吉林省通化市","2026-07-28T09:12:58.310295+00:00","统计信息部门一级主任科员及以下","国家金融监督管理总局吉林监管局","","吉林省通化市","公务员/事业单位;2024;computer_software;本科及以上;与最高学历相对应的学位;计算机及相关专业;市（地）级及以下直属机构综合管理类","用人司局：国家金融监督管理总局通化监管分局
职位简介：主要从事信息科技风险监管、电子设备软硬件管理及信息系统运行维护等工作。
专业要求：计算机及相关专业
学历要求：本科及以上
学位要求：与最高学历相对应的学位
政治面貌：不限
基层工作经历：无限制
考试类别：市（地）级及以下直属机构综合管理类
备注：1.本科专业为计算机类（教育部学科代码0809），或研究生专业为计算机科学与技术（教育部学科代码0812）、软件工程（教育部学科代码0835）2.大学英语四级成绩425分及以上，并在外语水平一栏注明已获得的英语等级证书及成绩；3.有关专业考试信息请参见国家金融监督管理总局2024年度招考公告。","https://www.xuanhan.gov.cn/xxgk-show-77635.html#154107-300147105001","2023-10-15","{""dataset_year"":2024,""job_uid"":""GOV-2024-154107-300147105001"",""publisher"":""国家公务员局"",""publication_page"":""https://www.xuanhan.gov.cn/xxgk-show-77635.html"",""attachment_url"":""https://www.xuanhan.gov.cn/uploadfile/1/Attachment/638fdecf51.zip"",""local_source_file"":""中央机关及其直属机构2024年度考试录用公务员招考简章.xls"",""local_source_sha256"":""a1741b99dbecd6d03e533f99f2d69b0fa5a79733e551b80af69986ceed2ad996"",""source_sheet"":""中央国家行政机关省级以下直属机构"",""filter_version"":""government_tech_v2"",""tech_filter"":{""is_tech"":true,""is_core_tech"":true,""scope"":""core"",""categories"":[""computer_software""],""matched_fields"":[""major"",""description"",""remarks""],""major_terms"":[""计算机""],""role_terms"":[""信息科技"",""信息系统"",""计算机"",""软件"",""软件工程"",""软硬件""],""reason"":""tech_major_and_role""},""original"":{""部门代码"":""154107"",""部门名称"":""国家金融监督管理总局吉林监管局"",""用人司局"":""国家金融监督管理总局通化监管分局"",""机构性质"":""中央国家行政机关省级以下直属机构"",""招考职位"":""统计信息部门一级主任科员及以下"",""职位属性"":""金融监管计算机类职位"",""职位分布"":""西部地区和艰苦边远地区职位"",""职位简介"":""主要从事信息科技风险监管、电子设备软硬件管理及信息系统运行维护等工作。"",""职位代码"":""300147105001"",""机构层级"":""市（地）级"",""考试类别"":""市（地）级及以下直属机构综合管理类"",""招考人数"":""1"",""专业"":""计算机及相关专业"",""学历"":""本科及以上"",""学位"":""与最高学历相对应的学位"",""政治面貌"":""不限"",""基层工作最低年限"":""无限制"",""服务基层项目工作经历"":""无限制"",""是否在面试阶段组织专业能力测试"":""否"",""面试人员比例"":""3:1"",""工作地点"":""吉林省通化市"",""落户地点"":""吉林省通化市"",""备注"":""1.本科专业为计算机类（教育部学科代码0809），或研究生专业为计算机科学与技术（教育部学科代码0812）、软件工程（教育部学科代码0835）2.大学英语四级成绩425分及以上，并在外语水平一栏注明已获得的英语等级证书及成绩；3.有关专业考试信息请参见国家金融监督管理总局2024年度招考公告。"",""部门网站"":""http://www.cbirc.gov.cn/"",""咨询电话1"":""0431-88579081"",""咨询电话2"":""0431-88579118"",""咨询电话3"":"""",""来源Sheet"":""中央国家行政机关省级以下直属机构""}}"
"government_jobs","国家公务员2024招考简章","公务员/事业单位技术岗位","吉林省辽源市","2026-07-28T09:12:58.310295+00:00","统计信息部门一级主任科员及以下","国家金融监督管理总局吉林监管局","","吉林省辽源市","公务员/事业单位;2024;computer_software;本科及以上;与最高学历相对应的学位;计算机及相关专业;市（地）级及以下直属机构综合管理类","用人司局：国家金融监督管理总局辽源监管分局
职位简介：主要从事信息科技风险监管、电子设备软硬件管理及信息系统运行维护等工作。
专业要求：计算机及相关专业
学历要求：本科及以上
学位要求：与最高学历相对应的学位
政治面貌：不限
基层工作经历：无限制
考试类别：市（地）级及以下直属机构综合管理类
备注：1.应届高校毕业生；2.本科专业为计算机类（教育部学科代码0809），或研究生专业为计算机科学与技术（教育部学科代码0812）、软件工程（教育部学科代码0835）3.大学英语四级成绩425分及以上，并在外语水平一栏注明已获得的英语等级证书及成绩；4.有关专业考试信息请参见国家金融监督管理总局2024年度招考公告。","https://www.xuanhan.gov.cn/xxgk-show-77635.html#154107-300147107001","2023-10-15","{""dataset_year"":2024,""job_uid"":""GOV-2024-154107-300147107001"",""publisher"":""国家公务员局"",""publication_page"":""https://www.xuanhan.gov.cn/xxgk-show-77635.html"",""attachment_url"":""https://www.xuanhan.gov.cn/uploadfile/1/Attachment/638fdecf51.zip"",""local_source_file"":""中央机关及其直属机构2024年度考试录用公务员招考简章.xls"",""local_source_sha256"":""a1741b99dbecd6d03e533f99f2d69b0fa5a79733e551b80af69986ceed2ad996"",""source_sheet"":""中央国家行政机关省级以下直属机构"",""filter_version"":""government_tech_v2"",""tech_filter"":{""is_tech"":true,""is_core_tech"":true,""scope"":""core"",""categories"":[""computer_software""],""matched_fields"":[""major"",""description"",""remarks""],""major_terms"":[""计算机""],""role_terms"":[""信息科技"",""信息系统"",""计算机"",""软件"",""软件工程"",""软硬件""],""reason"":""tech_major_and_role""},""original"":{""部门代码"":""154107"",""部门名称"":""国家金融监督管理总局吉林监管局"",""用人司局"":""国家金融监督管理总局辽源监管分局"",""机构性质"":""中央国家行政机关省级以下直属机构"",""招考职位"":""统计信息部门一级主任科员及以下"",""职位属性"":""金融监管计算机类职位"",""职位分布"":""西部地区和艰苦边远地区职位"",""职位简介"":""主要从事信息科技风险监管、电子设备软硬件管理及信息系统运行维护等工作。"",""职位代码"":""300147107001"",""机构层级"":""市（地）级"",""考试类别"":""市（地）级及以下直属机构综合管理类"",""招考人数"":""1"",""专业"":""计算机及相关专业"",""学历"":""本科及以上"",""学位"":""与最高学历相对应的学位"",""政治面貌"":""不限"",""基层工作最低年限"":""无限制"",""服务基层项目工作经历"":""无限制"",""是否在面试阶段组织专业能力测试"":""否"",""面试人员比例"":""3:1"",""工作地点"":""吉林省辽源市"",""落户地点"":""吉林省辽源市"",""备注"":""1.应届高校毕业生；2.本科专业为计算机类（教育部学科代码0809），或研究生专业为计算机科学与技术（教育部学科代码0812）、软件工程（教育部学科代码0835）3.大学英语四级成绩425分及以上，并在外语水平一栏注明已获得的英语等级证书及成绩；4.有关专业考试信息请参见国家金融监督管理总局2024年度招考公告。"",""部门网站"":""http://www.cbirc.gov.cn/"",""咨询电话1"":""0431-88579081"",""咨询电话2"":""0431-88579118"",""咨询电话3"":"""",""来源Sheet"":""中央国家行政机关省级以下直属机构""}}"
"government_jobs","国家公务员2024招考简章","公务员/事业单位技术岗位","吉林省通化市梅河口市","2026-07-28T09:12:58.310295+00:00","统计信息部门一级主任科员及以下","国家金融监督管理总局吉林监管局","","吉林省通化市梅河口市","公务员/事业单位;2024;computer_software;本科及以上;与最高学历相对应的学位;计算机及相关专业;市（地）级及以下直属机构综合管理类","用人司局：国家金融监督管理总局通化监管分局梅河口县级派出机构
职位简介：主要从事信息科技风险监管、电子设备软硬件管理及信息系统运行维护等工作。
专业要求：计算机及相关专业
学历要求：本科及以上
学位要求：与最高学历相对应的学位
政治面貌：不限
基层工作经历：无限制
考试类别：市（地）级及以下直属机构综合管理类
备注：1.本科专业为计算机类（教育部学科代码0809），或研究生专业为计算机科学与技术（教育部学科代码0812）、软件工程（教育部学科代码0835）；2.吉林省户口或吉林省生源；3.大学英语四级成绩425分及以上，并在外语水平一栏注明已获得的英语等级证书及成绩；4.有关专业考试信息请参见国家金融监督管理总局2024年度招考公告。","https://www.xuanhan.gov.cn/xxgk-show-77635.html#154107-300147151002","2023-10-15","{""dataset_year"":2024,""job_uid"":""GOV-2024-154107-300147151002"",""publisher"":""国家公务员局"",""publication_page"":""https://www.xuanhan.gov.cn/xxgk-show-77635.html"",""attachment_url"":""https://www.xuanhan.gov.cn/uploadfile/1/Attachment/638fdecf51.zip"",""local_source_file"":""中央机关及其直属机构2024年度考试录用公务员招考简章.xls"",""local_source_sha256"":""a1741b99dbecd6d03e533f99f2d69b0fa5a79733e551b80af69986ceed2ad996"",""source_sheet"":""中央国家行政机关省级以下直属机构"",""filter_version"":""government_tech_v2"",""tech_filter"":{""is_tech"":true,""is_core_tech"":true,""scope"":""core"",""categories"":[""computer_software""],""matched_fields"":[""major"",""description"",""remarks""],""major_terms"":[""计算机""],""role_terms"":[""信息科技"",""信息系统"",""计算机"",""软件"",""软件工程"",""软硬件""],""reason"":""tech_major_and_role""},""original"":{""部门代码"":""154107"",""部门名称"":""国家金融监督管理总局吉林监管局"",""用人司局"":""国家金融监督管理总局通化监管分局梅河口县级派出机构"",""机构性质"":""中央国家行政机关省级以下直属机构"",""招考职位"":""统计信息部门一级主任科员及以下"",""职位属性"":""金融监管计算机类职位"",""职位分布"":""西部地区和艰苦边远地区职位"",""职位简介"":""主要从事信息科技风险监管、电子设备软硬件管理及信息系统运行维护等工作。"",""职位代码"":""300147151002"",""机构层级"":""县（区）级及以下"",""考试类别"":""市（地）级及以下直属机构综合管理类"",""招考人数"":""1"",""专业"":""计算机及相关专业"",""学历"":""本科及以上"",""学位"":""与最高学历相对应的学位"",""政治面貌"":""不限"",""基层工作最低年限"":""无限制"",""服务基层项目工作经历"":""无限制"",""是否在面试阶段组织专业能力测试"":""否"",""面试人员比例"":""3:1"",""工作地点"":""吉林省通化市梅河口市"",""落户地点"":""吉林省通化市梅河口市"",""备注"":""1.本科专业为计算机类（教育部学科代码0809），或研究生专业为计算机科学与技术（教育部学科代码0812）、软件工程（教育部学科代码0835）；2.吉林省户口或吉林省生源；3.大学英语四级成绩425分及以上，并在外语水平一栏注明已获得的英语等级证书及成绩；4.有关专业考试信息请参见国家金融监督管理总局2024年度招考公告。"",""部门网站"":""http://www.cbirc.gov.cn/"",""咨询电话1"":""0431-88579081"",""咨询电话2"":""0431-88579118"",""咨询电话3"":"""",""来源Sheet"":""中央国家行政机关省级以下直属机构""}}"
"government_jobs","国家公务员2024招考简章","公务员/事业单位技术岗位","黑龙江省大庆市","2026-07-28T09:12:58.310295+00:00","统计信息部门一级主任科员及以下","国家金融监督管理总局黑龙江监管局","","黑龙江省大庆市","公务员/事业单位;2024;automation_robotics;computer_software;electronics_communication;仅限本科;学士;计算机类（不含电子信息工程、通信工程、自动化等专业）;市（地）级及以下直属机构综合管理类","用人司局：国家金融监督管理总局大庆监管分局
职位简介：主要从事信息科技风险监管、电子设备软硬件管理及信息系统运行维护等工作
专业要求：计算机类（不含电子信息工程、通信工程、自动化等专业）
学历要求：仅限本科
学位要求：学士
政治面貌：中共党员
基层工作经历：无限制
考试类别：市（地）级及以下直属机构综合管理类
备注：1.应届高校毕业生；2.大学英语四级成绩425分及以上，请考生报考时在备注栏注明已获得的英语等级证书及成绩；3.有关专业考试信息请参见国家金融监督管理总局2024年度招考公告。","https://www.xuanhan.gov.cn/xxgk-show-77635.html#154108-300147004001","2023-10-15","{""dataset_year"":2024,""job_uid"":""GOV-2024-154108-300147004001"",""publisher"":""国家公务员局"",""publication_page"":""https://www.xuanhan.gov.cn/xxgk-show-77635.html"",""attachment_url"":""https://www.xuanhan.gov.cn/uploadfile/1/Attachment/638fdecf51.zip"",""local_source_file"":""中央机关及其直属机构2024年度考试录用公务员招考简章.xls"",""local_source_sha256"":""a1741b99dbecd6d03e533f99f2d69b0fa5a79733e551b80af69986ceed2ad996"",""source_sheet"":""中央国家行政机关省级以下直属机构"",""filter_version"":""government_tech_v2"",""tech_filter"":{""is_tech"":true,""is_core_tech"":true,""scope"":""core"",""categories"":[""automation_robotics"",""computer_software"",""electronics_communication""],""matched_fields"":[""major"",""description""],""major_terms"":[""电子信息工程"",""自动化"",""计算机类"",""通信工程""],""role_terms"":[""信息科技"",""信息系统"",""软硬件""],""reason"":""tech_major_and_role""},""original"":{""部门代码"":""154108"",""部门名称"":""国家金融监督管理总局黑龙江监管局"",""用人司局"":""国家金融监督管理总局大庆监管分局"",""机构性质"":""中央国家行政机关省级以下直属机构"",""招考职位"":""统计信息部门一级主任科员及以下"",""职位属性"":""金融监管计算机类职位"",""职位分布"":""其他职位"",""职位简介"":""主要从事信息科技风险监管、电子设备软硬件管理及信息系统运行维护等工作"",""职位代码"":""300147004001"",""机构层级"":""市（地）级"",""考试类别"":""市（地）级及以下直属机构综合管理类"",""招考人数"":""1"",""专业"":""计算机类（不含电子信息工程、通信工程、自动化等专业）"",""学历"":""仅限本科"",""学位"":""学士"",""政治面貌"":""中共党员"",""基层工作最低年限"":""无限制"",""服务基层项目工作经历"":""无限制"",""是否在面试阶段组织专业能力测试"":""否"",""面试人员比例"":""3:1"",""工作地点"":""黑龙江省大庆市"",""落户地点"":""黑龙江省大庆市"",""备注"":""1.应届高校毕业生；2.大学英语四级成绩425分及以上，请考生报考时在备注栏注明已获得的英语等级证书及成绩；3.有关专业考试信息请参见国家金融监督管理总局2024年度招考公告。"",""部门网站"":""http://www.cbirc.gov.cn/"",""咨询电话1"":""0451-53635475"",""咨询电话2"":"""",""咨询电话3"":"""",""来源Sheet"":""中央国家行政机关省级以下直属机构""}}"
"government_jobs","国家公务员2024招考简章","公务员/事业单位技术岗位","黑龙江省大庆市","2026-07-28T09:12:58.310295+00:00","统计信息部门一级主任科员及以下","国家金融监督管理总局黑龙江监管局","","黑龙江省大庆市","公务员/事业单位;2024;automation_robotics;computer_software;electronics_communication;仅限本科;学士;计算机类（不含电子信息工程、通信工程、自动化等专业）;市（地）级及以下直属机构综合管理类","用人司局：国家金融监督管理总局大庆监管分局
职位简介：主要从事信息科技风险监管、电子设备软硬件管理及信息系统运行维护等工作
专业要求：计算机类（不含电子信息工程、通信工程、自动化等专业）
学历要求：仅限本科
学位要求：学士
政治面貌：不限
基层工作经历：无限制
考试类别：市（地）级及以下直属机构综合管理类
备注：1.应届高校毕业生；2.大学英语四级成绩425分及以上，请考生报考时在备注栏注明已获得的英语等级证书及成绩；3.有关专业考试信息请参见国家金融监督管理总局2024年度招考公告。","https://www.xuanhan.gov.cn/xxgk-show-77635.html#154108-300147004002","2023-10-15","{""dataset_year"":2024,""job_uid"":""GOV-2024-154108-300147004002"",""publisher"":""国家公务员局"",""publication_page"":""https://www.xuanhan.gov.cn/xxgk-show-77635.html"",""attachment_url"":""https://www.xuanhan.gov.cn/uploadfile/1/Attachment/638fdecf51.zip"",""local_source_file"":""中央机关及其直属机构2024年度考试录用公务员招考简章.xls"",""local_source_sha256"":""a1741b99dbecd6d03e533f99f2d69b0fa5a79733e551b80af69986ceed2ad996"",""source_sheet"":""中央国家行政机关省级以下直属机构"",""filter_version"":""government_tech_v2"",""tech_filter"":{""is_tech"":true,""is_core_tech"":true,""scope"":""core"",""categories"":[""automation_robotics"",""computer_software"",""electronics_communication""],""matched_fields"":[""major"",""description""],""major_terms"":[""电子信息工程"",""自动化"",""计算机类"",""通信工程""],""role_terms"":[""信息科技"",""信息系统"",""软硬件""],""reason"":""tech_major_and_role""},""original"":{""部门代码"":""154108"",""部门名称"":""国家金融监督管理总局黑龙江监管局"",""用人司局"":""国家金融监督管理总局大庆监管分局"",""机构性质"":""中央国家行政机关省级以下直属机构"",""招考职位"":""统计信息部门一级主任科员及以下"",""职位属性"":""金融监管计算机类职位"",""职位分布"":""其他职位"",""职位简介"":""主要从事信息科技风险监管、电子设备软硬件管理及信息系统运行维护等工作"",""职位代码"":""300147004002"",""机构层级"":""市（地）级"",""考试类别"":""市（地）级及以下直属机构综合管理类"",""招考人数"":""2"",""专业"":""计算机类（不含电子信息工程、通信工程、自动化等专业）"",""学历"":""仅限本科"",""学位"":""学士"",""政治面貌"":""不限"",""基层工作最低年限"":""无限制"",""服务基层项目工作经历"":""无限制"",""是否在面试阶段组织专业能力测试"":""否"",""面试人员比例"":""3:1"",""工作地点"":""黑龙江省大庆市"",""落户地点"":""黑龙江省大庆市"",""备注"":""1.应届高校毕业生；2.大学英语四级成绩425分及以上，请考生报考时在备注栏注明已获得的英语等级证书及成绩；3.有关专业考试信息请参见国家金融监督管理总局2024年度招考公告。"",""部门网站"":""http://www.cbirc.gov.cn/"",""咨询电话1"":""0451-53635475"",""咨询电话2"":"""",""咨询电话3"":"""",""来源Sheet"":""中央国家行政机关省级以下直属机构""}}"
"government_jobs","国家公务员2024招考简章","公务员/事业单位技术岗位","黑龙江省绥化市","2026-07-28T09:12:58.310295+00:00","统计信息部门一级主任科员及以下","国家金融监督管理总局黑龙江监管局","","黑龙江省绥化市","公务员/事业单位;2024;automation_robotics;computer_software;electronics_communication;仅限本科;学士;计算机类（不含电子信息工程、通信工程、自动化等专业）;市（地）级及以下直属机构综合管理类","用人司局：国家金融监督管理总局绥化监管分局
职位简介：主要从事信息科技风险监管、电子设备软硬件管理及信息系统运行维护等工作
专业要求：计算机类（不含电子信息工程、通信工程、自动化等专业）
学历要求：仅限本科
学位要求：学士
政治面貌：不限
基层工作经历：无限制
考试类别：市（地）级及以下直属机构综合管理类
备注：1.大学英语四级成绩425分及以上，请考生报考时在备注栏注明已获得的英语等级证书及成绩；2.有关专业考试信息请参见国家金融监督管理总局2024年度招考公告。","https://www.xuanhan.gov.cn/xxgk-show-77635.html#154108-300147005001","2023-10-15","{""dataset_year"":2024,""job_uid"":""GOV-2024-154108-300147005001"",""publisher"":""国家公务员局"",""publication_page"":""https://www.xuanhan.gov.cn/xxgk-show-77635.html"",""attachment_url"":""https://www.xuanhan.gov.cn/uploadfile/1/Attachment/638fdecf51.zip"",""local_source_file"":""中央机关及其直属机构2024年度考试录用公务员招考简章.xls"",""local_source_sha256"":""a1741b99dbecd6d03e533f99f2d69b0fa5a79733e551b80af69986ceed2ad996"",""source_sheet"":""中央国家行政机关省级以下直属机构"",""filter_version"":""government_tech_v2"",""tech_filter"":{""is_tech"":true,""is_core_tech"":true,""scope"":""core"",""categories"":[""automation_robotics"",""computer_software"",""electronics_communication""],""matched_fields"":[""major"",""description""],""major_terms"":[""电子信息工程"",""自动化"",""计算机类"",""通信工程""],""role_terms"":[""信息科技"",""信息系统"",""软硬件""],""reason"":""tech_major_and_role""},""original"":{""部门代码"":""154108"",""部门名称"":""国家金融监督管理总局黑龙江监管局"",""用人司局"":""国家金融监督管理总局绥化监管分局"",""机构性质"":""中央国家行政机关省级以下直属机构"",""招考职位"":""统计信息部门一级主任科员及以下"",""职位属性"":""金融监管计算机类职位"",""职位分布"":""其他职位"",""职位简介"":""主要从事信息科技风险监管、电子设备软硬件管理及信息系统运行维护等工作"",""职位代码"":""300147005001"",""机构层级"":""市（地）级"",""考试类别"":""市（地）级及以下直属机构综合管理类"",""招考人数"":""1"",""专业"":""计算机类（不含电子信息工程、通信工程、自动化等专业）"",""学历"":""仅限本科"",""学位"":""学士"",""政治面貌"":""不限"",""基层工作最低年限"":""无限制"",""服务基层项目工作经历"":""无限制"",""是否在面试阶段组织专业能力测试"":""否"",""面试人员比例"":""3:1"",""工作地点"":""黑龙江省绥化市"",""落户地点"":""黑龙江省绥化市"",""备注"":""1.大学英语四级成绩425分及以上，请考生报考时在备注栏注明已获得的英语等级证书及成绩；2.有关专业考试信息请参见国家金融监督管理总局2024年度招考公告。"",""部门网站"":""http://www.cbirc.gov.cn/"",""咨询电话1"":""0451-53635475"",""咨询电话2"":"""",""咨询电话3"":"""",""来源Sheet"":""中央国家行政机关省级以下直属机构""}}"
"government_jobs","国家公务员2024招考简章","公务员/事业单位技术岗位","黑龙江省双鸭山市","2026-07-28T09:12:58.310295+00:00","统计信息部门一级主任科员及以下","国家金融监督管理总局黑龙江监管局","","黑龙江省双鸭山市","公务员/事业单位;2024;automation_robotics;computer_software;electronics_communication;仅限本科;学士;计算机类（不含电子信息工程、通信工程、自动化等专业）;市（地）级及以下直属机构综合管理类","用人司局：国家金融监督管理总局双鸭山监管分局
职位简介：主要从事信息科技风险监管、电子设备软硬件管理及信息系统运行维护等工作
专业要求：计算机类（不含电子信息工程、通信工程、自动化等专业）
学历要求：仅限本科
学位要求：学士
政治面貌：不限
基层工作经历：无限制
考试类别：市（地）级及以下直属机构综合管理类
备注：1.大学英语四级成绩425分及以上，请考生报考时在备注栏注明已获得的英语等级证书及成绩；2.有关专业考试信息请参见国家金融监督管理总局2024年度招考公告。","https://www.xuanhan.gov.cn/xxgk-show-77635.html#154108-300147007001","2023-10-15","{""dataset_year"":2024,""job_uid"":""GOV-2024-154108-300147007001"",""publisher"":""国家公务员局"",""publication_page"":""https://www.xuanhan.gov.cn/xxgk-show-77635.html"",""attachment_url"":""https://www.xuanhan.gov.cn/uploadfile/1/Attachment/638fdecf51.zip"",""local_source_file"":""中央机关及其直属机构2024年度考试录用公务员招考简章.xls"",""local_source_sha256"":""a1741b99dbecd6d03e533f99f2d69b0fa5a79733e551b80af69986ceed2ad996"",""source_sheet"":""中央国家行政机关省级以下直属机构"",""filter_version"":""government_tech_v2"",""tech_filter"":{""is_tech"":true,""is_core_tech"":true,""scope"":""core"",""categories"":[""automation_robotics"",""computer_software"",""electronics_communication""],""matched_fields"":[""major"",""description""],""major_terms"":[""电子信息工程"",""自动化"",""计算机类"",""通信工程""],""role_terms"":[""信息科技"",""信息系统"",""软硬件""],""reason"":""tech_major_and_role""},""original"":{""部门代码"":""154108"",""部门名称"":""国家金融监督管理总局黑龙江监管局"",""用人司局"":""国家金融监督管理总局双鸭山监管分局"",""机构性质"":""中央国家行政机关省级以下直属机构"",""招考职位"":""统计信息部门一级主任科员及以下"",""职位属性"":""金融监管计算机类职位"",""职位分布"":""其他职位"",""职位简介"":""主要从事信息科技风险监管、电子设备软硬件管理及信息系统运行维护等工作"",""职位代码"":""300147007001"",""机构层级"":""市（地）级"",""考试类别"":""市（地）级及以下直属机构综合管理类"",""招考人数"":""2"",""专业"":""计算机类（不含电子信息工程、通信工程、自动化等专业）"",""学历"":""仅限本科"",""学位"":""学士"",""政治面貌"":""不限"",""基层工作最低年限"":""无限制"",""服务基层项目工作经历"":""无限制"",""是否在面试阶段组织专业能力测试"":""否"",""面试人员比例"":""3:1"",""工作地点"":""黑龙江省双鸭山市"",""落户地点"":""黑龙江省双鸭山市"",""备注"":""1.大学英语四级成绩425分及以上，请考生报考时在备注栏注明已获得的英语等级证书及成绩；2.有关专业考试信息请参见国家金融监督管理总局2024年度招考公告。"",""部门网站"":""http://www.cbirc.gov.cn/"",""咨询电话1"":""0451-53635475"",""咨询电话2"":"""",""咨询电话3"":"""",""来源Sheet"":""中央国家行政机关省级以下直属机构""}}"
"government_jobs","国家公务员2024招考简章","公务员/事业单位技术岗位","江苏省徐州市","2026-07-28T09:12:58.310295+00:00","统计信息部门一级主任科员及以下","国家金融监督管理总局江苏监管局","","江苏省徐州市","公务员/事业单位;2024;computer_software;本科或硕士研究生;与最高学历相对应的学位;本科生招收计算机科学与技术、软件工程；研究生招收计算机科学与技术、软件工程;市（地）级及以下直属机构综合管理类","用人司局：国家金融监督管理总局徐州监管分局
职位简介：主要从事信息科技风险监管、电子设备软硬件管理及信息系统运行维护等工作。
专业要求：本科生招收计算机科学与技术、软件工程；研究生招收计算机科学与技术、软件工程
学历要求：本科或硕士研究生
学位要求：与最高学历相对应的学位
政治面貌：不限
基层工作经历：无限制
考试类别：市（地）级及以下直属机构综合管理类
备注：1.应届高校毕业生；2.本单位最低服务年限为5年（含试用期）；3.本岗位需长期出差；4.单位不能落户；5.本科生要求大学英语四级60分（100分制）或425分（710分制）及以上（雅思成绩6分及以上或托福成绩80分及以上亦可），研究生要求大学英语六级60分（100分制）或425分（710分制）及以上（雅思成绩6.5分及以上或托福成绩90分及以上亦可），请考生报考时在外语水平一栏注明已获得的英语等级证书及成绩；6.有关专业考试信息请参见国家金融监督管理总局2024年度招考公告。","https://www.xuanhan.gov.cn/xxgk-show-77635.html#154110-300147103001","2023-10-15","{""dataset_year"":2024,""job_uid"":""GOV-2024-154110-300147103001"",""publisher"":""国家公务员局"",""publication_page"":""https://www.xuanhan.gov.cn/xxgk-show-77635.html"",""attachment_url"":""https://www.xuanhan.gov.cn/uploadfile/1/Attachment/638fdecf51.zip"",""local_source_file"":""中央机关及其直属机构2024年度考试录用公务员招考简章.xls"",""local_source_sha256"":""a1741b99dbecd6d03e533f99f2d69b0fa5a79733e551b80af69986ceed2ad996"",""source_sheet"":""中央国家行政机关省级以下直属机构"",""filter_version"":""government_tech_v2"",""tech_filter"":{""is_tech"":true,""is_core_tech"":true,""scope"":""core"",""categories"":[""computer_software""],""matched_fields"":[""major"",""description""],""major_terms"":[""计算机科学与技术"",""软件工程""],""role_terms"":[""信息科技"",""信息系统"",""软硬件""],""reason"":""tech_major_and_role""},""original"":{""部门代码"":""154110"",""部门名称"":""国家金融监督管理总局江苏监管局"",""用人司局"":""国家金融监督管理总局徐州监管分局"",""机构性质"":""中央国家行政机关省级以下直属机构"",""招考职位"":""统计信息部门一级主任科员及以下"",""职位属性"":""金融监管计算机类职位"",""职位分布"":""其他职位"",""职位简介"":""主要从事信息科技风险监管、电子设备软硬件管理及信息系统运行维护等工作。"",""职位代码"":""300147103001"",""机构层级"":""市（地）级"",""考试类别"":""市（地）级及以下直属机构综合管理类"",""招考人数"":""1"",""专业"":""本科生招收计算机科学与技术、软件工程；研究生招收计算机科学与技术、软件工程"",""学历"":""本科或硕士研究生"",""学位"":""与最高学历相对应的学位"",""政治面貌"":""不限"",""基层工作最低年限"":""无限制"",""服务基层项目工作经历"":""无限制"",""是否在面试阶段组织专业能力测试"":""否"",""面试人员比例"":""3:1"",""工作地点"":""江苏省徐州市"",""落户地点"":""江苏省"",""备注"":""1.应届高校毕业生；2.本单位最低服务年限为5年（含试用期）；3.本岗位需长期出差；4.单位不能落户；5.本科生要求大学英语四级60分（100分制）或425分（710分制）及以上（雅思成绩6分及以上或托福成绩80分及以上亦可），研究生要求大学英语六级60分（100分制）或425分（710分制）及以上（雅思成绩6.5分及以上或托福成绩90分及以上亦可），请考生报考时在外语水平一栏注明已获得的英语等级证书及成绩；6.有关专业考试信息请参见国家金融监督管理总局2024年度招考公告。"",""部门网站"":""http://www.cbirc.gov.cn/"",""咨询电话1"":""025-84090915"",""咨询电话2"":""025-84090919"",""咨询电话3"":"""",""来源Sheet"":""中央国家行政机关省级以下直属机构""}}"
"government_jobs","国家公务员2024招考简章","公务员/事业单位技术岗位","江苏省南通市","2026-07-28T09:12:58.310295+00:00","统计信息部门一级主任科员及以下","国家金融监督管理总局江苏监管局","","江苏省南通市","公务员/事业单位;2024;computer_software;本科或硕士研究生;与最高学历相对应的学位;本科生招收计算机科学与技术、软件工程、网络工程；研究生招收计算机系统结构、计算机软件与理论、计算机应用技术;市（地）级及以下直属机构综合管理类","用人司局：国家金融监督管理总局南通监管分局
职位简介：主要从事信息科技风险监管、电子设备软硬件管理及信息系统运行维护等工作。
专业要求：本科生招收计算机科学与技术、软件工程、网络工程；研究生招收计算机系统结构、计算机软件与理论、计算机应用技术
学历要求：本科或硕士研究生
学位要求：与最高学历相对应的学位
政治面貌：不限
基层工作经历：无限制
考试类别：市（地）级及以下直属机构综合管理类
备注：1.本单位最低服务年限为5年（含试用期）；2.本科生要求大学英语四级60分（100分制）或425分（710分制）及以上（雅思成绩6分及以上或托福成绩80分及以上亦可），研究生要求大学英语六级60分（100分制）或425分（710分制）及以上（雅思成绩6.5分及以上或托福成绩90分及以上亦可），请考生报考时在外语水平一栏注明已获得的英语等级证书及成绩；3.有关专业考试信息请参见国家金融监督管理总局2024年度招考公告。","https://www.xuanhan.gov.cn/xxgk-show-77635.html#154110-300147106001","2023-10-15","{""dataset_year"":2024,""job_uid"":""GOV-2024-154110-300147106001"",""publisher"":""国家公务员局"",""publication_page"":""https://www.xuanhan.gov.cn/xxgk-show-77635.html"",""attachment_url"":""https://www.xuanhan.gov.cn/uploadfile/1/Attachment/638fdecf51.zip"",""local_source_file"":""中央机关及其直属机构2024年度考试录用公务员招考简章.xls"",""local_source_sha256"":""a1741b99dbecd6d03e533f99f2d69b0fa5a79733e551b80af69986ceed2ad996"",""source_sheet"":""中央国家行政机关省级以下直属机构"",""filter_version"":""government_tech_v2"",""tech_filter"":{""is_tech"":true,""is_core_tech"":true,""scope"":""core"",""categories"":[""computer_software""],""matched_fields"":[""major"",""description""],""major_terms"":[""网络工程"",""计算机"",""计算机科学与技术"",""软件工程""],""role_terms"":[""信息科技"",""信息系统"",""软硬件""],""reason"":""tech_major_and_role""},""original"":{""部门代码"":""154110"",""部门名称"":""国家金融监督管理总局江苏监管局"",""用人司局"":""国家金融监督管理总局南通监管分局"",""机构性质"":""中央国家行政机关省级以下直属机构"",""招考职位"":""统计信息部门一级主任科员及以下"",""职位属性"":""金融监管计算机类职位"",""职位分布"":""其他职位"",""职位简介"":""主要从事信息科技风险监管、电子设备软硬件管理及信息系统运行维护等工作。"",""职位代码"":""300147106001"",""机构层级"":""市（地）级"",""考试类别"":""市（地）级及以下直属机构综合管理类"",""招考人数"":""1"",""专业"":""本科生招收计算机科学与技术、软件工程、网络工程；研究生招收计算机系统结构、计算机软件与理论、计算机应用技术"",""学历"":""本科或硕士研究生"",""学位"":""与最高学历相对应的学位"",""政治面貌"":""不限"",""基层工作最低年限"":""无限制"",""服务基层项目工作经历"":""无限制"",""是否在面试阶段组织专业能力测试"":""否"",""面试人员比例"":""3:1"",""工作地点"":""江苏省南通市"",""落户地点"":""江苏省南通市"",""备注"":""1.本单位最低服务年限为5年（含试用期）；2.本科生要求大学英语四级60分（100分制）或425分（710分制）及以上（雅思成绩6分及以上或托福成绩80分及以上亦可），研究生要求大学英语六级60分（100分制）或425分（710分制）及以上（雅思成绩6.5分及以上或托福成绩90分及以上亦可），请考生报考时在外语水平一栏注明已获得的英语等级证书及成绩；3.有关专业考试信息请参见国家金融监督管理总局2024年度招考公告。"",""部门网站"":""http://www.cbirc.gov.cn/"",""咨询电话1"":""025-84090915"",""咨询电话2"":""025-84090919"",""咨询电话3"":"""",""来源Sheet"":""中央国家行政机关省级以下直属机构""}}"
"government_jobs","国家公务员2024招考简章","公务员/事业单位技术岗位","江苏省泰州市","2026-07-28T09:12:58.310295+00:00","统计信息部门一级主任科员及以下","国家金融监督管理总局江苏监管局","","江苏省泰州市","公务员/事业单位;2024;computer_software;本科或硕士研究生;与最高学历相对应的学位;本科生招收计算机科学与技术、软件工程；研究生招收计算机软件与理论、计算机应用技术;市（地）级及以下直属机构综合管理类","用人司局：国家金融监督管理总局泰州监管分局
职位简介：主要从事信息科技风险监管、电子设备软硬件管理及信息系统运行维护等工作。
专业要求：本科生招收计算机科学与技术、软件工程；研究生招收计算机软件与理论、计算机应用技术
学历要求：本科或硕士研究生
学位要求：与最高学历相对应的学位
政治面貌：不限
基层工作经历：无限制
考试类别：市（地）级及以下直属机构综合管理类
备注：1.应届高校毕业生；2.本单位最低服务年限为5年（含试用期）；3.本岗位监管任务较重；4.单位不能落户；5.本科生要求大学英语四级60分（100分制）或425分（710分制）及以上（雅思成绩6分及以上或托福成绩80分及以上亦可），研究生要求大学英语六级60分（100分制）或425分（710分制）及以上（雅思成绩6.5分及以上或托福成绩90分及以上亦可），请考生报考时在外语水平一栏注明已获得的英语等级证书及成绩；6.有关专业考试信息请参见国家金融监督管理总局2024年度招考公告。","https://www.xuanhan.gov.cn/xxgk-show-77635.html#154110-300147109001","2023-10-15","{""dataset_year"":2024,""job_uid"":""GOV-2024-154110-300147109001"",""publisher"":""国家公务员局"",""publication_page"":""https://www.xuanhan.gov.cn/xxgk-show-77635.html"",""attachment_url"":""https://www.xuanhan.gov.cn/uploadfile/1/Attachment/638fdecf51.zip"",""local_source_file"":""中央机关及其直属机构2024年度考试录用公务员招考简章.xls"",""local_source_sha256"":""a1741b99dbecd6d03e533f99f2d69b0fa5a79733e551b80af69986ceed2ad996"",""source_sheet"":""中央国家行政机关省级以下直属机构"",""filter_version"":""government_tech_v2"",""tech_filter"":{""is_tech"":true,""is_core_tech"":true,""scope"":""core"",""categories"":[""computer_software""],""matched_fields"":[""major"",""description""],""major_terms"":[""计算机"",""计算机科学与技术"",""软件工程""],""role_terms"":[""信息科技"",""信息系统"",""软硬件""],""reason"":""tech_major_and_role""},""original"":{""部门代码"":""154110"",""部门名称"":""国家金融监督管理总局江苏监管局"",""用人司局"":""国家金融监督管理总局泰州监管分局"",""机构性质"":""中央国家行政机关省级以下直属机构"",""招考职位"":""统计信息部门一级主任科员及以下"",""职位属性"":""金融监管计算机类职位"",""职位分布"":""其他职位"",""职位简介"":""主要从事信息科技风险监管、电子设备软硬件管理及信息系统运行维护等工作。"",""职位代码"":""300147109001"",""机构层级"":""市（地）级"",""考试类别"":""市（地）级及以下直属机构综合管理类"",""招考人数"":""1"",""专业"":""本科生招收计算机科学与技术、软件工程；研究生招收计算机软件与理论、计算机应用技术"",""学历"":""本科或硕士研究生"",""学位"":""与最高学历相对应的学位"",""政治面貌"":""不限"",""基层工作最低年限"":""无限制"",""服务基层项目工作经历"":""无限制"",""是否在面试阶段组织专业能力测试"":""否"",""面试人员比例"":""3:1"",""工作地点"":""江苏省泰州市"",""落户地点"":""江苏省"",""备注"":""1.应届高校毕业生；2.本单位最低服务年限为5年（含试用期）；3.本岗位监管任务较重；4.单位不能落户；5.本科生要求大学英语四级60分（100分制）或425分（710分制）及以上（雅思成绩6分及以上或托福成绩80分及以上亦可），研究生要求大学英语六级60分（100分制）或425分（710分制）及以上（雅思成绩6.5分及以上或托福成绩90分及以上亦可），请考生报考时在外语水平一栏注明已获得的英语等级证书及成绩；6.有关专业考试信息请参见国家金融监督管理总局2024年度招考公告。"",""部门网站"":""http://www.cbirc.gov.cn/"",""咨询电话1"":""025-84090915"",""咨询电话2"":""025-84090919"",""咨询电话3"":"""",""来源Sheet"":""中央国家行政机关省级以下直属机构""}}"
"government_jobs","国家公务员2024招考简章","公务员/事业单位技术岗位","浙江省杭州市","2026-07-28T09:12:58.310295+00:00","统计信息部门一级主任科员及以下","国家金融监督管理总局浙江监管局","","浙江省杭州市","公务员/事业单位;2024;computer_software;硕士研究生及以上;与最高学历相对应的学位;计算机科学与技术、软件工程、数据科学、大数据;中央机关及其省级直属机构综合管理类","用人司局：国家金融监督管理总局浙江监管局
职位简介：主要从事信息科技风险监管、电子设备软硬件管理及信息系统运行维护等工作。
专业要求：计算机科学与技术、软件工程、数据科学、大数据
学历要求：硕士研究生及以上
学位要求：与最高学历相对应的学位
政治面貌：不限
基层工作经历：无限制
考试类别：中央机关及其省级直属机构综合管理类
备注：1.非应届高校毕业生需具有金融业机构从业经历；2.大学英语六级成绩425分及以上；3.有关专业考试信息请参见国家金融监督管理总局2024年度招考公告。","https://www.xuanhan.gov.cn/xxgk-show-77635.html#154111-300147100001","2023-10-15","{""dataset_year"":2024,""job_uid"":""GOV-2024-154111-300147100001"",""publisher"":""国家公务员局"",""publication_page"":""https://www.xuanhan.gov.cn/xxgk-show-77635.html"",""attachment_url"":""https://www.xuanhan.gov.cn/uploadfile/1/Attachment/638fdecf51.zip"",""local_source_file"":""中央机关及其直属机构2024年度考试录用公务员招考简章.xls"",""local_source_sha256"":""a1741b99dbecd6d03e533f99f2d69b0fa5a79733e551b80af69986ceed2ad996"",""source_sheet"":""中央国家行政机关省级以下直属机构"",""filter_version"":""government_tech_v2"",""tech_filter"":{""is_tech"":true,""is_core_tech"":true,""scope"":""core"",""categories"":[""computer_software""],""matched_fields"":[""major"",""description""],""major_terms"":[""大数据"",""数据科学"",""计算机科学与技术"",""软件工程""],""role_terms"":[""信息科技"",""信息系统"",""软硬件""],""reason"":""tech_major_and_role""},""original"":{""部门代码"":""154111"",""部门名称"":""国家金融监督管理总局浙江监管局"",""用人司局"":""国家金融监督管理总局浙江监管局"",""机构性质"":""中央国家行政机关省级以下直属机构"",""招考职位"":""统计信息部门一级主任科员及以下"",""职位属性"":""金融监管计算机类职位"",""职位分布"":""其他职位"",""职位简介"":""主要从事信息科技风险监管、电子设备软硬件管理及信息系统运行维护等工作。"",""职位代码"":""300147100001"",""机构层级"":""省（副省）级"",""考试类别"":""中央机关及其省级直属机构综合管理类"",""招考人数"":""1"",""专业"":""计算机科学与技术、软件工程、数据科学、大数据"",""学历"":""硕士研究生及以上"",""学位"":""与最高学历相对应的学位"",""政治面貌"":""不限"",""基层工作最低年限"":""无限制"",""服务基层项目工作经历"":""无限制"",""是否在面试阶段组织专业能力测试"":""否"",""面试人员比例"":""4:1"",""工作地点"":""浙江省杭州市"",""落户地点"":""浙江省杭州市"",""备注"":""1.非应届高校毕业生需具有金融业机构从业经历；2.大学英语六级成绩425分及以上；3.有关专业考试信息请参见国家金融监督管理总局2024年度招考公告。"",""部门网站"":""http://www.cbirc.gov.cn/"",""咨询电话1"":""0571-87189979"",""咨询电话2"":"""",""咨询电话3"":"""",""来源Sheet"":""中央国家行政机关省级以下直属机构""}}"
"government_jobs","国家公务员2024招考简章","公务员/事业单位技术岗位","浙江省嘉兴市","2026-07-28T09:12:58.310295+00:00","统计信息部门一级主任科员及以下","国家金融监督管理总局浙江监管局","","浙江省嘉兴市","公务员/事业单位;2024;computer_software;本科及以上;与最高学历相对应的学位;计算机科学与技术、软件工程、数据科学、大数据;市（地）级及以下直属机构综合管理类","用人司局：国家金融监督管理总局嘉兴监管分局
职位简介：主要从事信息科技风险监管、电子设备软硬件管理及信息系统运行维护等工作。
专业要求：计算机科学与技术、软件工程、数据科学、大数据
学历要求：本科及以上
学位要求：与最高学历相对应的学位
政治面貌：不限
基层工作经历：无限制
考试类别：市（地）级及以下直属机构综合管理类
备注：1.应届高校毕业生；2.本科学历大学英语四级成绩425分及以上，研究生学历大学英语六级成绩425分及以上；3.有关专业考试信息请参见国家金融监督管理总局2024年度招考公告。","https://www.xuanhan.gov.cn/xxgk-show-77635.html#154111-300147120001","2023-10-15","{""dataset_year"":2024,""job_uid"":""GOV-2024-154111-300147120001"",""publisher"":""国家公务员局"",""publication_page"":""https://www.xuanhan.gov.cn/xxgk-show-77635.html"",""attachment_url"":""https://www.xuanhan.gov.cn/uploadfile/1/Attachment/638fdecf51.zip"",""local_source_file"":""中央机关及其直属机构2024年度考试录用公务员招考简章.xls"",""local_source_sha256"":""a1741b99dbecd6d03e533f99f2d69b0fa5a79733e551b80af69986ceed2ad996"",""source_sheet"":""中央国家行政机关省级以下直属机构"",""filter_version"":""government_tech_v2"",""tech_filter"":{""is_tech"":true,""is_core_tech"":true,""scope"":""core"",""categories"":[""computer_software""],""matched_fields"":[""major"",""description""],""major_terms"":[""大数据"",""数据科学"",""计算机科学与技术"",""软件工程""],""role_terms"":[""信息科技"",""信息系统"",""软硬件""],""reason"":""tech_major_and_role""},""original"":{""部门代码"":""154111"",""部门名称"":""国家金融监督管理总局浙江监管局"",""用人司局"":""国家金融监督管理总局嘉兴监管分局"",""机构性质"":""中央国家行政机关省级以下直属机构"",""招考职位"":""统计信息部门一级主任科员及以下"",""职位属性"":""金融监管计算机类职位"",""职位分布"":""其他职位"",""职位简介"":""主要从事信息科技风险监管、电子设备软硬件管理及信息系统运行维护等工作。"",""职位代码"":""300147120001"",""机构层级"":""市（地）级"",""考试类别"":""市（地）级及以下直属机构综合管理类"",""招考人数"":""1"",""专业"":""计算机科学与技术、软件工程、数据科学、大数据"",""学历"":""本科及以上"",""学位"":""与最高学历相对应的学位"",""政治面貌"":""不限"",""基层工作最低年限"":""无限制"",""服务基层项目工作经历"":""无限制"",""是否在面试阶段组织专业能力测试"":""否"",""面试人员比例"":""3:1"",""工作地点"":""浙江省嘉兴市"",""落户地点"":""浙江省嘉兴市"",""备注"":""1.应届高校毕业生；2.本科学历大学英语四级成绩425分及以上，研究生学历大学英语六级成绩425分及以上；3.有关专业考试信息请参见国家金融监督管理总局2024年度招考公告。"",""部门网站"":""http://www.cbirc.gov.cn/"",""咨询电话1"":""0571-87189979"",""咨询电话2"":"""",""咨询电话3"":"""",""来源Sheet"":""中央国家行政机关省级以下直属机构""}}"
"government_jobs","国家公务员2024招考简章","公务员/事业单位技术岗位","浙江省金华市","2026-07-28T09:12:58.310295+00:00","统计信息部门一级主任科员及以下","国家金融监督管理总局浙江监管局","","浙江省金华市","公务员/事业单位;2024;computer_software;仅限硕士研究生;硕士;计算机科学与技术、软件工程、数据科学、大数据;市（地）级及以下直属机构综合管理类","用人司局：国家金融监督管理总局金华监管分局
职位简介：主要从事信息科技风险监管、电子设备软硬件管理及信息系统运行维护等工作。
专业要求：计算机科学与技术、软件工程、数据科学、大数据
学历要求：仅限硕士研究生
学位要求：硕士
政治面貌：不限
基层工作经历：无限制
考试类别：市（地）级及以下直属机构综合管理类
备注：1.大学英语六级成绩425分及以上；2.有关专业考试信息请参见国家金融监督管理总局2024年度招考公告。","https://www.xuanhan.gov.cn/xxgk-show-77635.html#154111-300147150001","2023-10-15","{""dataset_year"":2024,""job_uid"":""GOV-2024-154111-300147150001"",""publisher"":""国家公务员局"",""publication_page"":""https://www.xuanhan.gov.cn/xxgk-show-77635.html"",""attachment_url"":""https://www.xuanhan.gov.cn/uploadfile/1/Attachment/638fdecf51.zip"",""local_source_file"":""中央机关及其直属机构2024年度考试录用公务员招考简章.xls"",""local_source_sha256"":""a1741b99dbecd6d03e533f99f2d69b0fa5a79733e551b80af69986ceed2ad996"",""source_sheet"":""中央国家行政机关省级以下直属机构"",""filter_version"":""government_tech_v2"",""tech_filter"":{""is_tech"":true,""is_core_tech"":true,""scope"":""core"",""categories"":[""computer_software""],""matched_fields"":[""major"",""description""],""major_terms"":[""大数据"",""数据科学"",""计算机科学与技术"",""软件工程""],""role_terms"":[""信息科技"",""信息系统"",""软硬件""],""reason"":""tech_major_and_role""},""original"":{""部门代码"":""154111"",""部门名称"":""国家金融监督管理总局浙江监管局"",""用人司局"":""国家金融监督管理总局金华监管分局"",""机构性质"":""中央国家行政机关省级以下直属机构"",""招考职位"":""统计信息部门一级主任科员及以下"",""职位属性"":""金融监管计算机类职位"",""职位分布"":""其他职位"",""职位简介"":""主要从事信息科技风险监管、电子设备软硬件管理及信息系统运行维护等工作。"",""职位代码"":""300147150001"",""机构层级"":""市（地）级"",""考试类别"":""市（地）级及以下直属机构综合管理类"",""招考人数"":""1"",""专业"":""计算机科学与技术、软件工程、数据科学、大数据"",""学历"":""仅限硕士研究生"",""学位"":""硕士"",""政治面貌"":""不限"",""基层工作最低年限"":""无限制"",""服务基层项目工作经历"":""无限制"",""是否在面试阶段组织专业能力测试"":""否"",""面试人员比例"":""3:1"",""工作地点"":""浙江省金华市"",""落户地点"":""浙江省金华市"",""备注"":""1.大学英语六级成绩425分及以上；2.有关专业考试信息请参见国家金融监督管理总局2024年度招考公告。"",""部门网站"":""http://www.cbirc.gov.cn/"",""咨询电话1"":""0571-87189979"",""咨询电话2"":"""",""咨询电话3"":"""",""来源Sheet"":""中央国家行政机关省级以下直属机构""}}"
"government_jobs","国家公务员2024招考简章","公务员/事业单位技术岗位","浙江省台州市","2026-07-28T09:12:58.310295+00:00","统计信息部门一级主任科员及以下","国家金融监督管理总局浙江监管局","","浙江省台州市","公务员/事业单位;2024;computer_software;本科及以上;与最高学历相对应的学位;计算机科学与技术、软件工程、数据科学、大数据;市（地）级及以下直属机构综合管理类","用人司局：国家金融监督管理总局台州监管分局
职位简介：主要从事信息科技风险监管、电子设备软硬件管理及信息系统运行维护等工作。
专业要求：计算机科学与技术、软件工程、数据科学、大数据
学历要求：本科及以上
学位要求：与最高学历相对应的学位
政治面貌：不限
基层工作经历：无限制
考试类别：市（地）级及以下直属机构综合管理类
备注：1.应届高校毕业生；2.本科学历大学英语四级成绩425分及以上，研究生学历大学英语六级成绩425分及以上；3.有关专业考试信息请参见国家金融监督管理总局2024年度招考公告。","https://www.xuanhan.gov.cn/xxgk-show-77635.html#154111-300147170001","2023-10-15","{""dataset_year"":2024,""job_uid"":""GOV-2024-154111-300147170001"",""publisher"":""国家公务员局"",""publication_page"":""https://www.xuanhan.gov.cn/xxgk-show-77635.html"",""attachment_url"":""https://www.xuanhan.gov.cn/uploadfile/1/Attachment/638fdecf51.zip"",""local_source_file"":""中央机关及其直属机构2024年度考试录用公务员招考简章.xls"",""local_source_sha256"":""a1741b99dbecd6d03e533f99f2d69b0fa5a79733e551b80af69986ceed2ad996"",""source_sheet"":""中央国家行政机关省级以下直属机构"",""filter_version"":""government_tech_v2"",""tech_filter"":{""is_tech"":true,""is_core_tech"":true,""scope"":""core"",""categories"":[""computer_software""],""matched_fields"":[""major"",""description""],""major_terms"":[""大数据"",""数据科学"",""计算机科学与技术"",""软件工程""],""role_terms"":[""信息科技"",""信息系统"",""软硬件""],""reason"":""tech_major_and_role""},""original"":{""部门代码"":""154111"",""部门名称"":""国家金融监督管理总局浙江监管局"",""用人司局"":""国家金融监督管理总局台州监管分局"",""机构性质"":""中央国家行政机关省级以下直属机构"",""招考职位"":""统计信息部门一级主任科员及以下"",""职位属性"":""金融监管计算机类职位"",""职位分布"":""其他职位"",""职位简介"":""主要从事信息科技风险监管、电子设备软硬件管理及信息系统运行维护等工作。"",""职位代码"":""300147170001"",""机构层级"":""市（地）级"",""考试类别"":""市（地）级及以下直属机构综合管理类"",""招考人数"":""1"",""专业"":""计算机科学与技术、软件工程、数据科学、大数据"",""学历"":""本科及以上"",""学位"":""与最高学历相对应的学位"",""政治面貌"":""不限"",""基层工作最低年限"":""无限制"",""服务基层项目工作经历"":""无限制"",""是否在面试阶段组织专业能力测试"":""否"",""面试人员比例"":""3:1"",""工作地点"":""浙江省台州市"",""落户地点"":""浙江省台州市"",""备注"":""1.应届高校毕业生；2.本科学历大学英语四级成绩425分及以上，研究生学历大学英语六级成绩425分及以上；3.有关专业考试信息请参见国家金融监督管理总局2024年度招考公告。"",""部门网站"":""http://www.cbirc.gov.cn/"",""咨询电话1"":""0571-87189979"",""咨询电话2"":"""",""咨询电话3"":"""",""来源Sheet"":""中央国家行政机关省级以下直属机构""}}"
"government_jobs","国家公务员2024招考简章","公务员/事业单位技术岗位","安徽省蚌埠市","2026-07-28T09:12:58.310295+00:00","统计信息部门一级主任科员及以下","国家金融监督管理总局安徽监管局","","安徽省蚌埠市","公务员/事业单位;2024;computer_software;cybersecurity_cryptography;仅限本科;学士;计算机科学与技术、网络工程、信息安全;市（地）级及以下直属机构综合管理类","用人司局：国家金融监督管理总局蚌埠监管分局
职位简介：主要从事信息科技风险监管、电子设备软硬件管理及信息系统运行维护等工作。
专业要求：计算机科学与技术、网络工程、信息安全
学历要求：仅限本科
学位要求：学士
政治面貌：不限
基层工作经历：无限制
考试类别：市（地）级及以下直属机构综合管理类
备注：1.应届高校毕业生；2.大学英语四级60分（100分制）或425分（710分制）及以上，并在外语水平一栏注明已获得的英语等级证书及成绩；3.有关专业考试信息请参见国家金融监督管理总局2024年度招考公告。","https://www.xuanhan.gov.cn/xxgk-show-77635.html#154112-300147004001","2023-10-15","{""dataset_year"":2024,""job_uid"":""GOV-2024-154112-300147004001"",""publisher"":""国家公务员局"",""publication_page"":""https://www.xuanhan.gov.cn/xxgk-show-77635.html"",""attachment_url"":""https://www.xuanhan.gov.cn/uploadfile/1/Attachment/638fdecf51.zip"",""local_source_file"":""中央机关及其直属机构2024年度考试录用公务员招考简章.xls"",""local_source_sha256"":""a1741b99dbecd6d03e533f99f2d69b0fa5a79733e551b80af69986ceed2ad996"",""source_sheet"":""中央国家行政机关省级以下直属机构"",""filter_version"":""government_tech_v2"",""tech_filter"":{""is_tech"":true,""is_core_tech"":true,""scope"":""core"",""categories"":[""computer_software"",""cybersecurity_cryptography""],""matched_fields"":[""major"",""description""],""major_terms"":[""信息安全"",""网络工程"",""计算机科学与技术""],""role_terms"":[""信息科技"",""信息系统"",""软硬件""],""reason"":""tech_major_and_role""},""original"":{""部门代码"":""154112"",""部门名称"":""国家金融监督管理总局安徽监管局"",""用人司局"":""国家金融监督管理总局蚌埠监管分局"",""机构性质"":""中央国家行政机关省级以下直属机构"",""招考职位"":""统计信息部门一级主任科员及以下"",""职位属性"":""金融监管计算机类职位"",""职位分布"":""其他职位"",""职位简介"":""主要从事信息科技风险监管、电子设备软硬件管理及信息系统运行维护等工作。"",""职位代码"":""300147004001"",""机构层级"":""市（地）级"",""考试类别"":""市（地）级及以下直属机构综合管理类"",""招考人数"":""1"",""专业"":""计算机科学与技术、网络工程、信息安全"",""学历"":""仅限本科"",""学位"":""学士"",""政治面貌"":""不限"",""基层工作最低年限"":""无限制"",""服务基层项目工作经历"":""无限制"",""是否在面试阶段组织专业能力测试"":""否"",""面试人员比例"":""3:1"",""工作地点"":""安徽省蚌埠市"",""落户地点"":""安徽省蚌埠市"",""备注"":""1.应届高校毕业生；2.大学英语四级60分（100分制）或425分（710分制）及以上，并在外语水平一栏注明已获得的英语等级证书及成绩；3.有关专业考试信息请参见国家金融监督管理总局2024年度招考公告。"",""部门网站"":""http://www.cbirc.gov.cn/"",""咨询电话1"":""0551-65192612"",""咨询电话2"":""0551-65192737"",""咨询电话3"":""0551-65192870"",""来源Sheet"":""中央国家行政机关省级以下直属机构""}}"
"government_jobs","国家公务员2024招考简章","公务员/事业单位技术岗位","安徽省阜阳市","2026-07-28T09:12:58.310295+00:00","统计信息部门一级主任科员及以下","国家金融监督管理总局安徽监管局","","安徽省阜阳市","公务员/事业单位;2024;computer_software;cybersecurity_cryptography;仅限本科;学士;计算机科学与技术、软件工程、信息安全、电子与计算机工程、数据科学与大数据技术;市（地）级及以下直属机构综合管理类","用人司局：国家金融监督管理总局阜阳监管分局
职位简介：主要从事信息科技风险监管、电子设备软硬件管理及信息系统运行维护等工作。
专业要求：计算机科学与技术、软件工程、信息安全、电子与计算机工程、数据科学与大数据技术
学历要求：仅限本科
学位要求：学士
政治面貌：不限
基层工作经历：无限制
考试类别：市（地）级及以下直属机构综合管理类
备注：1.应届高校毕业生；2.大学英语四级60分（100分制）或425分（710分制）及以上，并在外语水平一栏注明已获得的英语等级证书及成绩；3.有关专业考试信息请参见国家金融监督管理总局2024年度招考公告。","https://www.xuanhan.gov.cn/xxgk-show-77635.html#154112-300147006001","2023-10-15","{""dataset_year"":2024,""job_uid"":""GOV-2024-154112-300147006001"",""publisher"":""国家公务员局"",""publication_page"":""https://www.xuanhan.gov.cn/xxgk-show-77635.html"",""attachment_url"":""https://www.xuanhan.gov.cn/uploadfile/1/Attachment/638fdecf51.zip"",""local_source_file"":""中央机关及其直属机构2024年度考试录用公务员招考简章.xls"",""local_source_sha256"":""a1741b99dbecd6d03e533f99f2d69b0fa5a79733e551b80af69986ceed2ad996"",""source_sheet"":""中央国家行政机关省级以下直属机构"",""filter_version"":""government_tech_v2"",""tech_filter"":{""is_tech"":true,""is_core_tech"":true,""scope"":""core"",""categories"":[""computer_software"",""cybersecurity_cryptography""],""matched_fields"":[""major"",""description""],""major_terms"":[""信息安全"",""大数据"",""数据科学与大数据技术"",""计算机"",""计算机科学与技术"",""软件工程""],""role_terms"":[""信息科技"",""信息系统"",""软硬件""],""reason"":""tech_major_and_role""},""original"":{""部门代码"":""154112"",""部门名称"":""国家金融监督管理总局安徽监管局"",""用人司局"":""国家金融监督管理总局阜阳监管分局"",""机构性质"":""中央国家行政机关省级以下直属机构"",""招考职位"":""统计信息部门一级主任科员及以下"",""职位属性"":""金融监管计算机类职位"",""职位分布"":""其他职位"",""职位简介"":""主要从事信息科技风险监管、电子设备软硬件管理及信息系统运行维护等工作。"",""职位代码"":""300147006001"",""机构层级"":""市（地）级"",""考试类别"":""市（地）级及以下直属机构综合管理类"",""招考人数"":""1"",""专业"":""计算机科学与技术、软件工程、信息安全、电子与计算机工程、数据科学与大数据技术"",""学历"":""仅限本科"",""学位"":""学士"",""政治面貌"":""不限"",""基层工作最低年限"":""无限制"",""服务基层项目工作经历"":""无限制"",""是否在面试阶段组织专业能力测试"":""否"",""面试人员比例"":""3:1"",""工作地点"":""安徽省阜阳市"",""落户地点"":""安徽省阜阳市"",""备注"":""1.应届高校毕业生；2.大学英语四级60分（100分制）或425分（710分制）及以上，并在外语水平一栏注明已获得的英语等级证书及成绩；3.有关专业考试信息请参见国家金融监督管理总局2024年度招考公告。"",""部门网站"":""http://www.cbirc.gov.cn/"",""咨询电话1"":""0551-65192612"",""咨询电话2"":""0551-65192737"",""咨询电话3"":""0551-65192870"",""来源Sheet"":""中央国家行政机关省级以下直属机构""}}"
"government_jobs","国家公务员2024招考简章","公务员/事业单位技术岗位","安徽省六安市","2026-07-28T09:12:58.310295+00:00","统计信息部门一级主任科员及以下","国家金融监督管理总局安徽监管局","","安徽省六安市","公务员/事业单位;2024;computer_software;cybersecurity_cryptography;仅限本科;学士;计算机科学与技术、软件工程、信息安全、数据科学与大数据技术;市（地）级及以下直属机构综合管理类","用人司局：国家金融监督管理总局六安监管分局
职位简介：主要从事信息科技风险监管、电子设备软硬件管理及信息系统运行维护等工作。
专业要求：计算机科学与技术、软件工程、信息安全、数据科学与大数据技术
学历要求：仅限本科
学位要求：学士
政治面貌：不限
基层工作经历：无限制
考试类别：市（地）级及以下直属机构综合管理类
备注：1.应届高校毕业生；2.大学英语四级60分（100分制）或425分（710分制）及以上，并在外语水平一栏注明已获得的英语等级证书及成绩；3.有关专业考试信息请参见国家金融监督管理总局2024年度招考公告。","https://www.xuanhan.gov.cn/xxgk-show-77635.html#154112-300147013001","2023-10-15","{""dataset_year"":2024,""job_uid"":""GOV-2024-154112-300147013001"",""publisher"":""国家公务员局"",""publication_page"":""https://www.xuanhan.gov.cn/xxgk-show-77635.html"",""attachment_url"":""https://www.xuanhan.gov.cn/uploadfile/1/Attachment/638fdecf51.zip"",""local_source_file"":""中央机关及其直属机构2024年度考试录用公务员招考简章.xls"",""local_source_sha256"":""a1741b99dbecd6d03e533f99f2d69b0fa5a79733e551b80af69986ceed2ad996"",""source_sheet"":""中央国家行政机关省级以下直属机构"",""filter_version"":""government_tech_v2"",""tech_filter"":{""is_tech"":true,""is_core_tech"":true,""scope"":""core"",""categories"":[""computer_software"",""cybersecurity_cryptography""],""matched_fields"":[""major"",""description""],""major_terms"":[""信息安全"",""大数据"",""数据科学与大数据技术"",""计算机科学与技术"",""软件工程""],""role_terms"":[""信息科技"",""信息系统"",""软硬件""],""reason"":""tech_major_and_role""},""original"":{""部门代码"":""154112"",""部门名称"":""国家金融监督管理总局安徽监管局"",""用人司局"":""国家金融监督管理总局六安监管分局"",""机构性质"":""中央国家行政机关省级以下直属机构"",""招考职位"":""统计信息部门一级主任科员及以下"",""职位属性"":""金融监管计算机类职位"",""职位分布"":""其他职位"",""职位简介"":""主要从事信息科技风险监管、电子设备软硬件管理及信息系统运行维护等工作。"",""职位代码"":""300147013001"",""机构层级"":""市（地）级"",""考试类别"":""市（地）级及以下直属机构综合管理类"",""招考人数"":""1"",""专业"":""计算机科学与技术、软件工程、信息安全、数据科学与大数据技术"",""学历"":""仅限本科"",""学位"":""学士"",""政治面貌"":""不限"",""基层工作最低年限"":""无限制"",""服务基层项目工作经历"":""无限制"",""是否在面试阶段组织专业能力测试"":""否"",""面试人员比例"":""3:1"",""工作地点"":""安徽省六安市"",""落户地点"":""安徽省六安市"",""备注"":""1.应届高校毕业生；2.大学英语四级60分（100分制）或425分（710分制）及以上，并在外语水平一栏注明已获得的英语等级证书及成绩；3.有关专业考试信息请参见国家金融监督管理总局2024年度招考公告。"",""部门网站"":""http://www.cbirc.gov.cn/"",""咨询电话1"":""0551-65192612"",""咨询电话2"":""0551-65192737"",""咨询电话3"":""0551-65192870"",""来源Sheet"":""中央国家行政机关省级以下直属机构""}}"
"government_jobs","国家公务员2024招考简章","公务员/事业单位技术岗位","安徽省宣城市","2026-07-28T09:12:58.310295+00:00","统计信息部门一级主任科员及以下","国家金融监督管理总局安徽监管局","","安徽省宣城市","公务员/事业单位;2024;computer_software;cybersecurity_cryptography;仅限本科;学士;计算机科学与技术、信息安全、软件工程;市（地）级及以下直属机构综合管理类","用人司局：国家金融监督管理总局宣城监管分局
职位简介：主要从事信息科技风险监管、电子设备软硬件管理及信息系统运行维护等工作。
专业要求：计算机科学与技术、信息安全、软件工程
学历要求：仅限本科
学位要求：学士
政治面貌：不限
基层工作经历：无限制
考试类别：市（地）级及以下直属机构综合管理类
备注：1.应届高校毕业生；2.大学英语四级60分（100分制）或425分（710分制）及以上，并在外语水平一栏注明已获得的英语等级证书及成绩；3.有关专业考试信息请参见国家金融监督管理总局2024年度招考公告。","https://www.xuanhan.gov.cn/xxgk-show-77635.html#154112-300147018001","2023-10-15","{""dataset_year"":2024,""job_uid"":""GOV-2024-154112-300147018001"",""publisher"":""国家公务员局"",""publication_page"":""https://www.xuanhan.gov.cn/xxgk-show-77635.html"",""attachment_url"":""https://www.xuanhan.gov.cn/uploadfile/1/Attachment/638fdecf51.zip"",""local_source_file"":""中央机关及其直属机构2024年度考试录用公务员招考简章.xls"",""local_source_sha256"":""a1741b99dbecd6d03e533f99f2d69b0fa5a79733e551b80af69986ceed2ad996"",""source_sheet"":""中央国家行政机关省级以下直属机构"",""filter_version"":""government_tech_v2"",""tech_filter"":{""is_tech"":true,""is_core_tech"":true,""scope"":""core"",""categories"":[""computer_software"",""cybersecurity_cryptography""],""matched_fields"":[""major"",""description""],""major_terms"":[""信息安全"",""计算机科学与技术"",""软件工程""],""role_terms"":[""信息科技"",""信息系统"",""软硬件""],""reason"":""tech_major_and_role""},""original"":{""部门代码"":""154112"",""部门名称"":""国家金融监督管理总局安徽监管局"",""用人司局"":""国家金融监督管理总局宣城监管分局"",""机构性质"":""中央国家行政机关省级以下直属机构"",""招考职位"":""统计信息部门一级主任科员及以下"",""职位属性"":""金融监管计算机类职位"",""职位分布"":""其他职位"",""职位简介"":""主要从事信息科技风险监管、电子设备软硬件管理及信息系统运行维护等工作。"",""职位代码"":""300147018001"",""机构层级"":""市（地）级"",""考试类别"":""市（地）级及以下直属机构综合管理类"",""招考人数"":""2"",""专业"":""计算机科学与技术、信息安全、软件工程"",""学历"":""仅限本科"",""学位"":""学士"",""政治面貌"":""不限"",""基层工作最低年限"":""无限制"",""服务基层项目工作经历"":""无限制"",""是否在面试阶段组织专业能力测试"":""否"",""面试人员比例"":""3:1"",""工作地点"":""安徽省宣城市"",""落户地点"":""安徽省宣城市"",""备注"":""1.应届高校毕业生；2.大学英语四级60分（100分制）或425分（710分制）及以上，并在外语水平一栏注明已获得的英语等级证书及成绩；3.有关专业考试信息请参见国家金融监督管理总局2024年度招考公告。"",""部门网站"":""http://www.cbirc.gov.cn/"",""咨询电话1"":""0551-65192612"",""咨询电话2"":""0551-65192737"",""咨询电话3"":""0551-65192870"",""来源Sheet"":""中央国家行政机关省级以下直属机构""}}"
"government_jobs","国家公务员2024招考简章","公务员/事业单位技术岗位","福建省福州市","2026-07-28T09:12:58.310295+00:00","统计信息部门一级主任科员及以下","国家金融监督管理总局福建监管局","","福建省福州市","公务员/事业单位;2024;computer_software;cybersecurity_cryptography;本科及以上;与最高学历相对应的学位;计算机科学与技术、软件工程、网络工程、数据库技术、信息安全;市（地）级及以下直属机构综合管理类","用人司局：国家金融监督管理总局福建监管局辖内县级派出机构
职位简介：主要从事信息科技风险监管、电子设备软硬件管理及信息系统运行维护等工作。
专业要求：计算机科学与技术、软件工程、网络工程、数据库技术、信息安全
学历要求：本科及以上
学位要求：与最高学历相对应的学位
政治面貌：不限
基层工作经历：无限制
考试类别：市（地）级及以下直属机构综合管理类
备注：1.应届高校毕业生；2.国（境）外学历学位者需在面试前资格审查环节提供教育部认证的学历学位；3.本单位最低服务年限为5年（含试用期）；4.具体工作地点和落户地点根据实际工作需要分配（福清市、长乐区、连江县、罗源县、闽清县、闽侯县、永泰县、平潭区）；5.要求大学英语四级60分（100分制）或425分（710分制）及以上，请考生报考时在外语水平一栏注明已获得的英语等级证书及成绩（雅思成绩在6分及以上或托福成绩在80分及以上亦可）；6.有关专业考试信息请参见国家金融监督管理总局2024年度招考公告。","https://www.xuanhan.gov.cn/xxgk-show-77635.html#154113-300147001001","2023-10-15","{""dataset_year"":2024,""job_uid"":""GOV-2024-154113-300147001001"",""publisher"":""国家公务员局"",""publication_page"":""https://www.xuanhan.gov.cn/xxgk-show-77635.html"",""attachment_url"":""https://www.xuanhan.gov.cn/uploadfile/1/Attachment/638fdecf51.zip"",""local_source_file"":""中央机关及其直属机构2024年度考试录用公务员招考简章.xls"",""local_source_sha256"":""a1741b99dbecd6d03e533f99f2d69b0fa5a79733e551b80af69986ceed2ad996"",""source_sheet"":""中央国家行政机关省级以下直属机构"",""filter_version"":""government_tech_v2"",""tech_filter"":{""is_tech"":true,""is_core_tech"":true,""scope"":""core"",""categories"":[""computer_software"",""cybersecurity_cryptography""],""matched_fields"":[""major"",""description""],""major_terms"":[""信息安全"",""网络工程"",""计算机科学与技术"",""软件工程""],""role_terms"":[""信息科技"",""信息系统"",""软硬件""],""reason"":""tech_major_and_role""},""original"":{""部门代码"":""154113"",""部门名称"":""国家金融监督管理总局福建监管局"",""用人司局"":""国家金融监督管理总局福建监管局辖内县级派出机构"",""机构性质"":""中央国家行政机关省级以下直属机构"",""招考职位"":""统计信息部门一级主任科员及以下"",""职位属性"":""金融监管计算机类职位"",""职位分布"":""其他职位"",""职位简介"":""主要从事信息科技风险监管、电子设备软硬件管理及信息系统运行维护等工作。"",""职位代码"":""300147001001"",""机构层级"":""县（区）级及以下"",""考试类别"":""市（地）级及以下直属机构综合管理类"",""招考人数"":""1"",""专业"":""计算机科学与技术、软件工程、网络工程、数据库技术、信息安全"",""学历"":""本科及以上"",""学位"":""与最高学历相对应的学位"",""政治面貌"":""不限"",""基层工作最低年限"":""无限制"",""服务基层项目工作经历"":""无限制"",""是否在面试阶段组织专业能力测试"":""否"",""面试人员比例"":""3:1"",""工作地点"":""福建省福州市"",""落户地点"":""福建省福州市"",""备注"":""1.应届高校毕业生；2.国（境）外学历学位者需在面试前资格审查环节提供教育部认证的学历学位；3.本单位最低服务年限为5年（含试用期）；4.具体工作地点和落户地点根据实际工作需要分配（福清市、长乐区、连江县、罗源县、闽清县、闽侯县、永泰县、平潭区）；5.要求大学英语四级60分（100分制）或425分（710分制）及以上，请考生报考时在外语水平一栏注明已获得的英语等级证书及成绩（雅思成绩在6分及以上或托福成绩在80分及以上亦可）；6.有关专业考试信息请参见国家金融监督管理总局2024年度招考公告。"",""部门网站"":""http://www.cbirc.gov.cn/"",""咨询电话1"":""0591-87879128"",""咨询电话2"":""0591-88301189"",""咨询电话3"":"""",""来源Sheet"":""中央国家行政机关省级以下直属机构""}}"
"government_jobs","国家公务员2024招考简章","公务员/事业单位技术岗位","福建省泉州市","2026-07-28T09:12:58.310295+00:00","统计信息部门一级主任科员及以下","国家金融监督管理总局福建监管局","","福建省泉州市","公务员/事业单位;2024;computer_software;cybersecurity_cryptography;本科及以上;与最高学历相对应的学位;计算机科学与技术、软件工程、网络工程、信息安全、数据科学与大数据技术;市（地）级及以下直属机构综合管理类","用人司局：国家金融监督管理总局泉州监管分局
职位简介：主要从事信息科技风险监管、电子设备软硬件管理及信息系统运行维护等工作。
专业要求：计算机科学与技术、软件工程、网络工程、信息安全、数据科学与大数据技术
学历要求：本科及以上
学位要求：与最高学历相对应的学位
政治面貌：不限
基层工作经历：无限制
考试类别：市（地）级及以下直属机构综合管理类
备注：1.国（境）外学历学位者需在面试前资格审查环节提供教育部认证的学历学位；2.本单位最低服务年限为5年（含试用期）；3.要求大学英语四级60分（100分制）或425分（710分制）及以上，请考生报考时在外语水平一栏注明已获得的英语等级证书及成绩（雅思成绩在6分及以上或托福成绩在80分及以上亦可）；4.有关专业考试信息请参见国家金融监督管理总局2024年度招考公告。","https://www.xuanhan.gov.cn/xxgk-show-77635.html#154113-300147010001","2023-10-15","{""dataset_year"":2024,""job_uid"":""GOV-2024-154113-300147010001"",""publisher"":""国家公务员局"",""publication_page"":""https://www.xuanhan.gov.cn/xxgk-show-77635.html"",""attachment_url"":""https://www.xuanhan.gov.cn/uploadfile/1/Attachment/638fdecf51.zip"",""local_source_file"":""中央机关及其直属机构2024年度考试录用公务员招考简章.xls"",""local_source_sha256"":""a1741b99dbecd6d03e533f99f2d69b0fa5a79733e551b80af69986ceed2ad996"",""source_sheet"":""中央国家行政机关省级以下直属机构"",""filter_version"":""government_tech_v2"",""tech_filter"":{""is_tech"":true,""is_core_tech"":true,""scope"":""core"",""categories"":[""computer_software"",""cybersecurity_cryptography""],""matched_fields"":[""major"",""description""],""major_terms"":[""信息安全"",""大数据"",""数据科学与大数据技术"",""网络工程"",""计算机科学与技术"",""软件工程""],""role_terms"":[""信息科技"",""信息系统"",""软硬件""],""reason"":""tech_major_and_role""},""original"":{""部门代码"":""154113"",""部门名称"":""国家金融监督管理总局福建监管局"",""用人司局"":""国家金融监督管理总局泉州监管分局"",""机构性质"":""中央国家行政机关省级以下直属机构"",""招考职位"":""统计信息部门一级主任科员及以下"",""职位属性"":""金融监管计算机类职位"",""职位分布"":""其他职位"",""职位简介"":""主要从事信息科技风险监管、电子设备软硬件管理及信息系统运行维护等工作。"",""职位代码"":""300147010001"",""机构层级"":""市（地）级"",""考试类别"":""市（地）级及以下直属机构综合管理类"",""招考人数"":""1"",""专业"":""计算机科学与技术、软件工程、网络工程、信息安全、数据科学与大数据技术"",""学历"":""本科及以上"",""学位"":""与最高学历相对应的学位"",""政治面貌"":""不限"",""基层工作最低年限"":""无限制"",""服务基层项目工作经历"":""无限制"",""是否在面试阶段组织专业能力测试"":""否"",""面试人员比例"":""3:1"",""工作地点"":""福建省泉州市"",""落户地点"":""福建省泉州市"",""备注"":""1.国（境）外学历学位者需在面试前资格审查环节提供教育部认证的学历学位；2.本单位最低服务年限为5年（含试用期）；3.要求大学英语四级60分（100分制）或425分（710分制）及以上，请考生报考时在外语水平一栏注明已获得的英语等级证书及成绩（雅思成绩在6分及以上或托福成绩在80分及以上亦可）；4.有关专业考试信息请参见国家金融监督管理总局2024年度招考公告。"",""部门网站"":""http://www.cbirc.gov.cn/"",""咨询电话1"":""0591-87879128"",""咨询电话2"":""0591-88301189"",""咨询电话3"":"""",""来源Sheet"":""中央国家行政机关省级以下直属机构""}}"
"government_jobs","国家公务员2024招考简章","公务员/事业单位技术岗位","福建省泉州市","2026-07-28T09:12:58.310295+00:00","统计信息部门一级主任科员及以下","国家金融监督管理总局福建监管局","","福建省泉州市","公务员/事业单位;2024;computer_software;cybersecurity_cryptography;本科及以上;与最高学历相对应的学位;计算机科学与技术、软件工程、网络工程、信息安全、数据科学与大数据技术;市（地）级及以下直属机构综合管理类","用人司局：国家金融监督管理总局泉州监管分局辖内县级派出机构
职位简介：主要从事信息科技风险监管、电子设备软硬件管理及信息系统运行维护等工作。
专业要求：计算机科学与技术、软件工程、网络工程、信息安全、数据科学与大数据技术
学历要求：本科及以上
学位要求：与最高学历相对应的学位
政治面貌：不限
基层工作经历：无限制
考试类别：市（地）级及以下直属机构综合管理类
备注：1.应届高校毕业生；2.国（境）外学历学位者需在面试前资格审查环节提供教育部认证的学历学位；3.本单位最低服务年限为5年（含试用期）；4.具体工作地点和落户地点根据实际工作需要分配（晋江市、惠安县、南安市、石狮市、安溪县、永春县、德化县）；5.要求大学英语四级60分（100分制）或425分（710分制）及以上，请考生报考时在外语水平一栏注明已获得的英语等级证书及成绩（雅思成绩在6分及以上或托福成绩在80分及以上亦可）；6.有关专业考试信息请参见国家金融监督管理总局2024年度招考公告。","https://www.xuanhan.gov.cn/xxgk-show-77635.html#154113-300147011001","2023-10-15","{""dataset_year"":2024,""job_uid"":""GOV-2024-154113-300147011001"",""publisher"":""国家公务员局"",""publication_page"":""https://www.xuanhan.gov.cn/xxgk-show-77635.html"",""attachment_url"":""https://www.xuanhan.gov.cn/uploadfile/1/Attachment/638fdecf51.zip"",""local_source_file"":""中央机关及其直属机构2024年度考试录用公务员招考简章.xls"",""local_source_sha256"":""a1741b99dbecd6d03e533f99f2d69b0fa5a79733e551b80af69986ceed2ad996"",""source_sheet"":""中央国家行政机关省级以下直属机构"",""filter_version"":""government_tech_v2"",""tech_filter"":{""is_tech"":true,""is_core_tech"":true,""scope"":""core"",""categories"":[""computer_software"",""cybersecurity_cryptography""],""matched_fields"":[""major"",""description""],""major_terms"":[""信息安全"",""大数据"",""数据科学与大数据技术"",""网络工程"",""计算机科学与技术"",""软件工程""],""role_terms"":[""信息科技"",""信息系统"",""软硬件""],""reason"":""tech_major_and_role""},""original"":{""部门代码"":""154113"",""部门名称"":""国家金融监督管理总局福建监管局"",""用人司局"":""国家金融监督管理总局泉州监管分局辖内县级派出机构"",""机构性质"":""中央国家行政机关省级以下直属机构"",""招考职位"":""统计信息部门一级主任科员及以下"",""职位属性"":""金融监管计算机类职位"",""职位分布"":""其他职位"",""职位简介"":""主要从事信息科技风险监管、电子设备软硬件管理及信息系统运行维护等工作。"",""职位代码"":""300147011001"",""机构层级"":""县（区）级及以下"",""考试类别"":""市（地）级及以下直属机构综合管理类"",""招考人数"":""1"",""专业"":""计算机科学与技术、软件工程、网络工程、信息安全、数据科学与大数据技术"",""学历"":""本科及以上"",""学位"":""与最高学历相对应的学位"",""政治面貌"":""不限"",""基层工作最低年限"":""无限制"",""服务基层项目工作经历"":""无限制"",""是否在面试阶段组织专业能力测试"":""否"",""面试人员比例"":""3:1"",""工作地点"":""福建省泉州市"",""落户地点"":""福建省泉州市"",""备注"":""1.应届高校毕业生；2.国（境）外学历学位者需在面试前资格审查环节提供教育部认证的学历学位；3.本单位最低服务年限为5年（含试用期）；4.具体工作地点和落户地点根据实际工作需要分配（晋江市、惠安县、南安市、石狮市、安溪县、永春县、德化县）；5.要求大学英语四级60分（100分制）或425分（710分制）及以上，请考生报考时在外语水平一栏注明已获得的英语等级证书及成绩（雅思成绩在6分及以上或托福成绩在80分及以上亦可）；6.有关专业考试信息请参见国家金融监督管理总局2024年度招考公告。"",""部门网站"":""http://www.cbirc.gov.cn/"",""咨询电话1"":""0591-87879128"",""咨询电话2"":""0591-88301189"",""咨询电话3"":"""",""来源Sheet"":""中央国家行政机关省级以下直属机构""}}"
"government_jobs","国家公务员2024招考简章","公务员/事业单位技术岗位","江西省赣州市","2026-07-28T09:12:58.310295+00:00","统计信息部门一级主任科员及以下","国家金融监督管理总局江西监管局","","江西省赣州市","公务员/事业单位;2024;computer_software;本科及以上;与最高学历相对应的学位;计算机;市（地）级及以下直属机构综合管理类","用人司局：国家金融监督管理总局赣州监管分局
职位简介：主要从事信息科技风险监管、电子设备软硬件管理及信息系统运行维护等工作。
专业要求：计算机
学历要求：本科及以上
学位要求：与最高学历相对应的学位
政治面貌：不限
基层工作经历：无限制
考试类别：市（地）级及以下直属机构综合管理类
备注：1.应届高校毕业生；2.报考者学历、学位需同时获得；3.本科学历大学英语四级425分及以上，研究生学历大学英语六级425分及以上，请考生报考时在备注栏注明已获得的英语等级证书及成绩；4.有关专业考试信息请参见国家金融监督管理总局2024年度招考公告。","https://www.xuanhan.gov.cn/xxgk-show-77635.html#154114-300147100001","2023-10-15","{""dataset_year"":2024,""job_uid"":""GOV-2024-154114-300147100001"",""publisher"":""国家公务员局"",""publication_page"":""https://www.xuanhan.gov.cn/xxgk-show-77635.html"",""attachment_url"":""https://www.xuanhan.gov.cn/uploadfile/1/Attachment/638fdecf51.zip"",""local_source_file"":""中央机关及其直属机构2024年度考试录用公务员招考简章.xls"",""local_source_sha256"":""a1741b99dbecd6d03e533f99f2d69b0fa5a79733e551b80af69986ceed2ad996"",""source_sheet"":""中央国家行政机关省级以下直属机构"",""filter_version"":""government_tech_v2"",""tech_filter"":{""is_tech"":true,""is_core_tech"":true,""scope"":""core"",""categories"":[""computer_software""],""matched_fields"":[""major"",""description""],""major_terms"":[""计算机""],""role_terms"":[""信息科技"",""信息系统"",""软硬件""],""reason"":""tech_major_and_role""},""original"":{""部门代码"":""154114"",""部门名称"":""国家金融监督管理总局江西监管局"",""用人司局"":""国家金融监督管理总局赣州监管分局"",""机构性质"":""中央国家行政机关省级以下直属机构"",""招考职位"":""统计信息部门一级主任科员及以下"",""职位属性"":""金融监管计算机类职位"",""职位分布"":""其他职位"",""职位简介"":""主要从事信息科技风险监管、电子设备软硬件管理及信息系统运行维护等工作。"",""职位代码"":""300147100001"",""机构层级"":""市（地）级"",""考试类别"":""市（地）级及以下直属机构综合管理类"",""招考人数"":""1"",""专业"":""计算机"",""学历"":""本科及以上"",""学位"":""与最高学历相对应的学位"",""政治面貌"":""不限"",""基层工作最低年限"":""无限制"",""服务基层项目工作经历"":""无限制"",""是否在面试阶段组织专业能力测试"":""否"",""面试人员比例"":""3:1"",""工作地点"":""江西省赣州市"",""落户地点"":""江西省赣州市"",""备注"":""1.应届高校毕业生；2.报考者学历、学位需同时获得；3.本科学历大学英语四级425分及以上，研究生学历大学英语六级425分及以上，请考生报考时在备注栏注明已获得的英语等级证书及成绩；4.有关专业考试信息请参见国家金融监督管理总局2024年度招考公告。"",""部门网站"":""http://www.cbirc.gov.cn/"",""咨询电话1"":""0791-86766864"",""咨询电话2"":""0791-86766888"",""咨询电话3"":"""",""来源Sheet"":""中央国家行政机关省级以下直属机构""}}"
"government_jobs","国家公务员2024招考简章","公务员/事业单位技术岗位","江西省吉安市","2026-07-28T09:12:58.310295+00:00","统计信息部门一级主任科员及以下","国家金融监督管理总局江西监管局","","江西省吉安市","公务员/事业单位;2024;computer_software;本科及以上;与最高学历相对应的学位;计算机;市（地）级及以下直属机构综合管理类","用人司局：国家金融监督管理总局吉安监管分局
职位简介：主要从事信息科技风险监管、电子设备软硬件管理及信息系统运行维护等工作。
专业要求：计算机
学历要求：本科及以上
学位要求：与最高学历相对应的学位
政治面貌：不限
基层工作经历：无限制
考试类别：市（地）级及以下直属机构综合管理类
备注：1.应届高校毕业生；2.报考者学历、学位需同时获得；3.本科学历大学英语四级425分及以上，研究生学历大学英语六级425分及以上，请考生报考时在备注栏注明已获得的英语等级证书及成绩；4.有关专业考试信息请参见国家金融监督管理总局2024年度招考公告。","https://www.xuanhan.gov.cn/xxgk-show-77635.html#154114-300147300001","2023-10-15","{""dataset_year"":2024,""job_uid"":""GOV-2024-154114-300147300001"",""publisher"":""国家公务员局"",""publication_page"":""https://www.xuanhan.gov.cn/xxgk-show-77635.html"",""attachment_url"":""https://www.xuanhan.gov.cn/uploadfile/1/Attachment/638fdecf51.zip"",""local_source_file"":""中央机关及其直属机构2024年度考试录用公务员招考简章.xls"",""local_source_sha256"":""a1741b99dbecd6d03e533f99f2d69b0fa5a79733e551b80af69986ceed2ad996"",""source_sheet"":""中央国家行政机关省级以下直属机构"",""filter_version"":""government_tech_v2"",""tech_filter"":{""is_tech"":true,""is_core_tech"":true,""scope"":""core"",""categories"":[""computer_software""],""matched_fields"":[""major"",""description""],""major_terms"":[""计算机""],""role_terms"":[""信息科技"",""信息系统"",""软硬件""],""reason"":""tech_major_and_role""},""original"":{""部门代码"":""154114"",""部门名称"":""国家金融监督管理总局江西监管局"",""用人司局"":""国家金融监督管理总局吉安监管分局"",""机构性质"":""中央国家行政机关省级以下直属机构"",""招考职位"":""统计信息部门一级主任科员及以下"",""职位属性"":""金融监管计算机类职位"",""职位分布"":""其他职位"",""职位简介"":""主要从事信息科技风险监管、电子设备软硬件管理及信息系统运行维护等工作。"",""职位代码"":""300147300001"",""机构层级"":""市（地）级"",""考试类别"":""市（地）级及以下直属机构综合管理类"",""招考人数"":""1"",""专业"":""计算机"",""学历"":""本科及以上"",""学位"":""与最高学历相对应的学位"",""政治面貌"":""不限"",""基层工作最低年限"":""无限制"",""服务基层项目工作经历"":""无限制"",""是否在面试阶段组织专业能力测试"":""否"",""面试人员比例"":""3:1"",""工作地点"":""江西省吉安市"",""落户地点"":""江西省吉安市"",""备注"":""1.应届高校毕业生；2.报考者学历、学位需同时获得；3.本科学历大学英语四级425分及以上，研究生学历大学英语六级425分及以上，请考生报考时在备注栏注明已获得的英语等级证书及成绩；4.有关专业考试信息请参见国家金融监督管理总局2024年度招考公告。"",""部门网站"":""http://www.cbirc.gov.cn/"",""咨询电话1"":""0791-86766864"",""咨询电话2"":""0791-86766888"",""咨询电话3"":"""",""来源Sheet"":""中央国家行政机关省级以下直属机构""}}"
"government_jobs","国家公务员2024招考简章","公务员/事业单位技术岗位","江西省上饶市","2026-07-28T09:12:58.310295+00:00","统计信息部门一级主任科员及以下","国家金融监督管理总局江西监管局","","江西省上饶市","公务员/事业单位;2024;computer_software;本科及以上;与最高学历相对应的学位;计算机;市（地）级及以下直属机构综合管理类","用人司局：国家金融监督管理总局上饶监管分局
职位简介：主要从事信息科技风险监管、电子设备软硬件管理及信息系统运行维护等工作。
专业要求：计算机
学历要求：本科及以上
学位要求：与最高学历相对应的学位
政治面貌：不限
基层工作经历：无限制
考试类别：市（地）级及以下直属机构综合管理类
备注：1.报考者学历、学位需同时获得；2.本科学历大学英语四级425分及以上，研究生学历大学英语六级425分及以上，请考生报考时在备注栏注明已获得的英语等级证书及成绩；3.有关专业考试信息请参见国家金融监督管理总局2024年度招考公告。","https://www.xuanhan.gov.cn/xxgk-show-77635.html#154114-300147400001","2023-10-15","{""dataset_year"":2024,""job_uid"":""GOV-2024-154114-300147400001"",""publisher"":""国家公务员局"",""publication_page"":""https://www.xuanhan.gov.cn/xxgk-show-77635.html"",""attachment_url"":""https://www.xuanhan.gov.cn/uploadfile/1/Attachment/638fdecf51.zip"",""local_source_file"":""中央机关及其直属机构2024年度考试录用公务员招考简章.xls"",""local_source_sha256"":""a1741b99dbecd6d03e533f99f2d69b0fa5a79733e551b80af69986ceed2ad996"",""source_sheet"":""中央国家行政机关省级以下直属机构"",""filter_version"":""government_tech_v2"",""tech_filter"":{""is_tech"":true,""is_core_tech"":true,""scope"":""core"",""categories"":[""computer_software""],""matched_fields"":[""major"",""description""],""major_terms"":[""计算机""],""role_terms"":[""信息科技"",""信息系统"",""软硬件""],""reason"":""tech_major_and_role""},""original"":{""部门代码"":""154114"",""部门名称"":""国家金融监督管理总局江西监管局"",""用人司局"":""国家金融监督管理总局上饶监管分局"",""机构性质"":""中央国家行政机关省级以下直属机构"",""招考职位"":""统计信息部门一级主任科员及以下"",""职位属性"":""金融监管计算机类职位"",""职位分布"":""其他职位"",""职位简介"":""主要从事信息科技风险监管、电子设备软硬件管理及信息系统运行维护等工作。"",""职位代码"":""300147400001"",""机构层级"":""市（地）级"",""考试类别"":""市（地）级及以下直属机构综合管理类"",""招考人数"":""1"",""专业"":""计算机"",""学历"":""本科及以上"",""学位"":""与最高学历相对应的学位"",""政治面貌"":""不限"",""基层工作最低年限"":""无限制"",""服务基层项目工作经历"":""无限制"",""是否在面试阶段组织专业能力测试"":""否"",""面试人员比例"":""3:1"",""工作地点"":""江西省上饶市"",""落户地点"":""江西省上饶市"",""备注"":""1.报考者学历、学位需同时获得；2.本科学历大学英语四级425分及以上，研究生学历大学英语六级425分及以上，请考生报考时在备注栏注明已获得的英语等级证书及成绩；3.有关专业考试信息请参见国家金融监督管理总局2024年度招考公告。"",""部门网站"":""http://www.cbirc.gov.cn/"",""咨询电话1"":""0791-86766864"",""咨询电话2"":""0791-86766888"",""咨询电话3"":"""",""来源Sheet"":""中央国家行政机关省级以下直属机构""}}"
"government_jobs","国家公务员2024招考简章","公务员/事业单位技术岗位","山东省济南市","2026-07-28T09:12:58.310295+00:00","统计信息部门一级主任科员及以下","国家金融监督管理总局山东监管局","","山东省济南市","公务员/事业单位;2024;computer_software;仅限硕士研究生;硕士;计算机;中央机关及其省级直属机构综合管理类","用人司局：国家金融监督管理总局山东监管局
职位简介：主要从事信息科技风险监管、电子设备软硬件管理及信息系统运行维护等工作。
专业要求：计算机
学历要求：仅限硕士研究生
学位要求：硕士
政治面貌：不限
基层工作经历：无限制
考试类别：中央机关及其省级直属机构综合管理类
备注：1.如考生为非应届高校毕业生，须为银行保险在职人员且有2年及以上银行保险从业经历；2.报考时填写个人学习、工作经历要求连续准确（按时间早晚顺序填写，起止节点具体至月份，待业经历请注明）；3.大学英语六级成绩425分及以上，并在外语水平一栏注明已获得的英语等级证书及成绩；4.有关专业考试信息请参见国家金融监督管理总局2024年度招考公告。","https://www.xuanhan.gov.cn/xxgk-show-77635.html#154115-300147001002","2023-10-15","{""dataset_year"":2024,""job_uid"":""GOV-2024-154115-300147001002"",""publisher"":""国家公务员局"",""publication_page"":""https://www.xuanhan.gov.cn/xxgk-show-77635.html"",""attachment_url"":""https://www.xuanhan.gov.cn/uploadfile/1/Attachment/638fdecf51.zip"",""local_source_file"":""中央机关及其直属机构2024年度考试录用公务员招考简章.xls"",""local_source_sha256"":""a1741b99dbecd6d03e533f99f2d69b0fa5a79733e551b80af69986ceed2ad996"",""source_sheet"":""中央国家行政机关省级以下直属机构"",""filter_version"":""government_tech_v2"",""tech_filter"":{""is_tech"":true,""is_core_tech"":true,""scope"":""core"",""categories"":[""computer_software""],""matched_fields"":[""major"",""description""],""major_terms"":[""计算机""],""role_terms"":[""信息科技"",""信息系统"",""软硬件""],""reason"":""tech_major_and_role""},""original"":{""部门代码"":""154115"",""部门名称"":""国家金融监督管理总局山东监管局"",""用人司局"":""国家金融监督管理总局山东监管局"",""机构性质"":""中央国家行政机关省级以下直属机构"",""招考职位"":""统计信息部门一级主任科员及以下"",""职位属性"":""金融监管计算机类职位"",""职位分布"":""其他职位"",""职位简介"":""主要从事信息科技风险监管、电子设备软硬件管理及信息系统运行维护等工作。"",""职位代码"":""300147001002"",""机构层级"":""省（副省）级"",""考试类别"":""中央机关及其省级直属机构综合管理类"",""招考人数"":""4"",""专业"":""计算机"",""学历"":""仅限硕士研究生"",""学位"":""硕士"",""政治面貌"":""不限"",""基层工作最低年限"":""无限制"",""服务基层项目工作经历"":""无限制"",""是否在面试阶段组织专业能力测试"":""否"",""面试人员比例"":""4:1"",""工作地点"":""山东省济南市"",""落户地点"":""山东省济南市"",""备注"":""1.如考生为非应届高校毕业生，须为银行保险在职人员且有2年及以上银行保险从业经历；2.报考时填写个人学习、工作经历要求连续准确（按时间早晚顺序填写，起止节点具体至月份，待业经历请注明）；3.大学英语六级成绩425分及以上，并在外语水平一栏注明已获得的英语等级证书及成绩；4.有关专业考试信息请参见国家金融监督管理总局2024年度招考公告。"",""部门网站"":""http://www.cbirc.gov.cn"",""咨询电话1"":""0531-86193829"",""咨询电话2"":""0531-86192991"",""咨询电话3"":""0531-86193716"",""来源Sheet"":""中央国家行政机关省级以下直属机构""}}"
"government_jobs","国家公务员2024招考简章","公务员/事业单位技术岗位","山东省潍坊市","2026-07-28T09:12:58.310295+00:00","统计信息部门一级主任科员及以下","国家金融监督管理总局山东监管局","","山东省潍坊市","公务员/事业单位;2024;computer_software;本科或硕士研究生;与最高学历相对应的学位;计算机;市（地）级及以下直属机构综合管理类","用人司局：国家金融监督管理总局潍坊监管分局
职位简介：主要从事信息科技风险监管、电子设备软硬件管理及信息系统运行维护等工作。
专业要求：计算机
学历要求：本科或硕士研究生
学位要求：与最高学历相对应的学位
政治面貌：不限
基层工作经历：无限制
考试类别：市（地）级及以下直属机构综合管理类
备注：1.应届高校毕业生；2.报考时填写个人学习、工作经历要求连续准确（按时间早晚顺序填写，起止节点具体至月份，待业经历请注明）；3.本科学历大学英语四级成绩425分及以上，研究生学历大学英语六级成绩425分及以上，并在外语水平一栏注明已获得的英语等级证书及成绩；4.有关专业考试信息请参见国家金融监督管理总局2024年度招考公告。","https://www.xuanhan.gov.cn/xxgk-show-77635.html#154115-300147009001","2023-10-15","{""dataset_year"":2024,""job_uid"":""GOV-2024-154115-300147009001"",""publisher"":""国家公务员局"",""publication_page"":""https://www.xuanhan.gov.cn/xxgk-show-77635.html"",""attachment_url"":""https://www.xuanhan.gov.cn/uploadfile/1/Attachment/638fdecf51.zip"",""local_source_file"":""中央机关及其直属机构2024年度考试录用公务员招考简章.xls"",""local_source_sha256"":""a1741b99dbecd6d03e533f99f2d69b0fa5a79733e551b80af69986ceed2ad996"",""source_sheet"":""中央国家行政机关省级以下直属机构"",""filter_version"":""government_tech_v2"",""tech_filter"":{""is_tech"":true,""is_core_tech"":true,""scope"":""core"",""categories"":[""computer_software""],""matched_fields"":[""major"",""description""],""major_terms"":[""计算机""],""role_terms"":[""信息科技"",""信息系统"",""软硬件""],""reason"":""tech_major_and_role""},""original"":{""部门代码"":""154115"",""部门名称"":""国家金融监督管理总局山东监管局"",""用人司局"":""国家金融监督管理总局潍坊监管分局"",""机构性质"":""中央国家行政机关省级以下直属机构"",""招考职位"":""统计信息部门一级主任科员及以下"",""职位属性"":""金融监管计算机类职位"",""职位分布"":""其他职位"",""职位简介"":""主要从事信息科技风险监管、电子设备软硬件管理及信息系统运行维护等工作。"",""职位代码"":""300147009001"",""机构层级"":""市（地）级"",""考试类别"":""市（地）级及以下直属机构综合管理类"",""招考人数"":""1"",""专业"":""计算机"",""学历"":""本科或硕士研究生"",""学位"":""与最高学历相对应的学位"",""政治面貌"":""不限"",""基层工作最低年限"":""无限制"",""服务基层项目工作经历"":""无限制"",""是否在面试阶段组织专业能力测试"":""否"",""面试人员比例"":""3:1"",""工作地点"":""山东省潍坊市"",""落户地点"":""山东省潍坊市"",""备注"":""1.应届高校毕业生；2.报考时填写个人学习、工作经历要求连续准确（按时间早晚顺序填写，起止节点具体至月份，待业经历请注明）；3.本科学历大学英语四级成绩425分及以上，研究生学历大学英语六级成绩425分及以上，并在外语水平一栏注明已获得的英语等级证书及成绩；4.有关专业考试信息请参见国家金融监督管理总局2024年度招考公告。"",""部门网站"":""http://www.cbirc.gov.cn"",""咨询电话1"":""0531-86193829"",""咨询电话2"":""0531-86192991"",""咨询电话3"":""0531-86193716"",""来源Sheet"":""中央国家行政机关省级以下直属机构""}}"
"government_jobs","国家公务员2024招考简章","公务员/事业单位技术岗位","山东省日照市","2026-07-28T09:12:58.310295+00:00","统计信息部门一级主任科员及以下","国家金融监督管理总局山东监管局","","山东省日照市","公务员/事业单位;2024;computer_software;仅限硕士研究生;硕士;计算机;市（地）级及以下直属机构综合管理类","用人司局：国家金融监督管理总局日照监管分局
职位简介：主要从事信息科技风险监管、电子设备软硬件管理及信息系统运行维护等工作。
专业要求：计算机
学历要求：仅限硕士研究生
学位要求：硕士
政治面貌：不限
基层工作经历：无限制
考试类别：市（地）级及以下直属机构综合管理类
备注：1.应届高校毕业生；2.报考时填写个人学习、工作经历要求连续准确（按时间早晚顺序填写，起止节点具体至月份，待业经历请注明）；3.大学英语六级成绩425分及以上，并在外语水平一栏注明已获得的英语等级证书及成绩；4.有关专业考试信息请参见国家金融监督管理总局2024年度招考公告。","https://www.xuanhan.gov.cn/xxgk-show-77635.html#154115-300147017001","2023-10-15","{""dataset_year"":2024,""job_uid"":""GOV-2024-154115-300147017001"",""publisher"":""国家公务员局"",""publication_page"":""https://www.xuanhan.gov.cn/xxgk-show-77635.html"",""attachment_url"":""https://www.xuanhan.gov.cn/uploadfile/1/Attachment/638fdecf51.zip"",""local_source_file"":""中央机关及其直属机构2024年度考试录用公务员招考简章.xls"",""local_source_sha256"":""a1741b99dbecd6d03e533f99f2d69b0fa5a79733e551b80af69986ceed2ad996"",""source_sheet"":""中央国家行政机关省级以下直属机构"",""filter_version"":""government_tech_v2"",""tech_filter"":{""is_tech"":true,""is_core_tech"":true,""scope"":""core"",""categories"":[""computer_software""],""matched_fields"":[""major"",""description""],""major_terms"":[""计算机""],""role_terms"":[""信息科技"",""信息系统"",""软硬件""],""reason"":""tech_major_and_role""},""original"":{""部门代码"":""154115"",""部门名称"":""国家金融监督管理总局山东监管局"",""用人司局"":""国家金融监督管理总局日照监管分局"",""机构性质"":""中央国家行政机关省级以下直属机构"",""招考职位"":""统计信息部门一级主任科员及以下"",""职位属性"":""金融监管计算机类职位"",""职位分布"":""其他职位"",""职位简介"":""主要从事信息科技风险监管、电子设备软硬件管理及信息系统运行维护等工作。"",""职位代码"":""300147017001"",""机构层级"":""市（地）级"",""考试类别"":""市（地）级及以下直属机构综合管理类"",""招考人数"":""1"",""专业"":""计算机"",""学历"":""仅限硕士研究生"",""学位"":""硕士"",""政治面貌"":""不限"",""基层工作最低年限"":""无限制"",""服务基层项目工作经历"":""无限制"",""是否在面试阶段组织专业能力测试"":""否"",""面试人员比例"":""3:1"",""工作地点"":""山东省日照市"",""落户地点"":""山东省日照市"",""备注"":""1.应届高校毕业生；2.报考时填写个人学习、工作经历要求连续准确（按时间早晚顺序填写，起止节点具体至月份，待业经历请注明）；3.大学英语六级成绩425分及以上，并在外语水平一栏注明已获得的英语等级证书及成绩；4.有关专业考试信息请参见国家金融监督管理总局2024年度招考公告。"",""部门网站"":""http://www.cbirc.gov.cn"",""咨询电话1"":""0531-86193829"",""咨询电话2"":""0531-86192991"",""咨询电话3"":""0531-86193716"",""来源Sheet"":""中央国家行政机关省级以下直属机构""}}"
"government_jobs","国家公务员2024招考简章","公务员/事业单位技术岗位","山东省德州市","2026-07-28T09:12:58.310295+00:00","统计信息部门一级主任科员及以下","国家金融监督管理总局山东监管局","","山东省德州市","公务员/事业单位;2024;computer_software;仅限硕士研究生;硕士;计算机;市（地）级及以下直属机构综合管理类","用人司局：国家金融监督管理总局德州监管分局
职位简介：主要从事信息科技风险监管、电子设备软硬件管理及信息系统运行维护等工作。
专业要求：计算机
学历要求：仅限硕士研究生
学位要求：硕士
政治面貌：不限
基层工作经历：无限制
考试类别：市（地）级及以下直属机构综合管理类
备注：1.应届高校毕业生；2.报考时填写个人学习、工作经历要求连续准确（按时间早晚顺序填写，起止节点具体至月份，待业经历请注明）；3.大学英语六级成绩425分及以上，并在外语水平一栏注明已获得的英语等级证书及成绩；4.有关专业考试信息请参见国家金融监督管理总局2024年度招考公告。","https://www.xuanhan.gov.cn/xxgk-show-77635.html#154115-300147023001","2023-10-15","{""dataset_year"":2024,""job_uid"":""GOV-2024-154115-300147023001"",""publisher"":""国家公务员局"",""publication_page"":""https://www.xuanhan.gov.cn/xxgk-show-77635.html"",""attachment_url"":""https://www.xuanhan.gov.cn/uploadfile/1/Attachment/638fdecf51.zip"",""local_source_file"":""中央机关及其直属机构2024年度考试录用公务员招考简章.xls"",""local_source_sha256"":""a1741b99dbecd6d03e533f99f2d69b0fa5a79733e551b80af69986ceed2ad996"",""source_sheet"":""中央国家行政机关省级以下直属机构"",""filter_version"":""government_tech_v2"",""tech_filter"":{""is_tech"":true,""is_core_tech"":true,""scope"":""core"",""categories"":[""computer_software""],""matched_fields"":[""major"",""description""],""major_terms"":[""计算机""],""role_terms"":[""信息科技"",""信息系统"",""软硬件""],""reason"":""tech_major_and_role""},""original"":{""部门代码"":""154115"",""部门名称"":""国家金融监督管理总局山东监管局"",""用人司局"":""国家金融监督管理总局德州监管分局"",""机构性质"":""中央国家行政机关省级以下直属机构"",""招考职位"":""统计信息部门一级主任科员及以下"",""职位属性"":""金融监管计算机类职位"",""职位分布"":""其他职位"",""职位简介"":""主要从事信息科技风险监管、电子设备软硬件管理及信息系统运行维护等工作。"",""职位代码"":""300147023001"",""机构层级"":""市（地）级"",""考试类别"":""市（地）级及以下直属机构综合管理类"",""招考人数"":""1"",""专业"":""计算机"",""学历"":""仅限硕士研究生"",""学位"":""硕士"",""政治面貌"":""不限"",""基层工作最低年限"":""无限制"",""服务基层项目工作经历"":""无限制"",""是否在面试阶段组织专业能力测试"":""否"",""面试人员比例"":""3:1"",""工作地点"":""山东省德州市"",""落户地点"":""山东省德州市"",""备注"":""1.应届高校毕业生；2.报考时填写个人学习、工作经历要求连续准确（按时间早晚顺序填写，起止节点具体至月份，待业经历请注明）；3.大学英语六级成绩425分及以上，并在外语水平一栏注明已获得的英语等级证书及成绩；4.有关专业考试信息请参见国家金融监督管理总局2024年度招考公告。"",""部门网站"":""http://www.cbirc.gov.cn"",""咨询电话1"":""0531-86193829"",""咨询电话2"":""0531-86192991"",""咨询电话3"":""0531-86193716"",""来源Sheet"":""中央国家行政机关省级以下直属机构""}}"
"government_jobs","国家公务员2024招考简章","公务员/事业单位技术岗位","山东省滨州市","2026-07-28T09:12:58.310295+00:00","统计信息部门一级主任科员及以下","国家金融监督管理总局山东监管局","","山东省滨州市","公务员/事业单位;2024;computer_software;本科或硕士研究生;与最高学历相对应的学位;计算机;市（地）级及以下直属机构综合管理类","用人司局：国家金融监督管理总局滨州监管分局
职位简介：主要从事信息科技风险监管、电子设备软硬件管理及信息系统运行维护等工作。
专业要求：计算机
学历要求：本科或硕士研究生
学位要求：与最高学历相对应的学位
政治面貌：不限
基层工作经历：无限制
考试类别：市（地）级及以下直属机构综合管理类
备注：1.应届高校毕业生；2.报考时填写个人学习、工作经历要求连续准确（按时间早晚顺序填写，起止节点具体至月份，待业经历请注明）；3.本科学历大学英语四级成绩425分及以上，研究生学历大学英语六级成绩425分及以上，并在外语水平一栏注明已获得的英语等级证书及成绩；4.有关专业考试信息请参见国家金融监督管理总局2024年度招考公告。","https://www.xuanhan.gov.cn/xxgk-show-77635.html#154115-300147025001","2023-10-15","{""dataset_year"":2024,""job_uid"":""GOV-2024-154115-300147025001"",""publisher"":""国家公务员局"",""publication_page"":""https://www.xuanhan.gov.cn/xxgk-show-77635.html"",""attachment_url"":""https://www.xuanhan.gov.cn/uploadfile/1/Attachment/638fdecf51.zip"",""local_source_file"":""中央机关及其直属机构2024年度考试录用公务员招考简章.xls"",""local_source_sha256"":""a1741b99dbecd6d03e533f99f2d69b0fa5a79733e551b80af69986ceed2ad996"",""source_sheet"":""中央国家行政机关省级以下直属机构"",""filter_version"":""government_tech_v2"",""tech_filter"":{""is_tech"":true,""is_core_tech"":true,""scope"":""core"",""categories"":[""computer_software""],""matched_fields"":[""major"",""description""],""major_terms"":[""计算机""],""role_terms"":[""信息科技"",""信息系统"",""软硬件""],""reason"":""tech_major_and_role""},""original"":{""部门代码"":""154115"",""部门名称"":""国家金融监督管理总局山东监管局"",""用人司局"":""国家金融监督管理总局滨州监管分局"",""机构性质"":""中央国家行政机关省级以下直属机构"",""招考职位"":""统计信息部门一级主任科员及以下"",""职位属性"":""金融监管计算机类职位"",""职位分布"":""其他职位"",""职位简介"":""主要从事信息科技风险监管、电子设备软硬件管理及信息系统运行维护等工作。"",""职位代码"":""300147025001"",""机构层级"":""市（地）级"",""考试类别"":""市（地）级及以下直属机构综合管理类"",""招考人数"":""1"",""专业"":""计算机"",""学历"":""本科或硕士研究生"",""学位"":""与最高学历相对应的学位"",""政治面貌"":""不限"",""基层工作最低年限"":""无限制"",""服务基层项目工作经历"":""无限制"",""是否在面试阶段组织专业能力测试"":""否"",""面试人员比例"":""3:1"",""工作地点"":""山东省滨州市"",""落户地点"":""山东省滨州市"",""备注"":""1.应届高校毕业生；2.报考时填写个人学习、工作经历要求连续准确（按时间早晚顺序填写，起止节点具体至月份，待业经历请注明）；3.本科学历大学英语四级成绩425分及以上，研究生学历大学英语六级成绩425分及以上，并在外语水平一栏注明已获得的英语等级证书及成绩；4.有关专业考试信息请参见国家金融监督管理总局2024年度招考公告。"",""部门网站"":""http://www.cbirc.gov.cn"",""咨询电话1"":""0531-86193829"",""咨询电话2"":""0531-86192991"",""咨询电话3"":""0531-86193716"",""来源Sheet"":""中央国家行政机关省级以下直属机构""}}"
"government_jobs","国家公务员2024招考简章","公务员/事业单位技术岗位","山东省聊城市","2026-07-28T09:12:58.310295+00:00","统计信息部门一级主任科员及以下","国家金融监督管理总局山东监管局","","山东省聊城市","公务员/事业单位;2024;computer_software;本科或硕士研究生;与最高学历相对应的学位;计算机;市（地）级及以下直属机构综合管理类","用人司局：国家金融监督管理总局聊城监管分局
职位简介：主要从事信息科技风险监管、电子设备软硬件管理及信息系统运行维护等工作。
专业要求：计算机
学历要求：本科或硕士研究生
学位要求：与最高学历相对应的学位
政治面貌：不限
基层工作经历：无限制
考试类别：市（地）级及以下直属机构综合管理类
备注：1.应届高校毕业生；2.报考时填写个人学习、工作经历要求连续准确（按时间早晚顺序填写，起止节点具体至月份，待业经历请注明）；3.本科学历大学英语四级成绩425分及以上，研究生学历大学英语六级成绩425分及以上，并在外语水平一栏注明已获得的英语等级证书及成绩；4.有关专业考试信息请参见国家金融监督管理总局2024年度招考公告。","https://www.xuanhan.gov.cn/xxgk-show-77635.html#154115-300147027001","2023-10-15","{""dataset_year"":2024,""job_uid"":""GOV-2024-154115-300147027001"",""publisher"":""国家公务员局"",""publication_page"":""https://www.xuanhan.gov.cn/xxgk-show-77635.html"",""attachment_url"":""https://www.xuanhan.gov.cn/uploadfile/1/Attachment/638fdecf51.zip"",""local_source_file"":""中央机关及其直属机构2024年度考试录用公务员招考简章.xls"",""local_source_sha256"":""a1741b99dbecd6d03e533f99f2d69b0fa5a79733e551b80af69986ceed2ad996"",""source_sheet"":""中央国家行政机关省级以下直属机构"",""filter_version"":""government_tech_v2"",""tech_filter"":{""is_tech"":true,""is_core_tech"":true,""scope"":""core"",""categories"":[""computer_software""],""matched_fields"":[""major"",""description""],""major_terms"":[""计算机""],""role_terms"":[""信息科技"",""信息系统"",""软硬件""],""reason"":""tech_major_and_role""},""original"":{""部门代码"":""154115"",""部门名称"":""国家金融监督管理总局山东监管局"",""用人司局"":""国家金融监督管理总局聊城监管分局"",""机构性质"":""中央国家行政机关省级以下直属机构"",""招考职位"":""统计信息部门一级主任科员及以下"",""职位属性"":""金融监管计算机类职位"",""职位分布"":""其他职位"",""职位简介"":""主要从事信息科技风险监管、电子设备软硬件管理及信息系统运行维护等工作。"",""职位代码"":""300147027001"",""机构层级"":""市（地）级"",""考试类别"":""市（地）级及以下直属机构综合管理类"",""招考人数"":""1"",""专业"":""计算机"",""学历"":""本科或硕士研究生"",""学位"":""与最高学历相对应的学位"",""政治面貌"":""不限"",""基层工作最低年限"":""无限制"",""服务基层项目工作经历"":""无限制"",""是否在面试阶段组织专业能力测试"":""否"",""面试人员比例"":""3:1"",""工作地点"":""山东省聊城市"",""落户地点"":""山东省聊城市"",""备注"":""1.应届高校毕业生；2.报考时填写个人学习、工作经历要求连续准确（按时间早晚顺序填写，起止节点具体至月份，待业经历请注明）；3.本科学历大学英语四级成绩425分及以上，研究生学历大学英语六级成绩425分及以上，并在外语水平一栏注明已获得的英语等级证书及成绩；4.有关专业考试信息请参见国家金融监督管理总局2024年度招考公告。"",""部门网站"":""http://www.cbirc.gov.cn"",""咨询电话1"":""0531-86193829"",""咨询电话2"":""0531-86192991"",""咨询电话3"":""0531-86193716"",""来源Sheet"":""中央国家行政机关省级以下直属机构""}}"
"government_jobs","国家公务员2024招考简章","公务员/事业单位技术岗位","河南省郑州市","2026-07-28T09:12:58.310295+00:00","统计信息部门一级主任科员及以下","国家金融监督管理总局河南监管局","","河南省郑州市","公务员/事业单位;2024;automation_robotics;computer_software;electronics_communication;仅限硕士研究生;硕士;计算机（不含物联网工程、数字媒体技术、空间信息与数字技术，不含电子信息工程、通信工程、自动化等专业）;中央机关及其省级直属机构综合管理类","用人司局：国家金融监督管理总局河南监管局
职位简介：主要从事信息科技风险监管、电子设备软硬件管理及信息系统运行维护等工作。
专业要求：计算机（不含物联网工程、数字媒体技术、空间信息与数字技术，不含电子信息工程、通信工程、自动化等专业）
学历要求：仅限硕士研究生
学位要求：硕士
政治面貌：不限
基层工作经历：无限制
考试类别：中央机关及其省级直属机构综合管理类
备注：1.要求大学英语六级60分（100分制）或425分（710分制）及以上，请考生报考时在外语水平一栏注明已获得的英语等级证书及成绩；2.有关专业考试信息请参见国家金融监督管理总局2024年度招考公告。","https://www.xuanhan.gov.cn/xxgk-show-77635.html#154116-300147000001","2023-10-15","{""dataset_year"":2024,""job_uid"":""GOV-2024-154116-300147000001"",""publisher"":""国家公务员局"",""publication_page"":""https://www.xuanhan.gov.cn/xxgk-show-77635.html"",""attachment_url"":""https://www.xuanhan.gov.cn/uploadfile/1/Attachment/638fdecf51.zip"",""local_source_file"":""中央机关及其直属机构2024年度考试录用公务员招考简章.xls"",""local_source_sha256"":""a1741b99dbecd6d03e533f99f2d69b0fa5a79733e551b80af69986ceed2ad996"",""source_sheet"":""中央国家行政机关省级以下直属机构"",""filter_version"":""government_tech_v2"",""tech_filter"":{""is_tech"":true,""is_core_tech"":true,""scope"":""core"",""categories"":[""automation_robotics"",""computer_software"",""electronics_communication""],""matched_fields"":[""major"",""description""],""major_terms"":[""数字媒体技术"",""物联网工程"",""电子信息工程"",""空间信息与数字技术"",""自动化"",""计算机"",""通信工程""],""role_terms"":[""信息科技"",""信息系统"",""软硬件""],""reason"":""tech_major_and_role""},""original"":{""部门代码"":""154116"",""部门名称"":""国家金融监督管理总局河南监管局"",""用人司局"":""国家金融监督管理总局河南监管局"",""机构性质"":""中央国家行政机关省级以下直属机构"",""招考职位"":""统计信息部门一级主任科员及以下"",""职位属性"":""金融监管计算机类职位"",""职位分布"":""其他职位"",""职位简介"":""主要从事信息科技风险监管、电子设备软硬件管理及信息系统运行维护等工作。"",""职位代码"":""300147000001"",""机构层级"":""省（副省）级"",""考试类别"":""中央机关及其省级直属机构综合管理类"",""招考人数"":""2"",""专业"":""计算机（不含物联网工程、数字媒体技术、空间信息与数字技术，不含电子信息工程、通信工程、自动化等专业）"",""学历"":""仅限硕士研究生"",""学位"":""硕士"",""政治面貌"":""不限"",""基层工作最低年限"":""无限制"",""服务基层项目工作经历"":""无限制"",""是否在面试阶段组织专业能力测试"":""否"",""面试人员比例"":""4:1"",""工作地点"":""河南省郑州市"",""落户地点"":""河南省郑州市"",""备注"":""1.要求大学英语六级60分（100分制）或425分（710分制）及以上，请考生报考时在外语水平一栏注明已获得的英语等级证书及成绩；2.有关专业考试信息请参见国家金融监督管理总局2024年度招考公告。"",""部门网站"":""http://www.cbirc.gov.cn/"",""咨询电话1"":""0371-69332008"",""咨询电话2"":""0371-69332875"",""咨询电话3"":"""",""来源Sheet"":""中央国家行政机关省级以下直属机构""}}"
"government_jobs","国家公务员2024招考简章","公务员/事业单位技术岗位","河南省郑州市","2026-07-28T09:12:58.310295+00:00","统计信息部门一级主任科员及以下","国家金融监督管理总局河南监管局","","河南省郑州市","公务员/事业单位;2024;automation_robotics;computer_software;electronics_communication;仅限硕士研究生;硕士;计算机（不含物联网工程、数字媒体技术、空间信息与数字技术，不含电子信息工程、通信工程、自动化等专业）;中央机关及其省级直属机构综合管理类","用人司局：国家金融监督管理总局河南监管局
职位简介：主要从事信息科技风险监管、电子设备软硬件管理及信息系统运行维护等工作。
专业要求：计算机（不含物联网工程、数字媒体技术、空间信息与数字技术，不含电子信息工程、通信工程、自动化等专业）
学历要求：仅限硕士研究生
学位要求：硕士
政治面貌：不限
基层工作经历：二年
考试类别：中央机关及其省级直属机构综合管理类
备注：1.要求大学英语六级60分（100分制）或425分（710分制）及以上，请考生报考时在外语水平一栏注明已获得的英语等级证书及成绩；2.有关专业考试信息请参见国家金融监督管理总局2024年度招考公告。","https://www.xuanhan.gov.cn/xxgk-show-77635.html#154116-300147000002","2023-10-15","{""dataset_year"":2024,""job_uid"":""GOV-2024-154116-300147000002"",""publisher"":""国家公务员局"",""publication_page"":""https://www.xuanhan.gov.cn/xxgk-show-77635.html"",""attachment_url"":""https://www.xuanhan.gov.cn/uploadfile/1/Attachment/638fdecf51.zip"",""local_source_file"":""中央机关及其直属机构2024年度考试录用公务员招考简章.xls"",""local_source_sha256"":""a1741b99dbecd6d03e533f99f2d69b0fa5a79733e551b80af69986ceed2ad996"",""source_sheet"":""中央国家行政机关省级以下直属机构"",""filter_version"":""government_tech_v2"",""tech_filter"":{""is_tech"":true,""is_core_tech"":true,""scope"":""core"",""categories"":[""automation_robotics"",""computer_software"",""electronics_communication""],""matched_fields"":[""major"",""description""],""major_terms"":[""数字媒体技术"",""物联网工程"",""电子信息工程"",""空间信息与数字技术"",""自动化"",""计算机"",""通信工程""],""role_terms"":[""信息科技"",""信息系统"",""软硬件""],""reason"":""tech_major_and_role""},""original"":{""部门代码"":""154116"",""部门名称"":""国家金融监督管理总局河南监管局"",""用人司局"":""国家金融监督管理总局河南监管局"",""机构性质"":""中央国家行政机关省级以下直属机构"",""招考职位"":""统计信息部门一级主任科员及以下"",""职位属性"":""金融监管计算机类职位"",""职位分布"":""其他职位"",""职位简介"":""主要从事信息科技风险监管、电子设备软硬件管理及信息系统运行维护等工作。"",""职位代码"":""300147000002"",""机构层级"":""省（副省）级"",""考试类别"":""中央机关及其省级直属机构综合管理类"",""招考人数"":""1"",""专业"":""计算机（不含物联网工程、数字媒体技术、空间信息与数字技术，不含电子信息工程、通信工程、自动化等专业）"",""学历"":""仅限硕士研究生"",""学位"":""硕士"",""政治面貌"":""不限"",""基层工作最低年限"":""二年"",""服务基层项目工作经历"":""无限制"",""是否在面试阶段组织专业能力测试"":""否"",""面试人员比例"":""4:1"",""工作地点"":""河南省郑州市"",""落户地点"":""河南省郑州市"",""备注"":""1.要求大学英语六级60分（100分制）或425分（710分制）及以上，请考生报考时在外语水平一栏注明已获得的英语等级证书及成绩；2.有关专业考试信息请参见国家金融监督管理总局2024年度招考公告。"",""部门网站"":""http://www.cbirc.gov.cn/"",""咨询电话1"":""0371-69332008"",""咨询电话2"":""0371-69332875"",""咨询电话3"":"""",""来源Sheet"":""中央国家行政机关省级以下直属机构""}}"
"government_jobs","国家公务员2024招考简章","公务员/事业单位技术岗位","河南省焦作市","2026-07-28T09:12:58.310295+00:00","统计信息部门一级主任科员及以下","国家金融监督管理总局河南监管局","","河南省焦作市","公务员/事业单位;2024;automation_robotics;computer_software;electronics_communication;仅限本科;学士;计算机（不含物联网工程、数字媒体技术、空间信息与数字技术，不含电子信息工程、通信工程、自动化等专业）;市（地）级及以下直属机构综合管理类","用人司局：国家金融监督管理总局焦作监管分局修武县级派出机构
职位简介：主要从事信息科技风险监管、电子设备软硬件管理及信息系统运行维护等工作。
专业要求：计算机（不含物联网工程、数字媒体技术、空间信息与数字技术，不含电子信息工程、通信工程、自动化等专业）
学历要求：仅限本科
学位要求：学士
政治面貌：不限
基层工作经历：无限制
考试类别：市（地）级及以下直属机构综合管理类
备注：1.要求大学英语四级60分（100分制）或425分（710分制）及以上，请考生报考时在外语水平一栏注明已获得的英语等级证书及成绩；2.有关专业考试信息请参见国家金融监督管理总局2024年度招考公告。","https://www.xuanhan.gov.cn/xxgk-show-77635.html#154116-300147073001","2023-10-15","{""dataset_year"":2024,""job_uid"":""GOV-2024-154116-300147073001"",""publisher"":""国家公务员局"",""publication_page"":""https://www.xuanhan.gov.cn/xxgk-show-77635.html"",""attachment_url"":""https://www.xuanhan.gov.cn/uploadfile/1/Attachment/638fdecf51.zip"",""local_source_file"":""中央机关及其直属机构2024年度考试录用公务员招考简章.xls"",""local_source_sha256"":""a1741b99dbecd6d03e533f99f2d69b0fa5a79733e551b80af69986ceed2ad996"",""source_sheet"":""中央国家行政机关省级以下直属机构"",""filter_version"":""government_tech_v2"",""tech_filter"":{""is_tech"":true,""is_core_tech"":true,""scope"":""core"",""categories"":[""automation_robotics"",""computer_software"",""electronics_communication""],""matched_fields"":[""major"",""description""],""major_terms"":[""数字媒体技术"",""物联网工程"",""电子信息工程"",""空间信息与数字技术"",""自动化"",""计算机"",""通信工程""],""role_terms"":[""信息科技"",""信息系统"",""软硬件""],""reason"":""tech_major_and_role""},""original"":{""部门代码"":""154116"",""部门名称"":""国家金融监督管理总局河南监管局"",""用人司局"":""国家金融监督管理总局焦作监管分局修武县级派出机构"",""机构性质"":""中央国家行政机关省级以下直属机构"",""招考职位"":""统计信息部门一级主任科员及以下"",""职位属性"":""金融监管计算机类职位"",""职位分布"":""其他职位"",""职位简介"":""主要从事信息科技风险监管、电子设备软硬件管理及信息系统运行维护等工作。"",""职位代码"":""300147073001"",""机构层级"":""县（区）级及以下"",""考试类别"":""市（地）级及以下直属机构综合管理类"",""招考人数"":""1"",""专业"":""计算机（不含物联网工程、数字媒体技术、空间信息与数字技术，不含电子信息工程、通信工程、自动化等专业）"",""学历"":""仅限本科"",""学位"":""学士"",""政治面貌"":""不限"",""基层工作最低年限"":""无限制"",""服务基层项目工作经历"":""无限制"",""是否在面试阶段组织专业能力测试"":""否"",""面试人员比例"":""3:1"",""工作地点"":""河南省焦作市"",""落户地点"":""河南省焦作市"",""备注"":""1.要求大学英语四级60分（100分制）或425分（710分制）及以上，请考生报考时在外语水平一栏注明已获得的英语等级证书及成绩；2.有关专业考试信息请参见国家金融监督管理总局2024年度招考公告。"",""部门网站"":""http://www.cbirc.gov.cn/"",""咨询电话1"":""0371-69332008"",""咨询电话2"":""0371-69332875"",""咨询电话3"":"""",""来源Sheet"":""中央国家行政机关省级以下直属机构""}}"
"government_jobs","国家公务员2024招考简章","公务员/事业单位技术岗位","河南省濮阳市","2026-07-28T09:12:58.310295+00:00","统计信息部门一级主任科员及以下","国家金融监督管理总局河南监管局","","河南省濮阳市","公务员/事业单位;2024;automation_robotics;computer_software;electronics_communication;仅限本科;学士;计算机（不含物联网工程、数字媒体技术、空间信息与数字技术，不含电子信息工程、通信工程、自动化等专业）;市（地）级及以下直属机构综合管理类","用人司局：国家金融监督管理总局濮阳监管分局
职位简介：主要从事信息科技风险监管、电子设备软硬件管理及信息系统运行维护等工作。
专业要求：计算机（不含物联网工程、数字媒体技术、空间信息与数字技术，不含电子信息工程、通信工程、自动化等专业）
学历要求：仅限本科
学位要求：学士
政治面貌：不限
基层工作经历：无限制
考试类别：市（地）级及以下直属机构综合管理类
备注：1.应届高校毕业生；2.要求大学英语四级60分（100分制）或425分（710分制）及以上，请考生报考时在外语水平一栏注明已获得的英语等级证书及成绩；3.有关专业考试信息请参见国家金融监督管理总局2024年度招考公告。","https://www.xuanhan.gov.cn/xxgk-show-77635.html#154116-300147080001","2023-10-15","{""dataset_year"":2024,""job_uid"":""GOV-2024-154116-300147080001"",""publisher"":""国家公务员局"",""publication_page"":""https://www.xuanhan.gov.cn/xxgk-show-77635.html"",""attachment_url"":""https://www.xuanhan.gov.cn/uploadfile/1/Attachment/638fdecf51.zip"",""local_source_file"":""中央机关及其直属机构2024年度考试录用公务员招考简章.xls"",""local_source_sha256"":""a1741b99dbecd6d03e533f99f2d69b0fa5a79733e551b80af69986ceed2ad996"",""source_sheet"":""中央国家行政机关省级以下直属机构"",""filter_version"":""government_tech_v2"",""tech_filter"":{""is_tech"":true,""is_core_tech"":true,""scope"":""core"",""categories"":[""automation_robotics"",""computer_software"",""electronics_communication""],""matched_fields"":[""major"",""description""],""major_terms"":[""数字媒体技术"",""物联网工程"",""电子信息工程"",""空间信息与数字技术"",""自动化"",""计算机"",""通信工程""],""role_terms"":[""信息科技"",""信息系统"",""软硬件""],""reason"":""tech_major_and_role""},""original"":{""部门代码"":""154116"",""部门名称"":""国家金融监督管理总局河南监管局"",""用人司局"":""国家金融监督管理总局濮阳监管分局"",""机构性质"":""中央国家行政机关省级以下直属机构"",""招考职位"":""统计信息部门一级主任科员及以下"",""职位属性"":""金融监管计算机类职位"",""职位分布"":""其他职位"",""职位简介"":""主要从事信息科技风险监管、电子设备软硬件管理及信息系统运行维护等工作。"",""职位代码"":""300147080001"",""机构层级"":""市（地）级"",""考试类别"":""市（地）级及以下直属机构综合管理类"",""招考人数"":""1"",""专业"":""计算机（不含物联网工程、数字媒体技术、空间信息与数字技术，不含电子信息工程、通信工程、自动化等专业）"",""学历"":""仅限本科"",""学位"":""学士"",""政治面貌"":""不限"",""基层工作最低年限"":""无限制"",""服务基层项目工作经历"":""无限制"",""是否在面试阶段组织专业能力测试"":""否"",""面试人员比例"":""3:1"",""工作地点"":""河南省濮阳市"",""落户地点"":""河南省濮阳市"",""备注"":""1.应届高校毕业生；2.要求大学英语四级60分（100分制）或425分（710分制）及以上，请考生报考时在外语水平一栏注明已获得的英语等级证书及成绩；3.有关专业考试信息请参见国家金融监督管理总局2024年度招考公告。"",""部门网站"":""http://www.cbirc.gov.cn/"",""咨询电话1"":""0371-69332008"",""咨询电话2"":""0371-69332875"",""咨询电话3"":"""",""来源Sheet"":""中央国家行政机关省级以下直属机构""}}"
"government_jobs","国家公务员2024招考简章","公务员/事业单位技术岗位","河南省许昌市","2026-07-28T09:12:58.310295+00:00","统计信息部门一级主任科员及以下","国家金融监督管理总局河南监管局","","河南省许昌市","公务员/事业单位;2024;automation_robotics;computer_software;electronics_communication;仅限本科;学士;计算机（不含物联网工程、数字媒体技术、空间信息与数字技术，不含电子信息工程、通信工程、自动化等专业）;市（地）级及以下直属机构综合管理类","用人司局：国家金融监督管理总局许昌监管分局
职位简介：主要从事信息科技风险监管、电子设备软硬件管理及信息系统运行维护等工作。
专业要求：计算机（不含物联网工程、数字媒体技术、空间信息与数字技术，不含电子信息工程、通信工程、自动化等专业）
学历要求：仅限本科
学位要求：学士
政治面貌：不限
基层工作经历：无限制
考试类别：市（地）级及以下直属机构综合管理类
备注：1.应届高校毕业生；2.要求大学英语四级60分（100分制）或425分（710分制）及以上，请考生报考时在外语水平一栏注明已获得的英语等级证书及成绩；3.有关专业考试信息请参见国家金融监督管理总局2024年度招考公告。","https://www.xuanhan.gov.cn/xxgk-show-77635.html#154116-300147090001","2023-10-15","{""dataset_year"":2024,""job_uid"":""GOV-2024-154116-300147090001"",""publisher"":""国家公务员局"",""publication_page"":""https://www.xuanhan.gov.cn/xxgk-show-77635.html"",""attachment_url"":""https://www.xuanhan.gov.cn/uploadfile/1/Attachment/638fdecf51.zip"",""local_source_file"":""中央机关及其直属机构2024年度考试录用公务员招考简章.xls"",""local_source_sha256"":""a1741b99dbecd6d03e533f99f2d69b0fa5a79733e551b80af69986ceed2ad996"",""source_sheet"":""中央国家行政机关省级以下直属机构"",""filter_version"":""government_tech_v2"",""tech_filter"":{""is_tech"":true,""is_core_tech"":true,""scope"":""core"",""categories"":[""automation_robotics"",""computer_software"",""electronics_communication""],""matched_fields"":[""major"",""description""],""major_terms"":[""数字媒体技术"",""物联网工程"",""电子信息工程"",""空间信息与数字技术"",""自动化"",""计算机"",""通信工程""],""role_terms"":[""信息科技"",""信息系统"",""软硬件""],""reason"":""tech_major_and_role""},""original"":{""部门代码"":""154116"",""部门名称"":""国家金融监督管理总局河南监管局"",""用人司局"":""国家金融监督管理总局许昌监管分局"",""机构性质"":""中央国家行政机关省级以下直属机构"",""招考职位"":""统计信息部门一级主任科员及以下"",""职位属性"":""金融监管计算机类职位"",""职位分布"":""其他职位"",""职位简介"":""主要从事信息科技风险监管、电子设备软硬件管理及信息系统运行维护等工作。"",""职位代码"":""300147090001"",""机构层级"":""市（地）级"",""考试类别"":""市（地）级及以下直属机构综合管理类"",""招考人数"":""1"",""专业"":""计算机（不含物联网工程、数字媒体技术、空间信息与数字技术，不含电子信息工程、通信工程、自动化等专业）"",""学历"":""仅限本科"",""学位"":""学士"",""政治面貌"":""不限"",""基层工作最低年限"":""无限制"",""服务基层项目工作经历"":""无限制"",""是否在面试阶段组织专业能力测试"":""否"",""面试人员比例"":""3:1"",""工作地点"":""河南省许昌市"",""落户地点"":""河南省许昌市"",""备注"":""1.应届高校毕业生；2.要求大学英语四级60分（100分制）或425分（710分制）及以上，请考生报考时在外语水平一栏注明已获得的英语等级证书及成绩；3.有关专业考试信息请参见国家金融监督管理总局2024年度招考公告。"",""部门网站"":""http://www.cbirc.gov.cn/"",""咨询电话1"":""0371-69332008"",""咨询电话2"":""0371-69332875"",""咨询电话3"":"""",""来源Sheet"":""中央国家行政机关省级以下直属机构""}}"
"government_jobs","国家公务员2024招考简章","公务员/事业单位技术岗位","河南省漯河市","2026-07-28T09:12:58.310295+00:00","统计信息部门一级主任科员及以下","国家金融监督管理总局河南监管局","","河南省漯河市","公务员/事业单位;2024;automation_robotics;computer_software;electronics_communication;仅限本科;学士;计算机（不含物联网工程、数字媒体技术、空间信息与数字技术，不含电子信息工程、通信工程、自动化等专业）;市（地）级及以下直属机构综合管理类","用人司局：国家金融监督管理总局漯河监管分局
职位简介：主要从事信息科技风险监管、电子设备软硬件管理及信息系统运行维护等工作。
专业要求：计算机（不含物联网工程、数字媒体技术、空间信息与数字技术，不含电子信息工程、通信工程、自动化等专业）
学历要求：仅限本科
学位要求：学士
政治面貌：不限
基层工作经历：无限制
考试类别：市（地）级及以下直属机构综合管理类
备注：1.要求大学英语四级60分（100分制）或425分（710分制）及以上，请考生报考时在外语水平一栏注明已获得的英语等级证书及成绩；2.有关专业考试信息请参见国家金融监督管理总局2024年度招考公告。","https://www.xuanhan.gov.cn/xxgk-show-77635.html#154116-300147100001","2023-10-15","{""dataset_year"":2024,""job_uid"":""GOV-2024-154116-300147100001"",""publisher"":""国家公务员局"",""publication_page"":""https://www.xuanhan.gov.cn/xxgk-show-77635.html"",""attachment_url"":""https://www.xuanhan.gov.cn/uploadfile/1/Attachment/638fdecf51.zip"",""local_source_file"":""中央机关及其直属机构2024年度考试录用公务员招考简章.xls"",""local_source_sha256"":""a1741b99dbecd6d03e533f99f2d69b0fa5a79733e551b80af69986ceed2ad996"",""source_sheet"":""中央国家行政机关省级以下直属机构"",""filter_version"":""government_tech_v2"",""tech_filter"":{""is_tech"":true,""is_core_tech"":true,""scope"":""core"",""categories"":[""automation_robotics"",""computer_software"",""electronics_communication""],""matched_fields"":[""major"",""description""],""major_terms"":[""数字媒体技术"",""物联网工程"",""电子信息工程"",""空间信息与数字技术"",""自动化"",""计算机"",""通信工程""],""role_terms"":[""信息科技"",""信息系统"",""软硬件""],""reason"":""tech_major_and_role""},""original"":{""部门代码"":""154116"",""部门名称"":""国家金融监督管理总局河南监管局"",""用人司局"":""国家金融监督管理总局漯河监管分局"",""机构性质"":""中央国家行政机关省级以下直属机构"",""招考职位"":""统计信息部门一级主任科员及以下"",""职位属性"":""金融监管计算机类职位"",""职位分布"":""其他职位"",""职位简介"":""主要从事信息科技风险监管、电子设备软硬件管理及信息系统运行维护等工作。"",""职位代码"":""300147100001"",""机构层级"":""市（地）级"",""考试类别"":""市（地）级及以下直属机构综合管理类"",""招考人数"":""1"",""专业"":""计算机（不含物联网工程、数字媒体技术、空间信息与数字技术，不含电子信息工程、通信工程、自动化等专业）"",""学历"":""仅限本科"",""学位"":""学士"",""政治面貌"":""不限"",""基层工作最低年限"":""无限制"",""服务基层项目工作经历"":""无限制"",""是否在面试阶段组织专业能力测试"":""否"",""面试人员比例"":""3:1"",""工作地点"":""河南省漯河市"",""落户地点"":""河南省漯河市"",""备注"":""1.要求大学英语四级60分（100分制）或425分（710分制）及以上，请考生报考时在外语水平一栏注明已获得的英语等级证书及成绩；2.有关专业考试信息请参见国家金融监督管理总局2024年度招考公告。"",""部门网站"":""http://www.cbirc.gov.cn/"",""咨询电话1"":""0371-69332008"",""咨询电话2"":""0371-69332875"",""咨询电话3"":"""",""来源Sheet"":""中央国家行政机关省级以下直属机构""}}"
"government_jobs","国家公务员2024招考简章","公务员/事业单位技术岗位","河南省周口市","2026-07-28T09:12:58.310295+00:00","统计信息部门一级主任科员及以下","国家金融监督管理总局河南监管局","","河南省周口市","公务员/事业单位;2024;automation_robotics;computer_software;electronics_communication;仅限本科;学士;计算机（不含物联网工程、数字媒体技术、空间信息与数字技术，不含电子信息工程、通信工程、自动化等专业）;市（地）级及以下直属机构综合管理类","用人司局：国家金融监督管理总局周口监管分局
职位简介：主要从事信息科技风险监管、电子设备软硬件管理及信息系统运行维护等工作。
专业要求：计算机（不含物联网工程、数字媒体技术、空间信息与数字技术，不含电子信息工程、通信工程、自动化等专业）
学历要求：仅限本科
学位要求：学士
政治面貌：不限
基层工作经历：无限制
考试类别：市（地）级及以下直属机构综合管理类
备注：1.要求大学英语四级60分（100分制）或425分（710分制）及以上，请考生报考时在外语水平一栏注明已获得的英语等级证书及成绩；2.有关专业考试信息请参见国家金融监督管理总局2024年度招考公告。","https://www.xuanhan.gov.cn/xxgk-show-77635.html#154116-300147150001","2023-10-15","{""dataset_year"":2024,""job_uid"":""GOV-2024-154116-300147150001"",""publisher"":""国家公务员局"",""publication_page"":""https://www.xuanhan.gov.cn/xxgk-show-77635.html"",""attachment_url"":""https://www.xuanhan.gov.cn/uploadfile/1/Attachment/638fdecf51.zip"",""local_source_file"":""中央机关及其直属机构2024年度考试录用公务员招考简章.xls"",""local_source_sha256"":""a1741b99dbecd6d03e533f99f2d69b0fa5a79733e551b80af69986ceed2ad996"",""source_sheet"":""中央国家行政机关省级以下直属机构"",""filter_version"":""government_tech_v2"",""tech_filter"":{""is_tech"":true,""is_core_tech"":true,""scope"":""core"",""categories"":[""automation_robotics"",""computer_software"",""electronics_communication""],""matched_fields"":[""major"",""description""],""major_terms"":[""数字媒体技术"",""物联网工程"",""电子信息工程"",""空间信息与数字技术"",""自动化"",""计算机"",""通信工程""],""role_terms"":[""信息科技"",""信息系统"",""软硬件""],""reason"":""tech_major_and_role""},""original"":{""部门代码"":""154116"",""部门名称"":""国家金融监督管理总局河南监管局"",""用人司局"":""国家金融监督管理总局周口监管分局"",""机构性质"":""中央国家行政机关省级以下直属机构"",""招考职位"":""统计信息部门一级主任科员及以下"",""职位属性"":""金融监管计算机类职位"",""职位分布"":""其他职位"",""职位简介"":""主要从事信息科技风险监管、电子设备软硬件管理及信息系统运行维护等工作。"",""职位代码"":""300147150001"",""机构层级"":""市（地）级"",""考试类别"":""市（地）级及以下直属机构综合管理类"",""招考人数"":""1"",""专业"":""计算机（不含物联网工程、数字媒体技术、空间信息与数字技术，不含电子信息工程、通信工程、自动化等专业）"",""学历"":""仅限本科"",""学位"":""学士"",""政治面貌"":""不限"",""基层工作最低年限"":""无限制"",""服务基层项目工作经历"":""无限制"",""是否在面试阶段组织专业能力测试"":""否"",""面试人员比例"":""3:1"",""工作地点"":""河南省周口市"",""落户地点"":""河南省周口市"",""备注"":""1.要求大学英语四级60分（100分制）或425分（710分制）及以上，请考生报考时在外语水平一栏注明已获得的英语等级证书及成绩；2.有关专业考试信息请参见国家金融监督管理总局2024年度招考公告。"",""部门网站"":""http://www.cbirc.gov.cn/"",""咨询电话1"":""0371-69332008"",""咨询电话2"":""0371-69332875"",""咨询电话3"":"""",""来源Sheet"":""中央国家行政机关省级以下直属机构""}}"
"government_jobs","国家公务员2024招考简章","公务员/事业单位技术岗位","河南省驻马店市","2026-07-28T09:12:58.310295+00:00","统计信息部门一级主任科员及以下","国家金融监督管理总局河南监管局","","河南省驻马店市","公务员/事业单位;2024;automation_robotics;computer_software;electronics_communication;仅限本科;学士;计算机（不含物联网工程、数字媒体技术、空间信息与数字技术，不含电子信息工程、通信工程、自动化等专业）;市（地）级及以下直属机构综合管理类","用人司局：国家金融监督管理总局驻马店监管分局
职位简介：主要从事信息科技风险监管、电子设备软硬件管理及信息系统运行维护等工作。
专业要求：计算机（不含物联网工程、数字媒体技术、空间信息与数字技术，不含电子信息工程、通信工程、自动化等专业）
学历要求：仅限本科
学位要求：学士
政治面貌：不限
基层工作经历：无限制
考试类别：市（地）级及以下直属机构综合管理类
备注：1.要求大学英语四级60分（100分制）或425分（710分制）及以上，请考生报考时在外语水平一栏注明已获得的英语等级证书及成绩；2.有关专业考试信息请参见国家金融监督管理总局2024年度招考公告。","https://www.xuanhan.gov.cn/xxgk-show-77635.html#154116-300147160001","2023-10-15","{""dataset_year"":2024,""job_uid"":""GOV-2024-154116-300147160001"",""publisher"":""国家公务员局"",""publication_page"":""https://www.xuanhan.gov.cn/xxgk-show-77635.html"",""attachment_url"":""https://www.xuanhan.gov.cn/uploadfile/1/Attachment/638fdecf51.zip"",""local_source_file"":""中央机关及其直属机构2024年度考试录用公务员招考简章.xls"",""local_source_sha256"":""a1741b99dbecd6d03e533f99f2d69b0fa5a79733e551b80af69986ceed2ad996"",""source_sheet"":""中央国家行政机关省级以下直属机构"",""filter_version"":""government_tech_v2"",""tech_filter"":{""is_tech"":true,""is_core_tech"":true,""scope"":""core"",""categories"":[""automation_robotics"",""computer_software"",""electronics_communication""],""matched_fields"":[""major"",""description""],""major_terms"":[""数字媒体技术"",""物联网工程"",""电子信息工程"",""空间信息与数字技术"",""自动化"",""计算机"",""通信工程""],""role_terms"":[""信息科技"",""信息系统"",""软硬件""],""reason"":""tech_major_and_role""},""original"":{""部门代码"":""154116"",""部门名称"":""国家金融监督管理总局河南监管局"",""用人司局"":""国家金融监督管理总局驻马店监管分局"",""机构性质"":""中央国家行政机关省级以下直属机构"",""招考职位"":""统计信息部门一级主任科员及以下"",""职位属性"":""金融监管计算机类职位"",""职位分布"":""其他职位"",""职位简介"":""主要从事信息科技风险监管、电子设备软硬件管理及信息系统运行维护等工作。"",""职位代码"":""300147160001"",""机构层级"":""市（地）级"",""考试类别"":""市（地）级及以下直属机构综合管理类"",""招考人数"":""1"",""专业"":""计算机（不含物联网工程、数字媒体技术、空间信息与数字技术，不含电子信息工程、通信工程、自动化等专业）"",""学历"":""仅限本科"",""学位"":""学士"",""政治面貌"":""不限"",""基层工作最低年限"":""无限制"",""服务基层项目工作经历"":""无限制"",""是否在面试阶段组织专业能力测试"":""否"",""面试人员比例"":""3:1"",""工作地点"":""河南省驻马店市"",""落户地点"":""河南省驻马店市"",""备注"":""1.要求大学英语四级60分（100分制）或425分（710分制）及以上，请考生报考时在外语水平一栏注明已获得的英语等级证书及成绩；2.有关专业考试信息请参见国家金融监督管理总局2024年度招考公告。"",""部门网站"":""http://www.cbirc.gov.cn/"",""咨询电话1"":""0371-69332008"",""咨询电话2"":""0371-69332875"",""咨询电话3"":"""",""来源Sheet"":""中央国家行政机关省级以下直属机构""}}"
"government_jobs","国家公务员2024招考简章","公务员/事业单位技术岗位","湖北省武汉市武昌区","2026-07-28T09:12:58.310295+00:00","统计信息部门一级主任科员及以下","国家金融监督管理总局湖北监管局","","湖北省武汉市武昌区","公务员/事业单位;2024;computer_software;cybersecurity_cryptography;data_ai;硕士研究生及以上;与最高学历相对应的学位;计算机类;中央机关及其省级直属机构综合管理类","用人司局：国家金融监督管理总局湖北监管局
职位简介：主要从事信息科技风险监管、电子设备软硬件管理及信息系统运行维护等工作。
专业要求：计算机类
学历要求：硕士研究生及以上
学位要求：与最高学历相对应的学位
政治面貌：不限
基层工作经历：无限制
考试类别：中央机关及其省级直属机构综合管理类
备注：1.本职位要求研究生阶段为计算机类专业，包括计算机科学与技术、软件工程、网络空间安全、大数据计算、信息管理与信息系统等相关专业，报名时需备注授予学位和研究方向；2.最低服务年限为五年（含试用期）；3.大学英语六级60分（100分制）或425分（含）（710分制）及以上，请考生报考时在外语水平一栏注明已获得的英语等级证书及成绩；4.有关专业考试信息参见国家金融监督管理总局2024年度招考公告。","https://www.xuanhan.gov.cn/xxgk-show-77635.html#154117-300147001001","2023-10-15","{""dataset_year"":2024,""job_uid"":""GOV-2024-154117-300147001001"",""publisher"":""国家公务员局"",""publication_page"":""https://www.xuanhan.gov.cn/xxgk-show-77635.html"",""attachment_url"":""https://www.xuanhan.gov.cn/uploadfile/1/Attachment/638fdecf51.zip"",""local_source_file"":""中央机关及其直属机构2024年度考试录用公务员招考简章.xls"",""local_source_sha256"":""a1741b99dbecd6d03e533f99f2d69b0fa5a79733e551b80af69986ceed2ad996"",""source_sheet"":""中央国家行政机关省级以下直属机构"",""filter_version"":""government_tech_v2"",""tech_filter"":{""is_tech"":true,""is_core_tech"":true,""scope"":""core"",""categories"":[""computer_software"",""cybersecurity_cryptography"",""data_ai""],""matched_fields"":[""major"",""description"",""remarks""],""major_terms"":[""计算机类""],""role_terms"":[""信息科技"",""信息管理"",""信息系统"",""大数据"",""网络空间安全"",""计算机"",""软件"",""软件工程"",""软硬件""],""reason"":""tech_major_and_role""},""original"":{""部门代码"":""154117"",""部门名称"":""国家金融监督管理总局湖北监管局"",""用人司局"":""国家金融监督管理总局湖北监管局"",""机构性质"":""中央国家行政机关省级以下直属机构"",""招考职位"":""统计信息部门一级主任科员及以下"",""职位属性"":""金融监管计算机类职位"",""职位分布"":""其他职位"",""职位简介"":""主要从事信息科技风险监管、电子设备软硬件管理及信息系统运行维护等工作。"",""职位代码"":""300147001001"",""机构层级"":""省（副省）级"",""考试类别"":""中央机关及其省级直属机构综合管理类"",""招考人数"":""2"",""专业"":""计算机类"",""学历"":""硕士研究生及以上"",""学位"":""与最高学历相对应的学位"",""政治面貌"":""不限"",""基层工作最低年限"":""无限制"",""服务基层项目工作经历"":""无限制"",""是否在面试阶段组织专业能力测试"":""否"",""面试人员比例"":""4:1"",""工作地点"":""湖北省武汉市武昌区"",""落户地点"":""湖北省武汉市"",""备注"":""1.本职位要求研究生阶段为计算机类专业，包括计算机科学与技术、软件工程、网络空间安全、大数据计算、信息管理与信息系统等相关专业，报名时需备注授予学位和研究方向；2.最低服务年限为五年（含试用期）；3.大学英语六级60分（100分制）或425分（含）（710分制）及以上，请考生报考时在外语水平一栏注明已获得的英语等级证书及成绩；4.有关专业考试信息参见国家金融监督管理总局2024年度招考公告。"",""部门网站"":""http://www.cbirc.gov.cn/"",""咨询电话1"":""027-85565227"",""咨询电话2"":""027-87050052"",""咨询电话3"":"""",""来源Sheet"":""中央国家行政机关省级以下直属机构""}}"
"government_jobs","国家公务员2024招考简章","公务员/事业单位技术岗位","湖北省武汉市武昌区","2026-07-28T09:12:58.310295+00:00","统计信息部门一级主任科员及以下","国家金融监督管理总局湖北监管局","","湖北省武汉市武昌区","公务员/事业单位;2024;computer_software;cybersecurity_cryptography;data_ai;硕士研究生及以上;与最高学历相对应的学位;计算机类;中央机关及其省级直属机构综合管理类","用人司局：国家金融监督管理总局湖北监管局
职位简介：主要从事信息科技风险监管、电子设备软硬件管理及信息系统运行维护等工作。
专业要求：计算机类
学历要求：硕士研究生及以上
学位要求：与最高学历相对应的学位
政治面貌：不限
基层工作经历：二年
考试类别：中央机关及其省级直属机构综合管理类
备注：1.本职位要求研究生阶段为计算机类专业，包括计算机科学与技术、软件工程、网络空间安全、大数据计算、信息管理与信息系统等相关专业，报名时需备注授予学位和研究方向；2.最低服务年限为五年（含试用期）；3.大学英语六级60分（100分制）或425分（含）（710分制）及以上，请考生报考时在外语水平一栏注明已获得的英语等级证书及成绩；4.有关专业考试信息参见国家金融监督管理总局2024年度招考公告。","https://www.xuanhan.gov.cn/xxgk-show-77635.html#154117-300147001002","2023-10-15","{""dataset_year"":2024,""job_uid"":""GOV-2024-154117-300147001002"",""publisher"":""国家公务员局"",""publication_page"":""https://www.xuanhan.gov.cn/xxgk-show-77635.html"",""attachment_url"":""https://www.xuanhan.gov.cn/uploadfile/1/Attachment/638fdecf51.zip"",""local_source_file"":""中央机关及其直属机构2024年度考试录用公务员招考简章.xls"",""local_source_sha256"":""a1741b99dbecd6d03e533f99f2d69b0fa5a79733e551b80af69986ceed2ad996"",""source_sheet"":""中央国家行政机关省级以下直属机构"",""filter_version"":""government_tech_v2"",""tech_filter"":{""is_tech"":true,""is_core_tech"":true,""scope"":""core"",""categories"":[""computer_software"",""cybersecurity_cryptography"",""data_ai""],""matched_fields"":[""major"",""description"",""remarks""],""major_terms"":[""计算机类""],""role_terms"":[""信息科技"",""信息管理"",""信息系统"",""大数据"",""网络空间安全"",""计算机"",""软件"",""软件工程"",""软硬件""],""reason"":""tech_major_and_role""},""original"":{""部门代码"":""154117"",""部门名称"":""国家金融监督管理总局湖北监管局"",""用人司局"":""国家金融监督管理总局湖北监管局"",""机构性质"":""中央国家行政机关省级以下直属机构"",""招考职位"":""统计信息部门一级主任科员及以下"",""职位属性"":""金融监管计算机类职位"",""职位分布"":""其他职位"",""职位简介"":""主要从事信息科技风险监管、电子设备软硬件管理及信息系统运行维护等工作。"",""职位代码"":""300147001002"",""机构层级"":""省（副省）级"",""考试类别"":""中央机关及其省级直属机构综合管理类"",""招考人数"":""2"",""专业"":""计算机类"",""学历"":""硕士研究生及以上"",""学位"":""与最高学历相对应的学位"",""政治面貌"":""不限"",""基层工作最低年限"":""二年"",""服务基层项目工作经历"":""无限制"",""是否在面试阶段组织专业能力测试"":""否"",""面试人员比例"":""4:1"",""工作地点"":""湖北省武汉市武昌区"",""落户地点"":""湖北省武汉市"",""备注"":""1.本职位要求研究生阶段为计算机类专业，包括计算机科学与技术、软件工程、网络空间安全、大数据计算、信息管理与信息系统等相关专业，报名时需备注授予学位和研究方向；2.最低服务年限为五年（含试用期）；3.大学英语六级60分（100分制）或425分（含）（710分制）及以上，请考生报考时在外语水平一栏注明已获得的英语等级证书及成绩；4.有关专业考试信息参见国家金融监督管理总局2024年度招考公告。"",""部门网站"":""http://www.cbirc.gov.cn/"",""咨询电话1"":""027-85565227"",""咨询电话2"":""027-87050052"",""咨询电话3"":"""",""来源Sheet"":""中央国家行政机关省级以下直属机构""}}"
"government_jobs","国家公务员2024招考简章","公务员/事业单位技术岗位","湖北省","2026-07-28T09:12:58.310295+00:00","统计信息部门一级主任科员及以下","国家金融监督管理总局湖北监管局","","湖北省","公务员/事业单位;2024;computer_software;cybersecurity_cryptography;data_ai;本科及以上;与最高学历相对应的学位;计算机类;市（地）级及以下直属机构综合管理类","用人司局：国家金融监督管理总局湖北监管局辖内县级派出机构
职位简介：主要从事信息科技风险监管、电子设备软硬件管理及信息系统运行维护等工作。
专业要求：计算机类
学历要求：本科及以上
学位要求：与最高学历相对应的学位
政治面貌：不限
基层工作经历：无限制
考试类别：市（地）级及以下直属机构综合管理类
备注：1.工作地点为天门、潜江等湖北省直辖县级市，以报到分配为准；2.本科学历要求专业为计算机类专业，包括计算机类相关专业（0809），信息与计算科学（070102），信息管理与信息系统（120102），大数据管理与应用（120108T）等专业，报名时需备注学科代码和专业介绍。研究生学历要求专业为计算机类专业，包括计算机科学与技术、软件工程、网络空间安全、大数据计算、信息管理与信息系统等相关专业。报名时需备注授予学位和研究方向；3.最低服务年限为五年（含试用期）；4.大学英语四级60分（100分制）或425分（含）（710分制）及以上，请考生报考时在外语水平一栏注明已获得的英语等级证书及成绩；5.有关专业考试信息参见国家金融监督管理总局2024年度招考公告。","https://www.xuanhan.gov.cn/xxgk-show-77635.html#154117-300147002001","2023-10-15","{""dataset_year"":2024,""job_uid"":""GOV-2024-154117-300147002001"",""publisher"":""国家公务员局"",""publication_page"":""https://www.xuanhan.gov.cn/xxgk-show-77635.html"",""attachment_url"":""https://www.xuanhan.gov.cn/uploadfile/1/Attachment/638fdecf51.zip"",""local_source_file"":""中央机关及其直属机构2024年度考试录用公务员招考简章.xls"",""local_source_sha256"":""a1741b99dbecd6d03e533f99f2d69b0fa5a79733e551b80af69986ceed2ad996"",""source_sheet"":""中央国家行政机关省级以下直属机构"",""filter_version"":""government_tech_v2"",""tech_filter"":{""is_tech"":true,""is_core_tech"":true,""scope"":""core"",""categories"":[""computer_software"",""cybersecurity_cryptography"",""data_ai""],""matched_fields"":[""major"",""description"",""remarks""],""major_terms"":[""计算机类""],""role_terms"":[""信息科技"",""信息管理"",""信息系统"",""大数据"",""数据管理"",""网络空间安全"",""计算机"",""软件"",""软件工程"",""软硬件""],""reason"":""tech_major_and_role""},""original"":{""部门代码"":""154117"",""部门名称"":""国家金融监督管理总局湖北监管局"",""用人司局"":""国家金融监督管理总局湖北监管局辖内县级派出机构"",""机构性质"":""中央国家行政机关省级以下直属机构"",""招考职位"":""统计信息部门一级主任科员及以下"",""职位属性"":""金融监管计算机类职位"",""职位分布"":""其他职位"",""职位简介"":""主要从事信息科技风险监管、电子设备软硬件管理及信息系统运行维护等工作。"",""职位代码"":""300147002001"",""机构层级"":""县（区）级及以下"",""考试类别"":""市（地）级及以下直属机构综合管理类"",""招考人数"":""1"",""专业"":""计算机类"",""学历"":""本科及以上"",""学位"":""与最高学历相对应的学位"",""政治面貌"":""不限"",""基层工作最低年限"":""无限制"",""服务基层项目工作经历"":""无限制"",""是否在面试阶段组织专业能力测试"":""否"",""面试人员比例"":""3:1"",""工作地点"":""湖北省"",""落户地点"":""湖北省"",""备注"":""1.工作地点为天门、潜江等湖北省直辖县级市，以报到分配为准；2.本科学历要求专业为计算机类专业，包括计算机类相关专业（0809），信息与计算科学（070102），信息管理与信息系统（120102），大数据管理与应用（120108T）等专业，报名时需备注学科代码和专业介绍。研究生学历要求专业为计算机类专业，包括计算机科学与技术、软件工程、网络空间安全、大数据计算、信息管理与信息系统等相关专业。报名时需备注授予学位和研究方向；3.最低服务年限为五年（含试用期）；4.大学英语四级60分（100分制）或425分（含）（710分制）及以上，请考生报考时在外语水平一栏注明已获得的英语等级证书及成绩；5.有关专业考试信息参见国家金融监督管理总局2024年度招考公告。"",""部门网站"":""http://www.cbirc.gov.cn/"",""咨询电话1"":""027-85565227"",""咨询电话2"":""027-87050052"",""咨询电话3"":"""",""来源Sheet"":""中央国家行政机关省级以下直属机构""}}"
"government_jobs","国家公务员2024招考简章","公务员/事业单位技术岗位","湖北省十堰市郧西县","2026-07-28T09:12:58.310295+00:00","统计信息部门一级主任科员及以下","国家金融监督管理总局湖北监管局","","湖北省十堰市郧西县","公务员/事业单位;2024;computer_software;data_ai;仅限本科;学士;计算机类;市（地）级及以下直属机构综合管理类","用人司局：国家金融监督管理总局十堰监管分局郧西县级派出机构
职位简介：主要从事信息科技风险监管、电子设备软硬件管理及信息系统运行维护等工作。
专业要求：计算机类
学历要求：仅限本科
学位要求：学士
政治面貌：不限
基层工作经历：无限制
考试类别：市（地）级及以下直属机构综合管理类
备注：1.应届高校毕业生；2.本职位专业要求为计算机类专业，包括计算机类相关专业（0809），信息与计算科学（070102），信息管理与信息系统（120102），大数据管理与应用（120108T）等专业，报名时需备注学科代码和专业介绍；3.最低服务年限为五年（含试用期）；4.大学英语四级60分（100分制）或425分（含）（710分制）及以上，请考生报考时在外语水平一栏注明已获得的英语等级证书及成绩；5.有关专业考试信息参见国家金融监督管理总局2024年度招考公告。","https://www.xuanhan.gov.cn/xxgk-show-77635.html#154117-300147007001","2023-10-15","{""dataset_year"":2024,""job_uid"":""GOV-2024-154117-300147007001"",""publisher"":""国家公务员局"",""publication_page"":""https://www.xuanhan.gov.cn/xxgk-show-77635.html"",""attachment_url"":""https://www.xuanhan.gov.cn/uploadfile/1/Attachment/638fdecf51.zip"",""local_source_file"":""中央机关及其直属机构2024年度考试录用公务员招考简章.xls"",""local_source_sha256"":""a1741b99dbecd6d03e533f99f2d69b0fa5a79733e551b80af69986ceed2ad996"",""source_sheet"":""中央国家行政机关省级以下直属机构"",""filter_version"":""government_tech_v2"",""tech_filter"":{""is_tech"":true,""is_core_tech"":true,""scope"":""core"",""categories"":[""computer_software"",""data_ai""],""matched_fields"":[""major"",""description"",""remarks""],""major_terms"":[""计算机类""],""role_terms"":[""信息科技"",""信息管理"",""信息系统"",""大数据"",""数据管理"",""计算机"",""软硬件""],""reason"":""tech_major_and_role""},""original"":{""部门代码"":""154117"",""部门名称"":""国家金融监督管理总局湖北监管局"",""用人司局"":""国家金融监督管理总局十堰监管分局郧西县级派出机构"",""机构性质"":""中央国家行政机关省级以下直属机构"",""招考职位"":""统计信息部门一级主任科员及以下"",""职位属性"":""金融监管计算机类职位"",""职位分布"":""其他职位"",""职位简介"":""主要从事信息科技风险监管、电子设备软硬件管理及信息系统运行维护等工作。"",""职位代码"":""300147007001"",""机构层级"":""县（区）级及以下"",""考试类别"":""市（地）级及以下直属机构综合管理类"",""招考人数"":""1"",""专业"":""计算机类"",""学历"":""仅限本科"",""学位"":""学士"",""政治面貌"":""不限"",""基层工作最低年限"":""无限制"",""服务基层项目工作经历"":""无限制"",""是否在面试阶段组织专业能力测试"":""否"",""面试人员比例"":""3:1"",""工作地点"":""湖北省十堰市郧西县"",""落户地点"":""湖北省十堰市郧西县"",""备注"":""1.应届高校毕业生；2.本职位专业要求为计算机类专业，包括计算机类相关专业（0809），信息与计算科学（070102），信息管理与信息系统（120102），大数据管理与应用（120108T）等专业，报名时需备注学科代码和专业介绍；3.最低服务年限为五年（含试用期）；4.大学英语四级60分（100分制）或425分（含）（710分制）及以上，请考生报考时在外语水平一栏注明已获得的英语等级证书及成绩；5.有关专业考试信息参见国家金融监督管理总局2024年度招考公告。"",""部门网站"":""http://www.cbirc.gov.cn/"",""咨询电话1"":""027-85565227"",""咨询电话2"":""027-87050052"",""咨询电话3"":"""",""来源Sheet"":""中央国家行政机关省级以下直属机构""}}"
"government_jobs","国家公务员2024招考简章","公务员/事业单位技术岗位","湖北省荆州市","2026-07-28T09:12:58.310295+00:00","统计信息部门一级主任科员及以下","国家金融监督管理总局湖北监管局","","湖北省荆州市","公务员/事业单位;2024;computer_software;cybersecurity_cryptography;data_ai;本科及以上;与最高学历相对应的学位;计算机类;市（地）级及以下直属机构综合管理类","用人司局：国家金融监督管理总局荆州监管分局
职位简介：主要从事信息科技风险监管、电子设备软硬件管理及信息系统运行维护等工作。
专业要求：计算机类
学历要求：本科及以上
学位要求：与最高学历相对应的学位
政治面貌：不限
基层工作经历：无限制
考试类别：市（地）级及以下直属机构综合管理类
备注：1.应届高校毕业生；2.本科学历要求专业为计算机类专业，包括计算机类相关专业（0809），信息与计算科学（070102），信息管理与信息系统（120102），大数据管理与应用（120108T）等专业，报名时需备注学科代码和专业介绍。研究生学历要求专业为计算机类专业，包括计算机科学与技术、软件工程、网络空间安全、大数据计算、信息管理与信息系统等相关专业。报名时需备注授予学位和研究方向；3.最低服务年限为五年（含试用期）；4.大学英语四级60分（100分制）或425分（含）（710分制）及以上，请考生报考时在外语水平一栏注明已获得的英语等级证书及成绩；5.有关专业考试信息参见国家金融监督管理总局2024年度招考公告。","https://www.xuanhan.gov.cn/xxgk-show-77635.html#154117-300147009001","2023-10-15","{""dataset_year"":2024,""job_uid"":""GOV-2024-154117-300147009001"",""publisher"":""国家公务员局"",""publication_page"":""https://www.xuanhan.gov.cn/xxgk-show-77635.html"",""attachment_url"":""https://www.xuanhan.gov.cn/uploadfile/1/Attachment/638fdecf51.zip"",""local_source_file"":""中央机关及其直属机构2024年度考试录用公务员招考简章.xls"",""local_source_sha256"":""a1741b99dbecd6d03e533f99f2d69b0fa5a79733e551b80af69986ceed2ad996"",""source_sheet"":""中央国家行政机关省级以下直属机构"",""filter_version"":""government_tech_v2"",""tech_filter"":{""is_tech"":true,""is_core_tech"":true,""scope"":""core"",""categories"":[""computer_software"",""cybersecurity_cryptography"",""data_ai""],""matched_fields"":[""major"",""description"",""remarks""],""major_terms"":[""计算机类""],""role_terms"":[""信息科技"",""信息管理"",""信息系统"",""大数据"",""数据管理"",""网络空间安全"",""计算机"",""软件"",""软件工程"",""软硬件""],""reason"":""tech_major_and_role""},""original"":{""部门代码"":""154117"",""部门名称"":""国家金融监督管理总局湖北监管局"",""用人司局"":""国家金融监督管理总局荆州监管分局"",""机构性质"":""中央国家行政机关省级以下直属机构"",""招考职位"":""统计信息部门一级主任科员及以下"",""职位属性"":""金融监管计算机类职位"",""职位分布"":""其他职位"",""职位简介"":""主要从事信息科技风险监管、电子设备软硬件管理及信息系统运行维护等工作。"",""职位代码"":""300147009001"",""机构层级"":""市（地）级"",""考试类别"":""市（地）级及以下直属机构综合管理类"",""招考人数"":""1"",""专业"":""计算机类"",""学历"":""本科及以上"",""学位"":""与最高学历相对应的学位"",""政治面貌"":""不限"",""基层工作最低年限"":""无限制"",""服务基层项目工作经历"":""无限制"",""是否在面试阶段组织专业能力测试"":""否"",""面试人员比例"":""3:1"",""工作地点"":""湖北省荆州市"",""落户地点"":""湖北省荆州市"",""备注"":""1.应届高校毕业生；2.本科学历要求专业为计算机类专业，包括计算机类相关专业（0809），信息与计算科学（070102），信息管理与信息系统（120102），大数据管理与应用（120108T）等专业，报名时需备注学科代码和专业介绍。研究生学历要求专业为计算机类专业，包括计算机科学与技术、软件工程、网络空间安全、大数据计算、信息管理与信息系统等相关专业。报名时需备注授予学位和研究方向；3.最低服务年限为五年（含试用期）；4.大学英语四级60分（100分制）或425分（含）（710分制）及以上，请考生报考时在外语水平一栏注明已获得的英语等级证书及成绩；5.有关专业考试信息参见国家金融监督管理总局2024年度招考公告。"",""部门网站"":""http://www.cbirc.gov.cn/"",""咨询电话1"":""027-85565227"",""咨询电话2"":""027-87050052"",""咨询电话3"":"""",""来源Sheet"":""中央国家行政机关省级以下直属机构""}}"
"government_jobs","国家公务员2024招考简章","公务员/事业单位技术岗位","湖北省襄阳市","2026-07-28T09:12:58.310295+00:00","统计信息部门一级主任科员及以下","国家金融监督管理总局湖北监管局","","湖北省襄阳市","公务员/事业单位;2024;computer_software;cybersecurity_cryptography;data_ai;本科及以上;与最高学历相对应的学位;计算机类;市（地）级及以下直属机构综合管理类","用人司局：国家金融监督管理总局襄阳监管分局
职位简介：主要从事信息科技风险监管、电子设备软硬件管理及信息系统运行维护等工作。
专业要求：计算机类
学历要求：本科及以上
学位要求：与最高学历相对应的学位
政治面貌：不限
基层工作经历：无限制
考试类别：市（地）级及以下直属机构综合管理类
备注：1.本科学历要求专业为计算机类专业，包括计算机类相关专业（0809），信息与计算科学（070102），信息管理与信息系统（120102），大数据管理与应用（120108T）等专业，报名时需备注学科代码和专业介绍。研究生学历要求专业为计算机类专业，包括计算机科学与技术、软件工程、网络空间安全、大数据计算、信息管理与信息系统等相关专业。报名时需备注授予学位和研究方向；2.最低服务年限为五年（含试用期）；3.大学英语四级60分（100分制）或425分（含）（710分制）及以上，请考生报考时在外语水平一栏注明已获得的英语等级证书及成绩；4.有关专业考试信息参见国家金融监督管理总局2024年度招考公告。","https://www.xuanhan.gov.cn/xxgk-show-77635.html#154117-300147015001","2023-10-15","{""dataset_year"":2024,""job_uid"":""GOV-2024-154117-300147015001"",""publisher"":""国家公务员局"",""publication_page"":""https://www.xuanhan.gov.cn/xxgk-show-77635.html"",""attachment_url"":""https://www.xuanhan.gov.cn/uploadfile/1/Attachment/638fdecf51.zip"",""local_source_file"":""中央机关及其直属机构2024年度考试录用公务员招考简章.xls"",""local_source_sha256"":""a1741b99dbecd6d03e533f99f2d69b0fa5a79733e551b80af69986ceed2ad996"",""source_sheet"":""中央国家行政机关省级以下直属机构"",""filter_version"":""government_tech_v2"",""tech_filter"":{""is_tech"":true,""is_core_tech"":true,""scope"":""core"",""categories"":[""computer_software"",""cybersecurity_cryptography"",""data_ai""],""matched_fields"":[""major"",""description"",""remarks""],""major_terms"":[""计算机类""],""role_terms"":[""信息科技"",""信息管理"",""信息系统"",""大数据"",""数据管理"",""网络空间安全"",""计算机"",""软件"",""软件工程"",""软硬件""],""reason"":""tech_major_and_role""},""original"":{""部门代码"":""154117"",""部门名称"":""国家金融监督管理总局湖北监管局"",""用人司局"":""国家金融监督管理总局襄阳监管分局"",""机构性质"":""中央国家行政机关省级以下直属机构"",""招考职位"":""统计信息部门一级主任科员及以下"",""职位属性"":""金融监管计算机类职位"",""职位分布"":""其他职位"",""职位简介"":""主要从事信息科技风险监管、电子设备软硬件管理及信息系统运行维护等工作。"",""职位代码"":""300147015001"",""机构层级"":""市（地）级"",""考试类别"":""市（地）级及以下直属机构综合管理类"",""招考人数"":""1"",""专业"":""计算机类"",""学历"":""本科及以上"",""学位"":""与最高学历相对应的学位"",""政治面貌"":""不限"",""基层工作最低年限"":""无限制"",""服务基层项目工作经历"":""无限制"",""是否在面试阶段组织专业能力测试"":""否"",""面试人员比例"":""3:1"",""工作地点"":""湖北省襄阳市"",""落户地点"":""湖北省襄阳市"",""备注"":""1.本科学历要求专业为计算机类专业，包括计算机类相关专业（0809），信息与计算科学（070102），信息管理与信息系统（120102），大数据管理与应用（120108T）等专业，报名时需备注学科代码和专业介绍。研究生学历要求专业为计算机类专业，包括计算机科学与技术、软件工程、网络空间安全、大数据计算、信息管理与信息系统等相关专业。报名时需备注授予学位和研究方向；2.最低服务年限为五年（含试用期）；3.大学英语四级60分（100分制）或425分（含）（710分制）及以上，请考生报考时在外语水平一栏注明已获得的英语等级证书及成绩；4.有关专业考试信息参见国家金融监督管理总局2024年度招考公告。"",""部门网站"":""http://www.cbirc.gov.cn/"",""咨询电话1"":""027-85565227"",""咨询电话2"":""027-87050052"",""咨询电话3"":"""",""来源Sheet"":""中央国家行政机关省级以下直属机构""}}"
"government_jobs","国家公务员2024招考简章","公务员/事业单位技术岗位","湖北省咸宁市崇阳县","2026-07-28T09:12:58.310295+00:00","统计信息部门一级主任科员及以下","国家金融监督管理总局湖北监管局","","湖北省咸宁市崇阳县","公务员/事业单位;2024;computer_software;data_ai;仅限本科;学士;计算机类;市（地）级及以下直属机构综合管理类","用人司局：国家金融监督管理总局咸宁监管分局崇阳县级派出机构
职位简介：主要从事信息科技风险监管、电子设备软硬件管理及信息系统运行维护等工作。
专业要求：计算机类
学历要求：仅限本科
学位要求：学士
政治面貌：不限
基层工作经历：无限制
考试类别：市（地）级及以下直属机构综合管理类
备注：1.本职位专业要求为计算机类专业，包括计算机类相关专业（0809），信息与计算科学（070102），信息管理与信息系统（120102），大数据管理与应用（120108T）等专业，报名时需备注学科代码和专业介绍；2.最低服务年限为五年（含试用期）；3.大学英语四级60分（100分制）或425分（含）（710分制）及以上，请考生报考时在外语水平一栏注明已获得的英语等级证书及成绩；4.有关专业考试信息参见国家金融监督管理总局2024年度招考公告。","https://www.xuanhan.gov.cn/xxgk-show-77635.html#154117-300147023001","2023-10-15","{""dataset_year"":2024,""job_uid"":""GOV-2024-154117-300147023001"",""publisher"":""国家公务员局"",""publication_page"":""https://www.xuanhan.gov.cn/xxgk-show-77635.html"",""attachment_url"":""https://www.xuanhan.gov.cn/uploadfile/1/Attachment/638fdecf51.zip"",""local_source_file"":""中央机关及其直属机构2024年度考试录用公务员招考简章.xls"",""local_source_sha256"":""a1741b99dbecd6d03e533f99f2d69b0fa5a79733e551b80af69986ceed2ad996"",""source_sheet"":""中央国家行政机关省级以下直属机构"",""filter_version"":""government_tech_v2"",""tech_filter"":{""is_tech"":true,""is_core_tech"":true,""scope"":""core"",""categories"":[""computer_software"",""data_ai""],""matched_fields"":[""major"",""description"",""remarks""],""major_terms"":[""计算机类""],""role_terms"":[""信息科技"",""信息管理"",""信息系统"",""大数据"",""数据管理"",""计算机"",""软硬件""],""reason"":""tech_major_and_role""},""original"":{""部门代码"":""154117"",""部门名称"":""国家金融监督管理总局湖北监管局"",""用人司局"":""国家金融监督管理总局咸宁监管分局崇阳县级派出机构"",""机构性质"":""中央国家行政机关省级以下直属机构"",""招考职位"":""统计信息部门一级主任科员及以下"",""职位属性"":""金融监管计算机类职位"",""职位分布"":""其他职位"",""职位简介"":""主要从事信息科技风险监管、电子设备软硬件管理及信息系统运行维护等工作。"",""职位代码"":""300147023001"",""机构层级"":""县（区）级及以下"",""考试类别"":""市（地）级及以下直属机构综合管理类"",""招考人数"":""1"",""专业"":""计算机类"",""学历"":""仅限本科"",""学位"":""学士"",""政治面貌"":""不限"",""基层工作最低年限"":""无限制"",""服务基层项目工作经历"":""无限制"",""是否在面试阶段组织专业能力测试"":""否"",""面试人员比例"":""3:1"",""工作地点"":""湖北省咸宁市崇阳县"",""落户地点"":""湖北省咸宁市崇阳县"",""备注"":""1.本职位专业要求为计算机类专业，包括计算机类相关专业（0809），信息与计算科学（070102），信息管理与信息系统（120102），大数据管理与应用（120108T）等专业，报名时需备注学科代码和专业介绍；2.最低服务年限为五年（含试用期）；3.大学英语四级60分（100分制）或425分（含）（710分制）及以上，请考生报考时在外语水平一栏注明已获得的英语等级证书及成绩；4.有关专业考试信息参见国家金融监督管理总局2024年度招考公告。"",""部门网站"":""http://www.cbirc.gov.cn/"",""咨询电话1"":""027-85565227"",""咨询电话2"":""027-87050052"",""咨询电话3"":"""",""来源Sheet"":""中央国家行政机关省级以下直属机构""}}"
"government_jobs","国家公务员2024招考简章","公务员/事业单位技术岗位","湖北省恩施土家族苗族自治州建始县","2026-07-28T09:12:58.310295+00:00","统计信息部门一级主任科员及以下","国家金融监督管理总局湖北监管局","","湖北省恩施土家族苗族自治州建始县","公务员/事业单位;2024;computer_software;cybersecurity_cryptography;data_ai;本科及以上;与最高学历相对应的学位;计算机类;市（地）级及以下直属机构综合管理类","用人司局：国家金融监督管理总局恩施监管分局建始县级派出机构
职位简介：主要从事信息科技风险监管、电子设备软硬件管理及信息系统运行维护等工作。
专业要求：计算机类
学历要求：本科及以上
学位要求：与最高学历相对应的学位
政治面貌：不限
基层工作经历：无限制
考试类别：市（地）级及以下直属机构综合管理类
备注：1.应届高校毕业生；2.本科学历要求专业为计算机类专业，包括计算机类相关专业（0809），信息与计算科学（070102），信息管理与信息系统（120102），大数据管理与应用（120108T）等专业，报名时需备注学科代码和专业介绍。研究生学历要求专业为计算机类专业，包括计算机科学与技术、软件工程、网络空间安全、大数据计算、信息管理与信息系统等相关专业。报名时需备注授予学位和研究方向；3.最低服务年限为五年（含试用期）；4.大学英语四级60分（100分制）或425分（含）（710分制）及以上，请考生报考时在外语水平一栏注明已获得的英语等级证书及成绩；5.有关专业考试信息参见国家金融监督管理总局2024年度招考公告。","https://www.xuanhan.gov.cn/xxgk-show-77635.html#154117-300147024001","2023-10-15","{""dataset_year"":2024,""job_uid"":""GOV-2024-154117-300147024001"",""publisher"":""国家公务员局"",""publication_page"":""https://www.xuanhan.gov.cn/xxgk-show-77635.html"",""attachment_url"":""https://www.xuanhan.gov.cn/uploadfile/1/Attachment/638fdecf51.zip"",""local_source_file"":""中央机关及其直属机构2024年度考试录用公务员招考简章.xls"",""local_source_sha256"":""a1741b99dbecd6d03e533f99f2d69b0fa5a79733e551b80af69986ceed2ad996"",""source_sheet"":""中央国家行政机关省级以下直属机构"",""filter_version"":""government_tech_v2"",""tech_filter"":{""is_tech"":true,""is_core_tech"":true,""scope"":""core"",""categories"":[""computer_software"",""cybersecurity_cryptography"",""data_ai""],""matched_fields"":[""major"",""description"",""remarks""],""major_terms"":[""计算机类""],""role_terms"":[""信息科技"",""信息管理"",""信息系统"",""大数据"",""数据管理"",""网络空间安全"",""计算机"",""软件"",""软件工程"",""软硬件""],""reason"":""tech_major_and_role""},""original"":{""部门代码"":""154117"",""部门名称"":""国家金融监督管理总局湖北监管局"",""用人司局"":""国家金融监督管理总局恩施监管分局建始县级派出机构"",""机构性质"":""中央国家行政机关省级以下直属机构"",""招考职位"":""统计信息部门一级主任科员及以下"",""职位属性"":""金融监管计算机类职位"",""职位分布"":""其他职位"",""职位简介"":""主要从事信息科技风险监管、电子设备软硬件管理及信息系统运行维护等工作。"",""职位代码"":""300147024001"",""机构层级"":""县（区）级及以下"",""考试类别"":""市（地）级及以下直属机构综合管理类"",""招考人数"":""1"",""专业"":""计算机类"",""学历"":""本科及以上"",""学位"":""与最高学历相对应的学位"",""政治面貌"":""不限"",""基层工作最低年限"":""无限制"",""服务基层项目工作经历"":""无限制"",""是否在面试阶段组织专业能力测试"":""否"",""面试人员比例"":""3:1"",""工作地点"":""湖北省恩施土家族苗族自治州建始县"",""落户地点"":""湖北省恩施土家族苗族自治州建始县"",""备注"":""1.应届高校毕业生；2.本科学历要求专业为计算机类专业，包括计算机类相关专业（0809），信息与计算科学（070102），信息管理与信息系统（120102），大数据管理与应用（120108T）等专业，报名时需备注学科代码和专业介绍。研究生学历要求专业为计算机类专业，包括计算机科学与技术、软件工程、网络空间安全、大数据计算、信息管理与信息系统等相关专业。报名时需备注授予学位和研究方向；3.最低服务年限为五年（含试用期）；4.大学英语四级60分（100分制）或425分（含）（710分制）及以上，请考生报考时在外语水平一栏注明已获得的英语等级证书及成绩；5.有关专业考试信息参见国家金融监督管理总局2024年度招考公告。"",""部门网站"":""http://www.cbirc.gov.cn/"",""咨询电话1"":""027-85565227"",""咨询电话2"":""027-87050052"",""咨询电话3"":"""",""来源Sheet"":""中央国家行政机关省级以下直属机构""}}"
"government_jobs","国家公务员2024招考简章","公务员/事业单位技术岗位","湖南省长沙市芙蓉区","2026-07-28T09:12:58.310295+00:00","统计信息部门一级主任科员及以下","国家金融监督管理总局湖南监管局","","湖南省长沙市芙蓉区","公务员/事业单位;2024;computer_software;electronics_communication;硕士研究生及以上;与最高学历相对应的学位;计算机科学与技术、信息与通信工程、系统工程;中央机关及其省级直属机构综合管理类","用人司局：国家金融监督管理总局湖南监管局
职位简介：主要从事信息科技风险监管、电子设备软硬件管理及信息系统运行维护等工作。
专业要求：计算机科学与技术、信息与通信工程、系统工程
学历要求：硕士研究生及以上
学位要求：与最高学历相对应的学位
政治面貌：不限
基层工作经历：无限制
考试类别：中央机关及其省级直属机构综合管理类
备注：1.大学英语六级成绩425分及以上，并在外语水平一栏注明已获得的英语等级证书及成绩；2.有关专业考试信息请参见国家金融监督管理总局2024年度招考公告。","https://www.xuanhan.gov.cn/xxgk-show-77635.html#154118-300147001001","2023-10-15","{""dataset_year"":2024,""job_uid"":""GOV-2024-154118-300147001001"",""publisher"":""国家公务员局"",""publication_page"":""https://www.xuanhan.gov.cn/xxgk-show-77635.html"",""attachment_url"":""https://www.xuanhan.gov.cn/uploadfile/1/Attachment/638fdecf51.zip"",""local_source_file"":""中央机关及其直属机构2024年度考试录用公务员招考简章.xls"",""local_source_sha256"":""a1741b99dbecd6d03e533f99f2d69b0fa5a79733e551b80af69986ceed2ad996"",""source_sheet"":""中央国家行政机关省级以下直属机构"",""filter_version"":""government_tech_v2"",""tech_filter"":{""is_tech"":true,""is_core_tech"":true,""scope"":""core"",""categories"":[""computer_software"",""electronics_communication""],""matched_fields"":[""major"",""description""],""major_terms"":[""信息与通信工程"",""计算机科学与技术"",""通信工程""],""role_terms"":[""信息科技"",""信息系统"",""软硬件""],""reason"":""tech_major_and_role""},""original"":{""部门代码"":""154118"",""部门名称"":""国家金融监督管理总局湖南监管局"",""用人司局"":""国家金融监督管理总局湖南监管局"",""机构性质"":""中央国家行政机关省级以下直属机构"",""招考职位"":""统计信息部门一级主任科员及以下"",""职位属性"":""金融监管计算机类职位"",""职位分布"":""其他职位"",""职位简介"":""主要从事信息科技风险监管、电子设备软硬件管理及信息系统运行维护等工作。"",""职位代码"":""300147001001"",""机构层级"":""省（副省）级"",""考试类别"":""中央机关及其省级直属机构综合管理类"",""招考人数"":""2"",""专业"":""计算机科学与技术、信息与通信工程、系统工程"",""学历"":""硕士研究生及以上"",""学位"":""与最高学历相对应的学位"",""政治面貌"":""不限"",""基层工作最低年限"":""无限制"",""服务基层项目工作经历"":""无限制"",""是否在面试阶段组织专业能力测试"":""否"",""面试人员比例"":""4:1"",""工作地点"":""湖南省长沙市芙蓉区"",""落户地点"":""湖南省长沙市芙蓉区"",""备注"":""1.大学英语六级成绩425分及以上，并在外语水平一栏注明已获得的英语等级证书及成绩；2.有关专业考试信息请参见国家金融监督管理总局2024年度招考公告。"",""部门网站"":""http://www.cbirc.gov.cn/"",""咨询电话1"":""0731-82830426"",""咨询电话2"":""0731-82830698"",""咨询电话3"":""0731-82830863"",""来源Sheet"":""中央国家行政机关省级以下直属机构""}}"
"government_jobs","国家公务员2024招考简章","公务员/事业单位技术岗位","湖南省常德市武陵区","2026-07-28T09:12:58.310295+00:00","统计信息部门一级主任科员及以下","国家金融监督管理总局湖南监管局","","湖南省常德市武陵区","公务员/事业单位;2024;computer_software;electronics_communication;本科及以上;与最高学历相对应的学位;计算机类（大学本科不含物联网、数字媒体技术、空间信息与数字技术、新媒体技术、电影制作，研究生限计算机科学与技术、信息与通信工程、系统工程）;市（地）级及以下直属机构综合管理类","用人司局：国家金融监督管理总局常德监管分局
职位简介：主要从事信息科技风险监管、电子设备软硬件管理及信息系统运行维护等工作。
专业要求：计算机类（大学本科不含物联网、数字媒体技术、空间信息与数字技术、新媒体技术、电影制作，研究生限计算机科学与技术、信息与通信工程、系统工程）
学历要求：本科及以上
学位要求：与最高学历相对应的学位
政治面貌：不限
基层工作经历：无限制
考试类别：市（地）级及以下直属机构综合管理类
备注：1.应届高校毕业生；2.大学英语四级成绩425分及以上，并在外语水平一栏注明已获得的英语等级证书及成绩；3.有关专业考试信息请参见国家金融监督管理总局2024年度招考公告。","https://www.xuanhan.gov.cn/xxgk-show-77635.html#154118-300147008001","2023-10-15","{""dataset_year"":2024,""job_uid"":""GOV-2024-154118-300147008001"",""publisher"":""国家公务员局"",""publication_page"":""https://www.xuanhan.gov.cn/xxgk-show-77635.html"",""attachment_url"":""https://www.xuanhan.gov.cn/uploadfile/1/Attachment/638fdecf51.zip"",""local_source_file"":""中央机关及其直属机构2024年度考试录用公务员招考简章.xls"",""local_source_sha256"":""a1741b99dbecd6d03e533f99f2d69b0fa5a79733e551b80af69986ceed2ad996"",""source_sheet"":""中央国家行政机关省级以下直属机构"",""filter_version"":""government_tech_v2"",""tech_filter"":{""is_tech"":true,""is_core_tech"":true,""scope"":""core"",""categories"":[""computer_software"",""electronics_communication""],""matched_fields"":[""major"",""description""],""major_terms"":[""信息与通信工程"",""数字媒体技术"",""空间信息与数字技术"",""计算机科学与技术"",""计算机类"",""通信工程""],""role_terms"":[""信息科技"",""信息系统"",""软硬件""],""reason"":""tech_major_and_role""},""original"":{""部门代码"":""154118"",""部门名称"":""国家金融监督管理总局湖南监管局"",""用人司局"":""国家金融监督管理总局常德监管分局"",""机构性质"":""中央国家行政机关省级以下直属机构"",""招考职位"":""统计信息部门一级主任科员及以下"",""职位属性"":""金融监管计算机类职位"",""职位分布"":""其他职位"",""职位简介"":""主要从事信息科技风险监管、电子设备软硬件管理及信息系统运行维护等工作。"",""职位代码"":""300147008001"",""机构层级"":""市（地）级"",""考试类别"":""市（地）级及以下直属机构综合管理类"",""招考人数"":""1"",""专业"":""计算机类（大学本科不含物联网、数字媒体技术、空间信息与数字技术、新媒体技术、电影制作，研究生限计算机科学与技术、信息与通信工程、系统工程）"",""学历"":""本科及以上"",""学位"":""与最高学历相对应的学位"",""政治面貌"":""不限"",""基层工作最低年限"":""无限制"",""服务基层项目工作经历"":""无限制"",""是否在面试阶段组织专业能力测试"":""否"",""面试人员比例"":""3:1"",""工作地点"":""湖南省常德市武陵区"",""落户地点"":""湖南省常德市武陵区"",""备注"":""1.应届高校毕业生；2.大学英语四级成绩425分及以上，并在外语水平一栏注明已获得的英语等级证书及成绩；3.有关专业考试信息请参见国家金融监督管理总局2024年度招考公告。"",""部门网站"":""http://www.cbirc.gov.cn/"",""咨询电话1"":""0731-82830426"",""咨询电话2"":""0731-82830698"",""咨询电话3"":""0731-82830863"",""来源Sheet"":""中央国家行政机关省级以下直属机构""}}"
"government_jobs","国家公务员2024招考简章","公务员/事业单位技术岗位","湖南省娄底市娄星区","2026-07-28T09:12:58.310295+00:00","统计信息部门一级主任科员及以下","国家金融监督管理总局湖南监管局","","湖南省娄底市娄星区","公务员/事业单位;2024;computer_software;仅限本科;学士;计算机类（不含物联网、数字媒体技术、空间信息与数字技术、新媒体技术、电影制作）;市（地）级及以下直属机构综合管理类","用人司局：国家金融监督管理总局娄底监管分局
职位简介：主要从事信息科技风险监管、电子设备软硬件管理及信息系统运行维护等工作。
专业要求：计算机类（不含物联网、数字媒体技术、空间信息与数字技术、新媒体技术、电影制作）
学历要求：仅限本科
学位要求：学士
政治面貌：不限
基层工作经历：无限制
考试类别：市（地）级及以下直属机构综合管理类
备注：1.应届高校毕业生；2.大学英语四级成绩425分及以上，并在外语水平一栏注明已获得的英语等级证书及成绩；3.有关专业考试信息请参见国家金融监督管理总局2024年度招考公告。","https://www.xuanhan.gov.cn/xxgk-show-77635.html#154118-300147009001","2023-10-15","{""dataset_year"":2024,""job_uid"":""GOV-2024-154118-300147009001"",""publisher"":""国家公务员局"",""publication_page"":""https://www.xuanhan.gov.cn/xxgk-show-77635.html"",""attachment_url"":""https://www.xuanhan.gov.cn/uploadfile/1/Attachment/638fdecf51.zip"",""local_source_file"":""中央机关及其直属机构2024年度考试录用公务员招考简章.xls"",""local_source_sha256"":""a1741b99dbecd6d03e533f99f2d69b0fa5a79733e551b80af69986ceed2ad996"",""source_sheet"":""中央国家行政机关省级以下直属机构"",""filter_version"":""government_tech_v2"",""tech_filter"":{""is_tech"":true,""is_core_tech"":true,""scope"":""core"",""categories"":[""computer_software""],""matched_fields"":[""major"",""description""],""major_terms"":[""数字媒体技术"",""空间信息与数字技术"",""计算机类""],""role_terms"":[""信息科技"",""信息系统"",""软硬件""],""reason"":""tech_major_and_role""},""original"":{""部门代码"":""154118"",""部门名称"":""国家金融监督管理总局湖南监管局"",""用人司局"":""国家金融监督管理总局娄底监管分局"",""机构性质"":""中央国家行政机关省级以下直属机构"",""招考职位"":""统计信息部门一级主任科员及以下"",""职位属性"":""金融监管计算机类职位"",""职位分布"":""其他职位"",""职位简介"":""主要从事信息科技风险监管、电子设备软硬件管理及信息系统运行维护等工作。"",""职位代码"":""300147009001"",""机构层级"":""市（地）级"",""考试类别"":""市（地）级及以下直属机构综合管理类"",""招考人数"":""1"",""专业"":""计算机类（不含物联网、数字媒体技术、空间信息与数字技术、新媒体技术、电影制作）"",""学历"":""仅限本科"",""学位"":""学士"",""政治面貌"":""不限"",""基层工作最低年限"":""无限制"",""服务基层项目工作经历"":""无限制"",""是否在面试阶段组织专业能力测试"":""否"",""面试人员比例"":""3:1"",""工作地点"":""湖南省娄底市娄星区"",""落户地点"":""湖南省娄底市娄星区"",""备注"":""1.应届高校毕业生；2.大学英语四级成绩425分及以上，并在外语水平一栏注明已获得的英语等级证书及成绩；3.有关专业考试信息请参见国家金融监督管理总局2024年度招考公告。"",""部门网站"":""http://www.cbirc.gov.cn/"",""咨询电话1"":""0731-82830426"",""咨询电话2"":""0731-82830698"",""咨询电话3"":""0731-82830863"",""来源Sheet"":""中央国家行政机关省级以下直属机构""}}"
"government_jobs","国家公务员2024招考简章","公务员/事业单位技术岗位","湖南省怀化市鹤城区","2026-07-28T09:12:58.310295+00:00","统计信息部门一级主任科员及以下","国家金融监督管理总局湖南监管局","","湖南省怀化市鹤城区","公务员/事业单位;2024;computer_software;electronics_communication;本科及以上;与最高学历相对应的学位;计算机类（大学本科不含物联网、数字媒体技术、空间信息与数字技术、新媒体技术、电影制作，研究生限计算机科学与技术、信息与通信工程、系统工程）;市（地）级及以下直属机构综合管理类","用人司局：国家金融监督管理总局怀化监管分局
职位简介：主要从事信息科技风险监管、电子设备软硬件管理及信息系统运行维护等工作。
专业要求：计算机类（大学本科不含物联网、数字媒体技术、空间信息与数字技术、新媒体技术、电影制作，研究生限计算机科学与技术、信息与通信工程、系统工程）
学历要求：本科及以上
学位要求：与最高学历相对应的学位
政治面貌：不限
基层工作经历：无限制
考试类别：市（地）级及以下直属机构综合管理类
备注：1.应届高校毕业生；2.大学英语四级成绩425分及以上，并在外语水平一栏注明已获得的英语等级证书及成绩；3.有关专业考试信息请参见国家金融监督管理总局2024年度招考公告。","https://www.xuanhan.gov.cn/xxgk-show-77635.html#154118-300147010001","2023-10-15","{""dataset_year"":2024,""job_uid"":""GOV-2024-154118-300147010001"",""publisher"":""国家公务员局"",""publication_page"":""https://www.xuanhan.gov.cn/xxgk-show-77635.html"",""attachment_url"":""https://www.xuanhan.gov.cn/uploadfile/1/Attachment/638fdecf51.zip"",""local_source_file"":""中央机关及其直属机构2024年度考试录用公务员招考简章.xls"",""local_source_sha256"":""a1741b99dbecd6d03e533f99f2d69b0fa5a79733e551b80af69986ceed2ad996"",""source_sheet"":""中央国家行政机关省级以下直属机构"",""filter_version"":""government_tech_v2"",""tech_filter"":{""is_tech"":true,""is_core_tech"":true,""scope"":""core"",""categories"":[""computer_software"",""electronics_communication""],""matched_fields"":[""major"",""description""],""major_terms"":[""信息与通信工程"",""数字媒体技术"",""空间信息与数字技术"",""计算机科学与技术"",""计算机类"",""通信工程""],""role_terms"":[""信息科技"",""信息系统"",""软硬件""],""reason"":""tech_major_and_role""},""original"":{""部门代码"":""154118"",""部门名称"":""国家金融监督管理总局湖南监管局"",""用人司局"":""国家金融监督管理总局怀化监管分局"",""机构性质"":""中央国家行政机关省级以下直属机构"",""招考职位"":""统计信息部门一级主任科员及以下"",""职位属性"":""金融监管计算机类职位"",""职位分布"":""其他职位"",""职位简介"":""主要从事信息科技风险监管、电子设备软硬件管理及信息系统运行维护等工作。"",""职位代码"":""300147010001"",""机构层级"":""市（地）级"",""考试类别"":""市（地）级及以下直属机构综合管理类"",""招考人数"":""1"",""专业"":""计算机类（大学本科不含物联网、数字媒体技术、空间信息与数字技术、新媒体技术、电影制作，研究生限计算机科学与技术、信息与通信工程、系统工程）"",""学历"":""本科及以上"",""学位"":""与最高学历相对应的学位"",""政治面貌"":""不限"",""基层工作最低年限"":""无限制"",""服务基层项目工作经历"":""无限制"",""是否在面试阶段组织专业能力测试"":""否"",""面试人员比例"":""3:1"",""工作地点"":""湖南省怀化市鹤城区"",""落户地点"":""湖南省怀化市鹤城区"",""备注"":""1.应届高校毕业生；2.大学英语四级成绩425分及以上，并在外语水平一栏注明已获得的英语等级证书及成绩；3.有关专业考试信息请参见国家金融监督管理总局2024年度招考公告。"",""部门网站"":""http://www.cbirc.gov.cn/"",""咨询电话1"":""0731-82830426"",""咨询电话2"":""0731-82830698"",""咨询电话3"":""0731-82830863"",""来源Sheet"":""中央国家行政机关省级以下直属机构""}}"
"government_jobs","国家公务员2024招考简章","公务员/事业单位技术岗位","湖南省郴州市苏仙区","2026-07-28T09:12:58.310295+00:00","统计信息部门一级主任科员及以下","国家金融监督管理总局湖南监管局","","湖南省郴州市苏仙区","公务员/事业单位;2024;computer_software;electronics_communication;本科及以上;与最高学历相对应的学位;计算机类（大学本科不含物联网、数字媒体技术、空间信息与数字技术、新媒体技术、电影制作，研究生限计算机科学与技术、信息与通信工程、系统工程）;市（地）级及以下直属机构综合管理类","用人司局：国家金融监督管理总局郴州监管分局
职位简介：主要从事信息科技风险监管、电子设备软硬件管理及信息系统运行维护等工作。
专业要求：计算机类（大学本科不含物联网、数字媒体技术、空间信息与数字技术、新媒体技术、电影制作，研究生限计算机科学与技术、信息与通信工程、系统工程）
学历要求：本科及以上
学位要求：与最高学历相对应的学位
政治面貌：不限
基层工作经历：无限制
考试类别：市（地）级及以下直属机构综合管理类
备注：1.应届高校毕业生；2.大学英语四级成绩425分及以上，并在外语水平一栏注明已获得的英语等级证书及成绩；3.有关专业考试信息请参见国家金融监督管理总局2024年度招考公告。","https://www.xuanhan.gov.cn/xxgk-show-77635.html#154118-300147011001","2023-10-15","{""dataset_year"":2024,""job_uid"":""GOV-2024-154118-300147011001"",""publisher"":""国家公务员局"",""publication_page"":""https://www.xuanhan.gov.cn/xxgk-show-77635.html"",""attachment_url"":""https://www.xuanhan.gov.cn/uploadfile/1/Attachment/638fdecf51.zip"",""local_source_file"":""中央机关及其直属机构2024年度考试录用公务员招考简章.xls"",""local_source_sha256"":""a1741b99dbecd6d03e533f99f2d69b0fa5a79733e551b80af69986ceed2ad996"",""source_sheet"":""中央国家行政机关省级以下直属机构"",""filter_version"":""government_tech_v2"",""tech_filter"":{""is_tech"":true,""is_core_tech"":true,""scope"":""core"",""categories"":[""computer_software"",""electronics_communication""],""matched_fields"":[""major"",""description""],""major_terms"":[""信息与通信工程"",""数字媒体技术"",""空间信息与数字技术"",""计算机科学与技术"",""计算机类"",""通信工程""],""role_terms"":[""信息科技"",""信息系统"",""软硬件""],""reason"":""tech_major_and_role""},""original"":{""部门代码"":""154118"",""部门名称"":""国家金融监督管理总局湖南监管局"",""用人司局"":""国家金融监督管理总局郴州监管分局"",""机构性质"":""中央国家行政机关省级以下直属机构"",""招考职位"":""统计信息部门一级主任科员及以下"",""职位属性"":""金融监管计算机类职位"",""职位分布"":""其他职位"",""职位简介"":""主要从事信息科技风险监管、电子设备软硬件管理及信息系统运行维护等工作。"",""职位代码"":""300147011001"",""机构层级"":""市（地）级"",""考试类别"":""市（地）级及以下直属机构综合管理类"",""招考人数"":""1"",""专业"":""计算机类（大学本科不含物联网、数字媒体技术、空间信息与数字技术、新媒体技术、电影制作，研究生限计算机科学与技术、信息与通信工程、系统工程）"",""学历"":""本科及以上"",""学位"":""与最高学历相对应的学位"",""政治面貌"":""不限"",""基层工作最低年限"":""无限制"",""服务基层项目工作经历"":""无限制"",""是否在面试阶段组织专业能力测试"":""否"",""面试人员比例"":""3:1"",""工作地点"":""湖南省郴州市苏仙区"",""落户地点"":""湖南省郴州市苏仙区"",""备注"":""1.应届高校毕业生；2.大学英语四级成绩425分及以上，并在外语水平一栏注明已获得的英语等级证书及成绩；3.有关专业考试信息请参见国家金融监督管理总局2024年度招考公告。"",""部门网站"":""http://www.cbirc.gov.cn/"",""咨询电话1"":""0731-82830426"",""咨询电话2"":""0731-82830698"",""咨询电话3"":""0731-82830863"",""来源Sheet"":""中央国家行政机关省级以下直属机构""}}"
"government_jobs","国家公务员2024招考简章","公务员/事业单位技术岗位","湖南省湘西土家族苗族自治州吉首市","2026-07-28T09:12:58.310295+00:00","统计信息部门一级主任科员及以下","国家金融监督管理总局湖南监管局","","湖南省湘西土家族苗族自治州吉首市","公务员/事业单位;2024;computer_software;electronics_communication;本科及以上;与最高学历相对应的学位;计算机类（大学本科不含物联网、数字媒体技术、空间信息与数字技术、新媒体技术、电影制作，研究生限计算机科学与技术、信息与通信工程、系统工程）;市（地）级及以下直属机构综合管理类","用人司局：国家金融监督管理总局湘西监管分局
职位简介：主要从事信息科技风险监管、电子设备软硬件管理及信息系统运行维护等工作。
专业要求：计算机类（大学本科不含物联网、数字媒体技术、空间信息与数字技术、新媒体技术、电影制作，研究生限计算机科学与技术、信息与通信工程、系统工程）
学历要求：本科及以上
学位要求：与最高学历相对应的学位
政治面貌：不限
基层工作经历：无限制
考试类别：市（地）级及以下直属机构综合管理类
备注：1.大学英语四级成绩425分及以上，并在外语水平一栏注明已获得的英语等级证书及成绩；2.有关专业考试信息请参见国家金融监督管理总局2024年度招考公告。","https://www.xuanhan.gov.cn/xxgk-show-77635.html#154118-300147013001","2023-10-15","{""dataset_year"":2024,""job_uid"":""GOV-2024-154118-300147013001"",""publisher"":""国家公务员局"",""publication_page"":""https://www.xuanhan.gov.cn/xxgk-show-77635.html"",""attachment_url"":""https://www.xuanhan.gov.cn/uploadfile/1/Attachment/638fdecf51.zip"",""local_source_file"":""中央机关及其直属机构2024年度考试录用公务员招考简章.xls"",""local_source_sha256"":""a1741b99dbecd6d03e533f99f2d69b0fa5a79733e551b80af69986ceed2ad996"",""source_sheet"":""中央国家行政机关省级以下直属机构"",""filter_version"":""government_tech_v2"",""tech_filter"":{""is_tech"":true,""is_core_tech"":true,""scope"":""core"",""categories"":[""computer_software"",""electronics_communication""],""matched_fields"":[""major"",""description""],""major_terms"":[""信息与通信工程"",""数字媒体技术"",""空间信息与数字技术"",""计算机科学与技术"",""计算机类"",""通信工程""],""role_terms"":[""信息科技"",""信息系统"",""软硬件""],""reason"":""tech_major_and_role""},""original"":{""部门代码"":""154118"",""部门名称"":""国家金融监督管理总局湖南监管局"",""用人司局"":""国家金融监督管理总局湘西监管分局"",""机构性质"":""中央国家行政机关省级以下直属机构"",""招考职位"":""统计信息部门一级主任科员及以下"",""职位属性"":""金融监管计算机类职位"",""职位分布"":""其他职位"",""职位简介"":""主要从事信息科技风险监管、电子设备软硬件管理及信息系统运行维护等工作。"",""职位代码"":""300147013001"",""机构层级"":""市（地）级"",""考试类别"":""市（地）级及以下直属机构综合管理类"",""招考人数"":""1"",""专业"":""计算机类（大学本科不含物联网、数字媒体技术、空间信息与数字技术、新媒体技术、电影制作，研究生限计算机科学与技术、信息与通信工程、系统工程）"",""学历"":""本科及以上"",""学位"":""与最高学历相对应的学位"",""政治面貌"":""不限"",""基层工作最低年限"":""无限制"",""服务基层项目工作经历"":""无限制"",""是否在面试阶段组织专业能力测试"":""否"",""面试人员比例"":""3:1"",""工作地点"":""湖南省湘西土家族苗族自治州吉首市"",""落户地点"":""湖南省湘西土家族苗族自治州吉首市"",""备注"":""1.大学英语四级成绩425分及以上，并在外语水平一栏注明已获得的英语等级证书及成绩；2.有关专业考试信息请参见国家金融监督管理总局2024年度招考公告。"",""部门网站"":""http://www.cbirc.gov.cn/"",""咨询电话1"":""0731-82830426"",""咨询电话2"":""0731-82830698"",""咨询电话3"":""0731-82830863"",""来源Sheet"":""中央国家行政机关省级以下直属机构""}}"
"government_jobs","国家公务员2024招考简章","公务员/事业单位技术岗位","广东省广州市","2026-07-28T09:12:58.310295+00:00","统计信息部门一级主任科员及以下","国家金融监督管理总局广东监管局","","广东省广州市","公务员/事业单位;2024;computer_software;硕士研究生及以上;与最高学历相对应的学位;计算机类;中央机关及其省级直属机构综合管理类","用人司局：国家金融监督管理总局广东监管局
职位简介：主要从事信息科技风险监管、电子设备软硬件管理及信息系统运行维护等工作。
专业要求：计算机类
学历要求：硕士研究生及以上
学位要求：与最高学历相对应的学位
政治面貌：不限
基层工作经历：无限制
考试类别：中央机关及其省级直属机构综合管理类
备注：1.大学英语六级成绩425分及以上，并在外语水平一栏注明已获得的英语等级证书及成绩；2.有关专业考试信息参见国家金融监督管理总局2024年度招考公告。","https://www.xuanhan.gov.cn/xxgk-show-77635.html#154119-300147100001","2023-10-15","{""dataset_year"":2024,""job_uid"":""GOV-2024-154119-300147100001"",""publisher"":""国家公务员局"",""publication_page"":""https://www.xuanhan.gov.cn/xxgk-show-77635.html"",""attachment_url"":""https://www.xuanhan.gov.cn/uploadfile/1/Attachment/638fdecf51.zip"",""local_source_file"":""中央机关及其直属机构2024年度考试录用公务员招考简章.xls"",""local_source_sha256"":""a1741b99dbecd6d03e533f99f2d69b0fa5a79733e551b80af69986ceed2ad996"",""source_sheet"":""中央国家行政机关省级以下直属机构"",""filter_version"":""government_tech_v2"",""tech_filter"":{""is_tech"":true,""is_core_tech"":true,""scope"":""core"",""categories"":[""computer_software""],""matched_fields"":[""major"",""description""],""major_terms"":[""计算机类""],""role_terms"":[""信息科技"",""信息系统"",""软硬件""],""reason"":""tech_major_and_role""},""original"":{""部门代码"":""154119"",""部门名称"":""国家金融监督管理总局广东监管局"",""用人司局"":""国家金融监督管理总局广东监管局"",""机构性质"":""中央国家行政机关省级以下直属机构"",""招考职位"":""统计信息部门一级主任科员及以下"",""职位属性"":""金融监管计算机类职位"",""职位分布"":""其他职位"",""职位简介"":""主要从事信息科技风险监管、电子设备软硬件管理及信息系统运行维护等工作。"",""职位代码"":""300147100001"",""机构层级"":""省（副省）级"",""考试类别"":""中央机关及其省级直属机构综合管理类"",""招考人数"":""3"",""专业"":""计算机类"",""学历"":""硕士研究生及以上"",""学位"":""与最高学历相对应的学位"",""政治面貌"":""不限"",""基层工作最低年限"":""无限制"",""服务基层项目工作经历"":""无限制"",""是否在面试阶段组织专业能力测试"":""否"",""面试人员比例"":""4:1"",""工作地点"":""广东省广州市"",""落户地点"":""广东省广州市"",""备注"":""1.大学英语六级成绩425分及以上，并在外语水平一栏注明已获得的英语等级证书及成绩；2.有关专业考试信息参见国家金融监督管理总局2024年度招考公告。"",""部门网站"":""http://www.cbirc.gov.cn/"",""咨询电话1"":""020-83180132"",""咨询电话2"":""020-83180121"",""咨询电话3"":"""",""来源Sheet"":""中央国家行政机关省级以下直属机构""}}"
"government_jobs","国家公务员2024招考简章","公务员/事业单位技术岗位","广东省韶关市","2026-07-28T09:12:58.310295+00:00","统计信息部门一级主任科员及以下","国家金融监督管理总局广东监管局","","广东省韶关市","公务员/事业单位;2024;computer_software;仅限本科;学士;计算机类;市（地）级及以下直属机构综合管理类","用人司局：国家金融监督管理总局韶关监管分局
职位简介：主要从事信息科技风险监管、电子设备软硬件管理及信息系统运行维护等工作。
专业要求：计算机类
学历要求：仅限本科
学位要求：学士
政治面貌：不限
基层工作经历：无限制
考试类别：市（地）级及以下直属机构综合管理类
备注：1.应届高校毕业生；2.大学英语四级成绩425分及以上，并在外语水平一栏注明已获得的英语等级证书及成绩；3.有关专业考试信息参见国家金融监督管理总局2024年度招考公告。","https://www.xuanhan.gov.cn/xxgk-show-77635.html#154119-300147205001","2023-10-15","{""dataset_year"":2024,""job_uid"":""GOV-2024-154119-300147205001"",""publisher"":""国家公务员局"",""publication_page"":""https://www.xuanhan.gov.cn/xxgk-show-77635.html"",""attachment_url"":""https://www.xuanhan.gov.cn/uploadfile/1/Attachment/638fdecf51.zip"",""local_source_file"":""中央机关及其直属机构2024年度考试录用公务员招考简章.xls"",""local_source_sha256"":""a1741b99dbecd6d03e533f99f2d69b0fa5a79733e551b80af69986ceed2ad996"",""source_sheet"":""中央国家行政机关省级以下直属机构"",""filter_version"":""government_tech_v2"",""tech_filter"":{""is_tech"":true,""is_core_tech"":true,""scope"":""core"",""categories"":[""computer_software""],""matched_fields"":[""major"",""description""],""major_terms"":[""计算机类""],""role_terms"":[""信息科技"",""信息系统"",""软硬件""],""reason"":""tech_major_and_role""},""original"":{""部门代码"":""154119"",""部门名称"":""国家金融监督管理总局广东监管局"",""用人司局"":""国家金融监督管理总局韶关监管分局"",""机构性质"":""中央国家行政机关省级以下直属机构"",""招考职位"":""统计信息部门一级主任科员及以下"",""职位属性"":""金融监管计算机类职位"",""职位分布"":""其他职位"",""职位简介"":""主要从事信息科技风险监管、电子设备软硬件管理及信息系统运行维护等工作。"",""职位代码"":""300147205001"",""机构层级"":""市（地）级"",""考试类别"":""市（地）级及以下直属机构综合管理类"",""招考人数"":""1"",""专业"":""计算机类"",""学历"":""仅限本科"",""学位"":""学士"",""政治面貌"":""不限"",""基层工作最低年限"":""无限制"",""服务基层项目工作经历"":""无限制"",""是否在面试阶段组织专业能力测试"":""否"",""面试人员比例"":""3:1"",""工作地点"":""广东省韶关市"",""落户地点"":""广东省韶关市"",""备注"":""1.应届高校毕业生；2.大学英语四级成绩425分及以上，并在外语水平一栏注明已获得的英语等级证书及成绩；3.有关专业考试信息参见国家金融监督管理总局2024年度招考公告。"",""部门网站"":""http://www.cbirc.gov.cn/"",""咨询电话1"":""020-83180132"",""咨询电话2"":""020-83180121"",""咨询电话3"":"""",""来源Sheet"":""中央国家行政机关省级以下直属机构""}}"
"government_jobs","国家公务员2024招考简章","公务员/事业单位技术岗位","广东省惠州市","2026-07-28T09:12:58.310295+00:00","统计信息部门一级主任科员及以下","国家金融监督管理总局广东监管局","","广东省惠州市","公务员/事业单位;2024;computer_software;本科或硕士研究生;与最高学历相对应的学位;计算机类;市（地）级及以下直属机构综合管理类","用人司局：国家金融监督管理总局惠州监管分局
职位简介：主要从事信息科技风险监管、电子设备软硬件管理及信息系统运行维护等工作。
专业要求：计算机类
学历要求：本科或硕士研究生
学位要求：与最高学历相对应的学位
政治面貌：不限
基层工作经历：无限制
考试类别：市（地）级及以下直属机构综合管理类
备注：1.应届高校毕业生；2.本科学历大学英语四级成绩425分及以上，研究生学历大学英语六级成绩425分及以上，并在外语水平一栏注明已获得的英语等级证书及成绩；3.有关专业考试信息参见国家金融监督管理总局2024年度招考公告。","https://www.xuanhan.gov.cn/xxgk-show-77635.html#154119-300147208001","2023-10-15","{""dataset_year"":2024,""job_uid"":""GOV-2024-154119-300147208001"",""publisher"":""国家公务员局"",""publication_page"":""https://www.xuanhan.gov.cn/xxgk-show-77635.html"",""attachment_url"":""https://www.xuanhan.gov.cn/uploadfile/1/Attachment/638fdecf51.zip"",""local_source_file"":""中央机关及其直属机构2024年度考试录用公务员招考简章.xls"",""local_source_sha256"":""a1741b99dbecd6d03e533f99f2d69b0fa5a79733e551b80af69986ceed2ad996"",""source_sheet"":""中央国家行政机关省级以下直属机构"",""filter_version"":""government_tech_v2"",""tech_filter"":{""is_tech"":true,""is_core_tech"":true,""scope"":""core"",""categories"":[""computer_software""],""matched_fields"":[""major"",""description""],""major_terms"":[""计算机类""],""role_terms"":[""信息科技"",""信息系统"",""软硬件""],""reason"":""tech_major_and_role""},""original"":{""部门代码"":""154119"",""部门名称"":""国家金融监督管理总局广东监管局"",""用人司局"":""国家金融监督管理总局惠州监管分局"",""机构性质"":""中央国家行政机关省级以下直属机构"",""招考职位"":""统计信息部门一级主任科员及以下"",""职位属性"":""金融监管计算机类职位"",""职位分布"":""其他职位"",""职位简介"":""主要从事信息科技风险监管、电子设备软硬件管理及信息系统运行维护等工作。"",""职位代码"":""300147208001"",""机构层级"":""市（地）级"",""考试类别"":""市（地）级及以下直属机构综合管理类"",""招考人数"":""1"",""专业"":""计算机类"",""学历"":""本科或硕士研究生"",""学位"":""与最高学历相对应的学位"",""政治面貌"":""不限"",""基层工作最低年限"":""无限制"",""服务基层项目工作经历"":""无限制"",""是否在面试阶段组织专业能力测试"":""否"",""面试人员比例"":""3:1"",""工作地点"":""广东省惠州市"",""落户地点"":""广东省惠州市"",""备注"":""1.应届高校毕业生；2.本科学历大学英语四级成绩425分及以上，研究生学历大学英语六级成绩425分及以上，并在外语水平一栏注明已获得的英语等级证书及成绩；3.有关专业考试信息参见国家金融监督管理总局2024年度招考公告。"",""部门网站"":""http://www.cbirc.gov.cn/"",""咨询电话1"":""020-83180132"",""咨询电话2"":""020-83180121"",""咨询电话3"":"""",""来源Sheet"":""中央国家行政机关省级以下直属机构""}}"
"government_jobs","国家公务员2024招考简章","公务员/事业单位技术岗位","广东省江门市","2026-07-28T09:12:58.310295+00:00","统计信息部门一级主任科员及以下","国家金融监督管理总局广东监管局","","广东省江门市","公务员/事业单位;2024;computer_software;本科或硕士研究生;与最高学历相对应的学位;计算机类;市（地）级及以下直属机构综合管理类","用人司局：国家金融监督管理总局江门监管分局
职位简介：主要从事信息科技风险监管、电子设备软硬件管理及信息系统运行维护等工作。
专业要求：计算机类
学历要求：本科或硕士研究生
学位要求：与最高学历相对应的学位
政治面貌：不限
基层工作经历：无限制
考试类别：市（地）级及以下直属机构综合管理类
备注：1.应届高校毕业生；2.本科学历大学英语四级成绩425分及以上，研究生学历大学英语六级成绩425分及以上，并在外语水平一栏注明已获得的英语等级证书及成绩；3.有关专业考试信息参见国家金融监督管理总局2024年度招考公告。","https://www.xuanhan.gov.cn/xxgk-show-77635.html#154119-300147212001","2023-10-15","{""dataset_year"":2024,""job_uid"":""GOV-2024-154119-300147212001"",""publisher"":""国家公务员局"",""publication_page"":""https://www.xuanhan.gov.cn/xxgk-show-77635.html"",""attachment_url"":""https://www.xuanhan.gov.cn/uploadfile/1/Attachment/638fdecf51.zip"",""local_source_file"":""中央机关及其直属机构2024年度考试录用公务员招考简章.xls"",""local_source_sha256"":""a1741b99dbecd6d03e533f99f2d69b0fa5a79733e551b80af69986ceed2ad996"",""source_sheet"":""中央国家行政机关省级以下直属机构"",""filter_version"":""government_tech_v2"",""tech_filter"":{""is_tech"":true,""is_core_tech"":true,""scope"":""core"",""categories"":[""computer_software""],""matched_fields"":[""major"",""description""],""major_terms"":[""计算机类""],""role_terms"":[""信息科技"",""信息系统"",""软硬件""],""reason"":""tech_major_and_role""},""original"":{""部门代码"":""154119"",""部门名称"":""国家金融监督管理总局广东监管局"",""用人司局"":""国家金融监督管理总局江门监管分局"",""机构性质"":""中央国家行政机关省级以下直属机构"",""招考职位"":""统计信息部门一级主任科员及以下"",""职位属性"":""金融监管计算机类职位"",""职位分布"":""其他职位"",""职位简介"":""主要从事信息科技风险监管、电子设备软硬件管理及信息系统运行维护等工作。"",""职位代码"":""300147212001"",""机构层级"":""市（地）级"",""考试类别"":""市（地）级及以下直属机构综合管理类"",""招考人数"":""1"",""专业"":""计算机类"",""学历"":""本科或硕士研究生"",""学位"":""与最高学历相对应的学位"",""政治面貌"":""不限"",""基层工作最低年限"":""无限制"",""服务基层项目工作经历"":""无限制"",""是否在面试阶段组织专业能力测试"":""否"",""面试人员比例"":""3:1"",""工作地点"":""广东省江门市"",""落户地点"":""广东省江门市"",""备注"":""1.应届高校毕业生；2.本科学历大学英语四级成绩425分及以上，研究生学历大学英语六级成绩425分及以上，并在外语水平一栏注明已获得的英语等级证书及成绩；3.有关专业考试信息参见国家金融监督管理总局2024年度招考公告。"",""部门网站"":""http://www.cbirc.gov.cn/"",""咨询电话1"":""020-83180132"",""咨询电话2"":""020-83180121"",""咨询电话3"":"""",""来源Sheet"":""中央国家行政机关省级以下直属机构""}}"
"government_jobs","国家公务员2024招考简章","公务员/事业单位技术岗位","广东省佛山市","2026-07-28T09:12:58.310295+00:00","统计信息部门一级主任科员及以下","国家金融监督管理总局广东监管局","","广东省佛山市","公务员/事业单位;2024;computer_software;本科或硕士研究生;与最高学历相对应的学位;计算机类;市（地）级及以下直属机构综合管理类","用人司局：国家金融监督管理总局佛山监管分局
职位简介：主要从事信息科技风险监管、电子设备软硬件管理及信息系统运行维护等工作。
专业要求：计算机类
学历要求：本科或硕士研究生
学位要求：与最高学历相对应的学位
政治面貌：不限
基层工作经历：无限制
考试类别：市（地）级及以下直属机构综合管理类
备注：1.应届高校毕业生；2.最低服务年限5年（含试用期）；3.本科学历大学英语四级成绩425分及以上，研究生学历大学英语六级成绩425分及以上，并在外语水平一栏注明已获得的英语等级证书及成绩；4.有关专业考试信息参见国家金融监督管理总局2024年度招考公告。","https://www.xuanhan.gov.cn/xxgk-show-77635.html#154119-300147213001","2023-10-15","{""dataset_year"":2024,""job_uid"":""GOV-2024-154119-300147213001"",""publisher"":""国家公务员局"",""publication_page"":""https://www.xuanhan.gov.cn/xxgk-show-77635.html"",""attachment_url"":""https://www.xuanhan.gov.cn/uploadfile/1/Attachment/638fdecf51.zip"",""local_source_file"":""中央机关及其直属机构2024年度考试录用公务员招考简章.xls"",""local_source_sha256"":""a1741b99dbecd6d03e533f99f2d69b0fa5a79733e551b80af69986ceed2ad996"",""source_sheet"":""中央国家行政机关省级以下直属机构"",""filter_version"":""government_tech_v2"",""tech_filter"":{""is_tech"":true,""is_core_tech"":true,""scope"":""core"",""categories"":[""computer_software""],""matched_fields"":[""major"",""description""],""major_terms"":[""计算机类""],""role_terms"":[""信息科技"",""信息系统"",""软硬件""],""reason"":""tech_major_and_role""},""original"":{""部门代码"":""154119"",""部门名称"":""国家金融监督管理总局广东监管局"",""用人司局"":""国家金融监督管理总局佛山监管分局"",""机构性质"":""中央国家行政机关省级以下直属机构"",""招考职位"":""统计信息部门一级主任科员及以下"",""职位属性"":""金融监管计算机类职位"",""职位分布"":""其他职位"",""职位简介"":""主要从事信息科技风险监管、电子设备软硬件管理及信息系统运行维护等工作。"",""职位代码"":""300147213001"",""机构层级"":""市（地）级"",""考试类别"":""市（地）级及以下直属机构综合管理类"",""招考人数"":""1"",""专业"":""计算机类"",""学历"":""本科或硕士研究生"",""学位"":""与最高学历相对应的学位"",""政治面貌"":""不限"",""基层工作最低年限"":""无限制"",""服务基层项目工作经历"":""无限制"",""是否在面试阶段组织专业能力测试"":""否"",""面试人员比例"":""3:1"",""工作地点"":""广东省佛山市"",""落户地点"":""广东省佛山市"",""备注"":""1.应届高校毕业生；2.最低服务年限5年（含试用期）；3.本科学历大学英语四级成绩425分及以上，研究生学历大学英语六级成绩425分及以上，并在外语水平一栏注明已获得的英语等级证书及成绩；4.有关专业考试信息参见国家金融监督管理总局2024年度招考公告。"",""部门网站"":""http://www.cbirc.gov.cn/"",""咨询电话1"":""020-83180132"",""咨询电话2"":""020-83180121"",""咨询电话3"":"""",""来源Sheet"":""中央国家行政机关省级以下直属机构""}}"
"government_jobs","国家公务员2024招考简章","公务员/事业单位技术岗位","广东省湛江市","2026-07-28T09:12:58.310295+00:00","统计信息部门一级主任科员及以下","国家金融监督管理总局广东监管局","","广东省湛江市","公务员/事业单位;2024;computer_software;仅限本科;学士;计算机类;市（地）级及以下直属机构综合管理类","用人司局：国家金融监督管理总局湛江监管分局
职位简介：主要从事信息科技风险监管、电子设备软硬件管理及信息系统运行维护等工作。
专业要求：计算机类
学历要求：仅限本科
学位要求：学士
政治面貌：不限
基层工作经历：无限制
考试类别：市（地）级及以下直属机构综合管理类
备注：1.应届高校毕业生；2.大学英语四级成绩425分及以上，并在外语水平一栏注明已获得的英语等级证书及成绩；3.有关专业考试信息参见国家金融监督管理总局2024年度招考公告。","https://www.xuanhan.gov.cn/xxgk-show-77635.html#154119-300147215001","2023-10-15","{""dataset_year"":2024,""job_uid"":""GOV-2024-154119-300147215001"",""publisher"":""国家公务员局"",""publication_page"":""https://www.xuanhan.gov.cn/xxgk-show-77635.html"",""attachment_url"":""https://www.xuanhan.gov.cn/uploadfile/1/Attachment/638fdecf51.zip"",""local_source_file"":""中央机关及其直属机构2024年度考试录用公务员招考简章.xls"",""local_source_sha256"":""a1741b99dbecd6d03e533f99f2d69b0fa5a79733e551b80af69986ceed2ad996"",""source_sheet"":""中央国家行政机关省级以下直属机构"",""filter_version"":""government_tech_v2"",""tech_filter"":{""is_tech"":true,""is_core_tech"":true,""scope"":""core"",""categories"":[""computer_software""],""matched_fields"":[""major"",""description""],""major_terms"":[""计算机类""],""role_terms"":[""信息科技"",""信息系统"",""软硬件""],""reason"":""tech_major_and_role""},""original"":{""部门代码"":""154119"",""部门名称"":""国家金融监督管理总局广东监管局"",""用人司局"":""国家金融监督管理总局湛江监管分局"",""机构性质"":""中央国家行政机关省级以下直属机构"",""招考职位"":""统计信息部门一级主任科员及以下"",""职位属性"":""金融监管计算机类职位"",""职位分布"":""其他职位"",""职位简介"":""主要从事信息科技风险监管、电子设备软硬件管理及信息系统运行维护等工作。"",""职位代码"":""300147215001"",""机构层级"":""市（地）级"",""考试类别"":""市（地）级及以下直属机构综合管理类"",""招考人数"":""1"",""专业"":""计算机类"",""学历"":""仅限本科"",""学位"":""学士"",""政治面貌"":""不限"",""基层工作最低年限"":""无限制"",""服务基层项目工作经历"":""无限制"",""是否在面试阶段组织专业能力测试"":""否"",""面试人员比例"":""3:1"",""工作地点"":""广东省湛江市"",""落户地点"":""广东省湛江市"",""备注"":""1.应届高校毕业生；2.大学英语四级成绩425分及以上，并在外语水平一栏注明已获得的英语等级证书及成绩；3.有关专业考试信息参见国家金融监督管理总局2024年度招考公告。"",""部门网站"":""http://www.cbirc.gov.cn/"",""咨询电话1"":""020-83180132"",""咨询电话2"":""020-83180121"",""咨询电话3"":"""",""来源Sheet"":""中央国家行政机关省级以下直属机构""}}"
"government_jobs","国家公务员2024招考简章","公务员/事业单位技术岗位","广东省清远市","2026-07-28T09:12:58.310295+00:00","统计信息部门一级主任科员及以下","国家金融监督管理总局广东监管局","","广东省清远市","公务员/事业单位;2024;computer_software;仅限本科;学士;计算机类;市（地）级及以下直属机构综合管理类","用人司局：国家金融监督管理总局清远监管分局
职位简介：主要从事信息科技风险监管、电子设备软硬件管理及信息系统运行维护等工作。
专业要求：计算机类
学历要求：仅限本科
学位要求：学士
政治面貌：不限
基层工作经历：无限制
考试类别：市（地）级及以下直属机构综合管理类
备注：1.应届高校毕业生；2.本单位最低服务年限为5年（含试用期）；3.大学英语四级成绩425分及以上，并在外语水平一栏注明已获得的英语等级证书及成绩；4.有关专业考试信息参见国家金融监督管理总局2024年度招考公告。","https://www.xuanhan.gov.cn/xxgk-show-77635.html#154119-300147217001","2023-10-15","{""dataset_year"":2024,""job_uid"":""GOV-2024-154119-300147217001"",""publisher"":""国家公务员局"",""publication_page"":""https://www.xuanhan.gov.cn/xxgk-show-77635.html"",""attachment_url"":""https://www.xuanhan.gov.cn/uploadfile/1/Attachment/638fdecf51.zip"",""local_source_file"":""中央机关及其直属机构2024年度考试录用公务员招考简章.xls"",""local_source_sha256"":""a1741b99dbecd6d03e533f99f2d69b0fa5a79733e551b80af69986ceed2ad996"",""source_sheet"":""中央国家行政机关省级以下直属机构"",""filter_version"":""government_tech_v2"",""tech_filter"":{""is_tech"":true,""is_core_tech"":true,""scope"":""core"",""categories"":[""computer_software""],""matched_fields"":[""major"",""description""],""major_terms"":[""计算机类""],""role_terms"":[""信息科技"",""信息系统"",""软硬件""],""reason"":""tech_major_and_role""},""original"":{""部门代码"":""154119"",""部门名称"":""国家金融监督管理总局广东监管局"",""用人司局"":""国家金融监督管理总局清远监管分局"",""机构性质"":""中央国家行政机关省级以下直属机构"",""招考职位"":""统计信息部门一级主任科员及以下"",""职位属性"":""金融监管计算机类职位"",""职位分布"":""其他职位"",""职位简介"":""主要从事信息科技风险监管、电子设备软硬件管理及信息系统运行维护等工作。"",""职位代码"":""300147217001"",""机构层级"":""市（地）级"",""考试类别"":""市（地）级及以下直属机构综合管理类"",""招考人数"":""1"",""专业"":""计算机类"",""学历"":""仅限本科"",""学位"":""学士"",""政治面貌"":""不限"",""基层工作最低年限"":""无限制"",""服务基层项目工作经历"":""无限制"",""是否在面试阶段组织专业能力测试"":""否"",""面试人员比例"":""3:1"",""工作地点"":""广东省清远市"",""落户地点"":""广东省清远市"",""备注"":""1.应届高校毕业生；2.本单位最低服务年限为5年（含试用期）；3.大学英语四级成绩425分及以上，并在外语水平一栏注明已获得的英语等级证书及成绩；4.有关专业考试信息参见国家金融监督管理总局2024年度招考公告。"",""部门网站"":""http://www.cbirc.gov.cn/"",""咨询电话1"":""020-83180132"",""咨询电话2"":""020-83180121"",""咨询电话3"":"""",""来源Sheet"":""中央国家行政机关省级以下直属机构""}}"
"government_jobs","国家公务员2024招考简章","公务员/事业单位技术岗位","广东省肇庆市","2026-07-28T09:12:58.310295+00:00","统计信息部门一级主任科员及以下","国家金融监督管理总局广东监管局","","广东省肇庆市","公务员/事业单位;2024;computer_software;本科及以上;与最高学历相对应的学位;计算机类;市（地）级及以下直属机构综合管理类","用人司局：国家金融监督管理总局肇庆监管分局
职位简介：主要从事信息科技风险监管、电子设备软硬件管理及信息系统运行维护等工作。
专业要求：计算机类
学历要求：本科及以上
学位要求：与最高学历相对应的学位
政治面貌：不限
基层工作经历：无限制
考试类别：市（地）级及以下直属机构综合管理类
备注：1.应届高校毕业生；2.本科学历大学英语四级成绩425分及以上，研究生学历大学英语六级成绩425分及以上，并在外语水平一栏注明已获得的英语等级证书及成绩；3.有关专业考试信息参见国家金融监督管理总局2024年度招考公告。","https://www.xuanhan.gov.cn/xxgk-show-77635.html#154119-300147218001","2023-10-15","{""dataset_year"":2024,""job_uid"":""GOV-2024-154119-300147218001"",""publisher"":""国家公务员局"",""publication_page"":""https://www.xuanhan.gov.cn/xxgk-show-77635.html"",""attachment_url"":""https://www.xuanhan.gov.cn/uploadfile/1/Attachment/638fdecf51.zip"",""local_source_file"":""中央机关及其直属机构2024年度考试录用公务员招考简章.xls"",""local_source_sha256"":""a1741b99dbecd6d03e533f99f2d69b0fa5a79733e551b80af69986ceed2ad996"",""source_sheet"":""中央国家行政机关省级以下直属机构"",""filter_version"":""government_tech_v2"",""tech_filter"":{""is_tech"":true,""is_core_tech"":true,""scope"":""core"",""categories"":[""computer_software""],""matched_fields"":[""major"",""description""],""major_terms"":[""计算机类""],""role_terms"":[""信息科技"",""信息系统"",""软硬件""],""reason"":""tech_major_and_role""},""original"":{""部门代码"":""154119"",""部门名称"":""国家金融监督管理总局广东监管局"",""用人司局"":""国家金融监督管理总局肇庆监管分局"",""机构性质"":""中央国家行政机关省级以下直属机构"",""招考职位"":""统计信息部门一级主任科员及以下"",""职位属性"":""金融监管计算机类职位"",""职位分布"":""其他职位"",""职位简介"":""主要从事信息科技风险监管、电子设备软硬件管理及信息系统运行维护等工作。"",""职位代码"":""300147218001"",""机构层级"":""市（地）级"",""考试类别"":""市（地）级及以下直属机构综合管理类"",""招考人数"":""1"",""专业"":""计算机类"",""学历"":""本科及以上"",""学位"":""与最高学历相对应的学位"",""政治面貌"":""不限"",""基层工作最低年限"":""无限制"",""服务基层项目工作经历"":""无限制"",""是否在面试阶段组织专业能力测试"":""否"",""面试人员比例"":""3:1"",""工作地点"":""广东省肇庆市"",""落户地点"":""广东省肇庆市"",""备注"":""1.应届高校毕业生；2.本科学历大学英语四级成绩425分及以上，研究生学历大学英语六级成绩425分及以上，并在外语水平一栏注明已获得的英语等级证书及成绩；3.有关专业考试信息参见国家金融监督管理总局2024年度招考公告。"",""部门网站"":""http://www.cbirc.gov.cn/"",""咨询电话1"":""020-83180132"",""咨询电话2"":""020-83180121"",""咨询电话3"":"""",""来源Sheet"":""中央国家行政机关省级以下直属机构""}}"
"government_jobs","国家公务员2024招考简章","公务员/事业单位技术岗位","广东省江门市台山市","2026-07-28T09:12:58.310295+00:00","统计信息部门一级主任科员及以下","国家金融监督管理总局广东监管局","","广东省江门市台山市","公务员/事业单位;2024;computer_software;仅限本科;学士;计算机类;市（地）级及以下直属机构综合管理类","用人司局：国家金融监督管理总局江门监管分局台山县级派出机构
职位简介：主要从事信息科技风险监管、电子设备软硬件管理及信息系统运行维护等工作。
专业要求：计算机类
学历要求：仅限本科
学位要求：学士
政治面貌：不限
基层工作经历：无限制
考试类别：市（地）级及以下直属机构综合管理类
备注：1.应届高校毕业生；2.大学英语四级成绩425分及以上，并在外语水平一栏注明已获得的英语等级证书及成绩；3.有关专业考试信息参见国家金融监督管理总局2024年度招考公告。","https://www.xuanhan.gov.cn/xxgk-show-77635.html#154119-300147309001","2023-10-15","{""dataset_year"":2024,""job_uid"":""GOV-2024-154119-300147309001"",""publisher"":""国家公务员局"",""publication_page"":""https://www.xuanhan.gov.cn/xxgk-show-77635.html"",""attachment_url"":""https://www.xuanhan.gov.cn/uploadfile/1/Attachment/638fdecf51.zip"",""local_source_file"":""中央机关及其直属机构2024年度考试录用公务员招考简章.xls"",""local_source_sha256"":""a1741b99dbecd6d03e533f99f2d69b0fa5a79733e551b80af69986ceed2ad996"",""source_sheet"":""中央国家行政机关省级以下直属机构"",""filter_version"":""government_tech_v2"",""tech_filter"":{""is_tech"":true,""is_core_tech"":true,""scope"":""core"",""categories"":[""computer_software""],""matched_fields"":[""major"",""description""],""major_terms"":[""计算机类""],""role_terms"":[""信息科技"",""信息系统"",""软硬件""],""reason"":""tech_major_and_role""},""original"":{""部门代码"":""154119"",""部门名称"":""国家金融监督管理总局广东监管局"",""用人司局"":""国家金融监督管理总局江门监管分局台山县级派出机构"",""机构性质"":""中央国家行政机关省级以下直属机构"",""招考职位"":""统计信息部门一级主任科员及以下"",""职位属性"":""金融监管计算机类职位"",""职位分布"":""其他职位"",""职位简介"":""主要从事信息科技风险监管、电子设备软硬件管理及信息系统运行维护等工作。"",""职位代码"":""300147309001"",""机构层级"":""县（区）级及以下"",""考试类别"":""市（地）级及以下直属机构综合管理类"",""招考人数"":""1"",""专业"":""计算机类"",""学历"":""仅限本科"",""学位"":""学士"",""政治面貌"":""不限"",""基层工作最低年限"":""无限制"",""服务基层项目工作经历"":""无限制"",""是否在面试阶段组织专业能力测试"":""否"",""面试人员比例"":""3:1"",""工作地点"":""广东省江门市台山市"",""落户地点"":""广东省江门市台山市"",""备注"":""1.应届高校毕业生；2.大学英语四级成绩425分及以上，并在外语水平一栏注明已获得的英语等级证书及成绩；3.有关专业考试信息参见国家金融监督管理总局2024年度招考公告。"",""部门网站"":""http://www.cbirc.gov.cn/"",""咨询电话1"":""020-83180132"",""咨询电话2"":""020-83180121"",""咨询电话3"":"""",""来源Sheet"":""中央国家行政机关省级以下直属机构""}}"
"government_jobs","国家公务员2024招考简章","公务员/事业单位技术岗位","广西壮族自治区南宁市","2026-07-28T09:12:58.310295+00:00","统计信息部门一级主任科员及以下","国家金融监督管理总局广西监管局","","广西壮族自治区南宁市","公务员/事业单位;2024;computer_software;cybersecurity_cryptography;仅限硕士研究生;硕士;计算机科学与技术、软件工程、网络工程、信息安全;中央机关及其省级直属机构综合管理类","用人司局：国家金融监督管理总局广西监管局
职位简介：主要从事信息科技风险监管、电子设备软硬件管理及信息系统运行维护等工作。
专业要求：计算机科学与技术、软件工程、网络工程、信息安全
学历要求：仅限硕士研究生
学位要求：硕士
政治面貌：不限
基层工作经历：无限制
考试类别：中央机关及其省级直属机构综合管理类
备注：1.大学英语六级成绩425分及以上；请考生在“外语水平”栏详细填写已获得的语种、等级及成绩；2.最低服务年限5年（含试用期）；3.有关专业考试信息请参见国家金融监督管理总局2024年度招考公告。","https://www.xuanhan.gov.cn/xxgk-show-77635.html#154120-300147001001","2023-10-15","{""dataset_year"":2024,""job_uid"":""GOV-2024-154120-300147001001"",""publisher"":""国家公务员局"",""publication_page"":""https://www.xuanhan.gov.cn/xxgk-show-77635.html"",""attachment_url"":""https://www.xuanhan.gov.cn/uploadfile/1/Attachment/638fdecf51.zip"",""local_source_file"":""中央机关及其直属机构2024年度考试录用公务员招考简章.xls"",""local_source_sha256"":""a1741b99dbecd6d03e533f99f2d69b0fa5a79733e551b80af69986ceed2ad996"",""source_sheet"":""中央国家行政机关省级以下直属机构"",""filter_version"":""government_tech_v2"",""tech_filter"":{""is_tech"":true,""is_core_tech"":true,""scope"":""core"",""categories"":[""computer_software"",""cybersecurity_cryptography""],""matched_fields"":[""major"",""description""],""major_terms"":[""信息安全"",""网络工程"",""计算机科学与技术"",""软件工程""],""role_terms"":[""信息科技"",""信息系统"",""软硬件""],""reason"":""tech_major_and_role""},""original"":{""部门代码"":""154120"",""部门名称"":""国家金融监督管理总局广西监管局"",""用人司局"":""国家金融监督管理总局广西监管局"",""机构性质"":""中央国家行政机关省级以下直属机构"",""招考职位"":""统计信息部门一级主任科员及以下"",""职位属性"":""金融监管计算机类职位"",""职位分布"":""其他职位"",""职位简介"":""主要从事信息科技风险监管、电子设备软硬件管理及信息系统运行维护等工作。"",""职位代码"":""300147001001"",""机构层级"":""省（副省）级"",""考试类别"":""中央机关及其省级直属机构综合管理类"",""招考人数"":""1"",""专业"":""计算机科学与技术、软件工程、网络工程、信息安全"",""学历"":""仅限硕士研究生"",""学位"":""硕士"",""政治面貌"":""不限"",""基层工作最低年限"":""无限制"",""服务基层项目工作经历"":""无限制"",""是否在面试阶段组织专业能力测试"":""否"",""面试人员比例"":""4:1"",""工作地点"":""广西壮族自治区南宁市"",""落户地点"":""广西壮族自治区南宁市"",""备注"":""1.大学英语六级成绩425分及以上；请考生在“外语水平”栏详细填写已获得的语种、等级及成绩；2.最低服务年限5年（含试用期）；3.有关专业考试信息请参见国家金融监督管理总局2024年度招考公告。"",""部门网站"":""http://www.cbirc.gov.cn/"",""咨询电话1"":""0771-2818510"",""咨询电话2"":""0771-2840923"",""咨询电话3"":""0771-2825521"",""来源Sheet"":""中央国家行政机关省级以下直属机构""}}"
"government_jobs","国家公务员2024招考简章","公务员/事业单位技术岗位","海南省海口市","2026-07-28T09:12:58.310295+00:00","统计信息部门一级主任科员及以下","国家金融监督管理总局海南监管局","","海南省海口市","公务员/事业单位;2024;computer_software;硕士研究生及以上;与最高学历相对应的学位;本科需为计算机类专业； 硕士研究生为计算机科学与技术类专业、软件工程类专业;中央机关及其省级直属机构综合管理类","用人司局：国家金融监督管理总局海南监管局
职位简介：主要从事金融信息科技风险监管、电子设备软硬件管理及信息系统运行维护等工作。
专业要求：本科需为计算机类专业； 硕士研究生为计算机科学与技术类专业、软件工程类专业
学历要求：硕士研究生及以上
学位要求：与最高学历相对应的学位
政治面貌：不限
基层工作经历：无限制
考试类别：中央机关及其省级直属机构综合管理类
备注：1.最高学历所学专业须符合岗位专业要求；2.本岗位最低服务年限为5年（含试用期）；3.大学英语六级成绩须在60分（100分制）或425分（710分制）及以上，考生须在外语水平一栏注明已获得的英语等级证书及成绩；4.有关专业考试信息参见国家金融监督管理总局2024年度考试大纲。","https://www.xuanhan.gov.cn/xxgk-show-77635.html#154121-300147001001","2023-10-15","{""dataset_year"":2024,""job_uid"":""GOV-2024-154121-300147001001"",""publisher"":""国家公务员局"",""publication_page"":""https://www.xuanhan.gov.cn/xxgk-show-77635.html"",""attachment_url"":""https://www.xuanhan.gov.cn/uploadfile/1/Attachment/638fdecf51.zip"",""local_source_file"":""中央机关及其直属机构2024年度考试录用公务员招考简章.xls"",""local_source_sha256"":""a1741b99dbecd6d03e533f99f2d69b0fa5a79733e551b80af69986ceed2ad996"",""source_sheet"":""中央国家行政机关省级以下直属机构"",""filter_version"":""government_tech_v2"",""tech_filter"":{""is_tech"":true,""is_core_tech"":true,""scope"":""core"",""categories"":[""computer_software""],""matched_fields"":[""major"",""description""],""major_terms"":[""计算机科学与技术"",""计算机类"",""软件工程""],""role_terms"":[""信息科技"",""信息系统"",""软硬件""],""reason"":""tech_major_and_role""},""original"":{""部门代码"":""154121"",""部门名称"":""国家金融监督管理总局海南监管局"",""用人司局"":""国家金融监督管理总局海南监管局"",""机构性质"":""中央国家行政机关省级以下直属机构"",""招考职位"":""统计信息部门一级主任科员及以下"",""职位属性"":""金融监管计算机类职位"",""职位分布"":""其他职位"",""职位简介"":""主要从事金融信息科技风险监管、电子设备软硬件管理及信息系统运行维护等工作。"",""职位代码"":""300147001001"",""机构层级"":""省（副省）级"",""考试类别"":""中央机关及其省级直属机构综合管理类"",""招考人数"":""2"",""专业"":""本科需为计算机类专业； 硕士研究生为计算机科学与技术类专业、软件工程类专业"",""学历"":""硕士研究生及以上"",""学位"":""与最高学历相对应的学位"",""政治面貌"":""不限"",""基层工作最低年限"":""无限制"",""服务基层项目工作经历"":""无限制"",""是否在面试阶段组织专业能力测试"":""否"",""面试人员比例"":""4:1"",""工作地点"":""海南省海口市"",""落户地点"":""海南省海口市"",""备注"":""1.最高学历所学专业须符合岗位专业要求；2.本岗位最低服务年限为5年（含试用期）；3.大学英语六级成绩须在60分（100分制）或425分（710分制）及以上，考生须在外语水平一栏注明已获得的英语等级证书及成绩；4.有关专业考试信息参见国家金融监督管理总局2024年度考试大纲。"",""部门网站"":""http://www.cbirc.gov.cn/"",""咨询电话1"":""0898-68563127"",""咨询电话2"":""0898-68563046"",""咨询电话3"":"""",""来源Sheet"":""中央国家行政机关省级以下直属机构""}}"
"government_jobs","国家公务员2024招考简章","公务员/事业单位技术岗位","重庆市江北区","2026-07-28T09:12:58.310295+00:00","统计信息部门一级主任科员及以下","国家金融监督管理总局重庆监管局","","重庆市江北区","公务员/事业单位;2024;computer_software;硕士研究生及以上;与最高学历相对应的学位;计算机类;中央机关及其省级直属机构综合管理类","用人司局：国家金融监督管理总局重庆监管局
职位简介：主要从事信息科技风险监管、电子设备软硬件管理及信息系统运行维护等工作。
专业要求：计算机类
学历要求：硕士研究生及以上
学位要求：与最高学历相对应的学位
政治面貌：不限
基层工作经历：无限制
考试类别：中央机关及其省级直属机构综合管理类
备注：1.落户须符合当地有关政策，单位无法办理集体户口；2.大学英语六级60分（100分制）或425分（710分制）及以上，并在“外语水平”一栏注明已获得的英语等级证书及成绩分数；3.有关专业考试信息请参见国家金融监督管理总局2024年度招考公告。","https://www.xuanhan.gov.cn/xxgk-show-77635.html#154122-300147001001","2023-10-15","{""dataset_year"":2024,""job_uid"":""GOV-2024-154122-300147001001"",""publisher"":""国家公务员局"",""publication_page"":""https://www.xuanhan.gov.cn/xxgk-show-77635.html"",""attachment_url"":""https://www.xuanhan.gov.cn/uploadfile/1/Attachment/638fdecf51.zip"",""local_source_file"":""中央机关及其直属机构2024年度考试录用公务员招考简章.xls"",""local_source_sha256"":""a1741b99dbecd6d03e533f99f2d69b0fa5a79733e551b80af69986ceed2ad996"",""source_sheet"":""中央国家行政机关省级以下直属机构"",""filter_version"":""government_tech_v2"",""tech_filter"":{""is_tech"":true,""is_core_tech"":true,""scope"":""core"",""categories"":[""computer_software""],""matched_fields"":[""major"",""description""],""major_terms"":[""计算机类""],""role_terms"":[""信息科技"",""信息系统"",""软硬件""],""reason"":""tech_major_and_role""},""original"":{""部门代码"":""154122"",""部门名称"":""国家金融监督管理总局重庆监管局"",""用人司局"":""国家金融监督管理总局重庆监管局"",""机构性质"":""中央国家行政机关省级以下直属机构"",""招考职位"":""统计信息部门一级主任科员及以下"",""职位属性"":""金融监管计算机类职位"",""职位分布"":""其他职位"",""职位简介"":""主要从事信息科技风险监管、电子设备软硬件管理及信息系统运行维护等工作。"",""职位代码"":""300147001001"",""机构层级"":""省（副省）级"",""考试类别"":""中央机关及其省级直属机构综合管理类"",""招考人数"":""2"",""专业"":""计算机类"",""学历"":""硕士研究生及以上"",""学位"":""与最高学历相对应的学位"",""政治面貌"":""不限"",""基层工作最低年限"":""无限制"",""服务基层项目工作经历"":""无限制"",""是否在面试阶段组织专业能力测试"":""否"",""面试人员比例"":""4:1"",""工作地点"":""重庆市江北区"",""落户地点"":""重庆市江北区"",""备注"":""1.落户须符合当地有关政策，单位无法办理集体户口；2.大学英语六级60分（100分制）或425分（710分制）及以上，并在“外语水平”一栏注明已获得的英语等级证书及成绩分数；3.有关专业考试信息请参见国家金融监督管理总局2024年度招考公告。"",""部门网站"":""http://www.cbirc.gov.cn/"",""咨询电话1"":""023-61859600"",""咨询电话2"":""023-61859849"",""咨询电话3"":""023-61859847"",""来源Sheet"":""中央国家行政机关省级以下直属机构""}}"
"government_jobs","国家公务员2024招考简章","公务员/事业单位技术岗位","重庆市涪陵区","2026-07-28T09:12:58.310295+00:00","统计信息部门一级主任科员及以下","国家金融监督管理总局重庆监管局","","重庆市涪陵区","公务员/事业单位;2024;computer_software;本科及以上;与最高学历相对应的学位;计算机类;市（地）级及以下直属机构综合管理类","用人司局：国家金融监督管理总局涪陵监管分局
职位简介：主要从事信息科技风险监管、电子设备软硬件管理及信息系统运行维护等工作。
专业要求：计算机类
学历要求：本科及以上
学位要求：与最高学历相对应的学位
政治面貌：不限
基层工作经历：无限制
考试类别：市（地）级及以下直属机构综合管理类
备注：1.落户须符合当地有关政策，单位无法办理集体户口；2.大学英语四级60分（100分制）或425分（710分制）及以上，并在“外语水平”一栏注明已获得的英语等级证书及成绩分数；3.有关专业考试信息请参见国家金融监督管理总局2024年度招考公告。","https://www.xuanhan.gov.cn/xxgk-show-77635.html#154122-300147003001","2023-10-15","{""dataset_year"":2024,""job_uid"":""GOV-2024-154122-300147003001"",""publisher"":""国家公务员局"",""publication_page"":""https://www.xuanhan.gov.cn/xxgk-show-77635.html"",""attachment_url"":""https://www.xuanhan.gov.cn/uploadfile/1/Attachment/638fdecf51.zip"",""local_source_file"":""中央机关及其直属机构2024年度考试录用公务员招考简章.xls"",""local_source_sha256"":""a1741b99dbecd6d03e533f99f2d69b0fa5a79733e551b80af69986ceed2ad996"",""source_sheet"":""中央国家行政机关省级以下直属机构"",""filter_version"":""government_tech_v2"",""tech_filter"":{""is_tech"":true,""is_core_tech"":true,""scope"":""core"",""categories"":[""computer_software""],""matched_fields"":[""major"",""description""],""major_terms"":[""计算机类""],""role_terms"":[""信息科技"",""信息系统"",""软硬件""],""reason"":""tech_major_and_role""},""original"":{""部门代码"":""154122"",""部门名称"":""国家金融监督管理总局重庆监管局"",""用人司局"":""国家金融监督管理总局涪陵监管分局"",""机构性质"":""中央国家行政机关省级以下直属机构"",""招考职位"":""统计信息部门一级主任科员及以下"",""职位属性"":""金融监管计算机类职位"",""职位分布"":""西部地区和艰苦边远地区职位"",""职位简介"":""主要从事信息科技风险监管、电子设备软硬件管理及信息系统运行维护等工作。"",""职位代码"":""300147003001"",""机构层级"":""市（地）级"",""考试类别"":""市（地）级及以下直属机构综合管理类"",""招考人数"":""1"",""专业"":""计算机类"",""学历"":""本科及以上"",""学位"":""与最高学历相对应的学位"",""政治面貌"":""不限"",""基层工作最低年限"":""无限制"",""服务基层项目工作经历"":""无限制"",""是否在面试阶段组织专业能力测试"":""否"",""面试人员比例"":""3:1"",""工作地点"":""重庆市涪陵区"",""落户地点"":""重庆市涪陵区"",""备注"":""1.落户须符合当地有关政策，单位无法办理集体户口；2.大学英语四级60分（100分制）或425分（710分制）及以上，并在“外语水平”一栏注明已获得的英语等级证书及成绩分数；3.有关专业考试信息请参见国家金融监督管理总局2024年度招考公告。"",""部门网站"":""http://www.cbirc.gov.cn/"",""咨询电话1"":""023-61859600"",""咨询电话2"":""023-61859849"",""咨询电话3"":""023-61859847"",""来源Sheet"":""中央国家行政机关省级以下直属机构""}}"
"government_jobs","国家公务员2024招考简章","公务员/事业单位技术岗位","重庆市渝北区","2026-07-28T09:12:58.310295+00:00","统计信息部门一级主任科员及以下","国家金融监督管理总局重庆监管局","","重庆市渝北区","公务员/事业单位;2024;computer_software;本科及以上;与最高学历相对应的学位;计算机类;市（地）级及以下直属机构综合管理类","用人司局：国家金融监督管理总局两江监管分局
职位简介：主要从事信息科技风险监管、电子设备软硬件管理及信息系统运行维护等工作。
专业要求：计算机类
学历要求：本科及以上
学位要求：与最高学历相对应的学位
政治面貌：不限
基层工作经历：无限制
考试类别：市（地）级及以下直属机构综合管理类
备注：1.落户须符合当地有关政策，单位无法办理集体户口；2.大学英语四级60分（100分制）或425分（710分制）及以上，并在“外语水平”一栏注明已获得的英语等级证书及成绩分数；3.有关专业考试信息请参见国家金融监督管理总局2024年度招考公告。","https://www.xuanhan.gov.cn/xxgk-show-77635.html#154122-300147005001","2023-10-15","{""dataset_year"":2024,""job_uid"":""GOV-2024-154122-300147005001"",""publisher"":""国家公务员局"",""publication_page"":""https://www.xuanhan.gov.cn/xxgk-show-77635.html"",""attachment_url"":""https://www.xuanhan.gov.cn/uploadfile/1/Attachment/638fdecf51.zip"",""local_source_file"":""中央机关及其直属机构2024年度考试录用公务员招考简章.xls"",""local_source_sha256"":""a1741b99dbecd6d03e533f99f2d69b0fa5a79733e551b80af69986ceed2ad996"",""source_sheet"":""中央国家行政机关省级以下直属机构"",""filter_version"":""government_tech_v2"",""tech_filter"":{""is_tech"":true,""is_core_tech"":true,""scope"":""core"",""categories"":[""computer_software""],""matched_fields"":[""major"",""description""],""major_terms"":[""计算机类""],""role_terms"":[""信息科技"",""信息系统"",""软硬件""],""reason"":""tech_major_and_role""},""original"":{""部门代码"":""154122"",""部门名称"":""国家金融监督管理总局重庆监管局"",""用人司局"":""国家金融监督管理总局两江监管分局"",""机构性质"":""中央国家行政机关省级以下直属机构"",""招考职位"":""统计信息部门一级主任科员及以下"",""职位属性"":""金融监管计算机类职位"",""职位分布"":""西部地区和艰苦边远地区职位"",""职位简介"":""主要从事信息科技风险监管、电子设备软硬件管理及信息系统运行维护等工作。"",""职位代码"":""300147005001"",""机构层级"":""市（地）级"",""考试类别"":""市（地）级及以下直属机构综合管理类"",""招考人数"":""1"",""专业"":""计算机类"",""学历"":""本科及以上"",""学位"":""与最高学历相对应的学位"",""政治面貌"":""不限"",""基层工作最低年限"":""无限制"",""服务基层项目工作经历"":""无限制"",""是否在面试阶段组织专业能力测试"":""否"",""面试人员比例"":""3:1"",""工作地点"":""重庆市渝北区"",""落户地点"":""重庆市渝北区"",""备注"":""1.落户须符合当地有关政策，单位无法办理集体户口；2.大学英语四级60分（100分制）或425分（710分制）及以上，并在“外语水平”一栏注明已获得的英语等级证书及成绩分数；3.有关专业考试信息请参见国家金融监督管理总局2024年度招考公告。"",""部门网站"":""http://www.cbirc.gov.cn/"",""咨询电话1"":""023-61859600"",""咨询电话2"":""023-61859849"",""咨询电话3"":""023-61859847"",""来源Sheet"":""中央国家行政机关省级以下直属机构""}}"
"government_jobs","国家公务员2024招考简章","公务员/事业单位技术岗位","重庆市酉阳土家族苗族自治县","2026-07-28T09:12:58.310295+00:00","统计信息部门一级主任科员及以下","国家金融监督管理总局重庆监管局","","重庆市酉阳土家族苗族自治县","公务员/事业单位;2024;computer_software;本科及以上;与最高学历相对应的学位;计算机类;市（地）级及以下直属机构综合管理类","用人司局：国家金融监督管理总局黔江监管分局酉阳县级派出机构
职位简介：主要从事信息科技风险监管、电子设备软硬件管理及信息系统运行维护等工作。
专业要求：计算机类
学历要求：本科及以上
学位要求：与最高学历相对应的学位
政治面貌：不限
基层工作经历：无限制
考试类别：市（地）级及以下直属机构综合管理类
备注：1.落户须符合当地有关政策，单位无法办理集体户口；2.大学英语四级60分（100分制）或425分（710分制）及以上，并在“外语水平”一栏注明已获得的英语等级证书及成绩分数；3.有关专业考试信息请参见国家金融监督管理总局2024年度招考公告。","https://www.xuanhan.gov.cn/xxgk-show-77635.html#154122-300147012002","2023-10-15","{""dataset_year"":2024,""job_uid"":""GOV-2024-154122-300147012002"",""publisher"":""国家公务员局"",""publication_page"":""https://www.xuanhan.gov.cn/xxgk-show-77635.html"",""attachment_url"":""https://www.xuanhan.gov.cn/uploadfile/1/Attachment/638fdecf51.zip"",""local_source_file"":""中央机关及其直属机构2024年度考试录用公务员招考简章.xls"",""local_source_sha256"":""a1741b99dbecd6d03e533f99f2d69b0fa5a79733e551b80af69986ceed2ad996"",""source_sheet"":""中央国家行政机关省级以下直属机构"",""filter_version"":""government_tech_v2"",""tech_filter"":{""is_tech"":true,""is_core_tech"":true,""scope"":""core"",""categories"":[""computer_software""],""matched_fields"":[""major"",""description""],""major_terms"":[""计算机类""],""role_terms"":[""信息科技"",""信息系统"",""软硬件""],""reason"":""tech_major_and_role""},""original"":{""部门代码"":""154122"",""部门名称"":""国家金融监督管理总局重庆监管局"",""用人司局"":""国家金融监督管理总局黔江监管分局酉阳县级派出机构"",""机构性质"":""中央国家行政机关省级以下直属机构"",""招考职位"":""统计信息部门一级主任科员及以下"",""职位属性"":""金融监管计算机类职位"",""职位分布"":""西部地区和艰苦边远地区职位"",""职位简介"":""主要从事信息科技风险监管、电子设备软硬件管理及信息系统运行维护等工作。"",""职位代码"":""300147012002"",""机构层级"":""县（区）级及以下"",""考试类别"":""市（地）级及以下直属机构综合管理类"",""招考人数"":""1"",""专业"":""计算机类"",""学历"":""本科及以上"",""学位"":""与最高学历相对应的学位"",""政治面貌"":""不限"",""基层工作最低年限"":""无限制"",""服务基层项目工作经历"":""无限制"",""是否在面试阶段组织专业能力测试"":""否"",""面试人员比例"":""3:1"",""工作地点"":""重庆市酉阳土家族苗族自治县"",""落户地点"":""重庆市酉阳土家族苗族自治县"",""备注"":""1.落户须符合当地有关政策，单位无法办理集体户口；2.大学英语四级60分（100分制）或425分（710分制）及以上，并在“外语水平”一栏注明已获得的英语等级证书及成绩分数；3.有关专业考试信息请参见国家金融监督管理总局2024年度招考公告。"",""部门网站"":""http://www.cbirc.gov.cn/"",""咨询电话1"":""023-61859600"",""咨询电话2"":""023-61859849"",""咨询电话3"":""023-61859847"",""来源Sheet"":""中央国家行政机关省级以下直属机构""}}"
"government_jobs","国家公务员2024招考简章","公务员/事业单位技术岗位","四川省成都市","2026-07-28T09:12:58.310295+00:00","统计信息部门一级主任科员及以下","国家金融监督管理总局四川监管局","","四川省成都市","公务员/事业单位;2024;computer_software;cybersecurity_cryptography;硕士研究生及以上;与最高学历相对应的学位;计算机科学与技术、计算机系统结构、计算机软件与理论、计算机应用技术、软件工程、计算机技术、网络空间安全、网络与信息安全、网络安全、信息安全;中央机关及其省级直属机构综合管理类","用人司局：国家金融监督管理总局四川监管局
职位简介：主要从事信息科技风险监管、电子设备软硬件管理及信息系统运行维护等工作。
专业要求：计算机科学与技术、计算机系统结构、计算机软件与理论、计算机应用技术、软件工程、计算机技术、网络空间安全、网络与信息安全、网络安全、信息安全
学历要求：硕士研究生及以上
学位要求：与最高学历相对应的学位
政治面貌：不限
基层工作经历：无限制
考试类别：中央机关及其省级直属机构综合管理类
备注：1.本职位最低服务年限为5年（含试用期）；2.大学英语六级成绩425分及以上，并在外语水平一栏注明已获得的英语等级证书及成绩；3.有关专业考试信息请参见国家金融监督管理总局2024年度考试大纲。","https://www.xuanhan.gov.cn/xxgk-show-77635.html#154123-300147001001","2023-10-15","{""dataset_year"":2024,""job_uid"":""GOV-2024-154123-300147001001"",""publisher"":""国家公务员局"",""publication_page"":""https://www.xuanhan.gov.cn/xxgk-show-77635.html"",""attachment_url"":""https://www.xuanhan.gov.cn/uploadfile/1/Attachment/638fdecf51.zip"",""local_source_file"":""中央机关及其直属机构2024年度考试录用公务员招考简章.xls"",""local_source_sha256"":""a1741b99dbecd6d03e533f99f2d69b0fa5a79733e551b80af69986ceed2ad996"",""source_sheet"":""中央国家行政机关省级以下直属机构"",""filter_version"":""government_tech_v2"",""tech_filter"":{""is_tech"":true,""is_core_tech"":true,""scope"":""core"",""categories"":[""computer_software"",""cybersecurity_cryptography""],""matched_fields"":[""major"",""description""],""major_terms"":[""信息安全"",""网络安全"",""网络空间安全"",""计算机"",""计算机技术"",""计算机科学与技术"",""软件工程""],""role_terms"":[""信息科技"",""信息系统"",""软硬件""],""reason"":""tech_major_and_role""},""original"":{""部门代码"":""154123"",""部门名称"":""国家金融监督管理总局四川监管局"",""用人司局"":""国家金融监督管理总局四川监管局"",""机构性质"":""中央国家行政机关省级以下直属机构"",""招考职位"":""统计信息部门一级主任科员及以下"",""职位属性"":""金融监管计算机类职位"",""职位分布"":""其他职位"",""职位简介"":""主要从事信息科技风险监管、电子设备软硬件管理及信息系统运行维护等工作。"",""职位代码"":""300147001001"",""机构层级"":""省（副省）级"",""考试类别"":""中央机关及其省级直属机构综合管理类"",""招考人数"":""2"",""专业"":""计算机科学与技术、计算机系统结构、计算机软件与理论、计算机应用技术、软件工程、计算机技术、网络空间安全、网络与信息安全、网络安全、信息安全"",""学历"":""硕士研究生及以上"",""学位"":""与最高学历相对应的学位"",""政治面貌"":""不限"",""基层工作最低年限"":""无限制"",""服务基层项目工作经历"":""无限制"",""是否在面试阶段组织专业能力测试"":""否"",""面试人员比例"":""4:1"",""工作地点"":""四川省成都市"",""落户地点"":""四川省成都市"",""备注"":""1.本职位最低服务年限为5年（含试用期）；2.大学英语六级成绩425分及以上，并在外语水平一栏注明已获得的英语等级证书及成绩；3.有关专业考试信息请参见国家金融监督管理总局2024年度考试大纲。"",""部门网站"":""http://www.cbirc.gov.cn/"",""咨询电话1"":""028-61886583"",""咨询电话2"":""028-61884862"",""咨询电话3"":"""",""来源Sheet"":""中央国家行政机关省级以下直属机构""}}"
"government_jobs","国家公务员2024招考简章","公务员/事业单位技术岗位","四川省","2026-07-28T09:12:58.310295+00:00","统计信息部门一级主任科员及以下","国家金融监督管理总局四川监管局","","四川省","公务员/事业单位;2024;computer_software;cybersecurity_cryptography;本科及以上;与最高学历相对应的学位;计算机科学与技术、计算机系统结构、计算机软件与理论、计算机应用技术、软件工程、网络工程、计算机技术、网络空间安全、网络与信息安全、网络安全、信息安全;市（地）级及以下直属机构综合管理类","用人司局：国家金融监督管理总局四川监管局辖内分局
职位简介：主要从事信息科技风险监管、电子设备软硬件管理及信息系统运行维护等工作。
专业要求：计算机科学与技术、计算机系统结构、计算机软件与理论、计算机应用技术、软件工程、网络工程、计算机技术、网络空间安全、网络与信息安全、网络安全、信息安全
学历要求：本科及以上
学位要求：与最高学历相对应的学位
政治面貌：不限
基层工作经历：无限制
考试类别：市（地）级及以下直属机构综合管理类
备注：1.应届高校毕业生；2.招考人数为绵阳分局1人、雅安分局1人，落户地与工作地一致，报考时请在报名表的备注栏填写本人意向工作单位，入职后须服从分配；3.本职位最低服务年限为5年（含试用期）；4.大学英语四级425分及以上，并在外语水平一栏注明已获得的英语等级证书及成绩；5.有关专业考试信息请参见国家金融监督管理总局2024年度考试大纲。","https://www.xuanhan.gov.cn/xxgk-show-77635.html#154123-300147002001","2023-10-15","{""dataset_year"":2024,""job_uid"":""GOV-2024-154123-300147002001"",""publisher"":""国家公务员局"",""publication_page"":""https://www.xuanhan.gov.cn/xxgk-show-77635.html"",""attachment_url"":""https://www.xuanhan.gov.cn/uploadfile/1/Attachment/638fdecf51.zip"",""local_source_file"":""中央机关及其直属机构2024年度考试录用公务员招考简章.xls"",""local_source_sha256"":""a1741b99dbecd6d03e533f99f2d69b0fa5a79733e551b80af69986ceed2ad996"",""source_sheet"":""中央国家行政机关省级以下直属机构"",""filter_version"":""government_tech_v2"",""tech_filter"":{""is_tech"":true,""is_core_tech"":true,""scope"":""core"",""categories"":[""computer_software"",""cybersecurity_cryptography""],""matched_fields"":[""major"",""description""],""major_terms"":[""信息安全"",""网络安全"",""网络工程"",""网络空间安全"",""计算机"",""计算机技术"",""计算机科学与技术"",""软件工程""],""role_terms"":[""信息科技"",""信息系统"",""软硬件""],""reason"":""tech_major_and_role""},""original"":{""部门代码"":""154123"",""部门名称"":""国家金融监督管理总局四川监管局"",""用人司局"":""国家金融监督管理总局四川监管局辖内分局"",""机构性质"":""中央国家行政机关省级以下直属机构"",""招考职位"":""统计信息部门一级主任科员及以下"",""职位属性"":""金融监管计算机类职位"",""职位分布"":""西部地区和艰苦边远地区职位"",""职位简介"":""主要从事信息科技风险监管、电子设备软硬件管理及信息系统运行维护等工作。"",""职位代码"":""300147002001"",""机构层级"":""市（地）级"",""考试类别"":""市（地）级及以下直属机构综合管理类"",""招考人数"":""2"",""专业"":""计算机科学与技术、计算机系统结构、计算机软件与理论、计算机应用技术、软件工程、网络工程、计算机技术、网络空间安全、网络与信息安全、网络安全、信息安全"",""学历"":""本科及以上"",""学位"":""与最高学历相对应的学位"",""政治面貌"":""不限"",""基层工作最低年限"":""无限制"",""服务基层项目工作经历"":""无限制"",""是否在面试阶段组织专业能力测试"":""否"",""面试人员比例"":""3:1"",""工作地点"":""四川省"",""落户地点"":""四川省"",""备注"":""1.应届高校毕业生；2.招考人数为绵阳分局1人、雅安分局1人，落户地与工作地一致，报考时请在报名表的备注栏填写本人意向工作单位，入职后须服从分配；3.本职位最低服务年限为5年（含试用期）；4.大学英语四级425分及以上，并在外语水平一栏注明已获得的英语等级证书及成绩；5.有关专业考试信息请参见国家金融监督管理总局2024年度考试大纲。"",""部门网站"":""http://www.cbirc.gov.cn/"",""咨询电话1"":""028-61886583"",""咨询电话2"":""028-61884862"",""咨询电话3"":"""",""来源Sheet"":""中央国家行政机关省级以下直属机构""}}"
"government_jobs","国家公务员2024招考简章","公务员/事业单位技术岗位","四川省巴中市","2026-07-28T09:12:58.310295+00:00","统计信息部门一级主任科员及以下","国家金融监督管理总局四川监管局","","四川省巴中市","公务员/事业单位;2024;computer_software;cybersecurity_cryptography;仅限本科;学士;计算机科学与技术、软件工程、网络工程、信息安全、网络空间安全;市（地）级及以下直属机构综合管理类","用人司局：国家金融监督管理总局巴中监管分局
职位简介：主要从事信息科技风险监管、电子设备软硬件管理及信息系统运行维护等工作。
专业要求：计算机科学与技术、软件工程、网络工程、信息安全、网络空间安全
学历要求：仅限本科
学位要求：学士
政治面貌：不限
基层工作经历：无限制
考试类别：市（地）级及以下直属机构综合管理类
备注：1.应届高校毕业生；2.本职位最低服务年限为5年（含试用期）；3.大学英语四级425分及以上，并在外语水平一栏注明已获得的英语等级证书及成绩；4.有关专业考试信息请参见国家金融监督管理总局2024年度考试大纲。","https://www.xuanhan.gov.cn/xxgk-show-77635.html#154123-300147005001","2023-10-15","{""dataset_year"":2024,""job_uid"":""GOV-2024-154123-300147005001"",""publisher"":""国家公务员局"",""publication_page"":""https://www.xuanhan.gov.cn/xxgk-show-77635.html"",""attachment_url"":""https://www.xuanhan.gov.cn/uploadfile/1/Attachment/638fdecf51.zip"",""local_source_file"":""中央机关及其直属机构2024年度考试录用公务员招考简章.xls"",""local_source_sha256"":""a1741b99dbecd6d03e533f99f2d69b0fa5a79733e551b80af69986ceed2ad996"",""source_sheet"":""中央国家行政机关省级以下直属机构"",""filter_version"":""government_tech_v2"",""tech_filter"":{""is_tech"":true,""is_core_tech"":true,""scope"":""core"",""categories"":[""computer_software"",""cybersecurity_cryptography""],""matched_fields"":[""major"",""description""],""major_terms"":[""信息安全"",""网络工程"",""网络空间安全"",""计算机科学与技术"",""软件工程""],""role_terms"":[""信息科技"",""信息系统"",""软硬件""],""reason"":""tech_major_and_role""},""original"":{""部门代码"":""154123"",""部门名称"":""国家金融监督管理总局四川监管局"",""用人司局"":""国家金融监督管理总局巴中监管分局"",""机构性质"":""中央国家行政机关省级以下直属机构"",""招考职位"":""统计信息部门一级主任科员及以下"",""职位属性"":""金融监管计算机类职位"",""职位分布"":""西部地区和艰苦边远地区职位"",""职位简介"":""主要从事信息科技风险监管、电子设备软硬件管理及信息系统运行维护等工作。"",""职位代码"":""300147005001"",""机构层级"":""市（地）级"",""考试类别"":""市（地）级及以下直属机构综合管理类"",""招考人数"":""1"",""专业"":""计算机科学与技术、软件工程、网络工程、信息安全、网络空间安全"",""学历"":""仅限本科"",""学位"":""学士"",""政治面貌"":""不限"",""基层工作最低年限"":""无限制"",""服务基层项目工作经历"":""无限制"",""是否在面试阶段组织专业能力测试"":""否"",""面试人员比例"":""3:1"",""工作地点"":""四川省巴中市"",""落户地点"":""四川省巴中市"",""备注"":""1.应届高校毕业生；2.本职位最低服务年限为5年（含试用期）；3.大学英语四级425分及以上，并在外语水平一栏注明已获得的英语等级证书及成绩；4.有关专业考试信息请参见国家金融监督管理总局2024年度考试大纲。"",""部门网站"":""http://www.cbirc.gov.cn/"",""咨询电话1"":""028-61886583"",""咨询电话2"":""028-61884862"",""咨询电话3"":"""",""来源Sheet"":""中央国家行政机关省级以下直属机构""}}"
"government_jobs","国家公务员2024招考简章","公务员/事业单位技术岗位","贵州省贵阳市","2026-07-28T09:12:58.310295+00:00","统计信息部门一级主任科员及以下","国家金融监督管理总局贵州监管局","","贵州省贵阳市","公务员/事业单位;2024;computer_software;cybersecurity_cryptography;硕士研究生及以上;与最高学历相对应的学位;计算机科学与技术、计算机软件与理论、计算机应用技术、软件工程、网络空间安全;中央机关及其省级直属机构综合管理类","用人司局：国家金融监督管理总局贵州监管局
职位简介：主要从事信息科技风险监管、电子设备软硬件管理及信息系统运行维护等工作。
专业要求：计算机科学与技术、计算机软件与理论、计算机应用技术、软件工程、网络空间安全
学历要求：硕士研究生及以上
学位要求：与最高学历相对应的学位
政治面貌：不限
基层工作经历：二年
考试类别：中央机关及其省级直属机构综合管理类
备注：1.大学英语六级成绩425分及以上，并在外语水平一栏注明已获得的英语等级证书及成绩；2.有关专业考试信息请参见国家金融监督管理总局2024年度招考公告。","https://www.xuanhan.gov.cn/xxgk-show-77635.html#154124-300147001001","2023-10-15","{""dataset_year"":2024,""job_uid"":""GOV-2024-154124-300147001001"",""publisher"":""国家公务员局"",""publication_page"":""https://www.xuanhan.gov.cn/xxgk-show-77635.html"",""attachment_url"":""https://www.xuanhan.gov.cn/uploadfile/1/Attachment/638fdecf51.zip"",""local_source_file"":""中央机关及其直属机构2024年度考试录用公务员招考简章.xls"",""local_source_sha256"":""a1741b99dbecd6d03e533f99f2d69b0fa5a79733e551b80af69986ceed2ad996"",""source_sheet"":""中央国家行政机关省级以下直属机构"",""filter_version"":""government_tech_v2"",""tech_filter"":{""is_tech"":true,""is_core_tech"":true,""scope"":""core"",""categories"":[""computer_software"",""cybersecurity_cryptography""],""matched_fields"":[""major"",""description""],""major_terms"":[""网络空间安全"",""计算机"",""计算机科学与技术"",""软件工程""],""role_terms"":[""信息科技"",""信息系统"",""软硬件""],""reason"":""tech_major_and_role""},""original"":{""部门代码"":""154124"",""部门名称"":""国家金融监督管理总局贵州监管局"",""用人司局"":""国家金融监督管理总局贵州监管局"",""机构性质"":""中央国家行政机关省级以下直属机构"",""招考职位"":""统计信息部门一级主任科员及以下"",""职位属性"":""金融监管计算机类职位"",""职位分布"":""其他职位"",""职位简介"":""主要从事信息科技风险监管、电子设备软硬件管理及信息系统运行维护等工作。"",""职位代码"":""300147001001"",""机构层级"":""省（副省）级"",""考试类别"":""中央机关及其省级直属机构综合管理类"",""招考人数"":""1"",""专业"":""计算机科学与技术、计算机软件与理论、计算机应用技术、软件工程、网络空间安全"",""学历"":""硕士研究生及以上"",""学位"":""与最高学历相对应的学位"",""政治面貌"":""不限"",""基层工作最低年限"":""二年"",""服务基层项目工作经历"":""无限制"",""是否在面试阶段组织专业能力测试"":""否"",""面试人员比例"":""4:1"",""工作地点"":""贵州省贵阳市"",""落户地点"":""贵州省贵阳市"",""备注"":""1.大学英语六级成绩425分及以上，并在外语水平一栏注明已获得的英语等级证书及成绩；2.有关专业考试信息请参见国家金融监督管理总局2024年度招考公告。"",""部门网站"":""http://www.cbirc.gov.cn/"",""咨询电话1"":""0851-87993021"",""咨询电话2"":""0851-87117393"",""咨询电话3"":""0851-87993153"",""来源Sheet"":""中央国家行政机关省级以下直属机构""}}"
"government_jobs","国家公务员2024招考简章","公务员/事业单位技术岗位","贵州省贵阳市","2026-07-28T09:12:58.310295+00:00","统计信息部门一级主任科员及以下","国家金融监督管理总局贵州监管局","","贵州省贵阳市","公务员/事业单位;2024;computer_software;cybersecurity_cryptography;硕士研究生及以上;与最高学历相对应的学位;计算机科学与技术、计算机软件与理论、计算机应用技术、软件工程、网络空间安全;中央机关及其省级直属机构综合管理类","用人司局：国家金融监督管理总局贵州监管局
职位简介：主要从事信息科技风险监管、电子设备软硬件管理及信息系统运行维护等工作。
专业要求：计算机科学与技术、计算机软件与理论、计算机应用技术、软件工程、网络空间安全
学历要求：硕士研究生及以上
学位要求：与最高学历相对应的学位
政治面貌：不限
基层工作经历：无限制
考试类别：中央机关及其省级直属机构综合管理类
备注：1.大学英语六级成绩425分及以上，并在外语水平一栏注明已获得的英语等级证书及成绩；2.有关专业考试信息请参见国家金融监督管理总局2024年度招考公告。","https://www.xuanhan.gov.cn/xxgk-show-77635.html#154124-300147001002","2023-10-15","{""dataset_year"":2024,""job_uid"":""GOV-2024-154124-300147001002"",""publisher"":""国家公务员局"",""publication_page"":""https://www.xuanhan.gov.cn/xxgk-show-77635.html"",""attachment_url"":""https://www.xuanhan.gov.cn/uploadfile/1/Attachment/638fdecf51.zip"",""local_source_file"":""中央机关及其直属机构2024年度考试录用公务员招考简章.xls"",""local_source_sha256"":""a1741b99dbecd6d03e533f99f2d69b0fa5a79733e551b80af69986ceed2ad996"",""source_sheet"":""中央国家行政机关省级以下直属机构"",""filter_version"":""government_tech_v2"",""tech_filter"":{""is_tech"":true,""is_core_tech"":true,""scope"":""core"",""categories"":[""computer_software"",""cybersecurity_cryptography""],""matched_fields"":[""major"",""description""],""major_terms"":[""网络空间安全"",""计算机"",""计算机科学与技术"",""软件工程""],""role_terms"":[""信息科技"",""信息系统"",""软硬件""],""reason"":""tech_major_and_role""},""original"":{""部门代码"":""154124"",""部门名称"":""国家金融监督管理总局贵州监管局"",""用人司局"":""国家金融监督管理总局贵州监管局"",""机构性质"":""中央国家行政机关省级以下直属机构"",""招考职位"":""统计信息部门一级主任科员及以下"",""职位属性"":""金融监管计算机类职位"",""职位分布"":""其他职位"",""职位简介"":""主要从事信息科技风险监管、电子设备软硬件管理及信息系统运行维护等工作。"",""职位代码"":""300147001002"",""机构层级"":""省（副省）级"",""考试类别"":""中央机关及其省级直属机构综合管理类"",""招考人数"":""2"",""专业"":""计算机科学与技术、计算机软件与理论、计算机应用技术、软件工程、网络空间安全"",""学历"":""硕士研究生及以上"",""学位"":""与最高学历相对应的学位"",""政治面貌"":""不限"",""基层工作最低年限"":""无限制"",""服务基层项目工作经历"":""无限制"",""是否在面试阶段组织专业能力测试"":""否"",""面试人员比例"":""4:1"",""工作地点"":""贵州省贵阳市"",""落户地点"":""贵州省贵阳市"",""备注"":""1.大学英语六级成绩425分及以上，并在外语水平一栏注明已获得的英语等级证书及成绩；2.有关专业考试信息请参见国家金融监督管理总局2024年度招考公告。"",""部门网站"":""http://www.cbirc.gov.cn/"",""咨询电话1"":""0851-87993021"",""咨询电话2"":""0851-87117393"",""咨询电话3"":""0851-87993153"",""来源Sheet"":""中央国家行政机关省级以下直属机构""}}"
"government_jobs","国家公务员2024招考简章","公务员/事业单位技术岗位","贵州省黔东南苗族侗族自治州","2026-07-28T09:12:58.310295+00:00","统计信息部门一级主任科员及以下","国家金融监督管理总局贵州监管局","","贵州省黔东南苗族侗族自治州","公务员/事业单位;2024;computer_software;cybersecurity_cryptography;本科及以上;与最高学历相对应的学位;计算机科学与技术、软件工程、网络工程、信息安全;市（地）级及以下直属机构综合管理类","用人司局：国家金融监督管理总局黔东南监管分局
职位简介：主要从事信息科技风险监管、电子设备软硬件管理及信息系统运行维护等工作。
专业要求：计算机科学与技术、软件工程、网络工程、信息安全
学历要求：本科及以上
学位要求：与最高学历相对应的学位
政治面貌：不限
基层工作经历：无限制
考试类别：市（地）级及以下直属机构综合管理类
备注：1.应届高校毕业生；2.大学英语四级成绩425分及以上，并在外语水平一栏注明已获得的英语等级证书及成绩；3.有关专业考试信息请参见国家金融监督管理总局2024年度招考公告。","https://www.xuanhan.gov.cn/xxgk-show-77635.html#154124-300147012001","2023-10-15","{""dataset_year"":2024,""job_uid"":""GOV-2024-154124-300147012001"",""publisher"":""国家公务员局"",""publication_page"":""https://www.xuanhan.gov.cn/xxgk-show-77635.html"",""attachment_url"":""https://www.xuanhan.gov.cn/uploadfile/1/Attachment/638fdecf51.zip"",""local_source_file"":""中央机关及其直属机构2024年度考试录用公务员招考简章.xls"",""local_source_sha256"":""a1741b99dbecd6d03e533f99f2d69b0fa5a79733e551b80af69986ceed2ad996"",""source_sheet"":""中央国家行政机关省级以下直属机构"",""filter_version"":""government_tech_v2"",""tech_filter"":{""is_tech"":true,""is_core_tech"":true,""scope"":""core"",""categories"":[""computer_software"",""cybersecurity_cryptography""],""matched_fields"":[""major"",""description""],""major_terms"":[""信息安全"",""网络工程"",""计算机科学与技术"",""软件工程""],""role_terms"":[""信息科技"",""信息系统"",""软硬件""],""reason"":""tech_major_and_role""},""original"":{""部门代码"":""154124"",""部门名称"":""国家金融监督管理总局贵州监管局"",""用人司局"":""国家金融监督管理总局黔东南监管分局"",""机构性质"":""中央国家行政机关省级以下直属机构"",""招考职位"":""统计信息部门一级主任科员及以下"",""职位属性"":""金融监管计算机类职位"",""职位分布"":""西部地区和艰苦边远地区职位"",""职位简介"":""主要从事信息科技风险监管、电子设备软硬件管理及信息系统运行维护等工作。"",""职位代码"":""300147012001"",""机构层级"":""市（地）级"",""考试类别"":""市（地）级及以下直属机构综合管理类"",""招考人数"":""1"",""专业"":""计算机科学与技术、软件工程、网络工程、信息安全"",""学历"":""本科及以上"",""学位"":""与最高学历相对应的学位"",""政治面貌"":""不限"",""基层工作最低年限"":""无限制"",""服务基层项目工作经历"":""无限制"",""是否在面试阶段组织专业能力测试"":""否"",""面试人员比例"":""3:1"",""工作地点"":""贵州省黔东南苗族侗族自治州"",""落户地点"":""贵州省黔东南苗族侗族自治州"",""备注"":""1.应届高校毕业生；2.大学英语四级成绩425分及以上，并在外语水平一栏注明已获得的英语等级证书及成绩；3.有关专业考试信息请参见国家金融监督管理总局2024年度招考公告。"",""部门网站"":""http://www.cbirc.gov.cn/"",""咨询电话1"":""0851-87993021"",""咨询电话2"":""0851-87117393"",""咨询电话3"":""0851-87993153"",""来源Sheet"":""中央国家行政机关省级以下直属机构""}}"
"government_jobs","国家公务员2024招考简章","公务员/事业单位技术岗位","贵州省铜仁市","2026-07-28T09:12:58.310295+00:00","统计信息部门一级主任科员及以下","国家金融监督管理总局贵州监管局","","贵州省铜仁市","公务员/事业单位;2024;computer_software;cybersecurity_cryptography;本科及以上;与最高学历相对应的学位;计算机科学与技术、软件工程、网络工程、信息安全;市（地）级及以下直属机构综合管理类","用人司局：国家金融监督管理总局铜仁监管分局德江县级派出机构
职位简介：主要从事信息科技风险监管、电子设备软硬件管理及信息系统运行维护等工作。
专业要求：计算机科学与技术、软件工程、网络工程、信息安全
学历要求：本科及以上
学位要求：与最高学历相对应的学位
政治面貌：不限
基层工作经历：无限制
考试类别：市（地）级及以下直属机构综合管理类
备注：1.应届高校毕业生；2.大学英语四级成绩425分及以上，并在外语水平一栏注明已获得的英语等级证书及成绩；3.有关专业考试信息请参见国家金融监督管理总局2024年度招考公告。","https://www.xuanhan.gov.cn/xxgk-show-77635.html#154124-300147017001","2023-10-15","{""dataset_year"":2024,""job_uid"":""GOV-2024-154124-300147017001"",""publisher"":""国家公务员局"",""publication_page"":""https://www.xuanhan.gov.cn/xxgk-show-77635.html"",""attachment_url"":""https://www.xuanhan.gov.cn/uploadfile/1/Attachment/638fdecf51.zip"",""local_source_file"":""中央机关及其直属机构2024年度考试录用公务员招考简章.xls"",""local_source_sha256"":""a1741b99dbecd6d03e533f99f2d69b0fa5a79733e551b80af69986ceed2ad996"",""source_sheet"":""中央国家行政机关省级以下直属机构"",""filter_version"":""government_tech_v2"",""tech_filter"":{""is_tech"":true,""is_core_tech"":true,""scope"":""core"",""categories"":[""computer_software"",""cybersecurity_cryptography""],""matched_fields"":[""major"",""description""],""major_terms"":[""信息安全"",""网络工程"",""计算机科学与技术"",""软件工程""],""role_terms"":[""信息科技"",""信息系统"",""软硬件""],""reason"":""tech_major_and_role""},""original"":{""部门代码"":""154124"",""部门名称"":""国家金融监督管理总局贵州监管局"",""用人司局"":""国家金融监督管理总局铜仁监管分局德江县级派出机构"",""机构性质"":""中央国家行政机关省级以下直属机构"",""招考职位"":""统计信息部门一级主任科员及以下"",""职位属性"":""金融监管计算机类职位"",""职位分布"":""西部地区和艰苦边远地区职位"",""职位简介"":""主要从事信息科技风险监管、电子设备软硬件管理及信息系统运行维护等工作。"",""职位代码"":""300147017001"",""机构层级"":""县（区）级及以下"",""考试类别"":""市（地）级及以下直属机构综合管理类"",""招考人数"":""1"",""专业"":""计算机科学与技术、软件工程、网络工程、信息安全"",""学历"":""本科及以上"",""学位"":""与最高学历相对应的学位"",""政治面貌"":""不限"",""基层工作最低年限"":""无限制"",""服务基层项目工作经历"":""无限制"",""是否在面试阶段组织专业能力测试"":""否"",""面试人员比例"":""3:1"",""工作地点"":""贵州省铜仁市"",""落户地点"":""贵州省铜仁市"",""备注"":""1.应届高校毕业生；2.大学英语四级成绩425分及以上，并在外语水平一栏注明已获得的英语等级证书及成绩；3.有关专业考试信息请参见国家金融监督管理总局2024年度招考公告。"",""部门网站"":""http://www.cbirc.gov.cn/"",""咨询电话1"":""0851-87993021"",""咨询电话2"":""0851-87117393"",""咨询电话3"":""0851-87993153"",""来源Sheet"":""中央国家行政机关省级以下直属机构""}}"
"government_jobs","国家公务员2024招考简章","公务员/事业单位技术岗位","贵州省六盘水市","2026-07-28T09:12:58.310295+00:00","统计信息部门一级主任科员及以下","国家金融监督管理总局贵州监管局","","贵州省六盘水市","公务员/事业单位;2024;computer_software;cybersecurity_cryptography;本科及以上;与最高学历相对应的学位;计算机科学与技术、软件工程、网络工程、信息安全;市（地）级及以下直属机构综合管理类","用人司局：国家金融监督管理总局六盘水监管分局
职位简介：主要从事信息科技风险监管、电子设备软硬件管理及信息系统运行维护等工作。
专业要求：计算机科学与技术、软件工程、网络工程、信息安全
学历要求：本科及以上
学位要求：与最高学历相对应的学位
政治面貌：不限
基层工作经历：无限制
考试类别：市（地）级及以下直属机构综合管理类
备注：1.应届高校毕业生；2.大学英语四级成绩425分及以上，并在外语水平一栏注明已获得的英语等级证书及成绩；3.有关专业考试信息请参见国家金融监督管理总局2024年度招考公告。","https://www.xuanhan.gov.cn/xxgk-show-77635.html#154124-300147019001","2023-10-15","{""dataset_year"":2024,""job_uid"":""GOV-2024-154124-300147019001"",""publisher"":""国家公务员局"",""publication_page"":""https://www.xuanhan.gov.cn/xxgk-show-77635.html"",""attachment_url"":""https://www.xuanhan.gov.cn/uploadfile/1/Attachment/638fdecf51.zip"",""local_source_file"":""中央机关及其直属机构2024年度考试录用公务员招考简章.xls"",""local_source_sha256"":""a1741b99dbecd6d03e533f99f2d69b0fa5a79733e551b80af69986ceed2ad996"",""source_sheet"":""中央国家行政机关省级以下直属机构"",""filter_version"":""government_tech_v2"",""tech_filter"":{""is_tech"":true,""is_core_tech"":true,""scope"":""core"",""categories"":[""computer_software"",""cybersecurity_cryptography""],""matched_fields"":[""major"",""description""],""major_terms"":[""信息安全"",""网络工程"",""计算机科学与技术"",""软件工程""],""role_terms"":[""信息科技"",""信息系统"",""软硬件""],""reason"":""tech_major_and_role""},""original"":{""部门代码"":""154124"",""部门名称"":""国家金融监督管理总局贵州监管局"",""用人司局"":""国家金融监督管理总局六盘水监管分局"",""机构性质"":""中央国家行政机关省级以下直属机构"",""招考职位"":""统计信息部门一级主任科员及以下"",""职位属性"":""金融监管计算机类职位"",""职位分布"":""西部地区和艰苦边远地区职位"",""职位简介"":""主要从事信息科技风险监管、电子设备软硬件管理及信息系统运行维护等工作。"",""职位代码"":""300147019001"",""机构层级"":""市（地）级"",""考试类别"":""市（地）级及以下直属机构综合管理类"",""招考人数"":""1"",""专业"":""计算机科学与技术、软件工程、网络工程、信息安全"",""学历"":""本科及以上"",""学位"":""与最高学历相对应的学位"",""政治面貌"":""不限"",""基层工作最低年限"":""无限制"",""服务基层项目工作经历"":""无限制"",""是否在面试阶段组织专业能力测试"":""否"",""面试人员比例"":""3:1"",""工作地点"":""贵州省六盘水市"",""落户地点"":""贵州省六盘水市"",""备注"":""1.应届高校毕业生；2.大学英语四级成绩425分及以上，并在外语水平一栏注明已获得的英语等级证书及成绩；3.有关专业考试信息请参见国家金融监督管理总局2024年度招考公告。"",""部门网站"":""http://www.cbirc.gov.cn/"",""咨询电话1"":""0851-87993021"",""咨询电话2"":""0851-87117393"",""咨询电话3"":""0851-87993153"",""来源Sheet"":""中央国家行政机关省级以下直属机构""}}"
"government_jobs","国家公务员2024招考简章","公务员/事业单位技术岗位","贵州省黔西南布依族苗族自治州","2026-07-28T09:12:58.310295+00:00","统计信息部门一级主任科员及以下","国家金融监督管理总局贵州监管局","","贵州省黔西南布依族苗族自治州","公务员/事业单位;2024;computer_software;cybersecurity_cryptography;本科及以上;与最高学历相对应的学位;计算机科学与技术、软件工程、网络工程、信息安全;市（地）级及以下直属机构综合管理类","用人司局：国家金融监督管理总局黔西南监管分局
职位简介：主要从事信息科技风险监管、电子设备软硬件管理及信息系统运行维护等工作。
专业要求：计算机科学与技术、软件工程、网络工程、信息安全
学历要求：本科及以上
学位要求：与最高学历相对应的学位
政治面貌：不限
基层工作经历：无限制
考试类别：市（地）级及以下直属机构综合管理类
备注：1.应届高校毕业生；2.大学英语四级成绩425分及以上，并在外语水平一栏注明已获得的英语等级证书及成绩；3.有关专业考试信息请参见国家金融监督管理总局2024年度招考公告。","https://www.xuanhan.gov.cn/xxgk-show-77635.html#154124-300147020001","2023-10-15","{""dataset_year"":2024,""job_uid"":""GOV-2024-154124-300147020001"",""publisher"":""国家公务员局"",""publication_page"":""https://www.xuanhan.gov.cn/xxgk-show-77635.html"",""attachment_url"":""https://www.xuanhan.gov.cn/uploadfile/1/Attachment/638fdecf51.zip"",""local_source_file"":""中央机关及其直属机构2024年度考试录用公务员招考简章.xls"",""local_source_sha256"":""a1741b99dbecd6d03e533f99f2d69b0fa5a79733e551b80af69986ceed2ad996"",""source_sheet"":""中央国家行政机关省级以下直属机构"",""filter_version"":""government_tech_v2"",""tech_filter"":{""is_tech"":true,""is_core_tech"":true,""scope"":""core"",""categories"":[""computer_software"",""cybersecurity_cryptography""],""matched_fields"":[""major"",""description""],""major_terms"":[""信息安全"",""网络工程"",""计算机科学与技术"",""软件工程""],""role_terms"":[""信息科技"",""信息系统"",""软硬件""],""reason"":""tech_major_and_role""},""original"":{""部门代码"":""154124"",""部门名称"":""国家金融监督管理总局贵州监管局"",""用人司局"":""国家金融监督管理总局黔西南监管分局"",""机构性质"":""中央国家行政机关省级以下直属机构"",""招考职位"":""统计信息部门一级主任科员及以下"",""职位属性"":""金融监管计算机类职位"",""职位分布"":""西部地区和艰苦边远地区职位"",""职位简介"":""主要从事信息科技风险监管、电子设备软硬件管理及信息系统运行维护等工作。"",""职位代码"":""300147020001"",""机构层级"":""市（地）级"",""考试类别"":""市（地）级及以下直属机构综合管理类"",""招考人数"":""1"",""专业"":""计算机科学与技术、软件工程、网络工程、信息安全"",""学历"":""本科及以上"",""学位"":""与最高学历相对应的学位"",""政治面貌"":""不限"",""基层工作最低年限"":""无限制"",""服务基层项目工作经历"":""无限制"",""是否在面试阶段组织专业能力测试"":""否"",""面试人员比例"":""3:1"",""工作地点"":""贵州省黔西南布依族苗族自治州"",""落户地点"":""贵州省黔西南布依族苗族自治州"",""备注"":""1.应届高校毕业生；2.大学英语四级成绩425分及以上，并在外语水平一栏注明已获得的英语等级证书及成绩；3.有关专业考试信息请参见国家金融监督管理总局2024年度招考公告。"",""部门网站"":""http://www.cbirc.gov.cn/"",""咨询电话1"":""0851-87993021"",""咨询电话2"":""0851-87117393"",""咨询电话3"":""0851-87993153"",""来源Sheet"":""中央国家行政机关省级以下直属机构""}}"
"government_jobs","国家公务员2024招考简章","公务员/事业单位技术岗位","云南省昆明市","2026-07-28T09:12:58.310295+00:00","统计信息部门一级主任科员及以下","国家金融监督管理总局云南监管局","","云南省昆明市","公务员/事业单位;2024;computer_software;cybersecurity_cryptography;electronics_communication;仅限硕士研究生;硕士;计算机科学与技术、计算机系统结构、计算机软件与理论、计算机应用技术、信息与通信工程、通信与信息系统、信号与信息处理、软件工程、通信工程、计算机技术、软件工程、大数据技术与工程、网络与信息安全;中央机关及其省级直属机构综合管理类","用人司局：国家金融监督管理总局云南监管局
职位简介：主要从事信息科技风险监管、电子设备软硬件管理及信息系统运行维护等工作。
专业要求：计算机科学与技术、计算机系统结构、计算机软件与理论、计算机应用技术、信息与通信工程、通信与信息系统、信号与信息处理、软件工程、通信工程、计算机技术、软件工程、大数据技术与工程、网络与信息安全
学历要求：仅限硕士研究生
学位要求：硕士
政治面貌：不限
基层工作经历：无限制
考试类别：中央机关及其省级直属机构综合管理类
备注：1.最低服务年限五年（含试用期）；2.落户须符合当地有关政策，单位无法办理集体户口；3.大学英语六级60分（100分制）或425（710分制）及以上，并在外语水平一栏注明已获得的英语等级证书及成绩；4.有关专业考试信息请参见国家金融监督管理总局2024年度招考公告。","https://www.xuanhan.gov.cn/xxgk-show-77635.html#154125-300147001001","2023-10-15","{""dataset_year"":2024,""job_uid"":""GOV-2024-154125-300147001001"",""publisher"":""国家公务员局"",""publication_page"":""https://www.xuanhan.gov.cn/xxgk-show-77635.html"",""attachment_url"":""https://www.xuanhan.gov.cn/uploadfile/1/Attachment/638fdecf51.zip"",""local_source_file"":""中央机关及其直属机构2024年度考试录用公务员招考简章.xls"",""local_source_sha256"":""a1741b99dbecd6d03e533f99f2d69b0fa5a79733e551b80af69986ceed2ad996"",""source_sheet"":""中央国家行政机关省级以下直属机构"",""filter_version"":""government_tech_v2"",""tech_filter"":{""is_tech"":true,""is_core_tech"":true,""scope"":""core"",""categories"":[""computer_software"",""cybersecurity_cryptography"",""electronics_communication""],""matched_fields"":[""major"",""description""],""major_terms"":[""信息与通信工程"",""信息安全"",""大数据"",""计算机"",""计算机技术"",""计算机科学与技术"",""软件工程"",""通信工程""],""role_terms"":[""信息科技"",""信息系统"",""软硬件""],""reason"":""tech_major_and_role""},""original"":{""部门代码"":""154125"",""部门名称"":""国家金融监督管理总局云南监管局"",""用人司局"":""国家金融监督管理总局云南监管局"",""机构性质"":""中央国家行政机关省级以下直属机构"",""招考职位"":""统计信息部门一级主任科员及以下"",""职位属性"":""金融监管计算机类职位"",""职位分布"":""其他职位"",""职位简介"":""主要从事信息科技风险监管、电子设备软硬件管理及信息系统运行维护等工作。"",""职位代码"":""300147001001"",""机构层级"":""省（副省）级"",""考试类别"":""中央机关及其省级直属机构综合管理类"",""招考人数"":""4"",""专业"":""计算机科学与技术、计算机系统结构、计算机软件与理论、计算机应用技术、信息与通信工程、通信与信息系统、信号与信息处理、软件工程、通信工程、计算机技术、软件工程、大数据技术与工程、网络与信息安全"",""学历"":""仅限硕士研究生"",""学位"":""硕士"",""政治面貌"":""不限"",""基层工作最低年限"":""无限制"",""服务基层项目工作经历"":""无限制"",""是否在面试阶段组织专业能力测试"":""否"",""面试人员比例"":""4:1"",""工作地点"":""云南省昆明市"",""落户地点"":""云南省昆明市"",""备注"":""1.最低服务年限五年（含试用期）；2.落户须符合当地有关政策，单位无法办理集体户口；3.大学英语六级60分（100分制）或425（710分制）及以上，并在外语水平一栏注明已获得的英语等级证书及成绩；4.有关专业考试信息请参见国家金融监督管理总局2024年度招考公告。"",""部门网站"":""http://www.cbirc.gov.cn/"",""咨询电话1"":""0871-64622327"",""咨询电话2"":""0871-64622067"",""咨询电话3"":""0871-64622382"",""来源Sheet"":""中央国家行政机关省级以下直属机构""}}"
"government_jobs","国家公务员2024招考简章","公务员/事业单位技术岗位","云南省昭通市","2026-07-28T09:12:58.310295+00:00","统计信息部门一级主任科员及以下","国家金融监督管理总局云南监管局","","云南省昭通市","公务员/事业单位;2024;computer_software;cybersecurity_cryptography;仅限本科;学士;计算机类（计算机科学与技术、软件工程、网络工程、信息安全、数据科学与大数据技术）、管理科学与工程类（管理科学、信息管理与信息系统、大数据管理与应用、计算金融）;市（地）级及以下直属机构综合管理类","用人司局：国家金融监督管理总局昭通监管分局
职位简介：主要从事信息科技风险监管、电子设备软硬件管理及信息系统运行维护等工作。
专业要求：计算机类（计算机科学与技术、软件工程、网络工程、信息安全、数据科学与大数据技术）、管理科学与工程类（管理科学、信息管理与信息系统、大数据管理与应用、计算金融）
学历要求：仅限本科
学位要求：学士
政治面貌：不限
基层工作经历：无限制
考试类别：市（地）级及以下直属机构综合管理类
备注：1.应届高校毕业生；2.最低服务年限五年（含试用期）；3.落户须符合当地有关政策，单位无法办理集体户口；4.大学英语四级60分（100分制）或425（710分制）及以上 ，并在外语水平一栏注明已获得的英语等级证书及成绩；5.有关专业考试信息请参见国家金融监督管理总局2024年度招考公告。","https://www.xuanhan.gov.cn/xxgk-show-77635.html#154125-300147003001","2023-10-15","{""dataset_year"":2024,""job_uid"":""GOV-2024-154125-300147003001"",""publisher"":""国家公务员局"",""publication_page"":""https://www.xuanhan.gov.cn/xxgk-show-77635.html"",""attachment_url"":""https://www.xuanhan.gov.cn/uploadfile/1/Attachment/638fdecf51.zip"",""local_source_file"":""中央机关及其直属机构2024年度考试录用公务员招考简章.xls"",""local_source_sha256"":""a1741b99dbecd6d03e533f99f2d69b0fa5a79733e551b80af69986ceed2ad996"",""source_sheet"":""中央国家行政机关省级以下直属机构"",""filter_version"":""government_tech_v2"",""tech_filter"":{""is_tech"":true,""is_core_tech"":true,""scope"":""core"",""categories"":[""computer_software"",""cybersecurity_cryptography""],""matched_fields"":[""major"",""description""],""major_terms"":[""信息安全"",""大数据"",""数据科学与大数据技术"",""网络工程"",""计算机科学与技术"",""计算机类"",""软件工程""],""role_terms"":[""信息科技"",""信息系统"",""软硬件""],""reason"":""tech_major_and_role""},""original"":{""部门代码"":""154125"",""部门名称"":""国家金融监督管理总局云南监管局"",""用人司局"":""国家金融监督管理总局昭通监管分局"",""机构性质"":""中央国家行政机关省级以下直属机构"",""招考职位"":""统计信息部门一级主任科员及以下"",""职位属性"":""金融监管计算机类职位"",""职位分布"":""西部地区和艰苦边远地区职位"",""职位简介"":""主要从事信息科技风险监管、电子设备软硬件管理及信息系统运行维护等工作。"",""职位代码"":""300147003001"",""机构层级"":""市（地）级"",""考试类别"":""市（地）级及以下直属机构综合管理类"",""招考人数"":""2"",""专业"":""计算机类（计算机科学与技术、软件工程、网络工程、信息安全、数据科学与大数据技术）、管理科学与工程类（管理科学、信息管理与信息系统、大数据管理与应用、计算金融）"",""学历"":""仅限本科"",""学位"":""学士"",""政治面貌"":""不限"",""基层工作最低年限"":""无限制"",""服务基层项目工作经历"":""无限制"",""是否在面试阶段组织专业能力测试"":""否"",""面试人员比例"":""3:1"",""工作地点"":""云南省昭通市"",""落户地点"":""云南省昭通市"",""备注"":""1.应届高校毕业生；2.最低服务年限五年（含试用期）；3.落户须符合当地有关政策，单位无法办理集体户口；4.大学英语四级60分（100分制）或425（710分制）及以上 ，并在外语水平一栏注明已获得的英语等级证书及成绩；5.有关专业考试信息请参见国家金融监督管理总局2024年度招考公告。"",""部门网站"":""http://www.cbirc.gov.cn/"",""咨询电话1"":""0871-64622327"",""咨询电话2"":""0871-64622067"",""咨询电话3"":""0871-64622382"",""来源Sheet"":""中央国家行政机关省级以下直属机构""}}"
"government_jobs","国家公务员2024招考简章","公务员/事业单位技术岗位","云南省楚雄彝族自治州","2026-07-28T09:12:58.310295+00:00","统计信息部门一级主任科员及以下","国家金融监督管理总局云南监管局","","云南省楚雄彝族自治州","公务员/事业单位;2024;computer_software;cybersecurity_cryptography;仅限本科;学士;计算机类（计算机科学与技术、软件工程、网络工程、信息安全、数据科学与大数据技术）、管理科学与工程类（管理科学、信息管理与信息系统、大数据管理与应用、计算金融）;市（地）级及以下直属机构综合管理类","用人司局：国家金融监督管理总局楚雄监管分局
职位简介：主要从事信息科技风险监管、电子设备软硬件管理及信息系统运行维护等工作。
专业要求：计算机类（计算机科学与技术、软件工程、网络工程、信息安全、数据科学与大数据技术）、管理科学与工程类（管理科学、信息管理与信息系统、大数据管理与应用、计算金融）
学历要求：仅限本科
学位要求：学士
政治面貌：不限
基层工作经历：无限制
考试类别：市（地）级及以下直属机构综合管理类
备注：1.应届高校毕业生；2.最低服务年限五年（含试用期）；3.落户须符合当地有关政策，单位无法办理集体户口；4.大学英语四级60分（100分制）或425（710分制）及以上 ，并在外语水平一栏注明已获得的英语等级证书及成绩；5.有关专业考试信息请参见国家金融监督管理总局2024年度招考公告。","https://www.xuanhan.gov.cn/xxgk-show-77635.html#154125-300147006001","2023-10-15","{""dataset_year"":2024,""job_uid"":""GOV-2024-154125-300147006001"",""publisher"":""国家公务员局"",""publication_page"":""https://www.xuanhan.gov.cn/xxgk-show-77635.html"",""attachment_url"":""https://www.xuanhan.gov.cn/uploadfile/1/Attachment/638fdecf51.zip"",""local_source_file"":""中央机关及其直属机构2024年度考试录用公务员招考简章.xls"",""local_source_sha256"":""a1741b99dbecd6d03e533f99f2d69b0fa5a79733e551b80af69986ceed2ad996"",""source_sheet"":""中央国家行政机关省级以下直属机构"",""filter_version"":""government_tech_v2"",""tech_filter"":{""is_tech"":true,""is_core_tech"":true,""scope"":""core"",""categories"":[""computer_software"",""cybersecurity_cryptography""],""matched_fields"":[""major"",""description""],""major_terms"":[""信息安全"",""大数据"",""数据科学与大数据技术"",""网络工程"",""计算机科学与技术"",""计算机类"",""软件工程""],""role_terms"":[""信息科技"",""信息系统"",""软硬件""],""reason"":""tech_major_and_role""},""original"":{""部门代码"":""154125"",""部门名称"":""国家金融监督管理总局云南监管局"",""用人司局"":""国家金融监督管理总局楚雄监管分局"",""机构性质"":""中央国家行政机关省级以下直属机构"",""招考职位"":""统计信息部门一级主任科员及以下"",""职位属性"":""金融监管计算机类职位"",""职位分布"":""西部地区和艰苦边远地区职位"",""职位简介"":""主要从事信息科技风险监管、电子设备软硬件管理及信息系统运行维护等工作。"",""职位代码"":""300147006001"",""机构层级"":""市（地）级"",""考试类别"":""市（地）级及以下直属机构综合管理类"",""招考人数"":""1"",""专业"":""计算机类（计算机科学与技术、软件工程、网络工程、信息安全、数据科学与大数据技术）、管理科学与工程类（管理科学、信息管理与信息系统、大数据管理与应用、计算金融）"",""学历"":""仅限本科"",""学位"":""学士"",""政治面貌"":""不限"",""基层工作最低年限"":""无限制"",""服务基层项目工作经历"":""无限制"",""是否在面试阶段组织专业能力测试"":""否"",""面试人员比例"":""3:1"",""工作地点"":""云南省楚雄彝族自治州"",""落户地点"":""云南省楚雄彝族自治州"",""备注"":""1.应届高校毕业生；2.最低服务年限五年（含试用期）；3.落户须符合当地有关政策，单位无法办理集体户口；4.大学英语四级60分（100分制）或425（710分制）及以上 ，并在外语水平一栏注明已获得的英语等级证书及成绩；5.有关专业考试信息请参见国家金融监督管理总局2024年度招考公告。"",""部门网站"":""http://www.cbirc.gov.cn/"",""咨询电话1"":""0871-64622327"",""咨询电话2"":""0871-64622067"",""咨询电话3"":""0871-64622382"",""来源Sheet"":""中央国家行政机关省级以下直属机构""}}"
"government_jobs","国家公务员2024招考简章","公务员/事业单位技术岗位","云南省红河哈尼族彝族自治州","2026-07-28T09:12:58.310295+00:00","统计信息部门一级主任科员及以下","国家金融监督管理总局云南监管局","","云南省红河哈尼族彝族自治州","公务员/事业单位;2024;computer_software;cybersecurity_cryptography;仅限本科;学士;计算机类（计算机科学与技术、软件工程、网络工程、信息安全、数据科学与大数据技术）、管理科学与工程类（管理科学、信息管理与信息系统、大数据管理与应用、计算金融）;市（地）级及以下直属机构综合管理类","用人司局：国家金融监督管理总局红河监管分局
职位简介：主要从事信息科技风险监管、电子设备软硬件管理及信息系统运行维护等工作。
专业要求：计算机类（计算机科学与技术、软件工程、网络工程、信息安全、数据科学与大数据技术）、管理科学与工程类（管理科学、信息管理与信息系统、大数据管理与应用、计算金融）
学历要求：仅限本科
学位要求：学士
政治面貌：不限
基层工作经历：无限制
考试类别：市（地）级及以下直属机构综合管理类
备注：1.应届高校毕业生；2.最低服务年限五年（含试用期）；3.落户须符合当地有关政策，单位无法办理集体户口；4.限云南省户籍；5.大学英语四级60分（100分制）或425（710分制）及以上 ，并在外语水平一栏注明已获得的英语等级证书及成绩；6.有关专业考试信息请参见国家金融监督管理总局2024年度招考公告。","https://www.xuanhan.gov.cn/xxgk-show-77635.html#154125-300147011001","2023-10-15","{""dataset_year"":2024,""job_uid"":""GOV-2024-154125-300147011001"",""publisher"":""国家公务员局"",""publication_page"":""https://www.xuanhan.gov.cn/xxgk-show-77635.html"",""attachment_url"":""https://www.xuanhan.gov.cn/uploadfile/1/Attachment/638fdecf51.zip"",""local_source_file"":""中央机关及其直属机构2024年度考试录用公务员招考简章.xls"",""local_source_sha256"":""a1741b99dbecd6d03e533f99f2d69b0fa5a79733e551b80af69986ceed2ad996"",""source_sheet"":""中央国家行政机关省级以下直属机构"",""filter_version"":""government_tech_v2"",""tech_filter"":{""is_tech"":true,""is_core_tech"":true,""scope"":""core"",""categories"":[""computer_software"",""cybersecurity_cryptography""],""matched_fields"":[""major"",""description""],""major_terms"":[""信息安全"",""大数据"",""数据科学与大数据技术"",""网络工程"",""计算机科学与技术"",""计算机类"",""软件工程""],""role_terms"":[""信息科技"",""信息系统"",""软硬件""],""reason"":""tech_major_and_role""},""original"":{""部门代码"":""154125"",""部门名称"":""国家金融监督管理总局云南监管局"",""用人司局"":""国家金融监督管理总局红河监管分局"",""机构性质"":""中央国家行政机关省级以下直属机构"",""招考职位"":""统计信息部门一级主任科员及以下"",""职位属性"":""金融监管计算机类职位"",""职位分布"":""西部地区和艰苦边远地区职位"",""职位简介"":""主要从事信息科技风险监管、电子设备软硬件管理及信息系统运行维护等工作。"",""职位代码"":""300147011001"",""机构层级"":""市（地）级"",""考试类别"":""市（地）级及以下直属机构综合管理类"",""招考人数"":""1"",""专业"":""计算机类（计算机科学与技术、软件工程、网络工程、信息安全、数据科学与大数据技术）、管理科学与工程类（管理科学、信息管理与信息系统、大数据管理与应用、计算金融）"",""学历"":""仅限本科"",""学位"":""学士"",""政治面貌"":""不限"",""基层工作最低年限"":""无限制"",""服务基层项目工作经历"":""无限制"",""是否在面试阶段组织专业能力测试"":""否"",""面试人员比例"":""3:1"",""工作地点"":""云南省红河哈尼族彝族自治州"",""落户地点"":""云南省红河哈尼族彝族自治州"",""备注"":""1.应届高校毕业生；2.最低服务年限五年（含试用期）；3.落户须符合当地有关政策，单位无法办理集体户口；4.限云南省户籍；5.大学英语四级60分（100分制）或425（710分制）及以上 ，并在外语水平一栏注明已获得的英语等级证书及成绩；6.有关专业考试信息请参见国家金融监督管理总局2024年度招考公告。"",""部门网站"":""http://www.cbirc.gov.cn/"",""咨询电话1"":""0871-64622327"",""咨询电话2"":""0871-64622067"",""咨询电话3"":""0871-64622382"",""来源Sheet"":""中央国家行政机关省级以下直属机构""}}"
"government_jobs","国家公务员2024招考简章","公务员/事业单位技术岗位","云南省普洱市","2026-07-28T09:12:58.310295+00:00","统计信息部门一级主任科员及以下","国家金融监督管理总局云南监管局","","云南省普洱市","公务员/事业单位;2024;computer_software;cybersecurity_cryptography;electronics_communication;本科及以上;与最高学历相对应的学位;计算机类（计算机科学与技术、软件工程、网络工程、信息安全、数据科学与大数据技术）、管理科学与工程类（管理科学、信息管理与信息系统、大数据管理与应用、计算金融）；计算科学与技术类，信息与通信工程类，通信工程、大数据技术与工程、网络与信息安全;市（地）级及以下直属机构综合管理类","用人司局：国家金融监督管理总局普洱监管分局
职位简介：主要从事信息科技风险监管、电子设备软硬件管理及信息系统运行维护等工作。
专业要求：计算机类（计算机科学与技术、软件工程、网络工程、信息安全、数据科学与大数据技术）、管理科学与工程类（管理科学、信息管理与信息系统、大数据管理与应用、计算金融）；计算科学与技术类，信息与通信工程类，通信工程、大数据技术与工程、网络与信息安全
学历要求：本科及以上
学位要求：与最高学历相对应的学位
政治面貌：不限
基层工作经历：无限制
考试类别：市（地）级及以下直属机构综合管理类
备注：1.应届高校毕业生；2.最低服务年限五年（含试用期）；3.落户须符合当地有关政策，单位无法办理集体户口；4.大学英语四级60分（100分制）或425（710分制）及以上 ，并在外语水平一栏注明已获得的英语等级证书及成绩；5.有关专业考试信息请参见国家金融监督管理总局2024年度招考公告。","https://www.xuanhan.gov.cn/xxgk-show-77635.html#154125-300147018001","2023-10-15","{""dataset_year"":2024,""job_uid"":""GOV-2024-154125-300147018001"",""publisher"":""国家公务员局"",""publication_page"":""https://www.xuanhan.gov.cn/xxgk-show-77635.html"",""attachment_url"":""https://www.xuanhan.gov.cn/uploadfile/1/Attachment/638fdecf51.zip"",""local_source_file"":""中央机关及其直属机构2024年度考试录用公务员招考简章.xls"",""local_source_sha256"":""a1741b99dbecd6d03e533f99f2d69b0fa5a79733e551b80af69986ceed2ad996"",""source_sheet"":""中央国家行政机关省级以下直属机构"",""filter_version"":""government_tech_v2"",""tech_filter"":{""is_tech"":true,""is_core_tech"":true,""scope"":""core"",""categories"":[""computer_software"",""cybersecurity_cryptography"",""electronics_communication""],""matched_fields"":[""major"",""description""],""major_terms"":[""信息与通信工程"",""信息安全"",""大数据"",""数据科学与大数据技术"",""网络工程"",""计算机科学与技术"",""计算机类"",""软件工程"",""通信工程""],""role_terms"":[""信息科技"",""信息系统"",""软硬件""],""reason"":""tech_major_and_role""},""original"":{""部门代码"":""154125"",""部门名称"":""国家金融监督管理总局云南监管局"",""用人司局"":""国家金融监督管理总局普洱监管分局"",""机构性质"":""中央国家行政机关省级以下直属机构"",""招考职位"":""统计信息部门一级主任科员及以下"",""职位属性"":""金融监管计算机类职位"",""职位分布"":""西部地区和艰苦边远地区职位"",""职位简介"":""主要从事信息科技风险监管、电子设备软硬件管理及信息系统运行维护等工作。"",""职位代码"":""300147018001"",""机构层级"":""市（地）级"",""考试类别"":""市（地）级及以下直属机构综合管理类"",""招考人数"":""1"",""专业"":""计算机类（计算机科学与技术、软件工程、网络工程、信息安全、数据科学与大数据技术）、管理科学与工程类（管理科学、信息管理与信息系统、大数据管理与应用、计算金融）；计算科学与技术类，信息与通信工程类，通信工程、大数据技术与工程、网络与信息安全"",""学历"":""本科及以上"",""学位"":""与最高学历相对应的学位"",""政治面貌"":""不限"",""基层工作最低年限"":""无限制"",""服务基层项目工作经历"":""无限制"",""是否在面试阶段组织专业能力测试"":""否"",""面试人员比例"":""3:1"",""工作地点"":""云南省普洱市"",""落户地点"":""云南省普洱市"",""备注"":""1.应届高校毕业生；2.最低服务年限五年（含试用期）；3.落户须符合当地有关政策，单位无法办理集体户口；4.大学英语四级60分（100分制）或425（710分制）及以上 ，并在外语水平一栏注明已获得的英语等级证书及成绩；5.有关专业考试信息请参见国家金融监督管理总局2024年度招考公告。"",""部门网站"":""http://www.cbirc.gov.cn/"",""咨询电话1"":""0871-64622327"",""咨询电话2"":""0871-64622067"",""咨询电话3"":""0871-64622382"",""来源Sheet"":""中央国家行政机关省级以下直属机构""}}"
"government_jobs","国家公务员2024招考简章","公务员/事业单位技术岗位","云南省大理白族自治州","2026-07-28T09:12:58.310295+00:00","统计信息部门一级主任科员及以下","国家金融监督管理总局云南监管局","","云南省大理白族自治州","公务员/事业单位;2024;computer_software;cybersecurity_cryptography;仅限本科;学士;计算机类（计算机科学与技术、软件工程、网络工程、信息安全、数据科学与大数据技术）、管理科学与工程类（管理科学、信息管理与信息系统、大数据管理与应用、计算金融）;市（地）级及以下直属机构综合管理类","用人司局：国家金融监督管理总局大理监管分局
职位简介：主要从事信息科技风险监管、电子设备软硬件管理及信息系统运行维护等工作。
专业要求：计算机类（计算机科学与技术、软件工程、网络工程、信息安全、数据科学与大数据技术）、管理科学与工程类（管理科学、信息管理与信息系统、大数据管理与应用、计算金融）
学历要求：仅限本科
学位要求：学士
政治面貌：不限
基层工作经历：无限制
考试类别：市（地）级及以下直属机构综合管理类
备注：1.应届高校毕业生；2.最低服务年限五年（含试用期）；3.落户须符合当地有关政策，单位无法办理集体户口；4.大学英语四级60分（100分制）或425（710分制）及以上 ，并在外语水平一栏注明已获得的英语等级证书及成绩；5.有关专业考试信息请参见国家金融监督管理总局2024年度招考公告。","https://www.xuanhan.gov.cn/xxgk-show-77635.html#154125-300147020001","2023-10-15","{""dataset_year"":2024,""job_uid"":""GOV-2024-154125-300147020001"",""publisher"":""国家公务员局"",""publication_page"":""https://www.xuanhan.gov.cn/xxgk-show-77635.html"",""attachment_url"":""https://www.xuanhan.gov.cn/uploadfile/1/Attachment/638fdecf51.zip"",""local_source_file"":""中央机关及其直属机构2024年度考试录用公务员招考简章.xls"",""local_source_sha256"":""a1741b99dbecd6d03e533f99f2d69b0fa5a79733e551b80af69986ceed2ad996"",""source_sheet"":""中央国家行政机关省级以下直属机构"",""filter_version"":""government_tech_v2"",""tech_filter"":{""is_tech"":true,""is_core_tech"":true,""scope"":""core"",""categories"":[""computer_software"",""cybersecurity_cryptography""],""matched_fields"":[""major"",""description""],""major_terms"":[""信息安全"",""大数据"",""数据科学与大数据技术"",""网络工程"",""计算机科学与技术"",""计算机类"",""软件工程""],""role_terms"":[""信息科技"",""信息系统"",""软硬件""],""reason"":""tech_major_and_role""},""original"":{""部门代码"":""154125"",""部门名称"":""国家金融监督管理总局云南监管局"",""用人司局"":""国家金融监督管理总局大理监管分局"",""机构性质"":""中央国家行政机关省级以下直属机构"",""招考职位"":""统计信息部门一级主任科员及以下"",""职位属性"":""金融监管计算机类职位"",""职位分布"":""西部地区和艰苦边远地区职位"",""职位简介"":""主要从事信息科技风险监管、电子设备软硬件管理及信息系统运行维护等工作。"",""职位代码"":""300147020001"",""机构层级"":""市（地）级"",""考试类别"":""市（地）级及以下直属机构综合管理类"",""招考人数"":""2"",""专业"":""计算机类（计算机科学与技术、软件工程、网络工程、信息安全、数据科学与大数据技术）、管理科学与工程类（管理科学、信息管理与信息系统、大数据管理与应用、计算金融）"",""学历"":""仅限本科"",""学位"":""学士"",""政治面貌"":""不限"",""基层工作最低年限"":""无限制"",""服务基层项目工作经历"":""无限制"",""是否在面试阶段组织专业能力测试"":""否"",""面试人员比例"":""3:1"",""工作地点"":""云南省大理白族自治州"",""落户地点"":""云南省大理白族自治州"",""备注"":""1.应届高校毕业生；2.最低服务年限五年（含试用期）；3.落户须符合当地有关政策，单位无法办理集体户口；4.大学英语四级60分（100分制）或425（710分制）及以上 ，并在外语水平一栏注明已获得的英语等级证书及成绩；5.有关专业考试信息请参见国家金融监督管理总局2024年度招考公告。"",""部门网站"":""http://www.cbirc.gov.cn/"",""咨询电话1"":""0871-64622327"",""咨询电话2"":""0871-64622067"",""咨询电话3"":""0871-64622382"",""来源Sheet"":""中央国家行政机关省级以下直属机构""}}"
"government_jobs","国家公务员2024招考简章","公务员/事业单位技术岗位","云南省临沧市","2026-07-28T09:12:58.310295+00:00","统计信息部门一级主任科员及以下","国家金融监督管理总局云南监管局","","云南省临沧市","公务员/事业单位;2024;computer_software;cybersecurity_cryptography;仅限本科;学士;计算机类（计算机科学与技术、软件工程、网络工程、信息安全、数据科学与大数据技术）、管理科学与工程类（管理科学、信息管理与信息系统、大数据管理与应用、计算金融）;市（地）级及以下直属机构综合管理类","用人司局：国家金融监督管理总局临沧监管分局
职位简介：主要从事信息科技风险监管、电子设备软硬件管理及信息系统运行维护等工作。
专业要求：计算机类（计算机科学与技术、软件工程、网络工程、信息安全、数据科学与大数据技术）、管理科学与工程类（管理科学、信息管理与信息系统、大数据管理与应用、计算金融）
学历要求：仅限本科
学位要求：学士
政治面貌：不限
基层工作经历：无限制
考试类别：市（地）级及以下直属机构综合管理类
备注：1.应届高校毕业生；2.最低服务年限五年（含试用期）；3.落户须符合当地有关政策，单位无法办理集体户口；4.限云南省户籍；5.大学英语四级60分（100分制）或425（710分制）及以上 ，并在外语水平一栏注明已获得的英语等级证书及成绩；6.有关专业考试信息请参见国家金融监督管理总局2024年度招考公告。","https://www.xuanhan.gov.cn/xxgk-show-77635.html#154125-300147027001","2023-10-15","{""dataset_year"":2024,""job_uid"":""GOV-2024-154125-300147027001"",""publisher"":""国家公务员局"",""publication_page"":""https://www.xuanhan.gov.cn/xxgk-show-77635.html"",""attachment_url"":""https://www.xuanhan.gov.cn/uploadfile/1/Attachment/638fdecf51.zip"",""local_source_file"":""中央机关及其直属机构2024年度考试录用公务员招考简章.xls"",""local_source_sha256"":""a1741b99dbecd6d03e533f99f2d69b0fa5a79733e551b80af69986ceed2ad996"",""source_sheet"":""中央国家行政机关省级以下直属机构"",""filter_version"":""government_tech_v2"",""tech_filter"":{""is_tech"":true,""is_core_tech"":true,""scope"":""core"",""categories"":[""computer_software"",""cybersecurity_cryptography""],""matched_fields"":[""major"",""description""],""major_terms"":[""信息安全"",""大数据"",""数据科学与大数据技术"",""网络工程"",""计算机科学与技术"",""计算机类"",""软件工程""],""role_terms"":[""信息科技"",""信息系统"",""软硬件""],""reason"":""tech_major_and_role""},""original"":{""部门代码"":""154125"",""部门名称"":""国家金融监督管理总局云南监管局"",""用人司局"":""国家金融监督管理总局临沧监管分局"",""机构性质"":""中央国家行政机关省级以下直属机构"",""招考职位"":""统计信息部门一级主任科员及以下"",""职位属性"":""金融监管计算机类职位"",""职位分布"":""西部地区和艰苦边远地区职位"",""职位简介"":""主要从事信息科技风险监管、电子设备软硬件管理及信息系统运行维护等工作。"",""职位代码"":""300147027001"",""机构层级"":""市（地）级"",""考试类别"":""市（地）级及以下直属机构综合管理类"",""招考人数"":""2"",""专业"":""计算机类（计算机科学与技术、软件工程、网络工程、信息安全、数据科学与大数据技术）、管理科学与工程类（管理科学、信息管理与信息系统、大数据管理与应用、计算金融）"",""学历"":""仅限本科"",""学位"":""学士"",""政治面貌"":""不限"",""基层工作最低年限"":""无限制"",""服务基层项目工作经历"":""无限制"",""是否在面试阶段组织专业能力测试"":""否"",""面试人员比例"":""3:1"",""工作地点"":""云南省临沧市"",""落户地点"":""云南省临沧市"",""备注"":""1.应届高校毕业生；2.最低服务年限五年（含试用期）；3.落户须符合当地有关政策，单位无法办理集体户口；4.限云南省户籍；5.大学英语四级60分（100分制）或425（710分制）及以上 ，并在外语水平一栏注明已获得的英语等级证书及成绩；6.有关专业考试信息请参见国家金融监督管理总局2024年度招考公告。"",""部门网站"":""http://www.cbirc.gov.cn/"",""咨询电话1"":""0871-64622327"",""咨询电话2"":""0871-64622067"",""咨询电话3"":""0871-64622382"",""来源Sheet"":""中央国家行政机关省级以下直属机构""}}"
"government_jobs","国家公务员2024招考简章","公务员/事业单位技术岗位","西藏自治区拉萨市","2026-07-28T09:12:58.310295+00:00","统计信息部门一级主任科员及以下","国家金融监督管理总局西藏监管局","","西藏自治区拉萨市","公务员/事业单位;2024;computer_software;硕士研究生及以上;与最高学历相对应的学位;计算机类;中央机关及其省级直属机构综合管理类","用人司局：国家金融监督管理总局西藏监管局
职位简介：主要从事信息科技风险监管、电子设备软硬件管理及信息系统运行维护等工作。
专业要求：计算机类
学历要求：硕士研究生及以上
学位要求：与最高学历相对应的学位
政治面貌：不限
基层工作经历：无限制
考试类别：中央机关及其省级直属机构综合管理类
备注：1.最低服务年限为5年；2.大学英语四级成绩425分及以上；3.有关专业考试信息请参见国家金融监督管理总局2024年度招考公告。","https://www.xuanhan.gov.cn/xxgk-show-77635.html#154126-300147001001","2023-10-15","{""dataset_year"":2024,""job_uid"":""GOV-2024-154126-300147001001"",""publisher"":""国家公务员局"",""publication_page"":""https://www.xuanhan.gov.cn/xxgk-show-77635.html"",""attachment_url"":""https://www.xuanhan.gov.cn/uploadfile/1/Attachment/638fdecf51.zip"",""local_source_file"":""中央机关及其直属机构2024年度考试录用公务员招考简章.xls"",""local_source_sha256"":""a1741b99dbecd6d03e533f99f2d69b0fa5a79733e551b80af69986ceed2ad996"",""source_sheet"":""中央国家行政机关省级以下直属机构"",""filter_version"":""government_tech_v2"",""tech_filter"":{""is_tech"":true,""is_core_tech"":true,""scope"":""core"",""categories"":[""computer_software""],""matched_fields"":[""major"",""description""],""major_terms"":[""计算机类""],""role_terms"":[""信息科技"",""信息系统"",""软硬件""],""reason"":""tech_major_and_role""},""original"":{""部门代码"":""154126"",""部门名称"":""国家金融监督管理总局西藏监管局"",""用人司局"":""国家金融监督管理总局西藏监管局"",""机构性质"":""中央国家行政机关省级以下直属机构"",""招考职位"":""统计信息部门一级主任科员及以下"",""职位属性"":""金融监管计算机类职位"",""职位分布"":""其他职位"",""职位简介"":""主要从事信息科技风险监管、电子设备软硬件管理及信息系统运行维护等工作。"",""职位代码"":""300147001001"",""机构层级"":""省（副省）级"",""考试类别"":""中央机关及其省级直属机构综合管理类"",""招考人数"":""1"",""专业"":""计算机类"",""学历"":""硕士研究生及以上"",""学位"":""与最高学历相对应的学位"",""政治面貌"":""不限"",""基层工作最低年限"":""无限制"",""服务基层项目工作经历"":""无限制"",""是否在面试阶段组织专业能力测试"":""否"",""面试人员比例"":""4:1"",""工作地点"":""西藏自治区拉萨市"",""落户地点"":""西藏自治区拉萨市"",""备注"":""1.最低服务年限为5年；2.大学英语四级成绩425分及以上；3.有关专业考试信息请参见国家金融监督管理总局2024年度招考公告。"",""部门网站"":""http://www.cbirc.gov.cn/"",""咨询电话1"":""18689183513"",""咨询电话2"":""0891-6855764"",""咨询电话3"":""0891-6855787"",""来源Sheet"":""中央国家行政机关省级以下直属机构""}}"
"government_jobs","国家公务员2024招考简章","公务员/事业单位技术岗位","陕西省西安市","2026-07-28T09:12:58.310295+00:00","统计信息部门一级主任科员及以下","国家金融监督管理总局陕西监管局","","陕西省西安市","公务员/事业单位;2024;computer_software;仅限硕士研究生;硕士;计算机科学与技术、软件工程、网络工程、数据科学与大数据技术专业;中央机关及其省级直属机构综合管理类","用人司局：国家金融监督管理总局陕西监管局
职位简介：主要从事信息科技风险监管、电子设备软硬件管理及信息系统运行维护等工作
专业要求：计算机科学与技术、软件工程、网络工程、数据科学与大数据技术专业
学历要求：仅限硕士研究生
学位要求：硕士
政治面貌：不限
基层工作经历：无限制
考试类别：中央机关及其省级直属机构综合管理类
备注：1.最低服务年限5年（含试用期）；2.请在所学专业名称后注明专业学科代码；3.大学英语六级60分（100分制）或425分（710分制）及以上（雅思成绩在6.5分及以上或托福成绩在90分及以上亦可），并在外语水平一栏注明已获得的英语等级证书及具体成绩；4.有关专业考试信息请参见国家金融监督管理总局2024年度招考公告。","https://www.xuanhan.gov.cn/xxgk-show-77635.html#154127-300147001001","2023-10-15","{""dataset_year"":2024,""job_uid"":""GOV-2024-154127-300147001001"",""publisher"":""国家公务员局"",""publication_page"":""https://www.xuanhan.gov.cn/xxgk-show-77635.html"",""attachment_url"":""https://www.xuanhan.gov.cn/uploadfile/1/Attachment/638fdecf51.zip"",""local_source_file"":""中央机关及其直属机构2024年度考试录用公务员招考简章.xls"",""local_source_sha256"":""a1741b99dbecd6d03e533f99f2d69b0fa5a79733e551b80af69986ceed2ad996"",""source_sheet"":""中央国家行政机关省级以下直属机构"",""filter_version"":""government_tech_v2"",""tech_filter"":{""is_tech"":true,""is_core_tech"":true,""scope"":""core"",""categories"":[""computer_software""],""matched_fields"":[""major"",""description""],""major_terms"":[""大数据"",""数据科学与大数据技术"",""网络工程"",""计算机科学与技术"",""软件工程""],""role_terms"":[""信息科技"",""信息系统"",""软硬件""],""reason"":""tech_major_and_role""},""original"":{""部门代码"":""154127"",""部门名称"":""国家金融监督管理总局陕西监管局"",""用人司局"":""国家金融监督管理总局陕西监管局"",""机构性质"":""中央国家行政机关省级以下直属机构"",""招考职位"":""统计信息部门一级主任科员及以下"",""职位属性"":""金融监管计算机类职位"",""职位分布"":""其他职位"",""职位简介"":""主要从事信息科技风险监管、电子设备软硬件管理及信息系统运行维护等工作"",""职位代码"":""300147001001"",""机构层级"":""省（副省）级"",""考试类别"":""中央机关及其省级直属机构综合管理类"",""招考人数"":""2"",""专业"":""计算机科学与技术、软件工程、网络工程、数据科学与大数据技术专业"",""学历"":""仅限硕士研究生"",""学位"":""硕士"",""政治面貌"":""不限"",""基层工作最低年限"":""无限制"",""服务基层项目工作经历"":""无限制"",""是否在面试阶段组织专业能力测试"":""否"",""面试人员比例"":""4:1"",""工作地点"":""陕西省西安市"",""落户地点"":""陕西省西安市"",""备注"":""1.最低服务年限5年（含试用期）；2.请在所学专业名称后注明专业学科代码；3.大学英语六级60分（100分制）或425分（710分制）及以上（雅思成绩在6.5分及以上或托福成绩在90分及以上亦可），并在外语水平一栏注明已获得的英语等级证书及具体成绩；4.有关专业考试信息请参见国家金融监督管理总局2024年度招考公告。"",""部门网站"":""http://www.cbirc.gov.cn/"",""咨询电话1"":""029-88336521"",""咨询电话2"":""029-88335625"",""咨询电话3"":""029-88328679"",""来源Sheet"":""中央国家行政机关省级以下直属机构""}}"
"government_jobs","国家公务员2024招考简章","公务员/事业单位技术岗位","陕西省咸阳市","2026-07-28T09:12:58.310295+00:00","统计信息部门一级主任科员及以下","国家金融监督管理总局陕西监管局","","陕西省咸阳市","公务员/事业单位;2024;computer_software;本科及以上;与最高学历相对应的学位;计算机科学与技术、软件工程、网络工程、数据科学与大数据技术专业;市（地）级及以下直属机构综合管理类","用人司局：国家金融监督管理总局咸阳监管分局
职位简介：主要从事信息科技风险监管、电子设备软硬件管理及信息系统运行维护等工作
专业要求：计算机科学与技术、软件工程、网络工程、数据科学与大数据技术专业
学历要求：本科及以上
学位要求：与最高学历相对应的学位
政治面貌：不限
基层工作经历：无限制
考试类别：市（地）级及以下直属机构综合管理类
备注：1.本科双学士主修专业需符合岗位专业需求；2.最低服务年限5年（含试用期）；3.应届高校毕业生；4.请在所学专业名称后注明专业学科代码；5.大学英语四级60分（100分制）或425分（710分制）及以上（雅思成绩在6.0分及以上或托福成绩在80分及以上亦可），并在外语水平一栏注明已获得的英语等级证书及具体成绩；6.有关专业考试信息请参见国家金融监督管理总局2024年度招考公告。","https://www.xuanhan.gov.cn/xxgk-show-77635.html#154127-300147002001","2023-10-15","{""dataset_year"":2024,""job_uid"":""GOV-2024-154127-300147002001"",""publisher"":""国家公务员局"",""publication_page"":""https://www.xuanhan.gov.cn/xxgk-show-77635.html"",""attachment_url"":""https://www.xuanhan.gov.cn/uploadfile/1/Attachment/638fdecf51.zip"",""local_source_file"":""中央机关及其直属机构2024年度考试录用公务员招考简章.xls"",""local_source_sha256"":""a1741b99dbecd6d03e533f99f2d69b0fa5a79733e551b80af69986ceed2ad996"",""source_sheet"":""中央国家行政机关省级以下直属机构"",""filter_version"":""government_tech_v2"",""tech_filter"":{""is_tech"":true,""is_core_tech"":true,""scope"":""core"",""categories"":[""computer_software""],""matched_fields"":[""major"",""description""],""major_terms"":[""大数据"",""数据科学与大数据技术"",""网络工程"",""计算机科学与技术"",""软件工程""],""role_terms"":[""信息科技"",""信息系统"",""软硬件""],""reason"":""tech_major_and_role""},""original"":{""部门代码"":""154127"",""部门名称"":""国家金融监督管理总局陕西监管局"",""用人司局"":""国家金融监督管理总局咸阳监管分局"",""机构性质"":""中央国家行政机关省级以下直属机构"",""招考职位"":""统计信息部门一级主任科员及以下"",""职位属性"":""金融监管计算机类职位"",""职位分布"":""西部地区和艰苦边远地区职位"",""职位简介"":""主要从事信息科技风险监管、电子设备软硬件管理及信息系统运行维护等工作"",""职位代码"":""300147002001"",""机构层级"":""市（地）级"",""考试类别"":""市（地）级及以下直属机构综合管理类"",""招考人数"":""2"",""专业"":""计算机科学与技术、软件工程、网络工程、数据科学与大数据技术专业"",""学历"":""本科及以上"",""学位"":""与最高学历相对应的学位"",""政治面貌"":""不限"",""基层工作最低年限"":""无限制"",""服务基层项目工作经历"":""无限制"",""是否在面试阶段组织专业能力测试"":""否"",""面试人员比例"":""3:1"",""工作地点"":""陕西省咸阳市"",""落户地点"":""陕西省咸阳市"",""备注"":""1.本科双学士主修专业需符合岗位专业需求；2.最低服务年限5年（含试用期）；3.应届高校毕业生；4.请在所学专业名称后注明专业学科代码；5.大学英语四级60分（100分制）或425分（710分制）及以上（雅思成绩在6.0分及以上或托福成绩在80分及以上亦可），并在外语水平一栏注明已获得的英语等级证书及具体成绩；6.有关专业考试信息请参见国家金融监督管理总局2024年度招考公告。"",""部门网站"":""http://www.cbirc.gov.cn/"",""咨询电话1"":""029-88336521"",""咨询电话2"":""029-88335625"",""咨询电话3"":""029-88328679"",""来源Sheet"":""中央国家行政机关省级以下直属机构""}}"
"government_jobs","国家公务员2024招考简章","公务员/事业单位技术岗位","陕西省渭南市","2026-07-28T09:12:58.310295+00:00","统计信息部门一级主任科员及以下","国家金融监督管理总局陕西监管局","","陕西省渭南市","公务员/事业单位;2024;computer_software;本科及以上;与最高学历相对应的学位;计算机科学与技术、软件工程、网络工程、数据科学与大数据技术专业;市（地）级及以下直属机构综合管理类","用人司局：国家金融监督管理总局渭南监管分局
职位简介：主要从事信息科技风险监管、电子设备软硬件管理及信息系统运行维护等工作
专业要求：计算机科学与技术、软件工程、网络工程、数据科学与大数据技术专业
学历要求：本科及以上
学位要求：与最高学历相对应的学位
政治面貌：不限
基层工作经历：无限制
考试类别：市（地）级及以下直属机构综合管理类
备注：1.本科双学士主修专业需符合岗位专业需求；2.最低服务年限5年（含试用期）；3.应届高校毕业生；4.请在所学专业名称后注明专业学科代码；5.大学英语四级60分（100分制）或425分（710分制）及以上（雅思成绩在6.0分及以上或托福成绩在80分及以上亦可），并在外语水平一栏注明已获得的英语等级证书及具体成绩；6.有关专业考试信息请参见国家金融监督管理总局2024年度招考公告。","https://www.xuanhan.gov.cn/xxgk-show-77635.html#154127-300147004001","2023-10-15","{""dataset_year"":2024,""job_uid"":""GOV-2024-154127-300147004001"",""publisher"":""国家公务员局"",""publication_page"":""https://www.xuanhan.gov.cn/xxgk-show-77635.html"",""attachment_url"":""https://www.xuanhan.gov.cn/uploadfile/1/Attachment/638fdecf51.zip"",""local_source_file"":""中央机关及其直属机构2024年度考试录用公务员招考简章.xls"",""local_source_sha256"":""a1741b99dbecd6d03e533f99f2d69b0fa5a79733e551b80af69986ceed2ad996"",""source_sheet"":""中央国家行政机关省级以下直属机构"",""filter_version"":""government_tech_v2"",""tech_filter"":{""is_tech"":true,""is_core_tech"":true,""scope"":""core"",""categories"":[""computer_software""],""matched_fields"":[""major"",""description""],""major_terms"":[""大数据"",""数据科学与大数据技术"",""网络工程"",""计算机科学与技术"",""软件工程""],""role_terms"":[""信息科技"",""信息系统"",""软硬件""],""reason"":""tech_major_and_role""},""original"":{""部门代码"":""154127"",""部门名称"":""国家金融监督管理总局陕西监管局"",""用人司局"":""国家金融监督管理总局渭南监管分局"",""机构性质"":""中央国家行政机关省级以下直属机构"",""招考职位"":""统计信息部门一级主任科员及以下"",""职位属性"":""金融监管计算机类职位"",""职位分布"":""西部地区和艰苦边远地区职位"",""职位简介"":""主要从事信息科技风险监管、电子设备软硬件管理及信息系统运行维护等工作"",""职位代码"":""300147004001"",""机构层级"":""市（地）级"",""考试类别"":""市（地）级及以下直属机构综合管理类"",""招考人数"":""1"",""专业"":""计算机科学与技术、软件工程、网络工程、数据科学与大数据技术专业"",""学历"":""本科及以上"",""学位"":""与最高学历相对应的学位"",""政治面貌"":""不限"",""基层工作最低年限"":""无限制"",""服务基层项目工作经历"":""无限制"",""是否在面试阶段组织专业能力测试"":""否"",""面试人员比例"":""3:1"",""工作地点"":""陕西省渭南市"",""落户地点"":""陕西省渭南市"",""备注"":""1.本科双学士主修专业需符合岗位专业需求；2.最低服务年限5年（含试用期）；3.应届高校毕业生；4.请在所学专业名称后注明专业学科代码；5.大学英语四级60分（100分制）或425分（710分制）及以上（雅思成绩在6.0分及以上或托福成绩在80分及以上亦可），并在外语水平一栏注明已获得的英语等级证书及具体成绩；6.有关专业考试信息请参见国家金融监督管理总局2024年度招考公告。"",""部门网站"":""http://www.cbirc.gov.cn/"",""咨询电话1"":""029-88336521"",""咨询电话2"":""029-88335625"",""咨询电话3"":""029-88328679"",""来源Sheet"":""中央国家行政机关省级以下直属机构""}}"
"government_jobs","国家公务员2024招考简章","公务员/事业单位技术岗位","陕西省商洛市","2026-07-28T09:12:58.310295+00:00","统计信息部门一级主任科员及以下","国家金融监督管理总局陕西监管局","","陕西省商洛市","公务员/事业单位;2024;computer_software;本科及以上;与最高学历相对应的学位;计算机科学与技术专业;市（地）级及以下直属机构综合管理类","用人司局：国家金融监督管理总局商洛监管分局
职位简介：主要从事信息科技风险监管、电子设备软硬件管理及信息系统运行维护等工作
专业要求：计算机科学与技术专业
学历要求：本科及以上
学位要求：与最高学历相对应的学位
政治面貌：不限
基层工作经历：无限制
考试类别：市（地）级及以下直属机构综合管理类
备注：1.本科双学士主修专业需符合岗位专业需求；2.最低服务年限5年（含试用期）；3.请在所学专业名称后注明专业学科代码；4.大学英语四级60分（100分制）或425分（710分制）及以上（雅思成绩在6.0分及以上或托福成绩在80分及以上亦可），并在外语水平一栏注明已获得的英语等级证书及具体成绩；5.有关专业考试信息请参见国家金融监督管理总局2024年度招考公告。","https://www.xuanhan.gov.cn/xxgk-show-77635.html#154127-300147006001","2023-10-15","{""dataset_year"":2024,""job_uid"":""GOV-2024-154127-300147006001"",""publisher"":""国家公务员局"",""publication_page"":""https://www.xuanhan.gov.cn/xxgk-show-77635.html"",""attachment_url"":""https://www.xuanhan.gov.cn/uploadfile/1/Attachment/638fdecf51.zip"",""local_source_file"":""中央机关及其直属机构2024年度考试录用公务员招考简章.xls"",""local_source_sha256"":""a1741b99dbecd6d03e533f99f2d69b0fa5a79733e551b80af69986ceed2ad996"",""source_sheet"":""中央国家行政机关省级以下直属机构"",""filter_version"":""government_tech_v2"",""tech_filter"":{""is_tech"":true,""is_core_tech"":true,""scope"":""core"",""categories"":[""computer_software""],""matched_fields"":[""major"",""description""],""major_terms"":[""计算机科学与技术""],""role_terms"":[""信息科技"",""信息系统"",""软硬件""],""reason"":""tech_major_and_role""},""original"":{""部门代码"":""154127"",""部门名称"":""国家金融监督管理总局陕西监管局"",""用人司局"":""国家金融监督管理总局商洛监管分局"",""机构性质"":""中央国家行政机关省级以下直属机构"",""招考职位"":""统计信息部门一级主任科员及以下"",""职位属性"":""金融监管计算机类职位"",""职位分布"":""西部地区和艰苦边远地区职位"",""职位简介"":""主要从事信息科技风险监管、电子设备软硬件管理及信息系统运行维护等工作"",""职位代码"":""300147006001"",""机构层级"":""市（地）级"",""考试类别"":""市（地）级及以下直属机构综合管理类"",""招考人数"":""1"",""专业"":""计算机科学与技术专业"",""学历"":""本科及以上"",""学位"":""与最高学历相对应的学位"",""政治面貌"":""不限"",""基层工作最低年限"":""无限制"",""服务基层项目工作经历"":""无限制"",""是否在面试阶段组织专业能力测试"":""否"",""面试人员比例"":""3:1"",""工作地点"":""陕西省商洛市"",""落户地点"":""陕西省商洛市"",""备注"":""1.本科双学士主修专业需符合岗位专业需求；2.最低服务年限5年（含试用期）；3.请在所学专业名称后注明专业学科代码；4.大学英语四级60分（100分制）或425分（710分制）及以上（雅思成绩在6.0分及以上或托福成绩在80分及以上亦可），并在外语水平一栏注明已获得的英语等级证书及具体成绩；5.有关专业考试信息请参见国家金融监督管理总局2024年度招考公告。"",""部门网站"":""http://www.cbirc.gov.cn/"",""咨询电话1"":""029-88336521"",""咨询电话2"":""029-88335625"",""咨询电话3"":""029-88328679"",""来源Sheet"":""中央国家行政机关省级以下直属机构""}}"
"government_jobs","国家公务员2024招考简章","公务员/事业单位技术岗位","陕西省汉中市","2026-07-28T09:12:58.310295+00:00","统计信息部门一级主任科员及以下","国家金融监督管理总局陕西监管局","","陕西省汉中市","公务员/事业单位;2024;computer_software;仅限本科;学士;计算机科学与技术、软件工程、网络工程、数据科学与大数据技术专业;市（地）级及以下直属机构综合管理类","用人司局：国家金融监督管理总局汉中监管分局
职位简介：主要从事信息科技风险监管、电子设备软硬件管理及信息系统运行维护等工作
专业要求：计算机科学与技术、软件工程、网络工程、数据科学与大数据技术专业
学历要求：仅限本科
学位要求：学士
政治面貌：不限
基层工作经历：无限制
考试类别：市（地）级及以下直属机构综合管理类
备注：1.本科双学士主修专业需符合岗位专业需求；2.最低服务年限5年（含试用期）；3.应届高校毕业生；4.限陕西省户籍或生源；5.请在所学专业名称后注明专业学科代码；6.大学英语四级60分（100分制）或425分（710分制）及以上（雅思成绩在6.0分及以上或托福成绩在80分及以上亦可），并在外语水平一栏注明已获得的英语等级证书及具体成绩；7.有关专业考试信息请参见国家金融监督管理总局2024年度招考公告。","https://www.xuanhan.gov.cn/xxgk-show-77635.html#154127-300147007001","2023-10-15","{""dataset_year"":2024,""job_uid"":""GOV-2024-154127-300147007001"",""publisher"":""国家公务员局"",""publication_page"":""https://www.xuanhan.gov.cn/xxgk-show-77635.html"",""attachment_url"":""https://www.xuanhan.gov.cn/uploadfile/1/Attachment/638fdecf51.zip"",""local_source_file"":""中央机关及其直属机构2024年度考试录用公务员招考简章.xls"",""local_source_sha256"":""a1741b99dbecd6d03e533f99f2d69b0fa5a79733e551b80af69986ceed2ad996"",""source_sheet"":""中央国家行政机关省级以下直属机构"",""filter_version"":""government_tech_v2"",""tech_filter"":{""is_tech"":true,""is_core_tech"":true,""scope"":""core"",""categories"":[""computer_software""],""matched_fields"":[""major"",""description""],""major_terms"":[""大数据"",""数据科学与大数据技术"",""网络工程"",""计算机科学与技术"",""软件工程""],""role_terms"":[""信息科技"",""信息系统"",""软硬件""],""reason"":""tech_major_and_role""},""original"":{""部门代码"":""154127"",""部门名称"":""国家金融监督管理总局陕西监管局"",""用人司局"":""国家金融监督管理总局汉中监管分局"",""机构性质"":""中央国家行政机关省级以下直属机构"",""招考职位"":""统计信息部门一级主任科员及以下"",""职位属性"":""金融监管计算机类职位"",""职位分布"":""西部地区和艰苦边远地区职位"",""职位简介"":""主要从事信息科技风险监管、电子设备软硬件管理及信息系统运行维护等工作"",""职位代码"":""300147007001"",""机构层级"":""市（地）级"",""考试类别"":""市（地）级及以下直属机构综合管理类"",""招考人数"":""1"",""专业"":""计算机科学与技术、软件工程、网络工程、数据科学与大数据技术专业"",""学历"":""仅限本科"",""学位"":""学士"",""政治面貌"":""不限"",""基层工作最低年限"":""无限制"",""服务基层项目工作经历"":""无限制"",""是否在面试阶段组织专业能力测试"":""否"",""面试人员比例"":""3:1"",""工作地点"":""陕西省汉中市"",""落户地点"":""陕西省汉中市"",""备注"":""1.本科双学士主修专业需符合岗位专业需求；2.最低服务年限5年（含试用期）；3.应届高校毕业生；4.限陕西省户籍或生源；5.请在所学专业名称后注明专业学科代码；6.大学英语四级60分（100分制）或425分（710分制）及以上（雅思成绩在6.0分及以上或托福成绩在80分及以上亦可），并在外语水平一栏注明已获得的英语等级证书及具体成绩；7.有关专业考试信息请参见国家金融监督管理总局2024年度招考公告。"",""部门网站"":""http://www.cbirc.gov.cn/"",""咨询电话1"":""029-88336521"",""咨询电话2"":""029-88335625"",""咨询电话3"":""029-88328679"",""来源Sheet"":""中央国家行政机关省级以下直属机构""}}"
"government_jobs","国家公务员2024招考简章","公务员/事业单位技术岗位","甘肃省兰州市","2026-07-28T09:12:58.310295+00:00","统计信息部门一级主任科员及以下","国家金融监督管理总局甘肃监管局","","甘肃省兰州市","公务员/事业单位;2024;computer_software;硕士研究生及以上;与最高学历相对应的学位;计算机类专业;中央机关及其省级直属机构综合管理类","用人司局：国家金融监督管理总局甘肃监管局
职位简介：主要从事信息科技风险监管、电子设备软硬件管理及信息系统运行维护等工作。
专业要求：计算机类专业
学历要求：硕士研究生及以上
学位要求：与最高学历相对应的学位
政治面貌：不限
基层工作经历：无限制
考试类别：中央机关及其省级直属机构综合管理类
备注：1.从事金融监管工作；2.本局系统最低服务期为5年（含试用期）；3.大学英语四级60分（100分制）或425分（710分制）及以上，并在外语水平一栏注明已获得的英语等级证书及成绩；4.有关专业考试信息参见国家金融监督管理总局2024年度考试大纲。","https://www.xuanhan.gov.cn/xxgk-show-77635.html#154128-300147001001","2023-10-15","{""dataset_year"":2024,""job_uid"":""GOV-2024-154128-300147001001"",""publisher"":""国家公务员局"",""publication_page"":""https://www.xuanhan.gov.cn/xxgk-show-77635.html"",""attachment_url"":""https://www.xuanhan.gov.cn/uploadfile/1/Attachment/638fdecf51.zip"",""local_source_file"":""中央机关及其直属机构2024年度考试录用公务员招考简章.xls"",""local_source_sha256"":""a1741b99dbecd6d03e533f99f2d69b0fa5a79733e551b80af69986ceed2ad996"",""source_sheet"":""中央国家行政机关省级以下直属机构"",""filter_version"":""government_tech_v2"",""tech_filter"":{""is_tech"":true,""is_core_tech"":true,""scope"":""core"",""categories"":[""computer_software""],""matched_fields"":[""major"",""description""],""major_terms"":[""计算机类""],""role_terms"":[""信息科技"",""信息系统"",""软硬件""],""reason"":""tech_major_and_role""},""original"":{""部门代码"":""154128"",""部门名称"":""国家金融监督管理总局甘肃监管局"",""用人司局"":""国家金融监督管理总局甘肃监管局"",""机构性质"":""中央国家行政机关省级以下直属机构"",""招考职位"":""统计信息部门一级主任科员及以下"",""职位属性"":""金融监管计算机类职位"",""职位分布"":""其他职位"",""职位简介"":""主要从事信息科技风险监管、电子设备软硬件管理及信息系统运行维护等工作。"",""职位代码"":""300147001001"",""机构层级"":""省（副省）级"",""考试类别"":""中央机关及其省级直属机构综合管理类"",""招考人数"":""2"",""专业"":""计算机类专业"",""学历"":""硕士研究生及以上"",""学位"":""与最高学历相对应的学位"",""政治面貌"":""不限"",""基层工作最低年限"":""无限制"",""服务基层项目工作经历"":""无限制"",""是否在面试阶段组织专业能力测试"":""否"",""面试人员比例"":""4:1"",""工作地点"":""甘肃省兰州市"",""落户地点"":""甘肃省兰州市"",""备注"":""1.从事金融监管工作；2.本局系统最低服务期为5年（含试用期）；3.大学英语四级60分（100分制）或425分（710分制）及以上，并在外语水平一栏注明已获得的英语等级证书及成绩；4.有关专业考试信息参见国家金融监督管理总局2024年度考试大纲。"",""部门网站"":""http://www.cbirc.gov.cn/"",""咨询电话1"":""0931-8822952"",""咨询电话2"":""0931-8855344"",""咨询电话3"":"""",""来源Sheet"":""中央国家行政机关省级以下直属机构""}}"
"government_jobs","国家公务员2024招考简章","公务员/事业单位技术岗位","甘肃省嘉峪关市","2026-07-28T09:12:58.310295+00:00","统计信息部门一级主任科员及以下","国家金融监督管理总局甘肃监管局","","甘肃省嘉峪关市","公务员/事业单位;2024;computer_software;仅限本科;学士;计算机类专业;市（地）级及以下直属机构综合管理类","用人司局：国家金融监督管理总局嘉峪关监管分局
职位简介：主要从事信息科技风险监管、电子设备软硬件管理及信息系统运行维护等工作。
专业要求：计算机类专业
学历要求：仅限本科
学位要求：学士
政治面貌：不限
基层工作经历：无限制
考试类别：市（地）级及以下直属机构综合管理类
备注：1.应届高校毕业生；2.本局系统最低服务期为5年（含试用期）；3.大学英语四级60分（100分制）或425分（710分制）及以上，并在外语水平一栏注明已获得的英语等级证书及成绩；4.有关专业考试信息参见国家金融监督管理总局2024年度考试大纲。","https://www.xuanhan.gov.cn/xxgk-show-77635.html#154128-300147002001","2023-10-15","{""dataset_year"":2024,""job_uid"":""GOV-2024-154128-300147002001"",""publisher"":""国家公务员局"",""publication_page"":""https://www.xuanhan.gov.cn/xxgk-show-77635.html"",""attachment_url"":""https://www.xuanhan.gov.cn/uploadfile/1/Attachment/638fdecf51.zip"",""local_source_file"":""中央机关及其直属机构2024年度考试录用公务员招考简章.xls"",""local_source_sha256"":""a1741b99dbecd6d03e533f99f2d69b0fa5a79733e551b80af69986ceed2ad996"",""source_sheet"":""中央国家行政机关省级以下直属机构"",""filter_version"":""government_tech_v2"",""tech_filter"":{""is_tech"":true,""is_core_tech"":true,""scope"":""core"",""categories"":[""computer_software""],""matched_fields"":[""major"",""description""],""major_terms"":[""计算机类""],""role_terms"":[""信息科技"",""信息系统"",""软硬件""],""reason"":""tech_major_and_role""},""original"":{""部门代码"":""154128"",""部门名称"":""国家金融监督管理总局甘肃监管局"",""用人司局"":""国家金融监督管理总局嘉峪关监管分局"",""机构性质"":""中央国家行政机关省级以下直属机构"",""招考职位"":""统计信息部门一级主任科员及以下"",""职位属性"":""金融监管计算机类职位"",""职位分布"":""西部地区和艰苦边远地区职位"",""职位简介"":""主要从事信息科技风险监管、电子设备软硬件管理及信息系统运行维护等工作。"",""职位代码"":""300147002001"",""机构层级"":""市（地）级"",""考试类别"":""市（地）级及以下直属机构综合管理类"",""招考人数"":""1"",""专业"":""计算机类专业"",""学历"":""仅限本科"",""学位"":""学士"",""政治面貌"":""不限"",""基层工作最低年限"":""无限制"",""服务基层项目工作经历"":""无限制"",""是否在面试阶段组织专业能力测试"":""否"",""面试人员比例"":""3:1"",""工作地点"":""甘肃省嘉峪关市"",""落户地点"":""甘肃省嘉峪关市"",""备注"":""1.应届高校毕业生；2.本局系统最低服务期为5年（含试用期）；3.大学英语四级60分（100分制）或425分（710分制）及以上，并在外语水平一栏注明已获得的英语等级证书及成绩；4.有关专业考试信息参见国家金融监督管理总局2024年度考试大纲。"",""部门网站"":""http://www.cbirc.gov.cn/"",""咨询电话1"":""0931-8822952"",""咨询电话2"":""0931-8855344"",""咨询电话3"":"""",""来源Sheet"":""中央国家行政机关省级以下直属机构""}}"
"government_jobs","国家公务员2024招考简章","公务员/事业单位技术岗位","甘肃省张掖市","2026-07-28T09:12:58.310295+00:00","统计信息部门一级主任科员及以下","国家金融监督管理总局甘肃监管局","","甘肃省张掖市","公务员/事业单位;2024;computer_software;仅限本科;学士;计算机类专业;市（地）级及以下直属机构综合管理类","用人司局：国家金融监督管理总局张掖监管分局
职位简介：主要从事信息科技风险监管、电子设备软硬件管理及信息系统运行维护等工作。
专业要求：计算机类专业
学历要求：仅限本科
学位要求：学士
政治面貌：不限
基层工作经历：无限制
考试类别：市（地）级及以下直属机构综合管理类
备注：1.应届高校毕业生；2.本局系统最低服务期为5年（含试用期）；3.大学英语四级60分（100分制）或425分（710分制）及以上，并在外语水平一栏注明已获得的英语等级证书及成绩；4.有关专业考试信息参见国家金融监督管理总局2024年度考试大纲。","https://www.xuanhan.gov.cn/xxgk-show-77635.html#154128-300147003001","2023-10-15","{""dataset_year"":2024,""job_uid"":""GOV-2024-154128-300147003001"",""publisher"":""国家公务员局"",""publication_page"":""https://www.xuanhan.gov.cn/xxgk-show-77635.html"",""attachment_url"":""https://www.xuanhan.gov.cn/uploadfile/1/Attachment/638fdecf51.zip"",""local_source_file"":""中央机关及其直属机构2024年度考试录用公务员招考简章.xls"",""local_source_sha256"":""a1741b99dbecd6d03e533f99f2d69b0fa5a79733e551b80af69986ceed2ad996"",""source_sheet"":""中央国家行政机关省级以下直属机构"",""filter_version"":""government_tech_v2"",""tech_filter"":{""is_tech"":true,""is_core_tech"":true,""scope"":""core"",""categories"":[""computer_software""],""matched_fields"":[""major"",""description""],""major_terms"":[""计算机类""],""role_terms"":[""信息科技"",""信息系统"",""软硬件""],""reason"":""tech_major_and_role""},""original"":{""部门代码"":""154128"",""部门名称"":""国家金融监督管理总局甘肃监管局"",""用人司局"":""国家金融监督管理总局张掖监管分局"",""机构性质"":""中央国家行政机关省级以下直属机构"",""招考职位"":""统计信息部门一级主任科员及以下"",""职位属性"":""金融监管计算机类职位"",""职位分布"":""西部地区和艰苦边远地区职位"",""职位简介"":""主要从事信息科技风险监管、电子设备软硬件管理及信息系统运行维护等工作。"",""职位代码"":""300147003001"",""机构层级"":""市（地）级"",""考试类别"":""市（地）级及以下直属机构综合管理类"",""招考人数"":""1"",""专业"":""计算机类专业"",""学历"":""仅限本科"",""学位"":""学士"",""政治面貌"":""不限"",""基层工作最低年限"":""无限制"",""服务基层项目工作经历"":""无限制"",""是否在面试阶段组织专业能力测试"":""否"",""面试人员比例"":""3:1"",""工作地点"":""甘肃省张掖市"",""落户地点"":""甘肃省张掖市"",""备注"":""1.应届高校毕业生；2.本局系统最低服务期为5年（含试用期）；3.大学英语四级60分（100分制）或425分（710分制）及以上，并在外语水平一栏注明已获得的英语等级证书及成绩；4.有关专业考试信息参见国家金融监督管理总局2024年度考试大纲。"",""部门网站"":""http://www.cbirc.gov.cn/"",""咨询电话1"":""0931-8822952"",""咨询电话2"":""0931-8855344"",""咨询电话3"":"""",""来源Sheet"":""中央国家行政机关省级以下直属机构""}}"
"government_jobs","国家公务员2024招考简章","公务员/事业单位技术岗位","甘肃省金昌市","2026-07-28T09:12:58.310295+00:00","统计信息部门一级主任科员及以下","国家金融监督管理总局甘肃监管局","","甘肃省金昌市","公务员/事业单位;2024;computer_software;仅限本科;学士;计算机类专业;市（地）级及以下直属机构综合管理类","用人司局：国家金融监督管理总局金昌监管分局
职位简介：主要从事信息科技风险监管、电子设备软硬件管理及信息系统运行维护等工作。
专业要求：计算机类专业
学历要求：仅限本科
学位要求：学士
政治面貌：不限
基层工作经历：无限制
考试类别：市（地）级及以下直属机构综合管理类
备注：1.应届高校毕业生；2.本局系统最低服务期为5年（含试用期）；3.大学英语四级60分（100分制）或425分（710分制）及以上，并在外语水平一栏注明已获得的英语等级证书及成绩；4.有关专业考试信息参见国家金融监督管理总局2024年度考试大纲。","https://www.xuanhan.gov.cn/xxgk-show-77635.html#154128-300147004001","2023-10-15","{""dataset_year"":2024,""job_uid"":""GOV-2024-154128-300147004001"",""publisher"":""国家公务员局"",""publication_page"":""https://www.xuanhan.gov.cn/xxgk-show-77635.html"",""attachment_url"":""https://www.xuanhan.gov.cn/uploadfile/1/Attachment/638fdecf51.zip"",""local_source_file"":""中央机关及其直属机构2024年度考试录用公务员招考简章.xls"",""local_source_sha256"":""a1741b99dbecd6d03e533f99f2d69b0fa5a79733e551b80af69986ceed2ad996"",""source_sheet"":""中央国家行政机关省级以下直属机构"",""filter_version"":""government_tech_v2"",""tech_filter"":{""is_tech"":true,""is_core_tech"":true,""scope"":""core"",""categories"":[""computer_software""],""matched_fields"":[""major"",""description""],""major_terms"":[""计算机类""],""role_terms"":[""信息科技"",""信息系统"",""软硬件""],""reason"":""tech_major_and_role""},""original"":{""部门代码"":""154128"",""部门名称"":""国家金融监督管理总局甘肃监管局"",""用人司局"":""国家金融监督管理总局金昌监管分局"",""机构性质"":""中央国家行政机关省级以下直属机构"",""招考职位"":""统计信息部门一级主任科员及以下"",""职位属性"":""金融监管计算机类职位"",""职位分布"":""西部地区和艰苦边远地区职位"",""职位简介"":""主要从事信息科技风险监管、电子设备软硬件管理及信息系统运行维护等工作。"",""职位代码"":""300147004001"",""机构层级"":""市（地）级"",""考试类别"":""市（地）级及以下直属机构综合管理类"",""招考人数"":""1"",""专业"":""计算机类专业"",""学历"":""仅限本科"",""学位"":""学士"",""政治面貌"":""不限"",""基层工作最低年限"":""无限制"",""服务基层项目工作经历"":""无限制"",""是否在面试阶段组织专业能力测试"":""否"",""面试人员比例"":""3:1"",""工作地点"":""甘肃省金昌市"",""落户地点"":""甘肃省金昌市"",""备注"":""1.应届高校毕业生；2.本局系统最低服务期为5年（含试用期）；3.大学英语四级60分（100分制）或425分（710分制）及以上，并在外语水平一栏注明已获得的英语等级证书及成绩；4.有关专业考试信息参见国家金融监督管理总局2024年度考试大纲。"",""部门网站"":""http://www.cbirc.gov.cn/"",""咨询电话1"":""0931-8822952"",""咨询电话2"":""0931-8855344"",""咨询电话3"":"""",""来源Sheet"":""中央国家行政机关省级以下直属机构""}}"
"government_jobs","国家公务员2024招考简章","公务员/事业单位技术岗位","甘肃省武威市","2026-07-28T09:12:58.310295+00:00","统计信息部门一级主任科员及以下","国家金融监督管理总局甘肃监管局","","甘肃省武威市","公务员/事业单位;2024;computer_software;仅限本科;学士;计算机类专业;市（地）级及以下直属机构综合管理类","用人司局：国家金融监督管理总局武威监管分局
职位简介：主要从事信息科技风险监管、电子设备软硬件管理及信息系统运行维护等工作。
专业要求：计算机类专业
学历要求：仅限本科
学位要求：学士
政治面貌：不限
基层工作经历：无限制
考试类别：市（地）级及以下直属机构综合管理类
备注：1.应届高校毕业生；2.本局系统最低服务期为5年（含试用期）；3.大学英语四级60分（100分制）或425分（710分制）及以上，并在外语水平一栏注明已获得的英语等级证书及成绩；4.有关专业考试信息参见国家金融监督管理总局2024年度考试大纲。","https://www.xuanhan.gov.cn/xxgk-show-77635.html#154128-300147005001","2023-10-15","{""dataset_year"":2024,""job_uid"":""GOV-2024-154128-300147005001"",""publisher"":""国家公务员局"",""publication_page"":""https://www.xuanhan.gov.cn/xxgk-show-77635.html"",""attachment_url"":""https://www.xuanhan.gov.cn/uploadfile/1/Attachment/638fdecf51.zip"",""local_source_file"":""中央机关及其直属机构2024年度考试录用公务员招考简章.xls"",""local_source_sha256"":""a1741b99dbecd6d03e533f99f2d69b0fa5a79733e551b80af69986ceed2ad996"",""source_sheet"":""中央国家行政机关省级以下直属机构"",""filter_version"":""government_tech_v2"",""tech_filter"":{""is_tech"":true,""is_core_tech"":true,""scope"":""core"",""categories"":[""computer_software""],""matched_fields"":[""major"",""description""],""major_terms"":[""计算机类""],""role_terms"":[""信息科技"",""信息系统"",""软硬件""],""reason"":""tech_major_and_role""},""original"":{""部门代码"":""154128"",""部门名称"":""国家金融监督管理总局甘肃监管局"",""用人司局"":""国家金融监督管理总局武威监管分局"",""机构性质"":""中央国家行政机关省级以下直属机构"",""招考职位"":""统计信息部门一级主任科员及以下"",""职位属性"":""金融监管计算机类职位"",""职位分布"":""西部地区和艰苦边远地区职位"",""职位简介"":""主要从事信息科技风险监管、电子设备软硬件管理及信息系统运行维护等工作。"",""职位代码"":""300147005001"",""机构层级"":""市（地）级"",""考试类别"":""市（地）级及以下直属机构综合管理类"",""招考人数"":""1"",""专业"":""计算机类专业"",""学历"":""仅限本科"",""学位"":""学士"",""政治面貌"":""不限"",""基层工作最低年限"":""无限制"",""服务基层项目工作经历"":""无限制"",""是否在面试阶段组织专业能力测试"":""否"",""面试人员比例"":""3:1"",""工作地点"":""甘肃省武威市"",""落户地点"":""甘肃省武威市"",""备注"":""1.应届高校毕业生；2.本局系统最低服务期为5年（含试用期）；3.大学英语四级60分（100分制）或425分（710分制）及以上，并在外语水平一栏注明已获得的英语等级证书及成绩；4.有关专业考试信息参见国家金融监督管理总局2024年度考试大纲。"",""部门网站"":""http://www.cbirc.gov.cn/"",""咨询电话1"":""0931-8822952"",""咨询电话2"":""0931-8855344"",""咨询电话3"":"""",""来源Sheet"":""中央国家行政机关省级以下直属机构""}}"
"government_jobs","国家公务员2024招考简章","公务员/事业单位技术岗位","甘肃省白银市","2026-07-28T09:12:58.310295+00:00","统计信息部门一级主任科员及以下","国家金融监督管理总局甘肃监管局","","甘肃省白银市","公务员/事业单位;2024;computer_software;仅限本科;学士;计算机类专业;市（地）级及以下直属机构综合管理类","用人司局：国家金融监督管理总局白银监管分局
职位简介：主要从事信息科技风险监管、电子设备软硬件管理及信息系统运行维护等工作。
专业要求：计算机类专业
学历要求：仅限本科
学位要求：学士
政治面貌：不限
基层工作经历：无限制
考试类别：市（地）级及以下直属机构综合管理类
备注：1.应届高校毕业生；2.本局系统最低服务期为5年（含试用期）；3.大学英语四级60分（100分制）或425分（710分制）及以上，并在外语水平一栏注明已获得的英语等级证书及成绩；4.有关专业考试信息参见国家金融监督管理总局2024年度考试大纲。","https://www.xuanhan.gov.cn/xxgk-show-77635.html#154128-300147007001","2023-10-15","{""dataset_year"":2024,""job_uid"":""GOV-2024-154128-300147007001"",""publisher"":""国家公务员局"",""publication_page"":""https://www.xuanhan.gov.cn/xxgk-show-77635.html"",""attachment_url"":""https://www.xuanhan.gov.cn/uploadfile/1/Attachment/638fdecf51.zip"",""local_source_file"":""中央机关及其直属机构2024年度考试录用公务员招考简章.xls"",""local_source_sha256"":""a1741b99dbecd6d03e533f99f2d69b0fa5a79733e551b80af69986ceed2ad996"",""source_sheet"":""中央国家行政机关省级以下直属机构"",""filter_version"":""government_tech_v2"",""tech_filter"":{""is_tech"":true,""is_core_tech"":true,""scope"":""core"",""categories"":[""computer_software""],""matched_fields"":[""major"",""description""],""major_terms"":[""计算机类""],""role_terms"":[""信息科技"",""信息系统"",""软硬件""],""reason"":""tech_major_and_role""},""original"":{""部门代码"":""154128"",""部门名称"":""国家金融监督管理总局甘肃监管局"",""用人司局"":""国家金融监督管理总局白银监管分局"",""机构性质"":""中央国家行政机关省级以下直属机构"",""招考职位"":""统计信息部门一级主任科员及以下"",""职位属性"":""金融监管计算机类职位"",""职位分布"":""西部地区和艰苦边远地区职位"",""职位简介"":""主要从事信息科技风险监管、电子设备软硬件管理及信息系统运行维护等工作。"",""职位代码"":""300147007001"",""机构层级"":""市（地）级"",""考试类别"":""市（地）级及以下直属机构综合管理类"",""招考人数"":""1"",""专业"":""计算机类专业"",""学历"":""仅限本科"",""学位"":""学士"",""政治面貌"":""不限"",""基层工作最低年限"":""无限制"",""服务基层项目工作经历"":""无限制"",""是否在面试阶段组织专业能力测试"":""否"",""面试人员比例"":""3:1"",""工作地点"":""甘肃省白银市"",""落户地点"":""甘肃省白银市"",""备注"":""1.应届高校毕业生；2.本局系统最低服务期为5年（含试用期）；3.大学英语四级60分（100分制）或425分（710分制）及以上，并在外语水平一栏注明已获得的英语等级证书及成绩；4.有关专业考试信息参见国家金融监督管理总局2024年度考试大纲。"",""部门网站"":""http://www.cbirc.gov.cn/"",""咨询电话1"":""0931-8822952"",""咨询电话2"":""0931-8855344"",""咨询电话3"":"""",""来源Sheet"":""中央国家行政机关省级以下直属机构""}}"
"government_jobs","国家公务员2024招考简章","公务员/事业单位技术岗位","甘肃省天水市","2026-07-28T09:12:58.310295+00:00","统计信息部门一级主任科员及以下","国家金融监督管理总局甘肃监管局","","甘肃省天水市","公务员/事业单位;2024;computer_software;仅限本科;学士;计算机类专业;市（地）级及以下直属机构综合管理类","用人司局：国家金融监督管理总局天水监管分局
职位简介：主要从事信息科技风险监管、电子设备软硬件管理及信息系统运行维护等工作。
专业要求：计算机类专业
学历要求：仅限本科
学位要求：学士
政治面貌：不限
基层工作经历：无限制
考试类别：市（地）级及以下直属机构综合管理类
备注：1.应届高校毕业生；2.本局系统最低服务期为5年（含试用期）；3.大学英语四级60分（100分制）或425分（710分制）及以上，并在外语水平一栏注明已获得的英语等级证书及成绩；4.有关专业考试信息参见国家金融监督管理总局2024年度考试大纲。","https://www.xuanhan.gov.cn/xxgk-show-77635.html#154128-300147008001","2023-10-15","{""dataset_year"":2024,""job_uid"":""GOV-2024-154128-300147008001"",""publisher"":""国家公务员局"",""publication_page"":""https://www.xuanhan.gov.cn/xxgk-show-77635.html"",""attachment_url"":""https://www.xuanhan.gov.cn/uploadfile/1/Attachment/638fdecf51.zip"",""local_source_file"":""中央机关及其直属机构2024年度考试录用公务员招考简章.xls"",""local_source_sha256"":""a1741b99dbecd6d03e533f99f2d69b0fa5a79733e551b80af69986ceed2ad996"",""source_sheet"":""中央国家行政机关省级以下直属机构"",""filter_version"":""government_tech_v2"",""tech_filter"":{""is_tech"":true,""is_core_tech"":true,""scope"":""core"",""categories"":[""computer_software""],""matched_fields"":[""major"",""description""],""major_terms"":[""计算机类""],""role_terms"":[""信息科技"",""信息系统"",""软硬件""],""reason"":""tech_major_and_role""},""original"":{""部门代码"":""154128"",""部门名称"":""国家金融监督管理总局甘肃监管局"",""用人司局"":""国家金融监督管理总局天水监管分局"",""机构性质"":""中央国家行政机关省级以下直属机构"",""招考职位"":""统计信息部门一级主任科员及以下"",""职位属性"":""金融监管计算机类职位"",""职位分布"":""西部地区和艰苦边远地区职位"",""职位简介"":""主要从事信息科技风险监管、电子设备软硬件管理及信息系统运行维护等工作。"",""职位代码"":""300147008001"",""机构层级"":""市（地）级"",""考试类别"":""市（地）级及以下直属机构综合管理类"",""招考人数"":""1"",""专业"":""计算机类专业"",""学历"":""仅限本科"",""学位"":""学士"",""政治面貌"":""不限"",""基层工作最低年限"":""无限制"",""服务基层项目工作经历"":""无限制"",""是否在面试阶段组织专业能力测试"":""否"",""面试人员比例"":""3:1"",""工作地点"":""甘肃省天水市"",""落户地点"":""甘肃省天水市"",""备注"":""1.应届高校毕业生；2.本局系统最低服务期为5年（含试用期）；3.大学英语四级60分（100分制）或425分（710分制）及以上，并在外语水平一栏注明已获得的英语等级证书及成绩；4.有关专业考试信息参见国家金融监督管理总局2024年度考试大纲。"",""部门网站"":""http://www.cbirc.gov.cn/"",""咨询电话1"":""0931-8822952"",""咨询电话2"":""0931-8855344"",""咨询电话3"":"""",""来源Sheet"":""中央国家行政机关省级以下直属机构""}}"
"government_jobs","国家公务员2024招考简章","公务员/事业单位技术岗位","甘肃省庆阳市","2026-07-28T09:12:58.310295+00:00","统计信息部门一级主任科员及以下","国家金融监督管理总局甘肃监管局","","甘肃省庆阳市","公务员/事业单位;2024;computer_software;仅限本科;学士;计算机类专业;市（地）级及以下直属机构综合管理类","用人司局：国家金融监督管理总局庆阳监管分局
职位简介：主要从事信息科技风险监管、电子设备软硬件管理及信息系统运行维护等工作。
专业要求：计算机类专业
学历要求：仅限本科
学位要求：学士
政治面貌：不限
基层工作经历：无限制
考试类别：市（地）级及以下直属机构综合管理类
备注：1.应届高校毕业生；2.本局系统最低服务期为5年（含试用期）；3.大学英语四级60分（100分制）或425分（710分制）及以上，并在外语水平一栏注明已获得的英语等级证书及成绩；4.有关专业考试信息参见国家金融监督管理总局2024年度考试大纲。","https://www.xuanhan.gov.cn/xxgk-show-77635.html#154128-300147010001","2023-10-15","{""dataset_year"":2024,""job_uid"":""GOV-2024-154128-300147010001"",""publisher"":""国家公务员局"",""publication_page"":""https://www.xuanhan.gov.cn/xxgk-show-77635.html"",""attachment_url"":""https://www.xuanhan.gov.cn/uploadfile/1/Attachment/638fdecf51.zip"",""local_source_file"":""中央机关及其直属机构2024年度考试录用公务员招考简章.xls"",""local_source_sha256"":""a1741b99dbecd6d03e533f99f2d69b0fa5a79733e551b80af69986ceed2ad996"",""source_sheet"":""中央国家行政机关省级以下直属机构"",""filter_version"":""government_tech_v2"",""tech_filter"":{""is_tech"":true,""is_core_tech"":true,""scope"":""core"",""categories"":[""computer_software""],""matched_fields"":[""major"",""description""],""major_terms"":[""计算机类""],""role_terms"":[""信息科技"",""信息系统"",""软硬件""],""reason"":""tech_major_and_role""},""original"":{""部门代码"":""154128"",""部门名称"":""国家金融监督管理总局甘肃监管局"",""用人司局"":""国家金融监督管理总局庆阳监管分局"",""机构性质"":""中央国家行政机关省级以下直属机构"",""招考职位"":""统计信息部门一级主任科员及以下"",""职位属性"":""金融监管计算机类职位"",""职位分布"":""西部地区和艰苦边远地区职位"",""职位简介"":""主要从事信息科技风险监管、电子设备软硬件管理及信息系统运行维护等工作。"",""职位代码"":""300147010001"",""机构层级"":""市（地）级"",""考试类别"":""市（地）级及以下直属机构综合管理类"",""招考人数"":""1"",""专业"":""计算机类专业"",""学历"":""仅限本科"",""学位"":""学士"",""政治面貌"":""不限"",""基层工作最低年限"":""无限制"",""服务基层项目工作经历"":""无限制"",""是否在面试阶段组织专业能力测试"":""否"",""面试人员比例"":""3:1"",""工作地点"":""甘肃省庆阳市"",""落户地点"":""甘肃省庆阳市"",""备注"":""1.应届高校毕业生；2.本局系统最低服务期为5年（含试用期）；3.大学英语四级60分（100分制）或425分（710分制）及以上，并在外语水平一栏注明已获得的英语等级证书及成绩；4.有关专业考试信息参见国家金融监督管理总局2024年度考试大纲。"",""部门网站"":""http://www.cbirc.gov.cn/"",""咨询电话1"":""0931-8822952"",""咨询电话2"":""0931-8855344"",""咨询电话3"":"""",""来源Sheet"":""中央国家行政机关省级以下直属机构""}}"
"government_jobs","国家公务员2024招考简章","公务员/事业单位技术岗位","甘肃省陇南市","2026-07-28T09:12:58.310295+00:00","统计信息部门一级主任科员及以下","国家金融监督管理总局甘肃监管局","","甘肃省陇南市","公务员/事业单位;2024;computer_software;仅限本科;学士;计算机类专业;市（地）级及以下直属机构综合管理类","用人司局：国家金融监督管理总局陇南监管分局
职位简介：主要从事信息科技风险监管、电子设备软硬件管理及信息系统运行维护等工作。
专业要求：计算机类专业
学历要求：仅限本科
学位要求：学士
政治面貌：不限
基层工作经历：无限制
考试类别：市（地）级及以下直属机构综合管理类
备注：1.应届高校毕业生；2.本局系统最低服务期为5年（含试用期）；3.大学英语四级60分（100分制）或425分（710分制）及以上，并在外语水平一栏注明已获得的英语等级证书及成绩；4.有关专业考试信息参见国家金融监督管理总局2024年度考试大纲。","https://www.xuanhan.gov.cn/xxgk-show-77635.html#154128-300147011001","2023-10-15","{""dataset_year"":2024,""job_uid"":""GOV-2024-154128-300147011001"",""publisher"":""国家公务员局"",""publication_page"":""https://www.xuanhan.gov.cn/xxgk-show-77635.html"",""attachment_url"":""https://www.xuanhan.gov.cn/uploadfile/1/Attachment/638fdecf51.zip"",""local_source_file"":""中央机关及其直属机构2024年度考试录用公务员招考简章.xls"",""local_source_sha256"":""a1741b99dbecd6d03e533f99f2d69b0fa5a79733e551b80af69986ceed2ad996"",""source_sheet"":""中央国家行政机关省级以下直属机构"",""filter_version"":""government_tech_v2"",""tech_filter"":{""is_tech"":true,""is_core_tech"":true,""scope"":""core"",""categories"":[""computer_software""],""matched_fields"":[""major"",""description""],""major_terms"":[""计算机类""],""role_terms"":[""信息科技"",""信息系统"",""软硬件""],""reason"":""tech_major_and_role""},""original"":{""部门代码"":""154128"",""部门名称"":""国家金融监督管理总局甘肃监管局"",""用人司局"":""国家金融监督管理总局陇南监管分局"",""机构性质"":""中央国家行政机关省级以下直属机构"",""招考职位"":""统计信息部门一级主任科员及以下"",""职位属性"":""金融监管计算机类职位"",""职位分布"":""西部地区和艰苦边远地区职位"",""职位简介"":""主要从事信息科技风险监管、电子设备软硬件管理及信息系统运行维护等工作。"",""职位代码"":""300147011001"",""机构层级"":""市（地）级"",""考试类别"":""市（地）级及以下直属机构综合管理类"",""招考人数"":""1"",""专业"":""计算机类专业"",""学历"":""仅限本科"",""学位"":""学士"",""政治面貌"":""不限"",""基层工作最低年限"":""无限制"",""服务基层项目工作经历"":""无限制"",""是否在面试阶段组织专业能力测试"":""否"",""面试人员比例"":""3:1"",""工作地点"":""甘肃省陇南市"",""落户地点"":""甘肃省陇南市"",""备注"":""1.应届高校毕业生；2.本局系统最低服务期为5年（含试用期）；3.大学英语四级60分（100分制）或425分（710分制）及以上，并在外语水平一栏注明已获得的英语等级证书及成绩；4.有关专业考试信息参见国家金融监督管理总局2024年度考试大纲。"",""部门网站"":""http://www.cbirc.gov.cn/"",""咨询电话1"":""0931-8822952"",""咨询电话2"":""0931-8855344"",""咨询电话3"":"""",""来源Sheet"":""中央国家行政机关省级以下直属机构""}}"
"government_jobs","国家公务员2024招考简章","公务员/事业单位技术岗位","甘肃省酒泉市","2026-07-28T09:12:58.310295+00:00","统计信息部门一级主任科员及以下","国家金融监督管理总局甘肃监管局","","甘肃省酒泉市","公务员/事业单位;2024;computer_software;仅限本科;学士;计算机类专业;市（地）级及以下直属机构综合管理类","用人司局：国家金融监督管理总局酒泉监管分局玉门县级派出机构
职位简介：主要从事信息科技风险监管、电子设备软硬件管理及信息系统运行维护等工作。
专业要求：计算机类专业
学历要求：仅限本科
学位要求：学士
政治面貌：不限
基层工作经历：无限制
考试类别：市（地）级及以下直属机构综合管理类
备注：1.限甘肃省户籍或生源报考；2.应届高校毕业生；3.本局系统最低服务期为5年（含试用期）；4.大学英语四级60分（100分制）或425分（710分制）及以上，并在外语水平一栏注明已获得的英语等级证书及成绩；5.有关专业考试信息参见国家金融监督管理总局2024年度考试大纲。","https://www.xuanhan.gov.cn/xxgk-show-77635.html#154128-300147015001","2023-10-15","{""dataset_year"":2024,""job_uid"":""GOV-2024-154128-300147015001"",""publisher"":""国家公务员局"",""publication_page"":""https://www.xuanhan.gov.cn/xxgk-show-77635.html"",""attachment_url"":""https://www.xuanhan.gov.cn/uploadfile/1/Attachment/638fdecf51.zip"",""local_source_file"":""中央机关及其直属机构2024年度考试录用公务员招考简章.xls"",""local_source_sha256"":""a1741b99dbecd6d03e533f99f2d69b0fa5a79733e551b80af69986ceed2ad996"",""source_sheet"":""中央国家行政机关省级以下直属机构"",""filter_version"":""government_tech_v2"",""tech_filter"":{""is_tech"":true,""is_core_tech"":true,""scope"":""core"",""categories"":[""computer_software""],""matched_fields"":[""major"",""description""],""major_terms"":[""计算机类""],""role_terms"":[""信息科技"",""信息系统"",""软硬件""],""reason"":""tech_major_and_role""},""original"":{""部门代码"":""154128"",""部门名称"":""国家金融监督管理总局甘肃监管局"",""用人司局"":""国家金融监督管理总局酒泉监管分局玉门县级派出机构"",""机构性质"":""中央国家行政机关省级以下直属机构"",""招考职位"":""统计信息部门一级主任科员及以下"",""职位属性"":""金融监管计算机类职位"",""职位分布"":""西部地区和艰苦边远地区职位"",""职位简介"":""主要从事信息科技风险监管、电子设备软硬件管理及信息系统运行维护等工作。"",""职位代码"":""300147015001"",""机构层级"":""县（区）级及以下"",""考试类别"":""市（地）级及以下直属机构综合管理类"",""招考人数"":""1"",""专业"":""计算机类专业"",""学历"":""仅限本科"",""学位"":""学士"",""政治面貌"":""不限"",""基层工作最低年限"":""无限制"",""服务基层项目工作经历"":""无限制"",""是否在面试阶段组织专业能力测试"":""否"",""面试人员比例"":""3:1"",""工作地点"":""甘肃省酒泉市"",""落户地点"":""甘肃省酒泉市"",""备注"":""1.限甘肃省户籍或生源报考；2.应届高校毕业生；3.本局系统最低服务期为5年（含试用期）；4.大学英语四级60分（100分制）或425分（710分制）及以上，并在外语水平一栏注明已获得的英语等级证书及成绩；5.有关专业考试信息参见国家金融监督管理总局2024年度考试大纲。"",""部门网站"":""http://www.cbirc.gov.cn/"",""咨询电话1"":""0931-8822952"",""咨询电话2"":""0931-8855344"",""咨询电话3"":"""",""来源Sheet"":""中央国家行政机关省级以下直属机构""}}"
"government_jobs","国家公务员2024招考简章","公务员/事业单位技术岗位","青海省西宁市城东区","2026-07-28T09:12:58.310295+00:00","统计信息部门一级主任科员及以下","国家金融监督管理总局青海监管局","","青海省西宁市城东区","公务员/事业单位;2024;computer_software;cybersecurity_cryptography;本科及以上;与最高学历相对应的学位;计算机科学与技术、软件工程、网络工程、信息安全、物联网工程、数字媒体技术;中央机关及其省级直属机构综合管理类","用人司局：国家金融监督管理总局青海监管局
职位简介：主要从事信息科技风险监管、电子设备软硬件管理及信息系统运行维护等工作。
专业要求：计算机科学与技术、软件工程、网络工程、信息安全、物联网工程、数字媒体技术
学历要求：本科及以上
学位要求：与最高学历相对应的学位
政治面貌：不限
基层工作经历：无限制
考试类别：中央机关及其省级直属机构综合管理类
备注：1.国（境）外学历学位者需在面试前资格审查环节提供教育部认证的学历学位；2.本科学历者须大学英语四级60分（100分制）或425分（710分制）及以上（雅思成绩在6分以上或托福成绩在80分以上亦可），硕士研究生须大学英语六级60分（100分制）或425分（710分制）及以上（雅思成绩在6.5分以上或托福成绩在90分以上亦可），在外语水平一栏注明已获得的英语等级证书及成绩；3.有关专业考试信息请参见国家金融监督管理总局2024年度招考公告。","https://www.xuanhan.gov.cn/xxgk-show-77635.html#154129-300147001002","2023-10-15","{""dataset_year"":2024,""job_uid"":""GOV-2024-154129-300147001002"",""publisher"":""国家公务员局"",""publication_page"":""https://www.xuanhan.gov.cn/xxgk-show-77635.html"",""attachment_url"":""https://www.xuanhan.gov.cn/uploadfile/1/Attachment/638fdecf51.zip"",""local_source_file"":""中央机关及其直属机构2024年度考试录用公务员招考简章.xls"",""local_source_sha256"":""a1741b99dbecd6d03e533f99f2d69b0fa5a79733e551b80af69986ceed2ad996"",""source_sheet"":""中央国家行政机关省级以下直属机构"",""filter_version"":""government_tech_v2"",""tech_filter"":{""is_tech"":true,""is_core_tech"":true,""scope"":""core"",""categories"":[""computer_software"",""cybersecurity_cryptography""],""matched_fields"":[""major"",""description""],""major_terms"":[""信息安全"",""数字媒体技术"",""物联网工程"",""网络工程"",""计算机科学与技术"",""软件工程""],""role_terms"":[""信息科技"",""信息系统"",""软硬件""],""reason"":""tech_major_and_role""},""original"":{""部门代码"":""154129"",""部门名称"":""国家金融监督管理总局青海监管局"",""用人司局"":""国家金融监督管理总局青海监管局"",""机构性质"":""中央国家行政机关省级以下直属机构"",""招考职位"":""统计信息部门一级主任科员及以下"",""职位属性"":""金融监管计算机类职位"",""职位分布"":""其他职位"",""职位简介"":""主要从事信息科技风险监管、电子设备软硬件管理及信息系统运行维护等工作。"",""职位代码"":""300147001002"",""机构层级"":""省（副省）级"",""考试类别"":""中央机关及其省级直属机构综合管理类"",""招考人数"":""3"",""专业"":""计算机科学与技术、软件工程、网络工程、信息安全、物联网工程、数字媒体技术"",""学历"":""本科及以上"",""学位"":""与最高学历相对应的学位"",""政治面貌"":""不限"",""基层工作最低年限"":""无限制"",""服务基层项目工作经历"":""无限制"",""是否在面试阶段组织专业能力测试"":""否"",""面试人员比例"":""4:1"",""工作地点"":""青海省西宁市城东区"",""落户地点"":""青海省西宁市城东区"",""备注"":""1.国（境）外学历学位者需在面试前资格审查环节提供教育部认证的学历学位；2.本科学历者须大学英语四级60分（100分制）或425分（710分制）及以上（雅思成绩在6分以上或托福成绩在80分以上亦可），硕士研究生须大学英语六级60分（100分制）或425分（710分制）及以上（雅思成绩在6.5分以上或托福成绩在90分以上亦可），在外语水平一栏注明已获得的英语等级证书及成绩；3.有关专业考试信息请参见国家金融监督管理总局2024年度招考公告。"",""部门网站"":""http://www.cbirc.gov.cn/"",""咨询电话1"":""0971-8818279"",""咨询电话2"":"""",""咨询电话3"":"""",""来源Sheet"":""中央国家行政机关省级以下直属机构""}}"
"government_jobs","国家公务员2024招考简章","公务员/事业单位技术岗位","宁夏回族自治区银川市","2026-07-28T09:12:58.310295+00:00","统计信息部门一级主任科员及以下","国家金融监督管理总局宁夏监管局","","宁夏回族自治区银川市","公务员/事业单位;2024;computer_software;硕士研究生及以上;与最高学历相对应的学位;计算机类（不含物联网工程、数字媒体技术等专业）;中央机关及其省级直属机构综合管理类","用人司局：国家金融监督管理总局宁夏监管局
职位简介：主要从事信息科技风险监管、电子设备软硬件管理及信息系统运行维护等工作。
专业要求：计算机类（不含物联网工程、数字媒体技术等专业）
学历要求：硕士研究生及以上
学位要求：与最高学历相对应的学位
政治面貌：不限
基层工作经历：二年
考试类别：中央机关及其省级直属机构综合管理类
备注：1.落户须符合当地有关政策，单位无法办理集体户口；2.大学英语六级成绩425分及以上，并在外语水平一栏注明已获得的英语等级证书及成绩；3.有关专业考试信息请参见国家金融监督管理总局2024年度招考公告。","https://www.xuanhan.gov.cn/xxgk-show-77635.html#154130-300147001001","2023-10-15","{""dataset_year"":2024,""job_uid"":""GOV-2024-154130-300147001001"",""publisher"":""国家公务员局"",""publication_page"":""https://www.xuanhan.gov.cn/xxgk-show-77635.html"",""attachment_url"":""https://www.xuanhan.gov.cn/uploadfile/1/Attachment/638fdecf51.zip"",""local_source_file"":""中央机关及其直属机构2024年度考试录用公务员招考简章.xls"",""local_source_sha256"":""a1741b99dbecd6d03e533f99f2d69b0fa5a79733e551b80af69986ceed2ad996"",""source_sheet"":""中央国家行政机关省级以下直属机构"",""filter_version"":""government_tech_v2"",""tech_filter"":{""is_tech"":true,""is_core_tech"":true,""scope"":""core"",""categories"":[""computer_software""],""matched_fields"":[""major"",""description""],""major_terms"":[""数字媒体技术"",""物联网工程"",""计算机类""],""role_terms"":[""信息科技"",""信息系统"",""软硬件""],""reason"":""tech_major_and_role""},""original"":{""部门代码"":""154130"",""部门名称"":""国家金融监督管理总局宁夏监管局"",""用人司局"":""国家金融监督管理总局宁夏监管局"",""机构性质"":""中央国家行政机关省级以下直属机构"",""招考职位"":""统计信息部门一级主任科员及以下"",""职位属性"":""金融监管计算机类职位"",""职位分布"":""其他职位"",""职位简介"":""主要从事信息科技风险监管、电子设备软硬件管理及信息系统运行维护等工作。"",""职位代码"":""300147001001"",""机构层级"":""省（副省）级"",""考试类别"":""中央机关及其省级直属机构综合管理类"",""招考人数"":""1"",""专业"":""计算机类（不含物联网工程、数字媒体技术等专业）"",""学历"":""硕士研究生及以上"",""学位"":""与最高学历相对应的学位"",""政治面貌"":""不限"",""基层工作最低年限"":""二年"",""服务基层项目工作经历"":""无限制"",""是否在面试阶段组织专业能力测试"":""否"",""面试人员比例"":""4:1"",""工作地点"":""宁夏回族自治区银川市"",""落户地点"":""宁夏回族自治区银川市"",""备注"":""1.落户须符合当地有关政策，单位无法办理集体户口；2.大学英语六级成绩425分及以上，并在外语水平一栏注明已获得的英语等级证书及成绩；3.有关专业考试信息请参见国家金融监督管理总局2024年度招考公告。"",""部门网站"":""http://www.cbirc.gov.cn/"",""咨询电话1"":""0951-6098156"",""咨询电话2"":""0951-6098087"",""咨询电话3"":""0951-6098010"",""来源Sheet"":""中央国家行政机关省级以下直属机构""}}"
"government_jobs","国家公务员2024招考简章","公务员/事业单位技术岗位","宁夏回族自治区石嘴山市","2026-07-28T09:12:58.310295+00:00","统计信息部门一级主任科员及以下","国家金融监督管理总局宁夏监管局","","宁夏回族自治区石嘴山市","公务员/事业单位;2024;computer_software;本科及以上;与最高学历相对应的学位;计算机类（不含物联网工程、数字媒体技术等专业）;市（地）级及以下直属机构综合管理类","用人司局：国家金融监督管理总局石嘴山监管分局
职位简介：主要从事信息科技风险监管、电子设备软硬件管理及信息系统运行维护等工作。
专业要求：计算机类（不含物联网工程、数字媒体技术等专业）
学历要求：本科及以上
学位要求：与最高学历相对应的学位
政治面貌：不限
基层工作经历：无限制
考试类别：市（地）级及以下直属机构综合管理类
备注：1.应届高校毕业生；2.落户须符合当地有关政策，单位无法办理集体户口；3.大学英语四级成绩425分及以上，并在外语水平一栏注明已获得的英语等级证书及成绩；4.有关专业考试信息请参见国家金融监督管理总局2024年度招考公告。","https://www.xuanhan.gov.cn/xxgk-show-77635.html#154130-300147002001","2023-10-15","{""dataset_year"":2024,""job_uid"":""GOV-2024-154130-300147002001"",""publisher"":""国家公务员局"",""publication_page"":""https://www.xuanhan.gov.cn/xxgk-show-77635.html"",""attachment_url"":""https://www.xuanhan.gov.cn/uploadfile/1/Attachment/638fdecf51.zip"",""local_source_file"":""中央机关及其直属机构2024年度考试录用公务员招考简章.xls"",""local_source_sha256"":""a1741b99dbecd6d03e533f99f2d69b0fa5a79733e551b80af69986ceed2ad996"",""source_sheet"":""中央国家行政机关省级以下直属机构"",""filter_version"":""government_tech_v2"",""tech_filter"":{""is_tech"":true,""is_core_tech"":true,""scope"":""core"",""categories"":[""computer_software""],""matched_fields"":[""major"",""description""],""major_terms"":[""数字媒体技术"",""物联网工程"",""计算机类""],""role_terms"":[""信息科技"",""信息系统"",""软硬件""],""reason"":""tech_major_and_role""},""original"":{""部门代码"":""154130"",""部门名称"":""国家金融监督管理总局宁夏监管局"",""用人司局"":""国家金融监督管理总局石嘴山监管分局"",""机构性质"":""中央国家行政机关省级以下直属机构"",""招考职位"":""统计信息部门一级主任科员及以下"",""职位属性"":""金融监管计算机类职位"",""职位分布"":""西部地区和艰苦边远地区职位"",""职位简介"":""主要从事信息科技风险监管、电子设备软硬件管理及信息系统运行维护等工作。"",""职位代码"":""300147002001"",""机构层级"":""市（地）级"",""考试类别"":""市（地）级及以下直属机构综合管理类"",""招考人数"":""1"",""专业"":""计算机类（不含物联网工程、数字媒体技术等专业）"",""学历"":""本科及以上"",""学位"":""与最高学历相对应的学位"",""政治面貌"":""不限"",""基层工作最低年限"":""无限制"",""服务基层项目工作经历"":""无限制"",""是否在面试阶段组织专业能力测试"":""否"",""面试人员比例"":""3:1"",""工作地点"":""宁夏回族自治区石嘴山市"",""落户地点"":""宁夏回族自治区石嘴山市"",""备注"":""1.应届高校毕业生；2.落户须符合当地有关政策，单位无法办理集体户口；3.大学英语四级成绩425分及以上，并在外语水平一栏注明已获得的英语等级证书及成绩；4.有关专业考试信息请参见国家金融监督管理总局2024年度招考公告。"",""部门网站"":""http://www.cbirc.gov.cn/"",""咨询电话1"":""0951-6098156"",""咨询电话2"":""0951-6098087"",""咨询电话3"":""0951-6098010"",""来源Sheet"":""中央国家行政机关省级以下直属机构""}}"
"government_jobs","国家公务员2024招考简章","公务员/事业单位技术岗位","宁夏回族自治区中卫市","2026-07-28T09:12:58.310295+00:00","统计信息部门一级主任科员及以下","国家金融监督管理总局宁夏监管局","","宁夏回族自治区中卫市","公务员/事业单位;2024;computer_software;本科及以上;与最高学历相对应的学位;计算机类（不含物联网工程、数字媒体技术等专业）;市（地）级及以下直属机构综合管理类","用人司局：国家金融监督管理总局中卫监管分局
职位简介：主要从事信息科技风险监管、电子设备软硬件管理及信息系统运行维护等工作。
专业要求：计算机类（不含物联网工程、数字媒体技术等专业）
学历要求：本科及以上
学位要求：与最高学历相对应的学位
政治面貌：不限
基层工作经历：无限制
考试类别：市（地）级及以下直属机构综合管理类
备注：1.应届高校毕业生；2.落户须符合当地有关政策，单位无法办理集体户口；3.大学英语四级成绩425分及以上，并在外语水平一栏注明已获得的英语等级证书及成绩；4.有关专业考试信息请参见国家金融监督管理总局2024年度招考公告。","https://www.xuanhan.gov.cn/xxgk-show-77635.html#154130-300147005001","2023-10-15","{""dataset_year"":2024,""job_uid"":""GOV-2024-154130-300147005001"",""publisher"":""国家公务员局"",""publication_page"":""https://www.xuanhan.gov.cn/xxgk-show-77635.html"",""attachment_url"":""https://www.xuanhan.gov.cn/uploadfile/1/Attachment/638fdecf51.zip"",""local_source_file"":""中央机关及其直属机构2024年度考试录用公务员招考简章.xls"",""local_source_sha256"":""a1741b99dbecd6d03e533f99f2d69b0fa5a79733e551b80af69986ceed2ad996"",""source_sheet"":""中央国家行政机关省级以下直属机构"",""filter_version"":""government_tech_v2"",""tech_filter"":{""is_tech"":true,""is_core_tech"":true,""scope"":""core"",""categories"":[""computer_software""],""matched_fields"":[""major"",""description""],""major_terms"":[""数字媒体技术"",""物联网工程"",""计算机类""],""role_terms"":[""信息科技"",""信息系统"",""软硬件""],""reason"":""tech_major_and_role""},""original"":{""部门代码"":""154130"",""部门名称"":""国家金融监督管理总局宁夏监管局"",""用人司局"":""国家金融监督管理总局中卫监管分局"",""机构性质"":""中央国家行政机关省级以下直属机构"",""招考职位"":""统计信息部门一级主任科员及以下"",""职位属性"":""金融监管计算机类职位"",""职位分布"":""西部地区和艰苦边远地区职位"",""职位简介"":""主要从事信息科技风险监管、电子设备软硬件管理及信息系统运行维护等工作。"",""职位代码"":""300147005001"",""机构层级"":""市（地）级"",""考试类别"":""市（地）级及以下直属机构综合管理类"",""招考人数"":""1"",""专业"":""计算机类（不含物联网工程、数字媒体技术等专业）"",""学历"":""本科及以上"",""学位"":""与最高学历相对应的学位"",""政治面貌"":""不限"",""基层工作最低年限"":""无限制"",""服务基层项目工作经历"":""无限制"",""是否在面试阶段组织专业能力测试"":""否"",""面试人员比例"":""3:1"",""工作地点"":""宁夏回族自治区中卫市"",""落户地点"":""宁夏回族自治区中卫市"",""备注"":""1.应届高校毕业生；2.落户须符合当地有关政策，单位无法办理集体户口；3.大学英语四级成绩425分及以上，并在外语水平一栏注明已获得的英语等级证书及成绩；4.有关专业考试信息请参见国家金融监督管理总局2024年度招考公告。"",""部门网站"":""http://www.cbirc.gov.cn/"",""咨询电话1"":""0951-6098156"",""咨询电话2"":""0951-6098087"",""咨询电话3"":""0951-6098010"",""来源Sheet"":""中央国家行政机关省级以下直属机构""}}"
"government_jobs","国家公务员2024招考简章","公务员/事业单位技术岗位","新疆维吾尔自治区乌鲁木齐市天山区","2026-07-28T09:12:58.310295+00:00","统计信息部门一级主任科员及以下","国家金融监督管理总局新疆监管局","","新疆维吾尔自治区乌鲁木齐市天山区","公务员/事业单位;2024;computer_software;硕士研究生及以上;与最高学历相对应的学位;计算机类;中央机关及其省级直属机构综合管理类","用人司局：金融监管总局新疆监管局
职位简介：主要从事信息科技风险监管、电子设备软硬件管理及信息系统运行维护等工作。
专业要求：计算机类
学历要求：硕士研究生及以上
学位要求：与最高学历相对应的学位
政治面貌：不限
基层工作经历：二年
考试类别：中央机关及其省级直属机构综合管理类
备注：1.本单位最低服务期为5年（含试用期）；2.大学英语六级成绩425分及以上；3.有关专业考试信息参见国家金融监督管理总局2024年度招考公告。","https://www.xuanhan.gov.cn/xxgk-show-77635.html#154131-300147001001","2023-10-15","{""dataset_year"":2024,""job_uid"":""GOV-2024-154131-300147001001"",""publisher"":""国家公务员局"",""publication_page"":""https://www.xuanhan.gov.cn/xxgk-show-77635.html"",""attachment_url"":""https://www.xuanhan.gov.cn/uploadfile/1/Attachment/638fdecf51.zip"",""local_source_file"":""中央机关及其直属机构2024年度考试录用公务员招考简章.xls"",""local_source_sha256"":""a1741b99dbecd6d03e533f99f2d69b0fa5a79733e551b80af69986ceed2ad996"",""source_sheet"":""中央国家行政机关省级以下直属机构"",""filter_version"":""government_tech_v2"",""tech_filter"":{""is_tech"":true,""is_core_tech"":true,""scope"":""core"",""categories"":[""computer_software""],""matched_fields"":[""major"",""description""],""major_terms"":[""计算机类""],""role_terms"":[""信息科技"",""信息系统"",""软硬件""],""reason"":""tech_major_and_role""},""original"":{""部门代码"":""154131"",""部门名称"":""国家金融监督管理总局新疆监管局"",""用人司局"":""金融监管总局新疆监管局"",""机构性质"":""中央国家行政机关省级以下直属机构"",""招考职位"":""统计信息部门一级主任科员及以下"",""职位属性"":""金融监管计算机类职位"",""职位分布"":""其他职位"",""职位简介"":""主要从事信息科技风险监管、电子设备软硬件管理及信息系统运行维护等工作。"",""职位代码"":""300147001001"",""机构层级"":""省（副省）级"",""考试类别"":""中央机关及其省级直属机构综合管理类"",""招考人数"":""2"",""专业"":""计算机类"",""学历"":""硕士研究生及以上"",""学位"":""与最高学历相对应的学位"",""政治面貌"":""不限"",""基层工作最低年限"":""二年"",""服务基层项目工作经历"":""无限制"",""是否在面试阶段组织专业能力测试"":""否"",""面试人员比例"":""4:1"",""工作地点"":""新疆维吾尔自治区乌鲁木齐市天山区"",""落户地点"":""新疆维吾尔自治区乌鲁木齐市天山区"",""备注"":""1.本单位最低服务期为5年（含试用期）；2.大学英语六级成绩425分及以上；3.有关专业考试信息参见国家金融监督管理总局2024年度招考公告。"",""部门网站"":""http://www.cbirc.gov.cn"",""咨询电话1"":""0991-2205561"",""咨询电话2"":""0991-2205718"",""咨询电话3"":"""",""来源Sheet"":""中央国家行政机关省级以下直属机构""}}"
"government_jobs","国家公务员2024招考简章","公务员/事业单位技术岗位","新疆维吾尔自治区博尔塔拉蒙古自治州博乐市","2026-07-28T09:12:58.310295+00:00","统计信息部门一级主任科员及以下","国家金融监督管理总局新疆监管局","","新疆维吾尔自治区博尔塔拉蒙古自治州博乐市","公务员/事业单位;2024;computer_software;仅限本科;学士;计算机类;市（地）级及以下直属机构综合管理类","用人司局：金融监管总局博尔塔拉监管分局
职位简介：主要从事信息科技风险监管、电子设备软硬件管理及信息系统运行维护等工作。
专业要求：计算机类
学历要求：仅限本科
学位要求：学士
政治面貌：不限
基层工作经历：无限制
考试类别：市（地）级及以下直属机构综合管理类
备注：1.应届高校毕业生；2.本单位最低服务期为5年（含试用期）；3.有关专业考试信息参见国家金融监督管理总局2024年度招考公告。","https://www.xuanhan.gov.cn/xxgk-show-77635.html#154131-300147010001","2023-10-15","{""dataset_year"":2024,""job_uid"":""GOV-2024-154131-300147010001"",""publisher"":""国家公务员局"",""publication_page"":""https://www.xuanhan.gov.cn/xxgk-show-77635.html"",""attachment_url"":""https://www.xuanhan.gov.cn/uploadfile/1/Attachment/638fdecf51.zip"",""local_source_file"":""中央机关及其直属机构2024年度考试录用公务员招考简章.xls"",""local_source_sha256"":""a1741b99dbecd6d03e533f99f2d69b0fa5a79733e551b80af69986ceed2ad996"",""source_sheet"":""中央国家行政机关省级以下直属机构"",""filter_version"":""government_tech_v2"",""tech_filter"":{""is_tech"":true,""is_core_tech"":true,""scope"":""core"",""categories"":[""computer_software""],""matched_fields"":[""major"",""description""],""major_terms"":[""计算机类""],""role_terms"":[""信息科技"",""信息系统"",""软硬件""],""reason"":""tech_major_and_role""},""original"":{""部门代码"":""154131"",""部门名称"":""国家金融监督管理总局新疆监管局"",""用人司局"":""金融监管总局博尔塔拉监管分局"",""机构性质"":""中央国家行政机关省级以下直属机构"",""招考职位"":""统计信息部门一级主任科员及以下"",""职位属性"":""金融监管计算机类职位"",""职位分布"":""西部地区和艰苦边远地区职位"",""职位简介"":""主要从事信息科技风险监管、电子设备软硬件管理及信息系统运行维护等工作。"",""职位代码"":""300147010001"",""机构层级"":""市（地）级"",""考试类别"":""市（地）级及以下直属机构综合管理类"",""招考人数"":""1"",""专业"":""计算机类"",""学历"":""仅限本科"",""学位"":""学士"",""政治面貌"":""不限"",""基层工作最低年限"":""无限制"",""服务基层项目工作经历"":""无限制"",""是否在面试阶段组织专业能力测试"":""否"",""面试人员比例"":""3:1"",""工作地点"":""新疆维吾尔自治区博尔塔拉蒙古自治州博乐市"",""落户地点"":""新疆维吾尔自治区博尔塔拉蒙古自治州博乐市"",""备注"":""1.应届高校毕业生；2.本单位最低服务期为5年（含试用期）；3.有关专业考试信息参见国家金融监督管理总局2024年度招考公告。"",""部门网站"":""http://www.cbirc.gov.cn"",""咨询电话1"":""0991-2205561"",""咨询电话2"":""0991-2205718"",""咨询电话3"":"""",""来源Sheet"":""中央国家行政机关省级以下直属机构""}}"
"government_jobs","国家公务员2024招考简章","公务员/事业单位技术岗位","新疆维吾尔自治区巴音郭楞蒙古自治州库尔勒市","2026-07-28T09:12:58.310295+00:00","统计信息部门一级主任科员及以下","国家金融监督管理总局新疆监管局","","新疆维吾尔自治区巴音郭楞蒙古自治州库尔勒市","公务员/事业单位;2024;computer_software;本科及以上;与最高学历相对应的学位;计算机类;市（地）级及以下直属机构综合管理类","用人司局：金融监管总局巴音郭楞监管分局
职位简介：主要从事信息科技风险监管、电子设备软硬件管理及信息系统运行维护等工作。
专业要求：计算机类
学历要求：本科及以上
学位要求：与最高学历相对应的学位
政治面貌：不限
基层工作经历：无限制
考试类别：市（地）级及以下直属机构综合管理类
备注：1.应届高校毕业生；2.本单位最低服务期为5年（含试用期）；3.有关专业考试信息参见国家金融监督管理总局2024年度招考公告。","https://www.xuanhan.gov.cn/xxgk-show-77635.html#154131-300147015001","2023-10-15","{""dataset_year"":2024,""job_uid"":""GOV-2024-154131-300147015001"",""publisher"":""国家公务员局"",""publication_page"":""https://www.xuanhan.gov.cn/xxgk-show-77635.html"",""attachment_url"":""https://www.xuanhan.gov.cn/uploadfile/1/Attachment/638fdecf51.zip"",""local_source_file"":""中央机关及其直属机构2024年度考试录用公务员招考简章.xls"",""local_source_sha256"":""a1741b99dbecd6d03e533f99f2d69b0fa5a79733e551b80af69986ceed2ad996"",""source_sheet"":""中央国家行政机关省级以下直属机构"",""filter_version"":""government_tech_v2"",""tech_filter"":{""is_tech"":true,""is_core_tech"":true,""scope"":""core"",""categories"":[""computer_software""],""matched_fields"":[""major"",""description""],""major_terms"":[""计算机类""],""role_terms"":[""信息科技"",""信息系统"",""软硬件""],""reason"":""tech_major_and_role""},""original"":{""部门代码"":""154131"",""部门名称"":""国家金融监督管理总局新疆监管局"",""用人司局"":""金融监管总局巴音郭楞监管分局"",""机构性质"":""中央国家行政机关省级以下直属机构"",""招考职位"":""统计信息部门一级主任科员及以下"",""职位属性"":""金融监管计算机类职位"",""职位分布"":""西部地区和艰苦边远地区职位"",""职位简介"":""主要从事信息科技风险监管、电子设备软硬件管理及信息系统运行维护等工作。"",""职位代码"":""300147015001"",""机构层级"":""市（地）级"",""考试类别"":""市（地）级及以下直属机构综合管理类"",""招考人数"":""2"",""专业"":""计算机类"",""学历"":""本科及以上"",""学位"":""与最高学历相对应的学位"",""政治面貌"":""不限"",""基层工作最低年限"":""无限制"",""服务基层项目工作经历"":""无限制"",""是否在面试阶段组织专业能力测试"":""否"",""面试人员比例"":""3:1"",""工作地点"":""新疆维吾尔自治区巴音郭楞蒙古自治州库尔勒市"",""落户地点"":""新疆维吾尔自治区巴音郭楞蒙古自治州库尔勒市"",""备注"":""1.应届高校毕业生；2.本单位最低服务期为5年（含试用期）；3.有关专业考试信息参见国家金融监督管理总局2024年度招考公告。"",""部门网站"":""http://www.cbirc.gov.cn"",""咨询电话1"":""0991-2205561"",""咨询电话2"":""0991-2205718"",""咨询电话3"":"""",""来源Sheet"":""中央国家行政机关省级以下直属机构""}}"
"government_jobs","国家公务员2024招考简章","公务员/事业单位技术岗位","新疆维吾尔自治区阿克苏地区阿克苏市","2026-07-28T09:12:58.310295+00:00","统计信息部门一级主任科员及以下","国家金融监督管理总局新疆监管局","","新疆维吾尔自治区阿克苏地区阿克苏市","公务员/事业单位;2024;computer_software;本科及以上;与最高学历相对应的学位;计算机类;市（地）级及以下直属机构综合管理类","用人司局：金融监管总局阿克苏监管分局
职位简介：主要从事信息科技风险监管、电子设备软硬件管理及信息系统运行维护等工作。
专业要求：计算机类
学历要求：本科及以上
学位要求：与最高学历相对应的学位
政治面貌：不限
基层工作经历：无限制
考试类别：市（地）级及以下直属机构综合管理类
备注：1.应届高校毕业生；2.本单位最低服务期为5年（含试用期）；3.有关专业考试信息参见国家金融监督管理总局2024年度招考公告。","https://www.xuanhan.gov.cn/xxgk-show-77635.html#154131-300147017001","2023-10-15","{""dataset_year"":2024,""job_uid"":""GOV-2024-154131-300147017001"",""publisher"":""国家公务员局"",""publication_page"":""https://www.xuanhan.gov.cn/xxgk-show-77635.html"",""attachment_url"":""https://www.xuanhan.gov.cn/uploadfile/1/Attachment/638fdecf51.zip"",""local_source_file"":""中央机关及其直属机构2024年度考试录用公务员招考简章.xls"",""local_source_sha256"":""a1741b99dbecd6d03e533f99f2d69b0fa5a79733e551b80af69986ceed2ad996"",""source_sheet"":""中央国家行政机关省级以下直属机构"",""filter_version"":""government_tech_v2"",""tech_filter"":{""is_tech"":true,""is_core_tech"":true,""scope"":""core"",""categories"":[""computer_software""],""matched_fields"":[""major"",""description""],""major_terms"":[""计算机类""],""role_terms"":[""信息科技"",""信息系统"",""软硬件""],""reason"":""tech_major_and_role""},""original"":{""部门代码"":""154131"",""部门名称"":""国家金融监督管理总局新疆监管局"",""用人司局"":""金融监管总局阿克苏监管分局"",""机构性质"":""中央国家行政机关省级以下直属机构"",""招考职位"":""统计信息部门一级主任科员及以下"",""职位属性"":""金融监管计算机类职位"",""职位分布"":""西部地区和艰苦边远地区职位"",""职位简介"":""主要从事信息科技风险监管、电子设备软硬件管理及信息系统运行维护等工作。"",""职位代码"":""300147017001"",""机构层级"":""市（地）级"",""考试类别"":""市（地）级及以下直属机构综合管理类"",""招考人数"":""2"",""专业"":""计算机类"",""学历"":""本科及以上"",""学位"":""与最高学历相对应的学位"",""政治面貌"":""不限"",""基层工作最低年限"":""无限制"",""服务基层项目工作经历"":""无限制"",""是否在面试阶段组织专业能力测试"":""否"",""面试人员比例"":""3:1"",""工作地点"":""新疆维吾尔自治区阿克苏地区阿克苏市"",""落户地点"":""新疆维吾尔自治区阿克苏地区阿克苏市"",""备注"":""1.应届高校毕业生；2.本单位最低服务期为5年（含试用期）；3.有关专业考试信息参见国家金融监督管理总局2024年度招考公告。"",""部门网站"":""http://www.cbirc.gov.cn"",""咨询电话1"":""0991-2205561"",""咨询电话2"":""0991-2205718"",""咨询电话3"":"""",""来源Sheet"":""中央国家行政机关省级以下直属机构""}}"
"government_jobs","国家公务员2024招考简章","公务员/事业单位技术岗位","新疆维吾尔自治区克孜勒苏柯尔克孜自治州阿图什市","2026-07-28T09:12:58.310295+00:00","统计信息部门一级主任科员及以下","国家金融监督管理总局新疆监管局","","新疆维吾尔自治区克孜勒苏柯尔克孜自治州阿图什市","公务员/事业单位;2024;computer_software;本科及以上;与最高学历相对应的学位;计算机类;市（地）级及以下直属机构综合管理类","用人司局：金融监管总局克孜勒苏监管分局
职位简介：主要从事信息科技风险监管、电子设备软硬件管理及信息系统运行维护等工作。
专业要求：计算机类
学历要求：本科及以上
学位要求：与最高学历相对应的学位
政治面貌：不限
基层工作经历：无限制
考试类别：市（地）级及以下直属机构综合管理类
备注：1.应届高校毕业生；2.本单位最低服务期为5年（含试用期）；3.有关专业考试信息参见国家金融监督管理总局2024年度招考公告。","https://www.xuanhan.gov.cn/xxgk-show-77635.html#154131-300147021001","2023-10-15","{""dataset_year"":2024,""job_uid"":""GOV-2024-154131-300147021001"",""publisher"":""国家公务员局"",""publication_page"":""https://www.xuanhan.gov.cn/xxgk-show-77635.html"",""attachment_url"":""https://www.xuanhan.gov.cn/uploadfile/1/Attachment/638fdecf51.zip"",""local_source_file"":""中央机关及其直属机构2024年度考试录用公务员招考简章.xls"",""local_source_sha256"":""a1741b99dbecd6d03e533f99f2d69b0fa5a79733e551b80af69986ceed2ad996"",""source_sheet"":""中央国家行政机关省级以下直属机构"",""filter_version"":""government_tech_v2"",""tech_filter"":{""is_tech"":true,""is_core_tech"":true,""scope"":""core"",""categories"":[""computer_software""],""matched_fields"":[""major"",""description""],""major_terms"":[""计算机类""],""role_terms"":[""信息科技"",""信息系统"",""软硬件""],""reason"":""tech_major_and_role""},""original"":{""部门代码"":""154131"",""部门名称"":""国家金融监督管理总局新疆监管局"",""用人司局"":""金融监管总局克孜勒苏监管分局"",""机构性质"":""中央国家行政机关省级以下直属机构"",""招考职位"":""统计信息部门一级主任科员及以下"",""职位属性"":""金融监管计算机类职位"",""职位分布"":""西部地区和艰苦边远地区职位"",""职位简介"":""主要从事信息科技风险监管、电子设备软硬件管理及信息系统运行维护等工作。"",""职位代码"":""300147021001"",""机构层级"":""市（地）级"",""考试类别"":""市（地）级及以下直属机构综合管理类"",""招考人数"":""1"",""专业"":""计算机类"",""学历"":""本科及以上"",""学位"":""与最高学历相对应的学位"",""政治面貌"":""不限"",""基层工作最低年限"":""无限制"",""服务基层项目工作经历"":""无限制"",""是否在面试阶段组织专业能力测试"":""否"",""面试人员比例"":""3:1"",""工作地点"":""新疆维吾尔自治区克孜勒苏柯尔克孜自治州阿图什市"",""落户地点"":""新疆维吾尔自治区克孜勒苏柯尔克孜自治州阿图什市"",""备注"":""1.应届高校毕业生；2.本单位最低服务期为5年（含试用期）；3.有关专业考试信息参见国家金融监督管理总局2024年度招考公告。"",""部门网站"":""http://www.cbirc.gov.cn"",""咨询电话1"":""0991-2205561"",""咨询电话2"":""0991-2205718"",""咨询电话3"":"""",""来源Sheet"":""中央国家行政机关省级以下直属机构""}}"
"government_jobs","国家公务员2024招考简章","公务员/事业单位技术岗位","辽宁省大连市","2026-07-28T09:12:58.310295+00:00","统计信息部门一级主任科员及以下","国家金融监督管理总局大连监管局","","辽宁省大连市","公务员/事业单位;2024;computer_software;data_ai;硕士研究生及以上;与最高学历相对应的学位;计算机技术、应用软件、信息管理、软件工程、数据科学与大数据技术、数据管理、数据分析;中央机关及其省级直属机构综合管理类","用人司局：国家金融监督管理总局大连监管局
职位简介：主要从事信息科技风险监管、电子设备软硬件管理及信息系统运行维护等工作。
专业要求：计算机技术、应用软件、信息管理、软件工程、数据科学与大数据技术、数据管理、数据分析
学历要求：硕士研究生及以上
学位要求：与最高学历相对应的学位
政治面貌：不限
基层工作经历：无限制
考试类别：中央机关及其省级直属机构综合管理类
备注：1.大学英语六级成绩425分及以上，并在外语水平一栏注明已获得的英语等级证书及成绩；2.有关专业考试信息请参见国家金融监督管理总局2024年度招考公告。","https://www.xuanhan.gov.cn/xxgk-show-77635.html#154132-300147797002","2023-10-15","{""dataset_year"":2024,""job_uid"":""GOV-2024-154132-300147797002"",""publisher"":""国家公务员局"",""publication_page"":""https://www.xuanhan.gov.cn/xxgk-show-77635.html"",""attachment_url"":""https://www.xuanhan.gov.cn/uploadfile/1/Attachment/638fdecf51.zip"",""local_source_file"":""中央机关及其直属机构2024年度考试录用公务员招考简章.xls"",""local_source_sha256"":""a1741b99dbecd6d03e533f99f2d69b0fa5a79733e551b80af69986ceed2ad996"",""source_sheet"":""中央国家行政机关省级以下直属机构"",""filter_version"":""government_tech_v2"",""tech_filter"":{""is_tech"":true,""is_core_tech"":true,""scope"":""core"",""categories"":[""computer_software"",""data_ai""],""matched_fields"":[""major"",""description""],""major_terms"":[""大数据"",""数据分析"",""数据科学与大数据技术"",""计算机技术"",""软件工程""],""role_terms"":[""信息科技"",""信息系统"",""软硬件""],""reason"":""tech_major_and_role""},""original"":{""部门代码"":""154132"",""部门名称"":""国家金融监督管理总局大连监管局"",""用人司局"":""国家金融监督管理总局大连监管局"",""机构性质"":""中央国家行政机关省级以下直属机构"",""招考职位"":""统计信息部门一级主任科员及以下"",""职位属性"":""金融监管计算机类职位"",""职位分布"":""其他职位"",""职位简介"":""主要从事信息科技风险监管、电子设备软硬件管理及信息系统运行维护等工作。"",""职位代码"":""300147797002"",""机构层级"":""省（副省）级"",""考试类别"":""中央机关及其省级直属机构综合管理类"",""招考人数"":""2"",""专业"":""计算机技术、应用软件、信息管理、软件工程、数据科学与大数据技术、数据管理、数据分析"",""学历"":""硕士研究生及以上"",""学位"":""与最高学历相对应的学位"",""政治面貌"":""不限"",""基层工作最低年限"":""无限制"",""服务基层项目工作经历"":""无限制"",""是否在面试阶段组织专业能力测试"":""否"",""面试人员比例"":""4:1"",""工作地点"":""辽宁省大连市"",""落户地点"":""辽宁省大连市"",""备注"":""1.大学英语六级成绩425分及以上，并在外语水平一栏注明已获得的英语等级证书及成绩；2.有关专业考试信息请参见国家金融监督管理总局2024年度招考公告。"",""部门网站"":""http://www.cbirc.gov.cn/"",""咨询电话1"":""0411-39617019"",""咨询电话2"":"""",""咨询电话3"":"""",""来源Sheet"":""中央国家行政机关省级以下直属机构""}}"
"government_jobs","国家公务员2024招考简章","公务员/事业单位技术岗位","广东省深圳市福田区","2026-07-28T09:12:58.310295+00:00","统计信息部门一级主任科员及以下","国家金融监督管理总局深圳监管局","","广东省深圳市福田区","公务员/事业单位;2024;computer_software;cybersecurity_cryptography;仅限硕士研究生;硕士;计算机科学技术与应用、计算机网络工程、信息安全、数据科学与大数据技术、计算机审计、信息管理与信息系统;中央机关及其省级直属机构综合管理类","用人司局：国家金融监督管理总局深圳监管局
职位简介：主要从事信息科技风险监管、电子设备软硬件管理及信息系统运行维护等工作。
专业要求：计算机科学技术与应用、计算机网络工程、信息安全、数据科学与大数据技术、计算机审计、信息管理与信息系统
学历要求：仅限硕士研究生
学位要求：硕士
政治面貌：不限
基层工作经历：无限制
考试类别：中央机关及其省级直属机构综合管理类
备注：1.非应届高校毕业生须具有二年以上基层工作经历；2.国（境）外学历学位者需在面试前资格审查环节提供教育部认证的学历学位；3.本单位最低服务年限为5年（含试用期）；4.大学英语六级成绩425分及以上，并在外语水平一栏注明已获得的英语等级证书及成绩；5.有关专业考试信息请参见国家金融监督管理总局2024年度招考公告。","https://www.xuanhan.gov.cn/xxgk-show-77635.html#154136-300147001001","2023-10-15","{""dataset_year"":2024,""job_uid"":""GOV-2024-154136-300147001001"",""publisher"":""国家公务员局"",""publication_page"":""https://www.xuanhan.gov.cn/xxgk-show-77635.html"",""attachment_url"":""https://www.xuanhan.gov.cn/uploadfile/1/Attachment/638fdecf51.zip"",""local_source_file"":""中央机关及其直属机构2024年度考试录用公务员招考简章.xls"",""local_source_sha256"":""a1741b99dbecd6d03e533f99f2d69b0fa5a79733e551b80af69986ceed2ad996"",""source_sheet"":""中央国家行政机关省级以下直属机构"",""filter_version"":""government_tech_v2"",""tech_filter"":{""is_tech"":true,""is_core_tech"":true,""scope"":""core"",""categories"":[""computer_software"",""cybersecurity_cryptography""],""matched_fields"":[""major"",""description""],""major_terms"":[""信息安全"",""大数据"",""数据科学与大数据技术"",""网络工程"",""计算机""],""role_terms"":[""信息科技"",""信息系统"",""软硬件""],""reason"":""tech_major_and_role""},""original"":{""部门代码"":""154136"",""部门名称"":""国家金融监督管理总局深圳监管局"",""用人司局"":""国家金融监督管理总局深圳监管局"",""机构性质"":""中央国家行政机关省级以下直属机构"",""招考职位"":""统计信息部门一级主任科员及以下"",""职位属性"":""金融监管计算机类职位"",""职位分布"":""其他职位"",""职位简介"":""主要从事信息科技风险监管、电子设备软硬件管理及信息系统运行维护等工作。"",""职位代码"":""300147001001"",""机构层级"":""省（副省）级"",""考试类别"":""中央机关及其省级直属机构综合管理类"",""招考人数"":""3"",""专业"":""计算机科学技术与应用、计算机网络工程、信息安全、数据科学与大数据技术、计算机审计、信息管理与信息系统"",""学历"":""仅限硕士研究生"",""学位"":""硕士"",""政治面貌"":""不限"",""基层工作最低年限"":""无限制"",""服务基层项目工作经历"":""无限制"",""是否在面试阶段组织专业能力测试"":""否"",""面试人员比例"":""4:1"",""工作地点"":""广东省深圳市福田区"",""落户地点"":""广东省深圳市福田区"",""备注"":""1.非应届高校毕业生须具有二年以上基层工作经历；2.国（境）外学历学位者需在面试前资格审查环节提供教育部认证的学历学位；3.本单位最低服务年限为5年（含试用期）；4.大学英语六级成绩425分及以上，并在外语水平一栏注明已获得的英语等级证书及成绩；5.有关专业考试信息请参见国家金融监督管理总局2024年度招考公告。"",""部门网站"":""http://www.cbirc.gov.cn"",""咨询电话1"":""0755-88283615"",""咨询电话2"":""0755-88285110"",""咨询电话3"":"""",""来源Sheet"":""中央国家行政机关省级以下直属机构""}}"
"government_jobs","国家公务员2024招考简章","公务员/事业单位技术岗位","辽宁省沈阳市","2026-07-28T09:12:58.310295+00:00","辖区计算机类监管岗位一级主任科员及以下","中国证券监督管理委员会辽宁监管局","","辽宁省沈阳市","公务员/事业单位;2024;computer_software;cybersecurity_cryptography;硕士研究生及以上;与最高学历相对应的学位;计算机类（具体专业详见备注）;中央机关及其省级直属机构综合管理类","用人司局：中国证券监督管理委员会辽宁监管局
职位简介：主要从事辖区证券期货市场计算机类监管工作
专业要求：计算机类（具体专业详见备注）
学历要求：硕士研究生及以上
学位要求：与最高学历相对应的学位
政治面貌：不限
基层工作经历：无限制
考试类别：中央机关及其省级直属机构综合管理类
备注：1.本科阶段为计算机类专业，且研究生阶段为计算机科学与技术（学科代码0812）、软件工程（学科代码0835）、网络空间安全（学科代码0839）专业，并取得相应的学历、学位；2.报名时需在备注栏中详细说明本科、研究生专业和学科代码；3.有关专业考试信息及大纲可在中国证监会网站上查询。","https://www.xuanhan.gov.cn/xxgk-show-77635.html#155106-300143807001","2023-10-15","{""dataset_year"":2024,""job_uid"":""GOV-2024-155106-300143807001"",""publisher"":""国家公务员局"",""publication_page"":""https://www.xuanhan.gov.cn/xxgk-show-77635.html"",""attachment_url"":""https://www.xuanhan.gov.cn/uploadfile/1/Attachment/638fdecf51.zip"",""local_source_file"":""中央机关及其直属机构2024年度考试录用公务员招考简章.xls"",""local_source_sha256"":""a1741b99dbecd6d03e533f99f2d69b0fa5a79733e551b80af69986ceed2ad996"",""source_sheet"":""中央国家行政机关省级以下直属机构"",""filter_version"":""government_tech_v2"",""tech_filter"":{""is_tech"":true,""is_core_tech"":true,""scope"":""core"",""categories"":[""computer_software"",""cybersecurity_cryptography""],""matched_fields"":[""major"",""job_title"",""description"",""remarks""],""major_terms"":[""计算机类""],""role_terms"":[""网络空间安全"",""计算机"",""软件"",""软件工程""],""reason"":""tech_major_and_role""},""original"":{""部门代码"":""155106"",""部门名称"":""中国证券监督管理委员会辽宁监管局"",""用人司局"":""中国证券监督管理委员会辽宁监管局"",""机构性质"":""中央国家行政机关省级以下直属机构"",""招考职位"":""辖区计算机类监管岗位一级主任科员及以下"",""职位属性"":""证监计算机类职位"",""职位分布"":""其他职位"",""职位简介"":""主要从事辖区证券期货市场计算机类监管工作"",""职位代码"":""300143807001"",""机构层级"":""省（副省）级"",""考试类别"":""中央机关及其省级直属机构综合管理类"",""招考人数"":""1"",""专业"":""计算机类（具体专业详见备注）"",""学历"":""硕士研究生及以上"",""学位"":""与最高学历相对应的学位"",""政治面貌"":""不限"",""基层工作最低年限"":""无限制"",""服务基层项目工作经历"":""无限制"",""是否在面试阶段组织专业能力测试"":""否"",""面试人员比例"":""5:1"",""工作地点"":""辽宁省沈阳市"",""落户地点"":""辽宁省沈阳市"",""备注"":""1.本科阶段为计算机类专业，且研究生阶段为计算机科学与技术（学科代码0812）、软件工程（学科代码0835）、网络空间安全（学科代码0839）专业，并取得相应的学历、学位；2.报名时需在备注栏中详细说明本科、研究生专业和学科代码；3.有关专业考试信息及大纲可在中国证监会网站上查询。"",""部门网站"":""www.csrc.gov.cn/pub/liaoning/"",""咨询电话1"":""024-22899972"",""咨询电话2"":""024-22899853"",""咨询电话3"":"""",""来源Sheet"":""中央国家行政机关省级以下直属机构""}}"
"government_jobs","国家公务员2024招考简章","公务员/事业单位技术岗位","山东省济南市","2026-07-28T09:12:58.310295+00:00","证监计算机类职位","中国证券监督管理委员会山东监管局","","山东省济南市","公务员/事业单位;2024;computer_software;cybersecurity_cryptography;data_ai;硕士研究生及以上;与最高学历相对应的学位;计算机类（详见备注）;中央机关及其省级直属机构综合管理类","用人司局：中国证券监督管理委员会山东监管局
职位简介：主要从事辖区证券期货市场计算机类监管工作
专业要求：计算机类（详见备注）
学历要求：硕士研究生及以上
学位要求：与最高学历相对应的学位
政治面貌：不限
基层工作经历：无限制
考试类别：中央机关及其省级直属机构综合管理类
备注：1.学历与学位相匹配。本科阶段为计算机科学与技术（专业代码080901）、软件工程（专业代码080902）、网络工程（专业代码080903）、信息安全（专业代码080904K）、电子与计算机工程（专业代码080909T）、数据科学与大数据技术（专业代码080910T）、网络空间安全（专业代码080911TK）、保密技术（专业代码080914TK），且研究生阶段为计算机科学与技术（专业代码0812）、软件工程（专业代码0835）、网络空间安全（专业代码0839）。
2.国（境）外相应专业也可报考。
3.有关专业考试信息及大纲可在中国证监会网站上查询。","https://www.xuanhan.gov.cn/xxgk-show-77635.html#155118-300143001001","2023-10-15","{""dataset_year"":2024,""job_uid"":""GOV-2024-155118-300143001001"",""publisher"":""国家公务员局"",""publication_page"":""https://www.xuanhan.gov.cn/xxgk-show-77635.html"",""attachment_url"":""https://www.xuanhan.gov.cn/uploadfile/1/Attachment/638fdecf51.zip"",""local_source_file"":""中央机关及其直属机构2024年度考试录用公务员招考简章.xls"",""local_source_sha256"":""a1741b99dbecd6d03e533f99f2d69b0fa5a79733e551b80af69986ceed2ad996"",""source_sheet"":""中央国家行政机关省级以下直属机构"",""filter_version"":""government_tech_v2"",""tech_filter"":{""is_tech"":true,""is_core_tech"":true,""scope"":""core"",""categories"":[""computer_software"",""cybersecurity_cryptography"",""data_ai""],""matched_fields"":[""major"",""job_title"",""description"",""remarks""],""major_terms"":[""计算机类""],""role_terms"":[""信息安全"",""大数据"",""网络空间安全"",""计算机"",""软件"",""软件工程""],""reason"":""tech_major_and_role""},""original"":{""部门代码"":""155118"",""部门名称"":""中国证券监督管理委员会山东监管局"",""用人司局"":""中国证券监督管理委员会山东监管局"",""机构性质"":""中央国家行政机关省级以下直属机构"",""招考职位"":""证监计算机类职位"",""职位属性"":""证监计算机类职位"",""职位分布"":""其他职位"",""职位简介"":""主要从事辖区证券期货市场计算机类监管工作"",""职位代码"":""300143001001"",""机构层级"":""省（副省）级"",""考试类别"":""中央机关及其省级直属机构综合管理类"",""招考人数"":""2"",""专业"":""计算机类（详见备注）"",""学历"":""硕士研究生及以上"",""学位"":""与最高学历相对应的学位"",""政治面貌"":""不限"",""基层工作最低年限"":""无限制"",""服务基层项目工作经历"":""无限制"",""是否在面试阶段组织专业能力测试"":""否"",""面试人员比例"":""5:1"",""工作地点"":""山东省济南市"",""落户地点"":""山东省济南市"",""备注"":""1.学历与学位相匹配。本科阶段为计算机科学与技术（专业代码080901）、软件工程（专业代码080902）、网络工程（专业代码080903）、信息安全（专业代码080904K）、电子与计算机工程（专业代码080909T）、数据科学与大数据技术（专业代码080910T）、网络空间安全（专业代码080911TK）、保密技术（专业代码080914TK），且研究生阶段为计算机科学与技术（专业代码0812）、软件工程（专业代码0835）、网络空间安全（专业代码0839）。\n2.国（境）外相应专业也可报考。\n3.有关专业考试信息及大纲可在中国证监会网站上查询。"",""部门网站"":""www.csrc.gov.cn/pub/shandong/"",""咨询电话1"":""0531-86131796"",""咨询电话2"":""0531-86131777"",""咨询电话3"":"""",""来源Sheet"":""中央国家行政机关省级以下直属机构""}}"
"government_jobs","国家公务员2024招考简章","公务员/事业单位技术岗位","山东省青岛市","2026-07-28T09:12:58.310295+00:00","辖区计算机类监管岗位一级主任科员及以下","中国证券监督管理委员会青岛监管局","","山东省青岛市","公务员/事业单位;2024;computer_software;cybersecurity_cryptography;硕士研究生及以上;与最高学历相对应的学位;计算机科学与技术、软件工程、网络空间安全;中央机关及其省级直属机构综合管理类","用人司局：中国证券监督管理委员会青岛监管局
职位简介：主要从事辖区证券期货市场计算机类监管等工作。
专业要求：计算机科学与技术、软件工程、网络空间安全
学历要求：硕士研究生及以上
学位要求：与最高学历相对应的学位
政治面貌：不限
基层工作经历：无限制
考试类别：中央机关及其省级直属机构综合管理类
备注：1.按最高学历学位所学专业报考，学历与学位相匹配。报名时需在备注栏详细说明专业代码。
2.有关专业考试信息及大纲可在中国证监会网站上查询。","https://www.xuanhan.gov.cn/xxgk-show-77635.html#155119-300143001001","2023-10-15","{""dataset_year"":2024,""job_uid"":""GOV-2024-155119-300143001001"",""publisher"":""国家公务员局"",""publication_page"":""https://www.xuanhan.gov.cn/xxgk-show-77635.html"",""attachment_url"":""https://www.xuanhan.gov.cn/uploadfile/1/Attachment/638fdecf51.zip"",""local_source_file"":""中央机关及其直属机构2024年度考试录用公务员招考简章.xls"",""local_source_sha256"":""a1741b99dbecd6d03e533f99f2d69b0fa5a79733e551b80af69986ceed2ad996"",""source_sheet"":""中央国家行政机关省级以下直属机构"",""filter_version"":""government_tech_v2"",""tech_filter"":{""is_tech"":true,""is_core_tech"":true,""scope"":""core"",""categories"":[""computer_software"",""cybersecurity_cryptography""],""matched_fields"":[""major"",""job_title"",""description""],""major_terms"":[""网络空间安全"",""计算机科学与技术"",""软件工程""],""role_terms"":[""计算机""],""reason"":""tech_major_and_role""},""original"":{""部门代码"":""155119"",""部门名称"":""中国证券监督管理委员会青岛监管局"",""用人司局"":""中国证券监督管理委员会青岛监管局"",""机构性质"":""中央国家行政机关省级以下直属机构"",""招考职位"":""辖区计算机类监管岗位一级主任科员及以下"",""职位属性"":""证监计算机类职位"",""职位分布"":""其他职位"",""职位简介"":""主要从事辖区证券期货市场计算机类监管等工作。"",""职位代码"":""300143001001"",""机构层级"":""省（副省）级"",""考试类别"":""中央机关及其省级直属机构综合管理类"",""招考人数"":""1"",""专业"":""计算机科学与技术、软件工程、网络空间安全"",""学历"":""硕士研究生及以上"",""学位"":""与最高学历相对应的学位"",""政治面貌"":""不限"",""基层工作最低年限"":""无限制"",""服务基层项目工作经历"":""无限制"",""是否在面试阶段组织专业能力测试"":""否"",""面试人员比例"":""5:1"",""工作地点"":""山东省青岛市"",""落户地点"":""山东省青岛市"",""备注"":""1.按最高学历学位所学专业报考，学历与学位相匹配。报名时需在备注栏详细说明专业代码。\n2.有关专业考试信息及大纲可在中国证监会网站上查询。"",""部门网站"":""www.csrc.gov.cn/qingdao/"",""咨询电话1"":""0532-85793006"",""咨询电话2"":""0532-85798523"",""咨询电话3"":"""",""来源Sheet"":""中央国家行政机关省级以下直属机构""}}"
"government_jobs","国家公务员2024招考简章","公务员/事业单位技术岗位","湖北省武汉市","2026-07-28T09:12:58.310295+00:00","辖区市场计算机类监管岗位主任科员及以下","中国证券监督管理委员会湖北监管局","","湖北省武汉市","公务员/事业单位;2024;computer_software;硕士研究生及以上;硕士;计算机类;中央机关及其省级直属机构综合管理类","用人司局：中国证券监督管理委员会湖北监管局
职位简介：主要从事辖区证券期货市场计算机类监管工作
专业要求：计算机类
学历要求：硕士研究生及以上
学位要求：硕士
政治面貌：不限
基层工作经历：一年
考试类别：中央机关及其省级直属机构综合管理类
备注：1.有一年以上信息系统开发或建设管理经验，并在备注栏中进行说明；
2.本科专业与研究生专业必须均为计算机类专业；
3.有关专业考试信息及大纲可在中国证监会网站上查询。","https://www.xuanhan.gov.cn/xxgk-show-77635.html#155121-300143121001","2023-10-15","{""dataset_year"":2024,""job_uid"":""GOV-2024-155121-300143121001"",""publisher"":""国家公务员局"",""publication_page"":""https://www.xuanhan.gov.cn/xxgk-show-77635.html"",""attachment_url"":""https://www.xuanhan.gov.cn/uploadfile/1/Attachment/638fdecf51.zip"",""local_source_file"":""中央机关及其直属机构2024年度考试录用公务员招考简章.xls"",""local_source_sha256"":""a1741b99dbecd6d03e533f99f2d69b0fa5a79733e551b80af69986ceed2ad996"",""source_sheet"":""中央国家行政机关省级以下直属机构"",""filter_version"":""government_tech_v2"",""tech_filter"":{""is_tech"":true,""is_core_tech"":true,""scope"":""core"",""categories"":[""computer_software""],""matched_fields"":[""major"",""job_title"",""description"",""remarks""],""major_terms"":[""计算机类""],""role_terms"":[""信息系统"",""系统开发"",""计算机""],""reason"":""tech_major_and_role""},""original"":{""部门代码"":""155121"",""部门名称"":""中国证券监督管理委员会湖北监管局"",""用人司局"":""中国证券监督管理委员会湖北监管局"",""机构性质"":""中央国家行政机关省级以下直属机构"",""招考职位"":""辖区市场计算机类监管岗位主任科员及以下"",""职位属性"":""证监计算机类职位"",""职位分布"":""其他职位"",""职位简介"":""主要从事辖区证券期货市场计算机类监管工作"",""职位代码"":""300143121001"",""机构层级"":""省（副省）级"",""考试类别"":""中央机关及其省级直属机构综合管理类"",""招考人数"":""2"",""专业"":""计算机类"",""学历"":""硕士研究生及以上"",""学位"":""硕士"",""政治面貌"":""不限"",""基层工作最低年限"":""一年"",""服务基层项目工作经历"":""无限制"",""是否在面试阶段组织专业能力测试"":""否"",""面试人员比例"":""5:1"",""工作地点"":""湖北省武汉市"",""落户地点"":""湖北省武汉市"",""备注"":""1.有一年以上信息系统开发或建设管理经验，并在备注栏中进行说明；\n2.本科专业与研究生专业必须均为计算机类专业；\n3.有关专业考试信息及大纲可在中国证监会网站上查询。"",""部门网站"":""www.csrc.gov.cn/pub/hubei/"",""咨询电话1"":""027-87460070"",""咨询电话2"":"""",""咨询电话3"":"""",""来源Sheet"":""中央国家行政机关省级以下直属机构""}}"
"government_jobs","国家公务员2024招考简章","公务员/事业单位技术岗位","湖南省长沙市","2026-07-28T09:12:58.310295+00:00","辖区计算机类监管岗位一级主任科员及以下","中国证券监督管理委员会湖南监管局","","湖南省长沙市","公务员/事业单位;2024;computer_software;cybersecurity_cryptography;本科及以上;与最高学历相对应的学位;计算机类;中央机关及其省级直属机构综合管理类","用人司局：中国证券监督管理委员会湖南监管局
职位简介：主要从事辖区证券期货市场计算机类监管工作。
专业要求：计算机类
学历要求：本科及以上
学位要求：与最高学历相对应的学位
政治面貌：不限
基层工作经历：无限制
考试类别：中央机关及其省级直属机构综合管理类
备注：1.本科阶段为计算机类专业（学科代码0809开头）或研究生阶段为计算机科学与技术（学科代码0812）、软件工程（学科代码0835）、网络空间安全（学科代码0839），或国（境）外相应专业，并取得相应的学位、学历证书。2.按最高学历学位所学专业报考，报名时需在备注栏中注明学科代码。3.有关专业考试信息及大纲可在中国证监会网站上查询。","https://www.xuanhan.gov.cn/xxgk-show-77635.html#155122-300143823001","2023-10-15","{""dataset_year"":2024,""job_uid"":""GOV-2024-155122-300143823001"",""publisher"":""国家公务员局"",""publication_page"":""https://www.xuanhan.gov.cn/xxgk-show-77635.html"",""attachment_url"":""https://www.xuanhan.gov.cn/uploadfile/1/Attachment/638fdecf51.zip"",""local_source_file"":""中央机关及其直属机构2024年度考试录用公务员招考简章.xls"",""local_source_sha256"":""a1741b99dbecd6d03e533f99f2d69b0fa5a79733e551b80af69986ceed2ad996"",""source_sheet"":""中央国家行政机关省级以下直属机构"",""filter_version"":""government_tech_v2"",""tech_filter"":{""is_tech"":true,""is_core_tech"":true,""scope"":""core"",""categories"":[""computer_software"",""cybersecurity_cryptography""],""matched_fields"":[""major"",""job_title"",""description"",""remarks""],""major_terms"":[""计算机类""],""role_terms"":[""网络空间安全"",""计算机"",""软件"",""软件工程""],""reason"":""tech_major_and_role""},""original"":{""部门代码"":""155122"",""部门名称"":""中国证券监督管理委员会湖南监管局"",""用人司局"":""中国证券监督管理委员会湖南监管局"",""机构性质"":""中央国家行政机关省级以下直属机构"",""招考职位"":""辖区计算机类监管岗位一级主任科员及以下"",""职位属性"":""证监计算机类职位"",""职位分布"":""其他职位"",""职位简介"":""主要从事辖区证券期货市场计算机类监管工作。"",""职位代码"":""300143823001"",""机构层级"":""省（副省）级"",""考试类别"":""中央机关及其省级直属机构综合管理类"",""招考人数"":""2"",""专业"":""计算机类"",""学历"":""本科及以上"",""学位"":""与最高学历相对应的学位"",""政治面貌"":""不限"",""基层工作最低年限"":""无限制"",""服务基层项目工作经历"":""无限制"",""是否在面试阶段组织专业能力测试"":""否"",""面试人员比例"":""5:1"",""工作地点"":""湖南省长沙市"",""落户地点"":""湖南省长沙市"",""备注"":""1.本科阶段为计算机类专业（学科代码0809开头）或研究生阶段为计算机科学与技术（学科代码0812）、软件工程（学科代码0835）、网络空间安全（学科代码0839），或国（境）外相应专业，并取得相应的学位、学历证书。2.按最高学历学位所学专业报考，报名时需在备注栏中注明学科代码。3.有关专业考试信息及大纲可在中国证监会网站上查询。"",""部门网站"":""www.csrc.gov.cn/pub/hunan/"",""咨询电话1"":""0731-85816697"",""咨询电话2"":"""",""咨询电话3"":"""",""来源Sheet"":""中央国家行政机关省级以下直属机构""}}"
"government_jobs","国家公务员2024招考简章","公务员/事业单位技术岗位","广东省广州市","2026-07-28T09:12:58.310295+00:00","辖区计算机类监管岗位一级主任科员及以下","中国证券监督管理委员会广东监管局","","广东省广州市","公务员/事业单位;2024;computer_software;硕士研究生及以上;硕士;计算机类（专业代码前4位为0809）、信息与计算科学（专业代码070102）、数据计算及应用（专业代码070104）;中央机关及其省级直属机构综合管理类","用人司局：中国证券监督管理委员会广东监管局
职位简介：主要从事辖区证券期货市场计算机类监管工作。
专业要求：计算机类（专业代码前4位为0809）、信息与计算科学（专业代码070102）、数据计算及应用（专业代码070104）
学历要求：硕士研究生及以上
学位要求：硕士
政治面貌：不限
基层工作经历：无限制
考试类别：中央机关及其省级直属机构综合管理类
备注：1.要求本科或研究生专业符合，并具有会计（或会计学）、审计（或审计学）、经济学类、金融学类专业相关学位。
2.能承受高强度、高压力工作，适应经常性加班和长时间出差；
3.国（境）外相应专业也可报考；
4.有关专业考试信息及大纲可在中国证监会网站上查询。","https://www.xuanhan.gov.cn/xxgk-show-77635.html#155123-300143123001","2023-10-15","{""dataset_year"":2024,""job_uid"":""GOV-2024-155123-300143123001"",""publisher"":""国家公务员局"",""publication_page"":""https://www.xuanhan.gov.cn/xxgk-show-77635.html"",""attachment_url"":""https://www.xuanhan.gov.cn/uploadfile/1/Attachment/638fdecf51.zip"",""local_source_file"":""中央机关及其直属机构2024年度考试录用公务员招考简章.xls"",""local_source_sha256"":""a1741b99dbecd6d03e533f99f2d69b0fa5a79733e551b80af69986ceed2ad996"",""source_sheet"":""中央国家行政机关省级以下直属机构"",""filter_version"":""government_tech_v2"",""tech_filter"":{""is_tech"":true,""is_core_tech"":true,""scope"":""core"",""categories"":[""computer_software""],""matched_fields"":[""major"",""job_title"",""description""],""major_terms"":[""计算机类""],""role_terms"":[""计算机""],""reason"":""tech_major_and_role""},""original"":{""部门代码"":""155123"",""部门名称"":""中国证券监督管理委员会广东监管局"",""用人司局"":""中国证券监督管理委员会广东监管局"",""机构性质"":""中央国家行政机关省级以下直属机构"",""招考职位"":""辖区计算机类监管岗位一级主任科员及以下"",""职位属性"":""证监计算机类职位"",""职位分布"":""其他职位"",""职位简介"":""主要从事辖区证券期货市场计算机类监管工作。"",""职位代码"":""300143123001"",""机构层级"":""省（副省）级"",""考试类别"":""中央机关及其省级直属机构综合管理类"",""招考人数"":""2"",""专业"":""计算机类（专业代码前4位为0809）、信息与计算科学（专业代码070102）、数据计算及应用（专业代码070104）"",""学历"":""硕士研究生及以上"",""学位"":""硕士"",""政治面貌"":""不限"",""基层工作最低年限"":""无限制"",""服务基层项目工作经历"":""无限制"",""是否在面试阶段组织专业能力测试"":""否"",""面试人员比例"":""5:1"",""工作地点"":""广东省广州市"",""落户地点"":""广东省广州市"",""备注"":""1.要求本科或研究生专业符合，并具有会计（或会计学）、审计（或审计学）、经济学类、金融学类专业相关学位。\n2.能承受高强度、高压力工作，适应经常性加班和长时间出差；\n3.国（境）外相应专业也可报考；\n4.有关专业考试信息及大纲可在中国证监会网站上查询。"",""部门网站"":""www.csrc.gov.cn/pub/guangdong"",""咨询电话1"":""020-37853896"",""咨询电话2"":""020-37853883"",""咨询电话3"":""020-37851765"",""来源Sheet"":""中央国家行政机关省级以下直属机构""}}"
"government_jobs","国家公务员2024招考简章","公务员/事业单位技术岗位","广东省深圳市","2026-07-28T09:12:58.310295+00:00","辖区计算机类监管岗位一级主任科员及以下","中国证券监督管理委员会深圳监管局","","广东省深圳市","公务员/事业单位;2024;computer_software;本科及以上;与最高学历相对应的学位;计算机科学与技术、计算机软件、软件工程、计算机应用技术、信息管理与信息系统;中央机关及其省级直属机构综合管理类","用人司局：中国证券监督管理委员会深圳监管局
职位简介：主要从事辖区证券期货市场计算机类监管工作
专业要求：计算机科学与技术、计算机软件、软件工程、计算机应用技术、信息管理与信息系统
学历要求：本科及以上
学位要求：与最高学历相对应的学位
政治面貌：不限
基层工作经历：无限制
考试类别：中央机关及其省级直属机构综合管理类
备注：1.大学英语六级考试须合格或成绩在425分以上，并在备注中说明英语成绩。
2.有关专业考试信息及大纲可在中国证监会网站上查询。","https://www.xuanhan.gov.cn/xxgk-show-77635.html#155124-300143825001","2023-10-15","{""dataset_year"":2024,""job_uid"":""GOV-2024-155124-300143825001"",""publisher"":""国家公务员局"",""publication_page"":""https://www.xuanhan.gov.cn/xxgk-show-77635.html"",""attachment_url"":""https://www.xuanhan.gov.cn/uploadfile/1/Attachment/638fdecf51.zip"",""local_source_file"":""中央机关及其直属机构2024年度考试录用公务员招考简章.xls"",""local_source_sha256"":""a1741b99dbecd6d03e533f99f2d69b0fa5a79733e551b80af69986ceed2ad996"",""source_sheet"":""中央国家行政机关省级以下直属机构"",""filter_version"":""government_tech_v2"",""tech_filter"":{""is_tech"":true,""is_core_tech"":true,""scope"":""core"",""categories"":[""computer_software""],""matched_fields"":[""major"",""job_title"",""description""],""major_terms"":[""计算机"",""计算机科学与技术"",""软件工程""],""role_terms"":[""计算机""],""reason"":""tech_major_and_role""},""original"":{""部门代码"":""155124"",""部门名称"":""中国证券监督管理委员会深圳监管局"",""用人司局"":""中国证券监督管理委员会深圳监管局"",""机构性质"":""中央国家行政机关省级以下直属机构"",""招考职位"":""辖区计算机类监管岗位一级主任科员及以下"",""职位属性"":""证监计算机类职位"",""职位分布"":""其他职位"",""职位简介"":""主要从事辖区证券期货市场计算机类监管工作"",""职位代码"":""300143825001"",""机构层级"":""省（副省）级"",""考试类别"":""中央机关及其省级直属机构综合管理类"",""招考人数"":""1"",""专业"":""计算机科学与技术、计算机软件、软件工程、计算机应用技术、信息管理与信息系统"",""学历"":""本科及以上"",""学位"":""与最高学历相对应的学位"",""政治面貌"":""不限"",""基层工作最低年限"":""无限制"",""服务基层项目工作经历"":""无限制"",""是否在面试阶段组织专业能力测试"":""否"",""面试人员比例"":""5:1"",""工作地点"":""广东省深圳市"",""落户地点"":""广东省深圳市"",""备注"":""1.大学英语六级考试须合格或成绩在425分以上，并在备注中说明英语成绩。\n2.有关专业考试信息及大纲可在中国证监会网站上查询。"",""部门网站"":""www.csrc.gov.cn/pub/shenzhen/"",""咨询电话1"":""0755-83269009"",""咨询电话2"":"""",""咨询电话3"":"""",""来源Sheet"":""中央国家行政机关省级以下直属机构""}}"
"government_jobs","国家公务员2024招考简章","公务员/事业单位技术岗位","重庆市","2026-07-28T09:12:58.310295+00:00","辖区计算机类监管岗位一级主任科员及以下","中国证券监督管理委员会重庆监管局","","重庆市","公务员/事业单位;2024;computer_software;cybersecurity_cryptography;硕士研究生及以上;与最高学历相对应的学位;计算机科学与技术、软件工程、网络工程、信息安全;中央机关及其省级直属机构综合管理类","用人司局：中国证券监督管理委员会重庆监管局
职位简介：主要从事辖区证券期货市场计算机类监管工作
专业要求：计算机科学与技术、软件工程、网络工程、信息安全
学历要求：硕士研究生及以上
学位要求：与最高学历相对应的学位
政治面貌：不限
基层工作经历：无限制
考试类别：中央机关及其省级直属机构综合管理类
备注：1.按最高学历学位所学专业报考，学历与学位相匹配；本科或研究生阶段所学专业应均为职位所需专业或国（境）外相应专业；
2.本科阶段专业为计算机科学与技术、软件工程、网络工程、信息安全或研究生阶段专业为计算机科学与技术（该学科下所有专业）、软件工程（该学科下所有专业），并请在备注栏详细注明所学专业；
3.有关专业考试信息及大纲可在中国证监会网站上查询。","https://www.xuanhan.gov.cn/xxgk-show-77635.html#155128-300143898001","2023-10-15","{""dataset_year"":2024,""job_uid"":""GOV-2024-155128-300143898001"",""publisher"":""国家公务员局"",""publication_page"":""https://www.xuanhan.gov.cn/xxgk-show-77635.html"",""attachment_url"":""https://www.xuanhan.gov.cn/uploadfile/1/Attachment/638fdecf51.zip"",""local_source_file"":""中央机关及其直属机构2024年度考试录用公务员招考简章.xls"",""local_source_sha256"":""a1741b99dbecd6d03e533f99f2d69b0fa5a79733e551b80af69986ceed2ad996"",""source_sheet"":""中央国家行政机关省级以下直属机构"",""filter_version"":""government_tech_v2"",""tech_filter"":{""is_tech"":true,""is_core_tech"":true,""scope"":""core"",""categories"":[""computer_software"",""cybersecurity_cryptography""],""matched_fields"":[""major"",""job_title"",""description"",""remarks""],""major_terms"":[""信息安全"",""网络工程"",""计算机科学与技术"",""软件工程""],""role_terms"":[""信息安全"",""计算机"",""软件"",""软件工程""],""reason"":""tech_major_and_role""},""original"":{""部门代码"":""155128"",""部门名称"":""中国证券监督管理委员会重庆监管局"",""用人司局"":""中国证券监督管理委员会重庆监管局"",""机构性质"":""中央国家行政机关省级以下直属机构"",""招考职位"":""辖区计算机类监管岗位一级主任科员及以下"",""职位属性"":""证监计算机类职位"",""职位分布"":""其他职位"",""职位简介"":""主要从事辖区证券期货市场计算机类监管工作"",""职位代码"":""300143898001"",""机构层级"":""省（副省）级"",""考试类别"":""中央机关及其省级直属机构综合管理类"",""招考人数"":""1"",""专业"":""计算机科学与技术、软件工程、网络工程、信息安全"",""学历"":""硕士研究生及以上"",""学位"":""与最高学历相对应的学位"",""政治面貌"":""不限"",""基层工作最低年限"":""无限制"",""服务基层项目工作经历"":""无限制"",""是否在面试阶段组织专业能力测试"":""否"",""面试人员比例"":""5:1"",""工作地点"":""重庆市"",""落户地点"":""重庆市"",""备注"":""1.按最高学历学位所学专业报考，学历与学位相匹配；本科或研究生阶段所学专业应均为职位所需专业或国（境）外相应专业；\n2.本科阶段专业为计算机科学与技术、软件工程、网络工程、信息安全或研究生阶段专业为计算机科学与技术（该学科下所有专业）、软件工程（该学科下所有专业），并请在备注栏详细注明所学专业；\n3.有关专业考试信息及大纲可在中国证监会网站上查询。"",""部门网站"":""www.csrc.gov.cn/pub/chongqing/"",""咨询电话1"":""023-89031900"",""咨询电话2"":""023-89031963"",""咨询电话3"":"""",""来源Sheet"":""中央国家行政机关省级以下直属机构""}}"
"government_jobs","国家公务员2024招考简章","公务员/事业单位技术岗位","上海市","2026-07-28T09:12:58.310295+00:00","计算机类监管岗位一级主任科员及以下","中国证券监督管理委员会上海证券监管专员办事处","","上海市","公务员/事业单位;2024;computer_software;cybersecurity_cryptography;data_ai;本科及以上;与最高学历相对应的学位;计算机类;中央机关及其省级直属机构综合管理类","用人司局：中国证券监督管理委员会上海证券监管专员办事处
职位简介：从事证券期货市场稽查执法工作
专业要求：计算机类
学历要求：本科及以上
学位要求：与最高学历相对应的学位
政治面貌：不限
基层工作经历：无限制
考试类别：中央机关及其省级直属机构综合管理类
备注：1.各阶段均具有相应的学历、学位。以本科学历报考的，专业代码限080901计算机科学与技术、080902软件工程、080903网络工程、080904K信息安全、080910T数据科学与大数据技术，或国（境）外相应专业；以研究生学历报考的，学科代码限0812计算机科学与技术、0835软件工程、0839网络空间安全，或国（境）外相应专业。2.能适应经常出差及加班的证券期货执法工作。3.有关专业考试信息及大纲可在中国证监会网站上查询。","https://www.xuanhan.gov.cn/xxgk-show-77635.html#155137-300143838001","2023-10-15","{""dataset_year"":2024,""job_uid"":""GOV-2024-155137-300143838001"",""publisher"":""国家公务员局"",""publication_page"":""https://www.xuanhan.gov.cn/xxgk-show-77635.html"",""attachment_url"":""https://www.xuanhan.gov.cn/uploadfile/1/Attachment/638fdecf51.zip"",""local_source_file"":""中央机关及其直属机构2024年度考试录用公务员招考简章.xls"",""local_source_sha256"":""a1741b99dbecd6d03e533f99f2d69b0fa5a79733e551b80af69986ceed2ad996"",""source_sheet"":""中央国家行政机关省级以下直属机构"",""filter_version"":""government_tech_v2"",""tech_filter"":{""is_tech"":true,""is_core_tech"":true,""scope"":""core"",""categories"":[""computer_software"",""cybersecurity_cryptography"",""data_ai""],""matched_fields"":[""major"",""job_title"",""remarks""],""major_terms"":[""计算机类""],""role_terms"":[""信息安全"",""大数据"",""网络空间安全"",""计算机"",""软件"",""软件工程""],""reason"":""tech_major_and_role""},""original"":{""部门代码"":""155137"",""部门名称"":""中国证券监督管理委员会上海证券监管专员办事处"",""用人司局"":""中国证券监督管理委员会上海证券监管专员办事处"",""机构性质"":""中央国家行政机关省级以下直属机构"",""招考职位"":""计算机类监管岗位一级主任科员及以下"",""职位属性"":""证监计算机类职位"",""职位分布"":""其他职位"",""职位简介"":""从事证券期货市场稽查执法工作"",""职位代码"":""300143838001"",""机构层级"":""省（副省）级"",""考试类别"":""中央机关及其省级直属机构综合管理类"",""招考人数"":""1"",""专业"":""计算机类"",""学历"":""本科及以上"",""学位"":""与最高学历相对应的学位"",""政治面貌"":""不限"",""基层工作最低年限"":""无限制"",""服务基层项目工作经历"":""无限制"",""是否在面试阶段组织专业能力测试"":""否"",""面试人员比例"":""5:1"",""工作地点"":""上海市"",""落户地点"":""上海市"",""备注"":""1.各阶段均具有相应的学历、学位。以本科学历报考的，专业代码限080901计算机科学与技术、080902软件工程、080903网络工程、080904K信息安全、080910T数据科学与大数据技术，或国（境）外相应专业；以研究生学历报考的，学科代码限0812计算机科学与技术、0835软件工程、0839网络空间安全，或国（境）外相应专业。2.能适应经常出差及加班的证券期货执法工作。3.有关专业考试信息及大纲可在中国证监会网站上查询。"",""部门网站"":""www.csrc.gov.cn/shzyb/index.shtml"",""咨询电话1"":""021-50496321"",""咨询电话2"":"""",""咨询电话3"":"""",""来源Sheet"":""中央国家行政机关省级以下直属机构""}}"
"government_jobs","国家公务员2024招考简章","公务员/事业单位技术岗位","山东省济南市","2026-07-28T09:12:58.310295+00:00","规划建设处一级主任科员及以下","国家粮食和物资储备局山东局","","山东省济南市","公务员/事业单位;2024;computer_software;仅限硕士研究生;硕士;农业经济管理（120301）、物流工程与管理（125604）、海洋工程（085903）、国民经济学（020201）、西方经济学（020104）、大数据技术与工程（085411）、机械工程（080200)、应用化学（081704）;中央机关及其省级直属机构综合管理类","用人司局：国家粮食和物资储备局山东局
职位简介：从事所属单位基本建设、仓储设施及设备管理、项目统筹、信息化建设等工作
专业要求：农业经济管理（120301）、物流工程与管理（125604）、海洋工程（085903）、国民经济学（020201）、西方经济学（020104）、大数据技术与工程（085411）、机械工程（080200)、应用化学（081704）
学历要求：仅限硕士研究生
学位要求：硕士
政治面貌：不限
基层工作经历：二年
考试类别：中央机关及其省级直属机构综合管理类","https://www.xuanhan.gov.cn/xxgk-show-77635.html#160110-300110110001","2023-10-15","{""dataset_year"":2024,""job_uid"":""GOV-2024-160110-300110110001"",""publisher"":""国家公务员局"",""publication_page"":""https://www.xuanhan.gov.cn/xxgk-show-77635.html"",""attachment_url"":""https://www.xuanhan.gov.cn/uploadfile/1/Attachment/638fdecf51.zip"",""local_source_file"":""中央机关及其直属机构2024年度考试录用公务员招考简章.xls"",""local_source_sha256"":""a1741b99dbecd6d03e533f99f2d69b0fa5a79733e551b80af69986ceed2ad996"",""source_sheet"":""中央国家行政机关省级以下直属机构"",""filter_version"":""government_tech_v2"",""tech_filter"":{""is_tech"":true,""is_core_tech"":true,""scope"":""core"",""categories"":[""computer_software""],""matched_fields"":[""major"",""description""],""major_terms"":[""大数据""],""role_terms"":[""信息化""],""reason"":""tech_major_and_role""},""original"":{""部门代码"":""160110"",""部门名称"":""国家粮食和物资储备局山东局"",""用人司局"":""国家粮食和物资储备局山东局"",""机构性质"":""中央国家行政机关省级以下直属机构"",""招考职位"":""规划建设处一级主任科员及以下"",""职位属性"":""普通职位"",""职位分布"":""其他职位"",""职位简介"":""从事所属单位基本建设、仓储设施及设备管理、项目统筹、信息化建设等工作"",""职位代码"":""300110110001"",""机构层级"":""省（副省）级"",""考试类别"":""中央机关及其省级直属机构综合管理类"",""招考人数"":""1"",""专业"":""农业经济管理（120301）、物流工程与管理（125604）、海洋工程（085903）、国民经济学（020201）、西方经济学（020104）、大数据技术与工程（085411）、机械工程（080200)、应用化学（081704）"",""学历"":""仅限硕士研究生"",""学位"":""硕士"",""政治面貌"":""不限"",""基层工作最低年限"":""二年"",""服务基层项目工作经历"":""无限制"",""是否在面试阶段组织专业能力测试"":""否"",""面试人员比例"":""5:1"",""工作地点"":""山东省济南市"",""落户地点"":""山东省济南市"",""备注"":"""",""部门网站"":""www.chinagrain.gov.cn"",""咨询电话1"":""0531-85033622"",""咨询电话2"":""0531-85033528"",""咨询电话3"":"""",""来源Sheet"":""中央国家行政机关省级以下直属机构""}}"
"government_jobs","国家公务员2024招考简章","公务员/事业单位技术岗位","湖北省武汉市","2026-07-28T09:12:58.310295+00:00","规划建设处一级主任科员及以下","国家粮食和物资储备局湖北局","","湖北省武汉市","公务员/事业单位;2024;computer_software;electronics_communication;本科及以上;与最高学历相对应的学位;本科：电子信息工程（080701）、通信工程（080703）、信息工程（080706）；研究生：通信与信息系统（081001）;中央机关及其省级直属机构综合管理类","用人司局：国家粮食和物资储备局湖北局
职位简介：从事信息系统规划、建设、维护等管理工作。
专业要求：本科：电子信息工程（080701）、通信工程（080703）、信息工程（080706）；研究生：通信与信息系统（081001）
学历要求：本科及以上
学位要求：与最高学历相对应的学位
政治面貌：中共党员
基层工作经历：二年
考试类别：中央机关及其省级直属机构综合管理类","https://www.xuanhan.gov.cn/xxgk-show-77635.html#160112-300110112006","2023-10-15","{""dataset_year"":2024,""job_uid"":""GOV-2024-160112-300110112006"",""publisher"":""国家公务员局"",""publication_page"":""https://www.xuanhan.gov.cn/xxgk-show-77635.html"",""attachment_url"":""https://www.xuanhan.gov.cn/uploadfile/1/Attachment/638fdecf51.zip"",""local_source_file"":""中央机关及其直属机构2024年度考试录用公务员招考简章.xls"",""local_source_sha256"":""a1741b99dbecd6d03e533f99f2d69b0fa5a79733e551b80af69986ceed2ad996"",""source_sheet"":""中央国家行政机关省级以下直属机构"",""filter_version"":""government_tech_v2"",""tech_filter"":{""is_tech"":true,""is_core_tech"":true,""scope"":""core"",""categories"":[""computer_software"",""electronics_communication""],""matched_fields"":[""major"",""description""],""major_terms"":[""电子信息工程"",""通信工程""],""role_terms"":[""信息系统""],""reason"":""tech_major_and_role""},""original"":{""部门代码"":""160112"",""部门名称"":""国家粮食和物资储备局湖北局"",""用人司局"":""国家粮食和物资储备局湖北局"",""机构性质"":""中央国家行政机关省级以下直属机构"",""招考职位"":""规划建设处一级主任科员及以下"",""职位属性"":""普通职位"",""职位分布"":""其他职位"",""职位简介"":""从事信息系统规划、建设、维护等管理工作。"",""职位代码"":""300110112006"",""机构层级"":""省（副省）级"",""考试类别"":""中央机关及其省级直属机构综合管理类"",""招考人数"":""1"",""专业"":""本科：电子信息工程（080701）、通信工程（080703）、信息工程（080706）；研究生：通信与信息系统（081001）"",""学历"":""本科及以上"",""学位"":""与最高学历相对应的学位"",""政治面貌"":""中共党员"",""基层工作最低年限"":""二年"",""服务基层项目工作经历"":""无限制"",""是否在面试阶段组织专业能力测试"":""否"",""面试人员比例"":""5:1"",""工作地点"":""湖北省武汉市"",""落户地点"":""湖北省武汉市"",""备注"":"""",""部门网站"":""http://www.lswz.gov.cn"",""咨询电话1"":""027-82832748"",""咨询电话2"":"""",""咨询电话3"":"""",""来源Sheet"":""中央国家行政机关省级以下直属机构""}}"
"government_jobs","国家公务员2024招考简章","公务员/事业单位技术岗位","广东省广州市","2026-07-28T09:12:58.310295+00:00","综合处一级主任科员及以下","国家能源局南方监管局","","广东省广州市","公务员/事业单位;2024;computer_software;cybersecurity_cryptography;硕士研究生及以上;与最高学历相对应的学位;计算机应用技术、网络安全技术与工程等相关专业;中央机关及其省级直属机构综合管理类","用人司局：国家能源局南方监管局
职位简介：从事网络安全和信息化等工作
专业要求：计算机应用技术、网络安全技术与工程等相关专业
学历要求：硕士研究生及以上
学位要求：与最高学历相对应的学位
政治面貌：中共党员
基层工作经历：二年
考试类别：中央机关及其省级直属机构综合管理类
备注：1.具有2年及以上能源行业网络安全方面工作经历。2.专业能力测试范围：电力、网络与信息安全相关知识等，占综合成绩15%。咨询电话：020-85125163。","https://www.xuanhan.gov.cn/xxgk-show-77635.html#161106-300110106002","2023-10-15","{""dataset_year"":2024,""job_uid"":""GOV-2024-161106-300110106002"",""publisher"":""国家公务员局"",""publication_page"":""https://www.xuanhan.gov.cn/xxgk-show-77635.html"",""attachment_url"":""https://www.xuanhan.gov.cn/uploadfile/1/Attachment/638fdecf51.zip"",""local_source_file"":""中央机关及其直属机构2024年度考试录用公务员招考简章.xls"",""local_source_sha256"":""a1741b99dbecd6d03e533f99f2d69b0fa5a79733e551b80af69986ceed2ad996"",""source_sheet"":""中央国家行政机关省级以下直属机构"",""filter_version"":""government_tech_v2"",""tech_filter"":{""is_tech"":true,""is_core_tech"":true,""scope"":""core"",""categories"":[""computer_software"",""cybersecurity_cryptography""],""matched_fields"":[""major"",""description"",""remarks""],""major_terms"":[""网络安全"",""计算机""],""role_terms"":[""信息化"",""信息安全"",""网络安全""],""reason"":""tech_major_and_role""},""original"":{""部门代码"":""161106"",""部门名称"":""国家能源局南方监管局"",""用人司局"":""国家能源局南方监管局"",""机构性质"":""中央国家行政机关省级以下直属机构"",""招考职位"":""综合处一级主任科员及以下"",""职位属性"":""普通职位"",""职位分布"":""其他职位"",""职位简介"":""从事网络安全和信息化等工作"",""职位代码"":""300110106002"",""机构层级"":""省（副省）级"",""考试类别"":""中央机关及其省级直属机构综合管理类"",""招考人数"":""1"",""专业"":""计算机应用技术、网络安全技术与工程等相关专业"",""学历"":""硕士研究生及以上"",""学位"":""与最高学历相对应的学位"",""政治面貌"":""中共党员"",""基层工作最低年限"":""二年"",""服务基层项目工作经历"":""无限制"",""是否在面试阶段组织专业能力测试"":""是"",""面试人员比例"":""5:1"",""工作地点"":""广东省广州市"",""落户地点"":""广东省广州市"",""备注"":""1.具有2年及以上能源行业网络安全方面工作经历。2.专业能力测试范围：电力、网络与信息安全相关知识等，占综合成绩15%。咨询电话：020-85125163。"",""部门网站"":""http://nfj.nea.gov.cn"",""咨询电话1"":""020-85125163"",""咨询电话2"":"""",""咨询电话3"":"""",""来源Sheet"":""中央国家行政机关省级以下直属机构""}}"
"government_jobs","国家公务员2024招考简章","公务员/事业单位技术岗位","北京市","2026-07-28T09:12:58.310295+00:00","执勤队一级警长及以下（十）","北京出入境边防检查总站","","北京市","公务员/事业单位;2024;computer_software;data_ai;electronics_communication;硕士研究生及以上;与最高学历相对应的学位;计算机科学与技术（0775、0812）、电子科学与技术（0774、0809）;行政执法类","用人司局：北京出入境边防检查总站
职位简介：属于公安机关人民警察，从事出入境边防检查和应急处突、大型安保、侦查办案和出入境有关系统开发运维、大数据分析核查、通信网络保障等工作。实行轮流倒班工作制，夜间执勤较多，法定休息日及节假日不能保证正常休息休假。
专业要求：计算机科学与技术（0775、0812）、电子科学与技术（0774、0809）
学历要求：硕士研究生及以上
学位要求：与最高学历相对应的学位
政治面貌：中共党员或共青团员
基层工作经历：无限制
考试类别：行政执法类
备注：1．限应届高校毕业生报考（高等学历教育各阶段均需取得相应学历和学位）。
2．大学英语四级425分及以上。
3．按《公务员录用体检特殊标准（试行）》进行体检，对《公务员录用体检特殊标准（试行）》未作规定的项目，按《公务员录用体检通用标准（试行）》执行，视力标准可询招录单位。
4．按《公安机关录用人民警察体能测评项目和标准（暂行）》进行体能测评。
5．按《公安机关录用人民警察政治考察工作办法》开展考察。具有《公安机关录用人民警察政治考察工作办法》第八条、第九条情形的，不得报考；父母、配偶或子女已移居国（境）外的，不得报考；非公派原因曾六个月以上在国（境）外留学、工作、生活的，不得报考。
6．提供集体宿舍。可为符合条件人员办理集体户口。工资待遇按人民警察标准执行，享受加班补贴和值勤岗位津贴。有固定的探亲假和休假安排。 
7．请考生及时关注“移民管理警察招考小助手”微信小程序发布的报考信息。","https://www.xuanhan.gov.cn/xxgk-show-77635.html#164101-300130001010","2023-10-15","{""dataset_year"":2024,""job_uid"":""GOV-2024-164101-300130001010"",""publisher"":""国家公务员局"",""publication_page"":""https://www.xuanhan.gov.cn/xxgk-show-77635.html"",""attachment_url"":""https://www.xuanhan.gov.cn/uploadfile/1/Attachment/638fdecf51.zip"",""local_source_file"":""中央机关及其直属机构2024年度考试录用公务员招考简章.xls"",""local_source_sha256"":""a1741b99dbecd6d03e533f99f2d69b0fa5a79733e551b80af69986ceed2ad996"",""source_sheet"":""中央国家行政机关省级以下直属机构"",""filter_version"":""government_tech_v2"",""tech_filter"":{""is_tech"":true,""is_core_tech"":true,""scope"":""core"",""categories"":[""computer_software"",""data_ai"",""electronics_communication""],""matched_fields"":[""major"",""description""],""major_terms"":[""电子科学与技术"",""计算机科学与技术""],""role_terms"":[""大数据"",""数据分析"",""系统开发"",""通信网络""],""reason"":""tech_major_and_role""},""original"":{""部门代码"":""164101"",""部门名称"":""北京出入境边防检查总站"",""用人司局"":""北京出入境边防检查总站"",""机构性质"":""中央国家行政机关省级以下直属机构"",""招考职位"":""执勤队一级警长及以下（十）"",""职位属性"":""公安机关人民警察职位"",""职位分布"":""其他职位"",""职位简介"":""属于公安机关人民警察，从事出入境边防检查和应急处突、大型安保、侦查办案和出入境有关系统开发运维、大数据分析核查、通信网络保障等工作。实行轮流倒班工作制，夜间执勤较多，法定休息日及节假日不能保证正常休息休假。"",""职位代码"":""300130001010"",""机构层级"":""市（地）级"",""考试类别"":""行政执法类"",""招考人数"":""5"",""专业"":""计算机科学与技术（0775、0812）、电子科学与技术（0774、0809）"",""学历"":""硕士研究生及以上"",""学位"":""与最高学历相对应的学位"",""政治面貌"":""中共党员或共青团员"",""基层工作最低年限"":""无限制"",""服务基层项目工作经历"":""无限制"",""是否在面试阶段组织专业能力测试"":""否"",""面试人员比例"":""3:1"",""工作地点"":""北京市"",""落户地点"":""北京市"",""备注"":""1．限应届高校毕业生报考（高等学历教育各阶段均需取得相应学历和学位）。\n2．大学英语四级425分及以上。\n3．按《公务员录用体检特殊标准（试行）》进行体检，对《公务员录用体检特殊标准（试行）》未作规定的项目，按《公务员录用体检通用标准（试行）》执行，视力标准可询招录单位。\n4．按《公安机关录用人民警察体能测评项目和标准（暂行）》进行体能测评。\n5．按《公安机关录用人民警察政治考察工作办法》开展考察。具有《公安机关录用人民警察政治考察工作办法》第八条、第九条情形的，不得报考；父母、配偶或子女已移居国（境）外的，不得报考；非公派原因曾六个月以上在国（境）外留学、工作、生活的，不得报考。\n6．提供集体宿舍。可为符合条件人员办理集体户口。工资待遇按人民警察标准执行，享受加班补贴和值勤岗位津贴。有固定的探亲假和休假安排。 \n7．请考生及时关注“移民管理警察招考小助手”微信小程序发布的报考信息。"",""部门网站"":""https://rczk.nia.gov.cn"",""咨询电话1"":""010-56095038"",""咨询电话2"":""010-56095219"",""咨询电话3"":"""",""来源Sheet"":""中央国家行政机关省级以下直属机构""}}"
"government_jobs","国家公务员2024招考简章","公务员/事业单位技术岗位","上海市","2026-07-28T09:12:58.310295+00:00","边检站警务技术一级主管及以下（三）","上海出入境边防检查总站","","上海市","公务员/事业单位;2024;computer_software;electronics_communication;geospatial_remote_sensing;仅限硕士研究生;硕士;地图学与地理信息系统、电路与系统;市（地）级及以下直属机构综合管理类","用人司局：上海出入境边防检查总站
职位简介：属于公安机关人民警察，主要从事出入境边防检查、电子信息技术研究、应用软件研究与开发等工作。
专业要求：地图学与地理信息系统、电路与系统
学历要求：仅限硕士研究生
学位要求：硕士
政治面貌：中共党员或共青团员
基层工作经历：无限制
考试类别：市（地）级及以下直属机构综合管理类
备注：1.限应届高校毕业生报考（高等学历教育各阶段均需取得相应学历和学位）。
2.大学英语四级425分及以上。
3.按《公务员录用体检特殊标准（试行）》进行体检，对《公务员录用体检特殊标准（试行）》未作规定的项目，按《公务员录用体检通用标准（试行）》执行，视力标准可询招录单位。
4.按《公安机关录用人民警察体能测评项目和标准（暂行）》进行体能测评。
5.按《公安机关录用人民警察政治考察工作办法》开展考察。具有《公安机关录用人民警察政治考察工作办法》第八条、第九条情形的，不得报考；父母、配偶或子女已移居国（境）外的，不得报考；非公派原因曾六个月以上在国（境）外留学、工作、生活的，不得报考。
6.提供集体宿舍，可为符合条件人员办理集体户口；工资待遇按人民警察标准执行，享受加班补贴和值勤岗位津贴，有固定的探亲假和休假安排。
7.在本单位最低服务年限五年（含试用期）。
8.仅限男性报考。
9.请考生及时关注“移民管理警察招考小助手”微信小程序发布的报考信息。","https://www.xuanhan.gov.cn/xxgk-show-77635.html#164103-300130263003","2023-10-15","{""dataset_year"":2024,""job_uid"":""GOV-2024-164103-300130263003"",""publisher"":""国家公务员局"",""publication_page"":""https://www.xuanhan.gov.cn/xxgk-show-77635.html"",""attachment_url"":""https://www.xuanhan.gov.cn/uploadfile/1/Attachment/638fdecf51.zip"",""local_source_file"":""中央机关及其直属机构2024年度考试录用公务员招考简章.xls"",""local_source_sha256"":""a1741b99dbecd6d03e533f99f2d69b0fa5a79733e551b80af69986ceed2ad996"",""source_sheet"":""中央国家行政机关省级以下直属机构"",""filter_version"":""government_tech_v2"",""tech_filter"":{""is_tech"":true,""is_core_tech"":true,""scope"":""core"",""categories"":[""computer_software"",""electronics_communication"",""geospatial_remote_sensing""],""matched_fields"":[""major"",""description""],""major_terms"":[""地图学与地理信息系统"",""地理信息系统""],""role_terms"":[""信息技术"",""电子信息"",""软件""],""reason"":""tech_major_and_role""},""original"":{""部门代码"":""164103"",""部门名称"":""上海出入境边防检查总站"",""用人司局"":""上海出入境边防检查总站"",""机构性质"":""中央国家行政机关省级以下直属机构"",""招考职位"":""边检站警务技术一级主管及以下（三）"",""职位属性"":""公安机关人民警察职位"",""职位分布"":""其他职位"",""职位简介"":""属于公安机关人民警察，主要从事出入境边防检查、电子信息技术研究、应用软件研究与开发等工作。"",""职位代码"":""300130263003"",""机构层级"":""市（地）级"",""考试类别"":""市（地）级及以下直属机构综合管理类"",""招考人数"":""2"",""专业"":""地图学与地理信息系统、电路与系统"",""学历"":""仅限硕士研究生"",""学位"":""硕士"",""政治面貌"":""中共党员或共青团员"",""基层工作最低年限"":""无限制"",""服务基层项目工作经历"":""无限制"",""是否在面试阶段组织专业能力测试"":""否"",""面试人员比例"":""3:1"",""工作地点"":""上海市"",""落户地点"":""上海市"",""备注"":""1.限应届高校毕业生报考（高等学历教育各阶段均需取得相应学历和学位）。\n2.大学英语四级425分及以上。\n3.按《公务员录用体检特殊标准（试行）》进行体检，对《公务员录用体检特殊标准（试行）》未作规定的项目，按《公务员录用体检通用标准（试行）》执行，视力标准可询招录单位。\n4.按《公安机关录用人民警察体能测评项目和标准（暂行）》进行体能测评。\n5.按《公安机关录用人民警察政治考察工作办法》开展考察。具有《公安机关录用人民警察政治考察工作办法》第八条、第九条情形的，不得报考；父母、配偶或子女已移居国（境）外的，不得报考；非公派原因曾六个月以上在国（境）外留学、工作、生活的，不得报考。\n6.提供集体宿舍，可为符合条件人员办理集体户口；工资待遇按人民警察标准执行，享受加班补贴和值勤岗位津贴，有固定的探亲假和休假安排。\n7.在本单位最低服务年限五年（含试用期）。\n8.仅限男性报考。\n9.请考生及时关注“移民管理警察招考小助手”微信小程序发布的报考信息。"",""部门网站"":""https://rczk.nia.gov.cn"",""咨询电话1"":""021-51105133"",""咨询电话2"":""021-31366078"",""咨询电话3"":"""",""来源Sheet"":""中央国家行政机关省级以下直属机构""}}"
"government_jobs","国家公务员2024招考简章","公务员/事业单位技术岗位","广东省深圳市","2026-07-28T09:12:58.310295+00:00","边检站警务技术一级主管及以下（一）","深圳出入境边防检查总站","","广东省深圳市","公务员/事业单位;2024;computer_software;data_ai;electronics_communication;硕士研究生及以上;与最高学历相对应的学位;计算机科学与技术、计算机技术、软件工程、电子科学与技术、信息与通信工程、电子信息;市（地）级及以下直属机构综合管理类","用人司局：深圳出入境边防检查总站
职位简介：属于公安机关人民警察，主要从事出入境边防检查、系统开发运维、大数据分析核查、通信网络保障等工作。
专业要求：计算机科学与技术、计算机技术、软件工程、电子科学与技术、信息与通信工程、电子信息
学历要求：硕士研究生及以上
学位要求：与最高学历相对应的学位
政治面貌：中共党员或共青团员
基层工作经历：无限制
考试类别：市（地）级及以下直属机构综合管理类
备注：1．限应届高校毕业生报考（高等学历教育各阶段均需取得相应学历和学位）。
2．大学英语四级425分及以上。
3．按《公务员录用体检特殊标准（试行）》进行体检，对《公务员录用体检特殊标准（试行）》未作规定的项目，按《公务员录用体检通用标准（试行）》执行，视力标准可询招录单位。
4．按《公安机关录用人民警察体能测评项目和标准（暂行）》进行体能测评。
5．按《公安机关录用人民警察政治考察工作办法》开展考察。具有《公安机关录用人民警察政治考察工作办法》第八条、第九条情形的，不得报考；父母、配偶或子女已移居国（境）外的，不得报考；非公派原因曾六个月以上在国（境）外留学、工作、生活的，不得报考。
6．工资待遇按人民警察标准执行，享受加班补贴和值勤岗位津贴；有固定的探亲假和休假安排。
7．仅限男性报考。
8．请考生及时关注“移民管理警察招考小助手”微信小程序发布的报考信息。","https://www.xuanhan.gov.cn/xxgk-show-77635.html#164105-300130265001","2023-10-15","{""dataset_year"":2024,""job_uid"":""GOV-2024-164105-300130265001"",""publisher"":""国家公务员局"",""publication_page"":""https://www.xuanhan.gov.cn/xxgk-show-77635.html"",""attachment_url"":""https://www.xuanhan.gov.cn/uploadfile/1/Attachment/638fdecf51.zip"",""local_source_file"":""中央机关及其直属机构2024年度考试录用公务员招考简章.xls"",""local_source_sha256"":""a1741b99dbecd6d03e533f99f2d69b0fa5a79733e551b80af69986ceed2ad996"",""source_sheet"":""中央国家行政机关省级以下直属机构"",""filter_version"":""government_tech_v2"",""tech_filter"":{""is_tech"":true,""is_core_tech"":true,""scope"":""core"",""categories"":[""computer_software"",""data_ai"",""electronics_communication""],""matched_fields"":[""major"",""description""],""major_terms"":[""信息与通信工程"",""电子信息"",""电子科学与技术"",""计算机技术"",""计算机科学与技术"",""软件工程"",""通信工程""],""role_terms"":[""大数据"",""数据分析"",""系统开发"",""通信网络""],""reason"":""tech_major_and_role""},""original"":{""部门代码"":""164105"",""部门名称"":""深圳出入境边防检查总站"",""用人司局"":""深圳出入境边防检查总站"",""机构性质"":""中央国家行政机关省级以下直属机构"",""招考职位"":""边检站警务技术一级主管及以下（一）"",""职位属性"":""公安机关人民警察职位"",""职位分布"":""其他职位"",""职位简介"":""属于公安机关人民警察，主要从事出入境边防检查、系统开发运维、大数据分析核查、通信网络保障等工作。"",""职位代码"":""300130265001"",""机构层级"":""市（地）级"",""考试类别"":""市（地）级及以下直属机构综合管理类"",""招考人数"":""9"",""专业"":""计算机科学与技术、计算机技术、软件工程、电子科学与技术、信息与通信工程、电子信息"",""学历"":""硕士研究生及以上"",""学位"":""与最高学历相对应的学位"",""政治面貌"":""中共党员或共青团员"",""基层工作最低年限"":""无限制"",""服务基层项目工作经历"":""无限制"",""是否在面试阶段组织专业能力测试"":""否"",""面试人员比例"":""3:1"",""工作地点"":""广东省深圳市"",""落户地点"":""广东省深圳市"",""备注"":""1．限应届高校毕业生报考（高等学历教育各阶段均需取得相应学历和学位）。\n2．大学英语四级425分及以上。\n3．按《公务员录用体检特殊标准（试行）》进行体检，对《公务员录用体检特殊标准（试行）》未作规定的项目，按《公务员录用体检通用标准（试行）》执行，视力标准可询招录单位。\n4．按《公安机关录用人民警察体能测评项目和标准（暂行）》进行体能测评。\n5．按《公安机关录用人民警察政治考察工作办法》开展考察。具有《公安机关录用人民警察政治考察工作办法》第八条、第九条情形的，不得报考；父母、配偶或子女已移居国（境）外的，不得报考；非公派原因曾六个月以上在国（境）外留学、工作、生活的，不得报考。\n6．工资待遇按人民警察标准执行，享受加班补贴和值勤岗位津贴；有固定的探亲假和休假安排。\n7．仅限男性报考。\n8．请考生及时关注“移民管理警察招考小助手”微信小程序发布的报考信息。"",""部门网站"":""https://rczk.nia.gov.cn"",""咨询电话1"":""0755-84498360"",""咨询电话2"":""0755-84498347"",""咨询电话3"":"""",""来源Sheet"":""中央国家行政机关省级以下直属机构""}}"
"government_jobs","国家公务员2024招考简章","公务员/事业单位技术岗位","广东省深圳市","2026-07-28T09:12:58.310295+00:00","边检站警务技术一级主管及以下（二）","深圳出入境边防检查总站","","广东省深圳市","公务员/事业单位;2024;computer_software;data_ai;electronics_communication;仅限硕士研究生;硕士;计算机科学与技术、计算机技术、软件工程;市（地）级及以下直属机构综合管理类","用人司局：深圳出入境边防检查总站
职位简介：属于公安机关人民警察，主要从事出入境边防检查、系统开发运维、大数据分析核查、通信网络保障等工作。
专业要求：计算机科学与技术、计算机技术、软件工程
学历要求：仅限硕士研究生
学位要求：硕士
政治面貌：中共党员或共青团员
基层工作经历：无限制
考试类别：市（地）级及以下直属机构综合管理类
备注：1．限应届高校毕业生报考（高等学历教育各阶段均需取得相应学历和学位）。
2．大学英语四级425分及以上。
3．按《公务员录用体检特殊标准（试行）》进行体检，对《公务员录用体检特殊标准（试行）》未作规定的项目，按《公务员录用体检通用标准（试行）》执行，视力标准可询招录单位。
4．按《公安机关录用人民警察体能测评项目和标准（暂行）》进行体能测评。
5．按《公安机关录用人民警察政治考察工作办法》开展考察。具有《公安机关录用人民警察政治考察工作办法》第八条、第九条情形的，不得报考；父母、配偶或子女已移居国（境）外的，不得报考；非公派原因曾六个月以上在国（境）外留学、工作、生活的，不得报考。
6．工资待遇按人民警察标准执行，享受加班补贴和值勤岗位津贴；有固定的探亲假和休假安排。
7．仅限男性报考。
8．请考生及时关注“移民管理警察招考小助手”微信小程序发布的报考信息。","https://www.xuanhan.gov.cn/xxgk-show-77635.html#164105-300130265003","2023-10-15","{""dataset_year"":2024,""job_uid"":""GOV-2024-164105-300130265003"",""publisher"":""国家公务员局"",""publication_page"":""https://www.xuanhan.gov.cn/xxgk-show-77635.html"",""attachment_url"":""https://www.xuanhan.gov.cn/uploadfile/1/Attachment/638fdecf51.zip"",""local_source_file"":""中央机关及其直属机构2024年度考试录用公务员招考简章.xls"",""local_source_sha256"":""a1741b99dbecd6d03e533f99f2d69b0fa5a79733e551b80af69986ceed2ad996"",""source_sheet"":""中央国家行政机关省级以下直属机构"",""filter_version"":""government_tech_v2"",""tech_filter"":{""is_tech"":true,""is_core_tech"":true,""scope"":""core"",""categories"":[""computer_software"",""data_ai"",""electronics_communication""],""matched_fields"":[""major"",""description""],""major_terms"":[""计算机技术"",""计算机科学与技术"",""软件工程""],""role_terms"":[""大数据"",""数据分析"",""系统开发"",""通信网络""],""reason"":""tech_major_and_role""},""original"":{""部门代码"":""164105"",""部门名称"":""深圳出入境边防检查总站"",""用人司局"":""深圳出入境边防检查总站"",""机构性质"":""中央国家行政机关省级以下直属机构"",""招考职位"":""边检站警务技术一级主管及以下（二）"",""职位属性"":""公安机关人民警察职位"",""职位分布"":""其他职位"",""职位简介"":""属于公安机关人民警察，主要从事出入境边防检查、系统开发运维、大数据分析核查、通信网络保障等工作。"",""职位代码"":""300130265003"",""机构层级"":""市（地）级"",""考试类别"":""市（地）级及以下直属机构综合管理类"",""招考人数"":""6"",""专业"":""计算机科学与技术、计算机技术、软件工程"",""学历"":""仅限硕士研究生"",""学位"":""硕士"",""政治面貌"":""中共党员或共青团员"",""基层工作最低年限"":""无限制"",""服务基层项目工作经历"":""无限制"",""是否在面试阶段组织专业能力测试"":""否"",""面试人员比例"":""3:1"",""工作地点"":""广东省深圳市"",""落户地点"":""广东省深圳市"",""备注"":""1．限应届高校毕业生报考（高等学历教育各阶段均需取得相应学历和学位）。\n2．大学英语四级425分及以上。\n3．按《公务员录用体检特殊标准（试行）》进行体检，对《公务员录用体检特殊标准（试行）》未作规定的项目，按《公务员录用体检通用标准（试行）》执行，视力标准可询招录单位。\n4．按《公安机关录用人民警察体能测评项目和标准（暂行）》进行体能测评。\n5．按《公安机关录用人民警察政治考察工作办法》开展考察。具有《公安机关录用人民警察政治考察工作办法》第八条、第九条情形的，不得报考；父母、配偶或子女已移居国（境）外的，不得报考；非公派原因曾六个月以上在国（境）外留学、工作、生活的，不得报考。\n6．工资待遇按人民警察标准执行，享受加班补贴和值勤岗位津贴；有固定的探亲假和休假安排。\n7．仅限男性报考。\n8．请考生及时关注“移民管理警察招考小助手”微信小程序发布的报考信息。"",""部门网站"":""https://rczk.nia.gov.cn"",""咨询电话1"":""0755-84498360"",""咨询电话2"":""0755-84498347"",""咨询电话3"":"""",""来源Sheet"":""中央国家行政机关省级以下直属机构""}}"
"government_jobs","国家公务员2024招考简章","公务员/事业单位技术岗位","广东省深圳市","2026-07-28T09:12:58.310295+00:00","边检站警务技术一级主管及以下（三）","深圳出入境边防检查总站","","广东省深圳市","公务员/事业单位;2024;computer_software;data_ai;electronics_communication;仅限硕士研究生;硕士;电子科学与技术、信息与通信工程、电子信息;市（地）级及以下直属机构综合管理类","用人司局：深圳出入境边防检查总站
职位简介：属于公安机关人民警察，主要从事出入境边防检查、系统开发运维、大数据分析核查、通信网络保障等工作。
专业要求：电子科学与技术、信息与通信工程、电子信息
学历要求：仅限硕士研究生
学位要求：硕士
政治面貌：中共党员或共青团员
基层工作经历：无限制
考试类别：市（地）级及以下直属机构综合管理类
备注：1．限应届高校毕业生报考（高等学历教育各阶段均需取得相应学历和学位）。
2．大学英语四级425分及以上。
3．按《公务员录用体检特殊标准（试行）》进行体检，对《公务员录用体检特殊标准（试行）》未作规定的项目，按《公务员录用体检通用标准（试行）》执行，视力标准可询招录单位。
4．按《公安机关录用人民警察体能测评项目和标准（暂行）》进行体能测评。
5．按《公安机关录用人民警察政治考察工作办法》开展考察。具有《公安机关录用人民警察政治考察工作办法》第八条、第九条情形的，不得报考；父母、配偶或子女已移居国（境）外的，不得报考；非公派原因曾六个月以上在国（境）外留学、工作、生活的，不得报考。
6．工资待遇按人民警察标准执行，享受加班补贴和值勤岗位津贴；有固定的探亲假和休假安排。
7．仅限男性报考。
8．请考生及时关注“移民管理警察招考小助手”微信小程序发布的报考信息。","https://www.xuanhan.gov.cn/xxgk-show-77635.html#164105-300130265004","2023-10-15","{""dataset_year"":2024,""job_uid"":""GOV-2024-164105-300130265004"",""publisher"":""国家公务员局"",""publication_page"":""https://www.xuanhan.gov.cn/xxgk-show-77635.html"",""attachment_url"":""https://www.xuanhan.gov.cn/uploadfile/1/Attachment/638fdecf51.zip"",""local_source_file"":""中央机关及其直属机构2024年度考试录用公务员招考简章.xls"",""local_source_sha256"":""a1741b99dbecd6d03e533f99f2d69b0fa5a79733e551b80af69986ceed2ad996"",""source_sheet"":""中央国家行政机关省级以下直属机构"",""filter_version"":""government_tech_v2"",""tech_filter"":{""is_tech"":true,""is_core_tech"":true,""scope"":""core"",""categories"":[""computer_software"",""data_ai"",""electronics_communication""],""matched_fields"":[""major"",""description""],""major_terms"":[""信息与通信工程"",""电子信息"",""电子科学与技术"",""通信工程""],""role_terms"":[""大数据"",""数据分析"",""系统开发"",""通信网络""],""reason"":""tech_major_and_role""},""original"":{""部门代码"":""164105"",""部门名称"":""深圳出入境边防检查总站"",""用人司局"":""深圳出入境边防检查总站"",""机构性质"":""中央国家行政机关省级以下直属机构"",""招考职位"":""边检站警务技术一级主管及以下（三）"",""职位属性"":""公安机关人民警察职位"",""职位分布"":""其他职位"",""职位简介"":""属于公安机关人民警察，主要从事出入境边防检查、系统开发运维、大数据分析核查、通信网络保障等工作。"",""职位代码"":""300130265004"",""机构层级"":""市（地）级"",""考试类别"":""市（地）级及以下直属机构综合管理类"",""招考人数"":""6"",""专业"":""电子科学与技术、信息与通信工程、电子信息"",""学历"":""仅限硕士研究生"",""学位"":""硕士"",""政治面貌"":""中共党员或共青团员"",""基层工作最低年限"":""无限制"",""服务基层项目工作经历"":""无限制"",""是否在面试阶段组织专业能力测试"":""否"",""面试人员比例"":""3:1"",""工作地点"":""广东省深圳市"",""落户地点"":""广东省深圳市"",""备注"":""1．限应届高校毕业生报考（高等学历教育各阶段均需取得相应学历和学位）。\n2．大学英语四级425分及以上。\n3．按《公务员录用体检特殊标准（试行）》进行体检，对《公务员录用体检特殊标准（试行）》未作规定的项目，按《公务员录用体检通用标准（试行）》执行，视力标准可询招录单位。\n4．按《公安机关录用人民警察体能测评项目和标准（暂行）》进行体能测评。\n5．按《公安机关录用人民警察政治考察工作办法》开展考察。具有《公安机关录用人民警察政治考察工作办法》第八条、第九条情形的，不得报考；父母、配偶或子女已移居国（境）外的，不得报考；非公派原因曾六个月以上在国（境）外留学、工作、生活的，不得报考。\n6．工资待遇按人民警察标准执行，享受加班补贴和值勤岗位津贴；有固定的探亲假和休假安排。\n7．仅限男性报考。\n8．请考生及时关注“移民管理警察招考小助手”微信小程序发布的报考信息。"",""部门网站"":""https://rczk.nia.gov.cn"",""咨询电话1"":""0755-84498360"",""咨询电话2"":""0755-84498347"",""咨询电话3"":"""",""来源Sheet"":""中央国家行政机关省级以下直属机构""}}"
"government_jobs","国家公务员2024招考简章","公务员/事业单位技术岗位","广东省深圳市","2026-07-28T09:12:58.310295+00:00","边检站警务技术一级主管及以下（四）","深圳出入境边防检查总站","","广东省深圳市","公务员/事业单位;2024;computer_software;data_ai;electronics_communication;本科及以上;与最高学历相对应的学位;计算机类、电子信息类;市（地）级及以下直属机构综合管理类","用人司局：深圳出入境边防检查总站
职位简介：属于公安机关人民警察，主要从事出入境边防检查、系统开发运维、大数据分析核查、通信网络保障等工作。
专业要求：计算机类、电子信息类
学历要求：本科及以上
学位要求：与最高学历相对应的学位
政治面貌：中共党员或共青团员
基层工作经历：无限制
考试类别：市（地）级及以下直属机构综合管理类
备注：1．限应届高校毕业生报考（高等学历教育各阶段均需取得相应学历和学位）。
2．大学英语四级425分及以上。
3．按《公务员录用体检特殊标准（试行）》进行体检，对《公务员录用体检特殊标准（试行）》未作规定的项目，按《公务员录用体检通用标准（试行）》执行，视力标准可询招录单位。
4．按《公安机关录用人民警察体能测评项目和标准（暂行）》进行体能测评。
5．按《公安机关录用人民警察政治考察工作办法》开展考察。具有《公安机关录用人民警察政治考察工作办法》第八条、第九条情形的，不得报考；父母、配偶或子女已移居国（境）外的，不得报考；非公派原因曾六个月以上在国（境）外留学、工作、生活的，不得报考。
6．工资待遇按人民警察标准执行，享受加班补贴和值勤岗位津贴；有固定的探亲假和休假安排。
7．请考生及时关注“移民管理警察招考小助手”微信小程序发布的报考信息。","https://www.xuanhan.gov.cn/xxgk-show-77635.html#164105-300130265013","2023-10-15","{""dataset_year"":2024,""job_uid"":""GOV-2024-164105-300130265013"",""publisher"":""国家公务员局"",""publication_page"":""https://www.xuanhan.gov.cn/xxgk-show-77635.html"",""attachment_url"":""https://www.xuanhan.gov.cn/uploadfile/1/Attachment/638fdecf51.zip"",""local_source_file"":""中央机关及其直属机构2024年度考试录用公务员招考简章.xls"",""local_source_sha256"":""a1741b99dbecd6d03e533f99f2d69b0fa5a79733e551b80af69986ceed2ad996"",""source_sheet"":""中央国家行政机关省级以下直属机构"",""filter_version"":""government_tech_v2"",""tech_filter"":{""is_tech"":true,""is_core_tech"":true,""scope"":""core"",""categories"":[""computer_software"",""data_ai"",""electronics_communication""],""matched_fields"":[""major"",""description""],""major_terms"":[""电子信息类"",""计算机类""],""role_terms"":[""大数据"",""数据分析"",""系统开发"",""通信网络""],""reason"":""tech_major_and_role""},""original"":{""部门代码"":""164105"",""部门名称"":""深圳出入境边防检查总站"",""用人司局"":""深圳出入境边防检查总站"",""机构性质"":""中央国家行政机关省级以下直属机构"",""招考职位"":""边检站警务技术一级主管及以下（四）"",""职位属性"":""公安机关人民警察职位"",""职位分布"":""其他职位"",""职位简介"":""属于公安机关人民警察，主要从事出入境边防检查、系统开发运维、大数据分析核查、通信网络保障等工作。"",""职位代码"":""300130265013"",""机构层级"":""市（地）级"",""考试类别"":""市（地）级及以下直属机构综合管理类"",""招考人数"":""5"",""专业"":""计算机类、电子信息类"",""学历"":""本科及以上"",""学位"":""与最高学历相对应的学位"",""政治面貌"":""中共党员或共青团员"",""基层工作最低年限"":""无限制"",""服务基层项目工作经历"":""无限制"",""是否在面试阶段组织专业能力测试"":""否"",""面试人员比例"":""3:1"",""工作地点"":""广东省深圳市"",""落户地点"":""广东省深圳市"",""备注"":""1．限应届高校毕业生报考（高等学历教育各阶段均需取得相应学历和学位）。\n2．大学英语四级425分及以上。\n3．按《公务员录用体检特殊标准（试行）》进行体检，对《公务员录用体检特殊标准（试行）》未作规定的项目，按《公务员录用体检通用标准（试行）》执行，视力标准可询招录单位。\n4．按《公安机关录用人民警察体能测评项目和标准（暂行）》进行体能测评。\n5．按《公安机关录用人民警察政治考察工作办法》开展考察。具有《公安机关录用人民警察政治考察工作办法》第八条、第九条情形的，不得报考；父母、配偶或子女已移居国（境）外的，不得报考；非公派原因曾六个月以上在国（境）外留学、工作、生活的，不得报考。\n6．工资待遇按人民警察标准执行，享受加班补贴和值勤岗位津贴；有固定的探亲假和休假安排。\n7．请考生及时关注“移民管理警察招考小助手”微信小程序发布的报考信息。"",""部门网站"":""https://rczk.nia.gov.cn"",""咨询电话1"":""0755-84498360"",""咨询电话2"":""0755-84498347"",""咨询电话3"":"""",""来源Sheet"":""中央国家行政机关省级以下直属机构""}}"
"government_jobs","国家公务员2024招考简章","公务员/事业单位技术岗位","广东省深圳市","2026-07-28T09:12:58.310295+00:00","边检站一级警长及以下（十九）","深圳出入境边防检查总站","","广东省深圳市","公务员/事业单位;2024;computer_software;data_ai;electronics_communication;本科及以上;与最高学历相对应的学位;计算机类、电子信息类、建筑类、土木类、工程造价、保密管理、统计学类;行政执法类","用人司局：深圳出入境边防检查总站
职位简介：属于公安机关人民警察，主要从事出入境边防检查、系统开发运维、大数据分析核查、通信网络保障、警务保障等工作。
专业要求：计算机类、电子信息类、建筑类、土木类、工程造价、保密管理、统计学类
学历要求：本科及以上
学位要求：与最高学历相对应的学位
政治面貌：中共党员
基层工作经历：二年
考试类别：行政执法类
备注：1．限服务期满、考核合格的大学生村官、农村义务教育阶段学校教师特设岗位计划、“三支一扶”计划、大学生志愿服务西部计划人员以及在军队服役5年以上的高校毕业生退役士兵报考。
2．大学英语四级425分及以上。
3．按《公务员录用体检特殊标准（试行）》进行体检，对《公务员录用体检特殊标准（试行）》未作规定的项目，按《公务员录用体检通用标准（试行）》执行，视力标准可询招录单位。
4．按《公安机关录用人民警察体能测评项目和标准（暂行）》进行体能测评。
5．按《公安机关录用人民警察政治考察工作办法》开展考察。具有《公安机关录用人民警察政治考察工作办法》第八条、第九条情形的，不得报考；父母、配偶或子女已移居国（境）外的，不得报考；非公派原因曾六个月以上在国（境）外留学、工作、生活的，不得报考。
6．工资待遇按人民警察标准执行，享受加班补贴和值勤岗位津贴；有固定的探亲假和休假安排。
7．仅限男性报考。
8．请考生及时关注“移民管理警察招考小助手”微信小程序发布的报考信息。","https://www.xuanhan.gov.cn/xxgk-show-77635.html#164105-300130265023","2023-10-15","{""dataset_year"":2024,""job_uid"":""GOV-2024-164105-300130265023"",""publisher"":""国家公务员局"",""publication_page"":""https://www.xuanhan.gov.cn/xxgk-show-77635.html"",""attachment_url"":""https://www.xuanhan.gov.cn/uploadfile/1/Attachment/638fdecf51.zip"",""local_source_file"":""中央机关及其直属机构2024年度考试录用公务员招考简章.xls"",""local_source_sha256"":""a1741b99dbecd6d03e533f99f2d69b0fa5a79733e551b80af69986ceed2ad996"",""source_sheet"":""中央国家行政机关省级以下直属机构"",""filter_version"":""government_tech_v2"",""tech_filter"":{""is_tech"":true,""is_core_tech"":true,""scope"":""core"",""categories"":[""computer_software"",""data_ai"",""electronics_communication""],""matched_fields"":[""major"",""description""],""major_terms"":[""电子信息类"",""计算机类""],""role_terms"":[""大数据"",""数据分析"",""系统开发"",""通信网络""],""reason"":""tech_major_and_role""},""original"":{""部门代码"":""164105"",""部门名称"":""深圳出入境边防检查总站"",""用人司局"":""深圳出入境边防检查总站"",""机构性质"":""中央国家行政机关省级以下直属机构"",""招考职位"":""边检站一级警长及以下（十九）"",""职位属性"":""公安机关人民警察职位"",""职位分布"":""其他职位"",""职位简介"":""属于公安机关人民警察，主要从事出入境边防检查、系统开发运维、大数据分析核查、通信网络保障、警务保障等工作。"",""职位代码"":""300130265023"",""机构层级"":""市（地）级"",""考试类别"":""行政执法类"",""招考人数"":""5"",""专业"":""计算机类、电子信息类、建筑类、土木类、工程造价、保密管理、统计学类"",""学历"":""本科及以上"",""学位"":""与最高学历相对应的学位"",""政治面貌"":""中共党员"",""基层工作最低年限"":""二年"",""服务基层项目工作经历"":""大学生村官、农村义务教育阶段学校教师特设岗位计划、“三支一扶”计划、大学生志愿服务西部计划、在军队服役5年（含）以上的高校毕业生退役士兵"",""是否在面试阶段组织专业能力测试"":""否"",""面试人员比例"":""3:1"",""工作地点"":""广东省深圳市"",""落户地点"":""广东省深圳市"",""备注"":""1．限服务期满、考核合格的大学生村官、农村义务教育阶段学校教师特设岗位计划、“三支一扶”计划、大学生志愿服务西部计划人员以及在军队服役5年以上的高校毕业生退役士兵报考。\n2．大学英语四级425分及以上。\n3．按《公务员录用体检特殊标准（试行）》进行体检，对《公务员录用体检特殊标准（试行）》未作规定的项目，按《公务员录用体检通用标准（试行）》执行，视力标准可询招录单位。\n4．按《公安机关录用人民警察体能测评项目和标准（暂行）》进行体能测评。\n5．按《公安机关录用人民警察政治考察工作办法》开展考察。具有《公安机关录用人民警察政治考察工作办法》第八条、第九条情形的，不得报考；父母、配偶或子女已移居国（境）外的，不得报考；非公派原因曾六个月以上在国（境）外留学、工作、生活的，不得报考。\n6．工资待遇按人民警察标准执行，享受加班补贴和值勤岗位津贴；有固定的探亲假和休假安排。\n7．仅限男性报考。\n8．请考生及时关注“移民管理警察招考小助手”微信小程序发布的报考信息。"",""部门网站"":""https://rczk.nia.gov.cn"",""咨询电话1"":""0755-84498360"",""咨询电话2"":""0755-84498347"",""咨询电话3"":"""",""来源Sheet"":""中央国家行政机关省级以下直属机构""}}"
"government_jobs","国家公务员2024招考简章","公务员/事业单位技术岗位","广东省汕头市","2026-07-28T09:12:58.310295+00:00","边检站警务技术一级主管及以下（五）","深圳出入境边防检查总站","","广东省汕头市","公务员/事业单位;2024;computer_software;data_ai;electronics_communication;本科及以上;与最高学历相对应的学位;计算机类、电子信息类;市（地）级及以下直属机构综合管理类","用人司局：深圳出入境边防检查总站
职位简介：属于公安机关人民警察，主要从事出入境边防检查、系统开发运维、大数据分析核查、通信网络保障等工作。
专业要求：计算机类、电子信息类
学历要求：本科及以上
学位要求：与最高学历相对应的学位
政治面貌：中共党员或共青团员
基层工作经历：无限制
考试类别：市（地）级及以下直属机构综合管理类
备注：1．限应届高校毕业生报考（高等学历教育各阶段均需取得相应学历和学位）。
2．大学英语四级425分及以上。
3．按《公务员录用体检特殊标准（试行）》进行体检，对《公务员录用体检特殊标准（试行）》未作规定的项目，按《公务员录用体检通用标准（试行）》执行，视力标准可询招录单位。
4．按《公安机关录用人民警察体能测评项目和标准（暂行）》进行体能测评。
5．按《公安机关录用人民警察政治考察工作办法》开展考察。具有《公安机关录用人民警察政治考察工作办法》第八条、第九条情形的，不得报考；父母、配偶或子女已移居国（境）外的，不得报考；非公派原因曾六个月以上在国（境）外留学、工作、生活的，不得报考。
6．工资待遇按人民警察标准执行，享受加班补贴和值勤岗位津贴；有固定的探亲假和休假安排。
7．仅限男性报考。
8．请考生及时关注“移民管理警察招考小助手”微信小程序发布的报考信息。","https://www.xuanhan.gov.cn/xxgk-show-77635.html#164105-300130265027","2023-10-15","{""dataset_year"":2024,""job_uid"":""GOV-2024-164105-300130265027"",""publisher"":""国家公务员局"",""publication_page"":""https://www.xuanhan.gov.cn/xxgk-show-77635.html"",""attachment_url"":""https://www.xuanhan.gov.cn/uploadfile/1/Attachment/638fdecf51.zip"",""local_source_file"":""中央机关及其直属机构2024年度考试录用公务员招考简章.xls"",""local_source_sha256"":""a1741b99dbecd6d03e533f99f2d69b0fa5a79733e551b80af69986ceed2ad996"",""source_sheet"":""中央国家行政机关省级以下直属机构"",""filter_version"":""government_tech_v2"",""tech_filter"":{""is_tech"":true,""is_core_tech"":true,""scope"":""core"",""categories"":[""computer_software"",""data_ai"",""electronics_communication""],""matched_fields"":[""major"",""description""],""major_terms"":[""电子信息类"",""计算机类""],""role_terms"":[""大数据"",""数据分析"",""系统开发"",""通信网络""],""reason"":""tech_major_and_role""},""original"":{""部门代码"":""164105"",""部门名称"":""深圳出入境边防检查总站"",""用人司局"":""深圳出入境边防检查总站"",""机构性质"":""中央国家行政机关省级以下直属机构"",""招考职位"":""边检站警务技术一级主管及以下（五）"",""职位属性"":""公安机关人民警察职位"",""职位分布"":""其他职位"",""职位简介"":""属于公安机关人民警察，主要从事出入境边防检查、系统开发运维、大数据分析核查、通信网络保障等工作。"",""职位代码"":""300130265027"",""机构层级"":""市（地）级"",""考试类别"":""市（地）级及以下直属机构综合管理类"",""招考人数"":""3"",""专业"":""计算机类、电子信息类"",""学历"":""本科及以上"",""学位"":""与最高学历相对应的学位"",""政治面貌"":""中共党员或共青团员"",""基层工作最低年限"":""无限制"",""服务基层项目工作经历"":""无限制"",""是否在面试阶段组织专业能力测试"":""否"",""面试人员比例"":""3:1"",""工作地点"":""广东省汕头市"",""落户地点"":""广东省汕头市"",""备注"":""1．限应届高校毕业生报考（高等学历教育各阶段均需取得相应学历和学位）。\n2．大学英语四级425分及以上。\n3．按《公务员录用体检特殊标准（试行）》进行体检，对《公务员录用体检特殊标准（试行）》未作规定的项目，按《公务员录用体检通用标准（试行）》执行，视力标准可询招录单位。\n4．按《公安机关录用人民警察体能测评项目和标准（暂行）》进行体能测评。\n5．按《公安机关录用人民警察政治考察工作办法》开展考察。具有《公安机关录用人民警察政治考察工作办法》第八条、第九条情形的，不得报考；父母、配偶或子女已移居国（境）外的，不得报考；非公派原因曾六个月以上在国（境）外留学、工作、生活的，不得报考。\n6．工资待遇按人民警察标准执行，享受加班补贴和值勤岗位津贴；有固定的探亲假和休假安排。\n7．仅限男性报考。\n8．请考生及时关注“移民管理警察招考小助手”微信小程序发布的报考信息。"",""部门网站"":""https://rczk.nia.gov.cn"",""咨询电话1"":""0755-84498360"",""咨询电话2"":""0755-84498347"",""咨询电话3"":"""",""来源Sheet"":""中央国家行政机关省级以下直属机构""}}"
"government_jobs","国家公务员2024招考简章","公务员/事业单位技术岗位","广东省汕尾市","2026-07-28T09:12:58.310295+00:00","边检站警务技术一级主管及以下（六）","深圳出入境边防检查总站","","广东省汕尾市","公务员/事业单位;2024;computer_software;data_ai;electronics_communication;本科及以上;与最高学历相对应的学位;计算机类、电子信息类;市（地）级及以下直属机构综合管理类","用人司局：深圳出入境边防检查总站
职位简介：属于公安机关人民警察，主要从事出入境边防检查、系统开发运维、大数据分析核查、通信网络保障等工作。
专业要求：计算机类、电子信息类
学历要求：本科及以上
学位要求：与最高学历相对应的学位
政治面貌：中共党员或共青团员
基层工作经历：无限制
考试类别：市（地）级及以下直属机构综合管理类
备注：1．限应届高校毕业生报考（高等学历教育各阶段均需取得相应学历和学位）。
2．大学英语四级425分及以上。
3．按《公务员录用体检特殊标准（试行）》进行体检，对《公务员录用体检特殊标准（试行）》未作规定的项目，按《公务员录用体检通用标准（试行）》执行，视力标准可询招录单位。
4．按《公安机关录用人民警察体能测评项目和标准（暂行）》进行体能测评。
5．按《公安机关录用人民警察政治考察工作办法》开展考察。具有《公安机关录用人民警察政治考察工作办法》第八条、第九条情形的，不得报考；父母、配偶或子女已移居国（境）外的，不得报考；非公派原因曾六个月以上在国（境）外留学、工作、生活的，不得报考。
6．工资待遇按人民警察标准执行，享受加班补贴和值勤岗位津贴；有固定的探亲假和休假安排。
7．仅限男性报考。
8．请考生及时关注“移民管理警察招考小助手”微信小程序发布的报考信息。","https://www.xuanhan.gov.cn/xxgk-show-77635.html#164105-300130265029","2023-10-15","{""dataset_year"":2024,""job_uid"":""GOV-2024-164105-300130265029"",""publisher"":""国家公务员局"",""publication_page"":""https://www.xuanhan.gov.cn/xxgk-show-77635.html"",""attachment_url"":""https://www.xuanhan.gov.cn/uploadfile/1/Attachment/638fdecf51.zip"",""local_source_file"":""中央机关及其直属机构2024年度考试录用公务员招考简章.xls"",""local_source_sha256"":""a1741b99dbecd6d03e533f99f2d69b0fa5a79733e551b80af69986ceed2ad996"",""source_sheet"":""中央国家行政机关省级以下直属机构"",""filter_version"":""government_tech_v2"",""tech_filter"":{""is_tech"":true,""is_core_tech"":true,""scope"":""core"",""categories"":[""computer_software"",""data_ai"",""electronics_communication""],""matched_fields"":[""major"",""description""],""major_terms"":[""电子信息类"",""计算机类""],""role_terms"":[""大数据"",""数据分析"",""系统开发"",""通信网络""],""reason"":""tech_major_and_role""},""original"":{""部门代码"":""164105"",""部门名称"":""深圳出入境边防检查总站"",""用人司局"":""深圳出入境边防检查总站"",""机构性质"":""中央国家行政机关省级以下直属机构"",""招考职位"":""边检站警务技术一级主管及以下（六）"",""职位属性"":""公安机关人民警察职位"",""职位分布"":""其他职位"",""职位简介"":""属于公安机关人民警察，主要从事出入境边防检查、系统开发运维、大数据分析核查、通信网络保障等工作。"",""职位代码"":""300130265029"",""机构层级"":""市（地）级"",""考试类别"":""市（地）级及以下直属机构综合管理类"",""招考人数"":""1"",""专业"":""计算机类、电子信息类"",""学历"":""本科及以上"",""学位"":""与最高学历相对应的学位"",""政治面貌"":""中共党员或共青团员"",""基层工作最低年限"":""无限制"",""服务基层项目工作经历"":""无限制"",""是否在面试阶段组织专业能力测试"":""否"",""面试人员比例"":""3:1"",""工作地点"":""广东省汕尾市"",""落户地点"":""广东省汕尾市"",""备注"":""1．限应届高校毕业生报考（高等学历教育各阶段均需取得相应学历和学位）。\n2．大学英语四级425分及以上。\n3．按《公务员录用体检特殊标准（试行）》进行体检，对《公务员录用体检特殊标准（试行）》未作规定的项目，按《公务员录用体检通用标准（试行）》执行，视力标准可询招录单位。\n4．按《公安机关录用人民警察体能测评项目和标准（暂行）》进行体能测评。\n5．按《公安机关录用人民警察政治考察工作办法》开展考察。具有《公安机关录用人民警察政治考察工作办法》第八条、第九条情形的，不得报考；父母、配偶或子女已移居国（境）外的，不得报考；非公派原因曾六个月以上在国（境）外留学、工作、生活的，不得报考。\n6．工资待遇按人民警察标准执行，享受加班补贴和值勤岗位津贴；有固定的探亲假和休假安排。\n7．仅限男性报考。\n8．请考生及时关注“移民管理警察招考小助手”微信小程序发布的报考信息。"",""部门网站"":""https://rczk.nia.gov.cn"",""咨询电话1"":""0755-84498360"",""咨询电话2"":""0755-84498347"",""咨询电话3"":"""",""来源Sheet"":""中央国家行政机关省级以下直属机构""}}"
"government_jobs","国家公务员2024招考简章","公务员/事业单位技术岗位","广东省珠海市","2026-07-28T09:12:58.310295+00:00","边检站一级警长及以下（四）","珠海出入境边防检查总站","","广东省珠海市","公务员/事业单位;2024;automation_robotics;computer_software;electronics_communication;本科及以上;与最高学历相对应的学位;本科：0809计算机类、0807电子信息类、0808自动化类； 硕士研究生及以上：0812计算机科学与技术、0854电子信息、0809电子科学与技术、0810信息与通信工程。;行政执法类","用人司局：珠海出入境边防检查总站
职位简介：属于公安机关人民警察，从事出入境边防检查、监护巡查、技术保障与研发、软件开发等工作。
专业要求：本科：0809计算机类、0807电子信息类、0808自动化类； 硕士研究生及以上：0812计算机科学与技术、0854电子信息、0809电子科学与技术、0810信息与通信工程。
学历要求：本科及以上
学位要求：与最高学历相对应的学位
政治面貌：中共党员或共青团员
基层工作经历：无限制
考试类别：行政执法类
备注：1．限应届高校毕业生报考（高等学历教育各阶段均需取得相应学历和学位）。
2．大学英语四级425分以上。
3．按《公务员录用体检特殊标准（试行）》进行体检，对《公务员录用体检特殊标准（试行）》未作规定的项目，按《公务员录用体检通用标准（试行）》执行，视力标准可询招录单位。
4．按《公安机关录用人民警察体能测评项目和标准（暂行）》进行体能测评。
5．按《公安机关录用人民警察政治考察工作办法》开展考察。具有《公安机关录用人民警察政治考察工作办法》第八条、第九条情形的，不得报考；父母、配偶或子女已移居国（境）外的，不得报考；非公派原因曾六个月以上在国（境）外留学、工作、生活的，不得报考。
6．提供集体宿舍，可为符合条件人员办理集体户口，工资待遇按人民警察标准执行，享受加班补贴和值勤岗位津贴，有固定的年休假等休假安排。
7．请考生及时关注“移民管理警察招考小助手”微信小程序发布的报考信息。","https://www.xuanhan.gov.cn/xxgk-show-77635.html#164106-300130266004","2023-10-15","{""dataset_year"":2024,""job_uid"":""GOV-2024-164106-300130266004"",""publisher"":""国家公务员局"",""publication_page"":""https://www.xuanhan.gov.cn/xxgk-show-77635.html"",""attachment_url"":""https://www.xuanhan.gov.cn/uploadfile/1/Attachment/638fdecf51.zip"",""local_source_file"":""中央机关及其直属机构2024年度考试录用公务员招考简章.xls"",""local_source_sha256"":""a1741b99dbecd6d03e533f99f2d69b0fa5a79733e551b80af69986ceed2ad996"",""source_sheet"":""中央国家行政机关省级以下直属机构"",""filter_version"":""government_tech_v2"",""tech_filter"":{""is_tech"":true,""is_core_tech"":true,""scope"":""core"",""categories"":[""automation_robotics"",""computer_software"",""electronics_communication""],""matched_fields"":[""major"",""description""],""major_terms"":[""信息与通信工程"",""电子信息"",""电子信息类"",""电子科学与技术"",""自动化类"",""计算机科学与技术"",""计算机类"",""通信工程""],""role_terms"":[""软件"",""软件开发""],""reason"":""tech_major_and_role""},""original"":{""部门代码"":""164106"",""部门名称"":""珠海出入境边防检查总站"",""用人司局"":""珠海出入境边防检查总站"",""机构性质"":""中央国家行政机关省级以下直属机构"",""招考职位"":""边检站一级警长及以下（四）"",""职位属性"":""公安机关人民警察职位"",""职位分布"":""其他职位"",""职位简介"":""属于公安机关人民警察，从事出入境边防检查、监护巡查、技术保障与研发、软件开发等工作。"",""职位代码"":""300130266004"",""机构层级"":""市（地）级"",""考试类别"":""行政执法类"",""招考人数"":""4"",""专业"":""本科：0809计算机类、0807电子信息类、0808自动化类； 硕士研究生及以上：0812计算机科学与技术、0854电子信息、0809电子科学与技术、0810信息与通信工程。"",""学历"":""本科及以上"",""学位"":""与最高学历相对应的学位"",""政治面貌"":""中共党员或共青团员"",""基层工作最低年限"":""无限制"",""服务基层项目工作经历"":""无限制"",""是否在面试阶段组织专业能力测试"":""否"",""面试人员比例"":""3:1"",""工作地点"":""广东省珠海市"",""落户地点"":""广东省珠海市"",""备注"":""1．限应届高校毕业生报考（高等学历教育各阶段均需取得相应学历和学位）。\n2．大学英语四级425分以上。\n3．按《公务员录用体检特殊标准（试行）》进行体检，对《公务员录用体检特殊标准（试行）》未作规定的项目，按《公务员录用体检通用标准（试行）》执行，视力标准可询招录单位。\n4．按《公安机关录用人民警察体能测评项目和标准（暂行）》进行体能测评。\n5．按《公安机关录用人民警察政治考察工作办法》开展考察。具有《公安机关录用人民警察政治考察工作办法》第八条、第九条情形的，不得报考；父母、配偶或子女已移居国（境）外的，不得报考；非公派原因曾六个月以上在国（境）外留学、工作、生活的，不得报考。\n6．提供集体宿舍，可为符合条件人员办理集体户口，工资待遇按人民警察标准执行，享受加班补贴和值勤岗位津贴，有固定的年休假等休假安排。\n7．请考生及时关注“移民管理警察招考小助手”微信小程序发布的报考信息。"",""部门网站"":""https://rczk.nia.gov.cn"",""咨询电话1"":""0756-8166233"",""咨询电话2"":""0756-8166220"",""咨询电话3"":""0756-8166205"",""来源Sheet"":""中央国家行政机关省级以下直属机构""}}"
"government_jobs","国家公务员2024招考简章","公务员/事业单位技术岗位","广东省珠海市","2026-07-28T09:12:58.310295+00:00","边检站一级警长及以下（十一）","珠海出入境边防检查总站","","广东省珠海市","公务员/事业单位;2024;computer_software;cybersecurity_cryptography;electronics_communication;硕士研究生及以上;与最高学历相对应的学位;0812计算机科学与技术、0854电子信息、0809电子科学与技术、0810信息与通信工程、0835软件工程、0839网络空间安全;行政执法类","用人司局：珠海出入境边防检查总站
职位简介：属于公安机关人民警察，从事出入境边防检查、监护巡查、技术保障与研发、软件开发等工作。
专业要求：0812计算机科学与技术、0854电子信息、0809电子科学与技术、0810信息与通信工程、0835软件工程、0839网络空间安全
学历要求：硕士研究生及以上
学位要求：与最高学历相对应的学位
政治面貌：中共党员或共青团员
基层工作经历：无限制
考试类别：行政执法类
备注：1．限应届高校毕业生报考（高等学历教育各阶段均需取得相应学历和学位）。
2．大学英语四级425分以上。
3．按《公务员录用体检特殊标准（试行）》进行体检，对《公务员录用体检特殊标准（试行）》未作规定的项目，按《公务员录用体检通用标准（试行）》执行，视力标准可询招录单位。
4．按《公安机关录用人民警察体能测评项目和标准（暂行）》进行体能测评。
5．按《公安机关录用人民警察政治考察工作办法》开展考察。具有《公安机关录用人民警察政治考察工作办法》第八条、第九条情形的，不得报考；父母、配偶或子女已移居国（境）外的，不得报考；非公派原因曾六个月以上在国（境）外留学、工作、生活的，不得报考。
6．提供集体宿舍，可为符合条件人员办理集体户口，工资待遇按人民警察标准执行，享受加班补贴和值勤岗位津贴，有固定的年休假等休假安排。
7.仅限男性报考。
8．请考生及时关注“移民管理警察招考小助手”微信小程序发布的报考信息。","https://www.xuanhan.gov.cn/xxgk-show-77635.html#164106-300130266013","2023-10-15","{""dataset_year"":2024,""job_uid"":""GOV-2024-164106-300130266013"",""publisher"":""国家公务员局"",""publication_page"":""https://www.xuanhan.gov.cn/xxgk-show-77635.html"",""attachment_url"":""https://www.xuanhan.gov.cn/uploadfile/1/Attachment/638fdecf51.zip"",""local_source_file"":""中央机关及其直属机构2024年度考试录用公务员招考简章.xls"",""local_source_sha256"":""a1741b99dbecd6d03e533f99f2d69b0fa5a79733e551b80af69986ceed2ad996"",""source_sheet"":""中央国家行政机关省级以下直属机构"",""filter_version"":""government_tech_v2"",""tech_filter"":{""is_tech"":true,""is_core_tech"":true,""scope"":""core"",""categories"":[""computer_software"",""cybersecurity_cryptography"",""electronics_communication""],""matched_fields"":[""major"",""description""],""major_terms"":[""信息与通信工程"",""电子信息"",""电子科学与技术"",""网络空间安全"",""计算机科学与技术"",""软件工程"",""通信工程""],""role_terms"":[""软件"",""软件开发""],""reason"":""tech_major_and_role""},""original"":{""部门代码"":""164106"",""部门名称"":""珠海出入境边防检查总站"",""用人司局"":""珠海出入境边防检查总站"",""机构性质"":""中央国家行政机关省级以下直属机构"",""招考职位"":""边检站一级警长及以下（十一）"",""职位属性"":""公安机关人民警察职位"",""职位分布"":""其他职位"",""职位简介"":""属于公安机关人民警察，从事出入境边防检查、监护巡查、技术保障与研发、软件开发等工作。"",""职位代码"":""300130266013"",""机构层级"":""市（地）级"",""考试类别"":""行政执法类"",""招考人数"":""2"",""专业"":""0812计算机科学与技术、0854电子信息、0809电子科学与技术、0810信息与通信工程、0835软件工程、0839网络空间安全"",""学历"":""硕士研究生及以上"",""学位"":""与最高学历相对应的学位"",""政治面貌"":""中共党员或共青团员"",""基层工作最低年限"":""无限制"",""服务基层项目工作经历"":""无限制"",""是否在面试阶段组织专业能力测试"":""否"",""面试人员比例"":""3:1"",""工作地点"":""广东省珠海市"",""落户地点"":""广东省珠海市"",""备注"":""1．限应届高校毕业生报考（高等学历教育各阶段均需取得相应学历和学位）。\n2．大学英语四级425分以上。\n3．按《公务员录用体检特殊标准（试行）》进行体检，对《公务员录用体检特殊标准（试行）》未作规定的项目，按《公务员录用体检通用标准（试行）》执行，视力标准可询招录单位。\n4．按《公安机关录用人民警察体能测评项目和标准（暂行）》进行体能测评。\n5．按《公安机关录用人民警察政治考察工作办法》开展考察。具有《公安机关录用人民警察政治考察工作办法》第八条、第九条情形的，不得报考；父母、配偶或子女已移居国（境）外的，不得报考；非公派原因曾六个月以上在国（境）外留学、工作、生活的，不得报考。\n6．提供集体宿舍，可为符合条件人员办理集体户口，工资待遇按人民警察标准执行，享受加班补贴和值勤岗位津贴，有固定的年休假等休假安排。\n7.仅限男性报考。\n8．请考生及时关注“移民管理警察招考小助手”微信小程序发布的报考信息。"",""部门网站"":""https://rczk.nia.gov.cn"",""咨询电话1"":""0756-8166233"",""咨询电话2"":""0756-8166220"",""咨询电话3"":""0756-8166205"",""来源Sheet"":""中央国家行政机关省级以下直属机构""}}"
"government_jobs","国家公务员2024招考简章","公务员/事业单位技术岗位","福建省福州市","2026-07-28T09:12:58.310295+00:00","福州机场出入境边防检查站一级警长及以下（一）","厦门出入境边防检查总站","","福建省福州市","公务员/事业单位;2024;computer_software;data_ai;electronics_communication;本科及以上;与最高学历相对应的学位;中国语言文学类、历史学类、新闻传播学类、电子信息类、计算机类、法学（本科：法学030101K；研究生：法学0301）、财务管理、审计学;行政执法类","用人司局：厦门出入境边防检查总站
职位简介：属公安机关人民警察，从事出入境边防检查、监护、巡查和应急处突、大型安保、侦查办案、警务技术、数据分析等工作。
专业要求：中国语言文学类、历史学类、新闻传播学类、电子信息类、计算机类、法学（本科：法学030101K；研究生：法学0301）、财务管理、审计学
学历要求：本科及以上
学位要求：与最高学历相对应的学位
政治面貌：中共党员或共青团员
基层工作经历：无限制
考试类别：行政执法类
备注：1.限应届高校毕业生报考（高等学历教育各阶段均需取得相应学历和学位）。
2.仅限男性报考。
3.大学英语四级480分及以上或大学英语六级425分及以上，须在外语水平一栏注明已获得的英语等级证书及成绩。
4.具备熟练运用所学专业开展工作的资质能力。
5.按《公务员录用体检特殊标准（试行）》进行体检，对《公务员录用体检特殊标准（试行）》未作规定的项目，按《公务员录用体检通用标准（试行）》执行，视力标准可询招录单位。
6.按《公安机关录用人民警察体能测评项目和标准（暂行）》进行体能测评。
7.按《公安机关录用人民警察政治考察工作办法》开展考察。具有《公安机关录用人民警察政治考察工作办法》第八条、第九条情形的，不得报考；父母、配偶或子女已移居国（境）外的，不得报考；非公派原因曾六个月以上在国（境）外留学、工作、生活的，不得报考。
8.可为符合条件人员提供集体宿舍、办理集体户口，有固定的探亲假和休假安排，工资待遇按人民警察标准执行，享受加班补贴和值勤岗位津贴。
9.请考生及时关注“移民管理警察招考小助手”微信小程序发布的报考信息。","https://www.xuanhan.gov.cn/xxgk-show-77635.html#164107-300130001001","2023-10-15","{""dataset_year"":2024,""job_uid"":""GOV-2024-164107-300130001001"",""publisher"":""国家公务员局"",""publication_page"":""https://www.xuanhan.gov.cn/xxgk-show-77635.html"",""attachment_url"":""https://www.xuanhan.gov.cn/uploadfile/1/Attachment/638fdecf51.zip"",""local_source_file"":""中央机关及其直属机构2024年度考试录用公务员招考简章.xls"",""local_source_sha256"":""a1741b99dbecd6d03e533f99f2d69b0fa5a79733e551b80af69986ceed2ad996"",""source_sheet"":""中央国家行政机关省级以下直属机构"",""filter_version"":""government_tech_v2"",""tech_filter"":{""is_tech"":true,""is_core_tech"":true,""scope"":""core"",""categories"":[""computer_software"",""data_ai"",""electronics_communication""],""matched_fields"":[""major"",""description""],""major_terms"":[""电子信息类"",""计算机类""],""role_terms"":[""数据分析""],""reason"":""tech_major_and_role""},""original"":{""部门代码"":""164107"",""部门名称"":""厦门出入境边防检查总站"",""用人司局"":""厦门出入境边防检查总站"",""机构性质"":""中央国家行政机关省级以下直属机构"",""招考职位"":""福州机场出入境边防检查站一级警长及以下（一）"",""职位属性"":""公安机关人民警察职位"",""职位分布"":""其他职位"",""职位简介"":""属公安机关人民警察，从事出入境边防检查、监护、巡查和应急处突、大型安保、侦查办案、警务技术、数据分析等工作。"",""职位代码"":""300130001001"",""机构层级"":""市（地）级"",""考试类别"":""行政执法类"",""招考人数"":""2"",""专业"":""中国语言文学类、历史学类、新闻传播学类、电子信息类、计算机类、法学（本科：法学030101K；研究生：法学0301）、财务管理、审计学"",""学历"":""本科及以上"",""学位"":""与最高学历相对应的学位"",""政治面貌"":""中共党员或共青团员"",""基层工作最低年限"":""无限制"",""服务基层项目工作经历"":""无限制"",""是否在面试阶段组织专业能力测试"":""否"",""面试人员比例"":""3:1"",""工作地点"":""福建省福州市"",""落户地点"":""福建省福州市"",""备注"":""1.限应届高校毕业生报考（高等学历教育各阶段均需取得相应学历和学位）。\n2.仅限男性报考。\n3.大学英语四级480分及以上或大学英语六级425分及以上，须在外语水平一栏注明已获得的英语等级证书及成绩。\n4.具备熟练运用所学专业开展工作的资质能力。\n5.按《公务员录用体检特殊标准（试行）》进行体检，对《公务员录用体检特殊标准（试行）》未作规定的项目，按《公务员录用体检通用标准（试行）》执行，视力标准可询招录单位。\n6.按《公安机关录用人民警察体能测评项目和标准（暂行）》进行体能测评。\n7.按《公安机关录用人民警察政治考察工作办法》开展考察。具有《公安机关录用人民警察政治考察工作办法》第八条、第九条情形的，不得报考；父母、配偶或子女已移居国（境）外的，不得报考；非公派原因曾六个月以上在国（境）外留学、工作、生活的，不得报考。\n8.可为符合条件人员提供集体宿舍、办理集体户口，有固定的探亲假和休假安排，工资待遇按人民警察标准执行，享受加班补贴和值勤岗位津贴。\n9.请考生及时关注“移民管理警察招考小助手”微信小程序发布的报考信息。"",""部门网站"":""https://rczk.nia.gov.cn"",""咨询电话1"":""0592-6583580"",""咨询电话2"":""0592-6583581"",""咨询电话3"":""0592-6583529"",""来源Sheet"":""中央国家行政机关省级以下直属机构""}}"
"government_jobs","国家公务员2024招考简章","公务员/事业单位技术岗位","福建省福州市","2026-07-28T09:12:58.310295+00:00","福州机场出入境边防检查站一级警长及以下（三）","厦门出入境边防检查总站","","福建省福州市","公务员/事业单位;2024;computer_software;data_ai;electronics_communication;本科及以上;与最高学历相对应的学位;经济学类、财政学类、金融学类、马克思主义理论类、政治学类、中国语言文学类、历史学类、新闻传播学类、电子信息类、计算机类、法学（本科：法学030101K；研究生：法学0301）、财务管理、审计学;行政执法类","用人司局：厦门出入境边防检查总站
职位简介：属公安机关人民警察，从事出入境边防检查、监护、巡查和应急处突、大型安保、侦查办案、警务技术、数据分析等工作。
专业要求：经济学类、财政学类、金融学类、马克思主义理论类、政治学类、中国语言文学类、历史学类、新闻传播学类、电子信息类、计算机类、法学（本科：法学030101K；研究生：法学0301）、财务管理、审计学
学历要求：本科及以上
学位要求：与最高学历相对应的学位
政治面貌：中共党员或共青团员
基层工作经历：无限制
考试类别：行政执法类
备注：1. 高等学历教育各阶段均需取得相应学历和学位。
2. 大学英语四级480分及以上或大学英语六级425分及以上，须在外语水平一栏注明已获得的英语等级证书及成绩。
3. 具备熟练运用所学专业开展工作的资质能力。
4. 按《公务员录用体检特殊标准（试行）》进行体检，对《公务员录用体检特殊标准（试行）》未作规定的项目，按《公务员录用体检通用标准（试行）》执行，视力标准可询招录单位。
5. 按《公安机关录用人民警察体能测评项目和标准（暂行）》进行体能测评。
6. 按《公安机关录用人民警察政治考察工作办法》开展考察。具有《公安机关录用人民警察政治考察工作办法》第八条、第九条情形的，不得报考；父母、配偶或子女已移居国（境）外的，不得报考；非公派原因曾六个月以上在国（境）外留学、工作、生活的，不得报考。
7. 可为符合条件人员提供集体宿舍、办理集体户口，有固定的探亲假和休假安排，工资待遇按人民警察标准执行，享受加班补贴和值勤岗位津贴。
8. 请考生及时关注“移民管理警察招考小助手”微信小程序发布的报考信息。","https://www.xuanhan.gov.cn/xxgk-show-77635.html#164107-300130001003","2023-10-15","{""dataset_year"":2024,""job_uid"":""GOV-2024-164107-300130001003"",""publisher"":""国家公务员局"",""publication_page"":""https://www.xuanhan.gov.cn/xxgk-show-77635.html"",""attachment_url"":""https://www.xuanhan.gov.cn/uploadfile/1/Attachment/638fdecf51.zip"",""local_source_file"":""中央机关及其直属机构2024年度考试录用公务员招考简章.xls"",""local_source_sha256"":""a1741b99dbecd6d03e533f99f2d69b0fa5a79733e551b80af69986ceed2ad996"",""source_sheet"":""中央国家行政机关省级以下直属机构"",""filter_version"":""government_tech_v2"",""tech_filter"":{""is_tech"":true,""is_core_tech"":true,""scope"":""core"",""categories"":[""computer_software"",""data_ai"",""electronics_communication""],""matched_fields"":[""major"",""description""],""major_terms"":[""电子信息类"",""计算机类""],""role_terms"":[""数据分析""],""reason"":""tech_major_and_role""},""original"":{""部门代码"":""164107"",""部门名称"":""厦门出入境边防检查总站"",""用人司局"":""厦门出入境边防检查总站"",""机构性质"":""中央国家行政机关省级以下直属机构"",""招考职位"":""福州机场出入境边防检查站一级警长及以下（三）"",""职位属性"":""公安机关人民警察职位"",""职位分布"":""其他职位"",""职位简介"":""属公安机关人民警察，从事出入境边防检查、监护、巡查和应急处突、大型安保、侦查办案、警务技术、数据分析等工作。"",""职位代码"":""300130001003"",""机构层级"":""市（地）级"",""考试类别"":""行政执法类"",""招考人数"":""1"",""专业"":""经济学类、财政学类、金融学类、马克思主义理论类、政治学类、中国语言文学类、历史学类、新闻传播学类、电子信息类、计算机类、法学（本科：法学030101K；研究生：法学0301）、财务管理、审计学"",""学历"":""本科及以上"",""学位"":""与最高学历相对应的学位"",""政治面貌"":""中共党员或共青团员"",""基层工作最低年限"":""无限制"",""服务基层项目工作经历"":""无限制"",""是否在面试阶段组织专业能力测试"":""否"",""面试人员比例"":""3:1"",""工作地点"":""福建省福州市"",""落户地点"":""福建省福州市"",""备注"":""1. 高等学历教育各阶段均需取得相应学历和学位。\n2. 大学英语四级480分及以上或大学英语六级425分及以上，须在外语水平一栏注明已获得的英语等级证书及成绩。\n3. 具备熟练运用所学专业开展工作的资质能力。\n4. 按《公务员录用体检特殊标准（试行）》进行体检，对《公务员录用体检特殊标准（试行）》未作规定的项目，按《公务员录用体检通用标准（试行）》执行，视力标准可询招录单位。\n5. 按《公安机关录用人民警察体能测评项目和标准（暂行）》进行体能测评。\n6. 按《公安机关录用人民警察政治考察工作办法》开展考察。具有《公安机关录用人民警察政治考察工作办法》第八条、第九条情形的，不得报考；父母、配偶或子女已移居国（境）外的，不得报考；非公派原因曾六个月以上在国（境）外留学、工作、生活的，不得报考。\n7. 可为符合条件人员提供集体宿舍、办理集体户口，有固定的探亲假和休假安排，工资待遇按人民警察标准执行，享受加班补贴和值勤岗位津贴。\n8. 请考生及时关注“移民管理警察招考小助手”微信小程序发布的报考信息。"",""部门网站"":""https://rczk.nia.gov.cn"",""咨询电话1"":""0592-6583580"",""咨询电话2"":""0592-6583581"",""咨询电话3"":""0592-6583529"",""来源Sheet"":""中央国家行政机关省级以下直属机构""}}"
"government_jobs","国家公务员2024招考简章","公务员/事业单位技术岗位","福建省福州市","2026-07-28T09:12:58.310295+00:00","福州出入境边防检查站一级警长及以下（三）","厦门出入境边防检查总站","","福建省福州市","公务员/事业单位;2024;computer_software;data_ai;electronics_communication;硕士研究生及以上;与最高学历相对应的学位;电子信息、计算机科学与技术、法学（0301）、财务管理、审计;行政执法类","用人司局：厦门出入境边防检查总站
职位简介：属公安机关人民警察，从事出入境边防检查、监护、巡查和应急处突、大型安保、侦查办案、警务技术、数据分析等工作。
专业要求：电子信息、计算机科学与技术、法学（0301）、财务管理、审计
学历要求：硕士研究生及以上
学位要求：与最高学历相对应的学位
政治面貌：中共党员或共青团员
基层工作经历：无限制
考试类别：行政执法类
备注：1. 限应届高校毕业生报考（高等学历教育各阶段均需取得相应学历和学位）。
2. 大学英语四级425分及以上，须在外语水平一栏注明已获得的英语等级证书及成绩。
3. 具备熟练运用所学专业开展工作的资质能力。
4. 按《公务员录用体检特殊标准（试行）》进行体检，对《公务员录用体检特殊标准（试行）》未作规定的项目，按《公务员录用体检通用标准（试行）》执行，视力标准可询招录单位。
5. 按《公安机关录用人民警察体能测评项目和标准（暂行）》进行体能测评。
6. 按《公安机关录用人民警察政治考察工作办法》开展考察。具有《公安机关录用人民警察政治考察工作办法》第八条、第九条情形的，不得报考；父母、配偶或子女已移居国（境）外的，不得报考；非公派原因曾六个月以上在国（境）外留学、工作、生活的，不得报考。
7. 可为符合条件人员提供集体宿舍、办理集体户口，有固定的探亲假和休假安排，工资待遇按人民警察标准执行，享受加班补贴和值勤岗位津贴。
8. 请考生及时关注“移民管理警察招考小助手”微信小程序发布的报考信息。","https://www.xuanhan.gov.cn/xxgk-show-77635.html#164107-300130001006","2023-10-15","{""dataset_year"":2024,""job_uid"":""GOV-2024-164107-300130001006"",""publisher"":""国家公务员局"",""publication_page"":""https://www.xuanhan.gov.cn/xxgk-show-77635.html"",""attachment_url"":""https://www.xuanhan.gov.cn/uploadfile/1/Attachment/638fdecf51.zip"",""local_source_file"":""中央机关及其直属机构2024年度考试录用公务员招考简章.xls"",""local_source_sha256"":""a1741b99dbecd6d03e533f99f2d69b0fa5a79733e551b80af69986ceed2ad996"",""source_sheet"":""中央国家行政机关省级以下直属机构"",""filter_version"":""government_tech_v2"",""tech_filter"":{""is_tech"":true,""is_core_tech"":true,""scope"":""core"",""categories"":[""computer_software"",""data_ai"",""electronics_communication""],""matched_fields"":[""major"",""description""],""major_terms"":[""电子信息"",""计算机科学与技术""],""role_terms"":[""数据分析""],""reason"":""tech_major_and_role""},""original"":{""部门代码"":""164107"",""部门名称"":""厦门出入境边防检查总站"",""用人司局"":""厦门出入境边防检查总站"",""机构性质"":""中央国家行政机关省级以下直属机构"",""招考职位"":""福州出入境边防检查站一级警长及以下（三）"",""职位属性"":""公安机关人民警察职位"",""职位分布"":""其他职位"",""职位简介"":""属公安机关人民警察，从事出入境边防检查、监护、巡查和应急处突、大型安保、侦查办案、警务技术、数据分析等工作。"",""职位代码"":""300130001006"",""机构层级"":""市（地）级"",""考试类别"":""行政执法类"",""招考人数"":""1"",""专业"":""电子信息、计算机科学与技术、法学（0301）、财务管理、审计"",""学历"":""硕士研究生及以上"",""学位"":""与最高学历相对应的学位"",""政治面貌"":""中共党员或共青团员"",""基层工作最低年限"":""无限制"",""服务基层项目工作经历"":""无限制"",""是否在面试阶段组织专业能力测试"":""否"",""面试人员比例"":""3:1"",""工作地点"":""福建省福州市"",""落户地点"":""福建省福州市"",""备注"":""1. 限应届高校毕业生报考（高等学历教育各阶段均需取得相应学历和学位）。\n2. 大学英语四级425分及以上，须在外语水平一栏注明已获得的英语等级证书及成绩。\n3. 具备熟练运用所学专业开展工作的资质能力。\n4. 按《公务员录用体检特殊标准（试行）》进行体检，对《公务员录用体检特殊标准（试行）》未作规定的项目，按《公务员录用体检通用标准（试行）》执行，视力标准可询招录单位。\n5. 按《公安机关录用人民警察体能测评项目和标准（暂行）》进行体能测评。\n6. 按《公安机关录用人民警察政治考察工作办法》开展考察。具有《公安机关录用人民警察政治考察工作办法》第八条、第九条情形的，不得报考；父母、配偶或子女已移居国（境）外的，不得报考；非公派原因曾六个月以上在国（境）外留学、工作、生活的，不得报考。\n7. 可为符合条件人员提供集体宿舍、办理集体户口，有固定的探亲假和休假安排，工资待遇按人民警察标准执行，享受加班补贴和值勤岗位津贴。\n8. 请考生及时关注“移民管理警察招考小助手”微信小程序发布的报考信息。"",""部门网站"":""https://rczk.nia.gov.cn"",""咨询电话1"":""0592-6583580"",""咨询电话2"":""0592-6583581"",""咨询电话3"":""0592-6583529"",""来源Sheet"":""中央国家行政机关省级以下直属机构""}}"
"government_jobs","国家公务员2024招考简章","公务员/事业单位技术岗位","福建省厦门市","2026-07-28T09:12:58.310295+00:00","高崎出入境边防检查站一级警长及以下（四）","厦门出入境边防检查总站","","福建省厦门市","公务员/事业单位;2024;computer_software;data_ai;electronics_communication;本科及以上;与最高学历相对应的学位;哲学类、经济学类、财政学类、社会学类、中国语言文学类、外国语言文学类、历史学类、新闻传播学类、电子信息类、计算机类、法学（本科：法学030101K；研究生：法学0301）、审计学;行政执法类","用人司局：厦门出入境边防检查总站
职位简介：属公安机关人民警察，从事出入境边防检查、监护、巡查和应急处突、大型安保、侦查办案、警务技术、数据分析等工作。
专业要求：哲学类、经济学类、财政学类、社会学类、中国语言文学类、外国语言文学类、历史学类、新闻传播学类、电子信息类、计算机类、法学（本科：法学030101K；研究生：法学0301）、审计学
学历要求：本科及以上
学位要求：与最高学历相对应的学位
政治面貌：中共党员或共青团员
基层工作经历：无限制
考试类别：行政执法类
备注：1. 高等学历教育各阶段均需取得相应学历和学位。
2. 大学英语四级480分及以上或大学英语六级425分及以上，外语专业应具有所学专业外语能力水平高级以上资格，报名时须在外语水平一栏注明已获得的证书类型及成绩。
3. 具备熟练运用所学专业开展工作的资质能力。
4. 按《公务员录用体检特殊标准（试行）》进行体检，对《公务员录用体检特殊标准（试行）》未作规定的项目，按《公务员录用体检通用标准（试行）》执行，视力标准可询招录单位。
5. 按《公安机关录用人民警察体能测评项目和标准（暂行）》进行体能测评。
6. 按《公安机关录用人民警察政治考察工作办法》开展考察。具有《公安机关录用人民警察政治考察工作办法》第八条、第九条情形的，不得报考；父母、配偶或子女已移居国（境）外的，不得报考；非公派原因曾六个月以上在国（境）外留学、工作、生活的，不得报考。
7. 可为符合条件人员提供集体宿舍、办理集体户口，有固定的探亲假和休假安排，工资待遇按人民警察标准执行，享受加班补贴和值勤岗位津贴。
8. 请考生及时关注“移民管理警察招考小助手”微信小程序发布的报考信息。","https://www.xuanhan.gov.cn/xxgk-show-77635.html#164107-300130001012","2023-10-15","{""dataset_year"":2024,""job_uid"":""GOV-2024-164107-300130001012"",""publisher"":""国家公务员局"",""publication_page"":""https://www.xuanhan.gov.cn/xxgk-show-77635.html"",""attachment_url"":""https://www.xuanhan.gov.cn/uploadfile/1/Attachment/638fdecf51.zip"",""local_source_file"":""中央机关及其直属机构2024年度考试录用公务员招考简章.xls"",""local_source_sha256"":""a1741b99dbecd6d03e533f99f2d69b0fa5a79733e551b80af69986ceed2ad996"",""source_sheet"":""中央国家行政机关省级以下直属机构"",""filter_version"":""government_tech_v2"",""tech_filter"":{""is_tech"":true,""is_core_tech"":true,""scope"":""core"",""categories"":[""computer_software"",""data_ai"",""electronics_communication""],""matched_fields"":[""major"",""description""],""major_terms"":[""电子信息类"",""计算机类""],""role_terms"":[""数据分析""],""reason"":""tech_major_and_role""},""original"":{""部门代码"":""164107"",""部门名称"":""厦门出入境边防检查总站"",""用人司局"":""厦门出入境边防检查总站"",""机构性质"":""中央国家行政机关省级以下直属机构"",""招考职位"":""高崎出入境边防检查站一级警长及以下（四）"",""职位属性"":""公安机关人民警察职位"",""职位分布"":""其他职位"",""职位简介"":""属公安机关人民警察，从事出入境边防检查、监护、巡查和应急处突、大型安保、侦查办案、警务技术、数据分析等工作。"",""职位代码"":""300130001012"",""机构层级"":""市（地）级"",""考试类别"":""行政执法类"",""招考人数"":""2"",""专业"":""哲学类、经济学类、财政学类、社会学类、中国语言文学类、外国语言文学类、历史学类、新闻传播学类、电子信息类、计算机类、法学（本科：法学030101K；研究生：法学0301）、审计学"",""学历"":""本科及以上"",""学位"":""与最高学历相对应的学位"",""政治面貌"":""中共党员或共青团员"",""基层工作最低年限"":""无限制"",""服务基层项目工作经历"":""无限制"",""是否在面试阶段组织专业能力测试"":""否"",""面试人员比例"":""3:1"",""工作地点"":""福建省厦门市"",""落户地点"":""福建省厦门市"",""备注"":""1. 高等学历教育各阶段均需取得相应学历和学位。\n2. 大学英语四级480分及以上或大学英语六级425分及以上，外语专业应具有所学专业外语能力水平高级以上资格，报名时须在外语水平一栏注明已获得的证书类型及成绩。\n3. 具备熟练运用所学专业开展工作的资质能力。\n4. 按《公务员录用体检特殊标准（试行）》进行体检，对《公务员录用体检特殊标准（试行）》未作规定的项目，按《公务员录用体检通用标准（试行）》执行，视力标准可询招录单位。\n5. 按《公安机关录用人民警察体能测评项目和标准（暂行）》进行体能测评。\n6. 按《公安机关录用人民警察政治考察工作办法》开展考察。具有《公安机关录用人民警察政治考察工作办法》第八条、第九条情形的，不得报考；父母、配偶或子女已移居国（境）外的，不得报考；非公派原因曾六个月以上在国（境）外留学、工作、生活的，不得报考。\n7. 可为符合条件人员提供集体宿舍、办理集体户口，有固定的探亲假和休假安排，工资待遇按人民警察标准执行，享受加班补贴和值勤岗位津贴。\n8. 请考生及时关注“移民管理警察招考小助手”微信小程序发布的报考信息。"",""部门网站"":""https://rczk.nia.gov.cn"",""咨询电话1"":""0592-6583580"",""咨询电话2"":""0592-6583581"",""咨询电话3"":""0592-6583529"",""来源Sheet"":""中央国家行政机关省级以下直属机构""}}"
"government_jobs","国家公务员2024招考简章","公务员/事业单位技术岗位","福建省厦门市","2026-07-28T09:12:58.310295+00:00","高崎出入境边防检查站一级警长及以下（五）","厦门出入境边防检查总站","","福建省厦门市","公务员/事业单位;2024;computer_software;data_ai;electronics_communication;硕士研究生及以上;与最高学历相对应的学位;电子信息、计算机科学与技术;行政执法类","用人司局：厦门出入境边防检查总站
职位简介：属公安机关人民警察，从事出入境边防检查、监护、巡查和应急处突、大型安保、侦查办案、警务技术、数据分析等工作。
专业要求：电子信息、计算机科学与技术
学历要求：硕士研究生及以上
学位要求：与最高学历相对应的学位
政治面貌：中共党员或共青团员
基层工作经历：无限制
考试类别：行政执法类
备注：1. 限应届高校毕业生报考（高等学历教育各阶段均需取得相应学历和学位）。
2. 仅限男性报考。
3. 大学英语四级425分及以上，须在外语水平一栏注明已获得的英语等级证书及成绩。
4. 具备熟练运用所学专业开展工作的资质能力。
5. 按《公务员录用体检特殊标准（试行）》进行体检，对《公务员录用体检特殊标准（试行）》未作规定的项目，按《公务员录用体检通用标准（试行）》执行，视力标准可询招录单位。
6. 按《公安机关录用人民警察体能测评项目和标准（暂行）》进行体能测评。
7. 按《公安机关录用人民警察政治考察工作办法》开展考察。具有《公安机关录用人民警察政治考察工作办法》第八条、第九条情形的，不得报考；父母、配偶或子女已移居国（境）外的，不得报考；非公派原因曾六个月以上在国（境）外留学、工作、生活的，不得报考。
8. 可为符合条件人员提供集体宿舍、办理集体户口，有固定的探亲假和休假安排，工资待遇按人民警察标准执行，享受加班补贴和值勤岗位津贴。
9. 请考生及时关注“移民管理警察招考小助手”微信小程序发布的报考信息。","https://www.xuanhan.gov.cn/xxgk-show-77635.html#164107-300130001013","2023-10-15","{""dataset_year"":2024,""job_uid"":""GOV-2024-164107-300130001013"",""publisher"":""国家公务员局"",""publication_page"":""https://www.xuanhan.gov.cn/xxgk-show-77635.html"",""attachment_url"":""https://www.xuanhan.gov.cn/uploadfile/1/Attachment/638fdecf51.zip"",""local_source_file"":""中央机关及其直属机构2024年度考试录用公务员招考简章.xls"",""local_source_sha256"":""a1741b99dbecd6d03e533f99f2d69b0fa5a79733e551b80af69986ceed2ad996"",""source_sheet"":""中央国家行政机关省级以下直属机构"",""filter_version"":""government_tech_v2"",""tech_filter"":{""is_tech"":true,""is_core_tech"":true,""scope"":""core"",""categories"":[""computer_software"",""data_ai"",""electronics_communication""],""matched_fields"":[""major"",""description""],""major_terms"":[""电子信息"",""计算机科学与技术""],""role_terms"":[""数据分析""],""reason"":""tech_major_and_role""},""original"":{""部门代码"":""164107"",""部门名称"":""厦门出入境边防检查总站"",""用人司局"":""厦门出入境边防检查总站"",""机构性质"":""中央国家行政机关省级以下直属机构"",""招考职位"":""高崎出入境边防检查站一级警长及以下（五）"",""职位属性"":""公安机关人民警察职位"",""职位分布"":""其他职位"",""职位简介"":""属公安机关人民警察，从事出入境边防检查、监护、巡查和应急处突、大型安保、侦查办案、警务技术、数据分析等工作。"",""职位代码"":""300130001013"",""机构层级"":""市（地）级"",""考试类别"":""行政执法类"",""招考人数"":""2"",""专业"":""电子信息、计算机科学与技术"",""学历"":""硕士研究生及以上"",""学位"":""与最高学历相对应的学位"",""政治面貌"":""中共党员或共青团员"",""基层工作最低年限"":""无限制"",""服务基层项目工作经历"":""无限制"",""是否在面试阶段组织专业能力测试"":""否"",""面试人员比例"":""3:1"",""工作地点"":""福建省厦门市"",""落户地点"":""福建省厦门市"",""备注"":""1. 限应届高校毕业生报考（高等学历教育各阶段均需取得相应学历和学位）。\n2. 仅限男性报考。\n3. 大学英语四级425分及以上，须在外语水平一栏注明已获得的英语等级证书及成绩。\n4. 具备熟练运用所学专业开展工作的资质能力。\n5. 按《公务员录用体检特殊标准（试行）》进行体检，对《公务员录用体检特殊标准（试行）》未作规定的项目，按《公务员录用体检通用标准（试行）》执行，视力标准可询招录单位。\n6. 按《公安机关录用人民警察体能测评项目和标准（暂行）》进行体能测评。\n7. 按《公安机关录用人民警察政治考察工作办法》开展考察。具有《公安机关录用人民警察政治考察工作办法》第八条、第九条情形的，不得报考；父母、配偶或子女已移居国（境）外的，不得报考；非公派原因曾六个月以上在国（境）外留学、工作、生活的，不得报考。\n8. 可为符合条件人员提供集体宿舍、办理集体户口，有固定的探亲假和休假安排，工资待遇按人民警察标准执行，享受加班补贴和值勤岗位津贴。\n9. 请考生及时关注“移民管理警察招考小助手”微信小程序发布的报考信息。"",""部门网站"":""https://rczk.nia.gov.cn"",""咨询电话1"":""0592-6583580"",""咨询电话2"":""0592-6583581"",""咨询电话3"":""0592-6583529"",""来源Sheet"":""中央国家行政机关省级以下直属机构""}}"
"government_jobs","国家公务员2024招考简章","公务员/事业单位技术岗位","福建省厦门市","2026-07-28T09:12:58.310295+00:00","高崎出入境边防检查站一级警长及以下（九）","厦门出入境边防检查总站","","福建省厦门市","公务员/事业单位;2024;computer_software;data_ai;electronics_communication;硕士研究生及以上;与最高学历相对应的学位;经济学（02）、外国语言文学、翻译、电子信息、计算机科学与技术、财务管理、审计;行政执法类","用人司局：厦门出入境边防检查总站
职位简介：属公安机关人民警察，从事出入境边防检查、监护、巡查和应急处突、大型安保、侦查办案、警务技术、数据分析等工作。
专业要求：经济学（02）、外国语言文学、翻译、电子信息、计算机科学与技术、财务管理、审计
学历要求：硕士研究生及以上
学位要求：与最高学历相对应的学位
政治面貌：中共党员或共青团员
基层工作经历：无限制
考试类别：行政执法类
备注：1. 限应届高校毕业生报考（高等学历教育各阶段均需取得相应学历和学位）。
2. 仅限男性报考。
3. 大学英语四级425分及以上，外语专业应具有所学专业外语能力水平高级以上资格，须在外语水平一栏注明证书类型及成绩。
4. 具备熟练运用所学专业开展工作的资质能力。
5. 按《公务员录用体检特殊标准（试行）》进行体检，对《公务员录用体检特殊标准（试行）》未作规定的项目，按《公务员录用体检通用标准（试行）》执行，视力标准可询招录单位。
6. 按《公安机关录用人民警察体能测评项目和标准（暂行）》进行体能测评。
7. 按《公安机关录用人民警察政治考察工作办法》开展考察。具有《公安机关录用人民警察政治考察工作办法》第八条、第九条情形的，不得报考；父母、配偶或子女已移居国（境）外的，不得报考；非公派原因曾六个月以上在国（境）外留学、工作、生活的，不得报考。
8. 可为符合条件人员提供集体宿舍、办理集体户口，有固定的探亲假和休假安排，工资待遇按人民警察标准执行，享受加班补贴和值勤岗位津贴。
9. 请考生及时关注“移民管理警察招考小助手”微信小程序发布的报考信息。","https://www.xuanhan.gov.cn/xxgk-show-77635.html#164107-300130001017","2023-10-15","{""dataset_year"":2024,""job_uid"":""GOV-2024-164107-300130001017"",""publisher"":""国家公务员局"",""publication_page"":""https://www.xuanhan.gov.cn/xxgk-show-77635.html"",""attachment_url"":""https://www.xuanhan.gov.cn/uploadfile/1/Attachment/638fdecf51.zip"",""local_source_file"":""中央机关及其直属机构2024年度考试录用公务员招考简章.xls"",""local_source_sha256"":""a1741b99dbecd6d03e533f99f2d69b0fa5a79733e551b80af69986ceed2ad996"",""source_sheet"":""中央国家行政机关省级以下直属机构"",""filter_version"":""government_tech_v2"",""tech_filter"":{""is_tech"":true,""is_core_tech"":true,""scope"":""core"",""categories"":[""computer_software"",""data_ai"",""electronics_communication""],""matched_fields"":[""major"",""description""],""major_terms"":[""电子信息"",""计算机科学与技术""],""role_terms"":[""数据分析""],""reason"":""tech_major_and_role""},""original"":{""部门代码"":""164107"",""部门名称"":""厦门出入境边防检查总站"",""用人司局"":""厦门出入境边防检查总站"",""机构性质"":""中央国家行政机关省级以下直属机构"",""招考职位"":""高崎出入境边防检查站一级警长及以下（九）"",""职位属性"":""公安机关人民警察职位"",""职位分布"":""其他职位"",""职位简介"":""属公安机关人民警察，从事出入境边防检查、监护、巡查和应急处突、大型安保、侦查办案、警务技术、数据分析等工作。"",""职位代码"":""300130001017"",""机构层级"":""市（地）级"",""考试类别"":""行政执法类"",""招考人数"":""2"",""专业"":""经济学（02）、外国语言文学、翻译、电子信息、计算机科学与技术、财务管理、审计"",""学历"":""硕士研究生及以上"",""学位"":""与最高学历相对应的学位"",""政治面貌"":""中共党员或共青团员"",""基层工作最低年限"":""无限制"",""服务基层项目工作经历"":""无限制"",""是否在面试阶段组织专业能力测试"":""否"",""面试人员比例"":""3:1"",""工作地点"":""福建省厦门市"",""落户地点"":""福建省厦门市"",""备注"":""1. 限应届高校毕业生报考（高等学历教育各阶段均需取得相应学历和学位）。\n2. 仅限男性报考。\n3. 大学英语四级425分及以上，外语专业应具有所学专业外语能力水平高级以上资格，须在外语水平一栏注明证书类型及成绩。\n4. 具备熟练运用所学专业开展工作的资质能力。\n5. 按《公务员录用体检特殊标准（试行）》进行体检，对《公务员录用体检特殊标准（试行）》未作规定的项目，按《公务员录用体检通用标准（试行）》执行，视力标准可询招录单位。\n6. 按《公安机关录用人民警察体能测评项目和标准（暂行）》进行体能测评。\n7. 按《公安机关录用人民警察政治考察工作办法》开展考察。具有《公安机关录用人民警察政治考察工作办法》第八条、第九条情形的，不得报考；父母、配偶或子女已移居国（境）外的，不得报考；非公派原因曾六个月以上在国（境）外留学、工作、生活的，不得报考。\n8. 可为符合条件人员提供集体宿舍、办理集体户口，有固定的探亲假和休假安排，工资待遇按人民警察标准执行，享受加班补贴和值勤岗位津贴。\n9. 请考生及时关注“移民管理警察招考小助手”微信小程序发布的报考信息。"",""部门网站"":""https://rczk.nia.gov.cn"",""咨询电话1"":""0592-6583580"",""咨询电话2"":""0592-6583581"",""咨询电话3"":""0592-6583529"",""来源Sheet"":""中央国家行政机关省级以下直属机构""}}"
"government_jobs","国家公务员2024招考简章","公务员/事业单位技术岗位","福建省厦门市","2026-07-28T09:12:58.310295+00:00","高崎出入境边防检查站一级警长及以下（十）","厦门出入境边防检查总站","","福建省厦门市","公务员/事业单位;2024;computer_software;data_ai;本科及以上;与最高学历相对应的学位;新闻传播学类、数字媒体技术、设计学、环境工程;行政执法类","用人司局：厦门出入境边防检查总站
职位简介：属公安机关人民警察，从事出入境边防检查、监护、巡查和应急处突、大型安保、侦查办案、警务技术、数据分析等工作。
专业要求：新闻传播学类、数字媒体技术、设计学、环境工程
学历要求：本科及以上
学位要求：与最高学历相对应的学位
政治面貌：中共党员或共青团员
基层工作经历：无限制
考试类别：行政执法类
备注：1. 限应届高校毕业生报考（高等学历教育各阶段均需取得相应学历和学位）。
2. 大学英语四级480分及以上或大学英语六级425分及以上，须在外语水平一栏注明已获得的英语等级证书及成绩。
3. 具备熟练运用所学专业开展工作的资质能力。
4. 按《公务员录用体检特殊标准（试行）》进行体检，对《公务员录用体检特殊标准（试行）》未作规定的项目，按《公务员录用体检通用标准（试行）》执行，视力标准可询招录单位。
5. 按《公安机关录用人民警察体能测评项目和标准（暂行）》进行体能测评。
6. 按《公安机关录用人民警察政治考察工作办法》开展考察。具有《公安机关录用人民警察政治考察工作办法》第八条、第九条情形的，不得报考；父母、配偶或子女已移居国（境）外的，不得报考；非公派原因曾六个月以上在国（境）外留学、工作、生活的，不得报考。
7. 可为符合条件人员提供集体宿舍、办理集体户口，有固定的探亲假和休假安排，工资待遇按人民警察标准执行，享受加班补贴和值勤岗位津贴。
8. 请考生及时关注“移民管理警察招考小助手”微信小程序发布的报考信息。","https://www.xuanhan.gov.cn/xxgk-show-77635.html#164107-300130001018","2023-10-15","{""dataset_year"":2024,""job_uid"":""GOV-2024-164107-300130001018"",""publisher"":""国家公务员局"",""publication_page"":""https://www.xuanhan.gov.cn/xxgk-show-77635.html"",""attachment_url"":""https://www.xuanhan.gov.cn/uploadfile/1/Attachment/638fdecf51.zip"",""local_source_file"":""中央机关及其直属机构2024年度考试录用公务员招考简章.xls"",""local_source_sha256"":""a1741b99dbecd6d03e533f99f2d69b0fa5a79733e551b80af69986ceed2ad996"",""source_sheet"":""中央国家行政机关省级以下直属机构"",""filter_version"":""government_tech_v2"",""tech_filter"":{""is_tech"":true,""is_core_tech"":true,""scope"":""core"",""categories"":[""computer_software"",""data_ai""],""matched_fields"":[""major"",""description""],""major_terms"":[""数字媒体技术""],""role_terms"":[""数据分析""],""reason"":""tech_major_and_role""},""original"":{""部门代码"":""164107"",""部门名称"":""厦门出入境边防检查总站"",""用人司局"":""厦门出入境边防检查总站"",""机构性质"":""中央国家行政机关省级以下直属机构"",""招考职位"":""高崎出入境边防检查站一级警长及以下（十）"",""职位属性"":""公安机关人民警察职位"",""职位分布"":""其他职位"",""职位简介"":""属公安机关人民警察，从事出入境边防检查、监护、巡查和应急处突、大型安保、侦查办案、警务技术、数据分析等工作。"",""职位代码"":""300130001018"",""机构层级"":""市（地）级"",""考试类别"":""行政执法类"",""招考人数"":""2"",""专业"":""新闻传播学类、数字媒体技术、设计学、环境工程"",""学历"":""本科及以上"",""学位"":""与最高学历相对应的学位"",""政治面貌"":""中共党员或共青团员"",""基层工作最低年限"":""无限制"",""服务基层项目工作经历"":""无限制"",""是否在面试阶段组织专业能力测试"":""否"",""面试人员比例"":""3:1"",""工作地点"":""福建省厦门市"",""落户地点"":""福建省厦门市"",""备注"":""1. 限应届高校毕业生报考（高等学历教育各阶段均需取得相应学历和学位）。\n2. 大学英语四级480分及以上或大学英语六级425分及以上，须在外语水平一栏注明已获得的英语等级证书及成绩。\n3. 具备熟练运用所学专业开展工作的资质能力。\n4. 按《公务员录用体检特殊标准（试行）》进行体检，对《公务员录用体检特殊标准（试行）》未作规定的项目，按《公务员录用体检通用标准（试行）》执行，视力标准可询招录单位。\n5. 按《公安机关录用人民警察体能测评项目和标准（暂行）》进行体能测评。\n6. 按《公安机关录用人民警察政治考察工作办法》开展考察。具有《公安机关录用人民警察政治考察工作办法》第八条、第九条情形的，不得报考；父母、配偶或子女已移居国（境）外的，不得报考；非公派原因曾六个月以上在国（境）外留学、工作、生活的，不得报考。\n7. 可为符合条件人员提供集体宿舍、办理集体户口，有固定的探亲假和休假安排，工资待遇按人民警察标准执行，享受加班补贴和值勤岗位津贴。\n8. 请考生及时关注“移民管理警察招考小助手”微信小程序发布的报考信息。"",""部门网站"":""https://rczk.nia.gov.cn"",""咨询电话1"":""0592-6583580"",""咨询电话2"":""0592-6583581"",""咨询电话3"":""0592-6583529"",""来源Sheet"":""中央国家行政机关省级以下直属机构""}}"
"government_jobs","国家公务员2024招考简章","公务员/事业单位技术岗位","福建省厦门市","2026-07-28T09:12:58.310295+00:00","高崎出入境边防检查站一级警长及以下（十一）","厦门出入境边防检查总站","","福建省厦门市","公务员/事业单位;2024;computer_software;data_ai;electronics_communication;硕士研究生及以上;与最高学历相对应的学位;哲学（01）、经济学（02）、历史学（06）、中国语言文学、外国语言文学、翻译、新闻传播学、新闻与传播、电子信息、计算机科学与技术、法学（0301）、财务管理、审计;行政执法类","用人司局：厦门出入境边防检查总站
职位简介：属公安机关人民警察，从事出入境边防检查、监护、巡查和应急处突、大型安保、侦查办案、警务技术、数据分析等工作。
专业要求：哲学（01）、经济学（02）、历史学（06）、中国语言文学、外国语言文学、翻译、新闻传播学、新闻与传播、电子信息、计算机科学与技术、法学（0301）、财务管理、审计
学历要求：硕士研究生及以上
学位要求：与最高学历相对应的学位
政治面貌：中共党员或共青团员
基层工作经历：二年
考试类别：行政执法类
备注：1. 限服务期满且考核合格的五类服务基层项目人员报考。
2. 高等学历教育各阶段均需取得相应学历和学位。
3. 大学英语四级425分及以上，外语专业应具有所学专业外语能力水平高级以上资格，须在外语水平栏注明证书类型及成绩。
4. 具备熟练运用所学专业开展工作的资质能力。
5. 按《公务员录用体检特殊标准（试行）》进行体检，对《公务员录用体检特殊标准（试行）》未作规定的项目，按《公务员录用体检通用标准（试行）》执行，视力标准可询招录单位。
6. 按《公安机关录用人民警察体能测评项目和标准（暂行）》进行体能测评。
7. 按《公安机关录用人民警察政治考察工作办法》开展考察。具有《公安机关录用人民警察政治考察工作办法》第八条、第九条情形的，不得报考；父母、配偶或子女已移居国（境）外的，不得报考；非公派原因曾六个月以上在国（境）外留学、工作、生活的，不得报考。
8. 可为符合条件人员提供集体宿舍、办理集体户口，有固定的探亲假和休假安排，工资待遇按人民警察标准执行，享受加班补贴和值勤岗位津贴。
9. 请考生关注“移民管理警察招考小助手”微信小程序。","https://www.xuanhan.gov.cn/xxgk-show-77635.html#164107-300130001019","2023-10-15","{""dataset_year"":2024,""job_uid"":""GOV-2024-164107-300130001019"",""publisher"":""国家公务员局"",""publication_page"":""https://www.xuanhan.gov.cn/xxgk-show-77635.html"",""attachment_url"":""https://www.xuanhan.gov.cn/uploadfile/1/Attachment/638fdecf51.zip"",""local_source_file"":""中央机关及其直属机构2024年度考试录用公务员招考简章.xls"",""local_source_sha256"":""a1741b99dbecd6d03e533f99f2d69b0fa5a79733e551b80af69986ceed2ad996"",""source_sheet"":""中央国家行政机关省级以下直属机构"",""filter_version"":""government_tech_v2"",""tech_filter"":{""is_tech"":true,""is_core_tech"":true,""scope"":""core"",""categories"":[""computer_software"",""data_ai"",""electronics_communication""],""matched_fields"":[""major"",""description""],""major_terms"":[""电子信息"",""计算机科学与技术""],""role_terms"":[""数据分析""],""reason"":""tech_major_and_role""},""original"":{""部门代码"":""164107"",""部门名称"":""厦门出入境边防检查总站"",""用人司局"":""厦门出入境边防检查总站"",""机构性质"":""中央国家行政机关省级以下直属机构"",""招考职位"":""高崎出入境边防检查站一级警长及以下（十一）"",""职位属性"":""公安机关人民警察职位"",""职位分布"":""其他职位"",""职位简介"":""属公安机关人民警察，从事出入境边防检查、监护、巡查和应急处突、大型安保、侦查办案、警务技术、数据分析等工作。"",""职位代码"":""300130001019"",""机构层级"":""市（地）级"",""考试类别"":""行政执法类"",""招考人数"":""2"",""专业"":""哲学（01）、经济学（02）、历史学（06）、中国语言文学、外国语言文学、翻译、新闻传播学、新闻与传播、电子信息、计算机科学与技术、法学（0301）、财务管理、审计"",""学历"":""硕士研究生及以上"",""学位"":""与最高学历相对应的学位"",""政治面貌"":""中共党员或共青团员"",""基层工作最低年限"":""二年"",""服务基层项目工作经历"":""大学生村官、农村义务教育阶段学校教师特设岗位计划、“三支一扶”计划、大学生志愿服务西部计划、在军队服役5年（含）以上的高校毕业生退役士兵"",""是否在面试阶段组织专业能力测试"":""否"",""面试人员比例"":""3:1"",""工作地点"":""福建省厦门市"",""落户地点"":""福建省厦门市"",""备注"":""1. 限服务期满且考核合格的五类服务基层项目人员报考。\n2. 高等学历教育各阶段均需取得相应学历和学位。\n3. 大学英语四级425分及以上，外语专业应具有所学专业外语能力水平高级以上资格，须在外语水平栏注明证书类型及成绩。\n4. 具备熟练运用所学专业开展工作的资质能力。\n5. 按《公务员录用体检特殊标准（试行）》进行体检，对《公务员录用体检特殊标准（试行）》未作规定的项目，按《公务员录用体检通用标准（试行）》执行，视力标准可询招录单位。\n6. 按《公安机关录用人民警察体能测评项目和标准（暂行）》进行体能测评。\n7. 按《公安机关录用人民警察政治考察工作办法》开展考察。具有《公安机关录用人民警察政治考察工作办法》第八条、第九条情形的，不得报考；父母、配偶或子女已移居国（境）外的，不得报考；非公派原因曾六个月以上在国（境）外留学、工作、生活的，不得报考。\n8. 可为符合条件人员提供集体宿舍、办理集体户口，有固定的探亲假和休假安排，工资待遇按人民警察标准执行，享受加班补贴和值勤岗位津贴。\n9. 请考生关注“移民管理警察招考小助手”微信小程序。"",""部门网站"":""https://rczk.nia.gov.cn"",""咨询电话1"":""0592-6583580"",""咨询电话2"":""0592-6583581"",""咨询电话3"":""0592-6583529"",""来源Sheet"":""中央国家行政机关省级以下直属机构""}}"
"government_jobs","国家公务员2024招考简章","公务员/事业单位技术岗位","福建省厦门市","2026-07-28T09:12:58.310295+00:00","东渡出入境边防检查站一级警长及以下（一）","厦门出入境边防检查总站","","福建省厦门市","公务员/事业单位;2024;computer_software;data_ai;electronics_communication;硕士研究生及以上;与最高学历相对应的学位;电子信息、计算机科学与技术;行政执法类","用人司局：厦门出入境边防检查总站
职位简介：属公安机关人民警察，从事出入境边防检查、监护、巡查和应急处突、大型安保、侦查办案、警务技术、数据分析等工作。
专业要求：电子信息、计算机科学与技术
学历要求：硕士研究生及以上
学位要求：与最高学历相对应的学位
政治面貌：中共党员或共青团员
基层工作经历：无限制
考试类别：行政执法类
备注：1. 限应届高校毕业生报考（高等学历教育各阶段均需取得相应学历和学位）。
2. 仅限男性报考。
3. 大学英语四级425分及以上，须在外语水平一栏注明已获得的英语等级证书及成绩。
4. 具备熟练运用所学专业开展工作的资质能力。
5. 按《公务员录用体检特殊标准（试行）》进行体检，对《公务员录用体检特殊标准（试行）》未作规定的项目，按《公务员录用体检通用标准（试行）》执行，视力标准可询招录单位。
6. 按《公安机关录用人民警察体能测评项目和标准（暂行）》进行体能测评。
7. 按《公安机关录用人民警察政治考察工作办法》开展考察。具有《公安机关录用人民警察政治考察工作办法》第八条、第九条情形的，不得报考；父母、配偶或子女已移居国（境）外的，不得报考；非公派原因曾六个月以上在国（境）外留学、工作、生活的，不得报考。
8. 可为符合条件人员提供集体宿舍、办理集体户口，有固定的探亲假和休假安排，工资待遇按人民警察标准执行，享受加班补贴和值勤岗位津贴。
9. 请考生及时关注“移民管理警察招考小助手”微信小程序发布的报考信息。","https://www.xuanhan.gov.cn/xxgk-show-77635.html#164107-300130001020","2023-10-15","{""dataset_year"":2024,""job_uid"":""GOV-2024-164107-300130001020"",""publisher"":""国家公务员局"",""publication_page"":""https://www.xuanhan.gov.cn/xxgk-show-77635.html"",""attachment_url"":""https://www.xuanhan.gov.cn/uploadfile/1/Attachment/638fdecf51.zip"",""local_source_file"":""中央机关及其直属机构2024年度考试录用公务员招考简章.xls"",""local_source_sha256"":""a1741b99dbecd6d03e533f99f2d69b0fa5a79733e551b80af69986ceed2ad996"",""source_sheet"":""中央国家行政机关省级以下直属机构"",""filter_version"":""government_tech_v2"",""tech_filter"":{""is_tech"":true,""is_core_tech"":true,""scope"":""core"",""categories"":[""computer_software"",""data_ai"",""electronics_communication""],""matched_fields"":[""major"",""description""],""major_terms"":[""电子信息"",""计算机科学与技术""],""role_terms"":[""数据分析""],""reason"":""tech_major_and_role""},""original"":{""部门代码"":""164107"",""部门名称"":""厦门出入境边防检查总站"",""用人司局"":""厦门出入境边防检查总站"",""机构性质"":""中央国家行政机关省级以下直属机构"",""招考职位"":""东渡出入境边防检查站一级警长及以下（一）"",""职位属性"":""公安机关人民警察职位"",""职位分布"":""其他职位"",""职位简介"":""属公安机关人民警察，从事出入境边防检查、监护、巡查和应急处突、大型安保、侦查办案、警务技术、数据分析等工作。"",""职位代码"":""300130001020"",""机构层级"":""市（地）级"",""考试类别"":""行政执法类"",""招考人数"":""2"",""专业"":""电子信息、计算机科学与技术"",""学历"":""硕士研究生及以上"",""学位"":""与最高学历相对应的学位"",""政治面貌"":""中共党员或共青团员"",""基层工作最低年限"":""无限制"",""服务基层项目工作经历"":""无限制"",""是否在面试阶段组织专业能力测试"":""否"",""面试人员比例"":""3:1"",""工作地点"":""福建省厦门市"",""落户地点"":""福建省厦门市"",""备注"":""1. 限应届高校毕业生报考（高等学历教育各阶段均需取得相应学历和学位）。\n2. 仅限男性报考。\n3. 大学英语四级425分及以上，须在外语水平一栏注明已获得的英语等级证书及成绩。\n4. 具备熟练运用所学专业开展工作的资质能力。\n5. 按《公务员录用体检特殊标准（试行）》进行体检，对《公务员录用体检特殊标准（试行）》未作规定的项目，按《公务员录用体检通用标准（试行）》执行，视力标准可询招录单位。\n6. 按《公安机关录用人民警察体能测评项目和标准（暂行）》进行体能测评。\n7. 按《公安机关录用人民警察政治考察工作办法》开展考察。具有《公安机关录用人民警察政治考察工作办法》第八条、第九条情形的，不得报考；父母、配偶或子女已移居国（境）外的，不得报考；非公派原因曾六个月以上在国（境）外留学、工作、生活的，不得报考。\n8. 可为符合条件人员提供集体宿舍、办理集体户口，有固定的探亲假和休假安排，工资待遇按人民警察标准执行，享受加班补贴和值勤岗位津贴。\n9. 请考生及时关注“移民管理警察招考小助手”微信小程序发布的报考信息。"",""部门网站"":""https://rczk.nia.gov.cn"",""咨询电话1"":""0592-6583580"",""咨询电话2"":""0592-6583581"",""咨询电话3"":""0592-6583529"",""来源Sheet"":""中央国家行政机关省级以下直属机构""}}"
"government_jobs","国家公务员2024招考简章","公务员/事业单位技术岗位","福建省厦门市","2026-07-28T09:12:58.310295+00:00","东渡出入境边防检查站一级警长及以下（七）","厦门出入境边防检查总站","","福建省厦门市","公务员/事业单位;2024;computer_software;data_ai;electronics_communication;硕士研究生及以上;与最高学历相对应的学位;哲学（01）、经济学（02）、历史学（06）、中国语言文学、外国语言文学、翻译、新闻传播学、新闻与传播、电子信息、计算机科学与技术、法学（0301）、财务管理、审计;行政执法类","用人司局：厦门出入境边防检查总站
职位简介：属公安机关人民警察，从事出入境边防检查、监护、巡查和应急处突、大型安保、侦查办案、警务技术、数据分析等工作。
专业要求：哲学（01）、经济学（02）、历史学（06）、中国语言文学、外国语言文学、翻译、新闻传播学、新闻与传播、电子信息、计算机科学与技术、法学（0301）、财务管理、审计
学历要求：硕士研究生及以上
学位要求：与最高学历相对应的学位
政治面貌：中共党员或共青团员
基层工作经历：二年
考试类别：行政执法类
备注：1. 限服务期满且考核合格的五类服务基层项目人员报考。
2. 高等学历教育各阶段均需取得相应学历和学位。
3. 仅限男性报考。
4. 大学英语四级425分及以上，外语专业应具有所学外语高级以上资质，须在外语水平栏注明证书类型及成绩。
5. 具备熟练运用所学专业开展工作的资质能力。
6 .按《公务员录用体检特殊标准（试行）》进行体检，对《公务员录用体检特殊标准（试行）》未作规定的项目，按《公务员录用体检通用标准（试行）》执行，视力标准可询招录单位。
7. 按《公安机关录用人民警察体能测评项目和标准（暂行）》进行体能测评。
8. 按《公安机关录用人民警察政治考察工作办法》开展考察。具有《公安机关录用人民警察政治考察工作办法》第八条、第九条情形的，不得报考；父母、配偶或子女已移居国（境）外的，不得报考；非公派原因曾六个月以上在国（境）外留学、工作、生活的，不得报考。
9. 可为符合条件人员提供集体宿舍、集体户口，有固定探亲假和休假安排，工资待遇按人民警察标准执行，享受加班补贴和值勤岗位津贴。
10. 请考生关注“移民管理警察招考小助手”小程序。","https://www.xuanhan.gov.cn/xxgk-show-77635.html#164107-300130001026","2023-10-15","{""dataset_year"":2024,""job_uid"":""GOV-2024-164107-300130001026"",""publisher"":""国家公务员局"",""publication_page"":""https://www.xuanhan.gov.cn/xxgk-show-77635.html"",""attachment_url"":""https://www.xuanhan.gov.cn/uploadfile/1/Attachment/638fdecf51.zip"",""local_source_file"":""中央机关及其直属机构2024年度考试录用公务员招考简章.xls"",""local_source_sha256"":""a1741b99dbecd6d03e533f99f2d69b0fa5a79733e551b80af69986ceed2ad996"",""source_sheet"":""中央国家行政机关省级以下直属机构"",""filter_version"":""government_tech_v2"",""tech_filter"":{""is_tech"":true,""is_core_tech"":true,""scope"":""core"",""categories"":[""computer_software"",""data_ai"",""electronics_communication""],""matched_fields"":[""major"",""description""],""major_terms"":[""电子信息"",""计算机科学与技术""],""role_terms"":[""数据分析""],""reason"":""tech_major_and_role""},""original"":{""部门代码"":""164107"",""部门名称"":""厦门出入境边防检查总站"",""用人司局"":""厦门出入境边防检查总站"",""机构性质"":""中央国家行政机关省级以下直属机构"",""招考职位"":""东渡出入境边防检查站一级警长及以下（七）"",""职位属性"":""公安机关人民警察职位"",""职位分布"":""其他职位"",""职位简介"":""属公安机关人民警察，从事出入境边防检查、监护、巡查和应急处突、大型安保、侦查办案、警务技术、数据分析等工作。"",""职位代码"":""300130001026"",""机构层级"":""市（地）级"",""考试类别"":""行政执法类"",""招考人数"":""2"",""专业"":""哲学（01）、经济学（02）、历史学（06）、中国语言文学、外国语言文学、翻译、新闻传播学、新闻与传播、电子信息、计算机科学与技术、法学（0301）、财务管理、审计"",""学历"":""硕士研究生及以上"",""学位"":""与最高学历相对应的学位"",""政治面貌"":""中共党员或共青团员"",""基层工作最低年限"":""二年"",""服务基层项目工作经历"":""大学生村官、农村义务教育阶段学校教师特设岗位计划、“三支一扶”计划、大学生志愿服务西部计划、在军队服役5年（含）以上的高校毕业生退役士兵"",""是否在面试阶段组织专业能力测试"":""否"",""面试人员比例"":""3:1"",""工作地点"":""福建省厦门市"",""落户地点"":""福建省厦门市"",""备注"":""1. 限服务期满且考核合格的五类服务基层项目人员报考。\n2. 高等学历教育各阶段均需取得相应学历和学位。\n3. 仅限男性报考。\n4. 大学英语四级425分及以上，外语专业应具有所学外语高级以上资质，须在外语水平栏注明证书类型及成绩。\n5. 具备熟练运用所学专业开展工作的资质能力。\n6 .按《公务员录用体检特殊标准（试行）》进行体检，对《公务员录用体检特殊标准（试行）》未作规定的项目，按《公务员录用体检通用标准（试行）》执行，视力标准可询招录单位。\n7. 按《公安机关录用人民警察体能测评项目和标准（暂行）》进行体能测评。\n8. 按《公安机关录用人民警察政治考察工作办法》开展考察。具有《公安机关录用人民警察政治考察工作办法》第八条、第九条情形的，不得报考；父母、配偶或子女已移居国（境）外的，不得报考；非公派原因曾六个月以上在国（境）外留学、工作、生活的，不得报考。\n9. 可为符合条件人员提供集体宿舍、集体户口，有固定探亲假和休假安排，工资待遇按人民警察标准执行，享受加班补贴和值勤岗位津贴。\n10. 请考生关注“移民管理警察招考小助手”小程序。"",""部门网站"":""https://rczk.nia.gov.cn"",""咨询电话1"":""0592-6583580"",""咨询电话2"":""0592-6583581"",""咨询电话3"":""0592-6583529"",""来源Sheet"":""中央国家行政机关省级以下直属机构""}}"
"government_jobs","国家公务员2024招考简章","公务员/事业单位技术岗位","福建省漳州市","2026-07-28T09:12:58.310295+00:00","漳州出入境边防检查站一级警长及以下（二）","厦门出入境边防检查总站","","福建省漳州市","公务员/事业单位;2024;computer_software;data_ai;electronics_communication;本科及以上;与最高学历相对应的学位;中国语言文学类、经济与贸易类、电子信息类、计算机类、法学（本科：法学030101K；研究生：法学0301）;行政执法类","用人司局：厦门出入境边防检查总站
职位简介：属公安机关人民警察，从事出入境边防检查、监护、巡查和应急处突、大型安保、侦查办案、警务技术、数据分析等工作。
专业要求：中国语言文学类、经济与贸易类、电子信息类、计算机类、法学（本科：法学030101K；研究生：法学0301）
学历要求：本科及以上
学位要求：与最高学历相对应的学位
政治面貌：中共党员或共青团员
基层工作经历：无限制
考试类别：行政执法类
备注：1. 限应届高校毕业生报考（高等学历教育各阶段均需取得相应学历和学位）。
2. 大学英语四级480分及以上或大学英语六级425分及以上，须在外语水平一栏注明已获得的英语等级证书及成绩。
3. 具备熟练运用所学专业开展工作的资质能力。
4. 按《公务员录用体检特殊标准（试行）》进行体检，对《公务员录用体检特殊标准（试行）》未作规定的项目，按《公务员录用体检通用标准（试行）》执行，视力标准可询招录单位。
5. 按《公安机关录用人民警察体能测评项目和标准（暂行）》进行体能测评。
6. 按《公安机关录用人民警察政治考察工作办法》开展考察。具有《公安机关录用人民警察政治考察工作办法》第八条、第九条情形的，不得报考；父母、配偶或子女已移居国（境）外的，不得报考；非公派原因曾六个月以上在国（境）外留学、工作、生活的，不得报考。
7. 可为符合条件人员提供集体宿舍、办理集体户口，有固定的探亲假和休假安排，工资待遇按人民警察标准执行，享受加班补贴和值勤岗位津贴。
8. 请考生及时关注“移民管理警察招考小助手”微信小程序发布的报考信息。","https://www.xuanhan.gov.cn/xxgk-show-77635.html#164107-300130001028","2023-10-15","{""dataset_year"":2024,""job_uid"":""GOV-2024-164107-300130001028"",""publisher"":""国家公务员局"",""publication_page"":""https://www.xuanhan.gov.cn/xxgk-show-77635.html"",""attachment_url"":""https://www.xuanhan.gov.cn/uploadfile/1/Attachment/638fdecf51.zip"",""local_source_file"":""中央机关及其直属机构2024年度考试录用公务员招考简章.xls"",""local_source_sha256"":""a1741b99dbecd6d03e533f99f2d69b0fa5a79733e551b80af69986ceed2ad996"",""source_sheet"":""中央国家行政机关省级以下直属机构"",""filter_version"":""government_tech_v2"",""tech_filter"":{""is_tech"":true,""is_core_tech"":true,""scope"":""core"",""categories"":[""computer_software"",""data_ai"",""electronics_communication""],""matched_fields"":[""major"",""description""],""major_terms"":[""电子信息类"",""计算机类""],""role_terms"":[""数据分析""],""reason"":""tech_major_and_role""},""original"":{""部门代码"":""164107"",""部门名称"":""厦门出入境边防检查总站"",""用人司局"":""厦门出入境边防检查总站"",""机构性质"":""中央国家行政机关省级以下直属机构"",""招考职位"":""漳州出入境边防检查站一级警长及以下（二）"",""职位属性"":""公安机关人民警察职位"",""职位分布"":""其他职位"",""职位简介"":""属公安机关人民警察，从事出入境边防检查、监护、巡查和应急处突、大型安保、侦查办案、警务技术、数据分析等工作。"",""职位代码"":""300130001028"",""机构层级"":""市（地）级"",""考试类别"":""行政执法类"",""招考人数"":""2"",""专业"":""中国语言文学类、经济与贸易类、电子信息类、计算机类、法学（本科：法学030101K；研究生：法学0301）"",""学历"":""本科及以上"",""学位"":""与最高学历相对应的学位"",""政治面貌"":""中共党员或共青团员"",""基层工作最低年限"":""无限制"",""服务基层项目工作经历"":""无限制"",""是否在面试阶段组织专业能力测试"":""否"",""面试人员比例"":""3:1"",""工作地点"":""福建省漳州市"",""落户地点"":""福建省漳州市"",""备注"":""1. 限应届高校毕业生报考（高等学历教育各阶段均需取得相应学历和学位）。\n2. 大学英语四级480分及以上或大学英语六级425分及以上，须在外语水平一栏注明已获得的英语等级证书及成绩。\n3. 具备熟练运用所学专业开展工作的资质能力。\n4. 按《公务员录用体检特殊标准（试行）》进行体检，对《公务员录用体检特殊标准（试行）》未作规定的项目，按《公务员录用体检通用标准（试行）》执行，视力标准可询招录单位。\n5. 按《公安机关录用人民警察体能测评项目和标准（暂行）》进行体能测评。\n6. 按《公安机关录用人民警察政治考察工作办法》开展考察。具有《公安机关录用人民警察政治考察工作办法》第八条、第九条情形的，不得报考；父母、配偶或子女已移居国（境）外的，不得报考；非公派原因曾六个月以上在国（境）外留学、工作、生活的，不得报考。\n7. 可为符合条件人员提供集体宿舍、办理集体户口，有固定的探亲假和休假安排，工资待遇按人民警察标准执行，享受加班补贴和值勤岗位津贴。\n8. 请考生及时关注“移民管理警察招考小助手”微信小程序发布的报考信息。"",""部门网站"":""https://rczk.nia.gov.cn"",""咨询电话1"":""0592-6583580"",""咨询电话2"":""0592-6583581"",""咨询电话3"":""0592-6583529"",""来源Sheet"":""中央国家行政机关省级以下直属机构""}}"
"government_jobs","国家公务员2024招考简章","公务员/事业单位技术岗位","福建省漳州市","2026-07-28T09:12:58.310295+00:00","漳州出入境边防检查站一级警长及以下（三）","厦门出入境边防检查总站","","福建省漳州市","公务员/事业单位;2024;computer_software;data_ai;electronics_communication;硕士研究生及以上;与最高学历相对应的学位;哲学（01）、经济学（02）、历史学（06）、社会学、中国语言文学、外国语言文学、翻译、数学、新闻传播学、新闻与传播、电子信息、计算机科学与技术、法学（0301）、财务管理、审计;行政执法类","用人司局：厦门出入境边防检查总站
职位简介：属公安机关人民警察，从事出入境边防检查、监护、巡查和应急处突、大型安保、侦查办案、警务技术、数据分析等工作。
专业要求：哲学（01）、经济学（02）、历史学（06）、社会学、中国语言文学、外国语言文学、翻译、数学、新闻传播学、新闻与传播、电子信息、计算机科学与技术、法学（0301）、财务管理、审计
学历要求：硕士研究生及以上
学位要求：与最高学历相对应的学位
政治面貌：中共党员或共青团员
基层工作经历：二年
考试类别：行政执法类
备注：1. 限服务期满且考核合格的五类服务基层项目人员报考。
2. 高等学历教育各阶段均需取得相应学历和学位。
3. 仅限男性报考。
4. 大学英语四级425分及以上，外语专业应具有所学外语高级以上资质，须在外语水平栏注明证书类型及成绩。
5. 具备熟练运用所学专业开展工作的资质能力。
6. 按《公务员录用体检特殊标准（试行）》进行体检，对《公务员录用体检特殊标准（试行）》未作规定的项目，按《公务员录用体检通用标准（试行）》执行，视力标准可询招录单位。
7. 按《公安机关录用人民警察体能测评项目和标准（暂行）》进行体能测评。
8. 按《公安机关录用人民警察政治考察工作办法》开展考察。具有《公安机关录用人民警察政治考察工作办法》第八条、第九条情形的，不得报考；父母、配偶或子女已移居国（境）外的，不得报考；非公派原因曾六个月以上在国（境）外留学、工作、生活的，不得报考。
9. 可为符合条件人员提供集体宿舍、集体户口，有固定探亲假和休假安排，工资待遇按人民警察标准执行，享受加班补贴和值勤岗位津贴。
10. 请考生关注“移民管理警察招考小助手”小程序。","https://www.xuanhan.gov.cn/xxgk-show-77635.html#164107-300130001029","2023-10-15","{""dataset_year"":2024,""job_uid"":""GOV-2024-164107-300130001029"",""publisher"":""国家公务员局"",""publication_page"":""https://www.xuanhan.gov.cn/xxgk-show-77635.html"",""attachment_url"":""https://www.xuanhan.gov.cn/uploadfile/1/Attachment/638fdecf51.zip"",""local_source_file"":""中央机关及其直属机构2024年度考试录用公务员招考简章.xls"",""local_source_sha256"":""a1741b99dbecd6d03e533f99f2d69b0fa5a79733e551b80af69986ceed2ad996"",""source_sheet"":""中央国家行政机关省级以下直属机构"",""filter_version"":""government_tech_v2"",""tech_filter"":{""is_tech"":true,""is_core_tech"":true,""scope"":""core"",""categories"":[""computer_software"",""data_ai"",""electronics_communication""],""matched_fields"":[""major"",""description""],""major_terms"":[""电子信息"",""计算机科学与技术""],""role_terms"":[""数据分析""],""reason"":""tech_major_and_role""},""original"":{""部门代码"":""164107"",""部门名称"":""厦门出入境边防检查总站"",""用人司局"":""厦门出入境边防检查总站"",""机构性质"":""中央国家行政机关省级以下直属机构"",""招考职位"":""漳州出入境边防检查站一级警长及以下（三）"",""职位属性"":""公安机关人民警察职位"",""职位分布"":""其他职位"",""职位简介"":""属公安机关人民警察，从事出入境边防检查、监护、巡查和应急处突、大型安保、侦查办案、警务技术、数据分析等工作。"",""职位代码"":""300130001029"",""机构层级"":""市（地）级"",""考试类别"":""行政执法类"",""招考人数"":""1"",""专业"":""哲学（01）、经济学（02）、历史学（06）、社会学、中国语言文学、外国语言文学、翻译、数学、新闻传播学、新闻与传播、电子信息、计算机科学与技术、法学（0301）、财务管理、审计"",""学历"":""硕士研究生及以上"",""学位"":""与最高学历相对应的学位"",""政治面貌"":""中共党员或共青团员"",""基层工作最低年限"":""二年"",""服务基层项目工作经历"":""大学生村官、农村义务教育阶段学校教师特设岗位计划、“三支一扶”计划、大学生志愿服务西部计划、在军队服役5年（含）以上的高校毕业生退役士兵"",""是否在面试阶段组织专业能力测试"":""否"",""面试人员比例"":""3:1"",""工作地点"":""福建省漳州市"",""落户地点"":""福建省漳州市"",""备注"":""1. 限服务期满且考核合格的五类服务基层项目人员报考。\n2. 高等学历教育各阶段均需取得相应学历和学位。\n3. 仅限男性报考。\n4. 大学英语四级425分及以上，外语专业应具有所学外语高级以上资质，须在外语水平栏注明证书类型及成绩。\n5. 具备熟练运用所学专业开展工作的资质能力。\n6. 按《公务员录用体检特殊标准（试行）》进行体检，对《公务员录用体检特殊标准（试行）》未作规定的项目，按《公务员录用体检通用标准（试行）》执行，视力标准可询招录单位。\n7. 按《公安机关录用人民警察体能测评项目和标准（暂行）》进行体能测评。\n8. 按《公安机关录用人民警察政治考察工作办法》开展考察。具有《公安机关录用人民警察政治考察工作办法》第八条、第九条情形的，不得报考；父母、配偶或子女已移居国（境）外的，不得报考；非公派原因曾六个月以上在国（境）外留学、工作、生活的，不得报考。\n9. 可为符合条件人员提供集体宿舍、集体户口，有固定探亲假和休假安排，工资待遇按人民警察标准执行，享受加班补贴和值勤岗位津贴。\n10. 请考生关注“移民管理警察招考小助手”小程序。"",""部门网站"":""https://rczk.nia.gov.cn"",""咨询电话1"":""0592-6583580"",""咨询电话2"":""0592-6583581"",""咨询电话3"":""0592-6583529"",""来源Sheet"":""中央国家行政机关省级以下直属机构""}}"
"government_jobs","国家公务员2024招考简章","公务员/事业单位技术岗位","福建省泉州市","2026-07-28T09:12:58.310295+00:00","泉州出入境边防检查站一级警长及以下（三）","厦门出入境边防检查总站","","福建省泉州市","公务员/事业单位;2024;computer_software;data_ai;本科及以上;与最高学历相对应的学位;中国语言文学类、数字媒体技术、建筑学、财务管理、法学（本科：法学030101K；研究生：法学0301）、设计学;行政执法类","用人司局：厦门出入境边防检查总站
职位简介：属公安机关人民警察，从事出入境边防检查、监护、巡查和应急处突、大型安保、侦查办案、警务技术、数据分析等工作。
专业要求：中国语言文学类、数字媒体技术、建筑学、财务管理、法学（本科：法学030101K；研究生：法学0301）、设计学
学历要求：本科及以上
学位要求：与最高学历相对应的学位
政治面貌：中共党员或共青团员
基层工作经历：无限制
考试类别：行政执法类
备注：1. 限应届高校毕业生报考（高等学历教育各阶段均需取得相应学历和学位）。
2. 大学英语四级480分及以上或大学英语六级425分及以上，须在外语水平一栏注明已获得的英语等级证书及成绩。
3. 具备熟练运用所学专业开展工作的资质能力。
4. 按《公务员录用体检特殊标准（试行）》进行体检，对《公务员录用体检特殊标准（试行）》未作规定的项目，按《公务员录用体检通用标准（试行）》执行，视力标准可询招录单位。
5. 按《公安机关录用人民警察体能测评项目和标准（暂行）》进行体能测评。
6. 按《公安机关录用人民警察政治考察工作办法》开展考察。具有《公安机关录用人民警察政治考察工作办法》第八条、第九条情形的，不得报考；父母、配偶或子女已移居国（境）外的，不得报考；非公派原因曾六个月以上在国（境）外留学、工作、生活的，不得报考。
7. 可为符合条件人员提供集体宿舍、办理集体户口，有固定的探亲假和休假安排，工资待遇按人民警察标准执行，享受加班补贴和值勤岗位津贴。
8. 请考生及时关注“移民管理警察招考小助手”微信小程序发布的报考信息。","https://www.xuanhan.gov.cn/xxgk-show-77635.html#164107-300130001032","2023-10-15","{""dataset_year"":2024,""job_uid"":""GOV-2024-164107-300130001032"",""publisher"":""国家公务员局"",""publication_page"":""https://www.xuanhan.gov.cn/xxgk-show-77635.html"",""attachment_url"":""https://www.xuanhan.gov.cn/uploadfile/1/Attachment/638fdecf51.zip"",""local_source_file"":""中央机关及其直属机构2024年度考试录用公务员招考简章.xls"",""local_source_sha256"":""a1741b99dbecd6d03e533f99f2d69b0fa5a79733e551b80af69986ceed2ad996"",""source_sheet"":""中央国家行政机关省级以下直属机构"",""filter_version"":""government_tech_v2"",""tech_filter"":{""is_tech"":true,""is_core_tech"":true,""scope"":""core"",""categories"":[""computer_software"",""data_ai""],""matched_fields"":[""major"",""description""],""major_terms"":[""数字媒体技术""],""role_terms"":[""数据分析""],""reason"":""tech_major_and_role""},""original"":{""部门代码"":""164107"",""部门名称"":""厦门出入境边防检查总站"",""用人司局"":""厦门出入境边防检查总站"",""机构性质"":""中央国家行政机关省级以下直属机构"",""招考职位"":""泉州出入境边防检查站一级警长及以下（三）"",""职位属性"":""公安机关人民警察职位"",""职位分布"":""其他职位"",""职位简介"":""属公安机关人民警察，从事出入境边防检查、监护、巡查和应急处突、大型安保、侦查办案、警务技术、数据分析等工作。"",""职位代码"":""300130001032"",""机构层级"":""市（地）级"",""考试类别"":""行政执法类"",""招考人数"":""2"",""专业"":""中国语言文学类、数字媒体技术、建筑学、财务管理、法学（本科：法学030101K；研究生：法学0301）、设计学"",""学历"":""本科及以上"",""学位"":""与最高学历相对应的学位"",""政治面貌"":""中共党员或共青团员"",""基层工作最低年限"":""无限制"",""服务基层项目工作经历"":""无限制"",""是否在面试阶段组织专业能力测试"":""否"",""面试人员比例"":""3:1"",""工作地点"":""福建省泉州市"",""落户地点"":""福建省泉州市"",""备注"":""1. 限应届高校毕业生报考（高等学历教育各阶段均需取得相应学历和学位）。\n2. 大学英语四级480分及以上或大学英语六级425分及以上，须在外语水平一栏注明已获得的英语等级证书及成绩。\n3. 具备熟练运用所学专业开展工作的资质能力。\n4. 按《公务员录用体检特殊标准（试行）》进行体检，对《公务员录用体检特殊标准（试行）》未作规定的项目，按《公务员录用体检通用标准（试行）》执行，视力标准可询招录单位。\n5. 按《公安机关录用人民警察体能测评项目和标准（暂行）》进行体能测评。\n6. 按《公安机关录用人民警察政治考察工作办法》开展考察。具有《公安机关录用人民警察政治考察工作办法》第八条、第九条情形的，不得报考；父母、配偶或子女已移居国（境）外的，不得报考；非公派原因曾六个月以上在国（境）外留学、工作、生活的，不得报考。\n7. 可为符合条件人员提供集体宿舍、办理集体户口，有固定的探亲假和休假安排，工资待遇按人民警察标准执行，享受加班补贴和值勤岗位津贴。\n8. 请考生及时关注“移民管理警察招考小助手”微信小程序发布的报考信息。"",""部门网站"":""https://rczk.nia.gov.cn"",""咨询电话1"":""0592-6583580"",""咨询电话2"":""0592-6583581"",""咨询电话3"":""0592-6583529"",""来源Sheet"":""中央国家行政机关省级以下直属机构""}}"
"government_jobs","国家公务员2024招考简章","公务员/事业单位技术岗位","海南省三亚市天涯区","2026-07-28T09:12:58.310295+00:00","三亚边检站一级警长及以下（三）","海口出入境边防检查总站","","海南省三亚市天涯区","公务员/事业单位;2024;computer_software;cybersecurity_cryptography;data_ai;electronics_communication;本科及以上;与最高学历相对应的学位;电子信息工程、电子科学与技术、通信工程、信息工程、电子信息科学与技术、计算机科学与技术、软件工程、网络工程、信息安全、电子与计算机工程、网络空间安全;行政执法类","用人司局：海口出入境边防检查总站
职位简介：属公安机关人民警察，从事出入境边防检查、巡查、监护以及数据分析核查、通信保障等工作。
专业要求：电子信息工程、电子科学与技术、通信工程、信息工程、电子信息科学与技术、计算机科学与技术、软件工程、网络工程、信息安全、电子与计算机工程、网络空间安全
学历要求：本科及以上
学位要求：与最高学历相对应的学位
政治面貌：中共党员或共青团员
基层工作经历：无限制
考试类别：行政执法类
备注：1．限应届高校毕业生报考（高等学历教育各阶段均需取得相应学历和学位）。
2．按《公务员录用体检特殊标准（试行）》进行体检，对《公务员录用体检特殊标准（试行）》未作规定的项目，按《公务员录用体检通用标准（试行）》执行，视力标准可询招录单位。
3．按《公安机关录用人民警察体能测评项目和标准（暂行）》进行体能测评。
4．按《公安机关录用人民警察政治考察工作办法》开展考察。具有《公安机关录用人民警察政治考察工作办法》第八条、第九条情形的，不得报考；父母、配偶或子女已移居国（境）外的，不得报考；非公派原因曾六个月以上在国（境）外留学、工作、生活的，不得报考。
5．可为符合条件人员办理集体户口；工资待遇按人民警察标准执行，享受加班补贴和值勤岗位津贴；有固定的探亲假和休假安排。 
6．须服从二次分配。
7．在本单位最低服务年限五年（含试用期）。
8．请考生及时关注“移民管理警察招考小助手”微信小程序发布的报考信息。","https://www.xuanhan.gov.cn/xxgk-show-77635.html#164108-300130001003","2023-10-15","{""dataset_year"":2024,""job_uid"":""GOV-2024-164108-300130001003"",""publisher"":""国家公务员局"",""publication_page"":""https://www.xuanhan.gov.cn/xxgk-show-77635.html"",""attachment_url"":""https://www.xuanhan.gov.cn/uploadfile/1/Attachment/638fdecf51.zip"",""local_source_file"":""中央机关及其直属机构2024年度考试录用公务员招考简章.xls"",""local_source_sha256"":""a1741b99dbecd6d03e533f99f2d69b0fa5a79733e551b80af69986ceed2ad996"",""source_sheet"":""中央国家行政机关省级以下直属机构"",""filter_version"":""government_tech_v2"",""tech_filter"":{""is_tech"":true,""is_core_tech"":true,""scope"":""core"",""categories"":[""computer_software"",""cybersecurity_cryptography"",""data_ai"",""electronics_communication""],""matched_fields"":[""major"",""description""],""major_terms"":[""信息安全"",""电子信息"",""电子信息工程"",""电子科学与技术"",""网络工程"",""网络空间安全"",""计算机"",""计算机科学与技术"",""软件工程"",""通信工程""],""role_terms"":[""数据分析""],""reason"":""tech_major_and_role""},""original"":{""部门代码"":""164108"",""部门名称"":""海口出入境边防检查总站"",""用人司局"":""海口出入境边防检查总站"",""机构性质"":""中央国家行政机关省级以下直属机构"",""招考职位"":""三亚边检站一级警长及以下（三）"",""职位属性"":""公安机关人民警察职位"",""职位分布"":""其他职位"",""职位简介"":""属公安机关人民警察，从事出入境边防检查、巡查、监护以及数据分析核查、通信保障等工作。"",""职位代码"":""300130001003"",""机构层级"":""市（地）级"",""考试类别"":""行政执法类"",""招考人数"":""1"",""专业"":""电子信息工程、电子科学与技术、通信工程、信息工程、电子信息科学与技术、计算机科学与技术、软件工程、网络工程、信息安全、电子与计算机工程、网络空间安全"",""学历"":""本科及以上"",""学位"":""与最高学历相对应的学位"",""政治面貌"":""中共党员或共青团员"",""基层工作最低年限"":""无限制"",""服务基层项目工作经历"":""无限制"",""是否在面试阶段组织专业能力测试"":""否"",""面试人员比例"":""3:1"",""工作地点"":""海南省三亚市天涯区"",""落户地点"":""海南省三亚市天涯区"",""备注"":""1．限应届高校毕业生报考（高等学历教育各阶段均需取得相应学历和学位）。\n2．按《公务员录用体检特殊标准（试行）》进行体检，对《公务员录用体检特殊标准（试行）》未作规定的项目，按《公务员录用体检通用标准（试行）》执行，视力标准可询招录单位。\n3．按《公安机关录用人民警察体能测评项目和标准（暂行）》进行体能测评。\n4．按《公安机关录用人民警察政治考察工作办法》开展考察。具有《公安机关录用人民警察政治考察工作办法》第八条、第九条情形的，不得报考；父母、配偶或子女已移居国（境）外的，不得报考；非公派原因曾六个月以上在国（境）外留学、工作、生活的，不得报考。\n5．可为符合条件人员办理集体户口；工资待遇按人民警察标准执行，享受加班补贴和值勤岗位津贴；有固定的探亲假和休假安排。 \n6．须服从二次分配。\n7．在本单位最低服务年限五年（含试用期）。\n8．请考生及时关注“移民管理警察招考小助手”微信小程序发布的报考信息。"",""部门网站"":""https://rczk.nia.gov.cn"",""咨询电话1"":""0898-66195525"",""咨询电话2"":""0898-66195522"",""咨询电话3"":"""",""来源Sheet"":""中央国家行政机关省级以下直属机构""}}"
"government_jobs","国家公务员2024招考简章","公务员/事业单位技术岗位","海南省儋州市","2026-07-28T09:12:58.310295+00:00","洋浦边检站一级警长及以下（五）","海口出入境边防检查总站","","海南省儋州市","公务员/事业单位;2024;computer_software;cybersecurity_cryptography;data_ai;electronics_communication;本科及以上;与最高学历相对应的学位;电子信息工程、电子科学与技术、通信工程、信息工程、电子信息科学与技术、计算机科学与技术、软件工程、网络工程、信息安全、电子与计算机工程、网络空间安全、生物技术;行政执法类","用人司局：海口出入境边防检查总站
职位简介：属公安机关人民警察，从事出入境边防检查、巡查、监护以及数据分析核查、通信保障等工作。
专业要求：电子信息工程、电子科学与技术、通信工程、信息工程、电子信息科学与技术、计算机科学与技术、软件工程、网络工程、信息安全、电子与计算机工程、网络空间安全、生物技术
学历要求：本科及以上
学位要求：与最高学历相对应的学位
政治面貌：中共党员或共青团员
基层工作经历：无限制
考试类别：行政执法类
备注：1．限2024届高校毕业生报考（高等学历教育各阶段均需取得相应学历和学位）。
2．按《公务员录用体检特殊标准（试行）》进行体检，对《公务员录用体检特殊标准（试行）》未作规定的项目，按《公务员录用体检通用标准（试行）》执行，视力标准可询招录单位。
3．按《公安机关录用人民警察体能测评项目和标准（暂行）》进行体能测评。
4．按《公安机关录用人民警察政治考察工作办法》开展考察。具有《公安机关录用人民警察政治考察工作办法》第八条、第九条情形的，不得报考；父母、配偶或子女已移居国（境）外的，不得报考；非公派原因曾六个月以上在国（境）外留学、工作、生活的，不得报考。
5．提供集体宿舍；可为符合条件人员办理集体户口；工资待遇按人民警察标准执行，享受加班补贴和值勤岗位津贴；有固定的探亲假和休假安排。 
6．须服从二次分配。
7．在本单位最低服务年限五年（含试用期）。
8．请考生及时关注“移民管理警察招考小助手”微信小程序发布的报考信息。","https://www.xuanhan.gov.cn/xxgk-show-77635.html#164108-300130001009","2023-10-15","{""dataset_year"":2024,""job_uid"":""GOV-2024-164108-300130001009"",""publisher"":""国家公务员局"",""publication_page"":""https://www.xuanhan.gov.cn/xxgk-show-77635.html"",""attachment_url"":""https://www.xuanhan.gov.cn/uploadfile/1/Attachment/638fdecf51.zip"",""local_source_file"":""中央机关及其直属机构2024年度考试录用公务员招考简章.xls"",""local_source_sha256"":""a1741b99dbecd6d03e533f99f2d69b0fa5a79733e551b80af69986ceed2ad996"",""source_sheet"":""中央国家行政机关省级以下直属机构"",""filter_version"":""government_tech_v2"",""tech_filter"":{""is_tech"":true,""is_core_tech"":true,""scope"":""core"",""categories"":[""computer_software"",""cybersecurity_cryptography"",""data_ai"",""electronics_communication""],""matched_fields"":[""major"",""description""],""major_terms"":[""信息安全"",""电子信息"",""电子信息工程"",""电子科学与技术"",""网络工程"",""网络空间安全"",""计算机"",""计算机科学与技术"",""软件工程"",""通信工程""],""role_terms"":[""数据分析""],""reason"":""tech_major_and_role""},""original"":{""部门代码"":""164108"",""部门名称"":""海口出入境边防检查总站"",""用人司局"":""海口出入境边防检查总站"",""机构性质"":""中央国家行政机关省级以下直属机构"",""招考职位"":""洋浦边检站一级警长及以下（五）"",""职位属性"":""公安机关人民警察职位"",""职位分布"":""其他职位"",""职位简介"":""属公安机关人民警察，从事出入境边防检查、巡查、监护以及数据分析核查、通信保障等工作。"",""职位代码"":""300130001009"",""机构层级"":""市（地）级"",""考试类别"":""行政执法类"",""招考人数"":""2"",""专业"":""电子信息工程、电子科学与技术、通信工程、信息工程、电子信息科学与技术、计算机科学与技术、软件工程、网络工程、信息安全、电子与计算机工程、网络空间安全、生物技术"",""学历"":""本科及以上"",""学位"":""与最高学历相对应的学位"",""政治面貌"":""中共党员或共青团员"",""基层工作最低年限"":""无限制"",""服务基层项目工作经历"":""无限制"",""是否在面试阶段组织专业能力测试"":""否"",""面试人员比例"":""3:1"",""工作地点"":""海南省儋州市"",""落户地点"":""海南省儋州市"",""备注"":""1．限2024届高校毕业生报考（高等学历教育各阶段均需取得相应学历和学位）。\n2．按《公务员录用体检特殊标准（试行）》进行体检，对《公务员录用体检特殊标准（试行）》未作规定的项目，按《公务员录用体检通用标准（试行）》执行，视力标准可询招录单位。\n3．按《公安机关录用人民警察体能测评项目和标准（暂行）》进行体能测评。\n4．按《公安机关录用人民警察政治考察工作办法》开展考察。具有《公安机关录用人民警察政治考察工作办法》第八条、第九条情形的，不得报考；父母、配偶或子女已移居国（境）外的，不得报考；非公派原因曾六个月以上在国（境）外留学、工作、生活的，不得报考。\n5．提供集体宿舍；可为符合条件人员办理集体户口；工资待遇按人民警察标准执行，享受加班补贴和值勤岗位津贴；有固定的探亲假和休假安排。 \n6．须服从二次分配。\n7．在本单位最低服务年限五年（含试用期）。\n8．请考生及时关注“移民管理警察招考小助手”微信小程序发布的报考信息。"",""部门网站"":""https://rczk.nia.gov.cn"",""咨询电话1"":""0898-66195525"",""咨询电话2"":""0898-66195522"",""咨询电话3"":"""",""来源Sheet"":""中央国家行政机关省级以下直属机构""}}"
"government_jobs","国家公务员2024招考简章","公务员/事业单位技术岗位","海南省儋州市","2026-07-28T09:12:58.310295+00:00","洋浦边检站一级警长及以下（八）","海口出入境边防检查总站","","海南省儋州市","公务员/事业单位;2024;computer_software;data_ai;electronics_communication;仅限硕士研究生;硕士;信息与信息系统、计算机科学与技术（一级学科）、通信工程、计算机技术、软件工程、会计学、会计、审计;行政执法类","用人司局：海口出入境边防检查总站
职位简介：属公安机关人民警察，从事出入境边防检查、巡查、监护以及数据分析核查、通信保障等工作。
专业要求：信息与信息系统、计算机科学与技术（一级学科）、通信工程、计算机技术、软件工程、会计学、会计、审计
学历要求：仅限硕士研究生
学位要求：硕士
政治面貌：中共党员或共青团员
基层工作经历：无限制
考试类别：行政执法类
备注：1．限应届高校毕业生报考（高等学历教育各阶段均需取得相应学历和学位）。
2．按《公务员录用体检特殊标准（试行）》进行体检，对《公务员录用体检特殊标准（试行）》未作规定的项目，按《公务员录用体检通用标准（试行）》执行，视力标准可询招录单位。
3．按《公安机关录用人民警察体能测评项目和标准（暂行）》进行体能测评。
4．按《公安机关录用人民警察政治考察工作办法》开展考察。具有《公安机关录用人民警察政治考察工作办法》第八条、第九条情形的，不得报考；父母、配偶或子女已移居国（境）外的，不得报考；非公派原因曾六个月以上在国（境）外留学、工作、生活的，不得报考。
5．提供集体宿舍；可为符合条件人员办理集体户口；工资待遇按人民警察标准执行，享受加班补贴和值勤岗位津贴；有固定的探亲假和休假安排。 
6．须服从二次分配。
7．在本单位最低服务年限五年（含试用期）。
8．请考生及时关注“移民管理警察招考小助手”微信小程序发布的报考信息。","https://www.xuanhan.gov.cn/xxgk-show-77635.html#164108-300130001014","2023-10-15","{""dataset_year"":2024,""job_uid"":""GOV-2024-164108-300130001014"",""publisher"":""国家公务员局"",""publication_page"":""https://www.xuanhan.gov.cn/xxgk-show-77635.html"",""attachment_url"":""https://www.xuanhan.gov.cn/uploadfile/1/Attachment/638fdecf51.zip"",""local_source_file"":""中央机关及其直属机构2024年度考试录用公务员招考简章.xls"",""local_source_sha256"":""a1741b99dbecd6d03e533f99f2d69b0fa5a79733e551b80af69986ceed2ad996"",""source_sheet"":""中央国家行政机关省级以下直属机构"",""filter_version"":""government_tech_v2"",""tech_filter"":{""is_tech"":true,""is_core_tech"":true,""scope"":""core"",""categories"":[""computer_software"",""data_ai"",""electronics_communication""],""matched_fields"":[""major"",""description""],""major_terms"":[""计算机技术"",""计算机科学与技术"",""软件工程"",""通信工程""],""role_terms"":[""数据分析""],""reason"":""tech_major_and_role""},""original"":{""部门代码"":""164108"",""部门名称"":""海口出入境边防检查总站"",""用人司局"":""海口出入境边防检查总站"",""机构性质"":""中央国家行政机关省级以下直属机构"",""招考职位"":""洋浦边检站一级警长及以下（八）"",""职位属性"":""公安机关人民警察职位"",""职位分布"":""其他职位"",""职位简介"":""属公安机关人民警察，从事出入境边防检查、巡查、监护以及数据分析核查、通信保障等工作。"",""职位代码"":""300130001014"",""机构层级"":""市（地）级"",""考试类别"":""行政执法类"",""招考人数"":""2"",""专业"":""信息与信息系统、计算机科学与技术（一级学科）、通信工程、计算机技术、软件工程、会计学、会计、审计"",""学历"":""仅限硕士研究生"",""学位"":""硕士"",""政治面貌"":""中共党员或共青团员"",""基层工作最低年限"":""无限制"",""服务基层项目工作经历"":""无限制"",""是否在面试阶段组织专业能力测试"":""否"",""面试人员比例"":""3:1"",""工作地点"":""海南省儋州市"",""落户地点"":""海南省儋州市"",""备注"":""1．限应届高校毕业生报考（高等学历教育各阶段均需取得相应学历和学位）。\n2．按《公务员录用体检特殊标准（试行）》进行体检，对《公务员录用体检特殊标准（试行）》未作规定的项目，按《公务员录用体检通用标准（试行）》执行，视力标准可询招录单位。\n3．按《公安机关录用人民警察体能测评项目和标准（暂行）》进行体能测评。\n4．按《公安机关录用人民警察政治考察工作办法》开展考察。具有《公安机关录用人民警察政治考察工作办法》第八条、第九条情形的，不得报考；父母、配偶或子女已移居国（境）外的，不得报考；非公派原因曾六个月以上在国（境）外留学、工作、生活的，不得报考。\n5．提供集体宿舍；可为符合条件人员办理集体户口；工资待遇按人民警察标准执行，享受加班补贴和值勤岗位津贴；有固定的探亲假和休假安排。 \n6．须服从二次分配。\n7．在本单位最低服务年限五年（含试用期）。\n8．请考生及时关注“移民管理警察招考小助手”微信小程序发布的报考信息。"",""部门网站"":""https://rczk.nia.gov.cn"",""咨询电话1"":""0898-66195525"",""咨询电话2"":""0898-66195522"",""咨询电话3"":"""",""来源Sheet"":""中央国家行政机关省级以下直属机构""}}"
"government_jobs","国家公务员2024招考简章","公务员/事业单位技术岗位","内蒙古自治区呼伦贝尔市满洲里市","2026-07-28T09:12:58.310295+00:00","满洲里出入境边防检查站一级警长及以下（三）","内蒙古出入境边防检查总站","","内蒙古自治区呼伦贝尔市满洲里市","公务员/事业单位;2024;computer_software;仅限本科;学士;080906数字媒体技术;行政执法类","用人司局：内蒙古出入境边防检查总站
职位简介：属于公安机关人民警察，从事出入境检查、新媒体宣传等工作；长期驻守口岸。每年有固定探亲假和休假安排；薪资按照人民警察待遇标准执行。
专业要求：080906数字媒体技术
学历要求：仅限本科
学位要求：学士
政治面貌：中共党员或共青团员
基层工作经历：无限制
考试类别：行政执法类
备注：1.应届高校毕业生（高等教育各阶段均需取得相应学历学位）。
2.按《公务员录用体检特殊标准（试行）》进行体检，对《公务员录用体检特殊标准（试行）》未做规定的项目，按照《公务员录用体检通用标准（试行）》执行，视力标准可询招录单位。
3.按《公安机关录用人民警察体能检测项目和标准（暂行）》进行体能测评。
4.按《公安机关录用人民警察政治考察工作办法》开展考察。具有《公安机关录用人民警察政治考察工作办法》第八条、第九条情形的，不得报考；父母、配偶或子女已移居国（境）外的，不得报考；非公派原因曾六个月以上在国（境）外留学、工作、生活的，不得报考。
5.大学英语四级425分及以上，全国计算机等级考试二级合格。
6.限呼伦贝尔市户籍生源报考职位。
7.请考生及时关注“移民管理警察招考小助手”微信小程序发布的报考信息。","https://www.xuanhan.gov.cn/xxgk-show-77635.html#164112-300130860004","2023-10-15","{""dataset_year"":2024,""job_uid"":""GOV-2024-164112-300130860004"",""publisher"":""国家公务员局"",""publication_page"":""https://www.xuanhan.gov.cn/xxgk-show-77635.html"",""attachment_url"":""https://www.xuanhan.gov.cn/uploadfile/1/Attachment/638fdecf51.zip"",""local_source_file"":""中央机关及其直属机构2024年度考试录用公务员招考简章.xls"",""local_source_sha256"":""a1741b99dbecd6d03e533f99f2d69b0fa5a79733e551b80af69986ceed2ad996"",""source_sheet"":""中央国家行政机关省级以下直属机构"",""filter_version"":""government_tech_v2"",""tech_filter"":{""is_tech"":true,""is_core_tech"":true,""scope"":""core"",""categories"":[""computer_software""],""matched_fields"":[""major"",""remarks""],""major_terms"":[""数字媒体技术""],""role_terms"":[""计算机""],""reason"":""tech_major_and_role""},""original"":{""部门代码"":""164112"",""部门名称"":""内蒙古出入境边防检查总站"",""用人司局"":""内蒙古出入境边防检查总站"",""机构性质"":""中央国家行政机关省级以下直属机构"",""招考职位"":""满洲里出入境边防检查站一级警长及以下（三）"",""职位属性"":""公安机关人民警察职位"",""职位分布"":""西部地区和艰苦边远地区职位"",""职位简介"":""属于公安机关人民警察，从事出入境检查、新媒体宣传等工作；长期驻守口岸。每年有固定探亲假和休假安排；薪资按照人民警察待遇标准执行。"",""职位代码"":""300130860004"",""机构层级"":""市（地）级"",""考试类别"":""行政执法类"",""招考人数"":""1"",""专业"":""080906数字媒体技术"",""学历"":""仅限本科"",""学位"":""学士"",""政治面貌"":""中共党员或共青团员"",""基层工作最低年限"":""无限制"",""服务基层项目工作经历"":""无限制"",""是否在面试阶段组织专业能力测试"":""否"",""面试人员比例"":""3:1"",""工作地点"":""内蒙古自治区呼伦贝尔市满洲里市"",""落户地点"":""内蒙古自治区呼伦贝尔市满洲里市"",""备注"":""1.应届高校毕业生（高等教育各阶段均需取得相应学历学位）。\n2.按《公务员录用体检特殊标准（试行）》进行体检，对《公务员录用体检特殊标准（试行）》未做规定的项目，按照《公务员录用体检通用标准（试行）》执行，视力标准可询招录单位。\n3.按《公安机关录用人民警察体能检测项目和标准（暂行）》进行体能测评。\n4.按《公安机关录用人民警察政治考察工作办法》开展考察。具有《公安机关录用人民警察政治考察工作办法》第八条、第九条情形的，不得报考；父母、配偶或子女已移居国（境）外的，不得报考；非公派原因曾六个月以上在国（境）外留学、工作、生活的，不得报考。\n5.大学英语四级425分及以上，全国计算机等级考试二级合格。\n6.限呼伦贝尔市户籍生源报考职位。\n7.请考生及时关注“移民管理警察招考小助手”微信小程序发布的报考信息。"",""部门网站"":""https://rczk.nia.gov.cn"",""咨询电话1"":""04713384433-5818"",""咨询电话2"":"""",""咨询电话3"":"""",""来源Sheet"":""中央国家行政机关省级以下直属机构""}}"
"government_jobs","国家公务员2024招考简章","公务员/事业单位技术岗位","内蒙古自治区呼伦贝尔市满洲里市","2026-07-28T09:12:58.310295+00:00","满洲里出入境边防检查站警务技术一级主管及以下","内蒙古出入境边防检查总站","","内蒙古自治区呼伦贝尔市满洲里市","公务员/事业单位;2024;computer_software;data_ai;electronics_communication;硕士研究生及以上;与最高学历相对应的学位;0775计算机科学与技术、0810信息与通信工程、0812计算机科学与技术、0835软件工程、0252应用统计、0270统计学、0714统计学;市（地）级及以下直属机构综合管理类","用人司局：内蒙古出入境边防检查总站
职位简介：属于公安机关人民警察，从事出入境检查、大数据统计、信息化运维等工作；长期驻守口岸。每年有固定探亲假和休假安排；薪资按照人民警察待遇标准执行。
专业要求：0775计算机科学与技术、0810信息与通信工程、0812计算机科学与技术、0835软件工程、0252应用统计、0270统计学、0714统计学
学历要求：硕士研究生及以上
学位要求：与最高学历相对应的学位
政治面貌：中共党员或共青团员
基层工作经历：无限制
考试类别：市（地）级及以下直属机构综合管理类
备注：1.应届高校毕业生、社会在职人员或待业人员（高等教育各阶段均需取得相应学历学位）。
2.按《公务员录用体检特殊标准（试行）》进行体检，对《公务员录用体检特殊标准（试行）》未做规定的项目，按照《公务员录用体检通用标准（试行）》执行，视力标准可询招录单位。
3.按《公安机关录用人民警察体能检测项目和标准（暂行）》进行体能测评。
4.按《公安机关录用人民警察政治考察工作办法》开展考察。具有《公安机关录用人民警察政治考察工作办法》第八条、第九条情形的，不得报考；父母、配偶或子女已移居国（境）外的，不得报考；非公派原因曾六个月以上在国（境）外留学、工作、生活的，不得报考。
5.限招男性。
6.限内蒙古自治区户籍生源报考职位。
7.请考生及时关注“移民管理警察招考小助手”微信小程序发布的报考信息。","https://www.xuanhan.gov.cn/xxgk-show-77635.html#164112-300130860005","2023-10-15","{""dataset_year"":2024,""job_uid"":""GOV-2024-164112-300130860005"",""publisher"":""国家公务员局"",""publication_page"":""https://www.xuanhan.gov.cn/xxgk-show-77635.html"",""attachment_url"":""https://www.xuanhan.gov.cn/uploadfile/1/Attachment/638fdecf51.zip"",""local_source_file"":""中央机关及其直属机构2024年度考试录用公务员招考简章.xls"",""local_source_sha256"":""a1741b99dbecd6d03e533f99f2d69b0fa5a79733e551b80af69986ceed2ad996"",""source_sheet"":""中央国家行政机关省级以下直属机构"",""filter_version"":""government_tech_v2"",""tech_filter"":{""is_tech"":true,""is_core_tech"":true,""scope"":""core"",""categories"":[""computer_software"",""data_ai"",""electronics_communication""],""matched_fields"":[""major"",""description""],""major_terms"":[""信息与通信工程"",""计算机科学与技术"",""软件工程"",""通信工程""],""role_terms"":[""信息化"",""大数据""],""reason"":""tech_major_and_role""},""original"":{""部门代码"":""164112"",""部门名称"":""内蒙古出入境边防检查总站"",""用人司局"":""内蒙古出入境边防检查总站"",""机构性质"":""中央国家行政机关省级以下直属机构"",""招考职位"":""满洲里出入境边防检查站警务技术一级主管及以下"",""职位属性"":""公安机关人民警察职位"",""职位分布"":""西部地区和艰苦边远地区职位"",""职位简介"":""属于公安机关人民警察，从事出入境检查、大数据统计、信息化运维等工作；长期驻守口岸。每年有固定探亲假和休假安排；薪资按照人民警察待遇标准执行。"",""职位代码"":""300130860005"",""机构层级"":""市（地）级"",""考试类别"":""市（地）级及以下直属机构综合管理类"",""招考人数"":""1"",""专业"":""0775计算机科学与技术、0810信息与通信工程、0812计算机科学与技术、0835软件工程、0252应用统计、0270统计学、0714统计学"",""学历"":""硕士研究生及以上"",""学位"":""与最高学历相对应的学位"",""政治面貌"":""中共党员或共青团员"",""基层工作最低年限"":""无限制"",""服务基层项目工作经历"":""无限制"",""是否在面试阶段组织专业能力测试"":""否"",""面试人员比例"":""3:1"",""工作地点"":""内蒙古自治区呼伦贝尔市满洲里市"",""落户地点"":""内蒙古自治区呼伦贝尔市满洲里市"",""备注"":""1.应届高校毕业生、社会在职人员或待业人员（高等教育各阶段均需取得相应学历学位）。\n2.按《公务员录用体检特殊标准（试行）》进行体检，对《公务员录用体检特殊标准（试行）》未做规定的项目，按照《公务员录用体检通用标准（试行）》执行，视力标准可询招录单位。\n3.按《公安机关录用人民警察体能检测项目和标准（暂行）》进行体能测评。\n4.按《公安机关录用人民警察政治考察工作办法》开展考察。具有《公安机关录用人民警察政治考察工作办法》第八条、第九条情形的，不得报考；父母、配偶或子女已移居国（境）外的，不得报考；非公派原因曾六个月以上在国（境）外留学、工作、生活的，不得报考。\n5.限招男性。\n6.限内蒙古自治区户籍生源报考职位。\n7.请考生及时关注“移民管理警察招考小助手”微信小程序发布的报考信息。"",""部门网站"":""https://rczk.nia.gov.cn"",""咨询电话1"":""04713384433-5818"",""咨询电话2"":"""",""咨询电话3"":"""",""来源Sheet"":""中央国家行政机关省级以下直属机构""}}"
"government_jobs","国家公务员2024招考简章","公务员/事业单位技术岗位","内蒙古自治区锡林郭勒盟二连浩特市","2026-07-28T09:12:58.310295+00:00","二连出入境边防检查站警务技术一级主管及以下","内蒙古出入境边防检查总站","","内蒙古自治区锡林郭勒盟二连浩特市","公务员/事业单位;2024;computer_software;data_ai;electronics_communication;硕士研究生及以上;与最高学历相对应的学位;0775计算机科学与技术、0810信息与通信工程、0812计算机科学与技术、0835软件工程、0252应用统计、0270统计学、0714统计学;市（地）级及以下直属机构综合管理类","用人司局：内蒙古出入境边防检查总站
职位简介：属于公安机关人民警察，从事出入境检查、大数据统计、信息化运维等工作；长期驻守口岸。每年有固定探亲假和休假安排；薪资按照人民警察待遇标准执行。
专业要求：0775计算机科学与技术、0810信息与通信工程、0812计算机科学与技术、0835软件工程、0252应用统计、0270统计学、0714统计学
学历要求：硕士研究生及以上
学位要求：与最高学历相对应的学位
政治面貌：中共党员或共青团员
基层工作经历：无限制
考试类别：市（地）级及以下直属机构综合管理类
备注：1.应届高校毕业生、社会在职人员或待业人员（高等教育各阶段均需取得相应学历学位）。
2.按《公务员录用体检特殊标准（试行）》进行体检，对《公务员录用体检特殊标准（试行）》未做规定的项目，按照《公务员录用体检通用标准（试行）》执行，视力标准可询招录单位。
3.按《公安机关录用人民警察体能检测项目和标准（暂行）》进行体能测评。
4.按《公安机关录用人民警察政治考察工作办法》开展考察。具有《公安机关录用人民警察政治考察工作办法》第八条、第九条情形的，不得报考；父母、配偶或子女已移居国（境）外的，不得报考；非公派原因曾六个月以上在国（境）外留学、工作、生活的，不得报考。
6.请考生及时关注“移民管理警察招考小助手”微信小程序发布的报考信息。","https://www.xuanhan.gov.cn/xxgk-show-77635.html#164112-300130860010","2023-10-15","{""dataset_year"":2024,""job_uid"":""GOV-2024-164112-300130860010"",""publisher"":""国家公务员局"",""publication_page"":""https://www.xuanhan.gov.cn/xxgk-show-77635.html"",""attachment_url"":""https://www.xuanhan.gov.cn/uploadfile/1/Attachment/638fdecf51.zip"",""local_source_file"":""中央机关及其直属机构2024年度考试录用公务员招考简章.xls"",""local_source_sha256"":""a1741b99dbecd6d03e533f99f2d69b0fa5a79733e551b80af69986ceed2ad996"",""source_sheet"":""中央国家行政机关省级以下直属机构"",""filter_version"":""government_tech_v2"",""tech_filter"":{""is_tech"":true,""is_core_tech"":true,""scope"":""core"",""categories"":[""computer_software"",""data_ai"",""electronics_communication""],""matched_fields"":[""major"",""description""],""major_terms"":[""信息与通信工程"",""计算机科学与技术"",""软件工程"",""通信工程""],""role_terms"":[""信息化"",""大数据""],""reason"":""tech_major_and_role""},""original"":{""部门代码"":""164112"",""部门名称"":""内蒙古出入境边防检查总站"",""用人司局"":""内蒙古出入境边防检查总站"",""机构性质"":""中央国家行政机关省级以下直属机构"",""招考职位"":""二连出入境边防检查站警务技术一级主管及以下"",""职位属性"":""公安机关人民警察职位"",""职位分布"":""西部地区和艰苦边远地区职位"",""职位简介"":""属于公安机关人民警察，从事出入境检查、大数据统计、信息化运维等工作；长期驻守口岸。每年有固定探亲假和休假安排；薪资按照人民警察待遇标准执行。"",""职位代码"":""300130860010"",""机构层级"":""市（地）级"",""考试类别"":""市（地）级及以下直属机构综合管理类"",""招考人数"":""1"",""专业"":""0775计算机科学与技术、0810信息与通信工程、0812计算机科学与技术、0835软件工程、0252应用统计、0270统计学、0714统计学"",""学历"":""硕士研究生及以上"",""学位"":""与最高学历相对应的学位"",""政治面貌"":""中共党员或共青团员"",""基层工作最低年限"":""无限制"",""服务基层项目工作经历"":""无限制"",""是否在面试阶段组织专业能力测试"":""否"",""面试人员比例"":""3:1"",""工作地点"":""内蒙古自治区锡林郭勒盟二连浩特市"",""落户地点"":""内蒙古自治区锡林郭勒盟二连浩特市"",""备注"":""1.应届高校毕业生、社会在职人员或待业人员（高等教育各阶段均需取得相应学历学位）。\n2.按《公务员录用体检特殊标准（试行）》进行体检，对《公务员录用体检特殊标准（试行）》未做规定的项目，按照《公务员录用体检通用标准（试行）》执行，视力标准可询招录单位。\n3.按《公安机关录用人民警察体能检测项目和标准（暂行）》进行体能测评。\n4.按《公安机关录用人民警察政治考察工作办法》开展考察。具有《公安机关录用人民警察政治考察工作办法》第八条、第九条情形的，不得报考；父母、配偶或子女已移居国（境）外的，不得报考；非公派原因曾六个月以上在国（境）外留学、工作、生活的，不得报考。\n6.请考生及时关注“移民管理警察招考小助手”微信小程序发布的报考信息。"",""部门网站"":""https://rczk.nia.gov.cn"",""咨询电话1"":""04713384433-5818"",""咨询电话2"":"""",""咨询电话3"":"""",""来源Sheet"":""中央国家行政机关省级以下直属机构""}}"
"government_jobs","国家公务员2024招考简章","公务员/事业单位技术岗位","内蒙古自治区阿拉善盟额济纳旗","2026-07-28T09:12:58.310295+00:00","策克出入境边防检查站警务技术一级主管及以下","内蒙古出入境边防检查总站","","内蒙古自治区阿拉善盟额济纳旗","公务员/事业单位;2024;computer_software;data_ai;electronics_communication;大专及以上;与最高学历相对应的学位;研究生专业：0775计算机科学与技术、0810信息与通信工程、0812计算机科学与技术、0835软件工程、0252应用统计。本科专业：0809计算机类。专科专业：5101电子信息类、5102计算机类、5103通信类;市（地）级及以下直属机构综合管理类","用人司局：内蒙古出入境边防检查总站
职位简介：属于公安机关人民警察，从事边境管理、大数据统计、信息化运维等工作；长期驻守口岸。每年有固定探亲假和休假安排；薪资按照人民警察待遇标准执行。
专业要求：研究生专业：0775计算机科学与技术、0810信息与通信工程、0812计算机科学与技术、0835软件工程、0252应用统计。本科专业：0809计算机类。专科专业：5101电子信息类、5102计算机类、5103通信类
学历要求：大专及以上
学位要求：与最高学历相对应的学位
政治面貌：中共党员或共青团员
基层工作经历：无限制
考试类别：市（地）级及以下直属机构综合管理类
备注：1.应届高校毕业生（高等教育各阶段均需取得相应学历学位）。
2.按《公务员录用体检特殊标准（试行）》进行体检，对《公务员录用体检特殊标准（试行）》未做规定的项目，按照《公务员录用体检通用标准（试行）》执行，视力标准可询招录单位。
3.按《公安机关录用人民警察体能检测项目和标准（暂行）》进行体能测评。
4.按《公安机关录用人民警察政治考察工作办法》开展考察。具有《公安机关录用人民警察政治考察工作办法》第八条、第九条情形的，不得报考；父母、配偶或子女已移居国（境）外的，不得报考；非公派原因曾六个月以上在国（境）外留学、工作、生活的，不得报考。
6.请考生及时关注“移民管理警察招考小助手”微信小程序发布的报考信息。","https://www.xuanhan.gov.cn/xxgk-show-77635.html#164112-300130860015","2023-10-15","{""dataset_year"":2024,""job_uid"":""GOV-2024-164112-300130860015"",""publisher"":""国家公务员局"",""publication_page"":""https://www.xuanhan.gov.cn/xxgk-show-77635.html"",""attachment_url"":""https://www.xuanhan.gov.cn/uploadfile/1/Attachment/638fdecf51.zip"",""local_source_file"":""中央机关及其直属机构2024年度考试录用公务员招考简章.xls"",""local_source_sha256"":""a1741b99dbecd6d03e533f99f2d69b0fa5a79733e551b80af69986ceed2ad996"",""source_sheet"":""中央国家行政机关省级以下直属机构"",""filter_version"":""government_tech_v2"",""tech_filter"":{""is_tech"":true,""is_core_tech"":true,""scope"":""core"",""categories"":[""computer_software"",""data_ai"",""electronics_communication""],""matched_fields"":[""major"",""description""],""major_terms"":[""信息与通信工程"",""电子信息类"",""计算机科学与技术"",""计算机类"",""软件工程"",""通信工程""],""role_terms"":[""信息化"",""大数据""],""reason"":""tech_major_and_role""},""original"":{""部门代码"":""164112"",""部门名称"":""内蒙古出入境边防检查总站"",""用人司局"":""内蒙古出入境边防检查总站"",""机构性质"":""中央国家行政机关省级以下直属机构"",""招考职位"":""策克出入境边防检查站警务技术一级主管及以下"",""职位属性"":""公安机关人民警察职位"",""职位分布"":""西部地区和艰苦边远地区职位"",""职位简介"":""属于公安机关人民警察，从事边境管理、大数据统计、信息化运维等工作；长期驻守口岸。每年有固定探亲假和休假安排；薪资按照人民警察待遇标准执行。"",""职位代码"":""300130860015"",""机构层级"":""市（地）级"",""考试类别"":""市（地）级及以下直属机构综合管理类"",""招考人数"":""2"",""专业"":""研究生专业：0775计算机科学与技术、0810信息与通信工程、0812计算机科学与技术、0835软件工程、0252应用统计。本科专业：0809计算机类。专科专业：5101电子信息类、5102计算机类、5103通信类"",""学历"":""大专及以上"",""学位"":""与最高学历相对应的学位"",""政治面貌"":""中共党员或共青团员"",""基层工作最低年限"":""无限制"",""服务基层项目工作经历"":""无限制"",""是否在面试阶段组织专业能力测试"":""否"",""面试人员比例"":""3:1"",""工作地点"":""内蒙古自治区阿拉善盟额济纳旗"",""落户地点"":""内蒙古自治区阿拉善盟额济纳旗"",""备注"":""1.应届高校毕业生（高等教育各阶段均需取得相应学历学位）。\n2.按《公务员录用体检特殊标准（试行）》进行体检，对《公务员录用体检特殊标准（试行）》未做规定的项目，按照《公务员录用体检通用标准（试行）》执行，视力标准可询招录单位。\n3.按《公安机关录用人民警察体能检测项目和标准（暂行）》进行体能测评。\n4.按《公安机关录用人民警察政治考察工作办法》开展考察。具有《公安机关录用人民警察政治考察工作办法》第八条、第九条情形的，不得报考；父母、配偶或子女已移居国（境）外的，不得报考；非公派原因曾六个月以上在国（境）外留学、工作、生活的，不得报考。\n6.请考生及时关注“移民管理警察招考小助手”微信小程序发布的报考信息。"",""部门网站"":""https://rczk.nia.gov.cn"",""咨询电话1"":""04713384433-5818"",""咨询电话2"":"""",""咨询电话3"":"""",""来源Sheet"":""中央国家行政机关省级以下直属机构""}}"
"government_jobs","国家公务员2024招考简章","公务员/事业单位技术岗位","内蒙古自治区呼伦贝尔市满洲里市","2026-07-28T09:12:58.310295+00:00","阿日哈沙特出入境边防检查站警务技术一级主管及以下","内蒙古出入境边防检查总站","","内蒙古自治区呼伦贝尔市满洲里市","公务员/事业单位;2024;computer_software;data_ai;electronics_communication;硕士研究生及以上;与最高学历相对应的学位;0775计算机科学与技术、0810信息与通信工程、0812计算机科学与技术、0835软件工程、0252应用统计、0270统计学、0714统计学;市（地）级及以下直属机构综合管理类","用人司局：内蒙古出入境边防检查总站
职位简介：属于公安机关人民警察，从事出入境检查、大数据统计、信息化运维等工作；长期驻守口岸。每年有固定探亲假和休假安排；薪资按照人民警察待遇标准执行。
专业要求：0775计算机科学与技术、0810信息与通信工程、0812计算机科学与技术、0835软件工程、0252应用统计、0270统计学、0714统计学
学历要求：硕士研究生及以上
学位要求：与最高学历相对应的学位
政治面貌：中共党员或共青团员
基层工作经历：无限制
考试类别：市（地）级及以下直属机构综合管理类
备注：1.应届高校毕业生、社会在职人员或待业人员（高等教育各阶段均需取得相应学历学位）。
2.按《公务员录用体检特殊标准（试行）》进行体检，对《公务员录用体检特殊标准（试行）》未做规定的项目，按照《公务员录用体检通用标准（试行）》执行，视力标准可询招录单位。
3.按《公安机关录用人民警察体能检测项目和标准（暂行）》进行体能测评。
4.按《公安机关录用人民警察政治考察工作办法》开展考察。具有《公安机关录用人民警察政治考察工作办法》第八条、第九条情形的，不得报考；父母、配偶或子女已移居国（境）外的，不得报考；非公派原因曾六个月以上在国（境）外留学、工作、生活的，不得报考。
6.请考生及时关注“移民管理警察招考小助手”微信小程序发布的报考信息。","https://www.xuanhan.gov.cn/xxgk-show-77635.html#164112-300130860020","2023-10-15","{""dataset_year"":2024,""job_uid"":""GOV-2024-164112-300130860020"",""publisher"":""国家公务员局"",""publication_page"":""https://www.xuanhan.gov.cn/xxgk-show-77635.html"",""attachment_url"":""https://www.xuanhan.gov.cn/uploadfile/1/Attachment/638fdecf51.zip"",""local_source_file"":""中央机关及其直属机构2024年度考试录用公务员招考简章.xls"",""local_source_sha256"":""a1741b99dbecd6d03e533f99f2d69b0fa5a79733e551b80af69986ceed2ad996"",""source_sheet"":""中央国家行政机关省级以下直属机构"",""filter_version"":""government_tech_v2"",""tech_filter"":{""is_tech"":true,""is_core_tech"":true,""scope"":""core"",""categories"":[""computer_software"",""data_ai"",""electronics_communication""],""matched_fields"":[""major"",""description""],""major_terms"":[""信息与通信工程"",""计算机科学与技术"",""软件工程"",""通信工程""],""role_terms"":[""信息化"",""大数据""],""reason"":""tech_major_and_role""},""original"":{""部门代码"":""164112"",""部门名称"":""内蒙古出入境边防检查总站"",""用人司局"":""内蒙古出入境边防检查总站"",""机构性质"":""中央国家行政机关省级以下直属机构"",""招考职位"":""阿日哈沙特出入境边防检查站警务技术一级主管及以下"",""职位属性"":""公安机关人民警察职位"",""职位分布"":""西部地区和艰苦边远地区职位"",""职位简介"":""属于公安机关人民警察，从事出入境检查、大数据统计、信息化运维等工作；长期驻守口岸。每年有固定探亲假和休假安排；薪资按照人民警察待遇标准执行。"",""职位代码"":""300130860020"",""机构层级"":""市（地）级"",""考试类别"":""市（地）级及以下直属机构综合管理类"",""招考人数"":""1"",""专业"":""0775计算机科学与技术、0810信息与通信工程、0812计算机科学与技术、0835软件工程、0252应用统计、0270统计学、0714统计学"",""学历"":""硕士研究生及以上"",""学位"":""与最高学历相对应的学位"",""政治面貌"":""中共党员或共青团员"",""基层工作最低年限"":""无限制"",""服务基层项目工作经历"":""无限制"",""是否在面试阶段组织专业能力测试"":""否"",""面试人员比例"":""3:1"",""工作地点"":""内蒙古自治区呼伦贝尔市满洲里市"",""落户地点"":""内蒙古自治区呼伦贝尔市满洲里市"",""备注"":""1.应届高校毕业生、社会在职人员或待业人员（高等教育各阶段均需取得相应学历学位）。\n2.按《公务员录用体检特殊标准（试行）》进行体检，对《公务员录用体检特殊标准（试行）》未做规定的项目，按照《公务员录用体检通用标准（试行）》执行，视力标准可询招录单位。\n3.按《公安机关录用人民警察体能检测项目和标准（暂行）》进行体能测评。\n4.按《公安机关录用人民警察政治考察工作办法》开展考察。具有《公安机关录用人民警察政治考察工作办法》第八条、第九条情形的，不得报考；父母、配偶或子女已移居国（境）外的，不得报考；非公派原因曾六个月以上在国（境）外留学、工作、生活的，不得报考。\n6.请考生及时关注“移民管理警察招考小助手”微信小程序发布的报考信息。"",""部门网站"":""https://rczk.nia.gov.cn"",""咨询电话1"":""04713384433-5818"",""咨询电话2"":"""",""咨询电话3"":"""",""来源Sheet"":""中央国家行政机关省级以下直属机构""}}"
"government_jobs","国家公务员2024招考简章","公务员/事业单位技术岗位","内蒙古自治区呼伦贝尔市新巴尔虎左旗","2026-07-28T09:12:58.310295+00:00","额布都格出入境边防检查站警务技术一级主管及以下","内蒙古出入境边防检查总站","","内蒙古自治区呼伦贝尔市新巴尔虎左旗","公务员/事业单位;2024;computer_software;data_ai;electronics_communication;硕士研究生及以上;与最高学历相对应的学位;0775计算机科学与技术、0810信息与通信工程、0812计算机科学与技术、0835软件工程、0252应用统计、0270统计学、0714统计学;市（地）级及以下直属机构综合管理类","用人司局：内蒙古出入境边防检查总站
职位简介：属于公安机关人民警察，从事出入境检查、大数据统计、信息化运维等工作；长期驻守口岸。每年有固定探亲假和休假安排；薪资按照人民警察待遇标准执行。
专业要求：0775计算机科学与技术、0810信息与通信工程、0812计算机科学与技术、0835软件工程、0252应用统计、0270统计学、0714统计学
学历要求：硕士研究生及以上
学位要求：与最高学历相对应的学位
政治面貌：中共党员或共青团员
基层工作经历：无限制
考试类别：市（地）级及以下直属机构综合管理类
备注：1.应届高校毕业生、社会在职人员或待业人员（高等教育各阶段均需取得相应学历学位）。
2.按《公务员录用体检特殊标准（试行）》进行体检，对《公务员录用体检特殊标准（试行）》未做规定的项目，按照《公务员录用体检通用标准（试行）》执行，视力标准可询招录单位。
3.按《公安机关录用人民警察体能检测项目和标准（暂行）》进行体能测评。
4.按《公安机关录用人民警察政治考察工作办法》开展考察。具有《公安机关录用人民警察政治考察工作办法》第八条、第九条情形的，不得报考；父母、配偶或子女已移居国（境）外的，不得报考；非公派原因曾六个月以上在国（境）外留学、工作、生活的，不得报考。
6.请考生及时关注“移民管理警察招考小助手”微信小程序发布的报考信息。","https://www.xuanhan.gov.cn/xxgk-show-77635.html#164112-300130860023","2023-10-15","{""dataset_year"":2024,""job_uid"":""GOV-2024-164112-300130860023"",""publisher"":""国家公务员局"",""publication_page"":""https://www.xuanhan.gov.cn/xxgk-show-77635.html"",""attachment_url"":""https://www.xuanhan.gov.cn/uploadfile/1/Attachment/638fdecf51.zip"",""local_source_file"":""中央机关及其直属机构2024年度考试录用公务员招考简章.xls"",""local_source_sha256"":""a1741b99dbecd6d03e533f99f2d69b0fa5a79733e551b80af69986ceed2ad996"",""source_sheet"":""中央国家行政机关省级以下直属机构"",""filter_version"":""government_tech_v2"",""tech_filter"":{""is_tech"":true,""is_core_tech"":true,""scope"":""core"",""categories"":[""computer_software"",""data_ai"",""electronics_communication""],""matched_fields"":[""major"",""description""],""major_terms"":[""信息与通信工程"",""计算机科学与技术"",""软件工程"",""通信工程""],""role_terms"":[""信息化"",""大数据""],""reason"":""tech_major_and_role""},""original"":{""部门代码"":""164112"",""部门名称"":""内蒙古出入境边防检查总站"",""用人司局"":""内蒙古出入境边防检查总站"",""机构性质"":""中央国家行政机关省级以下直属机构"",""招考职位"":""额布都格出入境边防检查站警务技术一级主管及以下"",""职位属性"":""公安机关人民警察职位"",""职位分布"":""西部地区和艰苦边远地区职位"",""职位简介"":""属于公安机关人民警察，从事出入境检查、大数据统计、信息化运维等工作；长期驻守口岸。每年有固定探亲假和休假安排；薪资按照人民警察待遇标准执行。"",""职位代码"":""300130860023"",""机构层级"":""市（地）级"",""考试类别"":""市（地）级及以下直属机构综合管理类"",""招考人数"":""1"",""专业"":""0775计算机科学与技术、0810信息与通信工程、0812计算机科学与技术、0835软件工程、0252应用统计、0270统计学、0714统计学"",""学历"":""硕士研究生及以上"",""学位"":""与最高学历相对应的学位"",""政治面貌"":""中共党员或共青团员"",""基层工作最低年限"":""无限制"",""服务基层项目工作经历"":""无限制"",""是否在面试阶段组织专业能力测试"":""否"",""面试人员比例"":""3:1"",""工作地点"":""内蒙古自治区呼伦贝尔市新巴尔虎左旗"",""落户地点"":""内蒙古自治区呼伦贝尔市"",""备注"":""1.应届高校毕业生、社会在职人员或待业人员（高等教育各阶段均需取得相应学历学位）。\n2.按《公务员录用体检特殊标准（试行）》进行体检，对《公务员录用体检特殊标准（试行）》未做规定的项目，按照《公务员录用体检通用标准（试行）》执行，视力标准可询招录单位。\n3.按《公安机关录用人民警察体能检测项目和标准（暂行）》进行体能测评。\n4.按《公安机关录用人民警察政治考察工作办法》开展考察。具有《公安机关录用人民警察政治考察工作办法》第八条、第九条情形的，不得报考；父母、配偶或子女已移居国（境）外的，不得报考；非公派原因曾六个月以上在国（境）外留学、工作、生活的，不得报考。\n6.请考生及时关注“移民管理警察招考小助手”微信小程序发布的报考信息。"",""部门网站"":""https://rczk.nia.gov.cn"",""咨询电话1"":""04713384433-5818"",""咨询电话2"":"""",""咨询电话3"":"""",""来源Sheet"":""中央国家行政机关省级以下直属机构""}}"
"government_jobs","国家公务员2024招考简章","公务员/事业单位技术岗位","内蒙古自治区呼伦贝尔市","2026-07-28T09:12:58.310295+00:00","呼伦贝尔边境管理支队警务技术一级主管及以下","内蒙古出入境边防检查总站","","内蒙古自治区呼伦贝尔市","公务员/事业单位;2024;computer_software;data_ai;electronics_communication;硕士研究生及以上;与最高学历相对应的学位;0775计算机科学与技术、0810信息与通信工程、0812计算机科学与技术、0835软件工程、0252应用统计、0270统计学、0714统计学;市（地）级及以下直属机构综合管理类","用人司局：内蒙古出入境边防检查总站
职位简介：属于公安机关人民警察，从事出入境检查、大数据统计、信息化运维等工作；长期驻守口岸。每年有固定探亲假和休假安排；薪资按照人民警察待遇标准执行。
专业要求：0775计算机科学与技术、0810信息与通信工程、0812计算机科学与技术、0835软件工程、0252应用统计、0270统计学、0714统计学
学历要求：硕士研究生及以上
学位要求：与最高学历相对应的学位
政治面貌：中共党员或共青团员
基层工作经历：无限制
考试类别：市（地）级及以下直属机构综合管理类
备注：1.应届高校毕业生、社会在职人员或待业人员（高等教育各阶段均需取得相应学历学位）。
2.按《公务员录用体检特殊标准（试行）》进行体检，对《公务员录用体检特殊标准（试行）》未做规定的项目，按照《公务员录用体检通用标准（试行）》执行，视力标准可询招录单位。
3.按《公安机关录用人民警察体能检测项目和标准（暂行）》进行体能测评。
4.按《公安机关录用人民警察政治考察工作办法》开展考察。具有《公安机关录用人民警察政治考察工作办法》第八条、第九条情形的，不得报考；父母、配偶或子女已移居国（境）外的，不得报考；非公派原因曾六个月以上在国（境）外留学、工作、生活的，不得报考。
6.请考生及时关注“移民管理警察招考小助手”微信小程序发布的报考信息。","https://www.xuanhan.gov.cn/xxgk-show-77635.html#164112-300130860026","2023-10-15","{""dataset_year"":2024,""job_uid"":""GOV-2024-164112-300130860026"",""publisher"":""国家公务员局"",""publication_page"":""https://www.xuanhan.gov.cn/xxgk-show-77635.html"",""attachment_url"":""https://www.xuanhan.gov.cn/uploadfile/1/Attachment/638fdecf51.zip"",""local_source_file"":""中央机关及其直属机构2024年度考试录用公务员招考简章.xls"",""local_source_sha256"":""a1741b99dbecd6d03e533f99f2d69b0fa5a79733e551b80af69986ceed2ad996"",""source_sheet"":""中央国家行政机关省级以下直属机构"",""filter_version"":""government_tech_v2"",""tech_filter"":{""is_tech"":true,""is_core_tech"":true,""scope"":""core"",""categories"":[""computer_software"",""data_ai"",""electronics_communication""],""matched_fields"":[""major"",""description""],""major_terms"":[""信息与通信工程"",""计算机科学与技术"",""软件工程"",""通信工程""],""role_terms"":[""信息化"",""大数据""],""reason"":""tech_major_and_role""},""original"":{""部门代码"":""164112"",""部门名称"":""内蒙古出入境边防检查总站"",""用人司局"":""内蒙古出入境边防检查总站"",""机构性质"":""中央国家行政机关省级以下直属机构"",""招考职位"":""呼伦贝尔边境管理支队警务技术一级主管及以下"",""职位属性"":""公安机关人民警察职位"",""职位分布"":""西部地区和艰苦边远地区职位"",""职位简介"":""属于公安机关人民警察，从事出入境检查、大数据统计、信息化运维等工作；长期驻守口岸。每年有固定探亲假和休假安排；薪资按照人民警察待遇标准执行。"",""职位代码"":""300130860026"",""机构层级"":""市（地）级"",""考试类别"":""市（地）级及以下直属机构综合管理类"",""招考人数"":""2"",""专业"":""0775计算机科学与技术、0810信息与通信工程、0812计算机科学与技术、0835软件工程、0252应用统计、0270统计学、0714统计学"",""学历"":""硕士研究生及以上"",""学位"":""与最高学历相对应的学位"",""政治面貌"":""中共党员或共青团员"",""基层工作最低年限"":""无限制"",""服务基层项目工作经历"":""无限制"",""是否在面试阶段组织专业能力测试"":""否"",""面试人员比例"":""3:1"",""工作地点"":""内蒙古自治区呼伦贝尔市"",""落户地点"":""内蒙古自治区呼伦贝尔市"",""备注"":""1.应届高校毕业生、社会在职人员或待业人员（高等教育各阶段均需取得相应学历学位）。\n2.按《公务员录用体检特殊标准（试行）》进行体检，对《公务员录用体检特殊标准（试行）》未做规定的项目，按照《公务员录用体检通用标准（试行）》执行，视力标准可询招录单位。\n3.按《公安机关录用人民警察体能检测项目和标准（暂行）》进行体能测评。\n4.按《公安机关录用人民警察政治考察工作办法》开展考察。具有《公安机关录用人民警察政治考察工作办法》第八条、第九条情形的，不得报考；父母、配偶或子女已移居国（境）外的，不得报考；非公派原因曾六个月以上在国（境）外留学、工作、生活的，不得报考。\n6.请考生及时关注“移民管理警察招考小助手”微信小程序发布的报考信息。"",""部门网站"":""https://rczk.nia.gov.cn"",""咨询电话1"":""04713384433-5818"",""咨询电话2"":"""",""咨询电话3"":"""",""来源Sheet"":""中央国家行政机关省级以下直属机构""}}"
"government_jobs","国家公务员2024招考简章","公务员/事业单位技术岗位","内蒙古自治区阿拉善盟","2026-07-28T09:12:58.310295+00:00","阿拉善边境管理支队警务技术一级主管及以下","内蒙古出入境边防检查总站","","内蒙古自治区阿拉善盟","公务员/事业单位;2024;computer_software;data_ai;electronics_communication;大专及以上;与最高学历相对应的学位;研究生专业：0775计算机科学与技术、0810信息与通信工程、0812计算机科学与技术、0835软件工程、0252应用统计。本科专业：0809计算机类。专科专业：5101电子信息类、5102计算机类、5103通信类;市（地）级及以下直属机构综合管理类","用人司局：内蒙古出入境边防检查总站
职位简介：属于公安机关人民警察，从事边境管理、大数据统计、信息化运维等工作；长期驻守口岸。每年有固定探亲假和休假安排；薪资按照人民警察待遇标准执行。
专业要求：研究生专业：0775计算机科学与技术、0810信息与通信工程、0812计算机科学与技术、0835软件工程、0252应用统计。本科专业：0809计算机类。专科专业：5101电子信息类、5102计算机类、5103通信类
学历要求：大专及以上
学位要求：与最高学历相对应的学位
政治面貌：中共党员或共青团员
基层工作经历：无限制
考试类别：市（地）级及以下直属机构综合管理类
备注：1.应届高校毕业生（高等教育各阶段均需取得相应学历学位）。
2.按《公务员录用体检特殊标准（试行）》进行体检，对《公务员录用体检特殊标准（试行）》未做规定的项目，按照《公务员录用体检通用标准（试行）》执行，视力标准可询招录单位。
3.按《公安机关录用人民警察体能检测项目和标准（暂行）》进行体能测评。
4.按《公安机关录用人民警察政治考察工作办法》开展考察。具有《公安机关录用人民警察政治考察工作办法》第八条、第九条情形的，不得报考；父母、配偶或子女已移居国（境）外的，不得报考；非公派原因曾六个月以上在国（境）外留学、工作、生活的，不得报考。
6.请考生及时关注“移民管理警察招考小助手”微信小程序发布的报考信息。","https://www.xuanhan.gov.cn/xxgk-show-77635.html#164112-300130860030","2023-10-15","{""dataset_year"":2024,""job_uid"":""GOV-2024-164112-300130860030"",""publisher"":""国家公务员局"",""publication_page"":""https://www.xuanhan.gov.cn/xxgk-show-77635.html"",""attachment_url"":""https://www.xuanhan.gov.cn/uploadfile/1/Attachment/638fdecf51.zip"",""local_source_file"":""中央机关及其直属机构2024年度考试录用公务员招考简章.xls"",""local_source_sha256"":""a1741b99dbecd6d03e533f99f2d69b0fa5a79733e551b80af69986ceed2ad996"",""source_sheet"":""中央国家行政机关省级以下直属机构"",""filter_version"":""government_tech_v2"",""tech_filter"":{""is_tech"":true,""is_core_tech"":true,""scope"":""core"",""categories"":[""computer_software"",""data_ai"",""electronics_communication""],""matched_fields"":[""major"",""description""],""major_terms"":[""信息与通信工程"",""电子信息类"",""计算机科学与技术"",""计算机类"",""软件工程"",""通信工程""],""role_terms"":[""信息化"",""大数据""],""reason"":""tech_major_and_role""},""original"":{""部门代码"":""164112"",""部门名称"":""内蒙古出入境边防检查总站"",""用人司局"":""内蒙古出入境边防检查总站"",""机构性质"":""中央国家行政机关省级以下直属机构"",""招考职位"":""阿拉善边境管理支队警务技术一级主管及以下"",""职位属性"":""公安机关人民警察职位"",""职位分布"":""西部地区和艰苦边远地区职位"",""职位简介"":""属于公安机关人民警察，从事边境管理、大数据统计、信息化运维等工作；长期驻守口岸。每年有固定探亲假和休假安排；薪资按照人民警察待遇标准执行。"",""职位代码"":""300130860030"",""机构层级"":""市（地）级"",""考试类别"":""市（地）级及以下直属机构综合管理类"",""招考人数"":""2"",""专业"":""研究生专业：0775计算机科学与技术、0810信息与通信工程、0812计算机科学与技术、0835软件工程、0252应用统计。本科专业：0809计算机类。专科专业：5101电子信息类、5102计算机类、5103通信类"",""学历"":""大专及以上"",""学位"":""与最高学历相对应的学位"",""政治面貌"":""中共党员或共青团员"",""基层工作最低年限"":""无限制"",""服务基层项目工作经历"":""无限制"",""是否在面试阶段组织专业能力测试"":""否"",""面试人员比例"":""3:1"",""工作地点"":""内蒙古自治区阿拉善盟"",""落户地点"":""内蒙古自治区阿拉善盟"",""备注"":""1.应届高校毕业生（高等教育各阶段均需取得相应学历学位）。\n2.按《公务员录用体检特殊标准（试行）》进行体检，对《公务员录用体检特殊标准（试行）》未做规定的项目，按照《公务员录用体检通用标准（试行）》执行，视力标准可询招录单位。\n3.按《公安机关录用人民警察体能检测项目和标准（暂行）》进行体能测评。\n4.按《公安机关录用人民警察政治考察工作办法》开展考察。具有《公安机关录用人民警察政治考察工作办法》第八条、第九条情形的，不得报考；父母、配偶或子女已移居国（境）外的，不得报考；非公派原因曾六个月以上在国（境）外留学、工作、生活的，不得报考。\n6.请考生及时关注“移民管理警察招考小助手”微信小程序发布的报考信息。"",""部门网站"":""https://rczk.nia.gov.cn"",""咨询电话1"":""04713384433-5818"",""咨询电话2"":"""",""咨询电话3"":"""",""来源Sheet"":""中央国家行政机关省级以下直属机构""}}"
"government_jobs","国家公务员2024招考简章","公务员/事业单位技术岗位","吉林省长春市","2026-07-28T09:12:58.310295+00:00","吉林出入境边防检查总站技术保障队警务技术一级主管及以下","吉林出入境边防检查总站","","吉林省长春市","公务员/事业单位;2024;computer_software;data_ai;electronics_communication;仅限硕士研究生;硕士;计算机技术、软件工程、大数据技术与工程、通信工程、信息与通信工程;中央机关及其省级直属机构综合管理类","用人司局：吉林出入境边防检查总站
职位简介：属于公安机关人民警察，从事信息化应用的技术支持、服务保障和信息通信系统、设施设备的日常运维及岗位值守等工作。
专业要求：计算机技术、软件工程、大数据技术与工程、通信工程、信息与通信工程
学历要求：仅限硕士研究生
学位要求：硕士
政治面貌：中共党员或共青团员
基层工作经历：二年
考试类别：中央机关及其省级直属机构综合管理类
备注：1．大学英语六级425分及以上。
2．本职位所指专业为具体专业名称。
3．具有中级及以上计算机技术与软件专业技术资格或具有中级及以上通信专业技术人员职业资格。
4．具有两年及以上网络、数据库、Linux系统、大数据系统运维管理等工作经历，或具有两年及以上有线、无线通信设施设备运维管理工作经历。
5．按《公务员录用体检特殊标准（试行）》进行体检，对《公务员录用体检特殊标准（试行）》未作规定的项目，按《公务员录用体检通用标准（试行）》执行，视力标准可询招录单位。
6．按《公安机关录用人民警察体能测评项目和标准（暂行）》进行体能测评。
7．按《公安机关录用人民警察政治考察工作办法》开展考察。具有《公安机关录用人民警察政治考察工作办法》第八条、第九条情形的，不得报考；父母、配偶或子女已移居国（境）外的，不得报考；非公派原因曾六个月以上在国（境）外留学、工作、生活的，不得报考。
8．在本单位最低服务年限五年（含试用期）。
9．仅限男性报考。
10．请考生及时关注“移民管理警察招考小助手”微信小程序发布的报考信息。","https://www.xuanhan.gov.cn/xxgk-show-77635.html#164114-300130001001","2023-10-15","{""dataset_year"":2024,""job_uid"":""GOV-2024-164114-300130001001"",""publisher"":""国家公务员局"",""publication_page"":""https://www.xuanhan.gov.cn/xxgk-show-77635.html"",""attachment_url"":""https://www.xuanhan.gov.cn/uploadfile/1/Attachment/638fdecf51.zip"",""local_source_file"":""中央机关及其直属机构2024年度考试录用公务员招考简章.xls"",""local_source_sha256"":""a1741b99dbecd6d03e533f99f2d69b0fa5a79733e551b80af69986ceed2ad996"",""source_sheet"":""中央国家行政机关省级以下直属机构"",""filter_version"":""government_tech_v2"",""tech_filter"":{""is_tech"":true,""is_core_tech"":true,""scope"":""core"",""categories"":[""computer_software"",""data_ai"",""electronics_communication""],""matched_fields"":[""major"",""description"",""remarks""],""major_terms"":[""信息与通信工程"",""大数据"",""计算机技术"",""软件工程"",""通信工程""],""role_terms"":[""信息化"",""信息通信"",""大数据"",""数据库"",""系统运维"",""计算机"",""设备运维"",""软件""],""reason"":""tech_major_and_role""},""original"":{""部门代码"":""164114"",""部门名称"":""吉林出入境边防检查总站"",""用人司局"":""吉林出入境边防检查总站"",""机构性质"":""中央国家行政机关省级以下直属机构"",""招考职位"":""吉林出入境边防检查总站技术保障队警务技术一级主管及以下"",""职位属性"":""公安机关人民警察职位"",""职位分布"":""其他职位"",""职位简介"":""属于公安机关人民警察，从事信息化应用的技术支持、服务保障和信息通信系统、设施设备的日常运维及岗位值守等工作。"",""职位代码"":""300130001001"",""机构层级"":""省（副省）级"",""考试类别"":""中央机关及其省级直属机构综合管理类"",""招考人数"":""2"",""专业"":""计算机技术、软件工程、大数据技术与工程、通信工程、信息与通信工程"",""学历"":""仅限硕士研究生"",""学位"":""硕士"",""政治面貌"":""中共党员或共青团员"",""基层工作最低年限"":""二年"",""服务基层项目工作经历"":""无限制"",""是否在面试阶段组织专业能力测试"":""否"",""面试人员比例"":""5:1"",""工作地点"":""吉林省长春市"",""落户地点"":""吉林省长春市"",""备注"":""1．大学英语六级425分及以上。\n2．本职位所指专业为具体专业名称。\n3．具有中级及以上计算机技术与软件专业技术资格或具有中级及以上通信专业技术人员职业资格。\n4．具有两年及以上网络、数据库、Linux系统、大数据系统运维管理等工作经历，或具有两年及以上有线、无线通信设施设备运维管理工作经历。\n5．按《公务员录用体检特殊标准（试行）》进行体检，对《公务员录用体检特殊标准（试行）》未作规定的项目，按《公务员录用体检通用标准（试行）》执行，视力标准可询招录单位。\n6．按《公安机关录用人民警察体能测评项目和标准（暂行）》进行体能测评。\n7．按《公安机关录用人民警察政治考察工作办法》开展考察。具有《公安机关录用人民警察政治考察工作办法》第八条、第九条情形的，不得报考；父母、配偶或子女已移居国（境）外的，不得报考；非公派原因曾六个月以上在国（境）外留学、工作、生活的，不得报考。\n8．在本单位最低服务年限五年（含试用期）。\n9．仅限男性报考。\n10．请考生及时关注“移民管理警察招考小助手”微信小程序发布的报考信息。"",""部门网站"":""https://rczk.nia.gov.cn"",""咨询电话1"":""0431-89962724"",""咨询电话2"":"""",""咨询电话3"":"""",""来源Sheet"":""中央国家行政机关省级以下直属机构""}}"
"government_jobs","国家公务员2024招考简章","公务员/事业单位技术岗位","吉林省延边朝鲜族自治州延吉市","2026-07-28T09:12:58.310295+00:00","延吉出入境边防检查站一级警长及以下（一）","吉林出入境边防检查总站","","吉林省延边朝鲜族自治州延吉市","公务员/事业单位;2024;computer_software;electronics_communication;仅限硕士研究生;硕士;计算机技术、软件工程、大数据技术与工程、通信工程、信息与通信工程、中国少数民族艺术、化学类、环境科学与工程类;行政执法类","用人司局：吉林出入境边防检查总站
职位简介：属于公安机关人民警察，从事出入境边防检查及信息化设备日常运维等工作。
专业要求：计算机技术、软件工程、大数据技术与工程、通信工程、信息与通信工程、中国少数民族艺术、化学类、环境科学与工程类
学历要求：仅限硕士研究生
学位要求：硕士
政治面貌：中共党员或共青团员
基层工作经历：无限制
考试类别：行政执法类
备注：1．限应届高校毕业生报考（高等学历教育各阶段均需取得相应学历和学位）。
2．大学英语四级425分及以上。
3．按《公务员录用体检特殊标准（试行）》进行体检，对《公务员录用体检特殊标准（试行）》未作规定的项目，按《公务员录用体检通用标准（试行）》执行，视力标准可询招录单位。
4．按《公安机关录用人民警察体能测评项目和标准（暂行）》进行体能测评。
5．按《公安机关录用人民警察政治考察工作办法》开展考察。具有《公安机关录用人民警察政治考察工作办法》第八条、第九条情形的，不得报考；父母、配偶或子女已移居国（境）外的，不得报考；非公派原因曾六个月以上在国（境）外留学、工作、生活的，不得报考。
6．在本单位最低服务年限五年（含试用期）。
7．请考生及时关注“移民管理警察招考小助手”微信小程序发布的报考信息。","https://www.xuanhan.gov.cn/xxgk-show-77635.html#164114-300130001003","2023-10-15","{""dataset_year"":2024,""job_uid"":""GOV-2024-164114-300130001003"",""publisher"":""国家公务员局"",""publication_page"":""https://www.xuanhan.gov.cn/xxgk-show-77635.html"",""attachment_url"":""https://www.xuanhan.gov.cn/uploadfile/1/Attachment/638fdecf51.zip"",""local_source_file"":""中央机关及其直属机构2024年度考试录用公务员招考简章.xls"",""local_source_sha256"":""a1741b99dbecd6d03e533f99f2d69b0fa5a79733e551b80af69986ceed2ad996"",""source_sheet"":""中央国家行政机关省级以下直属机构"",""filter_version"":""government_tech_v2"",""tech_filter"":{""is_tech"":true,""is_core_tech"":true,""scope"":""core"",""categories"":[""computer_software"",""electronics_communication""],""matched_fields"":[""major"",""description""],""major_terms"":[""信息与通信工程"",""大数据"",""计算机技术"",""软件工程"",""通信工程""],""role_terms"":[""信息化""],""reason"":""tech_major_and_role""},""original"":{""部门代码"":""164114"",""部门名称"":""吉林出入境边防检查总站"",""用人司局"":""吉林出入境边防检查总站"",""机构性质"":""中央国家行政机关省级以下直属机构"",""招考职位"":""延吉出入境边防检查站一级警长及以下（一）"",""职位属性"":""公安机关人民警察职位"",""职位分布"":""西部地区和艰苦边远地区职位"",""职位简介"":""属于公安机关人民警察，从事出入境边防检查及信息化设备日常运维等工作。"",""职位代码"":""300130001003"",""机构层级"":""市（地）级"",""考试类别"":""行政执法类"",""招考人数"":""1"",""专业"":""计算机技术、软件工程、大数据技术与工程、通信工程、信息与通信工程、中国少数民族艺术、化学类、环境科学与工程类"",""学历"":""仅限硕士研究生"",""学位"":""硕士"",""政治面貌"":""中共党员或共青团员"",""基层工作最低年限"":""无限制"",""服务基层项目工作经历"":""无限制"",""是否在面试阶段组织专业能力测试"":""否"",""面试人员比例"":""3:1"",""工作地点"":""吉林省延边朝鲜族自治州延吉市"",""落户地点"":""吉林省延边朝鲜族自治州延吉市"",""备注"":""1．限应届高校毕业生报考（高等学历教育各阶段均需取得相应学历和学位）。\n2．大学英语四级425分及以上。\n3．按《公务员录用体检特殊标准（试行）》进行体检，对《公务员录用体检特殊标准（试行）》未作规定的项目，按《公务员录用体检通用标准（试行）》执行，视力标准可询招录单位。\n4．按《公安机关录用人民警察体能测评项目和标准（暂行）》进行体能测评。\n5．按《公安机关录用人民警察政治考察工作办法》开展考察。具有《公安机关录用人民警察政治考察工作办法》第八条、第九条情形的，不得报考；父母、配偶或子女已移居国（境）外的，不得报考；非公派原因曾六个月以上在国（境）外留学、工作、生活的，不得报考。\n6．在本单位最低服务年限五年（含试用期）。\n7．请考生及时关注“移民管理警察招考小助手”微信小程序发布的报考信息。"",""部门网站"":""https://rczk.nia.gov.cn"",""咨询电话1"":""0431-89962724"",""咨询电话2"":"""",""咨询电话3"":"""",""来源Sheet"":""中央国家行政机关省级以下直属机构""}}"
"government_jobs","国家公务员2024招考简章","公务员/事业单位技术岗位","吉林省延边朝鲜族自治州延吉市","2026-07-28T09:12:58.310295+00:00","延吉出入境边防检查站一级警长及以下（五）","吉林出入境边防检查总站","","吉林省延边朝鲜族自治州延吉市","公务员/事业单位;2024;computer_software;cybersecurity_cryptography;electronics_communication;仅限本科;学士;通信工程、电子信息工程、信息安全;行政执法类","用人司局：吉林出入境边防检查总站
职位简介：属于公安机关人民警察，从事出入境边防检查及信息化设备日常运维等工作。
专业要求：通信工程、电子信息工程、信息安全
学历要求：仅限本科
学位要求：学士
政治面貌：中共党员或共青团员
基层工作经历：无限制
考试类别：行政执法类
备注：1．限应届高校毕业生报考（高等学历教育各阶段均需取得相应学历和学位）。
2．大学英语四级425分及以上。
3．本职位所指专业为具体专业名称。
4．按《公务员录用体检特殊标准（试行）》进行体检，对《公务员录用体检特殊标准（试行）》未作规定的项目，按《公务员录用体检通用标准（试行）》执行，视力标准可询招录单位。
5．按《公安机关录用人民警察体能测评项目和标准（暂行）》进行体能测评。
6．按《公安机关录用人民警察政治考察工作办法》开展考察。具有《公安机关录用人民警察政治考察工作办法》第八条、第九条情形的，不得报考；父母、配偶或子女已移居国（境）外的，不得报考；非公派原因曾六个月以上在国（境）外留学、工作、生活的，不得报考。
7．在本单位最低服务年限五年（含试用期）。
8．仅限男性报考。
9．请考生及时关注“移民管理警察招考小助手”微信小程序发布的报考信息。","https://www.xuanhan.gov.cn/xxgk-show-77635.html#164114-300130001007","2023-10-15","{""dataset_year"":2024,""job_uid"":""GOV-2024-164114-300130001007"",""publisher"":""国家公务员局"",""publication_page"":""https://www.xuanhan.gov.cn/xxgk-show-77635.html"",""attachment_url"":""https://www.xuanhan.gov.cn/uploadfile/1/Attachment/638fdecf51.zip"",""local_source_file"":""中央机关及其直属机构2024年度考试录用公务员招考简章.xls"",""local_source_sha256"":""a1741b99dbecd6d03e533f99f2d69b0fa5a79733e551b80af69986ceed2ad996"",""source_sheet"":""中央国家行政机关省级以下直属机构"",""filter_version"":""government_tech_v2"",""tech_filter"":{""is_tech"":true,""is_core_tech"":true,""scope"":""core"",""categories"":[""computer_software"",""cybersecurity_cryptography"",""electronics_communication""],""matched_fields"":[""major"",""description""],""major_terms"":[""信息安全"",""电子信息工程"",""通信工程""],""role_terms"":[""信息化""],""reason"":""tech_major_and_role""},""original"":{""部门代码"":""164114"",""部门名称"":""吉林出入境边防检查总站"",""用人司局"":""吉林出入境边防检查总站"",""机构性质"":""中央国家行政机关省级以下直属机构"",""招考职位"":""延吉出入境边防检查站一级警长及以下（五）"",""职位属性"":""公安机关人民警察职位"",""职位分布"":""西部地区和艰苦边远地区职位"",""职位简介"":""属于公安机关人民警察，从事出入境边防检查及信息化设备日常运维等工作。"",""职位代码"":""300130001007"",""机构层级"":""市（地）级"",""考试类别"":""行政执法类"",""招考人数"":""1"",""专业"":""通信工程、电子信息工程、信息安全"",""学历"":""仅限本科"",""学位"":""学士"",""政治面貌"":""中共党员或共青团员"",""基层工作最低年限"":""无限制"",""服务基层项目工作经历"":""无限制"",""是否在面试阶段组织专业能力测试"":""否"",""面试人员比例"":""3:1"",""工作地点"":""吉林省延边朝鲜族自治州延吉市"",""落户地点"":""吉林省延边朝鲜族自治州延吉市"",""备注"":""1．限应届高校毕业生报考（高等学历教育各阶段均需取得相应学历和学位）。\n2．大学英语四级425分及以上。\n3．本职位所指专业为具体专业名称。\n4．按《公务员录用体检特殊标准（试行）》进行体检，对《公务员录用体检特殊标准（试行）》未作规定的项目，按《公务员录用体检通用标准（试行）》执行，视力标准可询招录单位。\n5．按《公安机关录用人民警察体能测评项目和标准（暂行）》进行体能测评。\n6．按《公安机关录用人民警察政治考察工作办法》开展考察。具有《公安机关录用人民警察政治考察工作办法》第八条、第九条情形的，不得报考；父母、配偶或子女已移居国（境）外的，不得报考；非公派原因曾六个月以上在国（境）外留学、工作、生活的，不得报考。\n7．在本单位最低服务年限五年（含试用期）。\n8．仅限男性报考。\n9．请考生及时关注“移民管理警察招考小助手”微信小程序发布的报考信息。"",""部门网站"":""https://rczk.nia.gov.cn"",""咨询电话1"":""0431-89962724"",""咨询电话2"":"""",""咨询电话3"":"""",""来源Sheet"":""中央国家行政机关省级以下直属机构""}}"
"government_jobs","国家公务员2024招考简章","公务员/事业单位技术岗位","吉林省延边朝鲜族自治州图们市","2026-07-28T09:12:58.310295+00:00","图们出入境边防检查站一级警长及以下（二）","吉林出入境边防检查总站","","吉林省延边朝鲜族自治州图们市","公务员/事业单位;2024;computer_software;electronics_communication;仅限本科;学士;计算机科学与技术、网络工程、通信工程;行政执法类","用人司局：吉林出入境边防检查总站
职位简介：属于公安机关人民警察，从事出入境边防检查及信息化设备日常运维等工作。
专业要求：计算机科学与技术、网络工程、通信工程
学历要求：仅限本科
学位要求：学士
政治面貌：中共党员或共青团员
基层工作经历：无限制
考试类别：行政执法类
备注：1．大学英语四级425分及以上。
2．本职位所指专业为具体专业名称。
3．按《公务员录用体检特殊标准（试行）》进行体检，对《公务员录用体检特殊标准（试行）》未作规定的项目，按《公务员录用体检通用标准（试行）》执行，视力标准可询招录单位。
4．按《公安机关录用人民警察体能测评项目和标准（暂行）》进行体能测评。
5．按《公安机关录用人民警察政治考察工作办法》开展考察。具有《公安机关录用人民警察政治考察工作办法》第八条、第九条情形的，不得报考；父母、配偶或子女已移居国（境）外的，不得报考；非公派原因曾六个月以上在国（境）外留学、工作、生活的，不得报考。
6．在本单位最低服务年限五年（含试用期）。
7．请考生及时关注“移民管理警察招考小助手”微信小程序发布的报考信息。","https://www.xuanhan.gov.cn/xxgk-show-77635.html#164114-300130001010","2023-10-15","{""dataset_year"":2024,""job_uid"":""GOV-2024-164114-300130001010"",""publisher"":""国家公务员局"",""publication_page"":""https://www.xuanhan.gov.cn/xxgk-show-77635.html"",""attachment_url"":""https://www.xuanhan.gov.cn/uploadfile/1/Attachment/638fdecf51.zip"",""local_source_file"":""中央机关及其直属机构2024年度考试录用公务员招考简章.xls"",""local_source_sha256"":""a1741b99dbecd6d03e533f99f2d69b0fa5a79733e551b80af69986ceed2ad996"",""source_sheet"":""中央国家行政机关省级以下直属机构"",""filter_version"":""government_tech_v2"",""tech_filter"":{""is_tech"":true,""is_core_tech"":true,""scope"":""core"",""categories"":[""computer_software"",""electronics_communication""],""matched_fields"":[""major"",""description""],""major_terms"":[""网络工程"",""计算机科学与技术"",""通信工程""],""role_terms"":[""信息化""],""reason"":""tech_major_and_role""},""original"":{""部门代码"":""164114"",""部门名称"":""吉林出入境边防检查总站"",""用人司局"":""吉林出入境边防检查总站"",""机构性质"":""中央国家行政机关省级以下直属机构"",""招考职位"":""图们出入境边防检查站一级警长及以下（二）"",""职位属性"":""公安机关人民警察职位"",""职位分布"":""西部地区和艰苦边远地区职位"",""职位简介"":""属于公安机关人民警察，从事出入境边防检查及信息化设备日常运维等工作。"",""职位代码"":""300130001010"",""机构层级"":""市（地）级"",""考试类别"":""行政执法类"",""招考人数"":""1"",""专业"":""计算机科学与技术、网络工程、通信工程"",""学历"":""仅限本科"",""学位"":""学士"",""政治面貌"":""中共党员或共青团员"",""基层工作最低年限"":""无限制"",""服务基层项目工作经历"":""无限制"",""是否在面试阶段组织专业能力测试"":""否"",""面试人员比例"":""3:1"",""工作地点"":""吉林省延边朝鲜族自治州图们市"",""落户地点"":""吉林省延边朝鲜族自治州延吉市"",""备注"":""1．大学英语四级425分及以上。\n2．本职位所指专业为具体专业名称。\n3．按《公务员录用体检特殊标准（试行）》进行体检，对《公务员录用体检特殊标准（试行）》未作规定的项目，按《公务员录用体检通用标准（试行）》执行，视力标准可询招录单位。\n4．按《公安机关录用人民警察体能测评项目和标准（暂行）》进行体能测评。\n5．按《公安机关录用人民警察政治考察工作办法》开展考察。具有《公安机关录用人民警察政治考察工作办法》第八条、第九条情形的，不得报考；父母、配偶或子女已移居国（境）外的，不得报考；非公派原因曾六个月以上在国（境）外留学、工作、生活的，不得报考。\n6．在本单位最低服务年限五年（含试用期）。\n7．请考生及时关注“移民管理警察招考小助手”微信小程序发布的报考信息。"",""部门网站"":""https://rczk.nia.gov.cn"",""咨询电话1"":""0431-89962724"",""咨询电话2"":"""",""咨询电话3"":"""",""来源Sheet"":""中央国家行政机关省级以下直属机构""}}"
"government_jobs","国家公务员2024招考简章","公务员/事业单位技术岗位","黑龙江省牡丹江市东宁市","2026-07-28T09:12:58.310295+00:00","东宁出入境边防检查站一级警长及以下","黑龙江出入境边防检查总站","","黑龙江省牡丹江市东宁市","公务员/事业单位;2024;computer_software;仅限本科;学士;新闻学、计算机科学与技术;行政执法类","用人司局：黑龙江出入境边防检查总站
职位简介：属于公安机关人民警察，主要从事出入境边防检查及新闻宣传、信息化运维保障等工作。
专业要求：新闻学、计算机科学与技术
学历要求：仅限本科
学位要求：学士
政治面貌：中共党员或共青团员
基层工作经历：无限制
考试类别：行政执法类
备注：1．限应届高校毕业生报考（高等学历教育各阶段均需取得相应学历和学位）。
2．能熟练运用所学专业开展工作。
3．按《公务员录用体检特殊标准（试行）》进行体检，对《公务员录用体检特殊标准（试行）》未作规定的项目，按《公务员录用体检通用标准（试行）》执行，视力标准可询招录单位。
4．按《公安机关录用人民警察体能测评项目和标准（暂行）》进行体能测评。
5．按《公安机关录用人民警察政治考察工作办法》开展考察。具有《公安机关录用人民警察政治考察工作办法》第八条、第九条情形的，不得报考；父母、配偶或子女已移居国（境）外的，不得报考；非公派原因曾六个月以上在国（境）外留学、工作、生活的，不得报考。
6．工资待遇按人民警察标准执行，享受加班补贴和值勤岗位津贴；有固定的探亲假和休假安排；享受艰苦边远地区补助。
7．本职位所指专业为具体专业名称。
8．请考生及时关注“移民管理警察招考小助手”微信小程序发布的报考信息。","https://www.xuanhan.gov.cn/xxgk-show-77635.html#164115-300130001011","2023-10-15","{""dataset_year"":2024,""job_uid"":""GOV-2024-164115-300130001011"",""publisher"":""国家公务员局"",""publication_page"":""https://www.xuanhan.gov.cn/xxgk-show-77635.html"",""attachment_url"":""https://www.xuanhan.gov.cn/uploadfile/1/Attachment/638fdecf51.zip"",""local_source_file"":""中央机关及其直属机构2024年度考试录用公务员招考简章.xls"",""local_source_sha256"":""a1741b99dbecd6d03e533f99f2d69b0fa5a79733e551b80af69986ceed2ad996"",""source_sheet"":""中央国家行政机关省级以下直属机构"",""filter_version"":""government_tech_v2"",""tech_filter"":{""is_tech"":true,""is_core_tech"":true,""scope"":""core"",""categories"":[""computer_software""],""matched_fields"":[""major"",""description""],""major_terms"":[""计算机科学与技术""],""role_terms"":[""信息化""],""reason"":""tech_major_and_role""},""original"":{""部门代码"":""164115"",""部门名称"":""黑龙江出入境边防检查总站"",""用人司局"":""黑龙江出入境边防检查总站"",""机构性质"":""中央国家行政机关省级以下直属机构"",""招考职位"":""东宁出入境边防检查站一级警长及以下"",""职位属性"":""公安机关人民警察职位"",""职位分布"":""西部地区和艰苦边远地区职位"",""职位简介"":""属于公安机关人民警察，主要从事出入境边防检查及新闻宣传、信息化运维保障等工作。"",""职位代码"":""300130001011"",""机构层级"":""市（地）级"",""考试类别"":""行政执法类"",""招考人数"":""1"",""专业"":""新闻学、计算机科学与技术"",""学历"":""仅限本科"",""学位"":""学士"",""政治面貌"":""中共党员或共青团员"",""基层工作最低年限"":""无限制"",""服务基层项目工作经历"":""无限制"",""是否在面试阶段组织专业能力测试"":""否"",""面试人员比例"":""3:1"",""工作地点"":""黑龙江省牡丹江市东宁市"",""落户地点"":""黑龙江省牡丹江市东宁市"",""备注"":""1．限应届高校毕业生报考（高等学历教育各阶段均需取得相应学历和学位）。\n2．能熟练运用所学专业开展工作。\n3．按《公务员录用体检特殊标准（试行）》进行体检，对《公务员录用体检特殊标准（试行）》未作规定的项目，按《公务员录用体检通用标准（试行）》执行，视力标准可询招录单位。\n4．按《公安机关录用人民警察体能测评项目和标准（暂行）》进行体能测评。\n5．按《公安机关录用人民警察政治考察工作办法》开展考察。具有《公安机关录用人民警察政治考察工作办法》第八条、第九条情形的，不得报考；父母、配偶或子女已移居国（境）外的，不得报考；非公派原因曾六个月以上在国（境）外留学、工作、生活的，不得报考。\n6．工资待遇按人民警察标准执行，享受加班补贴和值勤岗位津贴；有固定的探亲假和休假安排；享受艰苦边远地区补助。\n7．本职位所指专业为具体专业名称。\n8．请考生及时关注“移民管理警察招考小助手”微信小程序发布的报考信息。"",""部门网站"":""https://rczk.nia.gov.cn"",""咨询电话1"":""0451-58786712"",""咨询电话2"":""0451-58786715"",""咨询电话3"":"""",""来源Sheet"":""中央国家行政机关省级以下直属机构""}}"
"government_jobs","国家公务员2024招考简章","公务员/事业单位技术岗位","江苏省南京市","2026-07-28T09:12:58.310295+00:00","南京港边检站一级警长及以下（一）","江苏出入境边防检查总站","","江苏省南京市","公务员/事业单位;2024;computer_software;cybersecurity_cryptography;data_ai;electronics_communication;仅限硕士研究生;硕士;0775计算机科学与技术，0812计算机科学与技术，085405软件工程，085412网络与信息安全。;行政执法类","用人司局：江苏出入境边防检查总站
职位简介：属公安机关人民警察，从事出入境边防检查和提供行动技术、警务通信技术、数据分析等专业技术支持工作。
专业要求：0775计算机科学与技术，0812计算机科学与技术，085405软件工程，085412网络与信息安全。
学历要求：仅限硕士研究生
学位要求：硕士
政治面貌：中共党员或共青团员
基层工作经历：无限制
考试类别：行政执法类
备注：1．限应届高校毕业生报考（高等学历教育各阶段均需取得相应学历和学位）。
2．大学英语六级425分及以上。
3．按《公务员录用体检特殊标准（试行）》进行体检，对《公务员录用体检特殊标准（试行）》未作规定的项目，按《公务员录用体检通用标准（试行）》执行，视力标准可询招录单位。
4．按《公安机关录用人民警察体能测评项目和标准（暂行）》进行体能测评。
5．按《公安机关录用人民警察政治考察工作办法》开展考察。具有《公安机关录用人民警察政治考察工作办法》第八条、第九条情形的，不得报考；父母、配偶或子女已移居国（境）外的，不得报考；非公派原因曾六个月以上在国（境）外留学、工作、生活的，不得报考。
6．提供集体宿舍，可为符合条件人员办理集体户口。
7．工资待遇按人民警察标准执行，享受加班补贴和值勤岗位津贴，有固定的探亲假和休假安排。
8．在本单位最低服务年限五年（含试用期）。
9．请考生及时关注“移民管理警察招考小助手”微信小程序发布的报考信息。","https://www.xuanhan.gov.cn/xxgk-show-77635.html#164116-300130116001","2023-10-15","{""dataset_year"":2024,""job_uid"":""GOV-2024-164116-300130116001"",""publisher"":""国家公务员局"",""publication_page"":""https://www.xuanhan.gov.cn/xxgk-show-77635.html"",""attachment_url"":""https://www.xuanhan.gov.cn/uploadfile/1/Attachment/638fdecf51.zip"",""local_source_file"":""中央机关及其直属机构2024年度考试录用公务员招考简章.xls"",""local_source_sha256"":""a1741b99dbecd6d03e533f99f2d69b0fa5a79733e551b80af69986ceed2ad996"",""source_sheet"":""中央国家行政机关省级以下直属机构"",""filter_version"":""government_tech_v2"",""tech_filter"":{""is_tech"":true,""is_core_tech"":true,""scope"":""core"",""categories"":[""computer_software"",""cybersecurity_cryptography"",""data_ai"",""electronics_communication""],""matched_fields"":[""major"",""description""],""major_terms"":[""信息安全"",""计算机科学与技术"",""软件工程""],""role_terms"":[""数据分析"",""通信技术""],""reason"":""tech_major_and_role""},""original"":{""部门代码"":""164116"",""部门名称"":""江苏出入境边防检查总站"",""用人司局"":""江苏出入境边防检查总站"",""机构性质"":""中央国家行政机关省级以下直属机构"",""招考职位"":""南京港边检站一级警长及以下（一）"",""职位属性"":""公安机关人民警察职位"",""职位分布"":""其他职位"",""职位简介"":""属公安机关人民警察，从事出入境边防检查和提供行动技术、警务通信技术、数据分析等专业技术支持工作。"",""职位代码"":""300130116001"",""机构层级"":""市（地）级"",""考试类别"":""行政执法类"",""招考人数"":""1"",""专业"":""0775计算机科学与技术，0812计算机科学与技术，085405软件工程，085412网络与信息安全。"",""学历"":""仅限硕士研究生"",""学位"":""硕士"",""政治面貌"":""中共党员或共青团员"",""基层工作最低年限"":""无限制"",""服务基层项目工作经历"":""无限制"",""是否在面试阶段组织专业能力测试"":""否"",""面试人员比例"":""3:1"",""工作地点"":""江苏省南京市"",""落户地点"":""江苏省南京市"",""备注"":""1．限应届高校毕业生报考（高等学历教育各阶段均需取得相应学历和学位）。\n2．大学英语六级425分及以上。\n3．按《公务员录用体检特殊标准（试行）》进行体检，对《公务员录用体检特殊标准（试行）》未作规定的项目，按《公务员录用体检通用标准（试行）》执行，视力标准可询招录单位。\n4．按《公安机关录用人民警察体能测评项目和标准（暂行）》进行体能测评。\n5．按《公安机关录用人民警察政治考察工作办法》开展考察。具有《公安机关录用人民警察政治考察工作办法》第八条、第九条情形的，不得报考；父母、配偶或子女已移居国（境）外的，不得报考；非公派原因曾六个月以上在国（境）外留学、工作、生活的，不得报考。\n6．提供集体宿舍，可为符合条件人员办理集体户口。\n7．工资待遇按人民警察标准执行，享受加班补贴和值勤岗位津贴，有固定的探亲假和休假安排。\n8．在本单位最低服务年限五年（含试用期）。\n9．请考生及时关注“移民管理警察招考小助手”微信小程序发布的报考信息。"",""部门网站"":""https://rczk.nia.gov.cn"",""咨询电话1"":""025-86361257"",""咨询电话2"":""025-86361619"",""咨询电话3"":"""",""来源Sheet"":""中央国家行政机关省级以下直属机构""}}"
"government_jobs","国家公务员2024招考简章","公务员/事业单位技术岗位","江苏省苏州市张家港市","2026-07-28T09:12:58.310295+00:00","张家港边检站一级警长及以下（一）","江苏出入境边防检查总站","","江苏省苏州市张家港市","公务员/事业单位;2024;computer_software;cybersecurity_cryptography;data_ai;electronics_communication;本科或硕士研究生;与最高学历相对应的学位;本科：080901计算机科学与技术，080902软件工程，080903网络工程，080904K信息安全；硕士研究生：0775计算机科学与技术，0812计算机科学与技术，085405软件工程，085412网络与信息安全。;行政执法类","用人司局：江苏出入境边防检查总站
职位简介：属公安机关人民警察，从事出入境边防检查和提供行动技术、警务通信技术、数据分析等专业技术支持工作。
专业要求：本科：080901计算机科学与技术，080902软件工程，080903网络工程，080904K信息安全；硕士研究生：0775计算机科学与技术，0812计算机科学与技术，085405软件工程，085412网络与信息安全。
学历要求：本科或硕士研究生
学位要求：与最高学历相对应的学位
政治面貌：中共党员或共青团员
基层工作经历：无限制
考试类别：行政执法类
备注：1．限应届高校毕业生报考（高等学历教育各阶段均需取得相应学历和学位）。
2．大学英语六级425分及以上。
3．按《公务员录用体检特殊标准（试行）》进行体检，对《公务员录用体检特殊标准（试行）》未作规定的项目，按《公务员录用体检通用标准（试行）》执行，视力标准可询招录单位。
4．按《公安机关录用人民警察体能测评项目和标准（暂行）》进行体能测评。
5．按《公安机关录用人民警察政治考察工作办法》开展考察。具有《公安机关录用人民警察政治考察工作办法》第八条、第九条情形的，不得报考；父母、配偶或子女已移居国（境）外的，不得报考；非公派原因曾六个月以上在国（境）外留学、工作、生活的，不得报考。
6．提供集体宿舍，可为符合条件人员办理集体户口。
7．工资待遇按人民警察标准执行，享受加班补贴和值勤岗位津贴，有固定的探亲假和休假安排。
8．在本单位最低服务年限五年（含试用期）。
9．请考生及时关注“移民管理警察招考小助手”微信小程序发布的报考信息。","https://www.xuanhan.gov.cn/xxgk-show-77635.html#164116-300130116003","2023-10-15","{""dataset_year"":2024,""job_uid"":""GOV-2024-164116-300130116003"",""publisher"":""国家公务员局"",""publication_page"":""https://www.xuanhan.gov.cn/xxgk-show-77635.html"",""attachment_url"":""https://www.xuanhan.gov.cn/uploadfile/1/Attachment/638fdecf51.zip"",""local_source_file"":""中央机关及其直属机构2024年度考试录用公务员招考简章.xls"",""local_source_sha256"":""a1741b99dbecd6d03e533f99f2d69b0fa5a79733e551b80af69986ceed2ad996"",""source_sheet"":""中央国家行政机关省级以下直属机构"",""filter_version"":""government_tech_v2"",""tech_filter"":{""is_tech"":true,""is_core_tech"":true,""scope"":""core"",""categories"":[""computer_software"",""cybersecurity_cryptography"",""data_ai"",""electronics_communication""],""matched_fields"":[""major"",""description""],""major_terms"":[""信息安全"",""网络工程"",""计算机科学与技术"",""软件工程""],""role_terms"":[""数据分析"",""通信技术""],""reason"":""tech_major_and_role""},""original"":{""部门代码"":""164116"",""部门名称"":""江苏出入境边防检查总站"",""用人司局"":""江苏出入境边防检查总站"",""机构性质"":""中央国家行政机关省级以下直属机构"",""招考职位"":""张家港边检站一级警长及以下（一）"",""职位属性"":""公安机关人民警察职位"",""职位分布"":""其他职位"",""职位简介"":""属公安机关人民警察，从事出入境边防检查和提供行动技术、警务通信技术、数据分析等专业技术支持工作。"",""职位代码"":""300130116003"",""机构层级"":""市（地）级"",""考试类别"":""行政执法类"",""招考人数"":""1"",""专业"":""本科：080901计算机科学与技术，080902软件工程，080903网络工程，080904K信息安全；硕士研究生：0775计算机科学与技术，0812计算机科学与技术，085405软件工程，085412网络与信息安全。"",""学历"":""本科或硕士研究生"",""学位"":""与最高学历相对应的学位"",""政治面貌"":""中共党员或共青团员"",""基层工作最低年限"":""无限制"",""服务基层项目工作经历"":""无限制"",""是否在面试阶段组织专业能力测试"":""否"",""面试人员比例"":""3:1"",""工作地点"":""江苏省苏州市张家港市"",""落户地点"":""江苏省苏州市张家港市"",""备注"":""1．限应届高校毕业生报考（高等学历教育各阶段均需取得相应学历和学位）。\n2．大学英语六级425分及以上。\n3．按《公务员录用体检特殊标准（试行）》进行体检，对《公务员录用体检特殊标准（试行）》未作规定的项目，按《公务员录用体检通用标准（试行）》执行，视力标准可询招录单位。\n4．按《公安机关录用人民警察体能测评项目和标准（暂行）》进行体能测评。\n5．按《公安机关录用人民警察政治考察工作办法》开展考察。具有《公安机关录用人民警察政治考察工作办法》第八条、第九条情形的，不得报考；父母、配偶或子女已移居国（境）外的，不得报考；非公派原因曾六个月以上在国（境）外留学、工作、生活的，不得报考。\n6．提供集体宿舍，可为符合条件人员办理集体户口。\n7．工资待遇按人民警察标准执行，享受加班补贴和值勤岗位津贴，有固定的探亲假和休假安排。\n8．在本单位最低服务年限五年（含试用期）。\n9．请考生及时关注“移民管理警察招考小助手”微信小程序发布的报考信息。"",""部门网站"":""https://rczk.nia.gov.cn"",""咨询电话1"":""025-86361257"",""咨询电话2"":""025-86361619"",""咨询电话3"":"""",""来源Sheet"":""中央国家行政机关省级以下直属机构""}}"
"government_jobs","国家公务员2024招考简章","公务员/事业单位技术岗位","江苏省泰州市","2026-07-28T09:12:58.310295+00:00","泰州边检站一级警长及以下（一）","江苏出入境边防检查总站","","江苏省泰州市","公务员/事业单位;2024;computer_software;cybersecurity_cryptography;data_ai;electronics_communication;本科或硕士研究生;与最高学历相对应的学位;本科：080901计算机科学与技术，080902软件工程，080903网络工程，080904K信息安全；硕士研究生：0775计算机科学与技术，0812计算机科学与技术，085405软件工程，085412网络与信息安全。;行政执法类","用人司局：江苏出入境边防检查总站
职位简介：属公安机关人民警察，从事出入境边防检查和提供行动技术、警务通信技术、数据分析等专业技术支持工作。
专业要求：本科：080901计算机科学与技术，080902软件工程，080903网络工程，080904K信息安全；硕士研究生：0775计算机科学与技术，0812计算机科学与技术，085405软件工程，085412网络与信息安全。
学历要求：本科或硕士研究生
学位要求：与最高学历相对应的学位
政治面貌：中共党员或共青团员
基层工作经历：无限制
考试类别：行政执法类
备注：1．限应届高校毕业生报考（高等学历教育各阶段均需取得相应学历和学位）。
2．大学英语六级425分及以上。
3．按《公务员录用体检特殊标准（试行）》进行体检，对《公务员录用体检特殊标准（试行）》未作规定的项目，按《公务员录用体检通用标准（试行）》执行，视力标准可询招录单位。
4．按《公安机关录用人民警察体能测评项目和标准（暂行）》进行体能测评。
5．按《公安机关录用人民警察政治考察工作办法》开展考察。具有《公安机关录用人民警察政治考察工作办法》第八条、第九条情形的，不得报考；父母、配偶或子女已移居国（境）外的，不得报考；非公派原因曾六个月以上在国（境）外留学、工作、生活的，不得报考。
6．提供集体宿舍，可为符合条件人员办理集体户口。
7．工资待遇按人民警察标准执行，享受加班补贴和值勤岗位津贴，有固定的探亲假和休假安排。
8．在本单位最低服务年限五年（含试用期）。
9．请考生及时关注“移民管理警察招考小助手”微信小程序发布的报考信息。","https://www.xuanhan.gov.cn/xxgk-show-77635.html#164116-300130116011","2023-10-15","{""dataset_year"":2024,""job_uid"":""GOV-2024-164116-300130116011"",""publisher"":""国家公务员局"",""publication_page"":""https://www.xuanhan.gov.cn/xxgk-show-77635.html"",""attachment_url"":""https://www.xuanhan.gov.cn/uploadfile/1/Attachment/638fdecf51.zip"",""local_source_file"":""中央机关及其直属机构2024年度考试录用公务员招考简章.xls"",""local_source_sha256"":""a1741b99dbecd6d03e533f99f2d69b0fa5a79733e551b80af69986ceed2ad996"",""source_sheet"":""中央国家行政机关省级以下直属机构"",""filter_version"":""government_tech_v2"",""tech_filter"":{""is_tech"":true,""is_core_tech"":true,""scope"":""core"",""categories"":[""computer_software"",""cybersecurity_cryptography"",""data_ai"",""electronics_communication""],""matched_fields"":[""major"",""description""],""major_terms"":[""信息安全"",""网络工程"",""计算机科学与技术"",""软件工程""],""role_terms"":[""数据分析"",""通信技术""],""reason"":""tech_major_and_role""},""original"":{""部门代码"":""164116"",""部门名称"":""江苏出入境边防检查总站"",""用人司局"":""江苏出入境边防检查总站"",""机构性质"":""中央国家行政机关省级以下直属机构"",""招考职位"":""泰州边检站一级警长及以下（一）"",""职位属性"":""公安机关人民警察职位"",""职位分布"":""其他职位"",""职位简介"":""属公安机关人民警察，从事出入境边防检查和提供行动技术、警务通信技术、数据分析等专业技术支持工作。"",""职位代码"":""300130116011"",""机构层级"":""市（地）级"",""考试类别"":""行政执法类"",""招考人数"":""1"",""专业"":""本科：080901计算机科学与技术，080902软件工程，080903网络工程，080904K信息安全；硕士研究生：0775计算机科学与技术，0812计算机科学与技术，085405软件工程，085412网络与信息安全。"",""学历"":""本科或硕士研究生"",""学位"":""与最高学历相对应的学位"",""政治面貌"":""中共党员或共青团员"",""基层工作最低年限"":""无限制"",""服务基层项目工作经历"":""无限制"",""是否在面试阶段组织专业能力测试"":""否"",""面试人员比例"":""3:1"",""工作地点"":""江苏省泰州市"",""落户地点"":""江苏省泰州市"",""备注"":""1．限应届高校毕业生报考（高等学历教育各阶段均需取得相应学历和学位）。\n2．大学英语六级425分及以上。\n3．按《公务员录用体检特殊标准（试行）》进行体检，对《公务员录用体检特殊标准（试行）》未作规定的项目，按《公务员录用体检通用标准（试行）》执行，视力标准可询招录单位。\n4．按《公安机关录用人民警察体能测评项目和标准（暂行）》进行体能测评。\n5．按《公安机关录用人民警察政治考察工作办法》开展考察。具有《公安机关录用人民警察政治考察工作办法》第八条、第九条情形的，不得报考；父母、配偶或子女已移居国（境）外的，不得报考；非公派原因曾六个月以上在国（境）外留学、工作、生活的，不得报考。\n6．提供集体宿舍，可为符合条件人员办理集体户口。\n7．工资待遇按人民警察标准执行，享受加班补贴和值勤岗位津贴，有固定的探亲假和休假安排。\n8．在本单位最低服务年限五年（含试用期）。\n9．请考生及时关注“移民管理警察招考小助手”微信小程序发布的报考信息。"",""部门网站"":""https://rczk.nia.gov.cn"",""咨询电话1"":""025-86361257"",""咨询电话2"":""025-86361619"",""咨询电话3"":"""",""来源Sheet"":""中央国家行政机关省级以下直属机构""}}"
"government_jobs","国家公务员2024招考简章","公务员/事业单位技术岗位","江苏省南通市如皋市","2026-07-28T09:12:58.310295+00:00","如皋边检站一级警长及以下","江苏出入境边防检查总站","","江苏省南通市如皋市","公务员/事业单位;2024;computer_software;cybersecurity_cryptography;data_ai;electronics_communication;仅限硕士研究生;硕士;0775计算机科学与技术，0812计算机科学与技术，085405软件工程，085412网络与信息安全。;行政执法类","用人司局：江苏出入境边防检查总站
职位简介：属公安机关人民警察，从事出入境边防检查和提供行动技术、警务通信技术、数据分析等专业技术支持工作。
专业要求：0775计算机科学与技术，0812计算机科学与技术，085405软件工程，085412网络与信息安全。
学历要求：仅限硕士研究生
学位要求：硕士
政治面貌：中共党员或共青团员
基层工作经历：无限制
考试类别：行政执法类
备注：1．限应届高校毕业生报考（高等学历教育各阶段均需取得相应学历和学位）。
2．大学英语六级425分及以上。
3．按《公务员录用体检特殊标准（试行）》进行体检，对《公务员录用体检特殊标准（试行）》未作规定的项目，按《公务员录用体检通用标准（试行）》执行，视力标准可询招录单位。
4．按《公安机关录用人民警察体能测评项目和标准（暂行）》进行体能测评。
5．按《公安机关录用人民警察政治考察工作办法》开展考察。具有《公安机关录用人民警察政治考察工作办法》第八条、第九条情形的，不得报考；父母、配偶或子女已移居国（境）外的，不得报考；非公派原因曾六个月以上在国（境）外留学、工作、生活的，不得报考。
6．提供集体宿舍，可为符合条件人员办理集体户口。
7．工资待遇按人民警察标准执行，享受加班补贴和值勤岗位津贴，有固定的探亲假和休假安排。
8．在本单位最低服务年限五年（含试用期）。
9．请考生及时关注“移民管理警察招考小助手”微信小程序发布的报考信息。","https://www.xuanhan.gov.cn/xxgk-show-77635.html#164116-300130116014","2023-10-15","{""dataset_year"":2024,""job_uid"":""GOV-2024-164116-300130116014"",""publisher"":""国家公务员局"",""publication_page"":""https://www.xuanhan.gov.cn/xxgk-show-77635.html"",""attachment_url"":""https://www.xuanhan.gov.cn/uploadfile/1/Attachment/638fdecf51.zip"",""local_source_file"":""中央机关及其直属机构2024年度考试录用公务员招考简章.xls"",""local_source_sha256"":""a1741b99dbecd6d03e533f99f2d69b0fa5a79733e551b80af69986ceed2ad996"",""source_sheet"":""中央国家行政机关省级以下直属机构"",""filter_version"":""government_tech_v2"",""tech_filter"":{""is_tech"":true,""is_core_tech"":true,""scope"":""core"",""categories"":[""computer_software"",""cybersecurity_cryptography"",""data_ai"",""electronics_communication""],""matched_fields"":[""major"",""description""],""major_terms"":[""信息安全"",""计算机科学与技术"",""软件工程""],""role_terms"":[""数据分析"",""通信技术""],""reason"":""tech_major_and_role""},""original"":{""部门代码"":""164116"",""部门名称"":""江苏出入境边防检查总站"",""用人司局"":""江苏出入境边防检查总站"",""机构性质"":""中央国家行政机关省级以下直属机构"",""招考职位"":""如皋边检站一级警长及以下"",""职位属性"":""公安机关人民警察职位"",""职位分布"":""其他职位"",""职位简介"":""属公安机关人民警察，从事出入境边防检查和提供行动技术、警务通信技术、数据分析等专业技术支持工作。"",""职位代码"":""300130116014"",""机构层级"":""市（地）级"",""考试类别"":""行政执法类"",""招考人数"":""1"",""专业"":""0775计算机科学与技术，0812计算机科学与技术，085405软件工程，085412网络与信息安全。"",""学历"":""仅限硕士研究生"",""学位"":""硕士"",""政治面貌"":""中共党员或共青团员"",""基层工作最低年限"":""无限制"",""服务基层项目工作经历"":""无限制"",""是否在面试阶段组织专业能力测试"":""否"",""面试人员比例"":""3:1"",""工作地点"":""江苏省南通市如皋市"",""落户地点"":""江苏省南通市如皋市"",""备注"":""1．限应届高校毕业生报考（高等学历教育各阶段均需取得相应学历和学位）。\n2．大学英语六级425分及以上。\n3．按《公务员录用体检特殊标准（试行）》进行体检，对《公务员录用体检特殊标准（试行）》未作规定的项目，按《公务员录用体检通用标准（试行）》执行，视力标准可询招录单位。\n4．按《公安机关录用人民警察体能测评项目和标准（暂行）》进行体能测评。\n5．按《公安机关录用人民警察政治考察工作办法》开展考察。具有《公安机关录用人民警察政治考察工作办法》第八条、第九条情形的，不得报考；父母、配偶或子女已移居国（境）外的，不得报考；非公派原因曾六个月以上在国（境）外留学、工作、生活的，不得报考。\n6．提供集体宿舍，可为符合条件人员办理集体户口。\n7．工资待遇按人民警察标准执行，享受加班补贴和值勤岗位津贴，有固定的探亲假和休假安排。\n8．在本单位最低服务年限五年（含试用期）。\n9．请考生及时关注“移民管理警察招考小助手”微信小程序发布的报考信息。"",""部门网站"":""https://rczk.nia.gov.cn"",""咨询电话1"":""025-86361257"",""咨询电话2"":""025-86361619"",""咨询电话3"":"""",""来源Sheet"":""中央国家行政机关省级以下直属机构""}}"
"government_jobs","国家公务员2024招考简章","公务员/事业单位技术岗位","安徽省合肥市","2026-07-28T09:12:58.310295+00:00","合肥边检站一级警长及以下（二）","安徽出入境边防检查总站","","安徽省合肥市","公务员/事业单位;2024;computer_software;data_ai;electronics_communication;本科及以上;与最高学历相对应的学位;电子信息类、计算机类、数据科学与大数据技术;行政执法类","用人司局：安徽出入境边防检查总站
职位简介：属公安机关人民警察，从事出入境边防检查工作和提供行动技术、警务通信技术、数据分析等专业技术支持工作。
专业要求：电子信息类、计算机类、数据科学与大数据技术
学历要求：本科及以上
学位要求：与最高学历相对应的学位
政治面貌：中共党员或共青团员
基层工作经历：无限制
考试类别：行政执法类
备注：1.限应届高校毕业生报考（高等学历教育各阶段均需取得相应学历和学位）。
2.能熟练运用所学专业开展工作。
3.按《公务员录用体检特殊标准（试行）》进行体检，对《公务员录用体检特殊标准（试行）》未作规定的项目，按《公务员录用体检通用标准（试行）》执行，视力标准可询招录单位。
4.按《公安机关录用人民警察体能测评项目和标准（暂行）》进行体能测评。
5.按《公安机关录用人民警察政治考察工作办法》开展考察。具有《公安机关录用人民警察政治考察工作办法》第八条、第九条情形的，不得报考；父母、配偶或子女已移居国（境）外的，不得报考；非公派原因曾六个月以上在国（境）外留学、工作、生活的，不得报考。
6.提供集体宿舍，可为符合条件人员办理集体户口。
7.工资待遇按人民警察标准执行，享受加班补贴和值勤岗位津贴。
8.有固定的探亲假和休假安排。
9.在本单位最低服务年限五年（含试用期）。
10.仅限男性报考。
11.请考生及时关注“移民管理警察招考小助手”微信小程序发布的报考信息。","https://www.xuanhan.gov.cn/xxgk-show-77635.html#164118-300130001002","2023-10-15","{""dataset_year"":2024,""job_uid"":""GOV-2024-164118-300130001002"",""publisher"":""国家公务员局"",""publication_page"":""https://www.xuanhan.gov.cn/xxgk-show-77635.html"",""attachment_url"":""https://www.xuanhan.gov.cn/uploadfile/1/Attachment/638fdecf51.zip"",""local_source_file"":""中央机关及其直属机构2024年度考试录用公务员招考简章.xls"",""local_source_sha256"":""a1741b99dbecd6d03e533f99f2d69b0fa5a79733e551b80af69986ceed2ad996"",""source_sheet"":""中央国家行政机关省级以下直属机构"",""filter_version"":""government_tech_v2"",""tech_filter"":{""is_tech"":true,""is_core_tech"":true,""scope"":""core"",""categories"":[""computer_software"",""data_ai"",""electronics_communication""],""matched_fields"":[""major"",""description""],""major_terms"":[""大数据"",""数据科学与大数据技术"",""电子信息类"",""计算机类""],""role_terms"":[""数据分析"",""通信技术""],""reason"":""tech_major_and_role""},""original"":{""部门代码"":""164118"",""部门名称"":""安徽出入境边防检查总站"",""用人司局"":""安徽出入境边防检查总站"",""机构性质"":""中央国家行政机关省级以下直属机构"",""招考职位"":""合肥边检站一级警长及以下（二）"",""职位属性"":""公安机关人民警察职位"",""职位分布"":""其他职位"",""职位简介"":""属公安机关人民警察，从事出入境边防检查工作和提供行动技术、警务通信技术、数据分析等专业技术支持工作。"",""职位代码"":""300130001002"",""机构层级"":""市（地）级"",""考试类别"":""行政执法类"",""招考人数"":""1"",""专业"":""电子信息类、计算机类、数据科学与大数据技术"",""学历"":""本科及以上"",""学位"":""与最高学历相对应的学位"",""政治面貌"":""中共党员或共青团员"",""基层工作最低年限"":""无限制"",""服务基层项目工作经历"":""无限制"",""是否在面试阶段组织专业能力测试"":""否"",""面试人员比例"":""3:1"",""工作地点"":""安徽省合肥市"",""落户地点"":""安徽省合肥市"",""备注"":""1.限应届高校毕业生报考（高等学历教育各阶段均需取得相应学历和学位）。\n2.能熟练运用所学专业开展工作。\n3.按《公务员录用体检特殊标准（试行）》进行体检，对《公务员录用体检特殊标准（试行）》未作规定的项目，按《公务员录用体检通用标准（试行）》执行，视力标准可询招录单位。\n4.按《公安机关录用人民警察体能测评项目和标准（暂行）》进行体能测评。\n5.按《公安机关录用人民警察政治考察工作办法》开展考察。具有《公安机关录用人民警察政治考察工作办法》第八条、第九条情形的，不得报考；父母、配偶或子女已移居国（境）外的，不得报考；非公派原因曾六个月以上在国（境）外留学、工作、生活的，不得报考。\n6.提供集体宿舍，可为符合条件人员办理集体户口。\n7.工资待遇按人民警察标准执行，享受加班补贴和值勤岗位津贴。\n8.有固定的探亲假和休假安排。\n9.在本单位最低服务年限五年（含试用期）。\n10.仅限男性报考。\n11.请考生及时关注“移民管理警察招考小助手”微信小程序发布的报考信息。"",""部门网站"":""https://rczk.nia.gov.cn"",""咨询电话1"":""055165321888-5716"",""咨询电话2"":"""",""咨询电话3"":"""",""来源Sheet"":""中央国家行政机关省级以下直属机构""}}"
"government_jobs","国家公务员2024招考简章","公务员/事业单位技术岗位","安徽省马鞍山市","2026-07-28T09:12:58.310295+00:00","马鞍山边检站一级警长及以下（二）","安徽出入境边防检查总站","","安徽省马鞍山市","公务员/事业单位;2024;computer_software;data_ai;electronics_communication;本科及以上;与最高学历相对应的学位;电子信息类、计算机类、数据科学与大数据技术、数学类、机械类;行政执法类","用人司局：安徽出入境边防检查总站
职位简介：属公安机关人民警察，从事出入境边防检查工作和提供行动技术、警务通信技术、数据分析等专业技术支持工作。
专业要求：电子信息类、计算机类、数据科学与大数据技术、数学类、机械类
学历要求：本科及以上
学位要求：与最高学历相对应的学位
政治面貌：中共党员或共青团员
基层工作经历：无限制
考试类别：行政执法类
备注：1.限应届高校毕业生报考（高等学历教育各阶段均需取得相应学历和学位）。
2.能熟练运用所学专业开展工作。
3.按《公务员录用体检特殊标准（试行）》进行体检，对《公务员录用体检特殊标准（试行）》未作规定的项目，按《公务员录用体检通用标准（试行）》执行，视力标准可询招录单位。
4.按《公安机关录用人民警察体能测评项目和标准（暂行）》进行体能测评。
5.按《公安机关录用人民警察政治考察工作办法》开展考察。具有《公安机关录用人民警察政治考察工作办法》第八条、第九条情形的，不得报考；父母、配偶或子女已移居国（境）外的，不得报考；非公派原因曾六个月以上在国（境）外留学、工作、生活的，不得报考。
6.提供集体宿舍，可为符合条件人员办理集体户口。
7.工资待遇按人民警察标准执行，享受加班补贴和值勤岗位津贴。
8.有固定的探亲假和休假安排。
9.在本单位最低服务年限五年（含试用期）。
10.仅限男性报考。
11.请考生及时关注“移民管理警察招考小助手”微信小程序发布的报考信息。","https://www.xuanhan.gov.cn/xxgk-show-77635.html#164118-300130001008","2023-10-15","{""dataset_year"":2024,""job_uid"":""GOV-2024-164118-300130001008"",""publisher"":""国家公务员局"",""publication_page"":""https://www.xuanhan.gov.cn/xxgk-show-77635.html"",""attachment_url"":""https://www.xuanhan.gov.cn/uploadfile/1/Attachment/638fdecf51.zip"",""local_source_file"":""中央机关及其直属机构2024年度考试录用公务员招考简章.xls"",""local_source_sha256"":""a1741b99dbecd6d03e533f99f2d69b0fa5a79733e551b80af69986ceed2ad996"",""source_sheet"":""中央国家行政机关省级以下直属机构"",""filter_version"":""government_tech_v2"",""tech_filter"":{""is_tech"":true,""is_core_tech"":true,""scope"":""core"",""categories"":[""computer_software"",""data_ai"",""electronics_communication""],""matched_fields"":[""major"",""description""],""major_terms"":[""大数据"",""数据科学与大数据技术"",""电子信息类"",""计算机类""],""role_terms"":[""数据分析"",""通信技术""],""reason"":""tech_major_and_role""},""original"":{""部门代码"":""164118"",""部门名称"":""安徽出入境边防检查总站"",""用人司局"":""安徽出入境边防检查总站"",""机构性质"":""中央国家行政机关省级以下直属机构"",""招考职位"":""马鞍山边检站一级警长及以下（二）"",""职位属性"":""公安机关人民警察职位"",""职位分布"":""其他职位"",""职位简介"":""属公安机关人民警察，从事出入境边防检查工作和提供行动技术、警务通信技术、数据分析等专业技术支持工作。"",""职位代码"":""300130001008"",""机构层级"":""市（地）级"",""考试类别"":""行政执法类"",""招考人数"":""1"",""专业"":""电子信息类、计算机类、数据科学与大数据技术、数学类、机械类"",""学历"":""本科及以上"",""学位"":""与最高学历相对应的学位"",""政治面貌"":""中共党员或共青团员"",""基层工作最低年限"":""无限制"",""服务基层项目工作经历"":""无限制"",""是否在面试阶段组织专业能力测试"":""否"",""面试人员比例"":""3:1"",""工作地点"":""安徽省马鞍山市"",""落户地点"":""安徽省马鞍山市"",""备注"":""1.限应届高校毕业生报考（高等学历教育各阶段均需取得相应学历和学位）。\n2.能熟练运用所学专业开展工作。\n3.按《公务员录用体检特殊标准（试行）》进行体检，对《公务员录用体检特殊标准（试行）》未作规定的项目，按《公务员录用体检通用标准（试行）》执行，视力标准可询招录单位。\n4.按《公安机关录用人民警察体能测评项目和标准（暂行）》进行体能测评。\n5.按《公安机关录用人民警察政治考察工作办法》开展考察。具有《公安机关录用人民警察政治考察工作办法》第八条、第九条情形的，不得报考；父母、配偶或子女已移居国（境）外的，不得报考；非公派原因曾六个月以上在国（境）外留学、工作、生活的，不得报考。\n6.提供集体宿舍，可为符合条件人员办理集体户口。\n7.工资待遇按人民警察标准执行，享受加班补贴和值勤岗位津贴。\n8.有固定的探亲假和休假安排。\n9.在本单位最低服务年限五年（含试用期）。\n10.仅限男性报考。\n11.请考生及时关注“移民管理警察招考小助手”微信小程序发布的报考信息。"",""部门网站"":""https://rczk.nia.gov.cn"",""咨询电话1"":""055165321888-5716"",""咨询电话2"":"""",""咨询电话3"":"""",""来源Sheet"":""中央国家行政机关省级以下直属机构""}}"
"government_jobs","国家公务员2024招考简章","公务员/事业单位技术岗位","山东省济南市","2026-07-28T09:12:58.310295+00:00","山东出入境边防检查总站信息科技处一级警长及以下","山东出入境边防检查总站","","山东省济南市","公务员/事业单位;2024;computer_software;硕士研究生及以上;与最高学历相对应的学位;计算机科学与技术 081200 软件工程 083500 人工智能 085410;行政执法类","用人司局：山东出入境边防检查总站
职位简介：属于公安机关人民警察，从事行动技术信通技术支持、大型安保等工作。
专业要求：计算机科学与技术 081200 软件工程 083500 人工智能 085410
学历要求：硕士研究生及以上
学位要求：与最高学历相对应的学位
政治面貌：中共党员或共青团员
基层工作经历：二年
考试类别：行政执法类
备注：1．高等学历教育各阶段均需取得相应学历和学位。
2．大学英语六级425分及以上。
3．按《公务员录用体检特殊标准（试行）》进行体检，对《公务员录用体检特殊标准（试行）》未作规定的项目，按《公务员录用体检通用标准（试行）》执行，视力标准可询招录单位。
4．按《公安机关录用人民警察体能测评项目和标准（暂行）》进行体能测评。
5．按《公安机关录用人民警察政治考察工作办法》开展考察。具有《公安机关录用人民警察政治考察工作办法》第八条、第九条情形的，不得报考；父母、配偶或子女已移居国（境）外的，不得报考；非公派原因曾六个月以上在国（境）外留学、工作、生活的，不得报考。
6．工资待遇按人民警察标准执行，享受法定工作日之外加班补贴和值勤岗位津贴，提供集体宿舍，有固定的探亲假和休假安排。
7．请考生及时关注“移民管理警察招考小助手”微信小程序发布的报考信息。","https://www.xuanhan.gov.cn/xxgk-show-77635.html#164120-300130001014","2023-10-15","{""dataset_year"":2024,""job_uid"":""GOV-2024-164120-300130001014"",""publisher"":""国家公务员局"",""publication_page"":""https://www.xuanhan.gov.cn/xxgk-show-77635.html"",""attachment_url"":""https://www.xuanhan.gov.cn/uploadfile/1/Attachment/638fdecf51.zip"",""local_source_file"":""中央机关及其直属机构2024年度考试录用公务员招考简章.xls"",""local_source_sha256"":""a1741b99dbecd6d03e533f99f2d69b0fa5a79733e551b80af69986ceed2ad996"",""source_sheet"":""中央国家行政机关省级以下直属机构"",""filter_version"":""government_tech_v2"",""tech_filter"":{""is_tech"":true,""is_core_tech"":true,""scope"":""core"",""categories"":[""computer_software""],""matched_fields"":[""major"",""job_title""],""major_terms"":[""人工智能"",""计算机科学与技术"",""软件工程""],""role_terms"":[""信息科技""],""reason"":""tech_major_and_role""},""original"":{""部门代码"":""164120"",""部门名称"":""山东出入境边防检查总站"",""用人司局"":""山东出入境边防检查总站"",""机构性质"":""中央国家行政机关省级以下直属机构"",""招考职位"":""山东出入境边防检查总站信息科技处一级警长及以下"",""职位属性"":""公安机关人民警察职位"",""职位分布"":""其他职位"",""职位简介"":""属于公安机关人民警察，从事行动技术信通技术支持、大型安保等工作。"",""职位代码"":""300130001014"",""机构层级"":""省（副省）级"",""考试类别"":""行政执法类"",""招考人数"":""1"",""专业"":""计算机科学与技术 081200 软件工程 083500 人工智能 085410"",""学历"":""硕士研究生及以上"",""学位"":""与最高学历相对应的学位"",""政治面貌"":""中共党员或共青团员"",""基层工作最低年限"":""二年"",""服务基层项目工作经历"":""无限制"",""是否在面试阶段组织专业能力测试"":""否"",""面试人员比例"":""5:1"",""工作地点"":""山东省济南市"",""落户地点"":""山东省济南市"",""备注"":""1．高等学历教育各阶段均需取得相应学历和学位。\n2．大学英语六级425分及以上。\n3．按《公务员录用体检特殊标准（试行）》进行体检，对《公务员录用体检特殊标准（试行）》未作规定的项目，按《公务员录用体检通用标准（试行）》执行，视力标准可询招录单位。\n4．按《公安机关录用人民警察体能测评项目和标准（暂行）》进行体能测评。\n5．按《公安机关录用人民警察政治考察工作办法》开展考察。具有《公安机关录用人民警察政治考察工作办法》第八条、第九条情形的，不得报考；父母、配偶或子女已移居国（境）外的，不得报考；非公派原因曾六个月以上在国（境）外留学、工作、生活的，不得报考。\n6．工资待遇按人民警察标准执行，享受法定工作日之外加班补贴和值勤岗位津贴，提供集体宿舍，有固定的探亲假和休假安排。\n7．请考生及时关注“移民管理警察招考小助手”微信小程序发布的报考信息。"",""部门网站"":""https://rczk.nia.gov.cn"",""咨询电话1"":""0531-85197917"",""咨询电话2"":"""",""咨询电话3"":"""",""来源Sheet"":""中央国家行政机关省级以下直属机构""}}"
"government_jobs","国家公务员2024招考简章","公务员/事业单位技术岗位","湖北省","2026-07-28T09:12:58.310295+00:00","边检站一级警长及以下（五）","湖北出入境边防检查总站","","湖北省","公务员/事业单位;2024;automation_robotics;computer_software;cybersecurity_cryptography;electronics_communication;本科及以上;与最高学历相对应的学位;电子信息工程专业、电子科学与技术专业、通信工程专业、信息工程专业、计算机科学与技术专业、软件工程专业、电子与计算机工程、大数据技术与工程专业、网络工程专业、信息安全专业、电气工程及其自动化、电气工程专业;行政执法类","用人司局：湖北出入境边防检查总站
职位简介：属于公安机关人民警察，从事出入境边防检查，负责单位公安网、梅沙系统以及指挥中心技术装备软、硬件维护等工作。
专业要求：电子信息工程专业、电子科学与技术专业、通信工程专业、信息工程专业、计算机科学与技术专业、软件工程专业、电子与计算机工程、大数据技术与工程专业、网络工程专业、信息安全专业、电气工程及其自动化、电气工程专业
学历要求：本科及以上
学位要求：与最高学历相对应的学位
政治面貌：中共党员或共青团员
基层工作经历：无限制
考试类别：行政执法类
备注：1.限2024届高校毕业生报考（高等学历教育各阶段均需取得相应学历和学位）。
2.大学英语四级425分及以上。
3.能熟练运用所学专业开展工作。
4.按《公务员录用体检特殊标准（试行）》进行体检，对《公务员录用体检特殊标准（试行）》未作规定的项目，按《公务员录用体检通用标准（试行）》执行，视力标准可询招录单位。
5.按《公安机关录用人民警察体能测评项目和标准（暂行）》进行体能测评。
6.按《公安机关录用人民警察政治考察工作办法》开展考察。具有《公安机关录用人民警察政治考察工作办法》第八条、第九条情形的，不得报考；父母、配偶或子女已移居国（境）外的，不得报考；非公派原因曾六个月以上在国（境）外留学、工作、生活的，不得报考。
7.提供集体宿舍。
8.可为符合条件人员办理集体户口。
9.工资待遇按人民警察标准执行，享受加班补贴和值勤岗位津贴。
10.有固定的探亲假和休假安排。
11.在本单位最低服务年限五年（含试用期）。
12.仅限男性报考。
13.须服从二次分配。
14.请考生及时关注“移民管理警察招考小助手”微信小程序发布的报考信息。","https://www.xuanhan.gov.cn/xxgk-show-77635.html#164122-300130001006","2023-10-15","{""dataset_year"":2024,""job_uid"":""GOV-2024-164122-300130001006"",""publisher"":""国家公务员局"",""publication_page"":""https://www.xuanhan.gov.cn/xxgk-show-77635.html"",""attachment_url"":""https://www.xuanhan.gov.cn/uploadfile/1/Attachment/638fdecf51.zip"",""local_source_file"":""中央机关及其直属机构2024年度考试录用公务员招考简章.xls"",""local_source_sha256"":""a1741b99dbecd6d03e533f99f2d69b0fa5a79733e551b80af69986ceed2ad996"",""source_sheet"":""中央国家行政机关省级以下直属机构"",""filter_version"":""government_tech_v2"",""tech_filter"":{""is_tech"":true,""is_core_tech"":true,""scope"":""core"",""categories"":[""automation_robotics"",""computer_software"",""cybersecurity_cryptography"",""electronics_communication""],""matched_fields"":[""major"",""description""],""major_terms"":[""信息安全"",""大数据"",""电子信息工程"",""电子科学与技术"",""网络工程"",""自动化"",""计算机"",""计算机科学与技术"",""软件工程"",""通信工程""],""role_terms"":[""软、硬件""],""reason"":""tech_major_and_role""},""original"":{""部门代码"":""164122"",""部门名称"":""湖北出入境边防检查总站"",""用人司局"":""湖北出入境边防检查总站"",""机构性质"":""中央国家行政机关省级以下直属机构"",""招考职位"":""边检站一级警长及以下（五）"",""职位属性"":""公安机关人民警察职位"",""职位分布"":""其他职位"",""职位简介"":""属于公安机关人民警察，从事出入境边防检查，负责单位公安网、梅沙系统以及指挥中心技术装备软、硬件维护等工作。"",""职位代码"":""300130001006"",""机构层级"":""市（地）级"",""考试类别"":""行政执法类"",""招考人数"":""1"",""专业"":""电子信息工程专业、电子科学与技术专业、通信工程专业、信息工程专业、计算机科学与技术专业、软件工程专业、电子与计算机工程、大数据技术与工程专业、网络工程专业、信息安全专业、电气工程及其自动化、电气工程专业"",""学历"":""本科及以上"",""学位"":""与最高学历相对应的学位"",""政治面貌"":""中共党员或共青团员"",""基层工作最低年限"":""无限制"",""服务基层项目工作经历"":""无限制"",""是否在面试阶段组织专业能力测试"":""否"",""面试人员比例"":""3:1"",""工作地点"":""湖北省"",""落户地点"":""湖北省"",""备注"":""1.限2024届高校毕业生报考（高等学历教育各阶段均需取得相应学历和学位）。\n2.大学英语四级425分及以上。\n3.能熟练运用所学专业开展工作。\n4.按《公务员录用体检特殊标准（试行）》进行体检，对《公务员录用体检特殊标准（试行）》未作规定的项目，按《公务员录用体检通用标准（试行）》执行，视力标准可询招录单位。\n5.按《公安机关录用人民警察体能测评项目和标准（暂行）》进行体能测评。\n6.按《公安机关录用人民警察政治考察工作办法》开展考察。具有《公安机关录用人民警察政治考察工作办法》第八条、第九条情形的，不得报考；父母、配偶或子女已移居国（境）外的，不得报考；非公派原因曾六个月以上在国（境）外留学、工作、生活的，不得报考。\n7.提供集体宿舍。\n8.可为符合条件人员办理集体户口。\n9.工资待遇按人民警察标准执行，享受加班补贴和值勤岗位津贴。\n10.有固定的探亲假和休假安排。\n11.在本单位最低服务年限五年（含试用期）。\n12.仅限男性报考。\n13.须服从二次分配。\n14.请考生及时关注“移民管理警察招考小助手”微信小程序发布的报考信息。"",""部门网站"":""https://rczk.nia.gov.cn"",""咨询电话1"":""027-65772027"",""咨询电话2"":"""",""咨询电话3"":"""",""来源Sheet"":""中央国家行政机关省级以下直属机构""}}"
"government_jobs","国家公务员2024招考简章","公务员/事业单位技术岗位","湖北省","2026-07-28T09:12:58.310295+00:00","边检站警务技术一级主管及以下","湖北出入境边防检查总站","","湖北省","公务员/事业单位;2024;computer_software;electronics_communication;硕士研究生及以上;与最高学历相对应的学位;计算机科学与技术专业、计算机系统结构、计算机软件与理论、计算机应用技术、电气工程、信息与通信工程、通信与信息系统、软件工程专业;市（地）级及以下直属机构综合管理类","用人司局：湖北出入境边防检查总站
职位简介：属于公安机关人民警察，从事出入境边防检查，负责警务技术研究、使用，以及单位公安网、梅沙系统以及指挥中心技术装备软、硬件维护等工作。
专业要求：计算机科学与技术专业、计算机系统结构、计算机软件与理论、计算机应用技术、电气工程、信息与通信工程、通信与信息系统、软件工程专业
学历要求：硕士研究生及以上
学位要求：与最高学历相对应的学位
政治面貌：中共党员或共青团员
基层工作经历：无限制
考试类别：市（地）级及以下直属机构综合管理类
备注：1.限2024届高校毕业生报考（高等学历教育各阶段均需取得相应学历和学位）。
2.大学英语四级425分及以上。
3.能熟练运用所学专业开展工作。
4.按《公务员录用体检特殊标准（试行）》进行体检，对《公务员录用体检特殊标准（试行）》未作规定的项目，按《公务员录用体检通用标准（试行）》执行，视力标准可询招录单位。
5.按《公安机关录用人民警察体能测评项目和标准（暂行）》进行体能测评。
6.按《公安机关录用人民警察政治考察工作办法》开展考察。具有《公安机关录用人民警察政治考察工作办法》第八条、第九条情形的，不得报考；父母、配偶或子女已移居国（境）外的，不得报考；非公派原因曾六个月以上在国（境）外留学、工作、生活的，不得报考。
7.提供集体宿舍。
8.可为符合条件人员办理集体户口。
9.工资待遇按人民警察标准执行，享受加班补贴和值勤岗位津贴。
10.有固定的探亲假和休假安排。
11.在本单位最低服务年限五年（含试用期）。
12.仅限男性报考。
13.须服从二次分配。
14.请考生及时关注“移民管理警察招考小助手”微信小程序发布的报考信息。","https://www.xuanhan.gov.cn/xxgk-show-77635.html#164122-300130001007","2023-10-15","{""dataset_year"":2024,""job_uid"":""GOV-2024-164122-300130001007"",""publisher"":""国家公务员局"",""publication_page"":""https://www.xuanhan.gov.cn/xxgk-show-77635.html"",""attachment_url"":""https://www.xuanhan.gov.cn/uploadfile/1/Attachment/638fdecf51.zip"",""local_source_file"":""中央机关及其直属机构2024年度考试录用公务员招考简章.xls"",""local_source_sha256"":""a1741b99dbecd6d03e533f99f2d69b0fa5a79733e551b80af69986ceed2ad996"",""source_sheet"":""中央国家行政机关省级以下直属机构"",""filter_version"":""government_tech_v2"",""tech_filter"":{""is_tech"":true,""is_core_tech"":true,""scope"":""core"",""categories"":[""computer_software"",""electronics_communication""],""matched_fields"":[""major"",""description""],""major_terms"":[""信息与通信工程"",""计算机"",""计算机科学与技术"",""软件工程"",""通信工程""],""role_terms"":[""软、硬件""],""reason"":""tech_major_and_role""},""original"":{""部门代码"":""164122"",""部门名称"":""湖北出入境边防检查总站"",""用人司局"":""湖北出入境边防检查总站"",""机构性质"":""中央国家行政机关省级以下直属机构"",""招考职位"":""边检站警务技术一级主管及以下"",""职位属性"":""公安机关人民警察职位"",""职位分布"":""其他职位"",""职位简介"":""属于公安机关人民警察，从事出入境边防检查，负责警务技术研究、使用，以及单位公安网、梅沙系统以及指挥中心技术装备软、硬件维护等工作。"",""职位代码"":""300130001007"",""机构层级"":""市（地）级"",""考试类别"":""市（地）级及以下直属机构综合管理类"",""招考人数"":""4"",""专业"":""计算机科学与技术专业、计算机系统结构、计算机软件与理论、计算机应用技术、电气工程、信息与通信工程、通信与信息系统、软件工程专业"",""学历"":""硕士研究生及以上"",""学位"":""与最高学历相对应的学位"",""政治面貌"":""中共党员或共青团员"",""基层工作最低年限"":""无限制"",""服务基层项目工作经历"":""无限制"",""是否在面试阶段组织专业能力测试"":""否"",""面试人员比例"":""3:1"",""工作地点"":""湖北省"",""落户地点"":""湖北省"",""备注"":""1.限2024届高校毕业生报考（高等学历教育各阶段均需取得相应学历和学位）。\n2.大学英语四级425分及以上。\n3.能熟练运用所学专业开展工作。\n4.按《公务员录用体检特殊标准（试行）》进行体检，对《公务员录用体检特殊标准（试行）》未作规定的项目，按《公务员录用体检通用标准（试行）》执行，视力标准可询招录单位。\n5.按《公安机关录用人民警察体能测评项目和标准（暂行）》进行体能测评。\n6.按《公安机关录用人民警察政治考察工作办法》开展考察。具有《公安机关录用人民警察政治考察工作办法》第八条、第九条情形的，不得报考；父母、配偶或子女已移居国（境）外的，不得报考；非公派原因曾六个月以上在国（境）外留学、工作、生活的，不得报考。\n7.提供集体宿舍。\n8.可为符合条件人员办理集体户口。\n9.工资待遇按人民警察标准执行，享受加班补贴和值勤岗位津贴。\n10.有固定的探亲假和休假安排。\n11.在本单位最低服务年限五年（含试用期）。\n12.仅限男性报考。\n13.须服从二次分配。\n14.请考生及时关注“移民管理警察招考小助手”微信小程序发布的报考信息。"",""部门网站"":""https://rczk.nia.gov.cn"",""咨询电话1"":""027-65772027"",""咨询电话2"":"""",""咨询电话3"":"""",""来源Sheet"":""中央国家行政机关省级以下直属机构""}}"
"government_jobs","国家公务员2024招考简章","公务员/事业单位技术岗位","湖南省张家界市","2026-07-28T09:12:58.310295+00:00","张家界边检站一级警长及以下（三）","湖南出入境边防检查总站","","湖南省张家界市","公务员/事业单位;2024;computer_software;electronics_communication;硕士研究生及以上;与最高学历相对应的学位;信息与通信工程、通信与信息系统、计算机科学与技术、计算机系统结构、计算机软件与理论、计算机应用技术、计算机技术、软件工程;行政执法类","用人司局：湖南出入境边防检查总站
职位简介：属于公安机关人民警察，从事出入境边防检查等信息化应用的技术支持、服务保障、各类信息通信系统、设施设备的日常运维和应急通信保障工作。
专业要求：信息与通信工程、通信与信息系统、计算机科学与技术、计算机系统结构、计算机软件与理论、计算机应用技术、计算机技术、软件工程
学历要求：硕士研究生及以上
学位要求：与最高学历相对应的学位
政治面貌：中共党员或共青团员
基层工作经历：无限制
考试类别：行政执法类
备注：1.限2024届高校毕业生报考（高等学历教育各阶段均需取得相应学历和学位）。2.大学英语四级425分及以上。3.能熟练运用所学专业开展工作。4．按《公务员录用体检特殊标准（试行）》进行体检，对《公务员录用体检特殊标准（试行）》未作规定的项目，按《公务员录用体检通用标准（试行）》执行，视力标准可询招录单位。5.按《公安机关录用人民警察体能测评项目和标准（暂行）》进行体能测评。6.按《公安机关录用人民警察政治考察工作办法》开展考察。具有《公安机关录用人民警察政治考察工作办法》第八条、第九条情形的，不得报考；父母、配偶或子女已移居国（境）外的，不得报考；非公派原因曾六个月以上在国（境）外留学、工作、生活的，不得报考。7.提供集体宿舍。工资待遇按人民警察标准执行，享受加班补贴和值勤岗位津贴。有固定的探亲假和休假安排。8.仅限男性报考。9.请考生及时关注“移民管理警察招考小助手”微信小程序发布的报考信息。","https://www.xuanhan.gov.cn/xxgk-show-77635.html#164123-300130123003","2023-10-15","{""dataset_year"":2024,""job_uid"":""GOV-2024-164123-300130123003"",""publisher"":""国家公务员局"",""publication_page"":""https://www.xuanhan.gov.cn/xxgk-show-77635.html"",""attachment_url"":""https://www.xuanhan.gov.cn/uploadfile/1/Attachment/638fdecf51.zip"",""local_source_file"":""中央机关及其直属机构2024年度考试录用公务员招考简章.xls"",""local_source_sha256"":""a1741b99dbecd6d03e533f99f2d69b0fa5a79733e551b80af69986ceed2ad996"",""source_sheet"":""中央国家行政机关省级以下直属机构"",""filter_version"":""government_tech_v2"",""tech_filter"":{""is_tech"":true,""is_core_tech"":true,""scope"":""core"",""categories"":[""computer_software"",""electronics_communication""],""matched_fields"":[""major"",""description""],""major_terms"":[""信息与通信工程"",""计算机"",""计算机技术"",""计算机科学与技术"",""软件工程"",""通信工程""],""role_terms"":[""信息化"",""信息通信""],""reason"":""tech_major_and_role""},""original"":{""部门代码"":""164123"",""部门名称"":""湖南出入境边防检查总站"",""用人司局"":""湖南出入境边防检查总站"",""机构性质"":""中央国家行政机关省级以下直属机构"",""招考职位"":""张家界边检站一级警长及以下（三）"",""职位属性"":""公安机关人民警察职位"",""职位分布"":""其他职位"",""职位简介"":""属于公安机关人民警察，从事出入境边防检查等信息化应用的技术支持、服务保障、各类信息通信系统、设施设备的日常运维和应急通信保障工作。"",""职位代码"":""300130123003"",""机构层级"":""市（地）级"",""考试类别"":""行政执法类"",""招考人数"":""1"",""专业"":""信息与通信工程、通信与信息系统、计算机科学与技术、计算机系统结构、计算机软件与理论、计算机应用技术、计算机技术、软件工程"",""学历"":""硕士研究生及以上"",""学位"":""与最高学历相对应的学位"",""政治面貌"":""中共党员或共青团员"",""基层工作最低年限"":""无限制"",""服务基层项目工作经历"":""无限制"",""是否在面试阶段组织专业能力测试"":""否"",""面试人员比例"":""3:1"",""工作地点"":""湖南省张家界市"",""落户地点"":""湖南省张家界市"",""备注"":""1.限2024届高校毕业生报考（高等学历教育各阶段均需取得相应学历和学位）。2.大学英语四级425分及以上。3.能熟练运用所学专业开展工作。4．按《公务员录用体检特殊标准（试行）》进行体检，对《公务员录用体检特殊标准（试行）》未作规定的项目，按《公务员录用体检通用标准（试行）》执行，视力标准可询招录单位。5.按《公安机关录用人民警察体能测评项目和标准（暂行）》进行体能测评。6.按《公安机关录用人民警察政治考察工作办法》开展考察。具有《公安机关录用人民警察政治考察工作办法》第八条、第九条情形的，不得报考；父母、配偶或子女已移居国（境）外的，不得报考；非公派原因曾六个月以上在国（境）外留学、工作、生活的，不得报考。7.提供集体宿舍。工资待遇按人民警察标准执行，享受加班补贴和值勤岗位津贴。有固定的探亲假和休假安排。8.仅限男性报考。9.请考生及时关注“移民管理警察招考小助手”微信小程序发布的报考信息。"",""部门网站"":""https://rczk.nia.gov.cn"",""咨询电话1"":""0731-85895632"",""咨询电话2"":"""",""咨询电话3"":"""",""来源Sheet"":""中央国家行政机关省级以下直属机构""}}"
"government_jobs","国家公务员2024招考简章","公务员/事业单位技术岗位","广西壮族自治区南宁市","2026-07-28T09:12:58.310295+00:00","广西出入境边防检查总站技术保障队警务技术一级主管及以下（一）","广西出入境边防检查总站","","广西壮族自治区南宁市","公务员/事业单位;2024;automation_robotics;computer_software;cybersecurity_cryptography;electronics_communication;硕士研究生及以上;与最高学历相对应的学位;0701数学、0775计算机科学与技术、0808电气工程、0809电子科学与技术、0810信息与通信工程、0811控制科学与工程、0812计算机科学与技术、0835软件工程、0839网络空间安全、0854电子信息;中央机关及其省级直属机构综合管理类","用人司局：广西出入境边防检查总站
职位简介：属于公安机关人民警察，主要从事移民管理有关软件系统设计、研发及运维等工作。
专业要求：0701数学、0775计算机科学与技术、0808电气工程、0809电子科学与技术、0810信息与通信工程、0811控制科学与工程、0812计算机科学与技术、0835软件工程、0839网络空间安全、0854电子信息
学历要求：硕士研究生及以上
学位要求：与最高学历相对应的学位
政治面貌：中共党员或共青团员
基层工作经历：二年
考试类别：中央机关及其省级直属机构综合管理类
备注：1.具有2年及以上软件项目设计、研发工作经历（需在备注栏注明），能熟练运用所学专业开展工作。
2.专业能力测试为上机实操测试，占综合成绩的比重为15%。
3.大学英语六级425分及以上。
4.按《公务员录用体检特殊标准（试行）》进行体检，对《公务员录用体检特殊标准（试行）》未作规定的项目，按《公务员录用体检通用标准（试行）》执行，视力标准可询招录单位。
5.按《公安机关录用人民警察体能测评项目和标准（暂行）》进行体能测评。
6.按《公安机关录用人民警察政治考察工作办法》开展考察。具有《公安机关录用人民警察政治考察工作办法》第八条、第九条情形的，不得报考；父母、配偶或子女已移居国（境）外的，不得报考；非公派原因曾六个月以上在国（境）外留学、工作、生活的，不得报考。
7.工资待遇按人民警察标准执行，享受加班补贴和值勤岗位津贴。有固定的探亲假和休假安排。提供宿舍。
8.请考生及时关注“移民管理警察招考小助手”微信小程序发布的报考信息。","https://www.xuanhan.gov.cn/xxgk-show-77635.html#164124-300130001001","2023-10-15","{""dataset_year"":2024,""job_uid"":""GOV-2024-164124-300130001001"",""publisher"":""国家公务员局"",""publication_page"":""https://www.xuanhan.gov.cn/xxgk-show-77635.html"",""attachment_url"":""https://www.xuanhan.gov.cn/uploadfile/1/Attachment/638fdecf51.zip"",""local_source_file"":""中央机关及其直属机构2024年度考试录用公务员招考简章.xls"",""local_source_sha256"":""a1741b99dbecd6d03e533f99f2d69b0fa5a79733e551b80af69986ceed2ad996"",""source_sheet"":""中央国家行政机关省级以下直属机构"",""filter_version"":""government_tech_v2"",""tech_filter"":{""is_tech"":true,""is_core_tech"":true,""scope"":""core"",""categories"":[""automation_robotics"",""computer_software"",""cybersecurity_cryptography"",""electronics_communication""],""matched_fields"":[""major"",""description"",""remarks""],""major_terms"":[""信息与通信工程"",""控制科学与工程"",""电子信息"",""电子科学与技术"",""网络空间安全"",""计算机科学与技术"",""软件工程"",""通信工程""],""role_terms"":[""软件""],""reason"":""tech_major_and_role""},""original"":{""部门代码"":""164124"",""部门名称"":""广西出入境边防检查总站"",""用人司局"":""广西出入境边防检查总站"",""机构性质"":""中央国家行政机关省级以下直属机构"",""招考职位"":""广西出入境边防检查总站技术保障队警务技术一级主管及以下（一）"",""职位属性"":""公安机关人民警察职位"",""职位分布"":""其他职位"",""职位简介"":""属于公安机关人民警察，主要从事移民管理有关软件系统设计、研发及运维等工作。"",""职位代码"":""300130001001"",""机构层级"":""省（副省）级"",""考试类别"":""中央机关及其省级直属机构综合管理类"",""招考人数"":""2"",""专业"":""0701数学、0775计算机科学与技术、0808电气工程、0809电子科学与技术、0810信息与通信工程、0811控制科学与工程、0812计算机科学与技术、0835软件工程、0839网络空间安全、0854电子信息"",""学历"":""硕士研究生及以上"",""学位"":""与最高学历相对应的学位"",""政治面貌"":""中共党员或共青团员"",""基层工作最低年限"":""二年"",""服务基层项目工作经历"":""无限制"",""是否在面试阶段组织专业能力测试"":""是"",""面试人员比例"":""5:1"",""工作地点"":""广西壮族自治区南宁市"",""落户地点"":""广西壮族自治区南宁市"",""备注"":""1.具有2年及以上软件项目设计、研发工作经历（需在备注栏注明），能熟练运用所学专业开展工作。\n2.专业能力测试为上机实操测试，占综合成绩的比重为15%。\n3.大学英语六级425分及以上。\n4.按《公务员录用体检特殊标准（试行）》进行体检，对《公务员录用体检特殊标准（试行）》未作规定的项目，按《公务员录用体检通用标准（试行）》执行，视力标准可询招录单位。\n5.按《公安机关录用人民警察体能测评项目和标准（暂行）》进行体能测评。\n6.按《公安机关录用人民警察政治考察工作办法》开展考察。具有《公安机关录用人民警察政治考察工作办法》第八条、第九条情形的，不得报考；父母、配偶或子女已移居国（境）外的，不得报考；非公派原因曾六个月以上在国（境）外留学、工作、生活的，不得报考。\n7.工资待遇按人民警察标准执行，享受加班补贴和值勤岗位津贴。有固定的探亲假和休假安排。提供宿舍。\n8.请考生及时关注“移民管理警察招考小助手”微信小程序发布的报考信息。"",""部门网站"":""https://rczk.nia.gov.cn"",""咨询电话1"":""0771-5728224"",""咨询电话2"":"""",""咨询电话3"":"""",""来源Sheet"":""中央国家行政机关省级以下直属机构""}}"
"government_jobs","国家公务员2024招考简章","公务员/事业单位技术岗位","广西壮族自治区南宁市","2026-07-28T09:12:58.310295+00:00","广西出入境边防检查总站技术保障队警务技术一级主管及以下（二）","广西出入境边防检查总站","","广西壮族自治区南宁市","公务员/事业单位;2024;automation_robotics;computer_software;cybersecurity_cryptography;electronics_communication;硕士研究生及以上;与最高学历相对应的学位;0701数学、0775计算机科学与技术、0808电气工程、0809电子科学与技术、0810信息与通信工程、0811控制科学与工程、0812计算机科学与技术、0835软件工程、0839网络空间安全、0854电子信息;中央机关及其省级直属机构综合管理类","用人司局：广西出入境边防检查总站
职位简介：属于公安机关人民警察，主要从事网络和信息安全管理等工作。
专业要求：0701数学、0775计算机科学与技术、0808电气工程、0809电子科学与技术、0810信息与通信工程、0811控制科学与工程、0812计算机科学与技术、0835软件工程、0839网络空间安全、0854电子信息
学历要求：硕士研究生及以上
学位要求：与最高学历相对应的学位
政治面貌：中共党员或共青团员
基层工作经历：二年
考试类别：中央机关及其省级直属机构综合管理类
备注：1.具有2年及以上网络和信息安全工作经历（需在备注栏注明），能熟练运用所学专业开展工作。
2.专业能力测试为上机实操测试，占综合成绩的比重为15%。
3.大学英语六级425分及以上。
4.按《公务员录用体检特殊标准（试行）》进行体检，对《公务员录用体检特殊标准（试行）》未作规定的项目，按《公务员录用体检通用标准（试行）》执行，视力标准可询招录单位。
5.按《公安机关录用人民警察体能测评项目和标准（暂行）》进行体能测评。
6.按《公安机关录用人民警察政治考察工作办法》开展考察。具有《公安机关录用人民警察政治考察工作办法》第八条、第九条情形的，不得报考；父母、配偶或子女已移居国（境）外的，不得报考；非公派原因曾六个月以上在国（境）外留学、工作、生活的，不得报考。
7.工资待遇按人民警察标准执行，享受加班补贴和值勤岗位津贴。有固定的探亲假和休假安排。提供宿舍。
8.请考生及时关注“移民管理警察招考小助手”微信小程序发布的报考信息。","https://www.xuanhan.gov.cn/xxgk-show-77635.html#164124-300130001002","2023-10-15","{""dataset_year"":2024,""job_uid"":""GOV-2024-164124-300130001002"",""publisher"":""国家公务员局"",""publication_page"":""https://www.xuanhan.gov.cn/xxgk-show-77635.html"",""attachment_url"":""https://www.xuanhan.gov.cn/uploadfile/1/Attachment/638fdecf51.zip"",""local_source_file"":""中央机关及其直属机构2024年度考试录用公务员招考简章.xls"",""local_source_sha256"":""a1741b99dbecd6d03e533f99f2d69b0fa5a79733e551b80af69986ceed2ad996"",""source_sheet"":""中央国家行政机关省级以下直属机构"",""filter_version"":""government_tech_v2"",""tech_filter"":{""is_tech"":true,""is_core_tech"":true,""scope"":""core"",""categories"":[""automation_robotics"",""computer_software"",""cybersecurity_cryptography"",""electronics_communication""],""matched_fields"":[""major"",""description"",""remarks""],""major_terms"":[""信息与通信工程"",""控制科学与工程"",""电子信息"",""电子科学与技术"",""网络空间安全"",""计算机科学与技术"",""软件工程"",""通信工程""],""role_terms"":[""信息安全""],""reason"":""tech_major_and_role""},""original"":{""部门代码"":""164124"",""部门名称"":""广西出入境边防检查总站"",""用人司局"":""广西出入境边防检查总站"",""机构性质"":""中央国家行政机关省级以下直属机构"",""招考职位"":""广西出入境边防检查总站技术保障队警务技术一级主管及以下（二）"",""职位属性"":""公安机关人民警察职位"",""职位分布"":""其他职位"",""职位简介"":""属于公安机关人民警察，主要从事网络和信息安全管理等工作。"",""职位代码"":""300130001002"",""机构层级"":""省（副省）级"",""考试类别"":""中央机关及其省级直属机构综合管理类"",""招考人数"":""2"",""专业"":""0701数学、0775计算机科学与技术、0808电气工程、0809电子科学与技术、0810信息与通信工程、0811控制科学与工程、0812计算机科学与技术、0835软件工程、0839网络空间安全、0854电子信息"",""学历"":""硕士研究生及以上"",""学位"":""与最高学历相对应的学位"",""政治面貌"":""中共党员或共青团员"",""基层工作最低年限"":""二年"",""服务基层项目工作经历"":""无限制"",""是否在面试阶段组织专业能力测试"":""是"",""面试人员比例"":""5:1"",""工作地点"":""广西壮族自治区南宁市"",""落户地点"":""广西壮族自治区南宁市"",""备注"":""1.具有2年及以上网络和信息安全工作经历（需在备注栏注明），能熟练运用所学专业开展工作。\n2.专业能力测试为上机实操测试，占综合成绩的比重为15%。\n3.大学英语六级425分及以上。\n4.按《公务员录用体检特殊标准（试行）》进行体检，对《公务员录用体检特殊标准（试行）》未作规定的项目，按《公务员录用体检通用标准（试行）》执行，视力标准可询招录单位。\n5.按《公安机关录用人民警察体能测评项目和标准（暂行）》进行体能测评。\n6.按《公安机关录用人民警察政治考察工作办法》开展考察。具有《公安机关录用人民警察政治考察工作办法》第八条、第九条情形的，不得报考；父母、配偶或子女已移居国（境）外的，不得报考；非公派原因曾六个月以上在国（境）外留学、工作、生活的，不得报考。\n7.工资待遇按人民警察标准执行，享受加班补贴和值勤岗位津贴。有固定的探亲假和休假安排。提供宿舍。\n8.请考生及时关注“移民管理警察招考小助手”微信小程序发布的报考信息。"",""部门网站"":""https://rczk.nia.gov.cn"",""咨询电话1"":""0771-5728224"",""咨询电话2"":"""",""咨询电话3"":"""",""来源Sheet"":""中央国家行政机关省级以下直属机构""}}"
"government_jobs","国家公务员2024招考简章","公务员/事业单位技术岗位","广西壮族自治区崇左市","2026-07-28T09:12:58.310295+00:00","友谊关出入境边防检查站警务技术一级主管及以下","广西出入境边防检查总站","","广西壮族自治区崇左市","公务员/事业单位;2024;automation_robotics;computer_software;cybersecurity_cryptography;data_ai;electronics_communication;硕士研究生及以上;与最高学历相对应的学位;0701数学、0775计算机科学与技术、0808电气工程、0809电子科学与技术、0810信息与通信工程、0811控制科学与工程、0812计算机科学与技术、0835软件工程、0839网络空间安全、0854电子信息;市（地）级及以下直属机构综合管理类","用人司局：广西出入境边防检查总站
职位简介：属于公安机关人民警察，主要从事出入境有关软件系统开发运维、大数据分析核查和出入境边防检查等工作。
专业要求：0701数学、0775计算机科学与技术、0808电气工程、0809电子科学与技术、0810信息与通信工程、0811控制科学与工程、0812计算机科学与技术、0835软件工程、0839网络空间安全、0854电子信息
学历要求：硕士研究生及以上
学位要求：与最高学历相对应的学位
政治面貌：中共党员或共青团员
基层工作经历：无限制
考试类别：市（地）级及以下直属机构综合管理类
备注：1.限应届高校毕业生报考（高等学历教育各阶段均需取得相应学历和学位）。
2.取得中级及以上计算机技术与软件专业技术资格，能熟练运用所学专业开展工作。
3.专业能力测试为上机实操测试，占综合成绩的比重为15%。
4.大学英语六级425分及以上。
5.按《公务员录用体检特殊标准（试行）》进行体检，对《公务员录用体检特殊标准（试行）》未作规定的项目，按《公务员录用体检通用标准（试行）》执行，视力标准可询招录单位。
6.按《公安机关录用人民警察体能测评项目和标准（暂行）》进行体能测评。
7.按《公安机关录用人民警察政治考察工作办法》开展考察。具有《公安机关录用人民警察政治考察工作办法》第八条、第九条情形的，不得报考；父母、配偶或子女已移居国（境）外的，不得报考；非公派原因曾六个月以上在国（境）外留学、工作、生活的，不得报考。
8.工资待遇按人民警察标准执行，享受加班补贴、值勤岗位津贴和艰苦边远地区补助。有固定的探亲假和休假安排。提供宿舍。
9.请考生及时关注“移民管理警察招考小助手”微信小程序发布的报考信息。","https://www.xuanhan.gov.cn/xxgk-show-77635.html#164124-300130001012","2023-10-15","{""dataset_year"":2024,""job_uid"":""GOV-2024-164124-300130001012"",""publisher"":""国家公务员局"",""publication_page"":""https://www.xuanhan.gov.cn/xxgk-show-77635.html"",""attachment_url"":""https://www.xuanhan.gov.cn/uploadfile/1/Attachment/638fdecf51.zip"",""local_source_file"":""中央机关及其直属机构2024年度考试录用公务员招考简章.xls"",""local_source_sha256"":""a1741b99dbecd6d03e533f99f2d69b0fa5a79733e551b80af69986ceed2ad996"",""source_sheet"":""中央国家行政机关省级以下直属机构"",""filter_version"":""government_tech_v2"",""tech_filter"":{""is_tech"":true,""is_core_tech"":true,""scope"":""core"",""categories"":[""automation_robotics"",""computer_software"",""cybersecurity_cryptography"",""data_ai"",""electronics_communication""],""matched_fields"":[""major"",""description"",""remarks""],""major_terms"":[""信息与通信工程"",""控制科学与工程"",""电子信息"",""电子科学与技术"",""网络空间安全"",""计算机科学与技术"",""软件工程"",""通信工程""],""role_terms"":[""大数据"",""数据分析"",""系统开发"",""计算机"",""软件""],""reason"":""tech_major_and_role""},""original"":{""部门代码"":""164124"",""部门名称"":""广西出入境边防检查总站"",""用人司局"":""广西出入境边防检查总站"",""机构性质"":""中央国家行政机关省级以下直属机构"",""招考职位"":""友谊关出入境边防检查站警务技术一级主管及以下"",""职位属性"":""公安机关人民警察职位"",""职位分布"":""西部地区和艰苦边远地区职位"",""职位简介"":""属于公安机关人民警察，主要从事出入境有关软件系统开发运维、大数据分析核查和出入境边防检查等工作。"",""职位代码"":""300130001012"",""机构层级"":""市（地）级"",""考试类别"":""市（地）级及以下直属机构综合管理类"",""招考人数"":""2"",""专业"":""0701数学、0775计算机科学与技术、0808电气工程、0809电子科学与技术、0810信息与通信工程、0811控制科学与工程、0812计算机科学与技术、0835软件工程、0839网络空间安全、0854电子信息"",""学历"":""硕士研究生及以上"",""学位"":""与最高学历相对应的学位"",""政治面貌"":""中共党员或共青团员"",""基层工作最低年限"":""无限制"",""服务基层项目工作经历"":""无限制"",""是否在面试阶段组织专业能力测试"":""是"",""面试人员比例"":""3:1"",""工作地点"":""广西壮族自治区崇左市"",""落户地点"":""广西壮族自治区崇左市"",""备注"":""1.限应届高校毕业生报考（高等学历教育各阶段均需取得相应学历和学位）。\n2.取得中级及以上计算机技术与软件专业技术资格，能熟练运用所学专业开展工作。\n3.专业能力测试为上机实操测试，占综合成绩的比重为15%。\n4.大学英语六级425分及以上。\n5.按《公务员录用体检特殊标准（试行）》进行体检，对《公务员录用体检特殊标准（试行）》未作规定的项目，按《公务员录用体检通用标准（试行）》执行，视力标准可询招录单位。\n6.按《公安机关录用人民警察体能测评项目和标准（暂行）》进行体能测评。\n7.按《公安机关录用人民警察政治考察工作办法》开展考察。具有《公安机关录用人民警察政治考察工作办法》第八条、第九条情形的，不得报考；父母、配偶或子女已移居国（境）外的，不得报考；非公派原因曾六个月以上在国（境）外留学、工作、生活的，不得报考。\n8.工资待遇按人民警察标准执行，享受加班补贴、值勤岗位津贴和艰苦边远地区补助。有固定的探亲假和休假安排。提供宿舍。\n9.请考生及时关注“移民管理警察招考小助手”微信小程序发布的报考信息。"",""部门网站"":""https://rczk.nia.gov.cn"",""咨询电话1"":""0771-5728224"",""咨询电话2"":"""",""咨询电话3"":"""",""来源Sheet"":""中央国家行政机关省级以下直属机构""}}"
"government_jobs","国家公务员2024招考简章","公务员/事业单位技术岗位","广西壮族自治区防城港市","2026-07-28T09:12:58.310295+00:00","东兴出入境边防检查站警务技术一级主管及以下（二）","广西出入境边防检查总站","","广西壮族自治区防城港市","公务员/事业单位;2024;computer_software;data_ai;electronics_communication;本科及以上;与最高学历相对应的学位;0807电子信息类、0809计算机类，120102信息管理与信息系统;市（地）级及以下直属机构综合管理类","用人司局：广西出入境边防检查总站
职位简介：属于公安机关人民警察，主要从事出入境有关软件系统开发运维、大数据分析核查和出入境边防检查等工作。
专业要求：0807电子信息类、0809计算机类，120102信息管理与信息系统
学历要求：本科及以上
学位要求：与最高学历相对应的学位
政治面貌：中共党员或共青团员
基层工作经历：无限制
考试类别：市（地）级及以下直属机构综合管理类
备注：1.限应届高校毕业生报考（高等学历教育各阶段均需取得相应学历和学位）。
2.具有丰富的计算机应用实践经历（需在备注栏注明），能熟练运用所学专业开展工作。
3.专业能力测试为上机实操测试，占综合成绩的比重为15%。
4.大学英语四级425分及以上。
5.按《公务员录用体检特殊标准（试行）》进行体检，对《公务员录用体检特殊标准（试行）》未作规定的项目，按《公务员录用体检通用标准（试行）》执行，视力标准可询招录单位。
6.按《公安机关录用人民警察体能测评项目和标准（暂行）》进行体能测评。
7.按《公安机关录用人民警察政治考察工作办法》开展考察。具有《公安机关录用人民警察政治考察工作办法》第八条、第九条情形的，不得报考；父母、配偶或子女已移居国（境）外的，不得报考；非公派原因曾六个月以上在国（境）外留学、工作、生活的，不得报考。
8.工资待遇按人民警察标准执行，享受加班补贴、值勤岗位津贴和艰苦边远地区补助。有固定的探亲假和休假安排。提供宿舍。
9.请考生及时关注“移民管理警察招考小助手”微信小程序发布的报考信息。","https://www.xuanhan.gov.cn/xxgk-show-77635.html#164124-300130001018","2023-10-15","{""dataset_year"":2024,""job_uid"":""GOV-2024-164124-300130001018"",""publisher"":""国家公务员局"",""publication_page"":""https://www.xuanhan.gov.cn/xxgk-show-77635.html"",""attachment_url"":""https://www.xuanhan.gov.cn/uploadfile/1/Attachment/638fdecf51.zip"",""local_source_file"":""中央机关及其直属机构2024年度考试录用公务员招考简章.xls"",""local_source_sha256"":""a1741b99dbecd6d03e533f99f2d69b0fa5a79733e551b80af69986ceed2ad996"",""source_sheet"":""中央国家行政机关省级以下直属机构"",""filter_version"":""government_tech_v2"",""tech_filter"":{""is_tech"":true,""is_core_tech"":true,""scope"":""core"",""categories"":[""computer_software"",""data_ai"",""electronics_communication""],""matched_fields"":[""major"",""description"",""remarks""],""major_terms"":[""电子信息类"",""计算机类""],""role_terms"":[""大数据"",""数据分析"",""系统开发"",""计算机"",""软件""],""reason"":""tech_major_and_role""},""original"":{""部门代码"":""164124"",""部门名称"":""广西出入境边防检查总站"",""用人司局"":""广西出入境边防检查总站"",""机构性质"":""中央国家行政机关省级以下直属机构"",""招考职位"":""东兴出入境边防检查站警务技术一级主管及以下（二）"",""职位属性"":""公安机关人民警察职位"",""职位分布"":""西部地区和艰苦边远地区职位"",""职位简介"":""属于公安机关人民警察，主要从事出入境有关软件系统开发运维、大数据分析核查和出入境边防检查等工作。"",""职位代码"":""300130001018"",""机构层级"":""市（地）级"",""考试类别"":""市（地）级及以下直属机构综合管理类"",""招考人数"":""2"",""专业"":""0807电子信息类、0809计算机类，120102信息管理与信息系统"",""学历"":""本科及以上"",""学位"":""与最高学历相对应的学位"",""政治面貌"":""中共党员或共青团员"",""基层工作最低年限"":""无限制"",""服务基层项目工作经历"":""无限制"",""是否在面试阶段组织专业能力测试"":""是"",""面试人员比例"":""3:1"",""工作地点"":""广西壮族自治区防城港市"",""落户地点"":""广西壮族自治区防城港市"",""备注"":""1.限应届高校毕业生报考（高等学历教育各阶段均需取得相应学历和学位）。\n2.具有丰富的计算机应用实践经历（需在备注栏注明），能熟练运用所学专业开展工作。\n3.专业能力测试为上机实操测试，占综合成绩的比重为15%。\n4.大学英语四级425分及以上。\n5.按《公务员录用体检特殊标准（试行）》进行体检，对《公务员录用体检特殊标准（试行）》未作规定的项目，按《公务员录用体检通用标准（试行）》执行，视力标准可询招录单位。\n6.按《公安机关录用人民警察体能测评项目和标准（暂行）》进行体能测评。\n7.按《公安机关录用人民警察政治考察工作办法》开展考察。具有《公安机关录用人民警察政治考察工作办法》第八条、第九条情形的，不得报考；父母、配偶或子女已移居国（境）外的，不得报考；非公派原因曾六个月以上在国（境）外留学、工作、生活的，不得报考。\n8.工资待遇按人民警察标准执行，享受加班补贴、值勤岗位津贴和艰苦边远地区补助。有固定的探亲假和休假安排。提供宿舍。\n9.请考生及时关注“移民管理警察招考小助手”微信小程序发布的报考信息。"",""部门网站"":""https://rczk.nia.gov.cn"",""咨询电话1"":""0771-5728224"",""咨询电话2"":"""",""咨询电话3"":"""",""来源Sheet"":""中央国家行政机关省级以下直属机构""}}"
"government_jobs","国家公务员2024招考简章","公务员/事业单位技术岗位","云南省昆明市","2026-07-28T09:12:58.310295+00:00","云南出入境边防检查总站技术保障队警务技术一级主管及以下","云南出入境边防检查总站","","云南省昆明市","公务员/事业单位;2024;computer_software;electronics_communication;硕士研究生及以上;与最高学历相对应的学位;计算机科学与技术、计算机应用技术、计算机技术、信息与通信工程、通信与信息系统;中央机关及其省级直属机构综合管理类","用人司局：云南出入境边防检查总站
职位简介：属于公安机关人民警察，主要从事出入境管理、边防检查和边境管控等信息化应用的技术支持、服务保障，各类信息通信系统、设施设备的日常运维和应急通信保障等工作。
专业要求：计算机科学与技术、计算机应用技术、计算机技术、信息与通信工程、通信与信息系统
学历要求：硕士研究生及以上
学位要求：与最高学历相对应的学位
政治面貌：中共党员或共青团员
基层工作经历：二年
考试类别：中央机关及其省级直属机构综合管理类
备注：1.高等学历教育各阶段均需取得相应学历和学位。
2.按《公务员录用体检特殊标准（试行）》进行体检，对《公务员录用体检特殊标准（试行）》未作规定的项目，按《公务员录用体检通用标准（试行）》执行，视力标准可询招录单位。
3.按《公安机关录用人民警察体能测评项目和标准（暂行）》进行体能测评。
4.按《公安机关录用人民警察政治考察工作办法》开展考察。具有《公安机关录用人民警察政治考察工作办法》第八条、第九条情形的，不得报考；父母、配偶或子女已移居国（境）外的，不得报考；非公派原因曾六个月以上在国（境）外留学、工作、生活的，不得报考。
5.工资待遇按人民警察标准执行，享受加班补贴和值勤岗位津贴。
6.有固定的探亲假和休假安排。
7.须服从二次分配。
8.在本单位最低服务年限五年（含试用期）。
9.仅限男性报考。
10.请考生及时关注“移民管理警察招考小助手”微信小程序发布的报考信息。","https://www.xuanhan.gov.cn/xxgk-show-77635.html#164128-300130370001","2023-10-15","{""dataset_year"":2024,""job_uid"":""GOV-2024-164128-300130370001"",""publisher"":""国家公务员局"",""publication_page"":""https://www.xuanhan.gov.cn/xxgk-show-77635.html"",""attachment_url"":""https://www.xuanhan.gov.cn/uploadfile/1/Attachment/638fdecf51.zip"",""local_source_file"":""中央机关及其直属机构2024年度考试录用公务员招考简章.xls"",""local_source_sha256"":""a1741b99dbecd6d03e533f99f2d69b0fa5a79733e551b80af69986ceed2ad996"",""source_sheet"":""中央国家行政机关省级以下直属机构"",""filter_version"":""government_tech_v2"",""tech_filter"":{""is_tech"":true,""is_core_tech"":true,""scope"":""core"",""categories"":[""computer_software"",""electronics_communication""],""matched_fields"":[""major"",""description""],""major_terms"":[""信息与通信工程"",""计算机"",""计算机技术"",""计算机科学与技术"",""通信工程""],""role_terms"":[""信息化"",""信息通信""],""reason"":""tech_major_and_role""},""original"":{""部门代码"":""164128"",""部门名称"":""云南出入境边防检查总站"",""用人司局"":""云南出入境边防检查总站"",""机构性质"":""中央国家行政机关省级以下直属机构"",""招考职位"":""云南出入境边防检查总站技术保障队警务技术一级主管及以下"",""职位属性"":""公安机关人民警察职位"",""职位分布"":""其他职位"",""职位简介"":""属于公安机关人民警察，主要从事出入境管理、边防检查和边境管控等信息化应用的技术支持、服务保障，各类信息通信系统、设施设备的日常运维和应急通信保障等工作。"",""职位代码"":""300130370001"",""机构层级"":""省（副省）级"",""考试类别"":""中央机关及其省级直属机构综合管理类"",""招考人数"":""2"",""专业"":""计算机科学与技术、计算机应用技术、计算机技术、信息与通信工程、通信与信息系统"",""学历"":""硕士研究生及以上"",""学位"":""与最高学历相对应的学位"",""政治面貌"":""中共党员或共青团员"",""基层工作最低年限"":""二年"",""服务基层项目工作经历"":""无限制"",""是否在面试阶段组织专业能力测试"":""否"",""面试人员比例"":""5:1"",""工作地点"":""云南省昆明市"",""落户地点"":""云南省昆明市"",""备注"":""1.高等学历教育各阶段均需取得相应学历和学位。\n2.按《公务员录用体检特殊标准（试行）》进行体检，对《公务员录用体检特殊标准（试行）》未作规定的项目，按《公务员录用体检通用标准（试行）》执行，视力标准可询招录单位。\n3.按《公安机关录用人民警察体能测评项目和标准（暂行）》进行体能测评。\n4.按《公安机关录用人民警察政治考察工作办法》开展考察。具有《公安机关录用人民警察政治考察工作办法》第八条、第九条情形的，不得报考；父母、配偶或子女已移居国（境）外的，不得报考；非公派原因曾六个月以上在国（境）外留学、工作、生活的，不得报考。\n5.工资待遇按人民警察标准执行，享受加班补贴和值勤岗位津贴。\n6.有固定的探亲假和休假安排。\n7.须服从二次分配。\n8.在本单位最低服务年限五年（含试用期）。\n9.仅限男性报考。\n10.请考生及时关注“移民管理警察招考小助手”微信小程序发布的报考信息。"",""部门网站"":""https://rczk.nia.gov.cn"",""咨询电话1"":""0871-64025355"",""咨询电话2"":""0871-64025359"",""咨询电话3"":""19187165355"",""来源Sheet"":""中央国家行政机关省级以下直属机构""}}"
"government_jobs","国家公务员2024招考简章","公务员/事业单位技术岗位","云南省昆明市","2026-07-28T09:12:58.310295+00:00","云南出入境边防检查总站数据研判室警务技术一级主管及以下","云南出入境边防检查总站","","云南省昆明市","公务员/事业单位;2024;computer_software;data_ai;硕士研究生及以上;与最高学历相对应的学位;计算机科学与技术、计算机应用技术、大数据技术与工程、软件工程;中央机关及其省级直属机构综合管理类","用人司局：云南出入境边防检查总站
职位简介：属于公安机关人民警察，主要从事出入境人员、进出边境管理区等海量信息的采集、分析、筛查和大数据支撑等工作。
专业要求：计算机科学与技术、计算机应用技术、大数据技术与工程、软件工程
学历要求：硕士研究生及以上
学位要求：与最高学历相对应的学位
政治面貌：中共党员或共青团员
基层工作经历：二年
考试类别：中央机关及其省级直属机构综合管理类
备注：1.高等学历教育各阶段均需取得相应学历和学位。
2.按《公务员录用体检特殊标准（试行）》进行体检，对《公务员录用体检特殊标准（试行）》未作规定的项目，按《公务员录用体检通用标准（试行）》执行，视力标准可询招录单位。
3.按《公安机关录用人民警察体能测评项目和标准（暂行）》进行体能测评。
4.按《公安机关录用人民警察政治考察工作办法》开展考察。具有《公安机关录用人民警察政治考察工作办法》第八条、第九条情形的，不得报考；父母、配偶或子女已移居国（境）外的，不得报考；非公派原因曾六个月以上在国（境）外留学、工作、生活的，不得报考。
5.工资待遇按人民警察标准执行，享受加班补贴和值勤岗位津贴。
6.有固定的探亲假和休假安排。
7.须服从二次分配。
8.在本单位最低服务年限五年（含试用期）。
9.仅限男性报考。
10.请考生及时关注“移民管理警察招考小助手”微信小程序发布的报考信息。","https://www.xuanhan.gov.cn/xxgk-show-77635.html#164128-300130370002","2023-10-15","{""dataset_year"":2024,""job_uid"":""GOV-2024-164128-300130370002"",""publisher"":""国家公务员局"",""publication_page"":""https://www.xuanhan.gov.cn/xxgk-show-77635.html"",""attachment_url"":""https://www.xuanhan.gov.cn/uploadfile/1/Attachment/638fdecf51.zip"",""local_source_file"":""中央机关及其直属机构2024年度考试录用公务员招考简章.xls"",""local_source_sha256"":""a1741b99dbecd6d03e533f99f2d69b0fa5a79733e551b80af69986ceed2ad996"",""source_sheet"":""中央国家行政机关省级以下直属机构"",""filter_version"":""government_tech_v2"",""tech_filter"":{""is_tech"":true,""is_core_tech"":true,""scope"":""core"",""categories"":[""computer_software"",""data_ai""],""matched_fields"":[""major"",""description""],""major_terms"":[""大数据"",""计算机"",""计算机科学与技术"",""软件工程""],""role_terms"":[""大数据""],""reason"":""tech_major_and_role""},""original"":{""部门代码"":""164128"",""部门名称"":""云南出入境边防检查总站"",""用人司局"":""云南出入境边防检查总站"",""机构性质"":""中央国家行政机关省级以下直属机构"",""招考职位"":""云南出入境边防检查总站数据研判室警务技术一级主管及以下"",""职位属性"":""公安机关人民警察职位"",""职位分布"":""其他职位"",""职位简介"":""属于公安机关人民警察，主要从事出入境人员、进出边境管理区等海量信息的采集、分析、筛查和大数据支撑等工作。"",""职位代码"":""300130370002"",""机构层级"":""省（副省）级"",""考试类别"":""中央机关及其省级直属机构综合管理类"",""招考人数"":""2"",""专业"":""计算机科学与技术、计算机应用技术、大数据技术与工程、软件工程"",""学历"":""硕士研究生及以上"",""学位"":""与最高学历相对应的学位"",""政治面貌"":""中共党员或共青团员"",""基层工作最低年限"":""二年"",""服务基层项目工作经历"":""无限制"",""是否在面试阶段组织专业能力测试"":""否"",""面试人员比例"":""5:1"",""工作地点"":""云南省昆明市"",""落户地点"":""云南省昆明市"",""备注"":""1.高等学历教育各阶段均需取得相应学历和学位。\n2.按《公务员录用体检特殊标准（试行）》进行体检，对《公务员录用体检特殊标准（试行）》未作规定的项目，按《公务员录用体检通用标准（试行）》执行，视力标准可询招录单位。\n3.按《公安机关录用人民警察体能测评项目和标准（暂行）》进行体能测评。\n4.按《公安机关录用人民警察政治考察工作办法》开展考察。具有《公安机关录用人民警察政治考察工作办法》第八条、第九条情形的，不得报考；父母、配偶或子女已移居国（境）外的，不得报考；非公派原因曾六个月以上在国（境）外留学、工作、生活的，不得报考。\n5.工资待遇按人民警察标准执行，享受加班补贴和值勤岗位津贴。\n6.有固定的探亲假和休假安排。\n7.须服从二次分配。\n8.在本单位最低服务年限五年（含试用期）。\n9.仅限男性报考。\n10.请考生及时关注“移民管理警察招考小助手”微信小程序发布的报考信息。"",""部门网站"":""https://rczk.nia.gov.cn"",""咨询电话1"":""0871-64025355"",""咨询电话2"":""0871-64025359"",""咨询电话3"":""19187165355"",""来源Sheet"":""中央国家行政机关省级以下直属机构""}}"
"government_jobs","国家公务员2024招考简章","公务员/事业单位技术岗位","青海省西宁市城东区","2026-07-28T09:12:58.310295+00:00","执勤二队一级警长及以下（二）","青海出入境边防检查总站","","青海省西宁市城东区","公务员/事业单位;2024;computer_software;本科及以上;与最高学历相对应的学位;计算机类;行政执法类","用人司局：青海出入境边防检查总站
职位简介：属于公安机关人民警察，主要从事出入境边防检查、口岸限定区域警戒与管理、旅客疏导、防范查处非法入出境活动、执法办案、执勤现场及其他办公场所信息化设备维护和故障排除等工作，需偶尔加班。
专业要求：计算机类
学历要求：本科及以上
学位要求：与最高学历相对应的学位
政治面貌：中共党员或共青团员
基层工作经历：无限制
考试类别：行政执法类
备注：1．限2024届高校毕业生报考（高等学历教育各阶段均需取得相应学历和学位）。2．大学英语四级425分及以上。3．具有初级及以上计算机技术与软件专业技术资格或初级及以上通信专业技术人员职业资格。4．按《公务员录用体检特殊标准（试行）》进行体检，对《公务员录用体检特殊标准（试行）》未作规定的项目，按《公务员录用体检通用标准（试行）》执行，视力标准可询招录单位。5．按《公安机关录用人民警察体能测评项目和标准（暂行）》进行体能测评。6．按《公安机关录用人民警察政治考察工作办法》开展考察。具有《公安机关录用人民警察政治考察工作办法》第八条、第九条情形的，不得报考；父母、配偶或子女已移居国（境）外的，不得报考；非公派原因曾六个月以上在国（境）外留学、工作、生活的，不得报考。7．提供集体宿舍。8．可为符合条件人员办理集体户口。9．工资待遇按人民警察标准执行，享受加班补贴和值勤岗位津贴。10．享受艰苦边远地区补助或高原津贴。11．须服从二次分配。12．仅限男性报考。13．请考生及时关注“移民管理警察招考小助手”微信小程序发布的报考信息。","https://www.xuanhan.gov.cn/xxgk-show-77635.html#164132-300130310005","2023-10-15","{""dataset_year"":2024,""job_uid"":""GOV-2024-164132-300130310005"",""publisher"":""国家公务员局"",""publication_page"":""https://www.xuanhan.gov.cn/xxgk-show-77635.html"",""attachment_url"":""https://www.xuanhan.gov.cn/uploadfile/1/Attachment/638fdecf51.zip"",""local_source_file"":""中央机关及其直属机构2024年度考试录用公务员招考简章.xls"",""local_source_sha256"":""a1741b99dbecd6d03e533f99f2d69b0fa5a79733e551b80af69986ceed2ad996"",""source_sheet"":""中央国家行政机关省级以下直属机构"",""filter_version"":""government_tech_v2"",""tech_filter"":{""is_tech"":true,""is_core_tech"":true,""scope"":""core"",""categories"":[""computer_software""],""matched_fields"":[""major"",""description"",""remarks""],""major_terms"":[""计算机类""],""role_terms"":[""信息化"",""计算机"",""设备维护"",""软件""],""reason"":""tech_major_and_role""},""original"":{""部门代码"":""164132"",""部门名称"":""青海出入境边防检查总站"",""用人司局"":""青海出入境边防检查总站"",""机构性质"":""中央国家行政机关省级以下直属机构"",""招考职位"":""执勤二队一级警长及以下（二）"",""职位属性"":""公安机关人民警察职位"",""职位分布"":""其他职位"",""职位简介"":""属于公安机关人民警察，主要从事出入境边防检查、口岸限定区域警戒与管理、旅客疏导、防范查处非法入出境活动、执法办案、执勤现场及其他办公场所信息化设备维护和故障排除等工作，需偶尔加班。"",""职位代码"":""300130310005"",""机构层级"":""市（地）级"",""考试类别"":""行政执法类"",""招考人数"":""1"",""专业"":""计算机类"",""学历"":""本科及以上"",""学位"":""与最高学历相对应的学位"",""政治面貌"":""中共党员或共青团员"",""基层工作最低年限"":""无限制"",""服务基层项目工作经历"":""无限制"",""是否在面试阶段组织专业能力测试"":""否"",""面试人员比例"":""3:1"",""工作地点"":""青海省西宁市城东区"",""落户地点"":""青海省西宁市城东区"",""备注"":""1．限2024届高校毕业生报考（高等学历教育各阶段均需取得相应学历和学位）。2．大学英语四级425分及以上。3．具有初级及以上计算机技术与软件专业技术资格或初级及以上通信专业技术人员职业资格。4．按《公务员录用体检特殊标准（试行）》进行体检，对《公务员录用体检特殊标准（试行）》未作规定的项目，按《公务员录用体检通用标准（试行）》执行，视力标准可询招录单位。5．按《公安机关录用人民警察体能测评项目和标准（暂行）》进行体能测评。6．按《公安机关录用人民警察政治考察工作办法》开展考察。具有《公安机关录用人民警察政治考察工作办法》第八条、第九条情形的，不得报考；父母、配偶或子女已移居国（境）外的，不得报考；非公派原因曾六个月以上在国（境）外留学、工作、生活的，不得报考。7．提供集体宿舍。8．可为符合条件人员办理集体户口。9．工资待遇按人民警察标准执行，享受加班补贴和值勤岗位津贴。10．享受艰苦边远地区补助或高原津贴。11．须服从二次分配。12．仅限男性报考。13．请考生及时关注“移民管理警察招考小助手”微信小程序发布的报考信息。"",""部门网站"":""https://rczk.nia.gov.cn"",""咨询电话1"":""19809785811"",""咨询电话2"":"""",""咨询电话3"":"""",""来源Sheet"":""中央国家行政机关省级以下直属机构""}}"
"government_jobs","国家公务员2024招考简章","公务员/事业单位技术岗位","新疆维吾尔自治区塔城地区","2026-07-28T09:12:58.310295+00:00","塔城边境管理支队一级警长及以下（五）","新疆出入境边防检查总站","","新疆维吾尔自治区塔城地区","公务员/事业单位;2024;computer_software;cybersecurity_cryptography;仅限本科;学士;国际事务与国际关系、网络安全与执法、信息安全;行政执法类","用人司局：新疆出入境边防检查总站
职位简介：属于公安机关人民警察，长期驻守边境一线，主要从事边境管理、治安管理、户籍管理以及对外形势研究、对外合作交流、网络安全管理等工作。
专业要求：国际事务与国际关系、网络安全与执法、信息安全
学历要求：仅限本科
学位要求：学士
政治面貌：中共党员或共青团员
基层工作经历：无限制
考试类别：行政执法类
备注：1.限应届高校毕业生报考（高等学历教育各阶段均需取得相应学历和学位）。
2.按《公务员录用体检特殊标准（试行）》进行体检，对《公务员录用体检特殊标准（试行）》未作规定的项目，按《公务员录用体检通用标准（试行）》执行，视力标准可询招录单位。
3.按《公安机关录用人民警察体能测评项目和标准（暂行）》进行体能测评。
4.按《公安机关录用人民警察政治考察工作办法》开展考察。具有《公安机关录用人民警察政治考察工作办法》第八条、第九条情形的，不得报考；父母、配偶或子女已移居国（境）外的，不得报考；非公派原因曾六个月以上在国（境）外留学、工作、生活的，不得报考。
5.单位提供食宿，每年有固定探亲假和休假安排。
6.工资待遇按人民警察标准执行，享受加班补贴和值勤岗位津贴。享受艰苦边远地区补助或高原津贴。
7.须服从二次分配。
8.请考生及时关注“移民管理警察招考小助手”微信小程序发布的报考信息。","https://www.xuanhan.gov.cn/xxgk-show-77635.html#164134-300130134005","2023-10-15","{""dataset_year"":2024,""job_uid"":""GOV-2024-164134-300130134005"",""publisher"":""国家公务员局"",""publication_page"":""https://www.xuanhan.gov.cn/xxgk-show-77635.html"",""attachment_url"":""https://www.xuanhan.gov.cn/uploadfile/1/Attachment/638fdecf51.zip"",""local_source_file"":""中央机关及其直属机构2024年度考试录用公务员招考简章.xls"",""local_source_sha256"":""a1741b99dbecd6d03e533f99f2d69b0fa5a79733e551b80af69986ceed2ad996"",""source_sheet"":""中央国家行政机关省级以下直属机构"",""filter_version"":""government_tech_v2"",""tech_filter"":{""is_tech"":true,""is_core_tech"":true,""scope"":""core"",""categories"":[""computer_software"",""cybersecurity_cryptography""],""matched_fields"":[""major"",""description""],""major_terms"":[""信息安全"",""网络安全""],""role_terms"":[""网络安全""],""reason"":""tech_major_and_role""},""original"":{""部门代码"":""164134"",""部门名称"":""新疆出入境边防检查总站"",""用人司局"":""新疆出入境边防检查总站"",""机构性质"":""中央国家行政机关省级以下直属机构"",""招考职位"":""塔城边境管理支队一级警长及以下（五）"",""职位属性"":""公安机关人民警察职位"",""职位分布"":""西部地区和艰苦边远地区职位"",""职位简介"":""属于公安机关人民警察，长期驻守边境一线，主要从事边境管理、治安管理、户籍管理以及对外形势研究、对外合作交流、网络安全管理等工作。"",""职位代码"":""300130134005"",""机构层级"":""市（地）级"",""考试类别"":""行政执法类"",""招考人数"":""3"",""专业"":""国际事务与国际关系、网络安全与执法、信息安全"",""学历"":""仅限本科"",""学位"":""学士"",""政治面貌"":""中共党员或共青团员"",""基层工作最低年限"":""无限制"",""服务基层项目工作经历"":""无限制"",""是否在面试阶段组织专业能力测试"":""否"",""面试人员比例"":""3:1"",""工作地点"":""新疆维吾尔自治区塔城地区"",""落户地点"":""新疆维吾尔自治区塔城地区"",""备注"":""1.限应届高校毕业生报考（高等学历教育各阶段均需取得相应学历和学位）。\n2.按《公务员录用体检特殊标准（试行）》进行体检，对《公务员录用体检特殊标准（试行）》未作规定的项目，按《公务员录用体检通用标准（试行）》执行，视力标准可询招录单位。\n3.按《公安机关录用人民警察体能测评项目和标准（暂行）》进行体能测评。\n4.按《公安机关录用人民警察政治考察工作办法》开展考察。具有《公安机关录用人民警察政治考察工作办法》第八条、第九条情形的，不得报考；父母、配偶或子女已移居国（境）外的，不得报考；非公派原因曾六个月以上在国（境）外留学、工作、生活的，不得报考。\n5.单位提供食宿，每年有固定探亲假和休假安排。\n6.工资待遇按人民警察标准执行，享受加班补贴和值勤岗位津贴。享受艰苦边远地区补助或高原津贴。\n7.须服从二次分配。\n8.请考生及时关注“移民管理警察招考小助手”微信小程序发布的报考信息。"",""部门网站"":""https://rczk.nia.gov.cn"",""咨询电话1"":""0991-8512120"",""咨询电话2"":"""",""咨询电话3"":"""",""来源Sheet"":""中央国家行政机关省级以下直属机构""}}"
"government_jobs","国家公务员2024招考简章","公务员/事业单位技术岗位","新疆维吾尔自治区博尔塔拉蒙古自治州","2026-07-28T09:12:58.310295+00:00","博州边境管理支队一级警长及以下（一）","新疆出入境边防检查总站","","新疆维吾尔自治区博尔塔拉蒙古自治州","公务员/事业单位;2024;computer_software;cybersecurity_cryptography;仅限本科;学士;无人驾驶航空器系统工程、网络空间安全、信息安全;行政执法类","用人司局：新疆出入境边防检查总站
职位简介：属于公安机关人民警察，长期驻守边境一线，主要从事边境管理、治安管理、户籍管理以及无人机驾驶、维护网络安全等工作。
专业要求：无人驾驶航空器系统工程、网络空间安全、信息安全
学历要求：仅限本科
学位要求：学士
政治面貌：中共党员或共青团员
基层工作经历：无限制
考试类别：行政执法类
备注：1.限应届高校毕业生报考（高等学历教育各阶段均需取得相应学历和学位）。
2.按《公务员录用体检特殊标准（试行）》进行体检，对《公务员录用体检特殊标准（试行）》未作规定的项目，按《公务员录用体检通用标准（试行）》执行，视力标准可询招录单位。
3.按《公安机关录用人民警察体能测评项目和标准（暂行）》进行体能测评。
4.按《公安机关录用人民警察政治考察工作办法》开展考察。具有《公安机关录用人民警察政治考察工作办法》第八条、第九条情形的，不得报考；父母、配偶或子女已移居国（境）外的，不得报考；非公派原因曾六个月以上在国（境）外留学、工作、生活的，不得报考。
5.单位提供食宿，每年有固定探亲假和休假安排。
6.工资待遇按人民警察标准执行，享受加班补贴和值勤岗位津贴。享受艰苦边远地区补助或高原津贴。
7.须服从二次分配。
8.仅限男性报考。
9.请考生及时关注“移民管理警察招考小助手”微信小程序发布的报考信息。","https://www.xuanhan.gov.cn/xxgk-show-77635.html#164134-300130134024","2023-10-15","{""dataset_year"":2024,""job_uid"":""GOV-2024-164134-300130134024"",""publisher"":""国家公务员局"",""publication_page"":""https://www.xuanhan.gov.cn/xxgk-show-77635.html"",""attachment_url"":""https://www.xuanhan.gov.cn/uploadfile/1/Attachment/638fdecf51.zip"",""local_source_file"":""中央机关及其直属机构2024年度考试录用公务员招考简章.xls"",""local_source_sha256"":""a1741b99dbecd6d03e533f99f2d69b0fa5a79733e551b80af69986ceed2ad996"",""source_sheet"":""中央国家行政机关省级以下直属机构"",""filter_version"":""government_tech_v2"",""tech_filter"":{""is_tech"":true,""is_core_tech"":true,""scope"":""core"",""categories"":[""computer_software"",""cybersecurity_cryptography""],""matched_fields"":[""major"",""description""],""major_terms"":[""信息安全"",""网络空间安全""],""role_terms"":[""网络安全""],""reason"":""tech_major_and_role""},""original"":{""部门代码"":""164134"",""部门名称"":""新疆出入境边防检查总站"",""用人司局"":""新疆出入境边防检查总站"",""机构性质"":""中央国家行政机关省级以下直属机构"",""招考职位"":""博州边境管理支队一级警长及以下（一）"",""职位属性"":""公安机关人民警察职位"",""职位分布"":""西部地区和艰苦边远地区职位"",""职位简介"":""属于公安机关人民警察，长期驻守边境一线，主要从事边境管理、治安管理、户籍管理以及无人机驾驶、维护网络安全等工作。"",""职位代码"":""300130134024"",""机构层级"":""市（地）级"",""考试类别"":""行政执法类"",""招考人数"":""2"",""专业"":""无人驾驶航空器系统工程、网络空间安全、信息安全"",""学历"":""仅限本科"",""学位"":""学士"",""政治面貌"":""中共党员或共青团员"",""基层工作最低年限"":""无限制"",""服务基层项目工作经历"":""无限制"",""是否在面试阶段组织专业能力测试"":""否"",""面试人员比例"":""3:1"",""工作地点"":""新疆维吾尔自治区博尔塔拉蒙古自治州"",""落户地点"":""新疆维吾尔自治区博尔塔拉蒙古自治州"",""备注"":""1.限应届高校毕业生报考（高等学历教育各阶段均需取得相应学历和学位）。\n2.按《公务员录用体检特殊标准（试行）》进行体检，对《公务员录用体检特殊标准（试行）》未作规定的项目，按《公务员录用体检通用标准（试行）》执行，视力标准可询招录单位。\n3.按《公安机关录用人民警察体能测评项目和标准（暂行）》进行体能测评。\n4.按《公安机关录用人民警察政治考察工作办法》开展考察。具有《公安机关录用人民警察政治考察工作办法》第八条、第九条情形的，不得报考；父母、配偶或子女已移居国（境）外的，不得报考；非公派原因曾六个月以上在国（境）外留学、工作、生活的，不得报考。\n5.单位提供食宿，每年有固定探亲假和休假安排。\n6.工资待遇按人民警察标准执行，享受加班补贴和值勤岗位津贴。享受艰苦边远地区补助或高原津贴。\n7.须服从二次分配。\n8.仅限男性报考。\n9.请考生及时关注“移民管理警察招考小助手”微信小程序发布的报考信息。"",""部门网站"":""https://rczk.nia.gov.cn"",""咨询电话1"":""0991-8512120"",""咨询电话2"":"""",""咨询电话3"":"""",""来源Sheet"":""中央国家行政机关省级以下直属机构""}}"
"government_jobs","国家公务员2024招考简章","公务员/事业单位技术岗位","新疆维吾尔自治区克孜勒苏柯尔克孜自治州乌恰县","2026-07-28T09:12:58.310295+00:00","吐尔尕特出入境边防检查站一级警长及以下（二）","新疆出入境边防检查总站","","新疆维吾尔自治区克孜勒苏柯尔克孜自治州乌恰县","公务员/事业单位;2024;computer_software;data_ai;仅限本科;学士;计算机科学与技术、软件工程、网络工程;行政执法类","用人司局：新疆出入境边防检查总站
职位简介：属于公安机关人民警察，主要从事出入境边防检查和出入境有关系统开发运维、大数据分析、软件研发等工作，长期驻守口岸。
专业要求：计算机科学与技术、软件工程、网络工程
学历要求：仅限本科
学位要求：学士
政治面貌：中共党员或共青团员
基层工作经历：无限制
考试类别：行政执法类
备注：1.限应届高校毕业生报考（高等学历教育各阶段均需取得相应学历和学位）。
2.大学英语四级425分及以上。
3.按《公务员录用体检特殊标准（试行）》进行体检，对《公务员录用体检特殊标准（试行）》未作规定的项目，按《公务员录用体检通用标准（试行）》执行，视力标准可询招录单位。
4.按《公安机关录用人民警察体能测评项目和标准（暂行）》进行体能测评。
5.按《公安机关录用人民警察政治考察工作办法》开展考察。具有《公安机关录用人民警察政治考察工作办法》第八条、第九条情形的，不得报考；父母、配偶或子女已移居国（境）外的，不得报考；非公派原因曾六个月以上在国（境）外留学、工作、生活的，不得报考。
6.单位提供食宿，每年有固定探亲假和休假安排。
7.工资待遇按人民警察标准执行，享受加班补贴和值勤岗位津贴。享受艰苦边远地区补助或高原津贴。
8.须服从二次分配。
9.仅限男性报考。
10.请考生及时关注“移民管理警察招考小助手”微信小程序发布的报考信息。","https://www.xuanhan.gov.cn/xxgk-show-77635.html#164134-300130134036","2023-10-15","{""dataset_year"":2024,""job_uid"":""GOV-2024-164134-300130134036"",""publisher"":""国家公务员局"",""publication_page"":""https://www.xuanhan.gov.cn/xxgk-show-77635.html"",""attachment_url"":""https://www.xuanhan.gov.cn/uploadfile/1/Attachment/638fdecf51.zip"",""local_source_file"":""中央机关及其直属机构2024年度考试录用公务员招考简章.xls"",""local_source_sha256"":""a1741b99dbecd6d03e533f99f2d69b0fa5a79733e551b80af69986ceed2ad996"",""source_sheet"":""中央国家行政机关省级以下直属机构"",""filter_version"":""government_tech_v2"",""tech_filter"":{""is_tech"":true,""is_core_tech"":true,""scope"":""core"",""categories"":[""computer_software"",""data_ai""],""matched_fields"":[""major"",""description""],""major_terms"":[""网络工程"",""计算机科学与技术"",""软件工程""],""role_terms"":[""大数据"",""数据分析"",""系统开发"",""软件"",""软件研发""],""reason"":""tech_major_and_role""},""original"":{""部门代码"":""164134"",""部门名称"":""新疆出入境边防检查总站"",""用人司局"":""新疆出入境边防检查总站"",""机构性质"":""中央国家行政机关省级以下直属机构"",""招考职位"":""吐尔尕特出入境边防检查站一级警长及以下（二）"",""职位属性"":""公安机关人民警察职位"",""职位分布"":""西部地区和艰苦边远地区职位"",""职位简介"":""属于公安机关人民警察，主要从事出入境边防检查和出入境有关系统开发运维、大数据分析、软件研发等工作，长期驻守口岸。"",""职位代码"":""300130134036"",""机构层级"":""市（地）级"",""考试类别"":""行政执法类"",""招考人数"":""2"",""专业"":""计算机科学与技术、软件工程、网络工程"",""学历"":""仅限本科"",""学位"":""学士"",""政治面貌"":""中共党员或共青团员"",""基层工作最低年限"":""无限制"",""服务基层项目工作经历"":""无限制"",""是否在面试阶段组织专业能力测试"":""否"",""面试人员比例"":""3:1"",""工作地点"":""新疆维吾尔自治区克孜勒苏柯尔克孜自治州乌恰县"",""落户地点"":""新疆维吾尔自治区克孜勒苏柯尔克孜自治州乌恰县"",""备注"":""1.限应届高校毕业生报考（高等学历教育各阶段均需取得相应学历和学位）。\n2.大学英语四级425分及以上。\n3.按《公务员录用体检特殊标准（试行）》进行体检，对《公务员录用体检特殊标准（试行）》未作规定的项目，按《公务员录用体检通用标准（试行）》执行，视力标准可询招录单位。\n4.按《公安机关录用人民警察体能测评项目和标准（暂行）》进行体能测评。\n5.按《公安机关录用人民警察政治考察工作办法》开展考察。具有《公安机关录用人民警察政治考察工作办法》第八条、第九条情形的，不得报考；父母、配偶或子女已移居国（境）外的，不得报考；非公派原因曾六个月以上在国（境）外留学、工作、生活的，不得报考。\n6.单位提供食宿，每年有固定探亲假和休假安排。\n7.工资待遇按人民警察标准执行，享受加班补贴和值勤岗位津贴。享受艰苦边远地区补助或高原津贴。\n8.须服从二次分配。\n9.仅限男性报考。\n10.请考生及时关注“移民管理警察招考小助手”微信小程序发布的报考信息。"",""部门网站"":""https://rczk.nia.gov.cn"",""咨询电话1"":""0991-8512120"",""咨询电话2"":"""",""咨询电话3"":"""",""来源Sheet"":""中央国家行政机关省级以下直属机构""}}"
"government_jobs","国家公务员2024招考简章","公务员/事业单位技术岗位","北京市","2026-07-28T09:12:58.310295+00:00","训练处警务技术一级主管及以下（一）","国家移民管理局常备力量第一总队","","北京市","公务员/事业单位;2024;automation_robotics;computer_software;cybersecurity_cryptography;electronics_communication;硕士研究生及以上;与最高学历相对应的学位;电子科学与技术（0809）、信息与通信工程（0810）、控制科学与工程（0811）、计算机科学与技术（0812）、软件工程（0835）、公安技术（0838）、网络空间安全（0839）、电子信息（0854）;市（地）级及以下直属机构综合管理类","用人司局：国家移民管理局常备力量第一总队
职位简介：属于公安机关人民警察，主要从事移民和出入境管理信息情报分析研判等工作。需24小时值班。
专业要求：电子科学与技术（0809）、信息与通信工程（0810）、控制科学与工程（0811）、计算机科学与技术（0812）、软件工程（0835）、公安技术（0838）、网络空间安全（0839）、电子信息（0854）
学历要求：硕士研究生及以上
学位要求：与最高学历相对应的学位
政治面貌：中共党员或共青团员
基层工作经历：无限制
考试类别：市（地）级及以下直属机构综合管理类
备注：1.限应届高校毕业生报考（高等学历教育各阶段均需取得相应学历和学位）。
2.大学英语六级425分及以上。
3.按《公务员录用体检特殊标准（试行）》进行体检，对其中未作规定的项目，按《公务员录用体检通用标准（试行）》执行，视力标准可询招录单位。
4.按《公安机关录用人民警察体能测评项目和标准（暂行）》进行体能测评。
5.按《公安机关录用人民警察政治考察工作办法》开展考察。具有《公安机关录用人民警察政治考察工作办法》第八条、第九条情形的，不得报考；父母、配偶或子女已移居国（境）外的，不得报考；非公派原因曾六个月以上在国（境）外留学、工作、生活的，不得报考。
6.须服从二次分配。在本单位最低服务年限五年（含试用期）。
7.具有较强的语言表达能力、较高的计算机水平。
8.工资待遇按人民警察标准执行，享受加班补贴和值勤岗位津贴。
9.加班较多，法定休息日及节假日不能保证正常休息休假。
10.提供集体宿舍。可为符合条件人员办理集体户口。
11.限男性报考。
请考生及时关注“移民管理警察招考小助手”微信小程序发布的报考信息。","https://www.xuanhan.gov.cn/xxgk-show-77635.html#164201-300130001007","2023-10-15","{""dataset_year"":2024,""job_uid"":""GOV-2024-164201-300130001007"",""publisher"":""国家公务员局"",""publication_page"":""https://www.xuanhan.gov.cn/xxgk-show-77635.html"",""attachment_url"":""https://www.xuanhan.gov.cn/uploadfile/1/Attachment/638fdecf51.zip"",""local_source_file"":""中央机关及其直属机构2024年度考试录用公务员招考简章.xls"",""local_source_sha256"":""a1741b99dbecd6d03e533f99f2d69b0fa5a79733e551b80af69986ceed2ad996"",""source_sheet"":""中央国家行政机关省级以下直属机构"",""filter_version"":""government_tech_v2"",""tech_filter"":{""is_tech"":true,""is_core_tech"":true,""scope"":""core"",""categories"":[""automation_robotics"",""computer_software"",""cybersecurity_cryptography"",""electronics_communication""],""matched_fields"":[""major"",""remarks""],""major_terms"":[""信息与通信工程"",""控制科学与工程"",""电子信息"",""电子科学与技术"",""网络空间安全"",""计算机科学与技术"",""软件工程"",""通信工程""],""role_terms"":[""计算机""],""reason"":""tech_major_and_role""},""original"":{""部门代码"":""164201"",""部门名称"":""国家移民管理局常备力量第一总队"",""用人司局"":""国家移民管理局常备力量第一总队"",""机构性质"":""中央国家行政机关省级以下直属机构"",""招考职位"":""训练处警务技术一级主管及以下（一）"",""职位属性"":""公安机关人民警察职位"",""职位分布"":""其他职位"",""职位简介"":""属于公安机关人民警察，主要从事移民和出入境管理信息情报分析研判等工作。需24小时值班。"",""职位代码"":""300130001007"",""机构层级"":""市（地）级"",""考试类别"":""市（地）级及以下直属机构综合管理类"",""招考人数"":""5"",""专业"":""电子科学与技术（0809）、信息与通信工程（0810）、控制科学与工程（0811）、计算机科学与技术（0812）、软件工程（0835）、公安技术（0838）、网络空间安全（0839）、电子信息（0854）"",""学历"":""硕士研究生及以上"",""学位"":""与最高学历相对应的学位"",""政治面貌"":""中共党员或共青团员"",""基层工作最低年限"":""无限制"",""服务基层项目工作经历"":""无限制"",""是否在面试阶段组织专业能力测试"":""否"",""面试人员比例"":""3:1"",""工作地点"":""北京市"",""落户地点"":""北京市"",""备注"":""1.限应届高校毕业生报考（高等学历教育各阶段均需取得相应学历和学位）。\n2.大学英语六级425分及以上。\n3.按《公务员录用体检特殊标准（试行）》进行体检，对其中未作规定的项目，按《公务员录用体检通用标准（试行）》执行，视力标准可询招录单位。\n4.按《公安机关录用人民警察体能测评项目和标准（暂行）》进行体能测评。\n5.按《公安机关录用人民警察政治考察工作办法》开展考察。具有《公安机关录用人民警察政治考察工作办法》第八条、第九条情形的，不得报考；父母、配偶或子女已移居国（境）外的，不得报考；非公派原因曾六个月以上在国（境）外留学、工作、生活的，不得报考。\n6.须服从二次分配。在本单位最低服务年限五年（含试用期）。\n7.具有较强的语言表达能力、较高的计算机水平。\n8.工资待遇按人民警察标准执行，享受加班补贴和值勤岗位津贴。\n9.加班较多，法定休息日及节假日不能保证正常休息休假。\n10.提供集体宿舍。可为符合条件人员办理集体户口。\n11.限男性报考。\n请考生及时关注“移民管理警察招考小助手”微信小程序发布的报考信息。"",""部门网站"":""https://rczk.nia.gov.cn"",""咨询电话1"":""010-85277788"",""咨询电话2"":""010-66263560"",""咨询电话3"":""010-85277681"",""来源Sheet"":""中央国家行政机关省级以下直属机构""}}"
"government_jobs","国家公务员2024招考简章","公务员/事业单位技术岗位","北京市","2026-07-28T09:12:58.310295+00:00","训练处警务技术一级主管及以下（二）","国家移民管理局常备力量第一总队","","北京市","公务员/事业单位;2024;automation_robotics;computer_software;cybersecurity_cryptography;electronics_communication;硕士研究生及以上;与最高学历相对应的学位;电子科学与技术（0809）、信息与通信工程（0810）、控制科学与工程（0811）、计算机科学与技术（0812）、软件工程（0835）、公安技术（0838）、网络空间安全（0839）、电子信息（0854）;市（地）级及以下直属机构综合管理类","用人司局：国家移民管理局常备力量第一总队
职位简介：属于公安机关人民警察，主要从事信息系统研发、运行和保障等工作。需24小时值班。
专业要求：电子科学与技术（0809）、信息与通信工程（0810）、控制科学与工程（0811）、计算机科学与技术（0812）、软件工程（0835）、公安技术（0838）、网络空间安全（0839）、电子信息（0854）
学历要求：硕士研究生及以上
学位要求：与最高学历相对应的学位
政治面貌：中共党员或共青团员
基层工作经历：无限制
考试类别：市（地）级及以下直属机构综合管理类
备注：1.限应届高校毕业生报考（高等学历教育各阶段均需取得相应学历和学位）。
2.大学英语六级425分及以上。
3.具有中级及以上计算机技术与软件专业技术资格或中级及以上通信专业技术人员职业资格。
4.按《公务员录用体检特殊标准（试行）》进行体检，对其中未作规定的项目，按《公务员录用体检通用标准（试行）》执行，视力标准可询招录单位。
5.按《公安机关录用人民警察体能测评项目和标准（暂行）》进行体能测评。
6.按《公安机关录用人民警察政治考察工作办法》开展考察。具有《公安机关录用人民警察政治考察工作办法》第八条、第九条情形的，不得报考；父母、配偶或子女已移居国（境）外的，不得报考；非公派原因曾六个月以上在国（境）外留学、工作、生活的，不得报考。
7.须服从二次分配。在本单位最低服务年限五年（含试用期）。
8.具有较强的语言表达能力和计算机水平。
9.工资待遇按人民警察标准执行，享受加班补贴和值勤岗位津贴。
10.提供集体宿舍。可为符合条件人员办理集体户口。
11.限男性报考。请考生关注“移民管理警察招考小助手”微信小程序。","https://www.xuanhan.gov.cn/xxgk-show-77635.html#164201-300130001008","2023-10-15","{""dataset_year"":2024,""job_uid"":""GOV-2024-164201-300130001008"",""publisher"":""国家公务员局"",""publication_page"":""https://www.xuanhan.gov.cn/xxgk-show-77635.html"",""attachment_url"":""https://www.xuanhan.gov.cn/uploadfile/1/Attachment/638fdecf51.zip"",""local_source_file"":""中央机关及其直属机构2024年度考试录用公务员招考简章.xls"",""local_source_sha256"":""a1741b99dbecd6d03e533f99f2d69b0fa5a79733e551b80af69986ceed2ad996"",""source_sheet"":""中央国家行政机关省级以下直属机构"",""filter_version"":""government_tech_v2"",""tech_filter"":{""is_tech"":true,""is_core_tech"":true,""scope"":""core"",""categories"":[""automation_robotics"",""computer_software"",""cybersecurity_cryptography"",""electronics_communication""],""matched_fields"":[""major"",""description"",""remarks""],""major_terms"":[""信息与通信工程"",""控制科学与工程"",""电子信息"",""电子科学与技术"",""网络空间安全"",""计算机科学与技术"",""软件工程"",""通信工程""],""role_terms"":[""信息系统"",""计算机"",""软件""],""reason"":""tech_major_and_role""},""original"":{""部门代码"":""164201"",""部门名称"":""国家移民管理局常备力量第一总队"",""用人司局"":""国家移民管理局常备力量第一总队"",""机构性质"":""中央国家行政机关省级以下直属机构"",""招考职位"":""训练处警务技术一级主管及以下（二）"",""职位属性"":""公安机关人民警察职位"",""职位分布"":""其他职位"",""职位简介"":""属于公安机关人民警察，主要从事信息系统研发、运行和保障等工作。需24小时值班。"",""职位代码"":""300130001008"",""机构层级"":""市（地）级"",""考试类别"":""市（地）级及以下直属机构综合管理类"",""招考人数"":""5"",""专业"":""电子科学与技术（0809）、信息与通信工程（0810）、控制科学与工程（0811）、计算机科学与技术（0812）、软件工程（0835）、公安技术（0838）、网络空间安全（0839）、电子信息（0854）"",""学历"":""硕士研究生及以上"",""学位"":""与最高学历相对应的学位"",""政治面貌"":""中共党员或共青团员"",""基层工作最低年限"":""无限制"",""服务基层项目工作经历"":""无限制"",""是否在面试阶段组织专业能力测试"":""否"",""面试人员比例"":""3:1"",""工作地点"":""北京市"",""落户地点"":""北京市"",""备注"":""1.限应届高校毕业生报考（高等学历教育各阶段均需取得相应学历和学位）。\n2.大学英语六级425分及以上。\n3.具有中级及以上计算机技术与软件专业技术资格或中级及以上通信专业技术人员职业资格。\n4.按《公务员录用体检特殊标准（试行）》进行体检，对其中未作规定的项目，按《公务员录用体检通用标准（试行）》执行，视力标准可询招录单位。\n5.按《公安机关录用人民警察体能测评项目和标准（暂行）》进行体能测评。\n6.按《公安机关录用人民警察政治考察工作办法》开展考察。具有《公安机关录用人民警察政治考察工作办法》第八条、第九条情形的，不得报考；父母、配偶或子女已移居国（境）外的，不得报考；非公派原因曾六个月以上在国（境）外留学、工作、生活的，不得报考。\n7.须服从二次分配。在本单位最低服务年限五年（含试用期）。\n8.具有较强的语言表达能力和计算机水平。\n9.工资待遇按人民警察标准执行，享受加班补贴和值勤岗位津贴。\n10.提供集体宿舍。可为符合条件人员办理集体户口。\n11.限男性报考。请考生关注“移民管理警察招考小助手”微信小程序。"",""部门网站"":""https://rczk.nia.gov.cn"",""咨询电话1"":""010-85277788"",""咨询电话2"":""010-66263560"",""咨询电话3"":""010-85277681"",""来源Sheet"":""中央国家行政机关省级以下直属机构""}}"
"government_jobs","国家公务员2024招考简章","公务员/事业单位技术岗位","北京市","2026-07-28T09:12:58.310295+00:00","办公室一级警长及以下（一）","国家移民管理局常备力量第一总队","","北京市","公务员/事业单位;2024;computer_software;cybersecurity_cryptography;electronics_communication;硕士研究生及以上;与最高学历相对应的学位;计算机科学与技术（081200）、计算机应用技术（081203）、计算机系统结构（081201）、软件工程（0835）、计算机技术（085404）、大数据技术与工程（085411）、信息与通信工程（081000）;行政执法类","用人司局：国家移民管理局常备力量第一总队
职位简介：属于公安机关人民警察，承担信息化运行维护、网站建设、信息安全等工作、机要保密相关工作。
专业要求：计算机科学与技术（081200）、计算机应用技术（081203）、计算机系统结构（081201）、软件工程（0835）、计算机技术（085404）、大数据技术与工程（085411）、信息与通信工程（081000）
学历要求：硕士研究生及以上
学位要求：与最高学历相对应的学位
政治面貌：中共党员或共青团员
基层工作经历：无限制
考试类别：行政执法类
备注：1．限2024届高校毕业生报考（高等学历教育各阶段均需取得相应学历学位），报名时注明专业代码。
2．按《公务员录用体检特殊标准（试行）》进行体检，对《公务员录用体检特殊标准（试行）》未作规定的项目，按《公务员录用体检通用标准（试行）》执行，视力标准可询招录单位。
3．按《公安机关录用人民警察体能测评项目和标准（暂行）》进行体能测评。
4．按《公安机关录用人民警察政治考察工作办法》开展考察。具有《公安机关录用人民警察政治考察工作办法》第八条、第九条情形的，不得报考；父母、配偶或子女已移居国（境）外的，不得报考；非公派原因曾六个月以上在国（境）外留学、工作、生活的，不得报考。
5．工资待遇按人民警察标准执行，享受加班补贴和值勤岗位津贴。
6．具有较强的语言表达能力、文字功底和较高的计算机水平，会网站制作及运维。
7．加班较多，法定休息日及节假日不能保证正常休息休假。
8．提供集体宿舍，可为符合条件人员办理集体户口。
9．仅限男性报考。
10．请考生及时关注“移民管理警察招考小助手”微信小程序发布的报考信息。","https://www.xuanhan.gov.cn/xxgk-show-77635.html#164201-300130001011","2023-10-15","{""dataset_year"":2024,""job_uid"":""GOV-2024-164201-300130001011"",""publisher"":""国家公务员局"",""publication_page"":""https://www.xuanhan.gov.cn/xxgk-show-77635.html"",""attachment_url"":""https://www.xuanhan.gov.cn/uploadfile/1/Attachment/638fdecf51.zip"",""local_source_file"":""中央机关及其直属机构2024年度考试录用公务员招考简章.xls"",""local_source_sha256"":""a1741b99dbecd6d03e533f99f2d69b0fa5a79733e551b80af69986ceed2ad996"",""source_sheet"":""中央国家行政机关省级以下直属机构"",""filter_version"":""government_tech_v2"",""tech_filter"":{""is_tech"":true,""is_core_tech"":true,""scope"":""core"",""categories"":[""computer_software"",""cybersecurity_cryptography"",""electronics_communication""],""matched_fields"":[""major"",""description"",""remarks""],""major_terms"":[""信息与通信工程"",""大数据"",""计算机"",""计算机技术"",""计算机科学与技术"",""软件工程"",""通信工程""],""role_terms"":[""信息化"",""信息安全"",""计算机""],""reason"":""tech_major_and_role""},""original"":{""部门代码"":""164201"",""部门名称"":""国家移民管理局常备力量第一总队"",""用人司局"":""国家移民管理局常备力量第一总队"",""机构性质"":""中央国家行政机关省级以下直属机构"",""招考职位"":""办公室一级警长及以下（一）"",""职位属性"":""公安机关人民警察职位"",""职位分布"":""其他职位"",""职位简介"":""属于公安机关人民警察，承担信息化运行维护、网站建设、信息安全等工作、机要保密相关工作。"",""职位代码"":""300130001011"",""机构层级"":""市（地）级"",""考试类别"":""行政执法类"",""招考人数"":""1"",""专业"":""计算机科学与技术（081200）、计算机应用技术（081203）、计算机系统结构（081201）、软件工程（0835）、计算机技术（085404）、大数据技术与工程（085411）、信息与通信工程（081000）"",""学历"":""硕士研究生及以上"",""学位"":""与最高学历相对应的学位"",""政治面貌"":""中共党员或共青团员"",""基层工作最低年限"":""无限制"",""服务基层项目工作经历"":""无限制"",""是否在面试阶段组织专业能力测试"":""否"",""面试人员比例"":""3:1"",""工作地点"":""北京市"",""落户地点"":""北京市"",""备注"":""1．限2024届高校毕业生报考（高等学历教育各阶段均需取得相应学历学位），报名时注明专业代码。\n2．按《公务员录用体检特殊标准（试行）》进行体检，对《公务员录用体检特殊标准（试行）》未作规定的项目，按《公务员录用体检通用标准（试行）》执行，视力标准可询招录单位。\n3．按《公安机关录用人民警察体能测评项目和标准（暂行）》进行体能测评。\n4．按《公安机关录用人民警察政治考察工作办法》开展考察。具有《公安机关录用人民警察政治考察工作办法》第八条、第九条情形的，不得报考；父母、配偶或子女已移居国（境）外的，不得报考；非公派原因曾六个月以上在国（境）外留学、工作、生活的，不得报考。\n5．工资待遇按人民警察标准执行，享受加班补贴和值勤岗位津贴。\n6．具有较强的语言表达能力、文字功底和较高的计算机水平，会网站制作及运维。\n7．加班较多，法定休息日及节假日不能保证正常休息休假。\n8．提供集体宿舍，可为符合条件人员办理集体户口。\n9．仅限男性报考。\n10．请考生及时关注“移民管理警察招考小助手”微信小程序发布的报考信息。"",""部门网站"":""https://rczk.nia.gov.cn"",""咨询电话1"":""010-85277788"",""咨询电话2"":""010-66263560"",""咨询电话3"":""010-85277681"",""来源Sheet"":""中央国家行政机关省级以下直属机构""}}"
"government_jobs","国家公务员2024招考简章","公务员/事业单位技术岗位","北京市","2026-07-28T09:12:58.310295+00:00","训练处一级警长及以下（六）","国家移民管理局常备力量第一总队","","北京市","公务员/事业单位;2024;computer_software;硕士研究生及以上;与最高学历相对应的学位;法学（03）、新闻与传播（0552）、中国语言文学（0501）;行政执法类","用人司局：国家移民管理局常备力量第一总队
职位简介：属于公安机关人民警察，主要承担文稿、公文起草、信息系统运维保障，需24小时值班。
专业要求：法学（03）、新闻与传播（0552）、中国语言文学（0501）
学历要求：硕士研究生及以上
学位要求：与最高学历相对应的学位
政治面貌：中共党员
基层工作经历：无限制
考试类别：行政执法类
备注：1.限2024届高校毕业生报考，高等学历教育各阶段均需取得相应学历和学位，报名时需注明专业代码；
2.具有较强的语言表达能力、文字功底和较高的计算机水平； 
3.具有大学英语四级500分以上或六级425分以上英语水平；
4.与国家移民管理局常备力量第一总队公务员之间有夫妻关系、直系血亲关系、三代以内旁系血亲关系以及近姻亲关系的，不得报考；
5.按《公务员录用体检特殊标准（试行）》进行体检，对《公务员录用体检特殊标准（试行）》未作规定的项目，按《公务员录用体检通用标准（试行）》执行，视力标准可询招录单位； 
6.按《公安机关录用人民警察体能测评项目和标准（暂行）》进行体能测评； 
7.按《公安机关录用人民警察政治考察工作办法》开展考察，具有《公安机关录用人民警察政治考察工作办法》第八条、第九条情形的，不得报考；父母、配偶或子女已移居国（境）外的，不得报考；非公派原因曾六个月以上在国（境）外留学、工作、生活的，不得报考；
8.加班较多，法定休息日及节假日不能保证正常休息休假，接受二次分配；
9.限男性报考；
10.提供集体宿舍。
请考生及时关注“移民管理警察招考小助手”微信小程序。","https://www.xuanhan.gov.cn/xxgk-show-77635.html#164201-300130001012","2023-10-15","{""dataset_year"":2024,""job_uid"":""GOV-2024-164201-300130001012"",""publisher"":""国家公务员局"",""publication_page"":""https://www.xuanhan.gov.cn/xxgk-show-77635.html"",""attachment_url"":""https://www.xuanhan.gov.cn/uploadfile/1/Attachment/638fdecf51.zip"",""local_source_file"":""中央机关及其直属机构2024年度考试录用公务员招考简章.xls"",""local_source_sha256"":""a1741b99dbecd6d03e533f99f2d69b0fa5a79733e551b80af69986ceed2ad996"",""source_sheet"":""中央国家行政机关省级以下直属机构"",""filter_version"":""government_tech_v2"",""tech_filter"":{""is_tech"":true,""is_core_tech"":true,""scope"":""core"",""categories"":[""computer_software""],""matched_fields"":[""description"",""remarks""],""major_terms"":[],""role_terms"":[""信息系统"",""系统运维"",""计算机""],""reason"":""tech_role""},""original"":{""部门代码"":""164201"",""部门名称"":""国家移民管理局常备力量第一总队"",""用人司局"":""国家移民管理局常备力量第一总队"",""机构性质"":""中央国家行政机关省级以下直属机构"",""招考职位"":""训练处一级警长及以下（六）"",""职位属性"":""公安机关人民警察职位"",""职位分布"":""其他职位"",""职位简介"":""属于公安机关人民警察，主要承担文稿、公文起草、信息系统运维保障，需24小时值班。"",""职位代码"":""300130001012"",""机构层级"":""市（地）级"",""考试类别"":""行政执法类"",""招考人数"":""1"",""专业"":""法学（03）、新闻与传播（0552）、中国语言文学（0501）"",""学历"":""硕士研究生及以上"",""学位"":""与最高学历相对应的学位"",""政治面貌"":""中共党员"",""基层工作最低年限"":""无限制"",""服务基层项目工作经历"":""无限制"",""是否在面试阶段组织专业能力测试"":""否"",""面试人员比例"":""3:1"",""工作地点"":""北京市"",""落户地点"":""北京市"",""备注"":""1.限2024届高校毕业生报考，高等学历教育各阶段均需取得相应学历和学位，报名时需注明专业代码；\n2.具有较强的语言表达能力、文字功底和较高的计算机水平； \n3.具有大学英语四级500分以上或六级425分以上英语水平；\n4.与国家移民管理局常备力量第一总队公务员之间有夫妻关系、直系血亲关系、三代以内旁系血亲关系以及近姻亲关系的，不得报考；\n5.按《公务员录用体检特殊标准（试行）》进行体检，对《公务员录用体检特殊标准（试行）》未作规定的项目，按《公务员录用体检通用标准（试行）》执行，视力标准可询招录单位； \n6.按《公安机关录用人民警察体能测评项目和标准（暂行）》进行体能测评； \n7.按《公安机关录用人民警察政治考察工作办法》开展考察，具有《公安机关录用人民警察政治考察工作办法》第八条、第九条情形的，不得报考；父母、配偶或子女已移居国（境）外的，不得报考；非公派原因曾六个月以上在国（境）外留学、工作、生活的，不得报考；\n8.加班较多，法定休息日及节假日不能保证正常休息休假，接受二次分配；\n9.限男性报考；\n10.提供集体宿舍。\n请考生及时关注“移民管理警察招考小助手”微信小程序。"",""部门网站"":""https://rczk.nia.gov.cn"",""咨询电话1"":""010-85277788"",""咨询电话2"":""010-66263560"",""咨询电话3"":""010-85277681"",""来源Sheet"":""中央国家行政机关省级以下直属机构""}}"
"government_jobs","国家公务员2024招考简章","公务员/事业单位技术岗位","云南省昆明市","2026-07-28T09:12:58.310295+00:00","国家移民管理局常备力量第二总队训练处一级警长及以下（二）","国家移民管理局常备力量第二总队","","云南省昆明市","公务员/事业单位;2024;computer_software;cybersecurity_cryptography;本科及以上;与最高学历相对应的学位;网络空间安全;行政执法类","用人司局：国家移民管理局常备力量第二总队
职位简介：属于公安机关人民警察，主要从事网络空间安全专业教学工作。
专业要求：网络空间安全
学历要求：本科及以上
学位要求：与最高学历相对应的学位
政治面貌：中共党员或共青团员
基层工作经历：无限制
考试类别：行政执法类
备注：1．限2024届高校毕业生报考（高等学历教育各阶段均需取得相应学历和学位）。
2．大学英语六级425分及以上，报名时须注明英语六级成绩。
3．按《公务员录用体检特殊标准（试行）》进行体检，对《公务员录用体检特殊标准（试行）》未作规定的项目，按《公务员录用体检通用标准（试行）》执行，视力标准可询招录单位。
4．按《公安机关录用人民警察体能测评项目和标准（暂行）》进行体能测评。
5．按《公安机关录用人民警察政治考察工作办法》开展考察。具有《公安机关录用人民警察政治考察工作办法》第八条、第九条情形的，不得报考；父母、配偶或子女已移居国（境）外的，不得报考；非公派原因曾六个月以上在国（境）外留学、工作、生活的，不得报考。
6．工资待遇按人民警察标准执行，享受加班补贴和值勤岗位津贴。
7．专业能力测试的内容为学科专业领域的现场授课教学（依据报考专业进行15分钟的专业课程教学），综合成绩比例15%。
8．须服从二次分配。在本单位最低服务年限五年（含试用期）。
9．请考生及时关注“移民管理警察招考小助手”微信小程序发布的报考信息。","https://www.xuanhan.gov.cn/xxgk-show-77635.html#164202-300130001003","2023-10-15","{""dataset_year"":2024,""job_uid"":""GOV-2024-164202-300130001003"",""publisher"":""国家公务员局"",""publication_page"":""https://www.xuanhan.gov.cn/xxgk-show-77635.html"",""attachment_url"":""https://www.xuanhan.gov.cn/uploadfile/1/Attachment/638fdecf51.zip"",""local_source_file"":""中央机关及其直属机构2024年度考试录用公务员招考简章.xls"",""local_source_sha256"":""a1741b99dbecd6d03e533f99f2d69b0fa5a79733e551b80af69986ceed2ad996"",""source_sheet"":""中央国家行政机关省级以下直属机构"",""filter_version"":""government_tech_v2"",""tech_filter"":{""is_tech"":true,""is_core_tech"":true,""scope"":""core"",""categories"":[""computer_software"",""cybersecurity_cryptography""],""matched_fields"":[""major"",""description""],""major_terms"":[""网络空间安全""],""role_terms"":[""网络空间安全""],""reason"":""tech_major_and_role""},""original"":{""部门代码"":""164202"",""部门名称"":""国家移民管理局常备力量第二总队"",""用人司局"":""国家移民管理局常备力量第二总队"",""机构性质"":""中央国家行政机关省级以下直属机构"",""招考职位"":""国家移民管理局常备力量第二总队训练处一级警长及以下（二）"",""职位属性"":""公安机关人民警察职位"",""职位分布"":""其他职位"",""职位简介"":""属于公安机关人民警察，主要从事网络空间安全专业教学工作。"",""职位代码"":""300130001003"",""机构层级"":""市（地）级"",""考试类别"":""行政执法类"",""招考人数"":""1"",""专业"":""网络空间安全"",""学历"":""本科及以上"",""学位"":""与最高学历相对应的学位"",""政治面貌"":""中共党员或共青团员"",""基层工作最低年限"":""无限制"",""服务基层项目工作经历"":""无限制"",""是否在面试阶段组织专业能力测试"":""是"",""面试人员比例"":""3:1"",""工作地点"":""云南省昆明市"",""落户地点"":""云南省昆明市"",""备注"":""1．限2024届高校毕业生报考（高等学历教育各阶段均需取得相应学历和学位）。\n2．大学英语六级425分及以上，报名时须注明英语六级成绩。\n3．按《公务员录用体检特殊标准（试行）》进行体检，对《公务员录用体检特殊标准（试行）》未作规定的项目，按《公务员录用体检通用标准（试行）》执行，视力标准可询招录单位。\n4．按《公安机关录用人民警察体能测评项目和标准（暂行）》进行体能测评。\n5．按《公安机关录用人民警察政治考察工作办法》开展考察。具有《公安机关录用人民警察政治考察工作办法》第八条、第九条情形的，不得报考；父母、配偶或子女已移居国（境）外的，不得报考；非公派原因曾六个月以上在国（境）外留学、工作、生活的，不得报考。\n6．工资待遇按人民警察标准执行，享受加班补贴和值勤岗位津贴。\n7．专业能力测试的内容为学科专业领域的现场授课教学（依据报考专业进行15分钟的专业课程教学），综合成绩比例15%。\n8．须服从二次分配。在本单位最低服务年限五年（含试用期）。\n9．请考生及时关注“移民管理警察招考小助手”微信小程序发布的报考信息。"",""部门网站"":""https://rczk.nia.gov.cn"",""咨询电话1"":""0871-68097376"",""咨询电话2"":""0871-68097375"",""咨询电话3"":"""",""来源Sheet"":""中央国家行政机关省级以下直属机构""}}"
"government_jobs","国家公务员2024招考简章","公务员/事业单位技术岗位","北京市","2026-07-28T09:12:58.310295+00:00","执行队一级警长及以下（五）","国家移民管理局北京遣返中心","","北京市","公务员/事业单位;2024;computer_software;data_ai;electronics_communication;硕士研究生及以上;与最高学历相对应的学位;电子科学与技术（0809）、信息与通信工程（0810）、 计算机科学与技术（0812）、电子信息（0854）;行政执法类","用人司局：国家移民管理局北京遣返中心
职位简介：属于公安机关人民警察，主要从事“三非”外国人的监管、审查、遣送出境和大数据核查、网络通信保障等相关工作。实行轮流倒班工作制，夜间执勤较多，法定休息日及节假日不能保证正常休息休假。
专业要求：电子科学与技术（0809）、信息与通信工程（0810）、 计算机科学与技术（0812）、电子信息（0854）
学历要求：硕士研究生及以上
学位要求：与最高学历相对应的学位
政治面貌：中共党员或共青团员
基层工作经历：无限制
考试类别：行政执法类
备注：1．限2024届高校毕业生报考（高等学历教育各阶段均需取得相应学历和学位）。
2．大学英语四级425分及以上，英语口语和文字表达能力好。
3．有固定的探亲假和休假安排，工资待遇按人民警察标准执行，享受加班补贴和值勤岗位津贴。
4．本单位为新组建单位，工作和落户地点在北京，具体位置待定，可提供集体宿舍。
5．按《公务员录用体检特殊标准（试行）》进行体检，对《公务员录用体检特殊标准（试行）》未作规定的项目，按《公务员录用体检通用标准（试行）》执行，视力标准可询招录单位。
6．按《公安机关录用人民警察体能测评项目和标准（暂行）》进行体能测评。
7．按《公安机关录用人民警察政治考察工作办法》开展考察。具有《公安机关录用人民警察政治考察工作办法》第八条、第九条情形的，不得报考；父母、配偶或子女已移居国（境）外的，不得报考；非公派原因曾六个月以上在国（境）外留学、工作、生活的，不得报考。
8．请考生及时关注“移民管理警察招考小助手”微信小程序发布的报考信息。","https://www.xuanhan.gov.cn/xxgk-show-77635.html#164203-300130001005","2023-10-15","{""dataset_year"":2024,""job_uid"":""GOV-2024-164203-300130001005"",""publisher"":""国家公务员局"",""publication_page"":""https://www.xuanhan.gov.cn/xxgk-show-77635.html"",""attachment_url"":""https://www.xuanhan.gov.cn/uploadfile/1/Attachment/638fdecf51.zip"",""local_source_file"":""中央机关及其直属机构2024年度考试录用公务员招考简章.xls"",""local_source_sha256"":""a1741b99dbecd6d03e533f99f2d69b0fa5a79733e551b80af69986ceed2ad996"",""source_sheet"":""中央国家行政机关省级以下直属机构"",""filter_version"":""government_tech_v2"",""tech_filter"":{""is_tech"":true,""is_core_tech"":true,""scope"":""core"",""categories"":[""computer_software"",""data_ai"",""electronics_communication""],""matched_fields"":[""major"",""description""],""major_terms"":[""信息与通信工程"",""电子信息"",""电子科学与技术"",""计算机科学与技术"",""通信工程""],""role_terms"":[""大数据""],""reason"":""tech_major_and_role""},""original"":{""部门代码"":""164203"",""部门名称"":""国家移民管理局北京遣返中心"",""用人司局"":""国家移民管理局北京遣返中心"",""机构性质"":""中央国家行政机关省级以下直属机构"",""招考职位"":""执行队一级警长及以下（五）"",""职位属性"":""公安机关人民警察职位"",""职位分布"":""其他职位"",""职位简介"":""属于公安机关人民警察，主要从事“三非”外国人的监管、审查、遣送出境和大数据核查、网络通信保障等相关工作。实行轮流倒班工作制，夜间执勤较多，法定休息日及节假日不能保证正常休息休假。"",""职位代码"":""300130001005"",""机构层级"":""市（地）级"",""考试类别"":""行政执法类"",""招考人数"":""2"",""专业"":""电子科学与技术（0809）、信息与通信工程（0810）、 计算机科学与技术（0812）、电子信息（0854）"",""学历"":""硕士研究生及以上"",""学位"":""与最高学历相对应的学位"",""政治面貌"":""中共党员或共青团员"",""基层工作最低年限"":""无限制"",""服务基层项目工作经历"":""无限制"",""是否在面试阶段组织专业能力测试"":""否"",""面试人员比例"":""3:1"",""工作地点"":""北京市"",""落户地点"":""北京市"",""备注"":""1．限2024届高校毕业生报考（高等学历教育各阶段均需取得相应学历和学位）。\n2．大学英语四级425分及以上，英语口语和文字表达能力好。\n3．有固定的探亲假和休假安排，工资待遇按人民警察标准执行，享受加班补贴和值勤岗位津贴。\n4．本单位为新组建单位，工作和落户地点在北京，具体位置待定，可提供集体宿舍。\n5．按《公务员录用体检特殊标准（试行）》进行体检，对《公务员录用体检特殊标准（试行）》未作规定的项目，按《公务员录用体检通用标准（试行）》执行，视力标准可询招录单位。\n6．按《公安机关录用人民警察体能测评项目和标准（暂行）》进行体能测评。\n7．按《公安机关录用人民警察政治考察工作办法》开展考察。具有《公安机关录用人民警察政治考察工作办法》第八条、第九条情形的，不得报考；父母、配偶或子女已移居国（境）外的，不得报考；非公派原因曾六个月以上在国（境）外留学、工作、生活的，不得报考。\n8．请考生及时关注“移民管理警察招考小助手”微信小程序发布的报考信息。"",""部门网站"":""https://rczk.nia.gov.cn"",""咨询电话1"":""010-83926622"",""咨询电话2"":""010-85277678"",""咨询电话3"":""010-66263560"",""来源Sheet"":""中央国家行政机关省级以下直属机构""}}"
"government_jobs","国家公务员2024招考简章","公务员/事业单位技术岗位","北京市","2026-07-28T09:12:58.310295+00:00","执行队一级警长及以下（七）","国家移民管理局北京遣返中心","","北京市","公务员/事业单位;2024;computer_software;cybersecurity_cryptography;electronics_communication;本科及以上;与最高学历相对应的学位;本科：电子信息类（0807）、计算机类（0809），硕士研究生：信息与通信工程（0810）、计算机科学与技术（0812）、软件工程（0835）、网络空间安全（0839）;行政执法类","用人司局：国家移民管理局北京遣返中心
职位简介：属于公安机关人民警察，主要从事信息系统研发、运行和保障等工作。需24小时值班。
专业要求：本科：电子信息类（0807）、计算机类（0809），硕士研究生：信息与通信工程（0810）、计算机科学与技术（0812）、软件工程（0835）、网络空间安全（0839）
学历要求：本科及以上
学位要求：与最高学历相对应的学位
政治面貌：中共党员
基层工作经历：无限制
考试类别：行政执法类
备注：1.限应届高校毕业生报考（高等学历教育各阶段均需取得相应学历和学位）。
2.大学英语四级500分及以上或大学英语六级425分及以上。
3.按《公务员录用体检特殊标准（试行）》进行体检，对其中未作规定的项目，按《公务员录用体检通用标准（试行）》执行，视力标准可询招录单位。
4.按《公安机关录用人民警察体能测评项目和标准（暂行）》进行体能测评。
5.按《公安机关录用人民警察政治考察工作办法》开展考察。具有《公安机关录用人民警察政治考察工作办法》第八条、第九条情形的，不得报考；父母、配偶或子女已移居国（境）外的，不得报考；非公派原因曾六个月以上在国（境）外留学、工作、生活的，不得报考。
6.工资待遇按人民警察标准执行，享受加班补贴和值勤岗位津贴。
7.须服从二次分配。在本单位最低服务年限五年（含试用期）。
8.具有较强的语言表达能力和较高的计算机水平。
9.加班较多，法定休息日及节假日不能保证正常休息休假。
10.提供集体宿舍。可为符合条件人员办理集体户口。
11.限男性报考。
请考生及时关注“移民管理警察招考小助手”微信小程序发布的报考信息。","https://www.xuanhan.gov.cn/xxgk-show-77635.html#164203-300130001008","2023-10-15","{""dataset_year"":2024,""job_uid"":""GOV-2024-164203-300130001008"",""publisher"":""国家公务员局"",""publication_page"":""https://www.xuanhan.gov.cn/xxgk-show-77635.html"",""attachment_url"":""https://www.xuanhan.gov.cn/uploadfile/1/Attachment/638fdecf51.zip"",""local_source_file"":""中央机关及其直属机构2024年度考试录用公务员招考简章.xls"",""local_source_sha256"":""a1741b99dbecd6d03e533f99f2d69b0fa5a79733e551b80af69986ceed2ad996"",""source_sheet"":""中央国家行政机关省级以下直属机构"",""filter_version"":""government_tech_v2"",""tech_filter"":{""is_tech"":true,""is_core_tech"":true,""scope"":""core"",""categories"":[""computer_software"",""cybersecurity_cryptography"",""electronics_communication""],""matched_fields"":[""major"",""description"",""remarks""],""major_terms"":[""信息与通信工程"",""电子信息类"",""网络空间安全"",""计算机科学与技术"",""计算机类"",""软件工程"",""通信工程""],""role_terms"":[""信息系统"",""计算机""],""reason"":""tech_major_and_role""},""original"":{""部门代码"":""164203"",""部门名称"":""国家移民管理局北京遣返中心"",""用人司局"":""国家移民管理局北京遣返中心"",""机构性质"":""中央国家行政机关省级以下直属机构"",""招考职位"":""执行队一级警长及以下（七）"",""职位属性"":""公安机关人民警察职位"",""职位分布"":""其他职位"",""职位简介"":""属于公安机关人民警察，主要从事信息系统研发、运行和保障等工作。需24小时值班。"",""职位代码"":""300130001008"",""机构层级"":""市（地）级"",""考试类别"":""行政执法类"",""招考人数"":""2"",""专业"":""本科：电子信息类（0807）、计算机类（0809），硕士研究生：信息与通信工程（0810）、计算机科学与技术（0812）、软件工程（0835）、网络空间安全（0839）"",""学历"":""本科及以上"",""学位"":""与最高学历相对应的学位"",""政治面貌"":""中共党员"",""基层工作最低年限"":""无限制"",""服务基层项目工作经历"":""无限制"",""是否在面试阶段组织专业能力测试"":""否"",""面试人员比例"":""3:1"",""工作地点"":""北京市"",""落户地点"":""北京市"",""备注"":""1.限应届高校毕业生报考（高等学历教育各阶段均需取得相应学历和学位）。\n2.大学英语四级500分及以上或大学英语六级425分及以上。\n3.按《公务员录用体检特殊标准（试行）》进行体检，对其中未作规定的项目，按《公务员录用体检通用标准（试行）》执行，视力标准可询招录单位。\n4.按《公安机关录用人民警察体能测评项目和标准（暂行）》进行体能测评。\n5.按《公安机关录用人民警察政治考察工作办法》开展考察。具有《公安机关录用人民警察政治考察工作办法》第八条、第九条情形的，不得报考；父母、配偶或子女已移居国（境）外的，不得报考；非公派原因曾六个月以上在国（境）外留学、工作、生活的，不得报考。\n6.工资待遇按人民警察标准执行，享受加班补贴和值勤岗位津贴。\n7.须服从二次分配。在本单位最低服务年限五年（含试用期）。\n8.具有较强的语言表达能力和较高的计算机水平。\n9.加班较多，法定休息日及节假日不能保证正常休息休假。\n10.提供集体宿舍。可为符合条件人员办理集体户口。\n11.限男性报考。\n请考生及时关注“移民管理警察招考小助手”微信小程序发布的报考信息。"",""部门网站"":""https://rczk.nia.gov.cn"",""咨询电话1"":""010-83926622"",""咨询电话2"":""010-85277678"",""咨询电话3"":""010-66263560"",""来源Sheet"":""中央国家行政机关省级以下直属机构""}}"
"government_jobs","国家公务员2024招考简章","公务员/事业单位技术岗位","北京市","2026-07-28T09:12:58.310295+00:00","执行队一级警长及以下（九）","国家移民管理局北京遣返中心","","北京市","公务员/事业单位;2024;computer_software;cybersecurity_cryptography;electronics_communication;本科及以上;与最高学历相对应的学位;本科：电子信息类（0807）、计算机类（0809），硕士研究生：信息与通信工程（0810）、计算机科学与技术（0812）、软件工程（0835）、网络空间安全（0839）;行政执法类","用人司局：国家移民管理局北京遣返中心
职位简介：属于公安机关人民警察，主要从事移民和出入境管理信息情报分析研判等工作。需24小时值班。
专业要求：本科：电子信息类（0807）、计算机类（0809），硕士研究生：信息与通信工程（0810）、计算机科学与技术（0812）、软件工程（0835）、网络空间安全（0839）
学历要求：本科及以上
学位要求：与最高学历相对应的学位
政治面貌：中共党员
基层工作经历：无限制
考试类别：行政执法类
备注：1.限应届高校毕业生报考（高等学历教育各阶段均需取得相应学历和学位）。
2.大学英语四级500分及以上或大学英语六级425分及以上。
3.按《公务员录用体检特殊标准（试行）》进行体检，对其中未作规定的项目，按《公务员录用体检通用标准（试行）》执行，视力标准可询招录单位。
4.按《公安机关录用人民警察体能测评项目和标准（暂行）》进行体能测评。
5.按《公安机关录用人民警察政治考察工作办法》开展考察。具有《公安机关录用人民警察政治考察工作办法》第八条、第九条情形的，不得报考；父母、配偶或子女已移居国（境）外的，不得报考；非公派原因曾六个月以上在国（境）外留学、工作、生活的，不得报考。
6.须服从二次分配。在本单位最低服务年限五年（含试用期）。
7.具有较强的语言表达能力和较高的计算机水平。
8.工资待遇按人民警察标准执行，享受加班补贴和值勤岗位津贴。
9.加班较多，法定休息日及节假日不能保证正常休息休假。
10.提供集体宿舍。可为符合条件人员办理集体户口。
11.限男性报考。
请考生及时关注“移民管理警察招考小助手”微信小程序发布的报考信息。","https://www.xuanhan.gov.cn/xxgk-show-77635.html#164203-300130001010","2023-10-15","{""dataset_year"":2024,""job_uid"":""GOV-2024-164203-300130001010"",""publisher"":""国家公务员局"",""publication_page"":""https://www.xuanhan.gov.cn/xxgk-show-77635.html"",""attachment_url"":""https://www.xuanhan.gov.cn/uploadfile/1/Attachment/638fdecf51.zip"",""local_source_file"":""中央机关及其直属机构2024年度考试录用公务员招考简章.xls"",""local_source_sha256"":""a1741b99dbecd6d03e533f99f2d69b0fa5a79733e551b80af69986ceed2ad996"",""source_sheet"":""中央国家行政机关省级以下直属机构"",""filter_version"":""government_tech_v2"",""tech_filter"":{""is_tech"":true,""is_core_tech"":true,""scope"":""core"",""categories"":[""computer_software"",""cybersecurity_cryptography"",""electronics_communication""],""matched_fields"":[""major"",""remarks""],""major_terms"":[""信息与通信工程"",""电子信息类"",""网络空间安全"",""计算机科学与技术"",""计算机类"",""软件工程"",""通信工程""],""role_terms"":[""计算机""],""reason"":""tech_major_and_role""},""original"":{""部门代码"":""164203"",""部门名称"":""国家移民管理局北京遣返中心"",""用人司局"":""国家移民管理局北京遣返中心"",""机构性质"":""中央国家行政机关省级以下直属机构"",""招考职位"":""执行队一级警长及以下（九）"",""职位属性"":""公安机关人民警察职位"",""职位分布"":""其他职位"",""职位简介"":""属于公安机关人民警察，主要从事移民和出入境管理信息情报分析研判等工作。需24小时值班。"",""职位代码"":""300130001010"",""机构层级"":""市（地）级"",""考试类别"":""行政执法类"",""招考人数"":""2"",""专业"":""本科：电子信息类（0807）、计算机类（0809），硕士研究生：信息与通信工程（0810）、计算机科学与技术（0812）、软件工程（0835）、网络空间安全（0839）"",""学历"":""本科及以上"",""学位"":""与最高学历相对应的学位"",""政治面貌"":""中共党员"",""基层工作最低年限"":""无限制"",""服务基层项目工作经历"":""无限制"",""是否在面试阶段组织专业能力测试"":""否"",""面试人员比例"":""3:1"",""工作地点"":""北京市"",""落户地点"":""北京市"",""备注"":""1.限应届高校毕业生报考（高等学历教育各阶段均需取得相应学历和学位）。\n2.大学英语四级500分及以上或大学英语六级425分及以上。\n3.按《公务员录用体检特殊标准（试行）》进行体检，对其中未作规定的项目，按《公务员录用体检通用标准（试行）》执行，视力标准可询招录单位。\n4.按《公安机关录用人民警察体能测评项目和标准（暂行）》进行体能测评。\n5.按《公安机关录用人民警察政治考察工作办法》开展考察。具有《公安机关录用人民警察政治考察工作办法》第八条、第九条情形的，不得报考；父母、配偶或子女已移居国（境）外的，不得报考；非公派原因曾六个月以上在国（境）外留学、工作、生活的，不得报考。\n6.须服从二次分配。在本单位最低服务年限五年（含试用期）。\n7.具有较强的语言表达能力和较高的计算机水平。\n8.工资待遇按人民警察标准执行，享受加班补贴和值勤岗位津贴。\n9.加班较多，法定休息日及节假日不能保证正常休息休假。\n10.提供集体宿舍。可为符合条件人员办理集体户口。\n11.限男性报考。\n请考生及时关注“移民管理警察招考小助手”微信小程序发布的报考信息。"",""部门网站"":""https://rczk.nia.gov.cn"",""咨询电话1"":""010-83926622"",""咨询电话2"":""010-85277678"",""咨询电话3"":""010-66263560"",""来源Sheet"":""中央国家行政机关省级以下直属机构""}}"
"government_jobs","国家公务员2024招考简章","公务员/事业单位技术岗位","北京市","2026-07-28T09:12:58.310295+00:00","执行队一级警长及以下（十七）","国家移民管理局北京遣返中心","","北京市","公务员/事业单位;2024;computer_software;electronics_communication;硕士研究生及以上;与最高学历相对应的学位;计算机科学与技术（0775、0812）、软件工程（0835）、电子信息（0854）;行政执法类","用人司局：国家移民管理局北京遣返中心
职位简介：属于公安机关人民警察，承担科技和信息化建设规划、技术装备和信息化标准制定等工作。
专业要求：计算机科学与技术（0775、0812）、软件工程（0835）、电子信息（0854）
学历要求：硕士研究生及以上
学位要求：与最高学历相对应的学位
政治面貌：中共党员或共青团员
基层工作经历：无限制
考试类别：行政执法类
备注：1.限2024届高校毕业生报考，高等学历教育各阶段均需取得相应学历和学位，报名时需注明专业代码；
2.具有较强的语言表达和公文写作能力；
3.具有大学英语四级500分以上或六级425分以上英语水平；
4.与国家移民管理局北京遣返中心公务员之间有夫妻关系、直系血亲关系、三代以内旁系血亲关系以及近姻亲关系的，不得报考；
5.按《公务员录用体检特殊标准（试行）》进行体检，对《公务员录用体检特殊标准（试行）》未作规定的项目，按《公务员录用体检通用标准（试行）》执行，视力标准可询招录单位； 
6.按《公安机关录用人民警察体能测评项目和标准（暂行）》进行体能测评； 
7.按《公安机关录用人民警察政治考察工作办法》开展考察，具有《公安机关录用人民警察政治考察工作办法》第八条、第九条情形的，不得报考；父母、配偶或子女已移居国（境）外的，不得报考；非公派原因曾六个月以上在国（境）外留学、工作、生活的，不得报考；
8.加班较多，法定休息日及节假日不能保证正常休息休假，接受二次分配；
9.提供集体宿舍。
请考生及时关注“移民管理警察招考小助手”微信小程序发布的报考信息。","https://www.xuanhan.gov.cn/xxgk-show-77635.html#164203-300130001017","2023-10-15","{""dataset_year"":2024,""job_uid"":""GOV-2024-164203-300130001017"",""publisher"":""国家公务员局"",""publication_page"":""https://www.xuanhan.gov.cn/xxgk-show-77635.html"",""attachment_url"":""https://www.xuanhan.gov.cn/uploadfile/1/Attachment/638fdecf51.zip"",""local_source_file"":""中央机关及其直属机构2024年度考试录用公务员招考简章.xls"",""local_source_sha256"":""a1741b99dbecd6d03e533f99f2d69b0fa5a79733e551b80af69986ceed2ad996"",""source_sheet"":""中央国家行政机关省级以下直属机构"",""filter_version"":""government_tech_v2"",""tech_filter"":{""is_tech"":true,""is_core_tech"":true,""scope"":""core"",""categories"":[""computer_software"",""electronics_communication""],""matched_fields"":[""major"",""description""],""major_terms"":[""电子信息"",""计算机科学与技术"",""软件工程""],""role_terms"":[""信息化""],""reason"":""tech_major_and_role""},""original"":{""部门代码"":""164203"",""部门名称"":""国家移民管理局北京遣返中心"",""用人司局"":""国家移民管理局北京遣返中心"",""机构性质"":""中央国家行政机关省级以下直属机构"",""招考职位"":""执行队一级警长及以下（十七）"",""职位属性"":""公安机关人民警察职位"",""职位分布"":""其他职位"",""职位简介"":""属于公安机关人民警察，承担科技和信息化建设规划、技术装备和信息化标准制定等工作。"",""职位代码"":""300130001017"",""机构层级"":""市（地）级"",""考试类别"":""行政执法类"",""招考人数"":""1"",""专业"":""计算机科学与技术（0775、0812）、软件工程（0835）、电子信息（0854）"",""学历"":""硕士研究生及以上"",""学位"":""与最高学历相对应的学位"",""政治面貌"":""中共党员或共青团员"",""基层工作最低年限"":""无限制"",""服务基层项目工作经历"":""无限制"",""是否在面试阶段组织专业能力测试"":""否"",""面试人员比例"":""3:1"",""工作地点"":""北京市"",""落户地点"":""北京市"",""备注"":""1.限2024届高校毕业生报考，高等学历教育各阶段均需取得相应学历和学位，报名时需注明专业代码；\n2.具有较强的语言表达和公文写作能力；\n3.具有大学英语四级500分以上或六级425分以上英语水平；\n4.与国家移民管理局北京遣返中心公务员之间有夫妻关系、直系血亲关系、三代以内旁系血亲关系以及近姻亲关系的，不得报考；\n5.按《公务员录用体检特殊标准（试行）》进行体检，对《公务员录用体检特殊标准（试行）》未作规定的项目，按《公务员录用体检通用标准（试行）》执行，视力标准可询招录单位； \n6.按《公安机关录用人民警察体能测评项目和标准（暂行）》进行体能测评； \n7.按《公安机关录用人民警察政治考察工作办法》开展考察，具有《公安机关录用人民警察政治考察工作办法》第八条、第九条情形的，不得报考；父母、配偶或子女已移居国（境）外的，不得报考；非公派原因曾六个月以上在国（境）外留学、工作、生活的，不得报考；\n8.加班较多，法定休息日及节假日不能保证正常休息休假，接受二次分配；\n9.提供集体宿舍。\n请考生及时关注“移民管理警察招考小助手”微信小程序发布的报考信息。"",""部门网站"":""https://rczk.nia.gov.cn"",""咨询电话1"":""010-83926622"",""咨询电话2"":""010-85277678"",""咨询电话3"":""010-66263560"",""来源Sheet"":""中央国家行政机关省级以下直属机构""}}"
"government_jobs","国家公务员2024招考简章","公务员/事业单位技术岗位","北京市","2026-07-28T09:12:58.310295+00:00","执行队一级警长及以下（十八）","国家移民管理局北京遣返中心","","北京市","公务员/事业单位;2024;computer_software;electronics_communication;硕士研究生及以上;与最高学历相对应的学位;信息与通信工程（0810）、计算机科学与技术（0775、0812）、软件工程（0835）、统计学（0714）、电子信息（0854）;行政执法类","用人司局：国家移民管理局北京遣返中心
职位简介：属于公安机关人民警察，承担信息化系统建设管理以及技术装备研发应用等工作。
专业要求：信息与通信工程（0810）、计算机科学与技术（0775、0812）、软件工程（0835）、统计学（0714）、电子信息（0854）
学历要求：硕士研究生及以上
学位要求：与最高学历相对应的学位
政治面貌：中共党员或共青团员
基层工作经历：无限制
考试类别：行政执法类
备注：1.限2024届高校毕业生报考，职位要求专业条件为报考者最高学历对应专业，高等学历教育各阶段均需取得相应学历和学位，报名时需注明专业代码；
2.具有较强的语言表达和公文写作能力；
3.具有大学英语四级500分以上或六级425分以上英语水平；
4.与国家移民管理局北京遣返中心公务员之间有夫妻关系、直系血亲关系、三代以内旁系血亲关系以及近姻亲关系的，不得报考；
5.按《公务员录用体检特殊标准（试行）》进行体检，对《公务员录用体检特殊标准（试行）》未作规定的项目，按《公务员录用体检通用标准（试行）》执行，视力标准可询招录单位； 
6.按《公安机关录用人民警察体能测评项目和标准（暂行）》进行体能测评； 
7.按《公安机关录用人民警察政治考察工作办法》开展考察，具有《公安机关录用人民警察政治考察工作办法》第八条、第九条情形的，不得报考；父母、配偶或子女已移居国（境）外的，不得报考；非公派原因曾六个月以上在国（境）外留学、工作、生活的，不得报考；
8.加班较多，法定休息日及节假日不能保证正常休息休假，接受二次分配；
9.限男性报考；
10.提供集体宿舍。
请关注“移民管理警察招考小助手”微信小程序","https://www.xuanhan.gov.cn/xxgk-show-77635.html#164203-300130001018","2023-10-15","{""dataset_year"":2024,""job_uid"":""GOV-2024-164203-300130001018"",""publisher"":""国家公务员局"",""publication_page"":""https://www.xuanhan.gov.cn/xxgk-show-77635.html"",""attachment_url"":""https://www.xuanhan.gov.cn/uploadfile/1/Attachment/638fdecf51.zip"",""local_source_file"":""中央机关及其直属机构2024年度考试录用公务员招考简章.xls"",""local_source_sha256"":""a1741b99dbecd6d03e533f99f2d69b0fa5a79733e551b80af69986ceed2ad996"",""source_sheet"":""中央国家行政机关省级以下直属机构"",""filter_version"":""government_tech_v2"",""tech_filter"":{""is_tech"":true,""is_core_tech"":true,""scope"":""core"",""categories"":[""computer_software"",""electronics_communication""],""matched_fields"":[""major"",""description""],""major_terms"":[""信息与通信工程"",""电子信息"",""计算机科学与技术"",""软件工程"",""通信工程""],""role_terms"":[""信息化"",""系统建设""],""reason"":""tech_major_and_role""},""original"":{""部门代码"":""164203"",""部门名称"":""国家移民管理局北京遣返中心"",""用人司局"":""国家移民管理局北京遣返中心"",""机构性质"":""中央国家行政机关省级以下直属机构"",""招考职位"":""执行队一级警长及以下（十八）"",""职位属性"":""公安机关人民警察职位"",""职位分布"":""其他职位"",""职位简介"":""属于公安机关人民警察，承担信息化系统建设管理以及技术装备研发应用等工作。"",""职位代码"":""300130001018"",""机构层级"":""市（地）级"",""考试类别"":""行政执法类"",""招考人数"":""1"",""专业"":""信息与通信工程（0810）、计算机科学与技术（0775、0812）、软件工程（0835）、统计学（0714）、电子信息（0854）"",""学历"":""硕士研究生及以上"",""学位"":""与最高学历相对应的学位"",""政治面貌"":""中共党员或共青团员"",""基层工作最低年限"":""无限制"",""服务基层项目工作经历"":""无限制"",""是否在面试阶段组织专业能力测试"":""否"",""面试人员比例"":""3:1"",""工作地点"":""北京市"",""落户地点"":""北京市"",""备注"":""1.限2024届高校毕业生报考，职位要求专业条件为报考者最高学历对应专业，高等学历教育各阶段均需取得相应学历和学位，报名时需注明专业代码；\n2.具有较强的语言表达和公文写作能力；\n3.具有大学英语四级500分以上或六级425分以上英语水平；\n4.与国家移民管理局北京遣返中心公务员之间有夫妻关系、直系血亲关系、三代以内旁系血亲关系以及近姻亲关系的，不得报考；\n5.按《公务员录用体检特殊标准（试行）》进行体检，对《公务员录用体检特殊标准（试行）》未作规定的项目，按《公务员录用体检通用标准（试行）》执行，视力标准可询招录单位； \n6.按《公安机关录用人民警察体能测评项目和标准（暂行）》进行体能测评； \n7.按《公安机关录用人民警察政治考察工作办法》开展考察，具有《公安机关录用人民警察政治考察工作办法》第八条、第九条情形的，不得报考；父母、配偶或子女已移居国（境）外的，不得报考；非公派原因曾六个月以上在国（境）外留学、工作、生活的，不得报考；\n8.加班较多，法定休息日及节假日不能保证正常休息休假，接受二次分配；\n9.限男性报考；\n10.提供集体宿舍。\n请关注“移民管理警察招考小助手”微信小程序"",""部门网站"":""https://rczk.nia.gov.cn"",""咨询电话1"":""010-83926622"",""咨询电话2"":""010-85277678"",""咨询电话3"":""010-66263560"",""来源Sheet"":""中央国家行政机关省级以下直属机构""}}"
"government_jobs","国家公务员2024招考简章","公务员/事业单位技术岗位","北京市","2026-07-28T09:12:58.310295+00:00","执行队一级警长及以下（十九）","国家移民管理局北京遣返中心","","北京市","公务员/事业单位;2024;computer_software;electronics_communication;硕士研究生及以上;与最高学历相对应的学位;信息与通信工程（0810）、计算机科学与技术（0775、0812）、软件工程（0835）、电子信息（0854）;行政执法类","用人司局：国家移民管理局北京遣返中心
职位简介：属于公安机关人民警察，承担信息网络、无线通信网络建设、安全管理等工作。
专业要求：信息与通信工程（0810）、计算机科学与技术（0775、0812）、软件工程（0835）、电子信息（0854）
学历要求：硕士研究生及以上
学位要求：与最高学历相对应的学位
政治面貌：中共党员或共青团员
基层工作经历：无限制
考试类别：行政执法类
备注：1.限2024届高校毕业生报考，职位要求专业条件为报考者最高学历对应专业，高等学历教育各阶段均需取得相应学历和学位，报名时需注明专业代码；
2.具有较强的语言表达和公文写作能力；
3.具有大学英语四级500分以上或六级425分以上英语水平；
4.与国家移民管理局北京遣返中心公务员之间有夫妻关系、直系血亲关系、三代以内旁系血亲关系以及近姻亲关系的，不得报考；
5.按《公务员录用体检特殊标准（试行）》进行体检，对《公务员录用体检特殊标准（试行）》未作规定的项目，按《公务员录用体检通用标准（试行）》执行，视力标准可询招录单位； 
6.按《公安机关录用人民警察体能测评项目和标准（暂行）》进行体能测评； 
7.按《公安机关录用人民警察政治考察工作办法》开展考察，具有《公安机关录用人民警察政治考察工作办法》第八条、第九条情形的，不得报考；父母、配偶或子女已移居国（境）外的，不得报考；非公派原因曾六个月以上在国（境）外留学、工作、生活的，不得报考；
8.加班较多，法定休息日及节假日不能保证正常休息休假，接受二次分配；
9.限男性报考；
10.提供集体宿舍。
请关注“移民管理警察招考小助手”微信小程序","https://www.xuanhan.gov.cn/xxgk-show-77635.html#164203-300130001019","2023-10-15","{""dataset_year"":2024,""job_uid"":""GOV-2024-164203-300130001019"",""publisher"":""国家公务员局"",""publication_page"":""https://www.xuanhan.gov.cn/xxgk-show-77635.html"",""attachment_url"":""https://www.xuanhan.gov.cn/uploadfile/1/Attachment/638fdecf51.zip"",""local_source_file"":""中央机关及其直属机构2024年度考试录用公务员招考简章.xls"",""local_source_sha256"":""a1741b99dbecd6d03e533f99f2d69b0fa5a79733e551b80af69986ceed2ad996"",""source_sheet"":""中央国家行政机关省级以下直属机构"",""filter_version"":""government_tech_v2"",""tech_filter"":{""is_tech"":true,""is_core_tech"":true,""scope"":""core"",""categories"":[""computer_software"",""electronics_communication""],""matched_fields"":[""major"",""description""],""major_terms"":[""信息与通信工程"",""电子信息"",""计算机科学与技术"",""软件工程"",""通信工程""],""role_terms"":[""通信网络""],""reason"":""tech_major_and_role""},""original"":{""部门代码"":""164203"",""部门名称"":""国家移民管理局北京遣返中心"",""用人司局"":""国家移民管理局北京遣返中心"",""机构性质"":""中央国家行政机关省级以下直属机构"",""招考职位"":""执行队一级警长及以下（十九）"",""职位属性"":""公安机关人民警察职位"",""职位分布"":""其他职位"",""职位简介"":""属于公安机关人民警察，承担信息网络、无线通信网络建设、安全管理等工作。"",""职位代码"":""300130001019"",""机构层级"":""市（地）级"",""考试类别"":""行政执法类"",""招考人数"":""1"",""专业"":""信息与通信工程（0810）、计算机科学与技术（0775、0812）、软件工程（0835）、电子信息（0854）"",""学历"":""硕士研究生及以上"",""学位"":""与最高学历相对应的学位"",""政治面貌"":""中共党员或共青团员"",""基层工作最低年限"":""无限制"",""服务基层项目工作经历"":""无限制"",""是否在面试阶段组织专业能力测试"":""否"",""面试人员比例"":""3:1"",""工作地点"":""北京市"",""落户地点"":""北京市"",""备注"":""1.限2024届高校毕业生报考，职位要求专业条件为报考者最高学历对应专业，高等学历教育各阶段均需取得相应学历和学位，报名时需注明专业代码；\n2.具有较强的语言表达和公文写作能力；\n3.具有大学英语四级500分以上或六级425分以上英语水平；\n4.与国家移民管理局北京遣返中心公务员之间有夫妻关系、直系血亲关系、三代以内旁系血亲关系以及近姻亲关系的，不得报考；\n5.按《公务员录用体检特殊标准（试行）》进行体检，对《公务员录用体检特殊标准（试行）》未作规定的项目，按《公务员录用体检通用标准（试行）》执行，视力标准可询招录单位； \n6.按《公安机关录用人民警察体能测评项目和标准（暂行）》进行体能测评； \n7.按《公安机关录用人民警察政治考察工作办法》开展考察，具有《公安机关录用人民警察政治考察工作办法》第八条、第九条情形的，不得报考；父母、配偶或子女已移居国（境）外的，不得报考；非公派原因曾六个月以上在国（境）外留学、工作、生活的，不得报考；\n8.加班较多，法定休息日及节假日不能保证正常休息休假，接受二次分配；\n9.限男性报考；\n10.提供集体宿舍。\n请关注“移民管理警察招考小助手”微信小程序"",""部门网站"":""https://rczk.nia.gov.cn"",""咨询电话1"":""010-83926622"",""咨询电话2"":""010-85277678"",""咨询电话3"":""010-66263560"",""来源Sheet"":""中央国家行政机关省级以下直属机构""}}"
"government_jobs","国家公务员2024招考简章","公务员/事业单位技术岗位","广西壮族自治区防城港市东兴市","2026-07-28T09:12:58.310295+00:00","东兴遣返中心执行队一级警长及以下（一）","国家移民管理局东兴遣返中心","","广西壮族自治区防城港市东兴市","公务员/事业单位;2024;computer_software;本科及以上;与最高学历相对应的学位;计算机科学与技术、软件工程、网络工程;行政执法类","用人司局：国家移民管理局东兴遣返中心
职位简介：属于公安机关人民警察，主要从事计算机系统运维、数据核查和非法移民待遣羁押、身份核查、实施遣返等工作。
专业要求：计算机科学与技术、软件工程、网络工程
学历要求：本科及以上
学位要求：与最高学历相对应的学位
政治面貌：中共党员或共青团员
基层工作经历：无限制
考试类别：行政执法类
备注：1．限2024届高校毕业生报考（高等学历教育各阶段均需取得相应学历和学位）。
2．具有初级及以上计算机技术与软件专业技术资格。
3．按《公务员录用体检特殊标准（试行）》进行体检，对《公务员录用体检特殊标准（试行）》未作规定的项目，按《公务员录用体检通用标准（试行）》执行，视力标准可询招录单位。
4．按《公安机关录用人民警察体能测评项目和标准（暂行）》进行体能测评。
5．按《公安机关录用人民警察政治考察工作办法》开展考察。具有《公安机关录用人民警察政治考察工作办法》第八条、第九条情形的，不得报考；父母、配偶或子女已移居国（境）外的，不得报考；非公派原因曾六个月以上在国（境）外留学、工作、生活的，不得报考。
6．工资待遇按人民警察标准执行，享受加班补贴和值勤岗位津贴。有固定的探亲假和休假安排。
7．本单位最低服务年限五年（含试用期）。 
8．仅限男性报考。  
9．请考生及时关注“移民管理警察招考小助手”微信小程序发布的报考信息。","https://www.xuanhan.gov.cn/xxgk-show-77635.html#164206-300130001001","2023-10-15","{""dataset_year"":2024,""job_uid"":""GOV-2024-164206-300130001001"",""publisher"":""国家公务员局"",""publication_page"":""https://www.xuanhan.gov.cn/xxgk-show-77635.html"",""attachment_url"":""https://www.xuanhan.gov.cn/uploadfile/1/Attachment/638fdecf51.zip"",""local_source_file"":""中央机关及其直属机构2024年度考试录用公务员招考简章.xls"",""local_source_sha256"":""a1741b99dbecd6d03e533f99f2d69b0fa5a79733e551b80af69986ceed2ad996"",""source_sheet"":""中央国家行政机关省级以下直属机构"",""filter_version"":""government_tech_v2"",""tech_filter"":{""is_tech"":true,""is_core_tech"":true,""scope"":""core"",""categories"":[""computer_software""],""matched_fields"":[""major"",""description"",""remarks""],""major_terms"":[""网络工程"",""计算机科学与技术"",""软件工程""],""role_terms"":[""系统运维"",""计算机"",""软件""],""reason"":""tech_major_and_role""},""original"":{""部门代码"":""164206"",""部门名称"":""国家移民管理局东兴遣返中心"",""用人司局"":""国家移民管理局东兴遣返中心"",""机构性质"":""中央国家行政机关省级以下直属机构"",""招考职位"":""东兴遣返中心执行队一级警长及以下（一）"",""职位属性"":""公安机关人民警察职位"",""职位分布"":""西部地区和艰苦边远地区职位"",""职位简介"":""属于公安机关人民警察，主要从事计算机系统运维、数据核查和非法移民待遣羁押、身份核查、实施遣返等工作。"",""职位代码"":""300130001001"",""机构层级"":""市（地）级"",""考试类别"":""行政执法类"",""招考人数"":""3"",""专业"":""计算机科学与技术、软件工程、网络工程"",""学历"":""本科及以上"",""学位"":""与最高学历相对应的学位"",""政治面貌"":""中共党员或共青团员"",""基层工作最低年限"":""无限制"",""服务基层项目工作经历"":""无限制"",""是否在面试阶段组织专业能力测试"":""否"",""面试人员比例"":""3:1"",""工作地点"":""广西壮族自治区防城港市东兴市"",""落户地点"":""广西壮族自治区防城港市东兴市"",""备注"":""1．限2024届高校毕业生报考（高等学历教育各阶段均需取得相应学历和学位）。\n2．具有初级及以上计算机技术与软件专业技术资格。\n3．按《公务员录用体检特殊标准（试行）》进行体检，对《公务员录用体检特殊标准（试行）》未作规定的项目，按《公务员录用体检通用标准（试行）》执行，视力标准可询招录单位。\n4．按《公安机关录用人民警察体能测评项目和标准（暂行）》进行体能测评。\n5．按《公安机关录用人民警察政治考察工作办法》开展考察。具有《公安机关录用人民警察政治考察工作办法》第八条、第九条情形的，不得报考；父母、配偶或子女已移居国（境）外的，不得报考；非公派原因曾六个月以上在国（境）外留学、工作、生活的，不得报考。\n6．工资待遇按人民警察标准执行，享受加班补贴和值勤岗位津贴。有固定的探亲假和休假安排。\n7．本单位最低服务年限五年（含试用期）。 \n8．仅限男性报考。  \n9．请考生及时关注“移民管理警察招考小助手”微信小程序发布的报考信息。"",""部门网站"":""https://rczk.nia.gov.cn"",""咨询电话1"":""0771-3195095"",""咨询电话2"":"""",""咨询电话3"":"""",""来源Sheet"":""中央国家行政机关省级以下直属机构""}}"
"government_jobs","国家公务员2024招考简章","公务员/事业单位技术岗位","云南省德宏傣族景颇族自治州瑞丽市","2026-07-28T09:12:58.310295+00:00","办公室一级警长及以下","国家移民管理局瑞丽遣返中心","","云南省德宏傣族景颇族自治州瑞丽市","公务员/事业单位;2024;computer_software;cybersecurity_cryptography;本科及以上;与最高学历相对应的学位;信息安全、保密技术;行政执法类","用人司局：国家移民管理局瑞丽遣返中心
职位简介：属于公安机关人民警察，主要从事信息化建设、技术保障等工作。需24小时值班。
专业要求：信息安全、保密技术
学历要求：本科及以上
学位要求：与最高学历相对应的学位
政治面貌：中共党员或共青团员
基层工作经历：无限制
考试类别：行政执法类
备注：1．限2024届高校毕业生报考（高等学历教育各阶段均需取得相应学历和学位）。
2．按《公务员录用体检特殊标准（试行）》进行体检，对《公务员录用体检特殊标准（试行）》未作规定的项目，按《公务员录用体检通用标准（试行）》执行，视力标准可询招录单位。
3．按《公安机关录用人民警察体能测评项目和标准（暂行）》进行体能测评。
4．按《公安机关录用人民警察政治考察工作办法》开展考察。具有《公安机关录用人民警察政治考察工作办法》第八条、第九条情形的，不得报考；父母、配偶或子女已移居国（境）外的，不得报考；非公派原因曾六个月以上在国（境）外留学、工作、生活的，不得报考。
5．须服从二次分配。
6．在本单位最低服务年限五年（含试用期）。
7．仅限男性报考。
8．请考生及时关注“移民管理警察招考小助手”微信小程序发布的报考信息。","https://www.xuanhan.gov.cn/xxgk-show-77635.html#164207-300130001001","2023-10-15","{""dataset_year"":2024,""job_uid"":""GOV-2024-164207-300130001001"",""publisher"":""国家公务员局"",""publication_page"":""https://www.xuanhan.gov.cn/xxgk-show-77635.html"",""attachment_url"":""https://www.xuanhan.gov.cn/uploadfile/1/Attachment/638fdecf51.zip"",""local_source_file"":""中央机关及其直属机构2024年度考试录用公务员招考简章.xls"",""local_source_sha256"":""a1741b99dbecd6d03e533f99f2d69b0fa5a79733e551b80af69986ceed2ad996"",""source_sheet"":""中央国家行政机关省级以下直属机构"",""filter_version"":""government_tech_v2"",""tech_filter"":{""is_tech"":true,""is_core_tech"":true,""scope"":""core"",""categories"":[""computer_software"",""cybersecurity_cryptography""],""matched_fields"":[""major"",""description""],""major_terms"":[""保密技术"",""信息安全""],""role_terms"":[""信息化""],""reason"":""tech_major_and_role""},""original"":{""部门代码"":""164207"",""部门名称"":""国家移民管理局瑞丽遣返中心"",""用人司局"":""国家移民管理局瑞丽遣返中心"",""机构性质"":""中央国家行政机关省级以下直属机构"",""招考职位"":""办公室一级警长及以下"",""职位属性"":""公安机关人民警察职位"",""职位分布"":""西部地区和艰苦边远地区职位"",""职位简介"":""属于公安机关人民警察，主要从事信息化建设、技术保障等工作。需24小时值班。"",""职位代码"":""300130001001"",""机构层级"":""市（地）级"",""考试类别"":""行政执法类"",""招考人数"":""1"",""专业"":""信息安全、保密技术"",""学历"":""本科及以上"",""学位"":""与最高学历相对应的学位"",""政治面貌"":""中共党员或共青团员"",""基层工作最低年限"":""无限制"",""服务基层项目工作经历"":""无限制"",""是否在面试阶段组织专业能力测试"":""否"",""面试人员比例"":""3:1"",""工作地点"":""云南省德宏傣族景颇族自治州瑞丽市"",""落户地点"":""云南省德宏傣族景颇族自治州瑞丽市"",""备注"":""1．限2024届高校毕业生报考（高等学历教育各阶段均需取得相应学历和学位）。\n2．按《公务员录用体检特殊标准（试行）》进行体检，对《公务员录用体检特殊标准（试行）》未作规定的项目，按《公务员录用体检通用标准（试行）》执行，视力标准可询招录单位。\n3．按《公安机关录用人民警察体能测评项目和标准（暂行）》进行体能测评。\n4．按《公安机关录用人民警察政治考察工作办法》开展考察。具有《公安机关录用人民警察政治考察工作办法》第八条、第九条情形的，不得报考；父母、配偶或子女已移居国（境）外的，不得报考；非公派原因曾六个月以上在国（境）外留学、工作、生活的，不得报考。\n5．须服从二次分配。\n6．在本单位最低服务年限五年（含试用期）。\n7．仅限男性报考。\n8．请考生及时关注“移民管理警察招考小助手”微信小程序发布的报考信息。"",""部门网站"":""https://rczk.nia.gov.cn"",""咨询电话1"":""0692-3015024"",""咨询电话2"":""0692-3015025"",""咨询电话3"":"""",""来源Sheet"":""中央国家行政机关省级以下直属机构""}}"
"government_jobs","国家公务员2024招考简章","公务员/事业单位技术岗位","云南省德宏傣族景颇族自治州瑞丽市","2026-07-28T09:12:58.310295+00:00","执行三队一级警长及以下（二）","国家移民管理局瑞丽遣返中心","","云南省德宏傣族景颇族自治州瑞丽市","公务员/事业单位;2024;computer_software;本科及以上;与最高学历相对应的学位;计算机科学与技术;行政执法类","用人司局：国家移民管理局瑞丽遣返中心
职位简介：属于公安机关人民警察，主要从事非法移民待遣羁押、身份核查、实施遣返等工作，以及信息系统研发、运行和保障等工作。
专业要求：计算机科学与技术
学历要求：本科及以上
学位要求：与最高学历相对应的学位
政治面貌：中共党员或共青团员
基层工作经历：无限制
考试类别：行政执法类
备注：1．限应届高校毕业生报考（高等学历教育各阶段均需取得相应学历和学位）。
2．按《公务员录用体检特殊标准（试行）》进行体检，对《公务员录用体检特殊标准（试行）》未作规定的项目，按《公务员录用体检通用标准（试行）》执行，视力标准可询招录单位。
3．按《公安机关录用人民警察体能测评项目和标准（暂行）》进行体能测评。
4．按《公安机关录用人民警察政治考察工作办法》开展考察。具有《公安机关录用人民警察政治考察工作办法》第八条、第九条情形的，不得报考；父母、配偶或子女已移居国（境）外的，不得报考；非公派原因曾六个月以上在国（境）外留学、工作、生活的，不得报考。
5．须服从二次分配。
6．在本单位最低服务年限五年（含试用期）。
7．仅限男性报考。
8．请考生及时关注“移民管理警察招考小助手”微信小程序发布的报考信息。","https://www.xuanhan.gov.cn/xxgk-show-77635.html#164207-300130001011","2023-10-15","{""dataset_year"":2024,""job_uid"":""GOV-2024-164207-300130001011"",""publisher"":""国家公务员局"",""publication_page"":""https://www.xuanhan.gov.cn/xxgk-show-77635.html"",""attachment_url"":""https://www.xuanhan.gov.cn/uploadfile/1/Attachment/638fdecf51.zip"",""local_source_file"":""中央机关及其直属机构2024年度考试录用公务员招考简章.xls"",""local_source_sha256"":""a1741b99dbecd6d03e533f99f2d69b0fa5a79733e551b80af69986ceed2ad996"",""source_sheet"":""中央国家行政机关省级以下直属机构"",""filter_version"":""government_tech_v2"",""tech_filter"":{""is_tech"":true,""is_core_tech"":true,""scope"":""core"",""categories"":[""computer_software""],""matched_fields"":[""major"",""description""],""major_terms"":[""计算机科学与技术""],""role_terms"":[""信息系统""],""reason"":""tech_major_and_role""},""original"":{""部门代码"":""164207"",""部门名称"":""国家移民管理局瑞丽遣返中心"",""用人司局"":""国家移民管理局瑞丽遣返中心"",""机构性质"":""中央国家行政机关省级以下直属机构"",""招考职位"":""执行三队一级警长及以下（二）"",""职位属性"":""公安机关人民警察职位"",""职位分布"":""西部地区和艰苦边远地区职位"",""职位简介"":""属于公安机关人民警察，主要从事非法移民待遣羁押、身份核查、实施遣返等工作，以及信息系统研发、运行和保障等工作。"",""职位代码"":""300130001011"",""机构层级"":""市（地）级"",""考试类别"":""行政执法类"",""招考人数"":""1"",""专业"":""计算机科学与技术"",""学历"":""本科及以上"",""学位"":""与最高学历相对应的学位"",""政治面貌"":""中共党员或共青团员"",""基层工作最低年限"":""无限制"",""服务基层项目工作经历"":""无限制"",""是否在面试阶段组织专业能力测试"":""否"",""面试人员比例"":""3:1"",""工作地点"":""云南省德宏傣族景颇族自治州瑞丽市"",""落户地点"":""云南省德宏傣族景颇族自治州瑞丽市"",""备注"":""1．限应届高校毕业生报考（高等学历教育各阶段均需取得相应学历和学位）。\n2．按《公务员录用体检特殊标准（试行）》进行体检，对《公务员录用体检特殊标准（试行）》未作规定的项目，按《公务员录用体检通用标准（试行）》执行，视力标准可询招录单位。\n3．按《公安机关录用人民警察体能测评项目和标准（暂行）》进行体能测评。\n4．按《公安机关录用人民警察政治考察工作办法》开展考察。具有《公安机关录用人民警察政治考察工作办法》第八条、第九条情形的，不得报考；父母、配偶或子女已移居国（境）外的，不得报考；非公派原因曾六个月以上在国（境）外留学、工作、生活的，不得报考。\n5．须服从二次分配。\n6．在本单位最低服务年限五年（含试用期）。\n7．仅限男性报考。\n8．请考生及时关注“移民管理警察招考小助手”微信小程序发布的报考信息。"",""部门网站"":""https://rczk.nia.gov.cn"",""咨询电话1"":""0692-3015024"",""咨询电话2"":""0692-3015025"",""咨询电话3"":"""",""来源Sheet"":""中央国家行政机关省级以下直属机构""}}"
"government_jobs","国家公务员2024招考简章","公务员/事业单位技术岗位","北京市","2026-07-28T09:12:58.310295+00:00","行政办公室一级主任科员及以下","中国民用航空局华北地区管理局","","北京市","公务员/事业单位;2024;computer_software;cybersecurity_cryptography;本科及以上;与最高学历相对应的学位;计算科学与技术、计算机技术、软件工程、信息安全、交通工程;市（地）级及以下直属机构综合管理类","用人司局：民航北京安全监督管理局
职位简介：从事行政事务、辖区网络信息安全监管工作。
专业要求：计算科学与技术、计算机技术、软件工程、信息安全、交通工程
学历要求：本科及以上
学位要求：与最高学历相对应的学位
政治面貌：不限
基层工作经历：无限制
考试类别：市（地）级及以下直属机构综合管理类
备注：1、最低服务年限五年（含试用期）；
2、大学英语四级425分（含）以上或雅思6.5分以上或托福90分以上。","https://www.xuanhan.gov.cn/xxgk-show-77635.html#169101-300110002001","2023-10-15","{""dataset_year"":2024,""job_uid"":""GOV-2024-169101-300110002001"",""publisher"":""国家公务员局"",""publication_page"":""https://www.xuanhan.gov.cn/xxgk-show-77635.html"",""attachment_url"":""https://www.xuanhan.gov.cn/uploadfile/1/Attachment/638fdecf51.zip"",""local_source_file"":""中央机关及其直属机构2024年度考试录用公务员招考简章.xls"",""local_source_sha256"":""a1741b99dbecd6d03e533f99f2d69b0fa5a79733e551b80af69986ceed2ad996"",""source_sheet"":""中央国家行政机关省级以下直属机构"",""filter_version"":""government_tech_v2"",""tech_filter"":{""is_tech"":true,""is_core_tech"":true,""scope"":""core"",""categories"":[""computer_software"",""cybersecurity_cryptography""],""matched_fields"":[""major"",""description""],""major_terms"":[""信息安全"",""计算机技术"",""软件工程""],""role_terms"":[""信息安全""],""reason"":""tech_major_and_role""},""original"":{""部门代码"":""169101"",""部门名称"":""中国民用航空局华北地区管理局"",""用人司局"":""民航北京安全监督管理局"",""机构性质"":""中央国家行政机关省级以下直属机构"",""招考职位"":""行政办公室一级主任科员及以下"",""职位属性"":""普通职位"",""职位分布"":""其他职位"",""职位简介"":""从事行政事务、辖区网络信息安全监管工作。"",""职位代码"":""300110002001"",""机构层级"":""县（区）级及以下"",""考试类别"":""市（地）级及以下直属机构综合管理类"",""招考人数"":""1"",""专业"":""计算科学与技术、计算机技术、软件工程、信息安全、交通工程"",""学历"":""本科及以上"",""学位"":""与最高学历相对应的学位"",""政治面貌"":""不限"",""基层工作最低年限"":""无限制"",""服务基层项目工作经历"":""无限制"",""是否在面试阶段组织专业能力测试"":""否"",""面试人员比例"":""3:1"",""工作地点"":""北京市"",""落户地点"":""北京市"",""备注"":""1、最低服务年限五年（含试用期）；\n2、大学英语四级425分（含）以上或雅思6.5分以上或托福90分以上。"",""部门网站"":""http://hb.caac.gov.cn/"",""咨询电话1"":""010-64596495"",""咨询电话2"":""010-64592274"",""咨询电话3"":"""",""来源Sheet"":""中央国家行政机关省级以下直属机构""}}"
"government_jobs","国家公务员2024招考简章","公务员/事业单位技术岗位","广东省深圳市","2026-07-28T09:12:58.310295+00:00","行政办公室一级主任科员及以下","中国民用航空局中南地区管理局","","广东省深圳市","公务员/事业单位;2024;computer_software;cybersecurity_cryptography;硕士研究生及以上;与最高学历相对应的学位;通信与信息系统（081001）、信号与信息处理（081002）、计算机系统结构（081201）、计算机软件与理论（081202）、计算机应用技术（081203）、行政管理（120401）;市（地）级及以下直属机构综合管理类","用人司局：中国民用航空深圳安全监督管理局
职位简介：网络安全、应急、机要
专业要求：通信与信息系统（081001）、信号与信息处理（081002）、计算机系统结构（081201）、计算机软件与理论（081202）、计算机应用技术（081203）、行政管理（120401）
学历要求：硕士研究生及以上
学位要求：与最高学历相对应的学位
政治面貌：不限
基层工作经历：无限制
考试类别：市（地）级及以下直属机构综合管理类
备注：1.大学英语四级425分（含）以上。2.需经常出差，需值夜班。3.本单位最低服务年限5年（含试用期）。","https://www.xuanhan.gov.cn/xxgk-show-77635.html#169103-300110008002","2023-10-15","{""dataset_year"":2024,""job_uid"":""GOV-2024-169103-300110008002"",""publisher"":""国家公务员局"",""publication_page"":""https://www.xuanhan.gov.cn/xxgk-show-77635.html"",""attachment_url"":""https://www.xuanhan.gov.cn/uploadfile/1/Attachment/638fdecf51.zip"",""local_source_file"":""中央机关及其直属机构2024年度考试录用公务员招考简章.xls"",""local_source_sha256"":""a1741b99dbecd6d03e533f99f2d69b0fa5a79733e551b80af69986ceed2ad996"",""source_sheet"":""中央国家行政机关省级以下直属机构"",""filter_version"":""government_tech_v2"",""tech_filter"":{""is_tech"":true,""is_core_tech"":true,""scope"":""core"",""categories"":[""computer_software"",""cybersecurity_cryptography""],""matched_fields"":[""major"",""description""],""major_terms"":[""计算机""],""role_terms"":[""网络安全""],""reason"":""tech_major_and_role""},""original"":{""部门代码"":""169103"",""部门名称"":""中国民用航空局中南地区管理局"",""用人司局"":""中国民用航空深圳安全监督管理局"",""机构性质"":""中央国家行政机关省级以下直属机构"",""招考职位"":""行政办公室一级主任科员及以下"",""职位属性"":""普通职位"",""职位分布"":""其他职位"",""职位简介"":""网络安全、应急、机要"",""职位代码"":""300110008002"",""机构层级"":""县（区）级及以下"",""考试类别"":""市（地）级及以下直属机构综合管理类"",""招考人数"":""1"",""专业"":""通信与信息系统（081001）、信号与信息处理（081002）、计算机系统结构（081201）、计算机软件与理论（081202）、计算机应用技术（081203）、行政管理（120401）"",""学历"":""硕士研究生及以上"",""学位"":""与最高学历相对应的学位"",""政治面貌"":""不限"",""基层工作最低年限"":""无限制"",""服务基层项目工作经历"":""无限制"",""是否在面试阶段组织专业能力测试"":""否"",""面试人员比例"":""3:1"",""工作地点"":""广东省深圳市"",""落户地点"":""广东省深圳市"",""备注"":""1.大学英语四级425分（含）以上。2.需经常出差，需值夜班。3.本单位最低服务年限5年（含试用期）。"",""部门网站"":""http://zn.caac.gov.cn"",""咨询电话1"":""020-86122253"",""咨询电话2"":""020-86124148"",""咨询电话3"":"""",""来源Sheet"":""中央国家行政机关省级以下直属机构""}}"
"government_jobs","国家公务员2024招考简章","公务员/事业单位技术岗位","新疆维吾尔自治区乌鲁木齐市新市区","2026-07-28T09:12:58.310295+00:00","人事科教处一级主任科员及以下","中国民用航空局新疆管理局","","新疆维吾尔自治区乌鲁木齐市新市区","公务员/事业单位;2024;computer_software;cybersecurity_cryptography;本科及以上;与最高学历相对应的学位;本科： 计算机科学与技术、软件工程、网络工程、信息安全、电子与计算机工程 、数据科学与大数据技术、网络空间安全； 研究生： 计算机科学与技术、网络空间安全、软件工程;中央机关及其省级直属机构综合管理类","用人司局：民航新疆管理局
职位简介：网络安全监察
专业要求：本科： 计算机科学与技术、软件工程、网络工程、信息安全、电子与计算机工程 、数据科学与大数据技术、网络空间安全； 研究生： 计算机科学与技术、网络空间安全、软件工程
学历要求：本科及以上
学位要求：与最高学历相对应的学位
政治面貌：不限
基层工作经历：二年
考试类别：中央机关及其省级直属机构综合管理类
备注：1.本科生大学英语等级考试四级成绩425分以上，研究生大学英语等级考试六级成绩425分以上；
2.最低服务期限5年；
3.具有较强的文字组织能力；
4.限新疆维吾尔自治区户籍生源报考；
5.英语能力、相关证照、事业单位报考人员编制是否为非参公事业编制、本人具体从事工作内容等信息请填写在备注栏；
6.该岗位设定的本科专业为二级学科名称，研究生专业为一级学科名称。","https://www.xuanhan.gov.cn/xxgk-show-77635.html#169108-300110001003","2023-10-15","{""dataset_year"":2024,""job_uid"":""GOV-2024-169108-300110001003"",""publisher"":""国家公务员局"",""publication_page"":""https://www.xuanhan.gov.cn/xxgk-show-77635.html"",""attachment_url"":""https://www.xuanhan.gov.cn/uploadfile/1/Attachment/638fdecf51.zip"",""local_source_file"":""中央机关及其直属机构2024年度考试录用公务员招考简章.xls"",""local_source_sha256"":""a1741b99dbecd6d03e533f99f2d69b0fa5a79733e551b80af69986ceed2ad996"",""source_sheet"":""中央国家行政机关省级以下直属机构"",""filter_version"":""government_tech_v2"",""tech_filter"":{""is_tech"":true,""is_core_tech"":true,""scope"":""core"",""categories"":[""computer_software"",""cybersecurity_cryptography""],""matched_fields"":[""major"",""description""],""major_terms"":[""信息安全"",""大数据"",""数据科学与大数据技术"",""网络工程"",""网络空间安全"",""计算机"",""计算机科学与技术"",""软件工程""],""role_terms"":[""网络安全""],""reason"":""tech_major_and_role""},""original"":{""部门代码"":""169108"",""部门名称"":""中国民用航空局新疆管理局"",""用人司局"":""民航新疆管理局"",""机构性质"":""中央国家行政机关省级以下直属机构"",""招考职位"":""人事科教处一级主任科员及以下"",""职位属性"":""普通职位"",""职位分布"":""其他职位"",""职位简介"":""网络安全监察"",""职位代码"":""300110001003"",""机构层级"":""省（副省）级"",""考试类别"":""中央机关及其省级直属机构综合管理类"",""招考人数"":""1"",""专业"":""本科： 计算机科学与技术、软件工程、网络工程、信息安全、电子与计算机工程 、数据科学与大数据技术、网络空间安全； 研究生： 计算机科学与技术、网络空间安全、软件工程"",""学历"":""本科及以上"",""学位"":""与最高学历相对应的学位"",""政治面貌"":""不限"",""基层工作最低年限"":""二年"",""服务基层项目工作经历"":""无限制"",""是否在面试阶段组织专业能力测试"":""否"",""面试人员比例"":""5:1"",""工作地点"":""新疆维吾尔自治区乌鲁木齐市新市区"",""落户地点"":""新疆维吾尔自治区乌鲁木齐市新市区"",""备注"":""1.本科生大学英语等级考试四级成绩425分以上，研究生大学英语等级考试六级成绩425分以上；\n2.最低服务期限5年；\n3.具有较强的文字组织能力；\n4.限新疆维吾尔自治区户籍生源报考；\n5.英语能力、相关证照、事业单位报考人员编制是否为非参公事业编制、本人具体从事工作内容等信息请填写在备注栏；\n6.该岗位设定的本科专业为二级学科名称，研究生专业为一级学科名称。"",""部门网站"":""http://xj.caac.gov.cn"",""咨询电话1"":""18599349758"",""咨询电话2"":""0991-3804867"",""咨询电话3"":"""",""来源Sheet"":""中央国家行政机关省级以下直属机构""}}"
"government_jobs","国家公务员2024招考简章","公务员/事业单位技术岗位","重庆市万州区","2026-07-28T09:12:58.310295+00:00","一级主任科员及以下","重庆市邮政管理局","","重庆市万州区","公务员/事业单位;2024;computer_software;cybersecurity_cryptography;本科及以上;与最高学历相对应的学位;信息与计算科学、计算机科学与技术、网络工程、信息安全（以上均为专业名称）;市（地）级及以下直属机构综合管理类","用人司局：重庆市邮政管理局一分局
职位简介：邮政行业监督管理
专业要求：信息与计算科学、计算机科学与技术、网络工程、信息安全（以上均为专业名称）
学历要求：本科及以上
学位要求：与最高学历相对应的学位
政治面貌：中共党员
基层工作经历：二年
考试类别：市（地）级及以下直属机构综合管理类
备注：1.本职位要求专业须为主修专业；2.大学英语四级425分及以上；3.全国计算机等级考试二级；4.一线执法岗位，需到辖区边远地区开展执法检查，工作强度大；5.在本单位最低服务年限为5年（含试用期）；6.落户须符合当地有关政策，单位无法办理集体户口。","https://www.xuanhan.gov.cn/xxgk-show-77635.html#170122-300110001001","2023-10-15","{""dataset_year"":2024,""job_uid"":""GOV-2024-170122-300110001001"",""publisher"":""国家公务员局"",""publication_page"":""https://www.xuanhan.gov.cn/xxgk-show-77635.html"",""attachment_url"":""https://www.xuanhan.gov.cn/uploadfile/1/Attachment/638fdecf51.zip"",""local_source_file"":""中央机关及其直属机构2024年度考试录用公务员招考简章.xls"",""local_source_sha256"":""a1741b99dbecd6d03e533f99f2d69b0fa5a79733e551b80af69986ceed2ad996"",""source_sheet"":""中央国家行政机关省级以下直属机构"",""filter_version"":""government_tech_v2"",""tech_filter"":{""is_tech"":true,""is_core_tech"":true,""scope"":""core"",""categories"":[""computer_software"",""cybersecurity_cryptography""],""matched_fields"":[""major"",""remarks""],""major_terms"":[""信息安全"",""网络工程"",""计算机科学与技术""],""role_terms"":[""计算机""],""reason"":""tech_major_and_role""},""original"":{""部门代码"":""170122"",""部门名称"":""重庆市邮政管理局"",""用人司局"":""重庆市邮政管理局一分局"",""机构性质"":""中央国家行政机关省级以下直属机构"",""招考职位"":""一级主任科员及以下"",""职位属性"":""普通职位"",""职位分布"":""西部地区和艰苦边远地区职位"",""职位简介"":""邮政行业监督管理"",""职位代码"":""300110001001"",""机构层级"":""市（地）级"",""考试类别"":""市（地）级及以下直属机构综合管理类"",""招考人数"":""1"",""专业"":""信息与计算科学、计算机科学与技术、网络工程、信息安全（以上均为专业名称）"",""学历"":""本科及以上"",""学位"":""与最高学历相对应的学位"",""政治面貌"":""中共党员"",""基层工作最低年限"":""二年"",""服务基层项目工作经历"":""无限制"",""是否在面试阶段组织专业能力测试"":""否"",""面试人员比例"":""3:1"",""工作地点"":""重庆市万州区"",""落户地点"":""重庆市万州区"",""备注"":""1.本职位要求专业须为主修专业；2.大学英语四级425分及以上；3.全国计算机等级考试二级；4.一线执法岗位，需到辖区边远地区开展执法检查，工作强度大；5.在本单位最低服务年限为5年（含试用期）；6.落户须符合当地有关政策，单位无法办理集体户口。"",""部门网站"":""http://cq.spb.gov.cn/"",""咨询电话1"":""023-86886916"",""咨询电话2"":""023-86886907"",""咨询电话3"":"""",""来源Sheet"":""中央国家行政机关省级以下直属机构""}}"
"government_jobs","国家公务员2024招考简章","公务员/事业单位技术岗位","四川省巴中市","2026-07-28T09:12:58.310295+00:00","一级科员","四川省邮政管理局","","四川省巴中市","公务员/事业单位;2024;computer_software;cybersecurity_cryptography;本科及以上;与最高学历相对应的学位;邮政管理、安全生产监管、应急管理、应急技术与管理、安全防范工程、保密管理、信息安全、网络安全与执法（以上均为专业名称）;市（地）级及以下直属机构综合管理类","用人司局：巴中市邮政管理局
职位简介：邮政行业监督管理
专业要求：邮政管理、安全生产监管、应急管理、应急技术与管理、安全防范工程、保密管理、信息安全、网络安全与执法（以上均为专业名称）
学历要求：本科及以上
学位要求：与最高学历相对应的学位
政治面貌：中共党员
基层工作经历：无限制
考试类别：市（地）级及以下直属机构综合管理类
备注：1.大学英语四级425分及以上；2.全国计算机等级考试二级；3.仅招录2024届高校毕业生；4.一线执法岗位，需到辖区边远地区开展执法检查，工作强度大；5.在本单位最低服务年限为5年（含试用期）；6.本单位不提供宿舍。","https://www.xuanhan.gov.cn/xxgk-show-77635.html#170123-300110003001","2023-10-15","{""dataset_year"":2024,""job_uid"":""GOV-2024-170123-300110003001"",""publisher"":""国家公务员局"",""publication_page"":""https://www.xuanhan.gov.cn/xxgk-show-77635.html"",""attachment_url"":""https://www.xuanhan.gov.cn/uploadfile/1/Attachment/638fdecf51.zip"",""local_source_file"":""中央机关及其直属机构2024年度考试录用公务员招考简章.xls"",""local_source_sha256"":""a1741b99dbecd6d03e533f99f2d69b0fa5a79733e551b80af69986ceed2ad996"",""source_sheet"":""中央国家行政机关省级以下直属机构"",""filter_version"":""government_tech_v2"",""tech_filter"":{""is_tech"":true,""is_core_tech"":true,""scope"":""core"",""categories"":[""computer_software"",""cybersecurity_cryptography""],""matched_fields"":[""major"",""remarks""],""major_terms"":[""信息安全"",""网络安全""],""role_terms"":[""计算机""],""reason"":""tech_major_and_role""},""original"":{""部门代码"":""170123"",""部门名称"":""四川省邮政管理局"",""用人司局"":""巴中市邮政管理局"",""机构性质"":""中央国家行政机关省级以下直属机构"",""招考职位"":""一级科员"",""职位属性"":""普通职位"",""职位分布"":""西部地区和艰苦边远地区职位"",""职位简介"":""邮政行业监督管理"",""职位代码"":""300110003001"",""机构层级"":""市（地）级"",""考试类别"":""市（地）级及以下直属机构综合管理类"",""招考人数"":""1"",""专业"":""邮政管理、安全生产监管、应急管理、应急技术与管理、安全防范工程、保密管理、信息安全、网络安全与执法（以上均为专业名称）"",""学历"":""本科及以上"",""学位"":""与最高学历相对应的学位"",""政治面貌"":""中共党员"",""基层工作最低年限"":""无限制"",""服务基层项目工作经历"":""无限制"",""是否在面试阶段组织专业能力测试"":""否"",""面试人员比例"":""3:1"",""工作地点"":""四川省巴中市"",""落户地点"":""四川省巴中市"",""备注"":""1.大学英语四级425分及以上；2.全国计算机等级考试二级；3.仅招录2024届高校毕业生；4.一线执法岗位，需到辖区边远地区开展执法检查，工作强度大；5.在本单位最低服务年限为5年（含试用期）；6.本单位不提供宿舍。"",""部门网站"":""http://sc.spb.gov.cn/"",""咨询电话1"":""028-86750762"",""咨询电话2"":""028-86751370"",""咨询电话3"":"""",""来源Sheet"":""中央国家行政机关省级以下直属机构""}}"
"government_jobs","国家公务员2024招考简章","公务员/事业单位技术岗位","北京市昌平区","2026-07-28T09:12:58.310295+00:00","计算机领域一级主任科员及以下","国家知识产权局","","北京市昌平区","公务员/事业单位;2024;computer_software;硕士研究生及以上;与最高学历相对应的学位;计算机科学与技术、软件工程、物联网工程、智能科学与技术、工业智能、服务科学与工程、区块链工程;中央机关及其省级直属机构综合管理类","用人司局：电学发明审查部
职位简介：计算机领域专利审查
专业要求：计算机科学与技术、软件工程、物联网工程、智能科学与技术、工业智能、服务科学与工程、区块链工程
学历要求：硕士研究生及以上
学位要求：与最高学历相对应的学位
政治面貌：不限
基层工作经历：无限制
考试类别：中央机关及其省级直属机构综合管理类
备注：1.英语六级合格或成绩425分及以上，或托福网考成绩90分及以上，或雅思成绩6.5分以上；2.专业能力测试是所报职位相关专业领域的英译汉笔试及相关材料归纳总结，占综合成绩的比重为15%；3.报名时需在“学科成绩”或“备注”填写各学习阶段主修过的专业课程名称及成绩、研究生毕业论文研究方向；有工作经历的，请提供与所学专业相关的简要工作经历信息；4.本科或研究生有一个阶段专业符合要求即可；5.依据有关规定，专利局工作人员配偶不得在专利代理机构或商标代理机构从业，有相关情况的，请慎重报考；6.咨询电话：010-62086111。","https://www.xuanhan.gov.cn/xxgk-show-77635.html#176000-400110009002","2023-10-15","{""dataset_year"":2024,""job_uid"":""GOV-2024-176000-400110009002"",""publisher"":""国家公务员局"",""publication_page"":""https://www.xuanhan.gov.cn/xxgk-show-77635.html"",""attachment_url"":""https://www.xuanhan.gov.cn/uploadfile/1/Attachment/638fdecf51.zip"",""local_source_file"":""中央机关及其直属机构2024年度考试录用公务员招考简章.xls"",""local_source_sha256"":""a1741b99dbecd6d03e533f99f2d69b0fa5a79733e551b80af69986ceed2ad996"",""source_sheet"":""中央国家行政机关参照公务员法管理事业单位"",""filter_version"":""government_tech_v2"",""tech_filter"":{""is_tech"":true,""is_core_tech"":true,""scope"":""core"",""categories"":[""computer_software""],""matched_fields"":[""major"",""job_title"",""description""],""major_terms"":[""区块链工程"",""智能科学与技术"",""物联网工程"",""计算机科学与技术"",""软件工程""],""role_terms"":[""计算机""],""reason"":""tech_major_and_role""},""original"":{""部门代码"":""176000"",""部门名称"":""国家知识产权局"",""用人司局"":""电学发明审查部"",""机构性质"":""中央国家行政机关参照公务员法管理事业单位"",""招考职位"":""计算机领域一级主任科员及以下"",""职位属性"":""普通职位"",""职位分布"":""其他职位"",""职位简介"":""计算机领域专利审查"",""职位代码"":""400110009002"",""机构层级"":""中央"",""考试类别"":""中央机关及其省级直属机构综合管理类"",""招考人数"":""3"",""专业"":""计算机科学与技术、软件工程、物联网工程、智能科学与技术、工业智能、服务科学与工程、区块链工程"",""学历"":""硕士研究生及以上"",""学位"":""与最高学历相对应的学位"",""政治面貌"":""不限"",""基层工作最低年限"":""无限制"",""服务基层项目工作经历"":""无限制"",""是否在面试阶段组织专业能力测试"":""是"",""面试人员比例"":""5:1"",""工作地点"":""北京市昌平区"",""落户地点"":""北京市海淀区"",""备注"":""1.英语六级合格或成绩425分及以上，或托福网考成绩90分及以上，或雅思成绩6.5分以上；2.专业能力测试是所报职位相关专业领域的英译汉笔试及相关材料归纳总结，占综合成绩的比重为15%；3.报名时需在“学科成绩”或“备注”填写各学习阶段主修过的专业课程名称及成绩、研究生毕业论文研究方向；有工作经历的，请提供与所学专业相关的简要工作经历信息；4.本科或研究生有一个阶段专业符合要求即可；5.依据有关规定，专利局工作人员配偶不得在专利代理机构或商标代理机构从业，有相关情况的，请慎重报考；6.咨询电话：010-62086111。"",""部门网站"":""http://www.cnipa.gov.cn"",""咨询电话1"":""010-62086111"",""咨询电话2"":""010-63219394"",""咨询电话3"":"""",""来源Sheet"":""中央国家行政机关参照公务员法管理事业单位""}}"
"government_jobs","国家公务员2024招考简章","公务员/事业单位技术岗位","北京市","2026-07-28T09:12:58.310295+00:00","信息化指导处一级主任科员及以下","中国地震局","","北京市","公务员/事业单位;2024;computer_software;cybersecurity_cryptography;electronics_communication;硕士研究生及以上;与最高学历相对应的学位;0810信息与通信工程；0839网络空间安全；0774电子科学与技术;中央机关及其省级直属机构综合管理类","用人司局：科技与国际合作司
职位简介：督导地震系统信息化建设和管理工作。
专业要求：0810信息与通信工程；0839网络空间安全；0774电子科学与技术
学历要求：硕士研究生及以上
学位要求：与最高学历相对应的学位
政治面貌：中共党员
基层工作经历：无限制
考试类别：中央机关及其省级直属机构综合管理类","https://www.xuanhan.gov.cn/xxgk-show-77635.html#187000-400110005001","2023-10-15","{""dataset_year"":2024,""job_uid"":""GOV-2024-187000-400110005001"",""publisher"":""国家公务员局"",""publication_page"":""https://www.xuanhan.gov.cn/xxgk-show-77635.html"",""attachment_url"":""https://www.xuanhan.gov.cn/uploadfile/1/Attachment/638fdecf51.zip"",""local_source_file"":""中央机关及其直属机构2024年度考试录用公务员招考简章.xls"",""local_source_sha256"":""a1741b99dbecd6d03e533f99f2d69b0fa5a79733e551b80af69986ceed2ad996"",""source_sheet"":""中央国家行政机关参照公务员法管理事业单位"",""filter_version"":""government_tech_v2"",""tech_filter"":{""is_tech"":true,""is_core_tech"":true,""scope"":""core"",""categories"":[""computer_software"",""cybersecurity_cryptography"",""electronics_communication""],""matched_fields"":[""major"",""job_title"",""description""],""major_terms"":[""信息与通信工程"",""电子科学与技术"",""网络空间安全"",""通信工程""],""role_terms"":[""信息化""],""reason"":""tech_major_and_role""},""original"":{""部门代码"":""187000"",""部门名称"":""中国地震局"",""用人司局"":""科技与国际合作司"",""机构性质"":""中央国家行政机关参照公务员法管理事业单位"",""招考职位"":""信息化指导处一级主任科员及以下"",""职位属性"":""普通职位"",""职位分布"":""其他职位"",""职位简介"":""督导地震系统信息化建设和管理工作。"",""职位代码"":""400110005001"",""机构层级"":""中央"",""考试类别"":""中央机关及其省级直属机构综合管理类"",""招考人数"":""1"",""专业"":""0810信息与通信工程；0839网络空间安全；0774电子科学与技术"",""学历"":""硕士研究生及以上"",""学位"":""与最高学历相对应的学位"",""政治面貌"":""中共党员"",""基层工作最低年限"":""无限制"",""服务基层项目工作经历"":""无限制"",""是否在面试阶段组织专业能力测试"":""否"",""面试人员比例"":""5:1"",""工作地点"":""北京市"",""落户地点"":""北京市"",""备注"":"""",""部门网站"":""http://www.cea.gov.cn/"",""咨询电话1"":""010-88015617"",""咨询电话2"":""010-88015635"",""咨询电话3"":"""",""来源Sheet"":""中央国家行政机关参照公务员法管理事业单位""}}"
"government_jobs","国家公务员2024招考简章","公务员/事业单位技术岗位","新疆维吾尔自治区乌鲁木齐市","2026-07-28T09:12:58.310295+00:00","监测预报与科技处一级主任科员及以下","新疆维吾尔自治区地震局","","新疆维吾尔自治区乌鲁木齐市","公务员/事业单位;2024;computer_software;cybersecurity_cryptography;硕士研究生及以上;与最高学历相对应的学位;地球物理学，地质学，地质资源与地质工程，网络空间安全;中央机关及其省级直属机构综合管理类","用人司局：新疆维吾尔自治区地震局
职位简介：承担地震监测、预警、预测预报、信息化、台站管理、震情监视跟踪、防震减灾科技管理等工作。执行国家统一工资政策。
专业要求：地球物理学，地质学，地质资源与地质工程，网络空间安全
学历要求：硕士研究生及以上
学位要求：与最高学历相对应的学位
政治面貌：不限
基层工作经历：无限制
考试类别：中央机关及其省级直属机构综合管理类
备注：需经常参与应急处置和24小时在岗值班值守。","https://www.xuanhan.gov.cn/xxgk-show-77635.html#187131-400110131002","2023-10-15","{""dataset_year"":2024,""job_uid"":""GOV-2024-187131-400110131002"",""publisher"":""国家公务员局"",""publication_page"":""https://www.xuanhan.gov.cn/xxgk-show-77635.html"",""attachment_url"":""https://www.xuanhan.gov.cn/uploadfile/1/Attachment/638fdecf51.zip"",""local_source_file"":""中央机关及其直属机构2024年度考试录用公务员招考简章.xls"",""local_source_sha256"":""a1741b99dbecd6d03e533f99f2d69b0fa5a79733e551b80af69986ceed2ad996"",""source_sheet"":""中央国家行政机关参照公务员法管理事业单位"",""filter_version"":""government_tech_v2"",""tech_filter"":{""is_tech"":true,""is_core_tech"":true,""scope"":""core"",""categories"":[""computer_software"",""cybersecurity_cryptography""],""matched_fields"":[""major"",""description""],""major_terms"":[""网络空间安全""],""role_terms"":[""信息化""],""reason"":""tech_major_and_role""},""original"":{""部门代码"":""187131"",""部门名称"":""新疆维吾尔自治区地震局"",""用人司局"":""新疆维吾尔自治区地震局"",""机构性质"":""中央国家行政机关参照公务员法管理事业单位"",""招考职位"":""监测预报与科技处一级主任科员及以下"",""职位属性"":""普通职位"",""职位分布"":""其他职位"",""职位简介"":""承担地震监测、预警、预测预报、信息化、台站管理、震情监视跟踪、防震减灾科技管理等工作。执行国家统一工资政策。"",""职位代码"":""400110131002"",""机构层级"":""省（副省）级"",""考试类别"":""中央机关及其省级直属机构综合管理类"",""招考人数"":""1"",""专业"":""地球物理学，地质学，地质资源与地质工程，网络空间安全"",""学历"":""硕士研究生及以上"",""学位"":""与最高学历相对应的学位"",""政治面貌"":""不限"",""基层工作最低年限"":""无限制"",""服务基层项目工作经历"":""无限制"",""是否在面试阶段组织专业能力测试"":""否"",""面试人员比例"":""5:1"",""工作地点"":""新疆维吾尔自治区乌鲁木齐市"",""落户地点"":""新疆维吾尔自治区乌鲁木齐市"",""备注"":""需经常参与应急处置和24小时在岗值班值守。"",""部门网站"":""http://www.xjdzj.gov.cn/"",""咨询电话1"":""0991-3832141"",""咨询电话2"":"""",""咨询电话3"":"""",""来源Sheet"":""中央国家行政机关参照公务员法管理事业单位""}}"
"government_jobs","国家公务员2024招考简章","公务员/事业单位技术岗位","北京市西城区","2026-07-28T09:12:58.310295+00:00","机关司局一级主任科员及以下","国家数据局","","北京市西城区","公务员/事业单位;2024;computer_software;data_ai;electronics_communication;硕士研究生及以上;与最高学历相对应的学位;0809电子科学与技术、0810信息与通信工程、0812计算机科学与技术、0202应用经济学、0503新闻传播学;中央机关及其省级直属机构综合管理类","用人司局：机关司局一
职位简介：承担机关日常运转工作，从事数据治理和发展政策研究。
专业要求：0809电子科学与技术、0810信息与通信工程、0812计算机科学与技术、0202应用经济学、0503新闻传播学
学历要求：硕士研究生及以上
学位要求：与最高学历相对应的学位
政治面貌：中共党员
基层工作经历：三年
考试类别：中央机关及其省级直属机构综合管理类","https://www.xuanhan.gov.cn/xxgk-show-77635.html#191000-200110001001","2023-10-15","{""dataset_year"":2024,""job_uid"":""GOV-2024-191000-200110001001"",""publisher"":""国家公务员局"",""publication_page"":""https://www.xuanhan.gov.cn/xxgk-show-77635.html"",""attachment_url"":""https://www.xuanhan.gov.cn/uploadfile/1/Attachment/638fdecf51.zip"",""local_source_file"":""中央机关及其直属机构2024年度考试录用公务员招考简章.xls"",""local_source_sha256"":""a1741b99dbecd6d03e533f99f2d69b0fa5a79733e551b80af69986ceed2ad996"",""source_sheet"":""中央国家行政机关（本级）"",""filter_version"":""government_tech_v2"",""tech_filter"":{""is_tech"":true,""is_core_tech"":true,""scope"":""core"",""categories"":[""computer_software"",""data_ai"",""electronics_communication""],""matched_fields"":[""major"",""description""],""major_terms"":[""信息与通信工程"",""电子科学与技术"",""计算机科学与技术"",""通信工程""],""role_terms"":[""数据治理""],""reason"":""tech_major_and_role""},""original"":{""部门代码"":""191000"",""部门名称"":""国家数据局"",""用人司局"":""机关司局一"",""机构性质"":""中央国家行政机关（本级）"",""招考职位"":""机关司局一级主任科员及以下"",""职位属性"":""普通职位"",""职位分布"":""其他职位"",""职位简介"":""承担机关日常运转工作，从事数据治理和发展政策研究。"",""职位代码"":""200110001001"",""机构层级"":""中央"",""考试类别"":""中央机关及其省级直属机构综合管理类"",""招考人数"":""2"",""专业"":""0809电子科学与技术、0810信息与通信工程、0812计算机科学与技术、0202应用经济学、0503新闻传播学"",""学历"":""硕士研究生及以上"",""学位"":""与最高学历相对应的学位"",""政治面貌"":""中共党员"",""基层工作最低年限"":""三年"",""服务基层项目工作经历"":""无限制"",""是否在面试阶段组织专业能力测试"":""否"",""面试人员比例"":""5:1"",""工作地点"":""北京市西城区"",""落户地点"":""北京市西城区"",""备注"":"""",""部门网站"":""https://www.ndrc.gov.cn/"",""咨询电话1"":""01068979432"",""咨询电话2"":"""",""咨询电话3"":"""",""来源Sheet"":""中央国家行政机关（本级）""}}"
"government_jobs","国家公务员2024招考简章","公务员/事业单位技术岗位","北京市西城区","2026-07-28T09:12:58.310295+00:00","机关司局一级主任科员及以下","国家数据局","","北京市西城区","公务员/事业单位;2024;computer_software;data_ai;electronics_communication;硕士研究生及以上;与最高学历相对应的学位;0809电子科学与技术、0810信息与通信工程、0812计算机科学与技术;中央机关及其省级直属机构综合管理类","用人司局：机关司局一
职位简介：承担机关日常运转工作，从事数据治理和发展政策研究，参与数据领域、数字经济国际合作工作。
专业要求：0809电子科学与技术、0810信息与通信工程、0812计算机科学与技术
学历要求：硕士研究生及以上
学位要求：与最高学历相对应的学位
政治面貌：中共党员
基层工作经历：三年
考试类别：中央机关及其省级直属机构综合管理类
备注：雅思考试成绩6.5分及以上，或者托福考试成绩100分及以上，或者英语专业八级考试成绩60分及以上，成绩时效不限。","https://www.xuanhan.gov.cn/xxgk-show-77635.html#191000-200110001002","2023-10-15","{""dataset_year"":2024,""job_uid"":""GOV-2024-191000-200110001002"",""publisher"":""国家公务员局"",""publication_page"":""https://www.xuanhan.gov.cn/xxgk-show-77635.html"",""attachment_url"":""https://www.xuanhan.gov.cn/uploadfile/1/Attachment/638fdecf51.zip"",""local_source_file"":""中央机关及其直属机构2024年度考试录用公务员招考简章.xls"",""local_source_sha256"":""a1741b99dbecd6d03e533f99f2d69b0fa5a79733e551b80af69986ceed2ad996"",""source_sheet"":""中央国家行政机关（本级）"",""filter_version"":""government_tech_v2"",""tech_filter"":{""is_tech"":true,""is_core_tech"":true,""scope"":""core"",""categories"":[""computer_software"",""data_ai"",""electronics_communication""],""matched_fields"":[""major"",""description""],""major_terms"":[""信息与通信工程"",""电子科学与技术"",""计算机科学与技术"",""通信工程""],""role_terms"":[""数据治理""],""reason"":""tech_major_and_role""},""original"":{""部门代码"":""191000"",""部门名称"":""国家数据局"",""用人司局"":""机关司局一"",""机构性质"":""中央国家行政机关（本级）"",""招考职位"":""机关司局一级主任科员及以下"",""职位属性"":""普通职位"",""职位分布"":""其他职位"",""职位简介"":""承担机关日常运转工作，从事数据治理和发展政策研究，参与数据领域、数字经济国际合作工作。"",""职位代码"":""200110001002"",""机构层级"":""中央"",""考试类别"":""中央机关及其省级直属机构综合管理类"",""招考人数"":""1"",""专业"":""0809电子科学与技术、0810信息与通信工程、0812计算机科学与技术"",""学历"":""硕士研究生及以上"",""学位"":""与最高学历相对应的学位"",""政治面貌"":""中共党员"",""基层工作最低年限"":""三年"",""服务基层项目工作经历"":""无限制"",""是否在面试阶段组织专业能力测试"":""否"",""面试人员比例"":""5:1"",""工作地点"":""北京市西城区"",""落户地点"":""北京市西城区"",""备注"":""雅思考试成绩6.5分及以上，或者托福考试成绩100分及以上，或者英语专业八级考试成绩60分及以上，成绩时效不限。"",""部门网站"":""https://www.ndrc.gov.cn/"",""咨询电话1"":""01068979432"",""咨询电话2"":"""",""咨询电话3"":"""",""来源Sheet"":""中央国家行政机关（本级）""}}"
"government_jobs","国家公务员2024招考简章","公务员/事业单位技术岗位","北京市西城区","2026-07-28T09:12:58.310295+00:00","机关司局一级主任科员及以下","国家数据局","","北京市西城区","公务员/事业单位;2024;computer_software;data_ai;electronics_communication;硕士研究生及以上;与最高学历相对应的学位;0809电子科学与技术、0810信息与通信工程、0812计算机科学与技术、0201理论经济学、0202应用经济学、0301法学、1202工商管理、1204公共管理;中央机关及其省级直属机构综合管理类","用人司局：机关司局三
职位简介：从事数据资源管理和开发利用推进相关工作。
专业要求：0809电子科学与技术、0810信息与通信工程、0812计算机科学与技术、0201理论经济学、0202应用经济学、0301法学、1202工商管理、1204公共管理
学历要求：硕士研究生及以上
学位要求：与最高学历相对应的学位
政治面貌：中共党员
基层工作经历：三年
考试类别：中央机关及其省级直属机构综合管理类","https://www.xuanhan.gov.cn/xxgk-show-77635.html#191000-200110003001","2023-10-15","{""dataset_year"":2024,""job_uid"":""GOV-2024-191000-200110003001"",""publisher"":""国家公务员局"",""publication_page"":""https://www.xuanhan.gov.cn/xxgk-show-77635.html"",""attachment_url"":""https://www.xuanhan.gov.cn/uploadfile/1/Attachment/638fdecf51.zip"",""local_source_file"":""中央机关及其直属机构2024年度考试录用公务员招考简章.xls"",""local_source_sha256"":""a1741b99dbecd6d03e533f99f2d69b0fa5a79733e551b80af69986ceed2ad996"",""source_sheet"":""中央国家行政机关（本级）"",""filter_version"":""government_tech_v2"",""tech_filter"":{""is_tech"":true,""is_core_tech"":true,""scope"":""core"",""categories"":[""computer_software"",""data_ai"",""electronics_communication""],""matched_fields"":[""major"",""description""],""major_terms"":[""信息与通信工程"",""电子科学与技术"",""计算机科学与技术"",""通信工程""],""role_terms"":[""数据资源""],""reason"":""tech_major_and_role""},""original"":{""部门代码"":""191000"",""部门名称"":""国家数据局"",""用人司局"":""机关司局三"",""机构性质"":""中央国家行政机关（本级）"",""招考职位"":""机关司局一级主任科员及以下"",""职位属性"":""普通职位"",""职位分布"":""其他职位"",""职位简介"":""从事数据资源管理和开发利用推进相关工作。"",""职位代码"":""200110003001"",""机构层级"":""中央"",""考试类别"":""中央机关及其省级直属机构综合管理类"",""招考人数"":""2"",""专业"":""0809电子科学与技术、0810信息与通信工程、0812计算机科学与技术、0201理论经济学、0202应用经济学、0301法学、1202工商管理、1204公共管理"",""学历"":""硕士研究生及以上"",""学位"":""与最高学历相对应的学位"",""政治面貌"":""中共党员"",""基层工作最低年限"":""三年"",""服务基层项目工作经历"":""无限制"",""是否在面试阶段组织专业能力测试"":""否"",""面试人员比例"":""5:1"",""工作地点"":""北京市西城区"",""落户地点"":""北京市西城区"",""备注"":"""",""部门网站"":""https://www.ndrc.gov.cn/"",""咨询电话1"":""01068979432"",""咨询电话2"":"""",""咨询电话3"":"""",""来源Sheet"":""中央国家行政机关（本级）""}}"
"government_jobs","国家公务员2024招考简章","公务员/事业单位技术岗位","北京市西城区","2026-07-28T09:12:58.310295+00:00","机关司局一级主任科员及以下","国家数据局","","北京市西城区","公务员/事业单位;2024;automation_robotics;computer_software;cybersecurity_cryptography;data_ai;electronics_communication;硕士研究生及以上;与最高学历相对应的学位;0809电子科学与技术、0810信息与通信工程、0811控制科学与工程、0812计算机科学与技术、0835软件工程、0839网络空间安全;中央机关及其省级直属机构综合管理类","用人司局：机关司局五
职位简介：参与数据领域技术应用推广示范、基础设施规划建设等相关工作。
专业要求：0809电子科学与技术、0810信息与通信工程、0811控制科学与工程、0812计算机科学与技术、0835软件工程、0839网络空间安全
学历要求：硕士研究生及以上
学位要求：与最高学历相对应的学位
政治面貌：中共党员
基层工作经历：三年
考试类别：中央机关及其省级直属机构综合管理类
备注：有人工智能研究和实践经验。","https://www.xuanhan.gov.cn/xxgk-show-77635.html#191000-200110005001","2023-10-15","{""dataset_year"":2024,""job_uid"":""GOV-2024-191000-200110005001"",""publisher"":""国家公务员局"",""publication_page"":""https://www.xuanhan.gov.cn/xxgk-show-77635.html"",""attachment_url"":""https://www.xuanhan.gov.cn/uploadfile/1/Attachment/638fdecf51.zip"",""local_source_file"":""中央机关及其直属机构2024年度考试录用公务员招考简章.xls"",""local_source_sha256"":""a1741b99dbecd6d03e533f99f2d69b0fa5a79733e551b80af69986ceed2ad996"",""source_sheet"":""中央国家行政机关（本级）"",""filter_version"":""government_tech_v2"",""tech_filter"":{""is_tech"":true,""is_core_tech"":true,""scope"":""core"",""categories"":[""automation_robotics"",""computer_software"",""cybersecurity_cryptography"",""data_ai"",""electronics_communication""],""matched_fields"":[""major"",""remarks""],""major_terms"":[""信息与通信工程"",""控制科学与工程"",""电子科学与技术"",""网络空间安全"",""计算机科学与技术"",""软件工程"",""通信工程""],""role_terms"":[""人工智能""],""reason"":""tech_major_and_role""},""original"":{""部门代码"":""191000"",""部门名称"":""国家数据局"",""用人司局"":""机关司局五"",""机构性质"":""中央国家行政机关（本级）"",""招考职位"":""机关司局一级主任科员及以下"",""职位属性"":""普通职位"",""职位分布"":""其他职位"",""职位简介"":""参与数据领域技术应用推广示范、基础设施规划建设等相关工作。"",""职位代码"":""200110005001"",""机构层级"":""中央"",""考试类别"":""中央机关及其省级直属机构综合管理类"",""招考人数"":""1"",""专业"":""0809电子科学与技术、0810信息与通信工程、0811控制科学与工程、0812计算机科学与技术、0835软件工程、0839网络空间安全"",""学历"":""硕士研究生及以上"",""学位"":""与最高学历相对应的学位"",""政治面貌"":""中共党员"",""基层工作最低年限"":""三年"",""服务基层项目工作经历"":""无限制"",""是否在面试阶段组织专业能力测试"":""否"",""面试人员比例"":""5:1"",""工作地点"":""北京市西城区"",""落户地点"":""北京市西城区"",""备注"":""有人工智能研究和实践经验。"",""部门网站"":""https://www.ndrc.gov.cn/"",""咨询电话1"":""01068979432"",""咨询电话2"":"""",""咨询电话3"":"""",""来源Sheet"":""中央国家行政机关（本级）""}}"
"government_jobs","国家公务员2024招考简章","公务员/事业单位技术岗位","北京市西城区","2026-07-28T09:12:58.310295+00:00","机关司局一级主任科员及以下","国家数据局","","北京市西城区","公务员/事业单位;2024;automation_robotics;computer_software;cybersecurity_cryptography;electronics_communication;硕士研究生及以上;与最高学历相对应的学位;0809电子科学与技术、0810信息与通信工程、0811控制科学与工程、0812计算机科学与技术、0835软件工程、0839网络空间安全、1105军事指挥学;中央机关及其省级直属机构综合管理类","用人司局：机关司局五
职位简介：参与数据领域技术应用推广示范、基础设施规划建设等相关工作。
专业要求：0809电子科学与技术、0810信息与通信工程、0811控制科学与工程、0812计算机科学与技术、0835软件工程、0839网络空间安全、1105军事指挥学
学历要求：硕士研究生及以上
学位要求：与最高学历相对应的学位
政治面貌：中共党员
基层工作经历：三年
考试类别：中央机关及其省级直属机构综合管理类
备注：有密码学研究经验。","https://www.xuanhan.gov.cn/xxgk-show-77635.html#191000-200110005002","2023-10-15","{""dataset_year"":2024,""job_uid"":""GOV-2024-191000-200110005002"",""publisher"":""国家公务员局"",""publication_page"":""https://www.xuanhan.gov.cn/xxgk-show-77635.html"",""attachment_url"":""https://www.xuanhan.gov.cn/uploadfile/1/Attachment/638fdecf51.zip"",""local_source_file"":""中央机关及其直属机构2024年度考试录用公务员招考简章.xls"",""local_source_sha256"":""a1741b99dbecd6d03e533f99f2d69b0fa5a79733e551b80af69986ceed2ad996"",""source_sheet"":""中央国家行政机关（本级）"",""filter_version"":""government_tech_v2"",""tech_filter"":{""is_tech"":true,""is_core_tech"":true,""scope"":""core"",""categories"":[""automation_robotics"",""computer_software"",""cybersecurity_cryptography"",""electronics_communication""],""matched_fields"":[""major"",""remarks""],""major_terms"":[""信息与通信工程"",""控制科学与工程"",""电子科学与技术"",""网络空间安全"",""计算机科学与技术"",""软件工程"",""通信工程""],""role_terms"":[""密码学""],""reason"":""tech_major_and_role""},""original"":{""部门代码"":""191000"",""部门名称"":""国家数据局"",""用人司局"":""机关司局五"",""机构性质"":""中央国家行政机关（本级）"",""招考职位"":""机关司局一级主任科员及以下"",""职位属性"":""普通职位"",""职位分布"":""其他职位"",""职位简介"":""参与数据领域技术应用推广示范、基础设施规划建设等相关工作。"",""职位代码"":""200110005002"",""机构层级"":""中央"",""考试类别"":""中央机关及其省级直属机构综合管理类"",""招考人数"":""1"",""专业"":""0809电子科学与技术、0810信息与通信工程、0811控制科学与工程、0812计算机科学与技术、0835软件工程、0839网络空间安全、1105军事指挥学"",""学历"":""硕士研究生及以上"",""学位"":""与最高学历相对应的学位"",""政治面貌"":""中共党员"",""基层工作最低年限"":""三年"",""服务基层项目工作经历"":""无限制"",""是否在面试阶段组织专业能力测试"":""否"",""面试人员比例"":""5:1"",""工作地点"":""北京市西城区"",""落户地点"":""北京市西城区"",""备注"":""有密码学研究经验。"",""部门网站"":""https://www.ndrc.gov.cn/"",""咨询电话1"":""01068979432"",""咨询电话2"":"""",""咨询电话3"":"""",""来源Sheet"":""中央国家行政机关（本级）""}}"
"government_jobs","国家公务员2025招考简章","公务员/事业单位技术岗位","北京市","2026-07-28T09:12:58.310295+00:00","信息管理岗位一级主任科员及以下","中央办公厅","","北京市","公务员/事业单位;2025;computer_software;本科或硕士研究生;与最高学历相对应的学位;本科：080901计算机科学与技术、080902软件工程、080903网络工程，研究生：0775计算机科学与技术、0812计算机科学与技术、0835软件工程、085404计算机技术、085405软件工程;中央机关及其省级直属机构综合管理类","用人司局：中共中央直属机关事务管理局
职位简介：从事信息管理等工作
专业要求：本科：080901计算机科学与技术、080902软件工程、080903网络工程，研究生：0775计算机科学与技术、0812计算机科学与技术、0835软件工程、085404计算机技术、085405软件工程
学历要求：本科或硕士研究生
学位要求：与最高学历相对应的学位
政治面貌：中共党员
基层工作经历：无限制
考试类别：中央机关及其省级直属机构综合管理类
备注：咨询电话：01063097973，01055602256。研究生学历报考者须同时具有本科学历学位和研究生学历学位。非应届毕业生须有与职位简介相关的工作经历。掌握一定的党内法规知识，有较好的专业素养和组织协调能力。个人经历填写要求连续准确、没有断档（待业请注明）。专业能力测试的内容为党的机关事务工作，对党的大政方针的理解把握能力、对时事的分析能力和公文写作，岗位对应的专业技能，占综合成绩的15%。","https://www.xjhc.gov.cn/xjhc/c116834/202410/a29382e11a674da3be3353af65f9fcc5.shtml#002000-100210003007","2024-10-14","{""dataset_year"":2025,""job_uid"":""GOV-2025-002000-100210003007"",""publisher"":""国家公务员局"",""publication_page"":""https://www.xjhc.gov.cn/xjhc/c116834/202410/a29382e11a674da3be3353af65f9fcc5.shtml"",""attachment_url"":""https://www.xjhc.gov.cn/xjhc/c116834/202410/a29382e11a674da3be3353af65f9fcc5/files/0536cef86e2b46ddad6aae5a3780089e.xls"",""local_source_file"":""2025_guokao_zhaokaojianzhang.xls"",""local_source_sha256"":""07ae6cab368cd21b7a1ac3e8150fe9a3d39ad5171ce76135ff3cccfe50c3e77e"",""source_sheet"":""中央党群机关"",""filter_version"":""government_tech_v2"",""tech_filter"":{""is_tech"":true,""is_core_tech"":true,""scope"":""core"",""categories"":[""computer_software""],""matched_fields"":[""major"",""job_title"",""description""],""major_terms"":[""网络工程"",""计算机技术"",""计算机科学与技术"",""软件工程""],""role_terms"":[""信息管理""],""reason"":""tech_major_and_role""},""original"":{""部门代码"":""002000"",""部门名称"":""中央办公厅"",""用人司局"":""中共中央直属机关事务管理局"",""机构性质"":""中央党群机关参照公务员法管理事业单位"",""招考职位"":""信息管理岗位一级主任科员及以下"",""职位属性"":""普通职位"",""职位分布"":""其他职位"",""职位简介"":""从事信息管理等工作"",""职位代码"":""100210003007"",""机构层级"":""中央"",""考试类别"":""中央机关及其省级直属机构综合管理类"",""招考人数"":""2"",""专业"":""本科：080901计算机科学与技术、080902软件工程、080903网络工程，研究生：0775计算机科学与技术、0812计算机科学与技术、0835软件工程、085404计算机技术、085405软件工程"",""学历"":""本科或硕士研究生"",""学位"":""与最高学历相对应的学位"",""政治面貌"":""中共党员"",""基层工作最低年限"":""无限制"",""服务基层项目工作经历"":""无限制"",""是否在面试阶段组织专业能力测试"":""是"",""面试人员比例"":""5:1"",""工作地点"":""北京市"",""落户地点"":""北京市"",""备注"":""咨询电话：01063097973，01055602256。研究生学历报考者须同时具有本科学历学位和研究生学历学位。非应届毕业生须有与职位简介相关的工作经历。掌握一定的党内法规知识，有较好的专业素养和组织协调能力。个人经历填写要求连续准确、没有断档（待业请注明）。专业能力测试的内容为党的机关事务工作，对党的大政方针的理解把握能力、对时事的分析能力和公文写作，岗位对应的专业技能，占综合成绩的15%。"",""部门网站"":""咨询电话：中共中央机关事务管理局01063097973、55602256，老干部局01063097447，毛主席纪念堂管理局01083083167"",""咨询电话1"":""01063094219"",""咨询电话2"":"""",""咨询电话3"":"""",""来源Sheet"":""中央党群机关""}}"
"government_jobs","国家公务员2025招考简章","公务员/事业单位技术岗位","北京市","2026-07-28T09:12:58.310295+00:00","企业档案业务指导处一级主任科员及以下","中央档案馆国家档案局","","北京市","公务员/事业单位;2025;computer_software;仅限硕士研究生;硕士;计算机科学与技术，软件工程;中央机关及其省级直属机构综合管理类","用人司局：经济科技档案业务指导司
职位简介：推进企业档案信息化建设，指导企业开展电子文件归档和电子档案管理、企业数字档案馆（室）建设等。
专业要求：计算机科学与技术，软件工程
学历要求：仅限硕士研究生
学位要求：硕士
政治面貌：中共党员
基层工作经历：二年
考试类别：中央机关及其省级直属机构综合管理类
备注：应具有信息化相关工作经历；此岗位独自出差较多。（咨询电话：010-55605213）","https://www.xjhc.gov.cn/xjhc/c116834/202410/a29382e11a674da3be3353af65f9fcc5.shtml#003000-100110002001","2024-10-14","{""dataset_year"":2025,""job_uid"":""GOV-2025-003000-100110002001"",""publisher"":""国家公务员局"",""publication_page"":""https://www.xjhc.gov.cn/xjhc/c116834/202410/a29382e11a674da3be3353af65f9fcc5.shtml"",""attachment_url"":""https://www.xjhc.gov.cn/xjhc/c116834/202410/a29382e11a674da3be3353af65f9fcc5/files/0536cef86e2b46ddad6aae5a3780089e.xls"",""local_source_file"":""2025_guokao_zhaokaojianzhang.xls"",""local_source_sha256"":""07ae6cab368cd21b7a1ac3e8150fe9a3d39ad5171ce76135ff3cccfe50c3e77e"",""source_sheet"":""中央党群机关"",""filter_version"":""government_tech_v2"",""tech_filter"":{""is_tech"":true,""is_core_tech"":true,""scope"":""core"",""categories"":[""computer_software""],""matched_fields"":[""major"",""description"",""remarks""],""major_terms"":[""计算机科学与技术"",""软件工程""],""role_terms"":[""信息化""],""reason"":""tech_major_and_role""},""original"":{""部门代码"":""003000"",""部门名称"":""中央档案馆国家档案局"",""用人司局"":""经济科技档案业务指导司"",""机构性质"":""中央党群机关"",""招考职位"":""企业档案业务指导处一级主任科员及以下"",""职位属性"":""普通职位"",""职位分布"":""其他职位"",""职位简介"":""推进企业档案信息化建设，指导企业开展电子文件归档和电子档案管理、企业数字档案馆（室）建设等。"",""职位代码"":""100110002001"",""机构层级"":""中央"",""考试类别"":""中央机关及其省级直属机构综合管理类"",""招考人数"":""1"",""专业"":""计算机科学与技术，软件工程"",""学历"":""仅限硕士研究生"",""学位"":""硕士"",""政治面貌"":""中共党员"",""基层工作最低年限"":""二年"",""服务基层项目工作经历"":""无限制"",""是否在面试阶段组织专业能力测试"":""否"",""面试人员比例"":""5:1"",""工作地点"":""北京市"",""落户地点"":""北京市"",""备注"":""应具有信息化相关工作经历；此岗位独自出差较多。（咨询电话：010-55605213）"",""部门网站"":""http://www.saac.gov.cn/"",""咨询电话1"":""010-55605213"",""咨询电话2"":""010-63097400"",""咨询电话3"":"""",""来源Sheet"":""中央党群机关""}}"
"government_jobs","国家公务员2025招考简章","公务员/事业单位技术岗位","北京市","2026-07-28T09:12:58.310295+00:00","数据处一级主任科员及以下","中央档案馆国家档案局","","北京市","公务员/事业单位;2025;computer_software;data_ai;electronics_communication;硕士研究生及以上;与最高学历相对应的学位;计算机科学与技术，软件工程，人工智能，数据科学与大数据技术，大数据管理与应用，大数据科学（技术）与工程，数据科学和信息技术，电子信息工程（大数据方向），数据科学;中央机关及其省级直属机构综合管理类","用人司局：中国第一历史档案馆
职位简介：从事数据挖掘、分析、治理、开发利用、安全保护及人工智能相关系统建设。
专业要求：计算机科学与技术，软件工程，人工智能，数据科学与大数据技术，大数据管理与应用，大数据科学（技术）与工程，数据科学和信息技术，电子信息工程（大数据方向），数据科学
学历要求：硕士研究生及以上
学位要求：与最高学历相对应的学位
政治面貌：中共党员
基层工作经历：无限制
考试类别：中央机关及其省级直属机构综合管理类
备注：本科及以上所学专业均需符合专业要求；面试阶段专业能力测试内容为专业能力笔试，包括对党的大政方针的理解把握能力、对时事的分析能力、专业技术能力和公文写作，占综合成绩15%。（咨询电话：010-63097400）","https://www.xjhc.gov.cn/xjhc/c116834/202410/a29382e11a674da3be3353af65f9fcc5.shtml#003000-100210006002","2024-10-14","{""dataset_year"":2025,""job_uid"":""GOV-2025-003000-100210006002"",""publisher"":""国家公务员局"",""publication_page"":""https://www.xjhc.gov.cn/xjhc/c116834/202410/a29382e11a674da3be3353af65f9fcc5.shtml"",""attachment_url"":""https://www.xjhc.gov.cn/xjhc/c116834/202410/a29382e11a674da3be3353af65f9fcc5/files/0536cef86e2b46ddad6aae5a3780089e.xls"",""local_source_file"":""2025_guokao_zhaokaojianzhang.xls"",""local_source_sha256"":""07ae6cab368cd21b7a1ac3e8150fe9a3d39ad5171ce76135ff3cccfe50c3e77e"",""source_sheet"":""中央党群机关"",""filter_version"":""government_tech_v2"",""tech_filter"":{""is_tech"":true,""is_core_tech"":true,""scope"":""core"",""categories"":[""computer_software"",""data_ai"",""electronics_communication""],""matched_fields"":[""major"",""description""],""major_terms"":[""人工智能"",""大数据"",""数据科学"",""数据科学与大数据技术"",""电子信息工程"",""计算机科学与技术"",""软件工程""],""role_terms"":[""人工智能"",""数据挖掘"",""系统建设""],""reason"":""tech_major_and_role""},""original"":{""部门代码"":""003000"",""部门名称"":""中央档案馆国家档案局"",""用人司局"":""中国第一历史档案馆"",""机构性质"":""中央党群机关参照公务员法管理事业单位"",""招考职位"":""数据处一级主任科员及以下"",""职位属性"":""普通职位"",""职位分布"":""其他职位"",""职位简介"":""从事数据挖掘、分析、治理、开发利用、安全保护及人工智能相关系统建设。"",""职位代码"":""100210006002"",""机构层级"":""中央"",""考试类别"":""中央机关及其省级直属机构综合管理类"",""招考人数"":""2"",""专业"":""计算机科学与技术，软件工程，人工智能，数据科学与大数据技术，大数据管理与应用，大数据科学（技术）与工程，数据科学和信息技术，电子信息工程（大数据方向），数据科学"",""学历"":""硕士研究生及以上"",""学位"":""与最高学历相对应的学位"",""政治面貌"":""中共党员"",""基层工作最低年限"":""无限制"",""服务基层项目工作经历"":""无限制"",""是否在面试阶段组织专业能力测试"":""是"",""面试人员比例"":""5:1"",""工作地点"":""北京市"",""落户地点"":""北京市"",""备注"":""本科及以上所学专业均需符合专业要求；面试阶段专业能力测试内容为专业能力笔试，包括对党的大政方针的理解把握能力、对时事的分析能力、专业技术能力和公文写作，占综合成绩15%。（咨询电话：010-63097400）"",""部门网站"":""http://www.saac.gov.cn/"",""咨询电话1"":""010-55605213"",""咨询电话2"":""010-63097400"",""咨询电话3"":"""",""来源Sheet"":""中央党群机关""}}"
"government_jobs","国家公务员2025招考简章","公务员/事业单位技术岗位","北京市海淀区","2026-07-28T09:12:58.310295+00:00","信息化管理","中央对外联络部","","北京市海淀区","公务员/事业单位;2025;computer_software;cybersecurity_cryptography;本科或硕士研究生;与最高学历相对应的学位;计算机、计算机科学与技术、软件工程、网络空间安全;中央机关及其省级直属机构综合管理类","用人司局：部内司局
职位简介：从事网络安全防护和信息化应用等工作
专业要求：计算机、计算机科学与技术、软件工程、网络空间安全
学历要求：本科或硕士研究生
学位要求：与最高学历相对应的学位
政治面貌：中共党员
基层工作经历：无限制
考试类别：中央机关及其省级直属机构综合管理类
备注：1.大学英语六级425分以上或英语专业八级合格（网上报名时，请在备注栏注明英语水平等级及分数），能用英语独立开展工作。2.计算机专业能力优秀。3.具有较高的文字水平。4.具有较强的组织协调能力和团队精神。5.政治可靠，个人经历、历史状况清楚，能服从组织安排。6.专业能力测试的内容为本专业知识能力测试，占综合成绩的比重为10%。7.非2025届高校毕业生须专职从事信息化管理相关工作。8.留学回国人员应本科和研究生阶段学习专业一致，或本科阶段学习英语等语言类专业、研究生阶段学习本职位所要求专业，且拥有国内研究生学历。9.网上报名时请务必按照我部网站考录公告要求填报。","https://www.xjhc.gov.cn/xjhc/c116834/202410/a29382e11a674da3be3353af65f9fcc5.shtml#008000-100110001010","2024-10-14","{""dataset_year"":2025,""job_uid"":""GOV-2025-008000-100110001010"",""publisher"":""国家公务员局"",""publication_page"":""https://www.xjhc.gov.cn/xjhc/c116834/202410/a29382e11a674da3be3353af65f9fcc5.shtml"",""attachment_url"":""https://www.xjhc.gov.cn/xjhc/c116834/202410/a29382e11a674da3be3353af65f9fcc5/files/0536cef86e2b46ddad6aae5a3780089e.xls"",""local_source_file"":""2025_guokao_zhaokaojianzhang.xls"",""local_source_sha256"":""07ae6cab368cd21b7a1ac3e8150fe9a3d39ad5171ce76135ff3cccfe50c3e77e"",""source_sheet"":""中央党群机关"",""filter_version"":""government_tech_v2"",""tech_filter"":{""is_tech"":true,""is_core_tech"":true,""scope"":""core"",""categories"":[""computer_software"",""cybersecurity_cryptography""],""matched_fields"":[""major"",""job_title"",""description"",""remarks""],""major_terms"":[""网络空间安全"",""计算机"",""计算机科学与技术"",""软件工程""],""role_terms"":[""信息化"",""网络安全"",""计算机""],""reason"":""tech_major_and_role""},""original"":{""部门代码"":""008000"",""部门名称"":""中央对外联络部"",""用人司局"":""部内司局"",""机构性质"":""中央党群机关"",""招考职位"":""信息化管理"",""职位属性"":""普通职位"",""职位分布"":""其他职位"",""职位简介"":""从事网络安全防护和信息化应用等工作"",""职位代码"":""100110001010"",""机构层级"":""中央"",""考试类别"":""中央机关及其省级直属机构综合管理类"",""招考人数"":""1"",""专业"":""计算机、计算机科学与技术、软件工程、网络空间安全"",""学历"":""本科或硕士研究生"",""学位"":""与最高学历相对应的学位"",""政治面貌"":""中共党员"",""基层工作最低年限"":""无限制"",""服务基层项目工作经历"":""无限制"",""是否在面试阶段组织专业能力测试"":""是"",""面试人员比例"":""5:1"",""工作地点"":""北京市海淀区"",""落户地点"":""北京市海淀区"",""备注"":""1.大学英语六级425分以上或英语专业八级合格（网上报名时，请在备注栏注明英语水平等级及分数），能用英语独立开展工作。2.计算机专业能力优秀。3.具有较高的文字水平。4.具有较强的组织协调能力和团队精神。5.政治可靠，个人经历、历史状况清楚，能服从组织安排。6.专业能力测试的内容为本专业知识能力测试，占综合成绩的比重为10%。7.非2025届高校毕业生须专职从事信息化管理相关工作。8.留学回国人员应本科和研究生阶段学习专业一致，或本科阶段学习英语等语言类专业、研究生阶段学习本职位所要求专业，且拥有国内研究生学历。9.网上报名时请务必按照我部网站考录公告要求填报。"",""部门网站"":""www.idcpc.gov.cn"",""咨询电话1"":""010-83908009"",""咨询电话2"":"""",""咨询电话3"":"""",""来源Sheet"":""中央党群机关""}}"
"government_jobs","国家公务员2025招考简章","公务员/事业单位技术岗位","北京市","2026-07-28T09:12:58.310295+00:00","综合管理处一级主任科员及以下","中国外文局","","北京市","公务员/事业单位;2025;computer_software;硕士研究生及以上;与最高学历相对应的学位;学科门类为哲学、经济学、法学、文学、历史学、管理学的专业;中央机关及其省级直属机构综合管理类","用人司局：办公室
职位简介：起草全局性重要文稿、改革发展文件、行业政策研究和专题性调研报告；协调组织境内外重要会议活动；开展党的组织、统战等工作，开展党员教育、管理、监督，管理数据库；负责日常公文流转、档案管理等工作。
专业要求：学科门类为哲学、经济学、法学、文学、历史学、管理学的专业
学历要求：硕士研究生及以上
学位要求：与最高学历相对应的学位
政治面貌：中共党员
基层工作经历：无限制
考试类别：中央机关及其省级直属机构综合管理类
备注：具备较高的政策研究水平和较强的分析归纳、公文写作、沟通协调能力；善于团结协作，思路开阔、态度严谨；能够根据工作需要在周末或夜间承担应急值守工作。专业能力测试范围：时事政治、党建常识、综合知识、文稿起草、分析归纳等水平。专业能力测试成绩占综合成绩的15%。","https://www.xjhc.gov.cn/xjhc/c116834/202410/a29382e11a674da3be3353af65f9fcc5.shtml#027000-100210001001","2024-10-14","{""dataset_year"":2025,""job_uid"":""GOV-2025-027000-100210001001"",""publisher"":""国家公务员局"",""publication_page"":""https://www.xjhc.gov.cn/xjhc/c116834/202410/a29382e11a674da3be3353af65f9fcc5.shtml"",""attachment_url"":""https://www.xjhc.gov.cn/xjhc/c116834/202410/a29382e11a674da3be3353af65f9fcc5/files/0536cef86e2b46ddad6aae5a3780089e.xls"",""local_source_file"":""2025_guokao_zhaokaojianzhang.xls"",""local_source_sha256"":""07ae6cab368cd21b7a1ac3e8150fe9a3d39ad5171ce76135ff3cccfe50c3e77e"",""source_sheet"":""中央党群机关"",""filter_version"":""government_tech_v2"",""tech_filter"":{""is_tech"":true,""is_core_tech"":true,""scope"":""core"",""categories"":[""computer_software""],""matched_fields"":[""description""],""major_terms"":[],""role_terms"":[""数据库""],""reason"":""tech_role""},""original"":{""部门代码"":""027000"",""部门名称"":""中国外文局"",""用人司局"":""办公室"",""机构性质"":""中央党群机关参照公务员法管理事业单位"",""招考职位"":""综合管理处一级主任科员及以下"",""职位属性"":""普通职位"",""职位分布"":""其他职位"",""职位简介"":""起草全局性重要文稿、改革发展文件、行业政策研究和专题性调研报告；协调组织境内外重要会议活动；开展党的组织、统战等工作，开展党员教育、管理、监督，管理数据库；负责日常公文流转、档案管理等工作。"",""职位代码"":""100210001001"",""机构层级"":""中央"",""考试类别"":""中央机关及其省级直属机构综合管理类"",""招考人数"":""3"",""专业"":""学科门类为哲学、经济学、法学、文学、历史学、管理学的专业"",""学历"":""硕士研究生及以上"",""学位"":""与最高学历相对应的学位"",""政治面貌"":""中共党员"",""基层工作最低年限"":""无限制"",""服务基层项目工作经历"":""无限制"",""是否在面试阶段组织专业能力测试"":""是"",""面试人员比例"":""5:1"",""工作地点"":""北京市"",""落户地点"":""北京市"",""备注"":""具备较高的政策研究水平和较强的分析归纳、公文写作、沟通协调能力；善于团结协作，思路开阔、态度严谨；能够根据工作需要在周末或夜间承担应急值守工作。专业能力测试范围：时事政治、党建常识、综合知识、文稿起草、分析归纳等水平。专业能力测试成绩占综合成绩的15%。"",""部门网站"":""www.cicg.org.cn"",""咨询电话1"":""010-68995870"",""咨询电话2"":"""",""咨询电话3"":"""",""来源Sheet"":""中央党群机关""}}"
"government_jobs","国家公务员2025招考简章","公务员/事业单位技术岗位","陕西省延安市","2026-07-28T09:12:58.310295+00:00","信息管理处（图书馆）一级主任科员及以下","中国延安干部学院","","陕西省延安市","公务员/事业单位;2025;computer_software;本科及以上;学士;本科：数字媒体技术、新媒体技术； 研究生：计算机科学与技术;中央机关及其省级直属机构综合管理类","用人司局：办公厅
职位简介：计算机、多媒体技术应用
专业要求：本科：数字媒体技术、新媒体技术； 研究生：计算机科学与技术
学历要求：本科及以上
学位要求：学士
政治面貌：中共党员
基层工作经历：二年
考试类别：中央机关及其省级直属机构综合管理类
备注：理想信念坚定，党性强，作风正，热爱党的干部教育培训事业，有较强的学习能力、适应能力；在地市级以上电视台或国有大中型影视机构从事摄影摄像、图片处理、音视频剪辑等多媒体制作工作1年以上；本科阶段、研究生阶段均须具有学历、学位","https://www.xjhc.gov.cn/xjhc/c116834/202410/a29382e11a674da3be3353af65f9fcc5.shtml#030000-100210001002","2024-10-14","{""dataset_year"":2025,""job_uid"":""GOV-2025-030000-100210001002"",""publisher"":""国家公务员局"",""publication_page"":""https://www.xjhc.gov.cn/xjhc/c116834/202410/a29382e11a674da3be3353af65f9fcc5.shtml"",""attachment_url"":""https://www.xjhc.gov.cn/xjhc/c116834/202410/a29382e11a674da3be3353af65f9fcc5/files/0536cef86e2b46ddad6aae5a3780089e.xls"",""local_source_file"":""2025_guokao_zhaokaojianzhang.xls"",""local_source_sha256"":""07ae6cab368cd21b7a1ac3e8150fe9a3d39ad5171ce76135ff3cccfe50c3e77e"",""source_sheet"":""中央党群机关"",""filter_version"":""government_tech_v2"",""tech_filter"":{""is_tech"":true,""is_core_tech"":true,""scope"":""core"",""categories"":[""computer_software""],""matched_fields"":[""major"",""job_title"",""description""],""major_terms"":[""数字媒体技术"",""计算机科学与技术""],""role_terms"":[""信息管理"",""计算机""],""reason"":""tech_major_and_role""},""original"":{""部门代码"":""030000"",""部门名称"":""中国延安干部学院"",""用人司局"":""办公厅"",""机构性质"":""中央党群机关参照公务员法管理事业单位"",""招考职位"":""信息管理处（图书馆）一级主任科员及以下"",""职位属性"":""普通职位"",""职位分布"":""其他职位"",""职位简介"":""计算机、多媒体技术应用"",""职位代码"":""100210001002"",""机构层级"":""中央"",""考试类别"":""中央机关及其省级直属机构综合管理类"",""招考人数"":""1"",""专业"":""本科：数字媒体技术、新媒体技术； 研究生：计算机科学与技术"",""学历"":""本科及以上"",""学位"":""学士"",""政治面貌"":""中共党员"",""基层工作最低年限"":""二年"",""服务基层项目工作经历"":""无限制"",""是否在面试阶段组织专业能力测试"":""否"",""面试人员比例"":""5:1"",""工作地点"":""陕西省延安市"",""落户地点"":""陕西省延安市"",""备注"":""理想信念坚定，党性强，作风正，热爱党的干部教育培训事业，有较强的学习能力、适应能力；在地市级以上电视台或国有大中型影视机构从事摄影摄像、图片处理、音视频剪辑等多媒体制作工作1年以上；本科阶段、研究生阶段均须具有学历、学位"",""部门网站"":""https://www.celay.org.cn"",""咨询电话1"":""0911-2196717"",""咨询电话2"":"""",""咨询电话3"":"""",""来源Sheet"":""中央党群机关""}}"
"government_jobs","国家公务员2025招考简章","公务员/事业单位技术岗位","北京市西城区","2026-07-28T09:12:58.310295+00:00","文件处一级主任科员及以下","全国总工会","","北京市西城区","公务员/事业单位;2025;computer_software;cybersecurity_cryptography;data_ai;electronics_communication;硕士研究生及以上;与最高学历相对应的学位;0812计算机科学与技术、0835软件工程、0839网络空间安全、0854电子信息、1201管理科学与工程;中央机关及其省级直属机构综合管理类","用人司局：办公厅
职位简介：1.参与日常公文处理工作；
2.参与工会APP、办公平台相关内容研究设计；
3.参与人工智能大模型在工会服务职工、办公平台方面相关应用设计；
4.开展数据安全、数据应用、电子文件管理运用等相关工作；
5.参与工会数智化建设工程有关工作。
专业要求：0812计算机科学与技术、0835软件工程、0839网络空间安全、0854电子信息、1201管理科学与工程
学历要求：硕士研究生及以上
学位要求：与最高学历相对应的学位
政治面貌：中共党员
基层工作经历：无限制
考试类别：中央机关及其省级直属机构综合管理类
备注：专业能力测试为业务知识掌握情况和根据给定材料起草文章，占综合成绩15%。考生报名填写专业时需写明专业代码。限以主修专业报考。同等条件下，省部级以上劳动模范、一线优秀工会工作者优先录用。具体解释参见全国总工会网站公示公告栏《全国总工会关于2025年度录用机关工作人员职位要求的说明》。","https://www.xjhc.gov.cn/xjhc/c116834/202410/a29382e11a674da3be3353af65f9fcc5.shtml#044000-100310002001","2024-10-14","{""dataset_year"":2025,""job_uid"":""GOV-2025-044000-100310002001"",""publisher"":""国家公务员局"",""publication_page"":""https://www.xjhc.gov.cn/xjhc/c116834/202410/a29382e11a674da3be3353af65f9fcc5.shtml"",""attachment_url"":""https://www.xjhc.gov.cn/xjhc/c116834/202410/a29382e11a674da3be3353af65f9fcc5/files/0536cef86e2b46ddad6aae5a3780089e.xls"",""local_source_file"":""2025_guokao_zhaokaojianzhang.xls"",""local_source_sha256"":""07ae6cab368cd21b7a1ac3e8150fe9a3d39ad5171ce76135ff3cccfe50c3e77e"",""source_sheet"":""中央党群机关"",""filter_version"":""government_tech_v2"",""tech_filter"":{""is_tech"":true,""is_core_tech"":true,""scope"":""core"",""categories"":[""computer_software"",""cybersecurity_cryptography"",""data_ai"",""electronics_communication""],""matched_fields"":[""major"",""description""],""major_terms"":[""电子信息"",""网络空间安全"",""计算机科学与技术"",""软件工程""],""role_terms"":[""人工智能"",""大模型"",""数据安全"",""数据应用"",""数智""],""reason"":""tech_major_and_role""},""original"":{""部门代码"":""044000"",""部门名称"":""全国总工会"",""用人司局"":""办公厅"",""机构性质"":""群团机关"",""招考职位"":""文件处一级主任科员及以下"",""职位属性"":""普通职位"",""职位分布"":""其他职位"",""职位简介"":""1.参与日常公文处理工作；\n2.参与工会APP、办公平台相关内容研究设计；\n3.参与人工智能大模型在工会服务职工、办公平台方面相关应用设计；\n4.开展数据安全、数据应用、电子文件管理运用等相关工作；\n5.参与工会数智化建设工程有关工作。"",""职位代码"":""100310002001"",""机构层级"":""中央"",""考试类别"":""中央机关及其省级直属机构综合管理类"",""招考人数"":""1"",""专业"":""0812计算机科学与技术、0835软件工程、0839网络空间安全、0854电子信息、1201管理科学与工程"",""学历"":""硕士研究生及以上"",""学位"":""与最高学历相对应的学位"",""政治面貌"":""中共党员"",""基层工作最低年限"":""无限制"",""服务基层项目工作经历"":""无限制"",""是否在面试阶段组织专业能力测试"":""是"",""面试人员比例"":""5:1"",""工作地点"":""北京市西城区"",""落户地点"":""北京市西城区"",""备注"":""专业能力测试为业务知识掌握情况和根据给定材料起草文章，占综合成绩15%。考生报名填写专业时需写明专业代码。限以主修专业报考。同等条件下，省部级以上劳动模范、一线优秀工会工作者优先录用。具体解释参见全国总工会网站公示公告栏《全国总工会关于2025年度录用机关工作人员职位要求的说明》。"",""部门网站"":""www.acftu.org"",""咨询电话1"":""010-68592049"",""咨询电话2"":""010-68592027"",""咨询电话3"":"""",""来源Sheet"":""中央党群机关""}}"
"government_jobs","国家公务员2025招考简章","公务员/事业单位技术岗位","北京市西城区","2026-07-28T09:12:58.310295+00:00","网络建设处一级主任科员及以下","全国总工会","","北京市西城区","公务员/事业单位;2025;computer_software;cybersecurity_cryptography;data_ai;electronics_communication;硕士研究生及以上;与最高学历相对应的学位;0810信息与通信工程、0812计算机科学与技术、0835软件工程、0839网络空间安全;中央机关及其省级直属机构综合管理类","用人司局：网络工作部
职位简介：1.参与全总信息化项目的建设实施；
2.参与统筹组织全总网络安全相关工作，编制起草相关制度标准规范；
3.参与推动工会系统数据资源的开发、共享和交换及人工智能应用；
4.参与协调机关各业务部门应用系统建设开发；
5.日常公文的起草和日常工作处理。
专业要求：0810信息与通信工程、0812计算机科学与技术、0835软件工程、0839网络空间安全
学历要求：硕士研究生及以上
学位要求：与最高学历相对应的学位
政治面貌：中共党员
基层工作经历：无限制
考试类别：中央机关及其省级直属机构综合管理类
备注：专业能力测试为业务知识掌握情况和根据给定材料起草文章，占综合成绩15%。考生报名填写专业时需写明专业代码。限以主修专业报考。同等条件下，省部级以上劳动模范、一线优秀工会工作者优先录用。具体解释参见全国总工会网站公示公告栏《全国总工会关于2025年度录用机关工作人员职位要求的说明》。","https://www.xjhc.gov.cn/xjhc/c116834/202410/a29382e11a674da3be3353af65f9fcc5.shtml#044000-100310005001","2024-10-14","{""dataset_year"":2025,""job_uid"":""GOV-2025-044000-100310005001"",""publisher"":""国家公务员局"",""publication_page"":""https://www.xjhc.gov.cn/xjhc/c116834/202410/a29382e11a674da3be3353af65f9fcc5.shtml"",""attachment_url"":""https://www.xjhc.gov.cn/xjhc/c116834/202410/a29382e11a674da3be3353af65f9fcc5/files/0536cef86e2b46ddad6aae5a3780089e.xls"",""local_source_file"":""2025_guokao_zhaokaojianzhang.xls"",""local_source_sha256"":""07ae6cab368cd21b7a1ac3e8150fe9a3d39ad5171ce76135ff3cccfe50c3e77e"",""source_sheet"":""中央党群机关"",""filter_version"":""government_tech_v2"",""tech_filter"":{""is_tech"":true,""is_core_tech"":true,""scope"":""core"",""categories"":[""computer_software"",""cybersecurity_cryptography"",""data_ai"",""electronics_communication""],""matched_fields"":[""major"",""description""],""major_terms"":[""信息与通信工程"",""网络空间安全"",""计算机科学与技术"",""软件工程"",""通信工程""],""role_terms"":[""人工智能"",""信息化"",""数据资源"",""智能应用"",""系统建设"",""网络安全""],""reason"":""tech_major_and_role""},""original"":{""部门代码"":""044000"",""部门名称"":""全国总工会"",""用人司局"":""网络工作部"",""机构性质"":""群团机关"",""招考职位"":""网络建设处一级主任科员及以下"",""职位属性"":""普通职位"",""职位分布"":""其他职位"",""职位简介"":""1.参与全总信息化项目的建设实施；\n2.参与统筹组织全总网络安全相关工作，编制起草相关制度标准规范；\n3.参与推动工会系统数据资源的开发、共享和交换及人工智能应用；\n4.参与协调机关各业务部门应用系统建设开发；\n5.日常公文的起草和日常工作处理。"",""职位代码"":""100310005001"",""机构层级"":""中央"",""考试类别"":""中央机关及其省级直属机构综合管理类"",""招考人数"":""1"",""专业"":""0810信息与通信工程、0812计算机科学与技术、0835软件工程、0839网络空间安全"",""学历"":""硕士研究生及以上"",""学位"":""与最高学历相对应的学位"",""政治面貌"":""中共党员"",""基层工作最低年限"":""无限制"",""服务基层项目工作经历"":""无限制"",""是否在面试阶段组织专业能力测试"":""是"",""面试人员比例"":""5:1"",""工作地点"":""北京市西城区"",""落户地点"":""北京市西城区"",""备注"":""专业能力测试为业务知识掌握情况和根据给定材料起草文章，占综合成绩15%。考生报名填写专业时需写明专业代码。限以主修专业报考。同等条件下，省部级以上劳动模范、一线优秀工会工作者优先录用。具体解释参见全国总工会网站公示公告栏《全国总工会关于2025年度录用机关工作人员职位要求的说明》。"",""部门网站"":""www.acftu.org"",""咨询电话1"":""010-68592049"",""咨询电话2"":""010-68592027"",""咨询电话3"":"""",""来源Sheet"":""中央党群机关""}}"
"government_jobs","国家公务员2025招考简章","公务员/事业单位技术岗位","北京市西城区","2026-07-28T09:12:58.310295+00:00","综合处一级主任科员及以下","全国总工会","","北京市西城区","公务员/事业单位;2025;computer_software;cybersecurity_cryptography;electronics_communication;硕士研究生及以上;与最高学历相对应的学位;0810信息与通信工程、0812计算机科学与技术、0835软件工程、0839网络空间安全;中央机关及其省级直属机构综合管理类","用人司局：网络工作部
职位简介：1.参与网络工作部综合文稿的起草工作；
2.参与网络工作部会议和活动的安排和组织协调；
3.参与数智化制度、工作计划、重点工作落实情况的督促办理；
4.参与档案、保密、内勤、安全和部门事务工作。
专业要求：0810信息与通信工程、0812计算机科学与技术、0835软件工程、0839网络空间安全
学历要求：硕士研究生及以上
学位要求：与最高学历相对应的学位
政治面貌：中共党员
基层工作经历：无限制
考试类别：中央机关及其省级直属机构综合管理类
备注：专业能力测试为业务知识掌握情况和根据给定材料起草文章，占综合成绩15%。考生报名填写专业时需写明专业代码。限以主修专业报考。同等条件下，省部级以上劳动模范、一线优秀工会工作者优先录用。具体解释参见全国总工会网站公示公告栏《全国总工会关于2025年度录用机关工作人员职位要求的说明》。","https://www.xjhc.gov.cn/xjhc/c116834/202410/a29382e11a674da3be3353af65f9fcc5.shtml#044000-100310005002","2024-10-14","{""dataset_year"":2025,""job_uid"":""GOV-2025-044000-100310005002"",""publisher"":""国家公务员局"",""publication_page"":""https://www.xjhc.gov.cn/xjhc/c116834/202410/a29382e11a674da3be3353af65f9fcc5.shtml"",""attachment_url"":""https://www.xjhc.gov.cn/xjhc/c116834/202410/a29382e11a674da3be3353af65f9fcc5/files/0536cef86e2b46ddad6aae5a3780089e.xls"",""local_source_file"":""2025_guokao_zhaokaojianzhang.xls"",""local_source_sha256"":""07ae6cab368cd21b7a1ac3e8150fe9a3d39ad5171ce76135ff3cccfe50c3e77e"",""source_sheet"":""中央党群机关"",""filter_version"":""government_tech_v2"",""tech_filter"":{""is_tech"":true,""is_core_tech"":true,""scope"":""core"",""categories"":[""computer_software"",""cybersecurity_cryptography"",""electronics_communication""],""matched_fields"":[""major"",""description""],""major_terms"":[""信息与通信工程"",""网络空间安全"",""计算机科学与技术"",""软件工程"",""通信工程""],""role_terms"":[""数智""],""reason"":""tech_major_and_role""},""original"":{""部门代码"":""044000"",""部门名称"":""全国总工会"",""用人司局"":""网络工作部"",""机构性质"":""群团机关"",""招考职位"":""综合处一级主任科员及以下"",""职位属性"":""普通职位"",""职位分布"":""其他职位"",""职位简介"":""1.参与网络工作部综合文稿的起草工作；\n2.参与网络工作部会议和活动的安排和组织协调；\n3.参与数智化制度、工作计划、重点工作落实情况的督促办理；\n4.参与档案、保密、内勤、安全和部门事务工作。"",""职位代码"":""100310005002"",""机构层级"":""中央"",""考试类别"":""中央机关及其省级直属机构综合管理类"",""招考人数"":""1"",""专业"":""0810信息与通信工程、0812计算机科学与技术、0835软件工程、0839网络空间安全"",""学历"":""硕士研究生及以上"",""学位"":""与最高学历相对应的学位"",""政治面貌"":""中共党员"",""基层工作最低年限"":""无限制"",""服务基层项目工作经历"":""无限制"",""是否在面试阶段组织专业能力测试"":""是"",""面试人员比例"":""5:1"",""工作地点"":""北京市西城区"",""落户地点"":""北京市西城区"",""备注"":""专业能力测试为业务知识掌握情况和根据给定材料起草文章，占综合成绩15%。考生报名填写专业时需写明专业代码。限以主修专业报考。同等条件下，省部级以上劳动模范、一线优秀工会工作者优先录用。具体解释参见全国总工会网站公示公告栏《全国总工会关于2025年度录用机关工作人员职位要求的说明》。"",""部门网站"":""www.acftu.org"",""咨询电话1"":""010-68592049"",""咨询电话2"":""010-68592027"",""咨询电话3"":"""",""来源Sheet"":""中央党群机关""}}"
"government_jobs","国家公务员2025招考简章","公务员/事业单位技术岗位","北京市","2026-07-28T09:12:58.310295+00:00","人工智能","外交部","","北京市","公务员/事业单位;2025;computer_software;data_ai;本科及以上;与最高学历相对应的学位;计算机科学与技术、智能科学与技术、软件工程、大数据技术与工程等人工智能相关专业;中央机关及其省级直属机构综合管理类","用人司局：地区业务司
职位简介：在外交部机关或驻外外交机构承担以下工作：
1、研究国际人工智能发展治理动向和趋势，就我参与人工智能全球治理提供对策建议，并协调处理相关工作；
2、办理我国和有关国家及国际组织间涉及人工智能发展治理的日常事务。
专业要求：计算机科学与技术、智能科学与技术、软件工程、大数据技术与工程等人工智能相关专业
学历要求：本科及以上
学位要求：与最高学历相对应的学位
政治面貌：中共党员或共青团员
基层工作经历：无限制
考试类别：中央机关及其省级直属机构综合管理类
备注：大学英语6级成绩425分及以上（网上报名时，请在备注栏注明英语水平等级及分数），能用英语独立开展工作。政治可靠，个人经历、历史状况清楚，能服从组织安排随时驻外工作。留学回国人员应本科学习相关专业、硕士学习外交学、国际关系或国际政治专业，最高学历为硕士研究生，且获得国内本科学历。非应届毕业生还应具备2年以上在党政机关、国有企事业单位、人民团体从事理论研究、教学科研、行政管理等工作经历。网上报名注意事项及专业能力测试安排详见我部招考公告。","https://www.xjhc.gov.cn/xjhc/c116834/202410/a29382e11a674da3be3353af65f9fcc5.shtml#102000-200110001008","2024-10-14","{""dataset_year"":2025,""job_uid"":""GOV-2025-102000-200110001008"",""publisher"":""国家公务员局"",""publication_page"":""https://www.xjhc.gov.cn/xjhc/c116834/202410/a29382e11a674da3be3353af65f9fcc5.shtml"",""attachment_url"":""https://www.xjhc.gov.cn/xjhc/c116834/202410/a29382e11a674da3be3353af65f9fcc5/files/0536cef86e2b46ddad6aae5a3780089e.xls"",""local_source_file"":""2025_guokao_zhaokaojianzhang.xls"",""local_source_sha256"":""07ae6cab368cd21b7a1ac3e8150fe9a3d39ad5171ce76135ff3cccfe50c3e77e"",""source_sheet"":""中央国家行政机关（本级）"",""filter_version"":""government_tech_v2"",""tech_filter"":{""is_tech"":true,""is_core_tech"":true,""scope"":""core"",""categories"":[""computer_software"",""data_ai""],""matched_fields"":[""major"",""job_title"",""description""],""major_terms"":[""人工智能"",""大数据"",""智能科学与技术"",""计算机科学与技术"",""软件工程""],""role_terms"":[""人工智能""],""reason"":""tech_major_and_role""},""original"":{""部门代码"":""102000"",""部门名称"":""外交部"",""用人司局"":""地区业务司"",""机构性质"":""中央国家行政机关（本级）"",""招考职位"":""人工智能"",""职位属性"":""普通职位"",""职位分布"":""其他职位"",""职位简介"":""在外交部机关或驻外外交机构承担以下工作：\n1、研究国际人工智能发展治理动向和趋势，就我参与人工智能全球治理提供对策建议，并协调处理相关工作；\n2、办理我国和有关国家及国际组织间涉及人工智能发展治理的日常事务。"",""职位代码"":""200110001008"",""机构层级"":""中央"",""考试类别"":""中央机关及其省级直属机构综合管理类"",""招考人数"":""3"",""专业"":""计算机科学与技术、智能科学与技术、软件工程、大数据技术与工程等人工智能相关专业"",""学历"":""本科及以上"",""学位"":""与最高学历相对应的学位"",""政治面貌"":""中共党员或共青团员"",""基层工作最低年限"":""无限制"",""服务基层项目工作经历"":""无限制"",""是否在面试阶段组织专业能力测试"":""是"",""面试人员比例"":""5:1"",""工作地点"":""北京市"",""落户地点"":""北京市"",""备注"":""大学英语6级成绩425分及以上（网上报名时，请在备注栏注明英语水平等级及分数），能用英语独立开展工作。政治可靠，个人经历、历史状况清楚，能服从组织安排随时驻外工作。留学回国人员应本科学习相关专业、硕士学习外交学、国际关系或国际政治专业，最高学历为硕士研究生，且获得国内本科学历。非应届毕业生还应具备2年以上在党政机关、国有企事业单位、人民团体从事理论研究、教学科研、行政管理等工作经历。网上报名注意事项及专业能力测试安排详见我部招考公告。"",""部门网站"":""www.mfa.gov.cn"",""咨询电话1"":""010-65966598"",""咨询电话2"":""010-65965483"",""咨询电话3"":""010-65965386"",""来源Sheet"":""中央国家行政机关（本级）""}}"
"government_jobs","国家公务员2025招考简章","公务员/事业单位技术岗位","北京市","2026-07-28T09:12:58.310295+00:00","业务处室一级主任科员及以下","工业和信息化部","","北京市","公务员/事业单位;2025;computer_software;electronics_communication;硕士研究生及以上;与最高学历相对应的学位;电子科学与技术(0809)、信息与通信工程(0810)、计算机科学与技术(0812)、软件工程(0835);中央机关及其省级直属机构综合管理类","用人司局：业务司局二
职位简介：从事推动电子信息领域关键、基础技术发展相关工作
专业要求：电子科学与技术(0809)、信息与通信工程(0810)、计算机科学与技术(0812)、软件工程(0835)
学历要求：硕士研究生及以上
学位要求：与最高学历相对应的学位
政治面貌：中共党员
基层工作经历：二年
考试类别：中央机关及其省级直属机构综合管理类
备注：具有2年及以上电子信息行业相关专业技术工作经历；本科及以上学习阶段均要求取得毕业证和学位证；职位要求专业为报考者研究生所学专业，专业分类参照《研究生教育学科专业目录》，含相应的专业硕士专业。","https://www.xjhc.gov.cn/xjhc/c116834/202410/a29382e11a674da3be3353af65f9fcc5.shtml#107000-200110106001","2024-10-14","{""dataset_year"":2025,""job_uid"":""GOV-2025-107000-200110106001"",""publisher"":""国家公务员局"",""publication_page"":""https://www.xjhc.gov.cn/xjhc/c116834/202410/a29382e11a674da3be3353af65f9fcc5.shtml"",""attachment_url"":""https://www.xjhc.gov.cn/xjhc/c116834/202410/a29382e11a674da3be3353af65f9fcc5/files/0536cef86e2b46ddad6aae5a3780089e.xls"",""local_source_file"":""2025_guokao_zhaokaojianzhang.xls"",""local_source_sha256"":""07ae6cab368cd21b7a1ac3e8150fe9a3d39ad5171ce76135ff3cccfe50c3e77e"",""source_sheet"":""中央国家行政机关（本级）"",""filter_version"":""government_tech_v2"",""tech_filter"":{""is_tech"":true,""is_core_tech"":true,""scope"":""core"",""categories"":[""computer_software"",""electronics_communication""],""matched_fields"":[""major"",""description"",""remarks""],""major_terms"":[""信息与通信工程"",""电子科学与技术"",""计算机科学与技术"",""软件工程"",""通信工程""],""role_terms"":[""电子信息""],""reason"":""tech_major_and_role""},""original"":{""部门代码"":""107000"",""部门名称"":""工业和信息化部"",""用人司局"":""业务司局二"",""机构性质"":""中央国家行政机关（本级）"",""招考职位"":""业务处室一级主任科员及以下"",""职位属性"":""普通职位"",""职位分布"":""其他职位"",""职位简介"":""从事推动电子信息领域关键、基础技术发展相关工作"",""职位代码"":""200110106001"",""机构层级"":""中央"",""考试类别"":""中央机关及其省级直属机构综合管理类"",""招考人数"":""1"",""专业"":""电子科学与技术(0809)、信息与通信工程(0810)、计算机科学与技术(0812)、软件工程(0835)"",""学历"":""硕士研究生及以上"",""学位"":""与最高学历相对应的学位"",""政治面貌"":""中共党员"",""基层工作最低年限"":""二年"",""服务基层项目工作经历"":""无限制"",""是否在面试阶段组织专业能力测试"":""否"",""面试人员比例"":""5:1"",""工作地点"":""北京市"",""落户地点"":""北京市"",""备注"":""具有2年及以上电子信息行业相关专业技术工作经历；本科及以上学习阶段均要求取得毕业证和学位证；职位要求专业为报考者研究生所学专业，专业分类参照《研究生教育学科专业目录》，含相应的专业硕士专业。"",""部门网站"":""www.miit.gov.cn"",""咨询电话1"":""010-68207836"",""咨询电话2"":""010-68208718"",""咨询电话3"":"""",""来源Sheet"":""中央国家行政机关（本级）""}}"
"government_jobs","国家公务员2025招考简章","公务员/事业单位技术岗位","北京市","2026-07-28T09:12:58.310295+00:00","业务处室一级主任科员及以下","工业和信息化部","","北京市","公务员/事业单位;2025;computer_software;electronics_communication;硕士研究生及以上;与最高学历相对应的学位;电子科学与技术（0809）、信息与通信工程（0810）、计算机科学与技术（0812）、航空宇航科学与技术（0825）;中央机关及其省级直属机构综合管理类","用人司局：业务司局六
职位简介：从事卫星通信或无线电领域对外交流、管理协调相关工作
专业要求：电子科学与技术（0809）、信息与通信工程（0810）、计算机科学与技术（0812）、航空宇航科学与技术（0825）
学历要求：硕士研究生及以上
学位要求：与最高学历相对应的学位
政治面貌：中共党员
基层工作经历：二年
考试类别：中央机关及其省级直属机构综合管理类
备注：大学英语六级（CET-6）580分及以上；本科及以上学习阶段均要求取得毕业证和学位证；职位要求专业为报考者研究生所学专业，专业分类参照《研究生教育学科专业目录》，含相应的专业硕士专业。","https://www.xjhc.gov.cn/xjhc/c116834/202410/a29382e11a674da3be3353af65f9fcc5.shtml#107000-200110110001","2024-10-14","{""dataset_year"":2025,""job_uid"":""GOV-2025-107000-200110110001"",""publisher"":""国家公务员局"",""publication_page"":""https://www.xjhc.gov.cn/xjhc/c116834/202410/a29382e11a674da3be3353af65f9fcc5.shtml"",""attachment_url"":""https://www.xjhc.gov.cn/xjhc/c116834/202410/a29382e11a674da3be3353af65f9fcc5/files/0536cef86e2b46ddad6aae5a3780089e.xls"",""local_source_file"":""2025_guokao_zhaokaojianzhang.xls"",""local_source_sha256"":""07ae6cab368cd21b7a1ac3e8150fe9a3d39ad5171ce76135ff3cccfe50c3e77e"",""source_sheet"":""中央国家行政机关（本级）"",""filter_version"":""government_tech_v2"",""tech_filter"":{""is_tech"":true,""is_core_tech"":true,""scope"":""core"",""categories"":[""computer_software"",""electronics_communication""],""matched_fields"":[""major"",""description""],""major_terms"":[""信息与通信工程"",""电子科学与技术"",""计算机科学与技术"",""通信工程""],""role_terms"":[""无线电""],""reason"":""tech_major_and_role""},""original"":{""部门代码"":""107000"",""部门名称"":""工业和信息化部"",""用人司局"":""业务司局六"",""机构性质"":""中央国家行政机关（本级）"",""招考职位"":""业务处室一级主任科员及以下"",""职位属性"":""普通职位"",""职位分布"":""其他职位"",""职位简介"":""从事卫星通信或无线电领域对外交流、管理协调相关工作"",""职位代码"":""200110110001"",""机构层级"":""中央"",""考试类别"":""中央机关及其省级直属机构综合管理类"",""招考人数"":""2"",""专业"":""电子科学与技术（0809）、信息与通信工程（0810）、计算机科学与技术（0812）、航空宇航科学与技术（0825）"",""学历"":""硕士研究生及以上"",""学位"":""与最高学历相对应的学位"",""政治面貌"":""中共党员"",""基层工作最低年限"":""二年"",""服务基层项目工作经历"":""无限制"",""是否在面试阶段组织专业能力测试"":""否"",""面试人员比例"":""5:1"",""工作地点"":""北京市"",""落户地点"":""北京市"",""备注"":""大学英语六级（CET-6）580分及以上；本科及以上学习阶段均要求取得毕业证和学位证；职位要求专业为报考者研究生所学专业，专业分类参照《研究生教育学科专业目录》，含相应的专业硕士专业。"",""部门网站"":""www.miit.gov.cn"",""咨询电话1"":""010-68207836"",""咨询电话2"":""010-68208718"",""咨询电话3"":"""",""来源Sheet"":""中央国家行政机关（本级）""}}"
"government_jobs","国家公务员2025招考简章","公务员/事业单位技术岗位","河北省石家庄市","2026-07-28T09:12:58.310295+00:00","一级主任科员及以下","河北省通信管理局","","河北省石家庄市","公务员/事业单位;2025;computer_software;electronics_communication;硕士研究生及以上;与最高学历相对应的学位;电子科学与技术(0809)、信息与通信工程(0810)、计算机科学与技术(0812);中央机关及其省级直属机构综合管理类","用人司局：信息通信管理处
职位简介：从事所在地信息通信行业市场监管相关工作
专业要求：电子科学与技术(0809)、信息与通信工程(0810)、计算机科学与技术(0812)
学历要求：硕士研究生及以上
学位要求：与最高学历相对应的学位
政治面貌：中共党员
基层工作经历：二年
考试类别：中央机关及其省级直属机构综合管理类
备注：本科及以上学习阶段均要求取得毕业证和学位证；职位要求专业为报考者研究生所学专业，专业分类参照《研究生教育学科专业目录》，含相应的专业硕士专业。","https://www.xjhc.gov.cn/xjhc/c116834/202410/a29382e11a674da3be3353af65f9fcc5.shtml#107103-300110002001","2024-10-14","{""dataset_year"":2025,""job_uid"":""GOV-2025-107103-300110002001"",""publisher"":""国家公务员局"",""publication_page"":""https://www.xjhc.gov.cn/xjhc/c116834/202410/a29382e11a674da3be3353af65f9fcc5.shtml"",""attachment_url"":""https://www.xjhc.gov.cn/xjhc/c116834/202410/a29382e11a674da3be3353af65f9fcc5/files/0536cef86e2b46ddad6aae5a3780089e.xls"",""local_source_file"":""2025_guokao_zhaokaojianzhang.xls"",""local_source_sha256"":""07ae6cab368cd21b7a1ac3e8150fe9a3d39ad5171ce76135ff3cccfe50c3e77e"",""source_sheet"":""中央国家行政机关省级以下直属机构"",""filter_version"":""government_tech_v2"",""tech_filter"":{""is_tech"":true,""is_core_tech"":true,""scope"":""core"",""categories"":[""computer_software"",""electronics_communication""],""matched_fields"":[""major"",""office"",""description""],""major_terms"":[""信息与通信工程"",""电子科学与技术"",""计算机科学与技术"",""通信工程""],""role_terms"":[""信息通信"",""通信管理"",""通信行业""],""reason"":""tech_major_and_role""},""original"":{""部门代码"":""107103"",""部门名称"":""河北省通信管理局"",""用人司局"":""信息通信管理处"",""机构性质"":""中央国家行政机关省级以下直属机构"",""招考职位"":""一级主任科员及以下"",""职位属性"":""普通职位"",""职位分布"":""其他职位"",""职位简介"":""从事所在地信息通信行业市场监管相关工作"",""职位代码"":""300110002001"",""机构层级"":""省（副省）级"",""考试类别"":""中央机关及其省级直属机构综合管理类"",""招考人数"":""1"",""专业"":""电子科学与技术(0809)、信息与通信工程(0810)、计算机科学与技术(0812)"",""学历"":""硕士研究生及以上"",""学位"":""与最高学历相对应的学位"",""政治面貌"":""中共党员"",""基层工作最低年限"":""二年"",""服务基层项目工作经历"":""无限制"",""是否在面试阶段组织专业能力测试"":""否"",""面试人员比例"":""5:1"",""工作地点"":""河北省石家庄市"",""落户地点"":""河北省石家庄市"",""备注"":""本科及以上学习阶段均要求取得毕业证和学位证；职位要求专业为报考者研究生所学专业，专业分类参照《研究生教育学科专业目录》，含相应的专业硕士专业。"",""部门网站"":""http://hbca.miit.gov.cn/"",""咨询电话1"":""010-68208718"",""咨询电话2"":""010-68207836"",""咨询电话3"":"""",""来源Sheet"":""中央国家行政机关省级以下直属机构""}}"
"government_jobs","国家公务员2025招考简章","公务员/事业单位技术岗位","湖北省武汉市","2026-07-28T09:12:58.310295+00:00","一级主任科员及以下","湖北省通信管理局","","湖北省武汉市","公务员/事业单位;2025;computer_software;cybersecurity_cryptography;electronics_communication;硕士研究生及以上;与最高学历相对应的学位;电子科学与技术(0809)、信息与通信工程(0810)、计算机科学与技术(0812)、软件工程(0835)、网络空间安全(0839);中央机关及其省级直属机构综合管理类","用人司局：信息通信发展处
职位简介：从事所在地信息通信发展规划、网络建设相关工作
专业要求：电子科学与技术(0809)、信息与通信工程(0810)、计算机科学与技术(0812)、软件工程(0835)、网络空间安全(0839)
学历要求：硕士研究生及以上
学位要求：与最高学历相对应的学位
政治面貌：中共党员
基层工作经历：二年
考试类别：中央机关及其省级直属机构综合管理类
备注：具有2年及以上信息通信领域工作经历；本科及以上学习阶段均要求取得毕业证和学位证；职位要求专业为报考者研究生所学专业，专业分类参照《研究生教育学科专业目录》，含相应的专业硕士专业。","https://www.xjhc.gov.cn/xjhc/c116834/202410/a29382e11a674da3be3353af65f9fcc5.shtml#107117-300110005001","2024-10-14","{""dataset_year"":2025,""job_uid"":""GOV-2025-107117-300110005001"",""publisher"":""国家公务员局"",""publication_page"":""https://www.xjhc.gov.cn/xjhc/c116834/202410/a29382e11a674da3be3353af65f9fcc5.shtml"",""attachment_url"":""https://www.xjhc.gov.cn/xjhc/c116834/202410/a29382e11a674da3be3353af65f9fcc5/files/0536cef86e2b46ddad6aae5a3780089e.xls"",""local_source_file"":""2025_guokao_zhaokaojianzhang.xls"",""local_source_sha256"":""07ae6cab368cd21b7a1ac3e8150fe9a3d39ad5171ce76135ff3cccfe50c3e77e"",""source_sheet"":""中央国家行政机关省级以下直属机构"",""filter_version"":""government_tech_v2"",""tech_filter"":{""is_tech"":true,""is_core_tech"":true,""scope"":""core"",""categories"":[""computer_software"",""cybersecurity_cryptography"",""electronics_communication""],""matched_fields"":[""major"",""office"",""description"",""remarks""],""major_terms"":[""信息与通信工程"",""电子科学与技术"",""网络空间安全"",""计算机科学与技术"",""软件工程"",""通信工程""],""role_terms"":[""信息通信""],""reason"":""tech_major_and_role""},""original"":{""部门代码"":""107117"",""部门名称"":""湖北省通信管理局"",""用人司局"":""信息通信发展处"",""机构性质"":""中央国家行政机关省级以下直属机构"",""招考职位"":""一级主任科员及以下"",""职位属性"":""普通职位"",""职位分布"":""其他职位"",""职位简介"":""从事所在地信息通信发展规划、网络建设相关工作"",""职位代码"":""300110005001"",""机构层级"":""省（副省）级"",""考试类别"":""中央机关及其省级直属机构综合管理类"",""招考人数"":""1"",""专业"":""电子科学与技术(0809)、信息与通信工程(0810)、计算机科学与技术(0812)、软件工程(0835)、网络空间安全(0839)"",""学历"":""硕士研究生及以上"",""学位"":""与最高学历相对应的学位"",""政治面貌"":""中共党员"",""基层工作最低年限"":""二年"",""服务基层项目工作经历"":""无限制"",""是否在面试阶段组织专业能力测试"":""否"",""面试人员比例"":""5:1"",""工作地点"":""湖北省武汉市"",""落户地点"":""湖北省武汉市"",""备注"":""具有2年及以上信息通信领域工作经历；本科及以上学习阶段均要求取得毕业证和学位证；职位要求专业为报考者研究生所学专业，专业分类参照《研究生教育学科专业目录》，含相应的专业硕士专业。"",""部门网站"":""http://hubca.miit.gov.cn/"",""咨询电话1"":""010-68208718"",""咨询电话2"":""010-68207836"",""咨询电话3"":"""",""来源Sheet"":""中央国家行政机关省级以下直属机构""}}"
"government_jobs","国家公务员2025招考简章","公务员/事业单位技术岗位","广东省深圳市","2026-07-28T09:12:58.310295+00:00","一级主任科员及以下","广东省通信管理局","","广东省深圳市","公务员/事业单位;2025;computer_software;electronics_communication;硕士研究生及以上;与最高学历相对应的学位;电子科学与技术（0809 ）、信息与通信工程（0810）、 计算机科学与技术（0812）;中央机关及其省级直属机构综合管理类","用人司局：深圳市通信管理局综合业务处
职位简介：从事所在地区信息通信行业市场监管相关工作
专业要求：电子科学与技术（0809 ）、信息与通信工程（0810）、 计算机科学与技术（0812）
学历要求：硕士研究生及以上
学位要求：与最高学历相对应的学位
政治面貌：不限
基层工作经历：二年
考试类别：中央机关及其省级直属机构综合管理类
备注：本科及以上学习阶段均要求取得毕业证和学位证；职位要求专业为报考者研究生所学专业，专业分类参照《研究生教育学科专业目录》，含相应的专业硕士专业。","https://www.xjhc.gov.cn/xjhc/c116834/202410/a29382e11a674da3be3353af65f9fcc5.shtml#107119-300110003001","2024-10-14","{""dataset_year"":2025,""job_uid"":""GOV-2025-107119-300110003001"",""publisher"":""国家公务员局"",""publication_page"":""https://www.xjhc.gov.cn/xjhc/c116834/202410/a29382e11a674da3be3353af65f9fcc5.shtml"",""attachment_url"":""https://www.xjhc.gov.cn/xjhc/c116834/202410/a29382e11a674da3be3353af65f9fcc5/files/0536cef86e2b46ddad6aae5a3780089e.xls"",""local_source_file"":""2025_guokao_zhaokaojianzhang.xls"",""local_source_sha256"":""07ae6cab368cd21b7a1ac3e8150fe9a3d39ad5171ce76135ff3cccfe50c3e77e"",""source_sheet"":""中央国家行政机关省级以下直属机构"",""filter_version"":""government_tech_v2"",""tech_filter"":{""is_tech"":true,""is_core_tech"":true,""scope"":""core"",""categories"":[""computer_software"",""electronics_communication""],""matched_fields"":[""major"",""office"",""description""],""major_terms"":[""信息与通信工程"",""电子科学与技术"",""计算机科学与技术"",""通信工程""],""role_terms"":[""信息通信"",""通信管理"",""通信行业""],""reason"":""tech_major_and_role""},""original"":{""部门代码"":""107119"",""部门名称"":""广东省通信管理局"",""用人司局"":""深圳市通信管理局综合业务处"",""机构性质"":""中央国家行政机关省级以下直属机构"",""招考职位"":""一级主任科员及以下"",""职位属性"":""普通职位"",""职位分布"":""其他职位"",""职位简介"":""从事所在地区信息通信行业市场监管相关工作"",""职位代码"":""300110003001"",""机构层级"":""省（副省）级"",""考试类别"":""中央机关及其省级直属机构综合管理类"",""招考人数"":""1"",""专业"":""电子科学与技术（0809 ）、信息与通信工程（0810）、 计算机科学与技术（0812）"",""学历"":""硕士研究生及以上"",""学位"":""与最高学历相对应的学位"",""政治面貌"":""不限"",""基层工作最低年限"":""二年"",""服务基层项目工作经历"":""无限制"",""是否在面试阶段组织专业能力测试"":""否"",""面试人员比例"":""5:1"",""工作地点"":""广东省深圳市"",""落户地点"":""广东省深圳市"",""备注"":""本科及以上学习阶段均要求取得毕业证和学位证；职位要求专业为报考者研究生所学专业，专业分类参照《研究生教育学科专业目录》，含相应的专业硕士专业。"",""部门网站"":""https://gdca.miit.gov.cn/"",""咨询电话1"":""010-68208718"",""咨询电话2"":""010-68207836"",""咨询电话3"":"""",""来源Sheet"":""中央国家行政机关省级以下直属机构""}}"
"government_jobs","国家公务员2025招考简章","公务员/事业单位技术岗位","云南省昆明市","2026-07-28T09:12:58.310295+00:00","一级主任科员及以下","云南省通信管理局","","云南省昆明市","公务员/事业单位;2025;computer_software;cybersecurity_cryptography;electronics_communication;硕士研究生及以上;与最高学历相对应的学位;电子科学与技术(0809)、信息与通信工程(0810)、计算机科学与技术(0812)、软件工程(0835)、网络空间安全(0839);中央机关及其省级直属机构综合管理类","用人司局：业务处室
职位简介：从事所在地信息通信发展规划、行业市场监管、网络建设相关工作
专业要求：电子科学与技术(0809)、信息与通信工程(0810)、计算机科学与技术(0812)、软件工程(0835)、网络空间安全(0839)
学历要求：硕士研究生及以上
学位要求：与最高学历相对应的学位
政治面貌：中共党员
基层工作经历：二年
考试类别：中央机关及其省级直属机构综合管理类
备注：本科及以上学习阶段均要求取得毕业证和学位证；职位要求专业为报考者研究生所学专业，专业分类参照《研究生教育学科专业目录》，含相应的专业硕士专业。","https://www.xjhc.gov.cn/xjhc/c116834/202410/a29382e11a674da3be3353af65f9fcc5.shtml#107125-300110004001","2024-10-14","{""dataset_year"":2025,""job_uid"":""GOV-2025-107125-300110004001"",""publisher"":""国家公务员局"",""publication_page"":""https://www.xjhc.gov.cn/xjhc/c116834/202410/a29382e11a674da3be3353af65f9fcc5.shtml"",""attachment_url"":""https://www.xjhc.gov.cn/xjhc/c116834/202410/a29382e11a674da3be3353af65f9fcc5/files/0536cef86e2b46ddad6aae5a3780089e.xls"",""local_source_file"":""2025_guokao_zhaokaojianzhang.xls"",""local_source_sha256"":""07ae6cab368cd21b7a1ac3e8150fe9a3d39ad5171ce76135ff3cccfe50c3e77e"",""source_sheet"":""中央国家行政机关省级以下直属机构"",""filter_version"":""government_tech_v2"",""tech_filter"":{""is_tech"":true,""is_core_tech"":true,""scope"":""core"",""categories"":[""computer_software"",""cybersecurity_cryptography"",""electronics_communication""],""matched_fields"":[""major"",""description""],""major_terms"":[""信息与通信工程"",""电子科学与技术"",""网络空间安全"",""计算机科学与技术"",""软件工程"",""通信工程""],""role_terms"":[""信息通信""],""reason"":""tech_major_and_role""},""original"":{""部门代码"":""107125"",""部门名称"":""云南省通信管理局"",""用人司局"":""业务处室"",""机构性质"":""中央国家行政机关省级以下直属机构"",""招考职位"":""一级主任科员及以下"",""职位属性"":""普通职位"",""职位分布"":""其他职位"",""职位简介"":""从事所在地信息通信发展规划、行业市场监管、网络建设相关工作"",""职位代码"":""300110004001"",""机构层级"":""省（副省）级"",""考试类别"":""中央机关及其省级直属机构综合管理类"",""招考人数"":""1"",""专业"":""电子科学与技术(0809)、信息与通信工程(0810)、计算机科学与技术(0812)、软件工程(0835)、网络空间安全(0839)"",""学历"":""硕士研究生及以上"",""学位"":""与最高学历相对应的学位"",""政治面貌"":""中共党员"",""基层工作最低年限"":""二年"",""服务基层项目工作经历"":""无限制"",""是否在面试阶段组织专业能力测试"":""否"",""面试人员比例"":""5:1"",""工作地点"":""云南省昆明市"",""落户地点"":""云南省昆明市"",""备注"":""本科及以上学习阶段均要求取得毕业证和学位证；职位要求专业为报考者研究生所学专业，专业分类参照《研究生教育学科专业目录》，含相应的专业硕士专业。"",""部门网站"":""https://ynca.miit.gov.cn/"",""咨询电话1"":""010-68208718"",""咨询电话2"":""010-68207836"",""咨询电话3"":"""",""来源Sheet"":""中央国家行政机关省级以下直属机构""}}"
"government_jobs","国家公务员2025招考简章","公务员/事业单位技术岗位","甘肃省兰州市","2026-07-28T09:12:58.310295+00:00","一级主任科员及以下","甘肃省通信管理局","","甘肃省兰州市","公务员/事业单位;2025;computer_software;electronics_communication;硕士研究生及以上;与最高学历相对应的学位;电子科学与技术(0809)、信息与通信工程(0810)、计算机科学与技术(0812);中央机关及其省级直属机构综合管理类","用人司局：信息通信管理处
职位简介：从事所在地信息通信行业市场监管相关工作
专业要求：电子科学与技术(0809)、信息与通信工程(0810)、计算机科学与技术(0812)
学历要求：硕士研究生及以上
学位要求：与最高学历相对应的学位
政治面貌：不限
基层工作经历：二年
考试类别：中央机关及其省级直属机构综合管理类
备注：具有2年及以上信息通信领域或互联网行业相关专业技术工作经历；本科及以上学习阶段均要求取得毕业证和学位证；职位要求专业为报考者研究生所学专业，专业分类参照《研究生教育学科专业目录》，含相应的专业硕士专业。","https://www.xjhc.gov.cn/xjhc/c116834/202410/a29382e11a674da3be3353af65f9fcc5.shtml#107128-300110005001","2024-10-14","{""dataset_year"":2025,""job_uid"":""GOV-2025-107128-300110005001"",""publisher"":""国家公务员局"",""publication_page"":""https://www.xjhc.gov.cn/xjhc/c116834/202410/a29382e11a674da3be3353af65f9fcc5.shtml"",""attachment_url"":""https://www.xjhc.gov.cn/xjhc/c116834/202410/a29382e11a674da3be3353af65f9fcc5/files/0536cef86e2b46ddad6aae5a3780089e.xls"",""local_source_file"":""2025_guokao_zhaokaojianzhang.xls"",""local_source_sha256"":""07ae6cab368cd21b7a1ac3e8150fe9a3d39ad5171ce76135ff3cccfe50c3e77e"",""source_sheet"":""中央国家行政机关省级以下直属机构"",""filter_version"":""government_tech_v2"",""tech_filter"":{""is_tech"":true,""is_core_tech"":true,""scope"":""core"",""categories"":[""computer_software"",""electronics_communication""],""matched_fields"":[""major"",""office"",""description"",""remarks""],""major_terms"":[""信息与通信工程"",""电子科学与技术"",""计算机科学与技术"",""通信工程""],""role_terms"":[""互联网"",""信息通信"",""通信管理"",""通信行业""],""reason"":""tech_major_and_role""},""original"":{""部门代码"":""107128"",""部门名称"":""甘肃省通信管理局"",""用人司局"":""信息通信管理处"",""机构性质"":""中央国家行政机关省级以下直属机构"",""招考职位"":""一级主任科员及以下"",""职位属性"":""普通职位"",""职位分布"":""其他职位"",""职位简介"":""从事所在地信息通信行业市场监管相关工作"",""职位代码"":""300110005001"",""机构层级"":""省（副省）级"",""考试类别"":""中央机关及其省级直属机构综合管理类"",""招考人数"":""1"",""专业"":""电子科学与技术(0809)、信息与通信工程(0810)、计算机科学与技术(0812)"",""学历"":""硕士研究生及以上"",""学位"":""与最高学历相对应的学位"",""政治面貌"":""不限"",""基层工作最低年限"":""二年"",""服务基层项目工作经历"":""无限制"",""是否在面试阶段组织专业能力测试"":""否"",""面试人员比例"":""5:1"",""工作地点"":""甘肃省兰州市"",""落户地点"":""甘肃省兰州市"",""备注"":""具有2年及以上信息通信领域或互联网行业相关专业技术工作经历；本科及以上学习阶段均要求取得毕业证和学位证；职位要求专业为报考者研究生所学专业，专业分类参照《研究生教育学科专业目录》，含相应的专业硕士专业。"",""部门网站"":""https://gsca.miit.gov.cn/"",""咨询电话1"":""010-68208718"",""咨询电话2"":""010-68207836"",""咨询电话3"":"""",""来源Sheet"":""中央国家行政机关省级以下直属机构""}}"
"government_jobs","国家公务员2025招考简章","公务员/事业单位技术岗位","青海省西宁市","2026-07-28T09:12:58.310295+00:00","一级主任科员及以下","青海省通信管理局","","青海省西宁市","公务员/事业单位;2025;computer_software;cybersecurity_cryptography;electronics_communication;本科及以上;与最高学历相对应的学位;本科为电子信息类（0807）、计算机类（0809），或研究生为电子科学与技术（0809）、信息与通信工程（0810）、计算机科学与技术（0812）、软件工程（0835）、网络空间安全(0839);中央机关及其省级直属机构综合管理类","用人司局：网络安全管理处
职位简介：从事所在地网络和信息安全管理相关工作
专业要求：本科为电子信息类（0807）、计算机类（0809），或研究生为电子科学与技术（0809）、信息与通信工程（0810）、计算机科学与技术（0812）、软件工程（0835）、网络空间安全(0839)
学历要求：本科及以上
学位要求：与最高学历相对应的学位
政治面貌：不限
基层工作经历：二年
考试类别：中央机关及其省级直属机构综合管理类
备注：本科及以上学习阶段均要求取得毕业证和学位证；职位要求专业为报考者本科或研究生所学专业，本科专业参照《普通高等学校本科专业目录》，研究生专业参照《研究生教育学科专业目录》（含相应的专业硕士专业）。","https://www.xjhc.gov.cn/xjhc/c116834/202410/a29382e11a674da3be3353af65f9fcc5.shtml#107129-300110001001","2024-10-14","{""dataset_year"":2025,""job_uid"":""GOV-2025-107129-300110001001"",""publisher"":""国家公务员局"",""publication_page"":""https://www.xjhc.gov.cn/xjhc/c116834/202410/a29382e11a674da3be3353af65f9fcc5.shtml"",""attachment_url"":""https://www.xjhc.gov.cn/xjhc/c116834/202410/a29382e11a674da3be3353af65f9fcc5/files/0536cef86e2b46ddad6aae5a3780089e.xls"",""local_source_file"":""2025_guokao_zhaokaojianzhang.xls"",""local_source_sha256"":""07ae6cab368cd21b7a1ac3e8150fe9a3d39ad5171ce76135ff3cccfe50c3e77e"",""source_sheet"":""中央国家行政机关省级以下直属机构"",""filter_version"":""government_tech_v2"",""tech_filter"":{""is_tech"":true,""is_core_tech"":true,""scope"":""core"",""categories"":[""computer_software"",""cybersecurity_cryptography"",""electronics_communication""],""matched_fields"":[""major"",""office"",""description""],""major_terms"":[""信息与通信工程"",""电子信息类"",""电子科学与技术"",""网络空间安全"",""计算机科学与技术"",""计算机类"",""软件工程"",""通信工程""],""role_terms"":[""信息安全"",""网络安全""],""reason"":""tech_major_and_role""},""original"":{""部门代码"":""107129"",""部门名称"":""青海省通信管理局"",""用人司局"":""网络安全管理处"",""机构性质"":""中央国家行政机关省级以下直属机构"",""招考职位"":""一级主任科员及以下"",""职位属性"":""普通职位"",""职位分布"":""其他职位"",""职位简介"":""从事所在地网络和信息安全管理相关工作"",""职位代码"":""300110001001"",""机构层级"":""省（副省）级"",""考试类别"":""中央机关及其省级直属机构综合管理类"",""招考人数"":""1"",""专业"":""本科为电子信息类（0807）、计算机类（0809），或研究生为电子科学与技术（0809）、信息与通信工程（0810）、计算机科学与技术（0812）、软件工程（0835）、网络空间安全(0839)"",""学历"":""本科及以上"",""学位"":""与最高学历相对应的学位"",""政治面貌"":""不限"",""基层工作最低年限"":""二年"",""服务基层项目工作经历"":""无限制"",""是否在面试阶段组织专业能力测试"":""否"",""面试人员比例"":""5:1"",""工作地点"":""青海省西宁市"",""落户地点"":""青海省西宁市"",""备注"":""本科及以上学习阶段均要求取得毕业证和学位证；职位要求专业为报考者本科或研究生所学专业，本科专业参照《普通高等学校本科专业目录》，研究生专业参照《研究生教育学科专业目录》（含相应的专业硕士专业）。"",""部门网站"":""https://qhca.miit.gov.cn/"",""咨询电话1"":""010-68208718"",""咨询电话2"":""010-68207836"",""咨询电话3"":"""",""来源Sheet"":""中央国家行政机关省级以下直属机构""}}"
"government_jobs","国家公务员2025招考简章","公务员/事业单位技术岗位","新疆维吾尔自治区乌鲁木齐市","2026-07-28T09:12:58.310295+00:00","一级主任科员及以下","新疆维吾尔自治区通信管理局","","新疆维吾尔自治区乌鲁木齐市","公务员/事业单位;2025;computer_software;cybersecurity_cryptography;electronics_communication;本科及以上;与最高学历相对应的学位;本科为电子信息类（0807）、计算机类（0809），或研究生为电子科学与技术（0809）、信息与通信工程（0810）、计算机科学与技术（0812）、软件工程（0835）、网络空间安全(0839);中央机关及其省级直属机构综合管理类","用人司局：信息通信发展处
职位简介：从事所在地信息通信发展规划、网络建设相关工作
专业要求：本科为电子信息类（0807）、计算机类（0809），或研究生为电子科学与技术（0809）、信息与通信工程（0810）、计算机科学与技术（0812）、软件工程（0835）、网络空间安全(0839)
学历要求：本科及以上
学位要求：与最高学历相对应的学位
政治面貌：不限
基层工作经历：二年
考试类别：中央机关及其省级直属机构综合管理类
备注：仅限新疆地区户籍或生源的考生报考；本科及以上学习阶段均要求取得毕业证和学位证；职位要求专业为报考者本科或研究生所学专业，本科专业参照《普通高等学校本科专业目录》，研究生专业参照《研究生教育学科专业目录》（含相应的专业硕士专业）。","https://www.xjhc.gov.cn/xjhc/c116834/202410/a29382e11a674da3be3353af65f9fcc5.shtml#107131-300110004001","2024-10-14","{""dataset_year"":2025,""job_uid"":""GOV-2025-107131-300110004001"",""publisher"":""国家公务员局"",""publication_page"":""https://www.xjhc.gov.cn/xjhc/c116834/202410/a29382e11a674da3be3353af65f9fcc5.shtml"",""attachment_url"":""https://www.xjhc.gov.cn/xjhc/c116834/202410/a29382e11a674da3be3353af65f9fcc5/files/0536cef86e2b46ddad6aae5a3780089e.xls"",""local_source_file"":""2025_guokao_zhaokaojianzhang.xls"",""local_source_sha256"":""07ae6cab368cd21b7a1ac3e8150fe9a3d39ad5171ce76135ff3cccfe50c3e77e"",""source_sheet"":""中央国家行政机关省级以下直属机构"",""filter_version"":""government_tech_v2"",""tech_filter"":{""is_tech"":true,""is_core_tech"":true,""scope"":""core"",""categories"":[""computer_software"",""cybersecurity_cryptography"",""electronics_communication""],""matched_fields"":[""major"",""office"",""description""],""major_terms"":[""信息与通信工程"",""电子信息类"",""电子科学与技术"",""网络空间安全"",""计算机科学与技术"",""计算机类"",""软件工程"",""通信工程""],""role_terms"":[""信息通信""],""reason"":""tech_major_and_role""},""original"":{""部门代码"":""107131"",""部门名称"":""新疆维吾尔自治区通信管理局"",""用人司局"":""信息通信发展处"",""机构性质"":""中央国家行政机关省级以下直属机构"",""招考职位"":""一级主任科员及以下"",""职位属性"":""普通职位"",""职位分布"":""其他职位"",""职位简介"":""从事所在地信息通信发展规划、网络建设相关工作"",""职位代码"":""300110004001"",""机构层级"":""省（副省）级"",""考试类别"":""中央机关及其省级直属机构综合管理类"",""招考人数"":""1"",""专业"":""本科为电子信息类（0807）、计算机类（0809），或研究生为电子科学与技术（0809）、信息与通信工程（0810）、计算机科学与技术（0812）、软件工程（0835）、网络空间安全(0839)"",""学历"":""本科及以上"",""学位"":""与最高学历相对应的学位"",""政治面貌"":""不限"",""基层工作最低年限"":""二年"",""服务基层项目工作经历"":""无限制"",""是否在面试阶段组织专业能力测试"":""否"",""面试人员比例"":""5:1"",""工作地点"":""新疆维吾尔自治区乌鲁木齐市"",""落户地点"":""新疆维吾尔自治区乌鲁木齐市"",""备注"":""仅限新疆地区户籍或生源的考生报考；本科及以上学习阶段均要求取得毕业证和学位证；职位要求专业为报考者本科或研究生所学专业，本科专业参照《普通高等学校本科专业目录》，研究生专业参照《研究生教育学科专业目录》（含相应的专业硕士专业）。"",""部门网站"":""http://xjca.miit.gov.cn/"",""咨询电话1"":""010-68208718"",""咨询电话2"":""010-68207836"",""咨询电话3"":"""",""来源Sheet"":""中央国家行政机关省级以下直属机构""}}"
"government_jobs","国家公务员2025招考简章","公务员/事业单位技术岗位","北京市","2026-07-28T09:12:58.310295+00:00","十三处一级警长及以下","公安部","","北京市","公务员/事业单位;2025;automation_robotics;computer_software;cybersecurity_cryptography;electronics_communication;硕士研究生及以上;与最高学历相对应的学位;0810信息与通信工程、0811控制科学与工程、0812计算机科学与技术、0839网络空间安全;行政执法类","用人司局：机关司局十一
职位简介：主要从事信息化建设和执法办案等工作
专业要求：0810信息与通信工程、0811控制科学与工程、0812计算机科学与技术、0839网络空间安全
学历要求：硕士研究生及以上
学位要求：与最高学历相对应的学位
政治面貌：中共党员或共青团员
基层工作经历：无限制
考试类别：行政执法类
备注：1.咨询电话：010-66266791。2.职位要求专业为报考者最高学历对应专业。3.非应届毕业生应为具有2年以上工作经历的国有企事业单位在职人员。4.工作强度大、任务重，限男性。5.按照招录人民警察要求开展体能测评。6.符合公安部网站补充公告有关要求。","https://www.xjhc.gov.cn/xjhc/c116834/202410/a29382e11a674da3be3353af65f9fcc5.shtml#109000-200130111002","2024-10-14","{""dataset_year"":2025,""job_uid"":""GOV-2025-109000-200130111002"",""publisher"":""国家公务员局"",""publication_page"":""https://www.xjhc.gov.cn/xjhc/c116834/202410/a29382e11a674da3be3353af65f9fcc5.shtml"",""attachment_url"":""https://www.xjhc.gov.cn/xjhc/c116834/202410/a29382e11a674da3be3353af65f9fcc5/files/0536cef86e2b46ddad6aae5a3780089e.xls"",""local_source_file"":""2025_guokao_zhaokaojianzhang.xls"",""local_source_sha256"":""07ae6cab368cd21b7a1ac3e8150fe9a3d39ad5171ce76135ff3cccfe50c3e77e"",""source_sheet"":""中央国家行政机关（本级）"",""filter_version"":""government_tech_v2"",""tech_filter"":{""is_tech"":true,""is_core_tech"":true,""scope"":""core"",""categories"":[""automation_robotics"",""computer_software"",""cybersecurity_cryptography"",""electronics_communication""],""matched_fields"":[""major"",""description""],""major_terms"":[""信息与通信工程"",""控制科学与工程"",""网络空间安全"",""计算机科学与技术"",""通信工程""],""role_terms"":[""信息化""],""reason"":""tech_major_and_role""},""original"":{""部门代码"":""109000"",""部门名称"":""公安部"",""用人司局"":""机关司局十一"",""机构性质"":""中央国家行政机关（本级）"",""招考职位"":""十三处一级警长及以下"",""职位属性"":""公安机关人民警察职位"",""职位分布"":""其他职位"",""职位简介"":""主要从事信息化建设和执法办案等工作"",""职位代码"":""200130111002"",""机构层级"":""中央"",""考试类别"":""行政执法类"",""招考人数"":""2"",""专业"":""0810信息与通信工程、0811控制科学与工程、0812计算机科学与技术、0839网络空间安全"",""学历"":""硕士研究生及以上"",""学位"":""与最高学历相对应的学位"",""政治面貌"":""中共党员或共青团员"",""基层工作最低年限"":""无限制"",""服务基层项目工作经历"":""无限制"",""是否在面试阶段组织专业能力测试"":""否"",""面试人员比例"":""5:1"",""工作地点"":""北京市"",""落户地点"":""北京市"",""备注"":""1.咨询电话：010-66266791。2.职位要求专业为报考者最高学历对应专业。3.非应届毕业生应为具有2年以上工作经历的国有企事业单位在职人员。4.工作强度大、任务重，限男性。5.按照招录人民警察要求开展体能测评。6.符合公安部网站补充公告有关要求。"",""部门网站"":""http://www.mps.gov.cn/"",""咨询电话1"":""010-66261515"",""咨询电话2"":"""",""咨询电话3"":"""",""来源Sheet"":""中央国家行政机关（本级）""}}"
"government_jobs","国家公务员2025招考简章","公务员/事业单位技术岗位","北京市","2026-07-28T09:12:58.310295+00:00","五处一级警长及以下","公安部","","北京市","公务员/事业单位;2025;computer_software;electronics_communication;硕士研究生及以上;与最高学历相对应的学位;0810信息与通信工程、0812计算机科学与技术、0835软件工程、0854电子信息（通信和计算机类）;行政执法类","用人司局：机关司局十八
职位简介：主要从事刑事羁押、信息化建设等工作
专业要求：0810信息与通信工程、0812计算机科学与技术、0835软件工程、0854电子信息（通信和计算机类）
学历要求：硕士研究生及以上
学位要求：与最高学历相对应的学位
政治面貌：中共党员或共青团员
基层工作经历：无限制
考试类别：行政执法类
备注：1.咨询电话：010-66262688。2.职位要求专业为报考者最高学历对应专业。3.非应届毕业生应为具有2年以上工作经历的国有企事业单位在职人员。4.工作强度大、任务重，限男性。5.按照招录人民警察要求开展体能测评。6.符合公安部网站补充公告有关要求。","https://www.xjhc.gov.cn/xjhc/c116834/202410/a29382e11a674da3be3353af65f9fcc5.shtml#109000-200130118004","2024-10-14","{""dataset_year"":2025,""job_uid"":""GOV-2025-109000-200130118004"",""publisher"":""国家公务员局"",""publication_page"":""https://www.xjhc.gov.cn/xjhc/c116834/202410/a29382e11a674da3be3353af65f9fcc5.shtml"",""attachment_url"":""https://www.xjhc.gov.cn/xjhc/c116834/202410/a29382e11a674da3be3353af65f9fcc5/files/0536cef86e2b46ddad6aae5a3780089e.xls"",""local_source_file"":""2025_guokao_zhaokaojianzhang.xls"",""local_source_sha256"":""07ae6cab368cd21b7a1ac3e8150fe9a3d39ad5171ce76135ff3cccfe50c3e77e"",""source_sheet"":""中央国家行政机关（本级）"",""filter_version"":""government_tech_v2"",""tech_filter"":{""is_tech"":true,""is_core_tech"":true,""scope"":""core"",""categories"":[""computer_software"",""electronics_communication""],""matched_fields"":[""major"",""description""],""major_terms"":[""信息与通信工程"",""电子信息"",""计算机科学与技术"",""计算机类"",""软件工程"",""通信工程""],""role_terms"":[""信息化""],""reason"":""tech_major_and_role""},""original"":{""部门代码"":""109000"",""部门名称"":""公安部"",""用人司局"":""机关司局十八"",""机构性质"":""中央国家行政机关（本级）"",""招考职位"":""五处一级警长及以下"",""职位属性"":""公安机关人民警察职位"",""职位分布"":""其他职位"",""职位简介"":""主要从事刑事羁押、信息化建设等工作"",""职位代码"":""200130118004"",""机构层级"":""中央"",""考试类别"":""行政执法类"",""招考人数"":""1"",""专业"":""0810信息与通信工程、0812计算机科学与技术、0835软件工程、0854电子信息（通信和计算机类）"",""学历"":""硕士研究生及以上"",""学位"":""与最高学历相对应的学位"",""政治面貌"":""中共党员或共青团员"",""基层工作最低年限"":""无限制"",""服务基层项目工作经历"":""无限制"",""是否在面试阶段组织专业能力测试"":""否"",""面试人员比例"":""5:1"",""工作地点"":""北京市"",""落户地点"":""北京市"",""备注"":""1.咨询电话：010-66262688。2.职位要求专业为报考者最高学历对应专业。3.非应届毕业生应为具有2年以上工作经历的国有企事业单位在职人员。4.工作强度大、任务重，限男性。5.按照招录人民警察要求开展体能测评。6.符合公安部网站补充公告有关要求。"",""部门网站"":""http://www.mps.gov.cn/"",""咨询电话1"":""010-66261515"",""咨询电话2"":"""",""咨询电话3"":"""",""来源Sheet"":""中央国家行政机关（本级）""}}"
"government_jobs","国家公务员2025招考简章","公务员/事业单位技术岗位","北京市","2026-07-28T09:12:58.310295+00:00","九处一级警长及以下","公安部","","北京市","公务员/事业单位;2025;computer_software;electronics_communication;硕士研究生及以上;与最高学历相对应的学位;0812计算机科学与技术、0835软件工程、0837安全科学与工程、0854电子信息（计算机类）;行政执法类","用人司局：机关司局十九
职位简介：主要从事案件侦办和信息化建设等工作
专业要求：0812计算机科学与技术、0835软件工程、0837安全科学与工程、0854电子信息（计算机类）
学历要求：硕士研究生及以上
学位要求：与最高学历相对应的学位
政治面貌：中共党员或共青团员
基层工作经历：无限制
考试类别：行政执法类
备注：1.咨询电话：010-65194040。2.职位要求专业为报考者最高学历对应专业。3.非应届毕业生应为具有2年以上工作经历的国有企事业单位在职人员。4.工作强度大、任务重，限男性。5.按照招录人民警察要求开展体能测评。6.符合公安部网站补充公告有关要求。","https://www.xjhc.gov.cn/xjhc/c116834/202410/a29382e11a674da3be3353af65f9fcc5.shtml#109000-200130119001","2024-10-14","{""dataset_year"":2025,""job_uid"":""GOV-2025-109000-200130119001"",""publisher"":""国家公务员局"",""publication_page"":""https://www.xjhc.gov.cn/xjhc/c116834/202410/a29382e11a674da3be3353af65f9fcc5.shtml"",""attachment_url"":""https://www.xjhc.gov.cn/xjhc/c116834/202410/a29382e11a674da3be3353af65f9fcc5/files/0536cef86e2b46ddad6aae5a3780089e.xls"",""local_source_file"":""2025_guokao_zhaokaojianzhang.xls"",""local_source_sha256"":""07ae6cab368cd21b7a1ac3e8150fe9a3d39ad5171ce76135ff3cccfe50c3e77e"",""source_sheet"":""中央国家行政机关（本级）"",""filter_version"":""government_tech_v2"",""tech_filter"":{""is_tech"":true,""is_core_tech"":true,""scope"":""core"",""categories"":[""computer_software"",""electronics_communication""],""matched_fields"":[""major"",""description""],""major_terms"":[""电子信息"",""计算机科学与技术"",""计算机类"",""软件工程""],""role_terms"":[""信息化""],""reason"":""tech_major_and_role""},""original"":{""部门代码"":""109000"",""部门名称"":""公安部"",""用人司局"":""机关司局十九"",""机构性质"":""中央国家行政机关（本级）"",""招考职位"":""九处一级警长及以下"",""职位属性"":""公安机关人民警察职位"",""职位分布"":""其他职位"",""职位简介"":""主要从事案件侦办和信息化建设等工作"",""职位代码"":""200130119001"",""机构层级"":""中央"",""考试类别"":""行政执法类"",""招考人数"":""2"",""专业"":""0812计算机科学与技术、0835软件工程、0837安全科学与工程、0854电子信息（计算机类）"",""学历"":""硕士研究生及以上"",""学位"":""与最高学历相对应的学位"",""政治面貌"":""中共党员或共青团员"",""基层工作最低年限"":""无限制"",""服务基层项目工作经历"":""无限制"",""是否在面试阶段组织专业能力测试"":""否"",""面试人员比例"":""5:1"",""工作地点"":""北京市"",""落户地点"":""北京市"",""备注"":""1.咨询电话：010-65194040。2.职位要求专业为报考者最高学历对应专业。3.非应届毕业生应为具有2年以上工作经历的国有企事业单位在职人员。4.工作强度大、任务重，限男性。5.按照招录人民警察要求开展体能测评。6.符合公安部网站补充公告有关要求。"",""部门网站"":""http://www.mps.gov.cn/"",""咨询电话1"":""010-66261515"",""咨询电话2"":"""",""咨询电话3"":"""",""来源Sheet"":""中央国家行政机关（本级）""}}"
"government_jobs","国家公务员2025招考简章","公务员/事业单位技术岗位","北京市","2026-07-28T09:12:58.310295+00:00","七处一级主任科员及以下（二）","公安部","","北京市","公务员/事业单位;2025;computer_software;cybersecurity_cryptography;electronics_communication;仅限硕士研究生;硕士;0711系统科学、0810信息与通信工程、0812计算机科学与技术、0835软件工程、0839网络空间安全、0854电子信息、1405智能科学与技术;中央机关及其省级直属机构综合管理类","用人司局：机关司局二十
职位简介：主要从事信息化建设及管理等工作
专业要求：0711系统科学、0810信息与通信工程、0812计算机科学与技术、0835软件工程、0839网络空间安全、0854电子信息、1405智能科学与技术
学历要求：仅限硕士研究生
学位要求：硕士
政治面貌：中共党员或共青团员
基层工作经历：二年
考试类别：中央机关及其省级直属机构综合管理类
备注：1.咨询电话：010-64091767。2.职位要求专业为报考者最高学历对应专业。3.非应届毕业生应为具有2年以上工作经历的国有企事业单位在职人员。4.工作强度大、任务重，限男性。5.大学英语六级考试成绩425分及以上。6.按照招录人民警察要求开展体能测评。7.符合公安部网站补充公告有关要求。","https://www.xjhc.gov.cn/xjhc/c116834/202410/a29382e11a674da3be3353af65f9fcc5.shtml#109000-200130120004","2024-10-14","{""dataset_year"":2025,""job_uid"":""GOV-2025-109000-200130120004"",""publisher"":""国家公务员局"",""publication_page"":""https://www.xjhc.gov.cn/xjhc/c116834/202410/a29382e11a674da3be3353af65f9fcc5.shtml"",""attachment_url"":""https://www.xjhc.gov.cn/xjhc/c116834/202410/a29382e11a674da3be3353af65f9fcc5/files/0536cef86e2b46ddad6aae5a3780089e.xls"",""local_source_file"":""2025_guokao_zhaokaojianzhang.xls"",""local_source_sha256"":""07ae6cab368cd21b7a1ac3e8150fe9a3d39ad5171ce76135ff3cccfe50c3e77e"",""source_sheet"":""中央国家行政机关（本级）"",""filter_version"":""government_tech_v2"",""tech_filter"":{""is_tech"":true,""is_core_tech"":true,""scope"":""core"",""categories"":[""computer_software"",""cybersecurity_cryptography"",""electronics_communication""],""matched_fields"":[""major"",""description""],""major_terms"":[""信息与通信工程"",""智能科学与技术"",""电子信息"",""网络空间安全"",""计算机科学与技术"",""软件工程"",""通信工程""],""role_terms"":[""信息化""],""reason"":""tech_major_and_role""},""original"":{""部门代码"":""109000"",""部门名称"":""公安部"",""用人司局"":""机关司局二十"",""机构性质"":""中央国家行政机关（本级）"",""招考职位"":""七处一级主任科员及以下（二）"",""职位属性"":""公安机关人民警察职位"",""职位分布"":""其他职位"",""职位简介"":""主要从事信息化建设及管理等工作"",""职位代码"":""200130120004"",""机构层级"":""中央"",""考试类别"":""中央机关及其省级直属机构综合管理类"",""招考人数"":""1"",""专业"":""0711系统科学、0810信息与通信工程、0812计算机科学与技术、0835软件工程、0839网络空间安全、0854电子信息、1405智能科学与技术"",""学历"":""仅限硕士研究生"",""学位"":""硕士"",""政治面貌"":""中共党员或共青团员"",""基层工作最低年限"":""二年"",""服务基层项目工作经历"":""无限制"",""是否在面试阶段组织专业能力测试"":""否"",""面试人员比例"":""5:1"",""工作地点"":""北京市"",""落户地点"":""北京市"",""备注"":""1.咨询电话：010-64091767。2.职位要求专业为报考者最高学历对应专业。3.非应届毕业生应为具有2年以上工作经历的国有企事业单位在职人员。4.工作强度大、任务重，限男性。5.大学英语六级考试成绩425分及以上。6.按照招录人民警察要求开展体能测评。7.符合公安部网站补充公告有关要求。"",""部门网站"":""http://www.mps.gov.cn/"",""咨询电话1"":""010-66261515"",""咨询电话2"":"""",""咨询电话3"":"""",""来源Sheet"":""中央国家行政机关（本级）""}}"
"government_jobs","国家公务员2025招考简章","公务员/事业单位技术岗位","北京市","2026-07-28T09:12:58.310295+00:00","一处一级主任科员及以下","公安部","","北京市","公务员/事业单位;2025;computer_software;electronics_communication;硕士研究生及以上;与最高学历相对应的学位;0810信息与通信工程、0812计算机科学与技术、0826兵器科学与技术、0854电子信息（人工智能、通信和计算机类）;中央机关及其省级直属机构综合管理类","用人司局：机关司局二十五
职位简介：主要从事信息化建设等工作
专业要求：0810信息与通信工程、0812计算机科学与技术、0826兵器科学与技术、0854电子信息（人工智能、通信和计算机类）
学历要求：硕士研究生及以上
学位要求：与最高学历相对应的学位
政治面貌：中共党员或共青团员
基层工作经历：二年
考试类别：中央机关及其省级直属机构综合管理类
备注：1.咨询电话：010-66263529。2.职位要求专业为报考者最高学历对应专业。3.非应届毕业生应为具有2年以上工作经历的国有企事业单位在职人员。4.工作强度大、任务重，限男性。5.按照招录人民警察要求开展体能测评。6.符合公安部网站补充公告有关要求。","https://www.xjhc.gov.cn/xjhc/c116834/202410/a29382e11a674da3be3353af65f9fcc5.shtml#109000-200130125001","2024-10-14","{""dataset_year"":2025,""job_uid"":""GOV-2025-109000-200130125001"",""publisher"":""国家公务员局"",""publication_page"":""https://www.xjhc.gov.cn/xjhc/c116834/202410/a29382e11a674da3be3353af65f9fcc5.shtml"",""attachment_url"":""https://www.xjhc.gov.cn/xjhc/c116834/202410/a29382e11a674da3be3353af65f9fcc5/files/0536cef86e2b46ddad6aae5a3780089e.xls"",""local_source_file"":""2025_guokao_zhaokaojianzhang.xls"",""local_source_sha256"":""07ae6cab368cd21b7a1ac3e8150fe9a3d39ad5171ce76135ff3cccfe50c3e77e"",""source_sheet"":""中央国家行政机关（本级）"",""filter_version"":""government_tech_v2"",""tech_filter"":{""is_tech"":true,""is_core_tech"":true,""scope"":""core"",""categories"":[""computer_software"",""electronics_communication""],""matched_fields"":[""major"",""description""],""major_terms"":[""人工智能"",""信息与通信工程"",""电子信息"",""计算机科学与技术"",""计算机类"",""通信工程""],""role_terms"":[""信息化""],""reason"":""tech_major_and_role""},""original"":{""部门代码"":""109000"",""部门名称"":""公安部"",""用人司局"":""机关司局二十五"",""机构性质"":""中央国家行政机关（本级）"",""招考职位"":""一处一级主任科员及以下"",""职位属性"":""公安机关人民警察职位"",""职位分布"":""其他职位"",""职位简介"":""主要从事信息化建设等工作"",""职位代码"":""200130125001"",""机构层级"":""中央"",""考试类别"":""中央机关及其省级直属机构综合管理类"",""招考人数"":""1"",""专业"":""0810信息与通信工程、0812计算机科学与技术、0826兵器科学与技术、0854电子信息（人工智能、通信和计算机类）"",""学历"":""硕士研究生及以上"",""学位"":""与最高学历相对应的学位"",""政治面貌"":""中共党员或共青团员"",""基层工作最低年限"":""二年"",""服务基层项目工作经历"":""无限制"",""是否在面试阶段组织专业能力测试"":""否"",""面试人员比例"":""5:1"",""工作地点"":""北京市"",""落户地点"":""北京市"",""备注"":""1.咨询电话：010-66263529。2.职位要求专业为报考者最高学历对应专业。3.非应届毕业生应为具有2年以上工作经历的国有企事业单位在职人员。4.工作强度大、任务重，限男性。5.按照招录人民警察要求开展体能测评。6.符合公安部网站补充公告有关要求。"",""部门网站"":""http://www.mps.gov.cn/"",""咨询电话1"":""010-66261515"",""咨询电话2"":"""",""咨询电话3"":"""",""来源Sheet"":""中央国家行政机关（本级）""}}"
"government_jobs","国家公务员2025招考简章","公务员/事业单位技术岗位","北京市","2026-07-28T09:12:58.310295+00:00","六处警务技术一级主管及以下","公安部","","北京市","公务员/事业单位;2025;computer_software;cybersecurity_cryptography;electronics_communication;硕士研究生及以上;与最高学历相对应的学位;0812计算机科学与技术、0835软件工程、0839网络空间安全、1405智能科学与技术、0854电子信息（计算机类）;中央机关及其省级直属机构综合管理类","用人司局：机关司局二十七
职位简介：主要从事网络与数据安全管理等工作
专业要求：0812计算机科学与技术、0835软件工程、0839网络空间安全、1405智能科学与技术、0854电子信息（计算机类）
学历要求：硕士研究生及以上
学位要求：与最高学历相对应的学位
政治面貌：中共党员或共青团员
基层工作经历：无限制
考试类别：中央机关及其省级直属机构综合管理类
备注：1.咨询电话：010-66261060。2.职位要求专业为报考者最高学历对应专业。3.非应届毕业生应为具有2年以上工作经历的国有企事业单位在职人员。4.工作强度大、任务重，限男性。5.按照招录人民警察要求开展体能测评，免测1000米/800米跑。6.符合公安部网站补充公告有关要求。","https://www.xjhc.gov.cn/xjhc/c116834/202410/a29382e11a674da3be3353af65f9fcc5.shtml#109000-200130127003","2024-10-14","{""dataset_year"":2025,""job_uid"":""GOV-2025-109000-200130127003"",""publisher"":""国家公务员局"",""publication_page"":""https://www.xjhc.gov.cn/xjhc/c116834/202410/a29382e11a674da3be3353af65f9fcc5.shtml"",""attachment_url"":""https://www.xjhc.gov.cn/xjhc/c116834/202410/a29382e11a674da3be3353af65f9fcc5/files/0536cef86e2b46ddad6aae5a3780089e.xls"",""local_source_file"":""2025_guokao_zhaokaojianzhang.xls"",""local_source_sha256"":""07ae6cab368cd21b7a1ac3e8150fe9a3d39ad5171ce76135ff3cccfe50c3e77e"",""source_sheet"":""中央国家行政机关（本级）"",""filter_version"":""government_tech_v2"",""tech_filter"":{""is_tech"":true,""is_core_tech"":true,""scope"":""core"",""categories"":[""computer_software"",""cybersecurity_cryptography"",""electronics_communication""],""matched_fields"":[""major"",""description""],""major_terms"":[""智能科学与技术"",""电子信息"",""网络空间安全"",""计算机科学与技术"",""计算机类"",""软件工程""],""role_terms"":[""数据安全""],""reason"":""tech_major_and_role""},""original"":{""部门代码"":""109000"",""部门名称"":""公安部"",""用人司局"":""机关司局二十七"",""机构性质"":""中央国家行政机关（本级）"",""招考职位"":""六处警务技术一级主管及以下"",""职位属性"":""公安机关人民警察职位"",""职位分布"":""其他职位"",""职位简介"":""主要从事网络与数据安全管理等工作"",""职位代码"":""200130127003"",""机构层级"":""中央"",""考试类别"":""中央机关及其省级直属机构综合管理类"",""招考人数"":""4"",""专业"":""0812计算机科学与技术、0835软件工程、0839网络空间安全、1405智能科学与技术、0854电子信息（计算机类）"",""学历"":""硕士研究生及以上"",""学位"":""与最高学历相对应的学位"",""政治面貌"":""中共党员或共青团员"",""基层工作最低年限"":""无限制"",""服务基层项目工作经历"":""无限制"",""是否在面试阶段组织专业能力测试"":""否"",""面试人员比例"":""5:1"",""工作地点"":""北京市"",""落户地点"":""北京市"",""备注"":""1.咨询电话：010-66261060。2.职位要求专业为报考者最高学历对应专业。3.非应届毕业生应为具有2年以上工作经历的国有企事业单位在职人员。4.工作强度大、任务重，限男性。5.按照招录人民警察要求开展体能测评，免测1000米/800米跑。6.符合公安部网站补充公告有关要求。"",""部门网站"":""http://www.mps.gov.cn/"",""咨询电话1"":""010-66261515"",""咨询电话2"":"""",""咨询电话3"":"""",""来源Sheet"":""中央国家行政机关（本级）""}}"
"government_jobs","国家公务员2025招考简章","公务员/事业单位技术岗位","北京市","2026-07-28T09:12:58.310295+00:00","三处一级警长及以下","公安部","","北京市","公务员/事业单位;2025;computer_software;electronics_communication;硕士研究生及以上;与最高学历相对应的学位;0812计算机科学与技术、0835软件工程、0854电子信息（计算机技术相关）;行政执法类","用人司局：直属司局四
职位简介：从事经济犯罪侦查信息化建设相关工作
专业要求：0812计算机科学与技术、0835软件工程、0854电子信息（计算机技术相关）
学历要求：硕士研究生及以上
学位要求：与最高学历相对应的学位
政治面貌：中共党员或共青团员
基层工作经历：无限制
考试类别：行政执法类
备注：1.咨询电话：010-66262316。2.职位要求专业为报考者最高学历对应专业。3.非应届毕业生应为具有2年以上工作经历的国有企事业单位在职人员。4.工作强度大、任务重，限男性。5.按照招录人民警察要求开展体能测评。6.符合公安部网站补充公告有关要求。","https://www.xjhc.gov.cn/xjhc/c116834/202410/a29382e11a674da3be3353af65f9fcc5.shtml#109000-200130204002","2024-10-14","{""dataset_year"":2025,""job_uid"":""GOV-2025-109000-200130204002"",""publisher"":""国家公务员局"",""publication_page"":""https://www.xjhc.gov.cn/xjhc/c116834/202410/a29382e11a674da3be3353af65f9fcc5.shtml"",""attachment_url"":""https://www.xjhc.gov.cn/xjhc/c116834/202410/a29382e11a674da3be3353af65f9fcc5/files/0536cef86e2b46ddad6aae5a3780089e.xls"",""local_source_file"":""2025_guokao_zhaokaojianzhang.xls"",""local_source_sha256"":""07ae6cab368cd21b7a1ac3e8150fe9a3d39ad5171ce76135ff3cccfe50c3e77e"",""source_sheet"":""中央国家行政机关（本级）"",""filter_version"":""government_tech_v2"",""tech_filter"":{""is_tech"":true,""is_core_tech"":true,""scope"":""core"",""categories"":[""computer_software"",""electronics_communication""],""matched_fields"":[""major"",""description""],""major_terms"":[""电子信息"",""计算机技术"",""计算机科学与技术"",""软件工程""],""role_terms"":[""信息化""],""reason"":""tech_major_and_role""},""original"":{""部门代码"":""109000"",""部门名称"":""公安部"",""用人司局"":""直属司局四"",""机构性质"":""中央国家行政机关（本级）"",""招考职位"":""三处一级警长及以下"",""职位属性"":""公安机关人民警察职位"",""职位分布"":""其他职位"",""职位简介"":""从事经济犯罪侦查信息化建设相关工作"",""职位代码"":""200130204002"",""机构层级"":""市（地）级"",""考试类别"":""行政执法类"",""招考人数"":""1"",""专业"":""0812计算机科学与技术、0835软件工程、0854电子信息（计算机技术相关）"",""学历"":""硕士研究生及以上"",""学位"":""与最高学历相对应的学位"",""政治面貌"":""中共党员或共青团员"",""基层工作最低年限"":""无限制"",""服务基层项目工作经历"":""无限制"",""是否在面试阶段组织专业能力测试"":""否"",""面试人员比例"":""3:1"",""工作地点"":""北京市"",""落户地点"":""北京市"",""备注"":""1.咨询电话：010-66262316。2.职位要求专业为报考者最高学历对应专业。3.非应届毕业生应为具有2年以上工作经历的国有企事业单位在职人员。4.工作强度大、任务重，限男性。5.按照招录人民警察要求开展体能测评。6.符合公安部网站补充公告有关要求。"",""部门网站"":""http://www.mps.gov.cn/"",""咨询电话1"":""010-66261515"",""咨询电话2"":"""",""咨询电话3"":"""",""来源Sheet"":""中央国家行政机关（本级）""}}"
"government_jobs","国家公务员2025招考简章","公务员/事业单位技术岗位","北京市","2026-07-28T09:12:58.310295+00:00","十二处警务技术一级主管及以下","公安部","","北京市","公务员/事业单位;2025;computer_software;硕士研究生及以上;与最高学历相对应的学位;0703化学、0812计算机科学与技术、0832食品科学与工程、1007药学;中央机关及其省级直属机构综合管理类","用人司局：直属司局八
职位简介：主要从事环食药检验和信息化等工作
专业要求：0703化学、0812计算机科学与技术、0832食品科学与工程、1007药学
学历要求：硕士研究生及以上
学位要求：与最高学历相对应的学位
政治面貌：中共党员或共青团员
基层工作经历：无限制
考试类别：中央机关及其省级直属机构综合管理类
备注：1.咨询电话：010-66269541。2.职位要求专业为报考者最高学历对应专业。3.非应届毕业生应为具有2年以上工作经历的国有企事业单位在职人员。4.工作强度大、任务重，限男性。5.按照招录人民警察要求开展体能测评，免测1000米/800米跑。6.大学英语六级425分及以上或全国英语等级考试5级。7.符合公安部网站补充公告有关要求。","https://www.xjhc.gov.cn/xjhc/c116834/202410/a29382e11a674da3be3353af65f9fcc5.shtml#109000-400130208007","2024-10-14","{""dataset_year"":2025,""job_uid"":""GOV-2025-109000-400130208007"",""publisher"":""国家公务员局"",""publication_page"":""https://www.xjhc.gov.cn/xjhc/c116834/202410/a29382e11a674da3be3353af65f9fcc5.shtml"",""attachment_url"":""https://www.xjhc.gov.cn/xjhc/c116834/202410/a29382e11a674da3be3353af65f9fcc5/files/0536cef86e2b46ddad6aae5a3780089e.xls"",""local_source_file"":""2025_guokao_zhaokaojianzhang.xls"",""local_source_sha256"":""07ae6cab368cd21b7a1ac3e8150fe9a3d39ad5171ce76135ff3cccfe50c3e77e"",""source_sheet"":""中央国家行政机关参照公务员法管理事业单位"",""filter_version"":""government_tech_v2"",""tech_filter"":{""is_tech"":true,""is_core_tech"":true,""scope"":""core"",""categories"":[""computer_software""],""matched_fields"":[""major"",""description""],""major_terms"":[""计算机科学与技术""],""role_terms"":[""信息化""],""reason"":""tech_major_and_role""},""original"":{""部门代码"":""109000"",""部门名称"":""公安部"",""用人司局"":""直属司局八"",""机构性质"":""中央国家行政机关参照公务员法管理事业单位"",""招考职位"":""十二处警务技术一级主管及以下"",""职位属性"":""公安机关人民警察职位"",""职位分布"":""其他职位"",""职位简介"":""主要从事环食药检验和信息化等工作"",""职位代码"":""400130208007"",""机构层级"":""中央"",""考试类别"":""中央机关及其省级直属机构综合管理类"",""招考人数"":""2"",""专业"":""0703化学、0812计算机科学与技术、0832食品科学与工程、1007药学"",""学历"":""硕士研究生及以上"",""学位"":""与最高学历相对应的学位"",""政治面貌"":""中共党员或共青团员"",""基层工作最低年限"":""无限制"",""服务基层项目工作经历"":""无限制"",""是否在面试阶段组织专业能力测试"":""否"",""面试人员比例"":""5:1"",""工作地点"":""北京市"",""落户地点"":""北京市"",""备注"":""1.咨询电话：010-66269541。2.职位要求专业为报考者最高学历对应专业。3.非应届毕业生应为具有2年以上工作经历的国有企事业单位在职人员。4.工作强度大、任务重，限男性。5.按照招录人民警察要求开展体能测评，免测1000米/800米跑。6.大学英语六级425分及以上或全国英语等级考试5级。7.符合公安部网站补充公告有关要求。"",""部门网站"":""http://www.mps.gov.cn/"",""咨询电话1"":""010-66261515"",""咨询电话2"":"""",""咨询电话3"":"""",""来源Sheet"":""中央国家行政机关参照公务员法管理事业单位""}}"
"government_jobs","国家公务员2025招考简章","公务员/事业单位技术岗位","北京市","2026-07-28T09:12:58.310295+00:00","十四处警务技术一级主管及以下","公安部","","北京市","公务员/事业单位;2025;automation_robotics;computer_software;cybersecurity_cryptography;data_ai;electronics_communication;硕士研究生及以上;与最高学历相对应的学位;0809电子科学与技术、0810信息与通信工程、0811控制科学与工程、0812计算机科学与技术、0835软件工程、0839网络空间安全、0854电子信息;中央机关及其省级直属机构综合管理类","用人司局：直属司局八
职位简介：主要从事痕迹勘验、声纹检验鉴定、数据分析及信息化等工作
专业要求：0809电子科学与技术、0810信息与通信工程、0811控制科学与工程、0812计算机科学与技术、0835软件工程、0839网络空间安全、0854电子信息
学历要求：硕士研究生及以上
学位要求：与最高学历相对应的学位
政治面貌：中共党员或共青团员
基层工作经历：无限制
考试类别：中央机关及其省级直属机构综合管理类
备注：1.咨询电话：010-66269541。2.职位要求专业为报考者最高学历对应专业。3.非应届毕业生应为具有2年以上工作经历的国有企事业单位在职人员。4.工作强度大、任务重，限男性。5.按照招录人民警察要求开展体能测评，免测1000米/800米跑。6.大学英语六级425分及以上或全国英语等级考试5级。7.符合公安部网站补充公告有关要求。","https://www.xjhc.gov.cn/xjhc/c116834/202410/a29382e11a674da3be3353af65f9fcc5.shtml#109000-400130208009","2024-10-14","{""dataset_year"":2025,""job_uid"":""GOV-2025-109000-400130208009"",""publisher"":""国家公务员局"",""publication_page"":""https://www.xjhc.gov.cn/xjhc/c116834/202410/a29382e11a674da3be3353af65f9fcc5.shtml"",""attachment_url"":""https://www.xjhc.gov.cn/xjhc/c116834/202410/a29382e11a674da3be3353af65f9fcc5/files/0536cef86e2b46ddad6aae5a3780089e.xls"",""local_source_file"":""2025_guokao_zhaokaojianzhang.xls"",""local_source_sha256"":""07ae6cab368cd21b7a1ac3e8150fe9a3d39ad5171ce76135ff3cccfe50c3e77e"",""source_sheet"":""中央国家行政机关参照公务员法管理事业单位"",""filter_version"":""government_tech_v2"",""tech_filter"":{""is_tech"":true,""is_core_tech"":true,""scope"":""core"",""categories"":[""automation_robotics"",""computer_software"",""cybersecurity_cryptography"",""data_ai"",""electronics_communication""],""matched_fields"":[""major"",""description""],""major_terms"":[""信息与通信工程"",""控制科学与工程"",""电子信息"",""电子科学与技术"",""网络空间安全"",""计算机科学与技术"",""软件工程"",""通信工程""],""role_terms"":[""信息化"",""数据分析""],""reason"":""tech_major_and_role""},""original"":{""部门代码"":""109000"",""部门名称"":""公安部"",""用人司局"":""直属司局八"",""机构性质"":""中央国家行政机关参照公务员法管理事业单位"",""招考职位"":""十四处警务技术一级主管及以下"",""职位属性"":""公安机关人民警察职位"",""职位分布"":""其他职位"",""职位简介"":""主要从事痕迹勘验、声纹检验鉴定、数据分析及信息化等工作"",""职位代码"":""400130208009"",""机构层级"":""中央"",""考试类别"":""中央机关及其省级直属机构综合管理类"",""招考人数"":""4"",""专业"":""0809电子科学与技术、0810信息与通信工程、0811控制科学与工程、0812计算机科学与技术、0835软件工程、0839网络空间安全、0854电子信息"",""学历"":""硕士研究生及以上"",""学位"":""与最高学历相对应的学位"",""政治面貌"":""中共党员或共青团员"",""基层工作最低年限"":""无限制"",""服务基层项目工作经历"":""无限制"",""是否在面试阶段组织专业能力测试"":""否"",""面试人员比例"":""5:1"",""工作地点"":""北京市"",""落户地点"":""北京市"",""备注"":""1.咨询电话：010-66269541。2.职位要求专业为报考者最高学历对应专业。3.非应届毕业生应为具有2年以上工作经历的国有企事业单位在职人员。4.工作强度大、任务重，限男性。5.按照招录人民警察要求开展体能测评，免测1000米/800米跑。6.大学英语六级425分及以上或全国英语等级考试5级。7.符合公安部网站补充公告有关要求。"",""部门网站"":""http://www.mps.gov.cn/"",""咨询电话1"":""010-66261515"",""咨询电话2"":"""",""咨询电话3"":"""",""来源Sheet"":""中央国家行政机关参照公务员法管理事业单位""}}"
"government_jobs","国家公务员2025招考简章","公务员/事业单位技术岗位","黑龙江省齐齐哈尔市","2026-07-28T09:12:58.310295+00:00","齐齐哈尔铁路公安处基层所队民警","哈尔滨铁路公安局","","黑龙江省齐齐哈尔市","公务员/事业单位;2025;computer_software;cybersecurity_cryptography;electronics_communication;本科及以上;与最高学历相对应的学位;大学本科：0807电子信息类、0809计算机类；研究生：0810信息与通信工程、0812计算机科学与技术、0835软件工程、0854电子信息;行政执法类","用人司局：哈尔滨铁路公安局
职位简介：主要从事基层所队执勤执法及网络安全管理等工作
专业要求：大学本科：0807电子信息类、0809计算机类；研究生：0810信息与通信工程、0812计算机科学与技术、0835软件工程、0854电子信息
学历要求：本科及以上
学位要求：与最高学历相对应的学位
政治面貌：中共党员或共青团员
基层工作经历：无限制
考试类别：行政执法类
备注：1.咨询电话：0451-86429698。2.职位要求专业为报考者最高学历对应专业。3.限应届毕业生报考，黑龙江省或内蒙古自治区呼伦贝尔市生源。4.工作强度大、任务重，限男性。5.按照招录人民警察要求开展体能测评。6.符合公安部网站补充公告有关要求。7.服从处内二次分配。","https://www.xjhc.gov.cn/xjhc/c116834/202410/a29382e11a674da3be3353af65f9fcc5.shtml#109201-300130841003","2024-10-14","{""dataset_year"":2025,""job_uid"":""GOV-2025-109201-300130841003"",""publisher"":""国家公务员局"",""publication_page"":""https://www.xjhc.gov.cn/xjhc/c116834/202410/a29382e11a674da3be3353af65f9fcc5.shtml"",""attachment_url"":""https://www.xjhc.gov.cn/xjhc/c116834/202410/a29382e11a674da3be3353af65f9fcc5/files/0536cef86e2b46ddad6aae5a3780089e.xls"",""local_source_file"":""2025_guokao_zhaokaojianzhang.xls"",""local_source_sha256"":""07ae6cab368cd21b7a1ac3e8150fe9a3d39ad5171ce76135ff3cccfe50c3e77e"",""source_sheet"":""中央国家行政机关省级以下直属机构"",""filter_version"":""government_tech_v2"",""tech_filter"":{""is_tech"":true,""is_core_tech"":true,""scope"":""core"",""categories"":[""computer_software"",""cybersecurity_cryptography"",""electronics_communication""],""matched_fields"":[""major"",""description""],""major_terms"":[""信息与通信工程"",""电子信息"",""电子信息类"",""计算机科学与技术"",""计算机类"",""软件工程"",""通信工程""],""role_terms"":[""网络安全""],""reason"":""tech_major_and_role""},""original"":{""部门代码"":""109201"",""部门名称"":""哈尔滨铁路公安局"",""用人司局"":""哈尔滨铁路公安局"",""机构性质"":""中央国家行政机关省级以下直属机构"",""招考职位"":""齐齐哈尔铁路公安处基层所队民警"",""职位属性"":""公安机关人民警察职位"",""职位分布"":""西部地区和艰苦边远地区职位"",""职位简介"":""主要从事基层所队执勤执法及网络安全管理等工作"",""职位代码"":""300130841003"",""机构层级"":""市（地）级"",""考试类别"":""行政执法类"",""招考人数"":""3"",""专业"":""大学本科：0807电子信息类、0809计算机类；研究生：0810信息与通信工程、0812计算机科学与技术、0835软件工程、0854电子信息"",""学历"":""本科及以上"",""学位"":""与最高学历相对应的学位"",""政治面貌"":""中共党员或共青团员"",""基层工作最低年限"":""无限制"",""服务基层项目工作经历"":""无限制"",""是否在面试阶段组织专业能力测试"":""否"",""面试人员比例"":""3:1"",""工作地点"":""黑龙江省齐齐哈尔市"",""落户地点"":""黑龙江省齐齐哈尔市"",""备注"":""1.咨询电话：0451-86429698。2.职位要求专业为报考者最高学历对应专业。3.限应届毕业生报考，黑龙江省或内蒙古自治区呼伦贝尔市生源。4.工作强度大、任务重，限男性。5.按照招录人民警察要求开展体能测评。6.符合公安部网站补充公告有关要求。7.服从处内二次分配。"",""部门网站"":""无"",""咨询电话1"":""0451-86429698"",""咨询电话2"":"""",""咨询电话3"":"""",""来源Sheet"":""中央国家行政机关省级以下直属机构""}}"
"government_jobs","国家公务员2025招考简章","公务员/事业单位技术岗位","黑龙江省齐齐哈尔市","2026-07-28T09:12:58.310295+00:00","齐齐哈尔铁路公安处基层所队民警","哈尔滨铁路公安局","","黑龙江省齐齐哈尔市","公务员/事业单位;2025;computer_software;cybersecurity_cryptography;本科及以上;与最高学历相对应的学位;大学本科：0809计算机类；研究生：0812计算机科学与技术;行政执法类","用人司局：哈尔滨铁路公安局
职位简介：主要从事基层所队执勤执法及网络安全管理等工作
专业要求：大学本科：0809计算机类；研究生：0812计算机科学与技术
学历要求：本科及以上
学位要求：与最高学历相对应的学位
政治面貌：中共党员或共青团员
基层工作经历：无限制
考试类别：行政执法类
备注：1.咨询电话：0451-86429698。2.职位要求专业为报考者最高学历对应专业。3.限应届毕业生报考。4.按照招录人民警察要求开展体能测评。5.符合公安部网站补充公告有关要求。6.服从处内二次分配。","https://www.xjhc.gov.cn/xjhc/c116834/202410/a29382e11a674da3be3353af65f9fcc5.shtml#109201-300130841004","2024-10-14","{""dataset_year"":2025,""job_uid"":""GOV-2025-109201-300130841004"",""publisher"":""国家公务员局"",""publication_page"":""https://www.xjhc.gov.cn/xjhc/c116834/202410/a29382e11a674da3be3353af65f9fcc5.shtml"",""attachment_url"":""https://www.xjhc.gov.cn/xjhc/c116834/202410/a29382e11a674da3be3353af65f9fcc5/files/0536cef86e2b46ddad6aae5a3780089e.xls"",""local_source_file"":""2025_guokao_zhaokaojianzhang.xls"",""local_source_sha256"":""07ae6cab368cd21b7a1ac3e8150fe9a3d39ad5171ce76135ff3cccfe50c3e77e"",""source_sheet"":""中央国家行政机关省级以下直属机构"",""filter_version"":""government_tech_v2"",""tech_filter"":{""is_tech"":true,""is_core_tech"":true,""scope"":""core"",""categories"":[""computer_software"",""cybersecurity_cryptography""],""matched_fields"":[""major"",""description""],""major_terms"":[""计算机科学与技术"",""计算机类""],""role_terms"":[""网络安全""],""reason"":""tech_major_and_role""},""original"":{""部门代码"":""109201"",""部门名称"":""哈尔滨铁路公安局"",""用人司局"":""哈尔滨铁路公安局"",""机构性质"":""中央国家行政机关省级以下直属机构"",""招考职位"":""齐齐哈尔铁路公安处基层所队民警"",""职位属性"":""公安机关人民警察职位"",""职位分布"":""西部地区和艰苦边远地区职位"",""职位简介"":""主要从事基层所队执勤执法及网络安全管理等工作"",""职位代码"":""300130841004"",""机构层级"":""市（地）级"",""考试类别"":""行政执法类"",""招考人数"":""3"",""专业"":""大学本科：0809计算机类；研究生：0812计算机科学与技术"",""学历"":""本科及以上"",""学位"":""与最高学历相对应的学位"",""政治面貌"":""中共党员或共青团员"",""基层工作最低年限"":""无限制"",""服务基层项目工作经历"":""无限制"",""是否在面试阶段组织专业能力测试"":""否"",""面试人员比例"":""3:1"",""工作地点"":""黑龙江省齐齐哈尔市"",""落户地点"":""黑龙江省齐齐哈尔市"",""备注"":""1.咨询电话：0451-86429698。2.职位要求专业为报考者最高学历对应专业。3.限应届毕业生报考。4.按照招录人民警察要求开展体能测评。5.符合公安部网站补充公告有关要求。6.服从处内二次分配。"",""部门网站"":""无"",""咨询电话1"":""0451-86429698"",""咨询电话2"":"""",""咨询电话3"":"""",""来源Sheet"":""中央国家行政机关省级以下直属机构""}}"
"government_jobs","国家公务员2025招考简章","公务员/事业单位技术岗位","黑龙江省牡丹江市","2026-07-28T09:12:58.310295+00:00","牡丹江铁路公安处基层所队民警","哈尔滨铁路公安局","","黑龙江省牡丹江市","公务员/事业单位;2025;computer_software;cybersecurity_cryptography;electronics_communication;本科及以上;与最高学历相对应的学位;大学本科：0807电子信息类、0809计算机类；研究生：0810信息与通信工程、0812计算机科学与技术、0835软件工程、0854电子信息;行政执法类","用人司局：哈尔滨铁路公安局
职位简介：主要从事基层所队执勤执法及网络安全管理等工作
专业要求：大学本科：0807电子信息类、0809计算机类；研究生：0810信息与通信工程、0812计算机科学与技术、0835软件工程、0854电子信息
学历要求：本科及以上
学位要求：与最高学历相对应的学位
政治面貌：中共党员或共青团员
基层工作经历：无限制
考试类别：行政执法类
备注：1.咨询电话：0451-86429698。2.职位要求专业为报考者最高学历对应专业。3.限应届毕业生报考，黑龙江省或内蒙古自治区呼伦贝尔市生源。4.工作强度大、任务重，限男性。5.按照招录人民警察要求开展体能测评。6.符合公安部网站补充公告有关要求。7.服从处内二次分配。","https://www.xjhc.gov.cn/xjhc/c116834/202410/a29382e11a674da3be3353af65f9fcc5.shtml#109201-300130841019","2024-10-14","{""dataset_year"":2025,""job_uid"":""GOV-2025-109201-300130841019"",""publisher"":""国家公务员局"",""publication_page"":""https://www.xjhc.gov.cn/xjhc/c116834/202410/a29382e11a674da3be3353af65f9fcc5.shtml"",""attachment_url"":""https://www.xjhc.gov.cn/xjhc/c116834/202410/a29382e11a674da3be3353af65f9fcc5/files/0536cef86e2b46ddad6aae5a3780089e.xls"",""local_source_file"":""2025_guokao_zhaokaojianzhang.xls"",""local_source_sha256"":""07ae6cab368cd21b7a1ac3e8150fe9a3d39ad5171ce76135ff3cccfe50c3e77e"",""source_sheet"":""中央国家行政机关省级以下直属机构"",""filter_version"":""government_tech_v2"",""tech_filter"":{""is_tech"":true,""is_core_tech"":true,""scope"":""core"",""categories"":[""computer_software"",""cybersecurity_cryptography"",""electronics_communication""],""matched_fields"":[""major"",""description""],""major_terms"":[""信息与通信工程"",""电子信息"",""电子信息类"",""计算机科学与技术"",""计算机类"",""软件工程"",""通信工程""],""role_terms"":[""网络安全""],""reason"":""tech_major_and_role""},""original"":{""部门代码"":""109201"",""部门名称"":""哈尔滨铁路公安局"",""用人司局"":""哈尔滨铁路公安局"",""机构性质"":""中央国家行政机关省级以下直属机构"",""招考职位"":""牡丹江铁路公安处基层所队民警"",""职位属性"":""公安机关人民警察职位"",""职位分布"":""西部地区和艰苦边远地区职位"",""职位简介"":""主要从事基层所队执勤执法及网络安全管理等工作"",""职位代码"":""300130841019"",""机构层级"":""市（地）级"",""考试类别"":""行政执法类"",""招考人数"":""5"",""专业"":""大学本科：0807电子信息类、0809计算机类；研究生：0810信息与通信工程、0812计算机科学与技术、0835软件工程、0854电子信息"",""学历"":""本科及以上"",""学位"":""与最高学历相对应的学位"",""政治面貌"":""中共党员或共青团员"",""基层工作最低年限"":""无限制"",""服务基层项目工作经历"":""无限制"",""是否在面试阶段组织专业能力测试"":""否"",""面试人员比例"":""3:1"",""工作地点"":""黑龙江省牡丹江市"",""落户地点"":""黑龙江省牡丹江市"",""备注"":""1.咨询电话：0451-86429698。2.职位要求专业为报考者最高学历对应专业。3.限应届毕业生报考，黑龙江省或内蒙古自治区呼伦贝尔市生源。4.工作强度大、任务重，限男性。5.按照招录人民警察要求开展体能测评。6.符合公安部网站补充公告有关要求。7.服从处内二次分配。"",""部门网站"":""无"",""咨询电话1"":""0451-86429698"",""咨询电话2"":"""",""咨询电话3"":"""",""来源Sheet"":""中央国家行政机关省级以下直属机构""}}"
"government_jobs","国家公务员2025招考简章","公务员/事业单位技术岗位","黑龙江省佳木斯市","2026-07-28T09:12:58.310295+00:00","佳木斯铁路公安处基层所队民警","哈尔滨铁路公安局","","黑龙江省佳木斯市","公务员/事业单位;2025;computer_software;cybersecurity_cryptography;electronics_communication;本科及以上;与最高学历相对应的学位;大学本科：0807电子信息类、0809计算机类；研究生：0810信息与通信工程、0812计算机科学与技术、0835软件工程、0854电子信息;行政执法类","用人司局：哈尔滨铁路公安局
职位简介：主要从事基层所队执勤执法及网络安全管理等工作
专业要求：大学本科：0807电子信息类、0809计算机类；研究生：0810信息与通信工程、0812计算机科学与技术、0835软件工程、0854电子信息
学历要求：本科及以上
学位要求：与最高学历相对应的学位
政治面貌：中共党员或共青团员
基层工作经历：无限制
考试类别：行政执法类
备注：1.咨询电话：0451-86429698。2.职位要求专业为报考者最高学历对应专业。3.限应届毕业生报考，黑龙江省或内蒙古自治区呼伦贝尔市生源。4.工作强度大、任务重，限男性。5.按照招录人民警察要求开展体能测评。6.符合公安部网站补充公告有关要求。7.服从处内二次分配。","https://www.xjhc.gov.cn/xjhc/c116834/202410/a29382e11a674da3be3353af65f9fcc5.shtml#109201-300130841038","2024-10-14","{""dataset_year"":2025,""job_uid"":""GOV-2025-109201-300130841038"",""publisher"":""国家公务员局"",""publication_page"":""https://www.xjhc.gov.cn/xjhc/c116834/202410/a29382e11a674da3be3353af65f9fcc5.shtml"",""attachment_url"":""https://www.xjhc.gov.cn/xjhc/c116834/202410/a29382e11a674da3be3353af65f9fcc5/files/0536cef86e2b46ddad6aae5a3780089e.xls"",""local_source_file"":""2025_guokao_zhaokaojianzhang.xls"",""local_source_sha256"":""07ae6cab368cd21b7a1ac3e8150fe9a3d39ad5171ce76135ff3cccfe50c3e77e"",""source_sheet"":""中央国家行政机关省级以下直属机构"",""filter_version"":""government_tech_v2"",""tech_filter"":{""is_tech"":true,""is_core_tech"":true,""scope"":""core"",""categories"":[""computer_software"",""cybersecurity_cryptography"",""electronics_communication""],""matched_fields"":[""major"",""description""],""major_terms"":[""信息与通信工程"",""电子信息"",""电子信息类"",""计算机科学与技术"",""计算机类"",""软件工程"",""通信工程""],""role_terms"":[""网络安全""],""reason"":""tech_major_and_role""},""original"":{""部门代码"":""109201"",""部门名称"":""哈尔滨铁路公安局"",""用人司局"":""哈尔滨铁路公安局"",""机构性质"":""中央国家行政机关省级以下直属机构"",""招考职位"":""佳木斯铁路公安处基层所队民警"",""职位属性"":""公安机关人民警察职位"",""职位分布"":""西部地区和艰苦边远地区职位"",""职位简介"":""主要从事基层所队执勤执法及网络安全管理等工作"",""职位代码"":""300130841038"",""机构层级"":""市（地）级"",""考试类别"":""行政执法类"",""招考人数"":""5"",""专业"":""大学本科：0807电子信息类、0809计算机类；研究生：0810信息与通信工程、0812计算机科学与技术、0835软件工程、0854电子信息"",""学历"":""本科及以上"",""学位"":""与最高学历相对应的学位"",""政治面貌"":""中共党员或共青团员"",""基层工作最低年限"":""无限制"",""服务基层项目工作经历"":""无限制"",""是否在面试阶段组织专业能力测试"":""否"",""面试人员比例"":""3:1"",""工作地点"":""黑龙江省佳木斯市"",""落户地点"":""黑龙江省佳木斯市"",""备注"":""1.咨询电话：0451-86429698。2.职位要求专业为报考者最高学历对应专业。3.限应届毕业生报考，黑龙江省或内蒙古自治区呼伦贝尔市生源。4.工作强度大、任务重，限男性。5.按照招录人民警察要求开展体能测评。6.符合公安部网站补充公告有关要求。7.服从处内二次分配。"",""部门网站"":""无"",""咨询电话1"":""0451-86429698"",""咨询电话2"":"""",""咨询电话3"":"""",""来源Sheet"":""中央国家行政机关省级以下直属机构""}}"
"government_jobs","国家公务员2025招考简章","公务员/事业单位技术岗位","内蒙古自治区呼伦贝尔市","2026-07-28T09:12:58.310295+00:00","海拉尔铁路公安处基层所队民警","哈尔滨铁路公安局","","内蒙古自治区呼伦贝尔市","公务员/事业单位;2025;computer_software;cybersecurity_cryptography;electronics_communication;本科及以上;与最高学历相对应的学位;大学本科：0807电子信息类、0809计算机类；研究生：0810信息与通信工程、0812计算机科学与技术、0835软件工程、0854电子信息;行政执法类","用人司局：哈尔滨铁路公安局
职位简介：主要从事基层所队执勤执法及网络安全管理等工作
专业要求：大学本科：0807电子信息类、0809计算机类；研究生：0810信息与通信工程、0812计算机科学与技术、0835软件工程、0854电子信息
学历要求：本科及以上
学位要求：与最高学历相对应的学位
政治面貌：中共党员或共青团员
基层工作经历：无限制
考试类别：行政执法类
备注：1.咨询电话：0451-86429698。2.职位要求专业为报考者最高学历对应专业。3.限应届毕业生报考。4.工作强度大、任务重，限男性。5.按照招录人民警察要求开展体能测评。6.符合公安部网站补充公告有关要求。7.服从处内二次分配。","https://www.xjhc.gov.cn/xjhc/c116834/202410/a29382e11a674da3be3353af65f9fcc5.shtml#109201-300130841055","2024-10-14","{""dataset_year"":2025,""job_uid"":""GOV-2025-109201-300130841055"",""publisher"":""国家公务员局"",""publication_page"":""https://www.xjhc.gov.cn/xjhc/c116834/202410/a29382e11a674da3be3353af65f9fcc5.shtml"",""attachment_url"":""https://www.xjhc.gov.cn/xjhc/c116834/202410/a29382e11a674da3be3353af65f9fcc5/files/0536cef86e2b46ddad6aae5a3780089e.xls"",""local_source_file"":""2025_guokao_zhaokaojianzhang.xls"",""local_source_sha256"":""07ae6cab368cd21b7a1ac3e8150fe9a3d39ad5171ce76135ff3cccfe50c3e77e"",""source_sheet"":""中央国家行政机关省级以下直属机构"",""filter_version"":""government_tech_v2"",""tech_filter"":{""is_tech"":true,""is_core_tech"":true,""scope"":""core"",""categories"":[""computer_software"",""cybersecurity_cryptography"",""electronics_communication""],""matched_fields"":[""major"",""description""],""major_terms"":[""信息与通信工程"",""电子信息"",""电子信息类"",""计算机科学与技术"",""计算机类"",""软件工程"",""通信工程""],""role_terms"":[""网络安全""],""reason"":""tech_major_and_role""},""original"":{""部门代码"":""109201"",""部门名称"":""哈尔滨铁路公安局"",""用人司局"":""哈尔滨铁路公安局"",""机构性质"":""中央国家行政机关省级以下直属机构"",""招考职位"":""海拉尔铁路公安处基层所队民警"",""职位属性"":""公安机关人民警察职位"",""职位分布"":""西部地区和艰苦边远地区职位"",""职位简介"":""主要从事基层所队执勤执法及网络安全管理等工作"",""职位代码"":""300130841055"",""机构层级"":""市（地）级"",""考试类别"":""行政执法类"",""招考人数"":""3"",""专业"":""大学本科：0807电子信息类、0809计算机类；研究生：0810信息与通信工程、0812计算机科学与技术、0835软件工程、0854电子信息"",""学历"":""本科及以上"",""学位"":""与最高学历相对应的学位"",""政治面貌"":""中共党员或共青团员"",""基层工作最低年限"":""无限制"",""服务基层项目工作经历"":""无限制"",""是否在面试阶段组织专业能力测试"":""否"",""面试人员比例"":""3:1"",""工作地点"":""内蒙古自治区呼伦贝尔市"",""落户地点"":""内蒙古自治区呼伦贝尔市"",""备注"":""1.咨询电话：0451-86429698。2.职位要求专业为报考者最高学历对应专业。3.限应届毕业生报考。4.工作强度大、任务重，限男性。5.按照招录人民警察要求开展体能测评。6.符合公安部网站补充公告有关要求。7.服从处内二次分配。"",""部门网站"":""无"",""咨询电话1"":""0451-86429698"",""咨询电话2"":"""",""咨询电话3"":"""",""来源Sheet"":""中央国家行政机关省级以下直属机构""}}"
"government_jobs","国家公务员2025招考简章","公务员/事业单位技术岗位","湖北省","2026-07-28T09:12:58.310295+00:00","武汉铁路公安处基层所队民警","武汉铁路公安局","","湖北省","公务员/事业单位;2025;cybersecurity_cryptography;electronics_communication;本科及以上;与最高学历相对应的学位;大学本科：0807电子信息类；研究生：0809电子科学与技术、0810信息与通信工程;行政执法类","用人司局：武汉铁路公安局
职位简介：主要从事治安管理、信息通信和网络安全管理工作
专业要求：大学本科：0807电子信息类；研究生：0809电子科学与技术、0810信息与通信工程
学历要求：本科及以上
学位要求：与最高学历相对应的学位
政治面貌：中共党员或共青团员
基层工作经历：无限制
考试类别：行政执法类
备注：1.咨询电话：027-51163878。2.职位要求专业为报考者最高学历对应专业。3.限2025届毕业生报考。4.工作强度大、任务重，限男性。5.按照招录人民警察要求开展体能测评。6.符合公安部网站补充公告有关要求。7.服从处内二次分配。","https://www.xjhc.gov.cn/xjhc/c116834/202410/a29382e11a674da3be3353af65f9fcc5.shtml#109207-300130848006","2024-10-14","{""dataset_year"":2025,""job_uid"":""GOV-2025-109207-300130848006"",""publisher"":""国家公务员局"",""publication_page"":""https://www.xjhc.gov.cn/xjhc/c116834/202410/a29382e11a674da3be3353af65f9fcc5.shtml"",""attachment_url"":""https://www.xjhc.gov.cn/xjhc/c116834/202410/a29382e11a674da3be3353af65f9fcc5/files/0536cef86e2b46ddad6aae5a3780089e.xls"",""local_source_file"":""2025_guokao_zhaokaojianzhang.xls"",""local_source_sha256"":""07ae6cab368cd21b7a1ac3e8150fe9a3d39ad5171ce76135ff3cccfe50c3e77e"",""source_sheet"":""中央国家行政机关省级以下直属机构"",""filter_version"":""government_tech_v2"",""tech_filter"":{""is_tech"":true,""is_core_tech"":true,""scope"":""core"",""categories"":[""cybersecurity_cryptography"",""electronics_communication""],""matched_fields"":[""major"",""description""],""major_terms"":[""信息与通信工程"",""电子信息类"",""电子科学与技术"",""通信工程""],""role_terms"":[""信息通信"",""网络安全""],""reason"":""tech_major_and_role""},""original"":{""部门代码"":""109207"",""部门名称"":""武汉铁路公安局"",""用人司局"":""武汉铁路公安局"",""机构性质"":""中央国家行政机关省级以下直属机构"",""招考职位"":""武汉铁路公安处基层所队民警"",""职位属性"":""公安机关人民警察职位"",""职位分布"":""其他职位"",""职位简介"":""主要从事治安管理、信息通信和网络安全管理工作"",""职位代码"":""300130848006"",""机构层级"":""市（地）级"",""考试类别"":""行政执法类"",""招考人数"":""5"",""专业"":""大学本科：0807电子信息类；研究生：0809电子科学与技术、0810信息与通信工程"",""学历"":""本科及以上"",""学位"":""与最高学历相对应的学位"",""政治面貌"":""中共党员或共青团员"",""基层工作最低年限"":""无限制"",""服务基层项目工作经历"":""无限制"",""是否在面试阶段组织专业能力测试"":""否"",""面试人员比例"":""3:1"",""工作地点"":""湖北省"",""落户地点"":""湖北省武汉市"",""备注"":""1.咨询电话：027-51163878。2.职位要求专业为报考者最高学历对应专业。3.限2025届毕业生报考。4.工作强度大、任务重，限男性。5.按照招录人民警察要求开展体能测评。6.符合公安部网站补充公告有关要求。7.服从处内二次分配。"",""部门网站"":""无"",""咨询电话1"":""027-51163878"",""咨询电话2"":"""",""咨询电话3"":"""",""来源Sheet"":""中央国家行政机关省级以下直属机构""}}"
"government_jobs","国家公务员2025招考简章","公务员/事业单位技术岗位","湖北省","2026-07-28T09:12:58.310295+00:00","武汉铁路公安处基层所队民警","武汉铁路公安局","","湖北省","公务员/事业单位;2025;computer_software;cybersecurity_cryptography;本科及以上;与最高学历相对应的学位;大学本科：0809计算机类；研究生：0812计算机科学与技术、0839网络空间安全;行政执法类","用人司局：武汉铁路公安局
职位简介：主要从事治安管理、网络安全管理和计算机维护等工作
专业要求：大学本科：0809计算机类；研究生：0812计算机科学与技术、0839网络空间安全
学历要求：本科及以上
学位要求：与最高学历相对应的学位
政治面貌：中共党员或共青团员
基层工作经历：无限制
考试类别：行政执法类
备注：1.咨询电话：027-51163878。2.职位要求专业为报考者最高学历对应专业。3.限2025届毕业生报考。4.工作强度大、任务重，限男性。5.按照招录人民警察要求开展体能测评。6.符合公安部网站补充公告有关要求。7.服从处内二次分配。","https://www.xjhc.gov.cn/xjhc/c116834/202410/a29382e11a674da3be3353af65f9fcc5.shtml#109207-300130848010","2024-10-14","{""dataset_year"":2025,""job_uid"":""GOV-2025-109207-300130848010"",""publisher"":""国家公务员局"",""publication_page"":""https://www.xjhc.gov.cn/xjhc/c116834/202410/a29382e11a674da3be3353af65f9fcc5.shtml"",""attachment_url"":""https://www.xjhc.gov.cn/xjhc/c116834/202410/a29382e11a674da3be3353af65f9fcc5/files/0536cef86e2b46ddad6aae5a3780089e.xls"",""local_source_file"":""2025_guokao_zhaokaojianzhang.xls"",""local_source_sha256"":""07ae6cab368cd21b7a1ac3e8150fe9a3d39ad5171ce76135ff3cccfe50c3e77e"",""source_sheet"":""中央国家行政机关省级以下直属机构"",""filter_version"":""government_tech_v2"",""tech_filter"":{""is_tech"":true,""is_core_tech"":true,""scope"":""core"",""categories"":[""computer_software"",""cybersecurity_cryptography""],""matched_fields"":[""major"",""description""],""major_terms"":[""网络空间安全"",""计算机科学与技术"",""计算机类""],""role_terms"":[""网络安全"",""计算机""],""reason"":""tech_major_and_role""},""original"":{""部门代码"":""109207"",""部门名称"":""武汉铁路公安局"",""用人司局"":""武汉铁路公安局"",""机构性质"":""中央国家行政机关省级以下直属机构"",""招考职位"":""武汉铁路公安处基层所队民警"",""职位属性"":""公安机关人民警察职位"",""职位分布"":""其他职位"",""职位简介"":""主要从事治安管理、网络安全管理和计算机维护等工作"",""职位代码"":""300130848010"",""机构层级"":""市（地）级"",""考试类别"":""行政执法类"",""招考人数"":""5"",""专业"":""大学本科：0809计算机类；研究生：0812计算机科学与技术、0839网络空间安全"",""学历"":""本科及以上"",""学位"":""与最高学历相对应的学位"",""政治面貌"":""中共党员或共青团员"",""基层工作最低年限"":""无限制"",""服务基层项目工作经历"":""无限制"",""是否在面试阶段组织专业能力测试"":""否"",""面试人员比例"":""3:1"",""工作地点"":""湖北省"",""落户地点"":""湖北省武汉市"",""备注"":""1.咨询电话：027-51163878。2.职位要求专业为报考者最高学历对应专业。3.限2025届毕业生报考。4.工作强度大、任务重，限男性。5.按照招录人民警察要求开展体能测评。6.符合公安部网站补充公告有关要求。7.服从处内二次分配。"",""部门网站"":""无"",""咨询电话1"":""027-51163878"",""咨询电话2"":"""",""咨询电话3"":"""",""来源Sheet"":""中央国家行政机关省级以下直属机构""}}"
"government_jobs","国家公务员2025招考简章","公务员/事业单位技术岗位","湖北省","2026-07-28T09:12:58.310295+00:00","襄阳铁路公安处基层所队民警","武汉铁路公安局","","湖北省","公务员/事业单位;2025;computer_software;cybersecurity_cryptography;electronics_communication;本科及以上;与最高学历相对应的学位;大学本科：0807电子信息类、0809计算机类；研究生：0812计算机科学与技术、0854电子信息;行政执法类","用人司局：武汉铁路公安局
职位简介：主要从事治安管理、网络安全管理和案信息通信工作
专业要求：大学本科：0807电子信息类、0809计算机类；研究生：0812计算机科学与技术、0854电子信息
学历要求：本科及以上
学位要求：与最高学历相对应的学位
政治面貌：中共党员或共青团员
基层工作经历：无限制
考试类别：行政执法类
备注：1.咨询电话：027-51163878。2.职位要求专业为报考者最高学历对应专业。3.限2025届毕业生报考。4.工作强度大、任务重，限男性。5.按照招录人民警察要求开展体能测评。6.符合公安部网站补充公告有关要求。7.服从处内二次分配。","https://www.xjhc.gov.cn/xjhc/c116834/202410/a29382e11a674da3be3353af65f9fcc5.shtml#109207-300130848021","2024-10-14","{""dataset_year"":2025,""job_uid"":""GOV-2025-109207-300130848021"",""publisher"":""国家公务员局"",""publication_page"":""https://www.xjhc.gov.cn/xjhc/c116834/202410/a29382e11a674da3be3353af65f9fcc5.shtml"",""attachment_url"":""https://www.xjhc.gov.cn/xjhc/c116834/202410/a29382e11a674da3be3353af65f9fcc5/files/0536cef86e2b46ddad6aae5a3780089e.xls"",""local_source_file"":""2025_guokao_zhaokaojianzhang.xls"",""local_source_sha256"":""07ae6cab368cd21b7a1ac3e8150fe9a3d39ad5171ce76135ff3cccfe50c3e77e"",""source_sheet"":""中央国家行政机关省级以下直属机构"",""filter_version"":""government_tech_v2"",""tech_filter"":{""is_tech"":true,""is_core_tech"":true,""scope"":""core"",""categories"":[""computer_software"",""cybersecurity_cryptography"",""electronics_communication""],""matched_fields"":[""major"",""description""],""major_terms"":[""电子信息"",""电子信息类"",""计算机科学与技术"",""计算机类""],""role_terms"":[""信息通信"",""网络安全""],""reason"":""tech_major_and_role""},""original"":{""部门代码"":""109207"",""部门名称"":""武汉铁路公安局"",""用人司局"":""武汉铁路公安局"",""机构性质"":""中央国家行政机关省级以下直属机构"",""招考职位"":""襄阳铁路公安处基层所队民警"",""职位属性"":""公安机关人民警察职位"",""职位分布"":""其他职位"",""职位简介"":""主要从事治安管理、网络安全管理和案信息通信工作"",""职位代码"":""300130848021"",""机构层级"":""市（地）级"",""考试类别"":""行政执法类"",""招考人数"":""1"",""专业"":""大学本科：0807电子信息类、0809计算机类；研究生：0812计算机科学与技术、0854电子信息"",""学历"":""本科及以上"",""学位"":""与最高学历相对应的学位"",""政治面貌"":""中共党员或共青团员"",""基层工作最低年限"":""无限制"",""服务基层项目工作经历"":""无限制"",""是否在面试阶段组织专业能力测试"":""否"",""面试人员比例"":""3:1"",""工作地点"":""湖北省"",""落户地点"":""湖北省襄阳市"",""备注"":""1.咨询电话：027-51163878。2.职位要求专业为报考者最高学历对应专业。3.限2025届毕业生报考。4.工作强度大、任务重，限男性。5.按照招录人民警察要求开展体能测评。6.符合公安部网站补充公告有关要求。7.服从处内二次分配。"",""部门网站"":""无"",""咨询电话1"":""027-51163878"",""咨询电话2"":"""",""咨询电话3"":"""",""来源Sheet"":""中央国家行政机关省级以下直属机构""}}"
"government_jobs","国家公务员2025招考简章","公务员/事业单位技术岗位","山东省","2026-07-28T09:12:58.310295+00:00","济南铁路公安处基层所队民警","济南铁路公安局","","山东省","公务员/事业单位;2025;computer_software;data_ai;本科及以上;与最高学历相对应的学位;大学本科：0809计算机类；研究生：0812计算机科学与技术、0835软件工程;行政执法类","用人司局：济南铁路公安局
职位简介：主要从事火车站及线路治安管理、计算机维护、数据分析等工作
专业要求：大学本科：0809计算机类；研究生：0812计算机科学与技术、0835软件工程
学历要求：本科及以上
学位要求：与最高学历相对应的学位
政治面貌：中共党员或共青团员
基层工作经历：无限制
考试类别：行政执法类
备注：1.咨询电话：0531-82422898。2.职位要求专业为报考者最高学历对应专业。3.招考对象为应届高校毕业生。4.工作强度大、任务重，限男性。5.按照招录人民警察要求开展体能测评。6.符合公安部网站补充公告有关要求。7.服从处内二次分配。8.最低服务年限5年。","https://www.xjhc.gov.cn/xjhc/c116834/202410/a29382e11a674da3be3353af65f9fcc5.shtml#109209-300130849001","2024-10-14","{""dataset_year"":2025,""job_uid"":""GOV-2025-109209-300130849001"",""publisher"":""国家公务员局"",""publication_page"":""https://www.xjhc.gov.cn/xjhc/c116834/202410/a29382e11a674da3be3353af65f9fcc5.shtml"",""attachment_url"":""https://www.xjhc.gov.cn/xjhc/c116834/202410/a29382e11a674da3be3353af65f9fcc5/files/0536cef86e2b46ddad6aae5a3780089e.xls"",""local_source_file"":""2025_guokao_zhaokaojianzhang.xls"",""local_source_sha256"":""07ae6cab368cd21b7a1ac3e8150fe9a3d39ad5171ce76135ff3cccfe50c3e77e"",""source_sheet"":""中央国家行政机关省级以下直属机构"",""filter_version"":""government_tech_v2"",""tech_filter"":{""is_tech"":true,""is_core_tech"":true,""scope"":""core"",""categories"":[""computer_software"",""data_ai""],""matched_fields"":[""major"",""description""],""major_terms"":[""计算机科学与技术"",""计算机类"",""软件工程""],""role_terms"":[""数据分析"",""计算机""],""reason"":""tech_major_and_role""},""original"":{""部门代码"":""109209"",""部门名称"":""济南铁路公安局"",""用人司局"":""济南铁路公安局"",""机构性质"":""中央国家行政机关省级以下直属机构"",""招考职位"":""济南铁路公安处基层所队民警"",""职位属性"":""公安机关人民警察职位"",""职位分布"":""其他职位"",""职位简介"":""主要从事火车站及线路治安管理、计算机维护、数据分析等工作"",""职位代码"":""300130849001"",""机构层级"":""市（地）级"",""考试类别"":""行政执法类"",""招考人数"":""5"",""专业"":""大学本科：0809计算机类；研究生：0812计算机科学与技术、0835软件工程"",""学历"":""本科及以上"",""学位"":""与最高学历相对应的学位"",""政治面貌"":""中共党员或共青团员"",""基层工作最低年限"":""无限制"",""服务基层项目工作经历"":""无限制"",""是否在面试阶段组织专业能力测试"":""否"",""面试人员比例"":""3:1"",""工作地点"":""山东省"",""落户地点"":""山东省济南市"",""备注"":""1.咨询电话：0531-82422898。2.职位要求专业为报考者最高学历对应专业。3.招考对象为应届高校毕业生。4.工作强度大、任务重，限男性。5.按照招录人民警察要求开展体能测评。6.符合公安部网站补充公告有关要求。7.服从处内二次分配。8.最低服务年限5年。"",""部门网站"":""无"",""咨询电话1"":""0531-82422898"",""咨询电话2"":"""",""咨询电话3"":"""",""来源Sheet"":""中央国家行政机关省级以下直属机构""}}"
"government_jobs","国家公务员2025招考简章","公务员/事业单位技术岗位","山东省","2026-07-28T09:12:58.310295+00:00","济南铁路公安处基层所队民警","济南铁路公安局","","山东省","公务员/事业单位;2025;computer_software;data_ai;本科及以上;与最高学历相对应的学位;大学本科：0809计算机类；研究生：0812计算机科学与技术;行政执法类","用人司局：济南铁路公安局
职位简介：主要从事火车站及线路治安管理、计算机维护、数据分析等工作
专业要求：大学本科：0809计算机类；研究生：0812计算机科学与技术
学历要求：本科及以上
学位要求：与最高学历相对应的学位
政治面貌：中共党员或共青团员
基层工作经历：无限制
考试类别：行政执法类
备注：1.咨询电话：0531-82422898。2.职位要求专业为报考者最高学历对应专业。3.招考对象为应届高校毕业生。4.按照招录人民警察要求开展体能测评。5.符合公安部网站补充公告有关要求。6.服从处内二次分配。7.最低服务年限5年。","https://www.xjhc.gov.cn/xjhc/c116834/202410/a29382e11a674da3be3353af65f9fcc5.shtml#109209-300130849013","2024-10-14","{""dataset_year"":2025,""job_uid"":""GOV-2025-109209-300130849013"",""publisher"":""国家公务员局"",""publication_page"":""https://www.xjhc.gov.cn/xjhc/c116834/202410/a29382e11a674da3be3353af65f9fcc5.shtml"",""attachment_url"":""https://www.xjhc.gov.cn/xjhc/c116834/202410/a29382e11a674da3be3353af65f9fcc5/files/0536cef86e2b46ddad6aae5a3780089e.xls"",""local_source_file"":""2025_guokao_zhaokaojianzhang.xls"",""local_source_sha256"":""07ae6cab368cd21b7a1ac3e8150fe9a3d39ad5171ce76135ff3cccfe50c3e77e"",""source_sheet"":""中央国家行政机关省级以下直属机构"",""filter_version"":""government_tech_v2"",""tech_filter"":{""is_tech"":true,""is_core_tech"":true,""scope"":""core"",""categories"":[""computer_software"",""data_ai""],""matched_fields"":[""major"",""description""],""major_terms"":[""计算机科学与技术"",""计算机类""],""role_terms"":[""数据分析"",""计算机""],""reason"":""tech_major_and_role""},""original"":{""部门代码"":""109209"",""部门名称"":""济南铁路公安局"",""用人司局"":""济南铁路公安局"",""机构性质"":""中央国家行政机关省级以下直属机构"",""招考职位"":""济南铁路公安处基层所队民警"",""职位属性"":""公安机关人民警察职位"",""职位分布"":""其他职位"",""职位简介"":""主要从事火车站及线路治安管理、计算机维护、数据分析等工作"",""职位代码"":""300130849013"",""机构层级"":""市（地）级"",""考试类别"":""行政执法类"",""招考人数"":""1"",""专业"":""大学本科：0809计算机类；研究生：0812计算机科学与技术"",""学历"":""本科及以上"",""学位"":""与最高学历相对应的学位"",""政治面貌"":""中共党员或共青团员"",""基层工作最低年限"":""无限制"",""服务基层项目工作经历"":""无限制"",""是否在面试阶段组织专业能力测试"":""否"",""面试人员比例"":""3:1"",""工作地点"":""山东省"",""落户地点"":""山东省济南市"",""备注"":""1.咨询电话：0531-82422898。2.职位要求专业为报考者最高学历对应专业。3.招考对象为应届高校毕业生。4.按照招录人民警察要求开展体能测评。5.符合公安部网站补充公告有关要求。6.服从处内二次分配。7.最低服务年限5年。"",""部门网站"":""无"",""咨询电话1"":""0531-82422898"",""咨询电话2"":"""",""咨询电话3"":"""",""来源Sheet"":""中央国家行政机关省级以下直属机构""}}"
"government_jobs","国家公务员2025招考简章","公务员/事业单位技术岗位","湖南省怀化市","2026-07-28T09:12:58.310295+00:00","怀化铁路公安处基层所队民警","广州铁路公安局","","湖南省怀化市","公务员/事业单位;2025;computer_software;electronics_communication;本科及以上;与最高学历相对应的学位;大学本科：080701电子信息工程、080702电子科学与技术、080703通信工程、080706信息工程；研究生：0812计算机科学与技术;行政执法类","用人司局：广州铁路公安局
职位简介：主要从事基层所队执法执勤及计算机相关工作
专业要求：大学本科：080701电子信息工程、080702电子科学与技术、080703通信工程、080706信息工程；研究生：0812计算机科学与技术
学历要求：本科及以上
学位要求：与最高学历相对应的学位
政治面貌：中共党员或共青团员
基层工作经历：无限制
考试类别：行政执法类
备注：1.咨询电话：020-61323488。2.职位要求专业为报考者最高学历对应专业。3.限应届毕业生报考。4.工作强度大、任务重，限男性。5.按照招录人民警察要求开展体能测评。6.符合公安部网站补充公告有关要求。7.服从处内二次分配。","https://www.xjhc.gov.cn/xjhc/c116834/202410/a29382e11a674da3be3353af65f9fcc5.shtml#109212-300130851009","2024-10-14","{""dataset_year"":2025,""job_uid"":""GOV-2025-109212-300130851009"",""publisher"":""国家公务员局"",""publication_page"":""https://www.xjhc.gov.cn/xjhc/c116834/202410/a29382e11a674da3be3353af65f9fcc5.shtml"",""attachment_url"":""https://www.xjhc.gov.cn/xjhc/c116834/202410/a29382e11a674da3be3353af65f9fcc5/files/0536cef86e2b46ddad6aae5a3780089e.xls"",""local_source_file"":""2025_guokao_zhaokaojianzhang.xls"",""local_source_sha256"":""07ae6cab368cd21b7a1ac3e8150fe9a3d39ad5171ce76135ff3cccfe50c3e77e"",""source_sheet"":""中央国家行政机关省级以下直属机构"",""filter_version"":""government_tech_v2"",""tech_filter"":{""is_tech"":true,""is_core_tech"":true,""scope"":""core"",""categories"":[""computer_software"",""electronics_communication""],""matched_fields"":[""major"",""description""],""major_terms"":[""电子信息工程"",""电子科学与技术"",""计算机科学与技术"",""通信工程""],""role_terms"":[""计算机""],""reason"":""tech_major_and_role""},""original"":{""部门代码"":""109212"",""部门名称"":""广州铁路公安局"",""用人司局"":""广州铁路公安局"",""机构性质"":""中央国家行政机关省级以下直属机构"",""招考职位"":""怀化铁路公安处基层所队民警"",""职位属性"":""公安机关人民警察职位"",""职位分布"":""其他职位"",""职位简介"":""主要从事基层所队执法执勤及计算机相关工作"",""职位代码"":""300130851009"",""机构层级"":""市（地）级"",""考试类别"":""行政执法类"",""招考人数"":""5"",""专业"":""大学本科：080701电子信息工程、080702电子科学与技术、080703通信工程、080706信息工程；研究生：0812计算机科学与技术"",""学历"":""本科及以上"",""学位"":""与最高学历相对应的学位"",""政治面貌"":""中共党员或共青团员"",""基层工作最低年限"":""无限制"",""服务基层项目工作经历"":""无限制"",""是否在面试阶段组织专业能力测试"":""否"",""面试人员比例"":""3:1"",""工作地点"":""湖南省怀化市"",""落户地点"":""湖南省怀化市"",""备注"":""1.咨询电话：020-61323488。2.职位要求专业为报考者最高学历对应专业。3.限应届毕业生报考。4.工作强度大、任务重，限男性。5.按照招录人民警察要求开展体能测评。6.符合公安部网站补充公告有关要求。7.服从处内二次分配。"",""部门网站"":""无"",""咨询电话1"":""020-61323488"",""咨询电话2"":"""",""咨询电话3"":"""",""来源Sheet"":""中央国家行政机关省级以下直属机构""}}"
"government_jobs","国家公务员2025招考简章","公务员/事业单位技术岗位","湖南省怀化市","2026-07-28T09:12:58.310295+00:00","怀化铁路公安处基层所队民警","广州铁路公安局","","湖南省怀化市","公务员/事业单位;2025;computer_software;本科及以上;与最高学历相对应的学位;大学本科：0809计算机类；研究生：0812计算机科学与技术;行政执法类","用人司局：广州铁路公安局
职位简介：主要从事基层所队执法执勤及计算机相关工作
专业要求：大学本科：0809计算机类；研究生：0812计算机科学与技术
学历要求：本科及以上
学位要求：与最高学历相对应的学位
政治面貌：中共党员或共青团员
基层工作经历：无限制
考试类别：行政执法类
备注：1.咨询电话：020-61323488。2.职位要求专业为报考者最高学历对应专业。3.限应届毕业生报考。4.工作强度大、任务重，限男性。5.按照招录人民警察要求开展体能测评。6.符合公安部网站补充公告有关要求。7.服从处内二次分配。","https://www.xjhc.gov.cn/xjhc/c116834/202410/a29382e11a674da3be3353af65f9fcc5.shtml#109212-300130851011","2024-10-14","{""dataset_year"":2025,""job_uid"":""GOV-2025-109212-300130851011"",""publisher"":""国家公务员局"",""publication_page"":""https://www.xjhc.gov.cn/xjhc/c116834/202410/a29382e11a674da3be3353af65f9fcc5.shtml"",""attachment_url"":""https://www.xjhc.gov.cn/xjhc/c116834/202410/a29382e11a674da3be3353af65f9fcc5/files/0536cef86e2b46ddad6aae5a3780089e.xls"",""local_source_file"":""2025_guokao_zhaokaojianzhang.xls"",""local_source_sha256"":""07ae6cab368cd21b7a1ac3e8150fe9a3d39ad5171ce76135ff3cccfe50c3e77e"",""source_sheet"":""中央国家行政机关省级以下直属机构"",""filter_version"":""government_tech_v2"",""tech_filter"":{""is_tech"":true,""is_core_tech"":true,""scope"":""core"",""categories"":[""computer_software""],""matched_fields"":[""major"",""description""],""major_terms"":[""计算机科学与技术"",""计算机类""],""role_terms"":[""计算机""],""reason"":""tech_major_and_role""},""original"":{""部门代码"":""109212"",""部门名称"":""广州铁路公安局"",""用人司局"":""广州铁路公安局"",""机构性质"":""中央国家行政机关省级以下直属机构"",""招考职位"":""怀化铁路公安处基层所队民警"",""职位属性"":""公安机关人民警察职位"",""职位分布"":""其他职位"",""职位简介"":""主要从事基层所队执法执勤及计算机相关工作"",""职位代码"":""300130851011"",""机构层级"":""市（地）级"",""考试类别"":""行政执法类"",""招考人数"":""5"",""专业"":""大学本科：0809计算机类；研究生：0812计算机科学与技术"",""学历"":""本科及以上"",""学位"":""与最高学历相对应的学位"",""政治面貌"":""中共党员或共青团员"",""基层工作最低年限"":""无限制"",""服务基层项目工作经历"":""无限制"",""是否在面试阶段组织专业能力测试"":""否"",""面试人员比例"":""3:1"",""工作地点"":""湖南省怀化市"",""落户地点"":""湖南省怀化市"",""备注"":""1.咨询电话：020-61323488。2.职位要求专业为报考者最高学历对应专业。3.限应届毕业生报考。4.工作强度大、任务重，限男性。5.按照招录人民警察要求开展体能测评。6.符合公安部网站补充公告有关要求。7.服从处内二次分配。"",""部门网站"":""无"",""咨询电话1"":""020-61323488"",""咨询电话2"":"""",""咨询电话3"":"""",""来源Sheet"":""中央国家行政机关省级以下直属机构""}}"
"government_jobs","国家公务员2025招考简章","公务员/事业单位技术岗位","湖南省怀化市","2026-07-28T09:12:58.310295+00:00","怀化铁路公安处基层所队民警","广州铁路公安局","","湖南省怀化市","公务员/事业单位;2025;computer_software;本科及以上;与最高学历相对应的学位;大学本科：0809计算机类；研究生：0812计算机科学与技术;行政执法类","用人司局：广州铁路公安局
职位简介：主要从事基层所队执法执勤及计算机相关工作
专业要求：大学本科：0809计算机类；研究生：0812计算机科学与技术
学历要求：本科及以上
学位要求：与最高学历相对应的学位
政治面貌：中共党员或共青团员
基层工作经历：无限制
考试类别：行政执法类
备注：1.咨询电话：020-61323488。2.职位要求专业为报考者最高学历对应专业。3.限应届毕业生报考。4.工作强度大、任务重，限男性。5.按照招录人民警察要求开展体能测评。6.符合公安部网站补充公告有关要求。7.服从处内二次分配。","https://www.xjhc.gov.cn/xjhc/c116834/202410/a29382e11a674da3be3353af65f9fcc5.shtml#109212-300130851018","2024-10-14","{""dataset_year"":2025,""job_uid"":""GOV-2025-109212-300130851018"",""publisher"":""国家公务员局"",""publication_page"":""https://www.xjhc.gov.cn/xjhc/c116834/202410/a29382e11a674da3be3353af65f9fcc5.shtml"",""attachment_url"":""https://www.xjhc.gov.cn/xjhc/c116834/202410/a29382e11a674da3be3353af65f9fcc5/files/0536cef86e2b46ddad6aae5a3780089e.xls"",""local_source_file"":""2025_guokao_zhaokaojianzhang.xls"",""local_source_sha256"":""07ae6cab368cd21b7a1ac3e8150fe9a3d39ad5171ce76135ff3cccfe50c3e77e"",""source_sheet"":""中央国家行政机关省级以下直属机构"",""filter_version"":""government_tech_v2"",""tech_filter"":{""is_tech"":true,""is_core_tech"":true,""scope"":""core"",""categories"":[""computer_software""],""matched_fields"":[""major"",""description""],""major_terms"":[""计算机科学与技术"",""计算机类""],""role_terms"":[""计算机""],""reason"":""tech_major_and_role""},""original"":{""部门代码"":""109212"",""部门名称"":""广州铁路公安局"",""用人司局"":""广州铁路公安局"",""机构性质"":""中央国家行政机关省级以下直属机构"",""招考职位"":""怀化铁路公安处基层所队民警"",""职位属性"":""公安机关人民警察职位"",""职位分布"":""其他职位"",""职位简介"":""主要从事基层所队执法执勤及计算机相关工作"",""职位代码"":""300130851018"",""机构层级"":""市（地）级"",""考试类别"":""行政执法类"",""招考人数"":""5"",""专业"":""大学本科：0809计算机类；研究生：0812计算机科学与技术"",""学历"":""本科及以上"",""学位"":""与最高学历相对应的学位"",""政治面貌"":""中共党员或共青团员"",""基层工作最低年限"":""无限制"",""服务基层项目工作经历"":""无限制"",""是否在面试阶段组织专业能力测试"":""否"",""面试人员比例"":""3:1"",""工作地点"":""湖南省怀化市"",""落户地点"":""湖南省怀化市"",""备注"":""1.咨询电话：020-61323488。2.职位要求专业为报考者最高学历对应专业。3.限应届毕业生报考。4.工作强度大、任务重，限男性。5.按照招录人民警察要求开展体能测评。6.符合公安部网站补充公告有关要求。7.服从处内二次分配。"",""部门网站"":""无"",""咨询电话1"":""020-61323488"",""咨询电话2"":"""",""咨询电话3"":"""",""来源Sheet"":""中央国家行政机关省级以下直属机构""}}"
"government_jobs","国家公务员2025招考简章","公务员/事业单位技术岗位","广东省广州市","2026-07-28T09:12:58.310295+00:00","广州铁路公安处基层所队民警","广州铁路公安局","","广东省广州市","公务员/事业单位;2025;computer_software;本科及以上;与最高学历相对应的学位;大学本科：0809计算机类；研究生：0812计算机科学与技术;行政执法类","用人司局：广州铁路公安局
职位简介：主要从事基层所队执法执勤及计算机相关工作
专业要求：大学本科：0809计算机类；研究生：0812计算机科学与技术
学历要求：本科及以上
学位要求：与最高学历相对应的学位
政治面貌：中共党员或共青团员
基层工作经历：无限制
考试类别：行政执法类
备注：1.咨询电话：020-61323488。2.职位要求专业为报考者最高学历对应专业。3.限应届毕业生报考。4.按照招录人民警察要求开展体能测评。5.符合公安部网站补充公告有关要求。6.服从处内二次分配。","https://www.xjhc.gov.cn/xjhc/c116834/202410/a29382e11a674da3be3353af65f9fcc5.shtml#109212-300130851025","2024-10-14","{""dataset_year"":2025,""job_uid"":""GOV-2025-109212-300130851025"",""publisher"":""国家公务员局"",""publication_page"":""https://www.xjhc.gov.cn/xjhc/c116834/202410/a29382e11a674da3be3353af65f9fcc5.shtml"",""attachment_url"":""https://www.xjhc.gov.cn/xjhc/c116834/202410/a29382e11a674da3be3353af65f9fcc5/files/0536cef86e2b46ddad6aae5a3780089e.xls"",""local_source_file"":""2025_guokao_zhaokaojianzhang.xls"",""local_source_sha256"":""07ae6cab368cd21b7a1ac3e8150fe9a3d39ad5171ce76135ff3cccfe50c3e77e"",""source_sheet"":""中央国家行政机关省级以下直属机构"",""filter_version"":""government_tech_v2"",""tech_filter"":{""is_tech"":true,""is_core_tech"":true,""scope"":""core"",""categories"":[""computer_software""],""matched_fields"":[""major"",""description""],""major_terms"":[""计算机科学与技术"",""计算机类""],""role_terms"":[""计算机""],""reason"":""tech_major_and_role""},""original"":{""部门代码"":""109212"",""部门名称"":""广州铁路公安局"",""用人司局"":""广州铁路公安局"",""机构性质"":""中央国家行政机关省级以下直属机构"",""招考职位"":""广州铁路公安处基层所队民警"",""职位属性"":""公安机关人民警察职位"",""职位分布"":""其他职位"",""职位简介"":""主要从事基层所队执法执勤及计算机相关工作"",""职位代码"":""300130851025"",""机构层级"":""市（地）级"",""考试类别"":""行政执法类"",""招考人数"":""1"",""专业"":""大学本科：0809计算机类；研究生：0812计算机科学与技术"",""学历"":""本科及以上"",""学位"":""与最高学历相对应的学位"",""政治面貌"":""中共党员或共青团员"",""基层工作最低年限"":""无限制"",""服务基层项目工作经历"":""无限制"",""是否在面试阶段组织专业能力测试"":""否"",""面试人员比例"":""3:1"",""工作地点"":""广东省广州市"",""落户地点"":""广东省广州市"",""备注"":""1.咨询电话：020-61323488。2.职位要求专业为报考者最高学历对应专业。3.限应届毕业生报考。4.按照招录人民警察要求开展体能测评。5.符合公安部网站补充公告有关要求。6.服从处内二次分配。"",""部门网站"":""无"",""咨询电话1"":""020-61323488"",""咨询电话2"":"""",""咨询电话3"":"""",""来源Sheet"":""中央国家行政机关省级以下直属机构""}}"
"government_jobs","国家公务员2025招考简章","公务员/事业单位技术岗位","广东省韶关市","2026-07-28T09:12:58.310295+00:00","广州铁路公安处基层所队民警","广州铁路公安局","","广东省韶关市","公务员/事业单位;2025;computer_software;electronics_communication;本科及以上;与最高学历相对应的学位;大学本科：080701电子信息工程、080702电子科学与技术、080703通信工程、080706信息工程；研究生：0812计算机科学与技术;行政执法类","用人司局：广州铁路公安局
职位简介：主要从事基层所队执法执勤及计算机相关工作
专业要求：大学本科：080701电子信息工程、080702电子科学与技术、080703通信工程、080706信息工程；研究生：0812计算机科学与技术
学历要求：本科及以上
学位要求：与最高学历相对应的学位
政治面貌：中共党员或共青团员
基层工作经历：无限制
考试类别：行政执法类
备注：1.咨询电话：020-61323488。2.职位要求专业为报考者最高学历对应专业。3.限应届毕业生报考。4.按照招录人民警察要求开展体能测评。5.符合公安部网站补充公告有关要求。6.服从处内二次分配。","https://www.xjhc.gov.cn/xjhc/c116834/202410/a29382e11a674da3be3353af65f9fcc5.shtml#109212-300130851026","2024-10-14","{""dataset_year"":2025,""job_uid"":""GOV-2025-109212-300130851026"",""publisher"":""国家公务员局"",""publication_page"":""https://www.xjhc.gov.cn/xjhc/c116834/202410/a29382e11a674da3be3353af65f9fcc5.shtml"",""attachment_url"":""https://www.xjhc.gov.cn/xjhc/c116834/202410/a29382e11a674da3be3353af65f9fcc5/files/0536cef86e2b46ddad6aae5a3780089e.xls"",""local_source_file"":""2025_guokao_zhaokaojianzhang.xls"",""local_source_sha256"":""07ae6cab368cd21b7a1ac3e8150fe9a3d39ad5171ce76135ff3cccfe50c3e77e"",""source_sheet"":""中央国家行政机关省级以下直属机构"",""filter_version"":""government_tech_v2"",""tech_filter"":{""is_tech"":true,""is_core_tech"":true,""scope"":""core"",""categories"":[""computer_software"",""electronics_communication""],""matched_fields"":[""major"",""description""],""major_terms"":[""电子信息工程"",""电子科学与技术"",""计算机科学与技术"",""通信工程""],""role_terms"":[""计算机""],""reason"":""tech_major_and_role""},""original"":{""部门代码"":""109212"",""部门名称"":""广州铁路公安局"",""用人司局"":""广州铁路公安局"",""机构性质"":""中央国家行政机关省级以下直属机构"",""招考职位"":""广州铁路公安处基层所队民警"",""职位属性"":""公安机关人民警察职位"",""职位分布"":""其他职位"",""职位简介"":""主要从事基层所队执法执勤及计算机相关工作"",""职位代码"":""300130851026"",""机构层级"":""市（地）级"",""考试类别"":""行政执法类"",""招考人数"":""1"",""专业"":""大学本科：080701电子信息工程、080702电子科学与技术、080703通信工程、080706信息工程；研究生：0812计算机科学与技术"",""学历"":""本科及以上"",""学位"":""与最高学历相对应的学位"",""政治面貌"":""中共党员或共青团员"",""基层工作最低年限"":""无限制"",""服务基层项目工作经历"":""无限制"",""是否在面试阶段组织专业能力测试"":""否"",""面试人员比例"":""3:1"",""工作地点"":""广东省韶关市"",""落户地点"":""广东省广州市"",""备注"":""1.咨询电话：020-61323488。2.职位要求专业为报考者最高学历对应专业。3.限应届毕业生报考。4.按照招录人民警察要求开展体能测评。5.符合公安部网站补充公告有关要求。6.服从处内二次分配。"",""部门网站"":""无"",""咨询电话1"":""020-61323488"",""咨询电话2"":"""",""咨询电话3"":"""",""来源Sheet"":""中央国家行政机关省级以下直属机构""}}"
"government_jobs","国家公务员2025招考简章","公务员/事业单位技术岗位","广东省广州市","2026-07-28T09:12:58.310295+00:00","广州铁路公安处基层所队民警","广州铁路公安局","","广东省广州市","公务员/事业单位;2025;computer_software;本科及以上;与最高学历相对应的学位;大学本科：0809计算机类；研究生：0812计算机科学与技术;行政执法类","用人司局：广州铁路公安局
职位简介：主要从事基层所队执法执勤及计算机相关工作
专业要求：大学本科：0809计算机类；研究生：0812计算机科学与技术
学历要求：本科及以上
学位要求：与最高学历相对应的学位
政治面貌：中共党员或共青团员
基层工作经历：无限制
考试类别：行政执法类
备注：1.咨询电话：020-61323488。2.职位要求专业为报考者最高学历对应专业。3.限应届毕业生报考。4.工作强度大、任务重，限男性。5.按照招录人民警察要求开展体能测评。6.符合公安部网站补充公告有关要求。7.服从处内二次分配。","https://www.xjhc.gov.cn/xjhc/c116834/202410/a29382e11a674da3be3353af65f9fcc5.shtml#109212-300130851042","2024-10-14","{""dataset_year"":2025,""job_uid"":""GOV-2025-109212-300130851042"",""publisher"":""国家公务员局"",""publication_page"":""https://www.xjhc.gov.cn/xjhc/c116834/202410/a29382e11a674da3be3353af65f9fcc5.shtml"",""attachment_url"":""https://www.xjhc.gov.cn/xjhc/c116834/202410/a29382e11a674da3be3353af65f9fcc5/files/0536cef86e2b46ddad6aae5a3780089e.xls"",""local_source_file"":""2025_guokao_zhaokaojianzhang.xls"",""local_source_sha256"":""07ae6cab368cd21b7a1ac3e8150fe9a3d39ad5171ce76135ff3cccfe50c3e77e"",""source_sheet"":""中央国家行政机关省级以下直属机构"",""filter_version"":""government_tech_v2"",""tech_filter"":{""is_tech"":true,""is_core_tech"":true,""scope"":""core"",""categories"":[""computer_software""],""matched_fields"":[""major"",""description""],""major_terms"":[""计算机科学与技术"",""计算机类""],""role_terms"":[""计算机""],""reason"":""tech_major_and_role""},""original"":{""部门代码"":""109212"",""部门名称"":""广州铁路公安局"",""用人司局"":""广州铁路公安局"",""机构性质"":""中央国家行政机关省级以下直属机构"",""招考职位"":""广州铁路公安处基层所队民警"",""职位属性"":""公安机关人民警察职位"",""职位分布"":""其他职位"",""职位简介"":""主要从事基层所队执法执勤及计算机相关工作"",""职位代码"":""300130851042"",""机构层级"":""市（地）级"",""考试类别"":""行政执法类"",""招考人数"":""5"",""专业"":""大学本科：0809计算机类；研究生：0812计算机科学与技术"",""学历"":""本科及以上"",""学位"":""与最高学历相对应的学位"",""政治面貌"":""中共党员或共青团员"",""基层工作最低年限"":""无限制"",""服务基层项目工作经历"":""无限制"",""是否在面试阶段组织专业能力测试"":""否"",""面试人员比例"":""3:1"",""工作地点"":""广东省广州市"",""落户地点"":""广东省广州市"",""备注"":""1.咨询电话：020-61323488。2.职位要求专业为报考者最高学历对应专业。3.限应届毕业生报考。4.工作强度大、任务重，限男性。5.按照招录人民警察要求开展体能测评。6.符合公安部网站补充公告有关要求。7.服从处内二次分配。"",""部门网站"":""无"",""咨询电话1"":""020-61323488"",""咨询电话2"":"""",""咨询电话3"":"""",""来源Sheet"":""中央国家行政机关省级以下直属机构""}}"
"government_jobs","国家公务员2025招考简章","公务员/事业单位技术岗位","广东省珠海市","2026-07-28T09:12:58.310295+00:00","广州铁路公安处基层所队民警","广州铁路公安局","","广东省珠海市","公务员/事业单位;2025;automation_robotics;computer_software;本科及以上;与最高学历相对应的学位;大学本科：0808自动化类；研究生：0812计算机科学与技术;行政执法类","用人司局：广州铁路公安局
职位简介：主要从事基层所队执法执勤及计算机相关工作
专业要求：大学本科：0808自动化类；研究生：0812计算机科学与技术
学历要求：本科及以上
学位要求：与最高学历相对应的学位
政治面貌：中共党员或共青团员
基层工作经历：无限制
考试类别：行政执法类
备注：1.咨询电话：020-61323488。2.职位要求专业为报考者最高学历对应专业。3.限应届毕业生报考。4.工作强度大、任务重，限男性。5.按照招录人民警察要求开展体能测评。6.符合公安部网站补充公告有关要求。7.服从处内二次分配。","https://www.xjhc.gov.cn/xjhc/c116834/202410/a29382e11a674da3be3353af65f9fcc5.shtml#109212-300130851043","2024-10-14","{""dataset_year"":2025,""job_uid"":""GOV-2025-109212-300130851043"",""publisher"":""国家公务员局"",""publication_page"":""https://www.xjhc.gov.cn/xjhc/c116834/202410/a29382e11a674da3be3353af65f9fcc5.shtml"",""attachment_url"":""https://www.xjhc.gov.cn/xjhc/c116834/202410/a29382e11a674da3be3353af65f9fcc5/files/0536cef86e2b46ddad6aae5a3780089e.xls"",""local_source_file"":""2025_guokao_zhaokaojianzhang.xls"",""local_source_sha256"":""07ae6cab368cd21b7a1ac3e8150fe9a3d39ad5171ce76135ff3cccfe50c3e77e"",""source_sheet"":""中央国家行政机关省级以下直属机构"",""filter_version"":""government_tech_v2"",""tech_filter"":{""is_tech"":true,""is_core_tech"":true,""scope"":""core"",""categories"":[""automation_robotics"",""computer_software""],""matched_fields"":[""major"",""description""],""major_terms"":[""自动化类"",""计算机科学与技术""],""role_terms"":[""计算机""],""reason"":""tech_major_and_role""},""original"":{""部门代码"":""109212"",""部门名称"":""广州铁路公安局"",""用人司局"":""广州铁路公安局"",""机构性质"":""中央国家行政机关省级以下直属机构"",""招考职位"":""广州铁路公安处基层所队民警"",""职位属性"":""公安机关人民警察职位"",""职位分布"":""其他职位"",""职位简介"":""主要从事基层所队执法执勤及计算机相关工作"",""职位代码"":""300130851043"",""机构层级"":""市（地）级"",""考试类别"":""行政执法类"",""招考人数"":""5"",""专业"":""大学本科：0808自动化类；研究生：0812计算机科学与技术"",""学历"":""本科及以上"",""学位"":""与最高学历相对应的学位"",""政治面貌"":""中共党员或共青团员"",""基层工作最低年限"":""无限制"",""服务基层项目工作经历"":""无限制"",""是否在面试阶段组织专业能力测试"":""否"",""面试人员比例"":""3:1"",""工作地点"":""广东省珠海市"",""落户地点"":""广东省广州市"",""备注"":""1.咨询电话：020-61323488。2.职位要求专业为报考者最高学历对应专业。3.限应届毕业生报考。4.工作强度大、任务重，限男性。5.按照招录人民警察要求开展体能测评。6.符合公安部网站补充公告有关要求。7.服从处内二次分配。"",""部门网站"":""无"",""咨询电话1"":""020-61323488"",""咨询电话2"":"""",""咨询电话3"":"""",""来源Sheet"":""中央国家行政机关省级以下直属机构""}}"
"government_jobs","国家公务员2025招考简章","公务员/事业单位技术岗位","湖南省衡阳市","2026-07-28T09:12:58.310295+00:00","衡阳铁路公安处基层所队民警","广州铁路公安局","","湖南省衡阳市","公务员/事业单位;2025;computer_software;本科及以上;与最高学历相对应的学位;大学本科：0809计算机类；研究生：0812计算机科学与技术;行政执法类","用人司局：广州铁路公安局
职位简介：主要从事基层所队执法执勤及计算机相关工作
专业要求：大学本科：0809计算机类；研究生：0812计算机科学与技术
学历要求：本科及以上
学位要求：与最高学历相对应的学位
政治面貌：中共党员或共青团员
基层工作经历：无限制
考试类别：行政执法类
备注：1.咨询电话：020-61323488。2.职位要求专业为报考者最高学历对应专业。3.限应届毕业生报考。4.工作强度大、任务重，限男性。5.按照招录人民警察要求开展体能测评。6.符合公安部网站补充公告有关要求。7.服从处内二次分配。","https://www.xjhc.gov.cn/xjhc/c116834/202410/a29382e11a674da3be3353af65f9fcc5.shtml#109212-300130851067","2024-10-14","{""dataset_year"":2025,""job_uid"":""GOV-2025-109212-300130851067"",""publisher"":""国家公务员局"",""publication_page"":""https://www.xjhc.gov.cn/xjhc/c116834/202410/a29382e11a674da3be3353af65f9fcc5.shtml"",""attachment_url"":""https://www.xjhc.gov.cn/xjhc/c116834/202410/a29382e11a674da3be3353af65f9fcc5/files/0536cef86e2b46ddad6aae5a3780089e.xls"",""local_source_file"":""2025_guokao_zhaokaojianzhang.xls"",""local_source_sha256"":""07ae6cab368cd21b7a1ac3e8150fe9a3d39ad5171ce76135ff3cccfe50c3e77e"",""source_sheet"":""中央国家行政机关省级以下直属机构"",""filter_version"":""government_tech_v2"",""tech_filter"":{""is_tech"":true,""is_core_tech"":true,""scope"":""core"",""categories"":[""computer_software""],""matched_fields"":[""major"",""description""],""major_terms"":[""计算机科学与技术"",""计算机类""],""role_terms"":[""计算机""],""reason"":""tech_major_and_role""},""original"":{""部门代码"":""109212"",""部门名称"":""广州铁路公安局"",""用人司局"":""广州铁路公安局"",""机构性质"":""中央国家行政机关省级以下直属机构"",""招考职位"":""衡阳铁路公安处基层所队民警"",""职位属性"":""公安机关人民警察职位"",""职位分布"":""其他职位"",""职位简介"":""主要从事基层所队执法执勤及计算机相关工作"",""职位代码"":""300130851067"",""机构层级"":""市（地）级"",""考试类别"":""行政执法类"",""招考人数"":""4"",""专业"":""大学本科：0809计算机类；研究生：0812计算机科学与技术"",""学历"":""本科及以上"",""学位"":""与最高学历相对应的学位"",""政治面貌"":""中共党员或共青团员"",""基层工作最低年限"":""无限制"",""服务基层项目工作经历"":""无限制"",""是否在面试阶段组织专业能力测试"":""否"",""面试人员比例"":""3:1"",""工作地点"":""湖南省衡阳市"",""落户地点"":""湖南省衡阳市"",""备注"":""1.咨询电话：020-61323488。2.职位要求专业为报考者最高学历对应专业。3.限应届毕业生报考。4.工作强度大、任务重，限男性。5.按照招录人民警察要求开展体能测评。6.符合公安部网站补充公告有关要求。7.服从处内二次分配。"",""部门网站"":""无"",""咨询电话1"":""020-61323488"",""咨询电话2"":"""",""咨询电话3"":"""",""来源Sheet"":""中央国家行政机关省级以下直属机构""}}"
"government_jobs","国家公务员2025招考简章","公务员/事业单位技术岗位","广东省深圳市","2026-07-28T09:12:58.310295+00:00","深圳铁路公安处基层所队民警","广州铁路公安局","","广东省深圳市","公务员/事业单位;2025;computer_software;本科及以上;与最高学历相对应的学位;大学本科：0809计算机类；研究生：0812计算机科学与技术;行政执法类","用人司局：广州铁路公安局
职位简介：主要从事基层所队执法执勤及计算机相关工作
专业要求：大学本科：0809计算机类；研究生：0812计算机科学与技术
学历要求：本科及以上
学位要求：与最高学历相对应的学位
政治面貌：中共党员或共青团员
基层工作经历：无限制
考试类别：行政执法类
备注：1.咨询电话：020-61323488。2.职位要求专业为报考者最高学历对应专业。3.限应届毕业生报考。4.工作强度大、任务重，限男性。5.按照招录人民警察要求开展体能测评。6.符合公安部网站补充公告有关要求。7.服从处内二次分配。","https://www.xjhc.gov.cn/xjhc/c116834/202410/a29382e11a674da3be3353af65f9fcc5.shtml#109212-300130851071","2024-10-14","{""dataset_year"":2025,""job_uid"":""GOV-2025-109212-300130851071"",""publisher"":""国家公务员局"",""publication_page"":""https://www.xjhc.gov.cn/xjhc/c116834/202410/a29382e11a674da3be3353af65f9fcc5.shtml"",""attachment_url"":""https://www.xjhc.gov.cn/xjhc/c116834/202410/a29382e11a674da3be3353af65f9fcc5/files/0536cef86e2b46ddad6aae5a3780089e.xls"",""local_source_file"":""2025_guokao_zhaokaojianzhang.xls"",""local_source_sha256"":""07ae6cab368cd21b7a1ac3e8150fe9a3d39ad5171ce76135ff3cccfe50c3e77e"",""source_sheet"":""中央国家行政机关省级以下直属机构"",""filter_version"":""government_tech_v2"",""tech_filter"":{""is_tech"":true,""is_core_tech"":true,""scope"":""core"",""categories"":[""computer_software""],""matched_fields"":[""major"",""description""],""major_terms"":[""计算机科学与技术"",""计算机类""],""role_terms"":[""计算机""],""reason"":""tech_major_and_role""},""original"":{""部门代码"":""109212"",""部门名称"":""广州铁路公安局"",""用人司局"":""广州铁路公安局"",""机构性质"":""中央国家行政机关省级以下直属机构"",""招考职位"":""深圳铁路公安处基层所队民警"",""职位属性"":""公安机关人民警察职位"",""职位分布"":""其他职位"",""职位简介"":""主要从事基层所队执法执勤及计算机相关工作"",""职位代码"":""300130851071"",""机构层级"":""市（地）级"",""考试类别"":""行政执法类"",""招考人数"":""1"",""专业"":""大学本科：0809计算机类；研究生：0812计算机科学与技术"",""学历"":""本科及以上"",""学位"":""与最高学历相对应的学位"",""政治面貌"":""中共党员或共青团员"",""基层工作最低年限"":""无限制"",""服务基层项目工作经历"":""无限制"",""是否在面试阶段组织专业能力测试"":""否"",""面试人员比例"":""3:1"",""工作地点"":""广东省深圳市"",""落户地点"":""广东省深圳市"",""备注"":""1.咨询电话：020-61323488。2.职位要求专业为报考者最高学历对应专业。3.限应届毕业生报考。4.工作强度大、任务重，限男性。5.按照招录人民警察要求开展体能测评。6.符合公安部网站补充公告有关要求。7.服从处内二次分配。"",""部门网站"":""无"",""咨询电话1"":""020-61323488"",""咨询电话2"":"""",""咨询电话3"":"""",""来源Sheet"":""中央国家行政机关省级以下直属机构""}}"
"government_jobs","国家公务员2025招考简章","公务员/事业单位技术岗位","海南省儋州市","2026-07-28T09:12:58.310295+00:00","海口铁路公安处基层所队民警","广州铁路公安局","","海南省儋州市","公务员/事业单位;2025;computer_software;本科及以上;与最高学历相对应的学位;大学本科：0809计算机类；研究生：0812计算机科学与技术;行政执法类","用人司局：广州铁路公安局
职位简介：主要从事基层所队执法执勤及计算机相关工作
专业要求：大学本科：0809计算机类；研究生：0812计算机科学与技术
学历要求：本科及以上
学位要求：与最高学历相对应的学位
政治面貌：中共党员或共青团员
基层工作经历：无限制
考试类别：行政执法类
备注：1.咨询电话：020-61323488。2.职位要求专业为报考者最高学历对应专业。3.限应届毕业生报考。4.工作强度大、任务重，限男性。5.按照招录人民警察要求开展体能测评。6.符合公安部网站补充公告有关要求。7.服从处内二次分配。","https://www.xjhc.gov.cn/xjhc/c116834/202410/a29382e11a674da3be3353af65f9fcc5.shtml#109212-300130851081","2024-10-14","{""dataset_year"":2025,""job_uid"":""GOV-2025-109212-300130851081"",""publisher"":""国家公务员局"",""publication_page"":""https://www.xjhc.gov.cn/xjhc/c116834/202410/a29382e11a674da3be3353af65f9fcc5.shtml"",""attachment_url"":""https://www.xjhc.gov.cn/xjhc/c116834/202410/a29382e11a674da3be3353af65f9fcc5/files/0536cef86e2b46ddad6aae5a3780089e.xls"",""local_source_file"":""2025_guokao_zhaokaojianzhang.xls"",""local_source_sha256"":""07ae6cab368cd21b7a1ac3e8150fe9a3d39ad5171ce76135ff3cccfe50c3e77e"",""source_sheet"":""中央国家行政机关省级以下直属机构"",""filter_version"":""government_tech_v2"",""tech_filter"":{""is_tech"":true,""is_core_tech"":true,""scope"":""core"",""categories"":[""computer_software""],""matched_fields"":[""major"",""description""],""major_terms"":[""计算机科学与技术"",""计算机类""],""role_terms"":[""计算机""],""reason"":""tech_major_and_role""},""original"":{""部门代码"":""109212"",""部门名称"":""广州铁路公安局"",""用人司局"":""广州铁路公安局"",""机构性质"":""中央国家行政机关省级以下直属机构"",""招考职位"":""海口铁路公安处基层所队民警"",""职位属性"":""公安机关人民警察职位"",""职位分布"":""其他职位"",""职位简介"":""主要从事基层所队执法执勤及计算机相关工作"",""职位代码"":""300130851081"",""机构层级"":""市（地）级"",""考试类别"":""行政执法类"",""招考人数"":""5"",""专业"":""大学本科：0809计算机类；研究生：0812计算机科学与技术"",""学历"":""本科及以上"",""学位"":""与最高学历相对应的学位"",""政治面貌"":""中共党员或共青团员"",""基层工作最低年限"":""无限制"",""服务基层项目工作经历"":""无限制"",""是否在面试阶段组织专业能力测试"":""否"",""面试人员比例"":""3:1"",""工作地点"":""海南省儋州市"",""落户地点"":""海南省海口市"",""备注"":""1.咨询电话：020-61323488。2.职位要求专业为报考者最高学历对应专业。3.限应届毕业生报考。4.工作强度大、任务重，限男性。5.按照招录人民警察要求开展体能测评。6.符合公安部网站补充公告有关要求。7.服从处内二次分配。"",""部门网站"":""无"",""咨询电话1"":""020-61323488"",""咨询电话2"":"""",""咨询电话3"":"""",""来源Sheet"":""中央国家行政机关省级以下直属机构""}}"
"government_jobs","国家公务员2025招考简章","公务员/事业单位技术岗位","海南省海口市","2026-07-28T09:12:58.310295+00:00","海口铁路公安处基层所队民警","广州铁路公安局","","海南省海口市","公务员/事业单位;2025;computer_software;本科及以上;与最高学历相对应的学位;大学本科：0809计算机类；研究生：0812计算机科学与技术;行政执法类","用人司局：广州铁路公安局
职位简介：主要从事基层所队执法执勤及计算机相关工作
专业要求：大学本科：0809计算机类；研究生：0812计算机科学与技术
学历要求：本科及以上
学位要求：与最高学历相对应的学位
政治面貌：中共党员或共青团员
基层工作经历：无限制
考试类别：行政执法类
备注：1.咨询电话：020-61323488。2.职位要求专业为报考者最高学历对应专业。3.限应届毕业生报考。4.工作强度大、任务重，限男性。5.按照招录人民警察要求开展体能测评。6.符合公安部网站补充公告有关要求。7.服从处内二次分配。","https://www.xjhc.gov.cn/xjhc/c116834/202410/a29382e11a674da3be3353af65f9fcc5.shtml#109212-300130851082","2024-10-14","{""dataset_year"":2025,""job_uid"":""GOV-2025-109212-300130851082"",""publisher"":""国家公务员局"",""publication_page"":""https://www.xjhc.gov.cn/xjhc/c116834/202410/a29382e11a674da3be3353af65f9fcc5.shtml"",""attachment_url"":""https://www.xjhc.gov.cn/xjhc/c116834/202410/a29382e11a674da3be3353af65f9fcc5/files/0536cef86e2b46ddad6aae5a3780089e.xls"",""local_source_file"":""2025_guokao_zhaokaojianzhang.xls"",""local_source_sha256"":""07ae6cab368cd21b7a1ac3e8150fe9a3d39ad5171ce76135ff3cccfe50c3e77e"",""source_sheet"":""中央国家行政机关省级以下直属机构"",""filter_version"":""government_tech_v2"",""tech_filter"":{""is_tech"":true,""is_core_tech"":true,""scope"":""core"",""categories"":[""computer_software""],""matched_fields"":[""major"",""description""],""major_terms"":[""计算机科学与技术"",""计算机类""],""role_terms"":[""计算机""],""reason"":""tech_major_and_role""},""original"":{""部门代码"":""109212"",""部门名称"":""广州铁路公安局"",""用人司局"":""广州铁路公安局"",""机构性质"":""中央国家行政机关省级以下直属机构"",""招考职位"":""海口铁路公安处基层所队民警"",""职位属性"":""公安机关人民警察职位"",""职位分布"":""其他职位"",""职位简介"":""主要从事基层所队执法执勤及计算机相关工作"",""职位代码"":""300130851082"",""机构层级"":""市（地）级"",""考试类别"":""行政执法类"",""招考人数"":""4"",""专业"":""大学本科：0809计算机类；研究生：0812计算机科学与技术"",""学历"":""本科及以上"",""学位"":""与最高学历相对应的学位"",""政治面貌"":""中共党员或共青团员"",""基层工作最低年限"":""无限制"",""服务基层项目工作经历"":""无限制"",""是否在面试阶段组织专业能力测试"":""否"",""面试人员比例"":""3:1"",""工作地点"":""海南省海口市"",""落户地点"":""海南省海口市"",""备注"":""1.咨询电话：020-61323488。2.职位要求专业为报考者最高学历对应专业。3.限应届毕业生报考。4.工作强度大、任务重，限男性。5.按照招录人民警察要求开展体能测评。6.符合公安部网站补充公告有关要求。7.服从处内二次分配。"",""部门网站"":""无"",""咨询电话1"":""020-61323488"",""咨询电话2"":"""",""咨询电话3"":"""",""来源Sheet"":""中央国家行政机关省级以下直属机构""}}"
"government_jobs","国家公务员2025招考简章","公务员/事业单位技术岗位","四川省绵阳市","2026-07-28T09:12:58.310295+00:00","成都铁路公安处基层所队民警","成都铁路公安局","","四川省绵阳市","公务员/事业单位;2025;computer_software;本科及以上;与最高学历相对应的学位;大学本科：0809计算机类；研究生：0812计算机科学与技术;行政执法类","用人司局：成都铁路公安局
职位简介：主要从事线路治安管理、网络系统开发和计算机维护等工作
专业要求：大学本科：0809计算机类；研究生：0812计算机科学与技术
学历要求：本科及以上
学位要求：与最高学历相对应的学位
政治面貌：中共党员或共青团员
基层工作经历：无限制
考试类别：行政执法类
备注：1.咨询电话：028-86434928。2.职位要求专业为报考者最高学历对应专业。3.限应届毕业生报考，四川省生源。4.工作强度大、任务重，限男性。5.按照招录人民警察要求开展体能测评。6.符合公安部网站补充公告有关要求。7.服从处内二次分配。","https://www.xjhc.gov.cn/xjhc/c116834/202410/a29382e11a674da3be3353af65f9fcc5.shtml#109214-300130853011","2024-10-14","{""dataset_year"":2025,""job_uid"":""GOV-2025-109214-300130853011"",""publisher"":""国家公务员局"",""publication_page"":""https://www.xjhc.gov.cn/xjhc/c116834/202410/a29382e11a674da3be3353af65f9fcc5.shtml"",""attachment_url"":""https://www.xjhc.gov.cn/xjhc/c116834/202410/a29382e11a674da3be3353af65f9fcc5/files/0536cef86e2b46ddad6aae5a3780089e.xls"",""local_source_file"":""2025_guokao_zhaokaojianzhang.xls"",""local_source_sha256"":""07ae6cab368cd21b7a1ac3e8150fe9a3d39ad5171ce76135ff3cccfe50c3e77e"",""source_sheet"":""中央国家行政机关省级以下直属机构"",""filter_version"":""government_tech_v2"",""tech_filter"":{""is_tech"":true,""is_core_tech"":true,""scope"":""core"",""categories"":[""computer_software""],""matched_fields"":[""major"",""description""],""major_terms"":[""计算机科学与技术"",""计算机类""],""role_terms"":[""系统开发"",""计算机""],""reason"":""tech_major_and_role""},""original"":{""部门代码"":""109214"",""部门名称"":""成都铁路公安局"",""用人司局"":""成都铁路公安局"",""机构性质"":""中央国家行政机关省级以下直属机构"",""招考职位"":""成都铁路公安处基层所队民警"",""职位属性"":""公安机关人民警察职位"",""职位分布"":""西部地区和艰苦边远地区职位"",""职位简介"":""主要从事线路治安管理、网络系统开发和计算机维护等工作"",""职位代码"":""300130853011"",""机构层级"":""市（地）级"",""考试类别"":""行政执法类"",""招考人数"":""5"",""专业"":""大学本科：0809计算机类；研究生：0812计算机科学与技术"",""学历"":""本科及以上"",""学位"":""与最高学历相对应的学位"",""政治面貌"":""中共党员或共青团员"",""基层工作最低年限"":""无限制"",""服务基层项目工作经历"":""无限制"",""是否在面试阶段组织专业能力测试"":""否"",""面试人员比例"":""3:1"",""工作地点"":""四川省绵阳市"",""落户地点"":""四川省成都市"",""备注"":""1.咨询电话：028-86434928。2.职位要求专业为报考者最高学历对应专业。3.限应届毕业生报考，四川省生源。4.工作强度大、任务重，限男性。5.按照招录人民警察要求开展体能测评。6.符合公安部网站补充公告有关要求。7.服从处内二次分配。"",""部门网站"":""http://weibo.com/xinantiejing"",""咨询电话1"":""028-86434928"",""咨询电话2"":"""",""咨询电话3"":"""",""来源Sheet"":""中央国家行政机关省级以下直属机构""}}"
"government_jobs","国家公务员2025招考简章","公务员/事业单位技术岗位","四川省德阳市","2026-07-28T09:12:58.310295+00:00","成都铁路公安处基层所队民警","成都铁路公安局","","四川省德阳市","公务员/事业单位;2025;computer_software;本科及以上;与最高学历相对应的学位;大学本科：0809计算机类；研究生：0812计算机科学与技术;行政执法类","用人司局：成都铁路公安局
职位简介：主要从事线路治安管理、网络系统开发和计算机维护等工作
专业要求：大学本科：0809计算机类；研究生：0812计算机科学与技术
学历要求：本科及以上
学位要求：与最高学历相对应的学位
政治面貌：中共党员或共青团员
基层工作经历：无限制
考试类别：行政执法类
备注：1.咨询电话：028-86434928。2.职位要求专业为报考者最高学历对应专业。3.限应届毕业生报考，四川省生源。4.工作强度大、任务重，限男性。5.按照招录人民警察要求开展体能测评。6.符合公安部网站补充公告有关要求。7.服从处内二次分配。","https://www.xjhc.gov.cn/xjhc/c116834/202410/a29382e11a674da3be3353af65f9fcc5.shtml#109214-300130853012","2024-10-14","{""dataset_year"":2025,""job_uid"":""GOV-2025-109214-300130853012"",""publisher"":""国家公务员局"",""publication_page"":""https://www.xjhc.gov.cn/xjhc/c116834/202410/a29382e11a674da3be3353af65f9fcc5.shtml"",""attachment_url"":""https://www.xjhc.gov.cn/xjhc/c116834/202410/a29382e11a674da3be3353af65f9fcc5/files/0536cef86e2b46ddad6aae5a3780089e.xls"",""local_source_file"":""2025_guokao_zhaokaojianzhang.xls"",""local_source_sha256"":""07ae6cab368cd21b7a1ac3e8150fe9a3d39ad5171ce76135ff3cccfe50c3e77e"",""source_sheet"":""中央国家行政机关省级以下直属机构"",""filter_version"":""government_tech_v2"",""tech_filter"":{""is_tech"":true,""is_core_tech"":true,""scope"":""core"",""categories"":[""computer_software""],""matched_fields"":[""major"",""description""],""major_terms"":[""计算机科学与技术"",""计算机类""],""role_terms"":[""系统开发"",""计算机""],""reason"":""tech_major_and_role""},""original"":{""部门代码"":""109214"",""部门名称"":""成都铁路公安局"",""用人司局"":""成都铁路公安局"",""机构性质"":""中央国家行政机关省级以下直属机构"",""招考职位"":""成都铁路公安处基层所队民警"",""职位属性"":""公安机关人民警察职位"",""职位分布"":""西部地区和艰苦边远地区职位"",""职位简介"":""主要从事线路治安管理、网络系统开发和计算机维护等工作"",""职位代码"":""300130853012"",""机构层级"":""市（地）级"",""考试类别"":""行政执法类"",""招考人数"":""5"",""专业"":""大学本科：0809计算机类；研究生：0812计算机科学与技术"",""学历"":""本科及以上"",""学位"":""与最高学历相对应的学位"",""政治面貌"":""中共党员或共青团员"",""基层工作最低年限"":""无限制"",""服务基层项目工作经历"":""无限制"",""是否在面试阶段组织专业能力测试"":""否"",""面试人员比例"":""3:1"",""工作地点"":""四川省德阳市"",""落户地点"":""四川省成都市"",""备注"":""1.咨询电话：028-86434928。2.职位要求专业为报考者最高学历对应专业。3.限应届毕业生报考，四川省生源。4.工作强度大、任务重，限男性。5.按照招录人民警察要求开展体能测评。6.符合公安部网站补充公告有关要求。7.服从处内二次分配。"",""部门网站"":""http://weibo.com/xinantiejing"",""咨询电话1"":""028-86434928"",""咨询电话2"":"""",""咨询电话3"":"""",""来源Sheet"":""中央国家行政机关省级以下直属机构""}}"
"government_jobs","国家公务员2025招考简章","公务员/事业单位技术岗位","四川省","2026-07-28T09:12:58.310295+00:00","西昌铁路公安处基层所队民警","成都铁路公安局","","四川省","公务员/事业单位;2025;computer_software;本科及以上;与最高学历相对应的学位;大学本科：0809计算机类；研究生：0812计算机科学与技术;行政执法类","用人司局：成都铁路公安局
职位简介：主要从事线路治安管理、网络系统开发、计算机维护等工作
专业要求：大学本科：0809计算机类；研究生：0812计算机科学与技术
学历要求：本科及以上
学位要求：与最高学历相对应的学位
政治面貌：中共党员或共青团员
基层工作经历：无限制
考试类别：行政执法类
备注：1.咨询电话：028-86434928。2.职位要求专业为报考者最高学历对应专业。3.限应届毕业生报考，四川省生源。4.工作强度大、任务重，限男性。5.按照招录人民警察要求开展体能测评。6.符合公安部网站补充公告有关要求。7.服从处内二次分配。","https://www.xjhc.gov.cn/xjhc/c116834/202410/a29382e11a674da3be3353af65f9fcc5.shtml#109214-300130853058","2024-10-14","{""dataset_year"":2025,""job_uid"":""GOV-2025-109214-300130853058"",""publisher"":""国家公务员局"",""publication_page"":""https://www.xjhc.gov.cn/xjhc/c116834/202410/a29382e11a674da3be3353af65f9fcc5.shtml"",""attachment_url"":""https://www.xjhc.gov.cn/xjhc/c116834/202410/a29382e11a674da3be3353af65f9fcc5/files/0536cef86e2b46ddad6aae5a3780089e.xls"",""local_source_file"":""2025_guokao_zhaokaojianzhang.xls"",""local_source_sha256"":""07ae6cab368cd21b7a1ac3e8150fe9a3d39ad5171ce76135ff3cccfe50c3e77e"",""source_sheet"":""中央国家行政机关省级以下直属机构"",""filter_version"":""government_tech_v2"",""tech_filter"":{""is_tech"":true,""is_core_tech"":true,""scope"":""core"",""categories"":[""computer_software""],""matched_fields"":[""major"",""description""],""major_terms"":[""计算机科学与技术"",""计算机类""],""role_terms"":[""系统开发"",""计算机""],""reason"":""tech_major_and_role""},""original"":{""部门代码"":""109214"",""部门名称"":""成都铁路公安局"",""用人司局"":""成都铁路公安局"",""机构性质"":""中央国家行政机关省级以下直属机构"",""招考职位"":""西昌铁路公安处基层所队民警"",""职位属性"":""公安机关人民警察职位"",""职位分布"":""西部地区和艰苦边远地区职位"",""职位简介"":""主要从事线路治安管理、网络系统开发、计算机维护等工作"",""职位代码"":""300130853058"",""机构层级"":""市（地）级"",""考试类别"":""行政执法类"",""招考人数"":""2"",""专业"":""大学本科：0809计算机类；研究生：0812计算机科学与技术"",""学历"":""本科及以上"",""学位"":""与最高学历相对应的学位"",""政治面貌"":""中共党员或共青团员"",""基层工作最低年限"":""无限制"",""服务基层项目工作经历"":""无限制"",""是否在面试阶段组织专业能力测试"":""否"",""面试人员比例"":""3:1"",""工作地点"":""四川省"",""落户地点"":""四川省凉山彝族自治州"",""备注"":""1.咨询电话：028-86434928。2.职位要求专业为报考者最高学历对应专业。3.限应届毕业生报考，四川省生源。4.工作强度大、任务重，限男性。5.按照招录人民警察要求开展体能测评。6.符合公安部网站补充公告有关要求。7.服从处内二次分配。"",""部门网站"":""http://weibo.com/xinantiejing"",""咨询电话1"":""028-86434928"",""咨询电话2"":"""",""咨询电话3"":"""",""来源Sheet"":""中央国家行政机关省级以下直属机构""}}"
"government_jobs","国家公务员2025招考简章","公务员/事业单位技术岗位","云南省","2026-07-28T09:12:58.310295+00:00","昆明铁路公安处基层所队民警","昆明铁路公安局","","云南省","公务员/事业单位;2025;computer_software;本科及以上;与最高学历相对应的学位;大学本科：0809计算机类，020101经济学、030302社会工作、120206人力资源管理；研究生：0301法学、0351法律、0304民族学;行政执法类","用人司局：昆明铁路公安局
职位简介：主要从事基层所队执法执勤及计算机维护相关工作
专业要求：大学本科：0809计算机类，020101经济学、030302社会工作、120206人力资源管理；研究生：0301法学、0351法律、0304民族学
学历要求：本科及以上
学位要求：与最高学历相对应的学位
政治面貌：中共党员或共青团员
基层工作经历：无限制
考试类别：行政执法类
备注：1.咨询电话：0871-66159488，66159908。2.职位要求专业为报考者最高学历对应专业。3.招考对象为应届高校毕业生，云南省生源。4.按照招录人民警察要求开展体能测评。5.符合公安部网站补充公告有关要求。6.服从处内二次分配。","https://www.xjhc.gov.cn/xjhc/c116834/202410/a29382e11a674da3be3353af65f9fcc5.shtml#109215-300130854001","2024-10-14","{""dataset_year"":2025,""job_uid"":""GOV-2025-109215-300130854001"",""publisher"":""国家公务员局"",""publication_page"":""https://www.xjhc.gov.cn/xjhc/c116834/202410/a29382e11a674da3be3353af65f9fcc5.shtml"",""attachment_url"":""https://www.xjhc.gov.cn/xjhc/c116834/202410/a29382e11a674da3be3353af65f9fcc5/files/0536cef86e2b46ddad6aae5a3780089e.xls"",""local_source_file"":""2025_guokao_zhaokaojianzhang.xls"",""local_source_sha256"":""07ae6cab368cd21b7a1ac3e8150fe9a3d39ad5171ce76135ff3cccfe50c3e77e"",""source_sheet"":""中央国家行政机关省级以下直属机构"",""filter_version"":""government_tech_v2"",""tech_filter"":{""is_tech"":true,""is_core_tech"":true,""scope"":""core"",""categories"":[""computer_software""],""matched_fields"":[""major"",""description""],""major_terms"":[""计算机类""],""role_terms"":[""计算机""],""reason"":""tech_major_and_role""},""original"":{""部门代码"":""109215"",""部门名称"":""昆明铁路公安局"",""用人司局"":""昆明铁路公安局"",""机构性质"":""中央国家行政机关省级以下直属机构"",""招考职位"":""昆明铁路公安处基层所队民警"",""职位属性"":""公安机关人民警察职位"",""职位分布"":""西部地区和艰苦边远地区职位"",""职位简介"":""主要从事基层所队执法执勤及计算机维护相关工作"",""职位代码"":""300130854001"",""机构层级"":""市（地）级"",""考试类别"":""行政执法类"",""招考人数"":""2"",""专业"":""大学本科：0809计算机类，020101经济学、030302社会工作、120206人力资源管理；研究生：0301法学、0351法律、0304民族学"",""学历"":""本科及以上"",""学位"":""与最高学历相对应的学位"",""政治面貌"":""中共党员或共青团员"",""基层工作最低年限"":""无限制"",""服务基层项目工作经历"":""无限制"",""是否在面试阶段组织专业能力测试"":""否"",""面试人员比例"":""3:1"",""工作地点"":""云南省"",""落户地点"":""云南省昆明市"",""备注"":""1.咨询电话：0871-66159488，66159908。2.职位要求专业为报考者最高学历对应专业。3.招考对象为应届高校毕业生，云南省生源。4.按照招录人民警察要求开展体能测评。5.符合公安部网站补充公告有关要求。6.服从处内二次分配。"",""部门网站"":""无"",""咨询电话1"":""0871-66159488"",""咨询电话2"":""0871-66159908"",""咨询电话3"":"""",""来源Sheet"":""中央国家行政机关省级以下直属机构""}}"
"government_jobs","国家公务员2025招考简章","公务员/事业单位技术岗位","云南省","2026-07-28T09:12:58.310295+00:00","昆明铁路公安处基层所队民警","昆明铁路公安局","","云南省","公务员/事业单位;2025;computer_software;cybersecurity_cryptography;electronics_communication;本科及以上;与最高学历相对应的学位;大学本科：0803仪器类、0809计算机类；研究生：0812计算机科学与技术、0839网络空间安全、0854电子信息;行政执法类","用人司局：昆明铁路公安局
职位简介：主要从事基层所队执法执勤及计算机维护相关工作
专业要求：大学本科：0803仪器类、0809计算机类；研究生：0812计算机科学与技术、0839网络空间安全、0854电子信息
学历要求：本科及以上
学位要求：与最高学历相对应的学位
政治面貌：中共党员或共青团员
基层工作经历：无限制
考试类别：行政执法类
备注：1.咨询电话：0871-66159488，66159908。2.职位要求专业为报考者最高学历对应专业。3.招考对象为应届高校毕业生，云南省生源。4.工作强度大、任务重，限男性。5.按照招录人民警察要求开展体能测评。6.符合公安部网站补充公告有关要求。7.服从处内二次分配。","https://www.xjhc.gov.cn/xjhc/c116834/202410/a29382e11a674da3be3353af65f9fcc5.shtml#109215-300130854004","2024-10-14","{""dataset_year"":2025,""job_uid"":""GOV-2025-109215-300130854004"",""publisher"":""国家公务员局"",""publication_page"":""https://www.xjhc.gov.cn/xjhc/c116834/202410/a29382e11a674da3be3353af65f9fcc5.shtml"",""attachment_url"":""https://www.xjhc.gov.cn/xjhc/c116834/202410/a29382e11a674da3be3353af65f9fcc5/files/0536cef86e2b46ddad6aae5a3780089e.xls"",""local_source_file"":""2025_guokao_zhaokaojianzhang.xls"",""local_source_sha256"":""07ae6cab368cd21b7a1ac3e8150fe9a3d39ad5171ce76135ff3cccfe50c3e77e"",""source_sheet"":""中央国家行政机关省级以下直属机构"",""filter_version"":""government_tech_v2"",""tech_filter"":{""is_tech"":true,""is_core_tech"":true,""scope"":""core"",""categories"":[""computer_software"",""cybersecurity_cryptography"",""electronics_communication""],""matched_fields"":[""major"",""description""],""major_terms"":[""电子信息"",""网络空间安全"",""计算机科学与技术"",""计算机类""],""role_terms"":[""计算机""],""reason"":""tech_major_and_role""},""original"":{""部门代码"":""109215"",""部门名称"":""昆明铁路公安局"",""用人司局"":""昆明铁路公安局"",""机构性质"":""中央国家行政机关省级以下直属机构"",""招考职位"":""昆明铁路公安处基层所队民警"",""职位属性"":""公安机关人民警察职位"",""职位分布"":""西部地区和艰苦边远地区职位"",""职位简介"":""主要从事基层所队执法执勤及计算机维护相关工作"",""职位代码"":""300130854004"",""机构层级"":""市（地）级"",""考试类别"":""行政执法类"",""招考人数"":""3"",""专业"":""大学本科：0803仪器类、0809计算机类；研究生：0812计算机科学与技术、0839网络空间安全、0854电子信息"",""学历"":""本科及以上"",""学位"":""与最高学历相对应的学位"",""政治面貌"":""中共党员或共青团员"",""基层工作最低年限"":""无限制"",""服务基层项目工作经历"":""无限制"",""是否在面试阶段组织专业能力测试"":""否"",""面试人员比例"":""3:1"",""工作地点"":""云南省"",""落户地点"":""云南省昆明市"",""备注"":""1.咨询电话：0871-66159488，66159908。2.职位要求专业为报考者最高学历对应专业。3.招考对象为应届高校毕业生，云南省生源。4.工作强度大、任务重，限男性。5.按照招录人民警察要求开展体能测评。6.符合公安部网站补充公告有关要求。7.服从处内二次分配。"",""部门网站"":""无"",""咨询电话1"":""0871-66159488"",""咨询电话2"":""0871-66159908"",""咨询电话3"":"""",""来源Sheet"":""中央国家行政机关省级以下直属机构""}}"
"government_jobs","国家公务员2025招考简章","公务员/事业单位技术岗位","甘肃省酒泉市","2026-07-28T09:12:58.310295+00:00","武威铁路公安处基层所队民警","兰州铁路公安局","","甘肃省酒泉市","公务员/事业单位;2025;computer_software;cybersecurity_cryptography;本科及以上;与最高学历相对应的学位;大学本科：0809计算机类；研究生：0812计算机科学与技术;行政执法类","用人司局：兰州铁路公安局
职位简介：主要从事线路治安管理和网络安全管理等工作
专业要求：大学本科：0809计算机类；研究生：0812计算机科学与技术
学历要求：本科及以上
学位要求：与最高学历相对应的学位
政治面貌：中共党员或共青团员
基层工作经历：无限制
考试类别：行政执法类
备注：1.咨询电话：17739934542。2.职位要求专业为报考者最高学历对应专业。3.限应届毕业生报考。4.按照招录人民警察要求开展体能测评。5.符合公安部网站补充公告有关要求。6.服从处内二次分配。","https://www.xjhc.gov.cn/xjhc/c116834/202410/a29382e11a674da3be3353af65f9fcc5.shtml#109216-300130856021","2024-10-14","{""dataset_year"":2025,""job_uid"":""GOV-2025-109216-300130856021"",""publisher"":""国家公务员局"",""publication_page"":""https://www.xjhc.gov.cn/xjhc/c116834/202410/a29382e11a674da3be3353af65f9fcc5.shtml"",""attachment_url"":""https://www.xjhc.gov.cn/xjhc/c116834/202410/a29382e11a674da3be3353af65f9fcc5/files/0536cef86e2b46ddad6aae5a3780089e.xls"",""local_source_file"":""2025_guokao_zhaokaojianzhang.xls"",""local_source_sha256"":""07ae6cab368cd21b7a1ac3e8150fe9a3d39ad5171ce76135ff3cccfe50c3e77e"",""source_sheet"":""中央国家行政机关省级以下直属机构"",""filter_version"":""government_tech_v2"",""tech_filter"":{""is_tech"":true,""is_core_tech"":true,""scope"":""core"",""categories"":[""computer_software"",""cybersecurity_cryptography""],""matched_fields"":[""major"",""description""],""major_terms"":[""计算机科学与技术"",""计算机类""],""role_terms"":[""网络安全""],""reason"":""tech_major_and_role""},""original"":{""部门代码"":""109216"",""部门名称"":""兰州铁路公安局"",""用人司局"":""兰州铁路公安局"",""机构性质"":""中央国家行政机关省级以下直属机构"",""招考职位"":""武威铁路公安处基层所队民警"",""职位属性"":""公安机关人民警察职位"",""职位分布"":""西部地区和艰苦边远地区职位"",""职位简介"":""主要从事线路治安管理和网络安全管理等工作"",""职位代码"":""300130856021"",""机构层级"":""市（地）级"",""考试类别"":""行政执法类"",""招考人数"":""2"",""专业"":""大学本科：0809计算机类；研究生：0812计算机科学与技术"",""学历"":""本科及以上"",""学位"":""与最高学历相对应的学位"",""政治面貌"":""中共党员或共青团员"",""基层工作最低年限"":""无限制"",""服务基层项目工作经历"":""无限制"",""是否在面试阶段组织专业能力测试"":""否"",""面试人员比例"":""3:1"",""工作地点"":""甘肃省酒泉市"",""落户地点"":""甘肃省武威市"",""备注"":""1.咨询电话：17739934542。2.职位要求专业为报考者最高学历对应专业。3.限应届毕业生报考。4.按照招录人民警察要求开展体能测评。5.符合公安部网站补充公告有关要求。6.服从处内二次分配。"",""部门网站"":""无"",""咨询电话1"":""0931-4958336"",""咨询电话2"":""17739934542"",""咨询电话3"":"""",""来源Sheet"":""中央国家行政机关省级以下直属机构""}}"
"government_jobs","国家公务员2025招考简章","公务员/事业单位技术岗位","北京市","2026-07-28T09:12:58.310295+00:00","科技信息化支队一级警长及以下","首都机场公安局","","北京市","公务员/事业单位;2025;computer_software;cybersecurity_cryptography;electronics_communication;仅限硕士研究生;硕士;0810信息与通信工程、0835软件工程、0839网络空间安全;行政执法类","用人司局：首都机场公安局
职位简介：主要从事科技信息化项目建设管理、通信资源管理、网络数据安全管理等工作。
专业要求：0810信息与通信工程、0835软件工程、0839网络空间安全
学历要求：仅限硕士研究生
学位要求：硕士
政治面貌：中共党员或共青团员
基层工作经历：无限制
考试类别：行政执法类
备注：1.咨询电话：010-64539065。2.职位要求专业为报考者最高学历对应专业。3.招考对象为2025届高校毕业生。4.工作强度大、任务重，限男性。5.按照招录人民警察要求开展体能测评。6.符合公安部网站补充公告有关要求。7.大学英语四级考试425分及以上。","https://www.xjhc.gov.cn/xjhc/c116834/202410/a29382e11a674da3be3353af65f9fcc5.shtml#109311-300130298006","2024-10-14","{""dataset_year"":2025,""job_uid"":""GOV-2025-109311-300130298006"",""publisher"":""国家公务员局"",""publication_page"":""https://www.xjhc.gov.cn/xjhc/c116834/202410/a29382e11a674da3be3353af65f9fcc5.shtml"",""attachment_url"":""https://www.xjhc.gov.cn/xjhc/c116834/202410/a29382e11a674da3be3353af65f9fcc5/files/0536cef86e2b46ddad6aae5a3780089e.xls"",""local_source_file"":""2025_guokao_zhaokaojianzhang.xls"",""local_source_sha256"":""07ae6cab368cd21b7a1ac3e8150fe9a3d39ad5171ce76135ff3cccfe50c3e77e"",""source_sheet"":""中央国家行政机关省级以下直属机构"",""filter_version"":""government_tech_v2"",""tech_filter"":{""is_tech"":true,""is_core_tech"":true,""scope"":""core"",""categories"":[""computer_software"",""cybersecurity_cryptography"",""electronics_communication""],""matched_fields"":[""major"",""job_title"",""description""],""major_terms"":[""信息与通信工程"",""网络空间安全"",""软件工程"",""通信工程""],""role_terms"":[""信息化"",""数据安全""],""reason"":""tech_major_and_role""},""original"":{""部门代码"":""109311"",""部门名称"":""首都机场公安局"",""用人司局"":""首都机场公安局"",""机构性质"":""中央国家行政机关省级以下直属机构"",""招考职位"":""科技信息化支队一级警长及以下"",""职位属性"":""公安机关人民警察职位"",""职位分布"":""其他职位"",""职位简介"":""主要从事科技信息化项目建设管理、通信资源管理、网络数据安全管理等工作。"",""职位代码"":""300130298006"",""机构层级"":""市（地）级"",""考试类别"":""行政执法类"",""招考人数"":""5"",""专业"":""0810信息与通信工程、0835软件工程、0839网络空间安全"",""学历"":""仅限硕士研究生"",""学位"":""硕士"",""政治面貌"":""中共党员或共青团员"",""基层工作最低年限"":""无限制"",""服务基层项目工作经历"":""无限制"",""是否在面试阶段组织专业能力测试"":""否"",""面试人员比例"":""3:1"",""工作地点"":""北京市"",""落户地点"":""北京市"",""备注"":""1.咨询电话：010-64539065。2.职位要求专业为报考者最高学历对应专业。3.招考对象为2025届高校毕业生。4.工作强度大、任务重，限男性。5.按照招录人民警察要求开展体能测评。6.符合公安部网站补充公告有关要求。7.大学英语四级考试425分及以上。"",""部门网站"":""无"",""咨询电话1"":""010-64539065"",""咨询电话2"":"""",""咨询电话3"":"""",""来源Sheet"":""中央国家行政机关省级以下直属机构""}}"
"government_jobs","国家公务员2025招考简章","公务员/事业单位技术岗位","北京市","2026-07-28T09:12:58.310295+00:00","北京大兴国际机场海关缉私分局一级警长及以下","北京海关缉私局","","北京市","公务员/事业单位;2025;computer_software;cybersecurity_cryptography;data_ai;本科及以上;与最高学历相对应的学位;大学本科：0701数学类、0712统计学类、0809计算机类（数据科学与大数据技术、网络空间安全）、1202工商管理类（财务管理、审计学）；研究生：0252应用统计、0812计算机科学与技术、0839网络空间安全、1257审计;行政执法类","用人司局：北京海关缉私局
职位简介：主要从事数据分析等工作
专业要求：大学本科：0701数学类、0712统计学类、0809计算机类（数据科学与大数据技术、网络空间安全）、1202工商管理类（财务管理、审计学）；研究生：0252应用统计、0812计算机科学与技术、0839网络空间安全、1257审计
学历要求：本科及以上
学位要求：与最高学历相对应的学位
政治面貌：中共党员或共青团员
基层工作经历：无限制
考试类别：行政执法类
备注：1.咨询电话：010-85732828；
2.职位要求专业为报考者最高学历对应专业；
3.招考对象为2025届高校毕业生；
4.工作强度大、任务重，限男性；
5.按照招录人民警察要求开展体能测评；
6.符合公安部网站补充公告有关要求；
7.本科学历要求大学英语四级425分及以上，研究生学历要求大学英语六级425分及以上；
8.基层一线执法岗位，服从二次分配；
9.最低服务期5年（含试用期）。","https://www.xjhc.gov.cn/xjhc/c116834/202410/a29382e11a674da3be3353af65f9fcc5.shtml#109402-300130001003","2024-10-14","{""dataset_year"":2025,""job_uid"":""GOV-2025-109402-300130001003"",""publisher"":""国家公务员局"",""publication_page"":""https://www.xjhc.gov.cn/xjhc/c116834/202410/a29382e11a674da3be3353af65f9fcc5.shtml"",""attachment_url"":""https://www.xjhc.gov.cn/xjhc/c116834/202410/a29382e11a674da3be3353af65f9fcc5/files/0536cef86e2b46ddad6aae5a3780089e.xls"",""local_source_file"":""2025_guokao_zhaokaojianzhang.xls"",""local_source_sha256"":""07ae6cab368cd21b7a1ac3e8150fe9a3d39ad5171ce76135ff3cccfe50c3e77e"",""source_sheet"":""中央国家行政机关省级以下直属机构"",""filter_version"":""government_tech_v2"",""tech_filter"":{""is_tech"":true,""is_core_tech"":true,""scope"":""core"",""categories"":[""computer_software"",""cybersecurity_cryptography"",""data_ai""],""matched_fields"":[""major"",""description""],""major_terms"":[""大数据"",""数据科学与大数据技术"",""网络空间安全"",""计算机科学与技术"",""计算机类""],""role_terms"":[""数据分析""],""reason"":""tech_major_and_role""},""original"":{""部门代码"":""109402"",""部门名称"":""北京海关缉私局"",""用人司局"":""北京海关缉私局"",""机构性质"":""中央国家行政机关省级以下直属机构"",""招考职位"":""北京大兴国际机场海关缉私分局一级警长及以下"",""职位属性"":""公安机关人民警察职位"",""职位分布"":""其他职位"",""职位简介"":""主要从事数据分析等工作"",""职位代码"":""300130001003"",""机构层级"":""县（区）级及以下"",""考试类别"":""行政执法类"",""招考人数"":""3"",""专业"":""大学本科：0701数学类、0712统计学类、0809计算机类（数据科学与大数据技术、网络空间安全）、1202工商管理类（财务管理、审计学）；研究生：0252应用统计、0812计算机科学与技术、0839网络空间安全、1257审计"",""学历"":""本科及以上"",""学位"":""与最高学历相对应的学位"",""政治面貌"":""中共党员或共青团员"",""基层工作最低年限"":""无限制"",""服务基层项目工作经历"":""无限制"",""是否在面试阶段组织专业能力测试"":""否"",""面试人员比例"":""3:1"",""工作地点"":""北京市"",""落户地点"":""北京市"",""备注"":""1.咨询电话：010-85732828；\n2.职位要求专业为报考者最高学历对应专业；\n3.招考对象为2025届高校毕业生；\n4.工作强度大、任务重，限男性；\n5.按照招录人民警察要求开展体能测评；\n6.符合公安部网站补充公告有关要求；\n7.本科学历要求大学英语四级425分及以上，研究生学历要求大学英语六级425分及以上；\n8.基层一线执法岗位，服从二次分配；\n9.最低服务期5年（含试用期）。"",""部门网站"":""www.beijing.customs.gov.cn"",""咨询电话1"":""010-85732828"",""咨询电话2"":""010-85732821"",""咨询电话3"":"""",""来源Sheet"":""中央国家行政机关省级以下直属机构""}}"
"government_jobs","国家公务员2025招考简章","公务员/事业单位技术岗位","内蒙古自治区呼和浩特市赛罕区","2026-07-28T09:12:58.310295+00:00","情报技术处一级警长及以下","呼和浩特海关缉私局","","内蒙古自治区呼和浩特市赛罕区","公务员/事业单位;2025;computer_software;data_ai;仅限硕士研究生;硕士;研究生：0812计算机科学与技术;行政执法类","用人司局：呼和浩特海关缉私局
职位简介：主要从事情报大数据分析研判等工作
专业要求：研究生：0812计算机科学与技术
学历要求：仅限硕士研究生
学位要求：硕士
政治面貌：中共党员或共青团员
基层工作经历：无限制
考试类别：行政执法类
备注：1.咨询电话：0471-6982699；
2.职位要求专业为报考者最高学历对应专业；
3.招考对象为2025届高校毕业生；
4.工作强度大、任务重，限男性；
5.按照招录人民警察要求开展体能测评；
6.符合公安部网站补充公告有关要求；
7.研究生学历要求大学英语六级425分及以上；
8.最低服务期5年（含试用期）。","https://www.xjhc.gov.cn/xjhc/c116834/202410/a29382e11a674da3be3353af65f9fcc5.shtml#109406-300130003001","2024-10-14","{""dataset_year"":2025,""job_uid"":""GOV-2025-109406-300130003001"",""publisher"":""国家公务员局"",""publication_page"":""https://www.xjhc.gov.cn/xjhc/c116834/202410/a29382e11a674da3be3353af65f9fcc5.shtml"",""attachment_url"":""https://www.xjhc.gov.cn/xjhc/c116834/202410/a29382e11a674da3be3353af65f9fcc5/files/0536cef86e2b46ddad6aae5a3780089e.xls"",""local_source_file"":""2025_guokao_zhaokaojianzhang.xls"",""local_source_sha256"":""07ae6cab368cd21b7a1ac3e8150fe9a3d39ad5171ce76135ff3cccfe50c3e77e"",""source_sheet"":""中央国家行政机关省级以下直属机构"",""filter_version"":""government_tech_v2"",""tech_filter"":{""is_tech"":true,""is_core_tech"":true,""scope"":""core"",""categories"":[""computer_software"",""data_ai""],""matched_fields"":[""major"",""description""],""major_terms"":[""计算机科学与技术""],""role_terms"":[""大数据"",""数据分析""],""reason"":""tech_major_and_role""},""original"":{""部门代码"":""109406"",""部门名称"":""呼和浩特海关缉私局"",""用人司局"":""呼和浩特海关缉私局"",""机构性质"":""中央国家行政机关省级以下直属机构"",""招考职位"":""情报技术处一级警长及以下"",""职位属性"":""公安机关人民警察职位"",""职位分布"":""西部地区和艰苦边远地区职位"",""职位简介"":""主要从事情报大数据分析研判等工作"",""职位代码"":""300130003001"",""机构层级"":""市（地）级"",""考试类别"":""行政执法类"",""招考人数"":""1"",""专业"":""研究生：0812计算机科学与技术"",""学历"":""仅限硕士研究生"",""学位"":""硕士"",""政治面貌"":""中共党员或共青团员"",""基层工作最低年限"":""无限制"",""服务基层项目工作经历"":""无限制"",""是否在面试阶段组织专业能力测试"":""否"",""面试人员比例"":""3:1"",""工作地点"":""内蒙古自治区呼和浩特市赛罕区"",""落户地点"":""内蒙古自治区呼和浩特市赛罕区"",""备注"":""1.咨询电话：0471-6982699；\n2.职位要求专业为报考者最高学历对应专业；\n3.招考对象为2025届高校毕业生；\n4.工作强度大、任务重，限男性；\n5.按照招录人民警察要求开展体能测评；\n6.符合公安部网站补充公告有关要求；\n7.研究生学历要求大学英语六级425分及以上；\n8.最低服务期5年（含试用期）。"",""部门网站"":""huhehaote.customs.gov.cn"",""咨询电话1"":""0471-6982699"",""咨询电话2"":""0471-6982860"",""咨询电话3"":"""",""来源Sheet"":""中央国家行政机关省级以下直属机构""}}"
"government_jobs","国家公务员2025招考简章","公务员/事业单位技术岗位","上海市","2026-07-28T09:12:58.310295+00:00","上海浦东国际机场海关缉私分局一级警长及以下","上海海关缉私局","","上海市","公务员/事业单位;2025;computer_software;本科及以上;与最高学历相对应的学位;大学本科：0809计算机类；研究生：0812计算机科学与技术;行政执法类","用人司局：上海海关缉私局
职位简介：主要从事智慧建设等工作
专业要求：大学本科：0809计算机类；研究生：0812计算机科学与技术
学历要求：本科及以上
学位要求：与最高学历相对应的学位
政治面貌：中共党员或共青团员
基层工作经历：无限制
考试类别：行政执法类
备注：1.咨询电话：021-68894227；
2.职位要求专业为报考者最高学历对应专业；
3.招考对象为2025届高校毕业生；
4.工作强度大、任务重，限男性；
5.按照招录人民警察要求开展体能测评；
6.符合公安部网站补充公告有关要求；
7.本科学历要求大学英语四级425分及以上，研究生学历要求大学英语六级425分及以上；
8.基层一线执法岗位，服从二次分配。","https://www.xjhc.gov.cn/xjhc/c116834/202410/a29382e11a674da3be3353af65f9fcc5.shtml#109412-300130001001","2024-10-14","{""dataset_year"":2025,""job_uid"":""GOV-2025-109412-300130001001"",""publisher"":""国家公务员局"",""publication_page"":""https://www.xjhc.gov.cn/xjhc/c116834/202410/a29382e11a674da3be3353af65f9fcc5.shtml"",""attachment_url"":""https://www.xjhc.gov.cn/xjhc/c116834/202410/a29382e11a674da3be3353af65f9fcc5/files/0536cef86e2b46ddad6aae5a3780089e.xls"",""local_source_file"":""2025_guokao_zhaokaojianzhang.xls"",""local_source_sha256"":""07ae6cab368cd21b7a1ac3e8150fe9a3d39ad5171ce76135ff3cccfe50c3e77e"",""source_sheet"":""中央国家行政机关省级以下直属机构"",""filter_version"":""government_tech_v2"",""tech_filter"":{""is_tech"":true,""is_core_tech"":true,""scope"":""core"",""categories"":[""computer_software""],""matched_fields"":[""major"",""description""],""major_terms"":[""计算机科学与技术"",""计算机类""],""role_terms"":[""智慧""],""reason"":""tech_major_and_role""},""original"":{""部门代码"":""109412"",""部门名称"":""上海海关缉私局"",""用人司局"":""上海海关缉私局"",""机构性质"":""中央国家行政机关省级以下直属机构"",""招考职位"":""上海浦东国际机场海关缉私分局一级警长及以下"",""职位属性"":""公安机关人民警察职位"",""职位分布"":""其他职位"",""职位简介"":""主要从事智慧建设等工作"",""职位代码"":""300130001001"",""机构层级"":""县（区）级及以下"",""考试类别"":""行政执法类"",""招考人数"":""2"",""专业"":""大学本科：0809计算机类；研究生：0812计算机科学与技术"",""学历"":""本科及以上"",""学位"":""与最高学历相对应的学位"",""政治面貌"":""中共党员或共青团员"",""基层工作最低年限"":""无限制"",""服务基层项目工作经历"":""无限制"",""是否在面试阶段组织专业能力测试"":""否"",""面试人员比例"":""3:1"",""工作地点"":""上海市"",""落户地点"":""上海市"",""备注"":""1.咨询电话：021-68894227；\n2.职位要求专业为报考者最高学历对应专业；\n3.招考对象为2025届高校毕业生；\n4.工作强度大、任务重，限男性；\n5.按照招录人民警察要求开展体能测评；\n6.符合公安部网站补充公告有关要求；\n7.本科学历要求大学英语四级425分及以上，研究生学历要求大学英语六级425分及以上；\n8.基层一线执法岗位，服从二次分配。"",""部门网站"":""http://shanghai.customs.gov.cn/"",""咨询电话1"":""021-68894227"",""咨询电话2"":""021-68894296"",""咨询电话3"":""021-68894229"",""来源Sheet"":""中央国家行政机关省级以下直属机构""}}"
"government_jobs","国家公务员2025招考简章","公务员/事业单位技术岗位","江苏省南京市江宁区","2026-07-28T09:12:58.310295+00:00","金陵海关缉私分局一级警长及以下","南京海关缉私局","","江苏省南京市江宁区","公务员/事业单位;2025;computer_software;本科及以上;与最高学历相对应的学位;大学本科：0809计算机类（计算机科学与技术、软件工程、网络工程、智能科学与技术、空间信息与数字技术、数据科学与大数据技术）；研究生：0812计算机科学与技术;行政执法类","用人司局：南京海关缉私局
职位简介：主要从事信息化建设等工作
专业要求：大学本科：0809计算机类（计算机科学与技术、软件工程、网络工程、智能科学与技术、空间信息与数字技术、数据科学与大数据技术）；研究生：0812计算机科学与技术
学历要求：本科及以上
学位要求：与最高学历相对应的学位
政治面貌：中共党员或共青团员
基层工作经历：无限制
考试类别：行政执法类
备注：1.咨询电话：025-84422398；
2.职位要求专业为报考者最高学历对应专业；
3.招考对象为2025届高校毕业生；
4.工作强度大、任务重，限男性；
5.按照招录人民警察要求开展体能测评；
6.符合公安部网站补充公告有关要求；
7.本科学历要求大学英语四级425分及以上，研究生学历要求大学英语六级425分及以上；
8.基层一线执法岗位，服从二次分配；
9.最低服务期5年（含试用期）。","https://www.xjhc.gov.cn/xjhc/c116834/202410/a29382e11a674da3be3353af65f9fcc5.shtml#109413-300130101001","2024-10-14","{""dataset_year"":2025,""job_uid"":""GOV-2025-109413-300130101001"",""publisher"":""国家公务员局"",""publication_page"":""https://www.xjhc.gov.cn/xjhc/c116834/202410/a29382e11a674da3be3353af65f9fcc5.shtml"",""attachment_url"":""https://www.xjhc.gov.cn/xjhc/c116834/202410/a29382e11a674da3be3353af65f9fcc5/files/0536cef86e2b46ddad6aae5a3780089e.xls"",""local_source_file"":""2025_guokao_zhaokaojianzhang.xls"",""local_source_sha256"":""07ae6cab368cd21b7a1ac3e8150fe9a3d39ad5171ce76135ff3cccfe50c3e77e"",""source_sheet"":""中央国家行政机关省级以下直属机构"",""filter_version"":""government_tech_v2"",""tech_filter"":{""is_tech"":true,""is_core_tech"":true,""scope"":""core"",""categories"":[""computer_software""],""matched_fields"":[""major"",""description""],""major_terms"":[""大数据"",""数据科学与大数据技术"",""智能科学与技术"",""空间信息与数字技术"",""网络工程"",""计算机科学与技术"",""计算机类"",""软件工程""],""role_terms"":[""信息化""],""reason"":""tech_major_and_role""},""original"":{""部门代码"":""109413"",""部门名称"":""南京海关缉私局"",""用人司局"":""南京海关缉私局"",""机构性质"":""中央国家行政机关省级以下直属机构"",""招考职位"":""金陵海关缉私分局一级警长及以下"",""职位属性"":""公安机关人民警察职位"",""职位分布"":""其他职位"",""职位简介"":""主要从事信息化建设等工作"",""职位代码"":""300130101001"",""机构层级"":""县（区）级及以下"",""考试类别"":""行政执法类"",""招考人数"":""2"",""专业"":""大学本科：0809计算机类（计算机科学与技术、软件工程、网络工程、智能科学与技术、空间信息与数字技术、数据科学与大数据技术）；研究生：0812计算机科学与技术"",""学历"":""本科及以上"",""学位"":""与最高学历相对应的学位"",""政治面貌"":""中共党员或共青团员"",""基层工作最低年限"":""无限制"",""服务基层项目工作经历"":""无限制"",""是否在面试阶段组织专业能力测试"":""否"",""面试人员比例"":""3:1"",""工作地点"":""江苏省南京市江宁区"",""落户地点"":""江苏省南京市江宁区"",""备注"":""1.咨询电话：025-84422398；\n2.职位要求专业为报考者最高学历对应专业；\n3.招考对象为2025届高校毕业生；\n4.工作强度大、任务重，限男性；\n5.按照招录人民警察要求开展体能测评；\n6.符合公安部网站补充公告有关要求；\n7.本科学历要求大学英语四级425分及以上，研究生学历要求大学英语六级425分及以上；\n8.基层一线执法岗位，服从二次分配；\n9.最低服务期5年（含试用期）。"",""部门网站"":""暂无互联网网站"",""咨询电话1"":""025-84422398"",""咨询电话2"":"""",""咨询电话3"":"""",""来源Sheet"":""中央国家行政机关省级以下直属机构""}}"
"government_jobs","国家公务员2025招考简章","公务员/事业单位技术岗位","广东省广州市","2026-07-28T09:12:58.310295+00:00","南沙海关缉私分局一级警长及以下","广州海关缉私局","","广东省广州市","公务员/事业单位;2025;computer_software;cybersecurity_cryptography;electronics_communication;本科及以上;与最高学历相对应的学位;大学本科：0809计算机类（计算机科学与技术、软件工程、网络工程、信息安全、数据科学与大数据技术、网络空间安全、电子与计算机工程）；研究生：0809电子科学与技术、0812计算机科学与技术、0839网络空间安全;行政执法类","用人司局：广州海关缉私局
职位简介：主要从事物证检验、网络安全管理、安全防范技术等工作
专业要求：大学本科：0809计算机类（计算机科学与技术、软件工程、网络工程、信息安全、数据科学与大数据技术、网络空间安全、电子与计算机工程）；研究生：0809电子科学与技术、0812计算机科学与技术、0839网络空间安全
学历要求：本科及以上
学位要求：与最高学历相对应的学位
政治面貌：中共党员或共青团员
基层工作经历：无限制
考试类别：行政执法类
备注：1.咨询电话：020-87596839；
2.职位要求专业为报考者最高学历对应专业；
3.招考对象为2025届高校毕业生；
4.工作强度大、任务重，限男性；
5.按照招录人民警察要求开展体能测评；
6.符合公安部网站补充公告有关要求；
7.本科学历要求大学英语四级425分及以上，研究生学历要求大学英语六级425分及以上；
8.基层一线执法岗位，服从二次分配。","https://www.xjhc.gov.cn/xjhc/c116834/202410/a29382e11a674da3be3353af65f9fcc5.shtml#109425-300130001003","2024-10-14","{""dataset_year"":2025,""job_uid"":""GOV-2025-109425-300130001003"",""publisher"":""国家公务员局"",""publication_page"":""https://www.xjhc.gov.cn/xjhc/c116834/202410/a29382e11a674da3be3353af65f9fcc5.shtml"",""attachment_url"":""https://www.xjhc.gov.cn/xjhc/c116834/202410/a29382e11a674da3be3353af65f9fcc5/files/0536cef86e2b46ddad6aae5a3780089e.xls"",""local_source_file"":""2025_guokao_zhaokaojianzhang.xls"",""local_source_sha256"":""07ae6cab368cd21b7a1ac3e8150fe9a3d39ad5171ce76135ff3cccfe50c3e77e"",""source_sheet"":""中央国家行政机关省级以下直属机构"",""filter_version"":""government_tech_v2"",""tech_filter"":{""is_tech"":true,""is_core_tech"":true,""scope"":""core"",""categories"":[""computer_software"",""cybersecurity_cryptography"",""electronics_communication""],""matched_fields"":[""major"",""description""],""major_terms"":[""信息安全"",""大数据"",""数据科学与大数据技术"",""电子科学与技术"",""网络工程"",""网络空间安全"",""计算机"",""计算机科学与技术"",""计算机类"",""软件工程""],""role_terms"":[""网络安全""],""reason"":""tech_major_and_role""},""original"":{""部门代码"":""109425"",""部门名称"":""广州海关缉私局"",""用人司局"":""广州海关缉私局"",""机构性质"":""中央国家行政机关省级以下直属机构"",""招考职位"":""南沙海关缉私分局一级警长及以下"",""职位属性"":""公安机关人民警察职位"",""职位分布"":""其他职位"",""职位简介"":""主要从事物证检验、网络安全管理、安全防范技术等工作"",""职位代码"":""300130001003"",""机构层级"":""县（区）级及以下"",""考试类别"":""行政执法类"",""招考人数"":""4"",""专业"":""大学本科：0809计算机类（计算机科学与技术、软件工程、网络工程、信息安全、数据科学与大数据技术、网络空间安全、电子与计算机工程）；研究生：0809电子科学与技术、0812计算机科学与技术、0839网络空间安全"",""学历"":""本科及以上"",""学位"":""与最高学历相对应的学位"",""政治面貌"":""中共党员或共青团员"",""基层工作最低年限"":""无限制"",""服务基层项目工作经历"":""无限制"",""是否在面试阶段组织专业能力测试"":""否"",""面试人员比例"":""3:1"",""工作地点"":""广东省广州市"",""落户地点"":""广东省广州市"",""备注"":""1.咨询电话：020-87596839；\n2.职位要求专业为报考者最高学历对应专业；\n3.招考对象为2025届高校毕业生；\n4.工作强度大、任务重，限男性；\n5.按照招录人民警察要求开展体能测评；\n6.符合公安部网站补充公告有关要求；\n7.本科学历要求大学英语四级425分及以上，研究生学历要求大学英语六级425分及以上；\n8.基层一线执法岗位，服从二次分配。"",""部门网站"":""http://www.mps.gov.cn"",""咨询电话1"":""020-87596839"",""咨询电话2"":""020-87596839"",""咨询电话3"":""020-87596839"",""来源Sheet"":""中央国家行政机关省级以下直属机构""}}"
"government_jobs","国家公务员2025招考简章","公务员/事业单位技术岗位","广东省湛江市","2026-07-28T09:12:58.310295+00:00","茂名海关缉私分局一级警长及以下","湛江海关缉私局","","广东省湛江市","公务员/事业单位;2025;computer_software;data_ai;本科及以上;与最高学历相对应的学位;大学本科：0809计算机类（计算机科学与技术、软件工程、网络工程、电子与计算机工程、数据科学与大数据技术）、0818交通运输类（航海技术、轮机工程）；研究生：0812计算机科学与技术、0835软件工程、0823交通运输工程;行政执法类","用人司局：湛江海关缉私局
职位简介：主要从事情报数据分析、系统运维、船舶驾驶等工作
专业要求：大学本科：0809计算机类（计算机科学与技术、软件工程、网络工程、电子与计算机工程、数据科学与大数据技术）、0818交通运输类（航海技术、轮机工程）；研究生：0812计算机科学与技术、0835软件工程、0823交通运输工程
学历要求：本科及以上
学位要求：与最高学历相对应的学位
政治面貌：中共党员或共青团员
基层工作经历：无限制
考试类别：行政执法类
备注：1.咨询电话：0759-3251607；
2.职位要求专业为报考者最高学历对应专业；
3.招考对象为2025届高校毕业生；
4.工作强度大、任务重，限男性；
5.按照招录人民警察要求开展体能测评；
6.符合公安部网站补充公告有关要求；
7.本科学历要求大学英语四级425分及以上，研究生学历要求大学英语六级425分及以上；
8.基层一线执法岗位，服从二次分配。","https://www.xjhc.gov.cn/xjhc/c116834/202410/a29382e11a674da3be3353af65f9fcc5.shtml#109431-300130001004","2024-10-14","{""dataset_year"":2025,""job_uid"":""GOV-2025-109431-300130001004"",""publisher"":""国家公务员局"",""publication_page"":""https://www.xjhc.gov.cn/xjhc/c116834/202410/a29382e11a674da3be3353af65f9fcc5.shtml"",""attachment_url"":""https://www.xjhc.gov.cn/xjhc/c116834/202410/a29382e11a674da3be3353af65f9fcc5/files/0536cef86e2b46ddad6aae5a3780089e.xls"",""local_source_file"":""2025_guokao_zhaokaojianzhang.xls"",""local_source_sha256"":""07ae6cab368cd21b7a1ac3e8150fe9a3d39ad5171ce76135ff3cccfe50c3e77e"",""source_sheet"":""中央国家行政机关省级以下直属机构"",""filter_version"":""government_tech_v2"",""tech_filter"":{""is_tech"":true,""is_core_tech"":true,""scope"":""core"",""categories"":[""computer_software"",""data_ai""],""matched_fields"":[""major"",""description""],""major_terms"":[""大数据"",""数据科学与大数据技术"",""网络工程"",""计算机"",""计算机科学与技术"",""计算机类"",""软件工程""],""role_terms"":[""数据分析"",""系统运维""],""reason"":""tech_major_and_role""},""original"":{""部门代码"":""109431"",""部门名称"":""湛江海关缉私局"",""用人司局"":""湛江海关缉私局"",""机构性质"":""中央国家行政机关省级以下直属机构"",""招考职位"":""茂名海关缉私分局一级警长及以下"",""职位属性"":""公安机关人民警察职位"",""职位分布"":""其他职位"",""职位简介"":""主要从事情报数据分析、系统运维、船舶驾驶等工作"",""职位代码"":""300130001004"",""机构层级"":""县（区）级及以下"",""考试类别"":""行政执法类"",""招考人数"":""2"",""专业"":""大学本科：0809计算机类（计算机科学与技术、软件工程、网络工程、电子与计算机工程、数据科学与大数据技术）、0818交通运输类（航海技术、轮机工程）；研究生：0812计算机科学与技术、0835软件工程、0823交通运输工程"",""学历"":""本科及以上"",""学位"":""与最高学历相对应的学位"",""政治面貌"":""中共党员或共青团员"",""基层工作最低年限"":""无限制"",""服务基层项目工作经历"":""无限制"",""是否在面试阶段组织专业能力测试"":""否"",""面试人员比例"":""3:1"",""工作地点"":""广东省湛江市"",""落户地点"":""广东省湛江市"",""备注"":""1.咨询电话：0759-3251607；\n2.职位要求专业为报考者最高学历对应专业；\n3.招考对象为2025届高校毕业生；\n4.工作强度大、任务重，限男性；\n5.按照招录人民警察要求开展体能测评；\n6.符合公安部网站补充公告有关要求；\n7.本科学历要求大学英语四级425分及以上，研究生学历要求大学英语六级425分及以上；\n8.基层一线执法岗位，服从二次分配。"",""部门网站"":""http://zhanjiang.customs.gov.cn/"",""咨询电话1"":""0759-3251607"",""咨询电话2"":""0759-3251683"",""咨询电话3"":""0759-3251548"",""来源Sheet"":""中央国家行政机关省级以下直属机构""}}"
"government_jobs","国家公务员2025招考简章","公务员/事业单位技术岗位","湖北省武汉市","2026-07-28T09:12:58.310295+00:00","科技信息化处一级警长及以下","长江航运公安局","","湖北省武汉市","公务员/事业单位;2025;computer_software;cybersecurity_cryptography;electronics_communication;硕士研究生及以上;与最高学历相对应的学位;0809电子科学与技术、0812计算机科学与技术、0835软件工程、0839网络空间安全、0854电子信息;行政执法类","用人司局：长江航运公安局机关
职位简介：从事信息网络系统管理、维护和技术保障等工作
专业要求：0809电子科学与技术、0812计算机科学与技术、0835软件工程、0839网络空间安全、0854电子信息
学历要求：硕士研究生及以上
学位要求：与最高学历相对应的学位
政治面貌：中共党员
基层工作经历：无限制
考试类别：行政执法类
备注：1.咨询电话：027-82761069、027-82763405。2.职位要求专业为报考者最高学历对应专业，高等学历教育各阶段均需取得相应学历学位。3.招考对象为2025届高校毕业生。4.工作强度大、任务重，限男性。5.按照招录人民警察要求，开展体能测评、职业心理素质测评、体检、政治考察。6.符合公安部政府网站补充公告有关要求。","https://www.xjhc.gov.cn/xjhc/c116834/202410/a29382e11a674da3be3353af65f9fcc5.shtml#109501-300130000008","2024-10-14","{""dataset_year"":2025,""job_uid"":""GOV-2025-109501-300130000008"",""publisher"":""国家公务员局"",""publication_page"":""https://www.xjhc.gov.cn/xjhc/c116834/202410/a29382e11a674da3be3353af65f9fcc5.shtml"",""attachment_url"":""https://www.xjhc.gov.cn/xjhc/c116834/202410/a29382e11a674da3be3353af65f9fcc5/files/0536cef86e2b46ddad6aae5a3780089e.xls"",""local_source_file"":""2025_guokao_zhaokaojianzhang.xls"",""local_source_sha256"":""07ae6cab368cd21b7a1ac3e8150fe9a3d39ad5171ce76135ff3cccfe50c3e77e"",""source_sheet"":""中央国家行政机关省级以下直属机构"",""filter_version"":""government_tech_v2"",""tech_filter"":{""is_tech"":true,""is_core_tech"":true,""scope"":""core"",""categories"":[""computer_software"",""cybersecurity_cryptography"",""electronics_communication""],""matched_fields"":[""major"",""job_title""],""major_terms"":[""电子信息"",""电子科学与技术"",""网络空间安全"",""计算机科学与技术"",""软件工程""],""role_terms"":[""信息化""],""reason"":""tech_major_and_role""},""original"":{""部门代码"":""109501"",""部门名称"":""长江航运公安局"",""用人司局"":""长江航运公安局机关"",""机构性质"":""中央国家行政机关省级以下直属机构"",""招考职位"":""科技信息化处一级警长及以下"",""职位属性"":""公安机关人民警察职位"",""职位分布"":""其他职位"",""职位简介"":""从事信息网络系统管理、维护和技术保障等工作"",""职位代码"":""300130000008"",""机构层级"":""市（地）级"",""考试类别"":""行政执法类"",""招考人数"":""1"",""专业"":""0809电子科学与技术、0812计算机科学与技术、0835软件工程、0839网络空间安全、0854电子信息"",""学历"":""硕士研究生及以上"",""学位"":""与最高学历相对应的学位"",""政治面貌"":""中共党员"",""基层工作最低年限"":""无限制"",""服务基层项目工作经历"":""无限制"",""是否在面试阶段组织专业能力测试"":""否"",""面试人员比例"":""3:1"",""工作地点"":""湖北省武汉市"",""落户地点"":""湖北省武汉市"",""备注"":""1.咨询电话：027-82761069、027-82763405。2.职位要求专业为报考者最高学历对应专业，高等学历教育各阶段均需取得相应学历学位。3.招考对象为2025届高校毕业生。4.工作强度大、任务重，限男性。5.按照招录人民警察要求，开展体能测评、职业心理素质测评、体检、政治考察。6.符合公安部政府网站补充公告有关要求。"",""部门网站"":""www.cjhygaj.gov.cn"",""咨询电话1"":""027-82761069"",""咨询电话2"":""027-82763405"",""咨询电话3"":"""",""来源Sheet"":""中央国家行政机关省级以下直属机构""}}"
"government_jobs","国家公务员2025招考简章","公务员/事业单位技术岗位","北京市","2026-07-28T09:12:58.310295+00:00","信用信息宣传处一级主任科员及以下","民政部","","北京市","公务员/事业单位;2025;automation_robotics;computer_software;electronics_communication;硕士研究生及以上;与最高学历相对应的学位;电子科学与技术0809、信息与通信工程0810、控制科学与工程0811、 计算机科学与技术0812、 软件工程0835;中央机关及其省级直属机构综合管理类","用人司局：社会组织管理局（社会组织执法监督局）
职位简介：从事拟定社会组织管理信息化建设规划和标准等工作
专业要求：电子科学与技术0809、信息与通信工程0810、控制科学与工程0811、 计算机科学与技术0812、 软件工程0835
学历要求：硕士研究生及以上
学位要求：与最高学历相对应的学位
政治面貌：中共党员
基层工作经历：二年
考试类别：中央机关及其省级直属机构综合管理类","https://www.xjhc.gov.cn/xjhc/c116834/202410/a29382e11a674da3be3353af65f9fcc5.shtml#111000-200110002001","2024-10-14","{""dataset_year"":2025,""job_uid"":""GOV-2025-111000-200110002001"",""publisher"":""国家公务员局"",""publication_page"":""https://www.xjhc.gov.cn/xjhc/c116834/202410/a29382e11a674da3be3353af65f9fcc5.shtml"",""attachment_url"":""https://www.xjhc.gov.cn/xjhc/c116834/202410/a29382e11a674da3be3353af65f9fcc5/files/0536cef86e2b46ddad6aae5a3780089e.xls"",""local_source_file"":""2025_guokao_zhaokaojianzhang.xls"",""local_source_sha256"":""07ae6cab368cd21b7a1ac3e8150fe9a3d39ad5171ce76135ff3cccfe50c3e77e"",""source_sheet"":""中央国家行政机关（本级）"",""filter_version"":""government_tech_v2"",""tech_filter"":{""is_tech"":true,""is_core_tech"":true,""scope"":""core"",""categories"":[""automation_robotics"",""computer_software"",""electronics_communication""],""matched_fields"":[""major"",""description""],""major_terms"":[""信息与通信工程"",""控制科学与工程"",""电子科学与技术"",""计算机科学与技术"",""软件工程"",""通信工程""],""role_terms"":[""信息化""],""reason"":""tech_major_and_role""},""original"":{""部门代码"":""111000"",""部门名称"":""民政部"",""用人司局"":""社会组织管理局（社会组织执法监督局）"",""机构性质"":""中央国家行政机关（本级）"",""招考职位"":""信用信息宣传处一级主任科员及以下"",""职位属性"":""普通职位"",""职位分布"":""其他职位"",""职位简介"":""从事拟定社会组织管理信息化建设规划和标准等工作"",""职位代码"":""200110002001"",""机构层级"":""中央"",""考试类别"":""中央机关及其省级直属机构综合管理类"",""招考人数"":""1"",""专业"":""电子科学与技术0809、信息与通信工程0810、控制科学与工程0811、 计算机科学与技术0812、 软件工程0835"",""学历"":""硕士研究生及以上"",""学位"":""与最高学历相对应的学位"",""政治面貌"":""中共党员"",""基层工作最低年限"":""二年"",""服务基层项目工作经历"":""无限制"",""是否在面试阶段组织专业能力测试"":""否"",""面试人员比例"":""5:1"",""工作地点"":""北京市"",""落户地点"":""北京市"",""备注"":"""",""部门网站"":""www.mca.gov.cn"",""咨询电话1"":""58123341"",""咨询电话2"":""58123348"",""咨询电话3"":"""",""来源Sheet"":""中央国家行政机关（本级）""}}"
"government_jobs","国家公务员2025招考简章","公务员/事业单位技术岗位","北京市朝阳区","2026-07-28T09:12:58.310295+00:00","业务处室一级主任科员及以下","司法部","","北京市朝阳区","公务员/事业单位;2025;computer_software;硕士研究生及以上;与最高学历相对应的学位;计算机科学与技术、公共卫生与预防医学、法学、法律;中央机关及其省级直属机构综合管理类","用人司局：监狱管理局
职位简介：承担规划科技、医疗卫生等相关业务工作。
专业要求：计算机科学与技术、公共卫生与预防医学、法学、法律
学历要求：硕士研究生及以上
学位要求：与最高学历相对应的学位
政治面貌：中共党员
基层工作经历：二年
考试类别：中央机关及其省级直属机构综合管理类
备注：限以主修专业报考，且各学习阶段均取得相应学历学位；计算机科学与技术专业指学科代码0775、0812下设各专业或计算机技术专业学位硕士（085404），公共卫生与预防医学专业指学科代码0779、1004下设各专业，法学专业指学科代码0301下设专业，法律专业指学科代码0351下设法律（法学、非法学）专业；具有较好的综合文字能力及沟通协调能力。","https://www.xjhc.gov.cn/xjhc/c116834/202410/a29382e11a674da3be3353af65f9fcc5.shtml#112000-200110011001","2024-10-14","{""dataset_year"":2025,""job_uid"":""GOV-2025-112000-200110011001"",""publisher"":""国家公务员局"",""publication_page"":""https://www.xjhc.gov.cn/xjhc/c116834/202410/a29382e11a674da3be3353af65f9fcc5.shtml"",""attachment_url"":""https://www.xjhc.gov.cn/xjhc/c116834/202410/a29382e11a674da3be3353af65f9fcc5/files/0536cef86e2b46ddad6aae5a3780089e.xls"",""local_source_file"":""2025_guokao_zhaokaojianzhang.xls"",""local_source_sha256"":""07ae6cab368cd21b7a1ac3e8150fe9a3d39ad5171ce76135ff3cccfe50c3e77e"",""source_sheet"":""中央国家行政机关（本级）"",""filter_version"":""government_tech_v2"",""tech_filter"":{""is_tech"":true,""is_core_tech"":true,""scope"":""core"",""categories"":[""computer_software""],""matched_fields"":[""major"",""remarks""],""major_terms"":[""计算机科学与技术""],""role_terms"":[""计算机""],""reason"":""tech_major_and_role""},""original"":{""部门代码"":""112000"",""部门名称"":""司法部"",""用人司局"":""监狱管理局"",""机构性质"":""中央国家行政机关（本级）"",""招考职位"":""业务处室一级主任科员及以下"",""职位属性"":""普通职位"",""职位分布"":""其他职位"",""职位简介"":""承担规划科技、医疗卫生等相关业务工作。"",""职位代码"":""200110011001"",""机构层级"":""中央"",""考试类别"":""中央机关及其省级直属机构综合管理类"",""招考人数"":""2"",""专业"":""计算机科学与技术、公共卫生与预防医学、法学、法律"",""学历"":""硕士研究生及以上"",""学位"":""与最高学历相对应的学位"",""政治面貌"":""中共党员"",""基层工作最低年限"":""二年"",""服务基层项目工作经历"":""无限制"",""是否在面试阶段组织专业能力测试"":""否"",""面试人员比例"":""5:1"",""工作地点"":""北京市朝阳区"",""落户地点"":""北京市朝阳区"",""备注"":""限以主修专业报考，且各学习阶段均取得相应学历学位；计算机科学与技术专业指学科代码0775、0812下设各专业或计算机技术专业学位硕士（085404），公共卫生与预防医学专业指学科代码0779、1004下设各专业，法学专业指学科代码0301下设专业，法律专业指学科代码0351下设法律（法学、非法学）专业；具有较好的综合文字能力及沟通协调能力。"",""部门网站"":""www.moj.gov.cn"",""咨询电话1"":""010-65153634"",""咨询电话2"":"""",""咨询电话3"":"""",""来源Sheet"":""中央国家行政机关（本级）""}}"
"government_jobs","国家公务员2025招考简章","公务员/事业单位技术岗位","北京市","2026-07-28T09:12:58.310295+00:00","一级主任科员及以下","财政部","","北京市","公务员/事业单位;2025;computer_software;data_ai;硕士研究生及以上;与最高学历相对应的学位;计算机科学与技术类、大数据技术与工程;中央机关及其省级直属机构综合管理类","用人司局：世界银行贷款项目评估中心
职位简介：从事财政数据分析和预算执行监督等工作
专业要求：计算机科学与技术类、大数据技术与工程
学历要求：硕士研究生及以上
学位要求：与最高学历相对应的学位
政治面貌：中共党员
基层工作经历：无限制
考试类别：中央机关及其省级直属机构综合管理类
备注：大学英语六级60分（100分制）或425分（710分制）及以上，或雅思6.5分及以上，或托福90分及以上，或英语专业八级合格；职位要求专业为最高学历对应专业","https://www.xjhc.gov.cn/xjhc/c116834/202410/a29382e11a674da3be3353af65f9fcc5.shtml#113000-400110003005","2024-10-14","{""dataset_year"":2025,""job_uid"":""GOV-2025-113000-400110003005"",""publisher"":""国家公务员局"",""publication_page"":""https://www.xjhc.gov.cn/xjhc/c116834/202410/a29382e11a674da3be3353af65f9fcc5.shtml"",""attachment_url"":""https://www.xjhc.gov.cn/xjhc/c116834/202410/a29382e11a674da3be3353af65f9fcc5/files/0536cef86e2b46ddad6aae5a3780089e.xls"",""local_source_file"":""2025_guokao_zhaokaojianzhang.xls"",""local_source_sha256"":""07ae6cab368cd21b7a1ac3e8150fe9a3d39ad5171ce76135ff3cccfe50c3e77e"",""source_sheet"":""中央国家行政机关参照公务员法管理事业单位"",""filter_version"":""government_tech_v2"",""tech_filter"":{""is_tech"":true,""is_core_tech"":true,""scope"":""core"",""categories"":[""computer_software"",""data_ai""],""matched_fields"":[""major"",""description""],""major_terms"":[""大数据"",""计算机科学与技术""],""role_terms"":[""数据分析""],""reason"":""tech_major_and_role""},""original"":{""部门代码"":""113000"",""部门名称"":""财政部"",""用人司局"":""世界银行贷款项目评估中心"",""机构性质"":""中央国家行政机关参照公务员法管理事业单位"",""招考职位"":""一级主任科员及以下"",""职位属性"":""普通职位"",""职位分布"":""其他职位"",""职位简介"":""从事财政数据分析和预算执行监督等工作"",""职位代码"":""400110003005"",""机构层级"":""中央"",""考试类别"":""中央机关及其省级直属机构综合管理类"",""招考人数"":""2"",""专业"":""计算机科学与技术类、大数据技术与工程"",""学历"":""硕士研究生及以上"",""学位"":""与最高学历相对应的学位"",""政治面貌"":""中共党员"",""基层工作最低年限"":""无限制"",""服务基层项目工作经历"":""无限制"",""是否在面试阶段组织专业能力测试"":""否"",""面试人员比例"":""5:1"",""工作地点"":""北京市"",""落户地点"":""北京市"",""备注"":""大学英语六级60分（100分制）或425分（710分制）及以上，或雅思6.5分及以上，或托福90分及以上，或英语专业八级合格；职位要求专业为最高学历对应专业"",""部门网站"":""www.mof.gov.cn"",""咨询电话1"":""010-61965263"",""咨询电话2"":"""",""咨询电话3"":"""",""来源Sheet"":""中央国家行政机关参照公务员法管理事业单位""}}"
"government_jobs","国家公务员2025招考简章","公务员/事业单位技术岗位","北京市东城区","2026-07-28T09:12:58.310295+00:00","数据管理处一级主任科员及以下","人力资源和社会保障部","","北京市东城区","公务员/事业单位;2025;computer_software;data_ai;electronics_communication;硕士研究生及以上;与最高学历相对应的学位;计算机科学与技术0812、信息与通信工程0810;中央机关及其省级直属机构综合管理类","用人司局：社会保险事业管理中心
职位简介：从事社会保险经办管理服务与业务指导等工作，主要承担社会保险数据治理、分析、应用等任务。
专业要求：计算机科学与技术0812、信息与通信工程0810
学历要求：硕士研究生及以上
学位要求：与最高学历相对应的学位
政治面貌：中共党员
基层工作经历：无限制
考试类别：中央机关及其省级直属机构综合管理类","https://www.xjhc.gov.cn/xjhc/c116834/202410/a29382e11a674da3be3353af65f9fcc5.shtml#114000-400110027002","2024-10-14","{""dataset_year"":2025,""job_uid"":""GOV-2025-114000-400110027002"",""publisher"":""国家公务员局"",""publication_page"":""https://www.xjhc.gov.cn/xjhc/c116834/202410/a29382e11a674da3be3353af65f9fcc5.shtml"",""attachment_url"":""https://www.xjhc.gov.cn/xjhc/c116834/202410/a29382e11a674da3be3353af65f9fcc5/files/0536cef86e2b46ddad6aae5a3780089e.xls"",""local_source_file"":""2025_guokao_zhaokaojianzhang.xls"",""local_source_sha256"":""07ae6cab368cd21b7a1ac3e8150fe9a3d39ad5171ce76135ff3cccfe50c3e77e"",""source_sheet"":""中央国家行政机关参照公务员法管理事业单位"",""filter_version"":""government_tech_v2"",""tech_filter"":{""is_tech"":true,""is_core_tech"":true,""scope"":""core"",""categories"":[""computer_software"",""data_ai"",""electronics_communication""],""matched_fields"":[""major"",""job_title"",""description""],""major_terms"":[""信息与通信工程"",""计算机科学与技术"",""通信工程""],""role_terms"":[""数据治理"",""数据管理""],""reason"":""tech_major_and_role""},""original"":{""部门代码"":""114000"",""部门名称"":""人力资源和社会保障部"",""用人司局"":""社会保险事业管理中心"",""机构性质"":""中央国家行政机关参照公务员法管理事业单位"",""招考职位"":""数据管理处一级主任科员及以下"",""职位属性"":""普通职位"",""职位分布"":""其他职位"",""职位简介"":""从事社会保险经办管理服务与业务指导等工作，主要承担社会保险数据治理、分析、应用等任务。"",""职位代码"":""400110027002"",""机构层级"":""中央"",""考试类别"":""中央机关及其省级直属机构综合管理类"",""招考人数"":""1"",""专业"":""计算机科学与技术0812、信息与通信工程0810"",""学历"":""硕士研究生及以上"",""学位"":""与最高学历相对应的学位"",""政治面貌"":""中共党员"",""基层工作最低年限"":""无限制"",""服务基层项目工作经历"":""无限制"",""是否在面试阶段组织专业能力测试"":""否"",""面试人员比例"":""5:1"",""工作地点"":""北京市东城区"",""落户地点"":""北京市东城区"",""备注"":"""",""部门网站"":""http://www.mohrss.gov.cn/"",""咨询电话1"":""010-84233792"",""咨询电话2"":""010-84233792"",""咨询电话3"":"""",""来源Sheet"":""中央国家行政机关参照公务员法管理事业单位""}}"
"government_jobs","国家公务员2025招考简章","公务员/事业单位技术岗位","北京市朝阳区","2026-07-28T09:12:58.310295+00:00","信息和远程培训处一级主任科员及以下","人力资源和社会保障部","","北京市朝阳区","公务员/事业单位;2025;computer_software;electronics_communication;硕士研究生及以上;与最高学历相对应的学位;机械工程0802、机械0855、土木工程0814、土木水利0859、软件工程0835、电子信息0854;中央机关及其省级直属机构综合管理类","用人司局：中国就业培训技术指导中心
职位简介：从事职业技能培训信息化相关组织实施和技术服务工作。
专业要求：机械工程0802、机械0855、土木工程0814、土木水利0859、软件工程0835、电子信息0854
学历要求：硕士研究生及以上
学位要求：与最高学历相对应的学位
政治面貌：中共党员
基层工作经历：无限制
考试类别：中央机关及其省级直属机构综合管理类
备注：工作强度较大，需经常加班、出差等。","https://www.xjhc.gov.cn/xjhc/c116834/202410/a29382e11a674da3be3353af65f9fcc5.shtml#114000-400110029002","2024-10-14","{""dataset_year"":2025,""job_uid"":""GOV-2025-114000-400110029002"",""publisher"":""国家公务员局"",""publication_page"":""https://www.xjhc.gov.cn/xjhc/c116834/202410/a29382e11a674da3be3353af65f9fcc5.shtml"",""attachment_url"":""https://www.xjhc.gov.cn/xjhc/c116834/202410/a29382e11a674da3be3353af65f9fcc5/files/0536cef86e2b46ddad6aae5a3780089e.xls"",""local_source_file"":""2025_guokao_zhaokaojianzhang.xls"",""local_source_sha256"":""07ae6cab368cd21b7a1ac3e8150fe9a3d39ad5171ce76135ff3cccfe50c3e77e"",""source_sheet"":""中央国家行政机关参照公务员法管理事业单位"",""filter_version"":""government_tech_v2"",""tech_filter"":{""is_tech"":true,""is_core_tech"":true,""scope"":""core"",""categories"":[""computer_software"",""electronics_communication""],""matched_fields"":[""major"",""description""],""major_terms"":[""电子信息"",""软件工程""],""role_terms"":[""信息化""],""reason"":""tech_major_and_role""},""original"":{""部门代码"":""114000"",""部门名称"":""人力资源和社会保障部"",""用人司局"":""中国就业培训技术指导中心"",""机构性质"":""中央国家行政机关参照公务员法管理事业单位"",""招考职位"":""信息和远程培训处一级主任科员及以下"",""职位属性"":""普通职位"",""职位分布"":""其他职位"",""职位简介"":""从事职业技能培训信息化相关组织实施和技术服务工作。"",""职位代码"":""400110029002"",""机构层级"":""中央"",""考试类别"":""中央机关及其省级直属机构综合管理类"",""招考人数"":""2"",""专业"":""机械工程0802、机械0855、土木工程0814、土木水利0859、软件工程0835、电子信息0854"",""学历"":""硕士研究生及以上"",""学位"":""与最高学历相对应的学位"",""政治面貌"":""中共党员"",""基层工作最低年限"":""无限制"",""服务基层项目工作经历"":""无限制"",""是否在面试阶段组织专业能力测试"":""否"",""面试人员比例"":""5:1"",""工作地点"":""北京市朝阳区"",""落户地点"":""北京市东城区"",""备注"":""工作强度较大，需经常加班、出差等。"",""部门网站"":""http://www.mohrss.gov.cn/"",""咨询电话1"":""010-84233792"",""咨询电话2"":""010-84233792"",""咨询电话3"":"""",""来源Sheet"":""中央国家行政机关参照公务员法管理事业单位""}}"
"government_jobs","国家公务员2025招考简章","公务员/事业单位技术岗位","北京市东城区","2026-07-28T09:12:58.310295+00:00","业务处室一级主任科员及以下","交通运输部","","北京市东城区","公务员/事业单位;2025;computer_software;cybersecurity_cryptography;硕士研究生及以上;与最高学历相对应的学位;网络空间安全、网络安全技术与工程、密码科学与技术、信息安全专业;中央机关及其省级直属机构综合管理类","用人司局：科技司
职位简介：从事交通运输网络安全管理工作
专业要求：网络空间安全、网络安全技术与工程、密码科学与技术、信息安全专业
学历要求：硕士研究生及以上
学位要求：与最高学历相对应的学位
政治面貌：中共党员
基层工作经历：五年以上
考试类别：中央机关及其省级直属机构综合管理类
备注：1.具有5年以上中央或省部所属国有企事业单位（本级或下属一级单位）网络安全检测评估、渗透测试等相关工作经历。
2.具有国家注册信息安全专业人员相关证书。
3.专业能力测试主要内容为网络安全基础知识、网络攻防渗透技术相关知识，占综合成绩比重为15%。","https://www.xjhc.gov.cn/xjhc/c116834/202410/a29382e11a674da3be3353af65f9fcc5.shtml#118000-200110003001","2024-10-14","{""dataset_year"":2025,""job_uid"":""GOV-2025-118000-200110003001"",""publisher"":""国家公务员局"",""publication_page"":""https://www.xjhc.gov.cn/xjhc/c116834/202410/a29382e11a674da3be3353af65f9fcc5.shtml"",""attachment_url"":""https://www.xjhc.gov.cn/xjhc/c116834/202410/a29382e11a674da3be3353af65f9fcc5/files/0536cef86e2b46ddad6aae5a3780089e.xls"",""local_source_file"":""2025_guokao_zhaokaojianzhang.xls"",""local_source_sha256"":""07ae6cab368cd21b7a1ac3e8150fe9a3d39ad5171ce76135ff3cccfe50c3e77e"",""source_sheet"":""中央国家行政机关（本级）"",""filter_version"":""government_tech_v2"",""tech_filter"":{""is_tech"":true,""is_core_tech"":true,""scope"":""core"",""categories"":[""computer_software"",""cybersecurity_cryptography""],""matched_fields"":[""major"",""description"",""remarks""],""major_terms"":[""信息安全"",""密码科学"",""密码科学与技术"",""网络安全"",""网络空间安全""],""role_terms"":[""信息安全"",""网络安全"",""网络攻防""],""reason"":""tech_major_and_role""},""original"":{""部门代码"":""118000"",""部门名称"":""交通运输部"",""用人司局"":""科技司"",""机构性质"":""中央国家行政机关（本级）"",""招考职位"":""业务处室一级主任科员及以下"",""职位属性"":""普通职位"",""职位分布"":""其他职位"",""职位简介"":""从事交通运输网络安全管理工作"",""职位代码"":""200110003001"",""机构层级"":""中央"",""考试类别"":""中央机关及其省级直属机构综合管理类"",""招考人数"":""1"",""专业"":""网络空间安全、网络安全技术与工程、密码科学与技术、信息安全专业"",""学历"":""硕士研究生及以上"",""学位"":""与最高学历相对应的学位"",""政治面貌"":""中共党员"",""基层工作最低年限"":""五年以上"",""服务基层项目工作经历"":""无限制"",""是否在面试阶段组织专业能力测试"":""是"",""面试人员比例"":""5:1"",""工作地点"":""北京市东城区"",""落户地点"":""北京市东城区"",""备注"":""1.具有5年以上中央或省部所属国有企事业单位（本级或下属一级单位）网络安全检测评估、渗透测试等相关工作经历。\n2.具有国家注册信息安全专业人员相关证书。\n3.专业能力测试主要内容为网络安全基础知识、网络攻防渗透技术相关知识，占综合成绩比重为15%。"",""部门网站"":""www.mot.gov.cn"",""咨询电话1"":""010-65293012"",""咨询电话2"":""010-65293061"",""咨询电话3"":""010-65293731"",""来源Sheet"":""中央国家行政机关（本级）""}}"
"government_jobs","国家公务员2025招考简章","公务员/事业单位技术岗位","广东省广州市黄埔区","2026-07-28T09:12:58.310295+00:00","广州海事局一级行政执法员（十二）","广东海事局","","广东省广州市黄埔区","公务员/事业单位;2025;computer_software;cybersecurity_cryptography;electronics_communication;本科及以上;与最高学历相对应的学位;计算机科学与技术、软件工程、信息安全、电子信息工程;行政执法类","用人司局：广州海事局
职位简介：主要从事海事业务管理和电子信息管理相关工作
专业要求：计算机科学与技术、软件工程、信息安全、电子信息工程
学历要求：本科及以上
学位要求：与最高学历相对应的学位
政治面貌：不限
基层工作经历：无限制
考试类别：行政执法类
备注：限应届高校毕业生报考；全国大学英语四级考试成绩达到425分及以上；要求持有全国计算机技术与软件专业技术资格（水平）考试中级以上证书；考生报名前，请查看海事局官网www.msa.gov.cn人事信息专栏中有关本次公务员招考的具体说明。","https://www.xjhc.gov.cn/xjhc/c116834/202410/a29382e11a674da3be3353af65f9fcc5.shtml#118308-300110003012","2024-10-14","{""dataset_year"":2025,""job_uid"":""GOV-2025-118308-300110003012"",""publisher"":""国家公务员局"",""publication_page"":""https://www.xjhc.gov.cn/xjhc/c116834/202410/a29382e11a674da3be3353af65f9fcc5.shtml"",""attachment_url"":""https://www.xjhc.gov.cn/xjhc/c116834/202410/a29382e11a674da3be3353af65f9fcc5/files/0536cef86e2b46ddad6aae5a3780089e.xls"",""local_source_file"":""2025_guokao_zhaokaojianzhang.xls"",""local_source_sha256"":""07ae6cab368cd21b7a1ac3e8150fe9a3d39ad5171ce76135ff3cccfe50c3e77e"",""source_sheet"":""中央国家行政机关省级以下直属机构"",""filter_version"":""government_tech_v2"",""tech_filter"":{""is_tech"":true,""is_core_tech"":true,""scope"":""core"",""categories"":[""computer_software"",""cybersecurity_cryptography"",""electronics_communication""],""matched_fields"":[""major"",""description"",""remarks""],""major_terms"":[""信息安全"",""电子信息工程"",""计算机科学与技术"",""软件工程""],""role_terms"":[""信息管理"",""电子信息"",""计算机"",""软件""],""reason"":""tech_major_and_role""},""original"":{""部门代码"":""118308"",""部门名称"":""广东海事局"",""用人司局"":""广州海事局"",""机构性质"":""中央国家行政机关省级以下直属机构"",""招考职位"":""广州海事局一级行政执法员（十二）"",""职位属性"":""普通职位"",""职位分布"":""其他职位"",""职位简介"":""主要从事海事业务管理和电子信息管理相关工作"",""职位代码"":""300110003012"",""机构层级"":""市（地）级"",""考试类别"":""行政执法类"",""招考人数"":""1"",""专业"":""计算机科学与技术、软件工程、信息安全、电子信息工程"",""学历"":""本科及以上"",""学位"":""与最高学历相对应的学位"",""政治面貌"":""不限"",""基层工作最低年限"":""无限制"",""服务基层项目工作经历"":""无限制"",""是否在面试阶段组织专业能力测试"":""否"",""面试人员比例"":""3:1"",""工作地点"":""广东省广州市黄埔区"",""落户地点"":""广东省广州市海珠区"",""备注"":""限应届高校毕业生报考；全国大学英语四级考试成绩达到425分及以上；要求持有全国计算机技术与软件专业技术资格（水平）考试中级以上证书；考生报名前，请查看海事局官网www.msa.gov.cn人事信息专栏中有关本次公务员招考的具体说明。"",""部门网站"":""https://www.gd.msa.gov.cn/"",""咨询电话1"":""020-89098360"",""咨询电话2"":"""",""咨询电话3"":"""",""来源Sheet"":""中央国家行政机关省级以下直属机构""}}"
"government_jobs","国家公务员2025招考简章","公务员/事业单位技术岗位","广东省广州市增城区","2026-07-28T09:12:58.310295+00:00","广州海事局一级行政执法员（四十）","广东海事局","","广东省广州市增城区","公务员/事业单位;2025;computer_software;electronics_communication;本科及以上;与最高学历相对应的学位;计算机科学与技术、网络工程、电子信息工程、数据科学与大数据技术;行政执法类","用人司局：广州海事局
职位简介：主要从事海事业务管理和电子信息管理相关工作
专业要求：计算机科学与技术、网络工程、电子信息工程、数据科学与大数据技术
学历要求：本科及以上
学位要求：与最高学历相对应的学位
政治面貌：不限
基层工作经历：无限制
考试类别：行政执法类
备注：限应届高校毕业生报考；全国大学英语四级考试成绩达到425分及以上；考生报名前，请查看海事局官网www.msa.gov.cn人事信息专栏中有关本次公务员招考的具体说明。","https://www.xjhc.gov.cn/xjhc/c116834/202410/a29382e11a674da3be3353af65f9fcc5.shtml#118308-300110003040","2024-10-14","{""dataset_year"":2025,""job_uid"":""GOV-2025-118308-300110003040"",""publisher"":""国家公务员局"",""publication_page"":""https://www.xjhc.gov.cn/xjhc/c116834/202410/a29382e11a674da3be3353af65f9fcc5.shtml"",""attachment_url"":""https://www.xjhc.gov.cn/xjhc/c116834/202410/a29382e11a674da3be3353af65f9fcc5/files/0536cef86e2b46ddad6aae5a3780089e.xls"",""local_source_file"":""2025_guokao_zhaokaojianzhang.xls"",""local_source_sha256"":""07ae6cab368cd21b7a1ac3e8150fe9a3d39ad5171ce76135ff3cccfe50c3e77e"",""source_sheet"":""中央国家行政机关省级以下直属机构"",""filter_version"":""government_tech_v2"",""tech_filter"":{""is_tech"":true,""is_core_tech"":true,""scope"":""core"",""categories"":[""computer_software"",""electronics_communication""],""matched_fields"":[""major"",""description""],""major_terms"":[""大数据"",""数据科学与大数据技术"",""电子信息工程"",""网络工程"",""计算机科学与技术""],""role_terms"":[""信息管理"",""电子信息""],""reason"":""tech_major_and_role""},""original"":{""部门代码"":""118308"",""部门名称"":""广东海事局"",""用人司局"":""广州海事局"",""机构性质"":""中央国家行政机关省级以下直属机构"",""招考职位"":""广州海事局一级行政执法员（四十）"",""职位属性"":""普通职位"",""职位分布"":""其他职位"",""职位简介"":""主要从事海事业务管理和电子信息管理相关工作"",""职位代码"":""300110003040"",""机构层级"":""市（地）级"",""考试类别"":""行政执法类"",""招考人数"":""1"",""专业"":""计算机科学与技术、网络工程、电子信息工程、数据科学与大数据技术"",""学历"":""本科及以上"",""学位"":""与最高学历相对应的学位"",""政治面貌"":""不限"",""基层工作最低年限"":""无限制"",""服务基层项目工作经历"":""无限制"",""是否在面试阶段组织专业能力测试"":""否"",""面试人员比例"":""3:1"",""工作地点"":""广东省广州市增城区"",""落户地点"":""广东省广州市海珠区"",""备注"":""限应届高校毕业生报考；全国大学英语四级考试成绩达到425分及以上；考生报名前，请查看海事局官网www.msa.gov.cn人事信息专栏中有关本次公务员招考的具体说明。"",""部门网站"":""https://www.gd.msa.gov.cn/"",""咨询电话1"":""020-89098360"",""咨询电话2"":"""",""咨询电话3"":"""",""来源Sheet"":""中央国家行政机关省级以下直属机构""}}"
"government_jobs","国家公务员2025招考简章","公务员/事业单位技术岗位","广东省东莞市","2026-07-28T09:12:58.310295+00:00","广州海事局一级行政执法员（四十四）","广东海事局","","广东省东莞市","公务员/事业单位;2025;computer_software;cybersecurity_cryptography;electronics_communication;硕士研究生及以上;与最高学历相对应的学位;大数据技术与工程、网络与信息安全;行政执法类","用人司局：广州海事局
职位简介：主要从事海事业务管理和电子信息管理相关工作
专业要求：大数据技术与工程、网络与信息安全
学历要求：硕士研究生及以上
学位要求：与最高学历相对应的学位
政治面貌：不限
基层工作经历：二年
考试类别：行政执法类
备注：全国大学英语六级考试成绩达到425分及以上；考生报名前，请查看海事局官网www.msa.gov.cn人事信息专栏中有关本次公务员招考的具体说明。","https://www.xjhc.gov.cn/xjhc/c116834/202410/a29382e11a674da3be3353af65f9fcc5.shtml#118308-300110003044","2024-10-14","{""dataset_year"":2025,""job_uid"":""GOV-2025-118308-300110003044"",""publisher"":""国家公务员局"",""publication_page"":""https://www.xjhc.gov.cn/xjhc/c116834/202410/a29382e11a674da3be3353af65f9fcc5.shtml"",""attachment_url"":""https://www.xjhc.gov.cn/xjhc/c116834/202410/a29382e11a674da3be3353af65f9fcc5/files/0536cef86e2b46ddad6aae5a3780089e.xls"",""local_source_file"":""2025_guokao_zhaokaojianzhang.xls"",""local_source_sha256"":""07ae6cab368cd21b7a1ac3e8150fe9a3d39ad5171ce76135ff3cccfe50c3e77e"",""source_sheet"":""中央国家行政机关省级以下直属机构"",""filter_version"":""government_tech_v2"",""tech_filter"":{""is_tech"":true,""is_core_tech"":true,""scope"":""core"",""categories"":[""computer_software"",""cybersecurity_cryptography"",""electronics_communication""],""matched_fields"":[""major"",""description""],""major_terms"":[""信息安全"",""大数据""],""role_terms"":[""信息管理"",""电子信息""],""reason"":""tech_major_and_role""},""original"":{""部门代码"":""118308"",""部门名称"":""广东海事局"",""用人司局"":""广州海事局"",""机构性质"":""中央国家行政机关省级以下直属机构"",""招考职位"":""广州海事局一级行政执法员（四十四）"",""职位属性"":""普通职位"",""职位分布"":""其他职位"",""职位简介"":""主要从事海事业务管理和电子信息管理相关工作"",""职位代码"":""300110003044"",""机构层级"":""市（地）级"",""考试类别"":""行政执法类"",""招考人数"":""1"",""专业"":""大数据技术与工程、网络与信息安全"",""学历"":""硕士研究生及以上"",""学位"":""与最高学历相对应的学位"",""政治面貌"":""不限"",""基层工作最低年限"":""二年"",""服务基层项目工作经历"":""无限制"",""是否在面试阶段组织专业能力测试"":""否"",""面试人员比例"":""3:1"",""工作地点"":""广东省东莞市"",""落户地点"":""广东省广州市海珠区"",""备注"":""全国大学英语六级考试成绩达到425分及以上；考生报名前，请查看海事局官网www.msa.gov.cn人事信息专栏中有关本次公务员招考的具体说明。"",""部门网站"":""https://www.gd.msa.gov.cn/"",""咨询电话1"":""020-89098360"",""咨询电话2"":"""",""咨询电话3"":"""",""来源Sheet"":""中央国家行政机关省级以下直属机构""}}"
"government_jobs","国家公务员2025招考简章","公务员/事业单位技术岗位","山东省济南市","2026-07-28T09:12:58.310295+00:00","科技处一级主任科员及以下","水利部黄河水利委员会","","山东省济南市","公务员/事业单位;2025;computer_software;硕士研究生及以上;与最高学历相对应的学位;水利工程、土木工程（限结构工程、岩土工程）、软件工程;市（地）级及以下直属机构综合管理类","用人司局：黄河水利委员会山东黄河河务局
职位简介：承担科技计划编制、信息技术规划编制及项目实施等工作
专业要求：水利工程、土木工程（限结构工程、岩土工程）、软件工程
学历要求：硕士研究生及以上
学位要求：与最高学历相对应的学位
政治面貌：不限
基层工作经历：无限制
考试类别：市（地）级及以下直属机构综合管理类
备注：1.联系电话：0531-86987372、86987376。
2.限2025届高校毕业生，具有相应学历的毕业证书和学位证书。
3.本职位需经常出差，工作条件比较艰苦。
4.与报考职位所在单位工作人员有夫妻关系、直系血亲关系、三代以内旁系血亲关系以及近姻亲关系的人员不得报考同一机关。","https://www.xjhc.gov.cn/xjhc/c116834/202410/a29382e11a674da3be3353af65f9fcc5.shtml#119102-400110201004","2024-10-14","{""dataset_year"":2025,""job_uid"":""GOV-2025-119102-400110201004"",""publisher"":""国家公务员局"",""publication_page"":""https://www.xjhc.gov.cn/xjhc/c116834/202410/a29382e11a674da3be3353af65f9fcc5.shtml"",""attachment_url"":""https://www.xjhc.gov.cn/xjhc/c116834/202410/a29382e11a674da3be3353af65f9fcc5/files/0536cef86e2b46ddad6aae5a3780089e.xls"",""local_source_file"":""2025_guokao_zhaokaojianzhang.xls"",""local_source_sha256"":""07ae6cab368cd21b7a1ac3e8150fe9a3d39ad5171ce76135ff3cccfe50c3e77e"",""source_sheet"":""中央国家行政机关参照公务员法管理事业单位"",""filter_version"":""government_tech_v2"",""tech_filter"":{""is_tech"":true,""is_core_tech"":true,""scope"":""core"",""categories"":[""computer_software""],""matched_fields"":[""major"",""description""],""major_terms"":[""软件工程""],""role_terms"":[""信息技术""],""reason"":""tech_major_and_role""},""original"":{""部门代码"":""119102"",""部门名称"":""水利部黄河水利委员会"",""用人司局"":""黄河水利委员会山东黄河河务局"",""机构性质"":""中央国家行政机关参照公务员法管理事业单位"",""招考职位"":""科技处一级主任科员及以下"",""职位属性"":""普通职位"",""职位分布"":""其他职位"",""职位简介"":""承担科技计划编制、信息技术规划编制及项目实施等工作"",""职位代码"":""400110201004"",""机构层级"":""市（地）级"",""考试类别"":""市（地）级及以下直属机构综合管理类"",""招考人数"":""1"",""专业"":""水利工程、土木工程（限结构工程、岩土工程）、软件工程"",""学历"":""硕士研究生及以上"",""学位"":""与最高学历相对应的学位"",""政治面貌"":""不限"",""基层工作最低年限"":""无限制"",""服务基层项目工作经历"":""无限制"",""是否在面试阶段组织专业能力测试"":""否"",""面试人员比例"":""3:1"",""工作地点"":""山东省济南市"",""落户地点"":""山东省济南市"",""备注"":""1.联系电话：0531-86987372、86987376。\n2.限2025届高校毕业生，具有相应学历的毕业证书和学位证书。\n3.本职位需经常出差，工作条件比较艰苦。\n4.与报考职位所在单位工作人员有夫妻关系、直系血亲关系、三代以内旁系血亲关系以及近姻亲关系的人员不得报考同一机关。"",""部门网站"":""http://www.yrcc.gov.cn/"",""咨询电话1"":""0371-66026670"",""咨询电话2"":"""",""咨询电话3"":"""",""来源Sheet"":""中央国家行政机关参照公务员法管理事业单位""}}"
"government_jobs","国家公务员2025招考简章","公务员/事业单位技术岗位","山东省滨州市博兴县","2026-07-28T09:12:58.310295+00:00","办公室一级主任科员及以下","水利部黄河水利委员会","","山东省滨州市博兴县","公务员/事业单位;2025;computer_software;cybersecurity_cryptography;本科及以上;与最高学历相对应的学位;本科：水利水电工程、水文与水资源工程、汉语言文学、网络空间安全； 研究生：水利工程、中国语言文学（限中国现当代文学、语言学及应用语言学）、马克思主义理论;市（地）级及以下直属机构综合管理类","用人司局：滨州黄河河务局博兴黄河河务局
职位简介：承担公文处理、综合材料起草、督办考核、新闻宣传、文化建设、信息化建设等工作
专业要求：本科：水利水电工程、水文与水资源工程、汉语言文学、网络空间安全； 研究生：水利工程、中国语言文学（限中国现当代文学、语言学及应用语言学）、马克思主义理论
学历要求：本科及以上
学位要求：与最高学历相对应的学位
政治面貌：不限
基层工作经历：无限制
考试类别：市（地）级及以下直属机构综合管理类
备注：1.联系电话：0531-86987372、86987376。
2.具有相应学历的毕业证书和学位证书，双学位者须以第一专业报考。
3.与报考职位所在单位工作人员有夫妻关系、直系血亲关系、三代以内旁系血亲关系以及近姻亲关系的人员不得报考同一机关。","https://www.xjhc.gov.cn/xjhc/c116834/202410/a29382e11a674da3be3353af65f9fcc5.shtml#119102-400110204001","2024-10-14","{""dataset_year"":2025,""job_uid"":""GOV-2025-119102-400110204001"",""publisher"":""国家公务员局"",""publication_page"":""https://www.xjhc.gov.cn/xjhc/c116834/202410/a29382e11a674da3be3353af65f9fcc5.shtml"",""attachment_url"":""https://www.xjhc.gov.cn/xjhc/c116834/202410/a29382e11a674da3be3353af65f9fcc5/files/0536cef86e2b46ddad6aae5a3780089e.xls"",""local_source_file"":""2025_guokao_zhaokaojianzhang.xls"",""local_source_sha256"":""07ae6cab368cd21b7a1ac3e8150fe9a3d39ad5171ce76135ff3cccfe50c3e77e"",""source_sheet"":""中央国家行政机关参照公务员法管理事业单位"",""filter_version"":""government_tech_v2"",""tech_filter"":{""is_tech"":true,""is_core_tech"":true,""scope"":""core"",""categories"":[""computer_software"",""cybersecurity_cryptography""],""matched_fields"":[""major"",""description""],""major_terms"":[""网络空间安全""],""role_terms"":[""信息化""],""reason"":""tech_major_and_role""},""original"":{""部门代码"":""119102"",""部门名称"":""水利部黄河水利委员会"",""用人司局"":""滨州黄河河务局博兴黄河河务局"",""机构性质"":""中央国家行政机关参照公务员法管理事业单位"",""招考职位"":""办公室一级主任科员及以下"",""职位属性"":""普通职位"",""职位分布"":""其他职位"",""职位简介"":""承担公文处理、综合材料起草、督办考核、新闻宣传、文化建设、信息化建设等工作"",""职位代码"":""400110204001"",""机构层级"":""县（区）级及以下"",""考试类别"":""市（地）级及以下直属机构综合管理类"",""招考人数"":""1"",""专业"":""本科：水利水电工程、水文与水资源工程、汉语言文学、网络空间安全； 研究生：水利工程、中国语言文学（限中国现当代文学、语言学及应用语言学）、马克思主义理论"",""学历"":""本科及以上"",""学位"":""与最高学历相对应的学位"",""政治面貌"":""不限"",""基层工作最低年限"":""无限制"",""服务基层项目工作经历"":""无限制"",""是否在面试阶段组织专业能力测试"":""否"",""面试人员比例"":""3:1"",""工作地点"":""山东省滨州市博兴县"",""落户地点"":""山东省滨州市博兴县"",""备注"":""1.联系电话：0531-86987372、86987376。\n2.具有相应学历的毕业证书和学位证书，双学位者须以第一专业报考。\n3.与报考职位所在单位工作人员有夫妻关系、直系血亲关系、三代以内旁系血亲关系以及近姻亲关系的人员不得报考同一机关。"",""部门网站"":""http://www.yrcc.gov.cn/"",""咨询电话1"":""0371-66026670"",""咨询电话2"":"""",""咨询电话3"":"""",""来源Sheet"":""中央国家行政机关参照公务员法管理事业单位""}}"
"government_jobs","国家公务员2025招考简章","公务员/事业单位技术岗位","河南省郑州市","2026-07-28T09:12:58.310295+00:00","水资源管理与节约保护处一级主任科员及以下","水利部黄河水利委员会","","河南省郑州市","公务员/事业单位;2025;computer_software;硕士研究生及以上;与最高学历相对应的学位;水利工程（限水文学及水资源、水力学及河流动力学、水工结构工程、水利水电工程）、农业工程（限农业水土工程）、计算机科学与技术;市（地）级及以下直属机构综合管理类","用人司局：黄河水利委员会河南黄河河务局
职位简介：承担水资源管理、水量调度、水资源保护及节约用水、信息化系统维护等工作
专业要求：水利工程（限水文学及水资源、水力学及河流动力学、水工结构工程、水利水电工程）、农业工程（限农业水土工程）、计算机科学与技术
学历要求：硕士研究生及以上
学位要求：与最高学历相对应的学位
政治面貌：不限
基层工作经历：无限制
考试类别：市（地）级及以下直属机构综合管理类
备注：1.联系电话：0371-69552041、69552029。
2.限2025届高校毕业生，具有相应学历的毕业证书和学位证书。
3.本职位需经常赴基层一线出差，条件艰苦，工作强度大，任务重。
4.与报考职位所在单位工作人员有夫妻关系、直系血亲关系、三代以内旁系血亲关系以及近姻亲关系的人员不得报考同一机关。","https://www.xjhc.gov.cn/xjhc/c116834/202410/a29382e11a674da3be3353af65f9fcc5.shtml#119102-400110301006","2024-10-14","{""dataset_year"":2025,""job_uid"":""GOV-2025-119102-400110301006"",""publisher"":""国家公务员局"",""publication_page"":""https://www.xjhc.gov.cn/xjhc/c116834/202410/a29382e11a674da3be3353af65f9fcc5.shtml"",""attachment_url"":""https://www.xjhc.gov.cn/xjhc/c116834/202410/a29382e11a674da3be3353af65f9fcc5/files/0536cef86e2b46ddad6aae5a3780089e.xls"",""local_source_file"":""2025_guokao_zhaokaojianzhang.xls"",""local_source_sha256"":""07ae6cab368cd21b7a1ac3e8150fe9a3d39ad5171ce76135ff3cccfe50c3e77e"",""source_sheet"":""中央国家行政机关参照公务员法管理事业单位"",""filter_version"":""government_tech_v2"",""tech_filter"":{""is_tech"":true,""is_core_tech"":true,""scope"":""core"",""categories"":[""computer_software""],""matched_fields"":[""major"",""description""],""major_terms"":[""计算机科学与技术""],""role_terms"":[""信息化"",""系统维护""],""reason"":""tech_major_and_role""},""original"":{""部门代码"":""119102"",""部门名称"":""水利部黄河水利委员会"",""用人司局"":""黄河水利委员会河南黄河河务局"",""机构性质"":""中央国家行政机关参照公务员法管理事业单位"",""招考职位"":""水资源管理与节约保护处一级主任科员及以下"",""职位属性"":""普通职位"",""职位分布"":""其他职位"",""职位简介"":""承担水资源管理、水量调度、水资源保护及节约用水、信息化系统维护等工作"",""职位代码"":""400110301006"",""机构层级"":""市（地）级"",""考试类别"":""市（地）级及以下直属机构综合管理类"",""招考人数"":""1"",""专业"":""水利工程（限水文学及水资源、水力学及河流动力学、水工结构工程、水利水电工程）、农业工程（限农业水土工程）、计算机科学与技术"",""学历"":""硕士研究生及以上"",""学位"":""与最高学历相对应的学位"",""政治面貌"":""不限"",""基层工作最低年限"":""无限制"",""服务基层项目工作经历"":""无限制"",""是否在面试阶段组织专业能力测试"":""否"",""面试人员比例"":""3:1"",""工作地点"":""河南省郑州市"",""落户地点"":""河南省郑州市"",""备注"":""1.联系电话：0371-69552041、69552029。\n2.限2025届高校毕业生，具有相应学历的毕业证书和学位证书。\n3.本职位需经常赴基层一线出差，条件艰苦，工作强度大，任务重。\n4.与报考职位所在单位工作人员有夫妻关系、直系血亲关系、三代以内旁系血亲关系以及近姻亲关系的人员不得报考同一机关。"",""部门网站"":""http://www.yrcc.gov.cn/"",""咨询电话1"":""0371-66026670"",""咨询电话2"":"""",""咨询电话3"":"""",""来源Sheet"":""中央国家行政机关参照公务员法管理事业单位""}}"
"government_jobs","国家公务员2025招考简章","公务员/事业单位技术岗位","河南省郑州市","2026-07-28T09:12:58.310295+00:00","建设与运行管理处一级主任科员及以下","水利部黄河水利委员会","","河南省郑州市","公务员/事业单位;2025;computer_software;硕士研究生及以上;与最高学历相对应的学位;水利工程、工程管理（限工程管理）、计算机科学与技术;市（地）级及以下直属机构综合管理类","用人司局：黄河水利委员会河南黄河河务局
职位简介：承担水利工程建设管理及涵闸工程运行技术管理、信息化系统维护等工作
专业要求：水利工程、工程管理（限工程管理）、计算机科学与技术
学历要求：硕士研究生及以上
学位要求：与最高学历相对应的学位
政治面貌：不限
基层工作经历：无限制
考试类别：市（地）级及以下直属机构综合管理类
备注：1.联系电话：0371-69552041、69552029。
2.具有相应学历的毕业证书和学位证书。
3.本职位需经常赴基层一线开展工程建设管理，条件艰苦，工作强度大，任务重。
4.与报考职位所在单位工作人员有夫妻关系、直系血亲关系、三代以内旁系血亲关系以及近姻亲关系的人员不得报考同一机关。","https://www.xjhc.gov.cn/xjhc/c116834/202410/a29382e11a674da3be3353af65f9fcc5.shtml#119102-400110301007","2024-10-14","{""dataset_year"":2025,""job_uid"":""GOV-2025-119102-400110301007"",""publisher"":""国家公务员局"",""publication_page"":""https://www.xjhc.gov.cn/xjhc/c116834/202410/a29382e11a674da3be3353af65f9fcc5.shtml"",""attachment_url"":""https://www.xjhc.gov.cn/xjhc/c116834/202410/a29382e11a674da3be3353af65f9fcc5/files/0536cef86e2b46ddad6aae5a3780089e.xls"",""local_source_file"":""2025_guokao_zhaokaojianzhang.xls"",""local_source_sha256"":""07ae6cab368cd21b7a1ac3e8150fe9a3d39ad5171ce76135ff3cccfe50c3e77e"",""source_sheet"":""中央国家行政机关参照公务员法管理事业单位"",""filter_version"":""government_tech_v2"",""tech_filter"":{""is_tech"":true,""is_core_tech"":true,""scope"":""core"",""categories"":[""computer_software""],""matched_fields"":[""major"",""description""],""major_terms"":[""计算机科学与技术""],""role_terms"":[""信息化"",""系统维护""],""reason"":""tech_major_and_role""},""original"":{""部门代码"":""119102"",""部门名称"":""水利部黄河水利委员会"",""用人司局"":""黄河水利委员会河南黄河河务局"",""机构性质"":""中央国家行政机关参照公务员法管理事业单位"",""招考职位"":""建设与运行管理处一级主任科员及以下"",""职位属性"":""普通职位"",""职位分布"":""其他职位"",""职位简介"":""承担水利工程建设管理及涵闸工程运行技术管理、信息化系统维护等工作"",""职位代码"":""400110301007"",""机构层级"":""市（地）级"",""考试类别"":""市（地）级及以下直属机构综合管理类"",""招考人数"":""1"",""专业"":""水利工程、工程管理（限工程管理）、计算机科学与技术"",""学历"":""硕士研究生及以上"",""学位"":""与最高学历相对应的学位"",""政治面貌"":""不限"",""基层工作最低年限"":""无限制"",""服务基层项目工作经历"":""无限制"",""是否在面试阶段组织专业能力测试"":""否"",""面试人员比例"":""3:1"",""工作地点"":""河南省郑州市"",""落户地点"":""河南省郑州市"",""备注"":""1.联系电话：0371-69552041、69552029。\n2.具有相应学历的毕业证书和学位证书。\n3.本职位需经常赴基层一线开展工程建设管理，条件艰苦，工作强度大，任务重。\n4.与报考职位所在单位工作人员有夫妻关系、直系血亲关系、三代以内旁系血亲关系以及近姻亲关系的人员不得报考同一机关。"",""部门网站"":""http://www.yrcc.gov.cn/"",""咨询电话1"":""0371-66026670"",""咨询电话2"":"""",""咨询电话3"":"""",""来源Sheet"":""中央国家行政机关参照公务员法管理事业单位""}}"
"government_jobs","国家公务员2025招考简章","公务员/事业单位技术岗位","河南省郑州市","2026-07-28T09:12:58.310295+00:00","监督处一级主任科员及以下","水利部黄河水利委员会","","河南省郑州市","公务员/事业单位;2025;computer_software;硕士研究生及以上;与最高学历相对应的学位;水利工程（限水工结构工程、水利水电工程）、安全科学与工程、计算机科学与技术;市（地）级及以下直属机构综合管理类","用人司局：黄河水利委员会河南黄河河务局
职位简介：承担水利工程、水资源、安全生产的现场检查、监督、信息化系统维护等工作
专业要求：水利工程（限水工结构工程、水利水电工程）、安全科学与工程、计算机科学与技术
学历要求：硕士研究生及以上
学位要求：与最高学历相对应的学位
政治面貌：不限
基层工作经历：无限制
考试类别：市（地）级及以下直属机构综合管理类
备注：1.联系电话：0371-69552041、69552029。
2.限2025届高校毕业生，具有相应学历的毕业证书和学位证书。
3.本职位需经常赴基层一线开展安全检查，条件艰苦。
4.与报考职位所在单位工作人员有夫妻关系、直系血亲关系、三代以内旁系血亲关系以及近姻亲关系的人员不得报考同一机关。","https://www.xjhc.gov.cn/xjhc/c116834/202410/a29382e11a674da3be3353af65f9fcc5.shtml#119102-400110301008","2024-10-14","{""dataset_year"":2025,""job_uid"":""GOV-2025-119102-400110301008"",""publisher"":""国家公务员局"",""publication_page"":""https://www.xjhc.gov.cn/xjhc/c116834/202410/a29382e11a674da3be3353af65f9fcc5.shtml"",""attachment_url"":""https://www.xjhc.gov.cn/xjhc/c116834/202410/a29382e11a674da3be3353af65f9fcc5/files/0536cef86e2b46ddad6aae5a3780089e.xls"",""local_source_file"":""2025_guokao_zhaokaojianzhang.xls"",""local_source_sha256"":""07ae6cab368cd21b7a1ac3e8150fe9a3d39ad5171ce76135ff3cccfe50c3e77e"",""source_sheet"":""中央国家行政机关参照公务员法管理事业单位"",""filter_version"":""government_tech_v2"",""tech_filter"":{""is_tech"":true,""is_core_tech"":true,""scope"":""core"",""categories"":[""computer_software""],""matched_fields"":[""major"",""description""],""major_terms"":[""计算机科学与技术""],""role_terms"":[""信息化"",""系统维护""],""reason"":""tech_major_and_role""},""original"":{""部门代码"":""119102"",""部门名称"":""水利部黄河水利委员会"",""用人司局"":""黄河水利委员会河南黄河河务局"",""机构性质"":""中央国家行政机关参照公务员法管理事业单位"",""招考职位"":""监督处一级主任科员及以下"",""职位属性"":""普通职位"",""职位分布"":""其他职位"",""职位简介"":""承担水利工程、水资源、安全生产的现场检查、监督、信息化系统维护等工作"",""职位代码"":""400110301008"",""机构层级"":""市（地）级"",""考试类别"":""市（地）级及以下直属机构综合管理类"",""招考人数"":""2"",""专业"":""水利工程（限水工结构工程、水利水电工程）、安全科学与工程、计算机科学与技术"",""学历"":""硕士研究生及以上"",""学位"":""与最高学历相对应的学位"",""政治面貌"":""不限"",""基层工作最低年限"":""无限制"",""服务基层项目工作经历"":""无限制"",""是否在面试阶段组织专业能力测试"":""否"",""面试人员比例"":""3:1"",""工作地点"":""河南省郑州市"",""落户地点"":""河南省郑州市"",""备注"":""1.联系电话：0371-69552041、69552029。\n2.限2025届高校毕业生，具有相应学历的毕业证书和学位证书。\n3.本职位需经常赴基层一线开展安全检查，条件艰苦。\n4.与报考职位所在单位工作人员有夫妻关系、直系血亲关系、三代以内旁系血亲关系以及近姻亲关系的人员不得报考同一机关。"",""部门网站"":""http://www.yrcc.gov.cn/"",""咨询电话1"":""0371-66026670"",""咨询电话2"":"""",""咨询电话3"":"""",""来源Sheet"":""中央国家行政机关参照公务员法管理事业单位""}}"
"government_jobs","国家公务员2025招考简章","公务员/事业单位技术岗位","河南省濮阳市","2026-07-28T09:12:58.310295+00:00","工务处（监督处）一级主任科员及以下","水利部黄河水利委员会","","河南省濮阳市","公务员/事业单位;2025;computer_software;硕士研究生及以上;与最高学历相对应的学位;水利工程、土木工程、管理科学与工程、计算机科学与技术;市（地）级及以下直属机构综合管理类","用人司局：河南黄河河务局濮阳黄河河务局
职位简介：承担水利工程建设、运行技术管理、科技管理、信息化系统维护等工作
专业要求：水利工程、土木工程、管理科学与工程、计算机科学与技术
学历要求：硕士研究生及以上
学位要求：与最高学历相对应的学位
政治面貌：不限
基层工作经历：无限制
考试类别：市（地）级及以下直属机构综合管理类
备注：1.联系电话：0371-69552041、69552029。
2.限2025届高校毕业生，具有相应学历的毕业证书和学位证书。
3.本职位需经常赴基层一线工程管理，条件艰苦，工作强度大，任务重。
4.与报考职位所在单位工作人员有夫妻关系、直系血亲关系、三代以内旁系血亲关系以及近姻亲关系的人员不得报考同一机关。","https://www.xjhc.gov.cn/xjhc/c116834/202410/a29382e11a674da3be3353af65f9fcc5.shtml#119102-400110311003","2024-10-14","{""dataset_year"":2025,""job_uid"":""GOV-2025-119102-400110311003"",""publisher"":""国家公务员局"",""publication_page"":""https://www.xjhc.gov.cn/xjhc/c116834/202410/a29382e11a674da3be3353af65f9fcc5.shtml"",""attachment_url"":""https://www.xjhc.gov.cn/xjhc/c116834/202410/a29382e11a674da3be3353af65f9fcc5/files/0536cef86e2b46ddad6aae5a3780089e.xls"",""local_source_file"":""2025_guokao_zhaokaojianzhang.xls"",""local_source_sha256"":""07ae6cab368cd21b7a1ac3e8150fe9a3d39ad5171ce76135ff3cccfe50c3e77e"",""source_sheet"":""中央国家行政机关参照公务员法管理事业单位"",""filter_version"":""government_tech_v2"",""tech_filter"":{""is_tech"":true,""is_core_tech"":true,""scope"":""core"",""categories"":[""computer_software""],""matched_fields"":[""major"",""description""],""major_terms"":[""计算机科学与技术""],""role_terms"":[""信息化"",""系统维护""],""reason"":""tech_major_and_role""},""original"":{""部门代码"":""119102"",""部门名称"":""水利部黄河水利委员会"",""用人司局"":""河南黄河河务局濮阳黄河河务局"",""机构性质"":""中央国家行政机关参照公务员法管理事业单位"",""招考职位"":""工务处（监督处）一级主任科员及以下"",""职位属性"":""普通职位"",""职位分布"":""其他职位"",""职位简介"":""承担水利工程建设、运行技术管理、科技管理、信息化系统维护等工作"",""职位代码"":""400110311003"",""机构层级"":""市（地）级"",""考试类别"":""市（地）级及以下直属机构综合管理类"",""招考人数"":""2"",""专业"":""水利工程、土木工程、管理科学与工程、计算机科学与技术"",""学历"":""硕士研究生及以上"",""学位"":""与最高学历相对应的学位"",""政治面貌"":""不限"",""基层工作最低年限"":""无限制"",""服务基层项目工作经历"":""无限制"",""是否在面试阶段组织专业能力测试"":""否"",""面试人员比例"":""3:1"",""工作地点"":""河南省濮阳市"",""落户地点"":""河南省濮阳市"",""备注"":""1.联系电话：0371-69552041、69552029。\n2.限2025届高校毕业生，具有相应学历的毕业证书和学位证书。\n3.本职位需经常赴基层一线工程管理，条件艰苦，工作强度大，任务重。\n4.与报考职位所在单位工作人员有夫妻关系、直系血亲关系、三代以内旁系血亲关系以及近姻亲关系的人员不得报考同一机关。"",""部门网站"":""http://www.yrcc.gov.cn/"",""咨询电话1"":""0371-66026670"",""咨询电话2"":"""",""咨询电话3"":"""",""来源Sheet"":""中央国家行政机关参照公务员法管理事业单位""}}"
"government_jobs","国家公务员2025招考简章","公务员/事业单位技术岗位","河南省濮阳市濮阳县","2026-07-28T09:12:58.310295+00:00","工程管理科一级主任科员及以下","水利部黄河水利委员会","","河南省濮阳市濮阳县","公务员/事业单位;2025;computer_software;electronics_communication;本科及以上;与最高学历相对应的学位;本科：水利水电工程、水文与水资源工程、道路桥梁与渡河工程、土木工程、工程造价、建筑学、计算机科学与技术、电子信息工程； 研究生：水利工程、土木工程、计算机科学与技术、电子信息（限通信工程、计算机技术、软件工程）;市（地）级及以下直属机构综合管理类","用人司局：濮阳黄河河务局第一黄河河务局
职位简介：承担水利工程建设、运行管理、信息化系统维护等工作
专业要求：本科：水利水电工程、水文与水资源工程、道路桥梁与渡河工程、土木工程、工程造价、建筑学、计算机科学与技术、电子信息工程； 研究生：水利工程、土木工程、计算机科学与技术、电子信息（限通信工程、计算机技术、软件工程）
学历要求：本科及以上
学位要求：与最高学历相对应的学位
政治面貌：不限
基层工作经历：无限制
考试类别：市（地）级及以下直属机构综合管理类
备注：1.联系电话：0371-69552041、69552029。
2.具有相应学历的毕业证书和学位证书，双学位者须以第一专业报考。
3.本职位需经常赴基层一线工程管理，条件艰苦，工作强度大，任务重。
4.与报考职位所在单位工作人员有夫妻关系、直系血亲关系、三代以内旁系血亲关系以及近姻亲关系的人员不得报考同一机关。","https://www.xjhc.gov.cn/xjhc/c116834/202410/a29382e11a674da3be3353af65f9fcc5.shtml#119102-400110312002","2024-10-14","{""dataset_year"":2025,""job_uid"":""GOV-2025-119102-400110312002"",""publisher"":""国家公务员局"",""publication_page"":""https://www.xjhc.gov.cn/xjhc/c116834/202410/a29382e11a674da3be3353af65f9fcc5.shtml"",""attachment_url"":""https://www.xjhc.gov.cn/xjhc/c116834/202410/a29382e11a674da3be3353af65f9fcc5/files/0536cef86e2b46ddad6aae5a3780089e.xls"",""local_source_file"":""2025_guokao_zhaokaojianzhang.xls"",""local_source_sha256"":""07ae6cab368cd21b7a1ac3e8150fe9a3d39ad5171ce76135ff3cccfe50c3e77e"",""source_sheet"":""中央国家行政机关参照公务员法管理事业单位"",""filter_version"":""government_tech_v2"",""tech_filter"":{""is_tech"":true,""is_core_tech"":true,""scope"":""core"",""categories"":[""computer_software"",""electronics_communication""],""matched_fields"":[""major"",""description""],""major_terms"":[""电子信息"",""电子信息工程"",""计算机技术"",""计算机科学与技术"",""软件工程"",""通信工程""],""role_terms"":[""信息化"",""系统维护""],""reason"":""tech_major_and_role""},""original"":{""部门代码"":""119102"",""部门名称"":""水利部黄河水利委员会"",""用人司局"":""濮阳黄河河务局第一黄河河务局"",""机构性质"":""中央国家行政机关参照公务员法管理事业单位"",""招考职位"":""工程管理科一级主任科员及以下"",""职位属性"":""普通职位"",""职位分布"":""其他职位"",""职位简介"":""承担水利工程建设、运行管理、信息化系统维护等工作"",""职位代码"":""400110312002"",""机构层级"":""县（区）级及以下"",""考试类别"":""市（地）级及以下直属机构综合管理类"",""招考人数"":""2"",""专业"":""本科：水利水电工程、水文与水资源工程、道路桥梁与渡河工程、土木工程、工程造价、建筑学、计算机科学与技术、电子信息工程； 研究生：水利工程、土木工程、计算机科学与技术、电子信息（限通信工程、计算机技术、软件工程）"",""学历"":""本科及以上"",""学位"":""与最高学历相对应的学位"",""政治面貌"":""不限"",""基层工作最低年限"":""无限制"",""服务基层项目工作经历"":""无限制"",""是否在面试阶段组织专业能力测试"":""否"",""面试人员比例"":""3:1"",""工作地点"":""河南省濮阳市濮阳县"",""落户地点"":""河南省濮阳市濮阳县"",""备注"":""1.联系电话：0371-69552041、69552029。\n2.具有相应学历的毕业证书和学位证书，双学位者须以第一专业报考。\n3.本职位需经常赴基层一线工程管理，条件艰苦，工作强度大，任务重。\n4.与报考职位所在单位工作人员有夫妻关系、直系血亲关系、三代以内旁系血亲关系以及近姻亲关系的人员不得报考同一机关。"",""部门网站"":""http://www.yrcc.gov.cn/"",""咨询电话1"":""0371-66026670"",""咨询电话2"":"""",""咨询电话3"":"""",""来源Sheet"":""中央国家行政机关参照公务员法管理事业单位""}}"
"government_jobs","国家公务员2025招考简章","公务员/事业单位技术岗位","河南省濮阳市","2026-07-28T09:12:58.310295+00:00","工程管理科一级主任科员及以下","水利部黄河水利委员会","","河南省濮阳市","公务员/事业单位;2025;computer_software;本科及以上;与最高学历相对应的学位;本科：水利水电工程、土木工程、计算机科学与技术； 研究生：水利工程、土木工程、计算机科学与技术;市（地）级及以下直属机构综合管理类","用人司局：濮阳黄河河务局渠村分洪闸管理处
职位简介：承担水利工程建设、运行管理、信息化系统维护等工作
专业要求：本科：水利水电工程、土木工程、计算机科学与技术； 研究生：水利工程、土木工程、计算机科学与技术
学历要求：本科及以上
学位要求：与最高学历相对应的学位
政治面貌：不限
基层工作经历：二年
考试类别：市（地）级及以下直属机构综合管理类
备注：1.联系电话：0371-69552041、69552029。
2.具有相应学历的毕业证书和学位证书，双学位者须以第一专业报考。
3.本职位需经常赴基层一线工程管理，条件艰苦，工作强度大，任务重。
4.与报考职位所在单位工作人员有夫妻关系、直系血亲关系、三代以内旁系血亲关系以及近姻亲关系的人员不得报考同一机关。","https://www.xjhc.gov.cn/xjhc/c116834/202410/a29382e11a674da3be3353af65f9fcc5.shtml#119102-400110316001","2024-10-14","{""dataset_year"":2025,""job_uid"":""GOV-2025-119102-400110316001"",""publisher"":""国家公务员局"",""publication_page"":""https://www.xjhc.gov.cn/xjhc/c116834/202410/a29382e11a674da3be3353af65f9fcc5.shtml"",""attachment_url"":""https://www.xjhc.gov.cn/xjhc/c116834/202410/a29382e11a674da3be3353af65f9fcc5/files/0536cef86e2b46ddad6aae5a3780089e.xls"",""local_source_file"":""2025_guokao_zhaokaojianzhang.xls"",""local_source_sha256"":""07ae6cab368cd21b7a1ac3e8150fe9a3d39ad5171ce76135ff3cccfe50c3e77e"",""source_sheet"":""中央国家行政机关参照公务员法管理事业单位"",""filter_version"":""government_tech_v2"",""tech_filter"":{""is_tech"":true,""is_core_tech"":true,""scope"":""core"",""categories"":[""computer_software""],""matched_fields"":[""major"",""description""],""major_terms"":[""计算机科学与技术""],""role_terms"":[""信息化"",""系统维护""],""reason"":""tech_major_and_role""},""original"":{""部门代码"":""119102"",""部门名称"":""水利部黄河水利委员会"",""用人司局"":""濮阳黄河河务局渠村分洪闸管理处"",""机构性质"":""中央国家行政机关参照公务员法管理事业单位"",""招考职位"":""工程管理科一级主任科员及以下"",""职位属性"":""普通职位"",""职位分布"":""其他职位"",""职位简介"":""承担水利工程建设、运行管理、信息化系统维护等工作"",""职位代码"":""400110316001"",""机构层级"":""县（区）级及以下"",""考试类别"":""市（地）级及以下直属机构综合管理类"",""招考人数"":""1"",""专业"":""本科：水利水电工程、土木工程、计算机科学与技术； 研究生：水利工程、土木工程、计算机科学与技术"",""学历"":""本科及以上"",""学位"":""与最高学历相对应的学位"",""政治面貌"":""不限"",""基层工作最低年限"":""二年"",""服务基层项目工作经历"":""大学生村官"",""是否在面试阶段组织专业能力测试"":""否"",""面试人员比例"":""3:1"",""工作地点"":""河南省濮阳市"",""落户地点"":""河南省濮阳市"",""备注"":""1.联系电话：0371-69552041、69552029。\n2.具有相应学历的毕业证书和学位证书，双学位者须以第一专业报考。\n3.本职位需经常赴基层一线工程管理，条件艰苦，工作强度大，任务重。\n4.与报考职位所在单位工作人员有夫妻关系、直系血亲关系、三代以内旁系血亲关系以及近姻亲关系的人员不得报考同一机关。"",""部门网站"":""http://www.yrcc.gov.cn/"",""咨询电话1"":""0371-66026670"",""咨询电话2"":"""",""咨询电话3"":"""",""来源Sheet"":""中央国家行政机关参照公务员法管理事业单位""}}"
"government_jobs","国家公务员2025招考简章","公务员/事业单位技术岗位","河南省焦作市武陟县","2026-07-28T09:12:58.310295+00:00","工程管理科一级主任科员及以下","水利部黄河水利委员会","","河南省焦作市武陟县","公务员/事业单位;2025;computer_software;本科及以上;与最高学历相对应的学位;本科：水利水电工程、土木工程、工程管理、道路桥梁与渡河工程、建筑学、计算机科学与技术； 研究生：水利工程、土木工程、工程管理（限工程管理125601）、计算机科学与技术;市（地）级及以下直属机构综合管理类","用人司局：焦作黄河河务局武陟第二黄河河务局
职位简介：承担水利工程建设、运行管理、信息化系统维护等工作
专业要求：本科：水利水电工程、土木工程、工程管理、道路桥梁与渡河工程、建筑学、计算机科学与技术； 研究生：水利工程、土木工程、工程管理（限工程管理125601）、计算机科学与技术
学历要求：本科及以上
学位要求：与最高学历相对应的学位
政治面貌：不限
基层工作经历：无限制
考试类别：市（地）级及以下直属机构综合管理类
备注：1.联系电话：0371-69552041、69552029。
2.有相应学历的毕业证书和学位证书，双学位者须以第一专业报考。
3.本职位需经常赴基层一线工程管理，工作强度大，任务重，条件艰苦。
4.与报考职位所在单位工作人员有夫妻关系、直系血亲关系、三代以内旁系血亲关系以及近姻亲关系的人员不得报考同一机关。","https://www.xjhc.gov.cn/xjhc/c116834/202410/a29382e11a674da3be3353af65f9fcc5.shtml#119102-400110321001","2024-10-14","{""dataset_year"":2025,""job_uid"":""GOV-2025-119102-400110321001"",""publisher"":""国家公务员局"",""publication_page"":""https://www.xjhc.gov.cn/xjhc/c116834/202410/a29382e11a674da3be3353af65f9fcc5.shtml"",""attachment_url"":""https://www.xjhc.gov.cn/xjhc/c116834/202410/a29382e11a674da3be3353af65f9fcc5/files/0536cef86e2b46ddad6aae5a3780089e.xls"",""local_source_file"":""2025_guokao_zhaokaojianzhang.xls"",""local_source_sha256"":""07ae6cab368cd21b7a1ac3e8150fe9a3d39ad5171ce76135ff3cccfe50c3e77e"",""source_sheet"":""中央国家行政机关参照公务员法管理事业单位"",""filter_version"":""government_tech_v2"",""tech_filter"":{""is_tech"":true,""is_core_tech"":true,""scope"":""core"",""categories"":[""computer_software""],""matched_fields"":[""major"",""description""],""major_terms"":[""计算机科学与技术""],""role_terms"":[""信息化"",""系统维护""],""reason"":""tech_major_and_role""},""original"":{""部门代码"":""119102"",""部门名称"":""水利部黄河水利委员会"",""用人司局"":""焦作黄河河务局武陟第二黄河河务局"",""机构性质"":""中央国家行政机关参照公务员法管理事业单位"",""招考职位"":""工程管理科一级主任科员及以下"",""职位属性"":""普通职位"",""职位分布"":""其他职位"",""职位简介"":""承担水利工程建设、运行管理、信息化系统维护等工作"",""职位代码"":""400110321001"",""机构层级"":""县（区）级及以下"",""考试类别"":""市（地）级及以下直属机构综合管理类"",""招考人数"":""1"",""专业"":""本科：水利水电工程、土木工程、工程管理、道路桥梁与渡河工程、建筑学、计算机科学与技术； 研究生：水利工程、土木工程、工程管理（限工程管理125601）、计算机科学与技术"",""学历"":""本科及以上"",""学位"":""与最高学历相对应的学位"",""政治面貌"":""不限"",""基层工作最低年限"":""无限制"",""服务基层项目工作经历"":""无限制"",""是否在面试阶段组织专业能力测试"":""否"",""面试人员比例"":""3:1"",""工作地点"":""河南省焦作市武陟县"",""落户地点"":""河南省焦作市武陟县"",""备注"":""1.联系电话：0371-69552041、69552029。\n2.有相应学历的毕业证书和学位证书，双学位者须以第一专业报考。\n3.本职位需经常赴基层一线工程管理，工作强度大，任务重，条件艰苦。\n4.与报考职位所在单位工作人员有夫妻关系、直系血亲关系、三代以内旁系血亲关系以及近姻亲关系的人员不得报考同一机关。"",""部门网站"":""http://www.yrcc.gov.cn/"",""咨询电话1"":""0371-66026670"",""咨询电话2"":"""",""咨询电话3"":"""",""来源Sheet"":""中央国家行政机关参照公务员法管理事业单位""}}"
"government_jobs","国家公务员2025招考简章","公务员/事业单位技术岗位","河南省焦作市孟州市","2026-07-28T09:12:58.310295+00:00","工程管理科一级主任科员及以下","水利部黄河水利委员会","","河南省焦作市孟州市","公务员/事业单位;2025;computer_software;本科及以上;与最高学历相对应的学位;本科：水利水电工程、水文与水资源工程、计算机科学与技术； 研究生：水利工程、计算机科学与技术;市（地）级及以下直属机构综合管理类","用人司局：焦作黄河河务局孟州黄河河务局
职位简介：承担水利工程建设、运行管理、信息化系统维护等工作
专业要求：本科：水利水电工程、水文与水资源工程、计算机科学与技术； 研究生：水利工程、计算机科学与技术
学历要求：本科及以上
学位要求：与最高学历相对应的学位
政治面貌：不限
基层工作经历：二年
考试类别：市（地）级及以下直属机构综合管理类
备注：1.联系电话：0371-69552041、69552029。
2.具有相应学历的毕业证书和学位证书，双学位者须以第一专业报考。
3.本职位需经常赴基层一线出差调研，条件艰苦，工作强度大，任务重。
4.与报考职位所在单位工作人员有夫妻关系、直系血亲关系、三代以内旁系血亲关系以及近姻亲关系的人员不得报考同一机关。","https://www.xjhc.gov.cn/xjhc/c116834/202410/a29382e11a674da3be3353af65f9fcc5.shtml#119102-400110323001","2024-10-14","{""dataset_year"":2025,""job_uid"":""GOV-2025-119102-400110323001"",""publisher"":""国家公务员局"",""publication_page"":""https://www.xjhc.gov.cn/xjhc/c116834/202410/a29382e11a674da3be3353af65f9fcc5.shtml"",""attachment_url"":""https://www.xjhc.gov.cn/xjhc/c116834/202410/a29382e11a674da3be3353af65f9fcc5/files/0536cef86e2b46ddad6aae5a3780089e.xls"",""local_source_file"":""2025_guokao_zhaokaojianzhang.xls"",""local_source_sha256"":""07ae6cab368cd21b7a1ac3e8150fe9a3d39ad5171ce76135ff3cccfe50c3e77e"",""source_sheet"":""中央国家行政机关参照公务员法管理事业单位"",""filter_version"":""government_tech_v2"",""tech_filter"":{""is_tech"":true,""is_core_tech"":true,""scope"":""core"",""categories"":[""computer_software""],""matched_fields"":[""major"",""description""],""major_terms"":[""计算机科学与技术""],""role_terms"":[""信息化"",""系统维护""],""reason"":""tech_major_and_role""},""original"":{""部门代码"":""119102"",""部门名称"":""水利部黄河水利委员会"",""用人司局"":""焦作黄河河务局孟州黄河河务局"",""机构性质"":""中央国家行政机关参照公务员法管理事业单位"",""招考职位"":""工程管理科一级主任科员及以下"",""职位属性"":""普通职位"",""职位分布"":""其他职位"",""职位简介"":""承担水利工程建设、运行管理、信息化系统维护等工作"",""职位代码"":""400110323001"",""机构层级"":""县（区）级及以下"",""考试类别"":""市（地）级及以下直属机构综合管理类"",""招考人数"":""1"",""专业"":""本科：水利水电工程、水文与水资源工程、计算机科学与技术； 研究生：水利工程、计算机科学与技术"",""学历"":""本科及以上"",""学位"":""与最高学历相对应的学位"",""政治面貌"":""不限"",""基层工作最低年限"":""二年"",""服务基层项目工作经历"":""大学生村官"",""是否在面试阶段组织专业能力测试"":""否"",""面试人员比例"":""3:1"",""工作地点"":""河南省焦作市孟州市"",""落户地点"":""河南省焦作市孟州市"",""备注"":""1.联系电话：0371-69552041、69552029。\n2.具有相应学历的毕业证书和学位证书，双学位者须以第一专业报考。\n3.本职位需经常赴基层一线出差调研，条件艰苦，工作强度大，任务重。\n4.与报考职位所在单位工作人员有夫妻关系、直系血亲关系、三代以内旁系血亲关系以及近姻亲关系的人员不得报考同一机关。"",""部门网站"":""http://www.yrcc.gov.cn/"",""咨询电话1"":""0371-66026670"",""咨询电话2"":"""",""咨询电话3"":"""",""来源Sheet"":""中央国家行政机关参照公务员法管理事业单位""}}"
"government_jobs","国家公务员2025招考简章","公务员/事业单位技术岗位","河南省开封市兰考县","2026-07-28T09:12:58.310295+00:00","工程管理科一级主任科员及以下","水利部黄河水利委员会","","河南省开封市兰考县","公务员/事业单位;2025;computer_software;本科及以上;与最高学历相对应的学位;本科：水利水电工程、土木工程、法学、计算机科学与技术； 研究生：水利工程、土木工程、法学理论、计算机科学与技术;市（地）级及以下直属机构综合管理类","用人司局：开封黄河河务局兰考黄河河务局
职位简介：承担水利工程建设、运行管理、信息化系统维护等工作
专业要求：本科：水利水电工程、土木工程、法学、计算机科学与技术； 研究生：水利工程、土木工程、法学理论、计算机科学与技术
学历要求：本科及以上
学位要求：与最高学历相对应的学位
政治面貌：不限
基层工作经历：二年
考试类别：市（地）级及以下直属机构综合管理类
备注：1.联系电话：0371-69552041、69552029。
2.具有相应学历的毕业证书和学位证书，双学位者须以第一专业报考。
3.本职位需经常赴基层一线工程管理，条件艰苦，工作强度大，任务重。
4.与报考职位所在单位工作人员有夫妻关系、直系血亲关系、三代以内旁系血亲关系以及近姻亲关系的人员不得报考同一机关。","https://www.xjhc.gov.cn/xjhc/c116834/202410/a29382e11a674da3be3353af65f9fcc5.shtml#119102-400110329002","2024-10-14","{""dataset_year"":2025,""job_uid"":""GOV-2025-119102-400110329002"",""publisher"":""国家公务员局"",""publication_page"":""https://www.xjhc.gov.cn/xjhc/c116834/202410/a29382e11a674da3be3353af65f9fcc5.shtml"",""attachment_url"":""https://www.xjhc.gov.cn/xjhc/c116834/202410/a29382e11a674da3be3353af65f9fcc5/files/0536cef86e2b46ddad6aae5a3780089e.xls"",""local_source_file"":""2025_guokao_zhaokaojianzhang.xls"",""local_source_sha256"":""07ae6cab368cd21b7a1ac3e8150fe9a3d39ad5171ce76135ff3cccfe50c3e77e"",""source_sheet"":""中央国家行政机关参照公务员法管理事业单位"",""filter_version"":""government_tech_v2"",""tech_filter"":{""is_tech"":true,""is_core_tech"":true,""scope"":""core"",""categories"":[""computer_software""],""matched_fields"":[""major"",""description""],""major_terms"":[""计算机科学与技术""],""role_terms"":[""信息化"",""系统维护""],""reason"":""tech_major_and_role""},""original"":{""部门代码"":""119102"",""部门名称"":""水利部黄河水利委员会"",""用人司局"":""开封黄河河务局兰考黄河河务局"",""机构性质"":""中央国家行政机关参照公务员法管理事业单位"",""招考职位"":""工程管理科一级主任科员及以下"",""职位属性"":""普通职位"",""职位分布"":""其他职位"",""职位简介"":""承担水利工程建设、运行管理、信息化系统维护等工作"",""职位代码"":""400110329002"",""机构层级"":""县（区）级及以下"",""考试类别"":""市（地）级及以下直属机构综合管理类"",""招考人数"":""1"",""专业"":""本科：水利水电工程、土木工程、法学、计算机科学与技术； 研究生：水利工程、土木工程、法学理论、计算机科学与技术"",""学历"":""本科及以上"",""学位"":""与最高学历相对应的学位"",""政治面貌"":""不限"",""基层工作最低年限"":""二年"",""服务基层项目工作经历"":""大学生村官"",""是否在面试阶段组织专业能力测试"":""否"",""面试人员比例"":""3:1"",""工作地点"":""河南省开封市兰考县"",""落户地点"":""河南省开封市兰考县"",""备注"":""1.联系电话：0371-69552041、69552029。\n2.具有相应学历的毕业证书和学位证书，双学位者须以第一专业报考。\n3.本职位需经常赴基层一线工程管理，条件艰苦，工作强度大，任务重。\n4.与报考职位所在单位工作人员有夫妻关系、直系血亲关系、三代以内旁系血亲关系以及近姻亲关系的人员不得报考同一机关。"",""部门网站"":""http://www.yrcc.gov.cn/"",""咨询电话1"":""0371-66026670"",""咨询电话2"":"""",""咨询电话3"":"""",""来源Sheet"":""中央国家行政机关参照公务员法管理事业单位""}}"
"government_jobs","国家公务员2025招考简章","公务员/事业单位技术岗位","河南省新乡市长垣市","2026-07-28T09:12:58.310295+00:00","工程管理科一级主任科员及以下","水利部黄河水利委员会","","河南省新乡市长垣市","公务员/事业单位;2025;computer_software;本科及以上;与最高学历相对应的学位;本科：水利水电工程、水文与水资源工程、土木工程、计算机科学与技术； 研究生：水利工程、土木工程、计算机科学与技术;市（地）级及以下直属机构综合管理类","用人司局：新乡黄河河务局长垣黄河河务局
职位简介：承担水利工程建设、运行管理、信息化系统维护等工作
专业要求：本科：水利水电工程、水文与水资源工程、土木工程、计算机科学与技术； 研究生：水利工程、土木工程、计算机科学与技术
学历要求：本科及以上
学位要求：与最高学历相对应的学位
政治面貌：不限
基层工作经历：二年
考试类别：市（地）级及以下直属机构综合管理类
备注：1.联系电话：0371-69552041、69552029。
2.具有相应学历的毕业证书和学位证书，双学位者须以第一专业报考。
3.本职位需经常赴基层一线工程管理，条件艰苦，工作强度大，任务重。
4.与报考职位所在单位工作人员有夫妻关系、直系血亲关系、三代以内旁系血亲关系以及近姻亲关系的人员不得报考同一机关。","https://www.xjhc.gov.cn/xjhc/c116834/202410/a29382e11a674da3be3353af65f9fcc5.shtml#119102-400110333003","2024-10-14","{""dataset_year"":2025,""job_uid"":""GOV-2025-119102-400110333003"",""publisher"":""国家公务员局"",""publication_page"":""https://www.xjhc.gov.cn/xjhc/c116834/202410/a29382e11a674da3be3353af65f9fcc5.shtml"",""attachment_url"":""https://www.xjhc.gov.cn/xjhc/c116834/202410/a29382e11a674da3be3353af65f9fcc5/files/0536cef86e2b46ddad6aae5a3780089e.xls"",""local_source_file"":""2025_guokao_zhaokaojianzhang.xls"",""local_source_sha256"":""07ae6cab368cd21b7a1ac3e8150fe9a3d39ad5171ce76135ff3cccfe50c3e77e"",""source_sheet"":""中央国家行政机关参照公务员法管理事业单位"",""filter_version"":""government_tech_v2"",""tech_filter"":{""is_tech"":true,""is_core_tech"":true,""scope"":""core"",""categories"":[""computer_software""],""matched_fields"":[""major"",""description""],""major_terms"":[""计算机科学与技术""],""role_terms"":[""信息化"",""系统维护""],""reason"":""tech_major_and_role""},""original"":{""部门代码"":""119102"",""部门名称"":""水利部黄河水利委员会"",""用人司局"":""新乡黄河河务局长垣黄河河务局"",""机构性质"":""中央国家行政机关参照公务员法管理事业单位"",""招考职位"":""工程管理科一级主任科员及以下"",""职位属性"":""普通职位"",""职位分布"":""其他职位"",""职位简介"":""承担水利工程建设、运行管理、信息化系统维护等工作"",""职位代码"":""400110333003"",""机构层级"":""县（区）级及以下"",""考试类别"":""市（地）级及以下直属机构综合管理类"",""招考人数"":""1"",""专业"":""本科：水利水电工程、水文与水资源工程、土木工程、计算机科学与技术； 研究生：水利工程、土木工程、计算机科学与技术"",""学历"":""本科及以上"",""学位"":""与最高学历相对应的学位"",""政治面貌"":""不限"",""基层工作最低年限"":""二年"",""服务基层项目工作经历"":""大学生村官"",""是否在面试阶段组织专业能力测试"":""否"",""面试人员比例"":""3:1"",""工作地点"":""河南省新乡市长垣市"",""落户地点"":""河南省新乡市长垣市"",""备注"":""1.联系电话：0371-69552041、69552029。\n2.具有相应学历的毕业证书和学位证书，双学位者须以第一专业报考。\n3.本职位需经常赴基层一线工程管理，条件艰苦，工作强度大，任务重。\n4.与报考职位所在单位工作人员有夫妻关系、直系血亲关系、三代以内旁系血亲关系以及近姻亲关系的人员不得报考同一机关。"",""部门网站"":""http://www.yrcc.gov.cn/"",""咨询电话1"":""0371-66026670"",""咨询电话2"":"""",""咨询电话3"":"""",""来源Sheet"":""中央国家行政机关参照公务员法管理事业单位""}}"
"government_jobs","国家公务员2025招考简章","公务员/事业单位技术岗位","北京市西城区","2026-07-28T09:12:58.310295+00:00","应急指挥业务处室一级主任科员及以下","应急管理部","","北京市西城区","公务员/事业单位;2025;computer_software;electronics_communication;仅限硕士研究生;硕士;中国语言文学类，法学类，经济学类，管理学类，历史学类，新闻传播学类，理学类，计算机科学与技术类，信息与通信工程类，卫星遥感、地图、测绘类，数学与应用数学，人工智能，指挥，应急管理，国家安全;中央机关及其省级直属机构综合管理类","用人司局：应急指挥中心
职位简介：从事值班值守、信息报送、指挥协调、信息化建设等工作。
专业要求：中国语言文学类，法学类，经济学类，管理学类，历史学类，新闻传播学类，理学类，计算机科学与技术类，信息与通信工程类，卫星遥感、地图、测绘类，数学与应用数学，人工智能，指挥，应急管理，国家安全
学历要求：仅限硕士研究生
学位要求：硕士
政治面貌：中共党员
基层工作经历：二年
考试类别：中央机关及其省级直属机构综合管理类
备注：负责重要文稿起草等工作，需较高的文字水平；需经常参与灾害事故应对处置和24小时在岗值班值守工作。","https://www.xjhc.gov.cn/xjhc/c116834/202410/a29382e11a674da3be3353af65f9fcc5.shtml#125000-200110014001","2024-10-14","{""dataset_year"":2025,""job_uid"":""GOV-2025-125000-200110014001"",""publisher"":""国家公务员局"",""publication_page"":""https://www.xjhc.gov.cn/xjhc/c116834/202410/a29382e11a674da3be3353af65f9fcc5.shtml"",""attachment_url"":""https://www.xjhc.gov.cn/xjhc/c116834/202410/a29382e11a674da3be3353af65f9fcc5/files/0536cef86e2b46ddad6aae5a3780089e.xls"",""local_source_file"":""2025_guokao_zhaokaojianzhang.xls"",""local_source_sha256"":""07ae6cab368cd21b7a1ac3e8150fe9a3d39ad5171ce76135ff3cccfe50c3e77e"",""source_sheet"":""中央国家行政机关（本级）"",""filter_version"":""government_tech_v2"",""tech_filter"":{""is_tech"":true,""is_core_tech"":true,""scope"":""core"",""categories"":[""computer_software"",""electronics_communication""],""matched_fields"":[""major"",""description""],""major_terms"":[""人工智能"",""信息与通信工程"",""计算机科学与技术"",""通信工程""],""role_terms"":[""信息化""],""reason"":""tech_major_and_role""},""original"":{""部门代码"":""125000"",""部门名称"":""应急管理部"",""用人司局"":""应急指挥中心"",""机构性质"":""中央国家行政机关（本级）"",""招考职位"":""应急指挥业务处室一级主任科员及以下"",""职位属性"":""普通职位"",""职位分布"":""其他职位"",""职位简介"":""从事值班值守、信息报送、指挥协调、信息化建设等工作。"",""职位代码"":""200110014001"",""机构层级"":""中央"",""考试类别"":""中央机关及其省级直属机构综合管理类"",""招考人数"":""1"",""专业"":""中国语言文学类，法学类，经济学类，管理学类，历史学类，新闻传播学类，理学类，计算机科学与技术类，信息与通信工程类，卫星遥感、地图、测绘类，数学与应用数学，人工智能，指挥，应急管理，国家安全"",""学历"":""仅限硕士研究生"",""学位"":""硕士"",""政治面貌"":""中共党员"",""基层工作最低年限"":""二年"",""服务基层项目工作经历"":""无限制"",""是否在面试阶段组织专业能力测试"":""否"",""面试人员比例"":""5:1"",""工作地点"":""北京市西城区"",""落户地点"":""北京市东城区"",""备注"":""负责重要文稿起草等工作，需较高的文字水平；需经常参与灾害事故应对处置和24小时在岗值班值守工作。"",""部门网站"":""https://www.mem.gov.cn"",""咨询电话1"":""83933748"",""咨询电话2"":""83933749"",""咨询电话3"":"""",""来源Sheet"":""中央国家行政机关（本级）""}}"
"government_jobs","国家公务员2025招考简章","公务员/事业单位技术岗位","北京市","2026-07-28T09:12:58.310295+00:00","综合业务处一级主任科员及以下","中国人民银行","","北京市","公务员/事业单位;2025;computer_software;cybersecurity_cryptography;electronics_communication;硕士研究生及以上;与最高学历相对应的学位;计算机科学与技术、计算机软件与理论、计算机应用、软件工程、电子科学与技术、信息与通信工程、网络空间安全、密码学、电子信息相关专业;中央机关及其省级直属机构综合管理类","用人司局：业务司局五
职位简介：从事金融行业信息技术研究、科技建设与管理、国际金融科技交流合作等相关工作。
专业要求：计算机科学与技术、计算机软件与理论、计算机应用、软件工程、电子科学与技术、信息与通信工程、网络空间安全、密码学、电子信息相关专业
学历要求：硕士研究生及以上
学位要求：与最高学历相对应的学位
政治面貌：不限
基层工作经历：二年
考试类别：中央机关及其省级直属机构综合管理类
备注：英语熟练，具有国内院校本科学历、学位；职位要求专业为报考者最高学历对应专业；有2年以上系统开发、维护工作经历。","https://www.xjhc.gov.cn/xjhc/c116834/202410/a29382e11a674da3be3353af65f9fcc5.shtml#126000-200110008001","2024-10-14","{""dataset_year"":2025,""job_uid"":""GOV-2025-126000-200110008001"",""publisher"":""国家公务员局"",""publication_page"":""https://www.xjhc.gov.cn/xjhc/c116834/202410/a29382e11a674da3be3353af65f9fcc5.shtml"",""attachment_url"":""https://www.xjhc.gov.cn/xjhc/c116834/202410/a29382e11a674da3be3353af65f9fcc5/files/0536cef86e2b46ddad6aae5a3780089e.xls"",""local_source_file"":""2025_guokao_zhaokaojianzhang.xls"",""local_source_sha256"":""07ae6cab368cd21b7a1ac3e8150fe9a3d39ad5171ce76135ff3cccfe50c3e77e"",""source_sheet"":""中央国家行政机关（本级）"",""filter_version"":""government_tech_v2"",""tech_filter"":{""is_tech"":true,""is_core_tech"":true,""scope"":""core"",""categories"":[""computer_software"",""cybersecurity_cryptography"",""electronics_communication""],""matched_fields"":[""major"",""description"",""remarks""],""major_terms"":[""信息与通信工程"",""密码学"",""电子信息"",""电子科学与技术"",""网络空间安全"",""计算机"",""计算机科学与技术"",""软件工程"",""通信工程""],""role_terms"":[""信息技术"",""系统开发""],""reason"":""tech_major_and_role""},""original"":{""部门代码"":""126000"",""部门名称"":""中国人民银行"",""用人司局"":""业务司局五"",""机构性质"":""中央国家行政机关（本级）"",""招考职位"":""综合业务处一级主任科员及以下"",""职位属性"":""普通职位"",""职位分布"":""其他职位"",""职位简介"":""从事金融行业信息技术研究、科技建设与管理、国际金融科技交流合作等相关工作。"",""职位代码"":""200110008001"",""机构层级"":""中央"",""考试类别"":""中央机关及其省级直属机构综合管理类"",""招考人数"":""2"",""专业"":""计算机科学与技术、计算机软件与理论、计算机应用、软件工程、电子科学与技术、信息与通信工程、网络空间安全、密码学、电子信息相关专业"",""学历"":""硕士研究生及以上"",""学位"":""与最高学历相对应的学位"",""政治面貌"":""不限"",""基层工作最低年限"":""二年"",""服务基层项目工作经历"":""无限制"",""是否在面试阶段组织专业能力测试"":""否"",""面试人员比例"":""5:1"",""工作地点"":""北京市"",""落户地点"":""北京市"",""备注"":""英语熟练，具有国内院校本科学历、学位；职位要求专业为报考者最高学历对应专业；有2年以上系统开发、维护工作经历。"",""部门网站"":""www.pbc.gov.cn"",""咨询电话1"":""010-66194839"",""咨询电话2"":"""",""咨询电话3"":"""",""来源Sheet"":""中央国家行政机关（本级）""}}"
"government_jobs","国家公务员2025招考简章","公务员/事业单位技术岗位","北京市","2026-07-28T09:12:58.310295+00:00","数据治理处 、信息系统准入处一级主任科员及以下","海关总署","","北京市","公务员/事业单位;2025;computer_software;data_ai;本科或硕士研究生;与最高学历相对应的学位;计算机科学与技术专业（080901）、软件工程专业（080902）、数学与应用数学专业（070101）;中央机关及其省级直属机构综合管理类","用人司局：全国海关信息中心（全国海关电子通关中心）
职位简介：从事海关信息系统大数据建设、管理等工作。
专业要求：计算机科学与技术专业（080901）、软件工程专业（080902）、数学与应用数学专业（070101）
学历要求：本科或硕士研究生
学位要求：与最高学历相对应的学位
政治面貌：不限
基层工作经历：无限制
考试类别：中央机关及其省级直属机构综合管理类","https://www.xjhc.gov.cn/xjhc/c116834/202410/a29382e11a674da3be3353af65f9fcc5.shtml#129000-400110004001","2024-10-14","{""dataset_year"":2025,""job_uid"":""GOV-2025-129000-400110004001"",""publisher"":""国家公务员局"",""publication_page"":""https://www.xjhc.gov.cn/xjhc/c116834/202410/a29382e11a674da3be3353af65f9fcc5.shtml"",""attachment_url"":""https://www.xjhc.gov.cn/xjhc/c116834/202410/a29382e11a674da3be3353af65f9fcc5/files/0536cef86e2b46ddad6aae5a3780089e.xls"",""local_source_file"":""2025_guokao_zhaokaojianzhang.xls"",""local_source_sha256"":""07ae6cab368cd21b7a1ac3e8150fe9a3d39ad5171ce76135ff3cccfe50c3e77e"",""source_sheet"":""中央国家行政机关参照公务员法管理事业单位"",""filter_version"":""government_tech_v2"",""tech_filter"":{""is_tech"":true,""is_core_tech"":true,""scope"":""core"",""categories"":[""computer_software"",""data_ai""],""matched_fields"":[""major"",""job_title"",""description""],""major_terms"":[""计算机科学与技术"",""软件工程""],""role_terms"":[""信息系统"",""大数据"",""数据治理""],""reason"":""tech_major_and_role""},""original"":{""部门代码"":""129000"",""部门名称"":""海关总署"",""用人司局"":""全国海关信息中心（全国海关电子通关中心）"",""机构性质"":""中央国家行政机关参照公务员法管理事业单位"",""招考职位"":""数据治理处 、信息系统准入处一级主任科员及以下"",""职位属性"":""普通职位"",""职位分布"":""其他职位"",""职位简介"":""从事海关信息系统大数据建设、管理等工作。"",""职位代码"":""400110004001"",""机构层级"":""省（副省）级"",""考试类别"":""中央机关及其省级直属机构综合管理类"",""招考人数"":""2"",""专业"":""计算机科学与技术专业（080901）、软件工程专业（080902）、数学与应用数学专业（070101）"",""学历"":""本科或硕士研究生"",""学位"":""与最高学历相对应的学位"",""政治面貌"":""不限"",""基层工作最低年限"":""无限制"",""服务基层项目工作经历"":""无限制"",""是否在面试阶段组织专业能力测试"":""否"",""面试人员比例"":""5:1"",""工作地点"":""北京市"",""落户地点"":""北京市"",""备注"":"""",""部门网站"":""www.customs.gov.cn"",""咨询电话1"":""010-65194109"",""咨询电话2"":"""",""咨询电话3"":"""",""来源Sheet"":""中央国家行政机关参照公务员法管理事业单位""}}"
"government_jobs","国家公务员2025招考简章","公务员/事业单位技术岗位","北京市","2026-07-28T09:12:58.310295+00:00","科技管理（电子信息化类）四级主管及以下","北京海关","","北京市","公务员/事业单位;2025;computer_software;electronics_communication;本科或硕士研究生;与最高学历相对应的学位;计算机科学与技术、软件工程、智能科学与技术、电子与计算机工程、数据科学与大数据技术;中央机关及其省级直属机构综合管理类","用人司局：海关总署税收征管局（京津）
职位简介：从事海关国门安全技术、智慧海关建设工作。
专业要求：计算机科学与技术、软件工程、智能科学与技术、电子与计算机工程、数据科学与大数据技术
学历要求：本科或硕士研究生
学位要求：与最高学历相对应的学位
政治面貌：中共党员
基层工作经历：二年
考试类别：中央机关及其省级直属机构综合管理类
备注：本科生大学英语四级考试425分及以上，研究生大学英语六级考试425分及以上；住宿自理；本职位所指本科专业学科代码为080901、080902、080907T、080909T、080910T，所指研究生专业学科代码为0812、0835；考生必须具备与填报学历及专业相应的学位；服从关区二次调配；专业能力测试安排，详见海关总署网站（www.customs.gov.cn）。","https://www.xjhc.gov.cn/xjhc/c116834/202410/a29382e11a674da3be3353af65f9fcc5.shtml#129104-300110001002","2024-10-14","{""dataset_year"":2025,""job_uid"":""GOV-2025-129104-300110001002"",""publisher"":""国家公务员局"",""publication_page"":""https://www.xjhc.gov.cn/xjhc/c116834/202410/a29382e11a674da3be3353af65f9fcc5.shtml"",""attachment_url"":""https://www.xjhc.gov.cn/xjhc/c116834/202410/a29382e11a674da3be3353af65f9fcc5/files/0536cef86e2b46ddad6aae5a3780089e.xls"",""local_source_file"":""2025_guokao_zhaokaojianzhang.xls"",""local_source_sha256"":""07ae6cab368cd21b7a1ac3e8150fe9a3d39ad5171ce76135ff3cccfe50c3e77e"",""source_sheet"":""中央国家行政机关省级以下直属机构"",""filter_version"":""government_tech_v2"",""tech_filter"":{""is_tech"":true,""is_core_tech"":true,""scope"":""core"",""categories"":[""computer_software"",""electronics_communication""],""matched_fields"":[""major"",""job_title"",""description""],""major_terms"":[""大数据"",""数据科学与大数据技术"",""智能科学与技术"",""计算机"",""计算机科学与技术"",""软件工程""],""role_terms"":[""信息化"",""智慧"",""电子信息""],""reason"":""tech_major_and_role""},""original"":{""部门代码"":""129104"",""部门名称"":""北京海关"",""用人司局"":""海关总署税收征管局（京津）"",""机构性质"":""中央国家行政机关省级以下直属机构"",""招考职位"":""科技管理（电子信息化类）四级主管及以下"",""职位属性"":""普通职位"",""职位分布"":""其他职位"",""职位简介"":""从事海关国门安全技术、智慧海关建设工作。"",""职位代码"":""300110001002"",""机构层级"":""省（副省）级"",""考试类别"":""中央机关及其省级直属机构综合管理类"",""招考人数"":""1"",""专业"":""计算机科学与技术、软件工程、智能科学与技术、电子与计算机工程、数据科学与大数据技术"",""学历"":""本科或硕士研究生"",""学位"":""与最高学历相对应的学位"",""政治面貌"":""中共党员"",""基层工作最低年限"":""二年"",""服务基层项目工作经历"":""无限制"",""是否在面试阶段组织专业能力测试"":""是"",""面试人员比例"":""3:1"",""工作地点"":""北京市"",""落户地点"":""北京市"",""备注"":""本科生大学英语四级考试425分及以上，研究生大学英语六级考试425分及以上；住宿自理；本职位所指本科专业学科代码为080901、080902、080907T、080909T、080910T，所指研究生专业学科代码为0812、0835；考生必须具备与填报学历及专业相应的学位；服从关区二次调配；专业能力测试安排，详见海关总署网站（www.customs.gov.cn）。"",""部门网站"":""beijing.customs.gov.cn"",""咨询电话1"":""010-85736252"",""咨询电话2"":""010-85736812"",""咨询电话3"":""010-85736810"",""来源Sheet"":""中央国家行政机关省级以下直属机构""}}"
"government_jobs","国家公务员2025招考简章","公务员/事业单位技术岗位","山西省太原市","2026-07-28T09:12:58.310295+00:00","科技应用（电子信息化类）二级主管及以下","太原海关","","山西省太原市","公务员/事业单位;2025;computer_software;electronics_communication;本科及以上;与最高学历相对应的学位;计算机科学与技术、软件工程、人工智能;中央机关及其省级直属机构综合管理类","用人司局：太原海关
职位简介：从事海关国门安全信息技术、智慧海关建设工作。
专业要求：计算机科学与技术、软件工程、人工智能
学历要求：本科及以上
学位要求：与最高学历相对应的学位
政治面貌：不限
基层工作经历：二年
考试类别：中央机关及其省级直属机构综合管理类
备注：本科生大学英语四级考试425分及以上，研究生大学英语六级考试425分及以上；本职位所指专业为具体专业名称；考生必须具备与填报学历及专业相应的学位；住宿自理；服从关区二次调配；专业能力测试安排，详见海关总署网站（www.customs.gov.cn）。","https://www.xjhc.gov.cn/xjhc/c116834/202410/a29382e11a674da3be3353af65f9fcc5.shtml#129107-300110001001","2024-10-14","{""dataset_year"":2025,""job_uid"":""GOV-2025-129107-300110001001"",""publisher"":""国家公务员局"",""publication_page"":""https://www.xjhc.gov.cn/xjhc/c116834/202410/a29382e11a674da3be3353af65f9fcc5.shtml"",""attachment_url"":""https://www.xjhc.gov.cn/xjhc/c116834/202410/a29382e11a674da3be3353af65f9fcc5/files/0536cef86e2b46ddad6aae5a3780089e.xls"",""local_source_file"":""2025_guokao_zhaokaojianzhang.xls"",""local_source_sha256"":""07ae6cab368cd21b7a1ac3e8150fe9a3d39ad5171ce76135ff3cccfe50c3e77e"",""source_sheet"":""中央国家行政机关省级以下直属机构"",""filter_version"":""government_tech_v2"",""tech_filter"":{""is_tech"":true,""is_core_tech"":true,""scope"":""core"",""categories"":[""computer_software"",""electronics_communication""],""matched_fields"":[""major"",""job_title"",""description""],""major_terms"":[""人工智能"",""计算机科学与技术"",""软件工程""],""role_terms"":[""信息化"",""信息技术"",""智慧"",""电子信息""],""reason"":""tech_major_and_role""},""original"":{""部门代码"":""129107"",""部门名称"":""太原海关"",""用人司局"":""太原海关"",""机构性质"":""中央国家行政机关省级以下直属机构"",""招考职位"":""科技应用（电子信息化类）二级主管及以下"",""职位属性"":""普通职位"",""职位分布"":""其他职位"",""职位简介"":""从事海关国门安全信息技术、智慧海关建设工作。"",""职位代码"":""300110001001"",""机构层级"":""省（副省）级"",""考试类别"":""中央机关及其省级直属机构综合管理类"",""招考人数"":""1"",""专业"":""计算机科学与技术、软件工程、人工智能"",""学历"":""本科及以上"",""学位"":""与最高学历相对应的学位"",""政治面貌"":""不限"",""基层工作最低年限"":""二年"",""服务基层项目工作经历"":""无限制"",""是否在面试阶段组织专业能力测试"":""是"",""面试人员比例"":""3:1"",""工作地点"":""山西省太原市"",""落户地点"":""山西省太原市"",""备注"":""本科生大学英语四级考试425分及以上，研究生大学英语六级考试425分及以上；本职位所指专业为具体专业名称；考生必须具备与填报学历及专业相应的学位；住宿自理；服从关区二次调配；专业能力测试安排，详见海关总署网站（www.customs.gov.cn）。"",""部门网站"":""http://taiyuan.customs.gov.cn"",""咨询电话1"":""0351-7119356"",""咨询电话2"":""0351-7119311"",""咨询电话3"":""0351-7119092"",""来源Sheet"":""中央国家行政机关省级以下直属机构""}}"
"government_jobs","国家公务员2025招考简章","公务员/事业单位技术岗位","辽宁省","2026-07-28T09:12:58.310295+00:00","风险防控（电子信息化类）二级主管及以下","大连海关","","辽宁省","公务员/事业单位;2025;computer_software;cybersecurity_cryptography;electronics_communication;本科及以上;与最高学历相对应的学位;本科：电子信息类、计算机类；研究生：电子科学与技术（0774、0809）、计算机科学与技术（0775、0812）、信息与通信工程（0810）、软件工程（0835）、集成电路科学与工程、网络空间安全（0839）、电子信息（0854）;中央机关及其省级直属机构综合管理类","用人司局：大连海关风险防控分局
职位简介：从事海关风险防控及智慧海关建设工作。
专业要求：本科：电子信息类、计算机类；研究生：电子科学与技术（0774、0809）、计算机科学与技术（0775、0812）、信息与通信工程（0810）、软件工程（0835）、集成电路科学与工程、网络空间安全（0839）、电子信息（0854）
学历要求：本科及以上
学位要求：与最高学历相对应的学位
政治面貌：不限
基层工作经历：二年
考试类别：中央机关及其省级直属机构综合管理类
备注：本科生大学英语四级考试425分及以上，研究生大学英语六级考试425分及以上；住宿自理；考生必须具备与填报学历及专业相应的学位；专业能力测试安排，详见海关总署网站（www.customs.gov.cn）。","https://www.xjhc.gov.cn/xjhc/c116834/202410/a29382e11a674da3be3353af65f9fcc5.shtml#129110-300110000001","2024-10-14","{""dataset_year"":2025,""job_uid"":""GOV-2025-129110-300110000001"",""publisher"":""国家公务员局"",""publication_page"":""https://www.xjhc.gov.cn/xjhc/c116834/202410/a29382e11a674da3be3353af65f9fcc5.shtml"",""attachment_url"":""https://www.xjhc.gov.cn/xjhc/c116834/202410/a29382e11a674da3be3353af65f9fcc5/files/0536cef86e2b46ddad6aae5a3780089e.xls"",""local_source_file"":""2025_guokao_zhaokaojianzhang.xls"",""local_source_sha256"":""07ae6cab368cd21b7a1ac3e8150fe9a3d39ad5171ce76135ff3cccfe50c3e77e"",""source_sheet"":""中央国家行政机关省级以下直属机构"",""filter_version"":""government_tech_v2"",""tech_filter"":{""is_tech"":true,""is_core_tech"":true,""scope"":""core"",""categories"":[""computer_software"",""cybersecurity_cryptography"",""electronics_communication""],""matched_fields"":[""major"",""job_title"",""description""],""major_terms"":[""信息与通信工程"",""电子信息"",""电子信息类"",""电子科学与技术"",""网络空间安全"",""计算机科学与技术"",""计算机类"",""软件工程"",""通信工程"",""集成电路""],""role_terms"":[""信息化"",""智慧"",""电子信息""],""reason"":""tech_major_and_role""},""original"":{""部门代码"":""129110"",""部门名称"":""大连海关"",""用人司局"":""大连海关风险防控分局"",""机构性质"":""中央国家行政机关省级以下直属机构"",""招考职位"":""风险防控（电子信息化类）二级主管及以下"",""职位属性"":""普通职位"",""职位分布"":""其他职位"",""职位简介"":""从事海关风险防控及智慧海关建设工作。"",""职位代码"":""300110000001"",""机构层级"":""省（副省）级"",""考试类别"":""中央机关及其省级直属机构综合管理类"",""招考人数"":""1"",""专业"":""本科：电子信息类、计算机类；研究生：电子科学与技术（0774、0809）、计算机科学与技术（0775、0812）、信息与通信工程（0810）、软件工程（0835）、集成电路科学与工程、网络空间安全（0839）、电子信息（0854）"",""学历"":""本科及以上"",""学位"":""与最高学历相对应的学位"",""政治面貌"":""不限"",""基层工作最低年限"":""二年"",""服务基层项目工作经历"":""无限制"",""是否在面试阶段组织专业能力测试"":""是"",""面试人员比例"":""3:1"",""工作地点"":""辽宁省"",""落户地点"":""辽宁省"",""备注"":""本科生大学英语四级考试425分及以上，研究生大学英语六级考试425分及以上；住宿自理；考生必须具备与填报学历及专业相应的学位；专业能力测试安排，详见海关总署网站（www.customs.gov.cn）。"",""部门网站"":""http://dalian.customs.gov.cn"",""咨询电话1"":""0411-87956099"",""咨询电话2"":""0411-87957325"",""咨询电话3"":"""",""来源Sheet"":""中央国家行政机关省级以下直属机构""}}"
"government_jobs","国家公务员2025招考简章","公务员/事业单位技术岗位","吉林省长春市","2026-07-28T09:12:58.310295+00:00","科技管理（电子信息化类）四级主办及以下","长春海关","","吉林省长春市","公务员/事业单位;2025;computer_software;data_ai;electronics_communication;本科或硕士研究生;与最高学历相对应的学位;人工智能、智能科学与技术、智能无人系统技术、软件工程、电子科学与技术、计算机科学与技术、空间信息与数字技术、物联网工程、计算机系统结构、计算机软件与理论、计算机应用技术、计算机技术;行政执法类","用人司局：长春绿园海关
职位简介：从事海关国门安全信息技术以及智慧海关建设等相关工作。
专业要求：人工智能、智能科学与技术、智能无人系统技术、软件工程、电子科学与技术、计算机科学与技术、空间信息与数字技术、物联网工程、计算机系统结构、计算机软件与理论、计算机应用技术、计算机技术
学历要求：本科或硕士研究生
学位要求：与最高学历相对应的学位
政治面貌：中共党员或共青团员
基层工作经历：无限制
考试类别：行政执法类
备注：限2025届高校毕业生；本科生大学英语四级考试425分及以上，研究生大学英语六级考试425分及以上；本职位所指专业为具体专业名称；考生必须具备与填报学历及专业相应的学位；研究生报考者，专业要求为人工智能、计算机系统结构、计算机软件与理论、计算机应用技术、计算机技术、软件工程，且本科专业为人工智能、智能科学与技术、智能无人系统技术、软件工程、电子科学与技术、计算机科学与技术、空间信息与数字技术、物联网工程；住宿自理；专业能力测试安排，详见海关总署网站（www.customs.gov.cn）。","https://www.xjhc.gov.cn/xjhc/c116834/202410/a29382e11a674da3be3353af65f9fcc5.shtml#129112-300110003002","2024-10-14","{""dataset_year"":2025,""job_uid"":""GOV-2025-129112-300110003002"",""publisher"":""国家公务员局"",""publication_page"":""https://www.xjhc.gov.cn/xjhc/c116834/202410/a29382e11a674da3be3353af65f9fcc5.shtml"",""attachment_url"":""https://www.xjhc.gov.cn/xjhc/c116834/202410/a29382e11a674da3be3353af65f9fcc5/files/0536cef86e2b46ddad6aae5a3780089e.xls"",""local_source_file"":""2025_guokao_zhaokaojianzhang.xls"",""local_source_sha256"":""07ae6cab368cd21b7a1ac3e8150fe9a3d39ad5171ce76135ff3cccfe50c3e77e"",""source_sheet"":""中央国家行政机关省级以下直属机构"",""filter_version"":""government_tech_v2"",""tech_filter"":{""is_tech"":true,""is_core_tech"":true,""scope"":""core"",""categories"":[""computer_software"",""data_ai"",""electronics_communication""],""matched_fields"":[""major"",""job_title"",""description"",""remarks""],""major_terms"":[""人工智能"",""智能科学与技术"",""物联网工程"",""电子科学与技术"",""空间信息与数字技术"",""计算机"",""计算机技术"",""计算机科学与技术"",""软件工程""],""role_terms"":[""人工智能"",""信息化"",""信息技术"",""数字技术"",""智慧"",""物联网"",""电子信息"",""计算机"",""软件"",""软件工程""],""reason"":""tech_major_and_role""},""original"":{""部门代码"":""129112"",""部门名称"":""长春海关"",""用人司局"":""长春绿园海关"",""机构性质"":""中央国家行政机关省级以下直属机构"",""招考职位"":""科技管理（电子信息化类）四级主办及以下"",""职位属性"":""普通职位"",""职位分布"":""西部地区和艰苦边远地区职位"",""职位简介"":""从事海关国门安全信息技术以及智慧海关建设等相关工作。"",""职位代码"":""300110003002"",""机构层级"":""县（区）级及以下"",""考试类别"":""行政执法类"",""招考人数"":""1"",""专业"":""人工智能、智能科学与技术、智能无人系统技术、软件工程、电子科学与技术、计算机科学与技术、空间信息与数字技术、物联网工程、计算机系统结构、计算机软件与理论、计算机应用技术、计算机技术"",""学历"":""本科或硕士研究生"",""学位"":""与最高学历相对应的学位"",""政治面貌"":""中共党员或共青团员"",""基层工作最低年限"":""无限制"",""服务基层项目工作经历"":""无限制"",""是否在面试阶段组织专业能力测试"":""是"",""面试人员比例"":""3:1"",""工作地点"":""吉林省长春市"",""落户地点"":""吉林省长春市"",""备注"":""限2025届高校毕业生；本科生大学英语四级考试425分及以上，研究生大学英语六级考试425分及以上；本职位所指专业为具体专业名称；考生必须具备与填报学历及专业相应的学位；研究生报考者，专业要求为人工智能、计算机系统结构、计算机软件与理论、计算机应用技术、计算机技术、软件工程，且本科专业为人工智能、智能科学与技术、智能无人系统技术、软件工程、电子科学与技术、计算机科学与技术、空间信息与数字技术、物联网工程；住宿自理；专业能力测试安排，详见海关总署网站（www.customs.gov.cn）。"",""部门网站"":""changchun.customs.gov.cn"",""咨询电话1"":""0431-84601693"",""咨询电话2"":""0431-84901896"",""咨询电话3"":""0431-84601487"",""来源Sheet"":""中央国家行政机关省级以下直属机构""}}"
"government_jobs","国家公务员2025招考简章","公务员/事业单位技术岗位","吉林省长春市","2026-07-28T09:12:58.310295+00:00","科技管理（电子信息化类）四级主办及以下","长春海关","","吉林省长春市","公务员/事业单位;2025;computer_software;data_ai;electronics_communication;本科或硕士研究生;与最高学历相对应的学位;人工智能、智能科学与技术、智能无人系统技术、软件工程、电子科学与技术、计算机科学与技术、空间信息与数字技术、物联网工程、计算机系统结构、计算机软件与理论、计算机应用技术、计算机技术;行政执法类","用人司局：长春兴隆海关
职位简介：从事海关国门安全信息技术以及智慧海关建设等相关工作。
专业要求：人工智能、智能科学与技术、智能无人系统技术、软件工程、电子科学与技术、计算机科学与技术、空间信息与数字技术、物联网工程、计算机系统结构、计算机软件与理论、计算机应用技术、计算机技术
学历要求：本科或硕士研究生
学位要求：与最高学历相对应的学位
政治面貌：中共党员或共青团员
基层工作经历：无限制
考试类别：行政执法类
备注：限2025届高校毕业生；本科生大学英语四级考试425分及以上，研究生大学英语六级考试425分及以上；本职位所指专业为具体专业名称；研究生报考者，专业要求为人工智能、计算机系统结构、计算机软件与理论、计算机应用技术、计算机技术、软件工程，且本科专业为人工智能、智能科学与技术、智能无人系统技术、软件工程、电子科学与技术、计算机科学与技术、空间信息与数字技术、物联网工程；考生必须具备与填报学历及专业相应的学位；现场一线岗位；住宿自理；专业能力测试安排，详见海关总署网站（www.customs.gov.cn）。","https://www.xjhc.gov.cn/xjhc/c116834/202410/a29382e11a674da3be3353af65f9fcc5.shtml#129112-300110004001","2024-10-14","{""dataset_year"":2025,""job_uid"":""GOV-2025-129112-300110004001"",""publisher"":""国家公务员局"",""publication_page"":""https://www.xjhc.gov.cn/xjhc/c116834/202410/a29382e11a674da3be3353af65f9fcc5.shtml"",""attachment_url"":""https://www.xjhc.gov.cn/xjhc/c116834/202410/a29382e11a674da3be3353af65f9fcc5/files/0536cef86e2b46ddad6aae5a3780089e.xls"",""local_source_file"":""2025_guokao_zhaokaojianzhang.xls"",""local_source_sha256"":""07ae6cab368cd21b7a1ac3e8150fe9a3d39ad5171ce76135ff3cccfe50c3e77e"",""source_sheet"":""中央国家行政机关省级以下直属机构"",""filter_version"":""government_tech_v2"",""tech_filter"":{""is_tech"":true,""is_core_tech"":true,""scope"":""core"",""categories"":[""computer_software"",""data_ai"",""electronics_communication""],""matched_fields"":[""major"",""job_title"",""description"",""remarks""],""major_terms"":[""人工智能"",""智能科学与技术"",""物联网工程"",""电子科学与技术"",""空间信息与数字技术"",""计算机"",""计算机技术"",""计算机科学与技术"",""软件工程""],""role_terms"":[""人工智能"",""信息化"",""信息技术"",""数字技术"",""智慧"",""物联网"",""电子信息"",""计算机"",""软件"",""软件工程""],""reason"":""tech_major_and_role""},""original"":{""部门代码"":""129112"",""部门名称"":""长春海关"",""用人司局"":""长春兴隆海关"",""机构性质"":""中央国家行政机关省级以下直属机构"",""招考职位"":""科技管理（电子信息化类）四级主办及以下"",""职位属性"":""普通职位"",""职位分布"":""西部地区和艰苦边远地区职位"",""职位简介"":""从事海关国门安全信息技术以及智慧海关建设等相关工作。"",""职位代码"":""300110004001"",""机构层级"":""县（区）级及以下"",""考试类别"":""行政执法类"",""招考人数"":""1"",""专业"":""人工智能、智能科学与技术、智能无人系统技术、软件工程、电子科学与技术、计算机科学与技术、空间信息与数字技术、物联网工程、计算机系统结构、计算机软件与理论、计算机应用技术、计算机技术"",""学历"":""本科或硕士研究生"",""学位"":""与最高学历相对应的学位"",""政治面貌"":""中共党员或共青团员"",""基层工作最低年限"":""无限制"",""服务基层项目工作经历"":""无限制"",""是否在面试阶段组织专业能力测试"":""是"",""面试人员比例"":""3:1"",""工作地点"":""吉林省长春市"",""落户地点"":""吉林省长春市"",""备注"":""限2025届高校毕业生；本科生大学英语四级考试425分及以上，研究生大学英语六级考试425分及以上；本职位所指专业为具体专业名称；研究生报考者，专业要求为人工智能、计算机系统结构、计算机软件与理论、计算机应用技术、计算机技术、软件工程，且本科专业为人工智能、智能科学与技术、智能无人系统技术、软件工程、电子科学与技术、计算机科学与技术、空间信息与数字技术、物联网工程；考生必须具备与填报学历及专业相应的学位；现场一线岗位；住宿自理；专业能力测试安排，详见海关总署网站（www.customs.gov.cn）。"",""部门网站"":""changchun.customs.gov.cn"",""咨询电话1"":""0431-84601693"",""咨询电话2"":""0431-84901896"",""咨询电话3"":""0431-84601487"",""来源Sheet"":""中央国家行政机关省级以下直属机构""}}"
"government_jobs","国家公务员2025招考简章","公务员/事业单位技术岗位","黑龙江省","2026-07-28T09:12:58.310295+00:00","科技处（电子信息化类）四级主管及以下","哈尔滨海关","","黑龙江省","公务员/事业单位;2025;computer_software;cybersecurity_cryptography;electronics_communication;本科或硕士研究生;与最高学历相对应的学位;计算机科学与技术、软件工程、网络工程、信息安全、网络空间安全、数据科学与大数据技术;中央机关及其省级直属机构综合管理类","用人司局：哈尔滨海关
职位简介：从事海关国门安全信息技术、智慧海关建设工作。
专业要求：计算机科学与技术、软件工程、网络工程、信息安全、网络空间安全、数据科学与大数据技术
学历要求：本科或硕士研究生
学位要求：与最高学历相对应的学位
政治面貌：不限
基层工作经历：二年
考试类别：中央机关及其省级直属机构综合管理类
备注：本科生大学英语四级考试425分及以上，研究生大学英语六级考试425分及以上；研究生报考者，专业要求为计算机科学与技术、信息与通讯工程、软件工程、网络空间安全，研究生和本科所学专业需同时符合职位专业要求；本职位所指专业为具体专业名称，考生必须具备与填报学历及专业相应的学位；服从关区二次调配。专业能力测试安排，详见海关总署网站（www.customs.gov.cn）。","https://www.xjhc.gov.cn/xjhc/c116834/202410/a29382e11a674da3be3353af65f9fcc5.shtml#129113-300110001001","2024-10-14","{""dataset_year"":2025,""job_uid"":""GOV-2025-129113-300110001001"",""publisher"":""国家公务员局"",""publication_page"":""https://www.xjhc.gov.cn/xjhc/c116834/202410/a29382e11a674da3be3353af65f9fcc5.shtml"",""attachment_url"":""https://www.xjhc.gov.cn/xjhc/c116834/202410/a29382e11a674da3be3353af65f9fcc5/files/0536cef86e2b46ddad6aae5a3780089e.xls"",""local_source_file"":""2025_guokao_zhaokaojianzhang.xls"",""local_source_sha256"":""07ae6cab368cd21b7a1ac3e8150fe9a3d39ad5171ce76135ff3cccfe50c3e77e"",""source_sheet"":""中央国家行政机关省级以下直属机构"",""filter_version"":""government_tech_v2"",""tech_filter"":{""is_tech"":true,""is_core_tech"":true,""scope"":""core"",""categories"":[""computer_software"",""cybersecurity_cryptography"",""electronics_communication""],""matched_fields"":[""major"",""job_title"",""description"",""remarks""],""major_terms"":[""信息安全"",""大数据"",""数据科学与大数据技术"",""网络工程"",""网络空间安全"",""计算机科学与技术"",""软件工程""],""role_terms"":[""信息化"",""信息技术"",""智慧"",""电子信息"",""网络空间安全"",""计算机"",""软件"",""软件工程""],""reason"":""tech_major_and_role""},""original"":{""部门代码"":""129113"",""部门名称"":""哈尔滨海关"",""用人司局"":""哈尔滨海关"",""机构性质"":""中央国家行政机关省级以下直属机构"",""招考职位"":""科技处（电子信息化类）四级主管及以下"",""职位属性"":""普通职位"",""职位分布"":""其他职位"",""职位简介"":""从事海关国门安全信息技术、智慧海关建设工作。"",""职位代码"":""300110001001"",""机构层级"":""省（副省）级"",""考试类别"":""中央机关及其省级直属机构综合管理类"",""招考人数"":""1"",""专业"":""计算机科学与技术、软件工程、网络工程、信息安全、网络空间安全、数据科学与大数据技术"",""学历"":""本科或硕士研究生"",""学位"":""与最高学历相对应的学位"",""政治面貌"":""不限"",""基层工作最低年限"":""二年"",""服务基层项目工作经历"":""无限制"",""是否在面试阶段组织专业能力测试"":""是"",""面试人员比例"":""3:1"",""工作地点"":""黑龙江省"",""落户地点"":""黑龙江省"",""备注"":""本科生大学英语四级考试425分及以上，研究生大学英语六级考试425分及以上；研究生报考者，专业要求为计算机科学与技术、信息与通讯工程、软件工程、网络空间安全，研究生和本科所学专业需同时符合职位专业要求；本职位所指专业为具体专业名称，考生必须具备与填报学历及专业相应的学位；服从关区二次调配。专业能力测试安排，详见海关总署网站（www.customs.gov.cn）。"",""部门网站"":""http://harbin.customs.gov.cn/"",""咨询电话1"":""0451-82381212"",""咨询电话2"":""0451-82381211"",""咨询电话3"":""0451-82381210"",""来源Sheet"":""中央国家行政机关省级以下直属机构""}}"
"government_jobs","国家公务员2025招考简章","公务员/事业单位技术岗位","黑龙江省","2026-07-28T09:12:58.310295+00:00","科技管理（电子信息化类）一级行政执法员","哈尔滨海关","","黑龙江省","公务员/事业单位;2025;computer_software;cybersecurity_cryptography;electronics_communication;仅限本科;学士;计算机科学与技术、软件工程、网络工程、信息安全、网络空间安全、数据科学与大数据技术;行政执法类","用人司局：绥芬河海关
职位简介：从事海关科技及智慧海关建设工作。
专业要求：计算机科学与技术、软件工程、网络工程、信息安全、网络空间安全、数据科学与大数据技术
学历要求：仅限本科
学位要求：学士
政治面貌：不限
基层工作经历：无限制
考试类别：行政执法类
备注：限2025届高校毕业生；大学英语四级考试425分及以上；本职位所指专业为具体专业名称，考生必须具备与填报学历及专业相应的学位；现场一线岗位，服从关区二次调配。专业能力测试安排，详见海关总署网站（www.customs.gov.cn）。","https://www.xjhc.gov.cn/xjhc/c116834/202410/a29382e11a674da3be3353af65f9fcc5.shtml#129113-300110006001","2024-10-14","{""dataset_year"":2025,""job_uid"":""GOV-2025-129113-300110006001"",""publisher"":""国家公务员局"",""publication_page"":""https://www.xjhc.gov.cn/xjhc/c116834/202410/a29382e11a674da3be3353af65f9fcc5.shtml"",""attachment_url"":""https://www.xjhc.gov.cn/xjhc/c116834/202410/a29382e11a674da3be3353af65f9fcc5/files/0536cef86e2b46ddad6aae5a3780089e.xls"",""local_source_file"":""2025_guokao_zhaokaojianzhang.xls"",""local_source_sha256"":""07ae6cab368cd21b7a1ac3e8150fe9a3d39ad5171ce76135ff3cccfe50c3e77e"",""source_sheet"":""中央国家行政机关省级以下直属机构"",""filter_version"":""government_tech_v2"",""tech_filter"":{""is_tech"":true,""is_core_tech"":true,""scope"":""core"",""categories"":[""computer_software"",""cybersecurity_cryptography"",""electronics_communication""],""matched_fields"":[""major"",""job_title"",""description""],""major_terms"":[""信息安全"",""大数据"",""数据科学与大数据技术"",""网络工程"",""网络空间安全"",""计算机科学与技术"",""软件工程""],""role_terms"":[""信息化"",""智慧"",""电子信息""],""reason"":""tech_major_and_role""},""original"":{""部门代码"":""129113"",""部门名称"":""哈尔滨海关"",""用人司局"":""绥芬河海关"",""机构性质"":""中央国家行政机关省级以下直属机构"",""招考职位"":""科技管理（电子信息化类）一级行政执法员"",""职位属性"":""普通职位"",""职位分布"":""西部地区和艰苦边远地区职位"",""职位简介"":""从事海关科技及智慧海关建设工作。"",""职位代码"":""300110006001"",""机构层级"":""县（区）级及以下"",""考试类别"":""行政执法类"",""招考人数"":""2"",""专业"":""计算机科学与技术、软件工程、网络工程、信息安全、网络空间安全、数据科学与大数据技术"",""学历"":""仅限本科"",""学位"":""学士"",""政治面貌"":""不限"",""基层工作最低年限"":""无限制"",""服务基层项目工作经历"":""无限制"",""是否在面试阶段组织专业能力测试"":""是"",""面试人员比例"":""3:1"",""工作地点"":""黑龙江省"",""落户地点"":""黑龙江省"",""备注"":""限2025届高校毕业生；大学英语四级考试425分及以上；本职位所指专业为具体专业名称，考生必须具备与填报学历及专业相应的学位；现场一线岗位，服从关区二次调配。专业能力测试安排，详见海关总署网站（www.customs.gov.cn）。"",""部门网站"":""http://harbin.customs.gov.cn/"",""咨询电话1"":""0451-82381212"",""咨询电话2"":""0451-82381211"",""咨询电话3"":""0451-82381210"",""来源Sheet"":""中央国家行政机关省级以下直属机构""}}"
"government_jobs","国家公务员2025招考简章","公务员/事业单位技术岗位","黑龙江省","2026-07-28T09:12:58.310295+00:00","科技管理（电子信息化类）一级行政执法员","哈尔滨海关","","黑龙江省","公务员/事业单位;2025;computer_software;cybersecurity_cryptography;electronics_communication;仅限本科;学士;计算机科学与技术、软件工程、网络工程、信息安全、网络空间安全、数据科学与大数据技术;行政执法类","用人司局：东宁海关
职位简介：从事海关科技及智慧海关建设工作。
专业要求：计算机科学与技术、软件工程、网络工程、信息安全、网络空间安全、数据科学与大数据技术
学历要求：仅限本科
学位要求：学士
政治面貌：不限
基层工作经历：无限制
考试类别：行政执法类
备注：限2025届高校毕业生；大学英语四级考试425分及以上；本职位所指专业为具体专业名称，考生必须具备与填报学历及专业相应的学位；现场一线岗位，服从关区二次调配。专业能力测试安排，详见海关总署网站（www.customs.gov.cn）。","https://www.xjhc.gov.cn/xjhc/c116834/202410/a29382e11a674da3be3353af65f9fcc5.shtml#129113-300110007001","2024-10-14","{""dataset_year"":2025,""job_uid"":""GOV-2025-129113-300110007001"",""publisher"":""国家公务员局"",""publication_page"":""https://www.xjhc.gov.cn/xjhc/c116834/202410/a29382e11a674da3be3353af65f9fcc5.shtml"",""attachment_url"":""https://www.xjhc.gov.cn/xjhc/c116834/202410/a29382e11a674da3be3353af65f9fcc5/files/0536cef86e2b46ddad6aae5a3780089e.xls"",""local_source_file"":""2025_guokao_zhaokaojianzhang.xls"",""local_source_sha256"":""07ae6cab368cd21b7a1ac3e8150fe9a3d39ad5171ce76135ff3cccfe50c3e77e"",""source_sheet"":""中央国家行政机关省级以下直属机构"",""filter_version"":""government_tech_v2"",""tech_filter"":{""is_tech"":true,""is_core_tech"":true,""scope"":""core"",""categories"":[""computer_software"",""cybersecurity_cryptography"",""electronics_communication""],""matched_fields"":[""major"",""job_title"",""description""],""major_terms"":[""信息安全"",""大数据"",""数据科学与大数据技术"",""网络工程"",""网络空间安全"",""计算机科学与技术"",""软件工程""],""role_terms"":[""信息化"",""智慧"",""电子信息""],""reason"":""tech_major_and_role""},""original"":{""部门代码"":""129113"",""部门名称"":""哈尔滨海关"",""用人司局"":""东宁海关"",""机构性质"":""中央国家行政机关省级以下直属机构"",""招考职位"":""科技管理（电子信息化类）一级行政执法员"",""职位属性"":""普通职位"",""职位分布"":""西部地区和艰苦边远地区职位"",""职位简介"":""从事海关科技及智慧海关建设工作。"",""职位代码"":""300110007001"",""机构层级"":""县（区）级及以下"",""考试类别"":""行政执法类"",""招考人数"":""1"",""专业"":""计算机科学与技术、软件工程、网络工程、信息安全、网络空间安全、数据科学与大数据技术"",""学历"":""仅限本科"",""学位"":""学士"",""政治面貌"":""不限"",""基层工作最低年限"":""无限制"",""服务基层项目工作经历"":""无限制"",""是否在面试阶段组织专业能力测试"":""是"",""面试人员比例"":""3:1"",""工作地点"":""黑龙江省"",""落户地点"":""黑龙江省"",""备注"":""限2025届高校毕业生；大学英语四级考试425分及以上；本职位所指专业为具体专业名称，考生必须具备与填报学历及专业相应的学位；现场一线岗位，服从关区二次调配。专业能力测试安排，详见海关总署网站（www.customs.gov.cn）。"",""部门网站"":""http://harbin.customs.gov.cn/"",""咨询电话1"":""0451-82381212"",""咨询电话2"":""0451-82381211"",""咨询电话3"":""0451-82381210"",""来源Sheet"":""中央国家行政机关省级以下直属机构""}}"
"government_jobs","国家公务员2025招考简章","公务员/事业单位技术岗位","黑龙江省","2026-07-28T09:12:58.310295+00:00","科技管理（电子信息化类）一级行政执法员","哈尔滨海关","","黑龙江省","公务员/事业单位;2025;computer_software;cybersecurity_cryptography;electronics_communication;仅限本科;学士;计算机科学与技术、软件工程、网络工程、信息安全、网络空间安全、数据科学与大数据技术;行政执法类","用人司局：佳木斯海关
职位简介：从事海关科技及智慧海关建设工作。
专业要求：计算机科学与技术、软件工程、网络工程、信息安全、网络空间安全、数据科学与大数据技术
学历要求：仅限本科
学位要求：学士
政治面貌：不限
基层工作经历：无限制
考试类别：行政执法类
备注：限2025届高校毕业生；大学英语四级考试425分及以上；本职位所指专业为具体专业名称，考生必须具备与填报学历及专业相应的学位；现场一线岗位，服从关区二次调配。专业能力测试安排，详见海关总署网站（www.customs.gov.cn）。","https://www.xjhc.gov.cn/xjhc/c116834/202410/a29382e11a674da3be3353af65f9fcc5.shtml#129113-300110008001","2024-10-14","{""dataset_year"":2025,""job_uid"":""GOV-2025-129113-300110008001"",""publisher"":""国家公务员局"",""publication_page"":""https://www.xjhc.gov.cn/xjhc/c116834/202410/a29382e11a674da3be3353af65f9fcc5.shtml"",""attachment_url"":""https://www.xjhc.gov.cn/xjhc/c116834/202410/a29382e11a674da3be3353af65f9fcc5/files/0536cef86e2b46ddad6aae5a3780089e.xls"",""local_source_file"":""2025_guokao_zhaokaojianzhang.xls"",""local_source_sha256"":""07ae6cab368cd21b7a1ac3e8150fe9a3d39ad5171ce76135ff3cccfe50c3e77e"",""source_sheet"":""中央国家行政机关省级以下直属机构"",""filter_version"":""government_tech_v2"",""tech_filter"":{""is_tech"":true,""is_core_tech"":true,""scope"":""core"",""categories"":[""computer_software"",""cybersecurity_cryptography"",""electronics_communication""],""matched_fields"":[""major"",""job_title"",""description""],""major_terms"":[""信息安全"",""大数据"",""数据科学与大数据技术"",""网络工程"",""网络空间安全"",""计算机科学与技术"",""软件工程""],""role_terms"":[""信息化"",""智慧"",""电子信息""],""reason"":""tech_major_and_role""},""original"":{""部门代码"":""129113"",""部门名称"":""哈尔滨海关"",""用人司局"":""佳木斯海关"",""机构性质"":""中央国家行政机关省级以下直属机构"",""招考职位"":""科技管理（电子信息化类）一级行政执法员"",""职位属性"":""普通职位"",""职位分布"":""其他职位"",""职位简介"":""从事海关科技及智慧海关建设工作。"",""职位代码"":""300110008001"",""机构层级"":""县（区）级及以下"",""考试类别"":""行政执法类"",""招考人数"":""1"",""专业"":""计算机科学与技术、软件工程、网络工程、信息安全、网络空间安全、数据科学与大数据技术"",""学历"":""仅限本科"",""学位"":""学士"",""政治面貌"":""不限"",""基层工作最低年限"":""无限制"",""服务基层项目工作经历"":""无限制"",""是否在面试阶段组织专业能力测试"":""是"",""面试人员比例"":""3:1"",""工作地点"":""黑龙江省"",""落户地点"":""黑龙江省"",""备注"":""限2025届高校毕业生；大学英语四级考试425分及以上；本职位所指专业为具体专业名称，考生必须具备与填报学历及专业相应的学位；现场一线岗位，服从关区二次调配。专业能力测试安排，详见海关总署网站（www.customs.gov.cn）。"",""部门网站"":""http://harbin.customs.gov.cn/"",""咨询电话1"":""0451-82381212"",""咨询电话2"":""0451-82381211"",""咨询电话3"":""0451-82381210"",""来源Sheet"":""中央国家行政机关省级以下直属机构""}}"
"government_jobs","国家公务员2025招考简章","公务员/事业单位技术岗位","黑龙江省","2026-07-28T09:12:58.310295+00:00","科技管理（统计分析应用类）一级行政执法员","哈尔滨海关","","黑龙江省","公务员/事业单位;2025;computer_software;仅限本科;学士;大数据管理与应用、数学与应用数学、数据计算及应用、信息与计算科学、统计学、应用统计学;行政执法类","用人司局：抚远海关
职位简介：从事海关综合统计及智慧海关工作。
专业要求：大数据管理与应用、数学与应用数学、数据计算及应用、信息与计算科学、统计学、应用统计学
学历要求：仅限本科
学位要求：学士
政治面貌：不限
基层工作经历：无限制
考试类别：行政执法类
备注：限应届高校毕业生；大学英语四级考试425分及以上；本职位所指专业为具体专业名称，考生必须具备与填报学历及专业相应的学位；现场一线岗位，服从关区二次调配。专业能力测试安排，详见海关总署网站（www.customs.gov.cn）。","https://www.xjhc.gov.cn/xjhc/c116834/202410/a29382e11a674da3be3353af65f9fcc5.shtml#129113-300110009002","2024-10-14","{""dataset_year"":2025,""job_uid"":""GOV-2025-129113-300110009002"",""publisher"":""国家公务员局"",""publication_page"":""https://www.xjhc.gov.cn/xjhc/c116834/202410/a29382e11a674da3be3353af65f9fcc5.shtml"",""attachment_url"":""https://www.xjhc.gov.cn/xjhc/c116834/202410/a29382e11a674da3be3353af65f9fcc5/files/0536cef86e2b46ddad6aae5a3780089e.xls"",""local_source_file"":""2025_guokao_zhaokaojianzhang.xls"",""local_source_sha256"":""07ae6cab368cd21b7a1ac3e8150fe9a3d39ad5171ce76135ff3cccfe50c3e77e"",""source_sheet"":""中央国家行政机关省级以下直属机构"",""filter_version"":""government_tech_v2"",""tech_filter"":{""is_tech"":true,""is_core_tech"":true,""scope"":""core"",""categories"":[""computer_software""],""matched_fields"":[""major"",""description""],""major_terms"":[""大数据""],""role_terms"":[""智慧""],""reason"":""tech_major_and_role""},""original"":{""部门代码"":""129113"",""部门名称"":""哈尔滨海关"",""用人司局"":""抚远海关"",""机构性质"":""中央国家行政机关省级以下直属机构"",""招考职位"":""科技管理（统计分析应用类）一级行政执法员"",""职位属性"":""普通职位"",""职位分布"":""西部地区和艰苦边远地区职位"",""职位简介"":""从事海关综合统计及智慧海关工作。"",""职位代码"":""300110009002"",""机构层级"":""县（区）级及以下"",""考试类别"":""行政执法类"",""招考人数"":""1"",""专业"":""大数据管理与应用、数学与应用数学、数据计算及应用、信息与计算科学、统计学、应用统计学"",""学历"":""仅限本科"",""学位"":""学士"",""政治面貌"":""不限"",""基层工作最低年限"":""无限制"",""服务基层项目工作经历"":""无限制"",""是否在面试阶段组织专业能力测试"":""是"",""面试人员比例"":""3:1"",""工作地点"":""黑龙江省"",""落户地点"":""黑龙江省"",""备注"":""限应届高校毕业生；大学英语四级考试425分及以上；本职位所指专业为具体专业名称，考生必须具备与填报学历及专业相应的学位；现场一线岗位，服从关区二次调配。专业能力测试安排，详见海关总署网站（www.customs.gov.cn）。"",""部门网站"":""http://harbin.customs.gov.cn/"",""咨询电话1"":""0451-82381212"",""咨询电话2"":""0451-82381211"",""咨询电话3"":""0451-82381210"",""来源Sheet"":""中央国家行政机关省级以下直属机构""}}"
"government_jobs","国家公务员2025招考简章","公务员/事业单位技术岗位","黑龙江省","2026-07-28T09:12:58.310295+00:00","科技管理（电子信息化类）一级行政执法员","哈尔滨海关","","黑龙江省","公务员/事业单位;2025;computer_software;cybersecurity_cryptography;electronics_communication;仅限本科;学士;计算机科学与技术、软件工程、网络工程、信息安全、网络空间安全、数据科学与大数据技术;行政执法类","用人司局：同江海关
职位简介：从事海关科技及智慧海关建设工作。
专业要求：计算机科学与技术、软件工程、网络工程、信息安全、网络空间安全、数据科学与大数据技术
学历要求：仅限本科
学位要求：学士
政治面貌：不限
基层工作经历：无限制
考试类别：行政执法类
备注：限2025届高校毕业生；大学英语四级考试425分及以上；本职位所指专业为具体专业名称，考生必须具备与填报学历及专业相应的学位；现场一线岗位，服从关区二次调配。专业能力测试安排，详见海关总署网站（www.customs.gov.cn）。","https://www.xjhc.gov.cn/xjhc/c116834/202410/a29382e11a674da3be3353af65f9fcc5.shtml#129113-300110010008","2024-10-14","{""dataset_year"":2025,""job_uid"":""GOV-2025-129113-300110010008"",""publisher"":""国家公务员局"",""publication_page"":""https://www.xjhc.gov.cn/xjhc/c116834/202410/a29382e11a674da3be3353af65f9fcc5.shtml"",""attachment_url"":""https://www.xjhc.gov.cn/xjhc/c116834/202410/a29382e11a674da3be3353af65f9fcc5/files/0536cef86e2b46ddad6aae5a3780089e.xls"",""local_source_file"":""2025_guokao_zhaokaojianzhang.xls"",""local_source_sha256"":""07ae6cab368cd21b7a1ac3e8150fe9a3d39ad5171ce76135ff3cccfe50c3e77e"",""source_sheet"":""中央国家行政机关省级以下直属机构"",""filter_version"":""government_tech_v2"",""tech_filter"":{""is_tech"":true,""is_core_tech"":true,""scope"":""core"",""categories"":[""computer_software"",""cybersecurity_cryptography"",""electronics_communication""],""matched_fields"":[""major"",""job_title"",""description""],""major_terms"":[""信息安全"",""大数据"",""数据科学与大数据技术"",""网络工程"",""网络空间安全"",""计算机科学与技术"",""软件工程""],""role_terms"":[""信息化"",""智慧"",""电子信息""],""reason"":""tech_major_and_role""},""original"":{""部门代码"":""129113"",""部门名称"":""哈尔滨海关"",""用人司局"":""同江海关"",""机构性质"":""中央国家行政机关省级以下直属机构"",""招考职位"":""科技管理（电子信息化类）一级行政执法员"",""职位属性"":""普通职位"",""职位分布"":""西部地区和艰苦边远地区职位"",""职位简介"":""从事海关科技及智慧海关建设工作。"",""职位代码"":""300110010008"",""机构层级"":""县（区）级及以下"",""考试类别"":""行政执法类"",""招考人数"":""1"",""专业"":""计算机科学与技术、软件工程、网络工程、信息安全、网络空间安全、数据科学与大数据技术"",""学历"":""仅限本科"",""学位"":""学士"",""政治面貌"":""不限"",""基层工作最低年限"":""无限制"",""服务基层项目工作经历"":""无限制"",""是否在面试阶段组织专业能力测试"":""是"",""面试人员比例"":""3:1"",""工作地点"":""黑龙江省"",""落户地点"":""黑龙江省"",""备注"":""限2025届高校毕业生；大学英语四级考试425分及以上；本职位所指专业为具体专业名称，考生必须具备与填报学历及专业相应的学位；现场一线岗位，服从关区二次调配。专业能力测试安排，详见海关总署网站（www.customs.gov.cn）。"",""部门网站"":""http://harbin.customs.gov.cn/"",""咨询电话1"":""0451-82381212"",""咨询电话2"":""0451-82381211"",""咨询电话3"":""0451-82381210"",""来源Sheet"":""中央国家行政机关省级以下直属机构""}}"
"government_jobs","国家公务员2025招考简章","公务员/事业单位技术岗位","黑龙江省","2026-07-28T09:12:58.310295+00:00","科技管理（电子信息化类）一级行政执法员","哈尔滨海关","","黑龙江省","公务员/事业单位;2025;computer_software;cybersecurity_cryptography;electronics_communication;仅限本科;学士;计算机科学与技术、软件工程、网络工程、信息安全、网络空间安全、数据科学与大数据技术;行政执法类","用人司局：饶河海关
职位简介：从事海关科技及智慧海关建设工作。
专业要求：计算机科学与技术、软件工程、网络工程、信息安全、网络空间安全、数据科学与大数据技术
学历要求：仅限本科
学位要求：学士
政治面貌：不限
基层工作经历：无限制
考试类别：行政执法类
备注：限2025届高校毕业生；大学英语四级考试425分及以上；本职位所指专业为具体专业名称，考生必须具备与填报学历及专业相应的学位；现场一线岗位，服从关区二次调配。专业能力测试安排，详见海关总署网站（www.customs.gov.cn）。","https://www.xjhc.gov.cn/xjhc/c116834/202410/a29382e11a674da3be3353af65f9fcc5.shtml#129113-300110014001","2024-10-14","{""dataset_year"":2025,""job_uid"":""GOV-2025-129113-300110014001"",""publisher"":""国家公务员局"",""publication_page"":""https://www.xjhc.gov.cn/xjhc/c116834/202410/a29382e11a674da3be3353af65f9fcc5.shtml"",""attachment_url"":""https://www.xjhc.gov.cn/xjhc/c116834/202410/a29382e11a674da3be3353af65f9fcc5/files/0536cef86e2b46ddad6aae5a3780089e.xls"",""local_source_file"":""2025_guokao_zhaokaojianzhang.xls"",""local_source_sha256"":""07ae6cab368cd21b7a1ac3e8150fe9a3d39ad5171ce76135ff3cccfe50c3e77e"",""source_sheet"":""中央国家行政机关省级以下直属机构"",""filter_version"":""government_tech_v2"",""tech_filter"":{""is_tech"":true,""is_core_tech"":true,""scope"":""core"",""categories"":[""computer_software"",""cybersecurity_cryptography"",""electronics_communication""],""matched_fields"":[""major"",""job_title"",""description""],""major_terms"":[""信息安全"",""大数据"",""数据科学与大数据技术"",""网络工程"",""网络空间安全"",""计算机科学与技术"",""软件工程""],""role_terms"":[""信息化"",""智慧"",""电子信息""],""reason"":""tech_major_and_role""},""original"":{""部门代码"":""129113"",""部门名称"":""哈尔滨海关"",""用人司局"":""饶河海关"",""机构性质"":""中央国家行政机关省级以下直属机构"",""招考职位"":""科技管理（电子信息化类）一级行政执法员"",""职位属性"":""普通职位"",""职位分布"":""西部地区和艰苦边远地区职位"",""职位简介"":""从事海关科技及智慧海关建设工作。"",""职位代码"":""300110014001"",""机构层级"":""县（区）级及以下"",""考试类别"":""行政执法类"",""招考人数"":""1"",""专业"":""计算机科学与技术、软件工程、网络工程、信息安全、网络空间安全、数据科学与大数据技术"",""学历"":""仅限本科"",""学位"":""学士"",""政治面貌"":""不限"",""基层工作最低年限"":""无限制"",""服务基层项目工作经历"":""无限制"",""是否在面试阶段组织专业能力测试"":""是"",""面试人员比例"":""3:1"",""工作地点"":""黑龙江省"",""落户地点"":""黑龙江省"",""备注"":""限2025届高校毕业生；大学英语四级考试425分及以上；本职位所指专业为具体专业名称，考生必须具备与填报学历及专业相应的学位；现场一线岗位，服从关区二次调配。专业能力测试安排，详见海关总署网站（www.customs.gov.cn）。"",""部门网站"":""http://harbin.customs.gov.cn/"",""咨询电话1"":""0451-82381212"",""咨询电话2"":""0451-82381211"",""咨询电话3"":""0451-82381210"",""来源Sheet"":""中央国家行政机关省级以下直属机构""}}"
"government_jobs","国家公务员2025招考简章","公务员/事业单位技术岗位","黑龙江省","2026-07-28T09:12:58.310295+00:00","科技管理（电子信息化类）一级行政执法员","哈尔滨海关","","黑龙江省","公务员/事业单位;2025;computer_software;cybersecurity_cryptography;electronics_communication;仅限本科;学士;计算机科学与技术、软件工程、网络工程、信息安全、网络空间安全、数据科学与大数据技术;行政执法类","用人司局：萝北海关
职位简介：从事海关科技及智慧海关建设工作。
专业要求：计算机科学与技术、软件工程、网络工程、信息安全、网络空间安全、数据科学与大数据技术
学历要求：仅限本科
学位要求：学士
政治面貌：不限
基层工作经历：无限制
考试类别：行政执法类
备注：限2025届高校毕业生；大学英语四级考试425分及以上；本职位所指专业为具体专业名称，考生必须具备与填报学历及专业相应的学位；现场一线岗位，服从关区二次调配。专业能力测试安排，详见海关总署网站（www.customs.gov.cn）。","https://www.xjhc.gov.cn/xjhc/c116834/202410/a29382e11a674da3be3353af65f9fcc5.shtml#129113-300110017001","2024-10-14","{""dataset_year"":2025,""job_uid"":""GOV-2025-129113-300110017001"",""publisher"":""国家公务员局"",""publication_page"":""https://www.xjhc.gov.cn/xjhc/c116834/202410/a29382e11a674da3be3353af65f9fcc5.shtml"",""attachment_url"":""https://www.xjhc.gov.cn/xjhc/c116834/202410/a29382e11a674da3be3353af65f9fcc5/files/0536cef86e2b46ddad6aae5a3780089e.xls"",""local_source_file"":""2025_guokao_zhaokaojianzhang.xls"",""local_source_sha256"":""07ae6cab368cd21b7a1ac3e8150fe9a3d39ad5171ce76135ff3cccfe50c3e77e"",""source_sheet"":""中央国家行政机关省级以下直属机构"",""filter_version"":""government_tech_v2"",""tech_filter"":{""is_tech"":true,""is_core_tech"":true,""scope"":""core"",""categories"":[""computer_software"",""cybersecurity_cryptography"",""electronics_communication""],""matched_fields"":[""major"",""job_title"",""description""],""major_terms"":[""信息安全"",""大数据"",""数据科学与大数据技术"",""网络工程"",""网络空间安全"",""计算机科学与技术"",""软件工程""],""role_terms"":[""信息化"",""智慧"",""电子信息""],""reason"":""tech_major_and_role""},""original"":{""部门代码"":""129113"",""部门名称"":""哈尔滨海关"",""用人司局"":""萝北海关"",""机构性质"":""中央国家行政机关省级以下直属机构"",""招考职位"":""科技管理（电子信息化类）一级行政执法员"",""职位属性"":""普通职位"",""职位分布"":""西部地区和艰苦边远地区职位"",""职位简介"":""从事海关科技及智慧海关建设工作。"",""职位代码"":""300110017001"",""机构层级"":""县（区）级及以下"",""考试类别"":""行政执法类"",""招考人数"":""1"",""专业"":""计算机科学与技术、软件工程、网络工程、信息安全、网络空间安全、数据科学与大数据技术"",""学历"":""仅限本科"",""学位"":""学士"",""政治面貌"":""不限"",""基层工作最低年限"":""无限制"",""服务基层项目工作经历"":""无限制"",""是否在面试阶段组织专业能力测试"":""是"",""面试人员比例"":""3:1"",""工作地点"":""黑龙江省"",""落户地点"":""黑龙江省"",""备注"":""限2025届高校毕业生；大学英语四级考试425分及以上；本职位所指专业为具体专业名称，考生必须具备与填报学历及专业相应的学位；现场一线岗位，服从关区二次调配。专业能力测试安排，详见海关总署网站（www.customs.gov.cn）。"",""部门网站"":""http://harbin.customs.gov.cn/"",""咨询电话1"":""0451-82381212"",""咨询电话2"":""0451-82381211"",""咨询电话3"":""0451-82381210"",""来源Sheet"":""中央国家行政机关省级以下直属机构""}}"
"government_jobs","国家公务员2025招考简章","公务员/事业单位技术岗位","黑龙江省","2026-07-28T09:12:58.310295+00:00","科技管理（电子信息化类）一级行政执法员","哈尔滨海关","","黑龙江省","公务员/事业单位;2025;computer_software;cybersecurity_cryptography;electronics_communication;仅限本科;学士;计算机科学与技术、软件工程、网络工程、信息安全、网络空间安全、数据科学与大数据技术;行政执法类","用人司局：黑河海关
职位简介：从事海关科技及智慧海关建设工作。
专业要求：计算机科学与技术、软件工程、网络工程、信息安全、网络空间安全、数据科学与大数据技术
学历要求：仅限本科
学位要求：学士
政治面貌：不限
基层工作经历：无限制
考试类别：行政执法类
备注：限2025届高校毕业生；大学英语四级考试425分及以上；本职位所指专业为具体专业名称，考生必须具备与填报学历及专业相应的学位；现场一线岗位，服从关区二次调配。专业能力测试安排，详见海关总署网站（www.customs.gov.cn）。","https://www.xjhc.gov.cn/xjhc/c116834/202410/a29382e11a674da3be3353af65f9fcc5.shtml#129113-300110018009","2024-10-14","{""dataset_year"":2025,""job_uid"":""GOV-2025-129113-300110018009"",""publisher"":""国家公务员局"",""publication_page"":""https://www.xjhc.gov.cn/xjhc/c116834/202410/a29382e11a674da3be3353af65f9fcc5.shtml"",""attachment_url"":""https://www.xjhc.gov.cn/xjhc/c116834/202410/a29382e11a674da3be3353af65f9fcc5/files/0536cef86e2b46ddad6aae5a3780089e.xls"",""local_source_file"":""2025_guokao_zhaokaojianzhang.xls"",""local_source_sha256"":""07ae6cab368cd21b7a1ac3e8150fe9a3d39ad5171ce76135ff3cccfe50c3e77e"",""source_sheet"":""中央国家行政机关省级以下直属机构"",""filter_version"":""government_tech_v2"",""tech_filter"":{""is_tech"":true,""is_core_tech"":true,""scope"":""core"",""categories"":[""computer_software"",""cybersecurity_cryptography"",""electronics_communication""],""matched_fields"":[""major"",""job_title"",""description""],""major_terms"":[""信息安全"",""大数据"",""数据科学与大数据技术"",""网络工程"",""网络空间安全"",""计算机科学与技术"",""软件工程""],""role_terms"":[""信息化"",""智慧"",""电子信息""],""reason"":""tech_major_and_role""},""original"":{""部门代码"":""129113"",""部门名称"":""哈尔滨海关"",""用人司局"":""黑河海关"",""机构性质"":""中央国家行政机关省级以下直属机构"",""招考职位"":""科技管理（电子信息化类）一级行政执法员"",""职位属性"":""普通职位"",""职位分布"":""西部地区和艰苦边远地区职位"",""职位简介"":""从事海关科技及智慧海关建设工作。"",""职位代码"":""300110018009"",""机构层级"":""县（区）级及以下"",""考试类别"":""行政执法类"",""招考人数"":""1"",""专业"":""计算机科学与技术、软件工程、网络工程、信息安全、网络空间安全、数据科学与大数据技术"",""学历"":""仅限本科"",""学位"":""学士"",""政治面貌"":""不限"",""基层工作最低年限"":""无限制"",""服务基层项目工作经历"":""无限制"",""是否在面试阶段组织专业能力测试"":""是"",""面试人员比例"":""3:1"",""工作地点"":""黑龙江省"",""落户地点"":""黑龙江省"",""备注"":""限2025届高校毕业生；大学英语四级考试425分及以上；本职位所指专业为具体专业名称，考生必须具备与填报学历及专业相应的学位；现场一线岗位，服从关区二次调配。专业能力测试安排，详见海关总署网站（www.customs.gov.cn）。"",""部门网站"":""http://harbin.customs.gov.cn/"",""咨询电话1"":""0451-82381212"",""咨询电话2"":""0451-82381211"",""咨询电话3"":""0451-82381210"",""来源Sheet"":""中央国家行政机关省级以下直属机构""}}"
"government_jobs","国家公务员2025招考简章","公务员/事业单位技术岗位","黑龙江省","2026-07-28T09:12:58.310295+00:00","科技管理（电子信息化类）一级行政执法员","哈尔滨海关","","黑龙江省","公务员/事业单位;2025;computer_software;cybersecurity_cryptography;electronics_communication;仅限本科;学士;计算机科学与技术、软件工程、网络工程、信息安全、网络空间安全、数据科学与大数据技术;行政执法类","用人司局：绥化海关
职位简介：从事海关科技及智慧海关建设工作。
专业要求：计算机科学与技术、软件工程、网络工程、信息安全、网络空间安全、数据科学与大数据技术
学历要求：仅限本科
学位要求：学士
政治面貌：不限
基层工作经历：无限制
考试类别：行政执法类
备注：限2025届高校毕业生；大学英语四级考试425分及以上；本职位所指专业为具体专业名称，考生必须具备与填报学历及专业相应的学位；现场一线岗位，服从关区二次调配。专业能力测试安排，详见海关总署网站（www.customs.gov.cn）。","https://www.xjhc.gov.cn/xjhc/c116834/202410/a29382e11a674da3be3353af65f9fcc5.shtml#129113-300110020002","2024-10-14","{""dataset_year"":2025,""job_uid"":""GOV-2025-129113-300110020002"",""publisher"":""国家公务员局"",""publication_page"":""https://www.xjhc.gov.cn/xjhc/c116834/202410/a29382e11a674da3be3353af65f9fcc5.shtml"",""attachment_url"":""https://www.xjhc.gov.cn/xjhc/c116834/202410/a29382e11a674da3be3353af65f9fcc5/files/0536cef86e2b46ddad6aae5a3780089e.xls"",""local_source_file"":""2025_guokao_zhaokaojianzhang.xls"",""local_source_sha256"":""07ae6cab368cd21b7a1ac3e8150fe9a3d39ad5171ce76135ff3cccfe50c3e77e"",""source_sheet"":""中央国家行政机关省级以下直属机构"",""filter_version"":""government_tech_v2"",""tech_filter"":{""is_tech"":true,""is_core_tech"":true,""scope"":""core"",""categories"":[""computer_software"",""cybersecurity_cryptography"",""electronics_communication""],""matched_fields"":[""major"",""job_title"",""description""],""major_terms"":[""信息安全"",""大数据"",""数据科学与大数据技术"",""网络工程"",""网络空间安全"",""计算机科学与技术"",""软件工程""],""role_terms"":[""信息化"",""智慧"",""电子信息""],""reason"":""tech_major_and_role""},""original"":{""部门代码"":""129113"",""部门名称"":""哈尔滨海关"",""用人司局"":""绥化海关"",""机构性质"":""中央国家行政机关省级以下直属机构"",""招考职位"":""科技管理（电子信息化类）一级行政执法员"",""职位属性"":""普通职位"",""职位分布"":""西部地区和艰苦边远地区职位"",""职位简介"":""从事海关科技及智慧海关建设工作。"",""职位代码"":""300110020002"",""机构层级"":""县（区）级及以下"",""考试类别"":""行政执法类"",""招考人数"":""1"",""专业"":""计算机科学与技术、软件工程、网络工程、信息安全、网络空间安全、数据科学与大数据技术"",""学历"":""仅限本科"",""学位"":""学士"",""政治面貌"":""不限"",""基层工作最低年限"":""无限制"",""服务基层项目工作经历"":""无限制"",""是否在面试阶段组织专业能力测试"":""是"",""面试人员比例"":""3:1"",""工作地点"":""黑龙江省"",""落户地点"":""黑龙江省"",""备注"":""限2025届高校毕业生；大学英语四级考试425分及以上；本职位所指专业为具体专业名称，考生必须具备与填报学历及专业相应的学位；现场一线岗位，服从关区二次调配。专业能力测试安排，详见海关总署网站（www.customs.gov.cn）。"",""部门网站"":""http://harbin.customs.gov.cn/"",""咨询电话1"":""0451-82381212"",""咨询电话2"":""0451-82381211"",""咨询电话3"":""0451-82381210"",""来源Sheet"":""中央国家行政机关省级以下直属机构""}}"
"government_jobs","国家公务员2025招考简章","公务员/事业单位技术岗位","黑龙江省","2026-07-28T09:12:58.310295+00:00","风险防控（电子信息化类）四级主管及以下","哈尔滨海关","","黑龙江省","公务员/事业单位;2025;computer_software;cybersecurity_cryptography;electronics_communication;本科或硕士研究生;与最高学历相对应的学位;计算机科学与技术、软件工程、网络工程、信息安全、网络空间安全、数据科学与大数据技术;中央机关及其省级直属机构综合管理类","用人司局：哈尔滨海关风险防控分局
职位简介：从事海关风险防控、智慧海关建设工作。
专业要求：计算机科学与技术、软件工程、网络工程、信息安全、网络空间安全、数据科学与大数据技术
学历要求：本科或硕士研究生
学位要求：与最高学历相对应的学位
政治面貌：不限
基层工作经历：二年
考试类别：中央机关及其省级直属机构综合管理类
备注：本科生大学英语四级考试425分及以上，研究生大学英语六级考试425分及以上；研究生报考者，专业要求为计算机科学与技术、信息与通讯工程、软件工程、网络空间安全，研究生和本科所学专业需同时符合职位专业要求；本职位所指专业为具体专业名称，考生必须具备与填报学历及专业相应的学位；服从关区二次调配。专业能力测试安排，详见海关总署网站（www.customs.gov.cn）。","https://www.xjhc.gov.cn/xjhc/c116834/202410/a29382e11a674da3be3353af65f9fcc5.shtml#129113-300110022002","2024-10-14","{""dataset_year"":2025,""job_uid"":""GOV-2025-129113-300110022002"",""publisher"":""国家公务员局"",""publication_page"":""https://www.xjhc.gov.cn/xjhc/c116834/202410/a29382e11a674da3be3353af65f9fcc5.shtml"",""attachment_url"":""https://www.xjhc.gov.cn/xjhc/c116834/202410/a29382e11a674da3be3353af65f9fcc5/files/0536cef86e2b46ddad6aae5a3780089e.xls"",""local_source_file"":""2025_guokao_zhaokaojianzhang.xls"",""local_source_sha256"":""07ae6cab368cd21b7a1ac3e8150fe9a3d39ad5171ce76135ff3cccfe50c3e77e"",""source_sheet"":""中央国家行政机关省级以下直属机构"",""filter_version"":""government_tech_v2"",""tech_filter"":{""is_tech"":true,""is_core_tech"":true,""scope"":""core"",""categories"":[""computer_software"",""cybersecurity_cryptography"",""electronics_communication""],""matched_fields"":[""major"",""job_title"",""description"",""remarks""],""major_terms"":[""信息安全"",""大数据"",""数据科学与大数据技术"",""网络工程"",""网络空间安全"",""计算机科学与技术"",""软件工程""],""role_terms"":[""信息化"",""智慧"",""电子信息"",""网络空间安全"",""计算机"",""软件"",""软件工程""],""reason"":""tech_major_and_role""},""original"":{""部门代码"":""129113"",""部门名称"":""哈尔滨海关"",""用人司局"":""哈尔滨海关风险防控分局"",""机构性质"":""中央国家行政机关省级以下直属机构"",""招考职位"":""风险防控（电子信息化类）四级主管及以下"",""职位属性"":""普通职位"",""职位分布"":""其他职位"",""职位简介"":""从事海关风险防控、智慧海关建设工作。"",""职位代码"":""300110022002"",""机构层级"":""省（副省）级"",""考试类别"":""中央机关及其省级直属机构综合管理类"",""招考人数"":""1"",""专业"":""计算机科学与技术、软件工程、网络工程、信息安全、网络空间安全、数据科学与大数据技术"",""学历"":""本科或硕士研究生"",""学位"":""与最高学历相对应的学位"",""政治面貌"":""不限"",""基层工作最低年限"":""二年"",""服务基层项目工作经历"":""无限制"",""是否在面试阶段组织专业能力测试"":""是"",""面试人员比例"":""3:1"",""工作地点"":""黑龙江省"",""落户地点"":""黑龙江省"",""备注"":""本科生大学英语四级考试425分及以上，研究生大学英语六级考试425分及以上；研究生报考者，专业要求为计算机科学与技术、信息与通讯工程、软件工程、网络空间安全，研究生和本科所学专业需同时符合职位专业要求；本职位所指专业为具体专业名称，考生必须具备与填报学历及专业相应的学位；服从关区二次调配。专业能力测试安排，详见海关总署网站（www.customs.gov.cn）。"",""部门网站"":""http://harbin.customs.gov.cn/"",""咨询电话1"":""0451-82381212"",""咨询电话2"":""0451-82381211"",""咨询电话3"":""0451-82381210"",""来源Sheet"":""中央国家行政机关省级以下直属机构""}}"
"government_jobs","国家公务员2025招考简章","公务员/事业单位技术岗位","上海市黄浦区","2026-07-28T09:12:58.310295+00:00","科技管理（电子信息化类）四级主办及以下","上海海关","","上海市黄浦区","公务员/事业单位;2025;computer_software;cybersecurity_cryptography;electronics_communication;本科或硕士研究生;与最高学历相对应的学位;计算机科学与技术、软件工程、智能科学与技术、数据科学与大数据技术;行政执法类","用人司局：隶属海关
职位简介：从事智慧海关建设，海关口岸一线货物查验、网络信息安全工作。
专业要求：计算机科学与技术、软件工程、智能科学与技术、数据科学与大数据技术
学历要求：本科或硕士研究生
学位要求：与最高学历相对应的学位
政治面貌：不限
基层工作经历：无限制
考试类别：行政执法类
备注：限2025届高校毕业生；本科生大学英语四级考试425分及以上，硕士研究生大学英语六级考试425分及以上，报名时请写明大学英语级别和具体分数；现场一线岗位；需24小时倒班；服从关区二次调配；身体条件须符合《公务员录用体检特殊标准（试行）》；住宿自理；本职位所指专业为具体专业名称；考生必须具备与填报学历及专业相应的学位，报名时请写明各阶段专业准确名称；毕业证书和学位证书上的专业名称要求一致；专业能力测试安排，详见海关总署网站（www.customs.gov.cn）。","https://www.xjhc.gov.cn/xjhc/c116834/202410/a29382e11a674da3be3353af65f9fcc5.shtml#129114-300110111014","2024-10-14","{""dataset_year"":2025,""job_uid"":""GOV-2025-129114-300110111014"",""publisher"":""国家公务员局"",""publication_page"":""https://www.xjhc.gov.cn/xjhc/c116834/202410/a29382e11a674da3be3353af65f9fcc5.shtml"",""attachment_url"":""https://www.xjhc.gov.cn/xjhc/c116834/202410/a29382e11a674da3be3353af65f9fcc5/files/0536cef86e2b46ddad6aae5a3780089e.xls"",""local_source_file"":""2025_guokao_zhaokaojianzhang.xls"",""local_source_sha256"":""07ae6cab368cd21b7a1ac3e8150fe9a3d39ad5171ce76135ff3cccfe50c3e77e"",""source_sheet"":""中央国家行政机关省级以下直属机构"",""filter_version"":""government_tech_v2"",""tech_filter"":{""is_tech"":true,""is_core_tech"":true,""scope"":""core"",""categories"":[""computer_software"",""cybersecurity_cryptography"",""electronics_communication""],""matched_fields"":[""major"",""job_title"",""description""],""major_terms"":[""大数据"",""数据科学与大数据技术"",""智能科学与技术"",""计算机科学与技术"",""软件工程""],""role_terms"":[""信息化"",""信息安全"",""智慧"",""电子信息""],""reason"":""tech_major_and_role""},""original"":{""部门代码"":""129114"",""部门名称"":""上海海关"",""用人司局"":""隶属海关"",""机构性质"":""中央国家行政机关省级以下直属机构"",""招考职位"":""科技管理（电子信息化类）四级主办及以下"",""职位属性"":""普通职位"",""职位分布"":""其他职位"",""职位简介"":""从事智慧海关建设，海关口岸一线货物查验、网络信息安全工作。"",""职位代码"":""300110111014"",""机构层级"":""县（区）级及以下"",""考试类别"":""行政执法类"",""招考人数"":""9"",""专业"":""计算机科学与技术、软件工程、智能科学与技术、数据科学与大数据技术"",""学历"":""本科或硕士研究生"",""学位"":""与最高学历相对应的学位"",""政治面貌"":""不限"",""基层工作最低年限"":""无限制"",""服务基层项目工作经历"":""无限制"",""是否在面试阶段组织专业能力测试"":""是"",""面试人员比例"":""3:1"",""工作地点"":""上海市黄浦区"",""落户地点"":""上海市黄浦区"",""备注"":""限2025届高校毕业生；本科生大学英语四级考试425分及以上，硕士研究生大学英语六级考试425分及以上，报名时请写明大学英语级别和具体分数；现场一线岗位；需24小时倒班；服从关区二次调配；身体条件须符合《公务员录用体检特殊标准（试行）》；住宿自理；本职位所指专业为具体专业名称；考生必须具备与填报学历及专业相应的学位，报名时请写明各阶段专业准确名称；毕业证书和学位证书上的专业名称要求一致；专业能力测试安排，详见海关总署网站（www.customs.gov.cn）。"",""部门网站"":""http://shanghai.customs.gov.cn"",""咨询电话1"":""021-63233303"",""咨询电话2"":""021-63233166"",""咨询电话3"":"""",""来源Sheet"":""中央国家行政机关省级以下直属机构""}}"
"government_jobs","国家公务员2025招考简章","公务员/事业单位技术岗位","上海市黄浦区","2026-07-28T09:12:58.310295+00:00","科技处科技管理（电子信息化类）四级主管及以下","上海海关","","上海市黄浦区","公务员/事业单位;2025;computer_software;cybersecurity_cryptography;electronics_communication;本科或硕士研究生;与最高学历相对应的学位;计算机科学与技术、软件工程、网络工程、信息安全、物联网工程、智能科学与技术、数据科学与大数据技术、电子信息工程、电子科学与技术、通信工程、信息工程、电子信息科学与技术、人工智能;中央机关及其省级直属机构综合管理类","用人司局：上海海关
职位简介：从事智慧海关建设，海关国门安全信息、科技管理工作。
专业要求：计算机科学与技术、软件工程、网络工程、信息安全、物联网工程、智能科学与技术、数据科学与大数据技术、电子信息工程、电子科学与技术、通信工程、信息工程、电子信息科学与技术、人工智能
学历要求：本科或硕士研究生
学位要求：与最高学历相对应的学位
政治面貌：中共党员
基层工作经历：二年
考试类别：中央机关及其省级直属机构综合管理类
备注：本职位要求考生具有二年以上计算机或软件行业信息技术岗位从业经历，应取得人力资源和社会保障部、工业和信息化部颁发的《计算机技术与软件专业技术资格》证书，报名时须详细填写工作单位和具体岗位；本科生大学英语四级考试425分及以上，硕士研究生大学英语六级考试425分及以上，报名时请写明大学英语级别和具体分数；服从关区二次调配；住宿自理；本职位所指专业为具体专业名称；考生必须具备与填报学历及专业相应的学位，报名时请写明各阶段专业准确名称；毕业证书和学位证书上的专业名称要求一致；专业能力测试安排，详见海关总署网站（www.customs.gov.cn）。","https://www.xjhc.gov.cn/xjhc/c116834/202410/a29382e11a674da3be3353af65f9fcc5.shtml#129114-300110112001","2024-10-14","{""dataset_year"":2025,""job_uid"":""GOV-2025-129114-300110112001"",""publisher"":""国家公务员局"",""publication_page"":""https://www.xjhc.gov.cn/xjhc/c116834/202410/a29382e11a674da3be3353af65f9fcc5.shtml"",""attachment_url"":""https://www.xjhc.gov.cn/xjhc/c116834/202410/a29382e11a674da3be3353af65f9fcc5/files/0536cef86e2b46ddad6aae5a3780089e.xls"",""local_source_file"":""2025_guokao_zhaokaojianzhang.xls"",""local_source_sha256"":""07ae6cab368cd21b7a1ac3e8150fe9a3d39ad5171ce76135ff3cccfe50c3e77e"",""source_sheet"":""中央国家行政机关省级以下直属机构"",""filter_version"":""government_tech_v2"",""tech_filter"":{""is_tech"":true,""is_core_tech"":true,""scope"":""core"",""categories"":[""computer_software"",""cybersecurity_cryptography"",""electronics_communication""],""matched_fields"":[""major"",""job_title"",""description"",""remarks""],""major_terms"":[""人工智能"",""信息安全"",""大数据"",""数据科学与大数据技术"",""智能科学与技术"",""物联网工程"",""电子信息"",""电子信息工程"",""电子科学与技术"",""网络工程"",""计算机科学与技术"",""软件工程"",""通信工程""],""role_terms"":[""信息化"",""信息技术"",""智慧"",""电子信息"",""计算机"",""软件""],""reason"":""tech_major_and_role""},""original"":{""部门代码"":""129114"",""部门名称"":""上海海关"",""用人司局"":""上海海关"",""机构性质"":""中央国家行政机关省级以下直属机构"",""招考职位"":""科技处科技管理（电子信息化类）四级主管及以下"",""职位属性"":""普通职位"",""职位分布"":""其他职位"",""职位简介"":""从事智慧海关建设，海关国门安全信息、科技管理工作。"",""职位代码"":""300110112001"",""机构层级"":""省（副省）级"",""考试类别"":""中央机关及其省级直属机构综合管理类"",""招考人数"":""3"",""专业"":""计算机科学与技术、软件工程、网络工程、信息安全、物联网工程、智能科学与技术、数据科学与大数据技术、电子信息工程、电子科学与技术、通信工程、信息工程、电子信息科学与技术、人工智能"",""学历"":""本科或硕士研究生"",""学位"":""与最高学历相对应的学位"",""政治面貌"":""中共党员"",""基层工作最低年限"":""二年"",""服务基层项目工作经历"":""无限制"",""是否在面试阶段组织专业能力测试"":""是"",""面试人员比例"":""3:1"",""工作地点"":""上海市黄浦区"",""落户地点"":""上海市黄浦区"",""备注"":""本职位要求考生具有二年以上计算机或软件行业信息技术岗位从业经历，应取得人力资源和社会保障部、工业和信息化部颁发的《计算机技术与软件专业技术资格》证书，报名时须详细填写工作单位和具体岗位；本科生大学英语四级考试425分及以上，硕士研究生大学英语六级考试425分及以上，报名时请写明大学英语级别和具体分数；服从关区二次调配；住宿自理；本职位所指专业为具体专业名称；考生必须具备与填报学历及专业相应的学位，报名时请写明各阶段专业准确名称；毕业证书和学位证书上的专业名称要求一致；专业能力测试安排，详见海关总署网站（www.customs.gov.cn）。"",""部门网站"":""http://shanghai.customs.gov.cn"",""咨询电话1"":""021-63233303"",""咨询电话2"":""021-63233166"",""咨询电话3"":"""",""来源Sheet"":""中央国家行政机关省级以下直属机构""}}"
"government_jobs","国家公务员2025招考简章","公务员/事业单位技术岗位","上海市黄浦区","2026-07-28T09:12:58.310295+00:00","风险防控（统计分析应用类）四级主管及以下","上海海关","","上海市黄浦区","公务员/事业单位;2025;computer_software;本科或硕士研究生;与最高学历相对应的学位;数学与应用数学、信息与计算科学、统计学、应用统计学;中央机关及其省级直属机构综合管理类","用人司局：海关总署风险防控局（上海）
职位简介：从事智慧海关建设，海关风险防控工作。
专业要求：数学与应用数学、信息与计算科学、统计学、应用统计学
学历要求：本科或硕士研究生
学位要求：与最高学历相对应的学位
政治面貌：中共党员
基层工作经历：二年
考试类别：中央机关及其省级直属机构综合管理类
备注：本职位要求考生具有二年以上基层工作经历，报名时须详细填写工作单位和具体岗位；本科生大学英语四级考试425分及以上，硕士研究生大学英语六级考试425分及以上，报名时请写明大学英语级别和具体分数；服从关区二次调配；住宿自理；本职位所指专业为具体专业名称；考生必须具备与填报学历及专业相应的学位，报名时请写明各阶段专业准确名称；毕业证书和学位证书上的专业名称要求一致；专业能力测试安排，详见海关总署网站（www.customs.gov.cn）。","https://www.xjhc.gov.cn/xjhc/c116834/202410/a29382e11a674da3be3353af65f9fcc5.shtml#129114-300110113001","2024-10-14","{""dataset_year"":2025,""job_uid"":""GOV-2025-129114-300110113001"",""publisher"":""国家公务员局"",""publication_page"":""https://www.xjhc.gov.cn/xjhc/c116834/202410/a29382e11a674da3be3353af65f9fcc5.shtml"",""attachment_url"":""https://www.xjhc.gov.cn/xjhc/c116834/202410/a29382e11a674da3be3353af65f9fcc5/files/0536cef86e2b46ddad6aae5a3780089e.xls"",""local_source_file"":""2025_guokao_zhaokaojianzhang.xls"",""local_source_sha256"":""07ae6cab368cd21b7a1ac3e8150fe9a3d39ad5171ce76135ff3cccfe50c3e77e"",""source_sheet"":""中央国家行政机关省级以下直属机构"",""filter_version"":""government_tech_v2"",""tech_filter"":{""is_tech"":true,""is_core_tech"":true,""scope"":""core"",""categories"":[""computer_software""],""matched_fields"":[""description""],""major_terms"":[],""role_terms"":[""智慧""],""reason"":""tech_role""},""original"":{""部门代码"":""129114"",""部门名称"":""上海海关"",""用人司局"":""海关总署风险防控局（上海）"",""机构性质"":""中央国家行政机关省级以下直属机构"",""招考职位"":""风险防控（统计分析应用类）四级主管及以下"",""职位属性"":""普通职位"",""职位分布"":""其他职位"",""职位简介"":""从事智慧海关建设，海关风险防控工作。"",""职位代码"":""300110113001"",""机构层级"":""省（副省）级"",""考试类别"":""中央机关及其省级直属机构综合管理类"",""招考人数"":""3"",""专业"":""数学与应用数学、信息与计算科学、统计学、应用统计学"",""学历"":""本科或硕士研究生"",""学位"":""与最高学历相对应的学位"",""政治面貌"":""中共党员"",""基层工作最低年限"":""二年"",""服务基层项目工作经历"":""无限制"",""是否在面试阶段组织专业能力测试"":""是"",""面试人员比例"":""3:1"",""工作地点"":""上海市黄浦区"",""落户地点"":""上海市黄浦区"",""备注"":""本职位要求考生具有二年以上基层工作经历，报名时须详细填写工作单位和具体岗位；本科生大学英语四级考试425分及以上，硕士研究生大学英语六级考试425分及以上，报名时请写明大学英语级别和具体分数；服从关区二次调配；住宿自理；本职位所指专业为具体专业名称；考生必须具备与填报学历及专业相应的学位，报名时请写明各阶段专业准确名称；毕业证书和学位证书上的专业名称要求一致；专业能力测试安排，详见海关总署网站（www.customs.gov.cn）。"",""部门网站"":""http://shanghai.customs.gov.cn"",""咨询电话1"":""021-63233303"",""咨询电话2"":""021-63233166"",""咨询电话3"":"""",""来源Sheet"":""中央国家行政机关省级以下直属机构""}}"
"government_jobs","国家公务员2025招考简章","公务员/事业单位技术岗位","上海市黄浦区","2026-07-28T09:12:58.310295+00:00","关税管理（统计分析应用类）四级主管及以下","上海海关","","上海市黄浦区","公务员/事业单位;2025;computer_software;本科或硕士研究生;与最高学历相对应的学位;数学与应用数学、信息与计算科学、统计学、应用统计学;中央机关及其省级直属机构综合管理类","用人司局：海关总署税收征管局（上海）
职位简介：从事智慧海关建设，海关关税管理工作。
专业要求：数学与应用数学、信息与计算科学、统计学、应用统计学
学历要求：本科或硕士研究生
学位要求：与最高学历相对应的学位
政治面貌：中共党员
基层工作经历：二年
考试类别：中央机关及其省级直属机构综合管理类
备注：本职位要求考生具有二年以上基层工作经历，报名时须详细填写工作单位和具体岗位；本科生大学英语四级考试425分及以上，硕士研究生大学英语六级考试425分及以上，报名时请写明大学英语级别和具体分数；服从关区二次调配；住宿自理；本职位所指专业为具体专业名称；考生必须具备与填报学历及专业相应的学位，报名时请写明各阶段专业准确名称；毕业证书和学位证书上的专业名称要求一致；专业能力测试安排，详见海关总署网站（www.customs.gov.cn）。","https://www.xjhc.gov.cn/xjhc/c116834/202410/a29382e11a674da3be3353af65f9fcc5.shtml#129114-300110114001","2024-10-14","{""dataset_year"":2025,""job_uid"":""GOV-2025-129114-300110114001"",""publisher"":""国家公务员局"",""publication_page"":""https://www.xjhc.gov.cn/xjhc/c116834/202410/a29382e11a674da3be3353af65f9fcc5.shtml"",""attachment_url"":""https://www.xjhc.gov.cn/xjhc/c116834/202410/a29382e11a674da3be3353af65f9fcc5/files/0536cef86e2b46ddad6aae5a3780089e.xls"",""local_source_file"":""2025_guokao_zhaokaojianzhang.xls"",""local_source_sha256"":""07ae6cab368cd21b7a1ac3e8150fe9a3d39ad5171ce76135ff3cccfe50c3e77e"",""source_sheet"":""中央国家行政机关省级以下直属机构"",""filter_version"":""government_tech_v2"",""tech_filter"":{""is_tech"":true,""is_core_tech"":true,""scope"":""core"",""categories"":[""computer_software""],""matched_fields"":[""description""],""major_terms"":[],""role_terms"":[""智慧""],""reason"":""tech_role""},""original"":{""部门代码"":""129114"",""部门名称"":""上海海关"",""用人司局"":""海关总署税收征管局（上海）"",""机构性质"":""中央国家行政机关省级以下直属机构"",""招考职位"":""关税管理（统计分析应用类）四级主管及以下"",""职位属性"":""普通职位"",""职位分布"":""其他职位"",""职位简介"":""从事智慧海关建设，海关关税管理工作。"",""职位代码"":""300110114001"",""机构层级"":""省（副省）级"",""考试类别"":""中央机关及其省级直属机构综合管理类"",""招考人数"":""1"",""专业"":""数学与应用数学、信息与计算科学、统计学、应用统计学"",""学历"":""本科或硕士研究生"",""学位"":""与最高学历相对应的学位"",""政治面貌"":""中共党员"",""基层工作最低年限"":""二年"",""服务基层项目工作经历"":""无限制"",""是否在面试阶段组织专业能力测试"":""是"",""面试人员比例"":""3:1"",""工作地点"":""上海市黄浦区"",""落户地点"":""上海市黄浦区"",""备注"":""本职位要求考生具有二年以上基层工作经历，报名时须详细填写工作单位和具体岗位；本科生大学英语四级考试425分及以上，硕士研究生大学英语六级考试425分及以上，报名时请写明大学英语级别和具体分数；服从关区二次调配；住宿自理；本职位所指专业为具体专业名称；考生必须具备与填报学历及专业相应的学位，报名时请写明各阶段专业准确名称；毕业证书和学位证书上的专业名称要求一致；专业能力测试安排，详见海关总署网站（www.customs.gov.cn）。"",""部门网站"":""http://shanghai.customs.gov.cn"",""咨询电话1"":""021-63233303"",""咨询电话2"":""021-63233166"",""咨询电话3"":"""",""来源Sheet"":""中央国家行政机关省级以下直属机构""}}"
"government_jobs","国家公务员2025招考简章","公务员/事业单位技术岗位","浙江省杭州市","2026-07-28T09:12:58.310295+00:00","科技管理（统计分析应用类）一级行政执法员","杭州海关","","浙江省杭州市","公务员/事业单位;2025;computer_software;仅限本科;学士;大数据管理与应用、数学与应用数学、数据计算及应用、信息与计算科学、统计学、应用统计学;行政执法类","用人司局：钱江海关
职位简介：从事海关统计分析工作及智慧海关建设管理工作。
专业要求：大数据管理与应用、数学与应用数学、数据计算及应用、信息与计算科学、统计学、应用统计学
学历要求：仅限本科
学位要求：学士
政治面貌：不限
基层工作经历：无限制
考试类别：行政执法类
备注：限2025届高校毕业生；大学英语四级考试425分及以上；现场一线岗位；本职位所指专业为具体专业名称；考生必须具备与填报学历及专业相应的学位；服从关区二次调配；专业能力测试安排，详见海关总署网站（www.customs.gov.cn）。","https://www.xjhc.gov.cn/xjhc/c116834/202410/a29382e11a674da3be3353af65f9fcc5.shtml#129116-300110001002","2024-10-14","{""dataset_year"":2025,""job_uid"":""GOV-2025-129116-300110001002"",""publisher"":""国家公务员局"",""publication_page"":""https://www.xjhc.gov.cn/xjhc/c116834/202410/a29382e11a674da3be3353af65f9fcc5.shtml"",""attachment_url"":""https://www.xjhc.gov.cn/xjhc/c116834/202410/a29382e11a674da3be3353af65f9fcc5/files/0536cef86e2b46ddad6aae5a3780089e.xls"",""local_source_file"":""2025_guokao_zhaokaojianzhang.xls"",""local_source_sha256"":""07ae6cab368cd21b7a1ac3e8150fe9a3d39ad5171ce76135ff3cccfe50c3e77e"",""source_sheet"":""中央国家行政机关省级以下直属机构"",""filter_version"":""government_tech_v2"",""tech_filter"":{""is_tech"":true,""is_core_tech"":true,""scope"":""core"",""categories"":[""computer_software""],""matched_fields"":[""major"",""description""],""major_terms"":[""大数据""],""role_terms"":[""智慧""],""reason"":""tech_major_and_role""},""original"":{""部门代码"":""129116"",""部门名称"":""杭州海关"",""用人司局"":""钱江海关"",""机构性质"":""中央国家行政机关省级以下直属机构"",""招考职位"":""科技管理（统计分析应用类）一级行政执法员"",""职位属性"":""普通职位"",""职位分布"":""其他职位"",""职位简介"":""从事海关统计分析工作及智慧海关建设管理工作。"",""职位代码"":""300110001002"",""机构层级"":""县（区）级及以下"",""考试类别"":""行政执法类"",""招考人数"":""2"",""专业"":""大数据管理与应用、数学与应用数学、数据计算及应用、信息与计算科学、统计学、应用统计学"",""学历"":""仅限本科"",""学位"":""学士"",""政治面貌"":""不限"",""基层工作最低年限"":""无限制"",""服务基层项目工作经历"":""无限制"",""是否在面试阶段组织专业能力测试"":""是"",""面试人员比例"":""3:1"",""工作地点"":""浙江省杭州市"",""落户地点"":""浙江省杭州市"",""备注"":""限2025届高校毕业生；大学英语四级考试425分及以上；现场一线岗位；本职位所指专业为具体专业名称；考生必须具备与填报学历及专业相应的学位；服从关区二次调配；专业能力测试安排，详见海关总署网站（www.customs.gov.cn）。"",""部门网站"":""hangzhou.customs.gov.cn"",""咨询电话1"":""0571-87267215"",""咨询电话2"":""0571-87267216"",""咨询电话3"":"""",""来源Sheet"":""中央国家行政机关省级以下直属机构""}}"
"government_jobs","国家公务员2025招考简章","公务员/事业单位技术岗位","浙江省杭州市","2026-07-28T09:12:58.310295+00:00","科技管理（统计分析应用类）四级主办及以下","杭州海关","","浙江省杭州市","公务员/事业单位;2025;computer_software;本科或硕士研究生;与最高学历相对应的学位;大数据管理与应用、数学与应用数学、数据计算及应用、信息与计算科学、统计学、应用统计学、计算数学、应用数学、概率论与数理统计;行政执法类","用人司局：杭州萧山机场海关
职位简介：从事海关统计分析工作及智慧海关建设管理工作。
专业要求：大数据管理与应用、数学与应用数学、数据计算及应用、信息与计算科学、统计学、应用统计学、计算数学、应用数学、概率论与数理统计
学历要求：本科或硕士研究生
学位要求：与最高学历相对应的学位
政治面貌：不限
基层工作经历：无限制
考试类别：行政执法类
备注：限2025届高校毕业生；本科生大学英语四级考试425分及以上，研究生大学英语六级考试425分及以上；现场一线岗位，需24小时倒班；本职位所指专业为具体专业名称；考生必须具备与填报学历及专业相应的学位；服从关区二次调配；专业能力测试安排，详见海关总署网站（www.customs.gov.cn）。","https://www.xjhc.gov.cn/xjhc/c116834/202410/a29382e11a674da3be3353af65f9fcc5.shtml#129116-300110002002","2024-10-14","{""dataset_year"":2025,""job_uid"":""GOV-2025-129116-300110002002"",""publisher"":""国家公务员局"",""publication_page"":""https://www.xjhc.gov.cn/xjhc/c116834/202410/a29382e11a674da3be3353af65f9fcc5.shtml"",""attachment_url"":""https://www.xjhc.gov.cn/xjhc/c116834/202410/a29382e11a674da3be3353af65f9fcc5/files/0536cef86e2b46ddad6aae5a3780089e.xls"",""local_source_file"":""2025_guokao_zhaokaojianzhang.xls"",""local_source_sha256"":""07ae6cab368cd21b7a1ac3e8150fe9a3d39ad5171ce76135ff3cccfe50c3e77e"",""source_sheet"":""中央国家行政机关省级以下直属机构"",""filter_version"":""government_tech_v2"",""tech_filter"":{""is_tech"":true,""is_core_tech"":true,""scope"":""core"",""categories"":[""computer_software""],""matched_fields"":[""major"",""description""],""major_terms"":[""大数据""],""role_terms"":[""智慧""],""reason"":""tech_major_and_role""},""original"":{""部门代码"":""129116"",""部门名称"":""杭州海关"",""用人司局"":""杭州萧山机场海关"",""机构性质"":""中央国家行政机关省级以下直属机构"",""招考职位"":""科技管理（统计分析应用类）四级主办及以下"",""职位属性"":""普通职位"",""职位分布"":""其他职位"",""职位简介"":""从事海关统计分析工作及智慧海关建设管理工作。"",""职位代码"":""300110002002"",""机构层级"":""县（区）级及以下"",""考试类别"":""行政执法类"",""招考人数"":""1"",""专业"":""大数据管理与应用、数学与应用数学、数据计算及应用、信息与计算科学、统计学、应用统计学、计算数学、应用数学、概率论与数理统计"",""学历"":""本科或硕士研究生"",""学位"":""与最高学历相对应的学位"",""政治面貌"":""不限"",""基层工作最低年限"":""无限制"",""服务基层项目工作经历"":""无限制"",""是否在面试阶段组织专业能力测试"":""是"",""面试人员比例"":""3:1"",""工作地点"":""浙江省杭州市"",""落户地点"":""浙江省杭州市"",""备注"":""限2025届高校毕业生；本科生大学英语四级考试425分及以上，研究生大学英语六级考试425分及以上；现场一线岗位，需24小时倒班；本职位所指专业为具体专业名称；考生必须具备与填报学历及专业相应的学位；服从关区二次调配；专业能力测试安排，详见海关总署网站（www.customs.gov.cn）。"",""部门网站"":""hangzhou.customs.gov.cn"",""咨询电话1"":""0571-87267215"",""咨询电话2"":""0571-87267216"",""咨询电话3"":"""",""来源Sheet"":""中央国家行政机关省级以下直属机构""}}"
"government_jobs","国家公务员2025招考简章","公务员/事业单位技术岗位","浙江省温州市","2026-07-28T09:12:58.310295+00:00","科技管理（统计分析应用类）一级行政执法员","杭州海关","","浙江省温州市","公务员/事业单位;2025;computer_software;仅限本科;学士;大数据管理与应用、数学与应用数学、数据计算及应用、信息与计算科学、统计学、应用统计学;行政执法类","用人司局：温州海关
职位简介：从事海关统计分析工作及智慧海关建设管理工作。
专业要求：大数据管理与应用、数学与应用数学、数据计算及应用、信息与计算科学、统计学、应用统计学
学历要求：仅限本科
学位要求：学士
政治面貌：不限
基层工作经历：无限制
考试类别：行政执法类
备注：限应届高校毕业生；大学英语四级考试425分及以上；现场一线岗位；本职位所指专业为具体专业名称；考生必须具备与填报学历及专业相应的学位；服从关区二次调配；专业能力测试安排，详见海关总署网站（www.customs.gov.cn）。","https://www.xjhc.gov.cn/xjhc/c116834/202410/a29382e11a674da3be3353af65f9fcc5.shtml#129116-300110003009","2024-10-14","{""dataset_year"":2025,""job_uid"":""GOV-2025-129116-300110003009"",""publisher"":""国家公务员局"",""publication_page"":""https://www.xjhc.gov.cn/xjhc/c116834/202410/a29382e11a674da3be3353af65f9fcc5.shtml"",""attachment_url"":""https://www.xjhc.gov.cn/xjhc/c116834/202410/a29382e11a674da3be3353af65f9fcc5/files/0536cef86e2b46ddad6aae5a3780089e.xls"",""local_source_file"":""2025_guokao_zhaokaojianzhang.xls"",""local_source_sha256"":""07ae6cab368cd21b7a1ac3e8150fe9a3d39ad5171ce76135ff3cccfe50c3e77e"",""source_sheet"":""中央国家行政机关省级以下直属机构"",""filter_version"":""government_tech_v2"",""tech_filter"":{""is_tech"":true,""is_core_tech"":true,""scope"":""core"",""categories"":[""computer_software""],""matched_fields"":[""major"",""description""],""major_terms"":[""大数据""],""role_terms"":[""智慧""],""reason"":""tech_major_and_role""},""original"":{""部门代码"":""129116"",""部门名称"":""杭州海关"",""用人司局"":""温州海关"",""机构性质"":""中央国家行政机关省级以下直属机构"",""招考职位"":""科技管理（统计分析应用类）一级行政执法员"",""职位属性"":""普通职位"",""职位分布"":""其他职位"",""职位简介"":""从事海关统计分析工作及智慧海关建设管理工作。"",""职位代码"":""300110003009"",""机构层级"":""县（区）级及以下"",""考试类别"":""行政执法类"",""招考人数"":""1"",""专业"":""大数据管理与应用、数学与应用数学、数据计算及应用、信息与计算科学、统计学、应用统计学"",""学历"":""仅限本科"",""学位"":""学士"",""政治面貌"":""不限"",""基层工作最低年限"":""无限制"",""服务基层项目工作经历"":""无限制"",""是否在面试阶段组织专业能力测试"":""是"",""面试人员比例"":""3:1"",""工作地点"":""浙江省温州市"",""落户地点"":""浙江省温州市"",""备注"":""限应届高校毕业生；大学英语四级考试425分及以上；现场一线岗位；本职位所指专业为具体专业名称；考生必须具备与填报学历及专业相应的学位；服从关区二次调配；专业能力测试安排，详见海关总署网站（www.customs.gov.cn）。"",""部门网站"":""hangzhou.customs.gov.cn"",""咨询电话1"":""0571-87267215"",""咨询电话2"":""0571-87267216"",""咨询电话3"":"""",""来源Sheet"":""中央国家行政机关省级以下直属机构""}}"
"government_jobs","国家公务员2025招考简章","公务员/事业单位技术岗位","浙江省绍兴市","2026-07-28T09:12:58.310295+00:00","科技管理（统计分析应用类）一级行政执法员","杭州海关","","浙江省绍兴市","公务员/事业单位;2025;computer_software;仅限本科;学士;大数据管理与应用、数学与应用数学、数据计算及应用、信息与计算科学、统计学、应用统计学;行政执法类","用人司局：绍兴海关
职位简介：从事海关统计分析工作及智慧海关建设管理工作。
专业要求：大数据管理与应用、数学与应用数学、数据计算及应用、信息与计算科学、统计学、应用统计学
学历要求：仅限本科
学位要求：学士
政治面貌：不限
基层工作经历：无限制
考试类别：行政执法类
备注：限2025届高校毕业生；大学英语四级考试425分及以上；现场一线岗位；本职位所指专业为具体专业名称；考生必须具备与填报学历及专业相应的学位；服从关区二次调配；专业能力测试安排，详见海关总署网站（www.customs.gov.cn）。","https://www.xjhc.gov.cn/xjhc/c116834/202410/a29382e11a674da3be3353af65f9fcc5.shtml#129116-300110007002","2024-10-14","{""dataset_year"":2025,""job_uid"":""GOV-2025-129116-300110007002"",""publisher"":""国家公务员局"",""publication_page"":""https://www.xjhc.gov.cn/xjhc/c116834/202410/a29382e11a674da3be3353af65f9fcc5.shtml"",""attachment_url"":""https://www.xjhc.gov.cn/xjhc/c116834/202410/a29382e11a674da3be3353af65f9fcc5/files/0536cef86e2b46ddad6aae5a3780089e.xls"",""local_source_file"":""2025_guokao_zhaokaojianzhang.xls"",""local_source_sha256"":""07ae6cab368cd21b7a1ac3e8150fe9a3d39ad5171ce76135ff3cccfe50c3e77e"",""source_sheet"":""中央国家行政机关省级以下直属机构"",""filter_version"":""government_tech_v2"",""tech_filter"":{""is_tech"":true,""is_core_tech"":true,""scope"":""core"",""categories"":[""computer_software""],""matched_fields"":[""major"",""description""],""major_terms"":[""大数据""],""role_terms"":[""智慧""],""reason"":""tech_major_and_role""},""original"":{""部门代码"":""129116"",""部门名称"":""杭州海关"",""用人司局"":""绍兴海关"",""机构性质"":""中央国家行政机关省级以下直属机构"",""招考职位"":""科技管理（统计分析应用类）一级行政执法员"",""职位属性"":""普通职位"",""职位分布"":""其他职位"",""职位简介"":""从事海关统计分析工作及智慧海关建设管理工作。"",""职位代码"":""300110007002"",""机构层级"":""县（区）级及以下"",""考试类别"":""行政执法类"",""招考人数"":""1"",""专业"":""大数据管理与应用、数学与应用数学、数据计算及应用、信息与计算科学、统计学、应用统计学"",""学历"":""仅限本科"",""学位"":""学士"",""政治面貌"":""不限"",""基层工作最低年限"":""无限制"",""服务基层项目工作经历"":""无限制"",""是否在面试阶段组织专业能力测试"":""是"",""面试人员比例"":""3:1"",""工作地点"":""浙江省绍兴市"",""落户地点"":""浙江省绍兴市"",""备注"":""限2025届高校毕业生；大学英语四级考试425分及以上；现场一线岗位；本职位所指专业为具体专业名称；考生必须具备与填报学历及专业相应的学位；服从关区二次调配；专业能力测试安排，详见海关总署网站（www.customs.gov.cn）。"",""部门网站"":""hangzhou.customs.gov.cn"",""咨询电话1"":""0571-87267215"",""咨询电话2"":""0571-87267216"",""咨询电话3"":"""",""来源Sheet"":""中央国家行政机关省级以下直属机构""}}"
"government_jobs","国家公务员2025招考简章","公务员/事业单位技术岗位","浙江省金华市","2026-07-28T09:12:58.310295+00:00","科技管理（统计分析应用类）四级主办及以下","杭州海关","","浙江省金华市","公务员/事业单位;2025;computer_software;本科或硕士研究生;与最高学历相对应的学位;大数据管理与应用、数学与应用数学、数据计算及应用、信息与计算科学、统计学、应用统计学、计算数学、应用数学、概率论与数理统计;行政执法类","用人司局：金华海关
职位简介：从事海关统计分析工作及智慧海关建设管理工作。
专业要求：大数据管理与应用、数学与应用数学、数据计算及应用、信息与计算科学、统计学、应用统计学、计算数学、应用数学、概率论与数理统计
学历要求：本科或硕士研究生
学位要求：与最高学历相对应的学位
政治面貌：不限
基层工作经历：无限制
考试类别：行政执法类
备注：限2025届高校毕业生；本科生大学英语四级考试425分及以上，研究生大学英语六级考试425分及以上；现场一线岗位；本职位所指专业为具体专业名称；考生必须具备与填报学历及专业相应的学位；服从关区二次调配；专业能力测试安排，详见海关总署网站（www.customs.gov.cn）。","https://www.xjhc.gov.cn/xjhc/c116834/202410/a29382e11a674da3be3353af65f9fcc5.shtml#129116-300110009001","2024-10-14","{""dataset_year"":2025,""job_uid"":""GOV-2025-129116-300110009001"",""publisher"":""国家公务员局"",""publication_page"":""https://www.xjhc.gov.cn/xjhc/c116834/202410/a29382e11a674da3be3353af65f9fcc5.shtml"",""attachment_url"":""https://www.xjhc.gov.cn/xjhc/c116834/202410/a29382e11a674da3be3353af65f9fcc5/files/0536cef86e2b46ddad6aae5a3780089e.xls"",""local_source_file"":""2025_guokao_zhaokaojianzhang.xls"",""local_source_sha256"":""07ae6cab368cd21b7a1ac3e8150fe9a3d39ad5171ce76135ff3cccfe50c3e77e"",""source_sheet"":""中央国家行政机关省级以下直属机构"",""filter_version"":""government_tech_v2"",""tech_filter"":{""is_tech"":true,""is_core_tech"":true,""scope"":""core"",""categories"":[""computer_software""],""matched_fields"":[""major"",""description""],""major_terms"":[""大数据""],""role_terms"":[""智慧""],""reason"":""tech_major_and_role""},""original"":{""部门代码"":""129116"",""部门名称"":""杭州海关"",""用人司局"":""金华海关"",""机构性质"":""中央国家行政机关省级以下直属机构"",""招考职位"":""科技管理（统计分析应用类）四级主办及以下"",""职位属性"":""普通职位"",""职位分布"":""其他职位"",""职位简介"":""从事海关统计分析工作及智慧海关建设管理工作。"",""职位代码"":""300110009001"",""机构层级"":""县（区）级及以下"",""考试类别"":""行政执法类"",""招考人数"":""2"",""专业"":""大数据管理与应用、数学与应用数学、数据计算及应用、信息与计算科学、统计学、应用统计学、计算数学、应用数学、概率论与数理统计"",""学历"":""本科或硕士研究生"",""学位"":""与最高学历相对应的学位"",""政治面貌"":""不限"",""基层工作最低年限"":""无限制"",""服务基层项目工作经历"":""无限制"",""是否在面试阶段组织专业能力测试"":""是"",""面试人员比例"":""3:1"",""工作地点"":""浙江省金华市"",""落户地点"":""浙江省金华市"",""备注"":""限2025届高校毕业生；本科生大学英语四级考试425分及以上，研究生大学英语六级考试425分及以上；现场一线岗位；本职位所指专业为具体专业名称；考生必须具备与填报学历及专业相应的学位；服从关区二次调配；专业能力测试安排，详见海关总署网站（www.customs.gov.cn）。"",""部门网站"":""hangzhou.customs.gov.cn"",""咨询电话1"":""0571-87267215"",""咨询电话2"":""0571-87267216"",""咨询电话3"":"""",""来源Sheet"":""中央国家行政机关省级以下直属机构""}}"
"government_jobs","国家公务员2025招考简章","公务员/事业单位技术岗位","浙江省金华市义乌市","2026-07-28T09:12:58.310295+00:00","科技管理（统计分析应用类）一级行政执法员","杭州海关","","浙江省金华市义乌市","公务员/事业单位;2025;computer_software;仅限本科;学士;大数据管理与应用、数学与应用数学、数据计算及应用、信息与计算科学、统计学、应用统计学;行政执法类","用人司局：义乌海关
职位简介：从事海关统计分析工作及智慧海关建设管理工作。
专业要求：大数据管理与应用、数学与应用数学、数据计算及应用、信息与计算科学、统计学、应用统计学
学历要求：仅限本科
学位要求：学士
政治面貌：不限
基层工作经历：无限制
考试类别：行政执法类
备注：限2025届高校毕业生；大学英语四级考试425分及以上；现场一线岗位；本职位所指专业为具体专业名称；考生必须具备与填报学历及专业相应的学位；服从关区二次调配；专业能力测试安排，详见海关总署网站（www.customs.gov.cn）。","https://www.xjhc.gov.cn/xjhc/c116834/202410/a29382e11a674da3be3353af65f9fcc5.shtml#129116-300110012001","2024-10-14","{""dataset_year"":2025,""job_uid"":""GOV-2025-129116-300110012001"",""publisher"":""国家公务员局"",""publication_page"":""https://www.xjhc.gov.cn/xjhc/c116834/202410/a29382e11a674da3be3353af65f9fcc5.shtml"",""attachment_url"":""https://www.xjhc.gov.cn/xjhc/c116834/202410/a29382e11a674da3be3353af65f9fcc5/files/0536cef86e2b46ddad6aae5a3780089e.xls"",""local_source_file"":""2025_guokao_zhaokaojianzhang.xls"",""local_source_sha256"":""07ae6cab368cd21b7a1ac3e8150fe9a3d39ad5171ce76135ff3cccfe50c3e77e"",""source_sheet"":""中央国家行政机关省级以下直属机构"",""filter_version"":""government_tech_v2"",""tech_filter"":{""is_tech"":true,""is_core_tech"":true,""scope"":""core"",""categories"":[""computer_software""],""matched_fields"":[""major"",""description""],""major_terms"":[""大数据""],""role_terms"":[""智慧""],""reason"":""tech_major_and_role""},""original"":{""部门代码"":""129116"",""部门名称"":""杭州海关"",""用人司局"":""义乌海关"",""机构性质"":""中央国家行政机关省级以下直属机构"",""招考职位"":""科技管理（统计分析应用类）一级行政执法员"",""职位属性"":""普通职位"",""职位分布"":""其他职位"",""职位简介"":""从事海关统计分析工作及智慧海关建设管理工作。"",""职位代码"":""300110012001"",""机构层级"":""县（区）级及以下"",""考试类别"":""行政执法类"",""招考人数"":""2"",""专业"":""大数据管理与应用、数学与应用数学、数据计算及应用、信息与计算科学、统计学、应用统计学"",""学历"":""仅限本科"",""学位"":""学士"",""政治面貌"":""不限"",""基层工作最低年限"":""无限制"",""服务基层项目工作经历"":""无限制"",""是否在面试阶段组织专业能力测试"":""是"",""面试人员比例"":""3:1"",""工作地点"":""浙江省金华市义乌市"",""落户地点"":""浙江省金华市义乌市"",""备注"":""限2025届高校毕业生；大学英语四级考试425分及以上；现场一线岗位；本职位所指专业为具体专业名称；考生必须具备与填报学历及专业相应的学位；服从关区二次调配；专业能力测试安排，详见海关总署网站（www.customs.gov.cn）。"",""部门网站"":""hangzhou.customs.gov.cn"",""咨询电话1"":""0571-87267215"",""咨询电话2"":""0571-87267216"",""咨询电话3"":"""",""来源Sheet"":""中央国家行政机关省级以下直属机构""}}"
"government_jobs","国家公务员2025招考简章","公务员/事业单位技术岗位","安徽省","2026-07-28T09:12:58.310295+00:00","科技管理（电子信息化类）一级行政执法员","合肥海关","","安徽省","公务员/事业单位;2025;computer_software;cybersecurity_cryptography;electronics_communication;仅限本科;学士;计算机科学与技术、软件工程、网络工程、信息安全;行政执法类","用人司局：铜陵海关
职位简介：从事海关科技及智慧海关建设工作。
专业要求：计算机科学与技术、软件工程、网络工程、信息安全
学历要求：仅限本科
学位要求：学士
政治面貌：不限
基层工作经历：无限制
考试类别：行政执法类
备注：限应届高校毕业生；大学英语四级考试425分及以上；现场一线岗位；本职位所指专业为具体专业名称；考生必须具备与填报学历及专业相应的学位；住宿自理；服从关区二次调配；专业能力测试安排，详见海关总署网站（www.customs.gov.cn）。","https://www.xjhc.gov.cn/xjhc/c116834/202410/a29382e11a674da3be3353af65f9fcc5.shtml#129118-300110003005","2024-10-14","{""dataset_year"":2025,""job_uid"":""GOV-2025-129118-300110003005"",""publisher"":""国家公务员局"",""publication_page"":""https://www.xjhc.gov.cn/xjhc/c116834/202410/a29382e11a674da3be3353af65f9fcc5.shtml"",""attachment_url"":""https://www.xjhc.gov.cn/xjhc/c116834/202410/a29382e11a674da3be3353af65f9fcc5/files/0536cef86e2b46ddad6aae5a3780089e.xls"",""local_source_file"":""2025_guokao_zhaokaojianzhang.xls"",""local_source_sha256"":""07ae6cab368cd21b7a1ac3e8150fe9a3d39ad5171ce76135ff3cccfe50c3e77e"",""source_sheet"":""中央国家行政机关省级以下直属机构"",""filter_version"":""government_tech_v2"",""tech_filter"":{""is_tech"":true,""is_core_tech"":true,""scope"":""core"",""categories"":[""computer_software"",""cybersecurity_cryptography"",""electronics_communication""],""matched_fields"":[""major"",""job_title"",""description""],""major_terms"":[""信息安全"",""网络工程"",""计算机科学与技术"",""软件工程""],""role_terms"":[""信息化"",""智慧"",""电子信息""],""reason"":""tech_major_and_role""},""original"":{""部门代码"":""129118"",""部门名称"":""合肥海关"",""用人司局"":""铜陵海关"",""机构性质"":""中央国家行政机关省级以下直属机构"",""招考职位"":""科技管理（电子信息化类）一级行政执法员"",""职位属性"":""普通职位"",""职位分布"":""其他职位"",""职位简介"":""从事海关科技及智慧海关建设工作。"",""职位代码"":""300110003005"",""机构层级"":""县（区）级及以下"",""考试类别"":""行政执法类"",""招考人数"":""1"",""专业"":""计算机科学与技术、软件工程、网络工程、信息安全"",""学历"":""仅限本科"",""学位"":""学士"",""政治面貌"":""不限"",""基层工作最低年限"":""无限制"",""服务基层项目工作经历"":""无限制"",""是否在面试阶段组织专业能力测试"":""是"",""面试人员比例"":""3:1"",""工作地点"":""安徽省"",""落户地点"":""安徽省"",""备注"":""限应届高校毕业生；大学英语四级考试425分及以上；现场一线岗位；本职位所指专业为具体专业名称；考生必须具备与填报学历及专业相应的学位；住宿自理；服从关区二次调配；专业能力测试安排，详见海关总署网站（www.customs.gov.cn）。"",""部门网站"":""http://hefei.customs.gov.cn"",""咨询电话1"":""0551-63549557"",""咨询电话2"":""0551-63549611"",""咨询电话3"":""0551-63549512"",""来源Sheet"":""中央国家行政机关省级以下直属机构""}}"
"government_jobs","国家公务员2025招考简章","公务员/事业单位技术岗位","安徽省","2026-07-28T09:12:58.310295+00:00","科技管理（电子信息化类）一级行政执法员","合肥海关","","安徽省","公务员/事业单位;2025;computer_software;cybersecurity_cryptography;electronics_communication;仅限本科;学士;计算机科学与技术、软件工程、网络工程、信息安全;行政执法类","用人司局：宿州海关
职位简介：从事海关科技及智慧海关建设工作。
专业要求：计算机科学与技术、软件工程、网络工程、信息安全
学历要求：仅限本科
学位要求：学士
政治面貌：不限
基层工作经历：无限制
考试类别：行政执法类
备注：限应届高校毕业生；大学英语四级考试425分及以上；现场一线岗位；本职位所指专业为具体专业名称；考生必须具备与填报学历及专业相应的学位；住宿自理；服从关区二次调配；专业能力测试安排，详见海关总署网站（www.customs.gov.cn）。","https://www.xjhc.gov.cn/xjhc/c116834/202410/a29382e11a674da3be3353af65f9fcc5.shtml#129118-300110005003","2024-10-14","{""dataset_year"":2025,""job_uid"":""GOV-2025-129118-300110005003"",""publisher"":""国家公务员局"",""publication_page"":""https://www.xjhc.gov.cn/xjhc/c116834/202410/a29382e11a674da3be3353af65f9fcc5.shtml"",""attachment_url"":""https://www.xjhc.gov.cn/xjhc/c116834/202410/a29382e11a674da3be3353af65f9fcc5/files/0536cef86e2b46ddad6aae5a3780089e.xls"",""local_source_file"":""2025_guokao_zhaokaojianzhang.xls"",""local_source_sha256"":""07ae6cab368cd21b7a1ac3e8150fe9a3d39ad5171ce76135ff3cccfe50c3e77e"",""source_sheet"":""中央国家行政机关省级以下直属机构"",""filter_version"":""government_tech_v2"",""tech_filter"":{""is_tech"":true,""is_core_tech"":true,""scope"":""core"",""categories"":[""computer_software"",""cybersecurity_cryptography"",""electronics_communication""],""matched_fields"":[""major"",""job_title"",""description""],""major_terms"":[""信息安全"",""网络工程"",""计算机科学与技术"",""软件工程""],""role_terms"":[""信息化"",""智慧"",""电子信息""],""reason"":""tech_major_and_role""},""original"":{""部门代码"":""129118"",""部门名称"":""合肥海关"",""用人司局"":""宿州海关"",""机构性质"":""中央国家行政机关省级以下直属机构"",""招考职位"":""科技管理（电子信息化类）一级行政执法员"",""职位属性"":""普通职位"",""职位分布"":""其他职位"",""职位简介"":""从事海关科技及智慧海关建设工作。"",""职位代码"":""300110005003"",""机构层级"":""县（区）级及以下"",""考试类别"":""行政执法类"",""招考人数"":""1"",""专业"":""计算机科学与技术、软件工程、网络工程、信息安全"",""学历"":""仅限本科"",""学位"":""学士"",""政治面貌"":""不限"",""基层工作最低年限"":""无限制"",""服务基层项目工作经历"":""无限制"",""是否在面试阶段组织专业能力测试"":""是"",""面试人员比例"":""3:1"",""工作地点"":""安徽省"",""落户地点"":""安徽省"",""备注"":""限应届高校毕业生；大学英语四级考试425分及以上；现场一线岗位；本职位所指专业为具体专业名称；考生必须具备与填报学历及专业相应的学位；住宿自理；服从关区二次调配；专业能力测试安排，详见海关总署网站（www.customs.gov.cn）。"",""部门网站"":""http://hefei.customs.gov.cn"",""咨询电话1"":""0551-63549557"",""咨询电话2"":""0551-63549611"",""咨询电话3"":""0551-63549512"",""来源Sheet"":""中央国家行政机关省级以下直属机构""}}"
"government_jobs","国家公务员2025招考简章","公务员/事业单位技术岗位","福建省福州市马尾区","2026-07-28T09:12:58.310295+00:00","监管（电子信息化类）四级主办及以下","福州海关","","福建省福州市马尾区","公务员/事业单位;2025;computer_software;data_ai;electronics_communication;本科或硕士研究生;与最高学历相对应的学位;人工智能、智能科学与技术、智能无人系统技术、软件工程、计算机科学与技术、空间信息与数字技术、物联网工程;行政执法类","用人司局：马尾海关
职位简介：从事进出境货物、运输工具查验、扫描图像智能分析、技术应用管理、智慧海关建设工作。
专业要求：人工智能、智能科学与技术、智能无人系统技术、软件工程、计算机科学与技术、空间信息与数字技术、物联网工程
学历要求：本科或硕士研究生
学位要求：与最高学历相对应的学位
政治面貌：不限
基层工作经历：无限制
考试类别：行政执法类
备注：限2025届高校毕业生；本科生大学英语四级考试425分及以上，研究生大学英语六级考试425分及以上；现场一线岗位；身体条件须符合《公务员录用体检特殊标准（试行）》；本职位所指专业为具体专业名称；考生必须具备与填报学历及专业相应的学位；服从关区二次调配。专业能力测试安排，详见海关总署网站（www.customs.gov.cn）。","https://www.xjhc.gov.cn/xjhc/c116834/202410/a29382e11a674da3be3353af65f9fcc5.shtml#129119-300110004002","2024-10-14","{""dataset_year"":2025,""job_uid"":""GOV-2025-129119-300110004002"",""publisher"":""国家公务员局"",""publication_page"":""https://www.xjhc.gov.cn/xjhc/c116834/202410/a29382e11a674da3be3353af65f9fcc5.shtml"",""attachment_url"":""https://www.xjhc.gov.cn/xjhc/c116834/202410/a29382e11a674da3be3353af65f9fcc5/files/0536cef86e2b46ddad6aae5a3780089e.xls"",""local_source_file"":""2025_guokao_zhaokaojianzhang.xls"",""local_source_sha256"":""07ae6cab368cd21b7a1ac3e8150fe9a3d39ad5171ce76135ff3cccfe50c3e77e"",""source_sheet"":""中央国家行政机关省级以下直属机构"",""filter_version"":""government_tech_v2"",""tech_filter"":{""is_tech"":true,""is_core_tech"":true,""scope"":""core"",""categories"":[""computer_software"",""data_ai"",""electronics_communication""],""matched_fields"":[""major"",""job_title"",""description""],""major_terms"":[""人工智能"",""智能科学与技术"",""物联网工程"",""空间信息与数字技术"",""计算机科学与技术"",""软件工程""],""role_terms"":[""信息化"",""智慧"",""智能分析"",""电子信息""],""reason"":""tech_major_and_role""},""original"":{""部门代码"":""129119"",""部门名称"":""福州海关"",""用人司局"":""马尾海关"",""机构性质"":""中央国家行政机关省级以下直属机构"",""招考职位"":""监管（电子信息化类）四级主办及以下"",""职位属性"":""普通职位"",""职位分布"":""其他职位"",""职位简介"":""从事进出境货物、运输工具查验、扫描图像智能分析、技术应用管理、智慧海关建设工作。"",""职位代码"":""300110004002"",""机构层级"":""县（区）级及以下"",""考试类别"":""行政执法类"",""招考人数"":""2"",""专业"":""人工智能、智能科学与技术、智能无人系统技术、软件工程、计算机科学与技术、空间信息与数字技术、物联网工程"",""学历"":""本科或硕士研究生"",""学位"":""与最高学历相对应的学位"",""政治面貌"":""不限"",""基层工作最低年限"":""无限制"",""服务基层项目工作经历"":""无限制"",""是否在面试阶段组织专业能力测试"":""是"",""面试人员比例"":""3:1"",""工作地点"":""福建省福州市马尾区"",""落户地点"":""福建省福州市马尾区"",""备注"":""限2025届高校毕业生；本科生大学英语四级考试425分及以上，研究生大学英语六级考试425分及以上；现场一线岗位；身体条件须符合《公务员录用体检特殊标准（试行）》；本职位所指专业为具体专业名称；考生必须具备与填报学历及专业相应的学位；服从关区二次调配。专业能力测试安排，详见海关总署网站（www.customs.gov.cn）。"",""部门网站"":""http://fuzhou.customs.gov.cn/"",""咨询电话1"":""0591-87081282"",""咨询电话2"":""0591-87081268"",""咨询电话3"":""0591-87081255"",""来源Sheet"":""中央国家行政机关省级以下直属机构""}}"
"government_jobs","国家公务员2025招考简章","公务员/事业单位技术岗位","福建省福州市马尾区","2026-07-28T09:12:58.310295+00:00","科技管理（电子信息化类）二级主管及以下","福州海关","","福建省福州市马尾区","公务员/事业单位;2025;computer_software;electronics_communication;硕士研究生及以上;与最高学历相对应的学位;计算机系统结构、计算机软件与理论、计算机应用技术、软件工程;中央机关及其省级直属机构综合管理类","用人司局：福州海关风险防控分局
职位简介：从事海关国门安全信息技术、智慧海关建设工作。
专业要求：计算机系统结构、计算机软件与理论、计算机应用技术、软件工程
学历要求：硕士研究生及以上
学位要求：与最高学历相对应的学位
政治面貌：不限
基层工作经历：二年
考试类别：中央机关及其省级直属机构综合管理类
备注：大学英语六级考试425分及以上；本职位所指专业为具体专业名称；考生必须具备与填报学历及专业相应的学位；服从关区二次调配。专业能力测试安排，详见海关总署网站（www.customs.gov.cn）。","https://www.xjhc.gov.cn/xjhc/c116834/202410/a29382e11a674da3be3353af65f9fcc5.shtml#129119-300110012001","2024-10-14","{""dataset_year"":2025,""job_uid"":""GOV-2025-129119-300110012001"",""publisher"":""国家公务员局"",""publication_page"":""https://www.xjhc.gov.cn/xjhc/c116834/202410/a29382e11a674da3be3353af65f9fcc5.shtml"",""attachment_url"":""https://www.xjhc.gov.cn/xjhc/c116834/202410/a29382e11a674da3be3353af65f9fcc5/files/0536cef86e2b46ddad6aae5a3780089e.xls"",""local_source_file"":""2025_guokao_zhaokaojianzhang.xls"",""local_source_sha256"":""07ae6cab368cd21b7a1ac3e8150fe9a3d39ad5171ce76135ff3cccfe50c3e77e"",""source_sheet"":""中央国家行政机关省级以下直属机构"",""filter_version"":""government_tech_v2"",""tech_filter"":{""is_tech"":true,""is_core_tech"":true,""scope"":""core"",""categories"":[""computer_software"",""electronics_communication""],""matched_fields"":[""major"",""job_title"",""description""],""major_terms"":[""计算机"",""软件工程""],""role_terms"":[""信息化"",""信息技术"",""智慧"",""电子信息""],""reason"":""tech_major_and_role""},""original"":{""部门代码"":""129119"",""部门名称"":""福州海关"",""用人司局"":""福州海关风险防控分局"",""机构性质"":""中央国家行政机关省级以下直属机构"",""招考职位"":""科技管理（电子信息化类）二级主管及以下"",""职位属性"":""普通职位"",""职位分布"":""其他职位"",""职位简介"":""从事海关国门安全信息技术、智慧海关建设工作。"",""职位代码"":""300110012001"",""机构层级"":""省（副省）级"",""考试类别"":""中央机关及其省级直属机构综合管理类"",""招考人数"":""1"",""专业"":""计算机系统结构、计算机软件与理论、计算机应用技术、软件工程"",""学历"":""硕士研究生及以上"",""学位"":""与最高学历相对应的学位"",""政治面貌"":""不限"",""基层工作最低年限"":""二年"",""服务基层项目工作经历"":""无限制"",""是否在面试阶段组织专业能力测试"":""是"",""面试人员比例"":""3:1"",""工作地点"":""福建省福州市马尾区"",""落户地点"":""福建省福州市马尾区"",""备注"":""大学英语六级考试425分及以上；本职位所指专业为具体专业名称；考生必须具备与填报学历及专业相应的学位；服从关区二次调配。专业能力测试安排，详见海关总署网站（www.customs.gov.cn）。"",""部门网站"":""http://fuzhou.customs.gov.cn/"",""咨询电话1"":""0591-87081282"",""咨询电话2"":""0591-87081268"",""咨询电话3"":""0591-87081255"",""来源Sheet"":""中央国家行政机关省级以下直属机构""}}"
"government_jobs","国家公务员2025招考简章","公务员/事业单位技术岗位","福建省泉州市","2026-07-28T09:12:58.310295+00:00","监管（电子信息化类）一级行政执法员","厦门海关","","福建省泉州市","公务员/事业单位;2025;computer_software;electronics_communication;仅限本科;学士;软件工程、通信工程、电子科学与技术、计算机科学与技术、电子信息工程;行政执法类","用人司局：泉州海关
职位简介：从事海关一线货物查验，以及智慧海关建设工作。
专业要求：软件工程、通信工程、电子科学与技术、计算机科学与技术、电子信息工程
学历要求：仅限本科
学位要求：学士
政治面貌：不限
基层工作经历：无限制
考试类别：行政执法类
备注：限2025届高校毕业生；大学英语四级考试425分及以上；身体条件须符合《公务员录用体检特殊标准（试行）》；本职位所指专业为具体专业名称；考生必须具备与填报学历及专业相应的学位；服从关区二次调配；专业能力测试安排，详见海关总署网站（www.customs.gov.cn）。","https://www.xjhc.gov.cn/xjhc/c116834/202410/a29382e11a674da3be3353af65f9fcc5.shtml#129120-300110001007","2024-10-14","{""dataset_year"":2025,""job_uid"":""GOV-2025-129120-300110001007"",""publisher"":""国家公务员局"",""publication_page"":""https://www.xjhc.gov.cn/xjhc/c116834/202410/a29382e11a674da3be3353af65f9fcc5.shtml"",""attachment_url"":""https://www.xjhc.gov.cn/xjhc/c116834/202410/a29382e11a674da3be3353af65f9fcc5/files/0536cef86e2b46ddad6aae5a3780089e.xls"",""local_source_file"":""2025_guokao_zhaokaojianzhang.xls"",""local_source_sha256"":""07ae6cab368cd21b7a1ac3e8150fe9a3d39ad5171ce76135ff3cccfe50c3e77e"",""source_sheet"":""中央国家行政机关省级以下直属机构"",""filter_version"":""government_tech_v2"",""tech_filter"":{""is_tech"":true,""is_core_tech"":true,""scope"":""core"",""categories"":[""computer_software"",""electronics_communication""],""matched_fields"":[""major"",""job_title"",""description""],""major_terms"":[""电子信息工程"",""电子科学与技术"",""计算机科学与技术"",""软件工程"",""通信工程""],""role_terms"":[""信息化"",""智慧"",""电子信息""],""reason"":""tech_major_and_role""},""original"":{""部门代码"":""129120"",""部门名称"":""厦门海关"",""用人司局"":""泉州海关"",""机构性质"":""中央国家行政机关省级以下直属机构"",""招考职位"":""监管（电子信息化类）一级行政执法员"",""职位属性"":""普通职位"",""职位分布"":""其他职位"",""职位简介"":""从事海关一线货物查验，以及智慧海关建设工作。"",""职位代码"":""300110001007"",""机构层级"":""市（地）级"",""考试类别"":""行政执法类"",""招考人数"":""2"",""专业"":""软件工程、通信工程、电子科学与技术、计算机科学与技术、电子信息工程"",""学历"":""仅限本科"",""学位"":""学士"",""政治面貌"":""不限"",""基层工作最低年限"":""无限制"",""服务基层项目工作经历"":""无限制"",""是否在面试阶段组织专业能力测试"":""是"",""面试人员比例"":""3:1"",""工作地点"":""福建省泉州市"",""落户地点"":""福建省泉州市"",""备注"":""限2025届高校毕业生；大学英语四级考试425分及以上；身体条件须符合《公务员录用体检特殊标准（试行）》；本职位所指专业为具体专业名称；考生必须具备与填报学历及专业相应的学位；服从关区二次调配；专业能力测试安排，详见海关总署网站（www.customs.gov.cn）。"",""部门网站"":""http://xiamen.customs.gov.cn"",""咨询电话1"":""0592-2355900"",""咨询电话2"":""0592-2355364"",""咨询电话3"":"""",""来源Sheet"":""中央国家行政机关省级以下直属机构""}}"
"government_jobs","国家公务员2025招考简章","公务员/事业单位技术岗位","福建省厦门市","2026-07-28T09:12:58.310295+00:00","监管（统计分析应用类）四级主办及以下","厦门海关","","福建省厦门市","公务员/事业单位;2025;computer_software;本科或硕士研究生;与最高学历相对应的学位;数据科学与大数据技术、大数据管理与应用、统计学、应用统计学、信息与计算科学;行政执法类","用人司局：厦门机场海关
职位简介：从事海关一线货物查验，以及智慧海关建设工作。
专业要求：数据科学与大数据技术、大数据管理与应用、统计学、应用统计学、信息与计算科学
学历要求：本科或硕士研究生
学位要求：与最高学历相对应的学位
政治面貌：不限
基层工作经历：无限制
考试类别：行政执法类
备注：限2025届高校毕业生；本科生大学英语四级考试425分及以上，研究生大学英语六级考试425分及以上；现场一线岗位；需24小时倒班；身体条件须符合《公务员录用体检特殊标准（试行）》；本职位所指专业为具体专业名称；考生必须具备与填报学历及专业相应的学位；服从关区二次调配；专业能力测试安排，详见海关总署网站（www.customs.gov.cn）。","https://www.xjhc.gov.cn/xjhc/c116834/202410/a29382e11a674da3be3353af65f9fcc5.shtml#129120-300110002006","2024-10-14","{""dataset_year"":2025,""job_uid"":""GOV-2025-129120-300110002006"",""publisher"":""国家公务员局"",""publication_page"":""https://www.xjhc.gov.cn/xjhc/c116834/202410/a29382e11a674da3be3353af65f9fcc5.shtml"",""attachment_url"":""https://www.xjhc.gov.cn/xjhc/c116834/202410/a29382e11a674da3be3353af65f9fcc5/files/0536cef86e2b46ddad6aae5a3780089e.xls"",""local_source_file"":""2025_guokao_zhaokaojianzhang.xls"",""local_source_sha256"":""07ae6cab368cd21b7a1ac3e8150fe9a3d39ad5171ce76135ff3cccfe50c3e77e"",""source_sheet"":""中央国家行政机关省级以下直属机构"",""filter_version"":""government_tech_v2"",""tech_filter"":{""is_tech"":true,""is_core_tech"":true,""scope"":""core"",""categories"":[""computer_software""],""matched_fields"":[""major"",""description""],""major_terms"":[""大数据"",""数据科学与大数据技术""],""role_terms"":[""智慧""],""reason"":""tech_major_and_role""},""original"":{""部门代码"":""129120"",""部门名称"":""厦门海关"",""用人司局"":""厦门机场海关"",""机构性质"":""中央国家行政机关省级以下直属机构"",""招考职位"":""监管（统计分析应用类）四级主办及以下"",""职位属性"":""普通职位"",""职位分布"":""其他职位"",""职位简介"":""从事海关一线货物查验，以及智慧海关建设工作。"",""职位代码"":""300110002006"",""机构层级"":""县（区）级及以下"",""考试类别"":""行政执法类"",""招考人数"":""2"",""专业"":""数据科学与大数据技术、大数据管理与应用、统计学、应用统计学、信息与计算科学"",""学历"":""本科或硕士研究生"",""学位"":""与最高学历相对应的学位"",""政治面貌"":""不限"",""基层工作最低年限"":""无限制"",""服务基层项目工作经历"":""无限制"",""是否在面试阶段组织专业能力测试"":""是"",""面试人员比例"":""3:1"",""工作地点"":""福建省厦门市"",""落户地点"":""福建省厦门市"",""备注"":""限2025届高校毕业生；本科生大学英语四级考试425分及以上，研究生大学英语六级考试425分及以上；现场一线岗位；需24小时倒班；身体条件须符合《公务员录用体检特殊标准（试行）》；本职位所指专业为具体专业名称；考生必须具备与填报学历及专业相应的学位；服从关区二次调配；专业能力测试安排，详见海关总署网站（www.customs.gov.cn）。"",""部门网站"":""http://xiamen.customs.gov.cn"",""咨询电话1"":""0592-2355900"",""咨询电话2"":""0592-2355364"",""咨询电话3"":"""",""来源Sheet"":""中央国家行政机关省级以下直属机构""}}"
"government_jobs","国家公务员2025招考简章","公务员/事业单位技术岗位","福建省厦门市","2026-07-28T09:12:58.310295+00:00","监管（统计分析应用类）一级行政执法员","厦门海关","","福建省厦门市","公务员/事业单位;2025;computer_software;仅限本科;学士;数据科学与大数据技术、大数据管理与应用、统计学、应用统计学、信息与计算科学;行政执法类","用人司局：厦门邮局海关
职位简介：从事海关一线货物查验，以及智慧海关建设工作。
专业要求：数据科学与大数据技术、大数据管理与应用、统计学、应用统计学、信息与计算科学
学历要求：仅限本科
学位要求：学士
政治面貌：不限
基层工作经历：无限制
考试类别：行政执法类
备注：限2025届高校毕业生；大学英语四级考试425分及以上；身体条件须符合《公务员录用体检特殊标准（试行）》；本职位所指专业为具体专业名称；考生必须具备与填报学历及专业相应的学位；服从关区二次调配；专业能力测试安排，详见海关总署网站（www.customs.gov.cn）。","https://www.xjhc.gov.cn/xjhc/c116834/202410/a29382e11a674da3be3353af65f9fcc5.shtml#129120-300110003006","2024-10-14","{""dataset_year"":2025,""job_uid"":""GOV-2025-129120-300110003006"",""publisher"":""国家公务员局"",""publication_page"":""https://www.xjhc.gov.cn/xjhc/c116834/202410/a29382e11a674da3be3353af65f9fcc5.shtml"",""attachment_url"":""https://www.xjhc.gov.cn/xjhc/c116834/202410/a29382e11a674da3be3353af65f9fcc5/files/0536cef86e2b46ddad6aae5a3780089e.xls"",""local_source_file"":""2025_guokao_zhaokaojianzhang.xls"",""local_source_sha256"":""07ae6cab368cd21b7a1ac3e8150fe9a3d39ad5171ce76135ff3cccfe50c3e77e"",""source_sheet"":""中央国家行政机关省级以下直属机构"",""filter_version"":""government_tech_v2"",""tech_filter"":{""is_tech"":true,""is_core_tech"":true,""scope"":""core"",""categories"":[""computer_software""],""matched_fields"":[""major"",""description""],""major_terms"":[""大数据"",""数据科学与大数据技术""],""role_terms"":[""智慧""],""reason"":""tech_major_and_role""},""original"":{""部门代码"":""129120"",""部门名称"":""厦门海关"",""用人司局"":""厦门邮局海关"",""机构性质"":""中央国家行政机关省级以下直属机构"",""招考职位"":""监管（统计分析应用类）一级行政执法员"",""职位属性"":""普通职位"",""职位分布"":""其他职位"",""职位简介"":""从事海关一线货物查验，以及智慧海关建设工作。"",""职位代码"":""300110003006"",""机构层级"":""县（区）级及以下"",""考试类别"":""行政执法类"",""招考人数"":""1"",""专业"":""数据科学与大数据技术、大数据管理与应用、统计学、应用统计学、信息与计算科学"",""学历"":""仅限本科"",""学位"":""学士"",""政治面貌"":""不限"",""基层工作最低年限"":""无限制"",""服务基层项目工作经历"":""无限制"",""是否在面试阶段组织专业能力测试"":""是"",""面试人员比例"":""3:1"",""工作地点"":""福建省厦门市"",""落户地点"":""福建省厦门市"",""备注"":""限2025届高校毕业生；大学英语四级考试425分及以上；身体条件须符合《公务员录用体检特殊标准（试行）》；本职位所指专业为具体专业名称；考生必须具备与填报学历及专业相应的学位；服从关区二次调配；专业能力测试安排，详见海关总署网站（www.customs.gov.cn）。"",""部门网站"":""http://xiamen.customs.gov.cn"",""咨询电话1"":""0592-2355900"",""咨询电话2"":""0592-2355364"",""咨询电话3"":"""",""来源Sheet"":""中央国家行政机关省级以下直属机构""}}"
"government_jobs","国家公务员2025招考简章","公务员/事业单位技术岗位","福建省厦门市","2026-07-28T09:12:58.310295+00:00","监管（电子信息化类）一级行政执法员","厦门海关","","福建省厦门市","公务员/事业单位;2025;computer_software;electronics_communication;仅限本科;学士;软件工程、通信工程、电子科学与技术、计算机科学与技术、电子信息工程;行政执法类","用人司局：集同海关
职位简介：从事海关一线货物查验，以及智慧海关建设工作。
专业要求：软件工程、通信工程、电子科学与技术、计算机科学与技术、电子信息工程
学历要求：仅限本科
学位要求：学士
政治面貌：不限
基层工作经历：无限制
考试类别：行政执法类
备注：限2025届高校毕业生；大学英语四级考试425分及以上；身体条件须符合《公务员录用体检特殊标准（试行）》；本职位所指专业为具体专业名称；考生必须具备与填报学历及专业相应的学位；服从关区二次调配；专业能力测试安排，详见海关总署网站（www.customs.gov.cn）。","https://www.xjhc.gov.cn/xjhc/c116834/202410/a29382e11a674da3be3353af65f9fcc5.shtml#129120-300110005011","2024-10-14","{""dataset_year"":2025,""job_uid"":""GOV-2025-129120-300110005011"",""publisher"":""国家公务员局"",""publication_page"":""https://www.xjhc.gov.cn/xjhc/c116834/202410/a29382e11a674da3be3353af65f9fcc5.shtml"",""attachment_url"":""https://www.xjhc.gov.cn/xjhc/c116834/202410/a29382e11a674da3be3353af65f9fcc5/files/0536cef86e2b46ddad6aae5a3780089e.xls"",""local_source_file"":""2025_guokao_zhaokaojianzhang.xls"",""local_source_sha256"":""07ae6cab368cd21b7a1ac3e8150fe9a3d39ad5171ce76135ff3cccfe50c3e77e"",""source_sheet"":""中央国家行政机关省级以下直属机构"",""filter_version"":""government_tech_v2"",""tech_filter"":{""is_tech"":true,""is_core_tech"":true,""scope"":""core"",""categories"":[""computer_software"",""electronics_communication""],""matched_fields"":[""major"",""job_title"",""description""],""major_terms"":[""电子信息工程"",""电子科学与技术"",""计算机科学与技术"",""软件工程"",""通信工程""],""role_terms"":[""信息化"",""智慧"",""电子信息""],""reason"":""tech_major_and_role""},""original"":{""部门代码"":""129120"",""部门名称"":""厦门海关"",""用人司局"":""集同海关"",""机构性质"":""中央国家行政机关省级以下直属机构"",""招考职位"":""监管（电子信息化类）一级行政执法员"",""职位属性"":""普通职位"",""职位分布"":""其他职位"",""职位简介"":""从事海关一线货物查验，以及智慧海关建设工作。"",""职位代码"":""300110005011"",""机构层级"":""县（区）级及以下"",""考试类别"":""行政执法类"",""招考人数"":""2"",""专业"":""软件工程、通信工程、电子科学与技术、计算机科学与技术、电子信息工程"",""学历"":""仅限本科"",""学位"":""学士"",""政治面貌"":""不限"",""基层工作最低年限"":""无限制"",""服务基层项目工作经历"":""无限制"",""是否在面试阶段组织专业能力测试"":""是"",""面试人员比例"":""3:1"",""工作地点"":""福建省厦门市"",""落户地点"":""福建省厦门市"",""备注"":""限2025届高校毕业生；大学英语四级考试425分及以上；身体条件须符合《公务员录用体检特殊标准（试行）》；本职位所指专业为具体专业名称；考生必须具备与填报学历及专业相应的学位；服从关区二次调配；专业能力测试安排，详见海关总署网站（www.customs.gov.cn）。"",""部门网站"":""http://xiamen.customs.gov.cn"",""咨询电话1"":""0592-2355900"",""咨询电话2"":""0592-2355364"",""咨询电话3"":"""",""来源Sheet"":""中央国家行政机关省级以下直属机构""}}"
"government_jobs","国家公务员2025招考简章","公务员/事业单位技术岗位","福建省厦门市","2026-07-28T09:12:58.310295+00:00","监管（统计分析应用类）一级行政执法员","厦门海关","","福建省厦门市","公务员/事业单位;2025;computer_software;仅限本科;学士;数据科学与大数据技术、大数据管理与应用、统计学、应用统计学、信息与计算科学;行政执法类","用人司局：东渡海关
职位简介：从事海关一线货物查验，以及智慧海关建设工作。
专业要求：数据科学与大数据技术、大数据管理与应用、统计学、应用统计学、信息与计算科学
学历要求：仅限本科
学位要求：学士
政治面貌：不限
基层工作经历：无限制
考试类别：行政执法类
备注：限2025届高校毕业生；大学英语四级考试425分及以上；身体条件须符合《公务员录用体检特殊标准（试行）》；本职位所指专业为具体专业名称；考生必须具备与填报学历及专业相应的学位；服从关区二次调配；专业能力测试安排，详见海关总署网站（www.customs.gov.cn）。","https://www.xjhc.gov.cn/xjhc/c116834/202410/a29382e11a674da3be3353af65f9fcc5.shtml#129120-300110006011","2024-10-14","{""dataset_year"":2025,""job_uid"":""GOV-2025-129120-300110006011"",""publisher"":""国家公务员局"",""publication_page"":""https://www.xjhc.gov.cn/xjhc/c116834/202410/a29382e11a674da3be3353af65f9fcc5.shtml"",""attachment_url"":""https://www.xjhc.gov.cn/xjhc/c116834/202410/a29382e11a674da3be3353af65f9fcc5/files/0536cef86e2b46ddad6aae5a3780089e.xls"",""local_source_file"":""2025_guokao_zhaokaojianzhang.xls"",""local_source_sha256"":""07ae6cab368cd21b7a1ac3e8150fe9a3d39ad5171ce76135ff3cccfe50c3e77e"",""source_sheet"":""中央国家行政机关省级以下直属机构"",""filter_version"":""government_tech_v2"",""tech_filter"":{""is_tech"":true,""is_core_tech"":true,""scope"":""core"",""categories"":[""computer_software""],""matched_fields"":[""major"",""description""],""major_terms"":[""大数据"",""数据科学与大数据技术""],""role_terms"":[""智慧""],""reason"":""tech_major_and_role""},""original"":{""部门代码"":""129120"",""部门名称"":""厦门海关"",""用人司局"":""东渡海关"",""机构性质"":""中央国家行政机关省级以下直属机构"",""招考职位"":""监管（统计分析应用类）一级行政执法员"",""职位属性"":""普通职位"",""职位分布"":""其他职位"",""职位简介"":""从事海关一线货物查验，以及智慧海关建设工作。"",""职位代码"":""300110006011"",""机构层级"":""县（区）级及以下"",""考试类别"":""行政执法类"",""招考人数"":""2"",""专业"":""数据科学与大数据技术、大数据管理与应用、统计学、应用统计学、信息与计算科学"",""学历"":""仅限本科"",""学位"":""学士"",""政治面貌"":""不限"",""基层工作最低年限"":""无限制"",""服务基层项目工作经历"":""无限制"",""是否在面试阶段组织专业能力测试"":""是"",""面试人员比例"":""3:1"",""工作地点"":""福建省厦门市"",""落户地点"":""福建省厦门市"",""备注"":""限2025届高校毕业生；大学英语四级考试425分及以上；身体条件须符合《公务员录用体检特殊标准（试行）》；本职位所指专业为具体专业名称；考生必须具备与填报学历及专业相应的学位；服从关区二次调配；专业能力测试安排，详见海关总署网站（www.customs.gov.cn）。"",""部门网站"":""http://xiamen.customs.gov.cn"",""咨询电话1"":""0592-2355900"",""咨询电话2"":""0592-2355364"",""咨询电话3"":"""",""来源Sheet"":""中央国家行政机关省级以下直属机构""}}"
"government_jobs","国家公务员2025招考简章","公务员/事业单位技术岗位","福建省厦门市","2026-07-28T09:12:58.310295+00:00","风险防控（统计分析应用类）四级主管及以下","厦门海关","","福建省厦门市","公务员/事业单位;2025;computer_software;本科或硕士研究生;与最高学历相对应的学位;数据科学与大数据技术、大数据管理与应用、统计学、应用统计学、信息与计算科学、概率论与数理统计、计算数学、应用数学;中央机关及其省级直属机构综合管理类","用人司局：厦门海关风险防控分局
职位简介：从事海关风险防控工作，以及智慧海关建设工作。
专业要求：数据科学与大数据技术、大数据管理与应用、统计学、应用统计学、信息与计算科学、概率论与数理统计、计算数学、应用数学
学历要求：本科或硕士研究生
学位要求：与最高学历相对应的学位
政治面貌：不限
基层工作经历：二年
考试类别：中央机关及其省级直属机构综合管理类
备注：本科生大学英语四级考试425分及以上，研究生大学英语六级考试425分及以上；本职位所指专业为具体专业名称；考生必须具备与填报学历及专业相应的学位；专业能力测试安排，详见海关总署网站（www.customs.gov.cn）。","https://www.xjhc.gov.cn/xjhc/c116834/202410/a29382e11a674da3be3353af65f9fcc5.shtml#129120-300110012001","2024-10-14","{""dataset_year"":2025,""job_uid"":""GOV-2025-129120-300110012001"",""publisher"":""国家公务员局"",""publication_page"":""https://www.xjhc.gov.cn/xjhc/c116834/202410/a29382e11a674da3be3353af65f9fcc5.shtml"",""attachment_url"":""https://www.xjhc.gov.cn/xjhc/c116834/202410/a29382e11a674da3be3353af65f9fcc5/files/0536cef86e2b46ddad6aae5a3780089e.xls"",""local_source_file"":""2025_guokao_zhaokaojianzhang.xls"",""local_source_sha256"":""07ae6cab368cd21b7a1ac3e8150fe9a3d39ad5171ce76135ff3cccfe50c3e77e"",""source_sheet"":""中央国家行政机关省级以下直属机构"",""filter_version"":""government_tech_v2"",""tech_filter"":{""is_tech"":true,""is_core_tech"":true,""scope"":""core"",""categories"":[""computer_software""],""matched_fields"":[""major"",""description""],""major_terms"":[""大数据"",""数据科学与大数据技术""],""role_terms"":[""智慧""],""reason"":""tech_major_and_role""},""original"":{""部门代码"":""129120"",""部门名称"":""厦门海关"",""用人司局"":""厦门海关风险防控分局"",""机构性质"":""中央国家行政机关省级以下直属机构"",""招考职位"":""风险防控（统计分析应用类）四级主管及以下"",""职位属性"":""普通职位"",""职位分布"":""其他职位"",""职位简介"":""从事海关风险防控工作，以及智慧海关建设工作。"",""职位代码"":""300110012001"",""机构层级"":""省（副省）级"",""考试类别"":""中央机关及其省级直属机构综合管理类"",""招考人数"":""2"",""专业"":""数据科学与大数据技术、大数据管理与应用、统计学、应用统计学、信息与计算科学、概率论与数理统计、计算数学、应用数学"",""学历"":""本科或硕士研究生"",""学位"":""与最高学历相对应的学位"",""政治面貌"":""不限"",""基层工作最低年限"":""二年"",""服务基层项目工作经历"":""无限制"",""是否在面试阶段组织专业能力测试"":""是"",""面试人员比例"":""3:1"",""工作地点"":""福建省厦门市"",""落户地点"":""福建省厦门市"",""备注"":""本科生大学英语四级考试425分及以上，研究生大学英语六级考试425分及以上；本职位所指专业为具体专业名称；考生必须具备与填报学历及专业相应的学位；专业能力测试安排，详见海关总署网站（www.customs.gov.cn）。"",""部门网站"":""http://xiamen.customs.gov.cn"",""咨询电话1"":""0592-2355900"",""咨询电话2"":""0592-2355364"",""咨询电话3"":"""",""来源Sheet"":""中央国家行政机关省级以下直属机构""}}"
"government_jobs","国家公务员2025招考简章","公务员/事业单位技术岗位","江西省","2026-07-28T09:12:58.310295+00:00","科技管理（电子信息化类）四级主管及以下","南昌海关","","江西省","公务员/事业单位;2025;computer_software;cybersecurity_cryptography;electronics_communication;本科或硕士研究生;与最高学历相对应的学位;计算机科学与技术、软件工程、网络工程、信息安全、物联网工程、智能科学与技术、数据科学与大数据技术、网络空间安全、计算机系统结构、计算机软件与理论、计算机应用技术、计算机技术、大数据技术与工程、网络与信息安全;中央机关及其省级直属机构综合管理类","用人司局：南昌海关
职位简介：从事海关国门安全信息技术、智慧海关建设工作。
专业要求：计算机科学与技术、软件工程、网络工程、信息安全、物联网工程、智能科学与技术、数据科学与大数据技术、网络空间安全、计算机系统结构、计算机软件与理论、计算机应用技术、计算机技术、大数据技术与工程、网络与信息安全
学历要求：本科或硕士研究生
学位要求：与最高学历相对应的学位
政治面貌：不限
基层工作经历：二年
考试类别：中央机关及其省级直属机构综合管理类
备注：本科生大学英语四级考试425分及以上，研究生大学英语六级考试425分及以上；本职位所指专业为具体专业名称；考生必须具备与填报学历及专业相应的学位；专业能力测试安排，详见海关总署网站（www.customs.gov.cn）；服从关区二次调配。","https://www.xjhc.gov.cn/xjhc/c116834/202410/a29382e11a674da3be3353af65f9fcc5.shtml#129121-300110001001","2024-10-14","{""dataset_year"":2025,""job_uid"":""GOV-2025-129121-300110001001"",""publisher"":""国家公务员局"",""publication_page"":""https://www.xjhc.gov.cn/xjhc/c116834/202410/a29382e11a674da3be3353af65f9fcc5.shtml"",""attachment_url"":""https://www.xjhc.gov.cn/xjhc/c116834/202410/a29382e11a674da3be3353af65f9fcc5/files/0536cef86e2b46ddad6aae5a3780089e.xls"",""local_source_file"":""2025_guokao_zhaokaojianzhang.xls"",""local_source_sha256"":""07ae6cab368cd21b7a1ac3e8150fe9a3d39ad5171ce76135ff3cccfe50c3e77e"",""source_sheet"":""中央国家行政机关省级以下直属机构"",""filter_version"":""government_tech_v2"",""tech_filter"":{""is_tech"":true,""is_core_tech"":true,""scope"":""core"",""categories"":[""computer_software"",""cybersecurity_cryptography"",""electronics_communication""],""matched_fields"":[""major"",""job_title"",""description""],""major_terms"":[""信息安全"",""大数据"",""数据科学与大数据技术"",""智能科学与技术"",""物联网工程"",""网络工程"",""网络空间安全"",""计算机"",""计算机技术"",""计算机科学与技术"",""软件工程""],""role_terms"":[""信息化"",""信息技术"",""智慧"",""电子信息""],""reason"":""tech_major_and_role""},""original"":{""部门代码"":""129121"",""部门名称"":""南昌海关"",""用人司局"":""南昌海关"",""机构性质"":""中央国家行政机关省级以下直属机构"",""招考职位"":""科技管理（电子信息化类）四级主管及以下"",""职位属性"":""普通职位"",""职位分布"":""其他职位"",""职位简介"":""从事海关国门安全信息技术、智慧海关建设工作。"",""职位代码"":""300110001001"",""机构层级"":""省（副省）级"",""考试类别"":""中央机关及其省级直属机构综合管理类"",""招考人数"":""1"",""专业"":""计算机科学与技术、软件工程、网络工程、信息安全、物联网工程、智能科学与技术、数据科学与大数据技术、网络空间安全、计算机系统结构、计算机软件与理论、计算机应用技术、计算机技术、大数据技术与工程、网络与信息安全"",""学历"":""本科或硕士研究生"",""学位"":""与最高学历相对应的学位"",""政治面貌"":""不限"",""基层工作最低年限"":""二年"",""服务基层项目工作经历"":""无限制"",""是否在面试阶段组织专业能力测试"":""是"",""面试人员比例"":""3:1"",""工作地点"":""江西省"",""落户地点"":""江西省"",""备注"":""本科生大学英语四级考试425分及以上，研究生大学英语六级考试425分及以上；本职位所指专业为具体专业名称；考生必须具备与填报学历及专业相应的学位；专业能力测试安排，详见海关总署网站（www.customs.gov.cn）；服从关区二次调配。"",""部门网站"":""http://nanchang.customs.gov.cn"",""咨询电话1"":""0791-86307224"",""咨询电话2"":""0791-86307573"",""咨询电话3"":""0791-86307074"",""来源Sheet"":""中央国家行政机关省级以下直属机构""}}"
"government_jobs","国家公务员2025招考简章","公务员/事业单位技术岗位","山东省青岛市","2026-07-28T09:12:58.310295+00:00","风险防控（电子信息化类）四级主管及以下","青岛海关","","山东省青岛市","公务员/事业单位;2025;computer_software;electronics_communication;本科或硕士研究生;与最高学历相对应的学位;计算机科学与技术、智能科学与技术、计算机应用技术、软件工程、大数据技术与工程、人工智能、计算机应用工程、大数据工程技术、人工智能工程技术、数据科学与大数据技术;中央机关及其省级直属机构综合管理类","用人司局：海关总署风险防控局（青岛）
职位简介：从事海关风险防控、智慧海关建设工作。
专业要求：计算机科学与技术、智能科学与技术、计算机应用技术、软件工程、大数据技术与工程、人工智能、计算机应用工程、大数据工程技术、人工智能工程技术、数据科学与大数据技术
学历要求：本科或硕士研究生
学位要求：与最高学历相对应的学位
政治面貌：不限
基层工作经历：二年
考试类别：中央机关及其省级直属机构综合管理类
备注：本科生大学英语四级考试425分及以上，研究生大学英语六级考试425分及以上；本职位所指专业为具体专业名称；考生必须具备与填报学历及专业相应的学位；专业能力测试安排，详见海关总署网站（www.customs.gov.cn）。","https://www.xjhc.gov.cn/xjhc/c116834/202410/a29382e11a674da3be3353af65f9fcc5.shtml#129122-300110002001","2024-10-14","{""dataset_year"":2025,""job_uid"":""GOV-2025-129122-300110002001"",""publisher"":""国家公务员局"",""publication_page"":""https://www.xjhc.gov.cn/xjhc/c116834/202410/a29382e11a674da3be3353af65f9fcc5.shtml"",""attachment_url"":""https://www.xjhc.gov.cn/xjhc/c116834/202410/a29382e11a674da3be3353af65f9fcc5/files/0536cef86e2b46ddad6aae5a3780089e.xls"",""local_source_file"":""2025_guokao_zhaokaojianzhang.xls"",""local_source_sha256"":""07ae6cab368cd21b7a1ac3e8150fe9a3d39ad5171ce76135ff3cccfe50c3e77e"",""source_sheet"":""中央国家行政机关省级以下直属机构"",""filter_version"":""government_tech_v2"",""tech_filter"":{""is_tech"":true,""is_core_tech"":true,""scope"":""core"",""categories"":[""computer_software"",""electronics_communication""],""matched_fields"":[""major"",""job_title"",""description""],""major_terms"":[""人工智能"",""大数据"",""数据科学与大数据技术"",""智能科学与技术"",""计算机"",""计算机科学与技术"",""软件工程""],""role_terms"":[""信息化"",""智慧"",""电子信息""],""reason"":""tech_major_and_role""},""original"":{""部门代码"":""129122"",""部门名称"":""青岛海关"",""用人司局"":""海关总署风险防控局（青岛）"",""机构性质"":""中央国家行政机关省级以下直属机构"",""招考职位"":""风险防控（电子信息化类）四级主管及以下"",""职位属性"":""普通职位"",""职位分布"":""其他职位"",""职位简介"":""从事海关风险防控、智慧海关建设工作。"",""职位代码"":""300110002001"",""机构层级"":""省（副省）级"",""考试类别"":""中央机关及其省级直属机构综合管理类"",""招考人数"":""2"",""专业"":""计算机科学与技术、智能科学与技术、计算机应用技术、软件工程、大数据技术与工程、人工智能、计算机应用工程、大数据工程技术、人工智能工程技术、数据科学与大数据技术"",""学历"":""本科或硕士研究生"",""学位"":""与最高学历相对应的学位"",""政治面貌"":""不限"",""基层工作最低年限"":""二年"",""服务基层项目工作经历"":""无限制"",""是否在面试阶段组织专业能力测试"":""是"",""面试人员比例"":""3:1"",""工作地点"":""山东省青岛市"",""落户地点"":""山东省青岛市"",""备注"":""本科生大学英语四级考试425分及以上，研究生大学英语六级考试425分及以上；本职位所指专业为具体专业名称；考生必须具备与填报学历及专业相应的学位；专业能力测试安排，详见海关总署网站（www.customs.gov.cn）。"",""部门网站"":""http://qingdao.customs.gov.cn"",""咨询电话1"":""0532-80886591"",""咨询电话2"":""0532-80886592"",""咨询电话3"":"""",""来源Sheet"":""中央国家行政机关省级以下直属机构""}}"
"government_jobs","国家公务员2025招考简章","公务员/事业单位技术岗位","河南省","2026-07-28T09:12:58.310295+00:00","科技处（电子信息化类）四级主管","郑州海关","","河南省","公务员/事业单位;2025;computer_software;electronics_communication;仅限硕士研究生;硕士;计算机系统结构、计算机软件与理论、计算机应用技术、计算机科学与技术、计算机技术;中央机关及其省级直属机构综合管理类","用人司局：郑州海关
职位简介：从事海关国门安全信息技术、智慧海关建设工作。
专业要求：计算机系统结构、计算机软件与理论、计算机应用技术、计算机科学与技术、计算机技术
学历要求：仅限硕士研究生
学位要求：硕士
政治面貌：不限
基层工作经历：二年
考试类别：中央机关及其省级直属机构综合管理类
备注：本职位要求考生具有二年以上基层工作经历，报名时须详细填写学习经历、工作单位以及具体岗位，基层工作经历限定从事专业相关工作岗位；大学英语六级考试425分及以上；本职位所指专业为具体专业名称；考生必须具备与填报学历及专业相应的学位；报名时请写明各阶段专业准确名称；服从关区二次调配；专业能力测试安排，详见海关总署网站（www.customs.gov.cn）。","https://www.xjhc.gov.cn/xjhc/c116834/202410/a29382e11a674da3be3353af65f9fcc5.shtml#129124-300110002002","2024-10-14","{""dataset_year"":2025,""job_uid"":""GOV-2025-129124-300110002002"",""publisher"":""国家公务员局"",""publication_page"":""https://www.xjhc.gov.cn/xjhc/c116834/202410/a29382e11a674da3be3353af65f9fcc5.shtml"",""attachment_url"":""https://www.xjhc.gov.cn/xjhc/c116834/202410/a29382e11a674da3be3353af65f9fcc5/files/0536cef86e2b46ddad6aae5a3780089e.xls"",""local_source_file"":""2025_guokao_zhaokaojianzhang.xls"",""local_source_sha256"":""07ae6cab368cd21b7a1ac3e8150fe9a3d39ad5171ce76135ff3cccfe50c3e77e"",""source_sheet"":""中央国家行政机关省级以下直属机构"",""filter_version"":""government_tech_v2"",""tech_filter"":{""is_tech"":true,""is_core_tech"":true,""scope"":""core"",""categories"":[""computer_software"",""electronics_communication""],""matched_fields"":[""major"",""job_title"",""description""],""major_terms"":[""计算机"",""计算机技术"",""计算机科学与技术""],""role_terms"":[""信息化"",""信息技术"",""智慧"",""电子信息""],""reason"":""tech_major_and_role""},""original"":{""部门代码"":""129124"",""部门名称"":""郑州海关"",""用人司局"":""郑州海关"",""机构性质"":""中央国家行政机关省级以下直属机构"",""招考职位"":""科技处（电子信息化类）四级主管"",""职位属性"":""普通职位"",""职位分布"":""其他职位"",""职位简介"":""从事海关国门安全信息技术、智慧海关建设工作。"",""职位代码"":""300110002002"",""机构层级"":""省（副省）级"",""考试类别"":""中央机关及其省级直属机构综合管理类"",""招考人数"":""2"",""专业"":""计算机系统结构、计算机软件与理论、计算机应用技术、计算机科学与技术、计算机技术"",""学历"":""仅限硕士研究生"",""学位"":""硕士"",""政治面貌"":""不限"",""基层工作最低年限"":""二年"",""服务基层项目工作经历"":""无限制"",""是否在面试阶段组织专业能力测试"":""是"",""面试人员比例"":""3:1"",""工作地点"":""河南省"",""落户地点"":""河南省"",""备注"":""本职位要求考生具有二年以上基层工作经历，报名时须详细填写学习经历、工作单位以及具体岗位，基层工作经历限定从事专业相关工作岗位；大学英语六级考试425分及以上；本职位所指专业为具体专业名称；考生必须具备与填报学历及专业相应的学位；报名时请写明各阶段专业准确名称；服从关区二次调配；专业能力测试安排，详见海关总署网站（www.customs.gov.cn）。"",""部门网站"":""http://zhengzhou.customs.gov.cn"",""咨询电话1"":""0371-65599152"",""咨询电话2"":""0371-65599166"",""咨询电话3"":""0371-65599167"",""来源Sheet"":""中央国家行政机关省级以下直属机构""}}"
"government_jobs","国家公务员2025招考简章","公务员/事业单位技术岗位","湖北省武汉市","2026-07-28T09:12:58.310295+00:00","科技管理（电子信息化类）四级主管及以下","武汉海关","","湖北省武汉市","公务员/事业单位;2025;computer_software;cybersecurity_cryptography;electronics_communication;本科或硕士研究生;与最高学历相对应的学位;本科：信息安全、计算机科学与技术、软件工程、网络工程；研究生：计算机科学与技术类、电子信息类（专业类）;中央机关及其省级直属机构综合管理类","用人司局：武汉海关
职位简介：从事海关国门安全信息技术、智慧海关建设工作。
专业要求：本科：信息安全、计算机科学与技术、软件工程、网络工程；研究生：计算机科学与技术类、电子信息类（专业类）
学历要求：本科或硕士研究生
学位要求：与最高学历相对应的学位
政治面貌：不限
基层工作经历：二年
考试类别：中央机关及其省级直属机构综合管理类
备注：本科生大学英语四级考试425分及以上，研究生大学英语六级考试425分及以上；以研究生学历报考者，研究生和本科所学专业需同时符合职位专业要求；考生必须具备与填报学历及专业相应的学位；服从关区二次调配；专业能力测试安排，详见海关总署网站（www.customs.gov.cn）。","https://www.xjhc.gov.cn/xjhc/c116834/202410/a29382e11a674da3be3353af65f9fcc5.shtml#129125-300110001001","2024-10-14","{""dataset_year"":2025,""job_uid"":""GOV-2025-129125-300110001001"",""publisher"":""国家公务员局"",""publication_page"":""https://www.xjhc.gov.cn/xjhc/c116834/202410/a29382e11a674da3be3353af65f9fcc5.shtml"",""attachment_url"":""https://www.xjhc.gov.cn/xjhc/c116834/202410/a29382e11a674da3be3353af65f9fcc5/files/0536cef86e2b46ddad6aae5a3780089e.xls"",""local_source_file"":""2025_guokao_zhaokaojianzhang.xls"",""local_source_sha256"":""07ae6cab368cd21b7a1ac3e8150fe9a3d39ad5171ce76135ff3cccfe50c3e77e"",""source_sheet"":""中央国家行政机关省级以下直属机构"",""filter_version"":""government_tech_v2"",""tech_filter"":{""is_tech"":true,""is_core_tech"":true,""scope"":""core"",""categories"":[""computer_software"",""cybersecurity_cryptography"",""electronics_communication""],""matched_fields"":[""major"",""job_title"",""description""],""major_terms"":[""信息安全"",""电子信息类"",""网络工程"",""计算机科学与技术"",""软件工程""],""role_terms"":[""信息化"",""信息技术"",""智慧"",""电子信息""],""reason"":""tech_major_and_role""},""original"":{""部门代码"":""129125"",""部门名称"":""武汉海关"",""用人司局"":""武汉海关"",""机构性质"":""中央国家行政机关省级以下直属机构"",""招考职位"":""科技管理（电子信息化类）四级主管及以下"",""职位属性"":""普通职位"",""职位分布"":""其他职位"",""职位简介"":""从事海关国门安全信息技术、智慧海关建设工作。"",""职位代码"":""300110001001"",""机构层级"":""省（副省）级"",""考试类别"":""中央机关及其省级直属机构综合管理类"",""招考人数"":""1"",""专业"":""本科：信息安全、计算机科学与技术、软件工程、网络工程；研究生：计算机科学与技术类、电子信息类（专业类）"",""学历"":""本科或硕士研究生"",""学位"":""与最高学历相对应的学位"",""政治面貌"":""不限"",""基层工作最低年限"":""二年"",""服务基层项目工作经历"":""无限制"",""是否在面试阶段组织专业能力测试"":""是"",""面试人员比例"":""3:1"",""工作地点"":""湖北省武汉市"",""落户地点"":""湖北省武汉市"",""备注"":""本科生大学英语四级考试425分及以上，研究生大学英语六级考试425分及以上；以研究生学历报考者，研究生和本科所学专业需同时符合职位专业要求；考生必须具备与填报学历及专业相应的学位；服从关区二次调配；专业能力测试安排，详见海关总署网站（www.customs.gov.cn）。"",""部门网站"":""http://wuhan.customs.gov.cn"",""咨询电话1"":""027-82768307"",""咨询电话2"":""027-82768575"",""咨询电话3"":"""",""来源Sheet"":""中央国家行政机关省级以下直属机构""}}"
"government_jobs","国家公务员2025招考简章","公务员/事业单位技术岗位","湖北省荆门市","2026-07-28T09:12:58.310295+00:00","科技管理（电子信息化类）四级主办及以下","武汉海关","","湖北省荆门市","公务员/事业单位;2025;computer_software;cybersecurity_cryptography;electronics_communication;本科或硕士研究生;与最高学历相对应的学位;本科：信息安全、计算机科学与技术、软件工程、网络工程；研究生：计算机科学与技术类、电子信息类（专业类）;行政执法类","用人司局：荆门海关
职位简介：从事海关一线监管及智慧海关建设工作。
专业要求：本科：信息安全、计算机科学与技术、软件工程、网络工程；研究生：计算机科学与技术类、电子信息类（专业类）
学历要求：本科或硕士研究生
学位要求：与最高学历相对应的学位
政治面貌：不限
基层工作经历：无限制
考试类别：行政执法类
备注：限2025届高校毕业生；本科生大学英语四级考试425分及以上，研究生大学英语六级考试425分及以上；以研究生学历报考者，研究生和本科所学专业需同时符合职位专业要求；考生必须具备与填报学历及专业相应的学位；服从关区二次调配；专业能力测试安排，详见海关总署网站（www.customs.gov.cn）。","https://www.xjhc.gov.cn/xjhc/c116834/202410/a29382e11a674da3be3353af65f9fcc5.shtml#129125-300110008002","2024-10-14","{""dataset_year"":2025,""job_uid"":""GOV-2025-129125-300110008002"",""publisher"":""国家公务员局"",""publication_page"":""https://www.xjhc.gov.cn/xjhc/c116834/202410/a29382e11a674da3be3353af65f9fcc5.shtml"",""attachment_url"":""https://www.xjhc.gov.cn/xjhc/c116834/202410/a29382e11a674da3be3353af65f9fcc5/files/0536cef86e2b46ddad6aae5a3780089e.xls"",""local_source_file"":""2025_guokao_zhaokaojianzhang.xls"",""local_source_sha256"":""07ae6cab368cd21b7a1ac3e8150fe9a3d39ad5171ce76135ff3cccfe50c3e77e"",""source_sheet"":""中央国家行政机关省级以下直属机构"",""filter_version"":""government_tech_v2"",""tech_filter"":{""is_tech"":true,""is_core_tech"":true,""scope"":""core"",""categories"":[""computer_software"",""cybersecurity_cryptography"",""electronics_communication""],""matched_fields"":[""major"",""job_title"",""description""],""major_terms"":[""信息安全"",""电子信息类"",""网络工程"",""计算机科学与技术"",""软件工程""],""role_terms"":[""信息化"",""智慧"",""电子信息""],""reason"":""tech_major_and_role""},""original"":{""部门代码"":""129125"",""部门名称"":""武汉海关"",""用人司局"":""荆门海关"",""机构性质"":""中央国家行政机关省级以下直属机构"",""招考职位"":""科技管理（电子信息化类）四级主办及以下"",""职位属性"":""普通职位"",""职位分布"":""其他职位"",""职位简介"":""从事海关一线监管及智慧海关建设工作。"",""职位代码"":""300110008002"",""机构层级"":""县（区）级及以下"",""考试类别"":""行政执法类"",""招考人数"":""1"",""专业"":""本科：信息安全、计算机科学与技术、软件工程、网络工程；研究生：计算机科学与技术类、电子信息类（专业类）"",""学历"":""本科或硕士研究生"",""学位"":""与最高学历相对应的学位"",""政治面貌"":""不限"",""基层工作最低年限"":""无限制"",""服务基层项目工作经历"":""无限制"",""是否在面试阶段组织专业能力测试"":""是"",""面试人员比例"":""3:1"",""工作地点"":""湖北省荆门市"",""落户地点"":""湖北省荆门市"",""备注"":""限2025届高校毕业生；本科生大学英语四级考试425分及以上，研究生大学英语六级考试425分及以上；以研究生学历报考者，研究生和本科所学专业需同时符合职位专业要求；考生必须具备与填报学历及专业相应的学位；服从关区二次调配；专业能力测试安排，详见海关总署网站（www.customs.gov.cn）。"",""部门网站"":""http://wuhan.customs.gov.cn"",""咨询电话1"":""027-82768307"",""咨询电话2"":""027-82768575"",""咨询电话3"":"""",""来源Sheet"":""中央国家行政机关省级以下直属机构""}}"
"government_jobs","国家公务员2025招考简章","公务员/事业单位技术岗位","广东省广州市","2026-07-28T09:12:58.310295+00:00","关税管理（电子信息化类）二级主管及以下","广州海关","","广东省广州市","公务员/事业单位;2025;computer_software;data_ai;electronics_communication;本科及以上;与最高学历相对应的学位;本科：人工智能、智能科学与技术、计算机科学与技术、软件工程、物联网工程；研究生：计算机科学与技术类、软件工程类、计算机技术、人工智能;中央机关及其省级直属机构综合管理类","用人司局：海关总署税收征管局（广州）
职位简介：从事海关税收风险防控、数据分析工作。
专业要求：本科：人工智能、智能科学与技术、计算机科学与技术、软件工程、物联网工程；研究生：计算机科学与技术类、软件工程类、计算机技术、人工智能
学历要求：本科及以上
学位要求：与最高学历相对应的学位
政治面貌：不限
基层工作经历：二年
考试类别：中央机关及其省级直属机构综合管理类
备注：本科生大学英语四级考试425分及以上，研究生大学英语六级考试425分及以上；本职位所指类为专业类，本职位所指专业为具体专业名称；考生必须具备与填报学历及专业相应的学位；服从关区二次调配；专业能力测试安排，详见海关总署网站（www.customs.gov.cn）。","https://www.xjhc.gov.cn/xjhc/c116834/202410/a29382e11a674da3be3353af65f9fcc5.shtml#129127-300110004001","2024-10-14","{""dataset_year"":2025,""job_uid"":""GOV-2025-129127-300110004001"",""publisher"":""国家公务员局"",""publication_page"":""https://www.xjhc.gov.cn/xjhc/c116834/202410/a29382e11a674da3be3353af65f9fcc5.shtml"",""attachment_url"":""https://www.xjhc.gov.cn/xjhc/c116834/202410/a29382e11a674da3be3353af65f9fcc5/files/0536cef86e2b46ddad6aae5a3780089e.xls"",""local_source_file"":""2025_guokao_zhaokaojianzhang.xls"",""local_source_sha256"":""07ae6cab368cd21b7a1ac3e8150fe9a3d39ad5171ce76135ff3cccfe50c3e77e"",""source_sheet"":""中央国家行政机关省级以下直属机构"",""filter_version"":""government_tech_v2"",""tech_filter"":{""is_tech"":true,""is_core_tech"":true,""scope"":""core"",""categories"":[""computer_software"",""data_ai"",""electronics_communication""],""matched_fields"":[""major"",""job_title"",""description""],""major_terms"":[""人工智能"",""智能科学与技术"",""物联网工程"",""计算机技术"",""计算机科学与技术"",""软件工程""],""role_terms"":[""信息化"",""数据分析"",""电子信息""],""reason"":""tech_major_and_role""},""original"":{""部门代码"":""129127"",""部门名称"":""广州海关"",""用人司局"":""海关总署税收征管局（广州）"",""机构性质"":""中央国家行政机关省级以下直属机构"",""招考职位"":""关税管理（电子信息化类）二级主管及以下"",""职位属性"":""普通职位"",""职位分布"":""其他职位"",""职位简介"":""从事海关税收风险防控、数据分析工作。"",""职位代码"":""300110004001"",""机构层级"":""省（副省）级"",""考试类别"":""中央机关及其省级直属机构综合管理类"",""招考人数"":""2"",""专业"":""本科：人工智能、智能科学与技术、计算机科学与技术、软件工程、物联网工程；研究生：计算机科学与技术类、软件工程类、计算机技术、人工智能"",""学历"":""本科及以上"",""学位"":""与最高学历相对应的学位"",""政治面貌"":""不限"",""基层工作最低年限"":""二年"",""服务基层项目工作经历"":""无限制"",""是否在面试阶段组织专业能力测试"":""是"",""面试人员比例"":""3:1"",""工作地点"":""广东省广州市"",""落户地点"":""广东省广州市"",""备注"":""本科生大学英语四级考试425分及以上，研究生大学英语六级考试425分及以上；本职位所指类为专业类，本职位所指专业为具体专业名称；考生必须具备与填报学历及专业相应的学位；服从关区二次调配；专业能力测试安排，详见海关总署网站（www.customs.gov.cn）。"",""部门网站"":""http://guangzhou.customs.gov.cn"",""咨询电话1"":""020-81103636"",""咨询电话2"":""020-81101441"",""咨询电话3"":"""",""来源Sheet"":""中央国家行政机关省级以下直属机构""}}"
"government_jobs","国家公务员2025招考简章","公务员/事业单位技术岗位","广东省广州市","2026-07-28T09:12:58.310295+00:00","关税管理（统计分析应用类）二级主管及以下","广州海关","","广东省广州市","公务员/事业单位;2025;computer_software;data_ai;本科及以上;与最高学历相对应的学位;本科：大数据管理与应用、数据科学与大数据技术、数学类、金融工程；研究生：大数据技术与工程、数学类;中央机关及其省级直属机构综合管理类","用人司局：海关总署税收征管局（广州）
职位简介：从事海关税收风险防控、数据分析工作。
专业要求：本科：大数据管理与应用、数据科学与大数据技术、数学类、金融工程；研究生：大数据技术与工程、数学类
学历要求：本科及以上
学位要求：与最高学历相对应的学位
政治面貌：不限
基层工作经历：二年
考试类别：中央机关及其省级直属机构综合管理类
备注：本科生大学英语四级考试425分及以上，研究生大学英语六级考试425分及以上；本职位所指类为专业类，本职位所指专业为具体专业名称；考生必须具备与填报学历及专业相应的学位；服从关区二次调配；专业能力测试安排，详见海关总署网站（www.customs.gov.cn）。","https://www.xjhc.gov.cn/xjhc/c116834/202410/a29382e11a674da3be3353af65f9fcc5.shtml#129127-300110004003","2024-10-14","{""dataset_year"":2025,""job_uid"":""GOV-2025-129127-300110004003"",""publisher"":""国家公务员局"",""publication_page"":""https://www.xjhc.gov.cn/xjhc/c116834/202410/a29382e11a674da3be3353af65f9fcc5.shtml"",""attachment_url"":""https://www.xjhc.gov.cn/xjhc/c116834/202410/a29382e11a674da3be3353af65f9fcc5/files/0536cef86e2b46ddad6aae5a3780089e.xls"",""local_source_file"":""2025_guokao_zhaokaojianzhang.xls"",""local_source_sha256"":""07ae6cab368cd21b7a1ac3e8150fe9a3d39ad5171ce76135ff3cccfe50c3e77e"",""source_sheet"":""中央国家行政机关省级以下直属机构"",""filter_version"":""government_tech_v2"",""tech_filter"":{""is_tech"":true,""is_core_tech"":true,""scope"":""core"",""categories"":[""computer_software"",""data_ai""],""matched_fields"":[""major"",""description""],""major_terms"":[""大数据"",""数据科学与大数据技术""],""role_terms"":[""数据分析""],""reason"":""tech_major_and_role""},""original"":{""部门代码"":""129127"",""部门名称"":""广州海关"",""用人司局"":""海关总署税收征管局（广州）"",""机构性质"":""中央国家行政机关省级以下直属机构"",""招考职位"":""关税管理（统计分析应用类）二级主管及以下"",""职位属性"":""普通职位"",""职位分布"":""其他职位"",""职位简介"":""从事海关税收风险防控、数据分析工作。"",""职位代码"":""300110004003"",""机构层级"":""省（副省）级"",""考试类别"":""中央机关及其省级直属机构综合管理类"",""招考人数"":""2"",""专业"":""本科：大数据管理与应用、数据科学与大数据技术、数学类、金融工程；研究生：大数据技术与工程、数学类"",""学历"":""本科及以上"",""学位"":""与最高学历相对应的学位"",""政治面貌"":""不限"",""基层工作最低年限"":""二年"",""服务基层项目工作经历"":""无限制"",""是否在面试阶段组织专业能力测试"":""是"",""面试人员比例"":""3:1"",""工作地点"":""广东省广州市"",""落户地点"":""广东省广州市"",""备注"":""本科生大学英语四级考试425分及以上，研究生大学英语六级考试425分及以上；本职位所指类为专业类，本职位所指专业为具体专业名称；考生必须具备与填报学历及专业相应的学位；服从关区二次调配；专业能力测试安排，详见海关总署网站（www.customs.gov.cn）。"",""部门网站"":""http://guangzhou.customs.gov.cn"",""咨询电话1"":""020-81103636"",""咨询电话2"":""020-81101441"",""咨询电话3"":"""",""来源Sheet"":""中央国家行政机关省级以下直属机构""}}"
"government_jobs","国家公务员2025招考简章","公务员/事业单位技术岗位","广东省广州市","2026-07-28T09:12:58.310295+00:00","风险防控（电子信息化类）二级主管及以下","广州海关","","广东省广州市","公务员/事业单位;2025;computer_software;electronics_communication;本科及以上;与最高学历相对应的学位;本科：人工智能、智能科学与技术、计算机科学与技术、软件工程、物联网工程；研究生：计算机科学与技术类、软件工程类、计算机技术、人工智能;中央机关及其省级直属机构综合管理类","用人司局：广州海关风险防控分局
职位简介：从事海关风险防控工作。
专业要求：本科：人工智能、智能科学与技术、计算机科学与技术、软件工程、物联网工程；研究生：计算机科学与技术类、软件工程类、计算机技术、人工智能
学历要求：本科及以上
学位要求：与最高学历相对应的学位
政治面貌：不限
基层工作经历：二年
考试类别：中央机关及其省级直属机构综合管理类
备注：本科生大学英语四级考试425分及以上，研究生大学英语六级考试425分及以上；本职位所指类为专业类，本职位所指专业为具体专业名称；考生必须具备与填报学历及专业相应的学位；服从关区二次调配；专业能力测试安排，详见海关总署网站（www.customs.gov.cn）。","https://www.xjhc.gov.cn/xjhc/c116834/202410/a29382e11a674da3be3353af65f9fcc5.shtml#129127-300110023002","2024-10-14","{""dataset_year"":2025,""job_uid"":""GOV-2025-129127-300110023002"",""publisher"":""国家公务员局"",""publication_page"":""https://www.xjhc.gov.cn/xjhc/c116834/202410/a29382e11a674da3be3353af65f9fcc5.shtml"",""attachment_url"":""https://www.xjhc.gov.cn/xjhc/c116834/202410/a29382e11a674da3be3353af65f9fcc5/files/0536cef86e2b46ddad6aae5a3780089e.xls"",""local_source_file"":""2025_guokao_zhaokaojianzhang.xls"",""local_source_sha256"":""07ae6cab368cd21b7a1ac3e8150fe9a3d39ad5171ce76135ff3cccfe50c3e77e"",""source_sheet"":""中央国家行政机关省级以下直属机构"",""filter_version"":""government_tech_v2"",""tech_filter"":{""is_tech"":true,""is_core_tech"":true,""scope"":""core"",""categories"":[""computer_software"",""electronics_communication""],""matched_fields"":[""major"",""job_title""],""major_terms"":[""人工智能"",""智能科学与技术"",""物联网工程"",""计算机技术"",""计算机科学与技术"",""软件工程""],""role_terms"":[""信息化"",""电子信息""],""reason"":""tech_major_and_role""},""original"":{""部门代码"":""129127"",""部门名称"":""广州海关"",""用人司局"":""广州海关风险防控分局"",""机构性质"":""中央国家行政机关省级以下直属机构"",""招考职位"":""风险防控（电子信息化类）二级主管及以下"",""职位属性"":""普通职位"",""职位分布"":""其他职位"",""职位简介"":""从事海关风险防控工作。"",""职位代码"":""300110023002"",""机构层级"":""省（副省）级"",""考试类别"":""中央机关及其省级直属机构综合管理类"",""招考人数"":""1"",""专业"":""本科：人工智能、智能科学与技术、计算机科学与技术、软件工程、物联网工程；研究生：计算机科学与技术类、软件工程类、计算机技术、人工智能"",""学历"":""本科及以上"",""学位"":""与最高学历相对应的学位"",""政治面貌"":""不限"",""基层工作最低年限"":""二年"",""服务基层项目工作经历"":""无限制"",""是否在面试阶段组织专业能力测试"":""是"",""面试人员比例"":""3:1"",""工作地点"":""广东省广州市"",""落户地点"":""广东省广州市"",""备注"":""本科生大学英语四级考试425分及以上，研究生大学英语六级考试425分及以上；本职位所指类为专业类，本职位所指专业为具体专业名称；考生必须具备与填报学历及专业相应的学位；服从关区二次调配；专业能力测试安排，详见海关总署网站（www.customs.gov.cn）。"",""部门网站"":""http://guangzhou.customs.gov.cn"",""咨询电话1"":""020-81103636"",""咨询电话2"":""020-81101441"",""咨询电话3"":"""",""来源Sheet"":""中央国家行政机关省级以下直属机构""}}"
"government_jobs","国家公务员2025招考简章","公务员/事业单位技术岗位","广东省珠海市","2026-07-28T09:12:58.310295+00:00","科技管理（电子信息化类）专业技术员","拱北海关","","广东省珠海市","公务员/事业单位;2025;computer_software;electronics_communication;仅限本科;学士;电子信息类（0807）、计算机类（0809）;中央机关及其省级直属机构综合管理类","用人司局：拱北海关
职位简介：从事海关国门安全信息技术、智慧海关建设工作。
专业要求：电子信息类（0807）、计算机类（0809）
学历要求：仅限本科
学位要求：学士
政治面貌：不限
基层工作经历：二年
考试类别：中央机关及其省级直属机构综合管理类
备注：大学英语四级考试425分及以上；职位要求本科专业参照《普通高等学校本科专业目录》；考生必须具备与填报学历及专业相应的学位；服从关区二次调配；专业能力测试安排，详见海关总署网站（www.customs.gov.cn）。","https://www.xjhc.gov.cn/xjhc/c116834/202410/a29382e11a674da3be3353af65f9fcc5.shtml#129129-300110101001","2024-10-14","{""dataset_year"":2025,""job_uid"":""GOV-2025-129129-300110101001"",""publisher"":""国家公务员局"",""publication_page"":""https://www.xjhc.gov.cn/xjhc/c116834/202410/a29382e11a674da3be3353af65f9fcc5.shtml"",""attachment_url"":""https://www.xjhc.gov.cn/xjhc/c116834/202410/a29382e11a674da3be3353af65f9fcc5/files/0536cef86e2b46ddad6aae5a3780089e.xls"",""local_source_file"":""2025_guokao_zhaokaojianzhang.xls"",""local_source_sha256"":""07ae6cab368cd21b7a1ac3e8150fe9a3d39ad5171ce76135ff3cccfe50c3e77e"",""source_sheet"":""中央国家行政机关省级以下直属机构"",""filter_version"":""government_tech_v2"",""tech_filter"":{""is_tech"":true,""is_core_tech"":true,""scope"":""core"",""categories"":[""computer_software"",""electronics_communication""],""matched_fields"":[""major"",""job_title"",""description""],""major_terms"":[""电子信息类"",""计算机类""],""role_terms"":[""信息化"",""信息技术"",""智慧"",""电子信息""],""reason"":""tech_major_and_role""},""original"":{""部门代码"":""129129"",""部门名称"":""拱北海关"",""用人司局"":""拱北海关"",""机构性质"":""中央国家行政机关省级以下直属机构"",""招考职位"":""科技管理（电子信息化类）专业技术员"",""职位属性"":""普通职位"",""职位分布"":""其他职位"",""职位简介"":""从事海关国门安全信息技术、智慧海关建设工作。"",""职位代码"":""300110101001"",""机构层级"":""省（副省）级"",""考试类别"":""中央机关及其省级直属机构综合管理类"",""招考人数"":""1"",""专业"":""电子信息类（0807）、计算机类（0809）"",""学历"":""仅限本科"",""学位"":""学士"",""政治面貌"":""不限"",""基层工作最低年限"":""二年"",""服务基层项目工作经历"":""无限制"",""是否在面试阶段组织专业能力测试"":""是"",""面试人员比例"":""3:1"",""工作地点"":""广东省珠海市"",""落户地点"":""广东省珠海市"",""备注"":""大学英语四级考试425分及以上；职位要求本科专业参照《普通高等学校本科专业目录》；考生必须具备与填报学历及专业相应的学位；服从关区二次调配；专业能力测试安排，详见海关总署网站（www.customs.gov.cn）。"",""部门网站"":""http://gongbei.customs.gov.cn/"",""咨询电话1"":""0756-8161791"",""咨询电话2"":""0756-8161519"",""咨询电话3"":"""",""来源Sheet"":""中央国家行政机关省级以下直属机构""}}"
"government_jobs","国家公务员2025招考简章","公务员/事业单位技术岗位","广东省","2026-07-28T09:12:58.310295+00:00","大数据管理（统计分析应用类）四级主办及以下","汕头海关","","广东省","公务员/事业单位;2025;computer_software;data_ai;本科或硕士研究生;与最高学历相对应的学位;大数据管理与应用、数学与应用数学、数据计算及应用、信息与计算科学、应用统计学、经济统计学、应用统计、统计学;行政执法类","用人司局：隶属海关
职位简介：从事大数据分析及智慧海关建设工作。
专业要求：大数据管理与应用、数学与应用数学、数据计算及应用、信息与计算科学、应用统计学、经济统计学、应用统计、统计学
学历要求：本科或硕士研究生
学位要求：与最高学历相对应的学位
政治面貌：不限
基层工作经历：无限制
考试类别：行政执法类
备注：限2025届高校毕业生；本科生大学英语四级考试425分及以上，研究生大学英语六级考试425分及以上；考生必须具备与填报学历及专业相应的学位；该职位对应隶属海关为龙湖海关、饶平海关，须服从关区二次调配。专业能力测试安排，详见海关总署网站（www.customs.gov.cn）。","https://www.xjhc.gov.cn/xjhc/c116834/202410/a29382e11a674da3be3353af65f9fcc5.shtml#129130-300110002035","2024-10-14","{""dataset_year"":2025,""job_uid"":""GOV-2025-129130-300110002035"",""publisher"":""国家公务员局"",""publication_page"":""https://www.xjhc.gov.cn/xjhc/c116834/202410/a29382e11a674da3be3353af65f9fcc5.shtml"",""attachment_url"":""https://www.xjhc.gov.cn/xjhc/c116834/202410/a29382e11a674da3be3353af65f9fcc5/files/0536cef86e2b46ddad6aae5a3780089e.xls"",""local_source_file"":""2025_guokao_zhaokaojianzhang.xls"",""local_source_sha256"":""07ae6cab368cd21b7a1ac3e8150fe9a3d39ad5171ce76135ff3cccfe50c3e77e"",""source_sheet"":""中央国家行政机关省级以下直属机构"",""filter_version"":""government_tech_v2"",""tech_filter"":{""is_tech"":true,""is_core_tech"":true,""scope"":""core"",""categories"":[""computer_software"",""data_ai""],""matched_fields"":[""major"",""job_title"",""description""],""major_terms"":[""大数据""],""role_terms"":[""大数据"",""数据分析"",""数据管理"",""智慧""],""reason"":""tech_major_and_role""},""original"":{""部门代码"":""129130"",""部门名称"":""汕头海关"",""用人司局"":""隶属海关"",""机构性质"":""中央国家行政机关省级以下直属机构"",""招考职位"":""大数据管理（统计分析应用类）四级主办及以下"",""职位属性"":""普通职位"",""职位分布"":""其他职位"",""职位简介"":""从事大数据分析及智慧海关建设工作。"",""职位代码"":""300110002035"",""机构层级"":""县（区）级及以下"",""考试类别"":""行政执法类"",""招考人数"":""2"",""专业"":""大数据管理与应用、数学与应用数学、数据计算及应用、信息与计算科学、应用统计学、经济统计学、应用统计、统计学"",""学历"":""本科或硕士研究生"",""学位"":""与最高学历相对应的学位"",""政治面貌"":""不限"",""基层工作最低年限"":""无限制"",""服务基层项目工作经历"":""无限制"",""是否在面试阶段组织专业能力测试"":""是"",""面试人员比例"":""3:1"",""工作地点"":""广东省"",""落户地点"":""广东省汕头市"",""备注"":""限2025届高校毕业生；本科生大学英语四级考试425分及以上，研究生大学英语六级考试425分及以上；考生必须具备与填报学历及专业相应的学位；该职位对应隶属海关为龙湖海关、饶平海关，须服从关区二次调配。专业能力测试安排，详见海关总署网站（www.customs.gov.cn）。"",""部门网站"":""http://shantou.customs.gov.cn/"",""咨询电话1"":""0754-88198618"",""咨询电话2"":""0754-88198616"",""咨询电话3"":"""",""来源Sheet"":""中央国家行政机关省级以下直属机构""}}"
"government_jobs","国家公务员2025招考简章","公务员/事业单位技术岗位","广东省","2026-07-28T09:12:58.310295+00:00","智能审图（电子信息化类）四级主办及以下","汕头海关","","广东省","公务员/事业单位;2025;computer_software;data_ai;electronics_communication;本科或硕士研究生;与最高学历相对应的学位;人工智能、软件工程、网络工程、通信工程、数据科学与大数据技术;行政执法类","用人司局：隶属海关
职位简介：从事扫描图像智能分析、技术应用管理及智慧海关建设工作。
专业要求：人工智能、软件工程、网络工程、通信工程、数据科学与大数据技术
学历要求：本科或硕士研究生
学位要求：与最高学历相对应的学位
政治面貌：不限
基层工作经历：无限制
考试类别：行政执法类
备注：限2025届高校毕业生；本科生大学英语四级考试425分及以上，研究生大学英语六级考试425分及以上；考生必须具备与填报学历及专业相应的学位；该职位对应隶属海关为汕头港海关、广澳海关、濠江海关，须服从关区二次调配。专业能力测试安排，详见海关总署网站（www.customs.gov.cn）。","https://www.xjhc.gov.cn/xjhc/c116834/202410/a29382e11a674da3be3353af65f9fcc5.shtml#129130-300110002036","2024-10-14","{""dataset_year"":2025,""job_uid"":""GOV-2025-129130-300110002036"",""publisher"":""国家公务员局"",""publication_page"":""https://www.xjhc.gov.cn/xjhc/c116834/202410/a29382e11a674da3be3353af65f9fcc5.shtml"",""attachment_url"":""https://www.xjhc.gov.cn/xjhc/c116834/202410/a29382e11a674da3be3353af65f9fcc5/files/0536cef86e2b46ddad6aae5a3780089e.xls"",""local_source_file"":""2025_guokao_zhaokaojianzhang.xls"",""local_source_sha256"":""07ae6cab368cd21b7a1ac3e8150fe9a3d39ad5171ce76135ff3cccfe50c3e77e"",""source_sheet"":""中央国家行政机关省级以下直属机构"",""filter_version"":""government_tech_v2"",""tech_filter"":{""is_tech"":true,""is_core_tech"":true,""scope"":""core"",""categories"":[""computer_software"",""data_ai"",""electronics_communication""],""matched_fields"":[""major"",""job_title"",""description""],""major_terms"":[""人工智能"",""大数据"",""数据科学与大数据技术"",""网络工程"",""软件工程"",""通信工程""],""role_terms"":[""信息化"",""智慧"",""智能分析"",""电子信息""],""reason"":""tech_major_and_role""},""original"":{""部门代码"":""129130"",""部门名称"":""汕头海关"",""用人司局"":""隶属海关"",""机构性质"":""中央国家行政机关省级以下直属机构"",""招考职位"":""智能审图（电子信息化类）四级主办及以下"",""职位属性"":""普通职位"",""职位分布"":""其他职位"",""职位简介"":""从事扫描图像智能分析、技术应用管理及智慧海关建设工作。"",""职位代码"":""300110002036"",""机构层级"":""县（区）级及以下"",""考试类别"":""行政执法类"",""招考人数"":""3"",""专业"":""人工智能、软件工程、网络工程、通信工程、数据科学与大数据技术"",""学历"":""本科或硕士研究生"",""学位"":""与最高学历相对应的学位"",""政治面貌"":""不限"",""基层工作最低年限"":""无限制"",""服务基层项目工作经历"":""无限制"",""是否在面试阶段组织专业能力测试"":""是"",""面试人员比例"":""3:1"",""工作地点"":""广东省"",""落户地点"":""广东省汕头市"",""备注"":""限2025届高校毕业生；本科生大学英语四级考试425分及以上，研究生大学英语六级考试425分及以上；考生必须具备与填报学历及专业相应的学位；该职位对应隶属海关为汕头港海关、广澳海关、濠江海关，须服从关区二次调配。专业能力测试安排，详见海关总署网站（www.customs.gov.cn）。"",""部门网站"":""http://shantou.customs.gov.cn/"",""咨询电话1"":""0754-88198618"",""咨询电话2"":""0754-88198616"",""咨询电话3"":"""",""来源Sheet"":""中央国家行政机关省级以下直属机构""}}"
"government_jobs","国家公务员2025招考简章","公务员/事业单位技术岗位","广东省","2026-07-28T09:12:58.310295+00:00","科技管理（电子信息化类）一级行政执法员","汕头海关","","广东省","公务员/事业单位;2025;computer_software;electronics_communication;仅限本科;学士;信息管理与信息系统、智能科学与技术、智能无人系统技术、空间信息与数字技术、物联网工程;行政执法类","用人司局：隶属海关
职位简介：从事海关科技管理及智慧海关建设工作。
专业要求：信息管理与信息系统、智能科学与技术、智能无人系统技术、空间信息与数字技术、物联网工程
学历要求：仅限本科
学位要求：学士
政治面貌：不限
基层工作经历：无限制
考试类别：行政执法类
备注：限应届高校毕业生；大学英语四级考试425分及以上；考生必须具备与填报学历及专业相应的学位；该职位对应隶属海关为濠江海关、汕尾海关，须服从关区二次调配。专业能力测试安排，详见海关总署网站（www.customs.gov.cn）。","https://www.xjhc.gov.cn/xjhc/c116834/202410/a29382e11a674da3be3353af65f9fcc5.shtml#129130-300110002047","2024-10-14","{""dataset_year"":2025,""job_uid"":""GOV-2025-129130-300110002047"",""publisher"":""国家公务员局"",""publication_page"":""https://www.xjhc.gov.cn/xjhc/c116834/202410/a29382e11a674da3be3353af65f9fcc5.shtml"",""attachment_url"":""https://www.xjhc.gov.cn/xjhc/c116834/202410/a29382e11a674da3be3353af65f9fcc5/files/0536cef86e2b46ddad6aae5a3780089e.xls"",""local_source_file"":""2025_guokao_zhaokaojianzhang.xls"",""local_source_sha256"":""07ae6cab368cd21b7a1ac3e8150fe9a3d39ad5171ce76135ff3cccfe50c3e77e"",""source_sheet"":""中央国家行政机关省级以下直属机构"",""filter_version"":""government_tech_v2"",""tech_filter"":{""is_tech"":true,""is_core_tech"":true,""scope"":""core"",""categories"":[""computer_software"",""electronics_communication""],""matched_fields"":[""major"",""job_title"",""description""],""major_terms"":[""智能科学与技术"",""物联网工程"",""空间信息与数字技术""],""role_terms"":[""信息化"",""智慧"",""电子信息""],""reason"":""tech_major_and_role""},""original"":{""部门代码"":""129130"",""部门名称"":""汕头海关"",""用人司局"":""隶属海关"",""机构性质"":""中央国家行政机关省级以下直属机构"",""招考职位"":""科技管理（电子信息化类）一级行政执法员"",""职位属性"":""普通职位"",""职位分布"":""其他职位"",""职位简介"":""从事海关科技管理及智慧海关建设工作。"",""职位代码"":""300110002047"",""机构层级"":""县（区）级及以下"",""考试类别"":""行政执法类"",""招考人数"":""2"",""专业"":""信息管理与信息系统、智能科学与技术、智能无人系统技术、空间信息与数字技术、物联网工程"",""学历"":""仅限本科"",""学位"":""学士"",""政治面貌"":""不限"",""基层工作最低年限"":""无限制"",""服务基层项目工作经历"":""无限制"",""是否在面试阶段组织专业能力测试"":""是"",""面试人员比例"":""3:1"",""工作地点"":""广东省"",""落户地点"":""广东省汕头市"",""备注"":""限应届高校毕业生；大学英语四级考试425分及以上；考生必须具备与填报学历及专业相应的学位；该职位对应隶属海关为濠江海关、汕尾海关，须服从关区二次调配。专业能力测试安排，详见海关总署网站（www.customs.gov.cn）。"",""部门网站"":""http://shantou.customs.gov.cn/"",""咨询电话1"":""0754-88198618"",""咨询电话2"":""0754-88198616"",""咨询电话3"":"""",""来源Sheet"":""中央国家行政机关省级以下直属机构""}}"
"government_jobs","国家公务员2025招考简章","公务员/事业单位技术岗位","广东省","2026-07-28T09:12:58.310295+00:00","科技管理（电子信息化类）四级主办","黄埔海关","","广东省","公务员/事业单位;2025;computer_software;electronics_communication;仅限硕士研究生;硕士;计算机科学与技术、电子科学与技术、软件工程。;行政执法类","用人司局：穗东海关
职位简介：从事海关国门安全信息技术以及智慧海关建设工作。
专业要求：计算机科学与技术、电子科学与技术、软件工程。
学历要求：仅限硕士研究生
学位要求：硕士
政治面貌：不限
基层工作经历：无限制
考试类别：行政执法类
备注：限2025届高校毕业生；大学英语六级考试425分及以上，报名时请写明大学英语级别和具体分数；考生必须具备与填报学历及专业相应的学位；需24小时倒班；服从关区二次调配；现场一线岗位；专业能力测试安排，详见海关总署网站（www.customs.gov.cn）。","https://www.xjhc.gov.cn/xjhc/c116834/202410/a29382e11a674da3be3353af65f9fcc5.shtml#129131-300110103003","2024-10-14","{""dataset_year"":2025,""job_uid"":""GOV-2025-129131-300110103003"",""publisher"":""国家公务员局"",""publication_page"":""https://www.xjhc.gov.cn/xjhc/c116834/202410/a29382e11a674da3be3353af65f9fcc5.shtml"",""attachment_url"":""https://www.xjhc.gov.cn/xjhc/c116834/202410/a29382e11a674da3be3353af65f9fcc5/files/0536cef86e2b46ddad6aae5a3780089e.xls"",""local_source_file"":""2025_guokao_zhaokaojianzhang.xls"",""local_source_sha256"":""07ae6cab368cd21b7a1ac3e8150fe9a3d39ad5171ce76135ff3cccfe50c3e77e"",""source_sheet"":""中央国家行政机关省级以下直属机构"",""filter_version"":""government_tech_v2"",""tech_filter"":{""is_tech"":true,""is_core_tech"":true,""scope"":""core"",""categories"":[""computer_software"",""electronics_communication""],""matched_fields"":[""major"",""job_title"",""description""],""major_terms"":[""电子科学与技术"",""计算机科学与技术"",""软件工程""],""role_terms"":[""信息化"",""信息技术"",""智慧"",""电子信息""],""reason"":""tech_major_and_role""},""original"":{""部门代码"":""129131"",""部门名称"":""黄埔海关"",""用人司局"":""穗东海关"",""机构性质"":""中央国家行政机关省级以下直属机构"",""招考职位"":""科技管理（电子信息化类）四级主办"",""职位属性"":""普通职位"",""职位分布"":""其他职位"",""职位简介"":""从事海关国门安全信息技术以及智慧海关建设工作。"",""职位代码"":""300110103003"",""机构层级"":""县（区）级及以下"",""考试类别"":""行政执法类"",""招考人数"":""10"",""专业"":""计算机科学与技术、电子科学与技术、软件工程。"",""学历"":""仅限硕士研究生"",""学位"":""硕士"",""政治面貌"":""不限"",""基层工作最低年限"":""无限制"",""服务基层项目工作经历"":""无限制"",""是否在面试阶段组织专业能力测试"":""是"",""面试人员比例"":""3:1"",""工作地点"":""广东省"",""落户地点"":""广东省"",""备注"":""限2025届高校毕业生；大学英语六级考试425分及以上，报名时请写明大学英语级别和具体分数；考生必须具备与填报学历及专业相应的学位；需24小时倒班；服从关区二次调配；现场一线岗位；专业能力测试安排，详见海关总署网站（www.customs.gov.cn）。"",""部门网站"":""huangpu.customs.gov.cn"",""咨询电话1"":""020-82130709"",""咨询电话2"":""020-82131067"",""咨询电话3"":""020-82132711"",""来源Sheet"":""中央国家行政机关省级以下直属机构""}}"
"government_jobs","国家公务员2025招考简章","公务员/事业单位技术岗位","广东省","2026-07-28T09:12:58.310295+00:00","科技管理（电子信息化类）一级行政执法员","黄埔海关","","广东省","公务员/事业单位;2025;computer_software;cybersecurity_cryptography;electronics_communication;仅限本科;学士;计算机科学与技术、软件工程、网络工程、通信工程、电子信息工程、智能科学与技术、电子与计算机工程、信息安全。;行政执法类","用人司局：东江口海关
职位简介：从事海关国门安全信息技术以及智慧海关建设工作。
专业要求：计算机科学与技术、软件工程、网络工程、通信工程、电子信息工程、智能科学与技术、电子与计算机工程、信息安全。
学历要求：仅限本科
学位要求：学士
政治面貌：不限
基层工作经历：无限制
考试类别：行政执法类
备注：限2025届高校毕业生；大学英语四级考试425分及以上，报名时请写明大学英语级别和具体分数；考生必须具备与填报学历及专业相应的学位；需24小时倒班；服从关区二次调配；现场一线岗位；专业能力测试安排，详见海关总署网站（www.customs.gov.cn）。","https://www.xjhc.gov.cn/xjhc/c116834/202410/a29382e11a674da3be3353af65f9fcc5.shtml#129131-300110104002","2024-10-14","{""dataset_year"":2025,""job_uid"":""GOV-2025-129131-300110104002"",""publisher"":""国家公务员局"",""publication_page"":""https://www.xjhc.gov.cn/xjhc/c116834/202410/a29382e11a674da3be3353af65f9fcc5.shtml"",""attachment_url"":""https://www.xjhc.gov.cn/xjhc/c116834/202410/a29382e11a674da3be3353af65f9fcc5/files/0536cef86e2b46ddad6aae5a3780089e.xls"",""local_source_file"":""2025_guokao_zhaokaojianzhang.xls"",""local_source_sha256"":""07ae6cab368cd21b7a1ac3e8150fe9a3d39ad5171ce76135ff3cccfe50c3e77e"",""source_sheet"":""中央国家行政机关省级以下直属机构"",""filter_version"":""government_tech_v2"",""tech_filter"":{""is_tech"":true,""is_core_tech"":true,""scope"":""core"",""categories"":[""computer_software"",""cybersecurity_cryptography"",""electronics_communication""],""matched_fields"":[""major"",""job_title"",""description""],""major_terms"":[""信息安全"",""智能科学与技术"",""电子信息工程"",""网络工程"",""计算机"",""计算机科学与技术"",""软件工程"",""通信工程""],""role_terms"":[""信息化"",""信息技术"",""智慧"",""电子信息""],""reason"":""tech_major_and_role""},""original"":{""部门代码"":""129131"",""部门名称"":""黄埔海关"",""用人司局"":""东江口海关"",""机构性质"":""中央国家行政机关省级以下直属机构"",""招考职位"":""科技管理（电子信息化类）一级行政执法员"",""职位属性"":""普通职位"",""职位分布"":""其他职位"",""职位简介"":""从事海关国门安全信息技术以及智慧海关建设工作。"",""职位代码"":""300110104002"",""机构层级"":""县（区）级及以下"",""考试类别"":""行政执法类"",""招考人数"":""10"",""专业"":""计算机科学与技术、软件工程、网络工程、通信工程、电子信息工程、智能科学与技术、电子与计算机工程、信息安全。"",""学历"":""仅限本科"",""学位"":""学士"",""政治面貌"":""不限"",""基层工作最低年限"":""无限制"",""服务基层项目工作经历"":""无限制"",""是否在面试阶段组织专业能力测试"":""是"",""面试人员比例"":""3:1"",""工作地点"":""广东省"",""落户地点"":""广东省"",""备注"":""限2025届高校毕业生；大学英语四级考试425分及以上，报名时请写明大学英语级别和具体分数；考生必须具备与填报学历及专业相应的学位；需24小时倒班；服从关区二次调配；现场一线岗位；专业能力测试安排，详见海关总署网站（www.customs.gov.cn）。"",""部门网站"":""huangpu.customs.gov.cn"",""咨询电话1"":""020-82130709"",""咨询电话2"":""020-82131067"",""咨询电话3"":""020-82132711"",""来源Sheet"":""中央国家行政机关省级以下直属机构""}}"
"government_jobs","国家公务员2025招考简章","公务员/事业单位技术岗位","广东省","2026-07-28T09:12:58.310295+00:00","数据分析（统计分析应用类）四级主办及以下","黄埔海关","","广东省","公务员/事业单位;2025;computer_software;data_ai;本科或硕士研究生;与最高学历相对应的学位;本科：数学类、数据科学与大数据技术、大数据管理与应用。硕士研究生：数学。;行政执法类","用人司局：增城海关
职位简介：从事海关数据处理分析以及智慧海关建设工作。
专业要求：本科：数学类、数据科学与大数据技术、大数据管理与应用。硕士研究生：数学。
学历要求：本科或硕士研究生
学位要求：与最高学历相对应的学位
政治面貌：不限
基层工作经历：无限制
考试类别：行政执法类
备注：限2025届高校毕业生；本科生大学英语四级考试425分及以上，研究生大学英语六级考试425分及以上，报名时请写明大学英语级别和具体分数；考生必须具备与填报学历及专业相应的学位；需24小时倒班；服从关区二次调配；现场一线岗位；专业能力测试安排，详见海关总署网站（www.customs.gov.cn）。","https://www.xjhc.gov.cn/xjhc/c116834/202410/a29382e11a674da3be3353af65f9fcc5.shtml#129131-300110106003","2024-10-14","{""dataset_year"":2025,""job_uid"":""GOV-2025-129131-300110106003"",""publisher"":""国家公务员局"",""publication_page"":""https://www.xjhc.gov.cn/xjhc/c116834/202410/a29382e11a674da3be3353af65f9fcc5.shtml"",""attachment_url"":""https://www.xjhc.gov.cn/xjhc/c116834/202410/a29382e11a674da3be3353af65f9fcc5/files/0536cef86e2b46ddad6aae5a3780089e.xls"",""local_source_file"":""2025_guokao_zhaokaojianzhang.xls"",""local_source_sha256"":""07ae6cab368cd21b7a1ac3e8150fe9a3d39ad5171ce76135ff3cccfe50c3e77e"",""source_sheet"":""中央国家行政机关省级以下直属机构"",""filter_version"":""government_tech_v2"",""tech_filter"":{""is_tech"":true,""is_core_tech"":true,""scope"":""core"",""categories"":[""computer_software"",""data_ai""],""matched_fields"":[""major"",""job_title"",""description""],""major_terms"":[""大数据"",""数据科学与大数据技术""],""role_terms"":[""数据分析"",""数据处理"",""智慧""],""reason"":""tech_major_and_role""},""original"":{""部门代码"":""129131"",""部门名称"":""黄埔海关"",""用人司局"":""增城海关"",""机构性质"":""中央国家行政机关省级以下直属机构"",""招考职位"":""数据分析（统计分析应用类）四级主办及以下"",""职位属性"":""普通职位"",""职位分布"":""其他职位"",""职位简介"":""从事海关数据处理分析以及智慧海关建设工作。"",""职位代码"":""300110106003"",""机构层级"":""县（区）级及以下"",""考试类别"":""行政执法类"",""招考人数"":""4"",""专业"":""本科：数学类、数据科学与大数据技术、大数据管理与应用。硕士研究生：数学。"",""学历"":""本科或硕士研究生"",""学位"":""与最高学历相对应的学位"",""政治面貌"":""不限"",""基层工作最低年限"":""无限制"",""服务基层项目工作经历"":""无限制"",""是否在面试阶段组织专业能力测试"":""是"",""面试人员比例"":""3:1"",""工作地点"":""广东省"",""落户地点"":""广东省"",""备注"":""限2025届高校毕业生；本科生大学英语四级考试425分及以上，研究生大学英语六级考试425分及以上，报名时请写明大学英语级别和具体分数；考生必须具备与填报学历及专业相应的学位；需24小时倒班；服从关区二次调配；现场一线岗位；专业能力测试安排，详见海关总署网站（www.customs.gov.cn）。"",""部门网站"":""huangpu.customs.gov.cn"",""咨询电话1"":""020-82130709"",""咨询电话2"":""020-82131067"",""咨询电话3"":""020-82132711"",""来源Sheet"":""中央国家行政机关省级以下直属机构""}}"
"government_jobs","国家公务员2025招考简章","公务员/事业单位技术岗位","广东省","2026-07-28T09:12:58.310295+00:00","风险防控（电子信息化类）专业技术员","黄埔海关","","广东省","公务员/事业单位;2025;computer_software;electronics_communication;仅限本科;学士;计算机科学与技术、软件工程、电子与计算机工程。;中央机关及其省级直属机构综合管理类","用人司局：海关总署风险防控局（黄埔）
职位简介：从事海关风险防控以及智慧海关建设工作。
专业要求：计算机科学与技术、软件工程、电子与计算机工程。
学历要求：仅限本科
学位要求：学士
政治面貌：不限
基层工作经历：二年
考试类别：中央机关及其省级直属机构综合管理类
备注：大学英语四级考试425分及以上，报名时请写明大学英语级别和具体分数；考生必须具备与填报学历及专业相应的学位；需24小时倒班；服从关区二次调配；专业能力测试安排，详见海关总署网站（www.customs.gov.cn）。","https://www.xjhc.gov.cn/xjhc/c116834/202410/a29382e11a674da3be3353af65f9fcc5.shtml#129131-300110107002","2024-10-14","{""dataset_year"":2025,""job_uid"":""GOV-2025-129131-300110107002"",""publisher"":""国家公务员局"",""publication_page"":""https://www.xjhc.gov.cn/xjhc/c116834/202410/a29382e11a674da3be3353af65f9fcc5.shtml"",""attachment_url"":""https://www.xjhc.gov.cn/xjhc/c116834/202410/a29382e11a674da3be3353af65f9fcc5/files/0536cef86e2b46ddad6aae5a3780089e.xls"",""local_source_file"":""2025_guokao_zhaokaojianzhang.xls"",""local_source_sha256"":""07ae6cab368cd21b7a1ac3e8150fe9a3d39ad5171ce76135ff3cccfe50c3e77e"",""source_sheet"":""中央国家行政机关省级以下直属机构"",""filter_version"":""government_tech_v2"",""tech_filter"":{""is_tech"":true,""is_core_tech"":true,""scope"":""core"",""categories"":[""computer_software"",""electronics_communication""],""matched_fields"":[""major"",""job_title"",""description""],""major_terms"":[""计算机"",""计算机科学与技术"",""软件工程""],""role_terms"":[""信息化"",""智慧"",""电子信息""],""reason"":""tech_major_and_role""},""original"":{""部门代码"":""129131"",""部门名称"":""黄埔海关"",""用人司局"":""海关总署风险防控局（黄埔）"",""机构性质"":""中央国家行政机关省级以下直属机构"",""招考职位"":""风险防控（电子信息化类）专业技术员"",""职位属性"":""普通职位"",""职位分布"":""其他职位"",""职位简介"":""从事海关风险防控以及智慧海关建设工作。"",""职位代码"":""300110107002"",""机构层级"":""省（副省）级"",""考试类别"":""中央机关及其省级直属机构综合管理类"",""招考人数"":""1"",""专业"":""计算机科学与技术、软件工程、电子与计算机工程。"",""学历"":""仅限本科"",""学位"":""学士"",""政治面貌"":""不限"",""基层工作最低年限"":""二年"",""服务基层项目工作经历"":""无限制"",""是否在面试阶段组织专业能力测试"":""是"",""面试人员比例"":""3:1"",""工作地点"":""广东省"",""落户地点"":""广东省"",""备注"":""大学英语四级考试425分及以上，报名时请写明大学英语级别和具体分数；考生必须具备与填报学历及专业相应的学位；需24小时倒班；服从关区二次调配；专业能力测试安排，详见海关总署网站（www.customs.gov.cn）。"",""部门网站"":""huangpu.customs.gov.cn"",""咨询电话1"":""020-82130709"",""咨询电话2"":""020-82131067"",""咨询电话3"":""020-82132711"",""来源Sheet"":""中央国家行政机关省级以下直属机构""}}"
"government_jobs","国家公务员2025招考简章","公务员/事业单位技术岗位","广东省江门市","2026-07-28T09:12:58.310295+00:00","科技管理（电子信息化类）四级主管及以下","江门海关","","广东省江门市","公务员/事业单位;2025;computer_software;cybersecurity_cryptography;electronics_communication;本科或硕士研究生;与最高学历相对应的学位;本科：人工智能、软件工程、计算机科学与技术、网络工程、信息安全、数据科学与大数据技术；研究生：人工智能、软件工程、网络与信息安全、计算机软件与理论、计算机应用技术、计算机系统结构、大数据技术与工程;中央机关及其省级直属机构综合管理类","用人司局：江门海关
职位简介：从事海关国门安全信息技术、智慧海关建设工作。
专业要求：本科：人工智能、软件工程、计算机科学与技术、网络工程、信息安全、数据科学与大数据技术；研究生：人工智能、软件工程、网络与信息安全、计算机软件与理论、计算机应用技术、计算机系统结构、大数据技术与工程
学历要求：本科或硕士研究生
学位要求：与最高学历相对应的学位
政治面貌：不限
基层工作经历：二年
考试类别：中央机关及其省级直属机构综合管理类
备注：本科生大学英语四级考试425分及以上，研究生大学英语六级考试425分及以上；本职位所指专业为具体专业名称；考生必须具备与填报学历及专业相应的学位；专业能力测试安排，详见海关总署网站（www.customs.gov.cn）。","https://www.xjhc.gov.cn/xjhc/c116834/202410/a29382e11a674da3be3353af65f9fcc5.shtml#129132-300110001001","2024-10-14","{""dataset_year"":2025,""job_uid"":""GOV-2025-129132-300110001001"",""publisher"":""国家公务员局"",""publication_page"":""https://www.xjhc.gov.cn/xjhc/c116834/202410/a29382e11a674da3be3353af65f9fcc5.shtml"",""attachment_url"":""https://www.xjhc.gov.cn/xjhc/c116834/202410/a29382e11a674da3be3353af65f9fcc5/files/0536cef86e2b46ddad6aae5a3780089e.xls"",""local_source_file"":""2025_guokao_zhaokaojianzhang.xls"",""local_source_sha256"":""07ae6cab368cd21b7a1ac3e8150fe9a3d39ad5171ce76135ff3cccfe50c3e77e"",""source_sheet"":""中央国家行政机关省级以下直属机构"",""filter_version"":""government_tech_v2"",""tech_filter"":{""is_tech"":true,""is_core_tech"":true,""scope"":""core"",""categories"":[""computer_software"",""cybersecurity_cryptography"",""electronics_communication""],""matched_fields"":[""major"",""job_title"",""description""],""major_terms"":[""人工智能"",""信息安全"",""大数据"",""数据科学与大数据技术"",""网络工程"",""计算机"",""计算机科学与技术"",""软件工程""],""role_terms"":[""信息化"",""信息技术"",""智慧"",""电子信息""],""reason"":""tech_major_and_role""},""original"":{""部门代码"":""129132"",""部门名称"":""江门海关"",""用人司局"":""江门海关"",""机构性质"":""中央国家行政机关省级以下直属机构"",""招考职位"":""科技管理（电子信息化类）四级主管及以下"",""职位属性"":""普通职位"",""职位分布"":""其他职位"",""职位简介"":""从事海关国门安全信息技术、智慧海关建设工作。"",""职位代码"":""300110001001"",""机构层级"":""省（副省）级"",""考试类别"":""中央机关及其省级直属机构综合管理类"",""招考人数"":""1"",""专业"":""本科：人工智能、软件工程、计算机科学与技术、网络工程、信息安全、数据科学与大数据技术；研究生：人工智能、软件工程、网络与信息安全、计算机软件与理论、计算机应用技术、计算机系统结构、大数据技术与工程"",""学历"":""本科或硕士研究生"",""学位"":""与最高学历相对应的学位"",""政治面貌"":""不限"",""基层工作最低年限"":""二年"",""服务基层项目工作经历"":""无限制"",""是否在面试阶段组织专业能力测试"":""是"",""面试人员比例"":""3:1"",""工作地点"":""广东省江门市"",""落户地点"":""广东省江门市"",""备注"":""本科生大学英语四级考试425分及以上，研究生大学英语六级考试425分及以上；本职位所指专业为具体专业名称；考生必须具备与填报学历及专业相应的学位；专业能力测试安排，详见海关总署网站（www.customs.gov.cn）。"",""部门网站"":""http://jiangmen.customs.gov.cn/"",""咨询电话1"":""0750-3263253"",""咨询电话2"":""0750-3263243"",""咨询电话3"":""0750-3263397"",""来源Sheet"":""中央国家行政机关省级以下直属机构""}}"
"government_jobs","国家公务员2025招考简章","公务员/事业单位技术岗位","广东省江门市","2026-07-28T09:12:58.310295+00:00","风险防控（统计分析应用类）四级主管及以下","江门海关","","广东省江门市","公务员/事业单位;2025;computer_software;本科或硕士研究生;与最高学历相对应的学位;本科：数学与应用数学、数据计算及应用、信息与计算科学；研究生：应用数学、基础数学、计算数学;中央机关及其省级直属机构综合管理类","用人司局：江门海关风险防控分局
职位简介：从事海关风险防控、智慧海关建设工作。
专业要求：本科：数学与应用数学、数据计算及应用、信息与计算科学；研究生：应用数学、基础数学、计算数学
学历要求：本科或硕士研究生
学位要求：与最高学历相对应的学位
政治面貌：不限
基层工作经历：二年
考试类别：中央机关及其省级直属机构综合管理类
备注：本科生大学英语四级考试425分及以上，研究生大学英语六级考试425分及以上；本职位所指专业为具体专业名称；考生必须具备与填报学历及专业相应的学位；专业能力测试安排，详见海关总署网站（www.customs.gov.cn）。","https://www.xjhc.gov.cn/xjhc/c116834/202410/a29382e11a674da3be3353af65f9fcc5.shtml#129132-300110010001","2024-10-14","{""dataset_year"":2025,""job_uid"":""GOV-2025-129132-300110010001"",""publisher"":""国家公务员局"",""publication_page"":""https://www.xjhc.gov.cn/xjhc/c116834/202410/a29382e11a674da3be3353af65f9fcc5.shtml"",""attachment_url"":""https://www.xjhc.gov.cn/xjhc/c116834/202410/a29382e11a674da3be3353af65f9fcc5/files/0536cef86e2b46ddad6aae5a3780089e.xls"",""local_source_file"":""2025_guokao_zhaokaojianzhang.xls"",""local_source_sha256"":""07ae6cab368cd21b7a1ac3e8150fe9a3d39ad5171ce76135ff3cccfe50c3e77e"",""source_sheet"":""中央国家行政机关省级以下直属机构"",""filter_version"":""government_tech_v2"",""tech_filter"":{""is_tech"":true,""is_core_tech"":true,""scope"":""core"",""categories"":[""computer_software""],""matched_fields"":[""description""],""major_terms"":[],""role_terms"":[""智慧""],""reason"":""tech_role""},""original"":{""部门代码"":""129132"",""部门名称"":""江门海关"",""用人司局"":""江门海关风险防控分局"",""机构性质"":""中央国家行政机关省级以下直属机构"",""招考职位"":""风险防控（统计分析应用类）四级主管及以下"",""职位属性"":""普通职位"",""职位分布"":""其他职位"",""职位简介"":""从事海关风险防控、智慧海关建设工作。"",""职位代码"":""300110010001"",""机构层级"":""省（副省）级"",""考试类别"":""中央机关及其省级直属机构综合管理类"",""招考人数"":""2"",""专业"":""本科：数学与应用数学、数据计算及应用、信息与计算科学；研究生：应用数学、基础数学、计算数学"",""学历"":""本科或硕士研究生"",""学位"":""与最高学历相对应的学位"",""政治面貌"":""不限"",""基层工作最低年限"":""二年"",""服务基层项目工作经历"":""无限制"",""是否在面试阶段组织专业能力测试"":""是"",""面试人员比例"":""3:1"",""工作地点"":""广东省江门市"",""落户地点"":""广东省江门市"",""备注"":""本科生大学英语四级考试425分及以上，研究生大学英语六级考试425分及以上；本职位所指专业为具体专业名称；考生必须具备与填报学历及专业相应的学位；专业能力测试安排，详见海关总署网站（www.customs.gov.cn）。"",""部门网站"":""http://jiangmen.customs.gov.cn/"",""咨询电话1"":""0750-3263253"",""咨询电话2"":""0750-3263243"",""咨询电话3"":""0750-3263397"",""来源Sheet"":""中央国家行政机关省级以下直属机构""}}"
"government_jobs","国家公务员2025招考简章","公务员/事业单位技术岗位","广西壮族自治区","2026-07-28T09:12:58.310295+00:00","关税处（统计分析应用类）二级主管及以下","南宁海关","","广西壮族自治区","公务员/事业单位;2025;computer_software;硕士研究生及以上;与最高学历相对应的学位;统计学、计算数学、应用数学、经济统计、经济统计学、经济信息管理学、全球价值链、经济计算与模拟、大数据经济、大数据技术与工程;中央机关及其省级直属机构综合管理类","用人司局：南宁海关
职位简介：从事海关关税管理、智慧海关建设工作。
专业要求：统计学、计算数学、应用数学、经济统计、经济统计学、经济信息管理学、全球价值链、经济计算与模拟、大数据经济、大数据技术与工程
学历要求：硕士研究生及以上
学位要求：与最高学历相对应的学位
政治面貌：不限
基层工作经历：二年
考试类别：中央机关及其省级直属机构综合管理类
备注：大学英语六级考试425分及以上；最低服务期5年（含试用期）；本职位所指专业为具体专业名称；考生须具备与填报学历及专业相应的学位；须服从关区二次调配；专业能力测试安排，详见海关总署网站（www.customs.gov.cn）。","https://www.xjhc.gov.cn/xjhc/c116834/202410/a29382e11a674da3be3353af65f9fcc5.shtml#129134-300110001001","2024-10-14","{""dataset_year"":2025,""job_uid"":""GOV-2025-129134-300110001001"",""publisher"":""国家公务员局"",""publication_page"":""https://www.xjhc.gov.cn/xjhc/c116834/202410/a29382e11a674da3be3353af65f9fcc5.shtml"",""attachment_url"":""https://www.xjhc.gov.cn/xjhc/c116834/202410/a29382e11a674da3be3353af65f9fcc5/files/0536cef86e2b46ddad6aae5a3780089e.xls"",""local_source_file"":""2025_guokao_zhaokaojianzhang.xls"",""local_source_sha256"":""07ae6cab368cd21b7a1ac3e8150fe9a3d39ad5171ce76135ff3cccfe50c3e77e"",""source_sheet"":""中央国家行政机关省级以下直属机构"",""filter_version"":""government_tech_v2"",""tech_filter"":{""is_tech"":true,""is_core_tech"":true,""scope"":""core"",""categories"":[""computer_software""],""matched_fields"":[""major"",""description""],""major_terms"":[""大数据""],""role_terms"":[""智慧""],""reason"":""tech_major_and_role""},""original"":{""部门代码"":""129134"",""部门名称"":""南宁海关"",""用人司局"":""南宁海关"",""机构性质"":""中央国家行政机关省级以下直属机构"",""招考职位"":""关税处（统计分析应用类）二级主管及以下"",""职位属性"":""普通职位"",""职位分布"":""其他职位"",""职位简介"":""从事海关关税管理、智慧海关建设工作。"",""职位代码"":""300110001001"",""机构层级"":""省（副省）级"",""考试类别"":""中央机关及其省级直属机构综合管理类"",""招考人数"":""1"",""专业"":""统计学、计算数学、应用数学、经济统计、经济统计学、经济信息管理学、全球价值链、经济计算与模拟、大数据经济、大数据技术与工程"",""学历"":""硕士研究生及以上"",""学位"":""与最高学历相对应的学位"",""政治面貌"":""不限"",""基层工作最低年限"":""二年"",""服务基层项目工作经历"":""无限制"",""是否在面试阶段组织专业能力测试"":""是"",""面试人员比例"":""3:1"",""工作地点"":""广西壮族自治区"",""落户地点"":""广西壮族自治区"",""备注"":""大学英语六级考试425分及以上；最低服务期5年（含试用期）；本职位所指专业为具体专业名称；考生须具备与填报学历及专业相应的学位；须服从关区二次调配；专业能力测试安排，详见海关总署网站（www.customs.gov.cn）。"",""部门网站"":""nanning.customs.gov.cn"",""咨询电话1"":""0771-5368960"",""咨询电话2"":""0771-5368961"",""咨询电话3"":"""",""来源Sheet"":""中央国家行政机关省级以下直属机构""}}"
"government_jobs","国家公务员2025招考简章","公务员/事业单位技术岗位","广西壮族自治区","2026-07-28T09:12:58.310295+00:00","科技处（电子信息化类）二级主管及以下","南宁海关","","广西壮族自治区","公务员/事业单位;2025;automation_robotics;computer_software;cybersecurity_cryptography;electronics_communication;硕士研究生及以上;与最高学历相对应的学位;大数据技术与工程、计算机技术、人工智能、软件工程、网络与信息安全、机器人工程、网络空间安全、人工智能科学与工程、大数据科学与工程、物联网工程;中央机关及其省级直属机构综合管理类","用人司局：南宁海关
职位简介：从事海关国门安全信息技术、智慧海关建设工作。
专业要求：大数据技术与工程、计算机技术、人工智能、软件工程、网络与信息安全、机器人工程、网络空间安全、人工智能科学与工程、大数据科学与工程、物联网工程
学历要求：硕士研究生及以上
学位要求：与最高学历相对应的学位
政治面貌：不限
基层工作经历：二年
考试类别：中央机关及其省级直属机构综合管理类
备注：大学英语六级考试425分及以上；最低服务期5年（含试用期）；本职位所指专业为具体专业名称；考生须具备与填报学历及专业相应的学位；须服从关区二次调配；专业能力测试安排，详见海关总署网站（www.customs.gov.cn）。","https://www.xjhc.gov.cn/xjhc/c116834/202410/a29382e11a674da3be3353af65f9fcc5.shtml#129134-300110001002","2024-10-14","{""dataset_year"":2025,""job_uid"":""GOV-2025-129134-300110001002"",""publisher"":""国家公务员局"",""publication_page"":""https://www.xjhc.gov.cn/xjhc/c116834/202410/a29382e11a674da3be3353af65f9fcc5.shtml"",""attachment_url"":""https://www.xjhc.gov.cn/xjhc/c116834/202410/a29382e11a674da3be3353af65f9fcc5/files/0536cef86e2b46ddad6aae5a3780089e.xls"",""local_source_file"":""2025_guokao_zhaokaojianzhang.xls"",""local_source_sha256"":""07ae6cab368cd21b7a1ac3e8150fe9a3d39ad5171ce76135ff3cccfe50c3e77e"",""source_sheet"":""中央国家行政机关省级以下直属机构"",""filter_version"":""government_tech_v2"",""tech_filter"":{""is_tech"":true,""is_core_tech"":true,""scope"":""core"",""categories"":[""automation_robotics"",""computer_software"",""cybersecurity_cryptography"",""electronics_communication""],""matched_fields"":[""major"",""job_title"",""description""],""major_terms"":[""人工智能"",""信息安全"",""大数据"",""数据科学"",""机器人工程"",""物联网工程"",""网络空间安全"",""计算机技术"",""软件工程""],""role_terms"":[""信息化"",""信息技术"",""智慧"",""电子信息""],""reason"":""tech_major_and_role""},""original"":{""部门代码"":""129134"",""部门名称"":""南宁海关"",""用人司局"":""南宁海关"",""机构性质"":""中央国家行政机关省级以下直属机构"",""招考职位"":""科技处（电子信息化类）二级主管及以下"",""职位属性"":""普通职位"",""职位分布"":""其他职位"",""职位简介"":""从事海关国门安全信息技术、智慧海关建设工作。"",""职位代码"":""300110001002"",""机构层级"":""省（副省）级"",""考试类别"":""中央机关及其省级直属机构综合管理类"",""招考人数"":""1"",""专业"":""大数据技术与工程、计算机技术、人工智能、软件工程、网络与信息安全、机器人工程、网络空间安全、人工智能科学与工程、大数据科学与工程、物联网工程"",""学历"":""硕士研究生及以上"",""学位"":""与最高学历相对应的学位"",""政治面貌"":""不限"",""基层工作最低年限"":""二年"",""服务基层项目工作经历"":""无限制"",""是否在面试阶段组织专业能力测试"":""是"",""面试人员比例"":""3:1"",""工作地点"":""广西壮族自治区"",""落户地点"":""广西壮族自治区"",""备注"":""大学英语六级考试425分及以上；最低服务期5年（含试用期）；本职位所指专业为具体专业名称；考生须具备与填报学历及专业相应的学位；须服从关区二次调配；专业能力测试安排，详见海关总署网站（www.customs.gov.cn）。"",""部门网站"":""nanning.customs.gov.cn"",""咨询电话1"":""0771-5368960"",""咨询电话2"":""0771-5368961"",""咨询电话3"":"""",""来源Sheet"":""中央国家行政机关省级以下直属机构""}}"
"government_jobs","国家公务员2025招考简章","公务员/事业单位技术岗位","广西壮族自治区","2026-07-28T09:12:58.310295+00:00","风险管理（统计分析应用类）二级主管及以下","南宁海关","","广西壮族自治区","公务员/事业单位;2025;computer_software;硕士研究生及以上;与最高学历相对应的学位;基础数学、计算数学、概率论与数理统计、应用数学、运筹学与控制论、大数据技术与工程、统计学、应用统计;中央机关及其省级直属机构综合管理类","用人司局：南宁海关风险防控分局
职位简介：从事海关风险防控、智慧海关建设工作。
专业要求：基础数学、计算数学、概率论与数理统计、应用数学、运筹学与控制论、大数据技术与工程、统计学、应用统计
学历要求：硕士研究生及以上
学位要求：与最高学历相对应的学位
政治面貌：不限
基层工作经历：二年
考试类别：中央机关及其省级直属机构综合管理类
备注：大学英语六级考试425分及以上；最低服务期5年（含试用期）；本职位所指专业为具体专业名称；考生须具备与填报学历及专业相应的学位；须服从关区二次调配；专业能力测试安排，详见海关总署网站（www.customs.gov.cn）。","https://www.xjhc.gov.cn/xjhc/c116834/202410/a29382e11a674da3be3353af65f9fcc5.shtml#129134-300110002001","2024-10-14","{""dataset_year"":2025,""job_uid"":""GOV-2025-129134-300110002001"",""publisher"":""国家公务员局"",""publication_page"":""https://www.xjhc.gov.cn/xjhc/c116834/202410/a29382e11a674da3be3353af65f9fcc5.shtml"",""attachment_url"":""https://www.xjhc.gov.cn/xjhc/c116834/202410/a29382e11a674da3be3353af65f9fcc5/files/0536cef86e2b46ddad6aae5a3780089e.xls"",""local_source_file"":""2025_guokao_zhaokaojianzhang.xls"",""local_source_sha256"":""07ae6cab368cd21b7a1ac3e8150fe9a3d39ad5171ce76135ff3cccfe50c3e77e"",""source_sheet"":""中央国家行政机关省级以下直属机构"",""filter_version"":""government_tech_v2"",""tech_filter"":{""is_tech"":true,""is_core_tech"":true,""scope"":""core"",""categories"":[""computer_software""],""matched_fields"":[""major"",""description""],""major_terms"":[""大数据""],""role_terms"":[""智慧""],""reason"":""tech_major_and_role""},""original"":{""部门代码"":""129134"",""部门名称"":""南宁海关"",""用人司局"":""南宁海关风险防控分局"",""机构性质"":""中央国家行政机关省级以下直属机构"",""招考职位"":""风险管理（统计分析应用类）二级主管及以下"",""职位属性"":""普通职位"",""职位分布"":""其他职位"",""职位简介"":""从事海关风险防控、智慧海关建设工作。"",""职位代码"":""300110002001"",""机构层级"":""省（副省）级"",""考试类别"":""中央机关及其省级直属机构综合管理类"",""招考人数"":""2"",""专业"":""基础数学、计算数学、概率论与数理统计、应用数学、运筹学与控制论、大数据技术与工程、统计学、应用统计"",""学历"":""硕士研究生及以上"",""学位"":""与最高学历相对应的学位"",""政治面貌"":""不限"",""基层工作最低年限"":""二年"",""服务基层项目工作经历"":""无限制"",""是否在面试阶段组织专业能力测试"":""是"",""面试人员比例"":""3:1"",""工作地点"":""广西壮族自治区"",""落户地点"":""广西壮族自治区"",""备注"":""大学英语六级考试425分及以上；最低服务期5年（含试用期）；本职位所指专业为具体专业名称；考生须具备与填报学历及专业相应的学位；须服从关区二次调配；专业能力测试安排，详见海关总署网站（www.customs.gov.cn）。"",""部门网站"":""nanning.customs.gov.cn"",""咨询电话1"":""0771-5368960"",""咨询电话2"":""0771-5368961"",""咨询电话3"":"""",""来源Sheet"":""中央国家行政机关省级以下直属机构""}}"
"government_jobs","国家公务员2025招考简章","公务员/事业单位技术岗位","海南省","2026-07-28T09:12:58.310295+00:00","风险管理（统计分析应用类）二级主管及以下","海口海关","","海南省","公务员/事业单位;2025;computer_software;本科及以上;与最高学历相对应的学位;本科：数学与应用数学、信息与计算科学、数据计算及应用、统计学、应用统计学、大数据管理与应用；研究生：统计学、概率论与数理统计、应用数学;中央机关及其省级直属机构综合管理类","用人司局：海口海关风险防控分局
职位简介：从事海关风险管理及智慧海关建设工作。
专业要求：本科：数学与应用数学、信息与计算科学、数据计算及应用、统计学、应用统计学、大数据管理与应用；研究生：统计学、概率论与数理统计、应用数学
学历要求：本科及以上
学位要求：与最高学历相对应的学位
政治面貌：不限
基层工作经历：二年
考试类别：中央机关及其省级直属机构综合管理类
备注：本科生大学英语四级考试425分及以上，研究生大学英语六级考试425分及以上；本职位所指专业为具体专业名称；考生必须具备与填报学历及专业相应的学位；专业能力测试安排，详见海关总署网站（www.customs.gov.cn）。","https://www.xjhc.gov.cn/xjhc/c116834/202410/a29382e11a674da3be3353af65f9fcc5.shtml#129135-300110011001","2024-10-14","{""dataset_year"":2025,""job_uid"":""GOV-2025-129135-300110011001"",""publisher"":""国家公务员局"",""publication_page"":""https://www.xjhc.gov.cn/xjhc/c116834/202410/a29382e11a674da3be3353af65f9fcc5.shtml"",""attachment_url"":""https://www.xjhc.gov.cn/xjhc/c116834/202410/a29382e11a674da3be3353af65f9fcc5/files/0536cef86e2b46ddad6aae5a3780089e.xls"",""local_source_file"":""2025_guokao_zhaokaojianzhang.xls"",""local_source_sha256"":""07ae6cab368cd21b7a1ac3e8150fe9a3d39ad5171ce76135ff3cccfe50c3e77e"",""source_sheet"":""中央国家行政机关省级以下直属机构"",""filter_version"":""government_tech_v2"",""tech_filter"":{""is_tech"":true,""is_core_tech"":true,""scope"":""core"",""categories"":[""computer_software""],""matched_fields"":[""major"",""description""],""major_terms"":[""大数据""],""role_terms"":[""智慧""],""reason"":""tech_major_and_role""},""original"":{""部门代码"":""129135"",""部门名称"":""海口海关"",""用人司局"":""海口海关风险防控分局"",""机构性质"":""中央国家行政机关省级以下直属机构"",""招考职位"":""风险管理（统计分析应用类）二级主管及以下"",""职位属性"":""普通职位"",""职位分布"":""其他职位"",""职位简介"":""从事海关风险管理及智慧海关建设工作。"",""职位代码"":""300110011001"",""机构层级"":""省（副省）级"",""考试类别"":""中央机关及其省级直属机构综合管理类"",""招考人数"":""1"",""专业"":""本科：数学与应用数学、信息与计算科学、数据计算及应用、统计学、应用统计学、大数据管理与应用；研究生：统计学、概率论与数理统计、应用数学"",""学历"":""本科及以上"",""学位"":""与最高学历相对应的学位"",""政治面貌"":""不限"",""基层工作最低年限"":""二年"",""服务基层项目工作经历"":""无限制"",""是否在面试阶段组织专业能力测试"":""是"",""面试人员比例"":""3:1"",""工作地点"":""海南省"",""落户地点"":""海南省"",""备注"":""本科生大学英语四级考试425分及以上，研究生大学英语六级考试425分及以上；本职位所指专业为具体专业名称；考生必须具备与填报学历及专业相应的学位；专业能力测试安排，详见海关总署网站（www.customs.gov.cn）。"",""部门网站"":""http://haikou.customs.gov.cn"",""咨询电话1"":""0898-68516212"",""咨询电话2"":""0898-68516213"",""咨询电话3"":""0898-68516358"",""来源Sheet"":""中央国家行政机关省级以下直属机构""}}"
"government_jobs","国家公务员2025招考简章","公务员/事业单位技术岗位","海南省","2026-07-28T09:12:58.310295+00:00","风险管理（电子信息化类）二级主管及以下","海口海关","","海南省","公务员/事业单位;2025;computer_software;cybersecurity_cryptography;electronics_communication;本科及以上;与最高学历相对应的学位;本科：计算机科学与技术、软件工程、网络工程、信息安全、物联网工程、智能科学与技术、电子与计算机工程、数据科学与大数据技术；研究生：计算机系统结构、计算机软件与理论、计算机应用技术、软件工程;中央机关及其省级直属机构综合管理类","用人司局：海口海关风险防控分局
职位简介：从事海关风险管理及智慧海关建设工作。
专业要求：本科：计算机科学与技术、软件工程、网络工程、信息安全、物联网工程、智能科学与技术、电子与计算机工程、数据科学与大数据技术；研究生：计算机系统结构、计算机软件与理论、计算机应用技术、软件工程
学历要求：本科及以上
学位要求：与最高学历相对应的学位
政治面貌：不限
基层工作经历：二年
考试类别：中央机关及其省级直属机构综合管理类
备注：本科生大学英语四级考试425分及以上，研究生大学英语六级考试425分及以上；本职位所指专业为具体专业名称；考生必须具备与填报学历及专业相应的学位；专业能力测试安排，详见海关总署网站（www.customs.gov.cn）。","https://www.xjhc.gov.cn/xjhc/c116834/202410/a29382e11a674da3be3353af65f9fcc5.shtml#129135-300110011002","2024-10-14","{""dataset_year"":2025,""job_uid"":""GOV-2025-129135-300110011002"",""publisher"":""国家公务员局"",""publication_page"":""https://www.xjhc.gov.cn/xjhc/c116834/202410/a29382e11a674da3be3353af65f9fcc5.shtml"",""attachment_url"":""https://www.xjhc.gov.cn/xjhc/c116834/202410/a29382e11a674da3be3353af65f9fcc5/files/0536cef86e2b46ddad6aae5a3780089e.xls"",""local_source_file"":""2025_guokao_zhaokaojianzhang.xls"",""local_source_sha256"":""07ae6cab368cd21b7a1ac3e8150fe9a3d39ad5171ce76135ff3cccfe50c3e77e"",""source_sheet"":""中央国家行政机关省级以下直属机构"",""filter_version"":""government_tech_v2"",""tech_filter"":{""is_tech"":true,""is_core_tech"":true,""scope"":""core"",""categories"":[""computer_software"",""cybersecurity_cryptography"",""electronics_communication""],""matched_fields"":[""major"",""job_title"",""description""],""major_terms"":[""信息安全"",""大数据"",""数据科学与大数据技术"",""智能科学与技术"",""物联网工程"",""网络工程"",""计算机"",""计算机科学与技术"",""软件工程""],""role_terms"":[""信息化"",""智慧"",""电子信息""],""reason"":""tech_major_and_role""},""original"":{""部门代码"":""129135"",""部门名称"":""海口海关"",""用人司局"":""海口海关风险防控分局"",""机构性质"":""中央国家行政机关省级以下直属机构"",""招考职位"":""风险管理（电子信息化类）二级主管及以下"",""职位属性"":""普通职位"",""职位分布"":""其他职位"",""职位简介"":""从事海关风险管理及智慧海关建设工作。"",""职位代码"":""300110011002"",""机构层级"":""省（副省）级"",""考试类别"":""中央机关及其省级直属机构综合管理类"",""招考人数"":""1"",""专业"":""本科：计算机科学与技术、软件工程、网络工程、信息安全、物联网工程、智能科学与技术、电子与计算机工程、数据科学与大数据技术；研究生：计算机系统结构、计算机软件与理论、计算机应用技术、软件工程"",""学历"":""本科及以上"",""学位"":""与最高学历相对应的学位"",""政治面貌"":""不限"",""基层工作最低年限"":""二年"",""服务基层项目工作经历"":""无限制"",""是否在面试阶段组织专业能力测试"":""是"",""面试人员比例"":""3:1"",""工作地点"":""海南省"",""落户地点"":""海南省"",""备注"":""本科生大学英语四级考试425分及以上，研究生大学英语六级考试425分及以上；本职位所指专业为具体专业名称；考生必须具备与填报学历及专业相应的学位；专业能力测试安排，详见海关总署网站（www.customs.gov.cn）。"",""部门网站"":""http://haikou.customs.gov.cn"",""咨询电话1"":""0898-68516212"",""咨询电话2"":""0898-68516213"",""咨询电话3"":""0898-68516358"",""来源Sheet"":""中央国家行政机关省级以下直属机构""}}"
"government_jobs","国家公务员2025招考简章","公务员/事业单位技术岗位","重庆市","2026-07-28T09:12:58.310295+00:00","科技处（电子信息化类）四级主管及以下","重庆海关","","重庆市","公务员/事业单位;2025;computer_software;electronics_communication;本科或硕士研究生;与最高学历相对应的学位;计算机科学与技术、软件工程、网络工程;中央机关及其省级直属机构综合管理类","用人司局：重庆海关
职位简介：从事海关国门安全信息技术、智慧海关建设工作。
专业要求：计算机科学与技术、软件工程、网络工程
学历要求：本科或硕士研究生
学位要求：与最高学历相对应的学位
政治面貌：不限
基层工作经历：二年
考试类别：中央机关及其省级直属机构综合管理类
备注：基层工作经历限定从事专业相关工作岗位；本科生大学英语四级考试425分及以上，研究生大学英语六级考试425分及以上；本职位所指专业为具体专业名称；考生必须具备与填报学历及专业相应的学位；专业能力测试安排，详见海关总署网站（www.customs.gov.cn）。","https://www.xjhc.gov.cn/xjhc/c116834/202410/a29382e11a674da3be3353af65f9fcc5.shtml#129136-300110001002","2024-10-14","{""dataset_year"":2025,""job_uid"":""GOV-2025-129136-300110001002"",""publisher"":""国家公务员局"",""publication_page"":""https://www.xjhc.gov.cn/xjhc/c116834/202410/a29382e11a674da3be3353af65f9fcc5.shtml"",""attachment_url"":""https://www.xjhc.gov.cn/xjhc/c116834/202410/a29382e11a674da3be3353af65f9fcc5/files/0536cef86e2b46ddad6aae5a3780089e.xls"",""local_source_file"":""2025_guokao_zhaokaojianzhang.xls"",""local_source_sha256"":""07ae6cab368cd21b7a1ac3e8150fe9a3d39ad5171ce76135ff3cccfe50c3e77e"",""source_sheet"":""中央国家行政机关省级以下直属机构"",""filter_version"":""government_tech_v2"",""tech_filter"":{""is_tech"":true,""is_core_tech"":true,""scope"":""core"",""categories"":[""computer_software"",""electronics_communication""],""matched_fields"":[""major"",""job_title"",""description""],""major_terms"":[""网络工程"",""计算机科学与技术"",""软件工程""],""role_terms"":[""信息化"",""信息技术"",""智慧"",""电子信息""],""reason"":""tech_major_and_role""},""original"":{""部门代码"":""129136"",""部门名称"":""重庆海关"",""用人司局"":""重庆海关"",""机构性质"":""中央国家行政机关省级以下直属机构"",""招考职位"":""科技处（电子信息化类）四级主管及以下"",""职位属性"":""普通职位"",""职位分布"":""其他职位"",""职位简介"":""从事海关国门安全信息技术、智慧海关建设工作。"",""职位代码"":""300110001002"",""机构层级"":""省（副省）级"",""考试类别"":""中央机关及其省级直属机构综合管理类"",""招考人数"":""1"",""专业"":""计算机科学与技术、软件工程、网络工程"",""学历"":""本科或硕士研究生"",""学位"":""与最高学历相对应的学位"",""政治面貌"":""不限"",""基层工作最低年限"":""二年"",""服务基层项目工作经历"":""无限制"",""是否在面试阶段组织专业能力测试"":""是"",""面试人员比例"":""3:1"",""工作地点"":""重庆市"",""落户地点"":""重庆市"",""备注"":""基层工作经历限定从事专业相关工作岗位；本科生大学英语四级考试425分及以上，研究生大学英语六级考试425分及以上；本职位所指专业为具体专业名称；考生必须具备与填报学历及专业相应的学位；专业能力测试安排，详见海关总署网站（www.customs.gov.cn）。"",""部门网站"":""http://chongqing.customs.gov.cn"",""咨询电话1"":""023-67709468"",""咨询电话2"":""023-67709467"",""咨询电话3"":"""",""来源Sheet"":""中央国家行政机关省级以下直属机构""}}"
"government_jobs","国家公务员2025招考简章","公务员/事业单位技术岗位","四川省","2026-07-28T09:12:58.310295+00:00","科技管理（统计分析应用类）一级行政执法员","成都海关","","四川省","公务员/事业单位;2025;computer_software;data_ai;仅限本科;学士;大数据管理与应用、数据科学与大数据技术、数据计算及应用、统计学、应用统计学;行政执法类","用人司局：成都双流机场海关
职位简介：从事海关数据统计分析运用及智慧海关建设工作。
专业要求：大数据管理与应用、数据科学与大数据技术、数据计算及应用、统计学、应用统计学
学历要求：仅限本科
学位要求：学士
政治面貌：不限
基层工作经历：无限制
考试类别：行政执法类
备注：限2025届高校毕业生；大学英语四级考试425分及以上；现场一线岗位；需24小时倒班；住宿自理；本职位所指专业为具体专业名称；考生必须具备与填报学历及专业相应的学位；服从关区二次调配；专业能力测试安排，详见海关总署网站（www.customs.gov.cn）。","https://www.xjhc.gov.cn/xjhc/c116834/202410/a29382e11a674da3be3353af65f9fcc5.shtml#129137-300110002005","2024-10-14","{""dataset_year"":2025,""job_uid"":""GOV-2025-129137-300110002005"",""publisher"":""国家公务员局"",""publication_page"":""https://www.xjhc.gov.cn/xjhc/c116834/202410/a29382e11a674da3be3353af65f9fcc5.shtml"",""attachment_url"":""https://www.xjhc.gov.cn/xjhc/c116834/202410/a29382e11a674da3be3353af65f9fcc5/files/0536cef86e2b46ddad6aae5a3780089e.xls"",""local_source_file"":""2025_guokao_zhaokaojianzhang.xls"",""local_source_sha256"":""07ae6cab368cd21b7a1ac3e8150fe9a3d39ad5171ce76135ff3cccfe50c3e77e"",""source_sheet"":""中央国家行政机关省级以下直属机构"",""filter_version"":""government_tech_v2"",""tech_filter"":{""is_tech"":true,""is_core_tech"":true,""scope"":""core"",""categories"":[""computer_software"",""data_ai""],""matched_fields"":[""major"",""description""],""major_terms"":[""大数据"",""数据科学与大数据技术""],""role_terms"":[""数据统计分析"",""智慧""],""reason"":""tech_major_and_role""},""original"":{""部门代码"":""129137"",""部门名称"":""成都海关"",""用人司局"":""成都双流机场海关"",""机构性质"":""中央国家行政机关省级以下直属机构"",""招考职位"":""科技管理（统计分析应用类）一级行政执法员"",""职位属性"":""普通职位"",""职位分布"":""西部地区和艰苦边远地区职位"",""职位简介"":""从事海关数据统计分析运用及智慧海关建设工作。"",""职位代码"":""300110002005"",""机构层级"":""县（区）级及以下"",""考试类别"":""行政执法类"",""招考人数"":""4"",""专业"":""大数据管理与应用、数据科学与大数据技术、数据计算及应用、统计学、应用统计学"",""学历"":""仅限本科"",""学位"":""学士"",""政治面貌"":""不限"",""基层工作最低年限"":""无限制"",""服务基层项目工作经历"":""无限制"",""是否在面试阶段组织专业能力测试"":""是"",""面试人员比例"":""3:1"",""工作地点"":""四川省"",""落户地点"":""四川省"",""备注"":""限2025届高校毕业生；大学英语四级考试425分及以上；现场一线岗位；需24小时倒班；住宿自理；本职位所指专业为具体专业名称；考生必须具备与填报学历及专业相应的学位；服从关区二次调配；专业能力测试安排，详见海关总署网站（www.customs.gov.cn）。"",""部门网站"":""http://chengdu.customs.gov.cn/"",""咨询电话1"":""028-85390378"",""咨询电话2"":""028-85391561"",""咨询电话3"":""028-85391318"",""来源Sheet"":""中央国家行政机关省级以下直属机构""}}"
"government_jobs","国家公务员2025招考简章","公务员/事业单位技术岗位","四川省","2026-07-28T09:12:58.310295+00:00","科技管理（电子信息化类）四级主办及以下","成都海关","","四川省","公务员/事业单位;2025;computer_software;electronics_communication;本科或硕士研究生;与最高学历相对应的学位;计算机科学与技术、软件工程、网络工程、计算机应用技术、计算机软件与理论、通信与信息系统;行政执法类","用人司局：德阳海关
职位简介：从事海关科技管理及智慧海关建设工作。
专业要求：计算机科学与技术、软件工程、网络工程、计算机应用技术、计算机软件与理论、通信与信息系统
学历要求：本科或硕士研究生
学位要求：与最高学历相对应的学位
政治面貌：不限
基层工作经历：无限制
考试类别：行政执法类
备注：限2025届高校毕业生；本科生大学英语四级考试425分及以上，研究生大学英语六级考试425分及以上；现场一线岗位；住宿自理；本职位所指专业为具体专业名称；考生必须具备与填报学历及专业相应的学位；服从关区二次调配；专业能力测试安排，详见海关总署网站（www.customs.gov.cn）。","https://www.xjhc.gov.cn/xjhc/c116834/202410/a29382e11a674da3be3353af65f9fcc5.shtml#129137-300110009001","2024-10-14","{""dataset_year"":2025,""job_uid"":""GOV-2025-129137-300110009001"",""publisher"":""国家公务员局"",""publication_page"":""https://www.xjhc.gov.cn/xjhc/c116834/202410/a29382e11a674da3be3353af65f9fcc5.shtml"",""attachment_url"":""https://www.xjhc.gov.cn/xjhc/c116834/202410/a29382e11a674da3be3353af65f9fcc5/files/0536cef86e2b46ddad6aae5a3780089e.xls"",""local_source_file"":""2025_guokao_zhaokaojianzhang.xls"",""local_source_sha256"":""07ae6cab368cd21b7a1ac3e8150fe9a3d39ad5171ce76135ff3cccfe50c3e77e"",""source_sheet"":""中央国家行政机关省级以下直属机构"",""filter_version"":""government_tech_v2"",""tech_filter"":{""is_tech"":true,""is_core_tech"":true,""scope"":""core"",""categories"":[""computer_software"",""electronics_communication""],""matched_fields"":[""major"",""job_title"",""description""],""major_terms"":[""网络工程"",""计算机"",""计算机科学与技术"",""软件工程""],""role_terms"":[""信息化"",""智慧"",""电子信息""],""reason"":""tech_major_and_role""},""original"":{""部门代码"":""129137"",""部门名称"":""成都海关"",""用人司局"":""德阳海关"",""机构性质"":""中央国家行政机关省级以下直属机构"",""招考职位"":""科技管理（电子信息化类）四级主办及以下"",""职位属性"":""普通职位"",""职位分布"":""西部地区和艰苦边远地区职位"",""职位简介"":""从事海关科技管理及智慧海关建设工作。"",""职位代码"":""300110009001"",""机构层级"":""县（区）级及以下"",""考试类别"":""行政执法类"",""招考人数"":""1"",""专业"":""计算机科学与技术、软件工程、网络工程、计算机应用技术、计算机软件与理论、通信与信息系统"",""学历"":""本科或硕士研究生"",""学位"":""与最高学历相对应的学位"",""政治面貌"":""不限"",""基层工作最低年限"":""无限制"",""服务基层项目工作经历"":""无限制"",""是否在面试阶段组织专业能力测试"":""是"",""面试人员比例"":""3:1"",""工作地点"":""四川省"",""落户地点"":""四川省"",""备注"":""限2025届高校毕业生；本科生大学英语四级考试425分及以上，研究生大学英语六级考试425分及以上；现场一线岗位；住宿自理；本职位所指专业为具体专业名称；考生必须具备与填报学历及专业相应的学位；服从关区二次调配；专业能力测试安排，详见海关总署网站（www.customs.gov.cn）。"",""部门网站"":""http://chengdu.customs.gov.cn/"",""咨询电话1"":""028-85390378"",""咨询电话2"":""028-85391561"",""咨询电话3"":""028-85391318"",""来源Sheet"":""中央国家行政机关省级以下直属机构""}}"
"government_jobs","国家公务员2025招考简章","公务员/事业单位技术岗位","陕西省宝鸡市","2026-07-28T09:12:58.310295+00:00","科技管理（电子信息化类）四级主办及以下","西安海关","","陕西省宝鸡市","公务员/事业单位;2025;computer_software;cybersecurity_cryptography;electronics_communication;本科或硕士研究生;与最高学历相对应的学位;计算机科学与技术、软件工程、网络工程、信息安全、电子与计算机工程、数据科学与大数据技术、计算机系统结构、计算机软件与理论、计算机应用技术;行政执法类","用人司局：宝鸡海关
职位简介：从事海关一线监管及智慧海关建设工作，包括海关货物查验等。
专业要求：计算机科学与技术、软件工程、网络工程、信息安全、电子与计算机工程、数据科学与大数据技术、计算机系统结构、计算机软件与理论、计算机应用技术
学历要求：本科或硕士研究生
学位要求：与最高学历相对应的学位
政治面貌：不限
基层工作经历：无限制
考试类别：行政执法类
备注：限2025届高校毕业生；本科生大学英语四级考试425分及以上，研究生大学英语六级考试425分及以上；现场一线岗位；身体条件须符合《公务员录用体检特殊标准（试行）》；本职位所指专业为具体专业名称；考生必须具备与填报学历及专业相应的学位；住宿自理；服从关区二次调配；专业能力测试安排，详见海关总署网站（www.customs.gov.cn）。","https://www.xjhc.gov.cn/xjhc/c116834/202410/a29382e11a674da3be3353af65f9fcc5.shtml#129141-300110005002","2024-10-14","{""dataset_year"":2025,""job_uid"":""GOV-2025-129141-300110005002"",""publisher"":""国家公务员局"",""publication_page"":""https://www.xjhc.gov.cn/xjhc/c116834/202410/a29382e11a674da3be3353af65f9fcc5.shtml"",""attachment_url"":""https://www.xjhc.gov.cn/xjhc/c116834/202410/a29382e11a674da3be3353af65f9fcc5/files/0536cef86e2b46ddad6aae5a3780089e.xls"",""local_source_file"":""2025_guokao_zhaokaojianzhang.xls"",""local_source_sha256"":""07ae6cab368cd21b7a1ac3e8150fe9a3d39ad5171ce76135ff3cccfe50c3e77e"",""source_sheet"":""中央国家行政机关省级以下直属机构"",""filter_version"":""government_tech_v2"",""tech_filter"":{""is_tech"":true,""is_core_tech"":true,""scope"":""core"",""categories"":[""computer_software"",""cybersecurity_cryptography"",""electronics_communication""],""matched_fields"":[""major"",""job_title"",""description""],""major_terms"":[""信息安全"",""大数据"",""数据科学与大数据技术"",""网络工程"",""计算机"",""计算机科学与技术"",""软件工程""],""role_terms"":[""信息化"",""智慧"",""电子信息""],""reason"":""tech_major_and_role""},""original"":{""部门代码"":""129141"",""部门名称"":""西安海关"",""用人司局"":""宝鸡海关"",""机构性质"":""中央国家行政机关省级以下直属机构"",""招考职位"":""科技管理（电子信息化类）四级主办及以下"",""职位属性"":""普通职位"",""职位分布"":""西部地区和艰苦边远地区职位"",""职位简介"":""从事海关一线监管及智慧海关建设工作，包括海关货物查验等。"",""职位代码"":""300110005002"",""机构层级"":""县（区）级及以下"",""考试类别"":""行政执法类"",""招考人数"":""1"",""专业"":""计算机科学与技术、软件工程、网络工程、信息安全、电子与计算机工程、数据科学与大数据技术、计算机系统结构、计算机软件与理论、计算机应用技术"",""学历"":""本科或硕士研究生"",""学位"":""与最高学历相对应的学位"",""政治面貌"":""不限"",""基层工作最低年限"":""无限制"",""服务基层项目工作经历"":""无限制"",""是否在面试阶段组织专业能力测试"":""是"",""面试人员比例"":""3:1"",""工作地点"":""陕西省宝鸡市"",""落户地点"":""陕西省宝鸡市"",""备注"":""限2025届高校毕业生；本科生大学英语四级考试425分及以上，研究生大学英语六级考试425分及以上；现场一线岗位；身体条件须符合《公务员录用体检特殊标准（试行）》；本职位所指专业为具体专业名称；考生必须具备与填报学历及专业相应的学位；住宿自理；服从关区二次调配；专业能力测试安排，详见海关总署网站（www.customs.gov.cn）。"",""部门网站"":""http://xian.customs.gov.cn"",""咨询电话1"":""029-83196011"",""咨询电话2"":""029-83196338"",""咨询电话3"":"""",""来源Sheet"":""中央国家行政机关省级以下直属机构""}}"
"government_jobs","国家公务员2025招考简章","公务员/事业单位技术岗位","北京市","2026-07-28T09:12:58.310295+00:00","综合处一级主任科员及以下","国家税务总局","","北京市","公务员/事业单位;2025;automation_robotics;computer_software;cybersecurity_cryptography;electronics_communication;硕士研究生及以上;与最高学历相对应的学位;计算机类、电子信息类、自动化类;中央机关及其省级直属机构综合管理类","用人司局：电子税务管理中心
职位简介：从事信息系统开发、设计、运维管理，数据中心管理，网络与信息安全管理等相关工作
专业要求：计算机类、电子信息类、自动化类
学历要求：硕士研究生及以上
学位要求：与最高学历相对应的学位
政治面貌：中共党员
基层工作经历：无限制
考试类别：中央机关及其省级直属机构综合管理类
备注：高等学历教育各阶段均需相应学历和学位；职位要求专业条件为报考者最高学历对应专业。","https://www.xjhc.gov.cn/xjhc/c116834/202410/a29382e11a674da3be3353af65f9fcc5.shtml#130000-400110121003","2024-10-14","{""dataset_year"":2025,""job_uid"":""GOV-2025-130000-400110121003"",""publisher"":""国家公务员局"",""publication_page"":""https://www.xjhc.gov.cn/xjhc/c116834/202410/a29382e11a674da3be3353af65f9fcc5.shtml"",""attachment_url"":""https://www.xjhc.gov.cn/xjhc/c116834/202410/a29382e11a674da3be3353af65f9fcc5/files/0536cef86e2b46ddad6aae5a3780089e.xls"",""local_source_file"":""2025_guokao_zhaokaojianzhang.xls"",""local_source_sha256"":""07ae6cab368cd21b7a1ac3e8150fe9a3d39ad5171ce76135ff3cccfe50c3e77e"",""source_sheet"":""中央国家行政机关参照公务员法管理事业单位"",""filter_version"":""government_tech_v2"",""tech_filter"":{""is_tech"":true,""is_core_tech"":true,""scope"":""core"",""categories"":[""automation_robotics"",""computer_software"",""cybersecurity_cryptography"",""electronics_communication""],""matched_fields"":[""major"",""description""],""major_terms"":[""电子信息类"",""自动化类"",""计算机类""],""role_terms"":[""信息安全"",""信息系统"",""系统开发""],""reason"":""tech_major_and_role""},""original"":{""部门代码"":""130000"",""部门名称"":""国家税务总局"",""用人司局"":""电子税务管理中心"",""机构性质"":""中央国家行政机关参照公务员法管理事业单位"",""招考职位"":""综合处一级主任科员及以下"",""职位属性"":""普通职位"",""职位分布"":""其他职位"",""职位简介"":""从事信息系统开发、设计、运维管理，数据中心管理，网络与信息安全管理等相关工作"",""职位代码"":""400110121003"",""机构层级"":""中央"",""考试类别"":""中央机关及其省级直属机构综合管理类"",""招考人数"":""2"",""专业"":""计算机类、电子信息类、自动化类"",""学历"":""硕士研究生及以上"",""学位"":""与最高学历相对应的学位"",""政治面貌"":""中共党员"",""基层工作最低年限"":""无限制"",""服务基层项目工作经历"":""无限制"",""是否在面试阶段组织专业能力测试"":""否"",""面试人员比例"":""5:1"",""工作地点"":""北京市"",""落户地点"":""北京市"",""备注"":""高等学历教育各阶段均需相应学历和学位；职位要求专业条件为报考者最高学历对应专业。"",""部门网站"":""http://www.chinatax.gov.cn"",""咨询电话1"":""010-63417640"",""咨询电话2"":"""",""咨询电话3"":"""",""来源Sheet"":""中央国家行政机关参照公务员法管理事业单位""}}"
"government_jobs","国家公务员2025招考简章","公务员/事业单位技术岗位","北京市","2026-07-28T09:12:58.310295+00:00","第五税务分局一级主管及以下","国家税务总局北京市税务局","","北京市","公务员/事业单位;2025;computer_software;data_ai;仅限硕士研究生;硕士;计算机类;中央机关及其省级直属机构综合管理类","用人司局：国家税务总局北京市税务局
职位简介：从事税收大数据和风险管理相关工作
专业要求：计算机类
学历要求：仅限硕士研究生
学位要求：硕士
政治面貌：不限
基层工作经历：二年
考试类别：中央机关及其省级直属机构综合管理类
备注：在北京税务系统最低服务年限为5年","https://www.xjhc.gov.cn/xjhc/c116834/202410/a29382e11a674da3be3353af65f9fcc5.shtml#130101-300110019005","2024-10-14","{""dataset_year"":2025,""job_uid"":""GOV-2025-130101-300110019005"",""publisher"":""国家公务员局"",""publication_page"":""https://www.xjhc.gov.cn/xjhc/c116834/202410/a29382e11a674da3be3353af65f9fcc5.shtml"",""attachment_url"":""https://www.xjhc.gov.cn/xjhc/c116834/202410/a29382e11a674da3be3353af65f9fcc5/files/0536cef86e2b46ddad6aae5a3780089e.xls"",""local_source_file"":""2025_guokao_zhaokaojianzhang.xls"",""local_source_sha256"":""07ae6cab368cd21b7a1ac3e8150fe9a3d39ad5171ce76135ff3cccfe50c3e77e"",""source_sheet"":""中央国家行政机关省级以下直属机构"",""filter_version"":""government_tech_v2"",""tech_filter"":{""is_tech"":true,""is_core_tech"":true,""scope"":""core"",""categories"":[""computer_software"",""data_ai""],""matched_fields"":[""major"",""description""],""major_terms"":[""计算机类""],""role_terms"":[""大数据""],""reason"":""tech_major_and_role""},""original"":{""部门代码"":""130101"",""部门名称"":""国家税务总局北京市税务局"",""用人司局"":""国家税务总局北京市税务局"",""机构性质"":""中央国家行政机关省级以下直属机构"",""招考职位"":""第五税务分局一级主管及以下"",""职位属性"":""普通职位"",""职位分布"":""其他职位"",""职位简介"":""从事税收大数据和风险管理相关工作"",""职位代码"":""300110019005"",""机构层级"":""省（副省）级"",""考试类别"":""中央机关及其省级直属机构综合管理类"",""招考人数"":""4"",""专业"":""计算机类"",""学历"":""仅限硕士研究生"",""学位"":""硕士"",""政治面貌"":""不限"",""基层工作最低年限"":""二年"",""服务基层项目工作经历"":""无限制"",""是否在面试阶段组织专业能力测试"":""否"",""面试人员比例"":""5:1"",""工作地点"":""北京市"",""落户地点"":""北京市"",""备注"":""在北京税务系统最低服务年限为5年"",""部门网站"":""http://beijing.chinatax.gov.cn/"",""咨询电话1"":""010-88376079"",""咨询电话2"":"""",""咨询电话3"":"""",""来源Sheet"":""中央国家行政机关省级以下直属机构""}}"
"government_jobs","国家公务员2025招考简章","公务员/事业单位技术岗位","黑龙江省哈尔滨市南岗区","2026-07-28T09:12:58.310295+00:00","第三税务分局（税收大数据和风险管理局）一级主管及以下","国家税务总局黑龙江省税务局","","黑龙江省哈尔滨市南岗区","公务员/事业单位;2025;computer_software;data_ai;electronics_communication;硕士研究生及以上;与最高学历相对应的学位;数学类、统计学类、电子信息类、计算机类;中央机关及其省级直属机构综合管理类","用人司局：国家税务总局黑龙江省税务局
职位简介：从事税务相关工作
专业要求：数学类、统计学类、电子信息类、计算机类
学历要求：硕士研究生及以上
学位要求：与最高学历相对应的学位
政治面貌：不限
基层工作经历：二年
考试类别：中央机关及其省级直属机构综合管理类
备注：在本单位最低服务年限为5年","https://www.xjhc.gov.cn/xjhc/c116834/202410/a29382e11a674da3be3353af65f9fcc5.shtml#130109-300110001010","2024-10-14","{""dataset_year"":2025,""job_uid"":""GOV-2025-130109-300110001010"",""publisher"":""国家公务员局"",""publication_page"":""https://www.xjhc.gov.cn/xjhc/c116834/202410/a29382e11a674da3be3353af65f9fcc5.shtml"",""attachment_url"":""https://www.xjhc.gov.cn/xjhc/c116834/202410/a29382e11a674da3be3353af65f9fcc5/files/0536cef86e2b46ddad6aae5a3780089e.xls"",""local_source_file"":""2025_guokao_zhaokaojianzhang.xls"",""local_source_sha256"":""07ae6cab368cd21b7a1ac3e8150fe9a3d39ad5171ce76135ff3cccfe50c3e77e"",""source_sheet"":""中央国家行政机关省级以下直属机构"",""filter_version"":""government_tech_v2"",""tech_filter"":{""is_tech"":true,""is_core_tech"":true,""scope"":""core"",""categories"":[""computer_software"",""data_ai"",""electronics_communication""],""matched_fields"":[""major"",""job_title""],""major_terms"":[""电子信息类"",""计算机类""],""role_terms"":[""大数据""],""reason"":""tech_major_and_role""},""original"":{""部门代码"":""130109"",""部门名称"":""国家税务总局黑龙江省税务局"",""用人司局"":""国家税务总局黑龙江省税务局"",""机构性质"":""中央国家行政机关省级以下直属机构"",""招考职位"":""第三税务分局（税收大数据和风险管理局）一级主管及以下"",""职位属性"":""普通职位"",""职位分布"":""其他职位"",""职位简介"":""从事税务相关工作"",""职位代码"":""300110001010"",""机构层级"":""省（副省）级"",""考试类别"":""中央机关及其省级直属机构综合管理类"",""招考人数"":""1"",""专业"":""数学类、统计学类、电子信息类、计算机类"",""学历"":""硕士研究生及以上"",""学位"":""与最高学历相对应的学位"",""政治面貌"":""不限"",""基层工作最低年限"":""二年"",""服务基层项目工作经历"":""无限制"",""是否在面试阶段组织专业能力测试"":""否"",""面试人员比例"":""5:1"",""工作地点"":""黑龙江省哈尔滨市南岗区"",""落户地点"":""黑龙江省哈尔滨市南岗区"",""备注"":""在本单位最低服务年限为5年"",""部门网站"":""http://heilongjiang.chinatax.gov.cn/"",""咨询电话1"":""0451-53611289"",""咨询电话2"":"""",""咨询电话3"":"""",""来源Sheet"":""中央国家行政机关省级以下直属机构""}}"
"government_jobs","国家公务员2025招考简章","公务员/事业单位技术岗位","江苏省南京市鼓楼区","2026-07-28T09:12:58.310295+00:00","一级行政执法员（六）","国家税务总局江苏省税务局","","江苏省南京市鼓楼区","公务员/事业单位;2025;computer_software;electronics_communication;本科及以上;与最高学历相对应的学位;电子信息类、计算机类;行政执法类","用人司局：国家税务总局南京市鼓楼区税务局
职位简介：从事税收信息化管理工作
专业要求：电子信息类、计算机类
学历要求：本科及以上
学位要求：与最高学历相对应的学位
政治面貌：不限
基层工作经历：无限制
考试类别：行政执法类
备注：2025届高校毕业生，本单位不提供宿舍，在本单位最低服务年限为5年","https://www.xjhc.gov.cn/xjhc/c116834/202410/a29382e11a674da3be3353af65f9fcc5.shtml#130111-300110050006","2024-10-14","{""dataset_year"":2025,""job_uid"":""GOV-2025-130111-300110050006"",""publisher"":""国家公务员局"",""publication_page"":""https://www.xjhc.gov.cn/xjhc/c116834/202410/a29382e11a674da3be3353af65f9fcc5.shtml"",""attachment_url"":""https://www.xjhc.gov.cn/xjhc/c116834/202410/a29382e11a674da3be3353af65f9fcc5/files/0536cef86e2b46ddad6aae5a3780089e.xls"",""local_source_file"":""2025_guokao_zhaokaojianzhang.xls"",""local_source_sha256"":""07ae6cab368cd21b7a1ac3e8150fe9a3d39ad5171ce76135ff3cccfe50c3e77e"",""source_sheet"":""中央国家行政机关省级以下直属机构"",""filter_version"":""government_tech_v2"",""tech_filter"":{""is_tech"":true,""is_core_tech"":true,""scope"":""core"",""categories"":[""computer_software"",""electronics_communication""],""matched_fields"":[""major"",""description""],""major_terms"":[""电子信息类"",""计算机类""],""role_terms"":[""信息化""],""reason"":""tech_major_and_role""},""original"":{""部门代码"":""130111"",""部门名称"":""国家税务总局江苏省税务局"",""用人司局"":""国家税务总局南京市鼓楼区税务局"",""机构性质"":""中央国家行政机关省级以下直属机构"",""招考职位"":""一级行政执法员（六）"",""职位属性"":""普通职位"",""职位分布"":""其他职位"",""职位简介"":""从事税收信息化管理工作"",""职位代码"":""300110050006"",""机构层级"":""县（区）级及以下"",""考试类别"":""行政执法类"",""招考人数"":""1"",""专业"":""电子信息类、计算机类"",""学历"":""本科及以上"",""学位"":""与最高学历相对应的学位"",""政治面貌"":""不限"",""基层工作最低年限"":""无限制"",""服务基层项目工作经历"":""无限制"",""是否在面试阶段组织专业能力测试"":""否"",""面试人员比例"":""3:1"",""工作地点"":""江苏省南京市鼓楼区"",""落户地点"":""江苏省南京市"",""备注"":""2025届高校毕业生，本单位不提供宿舍，在本单位最低服务年限为5年"",""部门网站"":""https://jiangsu.chinatax.gov.cn/"",""咨询电话1"":""025-86634478"",""咨询电话2"":"""",""咨询电话3"":"""",""来源Sheet"":""中央国家行政机关省级以下直属机构""}}"
"government_jobs","国家公务员2025招考简章","公务员/事业单位技术岗位","江苏省南京市栖霞区","2026-07-28T09:12:58.310295+00:00","一级行政执法员（三）","国家税务总局江苏省税务局","","江苏省南京市栖霞区","公务员/事业单位;2025;computer_software;electronics_communication;本科及以上;与最高学历相对应的学位;电子信息类、计算机类;行政执法类","用人司局：国家税务总局南京市栖霞区税务局
职位简介：从事税收信息化管理工作
专业要求：电子信息类、计算机类
学历要求：本科及以上
学位要求：与最高学历相对应的学位
政治面貌：不限
基层工作经历：无限制
考试类别：行政执法类
备注：2025届高校毕业生，本单位不提供宿舍，在本单位最低服务年限为5年","https://www.xjhc.gov.cn/xjhc/c116834/202410/a29382e11a674da3be3353af65f9fcc5.shtml#130111-300110060003","2024-10-14","{""dataset_year"":2025,""job_uid"":""GOV-2025-130111-300110060003"",""publisher"":""国家公务员局"",""publication_page"":""https://www.xjhc.gov.cn/xjhc/c116834/202410/a29382e11a674da3be3353af65f9fcc5.shtml"",""attachment_url"":""https://www.xjhc.gov.cn/xjhc/c116834/202410/a29382e11a674da3be3353af65f9fcc5/files/0536cef86e2b46ddad6aae5a3780089e.xls"",""local_source_file"":""2025_guokao_zhaokaojianzhang.xls"",""local_source_sha256"":""07ae6cab368cd21b7a1ac3e8150fe9a3d39ad5171ce76135ff3cccfe50c3e77e"",""source_sheet"":""中央国家行政机关省级以下直属机构"",""filter_version"":""government_tech_v2"",""tech_filter"":{""is_tech"":true,""is_core_tech"":true,""scope"":""core"",""categories"":[""computer_software"",""electronics_communication""],""matched_fields"":[""major"",""description""],""major_terms"":[""电子信息类"",""计算机类""],""role_terms"":[""信息化""],""reason"":""tech_major_and_role""},""original"":{""部门代码"":""130111"",""部门名称"":""国家税务总局江苏省税务局"",""用人司局"":""国家税务总局南京市栖霞区税务局"",""机构性质"":""中央国家行政机关省级以下直属机构"",""招考职位"":""一级行政执法员（三）"",""职位属性"":""普通职位"",""职位分布"":""其他职位"",""职位简介"":""从事税收信息化管理工作"",""职位代码"":""300110060003"",""机构层级"":""县（区）级及以下"",""考试类别"":""行政执法类"",""招考人数"":""2"",""专业"":""电子信息类、计算机类"",""学历"":""本科及以上"",""学位"":""与最高学历相对应的学位"",""政治面貌"":""不限"",""基层工作最低年限"":""无限制"",""服务基层项目工作经历"":""无限制"",""是否在面试阶段组织专业能力测试"":""否"",""面试人员比例"":""3:1"",""工作地点"":""江苏省南京市栖霞区"",""落户地点"":""江苏省南京市"",""备注"":""2025届高校毕业生，本单位不提供宿舍，在本单位最低服务年限为5年"",""部门网站"":""https://jiangsu.chinatax.gov.cn/"",""咨询电话1"":""025-86634478"",""咨询电话2"":"""",""咨询电话3"":"""",""来源Sheet"":""中央国家行政机关省级以下直属机构""}}"
"government_jobs","国家公务员2025招考简章","公务员/事业单位技术岗位","江苏省南京市","2026-07-28T09:12:58.310295+00:00","一级行政执法员（三）","国家税务总局江苏省税务局","","江苏省南京市","公务员/事业单位;2025;computer_software;electronics_communication;本科及以上;与最高学历相对应的学位;电子信息类、计算机类;行政执法类","用人司局：国家税务总局南京江北新区税务局
职位简介：从事税收信息化管理工作
专业要求：电子信息类、计算机类
学历要求：本科及以上
学位要求：与最高学历相对应的学位
政治面貌：不限
基层工作经历：无限制
考试类别：行政执法类
备注：2025届高校毕业生，本单位不提供宿舍，在本单位最低服务年限为5年","https://www.xjhc.gov.cn/xjhc/c116834/202410/a29382e11a674da3be3353af65f9fcc5.shtml#130111-300110090003","2024-10-14","{""dataset_year"":2025,""job_uid"":""GOV-2025-130111-300110090003"",""publisher"":""国家公务员局"",""publication_page"":""https://www.xjhc.gov.cn/xjhc/c116834/202410/a29382e11a674da3be3353af65f9fcc5.shtml"",""attachment_url"":""https://www.xjhc.gov.cn/xjhc/c116834/202410/a29382e11a674da3be3353af65f9fcc5/files/0536cef86e2b46ddad6aae5a3780089e.xls"",""local_source_file"":""2025_guokao_zhaokaojianzhang.xls"",""local_source_sha256"":""07ae6cab368cd21b7a1ac3e8150fe9a3d39ad5171ce76135ff3cccfe50c3e77e"",""source_sheet"":""中央国家行政机关省级以下直属机构"",""filter_version"":""government_tech_v2"",""tech_filter"":{""is_tech"":true,""is_core_tech"":true,""scope"":""core"",""categories"":[""computer_software"",""electronics_communication""],""matched_fields"":[""major"",""description""],""major_terms"":[""电子信息类"",""计算机类""],""role_terms"":[""信息化""],""reason"":""tech_major_and_role""},""original"":{""部门代码"":""130111"",""部门名称"":""国家税务总局江苏省税务局"",""用人司局"":""国家税务总局南京江北新区税务局"",""机构性质"":""中央国家行政机关省级以下直属机构"",""招考职位"":""一级行政执法员（三）"",""职位属性"":""普通职位"",""职位分布"":""其他职位"",""职位简介"":""从事税收信息化管理工作"",""职位代码"":""300110090003"",""机构层级"":""县（区）级及以下"",""考试类别"":""行政执法类"",""招考人数"":""1"",""专业"":""电子信息类、计算机类"",""学历"":""本科及以上"",""学位"":""与最高学历相对应的学位"",""政治面貌"":""不限"",""基层工作最低年限"":""无限制"",""服务基层项目工作经历"":""无限制"",""是否在面试阶段组织专业能力测试"":""否"",""面试人员比例"":""3:1"",""工作地点"":""江苏省南京市"",""落户地点"":""江苏省南京市"",""备注"":""2025届高校毕业生，本单位不提供宿舍，在本单位最低服务年限为5年"",""部门网站"":""https://jiangsu.chinatax.gov.cn/"",""咨询电话1"":""025-86634478"",""咨询电话2"":"""",""咨询电话3"":"""",""来源Sheet"":""中央国家行政机关省级以下直属机构""}}"
"government_jobs","国家公务员2025招考简章","公务员/事业单位技术岗位","江苏省无锡市宜兴市","2026-07-28T09:12:58.310295+00:00","一级行政执法员（八）","国家税务总局江苏省税务局","","江苏省无锡市宜兴市","公务员/事业单位;2025;computer_software;electronics_communication;本科及以上;与最高学历相对应的学位;电子信息类、计算机类;行政执法类","用人司局：国家税务总局宜兴市税务局
职位简介：从事税收信息化管理工作
专业要求：电子信息类、计算机类
学历要求：本科及以上
学位要求：与最高学历相对应的学位
政治面貌：不限
基层工作经历：二年
考试类别：行政执法类
备注：本单位不提供宿舍，在本单位最低服务年限为5年","https://www.xjhc.gov.cn/xjhc/c116834/202410/a29382e11a674da3be3353af65f9fcc5.shtml#130111-300110150008","2024-10-14","{""dataset_year"":2025,""job_uid"":""GOV-2025-130111-300110150008"",""publisher"":""国家公务员局"",""publication_page"":""https://www.xjhc.gov.cn/xjhc/c116834/202410/a29382e11a674da3be3353af65f9fcc5.shtml"",""attachment_url"":""https://www.xjhc.gov.cn/xjhc/c116834/202410/a29382e11a674da3be3353af65f9fcc5/files/0536cef86e2b46ddad6aae5a3780089e.xls"",""local_source_file"":""2025_guokao_zhaokaojianzhang.xls"",""local_source_sha256"":""07ae6cab368cd21b7a1ac3e8150fe9a3d39ad5171ce76135ff3cccfe50c3e77e"",""source_sheet"":""中央国家行政机关省级以下直属机构"",""filter_version"":""government_tech_v2"",""tech_filter"":{""is_tech"":true,""is_core_tech"":true,""scope"":""core"",""categories"":[""computer_software"",""electronics_communication""],""matched_fields"":[""major"",""description""],""major_terms"":[""电子信息类"",""计算机类""],""role_terms"":[""信息化""],""reason"":""tech_major_and_role""},""original"":{""部门代码"":""130111"",""部门名称"":""国家税务总局江苏省税务局"",""用人司局"":""国家税务总局宜兴市税务局"",""机构性质"":""中央国家行政机关省级以下直属机构"",""招考职位"":""一级行政执法员（八）"",""职位属性"":""普通职位"",""职位分布"":""其他职位"",""职位简介"":""从事税收信息化管理工作"",""职位代码"":""300110150008"",""机构层级"":""县（区）级及以下"",""考试类别"":""行政执法类"",""招考人数"":""3"",""专业"":""电子信息类、计算机类"",""学历"":""本科及以上"",""学位"":""与最高学历相对应的学位"",""政治面貌"":""不限"",""基层工作最低年限"":""二年"",""服务基层项目工作经历"":""大学生村官、农村义务教育阶段学校教师特设岗位计划、“三支一扶”计划、大学生志愿服务西部计划、在军队服役5年（含）以上的高校毕业生退役士兵"",""是否在面试阶段组织专业能力测试"":""否"",""面试人员比例"":""3:1"",""工作地点"":""江苏省无锡市宜兴市"",""落户地点"":""江苏省无锡市宜兴市"",""备注"":""本单位不提供宿舍，在本单位最低服务年限为5年"",""部门网站"":""https://jiangsu.chinatax.gov.cn/"",""咨询电话1"":""025-86634478"",""咨询电话2"":"""",""咨询电话3"":"""",""来源Sheet"":""中央国家行政机关省级以下直属机构""}}"
"government_jobs","国家公务员2025招考简章","公务员/事业单位技术岗位","江苏省徐州市丰县","2026-07-28T09:12:58.310295+00:00","一级行政执法员（四）","国家税务总局江苏省税务局","","江苏省徐州市丰县","公务员/事业单位;2025;computer_software;electronics_communication;仅限本科;学士;电子信息类、计算机类;行政执法类","用人司局：国家税务总局丰县税务局
职位简介：从事税收信息化管理工作
专业要求：电子信息类、计算机类
学历要求：仅限本科
学位要求：学士
政治面貌：不限
基层工作经历：无限制
考试类别：行政执法类
备注：2025届高校毕业生，本单位不提供宿舍，在本单位最低服务年限为5年","https://www.xjhc.gov.cn/xjhc/c116834/202410/a29382e11a674da3be3353af65f9fcc5.shtml#130111-300110210004","2024-10-14","{""dataset_year"":2025,""job_uid"":""GOV-2025-130111-300110210004"",""publisher"":""国家公务员局"",""publication_page"":""https://www.xjhc.gov.cn/xjhc/c116834/202410/a29382e11a674da3be3353af65f9fcc5.shtml"",""attachment_url"":""https://www.xjhc.gov.cn/xjhc/c116834/202410/a29382e11a674da3be3353af65f9fcc5/files/0536cef86e2b46ddad6aae5a3780089e.xls"",""local_source_file"":""2025_guokao_zhaokaojianzhang.xls"",""local_source_sha256"":""07ae6cab368cd21b7a1ac3e8150fe9a3d39ad5171ce76135ff3cccfe50c3e77e"",""source_sheet"":""中央国家行政机关省级以下直属机构"",""filter_version"":""government_tech_v2"",""tech_filter"":{""is_tech"":true,""is_core_tech"":true,""scope"":""core"",""categories"":[""computer_software"",""electronics_communication""],""matched_fields"":[""major"",""description""],""major_terms"":[""电子信息类"",""计算机类""],""role_terms"":[""信息化""],""reason"":""tech_major_and_role""},""original"":{""部门代码"":""130111"",""部门名称"":""国家税务总局江苏省税务局"",""用人司局"":""国家税务总局丰县税务局"",""机构性质"":""中央国家行政机关省级以下直属机构"",""招考职位"":""一级行政执法员（四）"",""职位属性"":""普通职位"",""职位分布"":""其他职位"",""职位简介"":""从事税收信息化管理工作"",""职位代码"":""300110210004"",""机构层级"":""县（区）级及以下"",""考试类别"":""行政执法类"",""招考人数"":""2"",""专业"":""电子信息类、计算机类"",""学历"":""仅限本科"",""学位"":""学士"",""政治面貌"":""不限"",""基层工作最低年限"":""无限制"",""服务基层项目工作经历"":""无限制"",""是否在面试阶段组织专业能力测试"":""否"",""面试人员比例"":""3:1"",""工作地点"":""江苏省徐州市丰县"",""落户地点"":""江苏省徐州市丰县"",""备注"":""2025届高校毕业生，本单位不提供宿舍，在本单位最低服务年限为5年"",""部门网站"":""https://jiangsu.chinatax.gov.cn/"",""咨询电话1"":""025-86634478"",""咨询电话2"":"""",""咨询电话3"":"""",""来源Sheet"":""中央国家行政机关省级以下直属机构""}}"
"government_jobs","国家公务员2025招考简章","公务员/事业单位技术岗位","江苏省徐州市睢宁县","2026-07-28T09:12:58.310295+00:00","一级行政执法员（五）","国家税务总局江苏省税务局","","江苏省徐州市睢宁县","公务员/事业单位;2025;computer_software;electronics_communication;仅限本科;学士;电子信息类、计算机类;行政执法类","用人司局：国家税务总局睢宁县税务局
职位简介：从事税收信息化管理工作
专业要求：电子信息类、计算机类
学历要求：仅限本科
学位要求：学士
政治面貌：不限
基层工作经历：无限制
考试类别：行政执法类
备注：2025届高校毕业生，本单位不提供宿舍，在本单位最低服务年限为5年","https://www.xjhc.gov.cn/xjhc/c116834/202410/a29382e11a674da3be3353af65f9fcc5.shtml#130111-300110220005","2024-10-14","{""dataset_year"":2025,""job_uid"":""GOV-2025-130111-300110220005"",""publisher"":""国家公务员局"",""publication_page"":""https://www.xjhc.gov.cn/xjhc/c116834/202410/a29382e11a674da3be3353af65f9fcc5.shtml"",""attachment_url"":""https://www.xjhc.gov.cn/xjhc/c116834/202410/a29382e11a674da3be3353af65f9fcc5/files/0536cef86e2b46ddad6aae5a3780089e.xls"",""local_source_file"":""2025_guokao_zhaokaojianzhang.xls"",""local_source_sha256"":""07ae6cab368cd21b7a1ac3e8150fe9a3d39ad5171ce76135ff3cccfe50c3e77e"",""source_sheet"":""中央国家行政机关省级以下直属机构"",""filter_version"":""government_tech_v2"",""tech_filter"":{""is_tech"":true,""is_core_tech"":true,""scope"":""core"",""categories"":[""computer_software"",""electronics_communication""],""matched_fields"":[""major"",""description""],""major_terms"":[""电子信息类"",""计算机类""],""role_terms"":[""信息化""],""reason"":""tech_major_and_role""},""original"":{""部门代码"":""130111"",""部门名称"":""国家税务总局江苏省税务局"",""用人司局"":""国家税务总局睢宁县税务局"",""机构性质"":""中央国家行政机关省级以下直属机构"",""招考职位"":""一级行政执法员（五）"",""职位属性"":""普通职位"",""职位分布"":""其他职位"",""职位简介"":""从事税收信息化管理工作"",""职位代码"":""300110220005"",""机构层级"":""县（区）级及以下"",""考试类别"":""行政执法类"",""招考人数"":""2"",""专业"":""电子信息类、计算机类"",""学历"":""仅限本科"",""学位"":""学士"",""政治面貌"":""不限"",""基层工作最低年限"":""无限制"",""服务基层项目工作经历"":""无限制"",""是否在面试阶段组织专业能力测试"":""否"",""面试人员比例"":""3:1"",""工作地点"":""江苏省徐州市睢宁县"",""落户地点"":""江苏省徐州市睢宁县"",""备注"":""2025届高校毕业生，本单位不提供宿舍，在本单位最低服务年限为5年"",""部门网站"":""https://jiangsu.chinatax.gov.cn/"",""咨询电话1"":""025-86634478"",""咨询电话2"":"""",""咨询电话3"":"""",""来源Sheet"":""中央国家行政机关省级以下直属机构""}}"
"government_jobs","国家公务员2025招考简章","公务员/事业单位技术岗位","江苏省徐州市新沂市","2026-07-28T09:12:58.310295+00:00","一级行政执法员（三）","国家税务总局江苏省税务局","","江苏省徐州市新沂市","公务员/事业单位;2025;computer_software;electronics_communication;仅限本科;学士;电子信息类、计算机类;行政执法类","用人司局：国家税务总局新沂市税务局
职位简介：从事税收信息化管理工作
专业要求：电子信息类、计算机类
学历要求：仅限本科
学位要求：学士
政治面貌：不限
基层工作经历：无限制
考试类别：行政执法类
备注：2025届高校毕业生，本单位不提供宿舍，在本单位最低服务年限为5年","https://www.xjhc.gov.cn/xjhc/c116834/202410/a29382e11a674da3be3353af65f9fcc5.shtml#130111-300110230003","2024-10-14","{""dataset_year"":2025,""job_uid"":""GOV-2025-130111-300110230003"",""publisher"":""国家公务员局"",""publication_page"":""https://www.xjhc.gov.cn/xjhc/c116834/202410/a29382e11a674da3be3353af65f9fcc5.shtml"",""attachment_url"":""https://www.xjhc.gov.cn/xjhc/c116834/202410/a29382e11a674da3be3353af65f9fcc5/files/0536cef86e2b46ddad6aae5a3780089e.xls"",""local_source_file"":""2025_guokao_zhaokaojianzhang.xls"",""local_source_sha256"":""07ae6cab368cd21b7a1ac3e8150fe9a3d39ad5171ce76135ff3cccfe50c3e77e"",""source_sheet"":""中央国家行政机关省级以下直属机构"",""filter_version"":""government_tech_v2"",""tech_filter"":{""is_tech"":true,""is_core_tech"":true,""scope"":""core"",""categories"":[""computer_software"",""electronics_communication""],""matched_fields"":[""major"",""description""],""major_terms"":[""电子信息类"",""计算机类""],""role_terms"":[""信息化""],""reason"":""tech_major_and_role""},""original"":{""部门代码"":""130111"",""部门名称"":""国家税务总局江苏省税务局"",""用人司局"":""国家税务总局新沂市税务局"",""机构性质"":""中央国家行政机关省级以下直属机构"",""招考职位"":""一级行政执法员（三）"",""职位属性"":""普通职位"",""职位分布"":""其他职位"",""职位简介"":""从事税收信息化管理工作"",""职位代码"":""300110230003"",""机构层级"":""县（区）级及以下"",""考试类别"":""行政执法类"",""招考人数"":""2"",""专业"":""电子信息类、计算机类"",""学历"":""仅限本科"",""学位"":""学士"",""政治面貌"":""不限"",""基层工作最低年限"":""无限制"",""服务基层项目工作经历"":""无限制"",""是否在面试阶段组织专业能力测试"":""否"",""面试人员比例"":""3:1"",""工作地点"":""江苏省徐州市新沂市"",""落户地点"":""江苏省徐州市新沂市"",""备注"":""2025届高校毕业生，本单位不提供宿舍，在本单位最低服务年限为5年"",""部门网站"":""https://jiangsu.chinatax.gov.cn/"",""咨询电话1"":""025-86634478"",""咨询电话2"":"""",""咨询电话3"":"""",""来源Sheet"":""中央国家行政机关省级以下直属机构""}}"
"government_jobs","国家公务员2025招考简章","公务员/事业单位技术岗位","江苏省常州市新北区","2026-07-28T09:12:58.310295+00:00","一级行政执法员（二）","国家税务总局江苏省税务局","","江苏省常州市新北区","公务员/事业单位;2025;computer_software;electronics_communication;仅限本科;学士;电子信息类、计算机类;行政执法类","用人司局：国家税务总局常州市税务局第三税务分局
职位简介：从事税收信息化管理工作
专业要求：电子信息类、计算机类
学历要求：仅限本科
学位要求：学士
政治面貌：不限
基层工作经历：无限制
考试类别：行政执法类
备注：2025届高校毕业生，本单位不提供宿舍，在本单位最低服务年限为5年","https://www.xjhc.gov.cn/xjhc/c116834/202410/a29382e11a674da3be3353af65f9fcc5.shtml#130111-300110248002","2024-10-14","{""dataset_year"":2025,""job_uid"":""GOV-2025-130111-300110248002"",""publisher"":""国家公务员局"",""publication_page"":""https://www.xjhc.gov.cn/xjhc/c116834/202410/a29382e11a674da3be3353af65f9fcc5.shtml"",""attachment_url"":""https://www.xjhc.gov.cn/xjhc/c116834/202410/a29382e11a674da3be3353af65f9fcc5/files/0536cef86e2b46ddad6aae5a3780089e.xls"",""local_source_file"":""2025_guokao_zhaokaojianzhang.xls"",""local_source_sha256"":""07ae6cab368cd21b7a1ac3e8150fe9a3d39ad5171ce76135ff3cccfe50c3e77e"",""source_sheet"":""中央国家行政机关省级以下直属机构"",""filter_version"":""government_tech_v2"",""tech_filter"":{""is_tech"":true,""is_core_tech"":true,""scope"":""core"",""categories"":[""computer_software"",""electronics_communication""],""matched_fields"":[""major"",""description""],""major_terms"":[""电子信息类"",""计算机类""],""role_terms"":[""信息化""],""reason"":""tech_major_and_role""},""original"":{""部门代码"":""130111"",""部门名称"":""国家税务总局江苏省税务局"",""用人司局"":""国家税务总局常州市税务局第三税务分局"",""机构性质"":""中央国家行政机关省级以下直属机构"",""招考职位"":""一级行政执法员（二）"",""职位属性"":""普通职位"",""职位分布"":""其他职位"",""职位简介"":""从事税收信息化管理工作"",""职位代码"":""300110248002"",""机构层级"":""市（地）级"",""考试类别"":""行政执法类"",""招考人数"":""2"",""专业"":""电子信息类、计算机类"",""学历"":""仅限本科"",""学位"":""学士"",""政治面貌"":""不限"",""基层工作最低年限"":""无限制"",""服务基层项目工作经历"":""无限制"",""是否在面试阶段组织专业能力测试"":""否"",""面试人员比例"":""3:1"",""工作地点"":""江苏省常州市新北区"",""落户地点"":""江苏省常州市新北区"",""备注"":""2025届高校毕业生，本单位不提供宿舍，在本单位最低服务年限为5年"",""部门网站"":""https://jiangsu.chinatax.gov.cn/"",""咨询电话1"":""025-86634478"",""咨询电话2"":"""",""咨询电话3"":"""",""来源Sheet"":""中央国家行政机关省级以下直属机构""}}"
"government_jobs","国家公务员2025招考简章","公务员/事业单位技术岗位","江苏省常州市武进区","2026-07-28T09:12:58.310295+00:00","一级行政执法员（五）","国家税务总局江苏省税务局","","江苏省常州市武进区","公务员/事业单位;2025;computer_software;electronics_communication;本科及以上;与最高学历相对应的学位;电子信息类、计算机类;行政执法类","用人司局：国家税务总局常州市武进区税务局
职位简介：从事税收信息化管理工作
专业要求：电子信息类、计算机类
学历要求：本科及以上
学位要求：与最高学历相对应的学位
政治面貌：不限
基层工作经历：二年
考试类别：行政执法类
备注：本单位不提供宿舍，在本单位最低服务年限为5年","https://www.xjhc.gov.cn/xjhc/c116834/202410/a29382e11a674da3be3353af65f9fcc5.shtml#130111-300110275005","2024-10-14","{""dataset_year"":2025,""job_uid"":""GOV-2025-130111-300110275005"",""publisher"":""国家公务员局"",""publication_page"":""https://www.xjhc.gov.cn/xjhc/c116834/202410/a29382e11a674da3be3353af65f9fcc5.shtml"",""attachment_url"":""https://www.xjhc.gov.cn/xjhc/c116834/202410/a29382e11a674da3be3353af65f9fcc5/files/0536cef86e2b46ddad6aae5a3780089e.xls"",""local_source_file"":""2025_guokao_zhaokaojianzhang.xls"",""local_source_sha256"":""07ae6cab368cd21b7a1ac3e8150fe9a3d39ad5171ce76135ff3cccfe50c3e77e"",""source_sheet"":""中央国家行政机关省级以下直属机构"",""filter_version"":""government_tech_v2"",""tech_filter"":{""is_tech"":true,""is_core_tech"":true,""scope"":""core"",""categories"":[""computer_software"",""electronics_communication""],""matched_fields"":[""major"",""description""],""major_terms"":[""电子信息类"",""计算机类""],""role_terms"":[""信息化""],""reason"":""tech_major_and_role""},""original"":{""部门代码"":""130111"",""部门名称"":""国家税务总局江苏省税务局"",""用人司局"":""国家税务总局常州市武进区税务局"",""机构性质"":""中央国家行政机关省级以下直属机构"",""招考职位"":""一级行政执法员（五）"",""职位属性"":""普通职位"",""职位分布"":""其他职位"",""职位简介"":""从事税收信息化管理工作"",""职位代码"":""300110275005"",""机构层级"":""县（区）级及以下"",""考试类别"":""行政执法类"",""招考人数"":""4"",""专业"":""电子信息类、计算机类"",""学历"":""本科及以上"",""学位"":""与最高学历相对应的学位"",""政治面貌"":""不限"",""基层工作最低年限"":""二年"",""服务基层项目工作经历"":""大学生村官、农村义务教育阶段学校教师特设岗位计划、“三支一扶”计划、大学生志愿服务西部计划、在军队服役5年（含）以上的高校毕业生退役士兵"",""是否在面试阶段组织专业能力测试"":""否"",""面试人员比例"":""3:1"",""工作地点"":""江苏省常州市武进区"",""落户地点"":""江苏省常州市武进区"",""备注"":""本单位不提供宿舍，在本单位最低服务年限为5年"",""部门网站"":""https://jiangsu.chinatax.gov.cn/"",""咨询电话1"":""025-86634478"",""咨询电话2"":"""",""咨询电话3"":"""",""来源Sheet"":""中央国家行政机关省级以下直属机构""}}"
"government_jobs","国家公务员2025招考简章","公务员/事业单位技术岗位","江苏省常州市","2026-07-28T09:12:58.310295+00:00","一级行政执法员（三）","国家税务总局江苏省税务局","","江苏省常州市","公务员/事业单位;2025;computer_software;electronics_communication;仅限本科;学士;电子信息类、计算机类;行政执法类","用人司局：国家税务总局江苏常州经济开发区税务局
职位简介：从事税收信息化管理工作
专业要求：电子信息类、计算机类
学历要求：仅限本科
学位要求：学士
政治面貌：不限
基层工作经历：无限制
考试类别：行政执法类
备注：2025届高校毕业生，本单位不提供宿舍，在本单位最低服务年限为5年","https://www.xjhc.gov.cn/xjhc/c116834/202410/a29382e11a674da3be3353af65f9fcc5.shtml#130111-300110295005","2024-10-14","{""dataset_year"":2025,""job_uid"":""GOV-2025-130111-300110295005"",""publisher"":""国家公务员局"",""publication_page"":""https://www.xjhc.gov.cn/xjhc/c116834/202410/a29382e11a674da3be3353af65f9fcc5.shtml"",""attachment_url"":""https://www.xjhc.gov.cn/xjhc/c116834/202410/a29382e11a674da3be3353af65f9fcc5/files/0536cef86e2b46ddad6aae5a3780089e.xls"",""local_source_file"":""2025_guokao_zhaokaojianzhang.xls"",""local_source_sha256"":""07ae6cab368cd21b7a1ac3e8150fe9a3d39ad5171ce76135ff3cccfe50c3e77e"",""source_sheet"":""中央国家行政机关省级以下直属机构"",""filter_version"":""government_tech_v2"",""tech_filter"":{""is_tech"":true,""is_core_tech"":true,""scope"":""core"",""categories"":[""computer_software"",""electronics_communication""],""matched_fields"":[""major"",""description""],""major_terms"":[""电子信息类"",""计算机类""],""role_terms"":[""信息化""],""reason"":""tech_major_and_role""},""original"":{""部门代码"":""130111"",""部门名称"":""国家税务总局江苏省税务局"",""用人司局"":""国家税务总局江苏常州经济开发区税务局"",""机构性质"":""中央国家行政机关省级以下直属机构"",""招考职位"":""一级行政执法员（三）"",""职位属性"":""普通职位"",""职位分布"":""其他职位"",""职位简介"":""从事税收信息化管理工作"",""职位代码"":""300110295005"",""机构层级"":""县（区）级及以下"",""考试类别"":""行政执法类"",""招考人数"":""1"",""专业"":""电子信息类、计算机类"",""学历"":""仅限本科"",""学位"":""学士"",""政治面貌"":""不限"",""基层工作最低年限"":""无限制"",""服务基层项目工作经历"":""无限制"",""是否在面试阶段组织专业能力测试"":""否"",""面试人员比例"":""3:1"",""工作地点"":""江苏省常州市"",""落户地点"":""江苏省常州市"",""备注"":""2025届高校毕业生，本单位不提供宿舍，在本单位最低服务年限为5年"",""部门网站"":""https://jiangsu.chinatax.gov.cn/"",""咨询电话1"":""025-86634478"",""咨询电话2"":"""",""咨询电话3"":"""",""来源Sheet"":""中央国家行政机关省级以下直属机构""}}"
"government_jobs","国家公务员2025招考简章","公务员/事业单位技术岗位","江苏省苏州市常熟市","2026-07-28T09:12:58.310295+00:00","一级行政执法员（四）","国家税务总局江苏省税务局","","江苏省苏州市常熟市","公务员/事业单位;2025;automation_robotics;computer_software;electronics_communication;仅限本科;学士;电子信息类、自动化类、计算机类;行政执法类","用人司局：国家税务总局常熟市税务局
职位简介：从事税收信息化管理工作
专业要求：电子信息类、自动化类、计算机类
学历要求：仅限本科
学位要求：学士
政治面貌：不限
基层工作经历：无限制
考试类别：行政执法类
备注：2025届高校毕业生，本单位不提供宿舍，在本单位最低服务年限为5年","https://www.xjhc.gov.cn/xjhc/c116834/202410/a29382e11a674da3be3353af65f9fcc5.shtml#130111-300110350004","2024-10-14","{""dataset_year"":2025,""job_uid"":""GOV-2025-130111-300110350004"",""publisher"":""国家公务员局"",""publication_page"":""https://www.xjhc.gov.cn/xjhc/c116834/202410/a29382e11a674da3be3353af65f9fcc5.shtml"",""attachment_url"":""https://www.xjhc.gov.cn/xjhc/c116834/202410/a29382e11a674da3be3353af65f9fcc5/files/0536cef86e2b46ddad6aae5a3780089e.xls"",""local_source_file"":""2025_guokao_zhaokaojianzhang.xls"",""local_source_sha256"":""07ae6cab368cd21b7a1ac3e8150fe9a3d39ad5171ce76135ff3cccfe50c3e77e"",""source_sheet"":""中央国家行政机关省级以下直属机构"",""filter_version"":""government_tech_v2"",""tech_filter"":{""is_tech"":true,""is_core_tech"":true,""scope"":""core"",""categories"":[""automation_robotics"",""computer_software"",""electronics_communication""],""matched_fields"":[""major"",""description""],""major_terms"":[""电子信息类"",""自动化类"",""计算机类""],""role_terms"":[""信息化""],""reason"":""tech_major_and_role""},""original"":{""部门代码"":""130111"",""部门名称"":""国家税务总局江苏省税务局"",""用人司局"":""国家税务总局常熟市税务局"",""机构性质"":""中央国家行政机关省级以下直属机构"",""招考职位"":""一级行政执法员（四）"",""职位属性"":""普通职位"",""职位分布"":""其他职位"",""职位简介"":""从事税收信息化管理工作"",""职位代码"":""300110350004"",""机构层级"":""县（区）级及以下"",""考试类别"":""行政执法类"",""招考人数"":""1"",""专业"":""电子信息类、自动化类、计算机类"",""学历"":""仅限本科"",""学位"":""学士"",""政治面貌"":""不限"",""基层工作最低年限"":""无限制"",""服务基层项目工作经历"":""无限制"",""是否在面试阶段组织专业能力测试"":""否"",""面试人员比例"":""3:1"",""工作地点"":""江苏省苏州市常熟市"",""落户地点"":""江苏省苏州市常熟市"",""备注"":""2025届高校毕业生，本单位不提供宿舍，在本单位最低服务年限为5年"",""部门网站"":""https://jiangsu.chinatax.gov.cn/"",""咨询电话1"":""025-86634478"",""咨询电话2"":"""",""咨询电话3"":"""",""来源Sheet"":""中央国家行政机关省级以下直属机构""}}"
"government_jobs","国家公务员2025招考简章","公务员/事业单位技术岗位","江苏省苏州市太仓市","2026-07-28T09:12:58.310295+00:00","一级行政执法员（四）","国家税务总局江苏省税务局","","江苏省苏州市太仓市","公务员/事业单位;2025;automation_robotics;computer_software;electronics_communication;仅限本科;学士;电子信息类、自动化类、计算机类;行政执法类","用人司局：国家税务总局太仓市税务局
职位简介：从事税收信息化管理工作
专业要求：电子信息类、自动化类、计算机类
学历要求：仅限本科
学位要求：学士
政治面貌：不限
基层工作经历：无限制
考试类别：行政执法类
备注：2025届高校毕业生，本单位不提供宿舍，在本单位最低服务年限为5年","https://www.xjhc.gov.cn/xjhc/c116834/202410/a29382e11a674da3be3353af65f9fcc5.shtml#130111-300110365004","2024-10-14","{""dataset_year"":2025,""job_uid"":""GOV-2025-130111-300110365004"",""publisher"":""国家公务员局"",""publication_page"":""https://www.xjhc.gov.cn/xjhc/c116834/202410/a29382e11a674da3be3353af65f9fcc5.shtml"",""attachment_url"":""https://www.xjhc.gov.cn/xjhc/c116834/202410/a29382e11a674da3be3353af65f9fcc5/files/0536cef86e2b46ddad6aae5a3780089e.xls"",""local_source_file"":""2025_guokao_zhaokaojianzhang.xls"",""local_source_sha256"":""07ae6cab368cd21b7a1ac3e8150fe9a3d39ad5171ce76135ff3cccfe50c3e77e"",""source_sheet"":""中央国家行政机关省级以下直属机构"",""filter_version"":""government_tech_v2"",""tech_filter"":{""is_tech"":true,""is_core_tech"":true,""scope"":""core"",""categories"":[""automation_robotics"",""computer_software"",""electronics_communication""],""matched_fields"":[""major"",""description""],""major_terms"":[""电子信息类"",""自动化类"",""计算机类""],""role_terms"":[""信息化""],""reason"":""tech_major_and_role""},""original"":{""部门代码"":""130111"",""部门名称"":""国家税务总局江苏省税务局"",""用人司局"":""国家税务总局太仓市税务局"",""机构性质"":""中央国家行政机关省级以下直属机构"",""招考职位"":""一级行政执法员（四）"",""职位属性"":""普通职位"",""职位分布"":""其他职位"",""职位简介"":""从事税收信息化管理工作"",""职位代码"":""300110365004"",""机构层级"":""县（区）级及以下"",""考试类别"":""行政执法类"",""招考人数"":""2"",""专业"":""电子信息类、自动化类、计算机类"",""学历"":""仅限本科"",""学位"":""学士"",""政治面貌"":""不限"",""基层工作最低年限"":""无限制"",""服务基层项目工作经历"":""无限制"",""是否在面试阶段组织专业能力测试"":""否"",""面试人员比例"":""3:1"",""工作地点"":""江苏省苏州市太仓市"",""落户地点"":""江苏省苏州市太仓市"",""备注"":""2025届高校毕业生，本单位不提供宿舍，在本单位最低服务年限为5年"",""部门网站"":""https://jiangsu.chinatax.gov.cn/"",""咨询电话1"":""025-86634478"",""咨询电话2"":"""",""咨询电话3"":"""",""来源Sheet"":""中央国家行政机关省级以下直属机构""}}"
"government_jobs","国家公务员2025招考简章","公务员/事业单位技术岗位","江苏省南通市通州区","2026-07-28T09:12:58.310295+00:00","一级行政执法员（三）","国家税务总局江苏省税务局","","江苏省南通市通州区","公务员/事业单位;2025;computer_software;electronics_communication;本科及以上;与最高学历相对应的学位;电子信息类、计算机类;行政执法类","用人司局：国家税务总局南通市通州区税务局
职位简介：从事税收信息化管理工作
专业要求：电子信息类、计算机类
学历要求：本科及以上
学位要求：与最高学历相对应的学位
政治面貌：不限
基层工作经历：无限制
考试类别：行政执法类
备注：2025届高校毕业生，本单位不提供宿舍，在本单位最低服务年限为5年","https://www.xjhc.gov.cn/xjhc/c116834/202410/a29382e11a674da3be3353af65f9fcc5.shtml#130111-300110430003","2024-10-14","{""dataset_year"":2025,""job_uid"":""GOV-2025-130111-300110430003"",""publisher"":""国家公务员局"",""publication_page"":""https://www.xjhc.gov.cn/xjhc/c116834/202410/a29382e11a674da3be3353af65f9fcc5.shtml"",""attachment_url"":""https://www.xjhc.gov.cn/xjhc/c116834/202410/a29382e11a674da3be3353af65f9fcc5/files/0536cef86e2b46ddad6aae5a3780089e.xls"",""local_source_file"":""2025_guokao_zhaokaojianzhang.xls"",""local_source_sha256"":""07ae6cab368cd21b7a1ac3e8150fe9a3d39ad5171ce76135ff3cccfe50c3e77e"",""source_sheet"":""中央国家行政机关省级以下直属机构"",""filter_version"":""government_tech_v2"",""tech_filter"":{""is_tech"":true,""is_core_tech"":true,""scope"":""core"",""categories"":[""computer_software"",""electronics_communication""],""matched_fields"":[""major"",""description""],""major_terms"":[""电子信息类"",""计算机类""],""role_terms"":[""信息化""],""reason"":""tech_major_and_role""},""original"":{""部门代码"":""130111"",""部门名称"":""国家税务总局江苏省税务局"",""用人司局"":""国家税务总局南通市通州区税务局"",""机构性质"":""中央国家行政机关省级以下直属机构"",""招考职位"":""一级行政执法员（三）"",""职位属性"":""普通职位"",""职位分布"":""其他职位"",""职位简介"":""从事税收信息化管理工作"",""职位代码"":""300110430003"",""机构层级"":""县（区）级及以下"",""考试类别"":""行政执法类"",""招考人数"":""4"",""专业"":""电子信息类、计算机类"",""学历"":""本科及以上"",""学位"":""与最高学历相对应的学位"",""政治面貌"":""不限"",""基层工作最低年限"":""无限制"",""服务基层项目工作经历"":""无限制"",""是否在面试阶段组织专业能力测试"":""否"",""面试人员比例"":""3:1"",""工作地点"":""江苏省南通市通州区"",""落户地点"":""江苏省南通市通州区"",""备注"":""2025届高校毕业生，本单位不提供宿舍，在本单位最低服务年限为5年"",""部门网站"":""https://jiangsu.chinatax.gov.cn/"",""咨询电话1"":""025-86634478"",""咨询电话2"":"""",""咨询电话3"":"""",""来源Sheet"":""中央国家行政机关省级以下直属机构""}}"
"government_jobs","国家公务员2025招考简章","公务员/事业单位技术岗位","江苏省南通市海安市","2026-07-28T09:12:58.310295+00:00","一级行政执法员（三）","国家税务总局江苏省税务局","","江苏省南通市海安市","公务员/事业单位;2025;computer_software;electronics_communication;本科及以上;与最高学历相对应的学位;电子信息类、计算机类;行政执法类","用人司局：国家税务总局海安市税务局
职位简介：从事税收信息化管理工作
专业要求：电子信息类、计算机类
学历要求：本科及以上
学位要求：与最高学历相对应的学位
政治面貌：不限
基层工作经历：无限制
考试类别：行政执法类
备注：2025届高校毕业生，本单位不提供宿舍，在本单位最低服务年限为5年","https://www.xjhc.gov.cn/xjhc/c116834/202410/a29382e11a674da3be3353af65f9fcc5.shtml#130111-300110435003","2024-10-14","{""dataset_year"":2025,""job_uid"":""GOV-2025-130111-300110435003"",""publisher"":""国家公务员局"",""publication_page"":""https://www.xjhc.gov.cn/xjhc/c116834/202410/a29382e11a674da3be3353af65f9fcc5.shtml"",""attachment_url"":""https://www.xjhc.gov.cn/xjhc/c116834/202410/a29382e11a674da3be3353af65f9fcc5/files/0536cef86e2b46ddad6aae5a3780089e.xls"",""local_source_file"":""2025_guokao_zhaokaojianzhang.xls"",""local_source_sha256"":""07ae6cab368cd21b7a1ac3e8150fe9a3d39ad5171ce76135ff3cccfe50c3e77e"",""source_sheet"":""中央国家行政机关省级以下直属机构"",""filter_version"":""government_tech_v2"",""tech_filter"":{""is_tech"":true,""is_core_tech"":true,""scope"":""core"",""categories"":[""computer_software"",""electronics_communication""],""matched_fields"":[""major"",""description""],""major_terms"":[""电子信息类"",""计算机类""],""role_terms"":[""信息化""],""reason"":""tech_major_and_role""},""original"":{""部门代码"":""130111"",""部门名称"":""国家税务总局江苏省税务局"",""用人司局"":""国家税务总局海安市税务局"",""机构性质"":""中央国家行政机关省级以下直属机构"",""招考职位"":""一级行政执法员（三）"",""职位属性"":""普通职位"",""职位分布"":""其他职位"",""职位简介"":""从事税收信息化管理工作"",""职位代码"":""300110435003"",""机构层级"":""县（区）级及以下"",""考试类别"":""行政执法类"",""招考人数"":""4"",""专业"":""电子信息类、计算机类"",""学历"":""本科及以上"",""学位"":""与最高学历相对应的学位"",""政治面貌"":""不限"",""基层工作最低年限"":""无限制"",""服务基层项目工作经历"":""无限制"",""是否在面试阶段组织专业能力测试"":""否"",""面试人员比例"":""3:1"",""工作地点"":""江苏省南通市海安市"",""落户地点"":""江苏省南通市海安市"",""备注"":""2025届高校毕业生，本单位不提供宿舍，在本单位最低服务年限为5年"",""部门网站"":""https://jiangsu.chinatax.gov.cn/"",""咨询电话1"":""025-86634478"",""咨询电话2"":"""",""咨询电话3"":"""",""来源Sheet"":""中央国家行政机关省级以下直属机构""}}"
"government_jobs","国家公务员2025招考简章","公务员/事业单位技术岗位","江苏省南通市如皋市","2026-07-28T09:12:58.310295+00:00","一级行政执法员（三）","国家税务总局江苏省税务局","","江苏省南通市如皋市","公务员/事业单位;2025;computer_software;electronics_communication;本科及以上;与最高学历相对应的学位;电子信息类、计算机类;行政执法类","用人司局：国家税务总局如皋市税务局
职位简介：从事税收信息化管理工作
专业要求：电子信息类、计算机类
学历要求：本科及以上
学位要求：与最高学历相对应的学位
政治面貌：不限
基层工作经历：无限制
考试类别：行政执法类
备注：2025届高校毕业生，本单位不提供宿舍，在本单位最低服务年限为5年","https://www.xjhc.gov.cn/xjhc/c116834/202410/a29382e11a674da3be3353af65f9fcc5.shtml#130111-300110440003","2024-10-14","{""dataset_year"":2025,""job_uid"":""GOV-2025-130111-300110440003"",""publisher"":""国家公务员局"",""publication_page"":""https://www.xjhc.gov.cn/xjhc/c116834/202410/a29382e11a674da3be3353af65f9fcc5.shtml"",""attachment_url"":""https://www.xjhc.gov.cn/xjhc/c116834/202410/a29382e11a674da3be3353af65f9fcc5/files/0536cef86e2b46ddad6aae5a3780089e.xls"",""local_source_file"":""2025_guokao_zhaokaojianzhang.xls"",""local_source_sha256"":""07ae6cab368cd21b7a1ac3e8150fe9a3d39ad5171ce76135ff3cccfe50c3e77e"",""source_sheet"":""中央国家行政机关省级以下直属机构"",""filter_version"":""government_tech_v2"",""tech_filter"":{""is_tech"":true,""is_core_tech"":true,""scope"":""core"",""categories"":[""computer_software"",""electronics_communication""],""matched_fields"":[""major"",""description""],""major_terms"":[""电子信息类"",""计算机类""],""role_terms"":[""信息化""],""reason"":""tech_major_and_role""},""original"":{""部门代码"":""130111"",""部门名称"":""国家税务总局江苏省税务局"",""用人司局"":""国家税务总局如皋市税务局"",""机构性质"":""中央国家行政机关省级以下直属机构"",""招考职位"":""一级行政执法员（三）"",""职位属性"":""普通职位"",""职位分布"":""其他职位"",""职位简介"":""从事税收信息化管理工作"",""职位代码"":""300110440003"",""机构层级"":""县（区）级及以下"",""考试类别"":""行政执法类"",""招考人数"":""2"",""专业"":""电子信息类、计算机类"",""学历"":""本科及以上"",""学位"":""与最高学历相对应的学位"",""政治面貌"":""不限"",""基层工作最低年限"":""无限制"",""服务基层项目工作经历"":""无限制"",""是否在面试阶段组织专业能力测试"":""否"",""面试人员比例"":""3:1"",""工作地点"":""江苏省南通市如皋市"",""落户地点"":""江苏省南通市如皋市"",""备注"":""2025届高校毕业生，本单位不提供宿舍，在本单位最低服务年限为5年"",""部门网站"":""https://jiangsu.chinatax.gov.cn/"",""咨询电话1"":""025-86634478"",""咨询电话2"":"""",""咨询电话3"":"""",""来源Sheet"":""中央国家行政机关省级以下直属机构""}}"
"government_jobs","国家公务员2025招考简章","公务员/事业单位技术岗位","江苏省南通市如东县","2026-07-28T09:12:58.310295+00:00","一级行政执法员（五）","国家税务总局江苏省税务局","","江苏省南通市如东县","公务员/事业单位;2025;computer_software;electronics_communication;本科及以上;与最高学历相对应的学位;电子信息类、计算机类;行政执法类","用人司局：国家税务总局如东县税务局
职位简介：从事税收信息化管理工作
专业要求：电子信息类、计算机类
学历要求：本科及以上
学位要求：与最高学历相对应的学位
政治面貌：不限
基层工作经历：无限制
考试类别：行政执法类
备注：本单位不提供宿舍，在本单位最低服务年限为5年","https://www.xjhc.gov.cn/xjhc/c116834/202410/a29382e11a674da3be3353af65f9fcc5.shtml#130111-300110445005","2024-10-14","{""dataset_year"":2025,""job_uid"":""GOV-2025-130111-300110445005"",""publisher"":""国家公务员局"",""publication_page"":""https://www.xjhc.gov.cn/xjhc/c116834/202410/a29382e11a674da3be3353af65f9fcc5.shtml"",""attachment_url"":""https://www.xjhc.gov.cn/xjhc/c116834/202410/a29382e11a674da3be3353af65f9fcc5/files/0536cef86e2b46ddad6aae5a3780089e.xls"",""local_source_file"":""2025_guokao_zhaokaojianzhang.xls"",""local_source_sha256"":""07ae6cab368cd21b7a1ac3e8150fe9a3d39ad5171ce76135ff3cccfe50c3e77e"",""source_sheet"":""中央国家行政机关省级以下直属机构"",""filter_version"":""government_tech_v2"",""tech_filter"":{""is_tech"":true,""is_core_tech"":true,""scope"":""core"",""categories"":[""computer_software"",""electronics_communication""],""matched_fields"":[""major"",""description""],""major_terms"":[""电子信息类"",""计算机类""],""role_terms"":[""信息化""],""reason"":""tech_major_and_role""},""original"":{""部门代码"":""130111"",""部门名称"":""国家税务总局江苏省税务局"",""用人司局"":""国家税务总局如东县税务局"",""机构性质"":""中央国家行政机关省级以下直属机构"",""招考职位"":""一级行政执法员（五）"",""职位属性"":""普通职位"",""职位分布"":""其他职位"",""职位简介"":""从事税收信息化管理工作"",""职位代码"":""300110445005"",""机构层级"":""县（区）级及以下"",""考试类别"":""行政执法类"",""招考人数"":""3"",""专业"":""电子信息类、计算机类"",""学历"":""本科及以上"",""学位"":""与最高学历相对应的学位"",""政治面貌"":""不限"",""基层工作最低年限"":""无限制"",""服务基层项目工作经历"":""无限制"",""是否在面试阶段组织专业能力测试"":""否"",""面试人员比例"":""3:1"",""工作地点"":""江苏省南通市如东县"",""落户地点"":""江苏省南通市如东县"",""备注"":""本单位不提供宿舍，在本单位最低服务年限为5年"",""部门网站"":""https://jiangsu.chinatax.gov.cn/"",""咨询电话1"":""025-86634478"",""咨询电话2"":"""",""咨询电话3"":"""",""来源Sheet"":""中央国家行政机关省级以下直属机构""}}"
"government_jobs","国家公务员2025招考简章","公务员/事业单位技术岗位","江苏省南通市海门区","2026-07-28T09:12:58.310295+00:00","一级行政执法员（五）","国家税务总局江苏省税务局","","江苏省南通市海门区","公务员/事业单位;2025;computer_software;electronics_communication;本科及以上;与最高学历相对应的学位;电子信息类、计算机类;行政执法类","用人司局：国家税务总局南通市海门区税务局
职位简介：从事税收信息化管理工作
专业要求：电子信息类、计算机类
学历要求：本科及以上
学位要求：与最高学历相对应的学位
政治面貌：不限
基层工作经历：无限制
考试类别：行政执法类
备注：本单位不提供宿舍，在本单位最低服务年限为5年","https://www.xjhc.gov.cn/xjhc/c116834/202410/a29382e11a674da3be3353af65f9fcc5.shtml#130111-300110450005","2024-10-14","{""dataset_year"":2025,""job_uid"":""GOV-2025-130111-300110450005"",""publisher"":""国家公务员局"",""publication_page"":""https://www.xjhc.gov.cn/xjhc/c116834/202410/a29382e11a674da3be3353af65f9fcc5.shtml"",""attachment_url"":""https://www.xjhc.gov.cn/xjhc/c116834/202410/a29382e11a674da3be3353af65f9fcc5/files/0536cef86e2b46ddad6aae5a3780089e.xls"",""local_source_file"":""2025_guokao_zhaokaojianzhang.xls"",""local_source_sha256"":""07ae6cab368cd21b7a1ac3e8150fe9a3d39ad5171ce76135ff3cccfe50c3e77e"",""source_sheet"":""中央国家行政机关省级以下直属机构"",""filter_version"":""government_tech_v2"",""tech_filter"":{""is_tech"":true,""is_core_tech"":true,""scope"":""core"",""categories"":[""computer_software"",""electronics_communication""],""matched_fields"":[""major"",""description""],""major_terms"":[""电子信息类"",""计算机类""],""role_terms"":[""信息化""],""reason"":""tech_major_and_role""},""original"":{""部门代码"":""130111"",""部门名称"":""国家税务总局江苏省税务局"",""用人司局"":""国家税务总局南通市海门区税务局"",""机构性质"":""中央国家行政机关省级以下直属机构"",""招考职位"":""一级行政执法员（五）"",""职位属性"":""普通职位"",""职位分布"":""其他职位"",""职位简介"":""从事税收信息化管理工作"",""职位代码"":""300110450005"",""机构层级"":""县（区）级及以下"",""考试类别"":""行政执法类"",""招考人数"":""2"",""专业"":""电子信息类、计算机类"",""学历"":""本科及以上"",""学位"":""与最高学历相对应的学位"",""政治面貌"":""不限"",""基层工作最低年限"":""无限制"",""服务基层项目工作经历"":""无限制"",""是否在面试阶段组织专业能力测试"":""否"",""面试人员比例"":""3:1"",""工作地点"":""江苏省南通市海门区"",""落户地点"":""江苏省南通市海门区"",""备注"":""本单位不提供宿舍，在本单位最低服务年限为5年"",""部门网站"":""https://jiangsu.chinatax.gov.cn/"",""咨询电话1"":""025-86634478"",""咨询电话2"":"""",""咨询电话3"":"""",""来源Sheet"":""中央国家行政机关省级以下直属机构""}}"
"government_jobs","国家公务员2025招考简章","公务员/事业单位技术岗位","江苏省南通市启东市","2026-07-28T09:12:58.310295+00:00","一级行政执法员（八）","国家税务总局江苏省税务局","","江苏省南通市启东市","公务员/事业单位;2025;computer_software;electronics_communication;本科及以上;与最高学历相对应的学位;电子信息类、计算机类;行政执法类","用人司局：国家税务总局启东市税务局
职位简介：从事税收信息化管理工作
专业要求：电子信息类、计算机类
学历要求：本科及以上
学位要求：与最高学历相对应的学位
政治面貌：不限
基层工作经历：二年
考试类别：行政执法类
备注：本单位不提供宿舍，在本单位最低服务年限为5年","https://www.xjhc.gov.cn/xjhc/c116834/202410/a29382e11a674da3be3353af65f9fcc5.shtml#130111-300110455008","2024-10-14","{""dataset_year"":2025,""job_uid"":""GOV-2025-130111-300110455008"",""publisher"":""国家公务员局"",""publication_page"":""https://www.xjhc.gov.cn/xjhc/c116834/202410/a29382e11a674da3be3353af65f9fcc5.shtml"",""attachment_url"":""https://www.xjhc.gov.cn/xjhc/c116834/202410/a29382e11a674da3be3353af65f9fcc5/files/0536cef86e2b46ddad6aae5a3780089e.xls"",""local_source_file"":""2025_guokao_zhaokaojianzhang.xls"",""local_source_sha256"":""07ae6cab368cd21b7a1ac3e8150fe9a3d39ad5171ce76135ff3cccfe50c3e77e"",""source_sheet"":""中央国家行政机关省级以下直属机构"",""filter_version"":""government_tech_v2"",""tech_filter"":{""is_tech"":true,""is_core_tech"":true,""scope"":""core"",""categories"":[""computer_software"",""electronics_communication""],""matched_fields"":[""major"",""description""],""major_terms"":[""电子信息类"",""计算机类""],""role_terms"":[""信息化""],""reason"":""tech_major_and_role""},""original"":{""部门代码"":""130111"",""部门名称"":""国家税务总局江苏省税务局"",""用人司局"":""国家税务总局启东市税务局"",""机构性质"":""中央国家行政机关省级以下直属机构"",""招考职位"":""一级行政执法员（八）"",""职位属性"":""普通职位"",""职位分布"":""其他职位"",""职位简介"":""从事税收信息化管理工作"",""职位代码"":""300110455008"",""机构层级"":""县（区）级及以下"",""考试类别"":""行政执法类"",""招考人数"":""2"",""专业"":""电子信息类、计算机类"",""学历"":""本科及以上"",""学位"":""与最高学历相对应的学位"",""政治面貌"":""不限"",""基层工作最低年限"":""二年"",""服务基层项目工作经历"":""大学生村官、农村义务教育阶段学校教师特设岗位计划、“三支一扶”计划、大学生志愿服务西部计划、在军队服役5年（含）以上的高校毕业生退役士兵"",""是否在面试阶段组织专业能力测试"":""否"",""面试人员比例"":""3:1"",""工作地点"":""江苏省南通市启东市"",""落户地点"":""江苏省南通市启东市"",""备注"":""本单位不提供宿舍，在本单位最低服务年限为5年"",""部门网站"":""https://jiangsu.chinatax.gov.cn/"",""咨询电话1"":""025-86634478"",""咨询电话2"":"""",""咨询电话3"":"""",""来源Sheet"":""中央国家行政机关省级以下直属机构""}}"
"government_jobs","国家公务员2025招考简章","公务员/事业单位技术岗位","江苏省南通市","2026-07-28T09:12:58.310295+00:00","一级行政执法员","国家税务总局江苏省税务局","","江苏省南通市","公务员/事业单位;2025;computer_software;electronics_communication;本科及以上;与最高学历相对应的学位;电子信息类、计算机类;行政执法类","用人司局：国家税务总局江苏省通州湾江海联动开发示范区税务局
职位简介：从事税收信息化管理工作
专业要求：电子信息类、计算机类
学历要求：本科及以上
学位要求：与最高学历相对应的学位
政治面貌：不限
基层工作经历：无限制
考试类别：行政执法类
备注：2025届高校毕业生，本单位不提供宿舍，在本单位最低服务年限为5年","https://www.xjhc.gov.cn/xjhc/c116834/202410/a29382e11a674da3be3353af65f9fcc5.shtml#130111-300110465001","2024-10-14","{""dataset_year"":2025,""job_uid"":""GOV-2025-130111-300110465001"",""publisher"":""国家公务员局"",""publication_page"":""https://www.xjhc.gov.cn/xjhc/c116834/202410/a29382e11a674da3be3353af65f9fcc5.shtml"",""attachment_url"":""https://www.xjhc.gov.cn/xjhc/c116834/202410/a29382e11a674da3be3353af65f9fcc5/files/0536cef86e2b46ddad6aae5a3780089e.xls"",""local_source_file"":""2025_guokao_zhaokaojianzhang.xls"",""local_source_sha256"":""07ae6cab368cd21b7a1ac3e8150fe9a3d39ad5171ce76135ff3cccfe50c3e77e"",""source_sheet"":""中央国家行政机关省级以下直属机构"",""filter_version"":""government_tech_v2"",""tech_filter"":{""is_tech"":true,""is_core_tech"":true,""scope"":""core"",""categories"":[""computer_software"",""electronics_communication""],""matched_fields"":[""major"",""description""],""major_terms"":[""电子信息类"",""计算机类""],""role_terms"":[""信息化""],""reason"":""tech_major_and_role""},""original"":{""部门代码"":""130111"",""部门名称"":""国家税务总局江苏省税务局"",""用人司局"":""国家税务总局江苏省通州湾江海联动开发示范区税务局"",""机构性质"":""中央国家行政机关省级以下直属机构"",""招考职位"":""一级行政执法员"",""职位属性"":""普通职位"",""职位分布"":""其他职位"",""职位简介"":""从事税收信息化管理工作"",""职位代码"":""300110465001"",""机构层级"":""县（区）级及以下"",""考试类别"":""行政执法类"",""招考人数"":""2"",""专业"":""电子信息类、计算机类"",""学历"":""本科及以上"",""学位"":""与最高学历相对应的学位"",""政治面貌"":""不限"",""基层工作最低年限"":""无限制"",""服务基层项目工作经历"":""无限制"",""是否在面试阶段组织专业能力测试"":""否"",""面试人员比例"":""3:1"",""工作地点"":""江苏省南通市"",""落户地点"":""江苏省南通市"",""备注"":""2025届高校毕业生，本单位不提供宿舍，在本单位最低服务年限为5年"",""部门网站"":""https://jiangsu.chinatax.gov.cn/"",""咨询电话1"":""025-86634478"",""咨询电话2"":"""",""咨询电话3"":"""",""来源Sheet"":""中央国家行政机关省级以下直属机构""}}"
"government_jobs","国家公务员2025招考简章","公务员/事业单位技术岗位","江苏省连云港市海州区","2026-07-28T09:12:58.310295+00:00","一级行政执法员（四）","国家税务总局江苏省税务局","","江苏省连云港市海州区","公务员/事业单位;2025;computer_software;electronics_communication;仅限本科;学士;电子信息类、计算机类;行政执法类","用人司局：国家税务总局连云港市海州区税务局
职位简介：从事税收信息化管理工作
专业要求：电子信息类、计算机类
学历要求：仅限本科
学位要求：学士
政治面貌：不限
基层工作经历：无限制
考试类别：行政执法类
备注：2025届高校毕业生，本单位不提供宿舍，在本单位最低服务年限为5年","https://www.xjhc.gov.cn/xjhc/c116834/202410/a29382e11a674da3be3353af65f9fcc5.shtml#130111-300110490004","2024-10-14","{""dataset_year"":2025,""job_uid"":""GOV-2025-130111-300110490004"",""publisher"":""国家公务员局"",""publication_page"":""https://www.xjhc.gov.cn/xjhc/c116834/202410/a29382e11a674da3be3353af65f9fcc5.shtml"",""attachment_url"":""https://www.xjhc.gov.cn/xjhc/c116834/202410/a29382e11a674da3be3353af65f9fcc5/files/0536cef86e2b46ddad6aae5a3780089e.xls"",""local_source_file"":""2025_guokao_zhaokaojianzhang.xls"",""local_source_sha256"":""07ae6cab368cd21b7a1ac3e8150fe9a3d39ad5171ce76135ff3cccfe50c3e77e"",""source_sheet"":""中央国家行政机关省级以下直属机构"",""filter_version"":""government_tech_v2"",""tech_filter"":{""is_tech"":true,""is_core_tech"":true,""scope"":""core"",""categories"":[""computer_software"",""electronics_communication""],""matched_fields"":[""major"",""description""],""major_terms"":[""电子信息类"",""计算机类""],""role_terms"":[""信息化""],""reason"":""tech_major_and_role""},""original"":{""部门代码"":""130111"",""部门名称"":""国家税务总局江苏省税务局"",""用人司局"":""国家税务总局连云港市海州区税务局"",""机构性质"":""中央国家行政机关省级以下直属机构"",""招考职位"":""一级行政执法员（四）"",""职位属性"":""普通职位"",""职位分布"":""其他职位"",""职位简介"":""从事税收信息化管理工作"",""职位代码"":""300110490004"",""机构层级"":""县（区）级及以下"",""考试类别"":""行政执法类"",""招考人数"":""2"",""专业"":""电子信息类、计算机类"",""学历"":""仅限本科"",""学位"":""学士"",""政治面貌"":""不限"",""基层工作最低年限"":""无限制"",""服务基层项目工作经历"":""无限制"",""是否在面试阶段组织专业能力测试"":""否"",""面试人员比例"":""3:1"",""工作地点"":""江苏省连云港市海州区"",""落户地点"":""江苏省连云港市海州区"",""备注"":""2025届高校毕业生，本单位不提供宿舍，在本单位最低服务年限为5年"",""部门网站"":""https://jiangsu.chinatax.gov.cn/"",""咨询电话1"":""025-86634478"",""咨询电话2"":"""",""咨询电话3"":"""",""来源Sheet"":""中央国家行政机关省级以下直属机构""}}"
"government_jobs","国家公务员2025招考简章","公务员/事业单位技术岗位","江苏省连云港市东海县","2026-07-28T09:12:58.310295+00:00","一级行政执法员（四）","国家税务总局江苏省税务局","","江苏省连云港市东海县","公务员/事业单位;2025;computer_software;electronics_communication;仅限本科;学士;电子信息类、计算机类;行政执法类","用人司局：国家税务总局东海县税务局
职位简介：从事税收信息化管理工作
专业要求：电子信息类、计算机类
学历要求：仅限本科
学位要求：学士
政治面貌：不限
基层工作经历：无限制
考试类别：行政执法类
备注：2025届高校毕业生，本单位不提供宿舍，在本单位最低服务年限为5年","https://www.xjhc.gov.cn/xjhc/c116834/202410/a29382e11a674da3be3353af65f9fcc5.shtml#130111-300110505004","2024-10-14","{""dataset_year"":2025,""job_uid"":""GOV-2025-130111-300110505004"",""publisher"":""国家公务员局"",""publication_page"":""https://www.xjhc.gov.cn/xjhc/c116834/202410/a29382e11a674da3be3353af65f9fcc5.shtml"",""attachment_url"":""https://www.xjhc.gov.cn/xjhc/c116834/202410/a29382e11a674da3be3353af65f9fcc5/files/0536cef86e2b46ddad6aae5a3780089e.xls"",""local_source_file"":""2025_guokao_zhaokaojianzhang.xls"",""local_source_sha256"":""07ae6cab368cd21b7a1ac3e8150fe9a3d39ad5171ce76135ff3cccfe50c3e77e"",""source_sheet"":""中央国家行政机关省级以下直属机构"",""filter_version"":""government_tech_v2"",""tech_filter"":{""is_tech"":true,""is_core_tech"":true,""scope"":""core"",""categories"":[""computer_software"",""electronics_communication""],""matched_fields"":[""major"",""description""],""major_terms"":[""电子信息类"",""计算机类""],""role_terms"":[""信息化""],""reason"":""tech_major_and_role""},""original"":{""部门代码"":""130111"",""部门名称"":""国家税务总局江苏省税务局"",""用人司局"":""国家税务总局东海县税务局"",""机构性质"":""中央国家行政机关省级以下直属机构"",""招考职位"":""一级行政执法员（四）"",""职位属性"":""普通职位"",""职位分布"":""其他职位"",""职位简介"":""从事税收信息化管理工作"",""职位代码"":""300110505004"",""机构层级"":""县（区）级及以下"",""考试类别"":""行政执法类"",""招考人数"":""3"",""专业"":""电子信息类、计算机类"",""学历"":""仅限本科"",""学位"":""学士"",""政治面貌"":""不限"",""基层工作最低年限"":""无限制"",""服务基层项目工作经历"":""无限制"",""是否在面试阶段组织专业能力测试"":""否"",""面试人员比例"":""3:1"",""工作地点"":""江苏省连云港市东海县"",""落户地点"":""江苏省连云港市东海县"",""备注"":""2025届高校毕业生，本单位不提供宿舍，在本单位最低服务年限为5年"",""部门网站"":""https://jiangsu.chinatax.gov.cn/"",""咨询电话1"":""025-86634478"",""咨询电话2"":"""",""咨询电话3"":"""",""来源Sheet"":""中央国家行政机关省级以下直属机构""}}"
"government_jobs","国家公务员2025招考简章","公务员/事业单位技术岗位","江苏省淮安市清江浦区","2026-07-28T09:12:58.310295+00:00","一级行政执法员（三）","国家税务总局江苏省税务局","","江苏省淮安市清江浦区","公务员/事业单位;2025;computer_software;electronics_communication;本科及以上;与最高学历相对应的学位;电子信息类、计算机类;行政执法类","用人司局：国家税务总局淮安市清江浦区税务局
职位简介：从事税收信息化管理工作
专业要求：电子信息类、计算机类
学历要求：本科及以上
学位要求：与最高学历相对应的学位
政治面貌：不限
基层工作经历：无限制
考试类别：行政执法类
备注：2025届高校毕业生，本单位不提供宿舍，在本单位最低服务年限为5年","https://www.xjhc.gov.cn/xjhc/c116834/202410/a29382e11a674da3be3353af65f9fcc5.shtml#130111-300110545003","2024-10-14","{""dataset_year"":2025,""job_uid"":""GOV-2025-130111-300110545003"",""publisher"":""国家公务员局"",""publication_page"":""https://www.xjhc.gov.cn/xjhc/c116834/202410/a29382e11a674da3be3353af65f9fcc5.shtml"",""attachment_url"":""https://www.xjhc.gov.cn/xjhc/c116834/202410/a29382e11a674da3be3353af65f9fcc5/files/0536cef86e2b46ddad6aae5a3780089e.xls"",""local_source_file"":""2025_guokao_zhaokaojianzhang.xls"",""local_source_sha256"":""07ae6cab368cd21b7a1ac3e8150fe9a3d39ad5171ce76135ff3cccfe50c3e77e"",""source_sheet"":""中央国家行政机关省级以下直属机构"",""filter_version"":""government_tech_v2"",""tech_filter"":{""is_tech"":true,""is_core_tech"":true,""scope"":""core"",""categories"":[""computer_software"",""electronics_communication""],""matched_fields"":[""major"",""description""],""major_terms"":[""电子信息类"",""计算机类""],""role_terms"":[""信息化""],""reason"":""tech_major_and_role""},""original"":{""部门代码"":""130111"",""部门名称"":""国家税务总局江苏省税务局"",""用人司局"":""国家税务总局淮安市清江浦区税务局"",""机构性质"":""中央国家行政机关省级以下直属机构"",""招考职位"":""一级行政执法员（三）"",""职位属性"":""普通职位"",""职位分布"":""其他职位"",""职位简介"":""从事税收信息化管理工作"",""职位代码"":""300110545003"",""机构层级"":""县（区）级及以下"",""考试类别"":""行政执法类"",""招考人数"":""1"",""专业"":""电子信息类、计算机类"",""学历"":""本科及以上"",""学位"":""与最高学历相对应的学位"",""政治面貌"":""不限"",""基层工作最低年限"":""无限制"",""服务基层项目工作经历"":""无限制"",""是否在面试阶段组织专业能力测试"":""否"",""面试人员比例"":""3:1"",""工作地点"":""江苏省淮安市清江浦区"",""落户地点"":""江苏省淮安市清江浦区"",""备注"":""2025届高校毕业生，本单位不提供宿舍，在本单位最低服务年限为5年"",""部门网站"":""https://jiangsu.chinatax.gov.cn/"",""咨询电话1"":""025-86634478"",""咨询电话2"":"""",""咨询电话3"":"""",""来源Sheet"":""中央国家行政机关省级以下直属机构""}}"
"government_jobs","国家公务员2025招考简章","公务员/事业单位技术岗位","江苏省盐城市大丰区","2026-07-28T09:12:58.310295+00:00","一级行政执法员（三）","国家税务总局江苏省税务局","","江苏省盐城市大丰区","公务员/事业单位;2025;computer_software;electronics_communication;本科及以上;与最高学历相对应的学位;电子信息类、计算机类;行政执法类","用人司局：国家税务总局盐城市大丰区税务局
职位简介：从事税收信息化管理工作
专业要求：电子信息类、计算机类
学历要求：本科及以上
学位要求：与最高学历相对应的学位
政治面貌：不限
基层工作经历：无限制
考试类别：行政执法类
备注：2025届高校毕业生，本单位不提供宿舍，在本单位最低服务年限为5年","https://www.xjhc.gov.cn/xjhc/c116834/202410/a29382e11a674da3be3353af65f9fcc5.shtml#130111-300110615003","2024-10-14","{""dataset_year"":2025,""job_uid"":""GOV-2025-130111-300110615003"",""publisher"":""国家公务员局"",""publication_page"":""https://www.xjhc.gov.cn/xjhc/c116834/202410/a29382e11a674da3be3353af65f9fcc5.shtml"",""attachment_url"":""https://www.xjhc.gov.cn/xjhc/c116834/202410/a29382e11a674da3be3353af65f9fcc5/files/0536cef86e2b46ddad6aae5a3780089e.xls"",""local_source_file"":""2025_guokao_zhaokaojianzhang.xls"",""local_source_sha256"":""07ae6cab368cd21b7a1ac3e8150fe9a3d39ad5171ce76135ff3cccfe50c3e77e"",""source_sheet"":""中央国家行政机关省级以下直属机构"",""filter_version"":""government_tech_v2"",""tech_filter"":{""is_tech"":true,""is_core_tech"":true,""scope"":""core"",""categories"":[""computer_software"",""electronics_communication""],""matched_fields"":[""major"",""description""],""major_terms"":[""电子信息类"",""计算机类""],""role_terms"":[""信息化""],""reason"":""tech_major_and_role""},""original"":{""部门代码"":""130111"",""部门名称"":""国家税务总局江苏省税务局"",""用人司局"":""国家税务总局盐城市大丰区税务局"",""机构性质"":""中央国家行政机关省级以下直属机构"",""招考职位"":""一级行政执法员（三）"",""职位属性"":""普通职位"",""职位分布"":""其他职位"",""职位简介"":""从事税收信息化管理工作"",""职位代码"":""300110615003"",""机构层级"":""县（区）级及以下"",""考试类别"":""行政执法类"",""招考人数"":""2"",""专业"":""电子信息类、计算机类"",""学历"":""本科及以上"",""学位"":""与最高学历相对应的学位"",""政治面貌"":""不限"",""基层工作最低年限"":""无限制"",""服务基层项目工作经历"":""无限制"",""是否在面试阶段组织专业能力测试"":""否"",""面试人员比例"":""3:1"",""工作地点"":""江苏省盐城市大丰区"",""落户地点"":""江苏省盐城市大丰区"",""备注"":""2025届高校毕业生，本单位不提供宿舍，在本单位最低服务年限为5年"",""部门网站"":""https://jiangsu.chinatax.gov.cn/"",""咨询电话1"":""025-86634478"",""咨询电话2"":"""",""咨询电话3"":"""",""来源Sheet"":""中央国家行政机关省级以下直属机构""}}"
"government_jobs","国家公务员2025招考简章","公务员/事业单位技术岗位","江苏省盐城市建湖县","2026-07-28T09:12:58.310295+00:00","一级行政执法员（四）","国家税务总局江苏省税务局","","江苏省盐城市建湖县","公务员/事业单位;2025;computer_software;electronics_communication;仅限本科;学士;电子信息类、计算机类;行政执法类","用人司局：国家税务总局建湖县税务局
职位简介：从事税收信息化管理工作
专业要求：电子信息类、计算机类
学历要求：仅限本科
学位要求：学士
政治面貌：不限
基层工作经历：无限制
考试类别：行政执法类
备注：2025届高校毕业生，本单位不提供宿舍，在本单位最低服务年限为5年","https://www.xjhc.gov.cn/xjhc/c116834/202410/a29382e11a674da3be3353af65f9fcc5.shtml#130111-300110630004","2024-10-14","{""dataset_year"":2025,""job_uid"":""GOV-2025-130111-300110630004"",""publisher"":""国家公务员局"",""publication_page"":""https://www.xjhc.gov.cn/xjhc/c116834/202410/a29382e11a674da3be3353af65f9fcc5.shtml"",""attachment_url"":""https://www.xjhc.gov.cn/xjhc/c116834/202410/a29382e11a674da3be3353af65f9fcc5/files/0536cef86e2b46ddad6aae5a3780089e.xls"",""local_source_file"":""2025_guokao_zhaokaojianzhang.xls"",""local_source_sha256"":""07ae6cab368cd21b7a1ac3e8150fe9a3d39ad5171ce76135ff3cccfe50c3e77e"",""source_sheet"":""中央国家行政机关省级以下直属机构"",""filter_version"":""government_tech_v2"",""tech_filter"":{""is_tech"":true,""is_core_tech"":true,""scope"":""core"",""categories"":[""computer_software"",""electronics_communication""],""matched_fields"":[""major"",""description""],""major_terms"":[""电子信息类"",""计算机类""],""role_terms"":[""信息化""],""reason"":""tech_major_and_role""},""original"":{""部门代码"":""130111"",""部门名称"":""国家税务总局江苏省税务局"",""用人司局"":""国家税务总局建湖县税务局"",""机构性质"":""中央国家行政机关省级以下直属机构"",""招考职位"":""一级行政执法员（四）"",""职位属性"":""普通职位"",""职位分布"":""其他职位"",""职位简介"":""从事税收信息化管理工作"",""职位代码"":""300110630004"",""机构层级"":""县（区）级及以下"",""考试类别"":""行政执法类"",""招考人数"":""2"",""专业"":""电子信息类、计算机类"",""学历"":""仅限本科"",""学位"":""学士"",""政治面貌"":""不限"",""基层工作最低年限"":""无限制"",""服务基层项目工作经历"":""无限制"",""是否在面试阶段组织专业能力测试"":""否"",""面试人员比例"":""3:1"",""工作地点"":""江苏省盐城市建湖县"",""落户地点"":""江苏省盐城市建湖县"",""备注"":""2025届高校毕业生，本单位不提供宿舍，在本单位最低服务年限为5年"",""部门网站"":""https://jiangsu.chinatax.gov.cn/"",""咨询电话1"":""025-86634478"",""咨询电话2"":"""",""咨询电话3"":"""",""来源Sheet"":""中央国家行政机关省级以下直属机构""}}"
"government_jobs","国家公务员2025招考简章","公务员/事业单位技术岗位","江苏省盐城市响水县","2026-07-28T09:12:58.310295+00:00","一级行政执法员（三）","国家税务总局江苏省税务局","","江苏省盐城市响水县","公务员/事业单位;2025;computer_software;electronics_communication;仅限本科;学士;电子信息类、计算机类;行政执法类","用人司局：国家税务总局响水县税务局
职位简介：从事税收信息化管理工作
专业要求：电子信息类、计算机类
学历要求：仅限本科
学位要求：学士
政治面貌：不限
基层工作经历：无限制
考试类别：行政执法类
备注：2025届高校毕业生，本单位不提供宿舍，在本单位最低服务年限为5年","https://www.xjhc.gov.cn/xjhc/c116834/202410/a29382e11a674da3be3353af65f9fcc5.shtml#130111-300110650003","2024-10-14","{""dataset_year"":2025,""job_uid"":""GOV-2025-130111-300110650003"",""publisher"":""国家公务员局"",""publication_page"":""https://www.xjhc.gov.cn/xjhc/c116834/202410/a29382e11a674da3be3353af65f9fcc5.shtml"",""attachment_url"":""https://www.xjhc.gov.cn/xjhc/c116834/202410/a29382e11a674da3be3353af65f9fcc5/files/0536cef86e2b46ddad6aae5a3780089e.xls"",""local_source_file"":""2025_guokao_zhaokaojianzhang.xls"",""local_source_sha256"":""07ae6cab368cd21b7a1ac3e8150fe9a3d39ad5171ce76135ff3cccfe50c3e77e"",""source_sheet"":""中央国家行政机关省级以下直属机构"",""filter_version"":""government_tech_v2"",""tech_filter"":{""is_tech"":true,""is_core_tech"":true,""scope"":""core"",""categories"":[""computer_software"",""electronics_communication""],""matched_fields"":[""major"",""description""],""major_terms"":[""电子信息类"",""计算机类""],""role_terms"":[""信息化""],""reason"":""tech_major_and_role""},""original"":{""部门代码"":""130111"",""部门名称"":""国家税务总局江苏省税务局"",""用人司局"":""国家税务总局响水县税务局"",""机构性质"":""中央国家行政机关省级以下直属机构"",""招考职位"":""一级行政执法员（三）"",""职位属性"":""普通职位"",""职位分布"":""其他职位"",""职位简介"":""从事税收信息化管理工作"",""职位代码"":""300110650003"",""机构层级"":""县（区）级及以下"",""考试类别"":""行政执法类"",""招考人数"":""2"",""专业"":""电子信息类、计算机类"",""学历"":""仅限本科"",""学位"":""学士"",""政治面貌"":""不限"",""基层工作最低年限"":""无限制"",""服务基层项目工作经历"":""无限制"",""是否在面试阶段组织专业能力测试"":""否"",""面试人员比例"":""3:1"",""工作地点"":""江苏省盐城市响水县"",""落户地点"":""江苏省盐城市响水县"",""备注"":""2025届高校毕业生，本单位不提供宿舍，在本单位最低服务年限为5年"",""部门网站"":""https://jiangsu.chinatax.gov.cn/"",""咨询电话1"":""025-86634478"",""咨询电话2"":"""",""咨询电话3"":"""",""来源Sheet"":""中央国家行政机关省级以下直属机构""}}"
"government_jobs","国家公务员2025招考简章","公务员/事业单位技术岗位","江苏省扬州市","2026-07-28T09:12:58.310295+00:00","一级行政执法员（五）","国家税务总局江苏省税务局","","江苏省扬州市","公务员/事业单位;2025;computer_software;electronics_communication;本科及以上;与最高学历相对应的学位;电子信息类、计算机类;行政执法类","用人司局：国家税务总局扬州市税务局第三税务分局
职位简介：从事税收信息化管理工作
专业要求：电子信息类、计算机类
学历要求：本科及以上
学位要求：与最高学历相对应的学位
政治面貌：不限
基层工作经历：无限制
考试类别：行政执法类
备注：2025届高校毕业生，本单位不提供宿舍，在本单位最低服务年限为5年","https://www.xjhc.gov.cn/xjhc/c116834/202410/a29382e11a674da3be3353af65f9fcc5.shtml#130111-300110663005","2024-10-14","{""dataset_year"":2025,""job_uid"":""GOV-2025-130111-300110663005"",""publisher"":""国家公务员局"",""publication_page"":""https://www.xjhc.gov.cn/xjhc/c116834/202410/a29382e11a674da3be3353af65f9fcc5.shtml"",""attachment_url"":""https://www.xjhc.gov.cn/xjhc/c116834/202410/a29382e11a674da3be3353af65f9fcc5/files/0536cef86e2b46ddad6aae5a3780089e.xls"",""local_source_file"":""2025_guokao_zhaokaojianzhang.xls"",""local_source_sha256"":""07ae6cab368cd21b7a1ac3e8150fe9a3d39ad5171ce76135ff3cccfe50c3e77e"",""source_sheet"":""中央国家行政机关省级以下直属机构"",""filter_version"":""government_tech_v2"",""tech_filter"":{""is_tech"":true,""is_core_tech"":true,""scope"":""core"",""categories"":[""computer_software"",""electronics_communication""],""matched_fields"":[""major"",""description""],""major_terms"":[""电子信息类"",""计算机类""],""role_terms"":[""信息化""],""reason"":""tech_major_and_role""},""original"":{""部门代码"":""130111"",""部门名称"":""国家税务总局江苏省税务局"",""用人司局"":""国家税务总局扬州市税务局第三税务分局"",""机构性质"":""中央国家行政机关省级以下直属机构"",""招考职位"":""一级行政执法员（五）"",""职位属性"":""普通职位"",""职位分布"":""其他职位"",""职位简介"":""从事税收信息化管理工作"",""职位代码"":""300110663005"",""机构层级"":""市（地）级"",""考试类别"":""行政执法类"",""招考人数"":""2"",""专业"":""电子信息类、计算机类"",""学历"":""本科及以上"",""学位"":""与最高学历相对应的学位"",""政治面貌"":""不限"",""基层工作最低年限"":""无限制"",""服务基层项目工作经历"":""无限制"",""是否在面试阶段组织专业能力测试"":""否"",""面试人员比例"":""3:1"",""工作地点"":""江苏省扬州市"",""落户地点"":""江苏省扬州市"",""备注"":""2025届高校毕业生，本单位不提供宿舍，在本单位最低服务年限为5年"",""部门网站"":""https://jiangsu.chinatax.gov.cn/"",""咨询电话1"":""025-86634478"",""咨询电话2"":"""",""咨询电话3"":"""",""来源Sheet"":""中央国家行政机关省级以下直属机构""}}"
"government_jobs","国家公务员2025招考简章","公务员/事业单位技术岗位","江苏省扬州市邗江区","2026-07-28T09:12:58.310295+00:00","一级行政执法员（三）","国家税务总局江苏省税务局","","江苏省扬州市邗江区","公务员/事业单位;2025;computer_software;electronics_communication;本科及以上;与最高学历相对应的学位;电子信息类、计算机类;行政执法类","用人司局：国家税务总局扬州市邗江区税务局
职位简介：从事税收信息化管理工作
专业要求：电子信息类、计算机类
学历要求：本科及以上
学位要求：与最高学历相对应的学位
政治面貌：不限
基层工作经历：无限制
考试类别：行政执法类
备注：2025届高校毕业生，本单位不提供宿舍，在本单位最低服务年限为5年","https://www.xjhc.gov.cn/xjhc/c116834/202410/a29382e11a674da3be3353af65f9fcc5.shtml#130111-300110685003","2024-10-14","{""dataset_year"":2025,""job_uid"":""GOV-2025-130111-300110685003"",""publisher"":""国家公务员局"",""publication_page"":""https://www.xjhc.gov.cn/xjhc/c116834/202410/a29382e11a674da3be3353af65f9fcc5.shtml"",""attachment_url"":""https://www.xjhc.gov.cn/xjhc/c116834/202410/a29382e11a674da3be3353af65f9fcc5/files/0536cef86e2b46ddad6aae5a3780089e.xls"",""local_source_file"":""2025_guokao_zhaokaojianzhang.xls"",""local_source_sha256"":""07ae6cab368cd21b7a1ac3e8150fe9a3d39ad5171ce76135ff3cccfe50c3e77e"",""source_sheet"":""中央国家行政机关省级以下直属机构"",""filter_version"":""government_tech_v2"",""tech_filter"":{""is_tech"":true,""is_core_tech"":true,""scope"":""core"",""categories"":[""computer_software"",""electronics_communication""],""matched_fields"":[""major"",""description""],""major_terms"":[""电子信息类"",""计算机类""],""role_terms"":[""信息化""],""reason"":""tech_major_and_role""},""original"":{""部门代码"":""130111"",""部门名称"":""国家税务总局江苏省税务局"",""用人司局"":""国家税务总局扬州市邗江区税务局"",""机构性质"":""中央国家行政机关省级以下直属机构"",""招考职位"":""一级行政执法员（三）"",""职位属性"":""普通职位"",""职位分布"":""其他职位"",""职位简介"":""从事税收信息化管理工作"",""职位代码"":""300110685003"",""机构层级"":""县（区）级及以下"",""考试类别"":""行政执法类"",""招考人数"":""2"",""专业"":""电子信息类、计算机类"",""学历"":""本科及以上"",""学位"":""与最高学历相对应的学位"",""政治面貌"":""不限"",""基层工作最低年限"":""无限制"",""服务基层项目工作经历"":""无限制"",""是否在面试阶段组织专业能力测试"":""否"",""面试人员比例"":""3:1"",""工作地点"":""江苏省扬州市邗江区"",""落户地点"":""江苏省扬州市邗江区"",""备注"":""2025届高校毕业生，本单位不提供宿舍，在本单位最低服务年限为5年"",""部门网站"":""https://jiangsu.chinatax.gov.cn/"",""咨询电话1"":""025-86634478"",""咨询电话2"":"""",""咨询电话3"":"""",""来源Sheet"":""中央国家行政机关省级以下直属机构""}}"
"government_jobs","国家公务员2025招考简章","公务员/事业单位技术岗位","江苏省扬州市仪征市","2026-07-28T09:12:58.310295+00:00","一级行政执法员（三）","国家税务总局江苏省税务局","","江苏省扬州市仪征市","公务员/事业单位;2025;computer_software;electronics_communication;本科及以上;与最高学历相对应的学位;电子信息类、计算机类;行政执法类","用人司局：国家税务总局仪征市税务局
职位简介：从事税收信息化管理工作
专业要求：电子信息类、计算机类
学历要求：本科及以上
学位要求：与最高学历相对应的学位
政治面貌：不限
基层工作经历：无限制
考试类别：行政执法类
备注：2025届高校毕业生，本单位不提供宿舍，在本单位最低服务年限为5年","https://www.xjhc.gov.cn/xjhc/c116834/202410/a29382e11a674da3be3353af65f9fcc5.shtml#130111-300110705003","2024-10-14","{""dataset_year"":2025,""job_uid"":""GOV-2025-130111-300110705003"",""publisher"":""国家公务员局"",""publication_page"":""https://www.xjhc.gov.cn/xjhc/c116834/202410/a29382e11a674da3be3353af65f9fcc5.shtml"",""attachment_url"":""https://www.xjhc.gov.cn/xjhc/c116834/202410/a29382e11a674da3be3353af65f9fcc5/files/0536cef86e2b46ddad6aae5a3780089e.xls"",""local_source_file"":""2025_guokao_zhaokaojianzhang.xls"",""local_source_sha256"":""07ae6cab368cd21b7a1ac3e8150fe9a3d39ad5171ce76135ff3cccfe50c3e77e"",""source_sheet"":""中央国家行政机关省级以下直属机构"",""filter_version"":""government_tech_v2"",""tech_filter"":{""is_tech"":true,""is_core_tech"":true,""scope"":""core"",""categories"":[""computer_software"",""electronics_communication""],""matched_fields"":[""major"",""description""],""major_terms"":[""电子信息类"",""计算机类""],""role_terms"":[""信息化""],""reason"":""tech_major_and_role""},""original"":{""部门代码"":""130111"",""部门名称"":""国家税务总局江苏省税务局"",""用人司局"":""国家税务总局仪征市税务局"",""机构性质"":""中央国家行政机关省级以下直属机构"",""招考职位"":""一级行政执法员（三）"",""职位属性"":""普通职位"",""职位分布"":""其他职位"",""职位简介"":""从事税收信息化管理工作"",""职位代码"":""300110705003"",""机构层级"":""县（区）级及以下"",""考试类别"":""行政执法类"",""招考人数"":""2"",""专业"":""电子信息类、计算机类"",""学历"":""本科及以上"",""学位"":""与最高学历相对应的学位"",""政治面貌"":""不限"",""基层工作最低年限"":""无限制"",""服务基层项目工作经历"":""无限制"",""是否在面试阶段组织专业能力测试"":""否"",""面试人员比例"":""3:1"",""工作地点"":""江苏省扬州市仪征市"",""落户地点"":""江苏省扬州市仪征市"",""备注"":""2025届高校毕业生，本单位不提供宿舍，在本单位最低服务年限为5年"",""部门网站"":""https://jiangsu.chinatax.gov.cn/"",""咨询电话1"":""025-86634478"",""咨询电话2"":"""",""咨询电话3"":"""",""来源Sheet"":""中央国家行政机关省级以下直属机构""}}"
"government_jobs","国家公务员2025招考简章","公务员/事业单位技术岗位","江苏省镇江市京口区","2026-07-28T09:12:58.310295+00:00","一级行政执法员（一）","国家税务总局江苏省税务局","","江苏省镇江市京口区","公务员/事业单位;2025;computer_software;electronics_communication;本科及以上;与最高学历相对应的学位;电子信息类、计算机类;行政执法类","用人司局：国家税务总局镇江市京口区税务局
职位简介：从事税收信息化管理工作
专业要求：电子信息类、计算机类
学历要求：本科及以上
学位要求：与最高学历相对应的学位
政治面貌：不限
基层工作经历：无限制
考试类别：行政执法类
备注：2025届高校毕业生，本单位不提供宿舍，在本单位最低服务年限为5年","https://www.xjhc.gov.cn/xjhc/c116834/202410/a29382e11a674da3be3353af65f9fcc5.shtml#130111-300110740001","2024-10-14","{""dataset_year"":2025,""job_uid"":""GOV-2025-130111-300110740001"",""publisher"":""国家公务员局"",""publication_page"":""https://www.xjhc.gov.cn/xjhc/c116834/202410/a29382e11a674da3be3353af65f9fcc5.shtml"",""attachment_url"":""https://www.xjhc.gov.cn/xjhc/c116834/202410/a29382e11a674da3be3353af65f9fcc5/files/0536cef86e2b46ddad6aae5a3780089e.xls"",""local_source_file"":""2025_guokao_zhaokaojianzhang.xls"",""local_source_sha256"":""07ae6cab368cd21b7a1ac3e8150fe9a3d39ad5171ce76135ff3cccfe50c3e77e"",""source_sheet"":""中央国家行政机关省级以下直属机构"",""filter_version"":""government_tech_v2"",""tech_filter"":{""is_tech"":true,""is_core_tech"":true,""scope"":""core"",""categories"":[""computer_software"",""electronics_communication""],""matched_fields"":[""major"",""description""],""major_terms"":[""电子信息类"",""计算机类""],""role_terms"":[""信息化""],""reason"":""tech_major_and_role""},""original"":{""部门代码"":""130111"",""部门名称"":""国家税务总局江苏省税务局"",""用人司局"":""国家税务总局镇江市京口区税务局"",""机构性质"":""中央国家行政机关省级以下直属机构"",""招考职位"":""一级行政执法员（一）"",""职位属性"":""普通职位"",""职位分布"":""其他职位"",""职位简介"":""从事税收信息化管理工作"",""职位代码"":""300110740001"",""机构层级"":""县（区）级及以下"",""考试类别"":""行政执法类"",""招考人数"":""1"",""专业"":""电子信息类、计算机类"",""学历"":""本科及以上"",""学位"":""与最高学历相对应的学位"",""政治面貌"":""不限"",""基层工作最低年限"":""无限制"",""服务基层项目工作经历"":""无限制"",""是否在面试阶段组织专业能力测试"":""否"",""面试人员比例"":""3:1"",""工作地点"":""江苏省镇江市京口区"",""落户地点"":""江苏省镇江市京口区"",""备注"":""2025届高校毕业生，本单位不提供宿舍，在本单位最低服务年限为5年"",""部门网站"":""https://jiangsu.chinatax.gov.cn/"",""咨询电话1"":""025-86634478"",""咨询电话2"":"""",""咨询电话3"":"""",""来源Sheet"":""中央国家行政机关省级以下直属机构""}}"
"government_jobs","国家公务员2025招考简章","公务员/事业单位技术岗位","江苏省镇江市丹阳市","2026-07-28T09:12:58.310295+00:00","一级行政执法员（六）","国家税务总局江苏省税务局","","江苏省镇江市丹阳市","公务员/事业单位;2025;computer_software;electronics_communication;仅限本科;学士;电子信息类、计算机类;行政执法类","用人司局：国家税务总局丹阳市税务局
职位简介：从事税收信息化管理工作
专业要求：电子信息类、计算机类
学历要求：仅限本科
学位要求：学士
政治面貌：不限
基层工作经历：无限制
考试类别：行政执法类
备注：大学英语四级合格或四级考试成绩425分及以上，本单位不提供宿舍，在本单位最低服务年限为5年","https://www.xjhc.gov.cn/xjhc/c116834/202410/a29382e11a674da3be3353af65f9fcc5.shtml#130111-300110755006","2024-10-14","{""dataset_year"":2025,""job_uid"":""GOV-2025-130111-300110755006"",""publisher"":""国家公务员局"",""publication_page"":""https://www.xjhc.gov.cn/xjhc/c116834/202410/a29382e11a674da3be3353af65f9fcc5.shtml"",""attachment_url"":""https://www.xjhc.gov.cn/xjhc/c116834/202410/a29382e11a674da3be3353af65f9fcc5/files/0536cef86e2b46ddad6aae5a3780089e.xls"",""local_source_file"":""2025_guokao_zhaokaojianzhang.xls"",""local_source_sha256"":""07ae6cab368cd21b7a1ac3e8150fe9a3d39ad5171ce76135ff3cccfe50c3e77e"",""source_sheet"":""中央国家行政机关省级以下直属机构"",""filter_version"":""government_tech_v2"",""tech_filter"":{""is_tech"":true,""is_core_tech"":true,""scope"":""core"",""categories"":[""computer_software"",""electronics_communication""],""matched_fields"":[""major"",""description""],""major_terms"":[""电子信息类"",""计算机类""],""role_terms"":[""信息化""],""reason"":""tech_major_and_role""},""original"":{""部门代码"":""130111"",""部门名称"":""国家税务总局江苏省税务局"",""用人司局"":""国家税务总局丹阳市税务局"",""机构性质"":""中央国家行政机关省级以下直属机构"",""招考职位"":""一级行政执法员（六）"",""职位属性"":""普通职位"",""职位分布"":""其他职位"",""职位简介"":""从事税收信息化管理工作"",""职位代码"":""300110755006"",""机构层级"":""县（区）级及以下"",""考试类别"":""行政执法类"",""招考人数"":""2"",""专业"":""电子信息类、计算机类"",""学历"":""仅限本科"",""学位"":""学士"",""政治面貌"":""不限"",""基层工作最低年限"":""无限制"",""服务基层项目工作经历"":""无限制"",""是否在面试阶段组织专业能力测试"":""否"",""面试人员比例"":""3:1"",""工作地点"":""江苏省镇江市丹阳市"",""落户地点"":""江苏省镇江市丹阳市"",""备注"":""大学英语四级合格或四级考试成绩425分及以上，本单位不提供宿舍，在本单位最低服务年限为5年"",""部门网站"":""https://jiangsu.chinatax.gov.cn/"",""咨询电话1"":""025-86634478"",""咨询电话2"":"""",""咨询电话3"":"""",""来源Sheet"":""中央国家行政机关省级以下直属机构""}}"
"government_jobs","国家公务员2025招考简章","公务员/事业单位技术岗位","江苏省泰州市兴化市","2026-07-28T09:12:58.310295+00:00","一级行政执法员（三）","国家税务总局江苏省税务局","","江苏省泰州市兴化市","公务员/事业单位;2025;computer_software;electronics_communication;仅限本科;学士;电子信息类、计算机类;行政执法类","用人司局：国家税务总局兴化市税务局
职位简介：从事税收信息化管理工作
专业要求：电子信息类、计算机类
学历要求：仅限本科
学位要求：学士
政治面貌：不限
基层工作经历：无限制
考试类别：行政执法类
备注：2025届高校毕业生，本单位不提供宿舍，在本单位最低服务年限为5年","https://www.xjhc.gov.cn/xjhc/c116834/202410/a29382e11a674da3be3353af65f9fcc5.shtml#130111-300110820003","2024-10-14","{""dataset_year"":2025,""job_uid"":""GOV-2025-130111-300110820003"",""publisher"":""国家公务员局"",""publication_page"":""https://www.xjhc.gov.cn/xjhc/c116834/202410/a29382e11a674da3be3353af65f9fcc5.shtml"",""attachment_url"":""https://www.xjhc.gov.cn/xjhc/c116834/202410/a29382e11a674da3be3353af65f9fcc5/files/0536cef86e2b46ddad6aae5a3780089e.xls"",""local_source_file"":""2025_guokao_zhaokaojianzhang.xls"",""local_source_sha256"":""07ae6cab368cd21b7a1ac3e8150fe9a3d39ad5171ce76135ff3cccfe50c3e77e"",""source_sheet"":""中央国家行政机关省级以下直属机构"",""filter_version"":""government_tech_v2"",""tech_filter"":{""is_tech"":true,""is_core_tech"":true,""scope"":""core"",""categories"":[""computer_software"",""electronics_communication""],""matched_fields"":[""major"",""description""],""major_terms"":[""电子信息类"",""计算机类""],""role_terms"":[""信息化""],""reason"":""tech_major_and_role""},""original"":{""部门代码"":""130111"",""部门名称"":""国家税务总局江苏省税务局"",""用人司局"":""国家税务总局兴化市税务局"",""机构性质"":""中央国家行政机关省级以下直属机构"",""招考职位"":""一级行政执法员（三）"",""职位属性"":""普通职位"",""职位分布"":""其他职位"",""职位简介"":""从事税收信息化管理工作"",""职位代码"":""300110820003"",""机构层级"":""县（区）级及以下"",""考试类别"":""行政执法类"",""招考人数"":""4"",""专业"":""电子信息类、计算机类"",""学历"":""仅限本科"",""学位"":""学士"",""政治面貌"":""不限"",""基层工作最低年限"":""无限制"",""服务基层项目工作经历"":""无限制"",""是否在面试阶段组织专业能力测试"":""否"",""面试人员比例"":""3:1"",""工作地点"":""江苏省泰州市兴化市"",""落户地点"":""江苏省泰州市兴化市"",""备注"":""2025届高校毕业生，本单位不提供宿舍，在本单位最低服务年限为5年"",""部门网站"":""https://jiangsu.chinatax.gov.cn/"",""咨询电话1"":""025-86634478"",""咨询电话2"":"""",""咨询电话3"":"""",""来源Sheet"":""中央国家行政机关省级以下直属机构""}}"
"government_jobs","国家公务员2025招考简章","公务员/事业单位技术岗位","江苏省宿迁市沭阳县","2026-07-28T09:12:58.310295+00:00","一级行政执法员（四）","国家税务总局江苏省税务局","","江苏省宿迁市沭阳县","公务员/事业单位;2025;computer_software;electronics_communication;仅限本科;学士;电子信息类、计算机类;行政执法类","用人司局：国家税务总局沭阳县税务局
职位简介：从事税收信息化管理工作
专业要求：电子信息类、计算机类
学历要求：仅限本科
学位要求：学士
政治面貌：不限
基层工作经历：无限制
考试类别：行政执法类
备注：2025届高校毕业生，本单位不提供宿舍，在本单位最低服务年限为5年","https://www.xjhc.gov.cn/xjhc/c116834/202410/a29382e11a674da3be3353af65f9fcc5.shtml#130111-300110850004","2024-10-14","{""dataset_year"":2025,""job_uid"":""GOV-2025-130111-300110850004"",""publisher"":""国家公务员局"",""publication_page"":""https://www.xjhc.gov.cn/xjhc/c116834/202410/a29382e11a674da3be3353af65f9fcc5.shtml"",""attachment_url"":""https://www.xjhc.gov.cn/xjhc/c116834/202410/a29382e11a674da3be3353af65f9fcc5/files/0536cef86e2b46ddad6aae5a3780089e.xls"",""local_source_file"":""2025_guokao_zhaokaojianzhang.xls"",""local_source_sha256"":""07ae6cab368cd21b7a1ac3e8150fe9a3d39ad5171ce76135ff3cccfe50c3e77e"",""source_sheet"":""中央国家行政机关省级以下直属机构"",""filter_version"":""government_tech_v2"",""tech_filter"":{""is_tech"":true,""is_core_tech"":true,""scope"":""core"",""categories"":[""computer_software"",""electronics_communication""],""matched_fields"":[""major"",""description""],""major_terms"":[""电子信息类"",""计算机类""],""role_terms"":[""信息化""],""reason"":""tech_major_and_role""},""original"":{""部门代码"":""130111"",""部门名称"":""国家税务总局江苏省税务局"",""用人司局"":""国家税务总局沭阳县税务局"",""机构性质"":""中央国家行政机关省级以下直属机构"",""招考职位"":""一级行政执法员（四）"",""职位属性"":""普通职位"",""职位分布"":""其他职位"",""职位简介"":""从事税收信息化管理工作"",""职位代码"":""300110850004"",""机构层级"":""县（区）级及以下"",""考试类别"":""行政执法类"",""招考人数"":""2"",""专业"":""电子信息类、计算机类"",""学历"":""仅限本科"",""学位"":""学士"",""政治面貌"":""不限"",""基层工作最低年限"":""无限制"",""服务基层项目工作经历"":""无限制"",""是否在面试阶段组织专业能力测试"":""否"",""面试人员比例"":""3:1"",""工作地点"":""江苏省宿迁市沭阳县"",""落户地点"":""江苏省宿迁市沭阳县"",""备注"":""2025届高校毕业生，本单位不提供宿舍，在本单位最低服务年限为5年"",""部门网站"":""https://jiangsu.chinatax.gov.cn/"",""咨询电话1"":""025-86634478"",""咨询电话2"":"""",""咨询电话3"":"""",""来源Sheet"":""中央国家行政机关省级以下直属机构""}}"
"government_jobs","国家公务员2025招考简章","公务员/事业单位技术岗位","江苏省宿迁市泗洪县","2026-07-28T09:12:58.310295+00:00","一级行政执法员（五）","国家税务总局江苏省税务局","","江苏省宿迁市泗洪县","公务员/事业单位;2025;computer_software;electronics_communication;仅限本科;学士;电子信息类、计算机类;行政执法类","用人司局：国家税务总局泗洪县税务局
职位简介：从事税收信息化管理工作
专业要求：电子信息类、计算机类
学历要求：仅限本科
学位要求：学士
政治面貌：不限
基层工作经历：无限制
考试类别：行政执法类
备注：2025届高校毕业生，本单位不提供宿舍，在本单位最低服务年限为5年","https://www.xjhc.gov.cn/xjhc/c116834/202410/a29382e11a674da3be3353af65f9fcc5.shtml#130111-300110860005","2024-10-14","{""dataset_year"":2025,""job_uid"":""GOV-2025-130111-300110860005"",""publisher"":""国家公务员局"",""publication_page"":""https://www.xjhc.gov.cn/xjhc/c116834/202410/a29382e11a674da3be3353af65f9fcc5.shtml"",""attachment_url"":""https://www.xjhc.gov.cn/xjhc/c116834/202410/a29382e11a674da3be3353af65f9fcc5/files/0536cef86e2b46ddad6aae5a3780089e.xls"",""local_source_file"":""2025_guokao_zhaokaojianzhang.xls"",""local_source_sha256"":""07ae6cab368cd21b7a1ac3e8150fe9a3d39ad5171ce76135ff3cccfe50c3e77e"",""source_sheet"":""中央国家行政机关省级以下直属机构"",""filter_version"":""government_tech_v2"",""tech_filter"":{""is_tech"":true,""is_core_tech"":true,""scope"":""core"",""categories"":[""computer_software"",""electronics_communication""],""matched_fields"":[""major"",""description""],""major_terms"":[""电子信息类"",""计算机类""],""role_terms"":[""信息化""],""reason"":""tech_major_and_role""},""original"":{""部门代码"":""130111"",""部门名称"":""国家税务总局江苏省税务局"",""用人司局"":""国家税务总局泗洪县税务局"",""机构性质"":""中央国家行政机关省级以下直属机构"",""招考职位"":""一级行政执法员（五）"",""职位属性"":""普通职位"",""职位分布"":""其他职位"",""职位简介"":""从事税收信息化管理工作"",""职位代码"":""300110860005"",""机构层级"":""县（区）级及以下"",""考试类别"":""行政执法类"",""招考人数"":""2"",""专业"":""电子信息类、计算机类"",""学历"":""仅限本科"",""学位"":""学士"",""政治面貌"":""不限"",""基层工作最低年限"":""无限制"",""服务基层项目工作经历"":""无限制"",""是否在面试阶段组织专业能力测试"":""否"",""面试人员比例"":""3:1"",""工作地点"":""江苏省宿迁市泗洪县"",""落户地点"":""江苏省宿迁市泗洪县"",""备注"":""2025届高校毕业生，本单位不提供宿舍，在本单位最低服务年限为5年"",""部门网站"":""https://jiangsu.chinatax.gov.cn/"",""咨询电话1"":""025-86634478"",""咨询电话2"":"""",""咨询电话3"":"""",""来源Sheet"":""中央国家行政机关省级以下直属机构""}}"
"government_jobs","国家公务员2025招考简章","公务员/事业单位技术岗位","湖北省武汉市江岸区","2026-07-28T09:12:58.310295+00:00","专业技术员（一）","国家税务总局湖北省税务局","","湖北省武汉市江岸区","公务员/事业单位;2025;computer_software;data_ai;electronics_communication;本科及以上;与最高学历相对应的学位;数学类、化学类、地理科学类、统计学类、电子信息类、计算机类;中央机关及其省级直属机构综合管理类","用人司局：国家税务总局武汉市税务局第三税务分局
职位简介：从事税收风险管理、应对及税收大数据分析应用等工作
专业要求：数学类、化学类、地理科学类、统计学类、电子信息类、计算机类
学历要求：本科及以上
学位要求：与最高学历相对应的学位
政治面貌：不限
基层工作经历：二年
考试类别：中央机关及其省级直属机构综合管理类
备注：在本单位最低服务年限为5年，男性，本单位不提供宿舍","https://www.xjhc.gov.cn/xjhc/c116834/202410/a29382e11a674da3be3353af65f9fcc5.shtml#130121-300110003003","2024-10-14","{""dataset_year"":2025,""job_uid"":""GOV-2025-130121-300110003003"",""publisher"":""国家公务员局"",""publication_page"":""https://www.xjhc.gov.cn/xjhc/c116834/202410/a29382e11a674da3be3353af65f9fcc5.shtml"",""attachment_url"":""https://www.xjhc.gov.cn/xjhc/c116834/202410/a29382e11a674da3be3353af65f9fcc5/files/0536cef86e2b46ddad6aae5a3780089e.xls"",""local_source_file"":""2025_guokao_zhaokaojianzhang.xls"",""local_source_sha256"":""07ae6cab368cd21b7a1ac3e8150fe9a3d39ad5171ce76135ff3cccfe50c3e77e"",""source_sheet"":""中央国家行政机关省级以下直属机构"",""filter_version"":""government_tech_v2"",""tech_filter"":{""is_tech"":true,""is_core_tech"":true,""scope"":""core"",""categories"":[""computer_software"",""data_ai"",""electronics_communication""],""matched_fields"":[""major"",""description""],""major_terms"":[""电子信息类"",""计算机类""],""role_terms"":[""大数据"",""数据分析""],""reason"":""tech_major_and_role""},""original"":{""部门代码"":""130121"",""部门名称"":""国家税务总局湖北省税务局"",""用人司局"":""国家税务总局武汉市税务局第三税务分局"",""机构性质"":""中央国家行政机关省级以下直属机构"",""招考职位"":""专业技术员（一）"",""职位属性"":""普通职位"",""职位分布"":""其他职位"",""职位简介"":""从事税收风险管理、应对及税收大数据分析应用等工作"",""职位代码"":""300110003003"",""机构层级"":""省（副省）级"",""考试类别"":""中央机关及其省级直属机构综合管理类"",""招考人数"":""2"",""专业"":""数学类、化学类、地理科学类、统计学类、电子信息类、计算机类"",""学历"":""本科及以上"",""学位"":""与最高学历相对应的学位"",""政治面貌"":""不限"",""基层工作最低年限"":""二年"",""服务基层项目工作经历"":""无限制"",""是否在面试阶段组织专业能力测试"":""否"",""面试人员比例"":""3:1"",""工作地点"":""湖北省武汉市江岸区"",""落户地点"":""湖北省武汉市江岸区"",""备注"":""在本单位最低服务年限为5年，男性，本单位不提供宿舍"",""部门网站"":""http://hubei.chinatax.gov.cn/"",""咨询电话1"":""027-87322493"",""咨询电话2"":""027-87322439"",""咨询电话3"":"""",""来源Sheet"":""中央国家行政机关省级以下直属机构""}}"
"government_jobs","国家公务员2025招考简章","公务员/事业单位技术岗位","湖北省武汉市江岸区","2026-07-28T09:12:58.310295+00:00","专业技术员（二）","国家税务总局湖北省税务局","","湖北省武汉市江岸区","公务员/事业单位;2025;computer_software;data_ai;electronics_communication;本科及以上;与最高学历相对应的学位;数学类、化学类、地理科学类、统计学类、电子信息类、计算机类;中央机关及其省级直属机构综合管理类","用人司局：国家税务总局武汉市税务局第三税务分局
职位简介：从事税收风险管理、应对及税收大数据分析应用等工作
专业要求：数学类、化学类、地理科学类、统计学类、电子信息类、计算机类
学历要求：本科及以上
学位要求：与最高学历相对应的学位
政治面貌：不限
基层工作经历：二年
考试类别：中央机关及其省级直属机构综合管理类
备注：在本单位最低服务年限为5年，女性，本单位不提供宿舍","https://www.xjhc.gov.cn/xjhc/c116834/202410/a29382e11a674da3be3353af65f9fcc5.shtml#130121-300110003004","2024-10-14","{""dataset_year"":2025,""job_uid"":""GOV-2025-130121-300110003004"",""publisher"":""国家公务员局"",""publication_page"":""https://www.xjhc.gov.cn/xjhc/c116834/202410/a29382e11a674da3be3353af65f9fcc5.shtml"",""attachment_url"":""https://www.xjhc.gov.cn/xjhc/c116834/202410/a29382e11a674da3be3353af65f9fcc5/files/0536cef86e2b46ddad6aae5a3780089e.xls"",""local_source_file"":""2025_guokao_zhaokaojianzhang.xls"",""local_source_sha256"":""07ae6cab368cd21b7a1ac3e8150fe9a3d39ad5171ce76135ff3cccfe50c3e77e"",""source_sheet"":""中央国家行政机关省级以下直属机构"",""filter_version"":""government_tech_v2"",""tech_filter"":{""is_tech"":true,""is_core_tech"":true,""scope"":""core"",""categories"":[""computer_software"",""data_ai"",""electronics_communication""],""matched_fields"":[""major"",""description""],""major_terms"":[""电子信息类"",""计算机类""],""role_terms"":[""大数据"",""数据分析""],""reason"":""tech_major_and_role""},""original"":{""部门代码"":""130121"",""部门名称"":""国家税务总局湖北省税务局"",""用人司局"":""国家税务总局武汉市税务局第三税务分局"",""机构性质"":""中央国家行政机关省级以下直属机构"",""招考职位"":""专业技术员（二）"",""职位属性"":""普通职位"",""职位分布"":""其他职位"",""职位简介"":""从事税收风险管理、应对及税收大数据分析应用等工作"",""职位代码"":""300110003004"",""机构层级"":""省（副省）级"",""考试类别"":""中央机关及其省级直属机构综合管理类"",""招考人数"":""2"",""专业"":""数学类、化学类、地理科学类、统计学类、电子信息类、计算机类"",""学历"":""本科及以上"",""学位"":""与最高学历相对应的学位"",""政治面貌"":""不限"",""基层工作最低年限"":""二年"",""服务基层项目工作经历"":""无限制"",""是否在面试阶段组织专业能力测试"":""否"",""面试人员比例"":""3:1"",""工作地点"":""湖北省武汉市江岸区"",""落户地点"":""湖北省武汉市江岸区"",""备注"":""在本单位最低服务年限为5年，女性，本单位不提供宿舍"",""部门网站"":""http://hubei.chinatax.gov.cn/"",""咨询电话1"":""027-87322493"",""咨询电话2"":""027-87322439"",""咨询电话3"":"""",""来源Sheet"":""中央国家行政机关省级以下直属机构""}}"
"government_jobs","国家公务员2025招考简章","公务员/事业单位技术岗位","湖北省襄阳市","2026-07-28T09:12:58.310295+00:00","专业技术员（三）","国家税务总局湖北省税务局","","湖北省襄阳市","公务员/事业单位;2025;computer_software;data_ai;electronics_communication;本科及以上;与最高学历相对应的学位;数学类、统计学类、能源动力类、电子信息类、计算机类、测绘类;市（地）级及以下直属机构综合管理类","用人司局：国家税务总局襄阳市税务局第三税务分局
职位简介：从事税收风险管理、应对及税收大数据分析应用等工作
专业要求：数学类、统计学类、能源动力类、电子信息类、计算机类、测绘类
学历要求：本科及以上
学位要求：与最高学历相对应的学位
政治面貌：不限
基层工作经历：二年
考试类别：市（地）级及以下直属机构综合管理类
备注：在本单位最低服务年限为5年，男性，本单位不提供宿舍","https://www.xjhc.gov.cn/xjhc/c116834/202410/a29382e11a674da3be3353af65f9fcc5.shtml#130121-300110033008","2024-10-14","{""dataset_year"":2025,""job_uid"":""GOV-2025-130121-300110033008"",""publisher"":""国家公务员局"",""publication_page"":""https://www.xjhc.gov.cn/xjhc/c116834/202410/a29382e11a674da3be3353af65f9fcc5.shtml"",""attachment_url"":""https://www.xjhc.gov.cn/xjhc/c116834/202410/a29382e11a674da3be3353af65f9fcc5/files/0536cef86e2b46ddad6aae5a3780089e.xls"",""local_source_file"":""2025_guokao_zhaokaojianzhang.xls"",""local_source_sha256"":""07ae6cab368cd21b7a1ac3e8150fe9a3d39ad5171ce76135ff3cccfe50c3e77e"",""source_sheet"":""中央国家行政机关省级以下直属机构"",""filter_version"":""government_tech_v2"",""tech_filter"":{""is_tech"":true,""is_core_tech"":true,""scope"":""core"",""categories"":[""computer_software"",""data_ai"",""electronics_communication""],""matched_fields"":[""major"",""description""],""major_terms"":[""电子信息类"",""计算机类""],""role_terms"":[""大数据"",""数据分析""],""reason"":""tech_major_and_role""},""original"":{""部门代码"":""130121"",""部门名称"":""国家税务总局湖北省税务局"",""用人司局"":""国家税务总局襄阳市税务局第三税务分局"",""机构性质"":""中央国家行政机关省级以下直属机构"",""招考职位"":""专业技术员（三）"",""职位属性"":""普通职位"",""职位分布"":""其他职位"",""职位简介"":""从事税收风险管理、应对及税收大数据分析应用等工作"",""职位代码"":""300110033008"",""机构层级"":""市（地）级"",""考试类别"":""市（地）级及以下直属机构综合管理类"",""招考人数"":""3"",""专业"":""数学类、统计学类、能源动力类、电子信息类、计算机类、测绘类"",""学历"":""本科及以上"",""学位"":""与最高学历相对应的学位"",""政治面貌"":""不限"",""基层工作最低年限"":""二年"",""服务基层项目工作经历"":""无限制"",""是否在面试阶段组织专业能力测试"":""否"",""面试人员比例"":""3:1"",""工作地点"":""湖北省襄阳市"",""落户地点"":""湖北省襄阳市"",""备注"":""在本单位最低服务年限为5年，男性，本单位不提供宿舍"",""部门网站"":""http://hubei.chinatax.gov.cn/"",""咨询电话1"":""027-87322493"",""咨询电话2"":""027-87322439"",""咨询电话3"":"""",""来源Sheet"":""中央国家行政机关省级以下直属机构""}}"
"government_jobs","国家公务员2025招考简章","公务员/事业单位技术岗位","湖北省襄阳市","2026-07-28T09:12:58.310295+00:00","专业技术员（四）","国家税务总局湖北省税务局","","湖北省襄阳市","公务员/事业单位;2025;computer_software;data_ai;electronics_communication;本科及以上;与最高学历相对应的学位;数学类、统计学类、能源动力类、电子信息类、计算机类、测绘类;市（地）级及以下直属机构综合管理类","用人司局：国家税务总局襄阳市税务局第三税务分局
职位简介：从事税收风险管理、应对及税收大数据分析应用等工作
专业要求：数学类、统计学类、能源动力类、电子信息类、计算机类、测绘类
学历要求：本科及以上
学位要求：与最高学历相对应的学位
政治面貌：不限
基层工作经历：二年
考试类别：市（地）级及以下直属机构综合管理类
备注：在本单位最低服务年限为5年，女性，本单位不提供宿舍","https://www.xjhc.gov.cn/xjhc/c116834/202410/a29382e11a674da3be3353af65f9fcc5.shtml#130121-300110033009","2024-10-14","{""dataset_year"":2025,""job_uid"":""GOV-2025-130121-300110033009"",""publisher"":""国家公务员局"",""publication_page"":""https://www.xjhc.gov.cn/xjhc/c116834/202410/a29382e11a674da3be3353af65f9fcc5.shtml"",""attachment_url"":""https://www.xjhc.gov.cn/xjhc/c116834/202410/a29382e11a674da3be3353af65f9fcc5/files/0536cef86e2b46ddad6aae5a3780089e.xls"",""local_source_file"":""2025_guokao_zhaokaojianzhang.xls"",""local_source_sha256"":""07ae6cab368cd21b7a1ac3e8150fe9a3d39ad5171ce76135ff3cccfe50c3e77e"",""source_sheet"":""中央国家行政机关省级以下直属机构"",""filter_version"":""government_tech_v2"",""tech_filter"":{""is_tech"":true,""is_core_tech"":true,""scope"":""core"",""categories"":[""computer_software"",""data_ai"",""electronics_communication""],""matched_fields"":[""major"",""description""],""major_terms"":[""电子信息类"",""计算机类""],""role_terms"":[""大数据"",""数据分析""],""reason"":""tech_major_and_role""},""original"":{""部门代码"":""130121"",""部门名称"":""国家税务总局湖北省税务局"",""用人司局"":""国家税务总局襄阳市税务局第三税务分局"",""机构性质"":""中央国家行政机关省级以下直属机构"",""招考职位"":""专业技术员（四）"",""职位属性"":""普通职位"",""职位分布"":""其他职位"",""职位简介"":""从事税收风险管理、应对及税收大数据分析应用等工作"",""职位代码"":""300110033009"",""机构层级"":""市（地）级"",""考试类别"":""市（地）级及以下直属机构综合管理类"",""招考人数"":""3"",""专业"":""数学类、统计学类、能源动力类、电子信息类、计算机类、测绘类"",""学历"":""本科及以上"",""学位"":""与最高学历相对应的学位"",""政治面貌"":""不限"",""基层工作最低年限"":""二年"",""服务基层项目工作经历"":""无限制"",""是否在面试阶段组织专业能力测试"":""否"",""面试人员比例"":""3:1"",""工作地点"":""湖北省襄阳市"",""落户地点"":""湖北省襄阳市"",""备注"":""在本单位最低服务年限为5年，女性，本单位不提供宿舍"",""部门网站"":""http://hubei.chinatax.gov.cn/"",""咨询电话1"":""027-87322493"",""咨询电话2"":""027-87322439"",""咨询电话3"":"""",""来源Sheet"":""中央国家行政机关省级以下直属机构""}}"
"government_jobs","国家公务员2025招考简章","公务员/事业单位技术岗位","湖北省荆门市东宝区","2026-07-28T09:12:58.310295+00:00","专业技术员","国家税务总局湖北省税务局","","湖北省荆门市东宝区","公务员/事业单位;2025;computer_software;data_ai;electronics_communication;本科及以上;与最高学历相对应的学位;地理科学类、统计学类、电子信息类、计算机类;市（地）级及以下直属机构综合管理类","用人司局：国家税务总局荆门市税务局第三税务分局
职位简介：从事税收风险管理、应对及税收大数据分析应用等工作
专业要求：地理科学类、统计学类、电子信息类、计算机类
学历要求：本科及以上
学位要求：与最高学历相对应的学位
政治面貌：不限
基层工作经历：二年
考试类别：市（地）级及以下直属机构综合管理类
备注：在本单位最低服务年限为5年，本单位不提供宿舍","https://www.xjhc.gov.cn/xjhc/c116834/202410/a29382e11a674da3be3353af65f9fcc5.shtml#130121-300110143001","2024-10-14","{""dataset_year"":2025,""job_uid"":""GOV-2025-130121-300110143001"",""publisher"":""国家公务员局"",""publication_page"":""https://www.xjhc.gov.cn/xjhc/c116834/202410/a29382e11a674da3be3353af65f9fcc5.shtml"",""attachment_url"":""https://www.xjhc.gov.cn/xjhc/c116834/202410/a29382e11a674da3be3353af65f9fcc5/files/0536cef86e2b46ddad6aae5a3780089e.xls"",""local_source_file"":""2025_guokao_zhaokaojianzhang.xls"",""local_source_sha256"":""07ae6cab368cd21b7a1ac3e8150fe9a3d39ad5171ce76135ff3cccfe50c3e77e"",""source_sheet"":""中央国家行政机关省级以下直属机构"",""filter_version"":""government_tech_v2"",""tech_filter"":{""is_tech"":true,""is_core_tech"":true,""scope"":""core"",""categories"":[""computer_software"",""data_ai"",""electronics_communication""],""matched_fields"":[""major"",""description""],""major_terms"":[""电子信息类"",""计算机类""],""role_terms"":[""大数据"",""数据分析""],""reason"":""tech_major_and_role""},""original"":{""部门代码"":""130121"",""部门名称"":""国家税务总局湖北省税务局"",""用人司局"":""国家税务总局荆门市税务局第三税务分局"",""机构性质"":""中央国家行政机关省级以下直属机构"",""招考职位"":""专业技术员"",""职位属性"":""普通职位"",""职位分布"":""其他职位"",""职位简介"":""从事税收风险管理、应对及税收大数据分析应用等工作"",""职位代码"":""300110143001"",""机构层级"":""市（地）级"",""考试类别"":""市（地）级及以下直属机构综合管理类"",""招考人数"":""2"",""专业"":""地理科学类、统计学类、电子信息类、计算机类"",""学历"":""本科及以上"",""学位"":""与最高学历相对应的学位"",""政治面貌"":""不限"",""基层工作最低年限"":""二年"",""服务基层项目工作经历"":""无限制"",""是否在面试阶段组织专业能力测试"":""否"",""面试人员比例"":""3:1"",""工作地点"":""湖北省荆门市东宝区"",""落户地点"":""湖北省荆门市东宝区"",""备注"":""在本单位最低服务年限为5年，本单位不提供宿舍"",""部门网站"":""http://hubei.chinatax.gov.cn/"",""咨询电话1"":""027-87322493"",""咨询电话2"":""027-87322439"",""咨询电话3"":"""",""来源Sheet"":""中央国家行政机关省级以下直属机构""}}"
"government_jobs","国家公务员2025招考简章","公务员/事业单位技术岗位","云南省昆明市五华区","2026-07-28T09:12:58.310295+00:00","一级行政执法员（七）","国家税务总局云南省税务局","","云南省昆明市五华区","公务员/事业单位;2025;computer_software;data_ai;electronics_communication;本科及以上;与最高学历相对应的学位;数学类、统计学类、电子信息类、计算机类;行政执法类","用人司局：国家税务总局昆明市五华区税务局
职位简介：税收大数据分析
专业要求：数学类、统计学类、电子信息类、计算机类
学历要求：本科及以上
学位要求：与最高学历相对应的学位
政治面貌：不限
基层工作经历：无限制
考试类别：行政执法类
备注：本单位不提供宿舍，在本单位最低服务年限为5年","https://www.xjhc.gov.cn/xjhc/c116834/202410/a29382e11a674da3be3353af65f9fcc5.shtml#130130-300110010023","2024-10-14","{""dataset_year"":2025,""job_uid"":""GOV-2025-130130-300110010023"",""publisher"":""国家公务员局"",""publication_page"":""https://www.xjhc.gov.cn/xjhc/c116834/202410/a29382e11a674da3be3353af65f9fcc5.shtml"",""attachment_url"":""https://www.xjhc.gov.cn/xjhc/c116834/202410/a29382e11a674da3be3353af65f9fcc5/files/0536cef86e2b46ddad6aae5a3780089e.xls"",""local_source_file"":""2025_guokao_zhaokaojianzhang.xls"",""local_source_sha256"":""07ae6cab368cd21b7a1ac3e8150fe9a3d39ad5171ce76135ff3cccfe50c3e77e"",""source_sheet"":""中央国家行政机关省级以下直属机构"",""filter_version"":""government_tech_v2"",""tech_filter"":{""is_tech"":true,""is_core_tech"":true,""scope"":""core"",""categories"":[""computer_software"",""data_ai"",""electronics_communication""],""matched_fields"":[""major"",""description""],""major_terms"":[""电子信息类"",""计算机类""],""role_terms"":[""大数据"",""数据分析""],""reason"":""tech_major_and_role""},""original"":{""部门代码"":""130130"",""部门名称"":""国家税务总局云南省税务局"",""用人司局"":""国家税务总局昆明市五华区税务局"",""机构性质"":""中央国家行政机关省级以下直属机构"",""招考职位"":""一级行政执法员（七）"",""职位属性"":""普通职位"",""职位分布"":""西部地区和艰苦边远地区职位"",""职位简介"":""税收大数据分析"",""职位代码"":""300110010023"",""机构层级"":""县（区）级及以下"",""考试类别"":""行政执法类"",""招考人数"":""2"",""专业"":""数学类、统计学类、电子信息类、计算机类"",""学历"":""本科及以上"",""学位"":""与最高学历相对应的学位"",""政治面貌"":""不限"",""基层工作最低年限"":""无限制"",""服务基层项目工作经历"":""无限制"",""是否在面试阶段组织专业能力测试"":""否"",""面试人员比例"":""3:1"",""工作地点"":""云南省昆明市五华区"",""落户地点"":""云南省昆明市五华区"",""备注"":""本单位不提供宿舍，在本单位最低服务年限为5年"",""部门网站"":""http://yunnan.chinatax.gov.cn/"",""咨询电话1"":""0871-63121915"",""咨询电话2"":"""",""咨询电话3"":"""",""来源Sheet"":""中央国家行政机关省级以下直属机构""}}"
"government_jobs","国家公务员2025招考简章","公务员/事业单位技术岗位","云南省昆明市盘龙区","2026-07-28T09:12:58.310295+00:00","一级行政执法员（十）","国家税务总局云南省税务局","","云南省昆明市盘龙区","公务员/事业单位;2025;computer_software;data_ai;electronics_communication;本科及以上;与最高学历相对应的学位;数学类、统计学类、电子信息类、计算机类;行政执法类","用人司局：国家税务总局昆明市盘龙区税务局
职位简介：税收大数据分析
专业要求：数学类、统计学类、电子信息类、计算机类
学历要求：本科及以上
学位要求：与最高学历相对应的学位
政治面貌：不限
基层工作经历：无限制
考试类别：行政执法类
备注：本单位不提供宿舍，在本单位最低服务年限为5年","https://www.xjhc.gov.cn/xjhc/c116834/202410/a29382e11a674da3be3353af65f9fcc5.shtml#130130-300110012023","2024-10-14","{""dataset_year"":2025,""job_uid"":""GOV-2025-130130-300110012023"",""publisher"":""国家公务员局"",""publication_page"":""https://www.xjhc.gov.cn/xjhc/c116834/202410/a29382e11a674da3be3353af65f9fcc5.shtml"",""attachment_url"":""https://www.xjhc.gov.cn/xjhc/c116834/202410/a29382e11a674da3be3353af65f9fcc5/files/0536cef86e2b46ddad6aae5a3780089e.xls"",""local_source_file"":""2025_guokao_zhaokaojianzhang.xls"",""local_source_sha256"":""07ae6cab368cd21b7a1ac3e8150fe9a3d39ad5171ce76135ff3cccfe50c3e77e"",""source_sheet"":""中央国家行政机关省级以下直属机构"",""filter_version"":""government_tech_v2"",""tech_filter"":{""is_tech"":true,""is_core_tech"":true,""scope"":""core"",""categories"":[""computer_software"",""data_ai"",""electronics_communication""],""matched_fields"":[""major"",""description""],""major_terms"":[""电子信息类"",""计算机类""],""role_terms"":[""大数据"",""数据分析""],""reason"":""tech_major_and_role""},""original"":{""部门代码"":""130130"",""部门名称"":""国家税务总局云南省税务局"",""用人司局"":""国家税务总局昆明市盘龙区税务局"",""机构性质"":""中央国家行政机关省级以下直属机构"",""招考职位"":""一级行政执法员（十）"",""职位属性"":""普通职位"",""职位分布"":""西部地区和艰苦边远地区职位"",""职位简介"":""税收大数据分析"",""职位代码"":""300110012023"",""机构层级"":""县（区）级及以下"",""考试类别"":""行政执法类"",""招考人数"":""2"",""专业"":""数学类、统计学类、电子信息类、计算机类"",""学历"":""本科及以上"",""学位"":""与最高学历相对应的学位"",""政治面貌"":""不限"",""基层工作最低年限"":""无限制"",""服务基层项目工作经历"":""无限制"",""是否在面试阶段组织专业能力测试"":""否"",""面试人员比例"":""3:1"",""工作地点"":""云南省昆明市盘龙区"",""落户地点"":""云南省昆明市盘龙区"",""备注"":""本单位不提供宿舍，在本单位最低服务年限为5年"",""部门网站"":""http://yunnan.chinatax.gov.cn/"",""咨询电话1"":""0871-63121915"",""咨询电话2"":"""",""咨询电话3"":"""",""来源Sheet"":""中央国家行政机关省级以下直属机构""}}"
"government_jobs","国家公务员2025招考简章","公务员/事业单位技术岗位","云南省昆明市西山区","2026-07-28T09:12:58.310295+00:00","一级行政执法员（十一）","国家税务总局云南省税务局","","云南省昆明市西山区","公务员/事业单位;2025;computer_software;data_ai;electronics_communication;本科及以上;与最高学历相对应的学位;数学类、统计学类、电子信息类、计算机类;行政执法类","用人司局：国家税务总局昆明市西山区税务局
职位简介：税收大数据分析
专业要求：数学类、统计学类、电子信息类、计算机类
学历要求：本科及以上
学位要求：与最高学历相对应的学位
政治面貌：不限
基层工作经历：无限制
考试类别：行政执法类
备注：本单位不提供宿舍，在本单位最低服务年限为5年","https://www.xjhc.gov.cn/xjhc/c116834/202410/a29382e11a674da3be3353af65f9fcc5.shtml#130130-300110015024","2024-10-14","{""dataset_year"":2025,""job_uid"":""GOV-2025-130130-300110015024"",""publisher"":""国家公务员局"",""publication_page"":""https://www.xjhc.gov.cn/xjhc/c116834/202410/a29382e11a674da3be3353af65f9fcc5.shtml"",""attachment_url"":""https://www.xjhc.gov.cn/xjhc/c116834/202410/a29382e11a674da3be3353af65f9fcc5/files/0536cef86e2b46ddad6aae5a3780089e.xls"",""local_source_file"":""2025_guokao_zhaokaojianzhang.xls"",""local_source_sha256"":""07ae6cab368cd21b7a1ac3e8150fe9a3d39ad5171ce76135ff3cccfe50c3e77e"",""source_sheet"":""中央国家行政机关省级以下直属机构"",""filter_version"":""government_tech_v2"",""tech_filter"":{""is_tech"":true,""is_core_tech"":true,""scope"":""core"",""categories"":[""computer_software"",""data_ai"",""electronics_communication""],""matched_fields"":[""major"",""description""],""major_terms"":[""电子信息类"",""计算机类""],""role_terms"":[""大数据"",""数据分析""],""reason"":""tech_major_and_role""},""original"":{""部门代码"":""130130"",""部门名称"":""国家税务总局云南省税务局"",""用人司局"":""国家税务总局昆明市西山区税务局"",""机构性质"":""中央国家行政机关省级以下直属机构"",""招考职位"":""一级行政执法员（十一）"",""职位属性"":""普通职位"",""职位分布"":""西部地区和艰苦边远地区职位"",""职位简介"":""税收大数据分析"",""职位代码"":""300110015024"",""机构层级"":""县（区）级及以下"",""考试类别"":""行政执法类"",""招考人数"":""1"",""专业"":""数学类、统计学类、电子信息类、计算机类"",""学历"":""本科及以上"",""学位"":""与最高学历相对应的学位"",""政治面貌"":""不限"",""基层工作最低年限"":""无限制"",""服务基层项目工作经历"":""无限制"",""是否在面试阶段组织专业能力测试"":""否"",""面试人员比例"":""3:1"",""工作地点"":""云南省昆明市西山区"",""落户地点"":""云南省昆明市西山区"",""备注"":""本单位不提供宿舍，在本单位最低服务年限为5年"",""部门网站"":""http://yunnan.chinatax.gov.cn/"",""咨询电话1"":""0871-63121915"",""咨询电话2"":"""",""咨询电话3"":"""",""来源Sheet"":""中央国家行政机关省级以下直属机构""}}"
"government_jobs","国家公务员2025招考简章","公务员/事业单位技术岗位","云南省昆明市官渡区","2026-07-28T09:12:58.310295+00:00","一级行政执法员（九）","国家税务总局云南省税务局","","云南省昆明市官渡区","公务员/事业单位;2025;computer_software;data_ai;electronics_communication;本科及以上;与最高学历相对应的学位;数学类、统计学类、电子信息类、计算机类;行政执法类","用人司局：国家税务总局昆明市官渡区税务局
职位简介：税收大数据分析
专业要求：数学类、统计学类、电子信息类、计算机类
学历要求：本科及以上
学位要求：与最高学历相对应的学位
政治面貌：不限
基层工作经历：无限制
考试类别：行政执法类
备注：本单位不提供宿舍，在本单位最低服务年限为5年","https://www.xjhc.gov.cn/xjhc/c116834/202410/a29382e11a674da3be3353af65f9fcc5.shtml#130130-300110018020","2024-10-14","{""dataset_year"":2025,""job_uid"":""GOV-2025-130130-300110018020"",""publisher"":""国家公务员局"",""publication_page"":""https://www.xjhc.gov.cn/xjhc/c116834/202410/a29382e11a674da3be3353af65f9fcc5.shtml"",""attachment_url"":""https://www.xjhc.gov.cn/xjhc/c116834/202410/a29382e11a674da3be3353af65f9fcc5/files/0536cef86e2b46ddad6aae5a3780089e.xls"",""local_source_file"":""2025_guokao_zhaokaojianzhang.xls"",""local_source_sha256"":""07ae6cab368cd21b7a1ac3e8150fe9a3d39ad5171ce76135ff3cccfe50c3e77e"",""source_sheet"":""中央国家行政机关省级以下直属机构"",""filter_version"":""government_tech_v2"",""tech_filter"":{""is_tech"":true,""is_core_tech"":true,""scope"":""core"",""categories"":[""computer_software"",""data_ai"",""electronics_communication""],""matched_fields"":[""major"",""description""],""major_terms"":[""电子信息类"",""计算机类""],""role_terms"":[""大数据"",""数据分析""],""reason"":""tech_major_and_role""},""original"":{""部门代码"":""130130"",""部门名称"":""国家税务总局云南省税务局"",""用人司局"":""国家税务总局昆明市官渡区税务局"",""机构性质"":""中央国家行政机关省级以下直属机构"",""招考职位"":""一级行政执法员（九）"",""职位属性"":""普通职位"",""职位分布"":""西部地区和艰苦边远地区职位"",""职位简介"":""税收大数据分析"",""职位代码"":""300110018020"",""机构层级"":""县（区）级及以下"",""考试类别"":""行政执法类"",""招考人数"":""3"",""专业"":""数学类、统计学类、电子信息类、计算机类"",""学历"":""本科及以上"",""学位"":""与最高学历相对应的学位"",""政治面貌"":""不限"",""基层工作最低年限"":""无限制"",""服务基层项目工作经历"":""无限制"",""是否在面试阶段组织专业能力测试"":""否"",""面试人员比例"":""3:1"",""工作地点"":""云南省昆明市官渡区"",""落户地点"":""云南省昆明市官渡区"",""备注"":""本单位不提供宿舍，在本单位最低服务年限为5年"",""部门网站"":""http://yunnan.chinatax.gov.cn/"",""咨询电话1"":""0871-63121915"",""咨询电话2"":"""",""咨询电话3"":"""",""来源Sheet"":""中央国家行政机关省级以下直属机构""}}"
"government_jobs","国家公务员2025招考简章","公务员/事业单位技术岗位","云南省昆明市东川区","2026-07-28T09:12:58.310295+00:00","一级行政执法员（一）","国家税务总局云南省税务局","","云南省昆明市东川区","公务员/事业单位;2025;computer_software;data_ai;electronics_communication;本科及以上;与最高学历相对应的学位;数学类、统计学类、电子信息类、计算机类;行政执法类","用人司局：国家税务总局昆明市东川区税务局
职位简介：税收大数据分析
专业要求：数学类、统计学类、电子信息类、计算机类
学历要求：本科及以上
学位要求：与最高学历相对应的学位
政治面貌：不限
基层工作经历：无限制
考试类别：行政执法类
备注：本单位不提供宿舍，在本单位最低服务年限为5年","https://www.xjhc.gov.cn/xjhc/c116834/202410/a29382e11a674da3be3353af65f9fcc5.shtml#130130-300110040003","2024-10-14","{""dataset_year"":2025,""job_uid"":""GOV-2025-130130-300110040003"",""publisher"":""国家公务员局"",""publication_page"":""https://www.xjhc.gov.cn/xjhc/c116834/202410/a29382e11a674da3be3353af65f9fcc5.shtml"",""attachment_url"":""https://www.xjhc.gov.cn/xjhc/c116834/202410/a29382e11a674da3be3353af65f9fcc5/files/0536cef86e2b46ddad6aae5a3780089e.xls"",""local_source_file"":""2025_guokao_zhaokaojianzhang.xls"",""local_source_sha256"":""07ae6cab368cd21b7a1ac3e8150fe9a3d39ad5171ce76135ff3cccfe50c3e77e"",""source_sheet"":""中央国家行政机关省级以下直属机构"",""filter_version"":""government_tech_v2"",""tech_filter"":{""is_tech"":true,""is_core_tech"":true,""scope"":""core"",""categories"":[""computer_software"",""data_ai"",""electronics_communication""],""matched_fields"":[""major"",""description""],""major_terms"":[""电子信息类"",""计算机类""],""role_terms"":[""大数据"",""数据分析""],""reason"":""tech_major_and_role""},""original"":{""部门代码"":""130130"",""部门名称"":""国家税务总局云南省税务局"",""用人司局"":""国家税务总局昆明市东川区税务局"",""机构性质"":""中央国家行政机关省级以下直属机构"",""招考职位"":""一级行政执法员（一）"",""职位属性"":""普通职位"",""职位分布"":""西部地区和艰苦边远地区职位"",""职位简介"":""税收大数据分析"",""职位代码"":""300110040003"",""机构层级"":""县（区）级及以下"",""考试类别"":""行政执法类"",""招考人数"":""1"",""专业"":""数学类、统计学类、电子信息类、计算机类"",""学历"":""本科及以上"",""学位"":""与最高学历相对应的学位"",""政治面貌"":""不限"",""基层工作最低年限"":""无限制"",""服务基层项目工作经历"":""无限制"",""是否在面试阶段组织专业能力测试"":""否"",""面试人员比例"":""3:1"",""工作地点"":""云南省昆明市东川区"",""落户地点"":""云南省昆明市东川区"",""备注"":""本单位不提供宿舍，在本单位最低服务年限为5年"",""部门网站"":""http://yunnan.chinatax.gov.cn/"",""咨询电话1"":""0871-63121915"",""咨询电话2"":"""",""咨询电话3"":"""",""来源Sheet"":""中央国家行政机关省级以下直属机构""}}"
"government_jobs","国家公务员2025招考简章","公务员/事业单位技术岗位","云南省昆明市晋宁区","2026-07-28T09:12:58.310295+00:00","一级行政执法员（三）","国家税务总局云南省税务局","","云南省昆明市晋宁区","公务员/事业单位;2025;computer_software;data_ai;electronics_communication;本科及以上;与最高学历相对应的学位;数学类、统计学类、电子信息类、计算机类;行政执法类","用人司局：国家税务总局昆明市晋宁区税务局
职位简介：税收大数据分析
专业要求：数学类、统计学类、电子信息类、计算机类
学历要求：本科及以上
学位要求：与最高学历相对应的学位
政治面貌：不限
基层工作经历：无限制
考试类别：行政执法类
备注：本单位不提供宿舍，在本单位最低服务年限为5年","https://www.xjhc.gov.cn/xjhc/c116834/202410/a29382e11a674da3be3353af65f9fcc5.shtml#130130-300110042007","2024-10-14","{""dataset_year"":2025,""job_uid"":""GOV-2025-130130-300110042007"",""publisher"":""国家公务员局"",""publication_page"":""https://www.xjhc.gov.cn/xjhc/c116834/202410/a29382e11a674da3be3353af65f9fcc5.shtml"",""attachment_url"":""https://www.xjhc.gov.cn/xjhc/c116834/202410/a29382e11a674da3be3353af65f9fcc5/files/0536cef86e2b46ddad6aae5a3780089e.xls"",""local_source_file"":""2025_guokao_zhaokaojianzhang.xls"",""local_source_sha256"":""07ae6cab368cd21b7a1ac3e8150fe9a3d39ad5171ce76135ff3cccfe50c3e77e"",""source_sheet"":""中央国家行政机关省级以下直属机构"",""filter_version"":""government_tech_v2"",""tech_filter"":{""is_tech"":true,""is_core_tech"":true,""scope"":""core"",""categories"":[""computer_software"",""data_ai"",""electronics_communication""],""matched_fields"":[""major"",""description""],""major_terms"":[""电子信息类"",""计算机类""],""role_terms"":[""大数据"",""数据分析""],""reason"":""tech_major_and_role""},""original"":{""部门代码"":""130130"",""部门名称"":""国家税务总局云南省税务局"",""用人司局"":""国家税务总局昆明市晋宁区税务局"",""机构性质"":""中央国家行政机关省级以下直属机构"",""招考职位"":""一级行政执法员（三）"",""职位属性"":""普通职位"",""职位分布"":""西部地区和艰苦边远地区职位"",""职位简介"":""税收大数据分析"",""职位代码"":""300110042007"",""机构层级"":""县（区）级及以下"",""考试类别"":""行政执法类"",""招考人数"":""1"",""专业"":""数学类、统计学类、电子信息类、计算机类"",""学历"":""本科及以上"",""学位"":""与最高学历相对应的学位"",""政治面貌"":""不限"",""基层工作最低年限"":""无限制"",""服务基层项目工作经历"":""无限制"",""是否在面试阶段组织专业能力测试"":""否"",""面试人员比例"":""3:1"",""工作地点"":""云南省昆明市晋宁区"",""落户地点"":""云南省昆明市晋宁区"",""备注"":""本单位不提供宿舍，在本单位最低服务年限为5年"",""部门网站"":""http://yunnan.chinatax.gov.cn/"",""咨询电话1"":""0871-63121915"",""咨询电话2"":"""",""咨询电话3"":"""",""来源Sheet"":""中央国家行政机关省级以下直属机构""}}"
"government_jobs","国家公务员2025招考简章","公务员/事业单位技术岗位","云南省昆明市石林彝族自治县","2026-07-28T09:12:58.310295+00:00","一级行政执法员（一）","国家税务总局云南省税务局","","云南省昆明市石林彝族自治县","公务员/事业单位;2025;computer_software;data_ai;electronics_communication;本科及以上;与最高学历相对应的学位;数学类、统计学类、电子信息类、计算机类;行政执法类","用人司局：国家税务总局石林县税务局
职位简介：税收大数据分析
专业要求：数学类、统计学类、电子信息类、计算机类
学历要求：本科及以上
学位要求：与最高学历相对应的学位
政治面貌：不限
基层工作经历：无限制
考试类别：行政执法类
备注：本单位不提供宿舍，在本单位最低服务年限为5年","https://www.xjhc.gov.cn/xjhc/c116834/202410/a29382e11a674da3be3353af65f9fcc5.shtml#130130-300110050003","2024-10-14","{""dataset_year"":2025,""job_uid"":""GOV-2025-130130-300110050003"",""publisher"":""国家公务员局"",""publication_page"":""https://www.xjhc.gov.cn/xjhc/c116834/202410/a29382e11a674da3be3353af65f9fcc5.shtml"",""attachment_url"":""https://www.xjhc.gov.cn/xjhc/c116834/202410/a29382e11a674da3be3353af65f9fcc5/files/0536cef86e2b46ddad6aae5a3780089e.xls"",""local_source_file"":""2025_guokao_zhaokaojianzhang.xls"",""local_source_sha256"":""07ae6cab368cd21b7a1ac3e8150fe9a3d39ad5171ce76135ff3cccfe50c3e77e"",""source_sheet"":""中央国家行政机关省级以下直属机构"",""filter_version"":""government_tech_v2"",""tech_filter"":{""is_tech"":true,""is_core_tech"":true,""scope"":""core"",""categories"":[""computer_software"",""data_ai"",""electronics_communication""],""matched_fields"":[""major"",""description""],""major_terms"":[""电子信息类"",""计算机类""],""role_terms"":[""大数据"",""数据分析""],""reason"":""tech_major_and_role""},""original"":{""部门代码"":""130130"",""部门名称"":""国家税务总局云南省税务局"",""用人司局"":""国家税务总局石林县税务局"",""机构性质"":""中央国家行政机关省级以下直属机构"",""招考职位"":""一级行政执法员（一）"",""职位属性"":""普通职位"",""职位分布"":""西部地区和艰苦边远地区职位"",""职位简介"":""税收大数据分析"",""职位代码"":""300110050003"",""机构层级"":""县（区）级及以下"",""考试类别"":""行政执法类"",""招考人数"":""1"",""专业"":""数学类、统计学类、电子信息类、计算机类"",""学历"":""本科及以上"",""学位"":""与最高学历相对应的学位"",""政治面貌"":""不限"",""基层工作最低年限"":""无限制"",""服务基层项目工作经历"":""无限制"",""是否在面试阶段组织专业能力测试"":""否"",""面试人员比例"":""3:1"",""工作地点"":""云南省昆明市石林彝族自治县"",""落户地点"":""云南省昆明市石林彝族自治县"",""备注"":""本单位不提供宿舍，在本单位最低服务年限为5年"",""部门网站"":""http://yunnan.chinatax.gov.cn/"",""咨询电话1"":""0871-63121915"",""咨询电话2"":"""",""咨询电话3"":"""",""来源Sheet"":""中央国家行政机关省级以下直属机构""}}"
"government_jobs","国家公务员2025招考简章","公务员/事业单位技术岗位","云南省昭通市昭阳区","2026-07-28T09:12:58.310295+00:00","一级行政执法员（三）","国家税务总局云南省税务局","","云南省昭通市昭阳区","公务员/事业单位;2025;computer_software;data_ai;electronics_communication;本科及以上;与最高学历相对应的学位;数学类、统计学类、电子信息类、计算机类;行政执法类","用人司局：国家税务总局昭通市昭阳区税务局
职位简介：税收大数据分析
专业要求：数学类、统计学类、电子信息类、计算机类
学历要求：本科及以上
学位要求：与最高学历相对应的学位
政治面貌：不限
基层工作经历：无限制
考试类别：行政执法类
备注：2025届高校毕业生，本单位不提供宿舍，在本单位最低服务年限为5年","https://www.xjhc.gov.cn/xjhc/c116834/202410/a29382e11a674da3be3353af65f9fcc5.shtml#130130-300110065003","2024-10-14","{""dataset_year"":2025,""job_uid"":""GOV-2025-130130-300110065003"",""publisher"":""国家公务员局"",""publication_page"":""https://www.xjhc.gov.cn/xjhc/c116834/202410/a29382e11a674da3be3353af65f9fcc5.shtml"",""attachment_url"":""https://www.xjhc.gov.cn/xjhc/c116834/202410/a29382e11a674da3be3353af65f9fcc5/files/0536cef86e2b46ddad6aae5a3780089e.xls"",""local_source_file"":""2025_guokao_zhaokaojianzhang.xls"",""local_source_sha256"":""07ae6cab368cd21b7a1ac3e8150fe9a3d39ad5171ce76135ff3cccfe50c3e77e"",""source_sheet"":""中央国家行政机关省级以下直属机构"",""filter_version"":""government_tech_v2"",""tech_filter"":{""is_tech"":true,""is_core_tech"":true,""scope"":""core"",""categories"":[""computer_software"",""data_ai"",""electronics_communication""],""matched_fields"":[""major"",""description""],""major_terms"":[""电子信息类"",""计算机类""],""role_terms"":[""大数据"",""数据分析""],""reason"":""tech_major_and_role""},""original"":{""部门代码"":""130130"",""部门名称"":""国家税务总局云南省税务局"",""用人司局"":""国家税务总局昭通市昭阳区税务局"",""机构性质"":""中央国家行政机关省级以下直属机构"",""招考职位"":""一级行政执法员（三）"",""职位属性"":""普通职位"",""职位分布"":""西部地区和艰苦边远地区职位"",""职位简介"":""税收大数据分析"",""职位代码"":""300110065003"",""机构层级"":""县（区）级及以下"",""考试类别"":""行政执法类"",""招考人数"":""2"",""专业"":""数学类、统计学类、电子信息类、计算机类"",""学历"":""本科及以上"",""学位"":""与最高学历相对应的学位"",""政治面貌"":""不限"",""基层工作最低年限"":""无限制"",""服务基层项目工作经历"":""无限制"",""是否在面试阶段组织专业能力测试"":""否"",""面试人员比例"":""3:1"",""工作地点"":""云南省昭通市昭阳区"",""落户地点"":""云南省昭通市昭阳区"",""备注"":""2025届高校毕业生，本单位不提供宿舍，在本单位最低服务年限为5年"",""部门网站"":""http://yunnan.chinatax.gov.cn/"",""咨询电话1"":""0871-63121915"",""咨询电话2"":"""",""咨询电话3"":"""",""来源Sheet"":""中央国家行政机关省级以下直属机构""}}"
"government_jobs","国家公务员2025招考简章","公务员/事业单位技术岗位","云南省昭通市彝良县","2026-07-28T09:12:58.310295+00:00","一级行政执法员（五）","国家税务总局云南省税务局","","云南省昭通市彝良县","公务员/事业单位;2025;computer_software;data_ai;本科及以上;与最高学历相对应的学位;计算机类、化工与制药类、矿业类、交通运输类、食品科学与工程类;行政执法类","用人司局：国家税务总局彝良县税务局
职位简介：税收大数据分析
专业要求：计算机类、化工与制药类、矿业类、交通运输类、食品科学与工程类
学历要求：本科及以上
学位要求：与最高学历相对应的学位
政治面貌：不限
基层工作经历：无限制
考试类别：行政执法类
备注：本单位不提供宿舍，在本单位最低服务年限为5年","https://www.xjhc.gov.cn/xjhc/c116834/202410/a29382e11a674da3be3353af65f9fcc5.shtml#130130-300110090005","2024-10-14","{""dataset_year"":2025,""job_uid"":""GOV-2025-130130-300110090005"",""publisher"":""国家公务员局"",""publication_page"":""https://www.xjhc.gov.cn/xjhc/c116834/202410/a29382e11a674da3be3353af65f9fcc5.shtml"",""attachment_url"":""https://www.xjhc.gov.cn/xjhc/c116834/202410/a29382e11a674da3be3353af65f9fcc5/files/0536cef86e2b46ddad6aae5a3780089e.xls"",""local_source_file"":""2025_guokao_zhaokaojianzhang.xls"",""local_source_sha256"":""07ae6cab368cd21b7a1ac3e8150fe9a3d39ad5171ce76135ff3cccfe50c3e77e"",""source_sheet"":""中央国家行政机关省级以下直属机构"",""filter_version"":""government_tech_v2"",""tech_filter"":{""is_tech"":true,""is_core_tech"":true,""scope"":""core"",""categories"":[""computer_software"",""data_ai""],""matched_fields"":[""major"",""description""],""major_terms"":[""计算机类""],""role_terms"":[""大数据"",""数据分析""],""reason"":""tech_major_and_role""},""original"":{""部门代码"":""130130"",""部门名称"":""国家税务总局云南省税务局"",""用人司局"":""国家税务总局彝良县税务局"",""机构性质"":""中央国家行政机关省级以下直属机构"",""招考职位"":""一级行政执法员（五）"",""职位属性"":""普通职位"",""职位分布"":""西部地区和艰苦边远地区职位"",""职位简介"":""税收大数据分析"",""职位代码"":""300110090005"",""机构层级"":""县（区）级及以下"",""考试类别"":""行政执法类"",""招考人数"":""1"",""专业"":""计算机类、化工与制药类、矿业类、交通运输类、食品科学与工程类"",""学历"":""本科及以上"",""学位"":""与最高学历相对应的学位"",""政治面貌"":""不限"",""基层工作最低年限"":""无限制"",""服务基层项目工作经历"":""无限制"",""是否在面试阶段组织专业能力测试"":""否"",""面试人员比例"":""3:1"",""工作地点"":""云南省昭通市彝良县"",""落户地点"":""云南省昭通市彝良县"",""备注"":""本单位不提供宿舍，在本单位最低服务年限为5年"",""部门网站"":""http://yunnan.chinatax.gov.cn/"",""咨询电话1"":""0871-63121915"",""咨询电话2"":"""",""咨询电话3"":"""",""来源Sheet"":""中央国家行政机关省级以下直属机构""}}"
"government_jobs","国家公务员2025招考简章","公务员/事业单位技术岗位","云南省昭通市彝良县","2026-07-28T09:12:58.310295+00:00","一级行政执法员（六）","国家税务总局云南省税务局","","云南省昭通市彝良县","公务员/事业单位;2025;computer_software;data_ai;electronics_communication;本科及以上;与最高学历相对应的学位;数学类、统计学类、电子信息类、计算机类;行政执法类","用人司局：国家税务总局彝良县税务局
职位简介：税收大数据分析
专业要求：数学类、统计学类、电子信息类、计算机类
学历要求：本科及以上
学位要求：与最高学历相对应的学位
政治面貌：不限
基层工作经历：无限制
考试类别：行政执法类
备注：2025届高校毕业生，本单位不提供宿舍，在本单位最低服务年限为5年","https://www.xjhc.gov.cn/xjhc/c116834/202410/a29382e11a674da3be3353af65f9fcc5.shtml#130130-300110090006","2024-10-14","{""dataset_year"":2025,""job_uid"":""GOV-2025-130130-300110090006"",""publisher"":""国家公务员局"",""publication_page"":""https://www.xjhc.gov.cn/xjhc/c116834/202410/a29382e11a674da3be3353af65f9fcc5.shtml"",""attachment_url"":""https://www.xjhc.gov.cn/xjhc/c116834/202410/a29382e11a674da3be3353af65f9fcc5/files/0536cef86e2b46ddad6aae5a3780089e.xls"",""local_source_file"":""2025_guokao_zhaokaojianzhang.xls"",""local_source_sha256"":""07ae6cab368cd21b7a1ac3e8150fe9a3d39ad5171ce76135ff3cccfe50c3e77e"",""source_sheet"":""中央国家行政机关省级以下直属机构"",""filter_version"":""government_tech_v2"",""tech_filter"":{""is_tech"":true,""is_core_tech"":true,""scope"":""core"",""categories"":[""computer_software"",""data_ai"",""electronics_communication""],""matched_fields"":[""major"",""description""],""major_terms"":[""电子信息类"",""计算机类""],""role_terms"":[""大数据"",""数据分析""],""reason"":""tech_major_and_role""},""original"":{""部门代码"":""130130"",""部门名称"":""国家税务总局云南省税务局"",""用人司局"":""国家税务总局彝良县税务局"",""机构性质"":""中央国家行政机关省级以下直属机构"",""招考职位"":""一级行政执法员（六）"",""职位属性"":""普通职位"",""职位分布"":""西部地区和艰苦边远地区职位"",""职位简介"":""税收大数据分析"",""职位代码"":""300110090006"",""机构层级"":""县（区）级及以下"",""考试类别"":""行政执法类"",""招考人数"":""1"",""专业"":""数学类、统计学类、电子信息类、计算机类"",""学历"":""本科及以上"",""学位"":""与最高学历相对应的学位"",""政治面貌"":""不限"",""基层工作最低年限"":""无限制"",""服务基层项目工作经历"":""无限制"",""是否在面试阶段组织专业能力测试"":""否"",""面试人员比例"":""3:1"",""工作地点"":""云南省昭通市彝良县"",""落户地点"":""云南省昭通市彝良县"",""备注"":""2025届高校毕业生，本单位不提供宿舍，在本单位最低服务年限为5年"",""部门网站"":""http://yunnan.chinatax.gov.cn/"",""咨询电话1"":""0871-63121915"",""咨询电话2"":"""",""咨询电话3"":"""",""来源Sheet"":""中央国家行政机关省级以下直属机构""}}"
"government_jobs","国家公务员2025招考简章","公务员/事业单位技术岗位","云南省昭通市绥江县","2026-07-28T09:12:58.310295+00:00","一级行政执法员（一）","国家税务总局云南省税务局","","云南省昭通市绥江县","公务员/事业单位;2025;computer_software;data_ai;electronics_communication;本科及以上;与最高学历相对应的学位;机械类、电子信息类、计算机类、土木类;行政执法类","用人司局：国家税务总局绥江县税务局
职位简介：税收大数据分析
专业要求：机械类、电子信息类、计算机类、土木类
学历要求：本科及以上
学位要求：与最高学历相对应的学位
政治面貌：不限
基层工作经历：无限制
考试类别：行政执法类
备注：应届高校毕业生，本单位不提供宿舍，在本单位最低服务年限为5年","https://www.xjhc.gov.cn/xjhc/c116834/202410/a29382e11a674da3be3353af65f9fcc5.shtml#130130-300110105001","2024-10-14","{""dataset_year"":2025,""job_uid"":""GOV-2025-130130-300110105001"",""publisher"":""国家公务员局"",""publication_page"":""https://www.xjhc.gov.cn/xjhc/c116834/202410/a29382e11a674da3be3353af65f9fcc5.shtml"",""attachment_url"":""https://www.xjhc.gov.cn/xjhc/c116834/202410/a29382e11a674da3be3353af65f9fcc5/files/0536cef86e2b46ddad6aae5a3780089e.xls"",""local_source_file"":""2025_guokao_zhaokaojianzhang.xls"",""local_source_sha256"":""07ae6cab368cd21b7a1ac3e8150fe9a3d39ad5171ce76135ff3cccfe50c3e77e"",""source_sheet"":""中央国家行政机关省级以下直属机构"",""filter_version"":""government_tech_v2"",""tech_filter"":{""is_tech"":true,""is_core_tech"":true,""scope"":""core"",""categories"":[""computer_software"",""data_ai"",""electronics_communication""],""matched_fields"":[""major"",""description""],""major_terms"":[""电子信息类"",""计算机类""],""role_terms"":[""大数据"",""数据分析""],""reason"":""tech_major_and_role""},""original"":{""部门代码"":""130130"",""部门名称"":""国家税务总局云南省税务局"",""用人司局"":""国家税务总局绥江县税务局"",""机构性质"":""中央国家行政机关省级以下直属机构"",""招考职位"":""一级行政执法员（一）"",""职位属性"":""普通职位"",""职位分布"":""西部地区和艰苦边远地区职位"",""职位简介"":""税收大数据分析"",""职位代码"":""300110105001"",""机构层级"":""县（区）级及以下"",""考试类别"":""行政执法类"",""招考人数"":""1"",""专业"":""机械类、电子信息类、计算机类、土木类"",""学历"":""本科及以上"",""学位"":""与最高学历相对应的学位"",""政治面貌"":""不限"",""基层工作最低年限"":""无限制"",""服务基层项目工作经历"":""无限制"",""是否在面试阶段组织专业能力测试"":""否"",""面试人员比例"":""3:1"",""工作地点"":""云南省昭通市绥江县"",""落户地点"":""云南省昭通市绥江县"",""备注"":""应届高校毕业生，本单位不提供宿舍，在本单位最低服务年限为5年"",""部门网站"":""http://yunnan.chinatax.gov.cn/"",""咨询电话1"":""0871-63121915"",""咨询电话2"":"""",""咨询电话3"":"""",""来源Sheet"":""中央国家行政机关省级以下直属机构""}}"
"government_jobs","国家公务员2025招考简章","公务员/事业单位技术岗位","云南省昭通市绥江县","2026-07-28T09:12:58.310295+00:00","一级行政执法员（二）","国家税务总局云南省税务局","","云南省昭通市绥江县","公务员/事业单位;2025;computer_software;data_ai;electronics_communication;本科及以上;与最高学历相对应的学位;数学类、统计学类、电子信息类、计算机类;行政执法类","用人司局：国家税务总局绥江县税务局
职位简介：税收大数据分析
专业要求：数学类、统计学类、电子信息类、计算机类
学历要求：本科及以上
学位要求：与最高学历相对应的学位
政治面貌：不限
基层工作经历：三年
考试类别：行政执法类
备注：本单位不提供宿舍，在本单位最低服务年限为5年","https://www.xjhc.gov.cn/xjhc/c116834/202410/a29382e11a674da3be3353af65f9fcc5.shtml#130130-300110105002","2024-10-14","{""dataset_year"":2025,""job_uid"":""GOV-2025-130130-300110105002"",""publisher"":""国家公务员局"",""publication_page"":""https://www.xjhc.gov.cn/xjhc/c116834/202410/a29382e11a674da3be3353af65f9fcc5.shtml"",""attachment_url"":""https://www.xjhc.gov.cn/xjhc/c116834/202410/a29382e11a674da3be3353af65f9fcc5/files/0536cef86e2b46ddad6aae5a3780089e.xls"",""local_source_file"":""2025_guokao_zhaokaojianzhang.xls"",""local_source_sha256"":""07ae6cab368cd21b7a1ac3e8150fe9a3d39ad5171ce76135ff3cccfe50c3e77e"",""source_sheet"":""中央国家行政机关省级以下直属机构"",""filter_version"":""government_tech_v2"",""tech_filter"":{""is_tech"":true,""is_core_tech"":true,""scope"":""core"",""categories"":[""computer_software"",""data_ai"",""electronics_communication""],""matched_fields"":[""major"",""description""],""major_terms"":[""电子信息类"",""计算机类""],""role_terms"":[""大数据"",""数据分析""],""reason"":""tech_major_and_role""},""original"":{""部门代码"":""130130"",""部门名称"":""国家税务总局云南省税务局"",""用人司局"":""国家税务总局绥江县税务局"",""机构性质"":""中央国家行政机关省级以下直属机构"",""招考职位"":""一级行政执法员（二）"",""职位属性"":""普通职位"",""职位分布"":""西部地区和艰苦边远地区职位"",""职位简介"":""税收大数据分析"",""职位代码"":""300110105002"",""机构层级"":""县（区）级及以下"",""考试类别"":""行政执法类"",""招考人数"":""1"",""专业"":""数学类、统计学类、电子信息类、计算机类"",""学历"":""本科及以上"",""学位"":""与最高学历相对应的学位"",""政治面貌"":""不限"",""基层工作最低年限"":""三年"",""服务基层项目工作经历"":""大学生村官、农村义务教育阶段学校教师特设岗位计划、“三支一扶”计划、大学生志愿服务西部计划、在军队服役5年（含）以上的高校毕业生退役士兵"",""是否在面试阶段组织专业能力测试"":""否"",""面试人员比例"":""3:1"",""工作地点"":""云南省昭通市绥江县"",""落户地点"":""云南省昭通市绥江县"",""备注"":""本单位不提供宿舍，在本单位最低服务年限为5年"",""部门网站"":""http://yunnan.chinatax.gov.cn/"",""咨询电话1"":""0871-63121915"",""咨询电话2"":"""",""咨询电话3"":"""",""来源Sheet"":""中央国家行政机关省级以下直属机构""}}"
"government_jobs","国家公务员2025招考简章","公务员/事业单位技术岗位","云南省曲靖市麒麟区","2026-07-28T09:12:58.310295+00:00","一级行政执法员（二）","国家税务总局云南省税务局","","云南省曲靖市麒麟区","公务员/事业单位;2025;automation_robotics;computer_software;data_ai;electronics_communication;本科及以上;与最高学历相对应的学位;电子信息类、计算机类、自动化类;行政执法类","用人司局：国家税务总局曲靖经济技术开发区税务局
职位简介：税收大数据分析
专业要求：电子信息类、计算机类、自动化类
学历要求：本科及以上
学位要求：与最高学历相对应的学位
政治面貌：不限
基层工作经历：无限制
考试类别：行政执法类
备注：2025届高校毕业生，女性，本单位不提供宿舍，在本单位最低服务年限为5年","https://www.xjhc.gov.cn/xjhc/c116834/202410/a29382e11a674da3be3353af65f9fcc5.shtml#130130-300110113009","2024-10-14","{""dataset_year"":2025,""job_uid"":""GOV-2025-130130-300110113009"",""publisher"":""国家公务员局"",""publication_page"":""https://www.xjhc.gov.cn/xjhc/c116834/202410/a29382e11a674da3be3353af65f9fcc5.shtml"",""attachment_url"":""https://www.xjhc.gov.cn/xjhc/c116834/202410/a29382e11a674da3be3353af65f9fcc5/files/0536cef86e2b46ddad6aae5a3780089e.xls"",""local_source_file"":""2025_guokao_zhaokaojianzhang.xls"",""local_source_sha256"":""07ae6cab368cd21b7a1ac3e8150fe9a3d39ad5171ce76135ff3cccfe50c3e77e"",""source_sheet"":""中央国家行政机关省级以下直属机构"",""filter_version"":""government_tech_v2"",""tech_filter"":{""is_tech"":true,""is_core_tech"":true,""scope"":""core"",""categories"":[""automation_robotics"",""computer_software"",""data_ai"",""electronics_communication""],""matched_fields"":[""major"",""description""],""major_terms"":[""电子信息类"",""自动化类"",""计算机类""],""role_terms"":[""大数据"",""数据分析""],""reason"":""tech_major_and_role""},""original"":{""部门代码"":""130130"",""部门名称"":""国家税务总局云南省税务局"",""用人司局"":""国家税务总局曲靖经济技术开发区税务局"",""机构性质"":""中央国家行政机关省级以下直属机构"",""招考职位"":""一级行政执法员（二）"",""职位属性"":""普通职位"",""职位分布"":""西部地区和艰苦边远地区职位"",""职位简介"":""税收大数据分析"",""职位代码"":""300110113009"",""机构层级"":""县（区）级及以下"",""考试类别"":""行政执法类"",""招考人数"":""1"",""专业"":""电子信息类、计算机类、自动化类"",""学历"":""本科及以上"",""学位"":""与最高学历相对应的学位"",""政治面貌"":""不限"",""基层工作最低年限"":""无限制"",""服务基层项目工作经历"":""无限制"",""是否在面试阶段组织专业能力测试"":""否"",""面试人员比例"":""3:1"",""工作地点"":""云南省曲靖市麒麟区"",""落户地点"":""云南省曲靖市麒麟区"",""备注"":""2025届高校毕业生，女性，本单位不提供宿舍，在本单位最低服务年限为5年"",""部门网站"":""http://yunnan.chinatax.gov.cn/"",""咨询电话1"":""0871-63121915"",""咨询电话2"":"""",""咨询电话3"":"""",""来源Sheet"":""中央国家行政机关省级以下直属机构""}}"
"government_jobs","国家公务员2025招考简章","公务员/事业单位技术岗位","云南省曲靖市麒麟区","2026-07-28T09:12:58.310295+00:00","一级行政执法员（三）","国家税务总局云南省税务局","","云南省曲靖市麒麟区","公务员/事业单位;2025;automation_robotics;computer_software;data_ai;electronics_communication;本科及以上;与最高学历相对应的学位;电子信息类、计算机类、自动化类;行政执法类","用人司局：国家税务总局曲靖经济技术开发区税务局
职位简介：税收大数据分析
专业要求：电子信息类、计算机类、自动化类
学历要求：本科及以上
学位要求：与最高学历相对应的学位
政治面貌：不限
基层工作经历：无限制
考试类别：行政执法类
备注：2025届高校毕业生，男性，本单位不提供宿舍，在本单位最低服务年限为5年","https://www.xjhc.gov.cn/xjhc/c116834/202410/a29382e11a674da3be3353af65f9fcc5.shtml#130130-300110113010","2024-10-14","{""dataset_year"":2025,""job_uid"":""GOV-2025-130130-300110113010"",""publisher"":""国家公务员局"",""publication_page"":""https://www.xjhc.gov.cn/xjhc/c116834/202410/a29382e11a674da3be3353af65f9fcc5.shtml"",""attachment_url"":""https://www.xjhc.gov.cn/xjhc/c116834/202410/a29382e11a674da3be3353af65f9fcc5/files/0536cef86e2b46ddad6aae5a3780089e.xls"",""local_source_file"":""2025_guokao_zhaokaojianzhang.xls"",""local_source_sha256"":""07ae6cab368cd21b7a1ac3e8150fe9a3d39ad5171ce76135ff3cccfe50c3e77e"",""source_sheet"":""中央国家行政机关省级以下直属机构"",""filter_version"":""government_tech_v2"",""tech_filter"":{""is_tech"":true,""is_core_tech"":true,""scope"":""core"",""categories"":[""automation_robotics"",""computer_software"",""data_ai"",""electronics_communication""],""matched_fields"":[""major"",""description""],""major_terms"":[""电子信息类"",""自动化类"",""计算机类""],""role_terms"":[""大数据"",""数据分析""],""reason"":""tech_major_and_role""},""original"":{""部门代码"":""130130"",""部门名称"":""国家税务总局云南省税务局"",""用人司局"":""国家税务总局曲靖经济技术开发区税务局"",""机构性质"":""中央国家行政机关省级以下直属机构"",""招考职位"":""一级行政执法员（三）"",""职位属性"":""普通职位"",""职位分布"":""西部地区和艰苦边远地区职位"",""职位简介"":""税收大数据分析"",""职位代码"":""300110113010"",""机构层级"":""县（区）级及以下"",""考试类别"":""行政执法类"",""招考人数"":""1"",""专业"":""电子信息类、计算机类、自动化类"",""学历"":""本科及以上"",""学位"":""与最高学历相对应的学位"",""政治面貌"":""不限"",""基层工作最低年限"":""无限制"",""服务基层项目工作经历"":""无限制"",""是否在面试阶段组织专业能力测试"":""否"",""面试人员比例"":""3:1"",""工作地点"":""云南省曲靖市麒麟区"",""落户地点"":""云南省曲靖市麒麟区"",""备注"":""2025届高校毕业生，男性，本单位不提供宿舍，在本单位最低服务年限为5年"",""部门网站"":""http://yunnan.chinatax.gov.cn/"",""咨询电话1"":""0871-63121915"",""咨询电话2"":"""",""咨询电话3"":"""",""来源Sheet"":""中央国家行政机关省级以下直属机构""}}"
"government_jobs","国家公务员2025招考简章","公务员/事业单位技术岗位","云南省曲靖市宣威市","2026-07-28T09:12:58.310295+00:00","一级行政执法员（七）","国家税务总局云南省税务局","","云南省曲靖市宣威市","公务员/事业单位;2025;automation_robotics;computer_software;data_ai;本科及以上;与最高学历相对应的学位;数学类、自动化类、计算机类;行政执法类","用人司局：国家税务总局宣威市税务局
职位简介：税收大数据分析
专业要求：数学类、自动化类、计算机类
学历要求：本科及以上
学位要求：与最高学历相对应的学位
政治面貌：不限
基层工作经历：无限制
考试类别：行政执法类
备注：2025届高校毕业生，本单位不提供宿舍，在本单位最低服务年限为5年","https://www.xjhc.gov.cn/xjhc/c116834/202410/a29382e11a674da3be3353af65f9fcc5.shtml#130130-300110120007","2024-10-14","{""dataset_year"":2025,""job_uid"":""GOV-2025-130130-300110120007"",""publisher"":""国家公务员局"",""publication_page"":""https://www.xjhc.gov.cn/xjhc/c116834/202410/a29382e11a674da3be3353af65f9fcc5.shtml"",""attachment_url"":""https://www.xjhc.gov.cn/xjhc/c116834/202410/a29382e11a674da3be3353af65f9fcc5/files/0536cef86e2b46ddad6aae5a3780089e.xls"",""local_source_file"":""2025_guokao_zhaokaojianzhang.xls"",""local_source_sha256"":""07ae6cab368cd21b7a1ac3e8150fe9a3d39ad5171ce76135ff3cccfe50c3e77e"",""source_sheet"":""中央国家行政机关省级以下直属机构"",""filter_version"":""government_tech_v2"",""tech_filter"":{""is_tech"":true,""is_core_tech"":true,""scope"":""core"",""categories"":[""automation_robotics"",""computer_software"",""data_ai""],""matched_fields"":[""major"",""description""],""major_terms"":[""自动化类"",""计算机类""],""role_terms"":[""大数据"",""数据分析""],""reason"":""tech_major_and_role""},""original"":{""部门代码"":""130130"",""部门名称"":""国家税务总局云南省税务局"",""用人司局"":""国家税务总局宣威市税务局"",""机构性质"":""中央国家行政机关省级以下直属机构"",""招考职位"":""一级行政执法员（七）"",""职位属性"":""普通职位"",""职位分布"":""西部地区和艰苦边远地区职位"",""职位简介"":""税收大数据分析"",""职位代码"":""300110120007"",""机构层级"":""县（区）级及以下"",""考试类别"":""行政执法类"",""招考人数"":""2"",""专业"":""数学类、自动化类、计算机类"",""学历"":""本科及以上"",""学位"":""与最高学历相对应的学位"",""政治面貌"":""不限"",""基层工作最低年限"":""无限制"",""服务基层项目工作经历"":""无限制"",""是否在面试阶段组织专业能力测试"":""否"",""面试人员比例"":""3:1"",""工作地点"":""云南省曲靖市宣威市"",""落户地点"":""云南省曲靖市宣威市"",""备注"":""2025届高校毕业生，本单位不提供宿舍，在本单位最低服务年限为5年"",""部门网站"":""http://yunnan.chinatax.gov.cn/"",""咨询电话1"":""0871-63121915"",""咨询电话2"":"""",""咨询电话3"":"""",""来源Sheet"":""中央国家行政机关省级以下直属机构""}}"
"government_jobs","国家公务员2025招考简章","公务员/事业单位技术岗位","云南省曲靖市师宗县","2026-07-28T09:12:58.310295+00:00","一级行政执法员（三）","国家税务总局云南省税务局","","云南省曲靖市师宗县","公务员/事业单位;2025;computer_software;data_ai;electronics_communication;本科及以上;与最高学历相对应的学位;电子信息类、计算机类、新闻传播学类;行政执法类","用人司局：国家税务总局师宗县税务局
职位简介：税收大数据分析
专业要求：电子信息类、计算机类、新闻传播学类
学历要求：本科及以上
学位要求：与最高学历相对应的学位
政治面貌：不限
基层工作经历：三年
考试类别：行政执法类
备注：本单位不提供宿舍，在本单位最低服务年限为5年","https://www.xjhc.gov.cn/xjhc/c116834/202410/a29382e11a674da3be3353af65f9fcc5.shtml#130130-300110127003","2024-10-14","{""dataset_year"":2025,""job_uid"":""GOV-2025-130130-300110127003"",""publisher"":""国家公务员局"",""publication_page"":""https://www.xjhc.gov.cn/xjhc/c116834/202410/a29382e11a674da3be3353af65f9fcc5.shtml"",""attachment_url"":""https://www.xjhc.gov.cn/xjhc/c116834/202410/a29382e11a674da3be3353af65f9fcc5/files/0536cef86e2b46ddad6aae5a3780089e.xls"",""local_source_file"":""2025_guokao_zhaokaojianzhang.xls"",""local_source_sha256"":""07ae6cab368cd21b7a1ac3e8150fe9a3d39ad5171ce76135ff3cccfe50c3e77e"",""source_sheet"":""中央国家行政机关省级以下直属机构"",""filter_version"":""government_tech_v2"",""tech_filter"":{""is_tech"":true,""is_core_tech"":true,""scope"":""core"",""categories"":[""computer_software"",""data_ai"",""electronics_communication""],""matched_fields"":[""major"",""description""],""major_terms"":[""电子信息类"",""计算机类""],""role_terms"":[""大数据"",""数据分析""],""reason"":""tech_major_and_role""},""original"":{""部门代码"":""130130"",""部门名称"":""国家税务总局云南省税务局"",""用人司局"":""国家税务总局师宗县税务局"",""机构性质"":""中央国家行政机关省级以下直属机构"",""招考职位"":""一级行政执法员（三）"",""职位属性"":""普通职位"",""职位分布"":""西部地区和艰苦边远地区职位"",""职位简介"":""税收大数据分析"",""职位代码"":""300110127003"",""机构层级"":""县（区）级及以下"",""考试类别"":""行政执法类"",""招考人数"":""1"",""专业"":""电子信息类、计算机类、新闻传播学类"",""学历"":""本科及以上"",""学位"":""与最高学历相对应的学位"",""政治面貌"":""不限"",""基层工作最低年限"":""三年"",""服务基层项目工作经历"":""大学生村官、农村义务教育阶段学校教师特设岗位计划、“三支一扶”计划、大学生志愿服务西部计划、在军队服役5年（含）以上的高校毕业生退役士兵"",""是否在面试阶段组织专业能力测试"":""否"",""面试人员比例"":""3:1"",""工作地点"":""云南省曲靖市师宗县"",""落户地点"":""云南省曲靖市师宗县"",""备注"":""本单位不提供宿舍，在本单位最低服务年限为5年"",""部门网站"":""http://yunnan.chinatax.gov.cn/"",""咨询电话1"":""0871-63121915"",""咨询电话2"":"""",""咨询电话3"":"""",""来源Sheet"":""中央国家行政机关省级以下直属机构""}}"
"government_jobs","国家公务员2025招考简章","公务员/事业单位技术岗位","云南省曲靖市罗平县","2026-07-28T09:12:58.310295+00:00","一级行政执法员（四）","国家税务总局云南省税务局","","云南省曲靖市罗平县","公务员/事业单位;2025;computer_software;data_ai;electronics_communication;本科及以上;与最高学历相对应的学位;电子信息类、计算机类、统计学类;行政执法类","用人司局：国家税务总局罗平县税务局
职位简介：税收大数据分析
专业要求：电子信息类、计算机类、统计学类
学历要求：本科及以上
学位要求：与最高学历相对应的学位
政治面貌：不限
基层工作经历：无限制
考试类别：行政执法类
备注：2025届高校毕业生，女性，本单位不提供宿舍，在本单位最低服务年限为5年","https://www.xjhc.gov.cn/xjhc/c116834/202410/a29382e11a674da3be3353af65f9fcc5.shtml#130130-300110129004","2024-10-14","{""dataset_year"":2025,""job_uid"":""GOV-2025-130130-300110129004"",""publisher"":""国家公务员局"",""publication_page"":""https://www.xjhc.gov.cn/xjhc/c116834/202410/a29382e11a674da3be3353af65f9fcc5.shtml"",""attachment_url"":""https://www.xjhc.gov.cn/xjhc/c116834/202410/a29382e11a674da3be3353af65f9fcc5/files/0536cef86e2b46ddad6aae5a3780089e.xls"",""local_source_file"":""2025_guokao_zhaokaojianzhang.xls"",""local_source_sha256"":""07ae6cab368cd21b7a1ac3e8150fe9a3d39ad5171ce76135ff3cccfe50c3e77e"",""source_sheet"":""中央国家行政机关省级以下直属机构"",""filter_version"":""government_tech_v2"",""tech_filter"":{""is_tech"":true,""is_core_tech"":true,""scope"":""core"",""categories"":[""computer_software"",""data_ai"",""electronics_communication""],""matched_fields"":[""major"",""description""],""major_terms"":[""电子信息类"",""计算机类""],""role_terms"":[""大数据"",""数据分析""],""reason"":""tech_major_and_role""},""original"":{""部门代码"":""130130"",""部门名称"":""国家税务总局云南省税务局"",""用人司局"":""国家税务总局罗平县税务局"",""机构性质"":""中央国家行政机关省级以下直属机构"",""招考职位"":""一级行政执法员（四）"",""职位属性"":""普通职位"",""职位分布"":""西部地区和艰苦边远地区职位"",""职位简介"":""税收大数据分析"",""职位代码"":""300110129004"",""机构层级"":""县（区）级及以下"",""考试类别"":""行政执法类"",""招考人数"":""1"",""专业"":""电子信息类、计算机类、统计学类"",""学历"":""本科及以上"",""学位"":""与最高学历相对应的学位"",""政治面貌"":""不限"",""基层工作最低年限"":""无限制"",""服务基层项目工作经历"":""无限制"",""是否在面试阶段组织专业能力测试"":""否"",""面试人员比例"":""3:1"",""工作地点"":""云南省曲靖市罗平县"",""落户地点"":""云南省曲靖市罗平县"",""备注"":""2025届高校毕业生，女性，本单位不提供宿舍，在本单位最低服务年限为5年"",""部门网站"":""http://yunnan.chinatax.gov.cn/"",""咨询电话1"":""0871-63121915"",""咨询电话2"":"""",""咨询电话3"":"""",""来源Sheet"":""中央国家行政机关省级以下直属机构""}}"
"government_jobs","国家公务员2025招考简章","公务员/事业单位技术岗位","云南省曲靖市罗平县","2026-07-28T09:12:58.310295+00:00","一级行政执法员（五）","国家税务总局云南省税务局","","云南省曲靖市罗平县","公务员/事业单位;2025;computer_software;data_ai;electronics_communication;本科及以上;与最高学历相对应的学位;电子信息类、计算机类、统计学类;行政执法类","用人司局：国家税务总局罗平县税务局
职位简介：税收大数据分析
专业要求：电子信息类、计算机类、统计学类
学历要求：本科及以上
学位要求：与最高学历相对应的学位
政治面貌：不限
基层工作经历：无限制
考试类别：行政执法类
备注：2025届高校毕业生，男性，本单位不提供宿舍，在本单位最低服务年限为5年","https://www.xjhc.gov.cn/xjhc/c116834/202410/a29382e11a674da3be3353af65f9fcc5.shtml#130130-300110129005","2024-10-14","{""dataset_year"":2025,""job_uid"":""GOV-2025-130130-300110129005"",""publisher"":""国家公务员局"",""publication_page"":""https://www.xjhc.gov.cn/xjhc/c116834/202410/a29382e11a674da3be3353af65f9fcc5.shtml"",""attachment_url"":""https://www.xjhc.gov.cn/xjhc/c116834/202410/a29382e11a674da3be3353af65f9fcc5/files/0536cef86e2b46ddad6aae5a3780089e.xls"",""local_source_file"":""2025_guokao_zhaokaojianzhang.xls"",""local_source_sha256"":""07ae6cab368cd21b7a1ac3e8150fe9a3d39ad5171ce76135ff3cccfe50c3e77e"",""source_sheet"":""中央国家行政机关省级以下直属机构"",""filter_version"":""government_tech_v2"",""tech_filter"":{""is_tech"":true,""is_core_tech"":true,""scope"":""core"",""categories"":[""computer_software"",""data_ai"",""electronics_communication""],""matched_fields"":[""major"",""description""],""major_terms"":[""电子信息类"",""计算机类""],""role_terms"":[""大数据"",""数据分析""],""reason"":""tech_major_and_role""},""original"":{""部门代码"":""130130"",""部门名称"":""国家税务总局云南省税务局"",""用人司局"":""国家税务总局罗平县税务局"",""机构性质"":""中央国家行政机关省级以下直属机构"",""招考职位"":""一级行政执法员（五）"",""职位属性"":""普通职位"",""职位分布"":""西部地区和艰苦边远地区职位"",""职位简介"":""税收大数据分析"",""职位代码"":""300110129005"",""机构层级"":""县（区）级及以下"",""考试类别"":""行政执法类"",""招考人数"":""1"",""专业"":""电子信息类、计算机类、统计学类"",""学历"":""本科及以上"",""学位"":""与最高学历相对应的学位"",""政治面貌"":""不限"",""基层工作最低年限"":""无限制"",""服务基层项目工作经历"":""无限制"",""是否在面试阶段组织专业能力测试"":""否"",""面试人员比例"":""3:1"",""工作地点"":""云南省曲靖市罗平县"",""落户地点"":""云南省曲靖市罗平县"",""备注"":""2025届高校毕业生，男性，本单位不提供宿舍，在本单位最低服务年限为5年"",""部门网站"":""http://yunnan.chinatax.gov.cn/"",""咨询电话1"":""0871-63121915"",""咨询电话2"":"""",""咨询电话3"":"""",""来源Sheet"":""中央国家行政机关省级以下直属机构""}}"
"government_jobs","国家公务员2025招考简章","公务员/事业单位技术岗位","云南省曲靖市会泽县","2026-07-28T09:12:58.310295+00:00","一级行政执法员（六）","国家税务总局云南省税务局","","云南省曲靖市会泽县","公务员/事业单位;2025;automation_robotics;computer_software;data_ai;本科及以上;与最高学历相对应的学位;统计学类、计算机类、自动化类;行政执法类","用人司局：国家税务总局会泽县税务局
职位简介：税收大数据分析
专业要求：统计学类、计算机类、自动化类
学历要求：本科及以上
学位要求：与最高学历相对应的学位
政治面貌：不限
基层工作经历：无限制
考试类别：行政执法类
备注：2025届高校毕业生，本单位不提供宿舍，在本单位最低服务年限为5年","https://www.xjhc.gov.cn/xjhc/c116834/202410/a29382e11a674da3be3353af65f9fcc5.shtml#130130-300110132006","2024-10-14","{""dataset_year"":2025,""job_uid"":""GOV-2025-130130-300110132006"",""publisher"":""国家公务员局"",""publication_page"":""https://www.xjhc.gov.cn/xjhc/c116834/202410/a29382e11a674da3be3353af65f9fcc5.shtml"",""attachment_url"":""https://www.xjhc.gov.cn/xjhc/c116834/202410/a29382e11a674da3be3353af65f9fcc5/files/0536cef86e2b46ddad6aae5a3780089e.xls"",""local_source_file"":""2025_guokao_zhaokaojianzhang.xls"",""local_source_sha256"":""07ae6cab368cd21b7a1ac3e8150fe9a3d39ad5171ce76135ff3cccfe50c3e77e"",""source_sheet"":""中央国家行政机关省级以下直属机构"",""filter_version"":""government_tech_v2"",""tech_filter"":{""is_tech"":true,""is_core_tech"":true,""scope"":""core"",""categories"":[""automation_robotics"",""computer_software"",""data_ai""],""matched_fields"":[""major"",""description""],""major_terms"":[""自动化类"",""计算机类""],""role_terms"":[""大数据"",""数据分析""],""reason"":""tech_major_and_role""},""original"":{""部门代码"":""130130"",""部门名称"":""国家税务总局云南省税务局"",""用人司局"":""国家税务总局会泽县税务局"",""机构性质"":""中央国家行政机关省级以下直属机构"",""招考职位"":""一级行政执法员（六）"",""职位属性"":""普通职位"",""职位分布"":""西部地区和艰苦边远地区职位"",""职位简介"":""税收大数据分析"",""职位代码"":""300110132006"",""机构层级"":""县（区）级及以下"",""考试类别"":""行政执法类"",""招考人数"":""1"",""专业"":""统计学类、计算机类、自动化类"",""学历"":""本科及以上"",""学位"":""与最高学历相对应的学位"",""政治面貌"":""不限"",""基层工作最低年限"":""无限制"",""服务基层项目工作经历"":""无限制"",""是否在面试阶段组织专业能力测试"":""否"",""面试人员比例"":""3:1"",""工作地点"":""云南省曲靖市会泽县"",""落户地点"":""云南省曲靖市会泽县"",""备注"":""2025届高校毕业生，本单位不提供宿舍，在本单位最低服务年限为5年"",""部门网站"":""http://yunnan.chinatax.gov.cn/"",""咨询电话1"":""0871-63121915"",""咨询电话2"":"""",""咨询电话3"":"""",""来源Sheet"":""中央国家行政机关省级以下直属机构""}}"
"government_jobs","国家公务员2025招考简章","公务员/事业单位技术岗位","云南省楚雄彝族自治州楚雄市","2026-07-28T09:12:58.310295+00:00","一级主办及以下（五）","国家税务总局云南省税务局","","云南省楚雄彝族自治州楚雄市","公务员/事业单位;2025;computer_software;data_ai;electronics_communication;硕士研究生及以上;与最高学历相对应的学位;统计学类、电子信息类、计算机类;行政执法类","用人司局：国家税务总局楚雄市税务局
职位简介：税收大数据分析
专业要求：统计学类、电子信息类、计算机类
学历要求：硕士研究生及以上
学位要求：与最高学历相对应的学位
政治面貌：不限
基层工作经历：无限制
考试类别：行政执法类
备注：2025届高校毕业生，女性，本单位不提供宿舍，在本单位最低服务年限为5年","https://www.xjhc.gov.cn/xjhc/c116834/202410/a29382e11a674da3be3353af65f9fcc5.shtml#130130-300110135005","2024-10-14","{""dataset_year"":2025,""job_uid"":""GOV-2025-130130-300110135005"",""publisher"":""国家公务员局"",""publication_page"":""https://www.xjhc.gov.cn/xjhc/c116834/202410/a29382e11a674da3be3353af65f9fcc5.shtml"",""attachment_url"":""https://www.xjhc.gov.cn/xjhc/c116834/202410/a29382e11a674da3be3353af65f9fcc5/files/0536cef86e2b46ddad6aae5a3780089e.xls"",""local_source_file"":""2025_guokao_zhaokaojianzhang.xls"",""local_source_sha256"":""07ae6cab368cd21b7a1ac3e8150fe9a3d39ad5171ce76135ff3cccfe50c3e77e"",""source_sheet"":""中央国家行政机关省级以下直属机构"",""filter_version"":""government_tech_v2"",""tech_filter"":{""is_tech"":true,""is_core_tech"":true,""scope"":""core"",""categories"":[""computer_software"",""data_ai"",""electronics_communication""],""matched_fields"":[""major"",""description""],""major_terms"":[""电子信息类"",""计算机类""],""role_terms"":[""大数据"",""数据分析""],""reason"":""tech_major_and_role""},""original"":{""部门代码"":""130130"",""部门名称"":""国家税务总局云南省税务局"",""用人司局"":""国家税务总局楚雄市税务局"",""机构性质"":""中央国家行政机关省级以下直属机构"",""招考职位"":""一级主办及以下（五）"",""职位属性"":""普通职位"",""职位分布"":""西部地区和艰苦边远地区职位"",""职位简介"":""税收大数据分析"",""职位代码"":""300110135005"",""机构层级"":""县（区）级及以下"",""考试类别"":""行政执法类"",""招考人数"":""1"",""专业"":""统计学类、电子信息类、计算机类"",""学历"":""硕士研究生及以上"",""学位"":""与最高学历相对应的学位"",""政治面貌"":""不限"",""基层工作最低年限"":""无限制"",""服务基层项目工作经历"":""无限制"",""是否在面试阶段组织专业能力测试"":""否"",""面试人员比例"":""3:1"",""工作地点"":""云南省楚雄彝族自治州楚雄市"",""落户地点"":""云南省楚雄彝族自治州楚雄市"",""备注"":""2025届高校毕业生，女性，本单位不提供宿舍，在本单位最低服务年限为5年"",""部门网站"":""http://yunnan.chinatax.gov.cn/"",""咨询电话1"":""0871-63121915"",""咨询电话2"":"""",""咨询电话3"":"""",""来源Sheet"":""中央国家行政机关省级以下直属机构""}}"
"government_jobs","国家公务员2025招考简章","公务员/事业单位技术岗位","云南省楚雄彝族自治州楚雄市","2026-07-28T09:12:58.310295+00:00","一级主办及以下（六）","国家税务总局云南省税务局","","云南省楚雄彝族自治州楚雄市","公务员/事业单位;2025;computer_software;data_ai;electronics_communication;硕士研究生及以上;与最高学历相对应的学位;统计学类、电子信息类、计算机类;行政执法类","用人司局：国家税务总局楚雄市税务局
职位简介：税收大数据分析
专业要求：统计学类、电子信息类、计算机类
学历要求：硕士研究生及以上
学位要求：与最高学历相对应的学位
政治面貌：不限
基层工作经历：无限制
考试类别：行政执法类
备注：2025届高校毕业生，男性，本单位不提供宿舍，在本单位最低服务年限为5年","https://www.xjhc.gov.cn/xjhc/c116834/202410/a29382e11a674da3be3353af65f9fcc5.shtml#130130-300110135006","2024-10-14","{""dataset_year"":2025,""job_uid"":""GOV-2025-130130-300110135006"",""publisher"":""国家公务员局"",""publication_page"":""https://www.xjhc.gov.cn/xjhc/c116834/202410/a29382e11a674da3be3353af65f9fcc5.shtml"",""attachment_url"":""https://www.xjhc.gov.cn/xjhc/c116834/202410/a29382e11a674da3be3353af65f9fcc5/files/0536cef86e2b46ddad6aae5a3780089e.xls"",""local_source_file"":""2025_guokao_zhaokaojianzhang.xls"",""local_source_sha256"":""07ae6cab368cd21b7a1ac3e8150fe9a3d39ad5171ce76135ff3cccfe50c3e77e"",""source_sheet"":""中央国家行政机关省级以下直属机构"",""filter_version"":""government_tech_v2"",""tech_filter"":{""is_tech"":true,""is_core_tech"":true,""scope"":""core"",""categories"":[""computer_software"",""data_ai"",""electronics_communication""],""matched_fields"":[""major"",""description""],""major_terms"":[""电子信息类"",""计算机类""],""role_terms"":[""大数据"",""数据分析""],""reason"":""tech_major_and_role""},""original"":{""部门代码"":""130130"",""部门名称"":""国家税务总局云南省税务局"",""用人司局"":""国家税务总局楚雄市税务局"",""机构性质"":""中央国家行政机关省级以下直属机构"",""招考职位"":""一级主办及以下（六）"",""职位属性"":""普通职位"",""职位分布"":""西部地区和艰苦边远地区职位"",""职位简介"":""税收大数据分析"",""职位代码"":""300110135006"",""机构层级"":""县（区）级及以下"",""考试类别"":""行政执法类"",""招考人数"":""1"",""专业"":""统计学类、电子信息类、计算机类"",""学历"":""硕士研究生及以上"",""学位"":""与最高学历相对应的学位"",""政治面貌"":""不限"",""基层工作最低年限"":""无限制"",""服务基层项目工作经历"":""无限制"",""是否在面试阶段组织专业能力测试"":""否"",""面试人员比例"":""3:1"",""工作地点"":""云南省楚雄彝族自治州楚雄市"",""落户地点"":""云南省楚雄彝族自治州楚雄市"",""备注"":""2025届高校毕业生，男性，本单位不提供宿舍，在本单位最低服务年限为5年"",""部门网站"":""http://yunnan.chinatax.gov.cn/"",""咨询电话1"":""0871-63121915"",""咨询电话2"":"""",""咨询电话3"":"""",""来源Sheet"":""中央国家行政机关省级以下直属机构""}}"
"government_jobs","国家公务员2025招考简章","公务员/事业单位技术岗位","云南省楚雄彝族自治州元谋县","2026-07-28T09:12:58.310295+00:00","一级行政执法员（三）","国家税务总局云南省税务局","","云南省楚雄彝族自治州元谋县","公务员/事业单位;2025;computer_software;data_ai;electronics_communication;本科及以上;与最高学历相对应的学位;数学类、统计学类、电子信息类、计算机类;行政执法类","用人司局：国家税务总局元谋县税务局
职位简介：税收大数据分析
专业要求：数学类、统计学类、电子信息类、计算机类
学历要求：本科及以上
学位要求：与最高学历相对应的学位
政治面貌：不限
基层工作经历：无限制
考试类别：行政执法类
备注：2025届高校毕业生，本单位不提供宿舍，在本单位最低服务年限为5年","https://www.xjhc.gov.cn/xjhc/c116834/202410/a29382e11a674da3be3353af65f9fcc5.shtml#130130-300110170007","2024-10-14","{""dataset_year"":2025,""job_uid"":""GOV-2025-130130-300110170007"",""publisher"":""国家公务员局"",""publication_page"":""https://www.xjhc.gov.cn/xjhc/c116834/202410/a29382e11a674da3be3353af65f9fcc5.shtml"",""attachment_url"":""https://www.xjhc.gov.cn/xjhc/c116834/202410/a29382e11a674da3be3353af65f9fcc5/files/0536cef86e2b46ddad6aae5a3780089e.xls"",""local_source_file"":""2025_guokao_zhaokaojianzhang.xls"",""local_source_sha256"":""07ae6cab368cd21b7a1ac3e8150fe9a3d39ad5171ce76135ff3cccfe50c3e77e"",""source_sheet"":""中央国家行政机关省级以下直属机构"",""filter_version"":""government_tech_v2"",""tech_filter"":{""is_tech"":true,""is_core_tech"":true,""scope"":""core"",""categories"":[""computer_software"",""data_ai"",""electronics_communication""],""matched_fields"":[""major"",""description""],""major_terms"":[""电子信息类"",""计算机类""],""role_terms"":[""大数据"",""数据分析""],""reason"":""tech_major_and_role""},""original"":{""部门代码"":""130130"",""部门名称"":""国家税务总局云南省税务局"",""用人司局"":""国家税务总局元谋县税务局"",""机构性质"":""中央国家行政机关省级以下直属机构"",""招考职位"":""一级行政执法员（三）"",""职位属性"":""普通职位"",""职位分布"":""西部地区和艰苦边远地区职位"",""职位简介"":""税收大数据分析"",""职位代码"":""300110170007"",""机构层级"":""县（区）级及以下"",""考试类别"":""行政执法类"",""招考人数"":""1"",""专业"":""数学类、统计学类、电子信息类、计算机类"",""学历"":""本科及以上"",""学位"":""与最高学历相对应的学位"",""政治面貌"":""不限"",""基层工作最低年限"":""无限制"",""服务基层项目工作经历"":""无限制"",""是否在面试阶段组织专业能力测试"":""否"",""面试人员比例"":""3:1"",""工作地点"":""云南省楚雄彝族自治州元谋县"",""落户地点"":""云南省楚雄彝族自治州元谋县"",""备注"":""2025届高校毕业生，本单位不提供宿舍，在本单位最低服务年限为5年"",""部门网站"":""http://yunnan.chinatax.gov.cn/"",""咨询电话1"":""0871-63121915"",""咨询电话2"":"""",""咨询电话3"":"""",""来源Sheet"":""中央国家行政机关省级以下直属机构""}}"
"government_jobs","国家公务员2025招考简章","公务员/事业单位技术岗位","云南省楚雄彝族自治州禄丰市","2026-07-28T09:12:58.310295+00:00","一级行政执法员（一）","国家税务总局云南省税务局","","云南省楚雄彝族自治州禄丰市","公务员/事业单位;2025;computer_software;data_ai;electronics_communication;本科及以上;与最高学历相对应的学位;电子信息类、计算机类、建筑类;行政执法类","用人司局：国家税务总局禄丰市税务局
职位简介：税收大数据分析
专业要求：电子信息类、计算机类、建筑类
学历要求：本科及以上
学位要求：与最高学历相对应的学位
政治面貌：不限
基层工作经历：无限制
考试类别：行政执法类
备注：2025届高校毕业生，女性，本单位不提供宿舍，在本单位最低服务年限为5年","https://www.xjhc.gov.cn/xjhc/c116834/202410/a29382e11a674da3be3353af65f9fcc5.shtml#130130-300110180001","2024-10-14","{""dataset_year"":2025,""job_uid"":""GOV-2025-130130-300110180001"",""publisher"":""国家公务员局"",""publication_page"":""https://www.xjhc.gov.cn/xjhc/c116834/202410/a29382e11a674da3be3353af65f9fcc5.shtml"",""attachment_url"":""https://www.xjhc.gov.cn/xjhc/c116834/202410/a29382e11a674da3be3353af65f9fcc5/files/0536cef86e2b46ddad6aae5a3780089e.xls"",""local_source_file"":""2025_guokao_zhaokaojianzhang.xls"",""local_source_sha256"":""07ae6cab368cd21b7a1ac3e8150fe9a3d39ad5171ce76135ff3cccfe50c3e77e"",""source_sheet"":""中央国家行政机关省级以下直属机构"",""filter_version"":""government_tech_v2"",""tech_filter"":{""is_tech"":true,""is_core_tech"":true,""scope"":""core"",""categories"":[""computer_software"",""data_ai"",""electronics_communication""],""matched_fields"":[""major"",""description""],""major_terms"":[""电子信息类"",""计算机类""],""role_terms"":[""大数据"",""数据分析""],""reason"":""tech_major_and_role""},""original"":{""部门代码"":""130130"",""部门名称"":""国家税务总局云南省税务局"",""用人司局"":""国家税务总局禄丰市税务局"",""机构性质"":""中央国家行政机关省级以下直属机构"",""招考职位"":""一级行政执法员（一）"",""职位属性"":""普通职位"",""职位分布"":""西部地区和艰苦边远地区职位"",""职位简介"":""税收大数据分析"",""职位代码"":""300110180001"",""机构层级"":""县（区）级及以下"",""考试类别"":""行政执法类"",""招考人数"":""2"",""专业"":""电子信息类、计算机类、建筑类"",""学历"":""本科及以上"",""学位"":""与最高学历相对应的学位"",""政治面貌"":""不限"",""基层工作最低年限"":""无限制"",""服务基层项目工作经历"":""无限制"",""是否在面试阶段组织专业能力测试"":""否"",""面试人员比例"":""3:1"",""工作地点"":""云南省楚雄彝族自治州禄丰市"",""落户地点"":""云南省楚雄彝族自治州禄丰市"",""备注"":""2025届高校毕业生，女性，本单位不提供宿舍，在本单位最低服务年限为5年"",""部门网站"":""http://yunnan.chinatax.gov.cn/"",""咨询电话1"":""0871-63121915"",""咨询电话2"":"""",""咨询电话3"":"""",""来源Sheet"":""中央国家行政机关省级以下直属机构""}}"
"government_jobs","国家公务员2025招考简章","公务员/事业单位技术岗位","云南省楚雄彝族自治州禄丰市","2026-07-28T09:12:58.310295+00:00","一级行政执法员（二）","国家税务总局云南省税务局","","云南省楚雄彝族自治州禄丰市","公务员/事业单位;2025;computer_software;data_ai;electronics_communication;本科及以上;与最高学历相对应的学位;电子信息类、计算机类、建筑类;行政执法类","用人司局：国家税务总局禄丰市税务局
职位简介：税收大数据分析
专业要求：电子信息类、计算机类、建筑类
学历要求：本科及以上
学位要求：与最高学历相对应的学位
政治面貌：不限
基层工作经历：无限制
考试类别：行政执法类
备注：2025届高校毕业生，男性，本单位不提供宿舍，在本单位最低服务年限为5年","https://www.xjhc.gov.cn/xjhc/c116834/202410/a29382e11a674da3be3353af65f9fcc5.shtml#130130-300110180002","2024-10-14","{""dataset_year"":2025,""job_uid"":""GOV-2025-130130-300110180002"",""publisher"":""国家公务员局"",""publication_page"":""https://www.xjhc.gov.cn/xjhc/c116834/202410/a29382e11a674da3be3353af65f9fcc5.shtml"",""attachment_url"":""https://www.xjhc.gov.cn/xjhc/c116834/202410/a29382e11a674da3be3353af65f9fcc5/files/0536cef86e2b46ddad6aae5a3780089e.xls"",""local_source_file"":""2025_guokao_zhaokaojianzhang.xls"",""local_source_sha256"":""07ae6cab368cd21b7a1ac3e8150fe9a3d39ad5171ce76135ff3cccfe50c3e77e"",""source_sheet"":""中央国家行政机关省级以下直属机构"",""filter_version"":""government_tech_v2"",""tech_filter"":{""is_tech"":true,""is_core_tech"":true,""scope"":""core"",""categories"":[""computer_software"",""data_ai"",""electronics_communication""],""matched_fields"":[""major"",""description""],""major_terms"":[""电子信息类"",""计算机类""],""role_terms"":[""大数据"",""数据分析""],""reason"":""tech_major_and_role""},""original"":{""部门代码"":""130130"",""部门名称"":""国家税务总局云南省税务局"",""用人司局"":""国家税务总局禄丰市税务局"",""机构性质"":""中央国家行政机关省级以下直属机构"",""招考职位"":""一级行政执法员（二）"",""职位属性"":""普通职位"",""职位分布"":""西部地区和艰苦边远地区职位"",""职位简介"":""税收大数据分析"",""职位代码"":""300110180002"",""机构层级"":""县（区）级及以下"",""考试类别"":""行政执法类"",""招考人数"":""2"",""专业"":""电子信息类、计算机类、建筑类"",""学历"":""本科及以上"",""学位"":""与最高学历相对应的学位"",""政治面貌"":""不限"",""基层工作最低年限"":""无限制"",""服务基层项目工作经历"":""无限制"",""是否在面试阶段组织专业能力测试"":""否"",""面试人员比例"":""3:1"",""工作地点"":""云南省楚雄彝族自治州禄丰市"",""落户地点"":""云南省楚雄彝族自治州禄丰市"",""备注"":""2025届高校毕业生，男性，本单位不提供宿舍，在本单位最低服务年限为5年"",""部门网站"":""http://yunnan.chinatax.gov.cn/"",""咨询电话1"":""0871-63121915"",""咨询电话2"":"""",""咨询电话3"":"""",""来源Sheet"":""中央国家行政机关省级以下直属机构""}}"
"government_jobs","国家公务员2025招考简章","公务员/事业单位技术岗位","云南省玉溪市红塔区","2026-07-28T09:12:58.310295+00:00","一级行政执法员（五）","国家税务总局云南省税务局","","云南省玉溪市红塔区","公务员/事业单位;2025;computer_software;data_ai;electronics_communication;本科及以上;与最高学历相对应的学位;电子信息类、计算机类、能源动力类;行政执法类","用人司局：国家税务总局玉溪市红塔区税务局
职位简介：税收大数据分析
专业要求：电子信息类、计算机类、能源动力类
学历要求：本科及以上
学位要求：与最高学历相对应的学位
政治面貌：不限
基层工作经历：无限制
考试类别：行政执法类
备注：本单位不提供宿舍，在本单位最低服务年限为5年","https://www.xjhc.gov.cn/xjhc/c116834/202410/a29382e11a674da3be3353af65f9fcc5.shtml#130130-300110190005","2024-10-14","{""dataset_year"":2025,""job_uid"":""GOV-2025-130130-300110190005"",""publisher"":""国家公务员局"",""publication_page"":""https://www.xjhc.gov.cn/xjhc/c116834/202410/a29382e11a674da3be3353af65f9fcc5.shtml"",""attachment_url"":""https://www.xjhc.gov.cn/xjhc/c116834/202410/a29382e11a674da3be3353af65f9fcc5/files/0536cef86e2b46ddad6aae5a3780089e.xls"",""local_source_file"":""2025_guokao_zhaokaojianzhang.xls"",""local_source_sha256"":""07ae6cab368cd21b7a1ac3e8150fe9a3d39ad5171ce76135ff3cccfe50c3e77e"",""source_sheet"":""中央国家行政机关省级以下直属机构"",""filter_version"":""government_tech_v2"",""tech_filter"":{""is_tech"":true,""is_core_tech"":true,""scope"":""core"",""categories"":[""computer_software"",""data_ai"",""electronics_communication""],""matched_fields"":[""major"",""description""],""major_terms"":[""电子信息类"",""计算机类""],""role_terms"":[""大数据"",""数据分析""],""reason"":""tech_major_and_role""},""original"":{""部门代码"":""130130"",""部门名称"":""国家税务总局云南省税务局"",""用人司局"":""国家税务总局玉溪市红塔区税务局"",""机构性质"":""中央国家行政机关省级以下直属机构"",""招考职位"":""一级行政执法员（五）"",""职位属性"":""普通职位"",""职位分布"":""西部地区和艰苦边远地区职位"",""职位简介"":""税收大数据分析"",""职位代码"":""300110190005"",""机构层级"":""县（区）级及以下"",""考试类别"":""行政执法类"",""招考人数"":""2"",""专业"":""电子信息类、计算机类、能源动力类"",""学历"":""本科及以上"",""学位"":""与最高学历相对应的学位"",""政治面貌"":""不限"",""基层工作最低年限"":""无限制"",""服务基层项目工作经历"":""无限制"",""是否在面试阶段组织专业能力测试"":""否"",""面试人员比例"":""3:1"",""工作地点"":""云南省玉溪市红塔区"",""落户地点"":""云南省玉溪市红塔区"",""备注"":""本单位不提供宿舍，在本单位最低服务年限为5年"",""部门网站"":""http://yunnan.chinatax.gov.cn/"",""咨询电话1"":""0871-63121915"",""咨询电话2"":"""",""咨询电话3"":"""",""来源Sheet"":""中央国家行政机关省级以下直属机构""}}"
"government_jobs","国家公务员2025招考简章","公务员/事业单位技术岗位","云南省玉溪市江川区","2026-07-28T09:12:58.310295+00:00","一级行政执法员（五）","国家税务总局云南省税务局","","云南省玉溪市江川区","公务员/事业单位;2025;computer_software;data_ai;electronics_communication;本科及以上;与最高学历相对应的学位;电子信息类、计算机类、能源动力类;行政执法类","用人司局：国家税务总局玉溪市江川区税务局
职位简介：税收大数据分析
专业要求：电子信息类、计算机类、能源动力类
学历要求：本科及以上
学位要求：与最高学历相对应的学位
政治面貌：不限
基层工作经历：无限制
考试类别：行政执法类
备注：本单位不提供宿舍，在本单位最低服务年限为5年","https://www.xjhc.gov.cn/xjhc/c116834/202410/a29382e11a674da3be3353af65f9fcc5.shtml#130130-300110193005","2024-10-14","{""dataset_year"":2025,""job_uid"":""GOV-2025-130130-300110193005"",""publisher"":""国家公务员局"",""publication_page"":""https://www.xjhc.gov.cn/xjhc/c116834/202410/a29382e11a674da3be3353af65f9fcc5.shtml"",""attachment_url"":""https://www.xjhc.gov.cn/xjhc/c116834/202410/a29382e11a674da3be3353af65f9fcc5/files/0536cef86e2b46ddad6aae5a3780089e.xls"",""local_source_file"":""2025_guokao_zhaokaojianzhang.xls"",""local_source_sha256"":""07ae6cab368cd21b7a1ac3e8150fe9a3d39ad5171ce76135ff3cccfe50c3e77e"",""source_sheet"":""中央国家行政机关省级以下直属机构"",""filter_version"":""government_tech_v2"",""tech_filter"":{""is_tech"":true,""is_core_tech"":true,""scope"":""core"",""categories"":[""computer_software"",""data_ai"",""electronics_communication""],""matched_fields"":[""major"",""description""],""major_terms"":[""电子信息类"",""计算机类""],""role_terms"":[""大数据"",""数据分析""],""reason"":""tech_major_and_role""},""original"":{""部门代码"":""130130"",""部门名称"":""国家税务总局云南省税务局"",""用人司局"":""国家税务总局玉溪市江川区税务局"",""机构性质"":""中央国家行政机关省级以下直属机构"",""招考职位"":""一级行政执法员（五）"",""职位属性"":""普通职位"",""职位分布"":""西部地区和艰苦边远地区职位"",""职位简介"":""税收大数据分析"",""职位代码"":""300110193005"",""机构层级"":""县（区）级及以下"",""考试类别"":""行政执法类"",""招考人数"":""1"",""专业"":""电子信息类、计算机类、能源动力类"",""学历"":""本科及以上"",""学位"":""与最高学历相对应的学位"",""政治面貌"":""不限"",""基层工作最低年限"":""无限制"",""服务基层项目工作经历"":""无限制"",""是否在面试阶段组织专业能力测试"":""否"",""面试人员比例"":""3:1"",""工作地点"":""云南省玉溪市江川区"",""落户地点"":""云南省玉溪市江川区"",""备注"":""本单位不提供宿舍，在本单位最低服务年限为5年"",""部门网站"":""http://yunnan.chinatax.gov.cn/"",""咨询电话1"":""0871-63121915"",""咨询电话2"":"""",""咨询电话3"":"""",""来源Sheet"":""中央国家行政机关省级以下直属机构""}}"
"government_jobs","国家公务员2025招考简章","公务员/事业单位技术岗位","云南省红河哈尼族彝族自治州屏边苗族自治县","2026-07-28T09:12:58.310295+00:00","一级行政执法员（一）","国家税务总局云南省税务局","","云南省红河哈尼族彝族自治州屏边苗族自治县","公务员/事业单位;2025;computer_software;data_ai;本科及以上;与最高学历相对应的学位;数学类、统计学类、计算机类;行政执法类","用人司局：国家税务总局屏边县税务局
职位简介：税收大数据分析
专业要求：数学类、统计学类、计算机类
学历要求：本科及以上
学位要求：与最高学历相对应的学位
政治面貌：不限
基层工作经历：无限制
考试类别：行政执法类
备注：2025届高校毕业生，本单位不提供宿舍，在本单位最低服务年限为5年","https://www.xjhc.gov.cn/xjhc/c116834/202410/a29382e11a674da3be3353af65f9fcc5.shtml#130130-300110260001","2024-10-14","{""dataset_year"":2025,""job_uid"":""GOV-2025-130130-300110260001"",""publisher"":""国家公务员局"",""publication_page"":""https://www.xjhc.gov.cn/xjhc/c116834/202410/a29382e11a674da3be3353af65f9fcc5.shtml"",""attachment_url"":""https://www.xjhc.gov.cn/xjhc/c116834/202410/a29382e11a674da3be3353af65f9fcc5/files/0536cef86e2b46ddad6aae5a3780089e.xls"",""local_source_file"":""2025_guokao_zhaokaojianzhang.xls"",""local_source_sha256"":""07ae6cab368cd21b7a1ac3e8150fe9a3d39ad5171ce76135ff3cccfe50c3e77e"",""source_sheet"":""中央国家行政机关省级以下直属机构"",""filter_version"":""government_tech_v2"",""tech_filter"":{""is_tech"":true,""is_core_tech"":true,""scope"":""core"",""categories"":[""computer_software"",""data_ai""],""matched_fields"":[""major"",""description""],""major_terms"":[""计算机类""],""role_terms"":[""大数据"",""数据分析""],""reason"":""tech_major_and_role""},""original"":{""部门代码"":""130130"",""部门名称"":""国家税务总局云南省税务局"",""用人司局"":""国家税务总局屏边县税务局"",""机构性质"":""中央国家行政机关省级以下直属机构"",""招考职位"":""一级行政执法员（一）"",""职位属性"":""普通职位"",""职位分布"":""西部地区和艰苦边远地区职位"",""职位简介"":""税收大数据分析"",""职位代码"":""300110260001"",""机构层级"":""县（区）级及以下"",""考试类别"":""行政执法类"",""招考人数"":""2"",""专业"":""数学类、统计学类、计算机类"",""学历"":""本科及以上"",""学位"":""与最高学历相对应的学位"",""政治面貌"":""不限"",""基层工作最低年限"":""无限制"",""服务基层项目工作经历"":""无限制"",""是否在面试阶段组织专业能力测试"":""否"",""面试人员比例"":""3:1"",""工作地点"":""云南省红河哈尼族彝族自治州屏边苗族自治县"",""落户地点"":""云南省红河哈尼族彝族自治州屏边苗族自治县"",""备注"":""2025届高校毕业生，本单位不提供宿舍，在本单位最低服务年限为5年"",""部门网站"":""http://yunnan.chinatax.gov.cn/"",""咨询电话1"":""0871-63121915"",""咨询电话2"":"""",""咨询电话3"":"""",""来源Sheet"":""中央国家行政机关省级以下直属机构""}}"
"government_jobs","国家公务员2025招考简章","公务员/事业单位技术岗位","云南省红河哈尼族彝族自治州金平苗族瑶族傣族自治县","2026-07-28T09:12:58.310295+00:00","一级行政执法员（五）","国家税务总局云南省税务局","","云南省红河哈尼族彝族自治州金平苗族瑶族傣族自治县","公务员/事业单位;2025;computer_software;data_ai;本科及以上;与最高学历相对应的学位;数学类、统计学类、计算机类;行政执法类","用人司局：国家税务总局金平县税务局
职位简介：税收大数据分析
专业要求：数学类、统计学类、计算机类
学历要求：本科及以上
学位要求：与最高学历相对应的学位
政治面貌：不限
基层工作经历：无限制
考试类别：行政执法类
备注：2025届高校毕业生，本单位不提供宿舍，在本单位最低服务年限为5年","https://www.xjhc.gov.cn/xjhc/c116834/202410/a29382e11a674da3be3353af65f9fcc5.shtml#130130-300110270005","2024-10-14","{""dataset_year"":2025,""job_uid"":""GOV-2025-130130-300110270005"",""publisher"":""国家公务员局"",""publication_page"":""https://www.xjhc.gov.cn/xjhc/c116834/202410/a29382e11a674da3be3353af65f9fcc5.shtml"",""attachment_url"":""https://www.xjhc.gov.cn/xjhc/c116834/202410/a29382e11a674da3be3353af65f9fcc5/files/0536cef86e2b46ddad6aae5a3780089e.xls"",""local_source_file"":""2025_guokao_zhaokaojianzhang.xls"",""local_source_sha256"":""07ae6cab368cd21b7a1ac3e8150fe9a3d39ad5171ce76135ff3cccfe50c3e77e"",""source_sheet"":""中央国家行政机关省级以下直属机构"",""filter_version"":""government_tech_v2"",""tech_filter"":{""is_tech"":true,""is_core_tech"":true,""scope"":""core"",""categories"":[""computer_software"",""data_ai""],""matched_fields"":[""major"",""description""],""major_terms"":[""计算机类""],""role_terms"":[""大数据"",""数据分析""],""reason"":""tech_major_and_role""},""original"":{""部门代码"":""130130"",""部门名称"":""国家税务总局云南省税务局"",""用人司局"":""国家税务总局金平县税务局"",""机构性质"":""中央国家行政机关省级以下直属机构"",""招考职位"":""一级行政执法员（五）"",""职位属性"":""普通职位"",""职位分布"":""西部地区和艰苦边远地区职位"",""职位简介"":""税收大数据分析"",""职位代码"":""300110270005"",""机构层级"":""县（区）级及以下"",""考试类别"":""行政执法类"",""招考人数"":""1"",""专业"":""数学类、统计学类、计算机类"",""学历"":""本科及以上"",""学位"":""与最高学历相对应的学位"",""政治面貌"":""不限"",""基层工作最低年限"":""无限制"",""服务基层项目工作经历"":""无限制"",""是否在面试阶段组织专业能力测试"":""否"",""面试人员比例"":""3:1"",""工作地点"":""云南省红河哈尼族彝族自治州金平苗族瑶族傣族自治县"",""落户地点"":""云南省红河哈尼族彝族自治州金平苗族瑶族傣族自治县"",""备注"":""2025届高校毕业生，本单位不提供宿舍，在本单位最低服务年限为5年"",""部门网站"":""http://yunnan.chinatax.gov.cn/"",""咨询电话1"":""0871-63121915"",""咨询电话2"":"""",""咨询电话3"":"""",""来源Sheet"":""中央国家行政机关省级以下直属机构""}}"
"government_jobs","国家公务员2025招考简章","公务员/事业单位技术岗位","云南省红河哈尼族彝族自治州红河县","2026-07-28T09:12:58.310295+00:00","一级行政执法员（一）","国家税务总局云南省税务局","","云南省红河哈尼族彝族自治州红河县","公务员/事业单位;2025;computer_software;data_ai;本科及以上;与最高学历相对应的学位;计算机类、建筑类;行政执法类","用人司局：国家税务总局红河县税务局
职位简介：税收大数据分析
专业要求：计算机类、建筑类
学历要求：本科及以上
学位要求：与最高学历相对应的学位
政治面貌：不限
基层工作经历：无限制
考试类别：行政执法类
备注：2025届高校毕业生，本单位不提供宿舍，在本单位最低服务年限为5年","https://www.xjhc.gov.cn/xjhc/c116834/202410/a29382e11a674da3be3353af65f9fcc5.shtml#130130-300110280001","2024-10-14","{""dataset_year"":2025,""job_uid"":""GOV-2025-130130-300110280001"",""publisher"":""国家公务员局"",""publication_page"":""https://www.xjhc.gov.cn/xjhc/c116834/202410/a29382e11a674da3be3353af65f9fcc5.shtml"",""attachment_url"":""https://www.xjhc.gov.cn/xjhc/c116834/202410/a29382e11a674da3be3353af65f9fcc5/files/0536cef86e2b46ddad6aae5a3780089e.xls"",""local_source_file"":""2025_guokao_zhaokaojianzhang.xls"",""local_source_sha256"":""07ae6cab368cd21b7a1ac3e8150fe9a3d39ad5171ce76135ff3cccfe50c3e77e"",""source_sheet"":""中央国家行政机关省级以下直属机构"",""filter_version"":""government_tech_v2"",""tech_filter"":{""is_tech"":true,""is_core_tech"":true,""scope"":""core"",""categories"":[""computer_software"",""data_ai""],""matched_fields"":[""major"",""description""],""major_terms"":[""计算机类""],""role_terms"":[""大数据"",""数据分析""],""reason"":""tech_major_and_role""},""original"":{""部门代码"":""130130"",""部门名称"":""国家税务总局云南省税务局"",""用人司局"":""国家税务总局红河县税务局"",""机构性质"":""中央国家行政机关省级以下直属机构"",""招考职位"":""一级行政执法员（一）"",""职位属性"":""普通职位"",""职位分布"":""西部地区和艰苦边远地区职位"",""职位简介"":""税收大数据分析"",""职位代码"":""300110280001"",""机构层级"":""县（区）级及以下"",""考试类别"":""行政执法类"",""招考人数"":""2"",""专业"":""计算机类、建筑类"",""学历"":""本科及以上"",""学位"":""与最高学历相对应的学位"",""政治面貌"":""不限"",""基层工作最低年限"":""无限制"",""服务基层项目工作经历"":""无限制"",""是否在面试阶段组织专业能力测试"":""否"",""面试人员比例"":""3:1"",""工作地点"":""云南省红河哈尼族彝族自治州红河县"",""落户地点"":""云南省红河哈尼族彝族自治州红河县"",""备注"":""2025届高校毕业生，本单位不提供宿舍，在本单位最低服务年限为5年"",""部门网站"":""http://yunnan.chinatax.gov.cn/"",""咨询电话1"":""0871-63121915"",""咨询电话2"":"""",""咨询电话3"":"""",""来源Sheet"":""中央国家行政机关省级以下直属机构""}}"
"government_jobs","国家公务员2025招考简章","公务员/事业单位技术岗位","云南省红河哈尼族彝族自治州蒙自市","2026-07-28T09:12:58.310295+00:00","一级行政执法员（三）","国家税务总局云南省税务局","","云南省红河哈尼族彝族自治州蒙自市","公务员/事业单位;2025;computer_software;data_ai;electronics_communication;本科及以上;与最高学历相对应的学位;电气类、电子信息类、计算机类;行政执法类","用人司局：国家税务总局蒙自经济技术开发区税务局
职位简介：税收大数据分析
专业要求：电气类、电子信息类、计算机类
学历要求：本科及以上
学位要求：与最高学历相对应的学位
政治面貌：不限
基层工作经历：无限制
考试类别：行政执法类
备注：本单位不提供宿舍，在本单位最低服务年限为5年","https://www.xjhc.gov.cn/xjhc/c116834/202410/a29382e11a674da3be3353af65f9fcc5.shtml#130130-300110284003","2024-10-14","{""dataset_year"":2025,""job_uid"":""GOV-2025-130130-300110284003"",""publisher"":""国家公务员局"",""publication_page"":""https://www.xjhc.gov.cn/xjhc/c116834/202410/a29382e11a674da3be3353af65f9fcc5.shtml"",""attachment_url"":""https://www.xjhc.gov.cn/xjhc/c116834/202410/a29382e11a674da3be3353af65f9fcc5/files/0536cef86e2b46ddad6aae5a3780089e.xls"",""local_source_file"":""2025_guokao_zhaokaojianzhang.xls"",""local_source_sha256"":""07ae6cab368cd21b7a1ac3e8150fe9a3d39ad5171ce76135ff3cccfe50c3e77e"",""source_sheet"":""中央国家行政机关省级以下直属机构"",""filter_version"":""government_tech_v2"",""tech_filter"":{""is_tech"":true,""is_core_tech"":true,""scope"":""core"",""categories"":[""computer_software"",""data_ai"",""electronics_communication""],""matched_fields"":[""major"",""description""],""major_terms"":[""电子信息类"",""计算机类""],""role_terms"":[""大数据"",""数据分析""],""reason"":""tech_major_and_role""},""original"":{""部门代码"":""130130"",""部门名称"":""国家税务总局云南省税务局"",""用人司局"":""国家税务总局蒙自经济技术开发区税务局"",""机构性质"":""中央国家行政机关省级以下直属机构"",""招考职位"":""一级行政执法员（三）"",""职位属性"":""普通职位"",""职位分布"":""西部地区和艰苦边远地区职位"",""职位简介"":""税收大数据分析"",""职位代码"":""300110284003"",""机构层级"":""县（区）级及以下"",""考试类别"":""行政执法类"",""招考人数"":""1"",""专业"":""电气类、电子信息类、计算机类"",""学历"":""本科及以上"",""学位"":""与最高学历相对应的学位"",""政治面貌"":""不限"",""基层工作最低年限"":""无限制"",""服务基层项目工作经历"":""无限制"",""是否在面试阶段组织专业能力测试"":""否"",""面试人员比例"":""3:1"",""工作地点"":""云南省红河哈尼族彝族自治州蒙自市"",""落户地点"":""云南省红河哈尼族彝族自治州蒙自市"",""备注"":""本单位不提供宿舍，在本单位最低服务年限为5年"",""部门网站"":""http://yunnan.chinatax.gov.cn/"",""咨询电话1"":""0871-63121915"",""咨询电话2"":"""",""咨询电话3"":"""",""来源Sheet"":""中央国家行政机关省级以下直属机构""}}"
"government_jobs","国家公务员2025招考简章","公务员/事业单位技术岗位","云南省文山壮族苗族自治州麻栗坡县","2026-07-28T09:12:58.310295+00:00","一级行政执法员（三）","国家税务总局云南省税务局","","云南省文山壮族苗族自治州麻栗坡县","公务员/事业单位;2025;computer_software;data_ai;electronics_communication;本科及以上;与最高学历相对应的学位;数学类、统计学类、电子信息类、计算机类;行政执法类","用人司局：国家税务总局麻栗坡县税务局
职位简介：税收大数据分析
专业要求：数学类、统计学类、电子信息类、计算机类
学历要求：本科及以上
学位要求：与最高学历相对应的学位
政治面貌：不限
基层工作经历：无限制
考试类别：行政执法类
备注：应届高校毕业生，男性，本单位不提供宿舍，在本单位最低服务年限为5年","https://www.xjhc.gov.cn/xjhc/c116834/202410/a29382e11a674da3be3353af65f9fcc5.shtml#130130-300110290003","2024-10-14","{""dataset_year"":2025,""job_uid"":""GOV-2025-130130-300110290003"",""publisher"":""国家公务员局"",""publication_page"":""https://www.xjhc.gov.cn/xjhc/c116834/202410/a29382e11a674da3be3353af65f9fcc5.shtml"",""attachment_url"":""https://www.xjhc.gov.cn/xjhc/c116834/202410/a29382e11a674da3be3353af65f9fcc5/files/0536cef86e2b46ddad6aae5a3780089e.xls"",""local_source_file"":""2025_guokao_zhaokaojianzhang.xls"",""local_source_sha256"":""07ae6cab368cd21b7a1ac3e8150fe9a3d39ad5171ce76135ff3cccfe50c3e77e"",""source_sheet"":""中央国家行政机关省级以下直属机构"",""filter_version"":""government_tech_v2"",""tech_filter"":{""is_tech"":true,""is_core_tech"":true,""scope"":""core"",""categories"":[""computer_software"",""data_ai"",""electronics_communication""],""matched_fields"":[""major"",""description""],""major_terms"":[""电子信息类"",""计算机类""],""role_terms"":[""大数据"",""数据分析""],""reason"":""tech_major_and_role""},""original"":{""部门代码"":""130130"",""部门名称"":""国家税务总局云南省税务局"",""用人司局"":""国家税务总局麻栗坡县税务局"",""机构性质"":""中央国家行政机关省级以下直属机构"",""招考职位"":""一级行政执法员（三）"",""职位属性"":""普通职位"",""职位分布"":""西部地区和艰苦边远地区职位"",""职位简介"":""税收大数据分析"",""职位代码"":""300110290003"",""机构层级"":""县（区）级及以下"",""考试类别"":""行政执法类"",""招考人数"":""1"",""专业"":""数学类、统计学类、电子信息类、计算机类"",""学历"":""本科及以上"",""学位"":""与最高学历相对应的学位"",""政治面貌"":""不限"",""基层工作最低年限"":""无限制"",""服务基层项目工作经历"":""无限制"",""是否在面试阶段组织专业能力测试"":""否"",""面试人员比例"":""3:1"",""工作地点"":""云南省文山壮族苗族自治州麻栗坡县"",""落户地点"":""云南省文山壮族苗族自治州麻栗坡县"",""备注"":""应届高校毕业生，男性，本单位不提供宿舍，在本单位最低服务年限为5年"",""部门网站"":""http://yunnan.chinatax.gov.cn/"",""咨询电话1"":""0871-63121915"",""咨询电话2"":"""",""咨询电话3"":"""",""来源Sheet"":""中央国家行政机关省级以下直属机构""}}"
"government_jobs","国家公务员2025招考简章","公务员/事业单位技术岗位","云南省文山壮族苗族自治州麻栗坡县","2026-07-28T09:12:58.310295+00:00","一级行政执法员（四）","国家税务总局云南省税务局","","云南省文山壮族苗族自治州麻栗坡县","公务员/事业单位;2025;computer_software;data_ai;electronics_communication;本科及以上;与最高学历相对应的学位;数学类、统计学类、电子信息类、计算机类;行政执法类","用人司局：国家税务总局麻栗坡县税务局
职位简介：税收大数据分析
专业要求：数学类、统计学类、电子信息类、计算机类
学历要求：本科及以上
学位要求：与最高学历相对应的学位
政治面貌：不限
基层工作经历：无限制
考试类别：行政执法类
备注：应届高校毕业生，女性，本单位不提供宿舍，在本单位最低服务年限为5年","https://www.xjhc.gov.cn/xjhc/c116834/202410/a29382e11a674da3be3353af65f9fcc5.shtml#130130-300110290004","2024-10-14","{""dataset_year"":2025,""job_uid"":""GOV-2025-130130-300110290004"",""publisher"":""国家公务员局"",""publication_page"":""https://www.xjhc.gov.cn/xjhc/c116834/202410/a29382e11a674da3be3353af65f9fcc5.shtml"",""attachment_url"":""https://www.xjhc.gov.cn/xjhc/c116834/202410/a29382e11a674da3be3353af65f9fcc5/files/0536cef86e2b46ddad6aae5a3780089e.xls"",""local_source_file"":""2025_guokao_zhaokaojianzhang.xls"",""local_source_sha256"":""07ae6cab368cd21b7a1ac3e8150fe9a3d39ad5171ce76135ff3cccfe50c3e77e"",""source_sheet"":""中央国家行政机关省级以下直属机构"",""filter_version"":""government_tech_v2"",""tech_filter"":{""is_tech"":true,""is_core_tech"":true,""scope"":""core"",""categories"":[""computer_software"",""data_ai"",""electronics_communication""],""matched_fields"":[""major"",""description""],""major_terms"":[""电子信息类"",""计算机类""],""role_terms"":[""大数据"",""数据分析""],""reason"":""tech_major_and_role""},""original"":{""部门代码"":""130130"",""部门名称"":""国家税务总局云南省税务局"",""用人司局"":""国家税务总局麻栗坡县税务局"",""机构性质"":""中央国家行政机关省级以下直属机构"",""招考职位"":""一级行政执法员（四）"",""职位属性"":""普通职位"",""职位分布"":""西部地区和艰苦边远地区职位"",""职位简介"":""税收大数据分析"",""职位代码"":""300110290004"",""机构层级"":""县（区）级及以下"",""考试类别"":""行政执法类"",""招考人数"":""1"",""专业"":""数学类、统计学类、电子信息类、计算机类"",""学历"":""本科及以上"",""学位"":""与最高学历相对应的学位"",""政治面貌"":""不限"",""基层工作最低年限"":""无限制"",""服务基层项目工作经历"":""无限制"",""是否在面试阶段组织专业能力测试"":""否"",""面试人员比例"":""3:1"",""工作地点"":""云南省文山壮族苗族自治州麻栗坡县"",""落户地点"":""云南省文山壮族苗族自治州麻栗坡县"",""备注"":""应届高校毕业生，女性，本单位不提供宿舍，在本单位最低服务年限为5年"",""部门网站"":""http://yunnan.chinatax.gov.cn/"",""咨询电话1"":""0871-63121915"",""咨询电话2"":"""",""咨询电话3"":"""",""来源Sheet"":""中央国家行政机关省级以下直属机构""}}"
"government_jobs","国家公务员2025招考简章","公务员/事业单位技术岗位","云南省文山壮族苗族自治州丘北县","2026-07-28T09:12:58.310295+00:00","一级行政执法员（三）","国家税务总局云南省税务局","","云南省文山壮族苗族自治州丘北县","公务员/事业单位;2025;computer_software;data_ai;electronics_communication;本科及以上;与最高学历相对应的学位;数学类、统计学类、电子信息类、计算机类;行政执法类","用人司局：国家税务总局丘北县税务局
职位简介：税收大数据分析
专业要求：数学类、统计学类、电子信息类、计算机类
学历要求：本科及以上
学位要求：与最高学历相对应的学位
政治面貌：不限
基层工作经历：无限制
考试类别：行政执法类
备注：文山州户口或文山州生源，本单位不提供宿舍，在本单位最低服务年限为5年","https://www.xjhc.gov.cn/xjhc/c116834/202410/a29382e11a674da3be3353af65f9fcc5.shtml#130130-300110295003","2024-10-14","{""dataset_year"":2025,""job_uid"":""GOV-2025-130130-300110295003"",""publisher"":""国家公务员局"",""publication_page"":""https://www.xjhc.gov.cn/xjhc/c116834/202410/a29382e11a674da3be3353af65f9fcc5.shtml"",""attachment_url"":""https://www.xjhc.gov.cn/xjhc/c116834/202410/a29382e11a674da3be3353af65f9fcc5/files/0536cef86e2b46ddad6aae5a3780089e.xls"",""local_source_file"":""2025_guokao_zhaokaojianzhang.xls"",""local_source_sha256"":""07ae6cab368cd21b7a1ac3e8150fe9a3d39ad5171ce76135ff3cccfe50c3e77e"",""source_sheet"":""中央国家行政机关省级以下直属机构"",""filter_version"":""government_tech_v2"",""tech_filter"":{""is_tech"":true,""is_core_tech"":true,""scope"":""core"",""categories"":[""computer_software"",""data_ai"",""electronics_communication""],""matched_fields"":[""major"",""description""],""major_terms"":[""电子信息类"",""计算机类""],""role_terms"":[""大数据"",""数据分析""],""reason"":""tech_major_and_role""},""original"":{""部门代码"":""130130"",""部门名称"":""国家税务总局云南省税务局"",""用人司局"":""国家税务总局丘北县税务局"",""机构性质"":""中央国家行政机关省级以下直属机构"",""招考职位"":""一级行政执法员（三）"",""职位属性"":""普通职位"",""职位分布"":""西部地区和艰苦边远地区职位"",""职位简介"":""税收大数据分析"",""职位代码"":""300110295003"",""机构层级"":""县（区）级及以下"",""考试类别"":""行政执法类"",""招考人数"":""1"",""专业"":""数学类、统计学类、电子信息类、计算机类"",""学历"":""本科及以上"",""学位"":""与最高学历相对应的学位"",""政治面貌"":""不限"",""基层工作最低年限"":""无限制"",""服务基层项目工作经历"":""无限制"",""是否在面试阶段组织专业能力测试"":""否"",""面试人员比例"":""3:1"",""工作地点"":""云南省文山壮族苗族自治州丘北县"",""落户地点"":""云南省文山壮族苗族自治州丘北县"",""备注"":""文山州户口或文山州生源，本单位不提供宿舍，在本单位最低服务年限为5年"",""部门网站"":""http://yunnan.chinatax.gov.cn/"",""咨询电话1"":""0871-63121915"",""咨询电话2"":"""",""咨询电话3"":"""",""来源Sheet"":""中央国家行政机关省级以下直属机构""}}"
"government_jobs","国家公务员2025招考简章","公务员/事业单位技术岗位","云南省普洱市思茅区","2026-07-28T09:12:58.310295+00:00","一级行政执法员（二）","国家税务总局云南省税务局","","云南省普洱市思茅区","公务员/事业单位;2025;computer_software;data_ai;electronics_communication;本科及以上;与最高学历相对应的学位;数学类、统计学类、能源动力类、电子信息类、计算机类;行政执法类","用人司局：国家税务总局普洱市思茅区税务局
职位简介：税收大数据分析
专业要求：数学类、统计学类、能源动力类、电子信息类、计算机类
学历要求：本科及以上
学位要求：与最高学历相对应的学位
政治面貌：不限
基层工作经历：无限制
考试类别：行政执法类
备注：本单位不提供宿舍，在本单位最低服务年限为5年","https://www.xjhc.gov.cn/xjhc/c116834/202410/a29382e11a674da3be3353af65f9fcc5.shtml#130130-300110308002","2024-10-14","{""dataset_year"":2025,""job_uid"":""GOV-2025-130130-300110308002"",""publisher"":""国家公务员局"",""publication_page"":""https://www.xjhc.gov.cn/xjhc/c116834/202410/a29382e11a674da3be3353af65f9fcc5.shtml"",""attachment_url"":""https://www.xjhc.gov.cn/xjhc/c116834/202410/a29382e11a674da3be3353af65f9fcc5/files/0536cef86e2b46ddad6aae5a3780089e.xls"",""local_source_file"":""2025_guokao_zhaokaojianzhang.xls"",""local_source_sha256"":""07ae6cab368cd21b7a1ac3e8150fe9a3d39ad5171ce76135ff3cccfe50c3e77e"",""source_sheet"":""中央国家行政机关省级以下直属机构"",""filter_version"":""government_tech_v2"",""tech_filter"":{""is_tech"":true,""is_core_tech"":true,""scope"":""core"",""categories"":[""computer_software"",""data_ai"",""electronics_communication""],""matched_fields"":[""major"",""description""],""major_terms"":[""电子信息类"",""计算机类""],""role_terms"":[""大数据"",""数据分析""],""reason"":""tech_major_and_role""},""original"":{""部门代码"":""130130"",""部门名称"":""国家税务总局云南省税务局"",""用人司局"":""国家税务总局普洱市思茅区税务局"",""机构性质"":""中央国家行政机关省级以下直属机构"",""招考职位"":""一级行政执法员（二）"",""职位属性"":""普通职位"",""职位分布"":""西部地区和艰苦边远地区职位"",""职位简介"":""税收大数据分析"",""职位代码"":""300110308002"",""机构层级"":""县（区）级及以下"",""考试类别"":""行政执法类"",""招考人数"":""1"",""专业"":""数学类、统计学类、能源动力类、电子信息类、计算机类"",""学历"":""本科及以上"",""学位"":""与最高学历相对应的学位"",""政治面貌"":""不限"",""基层工作最低年限"":""无限制"",""服务基层项目工作经历"":""无限制"",""是否在面试阶段组织专业能力测试"":""否"",""面试人员比例"":""3:1"",""工作地点"":""云南省普洱市思茅区"",""落户地点"":""云南省普洱市思茅区"",""备注"":""本单位不提供宿舍，在本单位最低服务年限为5年"",""部门网站"":""http://yunnan.chinatax.gov.cn/"",""咨询电话1"":""0871-63121915"",""咨询电话2"":"""",""咨询电话3"":"""",""来源Sheet"":""中央国家行政机关省级以下直属机构""}}"
"government_jobs","国家公务员2025招考简章","公务员/事业单位技术岗位","云南省普洱市墨江哈尼族自治县","2026-07-28T09:12:58.310295+00:00","一级行政执法员（一）","国家税务总局云南省税务局","","云南省普洱市墨江哈尼族自治县","公务员/事业单位;2025;computer_software;data_ai;electronics_communication;本科及以上;与最高学历相对应的学位;数学类、统计学类、能源动力类、电子信息类、计算机类;行政执法类","用人司局：国家税务总局墨江县税务局
职位简介：税收大数据分析
专业要求：数学类、统计学类、能源动力类、电子信息类、计算机类
学历要求：本科及以上
学位要求：与最高学历相对应的学位
政治面貌：不限
基层工作经历：无限制
考试类别：行政执法类
备注：2025届高校毕业生，女性，本单位不提供宿舍，在本单位最低服务年限为5年","https://www.xjhc.gov.cn/xjhc/c116834/202410/a29382e11a674da3be3353af65f9fcc5.shtml#130130-300110315001","2024-10-14","{""dataset_year"":2025,""job_uid"":""GOV-2025-130130-300110315001"",""publisher"":""国家公务员局"",""publication_page"":""https://www.xjhc.gov.cn/xjhc/c116834/202410/a29382e11a674da3be3353af65f9fcc5.shtml"",""attachment_url"":""https://www.xjhc.gov.cn/xjhc/c116834/202410/a29382e11a674da3be3353af65f9fcc5/files/0536cef86e2b46ddad6aae5a3780089e.xls"",""local_source_file"":""2025_guokao_zhaokaojianzhang.xls"",""local_source_sha256"":""07ae6cab368cd21b7a1ac3e8150fe9a3d39ad5171ce76135ff3cccfe50c3e77e"",""source_sheet"":""中央国家行政机关省级以下直属机构"",""filter_version"":""government_tech_v2"",""tech_filter"":{""is_tech"":true,""is_core_tech"":true,""scope"":""core"",""categories"":[""computer_software"",""data_ai"",""electronics_communication""],""matched_fields"":[""major"",""description""],""major_terms"":[""电子信息类"",""计算机类""],""role_terms"":[""大数据"",""数据分析""],""reason"":""tech_major_and_role""},""original"":{""部门代码"":""130130"",""部门名称"":""国家税务总局云南省税务局"",""用人司局"":""国家税务总局墨江县税务局"",""机构性质"":""中央国家行政机关省级以下直属机构"",""招考职位"":""一级行政执法员（一）"",""职位属性"":""普通职位"",""职位分布"":""西部地区和艰苦边远地区职位"",""职位简介"":""税收大数据分析"",""职位代码"":""300110315001"",""机构层级"":""县（区）级及以下"",""考试类别"":""行政执法类"",""招考人数"":""1"",""专业"":""数学类、统计学类、能源动力类、电子信息类、计算机类"",""学历"":""本科及以上"",""学位"":""与最高学历相对应的学位"",""政治面貌"":""不限"",""基层工作最低年限"":""无限制"",""服务基层项目工作经历"":""无限制"",""是否在面试阶段组织专业能力测试"":""否"",""面试人员比例"":""3:1"",""工作地点"":""云南省普洱市墨江哈尼族自治县"",""落户地点"":""云南省普洱市墨江哈尼族自治县"",""备注"":""2025届高校毕业生，女性，本单位不提供宿舍，在本单位最低服务年限为5年"",""部门网站"":""http://yunnan.chinatax.gov.cn/"",""咨询电话1"":""0871-63121915"",""咨询电话2"":"""",""咨询电话3"":"""",""来源Sheet"":""中央国家行政机关省级以下直属机构""}}"
"government_jobs","国家公务员2025招考简章","公务员/事业单位技术岗位","云南省普洱市墨江哈尼族自治县","2026-07-28T09:12:58.310295+00:00","一级行政执法员（二）","国家税务总局云南省税务局","","云南省普洱市墨江哈尼族自治县","公务员/事业单位;2025;computer_software;data_ai;electronics_communication;本科及以上;与最高学历相对应的学位;数学类、统计学类、能源动力类、电子信息类、计算机类;行政执法类","用人司局：国家税务总局墨江县税务局
职位简介：税收大数据分析
专业要求：数学类、统计学类、能源动力类、电子信息类、计算机类
学历要求：本科及以上
学位要求：与最高学历相对应的学位
政治面貌：不限
基层工作经历：无限制
考试类别：行政执法类
备注：2025届高校毕业生，男性，本单位不提供宿舍，在本单位最低服务年限为5年","https://www.xjhc.gov.cn/xjhc/c116834/202410/a29382e11a674da3be3353af65f9fcc5.shtml#130130-300110315002","2024-10-14","{""dataset_year"":2025,""job_uid"":""GOV-2025-130130-300110315002"",""publisher"":""国家公务员局"",""publication_page"":""https://www.xjhc.gov.cn/xjhc/c116834/202410/a29382e11a674da3be3353af65f9fcc5.shtml"",""attachment_url"":""https://www.xjhc.gov.cn/xjhc/c116834/202410/a29382e11a674da3be3353af65f9fcc5/files/0536cef86e2b46ddad6aae5a3780089e.xls"",""local_source_file"":""2025_guokao_zhaokaojianzhang.xls"",""local_source_sha256"":""07ae6cab368cd21b7a1ac3e8150fe9a3d39ad5171ce76135ff3cccfe50c3e77e"",""source_sheet"":""中央国家行政机关省级以下直属机构"",""filter_version"":""government_tech_v2"",""tech_filter"":{""is_tech"":true,""is_core_tech"":true,""scope"":""core"",""categories"":[""computer_software"",""data_ai"",""electronics_communication""],""matched_fields"":[""major"",""description""],""major_terms"":[""电子信息类"",""计算机类""],""role_terms"":[""大数据"",""数据分析""],""reason"":""tech_major_and_role""},""original"":{""部门代码"":""130130"",""部门名称"":""国家税务总局云南省税务局"",""用人司局"":""国家税务总局墨江县税务局"",""机构性质"":""中央国家行政机关省级以下直属机构"",""招考职位"":""一级行政执法员（二）"",""职位属性"":""普通职位"",""职位分布"":""西部地区和艰苦边远地区职位"",""职位简介"":""税收大数据分析"",""职位代码"":""300110315002"",""机构层级"":""县（区）级及以下"",""考试类别"":""行政执法类"",""招考人数"":""1"",""专业"":""数学类、统计学类、能源动力类、电子信息类、计算机类"",""学历"":""本科及以上"",""学位"":""与最高学历相对应的学位"",""政治面貌"":""不限"",""基层工作最低年限"":""无限制"",""服务基层项目工作经历"":""无限制"",""是否在面试阶段组织专业能力测试"":""否"",""面试人员比例"":""3:1"",""工作地点"":""云南省普洱市墨江哈尼族自治县"",""落户地点"":""云南省普洱市墨江哈尼族自治县"",""备注"":""2025届高校毕业生，男性，本单位不提供宿舍，在本单位最低服务年限为5年"",""部门网站"":""http://yunnan.chinatax.gov.cn/"",""咨询电话1"":""0871-63121915"",""咨询电话2"":"""",""咨询电话3"":"""",""来源Sheet"":""中央国家行政机关省级以下直属机构""}}"
"government_jobs","国家公务员2025招考简章","公务员/事业单位技术岗位","云南省普洱市镇沅彝族哈尼族拉祜族自治县","2026-07-28T09:12:58.310295+00:00","一级行政执法员（一）","国家税务总局云南省税务局","","云南省普洱市镇沅彝族哈尼族拉祜族自治县","公务员/事业单位;2025;computer_software;data_ai;本科及以上;与最高学历相对应的学位;数学类、统计学类、计算机类;行政执法类","用人司局：国家税务总局镇沅县税务局
职位简介：税收大数据分析
专业要求：数学类、统计学类、计算机类
学历要求：本科及以上
学位要求：与最高学历相对应的学位
政治面貌：不限
基层工作经历：无限制
考试类别：行政执法类
备注：女性，本单位不提供宿舍，在本单位最低服务年限为5年","https://www.xjhc.gov.cn/xjhc/c116834/202410/a29382e11a674da3be3353af65f9fcc5.shtml#130130-300110323001","2024-10-14","{""dataset_year"":2025,""job_uid"":""GOV-2025-130130-300110323001"",""publisher"":""国家公务员局"",""publication_page"":""https://www.xjhc.gov.cn/xjhc/c116834/202410/a29382e11a674da3be3353af65f9fcc5.shtml"",""attachment_url"":""https://www.xjhc.gov.cn/xjhc/c116834/202410/a29382e11a674da3be3353af65f9fcc5/files/0536cef86e2b46ddad6aae5a3780089e.xls"",""local_source_file"":""2025_guokao_zhaokaojianzhang.xls"",""local_source_sha256"":""07ae6cab368cd21b7a1ac3e8150fe9a3d39ad5171ce76135ff3cccfe50c3e77e"",""source_sheet"":""中央国家行政机关省级以下直属机构"",""filter_version"":""government_tech_v2"",""tech_filter"":{""is_tech"":true,""is_core_tech"":true,""scope"":""core"",""categories"":[""computer_software"",""data_ai""],""matched_fields"":[""major"",""description""],""major_terms"":[""计算机类""],""role_terms"":[""大数据"",""数据分析""],""reason"":""tech_major_and_role""},""original"":{""部门代码"":""130130"",""部门名称"":""国家税务总局云南省税务局"",""用人司局"":""国家税务总局镇沅县税务局"",""机构性质"":""中央国家行政机关省级以下直属机构"",""招考职位"":""一级行政执法员（一）"",""职位属性"":""普通职位"",""职位分布"":""西部地区和艰苦边远地区职位"",""职位简介"":""税收大数据分析"",""职位代码"":""300110323001"",""机构层级"":""县（区）级及以下"",""考试类别"":""行政执法类"",""招考人数"":""1"",""专业"":""数学类、统计学类、计算机类"",""学历"":""本科及以上"",""学位"":""与最高学历相对应的学位"",""政治面貌"":""不限"",""基层工作最低年限"":""无限制"",""服务基层项目工作经历"":""无限制"",""是否在面试阶段组织专业能力测试"":""否"",""面试人员比例"":""3:1"",""工作地点"":""云南省普洱市镇沅彝族哈尼族拉祜族自治县"",""落户地点"":""云南省普洱市镇沅彝族哈尼族拉祜族自治县"",""备注"":""女性，本单位不提供宿舍，在本单位最低服务年限为5年"",""部门网站"":""http://yunnan.chinatax.gov.cn/"",""咨询电话1"":""0871-63121915"",""咨询电话2"":"""",""咨询电话3"":"""",""来源Sheet"":""中央国家行政机关省级以下直属机构""}}"
"government_jobs","国家公务员2025招考简章","公务员/事业单位技术岗位","云南省普洱市镇沅彝族哈尼族拉祜族自治县","2026-07-28T09:12:58.310295+00:00","一级行政执法员（二）","国家税务总局云南省税务局","","云南省普洱市镇沅彝族哈尼族拉祜族自治县","公务员/事业单位;2025;computer_software;data_ai;本科及以上;与最高学历相对应的学位;数学类、统计学类、计算机类;行政执法类","用人司局：国家税务总局镇沅县税务局
职位简介：税收大数据分析
专业要求：数学类、统计学类、计算机类
学历要求：本科及以上
学位要求：与最高学历相对应的学位
政治面貌：不限
基层工作经历：无限制
考试类别：行政执法类
备注：男性，本单位不提供宿舍，在本单位最低服务年限为5年","https://www.xjhc.gov.cn/xjhc/c116834/202410/a29382e11a674da3be3353af65f9fcc5.shtml#130130-300110323002","2024-10-14","{""dataset_year"":2025,""job_uid"":""GOV-2025-130130-300110323002"",""publisher"":""国家公务员局"",""publication_page"":""https://www.xjhc.gov.cn/xjhc/c116834/202410/a29382e11a674da3be3353af65f9fcc5.shtml"",""attachment_url"":""https://www.xjhc.gov.cn/xjhc/c116834/202410/a29382e11a674da3be3353af65f9fcc5/files/0536cef86e2b46ddad6aae5a3780089e.xls"",""local_source_file"":""2025_guokao_zhaokaojianzhang.xls"",""local_source_sha256"":""07ae6cab368cd21b7a1ac3e8150fe9a3d39ad5171ce76135ff3cccfe50c3e77e"",""source_sheet"":""中央国家行政机关省级以下直属机构"",""filter_version"":""government_tech_v2"",""tech_filter"":{""is_tech"":true,""is_core_tech"":true,""scope"":""core"",""categories"":[""computer_software"",""data_ai""],""matched_fields"":[""major"",""description""],""major_terms"":[""计算机类""],""role_terms"":[""大数据"",""数据分析""],""reason"":""tech_major_and_role""},""original"":{""部门代码"":""130130"",""部门名称"":""国家税务总局云南省税务局"",""用人司局"":""国家税务总局镇沅县税务局"",""机构性质"":""中央国家行政机关省级以下直属机构"",""招考职位"":""一级行政执法员（二）"",""职位属性"":""普通职位"",""职位分布"":""西部地区和艰苦边远地区职位"",""职位简介"":""税收大数据分析"",""职位代码"":""300110323002"",""机构层级"":""县（区）级及以下"",""考试类别"":""行政执法类"",""招考人数"":""1"",""专业"":""数学类、统计学类、计算机类"",""学历"":""本科及以上"",""学位"":""与最高学历相对应的学位"",""政治面貌"":""不限"",""基层工作最低年限"":""无限制"",""服务基层项目工作经历"":""无限制"",""是否在面试阶段组织专业能力测试"":""否"",""面试人员比例"":""3:1"",""工作地点"":""云南省普洱市镇沅彝族哈尼族拉祜族自治县"",""落户地点"":""云南省普洱市镇沅彝族哈尼族拉祜族自治县"",""备注"":""男性，本单位不提供宿舍，在本单位最低服务年限为5年"",""部门网站"":""http://yunnan.chinatax.gov.cn/"",""咨询电话1"":""0871-63121915"",""咨询电话2"":"""",""咨询电话3"":"""",""来源Sheet"":""中央国家行政机关省级以下直属机构""}}"
"government_jobs","国家公务员2025招考简章","公务员/事业单位技术岗位","云南省普洱市澜沧拉祜族自治县","2026-07-28T09:12:58.310295+00:00","一级行政执法员（三）","国家税务总局云南省税务局","","云南省普洱市澜沧拉祜族自治县","公务员/事业单位;2025;computer_software;data_ai;本科及以上;与最高学历相对应的学位;数学类、统计学类、计算机类;行政执法类","用人司局：国家税务总局澜沧县税务局
职位简介：税收大数据分析
专业要求：数学类、统计学类、计算机类
学历要求：本科及以上
学位要求：与最高学历相对应的学位
政治面貌：不限
基层工作经历：无限制
考试类别：行政执法类
备注：2025届高校毕业生，女性，本单位不提供宿舍，在本单位最低服务年限为5年","https://www.xjhc.gov.cn/xjhc/c116834/202410/a29382e11a674da3be3353af65f9fcc5.shtml#130130-300110330003","2024-10-14","{""dataset_year"":2025,""job_uid"":""GOV-2025-130130-300110330003"",""publisher"":""国家公务员局"",""publication_page"":""https://www.xjhc.gov.cn/xjhc/c116834/202410/a29382e11a674da3be3353af65f9fcc5.shtml"",""attachment_url"":""https://www.xjhc.gov.cn/xjhc/c116834/202410/a29382e11a674da3be3353af65f9fcc5/files/0536cef86e2b46ddad6aae5a3780089e.xls"",""local_source_file"":""2025_guokao_zhaokaojianzhang.xls"",""local_source_sha256"":""07ae6cab368cd21b7a1ac3e8150fe9a3d39ad5171ce76135ff3cccfe50c3e77e"",""source_sheet"":""中央国家行政机关省级以下直属机构"",""filter_version"":""government_tech_v2"",""tech_filter"":{""is_tech"":true,""is_core_tech"":true,""scope"":""core"",""categories"":[""computer_software"",""data_ai""],""matched_fields"":[""major"",""description""],""major_terms"":[""计算机类""],""role_terms"":[""大数据"",""数据分析""],""reason"":""tech_major_and_role""},""original"":{""部门代码"":""130130"",""部门名称"":""国家税务总局云南省税务局"",""用人司局"":""国家税务总局澜沧县税务局"",""机构性质"":""中央国家行政机关省级以下直属机构"",""招考职位"":""一级行政执法员（三）"",""职位属性"":""普通职位"",""职位分布"":""西部地区和艰苦边远地区职位"",""职位简介"":""税收大数据分析"",""职位代码"":""300110330003"",""机构层级"":""县（区）级及以下"",""考试类别"":""行政执法类"",""招考人数"":""1"",""专业"":""数学类、统计学类、计算机类"",""学历"":""本科及以上"",""学位"":""与最高学历相对应的学位"",""政治面貌"":""不限"",""基层工作最低年限"":""无限制"",""服务基层项目工作经历"":""无限制"",""是否在面试阶段组织专业能力测试"":""否"",""面试人员比例"":""3:1"",""工作地点"":""云南省普洱市澜沧拉祜族自治县"",""落户地点"":""云南省普洱市澜沧拉祜族自治县"",""备注"":""2025届高校毕业生，女性，本单位不提供宿舍，在本单位最低服务年限为5年"",""部门网站"":""http://yunnan.chinatax.gov.cn/"",""咨询电话1"":""0871-63121915"",""咨询电话2"":"""",""咨询电话3"":"""",""来源Sheet"":""中央国家行政机关省级以下直属机构""}}"
"government_jobs","国家公务员2025招考简章","公务员/事业单位技术岗位","云南省普洱市澜沧拉祜族自治县","2026-07-28T09:12:58.310295+00:00","一级行政执法员（四）","国家税务总局云南省税务局","","云南省普洱市澜沧拉祜族自治县","公务员/事业单位;2025;computer_software;data_ai;本科及以上;与最高学历相对应的学位;数学类、统计学类、计算机类;行政执法类","用人司局：国家税务总局澜沧县税务局
职位简介：税收大数据分析
专业要求：数学类、统计学类、计算机类
学历要求：本科及以上
学位要求：与最高学历相对应的学位
政治面貌：不限
基层工作经历：无限制
考试类别：行政执法类
备注：2025届高校毕业生，男性，本单位不提供宿舍，在本单位最低服务年限为5年","https://www.xjhc.gov.cn/xjhc/c116834/202410/a29382e11a674da3be3353af65f9fcc5.shtml#130130-300110330004","2024-10-14","{""dataset_year"":2025,""job_uid"":""GOV-2025-130130-300110330004"",""publisher"":""国家公务员局"",""publication_page"":""https://www.xjhc.gov.cn/xjhc/c116834/202410/a29382e11a674da3be3353af65f9fcc5.shtml"",""attachment_url"":""https://www.xjhc.gov.cn/xjhc/c116834/202410/a29382e11a674da3be3353af65f9fcc5/files/0536cef86e2b46ddad6aae5a3780089e.xls"",""local_source_file"":""2025_guokao_zhaokaojianzhang.xls"",""local_source_sha256"":""07ae6cab368cd21b7a1ac3e8150fe9a3d39ad5171ce76135ff3cccfe50c3e77e"",""source_sheet"":""中央国家行政机关省级以下直属机构"",""filter_version"":""government_tech_v2"",""tech_filter"":{""is_tech"":true,""is_core_tech"":true,""scope"":""core"",""categories"":[""computer_software"",""data_ai""],""matched_fields"":[""major"",""description""],""major_terms"":[""计算机类""],""role_terms"":[""大数据"",""数据分析""],""reason"":""tech_major_and_role""},""original"":{""部门代码"":""130130"",""部门名称"":""国家税务总局云南省税务局"",""用人司局"":""国家税务总局澜沧县税务局"",""机构性质"":""中央国家行政机关省级以下直属机构"",""招考职位"":""一级行政执法员（四）"",""职位属性"":""普通职位"",""职位分布"":""西部地区和艰苦边远地区职位"",""职位简介"":""税收大数据分析"",""职位代码"":""300110330004"",""机构层级"":""县（区）级及以下"",""考试类别"":""行政执法类"",""招考人数"":""1"",""专业"":""数学类、统计学类、计算机类"",""学历"":""本科及以上"",""学位"":""与最高学历相对应的学位"",""政治面貌"":""不限"",""基层工作最低年限"":""无限制"",""服务基层项目工作经历"":""无限制"",""是否在面试阶段组织专业能力测试"":""否"",""面试人员比例"":""3:1"",""工作地点"":""云南省普洱市澜沧拉祜族自治县"",""落户地点"":""云南省普洱市澜沧拉祜族自治县"",""备注"":""2025届高校毕业生，男性，本单位不提供宿舍，在本单位最低服务年限为5年"",""部门网站"":""http://yunnan.chinatax.gov.cn/"",""咨询电话1"":""0871-63121915"",""咨询电话2"":"""",""咨询电话3"":"""",""来源Sheet"":""中央国家行政机关省级以下直属机构""}}"
"government_jobs","国家公务员2025招考简章","公务员/事业单位技术岗位","云南省西双版纳傣族自治州勐海县","2026-07-28T09:12:58.310295+00:00","一级行政执法员（一）","国家税务总局云南省税务局","","云南省西双版纳傣族自治州勐海县","公务员/事业单位;2025;automation_robotics;computer_software;data_ai;electronics_communication;本科及以上;与最高学历相对应的学位;能源动力类、电子信息类、自动化类、计算机类;行政执法类","用人司局：国家税务总局勐海县税务局
职位简介：税收大数据分析
专业要求：能源动力类、电子信息类、自动化类、计算机类
学历要求：本科及以上
学位要求：与最高学历相对应的学位
政治面貌：不限
基层工作经历：无限制
考试类别：行政执法类
备注：2025届高校毕业生，女性，本单位不提供宿舍，在本单位最低服务年限为5年","https://www.xjhc.gov.cn/xjhc/c116834/202410/a29382e11a674da3be3353af65f9fcc5.shtml#130130-300110342001","2024-10-14","{""dataset_year"":2025,""job_uid"":""GOV-2025-130130-300110342001"",""publisher"":""国家公务员局"",""publication_page"":""https://www.xjhc.gov.cn/xjhc/c116834/202410/a29382e11a674da3be3353af65f9fcc5.shtml"",""attachment_url"":""https://www.xjhc.gov.cn/xjhc/c116834/202410/a29382e11a674da3be3353af65f9fcc5/files/0536cef86e2b46ddad6aae5a3780089e.xls"",""local_source_file"":""2025_guokao_zhaokaojianzhang.xls"",""local_source_sha256"":""07ae6cab368cd21b7a1ac3e8150fe9a3d39ad5171ce76135ff3cccfe50c3e77e"",""source_sheet"":""中央国家行政机关省级以下直属机构"",""filter_version"":""government_tech_v2"",""tech_filter"":{""is_tech"":true,""is_core_tech"":true,""scope"":""core"",""categories"":[""automation_robotics"",""computer_software"",""data_ai"",""electronics_communication""],""matched_fields"":[""major"",""description""],""major_terms"":[""电子信息类"",""自动化类"",""计算机类""],""role_terms"":[""大数据"",""数据分析""],""reason"":""tech_major_and_role""},""original"":{""部门代码"":""130130"",""部门名称"":""国家税务总局云南省税务局"",""用人司局"":""国家税务总局勐海县税务局"",""机构性质"":""中央国家行政机关省级以下直属机构"",""招考职位"":""一级行政执法员（一）"",""职位属性"":""普通职位"",""职位分布"":""西部地区和艰苦边远地区职位"",""职位简介"":""税收大数据分析"",""职位代码"":""300110342001"",""机构层级"":""县（区）级及以下"",""考试类别"":""行政执法类"",""招考人数"":""1"",""专业"":""能源动力类、电子信息类、自动化类、计算机类"",""学历"":""本科及以上"",""学位"":""与最高学历相对应的学位"",""政治面貌"":""不限"",""基层工作最低年限"":""无限制"",""服务基层项目工作经历"":""无限制"",""是否在面试阶段组织专业能力测试"":""否"",""面试人员比例"":""3:1"",""工作地点"":""云南省西双版纳傣族自治州勐海县"",""落户地点"":""云南省西双版纳傣族自治州勐海县"",""备注"":""2025届高校毕业生，女性，本单位不提供宿舍，在本单位最低服务年限为5年"",""部门网站"":""http://yunnan.chinatax.gov.cn/"",""咨询电话1"":""0871-63121915"",""咨询电话2"":"""",""咨询电话3"":"""",""来源Sheet"":""中央国家行政机关省级以下直属机构""}}"
"government_jobs","国家公务员2025招考简章","公务员/事业单位技术岗位","云南省西双版纳傣族自治州勐海县","2026-07-28T09:12:58.310295+00:00","一级行政执法员（二）","国家税务总局云南省税务局","","云南省西双版纳傣族自治州勐海县","公务员/事业单位;2025;automation_robotics;computer_software;data_ai;electronics_communication;本科及以上;与最高学历相对应的学位;能源动力类、电子信息类、自动化类、计算机类;行政执法类","用人司局：国家税务总局勐海县税务局
职位简介：税收大数据分析
专业要求：能源动力类、电子信息类、自动化类、计算机类
学历要求：本科及以上
学位要求：与最高学历相对应的学位
政治面貌：不限
基层工作经历：无限制
考试类别：行政执法类
备注：2025届高校毕业生，男性，本单位不提供宿舍，在本单位最低服务年限为5年","https://www.xjhc.gov.cn/xjhc/c116834/202410/a29382e11a674da3be3353af65f9fcc5.shtml#130130-300110342002","2024-10-14","{""dataset_year"":2025,""job_uid"":""GOV-2025-130130-300110342002"",""publisher"":""国家公务员局"",""publication_page"":""https://www.xjhc.gov.cn/xjhc/c116834/202410/a29382e11a674da3be3353af65f9fcc5.shtml"",""attachment_url"":""https://www.xjhc.gov.cn/xjhc/c116834/202410/a29382e11a674da3be3353af65f9fcc5/files/0536cef86e2b46ddad6aae5a3780089e.xls"",""local_source_file"":""2025_guokao_zhaokaojianzhang.xls"",""local_source_sha256"":""07ae6cab368cd21b7a1ac3e8150fe9a3d39ad5171ce76135ff3cccfe50c3e77e"",""source_sheet"":""中央国家行政机关省级以下直属机构"",""filter_version"":""government_tech_v2"",""tech_filter"":{""is_tech"":true,""is_core_tech"":true,""scope"":""core"",""categories"":[""automation_robotics"",""computer_software"",""data_ai"",""electronics_communication""],""matched_fields"":[""major"",""description""],""major_terms"":[""电子信息类"",""自动化类"",""计算机类""],""role_terms"":[""大数据"",""数据分析""],""reason"":""tech_major_and_role""},""original"":{""部门代码"":""130130"",""部门名称"":""国家税务总局云南省税务局"",""用人司局"":""国家税务总局勐海县税务局"",""机构性质"":""中央国家行政机关省级以下直属机构"",""招考职位"":""一级行政执法员（二）"",""职位属性"":""普通职位"",""职位分布"":""西部地区和艰苦边远地区职位"",""职位简介"":""税收大数据分析"",""职位代码"":""300110342002"",""机构层级"":""县（区）级及以下"",""考试类别"":""行政执法类"",""招考人数"":""1"",""专业"":""能源动力类、电子信息类、自动化类、计算机类"",""学历"":""本科及以上"",""学位"":""与最高学历相对应的学位"",""政治面貌"":""不限"",""基层工作最低年限"":""无限制"",""服务基层项目工作经历"":""无限制"",""是否在面试阶段组织专业能力测试"":""否"",""面试人员比例"":""3:1"",""工作地点"":""云南省西双版纳傣族自治州勐海县"",""落户地点"":""云南省西双版纳傣族自治州勐海县"",""备注"":""2025届高校毕业生，男性，本单位不提供宿舍，在本单位最低服务年限为5年"",""部门网站"":""http://yunnan.chinatax.gov.cn/"",""咨询电话1"":""0871-63121915"",""咨询电话2"":"""",""咨询电话3"":"""",""来源Sheet"":""中央国家行政机关省级以下直属机构""}}"
"government_jobs","国家公务员2025招考简章","公务员/事业单位技术岗位","云南省大理白族自治州漾濞彝族自治县","2026-07-28T09:12:58.310295+00:00","一级行政执法员（三）","国家税务总局云南省税务局","","云南省大理白族自治州漾濞彝族自治县","公务员/事业单位;2025;computer_software;data_ai;electronics_communication;本科及以上;与最高学历相对应的学位;电子信息类、计算机类、食品科学与工程类、植物动物生产类;行政执法类","用人司局：国家税务总局漾濞县税务局
职位简介：税收大数据分析
专业要求：电子信息类、计算机类、食品科学与工程类、植物动物生产类
学历要求：本科及以上
学位要求：与最高学历相对应的学位
政治面貌：不限
基层工作经历：无限制
考试类别：行政执法类
备注：女性，本单位不提供宿舍，在本单位最低服务年限为5年","https://www.xjhc.gov.cn/xjhc/c116834/202410/a29382e11a674da3be3353af65f9fcc5.shtml#130130-300110365003","2024-10-14","{""dataset_year"":2025,""job_uid"":""GOV-2025-130130-300110365003"",""publisher"":""国家公务员局"",""publication_page"":""https://www.xjhc.gov.cn/xjhc/c116834/202410/a29382e11a674da3be3353af65f9fcc5.shtml"",""attachment_url"":""https://www.xjhc.gov.cn/xjhc/c116834/202410/a29382e11a674da3be3353af65f9fcc5/files/0536cef86e2b46ddad6aae5a3780089e.xls"",""local_source_file"":""2025_guokao_zhaokaojianzhang.xls"",""local_source_sha256"":""07ae6cab368cd21b7a1ac3e8150fe9a3d39ad5171ce76135ff3cccfe50c3e77e"",""source_sheet"":""中央国家行政机关省级以下直属机构"",""filter_version"":""government_tech_v2"",""tech_filter"":{""is_tech"":true,""is_core_tech"":true,""scope"":""core"",""categories"":[""computer_software"",""data_ai"",""electronics_communication""],""matched_fields"":[""major"",""description""],""major_terms"":[""电子信息类"",""计算机类""],""role_terms"":[""大数据"",""数据分析""],""reason"":""tech_major_and_role""},""original"":{""部门代码"":""130130"",""部门名称"":""国家税务总局云南省税务局"",""用人司局"":""国家税务总局漾濞县税务局"",""机构性质"":""中央国家行政机关省级以下直属机构"",""招考职位"":""一级行政执法员（三）"",""职位属性"":""普通职位"",""职位分布"":""西部地区和艰苦边远地区职位"",""职位简介"":""税收大数据分析"",""职位代码"":""300110365003"",""机构层级"":""县（区）级及以下"",""考试类别"":""行政执法类"",""招考人数"":""1"",""专业"":""电子信息类、计算机类、食品科学与工程类、植物动物生产类"",""学历"":""本科及以上"",""学位"":""与最高学历相对应的学位"",""政治面貌"":""不限"",""基层工作最低年限"":""无限制"",""服务基层项目工作经历"":""无限制"",""是否在面试阶段组织专业能力测试"":""否"",""面试人员比例"":""3:1"",""工作地点"":""云南省大理白族自治州漾濞彝族自治县"",""落户地点"":""云南省大理白族自治州漾濞彝族自治县"",""备注"":""女性，本单位不提供宿舍，在本单位最低服务年限为5年"",""部门网站"":""http://yunnan.chinatax.gov.cn/"",""咨询电话1"":""0871-63121915"",""咨询电话2"":"""",""咨询电话3"":"""",""来源Sheet"":""中央国家行政机关省级以下直属机构""}}"
"government_jobs","国家公务员2025招考简章","公务员/事业单位技术岗位","云南省大理白族自治州漾濞彝族自治县","2026-07-28T09:12:58.310295+00:00","一级行政执法员（四）","国家税务总局云南省税务局","","云南省大理白族自治州漾濞彝族自治县","公务员/事业单位;2025;computer_software;data_ai;electronics_communication;本科及以上;与最高学历相对应的学位;电子信息类、计算机类、食品科学与工程类、植物动物生产类;行政执法类","用人司局：国家税务总局漾濞县税务局
职位简介：税收大数据分析
专业要求：电子信息类、计算机类、食品科学与工程类、植物动物生产类
学历要求：本科及以上
学位要求：与最高学历相对应的学位
政治面貌：不限
基层工作经历：无限制
考试类别：行政执法类
备注：男性，本单位不提供宿舍，在本单位最低服务年限为5年","https://www.xjhc.gov.cn/xjhc/c116834/202410/a29382e11a674da3be3353af65f9fcc5.shtml#130130-300110365004","2024-10-14","{""dataset_year"":2025,""job_uid"":""GOV-2025-130130-300110365004"",""publisher"":""国家公务员局"",""publication_page"":""https://www.xjhc.gov.cn/xjhc/c116834/202410/a29382e11a674da3be3353af65f9fcc5.shtml"",""attachment_url"":""https://www.xjhc.gov.cn/xjhc/c116834/202410/a29382e11a674da3be3353af65f9fcc5/files/0536cef86e2b46ddad6aae5a3780089e.xls"",""local_source_file"":""2025_guokao_zhaokaojianzhang.xls"",""local_source_sha256"":""07ae6cab368cd21b7a1ac3e8150fe9a3d39ad5171ce76135ff3cccfe50c3e77e"",""source_sheet"":""中央国家行政机关省级以下直属机构"",""filter_version"":""government_tech_v2"",""tech_filter"":{""is_tech"":true,""is_core_tech"":true,""scope"":""core"",""categories"":[""computer_software"",""data_ai"",""electronics_communication""],""matched_fields"":[""major"",""description""],""major_terms"":[""电子信息类"",""计算机类""],""role_terms"":[""大数据"",""数据分析""],""reason"":""tech_major_and_role""},""original"":{""部门代码"":""130130"",""部门名称"":""国家税务总局云南省税务局"",""用人司局"":""国家税务总局漾濞县税务局"",""机构性质"":""中央国家行政机关省级以下直属机构"",""招考职位"":""一级行政执法员（四）"",""职位属性"":""普通职位"",""职位分布"":""西部地区和艰苦边远地区职位"",""职位简介"":""税收大数据分析"",""职位代码"":""300110365004"",""机构层级"":""县（区）级及以下"",""考试类别"":""行政执法类"",""招考人数"":""1"",""专业"":""电子信息类、计算机类、食品科学与工程类、植物动物生产类"",""学历"":""本科及以上"",""学位"":""与最高学历相对应的学位"",""政治面貌"":""不限"",""基层工作最低年限"":""无限制"",""服务基层项目工作经历"":""无限制"",""是否在面试阶段组织专业能力测试"":""否"",""面试人员比例"":""3:1"",""工作地点"":""云南省大理白族自治州漾濞彝族自治县"",""落户地点"":""云南省大理白族自治州漾濞彝族自治县"",""备注"":""男性，本单位不提供宿舍，在本单位最低服务年限为5年"",""部门网站"":""http://yunnan.chinatax.gov.cn/"",""咨询电话1"":""0871-63121915"",""咨询电话2"":"""",""咨询电话3"":"""",""来源Sheet"":""中央国家行政机关省级以下直属机构""}}"
"government_jobs","国家公务员2025招考简章","公务员/事业单位技术岗位","云南省大理白族自治州宾川县","2026-07-28T09:12:58.310295+00:00","一级行政执法员（一）","国家税务总局云南省税务局","","云南省大理白族自治州宾川县","公务员/事业单位;2025;automation_robotics;computer_software;data_ai;electronics_communication;本科及以上;与最高学历相对应的学位;机械类、电子信息类、自动化类、计算机类;行政执法类","用人司局：国家税务总局宾川县税务局
职位简介：税收大数据分析
专业要求：机械类、电子信息类、自动化类、计算机类
学历要求：本科及以上
学位要求：与最高学历相对应的学位
政治面貌：不限
基层工作经历：无限制
考试类别：行政执法类
备注：2025届高校毕业生，女性，本单位不提供宿舍，在本单位最低服务年限为5年","https://www.xjhc.gov.cn/xjhc/c116834/202410/a29382e11a674da3be3353af65f9fcc5.shtml#130130-300110370001","2024-10-14","{""dataset_year"":2025,""job_uid"":""GOV-2025-130130-300110370001"",""publisher"":""国家公务员局"",""publication_page"":""https://www.xjhc.gov.cn/xjhc/c116834/202410/a29382e11a674da3be3353af65f9fcc5.shtml"",""attachment_url"":""https://www.xjhc.gov.cn/xjhc/c116834/202410/a29382e11a674da3be3353af65f9fcc5/files/0536cef86e2b46ddad6aae5a3780089e.xls"",""local_source_file"":""2025_guokao_zhaokaojianzhang.xls"",""local_source_sha256"":""07ae6cab368cd21b7a1ac3e8150fe9a3d39ad5171ce76135ff3cccfe50c3e77e"",""source_sheet"":""中央国家行政机关省级以下直属机构"",""filter_version"":""government_tech_v2"",""tech_filter"":{""is_tech"":true,""is_core_tech"":true,""scope"":""core"",""categories"":[""automation_robotics"",""computer_software"",""data_ai"",""electronics_communication""],""matched_fields"":[""major"",""description""],""major_terms"":[""电子信息类"",""自动化类"",""计算机类""],""role_terms"":[""大数据"",""数据分析""],""reason"":""tech_major_and_role""},""original"":{""部门代码"":""130130"",""部门名称"":""国家税务总局云南省税务局"",""用人司局"":""国家税务总局宾川县税务局"",""机构性质"":""中央国家行政机关省级以下直属机构"",""招考职位"":""一级行政执法员（一）"",""职位属性"":""普通职位"",""职位分布"":""西部地区和艰苦边远地区职位"",""职位简介"":""税收大数据分析"",""职位代码"":""300110370001"",""机构层级"":""县（区）级及以下"",""考试类别"":""行政执法类"",""招考人数"":""2"",""专业"":""机械类、电子信息类、自动化类、计算机类"",""学历"":""本科及以上"",""学位"":""与最高学历相对应的学位"",""政治面貌"":""不限"",""基层工作最低年限"":""无限制"",""服务基层项目工作经历"":""无限制"",""是否在面试阶段组织专业能力测试"":""否"",""面试人员比例"":""3:1"",""工作地点"":""云南省大理白族自治州宾川县"",""落户地点"":""云南省大理白族自治州宾川县"",""备注"":""2025届高校毕业生，女性，本单位不提供宿舍，在本单位最低服务年限为5年"",""部门网站"":""http://yunnan.chinatax.gov.cn/"",""咨询电话1"":""0871-63121915"",""咨询电话2"":"""",""咨询电话3"":"""",""来源Sheet"":""中央国家行政机关省级以下直属机构""}}"
"government_jobs","国家公务员2025招考简章","公务员/事业单位技术岗位","云南省大理白族自治州宾川县","2026-07-28T09:12:58.310295+00:00","一级行政执法员（二）","国家税务总局云南省税务局","","云南省大理白族自治州宾川县","公务员/事业单位;2025;automation_robotics;computer_software;data_ai;electronics_communication;本科及以上;与最高学历相对应的学位;机械类、电子信息类、自动化类、计算机类;行政执法类","用人司局：国家税务总局宾川县税务局
职位简介：税收大数据分析
专业要求：机械类、电子信息类、自动化类、计算机类
学历要求：本科及以上
学位要求：与最高学历相对应的学位
政治面貌：不限
基层工作经历：无限制
考试类别：行政执法类
备注：2025届高校毕业生，男性，本单位不提供宿舍，在本单位最低服务年限为5年","https://www.xjhc.gov.cn/xjhc/c116834/202410/a29382e11a674da3be3353af65f9fcc5.shtml#130130-300110370002","2024-10-14","{""dataset_year"":2025,""job_uid"":""GOV-2025-130130-300110370002"",""publisher"":""国家公务员局"",""publication_page"":""https://www.xjhc.gov.cn/xjhc/c116834/202410/a29382e11a674da3be3353af65f9fcc5.shtml"",""attachment_url"":""https://www.xjhc.gov.cn/xjhc/c116834/202410/a29382e11a674da3be3353af65f9fcc5/files/0536cef86e2b46ddad6aae5a3780089e.xls"",""local_source_file"":""2025_guokao_zhaokaojianzhang.xls"",""local_source_sha256"":""07ae6cab368cd21b7a1ac3e8150fe9a3d39ad5171ce76135ff3cccfe50c3e77e"",""source_sheet"":""中央国家行政机关省级以下直属机构"",""filter_version"":""government_tech_v2"",""tech_filter"":{""is_tech"":true,""is_core_tech"":true,""scope"":""core"",""categories"":[""automation_robotics"",""computer_software"",""data_ai"",""electronics_communication""],""matched_fields"":[""major"",""description""],""major_terms"":[""电子信息类"",""自动化类"",""计算机类""],""role_terms"":[""大数据"",""数据分析""],""reason"":""tech_major_and_role""},""original"":{""部门代码"":""130130"",""部门名称"":""国家税务总局云南省税务局"",""用人司局"":""国家税务总局宾川县税务局"",""机构性质"":""中央国家行政机关省级以下直属机构"",""招考职位"":""一级行政执法员（二）"",""职位属性"":""普通职位"",""职位分布"":""西部地区和艰苦边远地区职位"",""职位简介"":""税收大数据分析"",""职位代码"":""300110370002"",""机构层级"":""县（区）级及以下"",""考试类别"":""行政执法类"",""招考人数"":""2"",""专业"":""机械类、电子信息类、自动化类、计算机类"",""学历"":""本科及以上"",""学位"":""与最高学历相对应的学位"",""政治面貌"":""不限"",""基层工作最低年限"":""无限制"",""服务基层项目工作经历"":""无限制"",""是否在面试阶段组织专业能力测试"":""否"",""面试人员比例"":""3:1"",""工作地点"":""云南省大理白族自治州宾川县"",""落户地点"":""云南省大理白族自治州宾川县"",""备注"":""2025届高校毕业生，男性，本单位不提供宿舍，在本单位最低服务年限为5年"",""部门网站"":""http://yunnan.chinatax.gov.cn/"",""咨询电话1"":""0871-63121915"",""咨询电话2"":"""",""咨询电话3"":"""",""来源Sheet"":""中央国家行政机关省级以下直属机构""}}"
"government_jobs","国家公务员2025招考简章","公务员/事业单位技术岗位","云南省大理白族自治州弥渡县","2026-07-28T09:12:58.310295+00:00","一级行政执法员（三）","国家税务总局云南省税务局","","云南省大理白族自治州弥渡县","公务员/事业单位;2025;computer_software;data_ai;electronics_communication;本科及以上;与最高学历相对应的学位;心理学类、电气类、电子信息类、计算机类;行政执法类","用人司局：国家税务总局弥渡县税务局
职位简介：税收大数据分析
专业要求：心理学类、电气类、电子信息类、计算机类
学历要求：本科及以上
学位要求：与最高学历相对应的学位
政治面貌：不限
基层工作经历：无限制
考试类别：行政执法类
备注：女性，本单位不提供宿舍，在本单位最低服务年限为5年","https://www.xjhc.gov.cn/xjhc/c116834/202410/a29382e11a674da3be3353af65f9fcc5.shtml#130130-300110375003","2024-10-14","{""dataset_year"":2025,""job_uid"":""GOV-2025-130130-300110375003"",""publisher"":""国家公务员局"",""publication_page"":""https://www.xjhc.gov.cn/xjhc/c116834/202410/a29382e11a674da3be3353af65f9fcc5.shtml"",""attachment_url"":""https://www.xjhc.gov.cn/xjhc/c116834/202410/a29382e11a674da3be3353af65f9fcc5/files/0536cef86e2b46ddad6aae5a3780089e.xls"",""local_source_file"":""2025_guokao_zhaokaojianzhang.xls"",""local_source_sha256"":""07ae6cab368cd21b7a1ac3e8150fe9a3d39ad5171ce76135ff3cccfe50c3e77e"",""source_sheet"":""中央国家行政机关省级以下直属机构"",""filter_version"":""government_tech_v2"",""tech_filter"":{""is_tech"":true,""is_core_tech"":true,""scope"":""core"",""categories"":[""computer_software"",""data_ai"",""electronics_communication""],""matched_fields"":[""major"",""description""],""major_terms"":[""电子信息类"",""计算机类""],""role_terms"":[""大数据"",""数据分析""],""reason"":""tech_major_and_role""},""original"":{""部门代码"":""130130"",""部门名称"":""国家税务总局云南省税务局"",""用人司局"":""国家税务总局弥渡县税务局"",""机构性质"":""中央国家行政机关省级以下直属机构"",""招考职位"":""一级行政执法员（三）"",""职位属性"":""普通职位"",""职位分布"":""西部地区和艰苦边远地区职位"",""职位简介"":""税收大数据分析"",""职位代码"":""300110375003"",""机构层级"":""县（区）级及以下"",""考试类别"":""行政执法类"",""招考人数"":""1"",""专业"":""心理学类、电气类、电子信息类、计算机类"",""学历"":""本科及以上"",""学位"":""与最高学历相对应的学位"",""政治面貌"":""不限"",""基层工作最低年限"":""无限制"",""服务基层项目工作经历"":""无限制"",""是否在面试阶段组织专业能力测试"":""否"",""面试人员比例"":""3:1"",""工作地点"":""云南省大理白族自治州弥渡县"",""落户地点"":""云南省大理白族自治州弥渡县"",""备注"":""女性，本单位不提供宿舍，在本单位最低服务年限为5年"",""部门网站"":""http://yunnan.chinatax.gov.cn/"",""咨询电话1"":""0871-63121915"",""咨询电话2"":"""",""咨询电话3"":"""",""来源Sheet"":""中央国家行政机关省级以下直属机构""}}"
"government_jobs","国家公务员2025招考简章","公务员/事业单位技术岗位","云南省大理白族自治州弥渡县","2026-07-28T09:12:58.310295+00:00","一级行政执法员（四）","国家税务总局云南省税务局","","云南省大理白族自治州弥渡县","公务员/事业单位;2025;computer_software;data_ai;electronics_communication;本科及以上;与最高学历相对应的学位;心理学类、电气类、电子信息类、计算机类;行政执法类","用人司局：国家税务总局弥渡县税务局
职位简介：税收大数据分析
专业要求：心理学类、电气类、电子信息类、计算机类
学历要求：本科及以上
学位要求：与最高学历相对应的学位
政治面貌：不限
基层工作经历：无限制
考试类别：行政执法类
备注：男性，本单位不提供宿舍，在本单位最低服务年限为5年","https://www.xjhc.gov.cn/xjhc/c116834/202410/a29382e11a674da3be3353af65f9fcc5.shtml#130130-300110375004","2024-10-14","{""dataset_year"":2025,""job_uid"":""GOV-2025-130130-300110375004"",""publisher"":""国家公务员局"",""publication_page"":""https://www.xjhc.gov.cn/xjhc/c116834/202410/a29382e11a674da3be3353af65f9fcc5.shtml"",""attachment_url"":""https://www.xjhc.gov.cn/xjhc/c116834/202410/a29382e11a674da3be3353af65f9fcc5/files/0536cef86e2b46ddad6aae5a3780089e.xls"",""local_source_file"":""2025_guokao_zhaokaojianzhang.xls"",""local_source_sha256"":""07ae6cab368cd21b7a1ac3e8150fe9a3d39ad5171ce76135ff3cccfe50c3e77e"",""source_sheet"":""中央国家行政机关省级以下直属机构"",""filter_version"":""government_tech_v2"",""tech_filter"":{""is_tech"":true,""is_core_tech"":true,""scope"":""core"",""categories"":[""computer_software"",""data_ai"",""electronics_communication""],""matched_fields"":[""major"",""description""],""major_terms"":[""电子信息类"",""计算机类""],""role_terms"":[""大数据"",""数据分析""],""reason"":""tech_major_and_role""},""original"":{""部门代码"":""130130"",""部门名称"":""国家税务总局云南省税务局"",""用人司局"":""国家税务总局弥渡县税务局"",""机构性质"":""中央国家行政机关省级以下直属机构"",""招考职位"":""一级行政执法员（四）"",""职位属性"":""普通职位"",""职位分布"":""西部地区和艰苦边远地区职位"",""职位简介"":""税收大数据分析"",""职位代码"":""300110375004"",""机构层级"":""县（区）级及以下"",""考试类别"":""行政执法类"",""招考人数"":""1"",""专业"":""心理学类、电气类、电子信息类、计算机类"",""学历"":""本科及以上"",""学位"":""与最高学历相对应的学位"",""政治面貌"":""不限"",""基层工作最低年限"":""无限制"",""服务基层项目工作经历"":""无限制"",""是否在面试阶段组织专业能力测试"":""否"",""面试人员比例"":""3:1"",""工作地点"":""云南省大理白族自治州弥渡县"",""落户地点"":""云南省大理白族自治州弥渡县"",""备注"":""男性，本单位不提供宿舍，在本单位最低服务年限为5年"",""部门网站"":""http://yunnan.chinatax.gov.cn/"",""咨询电话1"":""0871-63121915"",""咨询电话2"":"""",""咨询电话3"":"""",""来源Sheet"":""中央国家行政机关省级以下直属机构""}}"
"government_jobs","国家公务员2025招考简章","公务员/事业单位技术岗位","云南省大理白族自治州巍山彝族回族自治县","2026-07-28T09:12:58.310295+00:00","一级行政执法员（五）","国家税务总局云南省税务局","","云南省大理白族自治州巍山彝族回族自治县","公务员/事业单位;2025;automation_robotics;computer_software;data_ai;electronics_communication;本科及以上;与最高学历相对应的学位;统计学类、电子信息类、自动化类、计算机类;行政执法类","用人司局：国家税务总局巍山县税务局
职位简介：税收大数据分析
专业要求：统计学类、电子信息类、自动化类、计算机类
学历要求：本科及以上
学位要求：与最高学历相对应的学位
政治面貌：不限
基层工作经历：无限制
考试类别：行政执法类
备注：2025届高校毕业生，本单位不提供宿舍，在本单位最低服务年限为5年","https://www.xjhc.gov.cn/xjhc/c116834/202410/a29382e11a674da3be3353af65f9fcc5.shtml#130130-300110385005","2024-10-14","{""dataset_year"":2025,""job_uid"":""GOV-2025-130130-300110385005"",""publisher"":""国家公务员局"",""publication_page"":""https://www.xjhc.gov.cn/xjhc/c116834/202410/a29382e11a674da3be3353af65f9fcc5.shtml"",""attachment_url"":""https://www.xjhc.gov.cn/xjhc/c116834/202410/a29382e11a674da3be3353af65f9fcc5/files/0536cef86e2b46ddad6aae5a3780089e.xls"",""local_source_file"":""2025_guokao_zhaokaojianzhang.xls"",""local_source_sha256"":""07ae6cab368cd21b7a1ac3e8150fe9a3d39ad5171ce76135ff3cccfe50c3e77e"",""source_sheet"":""中央国家行政机关省级以下直属机构"",""filter_version"":""government_tech_v2"",""tech_filter"":{""is_tech"":true,""is_core_tech"":true,""scope"":""core"",""categories"":[""automation_robotics"",""computer_software"",""data_ai"",""electronics_communication""],""matched_fields"":[""major"",""description""],""major_terms"":[""电子信息类"",""自动化类"",""计算机类""],""role_terms"":[""大数据"",""数据分析""],""reason"":""tech_major_and_role""},""original"":{""部门代码"":""130130"",""部门名称"":""国家税务总局云南省税务局"",""用人司局"":""国家税务总局巍山县税务局"",""机构性质"":""中央国家行政机关省级以下直属机构"",""招考职位"":""一级行政执法员（五）"",""职位属性"":""普通职位"",""职位分布"":""西部地区和艰苦边远地区职位"",""职位简介"":""税收大数据分析"",""职位代码"":""300110385005"",""机构层级"":""县（区）级及以下"",""考试类别"":""行政执法类"",""招考人数"":""2"",""专业"":""统计学类、电子信息类、自动化类、计算机类"",""学历"":""本科及以上"",""学位"":""与最高学历相对应的学位"",""政治面貌"":""不限"",""基层工作最低年限"":""无限制"",""服务基层项目工作经历"":""无限制"",""是否在面试阶段组织专业能力测试"":""否"",""面试人员比例"":""3:1"",""工作地点"":""云南省大理白族自治州巍山彝族回族自治县"",""落户地点"":""云南省大理白族自治州巍山彝族回族自治县"",""备注"":""2025届高校毕业生，本单位不提供宿舍，在本单位最低服务年限为5年"",""部门网站"":""http://yunnan.chinatax.gov.cn/"",""咨询电话1"":""0871-63121915"",""咨询电话2"":"""",""咨询电话3"":"""",""来源Sheet"":""中央国家行政机关省级以下直属机构""}}"
"government_jobs","国家公务员2025招考简章","公务员/事业单位技术岗位","云南省大理白族自治州永平县","2026-07-28T09:12:58.310295+00:00","一级行政执法员（五）","国家税务总局云南省税务局","","云南省大理白族自治州永平县","公务员/事业单位;2025;computer_software;data_ai;electronics_communication;本科及以上;与最高学历相对应的学位;力学类、电子信息类、计算机类、航空航天类;行政执法类","用人司局：国家税务总局永平县税务局
职位简介：税收大数据分析
专业要求：力学类、电子信息类、计算机类、航空航天类
学历要求：本科及以上
学位要求：与最高学历相对应的学位
政治面貌：不限
基层工作经历：无限制
考试类别：行政执法类
备注：2025届高校毕业生，本单位不提供宿舍，在本单位最低服务年限为5年","https://www.xjhc.gov.cn/xjhc/c116834/202410/a29382e11a674da3be3353af65f9fcc5.shtml#130130-300110390005","2024-10-14","{""dataset_year"":2025,""job_uid"":""GOV-2025-130130-300110390005"",""publisher"":""国家公务员局"",""publication_page"":""https://www.xjhc.gov.cn/xjhc/c116834/202410/a29382e11a674da3be3353af65f9fcc5.shtml"",""attachment_url"":""https://www.xjhc.gov.cn/xjhc/c116834/202410/a29382e11a674da3be3353af65f9fcc5/files/0536cef86e2b46ddad6aae5a3780089e.xls"",""local_source_file"":""2025_guokao_zhaokaojianzhang.xls"",""local_source_sha256"":""07ae6cab368cd21b7a1ac3e8150fe9a3d39ad5171ce76135ff3cccfe50c3e77e"",""source_sheet"":""中央国家行政机关省级以下直属机构"",""filter_version"":""government_tech_v2"",""tech_filter"":{""is_tech"":true,""is_core_tech"":true,""scope"":""core"",""categories"":[""computer_software"",""data_ai"",""electronics_communication""],""matched_fields"":[""major"",""description""],""major_terms"":[""电子信息类"",""计算机类""],""role_terms"":[""大数据"",""数据分析""],""reason"":""tech_major_and_role""},""original"":{""部门代码"":""130130"",""部门名称"":""国家税务总局云南省税务局"",""用人司局"":""国家税务总局永平县税务局"",""机构性质"":""中央国家行政机关省级以下直属机构"",""招考职位"":""一级行政执法员（五）"",""职位属性"":""普通职位"",""职位分布"":""西部地区和艰苦边远地区职位"",""职位简介"":""税收大数据分析"",""职位代码"":""300110390005"",""机构层级"":""县（区）级及以下"",""考试类别"":""行政执法类"",""招考人数"":""2"",""专业"":""力学类、电子信息类、计算机类、航空航天类"",""学历"":""本科及以上"",""学位"":""与最高学历相对应的学位"",""政治面貌"":""不限"",""基层工作最低年限"":""无限制"",""服务基层项目工作经历"":""无限制"",""是否在面试阶段组织专业能力测试"":""否"",""面试人员比例"":""3:1"",""工作地点"":""云南省大理白族自治州永平县"",""落户地点"":""云南省大理白族自治州永平县"",""备注"":""2025届高校毕业生，本单位不提供宿舍，在本单位最低服务年限为5年"",""部门网站"":""http://yunnan.chinatax.gov.cn/"",""咨询电话1"":""0871-63121915"",""咨询电话2"":"""",""咨询电话3"":"""",""来源Sheet"":""中央国家行政机关省级以下直属机构""}}"
"government_jobs","国家公务员2025招考简章","公务员/事业单位技术岗位","云南省大理白族自治州云龙县","2026-07-28T09:12:58.310295+00:00","一级行政执法员（三）","国家税务总局云南省税务局","","云南省大理白族自治州云龙县","公务员/事业单位;2025;automation_robotics;computer_software;data_ai;electronics_communication;本科及以上;与最高学历相对应的学位;电气类、电子信息类、自动化类、计算机类;行政执法类","用人司局：国家税务总局云龙县税务局
职位简介：税收大数据分析
专业要求：电气类、电子信息类、自动化类、计算机类
学历要求：本科及以上
学位要求：与最高学历相对应的学位
政治面貌：不限
基层工作经历：无限制
考试类别：行政执法类
备注：2025届高校毕业生，本单位不提供宿舍，在本单位最低服务年限为5年","https://www.xjhc.gov.cn/xjhc/c116834/202410/a29382e11a674da3be3353af65f9fcc5.shtml#130130-300110395003","2024-10-14","{""dataset_year"":2025,""job_uid"":""GOV-2025-130130-300110395003"",""publisher"":""国家公务员局"",""publication_page"":""https://www.xjhc.gov.cn/xjhc/c116834/202410/a29382e11a674da3be3353af65f9fcc5.shtml"",""attachment_url"":""https://www.xjhc.gov.cn/xjhc/c116834/202410/a29382e11a674da3be3353af65f9fcc5/files/0536cef86e2b46ddad6aae5a3780089e.xls"",""local_source_file"":""2025_guokao_zhaokaojianzhang.xls"",""local_source_sha256"":""07ae6cab368cd21b7a1ac3e8150fe9a3d39ad5171ce76135ff3cccfe50c3e77e"",""source_sheet"":""中央国家行政机关省级以下直属机构"",""filter_version"":""government_tech_v2"",""tech_filter"":{""is_tech"":true,""is_core_tech"":true,""scope"":""core"",""categories"":[""automation_robotics"",""computer_software"",""data_ai"",""electronics_communication""],""matched_fields"":[""major"",""description""],""major_terms"":[""电子信息类"",""自动化类"",""计算机类""],""role_terms"":[""大数据"",""数据分析""],""reason"":""tech_major_and_role""},""original"":{""部门代码"":""130130"",""部门名称"":""国家税务总局云南省税务局"",""用人司局"":""国家税务总局云龙县税务局"",""机构性质"":""中央国家行政机关省级以下直属机构"",""招考职位"":""一级行政执法员（三）"",""职位属性"":""普通职位"",""职位分布"":""西部地区和艰苦边远地区职位"",""职位简介"":""税收大数据分析"",""职位代码"":""300110395003"",""机构层级"":""县（区）级及以下"",""考试类别"":""行政执法类"",""招考人数"":""2"",""专业"":""电气类、电子信息类、自动化类、计算机类"",""学历"":""本科及以上"",""学位"":""与最高学历相对应的学位"",""政治面貌"":""不限"",""基层工作最低年限"":""无限制"",""服务基层项目工作经历"":""无限制"",""是否在面试阶段组织专业能力测试"":""否"",""面试人员比例"":""3:1"",""工作地点"":""云南省大理白族自治州云龙县"",""落户地点"":""云南省大理白族自治州云龙县"",""备注"":""2025届高校毕业生，本单位不提供宿舍，在本单位最低服务年限为5年"",""部门网站"":""http://yunnan.chinatax.gov.cn/"",""咨询电话1"":""0871-63121915"",""咨询电话2"":"""",""咨询电话3"":"""",""来源Sheet"":""中央国家行政机关省级以下直属机构""}}"
"government_jobs","国家公务员2025招考简章","公务员/事业单位技术岗位","云南省大理白族自治州洱源县","2026-07-28T09:12:58.310295+00:00","一级行政执法员（五）","国家税务总局云南省税务局","","云南省大理白族自治州洱源县","公务员/事业单位;2025;computer_software;data_ai;electronics_communication;本科及以上;与最高学历相对应的学位;能源动力类、电子信息类、计算机类、航空航天类;行政执法类","用人司局：国家税务总局洱源县税务局
职位简介：税收大数据分析
专业要求：能源动力类、电子信息类、计算机类、航空航天类
学历要求：本科及以上
学位要求：与最高学历相对应的学位
政治面貌：不限
基层工作经历：无限制
考试类别：行政执法类
备注：2025届高校毕业生，本单位不提供宿舍，在本单位最低服务年限为5年","https://www.xjhc.gov.cn/xjhc/c116834/202410/a29382e11a674da3be3353af65f9fcc5.shtml#130130-300110400005","2024-10-14","{""dataset_year"":2025,""job_uid"":""GOV-2025-130130-300110400005"",""publisher"":""国家公务员局"",""publication_page"":""https://www.xjhc.gov.cn/xjhc/c116834/202410/a29382e11a674da3be3353af65f9fcc5.shtml"",""attachment_url"":""https://www.xjhc.gov.cn/xjhc/c116834/202410/a29382e11a674da3be3353af65f9fcc5/files/0536cef86e2b46ddad6aae5a3780089e.xls"",""local_source_file"":""2025_guokao_zhaokaojianzhang.xls"",""local_source_sha256"":""07ae6cab368cd21b7a1ac3e8150fe9a3d39ad5171ce76135ff3cccfe50c3e77e"",""source_sheet"":""中央国家行政机关省级以下直属机构"",""filter_version"":""government_tech_v2"",""tech_filter"":{""is_tech"":true,""is_core_tech"":true,""scope"":""core"",""categories"":[""computer_software"",""data_ai"",""electronics_communication""],""matched_fields"":[""major"",""description""],""major_terms"":[""电子信息类"",""计算机类""],""role_terms"":[""大数据"",""数据分析""],""reason"":""tech_major_and_role""},""original"":{""部门代码"":""130130"",""部门名称"":""国家税务总局云南省税务局"",""用人司局"":""国家税务总局洱源县税务局"",""机构性质"":""中央国家行政机关省级以下直属机构"",""招考职位"":""一级行政执法员（五）"",""职位属性"":""普通职位"",""职位分布"":""西部地区和艰苦边远地区职位"",""职位简介"":""税收大数据分析"",""职位代码"":""300110400005"",""机构层级"":""县（区）级及以下"",""考试类别"":""行政执法类"",""招考人数"":""1"",""专业"":""能源动力类、电子信息类、计算机类、航空航天类"",""学历"":""本科及以上"",""学位"":""与最高学历相对应的学位"",""政治面貌"":""不限"",""基层工作最低年限"":""无限制"",""服务基层项目工作经历"":""无限制"",""是否在面试阶段组织专业能力测试"":""否"",""面试人员比例"":""3:1"",""工作地点"":""云南省大理白族自治州洱源县"",""落户地点"":""云南省大理白族自治州洱源县"",""备注"":""2025届高校毕业生，本单位不提供宿舍，在本单位最低服务年限为5年"",""部门网站"":""http://yunnan.chinatax.gov.cn/"",""咨询电话1"":""0871-63121915"",""咨询电话2"":"""",""咨询电话3"":"""",""来源Sheet"":""中央国家行政机关省级以下直属机构""}}"
"government_jobs","国家公务员2025招考简章","公务员/事业单位技术岗位","云南省大理白族自治州大理市","2026-07-28T09:12:58.310295+00:00","一级行政执法员（一）","国家税务总局云南省税务局","","云南省大理白族自治州大理市","公务员/事业单位;2025;computer_software;data_ai;electronics_communication;本科及以上;与最高学历相对应的学位;材料类、能源动力类、电子信息类、计算机类;行政执法类","用人司局：国家税务总局大理经济技术开发区税务局
职位简介：税收大数据分析
专业要求：材料类、能源动力类、电子信息类、计算机类
学历要求：本科及以上
学位要求：与最高学历相对应的学位
政治面貌：不限
基层工作经历：无限制
考试类别：行政执法类
备注：2025届高校毕业生，女性，本单位不提供宿舍，在本单位最低服务年限为5年","https://www.xjhc.gov.cn/xjhc/c116834/202410/a29382e11a674da3be3353af65f9fcc5.shtml#130130-300110412001","2024-10-14","{""dataset_year"":2025,""job_uid"":""GOV-2025-130130-300110412001"",""publisher"":""国家公务员局"",""publication_page"":""https://www.xjhc.gov.cn/xjhc/c116834/202410/a29382e11a674da3be3353af65f9fcc5.shtml"",""attachment_url"":""https://www.xjhc.gov.cn/xjhc/c116834/202410/a29382e11a674da3be3353af65f9fcc5/files/0536cef86e2b46ddad6aae5a3780089e.xls"",""local_source_file"":""2025_guokao_zhaokaojianzhang.xls"",""local_source_sha256"":""07ae6cab368cd21b7a1ac3e8150fe9a3d39ad5171ce76135ff3cccfe50c3e77e"",""source_sheet"":""中央国家行政机关省级以下直属机构"",""filter_version"":""government_tech_v2"",""tech_filter"":{""is_tech"":true,""is_core_tech"":true,""scope"":""core"",""categories"":[""computer_software"",""data_ai"",""electronics_communication""],""matched_fields"":[""major"",""description""],""major_terms"":[""电子信息类"",""计算机类""],""role_terms"":[""大数据"",""数据分析""],""reason"":""tech_major_and_role""},""original"":{""部门代码"":""130130"",""部门名称"":""国家税务总局云南省税务局"",""用人司局"":""国家税务总局大理经济技术开发区税务局"",""机构性质"":""中央国家行政机关省级以下直属机构"",""招考职位"":""一级行政执法员（一）"",""职位属性"":""普通职位"",""职位分布"":""西部地区和艰苦边远地区职位"",""职位简介"":""税收大数据分析"",""职位代码"":""300110412001"",""机构层级"":""县（区）级及以下"",""考试类别"":""行政执法类"",""招考人数"":""1"",""专业"":""材料类、能源动力类、电子信息类、计算机类"",""学历"":""本科及以上"",""学位"":""与最高学历相对应的学位"",""政治面貌"":""不限"",""基层工作最低年限"":""无限制"",""服务基层项目工作经历"":""无限制"",""是否在面试阶段组织专业能力测试"":""否"",""面试人员比例"":""3:1"",""工作地点"":""云南省大理白族自治州大理市"",""落户地点"":""云南省大理白族自治州大理市"",""备注"":""2025届高校毕业生，女性，本单位不提供宿舍，在本单位最低服务年限为5年"",""部门网站"":""http://yunnan.chinatax.gov.cn/"",""咨询电话1"":""0871-63121915"",""咨询电话2"":"""",""咨询电话3"":"""",""来源Sheet"":""中央国家行政机关省级以下直属机构""}}"
"government_jobs","国家公务员2025招考简章","公务员/事业单位技术岗位","云南省大理白族自治州大理市","2026-07-28T09:12:58.310295+00:00","一级行政执法员（二）","国家税务总局云南省税务局","","云南省大理白族自治州大理市","公务员/事业单位;2025;computer_software;data_ai;electronics_communication;本科及以上;与最高学历相对应的学位;材料类、能源动力类、电子信息类、计算机类;行政执法类","用人司局：国家税务总局大理经济技术开发区税务局
职位简介：税收大数据分析
专业要求：材料类、能源动力类、电子信息类、计算机类
学历要求：本科及以上
学位要求：与最高学历相对应的学位
政治面貌：不限
基层工作经历：无限制
考试类别：行政执法类
备注：2025届高校毕业生，男性，本单位不提供宿舍，在本单位最低服务年限为5年","https://www.xjhc.gov.cn/xjhc/c116834/202410/a29382e11a674da3be3353af65f9fcc5.shtml#130130-300110412002","2024-10-14","{""dataset_year"":2025,""job_uid"":""GOV-2025-130130-300110412002"",""publisher"":""国家公务员局"",""publication_page"":""https://www.xjhc.gov.cn/xjhc/c116834/202410/a29382e11a674da3be3353af65f9fcc5.shtml"",""attachment_url"":""https://www.xjhc.gov.cn/xjhc/c116834/202410/a29382e11a674da3be3353af65f9fcc5/files/0536cef86e2b46ddad6aae5a3780089e.xls"",""local_source_file"":""2025_guokao_zhaokaojianzhang.xls"",""local_source_sha256"":""07ae6cab368cd21b7a1ac3e8150fe9a3d39ad5171ce76135ff3cccfe50c3e77e"",""source_sheet"":""中央国家行政机关省级以下直属机构"",""filter_version"":""government_tech_v2"",""tech_filter"":{""is_tech"":true,""is_core_tech"":true,""scope"":""core"",""categories"":[""computer_software"",""data_ai"",""electronics_communication""],""matched_fields"":[""major"",""description""],""major_terms"":[""电子信息类"",""计算机类""],""role_terms"":[""大数据"",""数据分析""],""reason"":""tech_major_and_role""},""original"":{""部门代码"":""130130"",""部门名称"":""国家税务总局云南省税务局"",""用人司局"":""国家税务总局大理经济技术开发区税务局"",""机构性质"":""中央国家行政机关省级以下直属机构"",""招考职位"":""一级行政执法员（二）"",""职位属性"":""普通职位"",""职位分布"":""西部地区和艰苦边远地区职位"",""职位简介"":""税收大数据分析"",""职位代码"":""300110412002"",""机构层级"":""县（区）级及以下"",""考试类别"":""行政执法类"",""招考人数"":""1"",""专业"":""材料类、能源动力类、电子信息类、计算机类"",""学历"":""本科及以上"",""学位"":""与最高学历相对应的学位"",""政治面貌"":""不限"",""基层工作最低年限"":""无限制"",""服务基层项目工作经历"":""无限制"",""是否在面试阶段组织专业能力测试"":""否"",""面试人员比例"":""3:1"",""工作地点"":""云南省大理白族自治州大理市"",""落户地点"":""云南省大理白族自治州大理市"",""备注"":""2025届高校毕业生，男性，本单位不提供宿舍，在本单位最低服务年限为5年"",""部门网站"":""http://yunnan.chinatax.gov.cn/"",""咨询电话1"":""0871-63121915"",""咨询电话2"":"""",""咨询电话3"":"""",""来源Sheet"":""中央国家行政机关省级以下直属机构""}}"
"government_jobs","国家公务员2025招考简章","公务员/事业单位技术岗位","云南省大理白族自治州大理市","2026-07-28T09:12:58.310295+00:00","一级主办及以下（一）","国家税务总局云南省税务局","","云南省大理白族自治州大理市","公务员/事业单位;2025;computer_software;data_ai;electronics_communication;硕士研究生及以上;与最高学历相对应的学位;数学类、统计学类、电子信息类、计算机类;行政执法类","用人司局：国家税务总局大理经济技术开发区税务局
职位简介：税收大数据分析
专业要求：数学类、统计学类、电子信息类、计算机类
学历要求：硕士研究生及以上
学位要求：与最高学历相对应的学位
政治面貌：不限
基层工作经历：无限制
考试类别：行政执法类
备注：应届高校毕业生，女性，本单位不提供宿舍，在本单位最低服务年限为5年","https://www.xjhc.gov.cn/xjhc/c116834/202410/a29382e11a674da3be3353af65f9fcc5.shtml#130130-300110412006","2024-10-14","{""dataset_year"":2025,""job_uid"":""GOV-2025-130130-300110412006"",""publisher"":""国家公务员局"",""publication_page"":""https://www.xjhc.gov.cn/xjhc/c116834/202410/a29382e11a674da3be3353af65f9fcc5.shtml"",""attachment_url"":""https://www.xjhc.gov.cn/xjhc/c116834/202410/a29382e11a674da3be3353af65f9fcc5/files/0536cef86e2b46ddad6aae5a3780089e.xls"",""local_source_file"":""2025_guokao_zhaokaojianzhang.xls"",""local_source_sha256"":""07ae6cab368cd21b7a1ac3e8150fe9a3d39ad5171ce76135ff3cccfe50c3e77e"",""source_sheet"":""中央国家行政机关省级以下直属机构"",""filter_version"":""government_tech_v2"",""tech_filter"":{""is_tech"":true,""is_core_tech"":true,""scope"":""core"",""categories"":[""computer_software"",""data_ai"",""electronics_communication""],""matched_fields"":[""major"",""description""],""major_terms"":[""电子信息类"",""计算机类""],""role_terms"":[""大数据"",""数据分析""],""reason"":""tech_major_and_role""},""original"":{""部门代码"":""130130"",""部门名称"":""国家税务总局云南省税务局"",""用人司局"":""国家税务总局大理经济技术开发区税务局"",""机构性质"":""中央国家行政机关省级以下直属机构"",""招考职位"":""一级主办及以下（一）"",""职位属性"":""普通职位"",""职位分布"":""西部地区和艰苦边远地区职位"",""职位简介"":""税收大数据分析"",""职位代码"":""300110412006"",""机构层级"":""县（区）级及以下"",""考试类别"":""行政执法类"",""招考人数"":""1"",""专业"":""数学类、统计学类、电子信息类、计算机类"",""学历"":""硕士研究生及以上"",""学位"":""与最高学历相对应的学位"",""政治面貌"":""不限"",""基层工作最低年限"":""无限制"",""服务基层项目工作经历"":""无限制"",""是否在面试阶段组织专业能力测试"":""否"",""面试人员比例"":""3:1"",""工作地点"":""云南省大理白族自治州大理市"",""落户地点"":""云南省大理白族自治州大理市"",""备注"":""应届高校毕业生，女性，本单位不提供宿舍，在本单位最低服务年限为5年"",""部门网站"":""http://yunnan.chinatax.gov.cn/"",""咨询电话1"":""0871-63121915"",""咨询电话2"":"""",""咨询电话3"":"""",""来源Sheet"":""中央国家行政机关省级以下直属机构""}}"
"government_jobs","国家公务员2025招考简章","公务员/事业单位技术岗位","云南省大理白族自治州大理市","2026-07-28T09:12:58.310295+00:00","一级主办及以下（二）","国家税务总局云南省税务局","","云南省大理白族自治州大理市","公务员/事业单位;2025;computer_software;data_ai;electronics_communication;硕士研究生及以上;与最高学历相对应的学位;数学类、统计学类、电子信息类、计算机类;行政执法类","用人司局：国家税务总局大理经济技术开发区税务局
职位简介：税收大数据分析
专业要求：数学类、统计学类、电子信息类、计算机类
学历要求：硕士研究生及以上
学位要求：与最高学历相对应的学位
政治面貌：不限
基层工作经历：无限制
考试类别：行政执法类
备注：应届高校毕业生，男性，本单位不提供宿舍，在本单位最低服务年限为5年","https://www.xjhc.gov.cn/xjhc/c116834/202410/a29382e11a674da3be3353af65f9fcc5.shtml#130130-300110412007","2024-10-14","{""dataset_year"":2025,""job_uid"":""GOV-2025-130130-300110412007"",""publisher"":""国家公务员局"",""publication_page"":""https://www.xjhc.gov.cn/xjhc/c116834/202410/a29382e11a674da3be3353af65f9fcc5.shtml"",""attachment_url"":""https://www.xjhc.gov.cn/xjhc/c116834/202410/a29382e11a674da3be3353af65f9fcc5/files/0536cef86e2b46ddad6aae5a3780089e.xls"",""local_source_file"":""2025_guokao_zhaokaojianzhang.xls"",""local_source_sha256"":""07ae6cab368cd21b7a1ac3e8150fe9a3d39ad5171ce76135ff3cccfe50c3e77e"",""source_sheet"":""中央国家行政机关省级以下直属机构"",""filter_version"":""government_tech_v2"",""tech_filter"":{""is_tech"":true,""is_core_tech"":true,""scope"":""core"",""categories"":[""computer_software"",""data_ai"",""electronics_communication""],""matched_fields"":[""major"",""description""],""major_terms"":[""电子信息类"",""计算机类""],""role_terms"":[""大数据"",""数据分析""],""reason"":""tech_major_and_role""},""original"":{""部门代码"":""130130"",""部门名称"":""国家税务总局云南省税务局"",""用人司局"":""国家税务总局大理经济技术开发区税务局"",""机构性质"":""中央国家行政机关省级以下直属机构"",""招考职位"":""一级主办及以下（二）"",""职位属性"":""普通职位"",""职位分布"":""西部地区和艰苦边远地区职位"",""职位简介"":""税收大数据分析"",""职位代码"":""300110412007"",""机构层级"":""县（区）级及以下"",""考试类别"":""行政执法类"",""招考人数"":""1"",""专业"":""数学类、统计学类、电子信息类、计算机类"",""学历"":""硕士研究生及以上"",""学位"":""与最高学历相对应的学位"",""政治面貌"":""不限"",""基层工作最低年限"":""无限制"",""服务基层项目工作经历"":""无限制"",""是否在面试阶段组织专业能力测试"":""否"",""面试人员比例"":""3:1"",""工作地点"":""云南省大理白族自治州大理市"",""落户地点"":""云南省大理白族自治州大理市"",""备注"":""应届高校毕业生，男性，本单位不提供宿舍，在本单位最低服务年限为5年"",""部门网站"":""http://yunnan.chinatax.gov.cn/"",""咨询电话1"":""0871-63121915"",""咨询电话2"":"""",""咨询电话3"":"""",""来源Sheet"":""中央国家行政机关省级以下直属机构""}}"
"government_jobs","国家公务员2025招考简章","公务员/事业单位技术岗位","云南省保山市隆阳区","2026-07-28T09:12:58.310295+00:00","一级行政执法员（五）","国家税务总局云南省税务局","","云南省保山市隆阳区","公务员/事业单位;2025;computer_software;data_ai;本科及以上;与最高学历相对应的学位;数学类、统计学类、计算机类;行政执法类","用人司局：国家税务总局保山市隆阳区税务局
职位简介：税收大数据分析
专业要求：数学类、统计学类、计算机类
学历要求：本科及以上
学位要求：与最高学历相对应的学位
政治面貌：不限
基层工作经历：无限制
考试类别：行政执法类
备注：本单位不提供宿舍，在本单位最低服务年限为5年","https://www.xjhc.gov.cn/xjhc/c116834/202410/a29382e11a674da3be3353af65f9fcc5.shtml#130130-300110413005","2024-10-14","{""dataset_year"":2025,""job_uid"":""GOV-2025-130130-300110413005"",""publisher"":""国家公务员局"",""publication_page"":""https://www.xjhc.gov.cn/xjhc/c116834/202410/a29382e11a674da3be3353af65f9fcc5.shtml"",""attachment_url"":""https://www.xjhc.gov.cn/xjhc/c116834/202410/a29382e11a674da3be3353af65f9fcc5/files/0536cef86e2b46ddad6aae5a3780089e.xls"",""local_source_file"":""2025_guokao_zhaokaojianzhang.xls"",""local_source_sha256"":""07ae6cab368cd21b7a1ac3e8150fe9a3d39ad5171ce76135ff3cccfe50c3e77e"",""source_sheet"":""中央国家行政机关省级以下直属机构"",""filter_version"":""government_tech_v2"",""tech_filter"":{""is_tech"":true,""is_core_tech"":true,""scope"":""core"",""categories"":[""computer_software"",""data_ai""],""matched_fields"":[""major"",""description""],""major_terms"":[""计算机类""],""role_terms"":[""大数据"",""数据分析""],""reason"":""tech_major_and_role""},""original"":{""部门代码"":""130130"",""部门名称"":""国家税务总局云南省税务局"",""用人司局"":""国家税务总局保山市隆阳区税务局"",""机构性质"":""中央国家行政机关省级以下直属机构"",""招考职位"":""一级行政执法员（五）"",""职位属性"":""普通职位"",""职位分布"":""西部地区和艰苦边远地区职位"",""职位简介"":""税收大数据分析"",""职位代码"":""300110413005"",""机构层级"":""县（区）级及以下"",""考试类别"":""行政执法类"",""招考人数"":""1"",""专业"":""数学类、统计学类、计算机类"",""学历"":""本科及以上"",""学位"":""与最高学历相对应的学位"",""政治面貌"":""不限"",""基层工作最低年限"":""无限制"",""服务基层项目工作经历"":""无限制"",""是否在面试阶段组织专业能力测试"":""否"",""面试人员比例"":""3:1"",""工作地点"":""云南省保山市隆阳区"",""落户地点"":""云南省保山市隆阳区"",""备注"":""本单位不提供宿舍，在本单位最低服务年限为5年"",""部门网站"":""http://yunnan.chinatax.gov.cn/"",""咨询电话1"":""0871-63121915"",""咨询电话2"":"""",""咨询电话3"":"""",""来源Sheet"":""中央国家行政机关省级以下直属机构""}}"
"government_jobs","国家公务员2025招考简章","公务员/事业单位技术岗位","云南省保山市龙陵县","2026-07-28T09:12:58.310295+00:00","一级行政执法员（二）","国家税务总局云南省税务局","","云南省保山市龙陵县","公务员/事业单位;2025;computer_software;data_ai;本科及以上;与最高学历相对应的学位;数学类、统计学类、计算机类;行政执法类","用人司局：国家税务总局龙陵县税务局
职位简介：税收大数据分析
专业要求：数学类、统计学类、计算机类
学历要求：本科及以上
学位要求：与最高学历相对应的学位
政治面貌：不限
基层工作经历：无限制
考试类别：行政执法类
备注：应届高校毕业生，本单位不提供宿舍，在本单位最低服务年限为5年","https://www.xjhc.gov.cn/xjhc/c116834/202410/a29382e11a674da3be3353af65f9fcc5.shtml#130130-300110420002","2024-10-14","{""dataset_year"":2025,""job_uid"":""GOV-2025-130130-300110420002"",""publisher"":""国家公务员局"",""publication_page"":""https://www.xjhc.gov.cn/xjhc/c116834/202410/a29382e11a674da3be3353af65f9fcc5.shtml"",""attachment_url"":""https://www.xjhc.gov.cn/xjhc/c116834/202410/a29382e11a674da3be3353af65f9fcc5/files/0536cef86e2b46ddad6aae5a3780089e.xls"",""local_source_file"":""2025_guokao_zhaokaojianzhang.xls"",""local_source_sha256"":""07ae6cab368cd21b7a1ac3e8150fe9a3d39ad5171ce76135ff3cccfe50c3e77e"",""source_sheet"":""中央国家行政机关省级以下直属机构"",""filter_version"":""government_tech_v2"",""tech_filter"":{""is_tech"":true,""is_core_tech"":true,""scope"":""core"",""categories"":[""computer_software"",""data_ai""],""matched_fields"":[""major"",""description""],""major_terms"":[""计算机类""],""role_terms"":[""大数据"",""数据分析""],""reason"":""tech_major_and_role""},""original"":{""部门代码"":""130130"",""部门名称"":""国家税务总局云南省税务局"",""用人司局"":""国家税务总局龙陵县税务局"",""机构性质"":""中央国家行政机关省级以下直属机构"",""招考职位"":""一级行政执法员（二）"",""职位属性"":""普通职位"",""职位分布"":""西部地区和艰苦边远地区职位"",""职位简介"":""税收大数据分析"",""职位代码"":""300110420002"",""机构层级"":""县（区）级及以下"",""考试类别"":""行政执法类"",""招考人数"":""2"",""专业"":""数学类、统计学类、计算机类"",""学历"":""本科及以上"",""学位"":""与最高学历相对应的学位"",""政治面貌"":""不限"",""基层工作最低年限"":""无限制"",""服务基层项目工作经历"":""无限制"",""是否在面试阶段组织专业能力测试"":""否"",""面试人员比例"":""3:1"",""工作地点"":""云南省保山市龙陵县"",""落户地点"":""云南省保山市龙陵县"",""备注"":""应届高校毕业生，本单位不提供宿舍，在本单位最低服务年限为5年"",""部门网站"":""http://yunnan.chinatax.gov.cn/"",""咨询电话1"":""0871-63121915"",""咨询电话2"":"""",""咨询电话3"":"""",""来源Sheet"":""中央国家行政机关省级以下直属机构""}}"
"government_jobs","国家公务员2025招考简章","公务员/事业单位技术岗位","云南省保山市昌宁县","2026-07-28T09:12:58.310295+00:00","一级行政执法员（五）","国家税务总局云南省税务局","","云南省保山市昌宁县","公务员/事业单位;2025;computer_software;data_ai;本科及以上;与最高学历相对应的学位;数学类、统计学类、计算机类;行政执法类","用人司局：国家税务总局昌宁县税务局
职位简介：税收大数据分析
专业要求：数学类、统计学类、计算机类
学历要求：本科及以上
学位要求：与最高学历相对应的学位
政治面貌：不限
基层工作经历：无限制
考试类别：行政执法类
备注：本单位不提供宿舍，在本单位最低服务年限为5年","https://www.xjhc.gov.cn/xjhc/c116834/202410/a29382e11a674da3be3353af65f9fcc5.shtml#130130-300110425005","2024-10-14","{""dataset_year"":2025,""job_uid"":""GOV-2025-130130-300110425005"",""publisher"":""国家公务员局"",""publication_page"":""https://www.xjhc.gov.cn/xjhc/c116834/202410/a29382e11a674da3be3353af65f9fcc5.shtml"",""attachment_url"":""https://www.xjhc.gov.cn/xjhc/c116834/202410/a29382e11a674da3be3353af65f9fcc5/files/0536cef86e2b46ddad6aae5a3780089e.xls"",""local_source_file"":""2025_guokao_zhaokaojianzhang.xls"",""local_source_sha256"":""07ae6cab368cd21b7a1ac3e8150fe9a3d39ad5171ce76135ff3cccfe50c3e77e"",""source_sheet"":""中央国家行政机关省级以下直属机构"",""filter_version"":""government_tech_v2"",""tech_filter"":{""is_tech"":true,""is_core_tech"":true,""scope"":""core"",""categories"":[""computer_software"",""data_ai""],""matched_fields"":[""major"",""description""],""major_terms"":[""计算机类""],""role_terms"":[""大数据"",""数据分析""],""reason"":""tech_major_and_role""},""original"":{""部门代码"":""130130"",""部门名称"":""国家税务总局云南省税务局"",""用人司局"":""国家税务总局昌宁县税务局"",""机构性质"":""中央国家行政机关省级以下直属机构"",""招考职位"":""一级行政执法员（五）"",""职位属性"":""普通职位"",""职位分布"":""西部地区和艰苦边远地区职位"",""职位简介"":""税收大数据分析"",""职位代码"":""300110425005"",""机构层级"":""县（区）级及以下"",""考试类别"":""行政执法类"",""招考人数"":""1"",""专业"":""数学类、统计学类、计算机类"",""学历"":""本科及以上"",""学位"":""与最高学历相对应的学位"",""政治面貌"":""不限"",""基层工作最低年限"":""无限制"",""服务基层项目工作经历"":""无限制"",""是否在面试阶段组织专业能力测试"":""否"",""面试人员比例"":""3:1"",""工作地点"":""云南省保山市昌宁县"",""落户地点"":""云南省保山市昌宁县"",""备注"":""本单位不提供宿舍，在本单位最低服务年限为5年"",""部门网站"":""http://yunnan.chinatax.gov.cn/"",""咨询电话1"":""0871-63121915"",""咨询电话2"":"""",""咨询电话3"":"""",""来源Sheet"":""中央国家行政机关省级以下直属机构""}}"
"government_jobs","国家公务员2025招考简章","公务员/事业单位技术岗位","云南省丽江市华坪县","2026-07-28T09:12:58.310295+00:00","一级行政执法员（三）","国家税务总局云南省税务局","","云南省丽江市华坪县","公务员/事业单位;2025;computer_software;data_ai;本科及以上;与最高学历相对应的学位;机械类、计算机类、建筑类;行政执法类","用人司局：国家税务总局华坪县税务局
职位简介：税收大数据分析
专业要求：机械类、计算机类、建筑类
学历要求：本科及以上
学位要求：与最高学历相对应的学位
政治面貌：不限
基层工作经历：无限制
考试类别：行政执法类
备注：2025届高校毕业生，本单位不提供宿舍，在本单位最低服务年限为5年","https://www.xjhc.gov.cn/xjhc/c116834/202410/a29382e11a674da3be3353af65f9fcc5.shtml#130130-300110465003","2024-10-14","{""dataset_year"":2025,""job_uid"":""GOV-2025-130130-300110465003"",""publisher"":""国家公务员局"",""publication_page"":""https://www.xjhc.gov.cn/xjhc/c116834/202410/a29382e11a674da3be3353af65f9fcc5.shtml"",""attachment_url"":""https://www.xjhc.gov.cn/xjhc/c116834/202410/a29382e11a674da3be3353af65f9fcc5/files/0536cef86e2b46ddad6aae5a3780089e.xls"",""local_source_file"":""2025_guokao_zhaokaojianzhang.xls"",""local_source_sha256"":""07ae6cab368cd21b7a1ac3e8150fe9a3d39ad5171ce76135ff3cccfe50c3e77e"",""source_sheet"":""中央国家行政机关省级以下直属机构"",""filter_version"":""government_tech_v2"",""tech_filter"":{""is_tech"":true,""is_core_tech"":true,""scope"":""core"",""categories"":[""computer_software"",""data_ai""],""matched_fields"":[""major"",""description""],""major_terms"":[""计算机类""],""role_terms"":[""大数据"",""数据分析""],""reason"":""tech_major_and_role""},""original"":{""部门代码"":""130130"",""部门名称"":""国家税务总局云南省税务局"",""用人司局"":""国家税务总局华坪县税务局"",""机构性质"":""中央国家行政机关省级以下直属机构"",""招考职位"":""一级行政执法员（三）"",""职位属性"":""普通职位"",""职位分布"":""西部地区和艰苦边远地区职位"",""职位简介"":""税收大数据分析"",""职位代码"":""300110465003"",""机构层级"":""县（区）级及以下"",""考试类别"":""行政执法类"",""招考人数"":""1"",""专业"":""机械类、计算机类、建筑类"",""学历"":""本科及以上"",""学位"":""与最高学历相对应的学位"",""政治面貌"":""不限"",""基层工作最低年限"":""无限制"",""服务基层项目工作经历"":""无限制"",""是否在面试阶段组织专业能力测试"":""否"",""面试人员比例"":""3:1"",""工作地点"":""云南省丽江市华坪县"",""落户地点"":""云南省丽江市华坪县"",""备注"":""2025届高校毕业生，本单位不提供宿舍，在本单位最低服务年限为5年"",""部门网站"":""http://yunnan.chinatax.gov.cn/"",""咨询电话1"":""0871-63121915"",""咨询电话2"":"""",""咨询电话3"":"""",""来源Sheet"":""中央国家行政机关省级以下直属机构""}}"
"government_jobs","国家公务员2025招考简章","公务员/事业单位技术岗位","云南省怒江傈僳族自治州兰坪白族普米族自治县","2026-07-28T09:12:58.310295+00:00","一级行政执法员","国家税务总局云南省税务局","","云南省怒江傈僳族自治州兰坪白族普米族自治县","公务员/事业单位;2025;computer_software;data_ai;本科及以上;与最高学历相对应的学位;数学类、地理科学类、地球物理学类、统计学类、计算机类;行政执法类","用人司局：国家税务总局兰坪县税务局
职位简介：税收大数据分析
专业要求：数学类、地理科学类、地球物理学类、统计学类、计算机类
学历要求：本科及以上
学位要求：与最高学历相对应的学位
政治面貌：不限
基层工作经历：无限制
考试类别：行政执法类
备注：怒江州户口或怒江州生源，本单位不提供宿舍，在本单位最低服务年限为5年","https://www.xjhc.gov.cn/xjhc/c116834/202410/a29382e11a674da3be3353af65f9fcc5.shtml#130130-300110480001","2024-10-14","{""dataset_year"":2025,""job_uid"":""GOV-2025-130130-300110480001"",""publisher"":""国家公务员局"",""publication_page"":""https://www.xjhc.gov.cn/xjhc/c116834/202410/a29382e11a674da3be3353af65f9fcc5.shtml"",""attachment_url"":""https://www.xjhc.gov.cn/xjhc/c116834/202410/a29382e11a674da3be3353af65f9fcc5/files/0536cef86e2b46ddad6aae5a3780089e.xls"",""local_source_file"":""2025_guokao_zhaokaojianzhang.xls"",""local_source_sha256"":""07ae6cab368cd21b7a1ac3e8150fe9a3d39ad5171ce76135ff3cccfe50c3e77e"",""source_sheet"":""中央国家行政机关省级以下直属机构"",""filter_version"":""government_tech_v2"",""tech_filter"":{""is_tech"":true,""is_core_tech"":true,""scope"":""core"",""categories"":[""computer_software"",""data_ai""],""matched_fields"":[""major"",""description""],""major_terms"":[""计算机类""],""role_terms"":[""大数据"",""数据分析""],""reason"":""tech_major_and_role""},""original"":{""部门代码"":""130130"",""部门名称"":""国家税务总局云南省税务局"",""用人司局"":""国家税务总局兰坪县税务局"",""机构性质"":""中央国家行政机关省级以下直属机构"",""招考职位"":""一级行政执法员"",""职位属性"":""普通职位"",""职位分布"":""西部地区和艰苦边远地区职位"",""职位简介"":""税收大数据分析"",""职位代码"":""300110480001"",""机构层级"":""县（区）级及以下"",""考试类别"":""行政执法类"",""招考人数"":""1"",""专业"":""数学类、地理科学类、地球物理学类、统计学类、计算机类"",""学历"":""本科及以上"",""学位"":""与最高学历相对应的学位"",""政治面貌"":""不限"",""基层工作最低年限"":""无限制"",""服务基层项目工作经历"":""无限制"",""是否在面试阶段组织专业能力测试"":""否"",""面试人员比例"":""3:1"",""工作地点"":""云南省怒江傈僳族自治州兰坪白族普米族自治县"",""落户地点"":""云南省怒江傈僳族自治州兰坪白族普米族自治县"",""备注"":""怒江州户口或怒江州生源，本单位不提供宿舍，在本单位最低服务年限为5年"",""部门网站"":""http://yunnan.chinatax.gov.cn/"",""咨询电话1"":""0871-63121915"",""咨询电话2"":"""",""咨询电话3"":"""",""来源Sheet"":""中央国家行政机关省级以下直属机构""}}"
"government_jobs","国家公务员2025招考简章","公务员/事业单位技术岗位","云南省怒江傈僳族自治州贡山独龙族怒族自治县","2026-07-28T09:12:58.310295+00:00","一级行政执法员","国家税务总局云南省税务局","","云南省怒江傈僳族自治州贡山独龙族怒族自治县","公务员/事业单位;2025;computer_software;data_ai;本科及以上;与最高学历相对应的学位;数学类、地理科学类、地球物理学类、统计学类、计算机类;行政执法类","用人司局：国家税务总局贡山县税务局
职位简介：税收大数据分析
专业要求：数学类、地理科学类、地球物理学类、统计学类、计算机类
学历要求：本科及以上
学位要求：与最高学历相对应的学位
政治面貌：不限
基层工作经历：无限制
考试类别：行政执法类
备注：怒江州户口或怒江州生源，本单位不提供宿舍，在本单位最低服务年限为5年","https://www.xjhc.gov.cn/xjhc/c116834/202410/a29382e11a674da3be3353af65f9fcc5.shtml#130130-300110482001","2024-10-14","{""dataset_year"":2025,""job_uid"":""GOV-2025-130130-300110482001"",""publisher"":""国家公务员局"",""publication_page"":""https://www.xjhc.gov.cn/xjhc/c116834/202410/a29382e11a674da3be3353af65f9fcc5.shtml"",""attachment_url"":""https://www.xjhc.gov.cn/xjhc/c116834/202410/a29382e11a674da3be3353af65f9fcc5/files/0536cef86e2b46ddad6aae5a3780089e.xls"",""local_source_file"":""2025_guokao_zhaokaojianzhang.xls"",""local_source_sha256"":""07ae6cab368cd21b7a1ac3e8150fe9a3d39ad5171ce76135ff3cccfe50c3e77e"",""source_sheet"":""中央国家行政机关省级以下直属机构"",""filter_version"":""government_tech_v2"",""tech_filter"":{""is_tech"":true,""is_core_tech"":true,""scope"":""core"",""categories"":[""computer_software"",""data_ai""],""matched_fields"":[""major"",""description""],""major_terms"":[""计算机类""],""role_terms"":[""大数据"",""数据分析""],""reason"":""tech_major_and_role""},""original"":{""部门代码"":""130130"",""部门名称"":""国家税务总局云南省税务局"",""用人司局"":""国家税务总局贡山县税务局"",""机构性质"":""中央国家行政机关省级以下直属机构"",""招考职位"":""一级行政执法员"",""职位属性"":""普通职位"",""职位分布"":""西部地区和艰苦边远地区职位"",""职位简介"":""税收大数据分析"",""职位代码"":""300110482001"",""机构层级"":""县（区）级及以下"",""考试类别"":""行政执法类"",""招考人数"":""1"",""专业"":""数学类、地理科学类、地球物理学类、统计学类、计算机类"",""学历"":""本科及以上"",""学位"":""与最高学历相对应的学位"",""政治面貌"":""不限"",""基层工作最低年限"":""无限制"",""服务基层项目工作经历"":""无限制"",""是否在面试阶段组织专业能力测试"":""否"",""面试人员比例"":""3:1"",""工作地点"":""云南省怒江傈僳族自治州贡山独龙族怒族自治县"",""落户地点"":""云南省怒江傈僳族自治州贡山独龙族怒族自治县"",""备注"":""怒江州户口或怒江州生源，本单位不提供宿舍，在本单位最低服务年限为5年"",""部门网站"":""http://yunnan.chinatax.gov.cn/"",""咨询电话1"":""0871-63121915"",""咨询电话2"":"""",""咨询电话3"":"""",""来源Sheet"":""中央国家行政机关省级以下直属机构""}}"
"government_jobs","国家公务员2025招考简章","公务员/事业单位技术岗位","云南省临沧市临翔区","2026-07-28T09:12:58.310295+00:00","一级行政执法员（一）","国家税务总局云南省税务局","","云南省临沧市临翔区","公务员/事业单位;2025;automation_robotics;computer_software;data_ai;electronics_communication;本科及以上;与最高学历相对应的学位;电气类、电子信息类、自动化类、计算机类;行政执法类","用人司局：国家税务总局临沧市临翔区税务局
职位简介：税收大数据分析
专业要求：电气类、电子信息类、自动化类、计算机类
学历要求：本科及以上
学位要求：与最高学历相对应的学位
政治面貌：不限
基层工作经历：无限制
考试类别：行政执法类
备注：2025届高校毕业生，女性，本单位不提供宿舍，在本单位最低服务年限为5年","https://www.xjhc.gov.cn/xjhc/c116834/202410/a29382e11a674da3be3353af65f9fcc5.shtml#130130-300110500001","2024-10-14","{""dataset_year"":2025,""job_uid"":""GOV-2025-130130-300110500001"",""publisher"":""国家公务员局"",""publication_page"":""https://www.xjhc.gov.cn/xjhc/c116834/202410/a29382e11a674da3be3353af65f9fcc5.shtml"",""attachment_url"":""https://www.xjhc.gov.cn/xjhc/c116834/202410/a29382e11a674da3be3353af65f9fcc5/files/0536cef86e2b46ddad6aae5a3780089e.xls"",""local_source_file"":""2025_guokao_zhaokaojianzhang.xls"",""local_source_sha256"":""07ae6cab368cd21b7a1ac3e8150fe9a3d39ad5171ce76135ff3cccfe50c3e77e"",""source_sheet"":""中央国家行政机关省级以下直属机构"",""filter_version"":""government_tech_v2"",""tech_filter"":{""is_tech"":true,""is_core_tech"":true,""scope"":""core"",""categories"":[""automation_robotics"",""computer_software"",""data_ai"",""electronics_communication""],""matched_fields"":[""major"",""description""],""major_terms"":[""电子信息类"",""自动化类"",""计算机类""],""role_terms"":[""大数据"",""数据分析""],""reason"":""tech_major_and_role""},""original"":{""部门代码"":""130130"",""部门名称"":""国家税务总局云南省税务局"",""用人司局"":""国家税务总局临沧市临翔区税务局"",""机构性质"":""中央国家行政机关省级以下直属机构"",""招考职位"":""一级行政执法员（一）"",""职位属性"":""普通职位"",""职位分布"":""西部地区和艰苦边远地区职位"",""职位简介"":""税收大数据分析"",""职位代码"":""300110500001"",""机构层级"":""县（区）级及以下"",""考试类别"":""行政执法类"",""招考人数"":""2"",""专业"":""电气类、电子信息类、自动化类、计算机类"",""学历"":""本科及以上"",""学位"":""与最高学历相对应的学位"",""政治面貌"":""不限"",""基层工作最低年限"":""无限制"",""服务基层项目工作经历"":""无限制"",""是否在面试阶段组织专业能力测试"":""否"",""面试人员比例"":""3:1"",""工作地点"":""云南省临沧市临翔区"",""落户地点"":""云南省临沧市临翔区"",""备注"":""2025届高校毕业生，女性，本单位不提供宿舍，在本单位最低服务年限为5年"",""部门网站"":""http://yunnan.chinatax.gov.cn/"",""咨询电话1"":""0871-63121915"",""咨询电话2"":"""",""咨询电话3"":"""",""来源Sheet"":""中央国家行政机关省级以下直属机构""}}"
"government_jobs","国家公务员2025招考简章","公务员/事业单位技术岗位","云南省临沧市临翔区","2026-07-28T09:12:58.310295+00:00","一级行政执法员（二）","国家税务总局云南省税务局","","云南省临沧市临翔区","公务员/事业单位;2025;automation_robotics;computer_software;data_ai;electronics_communication;本科及以上;与最高学历相对应的学位;电气类、电子信息类、自动化类、计算机类;行政执法类","用人司局：国家税务总局临沧市临翔区税务局
职位简介：税收大数据分析
专业要求：电气类、电子信息类、自动化类、计算机类
学历要求：本科及以上
学位要求：与最高学历相对应的学位
政治面貌：不限
基层工作经历：无限制
考试类别：行政执法类
备注：2025届高校毕业生，男性，本单位不提供宿舍，在本单位最低服务年限为5年","https://www.xjhc.gov.cn/xjhc/c116834/202410/a29382e11a674da3be3353af65f9fcc5.shtml#130130-300110500002","2024-10-14","{""dataset_year"":2025,""job_uid"":""GOV-2025-130130-300110500002"",""publisher"":""国家公务员局"",""publication_page"":""https://www.xjhc.gov.cn/xjhc/c116834/202410/a29382e11a674da3be3353af65f9fcc5.shtml"",""attachment_url"":""https://www.xjhc.gov.cn/xjhc/c116834/202410/a29382e11a674da3be3353af65f9fcc5/files/0536cef86e2b46ddad6aae5a3780089e.xls"",""local_source_file"":""2025_guokao_zhaokaojianzhang.xls"",""local_source_sha256"":""07ae6cab368cd21b7a1ac3e8150fe9a3d39ad5171ce76135ff3cccfe50c3e77e"",""source_sheet"":""中央国家行政机关省级以下直属机构"",""filter_version"":""government_tech_v2"",""tech_filter"":{""is_tech"":true,""is_core_tech"":true,""scope"":""core"",""categories"":[""automation_robotics"",""computer_software"",""data_ai"",""electronics_communication""],""matched_fields"":[""major"",""description""],""major_terms"":[""电子信息类"",""自动化类"",""计算机类""],""role_terms"":[""大数据"",""数据分析""],""reason"":""tech_major_and_role""},""original"":{""部门代码"":""130130"",""部门名称"":""国家税务总局云南省税务局"",""用人司局"":""国家税务总局临沧市临翔区税务局"",""机构性质"":""中央国家行政机关省级以下直属机构"",""招考职位"":""一级行政执法员（二）"",""职位属性"":""普通职位"",""职位分布"":""西部地区和艰苦边远地区职位"",""职位简介"":""税收大数据分析"",""职位代码"":""300110500002"",""机构层级"":""县（区）级及以下"",""考试类别"":""行政执法类"",""招考人数"":""2"",""专业"":""电气类、电子信息类、自动化类、计算机类"",""学历"":""本科及以上"",""学位"":""与最高学历相对应的学位"",""政治面貌"":""不限"",""基层工作最低年限"":""无限制"",""服务基层项目工作经历"":""无限制"",""是否在面试阶段组织专业能力测试"":""否"",""面试人员比例"":""3:1"",""工作地点"":""云南省临沧市临翔区"",""落户地点"":""云南省临沧市临翔区"",""备注"":""2025届高校毕业生，男性，本单位不提供宿舍，在本单位最低服务年限为5年"",""部门网站"":""http://yunnan.chinatax.gov.cn/"",""咨询电话1"":""0871-63121915"",""咨询电话2"":"""",""咨询电话3"":"""",""来源Sheet"":""中央国家行政机关省级以下直属机构""}}"
"government_jobs","国家公务员2025招考简章","公务员/事业单位技术岗位","云南省临沧市临翔区","2026-07-28T09:12:58.310295+00:00","一级行政执法员（七）","国家税务总局云南省税务局","","云南省临沧市临翔区","公务员/事业单位;2025;automation_robotics;computer_software;data_ai;electronics_communication;本科及以上;与最高学历相对应的学位;电气类、电子信息类、自动化类、计算机类;行政执法类","用人司局：国家税务总局临沧市临翔区税务局
职位简介：税收大数据分析
专业要求：电气类、电子信息类、自动化类、计算机类
学历要求：本科及以上
学位要求：与最高学历相对应的学位
政治面貌：不限
基层工作经历：无限制
考试类别：行政执法类
备注：2025届高校毕业生，本单位不提供宿舍，在本单位最低服务年限为5年","https://www.xjhc.gov.cn/xjhc/c116834/202410/a29382e11a674da3be3353af65f9fcc5.shtml#130130-300110500007","2024-10-14","{""dataset_year"":2025,""job_uid"":""GOV-2025-130130-300110500007"",""publisher"":""国家公务员局"",""publication_page"":""https://www.xjhc.gov.cn/xjhc/c116834/202410/a29382e11a674da3be3353af65f9fcc5.shtml"",""attachment_url"":""https://www.xjhc.gov.cn/xjhc/c116834/202410/a29382e11a674da3be3353af65f9fcc5/files/0536cef86e2b46ddad6aae5a3780089e.xls"",""local_source_file"":""2025_guokao_zhaokaojianzhang.xls"",""local_source_sha256"":""07ae6cab368cd21b7a1ac3e8150fe9a3d39ad5171ce76135ff3cccfe50c3e77e"",""source_sheet"":""中央国家行政机关省级以下直属机构"",""filter_version"":""government_tech_v2"",""tech_filter"":{""is_tech"":true,""is_core_tech"":true,""scope"":""core"",""categories"":[""automation_robotics"",""computer_software"",""data_ai"",""electronics_communication""],""matched_fields"":[""major"",""description""],""major_terms"":[""电子信息类"",""自动化类"",""计算机类""],""role_terms"":[""大数据"",""数据分析""],""reason"":""tech_major_and_role""},""original"":{""部门代码"":""130130"",""部门名称"":""国家税务总局云南省税务局"",""用人司局"":""国家税务总局临沧市临翔区税务局"",""机构性质"":""中央国家行政机关省级以下直属机构"",""招考职位"":""一级行政执法员（七）"",""职位属性"":""普通职位"",""职位分布"":""西部地区和艰苦边远地区职位"",""职位简介"":""税收大数据分析"",""职位代码"":""300110500007"",""机构层级"":""县（区）级及以下"",""考试类别"":""行政执法类"",""招考人数"":""3"",""专业"":""电气类、电子信息类、自动化类、计算机类"",""学历"":""本科及以上"",""学位"":""与最高学历相对应的学位"",""政治面貌"":""不限"",""基层工作最低年限"":""无限制"",""服务基层项目工作经历"":""无限制"",""是否在面试阶段组织专业能力测试"":""否"",""面试人员比例"":""3:1"",""工作地点"":""云南省临沧市临翔区"",""落户地点"":""云南省临沧市临翔区"",""备注"":""2025届高校毕业生，本单位不提供宿舍，在本单位最低服务年限为5年"",""部门网站"":""http://yunnan.chinatax.gov.cn/"",""咨询电话1"":""0871-63121915"",""咨询电话2"":"""",""咨询电话3"":"""",""来源Sheet"":""中央国家行政机关省级以下直属机构""}}"
"government_jobs","国家公务员2025招考简章","公务员/事业单位技术岗位","云南省临沧市永德县","2026-07-28T09:12:58.310295+00:00","一级行政执法员（一）","国家税务总局云南省税务局","","云南省临沧市永德县","公务员/事业单位;2025;automation_robotics;computer_software;data_ai;electronics_communication;本科及以上;与最高学历相对应的学位;电气类、电子信息类、自动化类、计算机类;行政执法类","用人司局：国家税务总局永德县税务局
职位简介：税收大数据分析
专业要求：电气类、电子信息类、自动化类、计算机类
学历要求：本科及以上
学位要求：与最高学历相对应的学位
政治面貌：不限
基层工作经历：无限制
考试类别：行政执法类
备注：2025届高校毕业生，女性，本单位不提供宿舍，在本单位最低服务年限为5年","https://www.xjhc.gov.cn/xjhc/c116834/202410/a29382e11a674da3be3353af65f9fcc5.shtml#130130-300110512001","2024-10-14","{""dataset_year"":2025,""job_uid"":""GOV-2025-130130-300110512001"",""publisher"":""国家公务员局"",""publication_page"":""https://www.xjhc.gov.cn/xjhc/c116834/202410/a29382e11a674da3be3353af65f9fcc5.shtml"",""attachment_url"":""https://www.xjhc.gov.cn/xjhc/c116834/202410/a29382e11a674da3be3353af65f9fcc5/files/0536cef86e2b46ddad6aae5a3780089e.xls"",""local_source_file"":""2025_guokao_zhaokaojianzhang.xls"",""local_source_sha256"":""07ae6cab368cd21b7a1ac3e8150fe9a3d39ad5171ce76135ff3cccfe50c3e77e"",""source_sheet"":""中央国家行政机关省级以下直属机构"",""filter_version"":""government_tech_v2"",""tech_filter"":{""is_tech"":true,""is_core_tech"":true,""scope"":""core"",""categories"":[""automation_robotics"",""computer_software"",""data_ai"",""electronics_communication""],""matched_fields"":[""major"",""description""],""major_terms"":[""电子信息类"",""自动化类"",""计算机类""],""role_terms"":[""大数据"",""数据分析""],""reason"":""tech_major_and_role""},""original"":{""部门代码"":""130130"",""部门名称"":""国家税务总局云南省税务局"",""用人司局"":""国家税务总局永德县税务局"",""机构性质"":""中央国家行政机关省级以下直属机构"",""招考职位"":""一级行政执法员（一）"",""职位属性"":""普通职位"",""职位分布"":""西部地区和艰苦边远地区职位"",""职位简介"":""税收大数据分析"",""职位代码"":""300110512001"",""机构层级"":""县（区）级及以下"",""考试类别"":""行政执法类"",""招考人数"":""2"",""专业"":""电气类、电子信息类、自动化类、计算机类"",""学历"":""本科及以上"",""学位"":""与最高学历相对应的学位"",""政治面貌"":""不限"",""基层工作最低年限"":""无限制"",""服务基层项目工作经历"":""无限制"",""是否在面试阶段组织专业能力测试"":""否"",""面试人员比例"":""3:1"",""工作地点"":""云南省临沧市永德县"",""落户地点"":""云南省临沧市永德县"",""备注"":""2025届高校毕业生，女性，本单位不提供宿舍，在本单位最低服务年限为5年"",""部门网站"":""http://yunnan.chinatax.gov.cn/"",""咨询电话1"":""0871-63121915"",""咨询电话2"":"""",""咨询电话3"":"""",""来源Sheet"":""中央国家行政机关省级以下直属机构""}}"
"government_jobs","国家公务员2025招考简章","公务员/事业单位技术岗位","云南省临沧市永德县","2026-07-28T09:12:58.310295+00:00","一级行政执法员（二）","国家税务总局云南省税务局","","云南省临沧市永德县","公务员/事业单位;2025;automation_robotics;computer_software;data_ai;electronics_communication;本科及以上;与最高学历相对应的学位;电气类、电子信息类、自动化类、计算机类;行政执法类","用人司局：国家税务总局永德县税务局
职位简介：税收大数据分析
专业要求：电气类、电子信息类、自动化类、计算机类
学历要求：本科及以上
学位要求：与最高学历相对应的学位
政治面貌：不限
基层工作经历：无限制
考试类别：行政执法类
备注：2025届高校毕业生，男性，本单位不提供宿舍，在本单位最低服务年限为5年","https://www.xjhc.gov.cn/xjhc/c116834/202410/a29382e11a674da3be3353af65f9fcc5.shtml#130130-300110512002","2024-10-14","{""dataset_year"":2025,""job_uid"":""GOV-2025-130130-300110512002"",""publisher"":""国家公务员局"",""publication_page"":""https://www.xjhc.gov.cn/xjhc/c116834/202410/a29382e11a674da3be3353af65f9fcc5.shtml"",""attachment_url"":""https://www.xjhc.gov.cn/xjhc/c116834/202410/a29382e11a674da3be3353af65f9fcc5/files/0536cef86e2b46ddad6aae5a3780089e.xls"",""local_source_file"":""2025_guokao_zhaokaojianzhang.xls"",""local_source_sha256"":""07ae6cab368cd21b7a1ac3e8150fe9a3d39ad5171ce76135ff3cccfe50c3e77e"",""source_sheet"":""中央国家行政机关省级以下直属机构"",""filter_version"":""government_tech_v2"",""tech_filter"":{""is_tech"":true,""is_core_tech"":true,""scope"":""core"",""categories"":[""automation_robotics"",""computer_software"",""data_ai"",""electronics_communication""],""matched_fields"":[""major"",""description""],""major_terms"":[""电子信息类"",""自动化类"",""计算机类""],""role_terms"":[""大数据"",""数据分析""],""reason"":""tech_major_and_role""},""original"":{""部门代码"":""130130"",""部门名称"":""国家税务总局云南省税务局"",""用人司局"":""国家税务总局永德县税务局"",""机构性质"":""中央国家行政机关省级以下直属机构"",""招考职位"":""一级行政执法员（二）"",""职位属性"":""普通职位"",""职位分布"":""西部地区和艰苦边远地区职位"",""职位简介"":""税收大数据分析"",""职位代码"":""300110512002"",""机构层级"":""县（区）级及以下"",""考试类别"":""行政执法类"",""招考人数"":""2"",""专业"":""电气类、电子信息类、自动化类、计算机类"",""学历"":""本科及以上"",""学位"":""与最高学历相对应的学位"",""政治面貌"":""不限"",""基层工作最低年限"":""无限制"",""服务基层项目工作经历"":""无限制"",""是否在面试阶段组织专业能力测试"":""否"",""面试人员比例"":""3:1"",""工作地点"":""云南省临沧市永德县"",""落户地点"":""云南省临沧市永德县"",""备注"":""2025届高校毕业生，男性，本单位不提供宿舍，在本单位最低服务年限为5年"",""部门网站"":""http://yunnan.chinatax.gov.cn/"",""咨询电话1"":""0871-63121915"",""咨询电话2"":"""",""咨询电话3"":"""",""来源Sheet"":""中央国家行政机关省级以下直属机构""}}"
"government_jobs","国家公务员2025招考简章","公务员/事业单位技术岗位","云南省临沧市镇康县","2026-07-28T09:12:58.310295+00:00","一级行政执法员（一）","国家税务总局云南省税务局","","云南省临沧市镇康县","公务员/事业单位;2025;automation_robotics;computer_software;data_ai;electronics_communication;本科及以上;与最高学历相对应的学位;电气类、电子信息类、自动化类、计算机类;行政执法类","用人司局：国家税务总局镇康县税务局
职位简介：税收大数据分析
专业要求：电气类、电子信息类、自动化类、计算机类
学历要求：本科及以上
学位要求：与最高学历相对应的学位
政治面貌：不限
基层工作经历：无限制
考试类别：行政执法类
备注：2025届高校毕业生，女性，本单位不提供宿舍，在本单位最低服务年限为5年","https://www.xjhc.gov.cn/xjhc/c116834/202410/a29382e11a674da3be3353af65f9fcc5.shtml#130130-300110513001","2024-10-14","{""dataset_year"":2025,""job_uid"":""GOV-2025-130130-300110513001"",""publisher"":""国家公务员局"",""publication_page"":""https://www.xjhc.gov.cn/xjhc/c116834/202410/a29382e11a674da3be3353af65f9fcc5.shtml"",""attachment_url"":""https://www.xjhc.gov.cn/xjhc/c116834/202410/a29382e11a674da3be3353af65f9fcc5/files/0536cef86e2b46ddad6aae5a3780089e.xls"",""local_source_file"":""2025_guokao_zhaokaojianzhang.xls"",""local_source_sha256"":""07ae6cab368cd21b7a1ac3e8150fe9a3d39ad5171ce76135ff3cccfe50c3e77e"",""source_sheet"":""中央国家行政机关省级以下直属机构"",""filter_version"":""government_tech_v2"",""tech_filter"":{""is_tech"":true,""is_core_tech"":true,""scope"":""core"",""categories"":[""automation_robotics"",""computer_software"",""data_ai"",""electronics_communication""],""matched_fields"":[""major"",""description""],""major_terms"":[""电子信息类"",""自动化类"",""计算机类""],""role_terms"":[""大数据"",""数据分析""],""reason"":""tech_major_and_role""},""original"":{""部门代码"":""130130"",""部门名称"":""国家税务总局云南省税务局"",""用人司局"":""国家税务总局镇康县税务局"",""机构性质"":""中央国家行政机关省级以下直属机构"",""招考职位"":""一级行政执法员（一）"",""职位属性"":""普通职位"",""职位分布"":""西部地区和艰苦边远地区职位"",""职位简介"":""税收大数据分析"",""职位代码"":""300110513001"",""机构层级"":""县（区）级及以下"",""考试类别"":""行政执法类"",""招考人数"":""1"",""专业"":""电气类、电子信息类、自动化类、计算机类"",""学历"":""本科及以上"",""学位"":""与最高学历相对应的学位"",""政治面貌"":""不限"",""基层工作最低年限"":""无限制"",""服务基层项目工作经历"":""无限制"",""是否在面试阶段组织专业能力测试"":""否"",""面试人员比例"":""3:1"",""工作地点"":""云南省临沧市镇康县"",""落户地点"":""云南省临沧市镇康县"",""备注"":""2025届高校毕业生，女性，本单位不提供宿舍，在本单位最低服务年限为5年"",""部门网站"":""http://yunnan.chinatax.gov.cn/"",""咨询电话1"":""0871-63121915"",""咨询电话2"":"""",""咨询电话3"":"""",""来源Sheet"":""中央国家行政机关省级以下直属机构""}}"
"government_jobs","国家公务员2025招考简章","公务员/事业单位技术岗位","云南省临沧市镇康县","2026-07-28T09:12:58.310295+00:00","一级行政执法员（二）","国家税务总局云南省税务局","","云南省临沧市镇康县","公务员/事业单位;2025;automation_robotics;computer_software;data_ai;electronics_communication;本科及以上;与最高学历相对应的学位;电气类、电子信息类、自动化类、计算机类;行政执法类","用人司局：国家税务总局镇康县税务局
职位简介：税收大数据分析
专业要求：电气类、电子信息类、自动化类、计算机类
学历要求：本科及以上
学位要求：与最高学历相对应的学位
政治面貌：不限
基层工作经历：无限制
考试类别：行政执法类
备注：2025届高校毕业生，男性，本单位不提供宿舍，在本单位最低服务年限为5年","https://www.xjhc.gov.cn/xjhc/c116834/202410/a29382e11a674da3be3353af65f9fcc5.shtml#130130-300110513002","2024-10-14","{""dataset_year"":2025,""job_uid"":""GOV-2025-130130-300110513002"",""publisher"":""国家公务员局"",""publication_page"":""https://www.xjhc.gov.cn/xjhc/c116834/202410/a29382e11a674da3be3353af65f9fcc5.shtml"",""attachment_url"":""https://www.xjhc.gov.cn/xjhc/c116834/202410/a29382e11a674da3be3353af65f9fcc5/files/0536cef86e2b46ddad6aae5a3780089e.xls"",""local_source_file"":""2025_guokao_zhaokaojianzhang.xls"",""local_source_sha256"":""07ae6cab368cd21b7a1ac3e8150fe9a3d39ad5171ce76135ff3cccfe50c3e77e"",""source_sheet"":""中央国家行政机关省级以下直属机构"",""filter_version"":""government_tech_v2"",""tech_filter"":{""is_tech"":true,""is_core_tech"":true,""scope"":""core"",""categories"":[""automation_robotics"",""computer_software"",""data_ai"",""electronics_communication""],""matched_fields"":[""major"",""description""],""major_terms"":[""电子信息类"",""自动化类"",""计算机类""],""role_terms"":[""大数据"",""数据分析""],""reason"":""tech_major_and_role""},""original"":{""部门代码"":""130130"",""部门名称"":""国家税务总局云南省税务局"",""用人司局"":""国家税务总局镇康县税务局"",""机构性质"":""中央国家行政机关省级以下直属机构"",""招考职位"":""一级行政执法员（二）"",""职位属性"":""普通职位"",""职位分布"":""西部地区和艰苦边远地区职位"",""职位简介"":""税收大数据分析"",""职位代码"":""300110513002"",""机构层级"":""县（区）级及以下"",""考试类别"":""行政执法类"",""招考人数"":""1"",""专业"":""电气类、电子信息类、自动化类、计算机类"",""学历"":""本科及以上"",""学位"":""与最高学历相对应的学位"",""政治面貌"":""不限"",""基层工作最低年限"":""无限制"",""服务基层项目工作经历"":""无限制"",""是否在面试阶段组织专业能力测试"":""否"",""面试人员比例"":""3:1"",""工作地点"":""云南省临沧市镇康县"",""落户地点"":""云南省临沧市镇康县"",""备注"":""2025届高校毕业生，男性，本单位不提供宿舍，在本单位最低服务年限为5年"",""部门网站"":""http://yunnan.chinatax.gov.cn/"",""咨询电话1"":""0871-63121915"",""咨询电话2"":"""",""咨询电话3"":"""",""来源Sheet"":""中央国家行政机关省级以下直属机构""}}"
"government_jobs","国家公务员2025招考简章","公务员/事业单位技术岗位","云南省临沧市沧源佤族自治县","2026-07-28T09:12:58.310295+00:00","一级行政执法员（一）","国家税务总局云南省税务局","","云南省临沧市沧源佤族自治县","公务员/事业单位;2025;computer_software;data_ai;electronics_communication;本科及以上;与最高学历相对应的学位;数学类、统计学类、电子信息类、计算机类;行政执法类","用人司局：国家税务总局沧源县税务局
职位简介：税收大数据分析
专业要求：数学类、统计学类、电子信息类、计算机类
学历要求：本科及以上
学位要求：与最高学历相对应的学位
政治面貌：不限
基层工作经历：无限制
考试类别：行政执法类
备注：2025届高校毕业生，女性，本单位不提供宿舍，在本单位最低服务年限为5年","https://www.xjhc.gov.cn/xjhc/c116834/202410/a29382e11a674da3be3353af65f9fcc5.shtml#130130-300110520001","2024-10-14","{""dataset_year"":2025,""job_uid"":""GOV-2025-130130-300110520001"",""publisher"":""国家公务员局"",""publication_page"":""https://www.xjhc.gov.cn/xjhc/c116834/202410/a29382e11a674da3be3353af65f9fcc5.shtml"",""attachment_url"":""https://www.xjhc.gov.cn/xjhc/c116834/202410/a29382e11a674da3be3353af65f9fcc5/files/0536cef86e2b46ddad6aae5a3780089e.xls"",""local_source_file"":""2025_guokao_zhaokaojianzhang.xls"",""local_source_sha256"":""07ae6cab368cd21b7a1ac3e8150fe9a3d39ad5171ce76135ff3cccfe50c3e77e"",""source_sheet"":""中央国家行政机关省级以下直属机构"",""filter_version"":""government_tech_v2"",""tech_filter"":{""is_tech"":true,""is_core_tech"":true,""scope"":""core"",""categories"":[""computer_software"",""data_ai"",""electronics_communication""],""matched_fields"":[""major"",""description""],""major_terms"":[""电子信息类"",""计算机类""],""role_terms"":[""大数据"",""数据分析""],""reason"":""tech_major_and_role""},""original"":{""部门代码"":""130130"",""部门名称"":""国家税务总局云南省税务局"",""用人司局"":""国家税务总局沧源县税务局"",""机构性质"":""中央国家行政机关省级以下直属机构"",""招考职位"":""一级行政执法员（一）"",""职位属性"":""普通职位"",""职位分布"":""西部地区和艰苦边远地区职位"",""职位简介"":""税收大数据分析"",""职位代码"":""300110520001"",""机构层级"":""县（区）级及以下"",""考试类别"":""行政执法类"",""招考人数"":""1"",""专业"":""数学类、统计学类、电子信息类、计算机类"",""学历"":""本科及以上"",""学位"":""与最高学历相对应的学位"",""政治面貌"":""不限"",""基层工作最低年限"":""无限制"",""服务基层项目工作经历"":""无限制"",""是否在面试阶段组织专业能力测试"":""否"",""面试人员比例"":""3:1"",""工作地点"":""云南省临沧市沧源佤族自治县"",""落户地点"":""云南省临沧市沧源佤族自治县"",""备注"":""2025届高校毕业生，女性，本单位不提供宿舍，在本单位最低服务年限为5年"",""部门网站"":""http://yunnan.chinatax.gov.cn/"",""咨询电话1"":""0871-63121915"",""咨询电话2"":"""",""咨询电话3"":"""",""来源Sheet"":""中央国家行政机关省级以下直属机构""}}"
"government_jobs","国家公务员2025招考简章","公务员/事业单位技术岗位","云南省临沧市沧源佤族自治县","2026-07-28T09:12:58.310295+00:00","一级行政执法员（二）","国家税务总局云南省税务局","","云南省临沧市沧源佤族自治县","公务员/事业单位;2025;computer_software;data_ai;electronics_communication;本科及以上;与最高学历相对应的学位;数学类、统计学类、电子信息类、计算机类;行政执法类","用人司局：国家税务总局沧源县税务局
职位简介：税收大数据分析
专业要求：数学类、统计学类、电子信息类、计算机类
学历要求：本科及以上
学位要求：与最高学历相对应的学位
政治面貌：不限
基层工作经历：无限制
考试类别：行政执法类
备注：2025届高校毕业生，男性，本单位不提供宿舍，在本单位最低服务年限为5年","https://www.xjhc.gov.cn/xjhc/c116834/202410/a29382e11a674da3be3353af65f9fcc5.shtml#130130-300110520002","2024-10-14","{""dataset_year"":2025,""job_uid"":""GOV-2025-130130-300110520002"",""publisher"":""国家公务员局"",""publication_page"":""https://www.xjhc.gov.cn/xjhc/c116834/202410/a29382e11a674da3be3353af65f9fcc5.shtml"",""attachment_url"":""https://www.xjhc.gov.cn/xjhc/c116834/202410/a29382e11a674da3be3353af65f9fcc5/files/0536cef86e2b46ddad6aae5a3780089e.xls"",""local_source_file"":""2025_guokao_zhaokaojianzhang.xls"",""local_source_sha256"":""07ae6cab368cd21b7a1ac3e8150fe9a3d39ad5171ce76135ff3cccfe50c3e77e"",""source_sheet"":""中央国家行政机关省级以下直属机构"",""filter_version"":""government_tech_v2"",""tech_filter"":{""is_tech"":true,""is_core_tech"":true,""scope"":""core"",""categories"":[""computer_software"",""data_ai"",""electronics_communication""],""matched_fields"":[""major"",""description""],""major_terms"":[""电子信息类"",""计算机类""],""role_terms"":[""大数据"",""数据分析""],""reason"":""tech_major_and_role""},""original"":{""部门代码"":""130130"",""部门名称"":""国家税务总局云南省税务局"",""用人司局"":""国家税务总局沧源县税务局"",""机构性质"":""中央国家行政机关省级以下直属机构"",""招考职位"":""一级行政执法员（二）"",""职位属性"":""普通职位"",""职位分布"":""西部地区和艰苦边远地区职位"",""职位简介"":""税收大数据分析"",""职位代码"":""300110520002"",""机构层级"":""县（区）级及以下"",""考试类别"":""行政执法类"",""招考人数"":""1"",""专业"":""数学类、统计学类、电子信息类、计算机类"",""学历"":""本科及以上"",""学位"":""与最高学历相对应的学位"",""政治面貌"":""不限"",""基层工作最低年限"":""无限制"",""服务基层项目工作经历"":""无限制"",""是否在面试阶段组织专业能力测试"":""否"",""面试人员比例"":""3:1"",""工作地点"":""云南省临沧市沧源佤族自治县"",""落户地点"":""云南省临沧市沧源佤族自治县"",""备注"":""2025届高校毕业生，男性，本单位不提供宿舍，在本单位最低服务年限为5年"",""部门网站"":""http://yunnan.chinatax.gov.cn/"",""咨询电话1"":""0871-63121915"",""咨询电话2"":"""",""咨询电话3"":"""",""来源Sheet"":""中央国家行政机关省级以下直属机构""}}"
"government_jobs","国家公务员2025招考简章","公务员/事业单位技术岗位","云南省昆明市嵩明县","2026-07-28T09:12:58.310295+00:00","一级行政执法员（三）","国家税务总局云南省税务局","","云南省昆明市嵩明县","公务员/事业单位;2025;computer_software;data_ai;本科及以上;与最高学历相对应的学位;数学类、统计学类、计算机类;行政执法类","用人司局：国家税务总局嵩明县税务局
职位简介：税收大数据分析
专业要求：数学类、统计学类、计算机类
学历要求：本科及以上
学位要求：与最高学历相对应的学位
政治面貌：不限
基层工作经历：无限制
考试类别：行政执法类
备注：应届高校毕业生，本单位不提供宿舍，在本单位最低服务年限为5年","https://www.xjhc.gov.cn/xjhc/c116834/202410/a29382e11a674da3be3353af65f9fcc5.shtml#130130-300110530003","2024-10-14","{""dataset_year"":2025,""job_uid"":""GOV-2025-130130-300110530003"",""publisher"":""国家公务员局"",""publication_page"":""https://www.xjhc.gov.cn/xjhc/c116834/202410/a29382e11a674da3be3353af65f9fcc5.shtml"",""attachment_url"":""https://www.xjhc.gov.cn/xjhc/c116834/202410/a29382e11a674da3be3353af65f9fcc5/files/0536cef86e2b46ddad6aae5a3780089e.xls"",""local_source_file"":""2025_guokao_zhaokaojianzhang.xls"",""local_source_sha256"":""07ae6cab368cd21b7a1ac3e8150fe9a3d39ad5171ce76135ff3cccfe50c3e77e"",""source_sheet"":""中央国家行政机关省级以下直属机构"",""filter_version"":""government_tech_v2"",""tech_filter"":{""is_tech"":true,""is_core_tech"":true,""scope"":""core"",""categories"":[""computer_software"",""data_ai""],""matched_fields"":[""major"",""description""],""major_terms"":[""计算机类""],""role_terms"":[""大数据"",""数据分析""],""reason"":""tech_major_and_role""},""original"":{""部门代码"":""130130"",""部门名称"":""国家税务总局云南省税务局"",""用人司局"":""国家税务总局嵩明县税务局"",""机构性质"":""中央国家行政机关省级以下直属机构"",""招考职位"":""一级行政执法员（三）"",""职位属性"":""普通职位"",""职位分布"":""西部地区和艰苦边远地区职位"",""职位简介"":""税收大数据分析"",""职位代码"":""300110530003"",""机构层级"":""县（区）级及以下"",""考试类别"":""行政执法类"",""招考人数"":""1"",""专业"":""数学类、统计学类、计算机类"",""学历"":""本科及以上"",""学位"":""与最高学历相对应的学位"",""政治面貌"":""不限"",""基层工作最低年限"":""无限制"",""服务基层项目工作经历"":""无限制"",""是否在面试阶段组织专业能力测试"":""否"",""面试人员比例"":""3:1"",""工作地点"":""云南省昆明市嵩明县"",""落户地点"":""云南省昆明市嵩明县"",""备注"":""应届高校毕业生，本单位不提供宿舍，在本单位最低服务年限为5年"",""部门网站"":""http://yunnan.chinatax.gov.cn/"",""咨询电话1"":""0871-63121915"",""咨询电话2"":"""",""咨询电话3"":"""",""来源Sheet"":""中央国家行政机关省级以下直属机构""}}"
"government_jobs","国家公务员2025招考简章","公务员/事业单位技术岗位","青海省西宁市城中区","2026-07-28T09:12:58.310295+00:00","第二税务分局（税收大数据和风险管理局）一级主管及以下","国家税务总局青海省税务局","","青海省西宁市城中区","公务员/事业单位;2025;computer_software;data_ai;electronics_communication;硕士研究生及以上;与最高学历相对应的学位;数学类、地理科学类、统计学类、电子信息类、计算机类、测绘类;中央机关及其省级直属机构综合管理类","用人司局：国家税务总局青海省税务局
职位简介：从事税收大数据和风险管理等工作
专业要求：数学类、地理科学类、统计学类、电子信息类、计算机类、测绘类
学历要求：硕士研究生及以上
学位要求：与最高学历相对应的学位
政治面貌：不限
基层工作经历：二年
考试类别：中央机关及其省级直属机构综合管理类
备注：本单位不提供宿舍，在本单位最低服务年限为5年","https://www.xjhc.gov.cn/xjhc/c116834/202410/a29382e11a674da3be3353af65f9fcc5.shtml#130134-300110000002","2024-10-14","{""dataset_year"":2025,""job_uid"":""GOV-2025-130134-300110000002"",""publisher"":""国家公务员局"",""publication_page"":""https://www.xjhc.gov.cn/xjhc/c116834/202410/a29382e11a674da3be3353af65f9fcc5.shtml"",""attachment_url"":""https://www.xjhc.gov.cn/xjhc/c116834/202410/a29382e11a674da3be3353af65f9fcc5/files/0536cef86e2b46ddad6aae5a3780089e.xls"",""local_source_file"":""2025_guokao_zhaokaojianzhang.xls"",""local_source_sha256"":""07ae6cab368cd21b7a1ac3e8150fe9a3d39ad5171ce76135ff3cccfe50c3e77e"",""source_sheet"":""中央国家行政机关省级以下直属机构"",""filter_version"":""government_tech_v2"",""tech_filter"":{""is_tech"":true,""is_core_tech"":true,""scope"":""core"",""categories"":[""computer_software"",""data_ai"",""electronics_communication""],""matched_fields"":[""major"",""job_title"",""description""],""major_terms"":[""电子信息类"",""计算机类""],""role_terms"":[""大数据""],""reason"":""tech_major_and_role""},""original"":{""部门代码"":""130134"",""部门名称"":""国家税务总局青海省税务局"",""用人司局"":""国家税务总局青海省税务局"",""机构性质"":""中央国家行政机关省级以下直属机构"",""招考职位"":""第二税务分局（税收大数据和风险管理局）一级主管及以下"",""职位属性"":""普通职位"",""职位分布"":""其他职位"",""职位简介"":""从事税收大数据和风险管理等工作"",""职位代码"":""300110000002"",""机构层级"":""省（副省）级"",""考试类别"":""中央机关及其省级直属机构综合管理类"",""招考人数"":""1"",""专业"":""数学类、地理科学类、统计学类、电子信息类、计算机类、测绘类"",""学历"":""硕士研究生及以上"",""学位"":""与最高学历相对应的学位"",""政治面貌"":""不限"",""基层工作最低年限"":""二年"",""服务基层项目工作经历"":""无限制"",""是否在面试阶段组织专业能力测试"":""否"",""面试人员比例"":""5:1"",""工作地点"":""青海省西宁市城中区"",""落户地点"":""青海省西宁市城中区"",""备注"":""本单位不提供宿舍，在本单位最低服务年限为5年"",""部门网站"":""http://qinghai.chinatax.gov.cn/"",""咨询电话1"":""0971-8220432"",""咨询电话2"":"""",""咨询电话3"":"""",""来源Sheet"":""中央国家行政机关省级以下直属机构""}}"
"government_jobs","国家公务员2025招考简章","公务员/事业单位技术岗位","北京市","2026-07-28T09:12:58.310295+00:00","第一大队一级主任科员及以下（二）","国家税务总局驻北京特派员办事处","","北京市","公务员/事业单位;2025;computer_software;data_ai;electronics_communication;硕士研究生及以上;与最高学历相对应的学位;电子信息类、计算机类;中央机关及其省级直属机构综合管理类","用人司局：国家税务总局驻北京特派员办事处
职位简介：从事数据采集、数据处理和统计分析相关工作
专业要求：电子信息类、计算机类
学历要求：硕士研究生及以上
学位要求：与最高学历相对应的学位
政治面貌：中共党员
基层工作经历：二年
考试类别：中央机关及其省级直属机构综合管理类
备注：在本单位最低服务年限为5年；本单位不提供住宿；本岗位长期出差。","https://www.xjhc.gov.cn/xjhc/c116834/202410/a29382e11a674da3be3353af65f9fcc5.shtml#130201-300110001006","2024-10-14","{""dataset_year"":2025,""job_uid"":""GOV-2025-130201-300110001006"",""publisher"":""国家公务员局"",""publication_page"":""https://www.xjhc.gov.cn/xjhc/c116834/202410/a29382e11a674da3be3353af65f9fcc5.shtml"",""attachment_url"":""https://www.xjhc.gov.cn/xjhc/c116834/202410/a29382e11a674da3be3353af65f9fcc5/files/0536cef86e2b46ddad6aae5a3780089e.xls"",""local_source_file"":""2025_guokao_zhaokaojianzhang.xls"",""local_source_sha256"":""07ae6cab368cd21b7a1ac3e8150fe9a3d39ad5171ce76135ff3cccfe50c3e77e"",""source_sheet"":""中央国家行政机关省级以下直属机构"",""filter_version"":""government_tech_v2"",""tech_filter"":{""is_tech"":true,""is_core_tech"":true,""scope"":""core"",""categories"":[""computer_software"",""data_ai"",""electronics_communication""],""matched_fields"":[""major"",""description""],""major_terms"":[""电子信息类"",""计算机类""],""role_terms"":[""数据处理""],""reason"":""tech_major_and_role""},""original"":{""部门代码"":""130201"",""部门名称"":""国家税务总局驻北京特派员办事处"",""用人司局"":""国家税务总局驻北京特派员办事处"",""机构性质"":""中央国家行政机关省级以下直属机构"",""招考职位"":""第一大队一级主任科员及以下（二）"",""职位属性"":""普通职位"",""职位分布"":""其他职位"",""职位简介"":""从事数据采集、数据处理和统计分析相关工作"",""职位代码"":""300110001006"",""机构层级"":""省（副省）级"",""考试类别"":""中央机关及其省级直属机构综合管理类"",""招考人数"":""1"",""专业"":""电子信息类、计算机类"",""学历"":""硕士研究生及以上"",""学位"":""与最高学历相对应的学位"",""政治面貌"":""中共党员"",""基层工作最低年限"":""二年"",""服务基层项目工作经历"":""无限制"",""是否在面试阶段组织专业能力测试"":""否"",""面试人员比例"":""5:1"",""工作地点"":""北京市"",""落户地点"":""北京市"",""备注"":""在本单位最低服务年限为5年；本单位不提供住宿；本岗位长期出差。"",""部门网站"":""https://www.chinatax.gov.cn"",""咨询电话1"":""010-61986007"",""咨询电话2"":"""",""咨询电话3"":"""",""来源Sheet"":""中央国家行政机关省级以下直属机构""}}"
"government_jobs","国家公务员2025招考简章","公务员/事业单位技术岗位","广东省广州市","2026-07-28T09:12:58.310295+00:00","监管处一级主任科员及以下","国家税务总局驻广州特派员办事处","","广东省广州市","公务员/事业单位;2025;computer_software;data_ai;硕士研究生及以上;与最高学历相对应的学位;数学类、统计学类、计算机类;中央机关及其省级直属机构综合管理类","用人司局：国家税务总局驻广州特派员办事处
职位简介：从事税收大数据分析应用工作
专业要求：数学类、统计学类、计算机类
学历要求：硕士研究生及以上
学位要求：与最高学历相对应的学位
政治面貌：不限
基层工作经历：二年
考试类别：中央机关及其省级直属机构综合管理类
备注：在本单位最低服务年限为5年；本单位不提供宿舍，本岗位长期出差。","https://www.xjhc.gov.cn/xjhc/c116834/202410/a29382e11a674da3be3353af65f9fcc5.shtml#130202-300110001001","2024-10-14","{""dataset_year"":2025,""job_uid"":""GOV-2025-130202-300110001001"",""publisher"":""国家公务员局"",""publication_page"":""https://www.xjhc.gov.cn/xjhc/c116834/202410/a29382e11a674da3be3353af65f9fcc5.shtml"",""attachment_url"":""https://www.xjhc.gov.cn/xjhc/c116834/202410/a29382e11a674da3be3353af65f9fcc5/files/0536cef86e2b46ddad6aae5a3780089e.xls"",""local_source_file"":""2025_guokao_zhaokaojianzhang.xls"",""local_source_sha256"":""07ae6cab368cd21b7a1ac3e8150fe9a3d39ad5171ce76135ff3cccfe50c3e77e"",""source_sheet"":""中央国家行政机关省级以下直属机构"",""filter_version"":""government_tech_v2"",""tech_filter"":{""is_tech"":true,""is_core_tech"":true,""scope"":""core"",""categories"":[""computer_software"",""data_ai""],""matched_fields"":[""major"",""description""],""major_terms"":[""计算机类""],""role_terms"":[""大数据"",""数据分析""],""reason"":""tech_major_and_role""},""original"":{""部门代码"":""130202"",""部门名称"":""国家税务总局驻广州特派员办事处"",""用人司局"":""国家税务总局驻广州特派员办事处"",""机构性质"":""中央国家行政机关省级以下直属机构"",""招考职位"":""监管处一级主任科员及以下"",""职位属性"":""普通职位"",""职位分布"":""其他职位"",""职位简介"":""从事税收大数据分析应用工作"",""职位代码"":""300110001001"",""机构层级"":""省（副省）级"",""考试类别"":""中央机关及其省级直属机构综合管理类"",""招考人数"":""2"",""专业"":""数学类、统计学类、计算机类"",""学历"":""硕士研究生及以上"",""学位"":""与最高学历相对应的学位"",""政治面貌"":""不限"",""基层工作最低年限"":""二年"",""服务基层项目工作经历"":""无限制"",""是否在面试阶段组织专业能力测试"":""否"",""面试人员比例"":""5:1"",""工作地点"":""广东省广州市"",""落户地点"":""广东省广州市"",""备注"":""在本单位最低服务年限为5年；本单位不提供宿舍，本岗位长期出差。"",""部门网站"":""http://www.chinatax.gov.cn/"",""咨询电话1"":""020-31653979"",""咨询电话2"":"""",""咨询电话3"":"""",""来源Sheet"":""中央国家行政机关省级以下直属机构""}}"
"government_jobs","国家公务员2025招考简章","公务员/事业单位技术岗位","北京市海淀区","2026-07-28T09:12:58.310295+00:00","信息技术与自动化标准处一级主任科员及以下","国家市场监督管理总局","","北京市海淀区","公务员/事业单位;2025;automation_robotics;computer_software;cybersecurity_cryptography;electronics_communication;硕士研究生及以上;与最高学历相对应的学位;0808电气工程、0809电子科学与技术（可授工学、理学学位）、0810信息与通信工程、0811控制科学与工程、0812计算机科学与技术（可授工学、理学学位）、0835软件工程、0839网络空间安全、0854电子信息;中央机关及其省级直属机构综合管理类","用人司局：标准技术管理司
职位简介：从事电子信息等领域标准化规划、政策拟定工作，国家标准制修订管理等工作。
专业要求：0808电气工程、0809电子科学与技术（可授工学、理学学位）、0810信息与通信工程、0811控制科学与工程、0812计算机科学与技术（可授工学、理学学位）、0835软件工程、0839网络空间安全、0854电子信息
学历要求：硕士研究生及以上
学位要求：与最高学历相对应的学位
政治面貌：中共党员
基层工作经历：二年
考试类别：中央机关及其省级直属机构综合管理类
备注：具备电气工程、电子科学与技术、信息与通信工程、控制科学与工程、计算机科学与技术、软件工程、网络空间安全或电子信息等任一专业领域相关工作经历，具有较强文字功底。","https://www.xjhc.gov.cn/xjhc/c116834/202410/a29382e11a674da3be3353af65f9fcc5.shtml#131000-200110022004","2024-10-14","{""dataset_year"":2025,""job_uid"":""GOV-2025-131000-200110022004"",""publisher"":""国家公务员局"",""publication_page"":""https://www.xjhc.gov.cn/xjhc/c116834/202410/a29382e11a674da3be3353af65f9fcc5.shtml"",""attachment_url"":""https://www.xjhc.gov.cn/xjhc/c116834/202410/a29382e11a674da3be3353af65f9fcc5/files/0536cef86e2b46ddad6aae5a3780089e.xls"",""local_source_file"":""2025_guokao_zhaokaojianzhang.xls"",""local_source_sha256"":""07ae6cab368cd21b7a1ac3e8150fe9a3d39ad5171ce76135ff3cccfe50c3e77e"",""source_sheet"":""中央国家行政机关（本级）"",""filter_version"":""government_tech_v2"",""tech_filter"":{""is_tech"":true,""is_core_tech"":true,""scope"":""core"",""categories"":[""automation_robotics"",""computer_software"",""cybersecurity_cryptography"",""electronics_communication""],""matched_fields"":[""major"",""job_title"",""description"",""remarks""],""major_terms"":[""信息与通信工程"",""控制科学与工程"",""电子信息"",""电子科学与技术"",""网络空间安全"",""计算机科学与技术"",""软件工程"",""通信工程""],""role_terms"":[""信息技术"",""电子信息"",""网络空间安全"",""自动化"",""计算机"",""软件"",""软件工程""],""reason"":""tech_major_and_role""},""original"":{""部门代码"":""131000"",""部门名称"":""国家市场监督管理总局"",""用人司局"":""标准技术管理司"",""机构性质"":""中央国家行政机关（本级）"",""招考职位"":""信息技术与自动化标准处一级主任科员及以下"",""职位属性"":""普通职位"",""职位分布"":""其他职位"",""职位简介"":""从事电子信息等领域标准化规划、政策拟定工作，国家标准制修订管理等工作。"",""职位代码"":""200110022004"",""机构层级"":""中央"",""考试类别"":""中央机关及其省级直属机构综合管理类"",""招考人数"":""1"",""专业"":""0808电气工程、0809电子科学与技术（可授工学、理学学位）、0810信息与通信工程、0811控制科学与工程、0812计算机科学与技术（可授工学、理学学位）、0835软件工程、0839网络空间安全、0854电子信息"",""学历"":""硕士研究生及以上"",""学位"":""与最高学历相对应的学位"",""政治面貌"":""中共党员"",""基层工作最低年限"":""二年"",""服务基层项目工作经历"":""无限制"",""是否在面试阶段组织专业能力测试"":""否"",""面试人员比例"":""5:1"",""工作地点"":""北京市海淀区"",""落户地点"":""北京市海淀区"",""备注"":""具备电气工程、电子科学与技术、信息与通信工程、控制科学与工程、计算机科学与技术、软件工程、网络空间安全或电子信息等任一专业领域相关工作经历，具有较强文字功底。"",""部门网站"":""http://www.samr.gov.cn/"",""咨询电话1"":""010-82262190"",""咨询电话2"":""010-82262236"",""咨询电话3"":"""",""来源Sheet"":""中央国家行政机关（本级）""}}"
"government_jobs","国家公务员2025招考简章","公务员/事业单位技术岗位","北京市西城区","2026-07-28T09:12:58.310295+00:00","一级主任科员及以下","国家金融监督管理总局","","北京市西城区","公务员/事业单位;2025;computer_software;仅限硕士研究生;与最高学历相对应的学位;最高学历专业为计算机科学与技术、软件工程、数据科学与大数据技术;中央机关及其省级直属机构综合管理类","用人司局：计算机岗
职位简介：从事稽查调查或综合类工作
专业要求：最高学历专业为计算机科学与技术、软件工程、数据科学与大数据技术
学历要求：仅限硕士研究生
学位要求：与最高学历相对应的学位
政治面貌：不限
基层工作经历：二年
考试类别：中央机关及其省级直属机构综合管理类
备注：1.大学英语六级成绩在425分以上（雅思成绩在6.5分以上或托福成绩在90分以上亦可）。请考生报考时在备注栏注明已获得的英语等级证书及成绩。
2.具有两年以上金融机构工作经历或计算机相关工作经历。
3.岗位工作强度大，需要经常出差，可能面临一定对抗性。
4.有关专业考试信息请参见国家金融监督管理总局网站2025年度招考公告。","https://www.xjhc.gov.cn/xjhc/c116834/202410/a29382e11a674da3be3353af65f9fcc5.shtml#132000-200147003001","2024-10-14","{""dataset_year"":2025,""job_uid"":""GOV-2025-132000-200147003001"",""publisher"":""国家公务员局"",""publication_page"":""https://www.xjhc.gov.cn/xjhc/c116834/202410/a29382e11a674da3be3353af65f9fcc5.shtml"",""attachment_url"":""https://www.xjhc.gov.cn/xjhc/c116834/202410/a29382e11a674da3be3353af65f9fcc5/files/0536cef86e2b46ddad6aae5a3780089e.xls"",""local_source_file"":""2025_guokao_zhaokaojianzhang.xls"",""local_source_sha256"":""07ae6cab368cd21b7a1ac3e8150fe9a3d39ad5171ce76135ff3cccfe50c3e77e"",""source_sheet"":""中央国家行政机关（本级）"",""filter_version"":""government_tech_v2"",""tech_filter"":{""is_tech"":true,""is_core_tech"":true,""scope"":""core"",""categories"":[""computer_software""],""matched_fields"":[""major"",""office"",""remarks""],""major_terms"":[""大数据"",""数据科学与大数据技术"",""计算机科学与技术"",""软件工程""],""role_terms"":[""计算机""],""reason"":""tech_major_and_role""},""original"":{""部门代码"":""132000"",""部门名称"":""国家金融监督管理总局"",""用人司局"":""计算机岗"",""机构性质"":""中央国家行政机关（本级）"",""招考职位"":""一级主任科员及以下"",""职位属性"":""金融监管计算机类职位"",""职位分布"":""其他职位"",""职位简介"":""从事稽查调查或综合类工作"",""职位代码"":""200147003001"",""机构层级"":""中央"",""考试类别"":""中央机关及其省级直属机构综合管理类"",""招考人数"":""8"",""专业"":""最高学历专业为计算机科学与技术、软件工程、数据科学与大数据技术"",""学历"":""仅限硕士研究生"",""学位"":""与最高学历相对应的学位"",""政治面貌"":""不限"",""基层工作最低年限"":""二年"",""服务基层项目工作经历"":""无限制"",""是否在面试阶段组织专业能力测试"":""否"",""面试人员比例"":""4:1"",""工作地点"":""北京市西城区"",""落户地点"":""北京市西城区"",""备注"":""1.大学英语六级成绩在425分以上（雅思成绩在6.5分以上或托福成绩在90分以上亦可）。请考生报考时在备注栏注明已获得的英语等级证书及成绩。\n2.具有两年以上金融机构工作经历或计算机相关工作经历。\n3.岗位工作强度大，需要经常出差，可能面临一定对抗性。\n4.有关专业考试信息请参见国家金融监督管理总局网站2025年度招考公告。"",""部门网站"":""www.cbirc.gov.cn"",""咨询电话1"":""010-66279151"",""咨询电话2"":"""",""咨询电话3"":"""",""来源Sheet"":""中央国家行政机关（本级）""}}"
"government_jobs","国家公务员2025招考简章","公务员/事业单位技术岗位","天津市","2026-07-28T09:12:58.310295+00:00","统计信息部门一级主任科员及以下","国家金融监督管理总局天津监管局","","天津市","公务员/事业单位;2025;computer_software;electronics_communication;硕士研究生及以上;与最高学历相对应的学位;信息与通信工程、计算机科学与技术、软件工程;中央机关及其省级直属机构综合管理类","用人司局：国家金融监督管理总局天津监管局
职位简介：主要从事金融信息科技风险监管、电子设备软硬件管理及信息系统运行维护等工作
专业要求：信息与通信工程、计算机科学与技术、软件工程
学历要求：硕士研究生及以上
学位要求：与最高学历相对应的学位
政治面貌：不限
基层工作经历：二年
考试类别：中央机关及其省级直属机构综合管理类
备注：1.报名时请在专业栏中同时填写专业名称和专业代码；2.要求研究生学历大学英语六级成绩425分及以上，请在外语水平栏中注明成绩；3.考生按天津市落户政策自行办理落户；4.专业考试信息请参见国家金融监督管理总局2025年度招考公告。","https://www.xjhc.gov.cn/xjhc/c116834/202410/a29382e11a674da3be3353af65f9fcc5.shtml#132102-300147002001","2024-10-14","{""dataset_year"":2025,""job_uid"":""GOV-2025-132102-300147002001"",""publisher"":""国家公务员局"",""publication_page"":""https://www.xjhc.gov.cn/xjhc/c116834/202410/a29382e11a674da3be3353af65f9fcc5.shtml"",""attachment_url"":""https://www.xjhc.gov.cn/xjhc/c116834/202410/a29382e11a674da3be3353af65f9fcc5/files/0536cef86e2b46ddad6aae5a3780089e.xls"",""local_source_file"":""2025_guokao_zhaokaojianzhang.xls"",""local_source_sha256"":""07ae6cab368cd21b7a1ac3e8150fe9a3d39ad5171ce76135ff3cccfe50c3e77e"",""source_sheet"":""中央国家行政机关省级以下直属机构"",""filter_version"":""government_tech_v2"",""tech_filter"":{""is_tech"":true,""is_core_tech"":true,""scope"":""core"",""categories"":[""computer_software"",""electronics_communication""],""matched_fields"":[""major"",""description""],""major_terms"":[""信息与通信工程"",""计算机科学与技术"",""软件工程"",""通信工程""],""role_terms"":[""信息科技"",""信息系统"",""软硬件""],""reason"":""tech_major_and_role""},""original"":{""部门代码"":""132102"",""部门名称"":""国家金融监督管理总局天津监管局"",""用人司局"":""国家金融监督管理总局天津监管局"",""机构性质"":""中央国家行政机关省级以下直属机构"",""招考职位"":""统计信息部门一级主任科员及以下"",""职位属性"":""金融监管计算机类职位"",""职位分布"":""其他职位"",""职位简介"":""主要从事金融信息科技风险监管、电子设备软硬件管理及信息系统运行维护等工作"",""职位代码"":""300147002001"",""机构层级"":""省（副省）级"",""考试类别"":""中央机关及其省级直属机构综合管理类"",""招考人数"":""4"",""专业"":""信息与通信工程、计算机科学与技术、软件工程"",""学历"":""硕士研究生及以上"",""学位"":""与最高学历相对应的学位"",""政治面貌"":""不限"",""基层工作最低年限"":""二年"",""服务基层项目工作经历"":""无限制"",""是否在面试阶段组织专业能力测试"":""否"",""面试人员比例"":""4:1"",""工作地点"":""天津市"",""落户地点"":""天津市"",""备注"":""1.报名时请在专业栏中同时填写专业名称和专业代码；2.要求研究生学历大学英语六级成绩425分及以上，请在外语水平栏中注明成绩；3.考生按天津市落户政策自行办理落户；4.专业考试信息请参见国家金融监督管理总局2025年度招考公告。"",""部门网站"":""http://www.cbirc.gov.cn/"",""咨询电话1"":""022-83866104"",""咨询电话2"":"""",""咨询电话3"":"""",""来源Sheet"":""中央国家行政机关省级以下直属机构""}}"
"government_jobs","国家公务员2025招考简章","公务员/事业单位技术岗位","河北省石家庄市","2026-07-28T09:12:58.310295+00:00","统计信息部门一级主任科员及以下","国家金融监督管理总局河北监管局","","河北省石家庄市","公务员/事业单位;2025;computer_software;硕士研究生及以上;与最高学历相对应的学位;本科阶段须为计算机类，专业代码0809开头；研究生阶段须为计算机类;中央机关及其省级直属机构综合管理类","用人司局：国家金融监督管理总局河北监管局
职位简介：主要从事金融信息科技风险监管、电子设备软硬件管理及信息系统运行维护等工作
专业要求：本科阶段须为计算机类，专业代码0809开头；研究生阶段须为计算机类
学历要求：硕士研究生及以上
学位要求：与最高学历相对应的学位
政治面貌：不限
基层工作经历：二年
考试类别：中央机关及其省级直属机构综合管理类
备注：1.报名时请在专业栏中同时填写本科、研究生阶段专业名称和专业代码；2.要求基层工作最低年限二年，请在简历栏中注明相关经历；3.要求研究生学历大学英语六级成绩425分及以上，请在外语水平栏中注明成绩；4.专业考试信息请参见国家金融监督管理总局2025年度招考公告。","https://www.xjhc.gov.cn/xjhc/c116834/202410/a29382e11a674da3be3353af65f9fcc5.shtml#132103-300147003001","2024-10-14","{""dataset_year"":2025,""job_uid"":""GOV-2025-132103-300147003001"",""publisher"":""国家公务员局"",""publication_page"":""https://www.xjhc.gov.cn/xjhc/c116834/202410/a29382e11a674da3be3353af65f9fcc5.shtml"",""attachment_url"":""https://www.xjhc.gov.cn/xjhc/c116834/202410/a29382e11a674da3be3353af65f9fcc5/files/0536cef86e2b46ddad6aae5a3780089e.xls"",""local_source_file"":""2025_guokao_zhaokaojianzhang.xls"",""local_source_sha256"":""07ae6cab368cd21b7a1ac3e8150fe9a3d39ad5171ce76135ff3cccfe50c3e77e"",""source_sheet"":""中央国家行政机关省级以下直属机构"",""filter_version"":""government_tech_v2"",""tech_filter"":{""is_tech"":true,""is_core_tech"":true,""scope"":""core"",""categories"":[""computer_software""],""matched_fields"":[""major"",""description""],""major_terms"":[""计算机类""],""role_terms"":[""信息科技"",""信息系统"",""软硬件""],""reason"":""tech_major_and_role""},""original"":{""部门代码"":""132103"",""部门名称"":""国家金融监督管理总局河北监管局"",""用人司局"":""国家金融监督管理总局河北监管局"",""机构性质"":""中央国家行政机关省级以下直属机构"",""招考职位"":""统计信息部门一级主任科员及以下"",""职位属性"":""金融监管计算机类职位"",""职位分布"":""其他职位"",""职位简介"":""主要从事金融信息科技风险监管、电子设备软硬件管理及信息系统运行维护等工作"",""职位代码"":""300147003001"",""机构层级"":""省（副省）级"",""考试类别"":""中央机关及其省级直属机构综合管理类"",""招考人数"":""2"",""专业"":""本科阶段须为计算机类，专业代码0809开头；研究生阶段须为计算机类"",""学历"":""硕士研究生及以上"",""学位"":""与最高学历相对应的学位"",""政治面貌"":""不限"",""基层工作最低年限"":""二年"",""服务基层项目工作经历"":""无限制"",""是否在面试阶段组织专业能力测试"":""否"",""面试人员比例"":""4:1"",""工作地点"":""河北省石家庄市"",""落户地点"":""河北省石家庄市"",""备注"":""1.报名时请在专业栏中同时填写本科、研究生阶段专业名称和专业代码；2.要求基层工作最低年限二年，请在简历栏中注明相关经历；3.要求研究生学历大学英语六级成绩425分及以上，请在外语水平栏中注明成绩；4.专业考试信息请参见国家金融监督管理总局2025年度招考公告。"",""部门网站"":""http://www.cbirc.gov.cn/"",""咨询电话1"":""0311-68098133"",""咨询电话2"":""0311-68098375"",""咨询电话3"":"""",""来源Sheet"":""中央国家行政机关省级以下直属机构""}}"
"government_jobs","国家公务员2025招考简章","公务员/事业单位技术岗位","河北省沧州市","2026-07-28T09:12:58.310295+00:00","统计信息部门一级主任科员及以下","国家金融监督管理总局河北监管局","","河北省沧州市","公务员/事业单位;2025;computer_software;本科及以上;与最高学历相对应的学位;本科阶段须为计算机类，专业代码0809开头；研究生阶段不限专业;市（地）级及以下直属机构综合管理类","用人司局：国家金融监督管理总局沧州监管分局
职位简介：主要从事金融信息科技风险监管、电子设备软硬件管理及信息系统运行维护等工作
专业要求：本科阶段须为计算机类，专业代码0809开头；研究生阶段不限专业
学历要求：本科及以上
学位要求：与最高学历相对应的学位
政治面貌：不限
基层工作经历：无限制
考试类别：市（地）级及以下直属机构综合管理类
备注：1.报名时请在专业栏中同时填写本科、研究生阶段专业名称和专业代码；2.限应届高校毕业生报考，请在备注栏中注明本人具有应届高校毕业生身份；3.要求本科学历大学英语四级成绩425分及以上，请在外语水平栏中注明成绩；4.专业考试信息请参见国家金融监督管理总局2025年度招考公告。","https://www.xjhc.gov.cn/xjhc/c116834/202410/a29382e11a674da3be3353af65f9fcc5.shtml#132103-300147005001","2024-10-14","{""dataset_year"":2025,""job_uid"":""GOV-2025-132103-300147005001"",""publisher"":""国家公务员局"",""publication_page"":""https://www.xjhc.gov.cn/xjhc/c116834/202410/a29382e11a674da3be3353af65f9fcc5.shtml"",""attachment_url"":""https://www.xjhc.gov.cn/xjhc/c116834/202410/a29382e11a674da3be3353af65f9fcc5/files/0536cef86e2b46ddad6aae5a3780089e.xls"",""local_source_file"":""2025_guokao_zhaokaojianzhang.xls"",""local_source_sha256"":""07ae6cab368cd21b7a1ac3e8150fe9a3d39ad5171ce76135ff3cccfe50c3e77e"",""source_sheet"":""中央国家行政机关省级以下直属机构"",""filter_version"":""government_tech_v2"",""tech_filter"":{""is_tech"":true,""is_core_tech"":true,""scope"":""core"",""categories"":[""computer_software""],""matched_fields"":[""major"",""description""],""major_terms"":[""计算机类""],""role_terms"":[""信息科技"",""信息系统"",""软硬件""],""reason"":""tech_major_and_role""},""original"":{""部门代码"":""132103"",""部门名称"":""国家金融监督管理总局河北监管局"",""用人司局"":""国家金融监督管理总局沧州监管分局"",""机构性质"":""中央国家行政机关省级以下直属机构"",""招考职位"":""统计信息部门一级主任科员及以下"",""职位属性"":""金融监管计算机类职位"",""职位分布"":""其他职位"",""职位简介"":""主要从事金融信息科技风险监管、电子设备软硬件管理及信息系统运行维护等工作"",""职位代码"":""300147005001"",""机构层级"":""市（地）级"",""考试类别"":""市（地）级及以下直属机构综合管理类"",""招考人数"":""1"",""专业"":""本科阶段须为计算机类，专业代码0809开头；研究生阶段不限专业"",""学历"":""本科及以上"",""学位"":""与最高学历相对应的学位"",""政治面貌"":""不限"",""基层工作最低年限"":""无限制"",""服务基层项目工作经历"":""无限制"",""是否在面试阶段组织专业能力测试"":""否"",""面试人员比例"":""3:1"",""工作地点"":""河北省沧州市"",""落户地点"":""河北省沧州市"",""备注"":""1.报名时请在专业栏中同时填写本科、研究生阶段专业名称和专业代码；2.限应届高校毕业生报考，请在备注栏中注明本人具有应届高校毕业生身份；3.要求本科学历大学英语四级成绩425分及以上，请在外语水平栏中注明成绩；4.专业考试信息请参见国家金融监督管理总局2025年度招考公告。"",""部门网站"":""http://www.cbirc.gov.cn/"",""咨询电话1"":""0311-68098133"",""咨询电话2"":""0311-68098375"",""咨询电话3"":"""",""来源Sheet"":""中央国家行政机关省级以下直属机构""}}"
"government_jobs","国家公务员2025招考简章","公务员/事业单位技术岗位","河北省衡水市","2026-07-28T09:12:58.310295+00:00","统计信息部门一级主任科员及以下","国家金融监督管理总局河北监管局","","河北省衡水市","公务员/事业单位;2025;computer_software;本科及以上;与最高学历相对应的学位;本科阶段须为计算机类，专业代码0809开头；研究生阶段不限专业;市（地）级及以下直属机构综合管理类","用人司局：国家金融监督管理总局衡水监管分局
职位简介：主要从事金融信息科技风险监管、电子设备软硬件管理及信息系统运行维护等工作
专业要求：本科阶段须为计算机类，专业代码0809开头；研究生阶段不限专业
学历要求：本科及以上
学位要求：与最高学历相对应的学位
政治面貌：不限
基层工作经历：无限制
考试类别：市（地）级及以下直属机构综合管理类
备注：1.报名时请在专业栏中同时填写本科、研究生阶段专业名称和专业代码；2.限应届高校毕业生报考，请在备注栏中注明本人具有应届高校毕业生身份；3.要求本科学历大学英语四级成绩425分及以上，请在外语水平栏中注明成绩；4.专业考试信息请参见国家金融监督管理总局2025年度招考公告。","https://www.xjhc.gov.cn/xjhc/c116834/202410/a29382e11a674da3be3353af65f9fcc5.shtml#132103-300147006001","2024-10-14","{""dataset_year"":2025,""job_uid"":""GOV-2025-132103-300147006001"",""publisher"":""国家公务员局"",""publication_page"":""https://www.xjhc.gov.cn/xjhc/c116834/202410/a29382e11a674da3be3353af65f9fcc5.shtml"",""attachment_url"":""https://www.xjhc.gov.cn/xjhc/c116834/202410/a29382e11a674da3be3353af65f9fcc5/files/0536cef86e2b46ddad6aae5a3780089e.xls"",""local_source_file"":""2025_guokao_zhaokaojianzhang.xls"",""local_source_sha256"":""07ae6cab368cd21b7a1ac3e8150fe9a3d39ad5171ce76135ff3cccfe50c3e77e"",""source_sheet"":""中央国家行政机关省级以下直属机构"",""filter_version"":""government_tech_v2"",""tech_filter"":{""is_tech"":true,""is_core_tech"":true,""scope"":""core"",""categories"":[""computer_software""],""matched_fields"":[""major"",""description""],""major_terms"":[""计算机类""],""role_terms"":[""信息科技"",""信息系统"",""软硬件""],""reason"":""tech_major_and_role""},""original"":{""部门代码"":""132103"",""部门名称"":""国家金融监督管理总局河北监管局"",""用人司局"":""国家金融监督管理总局衡水监管分局"",""机构性质"":""中央国家行政机关省级以下直属机构"",""招考职位"":""统计信息部门一级主任科员及以下"",""职位属性"":""金融监管计算机类职位"",""职位分布"":""其他职位"",""职位简介"":""主要从事金融信息科技风险监管、电子设备软硬件管理及信息系统运行维护等工作"",""职位代码"":""300147006001"",""机构层级"":""市（地）级"",""考试类别"":""市（地）级及以下直属机构综合管理类"",""招考人数"":""1"",""专业"":""本科阶段须为计算机类，专业代码0809开头；研究生阶段不限专业"",""学历"":""本科及以上"",""学位"":""与最高学历相对应的学位"",""政治面貌"":""不限"",""基层工作最低年限"":""无限制"",""服务基层项目工作经历"":""无限制"",""是否在面试阶段组织专业能力测试"":""否"",""面试人员比例"":""3:1"",""工作地点"":""河北省衡水市"",""落户地点"":""河北省衡水市"",""备注"":""1.报名时请在专业栏中同时填写本科、研究生阶段专业名称和专业代码；2.限应届高校毕业生报考，请在备注栏中注明本人具有应届高校毕业生身份；3.要求本科学历大学英语四级成绩425分及以上，请在外语水平栏中注明成绩；4.专业考试信息请参见国家金融监督管理总局2025年度招考公告。"",""部门网站"":""http://www.cbirc.gov.cn/"",""咨询电话1"":""0311-68098133"",""咨询电话2"":""0311-68098375"",""咨询电话3"":"""",""来源Sheet"":""中央国家行政机关省级以下直属机构""}}"
"government_jobs","国家公务员2025招考简章","公务员/事业单位技术岗位","山西省太原市","2026-07-28T09:12:58.310295+00:00","监管部门一级主任科员及以下","国家金融监督管理总局山西监管局","","山西省太原市","公务员/事业单位;2025;computer_software;硕士研究生及以上;与最高学历相对应的学位;计算机科学与技术、软件工程;中央机关及其省级直属机构综合管理类","用人司局：国家金融监督管理总局山西监管局
职位简介：主要从事金融信息科技风险监管、电子设备软硬件管理及信息系统运行维护等工作。
专业要求：计算机科学与技术、软件工程
学历要求：硕士研究生及以上
学位要求：与最高学历相对应的学位
政治面貌：不限
基层工作经历：二年
考试类别：中央机关及其省级直属机构综合管理类
备注：1.报名时请在专业栏中同时填写专业名称和专业代码；2.具有2年以上基层工作经历；3.要求研究生学历大学英语六级成绩425分及以上，请在外语水平栏中注明成绩；4.专业考试信息请参见国家金融监督管理总局2025年度招考公告。","https://www.xjhc.gov.cn/xjhc/c116834/202410/a29382e11a674da3be3353af65f9fcc5.shtml#132104-300147044001","2024-10-14","{""dataset_year"":2025,""job_uid"":""GOV-2025-132104-300147044001"",""publisher"":""国家公务员局"",""publication_page"":""https://www.xjhc.gov.cn/xjhc/c116834/202410/a29382e11a674da3be3353af65f9fcc5.shtml"",""attachment_url"":""https://www.xjhc.gov.cn/xjhc/c116834/202410/a29382e11a674da3be3353af65f9fcc5/files/0536cef86e2b46ddad6aae5a3780089e.xls"",""local_source_file"":""2025_guokao_zhaokaojianzhang.xls"",""local_source_sha256"":""07ae6cab368cd21b7a1ac3e8150fe9a3d39ad5171ce76135ff3cccfe50c3e77e"",""source_sheet"":""中央国家行政机关省级以下直属机构"",""filter_version"":""government_tech_v2"",""tech_filter"":{""is_tech"":true,""is_core_tech"":true,""scope"":""core"",""categories"":[""computer_software""],""matched_fields"":[""major"",""description""],""major_terms"":[""计算机科学与技术"",""软件工程""],""role_terms"":[""信息科技"",""信息系统"",""软硬件""],""reason"":""tech_major_and_role""},""original"":{""部门代码"":""132104"",""部门名称"":""国家金融监督管理总局山西监管局"",""用人司局"":""国家金融监督管理总局山西监管局"",""机构性质"":""中央国家行政机关省级以下直属机构"",""招考职位"":""监管部门一级主任科员及以下"",""职位属性"":""金融监管计算机类职位"",""职位分布"":""其他职位"",""职位简介"":""主要从事金融信息科技风险监管、电子设备软硬件管理及信息系统运行维护等工作。"",""职位代码"":""300147044001"",""机构层级"":""省（副省）级"",""考试类别"":""中央机关及其省级直属机构综合管理类"",""招考人数"":""2"",""专业"":""计算机科学与技术、软件工程"",""学历"":""硕士研究生及以上"",""学位"":""与最高学历相对应的学位"",""政治面貌"":""不限"",""基层工作最低年限"":""二年"",""服务基层项目工作经历"":""无限制"",""是否在面试阶段组织专业能力测试"":""否"",""面试人员比例"":""4:1"",""工作地点"":""山西省太原市"",""落户地点"":""山西省太原市"",""备注"":""1.报名时请在专业栏中同时填写专业名称和专业代码；2.具有2年以上基层工作经历；3.要求研究生学历大学英语六级成绩425分及以上，请在外语水平栏中注明成绩；4.专业考试信息请参见国家金融监督管理总局2025年度招考公告。"",""部门网站"":""http://www.cbirc.gov.cn/"",""咨询电话1"":""0351-7551671"",""咨询电话2"":""0351-7551670"",""咨询电话3"":"""",""来源Sheet"":""中央国家行政机关省级以下直属机构""}}"
"government_jobs","国家公务员2025招考简章","公务员/事业单位技术岗位","山西省忻州市","2026-07-28T09:12:58.310295+00:00","监管部门一级主任科员及以下","国家金融监督管理总局山西监管局","","山西省忻州市","公务员/事业单位;2025;computer_software;cybersecurity_cryptography;仅限本科;学士;计算机科学与技术、软件工程、网络工程、信息安全;市（地）级及以下直属机构综合管理类","用人司局：国家金融监督管理总局忻州监管分局
职位简介：主要从事金融信息科技风险监管、电子设备软硬件管理及信息系统运行维护等工作。
专业要求：计算机科学与技术、软件工程、网络工程、信息安全
学历要求：仅限本科
学位要求：学士
政治面貌：不限
基层工作经历：无限制
考试类别：市（地）级及以下直属机构综合管理类
备注：1.报名时请在专业栏中同时填写专业名称和专业代码；2.限应届高校毕业生报考，请在备注栏中注明本人具有应届高校毕业生身份；3.专业考试信息请参见国家金融监督管理总局2025年度招考公告。","https://www.xjhc.gov.cn/xjhc/c116834/202410/a29382e11a674da3be3353af65f9fcc5.shtml#132104-300147045002","2024-10-14","{""dataset_year"":2025,""job_uid"":""GOV-2025-132104-300147045002"",""publisher"":""国家公务员局"",""publication_page"":""https://www.xjhc.gov.cn/xjhc/c116834/202410/a29382e11a674da3be3353af65f9fcc5.shtml"",""attachment_url"":""https://www.xjhc.gov.cn/xjhc/c116834/202410/a29382e11a674da3be3353af65f9fcc5/files/0536cef86e2b46ddad6aae5a3780089e.xls"",""local_source_file"":""2025_guokao_zhaokaojianzhang.xls"",""local_source_sha256"":""07ae6cab368cd21b7a1ac3e8150fe9a3d39ad5171ce76135ff3cccfe50c3e77e"",""source_sheet"":""中央国家行政机关省级以下直属机构"",""filter_version"":""government_tech_v2"",""tech_filter"":{""is_tech"":true,""is_core_tech"":true,""scope"":""core"",""categories"":[""computer_software"",""cybersecurity_cryptography""],""matched_fields"":[""major"",""description""],""major_terms"":[""信息安全"",""网络工程"",""计算机科学与技术"",""软件工程""],""role_terms"":[""信息科技"",""信息系统"",""软硬件""],""reason"":""tech_major_and_role""},""original"":{""部门代码"":""132104"",""部门名称"":""国家金融监督管理总局山西监管局"",""用人司局"":""国家金融监督管理总局忻州监管分局"",""机构性质"":""中央国家行政机关省级以下直属机构"",""招考职位"":""监管部门一级主任科员及以下"",""职位属性"":""金融监管计算机类职位"",""职位分布"":""西部地区和艰苦边远地区职位"",""职位简介"":""主要从事金融信息科技风险监管、电子设备软硬件管理及信息系统运行维护等工作。"",""职位代码"":""300147045002"",""机构层级"":""市（地）级"",""考试类别"":""市（地）级及以下直属机构综合管理类"",""招考人数"":""3"",""专业"":""计算机科学与技术、软件工程、网络工程、信息安全"",""学历"":""仅限本科"",""学位"":""学士"",""政治面貌"":""不限"",""基层工作最低年限"":""无限制"",""服务基层项目工作经历"":""无限制"",""是否在面试阶段组织专业能力测试"":""否"",""面试人员比例"":""3:1"",""工作地点"":""山西省忻州市"",""落户地点"":""山西省忻州市"",""备注"":""1.报名时请在专业栏中同时填写专业名称和专业代码；2.限应届高校毕业生报考，请在备注栏中注明本人具有应届高校毕业生身份；3.专业考试信息请参见国家金融监督管理总局2025年度招考公告。"",""部门网站"":""http://www.cbirc.gov.cn/"",""咨询电话1"":""0351-7551671"",""咨询电话2"":""0351-7551670"",""咨询电话3"":"""",""来源Sheet"":""中央国家行政机关省级以下直属机构""}}"
"government_jobs","国家公务员2025招考简章","公务员/事业单位技术岗位","山西省临汾市","2026-07-28T09:12:58.310295+00:00","监管部门一级主任科员及以下","国家金融监督管理总局山西监管局","","山西省临汾市","公务员/事业单位;2025;computer_software;cybersecurity_cryptography;仅限本科;学士;计算机科学与技术、软件工程、网络工程、信息安全;市（地）级及以下直属机构综合管理类","用人司局：国家金融监督管理总局临汾监管分局
职位简介：主要从事金融信息科技风险监管、电子设备软硬件管理及信息系统运行维护等工作。
专业要求：计算机科学与技术、软件工程、网络工程、信息安全
学历要求：仅限本科
学位要求：学士
政治面貌：不限
基层工作经历：无限制
考试类别：市（地）级及以下直属机构综合管理类
备注：1.报名时请在专业栏中同时填写专业名称和专业代码；2.限应届高校毕业生报考，请在备注栏中注明本人具有应届高校毕业生身份；3.要求本科学历大学英语四级成绩425分及以上，请在外语水平栏中注明成绩；4.专业考试信息请参见国家金融监督管理总局2025年度招考公告。","https://www.xjhc.gov.cn/xjhc/c116834/202410/a29382e11a674da3be3353af65f9fcc5.shtml#132104-300147047001","2024-10-14","{""dataset_year"":2025,""job_uid"":""GOV-2025-132104-300147047001"",""publisher"":""国家公务员局"",""publication_page"":""https://www.xjhc.gov.cn/xjhc/c116834/202410/a29382e11a674da3be3353af65f9fcc5.shtml"",""attachment_url"":""https://www.xjhc.gov.cn/xjhc/c116834/202410/a29382e11a674da3be3353af65f9fcc5/files/0536cef86e2b46ddad6aae5a3780089e.xls"",""local_source_file"":""2025_guokao_zhaokaojianzhang.xls"",""local_source_sha256"":""07ae6cab368cd21b7a1ac3e8150fe9a3d39ad5171ce76135ff3cccfe50c3e77e"",""source_sheet"":""中央国家行政机关省级以下直属机构"",""filter_version"":""government_tech_v2"",""tech_filter"":{""is_tech"":true,""is_core_tech"":true,""scope"":""core"",""categories"":[""computer_software"",""cybersecurity_cryptography""],""matched_fields"":[""major"",""description""],""major_terms"":[""信息安全"",""网络工程"",""计算机科学与技术"",""软件工程""],""role_terms"":[""信息科技"",""信息系统"",""软硬件""],""reason"":""tech_major_and_role""},""original"":{""部门代码"":""132104"",""部门名称"":""国家金融监督管理总局山西监管局"",""用人司局"":""国家金融监督管理总局临汾监管分局"",""机构性质"":""中央国家行政机关省级以下直属机构"",""招考职位"":""监管部门一级主任科员及以下"",""职位属性"":""金融监管计算机类职位"",""职位分布"":""西部地区和艰苦边远地区职位"",""职位简介"":""主要从事金融信息科技风险监管、电子设备软硬件管理及信息系统运行维护等工作。"",""职位代码"":""300147047001"",""机构层级"":""市（地）级"",""考试类别"":""市（地）级及以下直属机构综合管理类"",""招考人数"":""1"",""专业"":""计算机科学与技术、软件工程、网络工程、信息安全"",""学历"":""仅限本科"",""学位"":""学士"",""政治面貌"":""不限"",""基层工作最低年限"":""无限制"",""服务基层项目工作经历"":""无限制"",""是否在面试阶段组织专业能力测试"":""否"",""面试人员比例"":""3:1"",""工作地点"":""山西省临汾市"",""落户地点"":""山西省临汾市"",""备注"":""1.报名时请在专业栏中同时填写专业名称和专业代码；2.限应届高校毕业生报考，请在备注栏中注明本人具有应届高校毕业生身份；3.要求本科学历大学英语四级成绩425分及以上，请在外语水平栏中注明成绩；4.专业考试信息请参见国家金融监督管理总局2025年度招考公告。"",""部门网站"":""http://www.cbirc.gov.cn/"",""咨询电话1"":""0351-7551671"",""咨询电话2"":""0351-7551670"",""咨询电话3"":"""",""来源Sheet"":""中央国家行政机关省级以下直属机构""}}"
"government_jobs","国家公务员2025招考简章","公务员/事业单位技术岗位","山西省大同市云州区","2026-07-28T09:12:58.310295+00:00","监管部门一级主任科员及以下","国家金融监督管理总局山西监管局","","山西省大同市云州区","公务员/事业单位;2025;computer_software;cybersecurity_cryptography;仅限本科;学士;计算机科学与技术、软件工程、网络工程、信息安全;市（地）级及以下直属机构综合管理类","用人司局：国家金融监督管理总局云州监管支局
职位简介：主要从事金融信息科技风险监管、电子设备软硬件管理及信息系统运行维护等工作。
专业要求：计算机科学与技术、软件工程、网络工程、信息安全
学历要求：仅限本科
学位要求：学士
政治面貌：不限
基层工作经历：无限制
考试类别：市（地）级及以下直属机构综合管理类
备注：1.报名时请在专业栏中同时填写专业名称和专业代码；2.限应届高校毕业生报考，请在备注栏中注明本人具有应届高校毕业生身份；3.限大同市、朔州市户口或生源；4.专业考试信息请参见国家金融监督管理总局2025年度招考公告。","https://www.xjhc.gov.cn/xjhc/c116834/202410/a29382e11a674da3be3353af65f9fcc5.shtml#132104-300147049001","2024-10-14","{""dataset_year"":2025,""job_uid"":""GOV-2025-132104-300147049001"",""publisher"":""国家公务员局"",""publication_page"":""https://www.xjhc.gov.cn/xjhc/c116834/202410/a29382e11a674da3be3353af65f9fcc5.shtml"",""attachment_url"":""https://www.xjhc.gov.cn/xjhc/c116834/202410/a29382e11a674da3be3353af65f9fcc5/files/0536cef86e2b46ddad6aae5a3780089e.xls"",""local_source_file"":""2025_guokao_zhaokaojianzhang.xls"",""local_source_sha256"":""07ae6cab368cd21b7a1ac3e8150fe9a3d39ad5171ce76135ff3cccfe50c3e77e"",""source_sheet"":""中央国家行政机关省级以下直属机构"",""filter_version"":""government_tech_v2"",""tech_filter"":{""is_tech"":true,""is_core_tech"":true,""scope"":""core"",""categories"":[""computer_software"",""cybersecurity_cryptography""],""matched_fields"":[""major"",""description""],""major_terms"":[""信息安全"",""网络工程"",""计算机科学与技术"",""软件工程""],""role_terms"":[""信息科技"",""信息系统"",""软硬件""],""reason"":""tech_major_and_role""},""original"":{""部门代码"":""132104"",""部门名称"":""国家金融监督管理总局山西监管局"",""用人司局"":""国家金融监督管理总局云州监管支局"",""机构性质"":""中央国家行政机关省级以下直属机构"",""招考职位"":""监管部门一级主任科员及以下"",""职位属性"":""金融监管计算机类职位"",""职位分布"":""西部地区和艰苦边远地区职位"",""职位简介"":""主要从事金融信息科技风险监管、电子设备软硬件管理及信息系统运行维护等工作。"",""职位代码"":""300147049001"",""机构层级"":""县（区）级及以下"",""考试类别"":""市（地）级及以下直属机构综合管理类"",""招考人数"":""1"",""专业"":""计算机科学与技术、软件工程、网络工程、信息安全"",""学历"":""仅限本科"",""学位"":""学士"",""政治面貌"":""不限"",""基层工作最低年限"":""无限制"",""服务基层项目工作经历"":""无限制"",""是否在面试阶段组织专业能力测试"":""否"",""面试人员比例"":""3:1"",""工作地点"":""山西省大同市云州区"",""落户地点"":""山西省大同市云州区"",""备注"":""1.报名时请在专业栏中同时填写专业名称和专业代码；2.限应届高校毕业生报考，请在备注栏中注明本人具有应届高校毕业生身份；3.限大同市、朔州市户口或生源；4.专业考试信息请参见国家金融监督管理总局2025年度招考公告。"",""部门网站"":""http://www.cbirc.gov.cn/"",""咨询电话1"":""0351-7551671"",""咨询电话2"":""0351-7551670"",""咨询电话3"":"""",""来源Sheet"":""中央国家行政机关省级以下直属机构""}}"
"government_jobs","国家公务员2025招考简章","公务员/事业单位技术岗位","山西省大同市天镇县","2026-07-28T09:12:58.310295+00:00","监管部门一级主任科员及以下","国家金融监督管理总局山西监管局","","山西省大同市天镇县","公务员/事业单位;2025;computer_software;cybersecurity_cryptography;仅限本科;学士;计算机科学与技术、软件工程、网络工程、信息安全;市（地）级及以下直属机构综合管理类","用人司局：国家金融监督管理总局天镇监管支局
职位简介：主要从事金融信息科技风险监管、电子设备软硬件管理及信息系统运行维护等工作。
专业要求：计算机科学与技术、软件工程、网络工程、信息安全
学历要求：仅限本科
学位要求：学士
政治面貌：不限
基层工作经历：无限制
考试类别：市（地）级及以下直属机构综合管理类
备注：1.报名时请在专业栏中同时填写专业名称和专业代码；2.限应届高校毕业生报考，请在备注栏中注明本人具有应届高校毕业生身份；3.限大同市、朔州市户口或生源；4.专业考试信息请参见国家金融监督管理总局2025年度招考公告。","https://www.xjhc.gov.cn/xjhc/c116834/202410/a29382e11a674da3be3353af65f9fcc5.shtml#132104-300147051002","2024-10-14","{""dataset_year"":2025,""job_uid"":""GOV-2025-132104-300147051002"",""publisher"":""国家公务员局"",""publication_page"":""https://www.xjhc.gov.cn/xjhc/c116834/202410/a29382e11a674da3be3353af65f9fcc5.shtml"",""attachment_url"":""https://www.xjhc.gov.cn/xjhc/c116834/202410/a29382e11a674da3be3353af65f9fcc5/files/0536cef86e2b46ddad6aae5a3780089e.xls"",""local_source_file"":""2025_guokao_zhaokaojianzhang.xls"",""local_source_sha256"":""07ae6cab368cd21b7a1ac3e8150fe9a3d39ad5171ce76135ff3cccfe50c3e77e"",""source_sheet"":""中央国家行政机关省级以下直属机构"",""filter_version"":""government_tech_v2"",""tech_filter"":{""is_tech"":true,""is_core_tech"":true,""scope"":""core"",""categories"":[""computer_software"",""cybersecurity_cryptography""],""matched_fields"":[""major"",""description""],""major_terms"":[""信息安全"",""网络工程"",""计算机科学与技术"",""软件工程""],""role_terms"":[""信息科技"",""信息系统"",""软硬件""],""reason"":""tech_major_and_role""},""original"":{""部门代码"":""132104"",""部门名称"":""国家金融监督管理总局山西监管局"",""用人司局"":""国家金融监督管理总局天镇监管支局"",""机构性质"":""中央国家行政机关省级以下直属机构"",""招考职位"":""监管部门一级主任科员及以下"",""职位属性"":""金融监管计算机类职位"",""职位分布"":""西部地区和艰苦边远地区职位"",""职位简介"":""主要从事金融信息科技风险监管、电子设备软硬件管理及信息系统运行维护等工作。"",""职位代码"":""300147051002"",""机构层级"":""县（区）级及以下"",""考试类别"":""市（地）级及以下直属机构综合管理类"",""招考人数"":""1"",""专业"":""计算机科学与技术、软件工程、网络工程、信息安全"",""学历"":""仅限本科"",""学位"":""学士"",""政治面貌"":""不限"",""基层工作最低年限"":""无限制"",""服务基层项目工作经历"":""无限制"",""是否在面试阶段组织专业能力测试"":""否"",""面试人员比例"":""3:1"",""工作地点"":""山西省大同市天镇县"",""落户地点"":""山西省大同市天镇县"",""备注"":""1.报名时请在专业栏中同时填写专业名称和专业代码；2.限应届高校毕业生报考，请在备注栏中注明本人具有应届高校毕业生身份；3.限大同市、朔州市户口或生源；4.专业考试信息请参见国家金融监督管理总局2025年度招考公告。"",""部门网站"":""http://www.cbirc.gov.cn/"",""咨询电话1"":""0351-7551671"",""咨询电话2"":""0351-7551670"",""咨询电话3"":"""",""来源Sheet"":""中央国家行政机关省级以下直属机构""}}"
"government_jobs","国家公务员2025招考简章","公务员/事业单位技术岗位","山西省朔州市山阴县","2026-07-28T09:12:58.310295+00:00","监管部门一级主任科员及以下","国家金融监督管理总局山西监管局","","山西省朔州市山阴县","公务员/事业单位;2025;computer_software;cybersecurity_cryptography;仅限本科;学士;计算机科学与技术、软件工程、网络工程、信息安全;市（地）级及以下直属机构综合管理类","用人司局：国家金融监督管理总局山阴监管支局
职位简介：主要从事金融信息科技风险监管、电子设备软硬件管理及信息系统运行维护等工作。
专业要求：计算机科学与技术、软件工程、网络工程、信息安全
学历要求：仅限本科
学位要求：学士
政治面貌：不限
基层工作经历：无限制
考试类别：市（地）级及以下直属机构综合管理类
备注：1.报名时请在专业栏中同时填写专业名称和专业代码；2.限2025届高校毕业生报考；3.限大同市、朔州市、忻州市户口或生源；4.要求本科学历大学英语四级成绩425分及以上，请在外语水平栏中注明成绩；5.专业考试信息请参见国家金融监督管理总局2025年度招考公告。","https://www.xjhc.gov.cn/xjhc/c116834/202410/a29382e11a674da3be3353af65f9fcc5.shtml#132104-300147054001","2024-10-14","{""dataset_year"":2025,""job_uid"":""GOV-2025-132104-300147054001"",""publisher"":""国家公务员局"",""publication_page"":""https://www.xjhc.gov.cn/xjhc/c116834/202410/a29382e11a674da3be3353af65f9fcc5.shtml"",""attachment_url"":""https://www.xjhc.gov.cn/xjhc/c116834/202410/a29382e11a674da3be3353af65f9fcc5/files/0536cef86e2b46ddad6aae5a3780089e.xls"",""local_source_file"":""2025_guokao_zhaokaojianzhang.xls"",""local_source_sha256"":""07ae6cab368cd21b7a1ac3e8150fe9a3d39ad5171ce76135ff3cccfe50c3e77e"",""source_sheet"":""中央国家行政机关省级以下直属机构"",""filter_version"":""government_tech_v2"",""tech_filter"":{""is_tech"":true,""is_core_tech"":true,""scope"":""core"",""categories"":[""computer_software"",""cybersecurity_cryptography""],""matched_fields"":[""major"",""description""],""major_terms"":[""信息安全"",""网络工程"",""计算机科学与技术"",""软件工程""],""role_terms"":[""信息科技"",""信息系统"",""软硬件""],""reason"":""tech_major_and_role""},""original"":{""部门代码"":""132104"",""部门名称"":""国家金融监督管理总局山西监管局"",""用人司局"":""国家金融监督管理总局山阴监管支局"",""机构性质"":""中央国家行政机关省级以下直属机构"",""招考职位"":""监管部门一级主任科员及以下"",""职位属性"":""金融监管计算机类职位"",""职位分布"":""西部地区和艰苦边远地区职位"",""职位简介"":""主要从事金融信息科技风险监管、电子设备软硬件管理及信息系统运行维护等工作。"",""职位代码"":""300147054001"",""机构层级"":""县（区）级及以下"",""考试类别"":""市（地）级及以下直属机构综合管理类"",""招考人数"":""1"",""专业"":""计算机科学与技术、软件工程、网络工程、信息安全"",""学历"":""仅限本科"",""学位"":""学士"",""政治面貌"":""不限"",""基层工作最低年限"":""无限制"",""服务基层项目工作经历"":""无限制"",""是否在面试阶段组织专业能力测试"":""否"",""面试人员比例"":""3:1"",""工作地点"":""山西省朔州市山阴县"",""落户地点"":""山西省朔州市山阴县"",""备注"":""1.报名时请在专业栏中同时填写专业名称和专业代码；2.限2025届高校毕业生报考；3.限大同市、朔州市、忻州市户口或生源；4.要求本科学历大学英语四级成绩425分及以上，请在外语水平栏中注明成绩；5.专业考试信息请参见国家金融监督管理总局2025年度招考公告。"",""部门网站"":""http://www.cbirc.gov.cn/"",""咨询电话1"":""0351-7551671"",""咨询电话2"":""0351-7551670"",""咨询电话3"":"""",""来源Sheet"":""中央国家行政机关省级以下直属机构""}}"
"government_jobs","国家公务员2025招考简章","公务员/事业单位技术岗位","山西省忻州市宁武县","2026-07-28T09:12:58.310295+00:00","监管部门一级主任科员及以下","国家金融监督管理总局山西监管局","","山西省忻州市宁武县","公务员/事业单位;2025;computer_software;cybersecurity_cryptography;仅限本科;学士;计算机科学与技术、软件工程、网络工程、信息安全;市（地）级及以下直属机构综合管理类","用人司局：国家金融监督管理总局宁武监管支局
职位简介：主要从事金融信息科技风险监管、电子设备软硬件管理及信息系统运行维护等工作。
专业要求：计算机科学与技术、软件工程、网络工程、信息安全
学历要求：仅限本科
学位要求：学士
政治面貌：不限
基层工作经历：无限制
考试类别：市（地）级及以下直属机构综合管理类
备注：1.报名时请在专业栏中同时填写专业名称和专业代码；2.限应届高校毕业生报考，请在备注栏中注明本人具有应届高校毕业生身份；3.专业考试信息请参见国家金融监督管理总局2025年度招考公告。","https://www.xjhc.gov.cn/xjhc/c116834/202410/a29382e11a674da3be3353af65f9fcc5.shtml#132104-300147056002","2024-10-14","{""dataset_year"":2025,""job_uid"":""GOV-2025-132104-300147056002"",""publisher"":""国家公务员局"",""publication_page"":""https://www.xjhc.gov.cn/xjhc/c116834/202410/a29382e11a674da3be3353af65f9fcc5.shtml"",""attachment_url"":""https://www.xjhc.gov.cn/xjhc/c116834/202410/a29382e11a674da3be3353af65f9fcc5/files/0536cef86e2b46ddad6aae5a3780089e.xls"",""local_source_file"":""2025_guokao_zhaokaojianzhang.xls"",""local_source_sha256"":""07ae6cab368cd21b7a1ac3e8150fe9a3d39ad5171ce76135ff3cccfe50c3e77e"",""source_sheet"":""中央国家行政机关省级以下直属机构"",""filter_version"":""government_tech_v2"",""tech_filter"":{""is_tech"":true,""is_core_tech"":true,""scope"":""core"",""categories"":[""computer_software"",""cybersecurity_cryptography""],""matched_fields"":[""major"",""description""],""major_terms"":[""信息安全"",""网络工程"",""计算机科学与技术"",""软件工程""],""role_terms"":[""信息科技"",""信息系统"",""软硬件""],""reason"":""tech_major_and_role""},""original"":{""部门代码"":""132104"",""部门名称"":""国家金融监督管理总局山西监管局"",""用人司局"":""国家金融监督管理总局宁武监管支局"",""机构性质"":""中央国家行政机关省级以下直属机构"",""招考职位"":""监管部门一级主任科员及以下"",""职位属性"":""金融监管计算机类职位"",""职位分布"":""西部地区和艰苦边远地区职位"",""职位简介"":""主要从事金融信息科技风险监管、电子设备软硬件管理及信息系统运行维护等工作。"",""职位代码"":""300147056002"",""机构层级"":""县（区）级及以下"",""考试类别"":""市（地）级及以下直属机构综合管理类"",""招考人数"":""2"",""专业"":""计算机科学与技术、软件工程、网络工程、信息安全"",""学历"":""仅限本科"",""学位"":""学士"",""政治面貌"":""不限"",""基层工作最低年限"":""无限制"",""服务基层项目工作经历"":""无限制"",""是否在面试阶段组织专业能力测试"":""否"",""面试人员比例"":""3:1"",""工作地点"":""山西省忻州市宁武县"",""落户地点"":""山西省忻州市宁武县"",""备注"":""1.报名时请在专业栏中同时填写专业名称和专业代码；2.限应届高校毕业生报考，请在备注栏中注明本人具有应届高校毕业生身份；3.专业考试信息请参见国家金融监督管理总局2025年度招考公告。"",""部门网站"":""http://www.cbirc.gov.cn/"",""咨询电话1"":""0351-7551671"",""咨询电话2"":""0351-7551670"",""咨询电话3"":"""",""来源Sheet"":""中央国家行政机关省级以下直属机构""}}"
"government_jobs","国家公务员2025招考简章","公务员/事业单位技术岗位","山西省忻州市河曲县","2026-07-28T09:12:58.310295+00:00","监管部门一级主任科员及以下","国家金融监督管理总局山西监管局","","山西省忻州市河曲县","公务员/事业单位;2025;computer_software;cybersecurity_cryptography;仅限本科;学士;计算机科学与技术、软件工程、网络工程、信息安全;市（地）级及以下直属机构综合管理类","用人司局：国家金融监督管理总局河曲监管支局
职位简介：主要从事金融信息科技风险监管、电子设备软硬件管理及信息系统运行维护等工作。
专业要求：计算机科学与技术、软件工程、网络工程、信息安全
学历要求：仅限本科
学位要求：学士
政治面貌：不限
基层工作经历：无限制
考试类别：市（地）级及以下直属机构综合管理类
备注：1.报名时请在专业栏中同时填写专业名称和专业代码；2.限应届高校毕业生报考，请在备注栏中注明本人具有应届高校毕业生身份；3.专业考试信息请参见国家金融监督管理总局2025年度招考公告。","https://www.xjhc.gov.cn/xjhc/c116834/202410/a29382e11a674da3be3353af65f9fcc5.shtml#132104-300147057001","2024-10-14","{""dataset_year"":2025,""job_uid"":""GOV-2025-132104-300147057001"",""publisher"":""国家公务员局"",""publication_page"":""https://www.xjhc.gov.cn/xjhc/c116834/202410/a29382e11a674da3be3353af65f9fcc5.shtml"",""attachment_url"":""https://www.xjhc.gov.cn/xjhc/c116834/202410/a29382e11a674da3be3353af65f9fcc5/files/0536cef86e2b46ddad6aae5a3780089e.xls"",""local_source_file"":""2025_guokao_zhaokaojianzhang.xls"",""local_source_sha256"":""07ae6cab368cd21b7a1ac3e8150fe9a3d39ad5171ce76135ff3cccfe50c3e77e"",""source_sheet"":""中央国家行政机关省级以下直属机构"",""filter_version"":""government_tech_v2"",""tech_filter"":{""is_tech"":true,""is_core_tech"":true,""scope"":""core"",""categories"":[""computer_software"",""cybersecurity_cryptography""],""matched_fields"":[""major"",""description""],""major_terms"":[""信息安全"",""网络工程"",""计算机科学与技术"",""软件工程""],""role_terms"":[""信息科技"",""信息系统"",""软硬件""],""reason"":""tech_major_and_role""},""original"":{""部门代码"":""132104"",""部门名称"":""国家金融监督管理总局山西监管局"",""用人司局"":""国家金融监督管理总局河曲监管支局"",""机构性质"":""中央国家行政机关省级以下直属机构"",""招考职位"":""监管部门一级主任科员及以下"",""职位属性"":""金融监管计算机类职位"",""职位分布"":""西部地区和艰苦边远地区职位"",""职位简介"":""主要从事金融信息科技风险监管、电子设备软硬件管理及信息系统运行维护等工作。"",""职位代码"":""300147057001"",""机构层级"":""县（区）级及以下"",""考试类别"":""市（地）级及以下直属机构综合管理类"",""招考人数"":""2"",""专业"":""计算机科学与技术、软件工程、网络工程、信息安全"",""学历"":""仅限本科"",""学位"":""学士"",""政治面貌"":""不限"",""基层工作最低年限"":""无限制"",""服务基层项目工作经历"":""无限制"",""是否在面试阶段组织专业能力测试"":""否"",""面试人员比例"":""3:1"",""工作地点"":""山西省忻州市河曲县"",""落户地点"":""山西省忻州市河曲县"",""备注"":""1.报名时请在专业栏中同时填写专业名称和专业代码；2.限应届高校毕业生报考，请在备注栏中注明本人具有应届高校毕业生身份；3.专业考试信息请参见国家金融监督管理总局2025年度招考公告。"",""部门网站"":""http://www.cbirc.gov.cn/"",""咨询电话1"":""0351-7551671"",""咨询电话2"":""0351-7551670"",""咨询电话3"":"""",""来源Sheet"":""中央国家行政机关省级以下直属机构""}}"
"government_jobs","国家公务员2025招考简章","公务员/事业单位技术岗位","山西省忻州市河曲县","2026-07-28T09:12:58.310295+00:00","监管部门一级主任科员及以下","国家金融监督管理总局山西监管局","","山西省忻州市河曲县","公务员/事业单位;2025;computer_software;cybersecurity_cryptography;仅限本科;学士;计算机科学与技术、软件工程、网络工程、信息安全;市（地）级及以下直属机构综合管理类","用人司局：国家金融监督管理总局河曲监管支局
职位简介：主要从事金融信息科技风险监管、电子设备软硬件管理及信息系统运行维护等工作。
专业要求：计算机科学与技术、软件工程、网络工程、信息安全
学历要求：仅限本科
学位要求：学士
政治面貌：不限
基层工作经历：二年
考试类别：市（地）级及以下直属机构综合管理类
备注：1.报名时请在专业栏中同时填写专业名称和专业代码；2.请在简历栏中注明服务基层项目相关工作经历；3.专业考试信息请参见国家金融监督管理总局2025年度招考公告。","https://www.xjhc.gov.cn/xjhc/c116834/202410/a29382e11a674da3be3353af65f9fcc5.shtml#132104-300147057002","2024-10-14","{""dataset_year"":2025,""job_uid"":""GOV-2025-132104-300147057002"",""publisher"":""国家公务员局"",""publication_page"":""https://www.xjhc.gov.cn/xjhc/c116834/202410/a29382e11a674da3be3353af65f9fcc5.shtml"",""attachment_url"":""https://www.xjhc.gov.cn/xjhc/c116834/202410/a29382e11a674da3be3353af65f9fcc5/files/0536cef86e2b46ddad6aae5a3780089e.xls"",""local_source_file"":""2025_guokao_zhaokaojianzhang.xls"",""local_source_sha256"":""07ae6cab368cd21b7a1ac3e8150fe9a3d39ad5171ce76135ff3cccfe50c3e77e"",""source_sheet"":""中央国家行政机关省级以下直属机构"",""filter_version"":""government_tech_v2"",""tech_filter"":{""is_tech"":true,""is_core_tech"":true,""scope"":""core"",""categories"":[""computer_software"",""cybersecurity_cryptography""],""matched_fields"":[""major"",""description""],""major_terms"":[""信息安全"",""网络工程"",""计算机科学与技术"",""软件工程""],""role_terms"":[""信息科技"",""信息系统"",""软硬件""],""reason"":""tech_major_and_role""},""original"":{""部门代码"":""132104"",""部门名称"":""国家金融监督管理总局山西监管局"",""用人司局"":""国家金融监督管理总局河曲监管支局"",""机构性质"":""中央国家行政机关省级以下直属机构"",""招考职位"":""监管部门一级主任科员及以下"",""职位属性"":""金融监管计算机类职位"",""职位分布"":""西部地区和艰苦边远地区职位"",""职位简介"":""主要从事金融信息科技风险监管、电子设备软硬件管理及信息系统运行维护等工作。"",""职位代码"":""300147057002"",""机构层级"":""县（区）级及以下"",""考试类别"":""市（地）级及以下直属机构综合管理类"",""招考人数"":""1"",""专业"":""计算机科学与技术、软件工程、网络工程、信息安全"",""学历"":""仅限本科"",""学位"":""学士"",""政治面貌"":""不限"",""基层工作最低年限"":""二年"",""服务基层项目工作经历"":""大学生村官、农村义务教育阶段学校教师特设岗位计划、“三支一扶”计划、大学生志愿服务西部计划、在军队服役5年（含）以上的高校毕业生退役士兵"",""是否在面试阶段组织专业能力测试"":""否"",""面试人员比例"":""3:1"",""工作地点"":""山西省忻州市河曲县"",""落户地点"":""山西省忻州市河曲县"",""备注"":""1.报名时请在专业栏中同时填写专业名称和专业代码；2.请在简历栏中注明服务基层项目相关工作经历；3.专业考试信息请参见国家金融监督管理总局2025年度招考公告。"",""部门网站"":""http://www.cbirc.gov.cn/"",""咨询电话1"":""0351-7551671"",""咨询电话2"":""0351-7551670"",""咨询电话3"":"""",""来源Sheet"":""中央国家行政机关省级以下直属机构""}}"
"government_jobs","国家公务员2025招考简章","公务员/事业单位技术岗位","山西省吕梁市交城县","2026-07-28T09:12:58.310295+00:00","监管部门一级主任科员及以下","国家金融监督管理总局山西监管局","","山西省吕梁市交城县","公务员/事业单位;2025;computer_software;cybersecurity_cryptography;仅限本科;学士;计算机科学与技术、软件工程、网络工程、信息安全;市（地）级及以下直属机构综合管理类","用人司局：国家金融监督管理总局交城监管支局
职位简介：主要从事金融信息科技风险监管、电子设备软硬件管理及信息系统运行维护等工作。
专业要求：计算机科学与技术、软件工程、网络工程、信息安全
学历要求：仅限本科
学位要求：学士
政治面貌：不限
基层工作经历：无限制
考试类别：市（地）级及以下直属机构综合管理类
备注：1.报名时请在专业栏中同时填写专业名称和专业代码；2.限山西省户口或生源；3.要求本科学历大学英语四级成绩425分及以上，请在外语水平栏中注明成绩；4.专业考试信息请参见国家金融监督管理总局2025年度招考公告。","https://www.xjhc.gov.cn/xjhc/c116834/202410/a29382e11a674da3be3353af65f9fcc5.shtml#132104-300147058001","2024-10-14","{""dataset_year"":2025,""job_uid"":""GOV-2025-132104-300147058001"",""publisher"":""国家公务员局"",""publication_page"":""https://www.xjhc.gov.cn/xjhc/c116834/202410/a29382e11a674da3be3353af65f9fcc5.shtml"",""attachment_url"":""https://www.xjhc.gov.cn/xjhc/c116834/202410/a29382e11a674da3be3353af65f9fcc5/files/0536cef86e2b46ddad6aae5a3780089e.xls"",""local_source_file"":""2025_guokao_zhaokaojianzhang.xls"",""local_source_sha256"":""07ae6cab368cd21b7a1ac3e8150fe9a3d39ad5171ce76135ff3cccfe50c3e77e"",""source_sheet"":""中央国家行政机关省级以下直属机构"",""filter_version"":""government_tech_v2"",""tech_filter"":{""is_tech"":true,""is_core_tech"":true,""scope"":""core"",""categories"":[""computer_software"",""cybersecurity_cryptography""],""matched_fields"":[""major"",""description""],""major_terms"":[""信息安全"",""网络工程"",""计算机科学与技术"",""软件工程""],""role_terms"":[""信息科技"",""信息系统"",""软硬件""],""reason"":""tech_major_and_role""},""original"":{""部门代码"":""132104"",""部门名称"":""国家金融监督管理总局山西监管局"",""用人司局"":""国家金融监督管理总局交城监管支局"",""机构性质"":""中央国家行政机关省级以下直属机构"",""招考职位"":""监管部门一级主任科员及以下"",""职位属性"":""金融监管计算机类职位"",""职位分布"":""西部地区和艰苦边远地区职位"",""职位简介"":""主要从事金融信息科技风险监管、电子设备软硬件管理及信息系统运行维护等工作。"",""职位代码"":""300147058001"",""机构层级"":""县（区）级及以下"",""考试类别"":""市（地）级及以下直属机构综合管理类"",""招考人数"":""1"",""专业"":""计算机科学与技术、软件工程、网络工程、信息安全"",""学历"":""仅限本科"",""学位"":""学士"",""政治面貌"":""不限"",""基层工作最低年限"":""无限制"",""服务基层项目工作经历"":""无限制"",""是否在面试阶段组织专业能力测试"":""否"",""面试人员比例"":""3:1"",""工作地点"":""山西省吕梁市交城县"",""落户地点"":""山西省吕梁市交城县"",""备注"":""1.报名时请在专业栏中同时填写专业名称和专业代码；2.限山西省户口或生源；3.要求本科学历大学英语四级成绩425分及以上，请在外语水平栏中注明成绩；4.专业考试信息请参见国家金融监督管理总局2025年度招考公告。"",""部门网站"":""http://www.cbirc.gov.cn/"",""咨询电话1"":""0351-7551671"",""咨询电话2"":""0351-7551670"",""咨询电话3"":"""",""来源Sheet"":""中央国家行政机关省级以下直属机构""}}"
"government_jobs","国家公务员2025招考简章","公务员/事业单位技术岗位","山西省吕梁市交口县","2026-07-28T09:12:58.310295+00:00","监管部门一级主任科员及以下","国家金融监督管理总局山西监管局","","山西省吕梁市交口县","公务员/事业单位;2025;computer_software;cybersecurity_cryptography;仅限本科;学士;计算机科学与技术、软件工程、网络工程、信息安全;市（地）级及以下直属机构综合管理类","用人司局：国家金融监督管理总局交口监管支局
职位简介：主要从事金融信息科技风险监管、电子设备软硬件管理及信息系统运行维护等工作。
专业要求：计算机科学与技术、软件工程、网络工程、信息安全
学历要求：仅限本科
学位要求：学士
政治面貌：不限
基层工作经历：无限制
考试类别：市（地）级及以下直属机构综合管理类
备注：1.报名时请在专业栏中同时填写专业名称和专业代码；2.限应届高校毕业生报考，请在备注栏中注明本人具有应届高校毕业生身份；3.限山西省户口或生源；4.要求本科学历大学英语四级成绩425分及以上，请在外语水平栏中注明成绩；5.专业考试信息请参见国家金融监督管理总局2025年度招考公告。","https://www.xjhc.gov.cn/xjhc/c116834/202410/a29382e11a674da3be3353af65f9fcc5.shtml#132104-300147059001","2024-10-14","{""dataset_year"":2025,""job_uid"":""GOV-2025-132104-300147059001"",""publisher"":""国家公务员局"",""publication_page"":""https://www.xjhc.gov.cn/xjhc/c116834/202410/a29382e11a674da3be3353af65f9fcc5.shtml"",""attachment_url"":""https://www.xjhc.gov.cn/xjhc/c116834/202410/a29382e11a674da3be3353af65f9fcc5/files/0536cef86e2b46ddad6aae5a3780089e.xls"",""local_source_file"":""2025_guokao_zhaokaojianzhang.xls"",""local_source_sha256"":""07ae6cab368cd21b7a1ac3e8150fe9a3d39ad5171ce76135ff3cccfe50c3e77e"",""source_sheet"":""中央国家行政机关省级以下直属机构"",""filter_version"":""government_tech_v2"",""tech_filter"":{""is_tech"":true,""is_core_tech"":true,""scope"":""core"",""categories"":[""computer_software"",""cybersecurity_cryptography""],""matched_fields"":[""major"",""description""],""major_terms"":[""信息安全"",""网络工程"",""计算机科学与技术"",""软件工程""],""role_terms"":[""信息科技"",""信息系统"",""软硬件""],""reason"":""tech_major_and_role""},""original"":{""部门代码"":""132104"",""部门名称"":""国家金融监督管理总局山西监管局"",""用人司局"":""国家金融监督管理总局交口监管支局"",""机构性质"":""中央国家行政机关省级以下直属机构"",""招考职位"":""监管部门一级主任科员及以下"",""职位属性"":""金融监管计算机类职位"",""职位分布"":""西部地区和艰苦边远地区职位"",""职位简介"":""主要从事金融信息科技风险监管、电子设备软硬件管理及信息系统运行维护等工作。"",""职位代码"":""300147059001"",""机构层级"":""县（区）级及以下"",""考试类别"":""市（地）级及以下直属机构综合管理类"",""招考人数"":""1"",""专业"":""计算机科学与技术、软件工程、网络工程、信息安全"",""学历"":""仅限本科"",""学位"":""学士"",""政治面貌"":""不限"",""基层工作最低年限"":""无限制"",""服务基层项目工作经历"":""无限制"",""是否在面试阶段组织专业能力测试"":""否"",""面试人员比例"":""3:1"",""工作地点"":""山西省吕梁市交口县"",""落户地点"":""山西省吕梁市交口县"",""备注"":""1.报名时请在专业栏中同时填写专业名称和专业代码；2.限应届高校毕业生报考，请在备注栏中注明本人具有应届高校毕业生身份；3.限山西省户口或生源；4.要求本科学历大学英语四级成绩425分及以上，请在外语水平栏中注明成绩；5.专业考试信息请参见国家金融监督管理总局2025年度招考公告。"",""部门网站"":""http://www.cbirc.gov.cn/"",""咨询电话1"":""0351-7551671"",""咨询电话2"":""0351-7551670"",""咨询电话3"":"""",""来源Sheet"":""中央国家行政机关省级以下直属机构""}}"
"government_jobs","国家公务员2025招考简章","公务员/事业单位技术岗位","山西省吕梁市石楼县","2026-07-28T09:12:58.310295+00:00","监管部门一级主任科员及以下","国家金融监督管理总局山西监管局","","山西省吕梁市石楼县","公务员/事业单位;2025;computer_software;cybersecurity_cryptography;仅限本科;学士;计算机科学与技术、软件工程、网络工程、信息安全;市（地）级及以下直属机构综合管理类","用人司局：国家金融监督管理总局石楼监管支局
职位简介：主要从事金融信息科技风险监管、电子设备软硬件管理及信息系统运行维护等工作。
专业要求：计算机科学与技术、软件工程、网络工程、信息安全
学历要求：仅限本科
学位要求：学士
政治面貌：不限
基层工作经历：无限制
考试类别：市（地）级及以下直属机构综合管理类
备注：1.报名时请在专业栏中同时填写专业名称和专业代码；2.限应届高校毕业生报考，请在备注栏中注明本人具有应届高校毕业生身份；3.限山西省户口或生源；4.要求本科学历大学英语四级成绩425分及以上，请在外语水平栏中注明成绩；5.专业考试信息请参见国家金融监督管理总局2025年度招考公告。","https://www.xjhc.gov.cn/xjhc/c116834/202410/a29382e11a674da3be3353af65f9fcc5.shtml#132104-300147060001","2024-10-14","{""dataset_year"":2025,""job_uid"":""GOV-2025-132104-300147060001"",""publisher"":""国家公务员局"",""publication_page"":""https://www.xjhc.gov.cn/xjhc/c116834/202410/a29382e11a674da3be3353af65f9fcc5.shtml"",""attachment_url"":""https://www.xjhc.gov.cn/xjhc/c116834/202410/a29382e11a674da3be3353af65f9fcc5/files/0536cef86e2b46ddad6aae5a3780089e.xls"",""local_source_file"":""2025_guokao_zhaokaojianzhang.xls"",""local_source_sha256"":""07ae6cab368cd21b7a1ac3e8150fe9a3d39ad5171ce76135ff3cccfe50c3e77e"",""source_sheet"":""中央国家行政机关省级以下直属机构"",""filter_version"":""government_tech_v2"",""tech_filter"":{""is_tech"":true,""is_core_tech"":true,""scope"":""core"",""categories"":[""computer_software"",""cybersecurity_cryptography""],""matched_fields"":[""major"",""description""],""major_terms"":[""信息安全"",""网络工程"",""计算机科学与技术"",""软件工程""],""role_terms"":[""信息科技"",""信息系统"",""软硬件""],""reason"":""tech_major_and_role""},""original"":{""部门代码"":""132104"",""部门名称"":""国家金融监督管理总局山西监管局"",""用人司局"":""国家金融监督管理总局石楼监管支局"",""机构性质"":""中央国家行政机关省级以下直属机构"",""招考职位"":""监管部门一级主任科员及以下"",""职位属性"":""金融监管计算机类职位"",""职位分布"":""西部地区和艰苦边远地区职位"",""职位简介"":""主要从事金融信息科技风险监管、电子设备软硬件管理及信息系统运行维护等工作。"",""职位代码"":""300147060001"",""机构层级"":""县（区）级及以下"",""考试类别"":""市（地）级及以下直属机构综合管理类"",""招考人数"":""1"",""专业"":""计算机科学与技术、软件工程、网络工程、信息安全"",""学历"":""仅限本科"",""学位"":""学士"",""政治面貌"":""不限"",""基层工作最低年限"":""无限制"",""服务基层项目工作经历"":""无限制"",""是否在面试阶段组织专业能力测试"":""否"",""面试人员比例"":""3:1"",""工作地点"":""山西省吕梁市石楼县"",""落户地点"":""山西省吕梁市石楼县"",""备注"":""1.报名时请在专业栏中同时填写专业名称和专业代码；2.限应届高校毕业生报考，请在备注栏中注明本人具有应届高校毕业生身份；3.限山西省户口或生源；4.要求本科学历大学英语四级成绩425分及以上，请在外语水平栏中注明成绩；5.专业考试信息请参见国家金融监督管理总局2025年度招考公告。"",""部门网站"":""http://www.cbirc.gov.cn/"",""咨询电话1"":""0351-7551671"",""咨询电话2"":""0351-7551670"",""咨询电话3"":"""",""来源Sheet"":""中央国家行政机关省级以下直属机构""}}"
"government_jobs","国家公务员2025招考简章","公务员/事业单位技术岗位","山西省吕梁市柳林县","2026-07-28T09:12:58.310295+00:00","监管部门一级主任科员及以下","国家金融监督管理总局山西监管局","","山西省吕梁市柳林县","公务员/事业单位;2025;computer_software;cybersecurity_cryptography;仅限本科;学士;计算机科学与技术、软件工程、网络工程、信息安全;市（地）级及以下直属机构综合管理类","用人司局：国家金融监督管理总局柳林监管支局
职位简介：主要从事金融信息科技风险监管、电子设备软硬件管理及信息系统运行维护等工作。
专业要求：计算机科学与技术、软件工程、网络工程、信息安全
学历要求：仅限本科
学位要求：学士
政治面貌：不限
基层工作经历：无限制
考试类别：市（地）级及以下直属机构综合管理类
备注：1.报名时请在专业栏中同时填写专业名称和专业代码；2.限应届高校毕业生报考，请在备注栏中注明本人具有应届高校毕业生身份；3.限山西省户口或生源；4.要求本科学历大学英语四级成绩425分及以上，请在外语水平栏中注明成绩；5.专业考试信息请参见国家金融监督管理总局2025年度招考公告。","https://www.xjhc.gov.cn/xjhc/c116834/202410/a29382e11a674da3be3353af65f9fcc5.shtml#132104-300147061002","2024-10-14","{""dataset_year"":2025,""job_uid"":""GOV-2025-132104-300147061002"",""publisher"":""国家公务员局"",""publication_page"":""https://www.xjhc.gov.cn/xjhc/c116834/202410/a29382e11a674da3be3353af65f9fcc5.shtml"",""attachment_url"":""https://www.xjhc.gov.cn/xjhc/c116834/202410/a29382e11a674da3be3353af65f9fcc5/files/0536cef86e2b46ddad6aae5a3780089e.xls"",""local_source_file"":""2025_guokao_zhaokaojianzhang.xls"",""local_source_sha256"":""07ae6cab368cd21b7a1ac3e8150fe9a3d39ad5171ce76135ff3cccfe50c3e77e"",""source_sheet"":""中央国家行政机关省级以下直属机构"",""filter_version"":""government_tech_v2"",""tech_filter"":{""is_tech"":true,""is_core_tech"":true,""scope"":""core"",""categories"":[""computer_software"",""cybersecurity_cryptography""],""matched_fields"":[""major"",""description""],""major_terms"":[""信息安全"",""网络工程"",""计算机科学与技术"",""软件工程""],""role_terms"":[""信息科技"",""信息系统"",""软硬件""],""reason"":""tech_major_and_role""},""original"":{""部门代码"":""132104"",""部门名称"":""国家金融监督管理总局山西监管局"",""用人司局"":""国家金融监督管理总局柳林监管支局"",""机构性质"":""中央国家行政机关省级以下直属机构"",""招考职位"":""监管部门一级主任科员及以下"",""职位属性"":""金融监管计算机类职位"",""职位分布"":""西部地区和艰苦边远地区职位"",""职位简介"":""主要从事金融信息科技风险监管、电子设备软硬件管理及信息系统运行维护等工作。"",""职位代码"":""300147061002"",""机构层级"":""县（区）级及以下"",""考试类别"":""市（地）级及以下直属机构综合管理类"",""招考人数"":""1"",""专业"":""计算机科学与技术、软件工程、网络工程、信息安全"",""学历"":""仅限本科"",""学位"":""学士"",""政治面貌"":""不限"",""基层工作最低年限"":""无限制"",""服务基层项目工作经历"":""无限制"",""是否在面试阶段组织专业能力测试"":""否"",""面试人员比例"":""3:1"",""工作地点"":""山西省吕梁市柳林县"",""落户地点"":""山西省吕梁市柳林县"",""备注"":""1.报名时请在专业栏中同时填写专业名称和专业代码；2.限应届高校毕业生报考，请在备注栏中注明本人具有应届高校毕业生身份；3.限山西省户口或生源；4.要求本科学历大学英语四级成绩425分及以上，请在外语水平栏中注明成绩；5.专业考试信息请参见国家金融监督管理总局2025年度招考公告。"",""部门网站"":""http://www.cbirc.gov.cn/"",""咨询电话1"":""0351-7551671"",""咨询电话2"":""0351-7551670"",""咨询电话3"":"""",""来源Sheet"":""中央国家行政机关省级以下直属机构""}}"
"government_jobs","国家公务员2025招考简章","公务员/事业单位技术岗位","山西省吕梁市方山县","2026-07-28T09:12:58.310295+00:00","监管部门一级主任科员及以下","国家金融监督管理总局山西监管局","","山西省吕梁市方山县","公务员/事业单位;2025;computer_software;cybersecurity_cryptography;仅限本科;学士;计算机科学与技术、软件工程、网络工程、信息安全;市（地）级及以下直属机构综合管理类","用人司局：国家金融监督管理总局方山监管支局
职位简介：主要从事金融信息科技风险监管、电子设备软硬件管理及信息系统运行维护等工作。
专业要求：计算机科学与技术、软件工程、网络工程、信息安全
学历要求：仅限本科
学位要求：学士
政治面貌：不限
基层工作经历：无限制
考试类别：市（地）级及以下直属机构综合管理类
备注：1.报名时请在专业栏中同时填写专业名称和专业代码；2.限应届高校毕业生报考，请在备注栏中注明本人具有应届高校毕业生身份；3.限山西省户口或生源；4.要求本科学历大学英语四级成绩425分及以上，请在外语水平栏中注明成绩；5.专业考试信息请参见国家金融监督管理总局2025年度招考公告。","https://www.xjhc.gov.cn/xjhc/c116834/202410/a29382e11a674da3be3353af65f9fcc5.shtml#132104-300147062001","2024-10-14","{""dataset_year"":2025,""job_uid"":""GOV-2025-132104-300147062001"",""publisher"":""国家公务员局"",""publication_page"":""https://www.xjhc.gov.cn/xjhc/c116834/202410/a29382e11a674da3be3353af65f9fcc5.shtml"",""attachment_url"":""https://www.xjhc.gov.cn/xjhc/c116834/202410/a29382e11a674da3be3353af65f9fcc5/files/0536cef86e2b46ddad6aae5a3780089e.xls"",""local_source_file"":""2025_guokao_zhaokaojianzhang.xls"",""local_source_sha256"":""07ae6cab368cd21b7a1ac3e8150fe9a3d39ad5171ce76135ff3cccfe50c3e77e"",""source_sheet"":""中央国家行政机关省级以下直属机构"",""filter_version"":""government_tech_v2"",""tech_filter"":{""is_tech"":true,""is_core_tech"":true,""scope"":""core"",""categories"":[""computer_software"",""cybersecurity_cryptography""],""matched_fields"":[""major"",""description""],""major_terms"":[""信息安全"",""网络工程"",""计算机科学与技术"",""软件工程""],""role_terms"":[""信息科技"",""信息系统"",""软硬件""],""reason"":""tech_major_and_role""},""original"":{""部门代码"":""132104"",""部门名称"":""国家金融监督管理总局山西监管局"",""用人司局"":""国家金融监督管理总局方山监管支局"",""机构性质"":""中央国家行政机关省级以下直属机构"",""招考职位"":""监管部门一级主任科员及以下"",""职位属性"":""金融监管计算机类职位"",""职位分布"":""西部地区和艰苦边远地区职位"",""职位简介"":""主要从事金融信息科技风险监管、电子设备软硬件管理及信息系统运行维护等工作。"",""职位代码"":""300147062001"",""机构层级"":""县（区）级及以下"",""考试类别"":""市（地）级及以下直属机构综合管理类"",""招考人数"":""1"",""专业"":""计算机科学与技术、软件工程、网络工程、信息安全"",""学历"":""仅限本科"",""学位"":""学士"",""政治面貌"":""不限"",""基层工作最低年限"":""无限制"",""服务基层项目工作经历"":""无限制"",""是否在面试阶段组织专业能力测试"":""否"",""面试人员比例"":""3:1"",""工作地点"":""山西省吕梁市方山县"",""落户地点"":""山西省吕梁市方山县"",""备注"":""1.报名时请在专业栏中同时填写专业名称和专业代码；2.限应届高校毕业生报考，请在备注栏中注明本人具有应届高校毕业生身份；3.限山西省户口或生源；4.要求本科学历大学英语四级成绩425分及以上，请在外语水平栏中注明成绩；5.专业考试信息请参见国家金融监督管理总局2025年度招考公告。"",""部门网站"":""http://www.cbirc.gov.cn/"",""咨询电话1"":""0351-7551671"",""咨询电话2"":""0351-7551670"",""咨询电话3"":"""",""来源Sheet"":""中央国家行政机关省级以下直属机构""}}"
"government_jobs","国家公务员2025招考简章","公务员/事业单位技术岗位","山西省吕梁市兴县","2026-07-28T09:12:58.310295+00:00","监管部门一级主任科员及以下","国家金融监督管理总局山西监管局","","山西省吕梁市兴县","公务员/事业单位;2025;computer_software;cybersecurity_cryptography;仅限本科;学士;计算机科学与技术、软件工程、网络工程、信息安全;市（地）级及以下直属机构综合管理类","用人司局：国家金融监督管理总局兴县监管支局
职位简介：主要从事金融信息科技风险监管、电子设备软硬件管理及信息系统运行维护等工作。
专业要求：计算机科学与技术、软件工程、网络工程、信息安全
学历要求：仅限本科
学位要求：学士
政治面貌：不限
基层工作经历：无限制
考试类别：市（地）级及以下直属机构综合管理类
备注：1.报名时请在专业栏中同时填写专业名称和专业代码；2.限应届高校毕业生报考，请在备注栏中注明本人具有应届高校毕业生身份；3.限山西省户口或生源；4.要求本科学历大学英语四级成绩425分及以上，请在外语水平栏中注明成绩；5.专业考试信息请参见国家金融监督管理总局2025年度招考公告。","https://www.xjhc.gov.cn/xjhc/c116834/202410/a29382e11a674da3be3353af65f9fcc5.shtml#132104-300147063001","2024-10-14","{""dataset_year"":2025,""job_uid"":""GOV-2025-132104-300147063001"",""publisher"":""国家公务员局"",""publication_page"":""https://www.xjhc.gov.cn/xjhc/c116834/202410/a29382e11a674da3be3353af65f9fcc5.shtml"",""attachment_url"":""https://www.xjhc.gov.cn/xjhc/c116834/202410/a29382e11a674da3be3353af65f9fcc5/files/0536cef86e2b46ddad6aae5a3780089e.xls"",""local_source_file"":""2025_guokao_zhaokaojianzhang.xls"",""local_source_sha256"":""07ae6cab368cd21b7a1ac3e8150fe9a3d39ad5171ce76135ff3cccfe50c3e77e"",""source_sheet"":""中央国家行政机关省级以下直属机构"",""filter_version"":""government_tech_v2"",""tech_filter"":{""is_tech"":true,""is_core_tech"":true,""scope"":""core"",""categories"":[""computer_software"",""cybersecurity_cryptography""],""matched_fields"":[""major"",""description""],""major_terms"":[""信息安全"",""网络工程"",""计算机科学与技术"",""软件工程""],""role_terms"":[""信息科技"",""信息系统"",""软硬件""],""reason"":""tech_major_and_role""},""original"":{""部门代码"":""132104"",""部门名称"":""国家金融监督管理总局山西监管局"",""用人司局"":""国家金融监督管理总局兴县监管支局"",""机构性质"":""中央国家行政机关省级以下直属机构"",""招考职位"":""监管部门一级主任科员及以下"",""职位属性"":""金融监管计算机类职位"",""职位分布"":""西部地区和艰苦边远地区职位"",""职位简介"":""主要从事金融信息科技风险监管、电子设备软硬件管理及信息系统运行维护等工作。"",""职位代码"":""300147063001"",""机构层级"":""县（区）级及以下"",""考试类别"":""市（地）级及以下直属机构综合管理类"",""招考人数"":""1"",""专业"":""计算机科学与技术、软件工程、网络工程、信息安全"",""学历"":""仅限本科"",""学位"":""学士"",""政治面貌"":""不限"",""基层工作最低年限"":""无限制"",""服务基层项目工作经历"":""无限制"",""是否在面试阶段组织专业能力测试"":""否"",""面试人员比例"":""3:1"",""工作地点"":""山西省吕梁市兴县"",""落户地点"":""山西省吕梁市兴县"",""备注"":""1.报名时请在专业栏中同时填写专业名称和专业代码；2.限应届高校毕业生报考，请在备注栏中注明本人具有应届高校毕业生身份；3.限山西省户口或生源；4.要求本科学历大学英语四级成绩425分及以上，请在外语水平栏中注明成绩；5.专业考试信息请参见国家金融监督管理总局2025年度招考公告。"",""部门网站"":""http://www.cbirc.gov.cn/"",""咨询电话1"":""0351-7551671"",""咨询电话2"":""0351-7551670"",""咨询电话3"":"""",""来源Sheet"":""中央国家行政机关省级以下直属机构""}}"
"government_jobs","国家公务员2025招考简章","公务员/事业单位技术岗位","山西省晋中市介休市","2026-07-28T09:12:58.310295+00:00","监管部门一级主任科员及以下","国家金融监督管理总局山西监管局","","山西省晋中市介休市","公务员/事业单位;2025;computer_software;cybersecurity_cryptography;仅限本科;学士;计算机科学与技术、软件工程、网络工程、信息安全;市（地）级及以下直属机构综合管理类","用人司局：国家金融监督管理总局介休监管支局
职位简介：主要从事金融信息科技风险监管、电子设备软硬件管理及信息系统运行维护等工作。
专业要求：计算机科学与技术、软件工程、网络工程、信息安全
学历要求：仅限本科
学位要求：学士
政治面貌：不限
基层工作经历：无限制
考试类别：市（地）级及以下直属机构综合管理类
备注：1.报名时请在专业栏中同时填写专业名称和专业代码；2.限应届高校毕业生报考，请在备注栏中注明本人具有应届高校毕业生身份；3.专业考试信息请参见国家金融监督管理总局2025年度招考公告。","https://www.xjhc.gov.cn/xjhc/c116834/202410/a29382e11a674da3be3353af65f9fcc5.shtml#132104-300147064001","2024-10-14","{""dataset_year"":2025,""job_uid"":""GOV-2025-132104-300147064001"",""publisher"":""国家公务员局"",""publication_page"":""https://www.xjhc.gov.cn/xjhc/c116834/202410/a29382e11a674da3be3353af65f9fcc5.shtml"",""attachment_url"":""https://www.xjhc.gov.cn/xjhc/c116834/202410/a29382e11a674da3be3353af65f9fcc5/files/0536cef86e2b46ddad6aae5a3780089e.xls"",""local_source_file"":""2025_guokao_zhaokaojianzhang.xls"",""local_source_sha256"":""07ae6cab368cd21b7a1ac3e8150fe9a3d39ad5171ce76135ff3cccfe50c3e77e"",""source_sheet"":""中央国家行政机关省级以下直属机构"",""filter_version"":""government_tech_v2"",""tech_filter"":{""is_tech"":true,""is_core_tech"":true,""scope"":""core"",""categories"":[""computer_software"",""cybersecurity_cryptography""],""matched_fields"":[""major"",""description""],""major_terms"":[""信息安全"",""网络工程"",""计算机科学与技术"",""软件工程""],""role_terms"":[""信息科技"",""信息系统"",""软硬件""],""reason"":""tech_major_and_role""},""original"":{""部门代码"":""132104"",""部门名称"":""国家金融监督管理总局山西监管局"",""用人司局"":""国家金融监督管理总局介休监管支局"",""机构性质"":""中央国家行政机关省级以下直属机构"",""招考职位"":""监管部门一级主任科员及以下"",""职位属性"":""金融监管计算机类职位"",""职位分布"":""西部地区和艰苦边远地区职位"",""职位简介"":""主要从事金融信息科技风险监管、电子设备软硬件管理及信息系统运行维护等工作。"",""职位代码"":""300147064001"",""机构层级"":""县（区）级及以下"",""考试类别"":""市（地）级及以下直属机构综合管理类"",""招考人数"":""1"",""专业"":""计算机科学与技术、软件工程、网络工程、信息安全"",""学历"":""仅限本科"",""学位"":""学士"",""政治面貌"":""不限"",""基层工作最低年限"":""无限制"",""服务基层项目工作经历"":""无限制"",""是否在面试阶段组织专业能力测试"":""否"",""面试人员比例"":""3:1"",""工作地点"":""山西省晋中市介休市"",""落户地点"":""山西省晋中市介休市"",""备注"":""1.报名时请在专业栏中同时填写专业名称和专业代码；2.限应届高校毕业生报考，请在备注栏中注明本人具有应届高校毕业生身份；3.专业考试信息请参见国家金融监督管理总局2025年度招考公告。"",""部门网站"":""http://www.cbirc.gov.cn/"",""咨询电话1"":""0351-7551671"",""咨询电话2"":""0351-7551670"",""咨询电话3"":"""",""来源Sheet"":""中央国家行政机关省级以下直属机构""}}"
"government_jobs","国家公务员2025招考简章","公务员/事业单位技术岗位","山西省晋中市左权县","2026-07-28T09:12:58.310295+00:00","监管部门一级主任科员及以下","国家金融监督管理总局山西监管局","","山西省晋中市左权县","公务员/事业单位;2025;computer_software;cybersecurity_cryptography;仅限本科;学士;计算机科学与技术、软件工程、网络工程、信息安全;市（地）级及以下直属机构综合管理类","用人司局：国家金融监督管理总局左权监管支局
职位简介：主要从事金融信息科技风险监管、电子设备软硬件管理及信息系统运行维护等工作。
专业要求：计算机科学与技术、软件工程、网络工程、信息安全
学历要求：仅限本科
学位要求：学士
政治面貌：不限
基层工作经历：无限制
考试类别：市（地）级及以下直属机构综合管理类
备注：1.报名时请在专业栏中同时填写专业名称和专业代码；2.限应届高校毕业生报考，请在备注栏中注明本人具有应届高校毕业生身份；3.专业考试信息请参见国家金融监督管理总局2025年度招考公告。","https://www.xjhc.gov.cn/xjhc/c116834/202410/a29382e11a674da3be3353af65f9fcc5.shtml#132104-300147065001","2024-10-14","{""dataset_year"":2025,""job_uid"":""GOV-2025-132104-300147065001"",""publisher"":""国家公务员局"",""publication_page"":""https://www.xjhc.gov.cn/xjhc/c116834/202410/a29382e11a674da3be3353af65f9fcc5.shtml"",""attachment_url"":""https://www.xjhc.gov.cn/xjhc/c116834/202410/a29382e11a674da3be3353af65f9fcc5/files/0536cef86e2b46ddad6aae5a3780089e.xls"",""local_source_file"":""2025_guokao_zhaokaojianzhang.xls"",""local_source_sha256"":""07ae6cab368cd21b7a1ac3e8150fe9a3d39ad5171ce76135ff3cccfe50c3e77e"",""source_sheet"":""中央国家行政机关省级以下直属机构"",""filter_version"":""government_tech_v2"",""tech_filter"":{""is_tech"":true,""is_core_tech"":true,""scope"":""core"",""categories"":[""computer_software"",""cybersecurity_cryptography""],""matched_fields"":[""major"",""description""],""major_terms"":[""信息安全"",""网络工程"",""计算机科学与技术"",""软件工程""],""role_terms"":[""信息科技"",""信息系统"",""软硬件""],""reason"":""tech_major_and_role""},""original"":{""部门代码"":""132104"",""部门名称"":""国家金融监督管理总局山西监管局"",""用人司局"":""国家金融监督管理总局左权监管支局"",""机构性质"":""中央国家行政机关省级以下直属机构"",""招考职位"":""监管部门一级主任科员及以下"",""职位属性"":""金融监管计算机类职位"",""职位分布"":""西部地区和艰苦边远地区职位"",""职位简介"":""主要从事金融信息科技风险监管、电子设备软硬件管理及信息系统运行维护等工作。"",""职位代码"":""300147065001"",""机构层级"":""县（区）级及以下"",""考试类别"":""市（地）级及以下直属机构综合管理类"",""招考人数"":""1"",""专业"":""计算机科学与技术、软件工程、网络工程、信息安全"",""学历"":""仅限本科"",""学位"":""学士"",""政治面貌"":""不限"",""基层工作最低年限"":""无限制"",""服务基层项目工作经历"":""无限制"",""是否在面试阶段组织专业能力测试"":""否"",""面试人员比例"":""3:1"",""工作地点"":""山西省晋中市左权县"",""落户地点"":""山西省晋中市左权县"",""备注"":""1.报名时请在专业栏中同时填写专业名称和专业代码；2.限应届高校毕业生报考，请在备注栏中注明本人具有应届高校毕业生身份；3.专业考试信息请参见国家金融监督管理总局2025年度招考公告。"",""部门网站"":""http://www.cbirc.gov.cn/"",""咨询电话1"":""0351-7551671"",""咨询电话2"":""0351-7551670"",""咨询电话3"":"""",""来源Sheet"":""中央国家行政机关省级以下直属机构""}}"
"government_jobs","国家公务员2025招考简章","公务员/事业单位技术岗位","山西省长治市长子县","2026-07-28T09:12:58.310295+00:00","监管部门一级主任科员及以下","国家金融监督管理总局山西监管局","","山西省长治市长子县","公务员/事业单位;2025;computer_software;cybersecurity_cryptography;仅限本科;学士;计算机科学与技术、软件工程、网络工程、信息安全;市（地）级及以下直属机构综合管理类","用人司局：国家金融监督管理总局长子监管支局
职位简介：主要从事金融信息科技风险监管、电子设备软硬件管理及信息系统运行维护等工作。
专业要求：计算机科学与技术、软件工程、网络工程、信息安全
学历要求：仅限本科
学位要求：学士
政治面貌：不限
基层工作经历：无限制
考试类别：市（地）级及以下直属机构综合管理类
备注：1.报名时请在专业栏中同时填写专业名称和专业代码；2.限应届高校毕业生报考，请在备注栏中注明本人具有应届高校毕业生身份；3.专业考试信息请参见国家金融监督管理总局2025年度招考公告。","https://www.xjhc.gov.cn/xjhc/c116834/202410/a29382e11a674da3be3353af65f9fcc5.shtml#132104-300147071001","2024-10-14","{""dataset_year"":2025,""job_uid"":""GOV-2025-132104-300147071001"",""publisher"":""国家公务员局"",""publication_page"":""https://www.xjhc.gov.cn/xjhc/c116834/202410/a29382e11a674da3be3353af65f9fcc5.shtml"",""attachment_url"":""https://www.xjhc.gov.cn/xjhc/c116834/202410/a29382e11a674da3be3353af65f9fcc5/files/0536cef86e2b46ddad6aae5a3780089e.xls"",""local_source_file"":""2025_guokao_zhaokaojianzhang.xls"",""local_source_sha256"":""07ae6cab368cd21b7a1ac3e8150fe9a3d39ad5171ce76135ff3cccfe50c3e77e"",""source_sheet"":""中央国家行政机关省级以下直属机构"",""filter_version"":""government_tech_v2"",""tech_filter"":{""is_tech"":true,""is_core_tech"":true,""scope"":""core"",""categories"":[""computer_software"",""cybersecurity_cryptography""],""matched_fields"":[""major"",""description""],""major_terms"":[""信息安全"",""网络工程"",""计算机科学与技术"",""软件工程""],""role_terms"":[""信息科技"",""信息系统"",""软硬件""],""reason"":""tech_major_and_role""},""original"":{""部门代码"":""132104"",""部门名称"":""国家金融监督管理总局山西监管局"",""用人司局"":""国家金融监督管理总局长子监管支局"",""机构性质"":""中央国家行政机关省级以下直属机构"",""招考职位"":""监管部门一级主任科员及以下"",""职位属性"":""金融监管计算机类职位"",""职位分布"":""西部地区和艰苦边远地区职位"",""职位简介"":""主要从事金融信息科技风险监管、电子设备软硬件管理及信息系统运行维护等工作。"",""职位代码"":""300147071001"",""机构层级"":""县（区）级及以下"",""考试类别"":""市（地）级及以下直属机构综合管理类"",""招考人数"":""1"",""专业"":""计算机科学与技术、软件工程、网络工程、信息安全"",""学历"":""仅限本科"",""学位"":""学士"",""政治面貌"":""不限"",""基层工作最低年限"":""无限制"",""服务基层项目工作经历"":""无限制"",""是否在面试阶段组织专业能力测试"":""否"",""面试人员比例"":""3:1"",""工作地点"":""山西省长治市长子县"",""落户地点"":""山西省长治市长子县"",""备注"":""1.报名时请在专业栏中同时填写专业名称和专业代码；2.限应届高校毕业生报考，请在备注栏中注明本人具有应届高校毕业生身份；3.专业考试信息请参见国家金融监督管理总局2025年度招考公告。"",""部门网站"":""http://www.cbirc.gov.cn/"",""咨询电话1"":""0351-7551671"",""咨询电话2"":""0351-7551670"",""咨询电话3"":"""",""来源Sheet"":""中央国家行政机关省级以下直属机构""}}"
"government_jobs","国家公务员2025招考简章","公务员/事业单位技术岗位","山西省晋城市高平市","2026-07-28T09:12:58.310295+00:00","监管部门一级主任科员及以下","国家金融监督管理总局山西监管局","","山西省晋城市高平市","公务员/事业单位;2025;computer_software;cybersecurity_cryptography;仅限本科;学士;计算机科学与技术、软件工程、网络工程、信息安全;市（地）级及以下直属机构综合管理类","用人司局：国家金融监督管理总局高平监管支局
职位简介：主要从事金融信息科技风险监管、电子设备软硬件管理及信息系统运行维护等工作。
专业要求：计算机科学与技术、软件工程、网络工程、信息安全
学历要求：仅限本科
学位要求：学士
政治面貌：不限
基层工作经历：无限制
考试类别：市（地）级及以下直属机构综合管理类
备注：1.报名时请在专业栏中同时填写专业名称和专业代码；2.限应届高校毕业生报考，请在备注栏中注明本人具有应届高校毕业生身份；3.专业考试信息请参见国家金融监督管理总局2025年度招考公告。","https://www.xjhc.gov.cn/xjhc/c116834/202410/a29382e11a674da3be3353af65f9fcc5.shtml#132104-300147072001","2024-10-14","{""dataset_year"":2025,""job_uid"":""GOV-2025-132104-300147072001"",""publisher"":""国家公务员局"",""publication_page"":""https://www.xjhc.gov.cn/xjhc/c116834/202410/a29382e11a674da3be3353af65f9fcc5.shtml"",""attachment_url"":""https://www.xjhc.gov.cn/xjhc/c116834/202410/a29382e11a674da3be3353af65f9fcc5/files/0536cef86e2b46ddad6aae5a3780089e.xls"",""local_source_file"":""2025_guokao_zhaokaojianzhang.xls"",""local_source_sha256"":""07ae6cab368cd21b7a1ac3e8150fe9a3d39ad5171ce76135ff3cccfe50c3e77e"",""source_sheet"":""中央国家行政机关省级以下直属机构"",""filter_version"":""government_tech_v2"",""tech_filter"":{""is_tech"":true,""is_core_tech"":true,""scope"":""core"",""categories"":[""computer_software"",""cybersecurity_cryptography""],""matched_fields"":[""major"",""description""],""major_terms"":[""信息安全"",""网络工程"",""计算机科学与技术"",""软件工程""],""role_terms"":[""信息科技"",""信息系统"",""软硬件""],""reason"":""tech_major_and_role""},""original"":{""部门代码"":""132104"",""部门名称"":""国家金融监督管理总局山西监管局"",""用人司局"":""国家金融监督管理总局高平监管支局"",""机构性质"":""中央国家行政机关省级以下直属机构"",""招考职位"":""监管部门一级主任科员及以下"",""职位属性"":""金融监管计算机类职位"",""职位分布"":""西部地区和艰苦边远地区职位"",""职位简介"":""主要从事金融信息科技风险监管、电子设备软硬件管理及信息系统运行维护等工作。"",""职位代码"":""300147072001"",""机构层级"":""县（区）级及以下"",""考试类别"":""市（地）级及以下直属机构综合管理类"",""招考人数"":""1"",""专业"":""计算机科学与技术、软件工程、网络工程、信息安全"",""学历"":""仅限本科"",""学位"":""学士"",""政治面貌"":""不限"",""基层工作最低年限"":""无限制"",""服务基层项目工作经历"":""无限制"",""是否在面试阶段组织专业能力测试"":""否"",""面试人员比例"":""3:1"",""工作地点"":""山西省晋城市高平市"",""落户地点"":""山西省晋城市高平市"",""备注"":""1.报名时请在专业栏中同时填写专业名称和专业代码；2.限应届高校毕业生报考，请在备注栏中注明本人具有应届高校毕业生身份；3.专业考试信息请参见国家金融监督管理总局2025年度招考公告。"",""部门网站"":""http://www.cbirc.gov.cn/"",""咨询电话1"":""0351-7551671"",""咨询电话2"":""0351-7551670"",""咨询电话3"":"""",""来源Sheet"":""中央国家行政机关省级以下直属机构""}}"
"government_jobs","国家公务员2025招考简章","公务员/事业单位技术岗位","山西省临汾市翼城县","2026-07-28T09:12:58.310295+00:00","监管部门一级主任科员及以下","国家金融监督管理总局山西监管局","","山西省临汾市翼城县","公务员/事业单位;2025;computer_software;cybersecurity_cryptography;仅限本科;学士;计算机科学与技术、软件工程、网络工程、信息安全;市（地）级及以下直属机构综合管理类","用人司局：国家金融监督管理总局翼城监管支局
职位简介：主要从事金融信息科技风险监管、电子设备软硬件管理及信息系统运行维护等工作。
专业要求：计算机科学与技术、软件工程、网络工程、信息安全
学历要求：仅限本科
学位要求：学士
政治面貌：不限
基层工作经历：无限制
考试类别：市（地）级及以下直属机构综合管理类
备注：1.报名时请在专业栏中同时填写专业名称和专业代码；2.限应届高校毕业生报考，请在备注栏中注明本人具有应届高校毕业生身份；3.限临汾市、运城市户口或生源；4.要求本科学历大学英语四级成绩425分及以上，请在外语水平栏中注明成绩；5.专业考试信息请参见国家金融监督管理总局2025年度招考公告。","https://www.xjhc.gov.cn/xjhc/c116834/202410/a29382e11a674da3be3353af65f9fcc5.shtml#132104-300147074001","2024-10-14","{""dataset_year"":2025,""job_uid"":""GOV-2025-132104-300147074001"",""publisher"":""国家公务员局"",""publication_page"":""https://www.xjhc.gov.cn/xjhc/c116834/202410/a29382e11a674da3be3353af65f9fcc5.shtml"",""attachment_url"":""https://www.xjhc.gov.cn/xjhc/c116834/202410/a29382e11a674da3be3353af65f9fcc5/files/0536cef86e2b46ddad6aae5a3780089e.xls"",""local_source_file"":""2025_guokao_zhaokaojianzhang.xls"",""local_source_sha256"":""07ae6cab368cd21b7a1ac3e8150fe9a3d39ad5171ce76135ff3cccfe50c3e77e"",""source_sheet"":""中央国家行政机关省级以下直属机构"",""filter_version"":""government_tech_v2"",""tech_filter"":{""is_tech"":true,""is_core_tech"":true,""scope"":""core"",""categories"":[""computer_software"",""cybersecurity_cryptography""],""matched_fields"":[""major"",""description""],""major_terms"":[""信息安全"",""网络工程"",""计算机科学与技术"",""软件工程""],""role_terms"":[""信息科技"",""信息系统"",""软硬件""],""reason"":""tech_major_and_role""},""original"":{""部门代码"":""132104"",""部门名称"":""国家金融监督管理总局山西监管局"",""用人司局"":""国家金融监督管理总局翼城监管支局"",""机构性质"":""中央国家行政机关省级以下直属机构"",""招考职位"":""监管部门一级主任科员及以下"",""职位属性"":""金融监管计算机类职位"",""职位分布"":""西部地区和艰苦边远地区职位"",""职位简介"":""主要从事金融信息科技风险监管、电子设备软硬件管理及信息系统运行维护等工作。"",""职位代码"":""300147074001"",""机构层级"":""县（区）级及以下"",""考试类别"":""市（地）级及以下直属机构综合管理类"",""招考人数"":""1"",""专业"":""计算机科学与技术、软件工程、网络工程、信息安全"",""学历"":""仅限本科"",""学位"":""学士"",""政治面貌"":""不限"",""基层工作最低年限"":""无限制"",""服务基层项目工作经历"":""无限制"",""是否在面试阶段组织专业能力测试"":""否"",""面试人员比例"":""3:1"",""工作地点"":""山西省临汾市翼城县"",""落户地点"":""山西省临汾市翼城县"",""备注"":""1.报名时请在专业栏中同时填写专业名称和专业代码；2.限应届高校毕业生报考，请在备注栏中注明本人具有应届高校毕业生身份；3.限临汾市、运城市户口或生源；4.要求本科学历大学英语四级成绩425分及以上，请在外语水平栏中注明成绩；5.专业考试信息请参见国家金融监督管理总局2025年度招考公告。"",""部门网站"":""http://www.cbirc.gov.cn/"",""咨询电话1"":""0351-7551671"",""咨询电话2"":""0351-7551670"",""咨询电话3"":"""",""来源Sheet"":""中央国家行政机关省级以下直属机构""}}"
"government_jobs","国家公务员2025招考简章","公务员/事业单位技术岗位","山西省临汾市襄汾县","2026-07-28T09:12:58.310295+00:00","监管部门一级主任科员及以下","国家金融监督管理总局山西监管局","","山西省临汾市襄汾县","公务员/事业单位;2025;computer_software;cybersecurity_cryptography;仅限本科;学士;计算机科学与技术、软件工程、网络工程、信息安全;市（地）级及以下直属机构综合管理类","用人司局：国家金融监督管理总局襄汾监管支局
职位简介：主要从事金融信息科技风险监管、电子设备软硬件管理及信息系统运行维护等工作。
专业要求：计算机科学与技术、软件工程、网络工程、信息安全
学历要求：仅限本科
学位要求：学士
政治面貌：不限
基层工作经历：无限制
考试类别：市（地）级及以下直属机构综合管理类
备注：1.报名时请在专业栏中同时填写专业名称和专业代码；2.限应届高校毕业生报考，请在备注栏中注明本人具有应届高校毕业生身份；3.限临汾市、运城市户口或生源；4.要求本科学历大学英语四级成绩425分及以上，请在外语水平栏中注明成绩；5.专业考试信息请参见国家金融监督管理总局2025年度招考公告。","https://www.xjhc.gov.cn/xjhc/c116834/202410/a29382e11a674da3be3353af65f9fcc5.shtml#132104-300147075001","2024-10-14","{""dataset_year"":2025,""job_uid"":""GOV-2025-132104-300147075001"",""publisher"":""国家公务员局"",""publication_page"":""https://www.xjhc.gov.cn/xjhc/c116834/202410/a29382e11a674da3be3353af65f9fcc5.shtml"",""attachment_url"":""https://www.xjhc.gov.cn/xjhc/c116834/202410/a29382e11a674da3be3353af65f9fcc5/files/0536cef86e2b46ddad6aae5a3780089e.xls"",""local_source_file"":""2025_guokao_zhaokaojianzhang.xls"",""local_source_sha256"":""07ae6cab368cd21b7a1ac3e8150fe9a3d39ad5171ce76135ff3cccfe50c3e77e"",""source_sheet"":""中央国家行政机关省级以下直属机构"",""filter_version"":""government_tech_v2"",""tech_filter"":{""is_tech"":true,""is_core_tech"":true,""scope"":""core"",""categories"":[""computer_software"",""cybersecurity_cryptography""],""matched_fields"":[""major"",""description""],""major_terms"":[""信息安全"",""网络工程"",""计算机科学与技术"",""软件工程""],""role_terms"":[""信息科技"",""信息系统"",""软硬件""],""reason"":""tech_major_and_role""},""original"":{""部门代码"":""132104"",""部门名称"":""国家金融监督管理总局山西监管局"",""用人司局"":""国家金融监督管理总局襄汾监管支局"",""机构性质"":""中央国家行政机关省级以下直属机构"",""招考职位"":""监管部门一级主任科员及以下"",""职位属性"":""金融监管计算机类职位"",""职位分布"":""西部地区和艰苦边远地区职位"",""职位简介"":""主要从事金融信息科技风险监管、电子设备软硬件管理及信息系统运行维护等工作。"",""职位代码"":""300147075001"",""机构层级"":""县（区）级及以下"",""考试类别"":""市（地）级及以下直属机构综合管理类"",""招考人数"":""1"",""专业"":""计算机科学与技术、软件工程、网络工程、信息安全"",""学历"":""仅限本科"",""学位"":""学士"",""政治面貌"":""不限"",""基层工作最低年限"":""无限制"",""服务基层项目工作经历"":""无限制"",""是否在面试阶段组织专业能力测试"":""否"",""面试人员比例"":""3:1"",""工作地点"":""山西省临汾市襄汾县"",""落户地点"":""山西省临汾市襄汾县"",""备注"":""1.报名时请在专业栏中同时填写专业名称和专业代码；2.限应届高校毕业生报考，请在备注栏中注明本人具有应届高校毕业生身份；3.限临汾市、运城市户口或生源；4.要求本科学历大学英语四级成绩425分及以上，请在外语水平栏中注明成绩；5.专业考试信息请参见国家金融监督管理总局2025年度招考公告。"",""部门网站"":""http://www.cbirc.gov.cn/"",""咨询电话1"":""0351-7551671"",""咨询电话2"":""0351-7551670"",""咨询电话3"":"""",""来源Sheet"":""中央国家行政机关省级以下直属机构""}}"
"government_jobs","国家公务员2025招考简章","公务员/事业单位技术岗位","山西省临汾市洪洞县","2026-07-28T09:12:58.310295+00:00","监管部门一级主任科员及以下","国家金融监督管理总局山西监管局","","山西省临汾市洪洞县","公务员/事业单位;2025;computer_software;cybersecurity_cryptography;仅限本科;学士;计算机科学与技术、软件工程、网络工程、信息安全;市（地）级及以下直属机构综合管理类","用人司局：国家金融监督管理总局洪洞监管支局
职位简介：主要从事金融信息科技风险监管、电子设备软硬件管理及信息系统运行维护等工作。
专业要求：计算机科学与技术、软件工程、网络工程、信息安全
学历要求：仅限本科
学位要求：学士
政治面貌：不限
基层工作经历：无限制
考试类别：市（地）级及以下直属机构综合管理类
备注：1.报名时请在专业栏中同时填写专业名称和专业代码；2.限应届高校毕业生报考，请在备注栏中注明本人具有应届高校毕业生身份；3.限临汾市、运城市户口或生源；4.要求本科学历大学英语四级成绩425分及以上，请在外语水平栏中注明成绩；5.专业考试信息请参见国家金融监督管理总局2025年度招考公告。","https://www.xjhc.gov.cn/xjhc/c116834/202410/a29382e11a674da3be3353af65f9fcc5.shtml#132104-300147076002","2024-10-14","{""dataset_year"":2025,""job_uid"":""GOV-2025-132104-300147076002"",""publisher"":""国家公务员局"",""publication_page"":""https://www.xjhc.gov.cn/xjhc/c116834/202410/a29382e11a674da3be3353af65f9fcc5.shtml"",""attachment_url"":""https://www.xjhc.gov.cn/xjhc/c116834/202410/a29382e11a674da3be3353af65f9fcc5/files/0536cef86e2b46ddad6aae5a3780089e.xls"",""local_source_file"":""2025_guokao_zhaokaojianzhang.xls"",""local_source_sha256"":""07ae6cab368cd21b7a1ac3e8150fe9a3d39ad5171ce76135ff3cccfe50c3e77e"",""source_sheet"":""中央国家行政机关省级以下直属机构"",""filter_version"":""government_tech_v2"",""tech_filter"":{""is_tech"":true,""is_core_tech"":true,""scope"":""core"",""categories"":[""computer_software"",""cybersecurity_cryptography""],""matched_fields"":[""major"",""description""],""major_terms"":[""信息安全"",""网络工程"",""计算机科学与技术"",""软件工程""],""role_terms"":[""信息科技"",""信息系统"",""软硬件""],""reason"":""tech_major_and_role""},""original"":{""部门代码"":""132104"",""部门名称"":""国家金融监督管理总局山西监管局"",""用人司局"":""国家金融监督管理总局洪洞监管支局"",""机构性质"":""中央国家行政机关省级以下直属机构"",""招考职位"":""监管部门一级主任科员及以下"",""职位属性"":""金融监管计算机类职位"",""职位分布"":""西部地区和艰苦边远地区职位"",""职位简介"":""主要从事金融信息科技风险监管、电子设备软硬件管理及信息系统运行维护等工作。"",""职位代码"":""300147076002"",""机构层级"":""县（区）级及以下"",""考试类别"":""市（地）级及以下直属机构综合管理类"",""招考人数"":""1"",""专业"":""计算机科学与技术、软件工程、网络工程、信息安全"",""学历"":""仅限本科"",""学位"":""学士"",""政治面貌"":""不限"",""基层工作最低年限"":""无限制"",""服务基层项目工作经历"":""无限制"",""是否在面试阶段组织专业能力测试"":""否"",""面试人员比例"":""3:1"",""工作地点"":""山西省临汾市洪洞县"",""落户地点"":""山西省临汾市洪洞县"",""备注"":""1.报名时请在专业栏中同时填写专业名称和专业代码；2.限应届高校毕业生报考，请在备注栏中注明本人具有应届高校毕业生身份；3.限临汾市、运城市户口或生源；4.要求本科学历大学英语四级成绩425分及以上，请在外语水平栏中注明成绩；5.专业考试信息请参见国家金融监督管理总局2025年度招考公告。"",""部门网站"":""http://www.cbirc.gov.cn/"",""咨询电话1"":""0351-7551671"",""咨询电话2"":""0351-7551670"",""咨询电话3"":"""",""来源Sheet"":""中央国家行政机关省级以下直属机构""}}"
"government_jobs","国家公务员2025招考简章","公务员/事业单位技术岗位","山西省临汾市霍州市","2026-07-28T09:12:58.310295+00:00","监管部门一级主任科员及以下","国家金融监督管理总局山西监管局","","山西省临汾市霍州市","公务员/事业单位;2025;computer_software;cybersecurity_cryptography;仅限本科;学士;计算机科学与技术、软件工程、网络工程、信息安全;市（地）级及以下直属机构综合管理类","用人司局：国家金融监督管理总局霍州监管支局
职位简介：主要从事金融信息科技风险监管、电子设备软硬件管理及信息系统运行维护等工作。
专业要求：计算机科学与技术、软件工程、网络工程、信息安全
学历要求：仅限本科
学位要求：学士
政治面貌：不限
基层工作经历：无限制
考试类别：市（地）级及以下直属机构综合管理类
备注：1.报名时请在专业栏中同时填写专业名称和专业代码；2.限应届高校毕业生报考，请在备注栏中注明本人具有应届高校毕业生身份；3.限临汾市、运城市户口或生源；4.要求本科学历大学英语四级成绩425分及以上，请在外语水平栏中注明成绩；5.专业考试信息请参见国家金融监督管理总局2025年度招考公告。","https://www.xjhc.gov.cn/xjhc/c116834/202410/a29382e11a674da3be3353af65f9fcc5.shtml#132104-300147077001","2024-10-14","{""dataset_year"":2025,""job_uid"":""GOV-2025-132104-300147077001"",""publisher"":""国家公务员局"",""publication_page"":""https://www.xjhc.gov.cn/xjhc/c116834/202410/a29382e11a674da3be3353af65f9fcc5.shtml"",""attachment_url"":""https://www.xjhc.gov.cn/xjhc/c116834/202410/a29382e11a674da3be3353af65f9fcc5/files/0536cef86e2b46ddad6aae5a3780089e.xls"",""local_source_file"":""2025_guokao_zhaokaojianzhang.xls"",""local_source_sha256"":""07ae6cab368cd21b7a1ac3e8150fe9a3d39ad5171ce76135ff3cccfe50c3e77e"",""source_sheet"":""中央国家行政机关省级以下直属机构"",""filter_version"":""government_tech_v2"",""tech_filter"":{""is_tech"":true,""is_core_tech"":true,""scope"":""core"",""categories"":[""computer_software"",""cybersecurity_cryptography""],""matched_fields"":[""major"",""description""],""major_terms"":[""信息安全"",""网络工程"",""计算机科学与技术"",""软件工程""],""role_terms"":[""信息科技"",""信息系统"",""软硬件""],""reason"":""tech_major_and_role""},""original"":{""部门代码"":""132104"",""部门名称"":""国家金融监督管理总局山西监管局"",""用人司局"":""国家金融监督管理总局霍州监管支局"",""机构性质"":""中央国家行政机关省级以下直属机构"",""招考职位"":""监管部门一级主任科员及以下"",""职位属性"":""金融监管计算机类职位"",""职位分布"":""西部地区和艰苦边远地区职位"",""职位简介"":""主要从事金融信息科技风险监管、电子设备软硬件管理及信息系统运行维护等工作。"",""职位代码"":""300147077001"",""机构层级"":""县（区）级及以下"",""考试类别"":""市（地）级及以下直属机构综合管理类"",""招考人数"":""1"",""专业"":""计算机科学与技术、软件工程、网络工程、信息安全"",""学历"":""仅限本科"",""学位"":""学士"",""政治面貌"":""不限"",""基层工作最低年限"":""无限制"",""服务基层项目工作经历"":""无限制"",""是否在面试阶段组织专业能力测试"":""否"",""面试人员比例"":""3:1"",""工作地点"":""山西省临汾市霍州市"",""落户地点"":""山西省临汾市霍州市"",""备注"":""1.报名时请在专业栏中同时填写专业名称和专业代码；2.限应届高校毕业生报考，请在备注栏中注明本人具有应届高校毕业生身份；3.限临汾市、运城市户口或生源；4.要求本科学历大学英语四级成绩425分及以上，请在外语水平栏中注明成绩；5.专业考试信息请参见国家金融监督管理总局2025年度招考公告。"",""部门网站"":""http://www.cbirc.gov.cn/"",""咨询电话1"":""0351-7551671"",""咨询电话2"":""0351-7551670"",""咨询电话3"":"""",""来源Sheet"":""中央国家行政机关省级以下直属机构""}}"
"government_jobs","国家公务员2025招考简章","公务员/事业单位技术岗位","山西省运城市永济市","2026-07-28T09:12:58.310295+00:00","监管部门一级主任科员及以下","国家金融监督管理总局山西监管局","","山西省运城市永济市","公务员/事业单位;2025;computer_software;cybersecurity_cryptography;仅限本科;学士;计算机科学与技术、软件工程、网络工程、信息安全;市（地）级及以下直属机构综合管理类","用人司局：国家金融监督管理总局永济监管支局
职位简介：主要从事金融信息科技风险监管、电子设备软硬件管理及信息系统运行维护等工作。
专业要求：计算机科学与技术、软件工程、网络工程、信息安全
学历要求：仅限本科
学位要求：学士
政治面貌：不限
基层工作经历：无限制
考试类别：市（地）级及以下直属机构综合管理类
备注：1.报名时请在专业栏中同时填写专业名称和专业代码；2.限应届高校毕业生报考，请在备注栏中注明本人具有应届高校毕业生身份；3.限临汾市、运城市户口或生源；4.专业考试信息请参见国家金融监督管理总局2025年度招考公告。","https://www.xjhc.gov.cn/xjhc/c116834/202410/a29382e11a674da3be3353af65f9fcc5.shtml#132104-300147078001","2024-10-14","{""dataset_year"":2025,""job_uid"":""GOV-2025-132104-300147078001"",""publisher"":""国家公务员局"",""publication_page"":""https://www.xjhc.gov.cn/xjhc/c116834/202410/a29382e11a674da3be3353af65f9fcc5.shtml"",""attachment_url"":""https://www.xjhc.gov.cn/xjhc/c116834/202410/a29382e11a674da3be3353af65f9fcc5/files/0536cef86e2b46ddad6aae5a3780089e.xls"",""local_source_file"":""2025_guokao_zhaokaojianzhang.xls"",""local_source_sha256"":""07ae6cab368cd21b7a1ac3e8150fe9a3d39ad5171ce76135ff3cccfe50c3e77e"",""source_sheet"":""中央国家行政机关省级以下直属机构"",""filter_version"":""government_tech_v2"",""tech_filter"":{""is_tech"":true,""is_core_tech"":true,""scope"":""core"",""categories"":[""computer_software"",""cybersecurity_cryptography""],""matched_fields"":[""major"",""description""],""major_terms"":[""信息安全"",""网络工程"",""计算机科学与技术"",""软件工程""],""role_terms"":[""信息科技"",""信息系统"",""软硬件""],""reason"":""tech_major_and_role""},""original"":{""部门代码"":""132104"",""部门名称"":""国家金融监督管理总局山西监管局"",""用人司局"":""国家金融监督管理总局永济监管支局"",""机构性质"":""中央国家行政机关省级以下直属机构"",""招考职位"":""监管部门一级主任科员及以下"",""职位属性"":""金融监管计算机类职位"",""职位分布"":""西部地区和艰苦边远地区职位"",""职位简介"":""主要从事金融信息科技风险监管、电子设备软硬件管理及信息系统运行维护等工作。"",""职位代码"":""300147078001"",""机构层级"":""县（区）级及以下"",""考试类别"":""市（地）级及以下直属机构综合管理类"",""招考人数"":""1"",""专业"":""计算机科学与技术、软件工程、网络工程、信息安全"",""学历"":""仅限本科"",""学位"":""学士"",""政治面貌"":""不限"",""基层工作最低年限"":""无限制"",""服务基层项目工作经历"":""无限制"",""是否在面试阶段组织专业能力测试"":""否"",""面试人员比例"":""3:1"",""工作地点"":""山西省运城市永济市"",""落户地点"":""山西省运城市永济市"",""备注"":""1.报名时请在专业栏中同时填写专业名称和专业代码；2.限应届高校毕业生报考，请在备注栏中注明本人具有应届高校毕业生身份；3.限临汾市、运城市户口或生源；4.专业考试信息请参见国家金融监督管理总局2025年度招考公告。"",""部门网站"":""http://www.cbirc.gov.cn/"",""咨询电话1"":""0351-7551671"",""咨询电话2"":""0351-7551670"",""咨询电话3"":"""",""来源Sheet"":""中央国家行政机关省级以下直属机构""}}"
"government_jobs","国家公务员2025招考简章","公务员/事业单位技术岗位","山西省运城市万荣县","2026-07-28T09:12:58.310295+00:00","监管部门一级主任科员及以下","国家金融监督管理总局山西监管局","","山西省运城市万荣县","公务员/事业单位;2025;computer_software;cybersecurity_cryptography;仅限本科;学士;计算机科学与技术、软件工程、网络工程、信息安全;市（地）级及以下直属机构综合管理类","用人司局：国家金融监督管理总局万荣监管支局
职位简介：主要从事金融信息科技风险监管、电子设备软硬件管理及信息系统运行维护等工作。
专业要求：计算机科学与技术、软件工程、网络工程、信息安全
学历要求：仅限本科
学位要求：学士
政治面貌：不限
基层工作经历：无限制
考试类别：市（地）级及以下直属机构综合管理类
备注：1.报名时请在专业栏中同时填写专业名称和专业代码；2.限应届高校毕业生报考，请在备注栏中注明本人具有应届高校毕业生身份；3.限临汾市、运城市户口或生源；4.专业考试信息请参见国家金融监督管理总局2025年度招考公告。","https://www.xjhc.gov.cn/xjhc/c116834/202410/a29382e11a674da3be3353af65f9fcc5.shtml#132104-300147080001","2024-10-14","{""dataset_year"":2025,""job_uid"":""GOV-2025-132104-300147080001"",""publisher"":""国家公务员局"",""publication_page"":""https://www.xjhc.gov.cn/xjhc/c116834/202410/a29382e11a674da3be3353af65f9fcc5.shtml"",""attachment_url"":""https://www.xjhc.gov.cn/xjhc/c116834/202410/a29382e11a674da3be3353af65f9fcc5/files/0536cef86e2b46ddad6aae5a3780089e.xls"",""local_source_file"":""2025_guokao_zhaokaojianzhang.xls"",""local_source_sha256"":""07ae6cab368cd21b7a1ac3e8150fe9a3d39ad5171ce76135ff3cccfe50c3e77e"",""source_sheet"":""中央国家行政机关省级以下直属机构"",""filter_version"":""government_tech_v2"",""tech_filter"":{""is_tech"":true,""is_core_tech"":true,""scope"":""core"",""categories"":[""computer_software"",""cybersecurity_cryptography""],""matched_fields"":[""major"",""description""],""major_terms"":[""信息安全"",""网络工程"",""计算机科学与技术"",""软件工程""],""role_terms"":[""信息科技"",""信息系统"",""软硬件""],""reason"":""tech_major_and_role""},""original"":{""部门代码"":""132104"",""部门名称"":""国家金融监督管理总局山西监管局"",""用人司局"":""国家金融监督管理总局万荣监管支局"",""机构性质"":""中央国家行政机关省级以下直属机构"",""招考职位"":""监管部门一级主任科员及以下"",""职位属性"":""金融监管计算机类职位"",""职位分布"":""西部地区和艰苦边远地区职位"",""职位简介"":""主要从事金融信息科技风险监管、电子设备软硬件管理及信息系统运行维护等工作。"",""职位代码"":""300147080001"",""机构层级"":""县（区）级及以下"",""考试类别"":""市（地）级及以下直属机构综合管理类"",""招考人数"":""1"",""专业"":""计算机科学与技术、软件工程、网络工程、信息安全"",""学历"":""仅限本科"",""学位"":""学士"",""政治面貌"":""不限"",""基层工作最低年限"":""无限制"",""服务基层项目工作经历"":""无限制"",""是否在面试阶段组织专业能力测试"":""否"",""面试人员比例"":""3:1"",""工作地点"":""山西省运城市万荣县"",""落户地点"":""山西省运城市万荣县"",""备注"":""1.报名时请在专业栏中同时填写专业名称和专业代码；2.限应届高校毕业生报考，请在备注栏中注明本人具有应届高校毕业生身份；3.限临汾市、运城市户口或生源；4.专业考试信息请参见国家金融监督管理总局2025年度招考公告。"",""部门网站"":""http://www.cbirc.gov.cn/"",""咨询电话1"":""0351-7551671"",""咨询电话2"":""0351-7551670"",""咨询电话3"":"""",""来源Sheet"":""中央国家行政机关省级以下直属机构""}}"
"government_jobs","国家公务员2025招考简章","公务员/事业单位技术岗位","山西省运城市稷山县","2026-07-28T09:12:58.310295+00:00","监管部门一级主任科员及以下","国家金融监督管理总局山西监管局","","山西省运城市稷山县","公务员/事业单位;2025;computer_software;cybersecurity_cryptography;仅限本科;学士;计算机科学与技术、软件工程、网络工程、信息安全;市（地）级及以下直属机构综合管理类","用人司局：国家金融监督管理总局稷山监管支局
职位简介：主要从事金融信息科技风险监管、电子设备软硬件管理及信息系统运行维护等工作。
专业要求：计算机科学与技术、软件工程、网络工程、信息安全
学历要求：仅限本科
学位要求：学士
政治面貌：不限
基层工作经历：无限制
考试类别：市（地）级及以下直属机构综合管理类
备注：1.报名时请在专业栏中同时填写专业名称和专业代码；2.限应届高校毕业生报考，请在备注栏中注明本人具有应届高校毕业生身份；3.限临汾市、运城市户口或生源；4.专业考试信息请参见国家金融监督管理总局2025年度招考公告。","https://www.xjhc.gov.cn/xjhc/c116834/202410/a29382e11a674da3be3353af65f9fcc5.shtml#132104-300147081001","2024-10-14","{""dataset_year"":2025,""job_uid"":""GOV-2025-132104-300147081001"",""publisher"":""国家公务员局"",""publication_page"":""https://www.xjhc.gov.cn/xjhc/c116834/202410/a29382e11a674da3be3353af65f9fcc5.shtml"",""attachment_url"":""https://www.xjhc.gov.cn/xjhc/c116834/202410/a29382e11a674da3be3353af65f9fcc5/files/0536cef86e2b46ddad6aae5a3780089e.xls"",""local_source_file"":""2025_guokao_zhaokaojianzhang.xls"",""local_source_sha256"":""07ae6cab368cd21b7a1ac3e8150fe9a3d39ad5171ce76135ff3cccfe50c3e77e"",""source_sheet"":""中央国家行政机关省级以下直属机构"",""filter_version"":""government_tech_v2"",""tech_filter"":{""is_tech"":true,""is_core_tech"":true,""scope"":""core"",""categories"":[""computer_software"",""cybersecurity_cryptography""],""matched_fields"":[""major"",""description""],""major_terms"":[""信息安全"",""网络工程"",""计算机科学与技术"",""软件工程""],""role_terms"":[""信息科技"",""信息系统"",""软硬件""],""reason"":""tech_major_and_role""},""original"":{""部门代码"":""132104"",""部门名称"":""国家金融监督管理总局山西监管局"",""用人司局"":""国家金融监督管理总局稷山监管支局"",""机构性质"":""中央国家行政机关省级以下直属机构"",""招考职位"":""监管部门一级主任科员及以下"",""职位属性"":""金融监管计算机类职位"",""职位分布"":""西部地区和艰苦边远地区职位"",""职位简介"":""主要从事金融信息科技风险监管、电子设备软硬件管理及信息系统运行维护等工作。"",""职位代码"":""300147081001"",""机构层级"":""县（区）级及以下"",""考试类别"":""市（地）级及以下直属机构综合管理类"",""招考人数"":""1"",""专业"":""计算机科学与技术、软件工程、网络工程、信息安全"",""学历"":""仅限本科"",""学位"":""学士"",""政治面貌"":""不限"",""基层工作最低年限"":""无限制"",""服务基层项目工作经历"":""无限制"",""是否在面试阶段组织专业能力测试"":""否"",""面试人员比例"":""3:1"",""工作地点"":""山西省运城市稷山县"",""落户地点"":""山西省运城市稷山县"",""备注"":""1.报名时请在专业栏中同时填写专业名称和专业代码；2.限应届高校毕业生报考，请在备注栏中注明本人具有应届高校毕业生身份；3.限临汾市、运城市户口或生源；4.专业考试信息请参见国家金融监督管理总局2025年度招考公告。"",""部门网站"":""http://www.cbirc.gov.cn/"",""咨询电话1"":""0351-7551671"",""咨询电话2"":""0351-7551670"",""咨询电话3"":"""",""来源Sheet"":""中央国家行政机关省级以下直属机构""}}"
"government_jobs","国家公务员2025招考简章","公务员/事业单位技术岗位","内蒙古自治区锡林郭勒盟二连浩特市","2026-07-28T09:12:58.310295+00:00","统计信息部门一级主任科员及以下","国家金融监督管理总局内蒙古监管局","","内蒙古自治区锡林郭勒盟二连浩特市","公务员/事业单位;2025;computer_software;仅限本科;学士;计算机科学与技术（080901）、软件工程（080902）;市（地）级及以下直属机构综合管理类","用人司局：国家金融监督管理总局二连浩特监管支局
职位简介：主要从事金融信息科技风险监管、电子设备软硬件管理及信息系统运行维护等工作
专业要求：计算机科学与技术（080901）、软件工程（080902）
学历要求：仅限本科
学位要求：学士
政治面貌：不限
基层工作经历：无限制
考试类别：市（地）级及以下直属机构综合管理类
备注：1.报名时请在专业栏中同时填写专业名称和专业代码；2.限应届高校毕业生报考，请在备注栏中注明本人具有应届高校毕业生身份；3.要求本科学历大学英语四级成绩425分及以上，请在外语水平栏中注明成绩；4.落户须符合当地有关政策，单位无法办理集体落户；5.专业考试信息请参见国家金融监督管理总局2025年度招考公告。","https://www.xjhc.gov.cn/xjhc/c116834/202410/a29382e11a674da3be3353af65f9fcc5.shtml#132105-300147105001","2024-10-14","{""dataset_year"":2025,""job_uid"":""GOV-2025-132105-300147105001"",""publisher"":""国家公务员局"",""publication_page"":""https://www.xjhc.gov.cn/xjhc/c116834/202410/a29382e11a674da3be3353af65f9fcc5.shtml"",""attachment_url"":""https://www.xjhc.gov.cn/xjhc/c116834/202410/a29382e11a674da3be3353af65f9fcc5/files/0536cef86e2b46ddad6aae5a3780089e.xls"",""local_source_file"":""2025_guokao_zhaokaojianzhang.xls"",""local_source_sha256"":""07ae6cab368cd21b7a1ac3e8150fe9a3d39ad5171ce76135ff3cccfe50c3e77e"",""source_sheet"":""中央国家行政机关省级以下直属机构"",""filter_version"":""government_tech_v2"",""tech_filter"":{""is_tech"":true,""is_core_tech"":true,""scope"":""core"",""categories"":[""computer_software""],""matched_fields"":[""major"",""description""],""major_terms"":[""计算机科学与技术"",""软件工程""],""role_terms"":[""信息科技"",""信息系统"",""软硬件""],""reason"":""tech_major_and_role""},""original"":{""部门代码"":""132105"",""部门名称"":""国家金融监督管理总局内蒙古监管局"",""用人司局"":""国家金融监督管理总局二连浩特监管支局"",""机构性质"":""中央国家行政机关省级以下直属机构"",""招考职位"":""统计信息部门一级主任科员及以下"",""职位属性"":""金融监管计算机类职位"",""职位分布"":""西部地区和艰苦边远地区职位"",""职位简介"":""主要从事金融信息科技风险监管、电子设备软硬件管理及信息系统运行维护等工作"",""职位代码"":""300147105001"",""机构层级"":""县（区）级及以下"",""考试类别"":""市（地）级及以下直属机构综合管理类"",""招考人数"":""1"",""专业"":""计算机科学与技术（080901）、软件工程（080902）"",""学历"":""仅限本科"",""学位"":""学士"",""政治面貌"":""不限"",""基层工作最低年限"":""无限制"",""服务基层项目工作经历"":""无限制"",""是否在面试阶段组织专业能力测试"":""否"",""面试人员比例"":""3:1"",""工作地点"":""内蒙古自治区锡林郭勒盟二连浩特市"",""落户地点"":""内蒙古自治区锡林郭勒盟二连浩特市"",""备注"":""1.报名时请在专业栏中同时填写专业名称和专业代码；2.限应届高校毕业生报考，请在备注栏中注明本人具有应届高校毕业生身份；3.要求本科学历大学英语四级成绩425分及以上，请在外语水平栏中注明成绩；4.落户须符合当地有关政策，单位无法办理集体落户；5.专业考试信息请参见国家金融监督管理总局2025年度招考公告。"",""部门网站"":""http://www.cbirc.gov.cn/"",""咨询电话1"":""0471-4345487"",""咨询电话2"":""0471-4340441"",""咨询电话3"":"""",""来源Sheet"":""中央国家行政机关省级以下直属机构""}}"
"government_jobs","国家公务员2025招考简章","公务员/事业单位技术岗位","内蒙古自治区锡林郭勒盟东乌珠穆沁旗","2026-07-28T09:12:58.310295+00:00","统计信息部门一级主任科员及以下","国家金融监督管理总局内蒙古监管局","","内蒙古自治区锡林郭勒盟东乌珠穆沁旗","公务员/事业单位;2025;computer_software;仅限本科;学士;计算机科学与技术（080901）、软件工程（080902）;市（地）级及以下直属机构综合管理类","用人司局：国家金融监督管理总局东乌珠穆沁监管支局
职位简介：主要从事金融信息科技风险监管、电子设备软硬件管理及信息系统运行维护等工作
专业要求：计算机科学与技术（080901）、软件工程（080902）
学历要求：仅限本科
学位要求：学士
政治面貌：不限
基层工作经历：无限制
考试类别：市（地）级及以下直属机构综合管理类
备注：1.报名时请在专业栏中同时填写专业名称和专业代码；2.限应届高校毕业生报考，请在备注栏中注明本人具有应届高校毕业生身份；3.要求本科学历大学英语四级成绩425分及以上，请在外语水平栏中注明成绩；4.落户须符合当地有关政策，单位无法办理集体落户；5.专业考试信息请参见国家金融监督管理总局2025年度招考公告。","https://www.xjhc.gov.cn/xjhc/c116834/202410/a29382e11a674da3be3353af65f9fcc5.shtml#132105-300147106001","2024-10-14","{""dataset_year"":2025,""job_uid"":""GOV-2025-132105-300147106001"",""publisher"":""国家公务员局"",""publication_page"":""https://www.xjhc.gov.cn/xjhc/c116834/202410/a29382e11a674da3be3353af65f9fcc5.shtml"",""attachment_url"":""https://www.xjhc.gov.cn/xjhc/c116834/202410/a29382e11a674da3be3353af65f9fcc5/files/0536cef86e2b46ddad6aae5a3780089e.xls"",""local_source_file"":""2025_guokao_zhaokaojianzhang.xls"",""local_source_sha256"":""07ae6cab368cd21b7a1ac3e8150fe9a3d39ad5171ce76135ff3cccfe50c3e77e"",""source_sheet"":""中央国家行政机关省级以下直属机构"",""filter_version"":""government_tech_v2"",""tech_filter"":{""is_tech"":true,""is_core_tech"":true,""scope"":""core"",""categories"":[""computer_software""],""matched_fields"":[""major"",""description""],""major_terms"":[""计算机科学与技术"",""软件工程""],""role_terms"":[""信息科技"",""信息系统"",""软硬件""],""reason"":""tech_major_and_role""},""original"":{""部门代码"":""132105"",""部门名称"":""国家金融监督管理总局内蒙古监管局"",""用人司局"":""国家金融监督管理总局东乌珠穆沁监管支局"",""机构性质"":""中央国家行政机关省级以下直属机构"",""招考职位"":""统计信息部门一级主任科员及以下"",""职位属性"":""金融监管计算机类职位"",""职位分布"":""西部地区和艰苦边远地区职位"",""职位简介"":""主要从事金融信息科技风险监管、电子设备软硬件管理及信息系统运行维护等工作"",""职位代码"":""300147106001"",""机构层级"":""县（区）级及以下"",""考试类别"":""市（地）级及以下直属机构综合管理类"",""招考人数"":""1"",""专业"":""计算机科学与技术（080901）、软件工程（080902）"",""学历"":""仅限本科"",""学位"":""学士"",""政治面貌"":""不限"",""基层工作最低年限"":""无限制"",""服务基层项目工作经历"":""无限制"",""是否在面试阶段组织专业能力测试"":""否"",""面试人员比例"":""3:1"",""工作地点"":""内蒙古自治区锡林郭勒盟东乌珠穆沁旗"",""落户地点"":""内蒙古自治区锡林郭勒盟东乌珠穆沁旗"",""备注"":""1.报名时请在专业栏中同时填写专业名称和专业代码；2.限应届高校毕业生报考，请在备注栏中注明本人具有应届高校毕业生身份；3.要求本科学历大学英语四级成绩425分及以上，请在外语水平栏中注明成绩；4.落户须符合当地有关政策，单位无法办理集体落户；5.专业考试信息请参见国家金融监督管理总局2025年度招考公告。"",""部门网站"":""http://www.cbirc.gov.cn/"",""咨询电话1"":""0471-4345487"",""咨询电话2"":""0471-4340441"",""咨询电话3"":"""",""来源Sheet"":""中央国家行政机关省级以下直属机构""}}"
"government_jobs","国家公务员2025招考简章","公务员/事业单位技术岗位","内蒙古自治区锡林郭勒盟镶黄旗","2026-07-28T09:12:58.310295+00:00","统计信息部门一级主任科员及以下","国家金融监督管理总局内蒙古监管局","","内蒙古自治区锡林郭勒盟镶黄旗","公务员/事业单位;2025;computer_software;仅限本科;学士;计算机科学与技术（080901）、软件工程（080902）;市（地）级及以下直属机构综合管理类","用人司局：国家金融监督管理总局镶黄监管支局
职位简介：主要从事金融信息科技风险监管、电子设备软硬件管理及信息系统运行维护等工作
专业要求：计算机科学与技术（080901）、软件工程（080902）
学历要求：仅限本科
学位要求：学士
政治面貌：不限
基层工作经历：无限制
考试类别：市（地）级及以下直属机构综合管理类
备注：1.报名时请在专业栏中同时填写专业名称和专业代码；2.限应届高校毕业生报考，请在备注栏中注明本人具有应届高校毕业生身份；3.要求本科学历大学英语四级成绩425分及以上，请在外语水平栏中注明成绩；4.落户须符合当地有关政策，单位无法办理集体落户；5.专业考试信息请参见国家金融监督管理总局2025年度招考公告。","https://www.xjhc.gov.cn/xjhc/c116834/202410/a29382e11a674da3be3353af65f9fcc5.shtml#132105-300147107001","2024-10-14","{""dataset_year"":2025,""job_uid"":""GOV-2025-132105-300147107001"",""publisher"":""国家公务员局"",""publication_page"":""https://www.xjhc.gov.cn/xjhc/c116834/202410/a29382e11a674da3be3353af65f9fcc5.shtml"",""attachment_url"":""https://www.xjhc.gov.cn/xjhc/c116834/202410/a29382e11a674da3be3353af65f9fcc5/files/0536cef86e2b46ddad6aae5a3780089e.xls"",""local_source_file"":""2025_guokao_zhaokaojianzhang.xls"",""local_source_sha256"":""07ae6cab368cd21b7a1ac3e8150fe9a3d39ad5171ce76135ff3cccfe50c3e77e"",""source_sheet"":""中央国家行政机关省级以下直属机构"",""filter_version"":""government_tech_v2"",""tech_filter"":{""is_tech"":true,""is_core_tech"":true,""scope"":""core"",""categories"":[""computer_software""],""matched_fields"":[""major"",""description""],""major_terms"":[""计算机科学与技术"",""软件工程""],""role_terms"":[""信息科技"",""信息系统"",""软硬件""],""reason"":""tech_major_and_role""},""original"":{""部门代码"":""132105"",""部门名称"":""国家金融监督管理总局内蒙古监管局"",""用人司局"":""国家金融监督管理总局镶黄监管支局"",""机构性质"":""中央国家行政机关省级以下直属机构"",""招考职位"":""统计信息部门一级主任科员及以下"",""职位属性"":""金融监管计算机类职位"",""职位分布"":""西部地区和艰苦边远地区职位"",""职位简介"":""主要从事金融信息科技风险监管、电子设备软硬件管理及信息系统运行维护等工作"",""职位代码"":""300147107001"",""机构层级"":""县（区）级及以下"",""考试类别"":""市（地）级及以下直属机构综合管理类"",""招考人数"":""1"",""专业"":""计算机科学与技术（080901）、软件工程（080902）"",""学历"":""仅限本科"",""学位"":""学士"",""政治面貌"":""不限"",""基层工作最低年限"":""无限制"",""服务基层项目工作经历"":""无限制"",""是否在面试阶段组织专业能力测试"":""否"",""面试人员比例"":""3:1"",""工作地点"":""内蒙古自治区锡林郭勒盟镶黄旗"",""落户地点"":""内蒙古自治区锡林郭勒盟镶黄旗"",""备注"":""1.报名时请在专业栏中同时填写专业名称和专业代码；2.限应届高校毕业生报考，请在备注栏中注明本人具有应届高校毕业生身份；3.要求本科学历大学英语四级成绩425分及以上，请在外语水平栏中注明成绩；4.落户须符合当地有关政策，单位无法办理集体落户；5.专业考试信息请参见国家金融监督管理总局2025年度招考公告。"",""部门网站"":""http://www.cbirc.gov.cn/"",""咨询电话1"":""0471-4345487"",""咨询电话2"":""0471-4340441"",""咨询电话3"":"""",""来源Sheet"":""中央国家行政机关省级以下直属机构""}}"
"government_jobs","国家公务员2025招考简章","公务员/事业单位技术岗位","内蒙古自治区乌兰察布市四子王旗","2026-07-28T09:12:58.310295+00:00","统计信息部门一级主任科员及以下","国家金融监督管理总局内蒙古监管局","","内蒙古自治区乌兰察布市四子王旗","公务员/事业单位;2025;computer_software;仅限本科;学士;计算机科学与技术（080901）、软件工程（080902）;市（地）级及以下直属机构综合管理类","用人司局：国家金融监督管理总局四子王监管支局
职位简介：主要从事金融信息科技风险监管、电子设备软硬件管理及信息系统运行维护等工作
专业要求：计算机科学与技术（080901）、软件工程（080902）
学历要求：仅限本科
学位要求：学士
政治面貌：不限
基层工作经历：无限制
考试类别：市（地）级及以下直属机构综合管理类
备注：1.报名时请在专业栏中同时填写专业名称和专业代码；2.限应届高校毕业生报考，请在备注栏中注明本人具有应届高校毕业生身份；3.落户须符合当地有关政策，单位无法办理集体落户；4.专业考试信息请参见国家金融监督管理总局2025年度招考公告。","https://www.xjhc.gov.cn/xjhc/c116834/202410/a29382e11a674da3be3353af65f9fcc5.shtml#132105-300147111001","2024-10-14","{""dataset_year"":2025,""job_uid"":""GOV-2025-132105-300147111001"",""publisher"":""国家公务员局"",""publication_page"":""https://www.xjhc.gov.cn/xjhc/c116834/202410/a29382e11a674da3be3353af65f9fcc5.shtml"",""attachment_url"":""https://www.xjhc.gov.cn/xjhc/c116834/202410/a29382e11a674da3be3353af65f9fcc5/files/0536cef86e2b46ddad6aae5a3780089e.xls"",""local_source_file"":""2025_guokao_zhaokaojianzhang.xls"",""local_source_sha256"":""07ae6cab368cd21b7a1ac3e8150fe9a3d39ad5171ce76135ff3cccfe50c3e77e"",""source_sheet"":""中央国家行政机关省级以下直属机构"",""filter_version"":""government_tech_v2"",""tech_filter"":{""is_tech"":true,""is_core_tech"":true,""scope"":""core"",""categories"":[""computer_software""],""matched_fields"":[""major"",""description""],""major_terms"":[""计算机科学与技术"",""软件工程""],""role_terms"":[""信息科技"",""信息系统"",""软硬件""],""reason"":""tech_major_and_role""},""original"":{""部门代码"":""132105"",""部门名称"":""国家金融监督管理总局内蒙古监管局"",""用人司局"":""国家金融监督管理总局四子王监管支局"",""机构性质"":""中央国家行政机关省级以下直属机构"",""招考职位"":""统计信息部门一级主任科员及以下"",""职位属性"":""金融监管计算机类职位"",""职位分布"":""西部地区和艰苦边远地区职位"",""职位简介"":""主要从事金融信息科技风险监管、电子设备软硬件管理及信息系统运行维护等工作"",""职位代码"":""300147111001"",""机构层级"":""县（区）级及以下"",""考试类别"":""市（地）级及以下直属机构综合管理类"",""招考人数"":""1"",""专业"":""计算机科学与技术（080901）、软件工程（080902）"",""学历"":""仅限本科"",""学位"":""学士"",""政治面貌"":""不限"",""基层工作最低年限"":""无限制"",""服务基层项目工作经历"":""无限制"",""是否在面试阶段组织专业能力测试"":""否"",""面试人员比例"":""3:1"",""工作地点"":""内蒙古自治区乌兰察布市四子王旗"",""落户地点"":""内蒙古自治区乌兰察布市四子王旗"",""备注"":""1.报名时请在专业栏中同时填写专业名称和专业代码；2.限应届高校毕业生报考，请在备注栏中注明本人具有应届高校毕业生身份；3.落户须符合当地有关政策，单位无法办理集体落户；4.专业考试信息请参见国家金融监督管理总局2025年度招考公告。"",""部门网站"":""http://www.cbirc.gov.cn/"",""咨询电话1"":""0471-4345487"",""咨询电话2"":""0471-4340441"",""咨询电话3"":"""",""来源Sheet"":""中央国家行政机关省级以下直属机构""}}"
"government_jobs","国家公务员2025招考简章","公务员/事业单位技术岗位","内蒙古自治区鄂尔多斯市杭锦旗","2026-07-28T09:12:58.310295+00:00","统计信息部门一级主任科员及以下","国家金融监督管理总局内蒙古监管局","","内蒙古自治区鄂尔多斯市杭锦旗","公务员/事业单位;2025;computer_software;仅限本科;学士;计算机科学与技术（080901）、软件工程（080902）;市（地）级及以下直属机构综合管理类","用人司局：国家金融监督管理总局杭锦监管支局
职位简介：主要从事金融信息科技风险监管、电子设备软硬件管理及信息系统运行维护等工作
专业要求：计算机科学与技术（080901）、软件工程（080902）
学历要求：仅限本科
学位要求：学士
政治面貌：不限
基层工作经历：无限制
考试类别：市（地）级及以下直属机构综合管理类
备注：1.报名时请在专业栏中同时填写专业名称和专业代码；2.限应届高校毕业生报考，请在备注栏中注明本人具有应届高校毕业生身份；3.要求本科学历大学英语四级成绩425分及以上，请在外语水平栏中注明成绩；4.落户须符合当地有关政策，单位无法办理集体落户；5.专业考试信息请参见国家金融监督管理总局2025年度招考公告。","https://www.xjhc.gov.cn/xjhc/c116834/202410/a29382e11a674da3be3353af65f9fcc5.shtml#132105-300147112001","2024-10-14","{""dataset_year"":2025,""job_uid"":""GOV-2025-132105-300147112001"",""publisher"":""国家公务员局"",""publication_page"":""https://www.xjhc.gov.cn/xjhc/c116834/202410/a29382e11a674da3be3353af65f9fcc5.shtml"",""attachment_url"":""https://www.xjhc.gov.cn/xjhc/c116834/202410/a29382e11a674da3be3353af65f9fcc5/files/0536cef86e2b46ddad6aae5a3780089e.xls"",""local_source_file"":""2025_guokao_zhaokaojianzhang.xls"",""local_source_sha256"":""07ae6cab368cd21b7a1ac3e8150fe9a3d39ad5171ce76135ff3cccfe50c3e77e"",""source_sheet"":""中央国家行政机关省级以下直属机构"",""filter_version"":""government_tech_v2"",""tech_filter"":{""is_tech"":true,""is_core_tech"":true,""scope"":""core"",""categories"":[""computer_software""],""matched_fields"":[""major"",""description""],""major_terms"":[""计算机科学与技术"",""软件工程""],""role_terms"":[""信息科技"",""信息系统"",""软硬件""],""reason"":""tech_major_and_role""},""original"":{""部门代码"":""132105"",""部门名称"":""国家金融监督管理总局内蒙古监管局"",""用人司局"":""国家金融监督管理总局杭锦监管支局"",""机构性质"":""中央国家行政机关省级以下直属机构"",""招考职位"":""统计信息部门一级主任科员及以下"",""职位属性"":""金融监管计算机类职位"",""职位分布"":""西部地区和艰苦边远地区职位"",""职位简介"":""主要从事金融信息科技风险监管、电子设备软硬件管理及信息系统运行维护等工作"",""职位代码"":""300147112001"",""机构层级"":""县（区）级及以下"",""考试类别"":""市（地）级及以下直属机构综合管理类"",""招考人数"":""1"",""专业"":""计算机科学与技术（080901）、软件工程（080902）"",""学历"":""仅限本科"",""学位"":""学士"",""政治面貌"":""不限"",""基层工作最低年限"":""无限制"",""服务基层项目工作经历"":""无限制"",""是否在面试阶段组织专业能力测试"":""否"",""面试人员比例"":""3:1"",""工作地点"":""内蒙古自治区鄂尔多斯市杭锦旗"",""落户地点"":""内蒙古自治区鄂尔多斯市杭锦旗"",""备注"":""1.报名时请在专业栏中同时填写专业名称和专业代码；2.限应届高校毕业生报考，请在备注栏中注明本人具有应届高校毕业生身份；3.要求本科学历大学英语四级成绩425分及以上，请在外语水平栏中注明成绩；4.落户须符合当地有关政策，单位无法办理集体落户；5.专业考试信息请参见国家金融监督管理总局2025年度招考公告。"",""部门网站"":""http://www.cbirc.gov.cn/"",""咨询电话1"":""0471-4345487"",""咨询电话2"":""0471-4340441"",""咨询电话3"":"""",""来源Sheet"":""中央国家行政机关省级以下直属机构""}}"
"government_jobs","国家公务员2025招考简章","公务员/事业单位技术岗位","内蒙古自治区鄂尔多斯市鄂托克前旗","2026-07-28T09:12:58.310295+00:00","统计信息部门一级主任科员及以下","国家金融监督管理总局内蒙古监管局","","内蒙古自治区鄂尔多斯市鄂托克前旗","公务员/事业单位;2025;computer_software;仅限本科;学士;计算机科学与技术（080901）、软件工程（080902）;市（地）级及以下直属机构综合管理类","用人司局：国家金融监督管理总局鄂托克前监管支局
职位简介：主要从事金融信息科技风险监管、电子设备软硬件管理及信息系统运行维护等工作
专业要求：计算机科学与技术（080901）、软件工程（080902）
学历要求：仅限本科
学位要求：学士
政治面貌：不限
基层工作经历：二年
考试类别：市（地）级及以下直属机构综合管理类
备注：1.报名时请在专业栏中同时填写专业名称和专业代码；2.要求本科学历大学英语四级成绩425分及以上，请在外语水平栏中注明成绩；3.要求有2年以上基层工作经历，请在简历栏中注明相关经历；4.专业考试信息请参见国家金融监督管理总局2025年度招考公告。","https://www.xjhc.gov.cn/xjhc/c116834/202410/a29382e11a674da3be3353af65f9fcc5.shtml#132105-300147113001","2024-10-14","{""dataset_year"":2025,""job_uid"":""GOV-2025-132105-300147113001"",""publisher"":""国家公务员局"",""publication_page"":""https://www.xjhc.gov.cn/xjhc/c116834/202410/a29382e11a674da3be3353af65f9fcc5.shtml"",""attachment_url"":""https://www.xjhc.gov.cn/xjhc/c116834/202410/a29382e11a674da3be3353af65f9fcc5/files/0536cef86e2b46ddad6aae5a3780089e.xls"",""local_source_file"":""2025_guokao_zhaokaojianzhang.xls"",""local_source_sha256"":""07ae6cab368cd21b7a1ac3e8150fe9a3d39ad5171ce76135ff3cccfe50c3e77e"",""source_sheet"":""中央国家行政机关省级以下直属机构"",""filter_version"":""government_tech_v2"",""tech_filter"":{""is_tech"":true,""is_core_tech"":true,""scope"":""core"",""categories"":[""computer_software""],""matched_fields"":[""major"",""description""],""major_terms"":[""计算机科学与技术"",""软件工程""],""role_terms"":[""信息科技"",""信息系统"",""软硬件""],""reason"":""tech_major_and_role""},""original"":{""部门代码"":""132105"",""部门名称"":""国家金融监督管理总局内蒙古监管局"",""用人司局"":""国家金融监督管理总局鄂托克前监管支局"",""机构性质"":""中央国家行政机关省级以下直属机构"",""招考职位"":""统计信息部门一级主任科员及以下"",""职位属性"":""金融监管计算机类职位"",""职位分布"":""西部地区和艰苦边远地区职位"",""职位简介"":""主要从事金融信息科技风险监管、电子设备软硬件管理及信息系统运行维护等工作"",""职位代码"":""300147113001"",""机构层级"":""县（区）级及以下"",""考试类别"":""市（地）级及以下直属机构综合管理类"",""招考人数"":""1"",""专业"":""计算机科学与技术（080901）、软件工程（080902）"",""学历"":""仅限本科"",""学位"":""学士"",""政治面貌"":""不限"",""基层工作最低年限"":""二年"",""服务基层项目工作经历"":""无限制"",""是否在面试阶段组织专业能力测试"":""否"",""面试人员比例"":""3:1"",""工作地点"":""内蒙古自治区鄂尔多斯市鄂托克前旗"",""落户地点"":""内蒙古自治区鄂尔多斯市鄂托克前旗"",""备注"":""1.报名时请在专业栏中同时填写专业名称和专业代码；2.要求本科学历大学英语四级成绩425分及以上，请在外语水平栏中注明成绩；3.要求有2年以上基层工作经历，请在简历栏中注明相关经历；4.专业考试信息请参见国家金融监督管理总局2025年度招考公告。"",""部门网站"":""http://www.cbirc.gov.cn/"",""咨询电话1"":""0471-4345487"",""咨询电话2"":""0471-4340441"",""咨询电话3"":"""",""来源Sheet"":""中央国家行政机关省级以下直属机构""}}"
"government_jobs","国家公务员2025招考简章","公务员/事业单位技术岗位","辽宁省鞍山市","2026-07-28T09:12:58.310295+00:00","监管部门一级主任科员及以下","国家金融监督管理总局辽宁监管局","","辽宁省鞍山市","公务员/事业单位;2025;computer_software;本科及以上;与最高学历相对应的学位;计算机科学与技术、软件工程、网络工程;市（地）级及以下直属机构综合管理类","用人司局：国家金融监督管理总局鞍山监管分局
职位简介：主要从事金融信息科技风险监管、电子设备软硬件管理及信息系统运行维护等工作
专业要求：计算机科学与技术、软件工程、网络工程
学历要求：本科及以上
学位要求：与最高学历相对应的学位
政治面貌：不限
基层工作经历：无限制
考试类别：市（地）级及以下直属机构综合管理类
备注：1.报名时请在专业栏中同时填写专业名称和专业代码；2.限2025届高校毕业生；3.大学英语四级成绩425分及以上，请在外语水平栏中注明成绩；4.专业考试信息请参见国家金融监督管理总局2025年度招考公告。","https://www.xjhc.gov.cn/xjhc/c116834/202410/a29382e11a674da3be3353af65f9fcc5.shtml#132106-300147123001","2024-10-14","{""dataset_year"":2025,""job_uid"":""GOV-2025-132106-300147123001"",""publisher"":""国家公务员局"",""publication_page"":""https://www.xjhc.gov.cn/xjhc/c116834/202410/a29382e11a674da3be3353af65f9fcc5.shtml"",""attachment_url"":""https://www.xjhc.gov.cn/xjhc/c116834/202410/a29382e11a674da3be3353af65f9fcc5/files/0536cef86e2b46ddad6aae5a3780089e.xls"",""local_source_file"":""2025_guokao_zhaokaojianzhang.xls"",""local_source_sha256"":""07ae6cab368cd21b7a1ac3e8150fe9a3d39ad5171ce76135ff3cccfe50c3e77e"",""source_sheet"":""中央国家行政机关省级以下直属机构"",""filter_version"":""government_tech_v2"",""tech_filter"":{""is_tech"":true,""is_core_tech"":true,""scope"":""core"",""categories"":[""computer_software""],""matched_fields"":[""major"",""description""],""major_terms"":[""网络工程"",""计算机科学与技术"",""软件工程""],""role_terms"":[""信息科技"",""信息系统"",""软硬件""],""reason"":""tech_major_and_role""},""original"":{""部门代码"":""132106"",""部门名称"":""国家金融监督管理总局辽宁监管局"",""用人司局"":""国家金融监督管理总局鞍山监管分局"",""机构性质"":""中央国家行政机关省级以下直属机构"",""招考职位"":""监管部门一级主任科员及以下"",""职位属性"":""金融监管计算机类职位"",""职位分布"":""其他职位"",""职位简介"":""主要从事金融信息科技风险监管、电子设备软硬件管理及信息系统运行维护等工作"",""职位代码"":""300147123001"",""机构层级"":""市（地）级"",""考试类别"":""市（地）级及以下直属机构综合管理类"",""招考人数"":""1"",""专业"":""计算机科学与技术、软件工程、网络工程"",""学历"":""本科及以上"",""学位"":""与最高学历相对应的学位"",""政治面貌"":""不限"",""基层工作最低年限"":""无限制"",""服务基层项目工作经历"":""无限制"",""是否在面试阶段组织专业能力测试"":""否"",""面试人员比例"":""3:1"",""工作地点"":""辽宁省鞍山市"",""落户地点"":""辽宁省鞍山市"",""备注"":""1.报名时请在专业栏中同时填写专业名称和专业代码；2.限2025届高校毕业生；3.大学英语四级成绩425分及以上，请在外语水平栏中注明成绩；4.专业考试信息请参见国家金融监督管理总局2025年度招考公告。"",""部门网站"":""http://www.cbirc.gov.cn/"",""咨询电话1"":""024-82512766"",""咨询电话2"":""024-82512966"",""咨询电话3"":"""",""来源Sheet"":""中央国家行政机关省级以下直属机构""}}"
"government_jobs","国家公务员2025招考简章","公务员/事业单位技术岗位","辽宁省本溪市","2026-07-28T09:12:58.310295+00:00","监管部门一级主任科员及以下","国家金融监督管理总局辽宁监管局","","辽宁省本溪市","公务员/事业单位;2025;computer_software;本科及以上;与最高学历相对应的学位;计算机科学与技术、软件工程、网络工程;市（地）级及以下直属机构综合管理类","用人司局：国家金融监督管理总局本溪监管分局
职位简介：主要从事金融信息科技风险监管、电子设备软硬件管理及信息系统运行维护等工作
专业要求：计算机科学与技术、软件工程、网络工程
学历要求：本科及以上
学位要求：与最高学历相对应的学位
政治面貌：不限
基层工作经历：无限制
考试类别：市（地）级及以下直属机构综合管理类
备注：1.报名时请在专业栏中同时填写专业名称和专业代码；2.限2025届高校毕业生；3.大学英语四级成绩425分及以上，请在外语水平栏中注明成绩；4.专业考试信息请参见国家金融监督管理总局2025年度招考公告。","https://www.xjhc.gov.cn/xjhc/c116834/202410/a29382e11a674da3be3353af65f9fcc5.shtml#132106-300147125001","2024-10-14","{""dataset_year"":2025,""job_uid"":""GOV-2025-132106-300147125001"",""publisher"":""国家公务员局"",""publication_page"":""https://www.xjhc.gov.cn/xjhc/c116834/202410/a29382e11a674da3be3353af65f9fcc5.shtml"",""attachment_url"":""https://www.xjhc.gov.cn/xjhc/c116834/202410/a29382e11a674da3be3353af65f9fcc5/files/0536cef86e2b46ddad6aae5a3780089e.xls"",""local_source_file"":""2025_guokao_zhaokaojianzhang.xls"",""local_source_sha256"":""07ae6cab368cd21b7a1ac3e8150fe9a3d39ad5171ce76135ff3cccfe50c3e77e"",""source_sheet"":""中央国家行政机关省级以下直属机构"",""filter_version"":""government_tech_v2"",""tech_filter"":{""is_tech"":true,""is_core_tech"":true,""scope"":""core"",""categories"":[""computer_software""],""matched_fields"":[""major"",""description""],""major_terms"":[""网络工程"",""计算机科学与技术"",""软件工程""],""role_terms"":[""信息科技"",""信息系统"",""软硬件""],""reason"":""tech_major_and_role""},""original"":{""部门代码"":""132106"",""部门名称"":""国家金融监督管理总局辽宁监管局"",""用人司局"":""国家金融监督管理总局本溪监管分局"",""机构性质"":""中央国家行政机关省级以下直属机构"",""招考职位"":""监管部门一级主任科员及以下"",""职位属性"":""金融监管计算机类职位"",""职位分布"":""其他职位"",""职位简介"":""主要从事金融信息科技风险监管、电子设备软硬件管理及信息系统运行维护等工作"",""职位代码"":""300147125001"",""机构层级"":""市（地）级"",""考试类别"":""市（地）级及以下直属机构综合管理类"",""招考人数"":""1"",""专业"":""计算机科学与技术、软件工程、网络工程"",""学历"":""本科及以上"",""学位"":""与最高学历相对应的学位"",""政治面貌"":""不限"",""基层工作最低年限"":""无限制"",""服务基层项目工作经历"":""无限制"",""是否在面试阶段组织专业能力测试"":""否"",""面试人员比例"":""3:1"",""工作地点"":""辽宁省本溪市"",""落户地点"":""辽宁省本溪市"",""备注"":""1.报名时请在专业栏中同时填写专业名称和专业代码；2.限2025届高校毕业生；3.大学英语四级成绩425分及以上，请在外语水平栏中注明成绩；4.专业考试信息请参见国家金融监督管理总局2025年度招考公告。"",""部门网站"":""http://www.cbirc.gov.cn/"",""咨询电话1"":""024-82512766"",""咨询电话2"":""024-82512966"",""咨询电话3"":"""",""来源Sheet"":""中央国家行政机关省级以下直属机构""}}"
"government_jobs","国家公务员2025招考简章","公务员/事业单位技术岗位","辽宁省鞍山市岫岩满族自治县","2026-07-28T09:12:58.310295+00:00","监管部门一级主任科员及以下","国家金融监督管理总局辽宁监管局","","辽宁省鞍山市岫岩满族自治县","公务员/事业单位;2025;computer_software;本科及以上;与最高学历相对应的学位;计算机科学与技术、软件工程、网络工程;市（地）级及以下直属机构综合管理类","用人司局：国家金融监督管理总局岫岩监管支局
职位简介：主要从事金融信息科技风险监管、电子设备软硬件管理及信息系统运行维护等工作
专业要求：计算机科学与技术、软件工程、网络工程
学历要求：本科及以上
学位要求：与最高学历相对应的学位
政治面貌：不限
基层工作经历：无限制
考试类别：市（地）级及以下直属机构综合管理类
备注：1.报名时请在专业栏中同时填写专业名称和专业代码；2.专业考试信息请参见国家金融监督管理总局2025年度招考公告。","https://www.xjhc.gov.cn/xjhc/c116834/202410/a29382e11a674da3be3353af65f9fcc5.shtml#132106-300147130001","2024-10-14","{""dataset_year"":2025,""job_uid"":""GOV-2025-132106-300147130001"",""publisher"":""国家公务员局"",""publication_page"":""https://www.xjhc.gov.cn/xjhc/c116834/202410/a29382e11a674da3be3353af65f9fcc5.shtml"",""attachment_url"":""https://www.xjhc.gov.cn/xjhc/c116834/202410/a29382e11a674da3be3353af65f9fcc5/files/0536cef86e2b46ddad6aae5a3780089e.xls"",""local_source_file"":""2025_guokao_zhaokaojianzhang.xls"",""local_source_sha256"":""07ae6cab368cd21b7a1ac3e8150fe9a3d39ad5171ce76135ff3cccfe50c3e77e"",""source_sheet"":""中央国家行政机关省级以下直属机构"",""filter_version"":""government_tech_v2"",""tech_filter"":{""is_tech"":true,""is_core_tech"":true,""scope"":""core"",""categories"":[""computer_software""],""matched_fields"":[""major"",""description""],""major_terms"":[""网络工程"",""计算机科学与技术"",""软件工程""],""role_terms"":[""信息科技"",""信息系统"",""软硬件""],""reason"":""tech_major_and_role""},""original"":{""部门代码"":""132106"",""部门名称"":""国家金融监督管理总局辽宁监管局"",""用人司局"":""国家金融监督管理总局岫岩监管支局"",""机构性质"":""中央国家行政机关省级以下直属机构"",""招考职位"":""监管部门一级主任科员及以下"",""职位属性"":""金融监管计算机类职位"",""职位分布"":""其他职位"",""职位简介"":""主要从事金融信息科技风险监管、电子设备软硬件管理及信息系统运行维护等工作"",""职位代码"":""300147130001"",""机构层级"":""县（区）级及以下"",""考试类别"":""市（地）级及以下直属机构综合管理类"",""招考人数"":""1"",""专业"":""计算机科学与技术、软件工程、网络工程"",""学历"":""本科及以上"",""学位"":""与最高学历相对应的学位"",""政治面貌"":""不限"",""基层工作最低年限"":""无限制"",""服务基层项目工作经历"":""无限制"",""是否在面试阶段组织专业能力测试"":""否"",""面试人员比例"":""3:1"",""工作地点"":""辽宁省鞍山市岫岩满族自治县"",""落户地点"":""辽宁省鞍山市岫岩满族自治县"",""备注"":""1.报名时请在专业栏中同时填写专业名称和专业代码；2.专业考试信息请参见国家金融监督管理总局2025年度招考公告。"",""部门网站"":""http://www.cbirc.gov.cn/"",""咨询电话1"":""024-82512766"",""咨询电话2"":""024-82512966"",""咨询电话3"":"""",""来源Sheet"":""中央国家行政机关省级以下直属机构""}}"
"government_jobs","国家公务员2025招考简章","公务员/事业单位技术岗位","辽宁省丹东市宽甸满族自治县","2026-07-28T09:12:58.310295+00:00","监管部门一级主任科员及以下","国家金融监督管理总局辽宁监管局","","辽宁省丹东市宽甸满族自治县","公务员/事业单位;2025;computer_software;本科及以上;与最高学历相对应的学位;计算机科学与技术、软件工程、网络工程;市（地）级及以下直属机构综合管理类","用人司局：国家金融监督管理总局宽甸监管支局
职位简介：主要从事金融信息科技风险监管、电子设备软硬件管理及信息系统运行维护等工作
专业要求：计算机科学与技术、软件工程、网络工程
学历要求：本科及以上
学位要求：与最高学历相对应的学位
政治面貌：不限
基层工作经历：无限制
考试类别：市（地）级及以下直属机构综合管理类
备注：1.报名时请在专业栏中同时填写专业名称和专业代码；2.专业考试信息请参见国家金融监督管理总局2025年度招考公告。","https://www.xjhc.gov.cn/xjhc/c116834/202410/a29382e11a674da3be3353af65f9fcc5.shtml#132106-300147131002","2024-10-14","{""dataset_year"":2025,""job_uid"":""GOV-2025-132106-300147131002"",""publisher"":""国家公务员局"",""publication_page"":""https://www.xjhc.gov.cn/xjhc/c116834/202410/a29382e11a674da3be3353af65f9fcc5.shtml"",""attachment_url"":""https://www.xjhc.gov.cn/xjhc/c116834/202410/a29382e11a674da3be3353af65f9fcc5/files/0536cef86e2b46ddad6aae5a3780089e.xls"",""local_source_file"":""2025_guokao_zhaokaojianzhang.xls"",""local_source_sha256"":""07ae6cab368cd21b7a1ac3e8150fe9a3d39ad5171ce76135ff3cccfe50c3e77e"",""source_sheet"":""中央国家行政机关省级以下直属机构"",""filter_version"":""government_tech_v2"",""tech_filter"":{""is_tech"":true,""is_core_tech"":true,""scope"":""core"",""categories"":[""computer_software""],""matched_fields"":[""major"",""description""],""major_terms"":[""网络工程"",""计算机科学与技术"",""软件工程""],""role_terms"":[""信息科技"",""信息系统"",""软硬件""],""reason"":""tech_major_and_role""},""original"":{""部门代码"":""132106"",""部门名称"":""国家金融监督管理总局辽宁监管局"",""用人司局"":""国家金融监督管理总局宽甸监管支局"",""机构性质"":""中央国家行政机关省级以下直属机构"",""招考职位"":""监管部门一级主任科员及以下"",""职位属性"":""金融监管计算机类职位"",""职位分布"":""其他职位"",""职位简介"":""主要从事金融信息科技风险监管、电子设备软硬件管理及信息系统运行维护等工作"",""职位代码"":""300147131002"",""机构层级"":""县（区）级及以下"",""考试类别"":""市（地）级及以下直属机构综合管理类"",""招考人数"":""1"",""专业"":""计算机科学与技术、软件工程、网络工程"",""学历"":""本科及以上"",""学位"":""与最高学历相对应的学位"",""政治面貌"":""不限"",""基层工作最低年限"":""无限制"",""服务基层项目工作经历"":""无限制"",""是否在面试阶段组织专业能力测试"":""否"",""面试人员比例"":""3:1"",""工作地点"":""辽宁省丹东市宽甸满族自治县"",""落户地点"":""辽宁省丹东市宽甸满族自治县"",""备注"":""1.报名时请在专业栏中同时填写专业名称和专业代码；2.专业考试信息请参见国家金融监督管理总局2025年度招考公告。"",""部门网站"":""http://www.cbirc.gov.cn/"",""咨询电话1"":""024-82512766"",""咨询电话2"":""024-82512966"",""咨询电话3"":"""",""来源Sheet"":""中央国家行政机关省级以下直属机构""}}"
"government_jobs","国家公务员2025招考简章","公务员/事业单位技术岗位","辽宁省葫芦岛市建昌县","2026-07-28T09:12:58.310295+00:00","监管部门一级主任科员及以下","国家金融监督管理总局辽宁监管局","","辽宁省葫芦岛市建昌县","公务员/事业单位;2025;computer_software;本科及以上;与最高学历相对应的学位;计算机科学与技术、软件工程、网络工程;市（地）级及以下直属机构综合管理类","用人司局：国家金融监督管理总局建昌监管支局
职位简介：主要从事金融信息科技风险监管、电子设备软硬件管理及信息系统运行维护等工作
专业要求：计算机科学与技术、软件工程、网络工程
学历要求：本科及以上
学位要求：与最高学历相对应的学位
政治面貌：不限
基层工作经历：无限制
考试类别：市（地）级及以下直属机构综合管理类
备注：1.报名时请在专业栏中同时填写专业名称和专业代码；2.专业考试信息请参见国家金融监督管理总局2025年度招考公告。","https://www.xjhc.gov.cn/xjhc/c116834/202410/a29382e11a674da3be3353af65f9fcc5.shtml#132106-300147132001","2024-10-14","{""dataset_year"":2025,""job_uid"":""GOV-2025-132106-300147132001"",""publisher"":""国家公务员局"",""publication_page"":""https://www.xjhc.gov.cn/xjhc/c116834/202410/a29382e11a674da3be3353af65f9fcc5.shtml"",""attachment_url"":""https://www.xjhc.gov.cn/xjhc/c116834/202410/a29382e11a674da3be3353af65f9fcc5/files/0536cef86e2b46ddad6aae5a3780089e.xls"",""local_source_file"":""2025_guokao_zhaokaojianzhang.xls"",""local_source_sha256"":""07ae6cab368cd21b7a1ac3e8150fe9a3d39ad5171ce76135ff3cccfe50c3e77e"",""source_sheet"":""中央国家行政机关省级以下直属机构"",""filter_version"":""government_tech_v2"",""tech_filter"":{""is_tech"":true,""is_core_tech"":true,""scope"":""core"",""categories"":[""computer_software""],""matched_fields"":[""major"",""description""],""major_terms"":[""网络工程"",""计算机科学与技术"",""软件工程""],""role_terms"":[""信息科技"",""信息系统"",""软硬件""],""reason"":""tech_major_and_role""},""original"":{""部门代码"":""132106"",""部门名称"":""国家金融监督管理总局辽宁监管局"",""用人司局"":""国家金融监督管理总局建昌监管支局"",""机构性质"":""中央国家行政机关省级以下直属机构"",""招考职位"":""监管部门一级主任科员及以下"",""职位属性"":""金融监管计算机类职位"",""职位分布"":""其他职位"",""职位简介"":""主要从事金融信息科技风险监管、电子设备软硬件管理及信息系统运行维护等工作"",""职位代码"":""300147132001"",""机构层级"":""县（区）级及以下"",""考试类别"":""市（地）级及以下直属机构综合管理类"",""招考人数"":""1"",""专业"":""计算机科学与技术、软件工程、网络工程"",""学历"":""本科及以上"",""学位"":""与最高学历相对应的学位"",""政治面貌"":""不限"",""基层工作最低年限"":""无限制"",""服务基层项目工作经历"":""无限制"",""是否在面试阶段组织专业能力测试"":""否"",""面试人员比例"":""3:1"",""工作地点"":""辽宁省葫芦岛市建昌县"",""落户地点"":""辽宁省葫芦岛市建昌县"",""备注"":""1.报名时请在专业栏中同时填写专业名称和专业代码；2.专业考试信息请参见国家金融监督管理总局2025年度招考公告。"",""部门网站"":""http://www.cbirc.gov.cn/"",""咨询电话1"":""024-82512766"",""咨询电话2"":""024-82512966"",""咨询电话3"":"""",""来源Sheet"":""中央国家行政机关省级以下直属机构""}}"
"government_jobs","国家公务员2025招考简章","公务员/事业单位技术岗位","吉林省长春市","2026-07-28T09:12:58.310295+00:00","统计信息部门一级主任科员及以下","国家金融监督管理总局吉林监管局","","吉林省长春市","公务员/事业单位;2025;computer_software;硕士研究生及以上;与最高学历相对应的学位;计算机类;中央机关及其省级直属机构综合管理类","用人司局：国家金融监督管理总局吉林监管局
职位简介：主要从事金融信息科技风险监管、电子设备软硬件管理及信息系统运行维护等工作。
专业要求：计算机类
学历要求：硕士研究生及以上
学位要求：与最高学历相对应的学位
政治面貌：不限
基层工作经历：二年
考试类别：中央机关及其省级直属机构综合管理类
备注：1.报名时请在专业栏中同时填写专业名称和专业代码；2.要求研究生学历大学英语六级成绩425分及以上，请在外语水平栏中注明成绩；3.研究生专业为计算机科学与技术（专业代码0812）、软件工程（专业代码0835）；4.具有2年及以上基层工作经历；5.专业考试信息请参见国家金融监督管理总局2025年度招考公告。","https://www.xjhc.gov.cn/xjhc/c116834/202410/a29382e11a674da3be3353af65f9fcc5.shtml#132107-300147133001","2024-10-14","{""dataset_year"":2025,""job_uid"":""GOV-2025-132107-300147133001"",""publisher"":""国家公务员局"",""publication_page"":""https://www.xjhc.gov.cn/xjhc/c116834/202410/a29382e11a674da3be3353af65f9fcc5.shtml"",""attachment_url"":""https://www.xjhc.gov.cn/xjhc/c116834/202410/a29382e11a674da3be3353af65f9fcc5/files/0536cef86e2b46ddad6aae5a3780089e.xls"",""local_source_file"":""2025_guokao_zhaokaojianzhang.xls"",""local_source_sha256"":""07ae6cab368cd21b7a1ac3e8150fe9a3d39ad5171ce76135ff3cccfe50c3e77e"",""source_sheet"":""中央国家行政机关省级以下直属机构"",""filter_version"":""government_tech_v2"",""tech_filter"":{""is_tech"":true,""is_core_tech"":true,""scope"":""core"",""categories"":[""computer_software""],""matched_fields"":[""major"",""description"",""remarks""],""major_terms"":[""计算机类""],""role_terms"":[""信息科技"",""信息系统"",""计算机"",""软件"",""软件工程"",""软硬件""],""reason"":""tech_major_and_role""},""original"":{""部门代码"":""132107"",""部门名称"":""国家金融监督管理总局吉林监管局"",""用人司局"":""国家金融监督管理总局吉林监管局"",""机构性质"":""中央国家行政机关省级以下直属机构"",""招考职位"":""统计信息部门一级主任科员及以下"",""职位属性"":""金融监管计算机类职位"",""职位分布"":""其他职位"",""职位简介"":""主要从事金融信息科技风险监管、电子设备软硬件管理及信息系统运行维护等工作。"",""职位代码"":""300147133001"",""机构层级"":""省（副省）级"",""考试类别"":""中央机关及其省级直属机构综合管理类"",""招考人数"":""2"",""专业"":""计算机类"",""学历"":""硕士研究生及以上"",""学位"":""与最高学历相对应的学位"",""政治面貌"":""不限"",""基层工作最低年限"":""二年"",""服务基层项目工作经历"":""无限制"",""是否在面试阶段组织专业能力测试"":""否"",""面试人员比例"":""4:1"",""工作地点"":""吉林省长春市"",""落户地点"":""吉林省长春市"",""备注"":""1.报名时请在专业栏中同时填写专业名称和专业代码；2.要求研究生学历大学英语六级成绩425分及以上，请在外语水平栏中注明成绩；3.研究生专业为计算机科学与技术（专业代码0812）、软件工程（专业代码0835）；4.具有2年及以上基层工作经历；5.专业考试信息请参见国家金融监督管理总局2025年度招考公告。"",""部门网站"":""http://www.cbirc.gov.cn/"",""咨询电话1"":""0431-88579081"",""咨询电话2"":""0431-88579118"",""咨询电话3"":"""",""来源Sheet"":""中央国家行政机关省级以下直属机构""}}"
"government_jobs","国家公务员2025招考简章","公务员/事业单位技术岗位","吉林省长春市榆树市","2026-07-28T09:12:58.310295+00:00","统计信息部门一级主任科员及以下","国家金融监督管理总局吉林监管局","","吉林省长春市榆树市","公务员/事业单位;2025;computer_software;本科及以上;与最高学历相对应的学位;计算机类;市（地）级及以下直属机构综合管理类","用人司局：国家金融监督管理总局榆树监管支局
职位简介：主要从事金融信息科技风险监管、电子设备软硬件管理及信息系统运行维护等工作。
专业要求：计算机类
学历要求：本科及以上
学位要求：与最高学历相对应的学位
政治面貌：不限
基层工作经历：无限制
考试类别：市（地）级及以下直属机构综合管理类
备注：1.报名时请在专业栏中同时填写专业名称和专业代码；2.限应届高校毕业生报考，请在备注栏中注明本人具有应届高校毕业生身份；3.限吉林省户口或吉林省生源；4.要求本科学历大学英语四级成绩425分及以上，请在外语水平栏中注明成绩；5.本科专业为计算机类（专业代码0809），或研究生专业为计算机科学与技术（专业代码0812）、软件工程（专业代码0835）；6.专业考试信息请参见国家金融监督管理总局2025年度招考公告。","https://www.xjhc.gov.cn/xjhc/c116834/202410/a29382e11a674da3be3353af65f9fcc5.shtml#132107-300147135001","2024-10-14","{""dataset_year"":2025,""job_uid"":""GOV-2025-132107-300147135001"",""publisher"":""国家公务员局"",""publication_page"":""https://www.xjhc.gov.cn/xjhc/c116834/202410/a29382e11a674da3be3353af65f9fcc5.shtml"",""attachment_url"":""https://www.xjhc.gov.cn/xjhc/c116834/202410/a29382e11a674da3be3353af65f9fcc5/files/0536cef86e2b46ddad6aae5a3780089e.xls"",""local_source_file"":""2025_guokao_zhaokaojianzhang.xls"",""local_source_sha256"":""07ae6cab368cd21b7a1ac3e8150fe9a3d39ad5171ce76135ff3cccfe50c3e77e"",""source_sheet"":""中央国家行政机关省级以下直属机构"",""filter_version"":""government_tech_v2"",""tech_filter"":{""is_tech"":true,""is_core_tech"":true,""scope"":""core"",""categories"":[""computer_software""],""matched_fields"":[""major"",""description"",""remarks""],""major_terms"":[""计算机类""],""role_terms"":[""信息科技"",""信息系统"",""计算机"",""软件"",""软件工程"",""软硬件""],""reason"":""tech_major_and_role""},""original"":{""部门代码"":""132107"",""部门名称"":""国家金融监督管理总局吉林监管局"",""用人司局"":""国家金融监督管理总局榆树监管支局"",""机构性质"":""中央国家行政机关省级以下直属机构"",""招考职位"":""统计信息部门一级主任科员及以下"",""职位属性"":""金融监管计算机类职位"",""职位分布"":""西部地区和艰苦边远地区职位"",""职位简介"":""主要从事金融信息科技风险监管、电子设备软硬件管理及信息系统运行维护等工作。"",""职位代码"":""300147135001"",""机构层级"":""县（区）级及以下"",""考试类别"":""市（地）级及以下直属机构综合管理类"",""招考人数"":""1"",""专业"":""计算机类"",""学历"":""本科及以上"",""学位"":""与最高学历相对应的学位"",""政治面貌"":""不限"",""基层工作最低年限"":""无限制"",""服务基层项目工作经历"":""无限制"",""是否在面试阶段组织专业能力测试"":""否"",""面试人员比例"":""3:1"",""工作地点"":""吉林省长春市榆树市"",""落户地点"":""吉林省长春市榆树市"",""备注"":""1.报名时请在专业栏中同时填写专业名称和专业代码；2.限应届高校毕业生报考，请在备注栏中注明本人具有应届高校毕业生身份；3.限吉林省户口或吉林省生源；4.要求本科学历大学英语四级成绩425分及以上，请在外语水平栏中注明成绩；5.本科专业为计算机类（专业代码0809），或研究生专业为计算机科学与技术（专业代码0812）、软件工程（专业代码0835）；6.专业考试信息请参见国家金融监督管理总局2025年度招考公告。"",""部门网站"":""http://www.cbirc.gov.cn/"",""咨询电话1"":""0431-88579081"",""咨询电话2"":""0431-88579118"",""咨询电话3"":"""",""来源Sheet"":""中央国家行政机关省级以下直属机构""}}"
"government_jobs","国家公务员2025招考简章","公务员/事业单位技术岗位","吉林省吉林市磐石市","2026-07-28T09:12:58.310295+00:00","统计信息部门一级主任科员及以下","国家金融监督管理总局吉林监管局","","吉林省吉林市磐石市","公务员/事业单位;2025;computer_software;本科及以上;与最高学历相对应的学位;计算机类;市（地）级及以下直属机构综合管理类","用人司局：国家金融监督管理总局磐石监管支局
职位简介：主要从事金融信息科技风险监管、电子设备软硬件管理及信息系统运行维护等工作。
专业要求：计算机类
学历要求：本科及以上
学位要求：与最高学历相对应的学位
政治面貌：不限
基层工作经历：无限制
考试类别：市（地）级及以下直属机构综合管理类
备注：1.报名时请在专业栏中同时填写专业名称和专业代码；2.限应届高校毕业生报考，请在备注栏中注明本人具有应届高校毕业生身份；3.限吉林省户口或吉林省生源；4.要求本科学历大学英语四级成绩425分及以上，请在外语水平栏中注明成绩；5.本科专业为计算机类（专业代码0809），或研究生专业为计算机科学与技术（专业代码0812）、软件工程（专业代码0835）；6.专业考试信息请参见国家金融监督管理总局2025年度招考公告。","https://www.xjhc.gov.cn/xjhc/c116834/202410/a29382e11a674da3be3353af65f9fcc5.shtml#132107-300147138001","2024-10-14","{""dataset_year"":2025,""job_uid"":""GOV-2025-132107-300147138001"",""publisher"":""国家公务员局"",""publication_page"":""https://www.xjhc.gov.cn/xjhc/c116834/202410/a29382e11a674da3be3353af65f9fcc5.shtml"",""attachment_url"":""https://www.xjhc.gov.cn/xjhc/c116834/202410/a29382e11a674da3be3353af65f9fcc5/files/0536cef86e2b46ddad6aae5a3780089e.xls"",""local_source_file"":""2025_guokao_zhaokaojianzhang.xls"",""local_source_sha256"":""07ae6cab368cd21b7a1ac3e8150fe9a3d39ad5171ce76135ff3cccfe50c3e77e"",""source_sheet"":""中央国家行政机关省级以下直属机构"",""filter_version"":""government_tech_v2"",""tech_filter"":{""is_tech"":true,""is_core_tech"":true,""scope"":""core"",""categories"":[""computer_software""],""matched_fields"":[""major"",""description"",""remarks""],""major_terms"":[""计算机类""],""role_terms"":[""信息科技"",""信息系统"",""计算机"",""软件"",""软件工程"",""软硬件""],""reason"":""tech_major_and_role""},""original"":{""部门代码"":""132107"",""部门名称"":""国家金融监督管理总局吉林监管局"",""用人司局"":""国家金融监督管理总局磐石监管支局"",""机构性质"":""中央国家行政机关省级以下直属机构"",""招考职位"":""统计信息部门一级主任科员及以下"",""职位属性"":""金融监管计算机类职位"",""职位分布"":""西部地区和艰苦边远地区职位"",""职位简介"":""主要从事金融信息科技风险监管、电子设备软硬件管理及信息系统运行维护等工作。"",""职位代码"":""300147138001"",""机构层级"":""县（区）级及以下"",""考试类别"":""市（地）级及以下直属机构综合管理类"",""招考人数"":""1"",""专业"":""计算机类"",""学历"":""本科及以上"",""学位"":""与最高学历相对应的学位"",""政治面貌"":""不限"",""基层工作最低年限"":""无限制"",""服务基层项目工作经历"":""无限制"",""是否在面试阶段组织专业能力测试"":""否"",""面试人员比例"":""3:1"",""工作地点"":""吉林省吉林市磐石市"",""落户地点"":""吉林省吉林市磐石市"",""备注"":""1.报名时请在专业栏中同时填写专业名称和专业代码；2.限应届高校毕业生报考，请在备注栏中注明本人具有应届高校毕业生身份；3.限吉林省户口或吉林省生源；4.要求本科学历大学英语四级成绩425分及以上，请在外语水平栏中注明成绩；5.本科专业为计算机类（专业代码0809），或研究生专业为计算机科学与技术（专业代码0812）、软件工程（专业代码0835）；6.专业考试信息请参见国家金融监督管理总局2025年度招考公告。"",""部门网站"":""http://www.cbirc.gov.cn/"",""咨询电话1"":""0431-88579081"",""咨询电话2"":""0431-88579118"",""咨询电话3"":"""",""来源Sheet"":""中央国家行政机关省级以下直属机构""}}"
"government_jobs","国家公务员2025招考简章","公务员/事业单位技术岗位","吉林省延边朝鲜族自治州安图县","2026-07-28T09:12:58.310295+00:00","统计信息部门一级主任科员及以下","国家金融监督管理总局吉林监管局","","吉林省延边朝鲜族自治州安图县","公务员/事业单位;2025;computer_software;本科及以上;与最高学历相对应的学位;计算机类;市（地）级及以下直属机构综合管理类","用人司局：国家金融监督管理总局安图监管支局
职位简介：主要从事金融信息科技风险监管、电子设备软硬件管理及信息系统运行维护等工作。
专业要求：计算机类
学历要求：本科及以上
学位要求：与最高学历相对应的学位
政治面貌：不限
基层工作经历：无限制
考试类别：市（地）级及以下直属机构综合管理类
备注：1.报名时请在专业栏中同时填写专业名称和专业代码；2.限应届高校毕业生报考，请在备注栏中注明本人具有应届高校毕业生身份；3.限吉林省户口或吉林省生源；4.要求本科学历大学英语四级成绩425分及以上，请在外语水平栏中注明成绩；5.本科专业为计算机类（专业代码0809），或研究生专业为计算机科学与技术（专业代码0812）、软件工程（专业代码0835）；6.专业考试信息请参见国家金融监督管理总局2025年度招考公告。","https://www.xjhc.gov.cn/xjhc/c116834/202410/a29382e11a674da3be3353af65f9fcc5.shtml#132107-300147140001","2024-10-14","{""dataset_year"":2025,""job_uid"":""GOV-2025-132107-300147140001"",""publisher"":""国家公务员局"",""publication_page"":""https://www.xjhc.gov.cn/xjhc/c116834/202410/a29382e11a674da3be3353af65f9fcc5.shtml"",""attachment_url"":""https://www.xjhc.gov.cn/xjhc/c116834/202410/a29382e11a674da3be3353af65f9fcc5/files/0536cef86e2b46ddad6aae5a3780089e.xls"",""local_source_file"":""2025_guokao_zhaokaojianzhang.xls"",""local_source_sha256"":""07ae6cab368cd21b7a1ac3e8150fe9a3d39ad5171ce76135ff3cccfe50c3e77e"",""source_sheet"":""中央国家行政机关省级以下直属机构"",""filter_version"":""government_tech_v2"",""tech_filter"":{""is_tech"":true,""is_core_tech"":true,""scope"":""core"",""categories"":[""computer_software""],""matched_fields"":[""major"",""description"",""remarks""],""major_terms"":[""计算机类""],""role_terms"":[""信息科技"",""信息系统"",""计算机"",""软件"",""软件工程"",""软硬件""],""reason"":""tech_major_and_role""},""original"":{""部门代码"":""132107"",""部门名称"":""国家金融监督管理总局吉林监管局"",""用人司局"":""国家金融监督管理总局安图监管支局"",""机构性质"":""中央国家行政机关省级以下直属机构"",""招考职位"":""统计信息部门一级主任科员及以下"",""职位属性"":""金融监管计算机类职位"",""职位分布"":""西部地区和艰苦边远地区职位"",""职位简介"":""主要从事金融信息科技风险监管、电子设备软硬件管理及信息系统运行维护等工作。"",""职位代码"":""300147140001"",""机构层级"":""县（区）级及以下"",""考试类别"":""市（地）级及以下直属机构综合管理类"",""招考人数"":""1"",""专业"":""计算机类"",""学历"":""本科及以上"",""学位"":""与最高学历相对应的学位"",""政治面貌"":""不限"",""基层工作最低年限"":""无限制"",""服务基层项目工作经历"":""无限制"",""是否在面试阶段组织专业能力测试"":""否"",""面试人员比例"":""3:1"",""工作地点"":""吉林省延边朝鲜族自治州安图县"",""落户地点"":""吉林省延边朝鲜族自治州安图县"",""备注"":""1.报名时请在专业栏中同时填写专业名称和专业代码；2.限应届高校毕业生报考，请在备注栏中注明本人具有应届高校毕业生身份；3.限吉林省户口或吉林省生源；4.要求本科学历大学英语四级成绩425分及以上，请在外语水平栏中注明成绩；5.本科专业为计算机类（专业代码0809），或研究生专业为计算机科学与技术（专业代码0812）、软件工程（专业代码0835）；6.专业考试信息请参见国家金融监督管理总局2025年度招考公告。"",""部门网站"":""http://www.cbirc.gov.cn/"",""咨询电话1"":""0431-88579081"",""咨询电话2"":""0431-88579118"",""咨询电话3"":"""",""来源Sheet"":""中央国家行政机关省级以下直属机构""}}"
"government_jobs","国家公务员2025招考简章","公务员/事业单位技术岗位","吉林省延边朝鲜族自治州和龙市","2026-07-28T09:12:58.310295+00:00","统计信息部门一级主任科员及以下","国家金融监督管理总局吉林监管局","","吉林省延边朝鲜族自治州和龙市","公务员/事业单位;2025;computer_software;本科及以上;与最高学历相对应的学位;计算机类;市（地）级及以下直属机构综合管理类","用人司局：国家金融监督管理总局和龙监管支局
职位简介：主要从事金融信息科技风险监管、电子设备软硬件管理及信息系统运行维护等工作。
专业要求：计算机类
学历要求：本科及以上
学位要求：与最高学历相对应的学位
政治面貌：不限
基层工作经历：无限制
考试类别：市（地）级及以下直属机构综合管理类
备注：1.报名时请在专业栏中同时填写专业名称和专业代码；2.限应届高校毕业生报考，请在备注栏中注明本人具有应届高校毕业生身份；3.限吉林省户口或吉林省生源；4.要求本科学历大学英语四级成绩425分及以上，请在外语水平栏中注明成绩；5.本科专业为计算机类（专业代码0809），或研究生专业为计算机科学与技术（专业代码0812）、软件工程（专业代码0835）；6.专业考试信息请参见国家金融监督管理总局2025年度招考公告。","https://www.xjhc.gov.cn/xjhc/c116834/202410/a29382e11a674da3be3353af65f9fcc5.shtml#132107-300147142001","2024-10-14","{""dataset_year"":2025,""job_uid"":""GOV-2025-132107-300147142001"",""publisher"":""国家公务员局"",""publication_page"":""https://www.xjhc.gov.cn/xjhc/c116834/202410/a29382e11a674da3be3353af65f9fcc5.shtml"",""attachment_url"":""https://www.xjhc.gov.cn/xjhc/c116834/202410/a29382e11a674da3be3353af65f9fcc5/files/0536cef86e2b46ddad6aae5a3780089e.xls"",""local_source_file"":""2025_guokao_zhaokaojianzhang.xls"",""local_source_sha256"":""07ae6cab368cd21b7a1ac3e8150fe9a3d39ad5171ce76135ff3cccfe50c3e77e"",""source_sheet"":""中央国家行政机关省级以下直属机构"",""filter_version"":""government_tech_v2"",""tech_filter"":{""is_tech"":true,""is_core_tech"":true,""scope"":""core"",""categories"":[""computer_software""],""matched_fields"":[""major"",""description"",""remarks""],""major_terms"":[""计算机类""],""role_terms"":[""信息科技"",""信息系统"",""计算机"",""软件"",""软件工程"",""软硬件""],""reason"":""tech_major_and_role""},""original"":{""部门代码"":""132107"",""部门名称"":""国家金融监督管理总局吉林监管局"",""用人司局"":""国家金融监督管理总局和龙监管支局"",""机构性质"":""中央国家行政机关省级以下直属机构"",""招考职位"":""统计信息部门一级主任科员及以下"",""职位属性"":""金融监管计算机类职位"",""职位分布"":""西部地区和艰苦边远地区职位"",""职位简介"":""主要从事金融信息科技风险监管、电子设备软硬件管理及信息系统运行维护等工作。"",""职位代码"":""300147142001"",""机构层级"":""县（区）级及以下"",""考试类别"":""市（地）级及以下直属机构综合管理类"",""招考人数"":""1"",""专业"":""计算机类"",""学历"":""本科及以上"",""学位"":""与最高学历相对应的学位"",""政治面貌"":""不限"",""基层工作最低年限"":""无限制"",""服务基层项目工作经历"":""无限制"",""是否在面试阶段组织专业能力测试"":""否"",""面试人员比例"":""3:1"",""工作地点"":""吉林省延边朝鲜族自治州和龙市"",""落户地点"":""吉林省延边朝鲜族自治州和龙市"",""备注"":""1.报名时请在专业栏中同时填写专业名称和专业代码；2.限应届高校毕业生报考，请在备注栏中注明本人具有应届高校毕业生身份；3.限吉林省户口或吉林省生源；4.要求本科学历大学英语四级成绩425分及以上，请在外语水平栏中注明成绩；5.本科专业为计算机类（专业代码0809），或研究生专业为计算机科学与技术（专业代码0812）、软件工程（专业代码0835）；6.专业考试信息请参见国家金融监督管理总局2025年度招考公告。"",""部门网站"":""http://www.cbirc.gov.cn/"",""咨询电话1"":""0431-88579081"",""咨询电话2"":""0431-88579118"",""咨询电话3"":"""",""来源Sheet"":""中央国家行政机关省级以下直属机构""}}"
"government_jobs","国家公务员2025招考简章","公务员/事业单位技术岗位","黑龙江省哈尔滨市","2026-07-28T09:12:58.310295+00:00","统计信息部门一级主任科员及以下","国家金融监督管理总局黑龙江监管局","","黑龙江省哈尔滨市","公务员/事业单位;2025;computer_software;硕士研究生及以上;与最高学历相对应的学位;计算机科学与技术、软件工程;中央机关及其省级直属机构综合管理类","用人司局：国家金融监督管理总局黑龙江监管局
职位简介：主要从事金融信息科技风险监管、电子设备软硬件管理及信息系统运行维护等工作。
专业要求：计算机科学与技术、软件工程
学历要求：硕士研究生及以上
学位要求：与最高学历相对应的学位
政治面貌：不限
基层工作经历：二年
考试类别：中央机关及其省级直属机构综合管理类
备注：1.报名时请在专业栏中同时填写专业名称和专业代码；2.要求研究生学历大学英语六级成绩425分及以上，请在外语水平栏中注明成绩；3.专业考试信息请参见国家金融监督管理总局2025年度招考公告。","https://www.xjhc.gov.cn/xjhc/c116834/202410/a29382e11a674da3be3353af65f9fcc5.shtml#132108-300147147001","2024-10-14","{""dataset_year"":2025,""job_uid"":""GOV-2025-132108-300147147001"",""publisher"":""国家公务员局"",""publication_page"":""https://www.xjhc.gov.cn/xjhc/c116834/202410/a29382e11a674da3be3353af65f9fcc5.shtml"",""attachment_url"":""https://www.xjhc.gov.cn/xjhc/c116834/202410/a29382e11a674da3be3353af65f9fcc5/files/0536cef86e2b46ddad6aae5a3780089e.xls"",""local_source_file"":""2025_guokao_zhaokaojianzhang.xls"",""local_source_sha256"":""07ae6cab368cd21b7a1ac3e8150fe9a3d39ad5171ce76135ff3cccfe50c3e77e"",""source_sheet"":""中央国家行政机关省级以下直属机构"",""filter_version"":""government_tech_v2"",""tech_filter"":{""is_tech"":true,""is_core_tech"":true,""scope"":""core"",""categories"":[""computer_software""],""matched_fields"":[""major"",""description""],""major_terms"":[""计算机科学与技术"",""软件工程""],""role_terms"":[""信息科技"",""信息系统"",""软硬件""],""reason"":""tech_major_and_role""},""original"":{""部门代码"":""132108"",""部门名称"":""国家金融监督管理总局黑龙江监管局"",""用人司局"":""国家金融监督管理总局黑龙江监管局"",""机构性质"":""中央国家行政机关省级以下直属机构"",""招考职位"":""统计信息部门一级主任科员及以下"",""职位属性"":""金融监管计算机类职位"",""职位分布"":""其他职位"",""职位简介"":""主要从事金融信息科技风险监管、电子设备软硬件管理及信息系统运行维护等工作。"",""职位代码"":""300147147001"",""机构层级"":""省（副省）级"",""考试类别"":""中央机关及其省级直属机构综合管理类"",""招考人数"":""4"",""专业"":""计算机科学与技术、软件工程"",""学历"":""硕士研究生及以上"",""学位"":""与最高学历相对应的学位"",""政治面貌"":""不限"",""基层工作最低年限"":""二年"",""服务基层项目工作经历"":""无限制"",""是否在面试阶段组织专业能力测试"":""否"",""面试人员比例"":""4:1"",""工作地点"":""黑龙江省哈尔滨市"",""落户地点"":""黑龙江省哈尔滨市"",""备注"":""1.报名时请在专业栏中同时填写专业名称和专业代码；2.要求研究生学历大学英语六级成绩425分及以上，请在外语水平栏中注明成绩；3.专业考试信息请参见国家金融监督管理总局2025年度招考公告。"",""部门网站"":""http://www.cbirc.gov.cn/"",""咨询电话1"":""0451-53635475"",""咨询电话2"":"""",""咨询电话3"":"""",""来源Sheet"":""中央国家行政机关省级以下直属机构""}}"
"government_jobs","国家公务员2025招考简章","公务员/事业单位技术岗位","黑龙江省齐齐哈尔市","2026-07-28T09:12:58.310295+00:00","统计信息部门一级主任科员及以下","国家金融监督管理总局黑龙江监管局","","黑龙江省齐齐哈尔市","公务员/事业单位;2025;computer_software;cybersecurity_cryptography;仅限本科;学士;计算机科学与技术、软件工程、网络工程信息安全、数字媒体技术、智能科学与技术、数据科学与大数据技术、新媒体技术;市（地）级及以下直属机构综合管理类","用人司局：国家金融监督管理总局齐齐哈尔监管分局
职位简介：主要从事金融信息科技风险监管、电子设备软硬件管理及信息系统运行维护等工作。
专业要求：计算机科学与技术、软件工程、网络工程信息安全、数字媒体技术、智能科学与技术、数据科学与大数据技术、新媒体技术
学历要求：仅限本科
学位要求：学士
政治面貌：不限
基层工作经历：无限制
考试类别：市（地）级及以下直属机构综合管理类
备注：1.报名时请在专业栏中同时填写专业名称和专业代码；2.限应届高校毕业生报考，请在备注栏中注明本人具有应届高校毕业生身份；3.要求本科学历大学英语四级成绩425分及以上，请在外语水平栏中注明成绩；4.专业考试信息请参见国家金融监督管理总局2025年度招考公告。","https://www.xjhc.gov.cn/xjhc/c116834/202410/a29382e11a674da3be3353af65f9fcc5.shtml#132108-300147148001","2024-10-14","{""dataset_year"":2025,""job_uid"":""GOV-2025-132108-300147148001"",""publisher"":""国家公务员局"",""publication_page"":""https://www.xjhc.gov.cn/xjhc/c116834/202410/a29382e11a674da3be3353af65f9fcc5.shtml"",""attachment_url"":""https://www.xjhc.gov.cn/xjhc/c116834/202410/a29382e11a674da3be3353af65f9fcc5/files/0536cef86e2b46ddad6aae5a3780089e.xls"",""local_source_file"":""2025_guokao_zhaokaojianzhang.xls"",""local_source_sha256"":""07ae6cab368cd21b7a1ac3e8150fe9a3d39ad5171ce76135ff3cccfe50c3e77e"",""source_sheet"":""中央国家行政机关省级以下直属机构"",""filter_version"":""government_tech_v2"",""tech_filter"":{""is_tech"":true,""is_core_tech"":true,""scope"":""core"",""categories"":[""computer_software"",""cybersecurity_cryptography""],""matched_fields"":[""major"",""description""],""major_terms"":[""信息安全"",""大数据"",""数字媒体技术"",""数据科学与大数据技术"",""智能科学与技术"",""网络工程"",""计算机科学与技术"",""软件工程""],""role_terms"":[""信息科技"",""信息系统"",""软硬件""],""reason"":""tech_major_and_role""},""original"":{""部门代码"":""132108"",""部门名称"":""国家金融监督管理总局黑龙江监管局"",""用人司局"":""国家金融监督管理总局齐齐哈尔监管分局"",""机构性质"":""中央国家行政机关省级以下直属机构"",""招考职位"":""统计信息部门一级主任科员及以下"",""职位属性"":""金融监管计算机类职位"",""职位分布"":""其他职位"",""职位简介"":""主要从事金融信息科技风险监管、电子设备软硬件管理及信息系统运行维护等工作。"",""职位代码"":""300147148001"",""机构层级"":""市（地）级"",""考试类别"":""市（地）级及以下直属机构综合管理类"",""招考人数"":""1"",""专业"":""计算机科学与技术、软件工程、网络工程信息安全、数字媒体技术、智能科学与技术、数据科学与大数据技术、新媒体技术"",""学历"":""仅限本科"",""学位"":""学士"",""政治面貌"":""不限"",""基层工作最低年限"":""无限制"",""服务基层项目工作经历"":""无限制"",""是否在面试阶段组织专业能力测试"":""否"",""面试人员比例"":""3:1"",""工作地点"":""黑龙江省齐齐哈尔市"",""落户地点"":""黑龙江省齐齐哈尔市"",""备注"":""1.报名时请在专业栏中同时填写专业名称和专业代码；2.限应届高校毕业生报考，请在备注栏中注明本人具有应届高校毕业生身份；3.要求本科学历大学英语四级成绩425分及以上，请在外语水平栏中注明成绩；4.专业考试信息请参见国家金融监督管理总局2025年度招考公告。"",""部门网站"":""http://www.cbirc.gov.cn/"",""咨询电话1"":""0451-53635475"",""咨询电话2"":"""",""咨询电话3"":"""",""来源Sheet"":""中央国家行政机关省级以下直属机构""}}"
"government_jobs","国家公务员2025招考简章","公务员/事业单位技术岗位","黑龙江省牡丹江市","2026-07-28T09:12:58.310295+00:00","统计信息部门一级主任科员及以下","国家金融监督管理总局黑龙江监管局","","黑龙江省牡丹江市","公务员/事业单位;2025;computer_software;cybersecurity_cryptography;仅限本科;学士;计算机科学与技术、软件工程、网络工程信息安全、数字媒体技术、智能科学与技术、数据科学与大数据技术、新媒体技术;市（地）级及以下直属机构综合管理类","用人司局：国家金融监督管理总局牡丹江监管分局
职位简介：主要从事金融信息科技风险监管、电子设备软硬件管理及信息系统运行维护等工作。
专业要求：计算机科学与技术、软件工程、网络工程信息安全、数字媒体技术、智能科学与技术、数据科学与大数据技术、新媒体技术
学历要求：仅限本科
学位要求：学士
政治面貌：不限
基层工作经历：无限制
考试类别：市（地）级及以下直属机构综合管理类
备注：1.报名时请在专业栏中同时填写专业名称和专业代码；2.要求本科学历大学英语四级成绩425分及以上，请在外语水平栏中注明成绩；3.专业考试信息请参见国家金融监督管理总局2025年度招考公告。","https://www.xjhc.gov.cn/xjhc/c116834/202410/a29382e11a674da3be3353af65f9fcc5.shtml#132108-300147149001","2024-10-14","{""dataset_year"":2025,""job_uid"":""GOV-2025-132108-300147149001"",""publisher"":""国家公务员局"",""publication_page"":""https://www.xjhc.gov.cn/xjhc/c116834/202410/a29382e11a674da3be3353af65f9fcc5.shtml"",""attachment_url"":""https://www.xjhc.gov.cn/xjhc/c116834/202410/a29382e11a674da3be3353af65f9fcc5/files/0536cef86e2b46ddad6aae5a3780089e.xls"",""local_source_file"":""2025_guokao_zhaokaojianzhang.xls"",""local_source_sha256"":""07ae6cab368cd21b7a1ac3e8150fe9a3d39ad5171ce76135ff3cccfe50c3e77e"",""source_sheet"":""中央国家行政机关省级以下直属机构"",""filter_version"":""government_tech_v2"",""tech_filter"":{""is_tech"":true,""is_core_tech"":true,""scope"":""core"",""categories"":[""computer_software"",""cybersecurity_cryptography""],""matched_fields"":[""major"",""description""],""major_terms"":[""信息安全"",""大数据"",""数字媒体技术"",""数据科学与大数据技术"",""智能科学与技术"",""网络工程"",""计算机科学与技术"",""软件工程""],""role_terms"":[""信息科技"",""信息系统"",""软硬件""],""reason"":""tech_major_and_role""},""original"":{""部门代码"":""132108"",""部门名称"":""国家金融监督管理总局黑龙江监管局"",""用人司局"":""国家金融监督管理总局牡丹江监管分局"",""机构性质"":""中央国家行政机关省级以下直属机构"",""招考职位"":""统计信息部门一级主任科员及以下"",""职位属性"":""金融监管计算机类职位"",""职位分布"":""其他职位"",""职位简介"":""主要从事金融信息科技风险监管、电子设备软硬件管理及信息系统运行维护等工作。"",""职位代码"":""300147149001"",""机构层级"":""市（地）级"",""考试类别"":""市（地）级及以下直属机构综合管理类"",""招考人数"":""1"",""专业"":""计算机科学与技术、软件工程、网络工程信息安全、数字媒体技术、智能科学与技术、数据科学与大数据技术、新媒体技术"",""学历"":""仅限本科"",""学位"":""学士"",""政治面貌"":""不限"",""基层工作最低年限"":""无限制"",""服务基层项目工作经历"":""无限制"",""是否在面试阶段组织专业能力测试"":""否"",""面试人员比例"":""3:1"",""工作地点"":""黑龙江省牡丹江市"",""落户地点"":""黑龙江省牡丹江市"",""备注"":""1.报名时请在专业栏中同时填写专业名称和专业代码；2.要求本科学历大学英语四级成绩425分及以上，请在外语水平栏中注明成绩；3.专业考试信息请参见国家金融监督管理总局2025年度招考公告。"",""部门网站"":""http://www.cbirc.gov.cn/"",""咨询电话1"":""0451-53635475"",""咨询电话2"":"""",""咨询电话3"":"""",""来源Sheet"":""中央国家行政机关省级以下直属机构""}}"
"government_jobs","国家公务员2025招考简章","公务员/事业单位技术岗位","黑龙江省大庆市","2026-07-28T09:12:58.310295+00:00","统计信息部门一级主任科员及以下","国家金融监督管理总局黑龙江监管局","","黑龙江省大庆市","公务员/事业单位;2025;computer_software;cybersecurity_cryptography;仅限本科;学士;计算机科学与技术、软件工程、网络工程信息安全、数字媒体技术、智能科学与技术、数据科学与大数据技术、新媒体技术;市（地）级及以下直属机构综合管理类","用人司局：国家金融监督管理总局大庆监管分局
职位简介：主要从事金融信息科技风险监管、电子设备软硬件管理及信息系统运行维护等工作。
专业要求：计算机科学与技术、软件工程、网络工程信息安全、数字媒体技术、智能科学与技术、数据科学与大数据技术、新媒体技术
学历要求：仅限本科
学位要求：学士
政治面貌：不限
基层工作经历：无限制
考试类别：市（地）级及以下直属机构综合管理类
备注：1.报名时请在专业栏中同时填写专业名称和专业代码；2.限2025届高校毕业生报考；3.要求本科学历大学英语四级成绩425分及以上，请在外语水平栏中注明成绩；4.专业考试信息请参见国家金融监督管理总局2025年度招考公告。","https://www.xjhc.gov.cn/xjhc/c116834/202410/a29382e11a674da3be3353af65f9fcc5.shtml#132108-300147155001","2024-10-14","{""dataset_year"":2025,""job_uid"":""GOV-2025-132108-300147155001"",""publisher"":""国家公务员局"",""publication_page"":""https://www.xjhc.gov.cn/xjhc/c116834/202410/a29382e11a674da3be3353af65f9fcc5.shtml"",""attachment_url"":""https://www.xjhc.gov.cn/xjhc/c116834/202410/a29382e11a674da3be3353af65f9fcc5/files/0536cef86e2b46ddad6aae5a3780089e.xls"",""local_source_file"":""2025_guokao_zhaokaojianzhang.xls"",""local_source_sha256"":""07ae6cab368cd21b7a1ac3e8150fe9a3d39ad5171ce76135ff3cccfe50c3e77e"",""source_sheet"":""中央国家行政机关省级以下直属机构"",""filter_version"":""government_tech_v2"",""tech_filter"":{""is_tech"":true,""is_core_tech"":true,""scope"":""core"",""categories"":[""computer_software"",""cybersecurity_cryptography""],""matched_fields"":[""major"",""description""],""major_terms"":[""信息安全"",""大数据"",""数字媒体技术"",""数据科学与大数据技术"",""智能科学与技术"",""网络工程"",""计算机科学与技术"",""软件工程""],""role_terms"":[""信息科技"",""信息系统"",""软硬件""],""reason"":""tech_major_and_role""},""original"":{""部门代码"":""132108"",""部门名称"":""国家金融监督管理总局黑龙江监管局"",""用人司局"":""国家金融监督管理总局大庆监管分局"",""机构性质"":""中央国家行政机关省级以下直属机构"",""招考职位"":""统计信息部门一级主任科员及以下"",""职位属性"":""金融监管计算机类职位"",""职位分布"":""其他职位"",""职位简介"":""主要从事金融信息科技风险监管、电子设备软硬件管理及信息系统运行维护等工作。"",""职位代码"":""300147155001"",""机构层级"":""市（地）级"",""考试类别"":""市（地）级及以下直属机构综合管理类"",""招考人数"":""2"",""专业"":""计算机科学与技术、软件工程、网络工程信息安全、数字媒体技术、智能科学与技术、数据科学与大数据技术、新媒体技术"",""学历"":""仅限本科"",""学位"":""学士"",""政治面貌"":""不限"",""基层工作最低年限"":""无限制"",""服务基层项目工作经历"":""无限制"",""是否在面试阶段组织专业能力测试"":""否"",""面试人员比例"":""3:1"",""工作地点"":""黑龙江省大庆市"",""落户地点"":""黑龙江省大庆市"",""备注"":""1.报名时请在专业栏中同时填写专业名称和专业代码；2.限2025届高校毕业生报考；3.要求本科学历大学英语四级成绩425分及以上，请在外语水平栏中注明成绩；4.专业考试信息请参见国家金融监督管理总局2025年度招考公告。"",""部门网站"":""http://www.cbirc.gov.cn/"",""咨询电话1"":""0451-53635475"",""咨询电话2"":"""",""咨询电话3"":"""",""来源Sheet"":""中央国家行政机关省级以下直属机构""}}"
"government_jobs","国家公务员2025招考简章","公务员/事业单位技术岗位","黑龙江省鸡西市","2026-07-28T09:12:58.310295+00:00","统计信息部门一级主任科员及以下","国家金融监督管理总局黑龙江监管局","","黑龙江省鸡西市","公务员/事业单位;2025;computer_software;cybersecurity_cryptography;仅限本科;学士;计算机科学与技术、软件工程、网络工程信息安全、数字媒体技术、智能科学与技术、数据科学与大数据技术、新媒体技术;市（地）级及以下直属机构综合管理类","用人司局：国家金融监督管理总局鸡西监管分局
职位简介：主要从事金融信息科技风险监管、电子设备软硬件管理及信息系统运行维护等工作。
专业要求：计算机科学与技术、软件工程、网络工程信息安全、数字媒体技术、智能科学与技术、数据科学与大数据技术、新媒体技术
学历要求：仅限本科
学位要求：学士
政治面貌：不限
基层工作经历：无限制
考试类别：市（地）级及以下直属机构综合管理类
备注：1.报名时请在专业栏中同时填写专业名称和专业代码；2.要求本科学历大学英语四级成绩425分及以上，请在外语水平栏中注明成绩；3.专业考试信息请参见国家金融监督管理总局2025年度招考公告。","https://www.xjhc.gov.cn/xjhc/c116834/202410/a29382e11a674da3be3353af65f9fcc5.shtml#132108-300147157001","2024-10-14","{""dataset_year"":2025,""job_uid"":""GOV-2025-132108-300147157001"",""publisher"":""国家公务员局"",""publication_page"":""https://www.xjhc.gov.cn/xjhc/c116834/202410/a29382e11a674da3be3353af65f9fcc5.shtml"",""attachment_url"":""https://www.xjhc.gov.cn/xjhc/c116834/202410/a29382e11a674da3be3353af65f9fcc5/files/0536cef86e2b46ddad6aae5a3780089e.xls"",""local_source_file"":""2025_guokao_zhaokaojianzhang.xls"",""local_source_sha256"":""07ae6cab368cd21b7a1ac3e8150fe9a3d39ad5171ce76135ff3cccfe50c3e77e"",""source_sheet"":""中央国家行政机关省级以下直属机构"",""filter_version"":""government_tech_v2"",""tech_filter"":{""is_tech"":true,""is_core_tech"":true,""scope"":""core"",""categories"":[""computer_software"",""cybersecurity_cryptography""],""matched_fields"":[""major"",""description""],""major_terms"":[""信息安全"",""大数据"",""数字媒体技术"",""数据科学与大数据技术"",""智能科学与技术"",""网络工程"",""计算机科学与技术"",""软件工程""],""role_terms"":[""信息科技"",""信息系统"",""软硬件""],""reason"":""tech_major_and_role""},""original"":{""部门代码"":""132108"",""部门名称"":""国家金融监督管理总局黑龙江监管局"",""用人司局"":""国家金融监督管理总局鸡西监管分局"",""机构性质"":""中央国家行政机关省级以下直属机构"",""招考职位"":""统计信息部门一级主任科员及以下"",""职位属性"":""金融监管计算机类职位"",""职位分布"":""其他职位"",""职位简介"":""主要从事金融信息科技风险监管、电子设备软硬件管理及信息系统运行维护等工作。"",""职位代码"":""300147157001"",""机构层级"":""市（地）级"",""考试类别"":""市（地）级及以下直属机构综合管理类"",""招考人数"":""2"",""专业"":""计算机科学与技术、软件工程、网络工程信息安全、数字媒体技术、智能科学与技术、数据科学与大数据技术、新媒体技术"",""学历"":""仅限本科"",""学位"":""学士"",""政治面貌"":""不限"",""基层工作最低年限"":""无限制"",""服务基层项目工作经历"":""无限制"",""是否在面试阶段组织专业能力测试"":""否"",""面试人员比例"":""3:1"",""工作地点"":""黑龙江省鸡西市"",""落户地点"":""黑龙江省鸡西市"",""备注"":""1.报名时请在专业栏中同时填写专业名称和专业代码；2.要求本科学历大学英语四级成绩425分及以上，请在外语水平栏中注明成绩；3.专业考试信息请参见国家金融监督管理总局2025年度招考公告。"",""部门网站"":""http://www.cbirc.gov.cn/"",""咨询电话1"":""0451-53635475"",""咨询电话2"":"""",""咨询电话3"":"""",""来源Sheet"":""中央国家行政机关省级以下直属机构""}}"
"government_jobs","国家公务员2025招考简章","公务员/事业单位技术岗位","黑龙江省鸡西市密山市","2026-07-28T09:12:58.310295+00:00","统计信息部门一级主任科员及以下","国家金融监督管理总局黑龙江监管局","","黑龙江省鸡西市密山市","公务员/事业单位;2025;computer_software;cybersecurity_cryptography;仅限本科;学士;计算机科学与技术、软件工程、网络工程信息安全、数字媒体技术、智能科学与技术、数据科学与大数据技术、新媒体技术;市（地）级及以下直属机构综合管理类","用人司局：国家金融监督管理总局密山监管支局
职位简介：主要从事金融信息科技风险监管、电子设备软硬件管理及信息系统运行维护等工作。
专业要求：计算机科学与技术、软件工程、网络工程信息安全、数字媒体技术、智能科学与技术、数据科学与大数据技术、新媒体技术
学历要求：仅限本科
学位要求：学士
政治面貌：不限
基层工作经历：无限制
考试类别：市（地）级及以下直属机构综合管理类
备注：1.报名时请在专业栏中同时填写专业名称和专业代码；2.专业考试信息请参见国家金融监督管理总局2025年度招考公告。","https://www.xjhc.gov.cn/xjhc/c116834/202410/a29382e11a674da3be3353af65f9fcc5.shtml#132108-300147158001","2024-10-14","{""dataset_year"":2025,""job_uid"":""GOV-2025-132108-300147158001"",""publisher"":""国家公务员局"",""publication_page"":""https://www.xjhc.gov.cn/xjhc/c116834/202410/a29382e11a674da3be3353af65f9fcc5.shtml"",""attachment_url"":""https://www.xjhc.gov.cn/xjhc/c116834/202410/a29382e11a674da3be3353af65f9fcc5/files/0536cef86e2b46ddad6aae5a3780089e.xls"",""local_source_file"":""2025_guokao_zhaokaojianzhang.xls"",""local_source_sha256"":""07ae6cab368cd21b7a1ac3e8150fe9a3d39ad5171ce76135ff3cccfe50c3e77e"",""source_sheet"":""中央国家行政机关省级以下直属机构"",""filter_version"":""government_tech_v2"",""tech_filter"":{""is_tech"":true,""is_core_tech"":true,""scope"":""core"",""categories"":[""computer_software"",""cybersecurity_cryptography""],""matched_fields"":[""major"",""description""],""major_terms"":[""信息安全"",""大数据"",""数字媒体技术"",""数据科学与大数据技术"",""智能科学与技术"",""网络工程"",""计算机科学与技术"",""软件工程""],""role_terms"":[""信息科技"",""信息系统"",""软硬件""],""reason"":""tech_major_and_role""},""original"":{""部门代码"":""132108"",""部门名称"":""国家金融监督管理总局黑龙江监管局"",""用人司局"":""国家金融监督管理总局密山监管支局"",""机构性质"":""中央国家行政机关省级以下直属机构"",""招考职位"":""统计信息部门一级主任科员及以下"",""职位属性"":""金融监管计算机类职位"",""职位分布"":""西部地区和艰苦边远地区职位"",""职位简介"":""主要从事金融信息科技风险监管、电子设备软硬件管理及信息系统运行维护等工作。"",""职位代码"":""300147158001"",""机构层级"":""县（区）级及以下"",""考试类别"":""市（地）级及以下直属机构综合管理类"",""招考人数"":""1"",""专业"":""计算机科学与技术、软件工程、网络工程信息安全、数字媒体技术、智能科学与技术、数据科学与大数据技术、新媒体技术"",""学历"":""仅限本科"",""学位"":""学士"",""政治面貌"":""不限"",""基层工作最低年限"":""无限制"",""服务基层项目工作经历"":""无限制"",""是否在面试阶段组织专业能力测试"":""否"",""面试人员比例"":""3:1"",""工作地点"":""黑龙江省鸡西市密山市"",""落户地点"":""黑龙江省鸡西市密山市"",""备注"":""1.报名时请在专业栏中同时填写专业名称和专业代码；2.专业考试信息请参见国家金融监督管理总局2025年度招考公告。"",""部门网站"":""http://www.cbirc.gov.cn/"",""咨询电话1"":""0451-53635475"",""咨询电话2"":"""",""咨询电话3"":"""",""来源Sheet"":""中央国家行政机关省级以下直属机构""}}"
"government_jobs","国家公务员2025招考简章","公务员/事业单位技术岗位","黑龙江省鸡西市虎林市","2026-07-28T09:12:58.310295+00:00","统计信息部门一级主任科员及以下","国家金融监督管理总局黑龙江监管局","","黑龙江省鸡西市虎林市","公务员/事业单位;2025;computer_software;cybersecurity_cryptography;仅限本科;学士;计算机科学与技术、软件工程、网络工程信息安全、数字媒体技术、智能科学与技术、数据科学与大数据技术、新媒体技术;市（地）级及以下直属机构综合管理类","用人司局：国家金融监督管理总局虎林监管支局
职位简介：主要从事金融信息科技风险监管、电子设备软硬件管理及信息系统运行维护等工作。
专业要求：计算机科学与技术、软件工程、网络工程信息安全、数字媒体技术、智能科学与技术、数据科学与大数据技术、新媒体技术
学历要求：仅限本科
学位要求：学士
政治面貌：不限
基层工作经历：无限制
考试类别：市（地）级及以下直属机构综合管理类
备注：1.报名时请在专业栏中同时填写专业名称和专业代码；2.专业考试信息请参见国家金融监督管理总局2025年度招考公告。","https://www.xjhc.gov.cn/xjhc/c116834/202410/a29382e11a674da3be3353af65f9fcc5.shtml#132108-300147159001","2024-10-14","{""dataset_year"":2025,""job_uid"":""GOV-2025-132108-300147159001"",""publisher"":""国家公务员局"",""publication_page"":""https://www.xjhc.gov.cn/xjhc/c116834/202410/a29382e11a674da3be3353af65f9fcc5.shtml"",""attachment_url"":""https://www.xjhc.gov.cn/xjhc/c116834/202410/a29382e11a674da3be3353af65f9fcc5/files/0536cef86e2b46ddad6aae5a3780089e.xls"",""local_source_file"":""2025_guokao_zhaokaojianzhang.xls"",""local_source_sha256"":""07ae6cab368cd21b7a1ac3e8150fe9a3d39ad5171ce76135ff3cccfe50c3e77e"",""source_sheet"":""中央国家行政机关省级以下直属机构"",""filter_version"":""government_tech_v2"",""tech_filter"":{""is_tech"":true,""is_core_tech"":true,""scope"":""core"",""categories"":[""computer_software"",""cybersecurity_cryptography""],""matched_fields"":[""major"",""description""],""major_terms"":[""信息安全"",""大数据"",""数字媒体技术"",""数据科学与大数据技术"",""智能科学与技术"",""网络工程"",""计算机科学与技术"",""软件工程""],""role_terms"":[""信息科技"",""信息系统"",""软硬件""],""reason"":""tech_major_and_role""},""original"":{""部门代码"":""132108"",""部门名称"":""国家金融监督管理总局黑龙江监管局"",""用人司局"":""国家金融监督管理总局虎林监管支局"",""机构性质"":""中央国家行政机关省级以下直属机构"",""招考职位"":""统计信息部门一级主任科员及以下"",""职位属性"":""金融监管计算机类职位"",""职位分布"":""西部地区和艰苦边远地区职位"",""职位简介"":""主要从事金融信息科技风险监管、电子设备软硬件管理及信息系统运行维护等工作。"",""职位代码"":""300147159001"",""机构层级"":""县（区）级及以下"",""考试类别"":""市（地）级及以下直属机构综合管理类"",""招考人数"":""1"",""专业"":""计算机科学与技术、软件工程、网络工程信息安全、数字媒体技术、智能科学与技术、数据科学与大数据技术、新媒体技术"",""学历"":""仅限本科"",""学位"":""学士"",""政治面貌"":""不限"",""基层工作最低年限"":""无限制"",""服务基层项目工作经历"":""无限制"",""是否在面试阶段组织专业能力测试"":""否"",""面试人员比例"":""3:1"",""工作地点"":""黑龙江省鸡西市虎林市"",""落户地点"":""黑龙江省鸡西市虎林市"",""备注"":""1.报名时请在专业栏中同时填写专业名称和专业代码；2.专业考试信息请参见国家金融监督管理总局2025年度招考公告。"",""部门网站"":""http://www.cbirc.gov.cn/"",""咨询电话1"":""0451-53635475"",""咨询电话2"":"""",""咨询电话3"":"""",""来源Sheet"":""中央国家行政机关省级以下直属机构""}}"
"government_jobs","国家公务员2025招考简章","公务员/事业单位技术岗位","黑龙江省双鸭山市饶河县","2026-07-28T09:12:58.310295+00:00","统计信息部门一级主任科员及以下","国家金融监督管理总局黑龙江监管局","","黑龙江省双鸭山市饶河县","公务员/事业单位;2025;computer_software;cybersecurity_cryptography;仅限本科;学士;计算机科学与技术、软件工程、网络工程信息安全、数字媒体技术、智能科学与技术、数据科学与大数据技术、新媒体技术;市（地）级及以下直属机构综合管理类","用人司局：国家金融监督管理总局饶河监管支局
职位简介：主要从事金融信息科技风险监管、电子设备软硬件管理及信息系统运行维护等工作。
专业要求：计算机科学与技术、软件工程、网络工程信息安全、数字媒体技术、智能科学与技术、数据科学与大数据技术、新媒体技术
学历要求：仅限本科
学位要求：学士
政治面貌：不限
基层工作经历：无限制
考试类别：市（地）级及以下直属机构综合管理类
备注：1.报名时请在专业栏中同时填写专业名称和专业代码；2.限应届高校毕业生报考，请在备注栏中注明本人具有应届高校毕业生身份；3.专业考试信息请参见国家金融监督管理总局2025年度招考公告。","https://www.xjhc.gov.cn/xjhc/c116834/202410/a29382e11a674da3be3353af65f9fcc5.shtml#132108-300147161001","2024-10-14","{""dataset_year"":2025,""job_uid"":""GOV-2025-132108-300147161001"",""publisher"":""国家公务员局"",""publication_page"":""https://www.xjhc.gov.cn/xjhc/c116834/202410/a29382e11a674da3be3353af65f9fcc5.shtml"",""attachment_url"":""https://www.xjhc.gov.cn/xjhc/c116834/202410/a29382e11a674da3be3353af65f9fcc5/files/0536cef86e2b46ddad6aae5a3780089e.xls"",""local_source_file"":""2025_guokao_zhaokaojianzhang.xls"",""local_source_sha256"":""07ae6cab368cd21b7a1ac3e8150fe9a3d39ad5171ce76135ff3cccfe50c3e77e"",""source_sheet"":""中央国家行政机关省级以下直属机构"",""filter_version"":""government_tech_v2"",""tech_filter"":{""is_tech"":true,""is_core_tech"":true,""scope"":""core"",""categories"":[""computer_software"",""cybersecurity_cryptography""],""matched_fields"":[""major"",""description""],""major_terms"":[""信息安全"",""大数据"",""数字媒体技术"",""数据科学与大数据技术"",""智能科学与技术"",""网络工程"",""计算机科学与技术"",""软件工程""],""role_terms"":[""信息科技"",""信息系统"",""软硬件""],""reason"":""tech_major_and_role""},""original"":{""部门代码"":""132108"",""部门名称"":""国家金融监督管理总局黑龙江监管局"",""用人司局"":""国家金融监督管理总局饶河监管支局"",""机构性质"":""中央国家行政机关省级以下直属机构"",""招考职位"":""统计信息部门一级主任科员及以下"",""职位属性"":""金融监管计算机类职位"",""职位分布"":""西部地区和艰苦边远地区职位"",""职位简介"":""主要从事金融信息科技风险监管、电子设备软硬件管理及信息系统运行维护等工作。"",""职位代码"":""300147161001"",""机构层级"":""县（区）级及以下"",""考试类别"":""市（地）级及以下直属机构综合管理类"",""招考人数"":""1"",""专业"":""计算机科学与技术、软件工程、网络工程信息安全、数字媒体技术、智能科学与技术、数据科学与大数据技术、新媒体技术"",""学历"":""仅限本科"",""学位"":""学士"",""政治面貌"":""不限"",""基层工作最低年限"":""无限制"",""服务基层项目工作经历"":""无限制"",""是否在面试阶段组织专业能力测试"":""否"",""面试人员比例"":""3:1"",""工作地点"":""黑龙江省双鸭山市饶河县"",""落户地点"":""黑龙江省双鸭山市饶河县"",""备注"":""1.报名时请在专业栏中同时填写专业名称和专业代码；2.限应届高校毕业生报考，请在备注栏中注明本人具有应届高校毕业生身份；3.专业考试信息请参见国家金融监督管理总局2025年度招考公告。"",""部门网站"":""http://www.cbirc.gov.cn/"",""咨询电话1"":""0451-53635475"",""咨询电话2"":"""",""咨询电话3"":"""",""来源Sheet"":""中央国家行政机关省级以下直属机构""}}"
"government_jobs","国家公务员2025招考简章","公务员/事业单位技术岗位","黑龙江省鹤岗市","2026-07-28T09:12:58.310295+00:00","统计信息部门一级主任科员及以下","国家金融监督管理总局黑龙江监管局","","黑龙江省鹤岗市","公务员/事业单位;2025;computer_software;cybersecurity_cryptography;仅限本科;学士;计算机科学与技术、软件工程、网络工程信息安全、数字媒体技术、智能科学与技术、数据科学与大数据技术、新媒体技术;市（地）级及以下直属机构综合管理类","用人司局：国家金融监督管理总局鹤岗监管分局
职位简介：主要从事金融信息科技风险监管、电子设备软硬件管理及信息系统运行维护等工作。
专业要求：计算机科学与技术、软件工程、网络工程信息安全、数字媒体技术、智能科学与技术、数据科学与大数据技术、新媒体技术
学历要求：仅限本科
学位要求：学士
政治面貌：不限
基层工作经历：无限制
考试类别：市（地）级及以下直属机构综合管理类
备注：1.报名时请在专业栏中同时填写专业名称和专业代码；2.要求本科学历大学英语四级成绩425分及以上，请在外语水平栏中注明成绩；3.专业考试信息请参见国家金融监督管理总局2025年度招考公告。","https://www.xjhc.gov.cn/xjhc/c116834/202410/a29382e11a674da3be3353af65f9fcc5.shtml#132108-300147164001","2024-10-14","{""dataset_year"":2025,""job_uid"":""GOV-2025-132108-300147164001"",""publisher"":""国家公务员局"",""publication_page"":""https://www.xjhc.gov.cn/xjhc/c116834/202410/a29382e11a674da3be3353af65f9fcc5.shtml"",""attachment_url"":""https://www.xjhc.gov.cn/xjhc/c116834/202410/a29382e11a674da3be3353af65f9fcc5/files/0536cef86e2b46ddad6aae5a3780089e.xls"",""local_source_file"":""2025_guokao_zhaokaojianzhang.xls"",""local_source_sha256"":""07ae6cab368cd21b7a1ac3e8150fe9a3d39ad5171ce76135ff3cccfe50c3e77e"",""source_sheet"":""中央国家行政机关省级以下直属机构"",""filter_version"":""government_tech_v2"",""tech_filter"":{""is_tech"":true,""is_core_tech"":true,""scope"":""core"",""categories"":[""computer_software"",""cybersecurity_cryptography""],""matched_fields"":[""major"",""description""],""major_terms"":[""信息安全"",""大数据"",""数字媒体技术"",""数据科学与大数据技术"",""智能科学与技术"",""网络工程"",""计算机科学与技术"",""软件工程""],""role_terms"":[""信息科技"",""信息系统"",""软硬件""],""reason"":""tech_major_and_role""},""original"":{""部门代码"":""132108"",""部门名称"":""国家金融监督管理总局黑龙江监管局"",""用人司局"":""国家金融监督管理总局鹤岗监管分局"",""机构性质"":""中央国家行政机关省级以下直属机构"",""招考职位"":""统计信息部门一级主任科员及以下"",""职位属性"":""金融监管计算机类职位"",""职位分布"":""其他职位"",""职位简介"":""主要从事金融信息科技风险监管、电子设备软硬件管理及信息系统运行维护等工作。"",""职位代码"":""300147164001"",""机构层级"":""市（地）级"",""考试类别"":""市（地）级及以下直属机构综合管理类"",""招考人数"":""2"",""专业"":""计算机科学与技术、软件工程、网络工程信息安全、数字媒体技术、智能科学与技术、数据科学与大数据技术、新媒体技术"",""学历"":""仅限本科"",""学位"":""学士"",""政治面貌"":""不限"",""基层工作最低年限"":""无限制"",""服务基层项目工作经历"":""无限制"",""是否在面试阶段组织专业能力测试"":""否"",""面试人员比例"":""3:1"",""工作地点"":""黑龙江省鹤岗市"",""落户地点"":""黑龙江省鹤岗市"",""备注"":""1.报名时请在专业栏中同时填写专业名称和专业代码；2.要求本科学历大学英语四级成绩425分及以上，请在外语水平栏中注明成绩；3.专业考试信息请参见国家金融监督管理总局2025年度招考公告。"",""部门网站"":""http://www.cbirc.gov.cn/"",""咨询电话1"":""0451-53635475"",""咨询电话2"":"""",""咨询电话3"":"""",""来源Sheet"":""中央国家行政机关省级以下直属机构""}}"
"government_jobs","国家公务员2025招考简章","公务员/事业单位技术岗位","黑龙江省鹤岗市绥滨县","2026-07-28T09:12:58.310295+00:00","统计信息部门一级主任科员及以下","国家金融监督管理总局黑龙江监管局","","黑龙江省鹤岗市绥滨县","公务员/事业单位;2025;computer_software;cybersecurity_cryptography;仅限本科;学士;计算机科学与技术、软件工程、网络工程信息安全、数字媒体技术、智能科学与技术、数据科学与大数据技术、新媒体技术;市（地）级及以下直属机构综合管理类","用人司局：国家金融监督管理总局绥滨监管支局
职位简介：主要从事金融信息科技风险监管、电子设备软硬件管理及信息系统运行维护等工作。
专业要求：计算机科学与技术、软件工程、网络工程信息安全、数字媒体技术、智能科学与技术、数据科学与大数据技术、新媒体技术
学历要求：仅限本科
学位要求：学士
政治面貌：不限
基层工作经历：无限制
考试类别：市（地）级及以下直属机构综合管理类
备注：1.报名时请在专业栏中同时填写专业名称和专业代码；2.专业考试信息请参见国家金融监督管理总局2025年度招考公告。","https://www.xjhc.gov.cn/xjhc/c116834/202410/a29382e11a674da3be3353af65f9fcc5.shtml#132108-300147165001","2024-10-14","{""dataset_year"":2025,""job_uid"":""GOV-2025-132108-300147165001"",""publisher"":""国家公务员局"",""publication_page"":""https://www.xjhc.gov.cn/xjhc/c116834/202410/a29382e11a674da3be3353af65f9fcc5.shtml"",""attachment_url"":""https://www.xjhc.gov.cn/xjhc/c116834/202410/a29382e11a674da3be3353af65f9fcc5/files/0536cef86e2b46ddad6aae5a3780089e.xls"",""local_source_file"":""2025_guokao_zhaokaojianzhang.xls"",""local_source_sha256"":""07ae6cab368cd21b7a1ac3e8150fe9a3d39ad5171ce76135ff3cccfe50c3e77e"",""source_sheet"":""中央国家行政机关省级以下直属机构"",""filter_version"":""government_tech_v2"",""tech_filter"":{""is_tech"":true,""is_core_tech"":true,""scope"":""core"",""categories"":[""computer_software"",""cybersecurity_cryptography""],""matched_fields"":[""major"",""description""],""major_terms"":[""信息安全"",""大数据"",""数字媒体技术"",""数据科学与大数据技术"",""智能科学与技术"",""网络工程"",""计算机科学与技术"",""软件工程""],""role_terms"":[""信息科技"",""信息系统"",""软硬件""],""reason"":""tech_major_and_role""},""original"":{""部门代码"":""132108"",""部门名称"":""国家金融监督管理总局黑龙江监管局"",""用人司局"":""国家金融监督管理总局绥滨监管支局"",""机构性质"":""中央国家行政机关省级以下直属机构"",""招考职位"":""统计信息部门一级主任科员及以下"",""职位属性"":""金融监管计算机类职位"",""职位分布"":""西部地区和艰苦边远地区职位"",""职位简介"":""主要从事金融信息科技风险监管、电子设备软硬件管理及信息系统运行维护等工作。"",""职位代码"":""300147165001"",""机构层级"":""县（区）级及以下"",""考试类别"":""市（地）级及以下直属机构综合管理类"",""招考人数"":""1"",""专业"":""计算机科学与技术、软件工程、网络工程信息安全、数字媒体技术、智能科学与技术、数据科学与大数据技术、新媒体技术"",""学历"":""仅限本科"",""学位"":""学士"",""政治面貌"":""不限"",""基层工作最低年限"":""无限制"",""服务基层项目工作经历"":""无限制"",""是否在面试阶段组织专业能力测试"":""否"",""面试人员比例"":""3:1"",""工作地点"":""黑龙江省鹤岗市绥滨县"",""落户地点"":""黑龙江省鹤岗市绥滨县"",""备注"":""1.报名时请在专业栏中同时填写专业名称和专业代码；2.专业考试信息请参见国家金融监督管理总局2025年度招考公告。"",""部门网站"":""http://www.cbirc.gov.cn/"",""咨询电话1"":""0451-53635475"",""咨询电话2"":"""",""咨询电话3"":"""",""来源Sheet"":""中央国家行政机关省级以下直属机构""}}"
"government_jobs","国家公务员2025招考简章","公务员/事业单位技术岗位","黑龙江省鹤岗市萝北县","2026-07-28T09:12:58.310295+00:00","统计信息部门一级主任科员及以下","国家金融监督管理总局黑龙江监管局","","黑龙江省鹤岗市萝北县","公务员/事业单位;2025;computer_software;cybersecurity_cryptography;仅限本科;学士;计算机科学与技术、软件工程、网络工程信息安全、数字媒体技术、智能科学与技术、数据科学与大数据技术、新媒体技术;市（地）级及以下直属机构综合管理类","用人司局：国家金融监督管理总局萝北监管支局
职位简介：主要从事金融信息科技风险监管、电子设备软硬件管理及信息系统运行维护等工作。
专业要求：计算机科学与技术、软件工程、网络工程信息安全、数字媒体技术、智能科学与技术、数据科学与大数据技术、新媒体技术
学历要求：仅限本科
学位要求：学士
政治面貌：不限
基层工作经历：无限制
考试类别：市（地）级及以下直属机构综合管理类
备注：1.报名时请在专业栏中同时填写专业名称和专业代码；2.专业考试信息请参见国家金融监督管理总局2025年度招考公告。","https://www.xjhc.gov.cn/xjhc/c116834/202410/a29382e11a674da3be3353af65f9fcc5.shtml#132108-300147166001","2024-10-14","{""dataset_year"":2025,""job_uid"":""GOV-2025-132108-300147166001"",""publisher"":""国家公务员局"",""publication_page"":""https://www.xjhc.gov.cn/xjhc/c116834/202410/a29382e11a674da3be3353af65f9fcc5.shtml"",""attachment_url"":""https://www.xjhc.gov.cn/xjhc/c116834/202410/a29382e11a674da3be3353af65f9fcc5/files/0536cef86e2b46ddad6aae5a3780089e.xls"",""local_source_file"":""2025_guokao_zhaokaojianzhang.xls"",""local_source_sha256"":""07ae6cab368cd21b7a1ac3e8150fe9a3d39ad5171ce76135ff3cccfe50c3e77e"",""source_sheet"":""中央国家行政机关省级以下直属机构"",""filter_version"":""government_tech_v2"",""tech_filter"":{""is_tech"":true,""is_core_tech"":true,""scope"":""core"",""categories"":[""computer_software"",""cybersecurity_cryptography""],""matched_fields"":[""major"",""description""],""major_terms"":[""信息安全"",""大数据"",""数字媒体技术"",""数据科学与大数据技术"",""智能科学与技术"",""网络工程"",""计算机科学与技术"",""软件工程""],""role_terms"":[""信息科技"",""信息系统"",""软硬件""],""reason"":""tech_major_and_role""},""original"":{""部门代码"":""132108"",""部门名称"":""国家金融监督管理总局黑龙江监管局"",""用人司局"":""国家金融监督管理总局萝北监管支局"",""机构性质"":""中央国家行政机关省级以下直属机构"",""招考职位"":""统计信息部门一级主任科员及以下"",""职位属性"":""金融监管计算机类职位"",""职位分布"":""西部地区和艰苦边远地区职位"",""职位简介"":""主要从事金融信息科技风险监管、电子设备软硬件管理及信息系统运行维护等工作。"",""职位代码"":""300147166001"",""机构层级"":""县（区）级及以下"",""考试类别"":""市（地）级及以下直属机构综合管理类"",""招考人数"":""1"",""专业"":""计算机科学与技术、软件工程、网络工程信息安全、数字媒体技术、智能科学与技术、数据科学与大数据技术、新媒体技术"",""学历"":""仅限本科"",""学位"":""学士"",""政治面貌"":""不限"",""基层工作最低年限"":""无限制"",""服务基层项目工作经历"":""无限制"",""是否在面试阶段组织专业能力测试"":""否"",""面试人员比例"":""3:1"",""工作地点"":""黑龙江省鹤岗市萝北县"",""落户地点"":""黑龙江省鹤岗市萝北县"",""备注"":""1.报名时请在专业栏中同时填写专业名称和专业代码；2.专业考试信息请参见国家金融监督管理总局2025年度招考公告。"",""部门网站"":""http://www.cbirc.gov.cn/"",""咨询电话1"":""0451-53635475"",""咨询电话2"":"""",""咨询电话3"":"""",""来源Sheet"":""中央国家行政机关省级以下直属机构""}}"
"government_jobs","国家公务员2025招考简章","公务员/事业单位技术岗位","黑龙江省大兴安岭地区","2026-07-28T09:12:58.310295+00:00","统计信息部门一级主任科员及以下","国家金融监督管理总局黑龙江监管局","","黑龙江省大兴安岭地区","公务员/事业单位;2025;computer_software;cybersecurity_cryptography;仅限本科;学士;计算机科学与技术、软件工程、网络工程信息安全、数字媒体技术、智能科学与技术、数据科学与大数据技术、新媒体技术;市（地）级及以下直属机构综合管理类","用人司局：国家金融监督管理总局大兴安岭监管分局
职位简介：主要从事金融信息科技风险监管、电子设备软硬件管理及信息系统运行维护等工作。
专业要求：计算机科学与技术、软件工程、网络工程信息安全、数字媒体技术、智能科学与技术、数据科学与大数据技术、新媒体技术
学历要求：仅限本科
学位要求：学士
政治面貌：不限
基层工作经历：无限制
考试类别：市（地）级及以下直属机构综合管理类
备注：1.报名时请在专业栏中同时填写专业名称和专业代码；2.限黑龙江省大兴安岭地区户籍或生源或在当地生活工作的人员报考。3.要求本科学历大学英语四级成绩425分及以上，请在外语水平栏中注明成绩；4.专业考试信息请参见国家金融监督管理总局2025年度招考公告。","https://www.xjhc.gov.cn/xjhc/c116834/202410/a29382e11a674da3be3353af65f9fcc5.shtml#132108-300147169001","2024-10-14","{""dataset_year"":2025,""job_uid"":""GOV-2025-132108-300147169001"",""publisher"":""国家公务员局"",""publication_page"":""https://www.xjhc.gov.cn/xjhc/c116834/202410/a29382e11a674da3be3353af65f9fcc5.shtml"",""attachment_url"":""https://www.xjhc.gov.cn/xjhc/c116834/202410/a29382e11a674da3be3353af65f9fcc5/files/0536cef86e2b46ddad6aae5a3780089e.xls"",""local_source_file"":""2025_guokao_zhaokaojianzhang.xls"",""local_source_sha256"":""07ae6cab368cd21b7a1ac3e8150fe9a3d39ad5171ce76135ff3cccfe50c3e77e"",""source_sheet"":""中央国家行政机关省级以下直属机构"",""filter_version"":""government_tech_v2"",""tech_filter"":{""is_tech"":true,""is_core_tech"":true,""scope"":""core"",""categories"":[""computer_software"",""cybersecurity_cryptography""],""matched_fields"":[""major"",""description""],""major_terms"":[""信息安全"",""大数据"",""数字媒体技术"",""数据科学与大数据技术"",""智能科学与技术"",""网络工程"",""计算机科学与技术"",""软件工程""],""role_terms"":[""信息科技"",""信息系统"",""软硬件""],""reason"":""tech_major_and_role""},""original"":{""部门代码"":""132108"",""部门名称"":""国家金融监督管理总局黑龙江监管局"",""用人司局"":""国家金融监督管理总局大兴安岭监管分局"",""机构性质"":""中央国家行政机关省级以下直属机构"",""招考职位"":""统计信息部门一级主任科员及以下"",""职位属性"":""金融监管计算机类职位"",""职位分布"":""其他职位"",""职位简介"":""主要从事金融信息科技风险监管、电子设备软硬件管理及信息系统运行维护等工作。"",""职位代码"":""300147169001"",""机构层级"":""市（地）级"",""考试类别"":""市（地）级及以下直属机构综合管理类"",""招考人数"":""1"",""专业"":""计算机科学与技术、软件工程、网络工程信息安全、数字媒体技术、智能科学与技术、数据科学与大数据技术、新媒体技术"",""学历"":""仅限本科"",""学位"":""学士"",""政治面貌"":""不限"",""基层工作最低年限"":""无限制"",""服务基层项目工作经历"":""无限制"",""是否在面试阶段组织专业能力测试"":""否"",""面试人员比例"":""3:1"",""工作地点"":""黑龙江省大兴安岭地区"",""落户地点"":""黑龙江省大兴安岭地区"",""备注"":""1.报名时请在专业栏中同时填写专业名称和专业代码；2.限黑龙江省大兴安岭地区户籍或生源或在当地生活工作的人员报考。3.要求本科学历大学英语四级成绩425分及以上，请在外语水平栏中注明成绩；4.专业考试信息请参见国家金融监督管理总局2025年度招考公告。"",""部门网站"":""http://www.cbirc.gov.cn/"",""咨询电话1"":""0451-53635475"",""咨询电话2"":"""",""咨询电话3"":"""",""来源Sheet"":""中央国家行政机关省级以下直属机构""}}"
"government_jobs","国家公务员2025招考简章","公务员/事业单位技术岗位","江苏省南京市","2026-07-28T09:12:58.310295+00:00","监管部门一级主任科员及以下","国家金融监督管理总局江苏监管局","","江苏省南京市","公务员/事业单位;2025;computer_software;cybersecurity_cryptography;仅限硕士研究生;硕士;计算机科学与技术（含专业学位）、软件工程、网络空间安全;中央机关及其省级直属机构综合管理类","用人司局：国家金融监督管理总局江苏监管局
职位简介：主要从事金融信息科技风险监管、电子设备软硬件管理及信息系统运行维护等工作
专业要求：计算机科学与技术（含专业学位）、软件工程、网络空间安全
学历要求：仅限硕士研究生
学位要求：硕士
政治面貌：中共党员或共青团员
基层工作经历：二年
考试类别：中央机关及其省级直属机构综合管理类
备注：1.报名时请在专业栏中同时填写专业名称和专业代码；2.要求研究生学历大学英语六级成绩425分及以上，请在外语水平栏中注明成绩；3.专业考试信息请参见国家金融监督管理总局2025年度招考公告。","https://www.xjhc.gov.cn/xjhc/c116834/202410/a29382e11a674da3be3353af65f9fcc5.shtml#132110-300147171001","2024-10-14","{""dataset_year"":2025,""job_uid"":""GOV-2025-132110-300147171001"",""publisher"":""国家公务员局"",""publication_page"":""https://www.xjhc.gov.cn/xjhc/c116834/202410/a29382e11a674da3be3353af65f9fcc5.shtml"",""attachment_url"":""https://www.xjhc.gov.cn/xjhc/c116834/202410/a29382e11a674da3be3353af65f9fcc5/files/0536cef86e2b46ddad6aae5a3780089e.xls"",""local_source_file"":""2025_guokao_zhaokaojianzhang.xls"",""local_source_sha256"":""07ae6cab368cd21b7a1ac3e8150fe9a3d39ad5171ce76135ff3cccfe50c3e77e"",""source_sheet"":""中央国家行政机关省级以下直属机构"",""filter_version"":""government_tech_v2"",""tech_filter"":{""is_tech"":true,""is_core_tech"":true,""scope"":""core"",""categories"":[""computer_software"",""cybersecurity_cryptography""],""matched_fields"":[""major"",""description""],""major_terms"":[""网络空间安全"",""计算机科学与技术"",""软件工程""],""role_terms"":[""信息科技"",""信息系统"",""软硬件""],""reason"":""tech_major_and_role""},""original"":{""部门代码"":""132110"",""部门名称"":""国家金融监督管理总局江苏监管局"",""用人司局"":""国家金融监督管理总局江苏监管局"",""机构性质"":""中央国家行政机关省级以下直属机构"",""招考职位"":""监管部门一级主任科员及以下"",""职位属性"":""金融监管计算机类职位"",""职位分布"":""其他职位"",""职位简介"":""主要从事金融信息科技风险监管、电子设备软硬件管理及信息系统运行维护等工作"",""职位代码"":""300147171001"",""机构层级"":""省（副省）级"",""考试类别"":""中央机关及其省级直属机构综合管理类"",""招考人数"":""1"",""专业"":""计算机科学与技术（含专业学位）、软件工程、网络空间安全"",""学历"":""仅限硕士研究生"",""学位"":""硕士"",""政治面貌"":""中共党员或共青团员"",""基层工作最低年限"":""二年"",""服务基层项目工作经历"":""无限制"",""是否在面试阶段组织专业能力测试"":""否"",""面试人员比例"":""4:1"",""工作地点"":""江苏省南京市"",""落户地点"":""江苏省南京市"",""备注"":""1.报名时请在专业栏中同时填写专业名称和专业代码；2.要求研究生学历大学英语六级成绩425分及以上，请在外语水平栏中注明成绩；3.专业考试信息请参见国家金融监督管理总局2025年度招考公告。"",""部门网站"":""http://www.cbirc.gov.cn/"",""咨询电话1"":""025-84090913"",""咨询电话2"":""025-84090915"",""咨询电话3"":"""",""来源Sheet"":""中央国家行政机关省级以下直属机构""}}"
"government_jobs","国家公务员2025招考简章","公务员/事业单位技术岗位","江苏省无锡市江阴市","2026-07-28T09:12:58.310295+00:00","统计信息部门一级主任科员及以下","国家金融监督管理总局江苏监管局","","江苏省无锡市江阴市","公务员/事业单位;2025;computer_software;本科或硕士研究生;与最高学历相对应的学位;本科：计算机科学与技术；研究生：计算机科学与技术;市（地）级及以下直属机构综合管理类","用人司局：国家金融监督管理总局江阴监管支局
职位简介：主要从事金融信息科技风险监管、电子设备软硬件管理及信息系统运行维护等工作
专业要求：本科：计算机科学与技术；研究生：计算机科学与技术
学历要求：本科或硕士研究生
学位要求：与最高学历相对应的学位
政治面貌：不限
基层工作经历：无限制
考试类别：市（地）级及以下直属机构综合管理类
备注：1.报名时请在专业栏中同时填写专业名称和专业代码；2.限应届高校毕业生报考，请在备注栏中注明本人具有应届高校毕业生身份；3.要求本科学历大学英语四级成绩425分及以上，要求研究生学历大学英语六级成绩425分及以上，请在外语水平栏中注明成绩；4.专业考试信息请参见国家金融监督管理总局2025年度招考公告。","https://www.xjhc.gov.cn/xjhc/c116834/202410/a29382e11a674da3be3353af65f9fcc5.shtml#132110-300147172001","2024-10-14","{""dataset_year"":2025,""job_uid"":""GOV-2025-132110-300147172001"",""publisher"":""国家公务员局"",""publication_page"":""https://www.xjhc.gov.cn/xjhc/c116834/202410/a29382e11a674da3be3353af65f9fcc5.shtml"",""attachment_url"":""https://www.xjhc.gov.cn/xjhc/c116834/202410/a29382e11a674da3be3353af65f9fcc5/files/0536cef86e2b46ddad6aae5a3780089e.xls"",""local_source_file"":""2025_guokao_zhaokaojianzhang.xls"",""local_source_sha256"":""07ae6cab368cd21b7a1ac3e8150fe9a3d39ad5171ce76135ff3cccfe50c3e77e"",""source_sheet"":""中央国家行政机关省级以下直属机构"",""filter_version"":""government_tech_v2"",""tech_filter"":{""is_tech"":true,""is_core_tech"":true,""scope"":""core"",""categories"":[""computer_software""],""matched_fields"":[""major"",""description""],""major_terms"":[""计算机科学与技术""],""role_terms"":[""信息科技"",""信息系统"",""软硬件""],""reason"":""tech_major_and_role""},""original"":{""部门代码"":""132110"",""部门名称"":""国家金融监督管理总局江苏监管局"",""用人司局"":""国家金融监督管理总局江阴监管支局"",""机构性质"":""中央国家行政机关省级以下直属机构"",""招考职位"":""统计信息部门一级主任科员及以下"",""职位属性"":""金融监管计算机类职位"",""职位分布"":""其他职位"",""职位简介"":""主要从事金融信息科技风险监管、电子设备软硬件管理及信息系统运行维护等工作"",""职位代码"":""300147172001"",""机构层级"":""县（区）级及以下"",""考试类别"":""市（地）级及以下直属机构综合管理类"",""招考人数"":""1"",""专业"":""本科：计算机科学与技术；研究生：计算机科学与技术"",""学历"":""本科或硕士研究生"",""学位"":""与最高学历相对应的学位"",""政治面貌"":""不限"",""基层工作最低年限"":""无限制"",""服务基层项目工作经历"":""无限制"",""是否在面试阶段组织专业能力测试"":""否"",""面试人员比例"":""3:1"",""工作地点"":""江苏省无锡市江阴市"",""落户地点"":""江苏省无锡市"",""备注"":""1.报名时请在专业栏中同时填写专业名称和专业代码；2.限应届高校毕业生报考，请在备注栏中注明本人具有应届高校毕业生身份；3.要求本科学历大学英语四级成绩425分及以上，要求研究生学历大学英语六级成绩425分及以上，请在外语水平栏中注明成绩；4.专业考试信息请参见国家金融监督管理总局2025年度招考公告。"",""部门网站"":""http://www.cbirc.gov.cn/"",""咨询电话1"":""025-84090913"",""咨询电话2"":""025-84090915"",""咨询电话3"":"""",""来源Sheet"":""中央国家行政机关省级以下直属机构""}}"
"government_jobs","国家公务员2025招考简章","公务员/事业单位技术岗位","江苏省徐州市新沂市","2026-07-28T09:12:58.310295+00:00","监管部门一级主任科员及以下","国家金融监督管理总局江苏监管局","","江苏省徐州市新沂市","公务员/事业单位;2025;computer_software;cybersecurity_cryptography;仅限本科;学士;计算机科学与技术、网络工程、信息安全、数据科学与大数据技术;市（地）级及以下直属机构综合管理类","用人司局：国家金融监督管理总局新沂监管支局
职位简介：主要从事金融信息科技风险监管、电子设备软硬件管理及信息系统运行维护等工作
专业要求：计算机科学与技术、网络工程、信息安全、数据科学与大数据技术
学历要求：仅限本科
学位要求：学士
政治面貌：不限
基层工作经历：无限制
考试类别：市（地）级及以下直属机构综合管理类
备注：1.报名时请在专业栏中同时填写专业名称和专业代码；2.限应届高校毕业生报考，请在备注栏中注明本人具有应届高校毕业生身份；3.要求本科学历大学英语四级成绩425分及以上，请在外语水平栏中注明成绩；4.专业考试信息请参见国家金融监督管理总局2025年度招考公告。","https://www.xjhc.gov.cn/xjhc/c116834/202410/a29382e11a674da3be3353af65f9fcc5.shtml#132110-300147174001","2024-10-14","{""dataset_year"":2025,""job_uid"":""GOV-2025-132110-300147174001"",""publisher"":""国家公务员局"",""publication_page"":""https://www.xjhc.gov.cn/xjhc/c116834/202410/a29382e11a674da3be3353af65f9fcc5.shtml"",""attachment_url"":""https://www.xjhc.gov.cn/xjhc/c116834/202410/a29382e11a674da3be3353af65f9fcc5/files/0536cef86e2b46ddad6aae5a3780089e.xls"",""local_source_file"":""2025_guokao_zhaokaojianzhang.xls"",""local_source_sha256"":""07ae6cab368cd21b7a1ac3e8150fe9a3d39ad5171ce76135ff3cccfe50c3e77e"",""source_sheet"":""中央国家行政机关省级以下直属机构"",""filter_version"":""government_tech_v2"",""tech_filter"":{""is_tech"":true,""is_core_tech"":true,""scope"":""core"",""categories"":[""computer_software"",""cybersecurity_cryptography""],""matched_fields"":[""major"",""description""],""major_terms"":[""信息安全"",""大数据"",""数据科学与大数据技术"",""网络工程"",""计算机科学与技术""],""role_terms"":[""信息科技"",""信息系统"",""软硬件""],""reason"":""tech_major_and_role""},""original"":{""部门代码"":""132110"",""部门名称"":""国家金融监督管理总局江苏监管局"",""用人司局"":""国家金融监督管理总局新沂监管支局"",""机构性质"":""中央国家行政机关省级以下直属机构"",""招考职位"":""监管部门一级主任科员及以下"",""职位属性"":""金融监管计算机类职位"",""职位分布"":""其他职位"",""职位简介"":""主要从事金融信息科技风险监管、电子设备软硬件管理及信息系统运行维护等工作"",""职位代码"":""300147174001"",""机构层级"":""县（区）级及以下"",""考试类别"":""市（地）级及以下直属机构综合管理类"",""招考人数"":""1"",""专业"":""计算机科学与技术、网络工程、信息安全、数据科学与大数据技术"",""学历"":""仅限本科"",""学位"":""学士"",""政治面貌"":""不限"",""基层工作最低年限"":""无限制"",""服务基层项目工作经历"":""无限制"",""是否在面试阶段组织专业能力测试"":""否"",""面试人员比例"":""3:1"",""工作地点"":""江苏省徐州市新沂市"",""落户地点"":""江苏省"",""备注"":""1.报名时请在专业栏中同时填写专业名称和专业代码；2.限应届高校毕业生报考，请在备注栏中注明本人具有应届高校毕业生身份；3.要求本科学历大学英语四级成绩425分及以上，请在外语水平栏中注明成绩；4.专业考试信息请参见国家金融监督管理总局2025年度招考公告。"",""部门网站"":""http://www.cbirc.gov.cn/"",""咨询电话1"":""025-84090913"",""咨询电话2"":""025-84090915"",""咨询电话3"":"""",""来源Sheet"":""中央国家行政机关省级以下直属机构""}}"
"government_jobs","国家公务员2025招考简章","公务员/事业单位技术岗位","江苏省常州市溧阳市","2026-07-28T09:12:58.310295+00:00","监管部门一级主任科员及以下","国家金融监督管理总局江苏监管局","","江苏省常州市溧阳市","公务员/事业单位;2025;computer_software;本科或硕士研究生;与最高学历相对应的学位;本科：计算机科学与技术；研究生：计算机科学与技术;市（地）级及以下直属机构综合管理类","用人司局：国家金融监督管理总局溧阳监管支局
职位简介：主要从事金融信息科技风险监管、电子设备软硬件管理及信息系统运行维护等工作
专业要求：本科：计算机科学与技术；研究生：计算机科学与技术
学历要求：本科或硕士研究生
学位要求：与最高学历相对应的学位
政治面貌：不限
基层工作经历：无限制
考试类别：市（地）级及以下直属机构综合管理类
备注：1.报名时请在专业栏中同时填写专业名称和专业代码；2.限应届高校毕业生报考，请在备注栏中注明本人具有应届高校毕业生身份；3.要求本科学历大学英语四级成绩425分及以上，要求研究生学历大学英语六级成绩425分及以上，请在外语水平栏中注明成绩；4.专业考试信息请参见国家金融监督管理总局2025年度招考公告。","https://www.xjhc.gov.cn/xjhc/c116834/202410/a29382e11a674da3be3353af65f9fcc5.shtml#132110-300147176001","2024-10-14","{""dataset_year"":2025,""job_uid"":""GOV-2025-132110-300147176001"",""publisher"":""国家公务员局"",""publication_page"":""https://www.xjhc.gov.cn/xjhc/c116834/202410/a29382e11a674da3be3353af65f9fcc5.shtml"",""attachment_url"":""https://www.xjhc.gov.cn/xjhc/c116834/202410/a29382e11a674da3be3353af65f9fcc5/files/0536cef86e2b46ddad6aae5a3780089e.xls"",""local_source_file"":""2025_guokao_zhaokaojianzhang.xls"",""local_source_sha256"":""07ae6cab368cd21b7a1ac3e8150fe9a3d39ad5171ce76135ff3cccfe50c3e77e"",""source_sheet"":""中央国家行政机关省级以下直属机构"",""filter_version"":""government_tech_v2"",""tech_filter"":{""is_tech"":true,""is_core_tech"":true,""scope"":""core"",""categories"":[""computer_software""],""matched_fields"":[""major"",""description""],""major_terms"":[""计算机科学与技术""],""role_terms"":[""信息科技"",""信息系统"",""软硬件""],""reason"":""tech_major_and_role""},""original"":{""部门代码"":""132110"",""部门名称"":""国家金融监督管理总局江苏监管局"",""用人司局"":""国家金融监督管理总局溧阳监管支局"",""机构性质"":""中央国家行政机关省级以下直属机构"",""招考职位"":""监管部门一级主任科员及以下"",""职位属性"":""金融监管计算机类职位"",""职位分布"":""其他职位"",""职位简介"":""主要从事金融信息科技风险监管、电子设备软硬件管理及信息系统运行维护等工作"",""职位代码"":""300147176001"",""机构层级"":""县（区）级及以下"",""考试类别"":""市（地）级及以下直属机构综合管理类"",""招考人数"":""1"",""专业"":""本科：计算机科学与技术；研究生：计算机科学与技术"",""学历"":""本科或硕士研究生"",""学位"":""与最高学历相对应的学位"",""政治面貌"":""不限"",""基层工作最低年限"":""无限制"",""服务基层项目工作经历"":""无限制"",""是否在面试阶段组织专业能力测试"":""否"",""面试人员比例"":""3:1"",""工作地点"":""江苏省常州市溧阳市"",""落户地点"":""江苏省常州市溧阳市"",""备注"":""1.报名时请在专业栏中同时填写专业名称和专业代码；2.限应届高校毕业生报考，请在备注栏中注明本人具有应届高校毕业生身份；3.要求本科学历大学英语四级成绩425分及以上，要求研究生学历大学英语六级成绩425分及以上，请在外语水平栏中注明成绩；4.专业考试信息请参见国家金融监督管理总局2025年度招考公告。"",""部门网站"":""http://www.cbirc.gov.cn/"",""咨询电话1"":""025-84090913"",""咨询电话2"":""025-84090915"",""咨询电话3"":"""",""来源Sheet"":""中央国家行政机关省级以下直属机构""}}"
"government_jobs","国家公务员2025招考简章","公务员/事业单位技术岗位","江苏省南通市海安市","2026-07-28T09:12:58.310295+00:00","监管部门一级主任科员及以下","国家金融监督管理总局江苏监管局","","江苏省南通市海安市","公务员/事业单位;2025;computer_software;本科或硕士研究生;与最高学历相对应的学位;本科：计算机科学与技术、软件工程、网络工程；研究生：计算机科学与技术、软件工程;市（地）级及以下直属机构综合管理类","用人司局：国家金融监督管理总局海安监管支局
职位简介：主要从事金融信息科技风险监管、电子设备软硬件管理及信息系统运行维护等工作
专业要求：本科：计算机科学与技术、软件工程、网络工程；研究生：计算机科学与技术、软件工程
学历要求：本科或硕士研究生
学位要求：与最高学历相对应的学位
政治面貌：不限
基层工作经历：无限制
考试类别：市（地）级及以下直属机构综合管理类
备注：1.报名时请在专业栏中同时填写专业名称和专业代码；2.限2025届高校毕业生报考；3.要求本科学历大学英语四级成绩425分及以上，要求研究生学历大学英语六级成绩425分及以上，请在外语水平栏中注明成绩；4.专业考试信息请参见国家金融监督管理总局2025年度招考公告。","https://www.xjhc.gov.cn/xjhc/c116834/202410/a29382e11a674da3be3353af65f9fcc5.shtml#132110-300147178001","2024-10-14","{""dataset_year"":2025,""job_uid"":""GOV-2025-132110-300147178001"",""publisher"":""国家公务员局"",""publication_page"":""https://www.xjhc.gov.cn/xjhc/c116834/202410/a29382e11a674da3be3353af65f9fcc5.shtml"",""attachment_url"":""https://www.xjhc.gov.cn/xjhc/c116834/202410/a29382e11a674da3be3353af65f9fcc5/files/0536cef86e2b46ddad6aae5a3780089e.xls"",""local_source_file"":""2025_guokao_zhaokaojianzhang.xls"",""local_source_sha256"":""07ae6cab368cd21b7a1ac3e8150fe9a3d39ad5171ce76135ff3cccfe50c3e77e"",""source_sheet"":""中央国家行政机关省级以下直属机构"",""filter_version"":""government_tech_v2"",""tech_filter"":{""is_tech"":true,""is_core_tech"":true,""scope"":""core"",""categories"":[""computer_software""],""matched_fields"":[""major"",""description""],""major_terms"":[""网络工程"",""计算机科学与技术"",""软件工程""],""role_terms"":[""信息科技"",""信息系统"",""软硬件""],""reason"":""tech_major_and_role""},""original"":{""部门代码"":""132110"",""部门名称"":""国家金融监督管理总局江苏监管局"",""用人司局"":""国家金融监督管理总局海安监管支局"",""机构性质"":""中央国家行政机关省级以下直属机构"",""招考职位"":""监管部门一级主任科员及以下"",""职位属性"":""金融监管计算机类职位"",""职位分布"":""其他职位"",""职位简介"":""主要从事金融信息科技风险监管、电子设备软硬件管理及信息系统运行维护等工作"",""职位代码"":""300147178001"",""机构层级"":""县（区）级及以下"",""考试类别"":""市（地）级及以下直属机构综合管理类"",""招考人数"":""1"",""专业"":""本科：计算机科学与技术、软件工程、网络工程；研究生：计算机科学与技术、软件工程"",""学历"":""本科或硕士研究生"",""学位"":""与最高学历相对应的学位"",""政治面貌"":""不限"",""基层工作最低年限"":""无限制"",""服务基层项目工作经历"":""无限制"",""是否在面试阶段组织专业能力测试"":""否"",""面试人员比例"":""3:1"",""工作地点"":""江苏省南通市海安市"",""落户地点"":""江苏省南通市海安市"",""备注"":""1.报名时请在专业栏中同时填写专业名称和专业代码；2.限2025届高校毕业生报考；3.要求本科学历大学英语四级成绩425分及以上，要求研究生学历大学英语六级成绩425分及以上，请在外语水平栏中注明成绩；4.专业考试信息请参见国家金融监督管理总局2025年度招考公告。"",""部门网站"":""http://www.cbirc.gov.cn/"",""咨询电话1"":""025-84090913"",""咨询电话2"":""025-84090915"",""咨询电话3"":"""",""来源Sheet"":""中央国家行政机关省级以下直属机构""}}"
"government_jobs","国家公务员2025招考简章","公务员/事业单位技术岗位","江苏省南通市通州区","2026-07-28T09:12:58.310295+00:00","监管部门一级主任科员及以下","国家金融监督管理总局江苏监管局","","江苏省南通市通州区","公务员/事业单位;2025;computer_software;本科或硕士研究生;与最高学历相对应的学位;本科：计算机科学与技术、软件工程、网络工程；研究生：计算机科学与技术、软件工程;市（地）级及以下直属机构综合管理类","用人司局：国家金融监督管理总局通州监管支局
职位简介：主要从事金融信息科技风险监管、电子设备软硬件管理及信息系统运行维护等工作
专业要求：本科：计算机科学与技术、软件工程、网络工程；研究生：计算机科学与技术、软件工程
学历要求：本科或硕士研究生
学位要求：与最高学历相对应的学位
政治面貌：不限
基层工作经历：无限制
考试类别：市（地）级及以下直属机构综合管理类
备注：1.报名时请在专业栏中同时填写专业名称和专业代码；2.限2025届高校毕业生报考；3.要求本科学历大学英语四级成绩425分及以上，要求研究生学历大学英语六级成绩425分及以上，请在外语水平栏中注明成绩；4.专业考试信息请参见国家金融监督管理总局2025年度招考公告。","https://www.xjhc.gov.cn/xjhc/c116834/202410/a29382e11a674da3be3353af65f9fcc5.shtml#132110-300147180001","2024-10-14","{""dataset_year"":2025,""job_uid"":""GOV-2025-132110-300147180001"",""publisher"":""国家公务员局"",""publication_page"":""https://www.xjhc.gov.cn/xjhc/c116834/202410/a29382e11a674da3be3353af65f9fcc5.shtml"",""attachment_url"":""https://www.xjhc.gov.cn/xjhc/c116834/202410/a29382e11a674da3be3353af65f9fcc5/files/0536cef86e2b46ddad6aae5a3780089e.xls"",""local_source_file"":""2025_guokao_zhaokaojianzhang.xls"",""local_source_sha256"":""07ae6cab368cd21b7a1ac3e8150fe9a3d39ad5171ce76135ff3cccfe50c3e77e"",""source_sheet"":""中央国家行政机关省级以下直属机构"",""filter_version"":""government_tech_v2"",""tech_filter"":{""is_tech"":true,""is_core_tech"":true,""scope"":""core"",""categories"":[""computer_software""],""matched_fields"":[""major"",""description""],""major_terms"":[""网络工程"",""计算机科学与技术"",""软件工程""],""role_terms"":[""信息科技"",""信息系统"",""软硬件""],""reason"":""tech_major_and_role""},""original"":{""部门代码"":""132110"",""部门名称"":""国家金融监督管理总局江苏监管局"",""用人司局"":""国家金融监督管理总局通州监管支局"",""机构性质"":""中央国家行政机关省级以下直属机构"",""招考职位"":""监管部门一级主任科员及以下"",""职位属性"":""金融监管计算机类职位"",""职位分布"":""其他职位"",""职位简介"":""主要从事金融信息科技风险监管、电子设备软硬件管理及信息系统运行维护等工作"",""职位代码"":""300147180001"",""机构层级"":""县（区）级及以下"",""考试类别"":""市（地）级及以下直属机构综合管理类"",""招考人数"":""1"",""专业"":""本科：计算机科学与技术、软件工程、网络工程；研究生：计算机科学与技术、软件工程"",""学历"":""本科或硕士研究生"",""学位"":""与最高学历相对应的学位"",""政治面貌"":""不限"",""基层工作最低年限"":""无限制"",""服务基层项目工作经历"":""无限制"",""是否在面试阶段组织专业能力测试"":""否"",""面试人员比例"":""3:1"",""工作地点"":""江苏省南通市通州区"",""落户地点"":""江苏省南通市通州区"",""备注"":""1.报名时请在专业栏中同时填写专业名称和专业代码；2.限2025届高校毕业生报考；3.要求本科学历大学英语四级成绩425分及以上，要求研究生学历大学英语六级成绩425分及以上，请在外语水平栏中注明成绩；4.专业考试信息请参见国家金融监督管理总局2025年度招考公告。"",""部门网站"":""http://www.cbirc.gov.cn/"",""咨询电话1"":""025-84090913"",""咨询电话2"":""025-84090915"",""咨询电话3"":"""",""来源Sheet"":""中央国家行政机关省级以下直属机构""}}"
"government_jobs","国家公务员2025招考简章","公务员/事业单位技术岗位","江苏省淮安市","2026-07-28T09:12:58.310295+00:00","监管部门一级主任科员及以下","国家金融监督管理总局江苏监管局","","江苏省淮安市","公务员/事业单位;2025;computer_software;cybersecurity_cryptography;本科或硕士研究生;与最高学历相对应的学位;本科：计算机科学与技术、软件工程、网络工程、信息安全、数据科学与大数据技术；研究生：计算机科学与技术、软件工程;市（地）级及以下直属机构综合管理类","用人司局：国家金融监督管理总局淮安监管分局
职位简介：主要从事金融信息科技风险监管、电子设备软硬件管理及信息系统运行维护等工作
专业要求：本科：计算机科学与技术、软件工程、网络工程、信息安全、数据科学与大数据技术；研究生：计算机科学与技术、软件工程
学历要求：本科或硕士研究生
学位要求：与最高学历相对应的学位
政治面貌：不限
基层工作经历：无限制
考试类别：市（地）级及以下直属机构综合管理类
备注：1.报名时请在专业栏中同时填写专业名称和专业代码；2.限应届高校毕业生报考，请在备注栏中注明本人具有应届高校毕业生身份；3.要求本科学历大学英语四级成绩425分及以上，要求研究生学历大学英语六级成绩425分及以上，请在外语水平栏中注明成绩；4.专业考试信息请参见国家金融监督管理总局2025年度招考公告。","https://www.xjhc.gov.cn/xjhc/c116834/202410/a29382e11a674da3be3353af65f9fcc5.shtml#132110-300147183001","2024-10-14","{""dataset_year"":2025,""job_uid"":""GOV-2025-132110-300147183001"",""publisher"":""国家公务员局"",""publication_page"":""https://www.xjhc.gov.cn/xjhc/c116834/202410/a29382e11a674da3be3353af65f9fcc5.shtml"",""attachment_url"":""https://www.xjhc.gov.cn/xjhc/c116834/202410/a29382e11a674da3be3353af65f9fcc5/files/0536cef86e2b46ddad6aae5a3780089e.xls"",""local_source_file"":""2025_guokao_zhaokaojianzhang.xls"",""local_source_sha256"":""07ae6cab368cd21b7a1ac3e8150fe9a3d39ad5171ce76135ff3cccfe50c3e77e"",""source_sheet"":""中央国家行政机关省级以下直属机构"",""filter_version"":""government_tech_v2"",""tech_filter"":{""is_tech"":true,""is_core_tech"":true,""scope"":""core"",""categories"":[""computer_software"",""cybersecurity_cryptography""],""matched_fields"":[""major"",""description""],""major_terms"":[""信息安全"",""大数据"",""数据科学与大数据技术"",""网络工程"",""计算机科学与技术"",""软件工程""],""role_terms"":[""信息科技"",""信息系统"",""软硬件""],""reason"":""tech_major_and_role""},""original"":{""部门代码"":""132110"",""部门名称"":""国家金融监督管理总局江苏监管局"",""用人司局"":""国家金融监督管理总局淮安监管分局"",""机构性质"":""中央国家行政机关省级以下直属机构"",""招考职位"":""监管部门一级主任科员及以下"",""职位属性"":""金融监管计算机类职位"",""职位分布"":""其他职位"",""职位简介"":""主要从事金融信息科技风险监管、电子设备软硬件管理及信息系统运行维护等工作"",""职位代码"":""300147183001"",""机构层级"":""市（地）级"",""考试类别"":""市（地）级及以下直属机构综合管理类"",""招考人数"":""1"",""专业"":""本科：计算机科学与技术、软件工程、网络工程、信息安全、数据科学与大数据技术；研究生：计算机科学与技术、软件工程"",""学历"":""本科或硕士研究生"",""学位"":""与最高学历相对应的学位"",""政治面貌"":""不限"",""基层工作最低年限"":""无限制"",""服务基层项目工作经历"":""无限制"",""是否在面试阶段组织专业能力测试"":""否"",""面试人员比例"":""3:1"",""工作地点"":""江苏省淮安市"",""落户地点"":""江苏省淮安市"",""备注"":""1.报名时请在专业栏中同时填写专业名称和专业代码；2.限应届高校毕业生报考，请在备注栏中注明本人具有应届高校毕业生身份；3.要求本科学历大学英语四级成绩425分及以上，要求研究生学历大学英语六级成绩425分及以上，请在外语水平栏中注明成绩；4.专业考试信息请参见国家金融监督管理总局2025年度招考公告。"",""部门网站"":""http://www.cbirc.gov.cn/"",""咨询电话1"":""025-84090913"",""咨询电话2"":""025-84090915"",""咨询电话3"":"""",""来源Sheet"":""中央国家行政机关省级以下直属机构""}}"
"government_jobs","国家公务员2025招考简章","公务员/事业单位技术岗位","江苏省盐城市","2026-07-28T09:12:58.310295+00:00","统计信息部门一级主任科员及以下","国家金融监督管理总局江苏监管局","","江苏省盐城市","公务员/事业单位;2025;computer_software;仅限硕士研究生;硕士;计算机科学与技术、软件工程;市（地）级及以下直属机构综合管理类","用人司局：国家金融监督管理总局盐城监管分局
职位简介：主要从事金融信息科技风险监管、电子设备软硬件管理及信息系统运行维护等工作
专业要求：计算机科学与技术、软件工程
学历要求：仅限硕士研究生
学位要求：硕士
政治面貌：中共党员或共青团员
基层工作经历：无限制
考试类别：市（地）级及以下直属机构综合管理类
备注：1.报名时请在专业栏中同时填写专业名称和专业代码；2.限应届高校毕业生报考，请在备注栏中注明本人具有应届高校毕业生身份；3.要求研究生学历大学英语六级成绩425分及以上，请在外语水平栏中注明成绩；4.专业考试信息请参见国家金融监督管理总局2025年度招考公告。","https://www.xjhc.gov.cn/xjhc/c116834/202410/a29382e11a674da3be3353af65f9fcc5.shtml#132110-300147184001","2024-10-14","{""dataset_year"":2025,""job_uid"":""GOV-2025-132110-300147184001"",""publisher"":""国家公务员局"",""publication_page"":""https://www.xjhc.gov.cn/xjhc/c116834/202410/a29382e11a674da3be3353af65f9fcc5.shtml"",""attachment_url"":""https://www.xjhc.gov.cn/xjhc/c116834/202410/a29382e11a674da3be3353af65f9fcc5/files/0536cef86e2b46ddad6aae5a3780089e.xls"",""local_source_file"":""2025_guokao_zhaokaojianzhang.xls"",""local_source_sha256"":""07ae6cab368cd21b7a1ac3e8150fe9a3d39ad5171ce76135ff3cccfe50c3e77e"",""source_sheet"":""中央国家行政机关省级以下直属机构"",""filter_version"":""government_tech_v2"",""tech_filter"":{""is_tech"":true,""is_core_tech"":true,""scope"":""core"",""categories"":[""computer_software""],""matched_fields"":[""major"",""description""],""major_terms"":[""计算机科学与技术"",""软件工程""],""role_terms"":[""信息科技"",""信息系统"",""软硬件""],""reason"":""tech_major_and_role""},""original"":{""部门代码"":""132110"",""部门名称"":""国家金融监督管理总局江苏监管局"",""用人司局"":""国家金融监督管理总局盐城监管分局"",""机构性质"":""中央国家行政机关省级以下直属机构"",""招考职位"":""统计信息部门一级主任科员及以下"",""职位属性"":""金融监管计算机类职位"",""职位分布"":""其他职位"",""职位简介"":""主要从事金融信息科技风险监管、电子设备软硬件管理及信息系统运行维护等工作"",""职位代码"":""300147184001"",""机构层级"":""市（地）级"",""考试类别"":""市（地）级及以下直属机构综合管理类"",""招考人数"":""1"",""专业"":""计算机科学与技术、软件工程"",""学历"":""仅限硕士研究生"",""学位"":""硕士"",""政治面貌"":""中共党员或共青团员"",""基层工作最低年限"":""无限制"",""服务基层项目工作经历"":""无限制"",""是否在面试阶段组织专业能力测试"":""否"",""面试人员比例"":""3:1"",""工作地点"":""江苏省盐城市"",""落户地点"":""江苏省盐城市"",""备注"":""1.报名时请在专业栏中同时填写专业名称和专业代码；2.限应届高校毕业生报考，请在备注栏中注明本人具有应届高校毕业生身份；3.要求研究生学历大学英语六级成绩425分及以上，请在外语水平栏中注明成绩；4.专业考试信息请参见国家金融监督管理总局2025年度招考公告。"",""部门网站"":""http://www.cbirc.gov.cn/"",""咨询电话1"":""025-84090913"",""咨询电话2"":""025-84090915"",""咨询电话3"":"""",""来源Sheet"":""中央国家行政机关省级以下直属机构""}}"
"government_jobs","国家公务员2025招考简章","公务员/事业单位技术岗位","江苏省盐城市","2026-07-28T09:12:58.310295+00:00","统计信息部门一级主任科员及以下","国家金融监督管理总局江苏监管局","","江苏省盐城市","公务员/事业单位;2025;computer_software;仅限硕士研究生;硕士;计算机科学与技术、软件工程;市（地）级及以下直属机构综合管理类","用人司局：国家金融监督管理总局盐城监管分局
职位简介：主要从事金融信息科技风险监管、电子设备软硬件管理及信息系统运行维护等工作
专业要求：计算机科学与技术、软件工程
学历要求：仅限硕士研究生
学位要求：硕士
政治面貌：中共党员或共青团员
基层工作经历：无限制
考试类别：市（地）级及以下直属机构综合管理类
备注：1.报名时请在专业栏中同时填写专业名称和专业代码；2.要求研究生学历大学英语六级成绩425分及以上，请在外语水平栏中注明成绩；3.专业考试信息请参见国家金融监督管理总局2025年度招考公告。","https://www.xjhc.gov.cn/xjhc/c116834/202410/a29382e11a674da3be3353af65f9fcc5.shtml#132110-300147184002","2024-10-14","{""dataset_year"":2025,""job_uid"":""GOV-2025-132110-300147184002"",""publisher"":""国家公务员局"",""publication_page"":""https://www.xjhc.gov.cn/xjhc/c116834/202410/a29382e11a674da3be3353af65f9fcc5.shtml"",""attachment_url"":""https://www.xjhc.gov.cn/xjhc/c116834/202410/a29382e11a674da3be3353af65f9fcc5/files/0536cef86e2b46ddad6aae5a3780089e.xls"",""local_source_file"":""2025_guokao_zhaokaojianzhang.xls"",""local_source_sha256"":""07ae6cab368cd21b7a1ac3e8150fe9a3d39ad5171ce76135ff3cccfe50c3e77e"",""source_sheet"":""中央国家行政机关省级以下直属机构"",""filter_version"":""government_tech_v2"",""tech_filter"":{""is_tech"":true,""is_core_tech"":true,""scope"":""core"",""categories"":[""computer_software""],""matched_fields"":[""major"",""description""],""major_terms"":[""计算机科学与技术"",""软件工程""],""role_terms"":[""信息科技"",""信息系统"",""软硬件""],""reason"":""tech_major_and_role""},""original"":{""部门代码"":""132110"",""部门名称"":""国家金融监督管理总局江苏监管局"",""用人司局"":""国家金融监督管理总局盐城监管分局"",""机构性质"":""中央国家行政机关省级以下直属机构"",""招考职位"":""统计信息部门一级主任科员及以下"",""职位属性"":""金融监管计算机类职位"",""职位分布"":""其他职位"",""职位简介"":""主要从事金融信息科技风险监管、电子设备软硬件管理及信息系统运行维护等工作"",""职位代码"":""300147184002"",""机构层级"":""市（地）级"",""考试类别"":""市（地）级及以下直属机构综合管理类"",""招考人数"":""1"",""专业"":""计算机科学与技术、软件工程"",""学历"":""仅限硕士研究生"",""学位"":""硕士"",""政治面貌"":""中共党员或共青团员"",""基层工作最低年限"":""无限制"",""服务基层项目工作经历"":""无限制"",""是否在面试阶段组织专业能力测试"":""否"",""面试人员比例"":""3:1"",""工作地点"":""江苏省盐城市"",""落户地点"":""江苏省盐城市"",""备注"":""1.报名时请在专业栏中同时填写专业名称和专业代码；2.要求研究生学历大学英语六级成绩425分及以上，请在外语水平栏中注明成绩；3.专业考试信息请参见国家金融监督管理总局2025年度招考公告。"",""部门网站"":""http://www.cbirc.gov.cn/"",""咨询电话1"":""025-84090913"",""咨询电话2"":""025-84090915"",""咨询电话3"":"""",""来源Sheet"":""中央国家行政机关省级以下直属机构""}}"
"government_jobs","国家公务员2025招考简章","公务员/事业单位技术岗位","江苏省泰州市","2026-07-28T09:12:58.310295+00:00","统计信息部门一级主任科员及以下","国家金融监督管理总局江苏监管局","","江苏省泰州市","公务员/事业单位;2025;computer_software;本科或硕士研究生;与最高学历相对应的学位;本科：计算机科学与技术；研究生：计算机科学与技术;市（地）级及以下直属机构综合管理类","用人司局：国家金融监督管理总局泰州监管分局
职位简介：主要从事金融信息科技风险监管、电子设备软硬件管理及信息系统运行维护等工作
专业要求：本科：计算机科学与技术；研究生：计算机科学与技术
学历要求：本科或硕士研究生
学位要求：与最高学历相对应的学位
政治面貌：不限
基层工作经历：无限制
考试类别：市（地）级及以下直属机构综合管理类
备注：1.报名时请在专业栏中同时填写专业名称和专业代码；2.限应届高校毕业生报考，请在备注栏中注明本人具有应届高校毕业生身份；3.要求本科学历大学英语四级成绩425分及以上，要求研究生学历大学英语六级成绩425分及以上，请在外语水平栏中注明成绩；4.专业考试信息请参见国家金融监督管理总局2025年度招考公告。","https://www.xjhc.gov.cn/xjhc/c116834/202410/a29382e11a674da3be3353af65f9fcc5.shtml#132110-300147191001","2024-10-14","{""dataset_year"":2025,""job_uid"":""GOV-2025-132110-300147191001"",""publisher"":""国家公务员局"",""publication_page"":""https://www.xjhc.gov.cn/xjhc/c116834/202410/a29382e11a674da3be3353af65f9fcc5.shtml"",""attachment_url"":""https://www.xjhc.gov.cn/xjhc/c116834/202410/a29382e11a674da3be3353af65f9fcc5/files/0536cef86e2b46ddad6aae5a3780089e.xls"",""local_source_file"":""2025_guokao_zhaokaojianzhang.xls"",""local_source_sha256"":""07ae6cab368cd21b7a1ac3e8150fe9a3d39ad5171ce76135ff3cccfe50c3e77e"",""source_sheet"":""中央国家行政机关省级以下直属机构"",""filter_version"":""government_tech_v2"",""tech_filter"":{""is_tech"":true,""is_core_tech"":true,""scope"":""core"",""categories"":[""computer_software""],""matched_fields"":[""major"",""description""],""major_terms"":[""计算机科学与技术""],""role_terms"":[""信息科技"",""信息系统"",""软硬件""],""reason"":""tech_major_and_role""},""original"":{""部门代码"":""132110"",""部门名称"":""国家金融监督管理总局江苏监管局"",""用人司局"":""国家金融监督管理总局泰州监管分局"",""机构性质"":""中央国家行政机关省级以下直属机构"",""招考职位"":""统计信息部门一级主任科员及以下"",""职位属性"":""金融监管计算机类职位"",""职位分布"":""其他职位"",""职位简介"":""主要从事金融信息科技风险监管、电子设备软硬件管理及信息系统运行维护等工作"",""职位代码"":""300147191001"",""机构层级"":""市（地）级"",""考试类别"":""市（地）级及以下直属机构综合管理类"",""招考人数"":""1"",""专业"":""本科：计算机科学与技术；研究生：计算机科学与技术"",""学历"":""本科或硕士研究生"",""学位"":""与最高学历相对应的学位"",""政治面貌"":""不限"",""基层工作最低年限"":""无限制"",""服务基层项目工作经历"":""无限制"",""是否在面试阶段组织专业能力测试"":""否"",""面试人员比例"":""3:1"",""工作地点"":""江苏省泰州市"",""落户地点"":""江苏省"",""备注"":""1.报名时请在专业栏中同时填写专业名称和专业代码；2.限应届高校毕业生报考，请在备注栏中注明本人具有应届高校毕业生身份；3.要求本科学历大学英语四级成绩425分及以上，要求研究生学历大学英语六级成绩425分及以上，请在外语水平栏中注明成绩；4.专业考试信息请参见国家金融监督管理总局2025年度招考公告。"",""部门网站"":""http://www.cbirc.gov.cn/"",""咨询电话1"":""025-84090913"",""咨询电话2"":""025-84090915"",""咨询电话3"":"""",""来源Sheet"":""中央国家行政机关省级以下直属机构""}}"
"government_jobs","国家公务员2025招考简章","公务员/事业单位技术岗位","江苏省泰州市泰兴市","2026-07-28T09:12:58.310295+00:00","监管部门一级主任科员及以下","国家金融监督管理总局江苏监管局","","江苏省泰州市泰兴市","公务员/事业单位;2025;computer_software;本科或硕士研究生;与最高学历相对应的学位;本科：计算机科学与技术；研究生：计算机科学与技术;市（地）级及以下直属机构综合管理类","用人司局：国家金融监督管理总局泰兴监管支局
职位简介：主要从事金融信息科技风险监管、电子设备软硬件管理及信息系统运行维护等工作
专业要求：本科：计算机科学与技术；研究生：计算机科学与技术
学历要求：本科或硕士研究生
学位要求：与最高学历相对应的学位
政治面貌：不限
基层工作经历：无限制
考试类别：市（地）级及以下直属机构综合管理类
备注：1.报名时请在专业栏中同时填写专业名称和专业代码；2.限应届高校毕业生报考，请在备注栏中注明本人具有应届高校毕业生身份；3.要求本科学历大学英语四级成绩425分及以上，要求研究生学历大学英语六级成绩425分及以上，请在外语水平栏中注明成绩；4.专业考试信息请参见国家金融监督管理总局2025年度招考公告。","https://www.xjhc.gov.cn/xjhc/c116834/202410/a29382e11a674da3be3353af65f9fcc5.shtml#132110-300147192001","2024-10-14","{""dataset_year"":2025,""job_uid"":""GOV-2025-132110-300147192001"",""publisher"":""国家公务员局"",""publication_page"":""https://www.xjhc.gov.cn/xjhc/c116834/202410/a29382e11a674da3be3353af65f9fcc5.shtml"",""attachment_url"":""https://www.xjhc.gov.cn/xjhc/c116834/202410/a29382e11a674da3be3353af65f9fcc5/files/0536cef86e2b46ddad6aae5a3780089e.xls"",""local_source_file"":""2025_guokao_zhaokaojianzhang.xls"",""local_source_sha256"":""07ae6cab368cd21b7a1ac3e8150fe9a3d39ad5171ce76135ff3cccfe50c3e77e"",""source_sheet"":""中央国家行政机关省级以下直属机构"",""filter_version"":""government_tech_v2"",""tech_filter"":{""is_tech"":true,""is_core_tech"":true,""scope"":""core"",""categories"":[""computer_software""],""matched_fields"":[""major"",""description""],""major_terms"":[""计算机科学与技术""],""role_terms"":[""信息科技"",""信息系统"",""软硬件""],""reason"":""tech_major_and_role""},""original"":{""部门代码"":""132110"",""部门名称"":""国家金融监督管理总局江苏监管局"",""用人司局"":""国家金融监督管理总局泰兴监管支局"",""机构性质"":""中央国家行政机关省级以下直属机构"",""招考职位"":""监管部门一级主任科员及以下"",""职位属性"":""金融监管计算机类职位"",""职位分布"":""其他职位"",""职位简介"":""主要从事金融信息科技风险监管、电子设备软硬件管理及信息系统运行维护等工作"",""职位代码"":""300147192001"",""机构层级"":""县（区）级及以下"",""考试类别"":""市（地）级及以下直属机构综合管理类"",""招考人数"":""1"",""专业"":""本科：计算机科学与技术；研究生：计算机科学与技术"",""学历"":""本科或硕士研究生"",""学位"":""与最高学历相对应的学位"",""政治面貌"":""不限"",""基层工作最低年限"":""无限制"",""服务基层项目工作经历"":""无限制"",""是否在面试阶段组织专业能力测试"":""否"",""面试人员比例"":""3:1"",""工作地点"":""江苏省泰州市泰兴市"",""落户地点"":""江苏省"",""备注"":""1.报名时请在专业栏中同时填写专业名称和专业代码；2.限应届高校毕业生报考，请在备注栏中注明本人具有应届高校毕业生身份；3.要求本科学历大学英语四级成绩425分及以上，要求研究生学历大学英语六级成绩425分及以上，请在外语水平栏中注明成绩；4.专业考试信息请参见国家金融监督管理总局2025年度招考公告。"",""部门网站"":""http://www.cbirc.gov.cn/"",""咨询电话1"":""025-84090913"",""咨询电话2"":""025-84090915"",""咨询电话3"":"""",""来源Sheet"":""中央国家行政机关省级以下直属机构""}}"
"government_jobs","国家公务员2025招考简章","公务员/事业单位技术岗位","江苏省泰州市兴化市","2026-07-28T09:12:58.310295+00:00","统计信息部门一级主任科员及以下","国家金融监督管理总局江苏监管局","","江苏省泰州市兴化市","公务员/事业单位;2025;computer_software;本科或硕士研究生;与最高学历相对应的学位;本科：计算机科学与技术；研究生：计算机科学与技术;市（地）级及以下直属机构综合管理类","用人司局：国家金融监督管理总局兴化监管支局
职位简介：主要从事金融信息科技风险监管、电子设备软硬件管理及信息系统运行维护等工作
专业要求：本科：计算机科学与技术；研究生：计算机科学与技术
学历要求：本科或硕士研究生
学位要求：与最高学历相对应的学位
政治面貌：不限
基层工作经历：无限制
考试类别：市（地）级及以下直属机构综合管理类
备注：1.报名时请在专业栏中同时填写专业名称和专业代码；2.限应届高校毕业生报考，请在备注栏中注明本人具有应届高校毕业生身份；3.要求本科学历大学英语四级成绩425分及以上，要求研究生学历大学英语六级成绩425分及以上，请在外语水平栏中注明成绩；4.专业考试信息请参见国家金融监督管理总局2025年度招考公告。","https://www.xjhc.gov.cn/xjhc/c116834/202410/a29382e11a674da3be3353af65f9fcc5.shtml#132110-300147193001","2024-10-14","{""dataset_year"":2025,""job_uid"":""GOV-2025-132110-300147193001"",""publisher"":""国家公务员局"",""publication_page"":""https://www.xjhc.gov.cn/xjhc/c116834/202410/a29382e11a674da3be3353af65f9fcc5.shtml"",""attachment_url"":""https://www.xjhc.gov.cn/xjhc/c116834/202410/a29382e11a674da3be3353af65f9fcc5/files/0536cef86e2b46ddad6aae5a3780089e.xls"",""local_source_file"":""2025_guokao_zhaokaojianzhang.xls"",""local_source_sha256"":""07ae6cab368cd21b7a1ac3e8150fe9a3d39ad5171ce76135ff3cccfe50c3e77e"",""source_sheet"":""中央国家行政机关省级以下直属机构"",""filter_version"":""government_tech_v2"",""tech_filter"":{""is_tech"":true,""is_core_tech"":true,""scope"":""core"",""categories"":[""computer_software""],""matched_fields"":[""major"",""description""],""major_terms"":[""计算机科学与技术""],""role_terms"":[""信息科技"",""信息系统"",""软硬件""],""reason"":""tech_major_and_role""},""original"":{""部门代码"":""132110"",""部门名称"":""国家金融监督管理总局江苏监管局"",""用人司局"":""国家金融监督管理总局兴化监管支局"",""机构性质"":""中央国家行政机关省级以下直属机构"",""招考职位"":""统计信息部门一级主任科员及以下"",""职位属性"":""金融监管计算机类职位"",""职位分布"":""其他职位"",""职位简介"":""主要从事金融信息科技风险监管、电子设备软硬件管理及信息系统运行维护等工作"",""职位代码"":""300147193001"",""机构层级"":""县（区）级及以下"",""考试类别"":""市（地）级及以下直属机构综合管理类"",""招考人数"":""1"",""专业"":""本科：计算机科学与技术；研究生：计算机科学与技术"",""学历"":""本科或硕士研究生"",""学位"":""与最高学历相对应的学位"",""政治面貌"":""不限"",""基层工作最低年限"":""无限制"",""服务基层项目工作经历"":""无限制"",""是否在面试阶段组织专业能力测试"":""否"",""面试人员比例"":""3:1"",""工作地点"":""江苏省泰州市兴化市"",""落户地点"":""江苏省"",""备注"":""1.报名时请在专业栏中同时填写专业名称和专业代码；2.限应届高校毕业生报考，请在备注栏中注明本人具有应届高校毕业生身份；3.要求本科学历大学英语四级成绩425分及以上，要求研究生学历大学英语六级成绩425分及以上，请在外语水平栏中注明成绩；4.专业考试信息请参见国家金融监督管理总局2025年度招考公告。"",""部门网站"":""http://www.cbirc.gov.cn/"",""咨询电话1"":""025-84090913"",""咨询电话2"":""025-84090915"",""咨询电话3"":"""",""来源Sheet"":""中央国家行政机关省级以下直属机构""}}"
"government_jobs","国家公务员2025招考简章","公务员/事业单位技术岗位","浙江省温州市洞头区","2026-07-28T09:12:58.310295+00:00","统计信息部门一级主任科员及以下","国家金融监督管理总局浙江监管局","","浙江省温州市洞头区","公务员/事业单位;2025;computer_software;本科及以上;与最高学历相对应的学位;以本科专业报考：计算机科学与技术、软件工程、数据科学与大数据技术；以研究生专业报考：0812下：计算机科学与技术、计算机软件与理论、计算机系统结构、计算机应用技术、数据科学0835软件工程0854下：大数据技术与工程、计算机技术、软件工程;市（地）级及以下直属机构综合管理类","用人司局：国家金融监督管理总局洞头监管支局
职位简介：主要从事金融信息科技风险监管、电子设备软硬件管理及信息系统运行维护等工作
专业要求：以本科专业报考：计算机科学与技术、软件工程、数据科学与大数据技术；以研究生专业报考：0812下：计算机科学与技术、计算机软件与理论、计算机系统结构、计算机应用技术、数据科学0835软件工程0854下：大数据技术与工程、计算机技术、软件工程
学历要求：本科及以上
学位要求：与最高学历相对应的学位
政治面貌：不限
基层工作经历：无限制
考试类别：市（地）级及以下直属机构综合管理类
备注：1.报名时请在专业栏中同时填写专业名称和专业代码；2.限应届高校毕业生报考，请在备注栏中注明本人具有应届高校毕业生身份；3.要求本科学历大学英语四级成绩425分及以上，研究生学历大学英语六级成绩425分及以上，请在外语水平栏中注明成绩；4.专业考试信息请参见国家金融监督管理总局2025年度招考公告。","https://www.xjhc.gov.cn/xjhc/c116834/202410/a29382e11a674da3be3353af65f9fcc5.shtml#132111-300147199001","2024-10-14","{""dataset_year"":2025,""job_uid"":""GOV-2025-132111-300147199001"",""publisher"":""国家公务员局"",""publication_page"":""https://www.xjhc.gov.cn/xjhc/c116834/202410/a29382e11a674da3be3353af65f9fcc5.shtml"",""attachment_url"":""https://www.xjhc.gov.cn/xjhc/c116834/202410/a29382e11a674da3be3353af65f9fcc5/files/0536cef86e2b46ddad6aae5a3780089e.xls"",""local_source_file"":""2025_guokao_zhaokaojianzhang.xls"",""local_source_sha256"":""07ae6cab368cd21b7a1ac3e8150fe9a3d39ad5171ce76135ff3cccfe50c3e77e"",""source_sheet"":""中央国家行政机关省级以下直属机构"",""filter_version"":""government_tech_v2"",""tech_filter"":{""is_tech"":true,""is_core_tech"":true,""scope"":""core"",""categories"":[""computer_software""],""matched_fields"":[""major"",""description""],""major_terms"":[""大数据"",""数据科学"",""数据科学与大数据技术"",""计算机"",""计算机技术"",""计算机科学与技术"",""软件工程""],""role_terms"":[""信息科技"",""信息系统"",""软硬件""],""reason"":""tech_major_and_role""},""original"":{""部门代码"":""132111"",""部门名称"":""国家金融监督管理总局浙江监管局"",""用人司局"":""国家金融监督管理总局洞头监管支局"",""机构性质"":""中央国家行政机关省级以下直属机构"",""招考职位"":""统计信息部门一级主任科员及以下"",""职位属性"":""金融监管计算机类职位"",""职位分布"":""其他职位"",""职位简介"":""主要从事金融信息科技风险监管、电子设备软硬件管理及信息系统运行维护等工作"",""职位代码"":""300147199001"",""机构层级"":""县（区）级及以下"",""考试类别"":""市（地）级及以下直属机构综合管理类"",""招考人数"":""1"",""专业"":""以本科专业报考：计算机科学与技术、软件工程、数据科学与大数据技术；以研究生专业报考：0812下：计算机科学与技术、计算机软件与理论、计算机系统结构、计算机应用技术、数据科学0835软件工程0854下：大数据技术与工程、计算机技术、软件工程"",""学历"":""本科及以上"",""学位"":""与最高学历相对应的学位"",""政治面貌"":""不限"",""基层工作最低年限"":""无限制"",""服务基层项目工作经历"":""无限制"",""是否在面试阶段组织专业能力测试"":""否"",""面试人员比例"":""3:1"",""工作地点"":""浙江省温州市洞头区"",""落户地点"":""浙江省温州市洞头区"",""备注"":""1.报名时请在专业栏中同时填写专业名称和专业代码；2.限应届高校毕业生报考，请在备注栏中注明本人具有应届高校毕业生身份；3.要求本科学历大学英语四级成绩425分及以上，研究生学历大学英语六级成绩425分及以上，请在外语水平栏中注明成绩；4.专业考试信息请参见国家金融监督管理总局2025年度招考公告。"",""部门网站"":""http://www.cbirc.gov.cn/"",""咨询电话1"":""0571-87189979"",""咨询电话2"":"""",""咨询电话3"":"""",""来源Sheet"":""中央国家行政机关省级以下直属机构""}}"
"government_jobs","国家公务员2025招考简章","公务员/事业单位技术岗位","浙江省温州市文成县","2026-07-28T09:12:58.310295+00:00","统计信息部门一级主任科员及以下","国家金融监督管理总局浙江监管局","","浙江省温州市文成县","公务员/事业单位;2025;computer_software;本科及以上;与最高学历相对应的学位;以本科专业报考：计算机科学与技术、软件工程、数据科学与大数据技术；以研究生专业报考：0812下：计算机科学与技术、计算机软件与理论、计算机系统结构、计算机应用技术、数据科学0835软件工程0854下：大数据技术与工程、计算机技术、软件工程;市（地）级及以下直属机构综合管理类","用人司局：国家金融监督管理总局文成监管支局
职位简介：主要从事金融信息科技风险监管、电子设备软硬件管理及信息系统运行维护等工作
专业要求：以本科专业报考：计算机科学与技术、软件工程、数据科学与大数据技术；以研究生专业报考：0812下：计算机科学与技术、计算机软件与理论、计算机系统结构、计算机应用技术、数据科学0835软件工程0854下：大数据技术与工程、计算机技术、软件工程
学历要求：本科及以上
学位要求：与最高学历相对应的学位
政治面貌：不限
基层工作经历：无限制
考试类别：市（地）级及以下直属机构综合管理类
备注：1.报名时请在专业栏中同时填写专业名称和专业代码；2.要求本科学历大学英语四级成绩425分及以上，研究生学历大学英语六级成绩425分及以上，请在外语水平栏中注明成绩；3.专业考试信息请参见国家金融监督管理总局2025年度招考公告。","https://www.xjhc.gov.cn/xjhc/c116834/202410/a29382e11a674da3be3353af65f9fcc5.shtml#132111-300147201001","2024-10-14","{""dataset_year"":2025,""job_uid"":""GOV-2025-132111-300147201001"",""publisher"":""国家公务员局"",""publication_page"":""https://www.xjhc.gov.cn/xjhc/c116834/202410/a29382e11a674da3be3353af65f9fcc5.shtml"",""attachment_url"":""https://www.xjhc.gov.cn/xjhc/c116834/202410/a29382e11a674da3be3353af65f9fcc5/files/0536cef86e2b46ddad6aae5a3780089e.xls"",""local_source_file"":""2025_guokao_zhaokaojianzhang.xls"",""local_source_sha256"":""07ae6cab368cd21b7a1ac3e8150fe9a3d39ad5171ce76135ff3cccfe50c3e77e"",""source_sheet"":""中央国家行政机关省级以下直属机构"",""filter_version"":""government_tech_v2"",""tech_filter"":{""is_tech"":true,""is_core_tech"":true,""scope"":""core"",""categories"":[""computer_software""],""matched_fields"":[""major"",""description""],""major_terms"":[""大数据"",""数据科学"",""数据科学与大数据技术"",""计算机"",""计算机技术"",""计算机科学与技术"",""软件工程""],""role_terms"":[""信息科技"",""信息系统"",""软硬件""],""reason"":""tech_major_and_role""},""original"":{""部门代码"":""132111"",""部门名称"":""国家金融监督管理总局浙江监管局"",""用人司局"":""国家金融监督管理总局文成监管支局"",""机构性质"":""中央国家行政机关省级以下直属机构"",""招考职位"":""统计信息部门一级主任科员及以下"",""职位属性"":""金融监管计算机类职位"",""职位分布"":""其他职位"",""职位简介"":""主要从事金融信息科技风险监管、电子设备软硬件管理及信息系统运行维护等工作"",""职位代码"":""300147201001"",""机构层级"":""县（区）级及以下"",""考试类别"":""市（地）级及以下直属机构综合管理类"",""招考人数"":""1"",""专业"":""以本科专业报考：计算机科学与技术、软件工程、数据科学与大数据技术；以研究生专业报考：0812下：计算机科学与技术、计算机软件与理论、计算机系统结构、计算机应用技术、数据科学0835软件工程0854下：大数据技术与工程、计算机技术、软件工程"",""学历"":""本科及以上"",""学位"":""与最高学历相对应的学位"",""政治面貌"":""不限"",""基层工作最低年限"":""无限制"",""服务基层项目工作经历"":""无限制"",""是否在面试阶段组织专业能力测试"":""否"",""面试人员比例"":""3:1"",""工作地点"":""浙江省温州市文成县"",""落户地点"":""浙江省温州市文成县"",""备注"":""1.报名时请在专业栏中同时填写专业名称和专业代码；2.要求本科学历大学英语四级成绩425分及以上，研究生学历大学英语六级成绩425分及以上，请在外语水平栏中注明成绩；3.专业考试信息请参见国家金融监督管理总局2025年度招考公告。"",""部门网站"":""http://www.cbirc.gov.cn/"",""咨询电话1"":""0571-87189979"",""咨询电话2"":"""",""咨询电话3"":"""",""来源Sheet"":""中央国家行政机关省级以下直属机构""}}"
"government_jobs","国家公务员2025招考简章","公务员/事业单位技术岗位","浙江省嘉兴市嘉善县","2026-07-28T09:12:58.310295+00:00","统计信息部门一级主任科员及以下","国家金融监督管理总局浙江监管局","","浙江省嘉兴市嘉善县","公务员/事业单位;2025;computer_software;本科及以上;与最高学历相对应的学位;以本科专业报考：计算机科学与技术、软件工程、数据科学与大数据技术；以研究生专业报考：0812下：计算机科学与技术、计算机软件与理论、计算机系统结构、计算机应用技术、数据科学0835软件工程0854下：大数据技术与工程、计算机技术、软件工程;市（地）级及以下直属机构综合管理类","用人司局：国家金融监督管理总局嘉善监管支局
职位简介：主要从事金融信息科技风险监管、电子设备软硬件管理及信息系统运行维护等工作
专业要求：以本科专业报考：计算机科学与技术、软件工程、数据科学与大数据技术；以研究生专业报考：0812下：计算机科学与技术、计算机软件与理论、计算机系统结构、计算机应用技术、数据科学0835软件工程0854下：大数据技术与工程、计算机技术、软件工程
学历要求：本科及以上
学位要求：与最高学历相对应的学位
政治面貌：不限
基层工作经历：无限制
考试类别：市（地）级及以下直属机构综合管理类
备注：1.报名时请在专业栏中同时填写专业名称和专业代码；2.要求本科学历大学英语四级成绩425分及以上，研究生学历大学英语六级成绩425分及以上，请在外语水平栏中注明成绩；3.专业考试信息请参见国家金融监督管理总局2025年度招考公告。","https://www.xjhc.gov.cn/xjhc/c116834/202410/a29382e11a674da3be3353af65f9fcc5.shtml#132111-300147203001","2024-10-14","{""dataset_year"":2025,""job_uid"":""GOV-2025-132111-300147203001"",""publisher"":""国家公务员局"",""publication_page"":""https://www.xjhc.gov.cn/xjhc/c116834/202410/a29382e11a674da3be3353af65f9fcc5.shtml"",""attachment_url"":""https://www.xjhc.gov.cn/xjhc/c116834/202410/a29382e11a674da3be3353af65f9fcc5/files/0536cef86e2b46ddad6aae5a3780089e.xls"",""local_source_file"":""2025_guokao_zhaokaojianzhang.xls"",""local_source_sha256"":""07ae6cab368cd21b7a1ac3e8150fe9a3d39ad5171ce76135ff3cccfe50c3e77e"",""source_sheet"":""中央国家行政机关省级以下直属机构"",""filter_version"":""government_tech_v2"",""tech_filter"":{""is_tech"":true,""is_core_tech"":true,""scope"":""core"",""categories"":[""computer_software""],""matched_fields"":[""major"",""description""],""major_terms"":[""大数据"",""数据科学"",""数据科学与大数据技术"",""计算机"",""计算机技术"",""计算机科学与技术"",""软件工程""],""role_terms"":[""信息科技"",""信息系统"",""软硬件""],""reason"":""tech_major_and_role""},""original"":{""部门代码"":""132111"",""部门名称"":""国家金融监督管理总局浙江监管局"",""用人司局"":""国家金融监督管理总局嘉善监管支局"",""机构性质"":""中央国家行政机关省级以下直属机构"",""招考职位"":""统计信息部门一级主任科员及以下"",""职位属性"":""金融监管计算机类职位"",""职位分布"":""其他职位"",""职位简介"":""主要从事金融信息科技风险监管、电子设备软硬件管理及信息系统运行维护等工作"",""职位代码"":""300147203001"",""机构层级"":""县（区）级及以下"",""考试类别"":""市（地）级及以下直属机构综合管理类"",""招考人数"":""1"",""专业"":""以本科专业报考：计算机科学与技术、软件工程、数据科学与大数据技术；以研究生专业报考：0812下：计算机科学与技术、计算机软件与理论、计算机系统结构、计算机应用技术、数据科学0835软件工程0854下：大数据技术与工程、计算机技术、软件工程"",""学历"":""本科及以上"",""学位"":""与最高学历相对应的学位"",""政治面貌"":""不限"",""基层工作最低年限"":""无限制"",""服务基层项目工作经历"":""无限制"",""是否在面试阶段组织专业能力测试"":""否"",""面试人员比例"":""3:1"",""工作地点"":""浙江省嘉兴市嘉善县"",""落户地点"":""浙江省嘉兴市嘉善县"",""备注"":""1.报名时请在专业栏中同时填写专业名称和专业代码；2.要求本科学历大学英语四级成绩425分及以上，研究生学历大学英语六级成绩425分及以上，请在外语水平栏中注明成绩；3.专业考试信息请参见国家金融监督管理总局2025年度招考公告。"",""部门网站"":""http://www.cbirc.gov.cn/"",""咨询电话1"":""0571-87189979"",""咨询电话2"":"""",""咨询电话3"":"""",""来源Sheet"":""中央国家行政机关省级以下直属机构""}}"
"government_jobs","国家公务员2025招考简章","公务员/事业单位技术岗位","浙江省湖州市德清县","2026-07-28T09:12:58.310295+00:00","统计信息部门一级主任科员及以下","国家金融监督管理总局浙江监管局","","浙江省湖州市德清县","公务员/事业单位;2025;computer_software;本科及以上;与最高学历相对应的学位;以本科专业报考：计算机科学与技术、软件工程、数据科学与大数据技术；以研究生专业报考：0812下：计算机科学与技术、计算机软件与理论、计算机系统结构、计算机应用技术、数据科学0835软件工程0854下：大数据技术与工程、计算机技术、软件工程;市（地）级及以下直属机构综合管理类","用人司局：国家金融监督管理总局德清监管支局
职位简介：主要从事金融信息科技风险监管、电子设备软硬件管理及信息系统运行维护等工作
专业要求：以本科专业报考：计算机科学与技术、软件工程、数据科学与大数据技术；以研究生专业报考：0812下：计算机科学与技术、计算机软件与理论、计算机系统结构、计算机应用技术、数据科学0835软件工程0854下：大数据技术与工程、计算机技术、软件工程
学历要求：本科及以上
学位要求：与最高学历相对应的学位
政治面貌：不限
基层工作经历：无限制
考试类别：市（地）级及以下直属机构综合管理类
备注：1.报名时请在专业栏中同时填写专业名称和专业代码；2.限应届高校毕业生报考，请在备注栏中注明本人具有应届高校毕业生身份；3.要求本科学历大学英语四级成绩425分及以上，研究生学历大学英语六级成绩425分及以上，请在外语水平栏中注明成绩；4.专业考试信息请参见国家金融监督管理总局2025年度招考公告。","https://www.xjhc.gov.cn/xjhc/c116834/202410/a29382e11a674da3be3353af65f9fcc5.shtml#132111-300147205001","2024-10-14","{""dataset_year"":2025,""job_uid"":""GOV-2025-132111-300147205001"",""publisher"":""国家公务员局"",""publication_page"":""https://www.xjhc.gov.cn/xjhc/c116834/202410/a29382e11a674da3be3353af65f9fcc5.shtml"",""attachment_url"":""https://www.xjhc.gov.cn/xjhc/c116834/202410/a29382e11a674da3be3353af65f9fcc5/files/0536cef86e2b46ddad6aae5a3780089e.xls"",""local_source_file"":""2025_guokao_zhaokaojianzhang.xls"",""local_source_sha256"":""07ae6cab368cd21b7a1ac3e8150fe9a3d39ad5171ce76135ff3cccfe50c3e77e"",""source_sheet"":""中央国家行政机关省级以下直属机构"",""filter_version"":""government_tech_v2"",""tech_filter"":{""is_tech"":true,""is_core_tech"":true,""scope"":""core"",""categories"":[""computer_software""],""matched_fields"":[""major"",""description""],""major_terms"":[""大数据"",""数据科学"",""数据科学与大数据技术"",""计算机"",""计算机技术"",""计算机科学与技术"",""软件工程""],""role_terms"":[""信息科技"",""信息系统"",""软硬件""],""reason"":""tech_major_and_role""},""original"":{""部门代码"":""132111"",""部门名称"":""国家金融监督管理总局浙江监管局"",""用人司局"":""国家金融监督管理总局德清监管支局"",""机构性质"":""中央国家行政机关省级以下直属机构"",""招考职位"":""统计信息部门一级主任科员及以下"",""职位属性"":""金融监管计算机类职位"",""职位分布"":""其他职位"",""职位简介"":""主要从事金融信息科技风险监管、电子设备软硬件管理及信息系统运行维护等工作"",""职位代码"":""300147205001"",""机构层级"":""县（区）级及以下"",""考试类别"":""市（地）级及以下直属机构综合管理类"",""招考人数"":""1"",""专业"":""以本科专业报考：计算机科学与技术、软件工程、数据科学与大数据技术；以研究生专业报考：0812下：计算机科学与技术、计算机软件与理论、计算机系统结构、计算机应用技术、数据科学0835软件工程0854下：大数据技术与工程、计算机技术、软件工程"",""学历"":""本科及以上"",""学位"":""与最高学历相对应的学位"",""政治面貌"":""不限"",""基层工作最低年限"":""无限制"",""服务基层项目工作经历"":""无限制"",""是否在面试阶段组织专业能力测试"":""否"",""面试人员比例"":""3:1"",""工作地点"":""浙江省湖州市德清县"",""落户地点"":""浙江省湖州市德清县"",""备注"":""1.报名时请在专业栏中同时填写专业名称和专业代码；2.限应届高校毕业生报考，请在备注栏中注明本人具有应届高校毕业生身份；3.要求本科学历大学英语四级成绩425分及以上，研究生学历大学英语六级成绩425分及以上，请在外语水平栏中注明成绩；4.专业考试信息请参见国家金融监督管理总局2025年度招考公告。"",""部门网站"":""http://www.cbirc.gov.cn/"",""咨询电话1"":""0571-87189979"",""咨询电话2"":"""",""咨询电话3"":"""",""来源Sheet"":""中央国家行政机关省级以下直属机构""}}"
"government_jobs","国家公务员2025招考简章","公务员/事业单位技术岗位","浙江省绍兴市嵊州市","2026-07-28T09:12:58.310295+00:00","统计信息部门一级主任科员及以下","国家金融监督管理总局浙江监管局","","浙江省绍兴市嵊州市","公务员/事业单位;2025;computer_software;本科及以上;与最高学历相对应的学位;以本科专业报考：计算机科学与技术、软件工程、数据科学与大数据技术；以研究生专业报考：0812下：计算机科学与技术、计算机软件与理论、计算机系统结构、计算机应用技术、数据科学0835软件工程0854下：大数据技术与工程、计算机技术、软件工程;市（地）级及以下直属机构综合管理类","用人司局：国家金融监督管理总局嵊州监管支局
职位简介：主要从事金融信息科技风险监管、电子设备软硬件管理及信息系统运行维护等工作
专业要求：以本科专业报考：计算机科学与技术、软件工程、数据科学与大数据技术；以研究生专业报考：0812下：计算机科学与技术、计算机软件与理论、计算机系统结构、计算机应用技术、数据科学0835软件工程0854下：大数据技术与工程、计算机技术、软件工程
学历要求：本科及以上
学位要求：与最高学历相对应的学位
政治面貌：不限
基层工作经历：无限制
考试类别：市（地）级及以下直属机构综合管理类
备注：1.报名时请在专业栏中同时填写专业名称和专业代码；2.限应届高校毕业生报考，请在备注栏中注明本人具有应届高校毕业生身份；3.要求本科学历大学英语四级成绩425分及以上，研究生学历大学英语六级成绩425分及以上，请在外语水平栏中注明成绩；4.专业考试信息请参见国家金融监督管理总局2025年度招考公告。","https://www.xjhc.gov.cn/xjhc/c116834/202410/a29382e11a674da3be3353af65f9fcc5.shtml#132111-300147209001","2024-10-14","{""dataset_year"":2025,""job_uid"":""GOV-2025-132111-300147209001"",""publisher"":""国家公务员局"",""publication_page"":""https://www.xjhc.gov.cn/xjhc/c116834/202410/a29382e11a674da3be3353af65f9fcc5.shtml"",""attachment_url"":""https://www.xjhc.gov.cn/xjhc/c116834/202410/a29382e11a674da3be3353af65f9fcc5/files/0536cef86e2b46ddad6aae5a3780089e.xls"",""local_source_file"":""2025_guokao_zhaokaojianzhang.xls"",""local_source_sha256"":""07ae6cab368cd21b7a1ac3e8150fe9a3d39ad5171ce76135ff3cccfe50c3e77e"",""source_sheet"":""中央国家行政机关省级以下直属机构"",""filter_version"":""government_tech_v2"",""tech_filter"":{""is_tech"":true,""is_core_tech"":true,""scope"":""core"",""categories"":[""computer_software""],""matched_fields"":[""major"",""description""],""major_terms"":[""大数据"",""数据科学"",""数据科学与大数据技术"",""计算机"",""计算机技术"",""计算机科学与技术"",""软件工程""],""role_terms"":[""信息科技"",""信息系统"",""软硬件""],""reason"":""tech_major_and_role""},""original"":{""部门代码"":""132111"",""部门名称"":""国家金融监督管理总局浙江监管局"",""用人司局"":""国家金融监督管理总局嵊州监管支局"",""机构性质"":""中央国家行政机关省级以下直属机构"",""招考职位"":""统计信息部门一级主任科员及以下"",""职位属性"":""金融监管计算机类职位"",""职位分布"":""其他职位"",""职位简介"":""主要从事金融信息科技风险监管、电子设备软硬件管理及信息系统运行维护等工作"",""职位代码"":""300147209001"",""机构层级"":""县（区）级及以下"",""考试类别"":""市（地）级及以下直属机构综合管理类"",""招考人数"":""1"",""专业"":""以本科专业报考：计算机科学与技术、软件工程、数据科学与大数据技术；以研究生专业报考：0812下：计算机科学与技术、计算机软件与理论、计算机系统结构、计算机应用技术、数据科学0835软件工程0854下：大数据技术与工程、计算机技术、软件工程"",""学历"":""本科及以上"",""学位"":""与最高学历相对应的学位"",""政治面貌"":""不限"",""基层工作最低年限"":""无限制"",""服务基层项目工作经历"":""无限制"",""是否在面试阶段组织专业能力测试"":""否"",""面试人员比例"":""3:1"",""工作地点"":""浙江省绍兴市嵊州市"",""落户地点"":""浙江省绍兴市嵊州市"",""备注"":""1.报名时请在专业栏中同时填写专业名称和专业代码；2.限应届高校毕业生报考，请在备注栏中注明本人具有应届高校毕业生身份；3.要求本科学历大学英语四级成绩425分及以上，研究生学历大学英语六级成绩425分及以上，请在外语水平栏中注明成绩；4.专业考试信息请参见国家金融监督管理总局2025年度招考公告。"",""部门网站"":""http://www.cbirc.gov.cn/"",""咨询电话1"":""0571-87189979"",""咨询电话2"":"""",""咨询电话3"":"""",""来源Sheet"":""中央国家行政机关省级以下直属机构""}}"
"government_jobs","国家公务员2025招考简章","公务员/事业单位技术岗位","浙江省衢州市","2026-07-28T09:12:58.310295+00:00","统计信息部门一级主任科员及以下","国家金融监督管理总局浙江监管局","","浙江省衢州市","公务员/事业单位;2025;computer_software;本科及以上;与最高学历相对应的学位;以本科专业报考：计算机科学与技术、软件工程、数据科学与大数据技术；以研究生专业报考：0812下：计算机科学与技术、计算机软件与理论、计算机系统结构、计算机应用技术、数据科学0835软件工程0854下：大数据技术与工程、计算机技术、软件工程;市（地）级及以下直属机构综合管理类","用人司局：国家金融监督管理总局衢州监管分局
职位简介：主要从事金融信息科技风险监管、电子设备软硬件管理及信息系统运行维护等工作
专业要求：以本科专业报考：计算机科学与技术、软件工程、数据科学与大数据技术；以研究生专业报考：0812下：计算机科学与技术、计算机软件与理论、计算机系统结构、计算机应用技术、数据科学0835软件工程0854下：大数据技术与工程、计算机技术、软件工程
学历要求：本科及以上
学位要求：与最高学历相对应的学位
政治面貌：不限
基层工作经历：无限制
考试类别：市（地）级及以下直属机构综合管理类
备注：1.报名时请在专业栏中同时填写专业名称和专业代码；2.限应届高校毕业生报考，请在备注栏中注明本人具有应届高校毕业生身份；3.要求本科学历大学英语四级成绩425分及以上，研究生学历大学英语六级成绩425分及以上，请在外语水平栏中注明成绩；4.专业考试信息请参见国家金融监督管理总局2025年度招考公告。","https://www.xjhc.gov.cn/xjhc/c116834/202410/a29382e11a674da3be3353af65f9fcc5.shtml#132111-300147212001","2024-10-14","{""dataset_year"":2025,""job_uid"":""GOV-2025-132111-300147212001"",""publisher"":""国家公务员局"",""publication_page"":""https://www.xjhc.gov.cn/xjhc/c116834/202410/a29382e11a674da3be3353af65f9fcc5.shtml"",""attachment_url"":""https://www.xjhc.gov.cn/xjhc/c116834/202410/a29382e11a674da3be3353af65f9fcc5/files/0536cef86e2b46ddad6aae5a3780089e.xls"",""local_source_file"":""2025_guokao_zhaokaojianzhang.xls"",""local_source_sha256"":""07ae6cab368cd21b7a1ac3e8150fe9a3d39ad5171ce76135ff3cccfe50c3e77e"",""source_sheet"":""中央国家行政机关省级以下直属机构"",""filter_version"":""government_tech_v2"",""tech_filter"":{""is_tech"":true,""is_core_tech"":true,""scope"":""core"",""categories"":[""computer_software""],""matched_fields"":[""major"",""description""],""major_terms"":[""大数据"",""数据科学"",""数据科学与大数据技术"",""计算机"",""计算机技术"",""计算机科学与技术"",""软件工程""],""role_terms"":[""信息科技"",""信息系统"",""软硬件""],""reason"":""tech_major_and_role""},""original"":{""部门代码"":""132111"",""部门名称"":""国家金融监督管理总局浙江监管局"",""用人司局"":""国家金融监督管理总局衢州监管分局"",""机构性质"":""中央国家行政机关省级以下直属机构"",""招考职位"":""统计信息部门一级主任科员及以下"",""职位属性"":""金融监管计算机类职位"",""职位分布"":""其他职位"",""职位简介"":""主要从事金融信息科技风险监管、电子设备软硬件管理及信息系统运行维护等工作"",""职位代码"":""300147212001"",""机构层级"":""市（地）级"",""考试类别"":""市（地）级及以下直属机构综合管理类"",""招考人数"":""1"",""专业"":""以本科专业报考：计算机科学与技术、软件工程、数据科学与大数据技术；以研究生专业报考：0812下：计算机科学与技术、计算机软件与理论、计算机系统结构、计算机应用技术、数据科学0835软件工程0854下：大数据技术与工程、计算机技术、软件工程"",""学历"":""本科及以上"",""学位"":""与最高学历相对应的学位"",""政治面貌"":""不限"",""基层工作最低年限"":""无限制"",""服务基层项目工作经历"":""无限制"",""是否在面试阶段组织专业能力测试"":""否"",""面试人员比例"":""3:1"",""工作地点"":""浙江省衢州市"",""落户地点"":""浙江省衢州市"",""备注"":""1.报名时请在专业栏中同时填写专业名称和专业代码；2.限应届高校毕业生报考，请在备注栏中注明本人具有应届高校毕业生身份；3.要求本科学历大学英语四级成绩425分及以上，研究生学历大学英语六级成绩425分及以上，请在外语水平栏中注明成绩；4.专业考试信息请参见国家金融监督管理总局2025年度招考公告。"",""部门网站"":""http://www.cbirc.gov.cn/"",""咨询电话1"":""0571-87189979"",""咨询电话2"":"""",""咨询电话3"":"""",""来源Sheet"":""中央国家行政机关省级以下直属机构""}}"
"government_jobs","国家公务员2025招考简章","公务员/事业单位技术岗位","浙江省衢州市龙游县","2026-07-28T09:12:58.310295+00:00","统计信息部门一级主任科员及以下","国家金融监督管理总局浙江监管局","","浙江省衢州市龙游县","公务员/事业单位;2025;computer_software;本科及以上;与最高学历相对应的学位;以本科专业报考：计算机科学与技术、软件工程、数据科学与大数据技术；以研究生专业报考：0812下：计算机科学与技术、计算机软件与理论、计算机系统结构、计算机应用技术、数据科学0835软件工程0854下：大数据技术与工程、计算机技术、软件工程;市（地）级及以下直属机构综合管理类","用人司局：国家金融监督管理总局龙游监管支局
职位简介：主要从事金融信息科技风险监管、电子设备软硬件管理及信息系统运行维护等工作
专业要求：以本科专业报考：计算机科学与技术、软件工程、数据科学与大数据技术；以研究生专业报考：0812下：计算机科学与技术、计算机软件与理论、计算机系统结构、计算机应用技术、数据科学0835软件工程0854下：大数据技术与工程、计算机技术、软件工程
学历要求：本科及以上
学位要求：与最高学历相对应的学位
政治面貌：不限
基层工作经历：无限制
考试类别：市（地）级及以下直属机构综合管理类
备注：1.报名时请在专业栏中同时填写专业名称和专业代码；2.限应届高校毕业生报考，请在备注栏中注明本人具有应届高校毕业生身份；3.要求本科学历大学英语四级成绩425分及以上，研究生学历大学英语六级成绩425分及以上，请在外语水平栏中注明成绩；4.专业考试信息请参见国家金融监督管理总局2025年度招考公告。","https://www.xjhc.gov.cn/xjhc/c116834/202410/a29382e11a674da3be3353af65f9fcc5.shtml#132111-300147213001","2024-10-14","{""dataset_year"":2025,""job_uid"":""GOV-2025-132111-300147213001"",""publisher"":""国家公务员局"",""publication_page"":""https://www.xjhc.gov.cn/xjhc/c116834/202410/a29382e11a674da3be3353af65f9fcc5.shtml"",""attachment_url"":""https://www.xjhc.gov.cn/xjhc/c116834/202410/a29382e11a674da3be3353af65f9fcc5/files/0536cef86e2b46ddad6aae5a3780089e.xls"",""local_source_file"":""2025_guokao_zhaokaojianzhang.xls"",""local_source_sha256"":""07ae6cab368cd21b7a1ac3e8150fe9a3d39ad5171ce76135ff3cccfe50c3e77e"",""source_sheet"":""中央国家行政机关省级以下直属机构"",""filter_version"":""government_tech_v2"",""tech_filter"":{""is_tech"":true,""is_core_tech"":true,""scope"":""core"",""categories"":[""computer_software""],""matched_fields"":[""major"",""description""],""major_terms"":[""大数据"",""数据科学"",""数据科学与大数据技术"",""计算机"",""计算机技术"",""计算机科学与技术"",""软件工程""],""role_terms"":[""信息科技"",""信息系统"",""软硬件""],""reason"":""tech_major_and_role""},""original"":{""部门代码"":""132111"",""部门名称"":""国家金融监督管理总局浙江监管局"",""用人司局"":""国家金融监督管理总局龙游监管支局"",""机构性质"":""中央国家行政机关省级以下直属机构"",""招考职位"":""统计信息部门一级主任科员及以下"",""职位属性"":""金融监管计算机类职位"",""职位分布"":""其他职位"",""职位简介"":""主要从事金融信息科技风险监管、电子设备软硬件管理及信息系统运行维护等工作"",""职位代码"":""300147213001"",""机构层级"":""县（区）级及以下"",""考试类别"":""市（地）级及以下直属机构综合管理类"",""招考人数"":""1"",""专业"":""以本科专业报考：计算机科学与技术、软件工程、数据科学与大数据技术；以研究生专业报考：0812下：计算机科学与技术、计算机软件与理论、计算机系统结构、计算机应用技术、数据科学0835软件工程0854下：大数据技术与工程、计算机技术、软件工程"",""学历"":""本科及以上"",""学位"":""与最高学历相对应的学位"",""政治面貌"":""不限"",""基层工作最低年限"":""无限制"",""服务基层项目工作经历"":""无限制"",""是否在面试阶段组织专业能力测试"":""否"",""面试人员比例"":""3:1"",""工作地点"":""浙江省衢州市龙游县"",""落户地点"":""浙江省衢州市龙游县"",""备注"":""1.报名时请在专业栏中同时填写专业名称和专业代码；2.限应届高校毕业生报考，请在备注栏中注明本人具有应届高校毕业生身份；3.要求本科学历大学英语四级成绩425分及以上，研究生学历大学英语六级成绩425分及以上，请在外语水平栏中注明成绩；4.专业考试信息请参见国家金融监督管理总局2025年度招考公告。"",""部门网站"":""http://www.cbirc.gov.cn/"",""咨询电话1"":""0571-87189979"",""咨询电话2"":"""",""咨询电话3"":"""",""来源Sheet"":""中央国家行政机关省级以下直属机构""}}"
"government_jobs","国家公务员2025招考简章","公务员/事业单位技术岗位","浙江省衢州市常山县","2026-07-28T09:12:58.310295+00:00","统计信息部门一级主任科员及以下","国家金融监督管理总局浙江监管局","","浙江省衢州市常山县","公务员/事业单位;2025;computer_software;本科及以上;与最高学历相对应的学位;以本科专业报考：计算机科学与技术、软件工程、数据科学与大数据技术；以研究生专业报考：0812下：计算机科学与技术、计算机软件与理论、计算机系统结构、计算机应用技术、数据科学0835软件工程0854下：大数据技术与工程、计算机技术、软件工程;市（地）级及以下直属机构综合管理类","用人司局：国家金融监督管理总局常山监管支局
职位简介：主要从事金融信息科技风险监管、电子设备软硬件管理及信息系统运行维护等工作
专业要求：以本科专业报考：计算机科学与技术、软件工程、数据科学与大数据技术；以研究生专业报考：0812下：计算机科学与技术、计算机软件与理论、计算机系统结构、计算机应用技术、数据科学0835软件工程0854下：大数据技术与工程、计算机技术、软件工程
学历要求：本科及以上
学位要求：与最高学历相对应的学位
政治面貌：不限
基层工作经历：无限制
考试类别：市（地）级及以下直属机构综合管理类
备注：1.报名时请在专业栏中同时填写专业名称和专业代码；2.限应届高校毕业生报考，请在备注栏中注明本人具有应届高校毕业生身份；3.要求本科学历大学英语四级成绩425分及以上，研究生学历大学英语六级成绩425分及以上，请在外语水平栏中注明成绩；4.专业考试信息请参见国家金融监督管理总局2025年度招考公告。","https://www.xjhc.gov.cn/xjhc/c116834/202410/a29382e11a674da3be3353af65f9fcc5.shtml#132111-300147214001","2024-10-14","{""dataset_year"":2025,""job_uid"":""GOV-2025-132111-300147214001"",""publisher"":""国家公务员局"",""publication_page"":""https://www.xjhc.gov.cn/xjhc/c116834/202410/a29382e11a674da3be3353af65f9fcc5.shtml"",""attachment_url"":""https://www.xjhc.gov.cn/xjhc/c116834/202410/a29382e11a674da3be3353af65f9fcc5/files/0536cef86e2b46ddad6aae5a3780089e.xls"",""local_source_file"":""2025_guokao_zhaokaojianzhang.xls"",""local_source_sha256"":""07ae6cab368cd21b7a1ac3e8150fe9a3d39ad5171ce76135ff3cccfe50c3e77e"",""source_sheet"":""中央国家行政机关省级以下直属机构"",""filter_version"":""government_tech_v2"",""tech_filter"":{""is_tech"":true,""is_core_tech"":true,""scope"":""core"",""categories"":[""computer_software""],""matched_fields"":[""major"",""description""],""major_terms"":[""大数据"",""数据科学"",""数据科学与大数据技术"",""计算机"",""计算机技术"",""计算机科学与技术"",""软件工程""],""role_terms"":[""信息科技"",""信息系统"",""软硬件""],""reason"":""tech_major_and_role""},""original"":{""部门代码"":""132111"",""部门名称"":""国家金融监督管理总局浙江监管局"",""用人司局"":""国家金融监督管理总局常山监管支局"",""机构性质"":""中央国家行政机关省级以下直属机构"",""招考职位"":""统计信息部门一级主任科员及以下"",""职位属性"":""金融监管计算机类职位"",""职位分布"":""其他职位"",""职位简介"":""主要从事金融信息科技风险监管、电子设备软硬件管理及信息系统运行维护等工作"",""职位代码"":""300147214001"",""机构层级"":""县（区）级及以下"",""考试类别"":""市（地）级及以下直属机构综合管理类"",""招考人数"":""1"",""专业"":""以本科专业报考：计算机科学与技术、软件工程、数据科学与大数据技术；以研究生专业报考：0812下：计算机科学与技术、计算机软件与理论、计算机系统结构、计算机应用技术、数据科学0835软件工程0854下：大数据技术与工程、计算机技术、软件工程"",""学历"":""本科及以上"",""学位"":""与最高学历相对应的学位"",""政治面貌"":""不限"",""基层工作最低年限"":""无限制"",""服务基层项目工作经历"":""无限制"",""是否在面试阶段组织专业能力测试"":""否"",""面试人员比例"":""3:1"",""工作地点"":""浙江省衢州市常山县"",""落户地点"":""浙江省衢州市常山县"",""备注"":""1.报名时请在专业栏中同时填写专业名称和专业代码；2.限应届高校毕业生报考，请在备注栏中注明本人具有应届高校毕业生身份；3.要求本科学历大学英语四级成绩425分及以上，研究生学历大学英语六级成绩425分及以上，请在外语水平栏中注明成绩；4.专业考试信息请参见国家金融监督管理总局2025年度招考公告。"",""部门网站"":""http://www.cbirc.gov.cn/"",""咨询电话1"":""0571-87189979"",""咨询电话2"":"""",""咨询电话3"":"""",""来源Sheet"":""中央国家行政机关省级以下直属机构""}}"
"government_jobs","国家公务员2025招考简章","公务员/事业单位技术岗位","浙江省台州市仙居县","2026-07-28T09:12:58.310295+00:00","统计信息部门一级主任科员及以下","国家金融监督管理总局浙江监管局","","浙江省台州市仙居县","公务员/事业单位;2025;computer_software;本科及以上;与最高学历相对应的学位;以本科专业报考：计算机科学与技术、软件工程、数据科学与大数据技术；以研究生专业报考：0812下：计算机科学与技术、计算机软件与理论、计算机系统结构、计算机应用技术、数据科学0835软件工程0854下：大数据技术与工程、计算机技术、软件工程;市（地）级及以下直属机构综合管理类","用人司局：国家金融监督管理总局仙居监管支局
职位简介：主要从事金融信息科技风险监管、电子设备软硬件管理及信息系统运行维护等工作
专业要求：以本科专业报考：计算机科学与技术、软件工程、数据科学与大数据技术；以研究生专业报考：0812下：计算机科学与技术、计算机软件与理论、计算机系统结构、计算机应用技术、数据科学0835软件工程0854下：大数据技术与工程、计算机技术、软件工程
学历要求：本科及以上
学位要求：与最高学历相对应的学位
政治面貌：不限
基层工作经历：无限制
考试类别：市（地）级及以下直属机构综合管理类
备注：1.报名时请在专业栏中同时填写专业名称和专业代码；2.要求本科学历大学英语四级成绩425分及以上，研究生学历大学英语六级成绩425分及以上，请在外语水平栏中注明成绩；3.专业考试信息请参见国家金融监督管理总局2025年度招考公告。","https://www.xjhc.gov.cn/xjhc/c116834/202410/a29382e11a674da3be3353af65f9fcc5.shtml#132111-300147218001","2024-10-14","{""dataset_year"":2025,""job_uid"":""GOV-2025-132111-300147218001"",""publisher"":""国家公务员局"",""publication_page"":""https://www.xjhc.gov.cn/xjhc/c116834/202410/a29382e11a674da3be3353af65f9fcc5.shtml"",""attachment_url"":""https://www.xjhc.gov.cn/xjhc/c116834/202410/a29382e11a674da3be3353af65f9fcc5/files/0536cef86e2b46ddad6aae5a3780089e.xls"",""local_source_file"":""2025_guokao_zhaokaojianzhang.xls"",""local_source_sha256"":""07ae6cab368cd21b7a1ac3e8150fe9a3d39ad5171ce76135ff3cccfe50c3e77e"",""source_sheet"":""中央国家行政机关省级以下直属机构"",""filter_version"":""government_tech_v2"",""tech_filter"":{""is_tech"":true,""is_core_tech"":true,""scope"":""core"",""categories"":[""computer_software""],""matched_fields"":[""major"",""description""],""major_terms"":[""大数据"",""数据科学"",""数据科学与大数据技术"",""计算机"",""计算机技术"",""计算机科学与技术"",""软件工程""],""role_terms"":[""信息科技"",""信息系统"",""软硬件""],""reason"":""tech_major_and_role""},""original"":{""部门代码"":""132111"",""部门名称"":""国家金融监督管理总局浙江监管局"",""用人司局"":""国家金融监督管理总局仙居监管支局"",""机构性质"":""中央国家行政机关省级以下直属机构"",""招考职位"":""统计信息部门一级主任科员及以下"",""职位属性"":""金融监管计算机类职位"",""职位分布"":""其他职位"",""职位简介"":""主要从事金融信息科技风险监管、电子设备软硬件管理及信息系统运行维护等工作"",""职位代码"":""300147218001"",""机构层级"":""县（区）级及以下"",""考试类别"":""市（地）级及以下直属机构综合管理类"",""招考人数"":""1"",""专业"":""以本科专业报考：计算机科学与技术、软件工程、数据科学与大数据技术；以研究生专业报考：0812下：计算机科学与技术、计算机软件与理论、计算机系统结构、计算机应用技术、数据科学0835软件工程0854下：大数据技术与工程、计算机技术、软件工程"",""学历"":""本科及以上"",""学位"":""与最高学历相对应的学位"",""政治面貌"":""不限"",""基层工作最低年限"":""无限制"",""服务基层项目工作经历"":""无限制"",""是否在面试阶段组织专业能力测试"":""否"",""面试人员比例"":""3:1"",""工作地点"":""浙江省台州市仙居县"",""落户地点"":""浙江省台州市仙居县"",""备注"":""1.报名时请在专业栏中同时填写专业名称和专业代码；2.要求本科学历大学英语四级成绩425分及以上，研究生学历大学英语六级成绩425分及以上，请在外语水平栏中注明成绩；3.专业考试信息请参见国家金融监督管理总局2025年度招考公告。"",""部门网站"":""http://www.cbirc.gov.cn/"",""咨询电话1"":""0571-87189979"",""咨询电话2"":"""",""咨询电话3"":"""",""来源Sheet"":""中央国家行政机关省级以下直属机构""}}"
"government_jobs","国家公务员2025招考简章","公务员/事业单位技术岗位","浙江省丽水市","2026-07-28T09:12:58.310295+00:00","统计信息部门一级主任科员及以下","国家金融监督管理总局浙江监管局","","浙江省丽水市","公务员/事业单位;2025;computer_software;硕士研究生及以上;与最高学历相对应的学位;0812下：计算机科学与技术、计算机软件与理论、计算机系统结构、计算机应用技术、数据科学0835软件工程0854下：大数据技术与工程、计算机技术、软件工程;市（地）级及以下直属机构综合管理类","用人司局：国家金融监督管理总局丽水监管分局
职位简介：主要从事金融信息科技风险监管、电子设备软硬件管理及信息系统运行维护等工作
专业要求：0812下：计算机科学与技术、计算机软件与理论、计算机系统结构、计算机应用技术、数据科学0835软件工程0854下：大数据技术与工程、计算机技术、软件工程
学历要求：硕士研究生及以上
学位要求：与最高学历相对应的学位
政治面貌：不限
基层工作经历：无限制
考试类别：市（地）级及以下直属机构综合管理类
备注：1.报名时请在专业栏中同时填写专业名称和专业代码；2.限应届高校毕业生报考，请在备注栏中注明本人具有应届高校毕业生身份；3.要求研究生学历大学英语六级成绩425分及以上，请在外语水平栏中注明成绩；4.专业考试信息请参见国家金融监督管理总局2025年度招考公告。","https://www.xjhc.gov.cn/xjhc/c116834/202410/a29382e11a674da3be3353af65f9fcc5.shtml#132111-300147219001","2024-10-14","{""dataset_year"":2025,""job_uid"":""GOV-2025-132111-300147219001"",""publisher"":""国家公务员局"",""publication_page"":""https://www.xjhc.gov.cn/xjhc/c116834/202410/a29382e11a674da3be3353af65f9fcc5.shtml"",""attachment_url"":""https://www.xjhc.gov.cn/xjhc/c116834/202410/a29382e11a674da3be3353af65f9fcc5/files/0536cef86e2b46ddad6aae5a3780089e.xls"",""local_source_file"":""2025_guokao_zhaokaojianzhang.xls"",""local_source_sha256"":""07ae6cab368cd21b7a1ac3e8150fe9a3d39ad5171ce76135ff3cccfe50c3e77e"",""source_sheet"":""中央国家行政机关省级以下直属机构"",""filter_version"":""government_tech_v2"",""tech_filter"":{""is_tech"":true,""is_core_tech"":true,""scope"":""core"",""categories"":[""computer_software""],""matched_fields"":[""major"",""description""],""major_terms"":[""大数据"",""数据科学"",""计算机"",""计算机技术"",""计算机科学与技术"",""软件工程""],""role_terms"":[""信息科技"",""信息系统"",""软硬件""],""reason"":""tech_major_and_role""},""original"":{""部门代码"":""132111"",""部门名称"":""国家金融监督管理总局浙江监管局"",""用人司局"":""国家金融监督管理总局丽水监管分局"",""机构性质"":""中央国家行政机关省级以下直属机构"",""招考职位"":""统计信息部门一级主任科员及以下"",""职位属性"":""金融监管计算机类职位"",""职位分布"":""其他职位"",""职位简介"":""主要从事金融信息科技风险监管、电子设备软硬件管理及信息系统运行维护等工作"",""职位代码"":""300147219001"",""机构层级"":""市（地）级"",""考试类别"":""市（地）级及以下直属机构综合管理类"",""招考人数"":""1"",""专业"":""0812下：计算机科学与技术、计算机软件与理论、计算机系统结构、计算机应用技术、数据科学0835软件工程0854下：大数据技术与工程、计算机技术、软件工程"",""学历"":""硕士研究生及以上"",""学位"":""与最高学历相对应的学位"",""政治面貌"":""不限"",""基层工作最低年限"":""无限制"",""服务基层项目工作经历"":""无限制"",""是否在面试阶段组织专业能力测试"":""否"",""面试人员比例"":""3:1"",""工作地点"":""浙江省丽水市"",""落户地点"":""浙江省丽水市"",""备注"":""1.报名时请在专业栏中同时填写专业名称和专业代码；2.限应届高校毕业生报考，请在备注栏中注明本人具有应届高校毕业生身份；3.要求研究生学历大学英语六级成绩425分及以上，请在外语水平栏中注明成绩；4.专业考试信息请参见国家金融监督管理总局2025年度招考公告。"",""部门网站"":""http://www.cbirc.gov.cn/"",""咨询电话1"":""0571-87189979"",""咨询电话2"":"""",""咨询电话3"":"""",""来源Sheet"":""中央国家行政机关省级以下直属机构""}}"
"government_jobs","国家公务员2025招考简章","公务员/事业单位技术岗位","浙江省金华市兰溪市","2026-07-28T09:12:58.310295+00:00","监管部门一级主任科员及以下","国家金融监督管理总局浙江监管局","","浙江省金华市兰溪市","公务员/事业单位;2025;computer_software;本科及以上;与最高学历相对应的学位;以本科专业报考：计算机科学与技术、软件工程、数据科学与大数据技术；以研究生专业报考：0812下：计算机科学与技术、计算机软件与理论、计算机系统结构、计算机应用技术、数据科学0835软件工程0854下：大数据技术与工程、计算机技术、软件工程;市（地）级及以下直属机构综合管理类","用人司局：国家金融监督管理总局兰溪监管支局
职位简介：主要从事金融信息科技风险监管、电子设备软硬件管理及信息系统运行维护等工作
专业要求：以本科专业报考：计算机科学与技术、软件工程、数据科学与大数据技术；以研究生专业报考：0812下：计算机科学与技术、计算机软件与理论、计算机系统结构、计算机应用技术、数据科学0835软件工程0854下：大数据技术与工程、计算机技术、软件工程
学历要求：本科及以上
学位要求：与最高学历相对应的学位
政治面貌：不限
基层工作经历：无限制
考试类别：市（地）级及以下直属机构综合管理类
备注：1.报名时请在专业栏中同时填写专业名称和专业代码；2.限应届高校毕业生报考，请在备注栏中注明本人具有应届高校毕业生身份；3.要求本科学历大学英语四级成绩425分及以上，研究生学历大学英语六级成绩425分及以上，请在外语水平栏中注明成绩；4.专业考试信息请参见国家金融监督管理总局2025年度招考公告。","https://www.xjhc.gov.cn/xjhc/c116834/202410/a29382e11a674da3be3353af65f9fcc5.shtml#132111-300147821001","2024-10-14","{""dataset_year"":2025,""job_uid"":""GOV-2025-132111-300147821001"",""publisher"":""国家公务员局"",""publication_page"":""https://www.xjhc.gov.cn/xjhc/c116834/202410/a29382e11a674da3be3353af65f9fcc5.shtml"",""attachment_url"":""https://www.xjhc.gov.cn/xjhc/c116834/202410/a29382e11a674da3be3353af65f9fcc5/files/0536cef86e2b46ddad6aae5a3780089e.xls"",""local_source_file"":""2025_guokao_zhaokaojianzhang.xls"",""local_source_sha256"":""07ae6cab368cd21b7a1ac3e8150fe9a3d39ad5171ce76135ff3cccfe50c3e77e"",""source_sheet"":""中央国家行政机关省级以下直属机构"",""filter_version"":""government_tech_v2"",""tech_filter"":{""is_tech"":true,""is_core_tech"":true,""scope"":""core"",""categories"":[""computer_software""],""matched_fields"":[""major"",""description""],""major_terms"":[""大数据"",""数据科学"",""数据科学与大数据技术"",""计算机"",""计算机技术"",""计算机科学与技术"",""软件工程""],""role_terms"":[""信息科技"",""信息系统"",""软硬件""],""reason"":""tech_major_and_role""},""original"":{""部门代码"":""132111"",""部门名称"":""国家金融监督管理总局浙江监管局"",""用人司局"":""国家金融监督管理总局兰溪监管支局"",""机构性质"":""中央国家行政机关省级以下直属机构"",""招考职位"":""监管部门一级主任科员及以下"",""职位属性"":""金融监管计算机类职位"",""职位分布"":""其他职位"",""职位简介"":""主要从事金融信息科技风险监管、电子设备软硬件管理及信息系统运行维护等工作"",""职位代码"":""300147821001"",""机构层级"":""县（区）级及以下"",""考试类别"":""市（地）级及以下直属机构综合管理类"",""招考人数"":""1"",""专业"":""以本科专业报考：计算机科学与技术、软件工程、数据科学与大数据技术；以研究生专业报考：0812下：计算机科学与技术、计算机软件与理论、计算机系统结构、计算机应用技术、数据科学0835软件工程0854下：大数据技术与工程、计算机技术、软件工程"",""学历"":""本科及以上"",""学位"":""与最高学历相对应的学位"",""政治面貌"":""不限"",""基层工作最低年限"":""无限制"",""服务基层项目工作经历"":""无限制"",""是否在面试阶段组织专业能力测试"":""否"",""面试人员比例"":""3:1"",""工作地点"":""浙江省金华市兰溪市"",""落户地点"":""浙江省金华市兰溪市"",""备注"":""1.报名时请在专业栏中同时填写专业名称和专业代码；2.限应届高校毕业生报考，请在备注栏中注明本人具有应届高校毕业生身份；3.要求本科学历大学英语四级成绩425分及以上，研究生学历大学英语六级成绩425分及以上，请在外语水平栏中注明成绩；4.专业考试信息请参见国家金融监督管理总局2025年度招考公告。"",""部门网站"":""http://www.cbirc.gov.cn/"",""咨询电话1"":""0571-87189979"",""咨询电话2"":"""",""咨询电话3"":"""",""来源Sheet"":""中央国家行政机关省级以下直属机构""}}"
"government_jobs","国家公务员2025招考简章","公务员/事业单位技术岗位","安徽省淮北市濉溪县","2026-07-28T09:12:58.310295+00:00","统计信息部门一级主任科员及以下","国家金融监督管理总局安徽监管局","","安徽省淮北市濉溪县","公务员/事业单位;2025;computer_software;cybersecurity_cryptography;仅限本科;学士;080901计算机科学与技术、080902软件工程、080903网络工程、080904K信息安全、080910T数据科学与大数据技术;市（地）级及以下直属机构综合管理类","用人司局：国家金融监督管理总局濉溪监管支局
职位简介：主要从事金融信息科技风险监管、电子设备软硬件管理及信息系统运行维护等工作。
专业要求：080901计算机科学与技术、080902软件工程、080903网络工程、080904K信息安全、080910T数据科学与大数据技术
学历要求：仅限本科
学位要求：学士
政治面貌：不限
基层工作经历：无限制
考试类别：市（地）级及以下直属机构综合管理类
备注：1.报名时请在专业栏中同时填写专业名称和专业代码；2.限应届高校毕业生报考，请在备注栏中注明本人具有应届高校毕业生身份；3.要求本科学历大学英语四级成绩425分及以上，请在外语水平栏中注明成绩；4.专业考试信息请参见国家金融监督管理总局2025年度招考公告。","https://www.xjhc.gov.cn/xjhc/c116834/202410/a29382e11a674da3be3353af65f9fcc5.shtml#132112-300147224001","2024-10-14","{""dataset_year"":2025,""job_uid"":""GOV-2025-132112-300147224001"",""publisher"":""国家公务员局"",""publication_page"":""https://www.xjhc.gov.cn/xjhc/c116834/202410/a29382e11a674da3be3353af65f9fcc5.shtml"",""attachment_url"":""https://www.xjhc.gov.cn/xjhc/c116834/202410/a29382e11a674da3be3353af65f9fcc5/files/0536cef86e2b46ddad6aae5a3780089e.xls"",""local_source_file"":""2025_guokao_zhaokaojianzhang.xls"",""local_source_sha256"":""07ae6cab368cd21b7a1ac3e8150fe9a3d39ad5171ce76135ff3cccfe50c3e77e"",""source_sheet"":""中央国家行政机关省级以下直属机构"",""filter_version"":""government_tech_v2"",""tech_filter"":{""is_tech"":true,""is_core_tech"":true,""scope"":""core"",""categories"":[""computer_software"",""cybersecurity_cryptography""],""matched_fields"":[""major"",""description""],""major_terms"":[""信息安全"",""大数据"",""数据科学与大数据技术"",""网络工程"",""计算机科学与技术"",""软件工程""],""role_terms"":[""信息科技"",""信息系统"",""软硬件""],""reason"":""tech_major_and_role""},""original"":{""部门代码"":""132112"",""部门名称"":""国家金融监督管理总局安徽监管局"",""用人司局"":""国家金融监督管理总局濉溪监管支局"",""机构性质"":""中央国家行政机关省级以下直属机构"",""招考职位"":""统计信息部门一级主任科员及以下"",""职位属性"":""金融监管计算机类职位"",""职位分布"":""其他职位"",""职位简介"":""主要从事金融信息科技风险监管、电子设备软硬件管理及信息系统运行维护等工作。"",""职位代码"":""300147224001"",""机构层级"":""县（区）级及以下"",""考试类别"":""市（地）级及以下直属机构综合管理类"",""招考人数"":""1"",""专业"":""080901计算机科学与技术、080902软件工程、080903网络工程、080904K信息安全、080910T数据科学与大数据技术"",""学历"":""仅限本科"",""学位"":""学士"",""政治面貌"":""不限"",""基层工作最低年限"":""无限制"",""服务基层项目工作经历"":""无限制"",""是否在面试阶段组织专业能力测试"":""否"",""面试人员比例"":""3:1"",""工作地点"":""安徽省淮北市濉溪县"",""落户地点"":""安徽省淮北市濉溪县"",""备注"":""1.报名时请在专业栏中同时填写专业名称和专业代码；2.限应届高校毕业生报考，请在备注栏中注明本人具有应届高校毕业生身份；3.要求本科学历大学英语四级成绩425分及以上，请在外语水平栏中注明成绩；4.专业考试信息请参见国家金融监督管理总局2025年度招考公告。"",""部门网站"":""http://www.cbirc.gov.cn/"",""咨询电话1"":""0551-65192612"",""咨询电话2"":""0551-65192737"",""咨询电话3"":""0551-65192870"",""来源Sheet"":""中央国家行政机关省级以下直属机构""}}"
"government_jobs","国家公务员2025招考简章","公务员/事业单位技术岗位","安徽省滁州市天长市","2026-07-28T09:12:58.310295+00:00","统计信息部门一级主任科员及以下","国家金融监督管理总局安徽监管局","","安徽省滁州市天长市","公务员/事业单位;2025;computer_software;cybersecurity_cryptography;仅限本科;学士;080901计算机科学与技术、080902软件工程、080903网络工程、080904K信息安全;市（地）级及以下直属机构综合管理类","用人司局：国家金融监督管理总局天长监管支局
职位简介：主要从事金融信息科技风险监管、电子设备软硬件管理及信息系统运行维护等工作。
专业要求：080901计算机科学与技术、080902软件工程、080903网络工程、080904K信息安全
学历要求：仅限本科
学位要求：学士
政治面貌：不限
基层工作经历：无限制
考试类别：市（地）级及以下直属机构综合管理类
备注：1.报名时请在专业栏中同时填写专业名称和专业代码；2.限应届高校毕业生报考，请在备注栏中注明本人具有应届高校毕业生身份；3.要求本科学历大学英语四级成绩425分及以上，请在外语水平栏中注明成绩；4.专业考试信息请参见国家金融监督管理总局2025年度招考公告。","https://www.xjhc.gov.cn/xjhc/c116834/202410/a29382e11a674da3be3353af65f9fcc5.shtml#132112-300147232001","2024-10-14","{""dataset_year"":2025,""job_uid"":""GOV-2025-132112-300147232001"",""publisher"":""国家公务员局"",""publication_page"":""https://www.xjhc.gov.cn/xjhc/c116834/202410/a29382e11a674da3be3353af65f9fcc5.shtml"",""attachment_url"":""https://www.xjhc.gov.cn/xjhc/c116834/202410/a29382e11a674da3be3353af65f9fcc5/files/0536cef86e2b46ddad6aae5a3780089e.xls"",""local_source_file"":""2025_guokao_zhaokaojianzhang.xls"",""local_source_sha256"":""07ae6cab368cd21b7a1ac3e8150fe9a3d39ad5171ce76135ff3cccfe50c3e77e"",""source_sheet"":""中央国家行政机关省级以下直属机构"",""filter_version"":""government_tech_v2"",""tech_filter"":{""is_tech"":true,""is_core_tech"":true,""scope"":""core"",""categories"":[""computer_software"",""cybersecurity_cryptography""],""matched_fields"":[""major"",""description""],""major_terms"":[""信息安全"",""网络工程"",""计算机科学与技术"",""软件工程""],""role_terms"":[""信息科技"",""信息系统"",""软硬件""],""reason"":""tech_major_and_role""},""original"":{""部门代码"":""132112"",""部门名称"":""国家金融监督管理总局安徽监管局"",""用人司局"":""国家金融监督管理总局天长监管支局"",""机构性质"":""中央国家行政机关省级以下直属机构"",""招考职位"":""统计信息部门一级主任科员及以下"",""职位属性"":""金融监管计算机类职位"",""职位分布"":""其他职位"",""职位简介"":""主要从事金融信息科技风险监管、电子设备软硬件管理及信息系统运行维护等工作。"",""职位代码"":""300147232001"",""机构层级"":""县（区）级及以下"",""考试类别"":""市（地）级及以下直属机构综合管理类"",""招考人数"":""1"",""专业"":""080901计算机科学与技术、080902软件工程、080903网络工程、080904K信息安全"",""学历"":""仅限本科"",""学位"":""学士"",""政治面貌"":""不限"",""基层工作最低年限"":""无限制"",""服务基层项目工作经历"":""无限制"",""是否在面试阶段组织专业能力测试"":""否"",""面试人员比例"":""3:1"",""工作地点"":""安徽省滁州市天长市"",""落户地点"":""安徽省滁州市"",""备注"":""1.报名时请在专业栏中同时填写专业名称和专业代码；2.限应届高校毕业生报考，请在备注栏中注明本人具有应届高校毕业生身份；3.要求本科学历大学英语四级成绩425分及以上，请在外语水平栏中注明成绩；4.专业考试信息请参见国家金融监督管理总局2025年度招考公告。"",""部门网站"":""http://www.cbirc.gov.cn/"",""咨询电话1"":""0551-65192612"",""咨询电话2"":""0551-65192737"",""咨询电话3"":""0551-65192870"",""来源Sheet"":""中央国家行政机关省级以下直属机构""}}"
"government_jobs","国家公务员2025招考简章","公务员/事业单位技术岗位","安徽省六安市金寨县","2026-07-28T09:12:58.310295+00:00","统计信息部门一级主任科员及以下","国家金融监督管理总局安徽监管局","","安徽省六安市金寨县","公务员/事业单位;2025;computer_software;cybersecurity_cryptography;仅限本科;学士;080901计算机科学与技术、080902软件工程、080904K信息安全、080909T电子与计算机工程、080910T数据科学与大数据技术;市（地）级及以下直属机构综合管理类","用人司局：国家金融监督管理总局金寨监管支局
职位简介：主要从事金融信息科技风险监管、电子设备软硬件管理及信息系统运行维护等工作。
专业要求：080901计算机科学与技术、080902软件工程、080904K信息安全、080909T电子与计算机工程、080910T数据科学与大数据技术
学历要求：仅限本科
学位要求：学士
政治面貌：中共党员
基层工作经历：无限制
考试类别：市（地）级及以下直属机构综合管理类
备注：1.报名时请在专业栏中同时填写专业名称和专业代码；2.限应届高校毕业生报考，请在备注栏中注明本人具有应届高校毕业生身份；3.要求本科学历大学英语四级成绩425分及以上，请在外语水平栏中注明成绩；4.专业考试信息请参见国家金融监督管理总局2025年度招考公告。","https://www.xjhc.gov.cn/xjhc/c116834/202410/a29382e11a674da3be3353af65f9fcc5.shtml#132112-300147233001","2024-10-14","{""dataset_year"":2025,""job_uid"":""GOV-2025-132112-300147233001"",""publisher"":""国家公务员局"",""publication_page"":""https://www.xjhc.gov.cn/xjhc/c116834/202410/a29382e11a674da3be3353af65f9fcc5.shtml"",""attachment_url"":""https://www.xjhc.gov.cn/xjhc/c116834/202410/a29382e11a674da3be3353af65f9fcc5/files/0536cef86e2b46ddad6aae5a3780089e.xls"",""local_source_file"":""2025_guokao_zhaokaojianzhang.xls"",""local_source_sha256"":""07ae6cab368cd21b7a1ac3e8150fe9a3d39ad5171ce76135ff3cccfe50c3e77e"",""source_sheet"":""中央国家行政机关省级以下直属机构"",""filter_version"":""government_tech_v2"",""tech_filter"":{""is_tech"":true,""is_core_tech"":true,""scope"":""core"",""categories"":[""computer_software"",""cybersecurity_cryptography""],""matched_fields"":[""major"",""description""],""major_terms"":[""信息安全"",""大数据"",""数据科学与大数据技术"",""计算机"",""计算机科学与技术"",""软件工程""],""role_terms"":[""信息科技"",""信息系统"",""软硬件""],""reason"":""tech_major_and_role""},""original"":{""部门代码"":""132112"",""部门名称"":""国家金融监督管理总局安徽监管局"",""用人司局"":""国家金融监督管理总局金寨监管支局"",""机构性质"":""中央国家行政机关省级以下直属机构"",""招考职位"":""统计信息部门一级主任科员及以下"",""职位属性"":""金融监管计算机类职位"",""职位分布"":""其他职位"",""职位简介"":""主要从事金融信息科技风险监管、电子设备软硬件管理及信息系统运行维护等工作。"",""职位代码"":""300147233001"",""机构层级"":""县（区）级及以下"",""考试类别"":""市（地）级及以下直属机构综合管理类"",""招考人数"":""1"",""专业"":""080901计算机科学与技术、080902软件工程、080904K信息安全、080909T电子与计算机工程、080910T数据科学与大数据技术"",""学历"":""仅限本科"",""学位"":""学士"",""政治面貌"":""中共党员"",""基层工作最低年限"":""无限制"",""服务基层项目工作经历"":""无限制"",""是否在面试阶段组织专业能力测试"":""否"",""面试人员比例"":""3:1"",""工作地点"":""安徽省六安市金寨县"",""落户地点"":""安徽省六安市金寨县"",""备注"":""1.报名时请在专业栏中同时填写专业名称和专业代码；2.限应届高校毕业生报考，请在备注栏中注明本人具有应届高校毕业生身份；3.要求本科学历大学英语四级成绩425分及以上，请在外语水平栏中注明成绩；4.专业考试信息请参见国家金融监督管理总局2025年度招考公告。"",""部门网站"":""http://www.cbirc.gov.cn/"",""咨询电话1"":""0551-65192612"",""咨询电话2"":""0551-65192737"",""咨询电话3"":""0551-65192870"",""来源Sheet"":""中央国家行政机关省级以下直属机构""}}"
"government_jobs","国家公务员2025招考简章","公务员/事业单位技术岗位","安徽省合肥市巢湖市","2026-07-28T09:12:58.310295+00:00","统计信息部门一级主任科员及以下","国家金融监督管理总局安徽监管局","","安徽省合肥市巢湖市","公务员/事业单位;2025;computer_software;仅限本科;学士;计算机类;市（地）级及以下直属机构综合管理类","用人司局：国家金融监督管理总局巢湖监管分局
职位简介：主要从事金融信息科技风险监管、电子设备软硬件管理及信息系统运行维护等工作。
专业要求：计算机类
学历要求：仅限本科
学位要求：学士
政治面貌：不限
基层工作经历：无限制
考试类别：市（地）级及以下直属机构综合管理类
备注：1.报名时请在专业栏中同时填写专业名称和专业代码；2.限应届高校毕业生报考，请在备注栏中注明本人具有应届高校毕业生身份；3.要求本科学历大学英语四级成绩425分及以上，请在外语水平栏中注明成绩；4.专业考试信息请参见国家金融监督管理总局2025年度招考公告。","https://www.xjhc.gov.cn/xjhc/c116834/202410/a29382e11a674da3be3353af65f9fcc5.shtml#132112-300147236001","2024-10-14","{""dataset_year"":2025,""job_uid"":""GOV-2025-132112-300147236001"",""publisher"":""国家公务员局"",""publication_page"":""https://www.xjhc.gov.cn/xjhc/c116834/202410/a29382e11a674da3be3353af65f9fcc5.shtml"",""attachment_url"":""https://www.xjhc.gov.cn/xjhc/c116834/202410/a29382e11a674da3be3353af65f9fcc5/files/0536cef86e2b46ddad6aae5a3780089e.xls"",""local_source_file"":""2025_guokao_zhaokaojianzhang.xls"",""local_source_sha256"":""07ae6cab368cd21b7a1ac3e8150fe9a3d39ad5171ce76135ff3cccfe50c3e77e"",""source_sheet"":""中央国家行政机关省级以下直属机构"",""filter_version"":""government_tech_v2"",""tech_filter"":{""is_tech"":true,""is_core_tech"":true,""scope"":""core"",""categories"":[""computer_software""],""matched_fields"":[""major"",""description""],""major_terms"":[""计算机类""],""role_terms"":[""信息科技"",""信息系统"",""软硬件""],""reason"":""tech_major_and_role""},""original"":{""部门代码"":""132112"",""部门名称"":""国家金融监督管理总局安徽监管局"",""用人司局"":""国家金融监督管理总局巢湖监管分局"",""机构性质"":""中央国家行政机关省级以下直属机构"",""招考职位"":""统计信息部门一级主任科员及以下"",""职位属性"":""金融监管计算机类职位"",""职位分布"":""其他职位"",""职位简介"":""主要从事金融信息科技风险监管、电子设备软硬件管理及信息系统运行维护等工作。"",""职位代码"":""300147236001"",""机构层级"":""市（地）级"",""考试类别"":""市（地）级及以下直属机构综合管理类"",""招考人数"":""1"",""专业"":""计算机类"",""学历"":""仅限本科"",""学位"":""学士"",""政治面貌"":""不限"",""基层工作最低年限"":""无限制"",""服务基层项目工作经历"":""无限制"",""是否在面试阶段组织专业能力测试"":""否"",""面试人员比例"":""3:1"",""工作地点"":""安徽省合肥市巢湖市"",""落户地点"":""安徽省合肥市巢湖市"",""备注"":""1.报名时请在专业栏中同时填写专业名称和专业代码；2.限应届高校毕业生报考，请在备注栏中注明本人具有应届高校毕业生身份；3.要求本科学历大学英语四级成绩425分及以上，请在外语水平栏中注明成绩；4.专业考试信息请参见国家金融监督管理总局2025年度招考公告。"",""部门网站"":""http://www.cbirc.gov.cn/"",""咨询电话1"":""0551-65192612"",""咨询电话2"":""0551-65192737"",""咨询电话3"":""0551-65192870"",""来源Sheet"":""中央国家行政机关省级以下直属机构""}}"
"government_jobs","国家公务员2025招考简章","公务员/事业单位技术岗位","安徽省合肥市庐江县","2026-07-28T09:12:58.310295+00:00","统计信息部门一级主任科员及以下","国家金融监督管理总局安徽监管局","","安徽省合肥市庐江县","公务员/事业单位;2025;computer_software;仅限本科;学士;计算机类;市（地）级及以下直属机构综合管理类","用人司局：国家金融监督管理总局庐江监管支局
职位简介：主要从事金融信息科技风险监管、电子设备软硬件管理及信息系统运行维护等工作。
专业要求：计算机类
学历要求：仅限本科
学位要求：学士
政治面貌：不限
基层工作经历：无限制
考试类别：市（地）级及以下直属机构综合管理类
备注：1.报名时请在专业栏中同时填写专业名称和专业代码；2.要求本科学历大学英语四级成绩425分及以上，请在外语水平栏中注明成绩；3.专业考试信息请参见国家金融监督管理总局2025年度招考公告。","https://www.xjhc.gov.cn/xjhc/c116834/202410/a29382e11a674da3be3353af65f9fcc5.shtml#132112-300147237001","2024-10-14","{""dataset_year"":2025,""job_uid"":""GOV-2025-132112-300147237001"",""publisher"":""国家公务员局"",""publication_page"":""https://www.xjhc.gov.cn/xjhc/c116834/202410/a29382e11a674da3be3353af65f9fcc5.shtml"",""attachment_url"":""https://www.xjhc.gov.cn/xjhc/c116834/202410/a29382e11a674da3be3353af65f9fcc5/files/0536cef86e2b46ddad6aae5a3780089e.xls"",""local_source_file"":""2025_guokao_zhaokaojianzhang.xls"",""local_source_sha256"":""07ae6cab368cd21b7a1ac3e8150fe9a3d39ad5171ce76135ff3cccfe50c3e77e"",""source_sheet"":""中央国家行政机关省级以下直属机构"",""filter_version"":""government_tech_v2"",""tech_filter"":{""is_tech"":true,""is_core_tech"":true,""scope"":""core"",""categories"":[""computer_software""],""matched_fields"":[""major"",""description""],""major_terms"":[""计算机类""],""role_terms"":[""信息科技"",""信息系统"",""软硬件""],""reason"":""tech_major_and_role""},""original"":{""部门代码"":""132112"",""部门名称"":""国家金融监督管理总局安徽监管局"",""用人司局"":""国家金融监督管理总局庐江监管支局"",""机构性质"":""中央国家行政机关省级以下直属机构"",""招考职位"":""统计信息部门一级主任科员及以下"",""职位属性"":""金融监管计算机类职位"",""职位分布"":""其他职位"",""职位简介"":""主要从事金融信息科技风险监管、电子设备软硬件管理及信息系统运行维护等工作。"",""职位代码"":""300147237001"",""机构层级"":""县（区）级及以下"",""考试类别"":""市（地）级及以下直属机构综合管理类"",""招考人数"":""1"",""专业"":""计算机类"",""学历"":""仅限本科"",""学位"":""学士"",""政治面貌"":""不限"",""基层工作最低年限"":""无限制"",""服务基层项目工作经历"":""无限制"",""是否在面试阶段组织专业能力测试"":""否"",""面试人员比例"":""3:1"",""工作地点"":""安徽省合肥市庐江县"",""落户地点"":""安徽省合肥市庐江县"",""备注"":""1.报名时请在专业栏中同时填写专业名称和专业代码；2.要求本科学历大学英语四级成绩425分及以上，请在外语水平栏中注明成绩；3.专业考试信息请参见国家金融监督管理总局2025年度招考公告。"",""部门网站"":""http://www.cbirc.gov.cn/"",""咨询电话1"":""0551-65192612"",""咨询电话2"":""0551-65192737"",""咨询电话3"":""0551-65192870"",""来源Sheet"":""中央国家行政机关省级以下直属机构""}}"
"government_jobs","国家公务员2025招考简章","公务员/事业单位技术岗位","安徽省宣城市郎溪县","2026-07-28T09:12:58.310295+00:00","统计信息部门一级主任科员及以下","国家金融监督管理总局安徽监管局","","安徽省宣城市郎溪县","公务员/事业单位;2025;computer_software;仅限本科;学士;计算机类;市（地）级及以下直属机构综合管理类","用人司局：国家金融监督管理总局郎溪监管支局
职位简介：主要从事金融信息科技风险监管、电子设备软硬件管理及信息系统运行维护等工作。
专业要求：计算机类
学历要求：仅限本科
学位要求：学士
政治面貌：不限
基层工作经历：无限制
考试类别：市（地）级及以下直属机构综合管理类
备注：1.报名时请在专业栏中同时填写专业名称和专业代码；2.限2025届高校毕业生报考；3.要求本科学历大学英语四级成绩425分及以上，请在外语水平栏中注明成绩；4.专业考试信息请参见国家金融监督管理总局2025年度招考公告。","https://www.xjhc.gov.cn/xjhc/c116834/202410/a29382e11a674da3be3353af65f9fcc5.shtml#132112-300147238001","2024-10-14","{""dataset_year"":2025,""job_uid"":""GOV-2025-132112-300147238001"",""publisher"":""国家公务员局"",""publication_page"":""https://www.xjhc.gov.cn/xjhc/c116834/202410/a29382e11a674da3be3353af65f9fcc5.shtml"",""attachment_url"":""https://www.xjhc.gov.cn/xjhc/c116834/202410/a29382e11a674da3be3353af65f9fcc5/files/0536cef86e2b46ddad6aae5a3780089e.xls"",""local_source_file"":""2025_guokao_zhaokaojianzhang.xls"",""local_source_sha256"":""07ae6cab368cd21b7a1ac3e8150fe9a3d39ad5171ce76135ff3cccfe50c3e77e"",""source_sheet"":""中央国家行政机关省级以下直属机构"",""filter_version"":""government_tech_v2"",""tech_filter"":{""is_tech"":true,""is_core_tech"":true,""scope"":""core"",""categories"":[""computer_software""],""matched_fields"":[""major"",""description""],""major_terms"":[""计算机类""],""role_terms"":[""信息科技"",""信息系统"",""软硬件""],""reason"":""tech_major_and_role""},""original"":{""部门代码"":""132112"",""部门名称"":""国家金融监督管理总局安徽监管局"",""用人司局"":""国家金融监督管理总局郎溪监管支局"",""机构性质"":""中央国家行政机关省级以下直属机构"",""招考职位"":""统计信息部门一级主任科员及以下"",""职位属性"":""金融监管计算机类职位"",""职位分布"":""其他职位"",""职位简介"":""主要从事金融信息科技风险监管、电子设备软硬件管理及信息系统运行维护等工作。"",""职位代码"":""300147238001"",""机构层级"":""县（区）级及以下"",""考试类别"":""市（地）级及以下直属机构综合管理类"",""招考人数"":""1"",""专业"":""计算机类"",""学历"":""仅限本科"",""学位"":""学士"",""政治面貌"":""不限"",""基层工作最低年限"":""无限制"",""服务基层项目工作经历"":""无限制"",""是否在面试阶段组织专业能力测试"":""否"",""面试人员比例"":""3:1"",""工作地点"":""安徽省宣城市郎溪县"",""落户地点"":""安徽省宣城市郎溪县"",""备注"":""1.报名时请在专业栏中同时填写专业名称和专业代码；2.限2025届高校毕业生报考；3.要求本科学历大学英语四级成绩425分及以上，请在外语水平栏中注明成绩；4.专业考试信息请参见国家金融监督管理总局2025年度招考公告。"",""部门网站"":""http://www.cbirc.gov.cn/"",""咨询电话1"":""0551-65192612"",""咨询电话2"":""0551-65192737"",""咨询电话3"":""0551-65192870"",""来源Sheet"":""中央国家行政机关省级以下直属机构""}}"
"government_jobs","国家公务员2025招考简章","公务员/事业单位技术岗位","安徽省安庆市宿松县","2026-07-28T09:12:58.310295+00:00","统计信息部门一级主任科员及以下","国家金融监督管理总局安徽监管局","","安徽省安庆市宿松县","公务员/事业单位;2025;computer_software;cybersecurity_cryptography;仅限本科;学士;080901计算机科学与技术、080903网络工程、080904K信息安全;市（地）级及以下直属机构综合管理类","用人司局：国家金融监督管理总局宿松监管支局
职位简介：主要从事金融信息科技风险监管、电子设备软硬件管理及信息系统运行维护等工作。
专业要求：080901计算机科学与技术、080903网络工程、080904K信息安全
学历要求：仅限本科
学位要求：学士
政治面貌：不限
基层工作经历：无限制
考试类别：市（地）级及以下直属机构综合管理类
备注：1.报名时请在专业栏中同时填写专业名称和专业代码；2.限应届高校毕业生报考，请在备注栏中注明本人具有应届高校毕业生身份；3.单位无法落户；4.要求本科学历大学英语四级成绩425分及以上，请在外语水平栏中注明成绩；5.专业考试信息请参见国家金融监督管理总局2025年度招考公告。","https://www.xjhc.gov.cn/xjhc/c116834/202410/a29382e11a674da3be3353af65f9fcc5.shtml#132112-300147243001","2024-10-14","{""dataset_year"":2025,""job_uid"":""GOV-2025-132112-300147243001"",""publisher"":""国家公务员局"",""publication_page"":""https://www.xjhc.gov.cn/xjhc/c116834/202410/a29382e11a674da3be3353af65f9fcc5.shtml"",""attachment_url"":""https://www.xjhc.gov.cn/xjhc/c116834/202410/a29382e11a674da3be3353af65f9fcc5/files/0536cef86e2b46ddad6aae5a3780089e.xls"",""local_source_file"":""2025_guokao_zhaokaojianzhang.xls"",""local_source_sha256"":""07ae6cab368cd21b7a1ac3e8150fe9a3d39ad5171ce76135ff3cccfe50c3e77e"",""source_sheet"":""中央国家行政机关省级以下直属机构"",""filter_version"":""government_tech_v2"",""tech_filter"":{""is_tech"":true,""is_core_tech"":true,""scope"":""core"",""categories"":[""computer_software"",""cybersecurity_cryptography""],""matched_fields"":[""major"",""description""],""major_terms"":[""信息安全"",""网络工程"",""计算机科学与技术""],""role_terms"":[""信息科技"",""信息系统"",""软硬件""],""reason"":""tech_major_and_role""},""original"":{""部门代码"":""132112"",""部门名称"":""国家金融监督管理总局安徽监管局"",""用人司局"":""国家金融监督管理总局宿松监管支局"",""机构性质"":""中央国家行政机关省级以下直属机构"",""招考职位"":""统计信息部门一级主任科员及以下"",""职位属性"":""金融监管计算机类职位"",""职位分布"":""其他职位"",""职位简介"":""主要从事金融信息科技风险监管、电子设备软硬件管理及信息系统运行维护等工作。"",""职位代码"":""300147243001"",""机构层级"":""县（区）级及以下"",""考试类别"":""市（地）级及以下直属机构综合管理类"",""招考人数"":""1"",""专业"":""080901计算机科学与技术、080903网络工程、080904K信息安全"",""学历"":""仅限本科"",""学位"":""学士"",""政治面貌"":""不限"",""基层工作最低年限"":""无限制"",""服务基层项目工作经历"":""无限制"",""是否在面试阶段组织专业能力测试"":""否"",""面试人员比例"":""3:1"",""工作地点"":""安徽省安庆市宿松县"",""落户地点"":""安徽省安庆市宿松县"",""备注"":""1.报名时请在专业栏中同时填写专业名称和专业代码；2.限应届高校毕业生报考，请在备注栏中注明本人具有应届高校毕业生身份；3.单位无法落户；4.要求本科学历大学英语四级成绩425分及以上，请在外语水平栏中注明成绩；5.专业考试信息请参见国家金融监督管理总局2025年度招考公告。"",""部门网站"":""http://www.cbirc.gov.cn/"",""咨询电话1"":""0551-65192612"",""咨询电话2"":""0551-65192737"",""咨询电话3"":""0551-65192870"",""来源Sheet"":""中央国家行政机关省级以下直属机构""}}"
"government_jobs","国家公务员2025招考简章","公务员/事业单位技术岗位","安徽省宣城市宁国市","2026-07-28T09:12:58.310295+00:00","监管部门一级主任科员及以下","国家金融监督管理总局安徽监管局","","安徽省宣城市宁国市","公务员/事业单位;2025;computer_software;仅限本科;学士;计算机类;市（地）级及以下直属机构综合管理类","用人司局：国家金融监督管理总局宁国监管支局
职位简介：主要从事金融信息科技风险监管、电子设备软硬件管理及信息系统运行维护等工作。
专业要求：计算机类
学历要求：仅限本科
学位要求：学士
政治面貌：不限
基层工作经历：无限制
考试类别：市（地）级及以下直属机构综合管理类
备注：1.报名时请在专业栏中同时填写专业名称和专业代码；2.限2025届高校毕业生报考，请在备注栏中注明本人具有应届高校毕业生身份；3.要求本科学历大学英语四级成绩425分及以上，请在外语水平栏中注明成绩；4.专业考试信息请参见国家金融监督管理总局2025年度招考公告。","https://www.xjhc.gov.cn/xjhc/c116834/202410/a29382e11a674da3be3353af65f9fcc5.shtml#132112-300147791001","2024-10-14","{""dataset_year"":2025,""job_uid"":""GOV-2025-132112-300147791001"",""publisher"":""国家公务员局"",""publication_page"":""https://www.xjhc.gov.cn/xjhc/c116834/202410/a29382e11a674da3be3353af65f9fcc5.shtml"",""attachment_url"":""https://www.xjhc.gov.cn/xjhc/c116834/202410/a29382e11a674da3be3353af65f9fcc5/files/0536cef86e2b46ddad6aae5a3780089e.xls"",""local_source_file"":""2025_guokao_zhaokaojianzhang.xls"",""local_source_sha256"":""07ae6cab368cd21b7a1ac3e8150fe9a3d39ad5171ce76135ff3cccfe50c3e77e"",""source_sheet"":""中央国家行政机关省级以下直属机构"",""filter_version"":""government_tech_v2"",""tech_filter"":{""is_tech"":true,""is_core_tech"":true,""scope"":""core"",""categories"":[""computer_software""],""matched_fields"":[""major"",""description""],""major_terms"":[""计算机类""],""role_terms"":[""信息科技"",""信息系统"",""软硬件""],""reason"":""tech_major_and_role""},""original"":{""部门代码"":""132112"",""部门名称"":""国家金融监督管理总局安徽监管局"",""用人司局"":""国家金融监督管理总局宁国监管支局"",""机构性质"":""中央国家行政机关省级以下直属机构"",""招考职位"":""监管部门一级主任科员及以下"",""职位属性"":""金融监管计算机类职位"",""职位分布"":""其他职位"",""职位简介"":""主要从事金融信息科技风险监管、电子设备软硬件管理及信息系统运行维护等工作。"",""职位代码"":""300147791001"",""机构层级"":""县（区）级及以下"",""考试类别"":""市（地）级及以下直属机构综合管理类"",""招考人数"":""1"",""专业"":""计算机类"",""学历"":""仅限本科"",""学位"":""学士"",""政治面貌"":""不限"",""基层工作最低年限"":""无限制"",""服务基层项目工作经历"":""无限制"",""是否在面试阶段组织专业能力测试"":""否"",""面试人员比例"":""3:1"",""工作地点"":""安徽省宣城市宁国市"",""落户地点"":""安徽省宣城市宁国市"",""备注"":""1.报名时请在专业栏中同时填写专业名称和专业代码；2.限2025届高校毕业生报考，请在备注栏中注明本人具有应届高校毕业生身份；3.要求本科学历大学英语四级成绩425分及以上，请在外语水平栏中注明成绩；4.专业考试信息请参见国家金融监督管理总局2025年度招考公告。"",""部门网站"":""http://www.cbirc.gov.cn/"",""咨询电话1"":""0551-65192612"",""咨询电话2"":""0551-65192737"",""咨询电话3"":""0551-65192870"",""来源Sheet"":""中央国家行政机关省级以下直属机构""}}"
"government_jobs","国家公务员2025招考简章","公务员/事业单位技术岗位","安徽省淮北市濉溪县","2026-07-28T09:12:58.310295+00:00","监管部门一级主任科员及以下","国家金融监督管理总局安徽监管局","","安徽省淮北市濉溪县","公务员/事业单位;2025;computer_software;data_ai;仅限本科;学士;071201统计学、071202应用统计学、071203T数据科学;市（地）级及以下直属机构综合管理类","用人司局：国家金融监督管理总局濉溪监管支局
职位简介：主要从事金融监管数据统计分析工作。
专业要求：071201统计学、071202应用统计学、071203T数据科学
学历要求：仅限本科
学位要求：学士
政治面貌：不限
基层工作经历：无限制
考试类别：市（地）级及以下直属机构综合管理类
备注：1.报名时请在专业栏中同时填写专业名称和专业代码；2.限应届高校毕业生报考，请在备注栏中注明本人具有应届高校毕业生身份；3.要求本科学历大学英语四级成绩425分及以上，请在外语水平栏中注明成绩；4.专业考试信息请参见国家金融监督管理总局2025年度招考公告。","https://www.xjhc.gov.cn/xjhc/c116834/202410/a29382e11a674da3be3353af65f9fcc5.shtml#132112-300148224001","2024-10-14","{""dataset_year"":2025,""job_uid"":""GOV-2025-132112-300148224001"",""publisher"":""国家公务员局"",""publication_page"":""https://www.xjhc.gov.cn/xjhc/c116834/202410/a29382e11a674da3be3353af65f9fcc5.shtml"",""attachment_url"":""https://www.xjhc.gov.cn/xjhc/c116834/202410/a29382e11a674da3be3353af65f9fcc5/files/0536cef86e2b46ddad6aae5a3780089e.xls"",""local_source_file"":""2025_guokao_zhaokaojianzhang.xls"",""local_source_sha256"":""07ae6cab368cd21b7a1ac3e8150fe9a3d39ad5171ce76135ff3cccfe50c3e77e"",""source_sheet"":""中央国家行政机关省级以下直属机构"",""filter_version"":""government_tech_v2"",""tech_filter"":{""is_tech"":true,""is_core_tech"":true,""scope"":""core"",""categories"":[""computer_software"",""data_ai""],""matched_fields"":[""major"",""description""],""major_terms"":[""数据科学""],""role_terms"":[""数据统计分析""],""reason"":""tech_major_and_role""},""original"":{""部门代码"":""132112"",""部门名称"":""国家金融监督管理总局安徽监管局"",""用人司局"":""国家金融监督管理总局濉溪监管支局"",""机构性质"":""中央国家行政机关省级以下直属机构"",""招考职位"":""监管部门一级主任科员及以下"",""职位属性"":""金融监管综合类职位"",""职位分布"":""其他职位"",""职位简介"":""主要从事金融监管数据统计分析工作。"",""职位代码"":""300148224001"",""机构层级"":""县（区）级及以下"",""考试类别"":""市（地）级及以下直属机构综合管理类"",""招考人数"":""1"",""专业"":""071201统计学、071202应用统计学、071203T数据科学"",""学历"":""仅限本科"",""学位"":""学士"",""政治面貌"":""不限"",""基层工作最低年限"":""无限制"",""服务基层项目工作经历"":""无限制"",""是否在面试阶段组织专业能力测试"":""否"",""面试人员比例"":""3:1"",""工作地点"":""安徽省淮北市濉溪县"",""落户地点"":""安徽省淮北市濉溪县"",""备注"":""1.报名时请在专业栏中同时填写专业名称和专业代码；2.限应届高校毕业生报考，请在备注栏中注明本人具有应届高校毕业生身份；3.要求本科学历大学英语四级成绩425分及以上，请在外语水平栏中注明成绩；4.专业考试信息请参见国家金融监督管理总局2025年度招考公告。"",""部门网站"":""http://www.cbirc.gov.cn/"",""咨询电话1"":""0551-65192612"",""咨询电话2"":""0551-65192737"",""咨询电话3"":""0551-65192870"",""来源Sheet"":""中央国家行政机关省级以下直属机构""}}"
"government_jobs","国家公务员2025招考简章","公务员/事业单位技术岗位","福建省福州市永泰县","2026-07-28T09:12:58.310295+00:00","统计信息部门一级主任科员及以下","国家金融监督管理总局福建监管局","","福建省福州市永泰县","公务员/事业单位;2025;computer_software;cybersecurity_cryptography;本科及以上;与最高学历相对应的学位;本科：080901计算机科学与技术、080902软件工程、080903网络工程、080904K信息安全、080910T数据科学与大数据技术； 研究生：0812计算机科学与技术、0835软件工程;市（地）级及以下直属机构综合管理类","用人司局：国家金融监督管理总局永泰监管支局
职位简介：主要从事金融信息科技风险监管、电子设备软硬件管理及信息系统运行维护等工作
专业要求：本科：080901计算机科学与技术、080902软件工程、080903网络工程、080904K信息安全、080910T数据科学与大数据技术； 研究生：0812计算机科学与技术、0835软件工程
学历要求：本科及以上
学位要求：与最高学历相对应的学位
政治面貌：不限
基层工作经历：无限制
考试类别：市（地）级及以下直属机构综合管理类
备注：1.报名时请在专业栏中同时填写专业名称和专业代码；2.限应届高校毕业生报考，请在备注栏中注明本人具有应届高校毕业生身份；3.要求本科学历大学英语四级成绩425分及以上，请在外语水平栏中注明成绩；要求研究生学历大学英语六级成绩425分及以上，请在外语水平栏中注明成绩；4.本单位最低服务年限为5年（含试用期）；5.专业考试信息请参见国家金融监督管理总局2025年度招考公告。","https://www.xjhc.gov.cn/xjhc/c116834/202410/a29382e11a674da3be3353af65f9fcc5.shtml#132113-300147247001","2024-10-14","{""dataset_year"":2025,""job_uid"":""GOV-2025-132113-300147247001"",""publisher"":""国家公务员局"",""publication_page"":""https://www.xjhc.gov.cn/xjhc/c116834/202410/a29382e11a674da3be3353af65f9fcc5.shtml"",""attachment_url"":""https://www.xjhc.gov.cn/xjhc/c116834/202410/a29382e11a674da3be3353af65f9fcc5/files/0536cef86e2b46ddad6aae5a3780089e.xls"",""local_source_file"":""2025_guokao_zhaokaojianzhang.xls"",""local_source_sha256"":""07ae6cab368cd21b7a1ac3e8150fe9a3d39ad5171ce76135ff3cccfe50c3e77e"",""source_sheet"":""中央国家行政机关省级以下直属机构"",""filter_version"":""government_tech_v2"",""tech_filter"":{""is_tech"":true,""is_core_tech"":true,""scope"":""core"",""categories"":[""computer_software"",""cybersecurity_cryptography""],""matched_fields"":[""major"",""description""],""major_terms"":[""信息安全"",""大数据"",""数据科学与大数据技术"",""网络工程"",""计算机科学与技术"",""软件工程""],""role_terms"":[""信息科技"",""信息系统"",""软硬件""],""reason"":""tech_major_and_role""},""original"":{""部门代码"":""132113"",""部门名称"":""国家金融监督管理总局福建监管局"",""用人司局"":""国家金融监督管理总局永泰监管支局"",""机构性质"":""中央国家行政机关省级以下直属机构"",""招考职位"":""统计信息部门一级主任科员及以下"",""职位属性"":""金融监管计算机类职位"",""职位分布"":""其他职位"",""职位简介"":""主要从事金融信息科技风险监管、电子设备软硬件管理及信息系统运行维护等工作"",""职位代码"":""300147247001"",""机构层级"":""县（区）级及以下"",""考试类别"":""市（地）级及以下直属机构综合管理类"",""招考人数"":""1"",""专业"":""本科：080901计算机科学与技术、080902软件工程、080903网络工程、080904K信息安全、080910T数据科学与大数据技术； 研究生：0812计算机科学与技术、0835软件工程"",""学历"":""本科及以上"",""学位"":""与最高学历相对应的学位"",""政治面貌"":""不限"",""基层工作最低年限"":""无限制"",""服务基层项目工作经历"":""无限制"",""是否在面试阶段组织专业能力测试"":""否"",""面试人员比例"":""3:1"",""工作地点"":""福建省福州市永泰县"",""落户地点"":""福建省福州市永泰县"",""备注"":""1.报名时请在专业栏中同时填写专业名称和专业代码；2.限应届高校毕业生报考，请在备注栏中注明本人具有应届高校毕业生身份；3.要求本科学历大学英语四级成绩425分及以上，请在外语水平栏中注明成绩；要求研究生学历大学英语六级成绩425分及以上，请在外语水平栏中注明成绩；4.本单位最低服务年限为5年（含试用期）；5.专业考试信息请参见国家金融监督管理总局2025年度招考公告。"",""部门网站"":""http://www.cbirc.gov.cn/"",""咨询电话1"":""0591-88301121"",""咨询电话2"":""0591-87767956"",""咨询电话3"":"""",""来源Sheet"":""中央国家行政机关省级以下直属机构""}}"
"government_jobs","国家公务员2025招考简章","公务员/事业单位技术岗位","福建省福州市平潭县","2026-07-28T09:12:58.310295+00:00","统计信息部门一级主任科员及以下","国家金融监督管理总局福建监管局","","福建省福州市平潭县","公务员/事业单位;2025;computer_software;cybersecurity_cryptography;仅限本科;学士;080901计算机科学与技术、080902软件工程、080903网络工程、080904K信息安全、080910T数据科学与大数据技术;市（地）级及以下直属机构综合管理类","用人司局：国家金融监督管理总局平潭监管支局
职位简介：主要从事金融信息科技风险监管、电子设备软硬件管理及信息系统运行维护等工作
专业要求：080901计算机科学与技术、080902软件工程、080903网络工程、080904K信息安全、080910T数据科学与大数据技术
学历要求：仅限本科
学位要求：学士
政治面貌：不限
基层工作经历：无限制
考试类别：市（地）级及以下直属机构综合管理类
备注：1.报名时请在专业栏中同时填写专业名称和专业代码；2.限应届高校毕业生报考，请在备注栏中注明本人具有应届高校毕业生身份；3.要求本科学历大学英语四级成绩425分及以上，请在外语水平栏中注明成绩；4.本单位最低服务年限为5年（含试用期）；5.专业考试信息请参见国家金融监督管理总局2025年度招考公告。","https://www.xjhc.gov.cn/xjhc/c116834/202410/a29382e11a674da3be3353af65f9fcc5.shtml#132113-300147248001","2024-10-14","{""dataset_year"":2025,""job_uid"":""GOV-2025-132113-300147248001"",""publisher"":""国家公务员局"",""publication_page"":""https://www.xjhc.gov.cn/xjhc/c116834/202410/a29382e11a674da3be3353af65f9fcc5.shtml"",""attachment_url"":""https://www.xjhc.gov.cn/xjhc/c116834/202410/a29382e11a674da3be3353af65f9fcc5/files/0536cef86e2b46ddad6aae5a3780089e.xls"",""local_source_file"":""2025_guokao_zhaokaojianzhang.xls"",""local_source_sha256"":""07ae6cab368cd21b7a1ac3e8150fe9a3d39ad5171ce76135ff3cccfe50c3e77e"",""source_sheet"":""中央国家行政机关省级以下直属机构"",""filter_version"":""government_tech_v2"",""tech_filter"":{""is_tech"":true,""is_core_tech"":true,""scope"":""core"",""categories"":[""computer_software"",""cybersecurity_cryptography""],""matched_fields"":[""major"",""description""],""major_terms"":[""信息安全"",""大数据"",""数据科学与大数据技术"",""网络工程"",""计算机科学与技术"",""软件工程""],""role_terms"":[""信息科技"",""信息系统"",""软硬件""],""reason"":""tech_major_and_role""},""original"":{""部门代码"":""132113"",""部门名称"":""国家金融监督管理总局福建监管局"",""用人司局"":""国家金融监督管理总局平潭监管支局"",""机构性质"":""中央国家行政机关省级以下直属机构"",""招考职位"":""统计信息部门一级主任科员及以下"",""职位属性"":""金融监管计算机类职位"",""职位分布"":""其他职位"",""职位简介"":""主要从事金融信息科技风险监管、电子设备软硬件管理及信息系统运行维护等工作"",""职位代码"":""300147248001"",""机构层级"":""县（区）级及以下"",""考试类别"":""市（地）级及以下直属机构综合管理类"",""招考人数"":""1"",""专业"":""080901计算机科学与技术、080902软件工程、080903网络工程、080904K信息安全、080910T数据科学与大数据技术"",""学历"":""仅限本科"",""学位"":""学士"",""政治面貌"":""不限"",""基层工作最低年限"":""无限制"",""服务基层项目工作经历"":""无限制"",""是否在面试阶段组织专业能力测试"":""否"",""面试人员比例"":""3:1"",""工作地点"":""福建省福州市平潭县"",""落户地点"":""福建省福州市平潭县"",""备注"":""1.报名时请在专业栏中同时填写专业名称和专业代码；2.限应届高校毕业生报考，请在备注栏中注明本人具有应届高校毕业生身份；3.要求本科学历大学英语四级成绩425分及以上，请在外语水平栏中注明成绩；4.本单位最低服务年限为5年（含试用期）；5.专业考试信息请参见国家金融监督管理总局2025年度招考公告。"",""部门网站"":""http://www.cbirc.gov.cn/"",""咨询电话1"":""0591-88301121"",""咨询电话2"":""0591-87767956"",""咨询电话3"":"""",""来源Sheet"":""中央国家行政机关省级以下直属机构""}}"
"government_jobs","国家公务员2025招考简章","公务员/事业单位技术岗位","福建省福州市马尾区","2026-07-28T09:12:58.310295+00:00","统计信息部门一级主任科员及以下","国家金融监督管理总局福建监管局","","福建省福州市马尾区","公务员/事业单位;2025;computer_software;cybersecurity_cryptography;本科及以上;与最高学历相对应的学位;本科：080901计算机科学与技术、080902软件工程、080903网络工程、080904K信息安全、080910T数据科学与大数据技术； 研究生：0812计算机科学与技术、0835软件工程;市（地）级及以下直属机构综合管理类","用人司局：国家金融监督管理总局马尾监管支局
职位简介：主要从事金融信息科技风险监管、电子设备软硬件管理及信息系统运行维护等工作
专业要求：本科：080901计算机科学与技术、080902软件工程、080903网络工程、080904K信息安全、080910T数据科学与大数据技术； 研究生：0812计算机科学与技术、0835软件工程
学历要求：本科及以上
学位要求：与最高学历相对应的学位
政治面貌：不限
基层工作经历：无限制
考试类别：市（地）级及以下直属机构综合管理类
备注：1.报名时请在专业栏中同时填写专业名称和专业代码；2.限应届高校毕业生报考，请在备注栏中注明本人具有应届高校毕业生身份；3.要求本科学历大学英语四级成绩425分及以上，请在外语水平栏中注明成绩；要求研究生学历大学英语六级成绩425分及以上，请在外语水平栏中注明成绩；4.本单位最低服务年限为5年（含试用期）；5.专业考试信息请参见国家金融监督管理总局2025年度招考公告","https://www.xjhc.gov.cn/xjhc/c116834/202410/a29382e11a674da3be3353af65f9fcc5.shtml#132113-300147249001","2024-10-14","{""dataset_year"":2025,""job_uid"":""GOV-2025-132113-300147249001"",""publisher"":""国家公务员局"",""publication_page"":""https://www.xjhc.gov.cn/xjhc/c116834/202410/a29382e11a674da3be3353af65f9fcc5.shtml"",""attachment_url"":""https://www.xjhc.gov.cn/xjhc/c116834/202410/a29382e11a674da3be3353af65f9fcc5/files/0536cef86e2b46ddad6aae5a3780089e.xls"",""local_source_file"":""2025_guokao_zhaokaojianzhang.xls"",""local_source_sha256"":""07ae6cab368cd21b7a1ac3e8150fe9a3d39ad5171ce76135ff3cccfe50c3e77e"",""source_sheet"":""中央国家行政机关省级以下直属机构"",""filter_version"":""government_tech_v2"",""tech_filter"":{""is_tech"":true,""is_core_tech"":true,""scope"":""core"",""categories"":[""computer_software"",""cybersecurity_cryptography""],""matched_fields"":[""major"",""description""],""major_terms"":[""信息安全"",""大数据"",""数据科学与大数据技术"",""网络工程"",""计算机科学与技术"",""软件工程""],""role_terms"":[""信息科技"",""信息系统"",""软硬件""],""reason"":""tech_major_and_role""},""original"":{""部门代码"":""132113"",""部门名称"":""国家金融监督管理总局福建监管局"",""用人司局"":""国家金融监督管理总局马尾监管支局"",""机构性质"":""中央国家行政机关省级以下直属机构"",""招考职位"":""统计信息部门一级主任科员及以下"",""职位属性"":""金融监管计算机类职位"",""职位分布"":""其他职位"",""职位简介"":""主要从事金融信息科技风险监管、电子设备软硬件管理及信息系统运行维护等工作"",""职位代码"":""300147249001"",""机构层级"":""县（区）级及以下"",""考试类别"":""市（地）级及以下直属机构综合管理类"",""招考人数"":""1"",""专业"":""本科：080901计算机科学与技术、080902软件工程、080903网络工程、080904K信息安全、080910T数据科学与大数据技术； 研究生：0812计算机科学与技术、0835软件工程"",""学历"":""本科及以上"",""学位"":""与最高学历相对应的学位"",""政治面貌"":""不限"",""基层工作最低年限"":""无限制"",""服务基层项目工作经历"":""无限制"",""是否在面试阶段组织专业能力测试"":""否"",""面试人员比例"":""3:1"",""工作地点"":""福建省福州市马尾区"",""落户地点"":""福建省福州市马尾区"",""备注"":""1.报名时请在专业栏中同时填写专业名称和专业代码；2.限应届高校毕业生报考，请在备注栏中注明本人具有应届高校毕业生身份；3.要求本科学历大学英语四级成绩425分及以上，请在外语水平栏中注明成绩；要求研究生学历大学英语六级成绩425分及以上，请在外语水平栏中注明成绩；4.本单位最低服务年限为5年（含试用期）；5.专业考试信息请参见国家金融监督管理总局2025年度招考公告"",""部门网站"":""http://www.cbirc.gov.cn/"",""咨询电话1"":""0591-88301121"",""咨询电话2"":""0591-87767956"",""咨询电话3"":"""",""来源Sheet"":""中央国家行政机关省级以下直属机构""}}"
"government_jobs","国家公务员2025招考简章","公务员/事业单位技术岗位","福建省泉州市德化县","2026-07-28T09:12:58.310295+00:00","统计信息部门一级主任科员及以下","国家金融监督管理总局福建监管局","","福建省泉州市德化县","公务员/事业单位;2025;computer_software;cybersecurity_cryptography;仅限本科;学士;080901计算机科学与技术、080902软件工程、080903网络工程、080904K信息安全、080910T数据科学与大数据技术;市（地）级及以下直属机构综合管理类","用人司局：国家金融监督管理总局德化监管支局
职位简介：主要从事金融信息科技风险监管、电子设备软硬件管理及信息系统运行维护等工作
专业要求：080901计算机科学与技术、080902软件工程、080903网络工程、080904K信息安全、080910T数据科学与大数据技术
学历要求：仅限本科
学位要求：学士
政治面貌：不限
基层工作经历：无限制
考试类别：市（地）级及以下直属机构综合管理类
备注：1.报名时请在专业栏中同时填写专业名称和专业代码；2.要求本科学历大学英语四级成绩425分及以上，请在外语水平栏中注明成绩；3.本单位最低服务年限为5年（含试用期）；4.专业考试信息请参见国家金融监督管理总局2025年度招考公告。","https://www.xjhc.gov.cn/xjhc/c116834/202410/a29382e11a674da3be3353af65f9fcc5.shtml#132113-300147251001","2024-10-14","{""dataset_year"":2025,""job_uid"":""GOV-2025-132113-300147251001"",""publisher"":""国家公务员局"",""publication_page"":""https://www.xjhc.gov.cn/xjhc/c116834/202410/a29382e11a674da3be3353af65f9fcc5.shtml"",""attachment_url"":""https://www.xjhc.gov.cn/xjhc/c116834/202410/a29382e11a674da3be3353af65f9fcc5/files/0536cef86e2b46ddad6aae5a3780089e.xls"",""local_source_file"":""2025_guokao_zhaokaojianzhang.xls"",""local_source_sha256"":""07ae6cab368cd21b7a1ac3e8150fe9a3d39ad5171ce76135ff3cccfe50c3e77e"",""source_sheet"":""中央国家行政机关省级以下直属机构"",""filter_version"":""government_tech_v2"",""tech_filter"":{""is_tech"":true,""is_core_tech"":true,""scope"":""core"",""categories"":[""computer_software"",""cybersecurity_cryptography""],""matched_fields"":[""major"",""description""],""major_terms"":[""信息安全"",""大数据"",""数据科学与大数据技术"",""网络工程"",""计算机科学与技术"",""软件工程""],""role_terms"":[""信息科技"",""信息系统"",""软硬件""],""reason"":""tech_major_and_role""},""original"":{""部门代码"":""132113"",""部门名称"":""国家金融监督管理总局福建监管局"",""用人司局"":""国家金融监督管理总局德化监管支局"",""机构性质"":""中央国家行政机关省级以下直属机构"",""招考职位"":""统计信息部门一级主任科员及以下"",""职位属性"":""金融监管计算机类职位"",""职位分布"":""其他职位"",""职位简介"":""主要从事金融信息科技风险监管、电子设备软硬件管理及信息系统运行维护等工作"",""职位代码"":""300147251001"",""机构层级"":""县（区）级及以下"",""考试类别"":""市（地）级及以下直属机构综合管理类"",""招考人数"":""1"",""专业"":""080901计算机科学与技术、080902软件工程、080903网络工程、080904K信息安全、080910T数据科学与大数据技术"",""学历"":""仅限本科"",""学位"":""学士"",""政治面貌"":""不限"",""基层工作最低年限"":""无限制"",""服务基层项目工作经历"":""无限制"",""是否在面试阶段组织专业能力测试"":""否"",""面试人员比例"":""3:1"",""工作地点"":""福建省泉州市德化县"",""落户地点"":""福建省泉州市德化县"",""备注"":""1.报名时请在专业栏中同时填写专业名称和专业代码；2.要求本科学历大学英语四级成绩425分及以上，请在外语水平栏中注明成绩；3.本单位最低服务年限为5年（含试用期）；4.专业考试信息请参见国家金融监督管理总局2025年度招考公告。"",""部门网站"":""http://www.cbirc.gov.cn/"",""咨询电话1"":""0591-88301121"",""咨询电话2"":""0591-87767956"",""咨询电话3"":"""",""来源Sheet"":""中央国家行政机关省级以下直属机构""}}"
"government_jobs","国家公务员2025招考简章","公务员/事业单位技术岗位","福建省漳州市东山县","2026-07-28T09:12:58.310295+00:00","统计信息部门一级主任科员及以下","国家金融监督管理总局福建监管局","","福建省漳州市东山县","公务员/事业单位;2025;computer_software;cybersecurity_cryptography;仅限本科;学士;080901计算机科学与技术、080902软件工程、080903网络工程、080904K信息安全、080909T电子与计算机工程;市（地）级及以下直属机构综合管理类","用人司局：国家金融监督管理总局东山监管支局
职位简介：主要从事金融信息科技风险监管、电子设备软硬件管理及信息系统运行维护等工作
专业要求：080901计算机科学与技术、080902软件工程、080903网络工程、080904K信息安全、080909T电子与计算机工程
学历要求：仅限本科
学位要求：学士
政治面貌：不限
基层工作经历：无限制
考试类别：市（地）级及以下直属机构综合管理类
备注：1.报名时请在专业栏中同时填写专业名称和专业代码；2.限应届高校毕业生报考，请在备注栏中注明本人具有应届高校毕业生身份；3.要求本科学历大学英语四级成绩425分及以上，请在外语水平栏中注明成绩；4.本单位最低服务年限为5年（含试用期）；5.专业考试信息请参见国家金融监督管理总局2025年度招考公告。","https://www.xjhc.gov.cn/xjhc/c116834/202410/a29382e11a674da3be3353af65f9fcc5.shtml#132113-300147253001","2024-10-14","{""dataset_year"":2025,""job_uid"":""GOV-2025-132113-300147253001"",""publisher"":""国家公务员局"",""publication_page"":""https://www.xjhc.gov.cn/xjhc/c116834/202410/a29382e11a674da3be3353af65f9fcc5.shtml"",""attachment_url"":""https://www.xjhc.gov.cn/xjhc/c116834/202410/a29382e11a674da3be3353af65f9fcc5/files/0536cef86e2b46ddad6aae5a3780089e.xls"",""local_source_file"":""2025_guokao_zhaokaojianzhang.xls"",""local_source_sha256"":""07ae6cab368cd21b7a1ac3e8150fe9a3d39ad5171ce76135ff3cccfe50c3e77e"",""source_sheet"":""中央国家行政机关省级以下直属机构"",""filter_version"":""government_tech_v2"",""tech_filter"":{""is_tech"":true,""is_core_tech"":true,""scope"":""core"",""categories"":[""computer_software"",""cybersecurity_cryptography""],""matched_fields"":[""major"",""description""],""major_terms"":[""信息安全"",""网络工程"",""计算机"",""计算机科学与技术"",""软件工程""],""role_terms"":[""信息科技"",""信息系统"",""软硬件""],""reason"":""tech_major_and_role""},""original"":{""部门代码"":""132113"",""部门名称"":""国家金融监督管理总局福建监管局"",""用人司局"":""国家金融监督管理总局东山监管支局"",""机构性质"":""中央国家行政机关省级以下直属机构"",""招考职位"":""统计信息部门一级主任科员及以下"",""职位属性"":""金融监管计算机类职位"",""职位分布"":""其他职位"",""职位简介"":""主要从事金融信息科技风险监管、电子设备软硬件管理及信息系统运行维护等工作"",""职位代码"":""300147253001"",""机构层级"":""县（区）级及以下"",""考试类别"":""市（地）级及以下直属机构综合管理类"",""招考人数"":""1"",""专业"":""080901计算机科学与技术、080902软件工程、080903网络工程、080904K信息安全、080909T电子与计算机工程"",""学历"":""仅限本科"",""学位"":""学士"",""政治面貌"":""不限"",""基层工作最低年限"":""无限制"",""服务基层项目工作经历"":""无限制"",""是否在面试阶段组织专业能力测试"":""否"",""面试人员比例"":""3:1"",""工作地点"":""福建省漳州市东山县"",""落户地点"":""福建省漳州市东山县"",""备注"":""1.报名时请在专业栏中同时填写专业名称和专业代码；2.限应届高校毕业生报考，请在备注栏中注明本人具有应届高校毕业生身份；3.要求本科学历大学英语四级成绩425分及以上，请在外语水平栏中注明成绩；4.本单位最低服务年限为5年（含试用期）；5.专业考试信息请参见国家金融监督管理总局2025年度招考公告。"",""部门网站"":""http://www.cbirc.gov.cn/"",""咨询电话1"":""0591-88301121"",""咨询电话2"":""0591-87767956"",""咨询电话3"":"""",""来源Sheet"":""中央国家行政机关省级以下直属机构""}}"
"government_jobs","国家公务员2025招考简章","公务员/事业单位技术岗位","福建省莆田市","2026-07-28T09:12:58.310295+00:00","统计信息部门一级主任科员及以下","国家金融监督管理总局福建监管局","","福建省莆田市","公务员/事业单位;2025;computer_software;cybersecurity_cryptography;本科及以上;与最高学历相对应的学位;本科：080901计算机科学与技术、080902软件工程、080903网络工程、080904K信息安全、080910T数据科学与大数据技术； 研究生：0812计算机科学与技术。;市（地）级及以下直属机构综合管理类","用人司局：国家金融监督管理总局莆田监管分局
职位简介：主要从事金融信息科技风险监管、电子设备软硬件管理及信息系统运行维护等工作
专业要求：本科：080901计算机科学与技术、080902软件工程、080903网络工程、080904K信息安全、080910T数据科学与大数据技术； 研究生：0812计算机科学与技术。
学历要求：本科及以上
学位要求：与最高学历相对应的学位
政治面貌：不限
基层工作经历：无限制
考试类别：市（地）级及以下直属机构综合管理类
备注：1.报名时请在专业栏中同时填写专业名称和专业代码；2.限应届高校毕业生报考，请在备注栏中注明本人具有应届高校毕业生身份；3.要求本科学历大学英语四级成绩425分及以上，请在外语水平栏中注明成绩；要求研究生学历大学英语六级成绩425分及以上，请在外语水平栏中注明成绩；4.本单位最低服务年限为5年（含试用期）；5.专业考试信息请参见国家金融监督管理总局2025年度招考公告。","https://www.xjhc.gov.cn/xjhc/c116834/202410/a29382e11a674da3be3353af65f9fcc5.shtml#132113-300147255001","2024-10-14","{""dataset_year"":2025,""job_uid"":""GOV-2025-132113-300147255001"",""publisher"":""国家公务员局"",""publication_page"":""https://www.xjhc.gov.cn/xjhc/c116834/202410/a29382e11a674da3be3353af65f9fcc5.shtml"",""attachment_url"":""https://www.xjhc.gov.cn/xjhc/c116834/202410/a29382e11a674da3be3353af65f9fcc5/files/0536cef86e2b46ddad6aae5a3780089e.xls"",""local_source_file"":""2025_guokao_zhaokaojianzhang.xls"",""local_source_sha256"":""07ae6cab368cd21b7a1ac3e8150fe9a3d39ad5171ce76135ff3cccfe50c3e77e"",""source_sheet"":""中央国家行政机关省级以下直属机构"",""filter_version"":""government_tech_v2"",""tech_filter"":{""is_tech"":true,""is_core_tech"":true,""scope"":""core"",""categories"":[""computer_software"",""cybersecurity_cryptography""],""matched_fields"":[""major"",""description""],""major_terms"":[""信息安全"",""大数据"",""数据科学与大数据技术"",""网络工程"",""计算机科学与技术"",""软件工程""],""role_terms"":[""信息科技"",""信息系统"",""软硬件""],""reason"":""tech_major_and_role""},""original"":{""部门代码"":""132113"",""部门名称"":""国家金融监督管理总局福建监管局"",""用人司局"":""国家金融监督管理总局莆田监管分局"",""机构性质"":""中央国家行政机关省级以下直属机构"",""招考职位"":""统计信息部门一级主任科员及以下"",""职位属性"":""金融监管计算机类职位"",""职位分布"":""其他职位"",""职位简介"":""主要从事金融信息科技风险监管、电子设备软硬件管理及信息系统运行维护等工作"",""职位代码"":""300147255001"",""机构层级"":""市（地）级"",""考试类别"":""市（地）级及以下直属机构综合管理类"",""招考人数"":""1"",""专业"":""本科：080901计算机科学与技术、080902软件工程、080903网络工程、080904K信息安全、080910T数据科学与大数据技术； 研究生：0812计算机科学与技术。"",""学历"":""本科及以上"",""学位"":""与最高学历相对应的学位"",""政治面貌"":""不限"",""基层工作最低年限"":""无限制"",""服务基层项目工作经历"":""无限制"",""是否在面试阶段组织专业能力测试"":""否"",""面试人员比例"":""3:1"",""工作地点"":""福建省莆田市"",""落户地点"":""福建省莆田市"",""备注"":""1.报名时请在专业栏中同时填写专业名称和专业代码；2.限应届高校毕业生报考，请在备注栏中注明本人具有应届高校毕业生身份；3.要求本科学历大学英语四级成绩425分及以上，请在外语水平栏中注明成绩；要求研究生学历大学英语六级成绩425分及以上，请在外语水平栏中注明成绩；4.本单位最低服务年限为5年（含试用期）；5.专业考试信息请参见国家金融监督管理总局2025年度招考公告。"",""部门网站"":""http://www.cbirc.gov.cn/"",""咨询电话1"":""0591-88301121"",""咨询电话2"":""0591-87767956"",""咨询电话3"":"""",""来源Sheet"":""中央国家行政机关省级以下直属机构""}}"
"government_jobs","国家公务员2025招考简章","公务员/事业单位技术岗位","福建省莆田市仙游县","2026-07-28T09:12:58.310295+00:00","统计信息部门一级主任科员及以下","国家金融监督管理总局福建监管局","","福建省莆田市仙游县","公务员/事业单位;2025;computer_software;cybersecurity_cryptography;本科及以上;与最高学历相对应的学位;本科：080901计算机科学与技术、080902软件工程、080903网络工程、080904K信息安全、080910T数据科学与大数据技术； 研究生：0812计算机科学与技术。;市（地）级及以下直属机构综合管理类","用人司局：国家金融监督管理总局仙游监管支局
职位简介：主要从事金融信息科技风险监管、电子设备软硬件管理及信息系统运行维护等工作
专业要求：本科：080901计算机科学与技术、080902软件工程、080903网络工程、080904K信息安全、080910T数据科学与大数据技术； 研究生：0812计算机科学与技术。
学历要求：本科及以上
学位要求：与最高学历相对应的学位
政治面貌：不限
基层工作经历：无限制
考试类别：市（地）级及以下直属机构综合管理类
备注：1.报名时请在专业栏中同时填写专业名称和专业代码；2.限应届高校毕业生报考，请在备注栏中注明本人具有应届高校毕业生身份；3.要求本科学历大学英语四级成绩425分及以上，请在外语水平栏中注明成绩；要求研究生学历大学英语六级成绩425分及以上，请在外语水平栏中注明成绩；4.本单位最低服务年限为5年（含试用期）；5.专业考试信息请参见国家金融监督管理总局2025年度招考公告。","https://www.xjhc.gov.cn/xjhc/c116834/202410/a29382e11a674da3be3353af65f9fcc5.shtml#132113-300147256001","2024-10-14","{""dataset_year"":2025,""job_uid"":""GOV-2025-132113-300147256001"",""publisher"":""国家公务员局"",""publication_page"":""https://www.xjhc.gov.cn/xjhc/c116834/202410/a29382e11a674da3be3353af65f9fcc5.shtml"",""attachment_url"":""https://www.xjhc.gov.cn/xjhc/c116834/202410/a29382e11a674da3be3353af65f9fcc5/files/0536cef86e2b46ddad6aae5a3780089e.xls"",""local_source_file"":""2025_guokao_zhaokaojianzhang.xls"",""local_source_sha256"":""07ae6cab368cd21b7a1ac3e8150fe9a3d39ad5171ce76135ff3cccfe50c3e77e"",""source_sheet"":""中央国家行政机关省级以下直属机构"",""filter_version"":""government_tech_v2"",""tech_filter"":{""is_tech"":true,""is_core_tech"":true,""scope"":""core"",""categories"":[""computer_software"",""cybersecurity_cryptography""],""matched_fields"":[""major"",""description""],""major_terms"":[""信息安全"",""大数据"",""数据科学与大数据技术"",""网络工程"",""计算机科学与技术"",""软件工程""],""role_terms"":[""信息科技"",""信息系统"",""软硬件""],""reason"":""tech_major_and_role""},""original"":{""部门代码"":""132113"",""部门名称"":""国家金融监督管理总局福建监管局"",""用人司局"":""国家金融监督管理总局仙游监管支局"",""机构性质"":""中央国家行政机关省级以下直属机构"",""招考职位"":""统计信息部门一级主任科员及以下"",""职位属性"":""金融监管计算机类职位"",""职位分布"":""其他职位"",""职位简介"":""主要从事金融信息科技风险监管、电子设备软硬件管理及信息系统运行维护等工作"",""职位代码"":""300147256001"",""机构层级"":""县（区）级及以下"",""考试类别"":""市（地）级及以下直属机构综合管理类"",""招考人数"":""1"",""专业"":""本科：080901计算机科学与技术、080902软件工程、080903网络工程、080904K信息安全、080910T数据科学与大数据技术； 研究生：0812计算机科学与技术。"",""学历"":""本科及以上"",""学位"":""与最高学历相对应的学位"",""政治面貌"":""不限"",""基层工作最低年限"":""无限制"",""服务基层项目工作经历"":""无限制"",""是否在面试阶段组织专业能力测试"":""否"",""面试人员比例"":""3:1"",""工作地点"":""福建省莆田市仙游县"",""落户地点"":""福建省莆田市仙游县"",""备注"":""1.报名时请在专业栏中同时填写专业名称和专业代码；2.限应届高校毕业生报考，请在备注栏中注明本人具有应届高校毕业生身份；3.要求本科学历大学英语四级成绩425分及以上，请在外语水平栏中注明成绩；要求研究生学历大学英语六级成绩425分及以上，请在外语水平栏中注明成绩；4.本单位最低服务年限为5年（含试用期）；5.专业考试信息请参见国家金融监督管理总局2025年度招考公告。"",""部门网站"":""http://www.cbirc.gov.cn/"",""咨询电话1"":""0591-88301121"",""咨询电话2"":""0591-87767956"",""咨询电话3"":"""",""来源Sheet"":""中央国家行政机关省级以下直属机构""}}"
"government_jobs","国家公务员2025招考简章","公务员/事业单位技术岗位","福建省莆田市荔城区","2026-07-28T09:12:58.310295+00:00","统计信息部门一级主任科员及以下","国家金融监督管理总局福建监管局","","福建省莆田市荔城区","公务员/事业单位;2025;computer_software;cybersecurity_cryptography;本科及以上;与最高学历相对应的学位;本科：080901计算机科学与技术、080902软件工程、080903网络工程、080904K信息安全、080910T数据科学与大数据技术； 研究生：0812计算机科学与技术。;市（地）级及以下直属机构综合管理类","用人司局：国家金融监督管理总局荔城监管支局
职位简介：主要从事金融信息科技风险监管、电子设备软硬件管理及信息系统运行维护等工作
专业要求：本科：080901计算机科学与技术、080902软件工程、080903网络工程、080904K信息安全、080910T数据科学与大数据技术； 研究生：0812计算机科学与技术。
学历要求：本科及以上
学位要求：与最高学历相对应的学位
政治面貌：不限
基层工作经历：无限制
考试类别：市（地）级及以下直属机构综合管理类
备注：1.报名时请在专业栏中同时填写专业名称和专业代码；2.限应届高校毕业生报考，请在备注栏中注明本人具有应届高校毕业生身份；3.要求本科学历大学英语四级成绩425分及以上，请在外语水平栏中注明成绩；要求研究生学历大学英语六级成绩425分及以上，请在外语水平栏中注明成绩；4.本单位最低服务年限为5年（含试用期）；5.专业考试信息请参见国家金融监督管理总局2025年度招考公告。","https://www.xjhc.gov.cn/xjhc/c116834/202410/a29382e11a674da3be3353af65f9fcc5.shtml#132113-300147257001","2024-10-14","{""dataset_year"":2025,""job_uid"":""GOV-2025-132113-300147257001"",""publisher"":""国家公务员局"",""publication_page"":""https://www.xjhc.gov.cn/xjhc/c116834/202410/a29382e11a674da3be3353af65f9fcc5.shtml"",""attachment_url"":""https://www.xjhc.gov.cn/xjhc/c116834/202410/a29382e11a674da3be3353af65f9fcc5/files/0536cef86e2b46ddad6aae5a3780089e.xls"",""local_source_file"":""2025_guokao_zhaokaojianzhang.xls"",""local_source_sha256"":""07ae6cab368cd21b7a1ac3e8150fe9a3d39ad5171ce76135ff3cccfe50c3e77e"",""source_sheet"":""中央国家行政机关省级以下直属机构"",""filter_version"":""government_tech_v2"",""tech_filter"":{""is_tech"":true,""is_core_tech"":true,""scope"":""core"",""categories"":[""computer_software"",""cybersecurity_cryptography""],""matched_fields"":[""major"",""description""],""major_terms"":[""信息安全"",""大数据"",""数据科学与大数据技术"",""网络工程"",""计算机科学与技术"",""软件工程""],""role_terms"":[""信息科技"",""信息系统"",""软硬件""],""reason"":""tech_major_and_role""},""original"":{""部门代码"":""132113"",""部门名称"":""国家金融监督管理总局福建监管局"",""用人司局"":""国家金融监督管理总局荔城监管支局"",""机构性质"":""中央国家行政机关省级以下直属机构"",""招考职位"":""统计信息部门一级主任科员及以下"",""职位属性"":""金融监管计算机类职位"",""职位分布"":""其他职位"",""职位简介"":""主要从事金融信息科技风险监管、电子设备软硬件管理及信息系统运行维护等工作"",""职位代码"":""300147257001"",""机构层级"":""县（区）级及以下"",""考试类别"":""市（地）级及以下直属机构综合管理类"",""招考人数"":""1"",""专业"":""本科：080901计算机科学与技术、080902软件工程、080903网络工程、080904K信息安全、080910T数据科学与大数据技术； 研究生：0812计算机科学与技术。"",""学历"":""本科及以上"",""学位"":""与最高学历相对应的学位"",""政治面貌"":""不限"",""基层工作最低年限"":""无限制"",""服务基层项目工作经历"":""无限制"",""是否在面试阶段组织专业能力测试"":""否"",""面试人员比例"":""3:1"",""工作地点"":""福建省莆田市荔城区"",""落户地点"":""福建省莆田市荔城区"",""备注"":""1.报名时请在专业栏中同时填写专业名称和专业代码；2.限应届高校毕业生报考，请在备注栏中注明本人具有应届高校毕业生身份；3.要求本科学历大学英语四级成绩425分及以上，请在外语水平栏中注明成绩；要求研究生学历大学英语六级成绩425分及以上，请在外语水平栏中注明成绩；4.本单位最低服务年限为5年（含试用期）；5.专业考试信息请参见国家金融监督管理总局2025年度招考公告。"",""部门网站"":""http://www.cbirc.gov.cn/"",""咨询电话1"":""0591-88301121"",""咨询电话2"":""0591-87767956"",""咨询电话3"":"""",""来源Sheet"":""中央国家行政机关省级以下直属机构""}}"
"government_jobs","国家公务员2025招考简章","公务员/事业单位技术岗位","福建省南平市政和县","2026-07-28T09:12:58.310295+00:00","统计信息部门一级主任科员及以下","国家金融监督管理总局福建监管局","","福建省南平市政和县","公务员/事业单位;2025;computer_software;cybersecurity_cryptography;本科及以上;与最高学历相对应的学位;本科：080901计算机科学与技术、080902软件工程、080903网络工程、080904K信息安全、080910T数据科学与大数据技术；研究生：0812计算机科学与技术;市（地）级及以下直属机构综合管理类","用人司局：国家金融监督管理总局政和监管支局
职位简介：主要从事金融信息科技风险监管、电子设备软硬件管理及信息系统运行维护等工作
专业要求：本科：080901计算机科学与技术、080902软件工程、080903网络工程、080904K信息安全、080910T数据科学与大数据技术；研究生：0812计算机科学与技术
学历要求：本科及以上
学位要求：与最高学历相对应的学位
政治面貌：不限
基层工作经历：无限制
考试类别：市（地）级及以下直属机构综合管理类
备注：1.报名时请在专业栏中同时填写专业名称和专业代码；2.限应届高校毕业生报考，请在备注栏中注明本人具有应届高校毕业生身份；3.要求本科学历大学英语四级成绩425分及以上，请在外语水平栏中注明成绩；要求研究生学历大学英语六级成绩425分及以上，请在外语水平栏中注明成绩；4.本单位最低服务年限为5年（含试用期）；5.专业考试信息请参见国家金融监督管理总局2025年度招考公告。","https://www.xjhc.gov.cn/xjhc/c116834/202410/a29382e11a674da3be3353af65f9fcc5.shtml#132113-300147263001","2024-10-14","{""dataset_year"":2025,""job_uid"":""GOV-2025-132113-300147263001"",""publisher"":""国家公务员局"",""publication_page"":""https://www.xjhc.gov.cn/xjhc/c116834/202410/a29382e11a674da3be3353af65f9fcc5.shtml"",""attachment_url"":""https://www.xjhc.gov.cn/xjhc/c116834/202410/a29382e11a674da3be3353af65f9fcc5/files/0536cef86e2b46ddad6aae5a3780089e.xls"",""local_source_file"":""2025_guokao_zhaokaojianzhang.xls"",""local_source_sha256"":""07ae6cab368cd21b7a1ac3e8150fe9a3d39ad5171ce76135ff3cccfe50c3e77e"",""source_sheet"":""中央国家行政机关省级以下直属机构"",""filter_version"":""government_tech_v2"",""tech_filter"":{""is_tech"":true,""is_core_tech"":true,""scope"":""core"",""categories"":[""computer_software"",""cybersecurity_cryptography""],""matched_fields"":[""major"",""description""],""major_terms"":[""信息安全"",""大数据"",""数据科学与大数据技术"",""网络工程"",""计算机科学与技术"",""软件工程""],""role_terms"":[""信息科技"",""信息系统"",""软硬件""],""reason"":""tech_major_and_role""},""original"":{""部门代码"":""132113"",""部门名称"":""国家金融监督管理总局福建监管局"",""用人司局"":""国家金融监督管理总局政和监管支局"",""机构性质"":""中央国家行政机关省级以下直属机构"",""招考职位"":""统计信息部门一级主任科员及以下"",""职位属性"":""金融监管计算机类职位"",""职位分布"":""其他职位"",""职位简介"":""主要从事金融信息科技风险监管、电子设备软硬件管理及信息系统运行维护等工作"",""职位代码"":""300147263001"",""机构层级"":""县（区）级及以下"",""考试类别"":""市（地）级及以下直属机构综合管理类"",""招考人数"":""1"",""专业"":""本科：080901计算机科学与技术、080902软件工程、080903网络工程、080904K信息安全、080910T数据科学与大数据技术；研究生：0812计算机科学与技术"",""学历"":""本科及以上"",""学位"":""与最高学历相对应的学位"",""政治面貌"":""不限"",""基层工作最低年限"":""无限制"",""服务基层项目工作经历"":""无限制"",""是否在面试阶段组织专业能力测试"":""否"",""面试人员比例"":""3:1"",""工作地点"":""福建省南平市政和县"",""落户地点"":""福建省南平市政和县"",""备注"":""1.报名时请在专业栏中同时填写专业名称和专业代码；2.限应届高校毕业生报考，请在备注栏中注明本人具有应届高校毕业生身份；3.要求本科学历大学英语四级成绩425分及以上，请在外语水平栏中注明成绩；要求研究生学历大学英语六级成绩425分及以上，请在外语水平栏中注明成绩；4.本单位最低服务年限为5年（含试用期）；5.专业考试信息请参见国家金融监督管理总局2025年度招考公告。"",""部门网站"":""http://www.cbirc.gov.cn/"",""咨询电话1"":""0591-88301121"",""咨询电话2"":""0591-87767956"",""咨询电话3"":"""",""来源Sheet"":""中央国家行政机关省级以下直属机构""}}"
"government_jobs","国家公务员2025招考简章","公务员/事业单位技术岗位","福建省南平市光泽县","2026-07-28T09:12:58.310295+00:00","统计信息部门一级主任科员及以下","国家金融监督管理总局福建监管局","","福建省南平市光泽县","公务员/事业单位;2025;computer_software;cybersecurity_cryptography;本科及以上;与最高学历相对应的学位;本科：080901计算机科学与技术、080902软件工程、080903网络工程、080904K信息安全、080910T数据科学与大数据技术；研究生：0812计算机科学与技术;市（地）级及以下直属机构综合管理类","用人司局：国家金融监督管理总局光泽监管支局
职位简介：主要从事金融信息科技风险监管、电子设备软硬件管理及信息系统运行维护等工作
专业要求：本科：080901计算机科学与技术、080902软件工程、080903网络工程、080904K信息安全、080910T数据科学与大数据技术；研究生：0812计算机科学与技术
学历要求：本科及以上
学位要求：与最高学历相对应的学位
政治面貌：不限
基层工作经历：无限制
考试类别：市（地）级及以下直属机构综合管理类
备注：1.报名时请在专业栏中同时填写专业名称和专业代码；2.限应届高校毕业生报考，请在备注栏中注明本人具有应届高校毕业生身份；3.要求本科学历大学英语四级成绩425分及以上，请在外语水平栏中注明成绩；要求研究生学历大学英语六级成绩425分及以上，请在外语水平栏中注明成绩；4.本单位最低服务年限为5年（含试用期）；5.专业考试信息请参见国家金融监督管理总局2025年度招考公告。","https://www.xjhc.gov.cn/xjhc/c116834/202410/a29382e11a674da3be3353af65f9fcc5.shtml#132113-300147264001","2024-10-14","{""dataset_year"":2025,""job_uid"":""GOV-2025-132113-300147264001"",""publisher"":""国家公务员局"",""publication_page"":""https://www.xjhc.gov.cn/xjhc/c116834/202410/a29382e11a674da3be3353af65f9fcc5.shtml"",""attachment_url"":""https://www.xjhc.gov.cn/xjhc/c116834/202410/a29382e11a674da3be3353af65f9fcc5/files/0536cef86e2b46ddad6aae5a3780089e.xls"",""local_source_file"":""2025_guokao_zhaokaojianzhang.xls"",""local_source_sha256"":""07ae6cab368cd21b7a1ac3e8150fe9a3d39ad5171ce76135ff3cccfe50c3e77e"",""source_sheet"":""中央国家行政机关省级以下直属机构"",""filter_version"":""government_tech_v2"",""tech_filter"":{""is_tech"":true,""is_core_tech"":true,""scope"":""core"",""categories"":[""computer_software"",""cybersecurity_cryptography""],""matched_fields"":[""major"",""description""],""major_terms"":[""信息安全"",""大数据"",""数据科学与大数据技术"",""网络工程"",""计算机科学与技术"",""软件工程""],""role_terms"":[""信息科技"",""信息系统"",""软硬件""],""reason"":""tech_major_and_role""},""original"":{""部门代码"":""132113"",""部门名称"":""国家金融监督管理总局福建监管局"",""用人司局"":""国家金融监督管理总局光泽监管支局"",""机构性质"":""中央国家行政机关省级以下直属机构"",""招考职位"":""统计信息部门一级主任科员及以下"",""职位属性"":""金融监管计算机类职位"",""职位分布"":""其他职位"",""职位简介"":""主要从事金融信息科技风险监管、电子设备软硬件管理及信息系统运行维护等工作"",""职位代码"":""300147264001"",""机构层级"":""县（区）级及以下"",""考试类别"":""市（地）级及以下直属机构综合管理类"",""招考人数"":""1"",""专业"":""本科：080901计算机科学与技术、080902软件工程、080903网络工程、080904K信息安全、080910T数据科学与大数据技术；研究生：0812计算机科学与技术"",""学历"":""本科及以上"",""学位"":""与最高学历相对应的学位"",""政治面貌"":""不限"",""基层工作最低年限"":""无限制"",""服务基层项目工作经历"":""无限制"",""是否在面试阶段组织专业能力测试"":""否"",""面试人员比例"":""3:1"",""工作地点"":""福建省南平市光泽县"",""落户地点"":""福建省南平市光泽县"",""备注"":""1.报名时请在专业栏中同时填写专业名称和专业代码；2.限应届高校毕业生报考，请在备注栏中注明本人具有应届高校毕业生身份；3.要求本科学历大学英语四级成绩425分及以上，请在外语水平栏中注明成绩；要求研究生学历大学英语六级成绩425分及以上，请在外语水平栏中注明成绩；4.本单位最低服务年限为5年（含试用期）；5.专业考试信息请参见国家金融监督管理总局2025年度招考公告。"",""部门网站"":""http://www.cbirc.gov.cn/"",""咨询电话1"":""0591-88301121"",""咨询电话2"":""0591-87767956"",""咨询电话3"":"""",""来源Sheet"":""中央国家行政机关省级以下直属机构""}}"
"government_jobs","国家公务员2025招考简章","公务员/事业单位技术岗位","福建省龙岩市上杭县","2026-07-28T09:12:58.310295+00:00","统计信息部门一级主任科员及以下","国家金融监督管理总局福建监管局","","福建省龙岩市上杭县","公务员/事业单位;2025;computer_software;cybersecurity_cryptography;仅限本科;学士;080901计算机科学与技术、080902软件工程、080903网络工程、080904K信息安全、120108T大数据管理与应用、080910T数据科学与大数据技术;市（地）级及以下直属机构综合管理类","用人司局：国家金融监督管理总局上杭监管支局
职位简介：主要从事金融信息科技风险监管、电子设备软硬件管理及信息系统运行维护等工作
专业要求：080901计算机科学与技术、080902软件工程、080903网络工程、080904K信息安全、120108T大数据管理与应用、080910T数据科学与大数据技术
学历要求：仅限本科
学位要求：学士
政治面貌：不限
基层工作经历：无限制
考试类别：市（地）级及以下直属机构综合管理类
备注：1.报名时请在专业栏中同时填写专业名称和专业代码；2.限应届高校毕业生报考，请在备注栏中注明本人具有应届高校毕业生身份；3.要求本科学历大学英语四级成绩425分及以上，请在外语水平栏中注明成绩；4.本单位最低服务年限为5年（含试用期）；5.专业考试信息请参见国家金融监督管理总局2025年度招考公告。","https://www.xjhc.gov.cn/xjhc/c116834/202410/a29382e11a674da3be3353af65f9fcc5.shtml#132113-300147265001","2024-10-14","{""dataset_year"":2025,""job_uid"":""GOV-2025-132113-300147265001"",""publisher"":""国家公务员局"",""publication_page"":""https://www.xjhc.gov.cn/xjhc/c116834/202410/a29382e11a674da3be3353af65f9fcc5.shtml"",""attachment_url"":""https://www.xjhc.gov.cn/xjhc/c116834/202410/a29382e11a674da3be3353af65f9fcc5/files/0536cef86e2b46ddad6aae5a3780089e.xls"",""local_source_file"":""2025_guokao_zhaokaojianzhang.xls"",""local_source_sha256"":""07ae6cab368cd21b7a1ac3e8150fe9a3d39ad5171ce76135ff3cccfe50c3e77e"",""source_sheet"":""中央国家行政机关省级以下直属机构"",""filter_version"":""government_tech_v2"",""tech_filter"":{""is_tech"":true,""is_core_tech"":true,""scope"":""core"",""categories"":[""computer_software"",""cybersecurity_cryptography""],""matched_fields"":[""major"",""description""],""major_terms"":[""信息安全"",""大数据"",""数据科学与大数据技术"",""网络工程"",""计算机科学与技术"",""软件工程""],""role_terms"":[""信息科技"",""信息系统"",""软硬件""],""reason"":""tech_major_and_role""},""original"":{""部门代码"":""132113"",""部门名称"":""国家金融监督管理总局福建监管局"",""用人司局"":""国家金融监督管理总局上杭监管支局"",""机构性质"":""中央国家行政机关省级以下直属机构"",""招考职位"":""统计信息部门一级主任科员及以下"",""职位属性"":""金融监管计算机类职位"",""职位分布"":""其他职位"",""职位简介"":""主要从事金融信息科技风险监管、电子设备软硬件管理及信息系统运行维护等工作"",""职位代码"":""300147265001"",""机构层级"":""县（区）级及以下"",""考试类别"":""市（地）级及以下直属机构综合管理类"",""招考人数"":""1"",""专业"":""080901计算机科学与技术、080902软件工程、080903网络工程、080904K信息安全、120108T大数据管理与应用、080910T数据科学与大数据技术"",""学历"":""仅限本科"",""学位"":""学士"",""政治面貌"":""不限"",""基层工作最低年限"":""无限制"",""服务基层项目工作经历"":""无限制"",""是否在面试阶段组织专业能力测试"":""否"",""面试人员比例"":""3:1"",""工作地点"":""福建省龙岩市上杭县"",""落户地点"":""福建省龙岩市上杭县"",""备注"":""1.报名时请在专业栏中同时填写专业名称和专业代码；2.限应届高校毕业生报考，请在备注栏中注明本人具有应届高校毕业生身份；3.要求本科学历大学英语四级成绩425分及以上，请在外语水平栏中注明成绩；4.本单位最低服务年限为5年（含试用期）；5.专业考试信息请参见国家金融监督管理总局2025年度招考公告。"",""部门网站"":""http://www.cbirc.gov.cn/"",""咨询电话1"":""0591-88301121"",""咨询电话2"":""0591-87767956"",""咨询电话3"":"""",""来源Sheet"":""中央国家行政机关省级以下直属机构""}}"
"government_jobs","国家公务员2025招考简章","公务员/事业单位技术岗位","福建省漳州市漳浦县","2026-07-28T09:12:58.310295+00:00","统计信息部门一级主任科员及以下","国家金融监督管理总局福建监管局","","福建省漳州市漳浦县","公务员/事业单位;2025;computer_software;cybersecurity_cryptography;仅限本科;学士;080901计算机科学与技术、080902软件工程、080903网络工程、080904K信息安全、080909T电子与计算机工程;市（地）级及以下直属机构综合管理类","用人司局：国家金融监督管理总局漳浦监管支局
职位简介：主要从事金融信息科技风险监管、电子设备软硬件管理及信息系统运行维护等工作
专业要求：080901计算机科学与技术、080902软件工程、080903网络工程、080904K信息安全、080909T电子与计算机工程
学历要求：仅限本科
学位要求：学士
政治面貌：不限
基层工作经历：无限制
考试类别：市（地）级及以下直属机构综合管理类
备注：1.报名时请在专业栏中同时填写专业名称和专业代码；2.限应届高校毕业生报考，请在备注栏中注明本人具有应届高校毕业生身份；3.要求本科学历大学英语四级成绩425分及以上，请在外语水平栏中注明成绩；4.本单位最低服务年限为5年（含试用期）；5.专业考试信息请参见国家金融监督管理总局2025年度招考公告。","https://www.xjhc.gov.cn/xjhc/c116834/202410/a29382e11a674da3be3353af65f9fcc5.shtml#132113-300147812001","2024-10-14","{""dataset_year"":2025,""job_uid"":""GOV-2025-132113-300147812001"",""publisher"":""国家公务员局"",""publication_page"":""https://www.xjhc.gov.cn/xjhc/c116834/202410/a29382e11a674da3be3353af65f9fcc5.shtml"",""attachment_url"":""https://www.xjhc.gov.cn/xjhc/c116834/202410/a29382e11a674da3be3353af65f9fcc5/files/0536cef86e2b46ddad6aae5a3780089e.xls"",""local_source_file"":""2025_guokao_zhaokaojianzhang.xls"",""local_source_sha256"":""07ae6cab368cd21b7a1ac3e8150fe9a3d39ad5171ce76135ff3cccfe50c3e77e"",""source_sheet"":""中央国家行政机关省级以下直属机构"",""filter_version"":""government_tech_v2"",""tech_filter"":{""is_tech"":true,""is_core_tech"":true,""scope"":""core"",""categories"":[""computer_software"",""cybersecurity_cryptography""],""matched_fields"":[""major"",""description""],""major_terms"":[""信息安全"",""网络工程"",""计算机"",""计算机科学与技术"",""软件工程""],""role_terms"":[""信息科技"",""信息系统"",""软硬件""],""reason"":""tech_major_and_role""},""original"":{""部门代码"":""132113"",""部门名称"":""国家金融监督管理总局福建监管局"",""用人司局"":""国家金融监督管理总局漳浦监管支局"",""机构性质"":""中央国家行政机关省级以下直属机构"",""招考职位"":""统计信息部门一级主任科员及以下"",""职位属性"":""金融监管计算机类职位"",""职位分布"":""其他职位"",""职位简介"":""主要从事金融信息科技风险监管、电子设备软硬件管理及信息系统运行维护等工作"",""职位代码"":""300147812001"",""机构层级"":""县（区）级及以下"",""考试类别"":""市（地）级及以下直属机构综合管理类"",""招考人数"":""1"",""专业"":""080901计算机科学与技术、080902软件工程、080903网络工程、080904K信息安全、080909T电子与计算机工程"",""学历"":""仅限本科"",""学位"":""学士"",""政治面貌"":""不限"",""基层工作最低年限"":""无限制"",""服务基层项目工作经历"":""无限制"",""是否在面试阶段组织专业能力测试"":""否"",""面试人员比例"":""3:1"",""工作地点"":""福建省漳州市漳浦县"",""落户地点"":""福建省漳州市漳浦县"",""备注"":""1.报名时请在专业栏中同时填写专业名称和专业代码；2.限应届高校毕业生报考，请在备注栏中注明本人具有应届高校毕业生身份；3.要求本科学历大学英语四级成绩425分及以上，请在外语水平栏中注明成绩；4.本单位最低服务年限为5年（含试用期）；5.专业考试信息请参见国家金融监督管理总局2025年度招考公告。"",""部门网站"":""http://www.cbirc.gov.cn/"",""咨询电话1"":""0591-88301121"",""咨询电话2"":""0591-87767956"",""咨询电话3"":"""",""来源Sheet"":""中央国家行政机关省级以下直属机构""}}"
"government_jobs","国家公务员2025招考简章","公务员/事业单位技术岗位","福建省龙岩市武平县","2026-07-28T09:12:58.310295+00:00","统计信息部门一级主任科员及以下","国家金融监督管理总局福建监管局","","福建省龙岩市武平县","公务员/事业单位;2025;computer_software;cybersecurity_cryptography;仅限本科;学士;080901计算机科学与技术、080902软件工程、080903网络工程、080904信息安全、120108大数据管理与应用、080910数据科学与大数据技术;市（地）级及以下直属机构综合管理类","用人司局：国家金融监督管理总局武平监管支局
职位简介：主要从事金融信息科技风险监管、电子设备软硬件管理及信息系统运行维护等工作
专业要求：080901计算机科学与技术、080902软件工程、080903网络工程、080904信息安全、120108大数据管理与应用、080910数据科学与大数据技术
学历要求：仅限本科
学位要求：学士
政治面貌：不限
基层工作经历：无限制
考试类别：市（地）级及以下直属机构综合管理类
备注：1.报名时请在专业栏中同时填写专业名称和专业代码；2.限应届高校毕业生报考，请在备注栏中注明本人具有应届高校毕业生身份；3.要求本科学历大学英语四级成绩425分及以上，请在外语水平栏中注明成绩；4.本单位最低服务年限为5年（含试用期）；5.专业考试信息请参见国家金融监督管理总局2025年度招考公告。","https://www.xjhc.gov.cn/xjhc/c116834/202410/a29382e11a674da3be3353af65f9fcc5.shtml#132113-300147814001","2024-10-14","{""dataset_year"":2025,""job_uid"":""GOV-2025-132113-300147814001"",""publisher"":""国家公务员局"",""publication_page"":""https://www.xjhc.gov.cn/xjhc/c116834/202410/a29382e11a674da3be3353af65f9fcc5.shtml"",""attachment_url"":""https://www.xjhc.gov.cn/xjhc/c116834/202410/a29382e11a674da3be3353af65f9fcc5/files/0536cef86e2b46ddad6aae5a3780089e.xls"",""local_source_file"":""2025_guokao_zhaokaojianzhang.xls"",""local_source_sha256"":""07ae6cab368cd21b7a1ac3e8150fe9a3d39ad5171ce76135ff3cccfe50c3e77e"",""source_sheet"":""中央国家行政机关省级以下直属机构"",""filter_version"":""government_tech_v2"",""tech_filter"":{""is_tech"":true,""is_core_tech"":true,""scope"":""core"",""categories"":[""computer_software"",""cybersecurity_cryptography""],""matched_fields"":[""major"",""description""],""major_terms"":[""信息安全"",""大数据"",""数据科学与大数据技术"",""网络工程"",""计算机科学与技术"",""软件工程""],""role_terms"":[""信息科技"",""信息系统"",""软硬件""],""reason"":""tech_major_and_role""},""original"":{""部门代码"":""132113"",""部门名称"":""国家金融监督管理总局福建监管局"",""用人司局"":""国家金融监督管理总局武平监管支局"",""机构性质"":""中央国家行政机关省级以下直属机构"",""招考职位"":""统计信息部门一级主任科员及以下"",""职位属性"":""金融监管计算机类职位"",""职位分布"":""其他职位"",""职位简介"":""主要从事金融信息科技风险监管、电子设备软硬件管理及信息系统运行维护等工作"",""职位代码"":""300147814001"",""机构层级"":""县（区）级及以下"",""考试类别"":""市（地）级及以下直属机构综合管理类"",""招考人数"":""1"",""专业"":""080901计算机科学与技术、080902软件工程、080903网络工程、080904信息安全、120108大数据管理与应用、080910数据科学与大数据技术"",""学历"":""仅限本科"",""学位"":""学士"",""政治面貌"":""不限"",""基层工作最低年限"":""无限制"",""服务基层项目工作经历"":""无限制"",""是否在面试阶段组织专业能力测试"":""否"",""面试人员比例"":""3:1"",""工作地点"":""福建省龙岩市武平县"",""落户地点"":""福建省龙岩市武平县"",""备注"":""1.报名时请在专业栏中同时填写专业名称和专业代码；2.限应届高校毕业生报考，请在备注栏中注明本人具有应届高校毕业生身份；3.要求本科学历大学英语四级成绩425分及以上，请在外语水平栏中注明成绩；4.本单位最低服务年限为5年（含试用期）；5.专业考试信息请参见国家金融监督管理总局2025年度招考公告。"",""部门网站"":""http://www.cbirc.gov.cn/"",""咨询电话1"":""0591-88301121"",""咨询电话2"":""0591-87767956"",""咨询电话3"":"""",""来源Sheet"":""中央国家行政机关省级以下直属机构""}}"
"government_jobs","国家公务员2025招考简章","公务员/事业单位技术岗位","江西省南昌市","2026-07-28T09:12:58.310295+00:00","统计信息部门一级主任科员及以下","国家金融监督管理总局江西监管局","","江西省南昌市","公务员/事业单位;2025;computer_software;cybersecurity_cryptography;硕士研究生及以上;与最高学历相对应的学位;计算机科学与技术、软件工程、网络工程、信息安全、电子与计算机工程、数据科学与大数据技术、网络空间安全、数据科学、计算机应用技术等专业;中央机关及其省级直属机构综合管理类","用人司局：国家金融监督管理总局江西监管局
职位简介：主要从事金融信息科技风险监管、电子设备软硬件管理及信息系统运行维护等工作
专业要求：计算机科学与技术、软件工程、网络工程、信息安全、电子与计算机工程、数据科学与大数据技术、网络空间安全、数据科学、计算机应用技术等专业
学历要求：硕士研究生及以上
学位要求：与最高学历相对应的学位
政治面貌：不限
基层工作经历：二年
考试类别：中央机关及其省级直属机构综合管理类
备注：1.报名时请在专业栏中同时填写专业名称和专业代码；2.要求研究生学历大学英语六级成绩425分及以上，请在外语水平栏中注明已获得的英语等级证书及成绩；3.专业考试信息请参见国家金融监督管理总局2025年度招考公告。","https://www.xjhc.gov.cn/xjhc/c116834/202410/a29382e11a674da3be3353af65f9fcc5.shtml#132114-300147273001","2024-10-14","{""dataset_year"":2025,""job_uid"":""GOV-2025-132114-300147273001"",""publisher"":""国家公务员局"",""publication_page"":""https://www.xjhc.gov.cn/xjhc/c116834/202410/a29382e11a674da3be3353af65f9fcc5.shtml"",""attachment_url"":""https://www.xjhc.gov.cn/xjhc/c116834/202410/a29382e11a674da3be3353af65f9fcc5/files/0536cef86e2b46ddad6aae5a3780089e.xls"",""local_source_file"":""2025_guokao_zhaokaojianzhang.xls"",""local_source_sha256"":""07ae6cab368cd21b7a1ac3e8150fe9a3d39ad5171ce76135ff3cccfe50c3e77e"",""source_sheet"":""中央国家行政机关省级以下直属机构"",""filter_version"":""government_tech_v2"",""tech_filter"":{""is_tech"":true,""is_core_tech"":true,""scope"":""core"",""categories"":[""computer_software"",""cybersecurity_cryptography""],""matched_fields"":[""major"",""description""],""major_terms"":[""信息安全"",""大数据"",""数据科学"",""数据科学与大数据技术"",""网络工程"",""网络空间安全"",""计算机"",""计算机科学与技术"",""软件工程""],""role_terms"":[""信息科技"",""信息系统"",""软硬件""],""reason"":""tech_major_and_role""},""original"":{""部门代码"":""132114"",""部门名称"":""国家金融监督管理总局江西监管局"",""用人司局"":""国家金融监督管理总局江西监管局"",""机构性质"":""中央国家行政机关省级以下直属机构"",""招考职位"":""统计信息部门一级主任科员及以下"",""职位属性"":""金融监管计算机类职位"",""职位分布"":""其他职位"",""职位简介"":""主要从事金融信息科技风险监管、电子设备软硬件管理及信息系统运行维护等工作"",""职位代码"":""300147273001"",""机构层级"":""省（副省）级"",""考试类别"":""中央机关及其省级直属机构综合管理类"",""招考人数"":""2"",""专业"":""计算机科学与技术、软件工程、网络工程、信息安全、电子与计算机工程、数据科学与大数据技术、网络空间安全、数据科学、计算机应用技术等专业"",""学历"":""硕士研究生及以上"",""学位"":""与最高学历相对应的学位"",""政治面貌"":""不限"",""基层工作最低年限"":""二年"",""服务基层项目工作经历"":""无限制"",""是否在面试阶段组织专业能力测试"":""否"",""面试人员比例"":""4:1"",""工作地点"":""江西省南昌市"",""落户地点"":""江西省南昌市"",""备注"":""1.报名时请在专业栏中同时填写专业名称和专业代码；2.要求研究生学历大学英语六级成绩425分及以上，请在外语水平栏中注明已获得的英语等级证书及成绩；3.专业考试信息请参见国家金融监督管理总局2025年度招考公告。"",""部门网站"":""http://www.cbirc.gov.cn/"",""咨询电话1"":""0791-86766864"",""咨询电话2"":""0791-86766888"",""咨询电话3"":"""",""来源Sheet"":""中央国家行政机关省级以下直属机构""}}"
"government_jobs","国家公务员2025招考简章","公务员/事业单位技术岗位","江西省赣州市章贡区","2026-07-28T09:12:58.310295+00:00","统计信息部门一级主任科员及以下","国家金融监督管理总局江西监管局","","江西省赣州市章贡区","公务员/事业单位;2025;computer_software;cybersecurity_cryptography;本科及以上;与最高学历相对应的学位;计算机科学与技术、软件工程、网络工程、信息安全、电子与计算机工程、数据科学与大数据技术、网络空间安全、数据科学、计算机应用技术等专业;市（地）级及以下直属机构综合管理类","用人司局：国家金融监督管理总局赣州监管分局
职位简介：主要从事金融信息科技风险监管、电子设备软硬件管理及信息系统运行维护等工作
专业要求：计算机科学与技术、软件工程、网络工程、信息安全、电子与计算机工程、数据科学与大数据技术、网络空间安全、数据科学、计算机应用技术等专业
学历要求：本科及以上
学位要求：与最高学历相对应的学位
政治面貌：不限
基层工作经历：无限制
考试类别：市（地）级及以下直属机构综合管理类
备注：1.报名时请在专业栏中同时填写专业名称和专业代码；2.限应届高校毕业生报考，请在备注栏中注明本人具有应届高校毕业生身份；3.要求本科学历大学英语四级成绩425分及以上，研究生学历大学英语六级成绩425分及以上，请在外语水平栏中注明已获得的英语等级证书及成绩；4.专业考试信息请参见国家金融监督管理总局2025年度招考公告。","https://www.xjhc.gov.cn/xjhc/c116834/202410/a29382e11a674da3be3353af65f9fcc5.shtml#132114-300147279001","2024-10-14","{""dataset_year"":2025,""job_uid"":""GOV-2025-132114-300147279001"",""publisher"":""国家公务员局"",""publication_page"":""https://www.xjhc.gov.cn/xjhc/c116834/202410/a29382e11a674da3be3353af65f9fcc5.shtml"",""attachment_url"":""https://www.xjhc.gov.cn/xjhc/c116834/202410/a29382e11a674da3be3353af65f9fcc5/files/0536cef86e2b46ddad6aae5a3780089e.xls"",""local_source_file"":""2025_guokao_zhaokaojianzhang.xls"",""local_source_sha256"":""07ae6cab368cd21b7a1ac3e8150fe9a3d39ad5171ce76135ff3cccfe50c3e77e"",""source_sheet"":""中央国家行政机关省级以下直属机构"",""filter_version"":""government_tech_v2"",""tech_filter"":{""is_tech"":true,""is_core_tech"":true,""scope"":""core"",""categories"":[""computer_software"",""cybersecurity_cryptography""],""matched_fields"":[""major"",""description""],""major_terms"":[""信息安全"",""大数据"",""数据科学"",""数据科学与大数据技术"",""网络工程"",""网络空间安全"",""计算机"",""计算机科学与技术"",""软件工程""],""role_terms"":[""信息科技"",""信息系统"",""软硬件""],""reason"":""tech_major_and_role""},""original"":{""部门代码"":""132114"",""部门名称"":""国家金融监督管理总局江西监管局"",""用人司局"":""国家金融监督管理总局赣州监管分局"",""机构性质"":""中央国家行政机关省级以下直属机构"",""招考职位"":""统计信息部门一级主任科员及以下"",""职位属性"":""金融监管计算机类职位"",""职位分布"":""其他职位"",""职位简介"":""主要从事金融信息科技风险监管、电子设备软硬件管理及信息系统运行维护等工作"",""职位代码"":""300147279001"",""机构层级"":""市（地）级"",""考试类别"":""市（地）级及以下直属机构综合管理类"",""招考人数"":""1"",""专业"":""计算机科学与技术、软件工程、网络工程、信息安全、电子与计算机工程、数据科学与大数据技术、网络空间安全、数据科学、计算机应用技术等专业"",""学历"":""本科及以上"",""学位"":""与最高学历相对应的学位"",""政治面貌"":""不限"",""基层工作最低年限"":""无限制"",""服务基层项目工作经历"":""无限制"",""是否在面试阶段组织专业能力测试"":""否"",""面试人员比例"":""3:1"",""工作地点"":""江西省赣州市章贡区"",""落户地点"":""江西省赣州市章贡区"",""备注"":""1.报名时请在专业栏中同时填写专业名称和专业代码；2.限应届高校毕业生报考，请在备注栏中注明本人具有应届高校毕业生身份；3.要求本科学历大学英语四级成绩425分及以上，研究生学历大学英语六级成绩425分及以上，请在外语水平栏中注明已获得的英语等级证书及成绩；4.专业考试信息请参见国家金融监督管理总局2025年度招考公告。"",""部门网站"":""http://www.cbirc.gov.cn/"",""咨询电话1"":""0791-86766864"",""咨询电话2"":""0791-86766888"",""咨询电话3"":"""",""来源Sheet"":""中央国家行政机关省级以下直属机构""}}"
"government_jobs","国家公务员2025招考简章","公务员/事业单位技术岗位","江西省上饶市","2026-07-28T09:12:58.310295+00:00","统计信息部门一级主任科员及以下","国家金融监督管理总局江西监管局","","江西省上饶市","公务员/事业单位;2025;computer_software;cybersecurity_cryptography;本科及以上;与最高学历相对应的学位;计算机科学与技术、软件工程、网络工程、信息安全、电子与计算机工程、数据科学与大数据技术、网络空间安全、数据科学、计算机应用技术等专业;市（地）级及以下直属机构综合管理类","用人司局：国家金融监督管理总局上饶监管分局
职位简介：主要从事金融信息科技风险监管、电子设备软硬件管理及信息系统运行维护等工作
专业要求：计算机科学与技术、软件工程、网络工程、信息安全、电子与计算机工程、数据科学与大数据技术、网络空间安全、数据科学、计算机应用技术等专业
学历要求：本科及以上
学位要求：与最高学历相对应的学位
政治面貌：不限
基层工作经历：无限制
考试类别：市（地）级及以下直属机构综合管理类
备注：1.报名时请在专业栏中同时填写专业名称和专业代码；2.要求本科学历大学英语四级成绩425分及以上，研究生学历大学英语六级成绩425分及以上，请在外语水平栏中注明已获得的英语等级证书及成绩；3.专业考试信息请参见国家金融监督管理总局2025年度招考公告。","https://www.xjhc.gov.cn/xjhc/c116834/202410/a29382e11a674da3be3353af65f9fcc5.shtml#132114-300147299002","2024-10-14","{""dataset_year"":2025,""job_uid"":""GOV-2025-132114-300147299002"",""publisher"":""国家公务员局"",""publication_page"":""https://www.xjhc.gov.cn/xjhc/c116834/202410/a29382e11a674da3be3353af65f9fcc5.shtml"",""attachment_url"":""https://www.xjhc.gov.cn/xjhc/c116834/202410/a29382e11a674da3be3353af65f9fcc5/files/0536cef86e2b46ddad6aae5a3780089e.xls"",""local_source_file"":""2025_guokao_zhaokaojianzhang.xls"",""local_source_sha256"":""07ae6cab368cd21b7a1ac3e8150fe9a3d39ad5171ce76135ff3cccfe50c3e77e"",""source_sheet"":""中央国家行政机关省级以下直属机构"",""filter_version"":""government_tech_v2"",""tech_filter"":{""is_tech"":true,""is_core_tech"":true,""scope"":""core"",""categories"":[""computer_software"",""cybersecurity_cryptography""],""matched_fields"":[""major"",""description""],""major_terms"":[""信息安全"",""大数据"",""数据科学"",""数据科学与大数据技术"",""网络工程"",""网络空间安全"",""计算机"",""计算机科学与技术"",""软件工程""],""role_terms"":[""信息科技"",""信息系统"",""软硬件""],""reason"":""tech_major_and_role""},""original"":{""部门代码"":""132114"",""部门名称"":""国家金融监督管理总局江西监管局"",""用人司局"":""国家金融监督管理总局上饶监管分局"",""机构性质"":""中央国家行政机关省级以下直属机构"",""招考职位"":""统计信息部门一级主任科员及以下"",""职位属性"":""金融监管计算机类职位"",""职位分布"":""其他职位"",""职位简介"":""主要从事金融信息科技风险监管、电子设备软硬件管理及信息系统运行维护等工作"",""职位代码"":""300147299002"",""机构层级"":""市（地）级"",""考试类别"":""市（地）级及以下直属机构综合管理类"",""招考人数"":""1"",""专业"":""计算机科学与技术、软件工程、网络工程、信息安全、电子与计算机工程、数据科学与大数据技术、网络空间安全、数据科学、计算机应用技术等专业"",""学历"":""本科及以上"",""学位"":""与最高学历相对应的学位"",""政治面貌"":""不限"",""基层工作最低年限"":""无限制"",""服务基层项目工作经历"":""无限制"",""是否在面试阶段组织专业能力测试"":""否"",""面试人员比例"":""3:1"",""工作地点"":""江西省上饶市"",""落户地点"":""江西省上饶市"",""备注"":""1.报名时请在专业栏中同时填写专业名称和专业代码；2.要求本科学历大学英语四级成绩425分及以上，研究生学历大学英语六级成绩425分及以上，请在外语水平栏中注明已获得的英语等级证书及成绩；3.专业考试信息请参见国家金融监督管理总局2025年度招考公告。"",""部门网站"":""http://www.cbirc.gov.cn/"",""咨询电话1"":""0791-86766864"",""咨询电话2"":""0791-86766888"",""咨询电话3"":"""",""来源Sheet"":""中央国家行政机关省级以下直属机构""}}"
"government_jobs","国家公务员2025招考简章","公务员/事业单位技术岗位","江西省鹰潭市","2026-07-28T09:12:58.310295+00:00","统计信息部门一级主任科员及以下","国家金融监督管理总局江西监管局","","江西省鹰潭市","公务员/事业单位;2025;computer_software;cybersecurity_cryptography;仅限本科;学士;计算机科学与技术、软件工程、网络工程、信息安全、电子与计算机工程、数据科学与大数据技术、网络空间安全、数据科学、计算机应用技术等专业;市（地）级及以下直属机构综合管理类","用人司局：国家金融监督管理总局鹰潭监管分局
职位简介：主要从事金融信息科技风险监管、电子设备软硬件管理及信息系统运行维护等工作
专业要求：计算机科学与技术、软件工程、网络工程、信息安全、电子与计算机工程、数据科学与大数据技术、网络空间安全、数据科学、计算机应用技术等专业
学历要求：仅限本科
学位要求：学士
政治面貌：不限
基层工作经历：无限制
考试类别：市（地）级及以下直属机构综合管理类
备注：1.报名时请在专业栏中同时填写专业名称和专业代码；2.限应届高校毕业生报考，请在备注栏中注明本人具有应届高校毕业生身份；3.要求本科学历大学英语四级成绩425分及以上，请在外语水平栏中注明已获得的英语等级证书及成绩；4.专业考试信息请参见国家金融监督管理总局2025年度招考公告。","https://www.xjhc.gov.cn/xjhc/c116834/202410/a29382e11a674da3be3353af65f9fcc5.shtml#132114-300147313001","2024-10-14","{""dataset_year"":2025,""job_uid"":""GOV-2025-132114-300147313001"",""publisher"":""国家公务员局"",""publication_page"":""https://www.xjhc.gov.cn/xjhc/c116834/202410/a29382e11a674da3be3353af65f9fcc5.shtml"",""attachment_url"":""https://www.xjhc.gov.cn/xjhc/c116834/202410/a29382e11a674da3be3353af65f9fcc5/files/0536cef86e2b46ddad6aae5a3780089e.xls"",""local_source_file"":""2025_guokao_zhaokaojianzhang.xls"",""local_source_sha256"":""07ae6cab368cd21b7a1ac3e8150fe9a3d39ad5171ce76135ff3cccfe50c3e77e"",""source_sheet"":""中央国家行政机关省级以下直属机构"",""filter_version"":""government_tech_v2"",""tech_filter"":{""is_tech"":true,""is_core_tech"":true,""scope"":""core"",""categories"":[""computer_software"",""cybersecurity_cryptography""],""matched_fields"":[""major"",""description""],""major_terms"":[""信息安全"",""大数据"",""数据科学"",""数据科学与大数据技术"",""网络工程"",""网络空间安全"",""计算机"",""计算机科学与技术"",""软件工程""],""role_terms"":[""信息科技"",""信息系统"",""软硬件""],""reason"":""tech_major_and_role""},""original"":{""部门代码"":""132114"",""部门名称"":""国家金融监督管理总局江西监管局"",""用人司局"":""国家金融监督管理总局鹰潭监管分局"",""机构性质"":""中央国家行政机关省级以下直属机构"",""招考职位"":""统计信息部门一级主任科员及以下"",""职位属性"":""金融监管计算机类职位"",""职位分布"":""其他职位"",""职位简介"":""主要从事金融信息科技风险监管、电子设备软硬件管理及信息系统运行维护等工作"",""职位代码"":""300147313001"",""机构层级"":""市（地）级"",""考试类别"":""市（地）级及以下直属机构综合管理类"",""招考人数"":""1"",""专业"":""计算机科学与技术、软件工程、网络工程、信息安全、电子与计算机工程、数据科学与大数据技术、网络空间安全、数据科学、计算机应用技术等专业"",""学历"":""仅限本科"",""学位"":""学士"",""政治面貌"":""不限"",""基层工作最低年限"":""无限制"",""服务基层项目工作经历"":""无限制"",""是否在面试阶段组织专业能力测试"":""否"",""面试人员比例"":""3:1"",""工作地点"":""江西省鹰潭市"",""落户地点"":""江西省鹰潭市"",""备注"":""1.报名时请在专业栏中同时填写专业名称和专业代码；2.限应届高校毕业生报考，请在备注栏中注明本人具有应届高校毕业生身份；3.要求本科学历大学英语四级成绩425分及以上，请在外语水平栏中注明已获得的英语等级证书及成绩；4.专业考试信息请参见国家金融监督管理总局2025年度招考公告。"",""部门网站"":""http://www.cbirc.gov.cn/"",""咨询电话1"":""0791-86766864"",""咨询电话2"":""0791-86766888"",""咨询电话3"":"""",""来源Sheet"":""中央国家行政机关省级以下直属机构""}}"
"government_jobs","国家公务员2025招考简章","公务员/事业单位技术岗位","江西省鹰潭市余江区","2026-07-28T09:12:58.310295+00:00","统计信息部门一级主任科员及以下","国家金融监督管理总局江西监管局","","江西省鹰潭市余江区","公务员/事业单位;2025;computer_software;cybersecurity_cryptography;仅限本科;学士;计算机科学与技术、软件工程、网络工程、信息安全、电子与计算机工程、数据科学与大数据技术、网络空间安全、数据科学、计算机应用技术等专业;市（地）级及以下直属机构综合管理类","用人司局：国家金融监督管理总局余江监管支局
职位简介：主要从事金融信息科技风险监管、电子设备软硬件管理及信息系统运行维护等工作
专业要求：计算机科学与技术、软件工程、网络工程、信息安全、电子与计算机工程、数据科学与大数据技术、网络空间安全、数据科学、计算机应用技术等专业
学历要求：仅限本科
学位要求：学士
政治面貌：不限
基层工作经历：无限制
考试类别：市（地）级及以下直属机构综合管理类
备注：1.报名时请在专业栏中同时填写专业名称和专业代码；2.限应届高校毕业生报考，请在备注栏中注明本人具有应届高校毕业生身份；3.要求本科学历大学英语四级成绩425分及以上，请在外语水平栏中注明已获得的英语等级证书及成绩；4.专业考试信息请参见国家金融监督管理总局2025年度招考公告。","https://www.xjhc.gov.cn/xjhc/c116834/202410/a29382e11a674da3be3353af65f9fcc5.shtml#132114-300147315001","2024-10-14","{""dataset_year"":2025,""job_uid"":""GOV-2025-132114-300147315001"",""publisher"":""国家公务员局"",""publication_page"":""https://www.xjhc.gov.cn/xjhc/c116834/202410/a29382e11a674da3be3353af65f9fcc5.shtml"",""attachment_url"":""https://www.xjhc.gov.cn/xjhc/c116834/202410/a29382e11a674da3be3353af65f9fcc5/files/0536cef86e2b46ddad6aae5a3780089e.xls"",""local_source_file"":""2025_guokao_zhaokaojianzhang.xls"",""local_source_sha256"":""07ae6cab368cd21b7a1ac3e8150fe9a3d39ad5171ce76135ff3cccfe50c3e77e"",""source_sheet"":""中央国家行政机关省级以下直属机构"",""filter_version"":""government_tech_v2"",""tech_filter"":{""is_tech"":true,""is_core_tech"":true,""scope"":""core"",""categories"":[""computer_software"",""cybersecurity_cryptography""],""matched_fields"":[""major"",""description""],""major_terms"":[""信息安全"",""大数据"",""数据科学"",""数据科学与大数据技术"",""网络工程"",""网络空间安全"",""计算机"",""计算机科学与技术"",""软件工程""],""role_terms"":[""信息科技"",""信息系统"",""软硬件""],""reason"":""tech_major_and_role""},""original"":{""部门代码"":""132114"",""部门名称"":""国家金融监督管理总局江西监管局"",""用人司局"":""国家金融监督管理总局余江监管支局"",""机构性质"":""中央国家行政机关省级以下直属机构"",""招考职位"":""统计信息部门一级主任科员及以下"",""职位属性"":""金融监管计算机类职位"",""职位分布"":""其他职位"",""职位简介"":""主要从事金融信息科技风险监管、电子设备软硬件管理及信息系统运行维护等工作"",""职位代码"":""300147315001"",""机构层级"":""县（区）级及以下"",""考试类别"":""市（地）级及以下直属机构综合管理类"",""招考人数"":""1"",""专业"":""计算机科学与技术、软件工程、网络工程、信息安全、电子与计算机工程、数据科学与大数据技术、网络空间安全、数据科学、计算机应用技术等专业"",""学历"":""仅限本科"",""学位"":""学士"",""政治面貌"":""不限"",""基层工作最低年限"":""无限制"",""服务基层项目工作经历"":""无限制"",""是否在面试阶段组织专业能力测试"":""否"",""面试人员比例"":""3:1"",""工作地点"":""江西省鹰潭市余江区"",""落户地点"":""江西省鹰潭市余江区"",""备注"":""1.报名时请在专业栏中同时填写专业名称和专业代码；2.限应届高校毕业生报考，请在备注栏中注明本人具有应届高校毕业生身份；3.要求本科学历大学英语四级成绩425分及以上，请在外语水平栏中注明已获得的英语等级证书及成绩；4.专业考试信息请参见国家金融监督管理总局2025年度招考公告。"",""部门网站"":""http://www.cbirc.gov.cn/"",""咨询电话1"":""0791-86766864"",""咨询电话2"":""0791-86766888"",""咨询电话3"":"""",""来源Sheet"":""中央国家行政机关省级以下直属机构""}}"
"government_jobs","国家公务员2025招考简章","公务员/事业单位技术岗位","江西省新余市分宜县","2026-07-28T09:12:58.310295+00:00","统计信息部门一级主任科员及以下","国家金融监督管理总局江西监管局","","江西省新余市分宜县","公务员/事业单位;2025;computer_software;cybersecurity_cryptography;本科及以上;与最高学历相对应的学位;计算机科学与技术、软件工程、网络工程、信息安全、电子与计算机工程、数据科学与大数据技术、网络空间安全、数据科学、计算机应用技术等专业;市（地）级及以下直属机构综合管理类","用人司局：国家金融监督管理总局分宜监管支局
职位简介：主要从事金融信息科技风险监管、电子设备软硬件管理及信息系统运行维护等工作
专业要求：计算机科学与技术、软件工程、网络工程、信息安全、电子与计算机工程、数据科学与大数据技术、网络空间安全、数据科学、计算机应用技术等专业
学历要求：本科及以上
学位要求：与最高学历相对应的学位
政治面貌：不限
基层工作经历：无限制
考试类别：市（地）级及以下直属机构综合管理类
备注：1.报名时请在专业栏中同时填写专业名称和专业代码；2.限应届高校毕业生报考，请在备注栏中注明本人具有应届高校毕业生身份；3.要求本科学历大学英语四级成绩425分及以上，研究生学历大学英语六级成绩425分及以上，请在外语水平栏中注明已获得的英语等级证书及成绩；4.专业考试信息请参见国家金融监督管理总局2025年度招考公告。","https://www.xjhc.gov.cn/xjhc/c116834/202410/a29382e11a674da3be3353af65f9fcc5.shtml#132114-300147318001","2024-10-14","{""dataset_year"":2025,""job_uid"":""GOV-2025-132114-300147318001"",""publisher"":""国家公务员局"",""publication_page"":""https://www.xjhc.gov.cn/xjhc/c116834/202410/a29382e11a674da3be3353af65f9fcc5.shtml"",""attachment_url"":""https://www.xjhc.gov.cn/xjhc/c116834/202410/a29382e11a674da3be3353af65f9fcc5/files/0536cef86e2b46ddad6aae5a3780089e.xls"",""local_source_file"":""2025_guokao_zhaokaojianzhang.xls"",""local_source_sha256"":""07ae6cab368cd21b7a1ac3e8150fe9a3d39ad5171ce76135ff3cccfe50c3e77e"",""source_sheet"":""中央国家行政机关省级以下直属机构"",""filter_version"":""government_tech_v2"",""tech_filter"":{""is_tech"":true,""is_core_tech"":true,""scope"":""core"",""categories"":[""computer_software"",""cybersecurity_cryptography""],""matched_fields"":[""major"",""description""],""major_terms"":[""信息安全"",""大数据"",""数据科学"",""数据科学与大数据技术"",""网络工程"",""网络空间安全"",""计算机"",""计算机科学与技术"",""软件工程""],""role_terms"":[""信息科技"",""信息系统"",""软硬件""],""reason"":""tech_major_and_role""},""original"":{""部门代码"":""132114"",""部门名称"":""国家金融监督管理总局江西监管局"",""用人司局"":""国家金融监督管理总局分宜监管支局"",""机构性质"":""中央国家行政机关省级以下直属机构"",""招考职位"":""统计信息部门一级主任科员及以下"",""职位属性"":""金融监管计算机类职位"",""职位分布"":""其他职位"",""职位简介"":""主要从事金融信息科技风险监管、电子设备软硬件管理及信息系统运行维护等工作"",""职位代码"":""300147318001"",""机构层级"":""县（区）级及以下"",""考试类别"":""市（地）级及以下直属机构综合管理类"",""招考人数"":""1"",""专业"":""计算机科学与技术、软件工程、网络工程、信息安全、电子与计算机工程、数据科学与大数据技术、网络空间安全、数据科学、计算机应用技术等专业"",""学历"":""本科及以上"",""学位"":""与最高学历相对应的学位"",""政治面貌"":""不限"",""基层工作最低年限"":""无限制"",""服务基层项目工作经历"":""无限制"",""是否在面试阶段组织专业能力测试"":""否"",""面试人员比例"":""3:1"",""工作地点"":""江西省新余市分宜县"",""落户地点"":""江西省新余市分宜县"",""备注"":""1.报名时请在专业栏中同时填写专业名称和专业代码；2.限应届高校毕业生报考，请在备注栏中注明本人具有应届高校毕业生身份；3.要求本科学历大学英语四级成绩425分及以上，研究生学历大学英语六级成绩425分及以上，请在外语水平栏中注明已获得的英语等级证书及成绩；4.专业考试信息请参见国家金融监督管理总局2025年度招考公告。"",""部门网站"":""http://www.cbirc.gov.cn/"",""咨询电话1"":""0791-86766864"",""咨询电话2"":""0791-86766888"",""咨询电话3"":"""",""来源Sheet"":""中央国家行政机关省级以下直属机构""}}"
"government_jobs","国家公务员2025招考简章","公务员/事业单位技术岗位","江西省萍乡市莲花县","2026-07-28T09:12:58.310295+00:00","统计信息部门一级主任科员及以下","国家金融监督管理总局江西监管局","","江西省萍乡市莲花县","公务员/事业单位;2025;computer_software;cybersecurity_cryptography;本科及以上;与最高学历相对应的学位;计算机科学与技术、软件工程、网络工程、信息安全、电子与计算机工程、数据科学与大数据技术、网络空间安全、数据科学、计算机应用技术等专业;市（地）级及以下直属机构综合管理类","用人司局：国家金融监督管理总局莲花监管支局
职位简介：主要从事金融信息科技风险监管、电子设备软硬件管理及信息系统运行维护等工作
专业要求：计算机科学与技术、软件工程、网络工程、信息安全、电子与计算机工程、数据科学与大数据技术、网络空间安全、数据科学、计算机应用技术等专业
学历要求：本科及以上
学位要求：与最高学历相对应的学位
政治面貌：不限
基层工作经历：无限制
考试类别：市（地）级及以下直属机构综合管理类
备注：1.报名时请在专业栏中同时填写专业名称和专业代码；2.限应届高校毕业生报考，请在备注栏中注明本人具有应届高校毕业生身份；3.要求本科学历大学英语四级成绩425分及以上，研究生学历大学英语六级成绩425分及以上，请在外语水平栏中注明已获得的英语等级证书及成绩；4.专业考试信息请参见国家金融监督管理总局2025年度招考公告。","https://www.xjhc.gov.cn/xjhc/c116834/202410/a29382e11a674da3be3353af65f9fcc5.shtml#132114-300147319001","2024-10-14","{""dataset_year"":2025,""job_uid"":""GOV-2025-132114-300147319001"",""publisher"":""国家公务员局"",""publication_page"":""https://www.xjhc.gov.cn/xjhc/c116834/202410/a29382e11a674da3be3353af65f9fcc5.shtml"",""attachment_url"":""https://www.xjhc.gov.cn/xjhc/c116834/202410/a29382e11a674da3be3353af65f9fcc5/files/0536cef86e2b46ddad6aae5a3780089e.xls"",""local_source_file"":""2025_guokao_zhaokaojianzhang.xls"",""local_source_sha256"":""07ae6cab368cd21b7a1ac3e8150fe9a3d39ad5171ce76135ff3cccfe50c3e77e"",""source_sheet"":""中央国家行政机关省级以下直属机构"",""filter_version"":""government_tech_v2"",""tech_filter"":{""is_tech"":true,""is_core_tech"":true,""scope"":""core"",""categories"":[""computer_software"",""cybersecurity_cryptography""],""matched_fields"":[""major"",""description""],""major_terms"":[""信息安全"",""大数据"",""数据科学"",""数据科学与大数据技术"",""网络工程"",""网络空间安全"",""计算机"",""计算机科学与技术"",""软件工程""],""role_terms"":[""信息科技"",""信息系统"",""软硬件""],""reason"":""tech_major_and_role""},""original"":{""部门代码"":""132114"",""部门名称"":""国家金融监督管理总局江西监管局"",""用人司局"":""国家金融监督管理总局莲花监管支局"",""机构性质"":""中央国家行政机关省级以下直属机构"",""招考职位"":""统计信息部门一级主任科员及以下"",""职位属性"":""金融监管计算机类职位"",""职位分布"":""其他职位"",""职位简介"":""主要从事金融信息科技风险监管、电子设备软硬件管理及信息系统运行维护等工作"",""职位代码"":""300147319001"",""机构层级"":""县（区）级及以下"",""考试类别"":""市（地）级及以下直属机构综合管理类"",""招考人数"":""1"",""专业"":""计算机科学与技术、软件工程、网络工程、信息安全、电子与计算机工程、数据科学与大数据技术、网络空间安全、数据科学、计算机应用技术等专业"",""学历"":""本科及以上"",""学位"":""与最高学历相对应的学位"",""政治面貌"":""不限"",""基层工作最低年限"":""无限制"",""服务基层项目工作经历"":""无限制"",""是否在面试阶段组织专业能力测试"":""否"",""面试人员比例"":""3:1"",""工作地点"":""江西省萍乡市莲花县"",""落户地点"":""江西省萍乡市莲花县"",""备注"":""1.报名时请在专业栏中同时填写专业名称和专业代码；2.限应届高校毕业生报考，请在备注栏中注明本人具有应届高校毕业生身份；3.要求本科学历大学英语四级成绩425分及以上，研究生学历大学英语六级成绩425分及以上，请在外语水平栏中注明已获得的英语等级证书及成绩；4.专业考试信息请参见国家金融监督管理总局2025年度招考公告。"",""部门网站"":""http://www.cbirc.gov.cn/"",""咨询电话1"":""0791-86766864"",""咨询电话2"":""0791-86766888"",""咨询电话3"":"""",""来源Sheet"":""中央国家行政机关省级以下直属机构""}}"
"government_jobs","国家公务员2025招考简章","公务员/事业单位技术岗位","江西省上饶市万年县","2026-07-28T09:12:58.310295+00:00","统计信息部门一级主任科员及以下","国家金融监督管理总局江西监管局","","江西省上饶市万年县","公务员/事业单位;2025;computer_software;cybersecurity_cryptography;本科及以上;与最高学历相对应的学位;计算机科学与技术、软件工程、网络工程、信息安全、电子与计算机工程、数据科学与大数据技术、网络空间安全、数据科学、计算机应用技术等专业;市（地）级及以下直属机构综合管理类","用人司局：国家金融监督管理总局万年监管支局
职位简介：主要从事金融信息科技风险监管、电子设备软硬件管理及信息系统运行维护等工作
专业要求：计算机科学与技术、软件工程、网络工程、信息安全、电子与计算机工程、数据科学与大数据技术、网络空间安全、数据科学、计算机应用技术等专业
学历要求：本科及以上
学位要求：与最高学历相对应的学位
政治面貌：不限
基层工作经历：无限制
考试类别：市（地）级及以下直属机构综合管理类
备注：1.报名时请在专业栏中同时填写专业名称和专业代码；2.限应届高校毕业生报考，请在备注栏中注明本人具有应届高校毕业生身份；3.要求本科学历大学英语四级成绩425分及以上，研究生学历大学英语六级成绩425分及以上，请在外语水平栏中注明已获得的英语等级证书及成绩；4.专业考试信息请参见国家金融监督管理总局2025年度招考公告。","https://www.xjhc.gov.cn/xjhc/c116834/202410/a29382e11a674da3be3353af65f9fcc5.shtml#132114-300147788001","2024-10-14","{""dataset_year"":2025,""job_uid"":""GOV-2025-132114-300147788001"",""publisher"":""国家公务员局"",""publication_page"":""https://www.xjhc.gov.cn/xjhc/c116834/202410/a29382e11a674da3be3353af65f9fcc5.shtml"",""attachment_url"":""https://www.xjhc.gov.cn/xjhc/c116834/202410/a29382e11a674da3be3353af65f9fcc5/files/0536cef86e2b46ddad6aae5a3780089e.xls"",""local_source_file"":""2025_guokao_zhaokaojianzhang.xls"",""local_source_sha256"":""07ae6cab368cd21b7a1ac3e8150fe9a3d39ad5171ce76135ff3cccfe50c3e77e"",""source_sheet"":""中央国家行政机关省级以下直属机构"",""filter_version"":""government_tech_v2"",""tech_filter"":{""is_tech"":true,""is_core_tech"":true,""scope"":""core"",""categories"":[""computer_software"",""cybersecurity_cryptography""],""matched_fields"":[""major"",""description""],""major_terms"":[""信息安全"",""大数据"",""数据科学"",""数据科学与大数据技术"",""网络工程"",""网络空间安全"",""计算机"",""计算机科学与技术"",""软件工程""],""role_terms"":[""信息科技"",""信息系统"",""软硬件""],""reason"":""tech_major_and_role""},""original"":{""部门代码"":""132114"",""部门名称"":""国家金融监督管理总局江西监管局"",""用人司局"":""国家金融监督管理总局万年监管支局"",""机构性质"":""中央国家行政机关省级以下直属机构"",""招考职位"":""统计信息部门一级主任科员及以下"",""职位属性"":""金融监管计算机类职位"",""职位分布"":""其他职位"",""职位简介"":""主要从事金融信息科技风险监管、电子设备软硬件管理及信息系统运行维护等工作"",""职位代码"":""300147788001"",""机构层级"":""县（区）级及以下"",""考试类别"":""市（地）级及以下直属机构综合管理类"",""招考人数"":""1"",""专业"":""计算机科学与技术、软件工程、网络工程、信息安全、电子与计算机工程、数据科学与大数据技术、网络空间安全、数据科学、计算机应用技术等专业"",""学历"":""本科及以上"",""学位"":""与最高学历相对应的学位"",""政治面貌"":""不限"",""基层工作最低年限"":""无限制"",""服务基层项目工作经历"":""无限制"",""是否在面试阶段组织专业能力测试"":""否"",""面试人员比例"":""3:1"",""工作地点"":""江西省上饶市万年县"",""落户地点"":""江西省上饶市万年县"",""备注"":""1.报名时请在专业栏中同时填写专业名称和专业代码；2.限应届高校毕业生报考，请在备注栏中注明本人具有应届高校毕业生身份；3.要求本科学历大学英语四级成绩425分及以上，研究生学历大学英语六级成绩425分及以上，请在外语水平栏中注明已获得的英语等级证书及成绩；4.专业考试信息请参见国家金融监督管理总局2025年度招考公告。"",""部门网站"":""http://www.cbirc.gov.cn/"",""咨询电话1"":""0791-86766864"",""咨询电话2"":""0791-86766888"",""咨询电话3"":"""",""来源Sheet"":""中央国家行政机关省级以下直属机构""}}"
"government_jobs","国家公务员2025招考简章","公务员/事业单位技术岗位","江西省上饶市德兴市","2026-07-28T09:12:58.310295+00:00","统计信息部门一级主任科员及以下","国家金融监督管理总局江西监管局","","江西省上饶市德兴市","公务员/事业单位;2025;computer_software;cybersecurity_cryptography;本科及以上;与最高学历相对应的学位;计算机科学与技术、软件工程、网络工程、信息安全、电子与计算机工程、数据科学与大数据技术、网络空间安全、数据科学、计算机应用技术等专业;市（地）级及以下直属机构综合管理类","用人司局：国家金融监督管理总局德兴监管支局
职位简介：主要从事金融信息科技风险监管、电子设备软硬件管理及信息系统运行维护等工作
专业要求：计算机科学与技术、软件工程、网络工程、信息安全、电子与计算机工程、数据科学与大数据技术、网络空间安全、数据科学、计算机应用技术等专业
学历要求：本科及以上
学位要求：与最高学历相对应的学位
政治面貌：不限
基层工作经历：无限制
考试类别：市（地）级及以下直属机构综合管理类
备注：1.报名时请在专业栏中同时填写专业名称和专业代码；2.限应届高校毕业生报考，请在备注栏中注明本人具有应届高校毕业生身份；3.要求本科学历大学英语四级成绩425分及以上，研究生学历大学英语六级成绩425分及以上，请在外语水平栏中注明已获得的英语等级证书及成绩；4.专业考试信息请参见国家金融监督管理总局2025年度招考公告。","https://www.xjhc.gov.cn/xjhc/c116834/202410/a29382e11a674da3be3353af65f9fcc5.shtml#132114-300147789001","2024-10-14","{""dataset_year"":2025,""job_uid"":""GOV-2025-132114-300147789001"",""publisher"":""国家公务员局"",""publication_page"":""https://www.xjhc.gov.cn/xjhc/c116834/202410/a29382e11a674da3be3353af65f9fcc5.shtml"",""attachment_url"":""https://www.xjhc.gov.cn/xjhc/c116834/202410/a29382e11a674da3be3353af65f9fcc5/files/0536cef86e2b46ddad6aae5a3780089e.xls"",""local_source_file"":""2025_guokao_zhaokaojianzhang.xls"",""local_source_sha256"":""07ae6cab368cd21b7a1ac3e8150fe9a3d39ad5171ce76135ff3cccfe50c3e77e"",""source_sheet"":""中央国家行政机关省级以下直属机构"",""filter_version"":""government_tech_v2"",""tech_filter"":{""is_tech"":true,""is_core_tech"":true,""scope"":""core"",""categories"":[""computer_software"",""cybersecurity_cryptography""],""matched_fields"":[""major"",""description""],""major_terms"":[""信息安全"",""大数据"",""数据科学"",""数据科学与大数据技术"",""网络工程"",""网络空间安全"",""计算机"",""计算机科学与技术"",""软件工程""],""role_terms"":[""信息科技"",""信息系统"",""软硬件""],""reason"":""tech_major_and_role""},""original"":{""部门代码"":""132114"",""部门名称"":""国家金融监督管理总局江西监管局"",""用人司局"":""国家金融监督管理总局德兴监管支局"",""机构性质"":""中央国家行政机关省级以下直属机构"",""招考职位"":""统计信息部门一级主任科员及以下"",""职位属性"":""金融监管计算机类职位"",""职位分布"":""其他职位"",""职位简介"":""主要从事金融信息科技风险监管、电子设备软硬件管理及信息系统运行维护等工作"",""职位代码"":""300147789001"",""机构层级"":""县（区）级及以下"",""考试类别"":""市（地）级及以下直属机构综合管理类"",""招考人数"":""1"",""专业"":""计算机科学与技术、软件工程、网络工程、信息安全、电子与计算机工程、数据科学与大数据技术、网络空间安全、数据科学、计算机应用技术等专业"",""学历"":""本科及以上"",""学位"":""与最高学历相对应的学位"",""政治面貌"":""不限"",""基层工作最低年限"":""无限制"",""服务基层项目工作经历"":""无限制"",""是否在面试阶段组织专业能力测试"":""否"",""面试人员比例"":""3:1"",""工作地点"":""江西省上饶市德兴市"",""落户地点"":""江西省上饶市德兴市"",""备注"":""1.报名时请在专业栏中同时填写专业名称和专业代码；2.限应届高校毕业生报考，请在备注栏中注明本人具有应届高校毕业生身份；3.要求本科学历大学英语四级成绩425分及以上，研究生学历大学英语六级成绩425分及以上，请在外语水平栏中注明已获得的英语等级证书及成绩；4.专业考试信息请参见国家金融监督管理总局2025年度招考公告。"",""部门网站"":""http://www.cbirc.gov.cn/"",""咨询电话1"":""0791-86766864"",""咨询电话2"":""0791-86766888"",""咨询电话3"":"""",""来源Sheet"":""中央国家行政机关省级以下直属机构""}}"
"government_jobs","国家公务员2025招考简章","公务员/事业单位技术岗位","山东省淄博市淄川区","2026-07-28T09:12:58.310295+00:00","监管部门一级主任科员及以下","国家金融监督管理总局山东监管局","","山东省淄博市淄川区","公务员/事业单位;2025;computer_software;cybersecurity_cryptography;electronics_communication;本科或硕士研究生;与最高学历相对应的学位;以本科专业报考：计算机类。以研究生专业报考：计算机科学与技术、软件工程、网络空间安全、电子信息（限计算机技术、软件工程、大数据技术与工程、网络与信息安全）。;市（地）级及以下直属机构综合管理类","用人司局：国家金融监督管理总局淄川监管支局
职位简介：主要从事金融信息科技风险监管、电子设备软硬件管理及信息系统运行维护等工作
专业要求：以本科专业报考：计算机类。以研究生专业报考：计算机科学与技术、软件工程、网络空间安全、电子信息（限计算机技术、软件工程、大数据技术与工程、网络与信息安全）。
学历要求：本科或硕士研究生
学位要求：与最高学历相对应的学位
政治面貌：不限
基层工作经历：无限制
考试类别：市（地）级及以下直属机构综合管理类
备注：1.报名时请在专业栏中同时填写专业名称和专业代码；2.如考生为非应届高校毕业生，须为银行保险在职人员且有2年及以上银行保险从业经历；3.要求本科学历大学英语四级成绩425分及以上，要求研究生学历大学英语六级成绩425分及以上，请在外语水平栏中注明成绩；4.报考时填写个人学习、工作经历要求连续准确（按时间早晚顺序填写，起止节点具体至月份，待业经历请注明）；5.专业考试信息请参见国家金融监督管理总局2025年度招考公告。","https://www.xjhc.gov.cn/xjhc/c116834/202410/a29382e11a674da3be3353af65f9fcc5.shtml#132115-300147320001","2024-10-14","{""dataset_year"":2025,""job_uid"":""GOV-2025-132115-300147320001"",""publisher"":""国家公务员局"",""publication_page"":""https://www.xjhc.gov.cn/xjhc/c116834/202410/a29382e11a674da3be3353af65f9fcc5.shtml"",""attachment_url"":""https://www.xjhc.gov.cn/xjhc/c116834/202410/a29382e11a674da3be3353af65f9fcc5/files/0536cef86e2b46ddad6aae5a3780089e.xls"",""local_source_file"":""2025_guokao_zhaokaojianzhang.xls"",""local_source_sha256"":""07ae6cab368cd21b7a1ac3e8150fe9a3d39ad5171ce76135ff3cccfe50c3e77e"",""source_sheet"":""中央国家行政机关省级以下直属机构"",""filter_version"":""government_tech_v2"",""tech_filter"":{""is_tech"":true,""is_core_tech"":true,""scope"":""core"",""categories"":[""computer_software"",""cybersecurity_cryptography"",""electronics_communication""],""matched_fields"":[""major"",""description""],""major_terms"":[""信息安全"",""大数据"",""电子信息"",""网络空间安全"",""计算机技术"",""计算机科学与技术"",""计算机类"",""软件工程""],""role_terms"":[""信息科技"",""信息系统"",""软硬件""],""reason"":""tech_major_and_role""},""original"":{""部门代码"":""132115"",""部门名称"":""国家金融监督管理总局山东监管局"",""用人司局"":""国家金融监督管理总局淄川监管支局"",""机构性质"":""中央国家行政机关省级以下直属机构"",""招考职位"":""监管部门一级主任科员及以下"",""职位属性"":""金融监管计算机类职位"",""职位分布"":""其他职位"",""职位简介"":""主要从事金融信息科技风险监管、电子设备软硬件管理及信息系统运行维护等工作"",""职位代码"":""300147320001"",""机构层级"":""县（区）级及以下"",""考试类别"":""市（地）级及以下直属机构综合管理类"",""招考人数"":""1"",""专业"":""以本科专业报考：计算机类。以研究生专业报考：计算机科学与技术、软件工程、网络空间安全、电子信息（限计算机技术、软件工程、大数据技术与工程、网络与信息安全）。"",""学历"":""本科或硕士研究生"",""学位"":""与最高学历相对应的学位"",""政治面貌"":""不限"",""基层工作最低年限"":""无限制"",""服务基层项目工作经历"":""无限制"",""是否在面试阶段组织专业能力测试"":""否"",""面试人员比例"":""3:1"",""工作地点"":""山东省淄博市淄川区"",""落户地点"":""山东省淄博市淄川区"",""备注"":""1.报名时请在专业栏中同时填写专业名称和专业代码；2.如考生为非应届高校毕业生，须为银行保险在职人员且有2年及以上银行保险从业经历；3.要求本科学历大学英语四级成绩425分及以上，要求研究生学历大学英语六级成绩425分及以上，请在外语水平栏中注明成绩；4.报考时填写个人学习、工作经历要求连续准确（按时间早晚顺序填写，起止节点具体至月份，待业经历请注明）；5.专业考试信息请参见国家金融监督管理总局2025年度招考公告。"",""部门网站"":""http://www.cbirc.gov.cn"",""咨询电话1"":""0531-86193829"",""咨询电话2"":""0531-86192991"",""咨询电话3"":""0531-86193716"",""来源Sheet"":""中央国家行政机关省级以下直属机构""}}"
"government_jobs","国家公务员2025招考简章","公务员/事业单位技术岗位","山东省枣庄市滕州市","2026-07-28T09:12:58.310295+00:00","监管部门一级主任科员及以下","国家金融监督管理总局山东监管局","","山东省枣庄市滕州市","公务员/事业单位;2025;computer_software;cybersecurity_cryptography;electronics_communication;本科或硕士研究生;与最高学历相对应的学位;以本科专业报考：计算机类。以研究生专业报考：计算机科学与技术、软件工程、网络空间安全、电子信息（限计算机技术、软件工程、大数据技术与工程、网络与信息安全）。;市（地）级及以下直属机构综合管理类","用人司局：国家金融监督管理总局滕州监管支局
职位简介：主要从事金融信息科技风险监管、电子设备软硬件管理及信息系统运行维护等工作
专业要求：以本科专业报考：计算机类。以研究生专业报考：计算机科学与技术、软件工程、网络空间安全、电子信息（限计算机技术、软件工程、大数据技术与工程、网络与信息安全）。
学历要求：本科或硕士研究生
学位要求：与最高学历相对应的学位
政治面貌：不限
基层工作经历：无限制
考试类别：市（地）级及以下直属机构综合管理类
备注：1.报名时请在专业栏中同时填写专业名称和专业代码；2.如考生为非应届高校毕业生，须为银行保险在职人员且有2年及以上银行保险从业经历；3.要求本科学历大学英语四级成绩425分及以上，要求研究生学历大学英语六级成绩425分及以上，请在外语水平栏中注明成绩；4.报考时填写个人学习、工作经历要求连续准确（按时间早晚顺序填写，起止节点具体至月份，待业经历请注明）；5.专业考试信息请参见国家金融监督管理总局2025年度招考公告。","https://www.xjhc.gov.cn/xjhc/c116834/202410/a29382e11a674da3be3353af65f9fcc5.shtml#132115-300147325001","2024-10-14","{""dataset_year"":2025,""job_uid"":""GOV-2025-132115-300147325001"",""publisher"":""国家公务员局"",""publication_page"":""https://www.xjhc.gov.cn/xjhc/c116834/202410/a29382e11a674da3be3353af65f9fcc5.shtml"",""attachment_url"":""https://www.xjhc.gov.cn/xjhc/c116834/202410/a29382e11a674da3be3353af65f9fcc5/files/0536cef86e2b46ddad6aae5a3780089e.xls"",""local_source_file"":""2025_guokao_zhaokaojianzhang.xls"",""local_source_sha256"":""07ae6cab368cd21b7a1ac3e8150fe9a3d39ad5171ce76135ff3cccfe50c3e77e"",""source_sheet"":""中央国家行政机关省级以下直属机构"",""filter_version"":""government_tech_v2"",""tech_filter"":{""is_tech"":true,""is_core_tech"":true,""scope"":""core"",""categories"":[""computer_software"",""cybersecurity_cryptography"",""electronics_communication""],""matched_fields"":[""major"",""description""],""major_terms"":[""信息安全"",""大数据"",""电子信息"",""网络空间安全"",""计算机技术"",""计算机科学与技术"",""计算机类"",""软件工程""],""role_terms"":[""信息科技"",""信息系统"",""软硬件""],""reason"":""tech_major_and_role""},""original"":{""部门代码"":""132115"",""部门名称"":""国家金融监督管理总局山东监管局"",""用人司局"":""国家金融监督管理总局滕州监管支局"",""机构性质"":""中央国家行政机关省级以下直属机构"",""招考职位"":""监管部门一级主任科员及以下"",""职位属性"":""金融监管计算机类职位"",""职位分布"":""其他职位"",""职位简介"":""主要从事金融信息科技风险监管、电子设备软硬件管理及信息系统运行维护等工作"",""职位代码"":""300147325001"",""机构层级"":""县（区）级及以下"",""考试类别"":""市（地）级及以下直属机构综合管理类"",""招考人数"":""1"",""专业"":""以本科专业报考：计算机类。以研究生专业报考：计算机科学与技术、软件工程、网络空间安全、电子信息（限计算机技术、软件工程、大数据技术与工程、网络与信息安全）。"",""学历"":""本科或硕士研究生"",""学位"":""与最高学历相对应的学位"",""政治面貌"":""不限"",""基层工作最低年限"":""无限制"",""服务基层项目工作经历"":""无限制"",""是否在面试阶段组织专业能力测试"":""否"",""面试人员比例"":""3:1"",""工作地点"":""山东省枣庄市滕州市"",""落户地点"":""山东省枣庄市滕州市"",""备注"":""1.报名时请在专业栏中同时填写专业名称和专业代码；2.如考生为非应届高校毕业生，须为银行保险在职人员且有2年及以上银行保险从业经历；3.要求本科学历大学英语四级成绩425分及以上，要求研究生学历大学英语六级成绩425分及以上，请在外语水平栏中注明成绩；4.报考时填写个人学习、工作经历要求连续准确（按时间早晚顺序填写，起止节点具体至月份，待业经历请注明）；5.专业考试信息请参见国家金融监督管理总局2025年度招考公告。"",""部门网站"":""http://www.cbirc.gov.cn"",""咨询电话1"":""0531-86193829"",""咨询电话2"":""0531-86192991"",""咨询电话3"":""0531-86193716"",""来源Sheet"":""中央国家行政机关省级以下直属机构""}}"
"government_jobs","国家公务员2025招考简章","公务员/事业单位技术岗位","山东省枣庄市薛城区","2026-07-28T09:12:58.310295+00:00","监管部门一级主任科员及以下","国家金融监督管理总局山东监管局","","山东省枣庄市薛城区","公务员/事业单位;2025;computer_software;cybersecurity_cryptography;electronics_communication;本科或硕士研究生;与最高学历相对应的学位;以本科专业报考：计算机类。以研究生专业报考：计算机科学与技术、软件工程、网络空间安全、电子信息（限计算机技术、软件工程、大数据技术与工程、网络与信息安全）。;市（地）级及以下直属机构综合管理类","用人司局：国家金融监督管理总局薛城监管支局
职位简介：主要从事金融信息科技风险监管、电子设备软硬件管理及信息系统运行维护等工作
专业要求：以本科专业报考：计算机类。以研究生专业报考：计算机科学与技术、软件工程、网络空间安全、电子信息（限计算机技术、软件工程、大数据技术与工程、网络与信息安全）。
学历要求：本科或硕士研究生
学位要求：与最高学历相对应的学位
政治面貌：不限
基层工作经历：无限制
考试类别：市（地）级及以下直属机构综合管理类
备注：1.报名时请在专业栏中同时填写专业名称和专业代码；2.如考生为非应届高校毕业生，须为银行保险在职人员且有2年及以上银行保险从业经历；3.要求本科学历大学英语四级成绩425分及以上，要求研究生学历大学英语六级成绩425分及以上，请在外语水平栏中注明成绩；4.报考时填写个人学习、工作经历要求连续准确（按时间早晚顺序填写，起止节点具体至月份，待业经历请注明）；5.专业考试信息请参见国家金融监督管理总局2025年度招考公告。","https://www.xjhc.gov.cn/xjhc/c116834/202410/a29382e11a674da3be3353af65f9fcc5.shtml#132115-300147326001","2024-10-14","{""dataset_year"":2025,""job_uid"":""GOV-2025-132115-300147326001"",""publisher"":""国家公务员局"",""publication_page"":""https://www.xjhc.gov.cn/xjhc/c116834/202410/a29382e11a674da3be3353af65f9fcc5.shtml"",""attachment_url"":""https://www.xjhc.gov.cn/xjhc/c116834/202410/a29382e11a674da3be3353af65f9fcc5/files/0536cef86e2b46ddad6aae5a3780089e.xls"",""local_source_file"":""2025_guokao_zhaokaojianzhang.xls"",""local_source_sha256"":""07ae6cab368cd21b7a1ac3e8150fe9a3d39ad5171ce76135ff3cccfe50c3e77e"",""source_sheet"":""中央国家行政机关省级以下直属机构"",""filter_version"":""government_tech_v2"",""tech_filter"":{""is_tech"":true,""is_core_tech"":true,""scope"":""core"",""categories"":[""computer_software"",""cybersecurity_cryptography"",""electronics_communication""],""matched_fields"":[""major"",""description""],""major_terms"":[""信息安全"",""大数据"",""电子信息"",""网络空间安全"",""计算机技术"",""计算机科学与技术"",""计算机类"",""软件工程""],""role_terms"":[""信息科技"",""信息系统"",""软硬件""],""reason"":""tech_major_and_role""},""original"":{""部门代码"":""132115"",""部门名称"":""国家金融监督管理总局山东监管局"",""用人司局"":""国家金融监督管理总局薛城监管支局"",""机构性质"":""中央国家行政机关省级以下直属机构"",""招考职位"":""监管部门一级主任科员及以下"",""职位属性"":""金融监管计算机类职位"",""职位分布"":""其他职位"",""职位简介"":""主要从事金融信息科技风险监管、电子设备软硬件管理及信息系统运行维护等工作"",""职位代码"":""300147326001"",""机构层级"":""县（区）级及以下"",""考试类别"":""市（地）级及以下直属机构综合管理类"",""招考人数"":""1"",""专业"":""以本科专业报考：计算机类。以研究生专业报考：计算机科学与技术、软件工程、网络空间安全、电子信息（限计算机技术、软件工程、大数据技术与工程、网络与信息安全）。"",""学历"":""本科或硕士研究生"",""学位"":""与最高学历相对应的学位"",""政治面貌"":""不限"",""基层工作最低年限"":""无限制"",""服务基层项目工作经历"":""无限制"",""是否在面试阶段组织专业能力测试"":""否"",""面试人员比例"":""3:1"",""工作地点"":""山东省枣庄市薛城区"",""落户地点"":""山东省枣庄市薛城区"",""备注"":""1.报名时请在专业栏中同时填写专业名称和专业代码；2.如考生为非应届高校毕业生，须为银行保险在职人员且有2年及以上银行保险从业经历；3.要求本科学历大学英语四级成绩425分及以上，要求研究生学历大学英语六级成绩425分及以上，请在外语水平栏中注明成绩；4.报考时填写个人学习、工作经历要求连续准确（按时间早晚顺序填写，起止节点具体至月份，待业经历请注明）；5.专业考试信息请参见国家金融监督管理总局2025年度招考公告。"",""部门网站"":""http://www.cbirc.gov.cn"",""咨询电话1"":""0531-86193829"",""咨询电话2"":""0531-86192991"",""咨询电话3"":""0531-86193716"",""来源Sheet"":""中央国家行政机关省级以下直属机构""}}"
"government_jobs","国家公务员2025招考简章","公务员/事业单位技术岗位","山东省枣庄市台儿庄区","2026-07-28T09:12:58.310295+00:00","监管部门一级主任科员及以下","国家金融监督管理总局山东监管局","","山东省枣庄市台儿庄区","公务员/事业单位;2025;computer_software;cybersecurity_cryptography;electronics_communication;本科或硕士研究生;与最高学历相对应的学位;以本科专业报考：计算机类。以研究生专业报考：计算机科学与技术、软件工程、网络空间安全、电子信息（限计算机技术、软件工程、大数据技术与工程、网络与信息安全）。;市（地）级及以下直属机构综合管理类","用人司局：国家金融监督管理总局台儿庄监管支局
职位简介：主要从事金融信息科技风险监管、电子设备软硬件管理及信息系统运行维护等工作
专业要求：以本科专业报考：计算机类。以研究生专业报考：计算机科学与技术、软件工程、网络空间安全、电子信息（限计算机技术、软件工程、大数据技术与工程、网络与信息安全）。
学历要求：本科或硕士研究生
学位要求：与最高学历相对应的学位
政治面貌：不限
基层工作经历：无限制
考试类别：市（地）级及以下直属机构综合管理类
备注：1.报名时请在专业栏中同时填写专业名称和专业代码；2.如考生为非应届高校毕业生，须为银行保险在职人员且有2年及以上银行保险从业经历；3.要求本科学历大学英语四级成绩425分及以上，要求研究生学历大学英语六级成绩425分及以上，请在外语水平栏中注明成绩；4.报考时填写个人学习、工作经历要求连续准确（按时间早晚顺序填写，起止节点具体至月份，待业经历请注明）；5.专业考试信息请参见国家金融监督管理总局2025年度招考公告。","https://www.xjhc.gov.cn/xjhc/c116834/202410/a29382e11a674da3be3353af65f9fcc5.shtml#132115-300147327001","2024-10-14","{""dataset_year"":2025,""job_uid"":""GOV-2025-132115-300147327001"",""publisher"":""国家公务员局"",""publication_page"":""https://www.xjhc.gov.cn/xjhc/c116834/202410/a29382e11a674da3be3353af65f9fcc5.shtml"",""attachment_url"":""https://www.xjhc.gov.cn/xjhc/c116834/202410/a29382e11a674da3be3353af65f9fcc5/files/0536cef86e2b46ddad6aae5a3780089e.xls"",""local_source_file"":""2025_guokao_zhaokaojianzhang.xls"",""local_source_sha256"":""07ae6cab368cd21b7a1ac3e8150fe9a3d39ad5171ce76135ff3cccfe50c3e77e"",""source_sheet"":""中央国家行政机关省级以下直属机构"",""filter_version"":""government_tech_v2"",""tech_filter"":{""is_tech"":true,""is_core_tech"":true,""scope"":""core"",""categories"":[""computer_software"",""cybersecurity_cryptography"",""electronics_communication""],""matched_fields"":[""major"",""description""],""major_terms"":[""信息安全"",""大数据"",""电子信息"",""网络空间安全"",""计算机技术"",""计算机科学与技术"",""计算机类"",""软件工程""],""role_terms"":[""信息科技"",""信息系统"",""软硬件""],""reason"":""tech_major_and_role""},""original"":{""部门代码"":""132115"",""部门名称"":""国家金融监督管理总局山东监管局"",""用人司局"":""国家金融监督管理总局台儿庄监管支局"",""机构性质"":""中央国家行政机关省级以下直属机构"",""招考职位"":""监管部门一级主任科员及以下"",""职位属性"":""金融监管计算机类职位"",""职位分布"":""其他职位"",""职位简介"":""主要从事金融信息科技风险监管、电子设备软硬件管理及信息系统运行维护等工作"",""职位代码"":""300147327001"",""机构层级"":""县（区）级及以下"",""考试类别"":""市（地）级及以下直属机构综合管理类"",""招考人数"":""1"",""专业"":""以本科专业报考：计算机类。以研究生专业报考：计算机科学与技术、软件工程、网络空间安全、电子信息（限计算机技术、软件工程、大数据技术与工程、网络与信息安全）。"",""学历"":""本科或硕士研究生"",""学位"":""与最高学历相对应的学位"",""政治面貌"":""不限"",""基层工作最低年限"":""无限制"",""服务基层项目工作经历"":""无限制"",""是否在面试阶段组织专业能力测试"":""否"",""面试人员比例"":""3:1"",""工作地点"":""山东省枣庄市台儿庄区"",""落户地点"":""山东省枣庄市台儿庄区"",""备注"":""1.报名时请在专业栏中同时填写专业名称和专业代码；2.如考生为非应届高校毕业生，须为银行保险在职人员且有2年及以上银行保险从业经历；3.要求本科学历大学英语四级成绩425分及以上，要求研究生学历大学英语六级成绩425分及以上，请在外语水平栏中注明成绩；4.报考时填写个人学习、工作经历要求连续准确（按时间早晚顺序填写，起止节点具体至月份，待业经历请注明）；5.专业考试信息请参见国家金融监督管理总局2025年度招考公告。"",""部门网站"":""http://www.cbirc.gov.cn"",""咨询电话1"":""0531-86193829"",""咨询电话2"":""0531-86192991"",""咨询电话3"":""0531-86193716"",""来源Sheet"":""中央国家行政机关省级以下直属机构""}}"
"government_jobs","国家公务员2025招考简章","公务员/事业单位技术岗位","山东省烟台市蓬莱区","2026-07-28T09:12:58.310295+00:00","监管部门一级主任科员及以下","国家金融监督管理总局山东监管局","","山东省烟台市蓬莱区","公务员/事业单位;2025;computer_software;cybersecurity_cryptography;electronics_communication;本科或硕士研究生;与最高学历相对应的学位;以本科专业报考：计算机类。以研究生专业报考：计算机科学与技术、软件工程、网络空间安全、电子信息（限计算机技术、软件工程、大数据技术与工程、网络与信息安全）。;市（地）级及以下直属机构综合管理类","用人司局：国家金融监督管理总局长岛监管支局
职位简介：主要从事金融信息科技风险监管、电子设备软硬件管理及信息系统运行维护等工作
专业要求：以本科专业报考：计算机类。以研究生专业报考：计算机科学与技术、软件工程、网络空间安全、电子信息（限计算机技术、软件工程、大数据技术与工程、网络与信息安全）。
学历要求：本科或硕士研究生
学位要求：与最高学历相对应的学位
政治面貌：不限
基层工作经历：无限制
考试类别：市（地）级及以下直属机构综合管理类
备注：1.报名时请在专业栏中同时填写专业名称和专业代码；2.限应届高校毕业生报考，请在备注栏中注明本人具有应届高校毕业生身份；3.要求本科学历大学英语四级成绩425分及以上，要求研究生学历大学英语六级成绩425分及以上，请在外语水平栏中注明成绩；4.报考时填写个人学习、工作经历要求连续准确（按时间早晚顺序填写，起止节点具体至月份，待业经历请注明）；5.专业考试信息请参见国家金融监督管理总局2025年度招考公告。","https://www.xjhc.gov.cn/xjhc/c116834/202410/a29382e11a674da3be3353af65f9fcc5.shtml#132115-300147331001","2024-10-14","{""dataset_year"":2025,""job_uid"":""GOV-2025-132115-300147331001"",""publisher"":""国家公务员局"",""publication_page"":""https://www.xjhc.gov.cn/xjhc/c116834/202410/a29382e11a674da3be3353af65f9fcc5.shtml"",""attachment_url"":""https://www.xjhc.gov.cn/xjhc/c116834/202410/a29382e11a674da3be3353af65f9fcc5/files/0536cef86e2b46ddad6aae5a3780089e.xls"",""local_source_file"":""2025_guokao_zhaokaojianzhang.xls"",""local_source_sha256"":""07ae6cab368cd21b7a1ac3e8150fe9a3d39ad5171ce76135ff3cccfe50c3e77e"",""source_sheet"":""中央国家行政机关省级以下直属机构"",""filter_version"":""government_tech_v2"",""tech_filter"":{""is_tech"":true,""is_core_tech"":true,""scope"":""core"",""categories"":[""computer_software"",""cybersecurity_cryptography"",""electronics_communication""],""matched_fields"":[""major"",""description""],""major_terms"":[""信息安全"",""大数据"",""电子信息"",""网络空间安全"",""计算机技术"",""计算机科学与技术"",""计算机类"",""软件工程""],""role_terms"":[""信息科技"",""信息系统"",""软硬件""],""reason"":""tech_major_and_role""},""original"":{""部门代码"":""132115"",""部门名称"":""国家金融监督管理总局山东监管局"",""用人司局"":""国家金融监督管理总局长岛监管支局"",""机构性质"":""中央国家行政机关省级以下直属机构"",""招考职位"":""监管部门一级主任科员及以下"",""职位属性"":""金融监管计算机类职位"",""职位分布"":""其他职位"",""职位简介"":""主要从事金融信息科技风险监管、电子设备软硬件管理及信息系统运行维护等工作"",""职位代码"":""300147331001"",""机构层级"":""县（区）级及以下"",""考试类别"":""市（地）级及以下直属机构综合管理类"",""招考人数"":""1"",""专业"":""以本科专业报考：计算机类。以研究生专业报考：计算机科学与技术、软件工程、网络空间安全、电子信息（限计算机技术、软件工程、大数据技术与工程、网络与信息安全）。"",""学历"":""本科或硕士研究生"",""学位"":""与最高学历相对应的学位"",""政治面貌"":""不限"",""基层工作最低年限"":""无限制"",""服务基层项目工作经历"":""无限制"",""是否在面试阶段组织专业能力测试"":""否"",""面试人员比例"":""3:1"",""工作地点"":""山东省烟台市蓬莱区"",""落户地点"":""山东省烟台市蓬莱区"",""备注"":""1.报名时请在专业栏中同时填写专业名称和专业代码；2.限应届高校毕业生报考，请在备注栏中注明本人具有应届高校毕业生身份；3.要求本科学历大学英语四级成绩425分及以上，要求研究生学历大学英语六级成绩425分及以上，请在外语水平栏中注明成绩；4.报考时填写个人学习、工作经历要求连续准确（按时间早晚顺序填写，起止节点具体至月份，待业经历请注明）；5.专业考试信息请参见国家金融监督管理总局2025年度招考公告。"",""部门网站"":""http://www.cbirc.gov.cn"",""咨询电话1"":""0531-86193829"",""咨询电话2"":""0531-86192991"",""咨询电话3"":""0531-86193716"",""来源Sheet"":""中央国家行政机关省级以下直属机构""}}"
"government_jobs","国家公务员2025招考简章","公务员/事业单位技术岗位","山东省烟台市龙口市","2026-07-28T09:12:58.310295+00:00","监管部门一级主任科员及以下","国家金融监督管理总局山东监管局","","山东省烟台市龙口市","公务员/事业单位;2025;computer_software;cybersecurity_cryptography;electronics_communication;本科或硕士研究生;与最高学历相对应的学位;以本科专业报考：计算机类。以研究生专业报考：计算机科学与技术、软件工程、网络空间安全、电子信息（限计算机技术、软件工程、大数据技术与工程、网络与信息安全）。;市（地）级及以下直属机构综合管理类","用人司局：国家金融监督管理总局龙口监管支局
职位简介：主要从事金融信息科技风险监管、电子设备软硬件管理及信息系统运行维护等工作
专业要求：以本科专业报考：计算机类。以研究生专业报考：计算机科学与技术、软件工程、网络空间安全、电子信息（限计算机技术、软件工程、大数据技术与工程、网络与信息安全）。
学历要求：本科或硕士研究生
学位要求：与最高学历相对应的学位
政治面貌：不限
基层工作经历：无限制
考试类别：市（地）级及以下直属机构综合管理类
备注：1.报名时请在专业栏中同时填写专业名称和专业代码；2.限应届高校毕业生报考，请在备注栏中注明本人具有应届高校毕业生身份；3.要求本科学历大学英语四级成绩425分及以上，要求研究生学历大学英语六级成绩425分及以上，请在外语水平栏中注明成绩；4.报考时填写个人学习、工作经历要求连续准确（按时间早晚顺序填写，起止节点具体至月份，待业经历请注明）；5.专业考试信息请参见国家金融监督管理总局2025年度招考公告。","https://www.xjhc.gov.cn/xjhc/c116834/202410/a29382e11a674da3be3353af65f9fcc5.shtml#132115-300147332001","2024-10-14","{""dataset_year"":2025,""job_uid"":""GOV-2025-132115-300147332001"",""publisher"":""国家公务员局"",""publication_page"":""https://www.xjhc.gov.cn/xjhc/c116834/202410/a29382e11a674da3be3353af65f9fcc5.shtml"",""attachment_url"":""https://www.xjhc.gov.cn/xjhc/c116834/202410/a29382e11a674da3be3353af65f9fcc5/files/0536cef86e2b46ddad6aae5a3780089e.xls"",""local_source_file"":""2025_guokao_zhaokaojianzhang.xls"",""local_source_sha256"":""07ae6cab368cd21b7a1ac3e8150fe9a3d39ad5171ce76135ff3cccfe50c3e77e"",""source_sheet"":""中央国家行政机关省级以下直属机构"",""filter_version"":""government_tech_v2"",""tech_filter"":{""is_tech"":true,""is_core_tech"":true,""scope"":""core"",""categories"":[""computer_software"",""cybersecurity_cryptography"",""electronics_communication""],""matched_fields"":[""major"",""description""],""major_terms"":[""信息安全"",""大数据"",""电子信息"",""网络空间安全"",""计算机技术"",""计算机科学与技术"",""计算机类"",""软件工程""],""role_terms"":[""信息科技"",""信息系统"",""软硬件""],""reason"":""tech_major_and_role""},""original"":{""部门代码"":""132115"",""部门名称"":""国家金融监督管理总局山东监管局"",""用人司局"":""国家金融监督管理总局龙口监管支局"",""机构性质"":""中央国家行政机关省级以下直属机构"",""招考职位"":""监管部门一级主任科员及以下"",""职位属性"":""金融监管计算机类职位"",""职位分布"":""其他职位"",""职位简介"":""主要从事金融信息科技风险监管、电子设备软硬件管理及信息系统运行维护等工作"",""职位代码"":""300147332001"",""机构层级"":""县（区）级及以下"",""考试类别"":""市（地）级及以下直属机构综合管理类"",""招考人数"":""1"",""专业"":""以本科专业报考：计算机类。以研究生专业报考：计算机科学与技术、软件工程、网络空间安全、电子信息（限计算机技术、软件工程、大数据技术与工程、网络与信息安全）。"",""学历"":""本科或硕士研究生"",""学位"":""与最高学历相对应的学位"",""政治面貌"":""不限"",""基层工作最低年限"":""无限制"",""服务基层项目工作经历"":""无限制"",""是否在面试阶段组织专业能力测试"":""否"",""面试人员比例"":""3:1"",""工作地点"":""山东省烟台市龙口市"",""落户地点"":""山东省烟台市龙口市"",""备注"":""1.报名时请在专业栏中同时填写专业名称和专业代码；2.限应届高校毕业生报考，请在备注栏中注明本人具有应届高校毕业生身份；3.要求本科学历大学英语四级成绩425分及以上，要求研究生学历大学英语六级成绩425分及以上，请在外语水平栏中注明成绩；4.报考时填写个人学习、工作经历要求连续准确（按时间早晚顺序填写，起止节点具体至月份，待业经历请注明）；5.专业考试信息请参见国家金融监督管理总局2025年度招考公告。"",""部门网站"":""http://www.cbirc.gov.cn"",""咨询电话1"":""0531-86193829"",""咨询电话2"":""0531-86192991"",""咨询电话3"":""0531-86193716"",""来源Sheet"":""中央国家行政机关省级以下直属机构""}}"
"government_jobs","国家公务员2025招考简章","公务员/事业单位技术岗位","山东省烟台市莱州市","2026-07-28T09:12:58.310295+00:00","监管部门一级主任科员及以下","国家金融监督管理总局山东监管局","","山东省烟台市莱州市","公务员/事业单位;2025;computer_software;cybersecurity_cryptography;electronics_communication;本科或硕士研究生;与最高学历相对应的学位;以本科专业报考：计算机类。以研究生专业报考：计算机科学与技术、软件工程、网络空间安全、电子信息（限计算机技术、软件工程、大数据技术与工程、网络与信息安全）。;市（地）级及以下直属机构综合管理类","用人司局：国家金融监督管理总局莱州监管支局
职位简介：主要从事金融信息科技风险监管、电子设备软硬件管理及信息系统运行维护等工作
专业要求：以本科专业报考：计算机类。以研究生专业报考：计算机科学与技术、软件工程、网络空间安全、电子信息（限计算机技术、软件工程、大数据技术与工程、网络与信息安全）。
学历要求：本科或硕士研究生
学位要求：与最高学历相对应的学位
政治面貌：不限
基层工作经历：无限制
考试类别：市（地）级及以下直属机构综合管理类
备注：1.报名时请在专业栏中同时填写专业名称和专业代码；2.限应届高校毕业生报考，请在备注栏中注明本人具有应届高校毕业生身份；3.要求本科学历大学英语四级成绩425分及以上，要求研究生学历大学英语六级成绩425分及以上，请在外语水平栏中注明成绩；4.报考时填写个人学习、工作经历要求连续准确（按时间早晚顺序填写，起止节点具体至月份，待业经历请注明）；5.专业考试信息请参见国家金融监督管理总局2025年度招考公告。","https://www.xjhc.gov.cn/xjhc/c116834/202410/a29382e11a674da3be3353af65f9fcc5.shtml#132115-300147334001","2024-10-14","{""dataset_year"":2025,""job_uid"":""GOV-2025-132115-300147334001"",""publisher"":""国家公务员局"",""publication_page"":""https://www.xjhc.gov.cn/xjhc/c116834/202410/a29382e11a674da3be3353af65f9fcc5.shtml"",""attachment_url"":""https://www.xjhc.gov.cn/xjhc/c116834/202410/a29382e11a674da3be3353af65f9fcc5/files/0536cef86e2b46ddad6aae5a3780089e.xls"",""local_source_file"":""2025_guokao_zhaokaojianzhang.xls"",""local_source_sha256"":""07ae6cab368cd21b7a1ac3e8150fe9a3d39ad5171ce76135ff3cccfe50c3e77e"",""source_sheet"":""中央国家行政机关省级以下直属机构"",""filter_version"":""government_tech_v2"",""tech_filter"":{""is_tech"":true,""is_core_tech"":true,""scope"":""core"",""categories"":[""computer_software"",""cybersecurity_cryptography"",""electronics_communication""],""matched_fields"":[""major"",""description""],""major_terms"":[""信息安全"",""大数据"",""电子信息"",""网络空间安全"",""计算机技术"",""计算机科学与技术"",""计算机类"",""软件工程""],""role_terms"":[""信息科技"",""信息系统"",""软硬件""],""reason"":""tech_major_and_role""},""original"":{""部门代码"":""132115"",""部门名称"":""国家金融监督管理总局山东监管局"",""用人司局"":""国家金融监督管理总局莱州监管支局"",""机构性质"":""中央国家行政机关省级以下直属机构"",""招考职位"":""监管部门一级主任科员及以下"",""职位属性"":""金融监管计算机类职位"",""职位分布"":""其他职位"",""职位简介"":""主要从事金融信息科技风险监管、电子设备软硬件管理及信息系统运行维护等工作"",""职位代码"":""300147334001"",""机构层级"":""县（区）级及以下"",""考试类别"":""市（地）级及以下直属机构综合管理类"",""招考人数"":""1"",""专业"":""以本科专业报考：计算机类。以研究生专业报考：计算机科学与技术、软件工程、网络空间安全、电子信息（限计算机技术、软件工程、大数据技术与工程、网络与信息安全）。"",""学历"":""本科或硕士研究生"",""学位"":""与最高学历相对应的学位"",""政治面貌"":""不限"",""基层工作最低年限"":""无限制"",""服务基层项目工作经历"":""无限制"",""是否在面试阶段组织专业能力测试"":""否"",""面试人员比例"":""3:1"",""工作地点"":""山东省烟台市莱州市"",""落户地点"":""山东省烟台市莱州市"",""备注"":""1.报名时请在专业栏中同时填写专业名称和专业代码；2.限应届高校毕业生报考，请在备注栏中注明本人具有应届高校毕业生身份；3.要求本科学历大学英语四级成绩425分及以上，要求研究生学历大学英语六级成绩425分及以上，请在外语水平栏中注明成绩；4.报考时填写个人学习、工作经历要求连续准确（按时间早晚顺序填写，起止节点具体至月份，待业经历请注明）；5.专业考试信息请参见国家金融监督管理总局2025年度招考公告。"",""部门网站"":""http://www.cbirc.gov.cn"",""咨询电话1"":""0531-86193829"",""咨询电话2"":""0531-86192991"",""咨询电话3"":""0531-86193716"",""来源Sheet"":""中央国家行政机关省级以下直属机构""}}"
"government_jobs","国家公务员2025招考简章","公务员/事业单位技术岗位","山东省潍坊市安丘市","2026-07-28T09:12:58.310295+00:00","监管部门一级主任科员及以下","国家金融监督管理总局山东监管局","","山东省潍坊市安丘市","公务员/事业单位;2025;computer_software;cybersecurity_cryptography;electronics_communication;本科或硕士研究生;与最高学历相对应的学位;以本科专业报考：计算机类。以研究生专业报考：计算机科学与技术、软件工程、网络空间安全、电子信息（限计算机技术、软件工程、大数据技术与工程、网络与信息安全）。;市（地）级及以下直属机构综合管理类","用人司局：国家金融监督管理总局安丘监管支局
职位简介：主要从事金融信息科技风险监管、电子设备软硬件管理及信息系统运行维护等工作
专业要求：以本科专业报考：计算机类。以研究生专业报考：计算机科学与技术、软件工程、网络空间安全、电子信息（限计算机技术、软件工程、大数据技术与工程、网络与信息安全）。
学历要求：本科或硕士研究生
学位要求：与最高学历相对应的学位
政治面貌：不限
基层工作经历：无限制
考试类别：市（地）级及以下直属机构综合管理类
备注：1.报名时请在专业栏中同时填写专业名称和专业代码；2.限应届高校毕业生报考，请在备注栏中注明本人具有应届高校毕业生身份；3.要求本科学历大学英语四级成绩425分及以上，要求研究生学历大学英语六级成绩425分及以上，请在外语水平栏中注明成绩；4.报考时填写个人学习、工作经历要求连续准确（按时间早晚顺序填写，起止节点具体至月份，待业经历请注明）；5.专业考试信息请参见国家金融监督管理总局2025年度招考公告。","https://www.xjhc.gov.cn/xjhc/c116834/202410/a29382e11a674da3be3353af65f9fcc5.shtml#132115-300147339001","2024-10-14","{""dataset_year"":2025,""job_uid"":""GOV-2025-132115-300147339001"",""publisher"":""国家公务员局"",""publication_page"":""https://www.xjhc.gov.cn/xjhc/c116834/202410/a29382e11a674da3be3353af65f9fcc5.shtml"",""attachment_url"":""https://www.xjhc.gov.cn/xjhc/c116834/202410/a29382e11a674da3be3353af65f9fcc5/files/0536cef86e2b46ddad6aae5a3780089e.xls"",""local_source_file"":""2025_guokao_zhaokaojianzhang.xls"",""local_source_sha256"":""07ae6cab368cd21b7a1ac3e8150fe9a3d39ad5171ce76135ff3cccfe50c3e77e"",""source_sheet"":""中央国家行政机关省级以下直属机构"",""filter_version"":""government_tech_v2"",""tech_filter"":{""is_tech"":true,""is_core_tech"":true,""scope"":""core"",""categories"":[""computer_software"",""cybersecurity_cryptography"",""electronics_communication""],""matched_fields"":[""major"",""description""],""major_terms"":[""信息安全"",""大数据"",""电子信息"",""网络空间安全"",""计算机技术"",""计算机科学与技术"",""计算机类"",""软件工程""],""role_terms"":[""信息科技"",""信息系统"",""软硬件""],""reason"":""tech_major_and_role""},""original"":{""部门代码"":""132115"",""部门名称"":""国家金融监督管理总局山东监管局"",""用人司局"":""国家金融监督管理总局安丘监管支局"",""机构性质"":""中央国家行政机关省级以下直属机构"",""招考职位"":""监管部门一级主任科员及以下"",""职位属性"":""金融监管计算机类职位"",""职位分布"":""其他职位"",""职位简介"":""主要从事金融信息科技风险监管、电子设备软硬件管理及信息系统运行维护等工作"",""职位代码"":""300147339001"",""机构层级"":""县（区）级及以下"",""考试类别"":""市（地）级及以下直属机构综合管理类"",""招考人数"":""1"",""专业"":""以本科专业报考：计算机类。以研究生专业报考：计算机科学与技术、软件工程、网络空间安全、电子信息（限计算机技术、软件工程、大数据技术与工程、网络与信息安全）。"",""学历"":""本科或硕士研究生"",""学位"":""与最高学历相对应的学位"",""政治面貌"":""不限"",""基层工作最低年限"":""无限制"",""服务基层项目工作经历"":""无限制"",""是否在面试阶段组织专业能力测试"":""否"",""面试人员比例"":""3:1"",""工作地点"":""山东省潍坊市安丘市"",""落户地点"":""山东省潍坊市安丘市"",""备注"":""1.报名时请在专业栏中同时填写专业名称和专业代码；2.限应届高校毕业生报考，请在备注栏中注明本人具有应届高校毕业生身份；3.要求本科学历大学英语四级成绩425分及以上，要求研究生学历大学英语六级成绩425分及以上，请在外语水平栏中注明成绩；4.报考时填写个人学习、工作经历要求连续准确（按时间早晚顺序填写，起止节点具体至月份，待业经历请注明）；5.专业考试信息请参见国家金融监督管理总局2025年度招考公告。"",""部门网站"":""http://www.cbirc.gov.cn"",""咨询电话1"":""0531-86193829"",""咨询电话2"":""0531-86192991"",""咨询电话3"":""0531-86193716"",""来源Sheet"":""中央国家行政机关省级以下直属机构""}}"
"government_jobs","国家公务员2025招考简章","公务员/事业单位技术岗位","山东省威海市文登区","2026-07-28T09:12:58.310295+00:00","监管部门一级主任科员及以下","国家金融监督管理总局山东监管局","","山东省威海市文登区","公务员/事业单位;2025;computer_software;cybersecurity_cryptography;electronics_communication;本科或硕士研究生;与最高学历相对应的学位;以本科专业报考：计算机类。以研究生专业报考：计算机科学与技术、软件工程、网络空间安全、电子信息（限计算机技术、软件工程、大数据技术与工程、网络与信息安全）。;市（地）级及以下直属机构综合管理类","用人司局：国家金融监督管理总局文登监管支局
职位简介：主要从事金融信息科技风险监管、电子设备软硬件管理及信息系统运行维护等工作
专业要求：以本科专业报考：计算机类。以研究生专业报考：计算机科学与技术、软件工程、网络空间安全、电子信息（限计算机技术、软件工程、大数据技术与工程、网络与信息安全）。
学历要求：本科或硕士研究生
学位要求：与最高学历相对应的学位
政治面貌：不限
基层工作经历：无限制
考试类别：市（地）级及以下直属机构综合管理类
备注：1.报名时请在专业栏中同时填写专业名称和专业代码；2.限应届高校毕业生报考，请在备注栏中注明本人具有应届高校毕业生身份；3.要求本科学历大学英语四级成绩425分及以上，要求研究生学历大学英语六级成绩425分及以上，请在外语水平栏中注明成绩；4.报考时填写个人学习、工作经历要求连续准确（按时间早晚顺序填写，起止节点具体至月份，待业经历请注明）；5.专业考试信息请参见国家金融监督管理总局2025年度招考公告。","https://www.xjhc.gov.cn/xjhc/c116834/202410/a29382e11a674da3be3353af65f9fcc5.shtml#132115-300147344001","2024-10-14","{""dataset_year"":2025,""job_uid"":""GOV-2025-132115-300147344001"",""publisher"":""国家公务员局"",""publication_page"":""https://www.xjhc.gov.cn/xjhc/c116834/202410/a29382e11a674da3be3353af65f9fcc5.shtml"",""attachment_url"":""https://www.xjhc.gov.cn/xjhc/c116834/202410/a29382e11a674da3be3353af65f9fcc5/files/0536cef86e2b46ddad6aae5a3780089e.xls"",""local_source_file"":""2025_guokao_zhaokaojianzhang.xls"",""local_source_sha256"":""07ae6cab368cd21b7a1ac3e8150fe9a3d39ad5171ce76135ff3cccfe50c3e77e"",""source_sheet"":""中央国家行政机关省级以下直属机构"",""filter_version"":""government_tech_v2"",""tech_filter"":{""is_tech"":true,""is_core_tech"":true,""scope"":""core"",""categories"":[""computer_software"",""cybersecurity_cryptography"",""electronics_communication""],""matched_fields"":[""major"",""description""],""major_terms"":[""信息安全"",""大数据"",""电子信息"",""网络空间安全"",""计算机技术"",""计算机科学与技术"",""计算机类"",""软件工程""],""role_terms"":[""信息科技"",""信息系统"",""软硬件""],""reason"":""tech_major_and_role""},""original"":{""部门代码"":""132115"",""部门名称"":""国家金融监督管理总局山东监管局"",""用人司局"":""国家金融监督管理总局文登监管支局"",""机构性质"":""中央国家行政机关省级以下直属机构"",""招考职位"":""监管部门一级主任科员及以下"",""职位属性"":""金融监管计算机类职位"",""职位分布"":""其他职位"",""职位简介"":""主要从事金融信息科技风险监管、电子设备软硬件管理及信息系统运行维护等工作"",""职位代码"":""300147344001"",""机构层级"":""县（区）级及以下"",""考试类别"":""市（地）级及以下直属机构综合管理类"",""招考人数"":""1"",""专业"":""以本科专业报考：计算机类。以研究生专业报考：计算机科学与技术、软件工程、网络空间安全、电子信息（限计算机技术、软件工程、大数据技术与工程、网络与信息安全）。"",""学历"":""本科或硕士研究生"",""学位"":""与最高学历相对应的学位"",""政治面貌"":""不限"",""基层工作最低年限"":""无限制"",""服务基层项目工作经历"":""无限制"",""是否在面试阶段组织专业能力测试"":""否"",""面试人员比例"":""3:1"",""工作地点"":""山东省威海市文登区"",""落户地点"":""山东省威海市文登区"",""备注"":""1.报名时请在专业栏中同时填写专业名称和专业代码；2.限应届高校毕业生报考，请在备注栏中注明本人具有应届高校毕业生身份；3.要求本科学历大学英语四级成绩425分及以上，要求研究生学历大学英语六级成绩425分及以上，请在外语水平栏中注明成绩；4.报考时填写个人学习、工作经历要求连续准确（按时间早晚顺序填写，起止节点具体至月份，待业经历请注明）；5.专业考试信息请参见国家金融监督管理总局2025年度招考公告。"",""部门网站"":""http://www.cbirc.gov.cn"",""咨询电话1"":""0531-86193829"",""咨询电话2"":""0531-86192991"",""咨询电话3"":""0531-86193716"",""来源Sheet"":""中央国家行政机关省级以下直属机构""}}"
"government_jobs","国家公务员2025招考简章","公务员/事业单位技术岗位","山东省济宁市金乡县","2026-07-28T09:12:58.310295+00:00","监管部门一级主任科员及以下","国家金融监督管理总局山东监管局","","山东省济宁市金乡县","公务员/事业单位;2025;computer_software;cybersecurity_cryptography;electronics_communication;本科或硕士研究生;与最高学历相对应的学位;以本科专业报考：计算机类。以研究生专业报考：计算机科学与技术、软件工程、网络空间安全、电子信息（限计算机技术、软件工程、大数据技术与工程、网络与信息安全）。;市（地）级及以下直属机构综合管理类","用人司局：国家金融监督管理总局金乡监管支局
职位简介：主要从事金融信息科技风险监管、电子设备软硬件管理及信息系统运行维护等工作
专业要求：以本科专业报考：计算机类。以研究生专业报考：计算机科学与技术、软件工程、网络空间安全、电子信息（限计算机技术、软件工程、大数据技术与工程、网络与信息安全）。
学历要求：本科或硕士研究生
学位要求：与最高学历相对应的学位
政治面貌：不限
基层工作经历：无限制
考试类别：市（地）级及以下直属机构综合管理类
备注：1.报名时请在专业栏中同时填写专业名称和专业代码；2.限应届高校毕业生报考，请在备注栏中注明本人具有应届高校毕业生身份；3.要求本科学历大学英语四级成绩425分及以上，要求研究生学历大学英语六级成绩425分及以上，请在外语水平栏中注明成绩；4.报考时填写个人学习、工作经历要求连续准确（按时间早晚顺序填写，起止节点具体至月份，待业经历请注明）；5.专业考试信息请参见国家金融监督管理总局2025年度招考公告。","https://www.xjhc.gov.cn/xjhc/c116834/202410/a29382e11a674da3be3353af65f9fcc5.shtml#132115-300147349001","2024-10-14","{""dataset_year"":2025,""job_uid"":""GOV-2025-132115-300147349001"",""publisher"":""国家公务员局"",""publication_page"":""https://www.xjhc.gov.cn/xjhc/c116834/202410/a29382e11a674da3be3353af65f9fcc5.shtml"",""attachment_url"":""https://www.xjhc.gov.cn/xjhc/c116834/202410/a29382e11a674da3be3353af65f9fcc5/files/0536cef86e2b46ddad6aae5a3780089e.xls"",""local_source_file"":""2025_guokao_zhaokaojianzhang.xls"",""local_source_sha256"":""07ae6cab368cd21b7a1ac3e8150fe9a3d39ad5171ce76135ff3cccfe50c3e77e"",""source_sheet"":""中央国家行政机关省级以下直属机构"",""filter_version"":""government_tech_v2"",""tech_filter"":{""is_tech"":true,""is_core_tech"":true,""scope"":""core"",""categories"":[""computer_software"",""cybersecurity_cryptography"",""electronics_communication""],""matched_fields"":[""major"",""description""],""major_terms"":[""信息安全"",""大数据"",""电子信息"",""网络空间安全"",""计算机技术"",""计算机科学与技术"",""计算机类"",""软件工程""],""role_terms"":[""信息科技"",""信息系统"",""软硬件""],""reason"":""tech_major_and_role""},""original"":{""部门代码"":""132115"",""部门名称"":""国家金融监督管理总局山东监管局"",""用人司局"":""国家金融监督管理总局金乡监管支局"",""机构性质"":""中央国家行政机关省级以下直属机构"",""招考职位"":""监管部门一级主任科员及以下"",""职位属性"":""金融监管计算机类职位"",""职位分布"":""其他职位"",""职位简介"":""主要从事金融信息科技风险监管、电子设备软硬件管理及信息系统运行维护等工作"",""职位代码"":""300147349001"",""机构层级"":""县（区）级及以下"",""考试类别"":""市（地）级及以下直属机构综合管理类"",""招考人数"":""1"",""专业"":""以本科专业报考：计算机类。以研究生专业报考：计算机科学与技术、软件工程、网络空间安全、电子信息（限计算机技术、软件工程、大数据技术与工程、网络与信息安全）。"",""学历"":""本科或硕士研究生"",""学位"":""与最高学历相对应的学位"",""政治面貌"":""不限"",""基层工作最低年限"":""无限制"",""服务基层项目工作经历"":""无限制"",""是否在面试阶段组织专业能力测试"":""否"",""面试人员比例"":""3:1"",""工作地点"":""山东省济宁市金乡县"",""落户地点"":""山东省济宁市金乡县"",""备注"":""1.报名时请在专业栏中同时填写专业名称和专业代码；2.限应届高校毕业生报考，请在备注栏中注明本人具有应届高校毕业生身份；3.要求本科学历大学英语四级成绩425分及以上，要求研究生学历大学英语六级成绩425分及以上，请在外语水平栏中注明成绩；4.报考时填写个人学习、工作经历要求连续准确（按时间早晚顺序填写，起止节点具体至月份，待业经历请注明）；5.专业考试信息请参见国家金融监督管理总局2025年度招考公告。"",""部门网站"":""http://www.cbirc.gov.cn"",""咨询电话1"":""0531-86193829"",""咨询电话2"":""0531-86192991"",""咨询电话3"":""0531-86193716"",""来源Sheet"":""中央国家行政机关省级以下直属机构""}}"
"government_jobs","国家公务员2025招考简章","公务员/事业单位技术岗位","山东省泰安市宁阳县","2026-07-28T09:12:58.310295+00:00","监管部门一级主任科员及以下","国家金融监督管理总局山东监管局","","山东省泰安市宁阳县","公务员/事业单位;2025;computer_software;cybersecurity_cryptography;electronics_communication;本科或硕士研究生;与最高学历相对应的学位;以本科专业报考：计算机类。以研究生专业报考：计算机科学与技术、软件工程、网络空间安全、电子信息（限计算机技术、软件工程、大数据技术与工程、网络与信息安全）。;市（地）级及以下直属机构综合管理类","用人司局：国家金融监督管理总局宁阳监管支局
职位简介：主要从事金融信息科技风险监管、电子设备软硬件管理及信息系统运行维护等工作
专业要求：以本科专业报考：计算机类。以研究生专业报考：计算机科学与技术、软件工程、网络空间安全、电子信息（限计算机技术、软件工程、大数据技术与工程、网络与信息安全）。
学历要求：本科或硕士研究生
学位要求：与最高学历相对应的学位
政治面貌：不限
基层工作经历：无限制
考试类别：市（地）级及以下直属机构综合管理类
备注：1.报名时请在专业栏中同时填写专业名称和专业代码；2.限应届高校毕业生报考，请在备注栏中注明本人具有应届高校毕业生身份；3.要求本科学历大学英语四级成绩425分及以上，要求研究生学历大学英语六级成绩425分及以上，请在外语水平栏中注明成绩；4.报考时填写个人学习、工作经历要求连续准确（按时间早晚顺序填写，起止节点具体至月份，待业经历请注明）；5.专业考试信息请参见国家金融监督管理总局2025年度招考公告。","https://www.xjhc.gov.cn/xjhc/c116834/202410/a29382e11a674da3be3353af65f9fcc5.shtml#132115-300147353001","2024-10-14","{""dataset_year"":2025,""job_uid"":""GOV-2025-132115-300147353001"",""publisher"":""国家公务员局"",""publication_page"":""https://www.xjhc.gov.cn/xjhc/c116834/202410/a29382e11a674da3be3353af65f9fcc5.shtml"",""attachment_url"":""https://www.xjhc.gov.cn/xjhc/c116834/202410/a29382e11a674da3be3353af65f9fcc5/files/0536cef86e2b46ddad6aae5a3780089e.xls"",""local_source_file"":""2025_guokao_zhaokaojianzhang.xls"",""local_source_sha256"":""07ae6cab368cd21b7a1ac3e8150fe9a3d39ad5171ce76135ff3cccfe50c3e77e"",""source_sheet"":""中央国家行政机关省级以下直属机构"",""filter_version"":""government_tech_v2"",""tech_filter"":{""is_tech"":true,""is_core_tech"":true,""scope"":""core"",""categories"":[""computer_software"",""cybersecurity_cryptography"",""electronics_communication""],""matched_fields"":[""major"",""description""],""major_terms"":[""信息安全"",""大数据"",""电子信息"",""网络空间安全"",""计算机技术"",""计算机科学与技术"",""计算机类"",""软件工程""],""role_terms"":[""信息科技"",""信息系统"",""软硬件""],""reason"":""tech_major_and_role""},""original"":{""部门代码"":""132115"",""部门名称"":""国家金融监督管理总局山东监管局"",""用人司局"":""国家金融监督管理总局宁阳监管支局"",""机构性质"":""中央国家行政机关省级以下直属机构"",""招考职位"":""监管部门一级主任科员及以下"",""职位属性"":""金融监管计算机类职位"",""职位分布"":""其他职位"",""职位简介"":""主要从事金融信息科技风险监管、电子设备软硬件管理及信息系统运行维护等工作"",""职位代码"":""300147353001"",""机构层级"":""县（区）级及以下"",""考试类别"":""市（地）级及以下直属机构综合管理类"",""招考人数"":""1"",""专业"":""以本科专业报考：计算机类。以研究生专业报考：计算机科学与技术、软件工程、网络空间安全、电子信息（限计算机技术、软件工程、大数据技术与工程、网络与信息安全）。"",""学历"":""本科或硕士研究生"",""学位"":""与最高学历相对应的学位"",""政治面貌"":""不限"",""基层工作最低年限"":""无限制"",""服务基层项目工作经历"":""无限制"",""是否在面试阶段组织专业能力测试"":""否"",""面试人员比例"":""3:1"",""工作地点"":""山东省泰安市宁阳县"",""落户地点"":""山东省泰安市宁阳县"",""备注"":""1.报名时请在专业栏中同时填写专业名称和专业代码；2.限应届高校毕业生报考，请在备注栏中注明本人具有应届高校毕业生身份；3.要求本科学历大学英语四级成绩425分及以上，要求研究生学历大学英语六级成绩425分及以上，请在外语水平栏中注明成绩；4.报考时填写个人学习、工作经历要求连续准确（按时间早晚顺序填写，起止节点具体至月份，待业经历请注明）；5.专业考试信息请参见国家金融监督管理总局2025年度招考公告。"",""部门网站"":""http://www.cbirc.gov.cn"",""咨询电话1"":""0531-86193829"",""咨询电话2"":""0531-86192991"",""咨询电话3"":""0531-86193716"",""来源Sheet"":""中央国家行政机关省级以下直属机构""}}"
"government_jobs","国家公务员2025招考简章","公务员/事业单位技术岗位","山东省泰安市东平县","2026-07-28T09:12:58.310295+00:00","监管部门一级主任科员及以下","国家金融监督管理总局山东监管局","","山东省泰安市东平县","公务员/事业单位;2025;computer_software;cybersecurity_cryptography;electronics_communication;本科或硕士研究生;与最高学历相对应的学位;以本科专业报考：计算机类。以研究生专业报考：计算机科学与技术、软件工程、网络空间安全、电子信息（限计算机技术、软件工程、大数据技术与工程、网络与信息安全）。;市（地）级及以下直属机构综合管理类","用人司局：国家金融监督管理总局东平监管支局
职位简介：主要从事金融信息科技风险监管、电子设备软硬件管理及信息系统运行维护等工作
专业要求：以本科专业报考：计算机类。以研究生专业报考：计算机科学与技术、软件工程、网络空间安全、电子信息（限计算机技术、软件工程、大数据技术与工程、网络与信息安全）。
学历要求：本科或硕士研究生
学位要求：与最高学历相对应的学位
政治面貌：不限
基层工作经历：无限制
考试类别：市（地）级及以下直属机构综合管理类
备注：1.报名时请在专业栏中同时填写专业名称和专业代码；2.限应届高校毕业生报考，请在备注栏中注明本人具有应届高校毕业生身份；3.要求本科学历大学英语四级成绩425分及以上，要求研究生学历大学英语六级成绩425分及以上，请在外语水平栏中注明成绩；4.报考时填写个人学习、工作经历要求连续准确（按时间早晚顺序填写，起止节点具体至月份，待业经历请注明）；5.专业考试信息请参见国家金融监督管理总局2025年度招考公告。","https://www.xjhc.gov.cn/xjhc/c116834/202410/a29382e11a674da3be3353af65f9fcc5.shtml#132115-300147354001","2024-10-14","{""dataset_year"":2025,""job_uid"":""GOV-2025-132115-300147354001"",""publisher"":""国家公务员局"",""publication_page"":""https://www.xjhc.gov.cn/xjhc/c116834/202410/a29382e11a674da3be3353af65f9fcc5.shtml"",""attachment_url"":""https://www.xjhc.gov.cn/xjhc/c116834/202410/a29382e11a674da3be3353af65f9fcc5/files/0536cef86e2b46ddad6aae5a3780089e.xls"",""local_source_file"":""2025_guokao_zhaokaojianzhang.xls"",""local_source_sha256"":""07ae6cab368cd21b7a1ac3e8150fe9a3d39ad5171ce76135ff3cccfe50c3e77e"",""source_sheet"":""中央国家行政机关省级以下直属机构"",""filter_version"":""government_tech_v2"",""tech_filter"":{""is_tech"":true,""is_core_tech"":true,""scope"":""core"",""categories"":[""computer_software"",""cybersecurity_cryptography"",""electronics_communication""],""matched_fields"":[""major"",""description""],""major_terms"":[""信息安全"",""大数据"",""电子信息"",""网络空间安全"",""计算机技术"",""计算机科学与技术"",""计算机类"",""软件工程""],""role_terms"":[""信息科技"",""信息系统"",""软硬件""],""reason"":""tech_major_and_role""},""original"":{""部门代码"":""132115"",""部门名称"":""国家金融监督管理总局山东监管局"",""用人司局"":""国家金融监督管理总局东平监管支局"",""机构性质"":""中央国家行政机关省级以下直属机构"",""招考职位"":""监管部门一级主任科员及以下"",""职位属性"":""金融监管计算机类职位"",""职位分布"":""其他职位"",""职位简介"":""主要从事金融信息科技风险监管、电子设备软硬件管理及信息系统运行维护等工作"",""职位代码"":""300147354001"",""机构层级"":""县（区）级及以下"",""考试类别"":""市（地）级及以下直属机构综合管理类"",""招考人数"":""1"",""专业"":""以本科专业报考：计算机类。以研究生专业报考：计算机科学与技术、软件工程、网络空间安全、电子信息（限计算机技术、软件工程、大数据技术与工程、网络与信息安全）。"",""学历"":""本科或硕士研究生"",""学位"":""与最高学历相对应的学位"",""政治面貌"":""不限"",""基层工作最低年限"":""无限制"",""服务基层项目工作经历"":""无限制"",""是否在面试阶段组织专业能力测试"":""否"",""面试人员比例"":""3:1"",""工作地点"":""山东省泰安市东平县"",""落户地点"":""山东省泰安市东平县"",""备注"":""1.报名时请在专业栏中同时填写专业名称和专业代码；2.限应届高校毕业生报考，请在备注栏中注明本人具有应届高校毕业生身份；3.要求本科学历大学英语四级成绩425分及以上，要求研究生学历大学英语六级成绩425分及以上，请在外语水平栏中注明成绩；4.报考时填写个人学习、工作经历要求连续准确（按时间早晚顺序填写，起止节点具体至月份，待业经历请注明）；5.专业考试信息请参见国家金融监督管理总局2025年度招考公告。"",""部门网站"":""http://www.cbirc.gov.cn"",""咨询电话1"":""0531-86193829"",""咨询电话2"":""0531-86192991"",""咨询电话3"":""0531-86193716"",""来源Sheet"":""中央国家行政机关省级以下直属机构""}}"
"government_jobs","国家公务员2025招考简章","公务员/事业单位技术岗位","山东省日照市五莲县","2026-07-28T09:12:58.310295+00:00","监管部门一级主任科员及以下","国家金融监督管理总局山东监管局","","山东省日照市五莲县","公务员/事业单位;2025;computer_software;cybersecurity_cryptography;electronics_communication;仅限硕士研究生;硕士;计算机科学与技术、软件工程、网络空间安全、电子信息（限计算机技术、软件工程、大数据技术与工程、网络与信息安全）;市（地）级及以下直属机构综合管理类","用人司局：国家金融监督管理总局五莲监管支局
职位简介：主要从事金融信息科技风险监管、电子设备软硬件管理及信息系统运行维护等工作
专业要求：计算机科学与技术、软件工程、网络空间安全、电子信息（限计算机技术、软件工程、大数据技术与工程、网络与信息安全）
学历要求：仅限硕士研究生
学位要求：硕士
政治面貌：不限
基层工作经历：无限制
考试类别：市（地）级及以下直属机构综合管理类
备注：1.报名时请在专业栏中同时填写专业名称和专业代码；2.限应届高校毕业生报考，请在备注栏中注明本人具有应届高校毕业生身份；3.要求研究生学历大学英语六级成绩425分及以上，请在外语水平栏中注明成绩；4.报考时填写个人学习、工作经历要求连续准确（按时间早晚顺序填写，起止节点具体至月份，待业经历请注明）；5.专业考试信息请参见国家金融监督管理总局2025年度招考公告。","https://www.xjhc.gov.cn/xjhc/c116834/202410/a29382e11a674da3be3353af65f9fcc5.shtml#132115-300147355001","2024-10-14","{""dataset_year"":2025,""job_uid"":""GOV-2025-132115-300147355001"",""publisher"":""国家公务员局"",""publication_page"":""https://www.xjhc.gov.cn/xjhc/c116834/202410/a29382e11a674da3be3353af65f9fcc5.shtml"",""attachment_url"":""https://www.xjhc.gov.cn/xjhc/c116834/202410/a29382e11a674da3be3353af65f9fcc5/files/0536cef86e2b46ddad6aae5a3780089e.xls"",""local_source_file"":""2025_guokao_zhaokaojianzhang.xls"",""local_source_sha256"":""07ae6cab368cd21b7a1ac3e8150fe9a3d39ad5171ce76135ff3cccfe50c3e77e"",""source_sheet"":""中央国家行政机关省级以下直属机构"",""filter_version"":""government_tech_v2"",""tech_filter"":{""is_tech"":true,""is_core_tech"":true,""scope"":""core"",""categories"":[""computer_software"",""cybersecurity_cryptography"",""electronics_communication""],""matched_fields"":[""major"",""description""],""major_terms"":[""信息安全"",""大数据"",""电子信息"",""网络空间安全"",""计算机技术"",""计算机科学与技术"",""软件工程""],""role_terms"":[""信息科技"",""信息系统"",""软硬件""],""reason"":""tech_major_and_role""},""original"":{""部门代码"":""132115"",""部门名称"":""国家金融监督管理总局山东监管局"",""用人司局"":""国家金融监督管理总局五莲监管支局"",""机构性质"":""中央国家行政机关省级以下直属机构"",""招考职位"":""监管部门一级主任科员及以下"",""职位属性"":""金融监管计算机类职位"",""职位分布"":""其他职位"",""职位简介"":""主要从事金融信息科技风险监管、电子设备软硬件管理及信息系统运行维护等工作"",""职位代码"":""300147355001"",""机构层级"":""县（区）级及以下"",""考试类别"":""市（地）级及以下直属机构综合管理类"",""招考人数"":""1"",""专业"":""计算机科学与技术、软件工程、网络空间安全、电子信息（限计算机技术、软件工程、大数据技术与工程、网络与信息安全）"",""学历"":""仅限硕士研究生"",""学位"":""硕士"",""政治面貌"":""不限"",""基层工作最低年限"":""无限制"",""服务基层项目工作经历"":""无限制"",""是否在面试阶段组织专业能力测试"":""否"",""面试人员比例"":""3:1"",""工作地点"":""山东省日照市五莲县"",""落户地点"":""山东省日照市五莲县"",""备注"":""1.报名时请在专业栏中同时填写专业名称和专业代码；2.限应届高校毕业生报考，请在备注栏中注明本人具有应届高校毕业生身份；3.要求研究生学历大学英语六级成绩425分及以上，请在外语水平栏中注明成绩；4.报考时填写个人学习、工作经历要求连续准确（按时间早晚顺序填写，起止节点具体至月份，待业经历请注明）；5.专业考试信息请参见国家金融监督管理总局2025年度招考公告。"",""部门网站"":""http://www.cbirc.gov.cn"",""咨询电话1"":""0531-86193829"",""咨询电话2"":""0531-86192991"",""咨询电话3"":""0531-86193716"",""来源Sheet"":""中央国家行政机关省级以下直属机构""}}"
"government_jobs","国家公务员2025招考简章","公务员/事业单位技术岗位","山东省济南市","2026-07-28T09:12:58.310295+00:00","统计信息部门一级主任科员及以下","国家金融监督管理总局山东监管局","","山东省济南市","公务员/事业单位;2025;computer_software;cybersecurity_cryptography;electronics_communication;仅限硕士研究生;硕士;计算机科学与技术、软件工程、网络空间安全、电子信息（限计算机技术、软件工程、大数据技术与工程、网络与信息安全）;市（地）级及以下直属机构综合管理类","用人司局：国家金融监督管理总局莱芜监管分局
职位简介：主要从事金融信息科技风险监管、电子设备软硬件管理及信息系统运行维护等工作
专业要求：计算机科学与技术、软件工程、网络空间安全、电子信息（限计算机技术、软件工程、大数据技术与工程、网络与信息安全）
学历要求：仅限硕士研究生
学位要求：硕士
政治面貌：不限
基层工作经历：无限制
考试类别：市（地）级及以下直属机构综合管理类
备注：1.报名时请在专业栏中同时填写专业名称和专业代码；2.限应届高校毕业生报考，请在备注栏中注明本人具有应届高校毕业生身份；3.要求研究生学历大学英语六级成绩425分及以上，请在外语水平栏中注明成绩；4.报考时填写个人学习、工作经历要求连续准确（按时间早晚顺序填写，起止节点具体至月份，待业经历请注明）；5.专业考试信息请参见国家金融监督管理总局2025年度招考公告。","https://www.xjhc.gov.cn/xjhc/c116834/202410/a29382e11a674da3be3353af65f9fcc5.shtml#132115-300147356001","2024-10-14","{""dataset_year"":2025,""job_uid"":""GOV-2025-132115-300147356001"",""publisher"":""国家公务员局"",""publication_page"":""https://www.xjhc.gov.cn/xjhc/c116834/202410/a29382e11a674da3be3353af65f9fcc5.shtml"",""attachment_url"":""https://www.xjhc.gov.cn/xjhc/c116834/202410/a29382e11a674da3be3353af65f9fcc5/files/0536cef86e2b46ddad6aae5a3780089e.xls"",""local_source_file"":""2025_guokao_zhaokaojianzhang.xls"",""local_source_sha256"":""07ae6cab368cd21b7a1ac3e8150fe9a3d39ad5171ce76135ff3cccfe50c3e77e"",""source_sheet"":""中央国家行政机关省级以下直属机构"",""filter_version"":""government_tech_v2"",""tech_filter"":{""is_tech"":true,""is_core_tech"":true,""scope"":""core"",""categories"":[""computer_software"",""cybersecurity_cryptography"",""electronics_communication""],""matched_fields"":[""major"",""description""],""major_terms"":[""信息安全"",""大数据"",""电子信息"",""网络空间安全"",""计算机技术"",""计算机科学与技术"",""软件工程""],""role_terms"":[""信息科技"",""信息系统"",""软硬件""],""reason"":""tech_major_and_role""},""original"":{""部门代码"":""132115"",""部门名称"":""国家金融监督管理总局山东监管局"",""用人司局"":""国家金融监督管理总局莱芜监管分局"",""机构性质"":""中央国家行政机关省级以下直属机构"",""招考职位"":""统计信息部门一级主任科员及以下"",""职位属性"":""金融监管计算机类职位"",""职位分布"":""其他职位"",""职位简介"":""主要从事金融信息科技风险监管、电子设备软硬件管理及信息系统运行维护等工作"",""职位代码"":""300147356001"",""机构层级"":""市（地）级"",""考试类别"":""市（地）级及以下直属机构综合管理类"",""招考人数"":""1"",""专业"":""计算机科学与技术、软件工程、网络空间安全、电子信息（限计算机技术、软件工程、大数据技术与工程、网络与信息安全）"",""学历"":""仅限硕士研究生"",""学位"":""硕士"",""政治面貌"":""不限"",""基层工作最低年限"":""无限制"",""服务基层项目工作经历"":""无限制"",""是否在面试阶段组织专业能力测试"":""否"",""面试人员比例"":""3:1"",""工作地点"":""山东省济南市"",""落户地点"":""山东省济南市"",""备注"":""1.报名时请在专业栏中同时填写专业名称和专业代码；2.限应届高校毕业生报考，请在备注栏中注明本人具有应届高校毕业生身份；3.要求研究生学历大学英语六级成绩425分及以上，请在外语水平栏中注明成绩；4.报考时填写个人学习、工作经历要求连续准确（按时间早晚顺序填写，起止节点具体至月份，待业经历请注明）；5.专业考试信息请参见国家金融监督管理总局2025年度招考公告。"",""部门网站"":""http://www.cbirc.gov.cn"",""咨询电话1"":""0531-86193829"",""咨询电话2"":""0531-86192991"",""咨询电话3"":""0531-86193716"",""来源Sheet"":""中央国家行政机关省级以下直属机构""}}"
"government_jobs","国家公务员2025招考简章","公务员/事业单位技术岗位","山东省济南市平阴县","2026-07-28T09:12:58.310295+00:00","监管部门一级主任科员及以下","国家金融监督管理总局山东监管局","","山东省济南市平阴县","公务员/事业单位;2025;computer_software;cybersecurity_cryptography;electronics_communication;本科或硕士研究生;与最高学历相对应的学位;以本科专业报考：计算机类。以研究生专业报考：计算机科学与技术、软件工程、网络空间安全、电子信息（限计算机技术、软件工程、大数据技术与工程、网络与信息安全）。;市（地）级及以下直属机构综合管理类","用人司局：国家金融监督管理总局平阴监管支局
职位简介：主要从事金融信息科技风险监管、电子设备软硬件管理及信息系统运行维护等工作
专业要求：以本科专业报考：计算机类。以研究生专业报考：计算机科学与技术、软件工程、网络空间安全、电子信息（限计算机技术、软件工程、大数据技术与工程、网络与信息安全）。
学历要求：本科或硕士研究生
学位要求：与最高学历相对应的学位
政治面貌：不限
基层工作经历：无限制
考试类别：市（地）级及以下直属机构综合管理类
备注：1.报名时请在专业栏中同时填写专业名称和专业代码；2.限应届高校毕业生报考，请在备注栏中注明本人具有应届高校毕业生身份；3.要求本科学历大学英语四级成绩425分及以上，要求研究生学历大学英语六级成绩425分及以上，请在外语水平栏中注明成绩；4.报考时填写个人学习、工作经历要求连续准确（按时间早晚顺序填写，起止节点具体至月份，待业经历请注明）；5.专业考试信息请参见国家金融监督管理总局2025年度招考公告。","https://www.xjhc.gov.cn/xjhc/c116834/202410/a29382e11a674da3be3353af65f9fcc5.shtml#132115-300147358001","2024-10-14","{""dataset_year"":2025,""job_uid"":""GOV-2025-132115-300147358001"",""publisher"":""国家公务员局"",""publication_page"":""https://www.xjhc.gov.cn/xjhc/c116834/202410/a29382e11a674da3be3353af65f9fcc5.shtml"",""attachment_url"":""https://www.xjhc.gov.cn/xjhc/c116834/202410/a29382e11a674da3be3353af65f9fcc5/files/0536cef86e2b46ddad6aae5a3780089e.xls"",""local_source_file"":""2025_guokao_zhaokaojianzhang.xls"",""local_source_sha256"":""07ae6cab368cd21b7a1ac3e8150fe9a3d39ad5171ce76135ff3cccfe50c3e77e"",""source_sheet"":""中央国家行政机关省级以下直属机构"",""filter_version"":""government_tech_v2"",""tech_filter"":{""is_tech"":true,""is_core_tech"":true,""scope"":""core"",""categories"":[""computer_software"",""cybersecurity_cryptography"",""electronics_communication""],""matched_fields"":[""major"",""description""],""major_terms"":[""信息安全"",""大数据"",""电子信息"",""网络空间安全"",""计算机技术"",""计算机科学与技术"",""计算机类"",""软件工程""],""role_terms"":[""信息科技"",""信息系统"",""软硬件""],""reason"":""tech_major_and_role""},""original"":{""部门代码"":""132115"",""部门名称"":""国家金融监督管理总局山东监管局"",""用人司局"":""国家金融监督管理总局平阴监管支局"",""机构性质"":""中央国家行政机关省级以下直属机构"",""招考职位"":""监管部门一级主任科员及以下"",""职位属性"":""金融监管计算机类职位"",""职位分布"":""其他职位"",""职位简介"":""主要从事金融信息科技风险监管、电子设备软硬件管理及信息系统运行维护等工作"",""职位代码"":""300147358001"",""机构层级"":""县（区）级及以下"",""考试类别"":""市（地）级及以下直属机构综合管理类"",""招考人数"":""2"",""专业"":""以本科专业报考：计算机类。以研究生专业报考：计算机科学与技术、软件工程、网络空间安全、电子信息（限计算机技术、软件工程、大数据技术与工程、网络与信息安全）。"",""学历"":""本科或硕士研究生"",""学位"":""与最高学历相对应的学位"",""政治面貌"":""不限"",""基层工作最低年限"":""无限制"",""服务基层项目工作经历"":""无限制"",""是否在面试阶段组织专业能力测试"":""否"",""面试人员比例"":""3:1"",""工作地点"":""山东省济南市平阴县"",""落户地点"":""山东省济南市平阴县"",""备注"":""1.报名时请在专业栏中同时填写专业名称和专业代码；2.限应届高校毕业生报考，请在备注栏中注明本人具有应届高校毕业生身份；3.要求本科学历大学英语四级成绩425分及以上，要求研究生学历大学英语六级成绩425分及以上，请在外语水平栏中注明成绩；4.报考时填写个人学习、工作经历要求连续准确（按时间早晚顺序填写，起止节点具体至月份，待业经历请注明）；5.专业考试信息请参见国家金融监督管理总局2025年度招考公告。"",""部门网站"":""http://www.cbirc.gov.cn"",""咨询电话1"":""0531-86193829"",""咨询电话2"":""0531-86192991"",""咨询电话3"":""0531-86193716"",""来源Sheet"":""中央国家行政机关省级以下直属机构""}}"
"government_jobs","国家公务员2025招考简章","公务员/事业单位技术岗位","山东省临沂市郯城县","2026-07-28T09:12:58.310295+00:00","监管部门一级主任科员及以下","国家金融监督管理总局山东监管局","","山东省临沂市郯城县","公务员/事业单位;2025;computer_software;cybersecurity_cryptography;electronics_communication;本科或硕士研究生;与最高学历相对应的学位;以本科专业报考：计算机类。以研究生专业报考：计算机科学与技术、软件工程、网络空间安全、电子信息（限计算机技术、软件工程、大数据技术与工程、网络与信息安全）。;市（地）级及以下直属机构综合管理类","用人司局：国家金融监督管理总局郯城监管支局
职位简介：主要从事金融信息科技风险监管、电子设备软硬件管理及信息系统运行维护等工作
专业要求：以本科专业报考：计算机类。以研究生专业报考：计算机科学与技术、软件工程、网络空间安全、电子信息（限计算机技术、软件工程、大数据技术与工程、网络与信息安全）。
学历要求：本科或硕士研究生
学位要求：与最高学历相对应的学位
政治面貌：不限
基层工作经历：无限制
考试类别：市（地）级及以下直属机构综合管理类
备注：1.报名时请在专业栏中同时填写专业名称和专业代码；2.限应届高校毕业生报考，请在备注栏中注明本人具有应届高校毕业生身份；3.要求本科学历大学英语四级成绩425分及以上，要求研究生学历大学英语六级成绩425分及以上，请在外语水平栏中注明成绩；4.报考时填写个人学习、工作经历要求连续准确（按时间早晚顺序填写，起止节点具体至月份，待业经历请注明）；5.专业考试信息请参见国家金融监督管理总局2025年度招考公告。","https://www.xjhc.gov.cn/xjhc/c116834/202410/a29382e11a674da3be3353af65f9fcc5.shtml#132115-300147361001","2024-10-14","{""dataset_year"":2025,""job_uid"":""GOV-2025-132115-300147361001"",""publisher"":""国家公务员局"",""publication_page"":""https://www.xjhc.gov.cn/xjhc/c116834/202410/a29382e11a674da3be3353af65f9fcc5.shtml"",""attachment_url"":""https://www.xjhc.gov.cn/xjhc/c116834/202410/a29382e11a674da3be3353af65f9fcc5/files/0536cef86e2b46ddad6aae5a3780089e.xls"",""local_source_file"":""2025_guokao_zhaokaojianzhang.xls"",""local_source_sha256"":""07ae6cab368cd21b7a1ac3e8150fe9a3d39ad5171ce76135ff3cccfe50c3e77e"",""source_sheet"":""中央国家行政机关省级以下直属机构"",""filter_version"":""government_tech_v2"",""tech_filter"":{""is_tech"":true,""is_core_tech"":true,""scope"":""core"",""categories"":[""computer_software"",""cybersecurity_cryptography"",""electronics_communication""],""matched_fields"":[""major"",""description""],""major_terms"":[""信息安全"",""大数据"",""电子信息"",""网络空间安全"",""计算机技术"",""计算机科学与技术"",""计算机类"",""软件工程""],""role_terms"":[""信息科技"",""信息系统"",""软硬件""],""reason"":""tech_major_and_role""},""original"":{""部门代码"":""132115"",""部门名称"":""国家金融监督管理总局山东监管局"",""用人司局"":""国家金融监督管理总局郯城监管支局"",""机构性质"":""中央国家行政机关省级以下直属机构"",""招考职位"":""监管部门一级主任科员及以下"",""职位属性"":""金融监管计算机类职位"",""职位分布"":""其他职位"",""职位简介"":""主要从事金融信息科技风险监管、电子设备软硬件管理及信息系统运行维护等工作"",""职位代码"":""300147361001"",""机构层级"":""县（区）级及以下"",""考试类别"":""市（地）级及以下直属机构综合管理类"",""招考人数"":""1"",""专业"":""以本科专业报考：计算机类。以研究生专业报考：计算机科学与技术、软件工程、网络空间安全、电子信息（限计算机技术、软件工程、大数据技术与工程、网络与信息安全）。"",""学历"":""本科或硕士研究生"",""学位"":""与最高学历相对应的学位"",""政治面貌"":""不限"",""基层工作最低年限"":""无限制"",""服务基层项目工作经历"":""无限制"",""是否在面试阶段组织专业能力测试"":""否"",""面试人员比例"":""3:1"",""工作地点"":""山东省临沂市郯城县"",""落户地点"":""山东省临沂市郯城县"",""备注"":""1.报名时请在专业栏中同时填写专业名称和专业代码；2.限应届高校毕业生报考，请在备注栏中注明本人具有应届高校毕业生身份；3.要求本科学历大学英语四级成绩425分及以上，要求研究生学历大学英语六级成绩425分及以上，请在外语水平栏中注明成绩；4.报考时填写个人学习、工作经历要求连续准确（按时间早晚顺序填写，起止节点具体至月份，待业经历请注明）；5.专业考试信息请参见国家金融监督管理总局2025年度招考公告。"",""部门网站"":""http://www.cbirc.gov.cn"",""咨询电话1"":""0531-86193829"",""咨询电话2"":""0531-86192991"",""咨询电话3"":""0531-86193716"",""来源Sheet"":""中央国家行政机关省级以下直属机构""}}"
"government_jobs","国家公务员2025招考简章","公务员/事业单位技术岗位","山东省临沂市兰陵县","2026-07-28T09:12:58.310295+00:00","监管部门一级主任科员及以下","国家金融监督管理总局山东监管局","","山东省临沂市兰陵县","公务员/事业单位;2025;computer_software;cybersecurity_cryptography;electronics_communication;本科或硕士研究生;与最高学历相对应的学位;以本科专业报考：计算机类。以研究生专业报考：计算机科学与技术、软件工程、网络空间安全、电子信息（限计算机技术、软件工程、大数据技术与工程、网络与信息安全）。;市（地）级及以下直属机构综合管理类","用人司局：国家金融监督管理总局兰陵监管支局
职位简介：主要从事金融信息科技风险监管、电子设备软硬件管理及信息系统运行维护等工作
专业要求：以本科专业报考：计算机类。以研究生专业报考：计算机科学与技术、软件工程、网络空间安全、电子信息（限计算机技术、软件工程、大数据技术与工程、网络与信息安全）。
学历要求：本科或硕士研究生
学位要求：与最高学历相对应的学位
政治面貌：不限
基层工作经历：无限制
考试类别：市（地）级及以下直属机构综合管理类
备注：1.报名时请在专业栏中同时填写专业名称和专业代码；2.限应届高校毕业生报考，请在备注栏中注明本人具有应届高校毕业生身份；3.要求本科学历大学英语四级成绩425分及以上，要求研究生学历大学英语六级成绩425分及以上，请在外语水平栏中注明成绩；4.报考时填写个人学习、工作经历要求连续准确（按时间早晚顺序填写，起止节点具体至月份，待业经历请注明）；5.专业考试信息请参见国家金融监督管理总局2025年度招考公告。","https://www.xjhc.gov.cn/xjhc/c116834/202410/a29382e11a674da3be3353af65f9fcc5.shtml#132115-300147363001","2024-10-14","{""dataset_year"":2025,""job_uid"":""GOV-2025-132115-300147363001"",""publisher"":""国家公务员局"",""publication_page"":""https://www.xjhc.gov.cn/xjhc/c116834/202410/a29382e11a674da3be3353af65f9fcc5.shtml"",""attachment_url"":""https://www.xjhc.gov.cn/xjhc/c116834/202410/a29382e11a674da3be3353af65f9fcc5/files/0536cef86e2b46ddad6aae5a3780089e.xls"",""local_source_file"":""2025_guokao_zhaokaojianzhang.xls"",""local_source_sha256"":""07ae6cab368cd21b7a1ac3e8150fe9a3d39ad5171ce76135ff3cccfe50c3e77e"",""source_sheet"":""中央国家行政机关省级以下直属机构"",""filter_version"":""government_tech_v2"",""tech_filter"":{""is_tech"":true,""is_core_tech"":true,""scope"":""core"",""categories"":[""computer_software"",""cybersecurity_cryptography"",""electronics_communication""],""matched_fields"":[""major"",""description""],""major_terms"":[""信息安全"",""大数据"",""电子信息"",""网络空间安全"",""计算机技术"",""计算机科学与技术"",""计算机类"",""软件工程""],""role_terms"":[""信息科技"",""信息系统"",""软硬件""],""reason"":""tech_major_and_role""},""original"":{""部门代码"":""132115"",""部门名称"":""国家金融监督管理总局山东监管局"",""用人司局"":""国家金融监督管理总局兰陵监管支局"",""机构性质"":""中央国家行政机关省级以下直属机构"",""招考职位"":""监管部门一级主任科员及以下"",""职位属性"":""金融监管计算机类职位"",""职位分布"":""其他职位"",""职位简介"":""主要从事金融信息科技风险监管、电子设备软硬件管理及信息系统运行维护等工作"",""职位代码"":""300147363001"",""机构层级"":""县（区）级及以下"",""考试类别"":""市（地）级及以下直属机构综合管理类"",""招考人数"":""1"",""专业"":""以本科专业报考：计算机类。以研究生专业报考：计算机科学与技术、软件工程、网络空间安全、电子信息（限计算机技术、软件工程、大数据技术与工程、网络与信息安全）。"",""学历"":""本科或硕士研究生"",""学位"":""与最高学历相对应的学位"",""政治面貌"":""不限"",""基层工作最低年限"":""无限制"",""服务基层项目工作经历"":""无限制"",""是否在面试阶段组织专业能力测试"":""否"",""面试人员比例"":""3:1"",""工作地点"":""山东省临沂市兰陵县"",""落户地点"":""山东省临沂市兰陵县"",""备注"":""1.报名时请在专业栏中同时填写专业名称和专业代码；2.限应届高校毕业生报考，请在备注栏中注明本人具有应届高校毕业生身份；3.要求本科学历大学英语四级成绩425分及以上，要求研究生学历大学英语六级成绩425分及以上，请在外语水平栏中注明成绩；4.报考时填写个人学习、工作经历要求连续准确（按时间早晚顺序填写，起止节点具体至月份，待业经历请注明）；5.专业考试信息请参见国家金融监督管理总局2025年度招考公告。"",""部门网站"":""http://www.cbirc.gov.cn"",""咨询电话1"":""0531-86193829"",""咨询电话2"":""0531-86192991"",""咨询电话3"":""0531-86193716"",""来源Sheet"":""中央国家行政机关省级以下直属机构""}}"
"government_jobs","国家公务员2025招考简章","公务员/事业单位技术岗位","山东省临沂市费县","2026-07-28T09:12:58.310295+00:00","监管部门一级主任科员及以下","国家金融监督管理总局山东监管局","","山东省临沂市费县","公务员/事业单位;2025;computer_software;cybersecurity_cryptography;electronics_communication;本科或硕士研究生;与最高学历相对应的学位;以本科专业报考：计算机类。以研究生专业报考：计算机科学与技术、软件工程、网络空间安全、电子信息（限计算机技术、软件工程、大数据技术与工程、网络与信息安全）。;市（地）级及以下直属机构综合管理类","用人司局：国家金融监督管理总局费县监管支局
职位简介：主要从事金融信息科技风险监管、电子设备软硬件管理及信息系统运行维护等工作
专业要求：以本科专业报考：计算机类。以研究生专业报考：计算机科学与技术、软件工程、网络空间安全、电子信息（限计算机技术、软件工程、大数据技术与工程、网络与信息安全）。
学历要求：本科或硕士研究生
学位要求：与最高学历相对应的学位
政治面貌：不限
基层工作经历：二年
考试类别：市（地）级及以下直属机构综合管理类
备注：1.报名时请在专业栏中同时填写专业名称和专业代码；2.限大学生村官、农村义务教育阶段学校教师特设岗位计划、“三支一扶”计划、大学生志愿服务西部计划人员报考，要求基层工作最低年限为2年，请在简历栏中注明服务基层项目相关工作经历；3.要求本科学历大学英语四级成绩425分及以上，要求研究生学历大学英语六级成绩425分及以上，请在外语水平栏中注明成绩；4.报考时填写个人学习、工作经历要求连续准确（按时间早晚顺序填写，起止节点具体至月份，待业经历请注明）；5.专业考试信息请参见国家金融监督管理总局2025年度招考公告。","https://www.xjhc.gov.cn/xjhc/c116834/202410/a29382e11a674da3be3353af65f9fcc5.shtml#132115-300147364001","2024-10-14","{""dataset_year"":2025,""job_uid"":""GOV-2025-132115-300147364001"",""publisher"":""国家公务员局"",""publication_page"":""https://www.xjhc.gov.cn/xjhc/c116834/202410/a29382e11a674da3be3353af65f9fcc5.shtml"",""attachment_url"":""https://www.xjhc.gov.cn/xjhc/c116834/202410/a29382e11a674da3be3353af65f9fcc5/files/0536cef86e2b46ddad6aae5a3780089e.xls"",""local_source_file"":""2025_guokao_zhaokaojianzhang.xls"",""local_source_sha256"":""07ae6cab368cd21b7a1ac3e8150fe9a3d39ad5171ce76135ff3cccfe50c3e77e"",""source_sheet"":""中央国家行政机关省级以下直属机构"",""filter_version"":""government_tech_v2"",""tech_filter"":{""is_tech"":true,""is_core_tech"":true,""scope"":""core"",""categories"":[""computer_software"",""cybersecurity_cryptography"",""electronics_communication""],""matched_fields"":[""major"",""description""],""major_terms"":[""信息安全"",""大数据"",""电子信息"",""网络空间安全"",""计算机技术"",""计算机科学与技术"",""计算机类"",""软件工程""],""role_terms"":[""信息科技"",""信息系统"",""软硬件""],""reason"":""tech_major_and_role""},""original"":{""部门代码"":""132115"",""部门名称"":""国家金融监督管理总局山东监管局"",""用人司局"":""国家金融监督管理总局费县监管支局"",""机构性质"":""中央国家行政机关省级以下直属机构"",""招考职位"":""监管部门一级主任科员及以下"",""职位属性"":""金融监管计算机类职位"",""职位分布"":""其他职位"",""职位简介"":""主要从事金融信息科技风险监管、电子设备软硬件管理及信息系统运行维护等工作"",""职位代码"":""300147364001"",""机构层级"":""县（区）级及以下"",""考试类别"":""市（地）级及以下直属机构综合管理类"",""招考人数"":""1"",""专业"":""以本科专业报考：计算机类。以研究生专业报考：计算机科学与技术、软件工程、网络空间安全、电子信息（限计算机技术、软件工程、大数据技术与工程、网络与信息安全）。"",""学历"":""本科或硕士研究生"",""学位"":""与最高学历相对应的学位"",""政治面貌"":""不限"",""基层工作最低年限"":""二年"",""服务基层项目工作经历"":""大学生村官、农村义务教育阶段学校教师特设岗位计划、“三支一扶”计划、大学生志愿服务西部计划"",""是否在面试阶段组织专业能力测试"":""否"",""面试人员比例"":""3:1"",""工作地点"":""山东省临沂市费县"",""落户地点"":""山东省临沂市费县"",""备注"":""1.报名时请在专业栏中同时填写专业名称和专业代码；2.限大学生村官、农村义务教育阶段学校教师特设岗位计划、“三支一扶”计划、大学生志愿服务西部计划人员报考，要求基层工作最低年限为2年，请在简历栏中注明服务基层项目相关工作经历；3.要求本科学历大学英语四级成绩425分及以上，要求研究生学历大学英语六级成绩425分及以上，请在外语水平栏中注明成绩；4.报考时填写个人学习、工作经历要求连续准确（按时间早晚顺序填写，起止节点具体至月份，待业经历请注明）；5.专业考试信息请参见国家金融监督管理总局2025年度招考公告。"",""部门网站"":""http://www.cbirc.gov.cn"",""咨询电话1"":""0531-86193829"",""咨询电话2"":""0531-86192991"",""咨询电话3"":""0531-86193716"",""来源Sheet"":""中央国家行政机关省级以下直属机构""}}"
"government_jobs","国家公务员2025招考简章","公务员/事业单位技术岗位","山东省德州市陵城区","2026-07-28T09:12:58.310295+00:00","监管部门一级主任科员及以下","国家金融监督管理总局山东监管局","","山东省德州市陵城区","公务员/事业单位;2025;computer_software;cybersecurity_cryptography;electronics_communication;本科或硕士研究生;与最高学历相对应的学位;以本科专业报考：计算机类。以研究生专业报考：计算机科学与技术、软件工程、网络空间安全、电子信息（限计算机技术、软件工程、大数据技术与工程、网络与信息安全）。;市（地）级及以下直属机构综合管理类","用人司局：国家金融监督管理总局陵城监管支局
职位简介：主要从事金融信息科技风险监管、电子设备软硬件管理及信息系统运行维护等工作
专业要求：以本科专业报考：计算机类。以研究生专业报考：计算机科学与技术、软件工程、网络空间安全、电子信息（限计算机技术、软件工程、大数据技术与工程、网络与信息安全）。
学历要求：本科或硕士研究生
学位要求：与最高学历相对应的学位
政治面貌：不限
基层工作经历：无限制
考试类别：市（地）级及以下直属机构综合管理类
备注：1.报名时请在专业栏中同时填写专业名称和专业代码；2.限应届高校毕业生报考，请在备注栏中注明本人具有应届高校毕业生身份；3.要求本科学历大学英语四级成绩425分及以上，要求研究生学历大学英语六级成绩425分及以上，请在外语水平栏中注明成绩；4.报考时填写个人学习、工作经历要求连续准确（按时间早晚顺序填写，起止节点具体至月份，待业经历请注明）；5.专业考试信息请参见国家金融监督管理总局2025年度招考公告。","https://www.xjhc.gov.cn/xjhc/c116834/202410/a29382e11a674da3be3353af65f9fcc5.shtml#132115-300147368001","2024-10-14","{""dataset_year"":2025,""job_uid"":""GOV-2025-132115-300147368001"",""publisher"":""国家公务员局"",""publication_page"":""https://www.xjhc.gov.cn/xjhc/c116834/202410/a29382e11a674da3be3353af65f9fcc5.shtml"",""attachment_url"":""https://www.xjhc.gov.cn/xjhc/c116834/202410/a29382e11a674da3be3353af65f9fcc5/files/0536cef86e2b46ddad6aae5a3780089e.xls"",""local_source_file"":""2025_guokao_zhaokaojianzhang.xls"",""local_source_sha256"":""07ae6cab368cd21b7a1ac3e8150fe9a3d39ad5171ce76135ff3cccfe50c3e77e"",""source_sheet"":""中央国家行政机关省级以下直属机构"",""filter_version"":""government_tech_v2"",""tech_filter"":{""is_tech"":true,""is_core_tech"":true,""scope"":""core"",""categories"":[""computer_software"",""cybersecurity_cryptography"",""electronics_communication""],""matched_fields"":[""major"",""description""],""major_terms"":[""信息安全"",""大数据"",""电子信息"",""网络空间安全"",""计算机技术"",""计算机科学与技术"",""计算机类"",""软件工程""],""role_terms"":[""信息科技"",""信息系统"",""软硬件""],""reason"":""tech_major_and_role""},""original"":{""部门代码"":""132115"",""部门名称"":""国家金融监督管理总局山东监管局"",""用人司局"":""国家金融监督管理总局陵城监管支局"",""机构性质"":""中央国家行政机关省级以下直属机构"",""招考职位"":""监管部门一级主任科员及以下"",""职位属性"":""金融监管计算机类职位"",""职位分布"":""其他职位"",""职位简介"":""主要从事金融信息科技风险监管、电子设备软硬件管理及信息系统运行维护等工作"",""职位代码"":""300147368001"",""机构层级"":""县（区）级及以下"",""考试类别"":""市（地）级及以下直属机构综合管理类"",""招考人数"":""1"",""专业"":""以本科专业报考：计算机类。以研究生专业报考：计算机科学与技术、软件工程、网络空间安全、电子信息（限计算机技术、软件工程、大数据技术与工程、网络与信息安全）。"",""学历"":""本科或硕士研究生"",""学位"":""与最高学历相对应的学位"",""政治面貌"":""不限"",""基层工作最低年限"":""无限制"",""服务基层项目工作经历"":""无限制"",""是否在面试阶段组织专业能力测试"":""否"",""面试人员比例"":""3:1"",""工作地点"":""山东省德州市陵城区"",""落户地点"":""山东省德州市陵城区"",""备注"":""1.报名时请在专业栏中同时填写专业名称和专业代码；2.限应届高校毕业生报考，请在备注栏中注明本人具有应届高校毕业生身份；3.要求本科学历大学英语四级成绩425分及以上，要求研究生学历大学英语六级成绩425分及以上，请在外语水平栏中注明成绩；4.报考时填写个人学习、工作经历要求连续准确（按时间早晚顺序填写，起止节点具体至月份，待业经历请注明）；5.专业考试信息请参见国家金融监督管理总局2025年度招考公告。"",""部门网站"":""http://www.cbirc.gov.cn"",""咨询电话1"":""0531-86193829"",""咨询电话2"":""0531-86192991"",""咨询电话3"":""0531-86193716"",""来源Sheet"":""中央国家行政机关省级以下直属机构""}}"
"government_jobs","国家公务员2025招考简章","公务员/事业单位技术岗位","山东省德州市齐河县","2026-07-28T09:12:58.310295+00:00","监管部门一级主任科员及以下","国家金融监督管理总局山东监管局","","山东省德州市齐河县","公务员/事业单位;2025;computer_software;cybersecurity_cryptography;electronics_communication;本科或硕士研究生;与最高学历相对应的学位;以本科专业报考：计算机类。以研究生专业报考：计算机科学与技术、软件工程、网络空间安全、电子信息（限计算机技术、软件工程、大数据技术与工程、网络与信息安全）。;市（地）级及以下直属机构综合管理类","用人司局：国家金融监督管理总局齐河监管支局
职位简介：主要从事金融信息科技风险监管、电子设备软硬件管理及信息系统运行维护等工作
专业要求：以本科专业报考：计算机类。以研究生专业报考：计算机科学与技术、软件工程、网络空间安全、电子信息（限计算机技术、软件工程、大数据技术与工程、网络与信息安全）。
学历要求：本科或硕士研究生
学位要求：与最高学历相对应的学位
政治面貌：不限
基层工作经历：无限制
考试类别：市（地）级及以下直属机构综合管理类
备注：1.报名时请在专业栏中同时填写专业名称和专业代码；2.限应届高校毕业生报考，请在备注栏中注明本人具有应届高校毕业生身份；3.要求本科学历大学英语四级成绩425分及以上，要求研究生学历大学英语六级成绩425分及以上，请在外语水平栏中注明成绩；4.报考时填写个人学习、工作经历要求连续准确（按时间早晚顺序填写，起止节点具体至月份，待业经历请注明）；5.专业考试信息请参见国家金融监督管理总局2025年度招考公告。","https://www.xjhc.gov.cn/xjhc/c116834/202410/a29382e11a674da3be3353af65f9fcc5.shtml#132115-300147370001","2024-10-14","{""dataset_year"":2025,""job_uid"":""GOV-2025-132115-300147370001"",""publisher"":""国家公务员局"",""publication_page"":""https://www.xjhc.gov.cn/xjhc/c116834/202410/a29382e11a674da3be3353af65f9fcc5.shtml"",""attachment_url"":""https://www.xjhc.gov.cn/xjhc/c116834/202410/a29382e11a674da3be3353af65f9fcc5/files/0536cef86e2b46ddad6aae5a3780089e.xls"",""local_source_file"":""2025_guokao_zhaokaojianzhang.xls"",""local_source_sha256"":""07ae6cab368cd21b7a1ac3e8150fe9a3d39ad5171ce76135ff3cccfe50c3e77e"",""source_sheet"":""中央国家行政机关省级以下直属机构"",""filter_version"":""government_tech_v2"",""tech_filter"":{""is_tech"":true,""is_core_tech"":true,""scope"":""core"",""categories"":[""computer_software"",""cybersecurity_cryptography"",""electronics_communication""],""matched_fields"":[""major"",""description""],""major_terms"":[""信息安全"",""大数据"",""电子信息"",""网络空间安全"",""计算机技术"",""计算机科学与技术"",""计算机类"",""软件工程""],""role_terms"":[""信息科技"",""信息系统"",""软硬件""],""reason"":""tech_major_and_role""},""original"":{""部门代码"":""132115"",""部门名称"":""国家金融监督管理总局山东监管局"",""用人司局"":""国家金融监督管理总局齐河监管支局"",""机构性质"":""中央国家行政机关省级以下直属机构"",""招考职位"":""监管部门一级主任科员及以下"",""职位属性"":""金融监管计算机类职位"",""职位分布"":""其他职位"",""职位简介"":""主要从事金融信息科技风险监管、电子设备软硬件管理及信息系统运行维护等工作"",""职位代码"":""300147370001"",""机构层级"":""县（区）级及以下"",""考试类别"":""市（地）级及以下直属机构综合管理类"",""招考人数"":""1"",""专业"":""以本科专业报考：计算机类。以研究生专业报考：计算机科学与技术、软件工程、网络空间安全、电子信息（限计算机技术、软件工程、大数据技术与工程、网络与信息安全）。"",""学历"":""本科或硕士研究生"",""学位"":""与最高学历相对应的学位"",""政治面貌"":""不限"",""基层工作最低年限"":""无限制"",""服务基层项目工作经历"":""无限制"",""是否在面试阶段组织专业能力测试"":""否"",""面试人员比例"":""3:1"",""工作地点"":""山东省德州市齐河县"",""落户地点"":""山东省德州市齐河县"",""备注"":""1.报名时请在专业栏中同时填写专业名称和专业代码；2.限应届高校毕业生报考，请在备注栏中注明本人具有应届高校毕业生身份；3.要求本科学历大学英语四级成绩425分及以上，要求研究生学历大学英语六级成绩425分及以上，请在外语水平栏中注明成绩；4.报考时填写个人学习、工作经历要求连续准确（按时间早晚顺序填写，起止节点具体至月份，待业经历请注明）；5.专业考试信息请参见国家金融监督管理总局2025年度招考公告。"",""部门网站"":""http://www.cbirc.gov.cn"",""咨询电话1"":""0531-86193829"",""咨询电话2"":""0531-86192991"",""咨询电话3"":""0531-86193716"",""来源Sheet"":""中央国家行政机关省级以下直属机构""}}"
"government_jobs","国家公务员2025招考简章","公务员/事业单位技术岗位","山东省德州市平原县","2026-07-28T09:12:58.310295+00:00","监管部门一级主任科员及以下","国家金融监督管理总局山东监管局","","山东省德州市平原县","公务员/事业单位;2025;computer_software;cybersecurity_cryptography;electronics_communication;本科或硕士研究生;与最高学历相对应的学位;以本科专业报考：计算机类。以研究生专业报考：计算机科学与技术、软件工程、网络空间安全、电子信息（限计算机技术、软件工程、大数据技术与工程、网络与信息安全）。;市（地）级及以下直属机构综合管理类","用人司局：国家金融监督管理总局平原监管支局
职位简介：主要从事金融信息科技风险监管、电子设备软硬件管理及信息系统运行维护等工作
专业要求：以本科专业报考：计算机类。以研究生专业报考：计算机科学与技术、软件工程、网络空间安全、电子信息（限计算机技术、软件工程、大数据技术与工程、网络与信息安全）。
学历要求：本科或硕士研究生
学位要求：与最高学历相对应的学位
政治面貌：不限
基层工作经历：无限制
考试类别：市（地）级及以下直属机构综合管理类
备注：1.报名时请在专业栏中同时填写专业名称和专业代码；2.限应届高校毕业生报考，请在备注栏中注明本人具有应届高校毕业生身份；3.要求本科学历大学英语四级成绩425分及以上，要求研究生学历大学英语六级成绩425分及以上，请在外语水平栏中注明成绩；4.报考时填写个人学习、工作经历要求连续准确（按时间早晚顺序填写，起止节点具体至月份，待业经历请注明）；5.专业考试信息请参见国家金融监督管理总局2025年度招考公告。","https://www.xjhc.gov.cn/xjhc/c116834/202410/a29382e11a674da3be3353af65f9fcc5.shtml#132115-300147371001","2024-10-14","{""dataset_year"":2025,""job_uid"":""GOV-2025-132115-300147371001"",""publisher"":""国家公务员局"",""publication_page"":""https://www.xjhc.gov.cn/xjhc/c116834/202410/a29382e11a674da3be3353af65f9fcc5.shtml"",""attachment_url"":""https://www.xjhc.gov.cn/xjhc/c116834/202410/a29382e11a674da3be3353af65f9fcc5/files/0536cef86e2b46ddad6aae5a3780089e.xls"",""local_source_file"":""2025_guokao_zhaokaojianzhang.xls"",""local_source_sha256"":""07ae6cab368cd21b7a1ac3e8150fe9a3d39ad5171ce76135ff3cccfe50c3e77e"",""source_sheet"":""中央国家行政机关省级以下直属机构"",""filter_version"":""government_tech_v2"",""tech_filter"":{""is_tech"":true,""is_core_tech"":true,""scope"":""core"",""categories"":[""computer_software"",""cybersecurity_cryptography"",""electronics_communication""],""matched_fields"":[""major"",""description""],""major_terms"":[""信息安全"",""大数据"",""电子信息"",""网络空间安全"",""计算机技术"",""计算机科学与技术"",""计算机类"",""软件工程""],""role_terms"":[""信息科技"",""信息系统"",""软硬件""],""reason"":""tech_major_and_role""},""original"":{""部门代码"":""132115"",""部门名称"":""国家金融监督管理总局山东监管局"",""用人司局"":""国家金融监督管理总局平原监管支局"",""机构性质"":""中央国家行政机关省级以下直属机构"",""招考职位"":""监管部门一级主任科员及以下"",""职位属性"":""金融监管计算机类职位"",""职位分布"":""其他职位"",""职位简介"":""主要从事金融信息科技风险监管、电子设备软硬件管理及信息系统运行维护等工作"",""职位代码"":""300147371001"",""机构层级"":""县（区）级及以下"",""考试类别"":""市（地）级及以下直属机构综合管理类"",""招考人数"":""1"",""专业"":""以本科专业报考：计算机类。以研究生专业报考：计算机科学与技术、软件工程、网络空间安全、电子信息（限计算机技术、软件工程、大数据技术与工程、网络与信息安全）。"",""学历"":""本科或硕士研究生"",""学位"":""与最高学历相对应的学位"",""政治面貌"":""不限"",""基层工作最低年限"":""无限制"",""服务基层项目工作经历"":""无限制"",""是否在面试阶段组织专业能力测试"":""否"",""面试人员比例"":""3:1"",""工作地点"":""山东省德州市平原县"",""落户地点"":""山东省德州市平原县"",""备注"":""1.报名时请在专业栏中同时填写专业名称和专业代码；2.限应届高校毕业生报考，请在备注栏中注明本人具有应届高校毕业生身份；3.要求本科学历大学英语四级成绩425分及以上，要求研究生学历大学英语六级成绩425分及以上，请在外语水平栏中注明成绩；4.报考时填写个人学习、工作经历要求连续准确（按时间早晚顺序填写，起止节点具体至月份，待业经历请注明）；5.专业考试信息请参见国家金融监督管理总局2025年度招考公告。"",""部门网站"":""http://www.cbirc.gov.cn"",""咨询电话1"":""0531-86193829"",""咨询电话2"":""0531-86192991"",""咨询电话3"":""0531-86193716"",""来源Sheet"":""中央国家行政机关省级以下直属机构""}}"
"government_jobs","国家公务员2025招考简章","公务员/事业单位技术岗位","山东省德州市乐陵市","2026-07-28T09:12:58.310295+00:00","监管部门一级主任科员及以下","国家金融监督管理总局山东监管局","","山东省德州市乐陵市","公务员/事业单位;2025;computer_software;cybersecurity_cryptography;electronics_communication;本科或硕士研究生;与最高学历相对应的学位;以本科专业报考：计算机类。以研究生专业报考：计算机科学与技术、软件工程、网络空间安全、电子信息（限计算机技术、软件工程、大数据技术与工程、网络与信息安全）。;市（地）级及以下直属机构综合管理类","用人司局：国家金融监督管理总局乐陵监管支局
职位简介：主要从事金融信息科技风险监管、电子设备软硬件管理及信息系统运行维护等工作
专业要求：以本科专业报考：计算机类。以研究生专业报考：计算机科学与技术、软件工程、网络空间安全、电子信息（限计算机技术、软件工程、大数据技术与工程、网络与信息安全）。
学历要求：本科或硕士研究生
学位要求：与最高学历相对应的学位
政治面貌：不限
基层工作经历：无限制
考试类别：市（地）级及以下直属机构综合管理类
备注：1.报名时请在专业栏中同时填写专业名称和专业代码；2.限应届高校毕业生报考，请在备注栏中注明本人具有应届高校毕业生身份；3.要求本科学历大学英语四级成绩425分及以上，要求研究生学历大学英语六级成绩425分及以上，请在外语水平栏中注明成绩；4.报考时填写个人学习、工作经历要求连续准确（按时间早晚顺序填写，起止节点具体至月份，待业经历请注明）；5.专业考试信息请参见国家金融监督管理总局2025年度招考公告。","https://www.xjhc.gov.cn/xjhc/c116834/202410/a29382e11a674da3be3353af65f9fcc5.shtml#132115-300147372001","2024-10-14","{""dataset_year"":2025,""job_uid"":""GOV-2025-132115-300147372001"",""publisher"":""国家公务员局"",""publication_page"":""https://www.xjhc.gov.cn/xjhc/c116834/202410/a29382e11a674da3be3353af65f9fcc5.shtml"",""attachment_url"":""https://www.xjhc.gov.cn/xjhc/c116834/202410/a29382e11a674da3be3353af65f9fcc5/files/0536cef86e2b46ddad6aae5a3780089e.xls"",""local_source_file"":""2025_guokao_zhaokaojianzhang.xls"",""local_source_sha256"":""07ae6cab368cd21b7a1ac3e8150fe9a3d39ad5171ce76135ff3cccfe50c3e77e"",""source_sheet"":""中央国家行政机关省级以下直属机构"",""filter_version"":""government_tech_v2"",""tech_filter"":{""is_tech"":true,""is_core_tech"":true,""scope"":""core"",""categories"":[""computer_software"",""cybersecurity_cryptography"",""electronics_communication""],""matched_fields"":[""major"",""description""],""major_terms"":[""信息安全"",""大数据"",""电子信息"",""网络空间安全"",""计算机技术"",""计算机科学与技术"",""计算机类"",""软件工程""],""role_terms"":[""信息科技"",""信息系统"",""软硬件""],""reason"":""tech_major_and_role""},""original"":{""部门代码"":""132115"",""部门名称"":""国家金融监督管理总局山东监管局"",""用人司局"":""国家金融监督管理总局乐陵监管支局"",""机构性质"":""中央国家行政机关省级以下直属机构"",""招考职位"":""监管部门一级主任科员及以下"",""职位属性"":""金融监管计算机类职位"",""职位分布"":""其他职位"",""职位简介"":""主要从事金融信息科技风险监管、电子设备软硬件管理及信息系统运行维护等工作"",""职位代码"":""300147372001"",""机构层级"":""县（区）级及以下"",""考试类别"":""市（地）级及以下直属机构综合管理类"",""招考人数"":""1"",""专业"":""以本科专业报考：计算机类。以研究生专业报考：计算机科学与技术、软件工程、网络空间安全、电子信息（限计算机技术、软件工程、大数据技术与工程、网络与信息安全）。"",""学历"":""本科或硕士研究生"",""学位"":""与最高学历相对应的学位"",""政治面貌"":""不限"",""基层工作最低年限"":""无限制"",""服务基层项目工作经历"":""无限制"",""是否在面试阶段组织专业能力测试"":""否"",""面试人员比例"":""3:1"",""工作地点"":""山东省德州市乐陵市"",""落户地点"":""山东省德州市乐陵市"",""备注"":""1.报名时请在专业栏中同时填写专业名称和专业代码；2.限应届高校毕业生报考，请在备注栏中注明本人具有应届高校毕业生身份；3.要求本科学历大学英语四级成绩425分及以上，要求研究生学历大学英语六级成绩425分及以上，请在外语水平栏中注明成绩；4.报考时填写个人学习、工作经历要求连续准确（按时间早晚顺序填写，起止节点具体至月份，待业经历请注明）；5.专业考试信息请参见国家金融监督管理总局2025年度招考公告。"",""部门网站"":""http://www.cbirc.gov.cn"",""咨询电话1"":""0531-86193829"",""咨询电话2"":""0531-86192991"",""咨询电话3"":""0531-86193716"",""来源Sheet"":""中央国家行政机关省级以下直属机构""}}"
"government_jobs","国家公务员2025招考简章","公务员/事业单位技术岗位","山东省德州市禹城市","2026-07-28T09:12:58.310295+00:00","监管部门一级主任科员及以下","国家金融监督管理总局山东监管局","","山东省德州市禹城市","公务员/事业单位;2025;computer_software;cybersecurity_cryptography;electronics_communication;本科或硕士研究生;与最高学历相对应的学位;以本科专业报考：计算机类。以研究生专业报考：计算机科学与技术、软件工程、网络空间安全、电子信息（限计算机技术、软件工程、大数据技术与工程、网络与信息安全）。;市（地）级及以下直属机构综合管理类","用人司局：国家金融监督管理总局禹城监管支局
职位简介：主要从事金融信息科技风险监管、电子设备软硬件管理及信息系统运行维护等工作
专业要求：以本科专业报考：计算机类。以研究生专业报考：计算机科学与技术、软件工程、网络空间安全、电子信息（限计算机技术、软件工程、大数据技术与工程、网络与信息安全）。
学历要求：本科或硕士研究生
学位要求：与最高学历相对应的学位
政治面貌：不限
基层工作经历：无限制
考试类别：市（地）级及以下直属机构综合管理类
备注：1.报名时请在专业栏中同时填写专业名称和专业代码；2.限应届高校毕业生报考，请在备注栏中注明本人具有应届高校毕业生身份；3.要求本科学历大学英语四级成绩425分及以上，要求研究生学历大学英语六级成绩425分及以上，请在外语水平栏中注明成绩；4.报考时填写个人学习、工作经历要求连续准确（按时间早晚顺序填写，起止节点具体至月份，待业经历请注明）；5.专业考试信息请参见国家金融监督管理总局2025年度招考公告。","https://www.xjhc.gov.cn/xjhc/c116834/202410/a29382e11a674da3be3353af65f9fcc5.shtml#132115-300147373001","2024-10-14","{""dataset_year"":2025,""job_uid"":""GOV-2025-132115-300147373001"",""publisher"":""国家公务员局"",""publication_page"":""https://www.xjhc.gov.cn/xjhc/c116834/202410/a29382e11a674da3be3353af65f9fcc5.shtml"",""attachment_url"":""https://www.xjhc.gov.cn/xjhc/c116834/202410/a29382e11a674da3be3353af65f9fcc5/files/0536cef86e2b46ddad6aae5a3780089e.xls"",""local_source_file"":""2025_guokao_zhaokaojianzhang.xls"",""local_source_sha256"":""07ae6cab368cd21b7a1ac3e8150fe9a3d39ad5171ce76135ff3cccfe50c3e77e"",""source_sheet"":""中央国家行政机关省级以下直属机构"",""filter_version"":""government_tech_v2"",""tech_filter"":{""is_tech"":true,""is_core_tech"":true,""scope"":""core"",""categories"":[""computer_software"",""cybersecurity_cryptography"",""electronics_communication""],""matched_fields"":[""major"",""description""],""major_terms"":[""信息安全"",""大数据"",""电子信息"",""网络空间安全"",""计算机技术"",""计算机科学与技术"",""计算机类"",""软件工程""],""role_terms"":[""信息科技"",""信息系统"",""软硬件""],""reason"":""tech_major_and_role""},""original"":{""部门代码"":""132115"",""部门名称"":""国家金融监督管理总局山东监管局"",""用人司局"":""国家金融监督管理总局禹城监管支局"",""机构性质"":""中央国家行政机关省级以下直属机构"",""招考职位"":""监管部门一级主任科员及以下"",""职位属性"":""金融监管计算机类职位"",""职位分布"":""其他职位"",""职位简介"":""主要从事金融信息科技风险监管、电子设备软硬件管理及信息系统运行维护等工作"",""职位代码"":""300147373001"",""机构层级"":""县（区）级及以下"",""考试类别"":""市（地）级及以下直属机构综合管理类"",""招考人数"":""1"",""专业"":""以本科专业报考：计算机类。以研究生专业报考：计算机科学与技术、软件工程、网络空间安全、电子信息（限计算机技术、软件工程、大数据技术与工程、网络与信息安全）。"",""学历"":""本科或硕士研究生"",""学位"":""与最高学历相对应的学位"",""政治面貌"":""不限"",""基层工作最低年限"":""无限制"",""服务基层项目工作经历"":""无限制"",""是否在面试阶段组织专业能力测试"":""否"",""面试人员比例"":""3:1"",""工作地点"":""山东省德州市禹城市"",""落户地点"":""山东省德州市禹城市"",""备注"":""1.报名时请在专业栏中同时填写专业名称和专业代码；2.限应届高校毕业生报考，请在备注栏中注明本人具有应届高校毕业生身份；3.要求本科学历大学英语四级成绩425分及以上，要求研究生学历大学英语六级成绩425分及以上，请在外语水平栏中注明成绩；4.报考时填写个人学习、工作经历要求连续准确（按时间早晚顺序填写，起止节点具体至月份，待业经历请注明）；5.专业考试信息请参见国家金融监督管理总局2025年度招考公告。"",""部门网站"":""http://www.cbirc.gov.cn"",""咨询电话1"":""0531-86193829"",""咨询电话2"":""0531-86192991"",""咨询电话3"":""0531-86193716"",""来源Sheet"":""中央国家行政机关省级以下直属机构""}}"
"government_jobs","国家公务员2025招考简章","公务员/事业单位技术岗位","山东省滨州市博兴县","2026-07-28T09:12:58.310295+00:00","监管部门一级主任科员及以下","国家金融监督管理总局山东监管局","","山东省滨州市博兴县","公务员/事业单位;2025;computer_software;cybersecurity_cryptography;electronics_communication;本科或硕士研究生;与最高学历相对应的学位;以本科专业报考：计算机类。以研究生专业报考：计算机科学与技术、软件工程、网络空间安全、电子信息（限计算机技术、软件工程、大数据技术与工程、网络与信息安全）。;市（地）级及以下直属机构综合管理类","用人司局：国家金融监督管理总局博兴监管支局
职位简介：主要从事金融信息科技风险监管、电子设备软硬件管理及信息系统运行维护等工作
专业要求：以本科专业报考：计算机类。以研究生专业报考：计算机科学与技术、软件工程、网络空间安全、电子信息（限计算机技术、软件工程、大数据技术与工程、网络与信息安全）。
学历要求：本科或硕士研究生
学位要求：与最高学历相对应的学位
政治面貌：不限
基层工作经历：无限制
考试类别：市（地）级及以下直属机构综合管理类
备注：1.报名时请在专业栏中同时填写专业名称和专业代码；2.限应届高校毕业生报考，请在备注栏中注明本人具有应届高校毕业生身份；3.要求本科学历大学英语四级成绩425分及以上，要求研究生学历大学英语六级成绩425分及以上，请在外语水平栏中注明成绩；4.报考时填写个人学习、工作经历要求连续准确（按时间早晚顺序填写，起止节点具体至月份，待业经历请注明）；5.专业考试信息请参见国家金融监督管理总局2025年度招考公告。","https://www.xjhc.gov.cn/xjhc/c116834/202410/a29382e11a674da3be3353af65f9fcc5.shtml#132115-300147376001","2024-10-14","{""dataset_year"":2025,""job_uid"":""GOV-2025-132115-300147376001"",""publisher"":""国家公务员局"",""publication_page"":""https://www.xjhc.gov.cn/xjhc/c116834/202410/a29382e11a674da3be3353af65f9fcc5.shtml"",""attachment_url"":""https://www.xjhc.gov.cn/xjhc/c116834/202410/a29382e11a674da3be3353af65f9fcc5/files/0536cef86e2b46ddad6aae5a3780089e.xls"",""local_source_file"":""2025_guokao_zhaokaojianzhang.xls"",""local_source_sha256"":""07ae6cab368cd21b7a1ac3e8150fe9a3d39ad5171ce76135ff3cccfe50c3e77e"",""source_sheet"":""中央国家行政机关省级以下直属机构"",""filter_version"":""government_tech_v2"",""tech_filter"":{""is_tech"":true,""is_core_tech"":true,""scope"":""core"",""categories"":[""computer_software"",""cybersecurity_cryptography"",""electronics_communication""],""matched_fields"":[""major"",""description""],""major_terms"":[""信息安全"",""大数据"",""电子信息"",""网络空间安全"",""计算机技术"",""计算机科学与技术"",""计算机类"",""软件工程""],""role_terms"":[""信息科技"",""信息系统"",""软硬件""],""reason"":""tech_major_and_role""},""original"":{""部门代码"":""132115"",""部门名称"":""国家金融监督管理总局山东监管局"",""用人司局"":""国家金融监督管理总局博兴监管支局"",""机构性质"":""中央国家行政机关省级以下直属机构"",""招考职位"":""监管部门一级主任科员及以下"",""职位属性"":""金融监管计算机类职位"",""职位分布"":""其他职位"",""职位简介"":""主要从事金融信息科技风险监管、电子设备软硬件管理及信息系统运行维护等工作"",""职位代码"":""300147376001"",""机构层级"":""县（区）级及以下"",""考试类别"":""市（地）级及以下直属机构综合管理类"",""招考人数"":""1"",""专业"":""以本科专业报考：计算机类。以研究生专业报考：计算机科学与技术、软件工程、网络空间安全、电子信息（限计算机技术、软件工程、大数据技术与工程、网络与信息安全）。"",""学历"":""本科或硕士研究生"",""学位"":""与最高学历相对应的学位"",""政治面貌"":""不限"",""基层工作最低年限"":""无限制"",""服务基层项目工作经历"":""无限制"",""是否在面试阶段组织专业能力测试"":""否"",""面试人员比例"":""3:1"",""工作地点"":""山东省滨州市博兴县"",""落户地点"":""山东省滨州市博兴县"",""备注"":""1.报名时请在专业栏中同时填写专业名称和专业代码；2.限应届高校毕业生报考，请在备注栏中注明本人具有应届高校毕业生身份；3.要求本科学历大学英语四级成绩425分及以上，要求研究生学历大学英语六级成绩425分及以上，请在外语水平栏中注明成绩；4.报考时填写个人学习、工作经历要求连续准确（按时间早晚顺序填写，起止节点具体至月份，待业经历请注明）；5.专业考试信息请参见国家金融监督管理总局2025年度招考公告。"",""部门网站"":""http://www.cbirc.gov.cn"",""咨询电话1"":""0531-86193829"",""咨询电话2"":""0531-86192991"",""咨询电话3"":""0531-86193716"",""来源Sheet"":""中央国家行政机关省级以下直属机构""}}"
"government_jobs","国家公务员2025招考简章","公务员/事业单位技术岗位","山东省聊城市临清市","2026-07-28T09:12:58.310295+00:00","监管部门一级主任科员及以下","国家金融监督管理总局山东监管局","","山东省聊城市临清市","公务员/事业单位;2025;computer_software;仅限本科;学士;计算机类;市（地）级及以下直属机构综合管理类","用人司局：国家金融监督管理总局临清监管支局
职位简介：主要从事金融信息科技风险监管、电子设备软硬件管理及信息系统运行维护等工作
专业要求：计算机类
学历要求：仅限本科
学位要求：学士
政治面貌：不限
基层工作经历：无限制
考试类别：市（地）级及以下直属机构综合管理类
备注：1.报名时请在专业栏中同时填写专业名称和专业代码；2.限应届高校毕业生报考，请在备注栏中注明本人具有应届高校毕业生身份；3.要求本科学历大学英语四级成绩425分及以上，请在外语水平栏中注明成绩；4.报考时填写个人学习、工作经历要求连续准确（按时间早晚顺序填写，起止节点具体至月份，待业经历请注明）；5.专业考试信息请参见国家金融监督管理总局2025年度招考公告。","https://www.xjhc.gov.cn/xjhc/c116834/202410/a29382e11a674da3be3353af65f9fcc5.shtml#132115-300147378001","2024-10-14","{""dataset_year"":2025,""job_uid"":""GOV-2025-132115-300147378001"",""publisher"":""国家公务员局"",""publication_page"":""https://www.xjhc.gov.cn/xjhc/c116834/202410/a29382e11a674da3be3353af65f9fcc5.shtml"",""attachment_url"":""https://www.xjhc.gov.cn/xjhc/c116834/202410/a29382e11a674da3be3353af65f9fcc5/files/0536cef86e2b46ddad6aae5a3780089e.xls"",""local_source_file"":""2025_guokao_zhaokaojianzhang.xls"",""local_source_sha256"":""07ae6cab368cd21b7a1ac3e8150fe9a3d39ad5171ce76135ff3cccfe50c3e77e"",""source_sheet"":""中央国家行政机关省级以下直属机构"",""filter_version"":""government_tech_v2"",""tech_filter"":{""is_tech"":true,""is_core_tech"":true,""scope"":""core"",""categories"":[""computer_software""],""matched_fields"":[""major"",""description""],""major_terms"":[""计算机类""],""role_terms"":[""信息科技"",""信息系统"",""软硬件""],""reason"":""tech_major_and_role""},""original"":{""部门代码"":""132115"",""部门名称"":""国家金融监督管理总局山东监管局"",""用人司局"":""国家金融监督管理总局临清监管支局"",""机构性质"":""中央国家行政机关省级以下直属机构"",""招考职位"":""监管部门一级主任科员及以下"",""职位属性"":""金融监管计算机类职位"",""职位分布"":""其他职位"",""职位简介"":""主要从事金融信息科技风险监管、电子设备软硬件管理及信息系统运行维护等工作"",""职位代码"":""300147378001"",""机构层级"":""县（区）级及以下"",""考试类别"":""市（地）级及以下直属机构综合管理类"",""招考人数"":""1"",""专业"":""计算机类"",""学历"":""仅限本科"",""学位"":""学士"",""政治面貌"":""不限"",""基层工作最低年限"":""无限制"",""服务基层项目工作经历"":""无限制"",""是否在面试阶段组织专业能力测试"":""否"",""面试人员比例"":""3:1"",""工作地点"":""山东省聊城市临清市"",""落户地点"":""山东省聊城市临清市"",""备注"":""1.报名时请在专业栏中同时填写专业名称和专业代码；2.限应届高校毕业生报考，请在备注栏中注明本人具有应届高校毕业生身份；3.要求本科学历大学英语四级成绩425分及以上，请在外语水平栏中注明成绩；4.报考时填写个人学习、工作经历要求连续准确（按时间早晚顺序填写，起止节点具体至月份，待业经历请注明）；5.专业考试信息请参见国家金融监督管理总局2025年度招考公告。"",""部门网站"":""http://www.cbirc.gov.cn"",""咨询电话1"":""0531-86193829"",""咨询电话2"":""0531-86192991"",""咨询电话3"":""0531-86193716"",""来源Sheet"":""中央国家行政机关省级以下直属机构""}}"
"government_jobs","国家公务员2025招考简章","公务员/事业单位技术岗位","山东省聊城市莘县","2026-07-28T09:12:58.310295+00:00","监管部门一级主任科员及以下","国家金融监督管理总局山东监管局","","山东省聊城市莘县","公务员/事业单位;2025;computer_software;仅限本科;学士;计算机类;市（地）级及以下直属机构综合管理类","用人司局：国家金融监督管理总局莘县监管支局
职位简介：主要从事金融信息科技风险监管、电子设备软硬件管理及信息系统运行维护等工作
专业要求：计算机类
学历要求：仅限本科
学位要求：学士
政治面貌：不限
基层工作经历：无限制
考试类别：市（地）级及以下直属机构综合管理类
备注：1.报名时请在专业栏中同时填写专业名称和专业代码；2.限应届高校毕业生报考，请在备注栏中注明本人具有应届高校毕业生身份；3.要求本科学历大学英语四级成绩425分及以上，请在外语水平栏中注明成绩；4.报考时填写个人学习、工作经历要求连续准确（按时间早晚顺序填写，起止节点具体至月份，待业经历请注明）；5.专业考试信息请参见国家金融监督管理总局2025年度招考公告。","https://www.xjhc.gov.cn/xjhc/c116834/202410/a29382e11a674da3be3353af65f9fcc5.shtml#132115-300147380001","2024-10-14","{""dataset_year"":2025,""job_uid"":""GOV-2025-132115-300147380001"",""publisher"":""国家公务员局"",""publication_page"":""https://www.xjhc.gov.cn/xjhc/c116834/202410/a29382e11a674da3be3353af65f9fcc5.shtml"",""attachment_url"":""https://www.xjhc.gov.cn/xjhc/c116834/202410/a29382e11a674da3be3353af65f9fcc5/files/0536cef86e2b46ddad6aae5a3780089e.xls"",""local_source_file"":""2025_guokao_zhaokaojianzhang.xls"",""local_source_sha256"":""07ae6cab368cd21b7a1ac3e8150fe9a3d39ad5171ce76135ff3cccfe50c3e77e"",""source_sheet"":""中央国家行政机关省级以下直属机构"",""filter_version"":""government_tech_v2"",""tech_filter"":{""is_tech"":true,""is_core_tech"":true,""scope"":""core"",""categories"":[""computer_software""],""matched_fields"":[""major"",""description""],""major_terms"":[""计算机类""],""role_terms"":[""信息科技"",""信息系统"",""软硬件""],""reason"":""tech_major_and_role""},""original"":{""部门代码"":""132115"",""部门名称"":""国家金融监督管理总局山东监管局"",""用人司局"":""国家金融监督管理总局莘县监管支局"",""机构性质"":""中央国家行政机关省级以下直属机构"",""招考职位"":""监管部门一级主任科员及以下"",""职位属性"":""金融监管计算机类职位"",""职位分布"":""其他职位"",""职位简介"":""主要从事金融信息科技风险监管、电子设备软硬件管理及信息系统运行维护等工作"",""职位代码"":""300147380001"",""机构层级"":""县（区）级及以下"",""考试类别"":""市（地）级及以下直属机构综合管理类"",""招考人数"":""1"",""专业"":""计算机类"",""学历"":""仅限本科"",""学位"":""学士"",""政治面貌"":""不限"",""基层工作最低年限"":""无限制"",""服务基层项目工作经历"":""无限制"",""是否在面试阶段组织专业能力测试"":""否"",""面试人员比例"":""3:1"",""工作地点"":""山东省聊城市莘县"",""落户地点"":""山东省聊城市莘县"",""备注"":""1.报名时请在专业栏中同时填写专业名称和专业代码；2.限应届高校毕业生报考，请在备注栏中注明本人具有应届高校毕业生身份；3.要求本科学历大学英语四级成绩425分及以上，请在外语水平栏中注明成绩；4.报考时填写个人学习、工作经历要求连续准确（按时间早晚顺序填写，起止节点具体至月份，待业经历请注明）；5.专业考试信息请参见国家金融监督管理总局2025年度招考公告。"",""部门网站"":""http://www.cbirc.gov.cn"",""咨询电话1"":""0531-86193829"",""咨询电话2"":""0531-86192991"",""咨询电话3"":""0531-86193716"",""来源Sheet"":""中央国家行政机关省级以下直属机构""}}"
"government_jobs","国家公务员2025招考简章","公务员/事业单位技术岗位","山东省聊城市东阿县","2026-07-28T09:12:58.310295+00:00","监管部门一级主任科员及以下","国家金融监督管理总局山东监管局","","山东省聊城市东阿县","公务员/事业单位;2025;computer_software;仅限本科;学士;计算机类;市（地）级及以下直属机构综合管理类","用人司局：国家金融监督管理总局东阿监管支局
职位简介：主要从事金融信息科技风险监管、电子设备软硬件管理及信息系统运行维护等工作
专业要求：计算机类
学历要求：仅限本科
学位要求：学士
政治面貌：不限
基层工作经历：无限制
考试类别：市（地）级及以下直属机构综合管理类
备注：1.报名时请在专业栏中同时填写专业名称和专业代码；2.限应届高校毕业生报考，请在备注栏中注明本人具有应届高校毕业生身份；3.要求本科学历大学英语四级成绩425分及以上，请在外语水平栏中注明成绩；4.报考时填写个人学习、工作经历要求连续准确（按时间早晚顺序填写，起止节点具体至月份，待业经历请注明）；5.专业考试信息请参见国家金融监督管理总局2025年度招考公告。","https://www.xjhc.gov.cn/xjhc/c116834/202410/a29382e11a674da3be3353af65f9fcc5.shtml#132115-300147381001","2024-10-14","{""dataset_year"":2025,""job_uid"":""GOV-2025-132115-300147381001"",""publisher"":""国家公务员局"",""publication_page"":""https://www.xjhc.gov.cn/xjhc/c116834/202410/a29382e11a674da3be3353af65f9fcc5.shtml"",""attachment_url"":""https://www.xjhc.gov.cn/xjhc/c116834/202410/a29382e11a674da3be3353af65f9fcc5/files/0536cef86e2b46ddad6aae5a3780089e.xls"",""local_source_file"":""2025_guokao_zhaokaojianzhang.xls"",""local_source_sha256"":""07ae6cab368cd21b7a1ac3e8150fe9a3d39ad5171ce76135ff3cccfe50c3e77e"",""source_sheet"":""中央国家行政机关省级以下直属机构"",""filter_version"":""government_tech_v2"",""tech_filter"":{""is_tech"":true,""is_core_tech"":true,""scope"":""core"",""categories"":[""computer_software""],""matched_fields"":[""major"",""description""],""major_terms"":[""计算机类""],""role_terms"":[""信息科技"",""信息系统"",""软硬件""],""reason"":""tech_major_and_role""},""original"":{""部门代码"":""132115"",""部门名称"":""国家金融监督管理总局山东监管局"",""用人司局"":""国家金融监督管理总局东阿监管支局"",""机构性质"":""中央国家行政机关省级以下直属机构"",""招考职位"":""监管部门一级主任科员及以下"",""职位属性"":""金融监管计算机类职位"",""职位分布"":""其他职位"",""职位简介"":""主要从事金融信息科技风险监管、电子设备软硬件管理及信息系统运行维护等工作"",""职位代码"":""300147381001"",""机构层级"":""县（区）级及以下"",""考试类别"":""市（地）级及以下直属机构综合管理类"",""招考人数"":""1"",""专业"":""计算机类"",""学历"":""仅限本科"",""学位"":""学士"",""政治面貌"":""不限"",""基层工作最低年限"":""无限制"",""服务基层项目工作经历"":""无限制"",""是否在面试阶段组织专业能力测试"":""否"",""面试人员比例"":""3:1"",""工作地点"":""山东省聊城市东阿县"",""落户地点"":""山东省聊城市东阿县"",""备注"":""1.报名时请在专业栏中同时填写专业名称和专业代码；2.限应届高校毕业生报考，请在备注栏中注明本人具有应届高校毕业生身份；3.要求本科学历大学英语四级成绩425分及以上，请在外语水平栏中注明成绩；4.报考时填写个人学习、工作经历要求连续准确（按时间早晚顺序填写，起止节点具体至月份，待业经历请注明）；5.专业考试信息请参见国家金融监督管理总局2025年度招考公告。"",""部门网站"":""http://www.cbirc.gov.cn"",""咨询电话1"":""0531-86193829"",""咨询电话2"":""0531-86192991"",""咨询电话3"":""0531-86193716"",""来源Sheet"":""中央国家行政机关省级以下直属机构""}}"
"government_jobs","国家公务员2025招考简章","公务员/事业单位技术岗位","山东省菏泽市","2026-07-28T09:12:58.310295+00:00","监管部门一级主任科员及以下","国家金融监督管理总局山东监管局","","山东省菏泽市","公务员/事业单位;2025;computer_software;cybersecurity_cryptography;electronics_communication;本科或硕士研究生;与最高学历相对应的学位;以本科专业报考：计算机类。以研究生专业报考：计算机科学与技术、软件工程、网络空间安全、电子信息（限计算机技术、软件工程、大数据技术与工程、网络与信息安全）。;市（地）级及以下直属机构综合管理类","用人司局：国家金融监督管理总局菏泽监管分局辖内监管支局
职位简介：主要从事金融信息科技风险监管、电子设备软硬件管理及信息系统运行维护等工作
专业要求：以本科专业报考：计算机类。以研究生专业报考：计算机科学与技术、软件工程、网络空间安全、电子信息（限计算机技术、软件工程、大数据技术与工程、网络与信息安全）。
学历要求：本科或硕士研究生
学位要求：与最高学历相对应的学位
政治面貌：不限
基层工作经历：无限制
考试类别：市（地）级及以下直属机构综合管理类
备注：1.报名时请在专业栏中同时填写专业名称和专业代码；2.限应届高校毕业生报考，请在备注栏中注明本人具有应届高校毕业生身份；3.要求本科学历大学英语四级成绩425分及以上，要求研究生学历大学英语六级成绩425分及以上，请在外语水平栏中注明成绩；4.本职位具体招录人数为成武1人、东明1人，录用后按照综合成绩从高到低顺序，由考生选择工作单位；5.报考时填写个人学习、工作经历要求连续准确（按时间早晚顺序填写，起止节点具体至月份，待业经历请注明）；6.专业考试信息请参见国家金融监督管理总局2025年度招考公告。","https://www.xjhc.gov.cn/xjhc/c116834/202410/a29382e11a674da3be3353af65f9fcc5.shtml#132115-300147384001","2024-10-14","{""dataset_year"":2025,""job_uid"":""GOV-2025-132115-300147384001"",""publisher"":""国家公务员局"",""publication_page"":""https://www.xjhc.gov.cn/xjhc/c116834/202410/a29382e11a674da3be3353af65f9fcc5.shtml"",""attachment_url"":""https://www.xjhc.gov.cn/xjhc/c116834/202410/a29382e11a674da3be3353af65f9fcc5/files/0536cef86e2b46ddad6aae5a3780089e.xls"",""local_source_file"":""2025_guokao_zhaokaojianzhang.xls"",""local_source_sha256"":""07ae6cab368cd21b7a1ac3e8150fe9a3d39ad5171ce76135ff3cccfe50c3e77e"",""source_sheet"":""中央国家行政机关省级以下直属机构"",""filter_version"":""government_tech_v2"",""tech_filter"":{""is_tech"":true,""is_core_tech"":true,""scope"":""core"",""categories"":[""computer_software"",""cybersecurity_cryptography"",""electronics_communication""],""matched_fields"":[""major"",""description""],""major_terms"":[""信息安全"",""大数据"",""电子信息"",""网络空间安全"",""计算机技术"",""计算机科学与技术"",""计算机类"",""软件工程""],""role_terms"":[""信息科技"",""信息系统"",""软硬件""],""reason"":""tech_major_and_role""},""original"":{""部门代码"":""132115"",""部门名称"":""国家金融监督管理总局山东监管局"",""用人司局"":""国家金融监督管理总局菏泽监管分局辖内监管支局"",""机构性质"":""中央国家行政机关省级以下直属机构"",""招考职位"":""监管部门一级主任科员及以下"",""职位属性"":""金融监管计算机类职位"",""职位分布"":""其他职位"",""职位简介"":""主要从事金融信息科技风险监管、电子设备软硬件管理及信息系统运行维护等工作"",""职位代码"":""300147384001"",""机构层级"":""县（区）级及以下"",""考试类别"":""市（地）级及以下直属机构综合管理类"",""招考人数"":""2"",""专业"":""以本科专业报考：计算机类。以研究生专业报考：计算机科学与技术、软件工程、网络空间安全、电子信息（限计算机技术、软件工程、大数据技术与工程、网络与信息安全）。"",""学历"":""本科或硕士研究生"",""学位"":""与最高学历相对应的学位"",""政治面貌"":""不限"",""基层工作最低年限"":""无限制"",""服务基层项目工作经历"":""无限制"",""是否在面试阶段组织专业能力测试"":""否"",""面试人员比例"":""3:1"",""工作地点"":""山东省菏泽市"",""落户地点"":""山东省菏泽市"",""备注"":""1.报名时请在专业栏中同时填写专业名称和专业代码；2.限应届高校毕业生报考，请在备注栏中注明本人具有应届高校毕业生身份；3.要求本科学历大学英语四级成绩425分及以上，要求研究生学历大学英语六级成绩425分及以上，请在外语水平栏中注明成绩；4.本职位具体招录人数为成武1人、东明1人，录用后按照综合成绩从高到低顺序，由考生选择工作单位；5.报考时填写个人学习、工作经历要求连续准确（按时间早晚顺序填写，起止节点具体至月份，待业经历请注明）；6.专业考试信息请参见国家金融监督管理总局2025年度招考公告。"",""部门网站"":""http://www.cbirc.gov.cn"",""咨询电话1"":""0531-86193829"",""咨询电话2"":""0531-86192991"",""咨询电话3"":""0531-86193716"",""来源Sheet"":""中央国家行政机关省级以下直属机构""}}"
"government_jobs","国家公务员2025招考简章","公务员/事业单位技术岗位","河南省郑州市上街区","2026-07-28T09:12:58.310295+00:00","统计信息部门一级主任科员及以下","国家金融监督管理总局河南监管局","","河南省郑州市上街区","公务员/事业单位;2025;computer_software;仅限本科;学士;计算机类（不含物联网工程、数字媒体技术、空间信息与数字技术、新媒体技术、电影制作）;市（地）级及以下直属机构综合管理类","用人司局：国家金融监督管理总局上街监管支局
职位简介：主要从事金融信息科技风险监管、电子设备软硬件管理及信息系统运行维护等工作
专业要求：计算机类（不含物联网工程、数字媒体技术、空间信息与数字技术、新媒体技术、电影制作）
学历要求：仅限本科
学位要求：学士
政治面貌：不限
基层工作经历：无限制
考试类别：市（地）级及以下直属机构综合管理类
备注：1.报名时请在专业栏中同时填写专业名称和专业代码；2.限应届高校毕业生报考，请在备注栏中注明本人具有应届高校毕业生身份；3.要求本科学历大学英语四级成绩425分及以上，请在外语水平栏中注明成绩；4.专业考试信息请参见国家金融监督管理总局2025年度招考公告。","https://www.xjhc.gov.cn/xjhc/c116834/202410/a29382e11a674da3be3353af65f9fcc5.shtml#132116-300147385001","2024-10-14","{""dataset_year"":2025,""job_uid"":""GOV-2025-132116-300147385001"",""publisher"":""国家公务员局"",""publication_page"":""https://www.xjhc.gov.cn/xjhc/c116834/202410/a29382e11a674da3be3353af65f9fcc5.shtml"",""attachment_url"":""https://www.xjhc.gov.cn/xjhc/c116834/202410/a29382e11a674da3be3353af65f9fcc5/files/0536cef86e2b46ddad6aae5a3780089e.xls"",""local_source_file"":""2025_guokao_zhaokaojianzhang.xls"",""local_source_sha256"":""07ae6cab368cd21b7a1ac3e8150fe9a3d39ad5171ce76135ff3cccfe50c3e77e"",""source_sheet"":""中央国家行政机关省级以下直属机构"",""filter_version"":""government_tech_v2"",""tech_filter"":{""is_tech"":true,""is_core_tech"":true,""scope"":""core"",""categories"":[""computer_software""],""matched_fields"":[""major"",""description""],""major_terms"":[""数字媒体技术"",""物联网工程"",""空间信息与数字技术"",""计算机类""],""role_terms"":[""信息科技"",""信息系统"",""软硬件""],""reason"":""tech_major_and_role""},""original"":{""部门代码"":""132116"",""部门名称"":""国家金融监督管理总局河南监管局"",""用人司局"":""国家金融监督管理总局上街监管支局"",""机构性质"":""中央国家行政机关省级以下直属机构"",""招考职位"":""统计信息部门一级主任科员及以下"",""职位属性"":""金融监管计算机类职位"",""职位分布"":""其他职位"",""职位简介"":""主要从事金融信息科技风险监管、电子设备软硬件管理及信息系统运行维护等工作"",""职位代码"":""300147385001"",""机构层级"":""县（区）级及以下"",""考试类别"":""市（地）级及以下直属机构综合管理类"",""招考人数"":""1"",""专业"":""计算机类（不含物联网工程、数字媒体技术、空间信息与数字技术、新媒体技术、电影制作）"",""学历"":""仅限本科"",""学位"":""学士"",""政治面貌"":""不限"",""基层工作最低年限"":""无限制"",""服务基层项目工作经历"":""无限制"",""是否在面试阶段组织专业能力测试"":""否"",""面试人员比例"":""3:1"",""工作地点"":""河南省郑州市上街区"",""落户地点"":""河南省郑州市上街区"",""备注"":""1.报名时请在专业栏中同时填写专业名称和专业代码；2.限应届高校毕业生报考，请在备注栏中注明本人具有应届高校毕业生身份；3.要求本科学历大学英语四级成绩425分及以上，请在外语水平栏中注明成绩；4.专业考试信息请参见国家金融监督管理总局2025年度招考公告。"",""部门网站"":""http://www.cbirc.gov.cn/"",""咨询电话1"":""0371-69332008"",""咨询电话2"":""0371-69332927"",""咨询电话3"":"""",""来源Sheet"":""中央国家行政机关省级以下直属机构""}}"
"government_jobs","国家公务员2025招考简章","公务员/事业单位技术岗位","河南省开封市兰考县","2026-07-28T09:12:58.310295+00:00","统计信息部门一级主任科员及以下","国家金融监督管理总局河南监管局","","河南省开封市兰考县","公务员/事业单位;2025;computer_software;仅限本科;学士;计算机类（不含物联网工程、数字媒体技术、空间信息与数字技术、新媒体技术、电影制作）;市（地）级及以下直属机构综合管理类","用人司局：国家金融监督管理总局兰考监管支局
职位简介：主要从事金融信息科技风险监管、电子设备软硬件管理及信息系统运行维护等工作
专业要求：计算机类（不含物联网工程、数字媒体技术、空间信息与数字技术、新媒体技术、电影制作）
学历要求：仅限本科
学位要求：学士
政治面貌：不限
基层工作经历：无限制
考试类别：市（地）级及以下直属机构综合管理类
备注：1.报名时请在专业栏中同时填写专业名称和专业代码；2.要求本科学历大学英语四级成绩425分及以上，请在外语水平栏中注明成绩；3.专业考试信息请参见国家金融监督管理总局2025年度招考公告。","https://www.xjhc.gov.cn/xjhc/c116834/202410/a29382e11a674da3be3353af65f9fcc5.shtml#132116-300147387001","2024-10-14","{""dataset_year"":2025,""job_uid"":""GOV-2025-132116-300147387001"",""publisher"":""国家公务员局"",""publication_page"":""https://www.xjhc.gov.cn/xjhc/c116834/202410/a29382e11a674da3be3353af65f9fcc5.shtml"",""attachment_url"":""https://www.xjhc.gov.cn/xjhc/c116834/202410/a29382e11a674da3be3353af65f9fcc5/files/0536cef86e2b46ddad6aae5a3780089e.xls"",""local_source_file"":""2025_guokao_zhaokaojianzhang.xls"",""local_source_sha256"":""07ae6cab368cd21b7a1ac3e8150fe9a3d39ad5171ce76135ff3cccfe50c3e77e"",""source_sheet"":""中央国家行政机关省级以下直属机构"",""filter_version"":""government_tech_v2"",""tech_filter"":{""is_tech"":true,""is_core_tech"":true,""scope"":""core"",""categories"":[""computer_software""],""matched_fields"":[""major"",""description""],""major_terms"":[""数字媒体技术"",""物联网工程"",""空间信息与数字技术"",""计算机类""],""role_terms"":[""信息科技"",""信息系统"",""软硬件""],""reason"":""tech_major_and_role""},""original"":{""部门代码"":""132116"",""部门名称"":""国家金融监督管理总局河南监管局"",""用人司局"":""国家金融监督管理总局兰考监管支局"",""机构性质"":""中央国家行政机关省级以下直属机构"",""招考职位"":""统计信息部门一级主任科员及以下"",""职位属性"":""金融监管计算机类职位"",""职位分布"":""其他职位"",""职位简介"":""主要从事金融信息科技风险监管、电子设备软硬件管理及信息系统运行维护等工作"",""职位代码"":""300147387001"",""机构层级"":""县（区）级及以下"",""考试类别"":""市（地）级及以下直属机构综合管理类"",""招考人数"":""1"",""专业"":""计算机类（不含物联网工程、数字媒体技术、空间信息与数字技术、新媒体技术、电影制作）"",""学历"":""仅限本科"",""学位"":""学士"",""政治面貌"":""不限"",""基层工作最低年限"":""无限制"",""服务基层项目工作经历"":""无限制"",""是否在面试阶段组织专业能力测试"":""否"",""面试人员比例"":""3:1"",""工作地点"":""河南省开封市兰考县"",""落户地点"":""河南省开封市兰考县"",""备注"":""1.报名时请在专业栏中同时填写专业名称和专业代码；2.要求本科学历大学英语四级成绩425分及以上，请在外语水平栏中注明成绩；3.专业考试信息请参见国家金融监督管理总局2025年度招考公告。"",""部门网站"":""http://www.cbirc.gov.cn/"",""咨询电话1"":""0371-69332008"",""咨询电话2"":""0371-69332927"",""咨询电话3"":"""",""来源Sheet"":""中央国家行政机关省级以下直属机构""}}"
"government_jobs","国家公务员2025招考简章","公务员/事业单位技术岗位","河南省开封市杞县","2026-07-28T09:12:58.310295+00:00","统计信息部门一级主任科员及以下","国家金融监督管理总局河南监管局","","河南省开封市杞县","公务员/事业单位;2025;computer_software;仅限本科;学士;计算机类（不含物联网工程、数字媒体技术、空间信息与数字技术、新媒体技术、电影制作）;市（地）级及以下直属机构综合管理类","用人司局：国家金融监督管理总局杞县监管支局
职位简介：主要从事金融信息科技风险监管、电子设备软硬件管理及信息系统运行维护等工作
专业要求：计算机类（不含物联网工程、数字媒体技术、空间信息与数字技术、新媒体技术、电影制作）
学历要求：仅限本科
学位要求：学士
政治面貌：不限
基层工作经历：无限制
考试类别：市（地）级及以下直属机构综合管理类
备注：1.报名时请在专业栏中同时填写专业名称和专业代码；2.要求本科学历大学英语四级成绩425分及以上，请在外语水平栏中注明成绩；3.专业考试信息请参见国家金融监督管理总局2025年度招考公告。","https://www.xjhc.gov.cn/xjhc/c116834/202410/a29382e11a674da3be3353af65f9fcc5.shtml#132116-300147388001","2024-10-14","{""dataset_year"":2025,""job_uid"":""GOV-2025-132116-300147388001"",""publisher"":""国家公务员局"",""publication_page"":""https://www.xjhc.gov.cn/xjhc/c116834/202410/a29382e11a674da3be3353af65f9fcc5.shtml"",""attachment_url"":""https://www.xjhc.gov.cn/xjhc/c116834/202410/a29382e11a674da3be3353af65f9fcc5/files/0536cef86e2b46ddad6aae5a3780089e.xls"",""local_source_file"":""2025_guokao_zhaokaojianzhang.xls"",""local_source_sha256"":""07ae6cab368cd21b7a1ac3e8150fe9a3d39ad5171ce76135ff3cccfe50c3e77e"",""source_sheet"":""中央国家行政机关省级以下直属机构"",""filter_version"":""government_tech_v2"",""tech_filter"":{""is_tech"":true,""is_core_tech"":true,""scope"":""core"",""categories"":[""computer_software""],""matched_fields"":[""major"",""description""],""major_terms"":[""数字媒体技术"",""物联网工程"",""空间信息与数字技术"",""计算机类""],""role_terms"":[""信息科技"",""信息系统"",""软硬件""],""reason"":""tech_major_and_role""},""original"":{""部门代码"":""132116"",""部门名称"":""国家金融监督管理总局河南监管局"",""用人司局"":""国家金融监督管理总局杞县监管支局"",""机构性质"":""中央国家行政机关省级以下直属机构"",""招考职位"":""统计信息部门一级主任科员及以下"",""职位属性"":""金融监管计算机类职位"",""职位分布"":""其他职位"",""职位简介"":""主要从事金融信息科技风险监管、电子设备软硬件管理及信息系统运行维护等工作"",""职位代码"":""300147388001"",""机构层级"":""县（区）级及以下"",""考试类别"":""市（地）级及以下直属机构综合管理类"",""招考人数"":""1"",""专业"":""计算机类（不含物联网工程、数字媒体技术、空间信息与数字技术、新媒体技术、电影制作）"",""学历"":""仅限本科"",""学位"":""学士"",""政治面貌"":""不限"",""基层工作最低年限"":""无限制"",""服务基层项目工作经历"":""无限制"",""是否在面试阶段组织专业能力测试"":""否"",""面试人员比例"":""3:1"",""工作地点"":""河南省开封市杞县"",""落户地点"":""河南省开封市杞县"",""备注"":""1.报名时请在专业栏中同时填写专业名称和专业代码；2.要求本科学历大学英语四级成绩425分及以上，请在外语水平栏中注明成绩；3.专业考试信息请参见国家金融监督管理总局2025年度招考公告。"",""部门网站"":""http://www.cbirc.gov.cn/"",""咨询电话1"":""0371-69332008"",""咨询电话2"":""0371-69332927"",""咨询电话3"":"""",""来源Sheet"":""中央国家行政机关省级以下直属机构""}}"
"government_jobs","国家公务员2025招考简章","公务员/事业单位技术岗位","河南省洛阳市孟津区","2026-07-28T09:12:58.310295+00:00","统计信息部门一级主任科员及以下","国家金融监督管理总局河南监管局","","河南省洛阳市孟津区","公务员/事业单位;2025;computer_software;cybersecurity_cryptography;electronics_communication;本科及以上;与最高学历相对应的学位;本科：计算机类（不含物联网工程、数字媒体技术、空间信息与数字技术、新媒体技术、电影制作）；硕士：计算机科学与技术、软件工程、网络空间安全、电子信息（限计算机技术、软件工程、大数据技术与工程、网络与信息安全）;市（地）级及以下直属机构综合管理类","用人司局：国家金融监督管理总局孟津监管支局
职位简介：主要从事金融信息科技风险监管、电子设备软硬件管理及信息系统运行维护等工作
专业要求：本科：计算机类（不含物联网工程、数字媒体技术、空间信息与数字技术、新媒体技术、电影制作）；硕士：计算机科学与技术、软件工程、网络空间安全、电子信息（限计算机技术、软件工程、大数据技术与工程、网络与信息安全）
学历要求：本科及以上
学位要求：与最高学历相对应的学位
政治面貌：不限
基层工作经历：无限制
考试类别：市（地）级及以下直属机构综合管理类
备注：1.报名时请在专业栏中同时填写专业名称和专业代码；2.限应届高校毕业生报考，请在备注栏中注明本人具有应届高校毕业生身份；3.要求本科学历大学英语四级成绩425分及以上，要求研究生学历大学英语六级成绩425分及以上，请在外语水平栏中注明成绩；4.专业考试信息请参见国家金融监督管理总局2025年度招考公告。","https://www.xjhc.gov.cn/xjhc/c116834/202410/a29382e11a674da3be3353af65f9fcc5.shtml#132116-300147393001","2024-10-14","{""dataset_year"":2025,""job_uid"":""GOV-2025-132116-300147393001"",""publisher"":""国家公务员局"",""publication_page"":""https://www.xjhc.gov.cn/xjhc/c116834/202410/a29382e11a674da3be3353af65f9fcc5.shtml"",""attachment_url"":""https://www.xjhc.gov.cn/xjhc/c116834/202410/a29382e11a674da3be3353af65f9fcc5/files/0536cef86e2b46ddad6aae5a3780089e.xls"",""local_source_file"":""2025_guokao_zhaokaojianzhang.xls"",""local_source_sha256"":""07ae6cab368cd21b7a1ac3e8150fe9a3d39ad5171ce76135ff3cccfe50c3e77e"",""source_sheet"":""中央国家行政机关省级以下直属机构"",""filter_version"":""government_tech_v2"",""tech_filter"":{""is_tech"":true,""is_core_tech"":true,""scope"":""core"",""categories"":[""computer_software"",""cybersecurity_cryptography"",""electronics_communication""],""matched_fields"":[""major"",""description""],""major_terms"":[""信息安全"",""大数据"",""数字媒体技术"",""物联网工程"",""电子信息"",""空间信息与数字技术"",""网络空间安全"",""计算机技术"",""计算机科学与技术"",""计算机类"",""软件工程""],""role_terms"":[""信息科技"",""信息系统"",""软硬件""],""reason"":""tech_major_and_role""},""original"":{""部门代码"":""132116"",""部门名称"":""国家金融监督管理总局河南监管局"",""用人司局"":""国家金融监督管理总局孟津监管支局"",""机构性质"":""中央国家行政机关省级以下直属机构"",""招考职位"":""统计信息部门一级主任科员及以下"",""职位属性"":""金融监管计算机类职位"",""职位分布"":""其他职位"",""职位简介"":""主要从事金融信息科技风险监管、电子设备软硬件管理及信息系统运行维护等工作"",""职位代码"":""300147393001"",""机构层级"":""县（区）级及以下"",""考试类别"":""市（地）级及以下直属机构综合管理类"",""招考人数"":""1"",""专业"":""本科：计算机类（不含物联网工程、数字媒体技术、空间信息与数字技术、新媒体技术、电影制作）；硕士：计算机科学与技术、软件工程、网络空间安全、电子信息（限计算机技术、软件工程、大数据技术与工程、网络与信息安全）"",""学历"":""本科及以上"",""学位"":""与最高学历相对应的学位"",""政治面貌"":""不限"",""基层工作最低年限"":""无限制"",""服务基层项目工作经历"":""无限制"",""是否在面试阶段组织专业能力测试"":""否"",""面试人员比例"":""3:1"",""工作地点"":""河南省洛阳市孟津区"",""落户地点"":""河南省洛阳市孟津区"",""备注"":""1.报名时请在专业栏中同时填写专业名称和专业代码；2.限应届高校毕业生报考，请在备注栏中注明本人具有应届高校毕业生身份；3.要求本科学历大学英语四级成绩425分及以上，要求研究生学历大学英语六级成绩425分及以上，请在外语水平栏中注明成绩；4.专业考试信息请参见国家金融监督管理总局2025年度招考公告。"",""部门网站"":""http://www.cbirc.gov.cn/"",""咨询电话1"":""0371-69332008"",""咨询电话2"":""0371-69332927"",""咨询电话3"":"""",""来源Sheet"":""中央国家行政机关省级以下直属机构""}}"
"government_jobs","国家公务员2025招考简章","公务员/事业单位技术岗位","河南省洛阳市洛宁县","2026-07-28T09:12:58.310295+00:00","统计信息部门一级主任科员及以下","国家金融监督管理总局河南监管局","","河南省洛阳市洛宁县","公务员/事业单位;2025;computer_software;cybersecurity_cryptography;electronics_communication;本科及以上;与最高学历相对应的学位;本科：计算机类（不含物联网工程、数字媒体技术、空间信息与数字技术、新媒体技术、电影制作）；硕士：计算机科学与技术、软件工程、网络空间安全、电子信息（限计算机技术、软件工程、大数据技术与工程、网络与信息安全）;市（地）级及以下直属机构综合管理类","用人司局：国家金融监督管理总局洛宁监管支局
职位简介：主要从事金融信息科技风险监管、电子设备软硬件管理及信息系统运行维护等工作
专业要求：本科：计算机类（不含物联网工程、数字媒体技术、空间信息与数字技术、新媒体技术、电影制作）；硕士：计算机科学与技术、软件工程、网络空间安全、电子信息（限计算机技术、软件工程、大数据技术与工程、网络与信息安全）
学历要求：本科及以上
学位要求：与最高学历相对应的学位
政治面貌：不限
基层工作经历：无限制
考试类别：市（地）级及以下直属机构综合管理类
备注：1.报名时请在专业栏中同时填写专业名称和专业代码；2.限应届高校毕业生报考，请在备注栏中注明本人具有应届高校毕业生身份；3.要求本科学历大学英语四级成绩425分及以上，要求研究生学历大学英语六级成绩425分及以上，请在外语水平栏中注明成绩；4.专业考试信息请参见国家金融监督管理总局2025年度招考公告。","https://www.xjhc.gov.cn/xjhc/c116834/202410/a29382e11a674da3be3353af65f9fcc5.shtml#132116-300147398001","2024-10-14","{""dataset_year"":2025,""job_uid"":""GOV-2025-132116-300147398001"",""publisher"":""国家公务员局"",""publication_page"":""https://www.xjhc.gov.cn/xjhc/c116834/202410/a29382e11a674da3be3353af65f9fcc5.shtml"",""attachment_url"":""https://www.xjhc.gov.cn/xjhc/c116834/202410/a29382e11a674da3be3353af65f9fcc5/files/0536cef86e2b46ddad6aae5a3780089e.xls"",""local_source_file"":""2025_guokao_zhaokaojianzhang.xls"",""local_source_sha256"":""07ae6cab368cd21b7a1ac3e8150fe9a3d39ad5171ce76135ff3cccfe50c3e77e"",""source_sheet"":""中央国家行政机关省级以下直属机构"",""filter_version"":""government_tech_v2"",""tech_filter"":{""is_tech"":true,""is_core_tech"":true,""scope"":""core"",""categories"":[""computer_software"",""cybersecurity_cryptography"",""electronics_communication""],""matched_fields"":[""major"",""description""],""major_terms"":[""信息安全"",""大数据"",""数字媒体技术"",""物联网工程"",""电子信息"",""空间信息与数字技术"",""网络空间安全"",""计算机技术"",""计算机科学与技术"",""计算机类"",""软件工程""],""role_terms"":[""信息科技"",""信息系统"",""软硬件""],""reason"":""tech_major_and_role""},""original"":{""部门代码"":""132116"",""部门名称"":""国家金融监督管理总局河南监管局"",""用人司局"":""国家金融监督管理总局洛宁监管支局"",""机构性质"":""中央国家行政机关省级以下直属机构"",""招考职位"":""统计信息部门一级主任科员及以下"",""职位属性"":""金融监管计算机类职位"",""职位分布"":""其他职位"",""职位简介"":""主要从事金融信息科技风险监管、电子设备软硬件管理及信息系统运行维护等工作"",""职位代码"":""300147398001"",""机构层级"":""县（区）级及以下"",""考试类别"":""市（地）级及以下直属机构综合管理类"",""招考人数"":""1"",""专业"":""本科：计算机类（不含物联网工程、数字媒体技术、空间信息与数字技术、新媒体技术、电影制作）；硕士：计算机科学与技术、软件工程、网络空间安全、电子信息（限计算机技术、软件工程、大数据技术与工程、网络与信息安全）"",""学历"":""本科及以上"",""学位"":""与最高学历相对应的学位"",""政治面貌"":""不限"",""基层工作最低年限"":""无限制"",""服务基层项目工作经历"":""无限制"",""是否在面试阶段组织专业能力测试"":""否"",""面试人员比例"":""3:1"",""工作地点"":""河南省洛阳市洛宁县"",""落户地点"":""河南省洛阳市洛宁县"",""备注"":""1.报名时请在专业栏中同时填写专业名称和专业代码；2.限应届高校毕业生报考，请在备注栏中注明本人具有应届高校毕业生身份；3.要求本科学历大学英语四级成绩425分及以上，要求研究生学历大学英语六级成绩425分及以上，请在外语水平栏中注明成绩；4.专业考试信息请参见国家金融监督管理总局2025年度招考公告。"",""部门网站"":""http://www.cbirc.gov.cn/"",""咨询电话1"":""0371-69332008"",""咨询电话2"":""0371-69332927"",""咨询电话3"":"""",""来源Sheet"":""中央国家行政机关省级以下直属机构""}}"
"government_jobs","国家公务员2025招考简章","公务员/事业单位技术岗位","河南省洛阳市栾川县","2026-07-28T09:12:58.310295+00:00","统计信息部门一级主任科员及以下","国家金融监督管理总局河南监管局","","河南省洛阳市栾川县","公务员/事业单位;2025;computer_software;仅限本科;学士;计算机类（不含物联网工程、数字媒体技术、空间信息与数字技术、新媒体技术、电影制作）;市（地）级及以下直属机构综合管理类","用人司局：国家金融监督管理总局栾川监管支局
职位简介：主要从事金融信息科技风险监管、电子设备软硬件管理及信息系统运行维护等工作
专业要求：计算机类（不含物联网工程、数字媒体技术、空间信息与数字技术、新媒体技术、电影制作）
学历要求：仅限本科
学位要求：学士
政治面貌：不限
基层工作经历：无限制
考试类别：市（地）级及以下直属机构综合管理类
备注：1.报名时请在专业栏中同时填写专业名称和专业代码；2.要求本科学历大学英语四级成绩425分及以上，请在外语水平栏中注明成绩；3.专业考试信息请参见国家金融监督管理总局2025年度招考公告。","https://www.xjhc.gov.cn/xjhc/c116834/202410/a29382e11a674da3be3353af65f9fcc5.shtml#132116-300147399001","2024-10-14","{""dataset_year"":2025,""job_uid"":""GOV-2025-132116-300147399001"",""publisher"":""国家公务员局"",""publication_page"":""https://www.xjhc.gov.cn/xjhc/c116834/202410/a29382e11a674da3be3353af65f9fcc5.shtml"",""attachment_url"":""https://www.xjhc.gov.cn/xjhc/c116834/202410/a29382e11a674da3be3353af65f9fcc5/files/0536cef86e2b46ddad6aae5a3780089e.xls"",""local_source_file"":""2025_guokao_zhaokaojianzhang.xls"",""local_source_sha256"":""07ae6cab368cd21b7a1ac3e8150fe9a3d39ad5171ce76135ff3cccfe50c3e77e"",""source_sheet"":""中央国家行政机关省级以下直属机构"",""filter_version"":""government_tech_v2"",""tech_filter"":{""is_tech"":true,""is_core_tech"":true,""scope"":""core"",""categories"":[""computer_software""],""matched_fields"":[""major"",""description""],""major_terms"":[""数字媒体技术"",""物联网工程"",""空间信息与数字技术"",""计算机类""],""role_terms"":[""信息科技"",""信息系统"",""软硬件""],""reason"":""tech_major_and_role""},""original"":{""部门代码"":""132116"",""部门名称"":""国家金融监督管理总局河南监管局"",""用人司局"":""国家金融监督管理总局栾川监管支局"",""机构性质"":""中央国家行政机关省级以下直属机构"",""招考职位"":""统计信息部门一级主任科员及以下"",""职位属性"":""金融监管计算机类职位"",""职位分布"":""其他职位"",""职位简介"":""主要从事金融信息科技风险监管、电子设备软硬件管理及信息系统运行维护等工作"",""职位代码"":""300147399001"",""机构层级"":""县（区）级及以下"",""考试类别"":""市（地）级及以下直属机构综合管理类"",""招考人数"":""1"",""专业"":""计算机类（不含物联网工程、数字媒体技术、空间信息与数字技术、新媒体技术、电影制作）"",""学历"":""仅限本科"",""学位"":""学士"",""政治面貌"":""不限"",""基层工作最低年限"":""无限制"",""服务基层项目工作经历"":""无限制"",""是否在面试阶段组织专业能力测试"":""否"",""面试人员比例"":""3:1"",""工作地点"":""河南省洛阳市栾川县"",""落户地点"":""河南省洛阳市栾川县"",""备注"":""1.报名时请在专业栏中同时填写专业名称和专业代码；2.要求本科学历大学英语四级成绩425分及以上，请在外语水平栏中注明成绩；3.专业考试信息请参见国家金融监督管理总局2025年度招考公告。"",""部门网站"":""http://www.cbirc.gov.cn/"",""咨询电话1"":""0371-69332008"",""咨询电话2"":""0371-69332927"",""咨询电话3"":"""",""来源Sheet"":""中央国家行政机关省级以下直属机构""}}"
"government_jobs","国家公务员2025招考简章","公务员/事业单位技术岗位","河南省鹤壁市浚县","2026-07-28T09:12:58.310295+00:00","统计信息部门一级主任科员及以下","国家金融监督管理总局河南监管局","","河南省鹤壁市浚县","公务员/事业单位;2025;computer_software;仅限本科;学士;计算机类（不含物联网工程、数字媒体技术、空间信息与数字技术、新媒体技术、电影制作）;市（地）级及以下直属机构综合管理类","用人司局：国家金融监督管理总局浚县监管支局
职位简介：主要从事金融信息科技风险监管、电子设备软硬件管理及信息系统运行维护等工作
专业要求：计算机类（不含物联网工程、数字媒体技术、空间信息与数字技术、新媒体技术、电影制作）
学历要求：仅限本科
学位要求：学士
政治面貌：不限
基层工作经历：无限制
考试类别：市（地）级及以下直属机构综合管理类
备注：1.报名时请在专业栏中同时填写专业名称和专业代码；2.要求本科学历大学英语四级成绩425分及以上，请在外语水平栏中注明成绩；3.专业考试信息请参见国家金融监督管理总局2025年度招考公告。","https://www.xjhc.gov.cn/xjhc/c116834/202410/a29382e11a674da3be3353af65f9fcc5.shtml#132116-300147405001","2024-10-14","{""dataset_year"":2025,""job_uid"":""GOV-2025-132116-300147405001"",""publisher"":""国家公务员局"",""publication_page"":""https://www.xjhc.gov.cn/xjhc/c116834/202410/a29382e11a674da3be3353af65f9fcc5.shtml"",""attachment_url"":""https://www.xjhc.gov.cn/xjhc/c116834/202410/a29382e11a674da3be3353af65f9fcc5/files/0536cef86e2b46ddad6aae5a3780089e.xls"",""local_source_file"":""2025_guokao_zhaokaojianzhang.xls"",""local_source_sha256"":""07ae6cab368cd21b7a1ac3e8150fe9a3d39ad5171ce76135ff3cccfe50c3e77e"",""source_sheet"":""中央国家行政机关省级以下直属机构"",""filter_version"":""government_tech_v2"",""tech_filter"":{""is_tech"":true,""is_core_tech"":true,""scope"":""core"",""categories"":[""computer_software""],""matched_fields"":[""major"",""description""],""major_terms"":[""数字媒体技术"",""物联网工程"",""空间信息与数字技术"",""计算机类""],""role_terms"":[""信息科技"",""信息系统"",""软硬件""],""reason"":""tech_major_and_role""},""original"":{""部门代码"":""132116"",""部门名称"":""国家金融监督管理总局河南监管局"",""用人司局"":""国家金融监督管理总局浚县监管支局"",""机构性质"":""中央国家行政机关省级以下直属机构"",""招考职位"":""统计信息部门一级主任科员及以下"",""职位属性"":""金融监管计算机类职位"",""职位分布"":""其他职位"",""职位简介"":""主要从事金融信息科技风险监管、电子设备软硬件管理及信息系统运行维护等工作"",""职位代码"":""300147405001"",""机构层级"":""县（区）级及以下"",""考试类别"":""市（地）级及以下直属机构综合管理类"",""招考人数"":""2"",""专业"":""计算机类（不含物联网工程、数字媒体技术、空间信息与数字技术、新媒体技术、电影制作）"",""学历"":""仅限本科"",""学位"":""学士"",""政治面貌"":""不限"",""基层工作最低年限"":""无限制"",""服务基层项目工作经历"":""无限制"",""是否在面试阶段组织专业能力测试"":""否"",""面试人员比例"":""3:1"",""工作地点"":""河南省鹤壁市浚县"",""落户地点"":""河南省鹤壁市浚县"",""备注"":""1.报名时请在专业栏中同时填写专业名称和专业代码；2.要求本科学历大学英语四级成绩425分及以上，请在外语水平栏中注明成绩；3.专业考试信息请参见国家金融监督管理总局2025年度招考公告。"",""部门网站"":""http://www.cbirc.gov.cn/"",""咨询电话1"":""0371-69332008"",""咨询电话2"":""0371-69332927"",""咨询电话3"":"""",""来源Sheet"":""中央国家行政机关省级以下直属机构""}}"
"government_jobs","国家公务员2025招考简章","公务员/事业单位技术岗位","河南省濮阳市","2026-07-28T09:12:58.310295+00:00","统计信息部门一级主任科员及以下","国家金融监督管理总局河南监管局","","河南省濮阳市","公务员/事业单位;2025;computer_software;仅限本科;学士;计算机类（不含物联网工程、数字媒体技术、空间信息与数字技术、新媒体技术、电影制作）;市（地）级及以下直属机构综合管理类","用人司局：国家金融监督管理总局濮阳监管分局
职位简介：主要从事金融信息科技风险监管、电子设备软硬件管理及信息系统运行维护等工作
专业要求：计算机类（不含物联网工程、数字媒体技术、空间信息与数字技术、新媒体技术、电影制作）
学历要求：仅限本科
学位要求：学士
政治面貌：不限
基层工作经历：无限制
考试类别：市（地）级及以下直属机构综合管理类
备注：1.报名时请在专业栏中同时填写专业名称和专业代码；2.限应届高校毕业生报考，请在备注栏中注明本人具有应届高校毕业生身份；3.要求本科学历大学英语四级成绩425分及以上，请在外语水平栏中注明成绩；4.专业考试信息请参见国家金融监督管理总局2025年度招考公告。","https://www.xjhc.gov.cn/xjhc/c116834/202410/a29382e11a674da3be3353af65f9fcc5.shtml#132116-300147415001","2024-10-14","{""dataset_year"":2025,""job_uid"":""GOV-2025-132116-300147415001"",""publisher"":""国家公务员局"",""publication_page"":""https://www.xjhc.gov.cn/xjhc/c116834/202410/a29382e11a674da3be3353af65f9fcc5.shtml"",""attachment_url"":""https://www.xjhc.gov.cn/xjhc/c116834/202410/a29382e11a674da3be3353af65f9fcc5/files/0536cef86e2b46ddad6aae5a3780089e.xls"",""local_source_file"":""2025_guokao_zhaokaojianzhang.xls"",""local_source_sha256"":""07ae6cab368cd21b7a1ac3e8150fe9a3d39ad5171ce76135ff3cccfe50c3e77e"",""source_sheet"":""中央国家行政机关省级以下直属机构"",""filter_version"":""government_tech_v2"",""tech_filter"":{""is_tech"":true,""is_core_tech"":true,""scope"":""core"",""categories"":[""computer_software""],""matched_fields"":[""major"",""description""],""major_terms"":[""数字媒体技术"",""物联网工程"",""空间信息与数字技术"",""计算机类""],""role_terms"":[""信息科技"",""信息系统"",""软硬件""],""reason"":""tech_major_and_role""},""original"":{""部门代码"":""132116"",""部门名称"":""国家金融监督管理总局河南监管局"",""用人司局"":""国家金融监督管理总局濮阳监管分局"",""机构性质"":""中央国家行政机关省级以下直属机构"",""招考职位"":""统计信息部门一级主任科员及以下"",""职位属性"":""金融监管计算机类职位"",""职位分布"":""其他职位"",""职位简介"":""主要从事金融信息科技风险监管、电子设备软硬件管理及信息系统运行维护等工作"",""职位代码"":""300147415001"",""机构层级"":""市（地）级"",""考试类别"":""市（地）级及以下直属机构综合管理类"",""招考人数"":""1"",""专业"":""计算机类（不含物联网工程、数字媒体技术、空间信息与数字技术、新媒体技术、电影制作）"",""学历"":""仅限本科"",""学位"":""学士"",""政治面貌"":""不限"",""基层工作最低年限"":""无限制"",""服务基层项目工作经历"":""无限制"",""是否在面试阶段组织专业能力测试"":""否"",""面试人员比例"":""3:1"",""工作地点"":""河南省濮阳市"",""落户地点"":""河南省濮阳市"",""备注"":""1.报名时请在专业栏中同时填写专业名称和专业代码；2.限应届高校毕业生报考，请在备注栏中注明本人具有应届高校毕业生身份；3.要求本科学历大学英语四级成绩425分及以上，请在外语水平栏中注明成绩；4.专业考试信息请参见国家金融监督管理总局2025年度招考公告。"",""部门网站"":""http://www.cbirc.gov.cn/"",""咨询电话1"":""0371-69332008"",""咨询电话2"":""0371-69332927"",""咨询电话3"":"""",""来源Sheet"":""中央国家行政机关省级以下直属机构""}}"
"government_jobs","国家公务员2025招考简章","公务员/事业单位技术岗位","河南省濮阳市濮阳县","2026-07-28T09:12:58.310295+00:00","统计信息部门一级主任科员及以下","国家金融监督管理总局河南监管局","","河南省濮阳市濮阳县","公务员/事业单位;2025;computer_software;仅限本科;学士;计算机类（不含物联网工程、数字媒体技术、空间信息与数字技术、新媒体技术、电影制作）;市（地）级及以下直属机构综合管理类","用人司局：国家金融监督管理总局濮阳监管支局
职位简介：主要从事金融信息科技风险监管、电子设备软硬件管理及信息系统运行维护等工作
专业要求：计算机类（不含物联网工程、数字媒体技术、空间信息与数字技术、新媒体技术、电影制作）
学历要求：仅限本科
学位要求：学士
政治面貌：不限
基层工作经历：无限制
考试类别：市（地）级及以下直属机构综合管理类
备注：1.报名时请在专业栏中同时填写专业名称和专业代码；2.限应届高校毕业生报考，请在备注栏中注明本人具有应届高校毕业生身份；3.要求本科学历大学英语四级成绩425分及以上，请在外语水平栏中注明成绩；4.专业考试信息请参见国家金融监督管理总局2025年度招考公告。","https://www.xjhc.gov.cn/xjhc/c116834/202410/a29382e11a674da3be3353af65f9fcc5.shtml#132116-300147416001","2024-10-14","{""dataset_year"":2025,""job_uid"":""GOV-2025-132116-300147416001"",""publisher"":""国家公务员局"",""publication_page"":""https://www.xjhc.gov.cn/xjhc/c116834/202410/a29382e11a674da3be3353af65f9fcc5.shtml"",""attachment_url"":""https://www.xjhc.gov.cn/xjhc/c116834/202410/a29382e11a674da3be3353af65f9fcc5/files/0536cef86e2b46ddad6aae5a3780089e.xls"",""local_source_file"":""2025_guokao_zhaokaojianzhang.xls"",""local_source_sha256"":""07ae6cab368cd21b7a1ac3e8150fe9a3d39ad5171ce76135ff3cccfe50c3e77e"",""source_sheet"":""中央国家行政机关省级以下直属机构"",""filter_version"":""government_tech_v2"",""tech_filter"":{""is_tech"":true,""is_core_tech"":true,""scope"":""core"",""categories"":[""computer_software""],""matched_fields"":[""major"",""description""],""major_terms"":[""数字媒体技术"",""物联网工程"",""空间信息与数字技术"",""计算机类""],""role_terms"":[""信息科技"",""信息系统"",""软硬件""],""reason"":""tech_major_and_role""},""original"":{""部门代码"":""132116"",""部门名称"":""国家金融监督管理总局河南监管局"",""用人司局"":""国家金融监督管理总局濮阳监管支局"",""机构性质"":""中央国家行政机关省级以下直属机构"",""招考职位"":""统计信息部门一级主任科员及以下"",""职位属性"":""金融监管计算机类职位"",""职位分布"":""其他职位"",""职位简介"":""主要从事金融信息科技风险监管、电子设备软硬件管理及信息系统运行维护等工作"",""职位代码"":""300147416001"",""机构层级"":""县（区）级及以下"",""考试类别"":""市（地）级及以下直属机构综合管理类"",""招考人数"":""1"",""专业"":""计算机类（不含物联网工程、数字媒体技术、空间信息与数字技术、新媒体技术、电影制作）"",""学历"":""仅限本科"",""学位"":""学士"",""政治面貌"":""不限"",""基层工作最低年限"":""无限制"",""服务基层项目工作经历"":""无限制"",""是否在面试阶段组织专业能力测试"":""否"",""面试人员比例"":""3:1"",""工作地点"":""河南省濮阳市濮阳县"",""落户地点"":""河南省濮阳市濮阳县"",""备注"":""1.报名时请在专业栏中同时填写专业名称和专业代码；2.限应届高校毕业生报考，请在备注栏中注明本人具有应届高校毕业生身份；3.要求本科学历大学英语四级成绩425分及以上，请在外语水平栏中注明成绩；4.专业考试信息请参见国家金融监督管理总局2025年度招考公告。"",""部门网站"":""http://www.cbirc.gov.cn/"",""咨询电话1"":""0371-69332008"",""咨询电话2"":""0371-69332927"",""咨询电话3"":"""",""来源Sheet"":""中央国家行政机关省级以下直属机构""}}"
"government_jobs","国家公务员2025招考简章","公务员/事业单位技术岗位","河南省濮阳市南乐县","2026-07-28T09:12:58.310295+00:00","统计信息部门一级主任科员及以下","国家金融监督管理总局河南监管局","","河南省濮阳市南乐县","公务员/事业单位;2025;computer_software;仅限本科;学士;计算机类（不含物联网工程、数字媒体技术、空间信息与数字技术、新媒体技术、电影制作）;市（地）级及以下直属机构综合管理类","用人司局：国家金融监督管理总局南乐监管支局
职位简介：主要从事金融信息科技风险监管、电子设备软硬件管理及信息系统运行维护等工作
专业要求：计算机类（不含物联网工程、数字媒体技术、空间信息与数字技术、新媒体技术、电影制作）
学历要求：仅限本科
学位要求：学士
政治面貌：不限
基层工作经历：无限制
考试类别：市（地）级及以下直属机构综合管理类
备注：1.报名时请在专业栏中同时填写专业名称和专业代码；2.要求本科学历大学英语四级成绩425分及以上，请在外语水平栏中注明成绩；3.专业考试信息请参见国家金融监督管理总局2025年度招考公告。","https://www.xjhc.gov.cn/xjhc/c116834/202410/a29382e11a674da3be3353af65f9fcc5.shtml#132116-300147418001","2024-10-14","{""dataset_year"":2025,""job_uid"":""GOV-2025-132116-300147418001"",""publisher"":""国家公务员局"",""publication_page"":""https://www.xjhc.gov.cn/xjhc/c116834/202410/a29382e11a674da3be3353af65f9fcc5.shtml"",""attachment_url"":""https://www.xjhc.gov.cn/xjhc/c116834/202410/a29382e11a674da3be3353af65f9fcc5/files/0536cef86e2b46ddad6aae5a3780089e.xls"",""local_source_file"":""2025_guokao_zhaokaojianzhang.xls"",""local_source_sha256"":""07ae6cab368cd21b7a1ac3e8150fe9a3d39ad5171ce76135ff3cccfe50c3e77e"",""source_sheet"":""中央国家行政机关省级以下直属机构"",""filter_version"":""government_tech_v2"",""tech_filter"":{""is_tech"":true,""is_core_tech"":true,""scope"":""core"",""categories"":[""computer_software""],""matched_fields"":[""major"",""description""],""major_terms"":[""数字媒体技术"",""物联网工程"",""空间信息与数字技术"",""计算机类""],""role_terms"":[""信息科技"",""信息系统"",""软硬件""],""reason"":""tech_major_and_role""},""original"":{""部门代码"":""132116"",""部门名称"":""国家金融监督管理总局河南监管局"",""用人司局"":""国家金融监督管理总局南乐监管支局"",""机构性质"":""中央国家行政机关省级以下直属机构"",""招考职位"":""统计信息部门一级主任科员及以下"",""职位属性"":""金融监管计算机类职位"",""职位分布"":""其他职位"",""职位简介"":""主要从事金融信息科技风险监管、电子设备软硬件管理及信息系统运行维护等工作"",""职位代码"":""300147418001"",""机构层级"":""县（区）级及以下"",""考试类别"":""市（地）级及以下直属机构综合管理类"",""招考人数"":""1"",""专业"":""计算机类（不含物联网工程、数字媒体技术、空间信息与数字技术、新媒体技术、电影制作）"",""学历"":""仅限本科"",""学位"":""学士"",""政治面貌"":""不限"",""基层工作最低年限"":""无限制"",""服务基层项目工作经历"":""无限制"",""是否在面试阶段组织专业能力测试"":""否"",""面试人员比例"":""3:1"",""工作地点"":""河南省濮阳市南乐县"",""落户地点"":""河南省濮阳市南乐县"",""备注"":""1.报名时请在专业栏中同时填写专业名称和专业代码；2.要求本科学历大学英语四级成绩425分及以上，请在外语水平栏中注明成绩；3.专业考试信息请参见国家金融监督管理总局2025年度招考公告。"",""部门网站"":""http://www.cbirc.gov.cn/"",""咨询电话1"":""0371-69332008"",""咨询电话2"":""0371-69332927"",""咨询电话3"":"""",""来源Sheet"":""中央国家行政机关省级以下直属机构""}}"
"government_jobs","国家公务员2025招考简章","公务员/事业单位技术岗位","河南省濮阳市台前县","2026-07-28T09:12:58.310295+00:00","统计信息部门一级主任科员及以下","国家金融监督管理总局河南监管局","","河南省濮阳市台前县","公务员/事业单位;2025;computer_software;仅限本科;学士;计算机类（不含物联网工程、数字媒体技术、空间信息与数字技术、新媒体技术、电影制作）;市（地）级及以下直属机构综合管理类","用人司局：国家金融监督管理总局台前监管支局
职位简介：主要从事金融信息科技风险监管、电子设备软硬件管理及信息系统运行维护等工作
专业要求：计算机类（不含物联网工程、数字媒体技术、空间信息与数字技术、新媒体技术、电影制作）
学历要求：仅限本科
学位要求：学士
政治面貌：不限
基层工作经历：无限制
考试类别：市（地）级及以下直属机构综合管理类
备注：1.报名时请在专业栏中同时填写专业名称和专业代码；2.限应届高校毕业生报考，请在备注栏中注明本人具有应届高校毕业生身份；3.要求本科学历大学英语四级成绩425分及以上，请在外语水平栏中注明成绩；4.专业考试信息请参见国家金融监督管理总局2025年度招考公告。","https://www.xjhc.gov.cn/xjhc/c116834/202410/a29382e11a674da3be3353af65f9fcc5.shtml#132116-300147419001","2024-10-14","{""dataset_year"":2025,""job_uid"":""GOV-2025-132116-300147419001"",""publisher"":""国家公务员局"",""publication_page"":""https://www.xjhc.gov.cn/xjhc/c116834/202410/a29382e11a674da3be3353af65f9fcc5.shtml"",""attachment_url"":""https://www.xjhc.gov.cn/xjhc/c116834/202410/a29382e11a674da3be3353af65f9fcc5/files/0536cef86e2b46ddad6aae5a3780089e.xls"",""local_source_file"":""2025_guokao_zhaokaojianzhang.xls"",""local_source_sha256"":""07ae6cab368cd21b7a1ac3e8150fe9a3d39ad5171ce76135ff3cccfe50c3e77e"",""source_sheet"":""中央国家行政机关省级以下直属机构"",""filter_version"":""government_tech_v2"",""tech_filter"":{""is_tech"":true,""is_core_tech"":true,""scope"":""core"",""categories"":[""computer_software""],""matched_fields"":[""major"",""description""],""major_terms"":[""数字媒体技术"",""物联网工程"",""空间信息与数字技术"",""计算机类""],""role_terms"":[""信息科技"",""信息系统"",""软硬件""],""reason"":""tech_major_and_role""},""original"":{""部门代码"":""132116"",""部门名称"":""国家金融监督管理总局河南监管局"",""用人司局"":""国家金融监督管理总局台前监管支局"",""机构性质"":""中央国家行政机关省级以下直属机构"",""招考职位"":""统计信息部门一级主任科员及以下"",""职位属性"":""金融监管计算机类职位"",""职位分布"":""其他职位"",""职位简介"":""主要从事金融信息科技风险监管、电子设备软硬件管理及信息系统运行维护等工作"",""职位代码"":""300147419001"",""机构层级"":""县（区）级及以下"",""考试类别"":""市（地）级及以下直属机构综合管理类"",""招考人数"":""1"",""专业"":""计算机类（不含物联网工程、数字媒体技术、空间信息与数字技术、新媒体技术、电影制作）"",""学历"":""仅限本科"",""学位"":""学士"",""政治面貌"":""不限"",""基层工作最低年限"":""无限制"",""服务基层项目工作经历"":""无限制"",""是否在面试阶段组织专业能力测试"":""否"",""面试人员比例"":""3:1"",""工作地点"":""河南省濮阳市台前县"",""落户地点"":""河南省濮阳市台前县"",""备注"":""1.报名时请在专业栏中同时填写专业名称和专业代码；2.限应届高校毕业生报考，请在备注栏中注明本人具有应届高校毕业生身份；3.要求本科学历大学英语四级成绩425分及以上，请在外语水平栏中注明成绩；4.专业考试信息请参见国家金融监督管理总局2025年度招考公告。"",""部门网站"":""http://www.cbirc.gov.cn/"",""咨询电话1"":""0371-69332008"",""咨询电话2"":""0371-69332927"",""咨询电话3"":"""",""来源Sheet"":""中央国家行政机关省级以下直属机构""}}"
"government_jobs","国家公务员2025招考简章","公务员/事业单位技术岗位","河南省许昌市长葛市","2026-07-28T09:12:58.310295+00:00","统计信息部门一级主任科员及以下","国家金融监督管理总局河南监管局","","河南省许昌市长葛市","公务员/事业单位;2025;computer_software;仅限本科;学士;计算机类（不含物联网工程、数字媒体技术、空间信息与数字技术、新媒体技术、电影制作）;市（地）级及以下直属机构综合管理类","用人司局：国家金融监督管理总局长葛监管支局
职位简介：主要从事金融信息科技风险监管、电子设备软硬件管理及信息系统运行维护等工作
专业要求：计算机类（不含物联网工程、数字媒体技术、空间信息与数字技术、新媒体技术、电影制作）
学历要求：仅限本科
学位要求：学士
政治面貌：不限
基层工作经历：二年
考试类别：市（地）级及以下直属机构综合管理类
备注：1.报名时请在专业栏中同时填写专业名称和专业代码；2.要求本科学历大学英语四级成绩425分及以上，请在外语水平栏中注明成绩；3.请在简历栏中注明服务基层项目相关工作经历；4.专业考试信息请参见国家金融监督管理总局2025年度招考公告。","https://www.xjhc.gov.cn/xjhc/c116834/202410/a29382e11a674da3be3353af65f9fcc5.shtml#132116-300147421001","2024-10-14","{""dataset_year"":2025,""job_uid"":""GOV-2025-132116-300147421001"",""publisher"":""国家公务员局"",""publication_page"":""https://www.xjhc.gov.cn/xjhc/c116834/202410/a29382e11a674da3be3353af65f9fcc5.shtml"",""attachment_url"":""https://www.xjhc.gov.cn/xjhc/c116834/202410/a29382e11a674da3be3353af65f9fcc5/files/0536cef86e2b46ddad6aae5a3780089e.xls"",""local_source_file"":""2025_guokao_zhaokaojianzhang.xls"",""local_source_sha256"":""07ae6cab368cd21b7a1ac3e8150fe9a3d39ad5171ce76135ff3cccfe50c3e77e"",""source_sheet"":""中央国家行政机关省级以下直属机构"",""filter_version"":""government_tech_v2"",""tech_filter"":{""is_tech"":true,""is_core_tech"":true,""scope"":""core"",""categories"":[""computer_software""],""matched_fields"":[""major"",""description""],""major_terms"":[""数字媒体技术"",""物联网工程"",""空间信息与数字技术"",""计算机类""],""role_terms"":[""信息科技"",""信息系统"",""软硬件""],""reason"":""tech_major_and_role""},""original"":{""部门代码"":""132116"",""部门名称"":""国家金融监督管理总局河南监管局"",""用人司局"":""国家金融监督管理总局长葛监管支局"",""机构性质"":""中央国家行政机关省级以下直属机构"",""招考职位"":""统计信息部门一级主任科员及以下"",""职位属性"":""金融监管计算机类职位"",""职位分布"":""其他职位"",""职位简介"":""主要从事金融信息科技风险监管、电子设备软硬件管理及信息系统运行维护等工作"",""职位代码"":""300147421001"",""机构层级"":""县（区）级及以下"",""考试类别"":""市（地）级及以下直属机构综合管理类"",""招考人数"":""1"",""专业"":""计算机类（不含物联网工程、数字媒体技术、空间信息与数字技术、新媒体技术、电影制作）"",""学历"":""仅限本科"",""学位"":""学士"",""政治面貌"":""不限"",""基层工作最低年限"":""二年"",""服务基层项目工作经历"":""大学生村官、农村义务教育阶段学校教师特设岗位计划、“三支一扶”计划、大学生志愿服务西部计划、在军队服役5年（含）以上的高校毕业生退役士兵"",""是否在面试阶段组织专业能力测试"":""否"",""面试人员比例"":""3:1"",""工作地点"":""河南省许昌市长葛市"",""落户地点"":""河南省许昌市长葛市"",""备注"":""1.报名时请在专业栏中同时填写专业名称和专业代码；2.要求本科学历大学英语四级成绩425分及以上，请在外语水平栏中注明成绩；3.请在简历栏中注明服务基层项目相关工作经历；4.专业考试信息请参见国家金融监督管理总局2025年度招考公告。"",""部门网站"":""http://www.cbirc.gov.cn/"",""咨询电话1"":""0371-69332008"",""咨询电话2"":""0371-69332927"",""咨询电话3"":"""",""来源Sheet"":""中央国家行政机关省级以下直属机构""}}"
"government_jobs","国家公务员2025招考简章","公务员/事业单位技术岗位","河南省许昌市襄城县","2026-07-28T09:12:58.310295+00:00","统计信息部门一级主任科员及以下","国家金融监督管理总局河南监管局","","河南省许昌市襄城县","公务员/事业单位;2025;computer_software;仅限本科;学士;计算机类（不含物联网工程、数字媒体技术、空间信息与数字技术、新媒体技术、电影制作）;市（地）级及以下直属机构综合管理类","用人司局：国家金融监督管理总局襄城监管支局
职位简介：主要从事金融信息科技风险监管、电子设备软硬件管理及信息系统运行维护等工作
专业要求：计算机类（不含物联网工程、数字媒体技术、空间信息与数字技术、新媒体技术、电影制作）
学历要求：仅限本科
学位要求：学士
政治面貌：不限
基层工作经历：无限制
考试类别：市（地）级及以下直属机构综合管理类
备注：1.报名时请在专业栏中同时填写专业名称和专业代码；2.限应届高校毕业生报考，请在备注栏中注明本人具有应届高校毕业生身份；3.要求本科学历大学英语四级成绩425分及以上，请在外语水平栏中注明成绩；4.专业考试信息请参见国家金融监督管理总局2025年度招考公告。","https://www.xjhc.gov.cn/xjhc/c116834/202410/a29382e11a674da3be3353af65f9fcc5.shtml#132116-300147423001","2024-10-14","{""dataset_year"":2025,""job_uid"":""GOV-2025-132116-300147423001"",""publisher"":""国家公务员局"",""publication_page"":""https://www.xjhc.gov.cn/xjhc/c116834/202410/a29382e11a674da3be3353af65f9fcc5.shtml"",""attachment_url"":""https://www.xjhc.gov.cn/xjhc/c116834/202410/a29382e11a674da3be3353af65f9fcc5/files/0536cef86e2b46ddad6aae5a3780089e.xls"",""local_source_file"":""2025_guokao_zhaokaojianzhang.xls"",""local_source_sha256"":""07ae6cab368cd21b7a1ac3e8150fe9a3d39ad5171ce76135ff3cccfe50c3e77e"",""source_sheet"":""中央国家行政机关省级以下直属机构"",""filter_version"":""government_tech_v2"",""tech_filter"":{""is_tech"":true,""is_core_tech"":true,""scope"":""core"",""categories"":[""computer_software""],""matched_fields"":[""major"",""description""],""major_terms"":[""数字媒体技术"",""物联网工程"",""空间信息与数字技术"",""计算机类""],""role_terms"":[""信息科技"",""信息系统"",""软硬件""],""reason"":""tech_major_and_role""},""original"":{""部门代码"":""132116"",""部门名称"":""国家金融监督管理总局河南监管局"",""用人司局"":""国家金融监督管理总局襄城监管支局"",""机构性质"":""中央国家行政机关省级以下直属机构"",""招考职位"":""统计信息部门一级主任科员及以下"",""职位属性"":""金融监管计算机类职位"",""职位分布"":""其他职位"",""职位简介"":""主要从事金融信息科技风险监管、电子设备软硬件管理及信息系统运行维护等工作"",""职位代码"":""300147423001"",""机构层级"":""县（区）级及以下"",""考试类别"":""市（地）级及以下直属机构综合管理类"",""招考人数"":""1"",""专业"":""计算机类（不含物联网工程、数字媒体技术、空间信息与数字技术、新媒体技术、电影制作）"",""学历"":""仅限本科"",""学位"":""学士"",""政治面貌"":""不限"",""基层工作最低年限"":""无限制"",""服务基层项目工作经历"":""无限制"",""是否在面试阶段组织专业能力测试"":""否"",""面试人员比例"":""3:1"",""工作地点"":""河南省许昌市襄城县"",""落户地点"":""河南省许昌市襄城县"",""备注"":""1.报名时请在专业栏中同时填写专业名称和专业代码；2.限应届高校毕业生报考，请在备注栏中注明本人具有应届高校毕业生身份；3.要求本科学历大学英语四级成绩425分及以上，请在外语水平栏中注明成绩；4.专业考试信息请参见国家金融监督管理总局2025年度招考公告。"",""部门网站"":""http://www.cbirc.gov.cn/"",""咨询电话1"":""0371-69332008"",""咨询电话2"":""0371-69332927"",""咨询电话3"":"""",""来源Sheet"":""中央国家行政机关省级以下直属机构""}}"
"government_jobs","国家公务员2025招考简章","公务员/事业单位技术岗位","河南省漯河市临颍县","2026-07-28T09:12:58.310295+00:00","统计信息部门一级主任科员及以下","国家金融监督管理总局河南监管局","","河南省漯河市临颍县","公务员/事业单位;2025;computer_software;仅限本科;学士;计算机类（不含物联网工程、数字媒体技术、空间信息与数字技术、新媒体技术、电影制作）;市（地）级及以下直属机构综合管理类","用人司局：国家金融监督管理总局临颍监管支局
职位简介：主要从事金融信息科技风险监管、电子设备软硬件管理及信息系统运行维护等工作
专业要求：计算机类（不含物联网工程、数字媒体技术、空间信息与数字技术、新媒体技术、电影制作）
学历要求：仅限本科
学位要求：学士
政治面貌：不限
基层工作经历：无限制
考试类别：市（地）级及以下直属机构综合管理类
备注：1.报名时请在专业栏中同时填写专业名称和专业代码；2.要求本科学历大学英语四级成绩425分及以上，请在外语水平栏中注明成绩；3.专业考试信息请参见国家金融监督管理总局2025年度招考公告。","https://www.xjhc.gov.cn/xjhc/c116834/202410/a29382e11a674da3be3353af65f9fcc5.shtml#132116-300147425001","2024-10-14","{""dataset_year"":2025,""job_uid"":""GOV-2025-132116-300147425001"",""publisher"":""国家公务员局"",""publication_page"":""https://www.xjhc.gov.cn/xjhc/c116834/202410/a29382e11a674da3be3353af65f9fcc5.shtml"",""attachment_url"":""https://www.xjhc.gov.cn/xjhc/c116834/202410/a29382e11a674da3be3353af65f9fcc5/files/0536cef86e2b46ddad6aae5a3780089e.xls"",""local_source_file"":""2025_guokao_zhaokaojianzhang.xls"",""local_source_sha256"":""07ae6cab368cd21b7a1ac3e8150fe9a3d39ad5171ce76135ff3cccfe50c3e77e"",""source_sheet"":""中央国家行政机关省级以下直属机构"",""filter_version"":""government_tech_v2"",""tech_filter"":{""is_tech"":true,""is_core_tech"":true,""scope"":""core"",""categories"":[""computer_software""],""matched_fields"":[""major"",""description""],""major_terms"":[""数字媒体技术"",""物联网工程"",""空间信息与数字技术"",""计算机类""],""role_terms"":[""信息科技"",""信息系统"",""软硬件""],""reason"":""tech_major_and_role""},""original"":{""部门代码"":""132116"",""部门名称"":""国家金融监督管理总局河南监管局"",""用人司局"":""国家金融监督管理总局临颍监管支局"",""机构性质"":""中央国家行政机关省级以下直属机构"",""招考职位"":""统计信息部门一级主任科员及以下"",""职位属性"":""金融监管计算机类职位"",""职位分布"":""其他职位"",""职位简介"":""主要从事金融信息科技风险监管、电子设备软硬件管理及信息系统运行维护等工作"",""职位代码"":""300147425001"",""机构层级"":""县（区）级及以下"",""考试类别"":""市（地）级及以下直属机构综合管理类"",""招考人数"":""2"",""专业"":""计算机类（不含物联网工程、数字媒体技术、空间信息与数字技术、新媒体技术、电影制作）"",""学历"":""仅限本科"",""学位"":""学士"",""政治面貌"":""不限"",""基层工作最低年限"":""无限制"",""服务基层项目工作经历"":""无限制"",""是否在面试阶段组织专业能力测试"":""否"",""面试人员比例"":""3:1"",""工作地点"":""河南省漯河市临颍县"",""落户地点"":""河南省漯河市临颍县"",""备注"":""1.报名时请在专业栏中同时填写专业名称和专业代码；2.要求本科学历大学英语四级成绩425分及以上，请在外语水平栏中注明成绩；3.专业考试信息请参见国家金融监督管理总局2025年度招考公告。"",""部门网站"":""http://www.cbirc.gov.cn/"",""咨询电话1"":""0371-69332008"",""咨询电话2"":""0371-69332927"",""咨询电话3"":"""",""来源Sheet"":""中央国家行政机关省级以下直属机构""}}"
"government_jobs","国家公务员2025招考简章","公务员/事业单位技术岗位","河南省漯河市舞阳县","2026-07-28T09:12:58.310295+00:00","统计信息部门一级主任科员及以下","国家金融监督管理总局河南监管局","","河南省漯河市舞阳县","公务员/事业单位;2025;computer_software;仅限本科;学士;计算机类（不含物联网工程、数字媒体技术、空间信息与数字技术、新媒体技术、电影制作）;市（地）级及以下直属机构综合管理类","用人司局：国家金融监督管理总局舞阳监管支局
职位简介：主要从事金融信息科技风险监管、电子设备软硬件管理及信息系统运行维护等工作
专业要求：计算机类（不含物联网工程、数字媒体技术、空间信息与数字技术、新媒体技术、电影制作）
学历要求：仅限本科
学位要求：学士
政治面貌：不限
基层工作经历：无限制
考试类别：市（地）级及以下直属机构综合管理类
备注：1.报名时请在专业栏中同时填写专业名称和专业代码；2.要求本科学历大学英语四级成绩425分及以上，请在外语水平栏中注明成绩；3.专业考试信息请参见国家金融监督管理总局2025年度招考公告。","https://www.xjhc.gov.cn/xjhc/c116834/202410/a29382e11a674da3be3353af65f9fcc5.shtml#132116-300147426001","2024-10-14","{""dataset_year"":2025,""job_uid"":""GOV-2025-132116-300147426001"",""publisher"":""国家公务员局"",""publication_page"":""https://www.xjhc.gov.cn/xjhc/c116834/202410/a29382e11a674da3be3353af65f9fcc5.shtml"",""attachment_url"":""https://www.xjhc.gov.cn/xjhc/c116834/202410/a29382e11a674da3be3353af65f9fcc5/files/0536cef86e2b46ddad6aae5a3780089e.xls"",""local_source_file"":""2025_guokao_zhaokaojianzhang.xls"",""local_source_sha256"":""07ae6cab368cd21b7a1ac3e8150fe9a3d39ad5171ce76135ff3cccfe50c3e77e"",""source_sheet"":""中央国家行政机关省级以下直属机构"",""filter_version"":""government_tech_v2"",""tech_filter"":{""is_tech"":true,""is_core_tech"":true,""scope"":""core"",""categories"":[""computer_software""],""matched_fields"":[""major"",""description""],""major_terms"":[""数字媒体技术"",""物联网工程"",""空间信息与数字技术"",""计算机类""],""role_terms"":[""信息科技"",""信息系统"",""软硬件""],""reason"":""tech_major_and_role""},""original"":{""部门代码"":""132116"",""部门名称"":""国家金融监督管理总局河南监管局"",""用人司局"":""国家金融监督管理总局舞阳监管支局"",""机构性质"":""中央国家行政机关省级以下直属机构"",""招考职位"":""统计信息部门一级主任科员及以下"",""职位属性"":""金融监管计算机类职位"",""职位分布"":""其他职位"",""职位简介"":""主要从事金融信息科技风险监管、电子设备软硬件管理及信息系统运行维护等工作"",""职位代码"":""300147426001"",""机构层级"":""县（区）级及以下"",""考试类别"":""市（地）级及以下直属机构综合管理类"",""招考人数"":""2"",""专业"":""计算机类（不含物联网工程、数字媒体技术、空间信息与数字技术、新媒体技术、电影制作）"",""学历"":""仅限本科"",""学位"":""学士"",""政治面貌"":""不限"",""基层工作最低年限"":""无限制"",""服务基层项目工作经历"":""无限制"",""是否在面试阶段组织专业能力测试"":""否"",""面试人员比例"":""3:1"",""工作地点"":""河南省漯河市舞阳县"",""落户地点"":""河南省漯河市舞阳县"",""备注"":""1.报名时请在专业栏中同时填写专业名称和专业代码；2.要求本科学历大学英语四级成绩425分及以上，请在外语水平栏中注明成绩；3.专业考试信息请参见国家金融监督管理总局2025年度招考公告。"",""部门网站"":""http://www.cbirc.gov.cn/"",""咨询电话1"":""0371-69332008"",""咨询电话2"":""0371-69332927"",""咨询电话3"":"""",""来源Sheet"":""中央国家行政机关省级以下直属机构""}}"
"government_jobs","国家公务员2025招考简章","公务员/事业单位技术岗位","河南省三门峡市卢氏县","2026-07-28T09:12:58.310295+00:00","统计信息部门一级主任科员及以下","国家金融监督管理总局河南监管局","","河南省三门峡市卢氏县","公务员/事业单位;2025;computer_software;仅限本科;学士;计算机类（不含物联网工程、数字媒体技术、空间信息与数字技术、新媒体技术、电影制作）;市（地）级及以下直属机构综合管理类","用人司局：国家金融监督管理总局卢氏监管支局
职位简介：主要从事金融信息科技风险监管、电子设备软硬件管理及信息系统运行维护等工作
专业要求：计算机类（不含物联网工程、数字媒体技术、空间信息与数字技术、新媒体技术、电影制作）
学历要求：仅限本科
学位要求：学士
政治面貌：不限
基层工作经历：二年
考试类别：市（地）级及以下直属机构综合管理类
备注：1.报名时请在专业栏中同时填写专业名称和专业代码；2.要求本科学历大学英语四级成绩425分及以上，请在外语水平栏中注明成绩；3.请在简历栏中注明服务基层项目相关工作经历；4.专业考试信息请参见国家金融监督管理总局2025年度招考公告。","https://www.xjhc.gov.cn/xjhc/c116834/202410/a29382e11a674da3be3353af65f9fcc5.shtml#132116-300147429001","2024-10-14","{""dataset_year"":2025,""job_uid"":""GOV-2025-132116-300147429001"",""publisher"":""国家公务员局"",""publication_page"":""https://www.xjhc.gov.cn/xjhc/c116834/202410/a29382e11a674da3be3353af65f9fcc5.shtml"",""attachment_url"":""https://www.xjhc.gov.cn/xjhc/c116834/202410/a29382e11a674da3be3353af65f9fcc5/files/0536cef86e2b46ddad6aae5a3780089e.xls"",""local_source_file"":""2025_guokao_zhaokaojianzhang.xls"",""local_source_sha256"":""07ae6cab368cd21b7a1ac3e8150fe9a3d39ad5171ce76135ff3cccfe50c3e77e"",""source_sheet"":""中央国家行政机关省级以下直属机构"",""filter_version"":""government_tech_v2"",""tech_filter"":{""is_tech"":true,""is_core_tech"":true,""scope"":""core"",""categories"":[""computer_software""],""matched_fields"":[""major"",""description""],""major_terms"":[""数字媒体技术"",""物联网工程"",""空间信息与数字技术"",""计算机类""],""role_terms"":[""信息科技"",""信息系统"",""软硬件""],""reason"":""tech_major_and_role""},""original"":{""部门代码"":""132116"",""部门名称"":""国家金融监督管理总局河南监管局"",""用人司局"":""国家金融监督管理总局卢氏监管支局"",""机构性质"":""中央国家行政机关省级以下直属机构"",""招考职位"":""统计信息部门一级主任科员及以下"",""职位属性"":""金融监管计算机类职位"",""职位分布"":""其他职位"",""职位简介"":""主要从事金融信息科技风险监管、电子设备软硬件管理及信息系统运行维护等工作"",""职位代码"":""300147429001"",""机构层级"":""县（区）级及以下"",""考试类别"":""市（地）级及以下直属机构综合管理类"",""招考人数"":""1"",""专业"":""计算机类（不含物联网工程、数字媒体技术、空间信息与数字技术、新媒体技术、电影制作）"",""学历"":""仅限本科"",""学位"":""学士"",""政治面貌"":""不限"",""基层工作最低年限"":""二年"",""服务基层项目工作经历"":""大学生村官、农村义务教育阶段学校教师特设岗位计划、“三支一扶”计划、大学生志愿服务西部计划、在军队服役5年（含）以上的高校毕业生退役士兵"",""是否在面试阶段组织专业能力测试"":""否"",""面试人员比例"":""3:1"",""工作地点"":""河南省三门峡市卢氏县"",""落户地点"":""河南省三门峡市卢氏县"",""备注"":""1.报名时请在专业栏中同时填写专业名称和专业代码；2.要求本科学历大学英语四级成绩425分及以上，请在外语水平栏中注明成绩；3.请在简历栏中注明服务基层项目相关工作经历；4.专业考试信息请参见国家金融监督管理总局2025年度招考公告。"",""部门网站"":""http://www.cbirc.gov.cn/"",""咨询电话1"":""0371-69332008"",""咨询电话2"":""0371-69332927"",""咨询电话3"":"""",""来源Sheet"":""中央国家行政机关省级以下直属机构""}}"
"government_jobs","国家公务员2025招考简章","公务员/事业单位技术岗位","河南省商丘市","2026-07-28T09:12:58.310295+00:00","统计信息部门一级主任科员及以下","国家金融监督管理总局河南监管局","","河南省商丘市","公务员/事业单位;2025;computer_software;仅限本科;学士;计算机类（不含物联网工程、数字媒体技术、空间信息与数字技术、新媒体技术、电影制作）;市（地）级及以下直属机构综合管理类","用人司局：国家金融监督管理总局商丘监管分局
职位简介：主要从事金融信息科技风险监管、电子设备软硬件管理及信息系统运行维护等工作
专业要求：计算机类（不含物联网工程、数字媒体技术、空间信息与数字技术、新媒体技术、电影制作）
学历要求：仅限本科
学位要求：学士
政治面貌：不限
基层工作经历：无限制
考试类别：市（地）级及以下直属机构综合管理类
备注：1.报名时请在专业栏中同时填写专业名称和专业代码；2.限应届高校毕业生报考，请在备注栏中注明本人具有应届高校毕业生身份；3.要求本科学历大学英语四级成绩425分及以上，请在外语水平栏中注明成绩；4.专业考试信息请参见国家金融监督管理总局2025年度招考公告。","https://www.xjhc.gov.cn/xjhc/c116834/202410/a29382e11a674da3be3353af65f9fcc5.shtml#132116-300147435001","2024-10-14","{""dataset_year"":2025,""job_uid"":""GOV-2025-132116-300147435001"",""publisher"":""国家公务员局"",""publication_page"":""https://www.xjhc.gov.cn/xjhc/c116834/202410/a29382e11a674da3be3353af65f9fcc5.shtml"",""attachment_url"":""https://www.xjhc.gov.cn/xjhc/c116834/202410/a29382e11a674da3be3353af65f9fcc5/files/0536cef86e2b46ddad6aae5a3780089e.xls"",""local_source_file"":""2025_guokao_zhaokaojianzhang.xls"",""local_source_sha256"":""07ae6cab368cd21b7a1ac3e8150fe9a3d39ad5171ce76135ff3cccfe50c3e77e"",""source_sheet"":""中央国家行政机关省级以下直属机构"",""filter_version"":""government_tech_v2"",""tech_filter"":{""is_tech"":true,""is_core_tech"":true,""scope"":""core"",""categories"":[""computer_software""],""matched_fields"":[""major"",""description""],""major_terms"":[""数字媒体技术"",""物联网工程"",""空间信息与数字技术"",""计算机类""],""role_terms"":[""信息科技"",""信息系统"",""软硬件""],""reason"":""tech_major_and_role""},""original"":{""部门代码"":""132116"",""部门名称"":""国家金融监督管理总局河南监管局"",""用人司局"":""国家金融监督管理总局商丘监管分局"",""机构性质"":""中央国家行政机关省级以下直属机构"",""招考职位"":""统计信息部门一级主任科员及以下"",""职位属性"":""金融监管计算机类职位"",""职位分布"":""其他职位"",""职位简介"":""主要从事金融信息科技风险监管、电子设备软硬件管理及信息系统运行维护等工作"",""职位代码"":""300147435001"",""机构层级"":""市（地）级"",""考试类别"":""市（地）级及以下直属机构综合管理类"",""招考人数"":""2"",""专业"":""计算机类（不含物联网工程、数字媒体技术、空间信息与数字技术、新媒体技术、电影制作）"",""学历"":""仅限本科"",""学位"":""学士"",""政治面貌"":""不限"",""基层工作最低年限"":""无限制"",""服务基层项目工作经历"":""无限制"",""是否在面试阶段组织专业能力测试"":""否"",""面试人员比例"":""3:1"",""工作地点"":""河南省商丘市"",""落户地点"":""河南省商丘市"",""备注"":""1.报名时请在专业栏中同时填写专业名称和专业代码；2.限应届高校毕业生报考，请在备注栏中注明本人具有应届高校毕业生身份；3.要求本科学历大学英语四级成绩425分及以上，请在外语水平栏中注明成绩；4.专业考试信息请参见国家金融监督管理总局2025年度招考公告。"",""部门网站"":""http://www.cbirc.gov.cn/"",""咨询电话1"":""0371-69332008"",""咨询电话2"":""0371-69332927"",""咨询电话3"":"""",""来源Sheet"":""中央国家行政机关省级以下直属机构""}}"
"government_jobs","国家公务员2025招考简章","公务员/事业单位技术岗位","河南省信阳市淮滨县","2026-07-28T09:12:58.310295+00:00","统计信息部门一级主任科员及以下","国家金融监督管理总局河南监管局","","河南省信阳市淮滨县","公务员/事业单位;2025;computer_software;仅限本科;学士;计算机类（不含物联网工程、数字媒体技术、空间信息与数字技术、新媒体技术、电影制作）;市（地）级及以下直属机构综合管理类","用人司局：国家金融监督管理总局淮滨监管支局
职位简介：主要从事金融信息科技风险监管、电子设备软硬件管理及信息系统运行维护等工作
专业要求：计算机类（不含物联网工程、数字媒体技术、空间信息与数字技术、新媒体技术、电影制作）
学历要求：仅限本科
学位要求：学士
政治面貌：不限
基层工作经历：无限制
考试类别：市（地）级及以下直属机构综合管理类
备注：1.报名时请在专业栏中同时填写专业名称和专业代码；2.限应届高校毕业生报考，请在备注栏中注明本人具有应届高校毕业生身份；3.要求本科学历大学英语四级成绩425分及以上，请在外语水平栏中注明成绩；4.专业考试信息请参见国家金融监督管理总局2025年度招考公告。","https://www.xjhc.gov.cn/xjhc/c116834/202410/a29382e11a674da3be3353af65f9fcc5.shtml#132116-300147444001","2024-10-14","{""dataset_year"":2025,""job_uid"":""GOV-2025-132116-300147444001"",""publisher"":""国家公务员局"",""publication_page"":""https://www.xjhc.gov.cn/xjhc/c116834/202410/a29382e11a674da3be3353af65f9fcc5.shtml"",""attachment_url"":""https://www.xjhc.gov.cn/xjhc/c116834/202410/a29382e11a674da3be3353af65f9fcc5/files/0536cef86e2b46ddad6aae5a3780089e.xls"",""local_source_file"":""2025_guokao_zhaokaojianzhang.xls"",""local_source_sha256"":""07ae6cab368cd21b7a1ac3e8150fe9a3d39ad5171ce76135ff3cccfe50c3e77e"",""source_sheet"":""中央国家行政机关省级以下直属机构"",""filter_version"":""government_tech_v2"",""tech_filter"":{""is_tech"":true,""is_core_tech"":true,""scope"":""core"",""categories"":[""computer_software""],""matched_fields"":[""major"",""description""],""major_terms"":[""数字媒体技术"",""物联网工程"",""空间信息与数字技术"",""计算机类""],""role_terms"":[""信息科技"",""信息系统"",""软硬件""],""reason"":""tech_major_and_role""},""original"":{""部门代码"":""132116"",""部门名称"":""国家金融监督管理总局河南监管局"",""用人司局"":""国家金融监督管理总局淮滨监管支局"",""机构性质"":""中央国家行政机关省级以下直属机构"",""招考职位"":""统计信息部门一级主任科员及以下"",""职位属性"":""金融监管计算机类职位"",""职位分布"":""其他职位"",""职位简介"":""主要从事金融信息科技风险监管、电子设备软硬件管理及信息系统运行维护等工作"",""职位代码"":""300147444001"",""机构层级"":""县（区）级及以下"",""考试类别"":""市（地）级及以下直属机构综合管理类"",""招考人数"":""1"",""专业"":""计算机类（不含物联网工程、数字媒体技术、空间信息与数字技术、新媒体技术、电影制作）"",""学历"":""仅限本科"",""学位"":""学士"",""政治面貌"":""不限"",""基层工作最低年限"":""无限制"",""服务基层项目工作经历"":""无限制"",""是否在面试阶段组织专业能力测试"":""否"",""面试人员比例"":""3:1"",""工作地点"":""河南省信阳市淮滨县"",""落户地点"":""河南省信阳市淮滨县"",""备注"":""1.报名时请在专业栏中同时填写专业名称和专业代码；2.限应届高校毕业生报考，请在备注栏中注明本人具有应届高校毕业生身份；3.要求本科学历大学英语四级成绩425分及以上，请在外语水平栏中注明成绩；4.专业考试信息请参见国家金融监督管理总局2025年度招考公告。"",""部门网站"":""http://www.cbirc.gov.cn/"",""咨询电话1"":""0371-69332008"",""咨询电话2"":""0371-69332927"",""咨询电话3"":"""",""来源Sheet"":""中央国家行政机关省级以下直属机构""}}"
"government_jobs","国家公务员2025招考简章","公务员/事业单位技术岗位","河南省信阳市商城县","2026-07-28T09:12:58.310295+00:00","统计信息部门一级主任科员及以下","国家金融监督管理总局河南监管局","","河南省信阳市商城县","公务员/事业单位;2025;computer_software;仅限本科;学士;计算机类（不含物联网工程、数字媒体技术、空间信息与数字技术、新媒体技术、电影制作）;市（地）级及以下直属机构综合管理类","用人司局：国家金融监督管理总局商城监管支局
职位简介：主要从事金融信息科技风险监管、电子设备软硬件管理及信息系统运行维护等工作
专业要求：计算机类（不含物联网工程、数字媒体技术、空间信息与数字技术、新媒体技术、电影制作）
学历要求：仅限本科
学位要求：学士
政治面貌：不限
基层工作经历：无限制
考试类别：市（地）级及以下直属机构综合管理类
备注：1.报名时请在专业栏中同时填写专业名称和专业代码；2.限应届高校毕业生报考，请在备注栏中注明本人具有应届高校毕业生身份；3.要求本科学历大学英语四级成绩425分及以上，请在外语水平栏中注明成绩；4.专业考试信息请参见国家金融监督管理总局2025年度招考公告。","https://www.xjhc.gov.cn/xjhc/c116834/202410/a29382e11a674da3be3353af65f9fcc5.shtml#132116-300147445001","2024-10-14","{""dataset_year"":2025,""job_uid"":""GOV-2025-132116-300147445001"",""publisher"":""国家公务员局"",""publication_page"":""https://www.xjhc.gov.cn/xjhc/c116834/202410/a29382e11a674da3be3353af65f9fcc5.shtml"",""attachment_url"":""https://www.xjhc.gov.cn/xjhc/c116834/202410/a29382e11a674da3be3353af65f9fcc5/files/0536cef86e2b46ddad6aae5a3780089e.xls"",""local_source_file"":""2025_guokao_zhaokaojianzhang.xls"",""local_source_sha256"":""07ae6cab368cd21b7a1ac3e8150fe9a3d39ad5171ce76135ff3cccfe50c3e77e"",""source_sheet"":""中央国家行政机关省级以下直属机构"",""filter_version"":""government_tech_v2"",""tech_filter"":{""is_tech"":true,""is_core_tech"":true,""scope"":""core"",""categories"":[""computer_software""],""matched_fields"":[""major"",""description""],""major_terms"":[""数字媒体技术"",""物联网工程"",""空间信息与数字技术"",""计算机类""],""role_terms"":[""信息科技"",""信息系统"",""软硬件""],""reason"":""tech_major_and_role""},""original"":{""部门代码"":""132116"",""部门名称"":""国家金融监督管理总局河南监管局"",""用人司局"":""国家金融监督管理总局商城监管支局"",""机构性质"":""中央国家行政机关省级以下直属机构"",""招考职位"":""统计信息部门一级主任科员及以下"",""职位属性"":""金融监管计算机类职位"",""职位分布"":""其他职位"",""职位简介"":""主要从事金融信息科技风险监管、电子设备软硬件管理及信息系统运行维护等工作"",""职位代码"":""300147445001"",""机构层级"":""县（区）级及以下"",""考试类别"":""市（地）级及以下直属机构综合管理类"",""招考人数"":""1"",""专业"":""计算机类（不含物联网工程、数字媒体技术、空间信息与数字技术、新媒体技术、电影制作）"",""学历"":""仅限本科"",""学位"":""学士"",""政治面貌"":""不限"",""基层工作最低年限"":""无限制"",""服务基层项目工作经历"":""无限制"",""是否在面试阶段组织专业能力测试"":""否"",""面试人员比例"":""3:1"",""工作地点"":""河南省信阳市商城县"",""落户地点"":""河南省信阳市商城县"",""备注"":""1.报名时请在专业栏中同时填写专业名称和专业代码；2.限应届高校毕业生报考，请在备注栏中注明本人具有应届高校毕业生身份；3.要求本科学历大学英语四级成绩425分及以上，请在外语水平栏中注明成绩；4.专业考试信息请参见国家金融监督管理总局2025年度招考公告。"",""部门网站"":""http://www.cbirc.gov.cn/"",""咨询电话1"":""0371-69332008"",""咨询电话2"":""0371-69332927"",""咨询电话3"":"""",""来源Sheet"":""中央国家行政机关省级以下直属机构""}}"
"government_jobs","国家公务员2025招考简章","公务员/事业单位技术岗位","河南省驻马店市正阳县","2026-07-28T09:12:58.310295+00:00","统计信息部门一级主任科员及以下","国家金融监督管理总局河南监管局","","河南省驻马店市正阳县","公务员/事业单位;2025;computer_software;仅限本科;学士;计算机类（不含物联网工程、数字媒体技术、空间信息与数字技术、新媒体技术、电影制作）;市（地）级及以下直属机构综合管理类","用人司局：国家金融监督管理总局正阳监管支局
职位简介：主要从事金融信息科技风险监管、电子设备软硬件管理及信息系统运行维护等工作
专业要求：计算机类（不含物联网工程、数字媒体技术、空间信息与数字技术、新媒体技术、电影制作）
学历要求：仅限本科
学位要求：学士
政治面貌：不限
基层工作经历：二年
考试类别：市（地）级及以下直属机构综合管理类
备注：1.报名时请在专业栏中同时填写专业名称和专业代码；2.要求本科学历大学英语四级成绩425分及以上，请在外语水平栏中注明成绩；3.请在简历栏中注明服务基层项目相关工作经历；4.专业考试信息请参见国家金融监督管理总局2025年度招考公告。","https://www.xjhc.gov.cn/xjhc/c116834/202410/a29382e11a674da3be3353af65f9fcc5.shtml#132116-300147451001","2024-10-14","{""dataset_year"":2025,""job_uid"":""GOV-2025-132116-300147451001"",""publisher"":""国家公务员局"",""publication_page"":""https://www.xjhc.gov.cn/xjhc/c116834/202410/a29382e11a674da3be3353af65f9fcc5.shtml"",""attachment_url"":""https://www.xjhc.gov.cn/xjhc/c116834/202410/a29382e11a674da3be3353af65f9fcc5/files/0536cef86e2b46ddad6aae5a3780089e.xls"",""local_source_file"":""2025_guokao_zhaokaojianzhang.xls"",""local_source_sha256"":""07ae6cab368cd21b7a1ac3e8150fe9a3d39ad5171ce76135ff3cccfe50c3e77e"",""source_sheet"":""中央国家行政机关省级以下直属机构"",""filter_version"":""government_tech_v2"",""tech_filter"":{""is_tech"":true,""is_core_tech"":true,""scope"":""core"",""categories"":[""computer_software""],""matched_fields"":[""major"",""description""],""major_terms"":[""数字媒体技术"",""物联网工程"",""空间信息与数字技术"",""计算机类""],""role_terms"":[""信息科技"",""信息系统"",""软硬件""],""reason"":""tech_major_and_role""},""original"":{""部门代码"":""132116"",""部门名称"":""国家金融监督管理总局河南监管局"",""用人司局"":""国家金融监督管理总局正阳监管支局"",""机构性质"":""中央国家行政机关省级以下直属机构"",""招考职位"":""统计信息部门一级主任科员及以下"",""职位属性"":""金融监管计算机类职位"",""职位分布"":""其他职位"",""职位简介"":""主要从事金融信息科技风险监管、电子设备软硬件管理及信息系统运行维护等工作"",""职位代码"":""300147451001"",""机构层级"":""县（区）级及以下"",""考试类别"":""市（地）级及以下直属机构综合管理类"",""招考人数"":""1"",""专业"":""计算机类（不含物联网工程、数字媒体技术、空间信息与数字技术、新媒体技术、电影制作）"",""学历"":""仅限本科"",""学位"":""学士"",""政治面貌"":""不限"",""基层工作最低年限"":""二年"",""服务基层项目工作经历"":""大学生村官、农村义务教育阶段学校教师特设岗位计划、“三支一扶”计划、大学生志愿服务西部计划、在军队服役5年（含）以上的高校毕业生退役士兵"",""是否在面试阶段组织专业能力测试"":""否"",""面试人员比例"":""3:1"",""工作地点"":""河南省驻马店市正阳县"",""落户地点"":""河南省驻马店市正阳县"",""备注"":""1.报名时请在专业栏中同时填写专业名称和专业代码；2.要求本科学历大学英语四级成绩425分及以上，请在外语水平栏中注明成绩；3.请在简历栏中注明服务基层项目相关工作经历；4.专业考试信息请参见国家金融监督管理总局2025年度招考公告。"",""部门网站"":""http://www.cbirc.gov.cn/"",""咨询电话1"":""0371-69332008"",""咨询电话2"":""0371-69332927"",""咨询电话3"":"""",""来源Sheet"":""中央国家行政机关省级以下直属机构""}}"
"government_jobs","国家公务员2025招考简章","公务员/事业单位技术岗位","湖北省武汉市","2026-07-28T09:12:58.310295+00:00","统计信息部门一级主任科员及以下","国家金融监督管理总局湖北监管局","","湖北省武汉市","公务员/事业单位;2025;computer_software;cybersecurity_cryptography;硕士研究生及以上;与最高学历相对应的学位;计算机科学与技术（专业代码0812）、软件工程（专业代码0835）、网络空间安全（专业代码0839）;中央机关及其省级直属机构综合管理类","用人司局：国家金融监督管理总局湖北监管局
职位简介：主要从事金融信息科技风险监管、电子设备软硬件管理及信息系统运行维护等工作
专业要求：计算机科学与技术（专业代码0812）、软件工程（专业代码0835）、网络空间安全（专业代码0839）
学历要求：硕士研究生及以上
学位要求：与最高学历相对应的学位
政治面貌：不限
基层工作经历：二年
考试类别：中央机关及其省级直属机构综合管理类
备注：1.报名时请在专业栏中同时填写专业名称和专业代码；2.要求研究生学历大学英语六级成绩425分及以上，请在外语水平栏中注明成绩；3.要求有2年以上基层工作经历，请在简历栏中注明相关经历；4.专业考试信息请参见国家金融监督管理总局2025年度招考公告。","https://www.xjhc.gov.cn/xjhc/c116834/202410/a29382e11a674da3be3353af65f9fcc5.shtml#132117-300147453001","2024-10-14","{""dataset_year"":2025,""job_uid"":""GOV-2025-132117-300147453001"",""publisher"":""国家公务员局"",""publication_page"":""https://www.xjhc.gov.cn/xjhc/c116834/202410/a29382e11a674da3be3353af65f9fcc5.shtml"",""attachment_url"":""https://www.xjhc.gov.cn/xjhc/c116834/202410/a29382e11a674da3be3353af65f9fcc5/files/0536cef86e2b46ddad6aae5a3780089e.xls"",""local_source_file"":""2025_guokao_zhaokaojianzhang.xls"",""local_source_sha256"":""07ae6cab368cd21b7a1ac3e8150fe9a3d39ad5171ce76135ff3cccfe50c3e77e"",""source_sheet"":""中央国家行政机关省级以下直属机构"",""filter_version"":""government_tech_v2"",""tech_filter"":{""is_tech"":true,""is_core_tech"":true,""scope"":""core"",""categories"":[""computer_software"",""cybersecurity_cryptography""],""matched_fields"":[""major"",""description""],""major_terms"":[""网络空间安全"",""计算机科学与技术"",""软件工程""],""role_terms"":[""信息科技"",""信息系统"",""软硬件""],""reason"":""tech_major_and_role""},""original"":{""部门代码"":""132117"",""部门名称"":""国家金融监督管理总局湖北监管局"",""用人司局"":""国家金融监督管理总局湖北监管局"",""机构性质"":""中央国家行政机关省级以下直属机构"",""招考职位"":""统计信息部门一级主任科员及以下"",""职位属性"":""金融监管计算机类职位"",""职位分布"":""其他职位"",""职位简介"":""主要从事金融信息科技风险监管、电子设备软硬件管理及信息系统运行维护等工作"",""职位代码"":""300147453001"",""机构层级"":""省（副省）级"",""考试类别"":""中央机关及其省级直属机构综合管理类"",""招考人数"":""3"",""专业"":""计算机科学与技术（专业代码0812）、软件工程（专业代码0835）、网络空间安全（专业代码0839）"",""学历"":""硕士研究生及以上"",""学位"":""与最高学历相对应的学位"",""政治面貌"":""不限"",""基层工作最低年限"":""二年"",""服务基层项目工作经历"":""无限制"",""是否在面试阶段组织专业能力测试"":""否"",""面试人员比例"":""4:1"",""工作地点"":""湖北省武汉市"",""落户地点"":""湖北省武汉市"",""备注"":""1.报名时请在专业栏中同时填写专业名称和专业代码；2.要求研究生学历大学英语六级成绩425分及以上，请在外语水平栏中注明成绩；3.要求有2年以上基层工作经历，请在简历栏中注明相关经历；4.专业考试信息请参见国家金融监督管理总局2025年度招考公告。"",""部门网站"":""http://www.cbirc.gov.cn/"",""咨询电话1"":""027-85565208"",""咨询电话2"":""027-87050052"",""咨询电话3"":""027-85565061"",""来源Sheet"":""中央国家行政机关省级以下直属机构""}}"
"government_jobs","国家公务员2025招考简章","公务员/事业单位技术岗位","湖北省天门市","2026-07-28T09:12:58.310295+00:00","统计信息部门一级主任科员及以下","国家金融监督管理总局湖北监管局","","湖北省天门市","公务员/事业单位;2025;computer_software;cybersecurity_cryptography;本科及以上;与最高学历相对应的学位;本科：计算机类（专业代码0809）；研究生：计算机科学与技术（专业代码0812）、软件工程（专业代码0835）、网络空间安全（专业代码0839）;市（地）级及以下直属机构综合管理类","用人司局：国家金融监督管理总局天门监管支局
职位简介：主要从事金融信息科技风险监管、电子设备软硬件管理及信息系统运行维护等工作
专业要求：本科：计算机类（专业代码0809）；研究生：计算机科学与技术（专业代码0812）、软件工程（专业代码0835）、网络空间安全（专业代码0839）
学历要求：本科及以上
学位要求：与最高学历相对应的学位
政治面貌：不限
基层工作经历：无限制
考试类别：市（地）级及以下直属机构综合管理类
备注：1.报名时请在专业栏中同时填写专业名称和专业代码；2.专业考试信息请参见国家金融监督管理总局2025年度招考公告。","https://www.xjhc.gov.cn/xjhc/c116834/202410/a29382e11a674da3be3353af65f9fcc5.shtml#132117-300147457001","2024-10-14","{""dataset_year"":2025,""job_uid"":""GOV-2025-132117-300147457001"",""publisher"":""国家公务员局"",""publication_page"":""https://www.xjhc.gov.cn/xjhc/c116834/202410/a29382e11a674da3be3353af65f9fcc5.shtml"",""attachment_url"":""https://www.xjhc.gov.cn/xjhc/c116834/202410/a29382e11a674da3be3353af65f9fcc5/files/0536cef86e2b46ddad6aae5a3780089e.xls"",""local_source_file"":""2025_guokao_zhaokaojianzhang.xls"",""local_source_sha256"":""07ae6cab368cd21b7a1ac3e8150fe9a3d39ad5171ce76135ff3cccfe50c3e77e"",""source_sheet"":""中央国家行政机关省级以下直属机构"",""filter_version"":""government_tech_v2"",""tech_filter"":{""is_tech"":true,""is_core_tech"":true,""scope"":""core"",""categories"":[""computer_software"",""cybersecurity_cryptography""],""matched_fields"":[""major"",""description""],""major_terms"":[""网络空间安全"",""计算机科学与技术"",""计算机类"",""软件工程""],""role_terms"":[""信息科技"",""信息系统"",""软硬件""],""reason"":""tech_major_and_role""},""original"":{""部门代码"":""132117"",""部门名称"":""国家金融监督管理总局湖北监管局"",""用人司局"":""国家金融监督管理总局天门监管支局"",""机构性质"":""中央国家行政机关省级以下直属机构"",""招考职位"":""统计信息部门一级主任科员及以下"",""职位属性"":""金融监管计算机类职位"",""职位分布"":""其他职位"",""职位简介"":""主要从事金融信息科技风险监管、电子设备软硬件管理及信息系统运行维护等工作"",""职位代码"":""300147457001"",""机构层级"":""县（区）级及以下"",""考试类别"":""市（地）级及以下直属机构综合管理类"",""招考人数"":""1"",""专业"":""本科：计算机类（专业代码0809）；研究生：计算机科学与技术（专业代码0812）、软件工程（专业代码0835）、网络空间安全（专业代码0839）"",""学历"":""本科及以上"",""学位"":""与最高学历相对应的学位"",""政治面貌"":""不限"",""基层工作最低年限"":""无限制"",""服务基层项目工作经历"":""无限制"",""是否在面试阶段组织专业能力测试"":""否"",""面试人员比例"":""3:1"",""工作地点"":""湖北省天门市"",""落户地点"":""湖北省天门市"",""备注"":""1.报名时请在专业栏中同时填写专业名称和专业代码；2.专业考试信息请参见国家金融监督管理总局2025年度招考公告。"",""部门网站"":""http://www.cbirc.gov.cn/"",""咨询电话1"":""027-85565208"",""咨询电话2"":""027-87050052"",""咨询电话3"":""027-85565061"",""来源Sheet"":""中央国家行政机关省级以下直属机构""}}"
"government_jobs","国家公务员2025招考简章","公务员/事业单位技术岗位","湖北省神农架林区","2026-07-28T09:12:58.310295+00:00","统计信息部门一级主任科员及以下","国家金融监督管理总局湖北监管局","","湖北省神农架林区","公务员/事业单位;2025;computer_software;cybersecurity_cryptography;本科及以上;与最高学历相对应的学位;本科：计算机类（专业代码0809）；研究生：计算机科学与技术（专业代码0812）、软件工程（专业代码0835）、网络空间安全（专业代码0839）;市（地）级及以下直属机构综合管理类","用人司局：国家金融监督管理总局神农架监管支局
职位简介：主要从事金融信息科技风险监管、电子设备软硬件管理及信息系统运行维护等工作
专业要求：本科：计算机类（专业代码0809）；研究生：计算机科学与技术（专业代码0812）、软件工程（专业代码0835）、网络空间安全（专业代码0839）
学历要求：本科及以上
学位要求：与最高学历相对应的学位
政治面貌：不限
基层工作经历：无限制
考试类别：市（地）级及以下直属机构综合管理类
备注：1.报名时请在专业栏中同时填写专业名称和专业代码；2.专业考试信息请参见国家金融监督管理总局2025年度招考公告。","https://www.xjhc.gov.cn/xjhc/c116834/202410/a29382e11a674da3be3353af65f9fcc5.shtml#132117-300147458001","2024-10-14","{""dataset_year"":2025,""job_uid"":""GOV-2025-132117-300147458001"",""publisher"":""国家公务员局"",""publication_page"":""https://www.xjhc.gov.cn/xjhc/c116834/202410/a29382e11a674da3be3353af65f9fcc5.shtml"",""attachment_url"":""https://www.xjhc.gov.cn/xjhc/c116834/202410/a29382e11a674da3be3353af65f9fcc5/files/0536cef86e2b46ddad6aae5a3780089e.xls"",""local_source_file"":""2025_guokao_zhaokaojianzhang.xls"",""local_source_sha256"":""07ae6cab368cd21b7a1ac3e8150fe9a3d39ad5171ce76135ff3cccfe50c3e77e"",""source_sheet"":""中央国家行政机关省级以下直属机构"",""filter_version"":""government_tech_v2"",""tech_filter"":{""is_tech"":true,""is_core_tech"":true,""scope"":""core"",""categories"":[""computer_software"",""cybersecurity_cryptography""],""matched_fields"":[""major"",""description""],""major_terms"":[""网络空间安全"",""计算机科学与技术"",""计算机类"",""软件工程""],""role_terms"":[""信息科技"",""信息系统"",""软硬件""],""reason"":""tech_major_and_role""},""original"":{""部门代码"":""132117"",""部门名称"":""国家金融监督管理总局湖北监管局"",""用人司局"":""国家金融监督管理总局神农架监管支局"",""机构性质"":""中央国家行政机关省级以下直属机构"",""招考职位"":""统计信息部门一级主任科员及以下"",""职位属性"":""金融监管计算机类职位"",""职位分布"":""其他职位"",""职位简介"":""主要从事金融信息科技风险监管、电子设备软硬件管理及信息系统运行维护等工作"",""职位代码"":""300147458001"",""机构层级"":""县（区）级及以下"",""考试类别"":""市（地）级及以下直属机构综合管理类"",""招考人数"":""1"",""专业"":""本科：计算机类（专业代码0809）；研究生：计算机科学与技术（专业代码0812）、软件工程（专业代码0835）、网络空间安全（专业代码0839）"",""学历"":""本科及以上"",""学位"":""与最高学历相对应的学位"",""政治面貌"":""不限"",""基层工作最低年限"":""无限制"",""服务基层项目工作经历"":""无限制"",""是否在面试阶段组织专业能力测试"":""否"",""面试人员比例"":""3:1"",""工作地点"":""湖北省神农架林区"",""落户地点"":""湖北省神农架林区"",""备注"":""1.报名时请在专业栏中同时填写专业名称和专业代码；2.专业考试信息请参见国家金融监督管理总局2025年度招考公告。"",""部门网站"":""http://www.cbirc.gov.cn/"",""咨询电话1"":""027-85565208"",""咨询电话2"":""027-87050052"",""咨询电话3"":""027-85565061"",""来源Sheet"":""中央国家行政机关省级以下直属机构""}}"
"government_jobs","国家公务员2025招考简章","公务员/事业单位技术岗位","湖北省十堰市","2026-07-28T09:12:58.310295+00:00","统计信息部门一级主任科员及以下","国家金融监督管理总局湖北监管局","","湖北省十堰市","公务员/事业单位;2025;computer_software;cybersecurity_cryptography;本科及以上;与最高学历相对应的学位;本科：计算机类（专业代码0809）；研究生：计算机科学与技术（专业代码0812）、软件工程（专业代码0835）、网络空间安全（专业代码0839）;市（地）级及以下直属机构综合管理类","用人司局：国家金融监督管理总局十堰监管分局
职位简介：主要从事金融信息科技风险监管、电子设备软硬件管理及信息系统运行维护等工作
专业要求：本科：计算机类（专业代码0809）；研究生：计算机科学与技术（专业代码0812）、软件工程（专业代码0835）、网络空间安全（专业代码0839）
学历要求：本科及以上
学位要求：与最高学历相对应的学位
政治面貌：不限
基层工作经历：无限制
考试类别：市（地）级及以下直属机构综合管理类
备注：1.报名时请在专业栏中同时填写专业名称和专业代码；2.限应届高校毕业生报考，请在备注栏中注明本人具有应届高校毕业生身份；3.要求大学英语四级成绩425分及以上，请在外语水平栏中注明成绩；4.专业考试信息请参见国家金融监督管理总局2025年度招考公告。","https://www.xjhc.gov.cn/xjhc/c116834/202410/a29382e11a674da3be3353af65f9fcc5.shtml#132117-300147460001","2024-10-14","{""dataset_year"":2025,""job_uid"":""GOV-2025-132117-300147460001"",""publisher"":""国家公务员局"",""publication_page"":""https://www.xjhc.gov.cn/xjhc/c116834/202410/a29382e11a674da3be3353af65f9fcc5.shtml"",""attachment_url"":""https://www.xjhc.gov.cn/xjhc/c116834/202410/a29382e11a674da3be3353af65f9fcc5/files/0536cef86e2b46ddad6aae5a3780089e.xls"",""local_source_file"":""2025_guokao_zhaokaojianzhang.xls"",""local_source_sha256"":""07ae6cab368cd21b7a1ac3e8150fe9a3d39ad5171ce76135ff3cccfe50c3e77e"",""source_sheet"":""中央国家行政机关省级以下直属机构"",""filter_version"":""government_tech_v2"",""tech_filter"":{""is_tech"":true,""is_core_tech"":true,""scope"":""core"",""categories"":[""computer_software"",""cybersecurity_cryptography""],""matched_fields"":[""major"",""description""],""major_terms"":[""网络空间安全"",""计算机科学与技术"",""计算机类"",""软件工程""],""role_terms"":[""信息科技"",""信息系统"",""软硬件""],""reason"":""tech_major_and_role""},""original"":{""部门代码"":""132117"",""部门名称"":""国家金融监督管理总局湖北监管局"",""用人司局"":""国家金融监督管理总局十堰监管分局"",""机构性质"":""中央国家行政机关省级以下直属机构"",""招考职位"":""统计信息部门一级主任科员及以下"",""职位属性"":""金融监管计算机类职位"",""职位分布"":""其他职位"",""职位简介"":""主要从事金融信息科技风险监管、电子设备软硬件管理及信息系统运行维护等工作"",""职位代码"":""300147460001"",""机构层级"":""市（地）级"",""考试类别"":""市（地）级及以下直属机构综合管理类"",""招考人数"":""1"",""专业"":""本科：计算机类（专业代码0809）；研究生：计算机科学与技术（专业代码0812）、软件工程（专业代码0835）、网络空间安全（专业代码0839）"",""学历"":""本科及以上"",""学位"":""与最高学历相对应的学位"",""政治面貌"":""不限"",""基层工作最低年限"":""无限制"",""服务基层项目工作经历"":""无限制"",""是否在面试阶段组织专业能力测试"":""否"",""面试人员比例"":""3:1"",""工作地点"":""湖北省十堰市"",""落户地点"":""湖北省十堰市"",""备注"":""1.报名时请在专业栏中同时填写专业名称和专业代码；2.限应届高校毕业生报考，请在备注栏中注明本人具有应届高校毕业生身份；3.要求大学英语四级成绩425分及以上，请在外语水平栏中注明成绩；4.专业考试信息请参见国家金融监督管理总局2025年度招考公告。"",""部门网站"":""http://www.cbirc.gov.cn/"",""咨询电话1"":""027-85565208"",""咨询电话2"":""027-87050052"",""咨询电话3"":""027-85565061"",""来源Sheet"":""中央国家行政机关省级以下直属机构""}}"
"government_jobs","国家公务员2025招考简章","公务员/事业单位技术岗位","湖北省十堰市郧阳区","2026-07-28T09:12:58.310295+00:00","统计信息部门一级主任科员及以下","国家金融监督管理总局湖北监管局","","湖北省十堰市郧阳区","公务员/事业单位;2025;computer_software;仅限本科;学士;计算机类（专业代码0809）;市（地）级及以下直属机构综合管理类","用人司局：国家金融监督管理总局郧阳监管支局
职位简介：主要从事金融信息科技风险监管、电子设备软硬件管理及信息系统运行维护等工作
专业要求：计算机类（专业代码0809）
学历要求：仅限本科
学位要求：学士
政治面貌：不限
基层工作经历：无限制
考试类别：市（地）级及以下直属机构综合管理类
备注：1.报名时请在专业栏中同时填写专业名称和专业代码；2.限应届高校毕业生报考，请在备注栏中注明本人具有应届高校毕业生身份；3.专业考试信息请参见国家金融监督管理总局2025年度招考公告。","https://www.xjhc.gov.cn/xjhc/c116834/202410/a29382e11a674da3be3353af65f9fcc5.shtml#132117-300147461001","2024-10-14","{""dataset_year"":2025,""job_uid"":""GOV-2025-132117-300147461001"",""publisher"":""国家公务员局"",""publication_page"":""https://www.xjhc.gov.cn/xjhc/c116834/202410/a29382e11a674da3be3353af65f9fcc5.shtml"",""attachment_url"":""https://www.xjhc.gov.cn/xjhc/c116834/202410/a29382e11a674da3be3353af65f9fcc5/files/0536cef86e2b46ddad6aae5a3780089e.xls"",""local_source_file"":""2025_guokao_zhaokaojianzhang.xls"",""local_source_sha256"":""07ae6cab368cd21b7a1ac3e8150fe9a3d39ad5171ce76135ff3cccfe50c3e77e"",""source_sheet"":""中央国家行政机关省级以下直属机构"",""filter_version"":""government_tech_v2"",""tech_filter"":{""is_tech"":true,""is_core_tech"":true,""scope"":""core"",""categories"":[""computer_software""],""matched_fields"":[""major"",""description""],""major_terms"":[""计算机类""],""role_terms"":[""信息科技"",""信息系统"",""软硬件""],""reason"":""tech_major_and_role""},""original"":{""部门代码"":""132117"",""部门名称"":""国家金融监督管理总局湖北监管局"",""用人司局"":""国家金融监督管理总局郧阳监管支局"",""机构性质"":""中央国家行政机关省级以下直属机构"",""招考职位"":""统计信息部门一级主任科员及以下"",""职位属性"":""金融监管计算机类职位"",""职位分布"":""其他职位"",""职位简介"":""主要从事金融信息科技风险监管、电子设备软硬件管理及信息系统运行维护等工作"",""职位代码"":""300147461001"",""机构层级"":""县（区）级及以下"",""考试类别"":""市（地）级及以下直属机构综合管理类"",""招考人数"":""1"",""专业"":""计算机类（专业代码0809）"",""学历"":""仅限本科"",""学位"":""学士"",""政治面貌"":""不限"",""基层工作最低年限"":""无限制"",""服务基层项目工作经历"":""无限制"",""是否在面试阶段组织专业能力测试"":""否"",""面试人员比例"":""3:1"",""工作地点"":""湖北省十堰市郧阳区"",""落户地点"":""湖北省十堰市郧阳区"",""备注"":""1.报名时请在专业栏中同时填写专业名称和专业代码；2.限应届高校毕业生报考，请在备注栏中注明本人具有应届高校毕业生身份；3.专业考试信息请参见国家金融监督管理总局2025年度招考公告。"",""部门网站"":""http://www.cbirc.gov.cn/"",""咨询电话1"":""027-85565208"",""咨询电话2"":""027-87050052"",""咨询电话3"":""027-85565061"",""来源Sheet"":""中央国家行政机关省级以下直属机构""}}"
"government_jobs","国家公务员2025招考简章","公务员/事业单位技术岗位","湖北省十堰市竹山县","2026-07-28T09:12:58.310295+00:00","统计信息部门一级主任科员及以下","国家金融监督管理总局湖北监管局","","湖北省十堰市竹山县","公务员/事业单位;2025;computer_software;仅限本科;学士;计算机类（专业代码0809）;市（地）级及以下直属机构综合管理类","用人司局：国家金融监督管理总局竹山监管支局
职位简介：主要从事金融信息科技风险监管、电子设备软硬件管理及信息系统运行维护等工作
专业要求：计算机类（专业代码0809）
学历要求：仅限本科
学位要求：学士
政治面貌：不限
基层工作经历：无限制
考试类别：市（地）级及以下直属机构综合管理类
备注：1.报名时请在专业栏中同时填写专业名称和专业代码；2.专业考试信息请参见国家金融监督管理总局2025年度招考公告。","https://www.xjhc.gov.cn/xjhc/c116834/202410/a29382e11a674da3be3353af65f9fcc5.shtml#132117-300147462001","2024-10-14","{""dataset_year"":2025,""job_uid"":""GOV-2025-132117-300147462001"",""publisher"":""国家公务员局"",""publication_page"":""https://www.xjhc.gov.cn/xjhc/c116834/202410/a29382e11a674da3be3353af65f9fcc5.shtml"",""attachment_url"":""https://www.xjhc.gov.cn/xjhc/c116834/202410/a29382e11a674da3be3353af65f9fcc5/files/0536cef86e2b46ddad6aae5a3780089e.xls"",""local_source_file"":""2025_guokao_zhaokaojianzhang.xls"",""local_source_sha256"":""07ae6cab368cd21b7a1ac3e8150fe9a3d39ad5171ce76135ff3cccfe50c3e77e"",""source_sheet"":""中央国家行政机关省级以下直属机构"",""filter_version"":""government_tech_v2"",""tech_filter"":{""is_tech"":true,""is_core_tech"":true,""scope"":""core"",""categories"":[""computer_software""],""matched_fields"":[""major"",""description""],""major_terms"":[""计算机类""],""role_terms"":[""信息科技"",""信息系统"",""软硬件""],""reason"":""tech_major_and_role""},""original"":{""部门代码"":""132117"",""部门名称"":""国家金融监督管理总局湖北监管局"",""用人司局"":""国家金融监督管理总局竹山监管支局"",""机构性质"":""中央国家行政机关省级以下直属机构"",""招考职位"":""统计信息部门一级主任科员及以下"",""职位属性"":""金融监管计算机类职位"",""职位分布"":""其他职位"",""职位简介"":""主要从事金融信息科技风险监管、电子设备软硬件管理及信息系统运行维护等工作"",""职位代码"":""300147462001"",""机构层级"":""县（区）级及以下"",""考试类别"":""市（地）级及以下直属机构综合管理类"",""招考人数"":""1"",""专业"":""计算机类（专业代码0809）"",""学历"":""仅限本科"",""学位"":""学士"",""政治面貌"":""不限"",""基层工作最低年限"":""无限制"",""服务基层项目工作经历"":""无限制"",""是否在面试阶段组织专业能力测试"":""否"",""面试人员比例"":""3:1"",""工作地点"":""湖北省十堰市竹山县"",""落户地点"":""湖北省十堰市竹山县"",""备注"":""1.报名时请在专业栏中同时填写专业名称和专业代码；2.专业考试信息请参见国家金融监督管理总局2025年度招考公告。"",""部门网站"":""http://www.cbirc.gov.cn/"",""咨询电话1"":""027-85565208"",""咨询电话2"":""027-87050052"",""咨询电话3"":""027-85565061"",""来源Sheet"":""中央国家行政机关省级以下直属机构""}}"
"government_jobs","国家公务员2025招考简章","公务员/事业单位技术岗位","湖北省十堰市竹山县","2026-07-28T09:12:58.310295+00:00","统计信息部门一级主任科员及以下","国家金融监督管理总局湖北监管局","","湖北省十堰市竹山县","公务员/事业单位;2025;computer_software;仅限本科;学士;计算机类（专业代码0809）;市（地）级及以下直属机构综合管理类","用人司局：国家金融监督管理总局竹山监管支局
职位简介：主要从事金融信息科技风险监管、电子设备软硬件管理及信息系统运行维护等工作
专业要求：计算机类（专业代码0809）
学历要求：仅限本科
学位要求：学士
政治面貌：不限
基层工作经历：二年
考试类别：市（地）级及以下直属机构综合管理类
备注：1.报名时请在专业栏中同时填写专业名称和专业代码；2.请在简历栏中注明服务基层项目相关工作经历；3.专业考试信息请参见国家金融监督管理总局2025年度招考公告。","https://www.xjhc.gov.cn/xjhc/c116834/202410/a29382e11a674da3be3353af65f9fcc5.shtml#132117-300147462002","2024-10-14","{""dataset_year"":2025,""job_uid"":""GOV-2025-132117-300147462002"",""publisher"":""国家公务员局"",""publication_page"":""https://www.xjhc.gov.cn/xjhc/c116834/202410/a29382e11a674da3be3353af65f9fcc5.shtml"",""attachment_url"":""https://www.xjhc.gov.cn/xjhc/c116834/202410/a29382e11a674da3be3353af65f9fcc5/files/0536cef86e2b46ddad6aae5a3780089e.xls"",""local_source_file"":""2025_guokao_zhaokaojianzhang.xls"",""local_source_sha256"":""07ae6cab368cd21b7a1ac3e8150fe9a3d39ad5171ce76135ff3cccfe50c3e77e"",""source_sheet"":""中央国家行政机关省级以下直属机构"",""filter_version"":""government_tech_v2"",""tech_filter"":{""is_tech"":true,""is_core_tech"":true,""scope"":""core"",""categories"":[""computer_software""],""matched_fields"":[""major"",""description""],""major_terms"":[""计算机类""],""role_terms"":[""信息科技"",""信息系统"",""软硬件""],""reason"":""tech_major_and_role""},""original"":{""部门代码"":""132117"",""部门名称"":""国家金融监督管理总局湖北监管局"",""用人司局"":""国家金融监督管理总局竹山监管支局"",""机构性质"":""中央国家行政机关省级以下直属机构"",""招考职位"":""统计信息部门一级主任科员及以下"",""职位属性"":""金融监管计算机类职位"",""职位分布"":""其他职位"",""职位简介"":""主要从事金融信息科技风险监管、电子设备软硬件管理及信息系统运行维护等工作"",""职位代码"":""300147462002"",""机构层级"":""县（区）级及以下"",""考试类别"":""市（地）级及以下直属机构综合管理类"",""招考人数"":""1"",""专业"":""计算机类（专业代码0809）"",""学历"":""仅限本科"",""学位"":""学士"",""政治面貌"":""不限"",""基层工作最低年限"":""二年"",""服务基层项目工作经历"":""大学生村官、农村义务教育阶段学校教师特设岗位计划、“三支一扶”计划、大学生志愿服务西部计划"",""是否在面试阶段组织专业能力测试"":""否"",""面试人员比例"":""3:1"",""工作地点"":""湖北省十堰市竹山县"",""落户地点"":""湖北省十堰市竹山县"",""备注"":""1.报名时请在专业栏中同时填写专业名称和专业代码；2.请在简历栏中注明服务基层项目相关工作经历；3.专业考试信息请参见国家金融监督管理总局2025年度招考公告。"",""部门网站"":""http://www.cbirc.gov.cn/"",""咨询电话1"":""027-85565208"",""咨询电话2"":""027-87050052"",""咨询电话3"":""027-85565061"",""来源Sheet"":""中央国家行政机关省级以下直属机构""}}"
"government_jobs","国家公务员2025招考简章","公务员/事业单位技术岗位","湖北省十堰市房县","2026-07-28T09:12:58.310295+00:00","统计信息部门一级主任科员及以下","国家金融监督管理总局湖北监管局","","湖北省十堰市房县","公务员/事业单位;2025;computer_software;仅限本科;学士;计算机类（专业代码0809）;市（地）级及以下直属机构综合管理类","用人司局：国家金融监督管理总局房县监管支局
职位简介：主要从事金融信息科技风险监管、电子设备软硬件管理及信息系统运行维护等工作
专业要求：计算机类（专业代码0809）
学历要求：仅限本科
学位要求：学士
政治面貌：不限
基层工作经历：无限制
考试类别：市（地）级及以下直属机构综合管理类
备注：1.报名时请在专业栏中同时填写专业名称和专业代码；2.限应届高校毕业生报考，请在备注栏中注明本人具有应届高校毕业生身份；3.专业考试信息请参见国家金融监督管理总局2025年度招考公告。","https://www.xjhc.gov.cn/xjhc/c116834/202410/a29382e11a674da3be3353af65f9fcc5.shtml#132117-300147464001","2024-10-14","{""dataset_year"":2025,""job_uid"":""GOV-2025-132117-300147464001"",""publisher"":""国家公务员局"",""publication_page"":""https://www.xjhc.gov.cn/xjhc/c116834/202410/a29382e11a674da3be3353af65f9fcc5.shtml"",""attachment_url"":""https://www.xjhc.gov.cn/xjhc/c116834/202410/a29382e11a674da3be3353af65f9fcc5/files/0536cef86e2b46ddad6aae5a3780089e.xls"",""local_source_file"":""2025_guokao_zhaokaojianzhang.xls"",""local_source_sha256"":""07ae6cab368cd21b7a1ac3e8150fe9a3d39ad5171ce76135ff3cccfe50c3e77e"",""source_sheet"":""中央国家行政机关省级以下直属机构"",""filter_version"":""government_tech_v2"",""tech_filter"":{""is_tech"":true,""is_core_tech"":true,""scope"":""core"",""categories"":[""computer_software""],""matched_fields"":[""major"",""description""],""major_terms"":[""计算机类""],""role_terms"":[""信息科技"",""信息系统"",""软硬件""],""reason"":""tech_major_and_role""},""original"":{""部门代码"":""132117"",""部门名称"":""国家金融监督管理总局湖北监管局"",""用人司局"":""国家金融监督管理总局房县监管支局"",""机构性质"":""中央国家行政机关省级以下直属机构"",""招考职位"":""统计信息部门一级主任科员及以下"",""职位属性"":""金融监管计算机类职位"",""职位分布"":""其他职位"",""职位简介"":""主要从事金融信息科技风险监管、电子设备软硬件管理及信息系统运行维护等工作"",""职位代码"":""300147464001"",""机构层级"":""县（区）级及以下"",""考试类别"":""市（地）级及以下直属机构综合管理类"",""招考人数"":""1"",""专业"":""计算机类（专业代码0809）"",""学历"":""仅限本科"",""学位"":""学士"",""政治面貌"":""不限"",""基层工作最低年限"":""无限制"",""服务基层项目工作经历"":""无限制"",""是否在面试阶段组织专业能力测试"":""否"",""面试人员比例"":""3:1"",""工作地点"":""湖北省十堰市房县"",""落户地点"":""湖北省十堰市房县"",""备注"":""1.报名时请在专业栏中同时填写专业名称和专业代码；2.限应届高校毕业生报考，请在备注栏中注明本人具有应届高校毕业生身份；3.专业考试信息请参见国家金融监督管理总局2025年度招考公告。"",""部门网站"":""http://www.cbirc.gov.cn/"",""咨询电话1"":""027-85565208"",""咨询电话2"":""027-87050052"",""咨询电话3"":""027-85565061"",""来源Sheet"":""中央国家行政机关省级以下直属机构""}}"
"government_jobs","国家公务员2025招考简章","公务员/事业单位技术岗位","湖北省宜昌市","2026-07-28T09:12:58.310295+00:00","统计信息部门一级主任科员及以下","国家金融监督管理总局湖北监管局","","湖北省宜昌市","公务员/事业单位;2025;computer_software;cybersecurity_cryptography;本科及以上;与最高学历相对应的学位;本科：计算机类（专业代码0809）；研究生：计算机科学与技术（专业代码0812）、软件工程（专业代码0835）、网络空间安全（专业代码0839）;市（地）级及以下直属机构综合管理类","用人司局：国家金融监督管理总局宜昌监管分局
职位简介：主要从事金融信息科技风险监管、电子设备软硬件管理及信息系统运行维护等工作
专业要求：本科：计算机类（专业代码0809）；研究生：计算机科学与技术（专业代码0812）、软件工程（专业代码0835）、网络空间安全（专业代码0839）
学历要求：本科及以上
学位要求：与最高学历相对应的学位
政治面貌：不限
基层工作经历：无限制
考试类别：市（地）级及以下直属机构综合管理类
备注：1.报名时请在专业栏中同时填写专业名称和专业代码；2.限应届高校毕业生报考，请在备注栏中注明本人具有应届高校毕业生身份；3.要求大学英语四级成绩425分及以上，请在外语水平栏中注明成绩；4.专业考试信息请参见国家金融监督管理总局2025年度招考公告。","https://www.xjhc.gov.cn/xjhc/c116834/202410/a29382e11a674da3be3353af65f9fcc5.shtml#132117-300147465001","2024-10-14","{""dataset_year"":2025,""job_uid"":""GOV-2025-132117-300147465001"",""publisher"":""国家公务员局"",""publication_page"":""https://www.xjhc.gov.cn/xjhc/c116834/202410/a29382e11a674da3be3353af65f9fcc5.shtml"",""attachment_url"":""https://www.xjhc.gov.cn/xjhc/c116834/202410/a29382e11a674da3be3353af65f9fcc5/files/0536cef86e2b46ddad6aae5a3780089e.xls"",""local_source_file"":""2025_guokao_zhaokaojianzhang.xls"",""local_source_sha256"":""07ae6cab368cd21b7a1ac3e8150fe9a3d39ad5171ce76135ff3cccfe50c3e77e"",""source_sheet"":""中央国家行政机关省级以下直属机构"",""filter_version"":""government_tech_v2"",""tech_filter"":{""is_tech"":true,""is_core_tech"":true,""scope"":""core"",""categories"":[""computer_software"",""cybersecurity_cryptography""],""matched_fields"":[""major"",""description""],""major_terms"":[""网络空间安全"",""计算机科学与技术"",""计算机类"",""软件工程""],""role_terms"":[""信息科技"",""信息系统"",""软硬件""],""reason"":""tech_major_and_role""},""original"":{""部门代码"":""132117"",""部门名称"":""国家金融监督管理总局湖北监管局"",""用人司局"":""国家金融监督管理总局宜昌监管分局"",""机构性质"":""中央国家行政机关省级以下直属机构"",""招考职位"":""统计信息部门一级主任科员及以下"",""职位属性"":""金融监管计算机类职位"",""职位分布"":""其他职位"",""职位简介"":""主要从事金融信息科技风险监管、电子设备软硬件管理及信息系统运行维护等工作"",""职位代码"":""300147465001"",""机构层级"":""市（地）级"",""考试类别"":""市（地）级及以下直属机构综合管理类"",""招考人数"":""1"",""专业"":""本科：计算机类（专业代码0809）；研究生：计算机科学与技术（专业代码0812）、软件工程（专业代码0835）、网络空间安全（专业代码0839）"",""学历"":""本科及以上"",""学位"":""与最高学历相对应的学位"",""政治面貌"":""不限"",""基层工作最低年限"":""无限制"",""服务基层项目工作经历"":""无限制"",""是否在面试阶段组织专业能力测试"":""否"",""面试人员比例"":""3:1"",""工作地点"":""湖北省宜昌市"",""落户地点"":""湖北省宜昌市"",""备注"":""1.报名时请在专业栏中同时填写专业名称和专业代码；2.限应届高校毕业生报考，请在备注栏中注明本人具有应届高校毕业生身份；3.要求大学英语四级成绩425分及以上，请在外语水平栏中注明成绩；4.专业考试信息请参见国家金融监督管理总局2025年度招考公告。"",""部门网站"":""http://www.cbirc.gov.cn/"",""咨询电话1"":""027-85565208"",""咨询电话2"":""027-87050052"",""咨询电话3"":""027-85565061"",""来源Sheet"":""中央国家行政机关省级以下直属机构""}}"
"government_jobs","国家公务员2025招考简章","公务员/事业单位技术岗位","湖北省宜昌市长阳土家族自治县","2026-07-28T09:12:58.310295+00:00","统计信息部门一级主任科员及以下","国家金融监督管理总局湖北监管局","","湖北省宜昌市长阳土家族自治县","公务员/事业单位;2025;computer_software;cybersecurity_cryptography;本科及以上;与最高学历相对应的学位;本科：计算机类（专业代码0809）；研究生：计算机科学与技术（专业代码0812）、软件工程（专业代码0835）、网络空间安全（专业代码0839）;市（地）级及以下直属机构综合管理类","用人司局：国家金融监督管理总局长阳监管支局
职位简介：主要从事金融信息科技风险监管、电子设备软硬件管理及信息系统运行维护等工作
专业要求：本科：计算机类（专业代码0809）；研究生：计算机科学与技术（专业代码0812）、软件工程（专业代码0835）、网络空间安全（专业代码0839）
学历要求：本科及以上
学位要求：与最高学历相对应的学位
政治面貌：不限
基层工作经历：无限制
考试类别：市（地）级及以下直属机构综合管理类
备注：1.报名时请在专业栏中同时填写专业名称和专业代码；2.限应届高校毕业生报考，请在备注栏中注明本人具有应届高校毕业生身份；3.专业考试信息请参见国家金融监督管理总局2025年度招考公告。","https://www.xjhc.gov.cn/xjhc/c116834/202410/a29382e11a674da3be3353af65f9fcc5.shtml#132117-300147466001","2024-10-14","{""dataset_year"":2025,""job_uid"":""GOV-2025-132117-300147466001"",""publisher"":""国家公务员局"",""publication_page"":""https://www.xjhc.gov.cn/xjhc/c116834/202410/a29382e11a674da3be3353af65f9fcc5.shtml"",""attachment_url"":""https://www.xjhc.gov.cn/xjhc/c116834/202410/a29382e11a674da3be3353af65f9fcc5/files/0536cef86e2b46ddad6aae5a3780089e.xls"",""local_source_file"":""2025_guokao_zhaokaojianzhang.xls"",""local_source_sha256"":""07ae6cab368cd21b7a1ac3e8150fe9a3d39ad5171ce76135ff3cccfe50c3e77e"",""source_sheet"":""中央国家行政机关省级以下直属机构"",""filter_version"":""government_tech_v2"",""tech_filter"":{""is_tech"":true,""is_core_tech"":true,""scope"":""core"",""categories"":[""computer_software"",""cybersecurity_cryptography""],""matched_fields"":[""major"",""description""],""major_terms"":[""网络空间安全"",""计算机科学与技术"",""计算机类"",""软件工程""],""role_terms"":[""信息科技"",""信息系统"",""软硬件""],""reason"":""tech_major_and_role""},""original"":{""部门代码"":""132117"",""部门名称"":""国家金融监督管理总局湖北监管局"",""用人司局"":""国家金融监督管理总局长阳监管支局"",""机构性质"":""中央国家行政机关省级以下直属机构"",""招考职位"":""统计信息部门一级主任科员及以下"",""职位属性"":""金融监管计算机类职位"",""职位分布"":""其他职位"",""职位简介"":""主要从事金融信息科技风险监管、电子设备软硬件管理及信息系统运行维护等工作"",""职位代码"":""300147466001"",""机构层级"":""县（区）级及以下"",""考试类别"":""市（地）级及以下直属机构综合管理类"",""招考人数"":""1"",""专业"":""本科：计算机类（专业代码0809）；研究生：计算机科学与技术（专业代码0812）、软件工程（专业代码0835）、网络空间安全（专业代码0839）"",""学历"":""本科及以上"",""学位"":""与最高学历相对应的学位"",""政治面貌"":""不限"",""基层工作最低年限"":""无限制"",""服务基层项目工作经历"":""无限制"",""是否在面试阶段组织专业能力测试"":""否"",""面试人员比例"":""3:1"",""工作地点"":""湖北省宜昌市长阳土家族自治县"",""落户地点"":""湖北省宜昌市长阳土家族自治县"",""备注"":""1.报名时请在专业栏中同时填写专业名称和专业代码；2.限应届高校毕业生报考，请在备注栏中注明本人具有应届高校毕业生身份；3.专业考试信息请参见国家金融监督管理总局2025年度招考公告。"",""部门网站"":""http://www.cbirc.gov.cn/"",""咨询电话1"":""027-85565208"",""咨询电话2"":""027-87050052"",""咨询电话3"":""027-85565061"",""来源Sheet"":""中央国家行政机关省级以下直属机构""}}"
"government_jobs","国家公务员2025招考简章","公务员/事业单位技术岗位","湖北省宜昌市枝江市","2026-07-28T09:12:58.310295+00:00","统计信息部门一级主任科员及以下","国家金融监督管理总局湖北监管局","","湖北省宜昌市枝江市","公务员/事业单位;2025;computer_software;cybersecurity_cryptography;本科及以上;与最高学历相对应的学位;本科：计算机类（专业代码0809）；研究生：计算机科学与技术（专业代码0812）、软件工程（专业代码0835）、网络空间安全（专业代码0839）;市（地）级及以下直属机构综合管理类","用人司局：国家金融监督管理总局枝江监管支局
职位简介：主要从事金融信息科技风险监管、电子设备软硬件管理及信息系统运行维护等工作
专业要求：本科：计算机类（专业代码0809）；研究生：计算机科学与技术（专业代码0812）、软件工程（专业代码0835）、网络空间安全（专业代码0839）
学历要求：本科及以上
学位要求：与最高学历相对应的学位
政治面貌：不限
基层工作经历：无限制
考试类别：市（地）级及以下直属机构综合管理类
备注：1.报名时请在专业栏中同时填写专业名称和专业代码；2.限应届高校毕业生报考，请在备注栏中注明本人具有应届高校毕业生身份；3.专业考试信息请参见国家金融监督管理总局2025年度招考公告。","https://www.xjhc.gov.cn/xjhc/c116834/202410/a29382e11a674da3be3353af65f9fcc5.shtml#132117-300147467001","2024-10-14","{""dataset_year"":2025,""job_uid"":""GOV-2025-132117-300147467001"",""publisher"":""国家公务员局"",""publication_page"":""https://www.xjhc.gov.cn/xjhc/c116834/202410/a29382e11a674da3be3353af65f9fcc5.shtml"",""attachment_url"":""https://www.xjhc.gov.cn/xjhc/c116834/202410/a29382e11a674da3be3353af65f9fcc5/files/0536cef86e2b46ddad6aae5a3780089e.xls"",""local_source_file"":""2025_guokao_zhaokaojianzhang.xls"",""local_source_sha256"":""07ae6cab368cd21b7a1ac3e8150fe9a3d39ad5171ce76135ff3cccfe50c3e77e"",""source_sheet"":""中央国家行政机关省级以下直属机构"",""filter_version"":""government_tech_v2"",""tech_filter"":{""is_tech"":true,""is_core_tech"":true,""scope"":""core"",""categories"":[""computer_software"",""cybersecurity_cryptography""],""matched_fields"":[""major"",""description""],""major_terms"":[""网络空间安全"",""计算机科学与技术"",""计算机类"",""软件工程""],""role_terms"":[""信息科技"",""信息系统"",""软硬件""],""reason"":""tech_major_and_role""},""original"":{""部门代码"":""132117"",""部门名称"":""国家金融监督管理总局湖北监管局"",""用人司局"":""国家金融监督管理总局枝江监管支局"",""机构性质"":""中央国家行政机关省级以下直属机构"",""招考职位"":""统计信息部门一级主任科员及以下"",""职位属性"":""金融监管计算机类职位"",""职位分布"":""其他职位"",""职位简介"":""主要从事金融信息科技风险监管、电子设备软硬件管理及信息系统运行维护等工作"",""职位代码"":""300147467001"",""机构层级"":""县（区）级及以下"",""考试类别"":""市（地）级及以下直属机构综合管理类"",""招考人数"":""1"",""专业"":""本科：计算机类（专业代码0809）；研究生：计算机科学与技术（专业代码0812）、软件工程（专业代码0835）、网络空间安全（专业代码0839）"",""学历"":""本科及以上"",""学位"":""与最高学历相对应的学位"",""政治面貌"":""不限"",""基层工作最低年限"":""无限制"",""服务基层项目工作经历"":""无限制"",""是否在面试阶段组织专业能力测试"":""否"",""面试人员比例"":""3:1"",""工作地点"":""湖北省宜昌市枝江市"",""落户地点"":""湖北省宜昌市枝江市"",""备注"":""1.报名时请在专业栏中同时填写专业名称和专业代码；2.限应届高校毕业生报考，请在备注栏中注明本人具有应届高校毕业生身份；3.专业考试信息请参见国家金融监督管理总局2025年度招考公告。"",""部门网站"":""http://www.cbirc.gov.cn/"",""咨询电话1"":""027-85565208"",""咨询电话2"":""027-87050052"",""咨询电话3"":""027-85565061"",""来源Sheet"":""中央国家行政机关省级以下直属机构""}}"
"government_jobs","国家公务员2025招考简章","公务员/事业单位技术岗位","湖北省宜昌市当阳市","2026-07-28T09:12:58.310295+00:00","统计信息部门一级主任科员及以下","国家金融监督管理总局湖北监管局","","湖北省宜昌市当阳市","公务员/事业单位;2025;computer_software;cybersecurity_cryptography;本科及以上;与最高学历相对应的学位;本科：计算机类（专业代码0809）；研究生：计算机科学与技术（专业代码0812）、软件工程（专业代码0835）、网络空间安全（专业代码0839）;市（地）级及以下直属机构综合管理类","用人司局：国家金融监督管理总局当阳监管支局
职位简介：主要从事金融信息科技风险监管、电子设备软硬件管理及信息系统运行维护等工作
专业要求：本科：计算机类（专业代码0809）；研究生：计算机科学与技术（专业代码0812）、软件工程（专业代码0835）、网络空间安全（专业代码0839）
学历要求：本科及以上
学位要求：与最高学历相对应的学位
政治面貌：不限
基层工作经历：无限制
考试类别：市（地）级及以下直属机构综合管理类
备注：1.报名时请在专业栏中同时填写专业名称和专业代码；2.限应届高校毕业生报考，请在备注栏中注明本人具有应届高校毕业生身份；3.专业考试信息请参见国家金融监督管理总局2025年度招考公告。","https://www.xjhc.gov.cn/xjhc/c116834/202410/a29382e11a674da3be3353af65f9fcc5.shtml#132117-300147468001","2024-10-14","{""dataset_year"":2025,""job_uid"":""GOV-2025-132117-300147468001"",""publisher"":""国家公务员局"",""publication_page"":""https://www.xjhc.gov.cn/xjhc/c116834/202410/a29382e11a674da3be3353af65f9fcc5.shtml"",""attachment_url"":""https://www.xjhc.gov.cn/xjhc/c116834/202410/a29382e11a674da3be3353af65f9fcc5/files/0536cef86e2b46ddad6aae5a3780089e.xls"",""local_source_file"":""2025_guokao_zhaokaojianzhang.xls"",""local_source_sha256"":""07ae6cab368cd21b7a1ac3e8150fe9a3d39ad5171ce76135ff3cccfe50c3e77e"",""source_sheet"":""中央国家行政机关省级以下直属机构"",""filter_version"":""government_tech_v2"",""tech_filter"":{""is_tech"":true,""is_core_tech"":true,""scope"":""core"",""categories"":[""computer_software"",""cybersecurity_cryptography""],""matched_fields"":[""major"",""description""],""major_terms"":[""网络空间安全"",""计算机科学与技术"",""计算机类"",""软件工程""],""role_terms"":[""信息科技"",""信息系统"",""软硬件""],""reason"":""tech_major_and_role""},""original"":{""部门代码"":""132117"",""部门名称"":""国家金融监督管理总局湖北监管局"",""用人司局"":""国家金融监督管理总局当阳监管支局"",""机构性质"":""中央国家行政机关省级以下直属机构"",""招考职位"":""统计信息部门一级主任科员及以下"",""职位属性"":""金融监管计算机类职位"",""职位分布"":""其他职位"",""职位简介"":""主要从事金融信息科技风险监管、电子设备软硬件管理及信息系统运行维护等工作"",""职位代码"":""300147468001"",""机构层级"":""县（区）级及以下"",""考试类别"":""市（地）级及以下直属机构综合管理类"",""招考人数"":""1"",""专业"":""本科：计算机类（专业代码0809）；研究生：计算机科学与技术（专业代码0812）、软件工程（专业代码0835）、网络空间安全（专业代码0839）"",""学历"":""本科及以上"",""学位"":""与最高学历相对应的学位"",""政治面貌"":""不限"",""基层工作最低年限"":""无限制"",""服务基层项目工作经历"":""无限制"",""是否在面试阶段组织专业能力测试"":""否"",""面试人员比例"":""3:1"",""工作地点"":""湖北省宜昌市当阳市"",""落户地点"":""湖北省宜昌市当阳市"",""备注"":""1.报名时请在专业栏中同时填写专业名称和专业代码；2.限应届高校毕业生报考，请在备注栏中注明本人具有应届高校毕业生身份；3.专业考试信息请参见国家金融监督管理总局2025年度招考公告。"",""部门网站"":""http://www.cbirc.gov.cn/"",""咨询电话1"":""027-85565208"",""咨询电话2"":""027-87050052"",""咨询电话3"":""027-85565061"",""来源Sheet"":""中央国家行政机关省级以下直属机构""}}"
"government_jobs","国家公务员2025招考简章","公务员/事业单位技术岗位","湖北省鄂州市","2026-07-28T09:12:58.310295+00:00","统计信息部门一级主任科员及以下","国家金融监督管理总局湖北监管局","","湖北省鄂州市","公务员/事业单位;2025;computer_software;cybersecurity_cryptography;本科及以上;与最高学历相对应的学位;本科：计算机类（专业代码0809）；研究生：计算机科学与技术（专业代码0812）、软件工程（专业代码0835）、网络空间安全（专业代码0839）;市（地）级及以下直属机构综合管理类","用人司局：国家金融监督管理总局鄂州监管分局
职位简介：主要从事金融信息科技风险监管、电子设备软硬件管理及信息系统运行维护等工作
专业要求：本科：计算机类（专业代码0809）；研究生：计算机科学与技术（专业代码0812）、软件工程（专业代码0835）、网络空间安全（专业代码0839）
学历要求：本科及以上
学位要求：与最高学历相对应的学位
政治面貌：不限
基层工作经历：无限制
考试类别：市（地）级及以下直属机构综合管理类
备注：1.报名时请在专业栏中同时填写专业名称和专业代码；2.限应届高校毕业生报考，请在备注栏中注明本人具有应届高校毕业生身份；3.专业考试信息请参见国家金融监督管理总局2025年度招考公告。","https://www.xjhc.gov.cn/xjhc/c116834/202410/a29382e11a674da3be3353af65f9fcc5.shtml#132117-300147469001","2024-10-14","{""dataset_year"":2025,""job_uid"":""GOV-2025-132117-300147469001"",""publisher"":""国家公务员局"",""publication_page"":""https://www.xjhc.gov.cn/xjhc/c116834/202410/a29382e11a674da3be3353af65f9fcc5.shtml"",""attachment_url"":""https://www.xjhc.gov.cn/xjhc/c116834/202410/a29382e11a674da3be3353af65f9fcc5/files/0536cef86e2b46ddad6aae5a3780089e.xls"",""local_source_file"":""2025_guokao_zhaokaojianzhang.xls"",""local_source_sha256"":""07ae6cab368cd21b7a1ac3e8150fe9a3d39ad5171ce76135ff3cccfe50c3e77e"",""source_sheet"":""中央国家行政机关省级以下直属机构"",""filter_version"":""government_tech_v2"",""tech_filter"":{""is_tech"":true,""is_core_tech"":true,""scope"":""core"",""categories"":[""computer_software"",""cybersecurity_cryptography""],""matched_fields"":[""major"",""description""],""major_terms"":[""网络空间安全"",""计算机科学与技术"",""计算机类"",""软件工程""],""role_terms"":[""信息科技"",""信息系统"",""软硬件""],""reason"":""tech_major_and_role""},""original"":{""部门代码"":""132117"",""部门名称"":""国家金融监督管理总局湖北监管局"",""用人司局"":""国家金融监督管理总局鄂州监管分局"",""机构性质"":""中央国家行政机关省级以下直属机构"",""招考职位"":""统计信息部门一级主任科员及以下"",""职位属性"":""金融监管计算机类职位"",""职位分布"":""其他职位"",""职位简介"":""主要从事金融信息科技风险监管、电子设备软硬件管理及信息系统运行维护等工作"",""职位代码"":""300147469001"",""机构层级"":""市（地）级"",""考试类别"":""市（地）级及以下直属机构综合管理类"",""招考人数"":""1"",""专业"":""本科：计算机类（专业代码0809）；研究生：计算机科学与技术（专业代码0812）、软件工程（专业代码0835）、网络空间安全（专业代码0839）"",""学历"":""本科及以上"",""学位"":""与最高学历相对应的学位"",""政治面貌"":""不限"",""基层工作最低年限"":""无限制"",""服务基层项目工作经历"":""无限制"",""是否在面试阶段组织专业能力测试"":""否"",""面试人员比例"":""3:1"",""工作地点"":""湖北省鄂州市"",""落户地点"":""湖北省鄂州市"",""备注"":""1.报名时请在专业栏中同时填写专业名称和专业代码；2.限应届高校毕业生报考，请在备注栏中注明本人具有应届高校毕业生身份；3.专业考试信息请参见国家金融监督管理总局2025年度招考公告。"",""部门网站"":""http://www.cbirc.gov.cn/"",""咨询电话1"":""027-85565208"",""咨询电话2"":""027-87050052"",""咨询电话3"":""027-85565061"",""来源Sheet"":""中央国家行政机关省级以下直属机构""}}"
"government_jobs","国家公务员2025招考简章","公务员/事业单位技术岗位","湖北省孝感市","2026-07-28T09:12:58.310295+00:00","统计信息部门一级主任科员及以下","国家金融监督管理总局湖北监管局","","湖北省孝感市","公务员/事业单位;2025;computer_software;cybersecurity_cryptography;仅限硕士研究生;硕士;计算机科学与技术（专业代码0812）、软件工程（专业代码0835）、网络空间安全（专业代码0839）;市（地）级及以下直属机构综合管理类","用人司局：国家金融监督管理总局孝感监管分局
职位简介：主要从事金融信息科技风险监管、电子设备软硬件管理及信息系统运行维护等工作
专业要求：计算机科学与技术（专业代码0812）、软件工程（专业代码0835）、网络空间安全（专业代码0839）
学历要求：仅限硕士研究生
学位要求：硕士
政治面貌：不限
基层工作经历：无限制
考试类别：市（地）级及以下直属机构综合管理类
备注：1.报名时请在专业栏中同时填写专业名称和专业代码；2.限应届高校毕业生报考，请在备注栏中注明本人具有应届高校毕业生身份；3.专业考试信息请参见国家金融监督管理总局2025年度招考公告。","https://www.xjhc.gov.cn/xjhc/c116834/202410/a29382e11a674da3be3353af65f9fcc5.shtml#132117-300147474001","2024-10-14","{""dataset_year"":2025,""job_uid"":""GOV-2025-132117-300147474001"",""publisher"":""国家公务员局"",""publication_page"":""https://www.xjhc.gov.cn/xjhc/c116834/202410/a29382e11a674da3be3353af65f9fcc5.shtml"",""attachment_url"":""https://www.xjhc.gov.cn/xjhc/c116834/202410/a29382e11a674da3be3353af65f9fcc5/files/0536cef86e2b46ddad6aae5a3780089e.xls"",""local_source_file"":""2025_guokao_zhaokaojianzhang.xls"",""local_source_sha256"":""07ae6cab368cd21b7a1ac3e8150fe9a3d39ad5171ce76135ff3cccfe50c3e77e"",""source_sheet"":""中央国家行政机关省级以下直属机构"",""filter_version"":""government_tech_v2"",""tech_filter"":{""is_tech"":true,""is_core_tech"":true,""scope"":""core"",""categories"":[""computer_software"",""cybersecurity_cryptography""],""matched_fields"":[""major"",""description""],""major_terms"":[""网络空间安全"",""计算机科学与技术"",""软件工程""],""role_terms"":[""信息科技"",""信息系统"",""软硬件""],""reason"":""tech_major_and_role""},""original"":{""部门代码"":""132117"",""部门名称"":""国家金融监督管理总局湖北监管局"",""用人司局"":""国家金融监督管理总局孝感监管分局"",""机构性质"":""中央国家行政机关省级以下直属机构"",""招考职位"":""统计信息部门一级主任科员及以下"",""职位属性"":""金融监管计算机类职位"",""职位分布"":""其他职位"",""职位简介"":""主要从事金融信息科技风险监管、电子设备软硬件管理及信息系统运行维护等工作"",""职位代码"":""300147474001"",""机构层级"":""市（地）级"",""考试类别"":""市（地）级及以下直属机构综合管理类"",""招考人数"":""1"",""专业"":""计算机科学与技术（专业代码0812）、软件工程（专业代码0835）、网络空间安全（专业代码0839）"",""学历"":""仅限硕士研究生"",""学位"":""硕士"",""政治面貌"":""不限"",""基层工作最低年限"":""无限制"",""服务基层项目工作经历"":""无限制"",""是否在面试阶段组织专业能力测试"":""否"",""面试人员比例"":""3:1"",""工作地点"":""湖北省孝感市"",""落户地点"":""湖北省孝感市"",""备注"":""1.报名时请在专业栏中同时填写专业名称和专业代码；2.限应届高校毕业生报考，请在备注栏中注明本人具有应届高校毕业生身份；3.专业考试信息请参见国家金融监督管理总局2025年度招考公告。"",""部门网站"":""http://www.cbirc.gov.cn/"",""咨询电话1"":""027-85565208"",""咨询电话2"":""027-87050052"",""咨询电话3"":""027-85565061"",""来源Sheet"":""中央国家行政机关省级以下直属机构""}}"
"government_jobs","国家公务员2025招考简章","公务员/事业单位技术岗位","湖北省咸宁市嘉鱼县","2026-07-28T09:12:58.310295+00:00","统计信息部门一级主任科员及以下","国家金融监督管理总局湖北监管局","","湖北省咸宁市嘉鱼县","公务员/事业单位;2025;computer_software;cybersecurity_cryptography;本科及以上;与最高学历相对应的学位;本科：计算机类（专业代码0809）；研究生：计算机科学与技术（专业代码0812）、软件工程（专业代码0835）、网络空间安全（专业代码0839）;市（地）级及以下直属机构综合管理类","用人司局：国家金融监督管理总局嘉鱼监管支局
职位简介：主要从事金融信息科技风险监管、电子设备软硬件管理及信息系统运行维护等工作
专业要求：本科：计算机类（专业代码0809）；研究生：计算机科学与技术（专业代码0812）、软件工程（专业代码0835）、网络空间安全（专业代码0839）
学历要求：本科及以上
学位要求：与最高学历相对应的学位
政治面貌：不限
基层工作经历：无限制
考试类别：市（地）级及以下直属机构综合管理类
备注：1.报名时请在专业栏中同时填写专业名称和专业代码；2.限应届高校毕业生报考，请在备注栏中注明本人具有应届高校毕业生身份；3.专业考试信息请参见国家金融监督管理总局2025年度招考公告。","https://www.xjhc.gov.cn/xjhc/c116834/202410/a29382e11a674da3be3353af65f9fcc5.shtml#132117-300147479001","2024-10-14","{""dataset_year"":2025,""job_uid"":""GOV-2025-132117-300147479001"",""publisher"":""国家公务员局"",""publication_page"":""https://www.xjhc.gov.cn/xjhc/c116834/202410/a29382e11a674da3be3353af65f9fcc5.shtml"",""attachment_url"":""https://www.xjhc.gov.cn/xjhc/c116834/202410/a29382e11a674da3be3353af65f9fcc5/files/0536cef86e2b46ddad6aae5a3780089e.xls"",""local_source_file"":""2025_guokao_zhaokaojianzhang.xls"",""local_source_sha256"":""07ae6cab368cd21b7a1ac3e8150fe9a3d39ad5171ce76135ff3cccfe50c3e77e"",""source_sheet"":""中央国家行政机关省级以下直属机构"",""filter_version"":""government_tech_v2"",""tech_filter"":{""is_tech"":true,""is_core_tech"":true,""scope"":""core"",""categories"":[""computer_software"",""cybersecurity_cryptography""],""matched_fields"":[""major"",""description""],""major_terms"":[""网络空间安全"",""计算机科学与技术"",""计算机类"",""软件工程""],""role_terms"":[""信息科技"",""信息系统"",""软硬件""],""reason"":""tech_major_and_role""},""original"":{""部门代码"":""132117"",""部门名称"":""国家金融监督管理总局湖北监管局"",""用人司局"":""国家金融监督管理总局嘉鱼监管支局"",""机构性质"":""中央国家行政机关省级以下直属机构"",""招考职位"":""统计信息部门一级主任科员及以下"",""职位属性"":""金融监管计算机类职位"",""职位分布"":""其他职位"",""职位简介"":""主要从事金融信息科技风险监管、电子设备软硬件管理及信息系统运行维护等工作"",""职位代码"":""300147479001"",""机构层级"":""县（区）级及以下"",""考试类别"":""市（地）级及以下直属机构综合管理类"",""招考人数"":""1"",""专业"":""本科：计算机类（专业代码0809）；研究生：计算机科学与技术（专业代码0812）、软件工程（专业代码0835）、网络空间安全（专业代码0839）"",""学历"":""本科及以上"",""学位"":""与最高学历相对应的学位"",""政治面貌"":""不限"",""基层工作最低年限"":""无限制"",""服务基层项目工作经历"":""无限制"",""是否在面试阶段组织专业能力测试"":""否"",""面试人员比例"":""3:1"",""工作地点"":""湖北省咸宁市嘉鱼县"",""落户地点"":""湖北省咸宁市嘉鱼县"",""备注"":""1.报名时请在专业栏中同时填写专业名称和专业代码；2.限应届高校毕业生报考，请在备注栏中注明本人具有应届高校毕业生身份；3.专业考试信息请参见国家金融监督管理总局2025年度招考公告。"",""部门网站"":""http://www.cbirc.gov.cn/"",""咨询电话1"":""027-85565208"",""咨询电话2"":""027-87050052"",""咨询电话3"":""027-85565061"",""来源Sheet"":""中央国家行政机关省级以下直属机构""}}"
"government_jobs","国家公务员2025招考简章","公务员/事业单位技术岗位","湖北省咸宁市通城县","2026-07-28T09:12:58.310295+00:00","统计信息部门一级主任科员及以下","国家金融监督管理总局湖北监管局","","湖北省咸宁市通城县","公务员/事业单位;2025;computer_software;cybersecurity_cryptography;本科及以上;与最高学历相对应的学位;本科：计算机类（专业代码0809）；研究生：计算机科学与技术（专业代码0812）、软件工程（专业代码0835）、网络空间安全（专业代码0839）;市（地）级及以下直属机构综合管理类","用人司局：国家金融监督管理总局通城监管支局
职位简介：主要从事金融信息科技风险监管、电子设备软硬件管理及信息系统运行维护等工作
专业要求：本科：计算机类（专业代码0809）；研究生：计算机科学与技术（专业代码0812）、软件工程（专业代码0835）、网络空间安全（专业代码0839）
学历要求：本科及以上
学位要求：与最高学历相对应的学位
政治面貌：不限
基层工作经历：无限制
考试类别：市（地）级及以下直属机构综合管理类
备注：1.报名时请在专业栏中同时填写专业名称和专业代码；2.专业考试信息请参见国家金融监督管理总局2025年度招考公告。","https://www.xjhc.gov.cn/xjhc/c116834/202410/a29382e11a674da3be3353af65f9fcc5.shtml#132117-300147481001","2024-10-14","{""dataset_year"":2025,""job_uid"":""GOV-2025-132117-300147481001"",""publisher"":""国家公务员局"",""publication_page"":""https://www.xjhc.gov.cn/xjhc/c116834/202410/a29382e11a674da3be3353af65f9fcc5.shtml"",""attachment_url"":""https://www.xjhc.gov.cn/xjhc/c116834/202410/a29382e11a674da3be3353af65f9fcc5/files/0536cef86e2b46ddad6aae5a3780089e.xls"",""local_source_file"":""2025_guokao_zhaokaojianzhang.xls"",""local_source_sha256"":""07ae6cab368cd21b7a1ac3e8150fe9a3d39ad5171ce76135ff3cccfe50c3e77e"",""source_sheet"":""中央国家行政机关省级以下直属机构"",""filter_version"":""government_tech_v2"",""tech_filter"":{""is_tech"":true,""is_core_tech"":true,""scope"":""core"",""categories"":[""computer_software"",""cybersecurity_cryptography""],""matched_fields"":[""major"",""description""],""major_terms"":[""网络空间安全"",""计算机科学与技术"",""计算机类"",""软件工程""],""role_terms"":[""信息科技"",""信息系统"",""软硬件""],""reason"":""tech_major_and_role""},""original"":{""部门代码"":""132117"",""部门名称"":""国家金融监督管理总局湖北监管局"",""用人司局"":""国家金融监督管理总局通城监管支局"",""机构性质"":""中央国家行政机关省级以下直属机构"",""招考职位"":""统计信息部门一级主任科员及以下"",""职位属性"":""金融监管计算机类职位"",""职位分布"":""其他职位"",""职位简介"":""主要从事金融信息科技风险监管、电子设备软硬件管理及信息系统运行维护等工作"",""职位代码"":""300147481001"",""机构层级"":""县（区）级及以下"",""考试类别"":""市（地）级及以下直属机构综合管理类"",""招考人数"":""1"",""专业"":""本科：计算机类（专业代码0809）；研究生：计算机科学与技术（专业代码0812）、软件工程（专业代码0835）、网络空间安全（专业代码0839）"",""学历"":""本科及以上"",""学位"":""与最高学历相对应的学位"",""政治面貌"":""不限"",""基层工作最低年限"":""无限制"",""服务基层项目工作经历"":""无限制"",""是否在面试阶段组织专业能力测试"":""否"",""面试人员比例"":""3:1"",""工作地点"":""湖北省咸宁市通城县"",""落户地点"":""湖北省咸宁市通城县"",""备注"":""1.报名时请在专业栏中同时填写专业名称和专业代码；2.专业考试信息请参见国家金融监督管理总局2025年度招考公告。"",""部门网站"":""http://www.cbirc.gov.cn/"",""咨询电话1"":""027-85565208"",""咨询电话2"":""027-87050052"",""咨询电话3"":""027-85565061"",""来源Sheet"":""中央国家行政机关省级以下直属机构""}}"
"government_jobs","国家公务员2025招考简章","公务员/事业单位技术岗位","湖北省恩施土家族苗族自治州咸丰县","2026-07-28T09:12:58.310295+00:00","统计信息部门一级主任科员及以下","国家金融监督管理总局湖北监管局","","湖北省恩施土家族苗族自治州咸丰县","公务员/事业单位;2025;computer_software;cybersecurity_cryptography;本科及以上;与最高学历相对应的学位;本科：计算机类（专业代码0809）；研究生：计算机科学与技术（专业代码0812）、软件工程（专业代码0835）、网络空间安全（专业代码0839）;市（地）级及以下直属机构综合管理类","用人司局：国家金融监督管理总局咸丰监管支局
职位简介：主要从事金融信息科技风险监管、电子设备软硬件管理及信息系统运行维护等工作
专业要求：本科：计算机类（专业代码0809）；研究生：计算机科学与技术（专业代码0812）、软件工程（专业代码0835）、网络空间安全（专业代码0839）
学历要求：本科及以上
学位要求：与最高学历相对应的学位
政治面貌：不限
基层工作经历：无限制
考试类别：市（地）级及以下直属机构综合管理类
备注：1.报名时请在专业栏中同时填写专业名称和专业代码；2.限应届高校毕业生报考，请在备注栏中注明本人具有应届高校毕业生身份；3.专业考试信息请参见国家金融监督管理总局2025年度招考公告。","https://www.xjhc.gov.cn/xjhc/c116834/202410/a29382e11a674da3be3353af65f9fcc5.shtml#132117-300147483001","2024-10-14","{""dataset_year"":2025,""job_uid"":""GOV-2025-132117-300147483001"",""publisher"":""国家公务员局"",""publication_page"":""https://www.xjhc.gov.cn/xjhc/c116834/202410/a29382e11a674da3be3353af65f9fcc5.shtml"",""attachment_url"":""https://www.xjhc.gov.cn/xjhc/c116834/202410/a29382e11a674da3be3353af65f9fcc5/files/0536cef86e2b46ddad6aae5a3780089e.xls"",""local_source_file"":""2025_guokao_zhaokaojianzhang.xls"",""local_source_sha256"":""07ae6cab368cd21b7a1ac3e8150fe9a3d39ad5171ce76135ff3cccfe50c3e77e"",""source_sheet"":""中央国家行政机关省级以下直属机构"",""filter_version"":""government_tech_v2"",""tech_filter"":{""is_tech"":true,""is_core_tech"":true,""scope"":""core"",""categories"":[""computer_software"",""cybersecurity_cryptography""],""matched_fields"":[""major"",""description""],""major_terms"":[""网络空间安全"",""计算机科学与技术"",""计算机类"",""软件工程""],""role_terms"":[""信息科技"",""信息系统"",""软硬件""],""reason"":""tech_major_and_role""},""original"":{""部门代码"":""132117"",""部门名称"":""国家金融监督管理总局湖北监管局"",""用人司局"":""国家金融监督管理总局咸丰监管支局"",""机构性质"":""中央国家行政机关省级以下直属机构"",""招考职位"":""统计信息部门一级主任科员及以下"",""职位属性"":""金融监管计算机类职位"",""职位分布"":""其他职位"",""职位简介"":""主要从事金融信息科技风险监管、电子设备软硬件管理及信息系统运行维护等工作"",""职位代码"":""300147483001"",""机构层级"":""县（区）级及以下"",""考试类别"":""市（地）级及以下直属机构综合管理类"",""招考人数"":""1"",""专业"":""本科：计算机类（专业代码0809）；研究生：计算机科学与技术（专业代码0812）、软件工程（专业代码0835）、网络空间安全（专业代码0839）"",""学历"":""本科及以上"",""学位"":""与最高学历相对应的学位"",""政治面貌"":""不限"",""基层工作最低年限"":""无限制"",""服务基层项目工作经历"":""无限制"",""是否在面试阶段组织专业能力测试"":""否"",""面试人员比例"":""3:1"",""工作地点"":""湖北省恩施土家族苗族自治州咸丰县"",""落户地点"":""湖北省恩施土家族苗族自治州咸丰县"",""备注"":""1.报名时请在专业栏中同时填写专业名称和专业代码；2.限应届高校毕业生报考，请在备注栏中注明本人具有应届高校毕业生身份；3.专业考试信息请参见国家金融监督管理总局2025年度招考公告。"",""部门网站"":""http://www.cbirc.gov.cn/"",""咨询电话1"":""027-85565208"",""咨询电话2"":""027-87050052"",""咨询电话3"":""027-85565061"",""来源Sheet"":""中央国家行政机关省级以下直属机构""}}"
"government_jobs","国家公务员2025招考简章","公务员/事业单位技术岗位","湖北省恩施土家族苗族自治州鹤峰县","2026-07-28T09:12:58.310295+00:00","统计信息部门一级主任科员及以下","国家金融监督管理总局湖北监管局","","湖北省恩施土家族苗族自治州鹤峰县","公务员/事业单位;2025;computer_software;cybersecurity_cryptography;本科及以上;与最高学历相对应的学位;本科：计算机类（专业代码0809）；研究生：计算机科学与技术（专业代码0812）、软件工程（专业代码0835）、网络空间安全（专业代码0839）;市（地）级及以下直属机构综合管理类","用人司局：国家金融监督管理总局鹤峰监管支局
职位简介：主要从事金融信息科技风险监管、电子设备软硬件管理及信息系统运行维护等工作
专业要求：本科：计算机类（专业代码0809）；研究生：计算机科学与技术（专业代码0812）、软件工程（专业代码0835）、网络空间安全（专业代码0839）
学历要求：本科及以上
学位要求：与最高学历相对应的学位
政治面貌：不限
基层工作经历：无限制
考试类别：市（地）级及以下直属机构综合管理类
备注：1.报名时请在专业栏中同时填写专业名称和专业代码；2.限应届高校毕业生报考，请在备注栏中注明本人具有应届高校毕业生身份；3.专业考试信息请参见国家金融监督管理总局2025年度招考公告。","https://www.xjhc.gov.cn/xjhc/c116834/202410/a29382e11a674da3be3353af65f9fcc5.shtml#132117-300147484001","2024-10-14","{""dataset_year"":2025,""job_uid"":""GOV-2025-132117-300147484001"",""publisher"":""国家公务员局"",""publication_page"":""https://www.xjhc.gov.cn/xjhc/c116834/202410/a29382e11a674da3be3353af65f9fcc5.shtml"",""attachment_url"":""https://www.xjhc.gov.cn/xjhc/c116834/202410/a29382e11a674da3be3353af65f9fcc5/files/0536cef86e2b46ddad6aae5a3780089e.xls"",""local_source_file"":""2025_guokao_zhaokaojianzhang.xls"",""local_source_sha256"":""07ae6cab368cd21b7a1ac3e8150fe9a3d39ad5171ce76135ff3cccfe50c3e77e"",""source_sheet"":""中央国家行政机关省级以下直属机构"",""filter_version"":""government_tech_v2"",""tech_filter"":{""is_tech"":true,""is_core_tech"":true,""scope"":""core"",""categories"":[""computer_software"",""cybersecurity_cryptography""],""matched_fields"":[""major"",""description""],""major_terms"":[""网络空间安全"",""计算机科学与技术"",""计算机类"",""软件工程""],""role_terms"":[""信息科技"",""信息系统"",""软硬件""],""reason"":""tech_major_and_role""},""original"":{""部门代码"":""132117"",""部门名称"":""国家金融监督管理总局湖北监管局"",""用人司局"":""国家金融监督管理总局鹤峰监管支局"",""机构性质"":""中央国家行政机关省级以下直属机构"",""招考职位"":""统计信息部门一级主任科员及以下"",""职位属性"":""金融监管计算机类职位"",""职位分布"":""其他职位"",""职位简介"":""主要从事金融信息科技风险监管、电子设备软硬件管理及信息系统运行维护等工作"",""职位代码"":""300147484001"",""机构层级"":""县（区）级及以下"",""考试类别"":""市（地）级及以下直属机构综合管理类"",""招考人数"":""1"",""专业"":""本科：计算机类（专业代码0809）；研究生：计算机科学与技术（专业代码0812）、软件工程（专业代码0835）、网络空间安全（专业代码0839）"",""学历"":""本科及以上"",""学位"":""与最高学历相对应的学位"",""政治面貌"":""不限"",""基层工作最低年限"":""无限制"",""服务基层项目工作经历"":""无限制"",""是否在面试阶段组织专业能力测试"":""否"",""面试人员比例"":""3:1"",""工作地点"":""湖北省恩施土家族苗族自治州鹤峰县"",""落户地点"":""湖北省恩施土家族苗族自治州鹤峰县"",""备注"":""1.报名时请在专业栏中同时填写专业名称和专业代码；2.限应届高校毕业生报考，请在备注栏中注明本人具有应届高校毕业生身份；3.专业考试信息请参见国家金融监督管理总局2025年度招考公告。"",""部门网站"":""http://www.cbirc.gov.cn/"",""咨询电话1"":""027-85565208"",""咨询电话2"":""027-87050052"",""咨询电话3"":""027-85565061"",""来源Sheet"":""中央国家行政机关省级以下直属机构""}}"
"government_jobs","国家公务员2025招考简章","公务员/事业单位技术岗位","湖南省益阳市赫山区","2026-07-28T09:12:58.310295+00:00","统计信息部门一级主任科员及以下","国家金融监督管理总局湖南监管局","","湖南省益阳市赫山区","公务员/事业单位;2025;computer_software;electronics_communication;本科及以上;与最高学历相对应的学位;本科：计算机类（不含物联网工程、数字媒体技术、空间信息与数字技术、新媒体技术、电影制作）；硕士研究生及以上：信息与通信工程、计算机科学与技术;市（地）级及以下直属机构综合管理类","用人司局：国家金融监督管理总局益阳监管分局
职位简介：主要从事金融信息科技风险监管、电子设备软硬件管理及信息系统运行维护等工作
专业要求：本科：计算机类（不含物联网工程、数字媒体技术、空间信息与数字技术、新媒体技术、电影制作）；硕士研究生及以上：信息与通信工程、计算机科学与技术
学历要求：本科及以上
学位要求：与最高学历相对应的学位
政治面貌：不限
基层工作经历：无限制
考试类别：市（地）级及以下直属机构综合管理类
备注：1.报名时请在专业栏中同时填写专业名称和专业代码；2.限应届高校毕业生报考，请在备注栏中注明本人具有应届高校毕业生身份；3.要求本科学历大学英语四级成绩425分及以上，请在外语水平栏中注明成绩；4.专业考试信息请参见国家金融监督管理总局2025年度招考公告。","https://www.xjhc.gov.cn/xjhc/c116834/202410/a29382e11a674da3be3353af65f9fcc5.shtml#132118-300147499001","2024-10-14","{""dataset_year"":2025,""job_uid"":""GOV-2025-132118-300147499001"",""publisher"":""国家公务员局"",""publication_page"":""https://www.xjhc.gov.cn/xjhc/c116834/202410/a29382e11a674da3be3353af65f9fcc5.shtml"",""attachment_url"":""https://www.xjhc.gov.cn/xjhc/c116834/202410/a29382e11a674da3be3353af65f9fcc5/files/0536cef86e2b46ddad6aae5a3780089e.xls"",""local_source_file"":""2025_guokao_zhaokaojianzhang.xls"",""local_source_sha256"":""07ae6cab368cd21b7a1ac3e8150fe9a3d39ad5171ce76135ff3cccfe50c3e77e"",""source_sheet"":""中央国家行政机关省级以下直属机构"",""filter_version"":""government_tech_v2"",""tech_filter"":{""is_tech"":true,""is_core_tech"":true,""scope"":""core"",""categories"":[""computer_software"",""electronics_communication""],""matched_fields"":[""major"",""description""],""major_terms"":[""信息与通信工程"",""数字媒体技术"",""物联网工程"",""空间信息与数字技术"",""计算机科学与技术"",""计算机类"",""通信工程""],""role_terms"":[""信息科技"",""信息系统"",""软硬件""],""reason"":""tech_major_and_role""},""original"":{""部门代码"":""132118"",""部门名称"":""国家金融监督管理总局湖南监管局"",""用人司局"":""国家金融监督管理总局益阳监管分局"",""机构性质"":""中央国家行政机关省级以下直属机构"",""招考职位"":""统计信息部门一级主任科员及以下"",""职位属性"":""金融监管计算机类职位"",""职位分布"":""其他职位"",""职位简介"":""主要从事金融信息科技风险监管、电子设备软硬件管理及信息系统运行维护等工作"",""职位代码"":""300147499001"",""机构层级"":""市（地）级"",""考试类别"":""市（地）级及以下直属机构综合管理类"",""招考人数"":""1"",""专业"":""本科：计算机类（不含物联网工程、数字媒体技术、空间信息与数字技术、新媒体技术、电影制作）；硕士研究生及以上：信息与通信工程、计算机科学与技术"",""学历"":""本科及以上"",""学位"":""与最高学历相对应的学位"",""政治面貌"":""不限"",""基层工作最低年限"":""无限制"",""服务基层项目工作经历"":""无限制"",""是否在面试阶段组织专业能力测试"":""否"",""面试人员比例"":""3:1"",""工作地点"":""湖南省益阳市赫山区"",""落户地点"":""湖南省益阳市赫山区"",""备注"":""1.报名时请在专业栏中同时填写专业名称和专业代码；2.限应届高校毕业生报考，请在备注栏中注明本人具有应届高校毕业生身份；3.要求本科学历大学英语四级成绩425分及以上，请在外语水平栏中注明成绩；4.专业考试信息请参见国家金融监督管理总局2025年度招考公告。"",""部门网站"":""http://www.cbirc.gov.cn/"",""咨询电话1"":""0731-82830698"",""咨询电话2"":""0731-82830426"",""咨询电话3"":"""",""来源Sheet"":""中央国家行政机关省级以下直属机构""}}"
"government_jobs","国家公务员2025招考简章","公务员/事业单位技术岗位","湖南省怀化市鹤城区","2026-07-28T09:12:58.310295+00:00","统计信息部门一级主任科员及以下","国家金融监督管理总局湖南监管局","","湖南省怀化市鹤城区","公务员/事业单位;2025;computer_software;electronics_communication;本科及以上;与最高学历相对应的学位;本科：计算机类（不含物联网工程、数字媒体技术、空间信息与数字技术、新媒体技术、电影制作）；硕士研究生及以上：信息与通信工程、计算机科学与技术;市（地）级及以下直属机构综合管理类","用人司局：国家金融监督管理总局怀化监管分局
职位简介：主要从事金融信息科技风险监管、电子设备软硬件管理及信息系统运行维护等工作
专业要求：本科：计算机类（不含物联网工程、数字媒体技术、空间信息与数字技术、新媒体技术、电影制作）；硕士研究生及以上：信息与通信工程、计算机科学与技术
学历要求：本科及以上
学位要求：与最高学历相对应的学位
政治面貌：不限
基层工作经历：无限制
考试类别：市（地）级及以下直属机构综合管理类
备注：1.报名时请在专业栏中同时填写专业名称和专业代码；2.限应届高校毕业生报考，请在备注栏中注明本人具有应届高校毕业生身份；3.要求本科学历大学英语四级成绩425分及以上，请在外语水平栏中注明成绩；4.专业考试信息请参见国家金融监督管理总局2025年度招考公告。","https://www.xjhc.gov.cn/xjhc/c116834/202410/a29382e11a674da3be3353af65f9fcc5.shtml#132118-300147508001","2024-10-14","{""dataset_year"":2025,""job_uid"":""GOV-2025-132118-300147508001"",""publisher"":""国家公务员局"",""publication_page"":""https://www.xjhc.gov.cn/xjhc/c116834/202410/a29382e11a674da3be3353af65f9fcc5.shtml"",""attachment_url"":""https://www.xjhc.gov.cn/xjhc/c116834/202410/a29382e11a674da3be3353af65f9fcc5/files/0536cef86e2b46ddad6aae5a3780089e.xls"",""local_source_file"":""2025_guokao_zhaokaojianzhang.xls"",""local_source_sha256"":""07ae6cab368cd21b7a1ac3e8150fe9a3d39ad5171ce76135ff3cccfe50c3e77e"",""source_sheet"":""中央国家行政机关省级以下直属机构"",""filter_version"":""government_tech_v2"",""tech_filter"":{""is_tech"":true,""is_core_tech"":true,""scope"":""core"",""categories"":[""computer_software"",""electronics_communication""],""matched_fields"":[""major"",""description""],""major_terms"":[""信息与通信工程"",""数字媒体技术"",""物联网工程"",""空间信息与数字技术"",""计算机科学与技术"",""计算机类"",""通信工程""],""role_terms"":[""信息科技"",""信息系统"",""软硬件""],""reason"":""tech_major_and_role""},""original"":{""部门代码"":""132118"",""部门名称"":""国家金融监督管理总局湖南监管局"",""用人司局"":""国家金融监督管理总局怀化监管分局"",""机构性质"":""中央国家行政机关省级以下直属机构"",""招考职位"":""统计信息部门一级主任科员及以下"",""职位属性"":""金融监管计算机类职位"",""职位分布"":""其他职位"",""职位简介"":""主要从事金融信息科技风险监管、电子设备软硬件管理及信息系统运行维护等工作"",""职位代码"":""300147508001"",""机构层级"":""市（地）级"",""考试类别"":""市（地）级及以下直属机构综合管理类"",""招考人数"":""1"",""专业"":""本科：计算机类（不含物联网工程、数字媒体技术、空间信息与数字技术、新媒体技术、电影制作）；硕士研究生及以上：信息与通信工程、计算机科学与技术"",""学历"":""本科及以上"",""学位"":""与最高学历相对应的学位"",""政治面貌"":""不限"",""基层工作最低年限"":""无限制"",""服务基层项目工作经历"":""无限制"",""是否在面试阶段组织专业能力测试"":""否"",""面试人员比例"":""3:1"",""工作地点"":""湖南省怀化市鹤城区"",""落户地点"":""湖南省怀化市鹤城区"",""备注"":""1.报名时请在专业栏中同时填写专业名称和专业代码；2.限应届高校毕业生报考，请在备注栏中注明本人具有应届高校毕业生身份；3.要求本科学历大学英语四级成绩425分及以上，请在外语水平栏中注明成绩；4.专业考试信息请参见国家金融监督管理总局2025年度招考公告。"",""部门网站"":""http://www.cbirc.gov.cn/"",""咨询电话1"":""0731-82830698"",""咨询电话2"":""0731-82830426"",""咨询电话3"":"""",""来源Sheet"":""中央国家行政机关省级以下直属机构""}}"
"government_jobs","国家公务员2025招考简章","公务员/事业单位技术岗位","湖南省怀化市会同县","2026-07-28T09:12:58.310295+00:00","统计信息部门一级主任科员及以下","国家金融监督管理总局湖南监管局","","湖南省怀化市会同县","公务员/事业单位;2025;computer_software;仅限本科;学士;计算机类（不含物联网工程、数字媒体技术、空间信息与数字技术、新媒体技术、电影制作）;市（地）级及以下直属机构综合管理类","用人司局：国家金融监督管理总局会同监管支局
职位简介：主要从事金融信息科技风险监管、电子设备软硬件管理及信息系统运行维护等工作
专业要求：计算机类（不含物联网工程、数字媒体技术、空间信息与数字技术、新媒体技术、电影制作）
学历要求：仅限本科
学位要求：学士
政治面貌：不限
基层工作经历：无限制
考试类别：市（地）级及以下直属机构综合管理类
备注：1.报名时请在专业栏中同时填写专业名称和专业代码；2.限应届高校毕业生报考，请在备注栏中注明本人具有应届高校毕业生身份；3.要求本科学历大学英语四级成绩425分及以上，请在外语水平栏中注明成绩；4.专业考试信息请参见国家金融监督管理总局2025年度招考公告。","https://www.xjhc.gov.cn/xjhc/c116834/202410/a29382e11a674da3be3353af65f9fcc5.shtml#132118-300147510001","2024-10-14","{""dataset_year"":2025,""job_uid"":""GOV-2025-132118-300147510001"",""publisher"":""国家公务员局"",""publication_page"":""https://www.xjhc.gov.cn/xjhc/c116834/202410/a29382e11a674da3be3353af65f9fcc5.shtml"",""attachment_url"":""https://www.xjhc.gov.cn/xjhc/c116834/202410/a29382e11a674da3be3353af65f9fcc5/files/0536cef86e2b46ddad6aae5a3780089e.xls"",""local_source_file"":""2025_guokao_zhaokaojianzhang.xls"",""local_source_sha256"":""07ae6cab368cd21b7a1ac3e8150fe9a3d39ad5171ce76135ff3cccfe50c3e77e"",""source_sheet"":""中央国家行政机关省级以下直属机构"",""filter_version"":""government_tech_v2"",""tech_filter"":{""is_tech"":true,""is_core_tech"":true,""scope"":""core"",""categories"":[""computer_software""],""matched_fields"":[""major"",""description""],""major_terms"":[""数字媒体技术"",""物联网工程"",""空间信息与数字技术"",""计算机类""],""role_terms"":[""信息科技"",""信息系统"",""软硬件""],""reason"":""tech_major_and_role""},""original"":{""部门代码"":""132118"",""部门名称"":""国家金融监督管理总局湖南监管局"",""用人司局"":""国家金融监督管理总局会同监管支局"",""机构性质"":""中央国家行政机关省级以下直属机构"",""招考职位"":""统计信息部门一级主任科员及以下"",""职位属性"":""金融监管计算机类职位"",""职位分布"":""其他职位"",""职位简介"":""主要从事金融信息科技风险监管、电子设备软硬件管理及信息系统运行维护等工作"",""职位代码"":""300147510001"",""机构层级"":""县（区）级及以下"",""考试类别"":""市（地）级及以下直属机构综合管理类"",""招考人数"":""1"",""专业"":""计算机类（不含物联网工程、数字媒体技术、空间信息与数字技术、新媒体技术、电影制作）"",""学历"":""仅限本科"",""学位"":""学士"",""政治面貌"":""不限"",""基层工作最低年限"":""无限制"",""服务基层项目工作经历"":""无限制"",""是否在面试阶段组织专业能力测试"":""否"",""面试人员比例"":""3:1"",""工作地点"":""湖南省怀化市会同县"",""落户地点"":""湖南省怀化市会同县"",""备注"":""1.报名时请在专业栏中同时填写专业名称和专业代码；2.限应届高校毕业生报考，请在备注栏中注明本人具有应届高校毕业生身份；3.要求本科学历大学英语四级成绩425分及以上，请在外语水平栏中注明成绩；4.专业考试信息请参见国家金融监督管理总局2025年度招考公告。"",""部门网站"":""http://www.cbirc.gov.cn/"",""咨询电话1"":""0731-82830698"",""咨询电话2"":""0731-82830426"",""咨询电话3"":"""",""来源Sheet"":""中央国家行政机关省级以下直属机构""}}"
"government_jobs","国家公务员2025招考简章","公务员/事业单位技术岗位","湖南省怀化市麻阳苗族自治县","2026-07-28T09:12:58.310295+00:00","统计信息部门一级主任科员及以下","国家金融监督管理总局湖南监管局","","湖南省怀化市麻阳苗族自治县","公务员/事业单位;2025;computer_software;仅限本科;学士;计算机类（不含物联网工程、数字媒体技术、空间信息与数字技术、新媒体技术、电影制作）;市（地）级及以下直属机构综合管理类","用人司局：国家金融监督管理总局麻阳监管支局
职位简介：主要从事金融信息科技风险监管、电子设备软硬件管理及信息系统运行维护等工作
专业要求：计算机类（不含物联网工程、数字媒体技术、空间信息与数字技术、新媒体技术、电影制作）
学历要求：仅限本科
学位要求：学士
政治面貌：不限
基层工作经历：无限制
考试类别：市（地）级及以下直属机构综合管理类
备注：1.报名时请在专业栏中同时填写专业名称和专业代码；2.限应届高校毕业生报考，请在备注栏中注明本人具有应届高校毕业生身份；3.要求本科学历大学英语四级成绩425分及以上，请在外语水平栏中注明成绩；4.专业考试信息请参见国家金融监督管理总局2025年度招考公告。","https://www.xjhc.gov.cn/xjhc/c116834/202410/a29382e11a674da3be3353af65f9fcc5.shtml#132118-300147512001","2024-10-14","{""dataset_year"":2025,""job_uid"":""GOV-2025-132118-300147512001"",""publisher"":""国家公务员局"",""publication_page"":""https://www.xjhc.gov.cn/xjhc/c116834/202410/a29382e11a674da3be3353af65f9fcc5.shtml"",""attachment_url"":""https://www.xjhc.gov.cn/xjhc/c116834/202410/a29382e11a674da3be3353af65f9fcc5/files/0536cef86e2b46ddad6aae5a3780089e.xls"",""local_source_file"":""2025_guokao_zhaokaojianzhang.xls"",""local_source_sha256"":""07ae6cab368cd21b7a1ac3e8150fe9a3d39ad5171ce76135ff3cccfe50c3e77e"",""source_sheet"":""中央国家行政机关省级以下直属机构"",""filter_version"":""government_tech_v2"",""tech_filter"":{""is_tech"":true,""is_core_tech"":true,""scope"":""core"",""categories"":[""computer_software""],""matched_fields"":[""major"",""description""],""major_terms"":[""数字媒体技术"",""物联网工程"",""空间信息与数字技术"",""计算机类""],""role_terms"":[""信息科技"",""信息系统"",""软硬件""],""reason"":""tech_major_and_role""},""original"":{""部门代码"":""132118"",""部门名称"":""国家金融监督管理总局湖南监管局"",""用人司局"":""国家金融监督管理总局麻阳监管支局"",""机构性质"":""中央国家行政机关省级以下直属机构"",""招考职位"":""统计信息部门一级主任科员及以下"",""职位属性"":""金融监管计算机类职位"",""职位分布"":""其他职位"",""职位简介"":""主要从事金融信息科技风险监管、电子设备软硬件管理及信息系统运行维护等工作"",""职位代码"":""300147512001"",""机构层级"":""县（区）级及以下"",""考试类别"":""市（地）级及以下直属机构综合管理类"",""招考人数"":""1"",""专业"":""计算机类（不含物联网工程、数字媒体技术、空间信息与数字技术、新媒体技术、电影制作）"",""学历"":""仅限本科"",""学位"":""学士"",""政治面貌"":""不限"",""基层工作最低年限"":""无限制"",""服务基层项目工作经历"":""无限制"",""是否在面试阶段组织专业能力测试"":""否"",""面试人员比例"":""3:1"",""工作地点"":""湖南省怀化市麻阳苗族自治县"",""落户地点"":""湖南省怀化市麻阳苗族自治县"",""备注"":""1.报名时请在专业栏中同时填写专业名称和专业代码；2.限应届高校毕业生报考，请在备注栏中注明本人具有应届高校毕业生身份；3.要求本科学历大学英语四级成绩425分及以上，请在外语水平栏中注明成绩；4.专业考试信息请参见国家金融监督管理总局2025年度招考公告。"",""部门网站"":""http://www.cbirc.gov.cn/"",""咨询电话1"":""0731-82830698"",""咨询电话2"":""0731-82830426"",""咨询电话3"":"""",""来源Sheet"":""中央国家行政机关省级以下直属机构""}}"
"government_jobs","国家公务员2025招考简章","公务员/事业单位技术岗位","湖南省永州市冷水滩区","2026-07-28T09:12:58.310295+00:00","统计信息部门一级主任科员及以下","国家金融监督管理总局湖南监管局","","湖南省永州市冷水滩区","公务员/事业单位;2025;computer_software;electronics_communication;本科及以上;与最高学历相对应的学位;本科：计算机类（不含物联网工程、数字媒体技术、空间信息与数字技术、新媒体技术、电影制作）；硕士研究生及以上：信息与通信工程、计算机科学与技术;市（地）级及以下直属机构综合管理类","用人司局：国家金融监督管理总局永州监管分局
职位简介：主要从事金融信息科技风险监管、电子设备软硬件管理及信息系统运行维护等工作
专业要求：本科：计算机类（不含物联网工程、数字媒体技术、空间信息与数字技术、新媒体技术、电影制作）；硕士研究生及以上：信息与通信工程、计算机科学与技术
学历要求：本科及以上
学位要求：与最高学历相对应的学位
政治面貌：不限
基层工作经历：无限制
考试类别：市（地）级及以下直属机构综合管理类
备注：1.报名时请在专业栏中同时填写专业名称和专业代码；2.限应届高校毕业生报考，请在备注栏中注明本人具有应届高校毕业生身份；3.要求本科学历大学英语四级成绩425分及以上，请在外语水平栏中注明成绩；4.专业考试信息请参见国家金融监督管理总局2025年度招考公告。","https://www.xjhc.gov.cn/xjhc/c116834/202410/a29382e11a674da3be3353af65f9fcc5.shtml#132118-300147518001","2024-10-14","{""dataset_year"":2025,""job_uid"":""GOV-2025-132118-300147518001"",""publisher"":""国家公务员局"",""publication_page"":""https://www.xjhc.gov.cn/xjhc/c116834/202410/a29382e11a674da3be3353af65f9fcc5.shtml"",""attachment_url"":""https://www.xjhc.gov.cn/xjhc/c116834/202410/a29382e11a674da3be3353af65f9fcc5/files/0536cef86e2b46ddad6aae5a3780089e.xls"",""local_source_file"":""2025_guokao_zhaokaojianzhang.xls"",""local_source_sha256"":""07ae6cab368cd21b7a1ac3e8150fe9a3d39ad5171ce76135ff3cccfe50c3e77e"",""source_sheet"":""中央国家行政机关省级以下直属机构"",""filter_version"":""government_tech_v2"",""tech_filter"":{""is_tech"":true,""is_core_tech"":true,""scope"":""core"",""categories"":[""computer_software"",""electronics_communication""],""matched_fields"":[""major"",""description""],""major_terms"":[""信息与通信工程"",""数字媒体技术"",""物联网工程"",""空间信息与数字技术"",""计算机科学与技术"",""计算机类"",""通信工程""],""role_terms"":[""信息科技"",""信息系统"",""软硬件""],""reason"":""tech_major_and_role""},""original"":{""部门代码"":""132118"",""部门名称"":""国家金融监督管理总局湖南监管局"",""用人司局"":""国家金融监督管理总局永州监管分局"",""机构性质"":""中央国家行政机关省级以下直属机构"",""招考职位"":""统计信息部门一级主任科员及以下"",""职位属性"":""金融监管计算机类职位"",""职位分布"":""其他职位"",""职位简介"":""主要从事金融信息科技风险监管、电子设备软硬件管理及信息系统运行维护等工作"",""职位代码"":""300147518001"",""机构层级"":""市（地）级"",""考试类别"":""市（地）级及以下直属机构综合管理类"",""招考人数"":""1"",""专业"":""本科：计算机类（不含物联网工程、数字媒体技术、空间信息与数字技术、新媒体技术、电影制作）；硕士研究生及以上：信息与通信工程、计算机科学与技术"",""学历"":""本科及以上"",""学位"":""与最高学历相对应的学位"",""政治面貌"":""不限"",""基层工作最低年限"":""无限制"",""服务基层项目工作经历"":""无限制"",""是否在面试阶段组织专业能力测试"":""否"",""面试人员比例"":""3:1"",""工作地点"":""湖南省永州市冷水滩区"",""落户地点"":""湖南省永州市冷水滩区"",""备注"":""1.报名时请在专业栏中同时填写专业名称和专业代码；2.限应届高校毕业生报考，请在备注栏中注明本人具有应届高校毕业生身份；3.要求本科学历大学英语四级成绩425分及以上，请在外语水平栏中注明成绩；4.专业考试信息请参见国家金融监督管理总局2025年度招考公告。"",""部门网站"":""http://www.cbirc.gov.cn/"",""咨询电话1"":""0731-82830698"",""咨询电话2"":""0731-82830426"",""咨询电话3"":"""",""来源Sheet"":""中央国家行政机关省级以下直属机构""}}"
"government_jobs","国家公务员2025招考简章","公务员/事业单位技术岗位","湖南省张家界市永定区","2026-07-28T09:12:58.310295+00:00","统计信息部门一级主任科员及以下","国家金融监督管理总局湖南监管局","","湖南省张家界市永定区","公务员/事业单位;2025;computer_software;electronics_communication;本科及以上;与最高学历相对应的学位;本科：计算机类（不含物联网工程、数字媒体技术、空间信息与数字技术、新媒体技术、电影制作）；硕士研究生及以上：信息与通信工程、计算机科学与技术;市（地）级及以下直属机构综合管理类","用人司局：国家金融监督管理总局张家界监管分局
职位简介：主要从事金融信息科技风险监管、电子设备软硬件管理及信息系统运行维护等工作
专业要求：本科：计算机类（不含物联网工程、数字媒体技术、空间信息与数字技术、新媒体技术、电影制作）；硕士研究生及以上：信息与通信工程、计算机科学与技术
学历要求：本科及以上
学位要求：与最高学历相对应的学位
政治面貌：不限
基层工作经历：无限制
考试类别：市（地）级及以下直属机构综合管理类
备注：1.报名时请在专业栏中同时填写专业名称和专业代码；2.限应届高校毕业生报考，请在备注栏中注明本人具有应届高校毕业生身份；3.要求本科学历大学英语四级成绩425分及以上，请在外语水平栏中注明成绩；4.专业考试信息请参见国家金融监督管理总局2025年度招考公告。","https://www.xjhc.gov.cn/xjhc/c116834/202410/a29382e11a674da3be3353af65f9fcc5.shtml#132118-300147525001","2024-10-14","{""dataset_year"":2025,""job_uid"":""GOV-2025-132118-300147525001"",""publisher"":""国家公务员局"",""publication_page"":""https://www.xjhc.gov.cn/xjhc/c116834/202410/a29382e11a674da3be3353af65f9fcc5.shtml"",""attachment_url"":""https://www.xjhc.gov.cn/xjhc/c116834/202410/a29382e11a674da3be3353af65f9fcc5/files/0536cef86e2b46ddad6aae5a3780089e.xls"",""local_source_file"":""2025_guokao_zhaokaojianzhang.xls"",""local_source_sha256"":""07ae6cab368cd21b7a1ac3e8150fe9a3d39ad5171ce76135ff3cccfe50c3e77e"",""source_sheet"":""中央国家行政机关省级以下直属机构"",""filter_version"":""government_tech_v2"",""tech_filter"":{""is_tech"":true,""is_core_tech"":true,""scope"":""core"",""categories"":[""computer_software"",""electronics_communication""],""matched_fields"":[""major"",""description""],""major_terms"":[""信息与通信工程"",""数字媒体技术"",""物联网工程"",""空间信息与数字技术"",""计算机科学与技术"",""计算机类"",""通信工程""],""role_terms"":[""信息科技"",""信息系统"",""软硬件""],""reason"":""tech_major_and_role""},""original"":{""部门代码"":""132118"",""部门名称"":""国家金融监督管理总局湖南监管局"",""用人司局"":""国家金融监督管理总局张家界监管分局"",""机构性质"":""中央国家行政机关省级以下直属机构"",""招考职位"":""统计信息部门一级主任科员及以下"",""职位属性"":""金融监管计算机类职位"",""职位分布"":""其他职位"",""职位简介"":""主要从事金融信息科技风险监管、电子设备软硬件管理及信息系统运行维护等工作"",""职位代码"":""300147525001"",""机构层级"":""市（地）级"",""考试类别"":""市（地）级及以下直属机构综合管理类"",""招考人数"":""1"",""专业"":""本科：计算机类（不含物联网工程、数字媒体技术、空间信息与数字技术、新媒体技术、电影制作）；硕士研究生及以上：信息与通信工程、计算机科学与技术"",""学历"":""本科及以上"",""学位"":""与最高学历相对应的学位"",""政治面貌"":""不限"",""基层工作最低年限"":""无限制"",""服务基层项目工作经历"":""无限制"",""是否在面试阶段组织专业能力测试"":""否"",""面试人员比例"":""3:1"",""工作地点"":""湖南省张家界市永定区"",""落户地点"":""湖南省张家界市永定区"",""备注"":""1.报名时请在专业栏中同时填写专业名称和专业代码；2.限应届高校毕业生报考，请在备注栏中注明本人具有应届高校毕业生身份；3.要求本科学历大学英语四级成绩425分及以上，请在外语水平栏中注明成绩；4.专业考试信息请参见国家金融监督管理总局2025年度招考公告。"",""部门网站"":""http://www.cbirc.gov.cn/"",""咨询电话1"":""0731-82830698"",""咨询电话2"":""0731-82830426"",""咨询电话3"":"""",""来源Sheet"":""中央国家行政机关省级以下直属机构""}}"
"government_jobs","国家公务员2025招考简章","公务员/事业单位技术岗位","广东省梅州市","2026-07-28T09:12:58.310295+00:00","监管部门一级主任科员及以下","国家金融监督管理总局广东监管局","","广东省梅州市","公务员/事业单位;2025;computer_software;本科或硕士研究生;与最高学历相对应的学位;大学本科：080901计算机科学与技术；研究生：0812计算机科学与技术;市（地）级及以下直属机构综合管理类","用人司局：国家金融监督管理总局梅州监管分局
职位简介：主要从事金融信息科技风险监管、电子设备软硬件管理及信息系统运行维护等工作
专业要求：大学本科：080901计算机科学与技术；研究生：0812计算机科学与技术
学历要求：本科或硕士研究生
学位要求：与最高学历相对应的学位
政治面貌：中共党员
基层工作经历：无限制
考试类别：市（地）级及以下直属机构综合管理类
备注：1.报名时请在专业栏中同时填写专业名称和专业代码；2.限应届高校毕业生报考，请在备注栏中注明本人具有应届高校毕业生身份；3.要求本科学历大学英语四级成绩425分及以上，要求研究生学历大学英语六级成绩425分及以上，请在外语水平栏中注明成绩；4.有关专业考试信息参见国家金融监督管理总局2025年度招考公告。","https://www.xjhc.gov.cn/xjhc/c116834/202410/a29382e11a674da3be3353af65f9fcc5.shtml#132119-300147530001","2024-10-14","{""dataset_year"":2025,""job_uid"":""GOV-2025-132119-300147530001"",""publisher"":""国家公务员局"",""publication_page"":""https://www.xjhc.gov.cn/xjhc/c116834/202410/a29382e11a674da3be3353af65f9fcc5.shtml"",""attachment_url"":""https://www.xjhc.gov.cn/xjhc/c116834/202410/a29382e11a674da3be3353af65f9fcc5/files/0536cef86e2b46ddad6aae5a3780089e.xls"",""local_source_file"":""2025_guokao_zhaokaojianzhang.xls"",""local_source_sha256"":""07ae6cab368cd21b7a1ac3e8150fe9a3d39ad5171ce76135ff3cccfe50c3e77e"",""source_sheet"":""中央国家行政机关省级以下直属机构"",""filter_version"":""government_tech_v2"",""tech_filter"":{""is_tech"":true,""is_core_tech"":true,""scope"":""core"",""categories"":[""computer_software""],""matched_fields"":[""major"",""description""],""major_terms"":[""计算机科学与技术""],""role_terms"":[""信息科技"",""信息系统"",""软硬件""],""reason"":""tech_major_and_role""},""original"":{""部门代码"":""132119"",""部门名称"":""国家金融监督管理总局广东监管局"",""用人司局"":""国家金融监督管理总局梅州监管分局"",""机构性质"":""中央国家行政机关省级以下直属机构"",""招考职位"":""监管部门一级主任科员及以下"",""职位属性"":""金融监管计算机类职位"",""职位分布"":""其他职位"",""职位简介"":""主要从事金融信息科技风险监管、电子设备软硬件管理及信息系统运行维护等工作"",""职位代码"":""300147530001"",""机构层级"":""市（地）级"",""考试类别"":""市（地）级及以下直属机构综合管理类"",""招考人数"":""1"",""专业"":""大学本科：080901计算机科学与技术；研究生：0812计算机科学与技术"",""学历"":""本科或硕士研究生"",""学位"":""与最高学历相对应的学位"",""政治面貌"":""中共党员"",""基层工作最低年限"":""无限制"",""服务基层项目工作经历"":""无限制"",""是否在面试阶段组织专业能力测试"":""否"",""面试人员比例"":""3:1"",""工作地点"":""广东省梅州市"",""落户地点"":""广东省梅州市"",""备注"":""1.报名时请在专业栏中同时填写专业名称和专业代码；2.限应届高校毕业生报考，请在备注栏中注明本人具有应届高校毕业生身份；3.要求本科学历大学英语四级成绩425分及以上，要求研究生学历大学英语六级成绩425分及以上，请在外语水平栏中注明成绩；4.有关专业考试信息参见国家金融监督管理总局2025年度招考公告。"",""部门网站"":""http://www.cbirc.gov.cn/"",""咨询电话1"":""020-83180132"",""咨询电话2"":""020-83180121"",""咨询电话3"":"""",""来源Sheet"":""中央国家行政机关省级以下直属机构""}}"
"government_jobs","国家公务员2025招考简章","公务员/事业单位技术岗位","广东省惠州市","2026-07-28T09:12:58.310295+00:00","统计信息部门一级主任科员及以下","国家金融监督管理总局广东监管局","","广东省惠州市","公务员/事业单位;2025;computer_software;cybersecurity_cryptography;electronics_communication;仅限硕士研究生;硕士;0812计算机科学与技术、0854电子信息、0839网络空间安全;市（地）级及以下直属机构综合管理类","用人司局：国家金融监督管理总局惠州监管分局
职位简介：主要从事金融信息科技风险监管、电子设备软硬件管理及信息系统运行维护等工作
专业要求：0812计算机科学与技术、0854电子信息、0839网络空间安全
学历要求：仅限硕士研究生
学位要求：硕士
政治面貌：中共党员
基层工作经历：无限制
考试类别：市（地）级及以下直属机构综合管理类
备注：1.报名时请在专业栏中同时填写专业名称和专业代码；2.限应届高校毕业生报考，请在备注栏中注明本人具有应届高校毕业生身份；3.要求研究生学历大学英语六级成绩425分及以上，请在外语水平栏中注明成绩；4.有关专业考试信息参见国家金融监督管理总局2025年度招考公告。","https://www.xjhc.gov.cn/xjhc/c116834/202410/a29382e11a674da3be3353af65f9fcc5.shtml#132119-300147531001","2024-10-14","{""dataset_year"":2025,""job_uid"":""GOV-2025-132119-300147531001"",""publisher"":""国家公务员局"",""publication_page"":""https://www.xjhc.gov.cn/xjhc/c116834/202410/a29382e11a674da3be3353af65f9fcc5.shtml"",""attachment_url"":""https://www.xjhc.gov.cn/xjhc/c116834/202410/a29382e11a674da3be3353af65f9fcc5/files/0536cef86e2b46ddad6aae5a3780089e.xls"",""local_source_file"":""2025_guokao_zhaokaojianzhang.xls"",""local_source_sha256"":""07ae6cab368cd21b7a1ac3e8150fe9a3d39ad5171ce76135ff3cccfe50c3e77e"",""source_sheet"":""中央国家行政机关省级以下直属机构"",""filter_version"":""government_tech_v2"",""tech_filter"":{""is_tech"":true,""is_core_tech"":true,""scope"":""core"",""categories"":[""computer_software"",""cybersecurity_cryptography"",""electronics_communication""],""matched_fields"":[""major"",""description""],""major_terms"":[""电子信息"",""网络空间安全"",""计算机科学与技术""],""role_terms"":[""信息科技"",""信息系统"",""软硬件""],""reason"":""tech_major_and_role""},""original"":{""部门代码"":""132119"",""部门名称"":""国家金融监督管理总局广东监管局"",""用人司局"":""国家金融监督管理总局惠州监管分局"",""机构性质"":""中央国家行政机关省级以下直属机构"",""招考职位"":""统计信息部门一级主任科员及以下"",""职位属性"":""金融监管计算机类职位"",""职位分布"":""其他职位"",""职位简介"":""主要从事金融信息科技风险监管、电子设备软硬件管理及信息系统运行维护等工作"",""职位代码"":""300147531001"",""机构层级"":""市（地）级"",""考试类别"":""市（地）级及以下直属机构综合管理类"",""招考人数"":""1"",""专业"":""0812计算机科学与技术、0854电子信息、0839网络空间安全"",""学历"":""仅限硕士研究生"",""学位"":""硕士"",""政治面貌"":""中共党员"",""基层工作最低年限"":""无限制"",""服务基层项目工作经历"":""无限制"",""是否在面试阶段组织专业能力测试"":""否"",""面试人员比例"":""3:1"",""工作地点"":""广东省惠州市"",""落户地点"":""广东省惠州市"",""备注"":""1.报名时请在专业栏中同时填写专业名称和专业代码；2.限应届高校毕业生报考，请在备注栏中注明本人具有应届高校毕业生身份；3.要求研究生学历大学英语六级成绩425分及以上，请在外语水平栏中注明成绩；4.有关专业考试信息参见国家金融监督管理总局2025年度招考公告。"",""部门网站"":""http://www.cbirc.gov.cn/"",""咨询电话1"":""020-83180132"",""咨询电话2"":""020-83180121"",""咨询电话3"":"""",""来源Sheet"":""中央国家行政机关省级以下直属机构""}}"
"government_jobs","国家公务员2025招考简章","公务员/事业单位技术岗位","广东省阳江市","2026-07-28T09:12:58.310295+00:00","统计信息部门一级主任科员及以下","国家金融监督管理总局广东监管局","","广东省阳江市","公务员/事业单位;2025;computer_software;本科及以上;与最高学历相对应的学位;大学本科：计算机类；研究生：0812计算机科学与技术、0835软件工程;市（地）级及以下直属机构综合管理类","用人司局：国家金融监督管理总局阳江监管分局
职位简介：主要从事金融信息科技风险监管、电子设备软硬件管理及信息系统运行维护等工作
专业要求：大学本科：计算机类；研究生：0812计算机科学与技术、0835软件工程
学历要求：本科及以上
学位要求：与最高学历相对应的学位
政治面貌：不限
基层工作经历：无限制
考试类别：市（地）级及以下直属机构综合管理类
备注：1.报名时请在专业栏中同时填写专业名称和专业代码；2.限应届高校毕业生报考，请在备注栏中注明本人具有应届高校毕业生身份；3.要求本科学历大学英语四级成绩425分及以上，要求研究生学历大学英语六级成绩425分及以上，请在外语水平栏中注明成绩；4.专业考试信息请参见国家金融监督管理总局2025年度招考公告。","https://www.xjhc.gov.cn/xjhc/c116834/202410/a29382e11a674da3be3353af65f9fcc5.shtml#132119-300147534001","2024-10-14","{""dataset_year"":2025,""job_uid"":""GOV-2025-132119-300147534001"",""publisher"":""国家公务员局"",""publication_page"":""https://www.xjhc.gov.cn/xjhc/c116834/202410/a29382e11a674da3be3353af65f9fcc5.shtml"",""attachment_url"":""https://www.xjhc.gov.cn/xjhc/c116834/202410/a29382e11a674da3be3353af65f9fcc5/files/0536cef86e2b46ddad6aae5a3780089e.xls"",""local_source_file"":""2025_guokao_zhaokaojianzhang.xls"",""local_source_sha256"":""07ae6cab368cd21b7a1ac3e8150fe9a3d39ad5171ce76135ff3cccfe50c3e77e"",""source_sheet"":""中央国家行政机关省级以下直属机构"",""filter_version"":""government_tech_v2"",""tech_filter"":{""is_tech"":true,""is_core_tech"":true,""scope"":""core"",""categories"":[""computer_software""],""matched_fields"":[""major"",""description""],""major_terms"":[""计算机科学与技术"",""计算机类"",""软件工程""],""role_terms"":[""信息科技"",""信息系统"",""软硬件""],""reason"":""tech_major_and_role""},""original"":{""部门代码"":""132119"",""部门名称"":""国家金融监督管理总局广东监管局"",""用人司局"":""国家金融监督管理总局阳江监管分局"",""机构性质"":""中央国家行政机关省级以下直属机构"",""招考职位"":""统计信息部门一级主任科员及以下"",""职位属性"":""金融监管计算机类职位"",""职位分布"":""其他职位"",""职位简介"":""主要从事金融信息科技风险监管、电子设备软硬件管理及信息系统运行维护等工作"",""职位代码"":""300147534001"",""机构层级"":""市（地）级"",""考试类别"":""市（地）级及以下直属机构综合管理类"",""招考人数"":""1"",""专业"":""大学本科：计算机类；研究生：0812计算机科学与技术、0835软件工程"",""学历"":""本科及以上"",""学位"":""与最高学历相对应的学位"",""政治面貌"":""不限"",""基层工作最低年限"":""无限制"",""服务基层项目工作经历"":""无限制"",""是否在面试阶段组织专业能力测试"":""否"",""面试人员比例"":""3:1"",""工作地点"":""广东省阳江市"",""落户地点"":""广东省阳江市"",""备注"":""1.报名时请在专业栏中同时填写专业名称和专业代码；2.限应届高校毕业生报考，请在备注栏中注明本人具有应届高校毕业生身份；3.要求本科学历大学英语四级成绩425分及以上，要求研究生学历大学英语六级成绩425分及以上，请在外语水平栏中注明成绩；4.专业考试信息请参见国家金融监督管理总局2025年度招考公告。"",""部门网站"":""http://www.cbirc.gov.cn/"",""咨询电话1"":""020-83180132"",""咨询电话2"":""020-83180121"",""咨询电话3"":"""",""来源Sheet"":""中央国家行政机关省级以下直属机构""}}"
"government_jobs","国家公务员2025招考简章","公务员/事业单位技术岗位","广东省茂名市","2026-07-28T09:12:58.310295+00:00","统计信息部门一级主任科员及以下","国家金融监督管理总局广东监管局","","广东省茂名市","公务员/事业单位;2025;computer_software;electronics_communication;本科及以上;与最高学历相对应的学位;大学本科：计算机类；研究生：0809电子科学与技术、0812计算机科学与技术、0835软件工程;市（地）级及以下直属机构综合管理类","用人司局：国家金融监督管理总局茂名监管分局
职位简介：主要从事金融信息科技风险监管、电子设备软硬件管理及信息系统运行维护等工作
专业要求：大学本科：计算机类；研究生：0809电子科学与技术、0812计算机科学与技术、0835软件工程
学历要求：本科及以上
学位要求：与最高学历相对应的学位
政治面貌：不限
基层工作经历：无限制
考试类别：市（地）级及以下直属机构综合管理类
备注：1.报名时请在专业栏中同时填写专业名称和专业代码；2.限应届高校毕业生报考，请在备注栏中注明本人具有应届高校毕业生身份；3.要求本科学历大学英语四级成绩425分及以上，要求研究生学历大学英语六级成绩425分及以上，请在外语水平栏中注明成绩；4.专业考试信息请参见国家金融监督管理总局2025年度招考公告。","https://www.xjhc.gov.cn/xjhc/c116834/202410/a29382e11a674da3be3353af65f9fcc5.shtml#132119-300147536001","2024-10-14","{""dataset_year"":2025,""job_uid"":""GOV-2025-132119-300147536001"",""publisher"":""国家公务员局"",""publication_page"":""https://www.xjhc.gov.cn/xjhc/c116834/202410/a29382e11a674da3be3353af65f9fcc5.shtml"",""attachment_url"":""https://www.xjhc.gov.cn/xjhc/c116834/202410/a29382e11a674da3be3353af65f9fcc5/files/0536cef86e2b46ddad6aae5a3780089e.xls"",""local_source_file"":""2025_guokao_zhaokaojianzhang.xls"",""local_source_sha256"":""07ae6cab368cd21b7a1ac3e8150fe9a3d39ad5171ce76135ff3cccfe50c3e77e"",""source_sheet"":""中央国家行政机关省级以下直属机构"",""filter_version"":""government_tech_v2"",""tech_filter"":{""is_tech"":true,""is_core_tech"":true,""scope"":""core"",""categories"":[""computer_software"",""electronics_communication""],""matched_fields"":[""major"",""description""],""major_terms"":[""电子科学与技术"",""计算机科学与技术"",""计算机类"",""软件工程""],""role_terms"":[""信息科技"",""信息系统"",""软硬件""],""reason"":""tech_major_and_role""},""original"":{""部门代码"":""132119"",""部门名称"":""国家金融监督管理总局广东监管局"",""用人司局"":""国家金融监督管理总局茂名监管分局"",""机构性质"":""中央国家行政机关省级以下直属机构"",""招考职位"":""统计信息部门一级主任科员及以下"",""职位属性"":""金融监管计算机类职位"",""职位分布"":""其他职位"",""职位简介"":""主要从事金融信息科技风险监管、电子设备软硬件管理及信息系统运行维护等工作"",""职位代码"":""300147536001"",""机构层级"":""市（地）级"",""考试类别"":""市（地）级及以下直属机构综合管理类"",""招考人数"":""1"",""专业"":""大学本科：计算机类；研究生：0809电子科学与技术、0812计算机科学与技术、0835软件工程"",""学历"":""本科及以上"",""学位"":""与最高学历相对应的学位"",""政治面貌"":""不限"",""基层工作最低年限"":""无限制"",""服务基层项目工作经历"":""无限制"",""是否在面试阶段组织专业能力测试"":""否"",""面试人员比例"":""3:1"",""工作地点"":""广东省茂名市"",""落户地点"":""广东省茂名市"",""备注"":""1.报名时请在专业栏中同时填写专业名称和专业代码；2.限应届高校毕业生报考，请在备注栏中注明本人具有应届高校毕业生身份；3.要求本科学历大学英语四级成绩425分及以上，要求研究生学历大学英语六级成绩425分及以上，请在外语水平栏中注明成绩；4.专业考试信息请参见国家金融监督管理总局2025年度招考公告。"",""部门网站"":""http://www.cbirc.gov.cn/"",""咨询电话1"":""020-83180132"",""咨询电话2"":""020-83180121"",""咨询电话3"":"""",""来源Sheet"":""中央国家行政机关省级以下直属机构""}}"
"government_jobs","国家公务员2025招考简章","公务员/事业单位技术岗位","广东省肇庆市","2026-07-28T09:12:58.310295+00:00","统计信息部门一级主任科员及以下","国家金融监督管理总局广东监管局","","广东省肇庆市","公务员/事业单位;2025;computer_software;本科及以上;与最高学历相对应的学位;本科：080901计算机科学与技术、080902软件工程、080903网络工程；研究生：0812计算机科学与技术;市（地）级及以下直属机构综合管理类","用人司局：国家金融监督管理总局肇庆监管分局
职位简介：主要从事金融信息科技风险监管、电子设备软硬件管理及信息系统运行维护等工作
专业要求：本科：080901计算机科学与技术、080902软件工程、080903网络工程；研究生：0812计算机科学与技术
学历要求：本科及以上
学位要求：与最高学历相对应的学位
政治面貌：不限
基层工作经历：无限制
考试类别：市（地）级及以下直属机构综合管理类
备注：1.报名时请在专业栏中同时填写专业名称和专业代码；2.限应届高校毕业生报考，请在备注栏中注明本人具有应届高校毕业生身份；3.要求本科学历大学英语四级成绩425分及以上，要求研究生学历大学英语六级成绩425分及以上，请在外语水平栏中注明成绩；4.专业考试信息请参见国家金融监督管理总局2025年度招考公告。","https://www.xjhc.gov.cn/xjhc/c116834/202410/a29382e11a674da3be3353af65f9fcc5.shtml#132119-300147538001","2024-10-14","{""dataset_year"":2025,""job_uid"":""GOV-2025-132119-300147538001"",""publisher"":""国家公务员局"",""publication_page"":""https://www.xjhc.gov.cn/xjhc/c116834/202410/a29382e11a674da3be3353af65f9fcc5.shtml"",""attachment_url"":""https://www.xjhc.gov.cn/xjhc/c116834/202410/a29382e11a674da3be3353af65f9fcc5/files/0536cef86e2b46ddad6aae5a3780089e.xls"",""local_source_file"":""2025_guokao_zhaokaojianzhang.xls"",""local_source_sha256"":""07ae6cab368cd21b7a1ac3e8150fe9a3d39ad5171ce76135ff3cccfe50c3e77e"",""source_sheet"":""中央国家行政机关省级以下直属机构"",""filter_version"":""government_tech_v2"",""tech_filter"":{""is_tech"":true,""is_core_tech"":true,""scope"":""core"",""categories"":[""computer_software""],""matched_fields"":[""major"",""description""],""major_terms"":[""网络工程"",""计算机科学与技术"",""软件工程""],""role_terms"":[""信息科技"",""信息系统"",""软硬件""],""reason"":""tech_major_and_role""},""original"":{""部门代码"":""132119"",""部门名称"":""国家金融监督管理总局广东监管局"",""用人司局"":""国家金融监督管理总局肇庆监管分局"",""机构性质"":""中央国家行政机关省级以下直属机构"",""招考职位"":""统计信息部门一级主任科员及以下"",""职位属性"":""金融监管计算机类职位"",""职位分布"":""其他职位"",""职位简介"":""主要从事金融信息科技风险监管、电子设备软硬件管理及信息系统运行维护等工作"",""职位代码"":""300147538001"",""机构层级"":""市（地）级"",""考试类别"":""市（地）级及以下直属机构综合管理类"",""招考人数"":""1"",""专业"":""本科：080901计算机科学与技术、080902软件工程、080903网络工程；研究生：0812计算机科学与技术"",""学历"":""本科及以上"",""学位"":""与最高学历相对应的学位"",""政治面貌"":""不限"",""基层工作最低年限"":""无限制"",""服务基层项目工作经历"":""无限制"",""是否在面试阶段组织专业能力测试"":""否"",""面试人员比例"":""3:1"",""工作地点"":""广东省肇庆市"",""落户地点"":""广东省肇庆市"",""备注"":""1.报名时请在专业栏中同时填写专业名称和专业代码；2.限应届高校毕业生报考，请在备注栏中注明本人具有应届高校毕业生身份；3.要求本科学历大学英语四级成绩425分及以上，要求研究生学历大学英语六级成绩425分及以上，请在外语水平栏中注明成绩；4.专业考试信息请参见国家金融监督管理总局2025年度招考公告。"",""部门网站"":""http://www.cbirc.gov.cn/"",""咨询电话1"":""020-83180132"",""咨询电话2"":""020-83180121"",""咨询电话3"":"""",""来源Sheet"":""中央国家行政机关省级以下直属机构""}}"
"government_jobs","国家公务员2025招考简章","公务员/事业单位技术岗位","广东省广州市增城区","2026-07-28T09:12:58.310295+00:00","监管部门一级主任科员及以下","国家金融监督管理总局广东监管局","","广东省广州市增城区","公务员/事业单位;2025;computer_software;硕士研究生及以上;与最高学历相对应的学位;0812计算机科学与技术、0835软件工程;市（地）级及以下直属机构综合管理类","用人司局：国家金融监督管理总局增城监管支局
职位简介：主要从事金融信息科技风险监管、电子设备软硬件管理及信息系统运行维护等工作
专业要求：0812计算机科学与技术、0835软件工程
学历要求：硕士研究生及以上
学位要求：与最高学历相对应的学位
政治面貌：不限
基层工作经历：无限制
考试类别：市（地）级及以下直属机构综合管理类
备注：1.报名时请在专业栏中同时填写专业名称和专业代码；2.限应届高校毕业生报考，请在备注栏中注明本人具有应届高校毕业生身份；3.要求研究生学历大学英语六级成绩425分及以上，请在外语水平栏中注明成绩；4.专业考试信息请参见国家金融监督管理总局2025年度招考公告。","https://www.xjhc.gov.cn/xjhc/c116834/202410/a29382e11a674da3be3353af65f9fcc5.shtml#132119-300147540001","2024-10-14","{""dataset_year"":2025,""job_uid"":""GOV-2025-132119-300147540001"",""publisher"":""国家公务员局"",""publication_page"":""https://www.xjhc.gov.cn/xjhc/c116834/202410/a29382e11a674da3be3353af65f9fcc5.shtml"",""attachment_url"":""https://www.xjhc.gov.cn/xjhc/c116834/202410/a29382e11a674da3be3353af65f9fcc5/files/0536cef86e2b46ddad6aae5a3780089e.xls"",""local_source_file"":""2025_guokao_zhaokaojianzhang.xls"",""local_source_sha256"":""07ae6cab368cd21b7a1ac3e8150fe9a3d39ad5171ce76135ff3cccfe50c3e77e"",""source_sheet"":""中央国家行政机关省级以下直属机构"",""filter_version"":""government_tech_v2"",""tech_filter"":{""is_tech"":true,""is_core_tech"":true,""scope"":""core"",""categories"":[""computer_software""],""matched_fields"":[""major"",""description""],""major_terms"":[""计算机科学与技术"",""软件工程""],""role_terms"":[""信息科技"",""信息系统"",""软硬件""],""reason"":""tech_major_and_role""},""original"":{""部门代码"":""132119"",""部门名称"":""国家金融监督管理总局广东监管局"",""用人司局"":""国家金融监督管理总局增城监管支局"",""机构性质"":""中央国家行政机关省级以下直属机构"",""招考职位"":""监管部门一级主任科员及以下"",""职位属性"":""金融监管计算机类职位"",""职位分布"":""其他职位"",""职位简介"":""主要从事金融信息科技风险监管、电子设备软硬件管理及信息系统运行维护等工作"",""职位代码"":""300147540001"",""机构层级"":""县（区）级及以下"",""考试类别"":""市（地）级及以下直属机构综合管理类"",""招考人数"":""1"",""专业"":""0812计算机科学与技术、0835软件工程"",""学历"":""硕士研究生及以上"",""学位"":""与最高学历相对应的学位"",""政治面貌"":""不限"",""基层工作最低年限"":""无限制"",""服务基层项目工作经历"":""无限制"",""是否在面试阶段组织专业能力测试"":""否"",""面试人员比例"":""3:1"",""工作地点"":""广东省广州市增城区"",""落户地点"":""广东省广州市增城区"",""备注"":""1.报名时请在专业栏中同时填写专业名称和专业代码；2.限应届高校毕业生报考，请在备注栏中注明本人具有应届高校毕业生身份；3.要求研究生学历大学英语六级成绩425分及以上，请在外语水平栏中注明成绩；4.专业考试信息请参见国家金融监督管理总局2025年度招考公告。"",""部门网站"":""http://www.cbirc.gov.cn/"",""咨询电话1"":""020-83180132"",""咨询电话2"":""020-83180121"",""咨询电话3"":"""",""来源Sheet"":""中央国家行政机关省级以下直属机构""}}"
"government_jobs","国家公务员2025招考简章","公务员/事业单位技术岗位","广东省广州市从化区","2026-07-28T09:12:58.310295+00:00","监管部门一级主任科员及以下","国家金融监督管理总局广东监管局","","广东省广州市从化区","公务员/事业单位;2025;computer_software;cybersecurity_cryptography;硕士研究生及以上;与最高学历相对应的学位;0812计算机科学与技术、0835软件工程、0839网络空间安全;市（地）级及以下直属机构综合管理类","用人司局：国家金融监督管理总局从化监管支局
职位简介：主要从事金融信息科技风险监管、电子设备软硬件管理及信息系统运行维护等工作
专业要求：0812计算机科学与技术、0835软件工程、0839网络空间安全
学历要求：硕士研究生及以上
学位要求：与最高学历相对应的学位
政治面貌：不限
基层工作经历：无限制
考试类别：市（地）级及以下直属机构综合管理类
备注：1.报名时请在专业栏中同时填写专业名称和专业代码；2.限应届高校毕业生报考，请在备注栏中注明本人具有应届高校毕业生身份；3.要求研究生学历大学英语六级成绩425分及以上，请在外语水平栏中注明成绩；4.专业考试信息请参见国家金融监督管理总局2025年度招考公告。","https://www.xjhc.gov.cn/xjhc/c116834/202410/a29382e11a674da3be3353af65f9fcc5.shtml#132119-300147541001","2024-10-14","{""dataset_year"":2025,""job_uid"":""GOV-2025-132119-300147541001"",""publisher"":""国家公务员局"",""publication_page"":""https://www.xjhc.gov.cn/xjhc/c116834/202410/a29382e11a674da3be3353af65f9fcc5.shtml"",""attachment_url"":""https://www.xjhc.gov.cn/xjhc/c116834/202410/a29382e11a674da3be3353af65f9fcc5/files/0536cef86e2b46ddad6aae5a3780089e.xls"",""local_source_file"":""2025_guokao_zhaokaojianzhang.xls"",""local_source_sha256"":""07ae6cab368cd21b7a1ac3e8150fe9a3d39ad5171ce76135ff3cccfe50c3e77e"",""source_sheet"":""中央国家行政机关省级以下直属机构"",""filter_version"":""government_tech_v2"",""tech_filter"":{""is_tech"":true,""is_core_tech"":true,""scope"":""core"",""categories"":[""computer_software"",""cybersecurity_cryptography""],""matched_fields"":[""major"",""description""],""major_terms"":[""网络空间安全"",""计算机科学与技术"",""软件工程""],""role_terms"":[""信息科技"",""信息系统"",""软硬件""],""reason"":""tech_major_and_role""},""original"":{""部门代码"":""132119"",""部门名称"":""国家金融监督管理总局广东监管局"",""用人司局"":""国家金融监督管理总局从化监管支局"",""机构性质"":""中央国家行政机关省级以下直属机构"",""招考职位"":""监管部门一级主任科员及以下"",""职位属性"":""金融监管计算机类职位"",""职位分布"":""其他职位"",""职位简介"":""主要从事金融信息科技风险监管、电子设备软硬件管理及信息系统运行维护等工作"",""职位代码"":""300147541001"",""机构层级"":""县（区）级及以下"",""考试类别"":""市（地）级及以下直属机构综合管理类"",""招考人数"":""1"",""专业"":""0812计算机科学与技术、0835软件工程、0839网络空间安全"",""学历"":""硕士研究生及以上"",""学位"":""与最高学历相对应的学位"",""政治面貌"":""不限"",""基层工作最低年限"":""无限制"",""服务基层项目工作经历"":""无限制"",""是否在面试阶段组织专业能力测试"":""否"",""面试人员比例"":""3:1"",""工作地点"":""广东省广州市从化区"",""落户地点"":""广东省广州市从化区"",""备注"":""1.报名时请在专业栏中同时填写专业名称和专业代码；2.限应届高校毕业生报考，请在备注栏中注明本人具有应届高校毕业生身份；3.要求研究生学历大学英语六级成绩425分及以上，请在外语水平栏中注明成绩；4.专业考试信息请参见国家金融监督管理总局2025年度招考公告。"",""部门网站"":""http://www.cbirc.gov.cn/"",""咨询电话1"":""020-83180132"",""咨询电话2"":""020-83180121"",""咨询电话3"":"""",""来源Sheet"":""中央国家行政机关省级以下直属机构""}}"
"government_jobs","国家公务员2025招考简章","公务员/事业单位技术岗位","广东省惠州市惠东县","2026-07-28T09:12:58.310295+00:00","统计信息部门一级主任科员及以下","国家金融监督管理总局广东监管局","","广东省惠州市惠东县","公务员/事业单位;2025;computer_software;cybersecurity_cryptography;electronics_communication;本科或硕士研究生;与最高学历相对应的学位;大学本科：计算机类；研究生：0812计算机科学与技术、0854电子信息、0839网络空间安全;市（地）级及以下直属机构综合管理类","用人司局：国家金融监督管理总局惠东监管支局
职位简介：主要从事金融信息科技风险监管、电子设备软硬件管理及信息系统运行维护等工作
专业要求：大学本科：计算机类；研究生：0812计算机科学与技术、0854电子信息、0839网络空间安全
学历要求：本科或硕士研究生
学位要求：与最高学历相对应的学位
政治面貌：不限
基层工作经历：无限制
考试类别：市（地）级及以下直属机构综合管理类
备注：1.报名时请在专业栏中同时填写专业名称和专业代码；2.限应届高校毕业生报考，请在备注栏中注明本人具有应届高校毕业生身份；3.要求本科学历大学英语四级成绩425分及以上，要求研究生学历大学英语六级成绩425分及以上，请在外语水平栏中注明成绩；4.有关专业考试信息参见国家金融监督管理总局2025年度考试大纲。","https://www.xjhc.gov.cn/xjhc/c116834/202410/a29382e11a674da3be3353af65f9fcc5.shtml#132119-300147543001","2024-10-14","{""dataset_year"":2025,""job_uid"":""GOV-2025-132119-300147543001"",""publisher"":""国家公务员局"",""publication_page"":""https://www.xjhc.gov.cn/xjhc/c116834/202410/a29382e11a674da3be3353af65f9fcc5.shtml"",""attachment_url"":""https://www.xjhc.gov.cn/xjhc/c116834/202410/a29382e11a674da3be3353af65f9fcc5/files/0536cef86e2b46ddad6aae5a3780089e.xls"",""local_source_file"":""2025_guokao_zhaokaojianzhang.xls"",""local_source_sha256"":""07ae6cab368cd21b7a1ac3e8150fe9a3d39ad5171ce76135ff3cccfe50c3e77e"",""source_sheet"":""中央国家行政机关省级以下直属机构"",""filter_version"":""government_tech_v2"",""tech_filter"":{""is_tech"":true,""is_core_tech"":true,""scope"":""core"",""categories"":[""computer_software"",""cybersecurity_cryptography"",""electronics_communication""],""matched_fields"":[""major"",""description""],""major_terms"":[""电子信息"",""网络空间安全"",""计算机科学与技术"",""计算机类""],""role_terms"":[""信息科技"",""信息系统"",""软硬件""],""reason"":""tech_major_and_role""},""original"":{""部门代码"":""132119"",""部门名称"":""国家金融监督管理总局广东监管局"",""用人司局"":""国家金融监督管理总局惠东监管支局"",""机构性质"":""中央国家行政机关省级以下直属机构"",""招考职位"":""统计信息部门一级主任科员及以下"",""职位属性"":""金融监管计算机类职位"",""职位分布"":""其他职位"",""职位简介"":""主要从事金融信息科技风险监管、电子设备软硬件管理及信息系统运行维护等工作"",""职位代码"":""300147543001"",""机构层级"":""县（区）级及以下"",""考试类别"":""市（地）级及以下直属机构综合管理类"",""招考人数"":""1"",""专业"":""大学本科：计算机类；研究生：0812计算机科学与技术、0854电子信息、0839网络空间安全"",""学历"":""本科或硕士研究生"",""学位"":""与最高学历相对应的学位"",""政治面貌"":""不限"",""基层工作最低年限"":""无限制"",""服务基层项目工作经历"":""无限制"",""是否在面试阶段组织专业能力测试"":""否"",""面试人员比例"":""3:1"",""工作地点"":""广东省惠州市惠东县"",""落户地点"":""广东省惠州市惠东县"",""备注"":""1.报名时请在专业栏中同时填写专业名称和专业代码；2.限应届高校毕业生报考，请在备注栏中注明本人具有应届高校毕业生身份；3.要求本科学历大学英语四级成绩425分及以上，要求研究生学历大学英语六级成绩425分及以上，请在外语水平栏中注明成绩；4.有关专业考试信息参见国家金融监督管理总局2025年度考试大纲。"",""部门网站"":""http://www.cbirc.gov.cn/"",""咨询电话1"":""020-83180132"",""咨询电话2"":""020-83180121"",""咨询电话3"":"""",""来源Sheet"":""中央国家行政机关省级以下直属机构""}}"
"government_jobs","国家公务员2025招考简章","公务员/事业单位技术岗位","广东省佛山市顺德区","2026-07-28T09:12:58.310295+00:00","统计信息部门一级主任科员及以下","国家金融监督管理总局广东监管局","","广东省佛山市顺德区","公务员/事业单位;2025;computer_software;仅限本科;学士;计算机类;市（地）级及以下直属机构综合管理类","用人司局：国家金融监督管理总局顺德监管支局
职位简介：主要从事金融信息科技风险监管、电子设备软硬件管理及信息系统运行维护等工作
专业要求：计算机类
学历要求：仅限本科
学位要求：学士
政治面貌：不限
基层工作经历：无限制
考试类别：市（地）级及以下直属机构综合管理类
备注：1.报名时请在专业栏中同时填写专业名称和专业代码；2.限应届高校毕业生报考，请在备注栏中注明本人具有应届高校毕业生身份；3.要求本科学历大学英语四级成绩425分及以上，请在外语水平栏中注明成绩；4.专业考试信息请参见国家金融监督管理总局2025年度招考公告。","https://www.xjhc.gov.cn/xjhc/c116834/202410/a29382e11a674da3be3353af65f9fcc5.shtml#132119-300147545001","2024-10-14","{""dataset_year"":2025,""job_uid"":""GOV-2025-132119-300147545001"",""publisher"":""国家公务员局"",""publication_page"":""https://www.xjhc.gov.cn/xjhc/c116834/202410/a29382e11a674da3be3353af65f9fcc5.shtml"",""attachment_url"":""https://www.xjhc.gov.cn/xjhc/c116834/202410/a29382e11a674da3be3353af65f9fcc5/files/0536cef86e2b46ddad6aae5a3780089e.xls"",""local_source_file"":""2025_guokao_zhaokaojianzhang.xls"",""local_source_sha256"":""07ae6cab368cd21b7a1ac3e8150fe9a3d39ad5171ce76135ff3cccfe50c3e77e"",""source_sheet"":""中央国家行政机关省级以下直属机构"",""filter_version"":""government_tech_v2"",""tech_filter"":{""is_tech"":true,""is_core_tech"":true,""scope"":""core"",""categories"":[""computer_software""],""matched_fields"":[""major"",""description""],""major_terms"":[""计算机类""],""role_terms"":[""信息科技"",""信息系统"",""软硬件""],""reason"":""tech_major_and_role""},""original"":{""部门代码"":""132119"",""部门名称"":""国家金融监督管理总局广东监管局"",""用人司局"":""国家金融监督管理总局顺德监管支局"",""机构性质"":""中央国家行政机关省级以下直属机构"",""招考职位"":""统计信息部门一级主任科员及以下"",""职位属性"":""金融监管计算机类职位"",""职位分布"":""其他职位"",""职位简介"":""主要从事金融信息科技风险监管、电子设备软硬件管理及信息系统运行维护等工作"",""职位代码"":""300147545001"",""机构层级"":""县（区）级及以下"",""考试类别"":""市（地）级及以下直属机构综合管理类"",""招考人数"":""1"",""专业"":""计算机类"",""学历"":""仅限本科"",""学位"":""学士"",""政治面貌"":""不限"",""基层工作最低年限"":""无限制"",""服务基层项目工作经历"":""无限制"",""是否在面试阶段组织专业能力测试"":""否"",""面试人员比例"":""3:1"",""工作地点"":""广东省佛山市顺德区"",""落户地点"":""广东省佛山市顺德区"",""备注"":""1.报名时请在专业栏中同时填写专业名称和专业代码；2.限应届高校毕业生报考，请在备注栏中注明本人具有应届高校毕业生身份；3.要求本科学历大学英语四级成绩425分及以上，请在外语水平栏中注明成绩；4.专业考试信息请参见国家金融监督管理总局2025年度招考公告。"",""部门网站"":""http://www.cbirc.gov.cn/"",""咨询电话1"":""020-83180132"",""咨询电话2"":""020-83180121"",""咨询电话3"":"""",""来源Sheet"":""中央国家行政机关省级以下直属机构""}}"
"government_jobs","国家公务员2025招考简章","公务员/事业单位技术岗位","广东省肇庆市四会市","2026-07-28T09:12:58.310295+00:00","统计信息部门一级主任科员及以下","国家金融监督管理总局广东监管局","","广东省肇庆市四会市","公务员/事业单位;2025;computer_software;本科及以上;与最高学历相对应的学位;本科：080901计算机科学与技术、080902软件工程、080903网络工程；研究生：0812计算机科学与技术;市（地）级及以下直属机构综合管理类","用人司局：国家金融监督管理总局四会监管支局
职位简介：主要从事金融信息科技风险监管、电子设备软硬件管理及信息系统运行维护等工作
专业要求：本科：080901计算机科学与技术、080902软件工程、080903网络工程；研究生：0812计算机科学与技术
学历要求：本科及以上
学位要求：与最高学历相对应的学位
政治面貌：不限
基层工作经历：无限制
考试类别：市（地）级及以下直属机构综合管理类
备注：1.报名时请在专业栏中同时填写专业名称和专业代码；2.限应届高校毕业生报考，请在备注栏中注明本人具有应届高校毕业生身份；3.要求本科学历大学英语四级成绩425分及以上，要求研究生学历大学英语六级成绩425分及以上，请在外语水平栏中注明成绩；4.专业考试信息请参见国家金融监督管理总局2025年度招考公告。","https://www.xjhc.gov.cn/xjhc/c116834/202410/a29382e11a674da3be3353af65f9fcc5.shtml#132119-300147547001","2024-10-14","{""dataset_year"":2025,""job_uid"":""GOV-2025-132119-300147547001"",""publisher"":""国家公务员局"",""publication_page"":""https://www.xjhc.gov.cn/xjhc/c116834/202410/a29382e11a674da3be3353af65f9fcc5.shtml"",""attachment_url"":""https://www.xjhc.gov.cn/xjhc/c116834/202410/a29382e11a674da3be3353af65f9fcc5/files/0536cef86e2b46ddad6aae5a3780089e.xls"",""local_source_file"":""2025_guokao_zhaokaojianzhang.xls"",""local_source_sha256"":""07ae6cab368cd21b7a1ac3e8150fe9a3d39ad5171ce76135ff3cccfe50c3e77e"",""source_sheet"":""中央国家行政机关省级以下直属机构"",""filter_version"":""government_tech_v2"",""tech_filter"":{""is_tech"":true,""is_core_tech"":true,""scope"":""core"",""categories"":[""computer_software""],""matched_fields"":[""major"",""description""],""major_terms"":[""网络工程"",""计算机科学与技术"",""软件工程""],""role_terms"":[""信息科技"",""信息系统"",""软硬件""],""reason"":""tech_major_and_role""},""original"":{""部门代码"":""132119"",""部门名称"":""国家金融监督管理总局广东监管局"",""用人司局"":""国家金融监督管理总局四会监管支局"",""机构性质"":""中央国家行政机关省级以下直属机构"",""招考职位"":""统计信息部门一级主任科员及以下"",""职位属性"":""金融监管计算机类职位"",""职位分布"":""其他职位"",""职位简介"":""主要从事金融信息科技风险监管、电子设备软硬件管理及信息系统运行维护等工作"",""职位代码"":""300147547001"",""机构层级"":""县（区）级及以下"",""考试类别"":""市（地）级及以下直属机构综合管理类"",""招考人数"":""1"",""专业"":""本科：080901计算机科学与技术、080902软件工程、080903网络工程；研究生：0812计算机科学与技术"",""学历"":""本科及以上"",""学位"":""与最高学历相对应的学位"",""政治面貌"":""不限"",""基层工作最低年限"":""无限制"",""服务基层项目工作经历"":""无限制"",""是否在面试阶段组织专业能力测试"":""否"",""面试人员比例"":""3:1"",""工作地点"":""广东省肇庆市四会市"",""落户地点"":""广东省肇庆市四会市"",""备注"":""1.报名时请在专业栏中同时填写专业名称和专业代码；2.限应届高校毕业生报考，请在备注栏中注明本人具有应届高校毕业生身份；3.要求本科学历大学英语四级成绩425分及以上，要求研究生学历大学英语六级成绩425分及以上，请在外语水平栏中注明成绩；4.专业考试信息请参见国家金融监督管理总局2025年度招考公告。"",""部门网站"":""http://www.cbirc.gov.cn/"",""咨询电话1"":""020-83180132"",""咨询电话2"":""020-83180121"",""咨询电话3"":"""",""来源Sheet"":""中央国家行政机关省级以下直属机构""}}"
"government_jobs","国家公务员2025招考简章","公务员/事业单位技术岗位","广东省肇庆市封开县","2026-07-28T09:12:58.310295+00:00","统计信息部门一级主任科员及以下","国家金融监督管理总局广东监管局","","广东省肇庆市封开县","公务员/事业单位;2025;computer_software;本科及以上;与最高学历相对应的学位;本科：080901计算机科学与技术、080902软件工程、080903网络工程；研究生：0812计算机科学与技术;市（地）级及以下直属机构综合管理类","用人司局：国家金融监督管理总局封开监管支局
职位简介：主要从事金融信息科技风险监管、电子设备软硬件管理及信息系统运行维护等工作
专业要求：本科：080901计算机科学与技术、080902软件工程、080903网络工程；研究生：0812计算机科学与技术
学历要求：本科及以上
学位要求：与最高学历相对应的学位
政治面貌：不限
基层工作经历：无限制
考试类别：市（地）级及以下直属机构综合管理类
备注：1.报名时请在专业栏中同时填写专业名称和专业代码；2.限应届高校毕业生报考，请在备注栏中注明本人具有应届高校毕业生身份；3.要求本科学历大学英语四级成绩425分及以上，要求研究生学历大学英语六级成绩425分及以上，请在外语水平栏中注明成绩；4.专业考试信息请参见国家金融监督管理总局2025年度招考公告。","https://www.xjhc.gov.cn/xjhc/c116834/202410/a29382e11a674da3be3353af65f9fcc5.shtml#132119-300147548001","2024-10-14","{""dataset_year"":2025,""job_uid"":""GOV-2025-132119-300147548001"",""publisher"":""国家公务员局"",""publication_page"":""https://www.xjhc.gov.cn/xjhc/c116834/202410/a29382e11a674da3be3353af65f9fcc5.shtml"",""attachment_url"":""https://www.xjhc.gov.cn/xjhc/c116834/202410/a29382e11a674da3be3353af65f9fcc5/files/0536cef86e2b46ddad6aae5a3780089e.xls"",""local_source_file"":""2025_guokao_zhaokaojianzhang.xls"",""local_source_sha256"":""07ae6cab368cd21b7a1ac3e8150fe9a3d39ad5171ce76135ff3cccfe50c3e77e"",""source_sheet"":""中央国家行政机关省级以下直属机构"",""filter_version"":""government_tech_v2"",""tech_filter"":{""is_tech"":true,""is_core_tech"":true,""scope"":""core"",""categories"":[""computer_software""],""matched_fields"":[""major"",""description""],""major_terms"":[""网络工程"",""计算机科学与技术"",""软件工程""],""role_terms"":[""信息科技"",""信息系统"",""软硬件""],""reason"":""tech_major_and_role""},""original"":{""部门代码"":""132119"",""部门名称"":""国家金融监督管理总局广东监管局"",""用人司局"":""国家金融监督管理总局封开监管支局"",""机构性质"":""中央国家行政机关省级以下直属机构"",""招考职位"":""统计信息部门一级主任科员及以下"",""职位属性"":""金融监管计算机类职位"",""职位分布"":""其他职位"",""职位简介"":""主要从事金融信息科技风险监管、电子设备软硬件管理及信息系统运行维护等工作"",""职位代码"":""300147548001"",""机构层级"":""县（区）级及以下"",""考试类别"":""市（地）级及以下直属机构综合管理类"",""招考人数"":""1"",""专业"":""本科：080901计算机科学与技术、080902软件工程、080903网络工程；研究生：0812计算机科学与技术"",""学历"":""本科及以上"",""学位"":""与最高学历相对应的学位"",""政治面貌"":""不限"",""基层工作最低年限"":""无限制"",""服务基层项目工作经历"":""无限制"",""是否在面试阶段组织专业能力测试"":""否"",""面试人员比例"":""3:1"",""工作地点"":""广东省肇庆市封开县"",""落户地点"":""广东省肇庆市封开县"",""备注"":""1.报名时请在专业栏中同时填写专业名称和专业代码；2.限应届高校毕业生报考，请在备注栏中注明本人具有应届高校毕业生身份；3.要求本科学历大学英语四级成绩425分及以上，要求研究生学历大学英语六级成绩425分及以上，请在外语水平栏中注明成绩；4.专业考试信息请参见国家金融监督管理总局2025年度招考公告。"",""部门网站"":""http://www.cbirc.gov.cn/"",""咨询电话1"":""020-83180132"",""咨询电话2"":""020-83180121"",""咨询电话3"":"""",""来源Sheet"":""中央国家行政机关省级以下直属机构""}}"
"government_jobs","国家公务员2025招考简章","公务员/事业单位技术岗位","广西壮族自治区南宁市","2026-07-28T09:12:58.310295+00:00","统计信息部门一级主任科员及以下","国家金融监督管理总局广西监管局","","广西壮族自治区南宁市","公务员/事业单位;2025;computer_software;仅限硕士研究生;硕士;计算机类、数学类;中央机关及其省级直属机构综合管理类","用人司局：国家金融监督管理总局广西监管局
职位简介：主要从事金融信息科技风险监管、电子设备软硬件管理及信息系统运行维护等工作
专业要求：计算机类、数学类
学历要求：仅限硕士研究生
学位要求：硕士
政治面貌：不限
基层工作经历：二年
考试类别：中央机关及其省级直属机构综合管理类
备注：1.报名时请在专业栏中同时填写专业名称和专业代码；2.要求研究生学历大学英语六级成绩425分及以上，请在外语水平栏中注明成绩；3.有关专业考试信息请参见国家金融监督管理总局2025年度招考公告。","https://www.xjhc.gov.cn/xjhc/c116834/202410/a29382e11a674da3be3353af65f9fcc5.shtml#132120-300147549001","2024-10-14","{""dataset_year"":2025,""job_uid"":""GOV-2025-132120-300147549001"",""publisher"":""国家公务员局"",""publication_page"":""https://www.xjhc.gov.cn/xjhc/c116834/202410/a29382e11a674da3be3353af65f9fcc5.shtml"",""attachment_url"":""https://www.xjhc.gov.cn/xjhc/c116834/202410/a29382e11a674da3be3353af65f9fcc5/files/0536cef86e2b46ddad6aae5a3780089e.xls"",""local_source_file"":""2025_guokao_zhaokaojianzhang.xls"",""local_source_sha256"":""07ae6cab368cd21b7a1ac3e8150fe9a3d39ad5171ce76135ff3cccfe50c3e77e"",""source_sheet"":""中央国家行政机关省级以下直属机构"",""filter_version"":""government_tech_v2"",""tech_filter"":{""is_tech"":true,""is_core_tech"":true,""scope"":""core"",""categories"":[""computer_software""],""matched_fields"":[""major"",""description""],""major_terms"":[""计算机类""],""role_terms"":[""信息科技"",""信息系统"",""软硬件""],""reason"":""tech_major_and_role""},""original"":{""部门代码"":""132120"",""部门名称"":""国家金融监督管理总局广西监管局"",""用人司局"":""国家金融监督管理总局广西监管局"",""机构性质"":""中央国家行政机关省级以下直属机构"",""招考职位"":""统计信息部门一级主任科员及以下"",""职位属性"":""金融监管计算机类职位"",""职位分布"":""其他职位"",""职位简介"":""主要从事金融信息科技风险监管、电子设备软硬件管理及信息系统运行维护等工作"",""职位代码"":""300147549001"",""机构层级"":""省（副省）级"",""考试类别"":""中央机关及其省级直属机构综合管理类"",""招考人数"":""1"",""专业"":""计算机类、数学类"",""学历"":""仅限硕士研究生"",""学位"":""硕士"",""政治面貌"":""不限"",""基层工作最低年限"":""二年"",""服务基层项目工作经历"":""无限制"",""是否在面试阶段组织专业能力测试"":""否"",""面试人员比例"":""4:1"",""工作地点"":""广西壮族自治区南宁市"",""落户地点"":""广西壮族自治区南宁市"",""备注"":""1.报名时请在专业栏中同时填写专业名称和专业代码；2.要求研究生学历大学英语六级成绩425分及以上，请在外语水平栏中注明成绩；3.有关专业考试信息请参见国家金融监督管理总局2025年度招考公告。"",""部门网站"":""http://www.cbirc.gov.cn/"",""咨询电话1"":""0771-2818510"",""咨询电话2"":""0771-2840923"",""咨询电话3"":""0771-2848210"",""来源Sheet"":""中央国家行政机关省级以下直属机构""}}"
"government_jobs","国家公务员2025招考简章","公务员/事业单位技术岗位","广西壮族自治区柳州市柳江区","2026-07-28T09:12:58.310295+00:00","监管部门一级主任科员及以下","国家金融监督管理总局广西监管局","","广西壮族自治区柳州市柳江区","公务员/事业单位;2025;computer_software;仅限本科;学士;计算机类;市（地）级及以下直属机构综合管理类","用人司局：国家金融监督管理总局柳江监管支局
职位简介：主要从事金融信息科技风险监管、电子设备软硬件管理及信息系统运行维护等工作
专业要求：计算机类
学历要求：仅限本科
学位要求：学士
政治面貌：不限
基层工作经历：无限制
考试类别：市（地）级及以下直属机构综合管理类
备注：1.报名时请在专业栏中同时填写专业名称和专业代码；2.限应届高校毕业生报考，请在备注栏中注明本人具有应届高校毕业生身份；3.要求本科学历大学英语四级成绩425分及以上，请在外语水平栏中注明成绩；4.有关专业考试信息请参见国家金融监督管理总局2025年度招考公告。","https://www.xjhc.gov.cn/xjhc/c116834/202410/a29382e11a674da3be3353af65f9fcc5.shtml#132120-300147551001","2024-10-14","{""dataset_year"":2025,""job_uid"":""GOV-2025-132120-300147551001"",""publisher"":""国家公务员局"",""publication_page"":""https://www.xjhc.gov.cn/xjhc/c116834/202410/a29382e11a674da3be3353af65f9fcc5.shtml"",""attachment_url"":""https://www.xjhc.gov.cn/xjhc/c116834/202410/a29382e11a674da3be3353af65f9fcc5/files/0536cef86e2b46ddad6aae5a3780089e.xls"",""local_source_file"":""2025_guokao_zhaokaojianzhang.xls"",""local_source_sha256"":""07ae6cab368cd21b7a1ac3e8150fe9a3d39ad5171ce76135ff3cccfe50c3e77e"",""source_sheet"":""中央国家行政机关省级以下直属机构"",""filter_version"":""government_tech_v2"",""tech_filter"":{""is_tech"":true,""is_core_tech"":true,""scope"":""core"",""categories"":[""computer_software""],""matched_fields"":[""major"",""description""],""major_terms"":[""计算机类""],""role_terms"":[""信息科技"",""信息系统"",""软硬件""],""reason"":""tech_major_and_role""},""original"":{""部门代码"":""132120"",""部门名称"":""国家金融监督管理总局广西监管局"",""用人司局"":""国家金融监督管理总局柳江监管支局"",""机构性质"":""中央国家行政机关省级以下直属机构"",""招考职位"":""监管部门一级主任科员及以下"",""职位属性"":""金融监管计算机类职位"",""职位分布"":""西部地区和艰苦边远地区职位"",""职位简介"":""主要从事金融信息科技风险监管、电子设备软硬件管理及信息系统运行维护等工作"",""职位代码"":""300147551001"",""机构层级"":""县（区）级及以下"",""考试类别"":""市（地）级及以下直属机构综合管理类"",""招考人数"":""1"",""专业"":""计算机类"",""学历"":""仅限本科"",""学位"":""学士"",""政治面貌"":""不限"",""基层工作最低年限"":""无限制"",""服务基层项目工作经历"":""无限制"",""是否在面试阶段组织专业能力测试"":""否"",""面试人员比例"":""3:1"",""工作地点"":""广西壮族自治区柳州市柳江区"",""落户地点"":""广西壮族自治区柳州市柳江区"",""备注"":""1.报名时请在专业栏中同时填写专业名称和专业代码；2.限应届高校毕业生报考，请在备注栏中注明本人具有应届高校毕业生身份；3.要求本科学历大学英语四级成绩425分及以上，请在外语水平栏中注明成绩；4.有关专业考试信息请参见国家金融监督管理总局2025年度招考公告。"",""部门网站"":""http://www.cbirc.gov.cn/"",""咨询电话1"":""0771-2818510"",""咨询电话2"":""0771-2840923"",""咨询电话3"":""0771-2848210"",""来源Sheet"":""中央国家行政机关省级以下直属机构""}}"
"government_jobs","国家公务员2025招考简章","公务员/事业单位技术岗位","广西壮族自治区贵港市","2026-07-28T09:12:58.310295+00:00","监管部门一级主任科员及以下","国家金融监督管理总局广西监管局","","广西壮族自治区贵港市","公务员/事业单位;2025;computer_software;本科或硕士研究生;与最高学历相对应的学位;计算机类;市（地）级及以下直属机构综合管理类","用人司局：国家金融监督管理总局贵港监管分局
职位简介：主要从事金融信息科技风险监管、电子设备软硬件管理及信息系统运行维护等工作
专业要求：计算机类
学历要求：本科或硕士研究生
学位要求：与最高学历相对应的学位
政治面貌：不限
基层工作经历：无限制
考试类别：市（地）级及以下直属机构综合管理类
备注：1.报名时请在专业栏中同时填写专业名称和专业代码；2.要求本科学历大学英语四级成绩425分及以上，请在外语水平栏中注明成绩；要求研究生学历大学英语四级成绩425分及以上，请在外语水平栏中注明成绩；3.有关专业考试信息请参见国家金融监督管理总局2025年度招考公告。","https://www.xjhc.gov.cn/xjhc/c116834/202410/a29382e11a674da3be3353af65f9fcc5.shtml#132120-300147553001","2024-10-14","{""dataset_year"":2025,""job_uid"":""GOV-2025-132120-300147553001"",""publisher"":""国家公务员局"",""publication_page"":""https://www.xjhc.gov.cn/xjhc/c116834/202410/a29382e11a674da3be3353af65f9fcc5.shtml"",""attachment_url"":""https://www.xjhc.gov.cn/xjhc/c116834/202410/a29382e11a674da3be3353af65f9fcc5/files/0536cef86e2b46ddad6aae5a3780089e.xls"",""local_source_file"":""2025_guokao_zhaokaojianzhang.xls"",""local_source_sha256"":""07ae6cab368cd21b7a1ac3e8150fe9a3d39ad5171ce76135ff3cccfe50c3e77e"",""source_sheet"":""中央国家行政机关省级以下直属机构"",""filter_version"":""government_tech_v2"",""tech_filter"":{""is_tech"":true,""is_core_tech"":true,""scope"":""core"",""categories"":[""computer_software""],""matched_fields"":[""major"",""description""],""major_terms"":[""计算机类""],""role_terms"":[""信息科技"",""信息系统"",""软硬件""],""reason"":""tech_major_and_role""},""original"":{""部门代码"":""132120"",""部门名称"":""国家金融监督管理总局广西监管局"",""用人司局"":""国家金融监督管理总局贵港监管分局"",""机构性质"":""中央国家行政机关省级以下直属机构"",""招考职位"":""监管部门一级主任科员及以下"",""职位属性"":""金融监管计算机类职位"",""职位分布"":""西部地区和艰苦边远地区职位"",""职位简介"":""主要从事金融信息科技风险监管、电子设备软硬件管理及信息系统运行维护等工作"",""职位代码"":""300147553001"",""机构层级"":""市（地）级"",""考试类别"":""市（地）级及以下直属机构综合管理类"",""招考人数"":""1"",""专业"":""计算机类"",""学历"":""本科或硕士研究生"",""学位"":""与最高学历相对应的学位"",""政治面貌"":""不限"",""基层工作最低年限"":""无限制"",""服务基层项目工作经历"":""无限制"",""是否在面试阶段组织专业能力测试"":""否"",""面试人员比例"":""3:1"",""工作地点"":""广西壮族自治区贵港市"",""落户地点"":""广西壮族自治区贵港市"",""备注"":""1.报名时请在专业栏中同时填写专业名称和专业代码；2.要求本科学历大学英语四级成绩425分及以上，请在外语水平栏中注明成绩；要求研究生学历大学英语四级成绩425分及以上，请在外语水平栏中注明成绩；3.有关专业考试信息请参见国家金融监督管理总局2025年度招考公告。"",""部门网站"":""http://www.cbirc.gov.cn/"",""咨询电话1"":""0771-2818510"",""咨询电话2"":""0771-2840923"",""咨询电话3"":""0771-2848210"",""来源Sheet"":""中央国家行政机关省级以下直属机构""}}"
"government_jobs","国家公务员2025招考简章","公务员/事业单位技术岗位","广西壮族自治区北海市合浦县","2026-07-28T09:12:58.310295+00:00","综合部门一级主任科员及以下","国家金融监督管理总局广西监管局","","广西壮族自治区北海市合浦县","公务员/事业单位;2025;computer_software;cybersecurity_cryptography;仅限本科;学士;计算机科学与技术（专业代码080901）、软件工程（专业代码080902）、网络工程（专业代码080903）、信息安全（专业代码080904K）;市（地）级及以下直属机构综合管理类","用人司局：国家金融监督管理总局合浦监管支局
职位简介：主要从事金融信息科技风险监管、电子设备软硬件管理及信息系统运行维护等工作
专业要求：计算机科学与技术（专业代码080901）、软件工程（专业代码080902）、网络工程（专业代码080903）、信息安全（专业代码080904K）
学历要求：仅限本科
学位要求：学士
政治面貌：不限
基层工作经历：无限制
考试类别：市（地）级及以下直属机构综合管理类
备注：1.报名时请在专业栏中同时填写专业名称和专业代码；2.限应届高校毕业生报考，请在备注栏中注明本人具有应届高校毕业生身份；3.要求本科学历大学英语四级成绩425分及以上，请在外语水平栏中注明成绩；4.有关专业考试信息请参见国家金融监督管理总局2025年度招考公告。","https://www.xjhc.gov.cn/xjhc/c116834/202410/a29382e11a674da3be3353af65f9fcc5.shtml#132120-300147558001","2024-10-14","{""dataset_year"":2025,""job_uid"":""GOV-2025-132120-300147558001"",""publisher"":""国家公务员局"",""publication_page"":""https://www.xjhc.gov.cn/xjhc/c116834/202410/a29382e11a674da3be3353af65f9fcc5.shtml"",""attachment_url"":""https://www.xjhc.gov.cn/xjhc/c116834/202410/a29382e11a674da3be3353af65f9fcc5/files/0536cef86e2b46ddad6aae5a3780089e.xls"",""local_source_file"":""2025_guokao_zhaokaojianzhang.xls"",""local_source_sha256"":""07ae6cab368cd21b7a1ac3e8150fe9a3d39ad5171ce76135ff3cccfe50c3e77e"",""source_sheet"":""中央国家行政机关省级以下直属机构"",""filter_version"":""government_tech_v2"",""tech_filter"":{""is_tech"":true,""is_core_tech"":true,""scope"":""core"",""categories"":[""computer_software"",""cybersecurity_cryptography""],""matched_fields"":[""major"",""description""],""major_terms"":[""信息安全"",""网络工程"",""计算机科学与技术"",""软件工程""],""role_terms"":[""信息科技"",""信息系统"",""软硬件""],""reason"":""tech_major_and_role""},""original"":{""部门代码"":""132120"",""部门名称"":""国家金融监督管理总局广西监管局"",""用人司局"":""国家金融监督管理总局合浦监管支局"",""机构性质"":""中央国家行政机关省级以下直属机构"",""招考职位"":""综合部门一级主任科员及以下"",""职位属性"":""金融监管计算机类职位"",""职位分布"":""西部地区和艰苦边远地区职位"",""职位简介"":""主要从事金融信息科技风险监管、电子设备软硬件管理及信息系统运行维护等工作"",""职位代码"":""300147558001"",""机构层级"":""县（区）级及以下"",""考试类别"":""市（地）级及以下直属机构综合管理类"",""招考人数"":""1"",""专业"":""计算机科学与技术（专业代码080901）、软件工程（专业代码080902）、网络工程（专业代码080903）、信息安全（专业代码080904K）"",""学历"":""仅限本科"",""学位"":""学士"",""政治面貌"":""不限"",""基层工作最低年限"":""无限制"",""服务基层项目工作经历"":""无限制"",""是否在面试阶段组织专业能力测试"":""否"",""面试人员比例"":""3:1"",""工作地点"":""广西壮族自治区北海市合浦县"",""落户地点"":""广西壮族自治区北海市合浦县"",""备注"":""1.报名时请在专业栏中同时填写专业名称和专业代码；2.限应届高校毕业生报考，请在备注栏中注明本人具有应届高校毕业生身份；3.要求本科学历大学英语四级成绩425分及以上，请在外语水平栏中注明成绩；4.有关专业考试信息请参见国家金融监督管理总局2025年度招考公告。"",""部门网站"":""http://www.cbirc.gov.cn/"",""咨询电话1"":""0771-2818510"",""咨询电话2"":""0771-2840923"",""咨询电话3"":""0771-2848210"",""来源Sheet"":""中央国家行政机关省级以下直属机构""}}"
"government_jobs","国家公务员2025招考简章","公务员/事业单位技术岗位","广西壮族自治区防城港市","2026-07-28T09:12:58.310295+00:00","统计信息部门一级主任科员及以下","国家金融监督管理总局广西监管局","","广西壮族自治区防城港市","公务员/事业单位;2025;computer_software;本科或硕士研究生;与最高学历相对应的学位;计算机类;市（地）级及以下直属机构综合管理类","用人司局：国家金融监督管理总局防城港监管分局
职位简介：主要从事金融信息科技风险监管、电子设备软硬件管理及信息系统运行维护等工作
专业要求：计算机类
学历要求：本科或硕士研究生
学位要求：与最高学历相对应的学位
政治面貌：不限
基层工作经历：无限制
考试类别：市（地）级及以下直属机构综合管理类
备注：1.报名时请在专业栏中同时填写专业名称和专业代码；2.限应届高校毕业生报考，请在备注栏中注明本人具有应届高校毕业生身份；3.要求本科学历大学英语四级成绩425分及以上，请在外语水平栏中注明成绩；要求研究生学历大学英语六级成绩425分及以上，请在外语水平栏中注明成绩；4.有关专业考试信息请参见国家金融监督管理总局2025年度招考公告。","https://www.xjhc.gov.cn/xjhc/c116834/202410/a29382e11a674da3be3353af65f9fcc5.shtml#132120-300147559001","2024-10-14","{""dataset_year"":2025,""job_uid"":""GOV-2025-132120-300147559001"",""publisher"":""国家公务员局"",""publication_page"":""https://www.xjhc.gov.cn/xjhc/c116834/202410/a29382e11a674da3be3353af65f9fcc5.shtml"",""attachment_url"":""https://www.xjhc.gov.cn/xjhc/c116834/202410/a29382e11a674da3be3353af65f9fcc5/files/0536cef86e2b46ddad6aae5a3780089e.xls"",""local_source_file"":""2025_guokao_zhaokaojianzhang.xls"",""local_source_sha256"":""07ae6cab368cd21b7a1ac3e8150fe9a3d39ad5171ce76135ff3cccfe50c3e77e"",""source_sheet"":""中央国家行政机关省级以下直属机构"",""filter_version"":""government_tech_v2"",""tech_filter"":{""is_tech"":true,""is_core_tech"":true,""scope"":""core"",""categories"":[""computer_software""],""matched_fields"":[""major"",""description""],""major_terms"":[""计算机类""],""role_terms"":[""信息科技"",""信息系统"",""软硬件""],""reason"":""tech_major_and_role""},""original"":{""部门代码"":""132120"",""部门名称"":""国家金融监督管理总局广西监管局"",""用人司局"":""国家金融监督管理总局防城港监管分局"",""机构性质"":""中央国家行政机关省级以下直属机构"",""招考职位"":""统计信息部门一级主任科员及以下"",""职位属性"":""金融监管计算机类职位"",""职位分布"":""西部地区和艰苦边远地区职位"",""职位简介"":""主要从事金融信息科技风险监管、电子设备软硬件管理及信息系统运行维护等工作"",""职位代码"":""300147559001"",""机构层级"":""市（地）级"",""考试类别"":""市（地）级及以下直属机构综合管理类"",""招考人数"":""1"",""专业"":""计算机类"",""学历"":""本科或硕士研究生"",""学位"":""与最高学历相对应的学位"",""政治面貌"":""不限"",""基层工作最低年限"":""无限制"",""服务基层项目工作经历"":""无限制"",""是否在面试阶段组织专业能力测试"":""否"",""面试人员比例"":""3:1"",""工作地点"":""广西壮族自治区防城港市"",""落户地点"":""广西壮族自治区防城港市"",""备注"":""1.报名时请在专业栏中同时填写专业名称和专业代码；2.限应届高校毕业生报考，请在备注栏中注明本人具有应届高校毕业生身份；3.要求本科学历大学英语四级成绩425分及以上，请在外语水平栏中注明成绩；要求研究生学历大学英语六级成绩425分及以上，请在外语水平栏中注明成绩；4.有关专业考试信息请参见国家金融监督管理总局2025年度招考公告。"",""部门网站"":""http://www.cbirc.gov.cn/"",""咨询电话1"":""0771-2818510"",""咨询电话2"":""0771-2840923"",""咨询电话3"":""0771-2848210"",""来源Sheet"":""中央国家行政机关省级以下直属机构""}}"
"government_jobs","国家公务员2025招考简章","公务员/事业单位技术岗位","广西壮族自治区崇左市","2026-07-28T09:12:58.310295+00:00","统计信息部门一级主任科员及以下","国家金融监督管理总局广西监管局","","广西壮族自治区崇左市","公务员/事业单位;2025;computer_software;本科或硕士研究生;与最高学历相对应的学位;计算机类;市（地）级及以下直属机构综合管理类","用人司局：国家金融监督管理总局崇左监管分局
职位简介：主要从事金融信息科技风险监管、电子设备软硬件管理及信息系统运行维护等工作
专业要求：计算机类
学历要求：本科或硕士研究生
学位要求：与最高学历相对应的学位
政治面貌：不限
基层工作经历：无限制
考试类别：市（地）级及以下直属机构综合管理类
备注：1.报名时请在专业栏中同时填写专业名称和专业代码；2.限应届高校毕业生报考，请在备注栏中注明本人具有应届高校毕业生身份；3.要求本科学历大学英语四级成绩425分及以上，请在外语水平栏中注明成绩；要求研究生学历大学英语六级成绩425分及以上，请在外语水平栏中注明成绩；4.有关专业考试信息请参见国家金融监督管理总局2025年度招考公告。","https://www.xjhc.gov.cn/xjhc/c116834/202410/a29382e11a674da3be3353af65f9fcc5.shtml#132120-300147561001","2024-10-14","{""dataset_year"":2025,""job_uid"":""GOV-2025-132120-300147561001"",""publisher"":""国家公务员局"",""publication_page"":""https://www.xjhc.gov.cn/xjhc/c116834/202410/a29382e11a674da3be3353af65f9fcc5.shtml"",""attachment_url"":""https://www.xjhc.gov.cn/xjhc/c116834/202410/a29382e11a674da3be3353af65f9fcc5/files/0536cef86e2b46ddad6aae5a3780089e.xls"",""local_source_file"":""2025_guokao_zhaokaojianzhang.xls"",""local_source_sha256"":""07ae6cab368cd21b7a1ac3e8150fe9a3d39ad5171ce76135ff3cccfe50c3e77e"",""source_sheet"":""中央国家行政机关省级以下直属机构"",""filter_version"":""government_tech_v2"",""tech_filter"":{""is_tech"":true,""is_core_tech"":true,""scope"":""core"",""categories"":[""computer_software""],""matched_fields"":[""major"",""description""],""major_terms"":[""计算机类""],""role_terms"":[""信息科技"",""信息系统"",""软硬件""],""reason"":""tech_major_and_role""},""original"":{""部门代码"":""132120"",""部门名称"":""国家金融监督管理总局广西监管局"",""用人司局"":""国家金融监督管理总局崇左监管分局"",""机构性质"":""中央国家行政机关省级以下直属机构"",""招考职位"":""统计信息部门一级主任科员及以下"",""职位属性"":""金融监管计算机类职位"",""职位分布"":""西部地区和艰苦边远地区职位"",""职位简介"":""主要从事金融信息科技风险监管、电子设备软硬件管理及信息系统运行维护等工作"",""职位代码"":""300147561001"",""机构层级"":""市（地）级"",""考试类别"":""市（地）级及以下直属机构综合管理类"",""招考人数"":""1"",""专业"":""计算机类"",""学历"":""本科或硕士研究生"",""学位"":""与最高学历相对应的学位"",""政治面貌"":""不限"",""基层工作最低年限"":""无限制"",""服务基层项目工作经历"":""无限制"",""是否在面试阶段组织专业能力测试"":""否"",""面试人员比例"":""3:1"",""工作地点"":""广西壮族自治区崇左市"",""落户地点"":""广西壮族自治区崇左市"",""备注"":""1.报名时请在专业栏中同时填写专业名称和专业代码；2.限应届高校毕业生报考，请在备注栏中注明本人具有应届高校毕业生身份；3.要求本科学历大学英语四级成绩425分及以上，请在外语水平栏中注明成绩；要求研究生学历大学英语六级成绩425分及以上，请在外语水平栏中注明成绩；4.有关专业考试信息请参见国家金融监督管理总局2025年度招考公告。"",""部门网站"":""http://www.cbirc.gov.cn/"",""咨询电话1"":""0771-2818510"",""咨询电话2"":""0771-2840923"",""咨询电话3"":""0771-2848210"",""来源Sheet"":""中央国家行政机关省级以下直属机构""}}"
"government_jobs","国家公务员2025招考简章","公务员/事业单位技术岗位","广西壮族自治区崇左市大新县","2026-07-28T09:12:58.310295+00:00","综合部门一级主任科员及以下","国家金融监督管理总局广西监管局","","广西壮族自治区崇左市大新县","公务员/事业单位;2025;computer_software;本科或硕士研究生;与最高学历相对应的学位;计算机类;市（地）级及以下直属机构综合管理类","用人司局：国家金融监督管理总局大新监管支局
职位简介：主要从事金融信息科技风险监管、电子设备软硬件管理及信息系统运行维护等工作
专业要求：计算机类
学历要求：本科或硕士研究生
学位要求：与最高学历相对应的学位
政治面貌：不限
基层工作经历：无限制
考试类别：市（地）级及以下直属机构综合管理类
备注：1.报名时请在专业栏中同时填写专业名称和专业代码；2.限应届高校毕业生报考，请在备注栏中注明本人具有应届高校毕业生身份；3.要求本科学历大学英语四级成绩425分及以上，请在外语水平栏中注明成绩；要求研究生学历大学英语六级成绩425分及以上，请在外语水平栏中注明成绩；4.有关专业考试信息请参见国家金融监督管理总局2025年度招考公告。","https://www.xjhc.gov.cn/xjhc/c116834/202410/a29382e11a674da3be3353af65f9fcc5.shtml#132120-300147562001","2024-10-14","{""dataset_year"":2025,""job_uid"":""GOV-2025-132120-300147562001"",""publisher"":""国家公务员局"",""publication_page"":""https://www.xjhc.gov.cn/xjhc/c116834/202410/a29382e11a674da3be3353af65f9fcc5.shtml"",""attachment_url"":""https://www.xjhc.gov.cn/xjhc/c116834/202410/a29382e11a674da3be3353af65f9fcc5/files/0536cef86e2b46ddad6aae5a3780089e.xls"",""local_source_file"":""2025_guokao_zhaokaojianzhang.xls"",""local_source_sha256"":""07ae6cab368cd21b7a1ac3e8150fe9a3d39ad5171ce76135ff3cccfe50c3e77e"",""source_sheet"":""中央国家行政机关省级以下直属机构"",""filter_version"":""government_tech_v2"",""tech_filter"":{""is_tech"":true,""is_core_tech"":true,""scope"":""core"",""categories"":[""computer_software""],""matched_fields"":[""major"",""description""],""major_terms"":[""计算机类""],""role_terms"":[""信息科技"",""信息系统"",""软硬件""],""reason"":""tech_major_and_role""},""original"":{""部门代码"":""132120"",""部门名称"":""国家金融监督管理总局广西监管局"",""用人司局"":""国家金融监督管理总局大新监管支局"",""机构性质"":""中央国家行政机关省级以下直属机构"",""招考职位"":""综合部门一级主任科员及以下"",""职位属性"":""金融监管计算机类职位"",""职位分布"":""西部地区和艰苦边远地区职位"",""职位简介"":""主要从事金融信息科技风险监管、电子设备软硬件管理及信息系统运行维护等工作"",""职位代码"":""300147562001"",""机构层级"":""县（区）级及以下"",""考试类别"":""市（地）级及以下直属机构综合管理类"",""招考人数"":""1"",""专业"":""计算机类"",""学历"":""本科或硕士研究生"",""学位"":""与最高学历相对应的学位"",""政治面貌"":""不限"",""基层工作最低年限"":""无限制"",""服务基层项目工作经历"":""无限制"",""是否在面试阶段组织专业能力测试"":""否"",""面试人员比例"":""3:1"",""工作地点"":""广西壮族自治区崇左市大新县"",""落户地点"":""广西壮族自治区崇左市大新县"",""备注"":""1.报名时请在专业栏中同时填写专业名称和专业代码；2.限应届高校毕业生报考，请在备注栏中注明本人具有应届高校毕业生身份；3.要求本科学历大学英语四级成绩425分及以上，请在外语水平栏中注明成绩；要求研究生学历大学英语六级成绩425分及以上，请在外语水平栏中注明成绩；4.有关专业考试信息请参见国家金融监督管理总局2025年度招考公告。"",""部门网站"":""http://www.cbirc.gov.cn/"",""咨询电话1"":""0771-2818510"",""咨询电话2"":""0771-2840923"",""咨询电话3"":""0771-2848210"",""来源Sheet"":""中央国家行政机关省级以下直属机构""}}"
"government_jobs","国家公务员2025招考简章","公务员/事业单位技术岗位","广西壮族自治区崇左市天等县","2026-07-28T09:12:58.310295+00:00","综合部门一级主任科员及以下","国家金融监督管理总局广西监管局","","广西壮族自治区崇左市天等县","公务员/事业单位;2025;computer_software;本科或硕士研究生;与最高学历相对应的学位;计算机类;市（地）级及以下直属机构综合管理类","用人司局：国家金融监督管理总局天等监管支局
职位简介：主要从事金融信息科技风险监管、电子设备软硬件管理及信息系统运行维护等工作
专业要求：计算机类
学历要求：本科或硕士研究生
学位要求：与最高学历相对应的学位
政治面貌：不限
基层工作经历：无限制
考试类别：市（地）级及以下直属机构综合管理类
备注：1.报名时请在专业栏中同时填写专业名称和专业代码；2.限应届高校毕业生报考，请在备注栏中注明本人具有应届高校毕业生身份；3.要求本科学历大学英语四级成绩425分及以上，请在外语水平栏中注明成绩；要求研究生学历大学英语六级成绩425分及以上，请在外语水平栏中注明成绩；4.有关专业考试信息请参见国家金融监督管理总局2025年度招考公告。","https://www.xjhc.gov.cn/xjhc/c116834/202410/a29382e11a674da3be3353af65f9fcc5.shtml#132120-300147563001","2024-10-14","{""dataset_year"":2025,""job_uid"":""GOV-2025-132120-300147563001"",""publisher"":""国家公务员局"",""publication_page"":""https://www.xjhc.gov.cn/xjhc/c116834/202410/a29382e11a674da3be3353af65f9fcc5.shtml"",""attachment_url"":""https://www.xjhc.gov.cn/xjhc/c116834/202410/a29382e11a674da3be3353af65f9fcc5/files/0536cef86e2b46ddad6aae5a3780089e.xls"",""local_source_file"":""2025_guokao_zhaokaojianzhang.xls"",""local_source_sha256"":""07ae6cab368cd21b7a1ac3e8150fe9a3d39ad5171ce76135ff3cccfe50c3e77e"",""source_sheet"":""中央国家行政机关省级以下直属机构"",""filter_version"":""government_tech_v2"",""tech_filter"":{""is_tech"":true,""is_core_tech"":true,""scope"":""core"",""categories"":[""computer_software""],""matched_fields"":[""major"",""description""],""major_terms"":[""计算机类""],""role_terms"":[""信息科技"",""信息系统"",""软硬件""],""reason"":""tech_major_and_role""},""original"":{""部门代码"":""132120"",""部门名称"":""国家金融监督管理总局广西监管局"",""用人司局"":""国家金融监督管理总局天等监管支局"",""机构性质"":""中央国家行政机关省级以下直属机构"",""招考职位"":""综合部门一级主任科员及以下"",""职位属性"":""金融监管计算机类职位"",""职位分布"":""西部地区和艰苦边远地区职位"",""职位简介"":""主要从事金融信息科技风险监管、电子设备软硬件管理及信息系统运行维护等工作"",""职位代码"":""300147563001"",""机构层级"":""县（区）级及以下"",""考试类别"":""市（地）级及以下直属机构综合管理类"",""招考人数"":""1"",""专业"":""计算机类"",""学历"":""本科或硕士研究生"",""学位"":""与最高学历相对应的学位"",""政治面貌"":""不限"",""基层工作最低年限"":""无限制"",""服务基层项目工作经历"":""无限制"",""是否在面试阶段组织专业能力测试"":""否"",""面试人员比例"":""3:1"",""工作地点"":""广西壮族自治区崇左市天等县"",""落户地点"":""广西壮族自治区崇左市天等县"",""备注"":""1.报名时请在专业栏中同时填写专业名称和专业代码；2.限应届高校毕业生报考，请在备注栏中注明本人具有应届高校毕业生身份；3.要求本科学历大学英语四级成绩425分及以上，请在外语水平栏中注明成绩；要求研究生学历大学英语六级成绩425分及以上，请在外语水平栏中注明成绩；4.有关专业考试信息请参见国家金融监督管理总局2025年度招考公告。"",""部门网站"":""http://www.cbirc.gov.cn/"",""咨询电话1"":""0771-2818510"",""咨询电话2"":""0771-2840923"",""咨询电话3"":""0771-2848210"",""来源Sheet"":""中央国家行政机关省级以下直属机构""}}"
"government_jobs","国家公务员2025招考简章","公务员/事业单位技术岗位","广西壮族自治区崇左市扶绥县","2026-07-28T09:12:58.310295+00:00","综合部门一级主任科员及以下","国家金融监督管理总局广西监管局","","广西壮族自治区崇左市扶绥县","公务员/事业单位;2025;computer_software;本科或硕士研究生;与最高学历相对应的学位;计算机类;市（地）级及以下直属机构综合管理类","用人司局：国家金融监督管理总局扶绥监管支局
职位简介：主要从事金融信息科技风险监管、电子设备软硬件管理及信息系统运行维护等工作
专业要求：计算机类
学历要求：本科或硕士研究生
学位要求：与最高学历相对应的学位
政治面貌：不限
基层工作经历：无限制
考试类别：市（地）级及以下直属机构综合管理类
备注：1.报名时请在专业栏中同时填写专业名称和专业代码；2.要求本科学历大学英语四级成绩425分及以上，请在外语水平栏中注明成绩；要求研究生学历大学英语六级成绩425分及以上，请在外语水平栏中注明成绩；3.有关专业考试信息请参见国家金融监督管理总局2025年度招考公告。","https://www.xjhc.gov.cn/xjhc/c116834/202410/a29382e11a674da3be3353af65f9fcc5.shtml#132120-300147567001","2024-10-14","{""dataset_year"":2025,""job_uid"":""GOV-2025-132120-300147567001"",""publisher"":""国家公务员局"",""publication_page"":""https://www.xjhc.gov.cn/xjhc/c116834/202410/a29382e11a674da3be3353af65f9fcc5.shtml"",""attachment_url"":""https://www.xjhc.gov.cn/xjhc/c116834/202410/a29382e11a674da3be3353af65f9fcc5/files/0536cef86e2b46ddad6aae5a3780089e.xls"",""local_source_file"":""2025_guokao_zhaokaojianzhang.xls"",""local_source_sha256"":""07ae6cab368cd21b7a1ac3e8150fe9a3d39ad5171ce76135ff3cccfe50c3e77e"",""source_sheet"":""中央国家行政机关省级以下直属机构"",""filter_version"":""government_tech_v2"",""tech_filter"":{""is_tech"":true,""is_core_tech"":true,""scope"":""core"",""categories"":[""computer_software""],""matched_fields"":[""major"",""description""],""major_terms"":[""计算机类""],""role_terms"":[""信息科技"",""信息系统"",""软硬件""],""reason"":""tech_major_and_role""},""original"":{""部门代码"":""132120"",""部门名称"":""国家金融监督管理总局广西监管局"",""用人司局"":""国家金融监督管理总局扶绥监管支局"",""机构性质"":""中央国家行政机关省级以下直属机构"",""招考职位"":""综合部门一级主任科员及以下"",""职位属性"":""金融监管计算机类职位"",""职位分布"":""西部地区和艰苦边远地区职位"",""职位简介"":""主要从事金融信息科技风险监管、电子设备软硬件管理及信息系统运行维护等工作"",""职位代码"":""300147567001"",""机构层级"":""县（区）级及以下"",""考试类别"":""市（地）级及以下直属机构综合管理类"",""招考人数"":""1"",""专业"":""计算机类"",""学历"":""本科或硕士研究生"",""学位"":""与最高学历相对应的学位"",""政治面貌"":""不限"",""基层工作最低年限"":""无限制"",""服务基层项目工作经历"":""无限制"",""是否在面试阶段组织专业能力测试"":""否"",""面试人员比例"":""3:1"",""工作地点"":""广西壮族自治区崇左市扶绥县"",""落户地点"":""广西壮族自治区崇左市扶绥县"",""备注"":""1.报名时请在专业栏中同时填写专业名称和专业代码；2.要求本科学历大学英语四级成绩425分及以上，请在外语水平栏中注明成绩；要求研究生学历大学英语六级成绩425分及以上，请在外语水平栏中注明成绩；3.有关专业考试信息请参见国家金融监督管理总局2025年度招考公告。"",""部门网站"":""http://www.cbirc.gov.cn/"",""咨询电话1"":""0771-2818510"",""咨询电话2"":""0771-2840923"",""咨询电话3"":""0771-2848210"",""来源Sheet"":""中央国家行政机关省级以下直属机构""}}"
"government_jobs","国家公务员2025招考简章","公务员/事业单位技术岗位","广西壮族自治区来宾市金秀瑶族自治县","2026-07-28T09:12:58.310295+00:00","综合部门一级主任科员及以下","国家金融监督管理总局广西监管局","","广西壮族自治区来宾市金秀瑶族自治县","公务员/事业单位;2025;automation_robotics;computer_software;本科或硕士研究生;与最高学历相对应的学位;计算机类、数学类、自动化类;市（地）级及以下直属机构综合管理类","用人司局：国家金融监督管理总局金秀监管支局
职位简介：主要从事金融信息科技风险监管、电子设备软硬件管理及信息系统运行维护等工作
专业要求：计算机类、数学类、自动化类
学历要求：本科或硕士研究生
学位要求：与最高学历相对应的学位
政治面貌：不限
基层工作经历：二年
考试类别：市（地）级及以下直属机构综合管理类
备注：1.报名时请在专业栏中同时填写专业名称和专业代码；2.有关专业考试信息请参见国家金融监督管理总局2025年度招考公告。","https://www.xjhc.gov.cn/xjhc/c116834/202410/a29382e11a674da3be3353af65f9fcc5.shtml#132120-300147570001","2024-10-14","{""dataset_year"":2025,""job_uid"":""GOV-2025-132120-300147570001"",""publisher"":""国家公务员局"",""publication_page"":""https://www.xjhc.gov.cn/xjhc/c116834/202410/a29382e11a674da3be3353af65f9fcc5.shtml"",""attachment_url"":""https://www.xjhc.gov.cn/xjhc/c116834/202410/a29382e11a674da3be3353af65f9fcc5/files/0536cef86e2b46ddad6aae5a3780089e.xls"",""local_source_file"":""2025_guokao_zhaokaojianzhang.xls"",""local_source_sha256"":""07ae6cab368cd21b7a1ac3e8150fe9a3d39ad5171ce76135ff3cccfe50c3e77e"",""source_sheet"":""中央国家行政机关省级以下直属机构"",""filter_version"":""government_tech_v2"",""tech_filter"":{""is_tech"":true,""is_core_tech"":true,""scope"":""core"",""categories"":[""automation_robotics"",""computer_software""],""matched_fields"":[""major"",""description""],""major_terms"":[""自动化类"",""计算机类""],""role_terms"":[""信息科技"",""信息系统"",""软硬件""],""reason"":""tech_major_and_role""},""original"":{""部门代码"":""132120"",""部门名称"":""国家金融监督管理总局广西监管局"",""用人司局"":""国家金融监督管理总局金秀监管支局"",""机构性质"":""中央国家行政机关省级以下直属机构"",""招考职位"":""综合部门一级主任科员及以下"",""职位属性"":""金融监管计算机类职位"",""职位分布"":""西部地区和艰苦边远地区职位"",""职位简介"":""主要从事金融信息科技风险监管、电子设备软硬件管理及信息系统运行维护等工作"",""职位代码"":""300147570001"",""机构层级"":""县（区）级及以下"",""考试类别"":""市（地）级及以下直属机构综合管理类"",""招考人数"":""1"",""专业"":""计算机类、数学类、自动化类"",""学历"":""本科或硕士研究生"",""学位"":""与最高学历相对应的学位"",""政治面貌"":""不限"",""基层工作最低年限"":""二年"",""服务基层项目工作经历"":""无限制"",""是否在面试阶段组织专业能力测试"":""否"",""面试人员比例"":""3:1"",""工作地点"":""广西壮族自治区来宾市金秀瑶族自治县"",""落户地点"":""广西壮族自治区来宾市金秀瑶族自治县"",""备注"":""1.报名时请在专业栏中同时填写专业名称和专业代码；2.有关专业考试信息请参见国家金融监督管理总局2025年度招考公告。"",""部门网站"":""http://www.cbirc.gov.cn/"",""咨询电话1"":""0771-2818510"",""咨询电话2"":""0771-2840923"",""咨询电话3"":""0771-2848210"",""来源Sheet"":""中央国家行政机关省级以下直属机构""}}"
"government_jobs","国家公务员2025招考简章","公务员/事业单位技术岗位","广西壮族自治区贺州市","2026-07-28T09:12:58.310295+00:00","监管部门一级主任科员及以下","国家金融监督管理总局广西监管局","","广西壮族自治区贺州市","公务员/事业单位;2025;computer_software;本科或硕士研究生;与最高学历相对应的学位;计算机类、数学类;市（地）级及以下直属机构综合管理类","用人司局：国家金融监督管理总局贺州监管分局
职位简介：主要从事金融信息科技风险监管、电子设备软硬件管理及信息系统运行维护等工作
专业要求：计算机类、数学类
学历要求：本科或硕士研究生
学位要求：与最高学历相对应的学位
政治面貌：不限
基层工作经历：无限制
考试类别：市（地）级及以下直属机构综合管理类
备注：1.报名时请在专业栏中同时填写专业名称和专业代码；2.要求本科学历大学英语四级成绩425分及以上，请在外语水平栏中注明成绩；要求研究生学历大学英语六级成绩425分及以上，请在外语水平栏中注明成绩；3.有关专业考试信息请参见国家金融监督管理总局2025年度招考公告。","https://www.xjhc.gov.cn/xjhc/c116834/202410/a29382e11a674da3be3353af65f9fcc5.shtml#132120-300147573001","2024-10-14","{""dataset_year"":2025,""job_uid"":""GOV-2025-132120-300147573001"",""publisher"":""国家公务员局"",""publication_page"":""https://www.xjhc.gov.cn/xjhc/c116834/202410/a29382e11a674da3be3353af65f9fcc5.shtml"",""attachment_url"":""https://www.xjhc.gov.cn/xjhc/c116834/202410/a29382e11a674da3be3353af65f9fcc5/files/0536cef86e2b46ddad6aae5a3780089e.xls"",""local_source_file"":""2025_guokao_zhaokaojianzhang.xls"",""local_source_sha256"":""07ae6cab368cd21b7a1ac3e8150fe9a3d39ad5171ce76135ff3cccfe50c3e77e"",""source_sheet"":""中央国家行政机关省级以下直属机构"",""filter_version"":""government_tech_v2"",""tech_filter"":{""is_tech"":true,""is_core_tech"":true,""scope"":""core"",""categories"":[""computer_software""],""matched_fields"":[""major"",""description""],""major_terms"":[""计算机类""],""role_terms"":[""信息科技"",""信息系统"",""软硬件""],""reason"":""tech_major_and_role""},""original"":{""部门代码"":""132120"",""部门名称"":""国家金融监督管理总局广西监管局"",""用人司局"":""国家金融监督管理总局贺州监管分局"",""机构性质"":""中央国家行政机关省级以下直属机构"",""招考职位"":""监管部门一级主任科员及以下"",""职位属性"":""金融监管计算机类职位"",""职位分布"":""西部地区和艰苦边远地区职位"",""职位简介"":""主要从事金融信息科技风险监管、电子设备软硬件管理及信息系统运行维护等工作"",""职位代码"":""300147573001"",""机构层级"":""市（地）级"",""考试类别"":""市（地）级及以下直属机构综合管理类"",""招考人数"":""1"",""专业"":""计算机类、数学类"",""学历"":""本科或硕士研究生"",""学位"":""与最高学历相对应的学位"",""政治面貌"":""不限"",""基层工作最低年限"":""无限制"",""服务基层项目工作经历"":""无限制"",""是否在面试阶段组织专业能力测试"":""否"",""面试人员比例"":""3:1"",""工作地点"":""广西壮族自治区贺州市"",""落户地点"":""广西壮族自治区贺州市"",""备注"":""1.报名时请在专业栏中同时填写专业名称和专业代码；2.要求本科学历大学英语四级成绩425分及以上，请在外语水平栏中注明成绩；要求研究生学历大学英语六级成绩425分及以上，请在外语水平栏中注明成绩；3.有关专业考试信息请参见国家金融监督管理总局2025年度招考公告。"",""部门网站"":""http://www.cbirc.gov.cn/"",""咨询电话1"":""0771-2818510"",""咨询电话2"":""0771-2840923"",""咨询电话3"":""0771-2848210"",""来源Sheet"":""中央国家行政机关省级以下直属机构""}}"
"government_jobs","国家公务员2025招考简章","公务员/事业单位技术岗位","重庆市黔江区","2026-07-28T09:12:58.310295+00:00","统计信息部门一级主任科员及以下","国家金融监督管理总局重庆监管局","","重庆市黔江区","公务员/事业单位;2025;computer_software;cybersecurity_cryptography;本科及以上;与最高学历相对应的学位;大学本科：计算机类； 研究生：计算机科学与技术、软件工程、网络空间安全;市（地）级及以下直属机构综合管理类","用人司局：国家金融监督管理总局黔江监管分局
职位简介：主要从事金融信息科技风险监管、电子设备软硬件管理及信息系统运行维护等工作
专业要求：大学本科：计算机类； 研究生：计算机科学与技术、软件工程、网络空间安全
学历要求：本科及以上
学位要求：与最高学历相对应的学位
政治面貌：不限
基层工作经历：无限制
考试类别：市（地）级及以下直属机构综合管理类
备注：1.报名时请在专业栏中同时填写专业名称和专业代码；2.落户须符合当地有关政策，单位无法办理集体户口；3.要求本科学历大学英语四级成绩425分及以上，请在外语水平栏中注明成绩；4.专业考试信息请参见国家金融监督管理总局2025年度招考公告。","https://www.xjhc.gov.cn/xjhc/c116834/202410/a29382e11a674da3be3353af65f9fcc5.shtml#132122-300147586001","2024-10-14","{""dataset_year"":2025,""job_uid"":""GOV-2025-132122-300147586001"",""publisher"":""国家公务员局"",""publication_page"":""https://www.xjhc.gov.cn/xjhc/c116834/202410/a29382e11a674da3be3353af65f9fcc5.shtml"",""attachment_url"":""https://www.xjhc.gov.cn/xjhc/c116834/202410/a29382e11a674da3be3353af65f9fcc5/files/0536cef86e2b46ddad6aae5a3780089e.xls"",""local_source_file"":""2025_guokao_zhaokaojianzhang.xls"",""local_source_sha256"":""07ae6cab368cd21b7a1ac3e8150fe9a3d39ad5171ce76135ff3cccfe50c3e77e"",""source_sheet"":""中央国家行政机关省级以下直属机构"",""filter_version"":""government_tech_v2"",""tech_filter"":{""is_tech"":true,""is_core_tech"":true,""scope"":""core"",""categories"":[""computer_software"",""cybersecurity_cryptography""],""matched_fields"":[""major"",""description""],""major_terms"":[""网络空间安全"",""计算机科学与技术"",""计算机类"",""软件工程""],""role_terms"":[""信息科技"",""信息系统"",""软硬件""],""reason"":""tech_major_and_role""},""original"":{""部门代码"":""132122"",""部门名称"":""国家金融监督管理总局重庆监管局"",""用人司局"":""国家金融监督管理总局黔江监管分局"",""机构性质"":""中央国家行政机关省级以下直属机构"",""招考职位"":""统计信息部门一级主任科员及以下"",""职位属性"":""金融监管计算机类职位"",""职位分布"":""西部地区和艰苦边远地区职位"",""职位简介"":""主要从事金融信息科技风险监管、电子设备软硬件管理及信息系统运行维护等工作"",""职位代码"":""300147586001"",""机构层级"":""市（地）级"",""考试类别"":""市（地）级及以下直属机构综合管理类"",""招考人数"":""1"",""专业"":""大学本科：计算机类； 研究生：计算机科学与技术、软件工程、网络空间安全"",""学历"":""本科及以上"",""学位"":""与最高学历相对应的学位"",""政治面貌"":""不限"",""基层工作最低年限"":""无限制"",""服务基层项目工作经历"":""无限制"",""是否在面试阶段组织专业能力测试"":""否"",""面试人员比例"":""3:1"",""工作地点"":""重庆市黔江区"",""落户地点"":""重庆市黔江区"",""备注"":""1.报名时请在专业栏中同时填写专业名称和专业代码；2.落户须符合当地有关政策，单位无法办理集体户口；3.要求本科学历大学英语四级成绩425分及以上，请在外语水平栏中注明成绩；4.专业考试信息请参见国家金融监督管理总局2025年度招考公告。"",""部门网站"":""http://www.cbirc.gov.cn/"",""咨询电话1"":""023-61859950"",""咨询电话2"":""023-61859771"",""咨询电话3"":""023-61859908"",""来源Sheet"":""中央国家行政机关省级以下直属机构""}}"
"government_jobs","国家公务员2025招考简章","公务员/事业单位技术岗位","重庆市南川区","2026-07-28T09:12:58.310295+00:00","统计信息部门一级主任科员及以下","国家金融监督管理总局重庆监管局","","重庆市南川区","公务员/事业单位;2025;computer_software;cybersecurity_cryptography;本科及以上;与最高学历相对应的学位;大学本科：计算机类； 研究生：计算机科学与技术、软件工程、网络空间安全;市（地）级及以下直属机构综合管理类","用人司局：国家金融监督管理总局南川监管支局
职位简介：主要从事金融信息科技风险监管、电子设备软硬件管理及信息系统运行维护等工作
专业要求：大学本科：计算机类； 研究生：计算机科学与技术、软件工程、网络空间安全
学历要求：本科及以上
学位要求：与最高学历相对应的学位
政治面貌：不限
基层工作经历：无限制
考试类别：市（地）级及以下直属机构综合管理类
备注：1.报名时请在专业栏中同时填写专业名称和专业代码；2.限应届高校毕业生报考，请在备注栏中注明本人具有应届高校毕业生身份；3.落户须符合当地有关政策，单位无法办理集体户口；4.要求本科学历大学英语四级成绩425分及以上，请在外语水平栏中注明成绩；5.专业考试信息请参见国家金融监督管理总局2025年度招考公告。","https://www.xjhc.gov.cn/xjhc/c116834/202410/a29382e11a674da3be3353af65f9fcc5.shtml#132122-300147588001","2024-10-14","{""dataset_year"":2025,""job_uid"":""GOV-2025-132122-300147588001"",""publisher"":""国家公务员局"",""publication_page"":""https://www.xjhc.gov.cn/xjhc/c116834/202410/a29382e11a674da3be3353af65f9fcc5.shtml"",""attachment_url"":""https://www.xjhc.gov.cn/xjhc/c116834/202410/a29382e11a674da3be3353af65f9fcc5/files/0536cef86e2b46ddad6aae5a3780089e.xls"",""local_source_file"":""2025_guokao_zhaokaojianzhang.xls"",""local_source_sha256"":""07ae6cab368cd21b7a1ac3e8150fe9a3d39ad5171ce76135ff3cccfe50c3e77e"",""source_sheet"":""中央国家行政机关省级以下直属机构"",""filter_version"":""government_tech_v2"",""tech_filter"":{""is_tech"":true,""is_core_tech"":true,""scope"":""core"",""categories"":[""computer_software"",""cybersecurity_cryptography""],""matched_fields"":[""major"",""description""],""major_terms"":[""网络空间安全"",""计算机科学与技术"",""计算机类"",""软件工程""],""role_terms"":[""信息科技"",""信息系统"",""软硬件""],""reason"":""tech_major_and_role""},""original"":{""部门代码"":""132122"",""部门名称"":""国家金融监督管理总局重庆监管局"",""用人司局"":""国家金融监督管理总局南川监管支局"",""机构性质"":""中央国家行政机关省级以下直属机构"",""招考职位"":""统计信息部门一级主任科员及以下"",""职位属性"":""金融监管计算机类职位"",""职位分布"":""其他职位"",""职位简介"":""主要从事金融信息科技风险监管、电子设备软硬件管理及信息系统运行维护等工作"",""职位代码"":""300147588001"",""机构层级"":""县（区）级及以下"",""考试类别"":""市（地）级及以下直属机构综合管理类"",""招考人数"":""3"",""专业"":""大学本科：计算机类； 研究生：计算机科学与技术、软件工程、网络空间安全"",""学历"":""本科及以上"",""学位"":""与最高学历相对应的学位"",""政治面貌"":""不限"",""基层工作最低年限"":""无限制"",""服务基层项目工作经历"":""无限制"",""是否在面试阶段组织专业能力测试"":""否"",""面试人员比例"":""3:1"",""工作地点"":""重庆市南川区"",""落户地点"":""重庆市南川区"",""备注"":""1.报名时请在专业栏中同时填写专业名称和专业代码；2.限应届高校毕业生报考，请在备注栏中注明本人具有应届高校毕业生身份；3.落户须符合当地有关政策，单位无法办理集体户口；4.要求本科学历大学英语四级成绩425分及以上，请在外语水平栏中注明成绩；5.专业考试信息请参见国家金融监督管理总局2025年度招考公告。"",""部门网站"":""http://www.cbirc.gov.cn/"",""咨询电话1"":""023-61859950"",""咨询电话2"":""023-61859771"",""咨询电话3"":""023-61859908"",""来源Sheet"":""中央国家行政机关省级以下直属机构""}}"
"government_jobs","国家公务员2025招考简章","公务员/事业单位技术岗位","重庆市彭水苗族土家族自治县","2026-07-28T09:12:58.310295+00:00","统计信息部门一级主任科员及以下","国家金融监督管理总局重庆监管局","","重庆市彭水苗族土家族自治县","公务员/事业单位;2025;computer_software;cybersecurity_cryptography;本科及以上;与最高学历相对应的学位;大学本科：计算机类； 研究生：计算机科学与技术、软件工程、网络空间安全;市（地）级及以下直属机构综合管理类","用人司局：国家金融监督管理总局彭水监管支局
职位简介：主要从事金融信息科技风险监管、电子设备软硬件管理及信息系统运行维护等工作
专业要求：大学本科：计算机类； 研究生：计算机科学与技术、软件工程、网络空间安全
学历要求：本科及以上
学位要求：与最高学历相对应的学位
政治面貌：不限
基层工作经历：无限制
考试类别：市（地）级及以下直属机构综合管理类
备注：1.报名时请在专业栏中同时填写专业名称和专业代码；2.落户须符合当地有关政策，单位无法办理集体户口；3.要求本科学历大学英语四级成绩425分及以上，请在外语水平栏中注明成绩；4.专业考试信息请参见国家金融监督管理总局2025年度招考公告。","https://www.xjhc.gov.cn/xjhc/c116834/202410/a29382e11a674da3be3353af65f9fcc5.shtml#132122-300147596001","2024-10-14","{""dataset_year"":2025,""job_uid"":""GOV-2025-132122-300147596001"",""publisher"":""国家公务员局"",""publication_page"":""https://www.xjhc.gov.cn/xjhc/c116834/202410/a29382e11a674da3be3353af65f9fcc5.shtml"",""attachment_url"":""https://www.xjhc.gov.cn/xjhc/c116834/202410/a29382e11a674da3be3353af65f9fcc5/files/0536cef86e2b46ddad6aae5a3780089e.xls"",""local_source_file"":""2025_guokao_zhaokaojianzhang.xls"",""local_source_sha256"":""07ae6cab368cd21b7a1ac3e8150fe9a3d39ad5171ce76135ff3cccfe50c3e77e"",""source_sheet"":""中央国家行政机关省级以下直属机构"",""filter_version"":""government_tech_v2"",""tech_filter"":{""is_tech"":true,""is_core_tech"":true,""scope"":""core"",""categories"":[""computer_software"",""cybersecurity_cryptography""],""matched_fields"":[""major"",""description""],""major_terms"":[""网络空间安全"",""计算机科学与技术"",""计算机类"",""软件工程""],""role_terms"":[""信息科技"",""信息系统"",""软硬件""],""reason"":""tech_major_and_role""},""original"":{""部门代码"":""132122"",""部门名称"":""国家金融监督管理总局重庆监管局"",""用人司局"":""国家金融监督管理总局彭水监管支局"",""机构性质"":""中央国家行政机关省级以下直属机构"",""招考职位"":""统计信息部门一级主任科员及以下"",""职位属性"":""金融监管计算机类职位"",""职位分布"":""西部地区和艰苦边远地区职位"",""职位简介"":""主要从事金融信息科技风险监管、电子设备软硬件管理及信息系统运行维护等工作"",""职位代码"":""300147596001"",""机构层级"":""县（区）级及以下"",""考试类别"":""市（地）级及以下直属机构综合管理类"",""招考人数"":""1"",""专业"":""大学本科：计算机类； 研究生：计算机科学与技术、软件工程、网络空间安全"",""学历"":""本科及以上"",""学位"":""与最高学历相对应的学位"",""政治面貌"":""不限"",""基层工作最低年限"":""无限制"",""服务基层项目工作经历"":""无限制"",""是否在面试阶段组织专业能力测试"":""否"",""面试人员比例"":""3:1"",""工作地点"":""重庆市彭水苗族土家族自治县"",""落户地点"":""重庆市彭水苗族土家族自治县"",""备注"":""1.报名时请在专业栏中同时填写专业名称和专业代码；2.落户须符合当地有关政策，单位无法办理集体户口；3.要求本科学历大学英语四级成绩425分及以上，请在外语水平栏中注明成绩；4.专业考试信息请参见国家金融监督管理总局2025年度招考公告。"",""部门网站"":""http://www.cbirc.gov.cn/"",""咨询电话1"":""023-61859950"",""咨询电话2"":""023-61859771"",""咨询电话3"":""023-61859908"",""来源Sheet"":""中央国家行政机关省级以下直属机构""}}"
"government_jobs","国家公务员2025招考简章","公务员/事业单位技术岗位","重庆市江北区","2026-07-28T09:12:58.310295+00:00","统计信息部门一级主任科员及以下","国家金融监督管理总局重庆监管局","","重庆市江北区","公务员/事业单位;2025;computer_software;cybersecurity_cryptography;硕士研究生及以上;与最高学历相对应的学位;计算机科学与技术、软件工程、网络空间安全;中央机关及其省级直属机构综合管理类","用人司局：国家金融监督管理总局重庆监管局
职位简介：主要从事金融信息科技风险监管、电子设备软硬件管理及信息系统运行维护等工作
专业要求：计算机科学与技术、软件工程、网络空间安全
学历要求：硕士研究生及以上
学位要求：与最高学历相对应的学位
政治面貌：不限
基层工作经历：二年
考试类别：中央机关及其省级直属机构综合管理类
备注：1.报名时请在专业栏中同时填写专业名称和专业代码；2.落户须符合当地有关政策，单位无法办理集体户口；3.要求研究生学历大学英语六级成绩425分及以上，请在外语水平栏中注明成绩；4.专业考试信息请参见国家金融监督管理总局2025年度招考公告。","https://www.xjhc.gov.cn/xjhc/c116834/202410/a29382e11a674da3be3353af65f9fcc5.shtml#132122-300147810001","2024-10-14","{""dataset_year"":2025,""job_uid"":""GOV-2025-132122-300147810001"",""publisher"":""国家公务员局"",""publication_page"":""https://www.xjhc.gov.cn/xjhc/c116834/202410/a29382e11a674da3be3353af65f9fcc5.shtml"",""attachment_url"":""https://www.xjhc.gov.cn/xjhc/c116834/202410/a29382e11a674da3be3353af65f9fcc5/files/0536cef86e2b46ddad6aae5a3780089e.xls"",""local_source_file"":""2025_guokao_zhaokaojianzhang.xls"",""local_source_sha256"":""07ae6cab368cd21b7a1ac3e8150fe9a3d39ad5171ce76135ff3cccfe50c3e77e"",""source_sheet"":""中央国家行政机关省级以下直属机构"",""filter_version"":""government_tech_v2"",""tech_filter"":{""is_tech"":true,""is_core_tech"":true,""scope"":""core"",""categories"":[""computer_software"",""cybersecurity_cryptography""],""matched_fields"":[""major"",""description""],""major_terms"":[""网络空间安全"",""计算机科学与技术"",""软件工程""],""role_terms"":[""信息科技"",""信息系统"",""软硬件""],""reason"":""tech_major_and_role""},""original"":{""部门代码"":""132122"",""部门名称"":""国家金融监督管理总局重庆监管局"",""用人司局"":""国家金融监督管理总局重庆监管局"",""机构性质"":""中央国家行政机关省级以下直属机构"",""招考职位"":""统计信息部门一级主任科员及以下"",""职位属性"":""金融监管计算机类职位"",""职位分布"":""其他职位"",""职位简介"":""主要从事金融信息科技风险监管、电子设备软硬件管理及信息系统运行维护等工作"",""职位代码"":""300147810001"",""机构层级"":""省（副省）级"",""考试类别"":""中央机关及其省级直属机构综合管理类"",""招考人数"":""2"",""专业"":""计算机科学与技术、软件工程、网络空间安全"",""学历"":""硕士研究生及以上"",""学位"":""与最高学历相对应的学位"",""政治面貌"":""不限"",""基层工作最低年限"":""二年"",""服务基层项目工作经历"":""无限制"",""是否在面试阶段组织专业能力测试"":""否"",""面试人员比例"":""4:1"",""工作地点"":""重庆市江北区"",""落户地点"":""重庆市江北区"",""备注"":""1.报名时请在专业栏中同时填写专业名称和专业代码；2.落户须符合当地有关政策，单位无法办理集体户口；3.要求研究生学历大学英语六级成绩425分及以上，请在外语水平栏中注明成绩；4.专业考试信息请参见国家金融监督管理总局2025年度招考公告。"",""部门网站"":""http://www.cbirc.gov.cn/"",""咨询电话1"":""023-61859950"",""咨询电话2"":""023-61859771"",""咨询电话3"":""023-61859908"",""来源Sheet"":""中央国家行政机关省级以下直属机构""}}"
"government_jobs","国家公务员2025招考简章","公务员/事业单位技术岗位","四川省成都市","2026-07-28T09:12:58.310295+00:00","统计信息部门一级主任科员及以下","国家金融监督管理总局四川监管局","","四川省成都市","公务员/事业单位;2025;computer_software;cybersecurity_cryptography;electronics_communication;硕士研究生及以上;与最高学历相对应的学位;计算机科学与技术、计算机系统结构、计算机软件与理论、计算机应用技术、软件工程、计算机技术、网络空间安全、网络与信息安全、电子科学与技术、电子信息、新一代电子信息技术、信息与通信工程、通信与信息系统、通信工程;中央机关及其省级直属机构综合管理类","用人司局：国家金融监督管理总局四川监管局
职位简介：主要从事金融信息科技风险监管、电子设备软硬件管理及信息系统运行维护等工作
专业要求：计算机科学与技术、计算机系统结构、计算机软件与理论、计算机应用技术、软件工程、计算机技术、网络空间安全、网络与信息安全、电子科学与技术、电子信息、新一代电子信息技术、信息与通信工程、通信与信息系统、通信工程
学历要求：硕士研究生及以上
学位要求：与最高学历相对应的学位
政治面貌：不限
基层工作经历：二年
考试类别：中央机关及其省级直属机构综合管理类
备注：1.报名时请在专业栏中同时填写专业名称和专业代码；2.大学英语六级成绩425分及以上，并在外语水平一栏注明已获得的英语等级证书及成绩；3.本职位最低服务年限为5年（含试用期）；4.专业考试信息请参见国家金融监督管理总局2025年度招考公告。","https://www.xjhc.gov.cn/xjhc/c116834/202410/a29382e11a674da3be3353af65f9fcc5.shtml#132123-300147597001","2024-10-14","{""dataset_year"":2025,""job_uid"":""GOV-2025-132123-300147597001"",""publisher"":""国家公务员局"",""publication_page"":""https://www.xjhc.gov.cn/xjhc/c116834/202410/a29382e11a674da3be3353af65f9fcc5.shtml"",""attachment_url"":""https://www.xjhc.gov.cn/xjhc/c116834/202410/a29382e11a674da3be3353af65f9fcc5/files/0536cef86e2b46ddad6aae5a3780089e.xls"",""local_source_file"":""2025_guokao_zhaokaojianzhang.xls"",""local_source_sha256"":""07ae6cab368cd21b7a1ac3e8150fe9a3d39ad5171ce76135ff3cccfe50c3e77e"",""source_sheet"":""中央国家行政机关省级以下直属机构"",""filter_version"":""government_tech_v2"",""tech_filter"":{""is_tech"":true,""is_core_tech"":true,""scope"":""core"",""categories"":[""computer_software"",""cybersecurity_cryptography"",""electronics_communication""],""matched_fields"":[""major"",""description""],""major_terms"":[""信息与通信工程"",""信息安全"",""电子信息"",""电子科学与技术"",""网络空间安全"",""计算机"",""计算机技术"",""计算机科学与技术"",""软件工程"",""通信工程""],""role_terms"":[""信息科技"",""信息系统"",""软硬件""],""reason"":""tech_major_and_role""},""original"":{""部门代码"":""132123"",""部门名称"":""国家金融监督管理总局四川监管局"",""用人司局"":""国家金融监督管理总局四川监管局"",""机构性质"":""中央国家行政机关省级以下直属机构"",""招考职位"":""统计信息部门一级主任科员及以下"",""职位属性"":""金融监管计算机类职位"",""职位分布"":""其他职位"",""职位简介"":""主要从事金融信息科技风险监管、电子设备软硬件管理及信息系统运行维护等工作"",""职位代码"":""300147597001"",""机构层级"":""省（副省）级"",""考试类别"":""中央机关及其省级直属机构综合管理类"",""招考人数"":""2"",""专业"":""计算机科学与技术、计算机系统结构、计算机软件与理论、计算机应用技术、软件工程、计算机技术、网络空间安全、网络与信息安全、电子科学与技术、电子信息、新一代电子信息技术、信息与通信工程、通信与信息系统、通信工程"",""学历"":""硕士研究生及以上"",""学位"":""与最高学历相对应的学位"",""政治面貌"":""不限"",""基层工作最低年限"":""二年"",""服务基层项目工作经历"":""无限制"",""是否在面试阶段组织专业能力测试"":""否"",""面试人员比例"":""4:1"",""工作地点"":""四川省成都市"",""落户地点"":""四川省成都市"",""备注"":""1.报名时请在专业栏中同时填写专业名称和专业代码；2.大学英语六级成绩425分及以上，并在外语水平一栏注明已获得的英语等级证书及成绩；3.本职位最低服务年限为5年（含试用期）；4.专业考试信息请参见国家金融监督管理总局2025年度招考公告。"",""部门网站"":""http://www.cbirc.gov.cn/"",""咨询电话1"":""028-61886583"",""咨询电话2"":""028-61884862"",""咨询电话3"":"""",""来源Sheet"":""中央国家行政机关省级以下直属机构""}}"
"government_jobs","国家公务员2025招考简章","公务员/事业单位技术岗位","四川省遂宁市蓬溪县","2026-07-28T09:12:58.310295+00:00","统计信息部门一级主任科员及以下","国家金融监督管理总局四川监管局","","四川省遂宁市蓬溪县","公务员/事业单位;2025;computer_software;cybersecurity_cryptography;electronics_communication;仅限本科;学士;计算机科学与技术、软件工程、网络工程、信息安全、网络空间安全、电子与计算机工程、电子信息工程、电子科学与技术、通信工程、信息工程、电子信息科学与技术;市（地）级及以下直属机构综合管理类","用人司局：国家金融监督管理总局蓬溪监管支局
职位简介：主要从事金融信息科技风险监管、电子设备软硬件管理及信息系统运行维护等工作
专业要求：计算机科学与技术、软件工程、网络工程、信息安全、网络空间安全、电子与计算机工程、电子信息工程、电子科学与技术、通信工程、信息工程、电子信息科学与技术
学历要求：仅限本科
学位要求：学士
政治面貌：不限
基层工作经历：无限制
考试类别：市（地）级及以下直属机构综合管理类
备注：1.报名时请在专业栏中同时填写专业名称和专业代码；2.限应届高校毕业生报考，请在备注栏中注明本人具有应届高校毕业生身份；3.大学英语四级成绩425分及以上，并在外语水平一栏注明已获得的英语等级证书及成绩；4.本职位最低服务年限为5年（含试用期）；5.专业考试信息请参见国家金融监督管理总局2025年度招考公告。","https://www.xjhc.gov.cn/xjhc/c116834/202410/a29382e11a674da3be3353af65f9fcc5.shtml#132123-300147605001","2024-10-14","{""dataset_year"":2025,""job_uid"":""GOV-2025-132123-300147605001"",""publisher"":""国家公务员局"",""publication_page"":""https://www.xjhc.gov.cn/xjhc/c116834/202410/a29382e11a674da3be3353af65f9fcc5.shtml"",""attachment_url"":""https://www.xjhc.gov.cn/xjhc/c116834/202410/a29382e11a674da3be3353af65f9fcc5/files/0536cef86e2b46ddad6aae5a3780089e.xls"",""local_source_file"":""2025_guokao_zhaokaojianzhang.xls"",""local_source_sha256"":""07ae6cab368cd21b7a1ac3e8150fe9a3d39ad5171ce76135ff3cccfe50c3e77e"",""source_sheet"":""中央国家行政机关省级以下直属机构"",""filter_version"":""government_tech_v2"",""tech_filter"":{""is_tech"":true,""is_core_tech"":true,""scope"":""core"",""categories"":[""computer_software"",""cybersecurity_cryptography"",""electronics_communication""],""matched_fields"":[""major"",""description""],""major_terms"":[""信息安全"",""电子信息"",""电子信息工程"",""电子科学与技术"",""网络工程"",""网络空间安全"",""计算机"",""计算机科学与技术"",""软件工程"",""通信工程""],""role_terms"":[""信息科技"",""信息系统"",""软硬件""],""reason"":""tech_major_and_role""},""original"":{""部门代码"":""132123"",""部门名称"":""国家金融监督管理总局四川监管局"",""用人司局"":""国家金融监督管理总局蓬溪监管支局"",""机构性质"":""中央国家行政机关省级以下直属机构"",""招考职位"":""统计信息部门一级主任科员及以下"",""职位属性"":""金融监管计算机类职位"",""职位分布"":""西部地区和艰苦边远地区职位"",""职位简介"":""主要从事金融信息科技风险监管、电子设备软硬件管理及信息系统运行维护等工作"",""职位代码"":""300147605001"",""机构层级"":""县（区）级及以下"",""考试类别"":""市（地）级及以下直属机构综合管理类"",""招考人数"":""1"",""专业"":""计算机科学与技术、软件工程、网络工程、信息安全、网络空间安全、电子与计算机工程、电子信息工程、电子科学与技术、通信工程、信息工程、电子信息科学与技术"",""学历"":""仅限本科"",""学位"":""学士"",""政治面貌"":""不限"",""基层工作最低年限"":""无限制"",""服务基层项目工作经历"":""无限制"",""是否在面试阶段组织专业能力测试"":""否"",""面试人员比例"":""3:1"",""工作地点"":""四川省遂宁市蓬溪县"",""落户地点"":""四川省遂宁市蓬溪县"",""备注"":""1.报名时请在专业栏中同时填写专业名称和专业代码；2.限应届高校毕业生报考，请在备注栏中注明本人具有应届高校毕业生身份；3.大学英语四级成绩425分及以上，并在外语水平一栏注明已获得的英语等级证书及成绩；4.本职位最低服务年限为5年（含试用期）；5.专业考试信息请参见国家金融监督管理总局2025年度招考公告。"",""部门网站"":""http://www.cbirc.gov.cn/"",""咨询电话1"":""028-61886583"",""咨询电话2"":""028-61884862"",""咨询电话3"":"""",""来源Sheet"":""中央国家行政机关省级以下直属机构""}}"
"government_jobs","国家公务员2025招考简章","公务员/事业单位技术岗位","四川省阿坝藏族羌族自治州","2026-07-28T09:12:58.310295+00:00","统计信息部门一级主任科员及以下","国家金融监督管理总局四川监管局","","四川省阿坝藏族羌族自治州","公务员/事业单位;2025;computer_software;cybersecurity_cryptography;electronics_communication;仅限本科;学士;计算机科学与技术、软件工程、网络工程、信息安全、网络空间安全、电子与计算机工程、电子信息工程、电子科学与技术、通信工程、信息工程、电子信息科学与技术;市（地）级及以下直属机构综合管理类","用人司局：国家金融监督管理总局阿坝监管分局辖内监管支局
职位简介：主要从事金融信息科技风险监管、电子设备软硬件管理及信息系统运行维护等工作
专业要求：计算机科学与技术、软件工程、网络工程、信息安全、网络空间安全、电子与计算机工程、电子信息工程、电子科学与技术、通信工程、信息工程、电子信息科学与技术
学历要求：仅限本科
学位要求：学士
政治面貌：不限
基层工作经历：无限制
考试类别：市（地）级及以下直属机构综合管理类
备注：1.报名时请在专业栏中同时填写专业名称和专业代码；2.大学英语四级成绩425分及以上，并在外语水平一栏注明已获得的英语等级证书及成绩；3.招录人数为汶川支局1人、九寨沟支局1人，录用后按照综合成绩从高到低顺序，由考生选择工作单位；4.本职位最低服务年限为5年（含试用期）；5.专业考试信息请参见国家金融监督管理总局2025年度招考公告。","https://www.xjhc.gov.cn/xjhc/c116834/202410/a29382e11a674da3be3353af65f9fcc5.shtml#132123-300147618001","2024-10-14","{""dataset_year"":2025,""job_uid"":""GOV-2025-132123-300147618001"",""publisher"":""国家公务员局"",""publication_page"":""https://www.xjhc.gov.cn/xjhc/c116834/202410/a29382e11a674da3be3353af65f9fcc5.shtml"",""attachment_url"":""https://www.xjhc.gov.cn/xjhc/c116834/202410/a29382e11a674da3be3353af65f9fcc5/files/0536cef86e2b46ddad6aae5a3780089e.xls"",""local_source_file"":""2025_guokao_zhaokaojianzhang.xls"",""local_source_sha256"":""07ae6cab368cd21b7a1ac3e8150fe9a3d39ad5171ce76135ff3cccfe50c3e77e"",""source_sheet"":""中央国家行政机关省级以下直属机构"",""filter_version"":""government_tech_v2"",""tech_filter"":{""is_tech"":true,""is_core_tech"":true,""scope"":""core"",""categories"":[""computer_software"",""cybersecurity_cryptography"",""electronics_communication""],""matched_fields"":[""major"",""description""],""major_terms"":[""信息安全"",""电子信息"",""电子信息工程"",""电子科学与技术"",""网络工程"",""网络空间安全"",""计算机"",""计算机科学与技术"",""软件工程"",""通信工程""],""role_terms"":[""信息科技"",""信息系统"",""软硬件""],""reason"":""tech_major_and_role""},""original"":{""部门代码"":""132123"",""部门名称"":""国家金融监督管理总局四川监管局"",""用人司局"":""国家金融监督管理总局阿坝监管分局辖内监管支局"",""机构性质"":""中央国家行政机关省级以下直属机构"",""招考职位"":""统计信息部门一级主任科员及以下"",""职位属性"":""金融监管计算机类职位"",""职位分布"":""西部地区和艰苦边远地区职位"",""职位简介"":""主要从事金融信息科技风险监管、电子设备软硬件管理及信息系统运行维护等工作"",""职位代码"":""300147618001"",""机构层级"":""县（区）级及以下"",""考试类别"":""市（地）级及以下直属机构综合管理类"",""招考人数"":""2"",""专业"":""计算机科学与技术、软件工程、网络工程、信息安全、网络空间安全、电子与计算机工程、电子信息工程、电子科学与技术、通信工程、信息工程、电子信息科学与技术"",""学历"":""仅限本科"",""学位"":""学士"",""政治面貌"":""不限"",""基层工作最低年限"":""无限制"",""服务基层项目工作经历"":""无限制"",""是否在面试阶段组织专业能力测试"":""否"",""面试人员比例"":""3:1"",""工作地点"":""四川省阿坝藏族羌族自治州"",""落户地点"":""四川省阿坝藏族羌族自治州"",""备注"":""1.报名时请在专业栏中同时填写专业名称和专业代码；2.大学英语四级成绩425分及以上，并在外语水平一栏注明已获得的英语等级证书及成绩；3.招录人数为汶川支局1人、九寨沟支局1人，录用后按照综合成绩从高到低顺序，由考生选择工作单位；4.本职位最低服务年限为5年（含试用期）；5.专业考试信息请参见国家金融监督管理总局2025年度招考公告。"",""部门网站"":""http://www.cbirc.gov.cn/"",""咨询电话1"":""028-61886583"",""咨询电话2"":""028-61884862"",""咨询电话3"":"""",""来源Sheet"":""中央国家行政机关省级以下直属机构""}}"
"government_jobs","国家公务员2025招考简章","公务员/事业单位技术岗位","四川省甘孜藏族自治州炉霍县","2026-07-28T09:12:58.310295+00:00","统计信息部门一级主任科员及以下","国家金融监督管理总局四川监管局","","四川省甘孜藏族自治州炉霍县","公务员/事业单位;2025;computer_software;cybersecurity_cryptography;electronics_communication;仅限本科;学士;计算机科学与技术、软件工程、网络工程、信息安全、网络空间安全、电子与计算机工程、电子信息工程、电子科学与技术、通信工程、信息工程、电子信息科学与技术;市（地）级及以下直属机构综合管理类","用人司局：国家金融监督管理总局炉霍监管支局
职位简介：主要从事金融信息科技风险监管、电子设备软硬件管理及信息系统运行维护等工作
专业要求：计算机科学与技术、软件工程、网络工程、信息安全、网络空间安全、电子与计算机工程、电子信息工程、电子科学与技术、通信工程、信息工程、电子信息科学与技术
学历要求：仅限本科
学位要求：学士
政治面貌：不限
基层工作经历：无限制
考试类别：市（地）级及以下直属机构综合管理类
备注：1.报名时请在专业栏中同时填写专业名称和专业代码；2.大学英语四级成绩425分及以上，并在外语水平一栏注明已获得的英语等级证书及成绩；3.本职位最低服务年限为5年（含试用期）；4.专业考试信息请参见国家金融监督管理总局2025年度招考公告。","https://www.xjhc.gov.cn/xjhc/c116834/202410/a29382e11a674da3be3353af65f9fcc5.shtml#132123-300147620001","2024-10-14","{""dataset_year"":2025,""job_uid"":""GOV-2025-132123-300147620001"",""publisher"":""国家公务员局"",""publication_page"":""https://www.xjhc.gov.cn/xjhc/c116834/202410/a29382e11a674da3be3353af65f9fcc5.shtml"",""attachment_url"":""https://www.xjhc.gov.cn/xjhc/c116834/202410/a29382e11a674da3be3353af65f9fcc5/files/0536cef86e2b46ddad6aae5a3780089e.xls"",""local_source_file"":""2025_guokao_zhaokaojianzhang.xls"",""local_source_sha256"":""07ae6cab368cd21b7a1ac3e8150fe9a3d39ad5171ce76135ff3cccfe50c3e77e"",""source_sheet"":""中央国家行政机关省级以下直属机构"",""filter_version"":""government_tech_v2"",""tech_filter"":{""is_tech"":true,""is_core_tech"":true,""scope"":""core"",""categories"":[""computer_software"",""cybersecurity_cryptography"",""electronics_communication""],""matched_fields"":[""major"",""description""],""major_terms"":[""信息安全"",""电子信息"",""电子信息工程"",""电子科学与技术"",""网络工程"",""网络空间安全"",""计算机"",""计算机科学与技术"",""软件工程"",""通信工程""],""role_terms"":[""信息科技"",""信息系统"",""软硬件""],""reason"":""tech_major_and_role""},""original"":{""部门代码"":""132123"",""部门名称"":""国家金融监督管理总局四川监管局"",""用人司局"":""国家金融监督管理总局炉霍监管支局"",""机构性质"":""中央国家行政机关省级以下直属机构"",""招考职位"":""统计信息部门一级主任科员及以下"",""职位属性"":""金融监管计算机类职位"",""职位分布"":""西部地区和艰苦边远地区职位"",""职位简介"":""主要从事金融信息科技风险监管、电子设备软硬件管理及信息系统运行维护等工作"",""职位代码"":""300147620001"",""机构层级"":""县（区）级及以下"",""考试类别"":""市（地）级及以下直属机构综合管理类"",""招考人数"":""1"",""专业"":""计算机科学与技术、软件工程、网络工程、信息安全、网络空间安全、电子与计算机工程、电子信息工程、电子科学与技术、通信工程、信息工程、电子信息科学与技术"",""学历"":""仅限本科"",""学位"":""学士"",""政治面貌"":""不限"",""基层工作最低年限"":""无限制"",""服务基层项目工作经历"":""无限制"",""是否在面试阶段组织专业能力测试"":""否"",""面试人员比例"":""3:1"",""工作地点"":""四川省甘孜藏族自治州炉霍县"",""落户地点"":""四川省甘孜藏族自治州炉霍县"",""备注"":""1.报名时请在专业栏中同时填写专业名称和专业代码；2.大学英语四级成绩425分及以上，并在外语水平一栏注明已获得的英语等级证书及成绩；3.本职位最低服务年限为5年（含试用期）；4.专业考试信息请参见国家金融监督管理总局2025年度招考公告。"",""部门网站"":""http://www.cbirc.gov.cn/"",""咨询电话1"":""028-61886583"",""咨询电话2"":""028-61884862"",""咨询电话3"":"""",""来源Sheet"":""中央国家行政机关省级以下直属机构""}}"
"government_jobs","国家公务员2025招考简章","公务员/事业单位技术岗位","四川省广安市华蓥市","2026-07-28T09:12:58.310295+00:00","统计信息部门一级主任科员及以下","国家金融监督管理总局四川监管局","","四川省广安市华蓥市","公务员/事业单位;2025;computer_software;data_ai;仅限本科;学士;统计学、应用统计学、数据科学、经济统计学、数学与应用数学、信息与计算科学、数据计算及应用、金融数学;市（地）级及以下直属机构综合管理类","用人司局：国家金融监督管理总局华蓥监管支局
职位简介：主要从事金融监管数据统计分析工作
专业要求：统计学、应用统计学、数据科学、经济统计学、数学与应用数学、信息与计算科学、数据计算及应用、金融数学
学历要求：仅限本科
学位要求：学士
政治面貌：不限
基层工作经历：无限制
考试类别：市（地）级及以下直属机构综合管理类
备注：1.报名时请在专业栏中同时填写专业名称和专业代码；2.大学英语四级成绩425分及以上，并在外语水平一栏注明已获得的英语等级证书及成绩；3.本职位最低服务年限为5年（含试用期）；4.单位无法落户；5.专业考试信息请参见国家金融监督管理总局2025年度招考公告。","https://www.xjhc.gov.cn/xjhc/c116834/202410/a29382e11a674da3be3353af65f9fcc5.shtml#132123-300148612001","2024-10-14","{""dataset_year"":2025,""job_uid"":""GOV-2025-132123-300148612001"",""publisher"":""国家公务员局"",""publication_page"":""https://www.xjhc.gov.cn/xjhc/c116834/202410/a29382e11a674da3be3353af65f9fcc5.shtml"",""attachment_url"":""https://www.xjhc.gov.cn/xjhc/c116834/202410/a29382e11a674da3be3353af65f9fcc5/files/0536cef86e2b46ddad6aae5a3780089e.xls"",""local_source_file"":""2025_guokao_zhaokaojianzhang.xls"",""local_source_sha256"":""07ae6cab368cd21b7a1ac3e8150fe9a3d39ad5171ce76135ff3cccfe50c3e77e"",""source_sheet"":""中央国家行政机关省级以下直属机构"",""filter_version"":""government_tech_v2"",""tech_filter"":{""is_tech"":true,""is_core_tech"":true,""scope"":""core"",""categories"":[""computer_software"",""data_ai""],""matched_fields"":[""major"",""description""],""major_terms"":[""数据科学""],""role_terms"":[""数据统计分析""],""reason"":""tech_major_and_role""},""original"":{""部门代码"":""132123"",""部门名称"":""国家金融监督管理总局四川监管局"",""用人司局"":""国家金融监督管理总局华蓥监管支局"",""机构性质"":""中央国家行政机关省级以下直属机构"",""招考职位"":""统计信息部门一级主任科员及以下"",""职位属性"":""金融监管综合类职位"",""职位分布"":""西部地区和艰苦边远地区职位"",""职位简介"":""主要从事金融监管数据统计分析工作"",""职位代码"":""300148612001"",""机构层级"":""县（区）级及以下"",""考试类别"":""市（地）级及以下直属机构综合管理类"",""招考人数"":""1"",""专业"":""统计学、应用统计学、数据科学、经济统计学、数学与应用数学、信息与计算科学、数据计算及应用、金融数学"",""学历"":""仅限本科"",""学位"":""学士"",""政治面貌"":""不限"",""基层工作最低年限"":""无限制"",""服务基层项目工作经历"":""无限制"",""是否在面试阶段组织专业能力测试"":""否"",""面试人员比例"":""3:1"",""工作地点"":""四川省广安市华蓥市"",""落户地点"":""四川省广安市华蓥市"",""备注"":""1.报名时请在专业栏中同时填写专业名称和专业代码；2.大学英语四级成绩425分及以上，并在外语水平一栏注明已获得的英语等级证书及成绩；3.本职位最低服务年限为5年（含试用期）；4.单位无法落户；5.专业考试信息请参见国家金融监督管理总局2025年度招考公告。"",""部门网站"":""http://www.cbirc.gov.cn/"",""咨询电话1"":""028-61886583"",""咨询电话2"":""028-61884862"",""咨询电话3"":"""",""来源Sheet"":""中央国家行政机关省级以下直属机构""}}"
"government_jobs","国家公务员2025招考简章","公务员/事业单位技术岗位","四川省阿坝藏族羌族自治州","2026-07-28T09:12:58.310295+00:00","统计信息部门一级主任科员及以下","国家金融监督管理总局四川监管局","","四川省阿坝藏族羌族自治州","公务员/事业单位;2025;computer_software;data_ai;仅限本科;学士;统计学、应用统计学、数据科学、经济统计学、数学与应用数学、信息与计算科学、数据计算及应用、金融数学;市（地）级及以下直属机构综合管理类","用人司局：国家金融监督管理总局阿坝监管分局辖内监管支局
职位简介：主要从事金融监管数据统计分析工作
专业要求：统计学、应用统计学、数据科学、经济统计学、数学与应用数学、信息与计算科学、数据计算及应用、金融数学
学历要求：仅限本科
学位要求：学士
政治面貌：不限
基层工作经历：无限制
考试类别：市（地）级及以下直属机构综合管理类
备注：1.报名时请在专业栏中同时填写专业名称和专业代码；2.大学英语四级成绩425分及以上，并在外语水平一栏注明已获得的英语等级证书及成绩；3.招录人数为汶川支局1人、九寨沟支局1人，录用后按照综合成绩从高到低顺序，由考生选择工作单位；4.本职位最低服务年限为5年（含试用期）；5.专业考试信息请参见国家金融监督管理总局2025年度招考公告。","https://www.xjhc.gov.cn/xjhc/c116834/202410/a29382e11a674da3be3353af65f9fcc5.shtml#132123-300148618001","2024-10-14","{""dataset_year"":2025,""job_uid"":""GOV-2025-132123-300148618001"",""publisher"":""国家公务员局"",""publication_page"":""https://www.xjhc.gov.cn/xjhc/c116834/202410/a29382e11a674da3be3353af65f9fcc5.shtml"",""attachment_url"":""https://www.xjhc.gov.cn/xjhc/c116834/202410/a29382e11a674da3be3353af65f9fcc5/files/0536cef86e2b46ddad6aae5a3780089e.xls"",""local_source_file"":""2025_guokao_zhaokaojianzhang.xls"",""local_source_sha256"":""07ae6cab368cd21b7a1ac3e8150fe9a3d39ad5171ce76135ff3cccfe50c3e77e"",""source_sheet"":""中央国家行政机关省级以下直属机构"",""filter_version"":""government_tech_v2"",""tech_filter"":{""is_tech"":true,""is_core_tech"":true,""scope"":""core"",""categories"":[""computer_software"",""data_ai""],""matched_fields"":[""major"",""description""],""major_terms"":[""数据科学""],""role_terms"":[""数据统计分析""],""reason"":""tech_major_and_role""},""original"":{""部门代码"":""132123"",""部门名称"":""国家金融监督管理总局四川监管局"",""用人司局"":""国家金融监督管理总局阿坝监管分局辖内监管支局"",""机构性质"":""中央国家行政机关省级以下直属机构"",""招考职位"":""统计信息部门一级主任科员及以下"",""职位属性"":""金融监管综合类职位"",""职位分布"":""西部地区和艰苦边远地区职位"",""职位简介"":""主要从事金融监管数据统计分析工作"",""职位代码"":""300148618001"",""机构层级"":""县（区）级及以下"",""考试类别"":""市（地）级及以下直属机构综合管理类"",""招考人数"":""2"",""专业"":""统计学、应用统计学、数据科学、经济统计学、数学与应用数学、信息与计算科学、数据计算及应用、金融数学"",""学历"":""仅限本科"",""学位"":""学士"",""政治面貌"":""不限"",""基层工作最低年限"":""无限制"",""服务基层项目工作经历"":""无限制"",""是否在面试阶段组织专业能力测试"":""否"",""面试人员比例"":""3:1"",""工作地点"":""四川省阿坝藏族羌族自治州"",""落户地点"":""四川省阿坝藏族羌族自治州"",""备注"":""1.报名时请在专业栏中同时填写专业名称和专业代码；2.大学英语四级成绩425分及以上，并在外语水平一栏注明已获得的英语等级证书及成绩；3.招录人数为汶川支局1人、九寨沟支局1人，录用后按照综合成绩从高到低顺序，由考生选择工作单位；4.本职位最低服务年限为5年（含试用期）；5.专业考试信息请参见国家金融监督管理总局2025年度招考公告。"",""部门网站"":""http://www.cbirc.gov.cn/"",""咨询电话1"":""028-61886583"",""咨询电话2"":""028-61884862"",""咨询电话3"":"""",""来源Sheet"":""中央国家行政机关省级以下直属机构""}}"
"government_jobs","国家公务员2025招考简章","公务员/事业单位技术岗位","贵州省贵阳市","2026-07-28T09:12:58.310295+00:00","统计信息部门一级主任科员及以下","国家金融监督管理总局贵州监管局","","贵州省贵阳市","公务员/事业单位;2025;computer_software;cybersecurity_cryptography;硕士研究生及以上;与最高学历相对应的学位;计算机科学与技术、软件工程、网络空间安全;中央机关及其省级直属机构综合管理类","用人司局：国家金融监督管理总局贵州监管局
职位简介：主要从事金融信息科技风险监管、电子设备软硬件管理及信息系统运行维护等工作
专业要求：计算机科学与技术、软件工程、网络空间安全
学历要求：硕士研究生及以上
学位要求：与最高学历相对应的学位
政治面貌：不限
基层工作经历：二年
考试类别：中央机关及其省级直属机构综合管理类
备注：1.报名时请在专业栏中同时填写专业名称和专业代码；2.要求研究生学历大学英语六级成绩425分及以上，请在外语水平栏中注明成绩；3.要求有2年以上基层工作经历，请在简历栏中注明相关经历；4.专业考试信息请参见国家金融监督管理总局2025年度招考公告。","https://www.xjhc.gov.cn/xjhc/c116834/202410/a29382e11a674da3be3353af65f9fcc5.shtml#132124-300147622001","2024-10-14","{""dataset_year"":2025,""job_uid"":""GOV-2025-132124-300147622001"",""publisher"":""国家公务员局"",""publication_page"":""https://www.xjhc.gov.cn/xjhc/c116834/202410/a29382e11a674da3be3353af65f9fcc5.shtml"",""attachment_url"":""https://www.xjhc.gov.cn/xjhc/c116834/202410/a29382e11a674da3be3353af65f9fcc5/files/0536cef86e2b46ddad6aae5a3780089e.xls"",""local_source_file"":""2025_guokao_zhaokaojianzhang.xls"",""local_source_sha256"":""07ae6cab368cd21b7a1ac3e8150fe9a3d39ad5171ce76135ff3cccfe50c3e77e"",""source_sheet"":""中央国家行政机关省级以下直属机构"",""filter_version"":""government_tech_v2"",""tech_filter"":{""is_tech"":true,""is_core_tech"":true,""scope"":""core"",""categories"":[""computer_software"",""cybersecurity_cryptography""],""matched_fields"":[""major"",""description""],""major_terms"":[""网络空间安全"",""计算机科学与技术"",""软件工程""],""role_terms"":[""信息科技"",""信息系统"",""软硬件""],""reason"":""tech_major_and_role""},""original"":{""部门代码"":""132124"",""部门名称"":""国家金融监督管理总局贵州监管局"",""用人司局"":""国家金融监督管理总局贵州监管局"",""机构性质"":""中央国家行政机关省级以下直属机构"",""招考职位"":""统计信息部门一级主任科员及以下"",""职位属性"":""金融监管计算机类职位"",""职位分布"":""其他职位"",""职位简介"":""主要从事金融信息科技风险监管、电子设备软硬件管理及信息系统运行维护等工作"",""职位代码"":""300147622001"",""机构层级"":""省（副省）级"",""考试类别"":""中央机关及其省级直属机构综合管理类"",""招考人数"":""2"",""专业"":""计算机科学与技术、软件工程、网络空间安全"",""学历"":""硕士研究生及以上"",""学位"":""与最高学历相对应的学位"",""政治面貌"":""不限"",""基层工作最低年限"":""二年"",""服务基层项目工作经历"":""无限制"",""是否在面试阶段组织专业能力测试"":""否"",""面试人员比例"":""4:1"",""工作地点"":""贵州省贵阳市"",""落户地点"":""贵州省贵阳市"",""备注"":""1.报名时请在专业栏中同时填写专业名称和专业代码；2.要求研究生学历大学英语六级成绩425分及以上，请在外语水平栏中注明成绩；3.要求有2年以上基层工作经历，请在简历栏中注明相关经历；4.专业考试信息请参见国家金融监督管理总局2025年度招考公告。"",""部门网站"":""http://www.cbirc.gov.cn/"",""咨询电话1"":""0851-87993021"",""咨询电话2"":""0851-87117393"",""咨询电话3"":""0851-87993153"",""来源Sheet"":""中央国家行政机关省级以下直属机构""}}"
"government_jobs","国家公务员2025招考简章","公务员/事业单位技术岗位","贵州省贵阳市","2026-07-28T09:12:58.310295+00:00","统计信息部门一级主任科员及以下","国家金融监督管理总局贵州监管局","","贵州省贵阳市","公务员/事业单位;2025;computer_software;cybersecurity_cryptography;仅限本科;学士;计算机科学与技术、软件工程、网络工程、信息安全、网络空间安全;市（地）级及以下直属机构综合管理类","用人司局：国家金融监督管理总局开阳监管支局
职位简介：主要从事金融信息科技风险监管、电子设备软硬件管理及信息系统运行维护等工作
专业要求：计算机科学与技术、软件工程、网络工程、信息安全、网络空间安全
学历要求：仅限本科
学位要求：学士
政治面貌：不限
基层工作经历：无限制
考试类别：市（地）级及以下直属机构综合管理类
备注：1.报名时请在专业栏中同时填写专业名称和专业代码；2.限2025届高校毕业生报考；3.要求本科学历大学英语四级成绩425分及以上，请在外语水平栏中注明成绩；4.专业考试信息请参见国家金融监督管理总局2025年度招考公告。","https://www.xjhc.gov.cn/xjhc/c116834/202410/a29382e11a674da3be3353af65f9fcc5.shtml#132124-300147624001","2024-10-14","{""dataset_year"":2025,""job_uid"":""GOV-2025-132124-300147624001"",""publisher"":""国家公务员局"",""publication_page"":""https://www.xjhc.gov.cn/xjhc/c116834/202410/a29382e11a674da3be3353af65f9fcc5.shtml"",""attachment_url"":""https://www.xjhc.gov.cn/xjhc/c116834/202410/a29382e11a674da3be3353af65f9fcc5/files/0536cef86e2b46ddad6aae5a3780089e.xls"",""local_source_file"":""2025_guokao_zhaokaojianzhang.xls"",""local_source_sha256"":""07ae6cab368cd21b7a1ac3e8150fe9a3d39ad5171ce76135ff3cccfe50c3e77e"",""source_sheet"":""中央国家行政机关省级以下直属机构"",""filter_version"":""government_tech_v2"",""tech_filter"":{""is_tech"":true,""is_core_tech"":true,""scope"":""core"",""categories"":[""computer_software"",""cybersecurity_cryptography""],""matched_fields"":[""major"",""description""],""major_terms"":[""信息安全"",""网络工程"",""网络空间安全"",""计算机科学与技术"",""软件工程""],""role_terms"":[""信息科技"",""信息系统"",""软硬件""],""reason"":""tech_major_and_role""},""original"":{""部门代码"":""132124"",""部门名称"":""国家金融监督管理总局贵州监管局"",""用人司局"":""国家金融监督管理总局开阳监管支局"",""机构性质"":""中央国家行政机关省级以下直属机构"",""招考职位"":""统计信息部门一级主任科员及以下"",""职位属性"":""金融监管计算机类职位"",""职位分布"":""西部地区和艰苦边远地区职位"",""职位简介"":""主要从事金融信息科技风险监管、电子设备软硬件管理及信息系统运行维护等工作"",""职位代码"":""300147624001"",""机构层级"":""县（区）级及以下"",""考试类别"":""市（地）级及以下直属机构综合管理类"",""招考人数"":""1"",""专业"":""计算机科学与技术、软件工程、网络工程、信息安全、网络空间安全"",""学历"":""仅限本科"",""学位"":""学士"",""政治面貌"":""不限"",""基层工作最低年限"":""无限制"",""服务基层项目工作经历"":""无限制"",""是否在面试阶段组织专业能力测试"":""否"",""面试人员比例"":""3:1"",""工作地点"":""贵州省贵阳市"",""落户地点"":""贵州省贵阳市"",""备注"":""1.报名时请在专业栏中同时填写专业名称和专业代码；2.限2025届高校毕业生报考；3.要求本科学历大学英语四级成绩425分及以上，请在外语水平栏中注明成绩；4.专业考试信息请参见国家金融监督管理总局2025年度招考公告。"",""部门网站"":""http://www.cbirc.gov.cn/"",""咨询电话1"":""0851-87993021"",""咨询电话2"":""0851-87117393"",""咨询电话3"":""0851-87993153"",""来源Sheet"":""中央国家行政机关省级以下直属机构""}}"
"government_jobs","国家公务员2025招考简章","公务员/事业单位技术岗位","贵州省贵阳市","2026-07-28T09:12:58.310295+00:00","统计信息部门一级主任科员及以下","国家金融监督管理总局贵州监管局","","贵州省贵阳市","公务员/事业单位;2025;computer_software;cybersecurity_cryptography;仅限本科;学士;计算机科学与技术、软件工程、网络工程、信息安全、网络空间安全;市（地）级及以下直属机构综合管理类","用人司局：国家金融监督管理总局息烽监管支局
职位简介：主要从事金融信息科技风险监管、电子设备软硬件管理及信息系统运行维护等工作
专业要求：计算机科学与技术、软件工程、网络工程、信息安全、网络空间安全
学历要求：仅限本科
学位要求：学士
政治面貌：不限
基层工作经历：无限制
考试类别：市（地）级及以下直属机构综合管理类
备注：1.报名时请在专业栏中同时填写专业名称和专业代码；2.限2025届高校毕业生报考；3.要求本科学历大学英语四级成绩425分及以上，请在外语水平栏中注明成绩；4.专业考试信息请参见国家金融监督管理总局2025年度招考公告。","https://www.xjhc.gov.cn/xjhc/c116834/202410/a29382e11a674da3be3353af65f9fcc5.shtml#132124-300147625001","2024-10-14","{""dataset_year"":2025,""job_uid"":""GOV-2025-132124-300147625001"",""publisher"":""国家公务员局"",""publication_page"":""https://www.xjhc.gov.cn/xjhc/c116834/202410/a29382e11a674da3be3353af65f9fcc5.shtml"",""attachment_url"":""https://www.xjhc.gov.cn/xjhc/c116834/202410/a29382e11a674da3be3353af65f9fcc5/files/0536cef86e2b46ddad6aae5a3780089e.xls"",""local_source_file"":""2025_guokao_zhaokaojianzhang.xls"",""local_source_sha256"":""07ae6cab368cd21b7a1ac3e8150fe9a3d39ad5171ce76135ff3cccfe50c3e77e"",""source_sheet"":""中央国家行政机关省级以下直属机构"",""filter_version"":""government_tech_v2"",""tech_filter"":{""is_tech"":true,""is_core_tech"":true,""scope"":""core"",""categories"":[""computer_software"",""cybersecurity_cryptography""],""matched_fields"":[""major"",""description""],""major_terms"":[""信息安全"",""网络工程"",""网络空间安全"",""计算机科学与技术"",""软件工程""],""role_terms"":[""信息科技"",""信息系统"",""软硬件""],""reason"":""tech_major_and_role""},""original"":{""部门代码"":""132124"",""部门名称"":""国家金融监督管理总局贵州监管局"",""用人司局"":""国家金融监督管理总局息烽监管支局"",""机构性质"":""中央国家行政机关省级以下直属机构"",""招考职位"":""统计信息部门一级主任科员及以下"",""职位属性"":""金融监管计算机类职位"",""职位分布"":""西部地区和艰苦边远地区职位"",""职位简介"":""主要从事金融信息科技风险监管、电子设备软硬件管理及信息系统运行维护等工作"",""职位代码"":""300147625001"",""机构层级"":""县（区）级及以下"",""考试类别"":""市（地）级及以下直属机构综合管理类"",""招考人数"":""1"",""专业"":""计算机科学与技术、软件工程、网络工程、信息安全、网络空间安全"",""学历"":""仅限本科"",""学位"":""学士"",""政治面貌"":""不限"",""基层工作最低年限"":""无限制"",""服务基层项目工作经历"":""无限制"",""是否在面试阶段组织专业能力测试"":""否"",""面试人员比例"":""3:1"",""工作地点"":""贵州省贵阳市"",""落户地点"":""贵州省贵阳市"",""备注"":""1.报名时请在专业栏中同时填写专业名称和专业代码；2.限2025届高校毕业生报考；3.要求本科学历大学英语四级成绩425分及以上，请在外语水平栏中注明成绩；4.专业考试信息请参见国家金融监督管理总局2025年度招考公告。"",""部门网站"":""http://www.cbirc.gov.cn/"",""咨询电话1"":""0851-87993021"",""咨询电话2"":""0851-87117393"",""咨询电话3"":""0851-87993153"",""来源Sheet"":""中央国家行政机关省级以下直属机构""}}"
"government_jobs","国家公务员2025招考简章","公务员/事业单位技术岗位","贵州省安顺市","2026-07-28T09:12:58.310295+00:00","统计信息部门一级主任科员及以下","国家金融监督管理总局贵州监管局","","贵州省安顺市","公务员/事业单位;2025;computer_software;cybersecurity_cryptography;仅限本科;学士;计算机科学与技术、软件工程、网络工程、信息安全、网络空间安全;市（地）级及以下直属机构综合管理类","用人司局：国家金融监督管理总局镇宁监管支局
职位简介：主要从事金融信息科技风险监管、电子设备软硬件管理及信息系统运行维护等工作
专业要求：计算机科学与技术、软件工程、网络工程、信息安全、网络空间安全
学历要求：仅限本科
学位要求：学士
政治面貌：不限
基层工作经历：无限制
考试类别：市（地）级及以下直属机构综合管理类
备注：1.报名时请在专业栏中同时填写专业名称和专业代码；2.限2025届高校毕业生报考；3.要求本科学历大学英语四级成绩425分及以上，请在外语水平栏中注明成绩；4.专业考试信息请参见国家金融监督管理总局2025年度招考公告。","https://www.xjhc.gov.cn/xjhc/c116834/202410/a29382e11a674da3be3353af65f9fcc5.shtml#132124-300147632001","2024-10-14","{""dataset_year"":2025,""job_uid"":""GOV-2025-132124-300147632001"",""publisher"":""国家公务员局"",""publication_page"":""https://www.xjhc.gov.cn/xjhc/c116834/202410/a29382e11a674da3be3353af65f9fcc5.shtml"",""attachment_url"":""https://www.xjhc.gov.cn/xjhc/c116834/202410/a29382e11a674da3be3353af65f9fcc5/files/0536cef86e2b46ddad6aae5a3780089e.xls"",""local_source_file"":""2025_guokao_zhaokaojianzhang.xls"",""local_source_sha256"":""07ae6cab368cd21b7a1ac3e8150fe9a3d39ad5171ce76135ff3cccfe50c3e77e"",""source_sheet"":""中央国家行政机关省级以下直属机构"",""filter_version"":""government_tech_v2"",""tech_filter"":{""is_tech"":true,""is_core_tech"":true,""scope"":""core"",""categories"":[""computer_software"",""cybersecurity_cryptography""],""matched_fields"":[""major"",""description""],""major_terms"":[""信息安全"",""网络工程"",""网络空间安全"",""计算机科学与技术"",""软件工程""],""role_terms"":[""信息科技"",""信息系统"",""软硬件""],""reason"":""tech_major_and_role""},""original"":{""部门代码"":""132124"",""部门名称"":""国家金融监督管理总局贵州监管局"",""用人司局"":""国家金融监督管理总局镇宁监管支局"",""机构性质"":""中央国家行政机关省级以下直属机构"",""招考职位"":""统计信息部门一级主任科员及以下"",""职位属性"":""金融监管计算机类职位"",""职位分布"":""西部地区和艰苦边远地区职位"",""职位简介"":""主要从事金融信息科技风险监管、电子设备软硬件管理及信息系统运行维护等工作"",""职位代码"":""300147632001"",""机构层级"":""县（区）级及以下"",""考试类别"":""市（地）级及以下直属机构综合管理类"",""招考人数"":""1"",""专业"":""计算机科学与技术、软件工程、网络工程、信息安全、网络空间安全"",""学历"":""仅限本科"",""学位"":""学士"",""政治面貌"":""不限"",""基层工作最低年限"":""无限制"",""服务基层项目工作经历"":""无限制"",""是否在面试阶段组织专业能力测试"":""否"",""面试人员比例"":""3:1"",""工作地点"":""贵州省安顺市"",""落户地点"":""贵州省安顺市"",""备注"":""1.报名时请在专业栏中同时填写专业名称和专业代码；2.限2025届高校毕业生报考；3.要求本科学历大学英语四级成绩425分及以上，请在外语水平栏中注明成绩；4.专业考试信息请参见国家金融监督管理总局2025年度招考公告。"",""部门网站"":""http://www.cbirc.gov.cn/"",""咨询电话1"":""0851-87993021"",""咨询电话2"":""0851-87117393"",""咨询电话3"":""0851-87993153"",""来源Sheet"":""中央国家行政机关省级以下直属机构""}}"
"government_jobs","国家公务员2025招考简章","公务员/事业单位技术岗位","贵州省黔南布依族苗族自治州","2026-07-28T09:12:58.310295+00:00","统计信息部门一级主任科员及以下","国家金融监督管理总局贵州监管局","","贵州省黔南布依族苗族自治州","公务员/事业单位;2025;computer_software;cybersecurity_cryptography;本科及以上;与最高学历相对应的学位;本科：计算机科学与技术、软件工程、网络工程、信息安全、网络空间安全；研究生：计算机科学与技术、软件工程、网络空间安全;市（地）级及以下直属机构综合管理类","用人司局：国家金融监督管理总局黔南监管分局
职位简介：主要从事金融信息科技风险监管、电子设备软硬件管理及信息系统运行维护等工作
专业要求：本科：计算机科学与技术、软件工程、网络工程、信息安全、网络空间安全；研究生：计算机科学与技术、软件工程、网络空间安全
学历要求：本科及以上
学位要求：与最高学历相对应的学位
政治面貌：不限
基层工作经历：无限制
考试类别：市（地）级及以下直属机构综合管理类
备注：1.报名时请在专业栏中同时填写专业名称和专业代码；2.限2025届高校毕业生报考；3.要求大学英语四级成绩425分及以上，请在外语水平栏中注明成绩；4.专业考试信息请参见国家金融监督管理总局2025年度招考公告。","https://www.xjhc.gov.cn/xjhc/c116834/202410/a29382e11a674da3be3353af65f9fcc5.shtml#132124-300147634001","2024-10-14","{""dataset_year"":2025,""job_uid"":""GOV-2025-132124-300147634001"",""publisher"":""国家公务员局"",""publication_page"":""https://www.xjhc.gov.cn/xjhc/c116834/202410/a29382e11a674da3be3353af65f9fcc5.shtml"",""attachment_url"":""https://www.xjhc.gov.cn/xjhc/c116834/202410/a29382e11a674da3be3353af65f9fcc5/files/0536cef86e2b46ddad6aae5a3780089e.xls"",""local_source_file"":""2025_guokao_zhaokaojianzhang.xls"",""local_source_sha256"":""07ae6cab368cd21b7a1ac3e8150fe9a3d39ad5171ce76135ff3cccfe50c3e77e"",""source_sheet"":""中央国家行政机关省级以下直属机构"",""filter_version"":""government_tech_v2"",""tech_filter"":{""is_tech"":true,""is_core_tech"":true,""scope"":""core"",""categories"":[""computer_software"",""cybersecurity_cryptography""],""matched_fields"":[""major"",""description""],""major_terms"":[""信息安全"",""网络工程"",""网络空间安全"",""计算机科学与技术"",""软件工程""],""role_terms"":[""信息科技"",""信息系统"",""软硬件""],""reason"":""tech_major_and_role""},""original"":{""部门代码"":""132124"",""部门名称"":""国家金融监督管理总局贵州监管局"",""用人司局"":""国家金融监督管理总局黔南监管分局"",""机构性质"":""中央国家行政机关省级以下直属机构"",""招考职位"":""统计信息部门一级主任科员及以下"",""职位属性"":""金融监管计算机类职位"",""职位分布"":""西部地区和艰苦边远地区职位"",""职位简介"":""主要从事金融信息科技风险监管、电子设备软硬件管理及信息系统运行维护等工作"",""职位代码"":""300147634001"",""机构层级"":""市（地）级"",""考试类别"":""市（地）级及以下直属机构综合管理类"",""招考人数"":""1"",""专业"":""本科：计算机科学与技术、软件工程、网络工程、信息安全、网络空间安全；研究生：计算机科学与技术、软件工程、网络空间安全"",""学历"":""本科及以上"",""学位"":""与最高学历相对应的学位"",""政治面貌"":""不限"",""基层工作最低年限"":""无限制"",""服务基层项目工作经历"":""无限制"",""是否在面试阶段组织专业能力测试"":""否"",""面试人员比例"":""3:1"",""工作地点"":""贵州省黔南布依族苗族自治州"",""落户地点"":""贵州省黔南布依族苗族自治州"",""备注"":""1.报名时请在专业栏中同时填写专业名称和专业代码；2.限2025届高校毕业生报考；3.要求大学英语四级成绩425分及以上，请在外语水平栏中注明成绩；4.专业考试信息请参见国家金融监督管理总局2025年度招考公告。"",""部门网站"":""http://www.cbirc.gov.cn/"",""咨询电话1"":""0851-87993021"",""咨询电话2"":""0851-87117393"",""咨询电话3"":""0851-87993153"",""来源Sheet"":""中央国家行政机关省级以下直属机构""}}"
"government_jobs","国家公务员2025招考简章","公务员/事业单位技术岗位","贵州省黔南布依族苗族自治州","2026-07-28T09:12:58.310295+00:00","统计信息部门一级主任科员及以下","国家金融监督管理总局贵州监管局","","贵州省黔南布依族苗族自治州","公务员/事业单位;2025;computer_software;cybersecurity_cryptography;仅限本科;学士;计算机科学与技术、软件工程、网络工程、信息安全、网络空间安全;市（地）级及以下直属机构综合管理类","用人司局：国家金融监督管理总局独山监管支局
职位简介：主要从事金融信息科技风险监管、电子设备软硬件管理及信息系统运行维护等工作
专业要求：计算机科学与技术、软件工程、网络工程、信息安全、网络空间安全
学历要求：仅限本科
学位要求：学士
政治面貌：不限
基层工作经历：无限制
考试类别：市（地）级及以下直属机构综合管理类
备注：1.报名时请在专业栏中同时填写专业名称和专业代码；2.限2025届高校毕业生报考；3.要求本科学历大学英语四级成绩425分及以上，请在外语水平栏中注明成绩；4.专业考试信息请参见国家金融监督管理总局2025年度招考公告。","https://www.xjhc.gov.cn/xjhc/c116834/202410/a29382e11a674da3be3353af65f9fcc5.shtml#132124-300147635001","2024-10-14","{""dataset_year"":2025,""job_uid"":""GOV-2025-132124-300147635001"",""publisher"":""国家公务员局"",""publication_page"":""https://www.xjhc.gov.cn/xjhc/c116834/202410/a29382e11a674da3be3353af65f9fcc5.shtml"",""attachment_url"":""https://www.xjhc.gov.cn/xjhc/c116834/202410/a29382e11a674da3be3353af65f9fcc5/files/0536cef86e2b46ddad6aae5a3780089e.xls"",""local_source_file"":""2025_guokao_zhaokaojianzhang.xls"",""local_source_sha256"":""07ae6cab368cd21b7a1ac3e8150fe9a3d39ad5171ce76135ff3cccfe50c3e77e"",""source_sheet"":""中央国家行政机关省级以下直属机构"",""filter_version"":""government_tech_v2"",""tech_filter"":{""is_tech"":true,""is_core_tech"":true,""scope"":""core"",""categories"":[""computer_software"",""cybersecurity_cryptography""],""matched_fields"":[""major"",""description""],""major_terms"":[""信息安全"",""网络工程"",""网络空间安全"",""计算机科学与技术"",""软件工程""],""role_terms"":[""信息科技"",""信息系统"",""软硬件""],""reason"":""tech_major_and_role""},""original"":{""部门代码"":""132124"",""部门名称"":""国家金融监督管理总局贵州监管局"",""用人司局"":""国家金融监督管理总局独山监管支局"",""机构性质"":""中央国家行政机关省级以下直属机构"",""招考职位"":""统计信息部门一级主任科员及以下"",""职位属性"":""金融监管计算机类职位"",""职位分布"":""西部地区和艰苦边远地区职位"",""职位简介"":""主要从事金融信息科技风险监管、电子设备软硬件管理及信息系统运行维护等工作"",""职位代码"":""300147635001"",""机构层级"":""县（区）级及以下"",""考试类别"":""市（地）级及以下直属机构综合管理类"",""招考人数"":""1"",""专业"":""计算机科学与技术、软件工程、网络工程、信息安全、网络空间安全"",""学历"":""仅限本科"",""学位"":""学士"",""政治面貌"":""不限"",""基层工作最低年限"":""无限制"",""服务基层项目工作经历"":""无限制"",""是否在面试阶段组织专业能力测试"":""否"",""面试人员比例"":""3:1"",""工作地点"":""贵州省黔南布依族苗族自治州"",""落户地点"":""贵州省黔南布依族苗族自治州"",""备注"":""1.报名时请在专业栏中同时填写专业名称和专业代码；2.限2025届高校毕业生报考；3.要求本科学历大学英语四级成绩425分及以上，请在外语水平栏中注明成绩；4.专业考试信息请参见国家金融监督管理总局2025年度招考公告。"",""部门网站"":""http://www.cbirc.gov.cn/"",""咨询电话1"":""0851-87993021"",""咨询电话2"":""0851-87117393"",""咨询电话3"":""0851-87993153"",""来源Sheet"":""中央国家行政机关省级以下直属机构""}}"
"government_jobs","国家公务员2025招考简章","公务员/事业单位技术岗位","贵州省黔南布依族苗族自治州","2026-07-28T09:12:58.310295+00:00","统计信息部门一级主任科员及以下","国家金融监督管理总局贵州监管局","","贵州省黔南布依族苗族自治州","公务员/事业单位;2025;computer_software;cybersecurity_cryptography;仅限本科;学士;计算机科学与技术、软件工程、网络工程、信息安全、网络空间安全;市（地）级及以下直属机构综合管理类","用人司局：国家金融监督管理总局福泉监管支局
职位简介：主要从事金融信息科技风险监管、电子设备软硬件管理及信息系统运行维护等工作
专业要求：计算机科学与技术、软件工程、网络工程、信息安全、网络空间安全
学历要求：仅限本科
学位要求：学士
政治面貌：不限
基层工作经历：二年
考试类别：市（地）级及以下直属机构综合管理类
备注：1.报名时请在专业栏中同时填写专业名称和专业代码；2.请在简历栏中注明服务基层项目相关工作经历；3.要求本科学历大学英语四级成绩425分及以上，请在外语水平栏中注明成绩；4.专业考试信息请参见国家金融监督管理总局2025年度招考公告。","https://www.xjhc.gov.cn/xjhc/c116834/202410/a29382e11a674da3be3353af65f9fcc5.shtml#132124-300147636001","2024-10-14","{""dataset_year"":2025,""job_uid"":""GOV-2025-132124-300147636001"",""publisher"":""国家公务员局"",""publication_page"":""https://www.xjhc.gov.cn/xjhc/c116834/202410/a29382e11a674da3be3353af65f9fcc5.shtml"",""attachment_url"":""https://www.xjhc.gov.cn/xjhc/c116834/202410/a29382e11a674da3be3353af65f9fcc5/files/0536cef86e2b46ddad6aae5a3780089e.xls"",""local_source_file"":""2025_guokao_zhaokaojianzhang.xls"",""local_source_sha256"":""07ae6cab368cd21b7a1ac3e8150fe9a3d39ad5171ce76135ff3cccfe50c3e77e"",""source_sheet"":""中央国家行政机关省级以下直属机构"",""filter_version"":""government_tech_v2"",""tech_filter"":{""is_tech"":true,""is_core_tech"":true,""scope"":""core"",""categories"":[""computer_software"",""cybersecurity_cryptography""],""matched_fields"":[""major"",""description""],""major_terms"":[""信息安全"",""网络工程"",""网络空间安全"",""计算机科学与技术"",""软件工程""],""role_terms"":[""信息科技"",""信息系统"",""软硬件""],""reason"":""tech_major_and_role""},""original"":{""部门代码"":""132124"",""部门名称"":""国家金融监督管理总局贵州监管局"",""用人司局"":""国家金融监督管理总局福泉监管支局"",""机构性质"":""中央国家行政机关省级以下直属机构"",""招考职位"":""统计信息部门一级主任科员及以下"",""职位属性"":""金融监管计算机类职位"",""职位分布"":""西部地区和艰苦边远地区职位"",""职位简介"":""主要从事金融信息科技风险监管、电子设备软硬件管理及信息系统运行维护等工作"",""职位代码"":""300147636001"",""机构层级"":""县（区）级及以下"",""考试类别"":""市（地）级及以下直属机构综合管理类"",""招考人数"":""1"",""专业"":""计算机科学与技术、软件工程、网络工程、信息安全、网络空间安全"",""学历"":""仅限本科"",""学位"":""学士"",""政治面貌"":""不限"",""基层工作最低年限"":""二年"",""服务基层项目工作经历"":""大学生村官、农村义务教育阶段学校教师特设岗位计划、“三支一扶”计划、大学生志愿服务西部计划、在军队服役5年（含）以上的高校毕业生退役士兵"",""是否在面试阶段组织专业能力测试"":""否"",""面试人员比例"":""3:1"",""工作地点"":""贵州省黔南布依族苗族自治州"",""落户地点"":""贵州省黔南布依族苗族自治州"",""备注"":""1.报名时请在专业栏中同时填写专业名称和专业代码；2.请在简历栏中注明服务基层项目相关工作经历；3.要求本科学历大学英语四级成绩425分及以上，请在外语水平栏中注明成绩；4.专业考试信息请参见国家金融监督管理总局2025年度招考公告。"",""部门网站"":""http://www.cbirc.gov.cn/"",""咨询电话1"":""0851-87993021"",""咨询电话2"":""0851-87117393"",""咨询电话3"":""0851-87993153"",""来源Sheet"":""中央国家行政机关省级以下直属机构""}}"
"government_jobs","国家公务员2025招考简章","公务员/事业单位技术岗位","贵州省黔南布依族苗族自治州","2026-07-28T09:12:58.310295+00:00","统计信息部门一级主任科员及以下","国家金融监督管理总局贵州监管局","","贵州省黔南布依族苗族自治州","公务员/事业单位;2025;computer_software;cybersecurity_cryptography;仅限本科;学士;计算机科学与技术、软件工程、网络工程、信息安全、网络空间安全;市（地）级及以下直属机构综合管理类","用人司局：国家金融监督管理总局三都监管支局
职位简介：主要从事金融信息科技风险监管、电子设备软硬件管理及信息系统运行维护等工作
专业要求：计算机科学与技术、软件工程、网络工程、信息安全、网络空间安全
学历要求：仅限本科
学位要求：学士
政治面貌：不限
基层工作经历：无限制
考试类别：市（地）级及以下直属机构综合管理类
备注：1.报名时请在专业栏中同时填写专业名称和专业代码；2.限2025届高校毕业生报考；3.要求本科学历大学英语四级成绩425分及以上，请在外语水平栏中注明成绩；4.专业考试信息请参见国家金融监督管理总局2025年度招考公告。","https://www.xjhc.gov.cn/xjhc/c116834/202410/a29382e11a674da3be3353af65f9fcc5.shtml#132124-300147638001","2024-10-14","{""dataset_year"":2025,""job_uid"":""GOV-2025-132124-300147638001"",""publisher"":""国家公务员局"",""publication_page"":""https://www.xjhc.gov.cn/xjhc/c116834/202410/a29382e11a674da3be3353af65f9fcc5.shtml"",""attachment_url"":""https://www.xjhc.gov.cn/xjhc/c116834/202410/a29382e11a674da3be3353af65f9fcc5/files/0536cef86e2b46ddad6aae5a3780089e.xls"",""local_source_file"":""2025_guokao_zhaokaojianzhang.xls"",""local_source_sha256"":""07ae6cab368cd21b7a1ac3e8150fe9a3d39ad5171ce76135ff3cccfe50c3e77e"",""source_sheet"":""中央国家行政机关省级以下直属机构"",""filter_version"":""government_tech_v2"",""tech_filter"":{""is_tech"":true,""is_core_tech"":true,""scope"":""core"",""categories"":[""computer_software"",""cybersecurity_cryptography""],""matched_fields"":[""major"",""description""],""major_terms"":[""信息安全"",""网络工程"",""网络空间安全"",""计算机科学与技术"",""软件工程""],""role_terms"":[""信息科技"",""信息系统"",""软硬件""],""reason"":""tech_major_and_role""},""original"":{""部门代码"":""132124"",""部门名称"":""国家金融监督管理总局贵州监管局"",""用人司局"":""国家金融监督管理总局三都监管支局"",""机构性质"":""中央国家行政机关省级以下直属机构"",""招考职位"":""统计信息部门一级主任科员及以下"",""职位属性"":""金融监管计算机类职位"",""职位分布"":""西部地区和艰苦边远地区职位"",""职位简介"":""主要从事金融信息科技风险监管、电子设备软硬件管理及信息系统运行维护等工作"",""职位代码"":""300147638001"",""机构层级"":""县（区）级及以下"",""考试类别"":""市（地）级及以下直属机构综合管理类"",""招考人数"":""1"",""专业"":""计算机科学与技术、软件工程、网络工程、信息安全、网络空间安全"",""学历"":""仅限本科"",""学位"":""学士"",""政治面貌"":""不限"",""基层工作最低年限"":""无限制"",""服务基层项目工作经历"":""无限制"",""是否在面试阶段组织专业能力测试"":""否"",""面试人员比例"":""3:1"",""工作地点"":""贵州省黔南布依族苗族自治州"",""落户地点"":""贵州省黔南布依族苗族自治州"",""备注"":""1.报名时请在专业栏中同时填写专业名称和专业代码；2.限2025届高校毕业生报考；3.要求本科学历大学英语四级成绩425分及以上，请在外语水平栏中注明成绩；4.专业考试信息请参见国家金融监督管理总局2025年度招考公告。"",""部门网站"":""http://www.cbirc.gov.cn/"",""咨询电话1"":""0851-87993021"",""咨询电话2"":""0851-87117393"",""咨询电话3"":""0851-87993153"",""来源Sheet"":""中央国家行政机关省级以下直属机构""}}"
"government_jobs","国家公务员2025招考简章","公务员/事业单位技术岗位","贵州省黔东南苗族侗族自治州","2026-07-28T09:12:58.310295+00:00","统计信息部门一级主任科员及以下","国家金融监督管理总局贵州监管局","","贵州省黔东南苗族侗族自治州","公务员/事业单位;2025;computer_software;cybersecurity_cryptography;仅限本科;学士;计算机科学与技术、软件工程、网络工程、信息安全、网络空间安全;市（地）级及以下直属机构综合管理类","用人司局：国家金融监督管理总局黎平监管支局
职位简介：主要从事金融信息科技风险监管、电子设备软硬件管理及信息系统运行维护等工作
专业要求：计算机科学与技术、软件工程、网络工程、信息安全、网络空间安全
学历要求：仅限本科
学位要求：学士
政治面貌：不限
基层工作经历：无限制
考试类别：市（地）级及以下直属机构综合管理类
备注：1.报名时请在专业栏中同时填写专业名称和专业代码；2.限2025届高校毕业生报考；3.要求本科学历大学英语四级成绩425分及以上，请在外语水平栏中注明成绩；4.专业考试信息请参见国家金融监督管理总局2025年度招考公告。","https://www.xjhc.gov.cn/xjhc/c116834/202410/a29382e11a674da3be3353af65f9fcc5.shtml#132124-300147640001","2024-10-14","{""dataset_year"":2025,""job_uid"":""GOV-2025-132124-300147640001"",""publisher"":""国家公务员局"",""publication_page"":""https://www.xjhc.gov.cn/xjhc/c116834/202410/a29382e11a674da3be3353af65f9fcc5.shtml"",""attachment_url"":""https://www.xjhc.gov.cn/xjhc/c116834/202410/a29382e11a674da3be3353af65f9fcc5/files/0536cef86e2b46ddad6aae5a3780089e.xls"",""local_source_file"":""2025_guokao_zhaokaojianzhang.xls"",""local_source_sha256"":""07ae6cab368cd21b7a1ac3e8150fe9a3d39ad5171ce76135ff3cccfe50c3e77e"",""source_sheet"":""中央国家行政机关省级以下直属机构"",""filter_version"":""government_tech_v2"",""tech_filter"":{""is_tech"":true,""is_core_tech"":true,""scope"":""core"",""categories"":[""computer_software"",""cybersecurity_cryptography""],""matched_fields"":[""major"",""description""],""major_terms"":[""信息安全"",""网络工程"",""网络空间安全"",""计算机科学与技术"",""软件工程""],""role_terms"":[""信息科技"",""信息系统"",""软硬件""],""reason"":""tech_major_and_role""},""original"":{""部门代码"":""132124"",""部门名称"":""国家金融监督管理总局贵州监管局"",""用人司局"":""国家金融监督管理总局黎平监管支局"",""机构性质"":""中央国家行政机关省级以下直属机构"",""招考职位"":""统计信息部门一级主任科员及以下"",""职位属性"":""金融监管计算机类职位"",""职位分布"":""西部地区和艰苦边远地区职位"",""职位简介"":""主要从事金融信息科技风险监管、电子设备软硬件管理及信息系统运行维护等工作"",""职位代码"":""300147640001"",""机构层级"":""县（区）级及以下"",""考试类别"":""市（地）级及以下直属机构综合管理类"",""招考人数"":""1"",""专业"":""计算机科学与技术、软件工程、网络工程、信息安全、网络空间安全"",""学历"":""仅限本科"",""学位"":""学士"",""政治面貌"":""不限"",""基层工作最低年限"":""无限制"",""服务基层项目工作经历"":""无限制"",""是否在面试阶段组织专业能力测试"":""否"",""面试人员比例"":""3:1"",""工作地点"":""贵州省黔东南苗族侗族自治州"",""落户地点"":""贵州省黔东南苗族侗族自治州"",""备注"":""1.报名时请在专业栏中同时填写专业名称和专业代码；2.限2025届高校毕业生报考；3.要求本科学历大学英语四级成绩425分及以上，请在外语水平栏中注明成绩；4.专业考试信息请参见国家金融监督管理总局2025年度招考公告。"",""部门网站"":""http://www.cbirc.gov.cn/"",""咨询电话1"":""0851-87993021"",""咨询电话2"":""0851-87117393"",""咨询电话3"":""0851-87993153"",""来源Sheet"":""中央国家行政机关省级以下直属机构""}}"
"government_jobs","国家公务员2025招考简章","公务员/事业单位技术岗位","贵州省黔东南苗族侗族自治州","2026-07-28T09:12:58.310295+00:00","统计信息部门一级主任科员及以下","国家金融监督管理总局贵州监管局","","贵州省黔东南苗族侗族自治州","公务员/事业单位;2025;computer_software;cybersecurity_cryptography;仅限本科;学士;计算机科学与技术、软件工程、网络工程、信息安全、网络空间安全;市（地）级及以下直属机构综合管理类","用人司局：国家金融监督管理总局锦屏监管支局
职位简介：主要从事金融信息科技风险监管、电子设备软硬件管理及信息系统运行维护等工作
专业要求：计算机科学与技术、软件工程、网络工程、信息安全、网络空间安全
学历要求：仅限本科
学位要求：学士
政治面貌：不限
基层工作经历：无限制
考试类别：市（地）级及以下直属机构综合管理类
备注：1.报名时请在专业栏中同时填写专业名称和专业代码；2.限2025届高校毕业生报考；3.要求本科学历大学英语四级成绩425分及以上，请在外语水平栏中注明成绩；4.专业考试信息请参见国家金融监督管理总局2025年度招考公告。","https://www.xjhc.gov.cn/xjhc/c116834/202410/a29382e11a674da3be3353af65f9fcc5.shtml#132124-300147641001","2024-10-14","{""dataset_year"":2025,""job_uid"":""GOV-2025-132124-300147641001"",""publisher"":""国家公务员局"",""publication_page"":""https://www.xjhc.gov.cn/xjhc/c116834/202410/a29382e11a674da3be3353af65f9fcc5.shtml"",""attachment_url"":""https://www.xjhc.gov.cn/xjhc/c116834/202410/a29382e11a674da3be3353af65f9fcc5/files/0536cef86e2b46ddad6aae5a3780089e.xls"",""local_source_file"":""2025_guokao_zhaokaojianzhang.xls"",""local_source_sha256"":""07ae6cab368cd21b7a1ac3e8150fe9a3d39ad5171ce76135ff3cccfe50c3e77e"",""source_sheet"":""中央国家行政机关省级以下直属机构"",""filter_version"":""government_tech_v2"",""tech_filter"":{""is_tech"":true,""is_core_tech"":true,""scope"":""core"",""categories"":[""computer_software"",""cybersecurity_cryptography""],""matched_fields"":[""major"",""description""],""major_terms"":[""信息安全"",""网络工程"",""网络空间安全"",""计算机科学与技术"",""软件工程""],""role_terms"":[""信息科技"",""信息系统"",""软硬件""],""reason"":""tech_major_and_role""},""original"":{""部门代码"":""132124"",""部门名称"":""国家金融监督管理总局贵州监管局"",""用人司局"":""国家金融监督管理总局锦屏监管支局"",""机构性质"":""中央国家行政机关省级以下直属机构"",""招考职位"":""统计信息部门一级主任科员及以下"",""职位属性"":""金融监管计算机类职位"",""职位分布"":""西部地区和艰苦边远地区职位"",""职位简介"":""主要从事金融信息科技风险监管、电子设备软硬件管理及信息系统运行维护等工作"",""职位代码"":""300147641001"",""机构层级"":""县（区）级及以下"",""考试类别"":""市（地）级及以下直属机构综合管理类"",""招考人数"":""1"",""专业"":""计算机科学与技术、软件工程、网络工程、信息安全、网络空间安全"",""学历"":""仅限本科"",""学位"":""学士"",""政治面貌"":""不限"",""基层工作最低年限"":""无限制"",""服务基层项目工作经历"":""无限制"",""是否在面试阶段组织专业能力测试"":""否"",""面试人员比例"":""3:1"",""工作地点"":""贵州省黔东南苗族侗族自治州"",""落户地点"":""贵州省黔东南苗族侗族自治州"",""备注"":""1.报名时请在专业栏中同时填写专业名称和专业代码；2.限2025届高校毕业生报考；3.要求本科学历大学英语四级成绩425分及以上，请在外语水平栏中注明成绩；4.专业考试信息请参见国家金融监督管理总局2025年度招考公告。"",""部门网站"":""http://www.cbirc.gov.cn/"",""咨询电话1"":""0851-87993021"",""咨询电话2"":""0851-87117393"",""咨询电话3"":""0851-87993153"",""来源Sheet"":""中央国家行政机关省级以下直属机构""}}"
"government_jobs","国家公务员2025招考简章","公务员/事业单位技术岗位","贵州省黔东南苗族侗族自治州","2026-07-28T09:12:58.310295+00:00","统计信息部门一级主任科员及以下","国家金融监督管理总局贵州监管局","","贵州省黔东南苗族侗族自治州","公务员/事业单位;2025;computer_software;cybersecurity_cryptography;仅限本科;学士;计算机科学与技术、软件工程、网络工程、信息安全、网络空间安全;市（地）级及以下直属机构综合管理类","用人司局：国家金融监督管理总局从江监管支局
职位简介：主要从事金融信息科技风险监管、电子设备软硬件管理及信息系统运行维护等工作
专业要求：计算机科学与技术、软件工程、网络工程、信息安全、网络空间安全
学历要求：仅限本科
学位要求：学士
政治面貌：不限
基层工作经历：无限制
考试类别：市（地）级及以下直属机构综合管理类
备注：1.报名时请在专业栏中同时填写专业名称和专业代码；2.限2025届高校毕业生报考；3.要求本科学历大学英语四级成绩425分及以上，请在外语水平栏中注明成绩；4.专业考试信息请参见国家金融监督管理总局2025年度招考公告。","https://www.xjhc.gov.cn/xjhc/c116834/202410/a29382e11a674da3be3353af65f9fcc5.shtml#132124-300147642001","2024-10-14","{""dataset_year"":2025,""job_uid"":""GOV-2025-132124-300147642001"",""publisher"":""国家公务员局"",""publication_page"":""https://www.xjhc.gov.cn/xjhc/c116834/202410/a29382e11a674da3be3353af65f9fcc5.shtml"",""attachment_url"":""https://www.xjhc.gov.cn/xjhc/c116834/202410/a29382e11a674da3be3353af65f9fcc5/files/0536cef86e2b46ddad6aae5a3780089e.xls"",""local_source_file"":""2025_guokao_zhaokaojianzhang.xls"",""local_source_sha256"":""07ae6cab368cd21b7a1ac3e8150fe9a3d39ad5171ce76135ff3cccfe50c3e77e"",""source_sheet"":""中央国家行政机关省级以下直属机构"",""filter_version"":""government_tech_v2"",""tech_filter"":{""is_tech"":true,""is_core_tech"":true,""scope"":""core"",""categories"":[""computer_software"",""cybersecurity_cryptography""],""matched_fields"":[""major"",""description""],""major_terms"":[""信息安全"",""网络工程"",""网络空间安全"",""计算机科学与技术"",""软件工程""],""role_terms"":[""信息科技"",""信息系统"",""软硬件""],""reason"":""tech_major_and_role""},""original"":{""部门代码"":""132124"",""部门名称"":""国家金融监督管理总局贵州监管局"",""用人司局"":""国家金融监督管理总局从江监管支局"",""机构性质"":""中央国家行政机关省级以下直属机构"",""招考职位"":""统计信息部门一级主任科员及以下"",""职位属性"":""金融监管计算机类职位"",""职位分布"":""西部地区和艰苦边远地区职位"",""职位简介"":""主要从事金融信息科技风险监管、电子设备软硬件管理及信息系统运行维护等工作"",""职位代码"":""300147642001"",""机构层级"":""县（区）级及以下"",""考试类别"":""市（地）级及以下直属机构综合管理类"",""招考人数"":""1"",""专业"":""计算机科学与技术、软件工程、网络工程、信息安全、网络空间安全"",""学历"":""仅限本科"",""学位"":""学士"",""政治面貌"":""不限"",""基层工作最低年限"":""无限制"",""服务基层项目工作经历"":""无限制"",""是否在面试阶段组织专业能力测试"":""否"",""面试人员比例"":""3:1"",""工作地点"":""贵州省黔东南苗族侗族自治州"",""落户地点"":""贵州省黔东南苗族侗族自治州"",""备注"":""1.报名时请在专业栏中同时填写专业名称和专业代码；2.限2025届高校毕业生报考；3.要求本科学历大学英语四级成绩425分及以上，请在外语水平栏中注明成绩；4.专业考试信息请参见国家金融监督管理总局2025年度招考公告。"",""部门网站"":""http://www.cbirc.gov.cn/"",""咨询电话1"":""0851-87993021"",""咨询电话2"":""0851-87117393"",""咨询电话3"":""0851-87993153"",""来源Sheet"":""中央国家行政机关省级以下直属机构""}}"
"government_jobs","国家公务员2025招考简章","公务员/事业单位技术岗位","贵州省黔东南苗族侗族自治州","2026-07-28T09:12:58.310295+00:00","统计信息部门一级主任科员及以下","国家金融监督管理总局贵州监管局","","贵州省黔东南苗族侗族自治州","公务员/事业单位;2025;computer_software;cybersecurity_cryptography;仅限本科;学士;计算机科学与技术、软件工程、网络工程、信息安全、网络空间安全;市（地）级及以下直属机构综合管理类","用人司局：国家金融监督管理总局榕江监管支局
职位简介：主要从事金融信息科技风险监管、电子设备软硬件管理及信息系统运行维护等工作
专业要求：计算机科学与技术、软件工程、网络工程、信息安全、网络空间安全
学历要求：仅限本科
学位要求：学士
政治面貌：不限
基层工作经历：无限制
考试类别：市（地）级及以下直属机构综合管理类
备注：1.报名时请在专业栏中同时填写专业名称和专业代码；2.限2025届高校毕业生报考；3.要求本科学历大学英语四级成绩425分及以上，请在外语水平栏中注明成绩；4.专业考试信息请参见国家金融监督管理总局2025年度招考公告。","https://www.xjhc.gov.cn/xjhc/c116834/202410/a29382e11a674da3be3353af65f9fcc5.shtml#132124-300147643001","2024-10-14","{""dataset_year"":2025,""job_uid"":""GOV-2025-132124-300147643001"",""publisher"":""国家公务员局"",""publication_page"":""https://www.xjhc.gov.cn/xjhc/c116834/202410/a29382e11a674da3be3353af65f9fcc5.shtml"",""attachment_url"":""https://www.xjhc.gov.cn/xjhc/c116834/202410/a29382e11a674da3be3353af65f9fcc5/files/0536cef86e2b46ddad6aae5a3780089e.xls"",""local_source_file"":""2025_guokao_zhaokaojianzhang.xls"",""local_source_sha256"":""07ae6cab368cd21b7a1ac3e8150fe9a3d39ad5171ce76135ff3cccfe50c3e77e"",""source_sheet"":""中央国家行政机关省级以下直属机构"",""filter_version"":""government_tech_v2"",""tech_filter"":{""is_tech"":true,""is_core_tech"":true,""scope"":""core"",""categories"":[""computer_software"",""cybersecurity_cryptography""],""matched_fields"":[""major"",""description""],""major_terms"":[""信息安全"",""网络工程"",""网络空间安全"",""计算机科学与技术"",""软件工程""],""role_terms"":[""信息科技"",""信息系统"",""软硬件""],""reason"":""tech_major_and_role""},""original"":{""部门代码"":""132124"",""部门名称"":""国家金融监督管理总局贵州监管局"",""用人司局"":""国家金融监督管理总局榕江监管支局"",""机构性质"":""中央国家行政机关省级以下直属机构"",""招考职位"":""统计信息部门一级主任科员及以下"",""职位属性"":""金融监管计算机类职位"",""职位分布"":""西部地区和艰苦边远地区职位"",""职位简介"":""主要从事金融信息科技风险监管、电子设备软硬件管理及信息系统运行维护等工作"",""职位代码"":""300147643001"",""机构层级"":""县（区）级及以下"",""考试类别"":""市（地）级及以下直属机构综合管理类"",""招考人数"":""1"",""专业"":""计算机科学与技术、软件工程、网络工程、信息安全、网络空间安全"",""学历"":""仅限本科"",""学位"":""学士"",""政治面貌"":""不限"",""基层工作最低年限"":""无限制"",""服务基层项目工作经历"":""无限制"",""是否在面试阶段组织专业能力测试"":""否"",""面试人员比例"":""3:1"",""工作地点"":""贵州省黔东南苗族侗族自治州"",""落户地点"":""贵州省黔东南苗族侗族自治州"",""备注"":""1.报名时请在专业栏中同时填写专业名称和专业代码；2.限2025届高校毕业生报考；3.要求本科学历大学英语四级成绩425分及以上，请在外语水平栏中注明成绩；4.专业考试信息请参见国家金融监督管理总局2025年度招考公告。"",""部门网站"":""http://www.cbirc.gov.cn/"",""咨询电话1"":""0851-87993021"",""咨询电话2"":""0851-87117393"",""咨询电话3"":""0851-87993153"",""来源Sheet"":""中央国家行政机关省级以下直属机构""}}"
"government_jobs","国家公务员2025招考简章","公务员/事业单位技术岗位","贵州省黔东南苗族侗族自治州","2026-07-28T09:12:58.310295+00:00","统计信息部门一级主任科员及以下","国家金融监督管理总局贵州监管局","","贵州省黔东南苗族侗族自治州","公务员/事业单位;2025;computer_software;cybersecurity_cryptography;仅限本科;学士;计算机科学与技术、软件工程、网络工程、信息安全、网络空间安全;市（地）级及以下直属机构综合管理类","用人司局：国家金融监督管理总局镇远监管支局
职位简介：主要从事金融信息科技风险监管、电子设备软硬件管理及信息系统运行维护等工作
专业要求：计算机科学与技术、软件工程、网络工程、信息安全、网络空间安全
学历要求：仅限本科
学位要求：学士
政治面貌：不限
基层工作经历：无限制
考试类别：市（地）级及以下直属机构综合管理类
备注：1.报名时请在专业栏中同时填写专业名称和专业代码；2.限2025届高校毕业生报考；3.要求本科学历大学英语四级成绩425分及以上，请在外语水平栏中注明成绩；4.专业考试信息请参见国家金融监督管理总局2025年度招考公告。","https://www.xjhc.gov.cn/xjhc/c116834/202410/a29382e11a674da3be3353af65f9fcc5.shtml#132124-300147644001","2024-10-14","{""dataset_year"":2025,""job_uid"":""GOV-2025-132124-300147644001"",""publisher"":""国家公务员局"",""publication_page"":""https://www.xjhc.gov.cn/xjhc/c116834/202410/a29382e11a674da3be3353af65f9fcc5.shtml"",""attachment_url"":""https://www.xjhc.gov.cn/xjhc/c116834/202410/a29382e11a674da3be3353af65f9fcc5/files/0536cef86e2b46ddad6aae5a3780089e.xls"",""local_source_file"":""2025_guokao_zhaokaojianzhang.xls"",""local_source_sha256"":""07ae6cab368cd21b7a1ac3e8150fe9a3d39ad5171ce76135ff3cccfe50c3e77e"",""source_sheet"":""中央国家行政机关省级以下直属机构"",""filter_version"":""government_tech_v2"",""tech_filter"":{""is_tech"":true,""is_core_tech"":true,""scope"":""core"",""categories"":[""computer_software"",""cybersecurity_cryptography""],""matched_fields"":[""major"",""description""],""major_terms"":[""信息安全"",""网络工程"",""网络空间安全"",""计算机科学与技术"",""软件工程""],""role_terms"":[""信息科技"",""信息系统"",""软硬件""],""reason"":""tech_major_and_role""},""original"":{""部门代码"":""132124"",""部门名称"":""国家金融监督管理总局贵州监管局"",""用人司局"":""国家金融监督管理总局镇远监管支局"",""机构性质"":""中央国家行政机关省级以下直属机构"",""招考职位"":""统计信息部门一级主任科员及以下"",""职位属性"":""金融监管计算机类职位"",""职位分布"":""西部地区和艰苦边远地区职位"",""职位简介"":""主要从事金融信息科技风险监管、电子设备软硬件管理及信息系统运行维护等工作"",""职位代码"":""300147644001"",""机构层级"":""县（区）级及以下"",""考试类别"":""市（地）级及以下直属机构综合管理类"",""招考人数"":""1"",""专业"":""计算机科学与技术、软件工程、网络工程、信息安全、网络空间安全"",""学历"":""仅限本科"",""学位"":""学士"",""政治面貌"":""不限"",""基层工作最低年限"":""无限制"",""服务基层项目工作经历"":""无限制"",""是否在面试阶段组织专业能力测试"":""否"",""面试人员比例"":""3:1"",""工作地点"":""贵州省黔东南苗族侗族自治州"",""落户地点"":""贵州省黔东南苗族侗族自治州"",""备注"":""1.报名时请在专业栏中同时填写专业名称和专业代码；2.限2025届高校毕业生报考；3.要求本科学历大学英语四级成绩425分及以上，请在外语水平栏中注明成绩；4.专业考试信息请参见国家金融监督管理总局2025年度招考公告。"",""部门网站"":""http://www.cbirc.gov.cn/"",""咨询电话1"":""0851-87993021"",""咨询电话2"":""0851-87117393"",""咨询电话3"":""0851-87993153"",""来源Sheet"":""中央国家行政机关省级以下直属机构""}}"
"government_jobs","国家公务员2025招考简章","公务员/事业单位技术岗位","贵州省铜仁市","2026-07-28T09:12:58.310295+00:00","统计信息部门一级主任科员及以下","国家金融监督管理总局贵州监管局","","贵州省铜仁市","公务员/事业单位;2025;computer_software;cybersecurity_cryptography;仅限本科;学士;计算机科学与技术、软件工程、网络工程、信息安全、网络空间安全;市（地）级及以下直属机构综合管理类","用人司局：国家金融监督管理总局印江监管支局
职位简介：主要从事金融信息科技风险监管、电子设备软硬件管理及信息系统运行维护等工作
专业要求：计算机科学与技术、软件工程、网络工程、信息安全、网络空间安全
学历要求：仅限本科
学位要求：学士
政治面貌：不限
基层工作经历：二年
考试类别：市（地）级及以下直属机构综合管理类
备注：1.报名时请在专业栏中同时填写专业名称和专业代码；2.请在简历栏中注明服务基层项目相关工作经历；3.要求本科学历大学英语四级成绩425分及以上，请在外语水平栏中注明成绩；4.专业考试信息请参见国家金融监督管理总局2025年度招考公告。","https://www.xjhc.gov.cn/xjhc/c116834/202410/a29382e11a674da3be3353af65f9fcc5.shtml#132124-300147646001","2024-10-14","{""dataset_year"":2025,""job_uid"":""GOV-2025-132124-300147646001"",""publisher"":""国家公务员局"",""publication_page"":""https://www.xjhc.gov.cn/xjhc/c116834/202410/a29382e11a674da3be3353af65f9fcc5.shtml"",""attachment_url"":""https://www.xjhc.gov.cn/xjhc/c116834/202410/a29382e11a674da3be3353af65f9fcc5/files/0536cef86e2b46ddad6aae5a3780089e.xls"",""local_source_file"":""2025_guokao_zhaokaojianzhang.xls"",""local_source_sha256"":""07ae6cab368cd21b7a1ac3e8150fe9a3d39ad5171ce76135ff3cccfe50c3e77e"",""source_sheet"":""中央国家行政机关省级以下直属机构"",""filter_version"":""government_tech_v2"",""tech_filter"":{""is_tech"":true,""is_core_tech"":true,""scope"":""core"",""categories"":[""computer_software"",""cybersecurity_cryptography""],""matched_fields"":[""major"",""description""],""major_terms"":[""信息安全"",""网络工程"",""网络空间安全"",""计算机科学与技术"",""软件工程""],""role_terms"":[""信息科技"",""信息系统"",""软硬件""],""reason"":""tech_major_and_role""},""original"":{""部门代码"":""132124"",""部门名称"":""国家金融监督管理总局贵州监管局"",""用人司局"":""国家金融监督管理总局印江监管支局"",""机构性质"":""中央国家行政机关省级以下直属机构"",""招考职位"":""统计信息部门一级主任科员及以下"",""职位属性"":""金融监管计算机类职位"",""职位分布"":""西部地区和艰苦边远地区职位"",""职位简介"":""主要从事金融信息科技风险监管、电子设备软硬件管理及信息系统运行维护等工作"",""职位代码"":""300147646001"",""机构层级"":""县（区）级及以下"",""考试类别"":""市（地）级及以下直属机构综合管理类"",""招考人数"":""1"",""专业"":""计算机科学与技术、软件工程、网络工程、信息安全、网络空间安全"",""学历"":""仅限本科"",""学位"":""学士"",""政治面貌"":""不限"",""基层工作最低年限"":""二年"",""服务基层项目工作经历"":""大学生村官、农村义务教育阶段学校教师特设岗位计划、“三支一扶”计划、大学生志愿服务西部计划、在军队服役5年（含）以上的高校毕业生退役士兵"",""是否在面试阶段组织专业能力测试"":""否"",""面试人员比例"":""3:1"",""工作地点"":""贵州省铜仁市"",""落户地点"":""贵州省铜仁市"",""备注"":""1.报名时请在专业栏中同时填写专业名称和专业代码；2.请在简历栏中注明服务基层项目相关工作经历；3.要求本科学历大学英语四级成绩425分及以上，请在外语水平栏中注明成绩；4.专业考试信息请参见国家金融监督管理总局2025年度招考公告。"",""部门网站"":""http://www.cbirc.gov.cn/"",""咨询电话1"":""0851-87993021"",""咨询电话2"":""0851-87117393"",""咨询电话3"":""0851-87993153"",""来源Sheet"":""中央国家行政机关省级以下直属机构""}}"
"government_jobs","国家公务员2025招考简章","公务员/事业单位技术岗位","贵州省毕节市","2026-07-28T09:12:58.310295+00:00","统计信息部门一级主任科员及以下","国家金融监督管理总局贵州监管局","","贵州省毕节市","公务员/事业单位;2025;computer_software;cybersecurity_cryptography;仅限本科;学士;计算机科学与技术、软件工程、网络工程、信息安全、网络空间安全;市（地）级及以下直属机构综合管理类","用人司局：国家金融监督管理总局金沙监管支局
职位简介：主要从事金融信息科技风险监管、电子设备软硬件管理及信息系统运行维护等工作
专业要求：计算机科学与技术、软件工程、网络工程、信息安全、网络空间安全
学历要求：仅限本科
学位要求：学士
政治面貌：不限
基层工作经历：无限制
考试类别：市（地）级及以下直属机构综合管理类
备注：1.报名时请在专业栏中同时填写专业名称和专业代码；2.限2025届高校毕业生报考；3.要求本科学历大学英语四级成绩425分及以上，请在外语水平栏中注明成绩；4.专业考试信息请参见国家金融监督管理总局2025年度招考公告。","https://www.xjhc.gov.cn/xjhc/c116834/202410/a29382e11a674da3be3353af65f9fcc5.shtml#132124-300147647001","2024-10-14","{""dataset_year"":2025,""job_uid"":""GOV-2025-132124-300147647001"",""publisher"":""国家公务员局"",""publication_page"":""https://www.xjhc.gov.cn/xjhc/c116834/202410/a29382e11a674da3be3353af65f9fcc5.shtml"",""attachment_url"":""https://www.xjhc.gov.cn/xjhc/c116834/202410/a29382e11a674da3be3353af65f9fcc5/files/0536cef86e2b46ddad6aae5a3780089e.xls"",""local_source_file"":""2025_guokao_zhaokaojianzhang.xls"",""local_source_sha256"":""07ae6cab368cd21b7a1ac3e8150fe9a3d39ad5171ce76135ff3cccfe50c3e77e"",""source_sheet"":""中央国家行政机关省级以下直属机构"",""filter_version"":""government_tech_v2"",""tech_filter"":{""is_tech"":true,""is_core_tech"":true,""scope"":""core"",""categories"":[""computer_software"",""cybersecurity_cryptography""],""matched_fields"":[""major"",""description""],""major_terms"":[""信息安全"",""网络工程"",""网络空间安全"",""计算机科学与技术"",""软件工程""],""role_terms"":[""信息科技"",""信息系统"",""软硬件""],""reason"":""tech_major_and_role""},""original"":{""部门代码"":""132124"",""部门名称"":""国家金融监督管理总局贵州监管局"",""用人司局"":""国家金融监督管理总局金沙监管支局"",""机构性质"":""中央国家行政机关省级以下直属机构"",""招考职位"":""统计信息部门一级主任科员及以下"",""职位属性"":""金融监管计算机类职位"",""职位分布"":""西部地区和艰苦边远地区职位"",""职位简介"":""主要从事金融信息科技风险监管、电子设备软硬件管理及信息系统运行维护等工作"",""职位代码"":""300147647001"",""机构层级"":""县（区）级及以下"",""考试类别"":""市（地）级及以下直属机构综合管理类"",""招考人数"":""2"",""专业"":""计算机科学与技术、软件工程、网络工程、信息安全、网络空间安全"",""学历"":""仅限本科"",""学位"":""学士"",""政治面貌"":""不限"",""基层工作最低年限"":""无限制"",""服务基层项目工作经历"":""无限制"",""是否在面试阶段组织专业能力测试"":""否"",""面试人员比例"":""3:1"",""工作地点"":""贵州省毕节市"",""落户地点"":""贵州省毕节市"",""备注"":""1.报名时请在专业栏中同时填写专业名称和专业代码；2.限2025届高校毕业生报考；3.要求本科学历大学英语四级成绩425分及以上，请在外语水平栏中注明成绩；4.专业考试信息请参见国家金融监督管理总局2025年度招考公告。"",""部门网站"":""http://www.cbirc.gov.cn/"",""咨询电话1"":""0851-87993021"",""咨询电话2"":""0851-87117393"",""咨询电话3"":""0851-87993153"",""来源Sheet"":""中央国家行政机关省级以下直属机构""}}"
"government_jobs","国家公务员2025招考简章","公务员/事业单位技术岗位","贵州省六盘水市","2026-07-28T09:12:58.310295+00:00","统计信息部门一级主任科员及以下","国家金融监督管理总局贵州监管局","","贵州省六盘水市","公务员/事业单位;2025;computer_software;cybersecurity_cryptography;本科及以上;与最高学历相对应的学位;本科：计算机科学与技术、软件工程、网络工程、信息安全、网络空间安全；研究生：计算机科学与技术、软件工程、网络空间安全;市（地）级及以下直属机构综合管理类","用人司局：国家金融监督管理总局六盘水监管分局
职位简介：主要从事金融信息科技风险监管、电子设备软硬件管理及信息系统运行维护等工作
专业要求：本科：计算机科学与技术、软件工程、网络工程、信息安全、网络空间安全；研究生：计算机科学与技术、软件工程、网络空间安全
学历要求：本科及以上
学位要求：与最高学历相对应的学位
政治面貌：不限
基层工作经历：无限制
考试类别：市（地）级及以下直属机构综合管理类
备注：1.报名时请在专业栏中同时填写专业名称和专业代码；2.限2025届高校毕业生报考；3.要求大学英语四级成绩425分及以上，请在外语水平栏中注明成绩；4.专业考试信息请参见国家金融监督管理总局2025年度招考公告。","https://www.xjhc.gov.cn/xjhc/c116834/202410/a29382e11a674da3be3353af65f9fcc5.shtml#132124-300147649001","2024-10-14","{""dataset_year"":2025,""job_uid"":""GOV-2025-132124-300147649001"",""publisher"":""国家公务员局"",""publication_page"":""https://www.xjhc.gov.cn/xjhc/c116834/202410/a29382e11a674da3be3353af65f9fcc5.shtml"",""attachment_url"":""https://www.xjhc.gov.cn/xjhc/c116834/202410/a29382e11a674da3be3353af65f9fcc5/files/0536cef86e2b46ddad6aae5a3780089e.xls"",""local_source_file"":""2025_guokao_zhaokaojianzhang.xls"",""local_source_sha256"":""07ae6cab368cd21b7a1ac3e8150fe9a3d39ad5171ce76135ff3cccfe50c3e77e"",""source_sheet"":""中央国家行政机关省级以下直属机构"",""filter_version"":""government_tech_v2"",""tech_filter"":{""is_tech"":true,""is_core_tech"":true,""scope"":""core"",""categories"":[""computer_software"",""cybersecurity_cryptography""],""matched_fields"":[""major"",""description""],""major_terms"":[""信息安全"",""网络工程"",""网络空间安全"",""计算机科学与技术"",""软件工程""],""role_terms"":[""信息科技"",""信息系统"",""软硬件""],""reason"":""tech_major_and_role""},""original"":{""部门代码"":""132124"",""部门名称"":""国家金融监督管理总局贵州监管局"",""用人司局"":""国家金融监督管理总局六盘水监管分局"",""机构性质"":""中央国家行政机关省级以下直属机构"",""招考职位"":""统计信息部门一级主任科员及以下"",""职位属性"":""金融监管计算机类职位"",""职位分布"":""西部地区和艰苦边远地区职位"",""职位简介"":""主要从事金融信息科技风险监管、电子设备软硬件管理及信息系统运行维护等工作"",""职位代码"":""300147649001"",""机构层级"":""市（地）级"",""考试类别"":""市（地）级及以下直属机构综合管理类"",""招考人数"":""1"",""专业"":""本科：计算机科学与技术、软件工程、网络工程、信息安全、网络空间安全；研究生：计算机科学与技术、软件工程、网络空间安全"",""学历"":""本科及以上"",""学位"":""与最高学历相对应的学位"",""政治面貌"":""不限"",""基层工作最低年限"":""无限制"",""服务基层项目工作经历"":""无限制"",""是否在面试阶段组织专业能力测试"":""否"",""面试人员比例"":""3:1"",""工作地点"":""贵州省六盘水市"",""落户地点"":""贵州省六盘水市"",""备注"":""1.报名时请在专业栏中同时填写专业名称和专业代码；2.限2025届高校毕业生报考；3.要求大学英语四级成绩425分及以上，请在外语水平栏中注明成绩；4.专业考试信息请参见国家金融监督管理总局2025年度招考公告。"",""部门网站"":""http://www.cbirc.gov.cn/"",""咨询电话1"":""0851-87993021"",""咨询电话2"":""0851-87117393"",""咨询电话3"":""0851-87993153"",""来源Sheet"":""中央国家行政机关省级以下直属机构""}}"
"government_jobs","国家公务员2025招考简章","公务员/事业单位技术岗位","贵州省六盘水市","2026-07-28T09:12:58.310295+00:00","统计信息部门一级主任科员及以下","国家金融监督管理总局贵州监管局","","贵州省六盘水市","公务员/事业单位;2025;computer_software;cybersecurity_cryptography;仅限本科;学士;计算机科学与技术、软件工程、网络工程、信息安全、网络空间安全;市（地）级及以下直属机构综合管理类","用人司局：国家金融监督管理总局盘州监管支局
职位简介：主要从事金融信息科技风险监管、电子设备软硬件管理及信息系统运行维护等工作
专业要求：计算机科学与技术、软件工程、网络工程、信息安全、网络空间安全
学历要求：仅限本科
学位要求：学士
政治面貌：不限
基层工作经历：无限制
考试类别：市（地）级及以下直属机构综合管理类
备注：1.报名时请在专业栏中同时填写专业名称和专业代码；2.限2025届高校毕业生报考；3.要求本科学历大学英语四级成绩425分及以上，请在外语水平栏中注明成绩；4.专业考试信息请参见国家金融监督管理总局2025年度招考公告。","https://www.xjhc.gov.cn/xjhc/c116834/202410/a29382e11a674da3be3353af65f9fcc5.shtml#132124-300147650001","2024-10-14","{""dataset_year"":2025,""job_uid"":""GOV-2025-132124-300147650001"",""publisher"":""国家公务员局"",""publication_page"":""https://www.xjhc.gov.cn/xjhc/c116834/202410/a29382e11a674da3be3353af65f9fcc5.shtml"",""attachment_url"":""https://www.xjhc.gov.cn/xjhc/c116834/202410/a29382e11a674da3be3353af65f9fcc5/files/0536cef86e2b46ddad6aae5a3780089e.xls"",""local_source_file"":""2025_guokao_zhaokaojianzhang.xls"",""local_source_sha256"":""07ae6cab368cd21b7a1ac3e8150fe9a3d39ad5171ce76135ff3cccfe50c3e77e"",""source_sheet"":""中央国家行政机关省级以下直属机构"",""filter_version"":""government_tech_v2"",""tech_filter"":{""is_tech"":true,""is_core_tech"":true,""scope"":""core"",""categories"":[""computer_software"",""cybersecurity_cryptography""],""matched_fields"":[""major"",""description""],""major_terms"":[""信息安全"",""网络工程"",""网络空间安全"",""计算机科学与技术"",""软件工程""],""role_terms"":[""信息科技"",""信息系统"",""软硬件""],""reason"":""tech_major_and_role""},""original"":{""部门代码"":""132124"",""部门名称"":""国家金融监督管理总局贵州监管局"",""用人司局"":""国家金融监督管理总局盘州监管支局"",""机构性质"":""中央国家行政机关省级以下直属机构"",""招考职位"":""统计信息部门一级主任科员及以下"",""职位属性"":""金融监管计算机类职位"",""职位分布"":""西部地区和艰苦边远地区职位"",""职位简介"":""主要从事金融信息科技风险监管、电子设备软硬件管理及信息系统运行维护等工作"",""职位代码"":""300147650001"",""机构层级"":""县（区）级及以下"",""考试类别"":""市（地）级及以下直属机构综合管理类"",""招考人数"":""1"",""专业"":""计算机科学与技术、软件工程、网络工程、信息安全、网络空间安全"",""学历"":""仅限本科"",""学位"":""学士"",""政治面貌"":""不限"",""基层工作最低年限"":""无限制"",""服务基层项目工作经历"":""无限制"",""是否在面试阶段组织专业能力测试"":""否"",""面试人员比例"":""3:1"",""工作地点"":""贵州省六盘水市"",""落户地点"":""贵州省六盘水市"",""备注"":""1.报名时请在专业栏中同时填写专业名称和专业代码；2.限2025届高校毕业生报考；3.要求本科学历大学英语四级成绩425分及以上，请在外语水平栏中注明成绩；4.专业考试信息请参见国家金融监督管理总局2025年度招考公告。"",""部门网站"":""http://www.cbirc.gov.cn/"",""咨询电话1"":""0851-87993021"",""咨询电话2"":""0851-87117393"",""咨询电话3"":""0851-87993153"",""来源Sheet"":""中央国家行政机关省级以下直属机构""}}"
"government_jobs","国家公务员2025招考简章","公务员/事业单位技术岗位","贵州省黔西南布依族苗族自治州","2026-07-28T09:12:58.310295+00:00","统计信息部门一级主任科员及以下","国家金融监督管理总局贵州监管局","","贵州省黔西南布依族苗族自治州","公务员/事业单位;2025;computer_software;cybersecurity_cryptography;仅限本科;学士;计算机科学与技术、软件工程、网络工程、信息安全、网络空间安全;市（地）级及以下直属机构综合管理类","用人司局：国家金融监督管理总局晴隆监管支局
职位简介：主要从事金融信息科技风险监管、电子设备软硬件管理及信息系统运行维护等工作
专业要求：计算机科学与技术、软件工程、网络工程、信息安全、网络空间安全
学历要求：仅限本科
学位要求：学士
政治面貌：不限
基层工作经历：无限制
考试类别：市（地）级及以下直属机构综合管理类
备注：1.报名时请在专业栏中同时填写专业名称和专业代码；2.限2025届高校毕业生报考；3.要求本科学历大学英语四级成绩425分及以上，请在外语水平栏中注明成绩；4.专业考试信息请参见国家金融监督管理总局2025年度招考公告。","https://www.xjhc.gov.cn/xjhc/c116834/202410/a29382e11a674da3be3353af65f9fcc5.shtml#132124-300147653001","2024-10-14","{""dataset_year"":2025,""job_uid"":""GOV-2025-132124-300147653001"",""publisher"":""国家公务员局"",""publication_page"":""https://www.xjhc.gov.cn/xjhc/c116834/202410/a29382e11a674da3be3353af65f9fcc5.shtml"",""attachment_url"":""https://www.xjhc.gov.cn/xjhc/c116834/202410/a29382e11a674da3be3353af65f9fcc5/files/0536cef86e2b46ddad6aae5a3780089e.xls"",""local_source_file"":""2025_guokao_zhaokaojianzhang.xls"",""local_source_sha256"":""07ae6cab368cd21b7a1ac3e8150fe9a3d39ad5171ce76135ff3cccfe50c3e77e"",""source_sheet"":""中央国家行政机关省级以下直属机构"",""filter_version"":""government_tech_v2"",""tech_filter"":{""is_tech"":true,""is_core_tech"":true,""scope"":""core"",""categories"":[""computer_software"",""cybersecurity_cryptography""],""matched_fields"":[""major"",""description""],""major_terms"":[""信息安全"",""网络工程"",""网络空间安全"",""计算机科学与技术"",""软件工程""],""role_terms"":[""信息科技"",""信息系统"",""软硬件""],""reason"":""tech_major_and_role""},""original"":{""部门代码"":""132124"",""部门名称"":""国家金融监督管理总局贵州监管局"",""用人司局"":""国家金融监督管理总局晴隆监管支局"",""机构性质"":""中央国家行政机关省级以下直属机构"",""招考职位"":""统计信息部门一级主任科员及以下"",""职位属性"":""金融监管计算机类职位"",""职位分布"":""西部地区和艰苦边远地区职位"",""职位简介"":""主要从事金融信息科技风险监管、电子设备软硬件管理及信息系统运行维护等工作"",""职位代码"":""300147653001"",""机构层级"":""县（区）级及以下"",""考试类别"":""市（地）级及以下直属机构综合管理类"",""招考人数"":""1"",""专业"":""计算机科学与技术、软件工程、网络工程、信息安全、网络空间安全"",""学历"":""仅限本科"",""学位"":""学士"",""政治面貌"":""不限"",""基层工作最低年限"":""无限制"",""服务基层项目工作经历"":""无限制"",""是否在面试阶段组织专业能力测试"":""否"",""面试人员比例"":""3:1"",""工作地点"":""贵州省黔西南布依族苗族自治州"",""落户地点"":""贵州省黔西南布依族苗族自治州"",""备注"":""1.报名时请在专业栏中同时填写专业名称和专业代码；2.限2025届高校毕业生报考；3.要求本科学历大学英语四级成绩425分及以上，请在外语水平栏中注明成绩；4.专业考试信息请参见国家金融监督管理总局2025年度招考公告。"",""部门网站"":""http://www.cbirc.gov.cn/"",""咨询电话1"":""0851-87993021"",""咨询电话2"":""0851-87117393"",""咨询电话3"":""0851-87993153"",""来源Sheet"":""中央国家行政机关省级以下直属机构""}}"
"government_jobs","国家公务员2025招考简章","公务员/事业单位技术岗位","云南省昆明市西山区","2026-07-28T09:12:58.310295+00:00","统计信息部门一级主任科员及以下","国家金融监督管理总局云南监管局","","云南省昆明市西山区","公务员/事业单位;2025;computer_software;cybersecurity_cryptography;electronics_communication;硕士研究生及以上;与最高学历相对应的学位;计算机科学与技术、计算机系统结构、计算机软件与理论、计算机应用技术、信息与通信工程、通信与信息系统、信号与信息处理、软件工程、通信工程、计算机技术、软件工程、大数据技术与工程、网络与信息安全;中央机关及其省级直属机构综合管理类","用人司局：国家金融监督管理总局云南监管局
职位简介：主要从事金融信息科技风险监管、电子设备软硬件管理及信息系统运行维护等工作
专业要求：计算机科学与技术、计算机系统结构、计算机软件与理论、计算机应用技术、信息与通信工程、通信与信息系统、信号与信息处理、软件工程、通信工程、计算机技术、软件工程、大数据技术与工程、网络与信息安全
学历要求：硕士研究生及以上
学位要求：与最高学历相对应的学位
政治面貌：不限
基层工作经历：二年
考试类别：中央机关及其省级直属机构综合管理类
备注：1.报名时请在专业栏中同时填写专业名称和专业代码；2.要求研究生学历大学英语六级成绩425分及以上，请在外语水平栏中注明成绩；3.要求有2年以上基层工作经历，请在简历栏中注明相关经历；4.最低服务年限五年（含试用期）；5.落户须符合当地有关政策，单位无法办理集体户口；6.专业考试信息请参见国家金融监督管理总局2025年度招考公告。","https://www.xjhc.gov.cn/xjhc/c116834/202410/a29382e11a674da3be3353af65f9fcc5.shtml#132125-300147656001","2024-10-14","{""dataset_year"":2025,""job_uid"":""GOV-2025-132125-300147656001"",""publisher"":""国家公务员局"",""publication_page"":""https://www.xjhc.gov.cn/xjhc/c116834/202410/a29382e11a674da3be3353af65f9fcc5.shtml"",""attachment_url"":""https://www.xjhc.gov.cn/xjhc/c116834/202410/a29382e11a674da3be3353af65f9fcc5/files/0536cef86e2b46ddad6aae5a3780089e.xls"",""local_source_file"":""2025_guokao_zhaokaojianzhang.xls"",""local_source_sha256"":""07ae6cab368cd21b7a1ac3e8150fe9a3d39ad5171ce76135ff3cccfe50c3e77e"",""source_sheet"":""中央国家行政机关省级以下直属机构"",""filter_version"":""government_tech_v2"",""tech_filter"":{""is_tech"":true,""is_core_tech"":true,""scope"":""core"",""categories"":[""computer_software"",""cybersecurity_cryptography"",""electronics_communication""],""matched_fields"":[""major"",""description""],""major_terms"":[""信息与通信工程"",""信息安全"",""大数据"",""计算机"",""计算机技术"",""计算机科学与技术"",""软件工程"",""通信工程""],""role_terms"":[""信息科技"",""信息系统"",""软硬件""],""reason"":""tech_major_and_role""},""original"":{""部门代码"":""132125"",""部门名称"":""国家金融监督管理总局云南监管局"",""用人司局"":""国家金融监督管理总局云南监管局"",""机构性质"":""中央国家行政机关省级以下直属机构"",""招考职位"":""统计信息部门一级主任科员及以下"",""职位属性"":""金融监管计算机类职位"",""职位分布"":""其他职位"",""职位简介"":""主要从事金融信息科技风险监管、电子设备软硬件管理及信息系统运行维护等工作"",""职位代码"":""300147656001"",""机构层级"":""省（副省）级"",""考试类别"":""中央机关及其省级直属机构综合管理类"",""招考人数"":""2"",""专业"":""计算机科学与技术、计算机系统结构、计算机软件与理论、计算机应用技术、信息与通信工程、通信与信息系统、信号与信息处理、软件工程、通信工程、计算机技术、软件工程、大数据技术与工程、网络与信息安全"",""学历"":""硕士研究生及以上"",""学位"":""与最高学历相对应的学位"",""政治面貌"":""不限"",""基层工作最低年限"":""二年"",""服务基层项目工作经历"":""无限制"",""是否在面试阶段组织专业能力测试"":""否"",""面试人员比例"":""4:1"",""工作地点"":""云南省昆明市西山区"",""落户地点"":""云南省昆明市西山区"",""备注"":""1.报名时请在专业栏中同时填写专业名称和专业代码；2.要求研究生学历大学英语六级成绩425分及以上，请在外语水平栏中注明成绩；3.要求有2年以上基层工作经历，请在简历栏中注明相关经历；4.最低服务年限五年（含试用期）；5.落户须符合当地有关政策，单位无法办理集体户口；6.专业考试信息请参见国家金融监督管理总局2025年度招考公告。"",""部门网站"":""http://www.cbirc.gov.cn/"",""咨询电话1"":""0871-64622327"",""咨询电话2"":""0871-64622067"",""咨询电话3"":""0871-64622382"",""来源Sheet"":""中央国家行政机关省级以下直属机构""}}"
"government_jobs","国家公务员2025招考简章","公务员/事业单位技术岗位","云南省丽江市宁蒗彝族自治县","2026-07-28T09:12:58.310295+00:00","统计信息部门一级主任科员及以下","国家金融监督管理总局云南监管局","","云南省丽江市宁蒗彝族自治县","公务员/事业单位;2025;computer_software;cybersecurity_cryptography;electronics_communication;本科及以上;与最高学历相对应的学位;计算机类（计算机科学与技术、软件工程、网络工程、信息安全、数据科学与大数据技术）、管理科学与工程类（管理科学、信息管理与信息系统、大数据管理与应用、计算金融）；计算科学与技术类，信息与通信工程类，通信工程、大数据技术与工程、网络与信息安全;市（地）级及以下直属机构综合管理类","用人司局：国家金融监督管理总局宁蒗监管支局
职位简介：主要从事金融信息科技风险监管、电子设备软硬件管理及信息系统运行维护等工作
专业要求：计算机类（计算机科学与技术、软件工程、网络工程、信息安全、数据科学与大数据技术）、管理科学与工程类（管理科学、信息管理与信息系统、大数据管理与应用、计算金融）；计算科学与技术类，信息与通信工程类，通信工程、大数据技术与工程、网络与信息安全
学历要求：本科及以上
学位要求：与最高学历相对应的学位
政治面貌：不限
基层工作经历：无限制
考试类别：市（地）级及以下直属机构综合管理类
备注：1.报名时请在专业栏中同时填写专业名称和专业代码；2.限应届高校毕业生报考，请在备注栏中注明本人具有应届高校毕业生身份；3.要求本科学历大学英语四级成绩425分及以上、要求研究生学历大学英语六级成绩425分及以上，请在外语水平栏中注明成绩；4.最低服务年限五年（含试用期）；5.落户须符合当地有关政策，单位无法办理集体户口；6.专业考试信息请参见国家金融监督管理总局2025年度招考公告。","https://www.xjhc.gov.cn/xjhc/c116834/202410/a29382e11a674da3be3353af65f9fcc5.shtml#132125-300147657001","2024-10-14","{""dataset_year"":2025,""job_uid"":""GOV-2025-132125-300147657001"",""publisher"":""国家公务员局"",""publication_page"":""https://www.xjhc.gov.cn/xjhc/c116834/202410/a29382e11a674da3be3353af65f9fcc5.shtml"",""attachment_url"":""https://www.xjhc.gov.cn/xjhc/c116834/202410/a29382e11a674da3be3353af65f9fcc5/files/0536cef86e2b46ddad6aae5a3780089e.xls"",""local_source_file"":""2025_guokao_zhaokaojianzhang.xls"",""local_source_sha256"":""07ae6cab368cd21b7a1ac3e8150fe9a3d39ad5171ce76135ff3cccfe50c3e77e"",""source_sheet"":""中央国家行政机关省级以下直属机构"",""filter_version"":""government_tech_v2"",""tech_filter"":{""is_tech"":true,""is_core_tech"":true,""scope"":""core"",""categories"":[""computer_software"",""cybersecurity_cryptography"",""electronics_communication""],""matched_fields"":[""major"",""description""],""major_terms"":[""信息与通信工程"",""信息安全"",""大数据"",""数据科学与大数据技术"",""网络工程"",""计算机科学与技术"",""计算机类"",""软件工程"",""通信工程""],""role_terms"":[""信息科技"",""信息系统"",""软硬件""],""reason"":""tech_major_and_role""},""original"":{""部门代码"":""132125"",""部门名称"":""国家金融监督管理总局云南监管局"",""用人司局"":""国家金融监督管理总局宁蒗监管支局"",""机构性质"":""中央国家行政机关省级以下直属机构"",""招考职位"":""统计信息部门一级主任科员及以下"",""职位属性"":""金融监管计算机类职位"",""职位分布"":""西部地区和艰苦边远地区职位"",""职位简介"":""主要从事金融信息科技风险监管、电子设备软硬件管理及信息系统运行维护等工作"",""职位代码"":""300147657001"",""机构层级"":""县（区）级及以下"",""考试类别"":""市（地）级及以下直属机构综合管理类"",""招考人数"":""1"",""专业"":""计算机类（计算机科学与技术、软件工程、网络工程、信息安全、数据科学与大数据技术）、管理科学与工程类（管理科学、信息管理与信息系统、大数据管理与应用、计算金融）；计算科学与技术类，信息与通信工程类，通信工程、大数据技术与工程、网络与信息安全"",""学历"":""本科及以上"",""学位"":""与最高学历相对应的学位"",""政治面貌"":""不限"",""基层工作最低年限"":""无限制"",""服务基层项目工作经历"":""无限制"",""是否在面试阶段组织专业能力测试"":""否"",""面试人员比例"":""3:1"",""工作地点"":""云南省丽江市宁蒗彝族自治县"",""落户地点"":""云南省丽江市宁蒗彝族自治县"",""备注"":""1.报名时请在专业栏中同时填写专业名称和专业代码；2.限应届高校毕业生报考，请在备注栏中注明本人具有应届高校毕业生身份；3.要求本科学历大学英语四级成绩425分及以上、要求研究生学历大学英语六级成绩425分及以上，请在外语水平栏中注明成绩；4.最低服务年限五年（含试用期）；5.落户须符合当地有关政策，单位无法办理集体户口；6.专业考试信息请参见国家金融监督管理总局2025年度招考公告。"",""部门网站"":""http://www.cbirc.gov.cn/"",""咨询电话1"":""0871-64622327"",""咨询电话2"":""0871-64622067"",""咨询电话3"":""0871-64622382"",""来源Sheet"":""中央国家行政机关省级以下直属机构""}}"
"government_jobs","国家公务员2025招考简章","公务员/事业单位技术岗位","云南省大理白族自治州巍山彝族回族自治县","2026-07-28T09:12:58.310295+00:00","统计信息部门一级主任科员及以下","国家金融监督管理总局云南监管局","","云南省大理白族自治州巍山彝族回族自治县","公务员/事业单位;2025;computer_software;cybersecurity_cryptography;仅限本科;学士;计算机类（计算机科学与技术、软件工程、网络工程、信息安全、数据科学与大数据技术）、管理科学与工程类（管理科学、信息管理与信息系统、大数据管理与应用、计算金融）;市（地）级及以下直属机构综合管理类","用人司局：国家金融监督管理总局巍山监管支局
职位简介：主要从事金融信息科技风险监管、电子设备软硬件管理及信息系统运行维护等工作
专业要求：计算机类（计算机科学与技术、软件工程、网络工程、信息安全、数据科学与大数据技术）、管理科学与工程类（管理科学、信息管理与信息系统、大数据管理与应用、计算金融）
学历要求：仅限本科
学位要求：学士
政治面貌：不限
基层工作经历：无限制
考试类别：市（地）级及以下直属机构综合管理类
备注：1.报名时请在专业栏中同时填写专业名称和专业代码；2.限应届高校毕业生报考，请在备注栏中注明本人具有应届高校毕业生身份；3.要求本科学历大学英语四级成绩425分及以上，请在外语水平栏中注明成绩；4.最低服务年限五年（含试用期）；5.落户须符合当地有关政策，单位无法办理集体户口；6.专业考试信息请参见国家金融监督管理总局2025年度招考公告。","https://www.xjhc.gov.cn/xjhc/c116834/202410/a29382e11a674da3be3353af65f9fcc5.shtml#132125-300147659001","2024-10-14","{""dataset_year"":2025,""job_uid"":""GOV-2025-132125-300147659001"",""publisher"":""国家公务员局"",""publication_page"":""https://www.xjhc.gov.cn/xjhc/c116834/202410/a29382e11a674da3be3353af65f9fcc5.shtml"",""attachment_url"":""https://www.xjhc.gov.cn/xjhc/c116834/202410/a29382e11a674da3be3353af65f9fcc5/files/0536cef86e2b46ddad6aae5a3780089e.xls"",""local_source_file"":""2025_guokao_zhaokaojianzhang.xls"",""local_source_sha256"":""07ae6cab368cd21b7a1ac3e8150fe9a3d39ad5171ce76135ff3cccfe50c3e77e"",""source_sheet"":""中央国家行政机关省级以下直属机构"",""filter_version"":""government_tech_v2"",""tech_filter"":{""is_tech"":true,""is_core_tech"":true,""scope"":""core"",""categories"":[""computer_software"",""cybersecurity_cryptography""],""matched_fields"":[""major"",""description""],""major_terms"":[""信息安全"",""大数据"",""数据科学与大数据技术"",""网络工程"",""计算机科学与技术"",""计算机类"",""软件工程""],""role_terms"":[""信息科技"",""信息系统"",""软硬件""],""reason"":""tech_major_and_role""},""original"":{""部门代码"":""132125"",""部门名称"":""国家金融监督管理总局云南监管局"",""用人司局"":""国家金融监督管理总局巍山监管支局"",""机构性质"":""中央国家行政机关省级以下直属机构"",""招考职位"":""统计信息部门一级主任科员及以下"",""职位属性"":""金融监管计算机类职位"",""职位分布"":""西部地区和艰苦边远地区职位"",""职位简介"":""主要从事金融信息科技风险监管、电子设备软硬件管理及信息系统运行维护等工作"",""职位代码"":""300147659001"",""机构层级"":""县（区）级及以下"",""考试类别"":""市（地）级及以下直属机构综合管理类"",""招考人数"":""1"",""专业"":""计算机类（计算机科学与技术、软件工程、网络工程、信息安全、数据科学与大数据技术）、管理科学与工程类（管理科学、信息管理与信息系统、大数据管理与应用、计算金融）"",""学历"":""仅限本科"",""学位"":""学士"",""政治面貌"":""不限"",""基层工作最低年限"":""无限制"",""服务基层项目工作经历"":""无限制"",""是否在面试阶段组织专业能力测试"":""否"",""面试人员比例"":""3:1"",""工作地点"":""云南省大理白族自治州巍山彝族回族自治县"",""落户地点"":""云南省大理白族自治州巍山彝族回族自治县"",""备注"":""1.报名时请在专业栏中同时填写专业名称和专业代码；2.限应届高校毕业生报考，请在备注栏中注明本人具有应届高校毕业生身份；3.要求本科学历大学英语四级成绩425分及以上，请在外语水平栏中注明成绩；4.最低服务年限五年（含试用期）；5.落户须符合当地有关政策，单位无法办理集体户口；6.专业考试信息请参见国家金融监督管理总局2025年度招考公告。"",""部门网站"":""http://www.cbirc.gov.cn/"",""咨询电话1"":""0871-64622327"",""咨询电话2"":""0871-64622067"",""咨询电话3"":""0871-64622382"",""来源Sheet"":""中央国家行政机关省级以下直属机构""}}"
"government_jobs","国家公务员2025招考简章","公务员/事业单位技术岗位","云南省保山市龙陵县","2026-07-28T09:12:58.310295+00:00","统计信息部门一级主任科员及以下","国家金融监督管理总局云南监管局","","云南省保山市龙陵县","公务员/事业单位;2025;computer_software;cybersecurity_cryptography;仅限本科;学士;计算机类（计算机科学与技术、软件工程、网络工程、信息安全、数据科学与大数据技术）、管理科学与工程类（管理科学、信息管理与信息系统、大数据管理与应用、计算金融）;市（地）级及以下直属机构综合管理类","用人司局：国家金融监督管理总局龙陵监管支局
职位简介：主要从事金融信息科技风险监管、电子设备软硬件管理及信息系统运行维护等工作
专业要求：计算机类（计算机科学与技术、软件工程、网络工程、信息安全、数据科学与大数据技术）、管理科学与工程类（管理科学、信息管理与信息系统、大数据管理与应用、计算金融）
学历要求：仅限本科
学位要求：学士
政治面貌：不限
基层工作经历：无限制
考试类别：市（地）级及以下直属机构综合管理类
备注：1.报名时请在专业栏中同时填写专业名称和专业代码；2.限应届高校毕业生报考，请在备注栏中注明本人具有应届高校毕业生身份；3.要求本科学历大学英语四级成绩425分及以上，请在外语水平栏中注明成绩；4.最低服务年限五年（含试用期）；5.落户须符合当地有关政策，单位无法办理集体户口；6.专业考试信息请参见国家金融监督管理总局2025年度招考公告。","https://www.xjhc.gov.cn/xjhc/c116834/202410/a29382e11a674da3be3353af65f9fcc5.shtml#132125-300147663001","2024-10-14","{""dataset_year"":2025,""job_uid"":""GOV-2025-132125-300147663001"",""publisher"":""国家公务员局"",""publication_page"":""https://www.xjhc.gov.cn/xjhc/c116834/202410/a29382e11a674da3be3353af65f9fcc5.shtml"",""attachment_url"":""https://www.xjhc.gov.cn/xjhc/c116834/202410/a29382e11a674da3be3353af65f9fcc5/files/0536cef86e2b46ddad6aae5a3780089e.xls"",""local_source_file"":""2025_guokao_zhaokaojianzhang.xls"",""local_source_sha256"":""07ae6cab368cd21b7a1ac3e8150fe9a3d39ad5171ce76135ff3cccfe50c3e77e"",""source_sheet"":""中央国家行政机关省级以下直属机构"",""filter_version"":""government_tech_v2"",""tech_filter"":{""is_tech"":true,""is_core_tech"":true,""scope"":""core"",""categories"":[""computer_software"",""cybersecurity_cryptography""],""matched_fields"":[""major"",""description""],""major_terms"":[""信息安全"",""大数据"",""数据科学与大数据技术"",""网络工程"",""计算机科学与技术"",""计算机类"",""软件工程""],""role_terms"":[""信息科技"",""信息系统"",""软硬件""],""reason"":""tech_major_and_role""},""original"":{""部门代码"":""132125"",""部门名称"":""国家金融监督管理总局云南监管局"",""用人司局"":""国家金融监督管理总局龙陵监管支局"",""机构性质"":""中央国家行政机关省级以下直属机构"",""招考职位"":""统计信息部门一级主任科员及以下"",""职位属性"":""金融监管计算机类职位"",""职位分布"":""西部地区和艰苦边远地区职位"",""职位简介"":""主要从事金融信息科技风险监管、电子设备软硬件管理及信息系统运行维护等工作"",""职位代码"":""300147663001"",""机构层级"":""县（区）级及以下"",""考试类别"":""市（地）级及以下直属机构综合管理类"",""招考人数"":""1"",""专业"":""计算机类（计算机科学与技术、软件工程、网络工程、信息安全、数据科学与大数据技术）、管理科学与工程类（管理科学、信息管理与信息系统、大数据管理与应用、计算金融）"",""学历"":""仅限本科"",""学位"":""学士"",""政治面貌"":""不限"",""基层工作最低年限"":""无限制"",""服务基层项目工作经历"":""无限制"",""是否在面试阶段组织专业能力测试"":""否"",""面试人员比例"":""3:1"",""工作地点"":""云南省保山市龙陵县"",""落户地点"":""云南省保山市龙陵县"",""备注"":""1.报名时请在专业栏中同时填写专业名称和专业代码；2.限应届高校毕业生报考，请在备注栏中注明本人具有应届高校毕业生身份；3.要求本科学历大学英语四级成绩425分及以上，请在外语水平栏中注明成绩；4.最低服务年限五年（含试用期）；5.落户须符合当地有关政策，单位无法办理集体户口；6.专业考试信息请参见国家金融监督管理总局2025年度招考公告。"",""部门网站"":""http://www.cbirc.gov.cn/"",""咨询电话1"":""0871-64622327"",""咨询电话2"":""0871-64622067"",""咨询电话3"":""0871-64622382"",""来源Sheet"":""中央国家行政机关省级以下直属机构""}}"
"government_jobs","国家公务员2025招考简章","公务员/事业单位技术岗位","云南省怒江傈僳族自治州泸水市","2026-07-28T09:12:58.310295+00:00","统计信息部门一级主任科员及以下","国家金融监督管理总局云南监管局","","云南省怒江傈僳族自治州泸水市","公务员/事业单位;2025;computer_software;cybersecurity_cryptography;electronics_communication;本科及以上;与最高学历相对应的学位;计算机类（计算机科学与技术、软件工程、网络工程、信息安全、数据科学与大数据技术）、管理科学与工程类（管理科学、信息管理与信息系统、大数据管理与应用、计算金融）；计算科学与技术类，信息与通信工程类，通信工程、大数据技术与工程、网络与信息安全;市（地）级及以下直属机构综合管理类","用人司局：国家金融监督管理总局怒江监管分局
职位简介：主要从事金融信息科技风险监管、电子设备软硬件管理及信息系统运行维护等工作
专业要求：计算机类（计算机科学与技术、软件工程、网络工程、信息安全、数据科学与大数据技术）、管理科学与工程类（管理科学、信息管理与信息系统、大数据管理与应用、计算金融）；计算科学与技术类，信息与通信工程类，通信工程、大数据技术与工程、网络与信息安全
学历要求：本科及以上
学位要求：与最高学历相对应的学位
政治面貌：不限
基层工作经历：二年
考试类别：市（地）级及以下直属机构综合管理类
备注：1.报名时请在专业栏中同时填写专业名称和专业代码；2.请在简历栏中注明服务基层项目相关工作经历；3.要求本科学历大学英语四级成绩425分及以上、要求研究生学历大学英语六级成绩425分及以上，请在外语水平栏中注明成绩；4.最低服务年限五年（含试用期）；5.落户须符合当地有关政策，单位无法办理集体户口；6.专业考试信息请参见国家金融监督管理总局2025年度招考公告。","https://www.xjhc.gov.cn/xjhc/c116834/202410/a29382e11a674da3be3353af65f9fcc5.shtml#132125-300147668001","2024-10-14","{""dataset_year"":2025,""job_uid"":""GOV-2025-132125-300147668001"",""publisher"":""国家公务员局"",""publication_page"":""https://www.xjhc.gov.cn/xjhc/c116834/202410/a29382e11a674da3be3353af65f9fcc5.shtml"",""attachment_url"":""https://www.xjhc.gov.cn/xjhc/c116834/202410/a29382e11a674da3be3353af65f9fcc5/files/0536cef86e2b46ddad6aae5a3780089e.xls"",""local_source_file"":""2025_guokao_zhaokaojianzhang.xls"",""local_source_sha256"":""07ae6cab368cd21b7a1ac3e8150fe9a3d39ad5171ce76135ff3cccfe50c3e77e"",""source_sheet"":""中央国家行政机关省级以下直属机构"",""filter_version"":""government_tech_v2"",""tech_filter"":{""is_tech"":true,""is_core_tech"":true,""scope"":""core"",""categories"":[""computer_software"",""cybersecurity_cryptography"",""electronics_communication""],""matched_fields"":[""major"",""description""],""major_terms"":[""信息与通信工程"",""信息安全"",""大数据"",""数据科学与大数据技术"",""网络工程"",""计算机科学与技术"",""计算机类"",""软件工程"",""通信工程""],""role_terms"":[""信息科技"",""信息系统"",""软硬件""],""reason"":""tech_major_and_role""},""original"":{""部门代码"":""132125"",""部门名称"":""国家金融监督管理总局云南监管局"",""用人司局"":""国家金融监督管理总局怒江监管分局"",""机构性质"":""中央国家行政机关省级以下直属机构"",""招考职位"":""统计信息部门一级主任科员及以下"",""职位属性"":""金融监管计算机类职位"",""职位分布"":""西部地区和艰苦边远地区职位"",""职位简介"":""主要从事金融信息科技风险监管、电子设备软硬件管理及信息系统运行维护等工作"",""职位代码"":""300147668001"",""机构层级"":""市（地）级"",""考试类别"":""市（地）级及以下直属机构综合管理类"",""招考人数"":""1"",""专业"":""计算机类（计算机科学与技术、软件工程、网络工程、信息安全、数据科学与大数据技术）、管理科学与工程类（管理科学、信息管理与信息系统、大数据管理与应用、计算金融）；计算科学与技术类，信息与通信工程类，通信工程、大数据技术与工程、网络与信息安全"",""学历"":""本科及以上"",""学位"":""与最高学历相对应的学位"",""政治面貌"":""不限"",""基层工作最低年限"":""二年"",""服务基层项目工作经历"":""大学生村官、农村义务教育阶段学校教师特设岗位计划、“三支一扶”计划、大学生志愿服务西部计划"",""是否在面试阶段组织专业能力测试"":""否"",""面试人员比例"":""3:1"",""工作地点"":""云南省怒江傈僳族自治州泸水市"",""落户地点"":""云南省怒江傈僳族自治州泸水市"",""备注"":""1.报名时请在专业栏中同时填写专业名称和专业代码；2.请在简历栏中注明服务基层项目相关工作经历；3.要求本科学历大学英语四级成绩425分及以上、要求研究生学历大学英语六级成绩425分及以上，请在外语水平栏中注明成绩；4.最低服务年限五年（含试用期）；5.落户须符合当地有关政策，单位无法办理集体户口；6.专业考试信息请参见国家金融监督管理总局2025年度招考公告。"",""部门网站"":""http://www.cbirc.gov.cn/"",""咨询电话1"":""0871-64622327"",""咨询电话2"":""0871-64622067"",""咨询电话3"":""0871-64622382"",""来源Sheet"":""中央国家行政机关省级以下直属机构""}}"
"government_jobs","国家公务员2025招考简章","公务员/事业单位技术岗位","云南省怒江傈僳族自治州贡山独龙族怒族自治县","2026-07-28T09:12:58.310295+00:00","统计信息部门一级主任科员及以下","国家金融监督管理总局云南监管局","","云南省怒江傈僳族自治州贡山独龙族怒族自治县","公务员/事业单位;2025;computer_software;cybersecurity_cryptography;electronics_communication;本科及以上;与最高学历相对应的学位;计算机类（计算机科学与技术、软件工程、网络工程、信息安全、数据科学与大数据技术）、管理科学与工程类（管理科学、信息管理与信息系统、大数据管理与应用、计算金融）；计算科学与技术类，信息与通信工程类，通信工程、大数据技术与工程、网络与信息安全;市（地）级及以下直属机构综合管理类","用人司局：国家金融监督管理总局贡山监管支局
职位简介：主要从事金融信息科技风险监管、电子设备软硬件管理及信息系统运行维护等工作
专业要求：计算机类（计算机科学与技术、软件工程、网络工程、信息安全、数据科学与大数据技术）、管理科学与工程类（管理科学、信息管理与信息系统、大数据管理与应用、计算金融）；计算科学与技术类，信息与通信工程类，通信工程、大数据技术与工程、网络与信息安全
学历要求：本科及以上
学位要求：与最高学历相对应的学位
政治面貌：不限
基层工作经历：无限制
考试类别：市（地）级及以下直属机构综合管理类
备注：1.报名时请在专业栏中同时填写专业名称和专业代码；2.限应届高校毕业生报考，请在备注栏中注明本人具有应届高校毕业生身份；3.要求本科学历大学英语四级成绩425分及以上、要求研究生学历大学英语六级成绩425分及以上，请在外语水平栏中注明成绩；4.最低服务年限五年（含试用期）；5.落户须符合当地有关政策，单位无法办理集体户口；6.专业考试信息请参见国家金融监督管理总局2025年度招考公告。","https://www.xjhc.gov.cn/xjhc/c116834/202410/a29382e11a674da3be3353af65f9fcc5.shtml#132125-300147669001","2024-10-14","{""dataset_year"":2025,""job_uid"":""GOV-2025-132125-300147669001"",""publisher"":""国家公务员局"",""publication_page"":""https://www.xjhc.gov.cn/xjhc/c116834/202410/a29382e11a674da3be3353af65f9fcc5.shtml"",""attachment_url"":""https://www.xjhc.gov.cn/xjhc/c116834/202410/a29382e11a674da3be3353af65f9fcc5/files/0536cef86e2b46ddad6aae5a3780089e.xls"",""local_source_file"":""2025_guokao_zhaokaojianzhang.xls"",""local_source_sha256"":""07ae6cab368cd21b7a1ac3e8150fe9a3d39ad5171ce76135ff3cccfe50c3e77e"",""source_sheet"":""中央国家行政机关省级以下直属机构"",""filter_version"":""government_tech_v2"",""tech_filter"":{""is_tech"":true,""is_core_tech"":true,""scope"":""core"",""categories"":[""computer_software"",""cybersecurity_cryptography"",""electronics_communication""],""matched_fields"":[""major"",""description""],""major_terms"":[""信息与通信工程"",""信息安全"",""大数据"",""数据科学与大数据技术"",""网络工程"",""计算机科学与技术"",""计算机类"",""软件工程"",""通信工程""],""role_terms"":[""信息科技"",""信息系统"",""软硬件""],""reason"":""tech_major_and_role""},""original"":{""部门代码"":""132125"",""部门名称"":""国家金融监督管理总局云南监管局"",""用人司局"":""国家金融监督管理总局贡山监管支局"",""机构性质"":""中央国家行政机关省级以下直属机构"",""招考职位"":""统计信息部门一级主任科员及以下"",""职位属性"":""金融监管计算机类职位"",""职位分布"":""西部地区和艰苦边远地区职位"",""职位简介"":""主要从事金融信息科技风险监管、电子设备软硬件管理及信息系统运行维护等工作"",""职位代码"":""300147669001"",""机构层级"":""县（区）级及以下"",""考试类别"":""市（地）级及以下直属机构综合管理类"",""招考人数"":""1"",""专业"":""计算机类（计算机科学与技术、软件工程、网络工程、信息安全、数据科学与大数据技术）、管理科学与工程类（管理科学、信息管理与信息系统、大数据管理与应用、计算金融）；计算科学与技术类，信息与通信工程类，通信工程、大数据技术与工程、网络与信息安全"",""学历"":""本科及以上"",""学位"":""与最高学历相对应的学位"",""政治面貌"":""不限"",""基层工作最低年限"":""无限制"",""服务基层项目工作经历"":""无限制"",""是否在面试阶段组织专业能力测试"":""否"",""面试人员比例"":""3:1"",""工作地点"":""云南省怒江傈僳族自治州贡山独龙族怒族自治县"",""落户地点"":""云南省怒江傈僳族自治州贡山独龙族怒族自治县"",""备注"":""1.报名时请在专业栏中同时填写专业名称和专业代码；2.限应届高校毕业生报考，请在备注栏中注明本人具有应届高校毕业生身份；3.要求本科学历大学英语四级成绩425分及以上、要求研究生学历大学英语六级成绩425分及以上，请在外语水平栏中注明成绩；4.最低服务年限五年（含试用期）；5.落户须符合当地有关政策，单位无法办理集体户口；6.专业考试信息请参见国家金融监督管理总局2025年度招考公告。"",""部门网站"":""http://www.cbirc.gov.cn/"",""咨询电话1"":""0871-64622327"",""咨询电话2"":""0871-64622067"",""咨询电话3"":""0871-64622382"",""来源Sheet"":""中央国家行政机关省级以下直属机构""}}"
"government_jobs","国家公务员2025招考简章","公务员/事业单位技术岗位","云南省迪庆藏族自治州香格里拉市","2026-07-28T09:12:58.310295+00:00","统计信息部门一级主任科员及以下","国家金融监督管理总局云南监管局","","云南省迪庆藏族自治州香格里拉市","公务员/事业单位;2025;computer_software;cybersecurity_cryptography;electronics_communication;本科及以上;与最高学历相对应的学位;计算机类（计算机科学与技术、软件工程、网络工程、信息安全、数据科学与大数据技术）、管理科学与工程类（管理科学、信息管理与信息系统、大数据管理与应用、计算金融）；计算科学与技术类，信息与通信工程类，通信工程、大数据技术与工程、网络与信息安全;市（地）级及以下直属机构综合管理类","用人司局：国家金融监督管理总局迪庆监管分局
职位简介：主要从事金融信息科技风险监管、电子设备软硬件管理及信息系统运行维护等工作
专业要求：计算机类（计算机科学与技术、软件工程、网络工程、信息安全、数据科学与大数据技术）、管理科学与工程类（管理科学、信息管理与信息系统、大数据管理与应用、计算金融）；计算科学与技术类，信息与通信工程类，通信工程、大数据技术与工程、网络与信息安全
学历要求：本科及以上
学位要求：与最高学历相对应的学位
政治面貌：不限
基层工作经历：无限制
考试类别：市（地）级及以下直属机构综合管理类
备注：1.报名时请在专业栏中同时填写专业名称和专业代码；2.限应届高校毕业生报考，请在备注栏中注明本人具有应届高校毕业生身份；3.限云南省户口；4.要求本科学历大学英语四级成绩425分及以上、要求研究生学历大学英语六级成绩425分及以上，请在外语水平栏中注明成绩；5.最低服务年限五年（含试用期）；6.落户须符合当地有关政策，单位无法办理集体户口；7.专业考试信息请参见国家金融监督管理总局2025年度招考公告。","https://www.xjhc.gov.cn/xjhc/c116834/202410/a29382e11a674da3be3353af65f9fcc5.shtml#132125-300147670001","2024-10-14","{""dataset_year"":2025,""job_uid"":""GOV-2025-132125-300147670001"",""publisher"":""国家公务员局"",""publication_page"":""https://www.xjhc.gov.cn/xjhc/c116834/202410/a29382e11a674da3be3353af65f9fcc5.shtml"",""attachment_url"":""https://www.xjhc.gov.cn/xjhc/c116834/202410/a29382e11a674da3be3353af65f9fcc5/files/0536cef86e2b46ddad6aae5a3780089e.xls"",""local_source_file"":""2025_guokao_zhaokaojianzhang.xls"",""local_source_sha256"":""07ae6cab368cd21b7a1ac3e8150fe9a3d39ad5171ce76135ff3cccfe50c3e77e"",""source_sheet"":""中央国家行政机关省级以下直属机构"",""filter_version"":""government_tech_v2"",""tech_filter"":{""is_tech"":true,""is_core_tech"":true,""scope"":""core"",""categories"":[""computer_software"",""cybersecurity_cryptography"",""electronics_communication""],""matched_fields"":[""major"",""description""],""major_terms"":[""信息与通信工程"",""信息安全"",""大数据"",""数据科学与大数据技术"",""网络工程"",""计算机科学与技术"",""计算机类"",""软件工程"",""通信工程""],""role_terms"":[""信息科技"",""信息系统"",""软硬件""],""reason"":""tech_major_and_role""},""original"":{""部门代码"":""132125"",""部门名称"":""国家金融监督管理总局云南监管局"",""用人司局"":""国家金融监督管理总局迪庆监管分局"",""机构性质"":""中央国家行政机关省级以下直属机构"",""招考职位"":""统计信息部门一级主任科员及以下"",""职位属性"":""金融监管计算机类职位"",""职位分布"":""西部地区和艰苦边远地区职位"",""职位简介"":""主要从事金融信息科技风险监管、电子设备软硬件管理及信息系统运行维护等工作"",""职位代码"":""300147670001"",""机构层级"":""市（地）级"",""考试类别"":""市（地）级及以下直属机构综合管理类"",""招考人数"":""2"",""专业"":""计算机类（计算机科学与技术、软件工程、网络工程、信息安全、数据科学与大数据技术）、管理科学与工程类（管理科学、信息管理与信息系统、大数据管理与应用、计算金融）；计算科学与技术类，信息与通信工程类，通信工程、大数据技术与工程、网络与信息安全"",""学历"":""本科及以上"",""学位"":""与最高学历相对应的学位"",""政治面貌"":""不限"",""基层工作最低年限"":""无限制"",""服务基层项目工作经历"":""无限制"",""是否在面试阶段组织专业能力测试"":""否"",""面试人员比例"":""3:1"",""工作地点"":""云南省迪庆藏族自治州香格里拉市"",""落户地点"":""云南省迪庆藏族自治州香格里拉市"",""备注"":""1.报名时请在专业栏中同时填写专业名称和专业代码；2.限应届高校毕业生报考，请在备注栏中注明本人具有应届高校毕业生身份；3.限云南省户口；4.要求本科学历大学英语四级成绩425分及以上、要求研究生学历大学英语六级成绩425分及以上，请在外语水平栏中注明成绩；5.最低服务年限五年（含试用期）；6.落户须符合当地有关政策，单位无法办理集体户口；7.专业考试信息请参见国家金融监督管理总局2025年度招考公告。"",""部门网站"":""http://www.cbirc.gov.cn/"",""咨询电话1"":""0871-64622327"",""咨询电话2"":""0871-64622067"",""咨询电话3"":""0871-64622382"",""来源Sheet"":""中央国家行政机关省级以下直属机构""}}"
"government_jobs","国家公务员2025招考简章","公务员/事业单位技术岗位","云南省西双版纳傣族自治州景洪市","2026-07-28T09:12:58.310295+00:00","统计信息部门一级主任科员及以下","国家金融监督管理总局云南监管局","","云南省西双版纳傣族自治州景洪市","公务员/事业单位;2025;computer_software;cybersecurity_cryptography;electronics_communication;本科及以上;与最高学历相对应的学位;计算机类（计算机科学与技术、软件工程、网络工程、信息安全、数据科学与大数据技术）、管理科学与工程类（管理科学、信息管理与信息系统、大数据管理与应用、计算金融）；计算科学与技术类，信息与通信工程类，通信工程、大数据技术与工程、网络与信息安全;市（地）级及以下直属机构综合管理类","用人司局：国家金融监督管理总局西双版纳监管分局
职位简介：主要从事金融信息科技风险监管、电子设备软硬件管理及信息系统运行维护等工作
专业要求：计算机类（计算机科学与技术、软件工程、网络工程、信息安全、数据科学与大数据技术）、管理科学与工程类（管理科学、信息管理与信息系统、大数据管理与应用、计算金融）；计算科学与技术类，信息与通信工程类，通信工程、大数据技术与工程、网络与信息安全
学历要求：本科及以上
学位要求：与最高学历相对应的学位
政治面貌：不限
基层工作经历：无限制
考试类别：市（地）级及以下直属机构综合管理类
备注：1.报名时请在专业栏中同时填写专业名称和专业代码；2.限应届高校毕业生报考，请在备注栏中注明本人具有应届高校毕业生身份；3.要求本科学历大学英语四级成绩425分及以上、要求研究生学历大学英语六级成绩425分及以上，请在外语水平栏中注明成绩；4.最低服务年限五年（含试用期）；5.落户须符合当地有关政策，单位无法办理集体户口；6.专业考试信息请参见国家金融监督管理总局2025年度招考公告。","https://www.xjhc.gov.cn/xjhc/c116834/202410/a29382e11a674da3be3353af65f9fcc5.shtml#132125-300147671001","2024-10-14","{""dataset_year"":2025,""job_uid"":""GOV-2025-132125-300147671001"",""publisher"":""国家公务员局"",""publication_page"":""https://www.xjhc.gov.cn/xjhc/c116834/202410/a29382e11a674da3be3353af65f9fcc5.shtml"",""attachment_url"":""https://www.xjhc.gov.cn/xjhc/c116834/202410/a29382e11a674da3be3353af65f9fcc5/files/0536cef86e2b46ddad6aae5a3780089e.xls"",""local_source_file"":""2025_guokao_zhaokaojianzhang.xls"",""local_source_sha256"":""07ae6cab368cd21b7a1ac3e8150fe9a3d39ad5171ce76135ff3cccfe50c3e77e"",""source_sheet"":""中央国家行政机关省级以下直属机构"",""filter_version"":""government_tech_v2"",""tech_filter"":{""is_tech"":true,""is_core_tech"":true,""scope"":""core"",""categories"":[""computer_software"",""cybersecurity_cryptography"",""electronics_communication""],""matched_fields"":[""major"",""description""],""major_terms"":[""信息与通信工程"",""信息安全"",""大数据"",""数据科学与大数据技术"",""网络工程"",""计算机科学与技术"",""计算机类"",""软件工程"",""通信工程""],""role_terms"":[""信息科技"",""信息系统"",""软硬件""],""reason"":""tech_major_and_role""},""original"":{""部门代码"":""132125"",""部门名称"":""国家金融监督管理总局云南监管局"",""用人司局"":""国家金融监督管理总局西双版纳监管分局"",""机构性质"":""中央国家行政机关省级以下直属机构"",""招考职位"":""统计信息部门一级主任科员及以下"",""职位属性"":""金融监管计算机类职位"",""职位分布"":""西部地区和艰苦边远地区职位"",""职位简介"":""主要从事金融信息科技风险监管、电子设备软硬件管理及信息系统运行维护等工作"",""职位代码"":""300147671001"",""机构层级"":""市（地）级"",""考试类别"":""市（地）级及以下直属机构综合管理类"",""招考人数"":""1"",""专业"":""计算机类（计算机科学与技术、软件工程、网络工程、信息安全、数据科学与大数据技术）、管理科学与工程类（管理科学、信息管理与信息系统、大数据管理与应用、计算金融）；计算科学与技术类，信息与通信工程类，通信工程、大数据技术与工程、网络与信息安全"",""学历"":""本科及以上"",""学位"":""与最高学历相对应的学位"",""政治面貌"":""不限"",""基层工作最低年限"":""无限制"",""服务基层项目工作经历"":""无限制"",""是否在面试阶段组织专业能力测试"":""否"",""面试人员比例"":""3:1"",""工作地点"":""云南省西双版纳傣族自治州景洪市"",""落户地点"":""云南省西双版纳傣族自治州景洪市"",""备注"":""1.报名时请在专业栏中同时填写专业名称和专业代码；2.限应届高校毕业生报考，请在备注栏中注明本人具有应届高校毕业生身份；3.要求本科学历大学英语四级成绩425分及以上、要求研究生学历大学英语六级成绩425分及以上，请在外语水平栏中注明成绩；4.最低服务年限五年（含试用期）；5.落户须符合当地有关政策，单位无法办理集体户口；6.专业考试信息请参见国家金融监督管理总局2025年度招考公告。"",""部门网站"":""http://www.cbirc.gov.cn/"",""咨询电话1"":""0871-64622327"",""咨询电话2"":""0871-64622067"",""咨询电话3"":""0871-64622382"",""来源Sheet"":""中央国家行政机关省级以下直属机构""}}"
"government_jobs","国家公务员2025招考简章","公务员/事业单位技术岗位","云南省西双版纳傣族自治州勐腊县","2026-07-28T09:12:58.310295+00:00","统计信息部门一级主任科员及以下","国家金融监督管理总局云南监管局","","云南省西双版纳傣族自治州勐腊县","公务员/事业单位;2025;computer_software;cybersecurity_cryptography;electronics_communication;本科及以上;与最高学历相对应的学位;计算机类（计算机科学与技术、软件工程、网络工程、信息安全、数据科学与大数据技术）、管理科学与工程类（管理科学、信息管理与信息系统、大数据管理与应用、计算金融）；计算科学与技术类，信息与通信工程类，通信工程、大数据技术与工程、网络与信息安全;市（地）级及以下直属机构综合管理类","用人司局：国家金融监督管理总局勐腊监管支局
职位简介：主要从事金融信息科技风险监管、电子设备软硬件管理及信息系统运行维护等工作
专业要求：计算机类（计算机科学与技术、软件工程、网络工程、信息安全、数据科学与大数据技术）、管理科学与工程类（管理科学、信息管理与信息系统、大数据管理与应用、计算金融）；计算科学与技术类，信息与通信工程类，通信工程、大数据技术与工程、网络与信息安全
学历要求：本科及以上
学位要求：与最高学历相对应的学位
政治面貌：不限
基层工作经历：无限制
考试类别：市（地）级及以下直属机构综合管理类
备注：1.报名时请在专业栏中同时填写专业名称和专业代码；2.限应届高校毕业生报考，请在备注栏中注明本人具有应届高校毕业生身份；3.要求本科学历大学英语四级成绩425分及以上、要求研究生学历大学英语六级成绩425分及以上，请在外语水平栏中注明成绩；4.最低服务年限五年（含试用期）；5.落户须符合当地有关政策，单位无法办理集体户口；6.专业考试信息请参见国家金融监督管理总局2025年度招考公告。","https://www.xjhc.gov.cn/xjhc/c116834/202410/a29382e11a674da3be3353af65f9fcc5.shtml#132125-300147672001","2024-10-14","{""dataset_year"":2025,""job_uid"":""GOV-2025-132125-300147672001"",""publisher"":""国家公务员局"",""publication_page"":""https://www.xjhc.gov.cn/xjhc/c116834/202410/a29382e11a674da3be3353af65f9fcc5.shtml"",""attachment_url"":""https://www.xjhc.gov.cn/xjhc/c116834/202410/a29382e11a674da3be3353af65f9fcc5/files/0536cef86e2b46ddad6aae5a3780089e.xls"",""local_source_file"":""2025_guokao_zhaokaojianzhang.xls"",""local_source_sha256"":""07ae6cab368cd21b7a1ac3e8150fe9a3d39ad5171ce76135ff3cccfe50c3e77e"",""source_sheet"":""中央国家行政机关省级以下直属机构"",""filter_version"":""government_tech_v2"",""tech_filter"":{""is_tech"":true,""is_core_tech"":true,""scope"":""core"",""categories"":[""computer_software"",""cybersecurity_cryptography"",""electronics_communication""],""matched_fields"":[""major"",""description""],""major_terms"":[""信息与通信工程"",""信息安全"",""大数据"",""数据科学与大数据技术"",""网络工程"",""计算机科学与技术"",""计算机类"",""软件工程"",""通信工程""],""role_terms"":[""信息科技"",""信息系统"",""软硬件""],""reason"":""tech_major_and_role""},""original"":{""部门代码"":""132125"",""部门名称"":""国家金融监督管理总局云南监管局"",""用人司局"":""国家金融监督管理总局勐腊监管支局"",""机构性质"":""中央国家行政机关省级以下直属机构"",""招考职位"":""统计信息部门一级主任科员及以下"",""职位属性"":""金融监管计算机类职位"",""职位分布"":""西部地区和艰苦边远地区职位"",""职位简介"":""主要从事金融信息科技风险监管、电子设备软硬件管理及信息系统运行维护等工作"",""职位代码"":""300147672001"",""机构层级"":""县（区）级及以下"",""考试类别"":""市（地）级及以下直属机构综合管理类"",""招考人数"":""2"",""专业"":""计算机类（计算机科学与技术、软件工程、网络工程、信息安全、数据科学与大数据技术）、管理科学与工程类（管理科学、信息管理与信息系统、大数据管理与应用、计算金融）；计算科学与技术类，信息与通信工程类，通信工程、大数据技术与工程、网络与信息安全"",""学历"":""本科及以上"",""学位"":""与最高学历相对应的学位"",""政治面貌"":""不限"",""基层工作最低年限"":""无限制"",""服务基层项目工作经历"":""无限制"",""是否在面试阶段组织专业能力测试"":""否"",""面试人员比例"":""3:1"",""工作地点"":""云南省西双版纳傣族自治州勐腊县"",""落户地点"":""云南省西双版纳傣族自治州勐腊县"",""备注"":""1.报名时请在专业栏中同时填写专业名称和专业代码；2.限应届高校毕业生报考，请在备注栏中注明本人具有应届高校毕业生身份；3.要求本科学历大学英语四级成绩425分及以上、要求研究生学历大学英语六级成绩425分及以上，请在外语水平栏中注明成绩；4.最低服务年限五年（含试用期）；5.落户须符合当地有关政策，单位无法办理集体户口；6.专业考试信息请参见国家金融监督管理总局2025年度招考公告。"",""部门网站"":""http://www.cbirc.gov.cn/"",""咨询电话1"":""0871-64622327"",""咨询电话2"":""0871-64622067"",""咨询电话3"":""0871-64622382"",""来源Sheet"":""中央国家行政机关省级以下直属机构""}}"
"government_jobs","国家公务员2025招考简章","公务员/事业单位技术岗位","云南省曲靖市师宗县","2026-07-28T09:12:58.310295+00:00","统计信息部门一级主任科员及以下","国家金融监督管理总局云南监管局","","云南省曲靖市师宗县","公务员/事业单位;2025;computer_software;cybersecurity_cryptography;仅限本科;学士;计算机类（计算机科学与技术、软件工程、网络工程、信息安全、数据科学与大数据技术）、管理科学与工程类（管理科学、信息管理与信息系统、大数据管理与应用、计算金融）;市（地）级及以下直属机构综合管理类","用人司局：国家金融监督管理总局师宗监管支局
职位简介：主要从事金融信息科技风险监管、电子设备软硬件管理及信息系统运行维护等工作
专业要求：计算机类（计算机科学与技术、软件工程、网络工程、信息安全、数据科学与大数据技术）、管理科学与工程类（管理科学、信息管理与信息系统、大数据管理与应用、计算金融）
学历要求：仅限本科
学位要求：学士
政治面貌：不限
基层工作经历：无限制
考试类别：市（地）级及以下直属机构综合管理类
备注：1.报名时请在专业栏中同时填写专业名称和专业代码；2.限应届高校毕业生报考，请在备注栏中注明本人具有应届高校毕业生身份；3.要求本科学历大学英语四级成绩425分及以上，请在外语水平栏中注明成绩；4.最低服务年限五年（含试用期）；5.落户须符合当地有关政策，单位无法办理集体户口；6.专业考试信息请参见国家金融监督管理总局2025年度招考公告。","https://www.xjhc.gov.cn/xjhc/c116834/202410/a29382e11a674da3be3353af65f9fcc5.shtml#132125-300147674001","2024-10-14","{""dataset_year"":2025,""job_uid"":""GOV-2025-132125-300147674001"",""publisher"":""国家公务员局"",""publication_page"":""https://www.xjhc.gov.cn/xjhc/c116834/202410/a29382e11a674da3be3353af65f9fcc5.shtml"",""attachment_url"":""https://www.xjhc.gov.cn/xjhc/c116834/202410/a29382e11a674da3be3353af65f9fcc5/files/0536cef86e2b46ddad6aae5a3780089e.xls"",""local_source_file"":""2025_guokao_zhaokaojianzhang.xls"",""local_source_sha256"":""07ae6cab368cd21b7a1ac3e8150fe9a3d39ad5171ce76135ff3cccfe50c3e77e"",""source_sheet"":""中央国家行政机关省级以下直属机构"",""filter_version"":""government_tech_v2"",""tech_filter"":{""is_tech"":true,""is_core_tech"":true,""scope"":""core"",""categories"":[""computer_software"",""cybersecurity_cryptography""],""matched_fields"":[""major"",""description""],""major_terms"":[""信息安全"",""大数据"",""数据科学与大数据技术"",""网络工程"",""计算机科学与技术"",""计算机类"",""软件工程""],""role_terms"":[""信息科技"",""信息系统"",""软硬件""],""reason"":""tech_major_and_role""},""original"":{""部门代码"":""132125"",""部门名称"":""国家金融监督管理总局云南监管局"",""用人司局"":""国家金融监督管理总局师宗监管支局"",""机构性质"":""中央国家行政机关省级以下直属机构"",""招考职位"":""统计信息部门一级主任科员及以下"",""职位属性"":""金融监管计算机类职位"",""职位分布"":""西部地区和艰苦边远地区职位"",""职位简介"":""主要从事金融信息科技风险监管、电子设备软硬件管理及信息系统运行维护等工作"",""职位代码"":""300147674001"",""机构层级"":""县（区）级及以下"",""考试类别"":""市（地）级及以下直属机构综合管理类"",""招考人数"":""1"",""专业"":""计算机类（计算机科学与技术、软件工程、网络工程、信息安全、数据科学与大数据技术）、管理科学与工程类（管理科学、信息管理与信息系统、大数据管理与应用、计算金融）"",""学历"":""仅限本科"",""学位"":""学士"",""政治面貌"":""不限"",""基层工作最低年限"":""无限制"",""服务基层项目工作经历"":""无限制"",""是否在面试阶段组织专业能力测试"":""否"",""面试人员比例"":""3:1"",""工作地点"":""云南省曲靖市师宗县"",""落户地点"":""云南省曲靖市师宗县"",""备注"":""1.报名时请在专业栏中同时填写专业名称和专业代码；2.限应届高校毕业生报考，请在备注栏中注明本人具有应届高校毕业生身份；3.要求本科学历大学英语四级成绩425分及以上，请在外语水平栏中注明成绩；4.最低服务年限五年（含试用期）；5.落户须符合当地有关政策，单位无法办理集体户口；6.专业考试信息请参见国家金融监督管理总局2025年度招考公告。"",""部门网站"":""http://www.cbirc.gov.cn/"",""咨询电话1"":""0871-64622327"",""咨询电话2"":""0871-64622067"",""咨询电话3"":""0871-64622382"",""来源Sheet"":""中央国家行政机关省级以下直属机构""}}"
"government_jobs","国家公务员2025招考简章","公务员/事业单位技术岗位","云南省曲靖市富源县","2026-07-28T09:12:58.310295+00:00","统计信息部门一级主任科员及以下","国家金融监督管理总局云南监管局","","云南省曲靖市富源县","公务员/事业单位;2025;computer_software;cybersecurity_cryptography;仅限本科;学士;计算机类（计算机科学与技术、软件工程、网络工程、信息安全、数据科学与大数据技术）、管理科学与工程类（管理科学、信息管理与信息系统、大数据管理与应用、计算金融）;市（地）级及以下直属机构综合管理类","用人司局：国家金融监督管理总局富源监管支局
职位简介：主要从事金融信息科技风险监管、电子设备软硬件管理及信息系统运行维护等工作
专业要求：计算机类（计算机科学与技术、软件工程、网络工程、信息安全、数据科学与大数据技术）、管理科学与工程类（管理科学、信息管理与信息系统、大数据管理与应用、计算金融）
学历要求：仅限本科
学位要求：学士
政治面貌：不限
基层工作经历：二年
考试类别：市（地）级及以下直属机构综合管理类
备注：1.报名时请在专业栏中同时填写专业名称和专业代码；2.请在简历栏中注明服务基层项目相关工作经历；3.要求本科学历大学英语四级成绩425分及以上，请在外语水平栏中注明成绩；4.最低服务年限五年（含试用期）；5.落户须符合当地有关政策，单位无法办理集体户口；6.专业考试信息请参见国家金融监督管理总局2025年度招考公告。","https://www.xjhc.gov.cn/xjhc/c116834/202410/a29382e11a674da3be3353af65f9fcc5.shtml#132125-300147675001","2024-10-14","{""dataset_year"":2025,""job_uid"":""GOV-2025-132125-300147675001"",""publisher"":""国家公务员局"",""publication_page"":""https://www.xjhc.gov.cn/xjhc/c116834/202410/a29382e11a674da3be3353af65f9fcc5.shtml"",""attachment_url"":""https://www.xjhc.gov.cn/xjhc/c116834/202410/a29382e11a674da3be3353af65f9fcc5/files/0536cef86e2b46ddad6aae5a3780089e.xls"",""local_source_file"":""2025_guokao_zhaokaojianzhang.xls"",""local_source_sha256"":""07ae6cab368cd21b7a1ac3e8150fe9a3d39ad5171ce76135ff3cccfe50c3e77e"",""source_sheet"":""中央国家行政机关省级以下直属机构"",""filter_version"":""government_tech_v2"",""tech_filter"":{""is_tech"":true,""is_core_tech"":true,""scope"":""core"",""categories"":[""computer_software"",""cybersecurity_cryptography""],""matched_fields"":[""major"",""description""],""major_terms"":[""信息安全"",""大数据"",""数据科学与大数据技术"",""网络工程"",""计算机科学与技术"",""计算机类"",""软件工程""],""role_terms"":[""信息科技"",""信息系统"",""软硬件""],""reason"":""tech_major_and_role""},""original"":{""部门代码"":""132125"",""部门名称"":""国家金融监督管理总局云南监管局"",""用人司局"":""国家金融监督管理总局富源监管支局"",""机构性质"":""中央国家行政机关省级以下直属机构"",""招考职位"":""统计信息部门一级主任科员及以下"",""职位属性"":""金融监管计算机类职位"",""职位分布"":""西部地区和艰苦边远地区职位"",""职位简介"":""主要从事金融信息科技风险监管、电子设备软硬件管理及信息系统运行维护等工作"",""职位代码"":""300147675001"",""机构层级"":""县（区）级及以下"",""考试类别"":""市（地）级及以下直属机构综合管理类"",""招考人数"":""1"",""专业"":""计算机类（计算机科学与技术、软件工程、网络工程、信息安全、数据科学与大数据技术）、管理科学与工程类（管理科学、信息管理与信息系统、大数据管理与应用、计算金融）"",""学历"":""仅限本科"",""学位"":""学士"",""政治面貌"":""不限"",""基层工作最低年限"":""二年"",""服务基层项目工作经历"":""大学生村官、农村义务教育阶段学校教师特设岗位计划、“三支一扶”计划、大学生志愿服务西部计划"",""是否在面试阶段组织专业能力测试"":""否"",""面试人员比例"":""3:1"",""工作地点"":""云南省曲靖市富源县"",""落户地点"":""云南省曲靖市富源县"",""备注"":""1.报名时请在专业栏中同时填写专业名称和专业代码；2.请在简历栏中注明服务基层项目相关工作经历；3.要求本科学历大学英语四级成绩425分及以上，请在外语水平栏中注明成绩；4.最低服务年限五年（含试用期）；5.落户须符合当地有关政策，单位无法办理集体户口；6.专业考试信息请参见国家金融监督管理总局2025年度招考公告。"",""部门网站"":""http://www.cbirc.gov.cn/"",""咨询电话1"":""0871-64622327"",""咨询电话2"":""0871-64622067"",""咨询电话3"":""0871-64622382"",""来源Sheet"":""中央国家行政机关省级以下直属机构""}}"
"government_jobs","国家公务员2025招考简章","公务员/事业单位技术岗位","云南省曲靖市宣威市","2026-07-28T09:12:58.310295+00:00","统计信息部门一级主任科员及以下","国家金融监督管理总局云南监管局","","云南省曲靖市宣威市","公务员/事业单位;2025;computer_software;cybersecurity_cryptography;electronics_communication;本科及以上;与最高学历相对应的学位;计算机类（计算机科学与技术、软件工程、网络工程、信息安全、数据科学与大数据技术）、管理科学与工程类（管理科学、信息管理与信息系统、大数据管理与应用、计算金融）；计算科学与技术类，信息与通信工程类，通信工程、大数据技术与工程、网络与信息安全;市（地）级及以下直属机构综合管理类","用人司局：国家金融监督管理总局宣威监管支局
职位简介：主要从事金融信息科技风险监管、电子设备软硬件管理及信息系统运行维护等工作
专业要求：计算机类（计算机科学与技术、软件工程、网络工程、信息安全、数据科学与大数据技术）、管理科学与工程类（管理科学、信息管理与信息系统、大数据管理与应用、计算金融）；计算科学与技术类，信息与通信工程类，通信工程、大数据技术与工程、网络与信息安全
学历要求：本科及以上
学位要求：与最高学历相对应的学位
政治面貌：不限
基层工作经历：无限制
考试类别：市（地）级及以下直属机构综合管理类
备注：1.报名时请在专业栏中同时填写专业名称和专业代码；2.限应届高校毕业生报考，请在备注栏中注明本人具有应届高校毕业生身份；3.要求本科学历大学英语四级成绩425分及以上、要求研究生学历大学英语六级成绩425分及以上，请在外语水平栏中注明成绩；4.最低服务年限五年（含试用期）；5.落户须符合当地有关政策，单位无法办理集体户口；6.专业考试信息请参见国家金融监督管理总局2025年度招考公告。","https://www.xjhc.gov.cn/xjhc/c116834/202410/a29382e11a674da3be3353af65f9fcc5.shtml#132125-300147676001","2024-10-14","{""dataset_year"":2025,""job_uid"":""GOV-2025-132125-300147676001"",""publisher"":""国家公务员局"",""publication_page"":""https://www.xjhc.gov.cn/xjhc/c116834/202410/a29382e11a674da3be3353af65f9fcc5.shtml"",""attachment_url"":""https://www.xjhc.gov.cn/xjhc/c116834/202410/a29382e11a674da3be3353af65f9fcc5/files/0536cef86e2b46ddad6aae5a3780089e.xls"",""local_source_file"":""2025_guokao_zhaokaojianzhang.xls"",""local_source_sha256"":""07ae6cab368cd21b7a1ac3e8150fe9a3d39ad5171ce76135ff3cccfe50c3e77e"",""source_sheet"":""中央国家行政机关省级以下直属机构"",""filter_version"":""government_tech_v2"",""tech_filter"":{""is_tech"":true,""is_core_tech"":true,""scope"":""core"",""categories"":[""computer_software"",""cybersecurity_cryptography"",""electronics_communication""],""matched_fields"":[""major"",""description""],""major_terms"":[""信息与通信工程"",""信息安全"",""大数据"",""数据科学与大数据技术"",""网络工程"",""计算机科学与技术"",""计算机类"",""软件工程"",""通信工程""],""role_terms"":[""信息科技"",""信息系统"",""软硬件""],""reason"":""tech_major_and_role""},""original"":{""部门代码"":""132125"",""部门名称"":""国家金融监督管理总局云南监管局"",""用人司局"":""国家金融监督管理总局宣威监管支局"",""机构性质"":""中央国家行政机关省级以下直属机构"",""招考职位"":""统计信息部门一级主任科员及以下"",""职位属性"":""金融监管计算机类职位"",""职位分布"":""西部地区和艰苦边远地区职位"",""职位简介"":""主要从事金融信息科技风险监管、电子设备软硬件管理及信息系统运行维护等工作"",""职位代码"":""300147676001"",""机构层级"":""县（区）级及以下"",""考试类别"":""市（地）级及以下直属机构综合管理类"",""招考人数"":""1"",""专业"":""计算机类（计算机科学与技术、软件工程、网络工程、信息安全、数据科学与大数据技术）、管理科学与工程类（管理科学、信息管理与信息系统、大数据管理与应用、计算金融）；计算科学与技术类，信息与通信工程类，通信工程、大数据技术与工程、网络与信息安全"",""学历"":""本科及以上"",""学位"":""与最高学历相对应的学位"",""政治面貌"":""不限"",""基层工作最低年限"":""无限制"",""服务基层项目工作经历"":""无限制"",""是否在面试阶段组织专业能力测试"":""否"",""面试人员比例"":""3:1"",""工作地点"":""云南省曲靖市宣威市"",""落户地点"":""云南省曲靖市宣威市"",""备注"":""1.报名时请在专业栏中同时填写专业名称和专业代码；2.限应届高校毕业生报考，请在备注栏中注明本人具有应届高校毕业生身份；3.要求本科学历大学英语四级成绩425分及以上、要求研究生学历大学英语六级成绩425分及以上，请在外语水平栏中注明成绩；4.最低服务年限五年（含试用期）；5.落户须符合当地有关政策，单位无法办理集体户口；6.专业考试信息请参见国家金融监督管理总局2025年度招考公告。"",""部门网站"":""http://www.cbirc.gov.cn/"",""咨询电话1"":""0871-64622327"",""咨询电话2"":""0871-64622067"",""咨询电话3"":""0871-64622382"",""来源Sheet"":""中央国家行政机关省级以下直属机构""}}"
"government_jobs","国家公务员2025招考简章","公务员/事业单位技术岗位","云南省昭通市盐津县","2026-07-28T09:12:58.310295+00:00","统计信息部门一级主任科员及以下","国家金融监督管理总局云南监管局","","云南省昭通市盐津县","公务员/事业单位;2025;computer_software;cybersecurity_cryptography;仅限本科;学士;计算机类（计算机科学与技术、软件工程、网络工程、信息安全、数据科学与大数据技术）、管理科学与工程类（管理科学、信息管理与信息系统、大数据管理与应用、计算金融）;市（地）级及以下直属机构综合管理类","用人司局：国家金融监督管理总局盐津监管支局
职位简介：主要从事金融信息科技风险监管、电子设备软硬件管理及信息系统运行维护等工作
专业要求：计算机类（计算机科学与技术、软件工程、网络工程、信息安全、数据科学与大数据技术）、管理科学与工程类（管理科学、信息管理与信息系统、大数据管理与应用、计算金融）
学历要求：仅限本科
学位要求：学士
政治面貌：不限
基层工作经历：无限制
考试类别：市（地）级及以下直属机构综合管理类
备注：1.报名时请在专业栏中同时填写专业名称和专业代码；2.限应届高校毕业生报考，请在备注栏中注明本人具有应届高校毕业生身份；3.要求本科学历大学英语四级成绩425分及以上，请在外语水平栏中注明成绩；4.最低服务年限五年（含试用期）；5.落户须符合当地有关政策，单位无法办理集体户口；6.专业考试信息请参见国家金融监督管理总局2025年度招考公告。","https://www.xjhc.gov.cn/xjhc/c116834/202410/a29382e11a674da3be3353af65f9fcc5.shtml#132125-300147678001","2024-10-14","{""dataset_year"":2025,""job_uid"":""GOV-2025-132125-300147678001"",""publisher"":""国家公务员局"",""publication_page"":""https://www.xjhc.gov.cn/xjhc/c116834/202410/a29382e11a674da3be3353af65f9fcc5.shtml"",""attachment_url"":""https://www.xjhc.gov.cn/xjhc/c116834/202410/a29382e11a674da3be3353af65f9fcc5/files/0536cef86e2b46ddad6aae5a3780089e.xls"",""local_source_file"":""2025_guokao_zhaokaojianzhang.xls"",""local_source_sha256"":""07ae6cab368cd21b7a1ac3e8150fe9a3d39ad5171ce76135ff3cccfe50c3e77e"",""source_sheet"":""中央国家行政机关省级以下直属机构"",""filter_version"":""government_tech_v2"",""tech_filter"":{""is_tech"":true,""is_core_tech"":true,""scope"":""core"",""categories"":[""computer_software"",""cybersecurity_cryptography""],""matched_fields"":[""major"",""description""],""major_terms"":[""信息安全"",""大数据"",""数据科学与大数据技术"",""网络工程"",""计算机科学与技术"",""计算机类"",""软件工程""],""role_terms"":[""信息科技"",""信息系统"",""软硬件""],""reason"":""tech_major_and_role""},""original"":{""部门代码"":""132125"",""部门名称"":""国家金融监督管理总局云南监管局"",""用人司局"":""国家金融监督管理总局盐津监管支局"",""机构性质"":""中央国家行政机关省级以下直属机构"",""招考职位"":""统计信息部门一级主任科员及以下"",""职位属性"":""金融监管计算机类职位"",""职位分布"":""西部地区和艰苦边远地区职位"",""职位简介"":""主要从事金融信息科技风险监管、电子设备软硬件管理及信息系统运行维护等工作"",""职位代码"":""300147678001"",""机构层级"":""县（区）级及以下"",""考试类别"":""市（地）级及以下直属机构综合管理类"",""招考人数"":""1"",""专业"":""计算机类（计算机科学与技术、软件工程、网络工程、信息安全、数据科学与大数据技术）、管理科学与工程类（管理科学、信息管理与信息系统、大数据管理与应用、计算金融）"",""学历"":""仅限本科"",""学位"":""学士"",""政治面貌"":""不限"",""基层工作最低年限"":""无限制"",""服务基层项目工作经历"":""无限制"",""是否在面试阶段组织专业能力测试"":""否"",""面试人员比例"":""3:1"",""工作地点"":""云南省昭通市盐津县"",""落户地点"":""云南省昭通市盐津县"",""备注"":""1.报名时请在专业栏中同时填写专业名称和专业代码；2.限应届高校毕业生报考，请在备注栏中注明本人具有应届高校毕业生身份；3.要求本科学历大学英语四级成绩425分及以上，请在外语水平栏中注明成绩；4.最低服务年限五年（含试用期）；5.落户须符合当地有关政策，单位无法办理集体户口；6.专业考试信息请参见国家金融监督管理总局2025年度招考公告。"",""部门网站"":""http://www.cbirc.gov.cn/"",""咨询电话1"":""0871-64622327"",""咨询电话2"":""0871-64622067"",""咨询电话3"":""0871-64622382"",""来源Sheet"":""中央国家行政机关省级以下直属机构""}}"
"government_jobs","国家公务员2025招考简章","公务员/事业单位技术岗位","云南省昭通市绥江县","2026-07-28T09:12:58.310295+00:00","统计信息部门一级主任科员及以下","国家金融监督管理总局云南监管局","","云南省昭通市绥江县","公务员/事业单位;2025;computer_software;cybersecurity_cryptography;仅限本科;学士;计算机类（计算机科学与技术、软件工程、网络工程、信息安全、数据科学与大数据技术）、管理科学与工程类（管理科学、信息管理与信息系统、大数据管理与应用、计算金融）;市（地）级及以下直属机构综合管理类","用人司局：国家金融监督管理总局绥江监管支局
职位简介：主要从事金融信息科技风险监管、电子设备软硬件管理及信息系统运行维护等工作
专业要求：计算机类（计算机科学与技术、软件工程、网络工程、信息安全、数据科学与大数据技术）、管理科学与工程类（管理科学、信息管理与信息系统、大数据管理与应用、计算金融）
学历要求：仅限本科
学位要求：学士
政治面貌：不限
基层工作经历：无限制
考试类别：市（地）级及以下直属机构综合管理类
备注：1.报名时请在专业栏中同时填写专业名称和专业代码；2.限应届高校毕业生报考，请在备注栏中注明本人具有应届高校毕业生身份；3.要求本科学历大学英语四级成绩425分及以上，请在外语水平栏中注明成绩；4.最低服务年限五年（含试用期）；5.落户须符合当地有关政策，单位无法办理集体户口；6.专业考试信息请参见国家金融监督管理总局2025年度招考公告。","https://www.xjhc.gov.cn/xjhc/c116834/202410/a29382e11a674da3be3353af65f9fcc5.shtml#132125-300147680001","2024-10-14","{""dataset_year"":2025,""job_uid"":""GOV-2025-132125-300147680001"",""publisher"":""国家公务员局"",""publication_page"":""https://www.xjhc.gov.cn/xjhc/c116834/202410/a29382e11a674da3be3353af65f9fcc5.shtml"",""attachment_url"":""https://www.xjhc.gov.cn/xjhc/c116834/202410/a29382e11a674da3be3353af65f9fcc5/files/0536cef86e2b46ddad6aae5a3780089e.xls"",""local_source_file"":""2025_guokao_zhaokaojianzhang.xls"",""local_source_sha256"":""07ae6cab368cd21b7a1ac3e8150fe9a3d39ad5171ce76135ff3cccfe50c3e77e"",""source_sheet"":""中央国家行政机关省级以下直属机构"",""filter_version"":""government_tech_v2"",""tech_filter"":{""is_tech"":true,""is_core_tech"":true,""scope"":""core"",""categories"":[""computer_software"",""cybersecurity_cryptography""],""matched_fields"":[""major"",""description""],""major_terms"":[""信息安全"",""大数据"",""数据科学与大数据技术"",""网络工程"",""计算机科学与技术"",""计算机类"",""软件工程""],""role_terms"":[""信息科技"",""信息系统"",""软硬件""],""reason"":""tech_major_and_role""},""original"":{""部门代码"":""132125"",""部门名称"":""国家金融监督管理总局云南监管局"",""用人司局"":""国家金融监督管理总局绥江监管支局"",""机构性质"":""中央国家行政机关省级以下直属机构"",""招考职位"":""统计信息部门一级主任科员及以下"",""职位属性"":""金融监管计算机类职位"",""职位分布"":""西部地区和艰苦边远地区职位"",""职位简介"":""主要从事金融信息科技风险监管、电子设备软硬件管理及信息系统运行维护等工作"",""职位代码"":""300147680001"",""机构层级"":""县（区）级及以下"",""考试类别"":""市（地）级及以下直属机构综合管理类"",""招考人数"":""1"",""专业"":""计算机类（计算机科学与技术、软件工程、网络工程、信息安全、数据科学与大数据技术）、管理科学与工程类（管理科学、信息管理与信息系统、大数据管理与应用、计算金融）"",""学历"":""仅限本科"",""学位"":""学士"",""政治面貌"":""不限"",""基层工作最低年限"":""无限制"",""服务基层项目工作经历"":""无限制"",""是否在面试阶段组织专业能力测试"":""否"",""面试人员比例"":""3:1"",""工作地点"":""云南省昭通市绥江县"",""落户地点"":""云南省昭通市绥江县"",""备注"":""1.报名时请在专业栏中同时填写专业名称和专业代码；2.限应届高校毕业生报考，请在备注栏中注明本人具有应届高校毕业生身份；3.要求本科学历大学英语四级成绩425分及以上，请在外语水平栏中注明成绩；4.最低服务年限五年（含试用期）；5.落户须符合当地有关政策，单位无法办理集体户口；6.专业考试信息请参见国家金融监督管理总局2025年度招考公告。"",""部门网站"":""http://www.cbirc.gov.cn/"",""咨询电话1"":""0871-64622327"",""咨询电话2"":""0871-64622067"",""咨询电话3"":""0871-64622382"",""来源Sheet"":""中央国家行政机关省级以下直属机构""}}"
"government_jobs","国家公务员2025招考简章","公务员/事业单位技术岗位","云南省昭通市威信县","2026-07-28T09:12:58.310295+00:00","统计信息部门一级主任科员及以下","国家金融监督管理总局云南监管局","","云南省昭通市威信县","公务员/事业单位;2025;computer_software;cybersecurity_cryptography;仅限本科;学士;计算机类（计算机科学与技术、软件工程、网络工程、信息安全、数据科学与大数据技术）、管理科学与工程类（管理科学、信息管理与信息系统、大数据管理与应用、计算金融）;市（地）级及以下直属机构综合管理类","用人司局：国家金融监督管理总局威信监管支局
职位简介：主要从事金融信息科技风险监管、电子设备软硬件管理及信息系统运行维护等工作
专业要求：计算机类（计算机科学与技术、软件工程、网络工程、信息安全、数据科学与大数据技术）、管理科学与工程类（管理科学、信息管理与信息系统、大数据管理与应用、计算金融）
学历要求：仅限本科
学位要求：学士
政治面貌：不限
基层工作经历：二年
考试类别：市（地）级及以下直属机构综合管理类
备注：1.报名时请在专业栏中同时填写专业名称和专业代码；2.请在简历栏中注明服务基层项目相关工作经历；3.要求本科学历大学英语四级成绩425分及以上，请在外语水平栏中注明成绩；4.最低服务年限五年（含试用期）；5.落户须符合当地有关政策，单位无法办理集体户口；6.专业考试信息请参见国家金融监督管理总局2025年度招考公告。","https://www.xjhc.gov.cn/xjhc/c116834/202410/a29382e11a674da3be3353af65f9fcc5.shtml#132125-300147681001","2024-10-14","{""dataset_year"":2025,""job_uid"":""GOV-2025-132125-300147681001"",""publisher"":""国家公务员局"",""publication_page"":""https://www.xjhc.gov.cn/xjhc/c116834/202410/a29382e11a674da3be3353af65f9fcc5.shtml"",""attachment_url"":""https://www.xjhc.gov.cn/xjhc/c116834/202410/a29382e11a674da3be3353af65f9fcc5/files/0536cef86e2b46ddad6aae5a3780089e.xls"",""local_source_file"":""2025_guokao_zhaokaojianzhang.xls"",""local_source_sha256"":""07ae6cab368cd21b7a1ac3e8150fe9a3d39ad5171ce76135ff3cccfe50c3e77e"",""source_sheet"":""中央国家行政机关省级以下直属机构"",""filter_version"":""government_tech_v2"",""tech_filter"":{""is_tech"":true,""is_core_tech"":true,""scope"":""core"",""categories"":[""computer_software"",""cybersecurity_cryptography""],""matched_fields"":[""major"",""description""],""major_terms"":[""信息安全"",""大数据"",""数据科学与大数据技术"",""网络工程"",""计算机科学与技术"",""计算机类"",""软件工程""],""role_terms"":[""信息科技"",""信息系统"",""软硬件""],""reason"":""tech_major_and_role""},""original"":{""部门代码"":""132125"",""部门名称"":""国家金融监督管理总局云南监管局"",""用人司局"":""国家金融监督管理总局威信监管支局"",""机构性质"":""中央国家行政机关省级以下直属机构"",""招考职位"":""统计信息部门一级主任科员及以下"",""职位属性"":""金融监管计算机类职位"",""职位分布"":""西部地区和艰苦边远地区职位"",""职位简介"":""主要从事金融信息科技风险监管、电子设备软硬件管理及信息系统运行维护等工作"",""职位代码"":""300147681001"",""机构层级"":""县（区）级及以下"",""考试类别"":""市（地）级及以下直属机构综合管理类"",""招考人数"":""1"",""专业"":""计算机类（计算机科学与技术、软件工程、网络工程、信息安全、数据科学与大数据技术）、管理科学与工程类（管理科学、信息管理与信息系统、大数据管理与应用、计算金融）"",""学历"":""仅限本科"",""学位"":""学士"",""政治面貌"":""不限"",""基层工作最低年限"":""二年"",""服务基层项目工作经历"":""大学生村官、农村义务教育阶段学校教师特设岗位计划、“三支一扶”计划、大学生志愿服务西部计划"",""是否在面试阶段组织专业能力测试"":""否"",""面试人员比例"":""3:1"",""工作地点"":""云南省昭通市威信县"",""落户地点"":""云南省昭通市威信县"",""备注"":""1.报名时请在专业栏中同时填写专业名称和专业代码；2.请在简历栏中注明服务基层项目相关工作经历；3.要求本科学历大学英语四级成绩425分及以上，请在外语水平栏中注明成绩；4.最低服务年限五年（含试用期）；5.落户须符合当地有关政策，单位无法办理集体户口；6.专业考试信息请参见国家金融监督管理总局2025年度招考公告。"",""部门网站"":""http://www.cbirc.gov.cn/"",""咨询电话1"":""0871-64622327"",""咨询电话2"":""0871-64622067"",""咨询电话3"":""0871-64622382"",""来源Sheet"":""中央国家行政机关省级以下直属机构""}}"
"government_jobs","国家公务员2025招考简章","公务员/事业单位技术岗位","云南省临沧市镇康县","2026-07-28T09:12:58.310295+00:00","统计信息部门一级主任科员及以下","国家金融监督管理总局云南监管局","","云南省临沧市镇康县","公务员/事业单位;2025;computer_software;cybersecurity_cryptography;仅限本科;学士;计算机类（计算机科学与技术、软件工程、网络工程、信息安全、数据科学与大数据技术）、管理科学与工程类（管理科学、信息管理与信息系统、大数据管理与应用、计算金融）;市（地）级及以下直属机构综合管理类","用人司局：国家金融监督管理总局镇康监管支局
职位简介：主要从事金融信息科技风险监管、电子设备软硬件管理及信息系统运行维护等工作
专业要求：计算机类（计算机科学与技术、软件工程、网络工程、信息安全、数据科学与大数据技术）、管理科学与工程类（管理科学、信息管理与信息系统、大数据管理与应用、计算金融）
学历要求：仅限本科
学位要求：学士
政治面貌：不限
基层工作经历：无限制
考试类别：市（地）级及以下直属机构综合管理类
备注：1.报名时请在专业栏中同时填写专业名称和专业代码；2.限应届高校毕业生报考，请在备注栏中注明本人具有应届高校毕业生身份；3.限云南省户口；4.要求本科学历大学英语四级成绩425分及以上，请在外语水平栏中注明成绩；5.最低服务年限五年（含试用期）；6.落户须符合当地有关政策，单位无法办理集体户口；7.专业考试信息请参见国家金融监督管理总局2025年度招考公告。","https://www.xjhc.gov.cn/xjhc/c116834/202410/a29382e11a674da3be3353af65f9fcc5.shtml#132125-300147682001","2024-10-14","{""dataset_year"":2025,""job_uid"":""GOV-2025-132125-300147682001"",""publisher"":""国家公务员局"",""publication_page"":""https://www.xjhc.gov.cn/xjhc/c116834/202410/a29382e11a674da3be3353af65f9fcc5.shtml"",""attachment_url"":""https://www.xjhc.gov.cn/xjhc/c116834/202410/a29382e11a674da3be3353af65f9fcc5/files/0536cef86e2b46ddad6aae5a3780089e.xls"",""local_source_file"":""2025_guokao_zhaokaojianzhang.xls"",""local_source_sha256"":""07ae6cab368cd21b7a1ac3e8150fe9a3d39ad5171ce76135ff3cccfe50c3e77e"",""source_sheet"":""中央国家行政机关省级以下直属机构"",""filter_version"":""government_tech_v2"",""tech_filter"":{""is_tech"":true,""is_core_tech"":true,""scope"":""core"",""categories"":[""computer_software"",""cybersecurity_cryptography""],""matched_fields"":[""major"",""description""],""major_terms"":[""信息安全"",""大数据"",""数据科学与大数据技术"",""网络工程"",""计算机科学与技术"",""计算机类"",""软件工程""],""role_terms"":[""信息科技"",""信息系统"",""软硬件""],""reason"":""tech_major_and_role""},""original"":{""部门代码"":""132125"",""部门名称"":""国家金融监督管理总局云南监管局"",""用人司局"":""国家金融监督管理总局镇康监管支局"",""机构性质"":""中央国家行政机关省级以下直属机构"",""招考职位"":""统计信息部门一级主任科员及以下"",""职位属性"":""金融监管计算机类职位"",""职位分布"":""西部地区和艰苦边远地区职位"",""职位简介"":""主要从事金融信息科技风险监管、电子设备软硬件管理及信息系统运行维护等工作"",""职位代码"":""300147682001"",""机构层级"":""县（区）级及以下"",""考试类别"":""市（地）级及以下直属机构综合管理类"",""招考人数"":""1"",""专业"":""计算机类（计算机科学与技术、软件工程、网络工程、信息安全、数据科学与大数据技术）、管理科学与工程类（管理科学、信息管理与信息系统、大数据管理与应用、计算金融）"",""学历"":""仅限本科"",""学位"":""学士"",""政治面貌"":""不限"",""基层工作最低年限"":""无限制"",""服务基层项目工作经历"":""无限制"",""是否在面试阶段组织专业能力测试"":""否"",""面试人员比例"":""3:1"",""工作地点"":""云南省临沧市镇康县"",""落户地点"":""云南省临沧市镇康县"",""备注"":""1.报名时请在专业栏中同时填写专业名称和专业代码；2.限应届高校毕业生报考，请在备注栏中注明本人具有应届高校毕业生身份；3.限云南省户口；4.要求本科学历大学英语四级成绩425分及以上，请在外语水平栏中注明成绩；5.最低服务年限五年（含试用期）；6.落户须符合当地有关政策，单位无法办理集体户口；7.专业考试信息请参见国家金融监督管理总局2025年度招考公告。"",""部门网站"":""http://www.cbirc.gov.cn/"",""咨询电话1"":""0871-64622327"",""咨询电话2"":""0871-64622067"",""咨询电话3"":""0871-64622382"",""来源Sheet"":""中央国家行政机关省级以下直属机构""}}"
"government_jobs","国家公务员2025招考简章","公务员/事业单位技术岗位","云南省临沧市耿马傣族佤族自治县","2026-07-28T09:12:58.310295+00:00","统计信息部门一级主任科员及以下","国家金融监督管理总局云南监管局","","云南省临沧市耿马傣族佤族自治县","公务员/事业单位;2025;computer_software;cybersecurity_cryptography;仅限本科;学士;计算机类（计算机科学与技术、软件工程、网络工程、信息安全、数据科学与大数据技术）、管理科学与工程类（管理科学、信息管理与信息系统、大数据管理与应用、计算金融）;市（地）级及以下直属机构综合管理类","用人司局：国家金融监督管理总局耿马监管支局
职位简介：主要从事金融信息科技风险监管、电子设备软硬件管理及信息系统运行维护等工作
专业要求：计算机类（计算机科学与技术、软件工程、网络工程、信息安全、数据科学与大数据技术）、管理科学与工程类（管理科学、信息管理与信息系统、大数据管理与应用、计算金融）
学历要求：仅限本科
学位要求：学士
政治面貌：不限
基层工作经历：无限制
考试类别：市（地）级及以下直属机构综合管理类
备注：1.报名时请在专业栏中同时填写专业名称和专业代码；2.限应届高校毕业生报考，请在备注栏中注明本人具有应届高校毕业生身份；3.限云南省户口；4.要求本科学历大学英语四级成绩425分及以上，请在外语水平栏中注明成绩；5.最低服务年限五年（含试用期）；6.落户须符合当地有关政策，单位无法办理集体户口；7.专业考试信息请参见国家金融监督管理总局2025年度招考公告。","https://www.xjhc.gov.cn/xjhc/c116834/202410/a29382e11a674da3be3353af65f9fcc5.shtml#132125-300147683001","2024-10-14","{""dataset_year"":2025,""job_uid"":""GOV-2025-132125-300147683001"",""publisher"":""国家公务员局"",""publication_page"":""https://www.xjhc.gov.cn/xjhc/c116834/202410/a29382e11a674da3be3353af65f9fcc5.shtml"",""attachment_url"":""https://www.xjhc.gov.cn/xjhc/c116834/202410/a29382e11a674da3be3353af65f9fcc5/files/0536cef86e2b46ddad6aae5a3780089e.xls"",""local_source_file"":""2025_guokao_zhaokaojianzhang.xls"",""local_source_sha256"":""07ae6cab368cd21b7a1ac3e8150fe9a3d39ad5171ce76135ff3cccfe50c3e77e"",""source_sheet"":""中央国家行政机关省级以下直属机构"",""filter_version"":""government_tech_v2"",""tech_filter"":{""is_tech"":true,""is_core_tech"":true,""scope"":""core"",""categories"":[""computer_software"",""cybersecurity_cryptography""],""matched_fields"":[""major"",""description""],""major_terms"":[""信息安全"",""大数据"",""数据科学与大数据技术"",""网络工程"",""计算机科学与技术"",""计算机类"",""软件工程""],""role_terms"":[""信息科技"",""信息系统"",""软硬件""],""reason"":""tech_major_and_role""},""original"":{""部门代码"":""132125"",""部门名称"":""国家金融监督管理总局云南监管局"",""用人司局"":""国家金融监督管理总局耿马监管支局"",""机构性质"":""中央国家行政机关省级以下直属机构"",""招考职位"":""统计信息部门一级主任科员及以下"",""职位属性"":""金融监管计算机类职位"",""职位分布"":""西部地区和艰苦边远地区职位"",""职位简介"":""主要从事金融信息科技风险监管、电子设备软硬件管理及信息系统运行维护等工作"",""职位代码"":""300147683001"",""机构层级"":""县（区）级及以下"",""考试类别"":""市（地）级及以下直属机构综合管理类"",""招考人数"":""1"",""专业"":""计算机类（计算机科学与技术、软件工程、网络工程、信息安全、数据科学与大数据技术）、管理科学与工程类（管理科学、信息管理与信息系统、大数据管理与应用、计算金融）"",""学历"":""仅限本科"",""学位"":""学士"",""政治面貌"":""不限"",""基层工作最低年限"":""无限制"",""服务基层项目工作经历"":""无限制"",""是否在面试阶段组织专业能力测试"":""否"",""面试人员比例"":""3:1"",""工作地点"":""云南省临沧市耿马傣族佤族自治县"",""落户地点"":""云南省临沧市耿马傣族佤族自治县"",""备注"":""1.报名时请在专业栏中同时填写专业名称和专业代码；2.限应届高校毕业生报考，请在备注栏中注明本人具有应届高校毕业生身份；3.限云南省户口；4.要求本科学历大学英语四级成绩425分及以上，请在外语水平栏中注明成绩；5.最低服务年限五年（含试用期）；6.落户须符合当地有关政策，单位无法办理集体户口；7.专业考试信息请参见国家金融监督管理总局2025年度招考公告。"",""部门网站"":""http://www.cbirc.gov.cn/"",""咨询电话1"":""0871-64622327"",""咨询电话2"":""0871-64622067"",""咨询电话3"":""0871-64622382"",""来源Sheet"":""中央国家行政机关省级以下直属机构""}}"
"government_jobs","国家公务员2025招考简章","公务员/事业单位技术岗位","云南省文山壮族苗族自治州麻栗坡县","2026-07-28T09:12:58.310295+00:00","统计信息部门一级主任科员及以下","国家金融监督管理总局云南监管局","","云南省文山壮族苗族自治州麻栗坡县","公务员/事业单位;2025;computer_software;cybersecurity_cryptography;仅限本科;学士;计算机类（计算机科学与技术、软件工程、网络工程、信息安全、数据科学与大数据技术）、管理科学与工程类（管理科学、信息管理与信息系统、大数据管理与应用、计算金融）;市（地）级及以下直属机构综合管理类","用人司局：国家金融监督管理总局麻栗坡监管支局
职位简介：主要从事金融信息科技风险监管、电子设备软硬件管理及信息系统运行维护等工作
专业要求：计算机类（计算机科学与技术、软件工程、网络工程、信息安全、数据科学与大数据技术）、管理科学与工程类（管理科学、信息管理与信息系统、大数据管理与应用、计算金融）
学历要求：仅限本科
学位要求：学士
政治面貌：不限
基层工作经历：无限制
考试类别：市（地）级及以下直属机构综合管理类
备注：1.报名时请在专业栏中同时填写专业名称和专业代码；2.限应届高校毕业生报考，请在备注栏中注明本人具有应届高校毕业生身份；3.要求本科学历大学英语四级成绩425分及以上，请在外语水平栏中注明成绩；4.最低服务年限五年（含试用期）；5.落户须符合当地有关政策，单位无法办理集体户口；6.专业考试信息请参见国家金融监督管理总局2025年度招考公告。","https://www.xjhc.gov.cn/xjhc/c116834/202410/a29382e11a674da3be3353af65f9fcc5.shtml#132125-300147685001","2024-10-14","{""dataset_year"":2025,""job_uid"":""GOV-2025-132125-300147685001"",""publisher"":""国家公务员局"",""publication_page"":""https://www.xjhc.gov.cn/xjhc/c116834/202410/a29382e11a674da3be3353af65f9fcc5.shtml"",""attachment_url"":""https://www.xjhc.gov.cn/xjhc/c116834/202410/a29382e11a674da3be3353af65f9fcc5/files/0536cef86e2b46ddad6aae5a3780089e.xls"",""local_source_file"":""2025_guokao_zhaokaojianzhang.xls"",""local_source_sha256"":""07ae6cab368cd21b7a1ac3e8150fe9a3d39ad5171ce76135ff3cccfe50c3e77e"",""source_sheet"":""中央国家行政机关省级以下直属机构"",""filter_version"":""government_tech_v2"",""tech_filter"":{""is_tech"":true,""is_core_tech"":true,""scope"":""core"",""categories"":[""computer_software"",""cybersecurity_cryptography""],""matched_fields"":[""major"",""description""],""major_terms"":[""信息安全"",""大数据"",""数据科学与大数据技术"",""网络工程"",""计算机科学与技术"",""计算机类"",""软件工程""],""role_terms"":[""信息科技"",""信息系统"",""软硬件""],""reason"":""tech_major_and_role""},""original"":{""部门代码"":""132125"",""部门名称"":""国家金融监督管理总局云南监管局"",""用人司局"":""国家金融监督管理总局麻栗坡监管支局"",""机构性质"":""中央国家行政机关省级以下直属机构"",""招考职位"":""统计信息部门一级主任科员及以下"",""职位属性"":""金融监管计算机类职位"",""职位分布"":""西部地区和艰苦边远地区职位"",""职位简介"":""主要从事金融信息科技风险监管、电子设备软硬件管理及信息系统运行维护等工作"",""职位代码"":""300147685001"",""机构层级"":""县（区）级及以下"",""考试类别"":""市（地）级及以下直属机构综合管理类"",""招考人数"":""1"",""专业"":""计算机类（计算机科学与技术、软件工程、网络工程、信息安全、数据科学与大数据技术）、管理科学与工程类（管理科学、信息管理与信息系统、大数据管理与应用、计算金融）"",""学历"":""仅限本科"",""学位"":""学士"",""政治面貌"":""不限"",""基层工作最低年限"":""无限制"",""服务基层项目工作经历"":""无限制"",""是否在面试阶段组织专业能力测试"":""否"",""面试人员比例"":""3:1"",""工作地点"":""云南省文山壮族苗族自治州麻栗坡县"",""落户地点"":""云南省文山壮族苗族自治州麻栗坡县"",""备注"":""1.报名时请在专业栏中同时填写专业名称和专业代码；2.限应届高校毕业生报考，请在备注栏中注明本人具有应届高校毕业生身份；3.要求本科学历大学英语四级成绩425分及以上，请在外语水平栏中注明成绩；4.最低服务年限五年（含试用期）；5.落户须符合当地有关政策，单位无法办理集体户口；6.专业考试信息请参见国家金融监督管理总局2025年度招考公告。"",""部门网站"":""http://www.cbirc.gov.cn/"",""咨询电话1"":""0871-64622327"",""咨询电话2"":""0871-64622067"",""咨询电话3"":""0871-64622382"",""来源Sheet"":""中央国家行政机关省级以下直属机构""}}"
"government_jobs","国家公务员2025招考简章","公务员/事业单位技术岗位","云南省玉溪市江川区","2026-07-28T09:12:58.310295+00:00","统计信息部门一级主任科员及以下","国家金融监督管理总局云南监管局","","云南省玉溪市江川区","公务员/事业单位;2025;computer_software;cybersecurity_cryptography;仅限本科;学士;计算机类（计算机科学与技术、软件工程、网络工程、信息安全、数据科学与大数据技术）、管理科学与工程类（管理科学、信息管理与信息系统、大数据管理与应用、计算金融）;市（地）级及以下直属机构综合管理类","用人司局：国家金融监督管理总局江川监管支局
职位简介：主要从事金融信息科技风险监管、电子设备软硬件管理及信息系统运行维护等工作
专业要求：计算机类（计算机科学与技术、软件工程、网络工程、信息安全、数据科学与大数据技术）、管理科学与工程类（管理科学、信息管理与信息系统、大数据管理与应用、计算金融）
学历要求：仅限本科
学位要求：学士
政治面貌：不限
基层工作经历：无限制
考试类别：市（地）级及以下直属机构综合管理类
备注：1.报名时请在专业栏中同时填写专业名称和专业代码；2.限应届高校毕业生报考，请在备注栏中注明本人具有应届高校毕业生身份；3.要求本科学历大学英语四级成绩425分及以上，请在外语水平栏中注明成绩；4.最低服务年限五年（含试用期）；5.落户须符合当地有关政策，单位无法办理集体户口；6.专业考试信息请参见国家金融监督管理总局2025年度招考公告。","https://www.xjhc.gov.cn/xjhc/c116834/202410/a29382e11a674da3be3353af65f9fcc5.shtml#132125-300147686001","2024-10-14","{""dataset_year"":2025,""job_uid"":""GOV-2025-132125-300147686001"",""publisher"":""国家公务员局"",""publication_page"":""https://www.xjhc.gov.cn/xjhc/c116834/202410/a29382e11a674da3be3353af65f9fcc5.shtml"",""attachment_url"":""https://www.xjhc.gov.cn/xjhc/c116834/202410/a29382e11a674da3be3353af65f9fcc5/files/0536cef86e2b46ddad6aae5a3780089e.xls"",""local_source_file"":""2025_guokao_zhaokaojianzhang.xls"",""local_source_sha256"":""07ae6cab368cd21b7a1ac3e8150fe9a3d39ad5171ce76135ff3cccfe50c3e77e"",""source_sheet"":""中央国家行政机关省级以下直属机构"",""filter_version"":""government_tech_v2"",""tech_filter"":{""is_tech"":true,""is_core_tech"":true,""scope"":""core"",""categories"":[""computer_software"",""cybersecurity_cryptography""],""matched_fields"":[""major"",""description""],""major_terms"":[""信息安全"",""大数据"",""数据科学与大数据技术"",""网络工程"",""计算机科学与技术"",""计算机类"",""软件工程""],""role_terms"":[""信息科技"",""信息系统"",""软硬件""],""reason"":""tech_major_and_role""},""original"":{""部门代码"":""132125"",""部门名称"":""国家金融监督管理总局云南监管局"",""用人司局"":""国家金融监督管理总局江川监管支局"",""机构性质"":""中央国家行政机关省级以下直属机构"",""招考职位"":""统计信息部门一级主任科员及以下"",""职位属性"":""金融监管计算机类职位"",""职位分布"":""西部地区和艰苦边远地区职位"",""职位简介"":""主要从事金融信息科技风险监管、电子设备软硬件管理及信息系统运行维护等工作"",""职位代码"":""300147686001"",""机构层级"":""县（区）级及以下"",""考试类别"":""市（地）级及以下直属机构综合管理类"",""招考人数"":""1"",""专业"":""计算机类（计算机科学与技术、软件工程、网络工程、信息安全、数据科学与大数据技术）、管理科学与工程类（管理科学、信息管理与信息系统、大数据管理与应用、计算金融）"",""学历"":""仅限本科"",""学位"":""学士"",""政治面貌"":""不限"",""基层工作最低年限"":""无限制"",""服务基层项目工作经历"":""无限制"",""是否在面试阶段组织专业能力测试"":""否"",""面试人员比例"":""3:1"",""工作地点"":""云南省玉溪市江川区"",""落户地点"":""云南省玉溪市江川区"",""备注"":""1.报名时请在专业栏中同时填写专业名称和专业代码；2.限应届高校毕业生报考，请在备注栏中注明本人具有应届高校毕业生身份；3.要求本科学历大学英语四级成绩425分及以上，请在外语水平栏中注明成绩；4.最低服务年限五年（含试用期）；5.落户须符合当地有关政策，单位无法办理集体户口；6.专业考试信息请参见国家金融监督管理总局2025年度招考公告。"",""部门网站"":""http://www.cbirc.gov.cn/"",""咨询电话1"":""0871-64622327"",""咨询电话2"":""0871-64622067"",""咨询电话3"":""0871-64622382"",""来源Sheet"":""中央国家行政机关省级以下直属机构""}}"
"government_jobs","国家公务员2025招考简章","公务员/事业单位技术岗位","西藏自治区拉萨市","2026-07-28T09:12:58.310295+00:00","统计信息部门一级主任科员及以下","国家金融监督管理总局西藏监管局","","西藏自治区拉萨市","公务员/事业单位;2025;computer_software;仅限本科;学士;计算机类;中央机关及其省级直属机构综合管理类","用人司局：国家金融监督管理总局西藏监管局
职位简介：主要从事金融信息科技风险监管、电子设备软硬件管理及信息系统运行维护等工作
专业要求：计算机类
学历要求：仅限本科
学位要求：学士
政治面貌：不限
基层工作经历：二年
考试类别：中央机关及其省级直属机构综合管理类
备注：1.报名时请在专业栏中同时填写专业名称和专业代码；2.要求本科学历大学英语四级成绩425分及以上，请在外语水平栏中注明成绩；3.专业考试信息请参见国家金融监督管理总局2025年度招考公告。","https://www.xjhc.gov.cn/xjhc/c116834/202410/a29382e11a674da3be3353af65f9fcc5.shtml#132126-300147689001","2024-10-14","{""dataset_year"":2025,""job_uid"":""GOV-2025-132126-300147689001"",""publisher"":""国家公务员局"",""publication_page"":""https://www.xjhc.gov.cn/xjhc/c116834/202410/a29382e11a674da3be3353af65f9fcc5.shtml"",""attachment_url"":""https://www.xjhc.gov.cn/xjhc/c116834/202410/a29382e11a674da3be3353af65f9fcc5/files/0536cef86e2b46ddad6aae5a3780089e.xls"",""local_source_file"":""2025_guokao_zhaokaojianzhang.xls"",""local_source_sha256"":""07ae6cab368cd21b7a1ac3e8150fe9a3d39ad5171ce76135ff3cccfe50c3e77e"",""source_sheet"":""中央国家行政机关省级以下直属机构"",""filter_version"":""government_tech_v2"",""tech_filter"":{""is_tech"":true,""is_core_tech"":true,""scope"":""core"",""categories"":[""computer_software""],""matched_fields"":[""major"",""description""],""major_terms"":[""计算机类""],""role_terms"":[""信息科技"",""信息系统"",""软硬件""],""reason"":""tech_major_and_role""},""original"":{""部门代码"":""132126"",""部门名称"":""国家金融监督管理总局西藏监管局"",""用人司局"":""国家金融监督管理总局西藏监管局"",""机构性质"":""中央国家行政机关省级以下直属机构"",""招考职位"":""统计信息部门一级主任科员及以下"",""职位属性"":""金融监管计算机类职位"",""职位分布"":""其他职位"",""职位简介"":""主要从事金融信息科技风险监管、电子设备软硬件管理及信息系统运行维护等工作"",""职位代码"":""300147689001"",""机构层级"":""省（副省）级"",""考试类别"":""中央机关及其省级直属机构综合管理类"",""招考人数"":""1"",""专业"":""计算机类"",""学历"":""仅限本科"",""学位"":""学士"",""政治面貌"":""不限"",""基层工作最低年限"":""二年"",""服务基层项目工作经历"":""无限制"",""是否在面试阶段组织专业能力测试"":""否"",""面试人员比例"":""4:1"",""工作地点"":""西藏自治区拉萨市"",""落户地点"":""西藏自治区拉萨市"",""备注"":""1.报名时请在专业栏中同时填写专业名称和专业代码；2.要求本科学历大学英语四级成绩425分及以上，请在外语水平栏中注明成绩；3.专业考试信息请参见国家金融监督管理总局2025年度招考公告。"",""部门网站"":""http://www.cbirc.gov.cn/"",""咨询电话1"":""0891-6953087"",""咨询电话2"":""0891-6855787"",""咨询电话3"":""0891-6855764"",""来源Sheet"":""中央国家行政机关省级以下直属机构""}}"
"government_jobs","国家公务员2025招考简章","公务员/事业单位技术岗位","陕西省西安市","2026-07-28T09:12:58.310295+00:00","监管部门一级主任科员及以下","国家金融监督管理总局陕西监管局","","陕西省西安市","公务员/事业单位;2025;computer_software;仅限硕士研究生;硕士;计算机科学与技术、软件工程;中央机关及其省级直属机构综合管理类","用人司局：国家金融监督管理总局陕西监管局
职位简介：主要从事金融信息科技风险监管、电子设备软硬件管理及信息系统运行维护等工作
专业要求：计算机科学与技术、软件工程
学历要求：仅限硕士研究生
学位要求：硕士
政治面貌：不限
基层工作经历：二年
考试类别：中央机关及其省级直属机构综合管理类
备注：1.报名时请在专业栏中同时填写专业名称和专业代码；2.要求研究生学历大学英语六级成绩425分及以上，请在外语水平栏中注明成绩；3.要求有2年以上基层工作经历，请在简历栏中注明相关经历；4.专业考试信息请参见国家金融监督管理总局2025年度招考公告。","https://www.xjhc.gov.cn/xjhc/c116834/202410/a29382e11a674da3be3353af65f9fcc5.shtml#132127-300147690001","2024-10-14","{""dataset_year"":2025,""job_uid"":""GOV-2025-132127-300147690001"",""publisher"":""国家公务员局"",""publication_page"":""https://www.xjhc.gov.cn/xjhc/c116834/202410/a29382e11a674da3be3353af65f9fcc5.shtml"",""attachment_url"":""https://www.xjhc.gov.cn/xjhc/c116834/202410/a29382e11a674da3be3353af65f9fcc5/files/0536cef86e2b46ddad6aae5a3780089e.xls"",""local_source_file"":""2025_guokao_zhaokaojianzhang.xls"",""local_source_sha256"":""07ae6cab368cd21b7a1ac3e8150fe9a3d39ad5171ce76135ff3cccfe50c3e77e"",""source_sheet"":""中央国家行政机关省级以下直属机构"",""filter_version"":""government_tech_v2"",""tech_filter"":{""is_tech"":true,""is_core_tech"":true,""scope"":""core"",""categories"":[""computer_software""],""matched_fields"":[""major"",""description""],""major_terms"":[""计算机科学与技术"",""软件工程""],""role_terms"":[""信息科技"",""信息系统"",""软硬件""],""reason"":""tech_major_and_role""},""original"":{""部门代码"":""132127"",""部门名称"":""国家金融监督管理总局陕西监管局"",""用人司局"":""国家金融监督管理总局陕西监管局"",""机构性质"":""中央国家行政机关省级以下直属机构"",""招考职位"":""监管部门一级主任科员及以下"",""职位属性"":""金融监管计算机类职位"",""职位分布"":""其他职位"",""职位简介"":""主要从事金融信息科技风险监管、电子设备软硬件管理及信息系统运行维护等工作"",""职位代码"":""300147690001"",""机构层级"":""省（副省）级"",""考试类别"":""中央机关及其省级直属机构综合管理类"",""招考人数"":""1"",""专业"":""计算机科学与技术、软件工程"",""学历"":""仅限硕士研究生"",""学位"":""硕士"",""政治面貌"":""不限"",""基层工作最低年限"":""二年"",""服务基层项目工作经历"":""无限制"",""是否在面试阶段组织专业能力测试"":""否"",""面试人员比例"":""4:1"",""工作地点"":""陕西省西安市"",""落户地点"":""陕西省西安市"",""备注"":""1.报名时请在专业栏中同时填写专业名称和专业代码；2.要求研究生学历大学英语六级成绩425分及以上，请在外语水平栏中注明成绩；3.要求有2年以上基层工作经历，请在简历栏中注明相关经历；4.专业考试信息请参见国家金融监督管理总局2025年度招考公告。"",""部门网站"":""http://www.cbirc.gov.cn/"",""咨询电话1"":""029-88336521"",""咨询电话2"":""029-88335625"",""咨询电话3"":""029-88336530"",""来源Sheet"":""中央国家行政机关省级以下直属机构""}}"
"government_jobs","国家公务员2025招考简章","公务员/事业单位技术岗位","陕西省西安市","2026-07-28T09:12:58.310295+00:00","监管部门一级主任科员及以下","国家金融监督管理总局陕西监管局","","陕西省西安市","公务员/事业单位;2025;computer_software;仅限硕士研究生;硕士;计算机科学与技术、软件工程;中央机关及其省级直属机构综合管理类","用人司局：国家金融监督管理总局陕西监管局
职位简介：主要从事金融信息科技风险监管、电子设备软硬件管理及信息系统运行维护等工作
专业要求：计算机科学与技术、软件工程
学历要求：仅限硕士研究生
学位要求：硕士
政治面貌：不限
基层工作经历：二年
考试类别：中央机关及其省级直属机构综合管理类
备注：1.报名时请在专业栏中同时填写专业名称和专业代码；2.要求研究生学历大学英语六级成绩425分及以上，请在外语水平栏中注明成绩；3.要求有2年以上金融业机构从业经历，请在简历栏中注明相关经历；4.专业考试信息请参见国家金融监督管理总局2025年度招考公告。","https://www.xjhc.gov.cn/xjhc/c116834/202410/a29382e11a674da3be3353af65f9fcc5.shtml#132127-300147690002","2024-10-14","{""dataset_year"":2025,""job_uid"":""GOV-2025-132127-300147690002"",""publisher"":""国家公务员局"",""publication_page"":""https://www.xjhc.gov.cn/xjhc/c116834/202410/a29382e11a674da3be3353af65f9fcc5.shtml"",""attachment_url"":""https://www.xjhc.gov.cn/xjhc/c116834/202410/a29382e11a674da3be3353af65f9fcc5/files/0536cef86e2b46ddad6aae5a3780089e.xls"",""local_source_file"":""2025_guokao_zhaokaojianzhang.xls"",""local_source_sha256"":""07ae6cab368cd21b7a1ac3e8150fe9a3d39ad5171ce76135ff3cccfe50c3e77e"",""source_sheet"":""中央国家行政机关省级以下直属机构"",""filter_version"":""government_tech_v2"",""tech_filter"":{""is_tech"":true,""is_core_tech"":true,""scope"":""core"",""categories"":[""computer_software""],""matched_fields"":[""major"",""description""],""major_terms"":[""计算机科学与技术"",""软件工程""],""role_terms"":[""信息科技"",""信息系统"",""软硬件""],""reason"":""tech_major_and_role""},""original"":{""部门代码"":""132127"",""部门名称"":""国家金融监督管理总局陕西监管局"",""用人司局"":""国家金融监督管理总局陕西监管局"",""机构性质"":""中央国家行政机关省级以下直属机构"",""招考职位"":""监管部门一级主任科员及以下"",""职位属性"":""金融监管计算机类职位"",""职位分布"":""其他职位"",""职位简介"":""主要从事金融信息科技风险监管、电子设备软硬件管理及信息系统运行维护等工作"",""职位代码"":""300147690002"",""机构层级"":""省（副省）级"",""考试类别"":""中央机关及其省级直属机构综合管理类"",""招考人数"":""1"",""专业"":""计算机科学与技术、软件工程"",""学历"":""仅限硕士研究生"",""学位"":""硕士"",""政治面貌"":""不限"",""基层工作最低年限"":""二年"",""服务基层项目工作经历"":""无限制"",""是否在面试阶段组织专业能力测试"":""否"",""面试人员比例"":""4:1"",""工作地点"":""陕西省西安市"",""落户地点"":""陕西省西安市"",""备注"":""1.报名时请在专业栏中同时填写专业名称和专业代码；2.要求研究生学历大学英语六级成绩425分及以上，请在外语水平栏中注明成绩；3.要求有2年以上金融业机构从业经历，请在简历栏中注明相关经历；4.专业考试信息请参见国家金融监督管理总局2025年度招考公告。"",""部门网站"":""http://www.cbirc.gov.cn/"",""咨询电话1"":""029-88336521"",""咨询电话2"":""029-88335625"",""咨询电话3"":""029-88336530"",""来源Sheet"":""中央国家行政机关省级以下直属机构""}}"
"government_jobs","国家公务员2025招考简章","公务员/事业单位技术岗位","陕西省西安市蓝田县","2026-07-28T09:12:58.310295+00:00","监管部门一级主任科员及以下","国家金融监督管理总局陕西监管局","","陕西省西安市蓝田县","公务员/事业单位;2025;computer_software;本科及以上;与最高学历相对应的学位;以本科专业报考：计算机科学与技术、软件工程、网络工程、数据科学与大数据技术专业；以研究生专业报考：计算机科学与技术、软件工程;市（地）级及以下直属机构综合管理类","用人司局：国家金融监督管理总局蓝田监管支局
职位简介：主要从事金融信息科技风险监管、电子设备软硬件管理及信息系统运行维护等工作
专业要求：以本科专业报考：计算机科学与技术、软件工程、网络工程、数据科学与大数据技术专业；以研究生专业报考：计算机科学与技术、软件工程
学历要求：本科及以上
学位要求：与最高学历相对应的学位
政治面貌：不限
基层工作经历：无限制
考试类别：市（地）级及以下直属机构综合管理类
备注：1.报名时请在专业栏中同时填写专业名称和专业代码，本科双学士主修专业需符合岗位专业需求；2.限应届高校毕业生报考，请在备注栏中注明本人具有应届高校毕业生身份；3.要求大学英语四级成绩425分及以上，请在外语水平栏中注明成绩；4.专业考试信息请参见国家金融监督管理总局2025年度招考公告。","https://www.xjhc.gov.cn/xjhc/c116834/202410/a29382e11a674da3be3353af65f9fcc5.shtml#132127-300147692001","2024-10-14","{""dataset_year"":2025,""job_uid"":""GOV-2025-132127-300147692001"",""publisher"":""国家公务员局"",""publication_page"":""https://www.xjhc.gov.cn/xjhc/c116834/202410/a29382e11a674da3be3353af65f9fcc5.shtml"",""attachment_url"":""https://www.xjhc.gov.cn/xjhc/c116834/202410/a29382e11a674da3be3353af65f9fcc5/files/0536cef86e2b46ddad6aae5a3780089e.xls"",""local_source_file"":""2025_guokao_zhaokaojianzhang.xls"",""local_source_sha256"":""07ae6cab368cd21b7a1ac3e8150fe9a3d39ad5171ce76135ff3cccfe50c3e77e"",""source_sheet"":""中央国家行政机关省级以下直属机构"",""filter_version"":""government_tech_v2"",""tech_filter"":{""is_tech"":true,""is_core_tech"":true,""scope"":""core"",""categories"":[""computer_software""],""matched_fields"":[""major"",""description""],""major_terms"":[""大数据"",""数据科学与大数据技术"",""网络工程"",""计算机科学与技术"",""软件工程""],""role_terms"":[""信息科技"",""信息系统"",""软硬件""],""reason"":""tech_major_and_role""},""original"":{""部门代码"":""132127"",""部门名称"":""国家金融监督管理总局陕西监管局"",""用人司局"":""国家金融监督管理总局蓝田监管支局"",""机构性质"":""中央国家行政机关省级以下直属机构"",""招考职位"":""监管部门一级主任科员及以下"",""职位属性"":""金融监管计算机类职位"",""职位分布"":""西部地区和艰苦边远地区职位"",""职位简介"":""主要从事金融信息科技风险监管、电子设备软硬件管理及信息系统运行维护等工作"",""职位代码"":""300147692001"",""机构层级"":""县（区）级及以下"",""考试类别"":""市（地）级及以下直属机构综合管理类"",""招考人数"":""1"",""专业"":""以本科专业报考：计算机科学与技术、软件工程、网络工程、数据科学与大数据技术专业；以研究生专业报考：计算机科学与技术、软件工程"",""学历"":""本科及以上"",""学位"":""与最高学历相对应的学位"",""政治面貌"":""不限"",""基层工作最低年限"":""无限制"",""服务基层项目工作经历"":""无限制"",""是否在面试阶段组织专业能力测试"":""否"",""面试人员比例"":""3:1"",""工作地点"":""陕西省西安市蓝田县"",""落户地点"":""陕西省西安市蓝田县"",""备注"":""1.报名时请在专业栏中同时填写专业名称和专业代码，本科双学士主修专业需符合岗位专业需求；2.限应届高校毕业生报考，请在备注栏中注明本人具有应届高校毕业生身份；3.要求大学英语四级成绩425分及以上，请在外语水平栏中注明成绩；4.专业考试信息请参见国家金融监督管理总局2025年度招考公告。"",""部门网站"":""http://www.cbirc.gov.cn/"",""咨询电话1"":""029-88336521"",""咨询电话2"":""029-88335625"",""咨询电话3"":""029-88336530"",""来源Sheet"":""中央国家行政机关省级以下直属机构""}}"
"government_jobs","国家公务员2025招考简章","公务员/事业单位技术岗位","陕西省咸阳市","2026-07-28T09:12:58.310295+00:00","统计信息部门一级主任科员及以下","国家金融监督管理总局陕西监管局","","陕西省咸阳市","公务员/事业单位;2025;computer_software;本科及以上;与最高学历相对应的学位;以本科专业报考：计算机科学与技术、软件工程、网络工程、数据科学与大数据技术专业；以研究生专业报考：计算机科学与技术、软件工程;市（地）级及以下直属机构综合管理类","用人司局：国家金融监督管理总局咸阳监管分局
职位简介：主要从事金融信息科技风险监管、电子设备软硬件管理及信息系统运行维护等工作
专业要求：以本科专业报考：计算机科学与技术、软件工程、网络工程、数据科学与大数据技术专业；以研究生专业报考：计算机科学与技术、软件工程
学历要求：本科及以上
学位要求：与最高学历相对应的学位
政治面貌：不限
基层工作经历：无限制
考试类别：市（地）级及以下直属机构综合管理类
备注：1.报名时请在专业栏中同时填写专业名称和专业代码，本科双学士主修专业需符合岗位专业需求；2.限应届高校毕业生报考，请在备注栏中注明本人具有应届高校毕业生身份；3.要求大学英语四级成绩425分及以上，请在外语水平栏中注明成绩；4.专业考试信息请参见国家金融监督管理总局2025年度招考公告。","https://www.xjhc.gov.cn/xjhc/c116834/202410/a29382e11a674da3be3353af65f9fcc5.shtml#132127-300147693001","2024-10-14","{""dataset_year"":2025,""job_uid"":""GOV-2025-132127-300147693001"",""publisher"":""国家公务员局"",""publication_page"":""https://www.xjhc.gov.cn/xjhc/c116834/202410/a29382e11a674da3be3353af65f9fcc5.shtml"",""attachment_url"":""https://www.xjhc.gov.cn/xjhc/c116834/202410/a29382e11a674da3be3353af65f9fcc5/files/0536cef86e2b46ddad6aae5a3780089e.xls"",""local_source_file"":""2025_guokao_zhaokaojianzhang.xls"",""local_source_sha256"":""07ae6cab368cd21b7a1ac3e8150fe9a3d39ad5171ce76135ff3cccfe50c3e77e"",""source_sheet"":""中央国家行政机关省级以下直属机构"",""filter_version"":""government_tech_v2"",""tech_filter"":{""is_tech"":true,""is_core_tech"":true,""scope"":""core"",""categories"":[""computer_software""],""matched_fields"":[""major"",""description""],""major_terms"":[""大数据"",""数据科学与大数据技术"",""网络工程"",""计算机科学与技术"",""软件工程""],""role_terms"":[""信息科技"",""信息系统"",""软硬件""],""reason"":""tech_major_and_role""},""original"":{""部门代码"":""132127"",""部门名称"":""国家金融监督管理总局陕西监管局"",""用人司局"":""国家金融监督管理总局咸阳监管分局"",""机构性质"":""中央国家行政机关省级以下直属机构"",""招考职位"":""统计信息部门一级主任科员及以下"",""职位属性"":""金融监管计算机类职位"",""职位分布"":""西部地区和艰苦边远地区职位"",""职位简介"":""主要从事金融信息科技风险监管、电子设备软硬件管理及信息系统运行维护等工作"",""职位代码"":""300147693001"",""机构层级"":""市（地）级"",""考试类别"":""市（地）级及以下直属机构综合管理类"",""招考人数"":""2"",""专业"":""以本科专业报考：计算机科学与技术、软件工程、网络工程、数据科学与大数据技术专业；以研究生专业报考：计算机科学与技术、软件工程"",""学历"":""本科及以上"",""学位"":""与最高学历相对应的学位"",""政治面貌"":""不限"",""基层工作最低年限"":""无限制"",""服务基层项目工作经历"":""无限制"",""是否在面试阶段组织专业能力测试"":""否"",""面试人员比例"":""3:1"",""工作地点"":""陕西省咸阳市"",""落户地点"":""陕西省咸阳市"",""备注"":""1.报名时请在专业栏中同时填写专业名称和专业代码，本科双学士主修专业需符合岗位专业需求；2.限应届高校毕业生报考，请在备注栏中注明本人具有应届高校毕业生身份；3.要求大学英语四级成绩425分及以上，请在外语水平栏中注明成绩；4.专业考试信息请参见国家金融监督管理总局2025年度招考公告。"",""部门网站"":""http://www.cbirc.gov.cn/"",""咨询电话1"":""029-88336521"",""咨询电话2"":""029-88335625"",""咨询电话3"":""029-88336530"",""来源Sheet"":""中央国家行政机关省级以下直属机构""}}"
"government_jobs","国家公务员2025招考简章","公务员/事业单位技术岗位","陕西省铜川市","2026-07-28T09:12:58.310295+00:00","统计信息部门一级主任科员及以下","国家金融监督管理总局陕西监管局","","陕西省铜川市","公务员/事业单位;2025;computer_software;本科及以上;与最高学历相对应的学位;以本科专业报考：计算机科学与技术、软件工程、网络工程、数据科学与大数据技术专业；以研究生专业报考：计算机科学与技术、软件工程;市（地）级及以下直属机构综合管理类","用人司局：国家金融监督管理总局铜川监管分局
职位简介：主要从事金融信息科技风险监管、电子设备软硬件管理及信息系统运行维护等工作
专业要求：以本科专业报考：计算机科学与技术、软件工程、网络工程、数据科学与大数据技术专业；以研究生专业报考：计算机科学与技术、软件工程
学历要求：本科及以上
学位要求：与最高学历相对应的学位
政治面貌：不限
基层工作经历：无限制
考试类别：市（地）级及以下直属机构综合管理类
备注：1.报名时请在专业栏中同时填写专业名称和专业代码，本科双学士主修专业需符合岗位专业需求；2.限应届高校毕业生报考，请在备注栏中注明本人具有应届高校毕业生身份；3.要求大学英语四级成绩425分及以上，请在外语水平栏中注明成绩；4.专业考试信息请参见国家金融监督管理总局2025年度招考公告。","https://www.xjhc.gov.cn/xjhc/c116834/202410/a29382e11a674da3be3353af65f9fcc5.shtml#132127-300147702001","2024-10-14","{""dataset_year"":2025,""job_uid"":""GOV-2025-132127-300147702001"",""publisher"":""国家公务员局"",""publication_page"":""https://www.xjhc.gov.cn/xjhc/c116834/202410/a29382e11a674da3be3353af65f9fcc5.shtml"",""attachment_url"":""https://www.xjhc.gov.cn/xjhc/c116834/202410/a29382e11a674da3be3353af65f9fcc5/files/0536cef86e2b46ddad6aae5a3780089e.xls"",""local_source_file"":""2025_guokao_zhaokaojianzhang.xls"",""local_source_sha256"":""07ae6cab368cd21b7a1ac3e8150fe9a3d39ad5171ce76135ff3cccfe50c3e77e"",""source_sheet"":""中央国家行政机关省级以下直属机构"",""filter_version"":""government_tech_v2"",""tech_filter"":{""is_tech"":true,""is_core_tech"":true,""scope"":""core"",""categories"":[""computer_software""],""matched_fields"":[""major"",""description""],""major_terms"":[""大数据"",""数据科学与大数据技术"",""网络工程"",""计算机科学与技术"",""软件工程""],""role_terms"":[""信息科技"",""信息系统"",""软硬件""],""reason"":""tech_major_and_role""},""original"":{""部门代码"":""132127"",""部门名称"":""国家金融监督管理总局陕西监管局"",""用人司局"":""国家金融监督管理总局铜川监管分局"",""机构性质"":""中央国家行政机关省级以下直属机构"",""招考职位"":""统计信息部门一级主任科员及以下"",""职位属性"":""金融监管计算机类职位"",""职位分布"":""西部地区和艰苦边远地区职位"",""职位简介"":""主要从事金融信息科技风险监管、电子设备软硬件管理及信息系统运行维护等工作"",""职位代码"":""300147702001"",""机构层级"":""市（地）级"",""考试类别"":""市（地）级及以下直属机构综合管理类"",""招考人数"":""1"",""专业"":""以本科专业报考：计算机科学与技术、软件工程、网络工程、数据科学与大数据技术专业；以研究生专业报考：计算机科学与技术、软件工程"",""学历"":""本科及以上"",""学位"":""与最高学历相对应的学位"",""政治面貌"":""不限"",""基层工作最低年限"":""无限制"",""服务基层项目工作经历"":""无限制"",""是否在面试阶段组织专业能力测试"":""否"",""面试人员比例"":""3:1"",""工作地点"":""陕西省铜川市"",""落户地点"":""陕西省铜川市"",""备注"":""1.报名时请在专业栏中同时填写专业名称和专业代码，本科双学士主修专业需符合岗位专业需求；2.限应届高校毕业生报考，请在备注栏中注明本人具有应届高校毕业生身份；3.要求大学英语四级成绩425分及以上，请在外语水平栏中注明成绩；4.专业考试信息请参见国家金融监督管理总局2025年度招考公告。"",""部门网站"":""http://www.cbirc.gov.cn/"",""咨询电话1"":""029-88336521"",""咨询电话2"":""029-88335625"",""咨询电话3"":""029-88336530"",""来源Sheet"":""中央国家行政机关省级以下直属机构""}}"
"government_jobs","国家公务员2025招考简章","公务员/事业单位技术岗位","陕西省铜川市耀州区","2026-07-28T09:12:58.310295+00:00","监管部门一级主任科员及以下","国家金融监督管理总局陕西监管局","","陕西省铜川市耀州区","公务员/事业单位;2025;computer_software;本科及以上;与最高学历相对应的学位;以本科专业报考：计算机科学与技术、软件工程、网络工程、数据科学与大数据技术专业；以研究生专业报考：计算机科学与技术、软件工程;市（地）级及以下直属机构综合管理类","用人司局：国家金融监督管理总局耀州监管支局
职位简介：主要从事金融信息科技风险监管、电子设备软硬件管理及信息系统运行维护等工作
专业要求：以本科专业报考：计算机科学与技术、软件工程、网络工程、数据科学与大数据技术专业；以研究生专业报考：计算机科学与技术、软件工程
学历要求：本科及以上
学位要求：与最高学历相对应的学位
政治面貌：不限
基层工作经历：无限制
考试类别：市（地）级及以下直属机构综合管理类
备注：1.报名时请在专业栏中同时填写专业名称和专业代码，本科双学士主修专业需符合岗位专业需求；2.限应届高校毕业生报考，请在备注栏中注明本人具有应届高校毕业生身份；3.要求大学英语四级成绩425分及以上，请在外语水平栏中注明成绩；4.专业考试信息请参见国家金融监督管理总局2025年度招考公告。","https://www.xjhc.gov.cn/xjhc/c116834/202410/a29382e11a674da3be3353af65f9fcc5.shtml#132127-300147703001","2024-10-14","{""dataset_year"":2025,""job_uid"":""GOV-2025-132127-300147703001"",""publisher"":""国家公务员局"",""publication_page"":""https://www.xjhc.gov.cn/xjhc/c116834/202410/a29382e11a674da3be3353af65f9fcc5.shtml"",""attachment_url"":""https://www.xjhc.gov.cn/xjhc/c116834/202410/a29382e11a674da3be3353af65f9fcc5/files/0536cef86e2b46ddad6aae5a3780089e.xls"",""local_source_file"":""2025_guokao_zhaokaojianzhang.xls"",""local_source_sha256"":""07ae6cab368cd21b7a1ac3e8150fe9a3d39ad5171ce76135ff3cccfe50c3e77e"",""source_sheet"":""中央国家行政机关省级以下直属机构"",""filter_version"":""government_tech_v2"",""tech_filter"":{""is_tech"":true,""is_core_tech"":true,""scope"":""core"",""categories"":[""computer_software""],""matched_fields"":[""major"",""description""],""major_terms"":[""大数据"",""数据科学与大数据技术"",""网络工程"",""计算机科学与技术"",""软件工程""],""role_terms"":[""信息科技"",""信息系统"",""软硬件""],""reason"":""tech_major_and_role""},""original"":{""部门代码"":""132127"",""部门名称"":""国家金融监督管理总局陕西监管局"",""用人司局"":""国家金融监督管理总局耀州监管支局"",""机构性质"":""中央国家行政机关省级以下直属机构"",""招考职位"":""监管部门一级主任科员及以下"",""职位属性"":""金融监管计算机类职位"",""职位分布"":""西部地区和艰苦边远地区职位"",""职位简介"":""主要从事金融信息科技风险监管、电子设备软硬件管理及信息系统运行维护等工作"",""职位代码"":""300147703001"",""机构层级"":""县（区）级及以下"",""考试类别"":""市（地）级及以下直属机构综合管理类"",""招考人数"":""1"",""专业"":""以本科专业报考：计算机科学与技术、软件工程、网络工程、数据科学与大数据技术专业；以研究生专业报考：计算机科学与技术、软件工程"",""学历"":""本科及以上"",""学位"":""与最高学历相对应的学位"",""政治面貌"":""不限"",""基层工作最低年限"":""无限制"",""服务基层项目工作经历"":""无限制"",""是否在面试阶段组织专业能力测试"":""否"",""面试人员比例"":""3:1"",""工作地点"":""陕西省铜川市耀州区"",""落户地点"":""陕西省铜川市耀州区"",""备注"":""1.报名时请在专业栏中同时填写专业名称和专业代码，本科双学士主修专业需符合岗位专业需求；2.限应届高校毕业生报考，请在备注栏中注明本人具有应届高校毕业生身份；3.要求大学英语四级成绩425分及以上，请在外语水平栏中注明成绩；4.专业考试信息请参见国家金融监督管理总局2025年度招考公告。"",""部门网站"":""http://www.cbirc.gov.cn/"",""咨询电话1"":""029-88336521"",""咨询电话2"":""029-88335625"",""咨询电话3"":""029-88336530"",""来源Sheet"":""中央国家行政机关省级以下直属机构""}}"
"government_jobs","国家公务员2025招考简章","公务员/事业单位技术岗位","陕西省榆林市","2026-07-28T09:12:58.310295+00:00","统计信息部门一级主任科员及以下","国家金融监督管理总局陕西监管局","","陕西省榆林市","公务员/事业单位;2025;computer_software;仅限本科;学士;计算机科学与技术、软件工程、网络工程、数据科学与大数据技术;市（地）级及以下直属机构综合管理类","用人司局：国家金融监督管理总局榆林监管分局
职位简介：主要从事金融信息科技风险监管、电子设备软硬件管理及信息系统运行维护等工作
专业要求：计算机科学与技术、软件工程、网络工程、数据科学与大数据技术
学历要求：仅限本科
学位要求：学士
政治面貌：不限
基层工作经历：无限制
考试类别：市（地）级及以下直属机构综合管理类
备注：1.报名时请在专业栏中同时填写专业名称和专业代码，本科双学士主修专业需符合岗位专业需求；2.限应届高校毕业生报考，请在备注栏中注明本人具有应届高校毕业生身份；3.要求大学英语四级成绩425分及以上，请在外语水平栏中注明成绩；4.专业考试信息请参见国家金融监督管理总局2025年度招考公告。","https://www.xjhc.gov.cn/xjhc/c116834/202410/a29382e11a674da3be3353af65f9fcc5.shtml#132127-300147712001","2024-10-14","{""dataset_year"":2025,""job_uid"":""GOV-2025-132127-300147712001"",""publisher"":""国家公务员局"",""publication_page"":""https://www.xjhc.gov.cn/xjhc/c116834/202410/a29382e11a674da3be3353af65f9fcc5.shtml"",""attachment_url"":""https://www.xjhc.gov.cn/xjhc/c116834/202410/a29382e11a674da3be3353af65f9fcc5/files/0536cef86e2b46ddad6aae5a3780089e.xls"",""local_source_file"":""2025_guokao_zhaokaojianzhang.xls"",""local_source_sha256"":""07ae6cab368cd21b7a1ac3e8150fe9a3d39ad5171ce76135ff3cccfe50c3e77e"",""source_sheet"":""中央国家行政机关省级以下直属机构"",""filter_version"":""government_tech_v2"",""tech_filter"":{""is_tech"":true,""is_core_tech"":true,""scope"":""core"",""categories"":[""computer_software""],""matched_fields"":[""major"",""description""],""major_terms"":[""大数据"",""数据科学与大数据技术"",""网络工程"",""计算机科学与技术"",""软件工程""],""role_terms"":[""信息科技"",""信息系统"",""软硬件""],""reason"":""tech_major_and_role""},""original"":{""部门代码"":""132127"",""部门名称"":""国家金融监督管理总局陕西监管局"",""用人司局"":""国家金融监督管理总局榆林监管分局"",""机构性质"":""中央国家行政机关省级以下直属机构"",""招考职位"":""统计信息部门一级主任科员及以下"",""职位属性"":""金融监管计算机类职位"",""职位分布"":""西部地区和艰苦边远地区职位"",""职位简介"":""主要从事金融信息科技风险监管、电子设备软硬件管理及信息系统运行维护等工作"",""职位代码"":""300147712001"",""机构层级"":""市（地）级"",""考试类别"":""市（地）级及以下直属机构综合管理类"",""招考人数"":""1"",""专业"":""计算机科学与技术、软件工程、网络工程、数据科学与大数据技术"",""学历"":""仅限本科"",""学位"":""学士"",""政治面貌"":""不限"",""基层工作最低年限"":""无限制"",""服务基层项目工作经历"":""无限制"",""是否在面试阶段组织专业能力测试"":""否"",""面试人员比例"":""3:1"",""工作地点"":""陕西省榆林市"",""落户地点"":""陕西省榆林市"",""备注"":""1.报名时请在专业栏中同时填写专业名称和专业代码，本科双学士主修专业需符合岗位专业需求；2.限应届高校毕业生报考，请在备注栏中注明本人具有应届高校毕业生身份；3.要求大学英语四级成绩425分及以上，请在外语水平栏中注明成绩；4.专业考试信息请参见国家金融监督管理总局2025年度招考公告。"",""部门网站"":""http://www.cbirc.gov.cn/"",""咨询电话1"":""029-88336521"",""咨询电话2"":""029-88335625"",""咨询电话3"":""029-88336530"",""来源Sheet"":""中央国家行政机关省级以下直属机构""}}"
"government_jobs","国家公务员2025招考简章","公务员/事业单位技术岗位","陕西省榆林市府谷县","2026-07-28T09:12:58.310295+00:00","监管部门一级主任科员及以下","国家金融监督管理总局陕西监管局","","陕西省榆林市府谷县","公务员/事业单位;2025;computer_software;仅限本科;学士;计算机科学与技术、软件工程、网络工程、数据科学与大数据技术;市（地）级及以下直属机构综合管理类","用人司局：国家金融监督管理总局府谷监管支局
职位简介：主要从事金融信息科技风险监管、电子设备软硬件管理及信息系统运行维护等工作
专业要求：计算机科学与技术、软件工程、网络工程、数据科学与大数据技术
学历要求：仅限本科
学位要求：学士
政治面貌：不限
基层工作经历：二年
考试类别：市（地）级及以下直属机构综合管理类
备注：1.报名时请在专业栏中同时填写专业名称和专业代码，本科双学士主修专业需符合岗位专业需求；2.请在简历栏中注明服务基层项目相关工作经历；3.要求大学英语四级成绩425分及以上，请在外语水平栏中注明成绩；4.专业考试信息请参见国家金融监督管理总局2025年度招考公告。","https://www.xjhc.gov.cn/xjhc/c116834/202410/a29382e11a674da3be3353af65f9fcc5.shtml#132127-300147713001","2024-10-14","{""dataset_year"":2025,""job_uid"":""GOV-2025-132127-300147713001"",""publisher"":""国家公务员局"",""publication_page"":""https://www.xjhc.gov.cn/xjhc/c116834/202410/a29382e11a674da3be3353af65f9fcc5.shtml"",""attachment_url"":""https://www.xjhc.gov.cn/xjhc/c116834/202410/a29382e11a674da3be3353af65f9fcc5/files/0536cef86e2b46ddad6aae5a3780089e.xls"",""local_source_file"":""2025_guokao_zhaokaojianzhang.xls"",""local_source_sha256"":""07ae6cab368cd21b7a1ac3e8150fe9a3d39ad5171ce76135ff3cccfe50c3e77e"",""source_sheet"":""中央国家行政机关省级以下直属机构"",""filter_version"":""government_tech_v2"",""tech_filter"":{""is_tech"":true,""is_core_tech"":true,""scope"":""core"",""categories"":[""computer_software""],""matched_fields"":[""major"",""description""],""major_terms"":[""大数据"",""数据科学与大数据技术"",""网络工程"",""计算机科学与技术"",""软件工程""],""role_terms"":[""信息科技"",""信息系统"",""软硬件""],""reason"":""tech_major_and_role""},""original"":{""部门代码"":""132127"",""部门名称"":""国家金融监督管理总局陕西监管局"",""用人司局"":""国家金融监督管理总局府谷监管支局"",""机构性质"":""中央国家行政机关省级以下直属机构"",""招考职位"":""监管部门一级主任科员及以下"",""职位属性"":""金融监管计算机类职位"",""职位分布"":""西部地区和艰苦边远地区职位"",""职位简介"":""主要从事金融信息科技风险监管、电子设备软硬件管理及信息系统运行维护等工作"",""职位代码"":""300147713001"",""机构层级"":""县（区）级及以下"",""考试类别"":""市（地）级及以下直属机构综合管理类"",""招考人数"":""1"",""专业"":""计算机科学与技术、软件工程、网络工程、数据科学与大数据技术"",""学历"":""仅限本科"",""学位"":""学士"",""政治面貌"":""不限"",""基层工作最低年限"":""二年"",""服务基层项目工作经历"":""大学生村官、农村义务教育阶段学校教师特设岗位计划、“三支一扶”计划、大学生志愿服务西部计划、在军队服役5年（含）以上的高校毕业生退役士兵"",""是否在面试阶段组织专业能力测试"":""否"",""面试人员比例"":""3:1"",""工作地点"":""陕西省榆林市府谷县"",""落户地点"":""陕西省榆林市府谷县"",""备注"":""1.报名时请在专业栏中同时填写专业名称和专业代码，本科双学士主修专业需符合岗位专业需求；2.请在简历栏中注明服务基层项目相关工作经历；3.要求大学英语四级成绩425分及以上，请在外语水平栏中注明成绩；4.专业考试信息请参见国家金融监督管理总局2025年度招考公告。"",""部门网站"":""http://www.cbirc.gov.cn/"",""咨询电话1"":""029-88336521"",""咨询电话2"":""029-88335625"",""咨询电话3"":""029-88336530"",""来源Sheet"":""中央国家行政机关省级以下直属机构""}}"
"government_jobs","国家公务员2025招考简章","公务员/事业单位技术岗位","甘肃省兰州市","2026-07-28T09:12:58.310295+00:00","统计信息部门一级主任科员及以下","国家金融监督管理总局甘肃监管局","","甘肃省兰州市","公务员/事业单位;2025;computer_software;硕士研究生及以上;与最高学历相对应的学位;计算机类专业;中央机关及其省级直属机构综合管理类","用人司局：国家金融监督管理总局甘肃监管局
职位简介：主要从事金融信息科技风险监管、电子设备软硬件管理及信息系统运行维护等工作
专业要求：计算机类专业
学历要求：硕士研究生及以上
学位要求：与最高学历相对应的学位
政治面貌：不限
基层工作经历：二年
考试类别：中央机关及其省级直属机构综合管理类
备注：1.报名时请在专业栏中同时填写专业名称和专业代码；2.要求研究生学历大学英语六级成绩425分及以上，请在外语水平栏中注明成绩；3.要求有2年以上工作经历，请在简历栏中注明相关经历；4.专业考试信息请参见国家金融监督管理总局2025年度招考公告。","https://www.xjhc.gov.cn/xjhc/c116834/202410/a29382e11a674da3be3353af65f9fcc5.shtml#132128-300147715001","2024-10-14","{""dataset_year"":2025,""job_uid"":""GOV-2025-132128-300147715001"",""publisher"":""国家公务员局"",""publication_page"":""https://www.xjhc.gov.cn/xjhc/c116834/202410/a29382e11a674da3be3353af65f9fcc5.shtml"",""attachment_url"":""https://www.xjhc.gov.cn/xjhc/c116834/202410/a29382e11a674da3be3353af65f9fcc5/files/0536cef86e2b46ddad6aae5a3780089e.xls"",""local_source_file"":""2025_guokao_zhaokaojianzhang.xls"",""local_source_sha256"":""07ae6cab368cd21b7a1ac3e8150fe9a3d39ad5171ce76135ff3cccfe50c3e77e"",""source_sheet"":""中央国家行政机关省级以下直属机构"",""filter_version"":""government_tech_v2"",""tech_filter"":{""is_tech"":true,""is_core_tech"":true,""scope"":""core"",""categories"":[""computer_software""],""matched_fields"":[""major"",""description""],""major_terms"":[""计算机类""],""role_terms"":[""信息科技"",""信息系统"",""软硬件""],""reason"":""tech_major_and_role""},""original"":{""部门代码"":""132128"",""部门名称"":""国家金融监督管理总局甘肃监管局"",""用人司局"":""国家金融监督管理总局甘肃监管局"",""机构性质"":""中央国家行政机关省级以下直属机构"",""招考职位"":""统计信息部门一级主任科员及以下"",""职位属性"":""金融监管计算机类职位"",""职位分布"":""其他职位"",""职位简介"":""主要从事金融信息科技风险监管、电子设备软硬件管理及信息系统运行维护等工作"",""职位代码"":""300147715001"",""机构层级"":""省（副省）级"",""考试类别"":""中央机关及其省级直属机构综合管理类"",""招考人数"":""2"",""专业"":""计算机类专业"",""学历"":""硕士研究生及以上"",""学位"":""与最高学历相对应的学位"",""政治面貌"":""不限"",""基层工作最低年限"":""二年"",""服务基层项目工作经历"":""无限制"",""是否在面试阶段组织专业能力测试"":""否"",""面试人员比例"":""4:1"",""工作地点"":""甘肃省兰州市"",""落户地点"":""甘肃省兰州市"",""备注"":""1.报名时请在专业栏中同时填写专业名称和专业代码；2.要求研究生学历大学英语六级成绩425分及以上，请在外语水平栏中注明成绩；3.要求有2年以上工作经历，请在简历栏中注明相关经历；4.专业考试信息请参见国家金融监督管理总局2025年度招考公告。"",""部门网站"":""http://www.cbirc.gov.cn/"",""咨询电话1"":""0931-8855344"",""咨询电话2"":""0931-8822952"",""咨询电话3"":"""",""来源Sheet"":""中央国家行政机关省级以下直属机构""}}"
"government_jobs","国家公务员2025招考简章","公务员/事业单位技术岗位","甘肃省张掖市","2026-07-28T09:12:58.310295+00:00","统计信息部门一级主任科员及以下","国家金融监督管理总局甘肃监管局","","甘肃省张掖市","公务员/事业单位;2025;computer_software;仅限本科;学士;计算机类专业;市（地）级及以下直属机构综合管理类","用人司局：国家金融监督管理总局张掖监管分局
职位简介：主要从事金融信息科技风险监管、电子设备软硬件管理及信息系统运行维护等工作
专业要求：计算机类专业
学历要求：仅限本科
学位要求：学士
政治面貌：不限
基层工作经历：无限制
考试类别：市（地）级及以下直属机构综合管理类
备注：1.报名时请在专业栏中同时填写专业名称和专业代码；2.限应届高校毕业生报考，请在备注栏中注明本人具有应届高校毕业生身份；3.要求本科学历大学英语四级成绩425分及以上，请在外语水平栏中注明成绩；4.有关专业考试信息参见国家金融监督管理总局2025年度考试大纲。","https://www.xjhc.gov.cn/xjhc/c116834/202410/a29382e11a674da3be3353af65f9fcc5.shtml#132128-300147718001","2024-10-14","{""dataset_year"":2025,""job_uid"":""GOV-2025-132128-300147718001"",""publisher"":""国家公务员局"",""publication_page"":""https://www.xjhc.gov.cn/xjhc/c116834/202410/a29382e11a674da3be3353af65f9fcc5.shtml"",""attachment_url"":""https://www.xjhc.gov.cn/xjhc/c116834/202410/a29382e11a674da3be3353af65f9fcc5/files/0536cef86e2b46ddad6aae5a3780089e.xls"",""local_source_file"":""2025_guokao_zhaokaojianzhang.xls"",""local_source_sha256"":""07ae6cab368cd21b7a1ac3e8150fe9a3d39ad5171ce76135ff3cccfe50c3e77e"",""source_sheet"":""中央国家行政机关省级以下直属机构"",""filter_version"":""government_tech_v2"",""tech_filter"":{""is_tech"":true,""is_core_tech"":true,""scope"":""core"",""categories"":[""computer_software""],""matched_fields"":[""major"",""description""],""major_terms"":[""计算机类""],""role_terms"":[""信息科技"",""信息系统"",""软硬件""],""reason"":""tech_major_and_role""},""original"":{""部门代码"":""132128"",""部门名称"":""国家金融监督管理总局甘肃监管局"",""用人司局"":""国家金融监督管理总局张掖监管分局"",""机构性质"":""中央国家行政机关省级以下直属机构"",""招考职位"":""统计信息部门一级主任科员及以下"",""职位属性"":""金融监管计算机类职位"",""职位分布"":""西部地区和艰苦边远地区职位"",""职位简介"":""主要从事金融信息科技风险监管、电子设备软硬件管理及信息系统运行维护等工作"",""职位代码"":""300147718001"",""机构层级"":""市（地）级"",""考试类别"":""市（地）级及以下直属机构综合管理类"",""招考人数"":""2"",""专业"":""计算机类专业"",""学历"":""仅限本科"",""学位"":""学士"",""政治面貌"":""不限"",""基层工作最低年限"":""无限制"",""服务基层项目工作经历"":""无限制"",""是否在面试阶段组织专业能力测试"":""否"",""面试人员比例"":""3:1"",""工作地点"":""甘肃省张掖市"",""落户地点"":""甘肃省张掖市"",""备注"":""1.报名时请在专业栏中同时填写专业名称和专业代码；2.限应届高校毕业生报考，请在备注栏中注明本人具有应届高校毕业生身份；3.要求本科学历大学英语四级成绩425分及以上，请在外语水平栏中注明成绩；4.有关专业考试信息参见国家金融监督管理总局2025年度考试大纲。"",""部门网站"":""http://www.cbirc.gov.cn/"",""咨询电话1"":""0931-8855344"",""咨询电话2"":""0931-8822952"",""咨询电话3"":"""",""来源Sheet"":""中央国家行政机关省级以下直属机构""}}"
"government_jobs","国家公务员2025招考简章","公务员/事业单位技术岗位","甘肃省天水市","2026-07-28T09:12:58.310295+00:00","统计信息部门一级主任科员及以下","国家金融监督管理总局甘肃监管局","","甘肃省天水市","公务员/事业单位;2025;computer_software;仅限本科;学士;计算机类专业;市（地）级及以下直属机构综合管理类","用人司局：国家金融监督管理总局天水监管分局
职位简介：主要从事金融信息科技风险监管、电子设备软硬件管理及信息系统运行维护等工作
专业要求：计算机类专业
学历要求：仅限本科
学位要求：学士
政治面貌：不限
基层工作经历：无限制
考试类别：市（地）级及以下直属机构综合管理类
备注：1.报名时请在专业栏中同时填写专业名称和专业代码；2.限应届高校毕业生报考，请在备注栏中注明本人具有应届高校毕业生身份；3.要求本科学历大学英语四级成绩425分及以上，请在外语水平栏中注明成绩；4.有关专业考试信息参见国家金融监督管理总局2025年度考试大纲。","https://www.xjhc.gov.cn/xjhc/c116834/202410/a29382e11a674da3be3353af65f9fcc5.shtml#132128-300147721001","2024-10-14","{""dataset_year"":2025,""job_uid"":""GOV-2025-132128-300147721001"",""publisher"":""国家公务员局"",""publication_page"":""https://www.xjhc.gov.cn/xjhc/c116834/202410/a29382e11a674da3be3353af65f9fcc5.shtml"",""attachment_url"":""https://www.xjhc.gov.cn/xjhc/c116834/202410/a29382e11a674da3be3353af65f9fcc5/files/0536cef86e2b46ddad6aae5a3780089e.xls"",""local_source_file"":""2025_guokao_zhaokaojianzhang.xls"",""local_source_sha256"":""07ae6cab368cd21b7a1ac3e8150fe9a3d39ad5171ce76135ff3cccfe50c3e77e"",""source_sheet"":""中央国家行政机关省级以下直属机构"",""filter_version"":""government_tech_v2"",""tech_filter"":{""is_tech"":true,""is_core_tech"":true,""scope"":""core"",""categories"":[""computer_software""],""matched_fields"":[""major"",""description""],""major_terms"":[""计算机类""],""role_terms"":[""信息科技"",""信息系统"",""软硬件""],""reason"":""tech_major_and_role""},""original"":{""部门代码"":""132128"",""部门名称"":""国家金融监督管理总局甘肃监管局"",""用人司局"":""国家金融监督管理总局天水监管分局"",""机构性质"":""中央国家行政机关省级以下直属机构"",""招考职位"":""统计信息部门一级主任科员及以下"",""职位属性"":""金融监管计算机类职位"",""职位分布"":""西部地区和艰苦边远地区职位"",""职位简介"":""主要从事金融信息科技风险监管、电子设备软硬件管理及信息系统运行维护等工作"",""职位代码"":""300147721001"",""机构层级"":""市（地）级"",""考试类别"":""市（地）级及以下直属机构综合管理类"",""招考人数"":""1"",""专业"":""计算机类专业"",""学历"":""仅限本科"",""学位"":""学士"",""政治面貌"":""不限"",""基层工作最低年限"":""无限制"",""服务基层项目工作经历"":""无限制"",""是否在面试阶段组织专业能力测试"":""否"",""面试人员比例"":""3:1"",""工作地点"":""甘肃省天水市"",""落户地点"":""甘肃省天水市"",""备注"":""1.报名时请在专业栏中同时填写专业名称和专业代码；2.限应届高校毕业生报考，请在备注栏中注明本人具有应届高校毕业生身份；3.要求本科学历大学英语四级成绩425分及以上，请在外语水平栏中注明成绩；4.有关专业考试信息参见国家金融监督管理总局2025年度考试大纲。"",""部门网站"":""http://www.cbirc.gov.cn/"",""咨询电话1"":""0931-8855344"",""咨询电话2"":""0931-8822952"",""咨询电话3"":"""",""来源Sheet"":""中央国家行政机关省级以下直属机构""}}"
"government_jobs","国家公务员2025招考简章","公务员/事业单位技术岗位","甘肃省平凉市","2026-07-28T09:12:58.310295+00:00","统计信息部门一级主任科员及以下","国家金融监督管理总局甘肃监管局","","甘肃省平凉市","公务员/事业单位;2025;computer_software;仅限本科;学士;计算机类专业;市（地）级及以下直属机构综合管理类","用人司局：国家金融监督管理总局平凉监管分局
职位简介：主要从事金融信息科技风险监管、电子设备软硬件管理及信息系统运行维护等工作
专业要求：计算机类专业
学历要求：仅限本科
学位要求：学士
政治面貌：不限
基层工作经历：无限制
考试类别：市（地）级及以下直属机构综合管理类
备注：1.报名时请在专业栏中同时填写专业名称和专业代码；2.限应届高校毕业生报考，请在备注栏中注明本人具有应届高校毕业生身份；3.要求本科学历大学英语四级成绩425分及以上，请在外语水平栏中注明成绩；4.有关专业考试信息参见国家金融监督管理总局2025年度考试大纲。","https://www.xjhc.gov.cn/xjhc/c116834/202410/a29382e11a674da3be3353af65f9fcc5.shtml#132128-300147722001","2024-10-14","{""dataset_year"":2025,""job_uid"":""GOV-2025-132128-300147722001"",""publisher"":""国家公务员局"",""publication_page"":""https://www.xjhc.gov.cn/xjhc/c116834/202410/a29382e11a674da3be3353af65f9fcc5.shtml"",""attachment_url"":""https://www.xjhc.gov.cn/xjhc/c116834/202410/a29382e11a674da3be3353af65f9fcc5/files/0536cef86e2b46ddad6aae5a3780089e.xls"",""local_source_file"":""2025_guokao_zhaokaojianzhang.xls"",""local_source_sha256"":""07ae6cab368cd21b7a1ac3e8150fe9a3d39ad5171ce76135ff3cccfe50c3e77e"",""source_sheet"":""中央国家行政机关省级以下直属机构"",""filter_version"":""government_tech_v2"",""tech_filter"":{""is_tech"":true,""is_core_tech"":true,""scope"":""core"",""categories"":[""computer_software""],""matched_fields"":[""major"",""description""],""major_terms"":[""计算机类""],""role_terms"":[""信息科技"",""信息系统"",""软硬件""],""reason"":""tech_major_and_role""},""original"":{""部门代码"":""132128"",""部门名称"":""国家金融监督管理总局甘肃监管局"",""用人司局"":""国家金融监督管理总局平凉监管分局"",""机构性质"":""中央国家行政机关省级以下直属机构"",""招考职位"":""统计信息部门一级主任科员及以下"",""职位属性"":""金融监管计算机类职位"",""职位分布"":""西部地区和艰苦边远地区职位"",""职位简介"":""主要从事金融信息科技风险监管、电子设备软硬件管理及信息系统运行维护等工作"",""职位代码"":""300147722001"",""机构层级"":""市（地）级"",""考试类别"":""市（地）级及以下直属机构综合管理类"",""招考人数"":""1"",""专业"":""计算机类专业"",""学历"":""仅限本科"",""学位"":""学士"",""政治面貌"":""不限"",""基层工作最低年限"":""无限制"",""服务基层项目工作经历"":""无限制"",""是否在面试阶段组织专业能力测试"":""否"",""面试人员比例"":""3:1"",""工作地点"":""甘肃省平凉市"",""落户地点"":""甘肃省平凉市"",""备注"":""1.报名时请在专业栏中同时填写专业名称和专业代码；2.限应届高校毕业生报考，请在备注栏中注明本人具有应届高校毕业生身份；3.要求本科学历大学英语四级成绩425分及以上，请在外语水平栏中注明成绩；4.有关专业考试信息参见国家金融监督管理总局2025年度考试大纲。"",""部门网站"":""http://www.cbirc.gov.cn/"",""咨询电话1"":""0931-8855344"",""咨询电话2"":""0931-8822952"",""咨询电话3"":"""",""来源Sheet"":""中央国家行政机关省级以下直属机构""}}"
"government_jobs","国家公务员2025招考简章","公务员/事业单位技术岗位","甘肃省陇南市","2026-07-28T09:12:58.310295+00:00","统计信息部门一级主任科员及以下","国家金融监督管理总局甘肃监管局","","甘肃省陇南市","公务员/事业单位;2025;computer_software;仅限本科;学士;计算机类专业;市（地）级及以下直属机构综合管理类","用人司局：国家金融监督管理总局陇南监管分局
职位简介：主要从事金融信息科技风险监管、电子设备软硬件管理及信息系统运行维护等工作
专业要求：计算机类专业
学历要求：仅限本科
学位要求：学士
政治面貌：不限
基层工作经历：无限制
考试类别：市（地）级及以下直属机构综合管理类
备注：1.报名时请在专业栏中同时填写专业名称和专业代码；2.限应届高校毕业生报考，请在备注栏中注明本人具有应届高校毕业生身份；3.要求本科学历大学英语四级成绩425分及以上，请在外语水平栏中注明成绩；4.有关专业考试信息参见国家金融监督管理总局2025年度考试大纲。","https://www.xjhc.gov.cn/xjhc/c116834/202410/a29382e11a674da3be3353af65f9fcc5.shtml#132128-300147724001","2024-10-14","{""dataset_year"":2025,""job_uid"":""GOV-2025-132128-300147724001"",""publisher"":""国家公务员局"",""publication_page"":""https://www.xjhc.gov.cn/xjhc/c116834/202410/a29382e11a674da3be3353af65f9fcc5.shtml"",""attachment_url"":""https://www.xjhc.gov.cn/xjhc/c116834/202410/a29382e11a674da3be3353af65f9fcc5/files/0536cef86e2b46ddad6aae5a3780089e.xls"",""local_source_file"":""2025_guokao_zhaokaojianzhang.xls"",""local_source_sha256"":""07ae6cab368cd21b7a1ac3e8150fe9a3d39ad5171ce76135ff3cccfe50c3e77e"",""source_sheet"":""中央国家行政机关省级以下直属机构"",""filter_version"":""government_tech_v2"",""tech_filter"":{""is_tech"":true,""is_core_tech"":true,""scope"":""core"",""categories"":[""computer_software""],""matched_fields"":[""major"",""description""],""major_terms"":[""计算机类""],""role_terms"":[""信息科技"",""信息系统"",""软硬件""],""reason"":""tech_major_and_role""},""original"":{""部门代码"":""132128"",""部门名称"":""国家金融监督管理总局甘肃监管局"",""用人司局"":""国家金融监督管理总局陇南监管分局"",""机构性质"":""中央国家行政机关省级以下直属机构"",""招考职位"":""统计信息部门一级主任科员及以下"",""职位属性"":""金融监管计算机类职位"",""职位分布"":""西部地区和艰苦边远地区职位"",""职位简介"":""主要从事金融信息科技风险监管、电子设备软硬件管理及信息系统运行维护等工作"",""职位代码"":""300147724001"",""机构层级"":""市（地）级"",""考试类别"":""市（地）级及以下直属机构综合管理类"",""招考人数"":""1"",""专业"":""计算机类专业"",""学历"":""仅限本科"",""学位"":""学士"",""政治面貌"":""不限"",""基层工作最低年限"":""无限制"",""服务基层项目工作经历"":""无限制"",""是否在面试阶段组织专业能力测试"":""否"",""面试人员比例"":""3:1"",""工作地点"":""甘肃省陇南市"",""落户地点"":""甘肃省陇南市"",""备注"":""1.报名时请在专业栏中同时填写专业名称和专业代码；2.限应届高校毕业生报考，请在备注栏中注明本人具有应届高校毕业生身份；3.要求本科学历大学英语四级成绩425分及以上，请在外语水平栏中注明成绩；4.有关专业考试信息参见国家金融监督管理总局2025年度考试大纲。"",""部门网站"":""http://www.cbirc.gov.cn/"",""咨询电话1"":""0931-8855344"",""咨询电话2"":""0931-8822952"",""咨询电话3"":"""",""来源Sheet"":""中央国家行政机关省级以下直属机构""}}"
"government_jobs","国家公务员2025招考简章","公务员/事业单位技术岗位","甘肃省金昌市永昌县","2026-07-28T09:12:58.310295+00:00","统计信息部门一级主任科员及以下","国家金融监督管理总局甘肃监管局","","甘肃省金昌市永昌县","公务员/事业单位;2025;computer_software;仅限本科;学士;计算机类专业;市（地）级及以下直属机构综合管理类","用人司局：国家金融监督管理总局永昌监管支局
职位简介：主要从事金融信息科技风险监管、电子设备软硬件管理及信息系统运行维护等工作
专业要求：计算机类专业
学历要求：仅限本科
学位要求：学士
政治面貌：不限
基层工作经历：无限制
考试类别：市（地）级及以下直属机构综合管理类
备注：1.报名时请在专业栏中同时填写专业名称和专业代码；2.限应届高校毕业生报考，请在备注栏中注明本人具有应届高校毕业生身份；3.要求本科学历大学英语四级成绩425分及以上，请在外语水平栏中注明成绩；4.有关专业考试信息参见国家金融监督管理总局2025年度考试大纲。","https://www.xjhc.gov.cn/xjhc/c116834/202410/a29382e11a674da3be3353af65f9fcc5.shtml#132128-300147729001","2024-10-14","{""dataset_year"":2025,""job_uid"":""GOV-2025-132128-300147729001"",""publisher"":""国家公务员局"",""publication_page"":""https://www.xjhc.gov.cn/xjhc/c116834/202410/a29382e11a674da3be3353af65f9fcc5.shtml"",""attachment_url"":""https://www.xjhc.gov.cn/xjhc/c116834/202410/a29382e11a674da3be3353af65f9fcc5/files/0536cef86e2b46ddad6aae5a3780089e.xls"",""local_source_file"":""2025_guokao_zhaokaojianzhang.xls"",""local_source_sha256"":""07ae6cab368cd21b7a1ac3e8150fe9a3d39ad5171ce76135ff3cccfe50c3e77e"",""source_sheet"":""中央国家行政机关省级以下直属机构"",""filter_version"":""government_tech_v2"",""tech_filter"":{""is_tech"":true,""is_core_tech"":true,""scope"":""core"",""categories"":[""computer_software""],""matched_fields"":[""major"",""description""],""major_terms"":[""计算机类""],""role_terms"":[""信息科技"",""信息系统"",""软硬件""],""reason"":""tech_major_and_role""},""original"":{""部门代码"":""132128"",""部门名称"":""国家金融监督管理总局甘肃监管局"",""用人司局"":""国家金融监督管理总局永昌监管支局"",""机构性质"":""中央国家行政机关省级以下直属机构"",""招考职位"":""统计信息部门一级主任科员及以下"",""职位属性"":""金融监管计算机类职位"",""职位分布"":""西部地区和艰苦边远地区职位"",""职位简介"":""主要从事金融信息科技风险监管、电子设备软硬件管理及信息系统运行维护等工作"",""职位代码"":""300147729001"",""机构层级"":""县（区）级及以下"",""考试类别"":""市（地）级及以下直属机构综合管理类"",""招考人数"":""1"",""专业"":""计算机类专业"",""学历"":""仅限本科"",""学位"":""学士"",""政治面貌"":""不限"",""基层工作最低年限"":""无限制"",""服务基层项目工作经历"":""无限制"",""是否在面试阶段组织专业能力测试"":""否"",""面试人员比例"":""3:1"",""工作地点"":""甘肃省金昌市永昌县"",""落户地点"":""甘肃省金昌市永昌县"",""备注"":""1.报名时请在专业栏中同时填写专业名称和专业代码；2.限应届高校毕业生报考，请在备注栏中注明本人具有应届高校毕业生身份；3.要求本科学历大学英语四级成绩425分及以上，请在外语水平栏中注明成绩；4.有关专业考试信息参见国家金融监督管理总局2025年度考试大纲。"",""部门网站"":""http://www.cbirc.gov.cn/"",""咨询电话1"":""0931-8855344"",""咨询电话2"":""0931-8822952"",""咨询电话3"":"""",""来源Sheet"":""中央国家行政机关省级以下直属机构""}}"
"government_jobs","国家公务员2025招考简章","公务员/事业单位技术岗位","甘肃省陇南市成县","2026-07-28T09:12:58.310295+00:00","统计信息部门一级主任科员及以下","国家金融监督管理总局甘肃监管局","","甘肃省陇南市成县","公务员/事业单位;2025;computer_software;仅限本科;学士;计算机类专业;市（地）级及以下直属机构综合管理类","用人司局：国家金融监督管理总局成县监管支局
职位简介：主要从事金融信息科技风险监管、电子设备软硬件管理及信息系统运行维护等工作
专业要求：计算机类专业
学历要求：仅限本科
学位要求：学士
政治面貌：不限
基层工作经历：无限制
考试类别：市（地）级及以下直属机构综合管理类
备注：1.报名时请在专业栏中同时填写专业名称和专业代码；2.限应届高校毕业生报考，请在备注栏中注明本人具有应届高校毕业生身份；3.要求本科学历大学英语四级成绩425分及以上，请在外语水平栏中注明成绩；4.有关专业考试信息参见国家金融监督管理总局2025年度考试大纲。","https://www.xjhc.gov.cn/xjhc/c116834/202410/a29382e11a674da3be3353af65f9fcc5.shtml#132128-300147733001","2024-10-14","{""dataset_year"":2025,""job_uid"":""GOV-2025-132128-300147733001"",""publisher"":""国家公务员局"",""publication_page"":""https://www.xjhc.gov.cn/xjhc/c116834/202410/a29382e11a674da3be3353af65f9fcc5.shtml"",""attachment_url"":""https://www.xjhc.gov.cn/xjhc/c116834/202410/a29382e11a674da3be3353af65f9fcc5/files/0536cef86e2b46ddad6aae5a3780089e.xls"",""local_source_file"":""2025_guokao_zhaokaojianzhang.xls"",""local_source_sha256"":""07ae6cab368cd21b7a1ac3e8150fe9a3d39ad5171ce76135ff3cccfe50c3e77e"",""source_sheet"":""中央国家行政机关省级以下直属机构"",""filter_version"":""government_tech_v2"",""tech_filter"":{""is_tech"":true,""is_core_tech"":true,""scope"":""core"",""categories"":[""computer_software""],""matched_fields"":[""major"",""description""],""major_terms"":[""计算机类""],""role_terms"":[""信息科技"",""信息系统"",""软硬件""],""reason"":""tech_major_and_role""},""original"":{""部门代码"":""132128"",""部门名称"":""国家金融监督管理总局甘肃监管局"",""用人司局"":""国家金融监督管理总局成县监管支局"",""机构性质"":""中央国家行政机关省级以下直属机构"",""招考职位"":""统计信息部门一级主任科员及以下"",""职位属性"":""金融监管计算机类职位"",""职位分布"":""西部地区和艰苦边远地区职位"",""职位简介"":""主要从事金融信息科技风险监管、电子设备软硬件管理及信息系统运行维护等工作"",""职位代码"":""300147733001"",""机构层级"":""县（区）级及以下"",""考试类别"":""市（地）级及以下直属机构综合管理类"",""招考人数"":""1"",""专业"":""计算机类专业"",""学历"":""仅限本科"",""学位"":""学士"",""政治面貌"":""不限"",""基层工作最低年限"":""无限制"",""服务基层项目工作经历"":""无限制"",""是否在面试阶段组织专业能力测试"":""否"",""面试人员比例"":""3:1"",""工作地点"":""甘肃省陇南市成县"",""落户地点"":""甘肃省陇南市成县"",""备注"":""1.报名时请在专业栏中同时填写专业名称和专业代码；2.限应届高校毕业生报考，请在备注栏中注明本人具有应届高校毕业生身份；3.要求本科学历大学英语四级成绩425分及以上，请在外语水平栏中注明成绩；4.有关专业考试信息参见国家金融监督管理总局2025年度考试大纲。"",""部门网站"":""http://www.cbirc.gov.cn/"",""咨询电话1"":""0931-8855344"",""咨询电话2"":""0931-8822952"",""咨询电话3"":"""",""来源Sheet"":""中央国家行政机关省级以下直属机构""}}"
"government_jobs","国家公务员2025招考简章","公务员/事业单位技术岗位","甘肃省陇南市徽县","2026-07-28T09:12:58.310295+00:00","统计信息部门一级主任科员及以下","国家金融监督管理总局甘肃监管局","","甘肃省陇南市徽县","公务员/事业单位;2025;computer_software;仅限本科;学士;计算机类专业;市（地）级及以下直属机构综合管理类","用人司局：国家金融监督管理总局徽县监管支局
职位简介：主要从事金融信息科技风险监管、电子设备软硬件管理及信息系统运行维护等工作
专业要求：计算机类专业
学历要求：仅限本科
学位要求：学士
政治面貌：不限
基层工作经历：无限制
考试类别：市（地）级及以下直属机构综合管理类
备注：1.报名时请在专业栏中同时填写专业名称和专业代码；2.限应届高校毕业生报考，请在备注栏中注明本人具有应届高校毕业生身份；3.要求本科学历大学英语四级成绩425分及以上，请在外语水平栏中注明成绩；4.有关专业考试信息参见国家金融监督管理总局2025年度考试大纲。","https://www.xjhc.gov.cn/xjhc/c116834/202410/a29382e11a674da3be3353af65f9fcc5.shtml#132128-300147734001","2024-10-14","{""dataset_year"":2025,""job_uid"":""GOV-2025-132128-300147734001"",""publisher"":""国家公务员局"",""publication_page"":""https://www.xjhc.gov.cn/xjhc/c116834/202410/a29382e11a674da3be3353af65f9fcc5.shtml"",""attachment_url"":""https://www.xjhc.gov.cn/xjhc/c116834/202410/a29382e11a674da3be3353af65f9fcc5/files/0536cef86e2b46ddad6aae5a3780089e.xls"",""local_source_file"":""2025_guokao_zhaokaojianzhang.xls"",""local_source_sha256"":""07ae6cab368cd21b7a1ac3e8150fe9a3d39ad5171ce76135ff3cccfe50c3e77e"",""source_sheet"":""中央国家行政机关省级以下直属机构"",""filter_version"":""government_tech_v2"",""tech_filter"":{""is_tech"":true,""is_core_tech"":true,""scope"":""core"",""categories"":[""computer_software""],""matched_fields"":[""major"",""description""],""major_terms"":[""计算机类""],""role_terms"":[""信息科技"",""信息系统"",""软硬件""],""reason"":""tech_major_and_role""},""original"":{""部门代码"":""132128"",""部门名称"":""国家金融监督管理总局甘肃监管局"",""用人司局"":""国家金融监督管理总局徽县监管支局"",""机构性质"":""中央国家行政机关省级以下直属机构"",""招考职位"":""统计信息部门一级主任科员及以下"",""职位属性"":""金融监管计算机类职位"",""职位分布"":""西部地区和艰苦边远地区职位"",""职位简介"":""主要从事金融信息科技风险监管、电子设备软硬件管理及信息系统运行维护等工作"",""职位代码"":""300147734001"",""机构层级"":""县（区）级及以下"",""考试类别"":""市（地）级及以下直属机构综合管理类"",""招考人数"":""1"",""专业"":""计算机类专业"",""学历"":""仅限本科"",""学位"":""学士"",""政治面貌"":""不限"",""基层工作最低年限"":""无限制"",""服务基层项目工作经历"":""无限制"",""是否在面试阶段组织专业能力测试"":""否"",""面试人员比例"":""3:1"",""工作地点"":""甘肃省陇南市徽县"",""落户地点"":""甘肃省陇南市徽县"",""备注"":""1.报名时请在专业栏中同时填写专业名称和专业代码；2.限应届高校毕业生报考，请在备注栏中注明本人具有应届高校毕业生身份；3.要求本科学历大学英语四级成绩425分及以上，请在外语水平栏中注明成绩；4.有关专业考试信息参见国家金融监督管理总局2025年度考试大纲。"",""部门网站"":""http://www.cbirc.gov.cn/"",""咨询电话1"":""0931-8855344"",""咨询电话2"":""0931-8822952"",""咨询电话3"":"""",""来源Sheet"":""中央国家行政机关省级以下直属机构""}}"
"government_jobs","国家公务员2025招考简章","公务员/事业单位技术岗位","青海省西宁市城东区","2026-07-28T09:12:58.310295+00:00","统计信息部门一级主任科员及以下","国家金融监督管理总局青海监管局","","青海省西宁市城东区","公务员/事业单位;2025;computer_software;cybersecurity_cryptography;electronics_communication;本科及以上;与最高学历相对应的学位;本科：计算机科学与技术、软件工程、网络工程、信息安全、物联网工程、数字媒体技术 硕士研究生：信息与通信工程、计算机科学与技术、软件工程、电子信息、网络空间安全;中央机关及其省级直属机构综合管理类","用人司局：国家金融监督管理总局青海监管局
职位简介：主要从事金融信息科技风险监管、电子设备软硬件管理及信息系统运行维护等工作
专业要求：本科：计算机科学与技术、软件工程、网络工程、信息安全、物联网工程、数字媒体技术 硕士研究生：信息与通信工程、计算机科学与技术、软件工程、电子信息、网络空间安全
学历要求：本科及以上
学位要求：与最高学历相对应的学位
政治面貌：不限
基层工作经历：二年
考试类别：中央机关及其省级直属机构综合管理类
备注：1.报名时请在专业栏中同时填写专业名称和专业代码；2.要求本科学历大学英语四级成绩425分及以上，请在外语水平栏中注明成绩；要求研究生学历大学英语六级成绩425分及以上，请在外语水平栏中注明成绩；3.专业考试信息请参见国家金融监督管理总局2025年度招考公告。","https://www.xjhc.gov.cn/xjhc/c116834/202410/a29382e11a674da3be3353af65f9fcc5.shtml#132129-300147735001","2024-10-14","{""dataset_year"":2025,""job_uid"":""GOV-2025-132129-300147735001"",""publisher"":""国家公务员局"",""publication_page"":""https://www.xjhc.gov.cn/xjhc/c116834/202410/a29382e11a674da3be3353af65f9fcc5.shtml"",""attachment_url"":""https://www.xjhc.gov.cn/xjhc/c116834/202410/a29382e11a674da3be3353af65f9fcc5/files/0536cef86e2b46ddad6aae5a3780089e.xls"",""local_source_file"":""2025_guokao_zhaokaojianzhang.xls"",""local_source_sha256"":""07ae6cab368cd21b7a1ac3e8150fe9a3d39ad5171ce76135ff3cccfe50c3e77e"",""source_sheet"":""中央国家行政机关省级以下直属机构"",""filter_version"":""government_tech_v2"",""tech_filter"":{""is_tech"":true,""is_core_tech"":true,""scope"":""core"",""categories"":[""computer_software"",""cybersecurity_cryptography"",""electronics_communication""],""matched_fields"":[""major"",""description""],""major_terms"":[""信息与通信工程"",""信息安全"",""数字媒体技术"",""物联网工程"",""电子信息"",""网络工程"",""网络空间安全"",""计算机科学与技术"",""软件工程"",""通信工程""],""role_terms"":[""信息科技"",""信息系统"",""软硬件""],""reason"":""tech_major_and_role""},""original"":{""部门代码"":""132129"",""部门名称"":""国家金融监督管理总局青海监管局"",""用人司局"":""国家金融监督管理总局青海监管局"",""机构性质"":""中央国家行政机关省级以下直属机构"",""招考职位"":""统计信息部门一级主任科员及以下"",""职位属性"":""金融监管计算机类职位"",""职位分布"":""其他职位"",""职位简介"":""主要从事金融信息科技风险监管、电子设备软硬件管理及信息系统运行维护等工作"",""职位代码"":""300147735001"",""机构层级"":""省（副省）级"",""考试类别"":""中央机关及其省级直属机构综合管理类"",""招考人数"":""2"",""专业"":""本科：计算机科学与技术、软件工程、网络工程、信息安全、物联网工程、数字媒体技术 硕士研究生：信息与通信工程、计算机科学与技术、软件工程、电子信息、网络空间安全"",""学历"":""本科及以上"",""学位"":""与最高学历相对应的学位"",""政治面貌"":""不限"",""基层工作最低年限"":""二年"",""服务基层项目工作经历"":""无限制"",""是否在面试阶段组织专业能力测试"":""否"",""面试人员比例"":""4:1"",""工作地点"":""青海省西宁市城东区"",""落户地点"":""青海省西宁市城东区"",""备注"":""1.报名时请在专业栏中同时填写专业名称和专业代码；2.要求本科学历大学英语四级成绩425分及以上，请在外语水平栏中注明成绩；要求研究生学历大学英语六级成绩425分及以上，请在外语水平栏中注明成绩；3.专业考试信息请参见国家金融监督管理总局2025年度招考公告。"",""部门网站"":""http://www.cbirc.gov.cn/"",""咨询电话1"":""0971-8818279"",""咨询电话2"":"""",""咨询电话3"":"""",""来源Sheet"":""中央国家行政机关省级以下直属机构""}}"
"government_jobs","国家公务员2025招考简章","公务员/事业单位技术岗位","青海省海北藏族自治州海晏县","2026-07-28T09:12:58.310295+00:00","统计信息部门一级主任科员及以下","国家金融监督管理总局青海监管局","","青海省海北藏族自治州海晏县","公务员/事业单位;2025;computer_software;cybersecurity_cryptography;electronics_communication;本科及以上;与最高学历相对应的学位;本科：计算机科学与技术、软件工程、网络工程、信息安全、物联网工程、数字媒体技术 硕士研究生：信息与通信工程、计算机科学与技术、软件工程、电子信息、网络空间安全;市（地）级及以下直属机构综合管理类","用人司局：国家金融监督管理总局海北监管分局
职位简介：主要从事金融信息科技风险监管、电子设备软硬件管理及信息系统运行维护等工作
专业要求：本科：计算机科学与技术、软件工程、网络工程、信息安全、物联网工程、数字媒体技术 硕士研究生：信息与通信工程、计算机科学与技术、软件工程、电子信息、网络空间安全
学历要求：本科及以上
学位要求：与最高学历相对应的学位
政治面貌：不限
基层工作经历：无限制
考试类别：市（地）级及以下直属机构综合管理类
备注：1.报名时请在专业栏中同时填写专业名称和专业代码；2.专业考试信息请参见国家金融监督管理总局2025年度招考公告。","https://www.xjhc.gov.cn/xjhc/c116834/202410/a29382e11a674da3be3353af65f9fcc5.shtml#132129-300147737001","2024-10-14","{""dataset_year"":2025,""job_uid"":""GOV-2025-132129-300147737001"",""publisher"":""国家公务员局"",""publication_page"":""https://www.xjhc.gov.cn/xjhc/c116834/202410/a29382e11a674da3be3353af65f9fcc5.shtml"",""attachment_url"":""https://www.xjhc.gov.cn/xjhc/c116834/202410/a29382e11a674da3be3353af65f9fcc5/files/0536cef86e2b46ddad6aae5a3780089e.xls"",""local_source_file"":""2025_guokao_zhaokaojianzhang.xls"",""local_source_sha256"":""07ae6cab368cd21b7a1ac3e8150fe9a3d39ad5171ce76135ff3cccfe50c3e77e"",""source_sheet"":""中央国家行政机关省级以下直属机构"",""filter_version"":""government_tech_v2"",""tech_filter"":{""is_tech"":true,""is_core_tech"":true,""scope"":""core"",""categories"":[""computer_software"",""cybersecurity_cryptography"",""electronics_communication""],""matched_fields"":[""major"",""description""],""major_terms"":[""信息与通信工程"",""信息安全"",""数字媒体技术"",""物联网工程"",""电子信息"",""网络工程"",""网络空间安全"",""计算机科学与技术"",""软件工程"",""通信工程""],""role_terms"":[""信息科技"",""信息系统"",""软硬件""],""reason"":""tech_major_and_role""},""original"":{""部门代码"":""132129"",""部门名称"":""国家金融监督管理总局青海监管局"",""用人司局"":""国家金融监督管理总局海北监管分局"",""机构性质"":""中央国家行政机关省级以下直属机构"",""招考职位"":""统计信息部门一级主任科员及以下"",""职位属性"":""金融监管计算机类职位"",""职位分布"":""西部地区和艰苦边远地区职位"",""职位简介"":""主要从事金融信息科技风险监管、电子设备软硬件管理及信息系统运行维护等工作"",""职位代码"":""300147737001"",""机构层级"":""市（地）级"",""考试类别"":""市（地）级及以下直属机构综合管理类"",""招考人数"":""1"",""专业"":""本科：计算机科学与技术、软件工程、网络工程、信息安全、物联网工程、数字媒体技术 硕士研究生：信息与通信工程、计算机科学与技术、软件工程、电子信息、网络空间安全"",""学历"":""本科及以上"",""学位"":""与最高学历相对应的学位"",""政治面貌"":""不限"",""基层工作最低年限"":""无限制"",""服务基层项目工作经历"":""无限制"",""是否在面试阶段组织专业能力测试"":""否"",""面试人员比例"":""3:1"",""工作地点"":""青海省海北藏族自治州海晏县"",""落户地点"":""青海省海北藏族自治州海晏县"",""备注"":""1.报名时请在专业栏中同时填写专业名称和专业代码；2.专业考试信息请参见国家金融监督管理总局2025年度招考公告。"",""部门网站"":""http://www.cbirc.gov.cn/"",""咨询电话1"":""0971-8818279"",""咨询电话2"":"""",""咨询电话3"":"""",""来源Sheet"":""中央国家行政机关省级以下直属机构""}}"
"government_jobs","国家公务员2025招考简章","公务员/事业单位技术岗位","青海省黄南藏族自治州同仁市","2026-07-28T09:12:58.310295+00:00","统计信息部门一级主任科员及以下","国家金融监督管理总局青海监管局","","青海省黄南藏族自治州同仁市","公务员/事业单位;2025;computer_software;cybersecurity_cryptography;electronics_communication;本科及以上;与最高学历相对应的学位;本科：计算机科学与技术、软件工程、网络工程、信息安全、物联网工程、数字媒体技术 硕士研究生：信息与通信工程、计算机科学与技术、软件工程、电子信息、网络空间安全;市（地）级及以下直属机构综合管理类","用人司局：国家金融监督管理总局黄南监管分局
职位简介：主要从事金融信息科技风险监管、电子设备软硬件管理及信息系统运行维护等工作
专业要求：本科：计算机科学与技术、软件工程、网络工程、信息安全、物联网工程、数字媒体技术 硕士研究生：信息与通信工程、计算机科学与技术、软件工程、电子信息、网络空间安全
学历要求：本科及以上
学位要求：与最高学历相对应的学位
政治面貌：不限
基层工作经历：无限制
考试类别：市（地）级及以下直属机构综合管理类
备注：1.报名时请在专业栏中同时填写专业名称和专业代码；2.专业考试信息请参见国家金融监督管理总局2025年度招考公告。","https://www.xjhc.gov.cn/xjhc/c116834/202410/a29382e11a674da3be3353af65f9fcc5.shtml#132129-300147738001","2024-10-14","{""dataset_year"":2025,""job_uid"":""GOV-2025-132129-300147738001"",""publisher"":""国家公务员局"",""publication_page"":""https://www.xjhc.gov.cn/xjhc/c116834/202410/a29382e11a674da3be3353af65f9fcc5.shtml"",""attachment_url"":""https://www.xjhc.gov.cn/xjhc/c116834/202410/a29382e11a674da3be3353af65f9fcc5/files/0536cef86e2b46ddad6aae5a3780089e.xls"",""local_source_file"":""2025_guokao_zhaokaojianzhang.xls"",""local_source_sha256"":""07ae6cab368cd21b7a1ac3e8150fe9a3d39ad5171ce76135ff3cccfe50c3e77e"",""source_sheet"":""中央国家行政机关省级以下直属机构"",""filter_version"":""government_tech_v2"",""tech_filter"":{""is_tech"":true,""is_core_tech"":true,""scope"":""core"",""categories"":[""computer_software"",""cybersecurity_cryptography"",""electronics_communication""],""matched_fields"":[""major"",""description""],""major_terms"":[""信息与通信工程"",""信息安全"",""数字媒体技术"",""物联网工程"",""电子信息"",""网络工程"",""网络空间安全"",""计算机科学与技术"",""软件工程"",""通信工程""],""role_terms"":[""信息科技"",""信息系统"",""软硬件""],""reason"":""tech_major_and_role""},""original"":{""部门代码"":""132129"",""部门名称"":""国家金融监督管理总局青海监管局"",""用人司局"":""国家金融监督管理总局黄南监管分局"",""机构性质"":""中央国家行政机关省级以下直属机构"",""招考职位"":""统计信息部门一级主任科员及以下"",""职位属性"":""金融监管计算机类职位"",""职位分布"":""西部地区和艰苦边远地区职位"",""职位简介"":""主要从事金融信息科技风险监管、电子设备软硬件管理及信息系统运行维护等工作"",""职位代码"":""300147738001"",""机构层级"":""市（地）级"",""考试类别"":""市（地）级及以下直属机构综合管理类"",""招考人数"":""1"",""专业"":""本科：计算机科学与技术、软件工程、网络工程、信息安全、物联网工程、数字媒体技术 硕士研究生：信息与通信工程、计算机科学与技术、软件工程、电子信息、网络空间安全"",""学历"":""本科及以上"",""学位"":""与最高学历相对应的学位"",""政治面貌"":""不限"",""基层工作最低年限"":""无限制"",""服务基层项目工作经历"":""无限制"",""是否在面试阶段组织专业能力测试"":""否"",""面试人员比例"":""3:1"",""工作地点"":""青海省黄南藏族自治州同仁市"",""落户地点"":""青海省黄南藏族自治州同仁市"",""备注"":""1.报名时请在专业栏中同时填写专业名称和专业代码；2.专业考试信息请参见国家金融监督管理总局2025年度招考公告。"",""部门网站"":""http://www.cbirc.gov.cn/"",""咨询电话1"":""0971-8818279"",""咨询电话2"":"""",""咨询电话3"":"""",""来源Sheet"":""中央国家行政机关省级以下直属机构""}}"
"government_jobs","国家公务员2025招考简章","公务员/事业单位技术岗位","青海省海北藏族自治州门源回族自治县","2026-07-28T09:12:58.310295+00:00","统计信息部门一级主任科员及以下","国家金融监督管理总局青海监管局","","青海省海北藏族自治州门源回族自治县","公务员/事业单位;2025;computer_software;cybersecurity_cryptography;electronics_communication;本科及以上;与最高学历相对应的学位;本科：计算机科学与技术、软件工程、网络工程、信息安全、物联网工程、数字媒体技术 硕士研究生：信息与通信工程、计算机科学与技术、软件工程、电子信息、网络空间安全;市（地）级及以下直属机构综合管理类","用人司局：国家金融监督管理总局门源监管支局
职位简介：主要从事金融信息科技风险监管、电子设备软硬件管理及信息系统运行维护等工作
专业要求：本科：计算机科学与技术、软件工程、网络工程、信息安全、物联网工程、数字媒体技术 硕士研究生：信息与通信工程、计算机科学与技术、软件工程、电子信息、网络空间安全
学历要求：本科及以上
学位要求：与最高学历相对应的学位
政治面貌：不限
基层工作经历：无限制
考试类别：市（地）级及以下直属机构综合管理类
备注：1.报名时请在专业栏中同时填写专业名称和专业代码；2.专业考试信息请参见国家金融监督管理总局2025年度招考公告。","https://www.xjhc.gov.cn/xjhc/c116834/202410/a29382e11a674da3be3353af65f9fcc5.shtml#132129-300147741001","2024-10-14","{""dataset_year"":2025,""job_uid"":""GOV-2025-132129-300147741001"",""publisher"":""国家公务员局"",""publication_page"":""https://www.xjhc.gov.cn/xjhc/c116834/202410/a29382e11a674da3be3353af65f9fcc5.shtml"",""attachment_url"":""https://www.xjhc.gov.cn/xjhc/c116834/202410/a29382e11a674da3be3353af65f9fcc5/files/0536cef86e2b46ddad6aae5a3780089e.xls"",""local_source_file"":""2025_guokao_zhaokaojianzhang.xls"",""local_source_sha256"":""07ae6cab368cd21b7a1ac3e8150fe9a3d39ad5171ce76135ff3cccfe50c3e77e"",""source_sheet"":""中央国家行政机关省级以下直属机构"",""filter_version"":""government_tech_v2"",""tech_filter"":{""is_tech"":true,""is_core_tech"":true,""scope"":""core"",""categories"":[""computer_software"",""cybersecurity_cryptography"",""electronics_communication""],""matched_fields"":[""major"",""description""],""major_terms"":[""信息与通信工程"",""信息安全"",""数字媒体技术"",""物联网工程"",""电子信息"",""网络工程"",""网络空间安全"",""计算机科学与技术"",""软件工程"",""通信工程""],""role_terms"":[""信息科技"",""信息系统"",""软硬件""],""reason"":""tech_major_and_role""},""original"":{""部门代码"":""132129"",""部门名称"":""国家金融监督管理总局青海监管局"",""用人司局"":""国家金融监督管理总局门源监管支局"",""机构性质"":""中央国家行政机关省级以下直属机构"",""招考职位"":""统计信息部门一级主任科员及以下"",""职位属性"":""金融监管计算机类职位"",""职位分布"":""西部地区和艰苦边远地区职位"",""职位简介"":""主要从事金融信息科技风险监管、电子设备软硬件管理及信息系统运行维护等工作"",""职位代码"":""300147741001"",""机构层级"":""县（区）级及以下"",""考试类别"":""市（地）级及以下直属机构综合管理类"",""招考人数"":""1"",""专业"":""本科：计算机科学与技术、软件工程、网络工程、信息安全、物联网工程、数字媒体技术 硕士研究生：信息与通信工程、计算机科学与技术、软件工程、电子信息、网络空间安全"",""学历"":""本科及以上"",""学位"":""与最高学历相对应的学位"",""政治面貌"":""不限"",""基层工作最低年限"":""无限制"",""服务基层项目工作经历"":""无限制"",""是否在面试阶段组织专业能力测试"":""否"",""面试人员比例"":""3:1"",""工作地点"":""青海省海北藏族自治州门源回族自治县"",""落户地点"":""青海省海北藏族自治州门源回族自治县"",""备注"":""1.报名时请在专业栏中同时填写专业名称和专业代码；2.专业考试信息请参见国家金融监督管理总局2025年度招考公告。"",""部门网站"":""http://www.cbirc.gov.cn/"",""咨询电话1"":""0971-8818279"",""咨询电话2"":"""",""咨询电话3"":"""",""来源Sheet"":""中央国家行政机关省级以下直属机构""}}"
"government_jobs","国家公务员2025招考简章","公务员/事业单位技术岗位","青海省海西蒙古族藏族自治州格尔木市","2026-07-28T09:12:58.310295+00:00","统计信息部门一级主任科员及以下","国家金融监督管理总局青海监管局","","青海省海西蒙古族藏族自治州格尔木市","公务员/事业单位;2025;computer_software;cybersecurity_cryptography;electronics_communication;本科及以上;与最高学历相对应的学位;本科：计算机科学与技术、软件工程、网络工程、信息安全、物联网工程、数字媒体技术 硕士研究生：信息与通信工程、计算机科学与技术、软件工程、电子信息、网络空间安全;市（地）级及以下直属机构综合管理类","用人司局：国家金融监督管理总局格尔木监管支局
职位简介：主要从事金融信息科技风险监管、电子设备软硬件管理及信息系统运行维护等工作
专业要求：本科：计算机科学与技术、软件工程、网络工程、信息安全、物联网工程、数字媒体技术 硕士研究生：信息与通信工程、计算机科学与技术、软件工程、电子信息、网络空间安全
学历要求：本科及以上
学位要求：与最高学历相对应的学位
政治面貌：不限
基层工作经历：无限制
考试类别：市（地）级及以下直属机构综合管理类
备注：1.报名时请在专业栏中同时填写专业名称和专业代码；2.专业考试信息请参见国家金融监督管理总局2025年度招考公告。","https://www.xjhc.gov.cn/xjhc/c116834/202410/a29382e11a674da3be3353af65f9fcc5.shtml#132129-300147742001","2024-10-14","{""dataset_year"":2025,""job_uid"":""GOV-2025-132129-300147742001"",""publisher"":""国家公务员局"",""publication_page"":""https://www.xjhc.gov.cn/xjhc/c116834/202410/a29382e11a674da3be3353af65f9fcc5.shtml"",""attachment_url"":""https://www.xjhc.gov.cn/xjhc/c116834/202410/a29382e11a674da3be3353af65f9fcc5/files/0536cef86e2b46ddad6aae5a3780089e.xls"",""local_source_file"":""2025_guokao_zhaokaojianzhang.xls"",""local_source_sha256"":""07ae6cab368cd21b7a1ac3e8150fe9a3d39ad5171ce76135ff3cccfe50c3e77e"",""source_sheet"":""中央国家行政机关省级以下直属机构"",""filter_version"":""government_tech_v2"",""tech_filter"":{""is_tech"":true,""is_core_tech"":true,""scope"":""core"",""categories"":[""computer_software"",""cybersecurity_cryptography"",""electronics_communication""],""matched_fields"":[""major"",""description""],""major_terms"":[""信息与通信工程"",""信息安全"",""数字媒体技术"",""物联网工程"",""电子信息"",""网络工程"",""网络空间安全"",""计算机科学与技术"",""软件工程"",""通信工程""],""role_terms"":[""信息科技"",""信息系统"",""软硬件""],""reason"":""tech_major_and_role""},""original"":{""部门代码"":""132129"",""部门名称"":""国家金融监督管理总局青海监管局"",""用人司局"":""国家金融监督管理总局格尔木监管支局"",""机构性质"":""中央国家行政机关省级以下直属机构"",""招考职位"":""统计信息部门一级主任科员及以下"",""职位属性"":""金融监管计算机类职位"",""职位分布"":""西部地区和艰苦边远地区职位"",""职位简介"":""主要从事金融信息科技风险监管、电子设备软硬件管理及信息系统运行维护等工作"",""职位代码"":""300147742001"",""机构层级"":""县（区）级及以下"",""考试类别"":""市（地）级及以下直属机构综合管理类"",""招考人数"":""1"",""专业"":""本科：计算机科学与技术、软件工程、网络工程、信息安全、物联网工程、数字媒体技术 硕士研究生：信息与通信工程、计算机科学与技术、软件工程、电子信息、网络空间安全"",""学历"":""本科及以上"",""学位"":""与最高学历相对应的学位"",""政治面貌"":""不限"",""基层工作最低年限"":""无限制"",""服务基层项目工作经历"":""无限制"",""是否在面试阶段组织专业能力测试"":""否"",""面试人员比例"":""3:1"",""工作地点"":""青海省海西蒙古族藏族自治州格尔木市"",""落户地点"":""青海省海西蒙古族藏族自治州格尔木市"",""备注"":""1.报名时请在专业栏中同时填写专业名称和专业代码；2.专业考试信息请参见国家金融监督管理总局2025年度招考公告。"",""部门网站"":""http://www.cbirc.gov.cn/"",""咨询电话1"":""0971-8818279"",""咨询电话2"":"""",""咨询电话3"":"""",""来源Sheet"":""中央国家行政机关省级以下直属机构""}}"
"government_jobs","国家公务员2025招考简章","公务员/事业单位技术岗位","宁夏回族自治区银川市","2026-07-28T09:12:58.310295+00:00","统计信息部门一级主任科员及以下","国家金融监督管理总局宁夏监管局","","宁夏回族自治区银川市","公务员/事业单位;2025;computer_software;硕士研究生及以上;与最高学历相对应的学位;计算机类（不含物联网工程、数字媒体技术等专业）;中央机关及其省级直属机构综合管理类","用人司局：国家金融监督管理总局宁夏监管局
职位简介：主要从事金融信息科技风险监管、电子设备软硬件管理及信息系统运行维护等工作。
专业要求：计算机类（不含物联网工程、数字媒体技术等专业）
学历要求：硕士研究生及以上
学位要求：与最高学历相对应的学位
政治面貌：不限
基层工作经历：二年
考试类别：中央机关及其省级直属机构综合管理类
备注：1.报名时请在专业栏中同时填写专业名称和专业代码；2.落户须符合当地有关政策，单位无法办理集体户口；3.要求研究生学历大学英语六级成绩425分及以上，请在外语水平栏中注明成绩；4.专业考试信息请参见国家金融监督管理总局2025年度招考公告。","https://www.xjhc.gov.cn/xjhc/c116834/202410/a29382e11a674da3be3353af65f9fcc5.shtml#132130-300147743001","2024-10-14","{""dataset_year"":2025,""job_uid"":""GOV-2025-132130-300147743001"",""publisher"":""国家公务员局"",""publication_page"":""https://www.xjhc.gov.cn/xjhc/c116834/202410/a29382e11a674da3be3353af65f9fcc5.shtml"",""attachment_url"":""https://www.xjhc.gov.cn/xjhc/c116834/202410/a29382e11a674da3be3353af65f9fcc5/files/0536cef86e2b46ddad6aae5a3780089e.xls"",""local_source_file"":""2025_guokao_zhaokaojianzhang.xls"",""local_source_sha256"":""07ae6cab368cd21b7a1ac3e8150fe9a3d39ad5171ce76135ff3cccfe50c3e77e"",""source_sheet"":""中央国家行政机关省级以下直属机构"",""filter_version"":""government_tech_v2"",""tech_filter"":{""is_tech"":true,""is_core_tech"":true,""scope"":""core"",""categories"":[""computer_software""],""matched_fields"":[""major"",""description""],""major_terms"":[""数字媒体技术"",""物联网工程"",""计算机类""],""role_terms"":[""信息科技"",""信息系统"",""软硬件""],""reason"":""tech_major_and_role""},""original"":{""部门代码"":""132130"",""部门名称"":""国家金融监督管理总局宁夏监管局"",""用人司局"":""国家金融监督管理总局宁夏监管局"",""机构性质"":""中央国家行政机关省级以下直属机构"",""招考职位"":""统计信息部门一级主任科员及以下"",""职位属性"":""金融监管计算机类职位"",""职位分布"":""其他职位"",""职位简介"":""主要从事金融信息科技风险监管、电子设备软硬件管理及信息系统运行维护等工作。"",""职位代码"":""300147743001"",""机构层级"":""省（副省）级"",""考试类别"":""中央机关及其省级直属机构综合管理类"",""招考人数"":""1"",""专业"":""计算机类（不含物联网工程、数字媒体技术等专业）"",""学历"":""硕士研究生及以上"",""学位"":""与最高学历相对应的学位"",""政治面貌"":""不限"",""基层工作最低年限"":""二年"",""服务基层项目工作经历"":""无限制"",""是否在面试阶段组织专业能力测试"":""否"",""面试人员比例"":""4:1"",""工作地点"":""宁夏回族自治区银川市"",""落户地点"":""宁夏回族自治区银川市"",""备注"":""1.报名时请在专业栏中同时填写专业名称和专业代码；2.落户须符合当地有关政策，单位无法办理集体户口；3.要求研究生学历大学英语六级成绩425分及以上，请在外语水平栏中注明成绩；4.专业考试信息请参见国家金融监督管理总局2025年度招考公告。"",""部门网站"":""http://www.cbirc.gov.cn/"",""咨询电话1"":""0951-6098156"",""咨询电话2"":""0951-6098110"",""咨询电话3"":""0951-6098087"",""来源Sheet"":""中央国家行政机关省级以下直属机构""}}"
"government_jobs","国家公务员2025招考简章","公务员/事业单位技术岗位","宁夏回族自治区吴忠市","2026-07-28T09:12:58.310295+00:00","统计信息部门一级主任科员及以下","国家金融监督管理总局宁夏监管局","","宁夏回族自治区吴忠市","公务员/事业单位;2025;computer_software;本科及以上;与最高学历相对应的学位;计算机类（不含物联网工程、数字媒体技术等专业）;市（地）级及以下直属机构综合管理类","用人司局：国家金融监督管理总局吴忠监管分局
职位简介：主要从事金融信息科技风险监管、电子设备软硬件管理及信息系统运行维护等工作。
专业要求：计算机类（不含物联网工程、数字媒体技术等专业）
学历要求：本科及以上
学位要求：与最高学历相对应的学位
政治面貌：不限
基层工作经历：无限制
考试类别：市（地）级及以下直属机构综合管理类
备注：1.报名时请在专业栏中同时填写专业名称和专业代码；2.限应届高校毕业生报考，请在备注栏中注明本人具有应届高校毕业生身份；3.落户须符合当地有关政策，单位无法办理集体户口；4.要求本科学历大学英语四级成绩425分及以上，请在外语水平栏中注明成绩；5.专业考试信息请参见国家金融监督管理总局2025年度招考公告。","https://www.xjhc.gov.cn/xjhc/c116834/202410/a29382e11a674da3be3353af65f9fcc5.shtml#132130-300147744001","2024-10-14","{""dataset_year"":2025,""job_uid"":""GOV-2025-132130-300147744001"",""publisher"":""国家公务员局"",""publication_page"":""https://www.xjhc.gov.cn/xjhc/c116834/202410/a29382e11a674da3be3353af65f9fcc5.shtml"",""attachment_url"":""https://www.xjhc.gov.cn/xjhc/c116834/202410/a29382e11a674da3be3353af65f9fcc5/files/0536cef86e2b46ddad6aae5a3780089e.xls"",""local_source_file"":""2025_guokao_zhaokaojianzhang.xls"",""local_source_sha256"":""07ae6cab368cd21b7a1ac3e8150fe9a3d39ad5171ce76135ff3cccfe50c3e77e"",""source_sheet"":""中央国家行政机关省级以下直属机构"",""filter_version"":""government_tech_v2"",""tech_filter"":{""is_tech"":true,""is_core_tech"":true,""scope"":""core"",""categories"":[""computer_software""],""matched_fields"":[""major"",""description""],""major_terms"":[""数字媒体技术"",""物联网工程"",""计算机类""],""role_terms"":[""信息科技"",""信息系统"",""软硬件""],""reason"":""tech_major_and_role""},""original"":{""部门代码"":""132130"",""部门名称"":""国家金融监督管理总局宁夏监管局"",""用人司局"":""国家金融监督管理总局吴忠监管分局"",""机构性质"":""中央国家行政机关省级以下直属机构"",""招考职位"":""统计信息部门一级主任科员及以下"",""职位属性"":""金融监管计算机类职位"",""职位分布"":""西部地区和艰苦边远地区职位"",""职位简介"":""主要从事金融信息科技风险监管、电子设备软硬件管理及信息系统运行维护等工作。"",""职位代码"":""300147744001"",""机构层级"":""市（地）级"",""考试类别"":""市（地）级及以下直属机构综合管理类"",""招考人数"":""1"",""专业"":""计算机类（不含物联网工程、数字媒体技术等专业）"",""学历"":""本科及以上"",""学位"":""与最高学历相对应的学位"",""政治面貌"":""不限"",""基层工作最低年限"":""无限制"",""服务基层项目工作经历"":""无限制"",""是否在面试阶段组织专业能力测试"":""否"",""面试人员比例"":""3:1"",""工作地点"":""宁夏回族自治区吴忠市"",""落户地点"":""宁夏回族自治区吴忠市"",""备注"":""1.报名时请在专业栏中同时填写专业名称和专业代码；2.限应届高校毕业生报考，请在备注栏中注明本人具有应届高校毕业生身份；3.落户须符合当地有关政策，单位无法办理集体户口；4.要求本科学历大学英语四级成绩425分及以上，请在外语水平栏中注明成绩；5.专业考试信息请参见国家金融监督管理总局2025年度招考公告。"",""部门网站"":""http://www.cbirc.gov.cn/"",""咨询电话1"":""0951-6098156"",""咨询电话2"":""0951-6098110"",""咨询电话3"":""0951-6098087"",""来源Sheet"":""中央国家行政机关省级以下直属机构""}}"
"government_jobs","国家公务员2025招考简章","公务员/事业单位技术岗位","宁夏回族自治区银川市灵武市","2026-07-28T09:12:58.310295+00:00","统计信息部门一级主任科员及以下","国家金融监督管理总局宁夏监管局","","宁夏回族自治区银川市灵武市","公务员/事业单位;2025;computer_software;本科及以上;与最高学历相对应的学位;计算机类（不含物联网工程、数字媒体技术等专业）;市（地）级及以下直属机构综合管理类","用人司局：国家金融监督管理总局灵武监管支局
职位简介：主要从事金融信息科技风险监管、电子设备软硬件管理及信息系统运行维护等工作。
专业要求：计算机类（不含物联网工程、数字媒体技术等专业）
学历要求：本科及以上
学位要求：与最高学历相对应的学位
政治面貌：不限
基层工作经历：无限制
考试类别：市（地）级及以下直属机构综合管理类
备注：1.报名时请在专业栏中同时填写专业名称和专业代码；2.落户须符合当地有关政策，单位无法办理集体户口；3.要求本科学历大学英语四级成绩425分及以上，请在外语水平栏中注明成绩；4.专业考试信息请参见国家金融监督管理总局2025年度招考公告。","https://www.xjhc.gov.cn/xjhc/c116834/202410/a29382e11a674da3be3353af65f9fcc5.shtml#132130-300147747001","2024-10-14","{""dataset_year"":2025,""job_uid"":""GOV-2025-132130-300147747001"",""publisher"":""国家公务员局"",""publication_page"":""https://www.xjhc.gov.cn/xjhc/c116834/202410/a29382e11a674da3be3353af65f9fcc5.shtml"",""attachment_url"":""https://www.xjhc.gov.cn/xjhc/c116834/202410/a29382e11a674da3be3353af65f9fcc5/files/0536cef86e2b46ddad6aae5a3780089e.xls"",""local_source_file"":""2025_guokao_zhaokaojianzhang.xls"",""local_source_sha256"":""07ae6cab368cd21b7a1ac3e8150fe9a3d39ad5171ce76135ff3cccfe50c3e77e"",""source_sheet"":""中央国家行政机关省级以下直属机构"",""filter_version"":""government_tech_v2"",""tech_filter"":{""is_tech"":true,""is_core_tech"":true,""scope"":""core"",""categories"":[""computer_software""],""matched_fields"":[""major"",""description""],""major_terms"":[""数字媒体技术"",""物联网工程"",""计算机类""],""role_terms"":[""信息科技"",""信息系统"",""软硬件""],""reason"":""tech_major_and_role""},""original"":{""部门代码"":""132130"",""部门名称"":""国家金融监督管理总局宁夏监管局"",""用人司局"":""国家金融监督管理总局灵武监管支局"",""机构性质"":""中央国家行政机关省级以下直属机构"",""招考职位"":""统计信息部门一级主任科员及以下"",""职位属性"":""金融监管计算机类职位"",""职位分布"":""西部地区和艰苦边远地区职位"",""职位简介"":""主要从事金融信息科技风险监管、电子设备软硬件管理及信息系统运行维护等工作。"",""职位代码"":""300147747001"",""机构层级"":""县（区）级及以下"",""考试类别"":""市（地）级及以下直属机构综合管理类"",""招考人数"":""1"",""专业"":""计算机类（不含物联网工程、数字媒体技术等专业）"",""学历"":""本科及以上"",""学位"":""与最高学历相对应的学位"",""政治面貌"":""不限"",""基层工作最低年限"":""无限制"",""服务基层项目工作经历"":""无限制"",""是否在面试阶段组织专业能力测试"":""否"",""面试人员比例"":""3:1"",""工作地点"":""宁夏回族自治区银川市灵武市"",""落户地点"":""宁夏回族自治区银川市灵武市"",""备注"":""1.报名时请在专业栏中同时填写专业名称和专业代码；2.落户须符合当地有关政策，单位无法办理集体户口；3.要求本科学历大学英语四级成绩425分及以上，请在外语水平栏中注明成绩；4.专业考试信息请参见国家金融监督管理总局2025年度招考公告。"",""部门网站"":""http://www.cbirc.gov.cn/"",""咨询电话1"":""0951-6098156"",""咨询电话2"":""0951-6098110"",""咨询电话3"":""0951-6098087"",""来源Sheet"":""中央国家行政机关省级以下直属机构""}}"
"government_jobs","国家公务员2025招考简章","公务员/事业单位技术岗位","宁夏回族自治区中卫市中宁县","2026-07-28T09:12:58.310295+00:00","统计信息部门一级主任科员及以下","国家金融监督管理总局宁夏监管局","","宁夏回族自治区中卫市中宁县","公务员/事业单位;2025;computer_software;本科及以上;与最高学历相对应的学位;计算机类（不含物联网工程、数字媒体技术等专业）;市（地）级及以下直属机构综合管理类","用人司局：国家金融监督管理总局中宁监管支局
职位简介：主要从事金融信息科技风险监管、电子设备软硬件管理及信息系统运行维护等工作。
专业要求：计算机类（不含物联网工程、数字媒体技术等专业）
学历要求：本科及以上
学位要求：与最高学历相对应的学位
政治面貌：不限
基层工作经历：无限制
考试类别：市（地）级及以下直属机构综合管理类
备注：1.报名时请在专业栏中同时填写专业名称和专业代码；2.限应届高校毕业生报考，请在备注栏中注明本人具有应届高校毕业生身份；3.落户须符合当地有关政策，单位无法办理集体户口；4.要求本科学历大学英语四级成绩425分及以上，请在外语水平栏中注明成绩；5.专业考试信息请参见国家金融监督管理总局2025年度招考公告。","https://www.xjhc.gov.cn/xjhc/c116834/202410/a29382e11a674da3be3353af65f9fcc5.shtml#132130-300147750001","2024-10-14","{""dataset_year"":2025,""job_uid"":""GOV-2025-132130-300147750001"",""publisher"":""国家公务员局"",""publication_page"":""https://www.xjhc.gov.cn/xjhc/c116834/202410/a29382e11a674da3be3353af65f9fcc5.shtml"",""attachment_url"":""https://www.xjhc.gov.cn/xjhc/c116834/202410/a29382e11a674da3be3353af65f9fcc5/files/0536cef86e2b46ddad6aae5a3780089e.xls"",""local_source_file"":""2025_guokao_zhaokaojianzhang.xls"",""local_source_sha256"":""07ae6cab368cd21b7a1ac3e8150fe9a3d39ad5171ce76135ff3cccfe50c3e77e"",""source_sheet"":""中央国家行政机关省级以下直属机构"",""filter_version"":""government_tech_v2"",""tech_filter"":{""is_tech"":true,""is_core_tech"":true,""scope"":""core"",""categories"":[""computer_software""],""matched_fields"":[""major"",""description""],""major_terms"":[""数字媒体技术"",""物联网工程"",""计算机类""],""role_terms"":[""信息科技"",""信息系统"",""软硬件""],""reason"":""tech_major_and_role""},""original"":{""部门代码"":""132130"",""部门名称"":""国家金融监督管理总局宁夏监管局"",""用人司局"":""国家金融监督管理总局中宁监管支局"",""机构性质"":""中央国家行政机关省级以下直属机构"",""招考职位"":""统计信息部门一级主任科员及以下"",""职位属性"":""金融监管计算机类职位"",""职位分布"":""西部地区和艰苦边远地区职位"",""职位简介"":""主要从事金融信息科技风险监管、电子设备软硬件管理及信息系统运行维护等工作。"",""职位代码"":""300147750001"",""机构层级"":""县（区）级及以下"",""考试类别"":""市（地）级及以下直属机构综合管理类"",""招考人数"":""1"",""专业"":""计算机类（不含物联网工程、数字媒体技术等专业）"",""学历"":""本科及以上"",""学位"":""与最高学历相对应的学位"",""政治面貌"":""不限"",""基层工作最低年限"":""无限制"",""服务基层项目工作经历"":""无限制"",""是否在面试阶段组织专业能力测试"":""否"",""面试人员比例"":""3:1"",""工作地点"":""宁夏回族自治区中卫市中宁县"",""落户地点"":""宁夏回族自治区中卫市中宁县"",""备注"":""1.报名时请在专业栏中同时填写专业名称和专业代码；2.限应届高校毕业生报考，请在备注栏中注明本人具有应届高校毕业生身份；3.落户须符合当地有关政策，单位无法办理集体户口；4.要求本科学历大学英语四级成绩425分及以上，请在外语水平栏中注明成绩；5.专业考试信息请参见国家金融监督管理总局2025年度招考公告。"",""部门网站"":""http://www.cbirc.gov.cn/"",""咨询电话1"":""0951-6098156"",""咨询电话2"":""0951-6098110"",""咨询电话3"":""0951-6098087"",""来源Sheet"":""中央国家行政机关省级以下直属机构""}}"
"government_jobs","国家公务员2025招考简章","公务员/事业单位技术岗位","宁夏回族自治区中卫市海原县","2026-07-28T09:12:58.310295+00:00","统计信息部门一级主任科员及以下","国家金融监督管理总局宁夏监管局","","宁夏回族自治区中卫市海原县","公务员/事业单位;2025;computer_software;本科及以上;与最高学历相对应的学位;计算机类（不含物联网工程、数字媒体技术等专业）;市（地）级及以下直属机构综合管理类","用人司局：国家金融监督管理总局海原监管支局
职位简介：主要从事金融信息科技风险监管、电子设备软硬件管理及信息系统运行维护等工作。
专业要求：计算机类（不含物联网工程、数字媒体技术等专业）
学历要求：本科及以上
学位要求：与最高学历相对应的学位
政治面貌：不限
基层工作经历：无限制
考试类别：市（地）级及以下直属机构综合管理类
备注：1.报名时请在专业栏中同时填写专业名称和专业代码；2.限应届高校毕业生报考，请在备注栏中注明本人具有应届高校毕业生身份；3.落户须符合当地有关政策，单位无法办理集体户口；4.要求本科学历大学英语四级成绩425分及以上，请在外语水平栏中注明成绩；5.专业考试信息请参见国家金融监督管理总局2025年度招考公告。","https://www.xjhc.gov.cn/xjhc/c116834/202410/a29382e11a674da3be3353af65f9fcc5.shtml#132130-300147751001","2024-10-14","{""dataset_year"":2025,""job_uid"":""GOV-2025-132130-300147751001"",""publisher"":""国家公务员局"",""publication_page"":""https://www.xjhc.gov.cn/xjhc/c116834/202410/a29382e11a674da3be3353af65f9fcc5.shtml"",""attachment_url"":""https://www.xjhc.gov.cn/xjhc/c116834/202410/a29382e11a674da3be3353af65f9fcc5/files/0536cef86e2b46ddad6aae5a3780089e.xls"",""local_source_file"":""2025_guokao_zhaokaojianzhang.xls"",""local_source_sha256"":""07ae6cab368cd21b7a1ac3e8150fe9a3d39ad5171ce76135ff3cccfe50c3e77e"",""source_sheet"":""中央国家行政机关省级以下直属机构"",""filter_version"":""government_tech_v2"",""tech_filter"":{""is_tech"":true,""is_core_tech"":true,""scope"":""core"",""categories"":[""computer_software""],""matched_fields"":[""major"",""description""],""major_terms"":[""数字媒体技术"",""物联网工程"",""计算机类""],""role_terms"":[""信息科技"",""信息系统"",""软硬件""],""reason"":""tech_major_and_role""},""original"":{""部门代码"":""132130"",""部门名称"":""国家金融监督管理总局宁夏监管局"",""用人司局"":""国家金融监督管理总局海原监管支局"",""机构性质"":""中央国家行政机关省级以下直属机构"",""招考职位"":""统计信息部门一级主任科员及以下"",""职位属性"":""金融监管计算机类职位"",""职位分布"":""西部地区和艰苦边远地区职位"",""职位简介"":""主要从事金融信息科技风险监管、电子设备软硬件管理及信息系统运行维护等工作。"",""职位代码"":""300147751001"",""机构层级"":""县（区）级及以下"",""考试类别"":""市（地）级及以下直属机构综合管理类"",""招考人数"":""1"",""专业"":""计算机类（不含物联网工程、数字媒体技术等专业）"",""学历"":""本科及以上"",""学位"":""与最高学历相对应的学位"",""政治面貌"":""不限"",""基层工作最低年限"":""无限制"",""服务基层项目工作经历"":""无限制"",""是否在面试阶段组织专业能力测试"":""否"",""面试人员比例"":""3:1"",""工作地点"":""宁夏回族自治区中卫市海原县"",""落户地点"":""宁夏回族自治区中卫市海原县"",""备注"":""1.报名时请在专业栏中同时填写专业名称和专业代码；2.限应届高校毕业生报考，请在备注栏中注明本人具有应届高校毕业生身份；3.落户须符合当地有关政策，单位无法办理集体户口；4.要求本科学历大学英语四级成绩425分及以上，请在外语水平栏中注明成绩；5.专业考试信息请参见国家金融监督管理总局2025年度招考公告。"",""部门网站"":""http://www.cbirc.gov.cn/"",""咨询电话1"":""0951-6098156"",""咨询电话2"":""0951-6098110"",""咨询电话3"":""0951-6098087"",""来源Sheet"":""中央国家行政机关省级以下直属机构""}}"
"government_jobs","国家公务员2025招考简章","公务员/事业单位技术岗位","新疆维吾尔自治区乌鲁木齐市天山区","2026-07-28T09:12:58.310295+00:00","统计信息部门一级主任科员及以下","国家金融监督管理总局新疆监管局","","新疆维吾尔自治区乌鲁木齐市天山区","公务员/事业单位;2025;computer_software;cybersecurity_cryptography;electronics_communication;本科及以上;与最高学历相对应的学位;大学本科：电子信息类（0807）、计算机类（0809）；研究生：电子科学与技术（0809）、信息与通信工程（0810）、计算机科学与技术（0812）、软件工程（0835）、网络空间安全（0839）、电子信息（0854）;中央机关及其省级直属机构综合管理类","用人司局：国家金融监督管理总局新疆监管局
职位简介：主要从事金融信息科技风险监管、电子设备软硬件管理及信息系统运行维护等工作
专业要求：大学本科：电子信息类（0807）、计算机类（0809）；研究生：电子科学与技术（0809）、信息与通信工程（0810）、计算机科学与技术（0812）、软件工程（0835）、网络空间安全（0839）、电子信息（0854）
学历要求：本科及以上
学位要求：与最高学历相对应的学位
政治面貌：不限
基层工作经历：二年
考试类别：中央机关及其省级直属机构综合管理类
备注：1.报名时请在专业栏中同时填写专业名称和专业代码；2.要求本科学历大学英语四级成绩425分及以上，请在外语水平栏中注明成绩；3.要求研究生学历大学英语六级成绩425分及以上，请在外语水平栏中注明成绩；4.专业考试信息请参见国家金融监督管理总局2025年度招考公告。","https://www.xjhc.gov.cn/xjhc/c116834/202410/a29382e11a674da3be3353af65f9fcc5.shtml#132131-300147752001","2024-10-14","{""dataset_year"":2025,""job_uid"":""GOV-2025-132131-300147752001"",""publisher"":""国家公务员局"",""publication_page"":""https://www.xjhc.gov.cn/xjhc/c116834/202410/a29382e11a674da3be3353af65f9fcc5.shtml"",""attachment_url"":""https://www.xjhc.gov.cn/xjhc/c116834/202410/a29382e11a674da3be3353af65f9fcc5/files/0536cef86e2b46ddad6aae5a3780089e.xls"",""local_source_file"":""2025_guokao_zhaokaojianzhang.xls"",""local_source_sha256"":""07ae6cab368cd21b7a1ac3e8150fe9a3d39ad5171ce76135ff3cccfe50c3e77e"",""source_sheet"":""中央国家行政机关省级以下直属机构"",""filter_version"":""government_tech_v2"",""tech_filter"":{""is_tech"":true,""is_core_tech"":true,""scope"":""core"",""categories"":[""computer_software"",""cybersecurity_cryptography"",""electronics_communication""],""matched_fields"":[""major"",""description""],""major_terms"":[""信息与通信工程"",""电子信息"",""电子信息类"",""电子科学与技术"",""网络空间安全"",""计算机科学与技术"",""计算机类"",""软件工程"",""通信工程""],""role_terms"":[""信息科技"",""信息系统"",""软硬件""],""reason"":""tech_major_and_role""},""original"":{""部门代码"":""132131"",""部门名称"":""国家金融监督管理总局新疆监管局"",""用人司局"":""国家金融监督管理总局新疆监管局"",""机构性质"":""中央国家行政机关省级以下直属机构"",""招考职位"":""统计信息部门一级主任科员及以下"",""职位属性"":""金融监管计算机类职位"",""职位分布"":""其他职位"",""职位简介"":""主要从事金融信息科技风险监管、电子设备软硬件管理及信息系统运行维护等工作"",""职位代码"":""300147752001"",""机构层级"":""省（副省）级"",""考试类别"":""中央机关及其省级直属机构综合管理类"",""招考人数"":""6"",""专业"":""大学本科：电子信息类（0807）、计算机类（0809）；研究生：电子科学与技术（0809）、信息与通信工程（0810）、计算机科学与技术（0812）、软件工程（0835）、网络空间安全（0839）、电子信息（0854）"",""学历"":""本科及以上"",""学位"":""与最高学历相对应的学位"",""政治面貌"":""不限"",""基层工作最低年限"":""二年"",""服务基层项目工作经历"":""无限制"",""是否在面试阶段组织专业能力测试"":""否"",""面试人员比例"":""4:1"",""工作地点"":""新疆维吾尔自治区乌鲁木齐市天山区"",""落户地点"":""新疆维吾尔自治区乌鲁木齐市天山区"",""备注"":""1.报名时请在专业栏中同时填写专业名称和专业代码；2.要求本科学历大学英语四级成绩425分及以上，请在外语水平栏中注明成绩；3.要求研究生学历大学英语六级成绩425分及以上，请在外语水平栏中注明成绩；4.专业考试信息请参见国家金融监督管理总局2025年度招考公告。"",""部门网站"":""http://www.cbirc.gov.cn"",""咨询电话1"":""0991-2205561"",""咨询电话2"":""0991-2205718"",""咨询电话3"":"""",""来源Sheet"":""中央国家行政机关省级以下直属机构""}}"
"government_jobs","国家公务员2025招考简章","公务员/事业单位技术岗位","新疆维吾尔自治区伊犁哈萨克自治州奎屯市","2026-07-28T09:12:58.310295+00:00","统计信息部门一级主任科员及以下","国家金融监督管理总局新疆监管局","","新疆维吾尔自治区伊犁哈萨克自治州奎屯市","公务员/事业单位;2025;computer_software;electronics_communication;仅限本科;学士;电子信息类（0807）、计算机类（0809）;市（地）级及以下直属机构综合管理类","用人司局：国家金融监督管理总局奎屯监管支局
职位简介：主要从事金融信息科技风险监管、电子设备软硬件管理及信息系统运行维护等工作
专业要求：电子信息类（0807）、计算机类（0809）
学历要求：仅限本科
学位要求：学士
政治面貌：不限
基层工作经历：无限制
考试类别：市（地）级及以下直属机构综合管理类
备注：1.报名时请在专业栏中同时填写专业名称和专业代码；2.限应届高校毕业生报考，请在备注栏中注明本人具有应届高校毕业生身份；3.专业考试信息请参见国家金融监督管理总局2025年度招考公告。","https://www.xjhc.gov.cn/xjhc/c116834/202410/a29382e11a674da3be3353af65f9fcc5.shtml#132131-300147756001","2024-10-14","{""dataset_year"":2025,""job_uid"":""GOV-2025-132131-300147756001"",""publisher"":""国家公务员局"",""publication_page"":""https://www.xjhc.gov.cn/xjhc/c116834/202410/a29382e11a674da3be3353af65f9fcc5.shtml"",""attachment_url"":""https://www.xjhc.gov.cn/xjhc/c116834/202410/a29382e11a674da3be3353af65f9fcc5/files/0536cef86e2b46ddad6aae5a3780089e.xls"",""local_source_file"":""2025_guokao_zhaokaojianzhang.xls"",""local_source_sha256"":""07ae6cab368cd21b7a1ac3e8150fe9a3d39ad5171ce76135ff3cccfe50c3e77e"",""source_sheet"":""中央国家行政机关省级以下直属机构"",""filter_version"":""government_tech_v2"",""tech_filter"":{""is_tech"":true,""is_core_tech"":true,""scope"":""core"",""categories"":[""computer_software"",""electronics_communication""],""matched_fields"":[""major"",""description""],""major_terms"":[""电子信息类"",""计算机类""],""role_terms"":[""信息科技"",""信息系统"",""软硬件""],""reason"":""tech_major_and_role""},""original"":{""部门代码"":""132131"",""部门名称"":""国家金融监督管理总局新疆监管局"",""用人司局"":""国家金融监督管理总局奎屯监管支局"",""机构性质"":""中央国家行政机关省级以下直属机构"",""招考职位"":""统计信息部门一级主任科员及以下"",""职位属性"":""金融监管计算机类职位"",""职位分布"":""西部地区和艰苦边远地区职位"",""职位简介"":""主要从事金融信息科技风险监管、电子设备软硬件管理及信息系统运行维护等工作"",""职位代码"":""300147756001"",""机构层级"":""县（区）级及以下"",""考试类别"":""市（地）级及以下直属机构综合管理类"",""招考人数"":""1"",""专业"":""电子信息类（0807）、计算机类（0809）"",""学历"":""仅限本科"",""学位"":""学士"",""政治面貌"":""不限"",""基层工作最低年限"":""无限制"",""服务基层项目工作经历"":""无限制"",""是否在面试阶段组织专业能力测试"":""否"",""面试人员比例"":""3:1"",""工作地点"":""新疆维吾尔自治区伊犁哈萨克自治州奎屯市"",""落户地点"":""新疆维吾尔自治区伊犁哈萨克自治州奎屯市"",""备注"":""1.报名时请在专业栏中同时填写专业名称和专业代码；2.限应届高校毕业生报考，请在备注栏中注明本人具有应届高校毕业生身份；3.专业考试信息请参见国家金融监督管理总局2025年度招考公告。"",""部门网站"":""http://www.cbirc.gov.cn"",""咨询电话1"":""0991-2205561"",""咨询电话2"":""0991-2205718"",""咨询电话3"":"""",""来源Sheet"":""中央国家行政机关省级以下直属机构""}}"
"government_jobs","国家公务员2025招考简章","公务员/事业单位技术岗位","新疆维吾尔自治区哈密市伊州区","2026-07-28T09:12:58.310295+00:00","统计信息部门一级主任科员及以下","国家金融监督管理总局新疆监管局","","新疆维吾尔自治区哈密市伊州区","公务员/事业单位;2025;computer_software;cybersecurity_cryptography;electronics_communication;本科及以上;与最高学历相对应的学位;大学本科：电子信息类（0807）、计算机类（0809）；研究生：电子科学与技术（0809）、信息与通信工程（0810）、计算机科学与技术（0812）、软件工程（0835）、网络空间安全（0839）、电子信息（0854）;市（地）级及以下直属机构综合管理类","用人司局：国家金融监督管理总局哈密监管分局
职位简介：主要从事金融信息科技风险监管、电子设备软硬件管理及信息系统运行维护等工作
专业要求：大学本科：电子信息类（0807）、计算机类（0809）；研究生：电子科学与技术（0809）、信息与通信工程（0810）、计算机科学与技术（0812）、软件工程（0835）、网络空间安全（0839）、电子信息（0854）
学历要求：本科及以上
学位要求：与最高学历相对应的学位
政治面貌：不限
基层工作经历：无限制
考试类别：市（地）级及以下直属机构综合管理类
备注：1.报名时请在专业栏中同时填写专业名称和专业代码；2.限应届高校毕业生报考，请在备注栏中注明本人具有应届高校毕业生身份；3.专业考试信息请参见国家金融监督管理总局2025年度招考公告。","https://www.xjhc.gov.cn/xjhc/c116834/202410/a29382e11a674da3be3353af65f9fcc5.shtml#132131-300147761001","2024-10-14","{""dataset_year"":2025,""job_uid"":""GOV-2025-132131-300147761001"",""publisher"":""国家公务员局"",""publication_page"":""https://www.xjhc.gov.cn/xjhc/c116834/202410/a29382e11a674da3be3353af65f9fcc5.shtml"",""attachment_url"":""https://www.xjhc.gov.cn/xjhc/c116834/202410/a29382e11a674da3be3353af65f9fcc5/files/0536cef86e2b46ddad6aae5a3780089e.xls"",""local_source_file"":""2025_guokao_zhaokaojianzhang.xls"",""local_source_sha256"":""07ae6cab368cd21b7a1ac3e8150fe9a3d39ad5171ce76135ff3cccfe50c3e77e"",""source_sheet"":""中央国家行政机关省级以下直属机构"",""filter_version"":""government_tech_v2"",""tech_filter"":{""is_tech"":true,""is_core_tech"":true,""scope"":""core"",""categories"":[""computer_software"",""cybersecurity_cryptography"",""electronics_communication""],""matched_fields"":[""major"",""description""],""major_terms"":[""信息与通信工程"",""电子信息"",""电子信息类"",""电子科学与技术"",""网络空间安全"",""计算机科学与技术"",""计算机类"",""软件工程"",""通信工程""],""role_terms"":[""信息科技"",""信息系统"",""软硬件""],""reason"":""tech_major_and_role""},""original"":{""部门代码"":""132131"",""部门名称"":""国家金融监督管理总局新疆监管局"",""用人司局"":""国家金融监督管理总局哈密监管分局"",""机构性质"":""中央国家行政机关省级以下直属机构"",""招考职位"":""统计信息部门一级主任科员及以下"",""职位属性"":""金融监管计算机类职位"",""职位分布"":""西部地区和艰苦边远地区职位"",""职位简介"":""主要从事金融信息科技风险监管、电子设备软硬件管理及信息系统运行维护等工作"",""职位代码"":""300147761001"",""机构层级"":""市（地）级"",""考试类别"":""市（地）级及以下直属机构综合管理类"",""招考人数"":""1"",""专业"":""大学本科：电子信息类（0807）、计算机类（0809）；研究生：电子科学与技术（0809）、信息与通信工程（0810）、计算机科学与技术（0812）、软件工程（0835）、网络空间安全（0839）、电子信息（0854）"",""学历"":""本科及以上"",""学位"":""与最高学历相对应的学位"",""政治面貌"":""不限"",""基层工作最低年限"":""无限制"",""服务基层项目工作经历"":""无限制"",""是否在面试阶段组织专业能力测试"":""否"",""面试人员比例"":""3:1"",""工作地点"":""新疆维吾尔自治区哈密市伊州区"",""落户地点"":""新疆维吾尔自治区哈密市伊州区"",""备注"":""1.报名时请在专业栏中同时填写专业名称和专业代码；2.限应届高校毕业生报考，请在备注栏中注明本人具有应届高校毕业生身份；3.专业考试信息请参见国家金融监督管理总局2025年度招考公告。"",""部门网站"":""http://www.cbirc.gov.cn"",""咨询电话1"":""0991-2205561"",""咨询电话2"":""0991-2205718"",""咨询电话3"":"""",""来源Sheet"":""中央国家行政机关省级以下直属机构""}}"
"government_jobs","国家公务员2025招考简章","公务员/事业单位技术岗位","新疆维吾尔自治区吐鲁番市高昌区","2026-07-28T09:12:58.310295+00:00","统计信息部门一级主任科员及以下","国家金融监督管理总局新疆监管局","","新疆维吾尔自治区吐鲁番市高昌区","公务员/事业单位;2025;computer_software;electronics_communication;仅限本科;学士;电子信息类（0807）、计算机类（0809）;市（地）级及以下直属机构综合管理类","用人司局：国家金融监督管理总局吐鲁番监管分局
职位简介：主要从事金融信息科技风险监管、电子设备软硬件管理及信息系统运行维护等工作
专业要求：电子信息类（0807）、计算机类（0809）
学历要求：仅限本科
学位要求：学士
政治面貌：不限
基层工作经历：无限制
考试类别：市（地）级及以下直属机构综合管理类
备注：1.报名时请在专业栏中同时填写专业名称和专业代码；2.限应届高校毕业生报考，请在备注栏中注明本人具有应届高校毕业生身份；3.专业考试信息请参见国家金融监督管理总局2025年度招考公告。","https://www.xjhc.gov.cn/xjhc/c116834/202410/a29382e11a674da3be3353af65f9fcc5.shtml#132131-300147763001","2024-10-14","{""dataset_year"":2025,""job_uid"":""GOV-2025-132131-300147763001"",""publisher"":""国家公务员局"",""publication_page"":""https://www.xjhc.gov.cn/xjhc/c116834/202410/a29382e11a674da3be3353af65f9fcc5.shtml"",""attachment_url"":""https://www.xjhc.gov.cn/xjhc/c116834/202410/a29382e11a674da3be3353af65f9fcc5/files/0536cef86e2b46ddad6aae5a3780089e.xls"",""local_source_file"":""2025_guokao_zhaokaojianzhang.xls"",""local_source_sha256"":""07ae6cab368cd21b7a1ac3e8150fe9a3d39ad5171ce76135ff3cccfe50c3e77e"",""source_sheet"":""中央国家行政机关省级以下直属机构"",""filter_version"":""government_tech_v2"",""tech_filter"":{""is_tech"":true,""is_core_tech"":true,""scope"":""core"",""categories"":[""computer_software"",""electronics_communication""],""matched_fields"":[""major"",""description""],""major_terms"":[""电子信息类"",""计算机类""],""role_terms"":[""信息科技"",""信息系统"",""软硬件""],""reason"":""tech_major_and_role""},""original"":{""部门代码"":""132131"",""部门名称"":""国家金融监督管理总局新疆监管局"",""用人司局"":""国家金融监督管理总局吐鲁番监管分局"",""机构性质"":""中央国家行政机关省级以下直属机构"",""招考职位"":""统计信息部门一级主任科员及以下"",""职位属性"":""金融监管计算机类职位"",""职位分布"":""西部地区和艰苦边远地区职位"",""职位简介"":""主要从事金融信息科技风险监管、电子设备软硬件管理及信息系统运行维护等工作"",""职位代码"":""300147763001"",""机构层级"":""市（地）级"",""考试类别"":""市（地）级及以下直属机构综合管理类"",""招考人数"":""1"",""专业"":""电子信息类（0807）、计算机类（0809）"",""学历"":""仅限本科"",""学位"":""学士"",""政治面貌"":""不限"",""基层工作最低年限"":""无限制"",""服务基层项目工作经历"":""无限制"",""是否在面试阶段组织专业能力测试"":""否"",""面试人员比例"":""3:1"",""工作地点"":""新疆维吾尔自治区吐鲁番市高昌区"",""落户地点"":""新疆维吾尔自治区吐鲁番市高昌区"",""备注"":""1.报名时请在专业栏中同时填写专业名称和专业代码；2.限应届高校毕业生报考，请在备注栏中注明本人具有应届高校毕业生身份；3.专业考试信息请参见国家金融监督管理总局2025年度招考公告。"",""部门网站"":""http://www.cbirc.gov.cn"",""咨询电话1"":""0991-2205561"",""咨询电话2"":""0991-2205718"",""咨询电话3"":"""",""来源Sheet"":""中央国家行政机关省级以下直属机构""}}"
"government_jobs","国家公务员2025招考简章","公务员/事业单位技术岗位","新疆维吾尔自治区吐鲁番市","2026-07-28T09:12:58.310295+00:00","统计信息部门一级主任科员及以下","国家金融监督管理总局新疆监管局","","新疆维吾尔自治区吐鲁番市","公务员/事业单位;2025;computer_software;electronics_communication;仅限本科;学士;电子信息类（0807）、计算机类（0809）;市（地）级及以下直属机构综合管理类","用人司局：国家金融监督管理总局吐鲁番监管分局辖内监管支局
职位简介：主要从事金融信息科技风险监管、电子设备软硬件管理及信息系统运行维护等工作
专业要求：电子信息类（0807）、计算机类（0809）
学历要求：仅限本科
学位要求：学士
政治面貌：不限
基层工作经历：无限制
考试类别：市（地）级及以下直属机构综合管理类
备注：1.报名时请在专业栏中同时填写专业名称和专业代码；2.限应届高校毕业生报考，请在备注栏中注明本人具有应届高校毕业生身份；3.本职位具体招录人数为鄯善金融监管支局1人、托克逊金融监管支局1人，录用后按照综合成绩从高到低顺序，由考生选择工作单位；4.专业考试信息请参见国家金融监督管理总局2025年度招考公告。","https://www.xjhc.gov.cn/xjhc/c116834/202410/a29382e11a674da3be3353af65f9fcc5.shtml#132131-300147765001","2024-10-14","{""dataset_year"":2025,""job_uid"":""GOV-2025-132131-300147765001"",""publisher"":""国家公务员局"",""publication_page"":""https://www.xjhc.gov.cn/xjhc/c116834/202410/a29382e11a674da3be3353af65f9fcc5.shtml"",""attachment_url"":""https://www.xjhc.gov.cn/xjhc/c116834/202410/a29382e11a674da3be3353af65f9fcc5/files/0536cef86e2b46ddad6aae5a3780089e.xls"",""local_source_file"":""2025_guokao_zhaokaojianzhang.xls"",""local_source_sha256"":""07ae6cab368cd21b7a1ac3e8150fe9a3d39ad5171ce76135ff3cccfe50c3e77e"",""source_sheet"":""中央国家行政机关省级以下直属机构"",""filter_version"":""government_tech_v2"",""tech_filter"":{""is_tech"":true,""is_core_tech"":true,""scope"":""core"",""categories"":[""computer_software"",""electronics_communication""],""matched_fields"":[""major"",""description""],""major_terms"":[""电子信息类"",""计算机类""],""role_terms"":[""信息科技"",""信息系统"",""软硬件""],""reason"":""tech_major_and_role""},""original"":{""部门代码"":""132131"",""部门名称"":""国家金融监督管理总局新疆监管局"",""用人司局"":""国家金融监督管理总局吐鲁番监管分局辖内监管支局"",""机构性质"":""中央国家行政机关省级以下直属机构"",""招考职位"":""统计信息部门一级主任科员及以下"",""职位属性"":""金融监管计算机类职位"",""职位分布"":""西部地区和艰苦边远地区职位"",""职位简介"":""主要从事金融信息科技风险监管、电子设备软硬件管理及信息系统运行维护等工作"",""职位代码"":""300147765001"",""机构层级"":""县（区）级及以下"",""考试类别"":""市（地）级及以下直属机构综合管理类"",""招考人数"":""2"",""专业"":""电子信息类（0807）、计算机类（0809）"",""学历"":""仅限本科"",""学位"":""学士"",""政治面貌"":""不限"",""基层工作最低年限"":""无限制"",""服务基层项目工作经历"":""无限制"",""是否在面试阶段组织专业能力测试"":""否"",""面试人员比例"":""3:1"",""工作地点"":""新疆维吾尔自治区吐鲁番市"",""落户地点"":""新疆维吾尔自治区吐鲁番市"",""备注"":""1.报名时请在专业栏中同时填写专业名称和专业代码；2.限应届高校毕业生报考，请在备注栏中注明本人具有应届高校毕业生身份；3.本职位具体招录人数为鄯善金融监管支局1人、托克逊金融监管支局1人，录用后按照综合成绩从高到低顺序，由考生选择工作单位；4.专业考试信息请参见国家金融监督管理总局2025年度招考公告。"",""部门网站"":""http://www.cbirc.gov.cn"",""咨询电话1"":""0991-2205561"",""咨询电话2"":""0991-2205718"",""咨询电话3"":"""",""来源Sheet"":""中央国家行政机关省级以下直属机构""}}"
"government_jobs","国家公务员2025招考简章","公务员/事业单位技术岗位","新疆维吾尔自治区克孜勒苏柯尔克孜自治州阿图什市","2026-07-28T09:12:58.310295+00:00","统计信息部门一级主任科员及以下","国家金融监督管理总局新疆监管局","","新疆维吾尔自治区克孜勒苏柯尔克孜自治州阿图什市","公务员/事业单位;2025;computer_software;cybersecurity_cryptography;electronics_communication;本科及以上;与最高学历相对应的学位;大学本科：电子信息类（0807）、计算机类（0809）；研究生：电子科学与技术（0809）、信息与通信工程（0810）、计算机科学与技术（0812）、软件工程（0835）、网络空间安全（0839）、电子信息（0854）;市（地）级及以下直属机构综合管理类","用人司局：国家金融监督管理总局克孜勒苏监管分局
职位简介：主要从事金融信息科技风险监管、电子设备软硬件管理及信息系统运行维护等工作
专业要求：大学本科：电子信息类（0807）、计算机类（0809）；研究生：电子科学与技术（0809）、信息与通信工程（0810）、计算机科学与技术（0812）、软件工程（0835）、网络空间安全（0839）、电子信息（0854）
学历要求：本科及以上
学位要求：与最高学历相对应的学位
政治面貌：不限
基层工作经历：无限制
考试类别：市（地）级及以下直属机构综合管理类
备注：1.报名时请在专业栏中同时填写专业名称和专业代码；2.专业考试信息请参见国家金融监督管理总局2025年度招考公告。","https://www.xjhc.gov.cn/xjhc/c116834/202410/a29382e11a674da3be3353af65f9fcc5.shtml#132131-300147769001","2024-10-14","{""dataset_year"":2025,""job_uid"":""GOV-2025-132131-300147769001"",""publisher"":""国家公务员局"",""publication_page"":""https://www.xjhc.gov.cn/xjhc/c116834/202410/a29382e11a674da3be3353af65f9fcc5.shtml"",""attachment_url"":""https://www.xjhc.gov.cn/xjhc/c116834/202410/a29382e11a674da3be3353af65f9fcc5/files/0536cef86e2b46ddad6aae5a3780089e.xls"",""local_source_file"":""2025_guokao_zhaokaojianzhang.xls"",""local_source_sha256"":""07ae6cab368cd21b7a1ac3e8150fe9a3d39ad5171ce76135ff3cccfe50c3e77e"",""source_sheet"":""中央国家行政机关省级以下直属机构"",""filter_version"":""government_tech_v2"",""tech_filter"":{""is_tech"":true,""is_core_tech"":true,""scope"":""core"",""categories"":[""computer_software"",""cybersecurity_cryptography"",""electronics_communication""],""matched_fields"":[""major"",""description""],""major_terms"":[""信息与通信工程"",""电子信息"",""电子信息类"",""电子科学与技术"",""网络空间安全"",""计算机科学与技术"",""计算机类"",""软件工程"",""通信工程""],""role_terms"":[""信息科技"",""信息系统"",""软硬件""],""reason"":""tech_major_and_role""},""original"":{""部门代码"":""132131"",""部门名称"":""国家金融监督管理总局新疆监管局"",""用人司局"":""国家金融监督管理总局克孜勒苏监管分局"",""机构性质"":""中央国家行政机关省级以下直属机构"",""招考职位"":""统计信息部门一级主任科员及以下"",""职位属性"":""金融监管计算机类职位"",""职位分布"":""西部地区和艰苦边远地区职位"",""职位简介"":""主要从事金融信息科技风险监管、电子设备软硬件管理及信息系统运行维护等工作"",""职位代码"":""300147769001"",""机构层级"":""市（地）级"",""考试类别"":""市（地）级及以下直属机构综合管理类"",""招考人数"":""1"",""专业"":""大学本科：电子信息类（0807）、计算机类（0809）；研究生：电子科学与技术（0809）、信息与通信工程（0810）、计算机科学与技术（0812）、软件工程（0835）、网络空间安全（0839）、电子信息（0854）"",""学历"":""本科及以上"",""学位"":""与最高学历相对应的学位"",""政治面貌"":""不限"",""基层工作最低年限"":""无限制"",""服务基层项目工作经历"":""无限制"",""是否在面试阶段组织专业能力测试"":""否"",""面试人员比例"":""3:1"",""工作地点"":""新疆维吾尔自治区克孜勒苏柯尔克孜自治州阿图什市"",""落户地点"":""新疆维吾尔自治区克孜勒苏柯尔克孜自治州阿图什市"",""备注"":""1.报名时请在专业栏中同时填写专业名称和专业代码；2.专业考试信息请参见国家金融监督管理总局2025年度招考公告。"",""部门网站"":""http://www.cbirc.gov.cn"",""咨询电话1"":""0991-2205561"",""咨询电话2"":""0991-2205718"",""咨询电话3"":"""",""来源Sheet"":""中央国家行政机关省级以下直属机构""}}"
"government_jobs","国家公务员2025招考简章","公务员/事业单位技术岗位","新疆维吾尔自治区克孜勒苏柯尔克孜自治州阿克陶县","2026-07-28T09:12:58.310295+00:00","统计信息部门一级主任科员及以下","国家金融监督管理总局新疆监管局","","新疆维吾尔自治区克孜勒苏柯尔克孜自治州阿克陶县","公务员/事业单位;2025;computer_software;electronics_communication;仅限本科;学士;电子信息类（0807）、计算机类（0809）;市（地）级及以下直属机构综合管理类","用人司局：国家金融监督管理总局阿克陶监管支局
职位简介：主要从事金融信息科技风险监管、电子设备软硬件管理及信息系统运行维护等工作
专业要求：电子信息类（0807）、计算机类（0809）
学历要求：仅限本科
学位要求：学士
政治面貌：不限
基层工作经历：无限制
考试类别：市（地）级及以下直属机构综合管理类
备注：1.报名时请在专业栏中同时填写专业名称和专业代码；2.专业考试信息请参见国家金融监督管理总局2025年度招考公告。","https://www.xjhc.gov.cn/xjhc/c116834/202410/a29382e11a674da3be3353af65f9fcc5.shtml#132131-300147771001","2024-10-14","{""dataset_year"":2025,""job_uid"":""GOV-2025-132131-300147771001"",""publisher"":""国家公务员局"",""publication_page"":""https://www.xjhc.gov.cn/xjhc/c116834/202410/a29382e11a674da3be3353af65f9fcc5.shtml"",""attachment_url"":""https://www.xjhc.gov.cn/xjhc/c116834/202410/a29382e11a674da3be3353af65f9fcc5/files/0536cef86e2b46ddad6aae5a3780089e.xls"",""local_source_file"":""2025_guokao_zhaokaojianzhang.xls"",""local_source_sha256"":""07ae6cab368cd21b7a1ac3e8150fe9a3d39ad5171ce76135ff3cccfe50c3e77e"",""source_sheet"":""中央国家行政机关省级以下直属机构"",""filter_version"":""government_tech_v2"",""tech_filter"":{""is_tech"":true,""is_core_tech"":true,""scope"":""core"",""categories"":[""computer_software"",""electronics_communication""],""matched_fields"":[""major"",""description""],""major_terms"":[""电子信息类"",""计算机类""],""role_terms"":[""信息科技"",""信息系统"",""软硬件""],""reason"":""tech_major_and_role""},""original"":{""部门代码"":""132131"",""部门名称"":""国家金融监督管理总局新疆监管局"",""用人司局"":""国家金融监督管理总局阿克陶监管支局"",""机构性质"":""中央国家行政机关省级以下直属机构"",""招考职位"":""统计信息部门一级主任科员及以下"",""职位属性"":""金融监管计算机类职位"",""职位分布"":""西部地区和艰苦边远地区职位"",""职位简介"":""主要从事金融信息科技风险监管、电子设备软硬件管理及信息系统运行维护等工作"",""职位代码"":""300147771001"",""机构层级"":""县（区）级及以下"",""考试类别"":""市（地）级及以下直属机构综合管理类"",""招考人数"":""1"",""专业"":""电子信息类（0807）、计算机类（0809）"",""学历"":""仅限本科"",""学位"":""学士"",""政治面貌"":""不限"",""基层工作最低年限"":""无限制"",""服务基层项目工作经历"":""无限制"",""是否在面试阶段组织专业能力测试"":""否"",""面试人员比例"":""3:1"",""工作地点"":""新疆维吾尔自治区克孜勒苏柯尔克孜自治州阿克陶县"",""落户地点"":""新疆维吾尔自治区克孜勒苏柯尔克孜自治州阿克陶县"",""备注"":""1.报名时请在专业栏中同时填写专业名称和专业代码；2.专业考试信息请参见国家金融监督管理总局2025年度招考公告。"",""部门网站"":""http://www.cbirc.gov.cn"",""咨询电话1"":""0991-2205561"",""咨询电话2"":""0991-2205718"",""咨询电话3"":"""",""来源Sheet"":""中央国家行政机关省级以下直属机构""}}"
"government_jobs","国家公务员2025招考简章","公务员/事业单位技术岗位","新疆维吾尔自治区喀什地区巴楚县","2026-07-28T09:12:58.310295+00:00","统计信息部门一级主任科员及以下","国家金融监督管理总局新疆监管局","","新疆维吾尔自治区喀什地区巴楚县","公务员/事业单位;2025;computer_software;electronics_communication;仅限本科;学士;电子信息类（0807）、计算机类（0809）;市（地）级及以下直属机构综合管理类","用人司局：国家金融监督管理总局巴楚监管支局
职位简介：主要从事金融信息科技风险监管、电子设备软硬件管理及信息系统运行维护等工作
专业要求：电子信息类（0807）、计算机类（0809）
学历要求：仅限本科
学位要求：学士
政治面貌：不限
基层工作经历：无限制
考试类别：市（地）级及以下直属机构综合管理类
备注：1.报名时请在专业栏中同时填写专业名称和专业代码；2.专业考试信息请参见国家金融监督管理总局2025年度招考公告。","https://www.xjhc.gov.cn/xjhc/c116834/202410/a29382e11a674da3be3353af65f9fcc5.shtml#132131-300147775001","2024-10-14","{""dataset_year"":2025,""job_uid"":""GOV-2025-132131-300147775001"",""publisher"":""国家公务员局"",""publication_page"":""https://www.xjhc.gov.cn/xjhc/c116834/202410/a29382e11a674da3be3353af65f9fcc5.shtml"",""attachment_url"":""https://www.xjhc.gov.cn/xjhc/c116834/202410/a29382e11a674da3be3353af65f9fcc5/files/0536cef86e2b46ddad6aae5a3780089e.xls"",""local_source_file"":""2025_guokao_zhaokaojianzhang.xls"",""local_source_sha256"":""07ae6cab368cd21b7a1ac3e8150fe9a3d39ad5171ce76135ff3cccfe50c3e77e"",""source_sheet"":""中央国家行政机关省级以下直属机构"",""filter_version"":""government_tech_v2"",""tech_filter"":{""is_tech"":true,""is_core_tech"":true,""scope"":""core"",""categories"":[""computer_software"",""electronics_communication""],""matched_fields"":[""major"",""description""],""major_terms"":[""电子信息类"",""计算机类""],""role_terms"":[""信息科技"",""信息系统"",""软硬件""],""reason"":""tech_major_and_role""},""original"":{""部门代码"":""132131"",""部门名称"":""国家金融监督管理总局新疆监管局"",""用人司局"":""国家金融监督管理总局巴楚监管支局"",""机构性质"":""中央国家行政机关省级以下直属机构"",""招考职位"":""统计信息部门一级主任科员及以下"",""职位属性"":""金融监管计算机类职位"",""职位分布"":""西部地区和艰苦边远地区职位"",""职位简介"":""主要从事金融信息科技风险监管、电子设备软硬件管理及信息系统运行维护等工作"",""职位代码"":""300147775001"",""机构层级"":""县（区）级及以下"",""考试类别"":""市（地）级及以下直属机构综合管理类"",""招考人数"":""1"",""专业"":""电子信息类（0807）、计算机类（0809）"",""学历"":""仅限本科"",""学位"":""学士"",""政治面貌"":""不限"",""基层工作最低年限"":""无限制"",""服务基层项目工作经历"":""无限制"",""是否在面试阶段组织专业能力测试"":""否"",""面试人员比例"":""3:1"",""工作地点"":""新疆维吾尔自治区喀什地区巴楚县"",""落户地点"":""新疆维吾尔自治区喀什地区巴楚县"",""备注"":""1.报名时请在专业栏中同时填写专业名称和专业代码；2.专业考试信息请参见国家金融监督管理总局2025年度招考公告。"",""部门网站"":""http://www.cbirc.gov.cn"",""咨询电话1"":""0991-2205561"",""咨询电话2"":""0991-2205718"",""咨询电话3"":"""",""来源Sheet"":""中央国家行政机关省级以下直属机构""}}"
"government_jobs","国家公务员2025招考简章","公务员/事业单位技术岗位","新疆维吾尔自治区喀什地区喀什市","2026-07-28T09:12:58.310295+00:00","统计信息部门一级主任科员及以下","国家金融监督管理总局新疆监管局","","新疆维吾尔自治区喀什地区喀什市","公务员/事业单位;2025;computer_software;electronics_communication;仅限本科;学士;电子信息类（0807）、计算机类（0809）;市（地）级及以下直属机构综合管理类","用人司局：国家金融监督管理总局喀什监管分局
职位简介：主要从事金融信息科技风险监管、电子设备软硬件管理及信息系统运行维护等工作
专业要求：电子信息类（0807）、计算机类（0809）
学历要求：仅限本科
学位要求：学士
政治面貌：不限
基层工作经历：无限制
考试类别：市（地）级及以下直属机构综合管理类
备注：1.报名时请在专业栏中同时填写专业名称和专业代码；2.专业考试信息请参见国家金融监督管理总局2025年度招考公告。","https://www.xjhc.gov.cn/xjhc/c116834/202410/a29382e11a674da3be3353af65f9fcc5.shtml#132131-300147802001","2024-10-14","{""dataset_year"":2025,""job_uid"":""GOV-2025-132131-300147802001"",""publisher"":""国家公务员局"",""publication_page"":""https://www.xjhc.gov.cn/xjhc/c116834/202410/a29382e11a674da3be3353af65f9fcc5.shtml"",""attachment_url"":""https://www.xjhc.gov.cn/xjhc/c116834/202410/a29382e11a674da3be3353af65f9fcc5/files/0536cef86e2b46ddad6aae5a3780089e.xls"",""local_source_file"":""2025_guokao_zhaokaojianzhang.xls"",""local_source_sha256"":""07ae6cab368cd21b7a1ac3e8150fe9a3d39ad5171ce76135ff3cccfe50c3e77e"",""source_sheet"":""中央国家行政机关省级以下直属机构"",""filter_version"":""government_tech_v2"",""tech_filter"":{""is_tech"":true,""is_core_tech"":true,""scope"":""core"",""categories"":[""computer_software"",""electronics_communication""],""matched_fields"":[""major"",""description""],""major_terms"":[""电子信息类"",""计算机类""],""role_terms"":[""信息科技"",""信息系统"",""软硬件""],""reason"":""tech_major_and_role""},""original"":{""部门代码"":""132131"",""部门名称"":""国家金融监督管理总局新疆监管局"",""用人司局"":""国家金融监督管理总局喀什监管分局"",""机构性质"":""中央国家行政机关省级以下直属机构"",""招考职位"":""统计信息部门一级主任科员及以下"",""职位属性"":""金融监管计算机类职位"",""职位分布"":""西部地区和艰苦边远地区职位"",""职位简介"":""主要从事金融信息科技风险监管、电子设备软硬件管理及信息系统运行维护等工作"",""职位代码"":""300147802001"",""机构层级"":""市（地）级"",""考试类别"":""市（地）级及以下直属机构综合管理类"",""招考人数"":""2"",""专业"":""电子信息类（0807）、计算机类（0809）"",""学历"":""仅限本科"",""学位"":""学士"",""政治面貌"":""不限"",""基层工作最低年限"":""无限制"",""服务基层项目工作经历"":""无限制"",""是否在面试阶段组织专业能力测试"":""否"",""面试人员比例"":""3:1"",""工作地点"":""新疆维吾尔自治区喀什地区喀什市"",""落户地点"":""新疆维吾尔自治区喀什地区喀什市"",""备注"":""1.报名时请在专业栏中同时填写专业名称和专业代码；2.专业考试信息请参见国家金融监督管理总局2025年度招考公告。"",""部门网站"":""http://www.cbirc.gov.cn"",""咨询电话1"":""0991-2205561"",""咨询电话2"":""0991-2205718"",""咨询电话3"":"""",""来源Sheet"":""中央国家行政机关省级以下直属机构""}}"
"government_jobs","国家公务员2025招考简章","公务员/事业单位技术岗位","辽宁省大连市","2026-07-28T09:12:58.310295+00:00","统计信息部门一级主任科员及以下","国家金融监督管理总局大连监管局","","辽宁省大连市","公务员/事业单位;2025;computer_software;cybersecurity_cryptography;electronics_communication;硕士研究生及以上;与最高学历相对应的学位;信息与通讯工程（0810）、计算机科学与技术（0812）、软件工程（0835）、网络空间安全（0839）、电子信息（0854）;中央机关及其省级直属机构综合管理类","用人司局：国家金融监督管理总局大连监管局
职位简介：主要从事金融信息科技风险监管、电子设备软硬件管理及信息系统运行维护等工作
专业要求：信息与通讯工程（0810）、计算机科学与技术（0812）、软件工程（0835）、网络空间安全（0839）、电子信息（0854）
学历要求：硕士研究生及以上
学位要求：与最高学历相对应的学位
政治面貌：不限
基层工作经历：二年
考试类别：中央机关及其省级直属机构综合管理类
备注：1.报名时请在专业栏中同时填写专业名称和专业代码；2.要求研究生学历大学英语六级成绩425分及以上，请在外语水平栏中注明成绩；3.专业考试信息请参见国家金融监督管理总局2025年度招考公告。","https://www.xjhc.gov.cn/xjhc/c116834/202410/a29382e11a674da3be3353af65f9fcc5.shtml#132132-300147779001","2024-10-14","{""dataset_year"":2025,""job_uid"":""GOV-2025-132132-300147779001"",""publisher"":""国家公务员局"",""publication_page"":""https://www.xjhc.gov.cn/xjhc/c116834/202410/a29382e11a674da3be3353af65f9fcc5.shtml"",""attachment_url"":""https://www.xjhc.gov.cn/xjhc/c116834/202410/a29382e11a674da3be3353af65f9fcc5/files/0536cef86e2b46ddad6aae5a3780089e.xls"",""local_source_file"":""2025_guokao_zhaokaojianzhang.xls"",""local_source_sha256"":""07ae6cab368cd21b7a1ac3e8150fe9a3d39ad5171ce76135ff3cccfe50c3e77e"",""source_sheet"":""中央国家行政机关省级以下直属机构"",""filter_version"":""government_tech_v2"",""tech_filter"":{""is_tech"":true,""is_core_tech"":true,""scope"":""core"",""categories"":[""computer_software"",""cybersecurity_cryptography"",""electronics_communication""],""matched_fields"":[""major"",""description""],""major_terms"":[""电子信息"",""网络空间安全"",""计算机科学与技术"",""软件工程""],""role_terms"":[""信息科技"",""信息系统"",""软硬件""],""reason"":""tech_major_and_role""},""original"":{""部门代码"":""132132"",""部门名称"":""国家金融监督管理总局大连监管局"",""用人司局"":""国家金融监督管理总局大连监管局"",""机构性质"":""中央国家行政机关省级以下直属机构"",""招考职位"":""统计信息部门一级主任科员及以下"",""职位属性"":""金融监管计算机类职位"",""职位分布"":""其他职位"",""职位简介"":""主要从事金融信息科技风险监管、电子设备软硬件管理及信息系统运行维护等工作"",""职位代码"":""300147779001"",""机构层级"":""省（副省）级"",""考试类别"":""中央机关及其省级直属机构综合管理类"",""招考人数"":""1"",""专业"":""信息与通讯工程（0810）、计算机科学与技术（0812）、软件工程（0835）、网络空间安全（0839）、电子信息（0854）"",""学历"":""硕士研究生及以上"",""学位"":""与最高学历相对应的学位"",""政治面貌"":""不限"",""基层工作最低年限"":""二年"",""服务基层项目工作经历"":""无限制"",""是否在面试阶段组织专业能力测试"":""否"",""面试人员比例"":""4:1"",""工作地点"":""辽宁省大连市"",""落户地点"":""辽宁省大连市"",""备注"":""1.报名时请在专业栏中同时填写专业名称和专业代码；2.要求研究生学历大学英语六级成绩425分及以上，请在外语水平栏中注明成绩；3.专业考试信息请参见国家金融监督管理总局2025年度招考公告。"",""部门网站"":""http://www.cbirc.gov.cn/"",""咨询电话1"":""0411-39617015"",""咨询电话2"":"""",""咨询电话3"":"""",""来源Sheet"":""中央国家行政机关省级以下直属机构""}}"
"government_jobs","国家公务员2025招考简章","公务员/事业单位技术岗位","山东省青岛市莱西市","2026-07-28T09:12:58.310295+00:00","监管部门一级主任科员及以下","国家金融监督管理总局青岛监管局","","山东省青岛市莱西市","公务员/事业单位;2025;computer_software;本科或硕士研究生;与最高学历相对应的学位;本科：计算机科学与技术；硕士研究生：计算机科学与技术;市（地）级及以下直属机构综合管理类","用人司局：国家金融监督管理总局莱西监管支局
职位简介：主要从事金融信息科技风险监管、电子设备软硬件管理及信息系统运行维护等工作
专业要求：本科：计算机科学与技术；硕士研究生：计算机科学与技术
学历要求：本科或硕士研究生
学位要求：与最高学历相对应的学位
政治面貌：不限
基层工作经历：无限制
考试类别：市（地）级及以下直属机构综合管理类
备注：1.报名时请在专业栏中同时填写专业名称和专业代码；2.要求本科学历大学英语四级成绩425分及以上或研究生学历大学英语六级成绩425分及以上，请在外语水平栏中注明成绩；3.专业考试信息请参见国家金融监督管理总局2025年度招考公告。","https://www.xjhc.gov.cn/xjhc/c116834/202410/a29382e11a674da3be3353af65f9fcc5.shtml#132133-300147784001","2024-10-14","{""dataset_year"":2025,""job_uid"":""GOV-2025-132133-300147784001"",""publisher"":""国家公务员局"",""publication_page"":""https://www.xjhc.gov.cn/xjhc/c116834/202410/a29382e11a674da3be3353af65f9fcc5.shtml"",""attachment_url"":""https://www.xjhc.gov.cn/xjhc/c116834/202410/a29382e11a674da3be3353af65f9fcc5/files/0536cef86e2b46ddad6aae5a3780089e.xls"",""local_source_file"":""2025_guokao_zhaokaojianzhang.xls"",""local_source_sha256"":""07ae6cab368cd21b7a1ac3e8150fe9a3d39ad5171ce76135ff3cccfe50c3e77e"",""source_sheet"":""中央国家行政机关省级以下直属机构"",""filter_version"":""government_tech_v2"",""tech_filter"":{""is_tech"":true,""is_core_tech"":true,""scope"":""core"",""categories"":[""computer_software""],""matched_fields"":[""major"",""description""],""major_terms"":[""计算机科学与技术""],""role_terms"":[""信息科技"",""信息系统"",""软硬件""],""reason"":""tech_major_and_role""},""original"":{""部门代码"":""132133"",""部门名称"":""国家金融监督管理总局青岛监管局"",""用人司局"":""国家金融监督管理总局莱西监管支局"",""机构性质"":""中央国家行政机关省级以下直属机构"",""招考职位"":""监管部门一级主任科员及以下"",""职位属性"":""金融监管计算机类职位"",""职位分布"":""其他职位"",""职位简介"":""主要从事金融信息科技风险监管、电子设备软硬件管理及信息系统运行维护等工作"",""职位代码"":""300147784001"",""机构层级"":""县（区）级及以下"",""考试类别"":""市（地）级及以下直属机构综合管理类"",""招考人数"":""1"",""专业"":""本科：计算机科学与技术；硕士研究生：计算机科学与技术"",""学历"":""本科或硕士研究生"",""学位"":""与最高学历相对应的学位"",""政治面貌"":""不限"",""基层工作最低年限"":""无限制"",""服务基层项目工作经历"":""无限制"",""是否在面试阶段组织专业能力测试"":""否"",""面试人员比例"":""3:1"",""工作地点"":""山东省青岛市莱西市"",""落户地点"":""山东省青岛市莱西市"",""备注"":""1.报名时请在专业栏中同时填写专业名称和专业代码；2.要求本科学历大学英语四级成绩425分及以上或研究生学历大学英语六级成绩425分及以上，请在外语水平栏中注明成绩；3.专业考试信息请参见国家金融监督管理总局2025年度招考公告。"",""部门网站"":""http://www.cbirc.gov.cn/"",""咨询电话1"":""0532-83079292"",""咨询电话2"":""0532-83079156"",""咨询电话3"":""0532-83079395"",""来源Sheet"":""中央国家行政机关省级以下直属机构""}}"
"government_jobs","国家公务员2025招考简章","公务员/事业单位技术岗位","浙江省宁波市","2026-07-28T09:12:58.310295+00:00","监管部门一级主任科员及以下","国家金融监督管理总局宁波监管局","","浙江省宁波市","公务员/事业单位;2025;computer_software;仅限硕士研究生;硕士;计算机科学与技术、软件工程;中央机关及其省级直属机构综合管理类","用人司局：国家金融监督管理总局宁波监管局
职位简介：主要从事金融信息科技风险监管、电子设备软硬件管理及信息系统运行维护等工作
专业要求：计算机科学与技术、软件工程
学历要求：仅限硕士研究生
学位要求：硕士
政治面貌：不限
基层工作经历：二年
考试类别：中央机关及其省级直属机构综合管理类
备注：1.报名时请在专业栏中同时填写专业名称和专业代码；2.要求研究生学历大学英语六级成绩425分及以上，请在外语水平栏中注明成绩；3.专业考试信息请参见国家金融监督管理总局2025年度招考公告。","https://www.xjhc.gov.cn/xjhc/c116834/202410/a29382e11a674da3be3353af65f9fcc5.shtml#132134-300147780001","2024-10-14","{""dataset_year"":2025,""job_uid"":""GOV-2025-132134-300147780001"",""publisher"":""国家公务员局"",""publication_page"":""https://www.xjhc.gov.cn/xjhc/c116834/202410/a29382e11a674da3be3353af65f9fcc5.shtml"",""attachment_url"":""https://www.xjhc.gov.cn/xjhc/c116834/202410/a29382e11a674da3be3353af65f9fcc5/files/0536cef86e2b46ddad6aae5a3780089e.xls"",""local_source_file"":""2025_guokao_zhaokaojianzhang.xls"",""local_source_sha256"":""07ae6cab368cd21b7a1ac3e8150fe9a3d39ad5171ce76135ff3cccfe50c3e77e"",""source_sheet"":""中央国家行政机关省级以下直属机构"",""filter_version"":""government_tech_v2"",""tech_filter"":{""is_tech"":true,""is_core_tech"":true,""scope"":""core"",""categories"":[""computer_software""],""matched_fields"":[""major"",""description""],""major_terms"":[""计算机科学与技术"",""软件工程""],""role_terms"":[""信息科技"",""信息系统"",""软硬件""],""reason"":""tech_major_and_role""},""original"":{""部门代码"":""132134"",""部门名称"":""国家金融监督管理总局宁波监管局"",""用人司局"":""国家金融监督管理总局宁波监管局"",""机构性质"":""中央国家行政机关省级以下直属机构"",""招考职位"":""监管部门一级主任科员及以下"",""职位属性"":""金融监管计算机类职位"",""职位分布"":""其他职位"",""职位简介"":""主要从事金融信息科技风险监管、电子设备软硬件管理及信息系统运行维护等工作"",""职位代码"":""300147780001"",""机构层级"":""省（副省）级"",""考试类别"":""中央机关及其省级直属机构综合管理类"",""招考人数"":""1"",""专业"":""计算机科学与技术、软件工程"",""学历"":""仅限硕士研究生"",""学位"":""硕士"",""政治面貌"":""不限"",""基层工作最低年限"":""二年"",""服务基层项目工作经历"":""无限制"",""是否在面试阶段组织专业能力测试"":""否"",""面试人员比例"":""4:1"",""工作地点"":""浙江省宁波市"",""落户地点"":""浙江省宁波市"",""备注"":""1.报名时请在专业栏中同时填写专业名称和专业代码；2.要求研究生学历大学英语六级成绩425分及以上，请在外语水平栏中注明成绩；3.专业考试信息请参见国家金融监督管理总局2025年度招考公告。"",""部门网站"":""http://www.cbirc.gov.cn/"",""咨询电话1"":""0574-87978077"",""咨询电话2"":""0574-87978868"",""咨询电话3"":"""",""来源Sheet"":""中央国家行政机关省级以下直属机构""}}"
"government_jobs","国家公务员2025招考简章","公务员/事业单位技术岗位","福建省厦门市","2026-07-28T09:12:58.310295+00:00","监管部门一级主任科员及以下","国家金融监督管理总局厦门监管局","","福建省厦门市","公务员/事业单位;2025;computer_software;仅限硕士研究生;硕士;0812计算机科学与技术、0835软件工程;中央机关及其省级直属机构综合管理类","用人司局：国家金融监督管理总局厦门监管局
职位简介：主要从事金融信息科技风险监管、电子设备软硬件管理及信息系统运行维护等工作。
专业要求：0812计算机科学与技术、0835软件工程
学历要求：仅限硕士研究生
学位要求：硕士
政治面貌：不限
基层工作经历：二年
考试类别：中央机关及其省级直属机构综合管理类
备注：1.报名时请在专业栏中同时填写专业名称和专业代码；2.要求大学英语六级成绩425分及以上，请在外语水平栏中注明成绩；3.专业考试信息请参见国家金融监督管理总局2025年度招考公告。","https://www.xjhc.gov.cn/xjhc/c116834/202410/a29382e11a674da3be3353af65f9fcc5.shtml#132135-300147781001","2024-10-14","{""dataset_year"":2025,""job_uid"":""GOV-2025-132135-300147781001"",""publisher"":""国家公务员局"",""publication_page"":""https://www.xjhc.gov.cn/xjhc/c116834/202410/a29382e11a674da3be3353af65f9fcc5.shtml"",""attachment_url"":""https://www.xjhc.gov.cn/xjhc/c116834/202410/a29382e11a674da3be3353af65f9fcc5/files/0536cef86e2b46ddad6aae5a3780089e.xls"",""local_source_file"":""2025_guokao_zhaokaojianzhang.xls"",""local_source_sha256"":""07ae6cab368cd21b7a1ac3e8150fe9a3d39ad5171ce76135ff3cccfe50c3e77e"",""source_sheet"":""中央国家行政机关省级以下直属机构"",""filter_version"":""government_tech_v2"",""tech_filter"":{""is_tech"":true,""is_core_tech"":true,""scope"":""core"",""categories"":[""computer_software""],""matched_fields"":[""major"",""description""],""major_terms"":[""计算机科学与技术"",""软件工程""],""role_terms"":[""信息科技"",""信息系统"",""软硬件""],""reason"":""tech_major_and_role""},""original"":{""部门代码"":""132135"",""部门名称"":""国家金融监督管理总局厦门监管局"",""用人司局"":""国家金融监督管理总局厦门监管局"",""机构性质"":""中央国家行政机关省级以下直属机构"",""招考职位"":""监管部门一级主任科员及以下"",""职位属性"":""金融监管计算机类职位"",""职位分布"":""其他职位"",""职位简介"":""主要从事金融信息科技风险监管、电子设备软硬件管理及信息系统运行维护等工作。"",""职位代码"":""300147781001"",""机构层级"":""省（副省）级"",""考试类别"":""中央机关及其省级直属机构综合管理类"",""招考人数"":""1"",""专业"":""0812计算机科学与技术、0835软件工程"",""学历"":""仅限硕士研究生"",""学位"":""硕士"",""政治面貌"":""不限"",""基层工作最低年限"":""二年"",""服务基层项目工作经历"":""无限制"",""是否在面试阶段组织专业能力测试"":""否"",""面试人员比例"":""4:1"",""工作地点"":""福建省厦门市"",""落户地点"":""福建省厦门市"",""备注"":""1.报名时请在专业栏中同时填写专业名称和专业代码；2.要求大学英语六级成绩425分及以上，请在外语水平栏中注明成绩；3.专业考试信息请参见国家金融监督管理总局2025年度招考公告。"",""部门网站"":""http://www.cbirc.gov.cn/"",""咨询电话1"":""0592-5892229"",""咨询电话2"":""0592-5892772"",""咨询电话3"":"""",""来源Sheet"":""中央国家行政机关省级以下直属机构""}}"
"government_jobs","国家公务员2025招考简章","公务员/事业单位技术岗位","广东省深圳市","2026-07-28T09:12:58.310295+00:00","监管部门一级主任科员及以下","国家金融监督管理总局深圳监管局","","广东省深圳市","公务员/事业单位;2025;computer_software;cybersecurity_cryptography;仅限硕士研究生;硕士;计算机科学与技术（0775、0812）、网络空间安全（0839）、软件工程（0835）、大数据技术与工程、网络与信息安全、人工智能;中央机关及其省级直属机构综合管理类","用人司局：国家金融监督管理总局深圳监管局
职位简介：主要从事金融信息科技风险监管、电子设备软硬件管理及信息系统运行维护等工作。
专业要求：计算机科学与技术（0775、0812）、网络空间安全（0839）、软件工程（0835）、大数据技术与工程、网络与信息安全、人工智能
学历要求：仅限硕士研究生
学位要求：硕士
政治面貌：不限
基层工作经历：二年
考试类别：中央机关及其省级直属机构综合管理类
备注：1.报名时请在专业栏中同时填写专业名称和专业代码；2.要求研究生学历大学英语六级成绩425分及以上，请在外语水平栏中注明成绩；3.专业考试信息请参见国家金融监督管理总局2025年度招考公告。","https://www.xjhc.gov.cn/xjhc/c116834/202410/a29382e11a674da3be3353af65f9fcc5.shtml#132136-300147785001","2024-10-14","{""dataset_year"":2025,""job_uid"":""GOV-2025-132136-300147785001"",""publisher"":""国家公务员局"",""publication_page"":""https://www.xjhc.gov.cn/xjhc/c116834/202410/a29382e11a674da3be3353af65f9fcc5.shtml"",""attachment_url"":""https://www.xjhc.gov.cn/xjhc/c116834/202410/a29382e11a674da3be3353af65f9fcc5/files/0536cef86e2b46ddad6aae5a3780089e.xls"",""local_source_file"":""2025_guokao_zhaokaojianzhang.xls"",""local_source_sha256"":""07ae6cab368cd21b7a1ac3e8150fe9a3d39ad5171ce76135ff3cccfe50c3e77e"",""source_sheet"":""中央国家行政机关省级以下直属机构"",""filter_version"":""government_tech_v2"",""tech_filter"":{""is_tech"":true,""is_core_tech"":true,""scope"":""core"",""categories"":[""computer_software"",""cybersecurity_cryptography""],""matched_fields"":[""major"",""description""],""major_terms"":[""人工智能"",""信息安全"",""大数据"",""网络空间安全"",""计算机科学与技术"",""软件工程""],""role_terms"":[""信息科技"",""信息系统"",""软硬件""],""reason"":""tech_major_and_role""},""original"":{""部门代码"":""132136"",""部门名称"":""国家金融监督管理总局深圳监管局"",""用人司局"":""国家金融监督管理总局深圳监管局"",""机构性质"":""中央国家行政机关省级以下直属机构"",""招考职位"":""监管部门一级主任科员及以下"",""职位属性"":""金融监管计算机类职位"",""职位分布"":""其他职位"",""职位简介"":""主要从事金融信息科技风险监管、电子设备软硬件管理及信息系统运行维护等工作。"",""职位代码"":""300147785001"",""机构层级"":""省（副省）级"",""考试类别"":""中央机关及其省级直属机构综合管理类"",""招考人数"":""2"",""专业"":""计算机科学与技术（0775、0812）、网络空间安全（0839）、软件工程（0835）、大数据技术与工程、网络与信息安全、人工智能"",""学历"":""仅限硕士研究生"",""学位"":""硕士"",""政治面貌"":""不限"",""基层工作最低年限"":""二年"",""服务基层项目工作经历"":""无限制"",""是否在面试阶段组织专业能力测试"":""否"",""面试人员比例"":""4:1"",""工作地点"":""广东省深圳市"",""落户地点"":""广东省深圳市"",""备注"":""1.报名时请在专业栏中同时填写专业名称和专业代码；2.要求研究生学历大学英语六级成绩425分及以上，请在外语水平栏中注明成绩；3.专业考试信息请参见国家金融监督管理总局2025年度招考公告。"",""部门网站"":""http://www.cbirc.gov.cn"",""咨询电话1"":""0755-88283615"",""咨询电话2"":""0755-88285110"",""咨询电话3"":"""",""来源Sheet"":""中央国家行政机关省级以下直属机构""}}"
"government_jobs","国家公务员2025招考简章","公务员/事业单位技术岗位","北京市西城区","2026-07-28T09:12:58.310295+00:00","处室一级主任科员及以下","中国证券监督管理委员会","","北京市西城区","公务员/事业单位;2025;computer_software;data_ai;硕士研究生及以上;与最高学历相对应的学位;计算机;中央机关及其省级直属机构综合管理类","用人司局：市场监管一司
职位简介：从事证券市场信息系统研发、测试、质量控制、运行管理等工作
专业要求：计算机
学历要求：硕士研究生及以上
学位要求：与最高学历相对应的学位
政治面貌：中共党员
基层工作经历：二年
考试类别：中央机关及其省级直属机构综合管理类
备注：1.本科阶段为计算机（学科代码0809）专业或国（境）外相应专业，或者研究生阶段为计算机科学与技术（学科代码0812）、软件工程（学科代码0835）专业或国（境）外相应专业，并取得相应的学位、学历证书。
2.大学英语六级考试合格或成绩在425分及以上或雅思6.5分、托福90分及以上。
3.具有二年以上金融领域从业经历。
4.熟悉java、C或C++等至少一种主流开发语言，熟悉SQL或Shell等脚本语言，并对主流数据库、大数据平台技术及应用有一定了解。
5.报名时需在备注栏中详细说明学科代码、工作经历、英语成绩等。有关专业考试信息、大纲及咨询电话可在中国证监会网站上查询。
岗位咨询电话：010-88060703","https://www.xjhc.gov.cn/xjhc/c116834/202410/a29382e11a674da3be3353af65f9fcc5.shtml#133000-200143005001","2024-10-14","{""dataset_year"":2025,""job_uid"":""GOV-2025-133000-200143005001"",""publisher"":""国家公务员局"",""publication_page"":""https://www.xjhc.gov.cn/xjhc/c116834/202410/a29382e11a674da3be3353af65f9fcc5.shtml"",""attachment_url"":""https://www.xjhc.gov.cn/xjhc/c116834/202410/a29382e11a674da3be3353af65f9fcc5/files/0536cef86e2b46ddad6aae5a3780089e.xls"",""local_source_file"":""2025_guokao_zhaokaojianzhang.xls"",""local_source_sha256"":""07ae6cab368cd21b7a1ac3e8150fe9a3d39ad5171ce76135ff3cccfe50c3e77e"",""source_sheet"":""中央国家行政机关（本级）"",""filter_version"":""government_tech_v2"",""tech_filter"":{""is_tech"":true,""is_core_tech"":true,""scope"":""core"",""categories"":[""computer_software"",""data_ai""],""matched_fields"":[""major"",""description"",""remarks""],""major_terms"":[""计算机""],""role_terms"":[""信息系统"",""大数据"",""数据平台"",""数据库"",""计算机"",""软件"",""软件工程""],""reason"":""tech_major_and_role""},""original"":{""部门代码"":""133000"",""部门名称"":""中国证券监督管理委员会"",""用人司局"":""市场监管一司"",""机构性质"":""中央国家行政机关（本级）"",""招考职位"":""处室一级主任科员及以下"",""职位属性"":""证监计算机类职位"",""职位分布"":""其他职位"",""职位简介"":""从事证券市场信息系统研发、测试、质量控制、运行管理等工作"",""职位代码"":""200143005001"",""机构层级"":""中央"",""考试类别"":""中央机关及其省级直属机构综合管理类"",""招考人数"":""1"",""专业"":""计算机"",""学历"":""硕士研究生及以上"",""学位"":""与最高学历相对应的学位"",""政治面貌"":""中共党员"",""基层工作最低年限"":""二年"",""服务基层项目工作经历"":""无限制"",""是否在面试阶段组织专业能力测试"":""否"",""面试人员比例"":""5:1"",""工作地点"":""北京市西城区"",""落户地点"":""北京市西城区"",""备注"":""1.本科阶段为计算机（学科代码0809）专业或国（境）外相应专业，或者研究生阶段为计算机科学与技术（学科代码0812）、软件工程（学科代码0835）专业或国（境）外相应专业，并取得相应的学位、学历证书。\n2.大学英语六级考试合格或成绩在425分及以上或雅思6.5分、托福90分及以上。\n3.具有二年以上金融领域从业经历。\n4.熟悉java、C或C++等至少一种主流开发语言，熟悉SQL或Shell等脚本语言，并对主流数据库、大数据平台技术及应用有一定了解。\n5.报名时需在备注栏中详细说明学科代码、工作经历、英语成绩等。有关专业考试信息、大纲及咨询电话可在中国证监会网站上查询。\n岗位咨询电话：010-88060703"",""部门网站"":""www.csrc.gov.cn"",""咨询电话1"":""010-88061010"",""咨询电话2"":"""",""咨询电话3"":"""",""来源Sheet"":""中央国家行政机关（本级）""}}"
"government_jobs","国家公务员2025招考简章","公务员/事业单位技术岗位","北京市西城区","2026-07-28T09:12:58.310295+00:00","处室一级主任科员及以下","中国证券监督管理委员会","","北京市西城区","公务员/事业单位;2025;computer_software;cybersecurity_cryptography;data_ai;硕士研究生及以上;与最高学历相对应的学位;计算机类;中央机关及其省级直属机构综合管理类","用人司局：科技监管司
职位简介：从事科技规划、科研和标准化、信息安全和监管、数据管理等科技监管工作
专业要求：计算机类
学历要求：硕士研究生及以上
学位要求：与最高学历相对应的学位
政治面貌：中共党员
基层工作经历：二年
考试类别：中央机关及其省级直属机构综合管理类
备注：1.本科阶段为计算机科学与技术（学科代码080901）、软件工程（学科代码080902）、网络工程（学科代码080903）、信息安全（学科代码080904K）、智能科学与技术（学科代码080907T）、电子与计算机工程（学科代码080909T）、数据科学与大数据技术（学科代码080910T）、网络空间安全（学科代码080911TK）、保密技术（学科代码080914TK）、区块链工程（学科代码080917T）、密码科学与技术（080918TK）、人工智能（学科代码080717T）专业，且研究生阶段为信息与通信工程（学科代码0810）、计算机科学与技术（学科代码0812）、软件工程（学科代码0835）、网络空间安全（学科代码0839），或国（境）外相应专业，并取得相应的学位、学历证书。
2.报名时需在备注栏中详细说明学科代码，简述研究方向或工作内容等，进入面试环节需提供相关材料。有关专业考试信息、大纲及咨询电话可在中国证监会网站上查询。岗位咨询电话：88060007。","https://www.xjhc.gov.cn/xjhc/c116834/202410/a29382e11a674da3be3353af65f9fcc5.shtml#133000-200143016001","2024-10-14","{""dataset_year"":2025,""job_uid"":""GOV-2025-133000-200143016001"",""publisher"":""国家公务员局"",""publication_page"":""https://www.xjhc.gov.cn/xjhc/c116834/202410/a29382e11a674da3be3353af65f9fcc5.shtml"",""attachment_url"":""https://www.xjhc.gov.cn/xjhc/c116834/202410/a29382e11a674da3be3353af65f9fcc5/files/0536cef86e2b46ddad6aae5a3780089e.xls"",""local_source_file"":""2025_guokao_zhaokaojianzhang.xls"",""local_source_sha256"":""07ae6cab368cd21b7a1ac3e8150fe9a3d39ad5171ce76135ff3cccfe50c3e77e"",""source_sheet"":""中央国家行政机关（本级）"",""filter_version"":""government_tech_v2"",""tech_filter"":{""is_tech"":true,""is_core_tech"":true,""scope"":""core"",""categories"":[""computer_software"",""cybersecurity_cryptography"",""data_ai""],""matched_fields"":[""major"",""description"",""remarks""],""major_terms"":[""计算机类""],""role_terms"":[""人工智能"",""信息安全"",""大数据"",""密码科学"",""数据管理"",""网络空间安全"",""计算机"",""软件"",""软件工程""],""reason"":""tech_major_and_role""},""original"":{""部门代码"":""133000"",""部门名称"":""中国证券监督管理委员会"",""用人司局"":""科技监管司"",""机构性质"":""中央国家行政机关（本级）"",""招考职位"":""处室一级主任科员及以下"",""职位属性"":""证监计算机类职位"",""职位分布"":""其他职位"",""职位简介"":""从事科技规划、科研和标准化、信息安全和监管、数据管理等科技监管工作"",""职位代码"":""200143016001"",""机构层级"":""中央"",""考试类别"":""中央机关及其省级直属机构综合管理类"",""招考人数"":""1"",""专业"":""计算机类"",""学历"":""硕士研究生及以上"",""学位"":""与最高学历相对应的学位"",""政治面貌"":""中共党员"",""基层工作最低年限"":""二年"",""服务基层项目工作经历"":""无限制"",""是否在面试阶段组织专业能力测试"":""否"",""面试人员比例"":""5:1"",""工作地点"":""北京市西城区"",""落户地点"":""北京市西城区"",""备注"":""1.本科阶段为计算机科学与技术（学科代码080901）、软件工程（学科代码080902）、网络工程（学科代码080903）、信息安全（学科代码080904K）、智能科学与技术（学科代码080907T）、电子与计算机工程（学科代码080909T）、数据科学与大数据技术（学科代码080910T）、网络空间安全（学科代码080911TK）、保密技术（学科代码080914TK）、区块链工程（学科代码080917T）、密码科学与技术（080918TK）、人工智能（学科代码080717T）专业，且研究生阶段为信息与通信工程（学科代码0810）、计算机科学与技术（学科代码0812）、软件工程（学科代码0835）、网络空间安全（学科代码0839），或国（境）外相应专业，并取得相应的学位、学历证书。\n2.报名时需在备注栏中详细说明学科代码，简述研究方向或工作内容等，进入面试环节需提供相关材料。有关专业考试信息、大纲及咨询电话可在中国证监会网站上查询。岗位咨询电话：88060007。"",""部门网站"":""www.csrc.gov.cn"",""咨询电话1"":""010-88061010"",""咨询电话2"":"""",""咨询电话3"":"""",""来源Sheet"":""中央国家行政机关（本级）""}}"
"government_jobs","国家公务员2025招考简章","公务员/事业单位技术岗位","北京市","2026-07-28T09:12:58.310295+00:00","辖区计算机类监管岗位一级主任科员及以下","中国证券监督管理委员会北京监管局","","北京市","公务员/事业单位;2025;computer_software;cybersecurity_cryptography;data_ai;硕士研究生及以上;与最高学历相对应的学位;计算机类（详见备注）;中央机关及其省级直属机构综合管理类","用人司局：中国证券监督管理委员会北京监管局
职位简介：主要从事辖区证券期货市场计算机类监管工作
专业要求：计算机类（详见备注）
学历要求：硕士研究生及以上
学位要求：与最高学历相对应的学位
政治面貌：中共党员或共青团员
基层工作经历：二年
考试类别：中央机关及其省级直属机构综合管理类
备注：1.本科阶段为计算机类（学科代码0809）、金融科技（学科代码020310T）、人工智能（学科代码080717T）专业，或研究生阶段为计算机科学与技术（学科代码0812）、计算机技术（学科代码085404）、软件工程（学科代码0835、085405）、网络空间安全（学科代码0839）、网络与信息安全（学科代码085412）、人工智能（学科代码0811、085410）、大数据技术与工程（学科代码085411）。国（境）外相应专业，并取得相应的学位、学历证书，也可报考。学科代码需与专业名称相一致，并需在备注栏注明所学专业及学科代码；
2.大学英语六级考试合格或成绩在425分及以上，或雅思6.5分、托福90分及以上，或在国（境）外留学一年及以上。在备注栏注明英语成绩或留学经历；
3.有关专业考试信息及大纲可在中国证监会网站上查询。","https://www.xjhc.gov.cn/xjhc/c116834/202410/a29382e11a674da3be3353af65f9fcc5.shtml#133101-300143101001","2024-10-14","{""dataset_year"":2025,""job_uid"":""GOV-2025-133101-300143101001"",""publisher"":""国家公务员局"",""publication_page"":""https://www.xjhc.gov.cn/xjhc/c116834/202410/a29382e11a674da3be3353af65f9fcc5.shtml"",""attachment_url"":""https://www.xjhc.gov.cn/xjhc/c116834/202410/a29382e11a674da3be3353af65f9fcc5/files/0536cef86e2b46ddad6aae5a3780089e.xls"",""local_source_file"":""2025_guokao_zhaokaojianzhang.xls"",""local_source_sha256"":""07ae6cab368cd21b7a1ac3e8150fe9a3d39ad5171ce76135ff3cccfe50c3e77e"",""source_sheet"":""中央国家行政机关省级以下直属机构"",""filter_version"":""government_tech_v2"",""tech_filter"":{""is_tech"":true,""is_core_tech"":true,""scope"":""core"",""categories"":[""computer_software"",""cybersecurity_cryptography"",""data_ai""],""matched_fields"":[""major"",""job_title"",""description"",""remarks""],""major_terms"":[""计算机类""],""role_terms"":[""人工智能"",""信息安全"",""大数据"",""网络空间安全"",""计算机"",""软件"",""软件工程""],""reason"":""tech_major_and_role""},""original"":{""部门代码"":""133101"",""部门名称"":""中国证券监督管理委员会北京监管局"",""用人司局"":""中国证券监督管理委员会北京监管局"",""机构性质"":""中央国家行政机关省级以下直属机构"",""招考职位"":""辖区计算机类监管岗位一级主任科员及以下"",""职位属性"":""证监计算机类职位"",""职位分布"":""其他职位"",""职位简介"":""主要从事辖区证券期货市场计算机类监管工作"",""职位代码"":""300143101001"",""机构层级"":""省（副省）级"",""考试类别"":""中央机关及其省级直属机构综合管理类"",""招考人数"":""2"",""专业"":""计算机类（详见备注）"",""学历"":""硕士研究生及以上"",""学位"":""与最高学历相对应的学位"",""政治面貌"":""中共党员或共青团员"",""基层工作最低年限"":""二年"",""服务基层项目工作经历"":""无限制"",""是否在面试阶段组织专业能力测试"":""否"",""面试人员比例"":""5:1"",""工作地点"":""北京市"",""落户地点"":""北京市"",""备注"":""1.本科阶段为计算机类（学科代码0809）、金融科技（学科代码020310T）、人工智能（学科代码080717T）专业，或研究生阶段为计算机科学与技术（学科代码0812）、计算机技术（学科代码085404）、软件工程（学科代码0835、085405）、网络空间安全（学科代码0839）、网络与信息安全（学科代码085412）、人工智能（学科代码0811、085410）、大数据技术与工程（学科代码085411）。国（境）外相应专业，并取得相应的学位、学历证书，也可报考。学科代码需与专业名称相一致，并需在备注栏注明所学专业及学科代码；\n2.大学英语六级考试合格或成绩在425分及以上，或雅思6.5分、托福90分及以上，或在国（境）外留学一年及以上。在备注栏注明英语成绩或留学经历；\n3.有关专业考试信息及大纲可在中国证监会网站上查询。"",""部门网站"":""www.csrc.gov.cn /pub/beijing"",""咨询电话1"":""010-88088060"",""咨询电话2"":"""",""咨询电话3"":"""",""来源Sheet"":""中央国家行政机关省级以下直属机构""}}"
"government_jobs","国家公务员2025招考简章","公务员/事业单位技术岗位","辽宁省沈阳市","2026-07-28T09:12:58.310295+00:00","辖区计算机类监管岗位一级主任科员及以下","中国证券监督管理委员会辽宁监管局","","辽宁省沈阳市","公务员/事业单位;2025;computer_software;cybersecurity_cryptography;硕士研究生及以上;与最高学历相对应的学位;计算机类（具体专业详见备注）;中央机关及其省级直属机构综合管理类","用人司局：中国证券监督管理委员会辽宁监管局
职位简介：主要从事辖区证券期货市场计算机类监管工作
专业要求：计算机类（具体专业详见备注）
学历要求：硕士研究生及以上
学位要求：与最高学历相对应的学位
政治面貌：不限
基层工作经历：二年
考试类别：中央机关及其省级直属机构综合管理类
备注：1.本科阶段为计算机类专业，且研究生阶段为计算机科学与技术（学科代码以0812开头）、软件工程（学科代码以0835开头或学科代码为085405）、网络空间安全（学科代码以0839开头）专业，并取得相应的学历、学位；2.报名时需在备注栏中详细说明本科、研究生专业和学科代码；3.有关专业考试信息及大纲可在中国证监会网站上查询。","https://www.xjhc.gov.cn/xjhc/c116834/202410/a29382e11a674da3be3353af65f9fcc5.shtml#133106-300143807001","2024-10-14","{""dataset_year"":2025,""job_uid"":""GOV-2025-133106-300143807001"",""publisher"":""国家公务员局"",""publication_page"":""https://www.xjhc.gov.cn/xjhc/c116834/202410/a29382e11a674da3be3353af65f9fcc5.shtml"",""attachment_url"":""https://www.xjhc.gov.cn/xjhc/c116834/202410/a29382e11a674da3be3353af65f9fcc5/files/0536cef86e2b46ddad6aae5a3780089e.xls"",""local_source_file"":""2025_guokao_zhaokaojianzhang.xls"",""local_source_sha256"":""07ae6cab368cd21b7a1ac3e8150fe9a3d39ad5171ce76135ff3cccfe50c3e77e"",""source_sheet"":""中央国家行政机关省级以下直属机构"",""filter_version"":""government_tech_v2"",""tech_filter"":{""is_tech"":true,""is_core_tech"":true,""scope"":""core"",""categories"":[""computer_software"",""cybersecurity_cryptography""],""matched_fields"":[""major"",""job_title"",""description"",""remarks""],""major_terms"":[""计算机类""],""role_terms"":[""网络空间安全"",""计算机"",""软件"",""软件工程""],""reason"":""tech_major_and_role""},""original"":{""部门代码"":""133106"",""部门名称"":""中国证券监督管理委员会辽宁监管局"",""用人司局"":""中国证券监督管理委员会辽宁监管局"",""机构性质"":""中央国家行政机关省级以下直属机构"",""招考职位"":""辖区计算机类监管岗位一级主任科员及以下"",""职位属性"":""证监计算机类职位"",""职位分布"":""其他职位"",""职位简介"":""主要从事辖区证券期货市场计算机类监管工作"",""职位代码"":""300143807001"",""机构层级"":""省（副省）级"",""考试类别"":""中央机关及其省级直属机构综合管理类"",""招考人数"":""1"",""专业"":""计算机类（具体专业详见备注）"",""学历"":""硕士研究生及以上"",""学位"":""与最高学历相对应的学位"",""政治面貌"":""不限"",""基层工作最低年限"":""二年"",""服务基层项目工作经历"":""无限制"",""是否在面试阶段组织专业能力测试"":""否"",""面试人员比例"":""5:1"",""工作地点"":""辽宁省沈阳市"",""落户地点"":""辽宁省沈阳市"",""备注"":""1.本科阶段为计算机类专业，且研究生阶段为计算机科学与技术（学科代码以0812开头）、软件工程（学科代码以0835开头或学科代码为085405）、网络空间安全（学科代码以0839开头）专业，并取得相应的学历、学位；2.报名时需在备注栏中详细说明本科、研究生专业和学科代码；3.有关专业考试信息及大纲可在中国证监会网站上查询。"",""部门网站"":""www.csrc.gov.cn/pub/liaoning/"",""咨询电话1"":""024-22899972"",""咨询电话2"":""024-22899853"",""咨询电话3"":""024-22899544"",""来源Sheet"":""中央国家行政机关省级以下直属机构""}}"
"government_jobs","国家公务员2025招考简章","公务员/事业单位技术岗位","安徽省合肥市","2026-07-28T09:12:58.310295+00:00","辖区计算机类监管岗位一级主任科员及以下","中国证券监督管理委员会安徽监管局","","安徽省合肥市","公务员/事业单位;2025;computer_software;cybersecurity_cryptography;本科及以上;与最高学历相对应的学位;计算机科学与技术或网络空间安全类（详见备注）;中央机关及其省级直属机构综合管理类","用人司局：中国证券监督管理委员会安徽监管局
职位简介：主要从事辖区证券期货市场计算机类监管工作
专业要求：计算机科学与技术或网络空间安全类（详见备注）
学历要求：本科及以上
学位要求：与最高学历相对应的学位
政治面貌：不限
基层工作经历：二年
考试类别：中央机关及其省级直属机构综合管理类
备注：1.本科或硕士任一学习阶段为计算机科学与技术或网络空间安全类专业，取得相应学位、学历证书，并具有会计、审计、财务管理、经济学、金融学或法律类专业相关学位；
2.有关专业考试信息及大纲可在中国证监会网站上查询。","https://www.xjhc.gov.cn/xjhc/c116834/202410/a29382e11a674da3be3353af65f9fcc5.shtml#133114-300143114001","2024-10-14","{""dataset_year"":2025,""job_uid"":""GOV-2025-133114-300143114001"",""publisher"":""国家公务员局"",""publication_page"":""https://www.xjhc.gov.cn/xjhc/c116834/202410/a29382e11a674da3be3353af65f9fcc5.shtml"",""attachment_url"":""https://www.xjhc.gov.cn/xjhc/c116834/202410/a29382e11a674da3be3353af65f9fcc5/files/0536cef86e2b46ddad6aae5a3780089e.xls"",""local_source_file"":""2025_guokao_zhaokaojianzhang.xls"",""local_source_sha256"":""07ae6cab368cd21b7a1ac3e8150fe9a3d39ad5171ce76135ff3cccfe50c3e77e"",""source_sheet"":""中央国家行政机关省级以下直属机构"",""filter_version"":""government_tech_v2"",""tech_filter"":{""is_tech"":true,""is_core_tech"":true,""scope"":""core"",""categories"":[""computer_software"",""cybersecurity_cryptography""],""matched_fields"":[""major"",""job_title"",""description"",""remarks""],""major_terms"":[""网络空间安全"",""计算机科学与技术""],""role_terms"":[""网络空间安全"",""计算机""],""reason"":""tech_major_and_role""},""original"":{""部门代码"":""133114"",""部门名称"":""中国证券监督管理委员会安徽监管局"",""用人司局"":""中国证券监督管理委员会安徽监管局"",""机构性质"":""中央国家行政机关省级以下直属机构"",""招考职位"":""辖区计算机类监管岗位一级主任科员及以下"",""职位属性"":""证监计算机类职位"",""职位分布"":""其他职位"",""职位简介"":""主要从事辖区证券期货市场计算机类监管工作"",""职位代码"":""300143114001"",""机构层级"":""省（副省）级"",""考试类别"":""中央机关及其省级直属机构综合管理类"",""招考人数"":""2"",""专业"":""计算机科学与技术或网络空间安全类（详见备注）"",""学历"":""本科及以上"",""学位"":""与最高学历相对应的学位"",""政治面貌"":""不限"",""基层工作最低年限"":""二年"",""服务基层项目工作经历"":""无限制"",""是否在面试阶段组织专业能力测试"":""否"",""面试人员比例"":""5:1"",""工作地点"":""安徽省合肥市"",""落户地点"":""安徽省合肥市"",""备注"":""1.本科或硕士任一学习阶段为计算机科学与技术或网络空间安全类专业，取得相应学位、学历证书，并具有会计、审计、财务管理、经济学、金融学或法律类专业相关学位；\n2.有关专业考试信息及大纲可在中国证监会网站上查询。"",""部门网站"":""www.csrc.gov.cn/anhui/index.shtml"",""咨询电话1"":""0551-65367102"",""咨询电话2"":""0551-65367122"",""咨询电话3"":"""",""来源Sheet"":""中央国家行政机关省级以下直属机构""}}"
"government_jobs","国家公务员2025招考简章","公务员/事业单位技术岗位","江西省南昌市","2026-07-28T09:12:58.310295+00:00","辖区计算机类监管岗位一级主任科员及以下","中国证券监督管理委员会江西监管局","","江西省南昌市","公务员/事业单位;2025;computer_software;硕士研究生及以上;与最高学历相对应的学位;计算机类;中央机关及其省级直属机构综合管理类","用人司局：中国证券监督管理委员会江西监管局
职位简介：主要从事辖区证券期货市场计算机类监管工作
专业要求：计算机类
学历要求：硕士研究生及以上
学位要求：与最高学历相对应的学位
政治面貌：不限
基层工作经历：二年
考试类别：中央机关及其省级直属机构综合管理类
备注：1.有关专业考试信息及大纲可在中国证监会网站上查询。","https://www.xjhc.gov.cn/xjhc/c116834/202410/a29382e11a674da3be3353af65f9fcc5.shtml#133117-300143818001","2024-10-14","{""dataset_year"":2025,""job_uid"":""GOV-2025-133117-300143818001"",""publisher"":""国家公务员局"",""publication_page"":""https://www.xjhc.gov.cn/xjhc/c116834/202410/a29382e11a674da3be3353af65f9fcc5.shtml"",""attachment_url"":""https://www.xjhc.gov.cn/xjhc/c116834/202410/a29382e11a674da3be3353af65f9fcc5/files/0536cef86e2b46ddad6aae5a3780089e.xls"",""local_source_file"":""2025_guokao_zhaokaojianzhang.xls"",""local_source_sha256"":""07ae6cab368cd21b7a1ac3e8150fe9a3d39ad5171ce76135ff3cccfe50c3e77e"",""source_sheet"":""中央国家行政机关省级以下直属机构"",""filter_version"":""government_tech_v2"",""tech_filter"":{""is_tech"":true,""is_core_tech"":true,""scope"":""core"",""categories"":[""computer_software""],""matched_fields"":[""major"",""job_title"",""description""],""major_terms"":[""计算机类""],""role_terms"":[""计算机""],""reason"":""tech_major_and_role""},""original"":{""部门代码"":""133117"",""部门名称"":""中国证券监督管理委员会江西监管局"",""用人司局"":""中国证券监督管理委员会江西监管局"",""机构性质"":""中央国家行政机关省级以下直属机构"",""招考职位"":""辖区计算机类监管岗位一级主任科员及以下"",""职位属性"":""证监计算机类职位"",""职位分布"":""其他职位"",""职位简介"":""主要从事辖区证券期货市场计算机类监管工作"",""职位代码"":""300143818001"",""机构层级"":""省（副省）级"",""考试类别"":""中央机关及其省级直属机构综合管理类"",""招考人数"":""1"",""专业"":""计算机类"",""学历"":""硕士研究生及以上"",""学位"":""与最高学历相对应的学位"",""政治面貌"":""不限"",""基层工作最低年限"":""二年"",""服务基层项目工作经历"":""无限制"",""是否在面试阶段组织专业能力测试"":""否"",""面试人员比例"":""5:1"",""工作地点"":""江西省南昌市"",""落户地点"":""江西省南昌市"",""备注"":""1.有关专业考试信息及大纲可在中国证监会网站上查询。"",""部门网站"":""www.csrc.gov.cn/pub/jiangxi"",""咨询电话1"":""0791-87601150"",""咨询电话2"":""0791-87601127"",""咨询电话3"":"""",""来源Sheet"":""中央国家行政机关省级以下直属机构""}}"
"government_jobs","国家公务员2025招考简章","公务员/事业单位技术岗位","湖南省长沙市","2026-07-28T09:12:58.310295+00:00","辖区计算机类监管岗位一级主任科员及以下","中国证券监督管理委员会湖南监管局","","湖南省长沙市","公务员/事业单位;2025;computer_software;cybersecurity_cryptography;data_ai;本科及以上;与最高学历相对应的学位;计算机类;中央机关及其省级直属机构综合管理类","用人司局：中国证券监督管理委员会湖南监管局
职位简介：主要从事辖区证券期货市场计算机类监管工作
专业要求：计算机类
学历要求：本科及以上
学位要求：与最高学历相对应的学位
政治面貌：不限
基层工作经历：二年
考试类别：中央机关及其省级直属机构综合管理类
备注：1.本科阶段为计算机类专业（学科代码0809）或研究生阶段为计算相关专业（学科代码为：0812计算机科学与技术、0835软件工程、0839网络空间安全、085404计算机技术、085405软件工程、085410人工智能、085411大数据技术与工程、085412网络与信息安全），或国（境）外相应专业。
2.报名时须在备注栏注明学科代码。
3.有关专业考试信息及大纲可在中国证监会网站上查询。","https://www.xjhc.gov.cn/xjhc/c116834/202410/a29382e11a674da3be3353af65f9fcc5.shtml#133122-300143823001","2024-10-14","{""dataset_year"":2025,""job_uid"":""GOV-2025-133122-300143823001"",""publisher"":""国家公务员局"",""publication_page"":""https://www.xjhc.gov.cn/xjhc/c116834/202410/a29382e11a674da3be3353af65f9fcc5.shtml"",""attachment_url"":""https://www.xjhc.gov.cn/xjhc/c116834/202410/a29382e11a674da3be3353af65f9fcc5/files/0536cef86e2b46ddad6aae5a3780089e.xls"",""local_source_file"":""2025_guokao_zhaokaojianzhang.xls"",""local_source_sha256"":""07ae6cab368cd21b7a1ac3e8150fe9a3d39ad5171ce76135ff3cccfe50c3e77e"",""source_sheet"":""中央国家行政机关省级以下直属机构"",""filter_version"":""government_tech_v2"",""tech_filter"":{""is_tech"":true,""is_core_tech"":true,""scope"":""core"",""categories"":[""computer_software"",""cybersecurity_cryptography"",""data_ai""],""matched_fields"":[""major"",""job_title"",""description"",""remarks""],""major_terms"":[""计算机类""],""role_terms"":[""人工智能"",""信息安全"",""大数据"",""网络空间安全"",""计算机"",""软件"",""软件工程""],""reason"":""tech_major_and_role""},""original"":{""部门代码"":""133122"",""部门名称"":""中国证券监督管理委员会湖南监管局"",""用人司局"":""中国证券监督管理委员会湖南监管局"",""机构性质"":""中央国家行政机关省级以下直属机构"",""招考职位"":""辖区计算机类监管岗位一级主任科员及以下"",""职位属性"":""证监计算机类职位"",""职位分布"":""其他职位"",""职位简介"":""主要从事辖区证券期货市场计算机类监管工作"",""职位代码"":""300143823001"",""机构层级"":""省（副省）级"",""考试类别"":""中央机关及其省级直属机构综合管理类"",""招考人数"":""1"",""专业"":""计算机类"",""学历"":""本科及以上"",""学位"":""与最高学历相对应的学位"",""政治面貌"":""不限"",""基层工作最低年限"":""二年"",""服务基层项目工作经历"":""无限制"",""是否在面试阶段组织专业能力测试"":""否"",""面试人员比例"":""5:1"",""工作地点"":""湖南省长沙市"",""落户地点"":""湖南省长沙市"",""备注"":""1.本科阶段为计算机类专业（学科代码0809）或研究生阶段为计算相关专业（学科代码为：0812计算机科学与技术、0835软件工程、0839网络空间安全、085404计算机技术、085405软件工程、085410人工智能、085411大数据技术与工程、085412网络与信息安全），或国（境）外相应专业。\n2.报名时须在备注栏注明学科代码。\n3.有关专业考试信息及大纲可在中国证监会网站上查询。"",""部门网站"":""www.csrc.gov.cn/pub/hunan/"",""咨询电话1"":""0731-85816697"",""咨询电话2"":"""",""咨询电话3"":"""",""来源Sheet"":""中央国家行政机关省级以下直属机构""}}"
"government_jobs","国家公务员2025招考简章","公务员/事业单位技术岗位","广东省广州市","2026-07-28T09:12:58.310295+00:00","辖区计算机类监管岗位一级主任科员及以下","中国证券监督管理委员会广东监管局","","广东省广州市","公务员/事业单位;2025;computer_software;硕士研究生及以上;硕士;计算机类（专业代码前4位为0809）、信息与计算科学（专业代码070102）、数据计算及应用（专业代码070104）;中央机关及其省级直属机构综合管理类","用人司局：中国证券监督管理委员会广东监管局
职位简介：主要从事辖区证券期货市场计算机类监管工作
专业要求：计算机类（专业代码前4位为0809）、信息与计算科学（专业代码070102）、数据计算及应用（专业代码070104）
学历要求：硕士研究生及以上
学位要求：硕士
政治面貌：不限
基层工作经历：二年
考试类别：中央机关及其省级直属机构综合管理类
备注：1.要求本科或研究生专业符合，并具有会计（或会计学）、财务管理、审计（或审计学）、资产评估、经济学类、金融学类专业相关学位。
2.能承受高强度、高压力工作，适应经常性加班和长时间出差；
3.国（境）外相应专业也可报考；
4.有关专业考试信息及大纲可在中国证监会网站上查询。","https://www.xjhc.gov.cn/xjhc/c116834/202410/a29382e11a674da3be3353af65f9fcc5.shtml#133123-300143123001","2024-10-14","{""dataset_year"":2025,""job_uid"":""GOV-2025-133123-300143123001"",""publisher"":""国家公务员局"",""publication_page"":""https://www.xjhc.gov.cn/xjhc/c116834/202410/a29382e11a674da3be3353af65f9fcc5.shtml"",""attachment_url"":""https://www.xjhc.gov.cn/xjhc/c116834/202410/a29382e11a674da3be3353af65f9fcc5/files/0536cef86e2b46ddad6aae5a3780089e.xls"",""local_source_file"":""2025_guokao_zhaokaojianzhang.xls"",""local_source_sha256"":""07ae6cab368cd21b7a1ac3e8150fe9a3d39ad5171ce76135ff3cccfe50c3e77e"",""source_sheet"":""中央国家行政机关省级以下直属机构"",""filter_version"":""government_tech_v2"",""tech_filter"":{""is_tech"":true,""is_core_tech"":true,""scope"":""core"",""categories"":[""computer_software""],""matched_fields"":[""major"",""job_title"",""description""],""major_terms"":[""计算机类""],""role_terms"":[""计算机""],""reason"":""tech_major_and_role""},""original"":{""部门代码"":""133123"",""部门名称"":""中国证券监督管理委员会广东监管局"",""用人司局"":""中国证券监督管理委员会广东监管局"",""机构性质"":""中央国家行政机关省级以下直属机构"",""招考职位"":""辖区计算机类监管岗位一级主任科员及以下"",""职位属性"":""证监计算机类职位"",""职位分布"":""其他职位"",""职位简介"":""主要从事辖区证券期货市场计算机类监管工作"",""职位代码"":""300143123001"",""机构层级"":""省（副省）级"",""考试类别"":""中央机关及其省级直属机构综合管理类"",""招考人数"":""2"",""专业"":""计算机类（专业代码前4位为0809）、信息与计算科学（专业代码070102）、数据计算及应用（专业代码070104）"",""学历"":""硕士研究生及以上"",""学位"":""硕士"",""政治面貌"":""不限"",""基层工作最低年限"":""二年"",""服务基层项目工作经历"":""无限制"",""是否在面试阶段组织专业能力测试"":""否"",""面试人员比例"":""5:1"",""工作地点"":""广东省广州市"",""落户地点"":""广东省广州市"",""备注"":""1.要求本科或研究生专业符合，并具有会计（或会计学）、财务管理、审计（或审计学）、资产评估、经济学类、金融学类专业相关学位。\n2.能承受高强度、高压力工作，适应经常性加班和长时间出差；\n3.国（境）外相应专业也可报考；\n4.有关专业考试信息及大纲可在中国证监会网站上查询。"",""部门网站"":""www.csrc.gov.cn/guangdong/index.shtml"",""咨询电话1"":""020-37853844"",""咨询电话2"":""020-37853883"",""咨询电话3"":""020-37853810"",""来源Sheet"":""中央国家行政机关省级以下直属机构""}}"
"government_jobs","国家公务员2025招考简章","公务员/事业单位技术岗位","云南省昆明市","2026-07-28T09:12:58.310295+00:00","辖区计算机类监管岗位一级主任科员及以下","中国证券监督管理委员会云南监管局","","云南省昆明市","公务员/事业单位;2025;computer_software;本科及以上;与最高学历相对应的学位;计算机类、信息与计算科学类;中央机关及其省级直属机构综合管理类","用人司局：中国证券监督管理委员会云南监管局
职位简介：主要从事辖区证券期货市场计算机类监管工作
专业要求：计算机类、信息与计算科学类
学历要求：本科及以上
学位要求：与最高学历相对应的学位
政治面貌：不限
基层工作经历：二年
考试类别：中央机关及其省级直属机构综合管理类
备注：1．大学英语四级考试成绩在425分以上；2．本科阶段为计算机类专业(0809)、信息与计算科学类专业（0701）专业，或研究生阶段为相关专业，或国（境）外相应专业，并取得相应的学历、学位证书；3.具有金融机构或新闻媒体工作经历，有较强的文字功底、综合力能；4．有关专业考试信息及大纲可在中国证监会网站上查询。","https://www.xjhc.gov.cn/xjhc/c116834/202410/a29382e11a674da3be3353af65f9fcc5.shtml#133130-300143831001","2024-10-14","{""dataset_year"":2025,""job_uid"":""GOV-2025-133130-300143831001"",""publisher"":""国家公务员局"",""publication_page"":""https://www.xjhc.gov.cn/xjhc/c116834/202410/a29382e11a674da3be3353af65f9fcc5.shtml"",""attachment_url"":""https://www.xjhc.gov.cn/xjhc/c116834/202410/a29382e11a674da3be3353af65f9fcc5/files/0536cef86e2b46ddad6aae5a3780089e.xls"",""local_source_file"":""2025_guokao_zhaokaojianzhang.xls"",""local_source_sha256"":""07ae6cab368cd21b7a1ac3e8150fe9a3d39ad5171ce76135ff3cccfe50c3e77e"",""source_sheet"":""中央国家行政机关省级以下直属机构"",""filter_version"":""government_tech_v2"",""tech_filter"":{""is_tech"":true,""is_core_tech"":true,""scope"":""core"",""categories"":[""computer_software""],""matched_fields"":[""major"",""job_title"",""description"",""remarks""],""major_terms"":[""计算机类""],""role_terms"":[""计算机""],""reason"":""tech_major_and_role""},""original"":{""部门代码"":""133130"",""部门名称"":""中国证券监督管理委员会云南监管局"",""用人司局"":""中国证券监督管理委员会云南监管局"",""机构性质"":""中央国家行政机关省级以下直属机构"",""招考职位"":""辖区计算机类监管岗位一级主任科员及以下"",""职位属性"":""证监计算机类职位"",""职位分布"":""其他职位"",""职位简介"":""主要从事辖区证券期货市场计算机类监管工作"",""职位代码"":""300143831001"",""机构层级"":""省（副省）级"",""考试类别"":""中央机关及其省级直属机构综合管理类"",""招考人数"":""1"",""专业"":""计算机类、信息与计算科学类"",""学历"":""本科及以上"",""学位"":""与最高学历相对应的学位"",""政治面貌"":""不限"",""基层工作最低年限"":""二年"",""服务基层项目工作经历"":""无限制"",""是否在面试阶段组织专业能力测试"":""否"",""面试人员比例"":""5:1"",""工作地点"":""云南省昆明市"",""落户地点"":""云南省昆明市"",""备注"":""1．大学英语四级考试成绩在425分以上；2．本科阶段为计算机类专业(0809)、信息与计算科学类专业（0701）专业，或研究生阶段为相关专业，或国（境）外相应专业，并取得相应的学历、学位证书；3.具有金融机构或新闻媒体工作经历，有较强的文字功底、综合力能；4．有关专业考试信息及大纲可在中国证监会网站上查询。"",""部门网站"":""www.csrc.gov.cn/yunnan/"",""咨询电话1"":""0871-65135258"",""咨询电话2"":""0871-65135132"",""咨询电话3"":""0871-65135168"",""来源Sheet"":""中央国家行政机关省级以下直属机构""}}"
"government_jobs","国家公务员2025招考简章","公务员/事业单位技术岗位","宁夏回族自治区银川市","2026-07-28T09:12:58.310295+00:00","辖区计算机类监管岗位一级主任科员及以下","中国证券监督管理委员会宁夏监管局","","宁夏回族自治区银川市","公务员/事业单位;2025;computer_software;本科及以上;与最高学历相对应的学位;计算机类;中央机关及其省级直属机构综合管理类","用人司局：中国证券监督管理委员会宁夏监管局
职位简介：主要从事辖区证券期货市场计算机类监管工作
专业要求：计算机类
学历要求：本科及以上
学位要求：与最高学历相对应的学位
政治面貌：不限
基层工作经历：二年
考试类别：中央机关及其省级直属机构综合管理类
备注：有关专业考试信息及大纲可在中国证监会网站上查询。","https://www.xjhc.gov.cn/xjhc/c116834/202410/a29382e11a674da3be3353af65f9fcc5.shtml#133134-300143134001","2024-10-14","{""dataset_year"":2025,""job_uid"":""GOV-2025-133134-300143134001"",""publisher"":""国家公务员局"",""publication_page"":""https://www.xjhc.gov.cn/xjhc/c116834/202410/a29382e11a674da3be3353af65f9fcc5.shtml"",""attachment_url"":""https://www.xjhc.gov.cn/xjhc/c116834/202410/a29382e11a674da3be3353af65f9fcc5/files/0536cef86e2b46ddad6aae5a3780089e.xls"",""local_source_file"":""2025_guokao_zhaokaojianzhang.xls"",""local_source_sha256"":""07ae6cab368cd21b7a1ac3e8150fe9a3d39ad5171ce76135ff3cccfe50c3e77e"",""source_sheet"":""中央国家行政机关省级以下直属机构"",""filter_version"":""government_tech_v2"",""tech_filter"":{""is_tech"":true,""is_core_tech"":true,""scope"":""core"",""categories"":[""computer_software""],""matched_fields"":[""major"",""job_title"",""description""],""major_terms"":[""计算机类""],""role_terms"":[""计算机""],""reason"":""tech_major_and_role""},""original"":{""部门代码"":""133134"",""部门名称"":""中国证券监督管理委员会宁夏监管局"",""用人司局"":""中国证券监督管理委员会宁夏监管局"",""机构性质"":""中央国家行政机关省级以下直属机构"",""招考职位"":""辖区计算机类监管岗位一级主任科员及以下"",""职位属性"":""证监计算机类职位"",""职位分布"":""其他职位"",""职位简介"":""主要从事辖区证券期货市场计算机类监管工作"",""职位代码"":""300143134001"",""机构层级"":""省（副省）级"",""考试类别"":""中央机关及其省级直属机构综合管理类"",""招考人数"":""1"",""专业"":""计算机类"",""学历"":""本科及以上"",""学位"":""与最高学历相对应的学位"",""政治面貌"":""不限"",""基层工作最低年限"":""二年"",""服务基层项目工作经历"":""无限制"",""是否在面试阶段组织专业能力测试"":""否"",""面试人员比例"":""5:1"",""工作地点"":""宁夏回族自治区银川市"",""落户地点"":""宁夏回族自治区银川市"",""备注"":""有关专业考试信息及大纲可在中国证监会网站上查询。"",""部门网站"":""http://www.csrc.gov.cn/ningxia/"",""咨询电话1"":""0951-6735017"",""咨询电话2"":""0951-6736010"",""咨询电话3"":"""",""来源Sheet"":""中央国家行政机关省级以下直属机构""}}"
"government_jobs","国家公务员2025招考简章","公务员/事业单位技术岗位","上海市","2026-07-28T09:12:58.310295+00:00","辖区计算机类监管岗位一级主任科员及以下","中国证券监督管理委员会上海证券监管专员办事处","","上海市","公务员/事业单位;2025;computer_software;cybersecurity_cryptography;data_ai;本科及以上;与最高学历相对应的学位;计算机类;中央机关及其省级直属机构综合管理类","用人司局：中国证券监督管理委员会上海证券监管专员办事处
职位简介：从事证券期货市场稽查执法工作
专业要求：计算机类
学历要求：本科及以上
学位要求：与最高学历相对应的学位
政治面貌：不限
基层工作经历：二年
考试类别：中央机关及其省级直属机构综合管理类
备注：1.各阶段均具有相应的学历、学位。以本科学历报考的，专业代码限080901计算机科学与技术、080902软件工程、080903网络工程、080904K信息安全、080910T数据科学与大数据技术，或国（境）外相应专业；
以研究生学历报考的，学科代码限0812计算机科学与技术、0835软件工程、0839网络空间安全，或国（境）外相应专业。
2.能适应经常出差及加班的证券期货执法工作。
3.有关专业考试信息及大纲可在中国证监会网站上查询。","https://www.xjhc.gov.cn/xjhc/c116834/202410/a29382e11a674da3be3353af65f9fcc5.shtml#133137-300143838001","2024-10-14","{""dataset_year"":2025,""job_uid"":""GOV-2025-133137-300143838001"",""publisher"":""国家公务员局"",""publication_page"":""https://www.xjhc.gov.cn/xjhc/c116834/202410/a29382e11a674da3be3353af65f9fcc5.shtml"",""attachment_url"":""https://www.xjhc.gov.cn/xjhc/c116834/202410/a29382e11a674da3be3353af65f9fcc5/files/0536cef86e2b46ddad6aae5a3780089e.xls"",""local_source_file"":""2025_guokao_zhaokaojianzhang.xls"",""local_source_sha256"":""07ae6cab368cd21b7a1ac3e8150fe9a3d39ad5171ce76135ff3cccfe50c3e77e"",""source_sheet"":""中央国家行政机关省级以下直属机构"",""filter_version"":""government_tech_v2"",""tech_filter"":{""is_tech"":true,""is_core_tech"":true,""scope"":""core"",""categories"":[""computer_software"",""cybersecurity_cryptography"",""data_ai""],""matched_fields"":[""major"",""job_title"",""remarks""],""major_terms"":[""计算机类""],""role_terms"":[""信息安全"",""大数据"",""网络空间安全"",""计算机"",""软件"",""软件工程""],""reason"":""tech_major_and_role""},""original"":{""部门代码"":""133137"",""部门名称"":""中国证券监督管理委员会上海证券监管专员办事处"",""用人司局"":""中国证券监督管理委员会上海证券监管专员办事处"",""机构性质"":""中央国家行政机关省级以下直属机构"",""招考职位"":""辖区计算机类监管岗位一级主任科员及以下"",""职位属性"":""证监计算机类职位"",""职位分布"":""其他职位"",""职位简介"":""从事证券期货市场稽查执法工作"",""职位代码"":""300143838001"",""机构层级"":""省（副省）级"",""考试类别"":""中央机关及其省级直属机构综合管理类"",""招考人数"":""1"",""专业"":""计算机类"",""学历"":""本科及以上"",""学位"":""与最高学历相对应的学位"",""政治面貌"":""不限"",""基层工作最低年限"":""二年"",""服务基层项目工作经历"":""无限制"",""是否在面试阶段组织专业能力测试"":""否"",""面试人员比例"":""5:1"",""工作地点"":""上海市"",""落户地点"":""上海市"",""备注"":""1.各阶段均具有相应的学历、学位。以本科学历报考的，专业代码限080901计算机科学与技术、080902软件工程、080903网络工程、080904K信息安全、080910T数据科学与大数据技术，或国（境）外相应专业；\n以研究生学历报考的，学科代码限0812计算机科学与技术、0835软件工程、0839网络空间安全，或国（境）外相应专业。\n2.能适应经常出差及加班的证券期货执法工作。\n3.有关专业考试信息及大纲可在中国证监会网站上查询。"",""部门网站"":""www.csrc.gov.cn/shzyb/index.shtml"",""咨询电话1"":""021-50496321"",""咨询电话2"":"""",""咨询电话3"":"""",""来源Sheet"":""中央国家行政机关省级以下直属机构""}}"
"government_jobs","国家公务员2025招考简章","公务员/事业单位技术岗位","广东省深圳市","2026-07-28T09:12:58.310295+00:00","辖区计算机类监管岗位一级主任科员及以下","中国证券监督管理委员会深圳证券监管专员办事处","","广东省深圳市","公务员/事业单位;2025;computer_software;data_ai;硕士研究生及以上;与最高学历相对应的学位;计算机类（专业代码前四位0809）;中央机关及其省级直属机构综合管理类","用人司局：中国证券监督管理委员会深圳证券监管专员办事处
职位简介：主要从事证券期货市场稽查执法工作，能适应出差办案
专业要求：计算机类（专业代码前四位0809）
学历要求：硕士研究生及以上
学位要求：与最高学历相对应的学位
政治面貌：不限
基层工作经历：二年
考试类别：中央机关及其省级直属机构综合管理类
备注：1.本科阶段为计算机类（专业代码前四位0809）；
2.有1年以上信息系统开发建设管理经验或大数据分析相关工作经验；
3.各阶段均具有相应的学历、学位，国（境）外相应专业也可报考；
4.能承受高强度、高压力工作，适应经常性加班和长时间出差；
5.有关专业考试信息及大纲可在中国证监会网站上查询。","https://www.xjhc.gov.cn/xjhc/c116834/202410/a29382e11a674da3be3353af65f9fcc5.shtml#133138-300143138001","2024-10-14","{""dataset_year"":2025,""job_uid"":""GOV-2025-133138-300143138001"",""publisher"":""国家公务员局"",""publication_page"":""https://www.xjhc.gov.cn/xjhc/c116834/202410/a29382e11a674da3be3353af65f9fcc5.shtml"",""attachment_url"":""https://www.xjhc.gov.cn/xjhc/c116834/202410/a29382e11a674da3be3353af65f9fcc5/files/0536cef86e2b46ddad6aae5a3780089e.xls"",""local_source_file"":""2025_guokao_zhaokaojianzhang.xls"",""local_source_sha256"":""07ae6cab368cd21b7a1ac3e8150fe9a3d39ad5171ce76135ff3cccfe50c3e77e"",""source_sheet"":""中央国家行政机关省级以下直属机构"",""filter_version"":""government_tech_v2"",""tech_filter"":{""is_tech"":true,""is_core_tech"":true,""scope"":""core"",""categories"":[""computer_software"",""data_ai""],""matched_fields"":[""major"",""job_title"",""remarks""],""major_terms"":[""计算机类""],""role_terms"":[""信息系统"",""大数据"",""数据分析"",""系统开发"",""计算机""],""reason"":""tech_major_and_role""},""original"":{""部门代码"":""133138"",""部门名称"":""中国证券监督管理委员会深圳证券监管专员办事处"",""用人司局"":""中国证券监督管理委员会深圳证券监管专员办事处"",""机构性质"":""中央国家行政机关省级以下直属机构"",""招考职位"":""辖区计算机类监管岗位一级主任科员及以下"",""职位属性"":""证监计算机类职位"",""职位分布"":""其他职位"",""职位简介"":""主要从事证券期货市场稽查执法工作，能适应出差办案"",""职位代码"":""300143138001"",""机构层级"":""省（副省）级"",""考试类别"":""中央机关及其省级直属机构综合管理类"",""招考人数"":""1"",""专业"":""计算机类（专业代码前四位0809）"",""学历"":""硕士研究生及以上"",""学位"":""与最高学历相对应的学位"",""政治面貌"":""不限"",""基层工作最低年限"":""二年"",""服务基层项目工作经历"":""无限制"",""是否在面试阶段组织专业能力测试"":""否"",""面试人员比例"":""5:1"",""工作地点"":""广东省深圳市"",""落户地点"":""广东省深圳市"",""备注"":""1.本科阶段为计算机类（专业代码前四位0809）；\n2.有1年以上信息系统开发建设管理经验或大数据分析相关工作经验；\n3.各阶段均具有相应的学历、学位，国（境）外相应专业也可报考；\n4.能承受高强度、高压力工作，适应经常性加班和长时间出差；\n5.有关专业考试信息及大纲可在中国证监会网站上查询。"",""部门网站"":""http://www.csrc.gov.cn/szzyb/index.shtml"",""咨询电话1"":""0755-25918145"",""咨询电话2"":"""",""咨询电话3"":"""",""来源Sheet"":""中央国家行政机关省级以下直属机构""}}"
"government_jobs","国家公务员2025招考简章","公务员/事业单位技术岗位","北京市西城区","2026-07-28T09:12:58.310295+00:00","办公室一级主任科员及以下","国家广播电视总局","","北京市西城区","公务员/事业单位;2025;computer_software;本科或硕士研究生;与最高学历相对应的学位;民商法学(030105)、计算机科学与技术(0812)、新闻传播学(0503)、中国语言文学(0501)、马克思主义理论(0305);中央机关及其省级直属机构综合管理类","用人司局：离退休干部局
职位简介：离退休工作宣传、信息化建设、法律咨询等综合事务管理和服务，综合性文字材料起草
专业要求：民商法学(030105)、计算机科学与技术(0812)、新闻传播学(0503)、中国语言文学(0501)、马克思主义理论(0305)
学历要求：本科或硕士研究生
学位要求：与最高学历相对应的学位
政治面貌：中共党员
基层工作经历：二年
考试类别：中央机关及其省级直属机构综合管理类","https://www.xjhc.gov.cn/xjhc/c116834/202410/a29382e11a674da3be3353af65f9fcc5.shtml#134000-200110015001","2024-10-14","{""dataset_year"":2025,""job_uid"":""GOV-2025-134000-200110015001"",""publisher"":""国家公务员局"",""publication_page"":""https://www.xjhc.gov.cn/xjhc/c116834/202410/a29382e11a674da3be3353af65f9fcc5.shtml"",""attachment_url"":""https://www.xjhc.gov.cn/xjhc/c116834/202410/a29382e11a674da3be3353af65f9fcc5/files/0536cef86e2b46ddad6aae5a3780089e.xls"",""local_source_file"":""2025_guokao_zhaokaojianzhang.xls"",""local_source_sha256"":""07ae6cab368cd21b7a1ac3e8150fe9a3d39ad5171ce76135ff3cccfe50c3e77e"",""source_sheet"":""中央国家行政机关（本级）"",""filter_version"":""government_tech_v2"",""tech_filter"":{""is_tech"":true,""is_core_tech"":true,""scope"":""core"",""categories"":[""computer_software""],""matched_fields"":[""major"",""description""],""major_terms"":[""计算机科学与技术""],""role_terms"":[""信息化""],""reason"":""tech_major_and_role""},""original"":{""部门代码"":""134000"",""部门名称"":""国家广播电视总局"",""用人司局"":""离退休干部局"",""机构性质"":""中央国家行政机关（本级）"",""招考职位"":""办公室一级主任科员及以下"",""职位属性"":""普通职位"",""职位分布"":""其他职位"",""职位简介"":""离退休工作宣传、信息化建设、法律咨询等综合事务管理和服务，综合性文字材料起草"",""职位代码"":""200110015001"",""机构层级"":""中央"",""考试类别"":""中央机关及其省级直属机构综合管理类"",""招考人数"":""1"",""专业"":""民商法学(030105)、计算机科学与技术(0812)、新闻传播学(0503)、中国语言文学(0501)、马克思主义理论(0305)"",""学历"":""本科或硕士研究生"",""学位"":""与最高学历相对应的学位"",""政治面貌"":""中共党员"",""基层工作最低年限"":""二年"",""服务基层项目工作经历"":""无限制"",""是否在面试阶段组织专业能力测试"":""否"",""面试人员比例"":""5:1"",""工作地点"":""北京市西城区"",""落户地点"":""北京市西城区"",""备注"":"""",""部门网站"":""http://www.nrta.gov.cn/"",""咨询电话1"":""010-86096875"",""咨询电话2"":""010-86096083"",""咨询电话3"":"""",""来源Sheet"":""中央国家行政机关（本级）""}}"
"government_jobs","国家公务员2025招考简章","公务员/事业单位技术岗位","北京市西城区","2026-07-28T09:12:58.310295+00:00","档案处一级主任科员及以下","国家统计局","","北京市西城区","公务员/事业单位;2025;computer_software;本科或硕士研究生;与最高学历相对应的学位;图书情报与档案管理类、信息资源管理、计算机科学与技术;中央机关及其省级直属机构综合管理类","用人司局：服务业调查中心
职位简介：从事档案管理、档案编研等工作。
专业要求：图书情报与档案管理类、信息资源管理、计算机科学与技术
学历要求：本科或硕士研究生
学位要求：与最高学历相对应的学位
政治面貌：中共党员
基层工作经历：无限制
考试类别：中央机关及其省级直属机构综合管理类
备注：限肢体残疾四级或听力残疾四级的人员报考，需持有《中华人民共和国残疾人证》，具有正常履行岗位职责的身体条件。具有较好的组织协调沟通和公文写作能力，能熟练操作计算机，并能承担适度的体力劳动。请考生网上报名时注明持有的残疾人证编号、残疾类别和残疾等级。","https://www.xjhc.gov.cn/xjhc/c116834/202410/a29382e11a674da3be3353af65f9fcc5.shtml#137000-400110002002","2024-10-14","{""dataset_year"":2025,""job_uid"":""GOV-2025-137000-400110002002"",""publisher"":""国家公务员局"",""publication_page"":""https://www.xjhc.gov.cn/xjhc/c116834/202410/a29382e11a674da3be3353af65f9fcc5.shtml"",""attachment_url"":""https://www.xjhc.gov.cn/xjhc/c116834/202410/a29382e11a674da3be3353af65f9fcc5/files/0536cef86e2b46ddad6aae5a3780089e.xls"",""local_source_file"":""2025_guokao_zhaokaojianzhang.xls"",""local_source_sha256"":""07ae6cab368cd21b7a1ac3e8150fe9a3d39ad5171ce76135ff3cccfe50c3e77e"",""source_sheet"":""中央国家行政机关参照公务员法管理事业单位"",""filter_version"":""government_tech_v2"",""tech_filter"":{""is_tech"":true,""is_core_tech"":true,""scope"":""core"",""categories"":[""computer_software""],""matched_fields"":[""major"",""remarks""],""major_terms"":[""计算机科学与技术""],""role_terms"":[""计算机""],""reason"":""tech_major_and_role""},""original"":{""部门代码"":""137000"",""部门名称"":""国家统计局"",""用人司局"":""服务业调查中心"",""机构性质"":""中央国家行政机关参照公务员法管理事业单位"",""招考职位"":""档案处一级主任科员及以下"",""职位属性"":""普通职位"",""职位分布"":""其他职位"",""职位简介"":""从事档案管理、档案编研等工作。"",""职位代码"":""400110002002"",""机构层级"":""中央"",""考试类别"":""中央机关及其省级直属机构综合管理类"",""招考人数"":""1"",""专业"":""图书情报与档案管理类、信息资源管理、计算机科学与技术"",""学历"":""本科或硕士研究生"",""学位"":""与最高学历相对应的学位"",""政治面貌"":""中共党员"",""基层工作最低年限"":""无限制"",""服务基层项目工作经历"":""无限制"",""是否在面试阶段组织专业能力测试"":""否"",""面试人员比例"":""5:1"",""工作地点"":""北京市西城区"",""落户地点"":""北京市西城区"",""备注"":""限肢体残疾四级或听力残疾四级的人员报考，需持有《中华人民共和国残疾人证》，具有正常履行岗位职责的身体条件。具有较好的组织协调沟通和公文写作能力，能熟练操作计算机，并能承担适度的体力劳动。请考生网上报名时注明持有的残疾人证编号、残疾类别和残疾等级。"",""部门网站"":""http://www.stats.gov.cn/"",""咨询电话1"":""010-68782422"",""咨询电话2"":""010-68782774"",""咨询电话3"":"""",""来源Sheet"":""中央国家行政机关参照公务员法管理事业单位""}}"
"government_jobs","国家公务员2025招考简章","公务员/事业单位技术岗位","北京市西城区","2026-07-28T09:12:58.310295+00:00","网络与数据安全监管处一级主任科员及以下","国家统计局","","北京市西城区","公务员/事业单位;2025;computer_software;cybersecurity_cryptography;硕士研究生及以上;与最高学历相对应的学位;计算机科学与技术、软件工程、网络空间安全;中央机关及其省级直属机构综合管理类","用人司局：服务业调查中心
职位简介：从事网络与数据安全监管工作。
专业要求：计算机科学与技术、软件工程、网络空间安全
学历要求：硕士研究生及以上
学位要求：与最高学历相对应的学位
政治面貌：不限
基层工作经历：无限制
考试类别：中央机关及其省级直属机构综合管理类","https://www.xjhc.gov.cn/xjhc/c116834/202410/a29382e11a674da3be3353af65f9fcc5.shtml#137000-400110002003","2024-10-14","{""dataset_year"":2025,""job_uid"":""GOV-2025-137000-400110002003"",""publisher"":""国家公务员局"",""publication_page"":""https://www.xjhc.gov.cn/xjhc/c116834/202410/a29382e11a674da3be3353af65f9fcc5.shtml"",""attachment_url"":""https://www.xjhc.gov.cn/xjhc/c116834/202410/a29382e11a674da3be3353af65f9fcc5/files/0536cef86e2b46ddad6aae5a3780089e.xls"",""local_source_file"":""2025_guokao_zhaokaojianzhang.xls"",""local_source_sha256"":""07ae6cab368cd21b7a1ac3e8150fe9a3d39ad5171ce76135ff3cccfe50c3e77e"",""source_sheet"":""中央国家行政机关参照公务员法管理事业单位"",""filter_version"":""government_tech_v2"",""tech_filter"":{""is_tech"":true,""is_core_tech"":true,""scope"":""core"",""categories"":[""computer_software"",""cybersecurity_cryptography""],""matched_fields"":[""major"",""job_title"",""description""],""major_terms"":[""网络空间安全"",""计算机科学与技术"",""软件工程""],""role_terms"":[""数据安全""],""reason"":""tech_major_and_role""},""original"":{""部门代码"":""137000"",""部门名称"":""国家统计局"",""用人司局"":""服务业调查中心"",""机构性质"":""中央国家行政机关参照公务员法管理事业单位"",""招考职位"":""网络与数据安全监管处一级主任科员及以下"",""职位属性"":""普通职位"",""职位分布"":""其他职位"",""职位简介"":""从事网络与数据安全监管工作。"",""职位代码"":""400110002003"",""机构层级"":""中央"",""考试类别"":""中央机关及其省级直属机构综合管理类"",""招考人数"":""1"",""专业"":""计算机科学与技术、软件工程、网络空间安全"",""学历"":""硕士研究生及以上"",""学位"":""与最高学历相对应的学位"",""政治面貌"":""不限"",""基层工作最低年限"":""无限制"",""服务基层项目工作经历"":""无限制"",""是否在面试阶段组织专业能力测试"":""否"",""面试人员比例"":""5:1"",""工作地点"":""北京市西城区"",""落户地点"":""北京市西城区"",""备注"":"""",""部门网站"":""http://www.stats.gov.cn/"",""咨询电话1"":""010-68782422"",""咨询电话2"":""010-68782774"",""咨询电话3"":"""",""来源Sheet"":""中央国家行政机关参照公务员法管理事业单位""}}"
"government_jobs","国家公务员2025招考简章","公务员/事业单位技术岗位","北京市通州区","2026-07-28T09:12:58.310295+00:00","北京调查总队业务处室二级主任科员及以下（1）","国家统计局北京调查总队","","北京市通州区","公务员/事业单位;2025;computer_software;data_ai;仅限硕士研究生;硕士;统计学、应用统计学、社会学、社会工作、数学类、计算机科学与技术类;中央机关及其省级直属机构综合管理类","用人司局：国家统计局北京调查总队
职位简介：从事统计调查、数据处理、统计分析研究等相关工作。
专业要求：统计学、应用统计学、社会学、社会工作、数学类、计算机科学与技术类
学历要求：仅限硕士研究生
学位要求：硕士
政治面貌：中共党员
基层工作经历：无限制
考试类别：中央机关及其省级直属机构综合管理类
备注：1.仅限男生；2.须以最高学历学位主修专业报考（含相应的专业硕士专业），各学习阶段均获得相应学历学位；3.全国大学英语六级考试合格或分数达425分以上（请在“外语水平”栏注明外语考试名称和成绩，未注明视为不符合条件）；4.本单位最低服务年限为5年（含试用期）。","https://www.xjhc.gov.cn/xjhc/c116834/202410/a29382e11a674da3be3353af65f9fcc5.shtml#137101-400110101002","2024-10-14","{""dataset_year"":2025,""job_uid"":""GOV-2025-137101-400110101002"",""publisher"":""国家公务员局"",""publication_page"":""https://www.xjhc.gov.cn/xjhc/c116834/202410/a29382e11a674da3be3353af65f9fcc5.shtml"",""attachment_url"":""https://www.xjhc.gov.cn/xjhc/c116834/202410/a29382e11a674da3be3353af65f9fcc5/files/0536cef86e2b46ddad6aae5a3780089e.xls"",""local_source_file"":""2025_guokao_zhaokaojianzhang.xls"",""local_source_sha256"":""07ae6cab368cd21b7a1ac3e8150fe9a3d39ad5171ce76135ff3cccfe50c3e77e"",""source_sheet"":""中央国家行政机关参照公务员法管理事业单位"",""filter_version"":""government_tech_v2"",""tech_filter"":{""is_tech"":true,""is_core_tech"":true,""scope"":""core"",""categories"":[""computer_software"",""data_ai""],""matched_fields"":[""major"",""description""],""major_terms"":[""计算机科学与技术""],""role_terms"":[""数据处理""],""reason"":""tech_major_and_role""},""original"":{""部门代码"":""137101"",""部门名称"":""国家统计局北京调查总队"",""用人司局"":""国家统计局北京调查总队"",""机构性质"":""中央国家行政机关参照公务员法管理事业单位"",""招考职位"":""北京调查总队业务处室二级主任科员及以下（1）"",""职位属性"":""普通职位"",""职位分布"":""其他职位"",""职位简介"":""从事统计调查、数据处理、统计分析研究等相关工作。"",""职位代码"":""400110101002"",""机构层级"":""省（副省）级"",""考试类别"":""中央机关及其省级直属机构综合管理类"",""招考人数"":""1"",""专业"":""统计学、应用统计学、社会学、社会工作、数学类、计算机科学与技术类"",""学历"":""仅限硕士研究生"",""学位"":""硕士"",""政治面貌"":""中共党员"",""基层工作最低年限"":""无限制"",""服务基层项目工作经历"":""无限制"",""是否在面试阶段组织专业能力测试"":""否"",""面试人员比例"":""5:1"",""工作地点"":""北京市通州区"",""落户地点"":""北京市"",""备注"":""1.仅限男生；2.须以最高学历学位主修专业报考（含相应的专业硕士专业），各学习阶段均获得相应学历学位；3.全国大学英语六级考试合格或分数达425分以上（请在“外语水平”栏注明外语考试名称和成绩，未注明视为不符合条件）；4.本单位最低服务年限为5年（含试用期）。"",""部门网站"":""http://tjj.beijing.gov.cn/"",""咨询电话1"":""010-55533680"",""咨询电话2"":""010-55533682"",""咨询电话3"":"""",""来源Sheet"":""中央国家行政机关参照公务员法管理事业单位""}}"
"government_jobs","国家公务员2025招考简章","公务员/事业单位技术岗位","北京市通州区","2026-07-28T09:12:58.310295+00:00","北京调查总队业务处室二级主任科员及以下（2）","国家统计局北京调查总队","","北京市通州区","公务员/事业单位;2025;computer_software;data_ai;仅限硕士研究生;硕士;统计学、应用统计学、社会学、社会工作、数学类、计算机科学与技术类;中央机关及其省级直属机构综合管理类","用人司局：国家统计局北京调查总队
职位简介：从事统计调查、数据处理、统计分析研究等相关工作。
专业要求：统计学、应用统计学、社会学、社会工作、数学类、计算机科学与技术类
学历要求：仅限硕士研究生
学位要求：硕士
政治面貌：中共党员
基层工作经历：无限制
考试类别：中央机关及其省级直属机构综合管理类
备注：1.仅限女生；2.须以最高学历学位主修专业报考（含相应的专业硕士专业），各学习阶段均获得相应学历学位；3.全国大学英语六级考试合格或分数达425分以上（请在“外语水平”栏注明外语考试名称和成绩，未注明视为不符合条件）；4.本单位最低服务年限为5年（含试用期）。","https://www.xjhc.gov.cn/xjhc/c116834/202410/a29382e11a674da3be3353af65f9fcc5.shtml#137101-400110101003","2024-10-14","{""dataset_year"":2025,""job_uid"":""GOV-2025-137101-400110101003"",""publisher"":""国家公务员局"",""publication_page"":""https://www.xjhc.gov.cn/xjhc/c116834/202410/a29382e11a674da3be3353af65f9fcc5.shtml"",""attachment_url"":""https://www.xjhc.gov.cn/xjhc/c116834/202410/a29382e11a674da3be3353af65f9fcc5/files/0536cef86e2b46ddad6aae5a3780089e.xls"",""local_source_file"":""2025_guokao_zhaokaojianzhang.xls"",""local_source_sha256"":""07ae6cab368cd21b7a1ac3e8150fe9a3d39ad5171ce76135ff3cccfe50c3e77e"",""source_sheet"":""中央国家行政机关参照公务员法管理事业单位"",""filter_version"":""government_tech_v2"",""tech_filter"":{""is_tech"":true,""is_core_tech"":true,""scope"":""core"",""categories"":[""computer_software"",""data_ai""],""matched_fields"":[""major"",""description""],""major_terms"":[""计算机科学与技术""],""role_terms"":[""数据处理""],""reason"":""tech_major_and_role""},""original"":{""部门代码"":""137101"",""部门名称"":""国家统计局北京调查总队"",""用人司局"":""国家统计局北京调查总队"",""机构性质"":""中央国家行政机关参照公务员法管理事业单位"",""招考职位"":""北京调查总队业务处室二级主任科员及以下（2）"",""职位属性"":""普通职位"",""职位分布"":""其他职位"",""职位简介"":""从事统计调查、数据处理、统计分析研究等相关工作。"",""职位代码"":""400110101003"",""机构层级"":""省（副省）级"",""考试类别"":""中央机关及其省级直属机构综合管理类"",""招考人数"":""1"",""专业"":""统计学、应用统计学、社会学、社会工作、数学类、计算机科学与技术类"",""学历"":""仅限硕士研究生"",""学位"":""硕士"",""政治面貌"":""中共党员"",""基层工作最低年限"":""无限制"",""服务基层项目工作经历"":""无限制"",""是否在面试阶段组织专业能力测试"":""否"",""面试人员比例"":""5:1"",""工作地点"":""北京市通州区"",""落户地点"":""北京市"",""备注"":""1.仅限女生；2.须以最高学历学位主修专业报考（含相应的专业硕士专业），各学习阶段均获得相应学历学位；3.全国大学英语六级考试合格或分数达425分以上（请在“外语水平”栏注明外语考试名称和成绩，未注明视为不符合条件）；4.本单位最低服务年限为5年（含试用期）。"",""部门网站"":""http://tjj.beijing.gov.cn/"",""咨询电话1"":""010-55533680"",""咨询电话2"":""010-55533682"",""咨询电话3"":"""",""来源Sheet"":""中央国家行政机关参照公务员法管理事业单位""}}"
"government_jobs","国家公务员2025招考简章","公务员/事业单位技术岗位","天津市","2026-07-28T09:12:58.310295+00:00","天津调查总队业务处室二级主任科员及以下（4）","国家统计局天津调查总队","","天津市","公务员/事业单位;2025;computer_software;data_ai;仅限硕士研究生;硕士;统计学类、数学类、计算机类;中央机关及其省级直属机构综合管理类","用人司局：国家统计局天津调查总队
职位简介：从事一线入户调查、数据处理、统计分析、统计研究等工作。
专业要求：统计学类、数学类、计算机类
学历要求：仅限硕士研究生
学位要求：硕士
政治面貌：中共党员
基层工作经历：无限制
考试类别：中央机关及其省级直属机构综合管理类
备注：1.全国大学英语六级考试成绩达到425分以上；2.本单位最低服务年限为5年（含试用期）；3.仅限女性报考。","https://www.xjhc.gov.cn/xjhc/c116834/202410/a29382e11a674da3be3353af65f9fcc5.shtml#137102-400110102004","2024-10-14","{""dataset_year"":2025,""job_uid"":""GOV-2025-137102-400110102004"",""publisher"":""国家公务员局"",""publication_page"":""https://www.xjhc.gov.cn/xjhc/c116834/202410/a29382e11a674da3be3353af65f9fcc5.shtml"",""attachment_url"":""https://www.xjhc.gov.cn/xjhc/c116834/202410/a29382e11a674da3be3353af65f9fcc5/files/0536cef86e2b46ddad6aae5a3780089e.xls"",""local_source_file"":""2025_guokao_zhaokaojianzhang.xls"",""local_source_sha256"":""07ae6cab368cd21b7a1ac3e8150fe9a3d39ad5171ce76135ff3cccfe50c3e77e"",""source_sheet"":""中央国家行政机关参照公务员法管理事业单位"",""filter_version"":""government_tech_v2"",""tech_filter"":{""is_tech"":true,""is_core_tech"":true,""scope"":""core"",""categories"":[""computer_software"",""data_ai""],""matched_fields"":[""major"",""description""],""major_terms"":[""计算机类""],""role_terms"":[""数据处理""],""reason"":""tech_major_and_role""},""original"":{""部门代码"":""137102"",""部门名称"":""国家统计局天津调查总队"",""用人司局"":""国家统计局天津调查总队"",""机构性质"":""中央国家行政机关参照公务员法管理事业单位"",""招考职位"":""天津调查总队业务处室二级主任科员及以下（4）"",""职位属性"":""普通职位"",""职位分布"":""其他职位"",""职位简介"":""从事一线入户调查、数据处理、统计分析、统计研究等工作。"",""职位代码"":""400110102004"",""机构层级"":""省（副省）级"",""考试类别"":""中央机关及其省级直属机构综合管理类"",""招考人数"":""2"",""专业"":""统计学类、数学类、计算机类"",""学历"":""仅限硕士研究生"",""学位"":""硕士"",""政治面貌"":""中共党员"",""基层工作最低年限"":""无限制"",""服务基层项目工作经历"":""无限制"",""是否在面试阶段组织专业能力测试"":""否"",""面试人员比例"":""5:1"",""工作地点"":""天津市"",""落户地点"":""天津市"",""备注"":""1.全国大学英语六级考试成绩达到425分以上；2.本单位最低服务年限为5年（含试用期）；3.仅限女性报考。"",""部门网站"":""http://www.tjdczd.gov.cn/"",""咨询电话1"":""022-27303059"",""咨询电话2"":""022-27313551"",""咨询电话3"":"""",""来源Sheet"":""中央国家行政机关参照公务员法管理事业单位""}}"
"government_jobs","国家公务员2025招考简章","公务员/事业单位技术岗位","天津市","2026-07-28T09:12:58.310295+00:00","天津调查总队业务处室二级主任科员及以下（5）","国家统计局天津调查总队","","天津市","公务员/事业单位;2025;computer_software;data_ai;仅限硕士研究生;硕士;统计学类、数学类、计算机类;中央机关及其省级直属机构综合管理类","用人司局：国家统计局天津调查总队
职位简介：从事一线入户调查、数据处理、统计分析、统计研究等工作。
专业要求：统计学类、数学类、计算机类
学历要求：仅限硕士研究生
学位要求：硕士
政治面貌：中共党员
基层工作经历：无限制
考试类别：中央机关及其省级直属机构综合管理类
备注：1.全国大学英语六级考试成绩达到425分以上；2.本单位最低服务年限为5年（含试用期）；3.仅限男性报考。","https://www.xjhc.gov.cn/xjhc/c116834/202410/a29382e11a674da3be3353af65f9fcc5.shtml#137102-400110102005","2024-10-14","{""dataset_year"":2025,""job_uid"":""GOV-2025-137102-400110102005"",""publisher"":""国家公务员局"",""publication_page"":""https://www.xjhc.gov.cn/xjhc/c116834/202410/a29382e11a674da3be3353af65f9fcc5.shtml"",""attachment_url"":""https://www.xjhc.gov.cn/xjhc/c116834/202410/a29382e11a674da3be3353af65f9fcc5/files/0536cef86e2b46ddad6aae5a3780089e.xls"",""local_source_file"":""2025_guokao_zhaokaojianzhang.xls"",""local_source_sha256"":""07ae6cab368cd21b7a1ac3e8150fe9a3d39ad5171ce76135ff3cccfe50c3e77e"",""source_sheet"":""中央国家行政机关参照公务员法管理事业单位"",""filter_version"":""government_tech_v2"",""tech_filter"":{""is_tech"":true,""is_core_tech"":true,""scope"":""core"",""categories"":[""computer_software"",""data_ai""],""matched_fields"":[""major"",""description""],""major_terms"":[""计算机类""],""role_terms"":[""数据处理""],""reason"":""tech_major_and_role""},""original"":{""部门代码"":""137102"",""部门名称"":""国家统计局天津调查总队"",""用人司局"":""国家统计局天津调查总队"",""机构性质"":""中央国家行政机关参照公务员法管理事业单位"",""招考职位"":""天津调查总队业务处室二级主任科员及以下（5）"",""职位属性"":""普通职位"",""职位分布"":""其他职位"",""职位简介"":""从事一线入户调查、数据处理、统计分析、统计研究等工作。"",""职位代码"":""400110102005"",""机构层级"":""省（副省）级"",""考试类别"":""中央机关及其省级直属机构综合管理类"",""招考人数"":""2"",""专业"":""统计学类、数学类、计算机类"",""学历"":""仅限硕士研究生"",""学位"":""硕士"",""政治面貌"":""中共党员"",""基层工作最低年限"":""无限制"",""服务基层项目工作经历"":""无限制"",""是否在面试阶段组织专业能力测试"":""否"",""面试人员比例"":""5:1"",""工作地点"":""天津市"",""落户地点"":""天津市"",""备注"":""1.全国大学英语六级考试成绩达到425分以上；2.本单位最低服务年限为5年（含试用期）；3.仅限男性报考。"",""部门网站"":""http://www.tjdczd.gov.cn/"",""咨询电话1"":""022-27303059"",""咨询电话2"":""022-27313551"",""咨询电话3"":"""",""来源Sheet"":""中央国家行政机关参照公务员法管理事业单位""}}"
"government_jobs","国家公务员2025招考简章","公务员/事业单位技术岗位","天津市武清区","2026-07-28T09:12:58.310295+00:00","武清调查队业务科室一级科员","国家统计局天津调查总队","","天津市武清区","公务员/事业单位;2025;computer_software;data_ai;仅限本科;学士;统计学类、数学类、计算机类;市（地）级及以下直属机构综合管理类","用人司局：国家统计局天津调查总队
职位简介：从事一线入户调查、数据处理、统计分析、统计研究等工作。
专业要求：统计学类、数学类、计算机类
学历要求：仅限本科
学位要求：学士
政治面貌：中共党员
基层工作经历：无限制
考试类别：市（地）级及以下直属机构综合管理类
备注：1.2025届高校毕业生；2.全国大学英语四级考试成绩达到425分以上；3.本单位最低服务年限为5年（含试用期）。","https://www.xjhc.gov.cn/xjhc/c116834/202410/a29382e11a674da3be3353af65f9fcc5.shtml#137102-400110102008","2024-10-14","{""dataset_year"":2025,""job_uid"":""GOV-2025-137102-400110102008"",""publisher"":""国家公务员局"",""publication_page"":""https://www.xjhc.gov.cn/xjhc/c116834/202410/a29382e11a674da3be3353af65f9fcc5.shtml"",""attachment_url"":""https://www.xjhc.gov.cn/xjhc/c116834/202410/a29382e11a674da3be3353af65f9fcc5/files/0536cef86e2b46ddad6aae5a3780089e.xls"",""local_source_file"":""2025_guokao_zhaokaojianzhang.xls"",""local_source_sha256"":""07ae6cab368cd21b7a1ac3e8150fe9a3d39ad5171ce76135ff3cccfe50c3e77e"",""source_sheet"":""中央国家行政机关参照公务员法管理事业单位"",""filter_version"":""government_tech_v2"",""tech_filter"":{""is_tech"":true,""is_core_tech"":true,""scope"":""core"",""categories"":[""computer_software"",""data_ai""],""matched_fields"":[""major"",""description""],""major_terms"":[""计算机类""],""role_terms"":[""数据处理""],""reason"":""tech_major_and_role""},""original"":{""部门代码"":""137102"",""部门名称"":""国家统计局天津调查总队"",""用人司局"":""国家统计局天津调查总队"",""机构性质"":""中央国家行政机关参照公务员法管理事业单位"",""招考职位"":""武清调查队业务科室一级科员"",""职位属性"":""普通职位"",""职位分布"":""其他职位"",""职位简介"":""从事一线入户调查、数据处理、统计分析、统计研究等工作。"",""职位代码"":""400110102008"",""机构层级"":""县（区）级及以下"",""考试类别"":""市（地）级及以下直属机构综合管理类"",""招考人数"":""1"",""专业"":""统计学类、数学类、计算机类"",""学历"":""仅限本科"",""学位"":""学士"",""政治面貌"":""中共党员"",""基层工作最低年限"":""无限制"",""服务基层项目工作经历"":""无限制"",""是否在面试阶段组织专业能力测试"":""否"",""面试人员比例"":""3:1"",""工作地点"":""天津市武清区"",""落户地点"":""天津市武清区"",""备注"":""1.2025届高校毕业生；2.全国大学英语四级考试成绩达到425分以上；3.本单位最低服务年限为5年（含试用期）。"",""部门网站"":""http://www.tjdczd.gov.cn/"",""咨询电话1"":""022-27303059"",""咨询电话2"":""022-27313551"",""咨询电话3"":"""",""来源Sheet"":""中央国家行政机关参照公务员法管理事业单位""}}"
"government_jobs","国家公务员2025招考简章","公务员/事业单位技术岗位","天津市宁河区","2026-07-28T09:12:58.310295+00:00","宁河调查队业务科室一级科员","国家统计局天津调查总队","","天津市宁河区","公务员/事业单位;2025;computer_software;data_ai;仅限本科;学士;统计学类、数学类、计算机类;市（地）级及以下直属机构综合管理类","用人司局：国家统计局天津调查总队
职位简介：从事一线入户调查、数据处理、统计分析、统计研究等工作。
专业要求：统计学类、数学类、计算机类
学历要求：仅限本科
学位要求：学士
政治面貌：中共党员
基层工作经历：无限制
考试类别：市（地）级及以下直属机构综合管理类
备注：1.2025届高校毕业生；2.全国大学英语四级考试成绩达到425分以上；3.本单位最低服务年限为5年（含试用期）。","https://www.xjhc.gov.cn/xjhc/c116834/202410/a29382e11a674da3be3353af65f9fcc5.shtml#137102-400110102011","2024-10-14","{""dataset_year"":2025,""job_uid"":""GOV-2025-137102-400110102011"",""publisher"":""国家公务员局"",""publication_page"":""https://www.xjhc.gov.cn/xjhc/c116834/202410/a29382e11a674da3be3353af65f9fcc5.shtml"",""attachment_url"":""https://www.xjhc.gov.cn/xjhc/c116834/202410/a29382e11a674da3be3353af65f9fcc5/files/0536cef86e2b46ddad6aae5a3780089e.xls"",""local_source_file"":""2025_guokao_zhaokaojianzhang.xls"",""local_source_sha256"":""07ae6cab368cd21b7a1ac3e8150fe9a3d39ad5171ce76135ff3cccfe50c3e77e"",""source_sheet"":""中央国家行政机关参照公务员法管理事业单位"",""filter_version"":""government_tech_v2"",""tech_filter"":{""is_tech"":true,""is_core_tech"":true,""scope"":""core"",""categories"":[""computer_software"",""data_ai""],""matched_fields"":[""major"",""description""],""major_terms"":[""计算机类""],""role_terms"":[""数据处理""],""reason"":""tech_major_and_role""},""original"":{""部门代码"":""137102"",""部门名称"":""国家统计局天津调查总队"",""用人司局"":""国家统计局天津调查总队"",""机构性质"":""中央国家行政机关参照公务员法管理事业单位"",""招考职位"":""宁河调查队业务科室一级科员"",""职位属性"":""普通职位"",""职位分布"":""其他职位"",""职位简介"":""从事一线入户调查、数据处理、统计分析、统计研究等工作。"",""职位代码"":""400110102011"",""机构层级"":""县（区）级及以下"",""考试类别"":""市（地）级及以下直属机构综合管理类"",""招考人数"":""1"",""专业"":""统计学类、数学类、计算机类"",""学历"":""仅限本科"",""学位"":""学士"",""政治面貌"":""中共党员"",""基层工作最低年限"":""无限制"",""服务基层项目工作经历"":""无限制"",""是否在面试阶段组织专业能力测试"":""否"",""面试人员比例"":""3:1"",""工作地点"":""天津市宁河区"",""落户地点"":""天津市宁河区"",""备注"":""1.2025届高校毕业生；2.全国大学英语四级考试成绩达到425分以上；3.本单位最低服务年限为5年（含试用期）。"",""部门网站"":""http://www.tjdczd.gov.cn/"",""咨询电话1"":""022-27303059"",""咨询电话2"":""022-27313551"",""咨询电话3"":"""",""来源Sheet"":""中央国家行政机关参照公务员法管理事业单位""}}"
"government_jobs","国家公务员2025招考简章","公务员/事业单位技术岗位","天津市蓟州区","2026-07-28T09:12:58.310295+00:00","蓟州调查队业务科室一级科员","国家统计局天津调查总队","","天津市蓟州区","公务员/事业单位;2025;computer_software;data_ai;仅限本科;学士;统计学类、数学类、计算机类;市（地）级及以下直属机构综合管理类","用人司局：国家统计局天津调查总队
职位简介：从事一线入户调查、数据处理、统计分析、统计研究等工作。
专业要求：统计学类、数学类、计算机类
学历要求：仅限本科
学位要求：学士
政治面貌：中共党员
基层工作经历：无限制
考试类别：市（地）级及以下直属机构综合管理类
备注：1.2025届高校毕业生；2.全国大学英语四级考试成绩达到425分以上；3.本单位最低服务年限为5年（含试用期）。","https://www.xjhc.gov.cn/xjhc/c116834/202410/a29382e11a674da3be3353af65f9fcc5.shtml#137102-400110102012","2024-10-14","{""dataset_year"":2025,""job_uid"":""GOV-2025-137102-400110102012"",""publisher"":""国家公务员局"",""publication_page"":""https://www.xjhc.gov.cn/xjhc/c116834/202410/a29382e11a674da3be3353af65f9fcc5.shtml"",""attachment_url"":""https://www.xjhc.gov.cn/xjhc/c116834/202410/a29382e11a674da3be3353af65f9fcc5/files/0536cef86e2b46ddad6aae5a3780089e.xls"",""local_source_file"":""2025_guokao_zhaokaojianzhang.xls"",""local_source_sha256"":""07ae6cab368cd21b7a1ac3e8150fe9a3d39ad5171ce76135ff3cccfe50c3e77e"",""source_sheet"":""中央国家行政机关参照公务员法管理事业单位"",""filter_version"":""government_tech_v2"",""tech_filter"":{""is_tech"":true,""is_core_tech"":true,""scope"":""core"",""categories"":[""computer_software"",""data_ai""],""matched_fields"":[""major"",""description""],""major_terms"":[""计算机类""],""role_terms"":[""数据处理""],""reason"":""tech_major_and_role""},""original"":{""部门代码"":""137102"",""部门名称"":""国家统计局天津调查总队"",""用人司局"":""国家统计局天津调查总队"",""机构性质"":""中央国家行政机关参照公务员法管理事业单位"",""招考职位"":""蓟州调查队业务科室一级科员"",""职位属性"":""普通职位"",""职位分布"":""其他职位"",""职位简介"":""从事一线入户调查、数据处理、统计分析、统计研究等工作。"",""职位代码"":""400110102012"",""机构层级"":""县（区）级及以下"",""考试类别"":""市（地）级及以下直属机构综合管理类"",""招考人数"":""1"",""专业"":""统计学类、数学类、计算机类"",""学历"":""仅限本科"",""学位"":""学士"",""政治面貌"":""中共党员"",""基层工作最低年限"":""无限制"",""服务基层项目工作经历"":""无限制"",""是否在面试阶段组织专业能力测试"":""否"",""面试人员比例"":""3:1"",""工作地点"":""天津市蓟州区"",""落户地点"":""天津市蓟州区"",""备注"":""1.2025届高校毕业生；2.全国大学英语四级考试成绩达到425分以上；3.本单位最低服务年限为5年（含试用期）。"",""部门网站"":""http://www.tjdczd.gov.cn/"",""咨询电话1"":""022-27303059"",""咨询电话2"":""022-27313551"",""咨询电话3"":"""",""来源Sheet"":""中央国家行政机关参照公务员法管理事业单位""}}"
"government_jobs","国家公务员2025招考简章","公务员/事业单位技术岗位","河北省承德市","2026-07-28T09:12:58.310295+00:00","承德调查队业务科室一级科员（2）","国家统计局河北调查总队","","河北省承德市","公务员/事业单位;2025;computer_software;data_ai;仅限本科;学士;数学类（限以下专业：数学与应用数学、信息与计算科学、数理基础科学、数据计算及应用）、计算机类（限以下专业：计算机科学与技术、软件工程、网络工程、电子与计算机工程）;市（地）级及以下直属机构综合管理类","用人司局：国家统计局河北调查总队
职位简介：从事一线统计调查、信息化建设、数据处理、统计分析研究等工作
专业要求：数学类（限以下专业：数学与应用数学、信息与计算科学、数理基础科学、数据计算及应用）、计算机类（限以下专业：计算机科学与技术、软件工程、网络工程、电子与计算机工程）
学历要求：仅限本科
学位要求：学士
政治面貌：不限
基层工作经历：无限制
考试类别：市（地）级及以下直属机构综合管理类
备注：应届高校毕业生；须以最高学历所学主修专业报考；最低服务年限为5年(含试用期）。","https://www.xjhc.gov.cn/xjhc/c116834/202410/a29382e11a674da3be3353af65f9fcc5.shtml#137103-400110137005","2024-10-14","{""dataset_year"":2025,""job_uid"":""GOV-2025-137103-400110137005"",""publisher"":""国家公务员局"",""publication_page"":""https://www.xjhc.gov.cn/xjhc/c116834/202410/a29382e11a674da3be3353af65f9fcc5.shtml"",""attachment_url"":""https://www.xjhc.gov.cn/xjhc/c116834/202410/a29382e11a674da3be3353af65f9fcc5/files/0536cef86e2b46ddad6aae5a3780089e.xls"",""local_source_file"":""2025_guokao_zhaokaojianzhang.xls"",""local_source_sha256"":""07ae6cab368cd21b7a1ac3e8150fe9a3d39ad5171ce76135ff3cccfe50c3e77e"",""source_sheet"":""中央国家行政机关参照公务员法管理事业单位"",""filter_version"":""government_tech_v2"",""tech_filter"":{""is_tech"":true,""is_core_tech"":true,""scope"":""core"",""categories"":[""computer_software"",""data_ai""],""matched_fields"":[""major"",""description""],""major_terms"":[""网络工程"",""计算机"",""计算机科学与技术"",""计算机类"",""软件工程""],""role_terms"":[""信息化"",""数据处理""],""reason"":""tech_major_and_role""},""original"":{""部门代码"":""137103"",""部门名称"":""国家统计局河北调查总队"",""用人司局"":""国家统计局河北调查总队"",""机构性质"":""中央国家行政机关参照公务员法管理事业单位"",""招考职位"":""承德调查队业务科室一级科员（2）"",""职位属性"":""普通职位"",""职位分布"":""其他职位"",""职位简介"":""从事一线统计调查、信息化建设、数据处理、统计分析研究等工作"",""职位代码"":""400110137005"",""机构层级"":""市（地）级"",""考试类别"":""市（地）级及以下直属机构综合管理类"",""招考人数"":""1"",""专业"":""数学类（限以下专业：数学与应用数学、信息与计算科学、数理基础科学、数据计算及应用）、计算机类（限以下专业：计算机科学与技术、软件工程、网络工程、电子与计算机工程）"",""学历"":""仅限本科"",""学位"":""学士"",""政治面貌"":""不限"",""基层工作最低年限"":""无限制"",""服务基层项目工作经历"":""无限制"",""是否在面试阶段组织专业能力测试"":""否"",""面试人员比例"":""3:1"",""工作地点"":""河北省承德市"",""落户地点"":""河北省承德市"",""备注"":""应届高校毕业生；须以最高学历所学主修专业报考；最低服务年限为5年(含试用期）。"",""部门网站"":""无"",""咨询电话1"":""0311-86955093"",""咨询电话2"":""0311-86955089"",""咨询电话3"":""0311-86955965"",""来源Sheet"":""中央国家行政机关参照公务员法管理事业单位""}}"
"government_jobs","国家公务员2025招考简章","公务员/事业单位技术岗位","河北省衡水市","2026-07-28T09:12:58.310295+00:00","衡水调查队综合科室一级科员","国家统计局河北调查总队","","河北省衡水市","公务员/事业单位;2025;data_ai;仅限本科;学士;统计学类（限以下专业：统计学、应用统计学）、经济学类（限以下专业：经济学、经济统计学）、数学类（限以下专业：数学与应用数学、信息与计算科学、数理基础科学、数据计算及应用）;市（地）级及以下直属机构综合管理类","用人司局：国家统计局河北调查总队
职位简介：从事一线统计调查、数据处理、统计分析研究等工作
专业要求：统计学类（限以下专业：统计学、应用统计学）、经济学类（限以下专业：经济学、经济统计学）、数学类（限以下专业：数学与应用数学、信息与计算科学、数理基础科学、数据计算及应用）
学历要求：仅限本科
学位要求：学士
政治面貌：不限
基层工作经历：无限制
考试类别：市（地）级及以下直属机构综合管理类
备注：应届高校毕业生；须以最高学历所学主修专业报考；最低服务年限为5年(含试用期）。","https://www.xjhc.gov.cn/xjhc/c116834/202410/a29382e11a674da3be3353af65f9fcc5.shtml#137103-400110137013","2024-10-14","{""dataset_year"":2025,""job_uid"":""GOV-2025-137103-400110137013"",""publisher"":""国家公务员局"",""publication_page"":""https://www.xjhc.gov.cn/xjhc/c116834/202410/a29382e11a674da3be3353af65f9fcc5.shtml"",""attachment_url"":""https://www.xjhc.gov.cn/xjhc/c116834/202410/a29382e11a674da3be3353af65f9fcc5/files/0536cef86e2b46ddad6aae5a3780089e.xls"",""local_source_file"":""2025_guokao_zhaokaojianzhang.xls"",""local_source_sha256"":""07ae6cab368cd21b7a1ac3e8150fe9a3d39ad5171ce76135ff3cccfe50c3e77e"",""source_sheet"":""中央国家行政机关参照公务员法管理事业单位"",""filter_version"":""government_tech_v2"",""tech_filter"":{""is_tech"":true,""is_core_tech"":true,""scope"":""core"",""categories"":[""data_ai""],""matched_fields"":[""description""],""major_terms"":[],""role_terms"":[""数据处理""],""reason"":""tech_role""},""original"":{""部门代码"":""137103"",""部门名称"":""国家统计局河北调查总队"",""用人司局"":""国家统计局河北调查总队"",""机构性质"":""中央国家行政机关参照公务员法管理事业单位"",""招考职位"":""衡水调查队综合科室一级科员"",""职位属性"":""普通职位"",""职位分布"":""其他职位"",""职位简介"":""从事一线统计调查、数据处理、统计分析研究等工作"",""职位代码"":""400110137013"",""机构层级"":""市（地）级"",""考试类别"":""市（地）级及以下直属机构综合管理类"",""招考人数"":""1"",""专业"":""统计学类（限以下专业：统计学、应用统计学）、经济学类（限以下专业：经济学、经济统计学）、数学类（限以下专业：数学与应用数学、信息与计算科学、数理基础科学、数据计算及应用）"",""学历"":""仅限本科"",""学位"":""学士"",""政治面貌"":""不限"",""基层工作最低年限"":""无限制"",""服务基层项目工作经历"":""无限制"",""是否在面试阶段组织专业能力测试"":""否"",""面试人员比例"":""3:1"",""工作地点"":""河北省衡水市"",""落户地点"":""河北省衡水市"",""备注"":""应届高校毕业生；须以最高学历所学主修专业报考；最低服务年限为5年(含试用期）。"",""部门网站"":""无"",""咨询电话1"":""0311-86955093"",""咨询电话2"":""0311-86955089"",""咨询电话3"":""0311-86955965"",""来源Sheet"":""中央国家行政机关参照公务员法管理事业单位""}}"
"government_jobs","国家公务员2025招考简章","公务员/事业单位技术岗位","河北省邢台市","2026-07-28T09:12:58.310295+00:00","邢台调查队综合科室一级科员（1）","国家统计局河北调查总队","","河北省邢台市","公务员/事业单位;2025;data_ai;仅限本科;学士;统计学类（限以下专业：统计学、应用统计学）、数学类（限以下专业：数学与应用数学、信息与计算科学、数理基础科学、数据计算及应用）、经济学类（限以下专业：经济学、经济统计学;市（地）级及以下直属机构综合管理类","用人司局：国家统计局河北调查总队
职位简介：从事一线统计专业调查、数据处理、统计分析、统计研究等工作
专业要求：统计学类（限以下专业：统计学、应用统计学）、数学类（限以下专业：数学与应用数学、信息与计算科学、数理基础科学、数据计算及应用）、经济学类（限以下专业：经济学、经济统计学
学历要求：仅限本科
学位要求：学士
政治面貌：中共党员
基层工作经历：无限制
考试类别：市（地）级及以下直属机构综合管理类
备注：须以最高学历所学主修专业报考；最低服务年限为5年(含试用期）；限男性。","https://www.xjhc.gov.cn/xjhc/c116834/202410/a29382e11a674da3be3353af65f9fcc5.shtml#137103-400110137014","2024-10-14","{""dataset_year"":2025,""job_uid"":""GOV-2025-137103-400110137014"",""publisher"":""国家公务员局"",""publication_page"":""https://www.xjhc.gov.cn/xjhc/c116834/202410/a29382e11a674da3be3353af65f9fcc5.shtml"",""attachment_url"":""https://www.xjhc.gov.cn/xjhc/c116834/202410/a29382e11a674da3be3353af65f9fcc5/files/0536cef86e2b46ddad6aae5a3780089e.xls"",""local_source_file"":""2025_guokao_zhaokaojianzhang.xls"",""local_source_sha256"":""07ae6cab368cd21b7a1ac3e8150fe9a3d39ad5171ce76135ff3cccfe50c3e77e"",""source_sheet"":""中央国家行政机关参照公务员法管理事业单位"",""filter_version"":""government_tech_v2"",""tech_filter"":{""is_tech"":true,""is_core_tech"":true,""scope"":""core"",""categories"":[""data_ai""],""matched_fields"":[""description""],""major_terms"":[],""role_terms"":[""数据处理""],""reason"":""tech_role""},""original"":{""部门代码"":""137103"",""部门名称"":""国家统计局河北调查总队"",""用人司局"":""国家统计局河北调查总队"",""机构性质"":""中央国家行政机关参照公务员法管理事业单位"",""招考职位"":""邢台调查队综合科室一级科员（1）"",""职位属性"":""普通职位"",""职位分布"":""其他职位"",""职位简介"":""从事一线统计专业调查、数据处理、统计分析、统计研究等工作"",""职位代码"":""400110137014"",""机构层级"":""市（地）级"",""考试类别"":""市（地）级及以下直属机构综合管理类"",""招考人数"":""1"",""专业"":""统计学类（限以下专业：统计学、应用统计学）、数学类（限以下专业：数学与应用数学、信息与计算科学、数理基础科学、数据计算及应用）、经济学类（限以下专业：经济学、经济统计学"",""学历"":""仅限本科"",""学位"":""学士"",""政治面貌"":""中共党员"",""基层工作最低年限"":""无限制"",""服务基层项目工作经历"":""无限制"",""是否在面试阶段组织专业能力测试"":""否"",""面试人员比例"":""3:1"",""工作地点"":""河北省邢台市"",""落户地点"":""河北省邢台市"",""备注"":""须以最高学历所学主修专业报考；最低服务年限为5年(含试用期）；限男性。"",""部门网站"":""无"",""咨询电话1"":""0311-86955093"",""咨询电话2"":""0311-86955089"",""咨询电话3"":""0311-86955965"",""来源Sheet"":""中央国家行政机关参照公务员法管理事业单位""}}"
"government_jobs","国家公务员2025招考简章","公务员/事业单位技术岗位","河北省邢台市","2026-07-28T09:12:58.310295+00:00","邢台调查队综合科室一级科员（2）","国家统计局河北调查总队","","河北省邢台市","公务员/事业单位;2025;data_ai;仅限本科;学士;统计学类（限以下专业：统计学、应用统计学）、数学类（限以下专业：数学与应用数学、信息与计算科学、数理基础科学、数据计算及应用）、经济学类（限以下专业：经济学、经济统计学）;市（地）级及以下直属机构综合管理类","用人司局：国家统计局河北调查总队
职位简介：从事一线统计专业调查、数据处理、统计分析、统计研究等工作
专业要求：统计学类（限以下专业：统计学、应用统计学）、数学类（限以下专业：数学与应用数学、信息与计算科学、数理基础科学、数据计算及应用）、经济学类（限以下专业：经济学、经济统计学）
学历要求：仅限本科
学位要求：学士
政治面貌：中共党员
基层工作经历：无限制
考试类别：市（地）级及以下直属机构综合管理类
备注：须以最高学历所学主修专业报考；最低服务年限为5年(含试用期）；限女性。","https://www.xjhc.gov.cn/xjhc/c116834/202410/a29382e11a674da3be3353af65f9fcc5.shtml#137103-400110137015","2024-10-14","{""dataset_year"":2025,""job_uid"":""GOV-2025-137103-400110137015"",""publisher"":""国家公务员局"",""publication_page"":""https://www.xjhc.gov.cn/xjhc/c116834/202410/a29382e11a674da3be3353af65f9fcc5.shtml"",""attachment_url"":""https://www.xjhc.gov.cn/xjhc/c116834/202410/a29382e11a674da3be3353af65f9fcc5/files/0536cef86e2b46ddad6aae5a3780089e.xls"",""local_source_file"":""2025_guokao_zhaokaojianzhang.xls"",""local_source_sha256"":""07ae6cab368cd21b7a1ac3e8150fe9a3d39ad5171ce76135ff3cccfe50c3e77e"",""source_sheet"":""中央国家行政机关参照公务员法管理事业单位"",""filter_version"":""government_tech_v2"",""tech_filter"":{""is_tech"":true,""is_core_tech"":true,""scope"":""core"",""categories"":[""data_ai""],""matched_fields"":[""description""],""major_terms"":[],""role_terms"":[""数据处理""],""reason"":""tech_role""},""original"":{""部门代码"":""137103"",""部门名称"":""国家统计局河北调查总队"",""用人司局"":""国家统计局河北调查总队"",""机构性质"":""中央国家行政机关参照公务员法管理事业单位"",""招考职位"":""邢台调查队综合科室一级科员（2）"",""职位属性"":""普通职位"",""职位分布"":""其他职位"",""职位简介"":""从事一线统计专业调查、数据处理、统计分析、统计研究等工作"",""职位代码"":""400110137015"",""机构层级"":""市（地）级"",""考试类别"":""市（地）级及以下直属机构综合管理类"",""招考人数"":""1"",""专业"":""统计学类（限以下专业：统计学、应用统计学）、数学类（限以下专业：数学与应用数学、信息与计算科学、数理基础科学、数据计算及应用）、经济学类（限以下专业：经济学、经济统计学）"",""学历"":""仅限本科"",""学位"":""学士"",""政治面貌"":""中共党员"",""基层工作最低年限"":""无限制"",""服务基层项目工作经历"":""无限制"",""是否在面试阶段组织专业能力测试"":""否"",""面试人员比例"":""3:1"",""工作地点"":""河北省邢台市"",""落户地点"":""河北省邢台市"",""备注"":""须以最高学历所学主修专业报考；最低服务年限为5年(含试用期）；限女性。"",""部门网站"":""无"",""咨询电话1"":""0311-86955093"",""咨询电话2"":""0311-86955089"",""咨询电话3"":""0311-86955965"",""来源Sheet"":""中央国家行政机关参照公务员法管理事业单位""}}"
"government_jobs","国家公务员2025招考简章","公务员/事业单位技术岗位","河北省承德市围场满族蒙古族自治县","2026-07-28T09:12:58.310295+00:00","围场调查队一级科员","国家统计局河北调查总队","","河北省承德市围场满族蒙古族自治县","公务员/事业单位;2025;computer_software;data_ai;仅限本科;学士;计算机类（限以下专业：计算机科学与技术、软件工程、网络工程、电子与计算机工程）、统计学类（限以下专业：统计学、 应用统计学）;市（地）级及以下直属机构综合管理类","用人司局：国家统计局河北调查总队
职位简介：从事信息化建设、数据处理、一线入户调查、统计分析、统计研究等工作
专业要求：计算机类（限以下专业：计算机科学与技术、软件工程、网络工程、电子与计算机工程）、统计学类（限以下专业：统计学、 应用统计学）
学历要求：仅限本科
学位要求：学士
政治面貌：不限
基层工作经历：无限制
考试类别：市（地）级及以下直属机构综合管理类
备注：应届高校毕业生；须以最高学历所学主修专业报考；最低服务年限为5年(含试用期）。","https://www.xjhc.gov.cn/xjhc/c116834/202410/a29382e11a674da3be3353af65f9fcc5.shtml#137103-400110137019","2024-10-14","{""dataset_year"":2025,""job_uid"":""GOV-2025-137103-400110137019"",""publisher"":""国家公务员局"",""publication_page"":""https://www.xjhc.gov.cn/xjhc/c116834/202410/a29382e11a674da3be3353af65f9fcc5.shtml"",""attachment_url"":""https://www.xjhc.gov.cn/xjhc/c116834/202410/a29382e11a674da3be3353af65f9fcc5/files/0536cef86e2b46ddad6aae5a3780089e.xls"",""local_source_file"":""2025_guokao_zhaokaojianzhang.xls"",""local_source_sha256"":""07ae6cab368cd21b7a1ac3e8150fe9a3d39ad5171ce76135ff3cccfe50c3e77e"",""source_sheet"":""中央国家行政机关参照公务员法管理事业单位"",""filter_version"":""government_tech_v2"",""tech_filter"":{""is_tech"":true,""is_core_tech"":true,""scope"":""core"",""categories"":[""computer_software"",""data_ai""],""matched_fields"":[""major"",""description""],""major_terms"":[""网络工程"",""计算机"",""计算机科学与技术"",""计算机类"",""软件工程""],""role_terms"":[""信息化"",""数据处理""],""reason"":""tech_major_and_role""},""original"":{""部门代码"":""137103"",""部门名称"":""国家统计局河北调查总队"",""用人司局"":""国家统计局河北调查总队"",""机构性质"":""中央国家行政机关参照公务员法管理事业单位"",""招考职位"":""围场调查队一级科员"",""职位属性"":""普通职位"",""职位分布"":""其他职位"",""职位简介"":""从事信息化建设、数据处理、一线入户调查、统计分析、统计研究等工作"",""职位代码"":""400110137019"",""机构层级"":""县（区）级及以下"",""考试类别"":""市（地）级及以下直属机构综合管理类"",""招考人数"":""1"",""专业"":""计算机类（限以下专业：计算机科学与技术、软件工程、网络工程、电子与计算机工程）、统计学类（限以下专业：统计学、 应用统计学）"",""学历"":""仅限本科"",""学位"":""学士"",""政治面貌"":""不限"",""基层工作最低年限"":""无限制"",""服务基层项目工作经历"":""无限制"",""是否在面试阶段组织专业能力测试"":""否"",""面试人员比例"":""3:1"",""工作地点"":""河北省承德市围场满族蒙古族自治县"",""落户地点"":""河北省承德市围场满族蒙古族自治县"",""备注"":""应届高校毕业生；须以最高学历所学主修专业报考；最低服务年限为5年(含试用期）。"",""部门网站"":""无"",""咨询电话1"":""0311-86955093"",""咨询电话2"":""0311-86955089"",""咨询电话3"":""0311-86955965"",""来源Sheet"":""中央国家行政机关参照公务员法管理事业单位""}}"
"government_jobs","国家公务员2025招考简章","公务员/事业单位技术岗位","河北省承德市滦平县","2026-07-28T09:12:58.310295+00:00","滦平调查队一级科员","国家统计局河北调查总队","","河北省承德市滦平县","公务员/事业单位;2025;computer_software;data_ai;仅限本科;学士;计算机类（限以下专业：计算机科学与技术、软件工程、网络工程、电子与计算机工程）;市（地）级及以下直属机构综合管理类","用人司局：国家统计局河北调查总队
职位简介：从事信息化建设、数据处理、统计调查业务等工作
专业要求：计算机类（限以下专业：计算机科学与技术、软件工程、网络工程、电子与计算机工程）
学历要求：仅限本科
学位要求：学士
政治面貌：不限
基层工作经历：无限制
考试类别：市（地）级及以下直属机构综合管理类
备注：应届高校毕业生；须以最高学历所学主修专业报考；最低服务年限为5年(含试用期）。","https://www.xjhc.gov.cn/xjhc/c116834/202410/a29382e11a674da3be3353af65f9fcc5.shtml#137103-400110137020","2024-10-14","{""dataset_year"":2025,""job_uid"":""GOV-2025-137103-400110137020"",""publisher"":""国家公务员局"",""publication_page"":""https://www.xjhc.gov.cn/xjhc/c116834/202410/a29382e11a674da3be3353af65f9fcc5.shtml"",""attachment_url"":""https://www.xjhc.gov.cn/xjhc/c116834/202410/a29382e11a674da3be3353af65f9fcc5/files/0536cef86e2b46ddad6aae5a3780089e.xls"",""local_source_file"":""2025_guokao_zhaokaojianzhang.xls"",""local_source_sha256"":""07ae6cab368cd21b7a1ac3e8150fe9a3d39ad5171ce76135ff3cccfe50c3e77e"",""source_sheet"":""中央国家行政机关参照公务员法管理事业单位"",""filter_version"":""government_tech_v2"",""tech_filter"":{""is_tech"":true,""is_core_tech"":true,""scope"":""core"",""categories"":[""computer_software"",""data_ai""],""matched_fields"":[""major"",""description""],""major_terms"":[""网络工程"",""计算机"",""计算机科学与技术"",""计算机类"",""软件工程""],""role_terms"":[""信息化"",""数据处理""],""reason"":""tech_major_and_role""},""original"":{""部门代码"":""137103"",""部门名称"":""国家统计局河北调查总队"",""用人司局"":""国家统计局河北调查总队"",""机构性质"":""中央国家行政机关参照公务员法管理事业单位"",""招考职位"":""滦平调查队一级科员"",""职位属性"":""普通职位"",""职位分布"":""其他职位"",""职位简介"":""从事信息化建设、数据处理、统计调查业务等工作"",""职位代码"":""400110137020"",""机构层级"":""县（区）级及以下"",""考试类别"":""市（地）级及以下直属机构综合管理类"",""招考人数"":""1"",""专业"":""计算机类（限以下专业：计算机科学与技术、软件工程、网络工程、电子与计算机工程）"",""学历"":""仅限本科"",""学位"":""学士"",""政治面貌"":""不限"",""基层工作最低年限"":""无限制"",""服务基层项目工作经历"":""无限制"",""是否在面试阶段组织专业能力测试"":""否"",""面试人员比例"":""3:1"",""工作地点"":""河北省承德市滦平县"",""落户地点"":""河北省承德市滦平县"",""备注"":""应届高校毕业生；须以最高学历所学主修专业报考；最低服务年限为5年(含试用期）。"",""部门网站"":""无"",""咨询电话1"":""0311-86955093"",""咨询电话2"":""0311-86955089"",""咨询电话3"":""0311-86955965"",""来源Sheet"":""中央国家行政机关参照公务员法管理事业单位""}}"
"government_jobs","国家公务员2025招考简章","公务员/事业单位技术岗位","河北省张家口市尚义县","2026-07-28T09:12:58.310295+00:00","尚义调查队一级科员","国家统计局河北调查总队","","河北省张家口市尚义县","公务员/事业单位;2025;computer_software;data_ai;仅限本科;学士;计算机类（限以下专业：计算机科学与技术、软件工程、网络工程、电子与计算机工程）;市（地）级及以下直属机构综合管理类","用人司局：国家统计局河北调查总队
职位简介：从事信息化建设、数据处理、统计调查业务等工作
专业要求：计算机类（限以下专业：计算机科学与技术、软件工程、网络工程、电子与计算机工程）
学历要求：仅限本科
学位要求：学士
政治面貌：不限
基层工作经历：无限制
考试类别：市（地）级及以下直属机构综合管理类
备注：应届高校毕业生；须以最高学历所学主修专业报考；最低服务年限为5年(含试用期）。","https://www.xjhc.gov.cn/xjhc/c116834/202410/a29382e11a674da3be3353af65f9fcc5.shtml#137103-400110137021","2024-10-14","{""dataset_year"":2025,""job_uid"":""GOV-2025-137103-400110137021"",""publisher"":""国家公务员局"",""publication_page"":""https://www.xjhc.gov.cn/xjhc/c116834/202410/a29382e11a674da3be3353af65f9fcc5.shtml"",""attachment_url"":""https://www.xjhc.gov.cn/xjhc/c116834/202410/a29382e11a674da3be3353af65f9fcc5/files/0536cef86e2b46ddad6aae5a3780089e.xls"",""local_source_file"":""2025_guokao_zhaokaojianzhang.xls"",""local_source_sha256"":""07ae6cab368cd21b7a1ac3e8150fe9a3d39ad5171ce76135ff3cccfe50c3e77e"",""source_sheet"":""中央国家行政机关参照公务员法管理事业单位"",""filter_version"":""government_tech_v2"",""tech_filter"":{""is_tech"":true,""is_core_tech"":true,""scope"":""core"",""categories"":[""computer_software"",""data_ai""],""matched_fields"":[""major"",""description""],""major_terms"":[""网络工程"",""计算机"",""计算机科学与技术"",""计算机类"",""软件工程""],""role_terms"":[""信息化"",""数据处理""],""reason"":""tech_major_and_role""},""original"":{""部门代码"":""137103"",""部门名称"":""国家统计局河北调查总队"",""用人司局"":""国家统计局河北调查总队"",""机构性质"":""中央国家行政机关参照公务员法管理事业单位"",""招考职位"":""尚义调查队一级科员"",""职位属性"":""普通职位"",""职位分布"":""其他职位"",""职位简介"":""从事信息化建设、数据处理、统计调查业务等工作"",""职位代码"":""400110137021"",""机构层级"":""县（区）级及以下"",""考试类别"":""市（地）级及以下直属机构综合管理类"",""招考人数"":""1"",""专业"":""计算机类（限以下专业：计算机科学与技术、软件工程、网络工程、电子与计算机工程）"",""学历"":""仅限本科"",""学位"":""学士"",""政治面貌"":""不限"",""基层工作最低年限"":""无限制"",""服务基层项目工作经历"":""无限制"",""是否在面试阶段组织专业能力测试"":""否"",""面试人员比例"":""3:1"",""工作地点"":""河北省张家口市尚义县"",""落户地点"":""河北省张家口市尚义县"",""备注"":""应届高校毕业生；须以最高学历所学主修专业报考；最低服务年限为5年(含试用期）。"",""部门网站"":""无"",""咨询电话1"":""0311-86955093"",""咨询电话2"":""0311-86955089"",""咨询电话3"":""0311-86955965"",""来源Sheet"":""中央国家行政机关参照公务员法管理事业单位""}}"
"government_jobs","国家公务员2025招考简章","公务员/事业单位技术岗位","河北省张家口市蔚县","2026-07-28T09:12:58.310295+00:00","蔚县调查队一级科员（2）","国家统计局河北调查总队","","河北省张家口市蔚县","公务员/事业单位;2025;computer_software;data_ai;仅限本科;学士;中国语言文学类（不含中国少数民族语言文学、手语翻译）、统计学类、计算机类（不含电影制作、服务科学与工程、虚拟现实技术、区块链工程）、数学类、工商管理类（不含物业管理、文化产业管理、体育经济与管理、零售业管理、创业管理、海关稽查）;市（地）级及以下直属机构综合管理类","用人司局：国家统计局河北调查总队
职位简介：从事一线入户调查、数据处理、统计分析、统计研究、公文处理等工作
专业要求：中国语言文学类（不含中国少数民族语言文学、手语翻译）、统计学类、计算机类（不含电影制作、服务科学与工程、虚拟现实技术、区块链工程）、数学类、工商管理类（不含物业管理、文化产业管理、体育经济与管理、零售业管理、创业管理、海关稽查）
学历要求：仅限本科
学位要求：学士
政治面貌：不限
基层工作经历：二年
考试类别：市（地）级及以下直属机构综合管理类
备注：服务期满，考核合格；须以最高学历所学主修专业报考；最低服务年限为5年(含试用期）；经常下乡，条件艰苦。","https://www.xjhc.gov.cn/xjhc/c116834/202410/a29382e11a674da3be3353af65f9fcc5.shtml#137103-400110137023","2024-10-14","{""dataset_year"":2025,""job_uid"":""GOV-2025-137103-400110137023"",""publisher"":""国家公务员局"",""publication_page"":""https://www.xjhc.gov.cn/xjhc/c116834/202410/a29382e11a674da3be3353af65f9fcc5.shtml"",""attachment_url"":""https://www.xjhc.gov.cn/xjhc/c116834/202410/a29382e11a674da3be3353af65f9fcc5/files/0536cef86e2b46ddad6aae5a3780089e.xls"",""local_source_file"":""2025_guokao_zhaokaojianzhang.xls"",""local_source_sha256"":""07ae6cab368cd21b7a1ac3e8150fe9a3d39ad5171ce76135ff3cccfe50c3e77e"",""source_sheet"":""中央国家行政机关参照公务员法管理事业单位"",""filter_version"":""government_tech_v2"",""tech_filter"":{""is_tech"":true,""is_core_tech"":true,""scope"":""core"",""categories"":[""computer_software"",""data_ai""],""matched_fields"":[""major"",""description""],""major_terms"":[""区块链工程"",""虚拟现实技术"",""计算机类""],""role_terms"":[""数据处理""],""reason"":""tech_major_and_role""},""original"":{""部门代码"":""137103"",""部门名称"":""国家统计局河北调查总队"",""用人司局"":""国家统计局河北调查总队"",""机构性质"":""中央国家行政机关参照公务员法管理事业单位"",""招考职位"":""蔚县调查队一级科员（2）"",""职位属性"":""普通职位"",""职位分布"":""其他职位"",""职位简介"":""从事一线入户调查、数据处理、统计分析、统计研究、公文处理等工作"",""职位代码"":""400110137023"",""机构层级"":""县（区）级及以下"",""考试类别"":""市（地）级及以下直属机构综合管理类"",""招考人数"":""1"",""专业"":""中国语言文学类（不含中国少数民族语言文学、手语翻译）、统计学类、计算机类（不含电影制作、服务科学与工程、虚拟现实技术、区块链工程）、数学类、工商管理类（不含物业管理、文化产业管理、体育经济与管理、零售业管理、创业管理、海关稽查）"",""学历"":""仅限本科"",""学位"":""学士"",""政治面貌"":""不限"",""基层工作最低年限"":""二年"",""服务基层项目工作经历"":""大学生村官、“三支一扶”计划"",""是否在面试阶段组织专业能力测试"":""否"",""面试人员比例"":""3:1"",""工作地点"":""河北省张家口市蔚县"",""落户地点"":""河北省张家口市蔚县"",""备注"":""服务期满，考核合格；须以最高学历所学主修专业报考；最低服务年限为5年(含试用期）；经常下乡，条件艰苦。"",""部门网站"":""无"",""咨询电话1"":""0311-86955093"",""咨询电话2"":""0311-86955089"",""咨询电话3"":""0311-86955965"",""来源Sheet"":""中央国家行政机关参照公务员法管理事业单位""}}"
"government_jobs","国家公务员2025招考简章","公务员/事业单位技术岗位","河北省秦皇岛市昌黎县","2026-07-28T09:12:58.310295+00:00","昌黎调查队一级科员（1）","国家统计局河北调查总队","","河北省秦皇岛市昌黎县","公务员/事业单位;2025;computer_software;data_ai;仅限本科;学士;统计学类（限以下专业：统计学、 应用统计学）、计算机类（限以下专业：计算机科学与技术、软件工程、网络工程、电子与计算机工程）;市（地）级及以下直属机构综合管理类","用人司局：国家统计局河北调查总队
职位简介：从事信息化建设、数据处理、一线统计专业调查、统计分析研究等工作
专业要求：统计学类（限以下专业：统计学、 应用统计学）、计算机类（限以下专业：计算机科学与技术、软件工程、网络工程、电子与计算机工程）
学历要求：仅限本科
学位要求：学士
政治面貌：不限
基层工作经历：无限制
考试类别：市（地）级及以下直属机构综合管理类
备注：须以最高学历所学主修专业报考；最低服务年限为5年(含试用期）。经常下乡，条件艰苦；限男性。","https://www.xjhc.gov.cn/xjhc/c116834/202410/a29382e11a674da3be3353af65f9fcc5.shtml#137103-400110137024","2024-10-14","{""dataset_year"":2025,""job_uid"":""GOV-2025-137103-400110137024"",""publisher"":""国家公务员局"",""publication_page"":""https://www.xjhc.gov.cn/xjhc/c116834/202410/a29382e11a674da3be3353af65f9fcc5.shtml"",""attachment_url"":""https://www.xjhc.gov.cn/xjhc/c116834/202410/a29382e11a674da3be3353af65f9fcc5/files/0536cef86e2b46ddad6aae5a3780089e.xls"",""local_source_file"":""2025_guokao_zhaokaojianzhang.xls"",""local_source_sha256"":""07ae6cab368cd21b7a1ac3e8150fe9a3d39ad5171ce76135ff3cccfe50c3e77e"",""source_sheet"":""中央国家行政机关参照公务员法管理事业单位"",""filter_version"":""government_tech_v2"",""tech_filter"":{""is_tech"":true,""is_core_tech"":true,""scope"":""core"",""categories"":[""computer_software"",""data_ai""],""matched_fields"":[""major"",""description""],""major_terms"":[""网络工程"",""计算机"",""计算机科学与技术"",""计算机类"",""软件工程""],""role_terms"":[""信息化"",""数据处理""],""reason"":""tech_major_and_role""},""original"":{""部门代码"":""137103"",""部门名称"":""国家统计局河北调查总队"",""用人司局"":""国家统计局河北调查总队"",""机构性质"":""中央国家行政机关参照公务员法管理事业单位"",""招考职位"":""昌黎调查队一级科员（1）"",""职位属性"":""普通职位"",""职位分布"":""其他职位"",""职位简介"":""从事信息化建设、数据处理、一线统计专业调查、统计分析研究等工作"",""职位代码"":""400110137024"",""机构层级"":""县（区）级及以下"",""考试类别"":""市（地）级及以下直属机构综合管理类"",""招考人数"":""1"",""专业"":""统计学类（限以下专业：统计学、 应用统计学）、计算机类（限以下专业：计算机科学与技术、软件工程、网络工程、电子与计算机工程）"",""学历"":""仅限本科"",""学位"":""学士"",""政治面貌"":""不限"",""基层工作最低年限"":""无限制"",""服务基层项目工作经历"":""无限制"",""是否在面试阶段组织专业能力测试"":""否"",""面试人员比例"":""3:1"",""工作地点"":""河北省秦皇岛市昌黎县"",""落户地点"":""河北省秦皇岛市昌黎县"",""备注"":""须以最高学历所学主修专业报考；最低服务年限为5年(含试用期）。经常下乡，条件艰苦；限男性。"",""部门网站"":""无"",""咨询电话1"":""0311-86955093"",""咨询电话2"":""0311-86955089"",""咨询电话3"":""0311-86955965"",""来源Sheet"":""中央国家行政机关参照公务员法管理事业单位""}}"
"government_jobs","国家公务员2025招考简章","公务员/事业单位技术岗位","河北省秦皇岛市昌黎县","2026-07-28T09:12:58.310295+00:00","昌黎调查队一级科员（2）","国家统计局河北调查总队","","河北省秦皇岛市昌黎县","公务员/事业单位;2025;computer_software;data_ai;仅限本科;学士;统计学类（限以下专业：统计学、 应用统计学）、计算机类（限以下专业：计算机科学与技术、软件工程、网络工程、电子与计算机工程）;市（地）级及以下直属机构综合管理类","用人司局：国家统计局河北调查总队
职位简介：从事信息化建设、数据处理、一线统计专业调查、统计分析研究等工作
专业要求：统计学类（限以下专业：统计学、 应用统计学）、计算机类（限以下专业：计算机科学与技术、软件工程、网络工程、电子与计算机工程）
学历要求：仅限本科
学位要求：学士
政治面貌：不限
基层工作经历：无限制
考试类别：市（地）级及以下直属机构综合管理类
备注：须以最高学历所学主修专业报考；最低服务年限为5年(含试用期）。经常下乡，条件艰苦；限女性。","https://www.xjhc.gov.cn/xjhc/c116834/202410/a29382e11a674da3be3353af65f9fcc5.shtml#137103-400110137025","2024-10-14","{""dataset_year"":2025,""job_uid"":""GOV-2025-137103-400110137025"",""publisher"":""国家公务员局"",""publication_page"":""https://www.xjhc.gov.cn/xjhc/c116834/202410/a29382e11a674da3be3353af65f9fcc5.shtml"",""attachment_url"":""https://www.xjhc.gov.cn/xjhc/c116834/202410/a29382e11a674da3be3353af65f9fcc5/files/0536cef86e2b46ddad6aae5a3780089e.xls"",""local_source_file"":""2025_guokao_zhaokaojianzhang.xls"",""local_source_sha256"":""07ae6cab368cd21b7a1ac3e8150fe9a3d39ad5171ce76135ff3cccfe50c3e77e"",""source_sheet"":""中央国家行政机关参照公务员法管理事业单位"",""filter_version"":""government_tech_v2"",""tech_filter"":{""is_tech"":true,""is_core_tech"":true,""scope"":""core"",""categories"":[""computer_software"",""data_ai""],""matched_fields"":[""major"",""description""],""major_terms"":[""网络工程"",""计算机"",""计算机科学与技术"",""计算机类"",""软件工程""],""role_terms"":[""信息化"",""数据处理""],""reason"":""tech_major_and_role""},""original"":{""部门代码"":""137103"",""部门名称"":""国家统计局河北调查总队"",""用人司局"":""国家统计局河北调查总队"",""机构性质"":""中央国家行政机关参照公务员法管理事业单位"",""招考职位"":""昌黎调查队一级科员（2）"",""职位属性"":""普通职位"",""职位分布"":""其他职位"",""职位简介"":""从事信息化建设、数据处理、一线统计专业调查、统计分析研究等工作"",""职位代码"":""400110137025"",""机构层级"":""县（区）级及以下"",""考试类别"":""市（地）级及以下直属机构综合管理类"",""招考人数"":""1"",""专业"":""统计学类（限以下专业：统计学、 应用统计学）、计算机类（限以下专业：计算机科学与技术、软件工程、网络工程、电子与计算机工程）"",""学历"":""仅限本科"",""学位"":""学士"",""政治面貌"":""不限"",""基层工作最低年限"":""无限制"",""服务基层项目工作经历"":""无限制"",""是否在面试阶段组织专业能力测试"":""否"",""面试人员比例"":""3:1"",""工作地点"":""河北省秦皇岛市昌黎县"",""落户地点"":""河北省秦皇岛市昌黎县"",""备注"":""须以最高学历所学主修专业报考；最低服务年限为5年(含试用期）。经常下乡，条件艰苦；限女性。"",""部门网站"":""无"",""咨询电话1"":""0311-86955093"",""咨询电话2"":""0311-86955089"",""咨询电话3"":""0311-86955965"",""来源Sheet"":""中央国家行政机关参照公务员法管理事业单位""}}"
"government_jobs","国家公务员2025招考简章","公务员/事业单位技术岗位","河北省唐山市遵化市","2026-07-28T09:12:58.310295+00:00","遵化调查队一级科员（2）","国家统计局河北调查总队","","河北省唐山市遵化市","公务员/事业单位;2025;computer_software;data_ai;仅限本科;学士;计算机类（限以下专业：计算机科学与技术、软件工程、网络工程、电子与计算机工程）、统计学类（限以下专业：统计学、 应用统计学）;市（地）级及以下直属机构综合管理类","用人司局：国家统计局河北调查总队
职位简介：从事信息化建设、数据处理、一线统计专业调查、统计分析研究等工作
专业要求：计算机类（限以下专业：计算机科学与技术、软件工程、网络工程、电子与计算机工程）、统计学类（限以下专业：统计学、 应用统计学）
学历要求：仅限本科
学位要求：学士
政治面貌：不限
基层工作经历：无限制
考试类别：市（地）级及以下直属机构综合管理类
备注：须以最高学历所学主修专业报考；最低服务年限为5年(含试用期）。","https://www.xjhc.gov.cn/xjhc/c116834/202410/a29382e11a674da3be3353af65f9fcc5.shtml#137103-400110137027","2024-10-14","{""dataset_year"":2025,""job_uid"":""GOV-2025-137103-400110137027"",""publisher"":""国家公务员局"",""publication_page"":""https://www.xjhc.gov.cn/xjhc/c116834/202410/a29382e11a674da3be3353af65f9fcc5.shtml"",""attachment_url"":""https://www.xjhc.gov.cn/xjhc/c116834/202410/a29382e11a674da3be3353af65f9fcc5/files/0536cef86e2b46ddad6aae5a3780089e.xls"",""local_source_file"":""2025_guokao_zhaokaojianzhang.xls"",""local_source_sha256"":""07ae6cab368cd21b7a1ac3e8150fe9a3d39ad5171ce76135ff3cccfe50c3e77e"",""source_sheet"":""中央国家行政机关参照公务员法管理事业单位"",""filter_version"":""government_tech_v2"",""tech_filter"":{""is_tech"":true,""is_core_tech"":true,""scope"":""core"",""categories"":[""computer_software"",""data_ai""],""matched_fields"":[""major"",""description""],""major_terms"":[""网络工程"",""计算机"",""计算机科学与技术"",""计算机类"",""软件工程""],""role_terms"":[""信息化"",""数据处理""],""reason"":""tech_major_and_role""},""original"":{""部门代码"":""137103"",""部门名称"":""国家统计局河北调查总队"",""用人司局"":""国家统计局河北调查总队"",""机构性质"":""中央国家行政机关参照公务员法管理事业单位"",""招考职位"":""遵化调查队一级科员（2）"",""职位属性"":""普通职位"",""职位分布"":""其他职位"",""职位简介"":""从事信息化建设、数据处理、一线统计专业调查、统计分析研究等工作"",""职位代码"":""400110137027"",""机构层级"":""县（区）级及以下"",""考试类别"":""市（地）级及以下直属机构综合管理类"",""招考人数"":""1"",""专业"":""计算机类（限以下专业：计算机科学与技术、软件工程、网络工程、电子与计算机工程）、统计学类（限以下专业：统计学、 应用统计学）"",""学历"":""仅限本科"",""学位"":""学士"",""政治面貌"":""不限"",""基层工作最低年限"":""无限制"",""服务基层项目工作经历"":""无限制"",""是否在面试阶段组织专业能力测试"":""否"",""面试人员比例"":""3:1"",""工作地点"":""河北省唐山市遵化市"",""落户地点"":""河北省唐山市遵化市"",""备注"":""须以最高学历所学主修专业报考；最低服务年限为5年(含试用期）。"",""部门网站"":""无"",""咨询电话1"":""0311-86955093"",""咨询电话2"":""0311-86955089"",""咨询电话3"":""0311-86955965"",""来源Sheet"":""中央国家行政机关参照公务员法管理事业单位""}}"
"government_jobs","国家公务员2025招考简章","公务员/事业单位技术岗位","河北省唐山市迁安市","2026-07-28T09:12:58.310295+00:00","迁安调查队一级科员","国家统计局河北调查总队","","河北省唐山市迁安市","公务员/事业单位;2025;computer_software;data_ai;仅限本科;学士;计算机类（限以下专业：计算机科学与技术、软件工程、网络工程、电子与计算机工程）;市（地）级及以下直属机构综合管理类","用人司局：国家统计局河北调查总队
职位简介：从事信息化建设、数据处理、统计调查业务等工作
专业要求：计算机类（限以下专业：计算机科学与技术、软件工程、网络工程、电子与计算机工程）
学历要求：仅限本科
学位要求：学士
政治面貌：不限
基层工作经历：无限制
考试类别：市（地）级及以下直属机构综合管理类
备注：应届高校毕业生；须以最高学历所学主修专业报考；最低服务年限为5年(含试用期）。","https://www.xjhc.gov.cn/xjhc/c116834/202410/a29382e11a674da3be3353af65f9fcc5.shtml#137103-400110137030","2024-10-14","{""dataset_year"":2025,""job_uid"":""GOV-2025-137103-400110137030"",""publisher"":""国家公务员局"",""publication_page"":""https://www.xjhc.gov.cn/xjhc/c116834/202410/a29382e11a674da3be3353af65f9fcc5.shtml"",""attachment_url"":""https://www.xjhc.gov.cn/xjhc/c116834/202410/a29382e11a674da3be3353af65f9fcc5/files/0536cef86e2b46ddad6aae5a3780089e.xls"",""local_source_file"":""2025_guokao_zhaokaojianzhang.xls"",""local_source_sha256"":""07ae6cab368cd21b7a1ac3e8150fe9a3d39ad5171ce76135ff3cccfe50c3e77e"",""source_sheet"":""中央国家行政机关参照公务员法管理事业单位"",""filter_version"":""government_tech_v2"",""tech_filter"":{""is_tech"":true,""is_core_tech"":true,""scope"":""core"",""categories"":[""computer_software"",""data_ai""],""matched_fields"":[""major"",""description""],""major_terms"":[""网络工程"",""计算机"",""计算机科学与技术"",""计算机类"",""软件工程""],""role_terms"":[""信息化"",""数据处理""],""reason"":""tech_major_and_role""},""original"":{""部门代码"":""137103"",""部门名称"":""国家统计局河北调查总队"",""用人司局"":""国家统计局河北调查总队"",""机构性质"":""中央国家行政机关参照公务员法管理事业单位"",""招考职位"":""迁安调查队一级科员"",""职位属性"":""普通职位"",""职位分布"":""其他职位"",""职位简介"":""从事信息化建设、数据处理、统计调查业务等工作"",""职位代码"":""400110137030"",""机构层级"":""县（区）级及以下"",""考试类别"":""市（地）级及以下直属机构综合管理类"",""招考人数"":""1"",""专业"":""计算机类（限以下专业：计算机科学与技术、软件工程、网络工程、电子与计算机工程）"",""学历"":""仅限本科"",""学位"":""学士"",""政治面貌"":""不限"",""基层工作最低年限"":""无限制"",""服务基层项目工作经历"":""无限制"",""是否在面试阶段组织专业能力测试"":""否"",""面试人员比例"":""3:1"",""工作地点"":""河北省唐山市迁安市"",""落户地点"":""河北省唐山市迁安市"",""备注"":""应届高校毕业生；须以最高学历所学主修专业报考；最低服务年限为5年(含试用期）。"",""部门网站"":""无"",""咨询电话1"":""0311-86955093"",""咨询电话2"":""0311-86955089"",""咨询电话3"":""0311-86955965"",""来源Sheet"":""中央国家行政机关参照公务员法管理事业单位""}}"
"government_jobs","国家公务员2025招考简章","公务员/事业单位技术岗位","河北省保定市易县","2026-07-28T09:12:58.310295+00:00","易县调查队一级科员（1）","国家统计局河北调查总队","","河北省保定市易县","公务员/事业单位;2025;data_ai;仅限本科;学士;数学类（限以下专业：数学与应用数学、信息与计算科学、数理基础科学、数据计算及应用）;市（地）级及以下直属机构综合管理类","用人司局：国家统计局河北调查总队
职位简介：从事一线入户调查、数据处理、统计分析、统计研究等工作
专业要求：数学类（限以下专业：数学与应用数学、信息与计算科学、数理基础科学、数据计算及应用）
学历要求：仅限本科
学位要求：学士
政治面貌：中共党员
基层工作经历：无限制
考试类别：市（地）级及以下直属机构综合管理类
备注：应届高校毕业生；须以最高学历所学主修专业报考；最低服务年限为5年(含试用期）。","https://www.xjhc.gov.cn/xjhc/c116834/202410/a29382e11a674da3be3353af65f9fcc5.shtml#137103-400110137034","2024-10-14","{""dataset_year"":2025,""job_uid"":""GOV-2025-137103-400110137034"",""publisher"":""国家公务员局"",""publication_page"":""https://www.xjhc.gov.cn/xjhc/c116834/202410/a29382e11a674da3be3353af65f9fcc5.shtml"",""attachment_url"":""https://www.xjhc.gov.cn/xjhc/c116834/202410/a29382e11a674da3be3353af65f9fcc5/files/0536cef86e2b46ddad6aae5a3780089e.xls"",""local_source_file"":""2025_guokao_zhaokaojianzhang.xls"",""local_source_sha256"":""07ae6cab368cd21b7a1ac3e8150fe9a3d39ad5171ce76135ff3cccfe50c3e77e"",""source_sheet"":""中央国家行政机关参照公务员法管理事业单位"",""filter_version"":""government_tech_v2"",""tech_filter"":{""is_tech"":true,""is_core_tech"":true,""scope"":""core"",""categories"":[""data_ai""],""matched_fields"":[""description""],""major_terms"":[],""role_terms"":[""数据处理""],""reason"":""tech_role""},""original"":{""部门代码"":""137103"",""部门名称"":""国家统计局河北调查总队"",""用人司局"":""国家统计局河北调查总队"",""机构性质"":""中央国家行政机关参照公务员法管理事业单位"",""招考职位"":""易县调查队一级科员（1）"",""职位属性"":""普通职位"",""职位分布"":""其他职位"",""职位简介"":""从事一线入户调查、数据处理、统计分析、统计研究等工作"",""职位代码"":""400110137034"",""机构层级"":""县（区）级及以下"",""考试类别"":""市（地）级及以下直属机构综合管理类"",""招考人数"":""1"",""专业"":""数学类（限以下专业：数学与应用数学、信息与计算科学、数理基础科学、数据计算及应用）"",""学历"":""仅限本科"",""学位"":""学士"",""政治面貌"":""中共党员"",""基层工作最低年限"":""无限制"",""服务基层项目工作经历"":""无限制"",""是否在面试阶段组织专业能力测试"":""否"",""面试人员比例"":""3:1"",""工作地点"":""河北省保定市易县"",""落户地点"":""河北省保定市易县"",""备注"":""应届高校毕业生；须以最高学历所学主修专业报考；最低服务年限为5年(含试用期）。"",""部门网站"":""无"",""咨询电话1"":""0311-86955093"",""咨询电话2"":""0311-86955089"",""咨询电话3"":""0311-86955965"",""来源Sheet"":""中央国家行政机关参照公务员法管理事业单位""}}"
"government_jobs","国家公务员2025招考简章","公务员/事业单位技术岗位","河北省保定市易县","2026-07-28T09:12:58.310295+00:00","易县调查队一级科员（2）","国家统计局河北调查总队","","河北省保定市易县","公务员/事业单位;2025;computer_software;data_ai;仅限本科;学士;中国语言文学类（不含中国少数民族语言文学、手语翻译）、统计学类、计算机类（不含电影制作、服务科学与工程、虚拟现实技术、区块链工程）、数学类、工商管理类（不含物业管理、文化产业管理、体育经济与管理、零售业管理、创业管理、海关稽查）;市（地）级及以下直属机构综合管理类","用人司局：国家统计局河北调查总队
职位简介：从事一线入户调查、数据处理、统计分析、统计研究等工作
专业要求：中国语言文学类（不含中国少数民族语言文学、手语翻译）、统计学类、计算机类（不含电影制作、服务科学与工程、虚拟现实技术、区块链工程）、数学类、工商管理类（不含物业管理、文化产业管理、体育经济与管理、零售业管理、创业管理、海关稽查）
学历要求：仅限本科
学位要求：学士
政治面貌：不限
基层工作经历：二年
考试类别：市（地）级及以下直属机构综合管理类
备注：服务期满，考核合格；须以最高学历所学主修专业报考；最低服务年限为5年(含试用期）；经常下乡，条件艰苦。","https://www.xjhc.gov.cn/xjhc/c116834/202410/a29382e11a674da3be3353af65f9fcc5.shtml#137103-400110137035","2024-10-14","{""dataset_year"":2025,""job_uid"":""GOV-2025-137103-400110137035"",""publisher"":""国家公务员局"",""publication_page"":""https://www.xjhc.gov.cn/xjhc/c116834/202410/a29382e11a674da3be3353af65f9fcc5.shtml"",""attachment_url"":""https://www.xjhc.gov.cn/xjhc/c116834/202410/a29382e11a674da3be3353af65f9fcc5/files/0536cef86e2b46ddad6aae5a3780089e.xls"",""local_source_file"":""2025_guokao_zhaokaojianzhang.xls"",""local_source_sha256"":""07ae6cab368cd21b7a1ac3e8150fe9a3d39ad5171ce76135ff3cccfe50c3e77e"",""source_sheet"":""中央国家行政机关参照公务员法管理事业单位"",""filter_version"":""government_tech_v2"",""tech_filter"":{""is_tech"":true,""is_core_tech"":true,""scope"":""core"",""categories"":[""computer_software"",""data_ai""],""matched_fields"":[""major"",""description""],""major_terms"":[""区块链工程"",""虚拟现实技术"",""计算机类""],""role_terms"":[""数据处理""],""reason"":""tech_major_and_role""},""original"":{""部门代码"":""137103"",""部门名称"":""国家统计局河北调查总队"",""用人司局"":""国家统计局河北调查总队"",""机构性质"":""中央国家行政机关参照公务员法管理事业单位"",""招考职位"":""易县调查队一级科员（2）"",""职位属性"":""普通职位"",""职位分布"":""其他职位"",""职位简介"":""从事一线入户调查、数据处理、统计分析、统计研究等工作"",""职位代码"":""400110137035"",""机构层级"":""县（区）级及以下"",""考试类别"":""市（地）级及以下直属机构综合管理类"",""招考人数"":""1"",""专业"":""中国语言文学类（不含中国少数民族语言文学、手语翻译）、统计学类、计算机类（不含电影制作、服务科学与工程、虚拟现实技术、区块链工程）、数学类、工商管理类（不含物业管理、文化产业管理、体育经济与管理、零售业管理、创业管理、海关稽查）"",""学历"":""仅限本科"",""学位"":""学士"",""政治面貌"":""不限"",""基层工作最低年限"":""二年"",""服务基层项目工作经历"":""大学生村官、“三支一扶”计划"",""是否在面试阶段组织专业能力测试"":""否"",""面试人员比例"":""3:1"",""工作地点"":""河北省保定市易县"",""落户地点"":""河北省保定市易县"",""备注"":""服务期满，考核合格；须以最高学历所学主修专业报考；最低服务年限为5年(含试用期）；经常下乡，条件艰苦。"",""部门网站"":""无"",""咨询电话1"":""0311-86955093"",""咨询电话2"":""0311-86955089"",""咨询电话3"":""0311-86955965"",""来源Sheet"":""中央国家行政机关参照公务员法管理事业单位""}}"
"government_jobs","国家公务员2025招考简章","公务员/事业单位技术岗位","河北省沧州市东光县","2026-07-28T09:12:58.310295+00:00","东光调查队一级科员（1）","国家统计局河北调查总队","","河北省沧州市东光县","公务员/事业单位;2025;computer_software;data_ai;仅限本科;学士;计算机类（限以下专业：计算机科学与技术、软件工程、网络工程、电子与计算机工程、数据科学与大数据技术）;市（地）级及以下直属机构综合管理类","用人司局：国家统计局河北调查总队
职位简介：从事一线统计专业调查、数据处理、统计分析、统计研究等工作
专业要求：计算机类（限以下专业：计算机科学与技术、软件工程、网络工程、电子与计算机工程、数据科学与大数据技术）
学历要求：仅限本科
学位要求：学士
政治面貌：不限
基层工作经历：无限制
考试类别：市（地）级及以下直属机构综合管理类
备注：应届高校毕业生；须以最高学历所学主修专业报考；最低服务年限为5年(含试用期）。","https://www.xjhc.gov.cn/xjhc/c116834/202410/a29382e11a674da3be3353af65f9fcc5.shtml#137103-400110137038","2024-10-14","{""dataset_year"":2025,""job_uid"":""GOV-2025-137103-400110137038"",""publisher"":""国家公务员局"",""publication_page"":""https://www.xjhc.gov.cn/xjhc/c116834/202410/a29382e11a674da3be3353af65f9fcc5.shtml"",""attachment_url"":""https://www.xjhc.gov.cn/xjhc/c116834/202410/a29382e11a674da3be3353af65f9fcc5/files/0536cef86e2b46ddad6aae5a3780089e.xls"",""local_source_file"":""2025_guokao_zhaokaojianzhang.xls"",""local_source_sha256"":""07ae6cab368cd21b7a1ac3e8150fe9a3d39ad5171ce76135ff3cccfe50c3e77e"",""source_sheet"":""中央国家行政机关参照公务员法管理事业单位"",""filter_version"":""government_tech_v2"",""tech_filter"":{""is_tech"":true,""is_core_tech"":true,""scope"":""core"",""categories"":[""computer_software"",""data_ai""],""matched_fields"":[""major"",""description""],""major_terms"":[""大数据"",""数据科学与大数据技术"",""网络工程"",""计算机"",""计算机科学与技术"",""计算机类"",""软件工程""],""role_terms"":[""数据处理""],""reason"":""tech_major_and_role""},""original"":{""部门代码"":""137103"",""部门名称"":""国家统计局河北调查总队"",""用人司局"":""国家统计局河北调查总队"",""机构性质"":""中央国家行政机关参照公务员法管理事业单位"",""招考职位"":""东光调查队一级科员（1）"",""职位属性"":""普通职位"",""职位分布"":""其他职位"",""职位简介"":""从事一线统计专业调查、数据处理、统计分析、统计研究等工作"",""职位代码"":""400110137038"",""机构层级"":""县（区）级及以下"",""考试类别"":""市（地）级及以下直属机构综合管理类"",""招考人数"":""1"",""专业"":""计算机类（限以下专业：计算机科学与技术、软件工程、网络工程、电子与计算机工程、数据科学与大数据技术）"",""学历"":""仅限本科"",""学位"":""学士"",""政治面貌"":""不限"",""基层工作最低年限"":""无限制"",""服务基层项目工作经历"":""无限制"",""是否在面试阶段组织专业能力测试"":""否"",""面试人员比例"":""3:1"",""工作地点"":""河北省沧州市东光县"",""落户地点"":""河北省沧州市东光县"",""备注"":""应届高校毕业生；须以最高学历所学主修专业报考；最低服务年限为5年(含试用期）。"",""部门网站"":""无"",""咨询电话1"":""0311-86955093"",""咨询电话2"":""0311-86955089"",""咨询电话3"":""0311-86955965"",""来源Sheet"":""中央国家行政机关参照公务员法管理事业单位""}}"
"government_jobs","国家公务员2025招考简章","公务员/事业单位技术岗位","河北省沧州市东光县","2026-07-28T09:12:58.310295+00:00","东光调查队一级科员（2）","国家统计局河北调查总队","","河北省沧州市东光县","公务员/事业单位;2025;computer_software;data_ai;仅限本科;学士;中国语言文学类（不含中国少数民族语言文学、手语翻译）、统计学类、计算机类（不含电影制作、服务科学与工程、虚拟现实技术、区块链工程）、数学类、工商管理类（不含物业管理、文化产业管理、体育经济与管理、零售业管理、创业管理、海关稽查）;市（地）级及以下直属机构综合管理类","用人司局：国家统计局河北调查总队
职位简介：从事一线入户调查、数据处理、统计分析、统计研究、公文处理等工作
专业要求：中国语言文学类（不含中国少数民族语言文学、手语翻译）、统计学类、计算机类（不含电影制作、服务科学与工程、虚拟现实技术、区块链工程）、数学类、工商管理类（不含物业管理、文化产业管理、体育经济与管理、零售业管理、创业管理、海关稽查）
学历要求：仅限本科
学位要求：学士
政治面貌：不限
基层工作经历：二年
考试类别：市（地）级及以下直属机构综合管理类
备注：服务期满，考核合格；须以最高学历所学主修专业报考；最低服务年限为5年(含试用期）；经常下乡，条件艰苦。","https://www.xjhc.gov.cn/xjhc/c116834/202410/a29382e11a674da3be3353af65f9fcc5.shtml#137103-400110137039","2024-10-14","{""dataset_year"":2025,""job_uid"":""GOV-2025-137103-400110137039"",""publisher"":""国家公务员局"",""publication_page"":""https://www.xjhc.gov.cn/xjhc/c116834/202410/a29382e11a674da3be3353af65f9fcc5.shtml"",""attachment_url"":""https://www.xjhc.gov.cn/xjhc/c116834/202410/a29382e11a674da3be3353af65f9fcc5/files/0536cef86e2b46ddad6aae5a3780089e.xls"",""local_source_file"":""2025_guokao_zhaokaojianzhang.xls"",""local_source_sha256"":""07ae6cab368cd21b7a1ac3e8150fe9a3d39ad5171ce76135ff3cccfe50c3e77e"",""source_sheet"":""中央国家行政机关参照公务员法管理事业单位"",""filter_version"":""government_tech_v2"",""tech_filter"":{""is_tech"":true,""is_core_tech"":true,""scope"":""core"",""categories"":[""computer_software"",""data_ai""],""matched_fields"":[""major"",""description""],""major_terms"":[""区块链工程"",""虚拟现实技术"",""计算机类""],""role_terms"":[""数据处理""],""reason"":""tech_major_and_role""},""original"":{""部门代码"":""137103"",""部门名称"":""国家统计局河北调查总队"",""用人司局"":""国家统计局河北调查总队"",""机构性质"":""中央国家行政机关参照公务员法管理事业单位"",""招考职位"":""东光调查队一级科员（2）"",""职位属性"":""普通职位"",""职位分布"":""其他职位"",""职位简介"":""从事一线入户调查、数据处理、统计分析、统计研究、公文处理等工作"",""职位代码"":""400110137039"",""机构层级"":""县（区）级及以下"",""考试类别"":""市（地）级及以下直属机构综合管理类"",""招考人数"":""1"",""专业"":""中国语言文学类（不含中国少数民族语言文学、手语翻译）、统计学类、计算机类（不含电影制作、服务科学与工程、虚拟现实技术、区块链工程）、数学类、工商管理类（不含物业管理、文化产业管理、体育经济与管理、零售业管理、创业管理、海关稽查）"",""学历"":""仅限本科"",""学位"":""学士"",""政治面貌"":""不限"",""基层工作最低年限"":""二年"",""服务基层项目工作经历"":""大学生村官、“三支一扶”计划"",""是否在面试阶段组织专业能力测试"":""否"",""面试人员比例"":""3:1"",""工作地点"":""河北省沧州市东光县"",""落户地点"":""河北省沧州市东光县"",""备注"":""服务期满，考核合格；须以最高学历所学主修专业报考；最低服务年限为5年(含试用期）；经常下乡，条件艰苦。"",""部门网站"":""无"",""咨询电话1"":""0311-86955093"",""咨询电话2"":""0311-86955089"",""咨询电话3"":""0311-86955965"",""来源Sheet"":""中央国家行政机关参照公务员法管理事业单位""}}"
"government_jobs","国家公务员2025招考简章","公务员/事业单位技术岗位","河北省衡水市冀州区","2026-07-28T09:12:58.310295+00:00","冀州调查队一级科员（1）","国家统计局河北调查总队","","河北省衡水市冀州区","公务员/事业单位;2025;computer_software;data_ai;仅限本科;学士;计算机类（限以下专业：计算机科学与技术、软件工程、网络工程、电子与计算机工程、数据科学与大数据技术）;市（地）级及以下直属机构综合管理类","用人司局：国家统计局河北调查总队
职位简介：从事信息化建设、一线入户调查、数据处理、统计分析、统计研究、公文处理等工作
专业要求：计算机类（限以下专业：计算机科学与技术、软件工程、网络工程、电子与计算机工程、数据科学与大数据技术）
学历要求：仅限本科
学位要求：学士
政治面貌：不限
基层工作经历：无限制
考试类别：市（地）级及以下直属机构综合管理类
备注：应届高校毕业生；须以最高学历所学主修专业报考；最低服务年限为5年(含试用期）。","https://www.xjhc.gov.cn/xjhc/c116834/202410/a29382e11a674da3be3353af65f9fcc5.shtml#137103-400110137042","2024-10-14","{""dataset_year"":2025,""job_uid"":""GOV-2025-137103-400110137042"",""publisher"":""国家公务员局"",""publication_page"":""https://www.xjhc.gov.cn/xjhc/c116834/202410/a29382e11a674da3be3353af65f9fcc5.shtml"",""attachment_url"":""https://www.xjhc.gov.cn/xjhc/c116834/202410/a29382e11a674da3be3353af65f9fcc5/files/0536cef86e2b46ddad6aae5a3780089e.xls"",""local_source_file"":""2025_guokao_zhaokaojianzhang.xls"",""local_source_sha256"":""07ae6cab368cd21b7a1ac3e8150fe9a3d39ad5171ce76135ff3cccfe50c3e77e"",""source_sheet"":""中央国家行政机关参照公务员法管理事业单位"",""filter_version"":""government_tech_v2"",""tech_filter"":{""is_tech"":true,""is_core_tech"":true,""scope"":""core"",""categories"":[""computer_software"",""data_ai""],""matched_fields"":[""major"",""description""],""major_terms"":[""大数据"",""数据科学与大数据技术"",""网络工程"",""计算机"",""计算机科学与技术"",""计算机类"",""软件工程""],""role_terms"":[""信息化"",""数据处理""],""reason"":""tech_major_and_role""},""original"":{""部门代码"":""137103"",""部门名称"":""国家统计局河北调查总队"",""用人司局"":""国家统计局河北调查总队"",""机构性质"":""中央国家行政机关参照公务员法管理事业单位"",""招考职位"":""冀州调查队一级科员（1）"",""职位属性"":""普通职位"",""职位分布"":""其他职位"",""职位简介"":""从事信息化建设、一线入户调查、数据处理、统计分析、统计研究、公文处理等工作"",""职位代码"":""400110137042"",""机构层级"":""县（区）级及以下"",""考试类别"":""市（地）级及以下直属机构综合管理类"",""招考人数"":""1"",""专业"":""计算机类（限以下专业：计算机科学与技术、软件工程、网络工程、电子与计算机工程、数据科学与大数据技术）"",""学历"":""仅限本科"",""学位"":""学士"",""政治面貌"":""不限"",""基层工作最低年限"":""无限制"",""服务基层项目工作经历"":""无限制"",""是否在面试阶段组织专业能力测试"":""否"",""面试人员比例"":""3:1"",""工作地点"":""河北省衡水市冀州区"",""落户地点"":""河北省衡水市冀州区"",""备注"":""应届高校毕业生；须以最高学历所学主修专业报考；最低服务年限为5年(含试用期）。"",""部门网站"":""无"",""咨询电话1"":""0311-86955093"",""咨询电话2"":""0311-86955089"",""咨询电话3"":""0311-86955965"",""来源Sheet"":""中央国家行政机关参照公务员法管理事业单位""}}"
"government_jobs","国家公务员2025招考简章","公务员/事业单位技术岗位","河北省邯郸市魏县","2026-07-28T09:12:58.310295+00:00","魏县调查队一级科员","国家统计局河北调查总队","","河北省邯郸市魏县","公务员/事业单位;2025;computer_software;data_ai;仅限本科;学士;统计学类（限以下专业：统计学、 应用统计学）、计算机类（限以下专业：软件工程、网络工程、电子与计算机工程）;市（地）级及以下直属机构综合管理类","用人司局：国家统计局河北调查总队
职位简介：从事信息化建设、统计调查数据处理、一线入户调查、统计分析、统计研究等工作
专业要求：统计学类（限以下专业：统计学、 应用统计学）、计算机类（限以下专业：软件工程、网络工程、电子与计算机工程）
学历要求：仅限本科
学位要求：学士
政治面貌：不限
基层工作经历：无限制
考试类别：市（地）级及以下直属机构综合管理类
备注：应届高校毕业生；须以最高学历所学主修专业报考；最低服务年限为5年(含试用期）。","https://www.xjhc.gov.cn/xjhc/c116834/202410/a29382e11a674da3be3353af65f9fcc5.shtml#137103-400110137056","2024-10-14","{""dataset_year"":2025,""job_uid"":""GOV-2025-137103-400110137056"",""publisher"":""国家公务员局"",""publication_page"":""https://www.xjhc.gov.cn/xjhc/c116834/202410/a29382e11a674da3be3353af65f9fcc5.shtml"",""attachment_url"":""https://www.xjhc.gov.cn/xjhc/c116834/202410/a29382e11a674da3be3353af65f9fcc5/files/0536cef86e2b46ddad6aae5a3780089e.xls"",""local_source_file"":""2025_guokao_zhaokaojianzhang.xls"",""local_source_sha256"":""07ae6cab368cd21b7a1ac3e8150fe9a3d39ad5171ce76135ff3cccfe50c3e77e"",""source_sheet"":""中央国家行政机关参照公务员法管理事业单位"",""filter_version"":""government_tech_v2"",""tech_filter"":{""is_tech"":true,""is_core_tech"":true,""scope"":""core"",""categories"":[""computer_software"",""data_ai""],""matched_fields"":[""major"",""description""],""major_terms"":[""网络工程"",""计算机"",""计算机类"",""软件工程""],""role_terms"":[""信息化"",""数据处理""],""reason"":""tech_major_and_role""},""original"":{""部门代码"":""137103"",""部门名称"":""国家统计局河北调查总队"",""用人司局"":""国家统计局河北调查总队"",""机构性质"":""中央国家行政机关参照公务员法管理事业单位"",""招考职位"":""魏县调查队一级科员"",""职位属性"":""普通职位"",""职位分布"":""其他职位"",""职位简介"":""从事信息化建设、统计调查数据处理、一线入户调查、统计分析、统计研究等工作"",""职位代码"":""400110137056"",""机构层级"":""县（区）级及以下"",""考试类别"":""市（地）级及以下直属机构综合管理类"",""招考人数"":""1"",""专业"":""统计学类（限以下专业：统计学、 应用统计学）、计算机类（限以下专业：软件工程、网络工程、电子与计算机工程）"",""学历"":""仅限本科"",""学位"":""学士"",""政治面貌"":""不限"",""基层工作最低年限"":""无限制"",""服务基层项目工作经历"":""无限制"",""是否在面试阶段组织专业能力测试"":""否"",""面试人员比例"":""3:1"",""工作地点"":""河北省邯郸市魏县"",""落户地点"":""河北省邯郸市魏县"",""备注"":""应届高校毕业生；须以最高学历所学主修专业报考；最低服务年限为5年(含试用期）。"",""部门网站"":""无"",""咨询电话1"":""0311-86955093"",""咨询电话2"":""0311-86955089"",""咨询电话3"":""0311-86955965"",""来源Sheet"":""中央国家行政机关参照公务员法管理事业单位""}}"
"government_jobs","国家公务员2025招考简章","公务员/事业单位技术岗位","河北省邯郸市鸡泽县","2026-07-28T09:12:58.310295+00:00","鸡泽调查队一级科员（2）","国家统计局河北调查总队","","河北省邯郸市鸡泽县","公务员/事业单位;2025;computer_software;data_ai;仅限本科;学士;中国语言文学类（不含中国少数民族语言文学、手语翻译）、统计学类、计算机类（不含电影制作、服务科学与工程、虚拟现实技术、区块链工程）、数学类、工商管理类（不含物业管理、文化产业管理、体育经济与管理、零售业管理、创业管理、海关稽查）;市（地）级及以下直属机构综合管理类","用人司局：国家统计局河北调查总队
职位简介：从事一线入户调查、数据处理、办公室事务处理、公文撰写、统计分析撰写等工作
专业要求：中国语言文学类（不含中国少数民族语言文学、手语翻译）、统计学类、计算机类（不含电影制作、服务科学与工程、虚拟现实技术、区块链工程）、数学类、工商管理类（不含物业管理、文化产业管理、体育经济与管理、零售业管理、创业管理、海关稽查）
学历要求：仅限本科
学位要求：学士
政治面貌：不限
基层工作经历：二年
考试类别：市（地）级及以下直属机构综合管理类
备注：服务期满，考核合格；须以最高学历所学主修专业报考；最低服务年限为5年(含试用期）；经常下乡，条件艰苦。","https://www.xjhc.gov.cn/xjhc/c116834/202410/a29382e11a674da3be3353af65f9fcc5.shtml#137103-400110137058","2024-10-14","{""dataset_year"":2025,""job_uid"":""GOV-2025-137103-400110137058"",""publisher"":""国家公务员局"",""publication_page"":""https://www.xjhc.gov.cn/xjhc/c116834/202410/a29382e11a674da3be3353af65f9fcc5.shtml"",""attachment_url"":""https://www.xjhc.gov.cn/xjhc/c116834/202410/a29382e11a674da3be3353af65f9fcc5/files/0536cef86e2b46ddad6aae5a3780089e.xls"",""local_source_file"":""2025_guokao_zhaokaojianzhang.xls"",""local_source_sha256"":""07ae6cab368cd21b7a1ac3e8150fe9a3d39ad5171ce76135ff3cccfe50c3e77e"",""source_sheet"":""中央国家行政机关参照公务员法管理事业单位"",""filter_version"":""government_tech_v2"",""tech_filter"":{""is_tech"":true,""is_core_tech"":true,""scope"":""core"",""categories"":[""computer_software"",""data_ai""],""matched_fields"":[""major"",""description""],""major_terms"":[""区块链工程"",""虚拟现实技术"",""计算机类""],""role_terms"":[""数据处理""],""reason"":""tech_major_and_role""},""original"":{""部门代码"":""137103"",""部门名称"":""国家统计局河北调查总队"",""用人司局"":""国家统计局河北调查总队"",""机构性质"":""中央国家行政机关参照公务员法管理事业单位"",""招考职位"":""鸡泽调查队一级科员（2）"",""职位属性"":""普通职位"",""职位分布"":""其他职位"",""职位简介"":""从事一线入户调查、数据处理、办公室事务处理、公文撰写、统计分析撰写等工作"",""职位代码"":""400110137058"",""机构层级"":""县（区）级及以下"",""考试类别"":""市（地）级及以下直属机构综合管理类"",""招考人数"":""1"",""专业"":""中国语言文学类（不含中国少数民族语言文学、手语翻译）、统计学类、计算机类（不含电影制作、服务科学与工程、虚拟现实技术、区块链工程）、数学类、工商管理类（不含物业管理、文化产业管理、体育经济与管理、零售业管理、创业管理、海关稽查）"",""学历"":""仅限本科"",""学位"":""学士"",""政治面貌"":""不限"",""基层工作最低年限"":""二年"",""服务基层项目工作经历"":""大学生村官、“三支一扶”计划"",""是否在面试阶段组织专业能力测试"":""否"",""面试人员比例"":""3:1"",""工作地点"":""河北省邯郸市鸡泽县"",""落户地点"":""河北省邯郸市鸡泽县"",""备注"":""服务期满，考核合格；须以最高学历所学主修专业报考；最低服务年限为5年(含试用期）；经常下乡，条件艰苦。"",""部门网站"":""无"",""咨询电话1"":""0311-86955093"",""咨询电话2"":""0311-86955089"",""咨询电话3"":""0311-86955965"",""来源Sheet"":""中央国家行政机关参照公务员法管理事业单位""}}"
"government_jobs","国家公务员2025招考简章","公务员/事业单位技术岗位","河北省唐山市乐亭县","2026-07-28T09:12:58.310295+00:00","乐亭调查队一级科员（1）","国家统计局河北调查总队","","河北省唐山市乐亭县","公务员/事业单位;2025;computer_software;data_ai;仅限本科;学士;计算机类（限以下专业：计算机科学与技术、软件工程、网络工程、电子与计算机工程）、统计学类（限以下专业：统计学、 应用统计学）;市（地）级及以下直属机构综合管理类","用人司局：国家统计局河北调查总队
职位简介：从事信息化建设、数据处理、一线统计专业调查、统计分析研究等工作
专业要求：计算机类（限以下专业：计算机科学与技术、软件工程、网络工程、电子与计算机工程）、统计学类（限以下专业：统计学、 应用统计学）
学历要求：仅限本科
学位要求：学士
政治面貌：不限
基层工作经历：无限制
考试类别：市（地）级及以下直属机构综合管理类
备注：须以最高学历所学主修专业报考；最低服务年限为5年(含试用期）；限男性。","https://www.xjhc.gov.cn/xjhc/c116834/202410/a29382e11a674da3be3353af65f9fcc5.shtml#137103-400110137062","2024-10-14","{""dataset_year"":2025,""job_uid"":""GOV-2025-137103-400110137062"",""publisher"":""国家公务员局"",""publication_page"":""https://www.xjhc.gov.cn/xjhc/c116834/202410/a29382e11a674da3be3353af65f9fcc5.shtml"",""attachment_url"":""https://www.xjhc.gov.cn/xjhc/c116834/202410/a29382e11a674da3be3353af65f9fcc5/files/0536cef86e2b46ddad6aae5a3780089e.xls"",""local_source_file"":""2025_guokao_zhaokaojianzhang.xls"",""local_source_sha256"":""07ae6cab368cd21b7a1ac3e8150fe9a3d39ad5171ce76135ff3cccfe50c3e77e"",""source_sheet"":""中央国家行政机关参照公务员法管理事业单位"",""filter_version"":""government_tech_v2"",""tech_filter"":{""is_tech"":true,""is_core_tech"":true,""scope"":""core"",""categories"":[""computer_software"",""data_ai""],""matched_fields"":[""major"",""description""],""major_terms"":[""网络工程"",""计算机"",""计算机科学与技术"",""计算机类"",""软件工程""],""role_terms"":[""信息化"",""数据处理""],""reason"":""tech_major_and_role""},""original"":{""部门代码"":""137103"",""部门名称"":""国家统计局河北调查总队"",""用人司局"":""国家统计局河北调查总队"",""机构性质"":""中央国家行政机关参照公务员法管理事业单位"",""招考职位"":""乐亭调查队一级科员（1）"",""职位属性"":""普通职位"",""职位分布"":""其他职位"",""职位简介"":""从事信息化建设、数据处理、一线统计专业调查、统计分析研究等工作"",""职位代码"":""400110137062"",""机构层级"":""县（区）级及以下"",""考试类别"":""市（地）级及以下直属机构综合管理类"",""招考人数"":""1"",""专业"":""计算机类（限以下专业：计算机科学与技术、软件工程、网络工程、电子与计算机工程）、统计学类（限以下专业：统计学、 应用统计学）"",""学历"":""仅限本科"",""学位"":""学士"",""政治面貌"":""不限"",""基层工作最低年限"":""无限制"",""服务基层项目工作经历"":""无限制"",""是否在面试阶段组织专业能力测试"":""否"",""面试人员比例"":""3:1"",""工作地点"":""河北省唐山市乐亭县"",""落户地点"":""河北省唐山市乐亭县"",""备注"":""须以最高学历所学主修专业报考；最低服务年限为5年(含试用期）；限男性。"",""部门网站"":""无"",""咨询电话1"":""0311-86955093"",""咨询电话2"":""0311-86955089"",""咨询电话3"":""0311-86955965"",""来源Sheet"":""中央国家行政机关参照公务员法管理事业单位""}}"
"government_jobs","国家公务员2025招考简章","公务员/事业单位技术岗位","河北省唐山市乐亭县","2026-07-28T09:12:58.310295+00:00","乐亭调查队一级科员（2）","国家统计局河北调查总队","","河北省唐山市乐亭县","公务员/事业单位;2025;computer_software;data_ai;仅限本科;学士;计算机类（限以下专业：计算机科学与技术、软件工程、网络工程、电子与计算机工程）、统计学类（限以下专业：统计学、 应用统计学）;市（地）级及以下直属机构综合管理类","用人司局：国家统计局河北调查总队
职位简介：从事信息化建设、数据处理、一线统计专业调查、统计分析研究等工作
专业要求：计算机类（限以下专业：计算机科学与技术、软件工程、网络工程、电子与计算机工程）、统计学类（限以下专业：统计学、 应用统计学）
学历要求：仅限本科
学位要求：学士
政治面貌：不限
基层工作经历：无限制
考试类别：市（地）级及以下直属机构综合管理类
备注：须以最高学历所学主修专业报考；最低服务年限为5年(含试用期）；限女性。","https://www.xjhc.gov.cn/xjhc/c116834/202410/a29382e11a674da3be3353af65f9fcc5.shtml#137103-400110137063","2024-10-14","{""dataset_year"":2025,""job_uid"":""GOV-2025-137103-400110137063"",""publisher"":""国家公务员局"",""publication_page"":""https://www.xjhc.gov.cn/xjhc/c116834/202410/a29382e11a674da3be3353af65f9fcc5.shtml"",""attachment_url"":""https://www.xjhc.gov.cn/xjhc/c116834/202410/a29382e11a674da3be3353af65f9fcc5/files/0536cef86e2b46ddad6aae5a3780089e.xls"",""local_source_file"":""2025_guokao_zhaokaojianzhang.xls"",""local_source_sha256"":""07ae6cab368cd21b7a1ac3e8150fe9a3d39ad5171ce76135ff3cccfe50c3e77e"",""source_sheet"":""中央国家行政机关参照公务员法管理事业单位"",""filter_version"":""government_tech_v2"",""tech_filter"":{""is_tech"":true,""is_core_tech"":true,""scope"":""core"",""categories"":[""computer_software"",""data_ai""],""matched_fields"":[""major"",""description""],""major_terms"":[""网络工程"",""计算机"",""计算机科学与技术"",""计算机类"",""软件工程""],""role_terms"":[""信息化"",""数据处理""],""reason"":""tech_major_and_role""},""original"":{""部门代码"":""137103"",""部门名称"":""国家统计局河北调查总队"",""用人司局"":""国家统计局河北调查总队"",""机构性质"":""中央国家行政机关参照公务员法管理事业单位"",""招考职位"":""乐亭调查队一级科员（2）"",""职位属性"":""普通职位"",""职位分布"":""其他职位"",""职位简介"":""从事信息化建设、数据处理、一线统计专业调查、统计分析研究等工作"",""职位代码"":""400110137063"",""机构层级"":""县（区）级及以下"",""考试类别"":""市（地）级及以下直属机构综合管理类"",""招考人数"":""1"",""专业"":""计算机类（限以下专业：计算机科学与技术、软件工程、网络工程、电子与计算机工程）、统计学类（限以下专业：统计学、 应用统计学）"",""学历"":""仅限本科"",""学位"":""学士"",""政治面貌"":""不限"",""基层工作最低年限"":""无限制"",""服务基层项目工作经历"":""无限制"",""是否在面试阶段组织专业能力测试"":""否"",""面试人员比例"":""3:1"",""工作地点"":""河北省唐山市乐亭县"",""落户地点"":""河北省唐山市乐亭县"",""备注"":""须以最高学历所学主修专业报考；最低服务年限为5年(含试用期）；限女性。"",""部门网站"":""无"",""咨询电话1"":""0311-86955093"",""咨询电话2"":""0311-86955089"",""咨询电话3"":""0311-86955965"",""来源Sheet"":""中央国家行政机关参照公务员法管理事业单位""}}"
"government_jobs","国家公务员2025招考简章","公务员/事业单位技术岗位","河北省唐山市乐亭县","2026-07-28T09:12:58.310295+00:00","乐亭调查队一级科员（3）","国家统计局河北调查总队","","河北省唐山市乐亭县","公务员/事业单位;2025;computer_software;data_ai;仅限本科;学士;中国语言文学类（不含中国少数民族语言文学、手语翻译）、统计学类、计算机类（不含电影制作、服务科学与工程、虚拟现实技术、区块链工程）、数学类、工商管理类（不含物业管理、文化产业管理、体育经济与管理、零售业管理、创业管理、海关稽查）;市（地）级及以下直属机构综合管理类","用人司局：国家统计局河北调查总队
职位简介：从事信息化建设、数据处理、一线统计专业调查、统计分析研究等工作
专业要求：中国语言文学类（不含中国少数民族语言文学、手语翻译）、统计学类、计算机类（不含电影制作、服务科学与工程、虚拟现实技术、区块链工程）、数学类、工商管理类（不含物业管理、文化产业管理、体育经济与管理、零售业管理、创业管理、海关稽查）
学历要求：仅限本科
学位要求：学士
政治面貌：不限
基层工作经历：二年
考试类别：市（地）级及以下直属机构综合管理类
备注：服务期满，考核合格；须以最高学历所学主修专业报考；最低服务年限为5年(含试用期）；经常下乡，条件艰苦。","https://www.xjhc.gov.cn/xjhc/c116834/202410/a29382e11a674da3be3353af65f9fcc5.shtml#137103-400110137064","2024-10-14","{""dataset_year"":2025,""job_uid"":""GOV-2025-137103-400110137064"",""publisher"":""国家公务员局"",""publication_page"":""https://www.xjhc.gov.cn/xjhc/c116834/202410/a29382e11a674da3be3353af65f9fcc5.shtml"",""attachment_url"":""https://www.xjhc.gov.cn/xjhc/c116834/202410/a29382e11a674da3be3353af65f9fcc5/files/0536cef86e2b46ddad6aae5a3780089e.xls"",""local_source_file"":""2025_guokao_zhaokaojianzhang.xls"",""local_source_sha256"":""07ae6cab368cd21b7a1ac3e8150fe9a3d39ad5171ce76135ff3cccfe50c3e77e"",""source_sheet"":""中央国家行政机关参照公务员法管理事业单位"",""filter_version"":""government_tech_v2"",""tech_filter"":{""is_tech"":true,""is_core_tech"":true,""scope"":""core"",""categories"":[""computer_software"",""data_ai""],""matched_fields"":[""major"",""description""],""major_terms"":[""区块链工程"",""虚拟现实技术"",""计算机类""],""role_terms"":[""信息化"",""数据处理""],""reason"":""tech_major_and_role""},""original"":{""部门代码"":""137103"",""部门名称"":""国家统计局河北调查总队"",""用人司局"":""国家统计局河北调查总队"",""机构性质"":""中央国家行政机关参照公务员法管理事业单位"",""招考职位"":""乐亭调查队一级科员（3）"",""职位属性"":""普通职位"",""职位分布"":""其他职位"",""职位简介"":""从事信息化建设、数据处理、一线统计专业调查、统计分析研究等工作"",""职位代码"":""400110137064"",""机构层级"":""县（区）级及以下"",""考试类别"":""市（地）级及以下直属机构综合管理类"",""招考人数"":""1"",""专业"":""中国语言文学类（不含中国少数民族语言文学、手语翻译）、统计学类、计算机类（不含电影制作、服务科学与工程、虚拟现实技术、区块链工程）、数学类、工商管理类（不含物业管理、文化产业管理、体育经济与管理、零售业管理、创业管理、海关稽查）"",""学历"":""仅限本科"",""学位"":""学士"",""政治面貌"":""不限"",""基层工作最低年限"":""二年"",""服务基层项目工作经历"":""大学生村官、“三支一扶”计划"",""是否在面试阶段组织专业能力测试"":""否"",""面试人员比例"":""3:1"",""工作地点"":""河北省唐山市乐亭县"",""落户地点"":""河北省唐山市乐亭县"",""备注"":""服务期满，考核合格；须以最高学历所学主修专业报考；最低服务年限为5年(含试用期）；经常下乡，条件艰苦。"",""部门网站"":""无"",""咨询电话1"":""0311-86955093"",""咨询电话2"":""0311-86955089"",""咨询电话3"":""0311-86955965"",""来源Sheet"":""中央国家行政机关参照公务员法管理事业单位""}}"
"government_jobs","国家公务员2025招考简章","公务员/事业单位技术岗位","河北省保定市定州市","2026-07-28T09:12:58.310295+00:00","定州调查队一级科员（3）","国家统计局河北调查总队","","河北省保定市定州市","公务员/事业单位;2025;data_ai;仅限本科;学士;数学类（限以下专业：数学与应用数学、信息与计算科学、数理基础科学、数据计算及应用）、统计学类（限以下专业：统计学、 应用统计学）;市（地）级及以下直属机构综合管理类","用人司局：国家统计局河北调查总队
职位简介：从事一线入户调查、数据处理、统计分析、统计研究等工作
专业要求：数学类（限以下专业：数学与应用数学、信息与计算科学、数理基础科学、数据计算及应用）、统计学类（限以下专业：统计学、 应用统计学）
学历要求：仅限本科
学位要求：学士
政治面貌：不限
基层工作经历：无限制
考试类别：市（地）级及以下直属机构综合管理类
备注：应届高校毕业生；须以最高学历所学主修专业报考；最低服务年限为5年(含试用期）。","https://www.xjhc.gov.cn/xjhc/c116834/202410/a29382e11a674da3be3353af65f9fcc5.shtml#137103-400110137067","2024-10-14","{""dataset_year"":2025,""job_uid"":""GOV-2025-137103-400110137067"",""publisher"":""国家公务员局"",""publication_page"":""https://www.xjhc.gov.cn/xjhc/c116834/202410/a29382e11a674da3be3353af65f9fcc5.shtml"",""attachment_url"":""https://www.xjhc.gov.cn/xjhc/c116834/202410/a29382e11a674da3be3353af65f9fcc5/files/0536cef86e2b46ddad6aae5a3780089e.xls"",""local_source_file"":""2025_guokao_zhaokaojianzhang.xls"",""local_source_sha256"":""07ae6cab368cd21b7a1ac3e8150fe9a3d39ad5171ce76135ff3cccfe50c3e77e"",""source_sheet"":""中央国家行政机关参照公务员法管理事业单位"",""filter_version"":""government_tech_v2"",""tech_filter"":{""is_tech"":true,""is_core_tech"":true,""scope"":""core"",""categories"":[""data_ai""],""matched_fields"":[""description""],""major_terms"":[],""role_terms"":[""数据处理""],""reason"":""tech_role""},""original"":{""部门代码"":""137103"",""部门名称"":""国家统计局河北调查总队"",""用人司局"":""国家统计局河北调查总队"",""机构性质"":""中央国家行政机关参照公务员法管理事业单位"",""招考职位"":""定州调查队一级科员（3）"",""职位属性"":""普通职位"",""职位分布"":""其他职位"",""职位简介"":""从事一线入户调查、数据处理、统计分析、统计研究等工作"",""职位代码"":""400110137067"",""机构层级"":""县（区）级及以下"",""考试类别"":""市（地）级及以下直属机构综合管理类"",""招考人数"":""1"",""专业"":""数学类（限以下专业：数学与应用数学、信息与计算科学、数理基础科学、数据计算及应用）、统计学类（限以下专业：统计学、 应用统计学）"",""学历"":""仅限本科"",""学位"":""学士"",""政治面貌"":""不限"",""基层工作最低年限"":""无限制"",""服务基层项目工作经历"":""无限制"",""是否在面试阶段组织专业能力测试"":""否"",""面试人员比例"":""3:1"",""工作地点"":""河北省保定市定州市"",""落户地点"":""河北省保定市定州市"",""备注"":""应届高校毕业生；须以最高学历所学主修专业报考；最低服务年限为5年(含试用期）。"",""部门网站"":""无"",""咨询电话1"":""0311-86955093"",""咨询电话2"":""0311-86955089"",""咨询电话3"":""0311-86955965"",""来源Sheet"":""中央国家行政机关参照公务员法管理事业单位""}}"
"government_jobs","国家公务员2025招考简章","公务员/事业单位技术岗位","内蒙古自治区呼和浩特市","2026-07-28T09:12:58.310295+00:00","内蒙古调查总队业务处室一级主任科员及以下（3）","国家统计局内蒙古调查总队","","内蒙古自治区呼和浩特市","公务员/事业单位;2025;data_ai;geospatial_remote_sensing;硕士研究生及以上;与最高学历相对应的学位;遥感科学与技术、摄影测量与遥感、地图制图学与地理信息工程、地图学与地理信息系统;中央机关及其省级直属机构综合管理类","用人司局：国家统计局内蒙古调查总队
职位简介：从事数据处理、统计分析、统计研究等工作
专业要求：遥感科学与技术、摄影测量与遥感、地图制图学与地理信息工程、地图学与地理信息系统
学历要求：硕士研究生及以上
学位要求：与最高学历相对应的学位
政治面貌：不限
基层工作经历：无限制
考试类别：中央机关及其省级直属机构综合管理类
备注：1.须以最高学历学位主修专业报考，考生报考专业须与招录专业名称一致，各学习阶段均获得相应学历学位；2.本单位最低服务年限为5年（含试用期）。","https://www.xjhc.gov.cn/xjhc/c116834/202410/a29382e11a674da3be3353af65f9fcc5.shtml#137105-400110105003","2024-10-14","{""dataset_year"":2025,""job_uid"":""GOV-2025-137105-400110105003"",""publisher"":""国家公务员局"",""publication_page"":""https://www.xjhc.gov.cn/xjhc/c116834/202410/a29382e11a674da3be3353af65f9fcc5.shtml"",""attachment_url"":""https://www.xjhc.gov.cn/xjhc/c116834/202410/a29382e11a674da3be3353af65f9fcc5/files/0536cef86e2b46ddad6aae5a3780089e.xls"",""local_source_file"":""2025_guokao_zhaokaojianzhang.xls"",""local_source_sha256"":""07ae6cab368cd21b7a1ac3e8150fe9a3d39ad5171ce76135ff3cccfe50c3e77e"",""source_sheet"":""中央国家行政机关参照公务员法管理事业单位"",""filter_version"":""government_tech_v2"",""tech_filter"":{""is_tech"":true,""is_core_tech"":true,""scope"":""core"",""categories"":[""data_ai"",""geospatial_remote_sensing""],""matched_fields"":[""major"",""description""],""major_terms"":[""地图学与地理信息系统"",""地理信息"",""地理信息系统"",""摄影测量与遥感"",""遥感科学与技术""],""role_terms"":[""数据处理""],""reason"":""tech_major_and_role""},""original"":{""部门代码"":""137105"",""部门名称"":""国家统计局内蒙古调查总队"",""用人司局"":""国家统计局内蒙古调查总队"",""机构性质"":""中央国家行政机关参照公务员法管理事业单位"",""招考职位"":""内蒙古调查总队业务处室一级主任科员及以下（3）"",""职位属性"":""普通职位"",""职位分布"":""其他职位"",""职位简介"":""从事数据处理、统计分析、统计研究等工作"",""职位代码"":""400110105003"",""机构层级"":""省（副省）级"",""考试类别"":""中央机关及其省级直属机构综合管理类"",""招考人数"":""1"",""专业"":""遥感科学与技术、摄影测量与遥感、地图制图学与地理信息工程、地图学与地理信息系统"",""学历"":""硕士研究生及以上"",""学位"":""与最高学历相对应的学位"",""政治面貌"":""不限"",""基层工作最低年限"":""无限制"",""服务基层项目工作经历"":""无限制"",""是否在面试阶段组织专业能力测试"":""否"",""面试人员比例"":""5:1"",""工作地点"":""内蒙古自治区呼和浩特市"",""落户地点"":""内蒙古自治区呼和浩特市"",""备注"":""1.须以最高学历学位主修专业报考，考生报考专业须与招录专业名称一致，各学习阶段均获得相应学历学位；2.本单位最低服务年限为5年（含试用期）。"",""部门网站"":""无"",""咨询电话1"":""04714938385"",""咨询电话2"":""04714963756"",""咨询电话3"":"""",""来源Sheet"":""中央国家行政机关参照公务员法管理事业单位""}}"
"government_jobs","国家公务员2025招考简章","公务员/事业单位技术岗位","内蒙古自治区包头市","2026-07-28T09:12:58.310295+00:00","包头调查队业务科室一级科员","国家统计局内蒙古调查总队","","内蒙古自治区包头市","公务员/事业单位;2025;computer_software;data_ai;仅限本科;学士;统计学类、数学类、计算机类;市（地）级及以下直属机构综合管理类","用人司局：国家统计局内蒙古调查总队
职位简介：从事入户调查、数据处理、统计分析、统计研究等工作
专业要求：统计学类、数学类、计算机类
学历要求：仅限本科
学位要求：学士
政治面貌：不限
基层工作经历：无限制
考试类别：市（地）级及以下直属机构综合管理类
备注：1.须以最高学历学位主修专业报考，考生报考专业须与招录专业名称一致；2.本单位最低服务年限为5年（含试用期）；3.需经常下乡入户，条件较为艰苦；4.本职位专业要求均为专业目录中的“专业类”，非“专业大类（学科大类）”。","https://www.xjhc.gov.cn/xjhc/c116834/202410/a29382e11a674da3be3353af65f9fcc5.shtml#137105-400110105006","2024-10-14","{""dataset_year"":2025,""job_uid"":""GOV-2025-137105-400110105006"",""publisher"":""国家公务员局"",""publication_page"":""https://www.xjhc.gov.cn/xjhc/c116834/202410/a29382e11a674da3be3353af65f9fcc5.shtml"",""attachment_url"":""https://www.xjhc.gov.cn/xjhc/c116834/202410/a29382e11a674da3be3353af65f9fcc5/files/0536cef86e2b46ddad6aae5a3780089e.xls"",""local_source_file"":""2025_guokao_zhaokaojianzhang.xls"",""local_source_sha256"":""07ae6cab368cd21b7a1ac3e8150fe9a3d39ad5171ce76135ff3cccfe50c3e77e"",""source_sheet"":""中央国家行政机关参照公务员法管理事业单位"",""filter_version"":""government_tech_v2"",""tech_filter"":{""is_tech"":true,""is_core_tech"":true,""scope"":""core"",""categories"":[""computer_software"",""data_ai""],""matched_fields"":[""major"",""description""],""major_terms"":[""计算机类""],""role_terms"":[""数据处理""],""reason"":""tech_major_and_role""},""original"":{""部门代码"":""137105"",""部门名称"":""国家统计局内蒙古调查总队"",""用人司局"":""国家统计局内蒙古调查总队"",""机构性质"":""中央国家行政机关参照公务员法管理事业单位"",""招考职位"":""包头调查队业务科室一级科员"",""职位属性"":""普通职位"",""职位分布"":""西部地区和艰苦边远地区职位"",""职位简介"":""从事入户调查、数据处理、统计分析、统计研究等工作"",""职位代码"":""400110105006"",""机构层级"":""市（地）级"",""考试类别"":""市（地）级及以下直属机构综合管理类"",""招考人数"":""1"",""专业"":""统计学类、数学类、计算机类"",""学历"":""仅限本科"",""学位"":""学士"",""政治面貌"":""不限"",""基层工作最低年限"":""无限制"",""服务基层项目工作经历"":""无限制"",""是否在面试阶段组织专业能力测试"":""否"",""面试人员比例"":""3:1"",""工作地点"":""内蒙古自治区包头市"",""落户地点"":""内蒙古自治区包头市"",""备注"":""1.须以最高学历学位主修专业报考，考生报考专业须与招录专业名称一致；2.本单位最低服务年限为5年（含试用期）；3.需经常下乡入户，条件较为艰苦；4.本职位专业要求均为专业目录中的“专业类”，非“专业大类（学科大类）”。"",""部门网站"":""无"",""咨询电话1"":""04714938385"",""咨询电话2"":""04714963756"",""咨询电话3"":"""",""来源Sheet"":""中央国家行政机关参照公务员法管理事业单位""}}"
"government_jobs","国家公务员2025招考简章","公务员/事业单位技术岗位","内蒙古自治区呼伦贝尔市","2026-07-28T09:12:58.310295+00:00","呼伦贝尔调查队业务科室一级科员","国家统计局内蒙古调查总队","","内蒙古自治区呼伦贝尔市","公务员/事业单位;2025;computer_software;data_ai;仅限本科;学士;统计学类、数学类、计算机类;市（地）级及以下直属机构综合管理类","用人司局：国家统计局内蒙古调查总队
职位简介：从事入户调查、数据处理、统计分析、统计研究等工作
专业要求：统计学类、数学类、计算机类
学历要求：仅限本科
学位要求：学士
政治面貌：不限
基层工作经历：无限制
考试类别：市（地）级及以下直属机构综合管理类
备注：1.须以最高学历学位主修专业报考，考生报考专业须与招录专业名称一致；2.仅限应届高校毕业生报考；3.本单位最低服务年限为5年（含试用期）；4.需经常下乡入户，条件较为艰苦；5.本职位专业要求均为专业目录中的“专业类”，非“专业大类（学科大类）”。","https://www.xjhc.gov.cn/xjhc/c116834/202410/a29382e11a674da3be3353af65f9fcc5.shtml#137105-400110105007","2024-10-14","{""dataset_year"":2025,""job_uid"":""GOV-2025-137105-400110105007"",""publisher"":""国家公务员局"",""publication_page"":""https://www.xjhc.gov.cn/xjhc/c116834/202410/a29382e11a674da3be3353af65f9fcc5.shtml"",""attachment_url"":""https://www.xjhc.gov.cn/xjhc/c116834/202410/a29382e11a674da3be3353af65f9fcc5/files/0536cef86e2b46ddad6aae5a3780089e.xls"",""local_source_file"":""2025_guokao_zhaokaojianzhang.xls"",""local_source_sha256"":""07ae6cab368cd21b7a1ac3e8150fe9a3d39ad5171ce76135ff3cccfe50c3e77e"",""source_sheet"":""中央国家行政机关参照公务员法管理事业单位"",""filter_version"":""government_tech_v2"",""tech_filter"":{""is_tech"":true,""is_core_tech"":true,""scope"":""core"",""categories"":[""computer_software"",""data_ai""],""matched_fields"":[""major"",""description""],""major_terms"":[""计算机类""],""role_terms"":[""数据处理""],""reason"":""tech_major_and_role""},""original"":{""部门代码"":""137105"",""部门名称"":""国家统计局内蒙古调查总队"",""用人司局"":""国家统计局内蒙古调查总队"",""机构性质"":""中央国家行政机关参照公务员法管理事业单位"",""招考职位"":""呼伦贝尔调查队业务科室一级科员"",""职位属性"":""普通职位"",""职位分布"":""西部地区和艰苦边远地区职位"",""职位简介"":""从事入户调查、数据处理、统计分析、统计研究等工作"",""职位代码"":""400110105007"",""机构层级"":""市（地）级"",""考试类别"":""市（地）级及以下直属机构综合管理类"",""招考人数"":""1"",""专业"":""统计学类、数学类、计算机类"",""学历"":""仅限本科"",""学位"":""学士"",""政治面貌"":""不限"",""基层工作最低年限"":""无限制"",""服务基层项目工作经历"":""无限制"",""是否在面试阶段组织专业能力测试"":""否"",""面试人员比例"":""3:1"",""工作地点"":""内蒙古自治区呼伦贝尔市"",""落户地点"":""内蒙古自治区呼伦贝尔市"",""备注"":""1.须以最高学历学位主修专业报考，考生报考专业须与招录专业名称一致；2.仅限应届高校毕业生报考；3.本单位最低服务年限为5年（含试用期）；4.需经常下乡入户，条件较为艰苦；5.本职位专业要求均为专业目录中的“专业类”，非“专业大类（学科大类）”。"",""部门网站"":""无"",""咨询电话1"":""04714938385"",""咨询电话2"":""04714963756"",""咨询电话3"":"""",""来源Sheet"":""中央国家行政机关参照公务员法管理事业单位""}}"
"government_jobs","国家公务员2025招考简章","公务员/事业单位技术岗位","内蒙古自治区兴安盟","2026-07-28T09:12:58.310295+00:00","兴安调查队业务科室一级科员","国家统计局内蒙古调查总队","","内蒙古自治区兴安盟","公务员/事业单位;2025;computer_software;data_ai;仅限本科;学士;统计学类、数学类、计算机类、经济学类、会计学、财务管理、汉语言文学、汉语言、新闻学;市（地）级及以下直属机构综合管理类","用人司局：国家统计局内蒙古调查总队
职位简介：从事入户调查、数据处理、统计分析、统计研究等工作
专业要求：统计学类、数学类、计算机类、经济学类、会计学、财务管理、汉语言文学、汉语言、新闻学
学历要求：仅限本科
学位要求：学士
政治面貌：不限
基层工作经历：二年
考试类别：市（地）级及以下直属机构综合管理类
备注：1.考生报考专业须与招录专业名称一致；2.本单位最低服务年限为5年（含试用期）；3.需经常下乡入户，条件较为艰苦；4.大学生村官、“三支一扶”计划、大学生志愿服务西部计划服务期满且考核合格；5.本职位专业要求均为专业目录中的“专业类”，非“专业大类（学科大类）”。","https://www.xjhc.gov.cn/xjhc/c116834/202410/a29382e11a674da3be3353af65f9fcc5.shtml#137105-400110105008","2024-10-14","{""dataset_year"":2025,""job_uid"":""GOV-2025-137105-400110105008"",""publisher"":""国家公务员局"",""publication_page"":""https://www.xjhc.gov.cn/xjhc/c116834/202410/a29382e11a674da3be3353af65f9fcc5.shtml"",""attachment_url"":""https://www.xjhc.gov.cn/xjhc/c116834/202410/a29382e11a674da3be3353af65f9fcc5/files/0536cef86e2b46ddad6aae5a3780089e.xls"",""local_source_file"":""2025_guokao_zhaokaojianzhang.xls"",""local_source_sha256"":""07ae6cab368cd21b7a1ac3e8150fe9a3d39ad5171ce76135ff3cccfe50c3e77e"",""source_sheet"":""中央国家行政机关参照公务员法管理事业单位"",""filter_version"":""government_tech_v2"",""tech_filter"":{""is_tech"":true,""is_core_tech"":true,""scope"":""core"",""categories"":[""computer_software"",""data_ai""],""matched_fields"":[""major"",""description""],""major_terms"":[""计算机类""],""role_terms"":[""数据处理""],""reason"":""tech_major_and_role""},""original"":{""部门代码"":""137105"",""部门名称"":""国家统计局内蒙古调查总队"",""用人司局"":""国家统计局内蒙古调查总队"",""机构性质"":""中央国家行政机关参照公务员法管理事业单位"",""招考职位"":""兴安调查队业务科室一级科员"",""职位属性"":""普通职位"",""职位分布"":""西部地区和艰苦边远地区职位"",""职位简介"":""从事入户调查、数据处理、统计分析、统计研究等工作"",""职位代码"":""400110105008"",""机构层级"":""市（地）级"",""考试类别"":""市（地）级及以下直属机构综合管理类"",""招考人数"":""1"",""专业"":""统计学类、数学类、计算机类、经济学类、会计学、财务管理、汉语言文学、汉语言、新闻学"",""学历"":""仅限本科"",""学位"":""学士"",""政治面貌"":""不限"",""基层工作最低年限"":""二年"",""服务基层项目工作经历"":""大学生村官、“三支一扶”计划、大学生志愿服务西部计划"",""是否在面试阶段组织专业能力测试"":""否"",""面试人员比例"":""3:1"",""工作地点"":""内蒙古自治区兴安盟"",""落户地点"":""内蒙古自治区兴安盟"",""备注"":""1.考生报考专业须与招录专业名称一致；2.本单位最低服务年限为5年（含试用期）；3.需经常下乡入户，条件较为艰苦；4.大学生村官、“三支一扶”计划、大学生志愿服务西部计划服务期满且考核合格；5.本职位专业要求均为专业目录中的“专业类”，非“专业大类（学科大类）”。"",""部门网站"":""无"",""咨询电话1"":""04714938385"",""咨询电话2"":""04714963756"",""咨询电话3"":"""",""来源Sheet"":""中央国家行政机关参照公务员法管理事业单位""}}"
"government_jobs","国家公务员2025招考简章","公务员/事业单位技术岗位","内蒙古自治区锡林郭勒盟","2026-07-28T09:12:58.310295+00:00","锡林郭勒调查队业务科室一级科员","国家统计局内蒙古调查总队","","内蒙古自治区锡林郭勒盟","公务员/事业单位;2025;computer_software;data_ai;仅限本科;学士;统计学类、经济学类、计算机类、数学类、汉语言文学、汉语言;市（地）级及以下直属机构综合管理类","用人司局：国家统计局内蒙古调查总队
职位简介：从事入户调查、数据处理、统计分析、统计研究等工作
专业要求：统计学类、经济学类、计算机类、数学类、汉语言文学、汉语言
学历要求：仅限本科
学位要求：学士
政治面貌：不限
基层工作经历：无限制
考试类别：市（地）级及以下直属机构综合管理类
备注：1.须以最高学历学位主修专业报考，考生报考专业须与招录专业名称一致；2.本单位最低服务年限为5年（含试用期）；3.需经常下乡入户，条件较为艰苦；4.本职位专业要求均为专业目录中的“专业类”，非“专业大类（学科大类）”。","https://www.xjhc.gov.cn/xjhc/c116834/202410/a29382e11a674da3be3353af65f9fcc5.shtml#137105-400110105009","2024-10-14","{""dataset_year"":2025,""job_uid"":""GOV-2025-137105-400110105009"",""publisher"":""国家公务员局"",""publication_page"":""https://www.xjhc.gov.cn/xjhc/c116834/202410/a29382e11a674da3be3353af65f9fcc5.shtml"",""attachment_url"":""https://www.xjhc.gov.cn/xjhc/c116834/202410/a29382e11a674da3be3353af65f9fcc5/files/0536cef86e2b46ddad6aae5a3780089e.xls"",""local_source_file"":""2025_guokao_zhaokaojianzhang.xls"",""local_source_sha256"":""07ae6cab368cd21b7a1ac3e8150fe9a3d39ad5171ce76135ff3cccfe50c3e77e"",""source_sheet"":""中央国家行政机关参照公务员法管理事业单位"",""filter_version"":""government_tech_v2"",""tech_filter"":{""is_tech"":true,""is_core_tech"":true,""scope"":""core"",""categories"":[""computer_software"",""data_ai""],""matched_fields"":[""major"",""description""],""major_terms"":[""计算机类""],""role_terms"":[""数据处理""],""reason"":""tech_major_and_role""},""original"":{""部门代码"":""137105"",""部门名称"":""国家统计局内蒙古调查总队"",""用人司局"":""国家统计局内蒙古调查总队"",""机构性质"":""中央国家行政机关参照公务员法管理事业单位"",""招考职位"":""锡林郭勒调查队业务科室一级科员"",""职位属性"":""普通职位"",""职位分布"":""西部地区和艰苦边远地区职位"",""职位简介"":""从事入户调查、数据处理、统计分析、统计研究等工作"",""职位代码"":""400110105009"",""机构层级"":""市（地）级"",""考试类别"":""市（地）级及以下直属机构综合管理类"",""招考人数"":""1"",""专业"":""统计学类、经济学类、计算机类、数学类、汉语言文学、汉语言"",""学历"":""仅限本科"",""学位"":""学士"",""政治面貌"":""不限"",""基层工作最低年限"":""无限制"",""服务基层项目工作经历"":""无限制"",""是否在面试阶段组织专业能力测试"":""否"",""面试人员比例"":""3:1"",""工作地点"":""内蒙古自治区锡林郭勒盟"",""落户地点"":""内蒙古自治区锡林郭勒盟"",""备注"":""1.须以最高学历学位主修专业报考，考生报考专业须与招录专业名称一致；2.本单位最低服务年限为5年（含试用期）；3.需经常下乡入户，条件较为艰苦；4.本职位专业要求均为专业目录中的“专业类”，非“专业大类（学科大类）”。"",""部门网站"":""无"",""咨询电话1"":""04714938385"",""咨询电话2"":""04714963756"",""咨询电话3"":"""",""来源Sheet"":""中央国家行政机关参照公务员法管理事业单位""}}"
"government_jobs","国家公务员2025招考简章","公务员/事业单位技术岗位","内蒙古自治区乌兰察布市","2026-07-28T09:12:58.310295+00:00","乌兰察布调查队业务科室一级科员（1）","国家统计局内蒙古调查总队","","内蒙古自治区乌兰察布市","公务员/事业单位;2025;computer_software;data_ai;仅限本科;学士;统计学类、数学类、计算机类;市（地）级及以下直属机构综合管理类","用人司局：国家统计局内蒙古调查总队
职位简介：从事入户调查、数据处理、统计分析、统计研究等工作
专业要求：统计学类、数学类、计算机类
学历要求：仅限本科
学位要求：学士
政治面貌：不限
基层工作经历：无限制
考试类别：市（地）级及以下直属机构综合管理类
备注：1.限女性报考；2.须以最高学历学位主修专业报考，考生报考专业须与招录专业名称一致；3.本单位最低服务年限为5年（含试用期）；4.需经常下乡入户，条件较为艰苦；5.限内蒙古自治区范围内户籍人员报考；6.本职位专业要求均为专业目录中的“专业类”，非“专业大类（学科大类）”。","https://www.xjhc.gov.cn/xjhc/c116834/202410/a29382e11a674da3be3353af65f9fcc5.shtml#137105-400110105010","2024-10-14","{""dataset_year"":2025,""job_uid"":""GOV-2025-137105-400110105010"",""publisher"":""国家公务员局"",""publication_page"":""https://www.xjhc.gov.cn/xjhc/c116834/202410/a29382e11a674da3be3353af65f9fcc5.shtml"",""attachment_url"":""https://www.xjhc.gov.cn/xjhc/c116834/202410/a29382e11a674da3be3353af65f9fcc5/files/0536cef86e2b46ddad6aae5a3780089e.xls"",""local_source_file"":""2025_guokao_zhaokaojianzhang.xls"",""local_source_sha256"":""07ae6cab368cd21b7a1ac3e8150fe9a3d39ad5171ce76135ff3cccfe50c3e77e"",""source_sheet"":""中央国家行政机关参照公务员法管理事业单位"",""filter_version"":""government_tech_v2"",""tech_filter"":{""is_tech"":true,""is_core_tech"":true,""scope"":""core"",""categories"":[""computer_software"",""data_ai""],""matched_fields"":[""major"",""description""],""major_terms"":[""计算机类""],""role_terms"":[""数据处理""],""reason"":""tech_major_and_role""},""original"":{""部门代码"":""137105"",""部门名称"":""国家统计局内蒙古调查总队"",""用人司局"":""国家统计局内蒙古调查总队"",""机构性质"":""中央国家行政机关参照公务员法管理事业单位"",""招考职位"":""乌兰察布调查队业务科室一级科员（1）"",""职位属性"":""普通职位"",""职位分布"":""西部地区和艰苦边远地区职位"",""职位简介"":""从事入户调查、数据处理、统计分析、统计研究等工作"",""职位代码"":""400110105010"",""机构层级"":""市（地）级"",""考试类别"":""市（地）级及以下直属机构综合管理类"",""招考人数"":""1"",""专业"":""统计学类、数学类、计算机类"",""学历"":""仅限本科"",""学位"":""学士"",""政治面貌"":""不限"",""基层工作最低年限"":""无限制"",""服务基层项目工作经历"":""无限制"",""是否在面试阶段组织专业能力测试"":""否"",""面试人员比例"":""3:1"",""工作地点"":""内蒙古自治区乌兰察布市"",""落户地点"":""内蒙古自治区乌兰察布市"",""备注"":""1.限女性报考；2.须以最高学历学位主修专业报考，考生报考专业须与招录专业名称一致；3.本单位最低服务年限为5年（含试用期）；4.需经常下乡入户，条件较为艰苦；5.限内蒙古自治区范围内户籍人员报考；6.本职位专业要求均为专业目录中的“专业类”，非“专业大类（学科大类）”。"",""部门网站"":""无"",""咨询电话1"":""04714938385"",""咨询电话2"":""04714963756"",""咨询电话3"":"""",""来源Sheet"":""中央国家行政机关参照公务员法管理事业单位""}}"
"government_jobs","国家公务员2025招考简章","公务员/事业单位技术岗位","内蒙古自治区乌兰察布市","2026-07-28T09:12:58.310295+00:00","乌兰察布调查队业务科室一级科员（2）","国家统计局内蒙古调查总队","","内蒙古自治区乌兰察布市","公务员/事业单位;2025;computer_software;data_ai;仅限本科;学士;统计学类、数学类、计算机类;市（地）级及以下直属机构综合管理类","用人司局：国家统计局内蒙古调查总队
职位简介：从事入户调查、数据处理、统计分析、统计研究等工作
专业要求：统计学类、数学类、计算机类
学历要求：仅限本科
学位要求：学士
政治面貌：不限
基层工作经历：无限制
考试类别：市（地）级及以下直属机构综合管理类
备注：1.限男性报考；2.须以最高学历学位主修专业报考，考生报考专业须与招录专业名称一致；3.本单位最低服务年限为5年（含试用期）；4.需经常下乡入户，条件较为艰苦；5.限内蒙古自治区范围内户籍人员报考；6.本职位专业要求均为专业目录中的“专业类”，非“专业大类（学科大类）”。","https://www.xjhc.gov.cn/xjhc/c116834/202410/a29382e11a674da3be3353af65f9fcc5.shtml#137105-400110105011","2024-10-14","{""dataset_year"":2025,""job_uid"":""GOV-2025-137105-400110105011"",""publisher"":""国家公务员局"",""publication_page"":""https://www.xjhc.gov.cn/xjhc/c116834/202410/a29382e11a674da3be3353af65f9fcc5.shtml"",""attachment_url"":""https://www.xjhc.gov.cn/xjhc/c116834/202410/a29382e11a674da3be3353af65f9fcc5/files/0536cef86e2b46ddad6aae5a3780089e.xls"",""local_source_file"":""2025_guokao_zhaokaojianzhang.xls"",""local_source_sha256"":""07ae6cab368cd21b7a1ac3e8150fe9a3d39ad5171ce76135ff3cccfe50c3e77e"",""source_sheet"":""中央国家行政机关参照公务员法管理事业单位"",""filter_version"":""government_tech_v2"",""tech_filter"":{""is_tech"":true,""is_core_tech"":true,""scope"":""core"",""categories"":[""computer_software"",""data_ai""],""matched_fields"":[""major"",""description""],""major_terms"":[""计算机类""],""role_terms"":[""数据处理""],""reason"":""tech_major_and_role""},""original"":{""部门代码"":""137105"",""部门名称"":""国家统计局内蒙古调查总队"",""用人司局"":""国家统计局内蒙古调查总队"",""机构性质"":""中央国家行政机关参照公务员法管理事业单位"",""招考职位"":""乌兰察布调查队业务科室一级科员（2）"",""职位属性"":""普通职位"",""职位分布"":""西部地区和艰苦边远地区职位"",""职位简介"":""从事入户调查、数据处理、统计分析、统计研究等工作"",""职位代码"":""400110105011"",""机构层级"":""市（地）级"",""考试类别"":""市（地）级及以下直属机构综合管理类"",""招考人数"":""1"",""专业"":""统计学类、数学类、计算机类"",""学历"":""仅限本科"",""学位"":""学士"",""政治面貌"":""不限"",""基层工作最低年限"":""无限制"",""服务基层项目工作经历"":""无限制"",""是否在面试阶段组织专业能力测试"":""否"",""面试人员比例"":""3:1"",""工作地点"":""内蒙古自治区乌兰察布市"",""落户地点"":""内蒙古自治区乌兰察布市"",""备注"":""1.限男性报考；2.须以最高学历学位主修专业报考，考生报考专业须与招录专业名称一致；3.本单位最低服务年限为5年（含试用期）；4.需经常下乡入户，条件较为艰苦；5.限内蒙古自治区范围内户籍人员报考；6.本职位专业要求均为专业目录中的“专业类”，非“专业大类（学科大类）”。"",""部门网站"":""无"",""咨询电话1"":""04714938385"",""咨询电话2"":""04714963756"",""咨询电话3"":"""",""来源Sheet"":""中央国家行政机关参照公务员法管理事业单位""}}"
"government_jobs","国家公务员2025招考简章","公务员/事业单位技术岗位","内蒙古自治区阿拉善盟","2026-07-28T09:12:58.310295+00:00","阿拉善调查队业务科室一级科员","国家统计局内蒙古调查总队","","内蒙古自治区阿拉善盟","公务员/事业单位;2025;computer_software;data_ai;仅限本科;学士;统计学类、数学类、计算机类;市（地）级及以下直属机构综合管理类","用人司局：国家统计局内蒙古调查总队
职位简介：从事入户调查、数据处理、统计分析、统计研究等工作
专业要求：统计学类、数学类、计算机类
学历要求：仅限本科
学位要求：学士
政治面貌：不限
基层工作经历：无限制
考试类别：市（地）级及以下直属机构综合管理类
备注：1.须以最高学历学位主修专业报考，考生报考专业须与招录专业名称一致；2.本单位最低服务年限为5年（含试用期）；3.需经常下乡入户，条件较为艰苦；5.本职位专业要求均为专业目录中的“专业类”，非“专业大类（学科大类）”。","https://www.xjhc.gov.cn/xjhc/c116834/202410/a29382e11a674da3be3353af65f9fcc5.shtml#137105-400110105015","2024-10-14","{""dataset_year"":2025,""job_uid"":""GOV-2025-137105-400110105015"",""publisher"":""国家公务员局"",""publication_page"":""https://www.xjhc.gov.cn/xjhc/c116834/202410/a29382e11a674da3be3353af65f9fcc5.shtml"",""attachment_url"":""https://www.xjhc.gov.cn/xjhc/c116834/202410/a29382e11a674da3be3353af65f9fcc5/files/0536cef86e2b46ddad6aae5a3780089e.xls"",""local_source_file"":""2025_guokao_zhaokaojianzhang.xls"",""local_source_sha256"":""07ae6cab368cd21b7a1ac3e8150fe9a3d39ad5171ce76135ff3cccfe50c3e77e"",""source_sheet"":""中央国家行政机关参照公务员法管理事业单位"",""filter_version"":""government_tech_v2"",""tech_filter"":{""is_tech"":true,""is_core_tech"":true,""scope"":""core"",""categories"":[""computer_software"",""data_ai""],""matched_fields"":[""major"",""description""],""major_terms"":[""计算机类""],""role_terms"":[""数据处理""],""reason"":""tech_major_and_role""},""original"":{""部门代码"":""137105"",""部门名称"":""国家统计局内蒙古调查总队"",""用人司局"":""国家统计局内蒙古调查总队"",""机构性质"":""中央国家行政机关参照公务员法管理事业单位"",""招考职位"":""阿拉善调查队业务科室一级科员"",""职位属性"":""普通职位"",""职位分布"":""西部地区和艰苦边远地区职位"",""职位简介"":""从事入户调查、数据处理、统计分析、统计研究等工作"",""职位代码"":""400110105015"",""机构层级"":""市（地）级"",""考试类别"":""市（地）级及以下直属机构综合管理类"",""招考人数"":""1"",""专业"":""统计学类、数学类、计算机类"",""学历"":""仅限本科"",""学位"":""学士"",""政治面貌"":""不限"",""基层工作最低年限"":""无限制"",""服务基层项目工作经历"":""无限制"",""是否在面试阶段组织专业能力测试"":""否"",""面试人员比例"":""3:1"",""工作地点"":""内蒙古自治区阿拉善盟"",""落户地点"":""内蒙古自治区阿拉善盟"",""备注"":""1.须以最高学历学位主修专业报考，考生报考专业须与招录专业名称一致；2.本单位最低服务年限为5年（含试用期）；3.需经常下乡入户，条件较为艰苦；5.本职位专业要求均为专业目录中的“专业类”，非“专业大类（学科大类）”。"",""部门网站"":""无"",""咨询电话1"":""04714938385"",""咨询电话2"":""04714963756"",""咨询电话3"":"""",""来源Sheet"":""中央国家行政机关参照公务员法管理事业单位""}}"
"government_jobs","国家公务员2025招考简章","公务员/事业单位技术岗位","内蒙古自治区包头市青山区","2026-07-28T09:12:58.310295+00:00","青山调查队一级科员","国家统计局内蒙古调查总队","","内蒙古自治区包头市青山区","公务员/事业单位;2025;computer_software;data_ai;仅限本科;学士;统计学类、数学类、计算机类;市（地）级及以下直属机构综合管理类","用人司局：国家统计局内蒙古调查总队
职位简介：从事一线入户调查、数据处理、统计分析、统计研究等工作
专业要求：统计学类、数学类、计算机类
学历要求：仅限本科
学位要求：学士
政治面貌：不限
基层工作经历：无限制
考试类别：市（地）级及以下直属机构综合管理类
备注：1.须以最高学历学位主修专业报考，考生报考专业须与招录专业名称一致；2.仅限应届高校毕业生报考；3.本单位最低服务年限为5年（含试用期）；4.需经常下乡入户，条件较为艰苦；4.本职位专业要求均为专业目录中的“专业类”，非“专业大类（学科大类）”。","https://www.xjhc.gov.cn/xjhc/c116834/202410/a29382e11a674da3be3353af65f9fcc5.shtml#137105-400110105016","2024-10-14","{""dataset_year"":2025,""job_uid"":""GOV-2025-137105-400110105016"",""publisher"":""国家公务员局"",""publication_page"":""https://www.xjhc.gov.cn/xjhc/c116834/202410/a29382e11a674da3be3353af65f9fcc5.shtml"",""attachment_url"":""https://www.xjhc.gov.cn/xjhc/c116834/202410/a29382e11a674da3be3353af65f9fcc5/files/0536cef86e2b46ddad6aae5a3780089e.xls"",""local_source_file"":""2025_guokao_zhaokaojianzhang.xls"",""local_source_sha256"":""07ae6cab368cd21b7a1ac3e8150fe9a3d39ad5171ce76135ff3cccfe50c3e77e"",""source_sheet"":""中央国家行政机关参照公务员法管理事业单位"",""filter_version"":""government_tech_v2"",""tech_filter"":{""is_tech"":true,""is_core_tech"":true,""scope"":""core"",""categories"":[""computer_software"",""data_ai""],""matched_fields"":[""major"",""description""],""major_terms"":[""计算机类""],""role_terms"":[""数据处理""],""reason"":""tech_major_and_role""},""original"":{""部门代码"":""137105"",""部门名称"":""国家统计局内蒙古调查总队"",""用人司局"":""国家统计局内蒙古调查总队"",""机构性质"":""中央国家行政机关参照公务员法管理事业单位"",""招考职位"":""青山调查队一级科员"",""职位属性"":""普通职位"",""职位分布"":""西部地区和艰苦边远地区职位"",""职位简介"":""从事一线入户调查、数据处理、统计分析、统计研究等工作"",""职位代码"":""400110105016"",""机构层级"":""县（区）级及以下"",""考试类别"":""市（地）级及以下直属机构综合管理类"",""招考人数"":""1"",""专业"":""统计学类、数学类、计算机类"",""学历"":""仅限本科"",""学位"":""学士"",""政治面貌"":""不限"",""基层工作最低年限"":""无限制"",""服务基层项目工作经历"":""无限制"",""是否在面试阶段组织专业能力测试"":""否"",""面试人员比例"":""3:1"",""工作地点"":""内蒙古自治区包头市青山区"",""落户地点"":""内蒙古自治区包头市青山区"",""备注"":""1.须以最高学历学位主修专业报考，考生报考专业须与招录专业名称一致；2.仅限应届高校毕业生报考；3.本单位最低服务年限为5年（含试用期）；4.需经常下乡入户，条件较为艰苦；4.本职位专业要求均为专业目录中的“专业类”，非“专业大类（学科大类）”。"",""部门网站"":""无"",""咨询电话1"":""04714938385"",""咨询电话2"":""04714963756"",""咨询电话3"":"""",""来源Sheet"":""中央国家行政机关参照公务员法管理事业单位""}}"
"government_jobs","国家公务员2025招考简章","公务员/事业单位技术岗位","内蒙古自治区呼伦贝尔市莫力达瓦达斡尔族自治旗","2026-07-28T09:12:58.310295+00:00","莫力达瓦调查队一级科员","国家统计局内蒙古调查总队","","内蒙古自治区呼伦贝尔市莫力达瓦达斡尔族自治旗","公务员/事业单位;2025;computer_software;data_ai;仅限本科;学士;统计学类、数学类、计算机类、经济学类、财务管理、会计学、汉语言文学、汉语言、新闻学;市（地）级及以下直属机构综合管理类","用人司局：国家统计局内蒙古调查总队
职位简介：从事一线入户调查、数据处理、统计分析、统计研究等工作
专业要求：统计学类、数学类、计算机类、经济学类、财务管理、会计学、汉语言文学、汉语言、新闻学
学历要求：仅限本科
学位要求：学士
政治面貌：不限
基层工作经历：无限制
考试类别：市（地）级及以下直属机构综合管理类
备注：1.须以最高学历学位主修专业报考，考生报考专业须与招录专业名称一致；2.仅限应届高校毕业生报考；3.限内蒙古自治区呼伦贝尔市范围内户籍人员报考；4.本单位最低服务年限为5年（含试用期）；5.需经常下乡入户，条件较为艰苦；6.本职位专业要求均为专业目录中的“专业类”，非“专业大类（学科大类）”。","https://www.xjhc.gov.cn/xjhc/c116834/202410/a29382e11a674da3be3353af65f9fcc5.shtml#137105-400110105017","2024-10-14","{""dataset_year"":2025,""job_uid"":""GOV-2025-137105-400110105017"",""publisher"":""国家公务员局"",""publication_page"":""https://www.xjhc.gov.cn/xjhc/c116834/202410/a29382e11a674da3be3353af65f9fcc5.shtml"",""attachment_url"":""https://www.xjhc.gov.cn/xjhc/c116834/202410/a29382e11a674da3be3353af65f9fcc5/files/0536cef86e2b46ddad6aae5a3780089e.xls"",""local_source_file"":""2025_guokao_zhaokaojianzhang.xls"",""local_source_sha256"":""07ae6cab368cd21b7a1ac3e8150fe9a3d39ad5171ce76135ff3cccfe50c3e77e"",""source_sheet"":""中央国家行政机关参照公务员法管理事业单位"",""filter_version"":""government_tech_v2"",""tech_filter"":{""is_tech"":true,""is_core_tech"":true,""scope"":""core"",""categories"":[""computer_software"",""data_ai""],""matched_fields"":[""major"",""description""],""major_terms"":[""计算机类""],""role_terms"":[""数据处理""],""reason"":""tech_major_and_role""},""original"":{""部门代码"":""137105"",""部门名称"":""国家统计局内蒙古调查总队"",""用人司局"":""国家统计局内蒙古调查总队"",""机构性质"":""中央国家行政机关参照公务员法管理事业单位"",""招考职位"":""莫力达瓦调查队一级科员"",""职位属性"":""普通职位"",""职位分布"":""西部地区和艰苦边远地区职位"",""职位简介"":""从事一线入户调查、数据处理、统计分析、统计研究等工作"",""职位代码"":""400110105017"",""机构层级"":""县（区）级及以下"",""考试类别"":""市（地）级及以下直属机构综合管理类"",""招考人数"":""1"",""专业"":""统计学类、数学类、计算机类、经济学类、财务管理、会计学、汉语言文学、汉语言、新闻学"",""学历"":""仅限本科"",""学位"":""学士"",""政治面貌"":""不限"",""基层工作最低年限"":""无限制"",""服务基层项目工作经历"":""无限制"",""是否在面试阶段组织专业能力测试"":""否"",""面试人员比例"":""3:1"",""工作地点"":""内蒙古自治区呼伦贝尔市莫力达瓦达斡尔族自治旗"",""落户地点"":""内蒙古自治区呼伦贝尔市莫力达瓦达斡尔族自治旗"",""备注"":""1.须以最高学历学位主修专业报考，考生报考专业须与招录专业名称一致；2.仅限应届高校毕业生报考；3.限内蒙古自治区呼伦贝尔市范围内户籍人员报考；4.本单位最低服务年限为5年（含试用期）；5.需经常下乡入户，条件较为艰苦；6.本职位专业要求均为专业目录中的“专业类”，非“专业大类（学科大类）”。"",""部门网站"":""无"",""咨询电话1"":""04714938385"",""咨询电话2"":""04714963756"",""咨询电话3"":"""",""来源Sheet"":""中央国家行政机关参照公务员法管理事业单位""}}"
"government_jobs","国家公务员2025招考简章","公务员/事业单位技术岗位","内蒙古自治区呼伦贝尔市根河市","2026-07-28T09:12:58.310295+00:00","根河调查队一级科员","国家统计局内蒙古调查总队","","内蒙古自治区呼伦贝尔市根河市","公务员/事业单位;2025;computer_software;data_ai;仅限本科;学士;统计学类、数学类、计算机类、财务管理、会计学;市（地）级及以下直属机构综合管理类","用人司局：国家统计局内蒙古调查总队
职位简介：从事一线入户调查、数据处理、统计分析、统计研究等工作
专业要求：统计学类、数学类、计算机类、财务管理、会计学
学历要求：仅限本科
学位要求：学士
政治面貌：不限
基层工作经历：无限制
考试类别：市（地）级及以下直属机构综合管理类
备注：1.须以最高学历学位主修专业报考，考生报考专业须与招录专业名称一致；2.仅限应届高校毕业生报考；3.限内蒙古自治区呼伦贝尔市范围内户籍人员报考；4.本单位最低服务年限为5年（含试用期）；5.需经常下乡入户，条件较为艰苦；6.本职位专业要求均为专业目录中的“专业类”，非“专业大类（学科大类）”。","https://www.xjhc.gov.cn/xjhc/c116834/202410/a29382e11a674da3be3353af65f9fcc5.shtml#137105-400110105018","2024-10-14","{""dataset_year"":2025,""job_uid"":""GOV-2025-137105-400110105018"",""publisher"":""国家公务员局"",""publication_page"":""https://www.xjhc.gov.cn/xjhc/c116834/202410/a29382e11a674da3be3353af65f9fcc5.shtml"",""attachment_url"":""https://www.xjhc.gov.cn/xjhc/c116834/202410/a29382e11a674da3be3353af65f9fcc5/files/0536cef86e2b46ddad6aae5a3780089e.xls"",""local_source_file"":""2025_guokao_zhaokaojianzhang.xls"",""local_source_sha256"":""07ae6cab368cd21b7a1ac3e8150fe9a3d39ad5171ce76135ff3cccfe50c3e77e"",""source_sheet"":""中央国家行政机关参照公务员法管理事业单位"",""filter_version"":""government_tech_v2"",""tech_filter"":{""is_tech"":true,""is_core_tech"":true,""scope"":""core"",""categories"":[""computer_software"",""data_ai""],""matched_fields"":[""major"",""description""],""major_terms"":[""计算机类""],""role_terms"":[""数据处理""],""reason"":""tech_major_and_role""},""original"":{""部门代码"":""137105"",""部门名称"":""国家统计局内蒙古调查总队"",""用人司局"":""国家统计局内蒙古调查总队"",""机构性质"":""中央国家行政机关参照公务员法管理事业单位"",""招考职位"":""根河调查队一级科员"",""职位属性"":""普通职位"",""职位分布"":""西部地区和艰苦边远地区职位"",""职位简介"":""从事一线入户调查、数据处理、统计分析、统计研究等工作"",""职位代码"":""400110105018"",""机构层级"":""县（区）级及以下"",""考试类别"":""市（地）级及以下直属机构综合管理类"",""招考人数"":""1"",""专业"":""统计学类、数学类、计算机类、财务管理、会计学"",""学历"":""仅限本科"",""学位"":""学士"",""政治面貌"":""不限"",""基层工作最低年限"":""无限制"",""服务基层项目工作经历"":""无限制"",""是否在面试阶段组织专业能力测试"":""否"",""面试人员比例"":""3:1"",""工作地点"":""内蒙古自治区呼伦贝尔市根河市"",""落户地点"":""内蒙古自治区呼伦贝尔市根河市"",""备注"":""1.须以最高学历学位主修专业报考，考生报考专业须与招录专业名称一致；2.仅限应届高校毕业生报考；3.限内蒙古自治区呼伦贝尔市范围内户籍人员报考；4.本单位最低服务年限为5年（含试用期）；5.需经常下乡入户，条件较为艰苦；6.本职位专业要求均为专业目录中的“专业类”，非“专业大类（学科大类）”。"",""部门网站"":""无"",""咨询电话1"":""04714938385"",""咨询电话2"":""04714963756"",""咨询电话3"":"""",""来源Sheet"":""中央国家行政机关参照公务员法管理事业单位""}}"
"government_jobs","国家公务员2025招考简章","公务员/事业单位技术岗位","内蒙古自治区兴安盟科尔沁右翼前旗","2026-07-28T09:12:58.310295+00:00","科右前调查队一级科员（1）","国家统计局内蒙古调查总队","","内蒙古自治区兴安盟科尔沁右翼前旗","公务员/事业单位;2025;computer_software;data_ai;仅限本科;学士;统计学类、数学类、计算机类;市（地）级及以下直属机构综合管理类","用人司局：国家统计局内蒙古调查总队
职位简介：从事一线入户调查、数据处理、统计分析、统计研究等工作
专业要求：统计学类、数学类、计算机类
学历要求：仅限本科
学位要求：学士
政治面貌：不限
基层工作经历：无限制
考试类别：市（地）级及以下直属机构综合管理类
备注：1.须以最高学历学位主修专业报考，考生报考专业须与招录专业名称一致；2.仅限应届高校毕业生报考；3.限内蒙古自治区兴安盟范围内户籍人员报考；4.本单位最低服务年限为5年（含试用期）；5.需经常下乡入户，条件较为艰苦；6.本职位专业要求均为专业目录中的“专业类”，非“专业大类（学科大类）”。","https://www.xjhc.gov.cn/xjhc/c116834/202410/a29382e11a674da3be3353af65f9fcc5.shtml#137105-400110105019","2024-10-14","{""dataset_year"":2025,""job_uid"":""GOV-2025-137105-400110105019"",""publisher"":""国家公务员局"",""publication_page"":""https://www.xjhc.gov.cn/xjhc/c116834/202410/a29382e11a674da3be3353af65f9fcc5.shtml"",""attachment_url"":""https://www.xjhc.gov.cn/xjhc/c116834/202410/a29382e11a674da3be3353af65f9fcc5/files/0536cef86e2b46ddad6aae5a3780089e.xls"",""local_source_file"":""2025_guokao_zhaokaojianzhang.xls"",""local_source_sha256"":""07ae6cab368cd21b7a1ac3e8150fe9a3d39ad5171ce76135ff3cccfe50c3e77e"",""source_sheet"":""中央国家行政机关参照公务员法管理事业单位"",""filter_version"":""government_tech_v2"",""tech_filter"":{""is_tech"":true,""is_core_tech"":true,""scope"":""core"",""categories"":[""computer_software"",""data_ai""],""matched_fields"":[""major"",""description""],""major_terms"":[""计算机类""],""role_terms"":[""数据处理""],""reason"":""tech_major_and_role""},""original"":{""部门代码"":""137105"",""部门名称"":""国家统计局内蒙古调查总队"",""用人司局"":""国家统计局内蒙古调查总队"",""机构性质"":""中央国家行政机关参照公务员法管理事业单位"",""招考职位"":""科右前调查队一级科员（1）"",""职位属性"":""普通职位"",""职位分布"":""西部地区和艰苦边远地区职位"",""职位简介"":""从事一线入户调查、数据处理、统计分析、统计研究等工作"",""职位代码"":""400110105019"",""机构层级"":""县（区）级及以下"",""考试类别"":""市（地）级及以下直属机构综合管理类"",""招考人数"":""1"",""专业"":""统计学类、数学类、计算机类"",""学历"":""仅限本科"",""学位"":""学士"",""政治面貌"":""不限"",""基层工作最低年限"":""无限制"",""服务基层项目工作经历"":""无限制"",""是否在面试阶段组织专业能力测试"":""否"",""面试人员比例"":""3:1"",""工作地点"":""内蒙古自治区兴安盟科尔沁右翼前旗"",""落户地点"":""内蒙古自治区兴安盟科尔沁右翼前旗"",""备注"":""1.须以最高学历学位主修专业报考，考生报考专业须与招录专业名称一致；2.仅限应届高校毕业生报考；3.限内蒙古自治区兴安盟范围内户籍人员报考；4.本单位最低服务年限为5年（含试用期）；5.需经常下乡入户，条件较为艰苦；6.本职位专业要求均为专业目录中的“专业类”，非“专业大类（学科大类）”。"",""部门网站"":""无"",""咨询电话1"":""04714938385"",""咨询电话2"":""04714963756"",""咨询电话3"":"""",""来源Sheet"":""中央国家行政机关参照公务员法管理事业单位""}}"
"government_jobs","国家公务员2025招考简章","公务员/事业单位技术岗位","内蒙古自治区兴安盟突泉县","2026-07-28T09:12:58.310295+00:00","突泉调查队一级科员","国家统计局内蒙古调查总队","","内蒙古自治区兴安盟突泉县","公务员/事业单位;2025;computer_software;data_ai;仅限本科;学士;统计学类、数学类、计算机类;市（地）级及以下直属机构综合管理类","用人司局：国家统计局内蒙古调查总队
职位简介：从事一线入户调查、数据处理、统计分析、统计研究等工作
专业要求：统计学类、数学类、计算机类
学历要求：仅限本科
学位要求：学士
政治面貌：不限
基层工作经历：无限制
考试类别：市（地）级及以下直属机构综合管理类
备注：1.须以最高学历学位主修专业报考，考生报考专业须与招录专业名称一致；2.仅限应届高校毕业生报考；3.限内蒙古自治区兴安盟范围内户籍人员报考；4.本单位最低服务年限为5年（含试用期）；5.需经常下乡入户，条件较为艰苦；6.本职位专业要求均为专业目录中的“专业类”，非“专业大类（学科大类）”。","https://www.xjhc.gov.cn/xjhc/c116834/202410/a29382e11a674da3be3353af65f9fcc5.shtml#137105-400110105021","2024-10-14","{""dataset_year"":2025,""job_uid"":""GOV-2025-137105-400110105021"",""publisher"":""国家公务员局"",""publication_page"":""https://www.xjhc.gov.cn/xjhc/c116834/202410/a29382e11a674da3be3353af65f9fcc5.shtml"",""attachment_url"":""https://www.xjhc.gov.cn/xjhc/c116834/202410/a29382e11a674da3be3353af65f9fcc5/files/0536cef86e2b46ddad6aae5a3780089e.xls"",""local_source_file"":""2025_guokao_zhaokaojianzhang.xls"",""local_source_sha256"":""07ae6cab368cd21b7a1ac3e8150fe9a3d39ad5171ce76135ff3cccfe50c3e77e"",""source_sheet"":""中央国家行政机关参照公务员法管理事业单位"",""filter_version"":""government_tech_v2"",""tech_filter"":{""is_tech"":true,""is_core_tech"":true,""scope"":""core"",""categories"":[""computer_software"",""data_ai""],""matched_fields"":[""major"",""description""],""major_terms"":[""计算机类""],""role_terms"":[""数据处理""],""reason"":""tech_major_and_role""},""original"":{""部门代码"":""137105"",""部门名称"":""国家统计局内蒙古调查总队"",""用人司局"":""国家统计局内蒙古调查总队"",""机构性质"":""中央国家行政机关参照公务员法管理事业单位"",""招考职位"":""突泉调查队一级科员"",""职位属性"":""普通职位"",""职位分布"":""西部地区和艰苦边远地区职位"",""职位简介"":""从事一线入户调查、数据处理、统计分析、统计研究等工作"",""职位代码"":""400110105021"",""机构层级"":""县（区）级及以下"",""考试类别"":""市（地）级及以下直属机构综合管理类"",""招考人数"":""2"",""专业"":""统计学类、数学类、计算机类"",""学历"":""仅限本科"",""学位"":""学士"",""政治面貌"":""不限"",""基层工作最低年限"":""无限制"",""服务基层项目工作经历"":""无限制"",""是否在面试阶段组织专业能力测试"":""否"",""面试人员比例"":""3:1"",""工作地点"":""内蒙古自治区兴安盟突泉县"",""落户地点"":""内蒙古自治区兴安盟突泉县"",""备注"":""1.须以最高学历学位主修专业报考，考生报考专业须与招录专业名称一致；2.仅限应届高校毕业生报考；3.限内蒙古自治区兴安盟范围内户籍人员报考；4.本单位最低服务年限为5年（含试用期）；5.需经常下乡入户，条件较为艰苦；6.本职位专业要求均为专业目录中的“专业类”，非“专业大类（学科大类）”。"",""部门网站"":""无"",""咨询电话1"":""04714938385"",""咨询电话2"":""04714963756"",""咨询电话3"":"""",""来源Sheet"":""中央国家行政机关参照公务员法管理事业单位""}}"
"government_jobs","国家公务员2025招考简章","公务员/事业单位技术岗位","内蒙古自治区通辽市科尔沁左翼中旗","2026-07-28T09:12:58.310295+00:00","科左中调查队一级科员","国家统计局内蒙古调查总队","","内蒙古自治区通辽市科尔沁左翼中旗","公务员/事业单位;2025;computer_software;data_ai;仅限本科;学士;统计学类、数学类、计算机类;市（地）级及以下直属机构综合管理类","用人司局：国家统计局内蒙古调查总队
职位简介：从事一线入户调查、数据处理、统计分析、统计研究等工作
专业要求：统计学类、数学类、计算机类
学历要求：仅限本科
学位要求：学士
政治面貌：不限
基层工作经历：无限制
考试类别：市（地）级及以下直属机构综合管理类
备注：1.须以最高学历学位主修专业报考，考生报考专业须与招录专业名称一致；2.仅限应届高校毕业生报考；3.限内蒙古自治区通辽市范围内户籍人员报考；4.本单位最低服务年限为5年（含试用期）；5.需经常下乡入户，条件较为艰苦；6.本职位专业要求均为专业目录中的“专业类”，非“专业大类（学科大类）”。","https://www.xjhc.gov.cn/xjhc/c116834/202410/a29382e11a674da3be3353af65f9fcc5.shtml#137105-400110105022","2024-10-14","{""dataset_year"":2025,""job_uid"":""GOV-2025-137105-400110105022"",""publisher"":""国家公务员局"",""publication_page"":""https://www.xjhc.gov.cn/xjhc/c116834/202410/a29382e11a674da3be3353af65f9fcc5.shtml"",""attachment_url"":""https://www.xjhc.gov.cn/xjhc/c116834/202410/a29382e11a674da3be3353af65f9fcc5/files/0536cef86e2b46ddad6aae5a3780089e.xls"",""local_source_file"":""2025_guokao_zhaokaojianzhang.xls"",""local_source_sha256"":""07ae6cab368cd21b7a1ac3e8150fe9a3d39ad5171ce76135ff3cccfe50c3e77e"",""source_sheet"":""中央国家行政机关参照公务员法管理事业单位"",""filter_version"":""government_tech_v2"",""tech_filter"":{""is_tech"":true,""is_core_tech"":true,""scope"":""core"",""categories"":[""computer_software"",""data_ai""],""matched_fields"":[""major"",""description""],""major_terms"":[""计算机类""],""role_terms"":[""数据处理""],""reason"":""tech_major_and_role""},""original"":{""部门代码"":""137105"",""部门名称"":""国家统计局内蒙古调查总队"",""用人司局"":""国家统计局内蒙古调查总队"",""机构性质"":""中央国家行政机关参照公务员法管理事业单位"",""招考职位"":""科左中调查队一级科员"",""职位属性"":""普通职位"",""职位分布"":""西部地区和艰苦边远地区职位"",""职位简介"":""从事一线入户调查、数据处理、统计分析、统计研究等工作"",""职位代码"":""400110105022"",""机构层级"":""县（区）级及以下"",""考试类别"":""市（地）级及以下直属机构综合管理类"",""招考人数"":""1"",""专业"":""统计学类、数学类、计算机类"",""学历"":""仅限本科"",""学位"":""学士"",""政治面貌"":""不限"",""基层工作最低年限"":""无限制"",""服务基层项目工作经历"":""无限制"",""是否在面试阶段组织专业能力测试"":""否"",""面试人员比例"":""3:1"",""工作地点"":""内蒙古自治区通辽市科尔沁左翼中旗"",""落户地点"":""内蒙古自治区通辽市科尔沁左翼中旗"",""备注"":""1.须以最高学历学位主修专业报考，考生报考专业须与招录专业名称一致；2.仅限应届高校毕业生报考；3.限内蒙古自治区通辽市范围内户籍人员报考；4.本单位最低服务年限为5年（含试用期）；5.需经常下乡入户，条件较为艰苦；6.本职位专业要求均为专业目录中的“专业类”，非“专业大类（学科大类）”。"",""部门网站"":""无"",""咨询电话1"":""04714938385"",""咨询电话2"":""04714963756"",""咨询电话3"":"""",""来源Sheet"":""中央国家行政机关参照公务员法管理事业单位""}}"
"government_jobs","国家公务员2025招考简章","公务员/事业单位技术岗位","内蒙古自治区锡林郭勒盟正镶白旗","2026-07-28T09:12:58.310295+00:00","正镶白调查队一级科员","国家统计局内蒙古调查总队","","内蒙古自治区锡林郭勒盟正镶白旗","公务员/事业单位;2025;computer_software;data_ai;仅限本科;学士;统计学类、经济学类，计算机类、数学类、会计学、财务管理;市（地）级及以下直属机构综合管理类","用人司局：国家统计局内蒙古调查总队
职位简介：从事一线入户调查、数据处理、统计分析、统计研究等工作
专业要求：统计学类、经济学类，计算机类、数学类、会计学、财务管理
学历要求：仅限本科
学位要求：学士
政治面貌：不限
基层工作经历：无限制
考试类别：市（地）级及以下直属机构综合管理类
备注：1.须以最高学历学位主修专业报考，考生报考专业须与招录专业名称一致；2.仅限应届高校毕业生报考；3.本单位最低服务年限为5年（含试用期）；4.需经常下乡入户，条件较为艰苦；5.本职位专业要求均为专业目录中的“专业类”，非“专业大类（学科大类）”。","https://www.xjhc.gov.cn/xjhc/c116834/202410/a29382e11a674da3be3353af65f9fcc5.shtml#137105-400110105025","2024-10-14","{""dataset_year"":2025,""job_uid"":""GOV-2025-137105-400110105025"",""publisher"":""国家公务员局"",""publication_page"":""https://www.xjhc.gov.cn/xjhc/c116834/202410/a29382e11a674da3be3353af65f9fcc5.shtml"",""attachment_url"":""https://www.xjhc.gov.cn/xjhc/c116834/202410/a29382e11a674da3be3353af65f9fcc5/files/0536cef86e2b46ddad6aae5a3780089e.xls"",""local_source_file"":""2025_guokao_zhaokaojianzhang.xls"",""local_source_sha256"":""07ae6cab368cd21b7a1ac3e8150fe9a3d39ad5171ce76135ff3cccfe50c3e77e"",""source_sheet"":""中央国家行政机关参照公务员法管理事业单位"",""filter_version"":""government_tech_v2"",""tech_filter"":{""is_tech"":true,""is_core_tech"":true,""scope"":""core"",""categories"":[""computer_software"",""data_ai""],""matched_fields"":[""major"",""description""],""major_terms"":[""计算机类""],""role_terms"":[""数据处理""],""reason"":""tech_major_and_role""},""original"":{""部门代码"":""137105"",""部门名称"":""国家统计局内蒙古调查总队"",""用人司局"":""国家统计局内蒙古调查总队"",""机构性质"":""中央国家行政机关参照公务员法管理事业单位"",""招考职位"":""正镶白调查队一级科员"",""职位属性"":""普通职位"",""职位分布"":""西部地区和艰苦边远地区职位"",""职位简介"":""从事一线入户调查、数据处理、统计分析、统计研究等工作"",""职位代码"":""400110105025"",""机构层级"":""县（区）级及以下"",""考试类别"":""市（地）级及以下直属机构综合管理类"",""招考人数"":""1"",""专业"":""统计学类、经济学类，计算机类、数学类、会计学、财务管理"",""学历"":""仅限本科"",""学位"":""学士"",""政治面貌"":""不限"",""基层工作最低年限"":""无限制"",""服务基层项目工作经历"":""无限制"",""是否在面试阶段组织专业能力测试"":""否"",""面试人员比例"":""3:1"",""工作地点"":""内蒙古自治区锡林郭勒盟正镶白旗"",""落户地点"":""内蒙古自治区锡林郭勒盟正镶白旗"",""备注"":""1.须以最高学历学位主修专业报考，考生报考专业须与招录专业名称一致；2.仅限应届高校毕业生报考；3.本单位最低服务年限为5年（含试用期）；4.需经常下乡入户，条件较为艰苦；5.本职位专业要求均为专业目录中的“专业类”，非“专业大类（学科大类）”。"",""部门网站"":""无"",""咨询电话1"":""04714938385"",""咨询电话2"":""04714963756"",""咨询电话3"":"""",""来源Sheet"":""中央国家行政机关参照公务员法管理事业单位""}}"
"government_jobs","国家公务员2025招考简章","公务员/事业单位技术岗位","内蒙古自治区乌兰察布市商都县","2026-07-28T09:12:58.310295+00:00","商都调查队一级科员（1）","国家统计局内蒙古调查总队","","内蒙古自治区乌兰察布市商都县","公务员/事业单位;2025;computer_software;data_ai;仅限本科;学士;统计学类、数学类、计算机类、汉语言文学、汉语言、会计学、财务管理;市（地）级及以下直属机构综合管理类","用人司局：国家统计局内蒙古调查总队
职位简介：从事一线入户调查、数据处理、统计分析、统计研究等工作
专业要求：统计学类、数学类、计算机类、汉语言文学、汉语言、会计学、财务管理
学历要求：仅限本科
学位要求：学士
政治面貌：不限
基层工作经历：无限制
考试类别：市（地）级及以下直属机构综合管理类
备注：1.限女性报考；2.须以最高学历学位主修专业报考，考生报考专业须与招录专业名称一致；3.仅限应届高校毕业生报考；4.限内蒙古自治区乌兰察布市范围内户籍人员报考；5.本单位最低服务年限为5年（含试用期）；6.需经常下乡入户，条件较为艰苦；7.本职位专业要求均为专业目录中的“专业类”，非“专业大类（学科大类）”。","https://www.xjhc.gov.cn/xjhc/c116834/202410/a29382e11a674da3be3353af65f9fcc5.shtml#137105-400110105026","2024-10-14","{""dataset_year"":2025,""job_uid"":""GOV-2025-137105-400110105026"",""publisher"":""国家公务员局"",""publication_page"":""https://www.xjhc.gov.cn/xjhc/c116834/202410/a29382e11a674da3be3353af65f9fcc5.shtml"",""attachment_url"":""https://www.xjhc.gov.cn/xjhc/c116834/202410/a29382e11a674da3be3353af65f9fcc5/files/0536cef86e2b46ddad6aae5a3780089e.xls"",""local_source_file"":""2025_guokao_zhaokaojianzhang.xls"",""local_source_sha256"":""07ae6cab368cd21b7a1ac3e8150fe9a3d39ad5171ce76135ff3cccfe50c3e77e"",""source_sheet"":""中央国家行政机关参照公务员法管理事业单位"",""filter_version"":""government_tech_v2"",""tech_filter"":{""is_tech"":true,""is_core_tech"":true,""scope"":""core"",""categories"":[""computer_software"",""data_ai""],""matched_fields"":[""major"",""description""],""major_terms"":[""计算机类""],""role_terms"":[""数据处理""],""reason"":""tech_major_and_role""},""original"":{""部门代码"":""137105"",""部门名称"":""国家统计局内蒙古调查总队"",""用人司局"":""国家统计局内蒙古调查总队"",""机构性质"":""中央国家行政机关参照公务员法管理事业单位"",""招考职位"":""商都调查队一级科员（1）"",""职位属性"":""普通职位"",""职位分布"":""西部地区和艰苦边远地区职位"",""职位简介"":""从事一线入户调查、数据处理、统计分析、统计研究等工作"",""职位代码"":""400110105026"",""机构层级"":""县（区）级及以下"",""考试类别"":""市（地）级及以下直属机构综合管理类"",""招考人数"":""1"",""专业"":""统计学类、数学类、计算机类、汉语言文学、汉语言、会计学、财务管理"",""学历"":""仅限本科"",""学位"":""学士"",""政治面貌"":""不限"",""基层工作最低年限"":""无限制"",""服务基层项目工作经历"":""无限制"",""是否在面试阶段组织专业能力测试"":""否"",""面试人员比例"":""3:1"",""工作地点"":""内蒙古自治区乌兰察布市商都县"",""落户地点"":""内蒙古自治区乌兰察布市商都县"",""备注"":""1.限女性报考；2.须以最高学历学位主修专业报考，考生报考专业须与招录专业名称一致；3.仅限应届高校毕业生报考；4.限内蒙古自治区乌兰察布市范围内户籍人员报考；5.本单位最低服务年限为5年（含试用期）；6.需经常下乡入户，条件较为艰苦；7.本职位专业要求均为专业目录中的“专业类”，非“专业大类（学科大类）”。"",""部门网站"":""无"",""咨询电话1"":""04714938385"",""咨询电话2"":""04714963756"",""咨询电话3"":"""",""来源Sheet"":""中央国家行政机关参照公务员法管理事业单位""}}"
"government_jobs","国家公务员2025招考简章","公务员/事业单位技术岗位","内蒙古自治区乌兰察布市商都县","2026-07-28T09:12:58.310295+00:00","商都调查队一级科员（2）","国家统计局内蒙古调查总队","","内蒙古自治区乌兰察布市商都县","公务员/事业单位;2025;computer_software;data_ai;仅限本科;学士;统计学类、数学类、计算机类、汉语言文学、汉语言、会计学、财务管理;市（地）级及以下直属机构综合管理类","用人司局：国家统计局内蒙古调查总队
职位简介：从事一线入户调查、数据处理、统计分析、统计研究等工作
专业要求：统计学类、数学类、计算机类、汉语言文学、汉语言、会计学、财务管理
学历要求：仅限本科
学位要求：学士
政治面貌：不限
基层工作经历：无限制
考试类别：市（地）级及以下直属机构综合管理类
备注：1.限男性报考；2.须以最高学历学位主修专业报考，考生报考专业须与招录专业名称一致；3.仅限应届高校毕业生报考；4.限内蒙古自治区乌兰察布市范围内户籍人员报考；5.本单位最低服务年限为5年（含试用期）；6.需经常下乡入户，条件较为艰苦；7.本职位专业要求均为专业目录中的“专业类”，非“专业大类（学科大类）”。","https://www.xjhc.gov.cn/xjhc/c116834/202410/a29382e11a674da3be3353af65f9fcc5.shtml#137105-400110105027","2024-10-14","{""dataset_year"":2025,""job_uid"":""GOV-2025-137105-400110105027"",""publisher"":""国家公务员局"",""publication_page"":""https://www.xjhc.gov.cn/xjhc/c116834/202410/a29382e11a674da3be3353af65f9fcc5.shtml"",""attachment_url"":""https://www.xjhc.gov.cn/xjhc/c116834/202410/a29382e11a674da3be3353af65f9fcc5/files/0536cef86e2b46ddad6aae5a3780089e.xls"",""local_source_file"":""2025_guokao_zhaokaojianzhang.xls"",""local_source_sha256"":""07ae6cab368cd21b7a1ac3e8150fe9a3d39ad5171ce76135ff3cccfe50c3e77e"",""source_sheet"":""中央国家行政机关参照公务员法管理事业单位"",""filter_version"":""government_tech_v2"",""tech_filter"":{""is_tech"":true,""is_core_tech"":true,""scope"":""core"",""categories"":[""computer_software"",""data_ai""],""matched_fields"":[""major"",""description""],""major_terms"":[""计算机类""],""role_terms"":[""数据处理""],""reason"":""tech_major_and_role""},""original"":{""部门代码"":""137105"",""部门名称"":""国家统计局内蒙古调查总队"",""用人司局"":""国家统计局内蒙古调查总队"",""机构性质"":""中央国家行政机关参照公务员法管理事业单位"",""招考职位"":""商都调查队一级科员（2）"",""职位属性"":""普通职位"",""职位分布"":""西部地区和艰苦边远地区职位"",""职位简介"":""从事一线入户调查、数据处理、统计分析、统计研究等工作"",""职位代码"":""400110105027"",""机构层级"":""县（区）级及以下"",""考试类别"":""市（地）级及以下直属机构综合管理类"",""招考人数"":""1"",""专业"":""统计学类、数学类、计算机类、汉语言文学、汉语言、会计学、财务管理"",""学历"":""仅限本科"",""学位"":""学士"",""政治面貌"":""不限"",""基层工作最低年限"":""无限制"",""服务基层项目工作经历"":""无限制"",""是否在面试阶段组织专业能力测试"":""否"",""面试人员比例"":""3:1"",""工作地点"":""内蒙古自治区乌兰察布市商都县"",""落户地点"":""内蒙古自治区乌兰察布市商都县"",""备注"":""1.限男性报考；2.须以最高学历学位主修专业报考，考生报考专业须与招录专业名称一致；3.仅限应届高校毕业生报考；4.限内蒙古自治区乌兰察布市范围内户籍人员报考；5.本单位最低服务年限为5年（含试用期）；6.需经常下乡入户，条件较为艰苦；7.本职位专业要求均为专业目录中的“专业类”，非“专业大类（学科大类）”。"",""部门网站"":""无"",""咨询电话1"":""04714938385"",""咨询电话2"":""04714963756"",""咨询电话3"":"""",""来源Sheet"":""中央国家行政机关参照公务员法管理事业单位""}}"
"government_jobs","国家公务员2025招考简章","公务员/事业单位技术岗位","内蒙古自治区乌兰察布市凉城县","2026-07-28T09:12:58.310295+00:00","凉城调查队一级科员","国家统计局内蒙古调查总队","","内蒙古自治区乌兰察布市凉城县","公务员/事业单位;2025;computer_software;data_ai;仅限本科;学士;统计学类、数学类、计算机类、汉语言文学、汉语言、会计学、财务管理;市（地）级及以下直属机构综合管理类","用人司局：国家统计局内蒙古调查总队
职位简介：从事一线入户调查、数据处理、统计分析、统计研究等工作
专业要求：统计学类、数学类、计算机类、汉语言文学、汉语言、会计学、财务管理
学历要求：仅限本科
学位要求：学士
政治面貌：不限
基层工作经历：无限制
考试类别：市（地）级及以下直属机构综合管理类
备注：1.须以最高学历学位主修专业报考，考生报考专业须与招录专业名称一致；2.仅限应届高校毕业生报考；3.限内蒙古自治区乌兰察布市范围内户籍人员报考；4.本单位最低服务年限为5年（含试用期）；5.需经常下乡入户，条件较为艰苦；6.本职位专业要求均为专业目录中的“专业类”，非“专业大类（学科大类）”。","https://www.xjhc.gov.cn/xjhc/c116834/202410/a29382e11a674da3be3353af65f9fcc5.shtml#137105-400110105028","2024-10-14","{""dataset_year"":2025,""job_uid"":""GOV-2025-137105-400110105028"",""publisher"":""国家公务员局"",""publication_page"":""https://www.xjhc.gov.cn/xjhc/c116834/202410/a29382e11a674da3be3353af65f9fcc5.shtml"",""attachment_url"":""https://www.xjhc.gov.cn/xjhc/c116834/202410/a29382e11a674da3be3353af65f9fcc5/files/0536cef86e2b46ddad6aae5a3780089e.xls"",""local_source_file"":""2025_guokao_zhaokaojianzhang.xls"",""local_source_sha256"":""07ae6cab368cd21b7a1ac3e8150fe9a3d39ad5171ce76135ff3cccfe50c3e77e"",""source_sheet"":""中央国家行政机关参照公务员法管理事业单位"",""filter_version"":""government_tech_v2"",""tech_filter"":{""is_tech"":true,""is_core_tech"":true,""scope"":""core"",""categories"":[""computer_software"",""data_ai""],""matched_fields"":[""major"",""description""],""major_terms"":[""计算机类""],""role_terms"":[""数据处理""],""reason"":""tech_major_and_role""},""original"":{""部门代码"":""137105"",""部门名称"":""国家统计局内蒙古调查总队"",""用人司局"":""国家统计局内蒙古调查总队"",""机构性质"":""中央国家行政机关参照公务员法管理事业单位"",""招考职位"":""凉城调查队一级科员"",""职位属性"":""普通职位"",""职位分布"":""西部地区和艰苦边远地区职位"",""职位简介"":""从事一线入户调查、数据处理、统计分析、统计研究等工作"",""职位代码"":""400110105028"",""机构层级"":""县（区）级及以下"",""考试类别"":""市（地）级及以下直属机构综合管理类"",""招考人数"":""1"",""专业"":""统计学类、数学类、计算机类、汉语言文学、汉语言、会计学、财务管理"",""学历"":""仅限本科"",""学位"":""学士"",""政治面貌"":""不限"",""基层工作最低年限"":""无限制"",""服务基层项目工作经历"":""无限制"",""是否在面试阶段组织专业能力测试"":""否"",""面试人员比例"":""3:1"",""工作地点"":""内蒙古自治区乌兰察布市凉城县"",""落户地点"":""内蒙古自治区乌兰察布市凉城县"",""备注"":""1.须以最高学历学位主修专业报考，考生报考专业须与招录专业名称一致；2.仅限应届高校毕业生报考；3.限内蒙古自治区乌兰察布市范围内户籍人员报考；4.本单位最低服务年限为5年（含试用期）；5.需经常下乡入户，条件较为艰苦；6.本职位专业要求均为专业目录中的“专业类”，非“专业大类（学科大类）”。"",""部门网站"":""无"",""咨询电话1"":""04714938385"",""咨询电话2"":""04714963756"",""咨询电话3"":"""",""来源Sheet"":""中央国家行政机关参照公务员法管理事业单位""}}"
"government_jobs","国家公务员2025招考简章","公务员/事业单位技术岗位","内蒙古自治区乌兰察布市四子王旗","2026-07-28T09:12:58.310295+00:00","四子王调查队一级科员","国家统计局内蒙古调查总队","","内蒙古自治区乌兰察布市四子王旗","公务员/事业单位;2025;computer_software;data_ai;仅限本科;学士;统计学类、数学类、计算机类;市（地）级及以下直属机构综合管理类","用人司局：国家统计局内蒙古调查总队
职位简介：从事一线入户调查、数据处理、统计分析、统计研究等工作
专业要求：统计学类、数学类、计算机类
学历要求：仅限本科
学位要求：学士
政治面貌：不限
基层工作经历：无限制
考试类别：市（地）级及以下直属机构综合管理类
备注：1.须以最高学历学位主修专业报考，考生报考专业须与招录专业名称一致；2.仅限应届高校毕业生报考；3.限内蒙古自治区乌兰察布市范围内户籍人员报考；4.本单位最低服务年限为5年（含试用期）；5.需经常下乡入户，条件较为艰苦；6.本职位专业要求均为专业目录中的“专业类”，非“专业大类（学科大类）”。","https://www.xjhc.gov.cn/xjhc/c116834/202410/a29382e11a674da3be3353af65f9fcc5.shtml#137105-400110105029","2024-10-14","{""dataset_year"":2025,""job_uid"":""GOV-2025-137105-400110105029"",""publisher"":""国家公务员局"",""publication_page"":""https://www.xjhc.gov.cn/xjhc/c116834/202410/a29382e11a674da3be3353af65f9fcc5.shtml"",""attachment_url"":""https://www.xjhc.gov.cn/xjhc/c116834/202410/a29382e11a674da3be3353af65f9fcc5/files/0536cef86e2b46ddad6aae5a3780089e.xls"",""local_source_file"":""2025_guokao_zhaokaojianzhang.xls"",""local_source_sha256"":""07ae6cab368cd21b7a1ac3e8150fe9a3d39ad5171ce76135ff3cccfe50c3e77e"",""source_sheet"":""中央国家行政机关参照公务员法管理事业单位"",""filter_version"":""government_tech_v2"",""tech_filter"":{""is_tech"":true,""is_core_tech"":true,""scope"":""core"",""categories"":[""computer_software"",""data_ai""],""matched_fields"":[""major"",""description""],""major_terms"":[""计算机类""],""role_terms"":[""数据处理""],""reason"":""tech_major_and_role""},""original"":{""部门代码"":""137105"",""部门名称"":""国家统计局内蒙古调查总队"",""用人司局"":""国家统计局内蒙古调查总队"",""机构性质"":""中央国家行政机关参照公务员法管理事业单位"",""招考职位"":""四子王调查队一级科员"",""职位属性"":""普通职位"",""职位分布"":""西部地区和艰苦边远地区职位"",""职位简介"":""从事一线入户调查、数据处理、统计分析、统计研究等工作"",""职位代码"":""400110105029"",""机构层级"":""县（区）级及以下"",""考试类别"":""市（地）级及以下直属机构综合管理类"",""招考人数"":""1"",""专业"":""统计学类、数学类、计算机类"",""学历"":""仅限本科"",""学位"":""学士"",""政治面貌"":""不限"",""基层工作最低年限"":""无限制"",""服务基层项目工作经历"":""无限制"",""是否在面试阶段组织专业能力测试"":""否"",""面试人员比例"":""3:1"",""工作地点"":""内蒙古自治区乌兰察布市四子王旗"",""落户地点"":""内蒙古自治区乌兰察布市四子王旗"",""备注"":""1.须以最高学历学位主修专业报考，考生报考专业须与招录专业名称一致；2.仅限应届高校毕业生报考；3.限内蒙古自治区乌兰察布市范围内户籍人员报考；4.本单位最低服务年限为5年（含试用期）；5.需经常下乡入户，条件较为艰苦；6.本职位专业要求均为专业目录中的“专业类”，非“专业大类（学科大类）”。"",""部门网站"":""无"",""咨询电话1"":""04714938385"",""咨询电话2"":""04714963756"",""咨询电话3"":"""",""来源Sheet"":""中央国家行政机关参照公务员法管理事业单位""}}"
"government_jobs","国家公务员2025招考简章","公务员/事业单位技术岗位","内蒙古自治区鄂尔多斯市达拉特旗","2026-07-28T09:12:58.310295+00:00","达拉特调查队一级科员","国家统计局内蒙古调查总队","","内蒙古自治区鄂尔多斯市达拉特旗","公务员/事业单位;2025;computer_software;data_ai;仅限本科;学士;统计学类、经济学类、数学类、计算机类;市（地）级及以下直属机构综合管理类","用人司局：国家统计局内蒙古调查总队
职位简介：从事一线入户调查、数据处理、统计分析、统计研究等工作
专业要求：统计学类、经济学类、数学类、计算机类
学历要求：仅限本科
学位要求：学士
政治面貌：不限
基层工作经历：无限制
考试类别：市（地）级及以下直属机构综合管理类
备注：1.须以最高学历学位主修专业报考，考生报考专业须与招录专业名称一致；2.仅限应届高校毕业生报考；3.限内蒙古自治区鄂尔多斯市范围内户籍人员报考；4.本单位最低服务年限为5年（含试用期）；5.需经常下乡入户，条件较为艰苦；6.本职位专业要求均为专业目录中的“专业类”，非“专业大类（学科大类）”。","https://www.xjhc.gov.cn/xjhc/c116834/202410/a29382e11a674da3be3353af65f9fcc5.shtml#137105-400110105031","2024-10-14","{""dataset_year"":2025,""job_uid"":""GOV-2025-137105-400110105031"",""publisher"":""国家公务员局"",""publication_page"":""https://www.xjhc.gov.cn/xjhc/c116834/202410/a29382e11a674da3be3353af65f9fcc5.shtml"",""attachment_url"":""https://www.xjhc.gov.cn/xjhc/c116834/202410/a29382e11a674da3be3353af65f9fcc5/files/0536cef86e2b46ddad6aae5a3780089e.xls"",""local_source_file"":""2025_guokao_zhaokaojianzhang.xls"",""local_source_sha256"":""07ae6cab368cd21b7a1ac3e8150fe9a3d39ad5171ce76135ff3cccfe50c3e77e"",""source_sheet"":""中央国家行政机关参照公务员法管理事业单位"",""filter_version"":""government_tech_v2"",""tech_filter"":{""is_tech"":true,""is_core_tech"":true,""scope"":""core"",""categories"":[""computer_software"",""data_ai""],""matched_fields"":[""major"",""description""],""major_terms"":[""计算机类""],""role_terms"":[""数据处理""],""reason"":""tech_major_and_role""},""original"":{""部门代码"":""137105"",""部门名称"":""国家统计局内蒙古调查总队"",""用人司局"":""国家统计局内蒙古调查总队"",""机构性质"":""中央国家行政机关参照公务员法管理事业单位"",""招考职位"":""达拉特调查队一级科员"",""职位属性"":""普通职位"",""职位分布"":""西部地区和艰苦边远地区职位"",""职位简介"":""从事一线入户调查、数据处理、统计分析、统计研究等工作"",""职位代码"":""400110105031"",""机构层级"":""县（区）级及以下"",""考试类别"":""市（地）级及以下直属机构综合管理类"",""招考人数"":""1"",""专业"":""统计学类、经济学类、数学类、计算机类"",""学历"":""仅限本科"",""学位"":""学士"",""政治面貌"":""不限"",""基层工作最低年限"":""无限制"",""服务基层项目工作经历"":""无限制"",""是否在面试阶段组织专业能力测试"":""否"",""面试人员比例"":""3:1"",""工作地点"":""内蒙古自治区鄂尔多斯市达拉特旗"",""落户地点"":""内蒙古自治区鄂尔多斯市达拉特旗"",""备注"":""1.须以最高学历学位主修专业报考，考生报考专业须与招录专业名称一致；2.仅限应届高校毕业生报考；3.限内蒙古自治区鄂尔多斯市范围内户籍人员报考；4.本单位最低服务年限为5年（含试用期）；5.需经常下乡入户，条件较为艰苦；6.本职位专业要求均为专业目录中的“专业类”，非“专业大类（学科大类）”。"",""部门网站"":""无"",""咨询电话1"":""04714938385"",""咨询电话2"":""04714963756"",""咨询电话3"":"""",""来源Sheet"":""中央国家行政机关参照公务员法管理事业单位""}}"
"government_jobs","国家公务员2025招考简章","公务员/事业单位技术岗位","内蒙古自治区巴彦淖尔市五原县","2026-07-28T09:12:58.310295+00:00","五原调查队一级科员（1）","国家统计局内蒙古调查总队","","内蒙古自治区巴彦淖尔市五原县","公务员/事业单位;2025;computer_software;data_ai;仅限本科;学士;统计学类、数学类、经济学类、计算机类、汉语言文学、汉语言;市（地）级及以下直属机构综合管理类","用人司局：国家统计局内蒙古调查总队
职位简介：从事一线入户调查、数据处理、统计分析、统计研究等工作
专业要求：统计学类、数学类、经济学类、计算机类、汉语言文学、汉语言
学历要求：仅限本科
学位要求：学士
政治面貌：不限
基层工作经历：无限制
考试类别：市（地）级及以下直属机构综合管理类
备注：1.限女性报考；2.须以最高学历学位主修专业报考，考生报考专业须与招录专业名称一致；3.仅限应届高校毕业生报考；4.限内蒙古自治区巴彦淖尔市范围内户籍人员报考；5.本单位最低服务年限为5年（含试用期）；6.需经常下乡入户，条件较为艰苦；7.本职位专业要求均为专业目录中的“专业类”，非“专业大类（学科大类）”。","https://www.xjhc.gov.cn/xjhc/c116834/202410/a29382e11a674da3be3353af65f9fcc5.shtml#137105-400110105032","2024-10-14","{""dataset_year"":2025,""job_uid"":""GOV-2025-137105-400110105032"",""publisher"":""国家公务员局"",""publication_page"":""https://www.xjhc.gov.cn/xjhc/c116834/202410/a29382e11a674da3be3353af65f9fcc5.shtml"",""attachment_url"":""https://www.xjhc.gov.cn/xjhc/c116834/202410/a29382e11a674da3be3353af65f9fcc5/files/0536cef86e2b46ddad6aae5a3780089e.xls"",""local_source_file"":""2025_guokao_zhaokaojianzhang.xls"",""local_source_sha256"":""07ae6cab368cd21b7a1ac3e8150fe9a3d39ad5171ce76135ff3cccfe50c3e77e"",""source_sheet"":""中央国家行政机关参照公务员法管理事业单位"",""filter_version"":""government_tech_v2"",""tech_filter"":{""is_tech"":true,""is_core_tech"":true,""scope"":""core"",""categories"":[""computer_software"",""data_ai""],""matched_fields"":[""major"",""description""],""major_terms"":[""计算机类""],""role_terms"":[""数据处理""],""reason"":""tech_major_and_role""},""original"":{""部门代码"":""137105"",""部门名称"":""国家统计局内蒙古调查总队"",""用人司局"":""国家统计局内蒙古调查总队"",""机构性质"":""中央国家行政机关参照公务员法管理事业单位"",""招考职位"":""五原调查队一级科员（1）"",""职位属性"":""普通职位"",""职位分布"":""西部地区和艰苦边远地区职位"",""职位简介"":""从事一线入户调查、数据处理、统计分析、统计研究等工作"",""职位代码"":""400110105032"",""机构层级"":""县（区）级及以下"",""考试类别"":""市（地）级及以下直属机构综合管理类"",""招考人数"":""1"",""专业"":""统计学类、数学类、经济学类、计算机类、汉语言文学、汉语言"",""学历"":""仅限本科"",""学位"":""学士"",""政治面貌"":""不限"",""基层工作最低年限"":""无限制"",""服务基层项目工作经历"":""无限制"",""是否在面试阶段组织专业能力测试"":""否"",""面试人员比例"":""3:1"",""工作地点"":""内蒙古自治区巴彦淖尔市五原县"",""落户地点"":""内蒙古自治区巴彦淖尔市五原县"",""备注"":""1.限女性报考；2.须以最高学历学位主修专业报考，考生报考专业须与招录专业名称一致；3.仅限应届高校毕业生报考；4.限内蒙古自治区巴彦淖尔市范围内户籍人员报考；5.本单位最低服务年限为5年（含试用期）；6.需经常下乡入户，条件较为艰苦；7.本职位专业要求均为专业目录中的“专业类”，非“专业大类（学科大类）”。"",""部门网站"":""无"",""咨询电话1"":""04714938385"",""咨询电话2"":""04714963756"",""咨询电话3"":"""",""来源Sheet"":""中央国家行政机关参照公务员法管理事业单位""}}"
"government_jobs","国家公务员2025招考简章","公务员/事业单位技术岗位","内蒙古自治区巴彦淖尔市五原县","2026-07-28T09:12:58.310295+00:00","五原调查队一级科员（2）","国家统计局内蒙古调查总队","","内蒙古自治区巴彦淖尔市五原县","公务员/事业单位;2025;computer_software;data_ai;仅限本科;学士;统计学类、数学类、经济学类、计算机类、汉语言文学、汉语言;市（地）级及以下直属机构综合管理类","用人司局：国家统计局内蒙古调查总队
职位简介：从事一线入户调查、数据处理、统计分析、统计研究等工作
专业要求：统计学类、数学类、经济学类、计算机类、汉语言文学、汉语言
学历要求：仅限本科
学位要求：学士
政治面貌：不限
基层工作经历：无限制
考试类别：市（地）级及以下直属机构综合管理类
备注：1.限男性报考；2.须以最高学历学位主修专业报考，考生报考专业须与招录专业名称一致；3.仅限应届高校毕业生报考；4.限内蒙古自治区巴彦淖尔市范围内户籍人员报考；5.本单位最低服务年限为5年（含试用期）；6.需经常下乡入户，条件较为艰苦；7.本职位专业要求均为专业目录中的“专业类”，非“专业大类（学科大类）”。","https://www.xjhc.gov.cn/xjhc/c116834/202410/a29382e11a674da3be3353af65f9fcc5.shtml#137105-400110105033","2024-10-14","{""dataset_year"":2025,""job_uid"":""GOV-2025-137105-400110105033"",""publisher"":""国家公务员局"",""publication_page"":""https://www.xjhc.gov.cn/xjhc/c116834/202410/a29382e11a674da3be3353af65f9fcc5.shtml"",""attachment_url"":""https://www.xjhc.gov.cn/xjhc/c116834/202410/a29382e11a674da3be3353af65f9fcc5/files/0536cef86e2b46ddad6aae5a3780089e.xls"",""local_source_file"":""2025_guokao_zhaokaojianzhang.xls"",""local_source_sha256"":""07ae6cab368cd21b7a1ac3e8150fe9a3d39ad5171ce76135ff3cccfe50c3e77e"",""source_sheet"":""中央国家行政机关参照公务员法管理事业单位"",""filter_version"":""government_tech_v2"",""tech_filter"":{""is_tech"":true,""is_core_tech"":true,""scope"":""core"",""categories"":[""computer_software"",""data_ai""],""matched_fields"":[""major"",""description""],""major_terms"":[""计算机类""],""role_terms"":[""数据处理""],""reason"":""tech_major_and_role""},""original"":{""部门代码"":""137105"",""部门名称"":""国家统计局内蒙古调查总队"",""用人司局"":""国家统计局内蒙古调查总队"",""机构性质"":""中央国家行政机关参照公务员法管理事业单位"",""招考职位"":""五原调查队一级科员（2）"",""职位属性"":""普通职位"",""职位分布"":""西部地区和艰苦边远地区职位"",""职位简介"":""从事一线入户调查、数据处理、统计分析、统计研究等工作"",""职位代码"":""400110105033"",""机构层级"":""县（区）级及以下"",""考试类别"":""市（地）级及以下直属机构综合管理类"",""招考人数"":""1"",""专业"":""统计学类、数学类、经济学类、计算机类、汉语言文学、汉语言"",""学历"":""仅限本科"",""学位"":""学士"",""政治面貌"":""不限"",""基层工作最低年限"":""无限制"",""服务基层项目工作经历"":""无限制"",""是否在面试阶段组织专业能力测试"":""否"",""面试人员比例"":""3:1"",""工作地点"":""内蒙古自治区巴彦淖尔市五原县"",""落户地点"":""内蒙古自治区巴彦淖尔市五原县"",""备注"":""1.限男性报考；2.须以最高学历学位主修专业报考，考生报考专业须与招录专业名称一致；3.仅限应届高校毕业生报考；4.限内蒙古自治区巴彦淖尔市范围内户籍人员报考；5.本单位最低服务年限为5年（含试用期）；6.需经常下乡入户，条件较为艰苦；7.本职位专业要求均为专业目录中的“专业类”，非“专业大类（学科大类）”。"",""部门网站"":""无"",""咨询电话1"":""04714938385"",""咨询电话2"":""04714963756"",""咨询电话3"":"""",""来源Sheet"":""中央国家行政机关参照公务员法管理事业单位""}}"
"government_jobs","国家公务员2025招考简章","公务员/事业单位技术岗位","内蒙古自治区巴彦淖尔市乌拉特后旗","2026-07-28T09:12:58.310295+00:00","乌拉特后调查队一级科员","国家统计局内蒙古调查总队","","内蒙古自治区巴彦淖尔市乌拉特后旗","公务员/事业单位;2025;computer_software;data_ai;仅限本科;学士;统计学类、数学类、计算机类;市（地）级及以下直属机构综合管理类","用人司局：国家统计局内蒙古调查总队
职位简介：从事一线入户调查、数据处理、统计分析、统计研究等工作
专业要求：统计学类、数学类、计算机类
学历要求：仅限本科
学位要求：学士
政治面貌：不限
基层工作经历：无限制
考试类别：市（地）级及以下直属机构综合管理类
备注：1.须以最高学历学位主修专业报考，考生报考专业须与招录专业名称一致；2.仅限应届高校毕业生报考；3.限内蒙古自治区巴彦淖尔市范围内户籍人员报考；4.本单位最低服务年限为5年（含试用期）；5.需经常下乡入户，条件较为艰苦；7.本职位专业要求均为专业目录中的“专业类”，非“专业大类（学科大类）”。","https://www.xjhc.gov.cn/xjhc/c116834/202410/a29382e11a674da3be3353af65f9fcc5.shtml#137105-400110105034","2024-10-14","{""dataset_year"":2025,""job_uid"":""GOV-2025-137105-400110105034"",""publisher"":""国家公务员局"",""publication_page"":""https://www.xjhc.gov.cn/xjhc/c116834/202410/a29382e11a674da3be3353af65f9fcc5.shtml"",""attachment_url"":""https://www.xjhc.gov.cn/xjhc/c116834/202410/a29382e11a674da3be3353af65f9fcc5/files/0536cef86e2b46ddad6aae5a3780089e.xls"",""local_source_file"":""2025_guokao_zhaokaojianzhang.xls"",""local_source_sha256"":""07ae6cab368cd21b7a1ac3e8150fe9a3d39ad5171ce76135ff3cccfe50c3e77e"",""source_sheet"":""中央国家行政机关参照公务员法管理事业单位"",""filter_version"":""government_tech_v2"",""tech_filter"":{""is_tech"":true,""is_core_tech"":true,""scope"":""core"",""categories"":[""computer_software"",""data_ai""],""matched_fields"":[""major"",""description""],""major_terms"":[""计算机类""],""role_terms"":[""数据处理""],""reason"":""tech_major_and_role""},""original"":{""部门代码"":""137105"",""部门名称"":""国家统计局内蒙古调查总队"",""用人司局"":""国家统计局内蒙古调查总队"",""机构性质"":""中央国家行政机关参照公务员法管理事业单位"",""招考职位"":""乌拉特后调查队一级科员"",""职位属性"":""普通职位"",""职位分布"":""西部地区和艰苦边远地区职位"",""职位简介"":""从事一线入户调查、数据处理、统计分析、统计研究等工作"",""职位代码"":""400110105034"",""机构层级"":""县（区）级及以下"",""考试类别"":""市（地）级及以下直属机构综合管理类"",""招考人数"":""1"",""专业"":""统计学类、数学类、计算机类"",""学历"":""仅限本科"",""学位"":""学士"",""政治面貌"":""不限"",""基层工作最低年限"":""无限制"",""服务基层项目工作经历"":""无限制"",""是否在面试阶段组织专业能力测试"":""否"",""面试人员比例"":""3:1"",""工作地点"":""内蒙古自治区巴彦淖尔市乌拉特后旗"",""落户地点"":""内蒙古自治区巴彦淖尔市乌拉特后旗"",""备注"":""1.须以最高学历学位主修专业报考，考生报考专业须与招录专业名称一致；2.仅限应届高校毕业生报考；3.限内蒙古自治区巴彦淖尔市范围内户籍人员报考；4.本单位最低服务年限为5年（含试用期）；5.需经常下乡入户，条件较为艰苦；7.本职位专业要求均为专业目录中的“专业类”，非“专业大类（学科大类）”。"",""部门网站"":""无"",""咨询电话1"":""04714938385"",""咨询电话2"":""04714963756"",""咨询电话3"":"""",""来源Sheet"":""中央国家行政机关参照公务员法管理事业单位""}}"
"government_jobs","国家公务员2025招考简章","公务员/事业单位技术岗位","内蒙古自治区阿拉善盟阿拉善左旗","2026-07-28T09:12:58.310295+00:00","阿拉善左调查队一级科员","国家统计局内蒙古调查总队","","内蒙古自治区阿拉善盟阿拉善左旗","公务员/事业单位;2025;computer_software;data_ai;仅限本科;学士;统计学类、数学类、计算机类、经济学类、财务管理、会计学、审计学、汉语言文学、汉语言、新闻学;市（地）级及以下直属机构综合管理类","用人司局：国家统计局内蒙古调查总队
职位简介：从事一线入户调查、数据处理、统计分析、统计研究等工作
专业要求：统计学类、数学类、计算机类、经济学类、财务管理、会计学、审计学、汉语言文学、汉语言、新闻学
学历要求：仅限本科
学位要求：学士
政治面貌：不限
基层工作经历：二年
考试类别：市（地）级及以下直属机构综合管理类
备注：1.考生报考专业须与招录专业名称一致；2.本单位最低服务年限为5年（含试用期）；3.需经常下乡入户，条件较为艰苦；4.大学生村官、“三支一扶”计划、大学生志愿服务西部计划服务期满且考核合格；5.本职位专业要求均为专业目录中的“专业类”，非“专业大类（学科大类）”。","https://www.xjhc.gov.cn/xjhc/c116834/202410/a29382e11a674da3be3353af65f9fcc5.shtml#137105-400110105037","2024-10-14","{""dataset_year"":2025,""job_uid"":""GOV-2025-137105-400110105037"",""publisher"":""国家公务员局"",""publication_page"":""https://www.xjhc.gov.cn/xjhc/c116834/202410/a29382e11a674da3be3353af65f9fcc5.shtml"",""attachment_url"":""https://www.xjhc.gov.cn/xjhc/c116834/202410/a29382e11a674da3be3353af65f9fcc5/files/0536cef86e2b46ddad6aae5a3780089e.xls"",""local_source_file"":""2025_guokao_zhaokaojianzhang.xls"",""local_source_sha256"":""07ae6cab368cd21b7a1ac3e8150fe9a3d39ad5171ce76135ff3cccfe50c3e77e"",""source_sheet"":""中央国家行政机关参照公务员法管理事业单位"",""filter_version"":""government_tech_v2"",""tech_filter"":{""is_tech"":true,""is_core_tech"":true,""scope"":""core"",""categories"":[""computer_software"",""data_ai""],""matched_fields"":[""major"",""description""],""major_terms"":[""计算机类""],""role_terms"":[""数据处理""],""reason"":""tech_major_and_role""},""original"":{""部门代码"":""137105"",""部门名称"":""国家统计局内蒙古调查总队"",""用人司局"":""国家统计局内蒙古调查总队"",""机构性质"":""中央国家行政机关参照公务员法管理事业单位"",""招考职位"":""阿拉善左调查队一级科员"",""职位属性"":""普通职位"",""职位分布"":""西部地区和艰苦边远地区职位"",""职位简介"":""从事一线入户调查、数据处理、统计分析、统计研究等工作"",""职位代码"":""400110105037"",""机构层级"":""县（区）级及以下"",""考试类别"":""市（地）级及以下直属机构综合管理类"",""招考人数"":""2"",""专业"":""统计学类、数学类、计算机类、经济学类、财务管理、会计学、审计学、汉语言文学、汉语言、新闻学"",""学历"":""仅限本科"",""学位"":""学士"",""政治面貌"":""不限"",""基层工作最低年限"":""二年"",""服务基层项目工作经历"":""大学生村官、“三支一扶”计划、大学生志愿服务西部计划"",""是否在面试阶段组织专业能力测试"":""否"",""面试人员比例"":""3:1"",""工作地点"":""内蒙古自治区阿拉善盟阿拉善左旗"",""落户地点"":""内蒙古自治区阿拉善盟阿拉善左旗"",""备注"":""1.考生报考专业须与招录专业名称一致；2.本单位最低服务年限为5年（含试用期）；3.需经常下乡入户，条件较为艰苦；4.大学生村官、“三支一扶”计划、大学生志愿服务西部计划服务期满且考核合格；5.本职位专业要求均为专业目录中的“专业类”，非“专业大类（学科大类）”。"",""部门网站"":""无"",""咨询电话1"":""04714938385"",""咨询电话2"":""04714963756"",""咨询电话3"":"""",""来源Sheet"":""中央国家行政机关参照公务员法管理事业单位""}}"
"government_jobs","国家公务员2025招考简章","公务员/事业单位技术岗位","内蒙古自治区巴彦淖尔市","2026-07-28T09:12:58.310295+00:00","巴彦淖尔调查队业务科室一级科员（3）","国家统计局内蒙古调查总队","","内蒙古自治区巴彦淖尔市","公务员/事业单位;2025;computer_software;data_ai;仅限本科;学士;计算机类、新闻学;市（地）级及以下直属机构综合管理类","用人司局：国家统计局内蒙古调查总队
职位简介：从事入户调查、数据处理、统计分析、统计研究等工作
专业要求：计算机类、新闻学
学历要求：仅限本科
学位要求：学士
政治面貌：不限
基层工作经历：无限制
考试类别：市（地）级及以下直属机构综合管理类
备注：1.须以最高学历学位主修专业报考，考生报考专业须与招录专业名称一致；2.本单位最低服务年限为5年（含试用期）；3.需经常下乡入户，条件较为艰苦；4.仅限2025届高校毕业生报考；5.限内蒙古自治区范围内户籍人员报考；6.本职位专业要求均为专业目录中的“专业类”，非“专业大类（学科大类）”。","https://www.xjhc.gov.cn/xjhc/c116834/202410/a29382e11a674da3be3353af65f9fcc5.shtml#137105-400110105038","2024-10-14","{""dataset_year"":2025,""job_uid"":""GOV-2025-137105-400110105038"",""publisher"":""国家公务员局"",""publication_page"":""https://www.xjhc.gov.cn/xjhc/c116834/202410/a29382e11a674da3be3353af65f9fcc5.shtml"",""attachment_url"":""https://www.xjhc.gov.cn/xjhc/c116834/202410/a29382e11a674da3be3353af65f9fcc5/files/0536cef86e2b46ddad6aae5a3780089e.xls"",""local_source_file"":""2025_guokao_zhaokaojianzhang.xls"",""local_source_sha256"":""07ae6cab368cd21b7a1ac3e8150fe9a3d39ad5171ce76135ff3cccfe50c3e77e"",""source_sheet"":""中央国家行政机关参照公务员法管理事业单位"",""filter_version"":""government_tech_v2"",""tech_filter"":{""is_tech"":true,""is_core_tech"":true,""scope"":""core"",""categories"":[""computer_software"",""data_ai""],""matched_fields"":[""major"",""description""],""major_terms"":[""计算机类""],""role_terms"":[""数据处理""],""reason"":""tech_major_and_role""},""original"":{""部门代码"":""137105"",""部门名称"":""国家统计局内蒙古调查总队"",""用人司局"":""国家统计局内蒙古调查总队"",""机构性质"":""中央国家行政机关参照公务员法管理事业单位"",""招考职位"":""巴彦淖尔调查队业务科室一级科员（3）"",""职位属性"":""普通职位"",""职位分布"":""西部地区和艰苦边远地区职位"",""职位简介"":""从事入户调查、数据处理、统计分析、统计研究等工作"",""职位代码"":""400110105038"",""机构层级"":""市（地）级"",""考试类别"":""市（地）级及以下直属机构综合管理类"",""招考人数"":""1"",""专业"":""计算机类、新闻学"",""学历"":""仅限本科"",""学位"":""学士"",""政治面貌"":""不限"",""基层工作最低年限"":""无限制"",""服务基层项目工作经历"":""无限制"",""是否在面试阶段组织专业能力测试"":""否"",""面试人员比例"":""3:1"",""工作地点"":""内蒙古自治区巴彦淖尔市"",""落户地点"":""内蒙古自治区巴彦淖尔市"",""备注"":""1.须以最高学历学位主修专业报考，考生报考专业须与招录专业名称一致；2.本单位最低服务年限为5年（含试用期）；3.需经常下乡入户，条件较为艰苦；4.仅限2025届高校毕业生报考；5.限内蒙古自治区范围内户籍人员报考；6.本职位专业要求均为专业目录中的“专业类”，非“专业大类（学科大类）”。"",""部门网站"":""无"",""咨询电话1"":""04714938385"",""咨询电话2"":""04714963756"",""咨询电话3"":"""",""来源Sheet"":""中央国家行政机关参照公务员法管理事业单位""}}"
"government_jobs","国家公务员2025招考简章","公务员/事业单位技术岗位","内蒙古自治区巴彦淖尔市五原县","2026-07-28T09:12:58.310295+00:00","五原调查队一级科员（3）","国家统计局内蒙古调查总队","","内蒙古自治区巴彦淖尔市五原县","公务员/事业单位;2025;computer_software;data_ai;仅限本科;学士;统计学类、经济学类、计算机类、汉语言文学、汉语言;市（地）级及以下直属机构综合管理类","用人司局：国家统计局内蒙古调查总队
职位简介：从事一线入户调查、数据处理、统计分析、统计研究等工作
专业要求：统计学类、经济学类、计算机类、汉语言文学、汉语言
学历要求：仅限本科
学位要求：学士
政治面貌：不限
基层工作经历：无限制
考试类别：市（地）级及以下直属机构综合管理类
备注：1.须以最高学历学位主修专业报考，考生报考专业须与招录专业名称一致；2.仅限应届高校毕业生报考；3.限内蒙古自治区巴彦淖尔市范围内户籍人员报考；4.本单位最低服务年限为5年（含试用期）；5.需经常下乡入户，条件较为艰苦；6.本职位专业要求均为专业目录中的“专业类”，非“专业大类（学科大类）”。","https://www.xjhc.gov.cn/xjhc/c116834/202410/a29382e11a674da3be3353af65f9fcc5.shtml#137105-400110105039","2024-10-14","{""dataset_year"":2025,""job_uid"":""GOV-2025-137105-400110105039"",""publisher"":""国家公务员局"",""publication_page"":""https://www.xjhc.gov.cn/xjhc/c116834/202410/a29382e11a674da3be3353af65f9fcc5.shtml"",""attachment_url"":""https://www.xjhc.gov.cn/xjhc/c116834/202410/a29382e11a674da3be3353af65f9fcc5/files/0536cef86e2b46ddad6aae5a3780089e.xls"",""local_source_file"":""2025_guokao_zhaokaojianzhang.xls"",""local_source_sha256"":""07ae6cab368cd21b7a1ac3e8150fe9a3d39ad5171ce76135ff3cccfe50c3e77e"",""source_sheet"":""中央国家行政机关参照公务员法管理事业单位"",""filter_version"":""government_tech_v2"",""tech_filter"":{""is_tech"":true,""is_core_tech"":true,""scope"":""core"",""categories"":[""computer_software"",""data_ai""],""matched_fields"":[""major"",""description""],""major_terms"":[""计算机类""],""role_terms"":[""数据处理""],""reason"":""tech_major_and_role""},""original"":{""部门代码"":""137105"",""部门名称"":""国家统计局内蒙古调查总队"",""用人司局"":""国家统计局内蒙古调查总队"",""机构性质"":""中央国家行政机关参照公务员法管理事业单位"",""招考职位"":""五原调查队一级科员（3）"",""职位属性"":""普通职位"",""职位分布"":""西部地区和艰苦边远地区职位"",""职位简介"":""从事一线入户调查、数据处理、统计分析、统计研究等工作"",""职位代码"":""400110105039"",""机构层级"":""县（区）级及以下"",""考试类别"":""市（地）级及以下直属机构综合管理类"",""招考人数"":""1"",""专业"":""统计学类、经济学类、计算机类、汉语言文学、汉语言"",""学历"":""仅限本科"",""学位"":""学士"",""政治面貌"":""不限"",""基层工作最低年限"":""无限制"",""服务基层项目工作经历"":""无限制"",""是否在面试阶段组织专业能力测试"":""否"",""面试人员比例"":""3:1"",""工作地点"":""内蒙古自治区巴彦淖尔市五原县"",""落户地点"":""内蒙古自治区巴彦淖尔市五原县"",""备注"":""1.须以最高学历学位主修专业报考，考生报考专业须与招录专业名称一致；2.仅限应届高校毕业生报考；3.限内蒙古自治区巴彦淖尔市范围内户籍人员报考；4.本单位最低服务年限为5年（含试用期）；5.需经常下乡入户，条件较为艰苦；6.本职位专业要求均为专业目录中的“专业类”，非“专业大类（学科大类）”。"",""部门网站"":""无"",""咨询电话1"":""04714938385"",""咨询电话2"":""04714963756"",""咨询电话3"":"""",""来源Sheet"":""中央国家行政机关参照公务员法管理事业单位""}}"
"government_jobs","国家公务员2025招考简章","公务员/事业单位技术岗位","辽宁省沈阳市和平区","2026-07-28T09:12:58.310295+00:00","沈阳调查队业务处室二级主任科员及以下（1）","国家统计局辽宁调查总队","","辽宁省沈阳市和平区","公务员/事业单位;2025;computer_software;data_ai;仅限硕士研究生;硕士;计算机科学与技术类;中央机关及其省级直属机构综合管理类","用人司局：国家统计局辽宁调查总队
职位简介：从事一线统计调查、数据处理、统计分析、统计研究等工作。
专业要求：计算机科学与技术类
学历要求：仅限硕士研究生
学位要求：硕士
政治面貌：中共党员
基层工作经历：无限制
考试类别：中央机关及其省级直属机构综合管理类
备注：1.须以最高学历所学主修专业报考；2.本单位最低服务年限为5年（含试用期）。","https://www.xjhc.gov.cn/xjhc/c116834/202410/a29382e11a674da3be3353af65f9fcc5.shtml#137106-400110106006","2024-10-14","{""dataset_year"":2025,""job_uid"":""GOV-2025-137106-400110106006"",""publisher"":""国家公务员局"",""publication_page"":""https://www.xjhc.gov.cn/xjhc/c116834/202410/a29382e11a674da3be3353af65f9fcc5.shtml"",""attachment_url"":""https://www.xjhc.gov.cn/xjhc/c116834/202410/a29382e11a674da3be3353af65f9fcc5/files/0536cef86e2b46ddad6aae5a3780089e.xls"",""local_source_file"":""2025_guokao_zhaokaojianzhang.xls"",""local_source_sha256"":""07ae6cab368cd21b7a1ac3e8150fe9a3d39ad5171ce76135ff3cccfe50c3e77e"",""source_sheet"":""中央国家行政机关参照公务员法管理事业单位"",""filter_version"":""government_tech_v2"",""tech_filter"":{""is_tech"":true,""is_core_tech"":true,""scope"":""core"",""categories"":[""computer_software"",""data_ai""],""matched_fields"":[""major"",""description""],""major_terms"":[""计算机科学与技术""],""role_terms"":[""数据处理""],""reason"":""tech_major_and_role""},""original"":{""部门代码"":""137106"",""部门名称"":""国家统计局辽宁调查总队"",""用人司局"":""国家统计局辽宁调查总队"",""机构性质"":""中央国家行政机关参照公务员法管理事业单位"",""招考职位"":""沈阳调查队业务处室二级主任科员及以下（1）"",""职位属性"":""普通职位"",""职位分布"":""其他职位"",""职位简介"":""从事一线统计调查、数据处理、统计分析、统计研究等工作。"",""职位代码"":""400110106006"",""机构层级"":""省（副省）级"",""考试类别"":""中央机关及其省级直属机构综合管理类"",""招考人数"":""1"",""专业"":""计算机科学与技术类"",""学历"":""仅限硕士研究生"",""学位"":""硕士"",""政治面貌"":""中共党员"",""基层工作最低年限"":""无限制"",""服务基层项目工作经历"":""无限制"",""是否在面试阶段组织专业能力测试"":""否"",""面试人员比例"":""5:1"",""工作地点"":""辽宁省沈阳市和平区"",""落户地点"":""辽宁省沈阳市"",""备注"":""1.须以最高学历所学主修专业报考；2.本单位最低服务年限为5年（含试用期）。"",""部门网站"":""无"",""咨询电话1"":""024-86906498"",""咨询电话2"":""024-86906738"",""咨询电话3"":"""",""来源Sheet"":""中央国家行政机关参照公务员法管理事业单位""}}"
"government_jobs","国家公务员2025招考简章","公务员/事业单位技术岗位","辽宁省鞍山市铁西区","2026-07-28T09:12:58.310295+00:00","鞍山调查队业务科一级主任科员及以下","国家统计局辽宁调查总队","","辽宁省鞍山市铁西区","公务员/事业单位;2025;computer_software;data_ai;硕士研究生及以上;与最高学历相对应的学位;应用经济学类、数学类、计算机科学与技术类;市（地）级及以下直属机构综合管理类","用人司局：国家统计局辽宁调查总队
职位简介：从事数据处理、统计分析、统计研究等工作
专业要求：应用经济学类、数学类、计算机科学与技术类
学历要求：硕士研究生及以上
学位要求：与最高学历相对应的学位
政治面貌：中共党员
基层工作经历：无限制
考试类别：市（地）级及以下直属机构综合管理类
备注：1.招考对象为“应届高校毕业生”；2.本单位最低服务年限为5年（含试用期）。","https://www.xjhc.gov.cn/xjhc/c116834/202410/a29382e11a674da3be3353af65f9fcc5.shtml#137106-400110106010","2024-10-14","{""dataset_year"":2025,""job_uid"":""GOV-2025-137106-400110106010"",""publisher"":""国家公务员局"",""publication_page"":""https://www.xjhc.gov.cn/xjhc/c116834/202410/a29382e11a674da3be3353af65f9fcc5.shtml"",""attachment_url"":""https://www.xjhc.gov.cn/xjhc/c116834/202410/a29382e11a674da3be3353af65f9fcc5/files/0536cef86e2b46ddad6aae5a3780089e.xls"",""local_source_file"":""2025_guokao_zhaokaojianzhang.xls"",""local_source_sha256"":""07ae6cab368cd21b7a1ac3e8150fe9a3d39ad5171ce76135ff3cccfe50c3e77e"",""source_sheet"":""中央国家行政机关参照公务员法管理事业单位"",""filter_version"":""government_tech_v2"",""tech_filter"":{""is_tech"":true,""is_core_tech"":true,""scope"":""core"",""categories"":[""computer_software"",""data_ai""],""matched_fields"":[""major"",""description""],""major_terms"":[""计算机科学与技术""],""role_terms"":[""数据处理""],""reason"":""tech_major_and_role""},""original"":{""部门代码"":""137106"",""部门名称"":""国家统计局辽宁调查总队"",""用人司局"":""国家统计局辽宁调查总队"",""机构性质"":""中央国家行政机关参照公务员法管理事业单位"",""招考职位"":""鞍山调查队业务科一级主任科员及以下"",""职位属性"":""普通职位"",""职位分布"":""其他职位"",""职位简介"":""从事数据处理、统计分析、统计研究等工作"",""职位代码"":""400110106010"",""机构层级"":""市（地）级"",""考试类别"":""市（地）级及以下直属机构综合管理类"",""招考人数"":""1"",""专业"":""应用经济学类、数学类、计算机科学与技术类"",""学历"":""硕士研究生及以上"",""学位"":""与最高学历相对应的学位"",""政治面貌"":""中共党员"",""基层工作最低年限"":""无限制"",""服务基层项目工作经历"":""无限制"",""是否在面试阶段组织专业能力测试"":""否"",""面试人员比例"":""3:1"",""工作地点"":""辽宁省鞍山市铁西区"",""落户地点"":""辽宁省鞍山市"",""备注"":""1.招考对象为“应届高校毕业生”；2.本单位最低服务年限为5年（含试用期）。"",""部门网站"":""无"",""咨询电话1"":""024-86906498"",""咨询电话2"":""024-86906738"",""咨询电话3"":"""",""来源Sheet"":""中央国家行政机关参照公务员法管理事业单位""}}"
"government_jobs","国家公务员2025招考简章","公务员/事业单位技术岗位","辽宁省营口市西市区","2026-07-28T09:12:58.310295+00:00","营口调查队业务科室一级科员（1）","国家统计局辽宁调查总队","","辽宁省营口市西市区","公务员/事业单位;2025;computer_software;data_ai;仅限本科;学士;统计学类、数学类、计算机类;市（地）级及以下直属机构综合管理类","用人司局：国家统计局辽宁调查总队
职位简介：从事一线统计调查、数据处理、统计分析、统计研究等工作。
专业要求：统计学类、数学类、计算机类
学历要求：仅限本科
学位要求：学士
政治面貌：中共党员
基层工作经历：无限制
考试类别：市（地）级及以下直属机构综合管理类
备注：1.仅限男性；2.招考对象为“应届高校毕业生”；3.本单位最低服务年限为5年（含试用期）。","https://www.xjhc.gov.cn/xjhc/c116834/202410/a29382e11a674da3be3353af65f9fcc5.shtml#137106-400110106014","2024-10-14","{""dataset_year"":2025,""job_uid"":""GOV-2025-137106-400110106014"",""publisher"":""国家公务员局"",""publication_page"":""https://www.xjhc.gov.cn/xjhc/c116834/202410/a29382e11a674da3be3353af65f9fcc5.shtml"",""attachment_url"":""https://www.xjhc.gov.cn/xjhc/c116834/202410/a29382e11a674da3be3353af65f9fcc5/files/0536cef86e2b46ddad6aae5a3780089e.xls"",""local_source_file"":""2025_guokao_zhaokaojianzhang.xls"",""local_source_sha256"":""07ae6cab368cd21b7a1ac3e8150fe9a3d39ad5171ce76135ff3cccfe50c3e77e"",""source_sheet"":""中央国家行政机关参照公务员法管理事业单位"",""filter_version"":""government_tech_v2"",""tech_filter"":{""is_tech"":true,""is_core_tech"":true,""scope"":""core"",""categories"":[""computer_software"",""data_ai""],""matched_fields"":[""major"",""description""],""major_terms"":[""计算机类""],""role_terms"":[""数据处理""],""reason"":""tech_major_and_role""},""original"":{""部门代码"":""137106"",""部门名称"":""国家统计局辽宁调查总队"",""用人司局"":""国家统计局辽宁调查总队"",""机构性质"":""中央国家行政机关参照公务员法管理事业单位"",""招考职位"":""营口调查队业务科室一级科员（1）"",""职位属性"":""普通职位"",""职位分布"":""其他职位"",""职位简介"":""从事一线统计调查、数据处理、统计分析、统计研究等工作。"",""职位代码"":""400110106014"",""机构层级"":""市（地）级"",""考试类别"":""市（地）级及以下直属机构综合管理类"",""招考人数"":""1"",""专业"":""统计学类、数学类、计算机类"",""学历"":""仅限本科"",""学位"":""学士"",""政治面貌"":""中共党员"",""基层工作最低年限"":""无限制"",""服务基层项目工作经历"":""无限制"",""是否在面试阶段组织专业能力测试"":""否"",""面试人员比例"":""3:1"",""工作地点"":""辽宁省营口市西市区"",""落户地点"":""辽宁省营口市"",""备注"":""1.仅限男性；2.招考对象为“应届高校毕业生”；3.本单位最低服务年限为5年（含试用期）。"",""部门网站"":""无"",""咨询电话1"":""024-86906498"",""咨询电话2"":""024-86906738"",""咨询电话3"":"""",""来源Sheet"":""中央国家行政机关参照公务员法管理事业单位""}}"
"government_jobs","国家公务员2025招考简章","公务员/事业单位技术岗位","辽宁省营口市西市区","2026-07-28T09:12:58.310295+00:00","营口调查队业务科室一级科员（2）","国家统计局辽宁调查总队","","辽宁省营口市西市区","公务员/事业单位;2025;computer_software;data_ai;仅限本科;学士;统计学类、数学类、计算机类;市（地）级及以下直属机构综合管理类","用人司局：国家统计局辽宁调查总队
职位简介：从事一线统计调查、数据处理、统计分析、统计研究等工作。
专业要求：统计学类、数学类、计算机类
学历要求：仅限本科
学位要求：学士
政治面貌：中共党员
基层工作经历：无限制
考试类别：市（地）级及以下直属机构综合管理类
备注：1.仅限女性；2.招考对象为“应届高校毕业生”；3.本单位最低服务年限为5年（含试用期）。","https://www.xjhc.gov.cn/xjhc/c116834/202410/a29382e11a674da3be3353af65f9fcc5.shtml#137106-400110106015","2024-10-14","{""dataset_year"":2025,""job_uid"":""GOV-2025-137106-400110106015"",""publisher"":""国家公务员局"",""publication_page"":""https://www.xjhc.gov.cn/xjhc/c116834/202410/a29382e11a674da3be3353af65f9fcc5.shtml"",""attachment_url"":""https://www.xjhc.gov.cn/xjhc/c116834/202410/a29382e11a674da3be3353af65f9fcc5/files/0536cef86e2b46ddad6aae5a3780089e.xls"",""local_source_file"":""2025_guokao_zhaokaojianzhang.xls"",""local_source_sha256"":""07ae6cab368cd21b7a1ac3e8150fe9a3d39ad5171ce76135ff3cccfe50c3e77e"",""source_sheet"":""中央国家行政机关参照公务员法管理事业单位"",""filter_version"":""government_tech_v2"",""tech_filter"":{""is_tech"":true,""is_core_tech"":true,""scope"":""core"",""categories"":[""computer_software"",""data_ai""],""matched_fields"":[""major"",""description""],""major_terms"":[""计算机类""],""role_terms"":[""数据处理""],""reason"":""tech_major_and_role""},""original"":{""部门代码"":""137106"",""部门名称"":""国家统计局辽宁调查总队"",""用人司局"":""国家统计局辽宁调查总队"",""机构性质"":""中央国家行政机关参照公务员法管理事业单位"",""招考职位"":""营口调查队业务科室一级科员（2）"",""职位属性"":""普通职位"",""职位分布"":""其他职位"",""职位简介"":""从事一线统计调查、数据处理、统计分析、统计研究等工作。"",""职位代码"":""400110106015"",""机构层级"":""市（地）级"",""考试类别"":""市（地）级及以下直属机构综合管理类"",""招考人数"":""1"",""专业"":""统计学类、数学类、计算机类"",""学历"":""仅限本科"",""学位"":""学士"",""政治面貌"":""中共党员"",""基层工作最低年限"":""无限制"",""服务基层项目工作经历"":""无限制"",""是否在面试阶段组织专业能力测试"":""否"",""面试人员比例"":""3:1"",""工作地点"":""辽宁省营口市西市区"",""落户地点"":""辽宁省营口市"",""备注"":""1.仅限女性；2.招考对象为“应届高校毕业生”；3.本单位最低服务年限为5年（含试用期）。"",""部门网站"":""无"",""咨询电话1"":""024-86906498"",""咨询电话2"":""024-86906738"",""咨询电话3"":"""",""来源Sheet"":""中央国家行政机关参照公务员法管理事业单位""}}"
"government_jobs","国家公务员2025招考简章","公务员/事业单位技术岗位","辽宁省辽阳市文圣区","2026-07-28T09:12:58.310295+00:00","辽阳调查队业务科室一级科员","国家统计局辽宁调查总队","","辽宁省辽阳市文圣区","公务员/事业单位;2025;computer_software;cybersecurity_cryptography;data_ai;仅限本科;学士;计算机类（不含服务科学与工程、虚拟现实技术、密码科学与技术、物联网工程专业）;市（地）级及以下直属机构综合管理类","用人司局：国家统计局辽宁调查总队
职位简介：从事一线统计调查、数据处理、统计分析、统计研究等工作。
专业要求：计算机类（不含服务科学与工程、虚拟现实技术、密码科学与技术、物联网工程专业）
学历要求：仅限本科
学位要求：学士
政治面貌：不限
基层工作经历：无限制
考试类别：市（地）级及以下直属机构综合管理类
备注：1.招考对象为“2025届高校毕业生；2.本单位最低服务年限为5年（含试用期）。","https://www.xjhc.gov.cn/xjhc/c116834/202410/a29382e11a674da3be3353af65f9fcc5.shtml#137106-400110106016","2024-10-14","{""dataset_year"":2025,""job_uid"":""GOV-2025-137106-400110106016"",""publisher"":""国家公务员局"",""publication_page"":""https://www.xjhc.gov.cn/xjhc/c116834/202410/a29382e11a674da3be3353af65f9fcc5.shtml"",""attachment_url"":""https://www.xjhc.gov.cn/xjhc/c116834/202410/a29382e11a674da3be3353af65f9fcc5/files/0536cef86e2b46ddad6aae5a3780089e.xls"",""local_source_file"":""2025_guokao_zhaokaojianzhang.xls"",""local_source_sha256"":""07ae6cab368cd21b7a1ac3e8150fe9a3d39ad5171ce76135ff3cccfe50c3e77e"",""source_sheet"":""中央国家行政机关参照公务员法管理事业单位"",""filter_version"":""government_tech_v2"",""tech_filter"":{""is_tech"":true,""is_core_tech"":true,""scope"":""core"",""categories"":[""computer_software"",""cybersecurity_cryptography"",""data_ai""],""matched_fields"":[""major"",""description""],""major_terms"":[""密码科学"",""密码科学与技术"",""物联网工程"",""虚拟现实技术"",""计算机类""],""role_terms"":[""数据处理""],""reason"":""tech_major_and_role""},""original"":{""部门代码"":""137106"",""部门名称"":""国家统计局辽宁调查总队"",""用人司局"":""国家统计局辽宁调查总队"",""机构性质"":""中央国家行政机关参照公务员法管理事业单位"",""招考职位"":""辽阳调查队业务科室一级科员"",""职位属性"":""普通职位"",""职位分布"":""其他职位"",""职位简介"":""从事一线统计调查、数据处理、统计分析、统计研究等工作。"",""职位代码"":""400110106016"",""机构层级"":""市（地）级"",""考试类别"":""市（地）级及以下直属机构综合管理类"",""招考人数"":""1"",""专业"":""计算机类（不含服务科学与工程、虚拟现实技术、密码科学与技术、物联网工程专业）"",""学历"":""仅限本科"",""学位"":""学士"",""政治面貌"":""不限"",""基层工作最低年限"":""无限制"",""服务基层项目工作经历"":""无限制"",""是否在面试阶段组织专业能力测试"":""否"",""面试人员比例"":""3:1"",""工作地点"":""辽宁省辽阳市文圣区"",""落户地点"":""辽宁省辽阳市"",""备注"":""1.招考对象为“2025届高校毕业生；2.本单位最低服务年限为5年（含试用期）。"",""部门网站"":""无"",""咨询电话1"":""024-86906498"",""咨询电话2"":""024-86906738"",""咨询电话3"":"""",""来源Sheet"":""中央国家行政机关参照公务员法管理事业单位""}}"
"government_jobs","国家公务员2025招考简章","公务员/事业单位技术岗位","辽宁省盘锦市兴隆台区","2026-07-28T09:12:58.310295+00:00","盘锦调查队综合科室一级科员","国家统计局辽宁调查总队","","辽宁省盘锦市兴隆台区","公务员/事业单位;2025;computer_software;data_ai;仅限本科;学士;经济学类、计算机类;市（地）级及以下直属机构综合管理类","用人司局：国家统计局辽宁调查总队
职位简介：从事一线统计调查、数据处理等业务，工作条件艰苦。
专业要求：经济学类、计算机类
学历要求：仅限本科
学位要求：学士
政治面貌：不限
基层工作经历：无限制
考试类别：市（地）级及以下直属机构综合管理类
备注：1.本职位专业要求均为专业目录中的“专业类”，非“专业大类（学科大类）”；2.本单位最低服务年限为5年（含试用期）。","https://www.xjhc.gov.cn/xjhc/c116834/202410/a29382e11a674da3be3353af65f9fcc5.shtml#137106-400110106017","2024-10-14","{""dataset_year"":2025,""job_uid"":""GOV-2025-137106-400110106017"",""publisher"":""国家公务员局"",""publication_page"":""https://www.xjhc.gov.cn/xjhc/c116834/202410/a29382e11a674da3be3353af65f9fcc5.shtml"",""attachment_url"":""https://www.xjhc.gov.cn/xjhc/c116834/202410/a29382e11a674da3be3353af65f9fcc5/files/0536cef86e2b46ddad6aae5a3780089e.xls"",""local_source_file"":""2025_guokao_zhaokaojianzhang.xls"",""local_source_sha256"":""07ae6cab368cd21b7a1ac3e8150fe9a3d39ad5171ce76135ff3cccfe50c3e77e"",""source_sheet"":""中央国家行政机关参照公务员法管理事业单位"",""filter_version"":""government_tech_v2"",""tech_filter"":{""is_tech"":true,""is_core_tech"":true,""scope"":""core"",""categories"":[""computer_software"",""data_ai""],""matched_fields"":[""major"",""description""],""major_terms"":[""计算机类""],""role_terms"":[""数据处理""],""reason"":""tech_major_and_role""},""original"":{""部门代码"":""137106"",""部门名称"":""国家统计局辽宁调查总队"",""用人司局"":""国家统计局辽宁调查总队"",""机构性质"":""中央国家行政机关参照公务员法管理事业单位"",""招考职位"":""盘锦调查队综合科室一级科员"",""职位属性"":""普通职位"",""职位分布"":""其他职位"",""职位简介"":""从事一线统计调查、数据处理等业务，工作条件艰苦。"",""职位代码"":""400110106017"",""机构层级"":""市（地）级"",""考试类别"":""市（地）级及以下直属机构综合管理类"",""招考人数"":""1"",""专业"":""经济学类、计算机类"",""学历"":""仅限本科"",""学位"":""学士"",""政治面貌"":""不限"",""基层工作最低年限"":""无限制"",""服务基层项目工作经历"":""无限制"",""是否在面试阶段组织专业能力测试"":""否"",""面试人员比例"":""3:1"",""工作地点"":""辽宁省盘锦市兴隆台区"",""落户地点"":""辽宁省盘锦市"",""备注"":""1.本职位专业要求均为专业目录中的“专业类”，非“专业大类（学科大类）”；2.本单位最低服务年限为5年（含试用期）。"",""部门网站"":""无"",""咨询电话1"":""024-86906498"",""咨询电话2"":""024-86906738"",""咨询电话3"":"""",""来源Sheet"":""中央国家行政机关参照公务员法管理事业单位""}}"
"government_jobs","国家公务员2025招考简章","公务员/事业单位技术岗位","辽宁省沈阳市浑南区","2026-07-28T09:12:58.310295+00:00","浑南调查队一级科员","国家统计局辽宁调查总队","","辽宁省沈阳市浑南区","公务员/事业单位;2025;computer_software;data_ai;仅限本科;学士;计算机类；汉语言文学专业、汉语言专业、应用语言学专业;市（地）级及以下直属机构综合管理类","用人司局：国家统计局辽宁调查总队
职位简介：从事一线统计调查、数据处理、统计分析、综合材料起草、新闻宣传等工作。
专业要求：计算机类；汉语言文学专业、汉语言专业、应用语言学专业
学历要求：仅限本科
学位要求：学士
政治面貌：不限
基层工作经历：无限制
考试类别：市（地）级及以下直属机构综合管理类
备注：1.招考对象为“2025届高校毕业生；2.本单位最低服务年限为5年（含试用期）。","https://www.xjhc.gov.cn/xjhc/c116834/202410/a29382e11a674da3be3353af65f9fcc5.shtml#137106-400110106021","2024-10-14","{""dataset_year"":2025,""job_uid"":""GOV-2025-137106-400110106021"",""publisher"":""国家公务员局"",""publication_page"":""https://www.xjhc.gov.cn/xjhc/c116834/202410/a29382e11a674da3be3353af65f9fcc5.shtml"",""attachment_url"":""https://www.xjhc.gov.cn/xjhc/c116834/202410/a29382e11a674da3be3353af65f9fcc5/files/0536cef86e2b46ddad6aae5a3780089e.xls"",""local_source_file"":""2025_guokao_zhaokaojianzhang.xls"",""local_source_sha256"":""07ae6cab368cd21b7a1ac3e8150fe9a3d39ad5171ce76135ff3cccfe50c3e77e"",""source_sheet"":""中央国家行政机关参照公务员法管理事业单位"",""filter_version"":""government_tech_v2"",""tech_filter"":{""is_tech"":true,""is_core_tech"":true,""scope"":""core"",""categories"":[""computer_software"",""data_ai""],""matched_fields"":[""major"",""description""],""major_terms"":[""计算机类""],""role_terms"":[""数据处理""],""reason"":""tech_major_and_role""},""original"":{""部门代码"":""137106"",""部门名称"":""国家统计局辽宁调查总队"",""用人司局"":""国家统计局辽宁调查总队"",""机构性质"":""中央国家行政机关参照公务员法管理事业单位"",""招考职位"":""浑南调查队一级科员"",""职位属性"":""普通职位"",""职位分布"":""其他职位"",""职位简介"":""从事一线统计调查、数据处理、统计分析、综合材料起草、新闻宣传等工作。"",""职位代码"":""400110106021"",""机构层级"":""县（区）级及以下"",""考试类别"":""市（地）级及以下直属机构综合管理类"",""招考人数"":""1"",""专业"":""计算机类；汉语言文学专业、汉语言专业、应用语言学专业"",""学历"":""仅限本科"",""学位"":""学士"",""政治面貌"":""不限"",""基层工作最低年限"":""无限制"",""服务基层项目工作经历"":""无限制"",""是否在面试阶段组织专业能力测试"":""否"",""面试人员比例"":""3:1"",""工作地点"":""辽宁省沈阳市浑南区"",""落户地点"":""辽宁省沈阳市浑南区"",""备注"":""1.招考对象为“2025届高校毕业生；2.本单位最低服务年限为5年（含试用期）。"",""部门网站"":""无"",""咨询电话1"":""024-86906498"",""咨询电话2"":""024-86906738"",""咨询电话3"":"""",""来源Sheet"":""中央国家行政机关参照公务员法管理事业单位""}}"
"government_jobs","国家公务员2025招考简章","公务员/事业单位技术岗位","辽宁省沈阳市新民市","2026-07-28T09:12:58.310295+00:00","新民调查队调查一科一级科员","国家统计局辽宁调查总队","","辽宁省沈阳市新民市","公务员/事业单位;2025;computer_software;data_ai;仅限本科;学士;计算机类（不含电影制作、虚拟现实技术、区块链工程专业）;市（地）级及以下直属机构综合管理类","用人司局：国家统计局辽宁调查总队
职位简介：从事一线调查、数据处理、统计分析、统计研究等工作。
专业要求：计算机类（不含电影制作、虚拟现实技术、区块链工程专业）
学历要求：仅限本科
学位要求：学士
政治面貌：不限
基层工作经历：无限制
考试类别：市（地）级及以下直属机构综合管理类
备注：1.招考对象为“应届高校毕业生”；2.本单位最低服务年限为5年（含试用期）。","https://www.xjhc.gov.cn/xjhc/c116834/202410/a29382e11a674da3be3353af65f9fcc5.shtml#137106-400110106023","2024-10-14","{""dataset_year"":2025,""job_uid"":""GOV-2025-137106-400110106023"",""publisher"":""国家公务员局"",""publication_page"":""https://www.xjhc.gov.cn/xjhc/c116834/202410/a29382e11a674da3be3353af65f9fcc5.shtml"",""attachment_url"":""https://www.xjhc.gov.cn/xjhc/c116834/202410/a29382e11a674da3be3353af65f9fcc5/files/0536cef86e2b46ddad6aae5a3780089e.xls"",""local_source_file"":""2025_guokao_zhaokaojianzhang.xls"",""local_source_sha256"":""07ae6cab368cd21b7a1ac3e8150fe9a3d39ad5171ce76135ff3cccfe50c3e77e"",""source_sheet"":""中央国家行政机关参照公务员法管理事业单位"",""filter_version"":""government_tech_v2"",""tech_filter"":{""is_tech"":true,""is_core_tech"":true,""scope"":""core"",""categories"":[""computer_software"",""data_ai""],""matched_fields"":[""major"",""description""],""major_terms"":[""区块链工程"",""虚拟现实技术"",""计算机类""],""role_terms"":[""数据处理""],""reason"":""tech_major_and_role""},""original"":{""部门代码"":""137106"",""部门名称"":""国家统计局辽宁调查总队"",""用人司局"":""国家统计局辽宁调查总队"",""机构性质"":""中央国家行政机关参照公务员法管理事业单位"",""招考职位"":""新民调查队调查一科一级科员"",""职位属性"":""普通职位"",""职位分布"":""其他职位"",""职位简介"":""从事一线调查、数据处理、统计分析、统计研究等工作。"",""职位代码"":""400110106023"",""机构层级"":""县（区）级及以下"",""考试类别"":""市（地）级及以下直属机构综合管理类"",""招考人数"":""1"",""专业"":""计算机类（不含电影制作、虚拟现实技术、区块链工程专业）"",""学历"":""仅限本科"",""学位"":""学士"",""政治面貌"":""不限"",""基层工作最低年限"":""无限制"",""服务基层项目工作经历"":""无限制"",""是否在面试阶段组织专业能力测试"":""否"",""面试人员比例"":""3:1"",""工作地点"":""辽宁省沈阳市新民市"",""落户地点"":""辽宁省沈阳市新民市"",""备注"":""1.招考对象为“应届高校毕业生”；2.本单位最低服务年限为5年（含试用期）。"",""部门网站"":""无"",""咨询电话1"":""024-86906498"",""咨询电话2"":""024-86906738"",""咨询电话3"":"""",""来源Sheet"":""中央国家行政机关参照公务员法管理事业单位""}}"
"government_jobs","国家公务员2025招考简章","公务员/事业单位技术岗位","辽宁省沈阳市法库县","2026-07-28T09:12:58.310295+00:00","法库调查队调查二科一级科员","国家统计局辽宁调查总队","","辽宁省沈阳市法库县","公务员/事业单位;2025;computer_software;data_ai;仅限本科;学士;计算机类（不含电影制作、虚拟现实技术、区块链工程专业）；统计学专业、经济统计学专业;市（地）级及以下直属机构综合管理类","用人司局：国家统计局辽宁调查总队
职位简介：从事计算机网络、软硬件系统及网站管理维护、统计数据处理等工作。
专业要求：计算机类（不含电影制作、虚拟现实技术、区块链工程专业）；统计学专业、经济统计学专业
学历要求：仅限本科
学位要求：学士
政治面貌：不限
基层工作经历：无限制
考试类别：市（地）级及以下直属机构综合管理类
备注：1.招考对象为“应届高校毕业生”；2.本单位最低服务年限为5年（含试用期）。","https://www.xjhc.gov.cn/xjhc/c116834/202410/a29382e11a674da3be3353af65f9fcc5.shtml#137106-400110106024","2024-10-14","{""dataset_year"":2025,""job_uid"":""GOV-2025-137106-400110106024"",""publisher"":""国家公务员局"",""publication_page"":""https://www.xjhc.gov.cn/xjhc/c116834/202410/a29382e11a674da3be3353af65f9fcc5.shtml"",""attachment_url"":""https://www.xjhc.gov.cn/xjhc/c116834/202410/a29382e11a674da3be3353af65f9fcc5/files/0536cef86e2b46ddad6aae5a3780089e.xls"",""local_source_file"":""2025_guokao_zhaokaojianzhang.xls"",""local_source_sha256"":""07ae6cab368cd21b7a1ac3e8150fe9a3d39ad5171ce76135ff3cccfe50c3e77e"",""source_sheet"":""中央国家行政机关参照公务员法管理事业单位"",""filter_version"":""government_tech_v2"",""tech_filter"":{""is_tech"":true,""is_core_tech"":true,""scope"":""core"",""categories"":[""computer_software"",""data_ai""],""matched_fields"":[""major"",""description""],""major_terms"":[""区块链工程"",""虚拟现实技术"",""计算机类""],""role_terms"":[""数据处理"",""计算机"",""软硬件""],""reason"":""tech_major_and_role""},""original"":{""部门代码"":""137106"",""部门名称"":""国家统计局辽宁调查总队"",""用人司局"":""国家统计局辽宁调查总队"",""机构性质"":""中央国家行政机关参照公务员法管理事业单位"",""招考职位"":""法库调查队调查二科一级科员"",""职位属性"":""普通职位"",""职位分布"":""其他职位"",""职位简介"":""从事计算机网络、软硬件系统及网站管理维护、统计数据处理等工作。"",""职位代码"":""400110106024"",""机构层级"":""县（区）级及以下"",""考试类别"":""市（地）级及以下直属机构综合管理类"",""招考人数"":""1"",""专业"":""计算机类（不含电影制作、虚拟现实技术、区块链工程专业）；统计学专业、经济统计学专业"",""学历"":""仅限本科"",""学位"":""学士"",""政治面貌"":""不限"",""基层工作最低年限"":""无限制"",""服务基层项目工作经历"":""无限制"",""是否在面试阶段组织专业能力测试"":""否"",""面试人员比例"":""3:1"",""工作地点"":""辽宁省沈阳市法库县"",""落户地点"":""辽宁省沈阳市法库县"",""备注"":""1.招考对象为“应届高校毕业生”；2.本单位最低服务年限为5年（含试用期）。"",""部门网站"":""无"",""咨询电话1"":""024-86906498"",""咨询电话2"":""024-86906738"",""咨询电话3"":"""",""来源Sheet"":""中央国家行政机关参照公务员法管理事业单位""}}"
"government_jobs","国家公务员2025招考简章","公务员/事业单位技术岗位","辽宁省大连市旅顺口区","2026-07-28T09:12:58.310295+00:00","旅顺口调查队调查一科一级科员","国家统计局辽宁调查总队","","辽宁省大连市旅顺口区","公务员/事业单位;2025;computer_software;data_ai;仅限本科;学士;计算机类;市（地）级及以下直属机构综合管理类","用人司局：国家统计局辽宁调查总队
职位简介：从事农业调查、数据处理、统计分析研究等工作，经常到农村地区进行野外测量工作，条件艰苦。
专业要求：计算机类
学历要求：仅限本科
学位要求：学士
政治面貌：不限
基层工作经历：无限制
考试类别：市（地）级及以下直属机构综合管理类
备注：本单位最低服务年限为5年（含试用期）。","https://www.xjhc.gov.cn/xjhc/c116834/202410/a29382e11a674da3be3353af65f9fcc5.shtml#137106-400110106025","2024-10-14","{""dataset_year"":2025,""job_uid"":""GOV-2025-137106-400110106025"",""publisher"":""国家公务员局"",""publication_page"":""https://www.xjhc.gov.cn/xjhc/c116834/202410/a29382e11a674da3be3353af65f9fcc5.shtml"",""attachment_url"":""https://www.xjhc.gov.cn/xjhc/c116834/202410/a29382e11a674da3be3353af65f9fcc5/files/0536cef86e2b46ddad6aae5a3780089e.xls"",""local_source_file"":""2025_guokao_zhaokaojianzhang.xls"",""local_source_sha256"":""07ae6cab368cd21b7a1ac3e8150fe9a3d39ad5171ce76135ff3cccfe50c3e77e"",""source_sheet"":""中央国家行政机关参照公务员法管理事业单位"",""filter_version"":""government_tech_v2"",""tech_filter"":{""is_tech"":true,""is_core_tech"":true,""scope"":""core"",""categories"":[""computer_software"",""data_ai""],""matched_fields"":[""major"",""description""],""major_terms"":[""计算机类""],""role_terms"":[""数据处理""],""reason"":""tech_major_and_role""},""original"":{""部门代码"":""137106"",""部门名称"":""国家统计局辽宁调查总队"",""用人司局"":""国家统计局辽宁调查总队"",""机构性质"":""中央国家行政机关参照公务员法管理事业单位"",""招考职位"":""旅顺口调查队调查一科一级科员"",""职位属性"":""普通职位"",""职位分布"":""其他职位"",""职位简介"":""从事农业调查、数据处理、统计分析研究等工作，经常到农村地区进行野外测量工作，条件艰苦。"",""职位代码"":""400110106025"",""机构层级"":""县（区）级及以下"",""考试类别"":""市（地）级及以下直属机构综合管理类"",""招考人数"":""1"",""专业"":""计算机类"",""学历"":""仅限本科"",""学位"":""学士"",""政治面貌"":""不限"",""基层工作最低年限"":""无限制"",""服务基层项目工作经历"":""无限制"",""是否在面试阶段组织专业能力测试"":""否"",""面试人员比例"":""3:1"",""工作地点"":""辽宁省大连市旅顺口区"",""落户地点"":""辽宁省大连市旅顺口区"",""备注"":""本单位最低服务年限为5年（含试用期）。"",""部门网站"":""无"",""咨询电话1"":""024-86906498"",""咨询电话2"":""024-86906738"",""咨询电话3"":"""",""来源Sheet"":""中央国家行政机关参照公务员法管理事业单位""}}"
"government_jobs","国家公务员2025招考简章","公务员/事业单位技术岗位","辽宁省大连市瓦房店市","2026-07-28T09:12:58.310295+00:00","瓦房店调查队业务科室一级科员","国家统计局辽宁调查总队","","辽宁省大连市瓦房店市","公务员/事业单位;2025;computer_software;data_ai;仅限本科;学士;统计学类、数学类、计算机类;市（地）级及以下直属机构综合管理类","用人司局：国家统计局辽宁调查总队
职位简介：从事一线入户调查、数据处理、统计分析、统计研究等工作。
专业要求：统计学类、数学类、计算机类
学历要求：仅限本科
学位要求：学士
政治面貌：不限
基层工作经历：无限制
考试类别：市（地）级及以下直属机构综合管理类
备注：1.招考对象为“2025届高校毕业生”；2.本单位最低服务年限为5年（含试用期）。","https://www.xjhc.gov.cn/xjhc/c116834/202410/a29382e11a674da3be3353af65f9fcc5.shtml#137106-400110106026","2024-10-14","{""dataset_year"":2025,""job_uid"":""GOV-2025-137106-400110106026"",""publisher"":""国家公务员局"",""publication_page"":""https://www.xjhc.gov.cn/xjhc/c116834/202410/a29382e11a674da3be3353af65f9fcc5.shtml"",""attachment_url"":""https://www.xjhc.gov.cn/xjhc/c116834/202410/a29382e11a674da3be3353af65f9fcc5/files/0536cef86e2b46ddad6aae5a3780089e.xls"",""local_source_file"":""2025_guokao_zhaokaojianzhang.xls"",""local_source_sha256"":""07ae6cab368cd21b7a1ac3e8150fe9a3d39ad5171ce76135ff3cccfe50c3e77e"",""source_sheet"":""中央国家行政机关参照公务员法管理事业单位"",""filter_version"":""government_tech_v2"",""tech_filter"":{""is_tech"":true,""is_core_tech"":true,""scope"":""core"",""categories"":[""computer_software"",""data_ai""],""matched_fields"":[""major"",""description""],""major_terms"":[""计算机类""],""role_terms"":[""数据处理""],""reason"":""tech_major_and_role""},""original"":{""部门代码"":""137106"",""部门名称"":""国家统计局辽宁调查总队"",""用人司局"":""国家统计局辽宁调查总队"",""机构性质"":""中央国家行政机关参照公务员法管理事业单位"",""招考职位"":""瓦房店调查队业务科室一级科员"",""职位属性"":""普通职位"",""职位分布"":""其他职位"",""职位简介"":""从事一线入户调查、数据处理、统计分析、统计研究等工作。"",""职位代码"":""400110106026"",""机构层级"":""县（区）级及以下"",""考试类别"":""市（地）级及以下直属机构综合管理类"",""招考人数"":""1"",""专业"":""统计学类、数学类、计算机类"",""学历"":""仅限本科"",""学位"":""学士"",""政治面貌"":""不限"",""基层工作最低年限"":""无限制"",""服务基层项目工作经历"":""无限制"",""是否在面试阶段组织专业能力测试"":""否"",""面试人员比例"":""3:1"",""工作地点"":""辽宁省大连市瓦房店市"",""落户地点"":""辽宁省大连市瓦房店市"",""备注"":""1.招考对象为“2025届高校毕业生”；2.本单位最低服务年限为5年（含试用期）。"",""部门网站"":""无"",""咨询电话1"":""024-86906498"",""咨询电话2"":""024-86906738"",""咨询电话3"":"""",""来源Sheet"":""中央国家行政机关参照公务员法管理事业单位""}}"
"government_jobs","国家公务员2025招考简章","公务员/事业单位技术岗位","辽宁省鞍山市台安县","2026-07-28T09:12:58.310295+00:00","台安调查队调查二科一级科员","国家统计局辽宁调查总队","","辽宁省鞍山市台安县","公务员/事业单位;2025;computer_software;data_ai;仅限本科;学士;计算机类、数学类、统计学类;市（地）级及以下直属机构综合管理类","用人司局：国家统计局辽宁调查总队
职位简介：从事住户调查、数据处理、统计分析、统计研究等工作，定期深入城镇、农村样本户开展入户调查，需较强沟通协调能力，工作强度高。
专业要求：计算机类、数学类、统计学类
学历要求：仅限本科
学位要求：学士
政治面貌：不限
基层工作经历：无限制
考试类别：市（地）级及以下直属机构综合管理类
备注：本单位最低服务年限为5年（含试用期）。","https://www.xjhc.gov.cn/xjhc/c116834/202410/a29382e11a674da3be3353af65f9fcc5.shtml#137106-400110106027","2024-10-14","{""dataset_year"":2025,""job_uid"":""GOV-2025-137106-400110106027"",""publisher"":""国家公务员局"",""publication_page"":""https://www.xjhc.gov.cn/xjhc/c116834/202410/a29382e11a674da3be3353af65f9fcc5.shtml"",""attachment_url"":""https://www.xjhc.gov.cn/xjhc/c116834/202410/a29382e11a674da3be3353af65f9fcc5/files/0536cef86e2b46ddad6aae5a3780089e.xls"",""local_source_file"":""2025_guokao_zhaokaojianzhang.xls"",""local_source_sha256"":""07ae6cab368cd21b7a1ac3e8150fe9a3d39ad5171ce76135ff3cccfe50c3e77e"",""source_sheet"":""中央国家行政机关参照公务员法管理事业单位"",""filter_version"":""government_tech_v2"",""tech_filter"":{""is_tech"":true,""is_core_tech"":true,""scope"":""core"",""categories"":[""computer_software"",""data_ai""],""matched_fields"":[""major"",""description""],""major_terms"":[""计算机类""],""role_terms"":[""数据处理""],""reason"":""tech_major_and_role""},""original"":{""部门代码"":""137106"",""部门名称"":""国家统计局辽宁调查总队"",""用人司局"":""国家统计局辽宁调查总队"",""机构性质"":""中央国家行政机关参照公务员法管理事业单位"",""招考职位"":""台安调查队调查二科一级科员"",""职位属性"":""普通职位"",""职位分布"":""其他职位"",""职位简介"":""从事住户调查、数据处理、统计分析、统计研究等工作，定期深入城镇、农村样本户开展入户调查，需较强沟通协调能力，工作强度高。"",""职位代码"":""400110106027"",""机构层级"":""县（区）级及以下"",""考试类别"":""市（地）级及以下直属机构综合管理类"",""招考人数"":""1"",""专业"":""计算机类、数学类、统计学类"",""学历"":""仅限本科"",""学位"":""学士"",""政治面貌"":""不限"",""基层工作最低年限"":""无限制"",""服务基层项目工作经历"":""无限制"",""是否在面试阶段组织专业能力测试"":""否"",""面试人员比例"":""3:1"",""工作地点"":""辽宁省鞍山市台安县"",""落户地点"":""辽宁省鞍山市台安县"",""备注"":""本单位最低服务年限为5年（含试用期）。"",""部门网站"":""无"",""咨询电话1"":""024-86906498"",""咨询电话2"":""024-86906738"",""咨询电话3"":"""",""来源Sheet"":""中央国家行政机关参照公务员法管理事业单位""}}"
"government_jobs","国家公务员2025招考简章","公务员/事业单位技术岗位","辽宁省阜新市阜新蒙古族自治县","2026-07-28T09:12:58.310295+00:00","阜新蒙古族自治县调查队一级科员","国家统计局辽宁调查总队","","辽宁省阜新市阜新蒙古族自治县","公务员/事业单位;2025;computer_software;data_ai;仅限本科;学士;统计类、计算机类；会计学专业、财务管理专业;市（地）级及以下直属机构综合管理类","用人司局：国家统计局辽宁调查总队
职位简介：从事一线入户调查、数据处理、统计分析、财务等工作，需经常下乡。
专业要求：统计类、计算机类；会计学专业、财务管理专业
学历要求：仅限本科
学位要求：学士
政治面貌：不限
基层工作经历：无限制
考试类别：市（地）级及以下直属机构综合管理类
备注：本单位最低服务年限为5年（含试用期）。","https://www.xjhc.gov.cn/xjhc/c116834/202410/a29382e11a674da3be3353af65f9fcc5.shtml#137106-400110106032","2024-10-14","{""dataset_year"":2025,""job_uid"":""GOV-2025-137106-400110106032"",""publisher"":""国家公务员局"",""publication_page"":""https://www.xjhc.gov.cn/xjhc/c116834/202410/a29382e11a674da3be3353af65f9fcc5.shtml"",""attachment_url"":""https://www.xjhc.gov.cn/xjhc/c116834/202410/a29382e11a674da3be3353af65f9fcc5/files/0536cef86e2b46ddad6aae5a3780089e.xls"",""local_source_file"":""2025_guokao_zhaokaojianzhang.xls"",""local_source_sha256"":""07ae6cab368cd21b7a1ac3e8150fe9a3d39ad5171ce76135ff3cccfe50c3e77e"",""source_sheet"":""中央国家行政机关参照公务员法管理事业单位"",""filter_version"":""government_tech_v2"",""tech_filter"":{""is_tech"":true,""is_core_tech"":true,""scope"":""core"",""categories"":[""computer_software"",""data_ai""],""matched_fields"":[""major"",""description""],""major_terms"":[""计算机类""],""role_terms"":[""数据处理""],""reason"":""tech_major_and_role""},""original"":{""部门代码"":""137106"",""部门名称"":""国家统计局辽宁调查总队"",""用人司局"":""国家统计局辽宁调查总队"",""机构性质"":""中央国家行政机关参照公务员法管理事业单位"",""招考职位"":""阜新蒙古族自治县调查队一级科员"",""职位属性"":""普通职位"",""职位分布"":""其他职位"",""职位简介"":""从事一线入户调查、数据处理、统计分析、财务等工作，需经常下乡。"",""职位代码"":""400110106032"",""机构层级"":""县（区）级及以下"",""考试类别"":""市（地）级及以下直属机构综合管理类"",""招考人数"":""1"",""专业"":""统计类、计算机类；会计学专业、财务管理专业"",""学历"":""仅限本科"",""学位"":""学士"",""政治面貌"":""不限"",""基层工作最低年限"":""无限制"",""服务基层项目工作经历"":""无限制"",""是否在面试阶段组织专业能力测试"":""否"",""面试人员比例"":""3:1"",""工作地点"":""辽宁省阜新市阜新蒙古族自治县"",""落户地点"":""辽宁省阜新市阜新蒙古族自治县"",""备注"":""本单位最低服务年限为5年（含试用期）。"",""部门网站"":""无"",""咨询电话1"":""024-86906498"",""咨询电话2"":""024-86906738"",""咨询电话3"":"""",""来源Sheet"":""中央国家行政机关参照公务员法管理事业单位""}}"
"government_jobs","国家公务员2025招考简章","公务员/事业单位技术岗位","辽宁省铁岭市昌图县","2026-07-28T09:12:58.310295+00:00","昌图调查队调查二科一级科员","国家统计局辽宁调查总队","","辽宁省铁岭市昌图县","公务员/事业单位;2025;computer_software;data_ai;仅限本科;学士;统计学类、计算机类;市（地）级及以下直属机构综合管理类","用人司局：国家统计局辽宁调查总队
职位简介：从事一线入户调查、数据处理、统计分析、统计研究等工作。
专业要求：统计学类、计算机类
学历要求：仅限本科
学位要求：学士
政治面貌：不限
基层工作经历：无限制
考试类别：市（地）级及以下直属机构综合管理类
备注：本单位最低服务年限为5年（含试用期）。","https://www.xjhc.gov.cn/xjhc/c116834/202410/a29382e11a674da3be3353af65f9fcc5.shtml#137106-400110106035","2024-10-14","{""dataset_year"":2025,""job_uid"":""GOV-2025-137106-400110106035"",""publisher"":""国家公务员局"",""publication_page"":""https://www.xjhc.gov.cn/xjhc/c116834/202410/a29382e11a674da3be3353af65f9fcc5.shtml"",""attachment_url"":""https://www.xjhc.gov.cn/xjhc/c116834/202410/a29382e11a674da3be3353af65f9fcc5/files/0536cef86e2b46ddad6aae5a3780089e.xls"",""local_source_file"":""2025_guokao_zhaokaojianzhang.xls"",""local_source_sha256"":""07ae6cab368cd21b7a1ac3e8150fe9a3d39ad5171ce76135ff3cccfe50c3e77e"",""source_sheet"":""中央国家行政机关参照公务员法管理事业单位"",""filter_version"":""government_tech_v2"",""tech_filter"":{""is_tech"":true,""is_core_tech"":true,""scope"":""core"",""categories"":[""computer_software"",""data_ai""],""matched_fields"":[""major"",""description""],""major_terms"":[""计算机类""],""role_terms"":[""数据处理""],""reason"":""tech_major_and_role""},""original"":{""部门代码"":""137106"",""部门名称"":""国家统计局辽宁调查总队"",""用人司局"":""国家统计局辽宁调查总队"",""机构性质"":""中央国家行政机关参照公务员法管理事业单位"",""招考职位"":""昌图调查队调查二科一级科员"",""职位属性"":""普通职位"",""职位分布"":""其他职位"",""职位简介"":""从事一线入户调查、数据处理、统计分析、统计研究等工作。"",""职位代码"":""400110106035"",""机构层级"":""县（区）级及以下"",""考试类别"":""市（地）级及以下直属机构综合管理类"",""招考人数"":""1"",""专业"":""统计学类、计算机类"",""学历"":""仅限本科"",""学位"":""学士"",""政治面貌"":""不限"",""基层工作最低年限"":""无限制"",""服务基层项目工作经历"":""无限制"",""是否在面试阶段组织专业能力测试"":""否"",""面试人员比例"":""3:1"",""工作地点"":""辽宁省铁岭市昌图县"",""落户地点"":""辽宁省铁岭市昌图县"",""备注"":""本单位最低服务年限为5年（含试用期）。"",""部门网站"":""无"",""咨询电话1"":""024-86906498"",""咨询电话2"":""024-86906738"",""咨询电话3"":"""",""来源Sheet"":""中央国家行政机关参照公务员法管理事业单位""}}"
"government_jobs","国家公务员2025招考简章","公务员/事业单位技术岗位","辽宁省葫芦岛市绥中县","2026-07-28T09:12:58.310295+00:00","绥中调查队办公室一级科员（1）","国家统计局辽宁调查总队","","辽宁省葫芦岛市绥中县","公务员/事业单位;2025;computer_software;data_ai;仅限本科;学士;统计学类、计算机类；会计学专业、人力资源管理专业;市（地）级及以下直属机构综合管理类","用人司局：国家统计局辽宁调查总队
职位简介：从事办公室综合工作，一线入户调查、数据处理、统计分析等工作。
专业要求：统计学类、计算机类；会计学专业、人力资源管理专业
学历要求：仅限本科
学位要求：学士
政治面貌：不限
基层工作经历：无限制
考试类别：市（地）级及以下直属机构综合管理类
备注：1.仅限男性；2.本单位最低服务年限为5年（含试用期）。","https://www.xjhc.gov.cn/xjhc/c116834/202410/a29382e11a674da3be3353af65f9fcc5.shtml#137106-400110106036","2024-10-14","{""dataset_year"":2025,""job_uid"":""GOV-2025-137106-400110106036"",""publisher"":""国家公务员局"",""publication_page"":""https://www.xjhc.gov.cn/xjhc/c116834/202410/a29382e11a674da3be3353af65f9fcc5.shtml"",""attachment_url"":""https://www.xjhc.gov.cn/xjhc/c116834/202410/a29382e11a674da3be3353af65f9fcc5/files/0536cef86e2b46ddad6aae5a3780089e.xls"",""local_source_file"":""2025_guokao_zhaokaojianzhang.xls"",""local_source_sha256"":""07ae6cab368cd21b7a1ac3e8150fe9a3d39ad5171ce76135ff3cccfe50c3e77e"",""source_sheet"":""中央国家行政机关参照公务员法管理事业单位"",""filter_version"":""government_tech_v2"",""tech_filter"":{""is_tech"":true,""is_core_tech"":true,""scope"":""core"",""categories"":[""computer_software"",""data_ai""],""matched_fields"":[""major"",""description""],""major_terms"":[""计算机类""],""role_terms"":[""数据处理""],""reason"":""tech_major_and_role""},""original"":{""部门代码"":""137106"",""部门名称"":""国家统计局辽宁调查总队"",""用人司局"":""国家统计局辽宁调查总队"",""机构性质"":""中央国家行政机关参照公务员法管理事业单位"",""招考职位"":""绥中调查队办公室一级科员（1）"",""职位属性"":""普通职位"",""职位分布"":""其他职位"",""职位简介"":""从事办公室综合工作，一线入户调查、数据处理、统计分析等工作。"",""职位代码"":""400110106036"",""机构层级"":""县（区）级及以下"",""考试类别"":""市（地）级及以下直属机构综合管理类"",""招考人数"":""1"",""专业"":""统计学类、计算机类；会计学专业、人力资源管理专业"",""学历"":""仅限本科"",""学位"":""学士"",""政治面貌"":""不限"",""基层工作最低年限"":""无限制"",""服务基层项目工作经历"":""无限制"",""是否在面试阶段组织专业能力测试"":""否"",""面试人员比例"":""3:1"",""工作地点"":""辽宁省葫芦岛市绥中县"",""落户地点"":""辽宁省葫芦岛市绥中县"",""备注"":""1.仅限男性；2.本单位最低服务年限为5年（含试用期）。"",""部门网站"":""无"",""咨询电话1"":""024-86906498"",""咨询电话2"":""024-86906738"",""咨询电话3"":"""",""来源Sheet"":""中央国家行政机关参照公务员法管理事业单位""}}"
"government_jobs","国家公务员2025招考简章","公务员/事业单位技术岗位","辽宁省葫芦岛市绥中县","2026-07-28T09:12:58.310295+00:00","绥中调查队办公室一级科员（2）","国家统计局辽宁调查总队","","辽宁省葫芦岛市绥中县","公务员/事业单位;2025;computer_software;data_ai;仅限本科;学士;统计学类、计算机类；会计学专业、人力资源管理专业;市（地）级及以下直属机构综合管理类","用人司局：国家统计局辽宁调查总队
职位简介：从事办公室综合工作，一线入户调查、数据处理、统计分析等工作。
专业要求：统计学类、计算机类；会计学专业、人力资源管理专业
学历要求：仅限本科
学位要求：学士
政治面貌：不限
基层工作经历：无限制
考试类别：市（地）级及以下直属机构综合管理类
备注：1.仅限女性；2.本单位最低服务年限为5年（含试用期）。","https://www.xjhc.gov.cn/xjhc/c116834/202410/a29382e11a674da3be3353af65f9fcc5.shtml#137106-400110106037","2024-10-14","{""dataset_year"":2025,""job_uid"":""GOV-2025-137106-400110106037"",""publisher"":""国家公务员局"",""publication_page"":""https://www.xjhc.gov.cn/xjhc/c116834/202410/a29382e11a674da3be3353af65f9fcc5.shtml"",""attachment_url"":""https://www.xjhc.gov.cn/xjhc/c116834/202410/a29382e11a674da3be3353af65f9fcc5/files/0536cef86e2b46ddad6aae5a3780089e.xls"",""local_source_file"":""2025_guokao_zhaokaojianzhang.xls"",""local_source_sha256"":""07ae6cab368cd21b7a1ac3e8150fe9a3d39ad5171ce76135ff3cccfe50c3e77e"",""source_sheet"":""中央国家行政机关参照公务员法管理事业单位"",""filter_version"":""government_tech_v2"",""tech_filter"":{""is_tech"":true,""is_core_tech"":true,""scope"":""core"",""categories"":[""computer_software"",""data_ai""],""matched_fields"":[""major"",""description""],""major_terms"":[""计算机类""],""role_terms"":[""数据处理""],""reason"":""tech_major_and_role""},""original"":{""部门代码"":""137106"",""部门名称"":""国家统计局辽宁调查总队"",""用人司局"":""国家统计局辽宁调查总队"",""机构性质"":""中央国家行政机关参照公务员法管理事业单位"",""招考职位"":""绥中调查队办公室一级科员（2）"",""职位属性"":""普通职位"",""职位分布"":""其他职位"",""职位简介"":""从事办公室综合工作，一线入户调查、数据处理、统计分析等工作。"",""职位代码"":""400110106037"",""机构层级"":""县（区）级及以下"",""考试类别"":""市（地）级及以下直属机构综合管理类"",""招考人数"":""1"",""专业"":""统计学类、计算机类；会计学专业、人力资源管理专业"",""学历"":""仅限本科"",""学位"":""学士"",""政治面貌"":""不限"",""基层工作最低年限"":""无限制"",""服务基层项目工作经历"":""无限制"",""是否在面试阶段组织专业能力测试"":""否"",""面试人员比例"":""3:1"",""工作地点"":""辽宁省葫芦岛市绥中县"",""落户地点"":""辽宁省葫芦岛市绥中县"",""备注"":""1.仅限女性；2.本单位最低服务年限为5年（含试用期）。"",""部门网站"":""无"",""咨询电话1"":""024-86906498"",""咨询电话2"":""024-86906738"",""咨询电话3"":"""",""来源Sheet"":""中央国家行政机关参照公务员法管理事业单位""}}"
"government_jobs","国家公务员2025招考简章","公务员/事业单位技术岗位","辽宁省鞍山市台安县","2026-07-28T09:12:58.310295+00:00","台安调查队调查二科一级科员","国家统计局辽宁调查总队","","辽宁省鞍山市台安县","公务员/事业单位;2025;data_ai;仅限本科;学士;农学专业、经济学专业、经济统计学专业、数据计算及应用专业、数学与应用数学专业;市（地）级及以下直属机构综合管理类","用人司局：国家统计局辽宁调查总队
职位简介：从事住户调查、数据处理、统计分析、统计研究等工作，定期深入城镇、农村样本户开展入户调查，需较强沟通协调能力，工作强度高。
专业要求：农学专业、经济学专业、经济统计学专业、数据计算及应用专业、数学与应用数学专业
学历要求：仅限本科
学位要求：学士
政治面貌：不限
基层工作经历：无限制
考试类别：市（地）级及以下直属机构综合管理类
备注：本单位最低服务年限为5年（含试用期）。","https://www.xjhc.gov.cn/xjhc/c116834/202410/a29382e11a674da3be3353af65f9fcc5.shtml#137106-400110106038","2024-10-14","{""dataset_year"":2025,""job_uid"":""GOV-2025-137106-400110106038"",""publisher"":""国家公务员局"",""publication_page"":""https://www.xjhc.gov.cn/xjhc/c116834/202410/a29382e11a674da3be3353af65f9fcc5.shtml"",""attachment_url"":""https://www.xjhc.gov.cn/xjhc/c116834/202410/a29382e11a674da3be3353af65f9fcc5/files/0536cef86e2b46ddad6aae5a3780089e.xls"",""local_source_file"":""2025_guokao_zhaokaojianzhang.xls"",""local_source_sha256"":""07ae6cab368cd21b7a1ac3e8150fe9a3d39ad5171ce76135ff3cccfe50c3e77e"",""source_sheet"":""中央国家行政机关参照公务员法管理事业单位"",""filter_version"":""government_tech_v2"",""tech_filter"":{""is_tech"":true,""is_core_tech"":true,""scope"":""core"",""categories"":[""data_ai""],""matched_fields"":[""description""],""major_terms"":[],""role_terms"":[""数据处理""],""reason"":""tech_role""},""original"":{""部门代码"":""137106"",""部门名称"":""国家统计局辽宁调查总队"",""用人司局"":""国家统计局辽宁调查总队"",""机构性质"":""中央国家行政机关参照公务员法管理事业单位"",""招考职位"":""台安调查队调查二科一级科员"",""职位属性"":""普通职位"",""职位分布"":""其他职位"",""职位简介"":""从事住户调查、数据处理、统计分析、统计研究等工作，定期深入城镇、农村样本户开展入户调查，需较强沟通协调能力，工作强度高。"",""职位代码"":""400110106038"",""机构层级"":""县（区）级及以下"",""考试类别"":""市（地）级及以下直属机构综合管理类"",""招考人数"":""1"",""专业"":""农学专业、经济学专业、经济统计学专业、数据计算及应用专业、数学与应用数学专业"",""学历"":""仅限本科"",""学位"":""学士"",""政治面貌"":""不限"",""基层工作最低年限"":""无限制"",""服务基层项目工作经历"":""无限制"",""是否在面试阶段组织专业能力测试"":""否"",""面试人员比例"":""3:1"",""工作地点"":""辽宁省鞍山市台安县"",""落户地点"":""辽宁省鞍山市台安县"",""备注"":""本单位最低服务年限为5年（含试用期）。"",""部门网站"":""无"",""咨询电话1"":""024-86906498"",""咨询电话2"":""024-86906738"",""咨询电话3"":"""",""来源Sheet"":""中央国家行政机关参照公务员法管理事业单位""}}"
"government_jobs","国家公务员2025招考简章","公务员/事业单位技术岗位","吉林省长春市","2026-07-28T09:12:58.310295+00:00","吉林调查总队业务处室二级主任科员及以下（1）","国家统计局吉林调查总队","","吉林省长春市","公务员/事业单位;2025;computer_software;data_ai;geospatial_remote_sensing;仅限硕士研究生;硕士;经济学类（不含财政学、税收学、金融学、保险学专业）、数学类、计算机与科学技术类、测绘科学与技术类（不含大地测量学与测量工程专业）;中央机关及其省级直属机构综合管理类","用人司局：国家统计局吉林调查总队
职位简介：从事数据处理、统计分析、统计研究、遥感测量工作。
专业要求：经济学类（不含财政学、税收学、金融学、保险学专业）、数学类、计算机与科学技术类、测绘科学与技术类（不含大地测量学与测量工程专业）
学历要求：仅限硕士研究生
学位要求：硕士
政治面貌：不限
基层工作经历：无限制
考试类别：中央机关及其省级直属机构综合管理类
备注：限男性；本单位最低服务年限为5年（含试用期）。","https://www.xjhc.gov.cn/xjhc/c116834/202410/a29382e11a674da3be3353af65f9fcc5.shtml#137107-400110107005","2024-10-14","{""dataset_year"":2025,""job_uid"":""GOV-2025-137107-400110107005"",""publisher"":""国家公务员局"",""publication_page"":""https://www.xjhc.gov.cn/xjhc/c116834/202410/a29382e11a674da3be3353af65f9fcc5.shtml"",""attachment_url"":""https://www.xjhc.gov.cn/xjhc/c116834/202410/a29382e11a674da3be3353af65f9fcc5/files/0536cef86e2b46ddad6aae5a3780089e.xls"",""local_source_file"":""2025_guokao_zhaokaojianzhang.xls"",""local_source_sha256"":""07ae6cab368cd21b7a1ac3e8150fe9a3d39ad5171ce76135ff3cccfe50c3e77e"",""source_sheet"":""中央国家行政机关参照公务员法管理事业单位"",""filter_version"":""government_tech_v2"",""tech_filter"":{""is_tech"":true,""is_core_tech"":true,""scope"":""core"",""categories"":[""computer_software"",""data_ai"",""geospatial_remote_sensing""],""matched_fields"":[""major"",""description""],""major_terms"":[""测绘科学与技术"",""计算机""],""role_terms"":[""数据处理""],""reason"":""tech_major_and_role""},""original"":{""部门代码"":""137107"",""部门名称"":""国家统计局吉林调查总队"",""用人司局"":""国家统计局吉林调查总队"",""机构性质"":""中央国家行政机关参照公务员法管理事业单位"",""招考职位"":""吉林调查总队业务处室二级主任科员及以下（1）"",""职位属性"":""普通职位"",""职位分布"":""其他职位"",""职位简介"":""从事数据处理、统计分析、统计研究、遥感测量工作。"",""职位代码"":""400110107005"",""机构层级"":""省（副省）级"",""考试类别"":""中央机关及其省级直属机构综合管理类"",""招考人数"":""1"",""专业"":""经济学类（不含财政学、税收学、金融学、保险学专业）、数学类、计算机与科学技术类、测绘科学与技术类（不含大地测量学与测量工程专业）"",""学历"":""仅限硕士研究生"",""学位"":""硕士"",""政治面貌"":""不限"",""基层工作最低年限"":""无限制"",""服务基层项目工作经历"":""无限制"",""是否在面试阶段组织专业能力测试"":""否"",""面试人员比例"":""5:1"",""工作地点"":""吉林省长春市"",""落户地点"":""吉林省长春市"",""备注"":""限男性；本单位最低服务年限为5年（含试用期）。"",""部门网站"":""无"",""咨询电话1"":""0431-85899731"",""咨询电话2"":"""",""咨询电话3"":"""",""来源Sheet"":""中央国家行政机关参照公务员法管理事业单位""}}"
"government_jobs","国家公务员2025招考简章","公务员/事业单位技术岗位","吉林省长春市","2026-07-28T09:12:58.310295+00:00","吉林调查总队业务处室二级主任科员及以下（2）","国家统计局吉林调查总队","","吉林省长春市","公务员/事业单位;2025;computer_software;data_ai;geospatial_remote_sensing;仅限硕士研究生;硕士;经济学类（不含财政学、税收学、金融学、保险学专业）、数学类、计算机与科学技术类、测绘科学与技术类（不含大地测量学与测量工程专业）;中央机关及其省级直属机构综合管理类","用人司局：国家统计局吉林调查总队
职位简介：从事数据处理、统计分析、统计研究、遥感测量工作。
专业要求：经济学类（不含财政学、税收学、金融学、保险学专业）、数学类、计算机与科学技术类、测绘科学与技术类（不含大地测量学与测量工程专业）
学历要求：仅限硕士研究生
学位要求：硕士
政治面貌：不限
基层工作经历：无限制
考试类别：中央机关及其省级直属机构综合管理类
备注：限女性；本单位最低服务年限为5年（含试用期）。","https://www.xjhc.gov.cn/xjhc/c116834/202410/a29382e11a674da3be3353af65f9fcc5.shtml#137107-400110107006","2024-10-14","{""dataset_year"":2025,""job_uid"":""GOV-2025-137107-400110107006"",""publisher"":""国家公务员局"",""publication_page"":""https://www.xjhc.gov.cn/xjhc/c116834/202410/a29382e11a674da3be3353af65f9fcc5.shtml"",""attachment_url"":""https://www.xjhc.gov.cn/xjhc/c116834/202410/a29382e11a674da3be3353af65f9fcc5/files/0536cef86e2b46ddad6aae5a3780089e.xls"",""local_source_file"":""2025_guokao_zhaokaojianzhang.xls"",""local_source_sha256"":""07ae6cab368cd21b7a1ac3e8150fe9a3d39ad5171ce76135ff3cccfe50c3e77e"",""source_sheet"":""中央国家行政机关参照公务员法管理事业单位"",""filter_version"":""government_tech_v2"",""tech_filter"":{""is_tech"":true,""is_core_tech"":true,""scope"":""core"",""categories"":[""computer_software"",""data_ai"",""geospatial_remote_sensing""],""matched_fields"":[""major"",""description""],""major_terms"":[""测绘科学与技术"",""计算机""],""role_terms"":[""数据处理""],""reason"":""tech_major_and_role""},""original"":{""部门代码"":""137107"",""部门名称"":""国家统计局吉林调查总队"",""用人司局"":""国家统计局吉林调查总队"",""机构性质"":""中央国家行政机关参照公务员法管理事业单位"",""招考职位"":""吉林调查总队业务处室二级主任科员及以下（2）"",""职位属性"":""普通职位"",""职位分布"":""其他职位"",""职位简介"":""从事数据处理、统计分析、统计研究、遥感测量工作。"",""职位代码"":""400110107006"",""机构层级"":""省（副省）级"",""考试类别"":""中央机关及其省级直属机构综合管理类"",""招考人数"":""1"",""专业"":""经济学类（不含财政学、税收学、金融学、保险学专业）、数学类、计算机与科学技术类、测绘科学与技术类（不含大地测量学与测量工程专业）"",""学历"":""仅限硕士研究生"",""学位"":""硕士"",""政治面貌"":""不限"",""基层工作最低年限"":""无限制"",""服务基层项目工作经历"":""无限制"",""是否在面试阶段组织专业能力测试"":""否"",""面试人员比例"":""5:1"",""工作地点"":""吉林省长春市"",""落户地点"":""吉林省长春市"",""备注"":""限女性；本单位最低服务年限为5年（含试用期）。"",""部门网站"":""无"",""咨询电话1"":""0431-85899731"",""咨询电话2"":"""",""咨询电话3"":"""",""来源Sheet"":""中央国家行政机关参照公务员法管理事业单位""}}"
"government_jobs","国家公务员2025招考简章","公务员/事业单位技术岗位","吉林省长春市","2026-07-28T09:12:58.310295+00:00","长春调查队业务处室二级主任科员及以下（1）","国家统计局吉林调查总队","","吉林省长春市","公务员/事业单位;2025;computer_software;data_ai;仅限硕士研究生;硕士;经济学类（不含财政学、税收学、金融学、保险学专业）、数学类、计算机与科学技术类;中央机关及其省级直属机构综合管理类","用人司局：国家统计局吉林调查总队
职位简介：从事一线入户调查、数据处理、统计分析、统计研究等工作。
专业要求：经济学类（不含财政学、税收学、金融学、保险学专业）、数学类、计算机与科学技术类
学历要求：仅限硕士研究生
学位要求：硕士
政治面貌：不限
基层工作经历：无限制
考试类别：中央机关及其省级直属机构综合管理类
备注：限男性；本单位最低服务年限为5年（含试用期）。","https://www.xjhc.gov.cn/xjhc/c116834/202410/a29382e11a674da3be3353af65f9fcc5.shtml#137107-400110107007","2024-10-14","{""dataset_year"":2025,""job_uid"":""GOV-2025-137107-400110107007"",""publisher"":""国家公务员局"",""publication_page"":""https://www.xjhc.gov.cn/xjhc/c116834/202410/a29382e11a674da3be3353af65f9fcc5.shtml"",""attachment_url"":""https://www.xjhc.gov.cn/xjhc/c116834/202410/a29382e11a674da3be3353af65f9fcc5/files/0536cef86e2b46ddad6aae5a3780089e.xls"",""local_source_file"":""2025_guokao_zhaokaojianzhang.xls"",""local_source_sha256"":""07ae6cab368cd21b7a1ac3e8150fe9a3d39ad5171ce76135ff3cccfe50c3e77e"",""source_sheet"":""中央国家行政机关参照公务员法管理事业单位"",""filter_version"":""government_tech_v2"",""tech_filter"":{""is_tech"":true,""is_core_tech"":true,""scope"":""core"",""categories"":[""computer_software"",""data_ai""],""matched_fields"":[""major"",""description""],""major_terms"":[""计算机""],""role_terms"":[""数据处理""],""reason"":""tech_major_and_role""},""original"":{""部门代码"":""137107"",""部门名称"":""国家统计局吉林调查总队"",""用人司局"":""国家统计局吉林调查总队"",""机构性质"":""中央国家行政机关参照公务员法管理事业单位"",""招考职位"":""长春调查队业务处室二级主任科员及以下（1）"",""职位属性"":""普通职位"",""职位分布"":""其他职位"",""职位简介"":""从事一线入户调查、数据处理、统计分析、统计研究等工作。"",""职位代码"":""400110107007"",""机构层级"":""省（副省）级"",""考试类别"":""中央机关及其省级直属机构综合管理类"",""招考人数"":""1"",""专业"":""经济学类（不含财政学、税收学、金融学、保险学专业）、数学类、计算机与科学技术类"",""学历"":""仅限硕士研究生"",""学位"":""硕士"",""政治面貌"":""不限"",""基层工作最低年限"":""无限制"",""服务基层项目工作经历"":""无限制"",""是否在面试阶段组织专业能力测试"":""否"",""面试人员比例"":""5:1"",""工作地点"":""吉林省长春市"",""落户地点"":""吉林省长春市"",""备注"":""限男性；本单位最低服务年限为5年（含试用期）。"",""部门网站"":""无"",""咨询电话1"":""0431-85899731"",""咨询电话2"":"""",""咨询电话3"":"""",""来源Sheet"":""中央国家行政机关参照公务员法管理事业单位""}}"
"government_jobs","国家公务员2025招考简章","公务员/事业单位技术岗位","吉林省长春市","2026-07-28T09:12:58.310295+00:00","长春调查队业务处室二级主任科员及以下（2）","国家统计局吉林调查总队","","吉林省长春市","公务员/事业单位;2025;computer_software;data_ai;仅限硕士研究生;硕士;经济学类（不含财政学、税收学、金融学、保险学专业）、数学类、计算机与科学技术类;中央机关及其省级直属机构综合管理类","用人司局：国家统计局吉林调查总队
职位简介：从事一线入户调查、数据处理、统计分析、统计研究等工作。
专业要求：经济学类（不含财政学、税收学、金融学、保险学专业）、数学类、计算机与科学技术类
学历要求：仅限硕士研究生
学位要求：硕士
政治面貌：不限
基层工作经历：无限制
考试类别：中央机关及其省级直属机构综合管理类
备注：限女性；本单位最低服务年限为5年（含试用期）。","https://www.xjhc.gov.cn/xjhc/c116834/202410/a29382e11a674da3be3353af65f9fcc5.shtml#137107-400110107008","2024-10-14","{""dataset_year"":2025,""job_uid"":""GOV-2025-137107-400110107008"",""publisher"":""国家公务员局"",""publication_page"":""https://www.xjhc.gov.cn/xjhc/c116834/202410/a29382e11a674da3be3353af65f9fcc5.shtml"",""attachment_url"":""https://www.xjhc.gov.cn/xjhc/c116834/202410/a29382e11a674da3be3353af65f9fcc5/files/0536cef86e2b46ddad6aae5a3780089e.xls"",""local_source_file"":""2025_guokao_zhaokaojianzhang.xls"",""local_source_sha256"":""07ae6cab368cd21b7a1ac3e8150fe9a3d39ad5171ce76135ff3cccfe50c3e77e"",""source_sheet"":""中央国家行政机关参照公务员法管理事业单位"",""filter_version"":""government_tech_v2"",""tech_filter"":{""is_tech"":true,""is_core_tech"":true,""scope"":""core"",""categories"":[""computer_software"",""data_ai""],""matched_fields"":[""major"",""description""],""major_terms"":[""计算机""],""role_terms"":[""数据处理""],""reason"":""tech_major_and_role""},""original"":{""部门代码"":""137107"",""部门名称"":""国家统计局吉林调查总队"",""用人司局"":""国家统计局吉林调查总队"",""机构性质"":""中央国家行政机关参照公务员法管理事业单位"",""招考职位"":""长春调查队业务处室二级主任科员及以下（2）"",""职位属性"":""普通职位"",""职位分布"":""其他职位"",""职位简介"":""从事一线入户调查、数据处理、统计分析、统计研究等工作。"",""职位代码"":""400110107008"",""机构层级"":""省（副省）级"",""考试类别"":""中央机关及其省级直属机构综合管理类"",""招考人数"":""1"",""专业"":""经济学类（不含财政学、税收学、金融学、保险学专业）、数学类、计算机与科学技术类"",""学历"":""仅限硕士研究生"",""学位"":""硕士"",""政治面貌"":""不限"",""基层工作最低年限"":""无限制"",""服务基层项目工作经历"":""无限制"",""是否在面试阶段组织专业能力测试"":""否"",""面试人员比例"":""5:1"",""工作地点"":""吉林省长春市"",""落户地点"":""吉林省长春市"",""备注"":""限女性；本单位最低服务年限为5年（含试用期）。"",""部门网站"":""无"",""咨询电话1"":""0431-85899731"",""咨询电话2"":"""",""咨询电话3"":"""",""来源Sheet"":""中央国家行政机关参照公务员法管理事业单位""}}"
"government_jobs","国家公务员2025招考简章","公务员/事业单位技术岗位","吉林省延边朝鲜族自治州延吉市","2026-07-28T09:12:58.310295+00:00","延边调查队业务科室一级科员（1）","国家统计局吉林调查总队","","吉林省延边朝鲜族自治州延吉市","公务员/事业单位;2025;computer_software;data_ai;仅限本科;学士;经济学类、数学类、统计学类、计算机类;市（地）级及以下直属机构综合管理类","用人司局：国家统计局吉林调查总队
职位简介：从事一线入户调查、数据处理、统计分析、统计研究等工作。
专业要求：经济学类、数学类、统计学类、计算机类
学历要求：仅限本科
学位要求：学士
政治面貌：不限
基层工作经历：无限制
考试类别：市（地）级及以下直属机构综合管理类
备注：限男性；本职位专业要求均为专业目录中的“专业类”，非“专业大类（学科大类）”；本单位最低服务年限为5年（含试用期）。","https://www.xjhc.gov.cn/xjhc/c116834/202410/a29382e11a674da3be3353af65f9fcc5.shtml#137107-400110107011","2024-10-14","{""dataset_year"":2025,""job_uid"":""GOV-2025-137107-400110107011"",""publisher"":""国家公务员局"",""publication_page"":""https://www.xjhc.gov.cn/xjhc/c116834/202410/a29382e11a674da3be3353af65f9fcc5.shtml"",""attachment_url"":""https://www.xjhc.gov.cn/xjhc/c116834/202410/a29382e11a674da3be3353af65f9fcc5/files/0536cef86e2b46ddad6aae5a3780089e.xls"",""local_source_file"":""2025_guokao_zhaokaojianzhang.xls"",""local_source_sha256"":""07ae6cab368cd21b7a1ac3e8150fe9a3d39ad5171ce76135ff3cccfe50c3e77e"",""source_sheet"":""中央国家行政机关参照公务员法管理事业单位"",""filter_version"":""government_tech_v2"",""tech_filter"":{""is_tech"":true,""is_core_tech"":true,""scope"":""core"",""categories"":[""computer_software"",""data_ai""],""matched_fields"":[""major"",""description""],""major_terms"":[""计算机类""],""role_terms"":[""数据处理""],""reason"":""tech_major_and_role""},""original"":{""部门代码"":""137107"",""部门名称"":""国家统计局吉林调查总队"",""用人司局"":""国家统计局吉林调查总队"",""机构性质"":""中央国家行政机关参照公务员法管理事业单位"",""招考职位"":""延边调查队业务科室一级科员（1）"",""职位属性"":""普通职位"",""职位分布"":""西部地区和艰苦边远地区职位"",""职位简介"":""从事一线入户调查、数据处理、统计分析、统计研究等工作。"",""职位代码"":""400110107011"",""机构层级"":""市（地）级"",""考试类别"":""市（地）级及以下直属机构综合管理类"",""招考人数"":""1"",""专业"":""经济学类、数学类、统计学类、计算机类"",""学历"":""仅限本科"",""学位"":""学士"",""政治面貌"":""不限"",""基层工作最低年限"":""无限制"",""服务基层项目工作经历"":""无限制"",""是否在面试阶段组织专业能力测试"":""否"",""面试人员比例"":""3:1"",""工作地点"":""吉林省延边朝鲜族自治州延吉市"",""落户地点"":""吉林省延边朝鲜族自治州延吉市"",""备注"":""限男性；本职位专业要求均为专业目录中的“专业类”，非“专业大类（学科大类）”；本单位最低服务年限为5年（含试用期）。"",""部门网站"":""无"",""咨询电话1"":""0431-85899731"",""咨询电话2"":"""",""咨询电话3"":"""",""来源Sheet"":""中央国家行政机关参照公务员法管理事业单位""}}"
"government_jobs","国家公务员2025招考简章","公务员/事业单位技术岗位","吉林省延边朝鲜族自治州延吉市","2026-07-28T09:12:58.310295+00:00","延边调查队业务科室一级科员（2）","国家统计局吉林调查总队","","吉林省延边朝鲜族自治州延吉市","公务员/事业单位;2025;computer_software;data_ai;仅限本科;学士;经济学类、数学类、统计学类、计算机类;市（地）级及以下直属机构综合管理类","用人司局：国家统计局吉林调查总队
职位简介：从事一线入户调查、数据处理、统计分析、统计研究等工作。
专业要求：经济学类、数学类、统计学类、计算机类
学历要求：仅限本科
学位要求：学士
政治面貌：不限
基层工作经历：无限制
考试类别：市（地）级及以下直属机构综合管理类
备注：限女性；本职位专业要求均为专业目录中的“专业类”，非“专业大类（学科大类）”；本单位最低服务年限为5年（含试用期）。","https://www.xjhc.gov.cn/xjhc/c116834/202410/a29382e11a674da3be3353af65f9fcc5.shtml#137107-400110107012","2024-10-14","{""dataset_year"":2025,""job_uid"":""GOV-2025-137107-400110107012"",""publisher"":""国家公务员局"",""publication_page"":""https://www.xjhc.gov.cn/xjhc/c116834/202410/a29382e11a674da3be3353af65f9fcc5.shtml"",""attachment_url"":""https://www.xjhc.gov.cn/xjhc/c116834/202410/a29382e11a674da3be3353af65f9fcc5/files/0536cef86e2b46ddad6aae5a3780089e.xls"",""local_source_file"":""2025_guokao_zhaokaojianzhang.xls"",""local_source_sha256"":""07ae6cab368cd21b7a1ac3e8150fe9a3d39ad5171ce76135ff3cccfe50c3e77e"",""source_sheet"":""中央国家行政机关参照公务员法管理事业单位"",""filter_version"":""government_tech_v2"",""tech_filter"":{""is_tech"":true,""is_core_tech"":true,""scope"":""core"",""categories"":[""computer_software"",""data_ai""],""matched_fields"":[""major"",""description""],""major_terms"":[""计算机类""],""role_terms"":[""数据处理""],""reason"":""tech_major_and_role""},""original"":{""部门代码"":""137107"",""部门名称"":""国家统计局吉林调查总队"",""用人司局"":""国家统计局吉林调查总队"",""机构性质"":""中央国家行政机关参照公务员法管理事业单位"",""招考职位"":""延边调查队业务科室一级科员（2）"",""职位属性"":""普通职位"",""职位分布"":""西部地区和艰苦边远地区职位"",""职位简介"":""从事一线入户调查、数据处理、统计分析、统计研究等工作。"",""职位代码"":""400110107012"",""机构层级"":""市（地）级"",""考试类别"":""市（地）级及以下直属机构综合管理类"",""招考人数"":""1"",""专业"":""经济学类、数学类、统计学类、计算机类"",""学历"":""仅限本科"",""学位"":""学士"",""政治面貌"":""不限"",""基层工作最低年限"":""无限制"",""服务基层项目工作经历"":""无限制"",""是否在面试阶段组织专业能力测试"":""否"",""面试人员比例"":""3:1"",""工作地点"":""吉林省延边朝鲜族自治州延吉市"",""落户地点"":""吉林省延边朝鲜族自治州延吉市"",""备注"":""限女性；本职位专业要求均为专业目录中的“专业类”，非“专业大类（学科大类）”；本单位最低服务年限为5年（含试用期）。"",""部门网站"":""无"",""咨询电话1"":""0431-85899731"",""咨询电话2"":"""",""咨询电话3"":"""",""来源Sheet"":""中央国家行政机关参照公务员法管理事业单位""}}"
"government_jobs","国家公务员2025招考简章","公务员/事业单位技术岗位","吉林省长春市农安县","2026-07-28T09:12:58.310295+00:00","农安调查队一级科员（1）","国家统计局吉林调查总队","","吉林省长春市农安县","公务员/事业单位;2025;computer_software;data_ai;仅限本科;学士;经济学类、数学类、统计学类、计算机类;市（地）级及以下直属机构综合管理类","用人司局：国家统计局吉林调查总队
职位简介：从事一线入户调查、数据处理、统计分析、统计研究等工作。
专业要求：经济学类、数学类、统计学类、计算机类
学历要求：仅限本科
学位要求：学士
政治面貌：不限
基层工作经历：无限制
考试类别：市（地）级及以下直属机构综合管理类
备注：限男性；限应届高校毕业生；本职位专业要求均为专业目录中的“专业类”，非“专业大类（学科大类）”；本单位最低服务年限为5年（含试用期）。","https://www.xjhc.gov.cn/xjhc/c116834/202410/a29382e11a674da3be3353af65f9fcc5.shtml#137107-400110107013","2024-10-14","{""dataset_year"":2025,""job_uid"":""GOV-2025-137107-400110107013"",""publisher"":""国家公务员局"",""publication_page"":""https://www.xjhc.gov.cn/xjhc/c116834/202410/a29382e11a674da3be3353af65f9fcc5.shtml"",""attachment_url"":""https://www.xjhc.gov.cn/xjhc/c116834/202410/a29382e11a674da3be3353af65f9fcc5/files/0536cef86e2b46ddad6aae5a3780089e.xls"",""local_source_file"":""2025_guokao_zhaokaojianzhang.xls"",""local_source_sha256"":""07ae6cab368cd21b7a1ac3e8150fe9a3d39ad5171ce76135ff3cccfe50c3e77e"",""source_sheet"":""中央国家行政机关参照公务员法管理事业单位"",""filter_version"":""government_tech_v2"",""tech_filter"":{""is_tech"":true,""is_core_tech"":true,""scope"":""core"",""categories"":[""computer_software"",""data_ai""],""matched_fields"":[""major"",""description""],""major_terms"":[""计算机类""],""role_terms"":[""数据处理""],""reason"":""tech_major_and_role""},""original"":{""部门代码"":""137107"",""部门名称"":""国家统计局吉林调查总队"",""用人司局"":""国家统计局吉林调查总队"",""机构性质"":""中央国家行政机关参照公务员法管理事业单位"",""招考职位"":""农安调查队一级科员（1）"",""职位属性"":""普通职位"",""职位分布"":""西部地区和艰苦边远地区职位"",""职位简介"":""从事一线入户调查、数据处理、统计分析、统计研究等工作。"",""职位代码"":""400110107013"",""机构层级"":""县（区）级及以下"",""考试类别"":""市（地）级及以下直属机构综合管理类"",""招考人数"":""1"",""专业"":""经济学类、数学类、统计学类、计算机类"",""学历"":""仅限本科"",""学位"":""学士"",""政治面貌"":""不限"",""基层工作最低年限"":""无限制"",""服务基层项目工作经历"":""无限制"",""是否在面试阶段组织专业能力测试"":""否"",""面试人员比例"":""3:1"",""工作地点"":""吉林省长春市农安县"",""落户地点"":""吉林省长春市农安县"",""备注"":""限男性；限应届高校毕业生；本职位专业要求均为专业目录中的“专业类”，非“专业大类（学科大类）”；本单位最低服务年限为5年（含试用期）。"",""部门网站"":""无"",""咨询电话1"":""0431-85899731"",""咨询电话2"":"""",""咨询电话3"":"""",""来源Sheet"":""中央国家行政机关参照公务员法管理事业单位""}}"
"government_jobs","国家公务员2025招考简章","公务员/事业单位技术岗位","吉林省长春市农安县","2026-07-28T09:12:58.310295+00:00","农安调查队一级科员（2）","国家统计局吉林调查总队","","吉林省长春市农安县","公务员/事业单位;2025;computer_software;data_ai;仅限本科;学士;经济学类、数学类、统计学类、计算机类;市（地）级及以下直属机构综合管理类","用人司局：国家统计局吉林调查总队
职位简介：从事一线入户调查、数据处理、统计分析、统计研究等工作。
专业要求：经济学类、数学类、统计学类、计算机类
学历要求：仅限本科
学位要求：学士
政治面貌：不限
基层工作经历：无限制
考试类别：市（地）级及以下直属机构综合管理类
备注：限女性；限应届高校毕业生；本职位专业要求均为专业目录中的“专业类”，非“专业大类（学科大类）”；本单位最低服务年限为5年（含试用期）。","https://www.xjhc.gov.cn/xjhc/c116834/202410/a29382e11a674da3be3353af65f9fcc5.shtml#137107-400110107014","2024-10-14","{""dataset_year"":2025,""job_uid"":""GOV-2025-137107-400110107014"",""publisher"":""国家公务员局"",""publication_page"":""https://www.xjhc.gov.cn/xjhc/c116834/202410/a29382e11a674da3be3353af65f9fcc5.shtml"",""attachment_url"":""https://www.xjhc.gov.cn/xjhc/c116834/202410/a29382e11a674da3be3353af65f9fcc5/files/0536cef86e2b46ddad6aae5a3780089e.xls"",""local_source_file"":""2025_guokao_zhaokaojianzhang.xls"",""local_source_sha256"":""07ae6cab368cd21b7a1ac3e8150fe9a3d39ad5171ce76135ff3cccfe50c3e77e"",""source_sheet"":""中央国家行政机关参照公务员法管理事业单位"",""filter_version"":""government_tech_v2"",""tech_filter"":{""is_tech"":true,""is_core_tech"":true,""scope"":""core"",""categories"":[""computer_software"",""data_ai""],""matched_fields"":[""major"",""description""],""major_terms"":[""计算机类""],""role_terms"":[""数据处理""],""reason"":""tech_major_and_role""},""original"":{""部门代码"":""137107"",""部门名称"":""国家统计局吉林调查总队"",""用人司局"":""国家统计局吉林调查总队"",""机构性质"":""中央国家行政机关参照公务员法管理事业单位"",""招考职位"":""农安调查队一级科员（2）"",""职位属性"":""普通职位"",""职位分布"":""西部地区和艰苦边远地区职位"",""职位简介"":""从事一线入户调查、数据处理、统计分析、统计研究等工作。"",""职位代码"":""400110107014"",""机构层级"":""县（区）级及以下"",""考试类别"":""市（地）级及以下直属机构综合管理类"",""招考人数"":""1"",""专业"":""经济学类、数学类、统计学类、计算机类"",""学历"":""仅限本科"",""学位"":""学士"",""政治面貌"":""不限"",""基层工作最低年限"":""无限制"",""服务基层项目工作经历"":""无限制"",""是否在面试阶段组织专业能力测试"":""否"",""面试人员比例"":""3:1"",""工作地点"":""吉林省长春市农安县"",""落户地点"":""吉林省长春市农安县"",""备注"":""限女性；限应届高校毕业生；本职位专业要求均为专业目录中的“专业类”，非“专业大类（学科大类）”；本单位最低服务年限为5年（含试用期）。"",""部门网站"":""无"",""咨询电话1"":""0431-85899731"",""咨询电话2"":"""",""咨询电话3"":"""",""来源Sheet"":""中央国家行政机关参照公务员法管理事业单位""}}"
"government_jobs","国家公务员2025招考简章","公务员/事业单位技术岗位","吉林省长春市德惠市","2026-07-28T09:12:58.310295+00:00","德惠调查队一级科员","国家统计局吉林调查总队","","吉林省长春市德惠市","公务员/事业单位;2025;computer_software;data_ai;仅限本科;学士;经济学类、数学类、统计学类、计算机类;市（地）级及以下直属机构综合管理类","用人司局：国家统计局吉林调查总队
职位简介：从事一线入户调查、数据处理、统计分析、统计研究等工作。
专业要求：经济学类、数学类、统计学类、计算机类
学历要求：仅限本科
学位要求：学士
政治面貌：不限
基层工作经历：无限制
考试类别：市（地）级及以下直属机构综合管理类
备注：限应届高校毕业生；本职位专业要求均为专业目录中的“专业类”，非“专业大类（学科大类）”；本单位最低服务年限为5年（含试用期）。","https://www.xjhc.gov.cn/xjhc/c116834/202410/a29382e11a674da3be3353af65f9fcc5.shtml#137107-400110107015","2024-10-14","{""dataset_year"":2025,""job_uid"":""GOV-2025-137107-400110107015"",""publisher"":""国家公务员局"",""publication_page"":""https://www.xjhc.gov.cn/xjhc/c116834/202410/a29382e11a674da3be3353af65f9fcc5.shtml"",""attachment_url"":""https://www.xjhc.gov.cn/xjhc/c116834/202410/a29382e11a674da3be3353af65f9fcc5/files/0536cef86e2b46ddad6aae5a3780089e.xls"",""local_source_file"":""2025_guokao_zhaokaojianzhang.xls"",""local_source_sha256"":""07ae6cab368cd21b7a1ac3e8150fe9a3d39ad5171ce76135ff3cccfe50c3e77e"",""source_sheet"":""中央国家行政机关参照公务员法管理事业单位"",""filter_version"":""government_tech_v2"",""tech_filter"":{""is_tech"":true,""is_core_tech"":true,""scope"":""core"",""categories"":[""computer_software"",""data_ai""],""matched_fields"":[""major"",""description""],""major_terms"":[""计算机类""],""role_terms"":[""数据处理""],""reason"":""tech_major_and_role""},""original"":{""部门代码"":""137107"",""部门名称"":""国家统计局吉林调查总队"",""用人司局"":""国家统计局吉林调查总队"",""机构性质"":""中央国家行政机关参照公务员法管理事业单位"",""招考职位"":""德惠调查队一级科员"",""职位属性"":""普通职位"",""职位分布"":""西部地区和艰苦边远地区职位"",""职位简介"":""从事一线入户调查、数据处理、统计分析、统计研究等工作。"",""职位代码"":""400110107015"",""机构层级"":""县（区）级及以下"",""考试类别"":""市（地）级及以下直属机构综合管理类"",""招考人数"":""1"",""专业"":""经济学类、数学类、统计学类、计算机类"",""学历"":""仅限本科"",""学位"":""学士"",""政治面貌"":""不限"",""基层工作最低年限"":""无限制"",""服务基层项目工作经历"":""无限制"",""是否在面试阶段组织专业能力测试"":""否"",""面试人员比例"":""3:1"",""工作地点"":""吉林省长春市德惠市"",""落户地点"":""吉林省长春市德惠市"",""备注"":""限应届高校毕业生；本职位专业要求均为专业目录中的“专业类”，非“专业大类（学科大类）”；本单位最低服务年限为5年（含试用期）。"",""部门网站"":""无"",""咨询电话1"":""0431-85899731"",""咨询电话2"":"""",""咨询电话3"":"""",""来源Sheet"":""中央国家行政机关参照公务员法管理事业单位""}}"
"government_jobs","国家公务员2025招考简章","公务员/事业单位技术岗位","吉林省长春市榆树市","2026-07-28T09:12:58.310295+00:00","榆树调查队一级科员","国家统计局吉林调查总队","","吉林省长春市榆树市","公务员/事业单位;2025;computer_software;data_ai;仅限本科;学士;经济学类、数学类、统计学类、计算机类;市（地）级及以下直属机构综合管理类","用人司局：国家统计局吉林调查总队
职位简介：从事一线入户调查、数据处理、统计分析、统计研究等工作。
专业要求：经济学类、数学类、统计学类、计算机类
学历要求：仅限本科
学位要求：学士
政治面貌：不限
基层工作经历：无限制
考试类别：市（地）级及以下直属机构综合管理类
备注：限应届高校毕业生；本职位专业要求均为专业目录中的“专业类”，非“专业大类（学科大类）”；本单位最低服务年限为5年（含试用期）。","https://www.xjhc.gov.cn/xjhc/c116834/202410/a29382e11a674da3be3353af65f9fcc5.shtml#137107-400110107016","2024-10-14","{""dataset_year"":2025,""job_uid"":""GOV-2025-137107-400110107016"",""publisher"":""国家公务员局"",""publication_page"":""https://www.xjhc.gov.cn/xjhc/c116834/202410/a29382e11a674da3be3353af65f9fcc5.shtml"",""attachment_url"":""https://www.xjhc.gov.cn/xjhc/c116834/202410/a29382e11a674da3be3353af65f9fcc5/files/0536cef86e2b46ddad6aae5a3780089e.xls"",""local_source_file"":""2025_guokao_zhaokaojianzhang.xls"",""local_source_sha256"":""07ae6cab368cd21b7a1ac3e8150fe9a3d39ad5171ce76135ff3cccfe50c3e77e"",""source_sheet"":""中央国家行政机关参照公务员法管理事业单位"",""filter_version"":""government_tech_v2"",""tech_filter"":{""is_tech"":true,""is_core_tech"":true,""scope"":""core"",""categories"":[""computer_software"",""data_ai""],""matched_fields"":[""major"",""description""],""major_terms"":[""计算机类""],""role_terms"":[""数据处理""],""reason"":""tech_major_and_role""},""original"":{""部门代码"":""137107"",""部门名称"":""国家统计局吉林调查总队"",""用人司局"":""国家统计局吉林调查总队"",""机构性质"":""中央国家行政机关参照公务员法管理事业单位"",""招考职位"":""榆树调查队一级科员"",""职位属性"":""普通职位"",""职位分布"":""西部地区和艰苦边远地区职位"",""职位简介"":""从事一线入户调查、数据处理、统计分析、统计研究等工作。"",""职位代码"":""400110107016"",""机构层级"":""县（区）级及以下"",""考试类别"":""市（地）级及以下直属机构综合管理类"",""招考人数"":""1"",""专业"":""经济学类、数学类、统计学类、计算机类"",""学历"":""仅限本科"",""学位"":""学士"",""政治面貌"":""不限"",""基层工作最低年限"":""无限制"",""服务基层项目工作经历"":""无限制"",""是否在面试阶段组织专业能力测试"":""否"",""面试人员比例"":""3:1"",""工作地点"":""吉林省长春市榆树市"",""落户地点"":""吉林省长春市榆树市"",""备注"":""限应届高校毕业生；本职位专业要求均为专业目录中的“专业类”，非“专业大类（学科大类）”；本单位最低服务年限为5年（含试用期）。"",""部门网站"":""无"",""咨询电话1"":""0431-85899731"",""咨询电话2"":"""",""咨询电话3"":"""",""来源Sheet"":""中央国家行政机关参照公务员法管理事业单位""}}"
"government_jobs","国家公务员2025招考简章","公务员/事业单位技术岗位","吉林省吉林市蛟河市","2026-07-28T09:12:58.310295+00:00","蛟河调查队一级科员","国家统计局吉林调查总队","","吉林省吉林市蛟河市","公务员/事业单位;2025;computer_software;data_ai;仅限本科;学士;经济学类、数学类、统计学类、计算机类;市（地）级及以下直属机构综合管理类","用人司局：国家统计局吉林调查总队
职位简介：从事一线入户调查、数据处理、统计分析、统计研究等工作。
专业要求：经济学类、数学类、统计学类、计算机类
学历要求：仅限本科
学位要求：学士
政治面貌：不限
基层工作经历：无限制
考试类别：市（地）级及以下直属机构综合管理类
备注：限应届高校毕业生；本职位专业要求均为专业目录中的“专业类”，非“专业大类（学科大类）”；本单位最低服务年限为5年（含试用期）。","https://www.xjhc.gov.cn/xjhc/c116834/202410/a29382e11a674da3be3353af65f9fcc5.shtml#137107-400110107017","2024-10-14","{""dataset_year"":2025,""job_uid"":""GOV-2025-137107-400110107017"",""publisher"":""国家公务员局"",""publication_page"":""https://www.xjhc.gov.cn/xjhc/c116834/202410/a29382e11a674da3be3353af65f9fcc5.shtml"",""attachment_url"":""https://www.xjhc.gov.cn/xjhc/c116834/202410/a29382e11a674da3be3353af65f9fcc5/files/0536cef86e2b46ddad6aae5a3780089e.xls"",""local_source_file"":""2025_guokao_zhaokaojianzhang.xls"",""local_source_sha256"":""07ae6cab368cd21b7a1ac3e8150fe9a3d39ad5171ce76135ff3cccfe50c3e77e"",""source_sheet"":""中央国家行政机关参照公务员法管理事业单位"",""filter_version"":""government_tech_v2"",""tech_filter"":{""is_tech"":true,""is_core_tech"":true,""scope"":""core"",""categories"":[""computer_software"",""data_ai""],""matched_fields"":[""major"",""description""],""major_terms"":[""计算机类""],""role_terms"":[""数据处理""],""reason"":""tech_major_and_role""},""original"":{""部门代码"":""137107"",""部门名称"":""国家统计局吉林调查总队"",""用人司局"":""国家统计局吉林调查总队"",""机构性质"":""中央国家行政机关参照公务员法管理事业单位"",""招考职位"":""蛟河调查队一级科员"",""职位属性"":""普通职位"",""职位分布"":""西部地区和艰苦边远地区职位"",""职位简介"":""从事一线入户调查、数据处理、统计分析、统计研究等工作。"",""职位代码"":""400110107017"",""机构层级"":""县（区）级及以下"",""考试类别"":""市（地）级及以下直属机构综合管理类"",""招考人数"":""1"",""专业"":""经济学类、数学类、统计学类、计算机类"",""学历"":""仅限本科"",""学位"":""学士"",""政治面貌"":""不限"",""基层工作最低年限"":""无限制"",""服务基层项目工作经历"":""无限制"",""是否在面试阶段组织专业能力测试"":""否"",""面试人员比例"":""3:1"",""工作地点"":""吉林省吉林市蛟河市"",""落户地点"":""吉林省吉林市蛟河市"",""备注"":""限应届高校毕业生；本职位专业要求均为专业目录中的“专业类”，非“专业大类（学科大类）”；本单位最低服务年限为5年（含试用期）。"",""部门网站"":""无"",""咨询电话1"":""0431-85899731"",""咨询电话2"":"""",""咨询电话3"":"""",""来源Sheet"":""中央国家行政机关参照公务员法管理事业单位""}}"
"government_jobs","国家公务员2025招考简章","公务员/事业单位技术岗位","吉林省通化市通化县","2026-07-28T09:12:58.310295+00:00","通化县调查队一级科员","国家统计局吉林调查总队","","吉林省通化市通化县","公务员/事业单位;2025;computer_software;data_ai;仅限本科;学士;经济学类、数学类、统计学类、计算机类;市（地）级及以下直属机构综合管理类","用人司局：国家统计局吉林调查总队
职位简介：从事一线入户调查、数据处理、统计分析、统计研究等工作。
专业要求：经济学类、数学类、统计学类、计算机类
学历要求：仅限本科
学位要求：学士
政治面貌：不限
基层工作经历：无限制
考试类别：市（地）级及以下直属机构综合管理类
备注：限应届高校毕业生；本职位专业要求均为专业目录中的“专业类”，非“专业大类（学科大类）”；本单位最低服务年限为5年（含试用期）。","https://www.xjhc.gov.cn/xjhc/c116834/202410/a29382e11a674da3be3353af65f9fcc5.shtml#137107-400110107020","2024-10-14","{""dataset_year"":2025,""job_uid"":""GOV-2025-137107-400110107020"",""publisher"":""国家公务员局"",""publication_page"":""https://www.xjhc.gov.cn/xjhc/c116834/202410/a29382e11a674da3be3353af65f9fcc5.shtml"",""attachment_url"":""https://www.xjhc.gov.cn/xjhc/c116834/202410/a29382e11a674da3be3353af65f9fcc5/files/0536cef86e2b46ddad6aae5a3780089e.xls"",""local_source_file"":""2025_guokao_zhaokaojianzhang.xls"",""local_source_sha256"":""07ae6cab368cd21b7a1ac3e8150fe9a3d39ad5171ce76135ff3cccfe50c3e77e"",""source_sheet"":""中央国家行政机关参照公务员法管理事业单位"",""filter_version"":""government_tech_v2"",""tech_filter"":{""is_tech"":true,""is_core_tech"":true,""scope"":""core"",""categories"":[""computer_software"",""data_ai""],""matched_fields"":[""major"",""description""],""major_terms"":[""计算机类""],""role_terms"":[""数据处理""],""reason"":""tech_major_and_role""},""original"":{""部门代码"":""137107"",""部门名称"":""国家统计局吉林调查总队"",""用人司局"":""国家统计局吉林调查总队"",""机构性质"":""中央国家行政机关参照公务员法管理事业单位"",""招考职位"":""通化县调查队一级科员"",""职位属性"":""普通职位"",""职位分布"":""西部地区和艰苦边远地区职位"",""职位简介"":""从事一线入户调查、数据处理、统计分析、统计研究等工作。"",""职位代码"":""400110107020"",""机构层级"":""县（区）级及以下"",""考试类别"":""市（地）级及以下直属机构综合管理类"",""招考人数"":""1"",""专业"":""经济学类、数学类、统计学类、计算机类"",""学历"":""仅限本科"",""学位"":""学士"",""政治面貌"":""不限"",""基层工作最低年限"":""无限制"",""服务基层项目工作经历"":""无限制"",""是否在面试阶段组织专业能力测试"":""否"",""面试人员比例"":""3:1"",""工作地点"":""吉林省通化市通化县"",""落户地点"":""吉林省通化市通化县"",""备注"":""限应届高校毕业生；本职位专业要求均为专业目录中的“专业类”，非“专业大类（学科大类）”；本单位最低服务年限为5年（含试用期）。"",""部门网站"":""无"",""咨询电话1"":""0431-85899731"",""咨询电话2"":"""",""咨询电话3"":"""",""来源Sheet"":""中央国家行政机关参照公务员法管理事业单位""}}"
"government_jobs","国家公务员2025招考简章","公务员/事业单位技术岗位","吉林省白山市抚松县","2026-07-28T09:12:58.310295+00:00","抚松调查队一级科员（1）","国家统计局吉林调查总队","","吉林省白山市抚松县","公务员/事业单位;2025;computer_software;data_ai;仅限本科;学士;经济学类、数学类、统计学类、计算机类;市（地）级及以下直属机构综合管理类","用人司局：国家统计局吉林调查总队
职位简介：从事一线入户调查、数据处理、统计分析、统计研究等工作。
专业要求：经济学类、数学类、统计学类、计算机类
学历要求：仅限本科
学位要求：学士
政治面貌：不限
基层工作经历：无限制
考试类别：市（地）级及以下直属机构综合管理类
备注：限男性；限应届高校毕业生；本职位专业要求均为专业目录中的“专业类”，非“专业大类（学科大类）”；本单位最低服务年限为5年（含试用期）。","https://www.xjhc.gov.cn/xjhc/c116834/202410/a29382e11a674da3be3353af65f9fcc5.shtml#137107-400110107021","2024-10-14","{""dataset_year"":2025,""job_uid"":""GOV-2025-137107-400110107021"",""publisher"":""国家公务员局"",""publication_page"":""https://www.xjhc.gov.cn/xjhc/c116834/202410/a29382e11a674da3be3353af65f9fcc5.shtml"",""attachment_url"":""https://www.xjhc.gov.cn/xjhc/c116834/202410/a29382e11a674da3be3353af65f9fcc5/files/0536cef86e2b46ddad6aae5a3780089e.xls"",""local_source_file"":""2025_guokao_zhaokaojianzhang.xls"",""local_source_sha256"":""07ae6cab368cd21b7a1ac3e8150fe9a3d39ad5171ce76135ff3cccfe50c3e77e"",""source_sheet"":""中央国家行政机关参照公务员法管理事业单位"",""filter_version"":""government_tech_v2"",""tech_filter"":{""is_tech"":true,""is_core_tech"":true,""scope"":""core"",""categories"":[""computer_software"",""data_ai""],""matched_fields"":[""major"",""description""],""major_terms"":[""计算机类""],""role_terms"":[""数据处理""],""reason"":""tech_major_and_role""},""original"":{""部门代码"":""137107"",""部门名称"":""国家统计局吉林调查总队"",""用人司局"":""国家统计局吉林调查总队"",""机构性质"":""中央国家行政机关参照公务员法管理事业单位"",""招考职位"":""抚松调查队一级科员（1）"",""职位属性"":""普通职位"",""职位分布"":""西部地区和艰苦边远地区职位"",""职位简介"":""从事一线入户调查、数据处理、统计分析、统计研究等工作。"",""职位代码"":""400110107021"",""机构层级"":""县（区）级及以下"",""考试类别"":""市（地）级及以下直属机构综合管理类"",""招考人数"":""1"",""专业"":""经济学类、数学类、统计学类、计算机类"",""学历"":""仅限本科"",""学位"":""学士"",""政治面貌"":""不限"",""基层工作最低年限"":""无限制"",""服务基层项目工作经历"":""无限制"",""是否在面试阶段组织专业能力测试"":""否"",""面试人员比例"":""3:1"",""工作地点"":""吉林省白山市抚松县"",""落户地点"":""吉林省白山市抚松县"",""备注"":""限男性；限应届高校毕业生；本职位专业要求均为专业目录中的“专业类”，非“专业大类（学科大类）”；本单位最低服务年限为5年（含试用期）。"",""部门网站"":""无"",""咨询电话1"":""0431-85899731"",""咨询电话2"":"""",""咨询电话3"":"""",""来源Sheet"":""中央国家行政机关参照公务员法管理事业单位""}}"
"government_jobs","国家公务员2025招考简章","公务员/事业单位技术岗位","吉林省白山市抚松县","2026-07-28T09:12:58.310295+00:00","抚松调查队一级科员（2）","国家统计局吉林调查总队","","吉林省白山市抚松县","公务员/事业单位;2025;computer_software;data_ai;仅限本科;学士;经济学类、数学类、统计学类、计算机类;市（地）级及以下直属机构综合管理类","用人司局：国家统计局吉林调查总队
职位简介：从事一线入户调查、数据处理、统计分析、统计研究等工作。
专业要求：经济学类、数学类、统计学类、计算机类
学历要求：仅限本科
学位要求：学士
政治面貌：不限
基层工作经历：无限制
考试类别：市（地）级及以下直属机构综合管理类
备注：限女性；限应届高校毕业生；本职位专业要求均为专业目录中的“专业类”，非“专业大类（学科大类）”；本单位最低服务年限为5年（含试用期）。","https://www.xjhc.gov.cn/xjhc/c116834/202410/a29382e11a674da3be3353af65f9fcc5.shtml#137107-400110107022","2024-10-14","{""dataset_year"":2025,""job_uid"":""GOV-2025-137107-400110107022"",""publisher"":""国家公务员局"",""publication_page"":""https://www.xjhc.gov.cn/xjhc/c116834/202410/a29382e11a674da3be3353af65f9fcc5.shtml"",""attachment_url"":""https://www.xjhc.gov.cn/xjhc/c116834/202410/a29382e11a674da3be3353af65f9fcc5/files/0536cef86e2b46ddad6aae5a3780089e.xls"",""local_source_file"":""2025_guokao_zhaokaojianzhang.xls"",""local_source_sha256"":""07ae6cab368cd21b7a1ac3e8150fe9a3d39ad5171ce76135ff3cccfe50c3e77e"",""source_sheet"":""中央国家行政机关参照公务员法管理事业单位"",""filter_version"":""government_tech_v2"",""tech_filter"":{""is_tech"":true,""is_core_tech"":true,""scope"":""core"",""categories"":[""computer_software"",""data_ai""],""matched_fields"":[""major"",""description""],""major_terms"":[""计算机类""],""role_terms"":[""数据处理""],""reason"":""tech_major_and_role""},""original"":{""部门代码"":""137107"",""部门名称"":""国家统计局吉林调查总队"",""用人司局"":""国家统计局吉林调查总队"",""机构性质"":""中央国家行政机关参照公务员法管理事业单位"",""招考职位"":""抚松调查队一级科员（2）"",""职位属性"":""普通职位"",""职位分布"":""西部地区和艰苦边远地区职位"",""职位简介"":""从事一线入户调查、数据处理、统计分析、统计研究等工作。"",""职位代码"":""400110107022"",""机构层级"":""县（区）级及以下"",""考试类别"":""市（地）级及以下直属机构综合管理类"",""招考人数"":""1"",""专业"":""经济学类、数学类、统计学类、计算机类"",""学历"":""仅限本科"",""学位"":""学士"",""政治面貌"":""不限"",""基层工作最低年限"":""无限制"",""服务基层项目工作经历"":""无限制"",""是否在面试阶段组织专业能力测试"":""否"",""面试人员比例"":""3:1"",""工作地点"":""吉林省白山市抚松县"",""落户地点"":""吉林省白山市抚松县"",""备注"":""限女性；限应届高校毕业生；本职位专业要求均为专业目录中的“专业类”，非“专业大类（学科大类）”；本单位最低服务年限为5年（含试用期）。"",""部门网站"":""无"",""咨询电话1"":""0431-85899731"",""咨询电话2"":"""",""咨询电话3"":"""",""来源Sheet"":""中央国家行政机关参照公务员法管理事业单位""}}"
"government_jobs","国家公务员2025招考简章","公务员/事业单位技术岗位","吉林省松原市扶余市","2026-07-28T09:12:58.310295+00:00","扶余调查队一级科员","国家统计局吉林调查总队","","吉林省松原市扶余市","公务员/事业单位;2025;computer_software;data_ai;仅限本科;学士;经济学类、数学类、统计学类、计算机类;市（地）级及以下直属机构综合管理类","用人司局：国家统计局吉林调查总队
职位简介：从事一线入户调查、数据处理、统计分析、统计研究等工作。
专业要求：经济学类、数学类、统计学类、计算机类
学历要求：仅限本科
学位要求：学士
政治面貌：不限
基层工作经历：无限制
考试类别：市（地）级及以下直属机构综合管理类
备注：限应届高校毕业生；本职位专业要求均为专业目录中的“专业类”，非“专业大类（学科大类）”；本单位最低服务年限为5年（含试用期）。","https://www.xjhc.gov.cn/xjhc/c116834/202410/a29382e11a674da3be3353af65f9fcc5.shtml#137107-400110107023","2024-10-14","{""dataset_year"":2025,""job_uid"":""GOV-2025-137107-400110107023"",""publisher"":""国家公务员局"",""publication_page"":""https://www.xjhc.gov.cn/xjhc/c116834/202410/a29382e11a674da3be3353af65f9fcc5.shtml"",""attachment_url"":""https://www.xjhc.gov.cn/xjhc/c116834/202410/a29382e11a674da3be3353af65f9fcc5/files/0536cef86e2b46ddad6aae5a3780089e.xls"",""local_source_file"":""2025_guokao_zhaokaojianzhang.xls"",""local_source_sha256"":""07ae6cab368cd21b7a1ac3e8150fe9a3d39ad5171ce76135ff3cccfe50c3e77e"",""source_sheet"":""中央国家行政机关参照公务员法管理事业单位"",""filter_version"":""government_tech_v2"",""tech_filter"":{""is_tech"":true,""is_core_tech"":true,""scope"":""core"",""categories"":[""computer_software"",""data_ai""],""matched_fields"":[""major"",""description""],""major_terms"":[""计算机类""],""role_terms"":[""数据处理""],""reason"":""tech_major_and_role""},""original"":{""部门代码"":""137107"",""部门名称"":""国家统计局吉林调查总队"",""用人司局"":""国家统计局吉林调查总队"",""机构性质"":""中央国家行政机关参照公务员法管理事业单位"",""招考职位"":""扶余调查队一级科员"",""职位属性"":""普通职位"",""职位分布"":""西部地区和艰苦边远地区职位"",""职位简介"":""从事一线入户调查、数据处理、统计分析、统计研究等工作。"",""职位代码"":""400110107023"",""机构层级"":""县（区）级及以下"",""考试类别"":""市（地）级及以下直属机构综合管理类"",""招考人数"":""1"",""专业"":""经济学类、数学类、统计学类、计算机类"",""学历"":""仅限本科"",""学位"":""学士"",""政治面貌"":""不限"",""基层工作最低年限"":""无限制"",""服务基层项目工作经历"":""无限制"",""是否在面试阶段组织专业能力测试"":""否"",""面试人员比例"":""3:1"",""工作地点"":""吉林省松原市扶余市"",""落户地点"":""吉林省松原市扶余市"",""备注"":""限应届高校毕业生；本职位专业要求均为专业目录中的“专业类”，非“专业大类（学科大类）”；本单位最低服务年限为5年（含试用期）。"",""部门网站"":""无"",""咨询电话1"":""0431-85899731"",""咨询电话2"":"""",""咨询电话3"":"""",""来源Sheet"":""中央国家行政机关参照公务员法管理事业单位""}}"
"government_jobs","国家公务员2025招考简章","公务员/事业单位技术岗位","吉林省白城市洮南市","2026-07-28T09:12:58.310295+00:00","洮南调查队一级科员","国家统计局吉林调查总队","","吉林省白城市洮南市","公务员/事业单位;2025;computer_software;data_ai;仅限本科;学士;经济学类、数学类、统计学类、计算机类;市（地）级及以下直属机构综合管理类","用人司局：国家统计局吉林调查总队
职位简介：从事一线入户调查、数据处理、统计分析、统计研究等工作。
专业要求：经济学类、数学类、统计学类、计算机类
学历要求：仅限本科
学位要求：学士
政治面貌：不限
基层工作经历：无限制
考试类别：市（地）级及以下直属机构综合管理类
备注：限应届高校毕业生；限白城地区户籍；本职位专业要求均为专业目录中的“专业类”，非“专业大类（学科大类）”；本单位最低服务年限为5年（含试用期）。","https://www.xjhc.gov.cn/xjhc/c116834/202410/a29382e11a674da3be3353af65f9fcc5.shtml#137107-400110107024","2024-10-14","{""dataset_year"":2025,""job_uid"":""GOV-2025-137107-400110107024"",""publisher"":""国家公务员局"",""publication_page"":""https://www.xjhc.gov.cn/xjhc/c116834/202410/a29382e11a674da3be3353af65f9fcc5.shtml"",""attachment_url"":""https://www.xjhc.gov.cn/xjhc/c116834/202410/a29382e11a674da3be3353af65f9fcc5/files/0536cef86e2b46ddad6aae5a3780089e.xls"",""local_source_file"":""2025_guokao_zhaokaojianzhang.xls"",""local_source_sha256"":""07ae6cab368cd21b7a1ac3e8150fe9a3d39ad5171ce76135ff3cccfe50c3e77e"",""source_sheet"":""中央国家行政机关参照公务员法管理事业单位"",""filter_version"":""government_tech_v2"",""tech_filter"":{""is_tech"":true,""is_core_tech"":true,""scope"":""core"",""categories"":[""computer_software"",""data_ai""],""matched_fields"":[""major"",""description""],""major_terms"":[""计算机类""],""role_terms"":[""数据处理""],""reason"":""tech_major_and_role""},""original"":{""部门代码"":""137107"",""部门名称"":""国家统计局吉林调查总队"",""用人司局"":""国家统计局吉林调查总队"",""机构性质"":""中央国家行政机关参照公务员法管理事业单位"",""招考职位"":""洮南调查队一级科员"",""职位属性"":""普通职位"",""职位分布"":""西部地区和艰苦边远地区职位"",""职位简介"":""从事一线入户调查、数据处理、统计分析、统计研究等工作。"",""职位代码"":""400110107024"",""机构层级"":""县（区）级及以下"",""考试类别"":""市（地）级及以下直属机构综合管理类"",""招考人数"":""1"",""专业"":""经济学类、数学类、统计学类、计算机类"",""学历"":""仅限本科"",""学位"":""学士"",""政治面貌"":""不限"",""基层工作最低年限"":""无限制"",""服务基层项目工作经历"":""无限制"",""是否在面试阶段组织专业能力测试"":""否"",""面试人员比例"":""3:1"",""工作地点"":""吉林省白城市洮南市"",""落户地点"":""吉林省白城市洮南市"",""备注"":""限应届高校毕业生；限白城地区户籍；本职位专业要求均为专业目录中的“专业类”，非“专业大类（学科大类）”；本单位最低服务年限为5年（含试用期）。"",""部门网站"":""无"",""咨询电话1"":""0431-85899731"",""咨询电话2"":"""",""咨询电话3"":"""",""来源Sheet"":""中央国家行政机关参照公务员法管理事业单位""}}"
"government_jobs","国家公务员2025招考简章","公务员/事业单位技术岗位","吉林省四平市","2026-07-28T09:12:58.310295+00:00","四平调查队业务科室一级科员（1）","国家统计局吉林调查总队","","吉林省四平市","公务员/事业单位;2025;computer_software;data_ai;geospatial_remote_sensing;仅限本科;学士;经济学类、数学类、统计学类、计算机类、遥感科学与技术;市（地）级及以下直属机构综合管理类","用人司局：国家统计局吉林调查总队
职位简介：从事一线入户调查、数据处理、统计分析、统计研究、遥感测量等工作。
专业要求：经济学类、数学类、统计学类、计算机类、遥感科学与技术
学历要求：仅限本科
学位要求：学士
政治面貌：不限
基层工作经历：二年
考试类别：市（地）级及以下直属机构综合管理类
备注：限男性；本职位专业要求均为专业目录中的“专业类”，非“专业大类（学科大类）”；本单位最低服务年限为5年（含试用期）。","https://www.xjhc.gov.cn/xjhc/c116834/202410/a29382e11a674da3be3353af65f9fcc5.shtml#137107-400110107025","2024-10-14","{""dataset_year"":2025,""job_uid"":""GOV-2025-137107-400110107025"",""publisher"":""国家公务员局"",""publication_page"":""https://www.xjhc.gov.cn/xjhc/c116834/202410/a29382e11a674da3be3353af65f9fcc5.shtml"",""attachment_url"":""https://www.xjhc.gov.cn/xjhc/c116834/202410/a29382e11a674da3be3353af65f9fcc5/files/0536cef86e2b46ddad6aae5a3780089e.xls"",""local_source_file"":""2025_guokao_zhaokaojianzhang.xls"",""local_source_sha256"":""07ae6cab368cd21b7a1ac3e8150fe9a3d39ad5171ce76135ff3cccfe50c3e77e"",""source_sheet"":""中央国家行政机关参照公务员法管理事业单位"",""filter_version"":""government_tech_v2"",""tech_filter"":{""is_tech"":true,""is_core_tech"":true,""scope"":""core"",""categories"":[""computer_software"",""data_ai"",""geospatial_remote_sensing""],""matched_fields"":[""major"",""description""],""major_terms"":[""计算机类"",""遥感科学与技术""],""role_terms"":[""数据处理""],""reason"":""tech_major_and_role""},""original"":{""部门代码"":""137107"",""部门名称"":""国家统计局吉林调查总队"",""用人司局"":""国家统计局吉林调查总队"",""机构性质"":""中央国家行政机关参照公务员法管理事业单位"",""招考职位"":""四平调查队业务科室一级科员（1）"",""职位属性"":""普通职位"",""职位分布"":""西部地区和艰苦边远地区职位"",""职位简介"":""从事一线入户调查、数据处理、统计分析、统计研究、遥感测量等工作。"",""职位代码"":""400110107025"",""机构层级"":""市（地）级"",""考试类别"":""市（地）级及以下直属机构综合管理类"",""招考人数"":""1"",""专业"":""经济学类、数学类、统计学类、计算机类、遥感科学与技术"",""学历"":""仅限本科"",""学位"":""学士"",""政治面貌"":""不限"",""基层工作最低年限"":""二年"",""服务基层项目工作经历"":""无限制"",""是否在面试阶段组织专业能力测试"":""否"",""面试人员比例"":""3:1"",""工作地点"":""吉林省四平市"",""落户地点"":""吉林省四平市"",""备注"":""限男性；本职位专业要求均为专业目录中的“专业类”，非“专业大类（学科大类）”；本单位最低服务年限为5年（含试用期）。"",""部门网站"":""无"",""咨询电话1"":""0431-85899731"",""咨询电话2"":"""",""咨询电话3"":"""",""来源Sheet"":""中央国家行政机关参照公务员法管理事业单位""}}"
"government_jobs","国家公务员2025招考简章","公务员/事业单位技术岗位","吉林省四平市","2026-07-28T09:12:58.310295+00:00","四平调查队业务科室一级科员（2）","国家统计局吉林调查总队","","吉林省四平市","公务员/事业单位;2025;computer_software;data_ai;geospatial_remote_sensing;仅限本科;学士;经济学类、数学类、统计学类、计算机类、遥感科学与技术;市（地）级及以下直属机构综合管理类","用人司局：国家统计局吉林调查总队
职位简介：从事一线入户调查、数据处理、统计分析、统计研究、遥感测量等工作。
专业要求：经济学类、数学类、统计学类、计算机类、遥感科学与技术
学历要求：仅限本科
学位要求：学士
政治面貌：不限
基层工作经历：二年
考试类别：市（地）级及以下直属机构综合管理类
备注：限女性；本职位专业要求均为专业目录中的“专业类”，非“专业大类（学科大类）”；本单位最低服务年限为5年（含试用期）。","https://www.xjhc.gov.cn/xjhc/c116834/202410/a29382e11a674da3be3353af65f9fcc5.shtml#137107-400110107026","2024-10-14","{""dataset_year"":2025,""job_uid"":""GOV-2025-137107-400110107026"",""publisher"":""国家公务员局"",""publication_page"":""https://www.xjhc.gov.cn/xjhc/c116834/202410/a29382e11a674da3be3353af65f9fcc5.shtml"",""attachment_url"":""https://www.xjhc.gov.cn/xjhc/c116834/202410/a29382e11a674da3be3353af65f9fcc5/files/0536cef86e2b46ddad6aae5a3780089e.xls"",""local_source_file"":""2025_guokao_zhaokaojianzhang.xls"",""local_source_sha256"":""07ae6cab368cd21b7a1ac3e8150fe9a3d39ad5171ce76135ff3cccfe50c3e77e"",""source_sheet"":""中央国家行政机关参照公务员法管理事业单位"",""filter_version"":""government_tech_v2"",""tech_filter"":{""is_tech"":true,""is_core_tech"":true,""scope"":""core"",""categories"":[""computer_software"",""data_ai"",""geospatial_remote_sensing""],""matched_fields"":[""major"",""description""],""major_terms"":[""计算机类"",""遥感科学与技术""],""role_terms"":[""数据处理""],""reason"":""tech_major_and_role""},""original"":{""部门代码"":""137107"",""部门名称"":""国家统计局吉林调查总队"",""用人司局"":""国家统计局吉林调查总队"",""机构性质"":""中央国家行政机关参照公务员法管理事业单位"",""招考职位"":""四平调查队业务科室一级科员（2）"",""职位属性"":""普通职位"",""职位分布"":""西部地区和艰苦边远地区职位"",""职位简介"":""从事一线入户调查、数据处理、统计分析、统计研究、遥感测量等工作。"",""职位代码"":""400110107026"",""机构层级"":""市（地）级"",""考试类别"":""市（地）级及以下直属机构综合管理类"",""招考人数"":""1"",""专业"":""经济学类、数学类、统计学类、计算机类、遥感科学与技术"",""学历"":""仅限本科"",""学位"":""学士"",""政治面貌"":""不限"",""基层工作最低年限"":""二年"",""服务基层项目工作经历"":""无限制"",""是否在面试阶段组织专业能力测试"":""否"",""面试人员比例"":""3:1"",""工作地点"":""吉林省四平市"",""落户地点"":""吉林省四平市"",""备注"":""限女性；本职位专业要求均为专业目录中的“专业类”，非“专业大类（学科大类）”；本单位最低服务年限为5年（含试用期）。"",""部门网站"":""无"",""咨询电话1"":""0431-85899731"",""咨询电话2"":"""",""咨询电话3"":"""",""来源Sheet"":""中央国家行政机关参照公务员法管理事业单位""}}"
"government_jobs","国家公务员2025招考简章","公务员/事业单位技术岗位","黑龙江省佳木斯市","2026-07-28T09:12:58.310295+00:00","佳木斯调查队业务科一级科员","国家统计局黑龙江调查总队","","黑龙江省佳木斯市","公务员/事业单位;2025;computer_software;data_ai;仅限本科;学士;统计学类、数学类、计算机类;市（地）级及以下直属机构综合管理类","用人司局：国家统计局黑龙江调查总队
职位简介：从事一线入户调查、数据处理、统计分析、统计研究等工作。
专业要求：统计学类、数学类、计算机类
学历要求：仅限本科
学位要求：学士
政治面貌：不限
基层工作经历：无限制
考试类别：市（地）级及以下直属机构综合管理类
备注：本单位最低服务年限为5年(含试用期)。","https://www.xjhc.gov.cn/xjhc/c116834/202410/a29382e11a674da3be3353af65f9fcc5.shtml#137108-400110108004","2024-10-14","{""dataset_year"":2025,""job_uid"":""GOV-2025-137108-400110108004"",""publisher"":""国家公务员局"",""publication_page"":""https://www.xjhc.gov.cn/xjhc/c116834/202410/a29382e11a674da3be3353af65f9fcc5.shtml"",""attachment_url"":""https://www.xjhc.gov.cn/xjhc/c116834/202410/a29382e11a674da3be3353af65f9fcc5/files/0536cef86e2b46ddad6aae5a3780089e.xls"",""local_source_file"":""2025_guokao_zhaokaojianzhang.xls"",""local_source_sha256"":""07ae6cab368cd21b7a1ac3e8150fe9a3d39ad5171ce76135ff3cccfe50c3e77e"",""source_sheet"":""中央国家行政机关参照公务员法管理事业单位"",""filter_version"":""government_tech_v2"",""tech_filter"":{""is_tech"":true,""is_core_tech"":true,""scope"":""core"",""categories"":[""computer_software"",""data_ai""],""matched_fields"":[""major"",""description""],""major_terms"":[""计算机类""],""role_terms"":[""数据处理""],""reason"":""tech_major_and_role""},""original"":{""部门代码"":""137108"",""部门名称"":""国家统计局黑龙江调查总队"",""用人司局"":""国家统计局黑龙江调查总队"",""机构性质"":""中央国家行政机关参照公务员法管理事业单位"",""招考职位"":""佳木斯调查队业务科一级科员"",""职位属性"":""普通职位"",""职位分布"":""西部地区和艰苦边远地区职位"",""职位简介"":""从事一线入户调查、数据处理、统计分析、统计研究等工作。"",""职位代码"":""400110108004"",""机构层级"":""市（地）级"",""考试类别"":""市（地）级及以下直属机构综合管理类"",""招考人数"":""1"",""专业"":""统计学类、数学类、计算机类"",""学历"":""仅限本科"",""学位"":""学士"",""政治面貌"":""不限"",""基层工作最低年限"":""无限制"",""服务基层项目工作经历"":""无限制"",""是否在面试阶段组织专业能力测试"":""否"",""面试人员比例"":""3:1"",""工作地点"":""黑龙江省佳木斯市"",""落户地点"":""黑龙江省佳木斯市"",""备注"":""本单位最低服务年限为5年(含试用期)。"",""部门网站"":""无"",""咨询电话1"":""0451-87589562"",""咨询电话2"":"""",""咨询电话3"":"""",""来源Sheet"":""中央国家行政机关参照公务员法管理事业单位""}}"
"government_jobs","国家公务员2025招考简章","公务员/事业单位技术岗位","黑龙江省大庆市","2026-07-28T09:12:58.310295+00:00","大庆调查队业务科一级科员","国家统计局黑龙江调查总队","","黑龙江省大庆市","公务员/事业单位;2025;computer_software;data_ai;仅限本科;学士;统计学类、数学类、计算机类、测绘类、农业工程类;市（地）级及以下直属机构综合管理类","用人司局：国家统计局黑龙江调查总队
职位简介：从事一线入户调查、数据处理、统计分析、统计研究等工作。
专业要求：统计学类、数学类、计算机类、测绘类、农业工程类
学历要求：仅限本科
学位要求：学士
政治面貌：不限
基层工作经历：无限制
考试类别：市（地）级及以下直属机构综合管理类
备注：本单位最低服务年限为5年(含试用期)。","https://www.xjhc.gov.cn/xjhc/c116834/202410/a29382e11a674da3be3353af65f9fcc5.shtml#137108-400110108005","2024-10-14","{""dataset_year"":2025,""job_uid"":""GOV-2025-137108-400110108005"",""publisher"":""国家公务员局"",""publication_page"":""https://www.xjhc.gov.cn/xjhc/c116834/202410/a29382e11a674da3be3353af65f9fcc5.shtml"",""attachment_url"":""https://www.xjhc.gov.cn/xjhc/c116834/202410/a29382e11a674da3be3353af65f9fcc5/files/0536cef86e2b46ddad6aae5a3780089e.xls"",""local_source_file"":""2025_guokao_zhaokaojianzhang.xls"",""local_source_sha256"":""07ae6cab368cd21b7a1ac3e8150fe9a3d39ad5171ce76135ff3cccfe50c3e77e"",""source_sheet"":""中央国家行政机关参照公务员法管理事业单位"",""filter_version"":""government_tech_v2"",""tech_filter"":{""is_tech"":true,""is_core_tech"":true,""scope"":""core"",""categories"":[""computer_software"",""data_ai""],""matched_fields"":[""major"",""description""],""major_terms"":[""计算机类""],""role_terms"":[""数据处理""],""reason"":""tech_major_and_role""},""original"":{""部门代码"":""137108"",""部门名称"":""国家统计局黑龙江调查总队"",""用人司局"":""国家统计局黑龙江调查总队"",""机构性质"":""中央国家行政机关参照公务员法管理事业单位"",""招考职位"":""大庆调查队业务科一级科员"",""职位属性"":""普通职位"",""职位分布"":""西部地区和艰苦边远地区职位"",""职位简介"":""从事一线入户调查、数据处理、统计分析、统计研究等工作。"",""职位代码"":""400110108005"",""机构层级"":""市（地）级"",""考试类别"":""市（地）级及以下直属机构综合管理类"",""招考人数"":""1"",""专业"":""统计学类、数学类、计算机类、测绘类、农业工程类"",""学历"":""仅限本科"",""学位"":""学士"",""政治面貌"":""不限"",""基层工作最低年限"":""无限制"",""服务基层项目工作经历"":""无限制"",""是否在面试阶段组织专业能力测试"":""否"",""面试人员比例"":""3:1"",""工作地点"":""黑龙江省大庆市"",""落户地点"":""黑龙江省大庆市"",""备注"":""本单位最低服务年限为5年(含试用期)。"",""部门网站"":""无"",""咨询电话1"":""0451-87589562"",""咨询电话2"":"""",""咨询电话3"":"""",""来源Sheet"":""中央国家行政机关参照公务员法管理事业单位""}}"
"government_jobs","国家公务员2025招考简章","公务员/事业单位技术岗位","黑龙江省鸡西市","2026-07-28T09:12:58.310295+00:00","鸡西调查队业务科一级科员（1）","国家统计局黑龙江调查总队","","黑龙江省鸡西市","公务员/事业单位;2025;computer_software;data_ai;仅限本科;学士;统计学类、数学类、计算机类;市（地）级及以下直属机构综合管理类","用人司局：国家统计局黑龙江调查总队
职位简介：从事一线入户调查、数据处理、统计分析、统计研究等工作。
专业要求：统计学类、数学类、计算机类
学历要求：仅限本科
学位要求：学士
政治面貌：不限
基层工作经历：无限制
考试类别：市（地）级及以下直属机构综合管理类
备注：本单位最低服务年限为5年(含试用期)。","https://www.xjhc.gov.cn/xjhc/c116834/202410/a29382e11a674da3be3353af65f9fcc5.shtml#137108-400110108006","2024-10-14","{""dataset_year"":2025,""job_uid"":""GOV-2025-137108-400110108006"",""publisher"":""国家公务员局"",""publication_page"":""https://www.xjhc.gov.cn/xjhc/c116834/202410/a29382e11a674da3be3353af65f9fcc5.shtml"",""attachment_url"":""https://www.xjhc.gov.cn/xjhc/c116834/202410/a29382e11a674da3be3353af65f9fcc5/files/0536cef86e2b46ddad6aae5a3780089e.xls"",""local_source_file"":""2025_guokao_zhaokaojianzhang.xls"",""local_source_sha256"":""07ae6cab368cd21b7a1ac3e8150fe9a3d39ad5171ce76135ff3cccfe50c3e77e"",""source_sheet"":""中央国家行政机关参照公务员法管理事业单位"",""filter_version"":""government_tech_v2"",""tech_filter"":{""is_tech"":true,""is_core_tech"":true,""scope"":""core"",""categories"":[""computer_software"",""data_ai""],""matched_fields"":[""major"",""description""],""major_terms"":[""计算机类""],""role_terms"":[""数据处理""],""reason"":""tech_major_and_role""},""original"":{""部门代码"":""137108"",""部门名称"":""国家统计局黑龙江调查总队"",""用人司局"":""国家统计局黑龙江调查总队"",""机构性质"":""中央国家行政机关参照公务员法管理事业单位"",""招考职位"":""鸡西调查队业务科一级科员（1）"",""职位属性"":""普通职位"",""职位分布"":""西部地区和艰苦边远地区职位"",""职位简介"":""从事一线入户调查、数据处理、统计分析、统计研究等工作。"",""职位代码"":""400110108006"",""机构层级"":""市（地）级"",""考试类别"":""市（地）级及以下直属机构综合管理类"",""招考人数"":""1"",""专业"":""统计学类、数学类、计算机类"",""学历"":""仅限本科"",""学位"":""学士"",""政治面貌"":""不限"",""基层工作最低年限"":""无限制"",""服务基层项目工作经历"":""无限制"",""是否在面试阶段组织专业能力测试"":""否"",""面试人员比例"":""3:1"",""工作地点"":""黑龙江省鸡西市"",""落户地点"":""黑龙江省鸡西市"",""备注"":""本单位最低服务年限为5年(含试用期)。"",""部门网站"":""无"",""咨询电话1"":""0451-87589562"",""咨询电话2"":"""",""咨询电话3"":"""",""来源Sheet"":""中央国家行政机关参照公务员法管理事业单位""}}"
"government_jobs","国家公务员2025招考简章","公务员/事业单位技术岗位","黑龙江省鹤岗市","2026-07-28T09:12:58.310295+00:00","鹤岗调查队业务科一级科员","国家统计局黑龙江调查总队","","黑龙江省鹤岗市","公务员/事业单位;2025;computer_software;data_ai;仅限本科;学士;经济学类（小类）、统计学类、计算机类;市（地）级及以下直属机构综合管理类","用人司局：国家统计局黑龙江调查总队
职位简介：从事一线入户调查、数据处理、统计分析、统计研究等工作。
专业要求：经济学类（小类）、统计学类、计算机类
学历要求：仅限本科
学位要求：学士
政治面貌：不限
基层工作经历：无限制
考试类别：市（地）级及以下直属机构综合管理类
备注：本单位最低服务年限为5年(含试用期)。","https://www.xjhc.gov.cn/xjhc/c116834/202410/a29382e11a674da3be3353af65f9fcc5.shtml#137108-400110108008","2024-10-14","{""dataset_year"":2025,""job_uid"":""GOV-2025-137108-400110108008"",""publisher"":""国家公务员局"",""publication_page"":""https://www.xjhc.gov.cn/xjhc/c116834/202410/a29382e11a674da3be3353af65f9fcc5.shtml"",""attachment_url"":""https://www.xjhc.gov.cn/xjhc/c116834/202410/a29382e11a674da3be3353af65f9fcc5/files/0536cef86e2b46ddad6aae5a3780089e.xls"",""local_source_file"":""2025_guokao_zhaokaojianzhang.xls"",""local_source_sha256"":""07ae6cab368cd21b7a1ac3e8150fe9a3d39ad5171ce76135ff3cccfe50c3e77e"",""source_sheet"":""中央国家行政机关参照公务员法管理事业单位"",""filter_version"":""government_tech_v2"",""tech_filter"":{""is_tech"":true,""is_core_tech"":true,""scope"":""core"",""categories"":[""computer_software"",""data_ai""],""matched_fields"":[""major"",""description""],""major_terms"":[""计算机类""],""role_terms"":[""数据处理""],""reason"":""tech_major_and_role""},""original"":{""部门代码"":""137108"",""部门名称"":""国家统计局黑龙江调查总队"",""用人司局"":""国家统计局黑龙江调查总队"",""机构性质"":""中央国家行政机关参照公务员法管理事业单位"",""招考职位"":""鹤岗调查队业务科一级科员"",""职位属性"":""普通职位"",""职位分布"":""西部地区和艰苦边远地区职位"",""职位简介"":""从事一线入户调查、数据处理、统计分析、统计研究等工作。"",""职位代码"":""400110108008"",""机构层级"":""市（地）级"",""考试类别"":""市（地）级及以下直属机构综合管理类"",""招考人数"":""1"",""专业"":""经济学类（小类）、统计学类、计算机类"",""学历"":""仅限本科"",""学位"":""学士"",""政治面貌"":""不限"",""基层工作最低年限"":""无限制"",""服务基层项目工作经历"":""无限制"",""是否在面试阶段组织专业能力测试"":""否"",""面试人员比例"":""3:1"",""工作地点"":""黑龙江省鹤岗市"",""落户地点"":""黑龙江省鹤岗市"",""备注"":""本单位最低服务年限为5年(含试用期)。"",""部门网站"":""无"",""咨询电话1"":""0451-87589562"",""咨询电话2"":"""",""咨询电话3"":"""",""来源Sheet"":""中央国家行政机关参照公务员法管理事业单位""}}"
"government_jobs","国家公务员2025招考简章","公务员/事业单位技术岗位","黑龙江省七台河市","2026-07-28T09:12:58.310295+00:00","七台河调查队业务科一级科员（1）","国家统计局黑龙江调查总队","","黑龙江省七台河市","公务员/事业单位;2025;computer_software;data_ai;仅限本科;学士;统计学类、数学类、计算机类;市（地）级及以下直属机构综合管理类","用人司局：国家统计局黑龙江调查总队
职位简介：从事一线入户调查、数据处理、统计分析、统计研究等工作。
专业要求：统计学类、数学类、计算机类
学历要求：仅限本科
学位要求：学士
政治面貌：不限
基层工作经历：无限制
考试类别：市（地）级及以下直属机构综合管理类
备注：本单位最低服务年限为5年(含试用期)；限应届高校毕业生。","https://www.xjhc.gov.cn/xjhc/c116834/202410/a29382e11a674da3be3353af65f9fcc5.shtml#137108-400110108013","2024-10-14","{""dataset_year"":2025,""job_uid"":""GOV-2025-137108-400110108013"",""publisher"":""国家公务员局"",""publication_page"":""https://www.xjhc.gov.cn/xjhc/c116834/202410/a29382e11a674da3be3353af65f9fcc5.shtml"",""attachment_url"":""https://www.xjhc.gov.cn/xjhc/c116834/202410/a29382e11a674da3be3353af65f9fcc5/files/0536cef86e2b46ddad6aae5a3780089e.xls"",""local_source_file"":""2025_guokao_zhaokaojianzhang.xls"",""local_source_sha256"":""07ae6cab368cd21b7a1ac3e8150fe9a3d39ad5171ce76135ff3cccfe50c3e77e"",""source_sheet"":""中央国家行政机关参照公务员法管理事业单位"",""filter_version"":""government_tech_v2"",""tech_filter"":{""is_tech"":true,""is_core_tech"":true,""scope"":""core"",""categories"":[""computer_software"",""data_ai""],""matched_fields"":[""major"",""description""],""major_terms"":[""计算机类""],""role_terms"":[""数据处理""],""reason"":""tech_major_and_role""},""original"":{""部门代码"":""137108"",""部门名称"":""国家统计局黑龙江调查总队"",""用人司局"":""国家统计局黑龙江调查总队"",""机构性质"":""中央国家行政机关参照公务员法管理事业单位"",""招考职位"":""七台河调查队业务科一级科员（1）"",""职位属性"":""普通职位"",""职位分布"":""西部地区和艰苦边远地区职位"",""职位简介"":""从事一线入户调查、数据处理、统计分析、统计研究等工作。"",""职位代码"":""400110108013"",""机构层级"":""市（地）级"",""考试类别"":""市（地）级及以下直属机构综合管理类"",""招考人数"":""1"",""专业"":""统计学类、数学类、计算机类"",""学历"":""仅限本科"",""学位"":""学士"",""政治面貌"":""不限"",""基层工作最低年限"":""无限制"",""服务基层项目工作经历"":""无限制"",""是否在面试阶段组织专业能力测试"":""否"",""面试人员比例"":""3:1"",""工作地点"":""黑龙江省七台河市"",""落户地点"":""黑龙江省七台河市"",""备注"":""本单位最低服务年限为5年(含试用期)；限应届高校毕业生。"",""部门网站"":""无"",""咨询电话1"":""0451-87589562"",""咨询电话2"":"""",""咨询电话3"":"""",""来源Sheet"":""中央国家行政机关参照公务员法管理事业单位""}}"
"government_jobs","国家公务员2025招考简章","公务员/事业单位技术岗位","黑龙江省绥化市","2026-07-28T09:12:58.310295+00:00","绥化调查队业务科一级科员（1）","国家统计局黑龙江调查总队","","黑龙江省绥化市","公务员/事业单位;2025;computer_software;data_ai;electronics_communication;仅限本科;学士;统计学类、数学类、数据科学与大数据技术专业、电子信息科学与技术专业;市（地）级及以下直属机构综合管理类","用人司局：国家统计局黑龙江调查总队
职位简介：从事一线入户调查、数据处理、统计分析、统计研究等工作。
专业要求：统计学类、数学类、数据科学与大数据技术专业、电子信息科学与技术专业
学历要求：仅限本科
学位要求：学士
政治面貌：不限
基层工作经历：无限制
考试类别：市（地）级及以下直属机构综合管理类
备注：本单位最低服务年限为5年(含试用期)；限应届高校毕业生；限黑龙江省户籍。","https://www.xjhc.gov.cn/xjhc/c116834/202410/a29382e11a674da3be3353af65f9fcc5.shtml#137108-400110108015","2024-10-14","{""dataset_year"":2025,""job_uid"":""GOV-2025-137108-400110108015"",""publisher"":""国家公务员局"",""publication_page"":""https://www.xjhc.gov.cn/xjhc/c116834/202410/a29382e11a674da3be3353af65f9fcc5.shtml"",""attachment_url"":""https://www.xjhc.gov.cn/xjhc/c116834/202410/a29382e11a674da3be3353af65f9fcc5/files/0536cef86e2b46ddad6aae5a3780089e.xls"",""local_source_file"":""2025_guokao_zhaokaojianzhang.xls"",""local_source_sha256"":""07ae6cab368cd21b7a1ac3e8150fe9a3d39ad5171ce76135ff3cccfe50c3e77e"",""source_sheet"":""中央国家行政机关参照公务员法管理事业单位"",""filter_version"":""government_tech_v2"",""tech_filter"":{""is_tech"":true,""is_core_tech"":true,""scope"":""core"",""categories"":[""computer_software"",""data_ai"",""electronics_communication""],""matched_fields"":[""major"",""description""],""major_terms"":[""大数据"",""数据科学与大数据技术"",""电子信息""],""role_terms"":[""数据处理""],""reason"":""tech_major_and_role""},""original"":{""部门代码"":""137108"",""部门名称"":""国家统计局黑龙江调查总队"",""用人司局"":""国家统计局黑龙江调查总队"",""机构性质"":""中央国家行政机关参照公务员法管理事业单位"",""招考职位"":""绥化调查队业务科一级科员（1）"",""职位属性"":""普通职位"",""职位分布"":""西部地区和艰苦边远地区职位"",""职位简介"":""从事一线入户调查、数据处理、统计分析、统计研究等工作。"",""职位代码"":""400110108015"",""机构层级"":""市（地）级"",""考试类别"":""市（地）级及以下直属机构综合管理类"",""招考人数"":""1"",""专业"":""统计学类、数学类、数据科学与大数据技术专业、电子信息科学与技术专业"",""学历"":""仅限本科"",""学位"":""学士"",""政治面貌"":""不限"",""基层工作最低年限"":""无限制"",""服务基层项目工作经历"":""无限制"",""是否在面试阶段组织专业能力测试"":""否"",""面试人员比例"":""3:1"",""工作地点"":""黑龙江省绥化市"",""落户地点"":""黑龙江省绥化市"",""备注"":""本单位最低服务年限为5年(含试用期)；限应届高校毕业生；限黑龙江省户籍。"",""部门网站"":""无"",""咨询电话1"":""0451-87589562"",""咨询电话2"":"""",""咨询电话3"":"""",""来源Sheet"":""中央国家行政机关参照公务员法管理事业单位""}}"
"government_jobs","国家公务员2025招考简章","公务员/事业单位技术岗位","黑龙江省大兴安岭地区","2026-07-28T09:12:58.310295+00:00","大兴安岭调查队业务科一级科员（1）","国家统计局黑龙江调查总队","","黑龙江省大兴安岭地区","公务员/事业单位;2025;computer_software;data_ai;仅限本科;学士;统计学类、数学类、计算机类;市（地）级及以下直属机构综合管理类","用人司局：国家统计局黑龙江调查总队
职位简介：从事一线入户调查、数据处理、统计分析、统计研究等工作。
专业要求：统计学类、数学类、计算机类
学历要求：仅限本科
学位要求：学士
政治面貌：不限
基层工作经历：无限制
考试类别：市（地）级及以下直属机构综合管理类
备注：本单位最低服务年限为5年(含试用期)；限黑龙江省户籍。","https://www.xjhc.gov.cn/xjhc/c116834/202410/a29382e11a674da3be3353af65f9fcc5.shtml#137108-400110108022","2024-10-14","{""dataset_year"":2025,""job_uid"":""GOV-2025-137108-400110108022"",""publisher"":""国家公务员局"",""publication_page"":""https://www.xjhc.gov.cn/xjhc/c116834/202410/a29382e11a674da3be3353af65f9fcc5.shtml"",""attachment_url"":""https://www.xjhc.gov.cn/xjhc/c116834/202410/a29382e11a674da3be3353af65f9fcc5/files/0536cef86e2b46ddad6aae5a3780089e.xls"",""local_source_file"":""2025_guokao_zhaokaojianzhang.xls"",""local_source_sha256"":""07ae6cab368cd21b7a1ac3e8150fe9a3d39ad5171ce76135ff3cccfe50c3e77e"",""source_sheet"":""中央国家行政机关参照公务员法管理事业单位"",""filter_version"":""government_tech_v2"",""tech_filter"":{""is_tech"":true,""is_core_tech"":true,""scope"":""core"",""categories"":[""computer_software"",""data_ai""],""matched_fields"":[""major"",""description""],""major_terms"":[""计算机类""],""role_terms"":[""数据处理""],""reason"":""tech_major_and_role""},""original"":{""部门代码"":""137108"",""部门名称"":""国家统计局黑龙江调查总队"",""用人司局"":""国家统计局黑龙江调查总队"",""机构性质"":""中央国家行政机关参照公务员法管理事业单位"",""招考职位"":""大兴安岭调查队业务科一级科员（1）"",""职位属性"":""普通职位"",""职位分布"":""西部地区和艰苦边远地区职位"",""职位简介"":""从事一线入户调查、数据处理、统计分析、统计研究等工作。"",""职位代码"":""400110108022"",""机构层级"":""市（地）级"",""考试类别"":""市（地）级及以下直属机构综合管理类"",""招考人数"":""1"",""专业"":""统计学类、数学类、计算机类"",""学历"":""仅限本科"",""学位"":""学士"",""政治面貌"":""不限"",""基层工作最低年限"":""无限制"",""服务基层项目工作经历"":""无限制"",""是否在面试阶段组织专业能力测试"":""否"",""面试人员比例"":""3:1"",""工作地点"":""黑龙江省大兴安岭地区"",""落户地点"":""黑龙江省大兴安岭地区"",""备注"":""本单位最低服务年限为5年(含试用期)；限黑龙江省户籍。"",""部门网站"":""无"",""咨询电话1"":""0451-87589562"",""咨询电话2"":"""",""咨询电话3"":"""",""来源Sheet"":""中央国家行政机关参照公务员法管理事业单位""}}"
"government_jobs","国家公务员2025招考简章","公务员/事业单位技术岗位","黑龙江省哈尔滨市五常市","2026-07-28T09:12:58.310295+00:00","五常调查队一级科员","国家统计局黑龙江调查总队","","黑龙江省哈尔滨市五常市","公务员/事业单位;2025;computer_software;data_ai;仅限本科;学士;统计学类、数学类、计算机类;市（地）级及以下直属机构综合管理类","用人司局：国家统计局黑龙江调查总队
职位简介：从事一线入户调查、数据处理、统计分析、统计研究等工作。
专业要求：统计学类、数学类、计算机类
学历要求：仅限本科
学位要求：学士
政治面貌：不限
基层工作经历：无限制
考试类别：市（地）级及以下直属机构综合管理类
备注：本单位最低服务年限为5年(含试用期)；限2025年应届高校毕业生。","https://www.xjhc.gov.cn/xjhc/c116834/202410/a29382e11a674da3be3353af65f9fcc5.shtml#137108-400110108024","2024-10-14","{""dataset_year"":2025,""job_uid"":""GOV-2025-137108-400110108024"",""publisher"":""国家公务员局"",""publication_page"":""https://www.xjhc.gov.cn/xjhc/c116834/202410/a29382e11a674da3be3353af65f9fcc5.shtml"",""attachment_url"":""https://www.xjhc.gov.cn/xjhc/c116834/202410/a29382e11a674da3be3353af65f9fcc5/files/0536cef86e2b46ddad6aae5a3780089e.xls"",""local_source_file"":""2025_guokao_zhaokaojianzhang.xls"",""local_source_sha256"":""07ae6cab368cd21b7a1ac3e8150fe9a3d39ad5171ce76135ff3cccfe50c3e77e"",""source_sheet"":""中央国家行政机关参照公务员法管理事业单位"",""filter_version"":""government_tech_v2"",""tech_filter"":{""is_tech"":true,""is_core_tech"":true,""scope"":""core"",""categories"":[""computer_software"",""data_ai""],""matched_fields"":[""major"",""description""],""major_terms"":[""计算机类""],""role_terms"":[""数据处理""],""reason"":""tech_major_and_role""},""original"":{""部门代码"":""137108"",""部门名称"":""国家统计局黑龙江调查总队"",""用人司局"":""国家统计局黑龙江调查总队"",""机构性质"":""中央国家行政机关参照公务员法管理事业单位"",""招考职位"":""五常调查队一级科员"",""职位属性"":""普通职位"",""职位分布"":""西部地区和艰苦边远地区职位"",""职位简介"":""从事一线入户调查、数据处理、统计分析、统计研究等工作。"",""职位代码"":""400110108024"",""机构层级"":""县（区）级及以下"",""考试类别"":""市（地）级及以下直属机构综合管理类"",""招考人数"":""1"",""专业"":""统计学类、数学类、计算机类"",""学历"":""仅限本科"",""学位"":""学士"",""政治面貌"":""不限"",""基层工作最低年限"":""无限制"",""服务基层项目工作经历"":""无限制"",""是否在面试阶段组织专业能力测试"":""否"",""面试人员比例"":""3:1"",""工作地点"":""黑龙江省哈尔滨市五常市"",""落户地点"":""黑龙江省哈尔滨市五常市"",""备注"":""本单位最低服务年限为5年(含试用期)；限2025年应届高校毕业生。"",""部门网站"":""无"",""咨询电话1"":""0451-87589562"",""咨询电话2"":"""",""咨询电话3"":"""",""来源Sheet"":""中央国家行政机关参照公务员法管理事业单位""}}"
"government_jobs","国家公务员2025招考简章","公务员/事业单位技术岗位","黑龙江省哈尔滨市方正县","2026-07-28T09:12:58.310295+00:00","方正调查队一级科员","国家统计局黑龙江调查总队","","黑龙江省哈尔滨市方正县","公务员/事业单位;2025;computer_software;data_ai;仅限本科;学士;计算机类;市（地）级及以下直属机构综合管理类","用人司局：国家统计局黑龙江调查总队
职位简介：从事一线入户调查、数据处理、统计分析、统计研究等工作。
专业要求：计算机类
学历要求：仅限本科
学位要求：学士
政治面貌：不限
基层工作经历：无限制
考试类别：市（地）级及以下直属机构综合管理类
备注：本单位最低服务年限为5年(含试用期)；限应届高校毕业生。","https://www.xjhc.gov.cn/xjhc/c116834/202410/a29382e11a674da3be3353af65f9fcc5.shtml#137108-400110108025","2024-10-14","{""dataset_year"":2025,""job_uid"":""GOV-2025-137108-400110108025"",""publisher"":""国家公务员局"",""publication_page"":""https://www.xjhc.gov.cn/xjhc/c116834/202410/a29382e11a674da3be3353af65f9fcc5.shtml"",""attachment_url"":""https://www.xjhc.gov.cn/xjhc/c116834/202410/a29382e11a674da3be3353af65f9fcc5/files/0536cef86e2b46ddad6aae5a3780089e.xls"",""local_source_file"":""2025_guokao_zhaokaojianzhang.xls"",""local_source_sha256"":""07ae6cab368cd21b7a1ac3e8150fe9a3d39ad5171ce76135ff3cccfe50c3e77e"",""source_sheet"":""中央国家行政机关参照公务员法管理事业单位"",""filter_version"":""government_tech_v2"",""tech_filter"":{""is_tech"":true,""is_core_tech"":true,""scope"":""core"",""categories"":[""computer_software"",""data_ai""],""matched_fields"":[""major"",""description""],""major_terms"":[""计算机类""],""role_terms"":[""数据处理""],""reason"":""tech_major_and_role""},""original"":{""部门代码"":""137108"",""部门名称"":""国家统计局黑龙江调查总队"",""用人司局"":""国家统计局黑龙江调查总队"",""机构性质"":""中央国家行政机关参照公务员法管理事业单位"",""招考职位"":""方正调查队一级科员"",""职位属性"":""普通职位"",""职位分布"":""西部地区和艰苦边远地区职位"",""职位简介"":""从事一线入户调查、数据处理、统计分析、统计研究等工作。"",""职位代码"":""400110108025"",""机构层级"":""县（区）级及以下"",""考试类别"":""市（地）级及以下直属机构综合管理类"",""招考人数"":""1"",""专业"":""计算机类"",""学历"":""仅限本科"",""学位"":""学士"",""政治面貌"":""不限"",""基层工作最低年限"":""无限制"",""服务基层项目工作经历"":""无限制"",""是否在面试阶段组织专业能力测试"":""否"",""面试人员比例"":""3:1"",""工作地点"":""黑龙江省哈尔滨市方正县"",""落户地点"":""黑龙江省哈尔滨市方正县"",""备注"":""本单位最低服务年限为5年(含试用期)；限应届高校毕业生。"",""部门网站"":""无"",""咨询电话1"":""0451-87589562"",""咨询电话2"":"""",""咨询电话3"":"""",""来源Sheet"":""中央国家行政机关参照公务员法管理事业单位""}}"
"government_jobs","国家公务员2025招考简章","公务员/事业单位技术岗位","黑龙江省黑河市北安市","2026-07-28T09:12:58.310295+00:00","北安调查队一级科员","国家统计局黑龙江调查总队","","黑龙江省黑河市北安市","公务员/事业单位;2025;computer_software;data_ai;仅限本科;学士;计算机类;市（地）级及以下直属机构综合管理类","用人司局：国家统计局黑龙江调查总队
职位简介：从事一线入户调查、数据处理、统计分析、统计研究等工作。
专业要求：计算机类
学历要求：仅限本科
学位要求：学士
政治面貌：中共党员
基层工作经历：无限制
考试类别：市（地）级及以下直属机构综合管理类
备注：本单位最低服务年限为5年(含试用期)。","https://www.xjhc.gov.cn/xjhc/c116834/202410/a29382e11a674da3be3353af65f9fcc5.shtml#137108-400110108033","2024-10-14","{""dataset_year"":2025,""job_uid"":""GOV-2025-137108-400110108033"",""publisher"":""国家公务员局"",""publication_page"":""https://www.xjhc.gov.cn/xjhc/c116834/202410/a29382e11a674da3be3353af65f9fcc5.shtml"",""attachment_url"":""https://www.xjhc.gov.cn/xjhc/c116834/202410/a29382e11a674da3be3353af65f9fcc5/files/0536cef86e2b46ddad6aae5a3780089e.xls"",""local_source_file"":""2025_guokao_zhaokaojianzhang.xls"",""local_source_sha256"":""07ae6cab368cd21b7a1ac3e8150fe9a3d39ad5171ce76135ff3cccfe50c3e77e"",""source_sheet"":""中央国家行政机关参照公务员法管理事业单位"",""filter_version"":""government_tech_v2"",""tech_filter"":{""is_tech"":true,""is_core_tech"":true,""scope"":""core"",""categories"":[""computer_software"",""data_ai""],""matched_fields"":[""major"",""description""],""major_terms"":[""计算机类""],""role_terms"":[""数据处理""],""reason"":""tech_major_and_role""},""original"":{""部门代码"":""137108"",""部门名称"":""国家统计局黑龙江调查总队"",""用人司局"":""国家统计局黑龙江调查总队"",""机构性质"":""中央国家行政机关参照公务员法管理事业单位"",""招考职位"":""北安调查队一级科员"",""职位属性"":""普通职位"",""职位分布"":""西部地区和艰苦边远地区职位"",""职位简介"":""从事一线入户调查、数据处理、统计分析、统计研究等工作。"",""职位代码"":""400110108033"",""机构层级"":""县（区）级及以下"",""考试类别"":""市（地）级及以下直属机构综合管理类"",""招考人数"":""1"",""专业"":""计算机类"",""学历"":""仅限本科"",""学位"":""学士"",""政治面貌"":""中共党员"",""基层工作最低年限"":""无限制"",""服务基层项目工作经历"":""无限制"",""是否在面试阶段组织专业能力测试"":""否"",""面试人员比例"":""3:1"",""工作地点"":""黑龙江省黑河市北安市"",""落户地点"":""黑龙江省黑河市北安市"",""备注"":""本单位最低服务年限为5年(含试用期)。"",""部门网站"":""无"",""咨询电话1"":""0451-87589562"",""咨询电话2"":"""",""咨询电话3"":"""",""来源Sheet"":""中央国家行政机关参照公务员法管理事业单位""}}"
"government_jobs","国家公务员2025招考简章","公务员/事业单位技术岗位","黑龙江省伊春市嘉荫县","2026-07-28T09:12:58.310295+00:00","嘉荫调查队一级科员","国家统计局黑龙江调查总队","","黑龙江省伊春市嘉荫县","公务员/事业单位;2025;computer_software;data_ai;仅限本科;学士;统计学类、数学类、计算机类;市（地）级及以下直属机构综合管理类","用人司局：国家统计局黑龙江调查总队
职位简介：从事一线入户调查、数据处理、统计分析、统计研究等工作。
专业要求：统计学类、数学类、计算机类
学历要求：仅限本科
学位要求：学士
政治面貌：不限
基层工作经历：无限制
考试类别：市（地）级及以下直属机构综合管理类
备注：本单位最低服务年限为5年(含试用期)；限伊春市（含区县）户籍。","https://www.xjhc.gov.cn/xjhc/c116834/202410/a29382e11a674da3be3353af65f9fcc5.shtml#137108-400110108034","2024-10-14","{""dataset_year"":2025,""job_uid"":""GOV-2025-137108-400110108034"",""publisher"":""国家公务员局"",""publication_page"":""https://www.xjhc.gov.cn/xjhc/c116834/202410/a29382e11a674da3be3353af65f9fcc5.shtml"",""attachment_url"":""https://www.xjhc.gov.cn/xjhc/c116834/202410/a29382e11a674da3be3353af65f9fcc5/files/0536cef86e2b46ddad6aae5a3780089e.xls"",""local_source_file"":""2025_guokao_zhaokaojianzhang.xls"",""local_source_sha256"":""07ae6cab368cd21b7a1ac3e8150fe9a3d39ad5171ce76135ff3cccfe50c3e77e"",""source_sheet"":""中央国家行政机关参照公务员法管理事业单位"",""filter_version"":""government_tech_v2"",""tech_filter"":{""is_tech"":true,""is_core_tech"":true,""scope"":""core"",""categories"":[""computer_software"",""data_ai""],""matched_fields"":[""major"",""description""],""major_terms"":[""计算机类""],""role_terms"":[""数据处理""],""reason"":""tech_major_and_role""},""original"":{""部门代码"":""137108"",""部门名称"":""国家统计局黑龙江调查总队"",""用人司局"":""国家统计局黑龙江调查总队"",""机构性质"":""中央国家行政机关参照公务员法管理事业单位"",""招考职位"":""嘉荫调查队一级科员"",""职位属性"":""普通职位"",""职位分布"":""西部地区和艰苦边远地区职位"",""职位简介"":""从事一线入户调查、数据处理、统计分析、统计研究等工作。"",""职位代码"":""400110108034"",""机构层级"":""县（区）级及以下"",""考试类别"":""市（地）级及以下直属机构综合管理类"",""招考人数"":""1"",""专业"":""统计学类、数学类、计算机类"",""学历"":""仅限本科"",""学位"":""学士"",""政治面貌"":""不限"",""基层工作最低年限"":""无限制"",""服务基层项目工作经历"":""无限制"",""是否在面试阶段组织专业能力测试"":""否"",""面试人员比例"":""3:1"",""工作地点"":""黑龙江省伊春市嘉荫县"",""落户地点"":""黑龙江省伊春市嘉荫县"",""备注"":""本单位最低服务年限为5年(含试用期)；限伊春市（含区县）户籍。"",""部门网站"":""无"",""咨询电话1"":""0451-87589562"",""咨询电话2"":"""",""咨询电话3"":"""",""来源Sheet"":""中央国家行政机关参照公务员法管理事业单位""}}"
"government_jobs","国家公务员2025招考简章","公务员/事业单位技术岗位","上海市黄浦区","2026-07-28T09:12:58.310295+00:00","上海调查总队业务处室一级主任科员及以下","国家统计局上海调查总队","","上海市黄浦区","公务员/事业单位;2025;computer_software;data_ai;electronics_communication;硕士研究生及以上;与最高学历相对应的学位;统计学、应用统计、数学类、计算机科学与技术类、电子信息类;中央机关及其省级直属机构综合管理类","用人司局：国家统计局上海调查总队
职位简介：从事统计调查、数据处理、分析研究等工作
专业要求：统计学、应用统计、数学类、计算机科学与技术类、电子信息类
学历要求：硕士研究生及以上
学位要求：与最高学历相对应的学位
政治面貌：不限
基层工作经历：无限制
考试类别：中央机关及其省级直属机构综合管理类
备注：1.本单位最低服务年限为5年（含试用期）；2.本岗位招收专业均要求为主修专业；3.全国大学英语四级考试合格或分数达425分以上。","https://www.xjhc.gov.cn/xjhc/c116834/202410/a29382e11a674da3be3353af65f9fcc5.shtml#137109-400110109001","2024-10-14","{""dataset_year"":2025,""job_uid"":""GOV-2025-137109-400110109001"",""publisher"":""国家公务员局"",""publication_page"":""https://www.xjhc.gov.cn/xjhc/c116834/202410/a29382e11a674da3be3353af65f9fcc5.shtml"",""attachment_url"":""https://www.xjhc.gov.cn/xjhc/c116834/202410/a29382e11a674da3be3353af65f9fcc5/files/0536cef86e2b46ddad6aae5a3780089e.xls"",""local_source_file"":""2025_guokao_zhaokaojianzhang.xls"",""local_source_sha256"":""07ae6cab368cd21b7a1ac3e8150fe9a3d39ad5171ce76135ff3cccfe50c3e77e"",""source_sheet"":""中央国家行政机关参照公务员法管理事业单位"",""filter_version"":""government_tech_v2"",""tech_filter"":{""is_tech"":true,""is_core_tech"":true,""scope"":""core"",""categories"":[""computer_software"",""data_ai"",""electronics_communication""],""matched_fields"":[""major"",""description""],""major_terms"":[""电子信息类"",""计算机科学与技术""],""role_terms"":[""数据处理""],""reason"":""tech_major_and_role""},""original"":{""部门代码"":""137109"",""部门名称"":""国家统计局上海调查总队"",""用人司局"":""国家统计局上海调查总队"",""机构性质"":""中央国家行政机关参照公务员法管理事业单位"",""招考职位"":""上海调查总队业务处室一级主任科员及以下"",""职位属性"":""普通职位"",""职位分布"":""其他职位"",""职位简介"":""从事统计调查、数据处理、分析研究等工作"",""职位代码"":""400110109001"",""机构层级"":""省（副省）级"",""考试类别"":""中央机关及其省级直属机构综合管理类"",""招考人数"":""4"",""专业"":""统计学、应用统计、数学类、计算机科学与技术类、电子信息类"",""学历"":""硕士研究生及以上"",""学位"":""与最高学历相对应的学位"",""政治面貌"":""不限"",""基层工作最低年限"":""无限制"",""服务基层项目工作经历"":""无限制"",""是否在面试阶段组织专业能力测试"":""否"",""面试人员比例"":""5:1"",""工作地点"":""上海市黄浦区"",""落户地点"":""上海市"",""备注"":""1.本单位最低服务年限为5年（含试用期）；2.本岗位招收专业均要求为主修专业；3.全国大学英语四级考试合格或分数达425分以上。"",""部门网站"":""无"",""咨询电话1"":""021-53857374"",""咨询电话2"":""021-53857313"",""咨询电话3"":""021-53857009"",""来源Sheet"":""中央国家行政机关参照公务员法管理事业单位""}}"
"government_jobs","国家公务员2025招考简章","公务员/事业单位技术岗位","上海市浦东新区","2026-07-28T09:12:58.310295+00:00","浦东调查队业务处室四级主任科员","国家统计局上海调查总队","","上海市浦东新区","公务员/事业单位;2025;computer_software;data_ai;electronics_communication;仅限硕士研究生;硕士;统计学、应用统计、国民经济学、区域经济学、产业经济学、数量经济学、金融学、数学类、计算机科学与技术类、电子信息类;市（地）级及以下直属机构综合管理类","用人司局：国家统计局上海调查总队
职位简介：从事统计调查、数据处理、分析研究等工作
专业要求：统计学、应用统计、国民经济学、区域经济学、产业经济学、数量经济学、金融学、数学类、计算机科学与技术类、电子信息类
学历要求：仅限硕士研究生
学位要求：硕士
政治面貌：不限
基层工作经历：无限制
考试类别：市（地）级及以下直属机构综合管理类
备注：1.本单位最低服务年限为5年（含试用期）；2.本岗位招收专业均要求为主修专业；3.本岗位限招2025届高校毕业生；4.全国大学英语四级考试合格或分数达425分以上。","https://www.xjhc.gov.cn/xjhc/c116834/202410/a29382e11a674da3be3353af65f9fcc5.shtml#137109-400110109002","2024-10-14","{""dataset_year"":2025,""job_uid"":""GOV-2025-137109-400110109002"",""publisher"":""国家公务员局"",""publication_page"":""https://www.xjhc.gov.cn/xjhc/c116834/202410/a29382e11a674da3be3353af65f9fcc5.shtml"",""attachment_url"":""https://www.xjhc.gov.cn/xjhc/c116834/202410/a29382e11a674da3be3353af65f9fcc5/files/0536cef86e2b46ddad6aae5a3780089e.xls"",""local_source_file"":""2025_guokao_zhaokaojianzhang.xls"",""local_source_sha256"":""07ae6cab368cd21b7a1ac3e8150fe9a3d39ad5171ce76135ff3cccfe50c3e77e"",""source_sheet"":""中央国家行政机关参照公务员法管理事业单位"",""filter_version"":""government_tech_v2"",""tech_filter"":{""is_tech"":true,""is_core_tech"":true,""scope"":""core"",""categories"":[""computer_software"",""data_ai"",""electronics_communication""],""matched_fields"":[""major"",""description""],""major_terms"":[""电子信息类"",""计算机科学与技术""],""role_terms"":[""数据处理""],""reason"":""tech_major_and_role""},""original"":{""部门代码"":""137109"",""部门名称"":""国家统计局上海调查总队"",""用人司局"":""国家统计局上海调查总队"",""机构性质"":""中央国家行政机关参照公务员法管理事业单位"",""招考职位"":""浦东调查队业务处室四级主任科员"",""职位属性"":""普通职位"",""职位分布"":""其他职位"",""职位简介"":""从事统计调查、数据处理、分析研究等工作"",""职位代码"":""400110109002"",""机构层级"":""县（区）级及以下"",""考试类别"":""市（地）级及以下直属机构综合管理类"",""招考人数"":""1"",""专业"":""统计学、应用统计、国民经济学、区域经济学、产业经济学、数量经济学、金融学、数学类、计算机科学与技术类、电子信息类"",""学历"":""仅限硕士研究生"",""学位"":""硕士"",""政治面貌"":""不限"",""基层工作最低年限"":""无限制"",""服务基层项目工作经历"":""无限制"",""是否在面试阶段组织专业能力测试"":""否"",""面试人员比例"":""3:1"",""工作地点"":""上海市浦东新区"",""落户地点"":""上海市"",""备注"":""1.本单位最低服务年限为5年（含试用期）；2.本岗位招收专业均要求为主修专业；3.本岗位限招2025届高校毕业生；4.全国大学英语四级考试合格或分数达425分以上。"",""部门网站"":""无"",""咨询电话1"":""021-53857374"",""咨询电话2"":""021-53857313"",""咨询电话3"":""021-53857009"",""来源Sheet"":""中央国家行政机关参照公务员法管理事业单位""}}"
"government_jobs","国家公务员2025招考简章","公务员/事业单位技术岗位","上海市嘉定区","2026-07-28T09:12:58.310295+00:00","嘉定调查队业务科室二级主任科员及以下（1）","国家统计局上海调查总队","","上海市嘉定区","公务员/事业单位;2025;computer_software;data_ai;electronics_communication;本科或硕士研究生;与最高学历相对应的学位;本科：统计学类、计算机类； 研究生：统计学、应用统计、计算机科学与技术类、电子信息类;市（地）级及以下直属机构综合管理类","用人司局：国家统计局上海调查总队
职位简介：从事统计调查、数据处理、分析研究等工作
专业要求：本科：统计学类、计算机类； 研究生：统计学、应用统计、计算机科学与技术类、电子信息类
学历要求：本科或硕士研究生
学位要求：与最高学历相对应的学位
政治面貌：不限
基层工作经历：无限制
考试类别：市（地）级及以下直属机构综合管理类
备注：1.本单位最低服务年限为5年（含试用期）；2.本岗位招收专业均要求为主修专业；3.全国大学英语四级考试合格或分数达425分以上。","https://www.xjhc.gov.cn/xjhc/c116834/202410/a29382e11a674da3be3353af65f9fcc5.shtml#137109-400110109003","2024-10-14","{""dataset_year"":2025,""job_uid"":""GOV-2025-137109-400110109003"",""publisher"":""国家公务员局"",""publication_page"":""https://www.xjhc.gov.cn/xjhc/c116834/202410/a29382e11a674da3be3353af65f9fcc5.shtml"",""attachment_url"":""https://www.xjhc.gov.cn/xjhc/c116834/202410/a29382e11a674da3be3353af65f9fcc5/files/0536cef86e2b46ddad6aae5a3780089e.xls"",""local_source_file"":""2025_guokao_zhaokaojianzhang.xls"",""local_source_sha256"":""07ae6cab368cd21b7a1ac3e8150fe9a3d39ad5171ce76135ff3cccfe50c3e77e"",""source_sheet"":""中央国家行政机关参照公务员法管理事业单位"",""filter_version"":""government_tech_v2"",""tech_filter"":{""is_tech"":true,""is_core_tech"":true,""scope"":""core"",""categories"":[""computer_software"",""data_ai"",""electronics_communication""],""matched_fields"":[""major"",""description""],""major_terms"":[""电子信息类"",""计算机科学与技术"",""计算机类""],""role_terms"":[""数据处理""],""reason"":""tech_major_and_role""},""original"":{""部门代码"":""137109"",""部门名称"":""国家统计局上海调查总队"",""用人司局"":""国家统计局上海调查总队"",""机构性质"":""中央国家行政机关参照公务员法管理事业单位"",""招考职位"":""嘉定调查队业务科室二级主任科员及以下（1）"",""职位属性"":""普通职位"",""职位分布"":""其他职位"",""职位简介"":""从事统计调查、数据处理、分析研究等工作"",""职位代码"":""400110109003"",""机构层级"":""县（区）级及以下"",""考试类别"":""市（地）级及以下直属机构综合管理类"",""招考人数"":""1"",""专业"":""本科：统计学类、计算机类； 研究生：统计学、应用统计、计算机科学与技术类、电子信息类"",""学历"":""本科或硕士研究生"",""学位"":""与最高学历相对应的学位"",""政治面貌"":""不限"",""基层工作最低年限"":""无限制"",""服务基层项目工作经历"":""无限制"",""是否在面试阶段组织专业能力测试"":""否"",""面试人员比例"":""3:1"",""工作地点"":""上海市嘉定区"",""落户地点"":""上海市"",""备注"":""1.本单位最低服务年限为5年（含试用期）；2.本岗位招收专业均要求为主修专业；3.全国大学英语四级考试合格或分数达425分以上。"",""部门网站"":""无"",""咨询电话1"":""021-53857374"",""咨询电话2"":""021-53857313"",""咨询电话3"":""021-53857009"",""来源Sheet"":""中央国家行政机关参照公务员法管理事业单位""}}"
"government_jobs","国家公务员2025招考简章","公务员/事业单位技术岗位","江苏省南京市","2026-07-28T09:12:58.310295+00:00","江苏调查总队业务处室一级科员（1）","国家统计局江苏调查总队","","江苏省南京市","公务员/事业单位;2025;computer_software;data_ai;仅限本科;学士;数学类（0701），经济统计学专业（020102）、金融数学专业（020305）、统计学专业（071201）、应用统计学专业（071202）、数据科学与大数据技术专业（080910）;中央机关及其省级直属机构综合管理类","用人司局：国家统计局江苏调查总队
职位简介：从事统计调查、数据处理、统计分析研究等相关工作。
专业要求：数学类（0701），经济统计学专业（020102）、金融数学专业（020305）、统计学专业（071201）、应用统计学专业（071202）、数据科学与大数据技术专业（080910）
学历要求：仅限本科
学位要求：学士
政治面貌：不限
基层工作经历：无限制
考试类别：中央机关及其省级直属机构综合管理类
备注：1.所列专业均要求主修专业，考生报考专业须与招录专业名称一致；2.该岗位仅限男性报考；3.本单位最低服务年限为5年（含试用期）。","https://www.xjhc.gov.cn/xjhc/c116834/202410/a29382e11a674da3be3353af65f9fcc5.shtml#137110-400110135003","2024-10-14","{""dataset_year"":2025,""job_uid"":""GOV-2025-137110-400110135003"",""publisher"":""国家公务员局"",""publication_page"":""https://www.xjhc.gov.cn/xjhc/c116834/202410/a29382e11a674da3be3353af65f9fcc5.shtml"",""attachment_url"":""https://www.xjhc.gov.cn/xjhc/c116834/202410/a29382e11a674da3be3353af65f9fcc5/files/0536cef86e2b46ddad6aae5a3780089e.xls"",""local_source_file"":""2025_guokao_zhaokaojianzhang.xls"",""local_source_sha256"":""07ae6cab368cd21b7a1ac3e8150fe9a3d39ad5171ce76135ff3cccfe50c3e77e"",""source_sheet"":""中央国家行政机关参照公务员法管理事业单位"",""filter_version"":""government_tech_v2"",""tech_filter"":{""is_tech"":true,""is_core_tech"":true,""scope"":""core"",""categories"":[""computer_software"",""data_ai""],""matched_fields"":[""major"",""description""],""major_terms"":[""大数据"",""数据科学与大数据技术""],""role_terms"":[""数据处理""],""reason"":""tech_major_and_role""},""original"":{""部门代码"":""137110"",""部门名称"":""国家统计局江苏调查总队"",""用人司局"":""国家统计局江苏调查总队"",""机构性质"":""中央国家行政机关参照公务员法管理事业单位"",""招考职位"":""江苏调查总队业务处室一级科员（1）"",""职位属性"":""普通职位"",""职位分布"":""其他职位"",""职位简介"":""从事统计调查、数据处理、统计分析研究等相关工作。"",""职位代码"":""400110135003"",""机构层级"":""省（副省）级"",""考试类别"":""中央机关及其省级直属机构综合管理类"",""招考人数"":""1"",""专业"":""数学类（0701），经济统计学专业（020102）、金融数学专业（020305）、统计学专业（071201）、应用统计学专业（071202）、数据科学与大数据技术专业（080910）"",""学历"":""仅限本科"",""学位"":""学士"",""政治面貌"":""不限"",""基层工作最低年限"":""无限制"",""服务基层项目工作经历"":""无限制"",""是否在面试阶段组织专业能力测试"":""否"",""面试人员比例"":""5:1"",""工作地点"":""江苏省南京市"",""落户地点"":""江苏省南京市"",""备注"":""1.所列专业均要求主修专业，考生报考专业须与招录专业名称一致；2.该岗位仅限男性报考；3.本单位最低服务年限为5年（含试用期）。"",""部门网站"":""https://jszd.stats.gov.cn/"",""咨询电话1"":""025-83580375"",""咨询电话2"":""025-83580273"",""咨询电话3"":"""",""来源Sheet"":""中央国家行政机关参照公务员法管理事业单位""}}"
"government_jobs","国家公务员2025招考简章","公务员/事业单位技术岗位","江苏省南京市","2026-07-28T09:12:58.310295+00:00","江苏调查总队信息技术应用处一级科员","国家统计局江苏调查总队","","江苏省南京市","公务员/事业单位;2025;computer_software;cybersecurity_cryptography;仅限本科;学士;网络工程专业（080903）、信息安全专业（080904）、网络空间安全专业（080911）;中央机关及其省级直属机构综合管理类","用人司局：国家统计局江苏调查总队
职位简介：从事数据及网络安全保障工作，提供信息化技术支持与服务。
专业要求：网络工程专业（080903）、信息安全专业（080904）、网络空间安全专业（080911）
学历要求：仅限本科
学位要求：学士
政治面貌：不限
基层工作经历：无限制
考试类别：中央机关及其省级直属机构综合管理类
备注：1.所列专业均要求主修专业，考生报考专业须与招录专业名称一致；2.本单位最低服务年限为5年（含试用期）。","https://www.xjhc.gov.cn/xjhc/c116834/202410/a29382e11a674da3be3353af65f9fcc5.shtml#137110-400110135004","2024-10-14","{""dataset_year"":2025,""job_uid"":""GOV-2025-137110-400110135004"",""publisher"":""国家公务员局"",""publication_page"":""https://www.xjhc.gov.cn/xjhc/c116834/202410/a29382e11a674da3be3353af65f9fcc5.shtml"",""attachment_url"":""https://www.xjhc.gov.cn/xjhc/c116834/202410/a29382e11a674da3be3353af65f9fcc5/files/0536cef86e2b46ddad6aae5a3780089e.xls"",""local_source_file"":""2025_guokao_zhaokaojianzhang.xls"",""local_source_sha256"":""07ae6cab368cd21b7a1ac3e8150fe9a3d39ad5171ce76135ff3cccfe50c3e77e"",""source_sheet"":""中央国家行政机关参照公务员法管理事业单位"",""filter_version"":""government_tech_v2"",""tech_filter"":{""is_tech"":true,""is_core_tech"":true,""scope"":""core"",""categories"":[""computer_software"",""cybersecurity_cryptography""],""matched_fields"":[""major"",""job_title"",""description""],""major_terms"":[""信息安全"",""网络工程"",""网络空间安全""],""role_terms"":[""信息化"",""信息技术"",""网络安全""],""reason"":""tech_major_and_role""},""original"":{""部门代码"":""137110"",""部门名称"":""国家统计局江苏调查总队"",""用人司局"":""国家统计局江苏调查总队"",""机构性质"":""中央国家行政机关参照公务员法管理事业单位"",""招考职位"":""江苏调查总队信息技术应用处一级科员"",""职位属性"":""普通职位"",""职位分布"":""其他职位"",""职位简介"":""从事数据及网络安全保障工作，提供信息化技术支持与服务。"",""职位代码"":""400110135004"",""机构层级"":""省（副省）级"",""考试类别"":""中央机关及其省级直属机构综合管理类"",""招考人数"":""1"",""专业"":""网络工程专业（080903）、信息安全专业（080904）、网络空间安全专业（080911）"",""学历"":""仅限本科"",""学位"":""学士"",""政治面貌"":""不限"",""基层工作最低年限"":""无限制"",""服务基层项目工作经历"":""无限制"",""是否在面试阶段组织专业能力测试"":""否"",""面试人员比例"":""5:1"",""工作地点"":""江苏省南京市"",""落户地点"":""江苏省南京市"",""备注"":""1.所列专业均要求主修专业，考生报考专业须与招录专业名称一致；2.本单位最低服务年限为5年（含试用期）。"",""部门网站"":""https://jszd.stats.gov.cn/"",""咨询电话1"":""025-83580375"",""咨询电话2"":""025-83580273"",""咨询电话3"":"""",""来源Sheet"":""中央国家行政机关参照公务员法管理事业单位""}}"
"government_jobs","国家公务员2025招考简章","公务员/事业单位技术岗位","江苏省南京市","2026-07-28T09:12:58.310295+00:00","江苏调查总队业务处室一级科员（2）","国家统计局江苏调查总队","","江苏省南京市","公务员/事业单位;2025;computer_software;data_ai;仅限本科;学士;数学类（0701），经济统计学专业（020102）、金融数学专业（020305）、统计学专业（071201）、应用统计学专业（071202）、数据科学与大数据技术专业（080910）;中央机关及其省级直属机构综合管理类","用人司局：国家统计局江苏调查总队
职位简介：从事统计调查、数据处理、统计分析研究等相关工作。
专业要求：数学类（0701），经济统计学专业（020102）、金融数学专业（020305）、统计学专业（071201）、应用统计学专业（071202）、数据科学与大数据技术专业（080910）
学历要求：仅限本科
学位要求：学士
政治面貌：不限
基层工作经历：无限制
考试类别：中央机关及其省级直属机构综合管理类
备注：1.所列专业均要求主修专业，考生报考专业须与招录专业名称一致；2.该岗位仅限女性报考；3.本单位最低服务年限为5年（含试用期）。","https://www.xjhc.gov.cn/xjhc/c116834/202410/a29382e11a674da3be3353af65f9fcc5.shtml#137110-400110135035","2024-10-14","{""dataset_year"":2025,""job_uid"":""GOV-2025-137110-400110135035"",""publisher"":""国家公务员局"",""publication_page"":""https://www.xjhc.gov.cn/xjhc/c116834/202410/a29382e11a674da3be3353af65f9fcc5.shtml"",""attachment_url"":""https://www.xjhc.gov.cn/xjhc/c116834/202410/a29382e11a674da3be3353af65f9fcc5/files/0536cef86e2b46ddad6aae5a3780089e.xls"",""local_source_file"":""2025_guokao_zhaokaojianzhang.xls"",""local_source_sha256"":""07ae6cab368cd21b7a1ac3e8150fe9a3d39ad5171ce76135ff3cccfe50c3e77e"",""source_sheet"":""中央国家行政机关参照公务员法管理事业单位"",""filter_version"":""government_tech_v2"",""tech_filter"":{""is_tech"":true,""is_core_tech"":true,""scope"":""core"",""categories"":[""computer_software"",""data_ai""],""matched_fields"":[""major"",""description""],""major_terms"":[""大数据"",""数据科学与大数据技术""],""role_terms"":[""数据处理""],""reason"":""tech_major_and_role""},""original"":{""部门代码"":""137110"",""部门名称"":""国家统计局江苏调查总队"",""用人司局"":""国家统计局江苏调查总队"",""机构性质"":""中央国家行政机关参照公务员法管理事业单位"",""招考职位"":""江苏调查总队业务处室一级科员（2）"",""职位属性"":""普通职位"",""职位分布"":""其他职位"",""职位简介"":""从事统计调查、数据处理、统计分析研究等相关工作。"",""职位代码"":""400110135035"",""机构层级"":""省（副省）级"",""考试类别"":""中央机关及其省级直属机构综合管理类"",""招考人数"":""1"",""专业"":""数学类（0701），经济统计学专业（020102）、金融数学专业（020305）、统计学专业（071201）、应用统计学专业（071202）、数据科学与大数据技术专业（080910）"",""学历"":""仅限本科"",""学位"":""学士"",""政治面貌"":""不限"",""基层工作最低年限"":""无限制"",""服务基层项目工作经历"":""无限制"",""是否在面试阶段组织专业能力测试"":""否"",""面试人员比例"":""5:1"",""工作地点"":""江苏省南京市"",""落户地点"":""江苏省南京市"",""备注"":""1.所列专业均要求主修专业，考生报考专业须与招录专业名称一致；2.该岗位仅限女性报考；3.本单位最低服务年限为5年（含试用期）。"",""部门网站"":""https://jszd.stats.gov.cn/"",""咨询电话1"":""025-83580375"",""咨询电话2"":""025-83580273"",""咨询电话3"":"""",""来源Sheet"":""中央国家行政机关参照公务员法管理事业单位""}}"
"government_jobs","国家公务员2025招考简章","公务员/事业单位技术岗位","浙江省杭州市西湖区","2026-07-28T09:12:58.310295+00:00","浙江调查总队业务处室一级主任科员及以下（2）","国家统计局浙江调查总队","","浙江省杭州市西湖区","公务员/事业单位;2025;computer_software;data_ai;硕士研究生及以上;与最高学历相对应的学位;统计学、应用统计、应用统计学、数理统计、数理统计学；数量经济学、经济统计学；大数据统计、数据科学、大数据科学与应用、大数据科学与工程;中央机关及其省级直属机构综合管理类","用人司局：国家统计局浙江调查总队
职位简介：从事统计调查、数据处理、统计分析研究等工作
专业要求：统计学、应用统计、应用统计学、数理统计、数理统计学；数量经济学、经济统计学；大数据统计、数据科学、大数据科学与应用、大数据科学与工程
学历要求：硕士研究生及以上
学位要求：与最高学历相对应的学位
政治面貌：不限
基层工作经历：无限制
考试类别：中央机关及其省级直属机构综合管理类
备注：1.本职位专业要求均为专业目录中的专业名称，须以最高学历主修专业报考，报考专业须与招录专业名称一致。2.企业人员应有合同及社保缴费记录。3.本单位最低服务年限为5年（含试用期）。4.仅限男性报考。","https://www.xjhc.gov.cn/xjhc/c116834/202410/a29382e11a674da3be3353af65f9fcc5.shtml#137111-400110111002","2024-10-14","{""dataset_year"":2025,""job_uid"":""GOV-2025-137111-400110111002"",""publisher"":""国家公务员局"",""publication_page"":""https://www.xjhc.gov.cn/xjhc/c116834/202410/a29382e11a674da3be3353af65f9fcc5.shtml"",""attachment_url"":""https://www.xjhc.gov.cn/xjhc/c116834/202410/a29382e11a674da3be3353af65f9fcc5/files/0536cef86e2b46ddad6aae5a3780089e.xls"",""local_source_file"":""2025_guokao_zhaokaojianzhang.xls"",""local_source_sha256"":""07ae6cab368cd21b7a1ac3e8150fe9a3d39ad5171ce76135ff3cccfe50c3e77e"",""source_sheet"":""中央国家行政机关参照公务员法管理事业单位"",""filter_version"":""government_tech_v2"",""tech_filter"":{""is_tech"":true,""is_core_tech"":true,""scope"":""core"",""categories"":[""computer_software"",""data_ai""],""matched_fields"":[""major"",""description""],""major_terms"":[""大数据"",""数据科学""],""role_terms"":[""数据处理""],""reason"":""tech_major_and_role""},""original"":{""部门代码"":""137111"",""部门名称"":""国家统计局浙江调查总队"",""用人司局"":""国家统计局浙江调查总队"",""机构性质"":""中央国家行政机关参照公务员法管理事业单位"",""招考职位"":""浙江调查总队业务处室一级主任科员及以下（2）"",""职位属性"":""普通职位"",""职位分布"":""其他职位"",""职位简介"":""从事统计调查、数据处理、统计分析研究等工作"",""职位代码"":""400110111002"",""机构层级"":""省（副省）级"",""考试类别"":""中央机关及其省级直属机构综合管理类"",""招考人数"":""1"",""专业"":""统计学、应用统计、应用统计学、数理统计、数理统计学；数量经济学、经济统计学；大数据统计、数据科学、大数据科学与应用、大数据科学与工程"",""学历"":""硕士研究生及以上"",""学位"":""与最高学历相对应的学位"",""政治面貌"":""不限"",""基层工作最低年限"":""无限制"",""服务基层项目工作经历"":""无限制"",""是否在面试阶段组织专业能力测试"":""否"",""面试人员比例"":""5:1"",""工作地点"":""浙江省杭州市西湖区"",""落户地点"":""浙江省杭州市西湖区"",""备注"":""1.本职位专业要求均为专业目录中的专业名称，须以最高学历主修专业报考，报考专业须与招录专业名称一致。2.企业人员应有合同及社保缴费记录。3.本单位最低服务年限为5年（含试用期）。4.仅限男性报考。"",""部门网站"":""zjzd.stats.gov.cn"",""咨询电话1"":""0571-89198661"",""咨询电话2"":""0571-89198659"",""咨询电话3"":"""",""来源Sheet"":""中央国家行政机关参照公务员法管理事业单位""}}"
"government_jobs","国家公务员2025招考简章","公务员/事业单位技术岗位","浙江省杭州市西湖区","2026-07-28T09:12:58.310295+00:00","浙江调查总队业务处室一级主任科员及以下（3）","国家统计局浙江调查总队","","浙江省杭州市西湖区","公务员/事业单位;2025;computer_software;data_ai;硕士研究生及以上;与最高学历相对应的学位;统计学、应用统计、应用统计学、数理统计、数理统计学；数量经济学、经济统计学；大数据统计、数据科学、大数据科学与应用、大数据科学与工程;中央机关及其省级直属机构综合管理类","用人司局：国家统计局浙江调查总队
职位简介：从事统计调查、数据处理、统计分析研究等工作
专业要求：统计学、应用统计、应用统计学、数理统计、数理统计学；数量经济学、经济统计学；大数据统计、数据科学、大数据科学与应用、大数据科学与工程
学历要求：硕士研究生及以上
学位要求：与最高学历相对应的学位
政治面貌：不限
基层工作经历：无限制
考试类别：中央机关及其省级直属机构综合管理类
备注：1.本职位专业要求均为专业目录中的专业名称，须以最高学历主修专业报考，报考专业须与招录专业名称一致。2.企业人员应有合同及社保缴费记录。3.本单位最低服务年限为5年（含试用期）。4.仅限女性报考。","https://www.xjhc.gov.cn/xjhc/c116834/202410/a29382e11a674da3be3353af65f9fcc5.shtml#137111-400110111003","2024-10-14","{""dataset_year"":2025,""job_uid"":""GOV-2025-137111-400110111003"",""publisher"":""国家公务员局"",""publication_page"":""https://www.xjhc.gov.cn/xjhc/c116834/202410/a29382e11a674da3be3353af65f9fcc5.shtml"",""attachment_url"":""https://www.xjhc.gov.cn/xjhc/c116834/202410/a29382e11a674da3be3353af65f9fcc5/files/0536cef86e2b46ddad6aae5a3780089e.xls"",""local_source_file"":""2025_guokao_zhaokaojianzhang.xls"",""local_source_sha256"":""07ae6cab368cd21b7a1ac3e8150fe9a3d39ad5171ce76135ff3cccfe50c3e77e"",""source_sheet"":""中央国家行政机关参照公务员法管理事业单位"",""filter_version"":""government_tech_v2"",""tech_filter"":{""is_tech"":true,""is_core_tech"":true,""scope"":""core"",""categories"":[""computer_software"",""data_ai""],""matched_fields"":[""major"",""description""],""major_terms"":[""大数据"",""数据科学""],""role_terms"":[""数据处理""],""reason"":""tech_major_and_role""},""original"":{""部门代码"":""137111"",""部门名称"":""国家统计局浙江调查总队"",""用人司局"":""国家统计局浙江调查总队"",""机构性质"":""中央国家行政机关参照公务员法管理事业单位"",""招考职位"":""浙江调查总队业务处室一级主任科员及以下（3）"",""职位属性"":""普通职位"",""职位分布"":""其他职位"",""职位简介"":""从事统计调查、数据处理、统计分析研究等工作"",""职位代码"":""400110111003"",""机构层级"":""省（副省）级"",""考试类别"":""中央机关及其省级直属机构综合管理类"",""招考人数"":""1"",""专业"":""统计学、应用统计、应用统计学、数理统计、数理统计学；数量经济学、经济统计学；大数据统计、数据科学、大数据科学与应用、大数据科学与工程"",""学历"":""硕士研究生及以上"",""学位"":""与最高学历相对应的学位"",""政治面貌"":""不限"",""基层工作最低年限"":""无限制"",""服务基层项目工作经历"":""无限制"",""是否在面试阶段组织专业能力测试"":""否"",""面试人员比例"":""5:1"",""工作地点"":""浙江省杭州市西湖区"",""落户地点"":""浙江省杭州市西湖区"",""备注"":""1.本职位专业要求均为专业目录中的专业名称，须以最高学历主修专业报考，报考专业须与招录专业名称一致。2.企业人员应有合同及社保缴费记录。3.本单位最低服务年限为5年（含试用期）。4.仅限女性报考。"",""部门网站"":""zjzd.stats.gov.cn"",""咨询电话1"":""0571-89198661"",""咨询电话2"":""0571-89198659"",""咨询电话3"":"""",""来源Sheet"":""中央国家行政机关参照公务员法管理事业单位""}}"
"government_jobs","国家公务员2025招考简章","公务员/事业单位技术岗位","浙江省宁波市鄞州区","2026-07-28T09:12:58.310295+00:00","宁波调查队业务处室二级主任科员及以下（1）","国家统计局浙江调查总队","","浙江省宁波市鄞州区","公务员/事业单位;2025;computer_software;data_ai;仅限硕士研究生;硕士;统计学、应用统计、应用统计学、数理统计、数理统计学； 经济学、经济统计学、理论经济学、国民经济学、区域经济学、产业经济学、应用经济学、数量经济学； 数学，应用数学，计算数学、概率论与数理统计、数据科学、大数据科学与应用、大数据统计;中央机关及其省级直属机构综合管理类","用人司局：国家统计局浙江调查总队
职位简介：从事统计调查、数据处理、统计分析研究等工作
专业要求：统计学、应用统计、应用统计学、数理统计、数理统计学； 经济学、经济统计学、理论经济学、国民经济学、区域经济学、产业经济学、应用经济学、数量经济学； 数学，应用数学，计算数学、概率论与数理统计、数据科学、大数据科学与应用、大数据统计
学历要求：仅限硕士研究生
学位要求：硕士
政治面貌：不限
基层工作经历：无限制
考试类别：中央机关及其省级直属机构综合管理类
备注：1.本职位专业要求均为专业目录中的专业名称，须以最高学历主修专业报考，报考专业须与招录专业名称一致。2.企业人员应有合同及社保缴费记录。3.本单位最低服务年限为5年（含试用期）。","https://www.xjhc.gov.cn/xjhc/c116834/202410/a29382e11a674da3be3353af65f9fcc5.shtml#137111-400110111006","2024-10-14","{""dataset_year"":2025,""job_uid"":""GOV-2025-137111-400110111006"",""publisher"":""国家公务员局"",""publication_page"":""https://www.xjhc.gov.cn/xjhc/c116834/202410/a29382e11a674da3be3353af65f9fcc5.shtml"",""attachment_url"":""https://www.xjhc.gov.cn/xjhc/c116834/202410/a29382e11a674da3be3353af65f9fcc5/files/0536cef86e2b46ddad6aae5a3780089e.xls"",""local_source_file"":""2025_guokao_zhaokaojianzhang.xls"",""local_source_sha256"":""07ae6cab368cd21b7a1ac3e8150fe9a3d39ad5171ce76135ff3cccfe50c3e77e"",""source_sheet"":""中央国家行政机关参照公务员法管理事业单位"",""filter_version"":""government_tech_v2"",""tech_filter"":{""is_tech"":true,""is_core_tech"":true,""scope"":""core"",""categories"":[""computer_software"",""data_ai""],""matched_fields"":[""major"",""description""],""major_terms"":[""大数据"",""数据科学""],""role_terms"":[""数据处理""],""reason"":""tech_major_and_role""},""original"":{""部门代码"":""137111"",""部门名称"":""国家统计局浙江调查总队"",""用人司局"":""国家统计局浙江调查总队"",""机构性质"":""中央国家行政机关参照公务员法管理事业单位"",""招考职位"":""宁波调查队业务处室二级主任科员及以下（1）"",""职位属性"":""普通职位"",""职位分布"":""其他职位"",""职位简介"":""从事统计调查、数据处理、统计分析研究等工作"",""职位代码"":""400110111006"",""机构层级"":""省（副省）级"",""考试类别"":""中央机关及其省级直属机构综合管理类"",""招考人数"":""1"",""专业"":""统计学、应用统计、应用统计学、数理统计、数理统计学； 经济学、经济统计学、理论经济学、国民经济学、区域经济学、产业经济学、应用经济学、数量经济学； 数学，应用数学，计算数学、概率论与数理统计、数据科学、大数据科学与应用、大数据统计"",""学历"":""仅限硕士研究生"",""学位"":""硕士"",""政治面貌"":""不限"",""基层工作最低年限"":""无限制"",""服务基层项目工作经历"":""无限制"",""是否在面试阶段组织专业能力测试"":""否"",""面试人员比例"":""4:1"",""工作地点"":""浙江省宁波市鄞州区"",""落户地点"":""浙江省宁波市鄞州区"",""备注"":""1.本职位专业要求均为专业目录中的专业名称，须以最高学历主修专业报考，报考专业须与招录专业名称一致。2.企业人员应有合同及社保缴费记录。3.本单位最低服务年限为5年（含试用期）。"",""部门网站"":""zjzd.stats.gov.cn"",""咨询电话1"":""0571-89198661"",""咨询电话2"":""0571-89198659"",""咨询电话3"":"""",""来源Sheet"":""中央国家行政机关参照公务员法管理事业单位""}}"
"government_jobs","国家公务员2025招考简章","公务员/事业单位技术岗位","浙江省宁波市鄞州区","2026-07-28T09:12:58.310295+00:00","宁波调查队业务处室二级主任科员及以下（2）","国家统计局浙江调查总队","","浙江省宁波市鄞州区","公务员/事业单位;2025;computer_software;cybersecurity_cryptography;data_ai;仅限硕士研究生;硕士;计算机技术、计算机科学与技术、计算机网络与信息安全、数据科学和信息技术、计算机软件与理论、计算机应用技术;中央机关及其省级直属机构综合管理类","用人司局：国家统计局浙江调查总队
职位简介：从事计算机应用管理、网络管理、数据处理等工作
专业要求：计算机技术、计算机科学与技术、计算机网络与信息安全、数据科学和信息技术、计算机软件与理论、计算机应用技术
学历要求：仅限硕士研究生
学位要求：硕士
政治面貌：不限
基层工作经历：无限制
考试类别：中央机关及其省级直属机构综合管理类
备注：1.本职位专业要求均为专业目录中的专业名称，须以最高学历主修专业报考，报考专业须与招录专业名称一致。2.企业人员应有合同及社保缴费记录。3.本单位最低服务年限为5年（含试用期）。","https://www.xjhc.gov.cn/xjhc/c116834/202410/a29382e11a674da3be3353af65f9fcc5.shtml#137111-400110111007","2024-10-14","{""dataset_year"":2025,""job_uid"":""GOV-2025-137111-400110111007"",""publisher"":""国家公务员局"",""publication_page"":""https://www.xjhc.gov.cn/xjhc/c116834/202410/a29382e11a674da3be3353af65f9fcc5.shtml"",""attachment_url"":""https://www.xjhc.gov.cn/xjhc/c116834/202410/a29382e11a674da3be3353af65f9fcc5/files/0536cef86e2b46ddad6aae5a3780089e.xls"",""local_source_file"":""2025_guokao_zhaokaojianzhang.xls"",""local_source_sha256"":""07ae6cab368cd21b7a1ac3e8150fe9a3d39ad5171ce76135ff3cccfe50c3e77e"",""source_sheet"":""中央国家行政机关参照公务员法管理事业单位"",""filter_version"":""government_tech_v2"",""tech_filter"":{""is_tech"":true,""is_core_tech"":true,""scope"":""core"",""categories"":[""computer_software"",""cybersecurity_cryptography"",""data_ai""],""matched_fields"":[""major"",""description""],""major_terms"":[""信息安全"",""数据科学"",""计算机"",""计算机技术"",""计算机科学与技术""],""role_terms"":[""数据处理"",""网络管理"",""计算机""],""reason"":""tech_major_and_role""},""original"":{""部门代码"":""137111"",""部门名称"":""国家统计局浙江调查总队"",""用人司局"":""国家统计局浙江调查总队"",""机构性质"":""中央国家行政机关参照公务员法管理事业单位"",""招考职位"":""宁波调查队业务处室二级主任科员及以下（2）"",""职位属性"":""普通职位"",""职位分布"":""其他职位"",""职位简介"":""从事计算机应用管理、网络管理、数据处理等工作"",""职位代码"":""400110111007"",""机构层级"":""省（副省）级"",""考试类别"":""中央机关及其省级直属机构综合管理类"",""招考人数"":""1"",""专业"":""计算机技术、计算机科学与技术、计算机网络与信息安全、数据科学和信息技术、计算机软件与理论、计算机应用技术"",""学历"":""仅限硕士研究生"",""学位"":""硕士"",""政治面貌"":""不限"",""基层工作最低年限"":""无限制"",""服务基层项目工作经历"":""无限制"",""是否在面试阶段组织专业能力测试"":""否"",""面试人员比例"":""4:1"",""工作地点"":""浙江省宁波市鄞州区"",""落户地点"":""浙江省宁波市鄞州区"",""备注"":""1.本职位专业要求均为专业目录中的专业名称，须以最高学历主修专业报考，报考专业须与招录专业名称一致。2.企业人员应有合同及社保缴费记录。3.本单位最低服务年限为5年（含试用期）。"",""部门网站"":""zjzd.stats.gov.cn"",""咨询电话1"":""0571-89198661"",""咨询电话2"":""0571-89198659"",""咨询电话3"":"""",""来源Sheet"":""中央国家行政机关参照公务员法管理事业单位""}}"
"government_jobs","国家公务员2025招考简章","公务员/事业单位技术岗位","浙江省嘉兴市南湖区","2026-07-28T09:12:58.310295+00:00","嘉兴调查队业务处室二级主任科员及以下","国家统计局浙江调查总队","","浙江省嘉兴市南湖区","公务员/事业单位;2025;computer_software;cybersecurity_cryptography;data_ai;本科及以上;与最高学历相对应的学位;统计学、应用统计、应用统计学、数理统计、数理统计学； 经济学、国民经济学、经济统计学、产业经济学、数量经济学； 数学、应用数学、计算数学、数据科学、大数据科学与应用；计算机科学与技术、信息安全、电子与计算机工程、数据科学与大数据技术;市（地）级及以下直属机构综合管理类","用人司局：国家统计局浙江调查总队
职位简介：从事统计调查、数据处理、统计分析研究等工作
专业要求：统计学、应用统计、应用统计学、数理统计、数理统计学； 经济学、国民经济学、经济统计学、产业经济学、数量经济学； 数学、应用数学、计算数学、数据科学、大数据科学与应用；计算机科学与技术、信息安全、电子与计算机工程、数据科学与大数据技术
学历要求：本科及以上
学位要求：与最高学历相对应的学位
政治面貌：中共党员
基层工作经历：无限制
考试类别：市（地）级及以下直属机构综合管理类
备注：1.本职位专业要求均为专业目录中的专业名称，须以最高学历主修专业报考，报考专业须与招录专业名称一致。2.限招2025届高校毕业生。3.需使用本地方言开展工作，限懂嘉兴当地方言（嘉兴地区学习生活工作2年以上）。4.本单位最低服务年限为5年（含试用期）。","https://www.xjhc.gov.cn/xjhc/c116834/202410/a29382e11a674da3be3353af65f9fcc5.shtml#137111-400110111010","2024-10-14","{""dataset_year"":2025,""job_uid"":""GOV-2025-137111-400110111010"",""publisher"":""国家公务员局"",""publication_page"":""https://www.xjhc.gov.cn/xjhc/c116834/202410/a29382e11a674da3be3353af65f9fcc5.shtml"",""attachment_url"":""https://www.xjhc.gov.cn/xjhc/c116834/202410/a29382e11a674da3be3353af65f9fcc5/files/0536cef86e2b46ddad6aae5a3780089e.xls"",""local_source_file"":""2025_guokao_zhaokaojianzhang.xls"",""local_source_sha256"":""07ae6cab368cd21b7a1ac3e8150fe9a3d39ad5171ce76135ff3cccfe50c3e77e"",""source_sheet"":""中央国家行政机关参照公务员法管理事业单位"",""filter_version"":""government_tech_v2"",""tech_filter"":{""is_tech"":true,""is_core_tech"":true,""scope"":""core"",""categories"":[""computer_software"",""cybersecurity_cryptography"",""data_ai""],""matched_fields"":[""major"",""description""],""major_terms"":[""信息安全"",""大数据"",""数据科学"",""数据科学与大数据技术"",""计算机"",""计算机科学与技术""],""role_terms"":[""数据处理""],""reason"":""tech_major_and_role""},""original"":{""部门代码"":""137111"",""部门名称"":""国家统计局浙江调查总队"",""用人司局"":""国家统计局浙江调查总队"",""机构性质"":""中央国家行政机关参照公务员法管理事业单位"",""招考职位"":""嘉兴调查队业务处室二级主任科员及以下"",""职位属性"":""普通职位"",""职位分布"":""其他职位"",""职位简介"":""从事统计调查、数据处理、统计分析研究等工作"",""职位代码"":""400110111010"",""机构层级"":""市（地）级"",""考试类别"":""市（地）级及以下直属机构综合管理类"",""招考人数"":""1"",""专业"":""统计学、应用统计、应用统计学、数理统计、数理统计学； 经济学、国民经济学、经济统计学、产业经济学、数量经济学； 数学、应用数学、计算数学、数据科学、大数据科学与应用；计算机科学与技术、信息安全、电子与计算机工程、数据科学与大数据技术"",""学历"":""本科及以上"",""学位"":""与最高学历相对应的学位"",""政治面貌"":""中共党员"",""基层工作最低年限"":""无限制"",""服务基层项目工作经历"":""无限制"",""是否在面试阶段组织专业能力测试"":""否"",""面试人员比例"":""3:1"",""工作地点"":""浙江省嘉兴市南湖区"",""落户地点"":""浙江省嘉兴市南湖区"",""备注"":""1.本职位专业要求均为专业目录中的专业名称，须以最高学历主修专业报考，报考专业须与招录专业名称一致。2.限招2025届高校毕业生。3.需使用本地方言开展工作，限懂嘉兴当地方言（嘉兴地区学习生活工作2年以上）。4.本单位最低服务年限为5年（含试用期）。"",""部门网站"":""zjzd.stats.gov.cn"",""咨询电话1"":""0571-89198661"",""咨询电话2"":""0571-89198659"",""咨询电话3"":"""",""来源Sheet"":""中央国家行政机关参照公务员法管理事业单位""}}"
"government_jobs","国家公务员2025招考简章","公务员/事业单位技术岗位","浙江省金华市婺城区","2026-07-28T09:12:58.310295+00:00","金华调查队业务处室一级科员（1）","国家统计局浙江调查总队","","浙江省金华市婺城区","公务员/事业单位;2025;computer_software;data_ai;仅限本科;学士;统计学、应用统计学；经济学、经济统计学、国民经济管理；数学与应用数学、信息与计算科学、数据计算及应用；数据科学与大数据技术;市（地）级及以下直属机构综合管理类","用人司局：国家统计局浙江调查总队
职位简介：从事统计调查、数据处理、统计分析研究等工作
专业要求：统计学、应用统计学；经济学、经济统计学、国民经济管理；数学与应用数学、信息与计算科学、数据计算及应用；数据科学与大数据技术
学历要求：仅限本科
学位要求：学士
政治面貌：不限
基层工作经历：无限制
考试类别：市（地）级及以下直属机构综合管理类
备注：1.本职位专业要求均为专业目录中的专业名称，须以最高学历主修专业报考，报考专业须与招录专业名称一致。2.限招应届高校毕业生。3.需使用本地方言开展工作，限懂金华当地方言（金华地区学习生活工作2年以上）。4.本单位最低服务年限为5年（含试用期）。5.仅限男性报考。","https://www.xjhc.gov.cn/xjhc/c116834/202410/a29382e11a674da3be3353af65f9fcc5.shtml#137111-400110111012","2024-10-14","{""dataset_year"":2025,""job_uid"":""GOV-2025-137111-400110111012"",""publisher"":""国家公务员局"",""publication_page"":""https://www.xjhc.gov.cn/xjhc/c116834/202410/a29382e11a674da3be3353af65f9fcc5.shtml"",""attachment_url"":""https://www.xjhc.gov.cn/xjhc/c116834/202410/a29382e11a674da3be3353af65f9fcc5/files/0536cef86e2b46ddad6aae5a3780089e.xls"",""local_source_file"":""2025_guokao_zhaokaojianzhang.xls"",""local_source_sha256"":""07ae6cab368cd21b7a1ac3e8150fe9a3d39ad5171ce76135ff3cccfe50c3e77e"",""source_sheet"":""中央国家行政机关参照公务员法管理事业单位"",""filter_version"":""government_tech_v2"",""tech_filter"":{""is_tech"":true,""is_core_tech"":true,""scope"":""core"",""categories"":[""computer_software"",""data_ai""],""matched_fields"":[""major"",""description""],""major_terms"":[""大数据"",""数据科学与大数据技术""],""role_terms"":[""数据处理""],""reason"":""tech_major_and_role""},""original"":{""部门代码"":""137111"",""部门名称"":""国家统计局浙江调查总队"",""用人司局"":""国家统计局浙江调查总队"",""机构性质"":""中央国家行政机关参照公务员法管理事业单位"",""招考职位"":""金华调查队业务处室一级科员（1）"",""职位属性"":""普通职位"",""职位分布"":""其他职位"",""职位简介"":""从事统计调查、数据处理、统计分析研究等工作"",""职位代码"":""400110111012"",""机构层级"":""市（地）级"",""考试类别"":""市（地）级及以下直属机构综合管理类"",""招考人数"":""1"",""专业"":""统计学、应用统计学；经济学、经济统计学、国民经济管理；数学与应用数学、信息与计算科学、数据计算及应用；数据科学与大数据技术"",""学历"":""仅限本科"",""学位"":""学士"",""政治面貌"":""不限"",""基层工作最低年限"":""无限制"",""服务基层项目工作经历"":""无限制"",""是否在面试阶段组织专业能力测试"":""否"",""面试人员比例"":""3:1"",""工作地点"":""浙江省金华市婺城区"",""落户地点"":""浙江省金华市婺城区"",""备注"":""1.本职位专业要求均为专业目录中的专业名称，须以最高学历主修专业报考，报考专业须与招录专业名称一致。2.限招应届高校毕业生。3.需使用本地方言开展工作，限懂金华当地方言（金华地区学习生活工作2年以上）。4.本单位最低服务年限为5年（含试用期）。5.仅限男性报考。"",""部门网站"":""zjzd.stats.gov.cn"",""咨询电话1"":""0571-89198661"",""咨询电话2"":""0571-89198659"",""咨询电话3"":"""",""来源Sheet"":""中央国家行政机关参照公务员法管理事业单位""}}"
"government_jobs","国家公务员2025招考简章","公务员/事业单位技术岗位","浙江省金华市婺城区","2026-07-28T09:12:58.310295+00:00","金华调查队业务处室一级科员（2）","国家统计局浙江调查总队","","浙江省金华市婺城区","公务员/事业单位;2025;computer_software;data_ai;仅限本科;学士;统计学、应用统计学；经济学、经济统计学、国民经济管理；数学与应用数学、信息与计算科学、数据计算及应用；数据科学与大数据技术;市（地）级及以下直属机构综合管理类","用人司局：国家统计局浙江调查总队
职位简介：从事统计调查、数据处理、统计分析研究等工作
专业要求：统计学、应用统计学；经济学、经济统计学、国民经济管理；数学与应用数学、信息与计算科学、数据计算及应用；数据科学与大数据技术
学历要求：仅限本科
学位要求：学士
政治面貌：不限
基层工作经历：无限制
考试类别：市（地）级及以下直属机构综合管理类
备注：1.本职位专业要求均为专业目录中的专业名称，须以最高学历主修专业报考，报考专业须与招录专业名称一致。2.限招应届高校毕业生。3.需使用本地方言开展工作，限懂金华当地方言（金华地区学习生活工作2年以上）。4.本单位最低服务年限为5年（含试用期）。5.仅限女性报考。","https://www.xjhc.gov.cn/xjhc/c116834/202410/a29382e11a674da3be3353af65f9fcc5.shtml#137111-400110111013","2024-10-14","{""dataset_year"":2025,""job_uid"":""GOV-2025-137111-400110111013"",""publisher"":""国家公务员局"",""publication_page"":""https://www.xjhc.gov.cn/xjhc/c116834/202410/a29382e11a674da3be3353af65f9fcc5.shtml"",""attachment_url"":""https://www.xjhc.gov.cn/xjhc/c116834/202410/a29382e11a674da3be3353af65f9fcc5/files/0536cef86e2b46ddad6aae5a3780089e.xls"",""local_source_file"":""2025_guokao_zhaokaojianzhang.xls"",""local_source_sha256"":""07ae6cab368cd21b7a1ac3e8150fe9a3d39ad5171ce76135ff3cccfe50c3e77e"",""source_sheet"":""中央国家行政机关参照公务员法管理事业单位"",""filter_version"":""government_tech_v2"",""tech_filter"":{""is_tech"":true,""is_core_tech"":true,""scope"":""core"",""categories"":[""computer_software"",""data_ai""],""matched_fields"":[""major"",""description""],""major_terms"":[""大数据"",""数据科学与大数据技术""],""role_terms"":[""数据处理""],""reason"":""tech_major_and_role""},""original"":{""部门代码"":""137111"",""部门名称"":""国家统计局浙江调查总队"",""用人司局"":""国家统计局浙江调查总队"",""机构性质"":""中央国家行政机关参照公务员法管理事业单位"",""招考职位"":""金华调查队业务处室一级科员（2）"",""职位属性"":""普通职位"",""职位分布"":""其他职位"",""职位简介"":""从事统计调查、数据处理、统计分析研究等工作"",""职位代码"":""400110111013"",""机构层级"":""市（地）级"",""考试类别"":""市（地）级及以下直属机构综合管理类"",""招考人数"":""1"",""专业"":""统计学、应用统计学；经济学、经济统计学、国民经济管理；数学与应用数学、信息与计算科学、数据计算及应用；数据科学与大数据技术"",""学历"":""仅限本科"",""学位"":""学士"",""政治面貌"":""不限"",""基层工作最低年限"":""无限制"",""服务基层项目工作经历"":""无限制"",""是否在面试阶段组织专业能力测试"":""否"",""面试人员比例"":""3:1"",""工作地点"":""浙江省金华市婺城区"",""落户地点"":""浙江省金华市婺城区"",""备注"":""1.本职位专业要求均为专业目录中的专业名称，须以最高学历主修专业报考，报考专业须与招录专业名称一致。2.限招应届高校毕业生。3.需使用本地方言开展工作，限懂金华当地方言（金华地区学习生活工作2年以上）。4.本单位最低服务年限为5年（含试用期）。5.仅限女性报考。"",""部门网站"":""zjzd.stats.gov.cn"",""咨询电话1"":""0571-89198661"",""咨询电话2"":""0571-89198659"",""咨询电话3"":"""",""来源Sheet"":""中央国家行政机关参照公务员法管理事业单位""}}"
"government_jobs","国家公务员2025招考简章","公务员/事业单位技术岗位","浙江省金华市婺城区","2026-07-28T09:12:58.310295+00:00","金华调查队业务处室四级主任科员及以下","国家统计局浙江调查总队","","浙江省金华市婺城区","公务员/事业单位;2025;data_ai;仅限本科;学士;统计学、应用统计学；经济统计学；数学与应用数学、信息与计算科学、数据计算及应用;市（地）级及以下直属机构综合管理类","用人司局：国家统计局浙江调查总队
职位简介：从事统计调查、数据处理、统计分析研究等工作
专业要求：统计学、应用统计学；经济统计学；数学与应用数学、信息与计算科学、数据计算及应用
学历要求：仅限本科
学位要求：学士
政治面貌：中共党员
基层工作经历：二年
考试类别：市（地）级及以下直属机构综合管理类
备注：1.本职位专业要求均为专业目录中的专业名称，服务期满考核合格的大学生村官报考，须以最高学历主修专业报考，报考专业须与招录专业名称一致。2.需使用本地方言开展工作，限懂金华当地方言（金华地区学习生活工作2年以上）。3.本单位最低服务年限为5年（含试用期）。","https://www.xjhc.gov.cn/xjhc/c116834/202410/a29382e11a674da3be3353af65f9fcc5.shtml#137111-400110111014","2024-10-14","{""dataset_year"":2025,""job_uid"":""GOV-2025-137111-400110111014"",""publisher"":""国家公务员局"",""publication_page"":""https://www.xjhc.gov.cn/xjhc/c116834/202410/a29382e11a674da3be3353af65f9fcc5.shtml"",""attachment_url"":""https://www.xjhc.gov.cn/xjhc/c116834/202410/a29382e11a674da3be3353af65f9fcc5/files/0536cef86e2b46ddad6aae5a3780089e.xls"",""local_source_file"":""2025_guokao_zhaokaojianzhang.xls"",""local_source_sha256"":""07ae6cab368cd21b7a1ac3e8150fe9a3d39ad5171ce76135ff3cccfe50c3e77e"",""source_sheet"":""中央国家行政机关参照公务员法管理事业单位"",""filter_version"":""government_tech_v2"",""tech_filter"":{""is_tech"":true,""is_core_tech"":true,""scope"":""core"",""categories"":[""data_ai""],""matched_fields"":[""description""],""major_terms"":[],""role_terms"":[""数据处理""],""reason"":""tech_role""},""original"":{""部门代码"":""137111"",""部门名称"":""国家统计局浙江调查总队"",""用人司局"":""国家统计局浙江调查总队"",""机构性质"":""中央国家行政机关参照公务员法管理事业单位"",""招考职位"":""金华调查队业务处室四级主任科员及以下"",""职位属性"":""普通职位"",""职位分布"":""其他职位"",""职位简介"":""从事统计调查、数据处理、统计分析研究等工作"",""职位代码"":""400110111014"",""机构层级"":""市（地）级"",""考试类别"":""市（地）级及以下直属机构综合管理类"",""招考人数"":""1"",""专业"":""统计学、应用统计学；经济统计学；数学与应用数学、信息与计算科学、数据计算及应用"",""学历"":""仅限本科"",""学位"":""学士"",""政治面貌"":""中共党员"",""基层工作最低年限"":""二年"",""服务基层项目工作经历"":""大学生村官"",""是否在面试阶段组织专业能力测试"":""否"",""面试人员比例"":""3:1"",""工作地点"":""浙江省金华市婺城区"",""落户地点"":""浙江省金华市婺城区"",""备注"":""1.本职位专业要求均为专业目录中的专业名称，服务期满考核合格的大学生村官报考，须以最高学历主修专业报考，报考专业须与招录专业名称一致。2.需使用本地方言开展工作，限懂金华当地方言（金华地区学习生活工作2年以上）。3.本单位最低服务年限为5年（含试用期）。"",""部门网站"":""zjzd.stats.gov.cn"",""咨询电话1"":""0571-89198661"",""咨询电话2"":""0571-89198659"",""咨询电话3"":"""",""来源Sheet"":""中央国家行政机关参照公务员法管理事业单位""}}"
"government_jobs","国家公务员2025招考简章","公务员/事业单位技术岗位","浙江省舟山市定海区","2026-07-28T09:12:58.310295+00:00","舟山调查队业务处室四级主任科员及以下","国家统计局浙江调查总队","","浙江省舟山市定海区","公务员/事业单位;2025;computer_software;cybersecurity_cryptography;data_ai;仅限本科;学士;统计学、应用统计学；经济学、经济统计学；数学与应用数学、信息与计算科学；计算机科学与技术、软件工程、网络工程、信息安全、电子与计算机工程、数据科学与大数据技术、法学;市（地）级及以下直属机构综合管理类","用人司局：国家统计局浙江调查总队
职位简介：从事入户入企调查、数据处理、统计分析研究等工作
专业要求：统计学、应用统计学；经济学、经济统计学；数学与应用数学、信息与计算科学；计算机科学与技术、软件工程、网络工程、信息安全、电子与计算机工程、数据科学与大数据技术、法学
学历要求：仅限本科
学位要求：学士
政治面貌：不限
基层工作经历：无限制
考试类别：市（地）级及以下直属机构综合管理类
备注：1.本职位专业要求均为专业目录中的专业名称，须以最高学历主修专业报考，报考专业须与招录专业名称一致。2.企业人员应有合同及社保缴费记录。3.本单位最低服务年限为5年（含试用期）。","https://www.xjhc.gov.cn/xjhc/c116834/202410/a29382e11a674da3be3353af65f9fcc5.shtml#137111-400110111017","2024-10-14","{""dataset_year"":2025,""job_uid"":""GOV-2025-137111-400110111017"",""publisher"":""国家公务员局"",""publication_page"":""https://www.xjhc.gov.cn/xjhc/c116834/202410/a29382e11a674da3be3353af65f9fcc5.shtml"",""attachment_url"":""https://www.xjhc.gov.cn/xjhc/c116834/202410/a29382e11a674da3be3353af65f9fcc5/files/0536cef86e2b46ddad6aae5a3780089e.xls"",""local_source_file"":""2025_guokao_zhaokaojianzhang.xls"",""local_source_sha256"":""07ae6cab368cd21b7a1ac3e8150fe9a3d39ad5171ce76135ff3cccfe50c3e77e"",""source_sheet"":""中央国家行政机关参照公务员法管理事业单位"",""filter_version"":""government_tech_v2"",""tech_filter"":{""is_tech"":true,""is_core_tech"":true,""scope"":""core"",""categories"":[""computer_software"",""cybersecurity_cryptography"",""data_ai""],""matched_fields"":[""major"",""description""],""major_terms"":[""信息安全"",""大数据"",""数据科学与大数据技术"",""网络工程"",""计算机"",""计算机科学与技术"",""软件工程""],""role_terms"":[""数据处理""],""reason"":""tech_major_and_role""},""original"":{""部门代码"":""137111"",""部门名称"":""国家统计局浙江调查总队"",""用人司局"":""国家统计局浙江调查总队"",""机构性质"":""中央国家行政机关参照公务员法管理事业单位"",""招考职位"":""舟山调查队业务处室四级主任科员及以下"",""职位属性"":""普通职位"",""职位分布"":""其他职位"",""职位简介"":""从事入户入企调查、数据处理、统计分析研究等工作"",""职位代码"":""400110111017"",""机构层级"":""市（地）级"",""考试类别"":""市（地）级及以下直属机构综合管理类"",""招考人数"":""1"",""专业"":""统计学、应用统计学；经济学、经济统计学；数学与应用数学、信息与计算科学；计算机科学与技术、软件工程、网络工程、信息安全、电子与计算机工程、数据科学与大数据技术、法学"",""学历"":""仅限本科"",""学位"":""学士"",""政治面貌"":""不限"",""基层工作最低年限"":""无限制"",""服务基层项目工作经历"":""无限制"",""是否在面试阶段组织专业能力测试"":""否"",""面试人员比例"":""3:1"",""工作地点"":""浙江省舟山市定海区"",""落户地点"":""浙江省舟山市定海区"",""备注"":""1.本职位专业要求均为专业目录中的专业名称，须以最高学历主修专业报考，报考专业须与招录专业名称一致。2.企业人员应有合同及社保缴费记录。3.本单位最低服务年限为5年（含试用期）。"",""部门网站"":""zjzd.stats.gov.cn"",""咨询电话1"":""0571-89198661"",""咨询电话2"":""0571-89198659"",""咨询电话3"":"""",""来源Sheet"":""中央国家行政机关参照公务员法管理事业单位""}}"
"government_jobs","国家公务员2025招考简章","公务员/事业单位技术岗位","浙江省台州市椒江区","2026-07-28T09:12:58.310295+00:00","台州调查队业务处室二级主任科员及以下（1）","国家统计局浙江调查总队","","浙江省台州市椒江区","公务员/事业单位;2025;computer_software;data_ai;electronics_communication;本科或硕士研究生;与最高学历相对应的学位;统计学、应用统计、应用统计学、经济统计学、数理统计学、大数据统计；数量经济学；数据科学与大数据技术、大数据科学与应用；应用数学、数学与应用数学、数据计算及应用；计算机科学与技术、计算机应用技术、电子信息;市（地）级及以下直属机构综合管理类","用人司局：国家统计局浙江调查总队
职位简介：从事统计调查、数据处理、统计分析研究、计算机应用管理等工作
专业要求：统计学、应用统计、应用统计学、经济统计学、数理统计学、大数据统计；数量经济学；数据科学与大数据技术、大数据科学与应用；应用数学、数学与应用数学、数据计算及应用；计算机科学与技术、计算机应用技术、电子信息
学历要求：本科或硕士研究生
学位要求：与最高学历相对应的学位
政治面貌：中共党员
基层工作经历：无限制
考试类别：市（地）级及以下直属机构综合管理类
备注：1.本职位专业要求均为专业目录中的专业名称，须以最高学历主修专业报考，报考专业须与招录专业名称一致。2.限招应届高校毕业生；3.需使用本地方言开展工作，限懂台州当地方言（台州地区学习生活工作2年以上）。4.本单位最低服务年限为5年（含试用期）。","https://www.xjhc.gov.cn/xjhc/c116834/202410/a29382e11a674da3be3353af65f9fcc5.shtml#137111-400110111018","2024-10-14","{""dataset_year"":2025,""job_uid"":""GOV-2025-137111-400110111018"",""publisher"":""国家公务员局"",""publication_page"":""https://www.xjhc.gov.cn/xjhc/c116834/202410/a29382e11a674da3be3353af65f9fcc5.shtml"",""attachment_url"":""https://www.xjhc.gov.cn/xjhc/c116834/202410/a29382e11a674da3be3353af65f9fcc5/files/0536cef86e2b46ddad6aae5a3780089e.xls"",""local_source_file"":""2025_guokao_zhaokaojianzhang.xls"",""local_source_sha256"":""07ae6cab368cd21b7a1ac3e8150fe9a3d39ad5171ce76135ff3cccfe50c3e77e"",""source_sheet"":""中央国家行政机关参照公务员法管理事业单位"",""filter_version"":""government_tech_v2"",""tech_filter"":{""is_tech"":true,""is_core_tech"":true,""scope"":""core"",""categories"":[""computer_software"",""data_ai"",""electronics_communication""],""matched_fields"":[""major"",""description""],""major_terms"":[""大数据"",""数据科学"",""数据科学与大数据技术"",""电子信息"",""计算机"",""计算机科学与技术""],""role_terms"":[""数据处理"",""计算机""],""reason"":""tech_major_and_role""},""original"":{""部门代码"":""137111"",""部门名称"":""国家统计局浙江调查总队"",""用人司局"":""国家统计局浙江调查总队"",""机构性质"":""中央国家行政机关参照公务员法管理事业单位"",""招考职位"":""台州调查队业务处室二级主任科员及以下（1）"",""职位属性"":""普通职位"",""职位分布"":""其他职位"",""职位简介"":""从事统计调查、数据处理、统计分析研究、计算机应用管理等工作"",""职位代码"":""400110111018"",""机构层级"":""市（地）级"",""考试类别"":""市（地）级及以下直属机构综合管理类"",""招考人数"":""1"",""专业"":""统计学、应用统计、应用统计学、经济统计学、数理统计学、大数据统计；数量经济学；数据科学与大数据技术、大数据科学与应用；应用数学、数学与应用数学、数据计算及应用；计算机科学与技术、计算机应用技术、电子信息"",""学历"":""本科或硕士研究生"",""学位"":""与最高学历相对应的学位"",""政治面貌"":""中共党员"",""基层工作最低年限"":""无限制"",""服务基层项目工作经历"":""无限制"",""是否在面试阶段组织专业能力测试"":""否"",""面试人员比例"":""3:1"",""工作地点"":""浙江省台州市椒江区"",""落户地点"":""浙江省台州市椒江区"",""备注"":""1.本职位专业要求均为专业目录中的专业名称，须以最高学历主修专业报考，报考专业须与招录专业名称一致。2.限招应届高校毕业生；3.需使用本地方言开展工作，限懂台州当地方言（台州地区学习生活工作2年以上）。4.本单位最低服务年限为5年（含试用期）。"",""部门网站"":""zjzd.stats.gov.cn"",""咨询电话1"":""0571-89198661"",""咨询电话2"":""0571-89198659"",""咨询电话3"":"""",""来源Sheet"":""中央国家行政机关参照公务员法管理事业单位""}}"
"government_jobs","国家公务员2025招考简章","公务员/事业单位技术岗位","浙江省台州市椒江区","2026-07-28T09:12:58.310295+00:00","台州调查队业务处室四级主任科员及以下（2）","国家统计局浙江调查总队","","浙江省台州市椒江区","公务员/事业单位;2025;data_ai;仅限本科;学士;统计学、应用统计学；经济统计学；数学与应用数学、信息与计算科学、数据计算及应用;市（地）级及以下直属机构综合管理类","用人司局：国家统计局浙江调查总队
职位简介：从事统计调查、数据处理、统计分析研究等工作
专业要求：统计学、应用统计学；经济统计学；数学与应用数学、信息与计算科学、数据计算及应用
学历要求：仅限本科
学位要求：学士
政治面貌：中共党员
基层工作经历：二年
考试类别：市（地）级及以下直属机构综合管理类
备注：1.本职位专业要求均为专业目录中的专业名称，服务期满考核合格的大学生村官报考，须以最高学历主修专业报考，报考专业须与招录专业名称一致。3.需使用本地方言开展工作，限懂台州当地方言（台州地区学习生活工作2年以上）。4.本单位最低服务年限为5年（含试用期）。","https://www.xjhc.gov.cn/xjhc/c116834/202410/a29382e11a674da3be3353af65f9fcc5.shtml#137111-400110111019","2024-10-14","{""dataset_year"":2025,""job_uid"":""GOV-2025-137111-400110111019"",""publisher"":""国家公务员局"",""publication_page"":""https://www.xjhc.gov.cn/xjhc/c116834/202410/a29382e11a674da3be3353af65f9fcc5.shtml"",""attachment_url"":""https://www.xjhc.gov.cn/xjhc/c116834/202410/a29382e11a674da3be3353af65f9fcc5/files/0536cef86e2b46ddad6aae5a3780089e.xls"",""local_source_file"":""2025_guokao_zhaokaojianzhang.xls"",""local_source_sha256"":""07ae6cab368cd21b7a1ac3e8150fe9a3d39ad5171ce76135ff3cccfe50c3e77e"",""source_sheet"":""中央国家行政机关参照公务员法管理事业单位"",""filter_version"":""government_tech_v2"",""tech_filter"":{""is_tech"":true,""is_core_tech"":true,""scope"":""core"",""categories"":[""data_ai""],""matched_fields"":[""description""],""major_terms"":[],""role_terms"":[""数据处理""],""reason"":""tech_role""},""original"":{""部门代码"":""137111"",""部门名称"":""国家统计局浙江调查总队"",""用人司局"":""国家统计局浙江调查总队"",""机构性质"":""中央国家行政机关参照公务员法管理事业单位"",""招考职位"":""台州调查队业务处室四级主任科员及以下（2）"",""职位属性"":""普通职位"",""职位分布"":""其他职位"",""职位简介"":""从事统计调查、数据处理、统计分析研究等工作"",""职位代码"":""400110111019"",""机构层级"":""市（地）级"",""考试类别"":""市（地）级及以下直属机构综合管理类"",""招考人数"":""1"",""专业"":""统计学、应用统计学；经济统计学；数学与应用数学、信息与计算科学、数据计算及应用"",""学历"":""仅限本科"",""学位"":""学士"",""政治面貌"":""中共党员"",""基层工作最低年限"":""二年"",""服务基层项目工作经历"":""大学生村官"",""是否在面试阶段组织专业能力测试"":""否"",""面试人员比例"":""3:1"",""工作地点"":""浙江省台州市椒江区"",""落户地点"":""浙江省台州市椒江区"",""备注"":""1.本职位专业要求均为专业目录中的专业名称，服务期满考核合格的大学生村官报考，须以最高学历主修专业报考，报考专业须与招录专业名称一致。3.需使用本地方言开展工作，限懂台州当地方言（台州地区学习生活工作2年以上）。4.本单位最低服务年限为5年（含试用期）。"",""部门网站"":""zjzd.stats.gov.cn"",""咨询电话1"":""0571-89198661"",""咨询电话2"":""0571-89198659"",""咨询电话3"":"""",""来源Sheet"":""中央国家行政机关参照公务员法管理事业单位""}}"
"government_jobs","国家公务员2025招考简章","公务员/事业单位技术岗位","浙江省宁波市鄞州区","2026-07-28T09:12:58.310295+00:00","鄞州调查队一级科员","国家统计局浙江调查总队","","浙江省宁波市鄞州区","公务员/事业单位;2025;computer_software;data_ai;仅限本科;学士;统计学、应用统计学；数学与应用数学、信息与计算科学、数据计算及应用；计算机科学与技术；汉语言、汉语言文学、应用中文;市（地）级及以下直属机构综合管理类","用人司局：国家统计局浙江调查总队
职位简介：从事一线入户调查、数据处理、统计分析研究、文稿撰写等工作
专业要求：统计学、应用统计学；数学与应用数学、信息与计算科学、数据计算及应用；计算机科学与技术；汉语言、汉语言文学、应用中文
学历要求：仅限本科
学位要求：学士
政治面貌：不限
基层工作经历：无限制
考试类别：市（地）级及以下直属机构综合管理类
备注：1.本职位专业要求均为专业目录中的专业名称，须以最高学历主修专业报考，报考专业须与招录专业名称一致。2.限招应届高校毕业生。3.需使用本地方言开展工作，限懂宁波当地方言（宁波地区学习生活工作2年以上）。4.本单位最低服务年限为5年（含试用期）。","https://www.xjhc.gov.cn/xjhc/c116834/202410/a29382e11a674da3be3353af65f9fcc5.shtml#137111-400110111021","2024-10-14","{""dataset_year"":2025,""job_uid"":""GOV-2025-137111-400110111021"",""publisher"":""国家公务员局"",""publication_page"":""https://www.xjhc.gov.cn/xjhc/c116834/202410/a29382e11a674da3be3353af65f9fcc5.shtml"",""attachment_url"":""https://www.xjhc.gov.cn/xjhc/c116834/202410/a29382e11a674da3be3353af65f9fcc5/files/0536cef86e2b46ddad6aae5a3780089e.xls"",""local_source_file"":""2025_guokao_zhaokaojianzhang.xls"",""local_source_sha256"":""07ae6cab368cd21b7a1ac3e8150fe9a3d39ad5171ce76135ff3cccfe50c3e77e"",""source_sheet"":""中央国家行政机关参照公务员法管理事业单位"",""filter_version"":""government_tech_v2"",""tech_filter"":{""is_tech"":true,""is_core_tech"":true,""scope"":""core"",""categories"":[""computer_software"",""data_ai""],""matched_fields"":[""major"",""description""],""major_terms"":[""计算机科学与技术""],""role_terms"":[""数据处理""],""reason"":""tech_major_and_role""},""original"":{""部门代码"":""137111"",""部门名称"":""国家统计局浙江调查总队"",""用人司局"":""国家统计局浙江调查总队"",""机构性质"":""中央国家行政机关参照公务员法管理事业单位"",""招考职位"":""鄞州调查队一级科员"",""职位属性"":""普通职位"",""职位分布"":""其他职位"",""职位简介"":""从事一线入户调查、数据处理、统计分析研究、文稿撰写等工作"",""职位代码"":""400110111021"",""机构层级"":""县（区）级及以下"",""考试类别"":""市（地）级及以下直属机构综合管理类"",""招考人数"":""1"",""专业"":""统计学、应用统计学；数学与应用数学、信息与计算科学、数据计算及应用；计算机科学与技术；汉语言、汉语言文学、应用中文"",""学历"":""仅限本科"",""学位"":""学士"",""政治面貌"":""不限"",""基层工作最低年限"":""无限制"",""服务基层项目工作经历"":""无限制"",""是否在面试阶段组织专业能力测试"":""否"",""面试人员比例"":""3:1"",""工作地点"":""浙江省宁波市鄞州区"",""落户地点"":""浙江省宁波市鄞州区"",""备注"":""1.本职位专业要求均为专业目录中的专业名称，须以最高学历主修专业报考，报考专业须与招录专业名称一致。2.限招应届高校毕业生。3.需使用本地方言开展工作，限懂宁波当地方言（宁波地区学习生活工作2年以上）。4.本单位最低服务年限为5年（含试用期）。"",""部门网站"":""zjzd.stats.gov.cn"",""咨询电话1"":""0571-89198661"",""咨询电话2"":""0571-89198659"",""咨询电话3"":"""",""来源Sheet"":""中央国家行政机关参照公务员法管理事业单位""}}"
"government_jobs","国家公务员2025招考简章","公务员/事业单位技术岗位","浙江省温州市瑞安市","2026-07-28T09:12:58.310295+00:00","瑞安调查队一级科员","国家统计局浙江调查总队","","浙江省温州市瑞安市","公务员/事业单位;2025;computer_software;data_ai;仅限本科;学士;统计学、应用统计学；经济统计学；数学与应用数学、信息与计算科学；数据计算及应用、数据科学与大数据技术;市（地）级及以下直属机构综合管理类","用人司局：国家统计局浙江调查总队
职位简介：从事一线入户调查、数据处理、统计分析研究等工作
专业要求：统计学、应用统计学；经济统计学；数学与应用数学、信息与计算科学；数据计算及应用、数据科学与大数据技术
学历要求：仅限本科
学位要求：学士
政治面貌：中共党员
基层工作经历：无限制
考试类别：市（地）级及以下直属机构综合管理类
备注：1.本职位专业要求均为专业目录中的专业名称，须以最高学历主修专业报考，报考专业须与招录专业名称一致。2.企业人员应有合同及社保缴费记录。3.需使用本地方言开展工作，限懂温州当地方言（温州地区学习生活工作2年以上）。4.本单位最低服务年限为5年（含试用期）。","https://www.xjhc.gov.cn/xjhc/c116834/202410/a29382e11a674da3be3353af65f9fcc5.shtml#137111-400110111022","2024-10-14","{""dataset_year"":2025,""job_uid"":""GOV-2025-137111-400110111022"",""publisher"":""国家公务员局"",""publication_page"":""https://www.xjhc.gov.cn/xjhc/c116834/202410/a29382e11a674da3be3353af65f9fcc5.shtml"",""attachment_url"":""https://www.xjhc.gov.cn/xjhc/c116834/202410/a29382e11a674da3be3353af65f9fcc5/files/0536cef86e2b46ddad6aae5a3780089e.xls"",""local_source_file"":""2025_guokao_zhaokaojianzhang.xls"",""local_source_sha256"":""07ae6cab368cd21b7a1ac3e8150fe9a3d39ad5171ce76135ff3cccfe50c3e77e"",""source_sheet"":""中央国家行政机关参照公务员法管理事业单位"",""filter_version"":""government_tech_v2"",""tech_filter"":{""is_tech"":true,""is_core_tech"":true,""scope"":""core"",""categories"":[""computer_software"",""data_ai""],""matched_fields"":[""major"",""description""],""major_terms"":[""大数据"",""数据科学与大数据技术""],""role_terms"":[""数据处理""],""reason"":""tech_major_and_role""},""original"":{""部门代码"":""137111"",""部门名称"":""国家统计局浙江调查总队"",""用人司局"":""国家统计局浙江调查总队"",""机构性质"":""中央国家行政机关参照公务员法管理事业单位"",""招考职位"":""瑞安调查队一级科员"",""职位属性"":""普通职位"",""职位分布"":""其他职位"",""职位简介"":""从事一线入户调查、数据处理、统计分析研究等工作"",""职位代码"":""400110111022"",""机构层级"":""县（区）级及以下"",""考试类别"":""市（地）级及以下直属机构综合管理类"",""招考人数"":""1"",""专业"":""统计学、应用统计学；经济统计学；数学与应用数学、信息与计算科学；数据计算及应用、数据科学与大数据技术"",""学历"":""仅限本科"",""学位"":""学士"",""政治面貌"":""中共党员"",""基层工作最低年限"":""无限制"",""服务基层项目工作经历"":""无限制"",""是否在面试阶段组织专业能力测试"":""否"",""面试人员比例"":""3:1"",""工作地点"":""浙江省温州市瑞安市"",""落户地点"":""浙江省温州市瑞安市"",""备注"":""1.本职位专业要求均为专业目录中的专业名称，须以最高学历主修专业报考，报考专业须与招录专业名称一致。2.企业人员应有合同及社保缴费记录。3.需使用本地方言开展工作，限懂温州当地方言（温州地区学习生活工作2年以上）。4.本单位最低服务年限为5年（含试用期）。"",""部门网站"":""zjzd.stats.gov.cn"",""咨询电话1"":""0571-89198661"",""咨询电话2"":""0571-89198659"",""咨询电话3"":"""",""来源Sheet"":""中央国家行政机关参照公务员法管理事业单位""}}"
"government_jobs","国家公务员2025招考简章","公务员/事业单位技术岗位","浙江省温州市永嘉县","2026-07-28T09:12:58.310295+00:00","永嘉调查队一级科员","国家统计局浙江调查总队","","浙江省温州市永嘉县","公务员/事业单位;2025;computer_software;data_ai;仅限本科;学士;统计学、应用统计学；经济统计学；计算机科学与技术、电子与计算机工程、数据科学与大数据技术；大数据管理与应用;市（地）级及以下直属机构综合管理类","用人司局：国家统计局浙江调查总队
职位简介：从事一线入户调查、数据处理、统计分析研究等工作
专业要求：统计学、应用统计学；经济统计学；计算机科学与技术、电子与计算机工程、数据科学与大数据技术；大数据管理与应用
学历要求：仅限本科
学位要求：学士
政治面貌：不限
基层工作经历：无限制
考试类别：市（地）级及以下直属机构综合管理类
备注：1.本职位专业要求均为专业目录中的专业名称，须以最高学历主修专业报考，报考专业须与招录专业名称一致。2.限招应届高校毕业生。3.需使用本地方言开展工作，限懂温州当地方言（温州地区学习生活工作2年以上）。4.本单位最低服务年限为5年（含试用期）。","https://www.xjhc.gov.cn/xjhc/c116834/202410/a29382e11a674da3be3353af65f9fcc5.shtml#137111-400110111023","2024-10-14","{""dataset_year"":2025,""job_uid"":""GOV-2025-137111-400110111023"",""publisher"":""国家公务员局"",""publication_page"":""https://www.xjhc.gov.cn/xjhc/c116834/202410/a29382e11a674da3be3353af65f9fcc5.shtml"",""attachment_url"":""https://www.xjhc.gov.cn/xjhc/c116834/202410/a29382e11a674da3be3353af65f9fcc5/files/0536cef86e2b46ddad6aae5a3780089e.xls"",""local_source_file"":""2025_guokao_zhaokaojianzhang.xls"",""local_source_sha256"":""07ae6cab368cd21b7a1ac3e8150fe9a3d39ad5171ce76135ff3cccfe50c3e77e"",""source_sheet"":""中央国家行政机关参照公务员法管理事业单位"",""filter_version"":""government_tech_v2"",""tech_filter"":{""is_tech"":true,""is_core_tech"":true,""scope"":""core"",""categories"":[""computer_software"",""data_ai""],""matched_fields"":[""major"",""description""],""major_terms"":[""大数据"",""数据科学与大数据技术"",""计算机"",""计算机科学与技术""],""role_terms"":[""数据处理""],""reason"":""tech_major_and_role""},""original"":{""部门代码"":""137111"",""部门名称"":""国家统计局浙江调查总队"",""用人司局"":""国家统计局浙江调查总队"",""机构性质"":""中央国家行政机关参照公务员法管理事业单位"",""招考职位"":""永嘉调查队一级科员"",""职位属性"":""普通职位"",""职位分布"":""其他职位"",""职位简介"":""从事一线入户调查、数据处理、统计分析研究等工作"",""职位代码"":""400110111023"",""机构层级"":""县（区）级及以下"",""考试类别"":""市（地）级及以下直属机构综合管理类"",""招考人数"":""1"",""专业"":""统计学、应用统计学；经济统计学；计算机科学与技术、电子与计算机工程、数据科学与大数据技术；大数据管理与应用"",""学历"":""仅限本科"",""学位"":""学士"",""政治面貌"":""不限"",""基层工作最低年限"":""无限制"",""服务基层项目工作经历"":""无限制"",""是否在面试阶段组织专业能力测试"":""否"",""面试人员比例"":""3:1"",""工作地点"":""浙江省温州市永嘉县"",""落户地点"":""浙江省温州市永嘉县"",""备注"":""1.本职位专业要求均为专业目录中的专业名称，须以最高学历主修专业报考，报考专业须与招录专业名称一致。2.限招应届高校毕业生。3.需使用本地方言开展工作，限懂温州当地方言（温州地区学习生活工作2年以上）。4.本单位最低服务年限为5年（含试用期）。"",""部门网站"":""zjzd.stats.gov.cn"",""咨询电话1"":""0571-89198661"",""咨询电话2"":""0571-89198659"",""咨询电话3"":"""",""来源Sheet"":""中央国家行政机关参照公务员法管理事业单位""}}"
"government_jobs","国家公务员2025招考简章","公务员/事业单位技术岗位","浙江省温州市苍南县","2026-07-28T09:12:58.310295+00:00","苍南调查队一级科员","国家统计局浙江调查总队","","浙江省温州市苍南县","公务员/事业单位;2025;computer_software;data_ai;仅限本科;学士;统计学、应用统计学；经济学、经济统计学；数学与应用数学、信息与计算科学；计算机科学与技术；汉语言、汉语言文学;市（地）级及以下直属机构综合管理类","用人司局：国家统计局浙江调查总队
职位简介：从事一线入户调查、数据处理、统计分析研究、文稿撰写等工作
专业要求：统计学、应用统计学；经济学、经济统计学；数学与应用数学、信息与计算科学；计算机科学与技术；汉语言、汉语言文学
学历要求：仅限本科
学位要求：学士
政治面貌：不限
基层工作经历：无限制
考试类别：市（地）级及以下直属机构综合管理类
备注：1.本职位专业要求均为专业目录中的专业名称，须以最高学历主修专业报考，报考专业须与招录专业名称一致。2.限招应届高校毕业生。3.需使用本地方言开展工作，限懂温州当地方言（温州地区学习生活工作2年以上）。4.本单位最低服务年限为5年（含试用期）。","https://www.xjhc.gov.cn/xjhc/c116834/202410/a29382e11a674da3be3353af65f9fcc5.shtml#137111-400110111024","2024-10-14","{""dataset_year"":2025,""job_uid"":""GOV-2025-137111-400110111024"",""publisher"":""国家公务员局"",""publication_page"":""https://www.xjhc.gov.cn/xjhc/c116834/202410/a29382e11a674da3be3353af65f9fcc5.shtml"",""attachment_url"":""https://www.xjhc.gov.cn/xjhc/c116834/202410/a29382e11a674da3be3353af65f9fcc5/files/0536cef86e2b46ddad6aae5a3780089e.xls"",""local_source_file"":""2025_guokao_zhaokaojianzhang.xls"",""local_source_sha256"":""07ae6cab368cd21b7a1ac3e8150fe9a3d39ad5171ce76135ff3cccfe50c3e77e"",""source_sheet"":""中央国家行政机关参照公务员法管理事业单位"",""filter_version"":""government_tech_v2"",""tech_filter"":{""is_tech"":true,""is_core_tech"":true,""scope"":""core"",""categories"":[""computer_software"",""data_ai""],""matched_fields"":[""major"",""description""],""major_terms"":[""计算机科学与技术""],""role_terms"":[""数据处理""],""reason"":""tech_major_and_role""},""original"":{""部门代码"":""137111"",""部门名称"":""国家统计局浙江调查总队"",""用人司局"":""国家统计局浙江调查总队"",""机构性质"":""中央国家行政机关参照公务员法管理事业单位"",""招考职位"":""苍南调查队一级科员"",""职位属性"":""普通职位"",""职位分布"":""其他职位"",""职位简介"":""从事一线入户调查、数据处理、统计分析研究、文稿撰写等工作"",""职位代码"":""400110111024"",""机构层级"":""县（区）级及以下"",""考试类别"":""市（地）级及以下直属机构综合管理类"",""招考人数"":""1"",""专业"":""统计学、应用统计学；经济学、经济统计学；数学与应用数学、信息与计算科学；计算机科学与技术；汉语言、汉语言文学"",""学历"":""仅限本科"",""学位"":""学士"",""政治面貌"":""不限"",""基层工作最低年限"":""无限制"",""服务基层项目工作经历"":""无限制"",""是否在面试阶段组织专业能力测试"":""否"",""面试人员比例"":""3:1"",""工作地点"":""浙江省温州市苍南县"",""落户地点"":""浙江省温州市苍南县"",""备注"":""1.本职位专业要求均为专业目录中的专业名称，须以最高学历主修专业报考，报考专业须与招录专业名称一致。2.限招应届高校毕业生。3.需使用本地方言开展工作，限懂温州当地方言（温州地区学习生活工作2年以上）。4.本单位最低服务年限为5年（含试用期）。"",""部门网站"":""zjzd.stats.gov.cn"",""咨询电话1"":""0571-89198661"",""咨询电话2"":""0571-89198659"",""咨询电话3"":"""",""来源Sheet"":""中央国家行政机关参照公务员法管理事业单位""}}"
"government_jobs","国家公务员2025招考简章","公务员/事业单位技术岗位","浙江省嘉兴市桐乡市","2026-07-28T09:12:58.310295+00:00","桐乡调查队一级科员","国家统计局浙江调查总队","","浙江省嘉兴市桐乡市","公务员/事业单位;2025;computer_software;data_ai;仅限本科;学士;统计学、应用统计学；经济学、经济统计学；数学与应用数学、信息与计算科学；计算机科学与技术；会计学、财务管理；汉语言、汉语言文学;市（地）级及以下直属机构综合管理类","用人司局：国家统计局浙江调查总队
职位简介：从事一线入户调查、数据处理、统计分析研究、文稿撰写等工作
专业要求：统计学、应用统计学；经济学、经济统计学；数学与应用数学、信息与计算科学；计算机科学与技术；会计学、财务管理；汉语言、汉语言文学
学历要求：仅限本科
学位要求：学士
政治面貌：不限
基层工作经历：无限制
考试类别：市（地）级及以下直属机构综合管理类
备注：1.本职位专业要求均为专业目录中的专业名称，须以最高学历主修专业报考，报考专业须与招录专业名称一致。2.限招应届高校毕业生。3.需使用本地方言开展工作，限懂嘉兴当地方言（嘉兴地区学习生活工作2年以上）。4.本单位最低服务年限为5年（含试用期）。","https://www.xjhc.gov.cn/xjhc/c116834/202410/a29382e11a674da3be3353af65f9fcc5.shtml#137111-400110111025","2024-10-14","{""dataset_year"":2025,""job_uid"":""GOV-2025-137111-400110111025"",""publisher"":""国家公务员局"",""publication_page"":""https://www.xjhc.gov.cn/xjhc/c116834/202410/a29382e11a674da3be3353af65f9fcc5.shtml"",""attachment_url"":""https://www.xjhc.gov.cn/xjhc/c116834/202410/a29382e11a674da3be3353af65f9fcc5/files/0536cef86e2b46ddad6aae5a3780089e.xls"",""local_source_file"":""2025_guokao_zhaokaojianzhang.xls"",""local_source_sha256"":""07ae6cab368cd21b7a1ac3e8150fe9a3d39ad5171ce76135ff3cccfe50c3e77e"",""source_sheet"":""中央国家行政机关参照公务员法管理事业单位"",""filter_version"":""government_tech_v2"",""tech_filter"":{""is_tech"":true,""is_core_tech"":true,""scope"":""core"",""categories"":[""computer_software"",""data_ai""],""matched_fields"":[""major"",""description""],""major_terms"":[""计算机科学与技术""],""role_terms"":[""数据处理""],""reason"":""tech_major_and_role""},""original"":{""部门代码"":""137111"",""部门名称"":""国家统计局浙江调查总队"",""用人司局"":""国家统计局浙江调查总队"",""机构性质"":""中央国家行政机关参照公务员法管理事业单位"",""招考职位"":""桐乡调查队一级科员"",""职位属性"":""普通职位"",""职位分布"":""其他职位"",""职位简介"":""从事一线入户调查、数据处理、统计分析研究、文稿撰写等工作"",""职位代码"":""400110111025"",""机构层级"":""县（区）级及以下"",""考试类别"":""市（地）级及以下直属机构综合管理类"",""招考人数"":""1"",""专业"":""统计学、应用统计学；经济学、经济统计学；数学与应用数学、信息与计算科学；计算机科学与技术；会计学、财务管理；汉语言、汉语言文学"",""学历"":""仅限本科"",""学位"":""学士"",""政治面貌"":""不限"",""基层工作最低年限"":""无限制"",""服务基层项目工作经历"":""无限制"",""是否在面试阶段组织专业能力测试"":""否"",""面试人员比例"":""3:1"",""工作地点"":""浙江省嘉兴市桐乡市"",""落户地点"":""浙江省嘉兴市桐乡市"",""备注"":""1.本职位专业要求均为专业目录中的专业名称，须以最高学历主修专业报考，报考专业须与招录专业名称一致。2.限招应届高校毕业生。3.需使用本地方言开展工作，限懂嘉兴当地方言（嘉兴地区学习生活工作2年以上）。4.本单位最低服务年限为5年（含试用期）。"",""部门网站"":""zjzd.stats.gov.cn"",""咨询电话1"":""0571-89198661"",""咨询电话2"":""0571-89198659"",""咨询电话3"":"""",""来源Sheet"":""中央国家行政机关参照公务员法管理事业单位""}}"
"government_jobs","国家公务员2025招考简章","公务员/事业单位技术岗位","浙江省湖州市安吉县","2026-07-28T09:12:58.310295+00:00","安吉调查队一级科员","国家统计局浙江调查总队","","浙江省湖州市安吉县","公务员/事业单位;2025;data_ai;仅限本科;学士;统计学、应用统计学；经济学、经济统计学；数学与应用数学、信息与计算科学；法学、会计学、财务管理；汉语言、汉语言文学、应用语言学、秘书学、新闻学;市（地）级及以下直属机构综合管理类","用人司局：国家统计局浙江调查总队
职位简介：从事一线入户调查、数据处理、统计分析研究、文稿撰写等工作
专业要求：统计学、应用统计学；经济学、经济统计学；数学与应用数学、信息与计算科学；法学、会计学、财务管理；汉语言、汉语言文学、应用语言学、秘书学、新闻学
学历要求：仅限本科
学位要求：学士
政治面貌：不限
基层工作经历：无限制
考试类别：市（地）级及以下直属机构综合管理类
备注：1.本职位专业要求均为专业目录中的专业名称，须以最高学历主修专业报考，报考专业须与招录专业名称一致。2.限招应届高校毕业生。3.需使用本地方言开展工作，限懂湖州当地方言（湖州地区学习生活工作2年以上）。4.本单位最低服务年限为5年（含试用期）。","https://www.xjhc.gov.cn/xjhc/c116834/202410/a29382e11a674da3be3353af65f9fcc5.shtml#137111-400110111026","2024-10-14","{""dataset_year"":2025,""job_uid"":""GOV-2025-137111-400110111026"",""publisher"":""国家公务员局"",""publication_page"":""https://www.xjhc.gov.cn/xjhc/c116834/202410/a29382e11a674da3be3353af65f9fcc5.shtml"",""attachment_url"":""https://www.xjhc.gov.cn/xjhc/c116834/202410/a29382e11a674da3be3353af65f9fcc5/files/0536cef86e2b46ddad6aae5a3780089e.xls"",""local_source_file"":""2025_guokao_zhaokaojianzhang.xls"",""local_source_sha256"":""07ae6cab368cd21b7a1ac3e8150fe9a3d39ad5171ce76135ff3cccfe50c3e77e"",""source_sheet"":""中央国家行政机关参照公务员法管理事业单位"",""filter_version"":""government_tech_v2"",""tech_filter"":{""is_tech"":true,""is_core_tech"":true,""scope"":""core"",""categories"":[""data_ai""],""matched_fields"":[""description""],""major_terms"":[],""role_terms"":[""数据处理""],""reason"":""tech_role""},""original"":{""部门代码"":""137111"",""部门名称"":""国家统计局浙江调查总队"",""用人司局"":""国家统计局浙江调查总队"",""机构性质"":""中央国家行政机关参照公务员法管理事业单位"",""招考职位"":""安吉调查队一级科员"",""职位属性"":""普通职位"",""职位分布"":""其他职位"",""职位简介"":""从事一线入户调查、数据处理、统计分析研究、文稿撰写等工作"",""职位代码"":""400110111026"",""机构层级"":""县（区）级及以下"",""考试类别"":""市（地）级及以下直属机构综合管理类"",""招考人数"":""1"",""专业"":""统计学、应用统计学；经济学、经济统计学；数学与应用数学、信息与计算科学；法学、会计学、财务管理；汉语言、汉语言文学、应用语言学、秘书学、新闻学"",""学历"":""仅限本科"",""学位"":""学士"",""政治面貌"":""不限"",""基层工作最低年限"":""无限制"",""服务基层项目工作经历"":""无限制"",""是否在面试阶段组织专业能力测试"":""否"",""面试人员比例"":""3:1"",""工作地点"":""浙江省湖州市安吉县"",""落户地点"":""浙江省湖州市安吉县"",""备注"":""1.本职位专业要求均为专业目录中的专业名称，须以最高学历主修专业报考，报考专业须与招录专业名称一致。2.限招应届高校毕业生。3.需使用本地方言开展工作，限懂湖州当地方言（湖州地区学习生活工作2年以上）。4.本单位最低服务年限为5年（含试用期）。"",""部门网站"":""zjzd.stats.gov.cn"",""咨询电话1"":""0571-89198661"",""咨询电话2"":""0571-89198659"",""咨询电话3"":"""",""来源Sheet"":""中央国家行政机关参照公务员法管理事业单位""}}"
"government_jobs","国家公务员2025招考简章","公务员/事业单位技术岗位","浙江省绍兴市柯桥区","2026-07-28T09:12:58.310295+00:00","柯桥调查队一级科员（1）","国家统计局浙江调查总队","","浙江省绍兴市柯桥区","公务员/事业单位;2025;computer_software;data_ai;仅限本科;学士;数据计算及应用、数据科学与大数据技术；计算机科学与技术、网络工程、计算机软件与理论、计算机应用技术;市（地）级及以下直属机构综合管理类","用人司局：国家统计局浙江调查总队
职位简介：从事计算机应用管理、网络管理、数据处理等工作
专业要求：数据计算及应用、数据科学与大数据技术；计算机科学与技术、网络工程、计算机软件与理论、计算机应用技术
学历要求：仅限本科
学位要求：学士
政治面貌：不限
基层工作经历：无限制
考试类别：市（地）级及以下直属机构综合管理类
备注：1.本职位专业要求均为专业目录中的专业名称，须以最高学历主修专业报考，报考专业须与招录专业名称一致。2.限招应届高校毕业生。3.需使用本地方言开展工作，限懂绍兴当地方言（绍兴地区学习生活工作2年以上）。4.本单位最低服务年限为5年（含试用期）。","https://www.xjhc.gov.cn/xjhc/c116834/202410/a29382e11a674da3be3353af65f9fcc5.shtml#137111-400110111027","2024-10-14","{""dataset_year"":2025,""job_uid"":""GOV-2025-137111-400110111027"",""publisher"":""国家公务员局"",""publication_page"":""https://www.xjhc.gov.cn/xjhc/c116834/202410/a29382e11a674da3be3353af65f9fcc5.shtml"",""attachment_url"":""https://www.xjhc.gov.cn/xjhc/c116834/202410/a29382e11a674da3be3353af65f9fcc5/files/0536cef86e2b46ddad6aae5a3780089e.xls"",""local_source_file"":""2025_guokao_zhaokaojianzhang.xls"",""local_source_sha256"":""07ae6cab368cd21b7a1ac3e8150fe9a3d39ad5171ce76135ff3cccfe50c3e77e"",""source_sheet"":""中央国家行政机关参照公务员法管理事业单位"",""filter_version"":""government_tech_v2"",""tech_filter"":{""is_tech"":true,""is_core_tech"":true,""scope"":""core"",""categories"":[""computer_software"",""data_ai""],""matched_fields"":[""major"",""description""],""major_terms"":[""大数据"",""数据科学与大数据技术"",""网络工程"",""计算机"",""计算机科学与技术""],""role_terms"":[""数据处理"",""网络管理"",""计算机""],""reason"":""tech_major_and_role""},""original"":{""部门代码"":""137111"",""部门名称"":""国家统计局浙江调查总队"",""用人司局"":""国家统计局浙江调查总队"",""机构性质"":""中央国家行政机关参照公务员法管理事业单位"",""招考职位"":""柯桥调查队一级科员（1）"",""职位属性"":""普通职位"",""职位分布"":""其他职位"",""职位简介"":""从事计算机应用管理、网络管理、数据处理等工作"",""职位代码"":""400110111027"",""机构层级"":""县（区）级及以下"",""考试类别"":""市（地）级及以下直属机构综合管理类"",""招考人数"":""1"",""专业"":""数据计算及应用、数据科学与大数据技术；计算机科学与技术、网络工程、计算机软件与理论、计算机应用技术"",""学历"":""仅限本科"",""学位"":""学士"",""政治面貌"":""不限"",""基层工作最低年限"":""无限制"",""服务基层项目工作经历"":""无限制"",""是否在面试阶段组织专业能力测试"":""否"",""面试人员比例"":""3:1"",""工作地点"":""浙江省绍兴市柯桥区"",""落户地点"":""浙江省绍兴市柯桥区"",""备注"":""1.本职位专业要求均为专业目录中的专业名称，须以最高学历主修专业报考，报考专业须与招录专业名称一致。2.限招应届高校毕业生。3.需使用本地方言开展工作，限懂绍兴当地方言（绍兴地区学习生活工作2年以上）。4.本单位最低服务年限为5年（含试用期）。"",""部门网站"":""zjzd.stats.gov.cn"",""咨询电话1"":""0571-89198661"",""咨询电话2"":""0571-89198659"",""咨询电话3"":"""",""来源Sheet"":""中央国家行政机关参照公务员法管理事业单位""}}"
"government_jobs","国家公务员2025招考简章","公务员/事业单位技术岗位","浙江省绍兴市新昌县","2026-07-28T09:12:58.310295+00:00","新昌调查队一级科员","国家统计局浙江调查总队","","浙江省绍兴市新昌县","公务员/事业单位;2025;data_ai;仅限本科;学士;统计学、应用统计学；数学与应用数学、信息与计算科学；会计学；金融学、金融数学；网络与新媒体、广播电视学;市（地）级及以下直属机构综合管理类","用人司局：国家统计局浙江调查总队
职位简介：从事一线入户调查、数据处理、统计分析研究、文稿撰写等工作
专业要求：统计学、应用统计学；数学与应用数学、信息与计算科学；会计学；金融学、金融数学；网络与新媒体、广播电视学
学历要求：仅限本科
学位要求：学士
政治面貌：不限
基层工作经历：无限制
考试类别：市（地）级及以下直属机构综合管理类
备注：1.本职位专业要求均为专业目录中的专业名称，须以最高学历主修专业报考，报考专业须与招录专业名称一致。2.企业人员应有合同及社保缴费记录。3.需使用本地方言开展工作，限懂绍兴当地方言（绍兴地区学习生活2年以上）。4.本单位最低服务年限为5年（含试用期）。","https://www.xjhc.gov.cn/xjhc/c116834/202410/a29382e11a674da3be3353af65f9fcc5.shtml#137111-400110111030","2024-10-14","{""dataset_year"":2025,""job_uid"":""GOV-2025-137111-400110111030"",""publisher"":""国家公务员局"",""publication_page"":""https://www.xjhc.gov.cn/xjhc/c116834/202410/a29382e11a674da3be3353af65f9fcc5.shtml"",""attachment_url"":""https://www.xjhc.gov.cn/xjhc/c116834/202410/a29382e11a674da3be3353af65f9fcc5/files/0536cef86e2b46ddad6aae5a3780089e.xls"",""local_source_file"":""2025_guokao_zhaokaojianzhang.xls"",""local_source_sha256"":""07ae6cab368cd21b7a1ac3e8150fe9a3d39ad5171ce76135ff3cccfe50c3e77e"",""source_sheet"":""中央国家行政机关参照公务员法管理事业单位"",""filter_version"":""government_tech_v2"",""tech_filter"":{""is_tech"":true,""is_core_tech"":true,""scope"":""core"",""categories"":[""data_ai""],""matched_fields"":[""description""],""major_terms"":[],""role_terms"":[""数据处理""],""reason"":""tech_role""},""original"":{""部门代码"":""137111"",""部门名称"":""国家统计局浙江调查总队"",""用人司局"":""国家统计局浙江调查总队"",""机构性质"":""中央国家行政机关参照公务员法管理事业单位"",""招考职位"":""新昌调查队一级科员"",""职位属性"":""普通职位"",""职位分布"":""其他职位"",""职位简介"":""从事一线入户调查、数据处理、统计分析研究、文稿撰写等工作"",""职位代码"":""400110111030"",""机构层级"":""县（区）级及以下"",""考试类别"":""市（地）级及以下直属机构综合管理类"",""招考人数"":""1"",""专业"":""统计学、应用统计学；数学与应用数学、信息与计算科学；会计学；金融学、金融数学；网络与新媒体、广播电视学"",""学历"":""仅限本科"",""学位"":""学士"",""政治面貌"":""不限"",""基层工作最低年限"":""无限制"",""服务基层项目工作经历"":""无限制"",""是否在面试阶段组织专业能力测试"":""否"",""面试人员比例"":""3:1"",""工作地点"":""浙江省绍兴市新昌县"",""落户地点"":""浙江省绍兴市新昌县"",""备注"":""1.本职位专业要求均为专业目录中的专业名称，须以最高学历主修专业报考，报考专业须与招录专业名称一致。2.企业人员应有合同及社保缴费记录。3.需使用本地方言开展工作，限懂绍兴当地方言（绍兴地区学习生活2年以上）。4.本单位最低服务年限为5年（含试用期）。"",""部门网站"":""zjzd.stats.gov.cn"",""咨询电话1"":""0571-89198661"",""咨询电话2"":""0571-89198659"",""咨询电话3"":"""",""来源Sheet"":""中央国家行政机关参照公务员法管理事业单位""}}"
"government_jobs","国家公务员2025招考简章","公务员/事业单位技术岗位","浙江省金华市义乌市","2026-07-28T09:12:58.310295+00:00","义乌调查队一级科员","国家统计局浙江调查总队","","浙江省金华市义乌市","公务员/事业单位;2025;data_ai;仅限本科;学士;统计学、应用统计学；经济学、经济统计学；法学、会计学、财务管理、信息管理与信息系统;市（地）级及以下直属机构综合管理类","用人司局：国家统计局浙江调查总队
职位简介：从事一线入户调查、数据处理、统计分析研究等工作
专业要求：统计学、应用统计学；经济学、经济统计学；法学、会计学、财务管理、信息管理与信息系统
学历要求：仅限本科
学位要求：学士
政治面貌：不限
基层工作经历：无限制
考试类别：市（地）级及以下直属机构综合管理类
备注：1.本职位专业要求均为专业目录中的专业名称，须以最高学历主修专业报考，报考专业须与招录专业名称一致。2.企业人员应有合同及社保缴费记录。3.需使用本地方言开展工作，限懂金华当地方言（金华地区生活工作2年以上）。4.本单位最低服务年限为5年（含试用期）。","https://www.xjhc.gov.cn/xjhc/c116834/202410/a29382e11a674da3be3353af65f9fcc5.shtml#137111-400110111032","2024-10-14","{""dataset_year"":2025,""job_uid"":""GOV-2025-137111-400110111032"",""publisher"":""国家公务员局"",""publication_page"":""https://www.xjhc.gov.cn/xjhc/c116834/202410/a29382e11a674da3be3353af65f9fcc5.shtml"",""attachment_url"":""https://www.xjhc.gov.cn/xjhc/c116834/202410/a29382e11a674da3be3353af65f9fcc5/files/0536cef86e2b46ddad6aae5a3780089e.xls"",""local_source_file"":""2025_guokao_zhaokaojianzhang.xls"",""local_source_sha256"":""07ae6cab368cd21b7a1ac3e8150fe9a3d39ad5171ce76135ff3cccfe50c3e77e"",""source_sheet"":""中央国家行政机关参照公务员法管理事业单位"",""filter_version"":""government_tech_v2"",""tech_filter"":{""is_tech"":true,""is_core_tech"":true,""scope"":""core"",""categories"":[""data_ai""],""matched_fields"":[""description""],""major_terms"":[],""role_terms"":[""数据处理""],""reason"":""tech_role""},""original"":{""部门代码"":""137111"",""部门名称"":""国家统计局浙江调查总队"",""用人司局"":""国家统计局浙江调查总队"",""机构性质"":""中央国家行政机关参照公务员法管理事业单位"",""招考职位"":""义乌调查队一级科员"",""职位属性"":""普通职位"",""职位分布"":""其他职位"",""职位简介"":""从事一线入户调查、数据处理、统计分析研究等工作"",""职位代码"":""400110111032"",""机构层级"":""县（区）级及以下"",""考试类别"":""市（地）级及以下直属机构综合管理类"",""招考人数"":""1"",""专业"":""统计学、应用统计学；经济学、经济统计学；法学、会计学、财务管理、信息管理与信息系统"",""学历"":""仅限本科"",""学位"":""学士"",""政治面貌"":""不限"",""基层工作最低年限"":""无限制"",""服务基层项目工作经历"":""无限制"",""是否在面试阶段组织专业能力测试"":""否"",""面试人员比例"":""3:1"",""工作地点"":""浙江省金华市义乌市"",""落户地点"":""浙江省金华市义乌市"",""备注"":""1.本职位专业要求均为专业目录中的专业名称，须以最高学历主修专业报考，报考专业须与招录专业名称一致。2.企业人员应有合同及社保缴费记录。3.需使用本地方言开展工作，限懂金华当地方言（金华地区生活工作2年以上）。4.本单位最低服务年限为5年（含试用期）。"",""部门网站"":""zjzd.stats.gov.cn"",""咨询电话1"":""0571-89198661"",""咨询电话2"":""0571-89198659"",""咨询电话3"":"""",""来源Sheet"":""中央国家行政机关参照公务员法管理事业单位""}}"
"government_jobs","国家公务员2025招考简章","公务员/事业单位技术岗位","安徽省合肥市庐阳区","2026-07-28T09:12:58.310295+00:00","安徽调查总队业务处室四级主任科员","国家统计局安徽调查总队","","安徽省合肥市庐阳区","公务员/事业单位;2025;data_ai;geospatial_remote_sensing;仅限硕士研究生;硕士;地图学与地理信息系统、遥感科学与技术;中央机关及其省级直属机构综合管理类","用人司局：国家统计局安徽调查总队
职位简介：从事统计调查、数据处理、统计分析研究等工作
专业要求：地图学与地理信息系统、遥感科学与技术
学历要求：仅限硕士研究生
学位要求：硕士
政治面貌：不限
基层工作经历：无限制
考试类别：中央机关及其省级直属机构综合管理类
备注：1.专业要求为研究生学历所学主修专业；2.本单位最低服务年限为5年（含试用期）。","https://www.xjhc.gov.cn/xjhc/c116834/202410/a29382e11a674da3be3353af65f9fcc5.shtml#137112-400110112001","2024-10-14","{""dataset_year"":2025,""job_uid"":""GOV-2025-137112-400110112001"",""publisher"":""国家公务员局"",""publication_page"":""https://www.xjhc.gov.cn/xjhc/c116834/202410/a29382e11a674da3be3353af65f9fcc5.shtml"",""attachment_url"":""https://www.xjhc.gov.cn/xjhc/c116834/202410/a29382e11a674da3be3353af65f9fcc5/files/0536cef86e2b46ddad6aae5a3780089e.xls"",""local_source_file"":""2025_guokao_zhaokaojianzhang.xls"",""local_source_sha256"":""07ae6cab368cd21b7a1ac3e8150fe9a3d39ad5171ce76135ff3cccfe50c3e77e"",""source_sheet"":""中央国家行政机关参照公务员法管理事业单位"",""filter_version"":""government_tech_v2"",""tech_filter"":{""is_tech"":true,""is_core_tech"":true,""scope"":""core"",""categories"":[""data_ai"",""geospatial_remote_sensing""],""matched_fields"":[""major"",""description""],""major_terms"":[""地图学与地理信息系统"",""地理信息系统"",""遥感科学与技术""],""role_terms"":[""数据处理""],""reason"":""tech_major_and_role""},""original"":{""部门代码"":""137112"",""部门名称"":""国家统计局安徽调查总队"",""用人司局"":""国家统计局安徽调查总队"",""机构性质"":""中央国家行政机关参照公务员法管理事业单位"",""招考职位"":""安徽调查总队业务处室四级主任科员"",""职位属性"":""普通职位"",""职位分布"":""其他职位"",""职位简介"":""从事统计调查、数据处理、统计分析研究等工作"",""职位代码"":""400110112001"",""机构层级"":""省（副省）级"",""考试类别"":""中央机关及其省级直属机构综合管理类"",""招考人数"":""1"",""专业"":""地图学与地理信息系统、遥感科学与技术"",""学历"":""仅限硕士研究生"",""学位"":""硕士"",""政治面貌"":""不限"",""基层工作最低年限"":""无限制"",""服务基层项目工作经历"":""无限制"",""是否在面试阶段组织专业能力测试"":""否"",""面试人员比例"":""5:1"",""工作地点"":""安徽省合肥市庐阳区"",""落户地点"":""安徽省合肥市庐阳区"",""备注"":""1.专业要求为研究生学历所学主修专业；2.本单位最低服务年限为5年（含试用期）。"",""部门网站"":""http://ahzd.stats.gov.cn/"",""咨询电话1"":""0551-68151025"",""咨询电话2"":""0551-68151028"",""咨询电话3"":""0551-68151029"",""来源Sheet"":""中央国家行政机关参照公务员法管理事业单位""}}"
"government_jobs","国家公务员2025招考简章","公务员/事业单位技术岗位","安徽省亳州市谯城区","2026-07-28T09:12:58.310295+00:00","亳州调查队业务科室四级主任科员及以下","国家统计局安徽调查总队","","安徽省亳州市谯城区","公务员/事业单位;2025;computer_software;cybersecurity_cryptography;data_ai;本科或硕士研究生;与最高学历相对应的学位;本科：统计学、应用统计学、经济统计学；数学类（不含数理基础科学）；网络工程、软件工程、数据科学与大数据技术、网络空间安全；研究生：统计学、应用统计；概率论与数理统计、应用数学；计算机软件与理论、计算机应用技术、网络空间安全;市（地）级及以下直属机构综合管理类","用人司局：国家统计局安徽调查总队
职位简介：从事统计调查、数据处理、统计分析研究等工作
专业要求：本科：统计学、应用统计学、经济统计学；数学类（不含数理基础科学）；网络工程、软件工程、数据科学与大数据技术、网络空间安全；研究生：统计学、应用统计；概率论与数理统计、应用数学；计算机软件与理论、计算机应用技术、网络空间安全
学历要求：本科或硕士研究生
学位要求：与最高学历相对应的学位
政治面貌：中共党员
基层工作经历：无限制
考试类别：市（地）级及以下直属机构综合管理类
备注：1.所列专业均要求最高学历主修专业，考生报考专业须与招录专业名称一致；2.仅限应届高校毕业生；3.本单位最低服务年限为5年（含试用期）。","https://www.xjhc.gov.cn/xjhc/c116834/202410/a29382e11a674da3be3353af65f9fcc5.shtml#137112-400110112002","2024-10-14","{""dataset_year"":2025,""job_uid"":""GOV-2025-137112-400110112002"",""publisher"":""国家公务员局"",""publication_page"":""https://www.xjhc.gov.cn/xjhc/c116834/202410/a29382e11a674da3be3353af65f9fcc5.shtml"",""attachment_url"":""https://www.xjhc.gov.cn/xjhc/c116834/202410/a29382e11a674da3be3353af65f9fcc5/files/0536cef86e2b46ddad6aae5a3780089e.xls"",""local_source_file"":""2025_guokao_zhaokaojianzhang.xls"",""local_source_sha256"":""07ae6cab368cd21b7a1ac3e8150fe9a3d39ad5171ce76135ff3cccfe50c3e77e"",""source_sheet"":""中央国家行政机关参照公务员法管理事业单位"",""filter_version"":""government_tech_v2"",""tech_filter"":{""is_tech"":true,""is_core_tech"":true,""scope"":""core"",""categories"":[""computer_software"",""cybersecurity_cryptography"",""data_ai""],""matched_fields"":[""major"",""description""],""major_terms"":[""大数据"",""数据科学与大数据技术"",""网络工程"",""网络空间安全"",""计算机"",""软件工程""],""role_terms"":[""数据处理""],""reason"":""tech_major_and_role""},""original"":{""部门代码"":""137112"",""部门名称"":""国家统计局安徽调查总队"",""用人司局"":""国家统计局安徽调查总队"",""机构性质"":""中央国家行政机关参照公务员法管理事业单位"",""招考职位"":""亳州调查队业务科室四级主任科员及以下"",""职位属性"":""普通职位"",""职位分布"":""其他职位"",""职位简介"":""从事统计调查、数据处理、统计分析研究等工作"",""职位代码"":""400110112002"",""机构层级"":""市（地）级"",""考试类别"":""市（地）级及以下直属机构综合管理类"",""招考人数"":""1"",""专业"":""本科：统计学、应用统计学、经济统计学；数学类（不含数理基础科学）；网络工程、软件工程、数据科学与大数据技术、网络空间安全；研究生：统计学、应用统计；概率论与数理统计、应用数学；计算机软件与理论、计算机应用技术、网络空间安全"",""学历"":""本科或硕士研究生"",""学位"":""与最高学历相对应的学位"",""政治面貌"":""中共党员"",""基层工作最低年限"":""无限制"",""服务基层项目工作经历"":""无限制"",""是否在面试阶段组织专业能力测试"":""否"",""面试人员比例"":""3:1"",""工作地点"":""安徽省亳州市谯城区"",""落户地点"":""安徽省亳州市谯城区"",""备注"":""1.所列专业均要求最高学历主修专业，考生报考专业须与招录专业名称一致；2.仅限应届高校毕业生；3.本单位最低服务年限为5年（含试用期）。"",""部门网站"":""http://ahzd.stats.gov.cn/"",""咨询电话1"":""0551-68151025"",""咨询电话2"":""0551-68151028"",""咨询电话3"":""0551-68151029"",""来源Sheet"":""中央国家行政机关参照公务员法管理事业单位""}}"
"government_jobs","国家公务员2025招考简章","公务员/事业单位技术岗位","安徽省淮南市田家庵区","2026-07-28T09:12:58.310295+00:00","淮南调查队业务科室四级主任科员及以下","国家统计局安徽调查总队","","安徽省淮南市田家庵区","公务员/事业单位;2025;computer_software;cybersecurity_cryptography;data_ai;本科或硕士研究生;与最高学历相对应的学位;本科：统计学、应用统计学、经济统计学；数学类（不含数理基础科学）；网络工程、软件工程、数据科学与大数据技术、网络空间安全；研究生：统计学、应用统计；概率论与数理统计、应用数学；计算机软件与理论、计算机应用技术、网络空间安全;市（地）级及以下直属机构综合管理类","用人司局：国家统计局安徽调查总队
职位简介：从事统计调查、数据处理、统计分析研究等工作
专业要求：本科：统计学、应用统计学、经济统计学；数学类（不含数理基础科学）；网络工程、软件工程、数据科学与大数据技术、网络空间安全；研究生：统计学、应用统计；概率论与数理统计、应用数学；计算机软件与理论、计算机应用技术、网络空间安全
学历要求：本科或硕士研究生
学位要求：与最高学历相对应的学位
政治面貌：不限
基层工作经历：无限制
考试类别：市（地）级及以下直属机构综合管理类
备注：1.所列专业均要求最高学历主修专业，考生报考专业须与招录专业名称一致；2.仅限应届高校毕业生；3.本单位最低服务年限为5年（含试用期）。","https://www.xjhc.gov.cn/xjhc/c116834/202410/a29382e11a674da3be3353af65f9fcc5.shtml#137112-400110112003","2024-10-14","{""dataset_year"":2025,""job_uid"":""GOV-2025-137112-400110112003"",""publisher"":""国家公务员局"",""publication_page"":""https://www.xjhc.gov.cn/xjhc/c116834/202410/a29382e11a674da3be3353af65f9fcc5.shtml"",""attachment_url"":""https://www.xjhc.gov.cn/xjhc/c116834/202410/a29382e11a674da3be3353af65f9fcc5/files/0536cef86e2b46ddad6aae5a3780089e.xls"",""local_source_file"":""2025_guokao_zhaokaojianzhang.xls"",""local_source_sha256"":""07ae6cab368cd21b7a1ac3e8150fe9a3d39ad5171ce76135ff3cccfe50c3e77e"",""source_sheet"":""中央国家行政机关参照公务员法管理事业单位"",""filter_version"":""government_tech_v2"",""tech_filter"":{""is_tech"":true,""is_core_tech"":true,""scope"":""core"",""categories"":[""computer_software"",""cybersecurity_cryptography"",""data_ai""],""matched_fields"":[""major"",""description""],""major_terms"":[""大数据"",""数据科学与大数据技术"",""网络工程"",""网络空间安全"",""计算机"",""软件工程""],""role_terms"":[""数据处理""],""reason"":""tech_major_and_role""},""original"":{""部门代码"":""137112"",""部门名称"":""国家统计局安徽调查总队"",""用人司局"":""国家统计局安徽调查总队"",""机构性质"":""中央国家行政机关参照公务员法管理事业单位"",""招考职位"":""淮南调查队业务科室四级主任科员及以下"",""职位属性"":""普通职位"",""职位分布"":""其他职位"",""职位简介"":""从事统计调查、数据处理、统计分析研究等工作"",""职位代码"":""400110112003"",""机构层级"":""市（地）级"",""考试类别"":""市（地）级及以下直属机构综合管理类"",""招考人数"":""1"",""专业"":""本科：统计学、应用统计学、经济统计学；数学类（不含数理基础科学）；网络工程、软件工程、数据科学与大数据技术、网络空间安全；研究生：统计学、应用统计；概率论与数理统计、应用数学；计算机软件与理论、计算机应用技术、网络空间安全"",""学历"":""本科或硕士研究生"",""学位"":""与最高学历相对应的学位"",""政治面貌"":""不限"",""基层工作最低年限"":""无限制"",""服务基层项目工作经历"":""无限制"",""是否在面试阶段组织专业能力测试"":""否"",""面试人员比例"":""3:1"",""工作地点"":""安徽省淮南市田家庵区"",""落户地点"":""安徽省淮南市田家庵区"",""备注"":""1.所列专业均要求最高学历主修专业，考生报考专业须与招录专业名称一致；2.仅限应届高校毕业生；3.本单位最低服务年限为5年（含试用期）。"",""部门网站"":""http://ahzd.stats.gov.cn/"",""咨询电话1"":""0551-68151025"",""咨询电话2"":""0551-68151028"",""咨询电话3"":""0551-68151029"",""来源Sheet"":""中央国家行政机关参照公务员法管理事业单位""}}"
"government_jobs","国家公务员2025招考简章","公务员/事业单位技术岗位","安徽省滁州市南谯区","2026-07-28T09:12:58.310295+00:00","滁州调查队业务科室四级主任科员及以下（1）","国家统计局安徽调查总队","","安徽省滁州市南谯区","公务员/事业单位;2025;computer_software;cybersecurity_cryptography;data_ai;本科或硕士研究生;与最高学历相对应的学位;本科：统计学、应用统计学、经济统计学；会计学；数学类（不含数理基础科学）；网络工程、软件工程、数据科学与大数据技术、网络空间安全；研究生：统计学、应用统计；概率论与数理统计、应用数学；计算机软件与理论、计算机应用技术、网络空间安全;市（地）级及以下直属机构综合管理类","用人司局：国家统计局安徽调查总队
职位简介：从事统计调查、数据处理、统计分析研究等工作
专业要求：本科：统计学、应用统计学、经济统计学；会计学；数学类（不含数理基础科学）；网络工程、软件工程、数据科学与大数据技术、网络空间安全；研究生：统计学、应用统计；概率论与数理统计、应用数学；计算机软件与理论、计算机应用技术、网络空间安全
学历要求：本科或硕士研究生
学位要求：与最高学历相对应的学位
政治面貌：不限
基层工作经历：无限制
考试类别：市（地）级及以下直属机构综合管理类
备注：1.仅限男性；2.所列专业均要求最高学历主修专业，考生报考专业须与招录专业名称一致；3.仅限应届高校毕业生；4.本单位最低服务年限为5年（含试用期）。","https://www.xjhc.gov.cn/xjhc/c116834/202410/a29382e11a674da3be3353af65f9fcc5.shtml#137112-400110112004","2024-10-14","{""dataset_year"":2025,""job_uid"":""GOV-2025-137112-400110112004"",""publisher"":""国家公务员局"",""publication_page"":""https://www.xjhc.gov.cn/xjhc/c116834/202410/a29382e11a674da3be3353af65f9fcc5.shtml"",""attachment_url"":""https://www.xjhc.gov.cn/xjhc/c116834/202410/a29382e11a674da3be3353af65f9fcc5/files/0536cef86e2b46ddad6aae5a3780089e.xls"",""local_source_file"":""2025_guokao_zhaokaojianzhang.xls"",""local_source_sha256"":""07ae6cab368cd21b7a1ac3e8150fe9a3d39ad5171ce76135ff3cccfe50c3e77e"",""source_sheet"":""中央国家行政机关参照公务员法管理事业单位"",""filter_version"":""government_tech_v2"",""tech_filter"":{""is_tech"":true,""is_core_tech"":true,""scope"":""core"",""categories"":[""computer_software"",""cybersecurity_cryptography"",""data_ai""],""matched_fields"":[""major"",""description""],""major_terms"":[""大数据"",""数据科学与大数据技术"",""网络工程"",""网络空间安全"",""计算机"",""软件工程""],""role_terms"":[""数据处理""],""reason"":""tech_major_and_role""},""original"":{""部门代码"":""137112"",""部门名称"":""国家统计局安徽调查总队"",""用人司局"":""国家统计局安徽调查总队"",""机构性质"":""中央国家行政机关参照公务员法管理事业单位"",""招考职位"":""滁州调查队业务科室四级主任科员及以下（1）"",""职位属性"":""普通职位"",""职位分布"":""其他职位"",""职位简介"":""从事统计调查、数据处理、统计分析研究等工作"",""职位代码"":""400110112004"",""机构层级"":""市（地）级"",""考试类别"":""市（地）级及以下直属机构综合管理类"",""招考人数"":""1"",""专业"":""本科：统计学、应用统计学、经济统计学；会计学；数学类（不含数理基础科学）；网络工程、软件工程、数据科学与大数据技术、网络空间安全；研究生：统计学、应用统计；概率论与数理统计、应用数学；计算机软件与理论、计算机应用技术、网络空间安全"",""学历"":""本科或硕士研究生"",""学位"":""与最高学历相对应的学位"",""政治面貌"":""不限"",""基层工作最低年限"":""无限制"",""服务基层项目工作经历"":""无限制"",""是否在面试阶段组织专业能力测试"":""否"",""面试人员比例"":""3:1"",""工作地点"":""安徽省滁州市南谯区"",""落户地点"":""安徽省滁州市南谯区"",""备注"":""1.仅限男性；2.所列专业均要求最高学历主修专业，考生报考专业须与招录专业名称一致；3.仅限应届高校毕业生；4.本单位最低服务年限为5年（含试用期）。"",""部门网站"":""http://ahzd.stats.gov.cn/"",""咨询电话1"":""0551-68151025"",""咨询电话2"":""0551-68151028"",""咨询电话3"":""0551-68151029"",""来源Sheet"":""中央国家行政机关参照公务员法管理事业单位""}}"
"government_jobs","国家公务员2025招考简章","公务员/事业单位技术岗位","安徽省马鞍山市雨山区","2026-07-28T09:12:58.310295+00:00","马鞍山调查队业务科室四级主任科员","国家统计局安徽调查总队","","安徽省马鞍山市雨山区","公务员/事业单位;2025;computer_software;cybersecurity_cryptography;data_ai;仅限硕士研究生;硕士;统计学、应用统计；概率论与数理统计、应用数学；计算机软件与理论、计算机应用技术、网络空间安全;市（地）级及以下直属机构综合管理类","用人司局：国家统计局安徽调查总队
职位简介：从事统计调查、数据处理、统计分析研究等工作
专业要求：统计学、应用统计；概率论与数理统计、应用数学；计算机软件与理论、计算机应用技术、网络空间安全
学历要求：仅限硕士研究生
学位要求：硕士
政治面貌：不限
基层工作经历：无限制
考试类别：市（地）级及以下直属机构综合管理类
备注：1.所列专业均要求最高学历主修专业，考生报考专业须与招录专业名称一致；2.仅限应届高校毕业生；3.本单位最低服务年限为5年（含试用期）。","https://www.xjhc.gov.cn/xjhc/c116834/202410/a29382e11a674da3be3353af65f9fcc5.shtml#137112-400110112005","2024-10-14","{""dataset_year"":2025,""job_uid"":""GOV-2025-137112-400110112005"",""publisher"":""国家公务员局"",""publication_page"":""https://www.xjhc.gov.cn/xjhc/c116834/202410/a29382e11a674da3be3353af65f9fcc5.shtml"",""attachment_url"":""https://www.xjhc.gov.cn/xjhc/c116834/202410/a29382e11a674da3be3353af65f9fcc5/files/0536cef86e2b46ddad6aae5a3780089e.xls"",""local_source_file"":""2025_guokao_zhaokaojianzhang.xls"",""local_source_sha256"":""07ae6cab368cd21b7a1ac3e8150fe9a3d39ad5171ce76135ff3cccfe50c3e77e"",""source_sheet"":""中央国家行政机关参照公务员法管理事业单位"",""filter_version"":""government_tech_v2"",""tech_filter"":{""is_tech"":true,""is_core_tech"":true,""scope"":""core"",""categories"":[""computer_software"",""cybersecurity_cryptography"",""data_ai""],""matched_fields"":[""major"",""description""],""major_terms"":[""网络空间安全"",""计算机""],""role_terms"":[""数据处理""],""reason"":""tech_major_and_role""},""original"":{""部门代码"":""137112"",""部门名称"":""国家统计局安徽调查总队"",""用人司局"":""国家统计局安徽调查总队"",""机构性质"":""中央国家行政机关参照公务员法管理事业单位"",""招考职位"":""马鞍山调查队业务科室四级主任科员"",""职位属性"":""普通职位"",""职位分布"":""其他职位"",""职位简介"":""从事统计调查、数据处理、统计分析研究等工作"",""职位代码"":""400110112005"",""机构层级"":""市（地）级"",""考试类别"":""市（地）级及以下直属机构综合管理类"",""招考人数"":""1"",""专业"":""统计学、应用统计；概率论与数理统计、应用数学；计算机软件与理论、计算机应用技术、网络空间安全"",""学历"":""仅限硕士研究生"",""学位"":""硕士"",""政治面貌"":""不限"",""基层工作最低年限"":""无限制"",""服务基层项目工作经历"":""无限制"",""是否在面试阶段组织专业能力测试"":""否"",""面试人员比例"":""3:1"",""工作地点"":""安徽省马鞍山市雨山区"",""落户地点"":""安徽省马鞍山市雨山区"",""备注"":""1.所列专业均要求最高学历主修专业，考生报考专业须与招录专业名称一致；2.仅限应届高校毕业生；3.本单位最低服务年限为5年（含试用期）。"",""部门网站"":""http://ahzd.stats.gov.cn/"",""咨询电话1"":""0551-68151025"",""咨询电话2"":""0551-68151028"",""咨询电话3"":""0551-68151029"",""来源Sheet"":""中央国家行政机关参照公务员法管理事业单位""}}"
"government_jobs","国家公务员2025招考简章","公务员/事业单位技术岗位","安徽省铜陵市义安区","2026-07-28T09:12:58.310295+00:00","铜陵调查队业务科室四级主任科员及以下","国家统计局安徽调查总队","","安徽省铜陵市义安区","公务员/事业单位;2025;computer_software;cybersecurity_cryptography;data_ai;本科或硕士研究生;与最高学历相对应的学位;本科：统计学、应用统计学、经济统计学；会计学；数学类（不含数理基础科学）；网络工程、软件工程、数据科学与大数据技术、网络空间安全；研究生：统计学、应用统计；概率论与数理统计、应用数学；计算机软件与理论、计算机应用技术、网络空间安全;市（地）级及以下直属机构综合管理类","用人司局：国家统计局安徽调查总队
职位简介：从事统计调查、数据处理、统计分析研究等工作
专业要求：本科：统计学、应用统计学、经济统计学；会计学；数学类（不含数理基础科学）；网络工程、软件工程、数据科学与大数据技术、网络空间安全；研究生：统计学、应用统计；概率论与数理统计、应用数学；计算机软件与理论、计算机应用技术、网络空间安全
学历要求：本科或硕士研究生
学位要求：与最高学历相对应的学位
政治面貌：不限
基层工作经历：无限制
考试类别：市（地）级及以下直属机构综合管理类
备注：1.所列专业均要求最高学历主修专业，考生报考专业须与招录专业名称一致；2.仅限应届高校毕业生；3.本单位最低服务年限为5年（含试用期）。","https://www.xjhc.gov.cn/xjhc/c116834/202410/a29382e11a674da3be3353af65f9fcc5.shtml#137112-400110112007","2024-10-14","{""dataset_year"":2025,""job_uid"":""GOV-2025-137112-400110112007"",""publisher"":""国家公务员局"",""publication_page"":""https://www.xjhc.gov.cn/xjhc/c116834/202410/a29382e11a674da3be3353af65f9fcc5.shtml"",""attachment_url"":""https://www.xjhc.gov.cn/xjhc/c116834/202410/a29382e11a674da3be3353af65f9fcc5/files/0536cef86e2b46ddad6aae5a3780089e.xls"",""local_source_file"":""2025_guokao_zhaokaojianzhang.xls"",""local_source_sha256"":""07ae6cab368cd21b7a1ac3e8150fe9a3d39ad5171ce76135ff3cccfe50c3e77e"",""source_sheet"":""中央国家行政机关参照公务员法管理事业单位"",""filter_version"":""government_tech_v2"",""tech_filter"":{""is_tech"":true,""is_core_tech"":true,""scope"":""core"",""categories"":[""computer_software"",""cybersecurity_cryptography"",""data_ai""],""matched_fields"":[""major"",""description""],""major_terms"":[""大数据"",""数据科学与大数据技术"",""网络工程"",""网络空间安全"",""计算机"",""软件工程""],""role_terms"":[""数据处理""],""reason"":""tech_major_and_role""},""original"":{""部门代码"":""137112"",""部门名称"":""国家统计局安徽调查总队"",""用人司局"":""国家统计局安徽调查总队"",""机构性质"":""中央国家行政机关参照公务员法管理事业单位"",""招考职位"":""铜陵调查队业务科室四级主任科员及以下"",""职位属性"":""普通职位"",""职位分布"":""其他职位"",""职位简介"":""从事统计调查、数据处理、统计分析研究等工作"",""职位代码"":""400110112007"",""机构层级"":""市（地）级"",""考试类别"":""市（地）级及以下直属机构综合管理类"",""招考人数"":""1"",""专业"":""本科：统计学、应用统计学、经济统计学；会计学；数学类（不含数理基础科学）；网络工程、软件工程、数据科学与大数据技术、网络空间安全；研究生：统计学、应用统计；概率论与数理统计、应用数学；计算机软件与理论、计算机应用技术、网络空间安全"",""学历"":""本科或硕士研究生"",""学位"":""与最高学历相对应的学位"",""政治面貌"":""不限"",""基层工作最低年限"":""无限制"",""服务基层项目工作经历"":""无限制"",""是否在面试阶段组织专业能力测试"":""否"",""面试人员比例"":""3:1"",""工作地点"":""安徽省铜陵市义安区"",""落户地点"":""安徽省铜陵市义安区"",""备注"":""1.所列专业均要求最高学历主修专业，考生报考专业须与招录专业名称一致；2.仅限应届高校毕业生；3.本单位最低服务年限为5年（含试用期）。"",""部门网站"":""http://ahzd.stats.gov.cn/"",""咨询电话1"":""0551-68151025"",""咨询电话2"":""0551-68151028"",""咨询电话3"":""0551-68151029"",""来源Sheet"":""中央国家行政机关参照公务员法管理事业单位""}}"
"government_jobs","国家公务员2025招考简章","公务员/事业单位技术岗位","安徽省池州市贵池区","2026-07-28T09:12:58.310295+00:00","池州调查队业务科室四级主任科员及以下（1）","国家统计局安徽调查总队","","安徽省池州市贵池区","公务员/事业单位;2025;computer_software;cybersecurity_cryptography;data_ai;本科或硕士研究生;与最高学历相对应的学位;本科：统计学、应用统计学、经济统计学；数学类（不含数理基础科学）；网络工程、软件工程、数据科学与大数据技术、网络空间安全；研究生：统计学、应用统计；概率论与数理统计、应用数学；计算机软件与理论、计算机应用技术、网络空间安全;市（地）级及以下直属机构综合管理类","用人司局：国家统计局安徽调查总队
职位简介：从事统计调查、数据处理、统计分析研究等工作
专业要求：本科：统计学、应用统计学、经济统计学；数学类（不含数理基础科学）；网络工程、软件工程、数据科学与大数据技术、网络空间安全；研究生：统计学、应用统计；概率论与数理统计、应用数学；计算机软件与理论、计算机应用技术、网络空间安全
学历要求：本科或硕士研究生
学位要求：与最高学历相对应的学位
政治面貌：不限
基层工作经历：无限制
考试类别：市（地）级及以下直属机构综合管理类
备注：1.仅限男性；2.所列专业均要求最高学历主修专业，考生报考专业须与招录专业名称一致；3.仅限应届高校毕业生；4.本单位最低服务年限为5年（含试用期）。","https://www.xjhc.gov.cn/xjhc/c116834/202410/a29382e11a674da3be3353af65f9fcc5.shtml#137112-400110112008","2024-10-14","{""dataset_year"":2025,""job_uid"":""GOV-2025-137112-400110112008"",""publisher"":""国家公务员局"",""publication_page"":""https://www.xjhc.gov.cn/xjhc/c116834/202410/a29382e11a674da3be3353af65f9fcc5.shtml"",""attachment_url"":""https://www.xjhc.gov.cn/xjhc/c116834/202410/a29382e11a674da3be3353af65f9fcc5/files/0536cef86e2b46ddad6aae5a3780089e.xls"",""local_source_file"":""2025_guokao_zhaokaojianzhang.xls"",""local_source_sha256"":""07ae6cab368cd21b7a1ac3e8150fe9a3d39ad5171ce76135ff3cccfe50c3e77e"",""source_sheet"":""中央国家行政机关参照公务员法管理事业单位"",""filter_version"":""government_tech_v2"",""tech_filter"":{""is_tech"":true,""is_core_tech"":true,""scope"":""core"",""categories"":[""computer_software"",""cybersecurity_cryptography"",""data_ai""],""matched_fields"":[""major"",""description""],""major_terms"":[""大数据"",""数据科学与大数据技术"",""网络工程"",""网络空间安全"",""计算机"",""软件工程""],""role_terms"":[""数据处理""],""reason"":""tech_major_and_role""},""original"":{""部门代码"":""137112"",""部门名称"":""国家统计局安徽调查总队"",""用人司局"":""国家统计局安徽调查总队"",""机构性质"":""中央国家行政机关参照公务员法管理事业单位"",""招考职位"":""池州调查队业务科室四级主任科员及以下（1）"",""职位属性"":""普通职位"",""职位分布"":""其他职位"",""职位简介"":""从事统计调查、数据处理、统计分析研究等工作"",""职位代码"":""400110112008"",""机构层级"":""市（地）级"",""考试类别"":""市（地）级及以下直属机构综合管理类"",""招考人数"":""1"",""专业"":""本科：统计学、应用统计学、经济统计学；数学类（不含数理基础科学）；网络工程、软件工程、数据科学与大数据技术、网络空间安全；研究生：统计学、应用统计；概率论与数理统计、应用数学；计算机软件与理论、计算机应用技术、网络空间安全"",""学历"":""本科或硕士研究生"",""学位"":""与最高学历相对应的学位"",""政治面貌"":""不限"",""基层工作最低年限"":""无限制"",""服务基层项目工作经历"":""无限制"",""是否在面试阶段组织专业能力测试"":""否"",""面试人员比例"":""3:1"",""工作地点"":""安徽省池州市贵池区"",""落户地点"":""安徽省池州市贵池区"",""备注"":""1.仅限男性；2.所列专业均要求最高学历主修专业，考生报考专业须与招录专业名称一致；3.仅限应届高校毕业生；4.本单位最低服务年限为5年（含试用期）。"",""部门网站"":""http://ahzd.stats.gov.cn/"",""咨询电话1"":""0551-68151025"",""咨询电话2"":""0551-68151028"",""咨询电话3"":""0551-68151029"",""来源Sheet"":""中央国家行政机关参照公务员法管理事业单位""}}"
"government_jobs","国家公务员2025招考简章","公务员/事业单位技术岗位","安徽省池州市贵池区","2026-07-28T09:12:58.310295+00:00","池州调查队业务科室四级主任科员及以下（2）","国家统计局安徽调查总队","","安徽省池州市贵池区","公务员/事业单位;2025;computer_software;cybersecurity_cryptography;data_ai;本科或硕士研究生;与最高学历相对应的学位;本科：统计学、应用统计学、经济统计学；数学类（不含数理基础科学）；网络工程、软件工程、数据科学与大数据技术、网络空间安全；研究生：统计学、应用统计；概率论与数理统计、应用数学；计算机软件与理论、计算机应用技术、网络空间安全;市（地）级及以下直属机构综合管理类","用人司局：国家统计局安徽调查总队
职位简介：从事统计调查、数据处理、统计分析研究等工作
专业要求：本科：统计学、应用统计学、经济统计学；数学类（不含数理基础科学）；网络工程、软件工程、数据科学与大数据技术、网络空间安全；研究生：统计学、应用统计；概率论与数理统计、应用数学；计算机软件与理论、计算机应用技术、网络空间安全
学历要求：本科或硕士研究生
学位要求：与最高学历相对应的学位
政治面貌：不限
基层工作经历：无限制
考试类别：市（地）级及以下直属机构综合管理类
备注：1.仅限女性；2.所列专业均要求最高学历主修专业，考生报考专业须与招录专业名称一致；3.仅限应届高校毕业生；4.本单位最低服务年限为5年（含试用期）。","https://www.xjhc.gov.cn/xjhc/c116834/202410/a29382e11a674da3be3353af65f9fcc5.shtml#137112-400110112009","2024-10-14","{""dataset_year"":2025,""job_uid"":""GOV-2025-137112-400110112009"",""publisher"":""国家公务员局"",""publication_page"":""https://www.xjhc.gov.cn/xjhc/c116834/202410/a29382e11a674da3be3353af65f9fcc5.shtml"",""attachment_url"":""https://www.xjhc.gov.cn/xjhc/c116834/202410/a29382e11a674da3be3353af65f9fcc5/files/0536cef86e2b46ddad6aae5a3780089e.xls"",""local_source_file"":""2025_guokao_zhaokaojianzhang.xls"",""local_source_sha256"":""07ae6cab368cd21b7a1ac3e8150fe9a3d39ad5171ce76135ff3cccfe50c3e77e"",""source_sheet"":""中央国家行政机关参照公务员法管理事业单位"",""filter_version"":""government_tech_v2"",""tech_filter"":{""is_tech"":true,""is_core_tech"":true,""scope"":""core"",""categories"":[""computer_software"",""cybersecurity_cryptography"",""data_ai""],""matched_fields"":[""major"",""description""],""major_terms"":[""大数据"",""数据科学与大数据技术"",""网络工程"",""网络空间安全"",""计算机"",""软件工程""],""role_terms"":[""数据处理""],""reason"":""tech_major_and_role""},""original"":{""部门代码"":""137112"",""部门名称"":""国家统计局安徽调查总队"",""用人司局"":""国家统计局安徽调查总队"",""机构性质"":""中央国家行政机关参照公务员法管理事业单位"",""招考职位"":""池州调查队业务科室四级主任科员及以下（2）"",""职位属性"":""普通职位"",""职位分布"":""其他职位"",""职位简介"":""从事统计调查、数据处理、统计分析研究等工作"",""职位代码"":""400110112009"",""机构层级"":""市（地）级"",""考试类别"":""市（地）级及以下直属机构综合管理类"",""招考人数"":""1"",""专业"":""本科：统计学、应用统计学、经济统计学；数学类（不含数理基础科学）；网络工程、软件工程、数据科学与大数据技术、网络空间安全；研究生：统计学、应用统计；概率论与数理统计、应用数学；计算机软件与理论、计算机应用技术、网络空间安全"",""学历"":""本科或硕士研究生"",""学位"":""与最高学历相对应的学位"",""政治面貌"":""不限"",""基层工作最低年限"":""无限制"",""服务基层项目工作经历"":""无限制"",""是否在面试阶段组织专业能力测试"":""否"",""面试人员比例"":""3:1"",""工作地点"":""安徽省池州市贵池区"",""落户地点"":""安徽省池州市贵池区"",""备注"":""1.仅限女性；2.所列专业均要求最高学历主修专业，考生报考专业须与招录专业名称一致；3.仅限应届高校毕业生；4.本单位最低服务年限为5年（含试用期）。"",""部门网站"":""http://ahzd.stats.gov.cn/"",""咨询电话1"":""0551-68151025"",""咨询电话2"":""0551-68151028"",""咨询电话3"":""0551-68151029"",""来源Sheet"":""中央国家行政机关参照公务员法管理事业单位""}}"
"government_jobs","国家公务员2025招考简章","公务员/事业单位技术岗位","安徽省安庆市宜秀区","2026-07-28T09:12:58.310295+00:00","安庆调查队业务科室四级主任科员及以下（1）","国家统计局安徽调查总队","","安徽省安庆市宜秀区","公务员/事业单位;2025;computer_software;cybersecurity_cryptography;data_ai;本科或硕士研究生;与最高学历相对应的学位;本科：统计学、应用统计学、经济统计学；数学类（不含数理基础科学）；网络工程、软件工程、数据科学与大数据技术、网络空间安全；研究生：统计学、应用统计；概率论与数理统计、应用数学；计算机软件与理论、计算机应用技术、网络空间安全;市（地）级及以下直属机构综合管理类","用人司局：国家统计局安徽调查总队
职位简介：从事统计调查、数据处理、统计分析研究等工作
专业要求：本科：统计学、应用统计学、经济统计学；数学类（不含数理基础科学）；网络工程、软件工程、数据科学与大数据技术、网络空间安全；研究生：统计学、应用统计；概率论与数理统计、应用数学；计算机软件与理论、计算机应用技术、网络空间安全
学历要求：本科或硕士研究生
学位要求：与最高学历相对应的学位
政治面貌：不限
基层工作经历：无限制
考试类别：市（地）级及以下直属机构综合管理类
备注：1.仅限男性；2.所列专业均要求最高学历主修专业，考生报考专业须与招录专业名称一致；3.仅限应届高校毕业生；4.本单位最低服务年限为5年（含试用期）。","https://www.xjhc.gov.cn/xjhc/c116834/202410/a29382e11a674da3be3353af65f9fcc5.shtml#137112-400110112010","2024-10-14","{""dataset_year"":2025,""job_uid"":""GOV-2025-137112-400110112010"",""publisher"":""国家公务员局"",""publication_page"":""https://www.xjhc.gov.cn/xjhc/c116834/202410/a29382e11a674da3be3353af65f9fcc5.shtml"",""attachment_url"":""https://www.xjhc.gov.cn/xjhc/c116834/202410/a29382e11a674da3be3353af65f9fcc5/files/0536cef86e2b46ddad6aae5a3780089e.xls"",""local_source_file"":""2025_guokao_zhaokaojianzhang.xls"",""local_source_sha256"":""07ae6cab368cd21b7a1ac3e8150fe9a3d39ad5171ce76135ff3cccfe50c3e77e"",""source_sheet"":""中央国家行政机关参照公务员法管理事业单位"",""filter_version"":""government_tech_v2"",""tech_filter"":{""is_tech"":true,""is_core_tech"":true,""scope"":""core"",""categories"":[""computer_software"",""cybersecurity_cryptography"",""data_ai""],""matched_fields"":[""major"",""description""],""major_terms"":[""大数据"",""数据科学与大数据技术"",""网络工程"",""网络空间安全"",""计算机"",""软件工程""],""role_terms"":[""数据处理""],""reason"":""tech_major_and_role""},""original"":{""部门代码"":""137112"",""部门名称"":""国家统计局安徽调查总队"",""用人司局"":""国家统计局安徽调查总队"",""机构性质"":""中央国家行政机关参照公务员法管理事业单位"",""招考职位"":""安庆调查队业务科室四级主任科员及以下（1）"",""职位属性"":""普通职位"",""职位分布"":""其他职位"",""职位简介"":""从事统计调查、数据处理、统计分析研究等工作"",""职位代码"":""400110112010"",""机构层级"":""市（地）级"",""考试类别"":""市（地）级及以下直属机构综合管理类"",""招考人数"":""1"",""专业"":""本科：统计学、应用统计学、经济统计学；数学类（不含数理基础科学）；网络工程、软件工程、数据科学与大数据技术、网络空间安全；研究生：统计学、应用统计；概率论与数理统计、应用数学；计算机软件与理论、计算机应用技术、网络空间安全"",""学历"":""本科或硕士研究生"",""学位"":""与最高学历相对应的学位"",""政治面貌"":""不限"",""基层工作最低年限"":""无限制"",""服务基层项目工作经历"":""无限制"",""是否在面试阶段组织专业能力测试"":""否"",""面试人员比例"":""3:1"",""工作地点"":""安徽省安庆市宜秀区"",""落户地点"":""安徽省安庆市宜秀区"",""备注"":""1.仅限男性；2.所列专业均要求最高学历主修专业，考生报考专业须与招录专业名称一致；3.仅限应届高校毕业生；4.本单位最低服务年限为5年（含试用期）。"",""部门网站"":""http://ahzd.stats.gov.cn/"",""咨询电话1"":""0551-68151025"",""咨询电话2"":""0551-68151028"",""咨询电话3"":""0551-68151029"",""来源Sheet"":""中央国家行政机关参照公务员法管理事业单位""}}"
"government_jobs","国家公务员2025招考简章","公务员/事业单位技术岗位","安徽省合肥市巢湖市","2026-07-28T09:12:58.310295+00:00","巢湖调查队一级科员","国家统计局安徽调查总队","","安徽省合肥市巢湖市","公务员/事业单位;2025;computer_software;cybersecurity_cryptography;data_ai;仅限本科;学士;统计学、应用统计学；经济学、经济统计学；数学类（不含数理基础科学）；网络工程、软件工程、数据科学与大数据技术、网络空间安全;市（地）级及以下直属机构综合管理类","用人司局：国家统计局安徽调查总队
职位简介：从事统计调查、数据处理、统计分析研究等工作
专业要求：统计学、应用统计学；经济学、经济统计学；数学类（不含数理基础科学）；网络工程、软件工程、数据科学与大数据技术、网络空间安全
学历要求：仅限本科
学位要求：学士
政治面貌：不限
基层工作经历：无限制
考试类别：市（地）级及以下直属机构综合管理类
备注：1.所列专业均要求主修专业，考生报考专业须与招录专业名称一致；2.仅限应届高校毕业生；3.本岗位需经常下乡入户，条件较为艰苦；4.本单位最低服务年限为5年（含试用期）。","https://www.xjhc.gov.cn/xjhc/c116834/202410/a29382e11a674da3be3353af65f9fcc5.shtml#137112-400110112011","2024-10-14","{""dataset_year"":2025,""job_uid"":""GOV-2025-137112-400110112011"",""publisher"":""国家公务员局"",""publication_page"":""https://www.xjhc.gov.cn/xjhc/c116834/202410/a29382e11a674da3be3353af65f9fcc5.shtml"",""attachment_url"":""https://www.xjhc.gov.cn/xjhc/c116834/202410/a29382e11a674da3be3353af65f9fcc5/files/0536cef86e2b46ddad6aae5a3780089e.xls"",""local_source_file"":""2025_guokao_zhaokaojianzhang.xls"",""local_source_sha256"":""07ae6cab368cd21b7a1ac3e8150fe9a3d39ad5171ce76135ff3cccfe50c3e77e"",""source_sheet"":""中央国家行政机关参照公务员法管理事业单位"",""filter_version"":""government_tech_v2"",""tech_filter"":{""is_tech"":true,""is_core_tech"":true,""scope"":""core"",""categories"":[""computer_software"",""cybersecurity_cryptography"",""data_ai""],""matched_fields"":[""major"",""description""],""major_terms"":[""大数据"",""数据科学与大数据技术"",""网络工程"",""网络空间安全"",""软件工程""],""role_terms"":[""数据处理""],""reason"":""tech_major_and_role""},""original"":{""部门代码"":""137112"",""部门名称"":""国家统计局安徽调查总队"",""用人司局"":""国家统计局安徽调查总队"",""机构性质"":""中央国家行政机关参照公务员法管理事业单位"",""招考职位"":""巢湖调查队一级科员"",""职位属性"":""普通职位"",""职位分布"":""其他职位"",""职位简介"":""从事统计调查、数据处理、统计分析研究等工作"",""职位代码"":""400110112011"",""机构层级"":""县（区）级及以下"",""考试类别"":""市（地）级及以下直属机构综合管理类"",""招考人数"":""1"",""专业"":""统计学、应用统计学；经济学、经济统计学；数学类（不含数理基础科学）；网络工程、软件工程、数据科学与大数据技术、网络空间安全"",""学历"":""仅限本科"",""学位"":""学士"",""政治面貌"":""不限"",""基层工作最低年限"":""无限制"",""服务基层项目工作经历"":""无限制"",""是否在面试阶段组织专业能力测试"":""否"",""面试人员比例"":""3:1"",""工作地点"":""安徽省合肥市巢湖市"",""落户地点"":""安徽省合肥市巢湖市"",""备注"":""1.所列专业均要求主修专业，考生报考专业须与招录专业名称一致；2.仅限应届高校毕业生；3.本岗位需经常下乡入户，条件较为艰苦；4.本单位最低服务年限为5年（含试用期）。"",""部门网站"":""http://ahzd.stats.gov.cn/"",""咨询电话1"":""0551-68151025"",""咨询电话2"":""0551-68151028"",""咨询电话3"":""0551-68151029"",""来源Sheet"":""中央国家行政机关参照公务员法管理事业单位""}}"
"government_jobs","国家公务员2025招考简章","公务员/事业单位技术岗位","安徽省淮北市濉溪县","2026-07-28T09:12:58.310295+00:00","濉溪调查队一级科员","国家统计局安徽调查总队","","安徽省淮北市濉溪县","公务员/事业单位;2025;computer_software;cybersecurity_cryptography;data_ai;仅限本科;学士;统计学、应用统计学；经济学、经济统计学；数学类（不含数理基础科学）；网络工程、软件工程、数据科学与大数据技术、网络空间安全;市（地）级及以下直属机构综合管理类","用人司局：国家统计局安徽调查总队
职位简介：从事统计调查、数据处理、统计分析研究等工作
专业要求：统计学、应用统计学；经济学、经济统计学；数学类（不含数理基础科学）；网络工程、软件工程、数据科学与大数据技术、网络空间安全
学历要求：仅限本科
学位要求：学士
政治面貌：不限
基层工作经历：无限制
考试类别：市（地）级及以下直属机构综合管理类
备注：1.所列专业均要求主修专业，考生报考专业须与招录专业名称一致；2.仅限应届高校毕业生；3.本岗位需经常下乡入户，条件较为艰苦；4.本单位最低服务年限为5年（含试用期）。","https://www.xjhc.gov.cn/xjhc/c116834/202410/a29382e11a674da3be3353af65f9fcc5.shtml#137112-400110112012","2024-10-14","{""dataset_year"":2025,""job_uid"":""GOV-2025-137112-400110112012"",""publisher"":""国家公务员局"",""publication_page"":""https://www.xjhc.gov.cn/xjhc/c116834/202410/a29382e11a674da3be3353af65f9fcc5.shtml"",""attachment_url"":""https://www.xjhc.gov.cn/xjhc/c116834/202410/a29382e11a674da3be3353af65f9fcc5/files/0536cef86e2b46ddad6aae5a3780089e.xls"",""local_source_file"":""2025_guokao_zhaokaojianzhang.xls"",""local_source_sha256"":""07ae6cab368cd21b7a1ac3e8150fe9a3d39ad5171ce76135ff3cccfe50c3e77e"",""source_sheet"":""中央国家行政机关参照公务员法管理事业单位"",""filter_version"":""government_tech_v2"",""tech_filter"":{""is_tech"":true,""is_core_tech"":true,""scope"":""core"",""categories"":[""computer_software"",""cybersecurity_cryptography"",""data_ai""],""matched_fields"":[""major"",""description""],""major_terms"":[""大数据"",""数据科学与大数据技术"",""网络工程"",""网络空间安全"",""软件工程""],""role_terms"":[""数据处理""],""reason"":""tech_major_and_role""},""original"":{""部门代码"":""137112"",""部门名称"":""国家统计局安徽调查总队"",""用人司局"":""国家统计局安徽调查总队"",""机构性质"":""中央国家行政机关参照公务员法管理事业单位"",""招考职位"":""濉溪调查队一级科员"",""职位属性"":""普通职位"",""职位分布"":""其他职位"",""职位简介"":""从事统计调查、数据处理、统计分析研究等工作"",""职位代码"":""400110112012"",""机构层级"":""县（区）级及以下"",""考试类别"":""市（地）级及以下直属机构综合管理类"",""招考人数"":""1"",""专业"":""统计学、应用统计学；经济学、经济统计学；数学类（不含数理基础科学）；网络工程、软件工程、数据科学与大数据技术、网络空间安全"",""学历"":""仅限本科"",""学位"":""学士"",""政治面貌"":""不限"",""基层工作最低年限"":""无限制"",""服务基层项目工作经历"":""无限制"",""是否在面试阶段组织专业能力测试"":""否"",""面试人员比例"":""3:1"",""工作地点"":""安徽省淮北市濉溪县"",""落户地点"":""安徽省淮北市濉溪县"",""备注"":""1.所列专业均要求主修专业，考生报考专业须与招录专业名称一致；2.仅限应届高校毕业生；3.本岗位需经常下乡入户，条件较为艰苦；4.本单位最低服务年限为5年（含试用期）。"",""部门网站"":""http://ahzd.stats.gov.cn/"",""咨询电话1"":""0551-68151025"",""咨询电话2"":""0551-68151028"",""咨询电话3"":""0551-68151029"",""来源Sheet"":""中央国家行政机关参照公务员法管理事业单位""}}"
"government_jobs","国家公务员2025招考简章","公务员/事业单位技术岗位","安徽省亳州市蒙城县","2026-07-28T09:12:58.310295+00:00","蒙城调查队一级科员","国家统计局安徽调查总队","","安徽省亳州市蒙城县","公务员/事业单位;2025;computer_software;cybersecurity_cryptography;data_ai;仅限本科;学士;统计学、应用统计学；经济学、经济统计学；数学类（不含数理基础科学）；网络工程、软件工程、数据科学与大数据技术、网络空间安全;市（地）级及以下直属机构综合管理类","用人司局：国家统计局安徽调查总队
职位简介：从事统计调查、数据处理、统计分析研究等工作
专业要求：统计学、应用统计学；经济学、经济统计学；数学类（不含数理基础科学）；网络工程、软件工程、数据科学与大数据技术、网络空间安全
学历要求：仅限本科
学位要求：学士
政治面貌：不限
基层工作经历：无限制
考试类别：市（地）级及以下直属机构综合管理类
备注：1.所列专业均要求主修专业，考生报考专业须与招录专业名称一致；2.仅限应届高校毕业生；3.本岗位需经常下乡入户，条件较为艰苦；4.本单位最低服务年限为5年（含试用期）。","https://www.xjhc.gov.cn/xjhc/c116834/202410/a29382e11a674da3be3353af65f9fcc5.shtml#137112-400110112013","2024-10-14","{""dataset_year"":2025,""job_uid"":""GOV-2025-137112-400110112013"",""publisher"":""国家公务员局"",""publication_page"":""https://www.xjhc.gov.cn/xjhc/c116834/202410/a29382e11a674da3be3353af65f9fcc5.shtml"",""attachment_url"":""https://www.xjhc.gov.cn/xjhc/c116834/202410/a29382e11a674da3be3353af65f9fcc5/files/0536cef86e2b46ddad6aae5a3780089e.xls"",""local_source_file"":""2025_guokao_zhaokaojianzhang.xls"",""local_source_sha256"":""07ae6cab368cd21b7a1ac3e8150fe9a3d39ad5171ce76135ff3cccfe50c3e77e"",""source_sheet"":""中央国家行政机关参照公务员法管理事业单位"",""filter_version"":""government_tech_v2"",""tech_filter"":{""is_tech"":true,""is_core_tech"":true,""scope"":""core"",""categories"":[""computer_software"",""cybersecurity_cryptography"",""data_ai""],""matched_fields"":[""major"",""description""],""major_terms"":[""大数据"",""数据科学与大数据技术"",""网络工程"",""网络空间安全"",""软件工程""],""role_terms"":[""数据处理""],""reason"":""tech_major_and_role""},""original"":{""部门代码"":""137112"",""部门名称"":""国家统计局安徽调查总队"",""用人司局"":""国家统计局安徽调查总队"",""机构性质"":""中央国家行政机关参照公务员法管理事业单位"",""招考职位"":""蒙城调查队一级科员"",""职位属性"":""普通职位"",""职位分布"":""其他职位"",""职位简介"":""从事统计调查、数据处理、统计分析研究等工作"",""职位代码"":""400110112013"",""机构层级"":""县（区）级及以下"",""考试类别"":""市（地）级及以下直属机构综合管理类"",""招考人数"":""1"",""专业"":""统计学、应用统计学；经济学、经济统计学；数学类（不含数理基础科学）；网络工程、软件工程、数据科学与大数据技术、网络空间安全"",""学历"":""仅限本科"",""学位"":""学士"",""政治面貌"":""不限"",""基层工作最低年限"":""无限制"",""服务基层项目工作经历"":""无限制"",""是否在面试阶段组织专业能力测试"":""否"",""面试人员比例"":""3:1"",""工作地点"":""安徽省亳州市蒙城县"",""落户地点"":""安徽省亳州市蒙城县"",""备注"":""1.所列专业均要求主修专业，考生报考专业须与招录专业名称一致；2.仅限应届高校毕业生；3.本岗位需经常下乡入户，条件较为艰苦；4.本单位最低服务年限为5年（含试用期）。"",""部门网站"":""http://ahzd.stats.gov.cn/"",""咨询电话1"":""0551-68151025"",""咨询电话2"":""0551-68151028"",""咨询电话3"":""0551-68151029"",""来源Sheet"":""中央国家行政机关参照公务员法管理事业单位""}}"
"government_jobs","国家公务员2025招考简章","公务员/事业单位技术岗位","安徽省亳州市涡阳县","2026-07-28T09:12:58.310295+00:00","涡阳调查队一级科员","国家统计局安徽调查总队","","安徽省亳州市涡阳县","公务员/事业单位;2025;computer_software;cybersecurity_cryptography;data_ai;仅限本科;学士;统计学、应用统计学；经济学、经济统计学；数学类（不含数理基础科学）；网络工程、软件工程、数据科学与大数据技术、网络空间安全;市（地）级及以下直属机构综合管理类","用人司局：国家统计局安徽调查总队
职位简介：从事统计调查、数据处理、统计分析研究等工作
专业要求：统计学、应用统计学；经济学、经济统计学；数学类（不含数理基础科学）；网络工程、软件工程、数据科学与大数据技术、网络空间安全
学历要求：仅限本科
学位要求：学士
政治面貌：不限
基层工作经历：无限制
考试类别：市（地）级及以下直属机构综合管理类
备注：1.所列专业均要求主修专业，考生报考专业须与招录专业名称一致；2.仅限应届高校毕业生；3.本岗位需经常下乡入户，条件较为艰苦；4.本单位最低服务年限为5年（含试用期）。","https://www.xjhc.gov.cn/xjhc/c116834/202410/a29382e11a674da3be3353af65f9fcc5.shtml#137112-400110112014","2024-10-14","{""dataset_year"":2025,""job_uid"":""GOV-2025-137112-400110112014"",""publisher"":""国家公务员局"",""publication_page"":""https://www.xjhc.gov.cn/xjhc/c116834/202410/a29382e11a674da3be3353af65f9fcc5.shtml"",""attachment_url"":""https://www.xjhc.gov.cn/xjhc/c116834/202410/a29382e11a674da3be3353af65f9fcc5/files/0536cef86e2b46ddad6aae5a3780089e.xls"",""local_source_file"":""2025_guokao_zhaokaojianzhang.xls"",""local_source_sha256"":""07ae6cab368cd21b7a1ac3e8150fe9a3d39ad5171ce76135ff3cccfe50c3e77e"",""source_sheet"":""中央国家行政机关参照公务员法管理事业单位"",""filter_version"":""government_tech_v2"",""tech_filter"":{""is_tech"":true,""is_core_tech"":true,""scope"":""core"",""categories"":[""computer_software"",""cybersecurity_cryptography"",""data_ai""],""matched_fields"":[""major"",""description""],""major_terms"":[""大数据"",""数据科学与大数据技术"",""网络工程"",""网络空间安全"",""软件工程""],""role_terms"":[""数据处理""],""reason"":""tech_major_and_role""},""original"":{""部门代码"":""137112"",""部门名称"":""国家统计局安徽调查总队"",""用人司局"":""国家统计局安徽调查总队"",""机构性质"":""中央国家行政机关参照公务员法管理事业单位"",""招考职位"":""涡阳调查队一级科员"",""职位属性"":""普通职位"",""职位分布"":""其他职位"",""职位简介"":""从事统计调查、数据处理、统计分析研究等工作"",""职位代码"":""400110112014"",""机构层级"":""县（区）级及以下"",""考试类别"":""市（地）级及以下直属机构综合管理类"",""招考人数"":""1"",""专业"":""统计学、应用统计学；经济学、经济统计学；数学类（不含数理基础科学）；网络工程、软件工程、数据科学与大数据技术、网络空间安全"",""学历"":""仅限本科"",""学位"":""学士"",""政治面貌"":""不限"",""基层工作最低年限"":""无限制"",""服务基层项目工作经历"":""无限制"",""是否在面试阶段组织专业能力测试"":""否"",""面试人员比例"":""3:1"",""工作地点"":""安徽省亳州市涡阳县"",""落户地点"":""安徽省亳州市涡阳县"",""备注"":""1.所列专业均要求主修专业，考生报考专业须与招录专业名称一致；2.仅限应届高校毕业生；3.本岗位需经常下乡入户，条件较为艰苦；4.本单位最低服务年限为5年（含试用期）。"",""部门网站"":""http://ahzd.stats.gov.cn/"",""咨询电话1"":""0551-68151025"",""咨询电话2"":""0551-68151028"",""咨询电话3"":""0551-68151029"",""来源Sheet"":""中央国家行政机关参照公务员法管理事业单位""}}"
"government_jobs","国家公务员2025招考简章","公务员/事业单位技术岗位","安徽省宿州市萧县","2026-07-28T09:12:58.310295+00:00","萧县调查队一级科员","国家统计局安徽调查总队","","安徽省宿州市萧县","公务员/事业单位;2025;computer_software;cybersecurity_cryptography;data_ai;仅限本科;学士;统计学、应用统计学；经济学、经济统计学；数学类（不含数理基础科学）；网络工程、软件工程、数据科学与大数据技术、网络空间安全;市（地）级及以下直属机构综合管理类","用人司局：国家统计局安徽调查总队
职位简介：从事统计调查、数据处理、统计分析研究等工作
专业要求：统计学、应用统计学；经济学、经济统计学；数学类（不含数理基础科学）；网络工程、软件工程、数据科学与大数据技术、网络空间安全
学历要求：仅限本科
学位要求：学士
政治面貌：不限
基层工作经历：无限制
考试类别：市（地）级及以下直属机构综合管理类
备注：1.所列专业均要求主修专业，考生报考专业须与招录专业名称一致；2.仅限应届高校毕业生；3.本岗位需经常下乡入户，条件较为艰苦；4.本单位最低服务年限为5年（含试用期）。","https://www.xjhc.gov.cn/xjhc/c116834/202410/a29382e11a674da3be3353af65f9fcc5.shtml#137112-400110112015","2024-10-14","{""dataset_year"":2025,""job_uid"":""GOV-2025-137112-400110112015"",""publisher"":""国家公务员局"",""publication_page"":""https://www.xjhc.gov.cn/xjhc/c116834/202410/a29382e11a674da3be3353af65f9fcc5.shtml"",""attachment_url"":""https://www.xjhc.gov.cn/xjhc/c116834/202410/a29382e11a674da3be3353af65f9fcc5/files/0536cef86e2b46ddad6aae5a3780089e.xls"",""local_source_file"":""2025_guokao_zhaokaojianzhang.xls"",""local_source_sha256"":""07ae6cab368cd21b7a1ac3e8150fe9a3d39ad5171ce76135ff3cccfe50c3e77e"",""source_sheet"":""中央国家行政机关参照公务员法管理事业单位"",""filter_version"":""government_tech_v2"",""tech_filter"":{""is_tech"":true,""is_core_tech"":true,""scope"":""core"",""categories"":[""computer_software"",""cybersecurity_cryptography"",""data_ai""],""matched_fields"":[""major"",""description""],""major_terms"":[""大数据"",""数据科学与大数据技术"",""网络工程"",""网络空间安全"",""软件工程""],""role_terms"":[""数据处理""],""reason"":""tech_major_and_role""},""original"":{""部门代码"":""137112"",""部门名称"":""国家统计局安徽调查总队"",""用人司局"":""国家统计局安徽调查总队"",""机构性质"":""中央国家行政机关参照公务员法管理事业单位"",""招考职位"":""萧县调查队一级科员"",""职位属性"":""普通职位"",""职位分布"":""其他职位"",""职位简介"":""从事统计调查、数据处理、统计分析研究等工作"",""职位代码"":""400110112015"",""机构层级"":""县（区）级及以下"",""考试类别"":""市（地）级及以下直属机构综合管理类"",""招考人数"":""1"",""专业"":""统计学、应用统计学；经济学、经济统计学；数学类（不含数理基础科学）；网络工程、软件工程、数据科学与大数据技术、网络空间安全"",""学历"":""仅限本科"",""学位"":""学士"",""政治面貌"":""不限"",""基层工作最低年限"":""无限制"",""服务基层项目工作经历"":""无限制"",""是否在面试阶段组织专业能力测试"":""否"",""面试人员比例"":""3:1"",""工作地点"":""安徽省宿州市萧县"",""落户地点"":""安徽省宿州市萧县"",""备注"":""1.所列专业均要求主修专业，考生报考专业须与招录专业名称一致；2.仅限应届高校毕业生；3.本岗位需经常下乡入户，条件较为艰苦；4.本单位最低服务年限为5年（含试用期）。"",""部门网站"":""http://ahzd.stats.gov.cn/"",""咨询电话1"":""0551-68151025"",""咨询电话2"":""0551-68151028"",""咨询电话3"":""0551-68151029"",""来源Sheet"":""中央国家行政机关参照公务员法管理事业单位""}}"
"government_jobs","国家公务员2025招考简章","公务员/事业单位技术岗位","安徽省宿州市灵璧县","2026-07-28T09:12:58.310295+00:00","灵璧调查队一级科员","国家统计局安徽调查总队","","安徽省宿州市灵璧县","公务员/事业单位;2025;computer_software;cybersecurity_cryptography;data_ai;仅限本科;学士;统计学、应用统计学；经济学、经济统计学；数学类（不含数理基础科学）；网络工程、软件工程、数据科学与大数据技术、网络空间安全;市（地）级及以下直属机构综合管理类","用人司局：国家统计局安徽调查总队
职位简介：从事统计调查、数据处理、统计分析研究等工作
专业要求：统计学、应用统计学；经济学、经济统计学；数学类（不含数理基础科学）；网络工程、软件工程、数据科学与大数据技术、网络空间安全
学历要求：仅限本科
学位要求：学士
政治面貌：不限
基层工作经历：无限制
考试类别：市（地）级及以下直属机构综合管理类
备注：1.所列专业均要求主修专业，考生报考专业须与招录专业名称一致；2.仅限应届高校毕业生；3.本岗位需经常下乡入户，条件较为艰苦；4.本单位最低服务年限为5年（含试用期）。","https://www.xjhc.gov.cn/xjhc/c116834/202410/a29382e11a674da3be3353af65f9fcc5.shtml#137112-400110112016","2024-10-14","{""dataset_year"":2025,""job_uid"":""GOV-2025-137112-400110112016"",""publisher"":""国家公务员局"",""publication_page"":""https://www.xjhc.gov.cn/xjhc/c116834/202410/a29382e11a674da3be3353af65f9fcc5.shtml"",""attachment_url"":""https://www.xjhc.gov.cn/xjhc/c116834/202410/a29382e11a674da3be3353af65f9fcc5/files/0536cef86e2b46ddad6aae5a3780089e.xls"",""local_source_file"":""2025_guokao_zhaokaojianzhang.xls"",""local_source_sha256"":""07ae6cab368cd21b7a1ac3e8150fe9a3d39ad5171ce76135ff3cccfe50c3e77e"",""source_sheet"":""中央国家行政机关参照公务员法管理事业单位"",""filter_version"":""government_tech_v2"",""tech_filter"":{""is_tech"":true,""is_core_tech"":true,""scope"":""core"",""categories"":[""computer_software"",""cybersecurity_cryptography"",""data_ai""],""matched_fields"":[""major"",""description""],""major_terms"":[""大数据"",""数据科学与大数据技术"",""网络工程"",""网络空间安全"",""软件工程""],""role_terms"":[""数据处理""],""reason"":""tech_major_and_role""},""original"":{""部门代码"":""137112"",""部门名称"":""国家统计局安徽调查总队"",""用人司局"":""国家统计局安徽调查总队"",""机构性质"":""中央国家行政机关参照公务员法管理事业单位"",""招考职位"":""灵璧调查队一级科员"",""职位属性"":""普通职位"",""职位分布"":""其他职位"",""职位简介"":""从事统计调查、数据处理、统计分析研究等工作"",""职位代码"":""400110112016"",""机构层级"":""县（区）级及以下"",""考试类别"":""市（地）级及以下直属机构综合管理类"",""招考人数"":""1"",""专业"":""统计学、应用统计学；经济学、经济统计学；数学类（不含数理基础科学）；网络工程、软件工程、数据科学与大数据技术、网络空间安全"",""学历"":""仅限本科"",""学位"":""学士"",""政治面貌"":""不限"",""基层工作最低年限"":""无限制"",""服务基层项目工作经历"":""无限制"",""是否在面试阶段组织专业能力测试"":""否"",""面试人员比例"":""3:1"",""工作地点"":""安徽省宿州市灵璧县"",""落户地点"":""安徽省宿州市灵璧县"",""备注"":""1.所列专业均要求主修专业，考生报考专业须与招录专业名称一致；2.仅限应届高校毕业生；3.本岗位需经常下乡入户，条件较为艰苦；4.本单位最低服务年限为5年（含试用期）。"",""部门网站"":""http://ahzd.stats.gov.cn/"",""咨询电话1"":""0551-68151025"",""咨询电话2"":""0551-68151028"",""咨询电话3"":""0551-68151029"",""来源Sheet"":""中央国家行政机关参照公务员法管理事业单位""}}"
"government_jobs","国家公务员2025招考简章","公务员/事业单位技术岗位","安徽省蚌埠市怀远县","2026-07-28T09:12:58.310295+00:00","怀远调查队一级科员","国家统计局安徽调查总队","","安徽省蚌埠市怀远县","公务员/事业单位;2025;computer_software;cybersecurity_cryptography;data_ai;仅限本科;学士;统计学、应用统计学；经济学、经济统计学；数学类（不含数理基础科学）；网络工程、软件工程、数据科学与大数据技术、网络空间安全;市（地）级及以下直属机构综合管理类","用人司局：国家统计局安徽调查总队
职位简介：从事统计调查、数据处理、统计分析研究等工作
专业要求：统计学、应用统计学；经济学、经济统计学；数学类（不含数理基础科学）；网络工程、软件工程、数据科学与大数据技术、网络空间安全
学历要求：仅限本科
学位要求：学士
政治面貌：不限
基层工作经历：无限制
考试类别：市（地）级及以下直属机构综合管理类
备注：1.所列专业均要求主修专业，考生报考专业须与招录专业名称一致；2.仅限应届高校毕业生；3.本岗位需经常下乡入户，条件较为艰苦；4.本单位最低服务年限为5年（含试用期）。","https://www.xjhc.gov.cn/xjhc/c116834/202410/a29382e11a674da3be3353af65f9fcc5.shtml#137112-400110112017","2024-10-14","{""dataset_year"":2025,""job_uid"":""GOV-2025-137112-400110112017"",""publisher"":""国家公务员局"",""publication_page"":""https://www.xjhc.gov.cn/xjhc/c116834/202410/a29382e11a674da3be3353af65f9fcc5.shtml"",""attachment_url"":""https://www.xjhc.gov.cn/xjhc/c116834/202410/a29382e11a674da3be3353af65f9fcc5/files/0536cef86e2b46ddad6aae5a3780089e.xls"",""local_source_file"":""2025_guokao_zhaokaojianzhang.xls"",""local_source_sha256"":""07ae6cab368cd21b7a1ac3e8150fe9a3d39ad5171ce76135ff3cccfe50c3e77e"",""source_sheet"":""中央国家行政机关参照公务员法管理事业单位"",""filter_version"":""government_tech_v2"",""tech_filter"":{""is_tech"":true,""is_core_tech"":true,""scope"":""core"",""categories"":[""computer_software"",""cybersecurity_cryptography"",""data_ai""],""matched_fields"":[""major"",""description""],""major_terms"":[""大数据"",""数据科学与大数据技术"",""网络工程"",""网络空间安全"",""软件工程""],""role_terms"":[""数据处理""],""reason"":""tech_major_and_role""},""original"":{""部门代码"":""137112"",""部门名称"":""国家统计局安徽调查总队"",""用人司局"":""国家统计局安徽调查总队"",""机构性质"":""中央国家行政机关参照公务员法管理事业单位"",""招考职位"":""怀远调查队一级科员"",""职位属性"":""普通职位"",""职位分布"":""其他职位"",""职位简介"":""从事统计调查、数据处理、统计分析研究等工作"",""职位代码"":""400110112017"",""机构层级"":""县（区）级及以下"",""考试类别"":""市（地）级及以下直属机构综合管理类"",""招考人数"":""1"",""专业"":""统计学、应用统计学；经济学、经济统计学；数学类（不含数理基础科学）；网络工程、软件工程、数据科学与大数据技术、网络空间安全"",""学历"":""仅限本科"",""学位"":""学士"",""政治面貌"":""不限"",""基层工作最低年限"":""无限制"",""服务基层项目工作经历"":""无限制"",""是否在面试阶段组织专业能力测试"":""否"",""面试人员比例"":""3:1"",""工作地点"":""安徽省蚌埠市怀远县"",""落户地点"":""安徽省蚌埠市怀远县"",""备注"":""1.所列专业均要求主修专业，考生报考专业须与招录专业名称一致；2.仅限应届高校毕业生；3.本岗位需经常下乡入户，条件较为艰苦；4.本单位最低服务年限为5年（含试用期）。"",""部门网站"":""http://ahzd.stats.gov.cn/"",""咨询电话1"":""0551-68151025"",""咨询电话2"":""0551-68151028"",""咨询电话3"":""0551-68151029"",""来源Sheet"":""中央国家行政机关参照公务员法管理事业单位""}}"
"government_jobs","国家公务员2025招考简章","公务员/事业单位技术岗位","安徽省阜阳市太和县","2026-07-28T09:12:58.310295+00:00","太和调查队一级科员（1）","国家统计局安徽调查总队","","安徽省阜阳市太和县","公务员/事业单位;2025;computer_software;cybersecurity_cryptography;data_ai;仅限本科;学士;统计学、应用统计学；经济学、经济统计学；数学类（不含数理基础科学）；网络工程、软件工程、数据科学与大数据技术、网络空间安全;市（地）级及以下直属机构综合管理类","用人司局：国家统计局安徽调查总队
职位简介：从事统计调查、数据处理、统计分析研究等工作
专业要求：统计学、应用统计学；经济学、经济统计学；数学类（不含数理基础科学）；网络工程、软件工程、数据科学与大数据技术、网络空间安全
学历要求：仅限本科
学位要求：学士
政治面貌：不限
基层工作经历：无限制
考试类别：市（地）级及以下直属机构综合管理类
备注：1.所列专业均要求主修专业，考生报考专业须与招录专业名称一致；2.仅限应届高校毕业生；3.本岗位需经常下乡入户，条件较为艰苦；4.本单位最低服务年限为5年（含试用期）。","https://www.xjhc.gov.cn/xjhc/c116834/202410/a29382e11a674da3be3353af65f9fcc5.shtml#137112-400110112018","2024-10-14","{""dataset_year"":2025,""job_uid"":""GOV-2025-137112-400110112018"",""publisher"":""国家公务员局"",""publication_page"":""https://www.xjhc.gov.cn/xjhc/c116834/202410/a29382e11a674da3be3353af65f9fcc5.shtml"",""attachment_url"":""https://www.xjhc.gov.cn/xjhc/c116834/202410/a29382e11a674da3be3353af65f9fcc5/files/0536cef86e2b46ddad6aae5a3780089e.xls"",""local_source_file"":""2025_guokao_zhaokaojianzhang.xls"",""local_source_sha256"":""07ae6cab368cd21b7a1ac3e8150fe9a3d39ad5171ce76135ff3cccfe50c3e77e"",""source_sheet"":""中央国家行政机关参照公务员法管理事业单位"",""filter_version"":""government_tech_v2"",""tech_filter"":{""is_tech"":true,""is_core_tech"":true,""scope"":""core"",""categories"":[""computer_software"",""cybersecurity_cryptography"",""data_ai""],""matched_fields"":[""major"",""description""],""major_terms"":[""大数据"",""数据科学与大数据技术"",""网络工程"",""网络空间安全"",""软件工程""],""role_terms"":[""数据处理""],""reason"":""tech_major_and_role""},""original"":{""部门代码"":""137112"",""部门名称"":""国家统计局安徽调查总队"",""用人司局"":""国家统计局安徽调查总队"",""机构性质"":""中央国家行政机关参照公务员法管理事业单位"",""招考职位"":""太和调查队一级科员（1）"",""职位属性"":""普通职位"",""职位分布"":""其他职位"",""职位简介"":""从事统计调查、数据处理、统计分析研究等工作"",""职位代码"":""400110112018"",""机构层级"":""县（区）级及以下"",""考试类别"":""市（地）级及以下直属机构综合管理类"",""招考人数"":""1"",""专业"":""统计学、应用统计学；经济学、经济统计学；数学类（不含数理基础科学）；网络工程、软件工程、数据科学与大数据技术、网络空间安全"",""学历"":""仅限本科"",""学位"":""学士"",""政治面貌"":""不限"",""基层工作最低年限"":""无限制"",""服务基层项目工作经历"":""无限制"",""是否在面试阶段组织专业能力测试"":""否"",""面试人员比例"":""3:1"",""工作地点"":""安徽省阜阳市太和县"",""落户地点"":""安徽省阜阳市太和县"",""备注"":""1.所列专业均要求主修专业，考生报考专业须与招录专业名称一致；2.仅限应届高校毕业生；3.本岗位需经常下乡入户，条件较为艰苦；4.本单位最低服务年限为5年（含试用期）。"",""部门网站"":""http://ahzd.stats.gov.cn/"",""咨询电话1"":""0551-68151025"",""咨询电话2"":""0551-68151028"",""咨询电话3"":""0551-68151029"",""来源Sheet"":""中央国家行政机关参照公务员法管理事业单位""}}"
"government_jobs","国家公务员2025招考简章","公务员/事业单位技术岗位","安徽省阜阳市太和县","2026-07-28T09:12:58.310295+00:00","太和调查队一级科员（2）","国家统计局安徽调查总队","","安徽省阜阳市太和县","公务员/事业单位;2025;computer_software;cybersecurity_cryptography;data_ai;仅限本科;学士;统计学、应用统计学；经济学、经济统计学；数学类（不含数理基础科学）；计算机科学与技术、网络工程、软件工程、数据科学与大数据技术、网络空间安全；会计学、财务管理、审计学;市（地）级及以下直属机构综合管理类","用人司局：国家统计局安徽调查总队
职位简介：从事统计调查、数据处理、统计分析研究等工作
专业要求：统计学、应用统计学；经济学、经济统计学；数学类（不含数理基础科学）；计算机科学与技术、网络工程、软件工程、数据科学与大数据技术、网络空间安全；会计学、财务管理、审计学
学历要求：仅限本科
学位要求：学士
政治面貌：不限
基层工作经历：二年
考试类别：市（地）级及以下直属机构综合管理类
备注：1.所列专业均要求主修专业，考生报考专业须与招录专业名称一致；2.本岗位需经常下乡入户，条件较为艰苦；3.本单位最低服务年限为5年（含试用期）。","https://www.xjhc.gov.cn/xjhc/c116834/202410/a29382e11a674da3be3353af65f9fcc5.shtml#137112-400110112019","2024-10-14","{""dataset_year"":2025,""job_uid"":""GOV-2025-137112-400110112019"",""publisher"":""国家公务员局"",""publication_page"":""https://www.xjhc.gov.cn/xjhc/c116834/202410/a29382e11a674da3be3353af65f9fcc5.shtml"",""attachment_url"":""https://www.xjhc.gov.cn/xjhc/c116834/202410/a29382e11a674da3be3353af65f9fcc5/files/0536cef86e2b46ddad6aae5a3780089e.xls"",""local_source_file"":""2025_guokao_zhaokaojianzhang.xls"",""local_source_sha256"":""07ae6cab368cd21b7a1ac3e8150fe9a3d39ad5171ce76135ff3cccfe50c3e77e"",""source_sheet"":""中央国家行政机关参照公务员法管理事业单位"",""filter_version"":""government_tech_v2"",""tech_filter"":{""is_tech"":true,""is_core_tech"":true,""scope"":""core"",""categories"":[""computer_software"",""cybersecurity_cryptography"",""data_ai""],""matched_fields"":[""major"",""description""],""major_terms"":[""大数据"",""数据科学与大数据技术"",""网络工程"",""网络空间安全"",""计算机科学与技术"",""软件工程""],""role_terms"":[""数据处理""],""reason"":""tech_major_and_role""},""original"":{""部门代码"":""137112"",""部门名称"":""国家统计局安徽调查总队"",""用人司局"":""国家统计局安徽调查总队"",""机构性质"":""中央国家行政机关参照公务员法管理事业单位"",""招考职位"":""太和调查队一级科员（2）"",""职位属性"":""普通职位"",""职位分布"":""其他职位"",""职位简介"":""从事统计调查、数据处理、统计分析研究等工作"",""职位代码"":""400110112019"",""机构层级"":""县（区）级及以下"",""考试类别"":""市（地）级及以下直属机构综合管理类"",""招考人数"":""1"",""专业"":""统计学、应用统计学；经济学、经济统计学；数学类（不含数理基础科学）；计算机科学与技术、网络工程、软件工程、数据科学与大数据技术、网络空间安全；会计学、财务管理、审计学"",""学历"":""仅限本科"",""学位"":""学士"",""政治面貌"":""不限"",""基层工作最低年限"":""二年"",""服务基层项目工作经历"":""“三支一扶”计划、大学生志愿服务西部计划"",""是否在面试阶段组织专业能力测试"":""否"",""面试人员比例"":""3:1"",""工作地点"":""安徽省阜阳市太和县"",""落户地点"":""安徽省阜阳市太和县"",""备注"":""1.所列专业均要求主修专业，考生报考专业须与招录专业名称一致；2.本岗位需经常下乡入户，条件较为艰苦；3.本单位最低服务年限为5年（含试用期）。"",""部门网站"":""http://ahzd.stats.gov.cn/"",""咨询电话1"":""0551-68151025"",""咨询电话2"":""0551-68151028"",""咨询电话3"":""0551-68151029"",""来源Sheet"":""中央国家行政机关参照公务员法管理事业单位""}}"
"government_jobs","国家公务员2025招考简章","公务员/事业单位技术岗位","安徽省滁州市定远县","2026-07-28T09:12:58.310295+00:00","定远调查队一级科员","国家统计局安徽调查总队","","安徽省滁州市定远县","公务员/事业单位;2025;computer_software;cybersecurity_cryptography;data_ai;仅限本科;学士;统计学、应用统计学；经济学、经济统计学；数学类（不含数理基础科学）；网络工程、软件工程、数据科学与大数据技术、网络空间安全;市（地）级及以下直属机构综合管理类","用人司局：国家统计局安徽调查总队
职位简介：从事统计调查、数据处理、统计分析研究等工作
专业要求：统计学、应用统计学；经济学、经济统计学；数学类（不含数理基础科学）；网络工程、软件工程、数据科学与大数据技术、网络空间安全
学历要求：仅限本科
学位要求：学士
政治面貌：不限
基层工作经历：无限制
考试类别：市（地）级及以下直属机构综合管理类
备注：1.所列专业均要求主修专业，考生报考专业须与招录专业名称一致；2.仅限应届高校毕业生；3.本岗位需经常下乡入户，条件较为艰苦；4.本单位最低服务年限为5年（含试用期）。","https://www.xjhc.gov.cn/xjhc/c116834/202410/a29382e11a674da3be3353af65f9fcc5.shtml#137112-400110112020","2024-10-14","{""dataset_year"":2025,""job_uid"":""GOV-2025-137112-400110112020"",""publisher"":""国家公务员局"",""publication_page"":""https://www.xjhc.gov.cn/xjhc/c116834/202410/a29382e11a674da3be3353af65f9fcc5.shtml"",""attachment_url"":""https://www.xjhc.gov.cn/xjhc/c116834/202410/a29382e11a674da3be3353af65f9fcc5/files/0536cef86e2b46ddad6aae5a3780089e.xls"",""local_source_file"":""2025_guokao_zhaokaojianzhang.xls"",""local_source_sha256"":""07ae6cab368cd21b7a1ac3e8150fe9a3d39ad5171ce76135ff3cccfe50c3e77e"",""source_sheet"":""中央国家行政机关参照公务员法管理事业单位"",""filter_version"":""government_tech_v2"",""tech_filter"":{""is_tech"":true,""is_core_tech"":true,""scope"":""core"",""categories"":[""computer_software"",""cybersecurity_cryptography"",""data_ai""],""matched_fields"":[""major"",""description""],""major_terms"":[""大数据"",""数据科学与大数据技术"",""网络工程"",""网络空间安全"",""软件工程""],""role_terms"":[""数据处理""],""reason"":""tech_major_and_role""},""original"":{""部门代码"":""137112"",""部门名称"":""国家统计局安徽调查总队"",""用人司局"":""国家统计局安徽调查总队"",""机构性质"":""中央国家行政机关参照公务员法管理事业单位"",""招考职位"":""定远调查队一级科员"",""职位属性"":""普通职位"",""职位分布"":""其他职位"",""职位简介"":""从事统计调查、数据处理、统计分析研究等工作"",""职位代码"":""400110112020"",""机构层级"":""县（区）级及以下"",""考试类别"":""市（地）级及以下直属机构综合管理类"",""招考人数"":""1"",""专业"":""统计学、应用统计学；经济学、经济统计学；数学类（不含数理基础科学）；网络工程、软件工程、数据科学与大数据技术、网络空间安全"",""学历"":""仅限本科"",""学位"":""学士"",""政治面貌"":""不限"",""基层工作最低年限"":""无限制"",""服务基层项目工作经历"":""无限制"",""是否在面试阶段组织专业能力测试"":""否"",""面试人员比例"":""3:1"",""工作地点"":""安徽省滁州市定远县"",""落户地点"":""安徽省滁州市定远县"",""备注"":""1.所列专业均要求主修专业，考生报考专业须与招录专业名称一致；2.仅限应届高校毕业生；3.本岗位需经常下乡入户，条件较为艰苦；4.本单位最低服务年限为5年（含试用期）。"",""部门网站"":""http://ahzd.stats.gov.cn/"",""咨询电话1"":""0551-68151025"",""咨询电话2"":""0551-68151028"",""咨询电话3"":""0551-68151029"",""来源Sheet"":""中央国家行政机关参照公务员法管理事业单位""}}"
"government_jobs","国家公务员2025招考简章","公务员/事业单位技术岗位","安徽省六安市舒城县","2026-07-28T09:12:58.310295+00:00","舒城调查队一级科员","国家统计局安徽调查总队","","安徽省六安市舒城县","公务员/事业单位;2025;computer_software;cybersecurity_cryptography;data_ai;仅限本科;学士;统计学、应用统计学；经济学、经济统计学；数学类（不含数理基础科学）；网络工程、软件工程、数据科学与大数据技术、网络空间安全;市（地）级及以下直属机构综合管理类","用人司局：国家统计局安徽调查总队
职位简介：从事统计调查、数据处理、统计分析研究等工作
专业要求：统计学、应用统计学；经济学、经济统计学；数学类（不含数理基础科学）；网络工程、软件工程、数据科学与大数据技术、网络空间安全
学历要求：仅限本科
学位要求：学士
政治面貌：不限
基层工作经历：无限制
考试类别：市（地）级及以下直属机构综合管理类
备注：1.所列专业均要求主修专业，考生报考专业须与招录专业名称一致；2.仅限应届高校毕业生；3.本岗位需经常下乡入户，条件较为艰苦；4.本单位最低服务年限为5年（含试用期）。","https://www.xjhc.gov.cn/xjhc/c116834/202410/a29382e11a674da3be3353af65f9fcc5.shtml#137112-400110112021","2024-10-14","{""dataset_year"":2025,""job_uid"":""GOV-2025-137112-400110112021"",""publisher"":""国家公务员局"",""publication_page"":""https://www.xjhc.gov.cn/xjhc/c116834/202410/a29382e11a674da3be3353af65f9fcc5.shtml"",""attachment_url"":""https://www.xjhc.gov.cn/xjhc/c116834/202410/a29382e11a674da3be3353af65f9fcc5/files/0536cef86e2b46ddad6aae5a3780089e.xls"",""local_source_file"":""2025_guokao_zhaokaojianzhang.xls"",""local_source_sha256"":""07ae6cab368cd21b7a1ac3e8150fe9a3d39ad5171ce76135ff3cccfe50c3e77e"",""source_sheet"":""中央国家行政机关参照公务员法管理事业单位"",""filter_version"":""government_tech_v2"",""tech_filter"":{""is_tech"":true,""is_core_tech"":true,""scope"":""core"",""categories"":[""computer_software"",""cybersecurity_cryptography"",""data_ai""],""matched_fields"":[""major"",""description""],""major_terms"":[""大数据"",""数据科学与大数据技术"",""网络工程"",""网络空间安全"",""软件工程""],""role_terms"":[""数据处理""],""reason"":""tech_major_and_role""},""original"":{""部门代码"":""137112"",""部门名称"":""国家统计局安徽调查总队"",""用人司局"":""国家统计局安徽调查总队"",""机构性质"":""中央国家行政机关参照公务员法管理事业单位"",""招考职位"":""舒城调查队一级科员"",""职位属性"":""普通职位"",""职位分布"":""其他职位"",""职位简介"":""从事统计调查、数据处理、统计分析研究等工作"",""职位代码"":""400110112021"",""机构层级"":""县（区）级及以下"",""考试类别"":""市（地）级及以下直属机构综合管理类"",""招考人数"":""1"",""专业"":""统计学、应用统计学；经济学、经济统计学；数学类（不含数理基础科学）；网络工程、软件工程、数据科学与大数据技术、网络空间安全"",""学历"":""仅限本科"",""学位"":""学士"",""政治面貌"":""不限"",""基层工作最低年限"":""无限制"",""服务基层项目工作经历"":""无限制"",""是否在面试阶段组织专业能力测试"":""否"",""面试人员比例"":""3:1"",""工作地点"":""安徽省六安市舒城县"",""落户地点"":""安徽省六安市舒城县"",""备注"":""1.所列专业均要求主修专业，考生报考专业须与招录专业名称一致；2.仅限应届高校毕业生；3.本岗位需经常下乡入户，条件较为艰苦；4.本单位最低服务年限为5年（含试用期）。"",""部门网站"":""http://ahzd.stats.gov.cn/"",""咨询电话1"":""0551-68151025"",""咨询电话2"":""0551-68151028"",""咨询电话3"":""0551-68151029"",""来源Sheet"":""中央国家行政机关参照公务员法管理事业单位""}}"
"government_jobs","国家公务员2025招考简章","公务员/事业单位技术岗位","安徽省马鞍山市当涂县","2026-07-28T09:12:58.310295+00:00","当涂调查队一级科员","国家统计局安徽调查总队","","安徽省马鞍山市当涂县","公务员/事业单位;2025;computer_software;cybersecurity_cryptography;data_ai;仅限本科;学士;统计学、应用统计学；经济学、经济统计学；数学类（不含数理基础科学）；网络工程、软件工程、数据科学与大数据技术、网络空间安全;市（地）级及以下直属机构综合管理类","用人司局：国家统计局安徽调查总队
职位简介：从事统计调查、数据处理、统计分析研究等工作
专业要求：统计学、应用统计学；经济学、经济统计学；数学类（不含数理基础科学）；网络工程、软件工程、数据科学与大数据技术、网络空间安全
学历要求：仅限本科
学位要求：学士
政治面貌：不限
基层工作经历：无限制
考试类别：市（地）级及以下直属机构综合管理类
备注：1.所列专业均要求主修专业，考生报考专业须与招录专业名称一致；2.仅限应届高校毕业生；3.本岗位需经常下乡入户，条件较为艰苦；4.本单位最低服务年限为5年（含试用期）。","https://www.xjhc.gov.cn/xjhc/c116834/202410/a29382e11a674da3be3353af65f9fcc5.shtml#137112-400110112022","2024-10-14","{""dataset_year"":2025,""job_uid"":""GOV-2025-137112-400110112022"",""publisher"":""国家公务员局"",""publication_page"":""https://www.xjhc.gov.cn/xjhc/c116834/202410/a29382e11a674da3be3353af65f9fcc5.shtml"",""attachment_url"":""https://www.xjhc.gov.cn/xjhc/c116834/202410/a29382e11a674da3be3353af65f9fcc5/files/0536cef86e2b46ddad6aae5a3780089e.xls"",""local_source_file"":""2025_guokao_zhaokaojianzhang.xls"",""local_source_sha256"":""07ae6cab368cd21b7a1ac3e8150fe9a3d39ad5171ce76135ff3cccfe50c3e77e"",""source_sheet"":""中央国家行政机关参照公务员法管理事业单位"",""filter_version"":""government_tech_v2"",""tech_filter"":{""is_tech"":true,""is_core_tech"":true,""scope"":""core"",""categories"":[""computer_software"",""cybersecurity_cryptography"",""data_ai""],""matched_fields"":[""major"",""description""],""major_terms"":[""大数据"",""数据科学与大数据技术"",""网络工程"",""网络空间安全"",""软件工程""],""role_terms"":[""数据处理""],""reason"":""tech_major_and_role""},""original"":{""部门代码"":""137112"",""部门名称"":""国家统计局安徽调查总队"",""用人司局"":""国家统计局安徽调查总队"",""机构性质"":""中央国家行政机关参照公务员法管理事业单位"",""招考职位"":""当涂调查队一级科员"",""职位属性"":""普通职位"",""职位分布"":""其他职位"",""职位简介"":""从事统计调查、数据处理、统计分析研究等工作"",""职位代码"":""400110112022"",""机构层级"":""县（区）级及以下"",""考试类别"":""市（地）级及以下直属机构综合管理类"",""招考人数"":""1"",""专业"":""统计学、应用统计学；经济学、经济统计学；数学类（不含数理基础科学）；网络工程、软件工程、数据科学与大数据技术、网络空间安全"",""学历"":""仅限本科"",""学位"":""学士"",""政治面貌"":""不限"",""基层工作最低年限"":""无限制"",""服务基层项目工作经历"":""无限制"",""是否在面试阶段组织专业能力测试"":""否"",""面试人员比例"":""3:1"",""工作地点"":""安徽省马鞍山市当涂县"",""落户地点"":""安徽省马鞍山市当涂县"",""备注"":""1.所列专业均要求主修专业，考生报考专业须与招录专业名称一致；2.仅限应届高校毕业生；3.本岗位需经常下乡入户，条件较为艰苦；4.本单位最低服务年限为5年（含试用期）。"",""部门网站"":""http://ahzd.stats.gov.cn/"",""咨询电话1"":""0551-68151025"",""咨询电话2"":""0551-68151028"",""咨询电话3"":""0551-68151029"",""来源Sheet"":""中央国家行政机关参照公务员法管理事业单位""}}"
"government_jobs","国家公务员2025招考简章","公务员/事业单位技术岗位","安徽省芜湖市无为市","2026-07-28T09:12:58.310295+00:00","无为调查队一级科员","国家统计局安徽调查总队","","安徽省芜湖市无为市","公务员/事业单位;2025;computer_software;cybersecurity_cryptography;data_ai;仅限本科;学士;统计学、应用统计学；经济学、经济统计学；数学类（不含数理基础科学）；网络工程、软件工程、数据科学与大数据技术、网络空间安全;市（地）级及以下直属机构综合管理类","用人司局：国家统计局安徽调查总队
职位简介：从事统计调查、数据处理、统计分析研究等工作
专业要求：统计学、应用统计学；经济学、经济统计学；数学类（不含数理基础科学）；网络工程、软件工程、数据科学与大数据技术、网络空间安全
学历要求：仅限本科
学位要求：学士
政治面貌：不限
基层工作经历：无限制
考试类别：市（地）级及以下直属机构综合管理类
备注：1.所列专业均要求主修专业，考生报考专业须与招录专业名称一致；2.仅限应届高校毕业生；3.本岗位需经常下乡入户，条件较为艰苦；4.本单位最低服务年限为5年（含试用期）。","https://www.xjhc.gov.cn/xjhc/c116834/202410/a29382e11a674da3be3353af65f9fcc5.shtml#137112-400110112023","2024-10-14","{""dataset_year"":2025,""job_uid"":""GOV-2025-137112-400110112023"",""publisher"":""国家公务员局"",""publication_page"":""https://www.xjhc.gov.cn/xjhc/c116834/202410/a29382e11a674da3be3353af65f9fcc5.shtml"",""attachment_url"":""https://www.xjhc.gov.cn/xjhc/c116834/202410/a29382e11a674da3be3353af65f9fcc5/files/0536cef86e2b46ddad6aae5a3780089e.xls"",""local_source_file"":""2025_guokao_zhaokaojianzhang.xls"",""local_source_sha256"":""07ae6cab368cd21b7a1ac3e8150fe9a3d39ad5171ce76135ff3cccfe50c3e77e"",""source_sheet"":""中央国家行政机关参照公务员法管理事业单位"",""filter_version"":""government_tech_v2"",""tech_filter"":{""is_tech"":true,""is_core_tech"":true,""scope"":""core"",""categories"":[""computer_software"",""cybersecurity_cryptography"",""data_ai""],""matched_fields"":[""major"",""description""],""major_terms"":[""大数据"",""数据科学与大数据技术"",""网络工程"",""网络空间安全"",""软件工程""],""role_terms"":[""数据处理""],""reason"":""tech_major_and_role""},""original"":{""部门代码"":""137112"",""部门名称"":""国家统计局安徽调查总队"",""用人司局"":""国家统计局安徽调查总队"",""机构性质"":""中央国家行政机关参照公务员法管理事业单位"",""招考职位"":""无为调查队一级科员"",""职位属性"":""普通职位"",""职位分布"":""其他职位"",""职位简介"":""从事统计调查、数据处理、统计分析研究等工作"",""职位代码"":""400110112023"",""机构层级"":""县（区）级及以下"",""考试类别"":""市（地）级及以下直属机构综合管理类"",""招考人数"":""1"",""专业"":""统计学、应用统计学；经济学、经济统计学；数学类（不含数理基础科学）；网络工程、软件工程、数据科学与大数据技术、网络空间安全"",""学历"":""仅限本科"",""学位"":""学士"",""政治面貌"":""不限"",""基层工作最低年限"":""无限制"",""服务基层项目工作经历"":""无限制"",""是否在面试阶段组织专业能力测试"":""否"",""面试人员比例"":""3:1"",""工作地点"":""安徽省芜湖市无为市"",""落户地点"":""安徽省芜湖市无为市"",""备注"":""1.所列专业均要求主修专业，考生报考专业须与招录专业名称一致；2.仅限应届高校毕业生；3.本岗位需经常下乡入户，条件较为艰苦；4.本单位最低服务年限为5年（含试用期）。"",""部门网站"":""http://ahzd.stats.gov.cn/"",""咨询电话1"":""0551-68151025"",""咨询电话2"":""0551-68151028"",""咨询电话3"":""0551-68151029"",""来源Sheet"":""中央国家行政机关参照公务员法管理事业单位""}}"
"government_jobs","国家公务员2025招考简章","公务员/事业单位技术岗位","安徽省宣城市广德市","2026-07-28T09:12:58.310295+00:00","广德调查队一级科员","国家统计局安徽调查总队","","安徽省宣城市广德市","公务员/事业单位;2025;computer_software;cybersecurity_cryptography;data_ai;仅限本科;学士;统计学、应用统计学；经济学、经济统计学；数学类（不含数理基础科学）；网络工程、软件工程、数据科学与大数据技术、网络空间安全;市（地）级及以下直属机构综合管理类","用人司局：国家统计局安徽调查总队
职位简介：从事统计调查、数据处理、统计分析研究等工作
专业要求：统计学、应用统计学；经济学、经济统计学；数学类（不含数理基础科学）；网络工程、软件工程、数据科学与大数据技术、网络空间安全
学历要求：仅限本科
学位要求：学士
政治面貌：不限
基层工作经历：无限制
考试类别：市（地）级及以下直属机构综合管理类
备注：1.所列专业均要求主修专业，考生报考专业须与招录专业名称一致；2.仅限应届高校毕业生；3.本岗位需经常下乡入户，条件较为艰苦；4.本单位最低服务年限为5年（含试用期）。","https://www.xjhc.gov.cn/xjhc/c116834/202410/a29382e11a674da3be3353af65f9fcc5.shtml#137112-400110112024","2024-10-14","{""dataset_year"":2025,""job_uid"":""GOV-2025-137112-400110112024"",""publisher"":""国家公务员局"",""publication_page"":""https://www.xjhc.gov.cn/xjhc/c116834/202410/a29382e11a674da3be3353af65f9fcc5.shtml"",""attachment_url"":""https://www.xjhc.gov.cn/xjhc/c116834/202410/a29382e11a674da3be3353af65f9fcc5/files/0536cef86e2b46ddad6aae5a3780089e.xls"",""local_source_file"":""2025_guokao_zhaokaojianzhang.xls"",""local_source_sha256"":""07ae6cab368cd21b7a1ac3e8150fe9a3d39ad5171ce76135ff3cccfe50c3e77e"",""source_sheet"":""中央国家行政机关参照公务员法管理事业单位"",""filter_version"":""government_tech_v2"",""tech_filter"":{""is_tech"":true,""is_core_tech"":true,""scope"":""core"",""categories"":[""computer_software"",""cybersecurity_cryptography"",""data_ai""],""matched_fields"":[""major"",""description""],""major_terms"":[""大数据"",""数据科学与大数据技术"",""网络工程"",""网络空间安全"",""软件工程""],""role_terms"":[""数据处理""],""reason"":""tech_major_and_role""},""original"":{""部门代码"":""137112"",""部门名称"":""国家统计局安徽调查总队"",""用人司局"":""国家统计局安徽调查总队"",""机构性质"":""中央国家行政机关参照公务员法管理事业单位"",""招考职位"":""广德调查队一级科员"",""职位属性"":""普通职位"",""职位分布"":""其他职位"",""职位简介"":""从事统计调查、数据处理、统计分析研究等工作"",""职位代码"":""400110112024"",""机构层级"":""县（区）级及以下"",""考试类别"":""市（地）级及以下直属机构综合管理类"",""招考人数"":""1"",""专业"":""统计学、应用统计学；经济学、经济统计学；数学类（不含数理基础科学）；网络工程、软件工程、数据科学与大数据技术、网络空间安全"",""学历"":""仅限本科"",""学位"":""学士"",""政治面貌"":""不限"",""基层工作最低年限"":""无限制"",""服务基层项目工作经历"":""无限制"",""是否在面试阶段组织专业能力测试"":""否"",""面试人员比例"":""3:1"",""工作地点"":""安徽省宣城市广德市"",""落户地点"":""安徽省宣城市广德市"",""备注"":""1.所列专业均要求主修专业，考生报考专业须与招录专业名称一致；2.仅限应届高校毕业生；3.本岗位需经常下乡入户，条件较为艰苦；4.本单位最低服务年限为5年（含试用期）。"",""部门网站"":""http://ahzd.stats.gov.cn/"",""咨询电话1"":""0551-68151025"",""咨询电话2"":""0551-68151028"",""咨询电话3"":""0551-68151029"",""来源Sheet"":""中央国家行政机关参照公务员法管理事业单位""}}"
"government_jobs","国家公务员2025招考简章","公务员/事业单位技术岗位","安徽省安庆市桐城市","2026-07-28T09:12:58.310295+00:00","桐城调查队一级科员","国家统计局安徽调查总队","","安徽省安庆市桐城市","公务员/事业单位;2025;computer_software;cybersecurity_cryptography;data_ai;仅限本科;学士;统计学、应用统计学；经济学、经济统计学；数学类（不含数理基础科学）；网络工程、软件工程、数据科学与大数据技术、网络空间安全;市（地）级及以下直属机构综合管理类","用人司局：国家统计局安徽调查总队
职位简介：从事统计调查、数据处理、统计分析研究等工作
专业要求：统计学、应用统计学；经济学、经济统计学；数学类（不含数理基础科学）；网络工程、软件工程、数据科学与大数据技术、网络空间安全
学历要求：仅限本科
学位要求：学士
政治面貌：不限
基层工作经历：无限制
考试类别：市（地）级及以下直属机构综合管理类
备注：1.所列专业均要求主修专业，考生报考专业须与招录专业名称一致；2.仅限应届高校毕业生；3.本岗位需经常下乡入户，条件较为艰苦；4.本单位最低服务年限为5年（含试用期）。","https://www.xjhc.gov.cn/xjhc/c116834/202410/a29382e11a674da3be3353af65f9fcc5.shtml#137112-400110112025","2024-10-14","{""dataset_year"":2025,""job_uid"":""GOV-2025-137112-400110112025"",""publisher"":""国家公务员局"",""publication_page"":""https://www.xjhc.gov.cn/xjhc/c116834/202410/a29382e11a674da3be3353af65f9fcc5.shtml"",""attachment_url"":""https://www.xjhc.gov.cn/xjhc/c116834/202410/a29382e11a674da3be3353af65f9fcc5/files/0536cef86e2b46ddad6aae5a3780089e.xls"",""local_source_file"":""2025_guokao_zhaokaojianzhang.xls"",""local_source_sha256"":""07ae6cab368cd21b7a1ac3e8150fe9a3d39ad5171ce76135ff3cccfe50c3e77e"",""source_sheet"":""中央国家行政机关参照公务员法管理事业单位"",""filter_version"":""government_tech_v2"",""tech_filter"":{""is_tech"":true,""is_core_tech"":true,""scope"":""core"",""categories"":[""computer_software"",""cybersecurity_cryptography"",""data_ai""],""matched_fields"":[""major"",""description""],""major_terms"":[""大数据"",""数据科学与大数据技术"",""网络工程"",""网络空间安全"",""软件工程""],""role_terms"":[""数据处理""],""reason"":""tech_major_and_role""},""original"":{""部门代码"":""137112"",""部门名称"":""国家统计局安徽调查总队"",""用人司局"":""国家统计局安徽调查总队"",""机构性质"":""中央国家行政机关参照公务员法管理事业单位"",""招考职位"":""桐城调查队一级科员"",""职位属性"":""普通职位"",""职位分布"":""其他职位"",""职位简介"":""从事统计调查、数据处理、统计分析研究等工作"",""职位代码"":""400110112025"",""机构层级"":""县（区）级及以下"",""考试类别"":""市（地）级及以下直属机构综合管理类"",""招考人数"":""1"",""专业"":""统计学、应用统计学；经济学、经济统计学；数学类（不含数理基础科学）；网络工程、软件工程、数据科学与大数据技术、网络空间安全"",""学历"":""仅限本科"",""学位"":""学士"",""政治面貌"":""不限"",""基层工作最低年限"":""无限制"",""服务基层项目工作经历"":""无限制"",""是否在面试阶段组织专业能力测试"":""否"",""面试人员比例"":""3:1"",""工作地点"":""安徽省安庆市桐城市"",""落户地点"":""安徽省安庆市桐城市"",""备注"":""1.所列专业均要求主修专业，考生报考专业须与招录专业名称一致；2.仅限应届高校毕业生；3.本岗位需经常下乡入户，条件较为艰苦；4.本单位最低服务年限为5年（含试用期）。"",""部门网站"":""http://ahzd.stats.gov.cn/"",""咨询电话1"":""0551-68151025"",""咨询电话2"":""0551-68151028"",""咨询电话3"":""0551-68151029"",""来源Sheet"":""中央国家行政机关参照公务员法管理事业单位""}}"
"government_jobs","国家公务员2025招考简章","公务员/事业单位技术岗位","安徽省黄山市歙县","2026-07-28T09:12:58.310295+00:00","歙县调查队一级科员","国家统计局安徽调查总队","","安徽省黄山市歙县","公务员/事业单位;2025;computer_software;cybersecurity_cryptography;data_ai;仅限本科;学士;统计学、应用统计学；经济学、经济统计学；数学类（不含数理基础科学）；计算机科学与技术、网络工程、软件工程、数据科学与大数据技术、网络空间安全；会计学、财务管理、审计学;市（地）级及以下直属机构综合管理类","用人司局：国家统计局安徽调查总队
职位简介：从事统计调查、数据处理、统计分析研究等工作
专业要求：统计学、应用统计学；经济学、经济统计学；数学类（不含数理基础科学）；计算机科学与技术、网络工程、软件工程、数据科学与大数据技术、网络空间安全；会计学、财务管理、审计学
学历要求：仅限本科
学位要求：学士
政治面貌：不限
基层工作经历：二年
考试类别：市（地）级及以下直属机构综合管理类
备注：1.所列专业均要求主修专业，考生报考专业须与招录专业名称一致；2.本岗位需经常下乡入户，条件较为艰苦；3.本单位最低服务年限为5年（含试用期）。","https://www.xjhc.gov.cn/xjhc/c116834/202410/a29382e11a674da3be3353af65f9fcc5.shtml#137112-400110112026","2024-10-14","{""dataset_year"":2025,""job_uid"":""GOV-2025-137112-400110112026"",""publisher"":""国家公务员局"",""publication_page"":""https://www.xjhc.gov.cn/xjhc/c116834/202410/a29382e11a674da3be3353af65f9fcc5.shtml"",""attachment_url"":""https://www.xjhc.gov.cn/xjhc/c116834/202410/a29382e11a674da3be3353af65f9fcc5/files/0536cef86e2b46ddad6aae5a3780089e.xls"",""local_source_file"":""2025_guokao_zhaokaojianzhang.xls"",""local_source_sha256"":""07ae6cab368cd21b7a1ac3e8150fe9a3d39ad5171ce76135ff3cccfe50c3e77e"",""source_sheet"":""中央国家行政机关参照公务员法管理事业单位"",""filter_version"":""government_tech_v2"",""tech_filter"":{""is_tech"":true,""is_core_tech"":true,""scope"":""core"",""categories"":[""computer_software"",""cybersecurity_cryptography"",""data_ai""],""matched_fields"":[""major"",""description""],""major_terms"":[""大数据"",""数据科学与大数据技术"",""网络工程"",""网络空间安全"",""计算机科学与技术"",""软件工程""],""role_terms"":[""数据处理""],""reason"":""tech_major_and_role""},""original"":{""部门代码"":""137112"",""部门名称"":""国家统计局安徽调查总队"",""用人司局"":""国家统计局安徽调查总队"",""机构性质"":""中央国家行政机关参照公务员法管理事业单位"",""招考职位"":""歙县调查队一级科员"",""职位属性"":""普通职位"",""职位分布"":""其他职位"",""职位简介"":""从事统计调查、数据处理、统计分析研究等工作"",""职位代码"":""400110112026"",""机构层级"":""县（区）级及以下"",""考试类别"":""市（地）级及以下直属机构综合管理类"",""招考人数"":""1"",""专业"":""统计学、应用统计学；经济学、经济统计学；数学类（不含数理基础科学）；计算机科学与技术、网络工程、软件工程、数据科学与大数据技术、网络空间安全；会计学、财务管理、审计学"",""学历"":""仅限本科"",""学位"":""学士"",""政治面貌"":""不限"",""基层工作最低年限"":""二年"",""服务基层项目工作经历"":""“三支一扶”计划、大学生志愿服务西部计划"",""是否在面试阶段组织专业能力测试"":""否"",""面试人员比例"":""3:1"",""工作地点"":""安徽省黄山市歙县"",""落户地点"":""安徽省黄山市歙县"",""备注"":""1.所列专业均要求主修专业，考生报考专业须与招录专业名称一致；2.本岗位需经常下乡入户，条件较为艰苦；3.本单位最低服务年限为5年（含试用期）。"",""部门网站"":""http://ahzd.stats.gov.cn/"",""咨询电话1"":""0551-68151025"",""咨询电话2"":""0551-68151028"",""咨询电话3"":""0551-68151029"",""来源Sheet"":""中央国家行政机关参照公务员法管理事业单位""}}"
"government_jobs","国家公务员2025招考简章","公务员/事业单位技术岗位","安徽省合肥市庐阳区","2026-07-28T09:12:58.310295+00:00","合肥调查队业务科室四级主任科员","国家统计局安徽调查总队","","安徽省合肥市庐阳区","公务员/事业单位;2025;computer_software;cybersecurity_cryptography;data_ai;仅限硕士研究生;硕士;计算机软件与理论、计算机应用技术、网络空间安全;市（地）级及以下直属机构综合管理类","用人司局：国家统计局安徽调查总队
职位简介：从事统计调查、数据处理、统计分析研究等工作
专业要求：计算机软件与理论、计算机应用技术、网络空间安全
学历要求：仅限硕士研究生
学位要求：硕士
政治面貌：不限
基层工作经历：无限制
考试类别：市（地）级及以下直属机构综合管理类
备注：1.所列专业均要求最高学历主修专业，考生报考专业须与招录专业名称一致；2.仅限应届高校毕业生；3.本单位最低服务年限为5年（含试用期）。","https://www.xjhc.gov.cn/xjhc/c116834/202410/a29382e11a674da3be3353af65f9fcc5.shtml#137112-400110112027","2024-10-14","{""dataset_year"":2025,""job_uid"":""GOV-2025-137112-400110112027"",""publisher"":""国家公务员局"",""publication_page"":""https://www.xjhc.gov.cn/xjhc/c116834/202410/a29382e11a674da3be3353af65f9fcc5.shtml"",""attachment_url"":""https://www.xjhc.gov.cn/xjhc/c116834/202410/a29382e11a674da3be3353af65f9fcc5/files/0536cef86e2b46ddad6aae5a3780089e.xls"",""local_source_file"":""2025_guokao_zhaokaojianzhang.xls"",""local_source_sha256"":""07ae6cab368cd21b7a1ac3e8150fe9a3d39ad5171ce76135ff3cccfe50c3e77e"",""source_sheet"":""中央国家行政机关参照公务员法管理事业单位"",""filter_version"":""government_tech_v2"",""tech_filter"":{""is_tech"":true,""is_core_tech"":true,""scope"":""core"",""categories"":[""computer_software"",""cybersecurity_cryptography"",""data_ai""],""matched_fields"":[""major"",""description""],""major_terms"":[""网络空间安全"",""计算机""],""role_terms"":[""数据处理""],""reason"":""tech_major_and_role""},""original"":{""部门代码"":""137112"",""部门名称"":""国家统计局安徽调查总队"",""用人司局"":""国家统计局安徽调查总队"",""机构性质"":""中央国家行政机关参照公务员法管理事业单位"",""招考职位"":""合肥调查队业务科室四级主任科员"",""职位属性"":""普通职位"",""职位分布"":""其他职位"",""职位简介"":""从事统计调查、数据处理、统计分析研究等工作"",""职位代码"":""400110112027"",""机构层级"":""市（地）级"",""考试类别"":""市（地）级及以下直属机构综合管理类"",""招考人数"":""1"",""专业"":""计算机软件与理论、计算机应用技术、网络空间安全"",""学历"":""仅限硕士研究生"",""学位"":""硕士"",""政治面貌"":""不限"",""基层工作最低年限"":""无限制"",""服务基层项目工作经历"":""无限制"",""是否在面试阶段组织专业能力测试"":""否"",""面试人员比例"":""3:1"",""工作地点"":""安徽省合肥市庐阳区"",""落户地点"":""安徽省合肥市庐阳区"",""备注"":""1.所列专业均要求最高学历主修专业，考生报考专业须与招录专业名称一致；2.仅限应届高校毕业生；3.本单位最低服务年限为5年（含试用期）。"",""部门网站"":""http://ahzd.stats.gov.cn/"",""咨询电话1"":""0551-68151025"",""咨询电话2"":""0551-68151028"",""咨询电话3"":""0551-68151029"",""来源Sheet"":""中央国家行政机关参照公务员法管理事业单位""}}"
"government_jobs","国家公务员2025招考简章","公务员/事业单位技术岗位","安徽省滁州市南谯区","2026-07-28T09:12:58.310295+00:00","滁州调查队业务科室四级主任科员及以下（2）","国家统计局安徽调查总队","","安徽省滁州市南谯区","公务员/事业单位;2025;computer_software;cybersecurity_cryptography;data_ai;本科或硕士研究生;与最高学历相对应的学位;本科：统计学、应用统计学、经济统计学；会计学；数学类（不含数理基础科学）；网络工程、软件工程、数据科学与大数据技术、网络空间安全；研究生：统计学、应用统计；概率论与数理统计、应用数学；计算机软件与理论、计算机应用技术、网络空间安全;市（地）级及以下直属机构综合管理类","用人司局：国家统计局安徽调查总队
职位简介：从事统计调查、数据处理、统计分析研究等工作
专业要求：本科：统计学、应用统计学、经济统计学；会计学；数学类（不含数理基础科学）；网络工程、软件工程、数据科学与大数据技术、网络空间安全；研究生：统计学、应用统计；概率论与数理统计、应用数学；计算机软件与理论、计算机应用技术、网络空间安全
学历要求：本科或硕士研究生
学位要求：与最高学历相对应的学位
政治面貌：不限
基层工作经历：无限制
考试类别：市（地）级及以下直属机构综合管理类
备注：1.仅限女性；2.所列专业均要求最高学历主修专业，考生报考专业须与招录专业名称一致；3.仅限应届高校毕业生；4.本单位最低服务年限为5年（含试用期）。","https://www.xjhc.gov.cn/xjhc/c116834/202410/a29382e11a674da3be3353af65f9fcc5.shtml#137112-400110112028","2024-10-14","{""dataset_year"":2025,""job_uid"":""GOV-2025-137112-400110112028"",""publisher"":""国家公务员局"",""publication_page"":""https://www.xjhc.gov.cn/xjhc/c116834/202410/a29382e11a674da3be3353af65f9fcc5.shtml"",""attachment_url"":""https://www.xjhc.gov.cn/xjhc/c116834/202410/a29382e11a674da3be3353af65f9fcc5/files/0536cef86e2b46ddad6aae5a3780089e.xls"",""local_source_file"":""2025_guokao_zhaokaojianzhang.xls"",""local_source_sha256"":""07ae6cab368cd21b7a1ac3e8150fe9a3d39ad5171ce76135ff3cccfe50c3e77e"",""source_sheet"":""中央国家行政机关参照公务员法管理事业单位"",""filter_version"":""government_tech_v2"",""tech_filter"":{""is_tech"":true,""is_core_tech"":true,""scope"":""core"",""categories"":[""computer_software"",""cybersecurity_cryptography"",""data_ai""],""matched_fields"":[""major"",""description""],""major_terms"":[""大数据"",""数据科学与大数据技术"",""网络工程"",""网络空间安全"",""计算机"",""软件工程""],""role_terms"":[""数据处理""],""reason"":""tech_major_and_role""},""original"":{""部门代码"":""137112"",""部门名称"":""国家统计局安徽调查总队"",""用人司局"":""国家统计局安徽调查总队"",""机构性质"":""中央国家行政机关参照公务员法管理事业单位"",""招考职位"":""滁州调查队业务科室四级主任科员及以下（2）"",""职位属性"":""普通职位"",""职位分布"":""其他职位"",""职位简介"":""从事统计调查、数据处理、统计分析研究等工作"",""职位代码"":""400110112028"",""机构层级"":""市（地）级"",""考试类别"":""市（地）级及以下直属机构综合管理类"",""招考人数"":""1"",""专业"":""本科：统计学、应用统计学、经济统计学；会计学；数学类（不含数理基础科学）；网络工程、软件工程、数据科学与大数据技术、网络空间安全；研究生：统计学、应用统计；概率论与数理统计、应用数学；计算机软件与理论、计算机应用技术、网络空间安全"",""学历"":""本科或硕士研究生"",""学位"":""与最高学历相对应的学位"",""政治面貌"":""不限"",""基层工作最低年限"":""无限制"",""服务基层项目工作经历"":""无限制"",""是否在面试阶段组织专业能力测试"":""否"",""面试人员比例"":""3:1"",""工作地点"":""安徽省滁州市南谯区"",""落户地点"":""安徽省滁州市南谯区"",""备注"":""1.仅限女性；2.所列专业均要求最高学历主修专业，考生报考专业须与招录专业名称一致；3.仅限应届高校毕业生；4.本单位最低服务年限为5年（含试用期）。"",""部门网站"":""http://ahzd.stats.gov.cn/"",""咨询电话1"":""0551-68151025"",""咨询电话2"":""0551-68151028"",""咨询电话3"":""0551-68151029"",""来源Sheet"":""中央国家行政机关参照公务员法管理事业单位""}}"
"government_jobs","国家公务员2025招考简章","公务员/事业单位技术岗位","安徽省安庆市宜秀区","2026-07-28T09:12:58.310295+00:00","安庆调查队业务科室四级主任科员及以下（2）","国家统计局安徽调查总队","","安徽省安庆市宜秀区","公务员/事业单位;2025;computer_software;cybersecurity_cryptography;data_ai;本科或硕士研究生;与最高学历相对应的学位;本科：统计学、应用统计学、经济统计学；数学类（不含数理基础科学）；网络工程、软件工程、数据科学与大数据技术、网络空间安全；研究生：统计学、应用统计；概率论与数理统计、应用数学；计算机软件与理论、计算机应用技术、网络空间安全;市（地）级及以下直属机构综合管理类","用人司局：国家统计局安徽调查总队
职位简介：从事统计调查、数据处理、统计分析研究等工作
专业要求：本科：统计学、应用统计学、经济统计学；数学类（不含数理基础科学）；网络工程、软件工程、数据科学与大数据技术、网络空间安全；研究生：统计学、应用统计；概率论与数理统计、应用数学；计算机软件与理论、计算机应用技术、网络空间安全
学历要求：本科或硕士研究生
学位要求：与最高学历相对应的学位
政治面貌：不限
基层工作经历：无限制
考试类别：市（地）级及以下直属机构综合管理类
备注：1.仅限女性；2.所列专业均要求最高学历主修专业，考生报考专业须与招录专业名称一致；3.仅限应届高校毕业生；4.本单位最低服务年限为5年（含试用期）。","https://www.xjhc.gov.cn/xjhc/c116834/202410/a29382e11a674da3be3353af65f9fcc5.shtml#137112-400110112029","2024-10-14","{""dataset_year"":2025,""job_uid"":""GOV-2025-137112-400110112029"",""publisher"":""国家公务员局"",""publication_page"":""https://www.xjhc.gov.cn/xjhc/c116834/202410/a29382e11a674da3be3353af65f9fcc5.shtml"",""attachment_url"":""https://www.xjhc.gov.cn/xjhc/c116834/202410/a29382e11a674da3be3353af65f9fcc5/files/0536cef86e2b46ddad6aae5a3780089e.xls"",""local_source_file"":""2025_guokao_zhaokaojianzhang.xls"",""local_source_sha256"":""07ae6cab368cd21b7a1ac3e8150fe9a3d39ad5171ce76135ff3cccfe50c3e77e"",""source_sheet"":""中央国家行政机关参照公务员法管理事业单位"",""filter_version"":""government_tech_v2"",""tech_filter"":{""is_tech"":true,""is_core_tech"":true,""scope"":""core"",""categories"":[""computer_software"",""cybersecurity_cryptography"",""data_ai""],""matched_fields"":[""major"",""description""],""major_terms"":[""大数据"",""数据科学与大数据技术"",""网络工程"",""网络空间安全"",""计算机"",""软件工程""],""role_terms"":[""数据处理""],""reason"":""tech_major_and_role""},""original"":{""部门代码"":""137112"",""部门名称"":""国家统计局安徽调查总队"",""用人司局"":""国家统计局安徽调查总队"",""机构性质"":""中央国家行政机关参照公务员法管理事业单位"",""招考职位"":""安庆调查队业务科室四级主任科员及以下（2）"",""职位属性"":""普通职位"",""职位分布"":""其他职位"",""职位简介"":""从事统计调查、数据处理、统计分析研究等工作"",""职位代码"":""400110112029"",""机构层级"":""市（地）级"",""考试类别"":""市（地）级及以下直属机构综合管理类"",""招考人数"":""1"",""专业"":""本科：统计学、应用统计学、经济统计学；数学类（不含数理基础科学）；网络工程、软件工程、数据科学与大数据技术、网络空间安全；研究生：统计学、应用统计；概率论与数理统计、应用数学；计算机软件与理论、计算机应用技术、网络空间安全"",""学历"":""本科或硕士研究生"",""学位"":""与最高学历相对应的学位"",""政治面貌"":""不限"",""基层工作最低年限"":""无限制"",""服务基层项目工作经历"":""无限制"",""是否在面试阶段组织专业能力测试"":""否"",""面试人员比例"":""3:1"",""工作地点"":""安徽省安庆市宜秀区"",""落户地点"":""安徽省安庆市宜秀区"",""备注"":""1.仅限女性；2.所列专业均要求最高学历主修专业，考生报考专业须与招录专业名称一致；3.仅限应届高校毕业生；4.本单位最低服务年限为5年（含试用期）。"",""部门网站"":""http://ahzd.stats.gov.cn/"",""咨询电话1"":""0551-68151025"",""咨询电话2"":""0551-68151028"",""咨询电话3"":""0551-68151029"",""来源Sheet"":""中央国家行政机关参照公务员法管理事业单位""}}"
"government_jobs","国家公务员2025招考简章","公务员/事业单位技术岗位","安徽省六安市裕安区","2026-07-28T09:12:58.310295+00:00","六安调查队业务科室四级主任科员及以下","国家统计局安徽调查总队","","安徽省六安市裕安区","公务员/事业单位;2025;computer_software;cybersecurity_cryptography;data_ai;本科或硕士研究生;与最高学历相对应的学位;本科：统计学、应用统计学、经济统计学；会计学；数学类（不含数理基础科学）；网络工程、软件工程、数据科学与大数据技术、网络空间安全；研究生：统计学、应用统计；概率论与数理统计、应用数学；计算机软件与理论、计算机应用技术、网络空间安全;市（地）级及以下直属机构综合管理类","用人司局：国家统计局安徽调查总队
职位简介：从事统计调查、数据处理、统计分析研究等工作
专业要求：本科：统计学、应用统计学、经济统计学；会计学；数学类（不含数理基础科学）；网络工程、软件工程、数据科学与大数据技术、网络空间安全；研究生：统计学、应用统计；概率论与数理统计、应用数学；计算机软件与理论、计算机应用技术、网络空间安全
学历要求：本科或硕士研究生
学位要求：与最高学历相对应的学位
政治面貌：不限
基层工作经历：无限制
考试类别：市（地）级及以下直属机构综合管理类
备注：1.所列专业均要求最高学历主修专业，考生报考专业须与招录专业名称一致；2.仅限应届高校毕业生；3.本单位最低服务年限为5年（含试用期）。","https://www.xjhc.gov.cn/xjhc/c116834/202410/a29382e11a674da3be3353af65f9fcc5.shtml#137112-400110112030","2024-10-14","{""dataset_year"":2025,""job_uid"":""GOV-2025-137112-400110112030"",""publisher"":""国家公务员局"",""publication_page"":""https://www.xjhc.gov.cn/xjhc/c116834/202410/a29382e11a674da3be3353af65f9fcc5.shtml"",""attachment_url"":""https://www.xjhc.gov.cn/xjhc/c116834/202410/a29382e11a674da3be3353af65f9fcc5/files/0536cef86e2b46ddad6aae5a3780089e.xls"",""local_source_file"":""2025_guokao_zhaokaojianzhang.xls"",""local_source_sha256"":""07ae6cab368cd21b7a1ac3e8150fe9a3d39ad5171ce76135ff3cccfe50c3e77e"",""source_sheet"":""中央国家行政机关参照公务员法管理事业单位"",""filter_version"":""government_tech_v2"",""tech_filter"":{""is_tech"":true,""is_core_tech"":true,""scope"":""core"",""categories"":[""computer_software"",""cybersecurity_cryptography"",""data_ai""],""matched_fields"":[""major"",""description""],""major_terms"":[""大数据"",""数据科学与大数据技术"",""网络工程"",""网络空间安全"",""计算机"",""软件工程""],""role_terms"":[""数据处理""],""reason"":""tech_major_and_role""},""original"":{""部门代码"":""137112"",""部门名称"":""国家统计局安徽调查总队"",""用人司局"":""国家统计局安徽调查总队"",""机构性质"":""中央国家行政机关参照公务员法管理事业单位"",""招考职位"":""六安调查队业务科室四级主任科员及以下"",""职位属性"":""普通职位"",""职位分布"":""其他职位"",""职位简介"":""从事统计调查、数据处理、统计分析研究等工作"",""职位代码"":""400110112030"",""机构层级"":""市（地）级"",""考试类别"":""市（地）级及以下直属机构综合管理类"",""招考人数"":""1"",""专业"":""本科：统计学、应用统计学、经济统计学；会计学；数学类（不含数理基础科学）；网络工程、软件工程、数据科学与大数据技术、网络空间安全；研究生：统计学、应用统计；概率论与数理统计、应用数学；计算机软件与理论、计算机应用技术、网络空间安全"",""学历"":""本科或硕士研究生"",""学位"":""与最高学历相对应的学位"",""政治面貌"":""不限"",""基层工作最低年限"":""无限制"",""服务基层项目工作经历"":""无限制"",""是否在面试阶段组织专业能力测试"":""否"",""面试人员比例"":""3:1"",""工作地点"":""安徽省六安市裕安区"",""落户地点"":""安徽省六安市裕安区"",""备注"":""1.所列专业均要求最高学历主修专业，考生报考专业须与招录专业名称一致；2.仅限应届高校毕业生；3.本单位最低服务年限为5年（含试用期）。"",""部门网站"":""http://ahzd.stats.gov.cn/"",""咨询电话1"":""0551-68151025"",""咨询电话2"":""0551-68151028"",""咨询电话3"":""0551-68151029"",""来源Sheet"":""中央国家行政机关参照公务员法管理事业单位""}}"
"government_jobs","国家公务员2025招考简章","公务员/事业单位技术岗位","安徽省安庆市宿松县","2026-07-28T09:12:58.310295+00:00","宿松调查队一级科员","国家统计局安徽调查总队","","安徽省安庆市宿松县","公务员/事业单位;2025;computer_software;cybersecurity_cryptography;data_ai;仅限本科;学士;统计学、应用统计学；经济学、经济统计学；数学类（不含数理基础科学）；网络工程、软件工程、数据科学与大数据技术、网络空间安全;市（地）级及以下直属机构综合管理类","用人司局：国家统计局安徽调查总队
职位简介：从事统计调查、数据处理、统计分析研究等工作
专业要求：统计学、应用统计学；经济学、经济统计学；数学类（不含数理基础科学）；网络工程、软件工程、数据科学与大数据技术、网络空间安全
学历要求：仅限本科
学位要求：学士
政治面貌：不限
基层工作经历：无限制
考试类别：市（地）级及以下直属机构综合管理类
备注：1.所列专业均要求主修专业，考生报考专业须与招录专业名称一致；2.仅限应届高校毕业生；3.本岗位需经常下乡入户，条件较为艰苦；4.本单位最低服务年限为5年（含试用期）。","https://www.xjhc.gov.cn/xjhc/c116834/202410/a29382e11a674da3be3353af65f9fcc5.shtml#137112-400110112031","2024-10-14","{""dataset_year"":2025,""job_uid"":""GOV-2025-137112-400110112031"",""publisher"":""国家公务员局"",""publication_page"":""https://www.xjhc.gov.cn/xjhc/c116834/202410/a29382e11a674da3be3353af65f9fcc5.shtml"",""attachment_url"":""https://www.xjhc.gov.cn/xjhc/c116834/202410/a29382e11a674da3be3353af65f9fcc5/files/0536cef86e2b46ddad6aae5a3780089e.xls"",""local_source_file"":""2025_guokao_zhaokaojianzhang.xls"",""local_source_sha256"":""07ae6cab368cd21b7a1ac3e8150fe9a3d39ad5171ce76135ff3cccfe50c3e77e"",""source_sheet"":""中央国家行政机关参照公务员法管理事业单位"",""filter_version"":""government_tech_v2"",""tech_filter"":{""is_tech"":true,""is_core_tech"":true,""scope"":""core"",""categories"":[""computer_software"",""cybersecurity_cryptography"",""data_ai""],""matched_fields"":[""major"",""description""],""major_terms"":[""大数据"",""数据科学与大数据技术"",""网络工程"",""网络空间安全"",""软件工程""],""role_terms"":[""数据处理""],""reason"":""tech_major_and_role""},""original"":{""部门代码"":""137112"",""部门名称"":""国家统计局安徽调查总队"",""用人司局"":""国家统计局安徽调查总队"",""机构性质"":""中央国家行政机关参照公务员法管理事业单位"",""招考职位"":""宿松调查队一级科员"",""职位属性"":""普通职位"",""职位分布"":""其他职位"",""职位简介"":""从事统计调查、数据处理、统计分析研究等工作"",""职位代码"":""400110112031"",""机构层级"":""县（区）级及以下"",""考试类别"":""市（地）级及以下直属机构综合管理类"",""招考人数"":""1"",""专业"":""统计学、应用统计学；经济学、经济统计学；数学类（不含数理基础科学）；网络工程、软件工程、数据科学与大数据技术、网络空间安全"",""学历"":""仅限本科"",""学位"":""学士"",""政治面貌"":""不限"",""基层工作最低年限"":""无限制"",""服务基层项目工作经历"":""无限制"",""是否在面试阶段组织专业能力测试"":""否"",""面试人员比例"":""3:1"",""工作地点"":""安徽省安庆市宿松县"",""落户地点"":""安徽省安庆市宿松县"",""备注"":""1.所列专业均要求主修专业，考生报考专业须与招录专业名称一致；2.仅限应届高校毕业生；3.本岗位需经常下乡入户，条件较为艰苦；4.本单位最低服务年限为5年（含试用期）。"",""部门网站"":""http://ahzd.stats.gov.cn/"",""咨询电话1"":""0551-68151025"",""咨询电话2"":""0551-68151028"",""咨询电话3"":""0551-68151029"",""来源Sheet"":""中央国家行政机关参照公务员法管理事业单位""}}"
"government_jobs","国家公务员2025招考简章","公务员/事业单位技术岗位","福建省福州市鼓楼区","2026-07-28T09:12:58.310295+00:00","福建调查总队业务处室二级主任科员及以下（1）","国家统计局福建调查总队","","福建省福州市鼓楼区","公务员/事业单位;2025;computer_software;data_ai;仅限硕士研究生;硕士;计算机科学与技术专业（0812）、软件工程专业（0835）;中央机关及其省级直属机构综合管理类","用人司局：国家统计局福建调查总队
职位简介：从事统计调查、数据处理、统计分析研究、信息化建设等工作
专业要求：计算机科学与技术专业（0812）、软件工程专业（0835）
学历要求：仅限硕士研究生
学位要求：硕士
政治面貌：不限
基层工作经历：无限制
考试类别：中央机关及其省级直属机构综合管理类
备注：1.仅限女性；2.本职位所列专业均要求主修专业；3.本单位最低服务年限为5年（含试用期）。","https://www.xjhc.gov.cn/xjhc/c116834/202410/a29382e11a674da3be3353af65f9fcc5.shtml#137113-400110113002","2024-10-14","{""dataset_year"":2025,""job_uid"":""GOV-2025-137113-400110113002"",""publisher"":""国家公务员局"",""publication_page"":""https://www.xjhc.gov.cn/xjhc/c116834/202410/a29382e11a674da3be3353af65f9fcc5.shtml"",""attachment_url"":""https://www.xjhc.gov.cn/xjhc/c116834/202410/a29382e11a674da3be3353af65f9fcc5/files/0536cef86e2b46ddad6aae5a3780089e.xls"",""local_source_file"":""2025_guokao_zhaokaojianzhang.xls"",""local_source_sha256"":""07ae6cab368cd21b7a1ac3e8150fe9a3d39ad5171ce76135ff3cccfe50c3e77e"",""source_sheet"":""中央国家行政机关参照公务员法管理事业单位"",""filter_version"":""government_tech_v2"",""tech_filter"":{""is_tech"":true,""is_core_tech"":true,""scope"":""core"",""categories"":[""computer_software"",""data_ai""],""matched_fields"":[""major"",""description""],""major_terms"":[""计算机科学与技术"",""软件工程""],""role_terms"":[""信息化"",""数据处理""],""reason"":""tech_major_and_role""},""original"":{""部门代码"":""137113"",""部门名称"":""国家统计局福建调查总队"",""用人司局"":""国家统计局福建调查总队"",""机构性质"":""中央国家行政机关参照公务员法管理事业单位"",""招考职位"":""福建调查总队业务处室二级主任科员及以下（1）"",""职位属性"":""普通职位"",""职位分布"":""其他职位"",""职位简介"":""从事统计调查、数据处理、统计分析研究、信息化建设等工作"",""职位代码"":""400110113002"",""机构层级"":""省（副省）级"",""考试类别"":""中央机关及其省级直属机构综合管理类"",""招考人数"":""1"",""专业"":""计算机科学与技术专业（0812）、软件工程专业（0835）"",""学历"":""仅限硕士研究生"",""学位"":""硕士"",""政治面貌"":""不限"",""基层工作最低年限"":""无限制"",""服务基层项目工作经历"":""无限制"",""是否在面试阶段组织专业能力测试"":""否"",""面试人员比例"":""5:1"",""工作地点"":""福建省福州市鼓楼区"",""落户地点"":""福建省福州市鼓楼区"",""备注"":""1.仅限女性；2.本职位所列专业均要求主修专业；3.本单位最低服务年限为5年（含试用期）。"",""部门网站"":""www.stats.gov.cn"",""咨询电话1"":""0591-88019577"",""咨询电话2"":""0591-88019550"",""咨询电话3"":""0591-88016561"",""来源Sheet"":""中央国家行政机关参照公务员法管理事业单位""}}"
"government_jobs","国家公务员2025招考简章","公务员/事业单位技术岗位","福建省厦门市思明区","2026-07-28T09:12:58.310295+00:00","厦门调查队业务处室二级主任科员及以下","国家统计局福建调查总队","","福建省厦门市思明区","公务员/事业单位;2025;computer_software;data_ai;仅限硕士研究生;硕士;计算机科学与技术专业（0812）、软件工程专业（0835）;中央机关及其省级直属机构综合管理类","用人司局：国家统计局福建调查总队
职位简介：从事统计调查、数据处理、统计分析研究、信息化建设等工作
专业要求：计算机科学与技术专业（0812）、软件工程专业（0835）
学历要求：仅限硕士研究生
学位要求：硕士
政治面貌：不限
基层工作经历：无限制
考试类别：中央机关及其省级直属机构综合管理类
备注：1.本职位所列专业均要求主修专业；2.本单位最低服务年限为5年（含试用期）。","https://www.xjhc.gov.cn/xjhc/c116834/202410/a29382e11a674da3be3353af65f9fcc5.shtml#137113-400110113003","2024-10-14","{""dataset_year"":2025,""job_uid"":""GOV-2025-137113-400110113003"",""publisher"":""国家公务员局"",""publication_page"":""https://www.xjhc.gov.cn/xjhc/c116834/202410/a29382e11a674da3be3353af65f9fcc5.shtml"",""attachment_url"":""https://www.xjhc.gov.cn/xjhc/c116834/202410/a29382e11a674da3be3353af65f9fcc5/files/0536cef86e2b46ddad6aae5a3780089e.xls"",""local_source_file"":""2025_guokao_zhaokaojianzhang.xls"",""local_source_sha256"":""07ae6cab368cd21b7a1ac3e8150fe9a3d39ad5171ce76135ff3cccfe50c3e77e"",""source_sheet"":""中央国家行政机关参照公务员法管理事业单位"",""filter_version"":""government_tech_v2"",""tech_filter"":{""is_tech"":true,""is_core_tech"":true,""scope"":""core"",""categories"":[""computer_software"",""data_ai""],""matched_fields"":[""major"",""description""],""major_terms"":[""计算机科学与技术"",""软件工程""],""role_terms"":[""信息化"",""数据处理""],""reason"":""tech_major_and_role""},""original"":{""部门代码"":""137113"",""部门名称"":""国家统计局福建调查总队"",""用人司局"":""国家统计局福建调查总队"",""机构性质"":""中央国家行政机关参照公务员法管理事业单位"",""招考职位"":""厦门调查队业务处室二级主任科员及以下"",""职位属性"":""普通职位"",""职位分布"":""其他职位"",""职位简介"":""从事统计调查、数据处理、统计分析研究、信息化建设等工作"",""职位代码"":""400110113003"",""机构层级"":""省（副省）级"",""考试类别"":""中央机关及其省级直属机构综合管理类"",""招考人数"":""1"",""专业"":""计算机科学与技术专业（0812）、软件工程专业（0835）"",""学历"":""仅限硕士研究生"",""学位"":""硕士"",""政治面貌"":""不限"",""基层工作最低年限"":""无限制"",""服务基层项目工作经历"":""无限制"",""是否在面试阶段组织专业能力测试"":""否"",""面试人员比例"":""4:1"",""工作地点"":""福建省厦门市思明区"",""落户地点"":""福建省厦门市思明区"",""备注"":""1.本职位所列专业均要求主修专业；2.本单位最低服务年限为5年（含试用期）。"",""部门网站"":""www.stats.gov.cn"",""咨询电话1"":""0591-88019577"",""咨询电话2"":""0591-88019550"",""咨询电话3"":""0591-88016561"",""来源Sheet"":""中央国家行政机关参照公务员法管理事业单位""}}"
"government_jobs","国家公务员2025招考简章","公务员/事业单位技术岗位","福建省福州市仓山区","2026-07-28T09:12:58.310295+00:00","福州调查队业务科室四级主任科员","国家统计局福建调查总队","","福建省福州市仓山区","公务员/事业单位;2025;computer_software;data_ai;仅限硕士研究生;硕士;应用统计专业（0252）、统计学专业（0714）、计算机科学与技术专业（0812）、软件工程专业（0835）、理论经济学专业（0201）、应用经济学专业（0202）、数字经济专业（0258）;市（地）级及以下直属机构综合管理类","用人司局：国家统计局福建调查总队
职位简介：从事统计调查、数据处理、统计分析研究、信息化建设等工作
专业要求：应用统计专业（0252）、统计学专业（0714）、计算机科学与技术专业（0812）、软件工程专业（0835）、理论经济学专业（0201）、应用经济学专业（0202）、数字经济专业（0258）
学历要求：仅限硕士研究生
学位要求：硕士
政治面貌：不限
基层工作经历：无限制
考试类别：市（地）级及以下直属机构综合管理类
备注：1.仅限应届高校毕业生；2.本职位所列专业均要求主修专业；3.本单位最低服务年限为5年（含试用期）。","https://www.xjhc.gov.cn/xjhc/c116834/202410/a29382e11a674da3be3353af65f9fcc5.shtml#137113-400110113004","2024-10-14","{""dataset_year"":2025,""job_uid"":""GOV-2025-137113-400110113004"",""publisher"":""国家公务员局"",""publication_page"":""https://www.xjhc.gov.cn/xjhc/c116834/202410/a29382e11a674da3be3353af65f9fcc5.shtml"",""attachment_url"":""https://www.xjhc.gov.cn/xjhc/c116834/202410/a29382e11a674da3be3353af65f9fcc5/files/0536cef86e2b46ddad6aae5a3780089e.xls"",""local_source_file"":""2025_guokao_zhaokaojianzhang.xls"",""local_source_sha256"":""07ae6cab368cd21b7a1ac3e8150fe9a3d39ad5171ce76135ff3cccfe50c3e77e"",""source_sheet"":""中央国家行政机关参照公务员法管理事业单位"",""filter_version"":""government_tech_v2"",""tech_filter"":{""is_tech"":true,""is_core_tech"":true,""scope"":""core"",""categories"":[""computer_software"",""data_ai""],""matched_fields"":[""major"",""description""],""major_terms"":[""计算机科学与技术"",""软件工程""],""role_terms"":[""信息化"",""数据处理""],""reason"":""tech_major_and_role""},""original"":{""部门代码"":""137113"",""部门名称"":""国家统计局福建调查总队"",""用人司局"":""国家统计局福建调查总队"",""机构性质"":""中央国家行政机关参照公务员法管理事业单位"",""招考职位"":""福州调查队业务科室四级主任科员"",""职位属性"":""普通职位"",""职位分布"":""其他职位"",""职位简介"":""从事统计调查、数据处理、统计分析研究、信息化建设等工作"",""职位代码"":""400110113004"",""机构层级"":""市（地）级"",""考试类别"":""市（地）级及以下直属机构综合管理类"",""招考人数"":""1"",""专业"":""应用统计专业（0252）、统计学专业（0714）、计算机科学与技术专业（0812）、软件工程专业（0835）、理论经济学专业（0201）、应用经济学专业（0202）、数字经济专业（0258）"",""学历"":""仅限硕士研究生"",""学位"":""硕士"",""政治面貌"":""不限"",""基层工作最低年限"":""无限制"",""服务基层项目工作经历"":""无限制"",""是否在面试阶段组织专业能力测试"":""否"",""面试人员比例"":""3:1"",""工作地点"":""福建省福州市仓山区"",""落户地点"":""福建省福州市仓山区"",""备注"":""1.仅限应届高校毕业生；2.本职位所列专业均要求主修专业；3.本单位最低服务年限为5年（含试用期）。"",""部门网站"":""www.stats.gov.cn"",""咨询电话1"":""0591-88019577"",""咨询电话2"":""0591-88019550"",""咨询电话3"":""0591-88016561"",""来源Sheet"":""中央国家行政机关参照公务员法管理事业单位""}}"
"government_jobs","国家公务员2025招考简章","公务员/事业单位技术岗位","福建省三明市三元区","2026-07-28T09:12:58.310295+00:00","三明调查队业务科室四级主任科员","国家统计局福建调查总队","","福建省三明市三元区","公务员/事业单位;2025;computer_software;data_ai;仅限硕士研究生;硕士;应用统计专业（0252）、统计学专业（0714）、计算机科学与技术专业（0812）、软件工程专业（0835）、理论经济学专业（0201）、应用经济学专业（0202）、数字经济专业（0258）;市（地）级及以下直属机构综合管理类","用人司局：国家统计局福建调查总队
职位简介：从事统计调查、数据处理、统计分析研究、信息化建设等工作
专业要求：应用统计专业（0252）、统计学专业（0714）、计算机科学与技术专业（0812）、软件工程专业（0835）、理论经济学专业（0201）、应用经济学专业（0202）、数字经济专业（0258）
学历要求：仅限硕士研究生
学位要求：硕士
政治面貌：不限
基层工作经历：无限制
考试类别：市（地）级及以下直属机构综合管理类
备注：1.仅限应届高校毕业生；2.本职位所列专业均要求主修专业；3.本单位最低服务年限为5年（含试用期）。","https://www.xjhc.gov.cn/xjhc/c116834/202410/a29382e11a674da3be3353af65f9fcc5.shtml#137113-400110113005","2024-10-14","{""dataset_year"":2025,""job_uid"":""GOV-2025-137113-400110113005"",""publisher"":""国家公务员局"",""publication_page"":""https://www.xjhc.gov.cn/xjhc/c116834/202410/a29382e11a674da3be3353af65f9fcc5.shtml"",""attachment_url"":""https://www.xjhc.gov.cn/xjhc/c116834/202410/a29382e11a674da3be3353af65f9fcc5/files/0536cef86e2b46ddad6aae5a3780089e.xls"",""local_source_file"":""2025_guokao_zhaokaojianzhang.xls"",""local_source_sha256"":""07ae6cab368cd21b7a1ac3e8150fe9a3d39ad5171ce76135ff3cccfe50c3e77e"",""source_sheet"":""中央国家行政机关参照公务员法管理事业单位"",""filter_version"":""government_tech_v2"",""tech_filter"":{""is_tech"":true,""is_core_tech"":true,""scope"":""core"",""categories"":[""computer_software"",""data_ai""],""matched_fields"":[""major"",""description""],""major_terms"":[""计算机科学与技术"",""软件工程""],""role_terms"":[""信息化"",""数据处理""],""reason"":""tech_major_and_role""},""original"":{""部门代码"":""137113"",""部门名称"":""国家统计局福建调查总队"",""用人司局"":""国家统计局福建调查总队"",""机构性质"":""中央国家行政机关参照公务员法管理事业单位"",""招考职位"":""三明调查队业务科室四级主任科员"",""职位属性"":""普通职位"",""职位分布"":""其他职位"",""职位简介"":""从事统计调查、数据处理、统计分析研究、信息化建设等工作"",""职位代码"":""400110113005"",""机构层级"":""市（地）级"",""考试类别"":""市（地）级及以下直属机构综合管理类"",""招考人数"":""1"",""专业"":""应用统计专业（0252）、统计学专业（0714）、计算机科学与技术专业（0812）、软件工程专业（0835）、理论经济学专业（0201）、应用经济学专业（0202）、数字经济专业（0258）"",""学历"":""仅限硕士研究生"",""学位"":""硕士"",""政治面貌"":""不限"",""基层工作最低年限"":""无限制"",""服务基层项目工作经历"":""无限制"",""是否在面试阶段组织专业能力测试"":""否"",""面试人员比例"":""3:1"",""工作地点"":""福建省三明市三元区"",""落户地点"":""福建省三明市三元区"",""备注"":""1.仅限应届高校毕业生；2.本职位所列专业均要求主修专业；3.本单位最低服务年限为5年（含试用期）。"",""部门网站"":""www.stats.gov.cn"",""咨询电话1"":""0591-88019577"",""咨询电话2"":""0591-88019550"",""咨询电话3"":""0591-88016561"",""来源Sheet"":""中央国家行政机关参照公务员法管理事业单位""}}"
"government_jobs","国家公务员2025招考简章","公务员/事业单位技术岗位","福建省泉州市丰泽区","2026-07-28T09:12:58.310295+00:00","泉州调查队业务科室四级主任科员","国家统计局福建调查总队","","福建省泉州市丰泽区","公务员/事业单位;2025;computer_software;data_ai;仅限硕士研究生;硕士;应用统计专业（0252）、统计学专业（0714）、计算机科学与技术专业（0812）、软件工程专业（0835）、理论经济学专业（0201）、应用经济学专业（0202）、数字经济专业（0258）;市（地）级及以下直属机构综合管理类","用人司局：国家统计局福建调查总队
职位简介：从事统计调查、数据处理、统计分析研究、信息化建设等工作
专业要求：应用统计专业（0252）、统计学专业（0714）、计算机科学与技术专业（0812）、软件工程专业（0835）、理论经济学专业（0201）、应用经济学专业（0202）、数字经济专业（0258）
学历要求：仅限硕士研究生
学位要求：硕士
政治面貌：不限
基层工作经历：无限制
考试类别：市（地）级及以下直属机构综合管理类
备注：1.仅限应届高校毕业生；2.本职位所列专业均要求主修专业；3.本单位最低服务年限为5年（含试用期）。","https://www.xjhc.gov.cn/xjhc/c116834/202410/a29382e11a674da3be3353af65f9fcc5.shtml#137113-400110113006","2024-10-14","{""dataset_year"":2025,""job_uid"":""GOV-2025-137113-400110113006"",""publisher"":""国家公务员局"",""publication_page"":""https://www.xjhc.gov.cn/xjhc/c116834/202410/a29382e11a674da3be3353af65f9fcc5.shtml"",""attachment_url"":""https://www.xjhc.gov.cn/xjhc/c116834/202410/a29382e11a674da3be3353af65f9fcc5/files/0536cef86e2b46ddad6aae5a3780089e.xls"",""local_source_file"":""2025_guokao_zhaokaojianzhang.xls"",""local_source_sha256"":""07ae6cab368cd21b7a1ac3e8150fe9a3d39ad5171ce76135ff3cccfe50c3e77e"",""source_sheet"":""中央国家行政机关参照公务员法管理事业单位"",""filter_version"":""government_tech_v2"",""tech_filter"":{""is_tech"":true,""is_core_tech"":true,""scope"":""core"",""categories"":[""computer_software"",""data_ai""],""matched_fields"":[""major"",""description""],""major_terms"":[""计算机科学与技术"",""软件工程""],""role_terms"":[""信息化"",""数据处理""],""reason"":""tech_major_and_role""},""original"":{""部门代码"":""137113"",""部门名称"":""国家统计局福建调查总队"",""用人司局"":""国家统计局福建调查总队"",""机构性质"":""中央国家行政机关参照公务员法管理事业单位"",""招考职位"":""泉州调查队业务科室四级主任科员"",""职位属性"":""普通职位"",""职位分布"":""其他职位"",""职位简介"":""从事统计调查、数据处理、统计分析研究、信息化建设等工作"",""职位代码"":""400110113006"",""机构层级"":""市（地）级"",""考试类别"":""市（地）级及以下直属机构综合管理类"",""招考人数"":""1"",""专业"":""应用统计专业（0252）、统计学专业（0714）、计算机科学与技术专业（0812）、软件工程专业（0835）、理论经济学专业（0201）、应用经济学专业（0202）、数字经济专业（0258）"",""学历"":""仅限硕士研究生"",""学位"":""硕士"",""政治面貌"":""不限"",""基层工作最低年限"":""无限制"",""服务基层项目工作经历"":""无限制"",""是否在面试阶段组织专业能力测试"":""否"",""面试人员比例"":""3:1"",""工作地点"":""福建省泉州市丰泽区"",""落户地点"":""福建省泉州市丰泽区"",""备注"":""1.仅限应届高校毕业生；2.本职位所列专业均要求主修专业；3.本单位最低服务年限为5年（含试用期）。"",""部门网站"":""www.stats.gov.cn"",""咨询电话1"":""0591-88019577"",""咨询电话2"":""0591-88019550"",""咨询电话3"":""0591-88016561"",""来源Sheet"":""中央国家行政机关参照公务员法管理事业单位""}}"
"government_jobs","国家公务员2025招考简章","公务员/事业单位技术岗位","福建省漳州市芗城区","2026-07-28T09:12:58.310295+00:00","漳州调查队业务科室四级主任科员","国家统计局福建调查总队","","福建省漳州市芗城区","公务员/事业单位;2025;computer_software;data_ai;仅限硕士研究生;硕士;应用统计专业（0252）、统计学专业（0714）、计算机科学与技术专业（0812）、软件工程专业（0835）、理论经济学专业（0201）、应用经济学专业（0202）、数字经济专业（0258）;市（地）级及以下直属机构综合管理类","用人司局：国家统计局福建调查总队
职位简介：从事统计调查、数据处理、统计分析研究、信息化建设等工作
专业要求：应用统计专业（0252）、统计学专业（0714）、计算机科学与技术专业（0812）、软件工程专业（0835）、理论经济学专业（0201）、应用经济学专业（0202）、数字经济专业（0258）
学历要求：仅限硕士研究生
学位要求：硕士
政治面貌：不限
基层工作经历：无限制
考试类别：市（地）级及以下直属机构综合管理类
备注：1.仅限应届高校毕业生；2.本职位所列专业均要求主修专业；3.本单位最低服务年限为5年（含试用期）。","https://www.xjhc.gov.cn/xjhc/c116834/202410/a29382e11a674da3be3353af65f9fcc5.shtml#137113-400110113007","2024-10-14","{""dataset_year"":2025,""job_uid"":""GOV-2025-137113-400110113007"",""publisher"":""国家公务员局"",""publication_page"":""https://www.xjhc.gov.cn/xjhc/c116834/202410/a29382e11a674da3be3353af65f9fcc5.shtml"",""attachment_url"":""https://www.xjhc.gov.cn/xjhc/c116834/202410/a29382e11a674da3be3353af65f9fcc5/files/0536cef86e2b46ddad6aae5a3780089e.xls"",""local_source_file"":""2025_guokao_zhaokaojianzhang.xls"",""local_source_sha256"":""07ae6cab368cd21b7a1ac3e8150fe9a3d39ad5171ce76135ff3cccfe50c3e77e"",""source_sheet"":""中央国家行政机关参照公务员法管理事业单位"",""filter_version"":""government_tech_v2"",""tech_filter"":{""is_tech"":true,""is_core_tech"":true,""scope"":""core"",""categories"":[""computer_software"",""data_ai""],""matched_fields"":[""major"",""description""],""major_terms"":[""计算机科学与技术"",""软件工程""],""role_terms"":[""信息化"",""数据处理""],""reason"":""tech_major_and_role""},""original"":{""部门代码"":""137113"",""部门名称"":""国家统计局福建调查总队"",""用人司局"":""国家统计局福建调查总队"",""机构性质"":""中央国家行政机关参照公务员法管理事业单位"",""招考职位"":""漳州调查队业务科室四级主任科员"",""职位属性"":""普通职位"",""职位分布"":""其他职位"",""职位简介"":""从事统计调查、数据处理、统计分析研究、信息化建设等工作"",""职位代码"":""400110113007"",""机构层级"":""市（地）级"",""考试类别"":""市（地）级及以下直属机构综合管理类"",""招考人数"":""1"",""专业"":""应用统计专业（0252）、统计学专业（0714）、计算机科学与技术专业（0812）、软件工程专业（0835）、理论经济学专业（0201）、应用经济学专业（0202）、数字经济专业（0258）"",""学历"":""仅限硕士研究生"",""学位"":""硕士"",""政治面貌"":""不限"",""基层工作最低年限"":""无限制"",""服务基层项目工作经历"":""无限制"",""是否在面试阶段组织专业能力测试"":""否"",""面试人员比例"":""3:1"",""工作地点"":""福建省漳州市芗城区"",""落户地点"":""福建省漳州市芗城区"",""备注"":""1.仅限应届高校毕业生；2.本职位所列专业均要求主修专业；3.本单位最低服务年限为5年（含试用期）。"",""部门网站"":""www.stats.gov.cn"",""咨询电话1"":""0591-88019577"",""咨询电话2"":""0591-88019550"",""咨询电话3"":""0591-88016561"",""来源Sheet"":""中央国家行政机关参照公务员法管理事业单位""}}"
"government_jobs","国家公务员2025招考简章","公务员/事业单位技术岗位","福建省漳州市芗城区","2026-07-28T09:12:58.310295+00:00","漳州调查队业务科室一级科员","国家统计局福建调查总队","","福建省漳州市芗城区","公务员/事业单位;2025;computer_software;data_ai;仅限本科;学士;统计学类(不含生物统计学专业)、经济学类(不含资源与环境经济学、商务经济学、经济工程专业)，计算机科学与技术专业、软件工程专业、数据科学与大数据技术专业、会计学专业、财务管理专业;市（地）级及以下直属机构综合管理类","用人司局：国家统计局福建调查总队
职位简介：从事统计调查、数据处理、统计分析研究、信息化建设等工作
专业要求：统计学类(不含生物统计学专业)、经济学类(不含资源与环境经济学、商务经济学、经济工程专业)，计算机科学与技术专业、软件工程专业、数据科学与大数据技术专业、会计学专业、财务管理专业
学历要求：仅限本科
学位要求：学士
政治面貌：不限
基层工作经历：无限制
考试类别：市（地）级及以下直属机构综合管理类
备注：1.仅限应届高校毕业生；2.本职位专业要求为所列专业或专业目录中的“专业类”，非“专业大类（学科大类）”;3.本职位专业均要求主修专业；4.本单位最低服务年限为5年（含试用期）。","https://www.xjhc.gov.cn/xjhc/c116834/202410/a29382e11a674da3be3353af65f9fcc5.shtml#137113-400110113008","2024-10-14","{""dataset_year"":2025,""job_uid"":""GOV-2025-137113-400110113008"",""publisher"":""国家公务员局"",""publication_page"":""https://www.xjhc.gov.cn/xjhc/c116834/202410/a29382e11a674da3be3353af65f9fcc5.shtml"",""attachment_url"":""https://www.xjhc.gov.cn/xjhc/c116834/202410/a29382e11a674da3be3353af65f9fcc5/files/0536cef86e2b46ddad6aae5a3780089e.xls"",""local_source_file"":""2025_guokao_zhaokaojianzhang.xls"",""local_source_sha256"":""07ae6cab368cd21b7a1ac3e8150fe9a3d39ad5171ce76135ff3cccfe50c3e77e"",""source_sheet"":""中央国家行政机关参照公务员法管理事业单位"",""filter_version"":""government_tech_v2"",""tech_filter"":{""is_tech"":true,""is_core_tech"":true,""scope"":""core"",""categories"":[""computer_software"",""data_ai""],""matched_fields"":[""major"",""description""],""major_terms"":[""大数据"",""数据科学与大数据技术"",""计算机科学与技术"",""软件工程""],""role_terms"":[""信息化"",""数据处理""],""reason"":""tech_major_and_role""},""original"":{""部门代码"":""137113"",""部门名称"":""国家统计局福建调查总队"",""用人司局"":""国家统计局福建调查总队"",""机构性质"":""中央国家行政机关参照公务员法管理事业单位"",""招考职位"":""漳州调查队业务科室一级科员"",""职位属性"":""普通职位"",""职位分布"":""其他职位"",""职位简介"":""从事统计调查、数据处理、统计分析研究、信息化建设等工作"",""职位代码"":""400110113008"",""机构层级"":""市（地）级"",""考试类别"":""市（地）级及以下直属机构综合管理类"",""招考人数"":""1"",""专业"":""统计学类(不含生物统计学专业)、经济学类(不含资源与环境经济学、商务经济学、经济工程专业)，计算机科学与技术专业、软件工程专业、数据科学与大数据技术专业、会计学专业、财务管理专业"",""学历"":""仅限本科"",""学位"":""学士"",""政治面貌"":""不限"",""基层工作最低年限"":""无限制"",""服务基层项目工作经历"":""无限制"",""是否在面试阶段组织专业能力测试"":""否"",""面试人员比例"":""3:1"",""工作地点"":""福建省漳州市芗城区"",""落户地点"":""福建省漳州市芗城区"",""备注"":""1.仅限应届高校毕业生；2.本职位专业要求为所列专业或专业目录中的“专业类”，非“专业大类（学科大类）”;3.本职位专业均要求主修专业；4.本单位最低服务年限为5年（含试用期）。"",""部门网站"":""www.stats.gov.cn"",""咨询电话1"":""0591-88019577"",""咨询电话2"":""0591-88019550"",""咨询电话3"":""0591-88016561"",""来源Sheet"":""中央国家行政机关参照公务员法管理事业单位""}}"
"government_jobs","国家公务员2025招考简章","公务员/事业单位技术岗位","福建省福州市平潭县","2026-07-28T09:12:58.310295+00:00","平潭调查队一级科员","国家统计局福建调查总队","","福建省福州市平潭县","公务员/事业单位;2025;computer_software;data_ai;仅限本科;学士;统计学类(不含生物统计学专业)、经济学类(不含资源与环境经济学、商务经济学、经济工程专业)，计算机科学与技术专业、软件工程专业、数据科学与大数据技术专业、会计学专业、财务管理专业、农林经济管理专业;市（地）级及以下直属机构综合管理类","用人司局：国家统计局福建调查总队
职位简介：从事一线入户调查、数据处理、统计分析研究等工作
专业要求：统计学类(不含生物统计学专业)、经济学类(不含资源与环境经济学、商务经济学、经济工程专业)，计算机科学与技术专业、软件工程专业、数据科学与大数据技术专业、会计学专业、财务管理专业、农林经济管理专业
学历要求：仅限本科
学位要求：学士
政治面貌：不限
基层工作经历：无限制
考试类别：市（地）级及以下直属机构综合管理类
备注：1.仅限应届高校毕业生；2.本职位专业要求为所列专业或专业目录中的“专业类”，非“专业大类（学科大类）”;3.本职位专业均要求主修专业；4.本单位最低服务年限为5年（含试用期）；5.本职位为基层调查队岗位，需经常到住户、农村田间、企业、市场等开展直接调查。","https://www.xjhc.gov.cn/xjhc/c116834/202410/a29382e11a674da3be3353af65f9fcc5.shtml#137113-400110113009","2024-10-14","{""dataset_year"":2025,""job_uid"":""GOV-2025-137113-400110113009"",""publisher"":""国家公务员局"",""publication_page"":""https://www.xjhc.gov.cn/xjhc/c116834/202410/a29382e11a674da3be3353af65f9fcc5.shtml"",""attachment_url"":""https://www.xjhc.gov.cn/xjhc/c116834/202410/a29382e11a674da3be3353af65f9fcc5/files/0536cef86e2b46ddad6aae5a3780089e.xls"",""local_source_file"":""2025_guokao_zhaokaojianzhang.xls"",""local_source_sha256"":""07ae6cab368cd21b7a1ac3e8150fe9a3d39ad5171ce76135ff3cccfe50c3e77e"",""source_sheet"":""中央国家行政机关参照公务员法管理事业单位"",""filter_version"":""government_tech_v2"",""tech_filter"":{""is_tech"":true,""is_core_tech"":true,""scope"":""core"",""categories"":[""computer_software"",""data_ai""],""matched_fields"":[""major"",""description""],""major_terms"":[""大数据"",""数据科学与大数据技术"",""计算机科学与技术"",""软件工程""],""role_terms"":[""数据处理""],""reason"":""tech_major_and_role""},""original"":{""部门代码"":""137113"",""部门名称"":""国家统计局福建调查总队"",""用人司局"":""国家统计局福建调查总队"",""机构性质"":""中央国家行政机关参照公务员法管理事业单位"",""招考职位"":""平潭调查队一级科员"",""职位属性"":""普通职位"",""职位分布"":""其他职位"",""职位简介"":""从事一线入户调查、数据处理、统计分析研究等工作"",""职位代码"":""400110113009"",""机构层级"":""县（区）级及以下"",""考试类别"":""市（地）级及以下直属机构综合管理类"",""招考人数"":""1"",""专业"":""统计学类(不含生物统计学专业)、经济学类(不含资源与环境经济学、商务经济学、经济工程专业)，计算机科学与技术专业、软件工程专业、数据科学与大数据技术专业、会计学专业、财务管理专业、农林经济管理专业"",""学历"":""仅限本科"",""学位"":""学士"",""政治面貌"":""不限"",""基层工作最低年限"":""无限制"",""服务基层项目工作经历"":""无限制"",""是否在面试阶段组织专业能力测试"":""否"",""面试人员比例"":""3:1"",""工作地点"":""福建省福州市平潭县"",""落户地点"":""福建省福州市平潭县"",""备注"":""1.仅限应届高校毕业生；2.本职位专业要求为所列专业或专业目录中的“专业类”，非“专业大类（学科大类）”;3.本职位专业均要求主修专业；4.本单位最低服务年限为5年（含试用期）；5.本职位为基层调查队岗位，需经常到住户、农村田间、企业、市场等开展直接调查。"",""部门网站"":""www.stats.gov.cn"",""咨询电话1"":""0591-88019577"",""咨询电话2"":""0591-88019550"",""咨询电话3"":""0591-88016561"",""来源Sheet"":""中央国家行政机关参照公务员法管理事业单位""}}"
"government_jobs","国家公务员2025招考简章","公务员/事业单位技术岗位","福建省福州市福清市","2026-07-28T09:12:58.310295+00:00","福清调查队一级科员","国家统计局福建调查总队","","福建省福州市福清市","公务员/事业单位;2025;computer_software;data_ai;仅限本科;学士;统计学类(不含生物统计学专业)、经济学类(不含资源与环境经济学、商务经济学、经济工程专业)，计算机科学与技术专业、软件工程专业、数据科学与大数据技术专业、会计学专业、财务管理专业、农林经济管理专业;市（地）级及以下直属机构综合管理类","用人司局：国家统计局福建调查总队
职位简介：从事一线入户调查、数据处理、统计分析研究等工作
专业要求：统计学类(不含生物统计学专业)、经济学类(不含资源与环境经济学、商务经济学、经济工程专业)，计算机科学与技术专业、软件工程专业、数据科学与大数据技术专业、会计学专业、财务管理专业、农林经济管理专业
学历要求：仅限本科
学位要求：学士
政治面貌：不限
基层工作经历：无限制
考试类别：市（地）级及以下直属机构综合管理类
备注：1.仅限应届高校毕业生；2.本职位专业要求为所列专业或专业目录中的“专业类”，非“专业大类（学科大类）”;3.本职位专业均要求主修专业；4.本单位最低服务年限为5年（含试用期）；5.本职位为基层调查队岗位，需经常到住户、农村田间、企业、市场等开展直接调查。","https://www.xjhc.gov.cn/xjhc/c116834/202410/a29382e11a674da3be3353af65f9fcc5.shtml#137113-400110113010","2024-10-14","{""dataset_year"":2025,""job_uid"":""GOV-2025-137113-400110113010"",""publisher"":""国家公务员局"",""publication_page"":""https://www.xjhc.gov.cn/xjhc/c116834/202410/a29382e11a674da3be3353af65f9fcc5.shtml"",""attachment_url"":""https://www.xjhc.gov.cn/xjhc/c116834/202410/a29382e11a674da3be3353af65f9fcc5/files/0536cef86e2b46ddad6aae5a3780089e.xls"",""local_source_file"":""2025_guokao_zhaokaojianzhang.xls"",""local_source_sha256"":""07ae6cab368cd21b7a1ac3e8150fe9a3d39ad5171ce76135ff3cccfe50c3e77e"",""source_sheet"":""中央国家行政机关参照公务员法管理事业单位"",""filter_version"":""government_tech_v2"",""tech_filter"":{""is_tech"":true,""is_core_tech"":true,""scope"":""core"",""categories"":[""computer_software"",""data_ai""],""matched_fields"":[""major"",""description""],""major_terms"":[""大数据"",""数据科学与大数据技术"",""计算机科学与技术"",""软件工程""],""role_terms"":[""数据处理""],""reason"":""tech_major_and_role""},""original"":{""部门代码"":""137113"",""部门名称"":""国家统计局福建调查总队"",""用人司局"":""国家统计局福建调查总队"",""机构性质"":""中央国家行政机关参照公务员法管理事业单位"",""招考职位"":""福清调查队一级科员"",""职位属性"":""普通职位"",""职位分布"":""其他职位"",""职位简介"":""从事一线入户调查、数据处理、统计分析研究等工作"",""职位代码"":""400110113010"",""机构层级"":""县（区）级及以下"",""考试类别"":""市（地）级及以下直属机构综合管理类"",""招考人数"":""1"",""专业"":""统计学类(不含生物统计学专业)、经济学类(不含资源与环境经济学、商务经济学、经济工程专业)，计算机科学与技术专业、软件工程专业、数据科学与大数据技术专业、会计学专业、财务管理专业、农林经济管理专业"",""学历"":""仅限本科"",""学位"":""学士"",""政治面貌"":""不限"",""基层工作最低年限"":""无限制"",""服务基层项目工作经历"":""无限制"",""是否在面试阶段组织专业能力测试"":""否"",""面试人员比例"":""3:1"",""工作地点"":""福建省福州市福清市"",""落户地点"":""福建省福州市福清市"",""备注"":""1.仅限应届高校毕业生；2.本职位专业要求为所列专业或专业目录中的“专业类”，非“专业大类（学科大类）”;3.本职位专业均要求主修专业；4.本单位最低服务年限为5年（含试用期）；5.本职位为基层调查队岗位，需经常到住户、农村田间、企业、市场等开展直接调查。"",""部门网站"":""www.stats.gov.cn"",""咨询电话1"":""0591-88019577"",""咨询电话2"":""0591-88019550"",""咨询电话3"":""0591-88016561"",""来源Sheet"":""中央国家行政机关参照公务员法管理事业单位""}}"
"government_jobs","国家公务员2025招考简章","公务员/事业单位技术岗位","福建省莆田市仙游县","2026-07-28T09:12:58.310295+00:00","仙游调查队一级科员","国家统计局福建调查总队","","福建省莆田市仙游县","公务员/事业单位;2025;computer_software;data_ai;仅限本科;学士;统计学类(不含生物统计学专业)、经济学类(不含资源与环境经济学、商务经济学、经济工程专业)，计算机科学与技术专业、软件工程专业、数据科学与大数据技术专业、会计学专业、财务管理专业、农林经济管理专业;市（地）级及以下直属机构综合管理类","用人司局：国家统计局福建调查总队
职位简介：从事一线入户调查、数据处理、统计分析研究等工作
专业要求：统计学类(不含生物统计学专业)、经济学类(不含资源与环境经济学、商务经济学、经济工程专业)，计算机科学与技术专业、软件工程专业、数据科学与大数据技术专业、会计学专业、财务管理专业、农林经济管理专业
学历要求：仅限本科
学位要求：学士
政治面貌：不限
基层工作经历：无限制
考试类别：市（地）级及以下直属机构综合管理类
备注：1.仅限应届高校毕业生；2.本职位专业要求为所列专业或专业目录中的“专业类”，非“专业大类（学科大类）”;3.本职位专业均要求主修专业；4.本单位最低服务年限为5年（含试用期）；5.本职位为基层调查队岗位，需经常到住户、农村田间、企业、市场等开展直接调查。","https://www.xjhc.gov.cn/xjhc/c116834/202410/a29382e11a674da3be3353af65f9fcc5.shtml#137113-400110113011","2024-10-14","{""dataset_year"":2025,""job_uid"":""GOV-2025-137113-400110113011"",""publisher"":""国家公务员局"",""publication_page"":""https://www.xjhc.gov.cn/xjhc/c116834/202410/a29382e11a674da3be3353af65f9fcc5.shtml"",""attachment_url"":""https://www.xjhc.gov.cn/xjhc/c116834/202410/a29382e11a674da3be3353af65f9fcc5/files/0536cef86e2b46ddad6aae5a3780089e.xls"",""local_source_file"":""2025_guokao_zhaokaojianzhang.xls"",""local_source_sha256"":""07ae6cab368cd21b7a1ac3e8150fe9a3d39ad5171ce76135ff3cccfe50c3e77e"",""source_sheet"":""中央国家行政机关参照公务员法管理事业单位"",""filter_version"":""government_tech_v2"",""tech_filter"":{""is_tech"":true,""is_core_tech"":true,""scope"":""core"",""categories"":[""computer_software"",""data_ai""],""matched_fields"":[""major"",""description""],""major_terms"":[""大数据"",""数据科学与大数据技术"",""计算机科学与技术"",""软件工程""],""role_terms"":[""数据处理""],""reason"":""tech_major_and_role""},""original"":{""部门代码"":""137113"",""部门名称"":""国家统计局福建调查总队"",""用人司局"":""国家统计局福建调查总队"",""机构性质"":""中央国家行政机关参照公务员法管理事业单位"",""招考职位"":""仙游调查队一级科员"",""职位属性"":""普通职位"",""职位分布"":""其他职位"",""职位简介"":""从事一线入户调查、数据处理、统计分析研究等工作"",""职位代码"":""400110113011"",""机构层级"":""县（区）级及以下"",""考试类别"":""市（地）级及以下直属机构综合管理类"",""招考人数"":""1"",""专业"":""统计学类(不含生物统计学专业)、经济学类(不含资源与环境经济学、商务经济学、经济工程专业)，计算机科学与技术专业、软件工程专业、数据科学与大数据技术专业、会计学专业、财务管理专业、农林经济管理专业"",""学历"":""仅限本科"",""学位"":""学士"",""政治面貌"":""不限"",""基层工作最低年限"":""无限制"",""服务基层项目工作经历"":""无限制"",""是否在面试阶段组织专业能力测试"":""否"",""面试人员比例"":""3:1"",""工作地点"":""福建省莆田市仙游县"",""落户地点"":""福建省莆田市仙游县"",""备注"":""1.仅限应届高校毕业生；2.本职位专业要求为所列专业或专业目录中的“专业类”，非“专业大类（学科大类）”;3.本职位专业均要求主修专业；4.本单位最低服务年限为5年（含试用期）；5.本职位为基层调查队岗位，需经常到住户、农村田间、企业、市场等开展直接调查。"",""部门网站"":""www.stats.gov.cn"",""咨询电话1"":""0591-88019577"",""咨询电话2"":""0591-88019550"",""咨询电话3"":""0591-88016561"",""来源Sheet"":""中央国家行政机关参照公务员法管理事业单位""}}"
"government_jobs","国家公务员2025招考简章","公务员/事业单位技术岗位","福建省三明市宁化县","2026-07-28T09:12:58.310295+00:00","宁化调查队一级科员（1）","国家统计局福建调查总队","","福建省三明市宁化县","公务员/事业单位;2025;computer_software;data_ai;仅限本科;学士;统计学类(不含生物统计学专业)、经济学类(不含资源与环境经济学、商务经济学、经济工程专业)，计算机科学与技术专业、软件工程专业、数据科学与大数据技术专业、会计学专业、财务管理专业、农林经济管理专业;市（地）级及以下直属机构综合管理类","用人司局：国家统计局福建调查总队
职位简介：从事一线入户调查、数据处理、统计分析研究等工作
专业要求：统计学类(不含生物统计学专业)、经济学类(不含资源与环境经济学、商务经济学、经济工程专业)，计算机科学与技术专业、软件工程专业、数据科学与大数据技术专业、会计学专业、财务管理专业、农林经济管理专业
学历要求：仅限本科
学位要求：学士
政治面貌：不限
基层工作经历：无限制
考试类别：市（地）级及以下直属机构综合管理类
备注：1.仅限应届高校毕业生；2.本职位专业要求为所列专业或专业目录中的“专业类”，非“专业大类（学科大类）”;3.本职位专业均要求主修专业；4.本单位最低服务年限为5年（含试用期）；5.本职位为基层调查队岗位，需经常到住户、农村田间、企业、市场等开展直接调查。","https://www.xjhc.gov.cn/xjhc/c116834/202410/a29382e11a674da3be3353af65f9fcc5.shtml#137113-400110113012","2024-10-14","{""dataset_year"":2025,""job_uid"":""GOV-2025-137113-400110113012"",""publisher"":""国家公务员局"",""publication_page"":""https://www.xjhc.gov.cn/xjhc/c116834/202410/a29382e11a674da3be3353af65f9fcc5.shtml"",""attachment_url"":""https://www.xjhc.gov.cn/xjhc/c116834/202410/a29382e11a674da3be3353af65f9fcc5/files/0536cef86e2b46ddad6aae5a3780089e.xls"",""local_source_file"":""2025_guokao_zhaokaojianzhang.xls"",""local_source_sha256"":""07ae6cab368cd21b7a1ac3e8150fe9a3d39ad5171ce76135ff3cccfe50c3e77e"",""source_sheet"":""中央国家行政机关参照公务员法管理事业单位"",""filter_version"":""government_tech_v2"",""tech_filter"":{""is_tech"":true,""is_core_tech"":true,""scope"":""core"",""categories"":[""computer_software"",""data_ai""],""matched_fields"":[""major"",""description""],""major_terms"":[""大数据"",""数据科学与大数据技术"",""计算机科学与技术"",""软件工程""],""role_terms"":[""数据处理""],""reason"":""tech_major_and_role""},""original"":{""部门代码"":""137113"",""部门名称"":""国家统计局福建调查总队"",""用人司局"":""国家统计局福建调查总队"",""机构性质"":""中央国家行政机关参照公务员法管理事业单位"",""招考职位"":""宁化调查队一级科员（1）"",""职位属性"":""普通职位"",""职位分布"":""其他职位"",""职位简介"":""从事一线入户调查、数据处理、统计分析研究等工作"",""职位代码"":""400110113012"",""机构层级"":""县（区）级及以下"",""考试类别"":""市（地）级及以下直属机构综合管理类"",""招考人数"":""1"",""专业"":""统计学类(不含生物统计学专业)、经济学类(不含资源与环境经济学、商务经济学、经济工程专业)，计算机科学与技术专业、软件工程专业、数据科学与大数据技术专业、会计学专业、财务管理专业、农林经济管理专业"",""学历"":""仅限本科"",""学位"":""学士"",""政治面貌"":""不限"",""基层工作最低年限"":""无限制"",""服务基层项目工作经历"":""无限制"",""是否在面试阶段组织专业能力测试"":""否"",""面试人员比例"":""3:1"",""工作地点"":""福建省三明市宁化县"",""落户地点"":""福建省三明市宁化县"",""备注"":""1.仅限应届高校毕业生；2.本职位专业要求为所列专业或专业目录中的“专业类”，非“专业大类（学科大类）”;3.本职位专业均要求主修专业；4.本单位最低服务年限为5年（含试用期）；5.本职位为基层调查队岗位，需经常到住户、农村田间、企业、市场等开展直接调查。"",""部门网站"":""www.stats.gov.cn"",""咨询电话1"":""0591-88019577"",""咨询电话2"":""0591-88019550"",""咨询电话3"":""0591-88016561"",""来源Sheet"":""中央国家行政机关参照公务员法管理事业单位""}}"
"government_jobs","国家公务员2025招考简章","公务员/事业单位技术岗位","福建省三明市宁化县","2026-07-28T09:12:58.310295+00:00","宁化调查队一级科员（2）","国家统计局福建调查总队","","福建省三明市宁化县","公务员/事业单位;2025;computer_software;data_ai;仅限本科;学士;统计学类(不含生物统计学专业)、经济学类(不含资源与环境经济学、商务经济学、经济工程专业)，计算机科学与技术专业、软件工程专业、数据科学与大数据技术专业、会计学专业、财务管理专业、农林经济管理专业;市（地）级及以下直属机构综合管理类","用人司局：国家统计局福建调查总队
职位简介：从事一线入户调查、数据处理、统计分析研究等工作
专业要求：统计学类(不含生物统计学专业)、经济学类(不含资源与环境经济学、商务经济学、经济工程专业)，计算机科学与技术专业、软件工程专业、数据科学与大数据技术专业、会计学专业、财务管理专业、农林经济管理专业
学历要求：仅限本科
学位要求：学士
政治面貌：不限
基层工作经历：二年
考试类别：市（地）级及以下直属机构综合管理类
备注：1.本职位专业要求为所列专业或专业目录中的“专业类”，非“专业大类（学科大类）”;2本职位专业均要求主修专业；3.本单位最低服务年限为5年（含试用期）；4.本职位为基层调查队岗位，需经常到住户、农村田间、企业、市场等开展直接调查。","https://www.xjhc.gov.cn/xjhc/c116834/202410/a29382e11a674da3be3353af65f9fcc5.shtml#137113-400110113013","2024-10-14","{""dataset_year"":2025,""job_uid"":""GOV-2025-137113-400110113013"",""publisher"":""国家公务员局"",""publication_page"":""https://www.xjhc.gov.cn/xjhc/c116834/202410/a29382e11a674da3be3353af65f9fcc5.shtml"",""attachment_url"":""https://www.xjhc.gov.cn/xjhc/c116834/202410/a29382e11a674da3be3353af65f9fcc5/files/0536cef86e2b46ddad6aae5a3780089e.xls"",""local_source_file"":""2025_guokao_zhaokaojianzhang.xls"",""local_source_sha256"":""07ae6cab368cd21b7a1ac3e8150fe9a3d39ad5171ce76135ff3cccfe50c3e77e"",""source_sheet"":""中央国家行政机关参照公务员法管理事业单位"",""filter_version"":""government_tech_v2"",""tech_filter"":{""is_tech"":true,""is_core_tech"":true,""scope"":""core"",""categories"":[""computer_software"",""data_ai""],""matched_fields"":[""major"",""description""],""major_terms"":[""大数据"",""数据科学与大数据技术"",""计算机科学与技术"",""软件工程""],""role_terms"":[""数据处理""],""reason"":""tech_major_and_role""},""original"":{""部门代码"":""137113"",""部门名称"":""国家统计局福建调查总队"",""用人司局"":""国家统计局福建调查总队"",""机构性质"":""中央国家行政机关参照公务员法管理事业单位"",""招考职位"":""宁化调查队一级科员（2）"",""职位属性"":""普通职位"",""职位分布"":""其他职位"",""职位简介"":""从事一线入户调查、数据处理、统计分析研究等工作"",""职位代码"":""400110113013"",""机构层级"":""县（区）级及以下"",""考试类别"":""市（地）级及以下直属机构综合管理类"",""招考人数"":""1"",""专业"":""统计学类(不含生物统计学专业)、经济学类(不含资源与环境经济学、商务经济学、经济工程专业)，计算机科学与技术专业、软件工程专业、数据科学与大数据技术专业、会计学专业、财务管理专业、农林经济管理专业"",""学历"":""仅限本科"",""学位"":""学士"",""政治面貌"":""不限"",""基层工作最低年限"":""二年"",""服务基层项目工作经历"":""大学生村官、农村义务教育阶段学校教师特设岗位计划、“三支一扶”计划、大学生志愿服务西部计划、在军队服役5年（含）以上的高校毕业生退役士兵"",""是否在面试阶段组织专业能力测试"":""否"",""面试人员比例"":""3:1"",""工作地点"":""福建省三明市宁化县"",""落户地点"":""福建省三明市宁化县"",""备注"":""1.本职位专业要求为所列专业或专业目录中的“专业类”，非“专业大类（学科大类）”;2本职位专业均要求主修专业；3.本单位最低服务年限为5年（含试用期）；4.本职位为基层调查队岗位，需经常到住户、农村田间、企业、市场等开展直接调查。"",""部门网站"":""www.stats.gov.cn"",""咨询电话1"":""0591-88019577"",""咨询电话2"":""0591-88019550"",""咨询电话3"":""0591-88016561"",""来源Sheet"":""中央国家行政机关参照公务员法管理事业单位""}}"
"government_jobs","国家公务员2025招考简章","公务员/事业单位技术岗位","福建省三明市尤溪县","2026-07-28T09:12:58.310295+00:00","尤溪调查队一级科员（1）","国家统计局福建调查总队","","福建省三明市尤溪县","公务员/事业单位;2025;computer_software;data_ai;仅限本科;学士;统计学类(不含生物统计学专业)、经济学类(不含资源与环境经济学、商务经济学、经济工程专业)，计算机科学与技术专业、软件工程专业、数据科学与大数据技术专业、会计学专业、财务管理专业、农林经济管理专业;市（地）级及以下直属机构综合管理类","用人司局：国家统计局福建调查总队
职位简介：从事一线入户调查、数据处理、统计分析研究等工作
专业要求：统计学类(不含生物统计学专业)、经济学类(不含资源与环境经济学、商务经济学、经济工程专业)，计算机科学与技术专业、软件工程专业、数据科学与大数据技术专业、会计学专业、财务管理专业、农林经济管理专业
学历要求：仅限本科
学位要求：学士
政治面貌：不限
基层工作经历：无限制
考试类别：市（地）级及以下直属机构综合管理类
备注：1.仅限女性；2.仅限应届高校毕业生；3.本职位专业要求为所列专业或专业目录中的“专业类”，非“专业大类（学科大类）”;4.本职位专业均要求主修专业；5.本单位最低服务年限为5年（含试用期）；6.本职位为基层调查队岗位，需经常到住户、农村田间、企业、市场等开展直接调查。","https://www.xjhc.gov.cn/xjhc/c116834/202410/a29382e11a674da3be3353af65f9fcc5.shtml#137113-400110113014","2024-10-14","{""dataset_year"":2025,""job_uid"":""GOV-2025-137113-400110113014"",""publisher"":""国家公务员局"",""publication_page"":""https://www.xjhc.gov.cn/xjhc/c116834/202410/a29382e11a674da3be3353af65f9fcc5.shtml"",""attachment_url"":""https://www.xjhc.gov.cn/xjhc/c116834/202410/a29382e11a674da3be3353af65f9fcc5/files/0536cef86e2b46ddad6aae5a3780089e.xls"",""local_source_file"":""2025_guokao_zhaokaojianzhang.xls"",""local_source_sha256"":""07ae6cab368cd21b7a1ac3e8150fe9a3d39ad5171ce76135ff3cccfe50c3e77e"",""source_sheet"":""中央国家行政机关参照公务员法管理事业单位"",""filter_version"":""government_tech_v2"",""tech_filter"":{""is_tech"":true,""is_core_tech"":true,""scope"":""core"",""categories"":[""computer_software"",""data_ai""],""matched_fields"":[""major"",""description""],""major_terms"":[""大数据"",""数据科学与大数据技术"",""计算机科学与技术"",""软件工程""],""role_terms"":[""数据处理""],""reason"":""tech_major_and_role""},""original"":{""部门代码"":""137113"",""部门名称"":""国家统计局福建调查总队"",""用人司局"":""国家统计局福建调查总队"",""机构性质"":""中央国家行政机关参照公务员法管理事业单位"",""招考职位"":""尤溪调查队一级科员（1）"",""职位属性"":""普通职位"",""职位分布"":""其他职位"",""职位简介"":""从事一线入户调查、数据处理、统计分析研究等工作"",""职位代码"":""400110113014"",""机构层级"":""县（区）级及以下"",""考试类别"":""市（地）级及以下直属机构综合管理类"",""招考人数"":""1"",""专业"":""统计学类(不含生物统计学专业)、经济学类(不含资源与环境经济学、商务经济学、经济工程专业)，计算机科学与技术专业、软件工程专业、数据科学与大数据技术专业、会计学专业、财务管理专业、农林经济管理专业"",""学历"":""仅限本科"",""学位"":""学士"",""政治面貌"":""不限"",""基层工作最低年限"":""无限制"",""服务基层项目工作经历"":""无限制"",""是否在面试阶段组织专业能力测试"":""否"",""面试人员比例"":""3:1"",""工作地点"":""福建省三明市尤溪县"",""落户地点"":""福建省三明市尤溪县"",""备注"":""1.仅限女性；2.仅限应届高校毕业生；3.本职位专业要求为所列专业或专业目录中的“专业类”，非“专业大类（学科大类）”;4.本职位专业均要求主修专业；5.本单位最低服务年限为5年（含试用期）；6.本职位为基层调查队岗位，需经常到住户、农村田间、企业、市场等开展直接调查。"",""部门网站"":""www.stats.gov.cn"",""咨询电话1"":""0591-88019577"",""咨询电话2"":""0591-88019550"",""咨询电话3"":""0591-88016561"",""来源Sheet"":""中央国家行政机关参照公务员法管理事业单位""}}"
"government_jobs","国家公务员2025招考简章","公务员/事业单位技术岗位","福建省三明市尤溪县","2026-07-28T09:12:58.310295+00:00","尤溪调查队一级科员（2）","国家统计局福建调查总队","","福建省三明市尤溪县","公务员/事业单位;2025;computer_software;data_ai;仅限本科;学士;统计学类(不含生物统计学专业)、经济学类(不含资源与环境经济学、商务经济学、经济工程专业)，计算机科学与技术专业、软件工程专业、数据科学与大数据技术专业、会计学专业、财务管理专业、农林经济管理专业;市（地）级及以下直属机构综合管理类","用人司局：国家统计局福建调查总队
职位简介：从事一线入户调查、数据处理、统计分析研究等工作
专业要求：统计学类(不含生物统计学专业)、经济学类(不含资源与环境经济学、商务经济学、经济工程专业)，计算机科学与技术专业、软件工程专业、数据科学与大数据技术专业、会计学专业、财务管理专业、农林经济管理专业
学历要求：仅限本科
学位要求：学士
政治面貌：不限
基层工作经历：无限制
考试类别：市（地）级及以下直属机构综合管理类
备注：1.仅限男性；2.仅限应届高校毕业生；3.本职位专业要求为所列专业或专业目录中的“专业类”，非“专业大类（学科大类）”;4.本职位专业均要求主修专业；5.本单位最低服务年限为5年（含试用期）；6.本职位为基层调查队岗位，需经常到住户、农村田间、企业、市场等开展直接调查。","https://www.xjhc.gov.cn/xjhc/c116834/202410/a29382e11a674da3be3353af65f9fcc5.shtml#137113-400110113015","2024-10-14","{""dataset_year"":2025,""job_uid"":""GOV-2025-137113-400110113015"",""publisher"":""国家公务员局"",""publication_page"":""https://www.xjhc.gov.cn/xjhc/c116834/202410/a29382e11a674da3be3353af65f9fcc5.shtml"",""attachment_url"":""https://www.xjhc.gov.cn/xjhc/c116834/202410/a29382e11a674da3be3353af65f9fcc5/files/0536cef86e2b46ddad6aae5a3780089e.xls"",""local_source_file"":""2025_guokao_zhaokaojianzhang.xls"",""local_source_sha256"":""07ae6cab368cd21b7a1ac3e8150fe9a3d39ad5171ce76135ff3cccfe50c3e77e"",""source_sheet"":""中央国家行政机关参照公务员法管理事业单位"",""filter_version"":""government_tech_v2"",""tech_filter"":{""is_tech"":true,""is_core_tech"":true,""scope"":""core"",""categories"":[""computer_software"",""data_ai""],""matched_fields"":[""major"",""description""],""major_terms"":[""大数据"",""数据科学与大数据技术"",""计算机科学与技术"",""软件工程""],""role_terms"":[""数据处理""],""reason"":""tech_major_and_role""},""original"":{""部门代码"":""137113"",""部门名称"":""国家统计局福建调查总队"",""用人司局"":""国家统计局福建调查总队"",""机构性质"":""中央国家行政机关参照公务员法管理事业单位"",""招考职位"":""尤溪调查队一级科员（2）"",""职位属性"":""普通职位"",""职位分布"":""其他职位"",""职位简介"":""从事一线入户调查、数据处理、统计分析研究等工作"",""职位代码"":""400110113015"",""机构层级"":""县（区）级及以下"",""考试类别"":""市（地）级及以下直属机构综合管理类"",""招考人数"":""1"",""专业"":""统计学类(不含生物统计学专业)、经济学类(不含资源与环境经济学、商务经济学、经济工程专业)，计算机科学与技术专业、软件工程专业、数据科学与大数据技术专业、会计学专业、财务管理专业、农林经济管理专业"",""学历"":""仅限本科"",""学位"":""学士"",""政治面貌"":""不限"",""基层工作最低年限"":""无限制"",""服务基层项目工作经历"":""无限制"",""是否在面试阶段组织专业能力测试"":""否"",""面试人员比例"":""3:1"",""工作地点"":""福建省三明市尤溪县"",""落户地点"":""福建省三明市尤溪县"",""备注"":""1.仅限男性；2.仅限应届高校毕业生；3.本职位专业要求为所列专业或专业目录中的“专业类”，非“专业大类（学科大类）”;4.本职位专业均要求主修专业；5.本单位最低服务年限为5年（含试用期）；6.本职位为基层调查队岗位，需经常到住户、农村田间、企业、市场等开展直接调查。"",""部门网站"":""www.stats.gov.cn"",""咨询电话1"":""0591-88019577"",""咨询电话2"":""0591-88019550"",""咨询电话3"":""0591-88016561"",""来源Sheet"":""中央国家行政机关参照公务员法管理事业单位""}}"
"government_jobs","国家公务员2025招考简章","公务员/事业单位技术岗位","福建省漳州市漳浦县","2026-07-28T09:12:58.310295+00:00","漳浦调查队一级科员","国家统计局福建调查总队","","福建省漳州市漳浦县","公务员/事业单位;2025;computer_software;data_ai;仅限本科;学士;统计学类(不含生物统计学专业)、经济学类(不含资源与环境经济学、商务经济学、经济工程专业)，计算机科学与技术专业、软件工程专业、数据科学与大数据技术专业、会计学专业、财务管理专业、农林经济管理专业;市（地）级及以下直属机构综合管理类","用人司局：国家统计局福建调查总队
职位简介：从事一线入户调查、数据处理、统计分析研究等工作
专业要求：统计学类(不含生物统计学专业)、经济学类(不含资源与环境经济学、商务经济学、经济工程专业)，计算机科学与技术专业、软件工程专业、数据科学与大数据技术专业、会计学专业、财务管理专业、农林经济管理专业
学历要求：仅限本科
学位要求：学士
政治面貌：不限
基层工作经历：无限制
考试类别：市（地）级及以下直属机构综合管理类
备注：1.仅限应届高校毕业生；2.本职位专业要求为所列专业或专业目录中的“专业类”，非“专业大类（学科大类）”;3.本职位专业均要求主修专业；4.本单位最低服务年限为5年（含试用期）；5.本职位为基层调查队岗位，需经常到住户、农村田间、企业、市场等开展直接调查。","https://www.xjhc.gov.cn/xjhc/c116834/202410/a29382e11a674da3be3353af65f9fcc5.shtml#137113-400110113016","2024-10-14","{""dataset_year"":2025,""job_uid"":""GOV-2025-137113-400110113016"",""publisher"":""国家公务员局"",""publication_page"":""https://www.xjhc.gov.cn/xjhc/c116834/202410/a29382e11a674da3be3353af65f9fcc5.shtml"",""attachment_url"":""https://www.xjhc.gov.cn/xjhc/c116834/202410/a29382e11a674da3be3353af65f9fcc5/files/0536cef86e2b46ddad6aae5a3780089e.xls"",""local_source_file"":""2025_guokao_zhaokaojianzhang.xls"",""local_source_sha256"":""07ae6cab368cd21b7a1ac3e8150fe9a3d39ad5171ce76135ff3cccfe50c3e77e"",""source_sheet"":""中央国家行政机关参照公务员法管理事业单位"",""filter_version"":""government_tech_v2"",""tech_filter"":{""is_tech"":true,""is_core_tech"":true,""scope"":""core"",""categories"":[""computer_software"",""data_ai""],""matched_fields"":[""major"",""description""],""major_terms"":[""大数据"",""数据科学与大数据技术"",""计算机科学与技术"",""软件工程""],""role_terms"":[""数据处理""],""reason"":""tech_major_and_role""},""original"":{""部门代码"":""137113"",""部门名称"":""国家统计局福建调查总队"",""用人司局"":""国家统计局福建调查总队"",""机构性质"":""中央国家行政机关参照公务员法管理事业单位"",""招考职位"":""漳浦调查队一级科员"",""职位属性"":""普通职位"",""职位分布"":""其他职位"",""职位简介"":""从事一线入户调查、数据处理、统计分析研究等工作"",""职位代码"":""400110113016"",""机构层级"":""县（区）级及以下"",""考试类别"":""市（地）级及以下直属机构综合管理类"",""招考人数"":""1"",""专业"":""统计学类(不含生物统计学专业)、经济学类(不含资源与环境经济学、商务经济学、经济工程专业)，计算机科学与技术专业、软件工程专业、数据科学与大数据技术专业、会计学专业、财务管理专业、农林经济管理专业"",""学历"":""仅限本科"",""学位"":""学士"",""政治面貌"":""不限"",""基层工作最低年限"":""无限制"",""服务基层项目工作经历"":""无限制"",""是否在面试阶段组织专业能力测试"":""否"",""面试人员比例"":""3:1"",""工作地点"":""福建省漳州市漳浦县"",""落户地点"":""福建省漳州市漳浦县"",""备注"":""1.仅限应届高校毕业生；2.本职位专业要求为所列专业或专业目录中的“专业类”，非“专业大类（学科大类）”;3.本职位专业均要求主修专业；4.本单位最低服务年限为5年（含试用期）；5.本职位为基层调查队岗位，需经常到住户、农村田间、企业、市场等开展直接调查。"",""部门网站"":""www.stats.gov.cn"",""咨询电话1"":""0591-88019577"",""咨询电话2"":""0591-88019550"",""咨询电话3"":""0591-88016561"",""来源Sheet"":""中央国家行政机关参照公务员法管理事业单位""}}"
"government_jobs","国家公务员2025招考简章","公务员/事业单位技术岗位","福建省漳州市长泰区","2026-07-28T09:12:58.310295+00:00","长泰调查队一级科员","国家统计局福建调查总队","","福建省漳州市长泰区","公务员/事业单位;2025;computer_software;data_ai;仅限本科;学士;统计学类(不含生物统计学专业)、经济学类(不含资源与环境经济学、商务经济学、经济工程专业)，计算机科学与技术专业、软件工程专业、数据科学与大数据技术专业、会计学专业、财务管理专业、农林经济管理专业;市（地）级及以下直属机构综合管理类","用人司局：国家统计局福建调查总队
职位简介：从事一线入户调查、数据处理、统计分析研究等工作
专业要求：统计学类(不含生物统计学专业)、经济学类(不含资源与环境经济学、商务经济学、经济工程专业)，计算机科学与技术专业、软件工程专业、数据科学与大数据技术专业、会计学专业、财务管理专业、农林经济管理专业
学历要求：仅限本科
学位要求：学士
政治面貌：不限
基层工作经历：无限制
考试类别：市（地）级及以下直属机构综合管理类
备注：1.仅限应届高校毕业生；2.本职位专业要求为所列专业或专业目录中的“专业类”，非“专业大类（学科大类）”;3.本职位专业均要求主修专业；4.本单位最低服务年限为5年（含试用期）；5.本职位为基层调查队岗位，需经常到住户、农村田间、企业、市场等开展直接调查。","https://www.xjhc.gov.cn/xjhc/c116834/202410/a29382e11a674da3be3353af65f9fcc5.shtml#137113-400110113017","2024-10-14","{""dataset_year"":2025,""job_uid"":""GOV-2025-137113-400110113017"",""publisher"":""国家公务员局"",""publication_page"":""https://www.xjhc.gov.cn/xjhc/c116834/202410/a29382e11a674da3be3353af65f9fcc5.shtml"",""attachment_url"":""https://www.xjhc.gov.cn/xjhc/c116834/202410/a29382e11a674da3be3353af65f9fcc5/files/0536cef86e2b46ddad6aae5a3780089e.xls"",""local_source_file"":""2025_guokao_zhaokaojianzhang.xls"",""local_source_sha256"":""07ae6cab368cd21b7a1ac3e8150fe9a3d39ad5171ce76135ff3cccfe50c3e77e"",""source_sheet"":""中央国家行政机关参照公务员法管理事业单位"",""filter_version"":""government_tech_v2"",""tech_filter"":{""is_tech"":true,""is_core_tech"":true,""scope"":""core"",""categories"":[""computer_software"",""data_ai""],""matched_fields"":[""major"",""description""],""major_terms"":[""大数据"",""数据科学与大数据技术"",""计算机科学与技术"",""软件工程""],""role_terms"":[""数据处理""],""reason"":""tech_major_and_role""},""original"":{""部门代码"":""137113"",""部门名称"":""国家统计局福建调查总队"",""用人司局"":""国家统计局福建调查总队"",""机构性质"":""中央国家行政机关参照公务员法管理事业单位"",""招考职位"":""长泰调查队一级科员"",""职位属性"":""普通职位"",""职位分布"":""其他职位"",""职位简介"":""从事一线入户调查、数据处理、统计分析研究等工作"",""职位代码"":""400110113017"",""机构层级"":""县（区）级及以下"",""考试类别"":""市（地）级及以下直属机构综合管理类"",""招考人数"":""1"",""专业"":""统计学类(不含生物统计学专业)、经济学类(不含资源与环境经济学、商务经济学、经济工程专业)，计算机科学与技术专业、软件工程专业、数据科学与大数据技术专业、会计学专业、财务管理专业、农林经济管理专业"",""学历"":""仅限本科"",""学位"":""学士"",""政治面貌"":""不限"",""基层工作最低年限"":""无限制"",""服务基层项目工作经历"":""无限制"",""是否在面试阶段组织专业能力测试"":""否"",""面试人员比例"":""3:1"",""工作地点"":""福建省漳州市长泰区"",""落户地点"":""福建省漳州市长泰区"",""备注"":""1.仅限应届高校毕业生；2.本职位专业要求为所列专业或专业目录中的“专业类”，非“专业大类（学科大类）”;3.本职位专业均要求主修专业；4.本单位最低服务年限为5年（含试用期）；5.本职位为基层调查队岗位，需经常到住户、农村田间、企业、市场等开展直接调查。"",""部门网站"":""www.stats.gov.cn"",""咨询电话1"":""0591-88019577"",""咨询电话2"":""0591-88019550"",""咨询电话3"":""0591-88016561"",""来源Sheet"":""中央国家行政机关参照公务员法管理事业单位""}}"
"government_jobs","国家公务员2025招考简章","公务员/事业单位技术岗位","福建省南平市浦城县","2026-07-28T09:12:58.310295+00:00","浦城调查队一级科员（1）","国家统计局福建调查总队","","福建省南平市浦城县","公务员/事业单位;2025;computer_software;data_ai;仅限本科;学士;统计学类(不含生物统计学专业)、经济学类(不含资源与环境经济学、商务经济学、经济工程专业)，计算机科学与技术专业、软件工程专业、数据科学与大数据技术专业、会计学专业、财务管理专业、农林经济管理专业;市（地）级及以下直属机构综合管理类","用人司局：国家统计局福建调查总队
职位简介：从事一线入户调查、数据处理、统计分析研究等工作
专业要求：统计学类(不含生物统计学专业)、经济学类(不含资源与环境经济学、商务经济学、经济工程专业)，计算机科学与技术专业、软件工程专业、数据科学与大数据技术专业、会计学专业、财务管理专业、农林经济管理专业
学历要求：仅限本科
学位要求：学士
政治面貌：不限
基层工作经历：无限制
考试类别：市（地）级及以下直属机构综合管理类
备注：1.仅限女性；2.仅限应届高校毕业生；3.本职位专业要求为所列专业或专业目录中的“专业类”，非“专业大类（学科大类）”;4.本职位专业均要求主修专业；5.本单位最低服务年限为5年（含试用期）；6.本职位为基层调查队岗位，需经常到住户、农村田间、企业、市场等开展直接调查。","https://www.xjhc.gov.cn/xjhc/c116834/202410/a29382e11a674da3be3353af65f9fcc5.shtml#137113-400110113018","2024-10-14","{""dataset_year"":2025,""job_uid"":""GOV-2025-137113-400110113018"",""publisher"":""国家公务员局"",""publication_page"":""https://www.xjhc.gov.cn/xjhc/c116834/202410/a29382e11a674da3be3353af65f9fcc5.shtml"",""attachment_url"":""https://www.xjhc.gov.cn/xjhc/c116834/202410/a29382e11a674da3be3353af65f9fcc5/files/0536cef86e2b46ddad6aae5a3780089e.xls"",""local_source_file"":""2025_guokao_zhaokaojianzhang.xls"",""local_source_sha256"":""07ae6cab368cd21b7a1ac3e8150fe9a3d39ad5171ce76135ff3cccfe50c3e77e"",""source_sheet"":""中央国家行政机关参照公务员法管理事业单位"",""filter_version"":""government_tech_v2"",""tech_filter"":{""is_tech"":true,""is_core_tech"":true,""scope"":""core"",""categories"":[""computer_software"",""data_ai""],""matched_fields"":[""major"",""description""],""major_terms"":[""大数据"",""数据科学与大数据技术"",""计算机科学与技术"",""软件工程""],""role_terms"":[""数据处理""],""reason"":""tech_major_and_role""},""original"":{""部门代码"":""137113"",""部门名称"":""国家统计局福建调查总队"",""用人司局"":""国家统计局福建调查总队"",""机构性质"":""中央国家行政机关参照公务员法管理事业单位"",""招考职位"":""浦城调查队一级科员（1）"",""职位属性"":""普通职位"",""职位分布"":""其他职位"",""职位简介"":""从事一线入户调查、数据处理、统计分析研究等工作"",""职位代码"":""400110113018"",""机构层级"":""县（区）级及以下"",""考试类别"":""市（地）级及以下直属机构综合管理类"",""招考人数"":""1"",""专业"":""统计学类(不含生物统计学专业)、经济学类(不含资源与环境经济学、商务经济学、经济工程专业)，计算机科学与技术专业、软件工程专业、数据科学与大数据技术专业、会计学专业、财务管理专业、农林经济管理专业"",""学历"":""仅限本科"",""学位"":""学士"",""政治面貌"":""不限"",""基层工作最低年限"":""无限制"",""服务基层项目工作经历"":""无限制"",""是否在面试阶段组织专业能力测试"":""否"",""面试人员比例"":""3:1"",""工作地点"":""福建省南平市浦城县"",""落户地点"":""福建省南平市浦城县"",""备注"":""1.仅限女性；2.仅限应届高校毕业生；3.本职位专业要求为所列专业或专业目录中的“专业类”，非“专业大类（学科大类）”;4.本职位专业均要求主修专业；5.本单位最低服务年限为5年（含试用期）；6.本职位为基层调查队岗位，需经常到住户、农村田间、企业、市场等开展直接调查。"",""部门网站"":""www.stats.gov.cn"",""咨询电话1"":""0591-88019577"",""咨询电话2"":""0591-88019550"",""咨询电话3"":""0591-88016561"",""来源Sheet"":""中央国家行政机关参照公务员法管理事业单位""}}"
"government_jobs","国家公务员2025招考简章","公务员/事业单位技术岗位","福建省南平市浦城县","2026-07-28T09:12:58.310295+00:00","浦城调查队一级科员（2）","国家统计局福建调查总队","","福建省南平市浦城县","公务员/事业单位;2025;computer_software;data_ai;仅限本科;学士;统计学类(不含生物统计学专业)、经济学类(不含资源与环境经济学、商务经济学、经济工程专业)，计算机科学与技术专业、软件工程专业、数据科学与大数据技术专业、会计学专业、财务管理专业、农林经济管理专业;市（地）级及以下直属机构综合管理类","用人司局：国家统计局福建调查总队
职位简介：从事一线入户调查、数据处理、统计分析研究等工作
专业要求：统计学类(不含生物统计学专业)、经济学类(不含资源与环境经济学、商务经济学、经济工程专业)，计算机科学与技术专业、软件工程专业、数据科学与大数据技术专业、会计学专业、财务管理专业、农林经济管理专业
学历要求：仅限本科
学位要求：学士
政治面貌：不限
基层工作经历：无限制
考试类别：市（地）级及以下直属机构综合管理类
备注：1.仅限男性；2.仅限应届高校毕业生；3.本职位专业要求为所列专业或专业目录中的“专业类”，非“专业大类（学科大类）”;4.本职位专业均要求主修专业；5.本单位最低服务年限为5年（含试用期）；6.本职位为基层调查队岗位，需经常到住户、农村田间、企业、市场等开展直接调查。","https://www.xjhc.gov.cn/xjhc/c116834/202410/a29382e11a674da3be3353af65f9fcc5.shtml#137113-400110113019","2024-10-14","{""dataset_year"":2025,""job_uid"":""GOV-2025-137113-400110113019"",""publisher"":""国家公务员局"",""publication_page"":""https://www.xjhc.gov.cn/xjhc/c116834/202410/a29382e11a674da3be3353af65f9fcc5.shtml"",""attachment_url"":""https://www.xjhc.gov.cn/xjhc/c116834/202410/a29382e11a674da3be3353af65f9fcc5/files/0536cef86e2b46ddad6aae5a3780089e.xls"",""local_source_file"":""2025_guokao_zhaokaojianzhang.xls"",""local_source_sha256"":""07ae6cab368cd21b7a1ac3e8150fe9a3d39ad5171ce76135ff3cccfe50c3e77e"",""source_sheet"":""中央国家行政机关参照公务员法管理事业单位"",""filter_version"":""government_tech_v2"",""tech_filter"":{""is_tech"":true,""is_core_tech"":true,""scope"":""core"",""categories"":[""computer_software"",""data_ai""],""matched_fields"":[""major"",""description""],""major_terms"":[""大数据"",""数据科学与大数据技术"",""计算机科学与技术"",""软件工程""],""role_terms"":[""数据处理""],""reason"":""tech_major_and_role""},""original"":{""部门代码"":""137113"",""部门名称"":""国家统计局福建调查总队"",""用人司局"":""国家统计局福建调查总队"",""机构性质"":""中央国家行政机关参照公务员法管理事业单位"",""招考职位"":""浦城调查队一级科员（2）"",""职位属性"":""普通职位"",""职位分布"":""其他职位"",""职位简介"":""从事一线入户调查、数据处理、统计分析研究等工作"",""职位代码"":""400110113019"",""机构层级"":""县（区）级及以下"",""考试类别"":""市（地）级及以下直属机构综合管理类"",""招考人数"":""1"",""专业"":""统计学类(不含生物统计学专业)、经济学类(不含资源与环境经济学、商务经济学、经济工程专业)，计算机科学与技术专业、软件工程专业、数据科学与大数据技术专业、会计学专业、财务管理专业、农林经济管理专业"",""学历"":""仅限本科"",""学位"":""学士"",""政治面貌"":""不限"",""基层工作最低年限"":""无限制"",""服务基层项目工作经历"":""无限制"",""是否在面试阶段组织专业能力测试"":""否"",""面试人员比例"":""3:1"",""工作地点"":""福建省南平市浦城县"",""落户地点"":""福建省南平市浦城县"",""备注"":""1.仅限男性；2.仅限应届高校毕业生；3.本职位专业要求为所列专业或专业目录中的“专业类”，非“专业大类（学科大类）”;4.本职位专业均要求主修专业；5.本单位最低服务年限为5年（含试用期）；6.本职位为基层调查队岗位，需经常到住户、农村田间、企业、市场等开展直接调查。"",""部门网站"":""www.stats.gov.cn"",""咨询电话1"":""0591-88019577"",""咨询电话2"":""0591-88019550"",""咨询电话3"":""0591-88016561"",""来源Sheet"":""中央国家行政机关参照公务员法管理事业单位""}}"
"government_jobs","国家公务员2025招考简章","公务员/事业单位技术岗位","福建省南平市政和县","2026-07-28T09:12:58.310295+00:00","政和调查队一级科员","国家统计局福建调查总队","","福建省南平市政和县","公务员/事业单位;2025;computer_software;data_ai;仅限本科;学士;统计学类(不含生物统计学专业)、经济学类(不含资源与环境经济学、商务经济学、经济工程专业)，计算机科学与技术专业、软件工程专业、数据科学与大数据技术专业、会计学专业、财务管理专业、农林经济管理专业;市（地）级及以下直属机构综合管理类","用人司局：国家统计局福建调查总队
职位简介：从事一线入户调查、数据处理、统计分析研究等工作
专业要求：统计学类(不含生物统计学专业)、经济学类(不含资源与环境经济学、商务经济学、经济工程专业)，计算机科学与技术专业、软件工程专业、数据科学与大数据技术专业、会计学专业、财务管理专业、农林经济管理专业
学历要求：仅限本科
学位要求：学士
政治面貌：不限
基层工作经历：无限制
考试类别：市（地）级及以下直属机构综合管理类
备注：1.仅限应届高校毕业生；2.本职位专业要求为所列专业或专业目录中的“专业类”，非“专业大类（学科大类）”;3.本职位专业均要求主修专业；4.本单位最低服务年限为5年（含试用期）；5.本职位为基层调查队岗位，需经常到住户、农村田间、企业、市场等开展直接调查。","https://www.xjhc.gov.cn/xjhc/c116834/202410/a29382e11a674da3be3353af65f9fcc5.shtml#137113-400110113020","2024-10-14","{""dataset_year"":2025,""job_uid"":""GOV-2025-137113-400110113020"",""publisher"":""国家公务员局"",""publication_page"":""https://www.xjhc.gov.cn/xjhc/c116834/202410/a29382e11a674da3be3353af65f9fcc5.shtml"",""attachment_url"":""https://www.xjhc.gov.cn/xjhc/c116834/202410/a29382e11a674da3be3353af65f9fcc5/files/0536cef86e2b46ddad6aae5a3780089e.xls"",""local_source_file"":""2025_guokao_zhaokaojianzhang.xls"",""local_source_sha256"":""07ae6cab368cd21b7a1ac3e8150fe9a3d39ad5171ce76135ff3cccfe50c3e77e"",""source_sheet"":""中央国家行政机关参照公务员法管理事业单位"",""filter_version"":""government_tech_v2"",""tech_filter"":{""is_tech"":true,""is_core_tech"":true,""scope"":""core"",""categories"":[""computer_software"",""data_ai""],""matched_fields"":[""major"",""description""],""major_terms"":[""大数据"",""数据科学与大数据技术"",""计算机科学与技术"",""软件工程""],""role_terms"":[""数据处理""],""reason"":""tech_major_and_role""},""original"":{""部门代码"":""137113"",""部门名称"":""国家统计局福建调查总队"",""用人司局"":""国家统计局福建调查总队"",""机构性质"":""中央国家行政机关参照公务员法管理事业单位"",""招考职位"":""政和调查队一级科员"",""职位属性"":""普通职位"",""职位分布"":""其他职位"",""职位简介"":""从事一线入户调查、数据处理、统计分析研究等工作"",""职位代码"":""400110113020"",""机构层级"":""县（区）级及以下"",""考试类别"":""市（地）级及以下直属机构综合管理类"",""招考人数"":""1"",""专业"":""统计学类(不含生物统计学专业)、经济学类(不含资源与环境经济学、商务经济学、经济工程专业)，计算机科学与技术专业、软件工程专业、数据科学与大数据技术专业、会计学专业、财务管理专业、农林经济管理专业"",""学历"":""仅限本科"",""学位"":""学士"",""政治面貌"":""不限"",""基层工作最低年限"":""无限制"",""服务基层项目工作经历"":""无限制"",""是否在面试阶段组织专业能力测试"":""否"",""面试人员比例"":""3:1"",""工作地点"":""福建省南平市政和县"",""落户地点"":""福建省南平市政和县"",""备注"":""1.仅限应届高校毕业生；2.本职位专业要求为所列专业或专业目录中的“专业类”，非“专业大类（学科大类）”;3.本职位专业均要求主修专业；4.本单位最低服务年限为5年（含试用期）；5.本职位为基层调查队岗位，需经常到住户、农村田间、企业、市场等开展直接调查。"",""部门网站"":""www.stats.gov.cn"",""咨询电话1"":""0591-88019577"",""咨询电话2"":""0591-88019550"",""咨询电话3"":""0591-88016561"",""来源Sheet"":""中央国家行政机关参照公务员法管理事业单位""}}"
"government_jobs","国家公务员2025招考简章","公务员/事业单位技术岗位","福建省南平市建瓯市","2026-07-28T09:12:58.310295+00:00","建瓯调查队一级科员","国家统计局福建调查总队","","福建省南平市建瓯市","公务员/事业单位;2025;computer_software;data_ai;仅限本科;学士;统计学类(不含生物统计学专业)、经济学类(不含资源与环境经济学、商务经济学、经济工程专业)，计算机科学与技术专业、软件工程专业、数据科学与大数据技术专业、会计学专业、财务管理专业、农林经济管理专业;市（地）级及以下直属机构综合管理类","用人司局：国家统计局福建调查总队
职位简介：从事一线入户调查、数据处理、统计分析研究等工作
专业要求：统计学类(不含生物统计学专业)、经济学类(不含资源与环境经济学、商务经济学、经济工程专业)，计算机科学与技术专业、软件工程专业、数据科学与大数据技术专业、会计学专业、财务管理专业、农林经济管理专业
学历要求：仅限本科
学位要求：学士
政治面貌：不限
基层工作经历：二年
考试类别：市（地）级及以下直属机构综合管理类
备注：1.本职位专业要求为所列专业或专业目录中的“专业类”，非“专业大类（学科大类）”;2本职位专业均要求主修专业；3.本单位最低服务年限为5年（含试用期）；4.本职位为基层调查队岗位，需经常到住户、农村田间、企业、市场等开展直接调查。","https://www.xjhc.gov.cn/xjhc/c116834/202410/a29382e11a674da3be3353af65f9fcc5.shtml#137113-400110113021","2024-10-14","{""dataset_year"":2025,""job_uid"":""GOV-2025-137113-400110113021"",""publisher"":""国家公务员局"",""publication_page"":""https://www.xjhc.gov.cn/xjhc/c116834/202410/a29382e11a674da3be3353af65f9fcc5.shtml"",""attachment_url"":""https://www.xjhc.gov.cn/xjhc/c116834/202410/a29382e11a674da3be3353af65f9fcc5/files/0536cef86e2b46ddad6aae5a3780089e.xls"",""local_source_file"":""2025_guokao_zhaokaojianzhang.xls"",""local_source_sha256"":""07ae6cab368cd21b7a1ac3e8150fe9a3d39ad5171ce76135ff3cccfe50c3e77e"",""source_sheet"":""中央国家行政机关参照公务员法管理事业单位"",""filter_version"":""government_tech_v2"",""tech_filter"":{""is_tech"":true,""is_core_tech"":true,""scope"":""core"",""categories"":[""computer_software"",""data_ai""],""matched_fields"":[""major"",""description""],""major_terms"":[""大数据"",""数据科学与大数据技术"",""计算机科学与技术"",""软件工程""],""role_terms"":[""数据处理""],""reason"":""tech_major_and_role""},""original"":{""部门代码"":""137113"",""部门名称"":""国家统计局福建调查总队"",""用人司局"":""国家统计局福建调查总队"",""机构性质"":""中央国家行政机关参照公务员法管理事业单位"",""招考职位"":""建瓯调查队一级科员"",""职位属性"":""普通职位"",""职位分布"":""其他职位"",""职位简介"":""从事一线入户调查、数据处理、统计分析研究等工作"",""职位代码"":""400110113021"",""机构层级"":""县（区）级及以下"",""考试类别"":""市（地）级及以下直属机构综合管理类"",""招考人数"":""1"",""专业"":""统计学类(不含生物统计学专业)、经济学类(不含资源与环境经济学、商务经济学、经济工程专业)，计算机科学与技术专业、软件工程专业、数据科学与大数据技术专业、会计学专业、财务管理专业、农林经济管理专业"",""学历"":""仅限本科"",""学位"":""学士"",""政治面貌"":""不限"",""基层工作最低年限"":""二年"",""服务基层项目工作经历"":""大学生村官、农村义务教育阶段学校教师特设岗位计划、“三支一扶”计划、大学生志愿服务西部计划、在军队服役5年（含）以上的高校毕业生退役士兵"",""是否在面试阶段组织专业能力测试"":""否"",""面试人员比例"":""3:1"",""工作地点"":""福建省南平市建瓯市"",""落户地点"":""福建省南平市建瓯市"",""备注"":""1.本职位专业要求为所列专业或专业目录中的“专业类”，非“专业大类（学科大类）”;2本职位专业均要求主修专业；3.本单位最低服务年限为5年（含试用期）；4.本职位为基层调查队岗位，需经常到住户、农村田间、企业、市场等开展直接调查。"",""部门网站"":""www.stats.gov.cn"",""咨询电话1"":""0591-88019577"",""咨询电话2"":""0591-88019550"",""咨询电话3"":""0591-88016561"",""来源Sheet"":""中央国家行政机关参照公务员法管理事业单位""}}"
"government_jobs","国家公务员2025招考简章","公务员/事业单位技术岗位","福建省龙岩市永定区","2026-07-28T09:12:58.310295+00:00","永定调查队一级科员","国家统计局福建调查总队","","福建省龙岩市永定区","公务员/事业单位;2025;computer_software;data_ai;仅限本科;学士;统计学类(不含生物统计学专业)、经济学类(不含资源与环境经济学、商务经济学、经济工程专业)，计算机科学与技术专业、软件工程专业、数据科学与大数据技术专业、会计学专业、财务管理专业、农林经济管理专业;市（地）级及以下直属机构综合管理类","用人司局：国家统计局福建调查总队
职位简介：从事一线入户调查、数据处理、统计分析研究等工作
专业要求：统计学类(不含生物统计学专业)、经济学类(不含资源与环境经济学、商务经济学、经济工程专业)，计算机科学与技术专业、软件工程专业、数据科学与大数据技术专业、会计学专业、财务管理专业、农林经济管理专业
学历要求：仅限本科
学位要求：学士
政治面貌：不限
基层工作经历：无限制
考试类别：市（地）级及以下直属机构综合管理类
备注：1.仅限应届高校毕业生；2.本职位专业要求为所列专业或专业目录中的“专业类”，非“专业大类（学科大类）”;3.本职位专业均要求主修专业；4.本单位最低服务年限为5年（含试用期）；5.本职位为基层调查队岗位，需经常到住户、农村田间、企业、市场等开展直接调查。","https://www.xjhc.gov.cn/xjhc/c116834/202410/a29382e11a674da3be3353af65f9fcc5.shtml#137113-400110113022","2024-10-14","{""dataset_year"":2025,""job_uid"":""GOV-2025-137113-400110113022"",""publisher"":""国家公务员局"",""publication_page"":""https://www.xjhc.gov.cn/xjhc/c116834/202410/a29382e11a674da3be3353af65f9fcc5.shtml"",""attachment_url"":""https://www.xjhc.gov.cn/xjhc/c116834/202410/a29382e11a674da3be3353af65f9fcc5/files/0536cef86e2b46ddad6aae5a3780089e.xls"",""local_source_file"":""2025_guokao_zhaokaojianzhang.xls"",""local_source_sha256"":""07ae6cab368cd21b7a1ac3e8150fe9a3d39ad5171ce76135ff3cccfe50c3e77e"",""source_sheet"":""中央国家行政机关参照公务员法管理事业单位"",""filter_version"":""government_tech_v2"",""tech_filter"":{""is_tech"":true,""is_core_tech"":true,""scope"":""core"",""categories"":[""computer_software"",""data_ai""],""matched_fields"":[""major"",""description""],""major_terms"":[""大数据"",""数据科学与大数据技术"",""计算机科学与技术"",""软件工程""],""role_terms"":[""数据处理""],""reason"":""tech_major_and_role""},""original"":{""部门代码"":""137113"",""部门名称"":""国家统计局福建调查总队"",""用人司局"":""国家统计局福建调查总队"",""机构性质"":""中央国家行政机关参照公务员法管理事业单位"",""招考职位"":""永定调查队一级科员"",""职位属性"":""普通职位"",""职位分布"":""其他职位"",""职位简介"":""从事一线入户调查、数据处理、统计分析研究等工作"",""职位代码"":""400110113022"",""机构层级"":""县（区）级及以下"",""考试类别"":""市（地）级及以下直属机构综合管理类"",""招考人数"":""1"",""专业"":""统计学类(不含生物统计学专业)、经济学类(不含资源与环境经济学、商务经济学、经济工程专业)，计算机科学与技术专业、软件工程专业、数据科学与大数据技术专业、会计学专业、财务管理专业、农林经济管理专业"",""学历"":""仅限本科"",""学位"":""学士"",""政治面貌"":""不限"",""基层工作最低年限"":""无限制"",""服务基层项目工作经历"":""无限制"",""是否在面试阶段组织专业能力测试"":""否"",""面试人员比例"":""3:1"",""工作地点"":""福建省龙岩市永定区"",""落户地点"":""福建省龙岩市永定区"",""备注"":""1.仅限应届高校毕业生；2.本职位专业要求为所列专业或专业目录中的“专业类”，非“专业大类（学科大类）”;3.本职位专业均要求主修专业；4.本单位最低服务年限为5年（含试用期）；5.本职位为基层调查队岗位，需经常到住户、农村田间、企业、市场等开展直接调查。"",""部门网站"":""www.stats.gov.cn"",""咨询电话1"":""0591-88019577"",""咨询电话2"":""0591-88019550"",""咨询电话3"":""0591-88016561"",""来源Sheet"":""中央国家行政机关参照公务员法管理事业单位""}}"
"government_jobs","国家公务员2025招考简章","公务员/事业单位技术岗位","福建省龙岩市长汀县","2026-07-28T09:12:58.310295+00:00","长汀调查队一级科员","国家统计局福建调查总队","","福建省龙岩市长汀县","公务员/事业单位;2025;computer_software;data_ai;仅限本科;学士;统计学类(不含生物统计学专业)、经济学类(不含资源与环境经济学、商务经济学、经济工程专业)，计算机科学与技术专业、软件工程专业、数据科学与大数据技术专业、会计学专业、财务管理专业、农林经济管理专业;市（地）级及以下直属机构综合管理类","用人司局：国家统计局福建调查总队
职位简介：从事一线入户调查、数据处理、统计分析研究等工作
专业要求：统计学类(不含生物统计学专业)、经济学类(不含资源与环境经济学、商务经济学、经济工程专业)，计算机科学与技术专业、软件工程专业、数据科学与大数据技术专业、会计学专业、财务管理专业、农林经济管理专业
学历要求：仅限本科
学位要求：学士
政治面貌：不限
基层工作经历：无限制
考试类别：市（地）级及以下直属机构综合管理类
备注：1.仅限应届高校毕业生；2.本职位专业要求为所列专业或专业目录中的“专业类”，非“专业大类（学科大类）”;3.本职位专业均要求主修专业；4.本单位最低服务年限为5年（含试用期）；5.本职位为基层调查队岗位，需经常到住户、农村田间、企业、市场等开展直接调查。","https://www.xjhc.gov.cn/xjhc/c116834/202410/a29382e11a674da3be3353af65f9fcc5.shtml#137113-400110113023","2024-10-14","{""dataset_year"":2025,""job_uid"":""GOV-2025-137113-400110113023"",""publisher"":""国家公务员局"",""publication_page"":""https://www.xjhc.gov.cn/xjhc/c116834/202410/a29382e11a674da3be3353af65f9fcc5.shtml"",""attachment_url"":""https://www.xjhc.gov.cn/xjhc/c116834/202410/a29382e11a674da3be3353af65f9fcc5/files/0536cef86e2b46ddad6aae5a3780089e.xls"",""local_source_file"":""2025_guokao_zhaokaojianzhang.xls"",""local_source_sha256"":""07ae6cab368cd21b7a1ac3e8150fe9a3d39ad5171ce76135ff3cccfe50c3e77e"",""source_sheet"":""中央国家行政机关参照公务员法管理事业单位"",""filter_version"":""government_tech_v2"",""tech_filter"":{""is_tech"":true,""is_core_tech"":true,""scope"":""core"",""categories"":[""computer_software"",""data_ai""],""matched_fields"":[""major"",""description""],""major_terms"":[""大数据"",""数据科学与大数据技术"",""计算机科学与技术"",""软件工程""],""role_terms"":[""数据处理""],""reason"":""tech_major_and_role""},""original"":{""部门代码"":""137113"",""部门名称"":""国家统计局福建调查总队"",""用人司局"":""国家统计局福建调查总队"",""机构性质"":""中央国家行政机关参照公务员法管理事业单位"",""招考职位"":""长汀调查队一级科员"",""职位属性"":""普通职位"",""职位分布"":""其他职位"",""职位简介"":""从事一线入户调查、数据处理、统计分析研究等工作"",""职位代码"":""400110113023"",""机构层级"":""县（区）级及以下"",""考试类别"":""市（地）级及以下直属机构综合管理类"",""招考人数"":""1"",""专业"":""统计学类(不含生物统计学专业)、经济学类(不含资源与环境经济学、商务经济学、经济工程专业)，计算机科学与技术专业、软件工程专业、数据科学与大数据技术专业、会计学专业、财务管理专业、农林经济管理专业"",""学历"":""仅限本科"",""学位"":""学士"",""政治面貌"":""不限"",""基层工作最低年限"":""无限制"",""服务基层项目工作经历"":""无限制"",""是否在面试阶段组织专业能力测试"":""否"",""面试人员比例"":""3:1"",""工作地点"":""福建省龙岩市长汀县"",""落户地点"":""福建省龙岩市长汀县"",""备注"":""1.仅限应届高校毕业生；2.本职位专业要求为所列专业或专业目录中的“专业类”，非“专业大类（学科大类）”;3.本职位专业均要求主修专业；4.本单位最低服务年限为5年（含试用期）；5.本职位为基层调查队岗位，需经常到住户、农村田间、企业、市场等开展直接调查。"",""部门网站"":""www.stats.gov.cn"",""咨询电话1"":""0591-88019577"",""咨询电话2"":""0591-88019550"",""咨询电话3"":""0591-88016561"",""来源Sheet"":""中央国家行政机关参照公务员法管理事业单位""}}"
"government_jobs","国家公务员2025招考简章","公务员/事业单位技术岗位","福建省宁德市周宁县","2026-07-28T09:12:58.310295+00:00","周宁调查队一级科员（1）","国家统计局福建调查总队","","福建省宁德市周宁县","公务员/事业单位;2025;computer_software;data_ai;仅限本科;学士;统计学类(不含生物统计学专业)、经济学类(不含资源与环境经济学、商务经济学、经济工程专业)，计算机科学与技术专业、软件工程专业、数据科学与大数据技术专业、会计学专业、财务管理专业、农林经济管理专业;市（地）级及以下直属机构综合管理类","用人司局：国家统计局福建调查总队
职位简介：从事一线入户调查、数据处理、统计分析研究等工作
专业要求：统计学类(不含生物统计学专业)、经济学类(不含资源与环境经济学、商务经济学、经济工程专业)，计算机科学与技术专业、软件工程专业、数据科学与大数据技术专业、会计学专业、财务管理专业、农林经济管理专业
学历要求：仅限本科
学位要求：学士
政治面貌：不限
基层工作经历：无限制
考试类别：市（地）级及以下直属机构综合管理类
备注：1.仅限应届高校毕业生；2.本职位专业要求为所列专业或专业目录中的“专业类”，非“专业大类（学科大类）”;3.本职位专业均要求主修专业；4.本单位最低服务年限为5年（含试用期）；5.本职位为基层调查队岗位，需经常到住户、农村田间、企业、市场等开展直接调查。","https://www.xjhc.gov.cn/xjhc/c116834/202410/a29382e11a674da3be3353af65f9fcc5.shtml#137113-400110113025","2024-10-14","{""dataset_year"":2025,""job_uid"":""GOV-2025-137113-400110113025"",""publisher"":""国家公务员局"",""publication_page"":""https://www.xjhc.gov.cn/xjhc/c116834/202410/a29382e11a674da3be3353af65f9fcc5.shtml"",""attachment_url"":""https://www.xjhc.gov.cn/xjhc/c116834/202410/a29382e11a674da3be3353af65f9fcc5/files/0536cef86e2b46ddad6aae5a3780089e.xls"",""local_source_file"":""2025_guokao_zhaokaojianzhang.xls"",""local_source_sha256"":""07ae6cab368cd21b7a1ac3e8150fe9a3d39ad5171ce76135ff3cccfe50c3e77e"",""source_sheet"":""中央国家行政机关参照公务员法管理事业单位"",""filter_version"":""government_tech_v2"",""tech_filter"":{""is_tech"":true,""is_core_tech"":true,""scope"":""core"",""categories"":[""computer_software"",""data_ai""],""matched_fields"":[""major"",""description""],""major_terms"":[""大数据"",""数据科学与大数据技术"",""计算机科学与技术"",""软件工程""],""role_terms"":[""数据处理""],""reason"":""tech_major_and_role""},""original"":{""部门代码"":""137113"",""部门名称"":""国家统计局福建调查总队"",""用人司局"":""国家统计局福建调查总队"",""机构性质"":""中央国家行政机关参照公务员法管理事业单位"",""招考职位"":""周宁调查队一级科员（1）"",""职位属性"":""普通职位"",""职位分布"":""其他职位"",""职位简介"":""从事一线入户调查、数据处理、统计分析研究等工作"",""职位代码"":""400110113025"",""机构层级"":""县（区）级及以下"",""考试类别"":""市（地）级及以下直属机构综合管理类"",""招考人数"":""1"",""专业"":""统计学类(不含生物统计学专业)、经济学类(不含资源与环境经济学、商务经济学、经济工程专业)，计算机科学与技术专业、软件工程专业、数据科学与大数据技术专业、会计学专业、财务管理专业、农林经济管理专业"",""学历"":""仅限本科"",""学位"":""学士"",""政治面貌"":""不限"",""基层工作最低年限"":""无限制"",""服务基层项目工作经历"":""无限制"",""是否在面试阶段组织专业能力测试"":""否"",""面试人员比例"":""3:1"",""工作地点"":""福建省宁德市周宁县"",""落户地点"":""福建省宁德市周宁县"",""备注"":""1.仅限应届高校毕业生；2.本职位专业要求为所列专业或专业目录中的“专业类”，非“专业大类（学科大类）”;3.本职位专业均要求主修专业；4.本单位最低服务年限为5年（含试用期）；5.本职位为基层调查队岗位，需经常到住户、农村田间、企业、市场等开展直接调查。"",""部门网站"":""www.stats.gov.cn"",""咨询电话1"":""0591-88019577"",""咨询电话2"":""0591-88019550"",""咨询电话3"":""0591-88016561"",""来源Sheet"":""中央国家行政机关参照公务员法管理事业单位""}}"
"government_jobs","国家公务员2025招考简章","公务员/事业单位技术岗位","福建省宁德市周宁县","2026-07-28T09:12:58.310295+00:00","周宁调查队一级科员（2）","国家统计局福建调查总队","","福建省宁德市周宁县","公务员/事业单位;2025;computer_software;data_ai;仅限本科;学士;统计学类(不含生物统计学专业)、经济学类(不含资源与环境经济学、商务经济学、经济工程专业)，计算机科学与技术专业、软件工程专业、数据科学与大数据技术专业、会计学专业、财务管理专业、农林经济管理专业;市（地）级及以下直属机构综合管理类","用人司局：国家统计局福建调查总队
职位简介：从事一线入户调查、数据处理、统计分析研究等工作
专业要求：统计学类(不含生物统计学专业)、经济学类(不含资源与环境经济学、商务经济学、经济工程专业)，计算机科学与技术专业、软件工程专业、数据科学与大数据技术专业、会计学专业、财务管理专业、农林经济管理专业
学历要求：仅限本科
学位要求：学士
政治面貌：不限
基层工作经历：二年
考试类别：市（地）级及以下直属机构综合管理类
备注：1.本职位专业要求为所列专业或专业目录中的“专业类”，非“专业大类（学科大类）”;2本职位专业均要求主修专业；3.本单位最低服务年限为5年（含试用期）；4.本职位为基层调查队岗位，需经常到住户、农村田间、企业、市场等开展直接调查。","https://www.xjhc.gov.cn/xjhc/c116834/202410/a29382e11a674da3be3353af65f9fcc5.shtml#137113-400110113026","2024-10-14","{""dataset_year"":2025,""job_uid"":""GOV-2025-137113-400110113026"",""publisher"":""国家公务员局"",""publication_page"":""https://www.xjhc.gov.cn/xjhc/c116834/202410/a29382e11a674da3be3353af65f9fcc5.shtml"",""attachment_url"":""https://www.xjhc.gov.cn/xjhc/c116834/202410/a29382e11a674da3be3353af65f9fcc5/files/0536cef86e2b46ddad6aae5a3780089e.xls"",""local_source_file"":""2025_guokao_zhaokaojianzhang.xls"",""local_source_sha256"":""07ae6cab368cd21b7a1ac3e8150fe9a3d39ad5171ce76135ff3cccfe50c3e77e"",""source_sheet"":""中央国家行政机关参照公务员法管理事业单位"",""filter_version"":""government_tech_v2"",""tech_filter"":{""is_tech"":true,""is_core_tech"":true,""scope"":""core"",""categories"":[""computer_software"",""data_ai""],""matched_fields"":[""major"",""description""],""major_terms"":[""大数据"",""数据科学与大数据技术"",""计算机科学与技术"",""软件工程""],""role_terms"":[""数据处理""],""reason"":""tech_major_and_role""},""original"":{""部门代码"":""137113"",""部门名称"":""国家统计局福建调查总队"",""用人司局"":""国家统计局福建调查总队"",""机构性质"":""中央国家行政机关参照公务员法管理事业单位"",""招考职位"":""周宁调查队一级科员（2）"",""职位属性"":""普通职位"",""职位分布"":""其他职位"",""职位简介"":""从事一线入户调查、数据处理、统计分析研究等工作"",""职位代码"":""400110113026"",""机构层级"":""县（区）级及以下"",""考试类别"":""市（地）级及以下直属机构综合管理类"",""招考人数"":""1"",""专业"":""统计学类(不含生物统计学专业)、经济学类(不含资源与环境经济学、商务经济学、经济工程专业)，计算机科学与技术专业、软件工程专业、数据科学与大数据技术专业、会计学专业、财务管理专业、农林经济管理专业"",""学历"":""仅限本科"",""学位"":""学士"",""政治面貌"":""不限"",""基层工作最低年限"":""二年"",""服务基层项目工作经历"":""大学生村官、农村义务教育阶段学校教师特设岗位计划、“三支一扶”计划、大学生志愿服务西部计划、在军队服役5年（含）以上的高校毕业生退役士兵"",""是否在面试阶段组织专业能力测试"":""否"",""面试人员比例"":""3:1"",""工作地点"":""福建省宁德市周宁县"",""落户地点"":""福建省宁德市周宁县"",""备注"":""1.本职位专业要求为所列专业或专业目录中的“专业类”，非“专业大类（学科大类）”;2本职位专业均要求主修专业；3.本单位最低服务年限为5年（含试用期）；4.本职位为基层调查队岗位，需经常到住户、农村田间、企业、市场等开展直接调查。"",""部门网站"":""www.stats.gov.cn"",""咨询电话1"":""0591-88019577"",""咨询电话2"":""0591-88019550"",""咨询电话3"":""0591-88016561"",""来源Sheet"":""中央国家行政机关参照公务员法管理事业单位""}}"
"government_jobs","国家公务员2025招考简章","公务员/事业单位技术岗位","福建省福州市鼓楼区","2026-07-28T09:12:58.310295+00:00","福建调查总队业务处室二级主任科员及以下（2）","国家统计局福建调查总队","","福建省福州市鼓楼区","公务员/事业单位;2025;computer_software;data_ai;仅限硕士研究生;硕士;计算机科学与技术专业（0812）、软件工程专业（0835）;中央机关及其省级直属机构综合管理类","用人司局：国家统计局福建调查总队
职位简介：从事统计调查、数据处理、统计分析研究、信息化建设等工作
专业要求：计算机科学与技术专业（0812）、软件工程专业（0835）
学历要求：仅限硕士研究生
学位要求：硕士
政治面貌：不限
基层工作经历：无限制
考试类别：中央机关及其省级直属机构综合管理类
备注：1.仅限男性；2.本职位所列专业均要求主修专业；3.本单位最低服务年限为5年（含试用期）。","https://www.xjhc.gov.cn/xjhc/c116834/202410/a29382e11a674da3be3353af65f9fcc5.shtml#137113-400110113028","2024-10-14","{""dataset_year"":2025,""job_uid"":""GOV-2025-137113-400110113028"",""publisher"":""国家公务员局"",""publication_page"":""https://www.xjhc.gov.cn/xjhc/c116834/202410/a29382e11a674da3be3353af65f9fcc5.shtml"",""attachment_url"":""https://www.xjhc.gov.cn/xjhc/c116834/202410/a29382e11a674da3be3353af65f9fcc5/files/0536cef86e2b46ddad6aae5a3780089e.xls"",""local_source_file"":""2025_guokao_zhaokaojianzhang.xls"",""local_source_sha256"":""07ae6cab368cd21b7a1ac3e8150fe9a3d39ad5171ce76135ff3cccfe50c3e77e"",""source_sheet"":""中央国家行政机关参照公务员法管理事业单位"",""filter_version"":""government_tech_v2"",""tech_filter"":{""is_tech"":true,""is_core_tech"":true,""scope"":""core"",""categories"":[""computer_software"",""data_ai""],""matched_fields"":[""major"",""description""],""major_terms"":[""计算机科学与技术"",""软件工程""],""role_terms"":[""信息化"",""数据处理""],""reason"":""tech_major_and_role""},""original"":{""部门代码"":""137113"",""部门名称"":""国家统计局福建调查总队"",""用人司局"":""国家统计局福建调查总队"",""机构性质"":""中央国家行政机关参照公务员法管理事业单位"",""招考职位"":""福建调查总队业务处室二级主任科员及以下（2）"",""职位属性"":""普通职位"",""职位分布"":""其他职位"",""职位简介"":""从事统计调查、数据处理、统计分析研究、信息化建设等工作"",""职位代码"":""400110113028"",""机构层级"":""省（副省）级"",""考试类别"":""中央机关及其省级直属机构综合管理类"",""招考人数"":""1"",""专业"":""计算机科学与技术专业（0812）、软件工程专业（0835）"",""学历"":""仅限硕士研究生"",""学位"":""硕士"",""政治面貌"":""不限"",""基层工作最低年限"":""无限制"",""服务基层项目工作经历"":""无限制"",""是否在面试阶段组织专业能力测试"":""否"",""面试人员比例"":""5:1"",""工作地点"":""福建省福州市鼓楼区"",""落户地点"":""福建省福州市鼓楼区"",""备注"":""1.仅限男性；2.本职位所列专业均要求主修专业；3.本单位最低服务年限为5年（含试用期）。"",""部门网站"":""www.stats.gov.cn"",""咨询电话1"":""0591-88019577"",""咨询电话2"":""0591-88019550"",""咨询电话3"":""0591-88016561"",""来源Sheet"":""中央国家行政机关参照公务员法管理事业单位""}}"
"government_jobs","国家公务员2025招考简章","公务员/事业单位技术岗位","江西省景德镇市","2026-07-28T09:12:58.310295+00:00","景德镇调查队综合执法科一级科员","国家统计局江西调查总队","","江西省景德镇市","公务员/事业单位;2025;computer_software;data_ai;仅限本科;学士;统计学类、计算机科学与技术、数据科学与大数据技术;市（地）级及以下直属机构综合管理类","用人司局：国家统计局江西调查总队
职位简介：从事一线调查、数据处理、统计分析、统计研究等工作
专业要求：统计学类、计算机科学与技术、数据科学与大数据技术
学历要求：仅限本科
学位要求：学士
政治面貌：不限
基层工作经历：无限制
考试类别：市（地）级及以下直属机构综合管理类
备注：1.限招应届高校毕业生；2.需以最高学历所学主修专业报考；3.本职位专业要求的统计学类为专业目录中的“专业类”，计算机科学与技术、数据科学与大数据技术为专业目录中的“专业名称”；4.本单位最低服务年限为5年（含试用期）。","https://www.xjhc.gov.cn/xjhc/c116834/202410/a29382e11a674da3be3353af65f9fcc5.shtml#137114-400110114005","2024-10-14","{""dataset_year"":2025,""job_uid"":""GOV-2025-137114-400110114005"",""publisher"":""国家公务员局"",""publication_page"":""https://www.xjhc.gov.cn/xjhc/c116834/202410/a29382e11a674da3be3353af65f9fcc5.shtml"",""attachment_url"":""https://www.xjhc.gov.cn/xjhc/c116834/202410/a29382e11a674da3be3353af65f9fcc5/files/0536cef86e2b46ddad6aae5a3780089e.xls"",""local_source_file"":""2025_guokao_zhaokaojianzhang.xls"",""local_source_sha256"":""07ae6cab368cd21b7a1ac3e8150fe9a3d39ad5171ce76135ff3cccfe50c3e77e"",""source_sheet"":""中央国家行政机关参照公务员法管理事业单位"",""filter_version"":""government_tech_v2"",""tech_filter"":{""is_tech"":true,""is_core_tech"":true,""scope"":""core"",""categories"":[""computer_software"",""data_ai""],""matched_fields"":[""major"",""description"",""remarks""],""major_terms"":[""大数据"",""数据科学与大数据技术"",""计算机科学与技术""],""role_terms"":[""大数据"",""数据处理"",""计算机""],""reason"":""tech_major_and_role""},""original"":{""部门代码"":""137114"",""部门名称"":""国家统计局江西调查总队"",""用人司局"":""国家统计局江西调查总队"",""机构性质"":""中央国家行政机关参照公务员法管理事业单位"",""招考职位"":""景德镇调查队综合执法科一级科员"",""职位属性"":""普通职位"",""职位分布"":""其他职位"",""职位简介"":""从事一线调查、数据处理、统计分析、统计研究等工作"",""职位代码"":""400110114005"",""机构层级"":""市（地）级"",""考试类别"":""市（地）级及以下直属机构综合管理类"",""招考人数"":""1"",""专业"":""统计学类、计算机科学与技术、数据科学与大数据技术"",""学历"":""仅限本科"",""学位"":""学士"",""政治面貌"":""不限"",""基层工作最低年限"":""无限制"",""服务基层项目工作经历"":""无限制"",""是否在面试阶段组织专业能力测试"":""否"",""面试人员比例"":""3:1"",""工作地点"":""江西省景德镇市"",""落户地点"":""江西省景德镇市"",""备注"":""1.限招应届高校毕业生；2.需以最高学历所学主修专业报考；3.本职位专业要求的统计学类为专业目录中的“专业类”，计算机科学与技术、数据科学与大数据技术为专业目录中的“专业名称”；4.本单位最低服务年限为5年（含试用期）。"",""部门网站"":""无"",""咨询电话1"":""0791-88916003"",""咨询电话2"":""0791-88916002"",""咨询电话3"":"""",""来源Sheet"":""中央国家行政机关参照公务员法管理事业单位""}}"
"government_jobs","国家公务员2025招考简章","公务员/事业单位技术岗位","江西省吉安市","2026-07-28T09:12:58.310295+00:00","吉安调查队业务科室四级主任科员","国家统计局江西调查总队","","江西省吉安市","公务员/事业单位;2025;computer_software;data_ai;仅限硕士研究生;硕士;统计学、应用统计、数学、计算机科学与技术;市（地）级及以下直属机构综合管理类","用人司局：国家统计局江西调查总队
职位简介：从事统计调查、数据处理、统计分析研究等工作
专业要求：统计学、应用统计、数学、计算机科学与技术
学历要求：仅限硕士研究生
学位要求：硕士
政治面貌：中共党员
基层工作经历：无限制
考试类别：市（地）级及以下直属机构综合管理类
备注：1.限招应届高校毕业生；2.需以最高学历所学主修专业报考；3.本职位专业要求均为专业目录中的“专业名称”；4.本单位最低服务年限为5年（含试用期）。","https://www.xjhc.gov.cn/xjhc/c116834/202410/a29382e11a674da3be3353af65f9fcc5.shtml#137114-400110114011","2024-10-14","{""dataset_year"":2025,""job_uid"":""GOV-2025-137114-400110114011"",""publisher"":""国家公务员局"",""publication_page"":""https://www.xjhc.gov.cn/xjhc/c116834/202410/a29382e11a674da3be3353af65f9fcc5.shtml"",""attachment_url"":""https://www.xjhc.gov.cn/xjhc/c116834/202410/a29382e11a674da3be3353af65f9fcc5/files/0536cef86e2b46ddad6aae5a3780089e.xls"",""local_source_file"":""2025_guokao_zhaokaojianzhang.xls"",""local_source_sha256"":""07ae6cab368cd21b7a1ac3e8150fe9a3d39ad5171ce76135ff3cccfe50c3e77e"",""source_sheet"":""中央国家行政机关参照公务员法管理事业单位"",""filter_version"":""government_tech_v2"",""tech_filter"":{""is_tech"":true,""is_core_tech"":true,""scope"":""core"",""categories"":[""computer_software"",""data_ai""],""matched_fields"":[""major"",""description""],""major_terms"":[""计算机科学与技术""],""role_terms"":[""数据处理""],""reason"":""tech_major_and_role""},""original"":{""部门代码"":""137114"",""部门名称"":""国家统计局江西调查总队"",""用人司局"":""国家统计局江西调查总队"",""机构性质"":""中央国家行政机关参照公务员法管理事业单位"",""招考职位"":""吉安调查队业务科室四级主任科员"",""职位属性"":""普通职位"",""职位分布"":""其他职位"",""职位简介"":""从事统计调查、数据处理、统计分析研究等工作"",""职位代码"":""400110114011"",""机构层级"":""市（地）级"",""考试类别"":""市（地）级及以下直属机构综合管理类"",""招考人数"":""1"",""专业"":""统计学、应用统计、数学、计算机科学与技术"",""学历"":""仅限硕士研究生"",""学位"":""硕士"",""政治面貌"":""中共党员"",""基层工作最低年限"":""无限制"",""服务基层项目工作经历"":""无限制"",""是否在面试阶段组织专业能力测试"":""否"",""面试人员比例"":""3:1"",""工作地点"":""江西省吉安市"",""落户地点"":""江西省吉安市"",""备注"":""1.限招应届高校毕业生；2.需以最高学历所学主修专业报考；3.本职位专业要求均为专业目录中的“专业名称”；4.本单位最低服务年限为5年（含试用期）。"",""部门网站"":""无"",""咨询电话1"":""0791-88916003"",""咨询电话2"":""0791-88916002"",""咨询电话3"":"""",""来源Sheet"":""中央国家行政机关参照公务员法管理事业单位""}}"
"government_jobs","国家公务员2025招考简章","公务员/事业单位技术岗位","江西省九江市修水县","2026-07-28T09:12:58.310295+00:00","修水调查队一级科员","国家统计局江西调查总队","","江西省九江市修水县","公务员/事业单位;2025;computer_software;data_ai;仅限本科;学士;统计学、经济统计学、汉语言文学、汉语言、网络与新媒体、计算机科学与技术;市（地）级及以下直属机构综合管理类","用人司局：国家统计局江西调查总队
职位简介：从事一线入户调查、数据处理、统计分析、统计研究等工作
专业要求：统计学、经济统计学、汉语言文学、汉语言、网络与新媒体、计算机科学与技术
学历要求：仅限本科
学位要求：学士
政治面貌：不限
基层工作经历：无限制
考试类别：市（地）级及以下直属机构综合管理类
备注：1.限招应届高校毕业生；2.需以最高学历所学主修专业报考；3.本职位专业要求均为专业目录中的“专业名称”；4.本单位最低服务年限为5年（含试用期）。","https://www.xjhc.gov.cn/xjhc/c116834/202410/a29382e11a674da3be3353af65f9fcc5.shtml#137114-400110114019","2024-10-14","{""dataset_year"":2025,""job_uid"":""GOV-2025-137114-400110114019"",""publisher"":""国家公务员局"",""publication_page"":""https://www.xjhc.gov.cn/xjhc/c116834/202410/a29382e11a674da3be3353af65f9fcc5.shtml"",""attachment_url"":""https://www.xjhc.gov.cn/xjhc/c116834/202410/a29382e11a674da3be3353af65f9fcc5/files/0536cef86e2b46ddad6aae5a3780089e.xls"",""local_source_file"":""2025_guokao_zhaokaojianzhang.xls"",""local_source_sha256"":""07ae6cab368cd21b7a1ac3e8150fe9a3d39ad5171ce76135ff3cccfe50c3e77e"",""source_sheet"":""中央国家行政机关参照公务员法管理事业单位"",""filter_version"":""government_tech_v2"",""tech_filter"":{""is_tech"":true,""is_core_tech"":true,""scope"":""core"",""categories"":[""computer_software"",""data_ai""],""matched_fields"":[""major"",""description""],""major_terms"":[""计算机科学与技术""],""role_terms"":[""数据处理""],""reason"":""tech_major_and_role""},""original"":{""部门代码"":""137114"",""部门名称"":""国家统计局江西调查总队"",""用人司局"":""国家统计局江西调查总队"",""机构性质"":""中央国家行政机关参照公务员法管理事业单位"",""招考职位"":""修水调查队一级科员"",""职位属性"":""普通职位"",""职位分布"":""其他职位"",""职位简介"":""从事一线入户调查、数据处理、统计分析、统计研究等工作"",""职位代码"":""400110114019"",""机构层级"":""县（区）级及以下"",""考试类别"":""市（地）级及以下直属机构综合管理类"",""招考人数"":""1"",""专业"":""统计学、经济统计学、汉语言文学、汉语言、网络与新媒体、计算机科学与技术"",""学历"":""仅限本科"",""学位"":""学士"",""政治面貌"":""不限"",""基层工作最低年限"":""无限制"",""服务基层项目工作经历"":""无限制"",""是否在面试阶段组织专业能力测试"":""否"",""面试人员比例"":""3:1"",""工作地点"":""江西省九江市修水县"",""落户地点"":""江西省九江市修水县"",""备注"":""1.限招应届高校毕业生；2.需以最高学历所学主修专业报考；3.本职位专业要求均为专业目录中的“专业名称”；4.本单位最低服务年限为5年（含试用期）。"",""部门网站"":""无"",""咨询电话1"":""0791-88916003"",""咨询电话2"":""0791-88916002"",""咨询电话3"":"""",""来源Sheet"":""中央国家行政机关参照公务员法管理事业单位""}}"
"government_jobs","国家公务员2025招考简章","公务员/事业单位技术岗位","江西省赣州市会昌县","2026-07-28T09:12:58.310295+00:00","会昌调查队一级科员","国家统计局江西调查总队","","江西省赣州市会昌县","公务员/事业单位;2025;computer_software;data_ai;仅限本科;学士;统计学类、数据科学与大数据技术、大数据管理与应用;市（地）级及以下直属机构综合管理类","用人司局：国家统计局江西调查总队
职位简介：从事一线入户调查、数据处理、统计分析、统计研究等工作
专业要求：统计学类、数据科学与大数据技术、大数据管理与应用
学历要求：仅限本科
学位要求：学士
政治面貌：不限
基层工作经历：无限制
考试类别：市（地）级及以下直属机构综合管理类
备注：1.限招应届高校毕业生；2.需以最高学历所学主修专业报考；3.本职位专业要求的统计学类为专业目录中的“专业类”，数据科学与大数据技术、大数据管理与应用为专业目录中的“专业名称”；4.本单位最低服务期限为5年（含试用期）。","https://www.xjhc.gov.cn/xjhc/c116834/202410/a29382e11a674da3be3353af65f9fcc5.shtml#137114-400110114023","2024-10-14","{""dataset_year"":2025,""job_uid"":""GOV-2025-137114-400110114023"",""publisher"":""国家公务员局"",""publication_page"":""https://www.xjhc.gov.cn/xjhc/c116834/202410/a29382e11a674da3be3353af65f9fcc5.shtml"",""attachment_url"":""https://www.xjhc.gov.cn/xjhc/c116834/202410/a29382e11a674da3be3353af65f9fcc5/files/0536cef86e2b46ddad6aae5a3780089e.xls"",""local_source_file"":""2025_guokao_zhaokaojianzhang.xls"",""local_source_sha256"":""07ae6cab368cd21b7a1ac3e8150fe9a3d39ad5171ce76135ff3cccfe50c3e77e"",""source_sheet"":""中央国家行政机关参照公务员法管理事业单位"",""filter_version"":""government_tech_v2"",""tech_filter"":{""is_tech"":true,""is_core_tech"":true,""scope"":""core"",""categories"":[""computer_software"",""data_ai""],""matched_fields"":[""major"",""description"",""remarks""],""major_terms"":[""大数据"",""数据科学与大数据技术""],""role_terms"":[""大数据"",""数据处理"",""数据管理""],""reason"":""tech_major_and_role""},""original"":{""部门代码"":""137114"",""部门名称"":""国家统计局江西调查总队"",""用人司局"":""国家统计局江西调查总队"",""机构性质"":""中央国家行政机关参照公务员法管理事业单位"",""招考职位"":""会昌调查队一级科员"",""职位属性"":""普通职位"",""职位分布"":""其他职位"",""职位简介"":""从事一线入户调查、数据处理、统计分析、统计研究等工作"",""职位代码"":""400110114023"",""机构层级"":""县（区）级及以下"",""考试类别"":""市（地）级及以下直属机构综合管理类"",""招考人数"":""1"",""专业"":""统计学类、数据科学与大数据技术、大数据管理与应用"",""学历"":""仅限本科"",""学位"":""学士"",""政治面貌"":""不限"",""基层工作最低年限"":""无限制"",""服务基层项目工作经历"":""无限制"",""是否在面试阶段组织专业能力测试"":""否"",""面试人员比例"":""3:1"",""工作地点"":""江西省赣州市会昌县"",""落户地点"":""江西省赣州市会昌县"",""备注"":""1.限招应届高校毕业生；2.需以最高学历所学主修专业报考；3.本职位专业要求的统计学类为专业目录中的“专业类”，数据科学与大数据技术、大数据管理与应用为专业目录中的“专业名称”；4.本单位最低服务期限为5年（含试用期）。"",""部门网站"":""无"",""咨询电话1"":""0791-88916003"",""咨询电话2"":""0791-88916002"",""咨询电话3"":"""",""来源Sheet"":""中央国家行政机关参照公务员法管理事业单位""}}"
"government_jobs","国家公务员2025招考简章","公务员/事业单位技术岗位","江西省宜春市铜鼓县","2026-07-28T09:12:58.310295+00:00","铜鼓调查队一级科员","国家统计局江西调查总队","","江西省宜春市铜鼓县","公务员/事业单位;2025;computer_software;data_ai;仅限本科;学士;统计学类、计算机科学与技术、金融学、新闻学、财政学;市（地）级及以下直属机构综合管理类","用人司局：国家统计局江西调查总队
职位简介：从事一线入户调查、数据处理、统计分析研究、财务等工作
专业要求：统计学类、计算机科学与技术、金融学、新闻学、财政学
学历要求：仅限本科
学位要求：学士
政治面貌：不限
基层工作经历：无限制
考试类别：市（地）级及以下直属机构综合管理类
备注：1.限招应届高校毕业生；2.需以最高学历所学主修专业报考；3.本职位专业要求的统计学类为专业目录中的“专业类”，计算机科学与技术、金融学、新闻学、财政学为专业目录中的“专业名称”；4.本单位最低服务年限为5年（含试用期）。","https://www.xjhc.gov.cn/xjhc/c116834/202410/a29382e11a674da3be3353af65f9fcc5.shtml#137114-400110114026","2024-10-14","{""dataset_year"":2025,""job_uid"":""GOV-2025-137114-400110114026"",""publisher"":""国家公务员局"",""publication_page"":""https://www.xjhc.gov.cn/xjhc/c116834/202410/a29382e11a674da3be3353af65f9fcc5.shtml"",""attachment_url"":""https://www.xjhc.gov.cn/xjhc/c116834/202410/a29382e11a674da3be3353af65f9fcc5/files/0536cef86e2b46ddad6aae5a3780089e.xls"",""local_source_file"":""2025_guokao_zhaokaojianzhang.xls"",""local_source_sha256"":""07ae6cab368cd21b7a1ac3e8150fe9a3d39ad5171ce76135ff3cccfe50c3e77e"",""source_sheet"":""中央国家行政机关参照公务员法管理事业单位"",""filter_version"":""government_tech_v2"",""tech_filter"":{""is_tech"":true,""is_core_tech"":true,""scope"":""core"",""categories"":[""computer_software"",""data_ai""],""matched_fields"":[""major"",""description"",""remarks""],""major_terms"":[""计算机科学与技术""],""role_terms"":[""数据处理"",""计算机""],""reason"":""tech_major_and_role""},""original"":{""部门代码"":""137114"",""部门名称"":""国家统计局江西调查总队"",""用人司局"":""国家统计局江西调查总队"",""机构性质"":""中央国家行政机关参照公务员法管理事业单位"",""招考职位"":""铜鼓调查队一级科员"",""职位属性"":""普通职位"",""职位分布"":""其他职位"",""职位简介"":""从事一线入户调查、数据处理、统计分析研究、财务等工作"",""职位代码"":""400110114026"",""机构层级"":""县（区）级及以下"",""考试类别"":""市（地）级及以下直属机构综合管理类"",""招考人数"":""1"",""专业"":""统计学类、计算机科学与技术、金融学、新闻学、财政学"",""学历"":""仅限本科"",""学位"":""学士"",""政治面貌"":""不限"",""基层工作最低年限"":""无限制"",""服务基层项目工作经历"":""无限制"",""是否在面试阶段组织专业能力测试"":""否"",""面试人员比例"":""3:1"",""工作地点"":""江西省宜春市铜鼓县"",""落户地点"":""江西省宜春市铜鼓县"",""备注"":""1.限招应届高校毕业生；2.需以最高学历所学主修专业报考；3.本职位专业要求的统计学类为专业目录中的“专业类”，计算机科学与技术、金融学、新闻学、财政学为专业目录中的“专业名称”；4.本单位最低服务年限为5年（含试用期）。"",""部门网站"":""无"",""咨询电话1"":""0791-88916003"",""咨询电话2"":""0791-88916002"",""咨询电话3"":"""",""来源Sheet"":""中央国家行政机关参照公务员法管理事业单位""}}"
"government_jobs","国家公务员2025招考简章","公务员/事业单位技术岗位","江西省上饶市玉山县","2026-07-28T09:12:58.310295+00:00","玉山调查队一级科员","国家统计局江西调查总队","","江西省上饶市玉山县","公务员/事业单位;2025;computer_software;cybersecurity_cryptography;data_ai;仅限本科;学士;统计学类、数学类、财务管理、会计学、审计学、保密技术、信息安全、新媒体技术;市（地）级及以下直属机构综合管理类","用人司局：国家统计局江西调查总队
职位简介：从事一线统计调查、数据处理、统计分析、统计研究等工作
专业要求：统计学类、数学类、财务管理、会计学、审计学、保密技术、信息安全、新媒体技术
学历要求：仅限本科
学位要求：学士
政治面貌：不限
基层工作经历：无限制
考试类别：市（地）级及以下直属机构综合管理类
备注：1.限招2025届高校毕业生；2.需以最高学历所学主修专业报考；3.本职位专业要求的统计学类、数学类为专业目录中的“专业类”，财务管理、会计学、审计学、保密技术、信息安全、新媒体技术为专业目录中的“专业名称”；4.本单位最低服务年限为5年（含试用期）。","https://www.xjhc.gov.cn/xjhc/c116834/202410/a29382e11a674da3be3353af65f9fcc5.shtml#137114-400110114028","2024-10-14","{""dataset_year"":2025,""job_uid"":""GOV-2025-137114-400110114028"",""publisher"":""国家公务员局"",""publication_page"":""https://www.xjhc.gov.cn/xjhc/c116834/202410/a29382e11a674da3be3353af65f9fcc5.shtml"",""attachment_url"":""https://www.xjhc.gov.cn/xjhc/c116834/202410/a29382e11a674da3be3353af65f9fcc5/files/0536cef86e2b46ddad6aae5a3780089e.xls"",""local_source_file"":""2025_guokao_zhaokaojianzhang.xls"",""local_source_sha256"":""07ae6cab368cd21b7a1ac3e8150fe9a3d39ad5171ce76135ff3cccfe50c3e77e"",""source_sheet"":""中央国家行政机关参照公务员法管理事业单位"",""filter_version"":""government_tech_v2"",""tech_filter"":{""is_tech"":true,""is_core_tech"":true,""scope"":""core"",""categories"":[""computer_software"",""cybersecurity_cryptography"",""data_ai""],""matched_fields"":[""major"",""description"",""remarks""],""major_terms"":[""保密技术"",""信息安全""],""role_terms"":[""信息安全"",""数据处理""],""reason"":""tech_major_and_role""},""original"":{""部门代码"":""137114"",""部门名称"":""国家统计局江西调查总队"",""用人司局"":""国家统计局江西调查总队"",""机构性质"":""中央国家行政机关参照公务员法管理事业单位"",""招考职位"":""玉山调查队一级科员"",""职位属性"":""普通职位"",""职位分布"":""其他职位"",""职位简介"":""从事一线统计调查、数据处理、统计分析、统计研究等工作"",""职位代码"":""400110114028"",""机构层级"":""县（区）级及以下"",""考试类别"":""市（地）级及以下直属机构综合管理类"",""招考人数"":""1"",""专业"":""统计学类、数学类、财务管理、会计学、审计学、保密技术、信息安全、新媒体技术"",""学历"":""仅限本科"",""学位"":""学士"",""政治面貌"":""不限"",""基层工作最低年限"":""无限制"",""服务基层项目工作经历"":""无限制"",""是否在面试阶段组织专业能力测试"":""否"",""面试人员比例"":""3:1"",""工作地点"":""江西省上饶市玉山县"",""落户地点"":""江西省上饶市玉山县"",""备注"":""1.限招2025届高校毕业生；2.需以最高学历所学主修专业报考；3.本职位专业要求的统计学类、数学类为专业目录中的“专业类”，财务管理、会计学、审计学、保密技术、信息安全、新媒体技术为专业目录中的“专业名称”；4.本单位最低服务年限为5年（含试用期）。"",""部门网站"":""无"",""咨询电话1"":""0791-88916003"",""咨询电话2"":""0791-88916002"",""咨询电话3"":"""",""来源Sheet"":""中央国家行政机关参照公务员法管理事业单位""}}"
"government_jobs","国家公务员2025招考简章","公务员/事业单位技术岗位","江西省上饶市弋阳县","2026-07-28T09:12:58.310295+00:00","弋阳调查队一级科员","国家统计局江西调查总队","","江西省上饶市弋阳县","公务员/事业单位;2025;computer_software;data_ai;仅限本科;学士;统计学类、会计学、财务管理、计算机科学与技术、电子与计算机工程、数据科学与大数据技术、大数据管理与应用;市（地）级及以下直属机构综合管理类","用人司局：国家统计局江西调查总队
职位简介：从事一线入户调查、数据处理、统计分析、统计研究等工作
专业要求：统计学类、会计学、财务管理、计算机科学与技术、电子与计算机工程、数据科学与大数据技术、大数据管理与应用
学历要求：仅限本科
学位要求：学士
政治面貌：不限
基层工作经历：无限制
考试类别：市（地）级及以下直属机构综合管理类
备注：1.限招2025届高校毕业生；2.需以最高学历所学主修专业报考；3.本职位专业要求的统计学类为专业目录中的“专业类”， 会计学、计算机科学与技术、电子与计算机工程、数据科学与大数据技术、大数据管理与应用为专业目录中的“专业名称”；4.本单位最低服务年限为五年（含试用期）。","https://www.xjhc.gov.cn/xjhc/c116834/202410/a29382e11a674da3be3353af65f9fcc5.shtml#137114-400110114029","2024-10-14","{""dataset_year"":2025,""job_uid"":""GOV-2025-137114-400110114029"",""publisher"":""国家公务员局"",""publication_page"":""https://www.xjhc.gov.cn/xjhc/c116834/202410/a29382e11a674da3be3353af65f9fcc5.shtml"",""attachment_url"":""https://www.xjhc.gov.cn/xjhc/c116834/202410/a29382e11a674da3be3353af65f9fcc5/files/0536cef86e2b46ddad6aae5a3780089e.xls"",""local_source_file"":""2025_guokao_zhaokaojianzhang.xls"",""local_source_sha256"":""07ae6cab368cd21b7a1ac3e8150fe9a3d39ad5171ce76135ff3cccfe50c3e77e"",""source_sheet"":""中央国家行政机关参照公务员法管理事业单位"",""filter_version"":""government_tech_v2"",""tech_filter"":{""is_tech"":true,""is_core_tech"":true,""scope"":""core"",""categories"":[""computer_software"",""data_ai""],""matched_fields"":[""major"",""description"",""remarks""],""major_terms"":[""大数据"",""数据科学与大数据技术"",""计算机"",""计算机科学与技术""],""role_terms"":[""大数据"",""数据处理"",""数据管理"",""计算机""],""reason"":""tech_major_and_role""},""original"":{""部门代码"":""137114"",""部门名称"":""国家统计局江西调查总队"",""用人司局"":""国家统计局江西调查总队"",""机构性质"":""中央国家行政机关参照公务员法管理事业单位"",""招考职位"":""弋阳调查队一级科员"",""职位属性"":""普通职位"",""职位分布"":""其他职位"",""职位简介"":""从事一线入户调查、数据处理、统计分析、统计研究等工作"",""职位代码"":""400110114029"",""机构层级"":""县（区）级及以下"",""考试类别"":""市（地）级及以下直属机构综合管理类"",""招考人数"":""1"",""专业"":""统计学类、会计学、财务管理、计算机科学与技术、电子与计算机工程、数据科学与大数据技术、大数据管理与应用"",""学历"":""仅限本科"",""学位"":""学士"",""政治面貌"":""不限"",""基层工作最低年限"":""无限制"",""服务基层项目工作经历"":""无限制"",""是否在面试阶段组织专业能力测试"":""否"",""面试人员比例"":""3:1"",""工作地点"":""江西省上饶市弋阳县"",""落户地点"":""江西省上饶市弋阳县"",""备注"":""1.限招2025届高校毕业生；2.需以最高学历所学主修专业报考；3.本职位专业要求的统计学类为专业目录中的“专业类”， 会计学、计算机科学与技术、电子与计算机工程、数据科学与大数据技术、大数据管理与应用为专业目录中的“专业名称”；4.本单位最低服务年限为五年（含试用期）。"",""部门网站"":""无"",""咨询电话1"":""0791-88916003"",""咨询电话2"":""0791-88916002"",""咨询电话3"":"""",""来源Sheet"":""中央国家行政机关参照公务员法管理事业单位""}}"
"government_jobs","国家公务员2025招考简章","公务员/事业单位技术岗位","江西省吉安市泰和县","2026-07-28T09:12:58.310295+00:00","泰和调查队一级科员","国家统计局江西调查总队","","江西省吉安市泰和县","公务员/事业单位;2025;computer_software;data_ai;仅限本科;学士;统计学类、会计学、财务管理、汉语言文学、计算机科学与技术;市（地）级及以下直属机构综合管理类","用人司局：国家统计局江西调查总队
职位简介：从事一线入户调查、数据处理、统计分析、统计研究和财务工作
专业要求：统计学类、会计学、财务管理、汉语言文学、计算机科学与技术
学历要求：仅限本科
学位要求：学士
政治面貌：不限
基层工作经历：无限制
考试类别：市（地）级及以下直属机构综合管理类
备注：1.需以最高学历所学主修专业报考；2.本职位专业要求的统计学类为“专业类”，会计学、财务管理、汉语言文学、计算机科学与技术为专业目录中的“专业名称”；3.本单位最低服务年限为5年（含试用期）。","https://www.xjhc.gov.cn/xjhc/c116834/202410/a29382e11a674da3be3353af65f9fcc5.shtml#137114-400110114038","2024-10-14","{""dataset_year"":2025,""job_uid"":""GOV-2025-137114-400110114038"",""publisher"":""国家公务员局"",""publication_page"":""https://www.xjhc.gov.cn/xjhc/c116834/202410/a29382e11a674da3be3353af65f9fcc5.shtml"",""attachment_url"":""https://www.xjhc.gov.cn/xjhc/c116834/202410/a29382e11a674da3be3353af65f9fcc5/files/0536cef86e2b46ddad6aae5a3780089e.xls"",""local_source_file"":""2025_guokao_zhaokaojianzhang.xls"",""local_source_sha256"":""07ae6cab368cd21b7a1ac3e8150fe9a3d39ad5171ce76135ff3cccfe50c3e77e"",""source_sheet"":""中央国家行政机关参照公务员法管理事业单位"",""filter_version"":""government_tech_v2"",""tech_filter"":{""is_tech"":true,""is_core_tech"":true,""scope"":""core"",""categories"":[""computer_software"",""data_ai""],""matched_fields"":[""major"",""description"",""remarks""],""major_terms"":[""计算机科学与技术""],""role_terms"":[""数据处理"",""计算机""],""reason"":""tech_major_and_role""},""original"":{""部门代码"":""137114"",""部门名称"":""国家统计局江西调查总队"",""用人司局"":""国家统计局江西调查总队"",""机构性质"":""中央国家行政机关参照公务员法管理事业单位"",""招考职位"":""泰和调查队一级科员"",""职位属性"":""普通职位"",""职位分布"":""其他职位"",""职位简介"":""从事一线入户调查、数据处理、统计分析、统计研究和财务工作"",""职位代码"":""400110114038"",""机构层级"":""县（区）级及以下"",""考试类别"":""市（地）级及以下直属机构综合管理类"",""招考人数"":""1"",""专业"":""统计学类、会计学、财务管理、汉语言文学、计算机科学与技术"",""学历"":""仅限本科"",""学位"":""学士"",""政治面貌"":""不限"",""基层工作最低年限"":""无限制"",""服务基层项目工作经历"":""无限制"",""是否在面试阶段组织专业能力测试"":""否"",""面试人员比例"":""3:1"",""工作地点"":""江西省吉安市泰和县"",""落户地点"":""江西省吉安市泰和县"",""备注"":""1.需以最高学历所学主修专业报考；2.本职位专业要求的统计学类为“专业类”，会计学、财务管理、汉语言文学、计算机科学与技术为专业目录中的“专业名称”；3.本单位最低服务年限为5年（含试用期）。"",""部门网站"":""无"",""咨询电话1"":""0791-88916003"",""咨询电话2"":""0791-88916002"",""咨询电话3"":"""",""来源Sheet"":""中央国家行政机关参照公务员法管理事业单位""}}"
"government_jobs","国家公务员2025招考简章","公务员/事业单位技术岗位","江西省吉安市遂川县","2026-07-28T09:12:58.310295+00:00","遂川调查队一级科员","国家统计局江西调查总队","","江西省吉安市遂川县","公务员/事业单位;2025;computer_software;data_ai;仅限本科;学士;统计学类、数学类、数据科学与大数据技术;市（地）级及以下直属机构综合管理类","用人司局：国家统计局江西调查总队
职位简介：从事一线入户调查、数据处理、统计分析、统计研究等工作
专业要求：统计学类、数学类、数据科学与大数据技术
学历要求：仅限本科
学位要求：学士
政治面貌：不限
基层工作经历：无限制
考试类别：市（地）级及以下直属机构综合管理类
备注：1.限招应届高校毕业生；2.需以最高学历所学主修专业报考；3.本职位专业要求的统计学类、数学类为专业目录中的“专业类”，数据科学与大数据技术为专业目录中的“专业名称”；4.本单位最低服务年限为5年（含试用期）。","https://www.xjhc.gov.cn/xjhc/c116834/202410/a29382e11a674da3be3353af65f9fcc5.shtml#137114-400110114039","2024-10-14","{""dataset_year"":2025,""job_uid"":""GOV-2025-137114-400110114039"",""publisher"":""国家公务员局"",""publication_page"":""https://www.xjhc.gov.cn/xjhc/c116834/202410/a29382e11a674da3be3353af65f9fcc5.shtml"",""attachment_url"":""https://www.xjhc.gov.cn/xjhc/c116834/202410/a29382e11a674da3be3353af65f9fcc5/files/0536cef86e2b46ddad6aae5a3780089e.xls"",""local_source_file"":""2025_guokao_zhaokaojianzhang.xls"",""local_source_sha256"":""07ae6cab368cd21b7a1ac3e8150fe9a3d39ad5171ce76135ff3cccfe50c3e77e"",""source_sheet"":""中央国家行政机关参照公务员法管理事业单位"",""filter_version"":""government_tech_v2"",""tech_filter"":{""is_tech"":true,""is_core_tech"":true,""scope"":""core"",""categories"":[""computer_software"",""data_ai""],""matched_fields"":[""major"",""description"",""remarks""],""major_terms"":[""大数据"",""数据科学与大数据技术""],""role_terms"":[""大数据"",""数据处理""],""reason"":""tech_major_and_role""},""original"":{""部门代码"":""137114"",""部门名称"":""国家统计局江西调查总队"",""用人司局"":""国家统计局江西调查总队"",""机构性质"":""中央国家行政机关参照公务员法管理事业单位"",""招考职位"":""遂川调查队一级科员"",""职位属性"":""普通职位"",""职位分布"":""其他职位"",""职位简介"":""从事一线入户调查、数据处理、统计分析、统计研究等工作"",""职位代码"":""400110114039"",""机构层级"":""县（区）级及以下"",""考试类别"":""市（地）级及以下直属机构综合管理类"",""招考人数"":""1"",""专业"":""统计学类、数学类、数据科学与大数据技术"",""学历"":""仅限本科"",""学位"":""学士"",""政治面貌"":""不限"",""基层工作最低年限"":""无限制"",""服务基层项目工作经历"":""无限制"",""是否在面试阶段组织专业能力测试"":""否"",""面试人员比例"":""3:1"",""工作地点"":""江西省吉安市遂川县"",""落户地点"":""江西省吉安市遂川县"",""备注"":""1.限招应届高校毕业生；2.需以最高学历所学主修专业报考；3.本职位专业要求的统计学类、数学类为专业目录中的“专业类”，数据科学与大数据技术为专业目录中的“专业名称”；4.本单位最低服务年限为5年（含试用期）。"",""部门网站"":""无"",""咨询电话1"":""0791-88916003"",""咨询电话2"":""0791-88916002"",""咨询电话3"":"""",""来源Sheet"":""中央国家行政机关参照公务员法管理事业单位""}}"
"government_jobs","国家公务员2025招考简章","公务员/事业单位技术岗位","江西省抚州市东乡区","2026-07-28T09:12:58.310295+00:00","东乡调查队一级科员","国家统计局江西调查总队","","江西省抚州市东乡区","公务员/事业单位;2025;computer_software;data_ai;仅限本科;学士;统计学类、数学类、计算机类、中国语言文学类（不含汉语国际教育、中国少数民族语言文学、手语翻译）;市（地）级及以下直属机构综合管理类","用人司局：国家统计局江西调查总队
职位简介：从事一线入户调查、数据处理、统计分析、统计研究等工作
专业要求：统计学类、数学类、计算机类、中国语言文学类（不含汉语国际教育、中国少数民族语言文学、手语翻译）
学历要求：仅限本科
学位要求：学士
政治面貌：不限
基层工作经历：二年
考试类别：市（地）级及以下直属机构综合管理类
备注：1.本岗位定向招录服务期满且考核合格的大学生村官或“三支一扶”计划人员；2.需以最高学历所学主修专业报考；3.本职位专业要求均为专业目录中的“专业类”；4.本单位最低服务年限为5年（含试用期）。","https://www.xjhc.gov.cn/xjhc/c116834/202410/a29382e11a674da3be3353af65f9fcc5.shtml#137114-400110114042","2024-10-14","{""dataset_year"":2025,""job_uid"":""GOV-2025-137114-400110114042"",""publisher"":""国家公务员局"",""publication_page"":""https://www.xjhc.gov.cn/xjhc/c116834/202410/a29382e11a674da3be3353af65f9fcc5.shtml"",""attachment_url"":""https://www.xjhc.gov.cn/xjhc/c116834/202410/a29382e11a674da3be3353af65f9fcc5/files/0536cef86e2b46ddad6aae5a3780089e.xls"",""local_source_file"":""2025_guokao_zhaokaojianzhang.xls"",""local_source_sha256"":""07ae6cab368cd21b7a1ac3e8150fe9a3d39ad5171ce76135ff3cccfe50c3e77e"",""source_sheet"":""中央国家行政机关参照公务员法管理事业单位"",""filter_version"":""government_tech_v2"",""tech_filter"":{""is_tech"":true,""is_core_tech"":true,""scope"":""core"",""categories"":[""computer_software"",""data_ai""],""matched_fields"":[""major"",""description""],""major_terms"":[""计算机类""],""role_terms"":[""数据处理""],""reason"":""tech_major_and_role""},""original"":{""部门代码"":""137114"",""部门名称"":""国家统计局江西调查总队"",""用人司局"":""国家统计局江西调查总队"",""机构性质"":""中央国家行政机关参照公务员法管理事业单位"",""招考职位"":""东乡调查队一级科员"",""职位属性"":""普通职位"",""职位分布"":""其他职位"",""职位简介"":""从事一线入户调查、数据处理、统计分析、统计研究等工作"",""职位代码"":""400110114042"",""机构层级"":""县（区）级及以下"",""考试类别"":""市（地）级及以下直属机构综合管理类"",""招考人数"":""1"",""专业"":""统计学类、数学类、计算机类、中国语言文学类（不含汉语国际教育、中国少数民族语言文学、手语翻译）"",""学历"":""仅限本科"",""学位"":""学士"",""政治面貌"":""不限"",""基层工作最低年限"":""二年"",""服务基层项目工作经历"":""大学生村官、“三支一扶”计划"",""是否在面试阶段组织专业能力测试"":""否"",""面试人员比例"":""3:1"",""工作地点"":""江西省抚州市东乡区"",""落户地点"":""江西省抚州市东乡区"",""备注"":""1.本岗位定向招录服务期满且考核合格的大学生村官或“三支一扶”计划人员；2.需以最高学历所学主修专业报考；3.本职位专业要求均为专业目录中的“专业类”；4.本单位最低服务年限为5年（含试用期）。"",""部门网站"":""无"",""咨询电话1"":""0791-88916003"",""咨询电话2"":""0791-88916002"",""咨询电话3"":"""",""来源Sheet"":""中央国家行政机关参照公务员法管理事业单位""}}"
"government_jobs","国家公务员2025招考简章","公务员/事业单位技术岗位","山东省淄博市","2026-07-28T09:12:58.310295+00:00","淄博调查队业务科室一级科员","国家统计局山东调查总队","","山东省淄博市","公务员/事业单位;2025;data_ai;仅限本科;学士;统计学、应用统计学、经济学、经济统计学、信息与计算科学、数学与应用数学、国民经济管理、数字经济;市（地）级及以下直属机构综合管理类","用人司局：国家统计局山东调查总队
职位简介：从事一线入村入户调查、数据处理、公文写作、统计分析研究等工作。
专业要求：统计学、应用统计学、经济学、经济统计学、信息与计算科学、数学与应用数学、国民经济管理、数字经济
学历要求：仅限本科
学位要求：学士
政治面貌：中共党员
基层工作经历：无限制
考试类别：市（地）级及以下直属机构综合管理类
备注：限应届高校毕业生；须以最高学历所学主修专业报考；最低服务年限为5年（含试用期）；需经常下乡入户，条件较为艰苦。","https://www.xjhc.gov.cn/xjhc/c116834/202410/a29382e11a674da3be3353af65f9fcc5.shtml#137115-400110115006","2024-10-14","{""dataset_year"":2025,""job_uid"":""GOV-2025-137115-400110115006"",""publisher"":""国家公务员局"",""publication_page"":""https://www.xjhc.gov.cn/xjhc/c116834/202410/a29382e11a674da3be3353af65f9fcc5.shtml"",""attachment_url"":""https://www.xjhc.gov.cn/xjhc/c116834/202410/a29382e11a674da3be3353af65f9fcc5/files/0536cef86e2b46ddad6aae5a3780089e.xls"",""local_source_file"":""2025_guokao_zhaokaojianzhang.xls"",""local_source_sha256"":""07ae6cab368cd21b7a1ac3e8150fe9a3d39ad5171ce76135ff3cccfe50c3e77e"",""source_sheet"":""中央国家行政机关参照公务员法管理事业单位"",""filter_version"":""government_tech_v2"",""tech_filter"":{""is_tech"":true,""is_core_tech"":true,""scope"":""core"",""categories"":[""data_ai""],""matched_fields"":[""description""],""major_terms"":[],""role_terms"":[""数据处理""],""reason"":""tech_role""},""original"":{""部门代码"":""137115"",""部门名称"":""国家统计局山东调查总队"",""用人司局"":""国家统计局山东调查总队"",""机构性质"":""中央国家行政机关参照公务员法管理事业单位"",""招考职位"":""淄博调查队业务科室一级科员"",""职位属性"":""普通职位"",""职位分布"":""其他职位"",""职位简介"":""从事一线入村入户调查、数据处理、公文写作、统计分析研究等工作。"",""职位代码"":""400110115006"",""机构层级"":""市（地）级"",""考试类别"":""市（地）级及以下直属机构综合管理类"",""招考人数"":""2"",""专业"":""统计学、应用统计学、经济学、经济统计学、信息与计算科学、数学与应用数学、国民经济管理、数字经济"",""学历"":""仅限本科"",""学位"":""学士"",""政治面貌"":""中共党员"",""基层工作最低年限"":""无限制"",""服务基层项目工作经历"":""无限制"",""是否在面试阶段组织专业能力测试"":""否"",""面试人员比例"":""3:1"",""工作地点"":""山东省淄博市"",""落户地点"":""山东省淄博市"",""备注"":""限应届高校毕业生；须以最高学历所学主修专业报考；最低服务年限为5年（含试用期）；需经常下乡入户，条件较为艰苦。"",""部门网站"":""无"",""咨询电话1"":""0531-51752015"",""咨询电话2"":""0531-51752016"",""咨询电话3"":""0531-51751952"",""来源Sheet"":""中央国家行政机关参照公务员法管理事业单位""}}"
"government_jobs","国家公务员2025招考简章","公务员/事业单位技术岗位","山东省枣庄市","2026-07-28T09:12:58.310295+00:00","枣庄调查队业务科室一级科员","国家统计局山东调查总队","","山东省枣庄市","公务员/事业单位;2025;computer_software;data_ai;仅限本科;学士;经济学、经济统计学、国民经济管理、统计学、应用统计学、数据科学、数学与应用数学、信息与计算科学、数理基础科学、数据计算及应用、计算机科学与技术、软件工程;市（地）级及以下直属机构综合管理类","用人司局：国家统计局山东调查总队
职位简介：从事一线入村入户调查、数据处理、公文写作、统计分析研究等工作。
专业要求：经济学、经济统计学、国民经济管理、统计学、应用统计学、数据科学、数学与应用数学、信息与计算科学、数理基础科学、数据计算及应用、计算机科学与技术、软件工程
学历要求：仅限本科
学位要求：学士
政治面貌：不限
基层工作经历：无限制
考试类别：市（地）级及以下直属机构综合管理类
备注：限应届高校毕业生；须以最高学历所学主修专业报考；最低服务年限为5年（含试用期）；需经常下乡入户，条件较为艰苦。","https://www.xjhc.gov.cn/xjhc/c116834/202410/a29382e11a674da3be3353af65f9fcc5.shtml#137115-400110115007","2024-10-14","{""dataset_year"":2025,""job_uid"":""GOV-2025-137115-400110115007"",""publisher"":""国家公务员局"",""publication_page"":""https://www.xjhc.gov.cn/xjhc/c116834/202410/a29382e11a674da3be3353af65f9fcc5.shtml"",""attachment_url"":""https://www.xjhc.gov.cn/xjhc/c116834/202410/a29382e11a674da3be3353af65f9fcc5/files/0536cef86e2b46ddad6aae5a3780089e.xls"",""local_source_file"":""2025_guokao_zhaokaojianzhang.xls"",""local_source_sha256"":""07ae6cab368cd21b7a1ac3e8150fe9a3d39ad5171ce76135ff3cccfe50c3e77e"",""source_sheet"":""中央国家行政机关参照公务员法管理事业单位"",""filter_version"":""government_tech_v2"",""tech_filter"":{""is_tech"":true,""is_core_tech"":true,""scope"":""core"",""categories"":[""computer_software"",""data_ai""],""matched_fields"":[""major"",""description""],""major_terms"":[""数据科学"",""计算机科学与技术"",""软件工程""],""role_terms"":[""数据处理""],""reason"":""tech_major_and_role""},""original"":{""部门代码"":""137115"",""部门名称"":""国家统计局山东调查总队"",""用人司局"":""国家统计局山东调查总队"",""机构性质"":""中央国家行政机关参照公务员法管理事业单位"",""招考职位"":""枣庄调查队业务科室一级科员"",""职位属性"":""普通职位"",""职位分布"":""其他职位"",""职位简介"":""从事一线入村入户调查、数据处理、公文写作、统计分析研究等工作。"",""职位代码"":""400110115007"",""机构层级"":""市（地）级"",""考试类别"":""市（地）级及以下直属机构综合管理类"",""招考人数"":""2"",""专业"":""经济学、经济统计学、国民经济管理、统计学、应用统计学、数据科学、数学与应用数学、信息与计算科学、数理基础科学、数据计算及应用、计算机科学与技术、软件工程"",""学历"":""仅限本科"",""学位"":""学士"",""政治面貌"":""不限"",""基层工作最低年限"":""无限制"",""服务基层项目工作经历"":""无限制"",""是否在面试阶段组织专业能力测试"":""否"",""面试人员比例"":""3:1"",""工作地点"":""山东省枣庄市"",""落户地点"":""山东省枣庄市"",""备注"":""限应届高校毕业生；须以最高学历所学主修专业报考；最低服务年限为5年（含试用期）；需经常下乡入户，条件较为艰苦。"",""部门网站"":""无"",""咨询电话1"":""0531-51752015"",""咨询电话2"":""0531-51752016"",""咨询电话3"":""0531-51751952"",""来源Sheet"":""中央国家行政机关参照公务员法管理事业单位""}}"
"government_jobs","国家公务员2025招考简章","公务员/事业单位技术岗位","山东省烟台市","2026-07-28T09:12:58.310295+00:00","烟台调查队业务科室一级科员","国家统计局山东调查总队","","山东省烟台市","公务员/事业单位;2025;data_ai;仅限本科;学士;统计学、应用统计学、经济学、经济统计学、国民经济管理、信息与计算科学、数学与应用数学;市（地）级及以下直属机构综合管理类","用人司局：国家统计局山东调查总队
职位简介：从事一线入村入户调查、数据处理、公文写作、统计分析研究等工作。
专业要求：统计学、应用统计学、经济学、经济统计学、国民经济管理、信息与计算科学、数学与应用数学
学历要求：仅限本科
学位要求：学士
政治面貌：不限
基层工作经历：无限制
考试类别：市（地）级及以下直属机构综合管理类
备注：限2025届高校毕业生；须以最高学历所学主修专业报考；最低服务年限为5年(含试用期)；需经常下乡入户，条件较为艰苦。","https://www.xjhc.gov.cn/xjhc/c116834/202410/a29382e11a674da3be3353af65f9fcc5.shtml#137115-400110115008","2024-10-14","{""dataset_year"":2025,""job_uid"":""GOV-2025-137115-400110115008"",""publisher"":""国家公务员局"",""publication_page"":""https://www.xjhc.gov.cn/xjhc/c116834/202410/a29382e11a674da3be3353af65f9fcc5.shtml"",""attachment_url"":""https://www.xjhc.gov.cn/xjhc/c116834/202410/a29382e11a674da3be3353af65f9fcc5/files/0536cef86e2b46ddad6aae5a3780089e.xls"",""local_source_file"":""2025_guokao_zhaokaojianzhang.xls"",""local_source_sha256"":""07ae6cab368cd21b7a1ac3e8150fe9a3d39ad5171ce76135ff3cccfe50c3e77e"",""source_sheet"":""中央国家行政机关参照公务员法管理事业单位"",""filter_version"":""government_tech_v2"",""tech_filter"":{""is_tech"":true,""is_core_tech"":true,""scope"":""core"",""categories"":[""data_ai""],""matched_fields"":[""description""],""major_terms"":[],""role_terms"":[""数据处理""],""reason"":""tech_role""},""original"":{""部门代码"":""137115"",""部门名称"":""国家统计局山东调查总队"",""用人司局"":""国家统计局山东调查总队"",""机构性质"":""中央国家行政机关参照公务员法管理事业单位"",""招考职位"":""烟台调查队业务科室一级科员"",""职位属性"":""普通职位"",""职位分布"":""其他职位"",""职位简介"":""从事一线入村入户调查、数据处理、公文写作、统计分析研究等工作。"",""职位代码"":""400110115008"",""机构层级"":""市（地）级"",""考试类别"":""市（地）级及以下直属机构综合管理类"",""招考人数"":""3"",""专业"":""统计学、应用统计学、经济学、经济统计学、国民经济管理、信息与计算科学、数学与应用数学"",""学历"":""仅限本科"",""学位"":""学士"",""政治面貌"":""不限"",""基层工作最低年限"":""无限制"",""服务基层项目工作经历"":""无限制"",""是否在面试阶段组织专业能力测试"":""否"",""面试人员比例"":""3:1"",""工作地点"":""山东省烟台市"",""落户地点"":""山东省烟台市"",""备注"":""限2025届高校毕业生；须以最高学历所学主修专业报考；最低服务年限为5年(含试用期)；需经常下乡入户，条件较为艰苦。"",""部门网站"":""无"",""咨询电话1"":""0531-51752015"",""咨询电话2"":""0531-51752016"",""咨询电话3"":""0531-51751952"",""来源Sheet"":""中央国家行政机关参照公务员法管理事业单位""}}"
"government_jobs","国家公务员2025招考简章","公务员/事业单位技术岗位","山东省济宁市","2026-07-28T09:12:58.310295+00:00","济宁调查队业务科室一级科员","国家统计局山东调查总队","","山东省济宁市","公务员/事业单位;2025;data_ai;仅限本科;学士;统计学、应用统计学、经济学、经济统计学、信息与计算科学、数学与应用数学、国民经济管理、数字经济;市（地）级及以下直属机构综合管理类","用人司局：国家统计局山东调查总队
职位简介：从事一线入村入户调查、数据处理、公文写作、统计分析研究等工作。
专业要求：统计学、应用统计学、经济学、经济统计学、信息与计算科学、数学与应用数学、国民经济管理、数字经济
学历要求：仅限本科
学位要求：学士
政治面貌：不限
基层工作经历：无限制
考试类别：市（地）级及以下直属机构综合管理类
备注：限2025届高校毕业生；须以最高学历所学主修专业报考；最低服务年限为5年(含试用期)；需经常下乡入户，条件较为艰苦。","https://www.xjhc.gov.cn/xjhc/c116834/202410/a29382e11a674da3be3353af65f9fcc5.shtml#137115-400110115009","2024-10-14","{""dataset_year"":2025,""job_uid"":""GOV-2025-137115-400110115009"",""publisher"":""国家公务员局"",""publication_page"":""https://www.xjhc.gov.cn/xjhc/c116834/202410/a29382e11a674da3be3353af65f9fcc5.shtml"",""attachment_url"":""https://www.xjhc.gov.cn/xjhc/c116834/202410/a29382e11a674da3be3353af65f9fcc5/files/0536cef86e2b46ddad6aae5a3780089e.xls"",""local_source_file"":""2025_guokao_zhaokaojianzhang.xls"",""local_source_sha256"":""07ae6cab368cd21b7a1ac3e8150fe9a3d39ad5171ce76135ff3cccfe50c3e77e"",""source_sheet"":""中央国家行政机关参照公务员法管理事业单位"",""filter_version"":""government_tech_v2"",""tech_filter"":{""is_tech"":true,""is_core_tech"":true,""scope"":""core"",""categories"":[""data_ai""],""matched_fields"":[""description""],""major_terms"":[],""role_terms"":[""数据处理""],""reason"":""tech_role""},""original"":{""部门代码"":""137115"",""部门名称"":""国家统计局山东调查总队"",""用人司局"":""国家统计局山东调查总队"",""机构性质"":""中央国家行政机关参照公务员法管理事业单位"",""招考职位"":""济宁调查队业务科室一级科员"",""职位属性"":""普通职位"",""职位分布"":""其他职位"",""职位简介"":""从事一线入村入户调查、数据处理、公文写作、统计分析研究等工作。"",""职位代码"":""400110115009"",""机构层级"":""市（地）级"",""考试类别"":""市（地）级及以下直属机构综合管理类"",""招考人数"":""2"",""专业"":""统计学、应用统计学、经济学、经济统计学、信息与计算科学、数学与应用数学、国民经济管理、数字经济"",""学历"":""仅限本科"",""学位"":""学士"",""政治面貌"":""不限"",""基层工作最低年限"":""无限制"",""服务基层项目工作经历"":""无限制"",""是否在面试阶段组织专业能力测试"":""否"",""面试人员比例"":""3:1"",""工作地点"":""山东省济宁市"",""落户地点"":""山东省济宁市"",""备注"":""限2025届高校毕业生；须以最高学历所学主修专业报考；最低服务年限为5年(含试用期)；需经常下乡入户，条件较为艰苦。"",""部门网站"":""无"",""咨询电话1"":""0531-51752015"",""咨询电话2"":""0531-51752016"",""咨询电话3"":""0531-51751952"",""来源Sheet"":""中央国家行政机关参照公务员法管理事业单位""}}"
"government_jobs","国家公务员2025招考简章","公务员/事业单位技术岗位","山东省济南市莱芜区","2026-07-28T09:12:58.310295+00:00","莱芜调查队业务科室一级科员","国家统计局山东调查总队","","山东省济南市莱芜区","公务员/事业单位;2025;data_ai;仅限本科;学士;统计学、应用统计学、数学与应用数学、信息与计算科学、数理基础科学、数据计算及应用;市（地）级及以下直属机构综合管理类","用人司局：国家统计局山东调查总队
职位简介：从事一线入村入户调查、数据处理、公文写作、统计分析研究等工作。
专业要求：统计学、应用统计学、数学与应用数学、信息与计算科学、数理基础科学、数据计算及应用
学历要求：仅限本科
学位要求：学士
政治面貌：中共党员
基层工作经历：无限制
考试类别：市（地）级及以下直属机构综合管理类
备注：限应届高校毕业生；须以最高学历所学主修专业报考；最低服务年限为5年（含试用期）；需经常下乡入户，条件较为艰苦。","https://www.xjhc.gov.cn/xjhc/c116834/202410/a29382e11a674da3be3353af65f9fcc5.shtml#137115-400110115011","2024-10-14","{""dataset_year"":2025,""job_uid"":""GOV-2025-137115-400110115011"",""publisher"":""国家公务员局"",""publication_page"":""https://www.xjhc.gov.cn/xjhc/c116834/202410/a29382e11a674da3be3353af65f9fcc5.shtml"",""attachment_url"":""https://www.xjhc.gov.cn/xjhc/c116834/202410/a29382e11a674da3be3353af65f9fcc5/files/0536cef86e2b46ddad6aae5a3780089e.xls"",""local_source_file"":""2025_guokao_zhaokaojianzhang.xls"",""local_source_sha256"":""07ae6cab368cd21b7a1ac3e8150fe9a3d39ad5171ce76135ff3cccfe50c3e77e"",""source_sheet"":""中央国家行政机关参照公务员法管理事业单位"",""filter_version"":""government_tech_v2"",""tech_filter"":{""is_tech"":true,""is_core_tech"":true,""scope"":""core"",""categories"":[""data_ai""],""matched_fields"":[""description""],""major_terms"":[],""role_terms"":[""数据处理""],""reason"":""tech_role""},""original"":{""部门代码"":""137115"",""部门名称"":""国家统计局山东调查总队"",""用人司局"":""国家统计局山东调查总队"",""机构性质"":""中央国家行政机关参照公务员法管理事业单位"",""招考职位"":""莱芜调查队业务科室一级科员"",""职位属性"":""普通职位"",""职位分布"":""其他职位"",""职位简介"":""从事一线入村入户调查、数据处理、公文写作、统计分析研究等工作。"",""职位代码"":""400110115011"",""机构层级"":""市（地）级"",""考试类别"":""市（地）级及以下直属机构综合管理类"",""招考人数"":""1"",""专业"":""统计学、应用统计学、数学与应用数学、信息与计算科学、数理基础科学、数据计算及应用"",""学历"":""仅限本科"",""学位"":""学士"",""政治面貌"":""中共党员"",""基层工作最低年限"":""无限制"",""服务基层项目工作经历"":""无限制"",""是否在面试阶段组织专业能力测试"":""否"",""面试人员比例"":""3:1"",""工作地点"":""山东省济南市莱芜区"",""落户地点"":""山东省济南市莱芜区"",""备注"":""限应届高校毕业生；须以最高学历所学主修专业报考；最低服务年限为5年（含试用期）；需经常下乡入户，条件较为艰苦。"",""部门网站"":""无"",""咨询电话1"":""0531-51752015"",""咨询电话2"":""0531-51752016"",""咨询电话3"":""0531-51751952"",""来源Sheet"":""中央国家行政机关参照公务员法管理事业单位""}}"
"government_jobs","国家公务员2025招考简章","公务员/事业单位技术岗位","山东省济南市莱芜区","2026-07-28T09:12:58.310295+00:00","莱芜调查队业务科室四级主任科员及以下","国家统计局山东调查总队","","山东省济南市莱芜区","公务员/事业单位;2025;data_ai;geospatial_remote_sensing;本科及以上;与最高学历相对应的学位;测绘工程、遥感科学与技术、大地测量学与测量工程、摄影测量与遥感、地图制图学与地理信息工程、测绘科学与技术、地图学与地理信息系统;市（地）级及以下直属机构综合管理类","用人司局：国家统计局山东调查总队
职位简介：从事一线入村入户调查、无人机使用、卫星数据分析、数据处理、公文写作、统计分析研究等工作。
专业要求：测绘工程、遥感科学与技术、大地测量学与测量工程、摄影测量与遥感、地图制图学与地理信息工程、测绘科学与技术、地图学与地理信息系统
学历要求：本科及以上
学位要求：与最高学历相对应的学位
政治面貌：不限
基层工作经历：无限制
考试类别：市（地）级及以下直属机构综合管理类
备注：须以最高学历所学主修专业报考；最低服务年限为5年（含试用期）；需经常下乡入户，条件较为艰苦。","https://www.xjhc.gov.cn/xjhc/c116834/202410/a29382e11a674da3be3353af65f9fcc5.shtml#137115-400110115012","2024-10-14","{""dataset_year"":2025,""job_uid"":""GOV-2025-137115-400110115012"",""publisher"":""国家公务员局"",""publication_page"":""https://www.xjhc.gov.cn/xjhc/c116834/202410/a29382e11a674da3be3353af65f9fcc5.shtml"",""attachment_url"":""https://www.xjhc.gov.cn/xjhc/c116834/202410/a29382e11a674da3be3353af65f9fcc5/files/0536cef86e2b46ddad6aae5a3780089e.xls"",""local_source_file"":""2025_guokao_zhaokaojianzhang.xls"",""local_source_sha256"":""07ae6cab368cd21b7a1ac3e8150fe9a3d39ad5171ce76135ff3cccfe50c3e77e"",""source_sheet"":""中央国家行政机关参照公务员法管理事业单位"",""filter_version"":""government_tech_v2"",""tech_filter"":{""is_tech"":true,""is_core_tech"":true,""scope"":""core"",""categories"":[""data_ai"",""geospatial_remote_sensing""],""matched_fields"":[""major"",""description""],""major_terms"":[""地图学与地理信息系统"",""地理信息"",""地理信息系统"",""摄影测量与遥感"",""测绘科学与技术"",""遥感科学与技术""],""role_terms"":[""数据分析"",""数据处理""],""reason"":""tech_major_and_role""},""original"":{""部门代码"":""137115"",""部门名称"":""国家统计局山东调查总队"",""用人司局"":""国家统计局山东调查总队"",""机构性质"":""中央国家行政机关参照公务员法管理事业单位"",""招考职位"":""莱芜调查队业务科室四级主任科员及以下"",""职位属性"":""普通职位"",""职位分布"":""其他职位"",""职位简介"":""从事一线入村入户调查、无人机使用、卫星数据分析、数据处理、公文写作、统计分析研究等工作。"",""职位代码"":""400110115012"",""机构层级"":""市（地）级"",""考试类别"":""市（地）级及以下直属机构综合管理类"",""招考人数"":""2"",""专业"":""测绘工程、遥感科学与技术、大地测量学与测量工程、摄影测量与遥感、地图制图学与地理信息工程、测绘科学与技术、地图学与地理信息系统"",""学历"":""本科及以上"",""学位"":""与最高学历相对应的学位"",""政治面貌"":""不限"",""基层工作最低年限"":""无限制"",""服务基层项目工作经历"":""无限制"",""是否在面试阶段组织专业能力测试"":""否"",""面试人员比例"":""3:1"",""工作地点"":""山东省济南市莱芜区"",""落户地点"":""山东省济南市莱芜区"",""备注"":""须以最高学历所学主修专业报考；最低服务年限为5年（含试用期）；需经常下乡入户，条件较为艰苦。"",""部门网站"":""无"",""咨询电话1"":""0531-51752015"",""咨询电话2"":""0531-51752016"",""咨询电话3"":""0531-51751952"",""来源Sheet"":""中央国家行政机关参照公务员法管理事业单位""}}"
"government_jobs","国家公务员2025招考简章","公务员/事业单位技术岗位","山东省德州市","2026-07-28T09:12:58.310295+00:00","德州调查队业务科室一级科员","国家统计局山东调查总队","","山东省德州市","公务员/事业单位;2025;computer_software;data_ai;仅限本科;学士;统计学、应用统计学、计算机科学与技术、数据科学与大数据技术、信息与计算科学、数学与应用数学、数理基础科学、数据计算及应用;市（地）级及以下直属机构综合管理类","用人司局：国家统计局山东调查总队
职位简介：从事一线入村入户调查、数据处理、公文写作、统计分析研究等工作。
专业要求：统计学、应用统计学、计算机科学与技术、数据科学与大数据技术、信息与计算科学、数学与应用数学、数理基础科学、数据计算及应用
学历要求：仅限本科
学位要求：学士
政治面貌：不限
基层工作经历：无限制
考试类别：市（地）级及以下直属机构综合管理类
备注：限应届高校毕业生；须以最高学历所学主修专业报考；最低服务年限为5年(含试用期）；需经常下乡入户，条件较为艰苦。","https://www.xjhc.gov.cn/xjhc/c116834/202410/a29382e11a674da3be3353af65f9fcc5.shtml#137115-400110115013","2024-10-14","{""dataset_year"":2025,""job_uid"":""GOV-2025-137115-400110115013"",""publisher"":""国家公务员局"",""publication_page"":""https://www.xjhc.gov.cn/xjhc/c116834/202410/a29382e11a674da3be3353af65f9fcc5.shtml"",""attachment_url"":""https://www.xjhc.gov.cn/xjhc/c116834/202410/a29382e11a674da3be3353af65f9fcc5/files/0536cef86e2b46ddad6aae5a3780089e.xls"",""local_source_file"":""2025_guokao_zhaokaojianzhang.xls"",""local_source_sha256"":""07ae6cab368cd21b7a1ac3e8150fe9a3d39ad5171ce76135ff3cccfe50c3e77e"",""source_sheet"":""中央国家行政机关参照公务员法管理事业单位"",""filter_version"":""government_tech_v2"",""tech_filter"":{""is_tech"":true,""is_core_tech"":true,""scope"":""core"",""categories"":[""computer_software"",""data_ai""],""matched_fields"":[""major"",""description""],""major_terms"":[""大数据"",""数据科学与大数据技术"",""计算机科学与技术""],""role_terms"":[""数据处理""],""reason"":""tech_major_and_role""},""original"":{""部门代码"":""137115"",""部门名称"":""国家统计局山东调查总队"",""用人司局"":""国家统计局山东调查总队"",""机构性质"":""中央国家行政机关参照公务员法管理事业单位"",""招考职位"":""德州调查队业务科室一级科员"",""职位属性"":""普通职位"",""职位分布"":""其他职位"",""职位简介"":""从事一线入村入户调查、数据处理、公文写作、统计分析研究等工作。"",""职位代码"":""400110115013"",""机构层级"":""市（地）级"",""考试类别"":""市（地）级及以下直属机构综合管理类"",""招考人数"":""2"",""专业"":""统计学、应用统计学、计算机科学与技术、数据科学与大数据技术、信息与计算科学、数学与应用数学、数理基础科学、数据计算及应用"",""学历"":""仅限本科"",""学位"":""学士"",""政治面貌"":""不限"",""基层工作最低年限"":""无限制"",""服务基层项目工作经历"":""无限制"",""是否在面试阶段组织专业能力测试"":""否"",""面试人员比例"":""3:1"",""工作地点"":""山东省德州市"",""落户地点"":""山东省德州市"",""备注"":""限应届高校毕业生；须以最高学历所学主修专业报考；最低服务年限为5年(含试用期）；需经常下乡入户，条件较为艰苦。"",""部门网站"":""无"",""咨询电话1"":""0531-51752015"",""咨询电话2"":""0531-51752016"",""咨询电话3"":""0531-51751952"",""来源Sheet"":""中央国家行政机关参照公务员法管理事业单位""}}"
"government_jobs","国家公务员2025招考简章","公务员/事业单位技术岗位","山东省菏泽市","2026-07-28T09:12:58.310295+00:00","菏泽调查队业务科室一级科员","国家统计局山东调查总队","","山东省菏泽市","公务员/事业单位;2025;data_ai;仅限本科;学士;统计学、应用统计学、会计学、财务管理、信息与计算科学、数学与应用数学、经济学、经济统计学;市（地）级及以下直属机构综合管理类","用人司局：国家统计局山东调查总队
职位简介：从事一线入村入户调查、数据处理、公文写作、统计分析研究等工作。
专业要求：统计学、应用统计学、会计学、财务管理、信息与计算科学、数学与应用数学、经济学、经济统计学
学历要求：仅限本科
学位要求：学士
政治面貌：中共党员
基层工作经历：无限制
考试类别：市（地）级及以下直属机构综合管理类
备注：须以最高学历所学主修专业报考；最低服务年限为5年(含试用期）；需经常下乡入户，条件较为艰苦。","https://www.xjhc.gov.cn/xjhc/c116834/202410/a29382e11a674da3be3353af65f9fcc5.shtml#137115-400110115015","2024-10-14","{""dataset_year"":2025,""job_uid"":""GOV-2025-137115-400110115015"",""publisher"":""国家公务员局"",""publication_page"":""https://www.xjhc.gov.cn/xjhc/c116834/202410/a29382e11a674da3be3353af65f9fcc5.shtml"",""attachment_url"":""https://www.xjhc.gov.cn/xjhc/c116834/202410/a29382e11a674da3be3353af65f9fcc5/files/0536cef86e2b46ddad6aae5a3780089e.xls"",""local_source_file"":""2025_guokao_zhaokaojianzhang.xls"",""local_source_sha256"":""07ae6cab368cd21b7a1ac3e8150fe9a3d39ad5171ce76135ff3cccfe50c3e77e"",""source_sheet"":""中央国家行政机关参照公务员法管理事业单位"",""filter_version"":""government_tech_v2"",""tech_filter"":{""is_tech"":true,""is_core_tech"":true,""scope"":""core"",""categories"":[""data_ai""],""matched_fields"":[""description""],""major_terms"":[],""role_terms"":[""数据处理""],""reason"":""tech_role""},""original"":{""部门代码"":""137115"",""部门名称"":""国家统计局山东调查总队"",""用人司局"":""国家统计局山东调查总队"",""机构性质"":""中央国家行政机关参照公务员法管理事业单位"",""招考职位"":""菏泽调查队业务科室一级科员"",""职位属性"":""普通职位"",""职位分布"":""其他职位"",""职位简介"":""从事一线入村入户调查、数据处理、公文写作、统计分析研究等工作。"",""职位代码"":""400110115015"",""机构层级"":""市（地）级"",""考试类别"":""市（地）级及以下直属机构综合管理类"",""招考人数"":""1"",""专业"":""统计学、应用统计学、会计学、财务管理、信息与计算科学、数学与应用数学、经济学、经济统计学"",""学历"":""仅限本科"",""学位"":""学士"",""政治面貌"":""中共党员"",""基层工作最低年限"":""无限制"",""服务基层项目工作经历"":""无限制"",""是否在面试阶段组织专业能力测试"":""否"",""面试人员比例"":""3:1"",""工作地点"":""山东省菏泽市"",""落户地点"":""山东省菏泽市"",""备注"":""须以最高学历所学主修专业报考；最低服务年限为5年(含试用期）；需经常下乡入户，条件较为艰苦。"",""部门网站"":""无"",""咨询电话1"":""0531-51752015"",""咨询电话2"":""0531-51752016"",""咨询电话3"":""0531-51751952"",""来源Sheet"":""中央国家行政机关参照公务员法管理事业单位""}}"
"government_jobs","国家公务员2025招考简章","公务员/事业单位技术岗位","山东省济南市商河县","2026-07-28T09:12:58.310295+00:00","商河调查队一级科员（2）","国家统计局山东调查总队","","山东省济南市商河县","公务员/事业单位;2025;data_ai;仅限本科;学士;统计学、应用统计学、信息与计算科学、数学与应用数学;市（地）级及以下直属机构综合管理类","用人司局：国家统计局山东调查总队
职位简介：从事一线入村入户调查、数据处理、公文写作、统计分析研究等工作。
专业要求：统计学、应用统计学、信息与计算科学、数学与应用数学
学历要求：仅限本科
学位要求：学士
政治面貌：中共党员
基层工作经历：二年
考试类别：市（地）级及以下直属机构综合管理类
备注：服务期满、考核合格；须以最高学历所学主修专业报考；最低服务年限为5年(含试用期）；需经常下乡入户、条件较为艰苦。","https://www.xjhc.gov.cn/xjhc/c116834/202410/a29382e11a674da3be3353af65f9fcc5.shtml#137115-400110115017","2024-10-14","{""dataset_year"":2025,""job_uid"":""GOV-2025-137115-400110115017"",""publisher"":""国家公务员局"",""publication_page"":""https://www.xjhc.gov.cn/xjhc/c116834/202410/a29382e11a674da3be3353af65f9fcc5.shtml"",""attachment_url"":""https://www.xjhc.gov.cn/xjhc/c116834/202410/a29382e11a674da3be3353af65f9fcc5/files/0536cef86e2b46ddad6aae5a3780089e.xls"",""local_source_file"":""2025_guokao_zhaokaojianzhang.xls"",""local_source_sha256"":""07ae6cab368cd21b7a1ac3e8150fe9a3d39ad5171ce76135ff3cccfe50c3e77e"",""source_sheet"":""中央国家行政机关参照公务员法管理事业单位"",""filter_version"":""government_tech_v2"",""tech_filter"":{""is_tech"":true,""is_core_tech"":true,""scope"":""core"",""categories"":[""data_ai""],""matched_fields"":[""description""],""major_terms"":[],""role_terms"":[""数据处理""],""reason"":""tech_role""},""original"":{""部门代码"":""137115"",""部门名称"":""国家统计局山东调查总队"",""用人司局"":""国家统计局山东调查总队"",""机构性质"":""中央国家行政机关参照公务员法管理事业单位"",""招考职位"":""商河调查队一级科员（2）"",""职位属性"":""普通职位"",""职位分布"":""其他职位"",""职位简介"":""从事一线入村入户调查、数据处理、公文写作、统计分析研究等工作。"",""职位代码"":""400110115017"",""机构层级"":""县（区）级及以下"",""考试类别"":""市（地）级及以下直属机构综合管理类"",""招考人数"":""1"",""专业"":""统计学、应用统计学、信息与计算科学、数学与应用数学"",""学历"":""仅限本科"",""学位"":""学士"",""政治面貌"":""中共党员"",""基层工作最低年限"":""二年"",""服务基层项目工作经历"":""大学生村官"",""是否在面试阶段组织专业能力测试"":""否"",""面试人员比例"":""3:1"",""工作地点"":""山东省济南市商河县"",""落户地点"":""山东省济南市商河县"",""备注"":""服务期满、考核合格；须以最高学历所学主修专业报考；最低服务年限为5年(含试用期）；需经常下乡入户、条件较为艰苦。"",""部门网站"":""无"",""咨询电话1"":""0531-51752015"",""咨询电话2"":""0531-51752016"",""咨询电话3"":""0531-51751952"",""来源Sheet"":""中央国家行政机关参照公务员法管理事业单位""}}"
"government_jobs","国家公务员2025招考简章","公务员/事业单位技术岗位","山东省淄博市淄川区","2026-07-28T09:12:58.310295+00:00","淄川调查队一级科员（1）","国家统计局山东调查总队","","山东省淄博市淄川区","公务员/事业单位;2025;computer_software;data_ai;仅限本科;学士;数学与应用数学、信息与计算科学、数理基础科学、数据计算及应用、统计学、应用统计学、数据科学、新闻学;市（地）级及以下直属机构综合管理类","用人司局：国家统计局山东调查总队
职位简介：从事一线入村入户调查、数据处理、公文写作、统计分析研究等工作。
专业要求：数学与应用数学、信息与计算科学、数理基础科学、数据计算及应用、统计学、应用统计学、数据科学、新闻学
学历要求：仅限本科
学位要求：学士
政治面貌：不限
基层工作经历：无限制
考试类别：市（地）级及以下直属机构综合管理类
备注：限应届高校毕业生；须以最高学历所学主修专业报考；最低服务年限为5年（含试用期）；需经常下乡入户、条件较为艰苦。","https://www.xjhc.gov.cn/xjhc/c116834/202410/a29382e11a674da3be3353af65f9fcc5.shtml#137115-400110115019","2024-10-14","{""dataset_year"":2025,""job_uid"":""GOV-2025-137115-400110115019"",""publisher"":""国家公务员局"",""publication_page"":""https://www.xjhc.gov.cn/xjhc/c116834/202410/a29382e11a674da3be3353af65f9fcc5.shtml"",""attachment_url"":""https://www.xjhc.gov.cn/xjhc/c116834/202410/a29382e11a674da3be3353af65f9fcc5/files/0536cef86e2b46ddad6aae5a3780089e.xls"",""local_source_file"":""2025_guokao_zhaokaojianzhang.xls"",""local_source_sha256"":""07ae6cab368cd21b7a1ac3e8150fe9a3d39ad5171ce76135ff3cccfe50c3e77e"",""source_sheet"":""中央国家行政机关参照公务员法管理事业单位"",""filter_version"":""government_tech_v2"",""tech_filter"":{""is_tech"":true,""is_core_tech"":true,""scope"":""core"",""categories"":[""computer_software"",""data_ai""],""matched_fields"":[""major"",""description""],""major_terms"":[""数据科学""],""role_terms"":[""数据处理""],""reason"":""tech_major_and_role""},""original"":{""部门代码"":""137115"",""部门名称"":""国家统计局山东调查总队"",""用人司局"":""国家统计局山东调查总队"",""机构性质"":""中央国家行政机关参照公务员法管理事业单位"",""招考职位"":""淄川调查队一级科员（1）"",""职位属性"":""普通职位"",""职位分布"":""其他职位"",""职位简介"":""从事一线入村入户调查、数据处理、公文写作、统计分析研究等工作。"",""职位代码"":""400110115019"",""机构层级"":""县（区）级及以下"",""考试类别"":""市（地）级及以下直属机构综合管理类"",""招考人数"":""2"",""专业"":""数学与应用数学、信息与计算科学、数理基础科学、数据计算及应用、统计学、应用统计学、数据科学、新闻学"",""学历"":""仅限本科"",""学位"":""学士"",""政治面貌"":""不限"",""基层工作最低年限"":""无限制"",""服务基层项目工作经历"":""无限制"",""是否在面试阶段组织专业能力测试"":""否"",""面试人员比例"":""3:1"",""工作地点"":""山东省淄博市淄川区"",""落户地点"":""山东省淄博市淄川区"",""备注"":""限应届高校毕业生；须以最高学历所学主修专业报考；最低服务年限为5年（含试用期）；需经常下乡入户、条件较为艰苦。"",""部门网站"":""无"",""咨询电话1"":""0531-51752015"",""咨询电话2"":""0531-51752016"",""咨询电话3"":""0531-51751952"",""来源Sheet"":""中央国家行政机关参照公务员法管理事业单位""}}"
"government_jobs","国家公务员2025招考简章","公务员/事业单位技术岗位","山东省枣庄市峄城区","2026-07-28T09:12:58.310295+00:00","峄城调查队一级科员","国家统计局山东调查总队","","山东省枣庄市峄城区","公务员/事业单位;2025;data_ai;仅限本科;学士;统计学、应用统计学、经济学、经济统计学、国民经济管理、数字经济、信息与计算科学、数学与应用数学、数理基础科学、数据计算及应用、会计学、财务管理;市（地）级及以下直属机构综合管理类","用人司局：国家统计局山东调查总队
职位简介：从事一线入村入户调查、数据处理、公文写作、统计分析研究等工作。
专业要求：统计学、应用统计学、经济学、经济统计学、国民经济管理、数字经济、信息与计算科学、数学与应用数学、数理基础科学、数据计算及应用、会计学、财务管理
学历要求：仅限本科
学位要求：学士
政治面貌：不限
基层工作经历：无限制
考试类别：市（地）级及以下直属机构综合管理类
备注：限2025届高校毕业生；须以最高学历所学主修专业报考；最低服务年限为5年（含试用期）；需经常下乡入户、条件较为艰苦。","https://www.xjhc.gov.cn/xjhc/c116834/202410/a29382e11a674da3be3353af65f9fcc5.shtml#137115-400110115022","2024-10-14","{""dataset_year"":2025,""job_uid"":""GOV-2025-137115-400110115022"",""publisher"":""国家公务员局"",""publication_page"":""https://www.xjhc.gov.cn/xjhc/c116834/202410/a29382e11a674da3be3353af65f9fcc5.shtml"",""attachment_url"":""https://www.xjhc.gov.cn/xjhc/c116834/202410/a29382e11a674da3be3353af65f9fcc5/files/0536cef86e2b46ddad6aae5a3780089e.xls"",""local_source_file"":""2025_guokao_zhaokaojianzhang.xls"",""local_source_sha256"":""07ae6cab368cd21b7a1ac3e8150fe9a3d39ad5171ce76135ff3cccfe50c3e77e"",""source_sheet"":""中央国家行政机关参照公务员法管理事业单位"",""filter_version"":""government_tech_v2"",""tech_filter"":{""is_tech"":true,""is_core_tech"":true,""scope"":""core"",""categories"":[""data_ai""],""matched_fields"":[""description""],""major_terms"":[],""role_terms"":[""数据处理""],""reason"":""tech_role""},""original"":{""部门代码"":""137115"",""部门名称"":""国家统计局山东调查总队"",""用人司局"":""国家统计局山东调查总队"",""机构性质"":""中央国家行政机关参照公务员法管理事业单位"",""招考职位"":""峄城调查队一级科员"",""职位属性"":""普通职位"",""职位分布"":""其他职位"",""职位简介"":""从事一线入村入户调查、数据处理、公文写作、统计分析研究等工作。"",""职位代码"":""400110115022"",""机构层级"":""县（区）级及以下"",""考试类别"":""市（地）级及以下直属机构综合管理类"",""招考人数"":""1"",""专业"":""统计学、应用统计学、经济学、经济统计学、国民经济管理、数字经济、信息与计算科学、数学与应用数学、数理基础科学、数据计算及应用、会计学、财务管理"",""学历"":""仅限本科"",""学位"":""学士"",""政治面貌"":""不限"",""基层工作最低年限"":""无限制"",""服务基层项目工作经历"":""无限制"",""是否在面试阶段组织专业能力测试"":""否"",""面试人员比例"":""3:1"",""工作地点"":""山东省枣庄市峄城区"",""落户地点"":""山东省枣庄市峄城区"",""备注"":""限2025届高校毕业生；须以最高学历所学主修专业报考；最低服务年限为5年（含试用期）；需经常下乡入户、条件较为艰苦。"",""部门网站"":""无"",""咨询电话1"":""0531-51752015"",""咨询电话2"":""0531-51752016"",""咨询电话3"":""0531-51751952"",""来源Sheet"":""中央国家行政机关参照公务员法管理事业单位""}}"
"government_jobs","国家公务员2025招考简章","公务员/事业单位技术岗位","山东省烟台市莱州市","2026-07-28T09:12:58.310295+00:00","莱州调查队一级科员（2）","国家统计局山东调查总队","","山东省烟台市莱州市","公务员/事业单位;2025;data_ai;仅限本科;学士;统计学、应用统计学、信息与计算科学、数学与应用数学;市（地）级及以下直属机构综合管理类","用人司局：国家统计局山东调查总队
职位简介：从事一线入村入户调查、数据处理、公文写作、统计分析研究等工作。
专业要求：统计学、应用统计学、信息与计算科学、数学与应用数学
学历要求：仅限本科
学位要求：学士
政治面貌：中共党员
基层工作经历：二年
考试类别：市（地）级及以下直属机构综合管理类
备注：服务期满、考核合格；须以最高学历所学主修专业报考；最低服务年限为5年(含试用期）；需经常下乡入户、条件较为艰苦。","https://www.xjhc.gov.cn/xjhc/c116834/202410/a29382e11a674da3be3353af65f9fcc5.shtml#137115-400110115025","2024-10-14","{""dataset_year"":2025,""job_uid"":""GOV-2025-137115-400110115025"",""publisher"":""国家公务员局"",""publication_page"":""https://www.xjhc.gov.cn/xjhc/c116834/202410/a29382e11a674da3be3353af65f9fcc5.shtml"",""attachment_url"":""https://www.xjhc.gov.cn/xjhc/c116834/202410/a29382e11a674da3be3353af65f9fcc5/files/0536cef86e2b46ddad6aae5a3780089e.xls"",""local_source_file"":""2025_guokao_zhaokaojianzhang.xls"",""local_source_sha256"":""07ae6cab368cd21b7a1ac3e8150fe9a3d39ad5171ce76135ff3cccfe50c3e77e"",""source_sheet"":""中央国家行政机关参照公务员法管理事业单位"",""filter_version"":""government_tech_v2"",""tech_filter"":{""is_tech"":true,""is_core_tech"":true,""scope"":""core"",""categories"":[""data_ai""],""matched_fields"":[""description""],""major_terms"":[],""role_terms"":[""数据处理""],""reason"":""tech_role""},""original"":{""部门代码"":""137115"",""部门名称"":""国家统计局山东调查总队"",""用人司局"":""国家统计局山东调查总队"",""机构性质"":""中央国家行政机关参照公务员法管理事业单位"",""招考职位"":""莱州调查队一级科员（2）"",""职位属性"":""普通职位"",""职位分布"":""其他职位"",""职位简介"":""从事一线入村入户调查、数据处理、公文写作、统计分析研究等工作。"",""职位代码"":""400110115025"",""机构层级"":""县（区）级及以下"",""考试类别"":""市（地）级及以下直属机构综合管理类"",""招考人数"":""1"",""专业"":""统计学、应用统计学、信息与计算科学、数学与应用数学"",""学历"":""仅限本科"",""学位"":""学士"",""政治面貌"":""中共党员"",""基层工作最低年限"":""二年"",""服务基层项目工作经历"":""大学生村官"",""是否在面试阶段组织专业能力测试"":""否"",""面试人员比例"":""3:1"",""工作地点"":""山东省烟台市莱州市"",""落户地点"":""山东省烟台市莱州市"",""备注"":""服务期满、考核合格；须以最高学历所学主修专业报考；最低服务年限为5年(含试用期）；需经常下乡入户、条件较为艰苦。"",""部门网站"":""无"",""咨询电话1"":""0531-51752015"",""咨询电话2"":""0531-51752016"",""咨询电话3"":""0531-51751952"",""来源Sheet"":""中央国家行政机关参照公务员法管理事业单位""}}"
"government_jobs","国家公务员2025招考简章","公务员/事业单位技术岗位","山东省潍坊市诸城市","2026-07-28T09:12:58.310295+00:00","诸城调查队一级科员","国家统计局山东调查总队","","山东省潍坊市诸城市","公务员/事业单位;2025;computer_software;cybersecurity_cryptography;data_ai;仅限本科;学士;统计学、应用统计学、计算机科学与技术、信息安全、信息与计算科学、数学与应用数学、金融学;市（地）级及以下直属机构综合管理类","用人司局：国家统计局山东调查总队
职位简介：从事一线入村入户调查、数据处理、公文写作、统计分析研究等工作。
专业要求：统计学、应用统计学、计算机科学与技术、信息安全、信息与计算科学、数学与应用数学、金融学
学历要求：仅限本科
学位要求：学士
政治面貌：不限
基层工作经历：无限制
考试类别：市（地）级及以下直属机构综合管理类
备注：限应届高校毕业生；须以最高学历所学主修专业报考；最低服务年限为5年（含试用期）；需经常下乡入户、条件较为艰苦。","https://www.xjhc.gov.cn/xjhc/c116834/202410/a29382e11a674da3be3353af65f9fcc5.shtml#137115-400110115027","2024-10-14","{""dataset_year"":2025,""job_uid"":""GOV-2025-137115-400110115027"",""publisher"":""国家公务员局"",""publication_page"":""https://www.xjhc.gov.cn/xjhc/c116834/202410/a29382e11a674da3be3353af65f9fcc5.shtml"",""attachment_url"":""https://www.xjhc.gov.cn/xjhc/c116834/202410/a29382e11a674da3be3353af65f9fcc5/files/0536cef86e2b46ddad6aae5a3780089e.xls"",""local_source_file"":""2025_guokao_zhaokaojianzhang.xls"",""local_source_sha256"":""07ae6cab368cd21b7a1ac3e8150fe9a3d39ad5171ce76135ff3cccfe50c3e77e"",""source_sheet"":""中央国家行政机关参照公务员法管理事业单位"",""filter_version"":""government_tech_v2"",""tech_filter"":{""is_tech"":true,""is_core_tech"":true,""scope"":""core"",""categories"":[""computer_software"",""cybersecurity_cryptography"",""data_ai""],""matched_fields"":[""major"",""description""],""major_terms"":[""信息安全"",""计算机科学与技术""],""role_terms"":[""数据处理""],""reason"":""tech_major_and_role""},""original"":{""部门代码"":""137115"",""部门名称"":""国家统计局山东调查总队"",""用人司局"":""国家统计局山东调查总队"",""机构性质"":""中央国家行政机关参照公务员法管理事业单位"",""招考职位"":""诸城调查队一级科员"",""职位属性"":""普通职位"",""职位分布"":""其他职位"",""职位简介"":""从事一线入村入户调查、数据处理、公文写作、统计分析研究等工作。"",""职位代码"":""400110115027"",""机构层级"":""县（区）级及以下"",""考试类别"":""市（地）级及以下直属机构综合管理类"",""招考人数"":""2"",""专业"":""统计学、应用统计学、计算机科学与技术、信息安全、信息与计算科学、数学与应用数学、金融学"",""学历"":""仅限本科"",""学位"":""学士"",""政治面貌"":""不限"",""基层工作最低年限"":""无限制"",""服务基层项目工作经历"":""无限制"",""是否在面试阶段组织专业能力测试"":""否"",""面试人员比例"":""3:1"",""工作地点"":""山东省潍坊市诸城市"",""落户地点"":""山东省潍坊市诸城市"",""备注"":""限应届高校毕业生；须以最高学历所学主修专业报考；最低服务年限为5年（含试用期）；需经常下乡入户、条件较为艰苦。"",""部门网站"":""无"",""咨询电话1"":""0531-51752015"",""咨询电话2"":""0531-51752016"",""咨询电话3"":""0531-51751952"",""来源Sheet"":""中央国家行政机关参照公务员法管理事业单位""}}"
"government_jobs","国家公务员2025招考简章","公务员/事业单位技术岗位","山东省济宁市嘉祥县","2026-07-28T09:12:58.310295+00:00","嘉祥调查队一级科员","国家统计局山东调查总队","","山东省济宁市嘉祥县","公务员/事业单位;2025;data_ai;仅限本科;学士;统计学、应用统计学、信息与计算科学、数学与应用数学;市（地）级及以下直属机构综合管理类","用人司局：国家统计局山东调查总队
职位简介：从事一线入村入户调查、数据处理、公文写作、统计分析研究等工作。
专业要求：统计学、应用统计学、信息与计算科学、数学与应用数学
学历要求：仅限本科
学位要求：学士
政治面貌：中共党员
基层工作经历：二年
考试类别：市（地）级及以下直属机构综合管理类
备注：服务期满、考核合格；须以最高学历所学主修专业报考；最低服务年限为5年(含试用期）；需经常下乡入户、条件较为艰苦。","https://www.xjhc.gov.cn/xjhc/c116834/202410/a29382e11a674da3be3353af65f9fcc5.shtml#137115-400110115028","2024-10-14","{""dataset_year"":2025,""job_uid"":""GOV-2025-137115-400110115028"",""publisher"":""国家公务员局"",""publication_page"":""https://www.xjhc.gov.cn/xjhc/c116834/202410/a29382e11a674da3be3353af65f9fcc5.shtml"",""attachment_url"":""https://www.xjhc.gov.cn/xjhc/c116834/202410/a29382e11a674da3be3353af65f9fcc5/files/0536cef86e2b46ddad6aae5a3780089e.xls"",""local_source_file"":""2025_guokao_zhaokaojianzhang.xls"",""local_source_sha256"":""07ae6cab368cd21b7a1ac3e8150fe9a3d39ad5171ce76135ff3cccfe50c3e77e"",""source_sheet"":""中央国家行政机关参照公务员法管理事业单位"",""filter_version"":""government_tech_v2"",""tech_filter"":{""is_tech"":true,""is_core_tech"":true,""scope"":""core"",""categories"":[""data_ai""],""matched_fields"":[""description""],""major_terms"":[],""role_terms"":[""数据处理""],""reason"":""tech_role""},""original"":{""部门代码"":""137115"",""部门名称"":""国家统计局山东调查总队"",""用人司局"":""国家统计局山东调查总队"",""机构性质"":""中央国家行政机关参照公务员法管理事业单位"",""招考职位"":""嘉祥调查队一级科员"",""职位属性"":""普通职位"",""职位分布"":""其他职位"",""职位简介"":""从事一线入村入户调查、数据处理、公文写作、统计分析研究等工作。"",""职位代码"":""400110115028"",""机构层级"":""县（区）级及以下"",""考试类别"":""市（地）级及以下直属机构综合管理类"",""招考人数"":""1"",""专业"":""统计学、应用统计学、信息与计算科学、数学与应用数学"",""学历"":""仅限本科"",""学位"":""学士"",""政治面貌"":""中共党员"",""基层工作最低年限"":""二年"",""服务基层项目工作经历"":""大学生村官"",""是否在面试阶段组织专业能力测试"":""否"",""面试人员比例"":""3:1"",""工作地点"":""山东省济宁市嘉祥县"",""落户地点"":""山东省济宁市嘉祥县"",""备注"":""服务期满、考核合格；须以最高学历所学主修专业报考；最低服务年限为5年(含试用期）；需经常下乡入户、条件较为艰苦。"",""部门网站"":""无"",""咨询电话1"":""0531-51752015"",""咨询电话2"":""0531-51752016"",""咨询电话3"":""0531-51751952"",""来源Sheet"":""中央国家行政机关参照公务员法管理事业单位""}}"
"government_jobs","国家公务员2025招考简章","公务员/事业单位技术岗位","山东省济宁市曲阜市","2026-07-28T09:12:58.310295+00:00","曲阜调查队一级科员","国家统计局山东调查总队","","山东省济宁市曲阜市","公务员/事业单位;2025;data_ai;仅限本科;学士;经济学、经济统计学、统计学、应用统计学、信息与计算科学、数学与应用数学、农学;市（地）级及以下直属机构综合管理类","用人司局：国家统计局山东调查总队
职位简介：从事一线入村入户调查、数据处理、公文写作、统计分析研究等工作。
专业要求：经济学、经济统计学、统计学、应用统计学、信息与计算科学、数学与应用数学、农学
学历要求：仅限本科
学位要求：学士
政治面貌：不限
基层工作经历：无限制
考试类别：市（地）级及以下直属机构综合管理类
备注：须以最高学历所学主修专业报考；最低服务年限为5年(含试用期)；需经常下乡入户、条件较为艰苦。","https://www.xjhc.gov.cn/xjhc/c116834/202410/a29382e11a674da3be3353af65f9fcc5.shtml#137115-400110115029","2024-10-14","{""dataset_year"":2025,""job_uid"":""GOV-2025-137115-400110115029"",""publisher"":""国家公务员局"",""publication_page"":""https://www.xjhc.gov.cn/xjhc/c116834/202410/a29382e11a674da3be3353af65f9fcc5.shtml"",""attachment_url"":""https://www.xjhc.gov.cn/xjhc/c116834/202410/a29382e11a674da3be3353af65f9fcc5/files/0536cef86e2b46ddad6aae5a3780089e.xls"",""local_source_file"":""2025_guokao_zhaokaojianzhang.xls"",""local_source_sha256"":""07ae6cab368cd21b7a1ac3e8150fe9a3d39ad5171ce76135ff3cccfe50c3e77e"",""source_sheet"":""中央国家行政机关参照公务员法管理事业单位"",""filter_version"":""government_tech_v2"",""tech_filter"":{""is_tech"":true,""is_core_tech"":true,""scope"":""core"",""categories"":[""data_ai""],""matched_fields"":[""description""],""major_terms"":[],""role_terms"":[""数据处理""],""reason"":""tech_role""},""original"":{""部门代码"":""137115"",""部门名称"":""国家统计局山东调查总队"",""用人司局"":""国家统计局山东调查总队"",""机构性质"":""中央国家行政机关参照公务员法管理事业单位"",""招考职位"":""曲阜调查队一级科员"",""职位属性"":""普通职位"",""职位分布"":""其他职位"",""职位简介"":""从事一线入村入户调查、数据处理、公文写作、统计分析研究等工作。"",""职位代码"":""400110115029"",""机构层级"":""县（区）级及以下"",""考试类别"":""市（地）级及以下直属机构综合管理类"",""招考人数"":""1"",""专业"":""经济学、经济统计学、统计学、应用统计学、信息与计算科学、数学与应用数学、农学"",""学历"":""仅限本科"",""学位"":""学士"",""政治面貌"":""不限"",""基层工作最低年限"":""无限制"",""服务基层项目工作经历"":""无限制"",""是否在面试阶段组织专业能力测试"":""否"",""面试人员比例"":""3:1"",""工作地点"":""山东省济宁市曲阜市"",""落户地点"":""山东省济宁市曲阜市"",""备注"":""须以最高学历所学主修专业报考；最低服务年限为5年(含试用期)；需经常下乡入户、条件较为艰苦。"",""部门网站"":""无"",""咨询电话1"":""0531-51752015"",""咨询电话2"":""0531-51752016"",""咨询电话3"":""0531-51751952"",""来源Sheet"":""中央国家行政机关参照公务员法管理事业单位""}}"
"government_jobs","国家公务员2025招考简章","公务员/事业单位技术岗位","山东省德州市齐河县","2026-07-28T09:12:58.310295+00:00","齐河调查队一级科员","国家统计局山东调查总队","","山东省德州市齐河县","公务员/事业单位;2025;data_ai;仅限本科;学士;统计学、应用统计学、信息与计算科学、数学与应用数学;市（地）级及以下直属机构综合管理类","用人司局：国家统计局山东调查总队
职位简介：从事一线入村入户调查、数据处理、公文写作、统计分析研究等工作。
专业要求：统计学、应用统计学、信息与计算科学、数学与应用数学
学历要求：仅限本科
学位要求：学士
政治面貌：中共党员
基层工作经历：二年
考试类别：市（地）级及以下直属机构综合管理类
备注：服务期满、考核合格；须以最高学历所学主修专业报考；最低服务年限为5年(含试用期）；需经常下乡入户、条件较为艰苦。","https://www.xjhc.gov.cn/xjhc/c116834/202410/a29382e11a674da3be3353af65f9fcc5.shtml#137115-400110115032","2024-10-14","{""dataset_year"":2025,""job_uid"":""GOV-2025-137115-400110115032"",""publisher"":""国家公务员局"",""publication_page"":""https://www.xjhc.gov.cn/xjhc/c116834/202410/a29382e11a674da3be3353af65f9fcc5.shtml"",""attachment_url"":""https://www.xjhc.gov.cn/xjhc/c116834/202410/a29382e11a674da3be3353af65f9fcc5/files/0536cef86e2b46ddad6aae5a3780089e.xls"",""local_source_file"":""2025_guokao_zhaokaojianzhang.xls"",""local_source_sha256"":""07ae6cab368cd21b7a1ac3e8150fe9a3d39ad5171ce76135ff3cccfe50c3e77e"",""source_sheet"":""中央国家行政机关参照公务员法管理事业单位"",""filter_version"":""government_tech_v2"",""tech_filter"":{""is_tech"":true,""is_core_tech"":true,""scope"":""core"",""categories"":[""data_ai""],""matched_fields"":[""description""],""major_terms"":[],""role_terms"":[""数据处理""],""reason"":""tech_role""},""original"":{""部门代码"":""137115"",""部门名称"":""国家统计局山东调查总队"",""用人司局"":""国家统计局山东调查总队"",""机构性质"":""中央国家行政机关参照公务员法管理事业单位"",""招考职位"":""齐河调查队一级科员"",""职位属性"":""普通职位"",""职位分布"":""其他职位"",""职位简介"":""从事一线入村入户调查、数据处理、公文写作、统计分析研究等工作。"",""职位代码"":""400110115032"",""机构层级"":""县（区）级及以下"",""考试类别"":""市（地）级及以下直属机构综合管理类"",""招考人数"":""1"",""专业"":""统计学、应用统计学、信息与计算科学、数学与应用数学"",""学历"":""仅限本科"",""学位"":""学士"",""政治面貌"":""中共党员"",""基层工作最低年限"":""二年"",""服务基层项目工作经历"":""大学生村官"",""是否在面试阶段组织专业能力测试"":""否"",""面试人员比例"":""3:1"",""工作地点"":""山东省德州市齐河县"",""落户地点"":""山东省德州市齐河县"",""备注"":""服务期满、考核合格；须以最高学历所学主修专业报考；最低服务年限为5年(含试用期）；需经常下乡入户、条件较为艰苦。"",""部门网站"":""无"",""咨询电话1"":""0531-51752015"",""咨询电话2"":""0531-51752016"",""咨询电话3"":""0531-51751952"",""来源Sheet"":""中央国家行政机关参照公务员法管理事业单位""}}"
"government_jobs","国家公务员2025招考简章","公务员/事业单位技术岗位","山东省聊城市东昌府区","2026-07-28T09:12:58.310295+00:00","东昌府调查队一级科员","国家统计局山东调查总队","","山东省聊城市东昌府区","公务员/事业单位;2025;data_ai;仅限本科;学士;统计学、应用统计学、信息与计算科学、数学与应用数学;市（地）级及以下直属机构综合管理类","用人司局：国家统计局山东调查总队
职位简介：从事一线入村入户调查、数据处理、公文写作、统计分析研究等工作。
专业要求：统计学、应用统计学、信息与计算科学、数学与应用数学
学历要求：仅限本科
学位要求：学士
政治面貌：中共党员
基层工作经历：二年
考试类别：市（地）级及以下直属机构综合管理类
备注：服务期满、考核合格；须以最高学历所学主修专业报考；最低服务年限为5年(含试用期）；需经常下乡入户、条件较为艰苦。","https://www.xjhc.gov.cn/xjhc/c116834/202410/a29382e11a674da3be3353af65f9fcc5.shtml#137115-400110115033","2024-10-14","{""dataset_year"":2025,""job_uid"":""GOV-2025-137115-400110115033"",""publisher"":""国家公务员局"",""publication_page"":""https://www.xjhc.gov.cn/xjhc/c116834/202410/a29382e11a674da3be3353af65f9fcc5.shtml"",""attachment_url"":""https://www.xjhc.gov.cn/xjhc/c116834/202410/a29382e11a674da3be3353af65f9fcc5/files/0536cef86e2b46ddad6aae5a3780089e.xls"",""local_source_file"":""2025_guokao_zhaokaojianzhang.xls"",""local_source_sha256"":""07ae6cab368cd21b7a1ac3e8150fe9a3d39ad5171ce76135ff3cccfe50c3e77e"",""source_sheet"":""中央国家行政机关参照公务员法管理事业单位"",""filter_version"":""government_tech_v2"",""tech_filter"":{""is_tech"":true,""is_core_tech"":true,""scope"":""core"",""categories"":[""data_ai""],""matched_fields"":[""description""],""major_terms"":[],""role_terms"":[""数据处理""],""reason"":""tech_role""},""original"":{""部门代码"":""137115"",""部门名称"":""国家统计局山东调查总队"",""用人司局"":""国家统计局山东调查总队"",""机构性质"":""中央国家行政机关参照公务员法管理事业单位"",""招考职位"":""东昌府调查队一级科员"",""职位属性"":""普通职位"",""职位分布"":""其他职位"",""职位简介"":""从事一线入村入户调查、数据处理、公文写作、统计分析研究等工作。"",""职位代码"":""400110115033"",""机构层级"":""县（区）级及以下"",""考试类别"":""市（地）级及以下直属机构综合管理类"",""招考人数"":""1"",""专业"":""统计学、应用统计学、信息与计算科学、数学与应用数学"",""学历"":""仅限本科"",""学位"":""学士"",""政治面貌"":""中共党员"",""基层工作最低年限"":""二年"",""服务基层项目工作经历"":""大学生村官"",""是否在面试阶段组织专业能力测试"":""否"",""面试人员比例"":""3:1"",""工作地点"":""山东省聊城市东昌府区"",""落户地点"":""山东省聊城市东昌府区"",""备注"":""服务期满、考核合格；须以最高学历所学主修专业报考；最低服务年限为5年(含试用期）；需经常下乡入户、条件较为艰苦。"",""部门网站"":""无"",""咨询电话1"":""0531-51752015"",""咨询电话2"":""0531-51752016"",""咨询电话3"":""0531-51751952"",""来源Sheet"":""中央国家行政机关参照公务员法管理事业单位""}}"
"government_jobs","国家公务员2025招考简章","公务员/事业单位技术岗位","山东省济南市莱芜区","2026-07-28T09:12:58.310295+00:00","莱芜调查队综合科室一级科员","国家统计局山东调查总队","","山东省济南市莱芜区","公务员/事业单位;2025;data_ai;仅限本科;学士;统计学、应用统计学、信息与计算科学、数学与应用数学;市（地）级及以下直属机构综合管理类","用人司局：国家统计局山东调查总队
职位简介：从事一线入村入户调查、数据处理、公文写作、统计分析研究等工作。
专业要求：统计学、应用统计学、信息与计算科学、数学与应用数学
学历要求：仅限本科
学位要求：学士
政治面貌：中共党员
基层工作经历：二年
考试类别：市（地）级及以下直属机构综合管理类
备注：服务期满、考核合格；须以最高学历所学主修专业报考；最低服务年限为5年(含试用期）；需经常下乡入户、条件较为艰苦。","https://www.xjhc.gov.cn/xjhc/c116834/202410/a29382e11a674da3be3353af65f9fcc5.shtml#137115-400110115036","2024-10-14","{""dataset_year"":2025,""job_uid"":""GOV-2025-137115-400110115036"",""publisher"":""国家公务员局"",""publication_page"":""https://www.xjhc.gov.cn/xjhc/c116834/202410/a29382e11a674da3be3353af65f9fcc5.shtml"",""attachment_url"":""https://www.xjhc.gov.cn/xjhc/c116834/202410/a29382e11a674da3be3353af65f9fcc5/files/0536cef86e2b46ddad6aae5a3780089e.xls"",""local_source_file"":""2025_guokao_zhaokaojianzhang.xls"",""local_source_sha256"":""07ae6cab368cd21b7a1ac3e8150fe9a3d39ad5171ce76135ff3cccfe50c3e77e"",""source_sheet"":""中央国家行政机关参照公务员法管理事业单位"",""filter_version"":""government_tech_v2"",""tech_filter"":{""is_tech"":true,""is_core_tech"":true,""scope"":""core"",""categories"":[""data_ai""],""matched_fields"":[""description""],""major_terms"":[],""role_terms"":[""数据处理""],""reason"":""tech_role""},""original"":{""部门代码"":""137115"",""部门名称"":""国家统计局山东调查总队"",""用人司局"":""国家统计局山东调查总队"",""机构性质"":""中央国家行政机关参照公务员法管理事业单位"",""招考职位"":""莱芜调查队综合科室一级科员"",""职位属性"":""普通职位"",""职位分布"":""其他职位"",""职位简介"":""从事一线入村入户调查、数据处理、公文写作、统计分析研究等工作。"",""职位代码"":""400110115036"",""机构层级"":""市（地）级"",""考试类别"":""市（地）级及以下直属机构综合管理类"",""招考人数"":""1"",""专业"":""统计学、应用统计学、信息与计算科学、数学与应用数学"",""学历"":""仅限本科"",""学位"":""学士"",""政治面貌"":""中共党员"",""基层工作最低年限"":""二年"",""服务基层项目工作经历"":""大学生村官"",""是否在面试阶段组织专业能力测试"":""否"",""面试人员比例"":""3:1"",""工作地点"":""山东省济南市莱芜区"",""落户地点"":""山东省济南市莱芜区"",""备注"":""服务期满、考核合格；须以最高学历所学主修专业报考；最低服务年限为5年(含试用期）；需经常下乡入户、条件较为艰苦。"",""部门网站"":""无"",""咨询电话1"":""0531-51752015"",""咨询电话2"":""0531-51752016"",""咨询电话3"":""0531-51751952"",""来源Sheet"":""中央国家行政机关参照公务员法管理事业单位""}}"
"government_jobs","国家公务员2025招考简章","公务员/事业单位技术岗位","河南省郑州市","2026-07-28T09:12:58.310295+00:00","河南调查总队业务处室二级主任科员及以下（3）","国家统计局河南调查总队","","河南省郑州市","公务员/事业单位;2025;computer_software;data_ai;仅限硕士研究生;硕士;计算机科学与技术类;中央机关及其省级直属机构综合管理类","用人司局：国家统计局河南调查总队
职位简介：从事统计调查、统计分析、数据处理、统计研究等相关工作。
专业要求：计算机科学与技术类
学历要求：仅限硕士研究生
学位要求：硕士
政治面貌：不限
基层工作经历：无限制
考试类别：中央机关及其省级直属机构综合管理类
备注：1.本职位专业要求均为专业目录中的“专业类”，非“专业大类（学科大类）”；2.本单位最低服务年限为5年（含试用期）。","https://www.xjhc.gov.cn/xjhc/c116834/202410/a29382e11a674da3be3353af65f9fcc5.shtml#137116-400110116003","2024-10-14","{""dataset_year"":2025,""job_uid"":""GOV-2025-137116-400110116003"",""publisher"":""国家公务员局"",""publication_page"":""https://www.xjhc.gov.cn/xjhc/c116834/202410/a29382e11a674da3be3353af65f9fcc5.shtml"",""attachment_url"":""https://www.xjhc.gov.cn/xjhc/c116834/202410/a29382e11a674da3be3353af65f9fcc5/files/0536cef86e2b46ddad6aae5a3780089e.xls"",""local_source_file"":""2025_guokao_zhaokaojianzhang.xls"",""local_source_sha256"":""07ae6cab368cd21b7a1ac3e8150fe9a3d39ad5171ce76135ff3cccfe50c3e77e"",""source_sheet"":""中央国家行政机关参照公务员法管理事业单位"",""filter_version"":""government_tech_v2"",""tech_filter"":{""is_tech"":true,""is_core_tech"":true,""scope"":""core"",""categories"":[""computer_software"",""data_ai""],""matched_fields"":[""major"",""description""],""major_terms"":[""计算机科学与技术""],""role_terms"":[""数据处理""],""reason"":""tech_major_and_role""},""original"":{""部门代码"":""137116"",""部门名称"":""国家统计局河南调查总队"",""用人司局"":""国家统计局河南调查总队"",""机构性质"":""中央国家行政机关参照公务员法管理事业单位"",""招考职位"":""河南调查总队业务处室二级主任科员及以下（3）"",""职位属性"":""普通职位"",""职位分布"":""其他职位"",""职位简介"":""从事统计调查、统计分析、数据处理、统计研究等相关工作。"",""职位代码"":""400110116003"",""机构层级"":""省（副省）级"",""考试类别"":""中央机关及其省级直属机构综合管理类"",""招考人数"":""1"",""专业"":""计算机科学与技术类"",""学历"":""仅限硕士研究生"",""学位"":""硕士"",""政治面貌"":""不限"",""基层工作最低年限"":""无限制"",""服务基层项目工作经历"":""无限制"",""是否在面试阶段组织专业能力测试"":""否"",""面试人员比例"":""5:1"",""工作地点"":""河南省郑州市"",""落户地点"":""河南省郑州市"",""备注"":""1.本职位专业要求均为专业目录中的“专业类”，非“专业大类（学科大类）”；2.本单位最低服务年限为5年（含试用期）。"",""部门网站"":""http://hazd.stats.gov.cn/"",""咨询电话1"":""0371-60336259"",""咨询电话2"":""0371-60336206"",""咨询电话3"":"""",""来源Sheet"":""中央国家行政机关参照公务员法管理事业单位""}}"
"government_jobs","国家公务员2025招考简章","公务员/事业单位技术岗位","河南省郑州市","2026-07-28T09:12:58.310295+00:00","郑州调查队业务科室四级主任科员","国家统计局河南调查总队","","河南省郑州市","公务员/事业单位;2025;computer_software;data_ai;仅限硕士研究生;硕士;应用经济学类、统计学类、数学类、计算机科学与技术类;市（地）级及以下直属机构综合管理类","用人司局：国家统计局河南调查总队
职位简介：从事一线入户调查、数据处理、统计分析、统计研究等工作。
专业要求：应用经济学类、统计学类、数学类、计算机科学与技术类
学历要求：仅限硕士研究生
学位要求：硕士
政治面貌：不限
基层工作经历：无限制
考试类别：市（地）级及以下直属机构综合管理类
备注：1.限应届高校毕业生；2.本职位专业要求均为专业目录中的“专业类”，非“专业大类（学科大类）”；3.本单位最低服务年限为5年（含试用期）。","https://www.xjhc.gov.cn/xjhc/c116834/202410/a29382e11a674da3be3353af65f9fcc5.shtml#137116-400110116004","2024-10-14","{""dataset_year"":2025,""job_uid"":""GOV-2025-137116-400110116004"",""publisher"":""国家公务员局"",""publication_page"":""https://www.xjhc.gov.cn/xjhc/c116834/202410/a29382e11a674da3be3353af65f9fcc5.shtml"",""attachment_url"":""https://www.xjhc.gov.cn/xjhc/c116834/202410/a29382e11a674da3be3353af65f9fcc5/files/0536cef86e2b46ddad6aae5a3780089e.xls"",""local_source_file"":""2025_guokao_zhaokaojianzhang.xls"",""local_source_sha256"":""07ae6cab368cd21b7a1ac3e8150fe9a3d39ad5171ce76135ff3cccfe50c3e77e"",""source_sheet"":""中央国家行政机关参照公务员法管理事业单位"",""filter_version"":""government_tech_v2"",""tech_filter"":{""is_tech"":true,""is_core_tech"":true,""scope"":""core"",""categories"":[""computer_software"",""data_ai""],""matched_fields"":[""major"",""description""],""major_terms"":[""计算机科学与技术""],""role_terms"":[""数据处理""],""reason"":""tech_major_and_role""},""original"":{""部门代码"":""137116"",""部门名称"":""国家统计局河南调查总队"",""用人司局"":""国家统计局河南调查总队"",""机构性质"":""中央国家行政机关参照公务员法管理事业单位"",""招考职位"":""郑州调查队业务科室四级主任科员"",""职位属性"":""普通职位"",""职位分布"":""其他职位"",""职位简介"":""从事一线入户调查、数据处理、统计分析、统计研究等工作。"",""职位代码"":""400110116004"",""机构层级"":""市（地）级"",""考试类别"":""市（地）级及以下直属机构综合管理类"",""招考人数"":""1"",""专业"":""应用经济学类、统计学类、数学类、计算机科学与技术类"",""学历"":""仅限硕士研究生"",""学位"":""硕士"",""政治面貌"":""不限"",""基层工作最低年限"":""无限制"",""服务基层项目工作经历"":""无限制"",""是否在面试阶段组织专业能力测试"":""否"",""面试人员比例"":""3:1"",""工作地点"":""河南省郑州市"",""落户地点"":""河南省郑州市"",""备注"":""1.限应届高校毕业生；2.本职位专业要求均为专业目录中的“专业类”，非“专业大类（学科大类）”；3.本单位最低服务年限为5年（含试用期）。"",""部门网站"":""http://hazd.stats.gov.cn/"",""咨询电话1"":""0371-60336259"",""咨询电话2"":""0371-60336206"",""咨询电话3"":"""",""来源Sheet"":""中央国家行政机关参照公务员法管理事业单位""}}"
"government_jobs","国家公务员2025招考简章","公务员/事业单位技术岗位","河南省开封市","2026-07-28T09:12:58.310295+00:00","开封调查队业务科室一级科员（2）","国家统计局河南调查总队","","河南省开封市","公务员/事业单位;2025;computer_software;data_ai;仅限本科;学士;计算机类、中国语言文学类（不含汉语国际教育、手语翻译、中国少数民族语言文学专业）;市（地）级及以下直属机构综合管理类","用人司局：国家统计局河南调查总队
职位简介：从事一线入户调查、数据处理、统计分析、统计研究等工作。
专业要求：计算机类、中国语言文学类（不含汉语国际教育、手语翻译、中国少数民族语言文学专业）
学历要求：仅限本科
学位要求：学士
政治面貌：不限
基层工作经历：无限制
考试类别：市（地）级及以下直属机构综合管理类
备注：1.本职位限招男性；2.限应届高校毕业生；3.本职位专业要求均为专业目录中的“专业类”，非“专业大类（学科大类）”；4.本单位最低服务年限为5年（含试用期）。","https://www.xjhc.gov.cn/xjhc/c116834/202410/a29382e11a674da3be3353af65f9fcc5.shtml#137116-400110116006","2024-10-14","{""dataset_year"":2025,""job_uid"":""GOV-2025-137116-400110116006"",""publisher"":""国家公务员局"",""publication_page"":""https://www.xjhc.gov.cn/xjhc/c116834/202410/a29382e11a674da3be3353af65f9fcc5.shtml"",""attachment_url"":""https://www.xjhc.gov.cn/xjhc/c116834/202410/a29382e11a674da3be3353af65f9fcc5/files/0536cef86e2b46ddad6aae5a3780089e.xls"",""local_source_file"":""2025_guokao_zhaokaojianzhang.xls"",""local_source_sha256"":""07ae6cab368cd21b7a1ac3e8150fe9a3d39ad5171ce76135ff3cccfe50c3e77e"",""source_sheet"":""中央国家行政机关参照公务员法管理事业单位"",""filter_version"":""government_tech_v2"",""tech_filter"":{""is_tech"":true,""is_core_tech"":true,""scope"":""core"",""categories"":[""computer_software"",""data_ai""],""matched_fields"":[""major"",""description""],""major_terms"":[""计算机类""],""role_terms"":[""数据处理""],""reason"":""tech_major_and_role""},""original"":{""部门代码"":""137116"",""部门名称"":""国家统计局河南调查总队"",""用人司局"":""国家统计局河南调查总队"",""机构性质"":""中央国家行政机关参照公务员法管理事业单位"",""招考职位"":""开封调查队业务科室一级科员（2）"",""职位属性"":""普通职位"",""职位分布"":""其他职位"",""职位简介"":""从事一线入户调查、数据处理、统计分析、统计研究等工作。"",""职位代码"":""400110116006"",""机构层级"":""市（地）级"",""考试类别"":""市（地）级及以下直属机构综合管理类"",""招考人数"":""1"",""专业"":""计算机类、中国语言文学类（不含汉语国际教育、手语翻译、中国少数民族语言文学专业）"",""学历"":""仅限本科"",""学位"":""学士"",""政治面貌"":""不限"",""基层工作最低年限"":""无限制"",""服务基层项目工作经历"":""无限制"",""是否在面试阶段组织专业能力测试"":""否"",""面试人员比例"":""3:1"",""工作地点"":""河南省开封市"",""落户地点"":""河南省开封市"",""备注"":""1.本职位限招男性；2.限应届高校毕业生；3.本职位专业要求均为专业目录中的“专业类”，非“专业大类（学科大类）”；4.本单位最低服务年限为5年（含试用期）。"",""部门网站"":""http://hazd.stats.gov.cn/"",""咨询电话1"":""0371-60336259"",""咨询电话2"":""0371-60336206"",""咨询电话3"":"""",""来源Sheet"":""中央国家行政机关参照公务员法管理事业单位""}}"
"government_jobs","国家公务员2025招考简章","公务员/事业单位技术岗位","河南省开封市","2026-07-28T09:12:58.310295+00:00","开封调查队业务科室一级科员（3）","国家统计局河南调查总队","","河南省开封市","公务员/事业单位;2025;computer_software;data_ai;仅限本科;学士;计算机类、中国语言文学类（不含汉语国际教育、手语翻译、中国少数民族语言文学专业）;市（地）级及以下直属机构综合管理类","用人司局：国家统计局河南调查总队
职位简介：从事一线入户调查、数据处理、统计分析、统计研究等工作。
专业要求：计算机类、中国语言文学类（不含汉语国际教育、手语翻译、中国少数民族语言文学专业）
学历要求：仅限本科
学位要求：学士
政治面貌：不限
基层工作经历：无限制
考试类别：市（地）级及以下直属机构综合管理类
备注：1.本职位限招女性；2.限应届高校毕业生；3.本职位专业要求均为专业目录中的“专业类”，非“专业大类（学科大类）”；4.本单位最低服务年限为5年（含试用期）。","https://www.xjhc.gov.cn/xjhc/c116834/202410/a29382e11a674da3be3353af65f9fcc5.shtml#137116-400110116007","2024-10-14","{""dataset_year"":2025,""job_uid"":""GOV-2025-137116-400110116007"",""publisher"":""国家公务员局"",""publication_page"":""https://www.xjhc.gov.cn/xjhc/c116834/202410/a29382e11a674da3be3353af65f9fcc5.shtml"",""attachment_url"":""https://www.xjhc.gov.cn/xjhc/c116834/202410/a29382e11a674da3be3353af65f9fcc5/files/0536cef86e2b46ddad6aae5a3780089e.xls"",""local_source_file"":""2025_guokao_zhaokaojianzhang.xls"",""local_source_sha256"":""07ae6cab368cd21b7a1ac3e8150fe9a3d39ad5171ce76135ff3cccfe50c3e77e"",""source_sheet"":""中央国家行政机关参照公务员法管理事业单位"",""filter_version"":""government_tech_v2"",""tech_filter"":{""is_tech"":true,""is_core_tech"":true,""scope"":""core"",""categories"":[""computer_software"",""data_ai""],""matched_fields"":[""major"",""description""],""major_terms"":[""计算机类""],""role_terms"":[""数据处理""],""reason"":""tech_major_and_role""},""original"":{""部门代码"":""137116"",""部门名称"":""国家统计局河南调查总队"",""用人司局"":""国家统计局河南调查总队"",""机构性质"":""中央国家行政机关参照公务员法管理事业单位"",""招考职位"":""开封调查队业务科室一级科员（3）"",""职位属性"":""普通职位"",""职位分布"":""其他职位"",""职位简介"":""从事一线入户调查、数据处理、统计分析、统计研究等工作。"",""职位代码"":""400110116007"",""机构层级"":""市（地）级"",""考试类别"":""市（地）级及以下直属机构综合管理类"",""招考人数"":""1"",""专业"":""计算机类、中国语言文学类（不含汉语国际教育、手语翻译、中国少数民族语言文学专业）"",""学历"":""仅限本科"",""学位"":""学士"",""政治面貌"":""不限"",""基层工作最低年限"":""无限制"",""服务基层项目工作经历"":""无限制"",""是否在面试阶段组织专业能力测试"":""否"",""面试人员比例"":""3:1"",""工作地点"":""河南省开封市"",""落户地点"":""河南省开封市"",""备注"":""1.本职位限招女性；2.限应届高校毕业生；3.本职位专业要求均为专业目录中的“专业类”，非“专业大类（学科大类）”；4.本单位最低服务年限为5年（含试用期）。"",""部门网站"":""http://hazd.stats.gov.cn/"",""咨询电话1"":""0371-60336259"",""咨询电话2"":""0371-60336206"",""咨询电话3"":"""",""来源Sheet"":""中央国家行政机关参照公务员法管理事业单位""}}"
"government_jobs","国家公务员2025招考简章","公务员/事业单位技术岗位","河南省安阳市","2026-07-28T09:12:58.310295+00:00","安阳调查队业务科室一级科员（3）","国家统计局河南调查总队","","河南省安阳市","公务员/事业单位;2025;computer_software;data_ai;仅限本科;学士;计算机类;市（地）级及以下直属机构综合管理类","用人司局：国家统计局河南调查总队
职位简介：从事一线入户调查、数据处理、统计分析、统计研究等工作。
专业要求：计算机类
学历要求：仅限本科
学位要求：学士
政治面貌：不限
基层工作经历：无限制
考试类别：市（地）级及以下直属机构综合管理类
备注：1.限应届高校毕业生；2.本职位专业要求均为专业目录中的“专业类”，非“专业大类（学科大类）”；3.本单位最低服务年限为5年（含试用期）。","https://www.xjhc.gov.cn/xjhc/c116834/202410/a29382e11a674da3be3353af65f9fcc5.shtml#137116-400110116012","2024-10-14","{""dataset_year"":2025,""job_uid"":""GOV-2025-137116-400110116012"",""publisher"":""国家公务员局"",""publication_page"":""https://www.xjhc.gov.cn/xjhc/c116834/202410/a29382e11a674da3be3353af65f9fcc5.shtml"",""attachment_url"":""https://www.xjhc.gov.cn/xjhc/c116834/202410/a29382e11a674da3be3353af65f9fcc5/files/0536cef86e2b46ddad6aae5a3780089e.xls"",""local_source_file"":""2025_guokao_zhaokaojianzhang.xls"",""local_source_sha256"":""07ae6cab368cd21b7a1ac3e8150fe9a3d39ad5171ce76135ff3cccfe50c3e77e"",""source_sheet"":""中央国家行政机关参照公务员法管理事业单位"",""filter_version"":""government_tech_v2"",""tech_filter"":{""is_tech"":true,""is_core_tech"":true,""scope"":""core"",""categories"":[""computer_software"",""data_ai""],""matched_fields"":[""major"",""description""],""major_terms"":[""计算机类""],""role_terms"":[""数据处理""],""reason"":""tech_major_and_role""},""original"":{""部门代码"":""137116"",""部门名称"":""国家统计局河南调查总队"",""用人司局"":""国家统计局河南调查总队"",""机构性质"":""中央国家行政机关参照公务员法管理事业单位"",""招考职位"":""安阳调查队业务科室一级科员（3）"",""职位属性"":""普通职位"",""职位分布"":""其他职位"",""职位简介"":""从事一线入户调查、数据处理、统计分析、统计研究等工作。"",""职位代码"":""400110116012"",""机构层级"":""市（地）级"",""考试类别"":""市（地）级及以下直属机构综合管理类"",""招考人数"":""1"",""专业"":""计算机类"",""学历"":""仅限本科"",""学位"":""学士"",""政治面貌"":""不限"",""基层工作最低年限"":""无限制"",""服务基层项目工作经历"":""无限制"",""是否在面试阶段组织专业能力测试"":""否"",""面试人员比例"":""3:1"",""工作地点"":""河南省安阳市"",""落户地点"":""河南省安阳市"",""备注"":""1.限应届高校毕业生；2.本职位专业要求均为专业目录中的“专业类”，非“专业大类（学科大类）”；3.本单位最低服务年限为5年（含试用期）。"",""部门网站"":""http://hazd.stats.gov.cn/"",""咨询电话1"":""0371-60336259"",""咨询电话2"":""0371-60336206"",""咨询电话3"":"""",""来源Sheet"":""中央国家行政机关参照公务员法管理事业单位""}}"
"government_jobs","国家公务员2025招考简章","公务员/事业单位技术岗位","河南省新乡市","2026-07-28T09:12:58.310295+00:00","新乡调查队业务科室一级科员（1）","国家统计局河南调查总队","","河南省新乡市","公务员/事业单位;2025;computer_software;data_ai;仅限本科;学士;统计学类、数学类、计算机类;市（地）级及以下直属机构综合管理类","用人司局：国家统计局河南调查总队
职位简介：从事一线入户调查、数据处理、统计分析、统计研究等工作。
专业要求：统计学类、数学类、计算机类
学历要求：仅限本科
学位要求：学士
政治面貌：不限
基层工作经历：无限制
考试类别：市（地）级及以下直属机构综合管理类
备注：1.本职位限招男性；2.限应届高校毕业生；3.本职位专业要求均为专业目录中的“专业类”，非“专业大类（学科大类）”；4.本单位最低服务年限为5年（含试用期）。","https://www.xjhc.gov.cn/xjhc/c116834/202410/a29382e11a674da3be3353af65f9fcc5.shtml#137116-400110116013","2024-10-14","{""dataset_year"":2025,""job_uid"":""GOV-2025-137116-400110116013"",""publisher"":""国家公务员局"",""publication_page"":""https://www.xjhc.gov.cn/xjhc/c116834/202410/a29382e11a674da3be3353af65f9fcc5.shtml"",""attachment_url"":""https://www.xjhc.gov.cn/xjhc/c116834/202410/a29382e11a674da3be3353af65f9fcc5/files/0536cef86e2b46ddad6aae5a3780089e.xls"",""local_source_file"":""2025_guokao_zhaokaojianzhang.xls"",""local_source_sha256"":""07ae6cab368cd21b7a1ac3e8150fe9a3d39ad5171ce76135ff3cccfe50c3e77e"",""source_sheet"":""中央国家行政机关参照公务员法管理事业单位"",""filter_version"":""government_tech_v2"",""tech_filter"":{""is_tech"":true,""is_core_tech"":true,""scope"":""core"",""categories"":[""computer_software"",""data_ai""],""matched_fields"":[""major"",""description""],""major_terms"":[""计算机类""],""role_terms"":[""数据处理""],""reason"":""tech_major_and_role""},""original"":{""部门代码"":""137116"",""部门名称"":""国家统计局河南调查总队"",""用人司局"":""国家统计局河南调查总队"",""机构性质"":""中央国家行政机关参照公务员法管理事业单位"",""招考职位"":""新乡调查队业务科室一级科员（1）"",""职位属性"":""普通职位"",""职位分布"":""其他职位"",""职位简介"":""从事一线入户调查、数据处理、统计分析、统计研究等工作。"",""职位代码"":""400110116013"",""机构层级"":""市（地）级"",""考试类别"":""市（地）级及以下直属机构综合管理类"",""招考人数"":""1"",""专业"":""统计学类、数学类、计算机类"",""学历"":""仅限本科"",""学位"":""学士"",""政治面貌"":""不限"",""基层工作最低年限"":""无限制"",""服务基层项目工作经历"":""无限制"",""是否在面试阶段组织专业能力测试"":""否"",""面试人员比例"":""3:1"",""工作地点"":""河南省新乡市"",""落户地点"":""河南省新乡市"",""备注"":""1.本职位限招男性；2.限应届高校毕业生；3.本职位专业要求均为专业目录中的“专业类”，非“专业大类（学科大类）”；4.本单位最低服务年限为5年（含试用期）。"",""部门网站"":""http://hazd.stats.gov.cn/"",""咨询电话1"":""0371-60336259"",""咨询电话2"":""0371-60336206"",""咨询电话3"":"""",""来源Sheet"":""中央国家行政机关参照公务员法管理事业单位""}}"
"government_jobs","国家公务员2025招考简章","公务员/事业单位技术岗位","河南省新乡市","2026-07-28T09:12:58.310295+00:00","新乡调查队业务科室一级科员（2）","国家统计局河南调查总队","","河南省新乡市","公务员/事业单位;2025;computer_software;data_ai;仅限本科;学士;统计学类、数学类、计算机类;市（地）级及以下直属机构综合管理类","用人司局：国家统计局河南调查总队
职位简介：从事一线入户调查、数据处理、统计分析、统计研究等工作。
专业要求：统计学类、数学类、计算机类
学历要求：仅限本科
学位要求：学士
政治面貌：不限
基层工作经历：无限制
考试类别：市（地）级及以下直属机构综合管理类
备注：1.本职位限招女性；2.限应届高校毕业生；3.本职位专业要求均为专业目录中的“专业类”，非“专业大类（学科大类）”；4.本单位最低服务年限为5年（含试用期）。","https://www.xjhc.gov.cn/xjhc/c116834/202410/a29382e11a674da3be3353af65f9fcc5.shtml#137116-400110116014","2024-10-14","{""dataset_year"":2025,""job_uid"":""GOV-2025-137116-400110116014"",""publisher"":""国家公务员局"",""publication_page"":""https://www.xjhc.gov.cn/xjhc/c116834/202410/a29382e11a674da3be3353af65f9fcc5.shtml"",""attachment_url"":""https://www.xjhc.gov.cn/xjhc/c116834/202410/a29382e11a674da3be3353af65f9fcc5/files/0536cef86e2b46ddad6aae5a3780089e.xls"",""local_source_file"":""2025_guokao_zhaokaojianzhang.xls"",""local_source_sha256"":""07ae6cab368cd21b7a1ac3e8150fe9a3d39ad5171ce76135ff3cccfe50c3e77e"",""source_sheet"":""中央国家行政机关参照公务员法管理事业单位"",""filter_version"":""government_tech_v2"",""tech_filter"":{""is_tech"":true,""is_core_tech"":true,""scope"":""core"",""categories"":[""computer_software"",""data_ai""],""matched_fields"":[""major"",""description""],""major_terms"":[""计算机类""],""role_terms"":[""数据处理""],""reason"":""tech_major_and_role""},""original"":{""部门代码"":""137116"",""部门名称"":""国家统计局河南调查总队"",""用人司局"":""国家统计局河南调查总队"",""机构性质"":""中央国家行政机关参照公务员法管理事业单位"",""招考职位"":""新乡调查队业务科室一级科员（2）"",""职位属性"":""普通职位"",""职位分布"":""其他职位"",""职位简介"":""从事一线入户调查、数据处理、统计分析、统计研究等工作。"",""职位代码"":""400110116014"",""机构层级"":""市（地）级"",""考试类别"":""市（地）级及以下直属机构综合管理类"",""招考人数"":""1"",""专业"":""统计学类、数学类、计算机类"",""学历"":""仅限本科"",""学位"":""学士"",""政治面貌"":""不限"",""基层工作最低年限"":""无限制"",""服务基层项目工作经历"":""无限制"",""是否在面试阶段组织专业能力测试"":""否"",""面试人员比例"":""3:1"",""工作地点"":""河南省新乡市"",""落户地点"":""河南省新乡市"",""备注"":""1.本职位限招女性；2.限应届高校毕业生；3.本职位专业要求均为专业目录中的“专业类”，非“专业大类（学科大类）”；4.本单位最低服务年限为5年（含试用期）。"",""部门网站"":""http://hazd.stats.gov.cn/"",""咨询电话1"":""0371-60336259"",""咨询电话2"":""0371-60336206"",""咨询电话3"":"""",""来源Sheet"":""中央国家行政机关参照公务员法管理事业单位""}}"
"government_jobs","国家公务员2025招考简章","公务员/事业单位技术岗位","河南省南阳市","2026-07-28T09:12:58.310295+00:00","南阳调查队业务科室二级主任科员及以下（1）","国家统计局河南调查总队","","河南省南阳市","公务员/事业单位;2025;computer_software;data_ai;仅限硕士研究生;硕士;统计学类、数学类、计算机科学与技术类;市（地）级及以下直属机构综合管理类","用人司局：国家统计局河南调查总队
职位简介：从事一线入户调查、数据处理、统计分析、统计研究等工作。
专业要求：统计学类、数学类、计算机科学与技术类
学历要求：仅限硕士研究生
学位要求：硕士
政治面貌：不限
基层工作经历：无限制
考试类别：市（地）级及以下直属机构综合管理类
备注：1.本职位限招男性；2.本职位专业要求均为专业目录中的“专业类”，非“专业大类（学科大类）”；3.本单位最低服务年限为5年（含试用期）。","https://www.xjhc.gov.cn/xjhc/c116834/202410/a29382e11a674da3be3353af65f9fcc5.shtml#137116-400110116017","2024-10-14","{""dataset_year"":2025,""job_uid"":""GOV-2025-137116-400110116017"",""publisher"":""国家公务员局"",""publication_page"":""https://www.xjhc.gov.cn/xjhc/c116834/202410/a29382e11a674da3be3353af65f9fcc5.shtml"",""attachment_url"":""https://www.xjhc.gov.cn/xjhc/c116834/202410/a29382e11a674da3be3353af65f9fcc5/files/0536cef86e2b46ddad6aae5a3780089e.xls"",""local_source_file"":""2025_guokao_zhaokaojianzhang.xls"",""local_source_sha256"":""07ae6cab368cd21b7a1ac3e8150fe9a3d39ad5171ce76135ff3cccfe50c3e77e"",""source_sheet"":""中央国家行政机关参照公务员法管理事业单位"",""filter_version"":""government_tech_v2"",""tech_filter"":{""is_tech"":true,""is_core_tech"":true,""scope"":""core"",""categories"":[""computer_software"",""data_ai""],""matched_fields"":[""major"",""description""],""major_terms"":[""计算机科学与技术""],""role_terms"":[""数据处理""],""reason"":""tech_major_and_role""},""original"":{""部门代码"":""137116"",""部门名称"":""国家统计局河南调查总队"",""用人司局"":""国家统计局河南调查总队"",""机构性质"":""中央国家行政机关参照公务员法管理事业单位"",""招考职位"":""南阳调查队业务科室二级主任科员及以下（1）"",""职位属性"":""普通职位"",""职位分布"":""其他职位"",""职位简介"":""从事一线入户调查、数据处理、统计分析、统计研究等工作。"",""职位代码"":""400110116017"",""机构层级"":""市（地）级"",""考试类别"":""市（地）级及以下直属机构综合管理类"",""招考人数"":""1"",""专业"":""统计学类、数学类、计算机科学与技术类"",""学历"":""仅限硕士研究生"",""学位"":""硕士"",""政治面貌"":""不限"",""基层工作最低年限"":""无限制"",""服务基层项目工作经历"":""无限制"",""是否在面试阶段组织专业能力测试"":""否"",""面试人员比例"":""3:1"",""工作地点"":""河南省南阳市"",""落户地点"":""河南省南阳市"",""备注"":""1.本职位限招男性；2.本职位专业要求均为专业目录中的“专业类”，非“专业大类（学科大类）”；3.本单位最低服务年限为5年（含试用期）。"",""部门网站"":""http://hazd.stats.gov.cn/"",""咨询电话1"":""0371-60336259"",""咨询电话2"":""0371-60336206"",""咨询电话3"":"""",""来源Sheet"":""中央国家行政机关参照公务员法管理事业单位""}}"
"government_jobs","国家公务员2025招考简章","公务员/事业单位技术岗位","河南省南阳市","2026-07-28T09:12:58.310295+00:00","南阳调查队业务科室二级主任科员及以下（2）","国家统计局河南调查总队","","河南省南阳市","公务员/事业单位;2025;computer_software;data_ai;仅限硕士研究生;硕士;统计学类、数学类、计算机科学与技术类;市（地）级及以下直属机构综合管理类","用人司局：国家统计局河南调查总队
职位简介：从事一线入户调查、数据处理、统计分析、统计研究等工作。
专业要求：统计学类、数学类、计算机科学与技术类
学历要求：仅限硕士研究生
学位要求：硕士
政治面貌：不限
基层工作经历：无限制
考试类别：市（地）级及以下直属机构综合管理类
备注：1.本职位限招女性；2.本职位专业要求均为专业目录中的“专业类”，非“专业大类（学科大类）”；3.本单位最低服务年限为5年（含试用期）。","https://www.xjhc.gov.cn/xjhc/c116834/202410/a29382e11a674da3be3353af65f9fcc5.shtml#137116-400110116018","2024-10-14","{""dataset_year"":2025,""job_uid"":""GOV-2025-137116-400110116018"",""publisher"":""国家公务员局"",""publication_page"":""https://www.xjhc.gov.cn/xjhc/c116834/202410/a29382e11a674da3be3353af65f9fcc5.shtml"",""attachment_url"":""https://www.xjhc.gov.cn/xjhc/c116834/202410/a29382e11a674da3be3353af65f9fcc5/files/0536cef86e2b46ddad6aae5a3780089e.xls"",""local_source_file"":""2025_guokao_zhaokaojianzhang.xls"",""local_source_sha256"":""07ae6cab368cd21b7a1ac3e8150fe9a3d39ad5171ce76135ff3cccfe50c3e77e"",""source_sheet"":""中央国家行政机关参照公务员法管理事业单位"",""filter_version"":""government_tech_v2"",""tech_filter"":{""is_tech"":true,""is_core_tech"":true,""scope"":""core"",""categories"":[""computer_software"",""data_ai""],""matched_fields"":[""major"",""description""],""major_terms"":[""计算机科学与技术""],""role_terms"":[""数据处理""],""reason"":""tech_major_and_role""},""original"":{""部门代码"":""137116"",""部门名称"":""国家统计局河南调查总队"",""用人司局"":""国家统计局河南调查总队"",""机构性质"":""中央国家行政机关参照公务员法管理事业单位"",""招考职位"":""南阳调查队业务科室二级主任科员及以下（2）"",""职位属性"":""普通职位"",""职位分布"":""其他职位"",""职位简介"":""从事一线入户调查、数据处理、统计分析、统计研究等工作。"",""职位代码"":""400110116018"",""机构层级"":""市（地）级"",""考试类别"":""市（地）级及以下直属机构综合管理类"",""招考人数"":""1"",""专业"":""统计学类、数学类、计算机科学与技术类"",""学历"":""仅限硕士研究生"",""学位"":""硕士"",""政治面貌"":""不限"",""基层工作最低年限"":""无限制"",""服务基层项目工作经历"":""无限制"",""是否在面试阶段组织专业能力测试"":""否"",""面试人员比例"":""3:1"",""工作地点"":""河南省南阳市"",""落户地点"":""河南省南阳市"",""备注"":""1.本职位限招女性；2.本职位专业要求均为专业目录中的“专业类”，非“专业大类（学科大类）”；3.本单位最低服务年限为5年（含试用期）。"",""部门网站"":""http://hazd.stats.gov.cn/"",""咨询电话1"":""0371-60336259"",""咨询电话2"":""0371-60336206"",""咨询电话3"":"""",""来源Sheet"":""中央国家行政机关参照公务员法管理事业单位""}}"
"government_jobs","国家公务员2025招考简章","公务员/事业单位技术岗位","河南省商丘市","2026-07-28T09:12:58.310295+00:00","商丘调查队业务科室一级科员","国家统计局河南调查总队","","河南省商丘市","公务员/事业单位;2025;computer_software;data_ai;仅限本科;学士;计算机类;市（地）级及以下直属机构综合管理类","用人司局：国家统计局河南调查总队
职位简介：从事一线入户调查、数据处理、统计分析、统计研究等工作。
专业要求：计算机类
学历要求：仅限本科
学位要求：学士
政治面貌：不限
基层工作经历：无限制
考试类别：市（地）级及以下直属机构综合管理类
备注：1.限应届高校毕业生；2.本职位专业要求均为专业目录中的“专业类”，非“专业大类（学科大类）”；3.本单位最低服务年限为5年（含试用期）。","https://www.xjhc.gov.cn/xjhc/c116834/202410/a29382e11a674da3be3353af65f9fcc5.shtml#137116-400110116019","2024-10-14","{""dataset_year"":2025,""job_uid"":""GOV-2025-137116-400110116019"",""publisher"":""国家公务员局"",""publication_page"":""https://www.xjhc.gov.cn/xjhc/c116834/202410/a29382e11a674da3be3353af65f9fcc5.shtml"",""attachment_url"":""https://www.xjhc.gov.cn/xjhc/c116834/202410/a29382e11a674da3be3353af65f9fcc5/files/0536cef86e2b46ddad6aae5a3780089e.xls"",""local_source_file"":""2025_guokao_zhaokaojianzhang.xls"",""local_source_sha256"":""07ae6cab368cd21b7a1ac3e8150fe9a3d39ad5171ce76135ff3cccfe50c3e77e"",""source_sheet"":""中央国家行政机关参照公务员法管理事业单位"",""filter_version"":""government_tech_v2"",""tech_filter"":{""is_tech"":true,""is_core_tech"":true,""scope"":""core"",""categories"":[""computer_software"",""data_ai""],""matched_fields"":[""major"",""description""],""major_terms"":[""计算机类""],""role_terms"":[""数据处理""],""reason"":""tech_major_and_role""},""original"":{""部门代码"":""137116"",""部门名称"":""国家统计局河南调查总队"",""用人司局"":""国家统计局河南调查总队"",""机构性质"":""中央国家行政机关参照公务员法管理事业单位"",""招考职位"":""商丘调查队业务科室一级科员"",""职位属性"":""普通职位"",""职位分布"":""其他职位"",""职位简介"":""从事一线入户调查、数据处理、统计分析、统计研究等工作。"",""职位代码"":""400110116019"",""机构层级"":""市（地）级"",""考试类别"":""市（地）级及以下直属机构综合管理类"",""招考人数"":""1"",""专业"":""计算机类"",""学历"":""仅限本科"",""学位"":""学士"",""政治面貌"":""不限"",""基层工作最低年限"":""无限制"",""服务基层项目工作经历"":""无限制"",""是否在面试阶段组织专业能力测试"":""否"",""面试人员比例"":""3:1"",""工作地点"":""河南省商丘市"",""落户地点"":""河南省商丘市"",""备注"":""1.限应届高校毕业生；2.本职位专业要求均为专业目录中的“专业类”，非“专业大类（学科大类）”；3.本单位最低服务年限为5年（含试用期）。"",""部门网站"":""http://hazd.stats.gov.cn/"",""咨询电话1"":""0371-60336259"",""咨询电话2"":""0371-60336206"",""咨询电话3"":"""",""来源Sheet"":""中央国家行政机关参照公务员法管理事业单位""}}"
"government_jobs","国家公务员2025招考简章","公务员/事业单位技术岗位","河南省济源市","2026-07-28T09:12:58.310295+00:00","济源调查队业务科室一级科员","国家统计局河南调查总队","","河南省济源市","公务员/事业单位;2025;computer_software;data_ai;仅限本科;学士;计算机类，社会学、社会工作专业;市（地）级及以下直属机构综合管理类","用人司局：国家统计局河南调查总队
职位简介：从事一线入户调查、数据处理、统计分析、统计研究等工作。
专业要求：计算机类，社会学、社会工作专业
学历要求：仅限本科
学位要求：学士
政治面貌：不限
基层工作经历：无限制
考试类别：市（地）级及以下直属机构综合管理类
备注：1.限应届高校毕业生；2.本职位专业要求均为专业目录中的“专业类”，非“专业大类（学科大类）”；3.本单位最低服务年限为5年（含试用期）。","https://www.xjhc.gov.cn/xjhc/c116834/202410/a29382e11a674da3be3353af65f9fcc5.shtml#137116-400110116022","2024-10-14","{""dataset_year"":2025,""job_uid"":""GOV-2025-137116-400110116022"",""publisher"":""国家公务员局"",""publication_page"":""https://www.xjhc.gov.cn/xjhc/c116834/202410/a29382e11a674da3be3353af65f9fcc5.shtml"",""attachment_url"":""https://www.xjhc.gov.cn/xjhc/c116834/202410/a29382e11a674da3be3353af65f9fcc5/files/0536cef86e2b46ddad6aae5a3780089e.xls"",""local_source_file"":""2025_guokao_zhaokaojianzhang.xls"",""local_source_sha256"":""07ae6cab368cd21b7a1ac3e8150fe9a3d39ad5171ce76135ff3cccfe50c3e77e"",""source_sheet"":""中央国家行政机关参照公务员法管理事业单位"",""filter_version"":""government_tech_v2"",""tech_filter"":{""is_tech"":true,""is_core_tech"":true,""scope"":""core"",""categories"":[""computer_software"",""data_ai""],""matched_fields"":[""major"",""description""],""major_terms"":[""计算机类""],""role_terms"":[""数据处理""],""reason"":""tech_major_and_role""},""original"":{""部门代码"":""137116"",""部门名称"":""国家统计局河南调查总队"",""用人司局"":""国家统计局河南调查总队"",""机构性质"":""中央国家行政机关参照公务员法管理事业单位"",""招考职位"":""济源调查队业务科室一级科员"",""职位属性"":""普通职位"",""职位分布"":""其他职位"",""职位简介"":""从事一线入户调查、数据处理、统计分析、统计研究等工作。"",""职位代码"":""400110116022"",""机构层级"":""县（区）级及以下"",""考试类别"":""市（地）级及以下直属机构综合管理类"",""招考人数"":""1"",""专业"":""计算机类，社会学、社会工作专业"",""学历"":""仅限本科"",""学位"":""学士"",""政治面貌"":""不限"",""基层工作最低年限"":""无限制"",""服务基层项目工作经历"":""无限制"",""是否在面试阶段组织专业能力测试"":""否"",""面试人员比例"":""3:1"",""工作地点"":""河南省济源市"",""落户地点"":""河南省济源市"",""备注"":""1.限应届高校毕业生；2.本职位专业要求均为专业目录中的“专业类”，非“专业大类（学科大类）”；3.本单位最低服务年限为5年（含试用期）。"",""部门网站"":""http://hazd.stats.gov.cn/"",""咨询电话1"":""0371-60336259"",""咨询电话2"":""0371-60336206"",""咨询电话3"":"""",""来源Sheet"":""中央国家行政机关参照公务员法管理事业单位""}}"
"government_jobs","国家公务员2025招考简章","公务员/事业单位技术岗位","河南省郑州市中牟县","2026-07-28T09:12:58.310295+00:00","中牟调查队一级科员（1）","国家统计局河南调查总队","","河南省郑州市中牟县","公务员/事业单位;2025;computer_software;data_ai;仅限本科;学士;统计学类、数学类、计算机类;市（地）级及以下直属机构综合管理类","用人司局：国家统计局河南调查总队
职位简介：从事一线入户调查、数据处理、统计分析、统计研究等工作。
专业要求：统计学类、数学类、计算机类
学历要求：仅限本科
学位要求：学士
政治面貌：不限
基层工作经历：无限制
考试类别：市（地）级及以下直属机构综合管理类
备注：1.本职位限招男性；2.限应届高校毕业生；3.本职位专业要求均为专业目录中的“专业类”，非“专业大类（学科大类）”；4.本单位最低服务年限为5年（含试用期）。","https://www.xjhc.gov.cn/xjhc/c116834/202410/a29382e11a674da3be3353af65f9fcc5.shtml#137116-400110116023","2024-10-14","{""dataset_year"":2025,""job_uid"":""GOV-2025-137116-400110116023"",""publisher"":""国家公务员局"",""publication_page"":""https://www.xjhc.gov.cn/xjhc/c116834/202410/a29382e11a674da3be3353af65f9fcc5.shtml"",""attachment_url"":""https://www.xjhc.gov.cn/xjhc/c116834/202410/a29382e11a674da3be3353af65f9fcc5/files/0536cef86e2b46ddad6aae5a3780089e.xls"",""local_source_file"":""2025_guokao_zhaokaojianzhang.xls"",""local_source_sha256"":""07ae6cab368cd21b7a1ac3e8150fe9a3d39ad5171ce76135ff3cccfe50c3e77e"",""source_sheet"":""中央国家行政机关参照公务员法管理事业单位"",""filter_version"":""government_tech_v2"",""tech_filter"":{""is_tech"":true,""is_core_tech"":true,""scope"":""core"",""categories"":[""computer_software"",""data_ai""],""matched_fields"":[""major"",""description""],""major_terms"":[""计算机类""],""role_terms"":[""数据处理""],""reason"":""tech_major_and_role""},""original"":{""部门代码"":""137116"",""部门名称"":""国家统计局河南调查总队"",""用人司局"":""国家统计局河南调查总队"",""机构性质"":""中央国家行政机关参照公务员法管理事业单位"",""招考职位"":""中牟调查队一级科员（1）"",""职位属性"":""普通职位"",""职位分布"":""其他职位"",""职位简介"":""从事一线入户调查、数据处理、统计分析、统计研究等工作。"",""职位代码"":""400110116023"",""机构层级"":""县（区）级及以下"",""考试类别"":""市（地）级及以下直属机构综合管理类"",""招考人数"":""1"",""专业"":""统计学类、数学类、计算机类"",""学历"":""仅限本科"",""学位"":""学士"",""政治面貌"":""不限"",""基层工作最低年限"":""无限制"",""服务基层项目工作经历"":""无限制"",""是否在面试阶段组织专业能力测试"":""否"",""面试人员比例"":""3:1"",""工作地点"":""河南省郑州市中牟县"",""落户地点"":""河南省郑州市中牟县"",""备注"":""1.本职位限招男性；2.限应届高校毕业生；3.本职位专业要求均为专业目录中的“专业类”，非“专业大类（学科大类）”；4.本单位最低服务年限为5年（含试用期）。"",""部门网站"":""http://hazd.stats.gov.cn/"",""咨询电话1"":""0371-60336259"",""咨询电话2"":""0371-60336206"",""咨询电话3"":"""",""来源Sheet"":""中央国家行政机关参照公务员法管理事业单位""}}"
"government_jobs","国家公务员2025招考简章","公务员/事业单位技术岗位","河南省郑州市中牟县","2026-07-28T09:12:58.310295+00:00","中牟调查队一级科员（2）","国家统计局河南调查总队","","河南省郑州市中牟县","公务员/事业单位;2025;computer_software;data_ai;仅限本科;学士;统计学类、数学类、计算机类;市（地）级及以下直属机构综合管理类","用人司局：国家统计局河南调查总队
职位简介：从事一线入户调查、数据处理、统计分析、统计研究等工作。
专业要求：统计学类、数学类、计算机类
学历要求：仅限本科
学位要求：学士
政治面貌：不限
基层工作经历：无限制
考试类别：市（地）级及以下直属机构综合管理类
备注：1.本职位限招女性；2.限应届高校毕业生；3.本职位专业要求均为专业目录中的“专业类”，非“专业大类（学科大类）”；4.本单位最低服务年限为5年（含试用期）。","https://www.xjhc.gov.cn/xjhc/c116834/202410/a29382e11a674da3be3353af65f9fcc5.shtml#137116-400110116024","2024-10-14","{""dataset_year"":2025,""job_uid"":""GOV-2025-137116-400110116024"",""publisher"":""国家公务员局"",""publication_page"":""https://www.xjhc.gov.cn/xjhc/c116834/202410/a29382e11a674da3be3353af65f9fcc5.shtml"",""attachment_url"":""https://www.xjhc.gov.cn/xjhc/c116834/202410/a29382e11a674da3be3353af65f9fcc5/files/0536cef86e2b46ddad6aae5a3780089e.xls"",""local_source_file"":""2025_guokao_zhaokaojianzhang.xls"",""local_source_sha256"":""07ae6cab368cd21b7a1ac3e8150fe9a3d39ad5171ce76135ff3cccfe50c3e77e"",""source_sheet"":""中央国家行政机关参照公务员法管理事业单位"",""filter_version"":""government_tech_v2"",""tech_filter"":{""is_tech"":true,""is_core_tech"":true,""scope"":""core"",""categories"":[""computer_software"",""data_ai""],""matched_fields"":[""major"",""description""],""major_terms"":[""计算机类""],""role_terms"":[""数据处理""],""reason"":""tech_major_and_role""},""original"":{""部门代码"":""137116"",""部门名称"":""国家统计局河南调查总队"",""用人司局"":""国家统计局河南调查总队"",""机构性质"":""中央国家行政机关参照公务员法管理事业单位"",""招考职位"":""中牟调查队一级科员（2）"",""职位属性"":""普通职位"",""职位分布"":""其他职位"",""职位简介"":""从事一线入户调查、数据处理、统计分析、统计研究等工作。"",""职位代码"":""400110116024"",""机构层级"":""县（区）级及以下"",""考试类别"":""市（地）级及以下直属机构综合管理类"",""招考人数"":""1"",""专业"":""统计学类、数学类、计算机类"",""学历"":""仅限本科"",""学位"":""学士"",""政治面貌"":""不限"",""基层工作最低年限"":""无限制"",""服务基层项目工作经历"":""无限制"",""是否在面试阶段组织专业能力测试"":""否"",""面试人员比例"":""3:1"",""工作地点"":""河南省郑州市中牟县"",""落户地点"":""河南省郑州市中牟县"",""备注"":""1.本职位限招女性；2.限应届高校毕业生；3.本职位专业要求均为专业目录中的“专业类”，非“专业大类（学科大类）”；4.本单位最低服务年限为5年（含试用期）。"",""部门网站"":""http://hazd.stats.gov.cn/"",""咨询电话1"":""0371-60336259"",""咨询电话2"":""0371-60336206"",""咨询电话3"":"""",""来源Sheet"":""中央国家行政机关参照公务员法管理事业单位""}}"
"government_jobs","国家公务员2025招考简章","公务员/事业单位技术岗位","河南省郑州市巩义市","2026-07-28T09:12:58.310295+00:00","巩义调查队一级科员","国家统计局河南调查总队","","河南省郑州市巩义市","公务员/事业单位;2025;computer_software;data_ai;仅限本科;学士;经济学类、统计学类、数学类、计算机类、新闻传播学类、植物生产类、动物生产类、社会学类、中国语言文学类（不含汉语国际教育、手语翻译、中国少数民族语言文学专业）;市（地）级及以下直属机构综合管理类","用人司局：国家统计局河南调查总队
职位简介：从事一线入户调查、数据处理、统计分析、统计研究等工作。
专业要求：经济学类、统计学类、数学类、计算机类、新闻传播学类、植物生产类、动物生产类、社会学类、中国语言文学类（不含汉语国际教育、手语翻译、中国少数民族语言文学专业）
学历要求：仅限本科
学位要求：学士
政治面貌：不限
基层工作经历：二年
考试类别：市（地）级及以下直属机构综合管理类
备注：1.本职位要求考生服务基层项目工作经历服务期满且考核合格；2.本职位专业要求均为专业目录中的“专业类”，非“专业大类（学科大类）”；3.本单位最低服务年限为5年（含试用期）。","https://www.xjhc.gov.cn/xjhc/c116834/202410/a29382e11a674da3be3353af65f9fcc5.shtml#137116-400110116025","2024-10-14","{""dataset_year"":2025,""job_uid"":""GOV-2025-137116-400110116025"",""publisher"":""国家公务员局"",""publication_page"":""https://www.xjhc.gov.cn/xjhc/c116834/202410/a29382e11a674da3be3353af65f9fcc5.shtml"",""attachment_url"":""https://www.xjhc.gov.cn/xjhc/c116834/202410/a29382e11a674da3be3353af65f9fcc5/files/0536cef86e2b46ddad6aae5a3780089e.xls"",""local_source_file"":""2025_guokao_zhaokaojianzhang.xls"",""local_source_sha256"":""07ae6cab368cd21b7a1ac3e8150fe9a3d39ad5171ce76135ff3cccfe50c3e77e"",""source_sheet"":""中央国家行政机关参照公务员法管理事业单位"",""filter_version"":""government_tech_v2"",""tech_filter"":{""is_tech"":true,""is_core_tech"":true,""scope"":""core"",""categories"":[""computer_software"",""data_ai""],""matched_fields"":[""major"",""description""],""major_terms"":[""计算机类""],""role_terms"":[""数据处理""],""reason"":""tech_major_and_role""},""original"":{""部门代码"":""137116"",""部门名称"":""国家统计局河南调查总队"",""用人司局"":""国家统计局河南调查总队"",""机构性质"":""中央国家行政机关参照公务员法管理事业单位"",""招考职位"":""巩义调查队一级科员"",""职位属性"":""普通职位"",""职位分布"":""其他职位"",""职位简介"":""从事一线入户调查、数据处理、统计分析、统计研究等工作。"",""职位代码"":""400110116025"",""机构层级"":""县（区）级及以下"",""考试类别"":""市（地）级及以下直属机构综合管理类"",""招考人数"":""1"",""专业"":""经济学类、统计学类、数学类、计算机类、新闻传播学类、植物生产类、动物生产类、社会学类、中国语言文学类（不含汉语国际教育、手语翻译、中国少数民族语言文学专业）"",""学历"":""仅限本科"",""学位"":""学士"",""政治面貌"":""不限"",""基层工作最低年限"":""二年"",""服务基层项目工作经历"":""大学生村官、农村义务教育阶段学校教师特设岗位计划、“三支一扶”计划、大学生志愿服务西部计划、在军队服役5年（含）以上的高校毕业生退役士兵"",""是否在面试阶段组织专业能力测试"":""否"",""面试人员比例"":""3:1"",""工作地点"":""河南省郑州市巩义市"",""落户地点"":""河南省郑州市巩义市"",""备注"":""1.本职位要求考生服务基层项目工作经历服务期满且考核合格；2.本职位专业要求均为专业目录中的“专业类”，非“专业大类（学科大类）”；3.本单位最低服务年限为5年（含试用期）。"",""部门网站"":""http://hazd.stats.gov.cn/"",""咨询电话1"":""0371-60336259"",""咨询电话2"":""0371-60336206"",""咨询电话3"":"""",""来源Sheet"":""中央国家行政机关参照公务员法管理事业单位""}}"
"government_jobs","国家公务员2025招考简章","公务员/事业单位技术岗位","河南省洛阳市伊川县","2026-07-28T09:12:58.310295+00:00","伊川调查队一级科员","国家统计局河南调查总队","","河南省洛阳市伊川县","公务员/事业单位;2025;computer_software;data_ai;仅限本科;学士;经济学类、统计学类、数学类、计算机类;市（地）级及以下直属机构综合管理类","用人司局：国家统计局河南调查总队
职位简介：从事一线入户调查、数据处理、统计分析、统计研究等工作。
专业要求：经济学类、统计学类、数学类、计算机类
学历要求：仅限本科
学位要求：学士
政治面貌：不限
基层工作经历：无限制
考试类别：市（地）级及以下直属机构综合管理类
备注：1.限应届高校毕业生；2.本职位专业要求均为专业目录中的“专业类”，非“专业大类（学科大类）”；3.本单位最低服务年限为5年（含试用期）。","https://www.xjhc.gov.cn/xjhc/c116834/202410/a29382e11a674da3be3353af65f9fcc5.shtml#137116-400110116026","2024-10-14","{""dataset_year"":2025,""job_uid"":""GOV-2025-137116-400110116026"",""publisher"":""国家公务员局"",""publication_page"":""https://www.xjhc.gov.cn/xjhc/c116834/202410/a29382e11a674da3be3353af65f9fcc5.shtml"",""attachment_url"":""https://www.xjhc.gov.cn/xjhc/c116834/202410/a29382e11a674da3be3353af65f9fcc5/files/0536cef86e2b46ddad6aae5a3780089e.xls"",""local_source_file"":""2025_guokao_zhaokaojianzhang.xls"",""local_source_sha256"":""07ae6cab368cd21b7a1ac3e8150fe9a3d39ad5171ce76135ff3cccfe50c3e77e"",""source_sheet"":""中央国家行政机关参照公务员法管理事业单位"",""filter_version"":""government_tech_v2"",""tech_filter"":{""is_tech"":true,""is_core_tech"":true,""scope"":""core"",""categories"":[""computer_software"",""data_ai""],""matched_fields"":[""major"",""description""],""major_terms"":[""计算机类""],""role_terms"":[""数据处理""],""reason"":""tech_major_and_role""},""original"":{""部门代码"":""137116"",""部门名称"":""国家统计局河南调查总队"",""用人司局"":""国家统计局河南调查总队"",""机构性质"":""中央国家行政机关参照公务员法管理事业单位"",""招考职位"":""伊川调查队一级科员"",""职位属性"":""普通职位"",""职位分布"":""其他职位"",""职位简介"":""从事一线入户调查、数据处理、统计分析、统计研究等工作。"",""职位代码"":""400110116026"",""机构层级"":""县（区）级及以下"",""考试类别"":""市（地）级及以下直属机构综合管理类"",""招考人数"":""1"",""专业"":""经济学类、统计学类、数学类、计算机类"",""学历"":""仅限本科"",""学位"":""学士"",""政治面貌"":""不限"",""基层工作最低年限"":""无限制"",""服务基层项目工作经历"":""无限制"",""是否在面试阶段组织专业能力测试"":""否"",""面试人员比例"":""3:1"",""工作地点"":""河南省洛阳市伊川县"",""落户地点"":""河南省洛阳市伊川县"",""备注"":""1.限应届高校毕业生；2.本职位专业要求均为专业目录中的“专业类”，非“专业大类（学科大类）”；3.本单位最低服务年限为5年（含试用期）。"",""部门网站"":""http://hazd.stats.gov.cn/"",""咨询电话1"":""0371-60336259"",""咨询电话2"":""0371-60336206"",""咨询电话3"":"""",""来源Sheet"":""中央国家行政机关参照公务员法管理事业单位""}}"
"government_jobs","国家公务员2025招考简章","公务员/事业单位技术岗位","河南省安阳市林州市","2026-07-28T09:12:58.310295+00:00","林州调查队一级科员（1）","国家统计局河南调查总队","","河南省安阳市林州市","公务员/事业单位;2025;computer_software;data_ai;仅限本科;学士;统计学类、数学类、计算机类;市（地）级及以下直属机构综合管理类","用人司局：国家统计局河南调查总队
职位简介：从事一线入户调查、数据处理、统计分析、统计研究等工作。
专业要求：统计学类、数学类、计算机类
学历要求：仅限本科
学位要求：学士
政治面貌：不限
基层工作经历：无限制
考试类别：市（地）级及以下直属机构综合管理类
备注：1.限应届高校毕业生；2.本职位专业要求均为专业目录中的“专业类”，非“专业大类（学科大类）”；3.本单位最低服务年限为5年（含试用期）。","https://www.xjhc.gov.cn/xjhc/c116834/202410/a29382e11a674da3be3353af65f9fcc5.shtml#137116-400110116028","2024-10-14","{""dataset_year"":2025,""job_uid"":""GOV-2025-137116-400110116028"",""publisher"":""国家公务员局"",""publication_page"":""https://www.xjhc.gov.cn/xjhc/c116834/202410/a29382e11a674da3be3353af65f9fcc5.shtml"",""attachment_url"":""https://www.xjhc.gov.cn/xjhc/c116834/202410/a29382e11a674da3be3353af65f9fcc5/files/0536cef86e2b46ddad6aae5a3780089e.xls"",""local_source_file"":""2025_guokao_zhaokaojianzhang.xls"",""local_source_sha256"":""07ae6cab368cd21b7a1ac3e8150fe9a3d39ad5171ce76135ff3cccfe50c3e77e"",""source_sheet"":""中央国家行政机关参照公务员法管理事业单位"",""filter_version"":""government_tech_v2"",""tech_filter"":{""is_tech"":true,""is_core_tech"":true,""scope"":""core"",""categories"":[""computer_software"",""data_ai""],""matched_fields"":[""major"",""description""],""major_terms"":[""计算机类""],""role_terms"":[""数据处理""],""reason"":""tech_major_and_role""},""original"":{""部门代码"":""137116"",""部门名称"":""国家统计局河南调查总队"",""用人司局"":""国家统计局河南调查总队"",""机构性质"":""中央国家行政机关参照公务员法管理事业单位"",""招考职位"":""林州调查队一级科员（1）"",""职位属性"":""普通职位"",""职位分布"":""其他职位"",""职位简介"":""从事一线入户调查、数据处理、统计分析、统计研究等工作。"",""职位代码"":""400110116028"",""机构层级"":""县（区）级及以下"",""考试类别"":""市（地）级及以下直属机构综合管理类"",""招考人数"":""2"",""专业"":""统计学类、数学类、计算机类"",""学历"":""仅限本科"",""学位"":""学士"",""政治面貌"":""不限"",""基层工作最低年限"":""无限制"",""服务基层项目工作经历"":""无限制"",""是否在面试阶段组织专业能力测试"":""否"",""面试人员比例"":""3:1"",""工作地点"":""河南省安阳市林州市"",""落户地点"":""河南省安阳市林州市"",""备注"":""1.限应届高校毕业生；2.本职位专业要求均为专业目录中的“专业类”，非“专业大类（学科大类）”；3.本单位最低服务年限为5年（含试用期）。"",""部门网站"":""http://hazd.stats.gov.cn/"",""咨询电话1"":""0371-60336259"",""咨询电话2"":""0371-60336206"",""咨询电话3"":"""",""来源Sheet"":""中央国家行政机关参照公务员法管理事业单位""}}"
"government_jobs","国家公务员2025招考简章","公务员/事业单位技术岗位","河南省安阳市林州市","2026-07-28T09:12:58.310295+00:00","林州调查队一级科员（2）","国家统计局河南调查总队","","河南省安阳市林州市","公务员/事业单位;2025;computer_software;data_ai;仅限本科;学士;经济学类、统计学类、数学类、计算机类、新闻传播学类、植物生产类、动物生产类、社会学类、中国语言文学类（不含汉语国际教育、手语翻译、中国少数民族语言文学专业）;市（地）级及以下直属机构综合管理类","用人司局：国家统计局河南调查总队
职位简介：从事一线入户调查、数据处理、统计分析、统计研究等工作。
专业要求：经济学类、统计学类、数学类、计算机类、新闻传播学类、植物生产类、动物生产类、社会学类、中国语言文学类（不含汉语国际教育、手语翻译、中国少数民族语言文学专业）
学历要求：仅限本科
学位要求：学士
政治面貌：中共党员
基层工作经历：二年
考试类别：市（地）级及以下直属机构综合管理类
备注：1.本职位要求考生服务基层项目工作经历服务期满且考核合格；2.本职位专业要求均为专业目录中的“专业类”，非“专业大类（学科大类）”；3.本单位最低服务年限为5年（含试用期）。","https://www.xjhc.gov.cn/xjhc/c116834/202410/a29382e11a674da3be3353af65f9fcc5.shtml#137116-400110116029","2024-10-14","{""dataset_year"":2025,""job_uid"":""GOV-2025-137116-400110116029"",""publisher"":""国家公务员局"",""publication_page"":""https://www.xjhc.gov.cn/xjhc/c116834/202410/a29382e11a674da3be3353af65f9fcc5.shtml"",""attachment_url"":""https://www.xjhc.gov.cn/xjhc/c116834/202410/a29382e11a674da3be3353af65f9fcc5/files/0536cef86e2b46ddad6aae5a3780089e.xls"",""local_source_file"":""2025_guokao_zhaokaojianzhang.xls"",""local_source_sha256"":""07ae6cab368cd21b7a1ac3e8150fe9a3d39ad5171ce76135ff3cccfe50c3e77e"",""source_sheet"":""中央国家行政机关参照公务员法管理事业单位"",""filter_version"":""government_tech_v2"",""tech_filter"":{""is_tech"":true,""is_core_tech"":true,""scope"":""core"",""categories"":[""computer_software"",""data_ai""],""matched_fields"":[""major"",""description""],""major_terms"":[""计算机类""],""role_terms"":[""数据处理""],""reason"":""tech_major_and_role""},""original"":{""部门代码"":""137116"",""部门名称"":""国家统计局河南调查总队"",""用人司局"":""国家统计局河南调查总队"",""机构性质"":""中央国家行政机关参照公务员法管理事业单位"",""招考职位"":""林州调查队一级科员（2）"",""职位属性"":""普通职位"",""职位分布"":""其他职位"",""职位简介"":""从事一线入户调查、数据处理、统计分析、统计研究等工作。"",""职位代码"":""400110116029"",""机构层级"":""县（区）级及以下"",""考试类别"":""市（地）级及以下直属机构综合管理类"",""招考人数"":""1"",""专业"":""经济学类、统计学类、数学类、计算机类、新闻传播学类、植物生产类、动物生产类、社会学类、中国语言文学类（不含汉语国际教育、手语翻译、中国少数民族语言文学专业）"",""学历"":""仅限本科"",""学位"":""学士"",""政治面貌"":""中共党员"",""基层工作最低年限"":""二年"",""服务基层项目工作经历"":""大学生村官、农村义务教育阶段学校教师特设岗位计划、“三支一扶”计划、大学生志愿服务西部计划、在军队服役5年（含）以上的高校毕业生退役士兵"",""是否在面试阶段组织专业能力测试"":""否"",""面试人员比例"":""3:1"",""工作地点"":""河南省安阳市林州市"",""落户地点"":""河南省安阳市林州市"",""备注"":""1.本职位要求考生服务基层项目工作经历服务期满且考核合格；2.本职位专业要求均为专业目录中的“专业类”，非“专业大类（学科大类）”；3.本单位最低服务年限为5年（含试用期）。"",""部门网站"":""http://hazd.stats.gov.cn/"",""咨询电话1"":""0371-60336259"",""咨询电话2"":""0371-60336206"",""咨询电话3"":"""",""来源Sheet"":""中央国家行政机关参照公务员法管理事业单位""}}"
"government_jobs","国家公务员2025招考简章","公务员/事业单位技术岗位","河南省安阳市汤阴县","2026-07-28T09:12:58.310295+00:00","汤阴调查队一级科员（1）","国家统计局河南调查总队","","河南省安阳市汤阴县","公务员/事业单位;2025;computer_software;data_ai;仅限本科;学士;统计学类、数学类、计算机类;市（地）级及以下直属机构综合管理类","用人司局：国家统计局河南调查总队
职位简介：从事一线入户调查、数据处理、统计分析、统计研究等工作。
专业要求：统计学类、数学类、计算机类
学历要求：仅限本科
学位要求：学士
政治面貌：不限
基层工作经历：无限制
考试类别：市（地）级及以下直属机构综合管理类
备注：1.本职位限招男性；2.限应届高校毕业生；3.本职位专业要求均为专业目录中的“专业类”，非“专业大类（学科大类）”；4.本单位最低服务年限为5年（含试用期）。","https://www.xjhc.gov.cn/xjhc/c116834/202410/a29382e11a674da3be3353af65f9fcc5.shtml#137116-400110116030","2024-10-14","{""dataset_year"":2025,""job_uid"":""GOV-2025-137116-400110116030"",""publisher"":""国家公务员局"",""publication_page"":""https://www.xjhc.gov.cn/xjhc/c116834/202410/a29382e11a674da3be3353af65f9fcc5.shtml"",""attachment_url"":""https://www.xjhc.gov.cn/xjhc/c116834/202410/a29382e11a674da3be3353af65f9fcc5/files/0536cef86e2b46ddad6aae5a3780089e.xls"",""local_source_file"":""2025_guokao_zhaokaojianzhang.xls"",""local_source_sha256"":""07ae6cab368cd21b7a1ac3e8150fe9a3d39ad5171ce76135ff3cccfe50c3e77e"",""source_sheet"":""中央国家行政机关参照公务员法管理事业单位"",""filter_version"":""government_tech_v2"",""tech_filter"":{""is_tech"":true,""is_core_tech"":true,""scope"":""core"",""categories"":[""computer_software"",""data_ai""],""matched_fields"":[""major"",""description""],""major_terms"":[""计算机类""],""role_terms"":[""数据处理""],""reason"":""tech_major_and_role""},""original"":{""部门代码"":""137116"",""部门名称"":""国家统计局河南调查总队"",""用人司局"":""国家统计局河南调查总队"",""机构性质"":""中央国家行政机关参照公务员法管理事业单位"",""招考职位"":""汤阴调查队一级科员（1）"",""职位属性"":""普通职位"",""职位分布"":""其他职位"",""职位简介"":""从事一线入户调查、数据处理、统计分析、统计研究等工作。"",""职位代码"":""400110116030"",""机构层级"":""县（区）级及以下"",""考试类别"":""市（地）级及以下直属机构综合管理类"",""招考人数"":""1"",""专业"":""统计学类、数学类、计算机类"",""学历"":""仅限本科"",""学位"":""学士"",""政治面貌"":""不限"",""基层工作最低年限"":""无限制"",""服务基层项目工作经历"":""无限制"",""是否在面试阶段组织专业能力测试"":""否"",""面试人员比例"":""3:1"",""工作地点"":""河南省安阳市汤阴县"",""落户地点"":""河南省安阳市汤阴县"",""备注"":""1.本职位限招男性；2.限应届高校毕业生；3.本职位专业要求均为专业目录中的“专业类”，非“专业大类（学科大类）”；4.本单位最低服务年限为5年（含试用期）。"",""部门网站"":""http://hazd.stats.gov.cn/"",""咨询电话1"":""0371-60336259"",""咨询电话2"":""0371-60336206"",""咨询电话3"":"""",""来源Sheet"":""中央国家行政机关参照公务员法管理事业单位""}}"
"government_jobs","国家公务员2025招考简章","公务员/事业单位技术岗位","河南省安阳市汤阴县","2026-07-28T09:12:58.310295+00:00","汤阴调查队一级科员（2）","国家统计局河南调查总队","","河南省安阳市汤阴县","公务员/事业单位;2025;computer_software;data_ai;仅限本科;学士;统计学类、数学类、计算机类;市（地）级及以下直属机构综合管理类","用人司局：国家统计局河南调查总队
职位简介：从事一线入户调查、数据处理、统计分析、统计研究等工作。
专业要求：统计学类、数学类、计算机类
学历要求：仅限本科
学位要求：学士
政治面貌：不限
基层工作经历：无限制
考试类别：市（地）级及以下直属机构综合管理类
备注：1.本职位限招女性；2.限应届高校毕业生；3.本职位专业要求均为专业目录中的“专业类”，非“专业大类（学科大类）”；4.本单位最低服务年限为5年（含试用期）。","https://www.xjhc.gov.cn/xjhc/c116834/202410/a29382e11a674da3be3353af65f9fcc5.shtml#137116-400110116031","2024-10-14","{""dataset_year"":2025,""job_uid"":""GOV-2025-137116-400110116031"",""publisher"":""国家公务员局"",""publication_page"":""https://www.xjhc.gov.cn/xjhc/c116834/202410/a29382e11a674da3be3353af65f9fcc5.shtml"",""attachment_url"":""https://www.xjhc.gov.cn/xjhc/c116834/202410/a29382e11a674da3be3353af65f9fcc5/files/0536cef86e2b46ddad6aae5a3780089e.xls"",""local_source_file"":""2025_guokao_zhaokaojianzhang.xls"",""local_source_sha256"":""07ae6cab368cd21b7a1ac3e8150fe9a3d39ad5171ce76135ff3cccfe50c3e77e"",""source_sheet"":""中央国家行政机关参照公务员法管理事业单位"",""filter_version"":""government_tech_v2"",""tech_filter"":{""is_tech"":true,""is_core_tech"":true,""scope"":""core"",""categories"":[""computer_software"",""data_ai""],""matched_fields"":[""major"",""description""],""major_terms"":[""计算机类""],""role_terms"":[""数据处理""],""reason"":""tech_major_and_role""},""original"":{""部门代码"":""137116"",""部门名称"":""国家统计局河南调查总队"",""用人司局"":""国家统计局河南调查总队"",""机构性质"":""中央国家行政机关参照公务员法管理事业单位"",""招考职位"":""汤阴调查队一级科员（2）"",""职位属性"":""普通职位"",""职位分布"":""其他职位"",""职位简介"":""从事一线入户调查、数据处理、统计分析、统计研究等工作。"",""职位代码"":""400110116031"",""机构层级"":""县（区）级及以下"",""考试类别"":""市（地）级及以下直属机构综合管理类"",""招考人数"":""1"",""专业"":""统计学类、数学类、计算机类"",""学历"":""仅限本科"",""学位"":""学士"",""政治面貌"":""不限"",""基层工作最低年限"":""无限制"",""服务基层项目工作经历"":""无限制"",""是否在面试阶段组织专业能力测试"":""否"",""面试人员比例"":""3:1"",""工作地点"":""河南省安阳市汤阴县"",""落户地点"":""河南省安阳市汤阴县"",""备注"":""1.本职位限招女性；2.限应届高校毕业生；3.本职位专业要求均为专业目录中的“专业类”，非“专业大类（学科大类）”；4.本单位最低服务年限为5年（含试用期）。"",""部门网站"":""http://hazd.stats.gov.cn/"",""咨询电话1"":""0371-60336259"",""咨询电话2"":""0371-60336206"",""咨询电话3"":"""",""来源Sheet"":""中央国家行政机关参照公务员法管理事业单位""}}"
"government_jobs","国家公务员2025招考简章","公务员/事业单位技术岗位","河南省安阳市滑县","2026-07-28T09:12:58.310295+00:00","滑县调查队一级科员","国家统计局河南调查总队","","河南省安阳市滑县","公务员/事业单位;2025;computer_software;data_ai;仅限本科;学士;统计学类、数学类、计算机类;市（地）级及以下直属机构综合管理类","用人司局：国家统计局河南调查总队
职位简介：从事一线入户调查、数据处理、统计分析、统计研究等工作。
专业要求：统计学类、数学类、计算机类
学历要求：仅限本科
学位要求：学士
政治面貌：不限
基层工作经历：无限制
考试类别：市（地）级及以下直属机构综合管理类
备注：1.限应届高校毕业生；2.本职位专业要求均为专业目录中的“专业类”，非“专业大类（学科大类）”；3.本单位最低服务年限为5年（含试用期）。","https://www.xjhc.gov.cn/xjhc/c116834/202410/a29382e11a674da3be3353af65f9fcc5.shtml#137116-400110116032","2024-10-14","{""dataset_year"":2025,""job_uid"":""GOV-2025-137116-400110116032"",""publisher"":""国家公务员局"",""publication_page"":""https://www.xjhc.gov.cn/xjhc/c116834/202410/a29382e11a674da3be3353af65f9fcc5.shtml"",""attachment_url"":""https://www.xjhc.gov.cn/xjhc/c116834/202410/a29382e11a674da3be3353af65f9fcc5/files/0536cef86e2b46ddad6aae5a3780089e.xls"",""local_source_file"":""2025_guokao_zhaokaojianzhang.xls"",""local_source_sha256"":""07ae6cab368cd21b7a1ac3e8150fe9a3d39ad5171ce76135ff3cccfe50c3e77e"",""source_sheet"":""中央国家行政机关参照公务员法管理事业单位"",""filter_version"":""government_tech_v2"",""tech_filter"":{""is_tech"":true,""is_core_tech"":true,""scope"":""core"",""categories"":[""computer_software"",""data_ai""],""matched_fields"":[""major"",""description""],""major_terms"":[""计算机类""],""role_terms"":[""数据处理""],""reason"":""tech_major_and_role""},""original"":{""部门代码"":""137116"",""部门名称"":""国家统计局河南调查总队"",""用人司局"":""国家统计局河南调查总队"",""机构性质"":""中央国家行政机关参照公务员法管理事业单位"",""招考职位"":""滑县调查队一级科员"",""职位属性"":""普通职位"",""职位分布"":""其他职位"",""职位简介"":""从事一线入户调查、数据处理、统计分析、统计研究等工作。"",""职位代码"":""400110116032"",""机构层级"":""县（区）级及以下"",""考试类别"":""市（地）级及以下直属机构综合管理类"",""招考人数"":""1"",""专业"":""统计学类、数学类、计算机类"",""学历"":""仅限本科"",""学位"":""学士"",""政治面貌"":""不限"",""基层工作最低年限"":""无限制"",""服务基层项目工作经历"":""无限制"",""是否在面试阶段组织专业能力测试"":""否"",""面试人员比例"":""3:1"",""工作地点"":""河南省安阳市滑县"",""落户地点"":""河南省安阳市滑县"",""备注"":""1.限应届高校毕业生；2.本职位专业要求均为专业目录中的“专业类”，非“专业大类（学科大类）”；3.本单位最低服务年限为5年（含试用期）。"",""部门网站"":""http://hazd.stats.gov.cn/"",""咨询电话1"":""0371-60336259"",""咨询电话2"":""0371-60336206"",""咨询电话3"":"""",""来源Sheet"":""中央国家行政机关参照公务员法管理事业单位""}}"
"government_jobs","国家公务员2025招考简章","公务员/事业单位技术岗位","河南省新乡市长垣市","2026-07-28T09:12:58.310295+00:00","长垣调查队一级科员","国家统计局河南调查总队","","河南省新乡市长垣市","公务员/事业单位;2025;computer_software;data_ai;仅限本科;学士;统计学类、数学类、计算机类;市（地）级及以下直属机构综合管理类","用人司局：国家统计局河南调查总队
职位简介：从事一线入户调查、数据处理、统计分析、统计研究等工作。
专业要求：统计学类、数学类、计算机类
学历要求：仅限本科
学位要求：学士
政治面貌：不限
基层工作经历：无限制
考试类别：市（地）级及以下直属机构综合管理类
备注：1.限应届高校毕业生；2.本职位专业要求均为专业目录中的“专业类”，非“专业大类（学科大类）”；3.本单位最低服务年限为5年（含试用期）。","https://www.xjhc.gov.cn/xjhc/c116834/202410/a29382e11a674da3be3353af65f9fcc5.shtml#137116-400110116033","2024-10-14","{""dataset_year"":2025,""job_uid"":""GOV-2025-137116-400110116033"",""publisher"":""国家公务员局"",""publication_page"":""https://www.xjhc.gov.cn/xjhc/c116834/202410/a29382e11a674da3be3353af65f9fcc5.shtml"",""attachment_url"":""https://www.xjhc.gov.cn/xjhc/c116834/202410/a29382e11a674da3be3353af65f9fcc5/files/0536cef86e2b46ddad6aae5a3780089e.xls"",""local_source_file"":""2025_guokao_zhaokaojianzhang.xls"",""local_source_sha256"":""07ae6cab368cd21b7a1ac3e8150fe9a3d39ad5171ce76135ff3cccfe50c3e77e"",""source_sheet"":""中央国家行政机关参照公务员法管理事业单位"",""filter_version"":""government_tech_v2"",""tech_filter"":{""is_tech"":true,""is_core_tech"":true,""scope"":""core"",""categories"":[""computer_software"",""data_ai""],""matched_fields"":[""major"",""description""],""major_terms"":[""计算机类""],""role_terms"":[""数据处理""],""reason"":""tech_major_and_role""},""original"":{""部门代码"":""137116"",""部门名称"":""国家统计局河南调查总队"",""用人司局"":""国家统计局河南调查总队"",""机构性质"":""中央国家行政机关参照公务员法管理事业单位"",""招考职位"":""长垣调查队一级科员"",""职位属性"":""普通职位"",""职位分布"":""其他职位"",""职位简介"":""从事一线入户调查、数据处理、统计分析、统计研究等工作。"",""职位代码"":""400110116033"",""机构层级"":""县（区）级及以下"",""考试类别"":""市（地）级及以下直属机构综合管理类"",""招考人数"":""1"",""专业"":""统计学类、数学类、计算机类"",""学历"":""仅限本科"",""学位"":""学士"",""政治面貌"":""不限"",""基层工作最低年限"":""无限制"",""服务基层项目工作经历"":""无限制"",""是否在面试阶段组织专业能力测试"":""否"",""面试人员比例"":""3:1"",""工作地点"":""河南省新乡市长垣市"",""落户地点"":""河南省新乡市长垣市"",""备注"":""1.限应届高校毕业生；2.本职位专业要求均为专业目录中的“专业类”，非“专业大类（学科大类）”；3.本单位最低服务年限为5年（含试用期）。"",""部门网站"":""http://hazd.stats.gov.cn/"",""咨询电话1"":""0371-60336259"",""咨询电话2"":""0371-60336206"",""咨询电话3"":"""",""来源Sheet"":""中央国家行政机关参照公务员法管理事业单位""}}"
"government_jobs","国家公务员2025招考简章","公务员/事业单位技术岗位","河南省新乡市卫辉市","2026-07-28T09:12:58.310295+00:00","卫辉调查队一级科员","国家统计局河南调查总队","","河南省新乡市卫辉市","公务员/事业单位;2025;computer_software;data_ai;仅限本科;学士;统计学类、数学类、计算机类;市（地）级及以下直属机构综合管理类","用人司局：国家统计局河南调查总队
职位简介：从事一线入户调查、数据处理、统计分析、统计研究等工作。
专业要求：统计学类、数学类、计算机类
学历要求：仅限本科
学位要求：学士
政治面貌：不限
基层工作经历：无限制
考试类别：市（地）级及以下直属机构综合管理类
备注：1.限应届高校毕业生；2.本职位专业要求均为专业目录中的“专业类”，非“专业大类（学科大类）”；3.本单位最低服务年限为5年（含试用期）。","https://www.xjhc.gov.cn/xjhc/c116834/202410/a29382e11a674da3be3353af65f9fcc5.shtml#137116-400110116034","2024-10-14","{""dataset_year"":2025,""job_uid"":""GOV-2025-137116-400110116034"",""publisher"":""国家公务员局"",""publication_page"":""https://www.xjhc.gov.cn/xjhc/c116834/202410/a29382e11a674da3be3353af65f9fcc5.shtml"",""attachment_url"":""https://www.xjhc.gov.cn/xjhc/c116834/202410/a29382e11a674da3be3353af65f9fcc5/files/0536cef86e2b46ddad6aae5a3780089e.xls"",""local_source_file"":""2025_guokao_zhaokaojianzhang.xls"",""local_source_sha256"":""07ae6cab368cd21b7a1ac3e8150fe9a3d39ad5171ce76135ff3cccfe50c3e77e"",""source_sheet"":""中央国家行政机关参照公务员法管理事业单位"",""filter_version"":""government_tech_v2"",""tech_filter"":{""is_tech"":true,""is_core_tech"":true,""scope"":""core"",""categories"":[""computer_software"",""data_ai""],""matched_fields"":[""major"",""description""],""major_terms"":[""计算机类""],""role_terms"":[""数据处理""],""reason"":""tech_major_and_role""},""original"":{""部门代码"":""137116"",""部门名称"":""国家统计局河南调查总队"",""用人司局"":""国家统计局河南调查总队"",""机构性质"":""中央国家行政机关参照公务员法管理事业单位"",""招考职位"":""卫辉调查队一级科员"",""职位属性"":""普通职位"",""职位分布"":""其他职位"",""职位简介"":""从事一线入户调查、数据处理、统计分析、统计研究等工作。"",""职位代码"":""400110116034"",""机构层级"":""县（区）级及以下"",""考试类别"":""市（地）级及以下直属机构综合管理类"",""招考人数"":""1"",""专业"":""统计学类、数学类、计算机类"",""学历"":""仅限本科"",""学位"":""学士"",""政治面貌"":""不限"",""基层工作最低年限"":""无限制"",""服务基层项目工作经历"":""无限制"",""是否在面试阶段组织专业能力测试"":""否"",""面试人员比例"":""3:1"",""工作地点"":""河南省新乡市卫辉市"",""落户地点"":""河南省新乡市卫辉市"",""备注"":""1.限应届高校毕业生；2.本职位专业要求均为专业目录中的“专业类”，非“专业大类（学科大类）”；3.本单位最低服务年限为5年（含试用期）。"",""部门网站"":""http://hazd.stats.gov.cn/"",""咨询电话1"":""0371-60336259"",""咨询电话2"":""0371-60336206"",""咨询电话3"":"""",""来源Sheet"":""中央国家行政机关参照公务员法管理事业单位""}}"
"government_jobs","国家公务员2025招考简章","公务员/事业单位技术岗位","河南省新乡市辉县市","2026-07-28T09:12:58.310295+00:00","辉县调查队一级科员（1）","国家统计局河南调查总队","","河南省新乡市辉县市","公务员/事业单位;2025;computer_software;data_ai;仅限本科;学士;统计类、数学类、计算机类;市（地）级及以下直属机构综合管理类","用人司局：国家统计局河南调查总队
职位简介：从事一线入户调查、数据处理、统计分析、统计研究等工作。
专业要求：统计类、数学类、计算机类
学历要求：仅限本科
学位要求：学士
政治面貌：不限
基层工作经历：无限制
考试类别：市（地）级及以下直属机构综合管理类
备注：1.限应届高校毕业生；2.本职位专业要求均为专业目录中的“专业类”，非“专业大类（学科大类）”；3.本单位最低服务年限为5年（含试用期）。","https://www.xjhc.gov.cn/xjhc/c116834/202410/a29382e11a674da3be3353af65f9fcc5.shtml#137116-400110116035","2024-10-14","{""dataset_year"":2025,""job_uid"":""GOV-2025-137116-400110116035"",""publisher"":""国家公务员局"",""publication_page"":""https://www.xjhc.gov.cn/xjhc/c116834/202410/a29382e11a674da3be3353af65f9fcc5.shtml"",""attachment_url"":""https://www.xjhc.gov.cn/xjhc/c116834/202410/a29382e11a674da3be3353af65f9fcc5/files/0536cef86e2b46ddad6aae5a3780089e.xls"",""local_source_file"":""2025_guokao_zhaokaojianzhang.xls"",""local_source_sha256"":""07ae6cab368cd21b7a1ac3e8150fe9a3d39ad5171ce76135ff3cccfe50c3e77e"",""source_sheet"":""中央国家行政机关参照公务员法管理事业单位"",""filter_version"":""government_tech_v2"",""tech_filter"":{""is_tech"":true,""is_core_tech"":true,""scope"":""core"",""categories"":[""computer_software"",""data_ai""],""matched_fields"":[""major"",""description""],""major_terms"":[""计算机类""],""role_terms"":[""数据处理""],""reason"":""tech_major_and_role""},""original"":{""部门代码"":""137116"",""部门名称"":""国家统计局河南调查总队"",""用人司局"":""国家统计局河南调查总队"",""机构性质"":""中央国家行政机关参照公务员法管理事业单位"",""招考职位"":""辉县调查队一级科员（1）"",""职位属性"":""普通职位"",""职位分布"":""其他职位"",""职位简介"":""从事一线入户调查、数据处理、统计分析、统计研究等工作。"",""职位代码"":""400110116035"",""机构层级"":""县（区）级及以下"",""考试类别"":""市（地）级及以下直属机构综合管理类"",""招考人数"":""1"",""专业"":""统计类、数学类、计算机类"",""学历"":""仅限本科"",""学位"":""学士"",""政治面貌"":""不限"",""基层工作最低年限"":""无限制"",""服务基层项目工作经历"":""无限制"",""是否在面试阶段组织专业能力测试"":""否"",""面试人员比例"":""3:1"",""工作地点"":""河南省新乡市辉县市"",""落户地点"":""河南省新乡市辉县市"",""备注"":""1.限应届高校毕业生；2.本职位专业要求均为专业目录中的“专业类”，非“专业大类（学科大类）”；3.本单位最低服务年限为5年（含试用期）。"",""部门网站"":""http://hazd.stats.gov.cn/"",""咨询电话1"":""0371-60336259"",""咨询电话2"":""0371-60336206"",""咨询电话3"":"""",""来源Sheet"":""中央国家行政机关参照公务员法管理事业单位""}}"
"government_jobs","国家公务员2025招考简章","公务员/事业单位技术岗位","河南省新乡市辉县市","2026-07-28T09:12:58.310295+00:00","辉县调查队一级科员（2）","国家统计局河南调查总队","","河南省新乡市辉县市","公务员/事业单位;2025;computer_software;data_ai;仅限本科;学士;经济学类、统计学类、数学类、计算机类、新闻传播学类、植物生产类、动物生产类、社会学类、中国语言文学类（不含汉语国际教育、手语翻译、中国少数民族语言文学专业）;市（地）级及以下直属机构综合管理类","用人司局：国家统计局河南调查总队
职位简介：从事一线入户调查、数据处理、统计分析、统计研究等工作。
专业要求：经济学类、统计学类、数学类、计算机类、新闻传播学类、植物生产类、动物生产类、社会学类、中国语言文学类（不含汉语国际教育、手语翻译、中国少数民族语言文学专业）
学历要求：仅限本科
学位要求：学士
政治面貌：不限
基层工作经历：二年
考试类别：市（地）级及以下直属机构综合管理类
备注：1.本职位要求考生服务基层项目工作经历服务期满且考核合格；2.本职位专业要求均为专业目录中的“专业类”，非“专业大类（学科大类）”；3.本单位最低服务年限为5年（含试用期）。","https://www.xjhc.gov.cn/xjhc/c116834/202410/a29382e11a674da3be3353af65f9fcc5.shtml#137116-400110116036","2024-10-14","{""dataset_year"":2025,""job_uid"":""GOV-2025-137116-400110116036"",""publisher"":""国家公务员局"",""publication_page"":""https://www.xjhc.gov.cn/xjhc/c116834/202410/a29382e11a674da3be3353af65f9fcc5.shtml"",""attachment_url"":""https://www.xjhc.gov.cn/xjhc/c116834/202410/a29382e11a674da3be3353af65f9fcc5/files/0536cef86e2b46ddad6aae5a3780089e.xls"",""local_source_file"":""2025_guokao_zhaokaojianzhang.xls"",""local_source_sha256"":""07ae6cab368cd21b7a1ac3e8150fe9a3d39ad5171ce76135ff3cccfe50c3e77e"",""source_sheet"":""中央国家行政机关参照公务员法管理事业单位"",""filter_version"":""government_tech_v2"",""tech_filter"":{""is_tech"":true,""is_core_tech"":true,""scope"":""core"",""categories"":[""computer_software"",""data_ai""],""matched_fields"":[""major"",""description""],""major_terms"":[""计算机类""],""role_terms"":[""数据处理""],""reason"":""tech_major_and_role""},""original"":{""部门代码"":""137116"",""部门名称"":""国家统计局河南调查总队"",""用人司局"":""国家统计局河南调查总队"",""机构性质"":""中央国家行政机关参照公务员法管理事业单位"",""招考职位"":""辉县调查队一级科员（2）"",""职位属性"":""普通职位"",""职位分布"":""其他职位"",""职位简介"":""从事一线入户调查、数据处理、统计分析、统计研究等工作。"",""职位代码"":""400110116036"",""机构层级"":""县（区）级及以下"",""考试类别"":""市（地）级及以下直属机构综合管理类"",""招考人数"":""1"",""专业"":""经济学类、统计学类、数学类、计算机类、新闻传播学类、植物生产类、动物生产类、社会学类、中国语言文学类（不含汉语国际教育、手语翻译、中国少数民族语言文学专业）"",""学历"":""仅限本科"",""学位"":""学士"",""政治面貌"":""不限"",""基层工作最低年限"":""二年"",""服务基层项目工作经历"":""大学生村官、农村义务教育阶段学校教师特设岗位计划、“三支一扶”计划、大学生志愿服务西部计划、在军队服役5年（含）以上的高校毕业生退役士兵"",""是否在面试阶段组织专业能力测试"":""否"",""面试人员比例"":""3:1"",""工作地点"":""河南省新乡市辉县市"",""落户地点"":""河南省新乡市辉县市"",""备注"":""1.本职位要求考生服务基层项目工作经历服务期满且考核合格；2.本职位专业要求均为专业目录中的“专业类”，非“专业大类（学科大类）”；3.本单位最低服务年限为5年（含试用期）。"",""部门网站"":""http://hazd.stats.gov.cn/"",""咨询电话1"":""0371-60336259"",""咨询电话2"":""0371-60336206"",""咨询电话3"":"""",""来源Sheet"":""中央国家行政机关参照公务员法管理事业单位""}}"
"government_jobs","国家公务员2025招考简章","公务员/事业单位技术岗位","河南省南阳市邓州市","2026-07-28T09:12:58.310295+00:00","邓州调查队一级科员","国家统计局河南调查总队","","河南省南阳市邓州市","公务员/事业单位;2025;computer_software;data_ai;仅限本科;学士;经济学类、统计学类、数学类、计算机类、新闻传播学类、植物生产类、动物生产类、社会学类、中国语言文学类（不含汉语国际教育、手语翻译、中国少数民族语言文学专业）;市（地）级及以下直属机构综合管理类","用人司局：国家统计局河南调查总队
职位简介：从事一线入户调查、数据处理、统计分析、统计研究等工作。
专业要求：经济学类、统计学类、数学类、计算机类、新闻传播学类、植物生产类、动物生产类、社会学类、中国语言文学类（不含汉语国际教育、手语翻译、中国少数民族语言文学专业）
学历要求：仅限本科
学位要求：学士
政治面貌：不限
基层工作经历：二年
考试类别：市（地）级及以下直属机构综合管理类
备注：1.本职位要求考生服务基层项目工作经历服务期满且考核合格；2.本职位专业要求均为专业目录中的“专业类”，非“专业大类（学科大类）”；3.本单位最低服务年限为5年（含试用期）。","https://www.xjhc.gov.cn/xjhc/c116834/202410/a29382e11a674da3be3353af65f9fcc5.shtml#137116-400110116040","2024-10-14","{""dataset_year"":2025,""job_uid"":""GOV-2025-137116-400110116040"",""publisher"":""国家公务员局"",""publication_page"":""https://www.xjhc.gov.cn/xjhc/c116834/202410/a29382e11a674da3be3353af65f9fcc5.shtml"",""attachment_url"":""https://www.xjhc.gov.cn/xjhc/c116834/202410/a29382e11a674da3be3353af65f9fcc5/files/0536cef86e2b46ddad6aae5a3780089e.xls"",""local_source_file"":""2025_guokao_zhaokaojianzhang.xls"",""local_source_sha256"":""07ae6cab368cd21b7a1ac3e8150fe9a3d39ad5171ce76135ff3cccfe50c3e77e"",""source_sheet"":""中央国家行政机关参照公务员法管理事业单位"",""filter_version"":""government_tech_v2"",""tech_filter"":{""is_tech"":true,""is_core_tech"":true,""scope"":""core"",""categories"":[""computer_software"",""data_ai""],""matched_fields"":[""major"",""description""],""major_terms"":[""计算机类""],""role_terms"":[""数据处理""],""reason"":""tech_major_and_role""},""original"":{""部门代码"":""137116"",""部门名称"":""国家统计局河南调查总队"",""用人司局"":""国家统计局河南调查总队"",""机构性质"":""中央国家行政机关参照公务员法管理事业单位"",""招考职位"":""邓州调查队一级科员"",""职位属性"":""普通职位"",""职位分布"":""其他职位"",""职位简介"":""从事一线入户调查、数据处理、统计分析、统计研究等工作。"",""职位代码"":""400110116040"",""机构层级"":""县（区）级及以下"",""考试类别"":""市（地）级及以下直属机构综合管理类"",""招考人数"":""1"",""专业"":""经济学类、统计学类、数学类、计算机类、新闻传播学类、植物生产类、动物生产类、社会学类、中国语言文学类（不含汉语国际教育、手语翻译、中国少数民族语言文学专业）"",""学历"":""仅限本科"",""学位"":""学士"",""政治面貌"":""不限"",""基层工作最低年限"":""二年"",""服务基层项目工作经历"":""大学生村官、农村义务教育阶段学校教师特设岗位计划、“三支一扶”计划、大学生志愿服务西部计划、在军队服役5年（含）以上的高校毕业生退役士兵"",""是否在面试阶段组织专业能力测试"":""否"",""面试人员比例"":""3:1"",""工作地点"":""河南省南阳市邓州市"",""落户地点"":""河南省南阳市邓州市"",""备注"":""1.本职位要求考生服务基层项目工作经历服务期满且考核合格；2.本职位专业要求均为专业目录中的“专业类”，非“专业大类（学科大类）”；3.本单位最低服务年限为5年（含试用期）。"",""部门网站"":""http://hazd.stats.gov.cn/"",""咨询电话1"":""0371-60336259"",""咨询电话2"":""0371-60336206"",""咨询电话3"":"""",""来源Sheet"":""中央国家行政机关参照公务员法管理事业单位""}}"
"government_jobs","国家公务员2025招考简章","公务员/事业单位技术岗位","河南省南阳市方城县","2026-07-28T09:12:58.310295+00:00","方城调查队一级科员","国家统计局河南调查总队","","河南省南阳市方城县","公务员/事业单位;2025;computer_software;data_ai;仅限本科;学士;统计学类、数学类、计算机类，会计学专业;市（地）级及以下直属机构综合管理类","用人司局：国家统计局河南调查总队
职位简介：从事一线入户调查、数据处理、统计分析、统计研究等工作。
专业要求：统计学类、数学类、计算机类，会计学专业
学历要求：仅限本科
学位要求：学士
政治面貌：不限
基层工作经历：无限制
考试类别：市（地）级及以下直属机构综合管理类
备注：1.限应届高校毕业生；2.本职位专业要求均为专业目录中的“专业类”，非“专业大类（学科大类）”；3.本单位最低服务年限为5年（含试用期）。","https://www.xjhc.gov.cn/xjhc/c116834/202410/a29382e11a674da3be3353af65f9fcc5.shtml#137116-400110116042","2024-10-14","{""dataset_year"":2025,""job_uid"":""GOV-2025-137116-400110116042"",""publisher"":""国家公务员局"",""publication_page"":""https://www.xjhc.gov.cn/xjhc/c116834/202410/a29382e11a674da3be3353af65f9fcc5.shtml"",""attachment_url"":""https://www.xjhc.gov.cn/xjhc/c116834/202410/a29382e11a674da3be3353af65f9fcc5/files/0536cef86e2b46ddad6aae5a3780089e.xls"",""local_source_file"":""2025_guokao_zhaokaojianzhang.xls"",""local_source_sha256"":""07ae6cab368cd21b7a1ac3e8150fe9a3d39ad5171ce76135ff3cccfe50c3e77e"",""source_sheet"":""中央国家行政机关参照公务员法管理事业单位"",""filter_version"":""government_tech_v2"",""tech_filter"":{""is_tech"":true,""is_core_tech"":true,""scope"":""core"",""categories"":[""computer_software"",""data_ai""],""matched_fields"":[""major"",""description""],""major_terms"":[""计算机类""],""role_terms"":[""数据处理""],""reason"":""tech_major_and_role""},""original"":{""部门代码"":""137116"",""部门名称"":""国家统计局河南调查总队"",""用人司局"":""国家统计局河南调查总队"",""机构性质"":""中央国家行政机关参照公务员法管理事业单位"",""招考职位"":""方城调查队一级科员"",""职位属性"":""普通职位"",""职位分布"":""其他职位"",""职位简介"":""从事一线入户调查、数据处理、统计分析、统计研究等工作。"",""职位代码"":""400110116042"",""机构层级"":""县（区）级及以下"",""考试类别"":""市（地）级及以下直属机构综合管理类"",""招考人数"":""1"",""专业"":""统计学类、数学类、计算机类，会计学专业"",""学历"":""仅限本科"",""学位"":""学士"",""政治面貌"":""不限"",""基层工作最低年限"":""无限制"",""服务基层项目工作经历"":""无限制"",""是否在面试阶段组织专业能力测试"":""否"",""面试人员比例"":""3:1"",""工作地点"":""河南省南阳市方城县"",""落户地点"":""河南省南阳市方城县"",""备注"":""1.限应届高校毕业生；2.本职位专业要求均为专业目录中的“专业类”，非“专业大类（学科大类）”；3.本单位最低服务年限为5年（含试用期）。"",""部门网站"":""http://hazd.stats.gov.cn/"",""咨询电话1"":""0371-60336259"",""咨询电话2"":""0371-60336206"",""咨询电话3"":"""",""来源Sheet"":""中央国家行政机关参照公务员法管理事业单位""}}"
"government_jobs","国家公务员2025招考简章","公务员/事业单位技术岗位","河南省商丘市虞城县","2026-07-28T09:12:58.310295+00:00","虞城调查队一级科员","国家统计局河南调查总队","","河南省商丘市虞城县","公务员/事业单位;2025;computer_software;data_ai;仅限本科;学士;经济学类、统计学类、数学类、计算机类、新闻传播学类、植物生产类、动物生产类、社会学类、中国语言文学类（不含汉语国际教育、手语翻译、中国少数民族语言文学专业）;市（地）级及以下直属机构综合管理类","用人司局：国家统计局河南调查总队
职位简介：从事一线入户调查、数据处理、统计分析、统计研究等工作。
专业要求：经济学类、统计学类、数学类、计算机类、新闻传播学类、植物生产类、动物生产类、社会学类、中国语言文学类（不含汉语国际教育、手语翻译、中国少数民族语言文学专业）
学历要求：仅限本科
学位要求：学士
政治面貌：不限
基层工作经历：二年
考试类别：市（地）级及以下直属机构综合管理类
备注：1.本职位要求考生服务基层项目工作经历服务期满且考核合格；2.本职位专业要求均为专业目录中的“专业类”，非“专业大类（学科大类）”；3.本单位最低服务年限为5年（含试用期）。","https://www.xjhc.gov.cn/xjhc/c116834/202410/a29382e11a674da3be3353af65f9fcc5.shtml#137116-400110116043","2024-10-14","{""dataset_year"":2025,""job_uid"":""GOV-2025-137116-400110116043"",""publisher"":""国家公务员局"",""publication_page"":""https://www.xjhc.gov.cn/xjhc/c116834/202410/a29382e11a674da3be3353af65f9fcc5.shtml"",""attachment_url"":""https://www.xjhc.gov.cn/xjhc/c116834/202410/a29382e11a674da3be3353af65f9fcc5/files/0536cef86e2b46ddad6aae5a3780089e.xls"",""local_source_file"":""2025_guokao_zhaokaojianzhang.xls"",""local_source_sha256"":""07ae6cab368cd21b7a1ac3e8150fe9a3d39ad5171ce76135ff3cccfe50c3e77e"",""source_sheet"":""中央国家行政机关参照公务员法管理事业单位"",""filter_version"":""government_tech_v2"",""tech_filter"":{""is_tech"":true,""is_core_tech"":true,""scope"":""core"",""categories"":[""computer_software"",""data_ai""],""matched_fields"":[""major"",""description""],""major_terms"":[""计算机类""],""role_terms"":[""数据处理""],""reason"":""tech_major_and_role""},""original"":{""部门代码"":""137116"",""部门名称"":""国家统计局河南调查总队"",""用人司局"":""国家统计局河南调查总队"",""机构性质"":""中央国家行政机关参照公务员法管理事业单位"",""招考职位"":""虞城调查队一级科员"",""职位属性"":""普通职位"",""职位分布"":""其他职位"",""职位简介"":""从事一线入户调查、数据处理、统计分析、统计研究等工作。"",""职位代码"":""400110116043"",""机构层级"":""县（区）级及以下"",""考试类别"":""市（地）级及以下直属机构综合管理类"",""招考人数"":""1"",""专业"":""经济学类、统计学类、数学类、计算机类、新闻传播学类、植物生产类、动物生产类、社会学类、中国语言文学类（不含汉语国际教育、手语翻译、中国少数民族语言文学专业）"",""学历"":""仅限本科"",""学位"":""学士"",""政治面貌"":""不限"",""基层工作最低年限"":""二年"",""服务基层项目工作经历"":""大学生村官、农村义务教育阶段学校教师特设岗位计划、“三支一扶”计划、大学生志愿服务西部计划、在军队服役5年（含）以上的高校毕业生退役士兵"",""是否在面试阶段组织专业能力测试"":""否"",""面试人员比例"":""3:1"",""工作地点"":""河南省商丘市虞城县"",""落户地点"":""河南省商丘市虞城县"",""备注"":""1.本职位要求考生服务基层项目工作经历服务期满且考核合格；2.本职位专业要求均为专业目录中的“专业类”，非“专业大类（学科大类）”；3.本单位最低服务年限为5年（含试用期）。"",""部门网站"":""http://hazd.stats.gov.cn/"",""咨询电话1"":""0371-60336259"",""咨询电话2"":""0371-60336206"",""咨询电话3"":"""",""来源Sheet"":""中央国家行政机关参照公务员法管理事业单位""}}"
"government_jobs","国家公务员2025招考简章","公务员/事业单位技术岗位","河南省信阳市潢川县","2026-07-28T09:12:58.310295+00:00","潢川调查队一级科员","国家统计局河南调查总队","","河南省信阳市潢川县","公务员/事业单位;2025;computer_software;data_ai;仅限本科;学士;经济学类、统计学类、数学类、计算机类、新闻传播学类、植物生产类、动物生产类、社会学类、中国语言文学类（不含汉语国际教育、手语翻译、中国少数民族语言文学专业）;市（地）级及以下直属机构综合管理类","用人司局：国家统计局河南调查总队
职位简介：从事一线入户调查、数据处理、统计分析、统计研究等工作。
专业要求：经济学类、统计学类、数学类、计算机类、新闻传播学类、植物生产类、动物生产类、社会学类、中国语言文学类（不含汉语国际教育、手语翻译、中国少数民族语言文学专业）
学历要求：仅限本科
学位要求：学士
政治面貌：不限
基层工作经历：二年
考试类别：市（地）级及以下直属机构综合管理类
备注：1.本职位要求考生服务基层项目工作经历服务期满且考核合格；2.本职位专业要求均为专业目录中的“专业类”，非“专业大类（学科大类）”；3.本单位最低服务年限为5年（含试用期）。","https://www.xjhc.gov.cn/xjhc/c116834/202410/a29382e11a674da3be3353af65f9fcc5.shtml#137116-400110116045","2024-10-14","{""dataset_year"":2025,""job_uid"":""GOV-2025-137116-400110116045"",""publisher"":""国家公务员局"",""publication_page"":""https://www.xjhc.gov.cn/xjhc/c116834/202410/a29382e11a674da3be3353af65f9fcc5.shtml"",""attachment_url"":""https://www.xjhc.gov.cn/xjhc/c116834/202410/a29382e11a674da3be3353af65f9fcc5/files/0536cef86e2b46ddad6aae5a3780089e.xls"",""local_source_file"":""2025_guokao_zhaokaojianzhang.xls"",""local_source_sha256"":""07ae6cab368cd21b7a1ac3e8150fe9a3d39ad5171ce76135ff3cccfe50c3e77e"",""source_sheet"":""中央国家行政机关参照公务员法管理事业单位"",""filter_version"":""government_tech_v2"",""tech_filter"":{""is_tech"":true,""is_core_tech"":true,""scope"":""core"",""categories"":[""computer_software"",""data_ai""],""matched_fields"":[""major"",""description""],""major_terms"":[""计算机类""],""role_terms"":[""数据处理""],""reason"":""tech_major_and_role""},""original"":{""部门代码"":""137116"",""部门名称"":""国家统计局河南调查总队"",""用人司局"":""国家统计局河南调查总队"",""机构性质"":""中央国家行政机关参照公务员法管理事业单位"",""招考职位"":""潢川调查队一级科员"",""职位属性"":""普通职位"",""职位分布"":""其他职位"",""职位简介"":""从事一线入户调查、数据处理、统计分析、统计研究等工作。"",""职位代码"":""400110116045"",""机构层级"":""县（区）级及以下"",""考试类别"":""市（地）级及以下直属机构综合管理类"",""招考人数"":""1"",""专业"":""经济学类、统计学类、数学类、计算机类、新闻传播学类、植物生产类、动物生产类、社会学类、中国语言文学类（不含汉语国际教育、手语翻译、中国少数民族语言文学专业）"",""学历"":""仅限本科"",""学位"":""学士"",""政治面貌"":""不限"",""基层工作最低年限"":""二年"",""服务基层项目工作经历"":""大学生村官、农村义务教育阶段学校教师特设岗位计划、“三支一扶”计划、大学生志愿服务西部计划、在军队服役5年（含）以上的高校毕业生退役士兵"",""是否在面试阶段组织专业能力测试"":""否"",""面试人员比例"":""3:1"",""工作地点"":""河南省信阳市潢川县"",""落户地点"":""河南省信阳市潢川县"",""备注"":""1.本职位要求考生服务基层项目工作经历服务期满且考核合格；2.本职位专业要求均为专业目录中的“专业类”，非“专业大类（学科大类）”；3.本单位最低服务年限为5年（含试用期）。"",""部门网站"":""http://hazd.stats.gov.cn/"",""咨询电话1"":""0371-60336259"",""咨询电话2"":""0371-60336206"",""咨询电话3"":"""",""来源Sheet"":""中央国家行政机关参照公务员法管理事业单位""}}"
"government_jobs","国家公务员2025招考简章","公务员/事业单位技术岗位","河南省周口市郸城县","2026-07-28T09:12:58.310295+00:00","郸城调查队一级科员","国家统计局河南调查总队","","河南省周口市郸城县","公务员/事业单位;2025;computer_software;data_ai;仅限本科;学士;统计学类、数学类、计算机类;市（地）级及以下直属机构综合管理类","用人司局：国家统计局河南调查总队
职位简介：从事一线入户调查、数据处理、统计分析、统计研究等工作。
专业要求：统计学类、数学类、计算机类
学历要求：仅限本科
学位要求：学士
政治面貌：不限
基层工作经历：无限制
考试类别：市（地）级及以下直属机构综合管理类
备注：1.限应届高校毕业生；2.本职位专业要求均为专业目录中的“专业类”，非“专业大类（学科大类）”；3.本单位最低服务年限为5年（含试用期）。","https://www.xjhc.gov.cn/xjhc/c116834/202410/a29382e11a674da3be3353af65f9fcc5.shtml#137116-400110116046","2024-10-14","{""dataset_year"":2025,""job_uid"":""GOV-2025-137116-400110116046"",""publisher"":""国家公务员局"",""publication_page"":""https://www.xjhc.gov.cn/xjhc/c116834/202410/a29382e11a674da3be3353af65f9fcc5.shtml"",""attachment_url"":""https://www.xjhc.gov.cn/xjhc/c116834/202410/a29382e11a674da3be3353af65f9fcc5/files/0536cef86e2b46ddad6aae5a3780089e.xls"",""local_source_file"":""2025_guokao_zhaokaojianzhang.xls"",""local_source_sha256"":""07ae6cab368cd21b7a1ac3e8150fe9a3d39ad5171ce76135ff3cccfe50c3e77e"",""source_sheet"":""中央国家行政机关参照公务员法管理事业单位"",""filter_version"":""government_tech_v2"",""tech_filter"":{""is_tech"":true,""is_core_tech"":true,""scope"":""core"",""categories"":[""computer_software"",""data_ai""],""matched_fields"":[""major"",""description""],""major_terms"":[""计算机类""],""role_terms"":[""数据处理""],""reason"":""tech_major_and_role""},""original"":{""部门代码"":""137116"",""部门名称"":""国家统计局河南调查总队"",""用人司局"":""国家统计局河南调查总队"",""机构性质"":""中央国家行政机关参照公务员法管理事业单位"",""招考职位"":""郸城调查队一级科员"",""职位属性"":""普通职位"",""职位分布"":""其他职位"",""职位简介"":""从事一线入户调查、数据处理、统计分析、统计研究等工作。"",""职位代码"":""400110116046"",""机构层级"":""县（区）级及以下"",""考试类别"":""市（地）级及以下直属机构综合管理类"",""招考人数"":""1"",""专业"":""统计学类、数学类、计算机类"",""学历"":""仅限本科"",""学位"":""学士"",""政治面貌"":""不限"",""基层工作最低年限"":""无限制"",""服务基层项目工作经历"":""无限制"",""是否在面试阶段组织专业能力测试"":""否"",""面试人员比例"":""3:1"",""工作地点"":""河南省周口市郸城县"",""落户地点"":""河南省周口市郸城县"",""备注"":""1.限应届高校毕业生；2.本职位专业要求均为专业目录中的“专业类”，非“专业大类（学科大类）”；3.本单位最低服务年限为5年（含试用期）。"",""部门网站"":""http://hazd.stats.gov.cn/"",""咨询电话1"":""0371-60336259"",""咨询电话2"":""0371-60336206"",""咨询电话3"":"""",""来源Sheet"":""中央国家行政机关参照公务员法管理事业单位""}}"
"government_jobs","国家公务员2025招考简章","公务员/事业单位技术岗位","河南省周口市淮阳区","2026-07-28T09:12:58.310295+00:00","淮阳调查队一级科员（1）","国家统计局河南调查总队","","河南省周口市淮阳区","公务员/事业单位;2025;computer_software;data_ai;仅限本科;学士;统计学类、数学类、计算机类;市（地）级及以下直属机构综合管理类","用人司局：国家统计局河南调查总队
职位简介：从事一线入户调查、数据处理、统计分析、统计研究等工作。
专业要求：统计学类、数学类、计算机类
学历要求：仅限本科
学位要求：学士
政治面貌：不限
基层工作经历：无限制
考试类别：市（地）级及以下直属机构综合管理类
备注：1.限应届高校毕业生；2.本职位专业要求均为专业目录中的“专业类”，非“专业大类（学科大类）”；3.本单位最低服务年限为5年（含试用期）。","https://www.xjhc.gov.cn/xjhc/c116834/202410/a29382e11a674da3be3353af65f9fcc5.shtml#137116-400110116047","2024-10-14","{""dataset_year"":2025,""job_uid"":""GOV-2025-137116-400110116047"",""publisher"":""国家公务员局"",""publication_page"":""https://www.xjhc.gov.cn/xjhc/c116834/202410/a29382e11a674da3be3353af65f9fcc5.shtml"",""attachment_url"":""https://www.xjhc.gov.cn/xjhc/c116834/202410/a29382e11a674da3be3353af65f9fcc5/files/0536cef86e2b46ddad6aae5a3780089e.xls"",""local_source_file"":""2025_guokao_zhaokaojianzhang.xls"",""local_source_sha256"":""07ae6cab368cd21b7a1ac3e8150fe9a3d39ad5171ce76135ff3cccfe50c3e77e"",""source_sheet"":""中央国家行政机关参照公务员法管理事业单位"",""filter_version"":""government_tech_v2"",""tech_filter"":{""is_tech"":true,""is_core_tech"":true,""scope"":""core"",""categories"":[""computer_software"",""data_ai""],""matched_fields"":[""major"",""description""],""major_terms"":[""计算机类""],""role_terms"":[""数据处理""],""reason"":""tech_major_and_role""},""original"":{""部门代码"":""137116"",""部门名称"":""国家统计局河南调查总队"",""用人司局"":""国家统计局河南调查总队"",""机构性质"":""中央国家行政机关参照公务员法管理事业单位"",""招考职位"":""淮阳调查队一级科员（1）"",""职位属性"":""普通职位"",""职位分布"":""其他职位"",""职位简介"":""从事一线入户调查、数据处理、统计分析、统计研究等工作。"",""职位代码"":""400110116047"",""机构层级"":""县（区）级及以下"",""考试类别"":""市（地）级及以下直属机构综合管理类"",""招考人数"":""1"",""专业"":""统计学类、数学类、计算机类"",""学历"":""仅限本科"",""学位"":""学士"",""政治面貌"":""不限"",""基层工作最低年限"":""无限制"",""服务基层项目工作经历"":""无限制"",""是否在面试阶段组织专业能力测试"":""否"",""面试人员比例"":""3:1"",""工作地点"":""河南省周口市淮阳区"",""落户地点"":""河南省周口市淮阳区"",""备注"":""1.限应届高校毕业生；2.本职位专业要求均为专业目录中的“专业类”，非“专业大类（学科大类）”；3.本单位最低服务年限为5年（含试用期）。"",""部门网站"":""http://hazd.stats.gov.cn/"",""咨询电话1"":""0371-60336259"",""咨询电话2"":""0371-60336206"",""咨询电话3"":"""",""来源Sheet"":""中央国家行政机关参照公务员法管理事业单位""}}"
"government_jobs","国家公务员2025招考简章","公务员/事业单位技术岗位","河南省周口市淮阳区","2026-07-28T09:12:58.310295+00:00","淮阳调查队一级科员（2）","国家统计局河南调查总队","","河南省周口市淮阳区","公务员/事业单位;2025;computer_software;data_ai;仅限本科;学士;经济学类、统计学类、数学类、计算机类、新闻传播学类、植物生产类、动物生产类、社会学类、中国语言文学类（不含汉语国际教育、手语翻译、中国少数民族语言文学专业）;市（地）级及以下直属机构综合管理类","用人司局：国家统计局河南调查总队
职位简介：从事一线入户调查、数据处理、统计分析、统计研究等工作。
专业要求：经济学类、统计学类、数学类、计算机类、新闻传播学类、植物生产类、动物生产类、社会学类、中国语言文学类（不含汉语国际教育、手语翻译、中国少数民族语言文学专业）
学历要求：仅限本科
学位要求：学士
政治面貌：不限
基层工作经历：二年
考试类别：市（地）级及以下直属机构综合管理类
备注：1.本职位要求考生服务基层项目工作经历服务期满且考核合格；2.本职位专业要求均为专业目录中的“专业类”，非“专业大类（学科大类）”；3.本单位最低服务年限为5年（含试用期）。","https://www.xjhc.gov.cn/xjhc/c116834/202410/a29382e11a674da3be3353af65f9fcc5.shtml#137116-400110116048","2024-10-14","{""dataset_year"":2025,""job_uid"":""GOV-2025-137116-400110116048"",""publisher"":""国家公务员局"",""publication_page"":""https://www.xjhc.gov.cn/xjhc/c116834/202410/a29382e11a674da3be3353af65f9fcc5.shtml"",""attachment_url"":""https://www.xjhc.gov.cn/xjhc/c116834/202410/a29382e11a674da3be3353af65f9fcc5/files/0536cef86e2b46ddad6aae5a3780089e.xls"",""local_source_file"":""2025_guokao_zhaokaojianzhang.xls"",""local_source_sha256"":""07ae6cab368cd21b7a1ac3e8150fe9a3d39ad5171ce76135ff3cccfe50c3e77e"",""source_sheet"":""中央国家行政机关参照公务员法管理事业单位"",""filter_version"":""government_tech_v2"",""tech_filter"":{""is_tech"":true,""is_core_tech"":true,""scope"":""core"",""categories"":[""computer_software"",""data_ai""],""matched_fields"":[""major"",""description""],""major_terms"":[""计算机类""],""role_terms"":[""数据处理""],""reason"":""tech_major_and_role""},""original"":{""部门代码"":""137116"",""部门名称"":""国家统计局河南调查总队"",""用人司局"":""国家统计局河南调查总队"",""机构性质"":""中央国家行政机关参照公务员法管理事业单位"",""招考职位"":""淮阳调查队一级科员（2）"",""职位属性"":""普通职位"",""职位分布"":""其他职位"",""职位简介"":""从事一线入户调查、数据处理、统计分析、统计研究等工作。"",""职位代码"":""400110116048"",""机构层级"":""县（区）级及以下"",""考试类别"":""市（地）级及以下直属机构综合管理类"",""招考人数"":""1"",""专业"":""经济学类、统计学类、数学类、计算机类、新闻传播学类、植物生产类、动物生产类、社会学类、中国语言文学类（不含汉语国际教育、手语翻译、中国少数民族语言文学专业）"",""学历"":""仅限本科"",""学位"":""学士"",""政治面貌"":""不限"",""基层工作最低年限"":""二年"",""服务基层项目工作经历"":""大学生村官、农村义务教育阶段学校教师特设岗位计划、“三支一扶”计划、大学生志愿服务西部计划、在军队服役5年（含）以上的高校毕业生退役士兵"",""是否在面试阶段组织专业能力测试"":""否"",""面试人员比例"":""3:1"",""工作地点"":""河南省周口市淮阳区"",""落户地点"":""河南省周口市淮阳区"",""备注"":""1.本职位要求考生服务基层项目工作经历服务期满且考核合格；2.本职位专业要求均为专业目录中的“专业类”，非“专业大类（学科大类）”；3.本单位最低服务年限为5年（含试用期）。"",""部门网站"":""http://hazd.stats.gov.cn/"",""咨询电话1"":""0371-60336259"",""咨询电话2"":""0371-60336206"",""咨询电话3"":"""",""来源Sheet"":""中央国家行政机关参照公务员法管理事业单位""}}"
"government_jobs","国家公务员2025招考简章","公务员/事业单位技术岗位","河南省驻马店市西平县","2026-07-28T09:12:58.310295+00:00","西平调查队一级科员","国家统计局河南调查总队","","河南省驻马店市西平县","公务员/事业单位;2025;computer_software;data_ai;仅限本科;学士;经济学类、统计学类、数学类、计算机类、新闻传播学类、植物生产类、动物生产类、社会学类、中国语言文学类（不含汉语国际教育、手语翻译、中国少数民族语言文学专业）;市（地）级及以下直属机构综合管理类","用人司局：国家统计局河南调查总队
职位简介：从事一线入户调查、数据处理、统计分析、统计研究等工作。
专业要求：经济学类、统计学类、数学类、计算机类、新闻传播学类、植物生产类、动物生产类、社会学类、中国语言文学类（不含汉语国际教育、手语翻译、中国少数民族语言文学专业）
学历要求：仅限本科
学位要求：学士
政治面貌：不限
基层工作经历：二年
考试类别：市（地）级及以下直属机构综合管理类
备注：1.本职位要求考生服务基层项目工作经历服务期满且考核合格；2.本职位专业要求均为专业目录中的“专业类”，非“专业大类（学科大类）”；3.本单位最低服务年限为5年（含试用期）。","https://www.xjhc.gov.cn/xjhc/c116834/202410/a29382e11a674da3be3353af65f9fcc5.shtml#137116-400110116049","2024-10-14","{""dataset_year"":2025,""job_uid"":""GOV-2025-137116-400110116049"",""publisher"":""国家公务员局"",""publication_page"":""https://www.xjhc.gov.cn/xjhc/c116834/202410/a29382e11a674da3be3353af65f9fcc5.shtml"",""attachment_url"":""https://www.xjhc.gov.cn/xjhc/c116834/202410/a29382e11a674da3be3353af65f9fcc5/files/0536cef86e2b46ddad6aae5a3780089e.xls"",""local_source_file"":""2025_guokao_zhaokaojianzhang.xls"",""local_source_sha256"":""07ae6cab368cd21b7a1ac3e8150fe9a3d39ad5171ce76135ff3cccfe50c3e77e"",""source_sheet"":""中央国家行政机关参照公务员法管理事业单位"",""filter_version"":""government_tech_v2"",""tech_filter"":{""is_tech"":true,""is_core_tech"":true,""scope"":""core"",""categories"":[""computer_software"",""data_ai""],""matched_fields"":[""major"",""description""],""major_terms"":[""计算机类""],""role_terms"":[""数据处理""],""reason"":""tech_major_and_role""},""original"":{""部门代码"":""137116"",""部门名称"":""国家统计局河南调查总队"",""用人司局"":""国家统计局河南调查总队"",""机构性质"":""中央国家行政机关参照公务员法管理事业单位"",""招考职位"":""西平调查队一级科员"",""职位属性"":""普通职位"",""职位分布"":""其他职位"",""职位简介"":""从事一线入户调查、数据处理、统计分析、统计研究等工作。"",""职位代码"":""400110116049"",""机构层级"":""县（区）级及以下"",""考试类别"":""市（地）级及以下直属机构综合管理类"",""招考人数"":""1"",""专业"":""经济学类、统计学类、数学类、计算机类、新闻传播学类、植物生产类、动物生产类、社会学类、中国语言文学类（不含汉语国际教育、手语翻译、中国少数民族语言文学专业）"",""学历"":""仅限本科"",""学位"":""学士"",""政治面貌"":""不限"",""基层工作最低年限"":""二年"",""服务基层项目工作经历"":""大学生村官、农村义务教育阶段学校教师特设岗位计划、“三支一扶”计划、大学生志愿服务西部计划、在军队服役5年（含）以上的高校毕业生退役士兵"",""是否在面试阶段组织专业能力测试"":""否"",""面试人员比例"":""3:1"",""工作地点"":""河南省驻马店市西平县"",""落户地点"":""河南省驻马店市西平县"",""备注"":""1.本职位要求考生服务基层项目工作经历服务期满且考核合格；2.本职位专业要求均为专业目录中的“专业类”，非“专业大类（学科大类）”；3.本单位最低服务年限为5年（含试用期）。"",""部门网站"":""http://hazd.stats.gov.cn/"",""咨询电话1"":""0371-60336259"",""咨询电话2"":""0371-60336206"",""咨询电话3"":"""",""来源Sheet"":""中央国家行政机关参照公务员法管理事业单位""}}"
"government_jobs","国家公务员2025招考简章","公务员/事业单位技术岗位","河南省驻马店市泌阳县","2026-07-28T09:12:58.310295+00:00","泌阳调查队一级科员","国家统计局河南调查总队","","河南省驻马店市泌阳县","公务员/事业单位;2025;computer_software;data_ai;仅限本科;学士;统计学类、数学类、计算机类;市（地）级及以下直属机构综合管理类","用人司局：国家统计局河南调查总队
职位简介：从事一线入户调查、数据处理、统计分析、统计研究等工作。
专业要求：统计学类、数学类、计算机类
学历要求：仅限本科
学位要求：学士
政治面貌：不限
基层工作经历：无限制
考试类别：市（地）级及以下直属机构综合管理类
备注：1.限应届高校毕业生；2.本职位专业要求均为专业目录中的“专业类”，非“专业大类（学科大类）”；3.本单位最低服务年限为5年（含试用期）。","https://www.xjhc.gov.cn/xjhc/c116834/202410/a29382e11a674da3be3353af65f9fcc5.shtml#137116-400110116050","2024-10-14","{""dataset_year"":2025,""job_uid"":""GOV-2025-137116-400110116050"",""publisher"":""国家公务员局"",""publication_page"":""https://www.xjhc.gov.cn/xjhc/c116834/202410/a29382e11a674da3be3353af65f9fcc5.shtml"",""attachment_url"":""https://www.xjhc.gov.cn/xjhc/c116834/202410/a29382e11a674da3be3353af65f9fcc5/files/0536cef86e2b46ddad6aae5a3780089e.xls"",""local_source_file"":""2025_guokao_zhaokaojianzhang.xls"",""local_source_sha256"":""07ae6cab368cd21b7a1ac3e8150fe9a3d39ad5171ce76135ff3cccfe50c3e77e"",""source_sheet"":""中央国家行政机关参照公务员法管理事业单位"",""filter_version"":""government_tech_v2"",""tech_filter"":{""is_tech"":true,""is_core_tech"":true,""scope"":""core"",""categories"":[""computer_software"",""data_ai""],""matched_fields"":[""major"",""description""],""major_terms"":[""计算机类""],""role_terms"":[""数据处理""],""reason"":""tech_major_and_role""},""original"":{""部门代码"":""137116"",""部门名称"":""国家统计局河南调查总队"",""用人司局"":""国家统计局河南调查总队"",""机构性质"":""中央国家行政机关参照公务员法管理事业单位"",""招考职位"":""泌阳调查队一级科员"",""职位属性"":""普通职位"",""职位分布"":""其他职位"",""职位简介"":""从事一线入户调查、数据处理、统计分析、统计研究等工作。"",""职位代码"":""400110116050"",""机构层级"":""县（区）级及以下"",""考试类别"":""市（地）级及以下直属机构综合管理类"",""招考人数"":""1"",""专业"":""统计学类、数学类、计算机类"",""学历"":""仅限本科"",""学位"":""学士"",""政治面貌"":""不限"",""基层工作最低年限"":""无限制"",""服务基层项目工作经历"":""无限制"",""是否在面试阶段组织专业能力测试"":""否"",""面试人员比例"":""3:1"",""工作地点"":""河南省驻马店市泌阳县"",""落户地点"":""河南省驻马店市泌阳县"",""备注"":""1.限应届高校毕业生；2.本职位专业要求均为专业目录中的“专业类”，非“专业大类（学科大类）”；3.本单位最低服务年限为5年（含试用期）。"",""部门网站"":""http://hazd.stats.gov.cn/"",""咨询电话1"":""0371-60336259"",""咨询电话2"":""0371-60336206"",""咨询电话3"":"""",""来源Sheet"":""中央国家行政机关参照公务员法管理事业单位""}}"
"government_jobs","国家公务员2025招考简章","公务员/事业单位技术岗位","河南省驻马店市新蔡县","2026-07-28T09:12:58.310295+00:00","新蔡调查队一级科员","国家统计局河南调查总队","","河南省驻马店市新蔡县","公务员/事业单位;2025;computer_software;data_ai;仅限本科;学士;统计学类、数学类、计算机类;市（地）级及以下直属机构综合管理类","用人司局：国家统计局河南调查总队
职位简介：从事一线入户调查、数据处理、统计分析、统计研究等工作。
专业要求：统计学类、数学类、计算机类
学历要求：仅限本科
学位要求：学士
政治面貌：不限
基层工作经历：无限制
考试类别：市（地）级及以下直属机构综合管理类
备注：1.限应届高校毕业生；2.本职位专业要求均为专业目录中的“专业类”，非“专业大类（学科大类）”；3.本单位最低服务年限为5年（含试用期）。","https://www.xjhc.gov.cn/xjhc/c116834/202410/a29382e11a674da3be3353af65f9fcc5.shtml#137116-400110116051","2024-10-14","{""dataset_year"":2025,""job_uid"":""GOV-2025-137116-400110116051"",""publisher"":""国家公务员局"",""publication_page"":""https://www.xjhc.gov.cn/xjhc/c116834/202410/a29382e11a674da3be3353af65f9fcc5.shtml"",""attachment_url"":""https://www.xjhc.gov.cn/xjhc/c116834/202410/a29382e11a674da3be3353af65f9fcc5/files/0536cef86e2b46ddad6aae5a3780089e.xls"",""local_source_file"":""2025_guokao_zhaokaojianzhang.xls"",""local_source_sha256"":""07ae6cab368cd21b7a1ac3e8150fe9a3d39ad5171ce76135ff3cccfe50c3e77e"",""source_sheet"":""中央国家行政机关参照公务员法管理事业单位"",""filter_version"":""government_tech_v2"",""tech_filter"":{""is_tech"":true,""is_core_tech"":true,""scope"":""core"",""categories"":[""computer_software"",""data_ai""],""matched_fields"":[""major"",""description""],""major_terms"":[""计算机类""],""role_terms"":[""数据处理""],""reason"":""tech_major_and_role""},""original"":{""部门代码"":""137116"",""部门名称"":""国家统计局河南调查总队"",""用人司局"":""国家统计局河南调查总队"",""机构性质"":""中央国家行政机关参照公务员法管理事业单位"",""招考职位"":""新蔡调查队一级科员"",""职位属性"":""普通职位"",""职位分布"":""其他职位"",""职位简介"":""从事一线入户调查、数据处理、统计分析、统计研究等工作。"",""职位代码"":""400110116051"",""机构层级"":""县（区）级及以下"",""考试类别"":""市（地）级及以下直属机构综合管理类"",""招考人数"":""1"",""专业"":""统计学类、数学类、计算机类"",""学历"":""仅限本科"",""学位"":""学士"",""政治面貌"":""不限"",""基层工作最低年限"":""无限制"",""服务基层项目工作经历"":""无限制"",""是否在面试阶段组织专业能力测试"":""否"",""面试人员比例"":""3:1"",""工作地点"":""河南省驻马店市新蔡县"",""落户地点"":""河南省驻马店市新蔡县"",""备注"":""1.限应届高校毕业生；2.本职位专业要求均为专业目录中的“专业类”，非“专业大类（学科大类）”；3.本单位最低服务年限为5年（含试用期）。"",""部门网站"":""http://hazd.stats.gov.cn/"",""咨询电话1"":""0371-60336259"",""咨询电话2"":""0371-60336206"",""咨询电话3"":"""",""来源Sheet"":""中央国家行政机关参照公务员法管理事业单位""}}"
"government_jobs","国家公务员2025招考简章","公务员/事业单位技术岗位","河南省漯河市","2026-07-28T09:12:58.310295+00:00","漯河调查队业务科室四级主任科员","国家统计局河南调查总队","","河南省漯河市","公务员/事业单位;2025;computer_software;data_ai;仅限硕士研究生;硕士;应用经济学类、统计学类、计算机科学与技术类;市（地）级及以下直属机构综合管理类","用人司局：国家统计局河南调查总队
职位简介：从事一线入户调查、数据处理、统计分析、统计研究等工作。
专业要求：应用经济学类、统计学类、计算机科学与技术类
学历要求：仅限硕士研究生
学位要求：硕士
政治面貌：不限
基层工作经历：无限制
考试类别：市（地）级及以下直属机构综合管理类
备注：1.限应届高校毕业生；2.本职位专业要求均为专业目录中的“专业类”，非“专业大类（学科大类）”；3.本单位最低服务年限为5年（含试用期）。","https://www.xjhc.gov.cn/xjhc/c116834/202410/a29382e11a674da3be3353af65f9fcc5.shtml#137116-400110116054","2024-10-14","{""dataset_year"":2025,""job_uid"":""GOV-2025-137116-400110116054"",""publisher"":""国家公务员局"",""publication_page"":""https://www.xjhc.gov.cn/xjhc/c116834/202410/a29382e11a674da3be3353af65f9fcc5.shtml"",""attachment_url"":""https://www.xjhc.gov.cn/xjhc/c116834/202410/a29382e11a674da3be3353af65f9fcc5/files/0536cef86e2b46ddad6aae5a3780089e.xls"",""local_source_file"":""2025_guokao_zhaokaojianzhang.xls"",""local_source_sha256"":""07ae6cab368cd21b7a1ac3e8150fe9a3d39ad5171ce76135ff3cccfe50c3e77e"",""source_sheet"":""中央国家行政机关参照公务员法管理事业单位"",""filter_version"":""government_tech_v2"",""tech_filter"":{""is_tech"":true,""is_core_tech"":true,""scope"":""core"",""categories"":[""computer_software"",""data_ai""],""matched_fields"":[""major"",""description""],""major_terms"":[""计算机科学与技术""],""role_terms"":[""数据处理""],""reason"":""tech_major_and_role""},""original"":{""部门代码"":""137116"",""部门名称"":""国家统计局河南调查总队"",""用人司局"":""国家统计局河南调查总队"",""机构性质"":""中央国家行政机关参照公务员法管理事业单位"",""招考职位"":""漯河调查队业务科室四级主任科员"",""职位属性"":""普通职位"",""职位分布"":""其他职位"",""职位简介"":""从事一线入户调查、数据处理、统计分析、统计研究等工作。"",""职位代码"":""400110116054"",""机构层级"":""市（地）级"",""考试类别"":""市（地）级及以下直属机构综合管理类"",""招考人数"":""1"",""专业"":""应用经济学类、统计学类、计算机科学与技术类"",""学历"":""仅限硕士研究生"",""学位"":""硕士"",""政治面貌"":""不限"",""基层工作最低年限"":""无限制"",""服务基层项目工作经历"":""无限制"",""是否在面试阶段组织专业能力测试"":""否"",""面试人员比例"":""3:1"",""工作地点"":""河南省漯河市"",""落户地点"":""河南省漯河市"",""备注"":""1.限应届高校毕业生；2.本职位专业要求均为专业目录中的“专业类”，非“专业大类（学科大类）”；3.本单位最低服务年限为5年（含试用期）。"",""部门网站"":""http://hazd.stats.gov.cn/"",""咨询电话1"":""0371-60336259"",""咨询电话2"":""0371-60336206"",""咨询电话3"":"""",""来源Sheet"":""中央国家行政机关参照公务员法管理事业单位""}}"
"government_jobs","国家公务员2025招考简章","公务员/事业单位技术岗位","湖北省武汉市黄陂区","2026-07-28T09:12:58.310295+00:00","黄陂调查队二级主任科员及以下","国家统计局湖北调查总队","","湖北省武汉市黄陂区","公务员/事业单位;2025;data_ai;本科及以上;与最高学历相对应的学位;统计学、应用统计学、经济统计学、数学与应用数学、数理基础科学、数据计算及应用、农学、农林经济管理、农村区域发展;市（地）级及以下直属机构综合管理类","用人司局：国家统计局湖北调查总队
职位简介：从事一线入户调查、数据处理、统计分析、统计研究等工作。
专业要求：统计学、应用统计学、经济统计学、数学与应用数学、数理基础科学、数据计算及应用、农学、农林经济管理、农村区域发展
学历要求：本科及以上
学位要求：与最高学历相对应的学位
政治面貌：不限
基层工作经历：无限制
考试类别：市（地）级及以下直属机构综合管理类
备注：本单位最低服务年限为5年（含试用期）","https://www.xjhc.gov.cn/xjhc/c116834/202410/a29382e11a674da3be3353af65f9fcc5.shtml#137117-400110117008","2024-10-14","{""dataset_year"":2025,""job_uid"":""GOV-2025-137117-400110117008"",""publisher"":""国家公务员局"",""publication_page"":""https://www.xjhc.gov.cn/xjhc/c116834/202410/a29382e11a674da3be3353af65f9fcc5.shtml"",""attachment_url"":""https://www.xjhc.gov.cn/xjhc/c116834/202410/a29382e11a674da3be3353af65f9fcc5/files/0536cef86e2b46ddad6aae5a3780089e.xls"",""local_source_file"":""2025_guokao_zhaokaojianzhang.xls"",""local_source_sha256"":""07ae6cab368cd21b7a1ac3e8150fe9a3d39ad5171ce76135ff3cccfe50c3e77e"",""source_sheet"":""中央国家行政机关参照公务员法管理事业单位"",""filter_version"":""government_tech_v2"",""tech_filter"":{""is_tech"":true,""is_core_tech"":true,""scope"":""core"",""categories"":[""data_ai""],""matched_fields"":[""description""],""major_terms"":[],""role_terms"":[""数据处理""],""reason"":""tech_role""},""original"":{""部门代码"":""137117"",""部门名称"":""国家统计局湖北调查总队"",""用人司局"":""国家统计局湖北调查总队"",""机构性质"":""中央国家行政机关参照公务员法管理事业单位"",""招考职位"":""黄陂调查队二级主任科员及以下"",""职位属性"":""普通职位"",""职位分布"":""其他职位"",""职位简介"":""从事一线入户调查、数据处理、统计分析、统计研究等工作。"",""职位代码"":""400110117008"",""机构层级"":""县（区）级及以下"",""考试类别"":""市（地）级及以下直属机构综合管理类"",""招考人数"":""1"",""专业"":""统计学、应用统计学、经济统计学、数学与应用数学、数理基础科学、数据计算及应用、农学、农林经济管理、农村区域发展"",""学历"":""本科及以上"",""学位"":""与最高学历相对应的学位"",""政治面貌"":""不限"",""基层工作最低年限"":""无限制"",""服务基层项目工作经历"":""无限制"",""是否在面试阶段组织专业能力测试"":""否"",""面试人员比例"":""3:1"",""工作地点"":""湖北省武汉市黄陂区"",""落户地点"":""湖北省武汉市黄陂区"",""备注"":""本单位最低服务年限为5年（含试用期）"",""部门网站"":""无"",""咨询电话1"":""027-87271767"",""咨询电话2"":""027-87842513"",""咨询电话3"":"""",""来源Sheet"":""中央国家行政机关参照公务员法管理事业单位""}}"
"government_jobs","国家公务员2025招考简章","公务员/事业单位技术岗位","湖北省黄石市","2026-07-28T09:12:58.310295+00:00","黄石调查队办公室四级主任科员及以下","国家统计局湖北调查总队","","湖北省黄石市","公务员/事业单位;2025;data_ai;仅限本科;学士;统计学、应用统计学、经济统计学、数学与应用数学、数理基础科学、数据计算及应用、农学、农林经济管理、农村区域发展;市（地）级及以下直属机构综合管理类","用人司局：国家统计局湖北调查总队
职位简介：从事一线入户调查、数据处理、统计分析、统计研究等工作。
专业要求：统计学、应用统计学、经济统计学、数学与应用数学、数理基础科学、数据计算及应用、农学、农林经济管理、农村区域发展
学历要求：仅限本科
学位要求：学士
政治面貌：不限
基层工作经历：无限制
考试类别：市（地）级及以下直属机构综合管理类
备注：本单位最低服务年限为5年（含试用期）","https://www.xjhc.gov.cn/xjhc/c116834/202410/a29382e11a674da3be3353af65f9fcc5.shtml#137117-400110117010","2024-10-14","{""dataset_year"":2025,""job_uid"":""GOV-2025-137117-400110117010"",""publisher"":""国家公务员局"",""publication_page"":""https://www.xjhc.gov.cn/xjhc/c116834/202410/a29382e11a674da3be3353af65f9fcc5.shtml"",""attachment_url"":""https://www.xjhc.gov.cn/xjhc/c116834/202410/a29382e11a674da3be3353af65f9fcc5/files/0536cef86e2b46ddad6aae5a3780089e.xls"",""local_source_file"":""2025_guokao_zhaokaojianzhang.xls"",""local_source_sha256"":""07ae6cab368cd21b7a1ac3e8150fe9a3d39ad5171ce76135ff3cccfe50c3e77e"",""source_sheet"":""中央国家行政机关参照公务员法管理事业单位"",""filter_version"":""government_tech_v2"",""tech_filter"":{""is_tech"":true,""is_core_tech"":true,""scope"":""core"",""categories"":[""data_ai""],""matched_fields"":[""description""],""major_terms"":[],""role_terms"":[""数据处理""],""reason"":""tech_role""},""original"":{""部门代码"":""137117"",""部门名称"":""国家统计局湖北调查总队"",""用人司局"":""国家统计局湖北调查总队"",""机构性质"":""中央国家行政机关参照公务员法管理事业单位"",""招考职位"":""黄石调查队办公室四级主任科员及以下"",""职位属性"":""普通职位"",""职位分布"":""其他职位"",""职位简介"":""从事一线入户调查、数据处理、统计分析、统计研究等工作。"",""职位代码"":""400110117010"",""机构层级"":""市（地）级"",""考试类别"":""市（地）级及以下直属机构综合管理类"",""招考人数"":""1"",""专业"":""统计学、应用统计学、经济统计学、数学与应用数学、数理基础科学、数据计算及应用、农学、农林经济管理、农村区域发展"",""学历"":""仅限本科"",""学位"":""学士"",""政治面貌"":""不限"",""基层工作最低年限"":""无限制"",""服务基层项目工作经历"":""无限制"",""是否在面试阶段组织专业能力测试"":""否"",""面试人员比例"":""3:1"",""工作地点"":""湖北省黄石市"",""落户地点"":""湖北省黄石市"",""备注"":""本单位最低服务年限为5年（含试用期）"",""部门网站"":""无"",""咨询电话1"":""027-87271767"",""咨询电话2"":""027-87842513"",""咨询电话3"":"""",""来源Sheet"":""中央国家行政机关参照公务员法管理事业单位""}}"
"government_jobs","国家公务员2025招考简章","公务员/事业单位技术岗位","湖北省黄石市阳新县","2026-07-28T09:12:58.310295+00:00","阳新调查队一级科员","国家统计局湖北调查总队","","湖北省黄石市阳新县","公务员/事业单位;2025;data_ai;仅限本科;学士;统计学、应用统计学、经济统计学、数学与应用数学、数理基础科学、数据计算及应用、农学、农林经济管理、农村区域发展;市（地）级及以下直属机构综合管理类","用人司局：国家统计局湖北调查总队
职位简介：从事一线入户调查、数据处理、统计分析、统计研究等工作。
专业要求：统计学、应用统计学、经济统计学、数学与应用数学、数理基础科学、数据计算及应用、农学、农林经济管理、农村区域发展
学历要求：仅限本科
学位要求：学士
政治面貌：不限
基层工作经历：无限制
考试类别：市（地）级及以下直属机构综合管理类
备注：1.本职位限招应届高校毕业生；2.本单位最低服务年限为5年（含试用期）","https://www.xjhc.gov.cn/xjhc/c116834/202410/a29382e11a674da3be3353af65f9fcc5.shtml#137117-400110117011","2024-10-14","{""dataset_year"":2025,""job_uid"":""GOV-2025-137117-400110117011"",""publisher"":""国家公务员局"",""publication_page"":""https://www.xjhc.gov.cn/xjhc/c116834/202410/a29382e11a674da3be3353af65f9fcc5.shtml"",""attachment_url"":""https://www.xjhc.gov.cn/xjhc/c116834/202410/a29382e11a674da3be3353af65f9fcc5/files/0536cef86e2b46ddad6aae5a3780089e.xls"",""local_source_file"":""2025_guokao_zhaokaojianzhang.xls"",""local_source_sha256"":""07ae6cab368cd21b7a1ac3e8150fe9a3d39ad5171ce76135ff3cccfe50c3e77e"",""source_sheet"":""中央国家行政机关参照公务员法管理事业单位"",""filter_version"":""government_tech_v2"",""tech_filter"":{""is_tech"":true,""is_core_tech"":true,""scope"":""core"",""categories"":[""data_ai""],""matched_fields"":[""description""],""major_terms"":[],""role_terms"":[""数据处理""],""reason"":""tech_role""},""original"":{""部门代码"":""137117"",""部门名称"":""国家统计局湖北调查总队"",""用人司局"":""国家统计局湖北调查总队"",""机构性质"":""中央国家行政机关参照公务员法管理事业单位"",""招考职位"":""阳新调查队一级科员"",""职位属性"":""普通职位"",""职位分布"":""其他职位"",""职位简介"":""从事一线入户调查、数据处理、统计分析、统计研究等工作。"",""职位代码"":""400110117011"",""机构层级"":""县（区）级及以下"",""考试类别"":""市（地）级及以下直属机构综合管理类"",""招考人数"":""1"",""专业"":""统计学、应用统计学、经济统计学、数学与应用数学、数理基础科学、数据计算及应用、农学、农林经济管理、农村区域发展"",""学历"":""仅限本科"",""学位"":""学士"",""政治面貌"":""不限"",""基层工作最低年限"":""无限制"",""服务基层项目工作经历"":""无限制"",""是否在面试阶段组织专业能力测试"":""否"",""面试人员比例"":""3:1"",""工作地点"":""湖北省黄石市阳新县"",""落户地点"":""湖北省黄石市阳新县"",""备注"":""1.本职位限招应届高校毕业生；2.本单位最低服务年限为5年（含试用期）"",""部门网站"":""无"",""咨询电话1"":""027-87271767"",""咨询电话2"":""027-87842513"",""咨询电话3"":"""",""来源Sheet"":""中央国家行政机关参照公务员法管理事业单位""}}"
"government_jobs","国家公务员2025招考简章","公务员/事业单位技术岗位","湖北省十堰市","2026-07-28T09:12:58.310295+00:00","十堰调查队综合科室二级主任科员及以下","国家统计局湖北调查总队","","湖北省十堰市","公务员/事业单位;2025;data_ai;本科及以上;与最高学历相对应的学位;统计学、应用统计学、经济统计学、数学与应用数学、数理基础科学、数据计算及应用、农学、农林经济管理、农村区域发展;市（地）级及以下直属机构综合管理类","用人司局：国家统计局湖北调查总队
职位简介：从事一线入户调查、数据处理、统计分析、统计研究等工作。
专业要求：统计学、应用统计学、经济统计学、数学与应用数学、数理基础科学、数据计算及应用、农学、农林经济管理、农村区域发展
学历要求：本科及以上
学位要求：与最高学历相对应的学位
政治面貌：不限
基层工作经历：无限制
考试类别：市（地）级及以下直属机构综合管理类
备注：本单位最低服务年限为5年（含试用期）","https://www.xjhc.gov.cn/xjhc/c116834/202410/a29382e11a674da3be3353af65f9fcc5.shtml#137117-400110117013","2024-10-14","{""dataset_year"":2025,""job_uid"":""GOV-2025-137117-400110117013"",""publisher"":""国家公务员局"",""publication_page"":""https://www.xjhc.gov.cn/xjhc/c116834/202410/a29382e11a674da3be3353af65f9fcc5.shtml"",""attachment_url"":""https://www.xjhc.gov.cn/xjhc/c116834/202410/a29382e11a674da3be3353af65f9fcc5/files/0536cef86e2b46ddad6aae5a3780089e.xls"",""local_source_file"":""2025_guokao_zhaokaojianzhang.xls"",""local_source_sha256"":""07ae6cab368cd21b7a1ac3e8150fe9a3d39ad5171ce76135ff3cccfe50c3e77e"",""source_sheet"":""中央国家行政机关参照公务员法管理事业单位"",""filter_version"":""government_tech_v2"",""tech_filter"":{""is_tech"":true,""is_core_tech"":true,""scope"":""core"",""categories"":[""data_ai""],""matched_fields"":[""description""],""major_terms"":[],""role_terms"":[""数据处理""],""reason"":""tech_role""},""original"":{""部门代码"":""137117"",""部门名称"":""国家统计局湖北调查总队"",""用人司局"":""国家统计局湖北调查总队"",""机构性质"":""中央国家行政机关参照公务员法管理事业单位"",""招考职位"":""十堰调查队综合科室二级主任科员及以下"",""职位属性"":""普通职位"",""职位分布"":""其他职位"",""职位简介"":""从事一线入户调查、数据处理、统计分析、统计研究等工作。"",""职位代码"":""400110117013"",""机构层级"":""市（地）级"",""考试类别"":""市（地）级及以下直属机构综合管理类"",""招考人数"":""1"",""专业"":""统计学、应用统计学、经济统计学、数学与应用数学、数理基础科学、数据计算及应用、农学、农林经济管理、农村区域发展"",""学历"":""本科及以上"",""学位"":""与最高学历相对应的学位"",""政治面貌"":""不限"",""基层工作最低年限"":""无限制"",""服务基层项目工作经历"":""无限制"",""是否在面试阶段组织专业能力测试"":""否"",""面试人员比例"":""3:1"",""工作地点"":""湖北省十堰市"",""落户地点"":""湖北省十堰市"",""备注"":""本单位最低服务年限为5年（含试用期）"",""部门网站"":""无"",""咨询电话1"":""027-87271767"",""咨询电话2"":""027-87842513"",""咨询电话3"":"""",""来源Sheet"":""中央国家行政机关参照公务员法管理事业单位""}}"
"government_jobs","国家公务员2025招考简章","公务员/事业单位技术岗位","湖北省十堰市","2026-07-28T09:12:58.310295+00:00","十堰调查队业务科室一级科员","国家统计局湖北调查总队","","湖北省十堰市","公务员/事业单位;2025;data_ai;仅限本科;学士;统计学、应用统计学、经济统计学、数学与应用数学、数理基础科学、数据计算及应用、农学、农林经济管理、农村区域发展;市（地）级及以下直属机构综合管理类","用人司局：国家统计局湖北调查总队
职位简介：从事一线入户调查、数据处理、统计分析、统计研究等工作。
专业要求：统计学、应用统计学、经济统计学、数学与应用数学、数理基础科学、数据计算及应用、农学、农林经济管理、农村区域发展
学历要求：仅限本科
学位要求：学士
政治面貌：不限
基层工作经历：无限制
考试类别：市（地）级及以下直属机构综合管理类
备注：1.本职位限招应届高校毕业生；2.本单位最低服务年限为5年（含试用期）","https://www.xjhc.gov.cn/xjhc/c116834/202410/a29382e11a674da3be3353af65f9fcc5.shtml#137117-400110117014","2024-10-14","{""dataset_year"":2025,""job_uid"":""GOV-2025-137117-400110117014"",""publisher"":""国家公务员局"",""publication_page"":""https://www.xjhc.gov.cn/xjhc/c116834/202410/a29382e11a674da3be3353af65f9fcc5.shtml"",""attachment_url"":""https://www.xjhc.gov.cn/xjhc/c116834/202410/a29382e11a674da3be3353af65f9fcc5/files/0536cef86e2b46ddad6aae5a3780089e.xls"",""local_source_file"":""2025_guokao_zhaokaojianzhang.xls"",""local_source_sha256"":""07ae6cab368cd21b7a1ac3e8150fe9a3d39ad5171ce76135ff3cccfe50c3e77e"",""source_sheet"":""中央国家行政机关参照公务员法管理事业单位"",""filter_version"":""government_tech_v2"",""tech_filter"":{""is_tech"":true,""is_core_tech"":true,""scope"":""core"",""categories"":[""data_ai""],""matched_fields"":[""description""],""major_terms"":[],""role_terms"":[""数据处理""],""reason"":""tech_role""},""original"":{""部门代码"":""137117"",""部门名称"":""国家统计局湖北调查总队"",""用人司局"":""国家统计局湖北调查总队"",""机构性质"":""中央国家行政机关参照公务员法管理事业单位"",""招考职位"":""十堰调查队业务科室一级科员"",""职位属性"":""普通职位"",""职位分布"":""其他职位"",""职位简介"":""从事一线入户调查、数据处理、统计分析、统计研究等工作。"",""职位代码"":""400110117014"",""机构层级"":""市（地）级"",""考试类别"":""市（地）级及以下直属机构综合管理类"",""招考人数"":""1"",""专业"":""统计学、应用统计学、经济统计学、数学与应用数学、数理基础科学、数据计算及应用、农学、农林经济管理、农村区域发展"",""学历"":""仅限本科"",""学位"":""学士"",""政治面貌"":""不限"",""基层工作最低年限"":""无限制"",""服务基层项目工作经历"":""无限制"",""是否在面试阶段组织专业能力测试"":""否"",""面试人员比例"":""3:1"",""工作地点"":""湖北省十堰市"",""落户地点"":""湖北省十堰市"",""备注"":""1.本职位限招应届高校毕业生；2.本单位最低服务年限为5年（含试用期）"",""部门网站"":""无"",""咨询电话1"":""027-87271767"",""咨询电话2"":""027-87842513"",""咨询电话3"":"""",""来源Sheet"":""中央国家行政机关参照公务员法管理事业单位""}}"
"government_jobs","国家公务员2025招考简章","公务员/事业单位技术岗位","湖北省十堰市房县","2026-07-28T09:12:58.310295+00:00","房县调查队一级科员","国家统计局湖北调查总队","","湖北省十堰市房县","公务员/事业单位;2025;data_ai;仅限本科;学士;统计学、应用统计学、经济统计学、数学与应用数学、数理基础科学、数据计算及应用、农学、农林经济管理、农村区域发展;市（地）级及以下直属机构综合管理类","用人司局：国家统计局湖北调查总队
职位简介：从事一线入户调查、数据处理、统计分析、统计研究等工作。
专业要求：统计学、应用统计学、经济统计学、数学与应用数学、数理基础科学、数据计算及应用、农学、农林经济管理、农村区域发展
学历要求：仅限本科
学位要求：学士
政治面貌：不限
基层工作经历：无限制
考试类别：市（地）级及以下直属机构综合管理类
备注：1.本职位限招应届高校毕业生；2.本单位最低服务年限为5年（含试用期）","https://www.xjhc.gov.cn/xjhc/c116834/202410/a29382e11a674da3be3353af65f9fcc5.shtml#137117-400110117015","2024-10-14","{""dataset_year"":2025,""job_uid"":""GOV-2025-137117-400110117015"",""publisher"":""国家公务员局"",""publication_page"":""https://www.xjhc.gov.cn/xjhc/c116834/202410/a29382e11a674da3be3353af65f9fcc5.shtml"",""attachment_url"":""https://www.xjhc.gov.cn/xjhc/c116834/202410/a29382e11a674da3be3353af65f9fcc5/files/0536cef86e2b46ddad6aae5a3780089e.xls"",""local_source_file"":""2025_guokao_zhaokaojianzhang.xls"",""local_source_sha256"":""07ae6cab368cd21b7a1ac3e8150fe9a3d39ad5171ce76135ff3cccfe50c3e77e"",""source_sheet"":""中央国家行政机关参照公务员法管理事业单位"",""filter_version"":""government_tech_v2"",""tech_filter"":{""is_tech"":true,""is_core_tech"":true,""scope"":""core"",""categories"":[""data_ai""],""matched_fields"":[""description""],""major_terms"":[],""role_terms"":[""数据处理""],""reason"":""tech_role""},""original"":{""部门代码"":""137117"",""部门名称"":""国家统计局湖北调查总队"",""用人司局"":""国家统计局湖北调查总队"",""机构性质"":""中央国家行政机关参照公务员法管理事业单位"",""招考职位"":""房县调查队一级科员"",""职位属性"":""普通职位"",""职位分布"":""其他职位"",""职位简介"":""从事一线入户调查、数据处理、统计分析、统计研究等工作。"",""职位代码"":""400110117015"",""机构层级"":""县（区）级及以下"",""考试类别"":""市（地）级及以下直属机构综合管理类"",""招考人数"":""1"",""专业"":""统计学、应用统计学、经济统计学、数学与应用数学、数理基础科学、数据计算及应用、农学、农林经济管理、农村区域发展"",""学历"":""仅限本科"",""学位"":""学士"",""政治面貌"":""不限"",""基层工作最低年限"":""无限制"",""服务基层项目工作经历"":""无限制"",""是否在面试阶段组织专业能力测试"":""否"",""面试人员比例"":""3:1"",""工作地点"":""湖北省十堰市房县"",""落户地点"":""湖北省十堰市房县"",""备注"":""1.本职位限招应届高校毕业生；2.本单位最低服务年限为5年（含试用期）"",""部门网站"":""无"",""咨询电话1"":""027-87271767"",""咨询电话2"":""027-87842513"",""咨询电话3"":"""",""来源Sheet"":""中央国家行政机关参照公务员法管理事业单位""}}"
"government_jobs","国家公务员2025招考简章","公务员/事业单位技术岗位","湖北省宜昌市","2026-07-28T09:12:58.310295+00:00","宜昌调查队综合科室二级主任科员及以下（1）","国家统计局湖北调查总队","","湖北省宜昌市","公务员/事业单位;2025;data_ai;本科及以上;与最高学历相对应的学位;统计学、应用统计学、经济统计学、数学与应用数学、数理基础科学、数据计算及应用、农学、农林经济管理、农村区域发展;市（地）级及以下直属机构综合管理类","用人司局：国家统计局湖北调查总队
职位简介：从事一线入户调查、数据处理、统计分析、统计研究等工作。
专业要求：统计学、应用统计学、经济统计学、数学与应用数学、数理基础科学、数据计算及应用、农学、农林经济管理、农村区域发展
学历要求：本科及以上
学位要求：与最高学历相对应的学位
政治面貌：不限
基层工作经历：二年
考试类别：市（地）级及以下直属机构综合管理类
备注：本单位最低服务年限为5年（含试用期）","https://www.xjhc.gov.cn/xjhc/c116834/202410/a29382e11a674da3be3353af65f9fcc5.shtml#137117-400110117016","2024-10-14","{""dataset_year"":2025,""job_uid"":""GOV-2025-137117-400110117016"",""publisher"":""国家公务员局"",""publication_page"":""https://www.xjhc.gov.cn/xjhc/c116834/202410/a29382e11a674da3be3353af65f9fcc5.shtml"",""attachment_url"":""https://www.xjhc.gov.cn/xjhc/c116834/202410/a29382e11a674da3be3353af65f9fcc5/files/0536cef86e2b46ddad6aae5a3780089e.xls"",""local_source_file"":""2025_guokao_zhaokaojianzhang.xls"",""local_source_sha256"":""07ae6cab368cd21b7a1ac3e8150fe9a3d39ad5171ce76135ff3cccfe50c3e77e"",""source_sheet"":""中央国家行政机关参照公务员法管理事业单位"",""filter_version"":""government_tech_v2"",""tech_filter"":{""is_tech"":true,""is_core_tech"":true,""scope"":""core"",""categories"":[""data_ai""],""matched_fields"":[""description""],""major_terms"":[],""role_terms"":[""数据处理""],""reason"":""tech_role""},""original"":{""部门代码"":""137117"",""部门名称"":""国家统计局湖北调查总队"",""用人司局"":""国家统计局湖北调查总队"",""机构性质"":""中央国家行政机关参照公务员法管理事业单位"",""招考职位"":""宜昌调查队综合科室二级主任科员及以下（1）"",""职位属性"":""普通职位"",""职位分布"":""其他职位"",""职位简介"":""从事一线入户调查、数据处理、统计分析、统计研究等工作。"",""职位代码"":""400110117016"",""机构层级"":""市（地）级"",""考试类别"":""市（地）级及以下直属机构综合管理类"",""招考人数"":""1"",""专业"":""统计学、应用统计学、经济统计学、数学与应用数学、数理基础科学、数据计算及应用、农学、农林经济管理、农村区域发展"",""学历"":""本科及以上"",""学位"":""与最高学历相对应的学位"",""政治面貌"":""不限"",""基层工作最低年限"":""二年"",""服务基层项目工作经历"":""无限制"",""是否在面试阶段组织专业能力测试"":""否"",""面试人员比例"":""3:1"",""工作地点"":""湖北省宜昌市"",""落户地点"":""湖北省宜昌市"",""备注"":""本单位最低服务年限为5年（含试用期）"",""部门网站"":""无"",""咨询电话1"":""027-87271767"",""咨询电话2"":""027-87842513"",""咨询电话3"":"""",""来源Sheet"":""中央国家行政机关参照公务员法管理事业单位""}}"
"government_jobs","国家公务员2025招考简章","公务员/事业单位技术岗位","湖北省宜昌市当阳市","2026-07-28T09:12:58.310295+00:00","当阳调查队一级科员","国家统计局湖北调查总队","","湖北省宜昌市当阳市","公务员/事业单位;2025;data_ai;仅限本科;学士;统计学、应用统计学、经济统计学、数学与应用数学、数理基础科学、数据计算及应用、农学、农林经济管理、农村区域发展;市（地）级及以下直属机构综合管理类","用人司局：国家统计局湖北调查总队
职位简介：从事一线入户调查、数据处理、统计分析、统计研究等工作。
专业要求：统计学、应用统计学、经济统计学、数学与应用数学、数理基础科学、数据计算及应用、农学、农林经济管理、农村区域发展
学历要求：仅限本科
学位要求：学士
政治面貌：不限
基层工作经历：无限制
考试类别：市（地）级及以下直属机构综合管理类
备注：1.本职位限招应届高校毕业生；2.本单位最低服务年限为5年（含试用期）","https://www.xjhc.gov.cn/xjhc/c116834/202410/a29382e11a674da3be3353af65f9fcc5.shtml#137117-400110117019","2024-10-14","{""dataset_year"":2025,""job_uid"":""GOV-2025-137117-400110117019"",""publisher"":""国家公务员局"",""publication_page"":""https://www.xjhc.gov.cn/xjhc/c116834/202410/a29382e11a674da3be3353af65f9fcc5.shtml"",""attachment_url"":""https://www.xjhc.gov.cn/xjhc/c116834/202410/a29382e11a674da3be3353af65f9fcc5/files/0536cef86e2b46ddad6aae5a3780089e.xls"",""local_source_file"":""2025_guokao_zhaokaojianzhang.xls"",""local_source_sha256"":""07ae6cab368cd21b7a1ac3e8150fe9a3d39ad5171ce76135ff3cccfe50c3e77e"",""source_sheet"":""中央国家行政机关参照公务员法管理事业单位"",""filter_version"":""government_tech_v2"",""tech_filter"":{""is_tech"":true,""is_core_tech"":true,""scope"":""core"",""categories"":[""data_ai""],""matched_fields"":[""description""],""major_terms"":[],""role_terms"":[""数据处理""],""reason"":""tech_role""},""original"":{""部门代码"":""137117"",""部门名称"":""国家统计局湖北调查总队"",""用人司局"":""国家统计局湖北调查总队"",""机构性质"":""中央国家行政机关参照公务员法管理事业单位"",""招考职位"":""当阳调查队一级科员"",""职位属性"":""普通职位"",""职位分布"":""其他职位"",""职位简介"":""从事一线入户调查、数据处理、统计分析、统计研究等工作。"",""职位代码"":""400110117019"",""机构层级"":""县（区）级及以下"",""考试类别"":""市（地）级及以下直属机构综合管理类"",""招考人数"":""1"",""专业"":""统计学、应用统计学、经济统计学、数学与应用数学、数理基础科学、数据计算及应用、农学、农林经济管理、农村区域发展"",""学历"":""仅限本科"",""学位"":""学士"",""政治面貌"":""不限"",""基层工作最低年限"":""无限制"",""服务基层项目工作经历"":""无限制"",""是否在面试阶段组织专业能力测试"":""否"",""面试人员比例"":""3:1"",""工作地点"":""湖北省宜昌市当阳市"",""落户地点"":""湖北省宜昌市当阳市"",""备注"":""1.本职位限招应届高校毕业生；2.本单位最低服务年限为5年（含试用期）"",""部门网站"":""无"",""咨询电话1"":""027-87271767"",""咨询电话2"":""027-87842513"",""咨询电话3"":"""",""来源Sheet"":""中央国家行政机关参照公务员法管理事业单位""}}"
"government_jobs","国家公务员2025招考简章","公务员/事业单位技术岗位","湖北省宜昌市枝江市","2026-07-28T09:12:58.310295+00:00","枝江调查队一级科员","国家统计局湖北调查总队","","湖北省宜昌市枝江市","公务员/事业单位;2025;data_ai;仅限本科;学士;统计学、应用统计学、经济统计学、数学与应用数学、数理基础科学、数据计算及应用、农学、农林经济管理、农村区域发展;市（地）级及以下直属机构综合管理类","用人司局：国家统计局湖北调查总队
职位简介：从事一线入户调查、数据处理、统计分析、统计研究等工作。
专业要求：统计学、应用统计学、经济统计学、数学与应用数学、数理基础科学、数据计算及应用、农学、农林经济管理、农村区域发展
学历要求：仅限本科
学位要求：学士
政治面貌：不限
基层工作经历：无限制
考试类别：市（地）级及以下直属机构综合管理类
备注：1.本职位限招应届高校毕业生；2.本单位最低服务年限为5年（含试用期）","https://www.xjhc.gov.cn/xjhc/c116834/202410/a29382e11a674da3be3353af65f9fcc5.shtml#137117-400110117020","2024-10-14","{""dataset_year"":2025,""job_uid"":""GOV-2025-137117-400110117020"",""publisher"":""国家公务员局"",""publication_page"":""https://www.xjhc.gov.cn/xjhc/c116834/202410/a29382e11a674da3be3353af65f9fcc5.shtml"",""attachment_url"":""https://www.xjhc.gov.cn/xjhc/c116834/202410/a29382e11a674da3be3353af65f9fcc5/files/0536cef86e2b46ddad6aae5a3780089e.xls"",""local_source_file"":""2025_guokao_zhaokaojianzhang.xls"",""local_source_sha256"":""07ae6cab368cd21b7a1ac3e8150fe9a3d39ad5171ce76135ff3cccfe50c3e77e"",""source_sheet"":""中央国家行政机关参照公务员法管理事业单位"",""filter_version"":""government_tech_v2"",""tech_filter"":{""is_tech"":true,""is_core_tech"":true,""scope"":""core"",""categories"":[""data_ai""],""matched_fields"":[""description""],""major_terms"":[],""role_terms"":[""数据处理""],""reason"":""tech_role""},""original"":{""部门代码"":""137117"",""部门名称"":""国家统计局湖北调查总队"",""用人司局"":""国家统计局湖北调查总队"",""机构性质"":""中央国家行政机关参照公务员法管理事业单位"",""招考职位"":""枝江调查队一级科员"",""职位属性"":""普通职位"",""职位分布"":""其他职位"",""职位简介"":""从事一线入户调查、数据处理、统计分析、统计研究等工作。"",""职位代码"":""400110117020"",""机构层级"":""县（区）级及以下"",""考试类别"":""市（地）级及以下直属机构综合管理类"",""招考人数"":""3"",""专业"":""统计学、应用统计学、经济统计学、数学与应用数学、数理基础科学、数据计算及应用、农学、农林经济管理、农村区域发展"",""学历"":""仅限本科"",""学位"":""学士"",""政治面貌"":""不限"",""基层工作最低年限"":""无限制"",""服务基层项目工作经历"":""无限制"",""是否在面试阶段组织专业能力测试"":""否"",""面试人员比例"":""3:1"",""工作地点"":""湖北省宜昌市枝江市"",""落户地点"":""湖北省宜昌市枝江市"",""备注"":""1.本职位限招应届高校毕业生；2.本单位最低服务年限为5年（含试用期）"",""部门网站"":""无"",""咨询电话1"":""027-87271767"",""咨询电话2"":""027-87842513"",""咨询电话3"":"""",""来源Sheet"":""中央国家行政机关参照公务员法管理事业单位""}}"
"government_jobs","国家公务员2025招考简章","公务员/事业单位技术岗位","湖北省襄阳市","2026-07-28T09:12:58.310295+00:00","襄阳所辖县级调查队一级科员","国家统计局湖北调查总队","","湖北省襄阳市","公务员/事业单位;2025;data_ai;仅限本科;学士;统计学、应用统计学、经济统计学、数学与应用数学、数理基础科学、数据计算及应用、农学、农林经济管理、农村区域发展;市（地）级及以下直属机构综合管理类","用人司局：国家统计局湖北调查总队
职位简介：从事一线入户调查、数据处理、统计分析、统计研究等工作。工作地点为襄州、谷城或保康。
专业要求：统计学、应用统计学、经济统计学、数学与应用数学、数理基础科学、数据计算及应用、农学、农林经济管理、农村区域发展
学历要求：仅限本科
学位要求：学士
政治面貌：不限
基层工作经历：无限制
考试类别：市（地）级及以下直属机构综合管理类
备注：1.本职位限招应届高校毕业生；2.本单位最低服务年限为5年（含试用期）；3.录用后的工作单位由组织统一安排，考生须服从分配。","https://www.xjhc.gov.cn/xjhc/c116834/202410/a29382e11a674da3be3353af65f9fcc5.shtml#137117-400110117023","2024-10-14","{""dataset_year"":2025,""job_uid"":""GOV-2025-137117-400110117023"",""publisher"":""国家公务员局"",""publication_page"":""https://www.xjhc.gov.cn/xjhc/c116834/202410/a29382e11a674da3be3353af65f9fcc5.shtml"",""attachment_url"":""https://www.xjhc.gov.cn/xjhc/c116834/202410/a29382e11a674da3be3353af65f9fcc5/files/0536cef86e2b46ddad6aae5a3780089e.xls"",""local_source_file"":""2025_guokao_zhaokaojianzhang.xls"",""local_source_sha256"":""07ae6cab368cd21b7a1ac3e8150fe9a3d39ad5171ce76135ff3cccfe50c3e77e"",""source_sheet"":""中央国家行政机关参照公务员法管理事业单位"",""filter_version"":""government_tech_v2"",""tech_filter"":{""is_tech"":true,""is_core_tech"":true,""scope"":""core"",""categories"":[""data_ai""],""matched_fields"":[""description""],""major_terms"":[],""role_terms"":[""数据处理""],""reason"":""tech_role""},""original"":{""部门代码"":""137117"",""部门名称"":""国家统计局湖北调查总队"",""用人司局"":""国家统计局湖北调查总队"",""机构性质"":""中央国家行政机关参照公务员法管理事业单位"",""招考职位"":""襄阳所辖县级调查队一级科员"",""职位属性"":""普通职位"",""职位分布"":""其他职位"",""职位简介"":""从事一线入户调查、数据处理、统计分析、统计研究等工作。工作地点为襄州、谷城或保康。"",""职位代码"":""400110117023"",""机构层级"":""县（区）级及以下"",""考试类别"":""市（地）级及以下直属机构综合管理类"",""招考人数"":""4"",""专业"":""统计学、应用统计学、经济统计学、数学与应用数学、数理基础科学、数据计算及应用、农学、农林经济管理、农村区域发展"",""学历"":""仅限本科"",""学位"":""学士"",""政治面貌"":""不限"",""基层工作最低年限"":""无限制"",""服务基层项目工作经历"":""无限制"",""是否在面试阶段组织专业能力测试"":""否"",""面试人员比例"":""3:1"",""工作地点"":""湖北省襄阳市"",""落户地点"":""湖北省襄阳市"",""备注"":""1.本职位限招应届高校毕业生；2.本单位最低服务年限为5年（含试用期）；3.录用后的工作单位由组织统一安排，考生须服从分配。"",""部门网站"":""无"",""咨询电话1"":""027-87271767"",""咨询电话2"":""027-87842513"",""咨询电话3"":"""",""来源Sheet"":""中央国家行政机关参照公务员法管理事业单位""}}"
"government_jobs","国家公务员2025招考简章","公务员/事业单位技术岗位","湖北省荆门市钟祥市","2026-07-28T09:12:58.310295+00:00","钟祥调查队四级主任科员及以下","国家统计局湖北调查总队","","湖北省荆门市钟祥市","公务员/事业单位;2025;data_ai;仅限本科;学士;统计学、应用统计学、经济统计学、数学与应用数学、数理基础科学、数据计算及应用、农学、农林经济管理、农村区域发展;市（地）级及以下直属机构综合管理类","用人司局：国家统计局湖北调查总队
职位简介：从事一线入户调查、数据处理、统计分析、统计研究等工作。
专业要求：统计学、应用统计学、经济统计学、数学与应用数学、数理基础科学、数据计算及应用、农学、农林经济管理、农村区域发展
学历要求：仅限本科
学位要求：学士
政治面貌：不限
基层工作经历：二年
考试类别：市（地）级及以下直属机构综合管理类
备注：本单位最低服务年限为5年（含试用期）","https://www.xjhc.gov.cn/xjhc/c116834/202410/a29382e11a674da3be3353af65f9fcc5.shtml#137117-400110117025","2024-10-14","{""dataset_year"":2025,""job_uid"":""GOV-2025-137117-400110117025"",""publisher"":""国家公务员局"",""publication_page"":""https://www.xjhc.gov.cn/xjhc/c116834/202410/a29382e11a674da3be3353af65f9fcc5.shtml"",""attachment_url"":""https://www.xjhc.gov.cn/xjhc/c116834/202410/a29382e11a674da3be3353af65f9fcc5/files/0536cef86e2b46ddad6aae5a3780089e.xls"",""local_source_file"":""2025_guokao_zhaokaojianzhang.xls"",""local_source_sha256"":""07ae6cab368cd21b7a1ac3e8150fe9a3d39ad5171ce76135ff3cccfe50c3e77e"",""source_sheet"":""中央国家行政机关参照公务员法管理事业单位"",""filter_version"":""government_tech_v2"",""tech_filter"":{""is_tech"":true,""is_core_tech"":true,""scope"":""core"",""categories"":[""data_ai""],""matched_fields"":[""description""],""major_terms"":[],""role_terms"":[""数据处理""],""reason"":""tech_role""},""original"":{""部门代码"":""137117"",""部门名称"":""国家统计局湖北调查总队"",""用人司局"":""国家统计局湖北调查总队"",""机构性质"":""中央国家行政机关参照公务员法管理事业单位"",""招考职位"":""钟祥调查队四级主任科员及以下"",""职位属性"":""普通职位"",""职位分布"":""其他职位"",""职位简介"":""从事一线入户调查、数据处理、统计分析、统计研究等工作。"",""职位代码"":""400110117025"",""机构层级"":""县（区）级及以下"",""考试类别"":""市（地）级及以下直属机构综合管理类"",""招考人数"":""1"",""专业"":""统计学、应用统计学、经济统计学、数学与应用数学、数理基础科学、数据计算及应用、农学、农林经济管理、农村区域发展"",""学历"":""仅限本科"",""学位"":""学士"",""政治面貌"":""不限"",""基层工作最低年限"":""二年"",""服务基层项目工作经历"":""无限制"",""是否在面试阶段组织专业能力测试"":""否"",""面试人员比例"":""3:1"",""工作地点"":""湖北省荆门市钟祥市"",""落户地点"":""湖北省荆门市钟祥市"",""备注"":""本单位最低服务年限为5年（含试用期）"",""部门网站"":""无"",""咨询电话1"":""027-87271767"",""咨询电话2"":""027-87842513"",""咨询电话3"":"""",""来源Sheet"":""中央国家行政机关参照公务员法管理事业单位""}}"
"government_jobs","国家公务员2025招考简章","公务员/事业单位技术岗位","湖北省荆门市钟祥市","2026-07-28T09:12:58.310295+00:00","钟祥调查队一级科员","国家统计局湖北调查总队","","湖北省荆门市钟祥市","公务员/事业单位;2025;data_ai;仅限本科;学士;统计学、应用统计学、经济统计学、数学与应用数学、数理基础科学、数据计算及应用、农学、农林经济管理、农村区域发展;市（地）级及以下直属机构综合管理类","用人司局：国家统计局湖北调查总队
职位简介：从事一线入户调查、数据处理、统计分析、统计研究等工作。
专业要求：统计学、应用统计学、经济统计学、数学与应用数学、数理基础科学、数据计算及应用、农学、农林经济管理、农村区域发展
学历要求：仅限本科
学位要求：学士
政治面貌：不限
基层工作经历：无限制
考试类别：市（地）级及以下直属机构综合管理类
备注：1.本职位限招应届高校毕业生；2.本单位最低服务年限为5年（含试用期）","https://www.xjhc.gov.cn/xjhc/c116834/202410/a29382e11a674da3be3353af65f9fcc5.shtml#137117-400110117026","2024-10-14","{""dataset_year"":2025,""job_uid"":""GOV-2025-137117-400110117026"",""publisher"":""国家公务员局"",""publication_page"":""https://www.xjhc.gov.cn/xjhc/c116834/202410/a29382e11a674da3be3353af65f9fcc5.shtml"",""attachment_url"":""https://www.xjhc.gov.cn/xjhc/c116834/202410/a29382e11a674da3be3353af65f9fcc5/files/0536cef86e2b46ddad6aae5a3780089e.xls"",""local_source_file"":""2025_guokao_zhaokaojianzhang.xls"",""local_source_sha256"":""07ae6cab368cd21b7a1ac3e8150fe9a3d39ad5171ce76135ff3cccfe50c3e77e"",""source_sheet"":""中央国家行政机关参照公务员法管理事业单位"",""filter_version"":""government_tech_v2"",""tech_filter"":{""is_tech"":true,""is_core_tech"":true,""scope"":""core"",""categories"":[""data_ai""],""matched_fields"":[""description""],""major_terms"":[],""role_terms"":[""数据处理""],""reason"":""tech_role""},""original"":{""部门代码"":""137117"",""部门名称"":""国家统计局湖北调查总队"",""用人司局"":""国家统计局湖北调查总队"",""机构性质"":""中央国家行政机关参照公务员法管理事业单位"",""招考职位"":""钟祥调查队一级科员"",""职位属性"":""普通职位"",""职位分布"":""其他职位"",""职位简介"":""从事一线入户调查、数据处理、统计分析、统计研究等工作。"",""职位代码"":""400110117026"",""机构层级"":""县（区）级及以下"",""考试类别"":""市（地）级及以下直属机构综合管理类"",""招考人数"":""1"",""专业"":""统计学、应用统计学、经济统计学、数学与应用数学、数理基础科学、数据计算及应用、农学、农林经济管理、农村区域发展"",""学历"":""仅限本科"",""学位"":""学士"",""政治面貌"":""不限"",""基层工作最低年限"":""无限制"",""服务基层项目工作经历"":""无限制"",""是否在面试阶段组织专业能力测试"":""否"",""面试人员比例"":""3:1"",""工作地点"":""湖北省荆门市钟祥市"",""落户地点"":""湖北省荆门市钟祥市"",""备注"":""1.本职位限招应届高校毕业生；2.本单位最低服务年限为5年（含试用期）"",""部门网站"":""无"",""咨询电话1"":""027-87271767"",""咨询电话2"":""027-87842513"",""咨询电话3"":"""",""来源Sheet"":""中央国家行政机关参照公务员法管理事业单位""}}"
"government_jobs","国家公务员2025招考简章","公务员/事业单位技术岗位","湖北省荆门市沙洋县","2026-07-28T09:12:58.310295+00:00","沙洋调查队一级科员","国家统计局湖北调查总队","","湖北省荆门市沙洋县","公务员/事业单位;2025;data_ai;仅限本科;学士;统计学、应用统计学、经济统计学、数学与应用数学、数理基础科学、数据计算及应用、农学、农林经济管理、农村区域发展;市（地）级及以下直属机构综合管理类","用人司局：国家统计局湖北调查总队
职位简介：从事一线入户调查、数据处理、统计分析、统计研究等工作。
专业要求：统计学、应用统计学、经济统计学、数学与应用数学、数理基础科学、数据计算及应用、农学、农林经济管理、农村区域发展
学历要求：仅限本科
学位要求：学士
政治面貌：不限
基层工作经历：无限制
考试类别：市（地）级及以下直属机构综合管理类
备注：1.本职位限招应届高校毕业生；2.本单位最低服务年限为5年（含试用期）","https://www.xjhc.gov.cn/xjhc/c116834/202410/a29382e11a674da3be3353af65f9fcc5.shtml#137117-400110117027","2024-10-14","{""dataset_year"":2025,""job_uid"":""GOV-2025-137117-400110117027"",""publisher"":""国家公务员局"",""publication_page"":""https://www.xjhc.gov.cn/xjhc/c116834/202410/a29382e11a674da3be3353af65f9fcc5.shtml"",""attachment_url"":""https://www.xjhc.gov.cn/xjhc/c116834/202410/a29382e11a674da3be3353af65f9fcc5/files/0536cef86e2b46ddad6aae5a3780089e.xls"",""local_source_file"":""2025_guokao_zhaokaojianzhang.xls"",""local_source_sha256"":""07ae6cab368cd21b7a1ac3e8150fe9a3d39ad5171ce76135ff3cccfe50c3e77e"",""source_sheet"":""中央国家行政机关参照公务员法管理事业单位"",""filter_version"":""government_tech_v2"",""tech_filter"":{""is_tech"":true,""is_core_tech"":true,""scope"":""core"",""categories"":[""data_ai""],""matched_fields"":[""description""],""major_terms"":[],""role_terms"":[""数据处理""],""reason"":""tech_role""},""original"":{""部门代码"":""137117"",""部门名称"":""国家统计局湖北调查总队"",""用人司局"":""国家统计局湖北调查总队"",""机构性质"":""中央国家行政机关参照公务员法管理事业单位"",""招考职位"":""沙洋调查队一级科员"",""职位属性"":""普通职位"",""职位分布"":""其他职位"",""职位简介"":""从事一线入户调查、数据处理、统计分析、统计研究等工作。"",""职位代码"":""400110117027"",""机构层级"":""县（区）级及以下"",""考试类别"":""市（地）级及以下直属机构综合管理类"",""招考人数"":""1"",""专业"":""统计学、应用统计学、经济统计学、数学与应用数学、数理基础科学、数据计算及应用、农学、农林经济管理、农村区域发展"",""学历"":""仅限本科"",""学位"":""学士"",""政治面貌"":""不限"",""基层工作最低年限"":""无限制"",""服务基层项目工作经历"":""无限制"",""是否在面试阶段组织专业能力测试"":""否"",""面试人员比例"":""3:1"",""工作地点"":""湖北省荆门市沙洋县"",""落户地点"":""湖北省荆门市沙洋县"",""备注"":""1.本职位限招应届高校毕业生；2.本单位最低服务年限为5年（含试用期）"",""部门网站"":""无"",""咨询电话1"":""027-87271767"",""咨询电话2"":""027-87842513"",""咨询电话3"":"""",""来源Sheet"":""中央国家行政机关参照公务员法管理事业单位""}}"
"government_jobs","国家公务员2025招考简章","公务员/事业单位技术岗位","湖北省孝感市","2026-07-28T09:12:58.310295+00:00","孝感调查队综合科室一级科员","国家统计局湖北调查总队","","湖北省孝感市","公务员/事业单位;2025;data_ai;仅限本科;学士;统计学、应用统计学、经济统计学、数学与应用数学、数理基础科学、数据计算及应用、农学、农林经济管理、农村区域发展;市（地）级及以下直属机构综合管理类","用人司局：国家统计局湖北调查总队
职位简介：从事一线入户调查、数据处理、统计分析、统计研究等工作。
专业要求：统计学、应用统计学、经济统计学、数学与应用数学、数理基础科学、数据计算及应用、农学、农林经济管理、农村区域发展
学历要求：仅限本科
学位要求：学士
政治面貌：不限
基层工作经历：无限制
考试类别：市（地）级及以下直属机构综合管理类
备注：1.本职位限招应届高校毕业生；2.本单位最低服务年限为5年（含试用期）。","https://www.xjhc.gov.cn/xjhc/c116834/202410/a29382e11a674da3be3353af65f9fcc5.shtml#137117-400110117029","2024-10-14","{""dataset_year"":2025,""job_uid"":""GOV-2025-137117-400110117029"",""publisher"":""国家公务员局"",""publication_page"":""https://www.xjhc.gov.cn/xjhc/c116834/202410/a29382e11a674da3be3353af65f9fcc5.shtml"",""attachment_url"":""https://www.xjhc.gov.cn/xjhc/c116834/202410/a29382e11a674da3be3353af65f9fcc5/files/0536cef86e2b46ddad6aae5a3780089e.xls"",""local_source_file"":""2025_guokao_zhaokaojianzhang.xls"",""local_source_sha256"":""07ae6cab368cd21b7a1ac3e8150fe9a3d39ad5171ce76135ff3cccfe50c3e77e"",""source_sheet"":""中央国家行政机关参照公务员法管理事业单位"",""filter_version"":""government_tech_v2"",""tech_filter"":{""is_tech"":true,""is_core_tech"":true,""scope"":""core"",""categories"":[""data_ai""],""matched_fields"":[""description""],""major_terms"":[],""role_terms"":[""数据处理""],""reason"":""tech_role""},""original"":{""部门代码"":""137117"",""部门名称"":""国家统计局湖北调查总队"",""用人司局"":""国家统计局湖北调查总队"",""机构性质"":""中央国家行政机关参照公务员法管理事业单位"",""招考职位"":""孝感调查队综合科室一级科员"",""职位属性"":""普通职位"",""职位分布"":""其他职位"",""职位简介"":""从事一线入户调查、数据处理、统计分析、统计研究等工作。"",""职位代码"":""400110117029"",""机构层级"":""市（地）级"",""考试类别"":""市（地）级及以下直属机构综合管理类"",""招考人数"":""2"",""专业"":""统计学、应用统计学、经济统计学、数学与应用数学、数理基础科学、数据计算及应用、农学、农林经济管理、农村区域发展"",""学历"":""仅限本科"",""学位"":""学士"",""政治面貌"":""不限"",""基层工作最低年限"":""无限制"",""服务基层项目工作经历"":""无限制"",""是否在面试阶段组织专业能力测试"":""否"",""面试人员比例"":""3:1"",""工作地点"":""湖北省孝感市"",""落户地点"":""湖北省孝感市"",""备注"":""1.本职位限招应届高校毕业生；2.本单位最低服务年限为5年（含试用期）。"",""部门网站"":""无"",""咨询电话1"":""027-87271767"",""咨询电话2"":""027-87842513"",""咨询电话3"":"""",""来源Sheet"":""中央国家行政机关参照公务员法管理事业单位""}}"
"government_jobs","国家公务员2025招考简章","公务员/事业单位技术岗位","湖北省孝感市汉川市","2026-07-28T09:12:58.310295+00:00","汉川调查队一级科员","国家统计局湖北调查总队","","湖北省孝感市汉川市","公务员/事业单位;2025;data_ai;仅限本科;学士;统计学、应用统计学、经济统计学、数学与应用数学、数理基础科学、数据计算及应用、农学、农林经济管理、农村区域发展;市（地）级及以下直属机构综合管理类","用人司局：国家统计局湖北调查总队
职位简介：从事一线入户调查、数据处理、统计分析、统计研究等工作。
专业要求：统计学、应用统计学、经济统计学、数学与应用数学、数理基础科学、数据计算及应用、农学、农林经济管理、农村区域发展
学历要求：仅限本科
学位要求：学士
政治面貌：不限
基层工作经历：无限制
考试类别：市（地）级及以下直属机构综合管理类
备注：1.本职位限招应届高校毕业生；2.本单位最低服务年限为5年（含试用期）。","https://www.xjhc.gov.cn/xjhc/c116834/202410/a29382e11a674da3be3353af65f9fcc5.shtml#137117-400110117030","2024-10-14","{""dataset_year"":2025,""job_uid"":""GOV-2025-137117-400110117030"",""publisher"":""国家公务员局"",""publication_page"":""https://www.xjhc.gov.cn/xjhc/c116834/202410/a29382e11a674da3be3353af65f9fcc5.shtml"",""attachment_url"":""https://www.xjhc.gov.cn/xjhc/c116834/202410/a29382e11a674da3be3353af65f9fcc5/files/0536cef86e2b46ddad6aae5a3780089e.xls"",""local_source_file"":""2025_guokao_zhaokaojianzhang.xls"",""local_source_sha256"":""07ae6cab368cd21b7a1ac3e8150fe9a3d39ad5171ce76135ff3cccfe50c3e77e"",""source_sheet"":""中央国家行政机关参照公务员法管理事业单位"",""filter_version"":""government_tech_v2"",""tech_filter"":{""is_tech"":true,""is_core_tech"":true,""scope"":""core"",""categories"":[""data_ai""],""matched_fields"":[""description""],""major_terms"":[],""role_terms"":[""数据处理""],""reason"":""tech_role""},""original"":{""部门代码"":""137117"",""部门名称"":""国家统计局湖北调查总队"",""用人司局"":""国家统计局湖北调查总队"",""机构性质"":""中央国家行政机关参照公务员法管理事业单位"",""招考职位"":""汉川调查队一级科员"",""职位属性"":""普通职位"",""职位分布"":""其他职位"",""职位简介"":""从事一线入户调查、数据处理、统计分析、统计研究等工作。"",""职位代码"":""400110117030"",""机构层级"":""县（区）级及以下"",""考试类别"":""市（地）级及以下直属机构综合管理类"",""招考人数"":""1"",""专业"":""统计学、应用统计学、经济统计学、数学与应用数学、数理基础科学、数据计算及应用、农学、农林经济管理、农村区域发展"",""学历"":""仅限本科"",""学位"":""学士"",""政治面貌"":""不限"",""基层工作最低年限"":""无限制"",""服务基层项目工作经历"":""无限制"",""是否在面试阶段组织专业能力测试"":""否"",""面试人员比例"":""3:1"",""工作地点"":""湖北省孝感市汉川市"",""落户地点"":""湖北省孝感市汉川市"",""备注"":""1.本职位限招应届高校毕业生；2.本单位最低服务年限为5年（含试用期）。"",""部门网站"":""无"",""咨询电话1"":""027-87271767"",""咨询电话2"":""027-87842513"",""咨询电话3"":"""",""来源Sheet"":""中央国家行政机关参照公务员法管理事业单位""}}"
"government_jobs","国家公务员2025招考简章","公务员/事业单位技术岗位","湖北省荆州市公安县","2026-07-28T09:12:58.310295+00:00","公安调查队四级主任科员及以下","国家统计局湖北调查总队","","湖北省荆州市公安县","公务员/事业单位;2025;data_ai;仅限本科;学士;统计学、应用统计学、经济统计学、数学与应用数学、数理基础科学、数据计算及应用、农学、农林经济管理、农村区域发展;市（地）级及以下直属机构综合管理类","用人司局：国家统计局湖北调查总队
职位简介：从事一线入户调查、数据处理、统计分析、统计研究等工作。
专业要求：统计学、应用统计学、经济统计学、数学与应用数学、数理基础科学、数据计算及应用、农学、农林经济管理、农村区域发展
学历要求：仅限本科
学位要求：学士
政治面貌：不限
基层工作经历：二年
考试类别：市（地）级及以下直属机构综合管理类
备注：本单位最低服务年限为5年（含试用期）","https://www.xjhc.gov.cn/xjhc/c116834/202410/a29382e11a674da3be3353af65f9fcc5.shtml#137117-400110117032","2024-10-14","{""dataset_year"":2025,""job_uid"":""GOV-2025-137117-400110117032"",""publisher"":""国家公务员局"",""publication_page"":""https://www.xjhc.gov.cn/xjhc/c116834/202410/a29382e11a674da3be3353af65f9fcc5.shtml"",""attachment_url"":""https://www.xjhc.gov.cn/xjhc/c116834/202410/a29382e11a674da3be3353af65f9fcc5/files/0536cef86e2b46ddad6aae5a3780089e.xls"",""local_source_file"":""2025_guokao_zhaokaojianzhang.xls"",""local_source_sha256"":""07ae6cab368cd21b7a1ac3e8150fe9a3d39ad5171ce76135ff3cccfe50c3e77e"",""source_sheet"":""中央国家行政机关参照公务员法管理事业单位"",""filter_version"":""government_tech_v2"",""tech_filter"":{""is_tech"":true,""is_core_tech"":true,""scope"":""core"",""categories"":[""data_ai""],""matched_fields"":[""description""],""major_terms"":[],""role_terms"":[""数据处理""],""reason"":""tech_role""},""original"":{""部门代码"":""137117"",""部门名称"":""国家统计局湖北调查总队"",""用人司局"":""国家统计局湖北调查总队"",""机构性质"":""中央国家行政机关参照公务员法管理事业单位"",""招考职位"":""公安调查队四级主任科员及以下"",""职位属性"":""普通职位"",""职位分布"":""其他职位"",""职位简介"":""从事一线入户调查、数据处理、统计分析、统计研究等工作。"",""职位代码"":""400110117032"",""机构层级"":""县（区）级及以下"",""考试类别"":""市（地）级及以下直属机构综合管理类"",""招考人数"":""2"",""专业"":""统计学、应用统计学、经济统计学、数学与应用数学、数理基础科学、数据计算及应用、农学、农林经济管理、农村区域发展"",""学历"":""仅限本科"",""学位"":""学士"",""政治面貌"":""不限"",""基层工作最低年限"":""二年"",""服务基层项目工作经历"":""无限制"",""是否在面试阶段组织专业能力测试"":""否"",""面试人员比例"":""3:1"",""工作地点"":""湖北省荆州市公安县"",""落户地点"":""湖北省荆州市公安县"",""备注"":""本单位最低服务年限为5年（含试用期）"",""部门网站"":""无"",""咨询电话1"":""027-87271767"",""咨询电话2"":""027-87842513"",""咨询电话3"":"""",""来源Sheet"":""中央国家行政机关参照公务员法管理事业单位""}}"
"government_jobs","国家公务员2025招考简章","公务员/事业单位技术岗位","湖北省黄冈市浠水县","2026-07-28T09:12:58.310295+00:00","浠水调查队四级主任科员及以下","国家统计局湖北调查总队","","湖北省黄冈市浠水县","公务员/事业单位;2025;data_ai;仅限本科;学士;统计学、应用统计学、经济统计学、数学与应用数学、数理基础科学、数据计算及应用、农学、农林经济管理、农村区域发展;市（地）级及以下直属机构综合管理类","用人司局：国家统计局湖北调查总队
职位简介：从事一线入户调查、数据处理、统计分析、统计研究等工作。
专业要求：统计学、应用统计学、经济统计学、数学与应用数学、数理基础科学、数据计算及应用、农学、农林经济管理、农村区域发展
学历要求：仅限本科
学位要求：学士
政治面貌：中共党员
基层工作经历：二年
考试类别：市（地）级及以下直属机构综合管理类
备注：本单位最低服务年限为5年（含试用期）","https://www.xjhc.gov.cn/xjhc/c116834/202410/a29382e11a674da3be3353af65f9fcc5.shtml#137117-400110117033","2024-10-14","{""dataset_year"":2025,""job_uid"":""GOV-2025-137117-400110117033"",""publisher"":""国家公务员局"",""publication_page"":""https://www.xjhc.gov.cn/xjhc/c116834/202410/a29382e11a674da3be3353af65f9fcc5.shtml"",""attachment_url"":""https://www.xjhc.gov.cn/xjhc/c116834/202410/a29382e11a674da3be3353af65f9fcc5/files/0536cef86e2b46ddad6aae5a3780089e.xls"",""local_source_file"":""2025_guokao_zhaokaojianzhang.xls"",""local_source_sha256"":""07ae6cab368cd21b7a1ac3e8150fe9a3d39ad5171ce76135ff3cccfe50c3e77e"",""source_sheet"":""中央国家行政机关参照公务员法管理事业单位"",""filter_version"":""government_tech_v2"",""tech_filter"":{""is_tech"":true,""is_core_tech"":true,""scope"":""core"",""categories"":[""data_ai""],""matched_fields"":[""description""],""major_terms"":[],""role_terms"":[""数据处理""],""reason"":""tech_role""},""original"":{""部门代码"":""137117"",""部门名称"":""国家统计局湖北调查总队"",""用人司局"":""国家统计局湖北调查总队"",""机构性质"":""中央国家行政机关参照公务员法管理事业单位"",""招考职位"":""浠水调查队四级主任科员及以下"",""职位属性"":""普通职位"",""职位分布"":""其他职位"",""职位简介"":""从事一线入户调查、数据处理、统计分析、统计研究等工作。"",""职位代码"":""400110117033"",""机构层级"":""县（区）级及以下"",""考试类别"":""市（地）级及以下直属机构综合管理类"",""招考人数"":""1"",""专业"":""统计学、应用统计学、经济统计学、数学与应用数学、数理基础科学、数据计算及应用、农学、农林经济管理、农村区域发展"",""学历"":""仅限本科"",""学位"":""学士"",""政治面貌"":""中共党员"",""基层工作最低年限"":""二年"",""服务基层项目工作经历"":""无限制"",""是否在面试阶段组织专业能力测试"":""否"",""面试人员比例"":""3:1"",""工作地点"":""湖北省黄冈市浠水县"",""落户地点"":""湖北省黄冈市浠水县"",""备注"":""本单位最低服务年限为5年（含试用期）"",""部门网站"":""无"",""咨询电话1"":""027-87271767"",""咨询电话2"":""027-87842513"",""咨询电话3"":"""",""来源Sheet"":""中央国家行政机关参照公务员法管理事业单位""}}"
"government_jobs","国家公务员2025招考简章","公务员/事业单位技术岗位","湖北省黄冈市浠水县","2026-07-28T09:12:58.310295+00:00","浠水调查队一级科员","国家统计局湖北调查总队","","湖北省黄冈市浠水县","公务员/事业单位;2025;data_ai;仅限本科;学士;统计学、应用统计学、经济统计学、数学与应用数学、数理基础科学、数据计算及应用、农学、农林经济管理、农村区域发展;市（地）级及以下直属机构综合管理类","用人司局：国家统计局湖北调查总队
职位简介：从事一线入户调查、数据处理、统计分析、统计研究等工作。
专业要求：统计学、应用统计学、经济统计学、数学与应用数学、数理基础科学、数据计算及应用、农学、农林经济管理、农村区域发展
学历要求：仅限本科
学位要求：学士
政治面貌：不限
基层工作经历：无限制
考试类别：市（地）级及以下直属机构综合管理类
备注：1.本职位限招应届高校毕业生；2.本单位最低服务年限为5年（含试用期）。","https://www.xjhc.gov.cn/xjhc/c116834/202410/a29382e11a674da3be3353af65f9fcc5.shtml#137117-400110117034","2024-10-14","{""dataset_year"":2025,""job_uid"":""GOV-2025-137117-400110117034"",""publisher"":""国家公务员局"",""publication_page"":""https://www.xjhc.gov.cn/xjhc/c116834/202410/a29382e11a674da3be3353af65f9fcc5.shtml"",""attachment_url"":""https://www.xjhc.gov.cn/xjhc/c116834/202410/a29382e11a674da3be3353af65f9fcc5/files/0536cef86e2b46ddad6aae5a3780089e.xls"",""local_source_file"":""2025_guokao_zhaokaojianzhang.xls"",""local_source_sha256"":""07ae6cab368cd21b7a1ac3e8150fe9a3d39ad5171ce76135ff3cccfe50c3e77e"",""source_sheet"":""中央国家行政机关参照公务员法管理事业单位"",""filter_version"":""government_tech_v2"",""tech_filter"":{""is_tech"":true,""is_core_tech"":true,""scope"":""core"",""categories"":[""data_ai""],""matched_fields"":[""description""],""major_terms"":[],""role_terms"":[""数据处理""],""reason"":""tech_role""},""original"":{""部门代码"":""137117"",""部门名称"":""国家统计局湖北调查总队"",""用人司局"":""国家统计局湖北调查总队"",""机构性质"":""中央国家行政机关参照公务员法管理事业单位"",""招考职位"":""浠水调查队一级科员"",""职位属性"":""普通职位"",""职位分布"":""其他职位"",""职位简介"":""从事一线入户调查、数据处理、统计分析、统计研究等工作。"",""职位代码"":""400110117034"",""机构层级"":""县（区）级及以下"",""考试类别"":""市（地）级及以下直属机构综合管理类"",""招考人数"":""1"",""专业"":""统计学、应用统计学、经济统计学、数学与应用数学、数理基础科学、数据计算及应用、农学、农林经济管理、农村区域发展"",""学历"":""仅限本科"",""学位"":""学士"",""政治面貌"":""不限"",""基层工作最低年限"":""无限制"",""服务基层项目工作经历"":""无限制"",""是否在面试阶段组织专业能力测试"":""否"",""面试人员比例"":""3:1"",""工作地点"":""湖北省黄冈市浠水县"",""落户地点"":""湖北省黄冈市浠水县"",""备注"":""1.本职位限招应届高校毕业生；2.本单位最低服务年限为5年（含试用期）。"",""部门网站"":""无"",""咨询电话1"":""027-87271767"",""咨询电话2"":""027-87842513"",""咨询电话3"":"""",""来源Sheet"":""中央国家行政机关参照公务员法管理事业单位""}}"
"government_jobs","国家公务员2025招考简章","公务员/事业单位技术岗位","湖北省黄冈市麻城市","2026-07-28T09:12:58.310295+00:00","麻城调查队四级主任科员及以下","国家统计局湖北调查总队","","湖北省黄冈市麻城市","公务员/事业单位;2025;data_ai;仅限本科;学士;统计学、应用统计学、经济统计学、数学与应用数学、数理基础科学、数据计算及应用、农学、农林经济管理、农村区域发展;市（地）级及以下直属机构综合管理类","用人司局：国家统计局湖北调查总队
职位简介：从事一线入户调查、数据处理、统计分析、统计研究等工作。
专业要求：统计学、应用统计学、经济统计学、数学与应用数学、数理基础科学、数据计算及应用、农学、农林经济管理、农村区域发展
学历要求：仅限本科
学位要求：学士
政治面貌：不限
基层工作经历：无限制
考试类别：市（地）级及以下直属机构综合管理类
备注：本单位最低服务年限为5年（含试用期）。","https://www.xjhc.gov.cn/xjhc/c116834/202410/a29382e11a674da3be3353af65f9fcc5.shtml#137117-400110117035","2024-10-14","{""dataset_year"":2025,""job_uid"":""GOV-2025-137117-400110117035"",""publisher"":""国家公务员局"",""publication_page"":""https://www.xjhc.gov.cn/xjhc/c116834/202410/a29382e11a674da3be3353af65f9fcc5.shtml"",""attachment_url"":""https://www.xjhc.gov.cn/xjhc/c116834/202410/a29382e11a674da3be3353af65f9fcc5/files/0536cef86e2b46ddad6aae5a3780089e.xls"",""local_source_file"":""2025_guokao_zhaokaojianzhang.xls"",""local_source_sha256"":""07ae6cab368cd21b7a1ac3e8150fe9a3d39ad5171ce76135ff3cccfe50c3e77e"",""source_sheet"":""中央国家行政机关参照公务员法管理事业单位"",""filter_version"":""government_tech_v2"",""tech_filter"":{""is_tech"":true,""is_core_tech"":true,""scope"":""core"",""categories"":[""data_ai""],""matched_fields"":[""description""],""major_terms"":[],""role_terms"":[""数据处理""],""reason"":""tech_role""},""original"":{""部门代码"":""137117"",""部门名称"":""国家统计局湖北调查总队"",""用人司局"":""国家统计局湖北调查总队"",""机构性质"":""中央国家行政机关参照公务员法管理事业单位"",""招考职位"":""麻城调查队四级主任科员及以下"",""职位属性"":""普通职位"",""职位分布"":""其他职位"",""职位简介"":""从事一线入户调查、数据处理、统计分析、统计研究等工作。"",""职位代码"":""400110117035"",""机构层级"":""县（区）级及以下"",""考试类别"":""市（地）级及以下直属机构综合管理类"",""招考人数"":""1"",""专业"":""统计学、应用统计学、经济统计学、数学与应用数学、数理基础科学、数据计算及应用、农学、农林经济管理、农村区域发展"",""学历"":""仅限本科"",""学位"":""学士"",""政治面貌"":""不限"",""基层工作最低年限"":""无限制"",""服务基层项目工作经历"":""无限制"",""是否在面试阶段组织专业能力测试"":""否"",""面试人员比例"":""3:1"",""工作地点"":""湖北省黄冈市麻城市"",""落户地点"":""湖北省黄冈市麻城市"",""备注"":""本单位最低服务年限为5年（含试用期）。"",""部门网站"":""无"",""咨询电话1"":""027-87271767"",""咨询电话2"":""027-87842513"",""咨询电话3"":"""",""来源Sheet"":""中央国家行政机关参照公务员法管理事业单位""}}"
"government_jobs","国家公务员2025招考简章","公务员/事业单位技术岗位","湖北省黄冈市黄梅县","2026-07-28T09:12:58.310295+00:00","黄梅调查队一级科员","国家统计局湖北调查总队","","湖北省黄冈市黄梅县","公务员/事业单位;2025;data_ai;仅限本科;学士;统计学、应用统计学、经济统计学、数学与应用数学、数理基础科学、数据计算及应用、农学、农林经济管理、农村区域发展;市（地）级及以下直属机构综合管理类","用人司局：国家统计局湖北调查总队
职位简介：从事一线入户调查、数据处理、统计分析、统计研究等工作。
专业要求：统计学、应用统计学、经济统计学、数学与应用数学、数理基础科学、数据计算及应用、农学、农林经济管理、农村区域发展
学历要求：仅限本科
学位要求：学士
政治面貌：中共党员
基层工作经历：无限制
考试类别：市（地）级及以下直属机构综合管理类
备注：1.本职位限招应届高校毕业生；2.本单位最低服务年限为5年（含试用期）。","https://www.xjhc.gov.cn/xjhc/c116834/202410/a29382e11a674da3be3353af65f9fcc5.shtml#137117-400110117036","2024-10-14","{""dataset_year"":2025,""job_uid"":""GOV-2025-137117-400110117036"",""publisher"":""国家公务员局"",""publication_page"":""https://www.xjhc.gov.cn/xjhc/c116834/202410/a29382e11a674da3be3353af65f9fcc5.shtml"",""attachment_url"":""https://www.xjhc.gov.cn/xjhc/c116834/202410/a29382e11a674da3be3353af65f9fcc5/files/0536cef86e2b46ddad6aae5a3780089e.xls"",""local_source_file"":""2025_guokao_zhaokaojianzhang.xls"",""local_source_sha256"":""07ae6cab368cd21b7a1ac3e8150fe9a3d39ad5171ce76135ff3cccfe50c3e77e"",""source_sheet"":""中央国家行政机关参照公务员法管理事业单位"",""filter_version"":""government_tech_v2"",""tech_filter"":{""is_tech"":true,""is_core_tech"":true,""scope"":""core"",""categories"":[""data_ai""],""matched_fields"":[""description""],""major_terms"":[],""role_terms"":[""数据处理""],""reason"":""tech_role""},""original"":{""部门代码"":""137117"",""部门名称"":""国家统计局湖北调查总队"",""用人司局"":""国家统计局湖北调查总队"",""机构性质"":""中央国家行政机关参照公务员法管理事业单位"",""招考职位"":""黄梅调查队一级科员"",""职位属性"":""普通职位"",""职位分布"":""其他职位"",""职位简介"":""从事一线入户调查、数据处理、统计分析、统计研究等工作。"",""职位代码"":""400110117036"",""机构层级"":""县（区）级及以下"",""考试类别"":""市（地）级及以下直属机构综合管理类"",""招考人数"":""1"",""专业"":""统计学、应用统计学、经济统计学、数学与应用数学、数理基础科学、数据计算及应用、农学、农林经济管理、农村区域发展"",""学历"":""仅限本科"",""学位"":""学士"",""政治面貌"":""中共党员"",""基层工作最低年限"":""无限制"",""服务基层项目工作经历"":""无限制"",""是否在面试阶段组织专业能力测试"":""否"",""面试人员比例"":""3:1"",""工作地点"":""湖北省黄冈市黄梅县"",""落户地点"":""湖北省黄冈市黄梅县"",""备注"":""1.本职位限招应届高校毕业生；2.本单位最低服务年限为5年（含试用期）。"",""部门网站"":""无"",""咨询电话1"":""027-87271767"",""咨询电话2"":""027-87842513"",""咨询电话3"":"""",""来源Sheet"":""中央国家行政机关参照公务员法管理事业单位""}}"
"government_jobs","国家公务员2025招考简章","公务员/事业单位技术岗位","湖北省黄冈市罗田县","2026-07-28T09:12:58.310295+00:00","罗田调查队四级主任科员及以下","国家统计局湖北调查总队","","湖北省黄冈市罗田县","公务员/事业单位;2025;data_ai;仅限本科;学士;统计学、应用统计学、经济统计学、数学与应用数学、数理基础科学、数据计算及应用、农学、农林经济管理、农村区域发展;市（地）级及以下直属机构综合管理类","用人司局：国家统计局湖北调查总队
职位简介：从事一线入户调查、数据处理、统计分析、统计研究等工作。
专业要求：统计学、应用统计学、经济统计学、数学与应用数学、数理基础科学、数据计算及应用、农学、农林经济管理、农村区域发展
学历要求：仅限本科
学位要求：学士
政治面貌：不限
基层工作经历：无限制
考试类别：市（地）级及以下直属机构综合管理类
备注：本单位最低服务年限为5年（含试用期）。","https://www.xjhc.gov.cn/xjhc/c116834/202410/a29382e11a674da3be3353af65f9fcc5.shtml#137117-400110117037","2024-10-14","{""dataset_year"":2025,""job_uid"":""GOV-2025-137117-400110117037"",""publisher"":""国家公务员局"",""publication_page"":""https://www.xjhc.gov.cn/xjhc/c116834/202410/a29382e11a674da3be3353af65f9fcc5.shtml"",""attachment_url"":""https://www.xjhc.gov.cn/xjhc/c116834/202410/a29382e11a674da3be3353af65f9fcc5/files/0536cef86e2b46ddad6aae5a3780089e.xls"",""local_source_file"":""2025_guokao_zhaokaojianzhang.xls"",""local_source_sha256"":""07ae6cab368cd21b7a1ac3e8150fe9a3d39ad5171ce76135ff3cccfe50c3e77e"",""source_sheet"":""中央国家行政机关参照公务员法管理事业单位"",""filter_version"":""government_tech_v2"",""tech_filter"":{""is_tech"":true,""is_core_tech"":true,""scope"":""core"",""categories"":[""data_ai""],""matched_fields"":[""description""],""major_terms"":[],""role_terms"":[""数据处理""],""reason"":""tech_role""},""original"":{""部门代码"":""137117"",""部门名称"":""国家统计局湖北调查总队"",""用人司局"":""国家统计局湖北调查总队"",""机构性质"":""中央国家行政机关参照公务员法管理事业单位"",""招考职位"":""罗田调查队四级主任科员及以下"",""职位属性"":""普通职位"",""职位分布"":""其他职位"",""职位简介"":""从事一线入户调查、数据处理、统计分析、统计研究等工作。"",""职位代码"":""400110117037"",""机构层级"":""县（区）级及以下"",""考试类别"":""市（地）级及以下直属机构综合管理类"",""招考人数"":""2"",""专业"":""统计学、应用统计学、经济统计学、数学与应用数学、数理基础科学、数据计算及应用、农学、农林经济管理、农村区域发展"",""学历"":""仅限本科"",""学位"":""学士"",""政治面貌"":""不限"",""基层工作最低年限"":""无限制"",""服务基层项目工作经历"":""无限制"",""是否在面试阶段组织专业能力测试"":""否"",""面试人员比例"":""3:1"",""工作地点"":""湖北省黄冈市罗田县"",""落户地点"":""湖北省黄冈市罗田县"",""备注"":""本单位最低服务年限为5年（含试用期）。"",""部门网站"":""无"",""咨询电话1"":""027-87271767"",""咨询电话2"":""027-87842513"",""咨询电话3"":"""",""来源Sheet"":""中央国家行政机关参照公务员法管理事业单位""}}"
"government_jobs","国家公务员2025招考简章","公务员/事业单位技术岗位","湖北省咸宁市赤壁市","2026-07-28T09:12:58.310295+00:00","赤壁调查队四级主任科员及以下","国家统计局湖北调查总队","","湖北省咸宁市赤壁市","公务员/事业单位;2025;data_ai;仅限本科;学士;统计学、应用统计学、经济统计学、数学与应用数学、数理基础科学、数据计算及应用、农学、农林经济管理、农村区域发展;市（地）级及以下直属机构综合管理类","用人司局：国家统计局湖北调查总队
职位简介：从事一线入户调查、数据处理、统计分析、统计研究等工作。
专业要求：统计学、应用统计学、经济统计学、数学与应用数学、数理基础科学、数据计算及应用、农学、农林经济管理、农村区域发展
学历要求：仅限本科
学位要求：学士
政治面貌：不限
基层工作经历：无限制
考试类别：市（地）级及以下直属机构综合管理类
备注：本单位最低服务年限为5年（含试用期）","https://www.xjhc.gov.cn/xjhc/c116834/202410/a29382e11a674da3be3353af65f9fcc5.shtml#137117-400110117040","2024-10-14","{""dataset_year"":2025,""job_uid"":""GOV-2025-137117-400110117040"",""publisher"":""国家公务员局"",""publication_page"":""https://www.xjhc.gov.cn/xjhc/c116834/202410/a29382e11a674da3be3353af65f9fcc5.shtml"",""attachment_url"":""https://www.xjhc.gov.cn/xjhc/c116834/202410/a29382e11a674da3be3353af65f9fcc5/files/0536cef86e2b46ddad6aae5a3780089e.xls"",""local_source_file"":""2025_guokao_zhaokaojianzhang.xls"",""local_source_sha256"":""07ae6cab368cd21b7a1ac3e8150fe9a3d39ad5171ce76135ff3cccfe50c3e77e"",""source_sheet"":""中央国家行政机关参照公务员法管理事业单位"",""filter_version"":""government_tech_v2"",""tech_filter"":{""is_tech"":true,""is_core_tech"":true,""scope"":""core"",""categories"":[""data_ai""],""matched_fields"":[""description""],""major_terms"":[],""role_terms"":[""数据处理""],""reason"":""tech_role""},""original"":{""部门代码"":""137117"",""部门名称"":""国家统计局湖北调查总队"",""用人司局"":""国家统计局湖北调查总队"",""机构性质"":""中央国家行政机关参照公务员法管理事业单位"",""招考职位"":""赤壁调查队四级主任科员及以下"",""职位属性"":""普通职位"",""职位分布"":""其他职位"",""职位简介"":""从事一线入户调查、数据处理、统计分析、统计研究等工作。"",""职位代码"":""400110117040"",""机构层级"":""县（区）级及以下"",""考试类别"":""市（地）级及以下直属机构综合管理类"",""招考人数"":""2"",""专业"":""统计学、应用统计学、经济统计学、数学与应用数学、数理基础科学、数据计算及应用、农学、农林经济管理、农村区域发展"",""学历"":""仅限本科"",""学位"":""学士"",""政治面貌"":""不限"",""基层工作最低年限"":""无限制"",""服务基层项目工作经历"":""无限制"",""是否在面试阶段组织专业能力测试"":""否"",""面试人员比例"":""3:1"",""工作地点"":""湖北省咸宁市赤壁市"",""落户地点"":""湖北省咸宁市赤壁市"",""备注"":""本单位最低服务年限为5年（含试用期）"",""部门网站"":""无"",""咨询电话1"":""027-87271767"",""咨询电话2"":""027-87842513"",""咨询电话3"":"""",""来源Sheet"":""中央国家行政机关参照公务员法管理事业单位""}}"
"government_jobs","国家公务员2025招考简章","公务员/事业单位技术岗位","湖北省随州市","2026-07-28T09:12:58.310295+00:00","随州调查队农业农村调查科一级科员","国家统计局湖北调查总队","","湖北省随州市","公务员/事业单位;2025;data_ai;仅限本科;学士;统计学、应用统计学、经济统计学、数学与应用数学、数理基础科学、数据计算及应用、农学、农林经济管理、农村区域发展;市（地）级及以下直属机构综合管理类","用人司局：国家统计局湖北调查总队
职位简介：从事一线入户调查、数据处理、统计分析、统计研究等工作。
专业要求：统计学、应用统计学、经济统计学、数学与应用数学、数理基础科学、数据计算及应用、农学、农林经济管理、农村区域发展
学历要求：仅限本科
学位要求：学士
政治面貌：不限
基层工作经历：无限制
考试类别：市（地）级及以下直属机构综合管理类
备注：1.本职位限招应届高校毕业生；2.本单位最低服务年限为5年（含试用期）","https://www.xjhc.gov.cn/xjhc/c116834/202410/a29382e11a674da3be3353af65f9fcc5.shtml#137117-400110117041","2024-10-14","{""dataset_year"":2025,""job_uid"":""GOV-2025-137117-400110117041"",""publisher"":""国家公务员局"",""publication_page"":""https://www.xjhc.gov.cn/xjhc/c116834/202410/a29382e11a674da3be3353af65f9fcc5.shtml"",""attachment_url"":""https://www.xjhc.gov.cn/xjhc/c116834/202410/a29382e11a674da3be3353af65f9fcc5/files/0536cef86e2b46ddad6aae5a3780089e.xls"",""local_source_file"":""2025_guokao_zhaokaojianzhang.xls"",""local_source_sha256"":""07ae6cab368cd21b7a1ac3e8150fe9a3d39ad5171ce76135ff3cccfe50c3e77e"",""source_sheet"":""中央国家行政机关参照公务员法管理事业单位"",""filter_version"":""government_tech_v2"",""tech_filter"":{""is_tech"":true,""is_core_tech"":true,""scope"":""core"",""categories"":[""data_ai""],""matched_fields"":[""description""],""major_terms"":[],""role_terms"":[""数据处理""],""reason"":""tech_role""},""original"":{""部门代码"":""137117"",""部门名称"":""国家统计局湖北调查总队"",""用人司局"":""国家统计局湖北调查总队"",""机构性质"":""中央国家行政机关参照公务员法管理事业单位"",""招考职位"":""随州调查队农业农村调查科一级科员"",""职位属性"":""普通职位"",""职位分布"":""其他职位"",""职位简介"":""从事一线入户调查、数据处理、统计分析、统计研究等工作。"",""职位代码"":""400110117041"",""机构层级"":""市（地）级"",""考试类别"":""市（地）级及以下直属机构综合管理类"",""招考人数"":""1"",""专业"":""统计学、应用统计学、经济统计学、数学与应用数学、数理基础科学、数据计算及应用、农学、农林经济管理、农村区域发展"",""学历"":""仅限本科"",""学位"":""学士"",""政治面貌"":""不限"",""基层工作最低年限"":""无限制"",""服务基层项目工作经历"":""无限制"",""是否在面试阶段组织专业能力测试"":""否"",""面试人员比例"":""3:1"",""工作地点"":""湖北省随州市"",""落户地点"":""湖北省随州市"",""备注"":""1.本职位限招应届高校毕业生；2.本单位最低服务年限为5年（含试用期）"",""部门网站"":""无"",""咨询电话1"":""027-87271767"",""咨询电话2"":""027-87842513"",""咨询电话3"":"""",""来源Sheet"":""中央国家行政机关参照公务员法管理事业单位""}}"
"government_jobs","国家公务员2025招考简章","公务员/事业单位技术岗位","湖北省恩施土家族苗族自治州利川市","2026-07-28T09:12:58.310295+00:00","利川调查队四级主任科员及以下","国家统计局湖北调查总队","","湖北省恩施土家族苗族自治州利川市","公务员/事业单位;2025;data_ai;仅限本科;学士;统计学、应用统计学、经济统计学、数学与应用数学、数理基础科学、数据计算及应用、农学、农林经济管理、农村区域发展;市（地）级及以下直属机构综合管理类","用人司局：国家统计局湖北调查总队
职位简介：从事一线入户调查、数据处理、统计分析、统计研究等工作。
专业要求：统计学、应用统计学、经济统计学、数学与应用数学、数理基础科学、数据计算及应用、农学、农林经济管理、农村区域发展
学历要求：仅限本科
学位要求：学士
政治面貌：不限
基层工作经历：无限制
考试类别：市（地）级及以下直属机构综合管理类
备注：本单位最低服务年限为5年（含试用期）","https://www.xjhc.gov.cn/xjhc/c116834/202410/a29382e11a674da3be3353af65f9fcc5.shtml#137117-400110117045","2024-10-14","{""dataset_year"":2025,""job_uid"":""GOV-2025-137117-400110117045"",""publisher"":""国家公务员局"",""publication_page"":""https://www.xjhc.gov.cn/xjhc/c116834/202410/a29382e11a674da3be3353af65f9fcc5.shtml"",""attachment_url"":""https://www.xjhc.gov.cn/xjhc/c116834/202410/a29382e11a674da3be3353af65f9fcc5/files/0536cef86e2b46ddad6aae5a3780089e.xls"",""local_source_file"":""2025_guokao_zhaokaojianzhang.xls"",""local_source_sha256"":""07ae6cab368cd21b7a1ac3e8150fe9a3d39ad5171ce76135ff3cccfe50c3e77e"",""source_sheet"":""中央国家行政机关参照公务员法管理事业单位"",""filter_version"":""government_tech_v2"",""tech_filter"":{""is_tech"":true,""is_core_tech"":true,""scope"":""core"",""categories"":[""data_ai""],""matched_fields"":[""description""],""major_terms"":[],""role_terms"":[""数据处理""],""reason"":""tech_role""},""original"":{""部门代码"":""137117"",""部门名称"":""国家统计局湖北调查总队"",""用人司局"":""国家统计局湖北调查总队"",""机构性质"":""中央国家行政机关参照公务员法管理事业单位"",""招考职位"":""利川调查队四级主任科员及以下"",""职位属性"":""普通职位"",""职位分布"":""其他职位"",""职位简介"":""从事一线入户调查、数据处理、统计分析、统计研究等工作。"",""职位代码"":""400110117045"",""机构层级"":""县（区）级及以下"",""考试类别"":""市（地）级及以下直属机构综合管理类"",""招考人数"":""1"",""专业"":""统计学、应用统计学、经济统计学、数学与应用数学、数理基础科学、数据计算及应用、农学、农林经济管理、农村区域发展"",""学历"":""仅限本科"",""学位"":""学士"",""政治面貌"":""不限"",""基层工作最低年限"":""无限制"",""服务基层项目工作经历"":""无限制"",""是否在面试阶段组织专业能力测试"":""否"",""面试人员比例"":""3:1"",""工作地点"":""湖北省恩施土家族苗族自治州利川市"",""落户地点"":""湖北省恩施土家族苗族自治州利川市"",""备注"":""本单位最低服务年限为5年（含试用期）"",""部门网站"":""无"",""咨询电话1"":""027-87271767"",""咨询电话2"":""027-87842513"",""咨询电话3"":"""",""来源Sheet"":""中央国家行政机关参照公务员法管理事业单位""}}"
"government_jobs","国家公务员2025招考简章","公务员/事业单位技术岗位","湖北省仙桃市","2026-07-28T09:12:58.310295+00:00","仙桃调查队四级主任科员及以下","国家统计局湖北调查总队","","湖北省仙桃市","公务员/事业单位;2025;data_ai;仅限本科;学士;统计学、应用统计学、经济统计学、数学与应用数学、数理基础科学、数据计算及应用、农学、农林经济管理、农村区域发展;市（地）级及以下直属机构综合管理类","用人司局：国家统计局湖北调查总队
职位简介：从事一线入户调查、数据处理、统计分析、统计研究等工作。
专业要求：统计学、应用统计学、经济统计学、数学与应用数学、数理基础科学、数据计算及应用、农学、农林经济管理、农村区域发展
学历要求：仅限本科
学位要求：学士
政治面貌：不限
基层工作经历：无限制
考试类别：市（地）级及以下直属机构综合管理类
备注：本单位最低服务年限为5年（含试用期）","https://www.xjhc.gov.cn/xjhc/c116834/202410/a29382e11a674da3be3353af65f9fcc5.shtml#137117-400110117046","2024-10-14","{""dataset_year"":2025,""job_uid"":""GOV-2025-137117-400110117046"",""publisher"":""国家公务员局"",""publication_page"":""https://www.xjhc.gov.cn/xjhc/c116834/202410/a29382e11a674da3be3353af65f9fcc5.shtml"",""attachment_url"":""https://www.xjhc.gov.cn/xjhc/c116834/202410/a29382e11a674da3be3353af65f9fcc5/files/0536cef86e2b46ddad6aae5a3780089e.xls"",""local_source_file"":""2025_guokao_zhaokaojianzhang.xls"",""local_source_sha256"":""07ae6cab368cd21b7a1ac3e8150fe9a3d39ad5171ce76135ff3cccfe50c3e77e"",""source_sheet"":""中央国家行政机关参照公务员法管理事业单位"",""filter_version"":""government_tech_v2"",""tech_filter"":{""is_tech"":true,""is_core_tech"":true,""scope"":""core"",""categories"":[""data_ai""],""matched_fields"":[""description""],""major_terms"":[],""role_terms"":[""数据处理""],""reason"":""tech_role""},""original"":{""部门代码"":""137117"",""部门名称"":""国家统计局湖北调查总队"",""用人司局"":""国家统计局湖北调查总队"",""机构性质"":""中央国家行政机关参照公务员法管理事业单位"",""招考职位"":""仙桃调查队四级主任科员及以下"",""职位属性"":""普通职位"",""职位分布"":""其他职位"",""职位简介"":""从事一线入户调查、数据处理、统计分析、统计研究等工作。"",""职位代码"":""400110117046"",""机构层级"":""县（区）级及以下"",""考试类别"":""市（地）级及以下直属机构综合管理类"",""招考人数"":""1"",""专业"":""统计学、应用统计学、经济统计学、数学与应用数学、数理基础科学、数据计算及应用、农学、农林经济管理、农村区域发展"",""学历"":""仅限本科"",""学位"":""学士"",""政治面貌"":""不限"",""基层工作最低年限"":""无限制"",""服务基层项目工作经历"":""无限制"",""是否在面试阶段组织专业能力测试"":""否"",""面试人员比例"":""3:1"",""工作地点"":""湖北省仙桃市"",""落户地点"":""湖北省仙桃市"",""备注"":""本单位最低服务年限为5年（含试用期）"",""部门网站"":""无"",""咨询电话1"":""027-87271767"",""咨询电话2"":""027-87842513"",""咨询电话3"":"""",""来源Sheet"":""中央国家行政机关参照公务员法管理事业单位""}}"
"government_jobs","国家公务员2025招考简章","公务员/事业单位技术岗位","湖北省潜江市","2026-07-28T09:12:58.310295+00:00","潜江调查队四级主任科员及以下","国家统计局湖北调查总队","","湖北省潜江市","公务员/事业单位;2025;data_ai;仅限本科;学士;统计学、应用统计学、经济统计学、数学与应用数学、数理基础科学、数据计算及应用、农学、农林经济管理、农村区域发展;市（地）级及以下直属机构综合管理类","用人司局：国家统计局湖北调查总队
职位简介：从事一线入户调查、数据处理、统计分析、统计研究等工作。
专业要求：统计学、应用统计学、经济统计学、数学与应用数学、数理基础科学、数据计算及应用、农学、农林经济管理、农村区域发展
学历要求：仅限本科
学位要求：学士
政治面貌：不限
基层工作经历：无限制
考试类别：市（地）级及以下直属机构综合管理类
备注：本单位最低服务年限为5年（含试用期）","https://www.xjhc.gov.cn/xjhc/c116834/202410/a29382e11a674da3be3353af65f9fcc5.shtml#137117-400110117047","2024-10-14","{""dataset_year"":2025,""job_uid"":""GOV-2025-137117-400110117047"",""publisher"":""国家公务员局"",""publication_page"":""https://www.xjhc.gov.cn/xjhc/c116834/202410/a29382e11a674da3be3353af65f9fcc5.shtml"",""attachment_url"":""https://www.xjhc.gov.cn/xjhc/c116834/202410/a29382e11a674da3be3353af65f9fcc5/files/0536cef86e2b46ddad6aae5a3780089e.xls"",""local_source_file"":""2025_guokao_zhaokaojianzhang.xls"",""local_source_sha256"":""07ae6cab368cd21b7a1ac3e8150fe9a3d39ad5171ce76135ff3cccfe50c3e77e"",""source_sheet"":""中央国家行政机关参照公务员法管理事业单位"",""filter_version"":""government_tech_v2"",""tech_filter"":{""is_tech"":true,""is_core_tech"":true,""scope"":""core"",""categories"":[""data_ai""],""matched_fields"":[""description""],""major_terms"":[],""role_terms"":[""数据处理""],""reason"":""tech_role""},""original"":{""部门代码"":""137117"",""部门名称"":""国家统计局湖北调查总队"",""用人司局"":""国家统计局湖北调查总队"",""机构性质"":""中央国家行政机关参照公务员法管理事业单位"",""招考职位"":""潜江调查队四级主任科员及以下"",""职位属性"":""普通职位"",""职位分布"":""其他职位"",""职位简介"":""从事一线入户调查、数据处理、统计分析、统计研究等工作。"",""职位代码"":""400110117047"",""机构层级"":""县（区）级及以下"",""考试类别"":""市（地）级及以下直属机构综合管理类"",""招考人数"":""1"",""专业"":""统计学、应用统计学、经济统计学、数学与应用数学、数理基础科学、数据计算及应用、农学、农林经济管理、农村区域发展"",""学历"":""仅限本科"",""学位"":""学士"",""政治面貌"":""不限"",""基层工作最低年限"":""无限制"",""服务基层项目工作经历"":""无限制"",""是否在面试阶段组织专业能力测试"":""否"",""面试人员比例"":""3:1"",""工作地点"":""湖北省潜江市"",""落户地点"":""湖北省潜江市"",""备注"":""本单位最低服务年限为5年（含试用期）"",""部门网站"":""无"",""咨询电话1"":""027-87271767"",""咨询电话2"":""027-87842513"",""咨询电话3"":"""",""来源Sheet"":""中央国家行政机关参照公务员法管理事业单位""}}"
"government_jobs","国家公务员2025招考简章","公务员/事业单位技术岗位","广东省广州市","2026-07-28T09:12:58.310295+00:00","广东调查总队业务处室四级主任科员（1）","国家统计局广东调查总队","","广东省广州市","公务员/事业单位;2025;computer_software;data_ai;仅限硕士研究生;硕士;数学类、计算机科学与技术类、统计学专业;中央机关及其省级直属机构综合管理类","用人司局：国家统计局广东调查总队
职位简介：从事统计调查、数据处理、统计分析、统计研究、信息化建设等工作。
专业要求：数学类、计算机科学与技术类、统计学专业
学历要求：仅限硕士研究生
学位要求：硕士
政治面貌：不限
基层工作经历：无限制
考试类别：中央机关及其省级直属机构综合管理类
备注：1.须以最高学历所学主修专业报考；2.本单位最低服务年限为5年（含试用期）；3.仅限男生。","https://www.xjhc.gov.cn/xjhc/c116834/202410/a29382e11a674da3be3353af65f9fcc5.shtml#137119-400110119001","2024-10-14","{""dataset_year"":2025,""job_uid"":""GOV-2025-137119-400110119001"",""publisher"":""国家公务员局"",""publication_page"":""https://www.xjhc.gov.cn/xjhc/c116834/202410/a29382e11a674da3be3353af65f9fcc5.shtml"",""attachment_url"":""https://www.xjhc.gov.cn/xjhc/c116834/202410/a29382e11a674da3be3353af65f9fcc5/files/0536cef86e2b46ddad6aae5a3780089e.xls"",""local_source_file"":""2025_guokao_zhaokaojianzhang.xls"",""local_source_sha256"":""07ae6cab368cd21b7a1ac3e8150fe9a3d39ad5171ce76135ff3cccfe50c3e77e"",""source_sheet"":""中央国家行政机关参照公务员法管理事业单位"",""filter_version"":""government_tech_v2"",""tech_filter"":{""is_tech"":true,""is_core_tech"":true,""scope"":""core"",""categories"":[""computer_software"",""data_ai""],""matched_fields"":[""major"",""description""],""major_terms"":[""计算机科学与技术""],""role_terms"":[""信息化"",""数据处理""],""reason"":""tech_major_and_role""},""original"":{""部门代码"":""137119"",""部门名称"":""国家统计局广东调查总队"",""用人司局"":""国家统计局广东调查总队"",""机构性质"":""中央国家行政机关参照公务员法管理事业单位"",""招考职位"":""广东调查总队业务处室四级主任科员（1）"",""职位属性"":""普通职位"",""职位分布"":""其他职位"",""职位简介"":""从事统计调查、数据处理、统计分析、统计研究、信息化建设等工作。"",""职位代码"":""400110119001"",""机构层级"":""省（副省）级"",""考试类别"":""中央机关及其省级直属机构综合管理类"",""招考人数"":""1"",""专业"":""数学类、计算机科学与技术类、统计学专业"",""学历"":""仅限硕士研究生"",""学位"":""硕士"",""政治面貌"":""不限"",""基层工作最低年限"":""无限制"",""服务基层项目工作经历"":""无限制"",""是否在面试阶段组织专业能力测试"":""否"",""面试人员比例"":""5:1"",""工作地点"":""广东省广州市"",""落户地点"":""广东省广州市"",""备注"":""1.须以最高学历所学主修专业报考；2.本单位最低服务年限为5年（含试用期）；3.仅限男生。"",""部门网站"":""https://gdzd.stats.gov.cn/"",""咨询电话1"":""020-83137960"",""咨询电话2"":""020-83137929"",""咨询电话3"":""020-83137984"",""来源Sheet"":""中央国家行政机关参照公务员法管理事业单位""}}"
"government_jobs","国家公务员2025招考简章","公务员/事业单位技术岗位","广东省广州市","2026-07-28T09:12:58.310295+00:00","广东调查总队业务处室四级主任科员（2）","国家统计局广东调查总队","","广东省广州市","公务员/事业单位;2025;computer_software;data_ai;仅限硕士研究生;硕士;数学类、计算机科学与技术类、统计学专业;中央机关及其省级直属机构综合管理类","用人司局：国家统计局广东调查总队
职位简介：从事统计调查、数据处理、统计分析、统计研究、信息化建设等工作。
专业要求：数学类、计算机科学与技术类、统计学专业
学历要求：仅限硕士研究生
学位要求：硕士
政治面貌：不限
基层工作经历：无限制
考试类别：中央机关及其省级直属机构综合管理类
备注：1.须以最高学历所学主修专业报考；2.本单位最低服务年限为5年（含试用期）；3.仅限女生。","https://www.xjhc.gov.cn/xjhc/c116834/202410/a29382e11a674da3be3353af65f9fcc5.shtml#137119-400110119002","2024-10-14","{""dataset_year"":2025,""job_uid"":""GOV-2025-137119-400110119002"",""publisher"":""国家公务员局"",""publication_page"":""https://www.xjhc.gov.cn/xjhc/c116834/202410/a29382e11a674da3be3353af65f9fcc5.shtml"",""attachment_url"":""https://www.xjhc.gov.cn/xjhc/c116834/202410/a29382e11a674da3be3353af65f9fcc5/files/0536cef86e2b46ddad6aae5a3780089e.xls"",""local_source_file"":""2025_guokao_zhaokaojianzhang.xls"",""local_source_sha256"":""07ae6cab368cd21b7a1ac3e8150fe9a3d39ad5171ce76135ff3cccfe50c3e77e"",""source_sheet"":""中央国家行政机关参照公务员法管理事业单位"",""filter_version"":""government_tech_v2"",""tech_filter"":{""is_tech"":true,""is_core_tech"":true,""scope"":""core"",""categories"":[""computer_software"",""data_ai""],""matched_fields"":[""major"",""description""],""major_terms"":[""计算机科学与技术""],""role_terms"":[""信息化"",""数据处理""],""reason"":""tech_major_and_role""},""original"":{""部门代码"":""137119"",""部门名称"":""国家统计局广东调查总队"",""用人司局"":""国家统计局广东调查总队"",""机构性质"":""中央国家行政机关参照公务员法管理事业单位"",""招考职位"":""广东调查总队业务处室四级主任科员（2）"",""职位属性"":""普通职位"",""职位分布"":""其他职位"",""职位简介"":""从事统计调查、数据处理、统计分析、统计研究、信息化建设等工作。"",""职位代码"":""400110119002"",""机构层级"":""省（副省）级"",""考试类别"":""中央机关及其省级直属机构综合管理类"",""招考人数"":""1"",""专业"":""数学类、计算机科学与技术类、统计学专业"",""学历"":""仅限硕士研究生"",""学位"":""硕士"",""政治面貌"":""不限"",""基层工作最低年限"":""无限制"",""服务基层项目工作经历"":""无限制"",""是否在面试阶段组织专业能力测试"":""否"",""面试人员比例"":""5:1"",""工作地点"":""广东省广州市"",""落户地点"":""广东省广州市"",""备注"":""1.须以最高学历所学主修专业报考；2.本单位最低服务年限为5年（含试用期）；3.仅限女生。"",""部门网站"":""https://gdzd.stats.gov.cn/"",""咨询电话1"":""020-83137960"",""咨询电话2"":""020-83137929"",""咨询电话3"":""020-83137984"",""来源Sheet"":""中央国家行政机关参照公务员法管理事业单位""}}"
"government_jobs","国家公务员2025招考简章","公务员/事业单位技术岗位","广东省阳江市","2026-07-28T09:12:58.310295+00:00","阳江调查队业务科室一级科员","国家统计局广东调查总队","","广东省阳江市","公务员/事业单位;2025;computer_software;data_ai;electronics_communication;仅限本科;学士;计算机类、电子信息工程专业、信息管理与信息系统专业;市（地）级及以下直属机构综合管理类","用人司局：国家统计局广东调查总队
职位简介：从事一线统计调查、数据处理、统计分析、统计研究、信息化建设等工作。
专业要求：计算机类、电子信息工程专业、信息管理与信息系统专业
学历要求：仅限本科
学位要求：学士
政治面貌：不限
基层工作经历：二年
考试类别：市（地）级及以下直属机构综合管理类
备注：1.须以主修专业报考；2.本单位最低服务年限为5年（含试用期）。","https://www.xjhc.gov.cn/xjhc/c116834/202410/a29382e11a674da3be3353af65f9fcc5.shtml#137119-400110119005","2024-10-14","{""dataset_year"":2025,""job_uid"":""GOV-2025-137119-400110119005"",""publisher"":""国家公务员局"",""publication_page"":""https://www.xjhc.gov.cn/xjhc/c116834/202410/a29382e11a674da3be3353af65f9fcc5.shtml"",""attachment_url"":""https://www.xjhc.gov.cn/xjhc/c116834/202410/a29382e11a674da3be3353af65f9fcc5/files/0536cef86e2b46ddad6aae5a3780089e.xls"",""local_source_file"":""2025_guokao_zhaokaojianzhang.xls"",""local_source_sha256"":""07ae6cab368cd21b7a1ac3e8150fe9a3d39ad5171ce76135ff3cccfe50c3e77e"",""source_sheet"":""中央国家行政机关参照公务员法管理事业单位"",""filter_version"":""government_tech_v2"",""tech_filter"":{""is_tech"":true,""is_core_tech"":true,""scope"":""core"",""categories"":[""computer_software"",""data_ai"",""electronics_communication""],""matched_fields"":[""major"",""description""],""major_terms"":[""电子信息工程"",""计算机类""],""role_terms"":[""信息化"",""数据处理""],""reason"":""tech_major_and_role""},""original"":{""部门代码"":""137119"",""部门名称"":""国家统计局广东调查总队"",""用人司局"":""国家统计局广东调查总队"",""机构性质"":""中央国家行政机关参照公务员法管理事业单位"",""招考职位"":""阳江调查队业务科室一级科员"",""职位属性"":""普通职位"",""职位分布"":""其他职位"",""职位简介"":""从事一线统计调查、数据处理、统计分析、统计研究、信息化建设等工作。"",""职位代码"":""400110119005"",""机构层级"":""市（地）级"",""考试类别"":""市（地）级及以下直属机构综合管理类"",""招考人数"":""1"",""专业"":""计算机类、电子信息工程专业、信息管理与信息系统专业"",""学历"":""仅限本科"",""学位"":""学士"",""政治面貌"":""不限"",""基层工作最低年限"":""二年"",""服务基层项目工作经历"":""无限制"",""是否在面试阶段组织专业能力测试"":""否"",""面试人员比例"":""3:1"",""工作地点"":""广东省阳江市"",""落户地点"":""广东省阳江市"",""备注"":""1.须以主修专业报考；2.本单位最低服务年限为5年（含试用期）。"",""部门网站"":""https://gdzd.stats.gov.cn/"",""咨询电话1"":""020-83137960"",""咨询电话2"":""020-83137929"",""咨询电话3"":""020-83137984"",""来源Sheet"":""中央国家行政机关参照公务员法管理事业单位""}}"
"government_jobs","国家公务员2025招考简章","公务员/事业单位技术岗位","广东省梅州市大埔县","2026-07-28T09:12:58.310295+00:00","大埔调查队一级科员","国家统计局广东调查总队","","广东省梅州市大埔县","公务员/事业单位;2025;computer_software;data_ai;仅限本科;学士;社会学专业、统计学类、计算机类、数学类;市（地）级及以下直属机构综合管理类","用人司局：国家统计局广东调查总队
职位简介：从事一线统计调查、数据处理、统计分析、统计研究等工作。
专业要求：社会学专业、统计学类、计算机类、数学类
学历要求：仅限本科
学位要求：学士
政治面貌：不限
基层工作经历：无限制
考试类别：市（地）级及以下直属机构综合管理类
备注：1.须以主修专业报考；2.本单位最低服务年限为5年（含试用期）；3.工作地为客家方言地区。","https://www.xjhc.gov.cn/xjhc/c116834/202410/a29382e11a674da3be3353af65f9fcc5.shtml#137119-400110119010","2024-10-14","{""dataset_year"":2025,""job_uid"":""GOV-2025-137119-400110119010"",""publisher"":""国家公务员局"",""publication_page"":""https://www.xjhc.gov.cn/xjhc/c116834/202410/a29382e11a674da3be3353af65f9fcc5.shtml"",""attachment_url"":""https://www.xjhc.gov.cn/xjhc/c116834/202410/a29382e11a674da3be3353af65f9fcc5/files/0536cef86e2b46ddad6aae5a3780089e.xls"",""local_source_file"":""2025_guokao_zhaokaojianzhang.xls"",""local_source_sha256"":""07ae6cab368cd21b7a1ac3e8150fe9a3d39ad5171ce76135ff3cccfe50c3e77e"",""source_sheet"":""中央国家行政机关参照公务员法管理事业单位"",""filter_version"":""government_tech_v2"",""tech_filter"":{""is_tech"":true,""is_core_tech"":true,""scope"":""core"",""categories"":[""computer_software"",""data_ai""],""matched_fields"":[""major"",""description""],""major_terms"":[""计算机类""],""role_terms"":[""数据处理""],""reason"":""tech_major_and_role""},""original"":{""部门代码"":""137119"",""部门名称"":""国家统计局广东调查总队"",""用人司局"":""国家统计局广东调查总队"",""机构性质"":""中央国家行政机关参照公务员法管理事业单位"",""招考职位"":""大埔调查队一级科员"",""职位属性"":""普通职位"",""职位分布"":""其他职位"",""职位简介"":""从事一线统计调查、数据处理、统计分析、统计研究等工作。"",""职位代码"":""400110119010"",""机构层级"":""县（区）级及以下"",""考试类别"":""市（地）级及以下直属机构综合管理类"",""招考人数"":""1"",""专业"":""社会学专业、统计学类、计算机类、数学类"",""学历"":""仅限本科"",""学位"":""学士"",""政治面貌"":""不限"",""基层工作最低年限"":""无限制"",""服务基层项目工作经历"":""无限制"",""是否在面试阶段组织专业能力测试"":""否"",""面试人员比例"":""3:1"",""工作地点"":""广东省梅州市大埔县"",""落户地点"":""广东省梅州市大埔县"",""备注"":""1.须以主修专业报考；2.本单位最低服务年限为5年（含试用期）；3.工作地为客家方言地区。"",""部门网站"":""https://gdzd.stats.gov.cn/"",""咨询电话1"":""020-83137960"",""咨询电话2"":""020-83137929"",""咨询电话3"":""020-83137984"",""来源Sheet"":""中央国家行政机关参照公务员法管理事业单位""}}"
"government_jobs","国家公务员2025招考简章","公务员/事业单位技术岗位","广东省梅州市兴宁市","2026-07-28T09:12:58.310295+00:00","兴宁调查队一级科员","国家统计局广东调查总队","","广东省梅州市兴宁市","公务员/事业单位;2025;computer_software;data_ai;仅限本科;学士;统计学类、计算机类、数学类、经济学类、社会学专业;市（地）级及以下直属机构综合管理类","用人司局：国家统计局广东调查总队
职位简介：从事一线统计调查、数据处理、统计分析、统计研究等工作。
专业要求：统计学类、计算机类、数学类、经济学类、社会学专业
学历要求：仅限本科
学位要求：学士
政治面貌：不限
基层工作经历：无限制
考试类别：市（地）级及以下直属机构综合管理类
备注：1.须以主修专业报考；2.本单位最低服务年限为5年（含试用期）；3.工作地为客家方言地区；4.本职位专业要求均为专业目录中的“专业类”，非“专业大类（学科大类）”。","https://www.xjhc.gov.cn/xjhc/c116834/202410/a29382e11a674da3be3353af65f9fcc5.shtml#137119-400110119015","2024-10-14","{""dataset_year"":2025,""job_uid"":""GOV-2025-137119-400110119015"",""publisher"":""国家公务员局"",""publication_page"":""https://www.xjhc.gov.cn/xjhc/c116834/202410/a29382e11a674da3be3353af65f9fcc5.shtml"",""attachment_url"":""https://www.xjhc.gov.cn/xjhc/c116834/202410/a29382e11a674da3be3353af65f9fcc5/files/0536cef86e2b46ddad6aae5a3780089e.xls"",""local_source_file"":""2025_guokao_zhaokaojianzhang.xls"",""local_source_sha256"":""07ae6cab368cd21b7a1ac3e8150fe9a3d39ad5171ce76135ff3cccfe50c3e77e"",""source_sheet"":""中央国家行政机关参照公务员法管理事业单位"",""filter_version"":""government_tech_v2"",""tech_filter"":{""is_tech"":true,""is_core_tech"":true,""scope"":""core"",""categories"":[""computer_software"",""data_ai""],""matched_fields"":[""major"",""description""],""major_terms"":[""计算机类""],""role_terms"":[""数据处理""],""reason"":""tech_major_and_role""},""original"":{""部门代码"":""137119"",""部门名称"":""国家统计局广东调查总队"",""用人司局"":""国家统计局广东调查总队"",""机构性质"":""中央国家行政机关参照公务员法管理事业单位"",""招考职位"":""兴宁调查队一级科员"",""职位属性"":""普通职位"",""职位分布"":""其他职位"",""职位简介"":""从事一线统计调查、数据处理、统计分析、统计研究等工作。"",""职位代码"":""400110119015"",""机构层级"":""县（区）级及以下"",""考试类别"":""市（地）级及以下直属机构综合管理类"",""招考人数"":""2"",""专业"":""统计学类、计算机类、数学类、经济学类、社会学专业"",""学历"":""仅限本科"",""学位"":""学士"",""政治面貌"":""不限"",""基层工作最低年限"":""无限制"",""服务基层项目工作经历"":""无限制"",""是否在面试阶段组织专业能力测试"":""否"",""面试人员比例"":""3:1"",""工作地点"":""广东省梅州市兴宁市"",""落户地点"":""广东省梅州市兴宁市"",""备注"":""1.须以主修专业报考；2.本单位最低服务年限为5年（含试用期）；3.工作地为客家方言地区；4.本职位专业要求均为专业目录中的“专业类”，非“专业大类（学科大类）”。"",""部门网站"":""https://gdzd.stats.gov.cn/"",""咨询电话1"":""020-83137960"",""咨询电话2"":""020-83137929"",""咨询电话3"":""020-83137984"",""来源Sheet"":""中央国家行政机关参照公务员法管理事业单位""}}"
"government_jobs","国家公务员2025招考简章","公务员/事业单位技术岗位","广东省梅州市","2026-07-28T09:12:58.310295+00:00","梅州调查队综合科室一级科员","国家统计局广东调查总队","","广东省梅州市","公务员/事业单位;2025;computer_software;data_ai;仅限本科;学士;统计学类、计算机类、数学类、经济学类、社会学专业;市（地）级及以下直属机构综合管理类","用人司局：国家统计局广东调查总队
职位简介：从事一线统计调查、数据处理、统计分析、统计研究等工作。
专业要求：统计学类、计算机类、数学类、经济学类、社会学专业
学历要求：仅限本科
学位要求：学士
政治面貌：不限
基层工作经历：二年
考试类别：市（地）级及以下直属机构综合管理类
备注：1.须以主修专业报考；2.服务期满且考核合格的大学生村官报考；3.本单位最低服务年限为5年（含试用期）；4.工作地为客家方言地区；5.本职位专业要求均为专业目录中的“专业类”，非“专业大类（学科大类）”。","https://www.xjhc.gov.cn/xjhc/c116834/202410/a29382e11a674da3be3353af65f9fcc5.shtml#137119-400110119018","2024-10-14","{""dataset_year"":2025,""job_uid"":""GOV-2025-137119-400110119018"",""publisher"":""国家公务员局"",""publication_page"":""https://www.xjhc.gov.cn/xjhc/c116834/202410/a29382e11a674da3be3353af65f9fcc5.shtml"",""attachment_url"":""https://www.xjhc.gov.cn/xjhc/c116834/202410/a29382e11a674da3be3353af65f9fcc5/files/0536cef86e2b46ddad6aae5a3780089e.xls"",""local_source_file"":""2025_guokao_zhaokaojianzhang.xls"",""local_source_sha256"":""07ae6cab368cd21b7a1ac3e8150fe9a3d39ad5171ce76135ff3cccfe50c3e77e"",""source_sheet"":""中央国家行政机关参照公务员法管理事业单位"",""filter_version"":""government_tech_v2"",""tech_filter"":{""is_tech"":true,""is_core_tech"":true,""scope"":""core"",""categories"":[""computer_software"",""data_ai""],""matched_fields"":[""major"",""description""],""major_terms"":[""计算机类""],""role_terms"":[""数据处理""],""reason"":""tech_major_and_role""},""original"":{""部门代码"":""137119"",""部门名称"":""国家统计局广东调查总队"",""用人司局"":""国家统计局广东调查总队"",""机构性质"":""中央国家行政机关参照公务员法管理事业单位"",""招考职位"":""梅州调查队综合科室一级科员"",""职位属性"":""普通职位"",""职位分布"":""其他职位"",""职位简介"":""从事一线统计调查、数据处理、统计分析、统计研究等工作。"",""职位代码"":""400110119018"",""机构层级"":""市（地）级"",""考试类别"":""市（地）级及以下直属机构综合管理类"",""招考人数"":""1"",""专业"":""统计学类、计算机类、数学类、经济学类、社会学专业"",""学历"":""仅限本科"",""学位"":""学士"",""政治面貌"":""不限"",""基层工作最低年限"":""二年"",""服务基层项目工作经历"":""大学生村官"",""是否在面试阶段组织专业能力测试"":""否"",""面试人员比例"":""3:1"",""工作地点"":""广东省梅州市"",""落户地点"":""广东省梅州市"",""备注"":""1.须以主修专业报考；2.服务期满且考核合格的大学生村官报考；3.本单位最低服务年限为5年（含试用期）；4.工作地为客家方言地区；5.本职位专业要求均为专业目录中的“专业类”，非“专业大类（学科大类）”。"",""部门网站"":""https://gdzd.stats.gov.cn/"",""咨询电话1"":""020-83137960"",""咨询电话2"":""020-83137929"",""咨询电话3"":""020-83137984"",""来源Sheet"":""中央国家行政机关参照公务员法管理事业单位""}}"
"government_jobs","国家公务员2025招考简章","公务员/事业单位技术岗位","广东省肇庆市怀集县","2026-07-28T09:12:58.310295+00:00","怀集调查队一级科员（2）","国家统计局广东调查总队","","广东省肇庆市怀集县","公务员/事业单位;2025;computer_software;data_ai;仅限本科;学士;工商管理专业、计算机科学与技术专业;市（地）级及以下直属机构综合管理类","用人司局：国家统计局广东调查总队
职位简介：从事一线统计调查、数据处理、统计分析、统计研究等工作。
专业要求：工商管理专业、计算机科学与技术专业
学历要求：仅限本科
学位要求：学士
政治面貌：不限
基层工作经历：无限制
考试类别：市（地）级及以下直属机构综合管理类
备注：1.须以主修专业报考；2.本单位最低服务年限为5年（含试用期）。","https://www.xjhc.gov.cn/xjhc/c116834/202410/a29382e11a674da3be3353af65f9fcc5.shtml#137119-400110119020","2024-10-14","{""dataset_year"":2025,""job_uid"":""GOV-2025-137119-400110119020"",""publisher"":""国家公务员局"",""publication_page"":""https://www.xjhc.gov.cn/xjhc/c116834/202410/a29382e11a674da3be3353af65f9fcc5.shtml"",""attachment_url"":""https://www.xjhc.gov.cn/xjhc/c116834/202410/a29382e11a674da3be3353af65f9fcc5/files/0536cef86e2b46ddad6aae5a3780089e.xls"",""local_source_file"":""2025_guokao_zhaokaojianzhang.xls"",""local_source_sha256"":""07ae6cab368cd21b7a1ac3e8150fe9a3d39ad5171ce76135ff3cccfe50c3e77e"",""source_sheet"":""中央国家行政机关参照公务员法管理事业单位"",""filter_version"":""government_tech_v2"",""tech_filter"":{""is_tech"":true,""is_core_tech"":true,""scope"":""core"",""categories"":[""computer_software"",""data_ai""],""matched_fields"":[""major"",""description""],""major_terms"":[""计算机科学与技术""],""role_terms"":[""数据处理""],""reason"":""tech_major_and_role""},""original"":{""部门代码"":""137119"",""部门名称"":""国家统计局广东调查总队"",""用人司局"":""国家统计局广东调查总队"",""机构性质"":""中央国家行政机关参照公务员法管理事业单位"",""招考职位"":""怀集调查队一级科员（2）"",""职位属性"":""普通职位"",""职位分布"":""其他职位"",""职位简介"":""从事一线统计调查、数据处理、统计分析、统计研究等工作。"",""职位代码"":""400110119020"",""机构层级"":""县（区）级及以下"",""考试类别"":""市（地）级及以下直属机构综合管理类"",""招考人数"":""1"",""专业"":""工商管理专业、计算机科学与技术专业"",""学历"":""仅限本科"",""学位"":""学士"",""政治面貌"":""不限"",""基层工作最低年限"":""无限制"",""服务基层项目工作经历"":""无限制"",""是否在面试阶段组织专业能力测试"":""否"",""面试人员比例"":""3:1"",""工作地点"":""广东省肇庆市怀集县"",""落户地点"":""广东省肇庆市怀集县"",""备注"":""1.须以主修专业报考；2.本单位最低服务年限为5年（含试用期）。"",""部门网站"":""https://gdzd.stats.gov.cn/"",""咨询电话1"":""020-83137960"",""咨询电话2"":""020-83137929"",""咨询电话3"":""020-83137984"",""来源Sheet"":""中央国家行政机关参照公务员法管理事业单位""}}"
"government_jobs","国家公务员2025招考简章","公务员/事业单位技术岗位","广东省河源市连平县","2026-07-28T09:12:58.310295+00:00","连平调查队一级科员","国家统计局广东调查总队","","广东省河源市连平县","公务员/事业单位;2025;computer_software;cybersecurity_cryptography;data_ai;仅限本科;学士;计算机科学与技术专业、软件工程专业、网络工程专业、信息安全专业、网络空间安全专业、数据科学与大数据技术专业、统计学类;市（地）级及以下直属机构综合管理类","用人司局：国家统计局广东调查总队
职位简介：从事一线统计调查、数据处理、统计分析、统计研究等工作。
专业要求：计算机科学与技术专业、软件工程专业、网络工程专业、信息安全专业、网络空间安全专业、数据科学与大数据技术专业、统计学类
学历要求：仅限本科
学位要求：学士
政治面貌：不限
基层工作经历：无限制
考试类别：市（地）级及以下直属机构综合管理类
备注：1.须以主修专业报考；2.本单位最低服务年限为5年（含试用期）；3.工作地为客家方言地区。","https://www.xjhc.gov.cn/xjhc/c116834/202410/a29382e11a674da3be3353af65f9fcc5.shtml#137119-400110119021","2024-10-14","{""dataset_year"":2025,""job_uid"":""GOV-2025-137119-400110119021"",""publisher"":""国家公务员局"",""publication_page"":""https://www.xjhc.gov.cn/xjhc/c116834/202410/a29382e11a674da3be3353af65f9fcc5.shtml"",""attachment_url"":""https://www.xjhc.gov.cn/xjhc/c116834/202410/a29382e11a674da3be3353af65f9fcc5/files/0536cef86e2b46ddad6aae5a3780089e.xls"",""local_source_file"":""2025_guokao_zhaokaojianzhang.xls"",""local_source_sha256"":""07ae6cab368cd21b7a1ac3e8150fe9a3d39ad5171ce76135ff3cccfe50c3e77e"",""source_sheet"":""中央国家行政机关参照公务员法管理事业单位"",""filter_version"":""government_tech_v2"",""tech_filter"":{""is_tech"":true,""is_core_tech"":true,""scope"":""core"",""categories"":[""computer_software"",""cybersecurity_cryptography"",""data_ai""],""matched_fields"":[""major"",""description""],""major_terms"":[""信息安全"",""大数据"",""数据科学与大数据技术"",""网络工程"",""网络空间安全"",""计算机科学与技术"",""软件工程""],""role_terms"":[""数据处理""],""reason"":""tech_major_and_role""},""original"":{""部门代码"":""137119"",""部门名称"":""国家统计局广东调查总队"",""用人司局"":""国家统计局广东调查总队"",""机构性质"":""中央国家行政机关参照公务员法管理事业单位"",""招考职位"":""连平调查队一级科员"",""职位属性"":""普通职位"",""职位分布"":""其他职位"",""职位简介"":""从事一线统计调查、数据处理、统计分析、统计研究等工作。"",""职位代码"":""400110119021"",""机构层级"":""县（区）级及以下"",""考试类别"":""市（地）级及以下直属机构综合管理类"",""招考人数"":""1"",""专业"":""计算机科学与技术专业、软件工程专业、网络工程专业、信息安全专业、网络空间安全专业、数据科学与大数据技术专业、统计学类"",""学历"":""仅限本科"",""学位"":""学士"",""政治面貌"":""不限"",""基层工作最低年限"":""无限制"",""服务基层项目工作经历"":""无限制"",""是否在面试阶段组织专业能力测试"":""否"",""面试人员比例"":""3:1"",""工作地点"":""广东省河源市连平县"",""落户地点"":""广东省河源市连平县"",""备注"":""1.须以主修专业报考；2.本单位最低服务年限为5年（含试用期）；3.工作地为客家方言地区。"",""部门网站"":""https://gdzd.stats.gov.cn/"",""咨询电话1"":""020-83137960"",""咨询电话2"":""020-83137929"",""咨询电话3"":""020-83137984"",""来源Sheet"":""中央国家行政机关参照公务员法管理事业单位""}}"
"government_jobs","国家公务员2025招考简章","公务员/事业单位技术岗位","广西壮族自治区南宁市青秀区","2026-07-28T09:12:58.310295+00:00","广西调查总队业务处室一级主任科员及以下","国家统计局广西调查总队","","广西壮族自治区南宁市青秀区","公务员/事业单位;2025;computer_software;cybersecurity_cryptography;data_ai;硕士研究生及以上;与最高学历相对应的学位;0812计算机科学与技术、0835软件工程、0839网络空间安全;中央机关及其省级直属机构综合管理类","用人司局：国家统计局广西调查总队
职位简介：从事统计数据处理、硬件维护与运行管理等工作。
专业要求：0812计算机科学与技术、0835软件工程、0839网络空间安全
学历要求：硕士研究生及以上
学位要求：与最高学历相对应的学位
政治面貌：不限
基层工作经历：无限制
考试类别：中央机关及其省级直属机构综合管理类
备注：1.职位要求专业为报考者最高学历对应专业（须为主修专业），考生报名时需写明专业代码；2.本单位最低服务年限为5年（含试用期）。","https://www.xjhc.gov.cn/xjhc/c116834/202410/a29382e11a674da3be3353af65f9fcc5.shtml#137120-400110120032","2024-10-14","{""dataset_year"":2025,""job_uid"":""GOV-2025-137120-400110120032"",""publisher"":""国家公务员局"",""publication_page"":""https://www.xjhc.gov.cn/xjhc/c116834/202410/a29382e11a674da3be3353af65f9fcc5.shtml"",""attachment_url"":""https://www.xjhc.gov.cn/xjhc/c116834/202410/a29382e11a674da3be3353af65f9fcc5/files/0536cef86e2b46ddad6aae5a3780089e.xls"",""local_source_file"":""2025_guokao_zhaokaojianzhang.xls"",""local_source_sha256"":""07ae6cab368cd21b7a1ac3e8150fe9a3d39ad5171ce76135ff3cccfe50c3e77e"",""source_sheet"":""中央国家行政机关参照公务员法管理事业单位"",""filter_version"":""government_tech_v2"",""tech_filter"":{""is_tech"":true,""is_core_tech"":true,""scope"":""core"",""categories"":[""computer_software"",""cybersecurity_cryptography"",""data_ai""],""matched_fields"":[""major"",""description""],""major_terms"":[""网络空间安全"",""计算机科学与技术"",""软件工程""],""role_terms"":[""数据处理""],""reason"":""tech_major_and_role""},""original"":{""部门代码"":""137120"",""部门名称"":""国家统计局广西调查总队"",""用人司局"":""国家统计局广西调查总队"",""机构性质"":""中央国家行政机关参照公务员法管理事业单位"",""招考职位"":""广西调查总队业务处室一级主任科员及以下"",""职位属性"":""普通职位"",""职位分布"":""其他职位"",""职位简介"":""从事统计数据处理、硬件维护与运行管理等工作。"",""职位代码"":""400110120032"",""机构层级"":""省（副省）级"",""考试类别"":""中央机关及其省级直属机构综合管理类"",""招考人数"":""1"",""专业"":""0812计算机科学与技术、0835软件工程、0839网络空间安全"",""学历"":""硕士研究生及以上"",""学位"":""与最高学历相对应的学位"",""政治面貌"":""不限"",""基层工作最低年限"":""无限制"",""服务基层项目工作经历"":""无限制"",""是否在面试阶段组织专业能力测试"":""否"",""面试人员比例"":""5:1"",""工作地点"":""广西壮族自治区南宁市青秀区"",""落户地点"":""广西壮族自治区南宁市青秀区"",""备注"":""1.职位要求专业为报考者最高学历对应专业（须为主修专业），考生报名时需写明专业代码；2.本单位最低服务年限为5年（含试用期）。"",""部门网站"":""无"",""咨询电话1"":""0771-5883827"",""咨询电话2"":""0771-5854895"",""咨询电话3"":"""",""来源Sheet"":""中央国家行政机关参照公务员法管理事业单位""}}"
"government_jobs","国家公务员2025招考简章","公务员/事业单位技术岗位","广西壮族自治区南宁市青秀区","2026-07-28T09:12:58.310295+00:00","广西调查总队业务处室一级科员","国家统计局广西调查总队","","广西壮族自治区南宁市青秀区","公务员/事业单位;2025;computer_software;data_ai;仅限本科;学士;0809计算机类;中央机关及其省级直属机构综合管理类","用人司局：国家统计局广西调查总队
职位简介：从事统计数据处理、硬件维护与运行管理等工作。
专业要求：0809计算机类
学历要求：仅限本科
学位要求：学士
政治面貌：不限
基层工作经历：无限制
考试类别：中央机关及其省级直属机构综合管理类
备注：1.职位要求专业为报考者最高学历对应专业（须为主修专业），考生报名时需写明专业代码；2.本单位最低服务年限为5年（含试用期）。","https://www.xjhc.gov.cn/xjhc/c116834/202410/a29382e11a674da3be3353af65f9fcc5.shtml#137120-400110120033","2024-10-14","{""dataset_year"":2025,""job_uid"":""GOV-2025-137120-400110120033"",""publisher"":""国家公务员局"",""publication_page"":""https://www.xjhc.gov.cn/xjhc/c116834/202410/a29382e11a674da3be3353af65f9fcc5.shtml"",""attachment_url"":""https://www.xjhc.gov.cn/xjhc/c116834/202410/a29382e11a674da3be3353af65f9fcc5/files/0536cef86e2b46ddad6aae5a3780089e.xls"",""local_source_file"":""2025_guokao_zhaokaojianzhang.xls"",""local_source_sha256"":""07ae6cab368cd21b7a1ac3e8150fe9a3d39ad5171ce76135ff3cccfe50c3e77e"",""source_sheet"":""中央国家行政机关参照公务员法管理事业单位"",""filter_version"":""government_tech_v2"",""tech_filter"":{""is_tech"":true,""is_core_tech"":true,""scope"":""core"",""categories"":[""computer_software"",""data_ai""],""matched_fields"":[""major"",""description""],""major_terms"":[""计算机类""],""role_terms"":[""数据处理""],""reason"":""tech_major_and_role""},""original"":{""部门代码"":""137120"",""部门名称"":""国家统计局广西调查总队"",""用人司局"":""国家统计局广西调查总队"",""机构性质"":""中央国家行政机关参照公务员法管理事业单位"",""招考职位"":""广西调查总队业务处室一级科员"",""职位属性"":""普通职位"",""职位分布"":""其他职位"",""职位简介"":""从事统计数据处理、硬件维护与运行管理等工作。"",""职位代码"":""400110120033"",""机构层级"":""省（副省）级"",""考试类别"":""中央机关及其省级直属机构综合管理类"",""招考人数"":""1"",""专业"":""0809计算机类"",""学历"":""仅限本科"",""学位"":""学士"",""政治面貌"":""不限"",""基层工作最低年限"":""无限制"",""服务基层项目工作经历"":""无限制"",""是否在面试阶段组织专业能力测试"":""否"",""面试人员比例"":""5:1"",""工作地点"":""广西壮族自治区南宁市青秀区"",""落户地点"":""广西壮族自治区南宁市青秀区"",""备注"":""1.职位要求专业为报考者最高学历对应专业（须为主修专业），考生报名时需写明专业代码；2.本单位最低服务年限为5年（含试用期）。"",""部门网站"":""无"",""咨询电话1"":""0771-5883827"",""咨询电话2"":""0771-5854895"",""咨询电话3"":"""",""来源Sheet"":""中央国家行政机关参照公务员法管理事业单位""}}"
"government_jobs","国家公务员2025招考简章","公务员/事业单位技术岗位","广西壮族自治区桂林市全州县","2026-07-28T09:12:58.310295+00:00","全州调查队一级科员","国家统计局广西调查总队","","广西壮族自治区桂林市全州县","公务员/事业单位;2025;computer_software;data_ai;仅限本科;学士;02经济学、0701数学类、0712统计学类、0809计算机类、1203农业经济管理类;市（地）级及以下直属机构综合管理类","用人司局：国家统计局广西调查总队
职位简介：从事一线入户调查、数据处理、统计分析、统计研究等工作。
专业要求：02经济学、0701数学类、0712统计学类、0809计算机类、1203农业经济管理类
学历要求：仅限本科
学位要求：学士
政治面貌：不限
基层工作经历：无限制
考试类别：市（地）级及以下直属机构综合管理类
备注：1.仅限2025届高校毕业生；2.仅限广西户籍人员或生源；3.职位要求专业为报考者最高学历对应专业（须为主修专业），考生报名时需写明专业代码；4.本单位最低服务年限为5年（含试用期）。","https://www.xjhc.gov.cn/xjhc/c116834/202410/a29382e11a674da3be3353af65f9fcc5.shtml#137120-400110120042","2024-10-14","{""dataset_year"":2025,""job_uid"":""GOV-2025-137120-400110120042"",""publisher"":""国家公务员局"",""publication_page"":""https://www.xjhc.gov.cn/xjhc/c116834/202410/a29382e11a674da3be3353af65f9fcc5.shtml"",""attachment_url"":""https://www.xjhc.gov.cn/xjhc/c116834/202410/a29382e11a674da3be3353af65f9fcc5/files/0536cef86e2b46ddad6aae5a3780089e.xls"",""local_source_file"":""2025_guokao_zhaokaojianzhang.xls"",""local_source_sha256"":""07ae6cab368cd21b7a1ac3e8150fe9a3d39ad5171ce76135ff3cccfe50c3e77e"",""source_sheet"":""中央国家行政机关参照公务员法管理事业单位"",""filter_version"":""government_tech_v2"",""tech_filter"":{""is_tech"":true,""is_core_tech"":true,""scope"":""core"",""categories"":[""computer_software"",""data_ai""],""matched_fields"":[""major"",""description""],""major_terms"":[""计算机类""],""role_terms"":[""数据处理""],""reason"":""tech_major_and_role""},""original"":{""部门代码"":""137120"",""部门名称"":""国家统计局广西调查总队"",""用人司局"":""国家统计局广西调查总队"",""机构性质"":""中央国家行政机关参照公务员法管理事业单位"",""招考职位"":""全州调查队一级科员"",""职位属性"":""普通职位"",""职位分布"":""西部地区和艰苦边远地区职位"",""职位简介"":""从事一线入户调查、数据处理、统计分析、统计研究等工作。"",""职位代码"":""400110120042"",""机构层级"":""县（区）级及以下"",""考试类别"":""市（地）级及以下直属机构综合管理类"",""招考人数"":""2"",""专业"":""02经济学、0701数学类、0712统计学类、0809计算机类、1203农业经济管理类"",""学历"":""仅限本科"",""学位"":""学士"",""政治面貌"":""不限"",""基层工作最低年限"":""无限制"",""服务基层项目工作经历"":""无限制"",""是否在面试阶段组织专业能力测试"":""否"",""面试人员比例"":""3:1"",""工作地点"":""广西壮族自治区桂林市全州县"",""落户地点"":""广西壮族自治区桂林市全州县"",""备注"":""1.仅限2025届高校毕业生；2.仅限广西户籍人员或生源；3.职位要求专业为报考者最高学历对应专业（须为主修专业），考生报名时需写明专业代码；4.本单位最低服务年限为5年（含试用期）。"",""部门网站"":""无"",""咨询电话1"":""0771-5883827"",""咨询电话2"":""0771-5854895"",""咨询电话3"":"""",""来源Sheet"":""中央国家行政机关参照公务员法管理事业单位""}}"
"government_jobs","国家公务员2025招考简章","公务员/事业单位技术岗位","广西壮族自治区梧州市岑溪市","2026-07-28T09:12:58.310295+00:00","岑溪调查队一级科员（1）","国家统计局广西调查总队","","广西壮族自治区梧州市岑溪市","公务员/事业单位;2025;computer_software;data_ai;仅限本科;学士;02经济学、0701数学类、0712统计学类、0809计算机类、1203农业经济管理类;市（地）级及以下直属机构综合管理类","用人司局：国家统计局广西调查总队
职位简介：从事一线入户调查、数据处理、统计分析、统计研究等工作。
专业要求：02经济学、0701数学类、0712统计学类、0809计算机类、1203农业经济管理类
学历要求：仅限本科
学位要求：学士
政治面貌：不限
基层工作经历：无限制
考试类别：市（地）级及以下直属机构综合管理类
备注：1.限招男性；2.仅限2025届高校毕业生；3.仅限广西户籍人员或生源；4.职位要求专业为报考者最高学历对应专业（须为主修专业），考生报名时需写明专业代码；5.本单位最低服务年限为5年（含试用期）。","https://www.xjhc.gov.cn/xjhc/c116834/202410/a29382e11a674da3be3353af65f9fcc5.shtml#137120-400110120043","2024-10-14","{""dataset_year"":2025,""job_uid"":""GOV-2025-137120-400110120043"",""publisher"":""国家公务员局"",""publication_page"":""https://www.xjhc.gov.cn/xjhc/c116834/202410/a29382e11a674da3be3353af65f9fcc5.shtml"",""attachment_url"":""https://www.xjhc.gov.cn/xjhc/c116834/202410/a29382e11a674da3be3353af65f9fcc5/files/0536cef86e2b46ddad6aae5a3780089e.xls"",""local_source_file"":""2025_guokao_zhaokaojianzhang.xls"",""local_source_sha256"":""07ae6cab368cd21b7a1ac3e8150fe9a3d39ad5171ce76135ff3cccfe50c3e77e"",""source_sheet"":""中央国家行政机关参照公务员法管理事业单位"",""filter_version"":""government_tech_v2"",""tech_filter"":{""is_tech"":true,""is_core_tech"":true,""scope"":""core"",""categories"":[""computer_software"",""data_ai""],""matched_fields"":[""major"",""description""],""major_terms"":[""计算机类""],""role_terms"":[""数据处理""],""reason"":""tech_major_and_role""},""original"":{""部门代码"":""137120"",""部门名称"":""国家统计局广西调查总队"",""用人司局"":""国家统计局广西调查总队"",""机构性质"":""中央国家行政机关参照公务员法管理事业单位"",""招考职位"":""岑溪调查队一级科员（1）"",""职位属性"":""普通职位"",""职位分布"":""西部地区和艰苦边远地区职位"",""职位简介"":""从事一线入户调查、数据处理、统计分析、统计研究等工作。"",""职位代码"":""400110120043"",""机构层级"":""县（区）级及以下"",""考试类别"":""市（地）级及以下直属机构综合管理类"",""招考人数"":""1"",""专业"":""02经济学、0701数学类、0712统计学类、0809计算机类、1203农业经济管理类"",""学历"":""仅限本科"",""学位"":""学士"",""政治面貌"":""不限"",""基层工作最低年限"":""无限制"",""服务基层项目工作经历"":""无限制"",""是否在面试阶段组织专业能力测试"":""否"",""面试人员比例"":""3:1"",""工作地点"":""广西壮族自治区梧州市岑溪市"",""落户地点"":""广西壮族自治区梧州市岑溪市"",""备注"":""1.限招男性；2.仅限2025届高校毕业生；3.仅限广西户籍人员或生源；4.职位要求专业为报考者最高学历对应专业（须为主修专业），考生报名时需写明专业代码；5.本单位最低服务年限为5年（含试用期）。"",""部门网站"":""无"",""咨询电话1"":""0771-5883827"",""咨询电话2"":""0771-5854895"",""咨询电话3"":"""",""来源Sheet"":""中央国家行政机关参照公务员法管理事业单位""}}"
"government_jobs","国家公务员2025招考简章","公务员/事业单位技术岗位","广西壮族自治区梧州市岑溪市","2026-07-28T09:12:58.310295+00:00","岑溪调查队一级科员（2）","国家统计局广西调查总队","","广西壮族自治区梧州市岑溪市","公务员/事业单位;2025;computer_software;data_ai;仅限本科;学士;02经济学、0701数学类、0712统计学类、0809计算机类、1203农业经济管理类;市（地）级及以下直属机构综合管理类","用人司局：国家统计局广西调查总队
职位简介：从事一线入户调查、数据处理、统计分析、统计研究等工作。
专业要求：02经济学、0701数学类、0712统计学类、0809计算机类、1203农业经济管理类
学历要求：仅限本科
学位要求：学士
政治面貌：不限
基层工作经历：无限制
考试类别：市（地）级及以下直属机构综合管理类
备注：1.限招女性；2.仅限2025届高校毕业生；3.仅限广西户籍人员或生源；4.职位要求专业为报考者最高学历对应专业（须为主修专业），考生报名时需写明专业代码；5.本单位最低服务年限为5年（含试用期）。","https://www.xjhc.gov.cn/xjhc/c116834/202410/a29382e11a674da3be3353af65f9fcc5.shtml#137120-400110120044","2024-10-14","{""dataset_year"":2025,""job_uid"":""GOV-2025-137120-400110120044"",""publisher"":""国家公务员局"",""publication_page"":""https://www.xjhc.gov.cn/xjhc/c116834/202410/a29382e11a674da3be3353af65f9fcc5.shtml"",""attachment_url"":""https://www.xjhc.gov.cn/xjhc/c116834/202410/a29382e11a674da3be3353af65f9fcc5/files/0536cef86e2b46ddad6aae5a3780089e.xls"",""local_source_file"":""2025_guokao_zhaokaojianzhang.xls"",""local_source_sha256"":""07ae6cab368cd21b7a1ac3e8150fe9a3d39ad5171ce76135ff3cccfe50c3e77e"",""source_sheet"":""中央国家行政机关参照公务员法管理事业单位"",""filter_version"":""government_tech_v2"",""tech_filter"":{""is_tech"":true,""is_core_tech"":true,""scope"":""core"",""categories"":[""computer_software"",""data_ai""],""matched_fields"":[""major"",""description""],""major_terms"":[""计算机类""],""role_terms"":[""数据处理""],""reason"":""tech_major_and_role""},""original"":{""部门代码"":""137120"",""部门名称"":""国家统计局广西调查总队"",""用人司局"":""国家统计局广西调查总队"",""机构性质"":""中央国家行政机关参照公务员法管理事业单位"",""招考职位"":""岑溪调查队一级科员（2）"",""职位属性"":""普通职位"",""职位分布"":""西部地区和艰苦边远地区职位"",""职位简介"":""从事一线入户调查、数据处理、统计分析、统计研究等工作。"",""职位代码"":""400110120044"",""机构层级"":""县（区）级及以下"",""考试类别"":""市（地）级及以下直属机构综合管理类"",""招考人数"":""1"",""专业"":""02经济学、0701数学类、0712统计学类、0809计算机类、1203农业经济管理类"",""学历"":""仅限本科"",""学位"":""学士"",""政治面貌"":""不限"",""基层工作最低年限"":""无限制"",""服务基层项目工作经历"":""无限制"",""是否在面试阶段组织专业能力测试"":""否"",""面试人员比例"":""3:1"",""工作地点"":""广西壮族自治区梧州市岑溪市"",""落户地点"":""广西壮族自治区梧州市岑溪市"",""备注"":""1.限招女性；2.仅限2025届高校毕业生；3.仅限广西户籍人员或生源；4.职位要求专业为报考者最高学历对应专业（须为主修专业），考生报名时需写明专业代码；5.本单位最低服务年限为5年（含试用期）。"",""部门网站"":""无"",""咨询电话1"":""0771-5883827"",""咨询电话2"":""0771-5854895"",""咨询电话3"":"""",""来源Sheet"":""中央国家行政机关参照公务员法管理事业单位""}}"
"government_jobs","国家公务员2025招考简章","公务员/事业单位技术岗位","广西壮族自治区北海市合浦县","2026-07-28T09:12:58.310295+00:00","合浦调查队一级科员","国家统计局广西调查总队","","广西壮族自治区北海市合浦县","公务员/事业单位;2025;computer_software;data_ai;仅限本科;学士;02经济学、0701数学类、0712统计学类、0809计算机类、1203农业经济管理类;市（地）级及以下直属机构综合管理类","用人司局：国家统计局广西调查总队
职位简介：从事一线入户调查、数据处理、统计分析、统计研究等工作。
专业要求：02经济学、0701数学类、0712统计学类、0809计算机类、1203农业经济管理类
学历要求：仅限本科
学位要求：学士
政治面貌：不限
基层工作经历：无限制
考试类别：市（地）级及以下直属机构综合管理类
备注：1.仅限2025届高校毕业生；2.仅限广西户籍人员或生源；3.职位要求专业为报考者最高学历对应专业（须为主修专业），考生报名时需写明专业代码；4.本单位最低服务年限为5年（含试用期）。","https://www.xjhc.gov.cn/xjhc/c116834/202410/a29382e11a674da3be3353af65f9fcc5.shtml#137120-400110120045","2024-10-14","{""dataset_year"":2025,""job_uid"":""GOV-2025-137120-400110120045"",""publisher"":""国家公务员局"",""publication_page"":""https://www.xjhc.gov.cn/xjhc/c116834/202410/a29382e11a674da3be3353af65f9fcc5.shtml"",""attachment_url"":""https://www.xjhc.gov.cn/xjhc/c116834/202410/a29382e11a674da3be3353af65f9fcc5/files/0536cef86e2b46ddad6aae5a3780089e.xls"",""local_source_file"":""2025_guokao_zhaokaojianzhang.xls"",""local_source_sha256"":""07ae6cab368cd21b7a1ac3e8150fe9a3d39ad5171ce76135ff3cccfe50c3e77e"",""source_sheet"":""中央国家行政机关参照公务员法管理事业单位"",""filter_version"":""government_tech_v2"",""tech_filter"":{""is_tech"":true,""is_core_tech"":true,""scope"":""core"",""categories"":[""computer_software"",""data_ai""],""matched_fields"":[""major"",""description""],""major_terms"":[""计算机类""],""role_terms"":[""数据处理""],""reason"":""tech_major_and_role""},""original"":{""部门代码"":""137120"",""部门名称"":""国家统计局广西调查总队"",""用人司局"":""国家统计局广西调查总队"",""机构性质"":""中央国家行政机关参照公务员法管理事业单位"",""招考职位"":""合浦调查队一级科员"",""职位属性"":""普通职位"",""职位分布"":""西部地区和艰苦边远地区职位"",""职位简介"":""从事一线入户调查、数据处理、统计分析、统计研究等工作。"",""职位代码"":""400110120045"",""机构层级"":""县（区）级及以下"",""考试类别"":""市（地）级及以下直属机构综合管理类"",""招考人数"":""1"",""专业"":""02经济学、0701数学类、0712统计学类、0809计算机类、1203农业经济管理类"",""学历"":""仅限本科"",""学位"":""学士"",""政治面貌"":""不限"",""基层工作最低年限"":""无限制"",""服务基层项目工作经历"":""无限制"",""是否在面试阶段组织专业能力测试"":""否"",""面试人员比例"":""3:1"",""工作地点"":""广西壮族自治区北海市合浦县"",""落户地点"":""广西壮族自治区北海市合浦县"",""备注"":""1.仅限2025届高校毕业生；2.仅限广西户籍人员或生源；3.职位要求专业为报考者最高学历对应专业（须为主修专业），考生报名时需写明专业代码；4.本单位最低服务年限为5年（含试用期）。"",""部门网站"":""无"",""咨询电话1"":""0771-5883827"",""咨询电话2"":""0771-5854895"",""咨询电话3"":"""",""来源Sheet"":""中央国家行政机关参照公务员法管理事业单位""}}"
"government_jobs","国家公务员2025招考简章","公务员/事业单位技术岗位","广西壮族自治区钦州市灵山县","2026-07-28T09:12:58.310295+00:00","灵山调查队一级科员","国家统计局广西调查总队","","广西壮族自治区钦州市灵山县","公务员/事业单位;2025;computer_software;data_ai;仅限本科;学士;02经济学、0701数学类、0712统计学类、0809计算机类、1203农业经济管理类;市（地）级及以下直属机构综合管理类","用人司局：国家统计局广西调查总队
职位简介：从事一线入户调查、数据处理、统计分析、统计研究等工作。
专业要求：02经济学、0701数学类、0712统计学类、0809计算机类、1203农业经济管理类
学历要求：仅限本科
学位要求：学士
政治面貌：不限
基层工作经历：无限制
考试类别：市（地）级及以下直属机构综合管理类
备注：1.仅限2025届高校毕业生；2.仅限广西户籍人员或生源；3.职位要求专业为报考者最高学历对应专业（须为主修专业），考生报名时需写明专业代码；4.本单位最低服务年限为5年（含试用期）。","https://www.xjhc.gov.cn/xjhc/c116834/202410/a29382e11a674da3be3353af65f9fcc5.shtml#137120-400110120046","2024-10-14","{""dataset_year"":2025,""job_uid"":""GOV-2025-137120-400110120046"",""publisher"":""国家公务员局"",""publication_page"":""https://www.xjhc.gov.cn/xjhc/c116834/202410/a29382e11a674da3be3353af65f9fcc5.shtml"",""attachment_url"":""https://www.xjhc.gov.cn/xjhc/c116834/202410/a29382e11a674da3be3353af65f9fcc5/files/0536cef86e2b46ddad6aae5a3780089e.xls"",""local_source_file"":""2025_guokao_zhaokaojianzhang.xls"",""local_source_sha256"":""07ae6cab368cd21b7a1ac3e8150fe9a3d39ad5171ce76135ff3cccfe50c3e77e"",""source_sheet"":""中央国家行政机关参照公务员法管理事业单位"",""filter_version"":""government_tech_v2"",""tech_filter"":{""is_tech"":true,""is_core_tech"":true,""scope"":""core"",""categories"":[""computer_software"",""data_ai""],""matched_fields"":[""major"",""description""],""major_terms"":[""计算机类""],""role_terms"":[""数据处理""],""reason"":""tech_major_and_role""},""original"":{""部门代码"":""137120"",""部门名称"":""国家统计局广西调查总队"",""用人司局"":""国家统计局广西调查总队"",""机构性质"":""中央国家行政机关参照公务员法管理事业单位"",""招考职位"":""灵山调查队一级科员"",""职位属性"":""普通职位"",""职位分布"":""西部地区和艰苦边远地区职位"",""职位简介"":""从事一线入户调查、数据处理、统计分析、统计研究等工作。"",""职位代码"":""400110120046"",""机构层级"":""县（区）级及以下"",""考试类别"":""市（地）级及以下直属机构综合管理类"",""招考人数"":""1"",""专业"":""02经济学、0701数学类、0712统计学类、0809计算机类、1203农业经济管理类"",""学历"":""仅限本科"",""学位"":""学士"",""政治面貌"":""不限"",""基层工作最低年限"":""无限制"",""服务基层项目工作经历"":""无限制"",""是否在面试阶段组织专业能力测试"":""否"",""面试人员比例"":""3:1"",""工作地点"":""广西壮族自治区钦州市灵山县"",""落户地点"":""广西壮族自治区钦州市灵山县"",""备注"":""1.仅限2025届高校毕业生；2.仅限广西户籍人员或生源；3.职位要求专业为报考者最高学历对应专业（须为主修专业），考生报名时需写明专业代码；4.本单位最低服务年限为5年（含试用期）。"",""部门网站"":""无"",""咨询电话1"":""0771-5883827"",""咨询电话2"":""0771-5854895"",""咨询电话3"":"""",""来源Sheet"":""中央国家行政机关参照公务员法管理事业单位""}}"
"government_jobs","国家公务员2025招考简章","公务员/事业单位技术岗位","广西壮族自治区百色市田东县","2026-07-28T09:12:58.310295+00:00","田东调查队一级科员","国家统计局广西调查总队","","广西壮族自治区百色市田东县","公务员/事业单位;2025;computer_software;data_ai;仅限本科;学士;02经济学、0701数学类、0712统计学类、0809计算机类、1203农业经济管理类;市（地）级及以下直属机构综合管理类","用人司局：国家统计局广西调查总队
职位简介：从事一线入户调查、数据处理、统计分析、统计研究等工作。
专业要求：02经济学、0701数学类、0712统计学类、0809计算机类、1203农业经济管理类
学历要求：仅限本科
学位要求：学士
政治面貌：不限
基层工作经历：无限制
考试类别：市（地）级及以下直属机构综合管理类
备注：1.职位要求专业为报考者最高学历对应专业（须为主修专业），考生报名时需写明专业代码；2.本单位最低服务年限为5年（含试用期）。","https://www.xjhc.gov.cn/xjhc/c116834/202410/a29382e11a674da3be3353af65f9fcc5.shtml#137120-400110120048","2024-10-14","{""dataset_year"":2025,""job_uid"":""GOV-2025-137120-400110120048"",""publisher"":""国家公务员局"",""publication_page"":""https://www.xjhc.gov.cn/xjhc/c116834/202410/a29382e11a674da3be3353af65f9fcc5.shtml"",""attachment_url"":""https://www.xjhc.gov.cn/xjhc/c116834/202410/a29382e11a674da3be3353af65f9fcc5/files/0536cef86e2b46ddad6aae5a3780089e.xls"",""local_source_file"":""2025_guokao_zhaokaojianzhang.xls"",""local_source_sha256"":""07ae6cab368cd21b7a1ac3e8150fe9a3d39ad5171ce76135ff3cccfe50c3e77e"",""source_sheet"":""中央国家行政机关参照公务员法管理事业单位"",""filter_version"":""government_tech_v2"",""tech_filter"":{""is_tech"":true,""is_core_tech"":true,""scope"":""core"",""categories"":[""computer_software"",""data_ai""],""matched_fields"":[""major"",""description""],""major_terms"":[""计算机类""],""role_terms"":[""数据处理""],""reason"":""tech_major_and_role""},""original"":{""部门代码"":""137120"",""部门名称"":""国家统计局广西调查总队"",""用人司局"":""国家统计局广西调查总队"",""机构性质"":""中央国家行政机关参照公务员法管理事业单位"",""招考职位"":""田东调查队一级科员"",""职位属性"":""普通职位"",""职位分布"":""西部地区和艰苦边远地区职位"",""职位简介"":""从事一线入户调查、数据处理、统计分析、统计研究等工作。"",""职位代码"":""400110120048"",""机构层级"":""县（区）级及以下"",""考试类别"":""市（地）级及以下直属机构综合管理类"",""招考人数"":""1"",""专业"":""02经济学、0701数学类、0712统计学类、0809计算机类、1203农业经济管理类"",""学历"":""仅限本科"",""学位"":""学士"",""政治面貌"":""不限"",""基层工作最低年限"":""无限制"",""服务基层项目工作经历"":""无限制"",""是否在面试阶段组织专业能力测试"":""否"",""面试人员比例"":""3:1"",""工作地点"":""广西壮族自治区百色市田东县"",""落户地点"":""广西壮族自治区百色市田东县"",""备注"":""1.职位要求专业为报考者最高学历对应专业（须为主修专业），考生报名时需写明专业代码；2.本单位最低服务年限为5年（含试用期）。"",""部门网站"":""无"",""咨询电话1"":""0771-5883827"",""咨询电话2"":""0771-5854895"",""咨询电话3"":"""",""来源Sheet"":""中央国家行政机关参照公务员法管理事业单位""}}"
"government_jobs","国家公务员2025招考简章","公务员/事业单位技术岗位","广西壮族自治区百色市靖西市","2026-07-28T09:12:58.310295+00:00","靖西调查队一级科员","国家统计局广西调查总队","","广西壮族自治区百色市靖西市","公务员/事业单位;2025;computer_software;data_ai;仅限本科;学士;02经济学、0701数学类、0712统计学类、0809计算机类、1203农业经济管理类;市（地）级及以下直属机构综合管理类","用人司局：国家统计局广西调查总队
职位简介：从事一线入户调查、数据处理、统计分析、统计研究等工作。
专业要求：02经济学、0701数学类、0712统计学类、0809计算机类、1203农业经济管理类
学历要求：仅限本科
学位要求：学士
政治面貌：不限
基层工作经历：无限制
考试类别：市（地）级及以下直属机构综合管理类
备注：1.职位要求专业为报考者最高学历对应专业（须为主修专业），考生报名时需写明专业代码；2.本单位最低服务年限为5年（含试用期）。","https://www.xjhc.gov.cn/xjhc/c116834/202410/a29382e11a674da3be3353af65f9fcc5.shtml#137120-400110120049","2024-10-14","{""dataset_year"":2025,""job_uid"":""GOV-2025-137120-400110120049"",""publisher"":""国家公务员局"",""publication_page"":""https://www.xjhc.gov.cn/xjhc/c116834/202410/a29382e11a674da3be3353af65f9fcc5.shtml"",""attachment_url"":""https://www.xjhc.gov.cn/xjhc/c116834/202410/a29382e11a674da3be3353af65f9fcc5/files/0536cef86e2b46ddad6aae5a3780089e.xls"",""local_source_file"":""2025_guokao_zhaokaojianzhang.xls"",""local_source_sha256"":""07ae6cab368cd21b7a1ac3e8150fe9a3d39ad5171ce76135ff3cccfe50c3e77e"",""source_sheet"":""中央国家行政机关参照公务员法管理事业单位"",""filter_version"":""government_tech_v2"",""tech_filter"":{""is_tech"":true,""is_core_tech"":true,""scope"":""core"",""categories"":[""computer_software"",""data_ai""],""matched_fields"":[""major"",""description""],""major_terms"":[""计算机类""],""role_terms"":[""数据处理""],""reason"":""tech_major_and_role""},""original"":{""部门代码"":""137120"",""部门名称"":""国家统计局广西调查总队"",""用人司局"":""国家统计局广西调查总队"",""机构性质"":""中央国家行政机关参照公务员法管理事业单位"",""招考职位"":""靖西调查队一级科员"",""职位属性"":""普通职位"",""职位分布"":""西部地区和艰苦边远地区职位"",""职位简介"":""从事一线入户调查、数据处理、统计分析、统计研究等工作。"",""职位代码"":""400110120049"",""机构层级"":""县（区）级及以下"",""考试类别"":""市（地）级及以下直属机构综合管理类"",""招考人数"":""1"",""专业"":""02经济学、0701数学类、0712统计学类、0809计算机类、1203农业经济管理类"",""学历"":""仅限本科"",""学位"":""学士"",""政治面貌"":""不限"",""基层工作最低年限"":""无限制"",""服务基层项目工作经历"":""无限制"",""是否在面试阶段组织专业能力测试"":""否"",""面试人员比例"":""3:1"",""工作地点"":""广西壮族自治区百色市靖西市"",""落户地点"":""广西壮族自治区百色市靖西市"",""备注"":""1.职位要求专业为报考者最高学历对应专业（须为主修专业），考生报名时需写明专业代码；2.本单位最低服务年限为5年（含试用期）。"",""部门网站"":""无"",""咨询电话1"":""0771-5883827"",""咨询电话2"":""0771-5854895"",""咨询电话3"":"""",""来源Sheet"":""中央国家行政机关参照公务员法管理事业单位""}}"
"government_jobs","国家公务员2025招考简章","公务员/事业单位技术岗位","广西壮族自治区河池市都安瑶族自治县","2026-07-28T09:12:58.310295+00:00","都安调查队一级科员","国家统计局广西调查总队","","广西壮族自治区河池市都安瑶族自治县","公务员/事业单位;2025;computer_software;data_ai;仅限本科;学士;02经济学、0701数学类、0712统计学类、0809计算机类、1203农业经济管理类;市（地）级及以下直属机构综合管理类","用人司局：国家统计局广西调查总队
职位简介：从事一线入户调查、数据处理、统计分析、统计研究等工作。
专业要求：02经济学、0701数学类、0712统计学类、0809计算机类、1203农业经济管理类
学历要求：仅限本科
学位要求：学士
政治面貌：不限
基层工作经历：无限制
考试类别：市（地）级及以下直属机构综合管理类
备注：1.职位要求专业为报考者最高学历对应专业（须为主修专业），考生报名时需写明专业代码；2.本单位最低服务年限为5年（含试用期）。","https://www.xjhc.gov.cn/xjhc/c116834/202410/a29382e11a674da3be3353af65f9fcc5.shtml#137120-400110120050","2024-10-14","{""dataset_year"":2025,""job_uid"":""GOV-2025-137120-400110120050"",""publisher"":""国家公务员局"",""publication_page"":""https://www.xjhc.gov.cn/xjhc/c116834/202410/a29382e11a674da3be3353af65f9fcc5.shtml"",""attachment_url"":""https://www.xjhc.gov.cn/xjhc/c116834/202410/a29382e11a674da3be3353af65f9fcc5/files/0536cef86e2b46ddad6aae5a3780089e.xls"",""local_source_file"":""2025_guokao_zhaokaojianzhang.xls"",""local_source_sha256"":""07ae6cab368cd21b7a1ac3e8150fe9a3d39ad5171ce76135ff3cccfe50c3e77e"",""source_sheet"":""中央国家行政机关参照公务员法管理事业单位"",""filter_version"":""government_tech_v2"",""tech_filter"":{""is_tech"":true,""is_core_tech"":true,""scope"":""core"",""categories"":[""computer_software"",""data_ai""],""matched_fields"":[""major"",""description""],""major_terms"":[""计算机类""],""role_terms"":[""数据处理""],""reason"":""tech_major_and_role""},""original"":{""部门代码"":""137120"",""部门名称"":""国家统计局广西调查总队"",""用人司局"":""国家统计局广西调查总队"",""机构性质"":""中央国家行政机关参照公务员法管理事业单位"",""招考职位"":""都安调查队一级科员"",""职位属性"":""普通职位"",""职位分布"":""西部地区和艰苦边远地区职位"",""职位简介"":""从事一线入户调查、数据处理、统计分析、统计研究等工作。"",""职位代码"":""400110120050"",""机构层级"":""县（区）级及以下"",""考试类别"":""市（地）级及以下直属机构综合管理类"",""招考人数"":""1"",""专业"":""02经济学、0701数学类、0712统计学类、0809计算机类、1203农业经济管理类"",""学历"":""仅限本科"",""学位"":""学士"",""政治面貌"":""不限"",""基层工作最低年限"":""无限制"",""服务基层项目工作经历"":""无限制"",""是否在面试阶段组织专业能力测试"":""否"",""面试人员比例"":""3:1"",""工作地点"":""广西壮族自治区河池市都安瑶族自治县"",""落户地点"":""广西壮族自治区河池市都安瑶族自治县"",""备注"":""1.职位要求专业为报考者最高学历对应专业（须为主修专业），考生报名时需写明专业代码；2.本单位最低服务年限为5年（含试用期）。"",""部门网站"":""无"",""咨询电话1"":""0771-5883827"",""咨询电话2"":""0771-5854895"",""咨询电话3"":"""",""来源Sheet"":""中央国家行政机关参照公务员法管理事业单位""}}"
"government_jobs","国家公务员2025招考简章","公务员/事业单位技术岗位","广西壮族自治区来宾市象州县","2026-07-28T09:12:58.310295+00:00","象州调查队一级科员（1）","国家统计局广西调查总队","","广西壮族自治区来宾市象州县","公务员/事业单位;2025;computer_software;data_ai;仅限本科;学士;02经济学、0701数学类、0712统计学类、0809计算机类、1203农业经济管理类;市（地）级及以下直属机构综合管理类","用人司局：国家统计局广西调查总队
职位简介：从事一线入户调查、数据处理、统计分析、统计研究等工作。
专业要求：02经济学、0701数学类、0712统计学类、0809计算机类、1203农业经济管理类
学历要求：仅限本科
学位要求：学士
政治面貌：不限
基层工作经历：无限制
考试类别：市（地）级及以下直属机构综合管理类
备注：1.仅限2025届高校毕业生；2.仅限广西户籍人员或生源；3.职位要求专业为报考者最高学历对应专业（须为主修专业），考生报名时需写明专业代码；4.本单位最低服务年限为5年（含试用期）。","https://www.xjhc.gov.cn/xjhc/c116834/202410/a29382e11a674da3be3353af65f9fcc5.shtml#137120-400110120051","2024-10-14","{""dataset_year"":2025,""job_uid"":""GOV-2025-137120-400110120051"",""publisher"":""国家公务员局"",""publication_page"":""https://www.xjhc.gov.cn/xjhc/c116834/202410/a29382e11a674da3be3353af65f9fcc5.shtml"",""attachment_url"":""https://www.xjhc.gov.cn/xjhc/c116834/202410/a29382e11a674da3be3353af65f9fcc5/files/0536cef86e2b46ddad6aae5a3780089e.xls"",""local_source_file"":""2025_guokao_zhaokaojianzhang.xls"",""local_source_sha256"":""07ae6cab368cd21b7a1ac3e8150fe9a3d39ad5171ce76135ff3cccfe50c3e77e"",""source_sheet"":""中央国家行政机关参照公务员法管理事业单位"",""filter_version"":""government_tech_v2"",""tech_filter"":{""is_tech"":true,""is_core_tech"":true,""scope"":""core"",""categories"":[""computer_software"",""data_ai""],""matched_fields"":[""major"",""description""],""major_terms"":[""计算机类""],""role_terms"":[""数据处理""],""reason"":""tech_major_and_role""},""original"":{""部门代码"":""137120"",""部门名称"":""国家统计局广西调查总队"",""用人司局"":""国家统计局广西调查总队"",""机构性质"":""中央国家行政机关参照公务员法管理事业单位"",""招考职位"":""象州调查队一级科员（1）"",""职位属性"":""普通职位"",""职位分布"":""西部地区和艰苦边远地区职位"",""职位简介"":""从事一线入户调查、数据处理、统计分析、统计研究等工作。"",""职位代码"":""400110120051"",""机构层级"":""县（区）级及以下"",""考试类别"":""市（地）级及以下直属机构综合管理类"",""招考人数"":""1"",""专业"":""02经济学、0701数学类、0712统计学类、0809计算机类、1203农业经济管理类"",""学历"":""仅限本科"",""学位"":""学士"",""政治面貌"":""不限"",""基层工作最低年限"":""无限制"",""服务基层项目工作经历"":""无限制"",""是否在面试阶段组织专业能力测试"":""否"",""面试人员比例"":""3:1"",""工作地点"":""广西壮族自治区来宾市象州县"",""落户地点"":""广西壮族自治区来宾市象州县"",""备注"":""1.仅限2025届高校毕业生；2.仅限广西户籍人员或生源；3.职位要求专业为报考者最高学历对应专业（须为主修专业），考生报名时需写明专业代码；4.本单位最低服务年限为5年（含试用期）。"",""部门网站"":""无"",""咨询电话1"":""0771-5883827"",""咨询电话2"":""0771-5854895"",""咨询电话3"":"""",""来源Sheet"":""中央国家行政机关参照公务员法管理事业单位""}}"
"government_jobs","国家公务员2025招考简章","公务员/事业单位技术岗位","广西壮族自治区崇左市大新县","2026-07-28T09:12:58.310295+00:00","大新调查队一级科员","国家统计局广西调查总队","","广西壮族自治区崇左市大新县","公务员/事业单位;2025;computer_software;data_ai;仅限本科;学士;02经济学、0701数学类、0712统计学类、0809计算机类、1203农业经济管理类;市（地）级及以下直属机构综合管理类","用人司局：国家统计局广西调查总队
职位简介：从事一线入户调查、数据处理、统计分析、统计研究等工作。
专业要求：02经济学、0701数学类、0712统计学类、0809计算机类、1203农业经济管理类
学历要求：仅限本科
学位要求：学士
政治面貌：不限
基层工作经历：无限制
考试类别：市（地）级及以下直属机构综合管理类
备注：1.仅限2025届高校毕业生；2.仅限广西户籍人员或生源；3.职位要求专业为报考者最高学历对应专业（须为主修专业），考生报名时需写明专业代码；4.本单位最低服务年限为5年（含试用期）。","https://www.xjhc.gov.cn/xjhc/c116834/202410/a29382e11a674da3be3353af65f9fcc5.shtml#137120-400110120053","2024-10-14","{""dataset_year"":2025,""job_uid"":""GOV-2025-137120-400110120053"",""publisher"":""国家公务员局"",""publication_page"":""https://www.xjhc.gov.cn/xjhc/c116834/202410/a29382e11a674da3be3353af65f9fcc5.shtml"",""attachment_url"":""https://www.xjhc.gov.cn/xjhc/c116834/202410/a29382e11a674da3be3353af65f9fcc5/files/0536cef86e2b46ddad6aae5a3780089e.xls"",""local_source_file"":""2025_guokao_zhaokaojianzhang.xls"",""local_source_sha256"":""07ae6cab368cd21b7a1ac3e8150fe9a3d39ad5171ce76135ff3cccfe50c3e77e"",""source_sheet"":""中央国家行政机关参照公务员法管理事业单位"",""filter_version"":""government_tech_v2"",""tech_filter"":{""is_tech"":true,""is_core_tech"":true,""scope"":""core"",""categories"":[""computer_software"",""data_ai""],""matched_fields"":[""major"",""description""],""major_terms"":[""计算机类""],""role_terms"":[""数据处理""],""reason"":""tech_major_and_role""},""original"":{""部门代码"":""137120"",""部门名称"":""国家统计局广西调查总队"",""用人司局"":""国家统计局广西调查总队"",""机构性质"":""中央国家行政机关参照公务员法管理事业单位"",""招考职位"":""大新调查队一级科员"",""职位属性"":""普通职位"",""职位分布"":""西部地区和艰苦边远地区职位"",""职位简介"":""从事一线入户调查、数据处理、统计分析、统计研究等工作。"",""职位代码"":""400110120053"",""机构层级"":""县（区）级及以下"",""考试类别"":""市（地）级及以下直属机构综合管理类"",""招考人数"":""1"",""专业"":""02经济学、0701数学类、0712统计学类、0809计算机类、1203农业经济管理类"",""学历"":""仅限本科"",""学位"":""学士"",""政治面貌"":""不限"",""基层工作最低年限"":""无限制"",""服务基层项目工作经历"":""无限制"",""是否在面试阶段组织专业能力测试"":""否"",""面试人员比例"":""3:1"",""工作地点"":""广西壮族自治区崇左市大新县"",""落户地点"":""广西壮族自治区崇左市大新县"",""备注"":""1.仅限2025届高校毕业生；2.仅限广西户籍人员或生源；3.职位要求专业为报考者最高学历对应专业（须为主修专业），考生报名时需写明专业代码；4.本单位最低服务年限为5年（含试用期）。"",""部门网站"":""无"",""咨询电话1"":""0771-5883827"",""咨询电话2"":""0771-5854895"",""咨询电话3"":"""",""来源Sheet"":""中央国家行政机关参照公务员法管理事业单位""}}"
"government_jobs","国家公务员2025招考简章","公务员/事业单位技术岗位","海南省万宁市","2026-07-28T09:12:58.310295+00:00","万宁调查队一级科员","国家统计局海南调查总队","","海南省万宁市","公务员/事业单位;2025;computer_software;data_ai;仅限本科;学士;统计学类、数学类、计算机类、经济学类;市（地）级及以下直属机构综合管理类","用人司局：国家统计局海南调查总队
职位简介：从事一线入户调查、数据处理、统计分析、统计研究等工作。
专业要求：统计学类、数学类、计算机类、经济学类
学历要求：仅限本科
学位要求：学士
政治面貌：不限
基层工作经历：无限制
考试类别：市（地）级及以下直属机构综合管理类
备注：本职位所列专业均要求主修专业；本职位为基层调查队岗位，需要到企业、住户、田间等开展直接调查，条件较艰苦；本单位最低服务年限为5年（含试用期）。","https://www.xjhc.gov.cn/xjhc/c116834/202410/a29382e11a674da3be3353af65f9fcc5.shtml#137121-400110121003","2024-10-14","{""dataset_year"":2025,""job_uid"":""GOV-2025-137121-400110121003"",""publisher"":""国家公务员局"",""publication_page"":""https://www.xjhc.gov.cn/xjhc/c116834/202410/a29382e11a674da3be3353af65f9fcc5.shtml"",""attachment_url"":""https://www.xjhc.gov.cn/xjhc/c116834/202410/a29382e11a674da3be3353af65f9fcc5/files/0536cef86e2b46ddad6aae5a3780089e.xls"",""local_source_file"":""2025_guokao_zhaokaojianzhang.xls"",""local_source_sha256"":""07ae6cab368cd21b7a1ac3e8150fe9a3d39ad5171ce76135ff3cccfe50c3e77e"",""source_sheet"":""中央国家行政机关参照公务员法管理事业单位"",""filter_version"":""government_tech_v2"",""tech_filter"":{""is_tech"":true,""is_core_tech"":true,""scope"":""core"",""categories"":[""computer_software"",""data_ai""],""matched_fields"":[""major"",""description""],""major_terms"":[""计算机类""],""role_terms"":[""数据处理""],""reason"":""tech_major_and_role""},""original"":{""部门代码"":""137121"",""部门名称"":""国家统计局海南调查总队"",""用人司局"":""国家统计局海南调查总队"",""机构性质"":""中央国家行政机关参照公务员法管理事业单位"",""招考职位"":""万宁调查队一级科员"",""职位属性"":""普通职位"",""职位分布"":""其他职位"",""职位简介"":""从事一线入户调查、数据处理、统计分析、统计研究等工作。"",""职位代码"":""400110121003"",""机构层级"":""县（区）级及以下"",""考试类别"":""市（地）级及以下直属机构综合管理类"",""招考人数"":""1"",""专业"":""统计学类、数学类、计算机类、经济学类"",""学历"":""仅限本科"",""学位"":""学士"",""政治面貌"":""不限"",""基层工作最低年限"":""无限制"",""服务基层项目工作经历"":""无限制"",""是否在面试阶段组织专业能力测试"":""否"",""面试人员比例"":""3:1"",""工作地点"":""海南省万宁市"",""落户地点"":""海南省万宁市"",""备注"":""本职位所列专业均要求主修专业；本职位为基层调查队岗位，需要到企业、住户、田间等开展直接调查，条件较艰苦；本单位最低服务年限为5年（含试用期）。"",""部门网站"":""无"",""咨询电话1"":""0898-65328778"",""咨询电话2"":""0898-66978523"",""咨询电话3"":"""",""来源Sheet"":""中央国家行政机关参照公务员法管理事业单位""}}"
"government_jobs","国家公务员2025招考简章","公务员/事业单位技术岗位","海南省乐东黎族自治县","2026-07-28T09:12:58.310295+00:00","乐东调查队一级科员","国家统计局海南调查总队","","海南省乐东黎族自治县","公务员/事业单位;2025;computer_software;data_ai;仅限本科;学士;统计学类、数学类、计算机类;市（地）级及以下直属机构综合管理类","用人司局：国家统计局海南调查总队
职位简介：从事一线入户调查、数据处理、统计分析、统计研究等工作。
专业要求：统计学类、数学类、计算机类
学历要求：仅限本科
学位要求：学士
政治面貌：不限
基层工作经历：无限制
考试类别：市（地）级及以下直属机构综合管理类
备注：本职位所列专业均要求主修专业；本职位为基层调查队岗位，需要到企业、住户、田间等开展直接调查，条件较艰苦；本单位最低服务年限为5年（含试用期）。","https://www.xjhc.gov.cn/xjhc/c116834/202410/a29382e11a674da3be3353af65f9fcc5.shtml#137121-400110121005","2024-10-14","{""dataset_year"":2025,""job_uid"":""GOV-2025-137121-400110121005"",""publisher"":""国家公务员局"",""publication_page"":""https://www.xjhc.gov.cn/xjhc/c116834/202410/a29382e11a674da3be3353af65f9fcc5.shtml"",""attachment_url"":""https://www.xjhc.gov.cn/xjhc/c116834/202410/a29382e11a674da3be3353af65f9fcc5/files/0536cef86e2b46ddad6aae5a3780089e.xls"",""local_source_file"":""2025_guokao_zhaokaojianzhang.xls"",""local_source_sha256"":""07ae6cab368cd21b7a1ac3e8150fe9a3d39ad5171ce76135ff3cccfe50c3e77e"",""source_sheet"":""中央国家行政机关参照公务员法管理事业单位"",""filter_version"":""government_tech_v2"",""tech_filter"":{""is_tech"":true,""is_core_tech"":true,""scope"":""core"",""categories"":[""computer_software"",""data_ai""],""matched_fields"":[""major"",""description""],""major_terms"":[""计算机类""],""role_terms"":[""数据处理""],""reason"":""tech_major_and_role""},""original"":{""部门代码"":""137121"",""部门名称"":""国家统计局海南调查总队"",""用人司局"":""国家统计局海南调查总队"",""机构性质"":""中央国家行政机关参照公务员法管理事业单位"",""招考职位"":""乐东调查队一级科员"",""职位属性"":""普通职位"",""职位分布"":""其他职位"",""职位简介"":""从事一线入户调查、数据处理、统计分析、统计研究等工作。"",""职位代码"":""400110121005"",""机构层级"":""县（区）级及以下"",""考试类别"":""市（地）级及以下直属机构综合管理类"",""招考人数"":""1"",""专业"":""统计学类、数学类、计算机类"",""学历"":""仅限本科"",""学位"":""学士"",""政治面貌"":""不限"",""基层工作最低年限"":""无限制"",""服务基层项目工作经历"":""无限制"",""是否在面试阶段组织专业能力测试"":""否"",""面试人员比例"":""3:1"",""工作地点"":""海南省乐东黎族自治县"",""落户地点"":""海南省乐东黎族自治县"",""备注"":""本职位所列专业均要求主修专业；本职位为基层调查队岗位，需要到企业、住户、田间等开展直接调查，条件较艰苦；本单位最低服务年限为5年（含试用期）。"",""部门网站"":""无"",""咨询电话1"":""0898-65328778"",""咨询电话2"":""0898-66978523"",""咨询电话3"":"""",""来源Sheet"":""中央国家行政机关参照公务员法管理事业单位""}}"
"government_jobs","国家公务员2025招考简章","公务员/事业单位技术岗位","海南省海口市","2026-07-28T09:12:58.310295+00:00","海南调查总队业务处室四级主任科员","国家统计局海南调查总队","","海南省海口市","公务员/事业单位;2025;computer_software;data_ai;仅限硕士研究生;硕士;统计学类、数学类、计算机类;中央机关及其省级直属机构综合管理类","用人司局：国家统计局海南调查总队
职位简介：从事一线入户调查、数据处理、统计分析、统计研究等工作。
专业要求：统计学类、数学类、计算机类
学历要求：仅限硕士研究生
学位要求：硕士
政治面貌：不限
基层工作经历：无限制
考试类别：中央机关及其省级直属机构综合管理类
备注：本职位所列专业均要求主修专业；本单位最低服务年限为5年（含试用期）。","https://www.xjhc.gov.cn/xjhc/c116834/202410/a29382e11a674da3be3353af65f9fcc5.shtml#137121-400110121007","2024-10-14","{""dataset_year"":2025,""job_uid"":""GOV-2025-137121-400110121007"",""publisher"":""国家公务员局"",""publication_page"":""https://www.xjhc.gov.cn/xjhc/c116834/202410/a29382e11a674da3be3353af65f9fcc5.shtml"",""attachment_url"":""https://www.xjhc.gov.cn/xjhc/c116834/202410/a29382e11a674da3be3353af65f9fcc5/files/0536cef86e2b46ddad6aae5a3780089e.xls"",""local_source_file"":""2025_guokao_zhaokaojianzhang.xls"",""local_source_sha256"":""07ae6cab368cd21b7a1ac3e8150fe9a3d39ad5171ce76135ff3cccfe50c3e77e"",""source_sheet"":""中央国家行政机关参照公务员法管理事业单位"",""filter_version"":""government_tech_v2"",""tech_filter"":{""is_tech"":true,""is_core_tech"":true,""scope"":""core"",""categories"":[""computer_software"",""data_ai""],""matched_fields"":[""major"",""description""],""major_terms"":[""计算机类""],""role_terms"":[""数据处理""],""reason"":""tech_major_and_role""},""original"":{""部门代码"":""137121"",""部门名称"":""国家统计局海南调查总队"",""用人司局"":""国家统计局海南调查总队"",""机构性质"":""中央国家行政机关参照公务员法管理事业单位"",""招考职位"":""海南调查总队业务处室四级主任科员"",""职位属性"":""普通职位"",""职位分布"":""其他职位"",""职位简介"":""从事一线入户调查、数据处理、统计分析、统计研究等工作。"",""职位代码"":""400110121007"",""机构层级"":""省（副省）级"",""考试类别"":""中央机关及其省级直属机构综合管理类"",""招考人数"":""1"",""专业"":""统计学类、数学类、计算机类"",""学历"":""仅限硕士研究生"",""学位"":""硕士"",""政治面貌"":""不限"",""基层工作最低年限"":""无限制"",""服务基层项目工作经历"":""无限制"",""是否在面试阶段组织专业能力测试"":""否"",""面试人员比例"":""5:1"",""工作地点"":""海南省海口市"",""落户地点"":""海南省海口市"",""备注"":""本职位所列专业均要求主修专业；本单位最低服务年限为5年（含试用期）。"",""部门网站"":""无"",""咨询电话1"":""0898-65328778"",""咨询电话2"":""0898-66978523"",""咨询电话3"":"""",""来源Sheet"":""中央国家行政机关参照公务员法管理事业单位""}}"
"government_jobs","国家公务员2025招考简章","公务员/事业单位技术岗位","重庆市渝北区","2026-07-28T09:12:58.310295+00:00","重庆调查总队业务处室一级主任科员及以下（1）","国家统计局重庆调查总队","","重庆市渝北区","公务员/事业单位;2025;computer_software;cybersecurity_cryptography;data_ai;electronics_communication;硕士研究生及以上;与最高学历相对应的学位;理论经济学0201、应用经济学0202、应用统计0252、数字经济0258、统计学0714、数学0701、电子科学与技术0809、信息与通信工程0810、计算机科学与技术0812、安全科学与工程0837、网络空间安全0839;中央机关及其省级直属机构综合管理类","用人司局：国家统计局重庆调查总队
职位简介：主要从事抽样调查、数据处理、统计分析、统计研究等工作。
专业要求：理论经济学0201、应用经济学0202、应用统计0252、数字经济0258、统计学0714、数学0701、电子科学与技术0809、信息与通信工程0810、计算机科学与技术0812、安全科学与工程0837、网络空间安全0839
学历要求：硕士研究生及以上
学位要求：与最高学历相对应的学位
政治面貌：不限
基层工作经历：无限制
考试类别：中央机关及其省级直属机构综合管理类
备注：1.本单位最低服务年限为5年（含试用期）;2.仅限男性。","https://www.xjhc.gov.cn/xjhc/c116834/202410/a29382e11a674da3be3353af65f9fcc5.shtml#137122-400110122001","2024-10-14","{""dataset_year"":2025,""job_uid"":""GOV-2025-137122-400110122001"",""publisher"":""国家公务员局"",""publication_page"":""https://www.xjhc.gov.cn/xjhc/c116834/202410/a29382e11a674da3be3353af65f9fcc5.shtml"",""attachment_url"":""https://www.xjhc.gov.cn/xjhc/c116834/202410/a29382e11a674da3be3353af65f9fcc5/files/0536cef86e2b46ddad6aae5a3780089e.xls"",""local_source_file"":""2025_guokao_zhaokaojianzhang.xls"",""local_source_sha256"":""07ae6cab368cd21b7a1ac3e8150fe9a3d39ad5171ce76135ff3cccfe50c3e77e"",""source_sheet"":""中央国家行政机关参照公务员法管理事业单位"",""filter_version"":""government_tech_v2"",""tech_filter"":{""is_tech"":true,""is_core_tech"":true,""scope"":""core"",""categories"":[""computer_software"",""cybersecurity_cryptography"",""data_ai"",""electronics_communication""],""matched_fields"":[""major"",""description""],""major_terms"":[""信息与通信工程"",""电子科学与技术"",""网络空间安全"",""计算机科学与技术"",""通信工程""],""role_terms"":[""数据处理""],""reason"":""tech_major_and_role""},""original"":{""部门代码"":""137122"",""部门名称"":""国家统计局重庆调查总队"",""用人司局"":""国家统计局重庆调查总队"",""机构性质"":""中央国家行政机关参照公务员法管理事业单位"",""招考职位"":""重庆调查总队业务处室一级主任科员及以下（1）"",""职位属性"":""普通职位"",""职位分布"":""其他职位"",""职位简介"":""主要从事抽样调查、数据处理、统计分析、统计研究等工作。"",""职位代码"":""400110122001"",""机构层级"":""省（副省）级"",""考试类别"":""中央机关及其省级直属机构综合管理类"",""招考人数"":""1"",""专业"":""理论经济学0201、应用经济学0202、应用统计0252、数字经济0258、统计学0714、数学0701、电子科学与技术0809、信息与通信工程0810、计算机科学与技术0812、安全科学与工程0837、网络空间安全0839"",""学历"":""硕士研究生及以上"",""学位"":""与最高学历相对应的学位"",""政治面貌"":""不限"",""基层工作最低年限"":""无限制"",""服务基层项目工作经历"":""无限制"",""是否在面试阶段组织专业能力测试"":""否"",""面试人员比例"":""5:1"",""工作地点"":""重庆市渝北区"",""落户地点"":""重庆市渝北区"",""备注"":""1.本单位最低服务年限为5年（含试用期）;2.仅限男性。"",""部门网站"":""无"",""咨询电话1"":""023-67637091"",""咨询电话2"":"""",""咨询电话3"":"""",""来源Sheet"":""中央国家行政机关参照公务员法管理事业单位""}}"
"government_jobs","国家公务员2025招考简章","公务员/事业单位技术岗位","重庆市渝北区","2026-07-28T09:12:58.310295+00:00","重庆调查总队业务处室一级主任科员及以下（2）","国家统计局重庆调查总队","","重庆市渝北区","公务员/事业单位;2025;computer_software;cybersecurity_cryptography;data_ai;electronics_communication;硕士研究生及以上;与最高学历相对应的学位;理论经济学0201、应用经济学0202、应用统计0252、数字经济0258、统计学0714、数学0701、电子科学与技术0809、信息与通信工程0810、计算机科学与技术0812、安全科学与工程0837、网络空间安全0839;中央机关及其省级直属机构综合管理类","用人司局：国家统计局重庆调查总队
职位简介：主要从事抽样调查、数据处理、统计分析、统计研究等工作。
专业要求：理论经济学0201、应用经济学0202、应用统计0252、数字经济0258、统计学0714、数学0701、电子科学与技术0809、信息与通信工程0810、计算机科学与技术0812、安全科学与工程0837、网络空间安全0839
学历要求：硕士研究生及以上
学位要求：与最高学历相对应的学位
政治面貌：不限
基层工作经历：无限制
考试类别：中央机关及其省级直属机构综合管理类
备注：1.本单位最低服务年限为5年（含试用期）;2.仅限女性。","https://www.xjhc.gov.cn/xjhc/c116834/202410/a29382e11a674da3be3353af65f9fcc5.shtml#137122-400110122002","2024-10-14","{""dataset_year"":2025,""job_uid"":""GOV-2025-137122-400110122002"",""publisher"":""国家公务员局"",""publication_page"":""https://www.xjhc.gov.cn/xjhc/c116834/202410/a29382e11a674da3be3353af65f9fcc5.shtml"",""attachment_url"":""https://www.xjhc.gov.cn/xjhc/c116834/202410/a29382e11a674da3be3353af65f9fcc5/files/0536cef86e2b46ddad6aae5a3780089e.xls"",""local_source_file"":""2025_guokao_zhaokaojianzhang.xls"",""local_source_sha256"":""07ae6cab368cd21b7a1ac3e8150fe9a3d39ad5171ce76135ff3cccfe50c3e77e"",""source_sheet"":""中央国家行政机关参照公务员法管理事业单位"",""filter_version"":""government_tech_v2"",""tech_filter"":{""is_tech"":true,""is_core_tech"":true,""scope"":""core"",""categories"":[""computer_software"",""cybersecurity_cryptography"",""data_ai"",""electronics_communication""],""matched_fields"":[""major"",""description""],""major_terms"":[""信息与通信工程"",""电子科学与技术"",""网络空间安全"",""计算机科学与技术"",""通信工程""],""role_terms"":[""数据处理""],""reason"":""tech_major_and_role""},""original"":{""部门代码"":""137122"",""部门名称"":""国家统计局重庆调查总队"",""用人司局"":""国家统计局重庆调查总队"",""机构性质"":""中央国家行政机关参照公务员法管理事业单位"",""招考职位"":""重庆调查总队业务处室一级主任科员及以下（2）"",""职位属性"":""普通职位"",""职位分布"":""其他职位"",""职位简介"":""主要从事抽样调查、数据处理、统计分析、统计研究等工作。"",""职位代码"":""400110122002"",""机构层级"":""省（副省）级"",""考试类别"":""中央机关及其省级直属机构综合管理类"",""招考人数"":""1"",""专业"":""理论经济学0201、应用经济学0202、应用统计0252、数字经济0258、统计学0714、数学0701、电子科学与技术0809、信息与通信工程0810、计算机科学与技术0812、安全科学与工程0837、网络空间安全0839"",""学历"":""硕士研究生及以上"",""学位"":""与最高学历相对应的学位"",""政治面貌"":""不限"",""基层工作最低年限"":""无限制"",""服务基层项目工作经历"":""无限制"",""是否在面试阶段组织专业能力测试"":""否"",""面试人员比例"":""5:1"",""工作地点"":""重庆市渝北区"",""落户地点"":""重庆市渝北区"",""备注"":""1.本单位最低服务年限为5年（含试用期）;2.仅限女性。"",""部门网站"":""无"",""咨询电话1"":""023-67637091"",""咨询电话2"":"""",""咨询电话3"":"""",""来源Sheet"":""中央国家行政机关参照公务员法管理事业单位""}}"
"government_jobs","国家公务员2025招考简章","公务员/事业单位技术岗位","重庆市万州区","2026-07-28T09:12:58.310295+00:00","万州调查队业务科室一级科员","国家统计局重庆调查总队","","重庆市万州区","公务员/事业单位;2025;computer_software;data_ai;仅限本科;学士;统计学071201、应用统计学071202、计算机科学与技术080901、电子与计算机工程080909T、数据科学与大数据技术080910T，数学类0701;市（地）级及以下直属机构综合管理类","用人司局：国家统计局重庆调查总队
职位简介：从事一线入户调查、数据处理、统计分析、统计研究等工作
专业要求：统计学071201、应用统计学071202、计算机科学与技术080901、电子与计算机工程080909T、数据科学与大数据技术080910T，数学类0701
学历要求：仅限本科
学位要求：学士
政治面貌：不限
基层工作经历：无限制
考试类别：市（地）级及以下直属机构综合管理类
备注：1.本单位最低服务年限为5年（含试用期）；2.仅限2025届高校毕业生。","https://www.xjhc.gov.cn/xjhc/c116834/202410/a29382e11a674da3be3353af65f9fcc5.shtml#137122-400110122003","2024-10-14","{""dataset_year"":2025,""job_uid"":""GOV-2025-137122-400110122003"",""publisher"":""国家公务员局"",""publication_page"":""https://www.xjhc.gov.cn/xjhc/c116834/202410/a29382e11a674da3be3353af65f9fcc5.shtml"",""attachment_url"":""https://www.xjhc.gov.cn/xjhc/c116834/202410/a29382e11a674da3be3353af65f9fcc5/files/0536cef86e2b46ddad6aae5a3780089e.xls"",""local_source_file"":""2025_guokao_zhaokaojianzhang.xls"",""local_source_sha256"":""07ae6cab368cd21b7a1ac3e8150fe9a3d39ad5171ce76135ff3cccfe50c3e77e"",""source_sheet"":""中央国家行政机关参照公务员法管理事业单位"",""filter_version"":""government_tech_v2"",""tech_filter"":{""is_tech"":true,""is_core_tech"":true,""scope"":""core"",""categories"":[""computer_software"",""data_ai""],""matched_fields"":[""major"",""description""],""major_terms"":[""大数据"",""数据科学与大数据技术"",""计算机"",""计算机科学与技术""],""role_terms"":[""数据处理""],""reason"":""tech_major_and_role""},""original"":{""部门代码"":""137122"",""部门名称"":""国家统计局重庆调查总队"",""用人司局"":""国家统计局重庆调查总队"",""机构性质"":""中央国家行政机关参照公务员法管理事业单位"",""招考职位"":""万州调查队业务科室一级科员"",""职位属性"":""普通职位"",""职位分布"":""西部地区和艰苦边远地区职位"",""职位简介"":""从事一线入户调查、数据处理、统计分析、统计研究等工作"",""职位代码"":""400110122003"",""机构层级"":""县（区）级及以下"",""考试类别"":""市（地）级及以下直属机构综合管理类"",""招考人数"":""1"",""专业"":""统计学071201、应用统计学071202、计算机科学与技术080901、电子与计算机工程080909T、数据科学与大数据技术080910T，数学类0701"",""学历"":""仅限本科"",""学位"":""学士"",""政治面貌"":""不限"",""基层工作最低年限"":""无限制"",""服务基层项目工作经历"":""无限制"",""是否在面试阶段组织专业能力测试"":""否"",""面试人员比例"":""3:1"",""工作地点"":""重庆市万州区"",""落户地点"":""重庆市万州区"",""备注"":""1.本单位最低服务年限为5年（含试用期）；2.仅限2025届高校毕业生。"",""部门网站"":""无"",""咨询电话1"":""023-67637091"",""咨询电话2"":"""",""咨询电话3"":"""",""来源Sheet"":""中央国家行政机关参照公务员法管理事业单位""}}"
"government_jobs","国家公务员2025招考简章","公务员/事业单位技术岗位","重庆市涪陵区","2026-07-28T09:12:58.310295+00:00","涪陵调查队综合科室一级科员","国家统计局重庆调查总队","","重庆市涪陵区","公务员/事业单位;2025;computer_software;data_ai;仅限本科;学士;经济学类0201、金融学020301K、金融工程020302、统计学071201、应用统计学071202、数据科学071203T;市（地）级及以下直属机构综合管理类","用人司局：国家统计局重庆调查总队
职位简介：从事一线入户调查、数据处理、统计分析、统计研究等工作
专业要求：经济学类0201、金融学020301K、金融工程020302、统计学071201、应用统计学071202、数据科学071203T
学历要求：仅限本科
学位要求：学士
政治面貌：不限
基层工作经历：无限制
考试类别：市（地）级及以下直属机构综合管理类
备注：1.本单位最低服务年限为5年（含试用期）；2.仅限2025届高校毕业生;3.限重庆市户籍考生报考。","https://www.xjhc.gov.cn/xjhc/c116834/202410/a29382e11a674da3be3353af65f9fcc5.shtml#137122-400110122004","2024-10-14","{""dataset_year"":2025,""job_uid"":""GOV-2025-137122-400110122004"",""publisher"":""国家公务员局"",""publication_page"":""https://www.xjhc.gov.cn/xjhc/c116834/202410/a29382e11a674da3be3353af65f9fcc5.shtml"",""attachment_url"":""https://www.xjhc.gov.cn/xjhc/c116834/202410/a29382e11a674da3be3353af65f9fcc5/files/0536cef86e2b46ddad6aae5a3780089e.xls"",""local_source_file"":""2025_guokao_zhaokaojianzhang.xls"",""local_source_sha256"":""07ae6cab368cd21b7a1ac3e8150fe9a3d39ad5171ce76135ff3cccfe50c3e77e"",""source_sheet"":""中央国家行政机关参照公务员法管理事业单位"",""filter_version"":""government_tech_v2"",""tech_filter"":{""is_tech"":true,""is_core_tech"":true,""scope"":""core"",""categories"":[""computer_software"",""data_ai""],""matched_fields"":[""major"",""description""],""major_terms"":[""数据科学""],""role_terms"":[""数据处理""],""reason"":""tech_major_and_role""},""original"":{""部门代码"":""137122"",""部门名称"":""国家统计局重庆调查总队"",""用人司局"":""国家统计局重庆调查总队"",""机构性质"":""中央国家行政机关参照公务员法管理事业单位"",""招考职位"":""涪陵调查队综合科室一级科员"",""职位属性"":""普通职位"",""职位分布"":""西部地区和艰苦边远地区职位"",""职位简介"":""从事一线入户调查、数据处理、统计分析、统计研究等工作"",""职位代码"":""400110122004"",""机构层级"":""县（区）级及以下"",""考试类别"":""市（地）级及以下直属机构综合管理类"",""招考人数"":""1"",""专业"":""经济学类0201、金融学020301K、金融工程020302、统计学071201、应用统计学071202、数据科学071203T"",""学历"":""仅限本科"",""学位"":""学士"",""政治面貌"":""不限"",""基层工作最低年限"":""无限制"",""服务基层项目工作经历"":""无限制"",""是否在面试阶段组织专业能力测试"":""否"",""面试人员比例"":""3:1"",""工作地点"":""重庆市涪陵区"",""落户地点"":""重庆市涪陵区"",""备注"":""1.本单位最低服务年限为5年（含试用期）；2.仅限2025届高校毕业生;3.限重庆市户籍考生报考。"",""部门网站"":""无"",""咨询电话1"":""023-67637091"",""咨询电话2"":"""",""咨询电话3"":"""",""来源Sheet"":""中央国家行政机关参照公务员法管理事业单位""}}"
"government_jobs","国家公务员2025招考简章","公务员/事业单位技术岗位","重庆市江津区","2026-07-28T09:12:58.310295+00:00","江津调查队业务科室二级主任科员及以下（1）","国家统计局重庆调查总队","","重庆市江津区","公务员/事业单位;2025;computer_software;data_ai;本科及以上;与最高学历相对应的学位;统计学071201、应用统计学071202、数据科学071203T、经济学类0201（资源与环境经济学、能源经济专业除外）、人口学030302;市（地）级及以下直属机构综合管理类","用人司局：国家统计局重庆调查总队
职位简介：从事一线入户调查、数据处理、统计分析、统计研究等工作
专业要求：统计学071201、应用统计学071202、数据科学071203T、经济学类0201（资源与环境经济学、能源经济专业除外）、人口学030302
学历要求：本科及以上
学位要求：与最高学历相对应的学位
政治面貌：不限
基层工作经历：无限制
考试类别：市（地）级及以下直属机构综合管理类
备注：1.本单位最低服务年限为5年（含试用期）；2.仅限女性；3.仅限2025届高校毕业生；4.限重庆市户籍考生报考。","https://www.xjhc.gov.cn/xjhc/c116834/202410/a29382e11a674da3be3353af65f9fcc5.shtml#137122-400110122007","2024-10-14","{""dataset_year"":2025,""job_uid"":""GOV-2025-137122-400110122007"",""publisher"":""国家公务员局"",""publication_page"":""https://www.xjhc.gov.cn/xjhc/c116834/202410/a29382e11a674da3be3353af65f9fcc5.shtml"",""attachment_url"":""https://www.xjhc.gov.cn/xjhc/c116834/202410/a29382e11a674da3be3353af65f9fcc5/files/0536cef86e2b46ddad6aae5a3780089e.xls"",""local_source_file"":""2025_guokao_zhaokaojianzhang.xls"",""local_source_sha256"":""07ae6cab368cd21b7a1ac3e8150fe9a3d39ad5171ce76135ff3cccfe50c3e77e"",""source_sheet"":""中央国家行政机关参照公务员法管理事业单位"",""filter_version"":""government_tech_v2"",""tech_filter"":{""is_tech"":true,""is_core_tech"":true,""scope"":""core"",""categories"":[""computer_software"",""data_ai""],""matched_fields"":[""major"",""description""],""major_terms"":[""数据科学""],""role_terms"":[""数据处理""],""reason"":""tech_major_and_role""},""original"":{""部门代码"":""137122"",""部门名称"":""国家统计局重庆调查总队"",""用人司局"":""国家统计局重庆调查总队"",""机构性质"":""中央国家行政机关参照公务员法管理事业单位"",""招考职位"":""江津调查队业务科室二级主任科员及以下（1）"",""职位属性"":""普通职位"",""职位分布"":""西部地区和艰苦边远地区职位"",""职位简介"":""从事一线入户调查、数据处理、统计分析、统计研究等工作"",""职位代码"":""400110122007"",""机构层级"":""县（区）级及以下"",""考试类别"":""市（地）级及以下直属机构综合管理类"",""招考人数"":""1"",""专业"":""统计学071201、应用统计学071202、数据科学071203T、经济学类0201（资源与环境经济学、能源经济专业除外）、人口学030302"",""学历"":""本科及以上"",""学位"":""与最高学历相对应的学位"",""政治面貌"":""不限"",""基层工作最低年限"":""无限制"",""服务基层项目工作经历"":""无限制"",""是否在面试阶段组织专业能力测试"":""否"",""面试人员比例"":""3:1"",""工作地点"":""重庆市江津区"",""落户地点"":""重庆市江津区"",""备注"":""1.本单位最低服务年限为5年（含试用期）；2.仅限女性；3.仅限2025届高校毕业生；4.限重庆市户籍考生报考。"",""部门网站"":""无"",""咨询电话1"":""023-67637091"",""咨询电话2"":"""",""咨询电话3"":"""",""来源Sheet"":""中央国家行政机关参照公务员法管理事业单位""}}"
"government_jobs","国家公务员2025招考简章","公务员/事业单位技术岗位","重庆市江津区","2026-07-28T09:12:58.310295+00:00","江津调查队业务科室二级主任科员及以下（2）","国家统计局重庆调查总队","","重庆市江津区","公务员/事业单位;2025;computer_software;data_ai;本科及以上;与最高学历相对应的学位;统计学071201、应用统计学071202、数据科学071203T、经济学类0201（资源与环境经济学、能源经济专业除外）、人口学030302;市（地）级及以下直属机构综合管理类","用人司局：国家统计局重庆调查总队
职位简介：从事一线入户调查、数据处理、统计分析、统计研究等工作
专业要求：统计学071201、应用统计学071202、数据科学071203T、经济学类0201（资源与环境经济学、能源经济专业除外）、人口学030302
学历要求：本科及以上
学位要求：与最高学历相对应的学位
政治面貌：不限
基层工作经历：无限制
考试类别：市（地）级及以下直属机构综合管理类
备注：1.本单位最低服务年限为5年（含试用期）；2.仅限男性；3.仅限2025届高校毕业生；4.限重庆市户籍考生报考。","https://www.xjhc.gov.cn/xjhc/c116834/202410/a29382e11a674da3be3353af65f9fcc5.shtml#137122-400110122008","2024-10-14","{""dataset_year"":2025,""job_uid"":""GOV-2025-137122-400110122008"",""publisher"":""国家公务员局"",""publication_page"":""https://www.xjhc.gov.cn/xjhc/c116834/202410/a29382e11a674da3be3353af65f9fcc5.shtml"",""attachment_url"":""https://www.xjhc.gov.cn/xjhc/c116834/202410/a29382e11a674da3be3353af65f9fcc5/files/0536cef86e2b46ddad6aae5a3780089e.xls"",""local_source_file"":""2025_guokao_zhaokaojianzhang.xls"",""local_source_sha256"":""07ae6cab368cd21b7a1ac3e8150fe9a3d39ad5171ce76135ff3cccfe50c3e77e"",""source_sheet"":""中央国家行政机关参照公务员法管理事业单位"",""filter_version"":""government_tech_v2"",""tech_filter"":{""is_tech"":true,""is_core_tech"":true,""scope"":""core"",""categories"":[""computer_software"",""data_ai""],""matched_fields"":[""major"",""description""],""major_terms"":[""数据科学""],""role_terms"":[""数据处理""],""reason"":""tech_major_and_role""},""original"":{""部门代码"":""137122"",""部门名称"":""国家统计局重庆调查总队"",""用人司局"":""国家统计局重庆调查总队"",""机构性质"":""中央国家行政机关参照公务员法管理事业单位"",""招考职位"":""江津调查队业务科室二级主任科员及以下（2）"",""职位属性"":""普通职位"",""职位分布"":""西部地区和艰苦边远地区职位"",""职位简介"":""从事一线入户调查、数据处理、统计分析、统计研究等工作"",""职位代码"":""400110122008"",""机构层级"":""县（区）级及以下"",""考试类别"":""市（地）级及以下直属机构综合管理类"",""招考人数"":""1"",""专业"":""统计学071201、应用统计学071202、数据科学071203T、经济学类0201（资源与环境经济学、能源经济专业除外）、人口学030302"",""学历"":""本科及以上"",""学位"":""与最高学历相对应的学位"",""政治面貌"":""不限"",""基层工作最低年限"":""无限制"",""服务基层项目工作经历"":""无限制"",""是否在面试阶段组织专业能力测试"":""否"",""面试人员比例"":""3:1"",""工作地点"":""重庆市江津区"",""落户地点"":""重庆市江津区"",""备注"":""1.本单位最低服务年限为5年（含试用期）；2.仅限男性；3.仅限2025届高校毕业生；4.限重庆市户籍考生报考。"",""部门网站"":""无"",""咨询电话1"":""023-67637091"",""咨询电话2"":"""",""咨询电话3"":"""",""来源Sheet"":""中央国家行政机关参照公务员法管理事业单位""}}"
"government_jobs","国家公务员2025招考简章","公务员/事业单位技术岗位","重庆市合川区","2026-07-28T09:12:58.310295+00:00","合川调查队业务科室一级科员（1）","国家统计局重庆调查总队","","重庆市合川区","公务员/事业单位;2025;computer_software;data_ai;仅限本科;学士;经济学类0201、统计学071201、应用统计学071202、数据科学071203T;市（地）级及以下直属机构综合管理类","用人司局：国家统计局重庆调查总队
职位简介：从事一线入户调查、数据处理、统计分析、统计研究等工作
专业要求：经济学类0201、统计学071201、应用统计学071202、数据科学071203T
学历要求：仅限本科
学位要求：学士
政治面貌：不限
基层工作经历：无限制
考试类别：市（地）级及以下直属机构综合管理类
备注：1.本单位最低服务年限为5年（含试用期）；2.仅限男性；3.仅限2025届高校毕业生；4.限重庆市户籍考生报考。","https://www.xjhc.gov.cn/xjhc/c116834/202410/a29382e11a674da3be3353af65f9fcc5.shtml#137122-400110122009","2024-10-14","{""dataset_year"":2025,""job_uid"":""GOV-2025-137122-400110122009"",""publisher"":""国家公务员局"",""publication_page"":""https://www.xjhc.gov.cn/xjhc/c116834/202410/a29382e11a674da3be3353af65f9fcc5.shtml"",""attachment_url"":""https://www.xjhc.gov.cn/xjhc/c116834/202410/a29382e11a674da3be3353af65f9fcc5/files/0536cef86e2b46ddad6aae5a3780089e.xls"",""local_source_file"":""2025_guokao_zhaokaojianzhang.xls"",""local_source_sha256"":""07ae6cab368cd21b7a1ac3e8150fe9a3d39ad5171ce76135ff3cccfe50c3e77e"",""source_sheet"":""中央国家行政机关参照公务员法管理事业单位"",""filter_version"":""government_tech_v2"",""tech_filter"":{""is_tech"":true,""is_core_tech"":true,""scope"":""core"",""categories"":[""computer_software"",""data_ai""],""matched_fields"":[""major"",""description""],""major_terms"":[""数据科学""],""role_terms"":[""数据处理""],""reason"":""tech_major_and_role""},""original"":{""部门代码"":""137122"",""部门名称"":""国家统计局重庆调查总队"",""用人司局"":""国家统计局重庆调查总队"",""机构性质"":""中央国家行政机关参照公务员法管理事业单位"",""招考职位"":""合川调查队业务科室一级科员（1）"",""职位属性"":""普通职位"",""职位分布"":""西部地区和艰苦边远地区职位"",""职位简介"":""从事一线入户调查、数据处理、统计分析、统计研究等工作"",""职位代码"":""400110122009"",""机构层级"":""县（区）级及以下"",""考试类别"":""市（地）级及以下直属机构综合管理类"",""招考人数"":""1"",""专业"":""经济学类0201、统计学071201、应用统计学071202、数据科学071203T"",""学历"":""仅限本科"",""学位"":""学士"",""政治面貌"":""不限"",""基层工作最低年限"":""无限制"",""服务基层项目工作经历"":""无限制"",""是否在面试阶段组织专业能力测试"":""否"",""面试人员比例"":""3:1"",""工作地点"":""重庆市合川区"",""落户地点"":""重庆市合川区"",""备注"":""1.本单位最低服务年限为5年（含试用期）；2.仅限男性；3.仅限2025届高校毕业生；4.限重庆市户籍考生报考。"",""部门网站"":""无"",""咨询电话1"":""023-67637091"",""咨询电话2"":"""",""咨询电话3"":"""",""来源Sheet"":""中央国家行政机关参照公务员法管理事业单位""}}"
"government_jobs","国家公务员2025招考简章","公务员/事业单位技术岗位","重庆市合川区","2026-07-28T09:12:58.310295+00:00","合川调查队业务科室一级科员（2）","国家统计局重庆调查总队","","重庆市合川区","公务员/事业单位;2025;computer_software;data_ai;仅限本科;学士;经济学类0201、统计学071201、应用统计学071202、数据科学071203T;市（地）级及以下直属机构综合管理类","用人司局：国家统计局重庆调查总队
职位简介：从事一线入户调查、数据处理、统计分析、统计研究等工作
专业要求：经济学类0201、统计学071201、应用统计学071202、数据科学071203T
学历要求：仅限本科
学位要求：学士
政治面貌：不限
基层工作经历：无限制
考试类别：市（地）级及以下直属机构综合管理类
备注：1.本单位最低服务年限为5年（含试用期）；2.仅限女性；3.仅限2025届高校毕业生；4.限重庆市户籍考生报考。","https://www.xjhc.gov.cn/xjhc/c116834/202410/a29382e11a674da3be3353af65f9fcc5.shtml#137122-400110122010","2024-10-14","{""dataset_year"":2025,""job_uid"":""GOV-2025-137122-400110122010"",""publisher"":""国家公务员局"",""publication_page"":""https://www.xjhc.gov.cn/xjhc/c116834/202410/a29382e11a674da3be3353af65f9fcc5.shtml"",""attachment_url"":""https://www.xjhc.gov.cn/xjhc/c116834/202410/a29382e11a674da3be3353af65f9fcc5/files/0536cef86e2b46ddad6aae5a3780089e.xls"",""local_source_file"":""2025_guokao_zhaokaojianzhang.xls"",""local_source_sha256"":""07ae6cab368cd21b7a1ac3e8150fe9a3d39ad5171ce76135ff3cccfe50c3e77e"",""source_sheet"":""中央国家行政机关参照公务员法管理事业单位"",""filter_version"":""government_tech_v2"",""tech_filter"":{""is_tech"":true,""is_core_tech"":true,""scope"":""core"",""categories"":[""computer_software"",""data_ai""],""matched_fields"":[""major"",""description""],""major_terms"":[""数据科学""],""role_terms"":[""数据处理""],""reason"":""tech_major_and_role""},""original"":{""部门代码"":""137122"",""部门名称"":""国家统计局重庆调查总队"",""用人司局"":""国家统计局重庆调查总队"",""机构性质"":""中央国家行政机关参照公务员法管理事业单位"",""招考职位"":""合川调查队业务科室一级科员（2）"",""职位属性"":""普通职位"",""职位分布"":""西部地区和艰苦边远地区职位"",""职位简介"":""从事一线入户调查、数据处理、统计分析、统计研究等工作"",""职位代码"":""400110122010"",""机构层级"":""县（区）级及以下"",""考试类别"":""市（地）级及以下直属机构综合管理类"",""招考人数"":""1"",""专业"":""经济学类0201、统计学071201、应用统计学071202、数据科学071203T"",""学历"":""仅限本科"",""学位"":""学士"",""政治面貌"":""不限"",""基层工作最低年限"":""无限制"",""服务基层项目工作经历"":""无限制"",""是否在面试阶段组织专业能力测试"":""否"",""面试人员比例"":""3:1"",""工作地点"":""重庆市合川区"",""落户地点"":""重庆市合川区"",""备注"":""1.本单位最低服务年限为5年（含试用期）；2.仅限女性；3.仅限2025届高校毕业生；4.限重庆市户籍考生报考。"",""部门网站"":""无"",""咨询电话1"":""023-67637091"",""咨询电话2"":"""",""咨询电话3"":"""",""来源Sheet"":""中央国家行政机关参照公务员法管理事业单位""}}"
"government_jobs","国家公务员2025招考简章","公务员/事业单位技术岗位","重庆市永川区","2026-07-28T09:12:58.310295+00:00","永川调查队业务科室四级主任科员及以下（1）","国家统计局重庆调查总队","","重庆市永川区","公务员/事业单位;2025;computer_software;data_ai;仅限本科;学士;经济学类0201、数学类0701、统计学071201、应用统计学071202、数据科学071203T、汉语言文学050101、汉语言050102、应用语言学050106T、秘书学050107T、中国语言与文化050108T;市（地）级及以下直属机构综合管理类","用人司局：国家统计局重庆调查总队
职位简介：从事一线入户调查、数据处理、统计分析、统计研究等工作
专业要求：经济学类0201、数学类0701、统计学071201、应用统计学071202、数据科学071203T、汉语言文学050101、汉语言050102、应用语言学050106T、秘书学050107T、中国语言与文化050108T
学历要求：仅限本科
学位要求：学士
政治面貌：不限
基层工作经历：无限制
考试类别：市（地）级及以下直属机构综合管理类
备注：1.本单位最低服务年限为5年（含试用期）；2.仅限女性。","https://www.xjhc.gov.cn/xjhc/c116834/202410/a29382e11a674da3be3353af65f9fcc5.shtml#137122-400110122011","2024-10-14","{""dataset_year"":2025,""job_uid"":""GOV-2025-137122-400110122011"",""publisher"":""国家公务员局"",""publication_page"":""https://www.xjhc.gov.cn/xjhc/c116834/202410/a29382e11a674da3be3353af65f9fcc5.shtml"",""attachment_url"":""https://www.xjhc.gov.cn/xjhc/c116834/202410/a29382e11a674da3be3353af65f9fcc5/files/0536cef86e2b46ddad6aae5a3780089e.xls"",""local_source_file"":""2025_guokao_zhaokaojianzhang.xls"",""local_source_sha256"":""07ae6cab368cd21b7a1ac3e8150fe9a3d39ad5171ce76135ff3cccfe50c3e77e"",""source_sheet"":""中央国家行政机关参照公务员法管理事业单位"",""filter_version"":""government_tech_v2"",""tech_filter"":{""is_tech"":true,""is_core_tech"":true,""scope"":""core"",""categories"":[""computer_software"",""data_ai""],""matched_fields"":[""major"",""description""],""major_terms"":[""数据科学""],""role_terms"":[""数据处理""],""reason"":""tech_major_and_role""},""original"":{""部门代码"":""137122"",""部门名称"":""国家统计局重庆调查总队"",""用人司局"":""国家统计局重庆调查总队"",""机构性质"":""中央国家行政机关参照公务员法管理事业单位"",""招考职位"":""永川调查队业务科室四级主任科员及以下（1）"",""职位属性"":""普通职位"",""职位分布"":""西部地区和艰苦边远地区职位"",""职位简介"":""从事一线入户调查、数据处理、统计分析、统计研究等工作"",""职位代码"":""400110122011"",""机构层级"":""县（区）级及以下"",""考试类别"":""市（地）级及以下直属机构综合管理类"",""招考人数"":""1"",""专业"":""经济学类0201、数学类0701、统计学071201、应用统计学071202、数据科学071203T、汉语言文学050101、汉语言050102、应用语言学050106T、秘书学050107T、中国语言与文化050108T"",""学历"":""仅限本科"",""学位"":""学士"",""政治面貌"":""不限"",""基层工作最低年限"":""无限制"",""服务基层项目工作经历"":""无限制"",""是否在面试阶段组织专业能力测试"":""否"",""面试人员比例"":""3:1"",""工作地点"":""重庆市永川区"",""落户地点"":""重庆市永川区"",""备注"":""1.本单位最低服务年限为5年（含试用期）；2.仅限女性。"",""部门网站"":""无"",""咨询电话1"":""023-67637091"",""咨询电话2"":"""",""咨询电话3"":"""",""来源Sheet"":""中央国家行政机关参照公务员法管理事业单位""}}"
"government_jobs","国家公务员2025招考简章","公务员/事业单位技术岗位","重庆市永川区","2026-07-28T09:12:58.310295+00:00","永川调查队业务科室四级主任科员及以下（2）","国家统计局重庆调查总队","","重庆市永川区","公务员/事业单位;2025;computer_software;data_ai;仅限本科;学士;经济学类0201、数学类0701、统计学071201、应用统计学071202、数据科学071203T、汉语言文学050101、汉语言050102、应用语言学050106T、秘书学050107T、中国语言与文化050108T;市（地）级及以下直属机构综合管理类","用人司局：国家统计局重庆调查总队
职位简介：从事一线入户调查、数据处理、统计分析、统计研究等工作
专业要求：经济学类0201、数学类0701、统计学071201、应用统计学071202、数据科学071203T、汉语言文学050101、汉语言050102、应用语言学050106T、秘书学050107T、中国语言与文化050108T
学历要求：仅限本科
学位要求：学士
政治面貌：不限
基层工作经历：无限制
考试类别：市（地）级及以下直属机构综合管理类
备注：1.本单位最低服务年限为5年（含试用期）；2.仅限男性。","https://www.xjhc.gov.cn/xjhc/c116834/202410/a29382e11a674da3be3353af65f9fcc5.shtml#137122-400110122012","2024-10-14","{""dataset_year"":2025,""job_uid"":""GOV-2025-137122-400110122012"",""publisher"":""国家公务员局"",""publication_page"":""https://www.xjhc.gov.cn/xjhc/c116834/202410/a29382e11a674da3be3353af65f9fcc5.shtml"",""attachment_url"":""https://www.xjhc.gov.cn/xjhc/c116834/202410/a29382e11a674da3be3353af65f9fcc5/files/0536cef86e2b46ddad6aae5a3780089e.xls"",""local_source_file"":""2025_guokao_zhaokaojianzhang.xls"",""local_source_sha256"":""07ae6cab368cd21b7a1ac3e8150fe9a3d39ad5171ce76135ff3cccfe50c3e77e"",""source_sheet"":""中央国家行政机关参照公务员法管理事业单位"",""filter_version"":""government_tech_v2"",""tech_filter"":{""is_tech"":true,""is_core_tech"":true,""scope"":""core"",""categories"":[""computer_software"",""data_ai""],""matched_fields"":[""major"",""description""],""major_terms"":[""数据科学""],""role_terms"":[""数据处理""],""reason"":""tech_major_and_role""},""original"":{""部门代码"":""137122"",""部门名称"":""国家统计局重庆调查总队"",""用人司局"":""国家统计局重庆调查总队"",""机构性质"":""中央国家行政机关参照公务员法管理事业单位"",""招考职位"":""永川调查队业务科室四级主任科员及以下（2）"",""职位属性"":""普通职位"",""职位分布"":""西部地区和艰苦边远地区职位"",""职位简介"":""从事一线入户调查、数据处理、统计分析、统计研究等工作"",""职位代码"":""400110122012"",""机构层级"":""县（区）级及以下"",""考试类别"":""市（地）级及以下直属机构综合管理类"",""招考人数"":""1"",""专业"":""经济学类0201、数学类0701、统计学071201、应用统计学071202、数据科学071203T、汉语言文学050101、汉语言050102、应用语言学050106T、秘书学050107T、中国语言与文化050108T"",""学历"":""仅限本科"",""学位"":""学士"",""政治面貌"":""不限"",""基层工作最低年限"":""无限制"",""服务基层项目工作经历"":""无限制"",""是否在面试阶段组织专业能力测试"":""否"",""面试人员比例"":""3:1"",""工作地点"":""重庆市永川区"",""落户地点"":""重庆市永川区"",""备注"":""1.本单位最低服务年限为5年（含试用期）；2.仅限男性。"",""部门网站"":""无"",""咨询电话1"":""023-67637091"",""咨询电话2"":"""",""咨询电话3"":"""",""来源Sheet"":""中央国家行政机关参照公务员法管理事业单位""}}"
"government_jobs","国家公务员2025招考简章","公务员/事业单位技术岗位","重庆市永川区","2026-07-28T09:12:58.310295+00:00","永川调查队综合科室四级主任科员及以下","国家统计局重庆调查总队","","重庆市永川区","公务员/事业单位;2025;computer_software;data_ai;仅限本科;学士;统计学071201、应用统计学071202、数据科学071203T、工商管理120201K、会计学120203K、金融学020301K、金融工程020302;市（地）级及以下直属机构综合管理类","用人司局：国家统计局重庆调查总队
职位简介：从事一线入户调查、数据处理、统计分析、统计研究等工作
专业要求：统计学071201、应用统计学071202、数据科学071203T、工商管理120201K、会计学120203K、金融学020301K、金融工程020302
学历要求：仅限本科
学位要求：学士
政治面貌：不限
基层工作经历：无限制
考试类别：市（地）级及以下直属机构综合管理类
备注：1.本单位最低服务年限为5年（含试用期）。","https://www.xjhc.gov.cn/xjhc/c116834/202410/a29382e11a674da3be3353af65f9fcc5.shtml#137122-400110122013","2024-10-14","{""dataset_year"":2025,""job_uid"":""GOV-2025-137122-400110122013"",""publisher"":""国家公务员局"",""publication_page"":""https://www.xjhc.gov.cn/xjhc/c116834/202410/a29382e11a674da3be3353af65f9fcc5.shtml"",""attachment_url"":""https://www.xjhc.gov.cn/xjhc/c116834/202410/a29382e11a674da3be3353af65f9fcc5/files/0536cef86e2b46ddad6aae5a3780089e.xls"",""local_source_file"":""2025_guokao_zhaokaojianzhang.xls"",""local_source_sha256"":""07ae6cab368cd21b7a1ac3e8150fe9a3d39ad5171ce76135ff3cccfe50c3e77e"",""source_sheet"":""中央国家行政机关参照公务员法管理事业单位"",""filter_version"":""government_tech_v2"",""tech_filter"":{""is_tech"":true,""is_core_tech"":true,""scope"":""core"",""categories"":[""computer_software"",""data_ai""],""matched_fields"":[""major"",""description""],""major_terms"":[""数据科学""],""role_terms"":[""数据处理""],""reason"":""tech_major_and_role""},""original"":{""部门代码"":""137122"",""部门名称"":""国家统计局重庆调查总队"",""用人司局"":""国家统计局重庆调查总队"",""机构性质"":""中央国家行政机关参照公务员法管理事业单位"",""招考职位"":""永川调查队综合科室四级主任科员及以下"",""职位属性"":""普通职位"",""职位分布"":""西部地区和艰苦边远地区职位"",""职位简介"":""从事一线入户调查、数据处理、统计分析、统计研究等工作"",""职位代码"":""400110122013"",""机构层级"":""县（区）级及以下"",""考试类别"":""市（地）级及以下直属机构综合管理类"",""招考人数"":""1"",""专业"":""统计学071201、应用统计学071202、数据科学071203T、工商管理120201K、会计学120203K、金融学020301K、金融工程020302"",""学历"":""仅限本科"",""学位"":""学士"",""政治面貌"":""不限"",""基层工作最低年限"":""无限制"",""服务基层项目工作经历"":""无限制"",""是否在面试阶段组织专业能力测试"":""否"",""面试人员比例"":""3:1"",""工作地点"":""重庆市永川区"",""落户地点"":""重庆市永川区"",""备注"":""1.本单位最低服务年限为5年（含试用期）。"",""部门网站"":""无"",""咨询电话1"":""023-67637091"",""咨询电话2"":"""",""咨询电话3"":"""",""来源Sheet"":""中央国家行政机关参照公务员法管理事业单位""}}"
"government_jobs","国家公务员2025招考简章","公务员/事业单位技术岗位","重庆市潼南区","2026-07-28T09:12:58.310295+00:00","潼南调查队业务科室四级主任科员及以下","国家统计局重庆调查总队","","重庆市潼南区","公务员/事业单位;2025;computer_software;data_ai;仅限本科;学士;经济学类0201、数学类0701、统计学071201、应用统计学071202、数据科学071203T;市（地）级及以下直属机构综合管理类","用人司局：国家统计局重庆调查总队
职位简介：从事一线入户调查、数据处理、统计分析、统计研究等工作
专业要求：经济学类0201、数学类0701、统计学071201、应用统计学071202、数据科学071203T
学历要求：仅限本科
学位要求：学士
政治面貌：不限
基层工作经历：无限制
考试类别：市（地）级及以下直属机构综合管理类
备注：1.本单位最低服务年限为5年（含试用期）。","https://www.xjhc.gov.cn/xjhc/c116834/202410/a29382e11a674da3be3353af65f9fcc5.shtml#137122-400110122014","2024-10-14","{""dataset_year"":2025,""job_uid"":""GOV-2025-137122-400110122014"",""publisher"":""国家公务员局"",""publication_page"":""https://www.xjhc.gov.cn/xjhc/c116834/202410/a29382e11a674da3be3353af65f9fcc5.shtml"",""attachment_url"":""https://www.xjhc.gov.cn/xjhc/c116834/202410/a29382e11a674da3be3353af65f9fcc5/files/0536cef86e2b46ddad6aae5a3780089e.xls"",""local_source_file"":""2025_guokao_zhaokaojianzhang.xls"",""local_source_sha256"":""07ae6cab368cd21b7a1ac3e8150fe9a3d39ad5171ce76135ff3cccfe50c3e77e"",""source_sheet"":""中央国家行政机关参照公务员法管理事业单位"",""filter_version"":""government_tech_v2"",""tech_filter"":{""is_tech"":true,""is_core_tech"":true,""scope"":""core"",""categories"":[""computer_software"",""data_ai""],""matched_fields"":[""major"",""description""],""major_terms"":[""数据科学""],""role_terms"":[""数据处理""],""reason"":""tech_major_and_role""},""original"":{""部门代码"":""137122"",""部门名称"":""国家统计局重庆调查总队"",""用人司局"":""国家统计局重庆调查总队"",""机构性质"":""中央国家行政机关参照公务员法管理事业单位"",""招考职位"":""潼南调查队业务科室四级主任科员及以下"",""职位属性"":""普通职位"",""职位分布"":""西部地区和艰苦边远地区职位"",""职位简介"":""从事一线入户调查、数据处理、统计分析、统计研究等工作"",""职位代码"":""400110122014"",""机构层级"":""县（区）级及以下"",""考试类别"":""市（地）级及以下直属机构综合管理类"",""招考人数"":""1"",""专业"":""经济学类0201、数学类0701、统计学071201、应用统计学071202、数据科学071203T"",""学历"":""仅限本科"",""学位"":""学士"",""政治面貌"":""不限"",""基层工作最低年限"":""无限制"",""服务基层项目工作经历"":""无限制"",""是否在面试阶段组织专业能力测试"":""否"",""面试人员比例"":""3:1"",""工作地点"":""重庆市潼南区"",""落户地点"":""重庆市潼南区"",""备注"":""1.本单位最低服务年限为5年（含试用期）。"",""部门网站"":""无"",""咨询电话1"":""023-67637091"",""咨询电话2"":"""",""咨询电话3"":"""",""来源Sheet"":""中央国家行政机关参照公务员法管理事业单位""}}"
"government_jobs","国家公务员2025招考简章","公务员/事业单位技术岗位","重庆市丰都县","2026-07-28T09:12:58.310295+00:00","丰都调查队业务科室一级科员（1）","国家统计局重庆调查总队","","重庆市丰都县","公务员/事业单位;2025;computer_software;data_ai;仅限本科;学士;数学类0701、统计学071201、应用统计学071202、数据科学071203T;市（地）级及以下直属机构综合管理类","用人司局：国家统计局重庆调查总队
职位简介：从事一线入户调查、数据处理、统计分析、统计研究等工作
专业要求：数学类0701、统计学071201、应用统计学071202、数据科学071203T
学历要求：仅限本科
学位要求：学士
政治面貌：不限
基层工作经历：无限制
考试类别：市（地）级及以下直属机构综合管理类
备注：1.本单位最低服务年限为5年（含试用期）；2.仅限男性；3.仅限2025届高校毕业生；4.限重庆市户籍考生报考。","https://www.xjhc.gov.cn/xjhc/c116834/202410/a29382e11a674da3be3353af65f9fcc5.shtml#137122-400110122016","2024-10-14","{""dataset_year"":2025,""job_uid"":""GOV-2025-137122-400110122016"",""publisher"":""国家公务员局"",""publication_page"":""https://www.xjhc.gov.cn/xjhc/c116834/202410/a29382e11a674da3be3353af65f9fcc5.shtml"",""attachment_url"":""https://www.xjhc.gov.cn/xjhc/c116834/202410/a29382e11a674da3be3353af65f9fcc5/files/0536cef86e2b46ddad6aae5a3780089e.xls"",""local_source_file"":""2025_guokao_zhaokaojianzhang.xls"",""local_source_sha256"":""07ae6cab368cd21b7a1ac3e8150fe9a3d39ad5171ce76135ff3cccfe50c3e77e"",""source_sheet"":""中央国家行政机关参照公务员法管理事业单位"",""filter_version"":""government_tech_v2"",""tech_filter"":{""is_tech"":true,""is_core_tech"":true,""scope"":""core"",""categories"":[""computer_software"",""data_ai""],""matched_fields"":[""major"",""description""],""major_terms"":[""数据科学""],""role_terms"":[""数据处理""],""reason"":""tech_major_and_role""},""original"":{""部门代码"":""137122"",""部门名称"":""国家统计局重庆调查总队"",""用人司局"":""国家统计局重庆调查总队"",""机构性质"":""中央国家行政机关参照公务员法管理事业单位"",""招考职位"":""丰都调查队业务科室一级科员（1）"",""职位属性"":""普通职位"",""职位分布"":""西部地区和艰苦边远地区职位"",""职位简介"":""从事一线入户调查、数据处理、统计分析、统计研究等工作"",""职位代码"":""400110122016"",""机构层级"":""县（区）级及以下"",""考试类别"":""市（地）级及以下直属机构综合管理类"",""招考人数"":""1"",""专业"":""数学类0701、统计学071201、应用统计学071202、数据科学071203T"",""学历"":""仅限本科"",""学位"":""学士"",""政治面貌"":""不限"",""基层工作最低年限"":""无限制"",""服务基层项目工作经历"":""无限制"",""是否在面试阶段组织专业能力测试"":""否"",""面试人员比例"":""3:1"",""工作地点"":""重庆市丰都县"",""落户地点"":""重庆市丰都县"",""备注"":""1.本单位最低服务年限为5年（含试用期）；2.仅限男性；3.仅限2025届高校毕业生；4.限重庆市户籍考生报考。"",""部门网站"":""无"",""咨询电话1"":""023-67637091"",""咨询电话2"":"""",""咨询电话3"":"""",""来源Sheet"":""中央国家行政机关参照公务员法管理事业单位""}}"
"government_jobs","国家公务员2025招考简章","公务员/事业单位技术岗位","重庆市丰都县","2026-07-28T09:12:58.310295+00:00","丰都调查队业务科室一级科员（2）","国家统计局重庆调查总队","","重庆市丰都县","公务员/事业单位;2025;computer_software;data_ai;仅限本科;学士;数学类0701、统计学071201、应用统计学071202、数据科学071203T;市（地）级及以下直属机构综合管理类","用人司局：国家统计局重庆调查总队
职位简介：从事一线入户调查、数据处理、统计分析、统计研究等工作
专业要求：数学类0701、统计学071201、应用统计学071202、数据科学071203T
学历要求：仅限本科
学位要求：学士
政治面貌：不限
基层工作经历：无限制
考试类别：市（地）级及以下直属机构综合管理类
备注：1.本单位最低服务年限为5年（含试用期）；2.仅限女性；3.仅限2025届高校毕业生；4.限重庆市户籍考生报考。","https://www.xjhc.gov.cn/xjhc/c116834/202410/a29382e11a674da3be3353af65f9fcc5.shtml#137122-400110122017","2024-10-14","{""dataset_year"":2025,""job_uid"":""GOV-2025-137122-400110122017"",""publisher"":""国家公务员局"",""publication_page"":""https://www.xjhc.gov.cn/xjhc/c116834/202410/a29382e11a674da3be3353af65f9fcc5.shtml"",""attachment_url"":""https://www.xjhc.gov.cn/xjhc/c116834/202410/a29382e11a674da3be3353af65f9fcc5/files/0536cef86e2b46ddad6aae5a3780089e.xls"",""local_source_file"":""2025_guokao_zhaokaojianzhang.xls"",""local_source_sha256"":""07ae6cab368cd21b7a1ac3e8150fe9a3d39ad5171ce76135ff3cccfe50c3e77e"",""source_sheet"":""中央国家行政机关参照公务员法管理事业单位"",""filter_version"":""government_tech_v2"",""tech_filter"":{""is_tech"":true,""is_core_tech"":true,""scope"":""core"",""categories"":[""computer_software"",""data_ai""],""matched_fields"":[""major"",""description""],""major_terms"":[""数据科学""],""role_terms"":[""数据处理""],""reason"":""tech_major_and_role""},""original"":{""部门代码"":""137122"",""部门名称"":""国家统计局重庆调查总队"",""用人司局"":""国家统计局重庆调查总队"",""机构性质"":""中央国家行政机关参照公务员法管理事业单位"",""招考职位"":""丰都调查队业务科室一级科员（2）"",""职位属性"":""普通职位"",""职位分布"":""西部地区和艰苦边远地区职位"",""职位简介"":""从事一线入户调查、数据处理、统计分析、统计研究等工作"",""职位代码"":""400110122017"",""机构层级"":""县（区）级及以下"",""考试类别"":""市（地）级及以下直属机构综合管理类"",""招考人数"":""1"",""专业"":""数学类0701、统计学071201、应用统计学071202、数据科学071203T"",""学历"":""仅限本科"",""学位"":""学士"",""政治面貌"":""不限"",""基层工作最低年限"":""无限制"",""服务基层项目工作经历"":""无限制"",""是否在面试阶段组织专业能力测试"":""否"",""面试人员比例"":""3:1"",""工作地点"":""重庆市丰都县"",""落户地点"":""重庆市丰都县"",""备注"":""1.本单位最低服务年限为5年（含试用期）；2.仅限女性；3.仅限2025届高校毕业生；4.限重庆市户籍考生报考。"",""部门网站"":""无"",""咨询电话1"":""023-67637091"",""咨询电话2"":"""",""咨询电话3"":"""",""来源Sheet"":""中央国家行政机关参照公务员法管理事业单位""}}"
"government_jobs","国家公务员2025招考简章","公务员/事业单位技术岗位","重庆市巫山县","2026-07-28T09:12:58.310295+00:00","巫山调查队业务科室四级主任科员及以下（1）","国家统计局重庆调查总队","","重庆市巫山县","公务员/事业单位;2025;computer_software;data_ai;仅限本科;学士;经济学类0201、统计学071201、应用统计学071202、数据科学071203T、金融学020301K、金融工程020302、金融数学020305T、经济与金融020307T、精算学020308T;市（地）级及以下直属机构综合管理类","用人司局：国家统计局重庆调查总队
职位简介：从事一线入户调查、数据处理、统计分析、统计研究等工作
专业要求：经济学类0201、统计学071201、应用统计学071202、数据科学071203T、金融学020301K、金融工程020302、金融数学020305T、经济与金融020307T、精算学020308T
学历要求：仅限本科
学位要求：学士
政治面貌：不限
基层工作经历：二年
考试类别：市（地）级及以下直属机构综合管理类
备注：1.本单位最低服务年限为5年（含试用期）；2.大学生村官、大学生志愿服务西部计划需要服务期满、考核合格；3.仅限男性；4.限重庆市户籍考生报考。","https://www.xjhc.gov.cn/xjhc/c116834/202410/a29382e11a674da3be3353af65f9fcc5.shtml#137122-400110122018","2024-10-14","{""dataset_year"":2025,""job_uid"":""GOV-2025-137122-400110122018"",""publisher"":""国家公务员局"",""publication_page"":""https://www.xjhc.gov.cn/xjhc/c116834/202410/a29382e11a674da3be3353af65f9fcc5.shtml"",""attachment_url"":""https://www.xjhc.gov.cn/xjhc/c116834/202410/a29382e11a674da3be3353af65f9fcc5/files/0536cef86e2b46ddad6aae5a3780089e.xls"",""local_source_file"":""2025_guokao_zhaokaojianzhang.xls"",""local_source_sha256"":""07ae6cab368cd21b7a1ac3e8150fe9a3d39ad5171ce76135ff3cccfe50c3e77e"",""source_sheet"":""中央国家行政机关参照公务员法管理事业单位"",""filter_version"":""government_tech_v2"",""tech_filter"":{""is_tech"":true,""is_core_tech"":true,""scope"":""core"",""categories"":[""computer_software"",""data_ai""],""matched_fields"":[""major"",""description""],""major_terms"":[""数据科学""],""role_terms"":[""数据处理""],""reason"":""tech_major_and_role""},""original"":{""部门代码"":""137122"",""部门名称"":""国家统计局重庆调查总队"",""用人司局"":""国家统计局重庆调查总队"",""机构性质"":""中央国家行政机关参照公务员法管理事业单位"",""招考职位"":""巫山调查队业务科室四级主任科员及以下（1）"",""职位属性"":""普通职位"",""职位分布"":""西部地区和艰苦边远地区职位"",""职位简介"":""从事一线入户调查、数据处理、统计分析、统计研究等工作"",""职位代码"":""400110122018"",""机构层级"":""县（区）级及以下"",""考试类别"":""市（地）级及以下直属机构综合管理类"",""招考人数"":""1"",""专业"":""经济学类0201、统计学071201、应用统计学071202、数据科学071203T、金融学020301K、金融工程020302、金融数学020305T、经济与金融020307T、精算学020308T"",""学历"":""仅限本科"",""学位"":""学士"",""政治面貌"":""不限"",""基层工作最低年限"":""二年"",""服务基层项目工作经历"":""大学生村官、大学生志愿服务西部计划"",""是否在面试阶段组织专业能力测试"":""否"",""面试人员比例"":""3:1"",""工作地点"":""重庆市巫山县"",""落户地点"":""重庆市巫山县"",""备注"":""1.本单位最低服务年限为5年（含试用期）；2.大学生村官、大学生志愿服务西部计划需要服务期满、考核合格；3.仅限男性；4.限重庆市户籍考生报考。"",""部门网站"":""无"",""咨询电话1"":""023-67637091"",""咨询电话2"":"""",""咨询电话3"":"""",""来源Sheet"":""中央国家行政机关参照公务员法管理事业单位""}}"
"government_jobs","国家公务员2025招考简章","公务员/事业单位技术岗位","重庆市巫山县","2026-07-28T09:12:58.310295+00:00","巫山调查队业务科室四级主任科员及以下（2）","国家统计局重庆调查总队","","重庆市巫山县","公务员/事业单位;2025;computer_software;data_ai;仅限本科;学士;经济学类0201、统计学071201、应用统计学071202、数据科学071203T、金融学020301K、金融工程020302、金融数学020305T、经济与金融020307T、精算学020308T;市（地）级及以下直属机构综合管理类","用人司局：国家统计局重庆调查总队
职位简介：从事一线入户调查、数据处理、统计分析、统计研究等工作
专业要求：经济学类0201、统计学071201、应用统计学071202、数据科学071203T、金融学020301K、金融工程020302、金融数学020305T、经济与金融020307T、精算学020308T
学历要求：仅限本科
学位要求：学士
政治面貌：不限
基层工作经历：二年
考试类别：市（地）级及以下直属机构综合管理类
备注：1.本单位最低服务年限为5年（含试用期）；2.大学生村官、大学生志愿服务西部计划需要服务期满、考核合格；3.仅限女性；4.限重庆市户籍考生报考。","https://www.xjhc.gov.cn/xjhc/c116834/202410/a29382e11a674da3be3353af65f9fcc5.shtml#137122-400110122019","2024-10-14","{""dataset_year"":2025,""job_uid"":""GOV-2025-137122-400110122019"",""publisher"":""国家公务员局"",""publication_page"":""https://www.xjhc.gov.cn/xjhc/c116834/202410/a29382e11a674da3be3353af65f9fcc5.shtml"",""attachment_url"":""https://www.xjhc.gov.cn/xjhc/c116834/202410/a29382e11a674da3be3353af65f9fcc5/files/0536cef86e2b46ddad6aae5a3780089e.xls"",""local_source_file"":""2025_guokao_zhaokaojianzhang.xls"",""local_source_sha256"":""07ae6cab368cd21b7a1ac3e8150fe9a3d39ad5171ce76135ff3cccfe50c3e77e"",""source_sheet"":""中央国家行政机关参照公务员法管理事业单位"",""filter_version"":""government_tech_v2"",""tech_filter"":{""is_tech"":true,""is_core_tech"":true,""scope"":""core"",""categories"":[""computer_software"",""data_ai""],""matched_fields"":[""major"",""description""],""major_terms"":[""数据科学""],""role_terms"":[""数据处理""],""reason"":""tech_major_and_role""},""original"":{""部门代码"":""137122"",""部门名称"":""国家统计局重庆调查总队"",""用人司局"":""国家统计局重庆调查总队"",""机构性质"":""中央国家行政机关参照公务员法管理事业单位"",""招考职位"":""巫山调查队业务科室四级主任科员及以下（2）"",""职位属性"":""普通职位"",""职位分布"":""西部地区和艰苦边远地区职位"",""职位简介"":""从事一线入户调查、数据处理、统计分析、统计研究等工作"",""职位代码"":""400110122019"",""机构层级"":""县（区）级及以下"",""考试类别"":""市（地）级及以下直属机构综合管理类"",""招考人数"":""1"",""专业"":""经济学类0201、统计学071201、应用统计学071202、数据科学071203T、金融学020301K、金融工程020302、金融数学020305T、经济与金融020307T、精算学020308T"",""学历"":""仅限本科"",""学位"":""学士"",""政治面貌"":""不限"",""基层工作最低年限"":""二年"",""服务基层项目工作经历"":""大学生村官、大学生志愿服务西部计划"",""是否在面试阶段组织专业能力测试"":""否"",""面试人员比例"":""3:1"",""工作地点"":""重庆市巫山县"",""落户地点"":""重庆市巫山县"",""备注"":""1.本单位最低服务年限为5年（含试用期）；2.大学生村官、大学生志愿服务西部计划需要服务期满、考核合格；3.仅限女性；4.限重庆市户籍考生报考。"",""部门网站"":""无"",""咨询电话1"":""023-67637091"",""咨询电话2"":"""",""咨询电话3"":"""",""来源Sheet"":""中央国家行政机关参照公务员法管理事业单位""}}"
"government_jobs","国家公务员2025招考简章","公务员/事业单位技术岗位","重庆市南川区","2026-07-28T09:12:58.310295+00:00","南川调查队综合科室一级科员","国家统计局重庆调查总队","","重庆市南川区","公务员/事业单位;2025;computer_software;data_ai;仅限本科;学士;经济学类0201、数学类0701、统计学071201、应用统计学071202、数据科学071203T;市（地）级及以下直属机构综合管理类","用人司局：国家统计局重庆调查总队
职位简介：从事一线入户调查、数据处理、统计分析、统计研究等工作
专业要求：经济学类0201、数学类0701、统计学071201、应用统计学071202、数据科学071203T
学历要求：仅限本科
学位要求：学士
政治面貌：不限
基层工作经历：无限制
考试类别：市（地）级及以下直属机构综合管理类
备注：1.本单位最低服务年限为5年（含试用期）；2.仅限应届高校毕业生；3.限重庆市户籍考生报考。","https://www.xjhc.gov.cn/xjhc/c116834/202410/a29382e11a674da3be3353af65f9fcc5.shtml#137122-400110122022","2024-10-14","{""dataset_year"":2025,""job_uid"":""GOV-2025-137122-400110122022"",""publisher"":""国家公务员局"",""publication_page"":""https://www.xjhc.gov.cn/xjhc/c116834/202410/a29382e11a674da3be3353af65f9fcc5.shtml"",""attachment_url"":""https://www.xjhc.gov.cn/xjhc/c116834/202410/a29382e11a674da3be3353af65f9fcc5/files/0536cef86e2b46ddad6aae5a3780089e.xls"",""local_source_file"":""2025_guokao_zhaokaojianzhang.xls"",""local_source_sha256"":""07ae6cab368cd21b7a1ac3e8150fe9a3d39ad5171ce76135ff3cccfe50c3e77e"",""source_sheet"":""中央国家行政机关参照公务员法管理事业单位"",""filter_version"":""government_tech_v2"",""tech_filter"":{""is_tech"":true,""is_core_tech"":true,""scope"":""core"",""categories"":[""computer_software"",""data_ai""],""matched_fields"":[""major"",""description""],""major_terms"":[""数据科学""],""role_terms"":[""数据处理""],""reason"":""tech_major_and_role""},""original"":{""部门代码"":""137122"",""部门名称"":""国家统计局重庆调查总队"",""用人司局"":""国家统计局重庆调查总队"",""机构性质"":""中央国家行政机关参照公务员法管理事业单位"",""招考职位"":""南川调查队综合科室一级科员"",""职位属性"":""普通职位"",""职位分布"":""西部地区和艰苦边远地区职位"",""职位简介"":""从事一线入户调查、数据处理、统计分析、统计研究等工作"",""职位代码"":""400110122022"",""机构层级"":""县（区）级及以下"",""考试类别"":""市（地）级及以下直属机构综合管理类"",""招考人数"":""1"",""专业"":""经济学类0201、数学类0701、统计学071201、应用统计学071202、数据科学071203T"",""学历"":""仅限本科"",""学位"":""学士"",""政治面貌"":""不限"",""基层工作最低年限"":""无限制"",""服务基层项目工作经历"":""无限制"",""是否在面试阶段组织专业能力测试"":""否"",""面试人员比例"":""3:1"",""工作地点"":""重庆市南川区"",""落户地点"":""重庆市南川区"",""备注"":""1.本单位最低服务年限为5年（含试用期）；2.仅限应届高校毕业生；3.限重庆市户籍考生报考。"",""部门网站"":""无"",""咨询电话1"":""023-67637091"",""咨询电话2"":"""",""咨询电话3"":"""",""来源Sheet"":""中央国家行政机关参照公务员法管理事业单位""}}"
"government_jobs","国家公务员2025招考简章","公务员/事业单位技术岗位","重庆市涪陵区","2026-07-28T09:12:58.310295+00:00","涪陵调查队业务科室一级科员","国家统计局重庆调查总队","","重庆市涪陵区","公务员/事业单位;2025;computer_software;data_ai;仅限本科;学士;经济学类0201、统计学071201、应用统计学071202、数据科学071203T、计算机科学与技术080901、电子与计算机工程080909T;市（地）级及以下直属机构综合管理类","用人司局：国家统计局重庆调查总队
职位简介：从事一线入户调查、数据处理、统计分析、统计研究等工作
专业要求：经济学类0201、统计学071201、应用统计学071202、数据科学071203T、计算机科学与技术080901、电子与计算机工程080909T
学历要求：仅限本科
学位要求：学士
政治面貌：不限
基层工作经历：无限制
考试类别：市（地）级及以下直属机构综合管理类
备注：1.本单位最低服务年限为5年（含试用期）；2.仅限2025届高校毕业生;3.限重庆市户籍考生报考。","https://www.xjhc.gov.cn/xjhc/c116834/202410/a29382e11a674da3be3353af65f9fcc5.shtml#137122-400110122024","2024-10-14","{""dataset_year"":2025,""job_uid"":""GOV-2025-137122-400110122024"",""publisher"":""国家公务员局"",""publication_page"":""https://www.xjhc.gov.cn/xjhc/c116834/202410/a29382e11a674da3be3353af65f9fcc5.shtml"",""attachment_url"":""https://www.xjhc.gov.cn/xjhc/c116834/202410/a29382e11a674da3be3353af65f9fcc5/files/0536cef86e2b46ddad6aae5a3780089e.xls"",""local_source_file"":""2025_guokao_zhaokaojianzhang.xls"",""local_source_sha256"":""07ae6cab368cd21b7a1ac3e8150fe9a3d39ad5171ce76135ff3cccfe50c3e77e"",""source_sheet"":""中央国家行政机关参照公务员法管理事业单位"",""filter_version"":""government_tech_v2"",""tech_filter"":{""is_tech"":true,""is_core_tech"":true,""scope"":""core"",""categories"":[""computer_software"",""data_ai""],""matched_fields"":[""major"",""description""],""major_terms"":[""数据科学"",""计算机"",""计算机科学与技术""],""role_terms"":[""数据处理""],""reason"":""tech_major_and_role""},""original"":{""部门代码"":""137122"",""部门名称"":""国家统计局重庆调查总队"",""用人司局"":""国家统计局重庆调查总队"",""机构性质"":""中央国家行政机关参照公务员法管理事业单位"",""招考职位"":""涪陵调查队业务科室一级科员"",""职位属性"":""普通职位"",""职位分布"":""西部地区和艰苦边远地区职位"",""职位简介"":""从事一线入户调查、数据处理、统计分析、统计研究等工作"",""职位代码"":""400110122024"",""机构层级"":""县（区）级及以下"",""考试类别"":""市（地）级及以下直属机构综合管理类"",""招考人数"":""1"",""专业"":""经济学类0201、统计学071201、应用统计学071202、数据科学071203T、计算机科学与技术080901、电子与计算机工程080909T"",""学历"":""仅限本科"",""学位"":""学士"",""政治面貌"":""不限"",""基层工作最低年限"":""无限制"",""服务基层项目工作经历"":""无限制"",""是否在面试阶段组织专业能力测试"":""否"",""面试人员比例"":""3:1"",""工作地点"":""重庆市涪陵区"",""落户地点"":""重庆市涪陵区"",""备注"":""1.本单位最低服务年限为5年（含试用期）；2.仅限2025届高校毕业生;3.限重庆市户籍考生报考。"",""部门网站"":""无"",""咨询电话1"":""023-67637091"",""咨询电话2"":"""",""咨询电话3"":"""",""来源Sheet"":""中央国家行政机关参照公务员法管理事业单位""}}"
"government_jobs","国家公务员2025招考简章","公务员/事业单位技术岗位","四川省成都市青羊区","2026-07-28T09:12:58.310295+00:00","四川调查总队业务处室二级主任科员及以下（1）","国家统计局四川调查总队","","四川省成都市青羊区","公务员/事业单位;2025;computer_software;data_ai;仅限硕士研究生;硕士;统计学类、数学类、计算机类、经济学类;中央机关及其省级直属机构综合管理类","用人司局：国家统计局四川调查总队
职位简介：从事数据处理、统计分析、统计研究等工作。
专业要求：统计学类、数学类、计算机类、经济学类
学历要求：仅限硕士研究生
学位要求：硕士
政治面貌：不限
基层工作经历：无限制
考试类别：中央机关及其省级直属机构综合管理类
备注：1.本单位最低服务年限为5年（含试用期）；2.限男性报考。","https://www.xjhc.gov.cn/xjhc/c116834/202410/a29382e11a674da3be3353af65f9fcc5.shtml#137123-400110123001","2024-10-14","{""dataset_year"":2025,""job_uid"":""GOV-2025-137123-400110123001"",""publisher"":""国家公务员局"",""publication_page"":""https://www.xjhc.gov.cn/xjhc/c116834/202410/a29382e11a674da3be3353af65f9fcc5.shtml"",""attachment_url"":""https://www.xjhc.gov.cn/xjhc/c116834/202410/a29382e11a674da3be3353af65f9fcc5/files/0536cef86e2b46ddad6aae5a3780089e.xls"",""local_source_file"":""2025_guokao_zhaokaojianzhang.xls"",""local_source_sha256"":""07ae6cab368cd21b7a1ac3e8150fe9a3d39ad5171ce76135ff3cccfe50c3e77e"",""source_sheet"":""中央国家行政机关参照公务员法管理事业单位"",""filter_version"":""government_tech_v2"",""tech_filter"":{""is_tech"":true,""is_core_tech"":true,""scope"":""core"",""categories"":[""computer_software"",""data_ai""],""matched_fields"":[""major"",""description""],""major_terms"":[""计算机类""],""role_terms"":[""数据处理""],""reason"":""tech_major_and_role""},""original"":{""部门代码"":""137123"",""部门名称"":""国家统计局四川调查总队"",""用人司局"":""国家统计局四川调查总队"",""机构性质"":""中央国家行政机关参照公务员法管理事业单位"",""招考职位"":""四川调查总队业务处室二级主任科员及以下（1）"",""职位属性"":""普通职位"",""职位分布"":""其他职位"",""职位简介"":""从事数据处理、统计分析、统计研究等工作。"",""职位代码"":""400110123001"",""机构层级"":""省（副省）级"",""考试类别"":""中央机关及其省级直属机构综合管理类"",""招考人数"":""1"",""专业"":""统计学类、数学类、计算机类、经济学类"",""学历"":""仅限硕士研究生"",""学位"":""硕士"",""政治面貌"":""不限"",""基层工作最低年限"":""无限制"",""服务基层项目工作经历"":""无限制"",""是否在面试阶段组织专业能力测试"":""否"",""面试人员比例"":""5:1"",""工作地点"":""四川省成都市青羊区"",""落户地点"":""四川省成都市青羊区"",""备注"":""1.本单位最低服务年限为5年（含试用期）；2.限男性报考。"",""部门网站"":""http://www.stats.gov.cn"",""咨询电话1"":""028-65593798"",""咨询电话2"":""028-65593790"",""咨询电话3"":""15802879098"",""来源Sheet"":""中央国家行政机关参照公务员法管理事业单位""}}"
"government_jobs","国家公务员2025招考简章","公务员/事业单位技术岗位","四川省成都市青羊区","2026-07-28T09:12:58.310295+00:00","四川调查总队业务处室二级主任科员及以下（2）","国家统计局四川调查总队","","四川省成都市青羊区","公务员/事业单位;2025;computer_software;data_ai;仅限硕士研究生;硕士;统计学类、数学类、计算机类、经济学类;中央机关及其省级直属机构综合管理类","用人司局：国家统计局四川调查总队
职位简介：从事数据处理、统计分析、统计研究等工作。
专业要求：统计学类、数学类、计算机类、经济学类
学历要求：仅限硕士研究生
学位要求：硕士
政治面貌：不限
基层工作经历：无限制
考试类别：中央机关及其省级直属机构综合管理类
备注：1.本单位最低服务年限为5年（含试用期）；2.限女性报考。","https://www.xjhc.gov.cn/xjhc/c116834/202410/a29382e11a674da3be3353af65f9fcc5.shtml#137123-400110123002","2024-10-14","{""dataset_year"":2025,""job_uid"":""GOV-2025-137123-400110123002"",""publisher"":""国家公务员局"",""publication_page"":""https://www.xjhc.gov.cn/xjhc/c116834/202410/a29382e11a674da3be3353af65f9fcc5.shtml"",""attachment_url"":""https://www.xjhc.gov.cn/xjhc/c116834/202410/a29382e11a674da3be3353af65f9fcc5/files/0536cef86e2b46ddad6aae5a3780089e.xls"",""local_source_file"":""2025_guokao_zhaokaojianzhang.xls"",""local_source_sha256"":""07ae6cab368cd21b7a1ac3e8150fe9a3d39ad5171ce76135ff3cccfe50c3e77e"",""source_sheet"":""中央国家行政机关参照公务员法管理事业单位"",""filter_version"":""government_tech_v2"",""tech_filter"":{""is_tech"":true,""is_core_tech"":true,""scope"":""core"",""categories"":[""computer_software"",""data_ai""],""matched_fields"":[""major"",""description""],""major_terms"":[""计算机类""],""role_terms"":[""数据处理""],""reason"":""tech_major_and_role""},""original"":{""部门代码"":""137123"",""部门名称"":""国家统计局四川调查总队"",""用人司局"":""国家统计局四川调查总队"",""机构性质"":""中央国家行政机关参照公务员法管理事业单位"",""招考职位"":""四川调查总队业务处室二级主任科员及以下（2）"",""职位属性"":""普通职位"",""职位分布"":""其他职位"",""职位简介"":""从事数据处理、统计分析、统计研究等工作。"",""职位代码"":""400110123002"",""机构层级"":""省（副省）级"",""考试类别"":""中央机关及其省级直属机构综合管理类"",""招考人数"":""1"",""专业"":""统计学类、数学类、计算机类、经济学类"",""学历"":""仅限硕士研究生"",""学位"":""硕士"",""政治面貌"":""不限"",""基层工作最低年限"":""无限制"",""服务基层项目工作经历"":""无限制"",""是否在面试阶段组织专业能力测试"":""否"",""面试人员比例"":""5:1"",""工作地点"":""四川省成都市青羊区"",""落户地点"":""四川省成都市青羊区"",""备注"":""1.本单位最低服务年限为5年（含试用期）；2.限女性报考。"",""部门网站"":""http://www.stats.gov.cn"",""咨询电话1"":""028-65593798"",""咨询电话2"":""028-65593790"",""咨询电话3"":""15802879098"",""来源Sheet"":""中央国家行政机关参照公务员法管理事业单位""}}"
"government_jobs","国家公务员2025招考简章","公务员/事业单位技术岗位","四川省成都市双流区","2026-07-28T09:12:58.310295+00:00","成都调查队业务处室二级主任科员及以下（1）","国家统计局四川调查总队","","四川省成都市双流区","公务员/事业单位;2025;computer_software;data_ai;仅限硕士研究生;硕士;统计学类、数学类、计算机类、经济学类;中央机关及其省级直属机构综合管理类","用人司局：国家统计局四川调查总队
职位简介：从事一线入户调查、数据处理、统计分析、统计研究等工作。
专业要求：统计学类、数学类、计算机类、经济学类
学历要求：仅限硕士研究生
学位要求：硕士
政治面貌：不限
基层工作经历：无限制
考试类别：中央机关及其省级直属机构综合管理类
备注：1.该职位需要长期出差，经常深入乡村厂矿一线；2.本单位最低服务年限为5年（含试用期）；3.限男性报考。","https://www.xjhc.gov.cn/xjhc/c116834/202410/a29382e11a674da3be3353af65f9fcc5.shtml#137123-400110123003","2024-10-14","{""dataset_year"":2025,""job_uid"":""GOV-2025-137123-400110123003"",""publisher"":""国家公务员局"",""publication_page"":""https://www.xjhc.gov.cn/xjhc/c116834/202410/a29382e11a674da3be3353af65f9fcc5.shtml"",""attachment_url"":""https://www.xjhc.gov.cn/xjhc/c116834/202410/a29382e11a674da3be3353af65f9fcc5/files/0536cef86e2b46ddad6aae5a3780089e.xls"",""local_source_file"":""2025_guokao_zhaokaojianzhang.xls"",""local_source_sha256"":""07ae6cab368cd21b7a1ac3e8150fe9a3d39ad5171ce76135ff3cccfe50c3e77e"",""source_sheet"":""中央国家行政机关参照公务员法管理事业单位"",""filter_version"":""government_tech_v2"",""tech_filter"":{""is_tech"":true,""is_core_tech"":true,""scope"":""core"",""categories"":[""computer_software"",""data_ai""],""matched_fields"":[""major"",""description""],""major_terms"":[""计算机类""],""role_terms"":[""数据处理""],""reason"":""tech_major_and_role""},""original"":{""部门代码"":""137123"",""部门名称"":""国家统计局四川调查总队"",""用人司局"":""国家统计局四川调查总队"",""机构性质"":""中央国家行政机关参照公务员法管理事业单位"",""招考职位"":""成都调查队业务处室二级主任科员及以下（1）"",""职位属性"":""普通职位"",""职位分布"":""其他职位"",""职位简介"":""从事一线入户调查、数据处理、统计分析、统计研究等工作。"",""职位代码"":""400110123003"",""机构层级"":""省（副省）级"",""考试类别"":""中央机关及其省级直属机构综合管理类"",""招考人数"":""1"",""专业"":""统计学类、数学类、计算机类、经济学类"",""学历"":""仅限硕士研究生"",""学位"":""硕士"",""政治面貌"":""不限"",""基层工作最低年限"":""无限制"",""服务基层项目工作经历"":""无限制"",""是否在面试阶段组织专业能力测试"":""否"",""面试人员比例"":""5:1"",""工作地点"":""四川省成都市双流区"",""落户地点"":""四川省成都市双流区"",""备注"":""1.该职位需要长期出差，经常深入乡村厂矿一线；2.本单位最低服务年限为5年（含试用期）；3.限男性报考。"",""部门网站"":""http://www.stats.gov.cn"",""咨询电话1"":""028-65593798"",""咨询电话2"":""028-65593790"",""咨询电话3"":""15802879098"",""来源Sheet"":""中央国家行政机关参照公务员法管理事业单位""}}"
"government_jobs","国家公务员2025招考简章","公务员/事业单位技术岗位","四川省成都市双流区","2026-07-28T09:12:58.310295+00:00","成都调查队业务处室二级主任科员及以下（2）","国家统计局四川调查总队","","四川省成都市双流区","公务员/事业单位;2025;computer_software;data_ai;仅限硕士研究生;硕士;统计学类、数学类、计算机类、经济学类;中央机关及其省级直属机构综合管理类","用人司局：国家统计局四川调查总队
职位简介：从事一线入户调查、数据处理、统计分析、统计研究等工作。
专业要求：统计学类、数学类、计算机类、经济学类
学历要求：仅限硕士研究生
学位要求：硕士
政治面貌：不限
基层工作经历：无限制
考试类别：中央机关及其省级直属机构综合管理类
备注：1.该职位需要长期出差，经常深入乡村厂矿一线；2.本单位最低服务年限为5年（含试用期）;3.限女性报考。","https://www.xjhc.gov.cn/xjhc/c116834/202410/a29382e11a674da3be3353af65f9fcc5.shtml#137123-400110123004","2024-10-14","{""dataset_year"":2025,""job_uid"":""GOV-2025-137123-400110123004"",""publisher"":""国家公务员局"",""publication_page"":""https://www.xjhc.gov.cn/xjhc/c116834/202410/a29382e11a674da3be3353af65f9fcc5.shtml"",""attachment_url"":""https://www.xjhc.gov.cn/xjhc/c116834/202410/a29382e11a674da3be3353af65f9fcc5/files/0536cef86e2b46ddad6aae5a3780089e.xls"",""local_source_file"":""2025_guokao_zhaokaojianzhang.xls"",""local_source_sha256"":""07ae6cab368cd21b7a1ac3e8150fe9a3d39ad5171ce76135ff3cccfe50c3e77e"",""source_sheet"":""中央国家行政机关参照公务员法管理事业单位"",""filter_version"":""government_tech_v2"",""tech_filter"":{""is_tech"":true,""is_core_tech"":true,""scope"":""core"",""categories"":[""computer_software"",""data_ai""],""matched_fields"":[""major"",""description""],""major_terms"":[""计算机类""],""role_terms"":[""数据处理""],""reason"":""tech_major_and_role""},""original"":{""部门代码"":""137123"",""部门名称"":""国家统计局四川调查总队"",""用人司局"":""国家统计局四川调查总队"",""机构性质"":""中央国家行政机关参照公务员法管理事业单位"",""招考职位"":""成都调查队业务处室二级主任科员及以下（2）"",""职位属性"":""普通职位"",""职位分布"":""其他职位"",""职位简介"":""从事一线入户调查、数据处理、统计分析、统计研究等工作。"",""职位代码"":""400110123004"",""机构层级"":""省（副省）级"",""考试类别"":""中央机关及其省级直属机构综合管理类"",""招考人数"":""1"",""专业"":""统计学类、数学类、计算机类、经济学类"",""学历"":""仅限硕士研究生"",""学位"":""硕士"",""政治面貌"":""不限"",""基层工作最低年限"":""无限制"",""服务基层项目工作经历"":""无限制"",""是否在面试阶段组织专业能力测试"":""否"",""面试人员比例"":""5:1"",""工作地点"":""四川省成都市双流区"",""落户地点"":""四川省成都市双流区"",""备注"":""1.该职位需要长期出差，经常深入乡村厂矿一线；2.本单位最低服务年限为5年（含试用期）;3.限女性报考。"",""部门网站"":""http://www.stats.gov.cn"",""咨询电话1"":""028-65593798"",""咨询电话2"":""028-65593790"",""咨询电话3"":""15802879098"",""来源Sheet"":""中央国家行政机关参照公务员法管理事业单位""}}"
"government_jobs","国家公务员2025招考简章","公务员/事业单位技术岗位","四川省绵阳市涪城区","2026-07-28T09:12:58.310295+00:00","绵阳调查队业务科室一级科员","国家统计局四川调查总队","","四川省绵阳市涪城区","公务员/事业单位;2025;computer_software;data_ai;仅限本科;学士;统计学类、数学类、计算机类、经济学类;市（地）级及以下直属机构综合管理类","用人司局：国家统计局四川调查总队
职位简介：从事一线入户调查、数据处理、统计分析、统计研究等工作。
专业要求：统计学类、数学类、计算机类、经济学类
学历要求：仅限本科
学位要求：学士
政治面貌：不限
基层工作经历：无限制
考试类别：市（地）级及以下直属机构综合管理类
备注：1.该职位需要长期出差，经常深入乡村厂矿一线；2.该职位限招应届高校毕业生；3.本单位最低服务年限为5年（含试用期）。","https://www.xjhc.gov.cn/xjhc/c116834/202410/a29382e11a674da3be3353af65f9fcc5.shtml#137123-400110123005","2024-10-14","{""dataset_year"":2025,""job_uid"":""GOV-2025-137123-400110123005"",""publisher"":""国家公务员局"",""publication_page"":""https://www.xjhc.gov.cn/xjhc/c116834/202410/a29382e11a674da3be3353af65f9fcc5.shtml"",""attachment_url"":""https://www.xjhc.gov.cn/xjhc/c116834/202410/a29382e11a674da3be3353af65f9fcc5/files/0536cef86e2b46ddad6aae5a3780089e.xls"",""local_source_file"":""2025_guokao_zhaokaojianzhang.xls"",""local_source_sha256"":""07ae6cab368cd21b7a1ac3e8150fe9a3d39ad5171ce76135ff3cccfe50c3e77e"",""source_sheet"":""中央国家行政机关参照公务员法管理事业单位"",""filter_version"":""government_tech_v2"",""tech_filter"":{""is_tech"":true,""is_core_tech"":true,""scope"":""core"",""categories"":[""computer_software"",""data_ai""],""matched_fields"":[""major"",""description""],""major_terms"":[""计算机类""],""role_terms"":[""数据处理""],""reason"":""tech_major_and_role""},""original"":{""部门代码"":""137123"",""部门名称"":""国家统计局四川调查总队"",""用人司局"":""国家统计局四川调查总队"",""机构性质"":""中央国家行政机关参照公务员法管理事业单位"",""招考职位"":""绵阳调查队业务科室一级科员"",""职位属性"":""普通职位"",""职位分布"":""西部地区和艰苦边远地区职位"",""职位简介"":""从事一线入户调查、数据处理、统计分析、统计研究等工作。"",""职位代码"":""400110123005"",""机构层级"":""市（地）级"",""考试类别"":""市（地）级及以下直属机构综合管理类"",""招考人数"":""1"",""专业"":""统计学类、数学类、计算机类、经济学类"",""学历"":""仅限本科"",""学位"":""学士"",""政治面貌"":""不限"",""基层工作最低年限"":""无限制"",""服务基层项目工作经历"":""无限制"",""是否在面试阶段组织专业能力测试"":""否"",""面试人员比例"":""3:1"",""工作地点"":""四川省绵阳市涪城区"",""落户地点"":""四川省绵阳市涪城区"",""备注"":""1.该职位需要长期出差，经常深入乡村厂矿一线；2.该职位限招应届高校毕业生；3.本单位最低服务年限为5年（含试用期）。"",""部门网站"":""http://www.stats.gov.cn"",""咨询电话1"":""028-65593798"",""咨询电话2"":""028-65593790"",""咨询电话3"":""15802879098"",""来源Sheet"":""中央国家行政机关参照公务员法管理事业单位""}}"
"government_jobs","国家公务员2025招考简章","公务员/事业单位技术岗位","四川省广元市利州区","2026-07-28T09:12:58.310295+00:00","广元调查队业务科室一级科员（1）","国家统计局四川调查总队","","四川省广元市利州区","公务员/事业单位;2025;computer_software;data_ai;仅限本科;学士;统计学类、数学类、计算机类、经济学类，会计学、财务管理、汉语言文学;市（地）级及以下直属机构综合管理类","用人司局：国家统计局四川调查总队
职位简介：从事一线入户调查、数据处理、统计分析、统计研究等工作。
专业要求：统计学类、数学类、计算机类、经济学类，会计学、财务管理、汉语言文学
学历要求：仅限本科
学位要求：学士
政治面貌：不限
基层工作经历：无限制
考试类别：市（地）级及以下直属机构综合管理类
备注：1.该职位需要长期出差，经常深入乡村厂矿一线；2.该职位限招应届高校毕业生；3.本单位最低服务年限为5年（含试用期）；4.限男性报考。","https://www.xjhc.gov.cn/xjhc/c116834/202410/a29382e11a674da3be3353af65f9fcc5.shtml#137123-400110123006","2024-10-14","{""dataset_year"":2025,""job_uid"":""GOV-2025-137123-400110123006"",""publisher"":""国家公务员局"",""publication_page"":""https://www.xjhc.gov.cn/xjhc/c116834/202410/a29382e11a674da3be3353af65f9fcc5.shtml"",""attachment_url"":""https://www.xjhc.gov.cn/xjhc/c116834/202410/a29382e11a674da3be3353af65f9fcc5/files/0536cef86e2b46ddad6aae5a3780089e.xls"",""local_source_file"":""2025_guokao_zhaokaojianzhang.xls"",""local_source_sha256"":""07ae6cab368cd21b7a1ac3e8150fe9a3d39ad5171ce76135ff3cccfe50c3e77e"",""source_sheet"":""中央国家行政机关参照公务员法管理事业单位"",""filter_version"":""government_tech_v2"",""tech_filter"":{""is_tech"":true,""is_core_tech"":true,""scope"":""core"",""categories"":[""computer_software"",""data_ai""],""matched_fields"":[""major"",""description""],""major_terms"":[""计算机类""],""role_terms"":[""数据处理""],""reason"":""tech_major_and_role""},""original"":{""部门代码"":""137123"",""部门名称"":""国家统计局四川调查总队"",""用人司局"":""国家统计局四川调查总队"",""机构性质"":""中央国家行政机关参照公务员法管理事业单位"",""招考职位"":""广元调查队业务科室一级科员（1）"",""职位属性"":""普通职位"",""职位分布"":""西部地区和艰苦边远地区职位"",""职位简介"":""从事一线入户调查、数据处理、统计分析、统计研究等工作。"",""职位代码"":""400110123006"",""机构层级"":""市（地）级"",""考试类别"":""市（地）级及以下直属机构综合管理类"",""招考人数"":""1"",""专业"":""统计学类、数学类、计算机类、经济学类，会计学、财务管理、汉语言文学"",""学历"":""仅限本科"",""学位"":""学士"",""政治面貌"":""不限"",""基层工作最低年限"":""无限制"",""服务基层项目工作经历"":""无限制"",""是否在面试阶段组织专业能力测试"":""否"",""面试人员比例"":""3:1"",""工作地点"":""四川省广元市利州区"",""落户地点"":""四川省广元市利州区"",""备注"":""1.该职位需要长期出差，经常深入乡村厂矿一线；2.该职位限招应届高校毕业生；3.本单位最低服务年限为5年（含试用期）；4.限男性报考。"",""部门网站"":""http://www.stats.gov.cn"",""咨询电话1"":""028-65593798"",""咨询电话2"":""028-65593790"",""咨询电话3"":""15802879098"",""来源Sheet"":""中央国家行政机关参照公务员法管理事业单位""}}"
"government_jobs","国家公务员2025招考简章","公务员/事业单位技术岗位","四川省广元市利州区","2026-07-28T09:12:58.310295+00:00","广元调查队业务科室一级科员（2）","国家统计局四川调查总队","","四川省广元市利州区","公务员/事业单位;2025;computer_software;data_ai;仅限本科;学士;统计学类、数学类、计算机类、经济学类，会计学、财务管理、汉语言文学;市（地）级及以下直属机构综合管理类","用人司局：国家统计局四川调查总队
职位简介：从事一线入户调查、数据处理、统计分析、统计研究等工作。
专业要求：统计学类、数学类、计算机类、经济学类，会计学、财务管理、汉语言文学
学历要求：仅限本科
学位要求：学士
政治面貌：不限
基层工作经历：无限制
考试类别：市（地）级及以下直属机构综合管理类
备注：1.该职位需要长期出差，经常深入乡村厂矿一线；2.该职位限招应届高校毕业生；3.本单位最低服务年限为5年（含试用期）；4.限女性报考。","https://www.xjhc.gov.cn/xjhc/c116834/202410/a29382e11a674da3be3353af65f9fcc5.shtml#137123-400110123007","2024-10-14","{""dataset_year"":2025,""job_uid"":""GOV-2025-137123-400110123007"",""publisher"":""国家公务员局"",""publication_page"":""https://www.xjhc.gov.cn/xjhc/c116834/202410/a29382e11a674da3be3353af65f9fcc5.shtml"",""attachment_url"":""https://www.xjhc.gov.cn/xjhc/c116834/202410/a29382e11a674da3be3353af65f9fcc5/files/0536cef86e2b46ddad6aae5a3780089e.xls"",""local_source_file"":""2025_guokao_zhaokaojianzhang.xls"",""local_source_sha256"":""07ae6cab368cd21b7a1ac3e8150fe9a3d39ad5171ce76135ff3cccfe50c3e77e"",""source_sheet"":""中央国家行政机关参照公务员法管理事业单位"",""filter_version"":""government_tech_v2"",""tech_filter"":{""is_tech"":true,""is_core_tech"":true,""scope"":""core"",""categories"":[""computer_software"",""data_ai""],""matched_fields"":[""major"",""description""],""major_terms"":[""计算机类""],""role_terms"":[""数据处理""],""reason"":""tech_major_and_role""},""original"":{""部门代码"":""137123"",""部门名称"":""国家统计局四川调查总队"",""用人司局"":""国家统计局四川调查总队"",""机构性质"":""中央国家行政机关参照公务员法管理事业单位"",""招考职位"":""广元调查队业务科室一级科员（2）"",""职位属性"":""普通职位"",""职位分布"":""西部地区和艰苦边远地区职位"",""职位简介"":""从事一线入户调查、数据处理、统计分析、统计研究等工作。"",""职位代码"":""400110123007"",""机构层级"":""市（地）级"",""考试类别"":""市（地）级及以下直属机构综合管理类"",""招考人数"":""1"",""专业"":""统计学类、数学类、计算机类、经济学类，会计学、财务管理、汉语言文学"",""学历"":""仅限本科"",""学位"":""学士"",""政治面貌"":""不限"",""基层工作最低年限"":""无限制"",""服务基层项目工作经历"":""无限制"",""是否在面试阶段组织专业能力测试"":""否"",""面试人员比例"":""3:1"",""工作地点"":""四川省广元市利州区"",""落户地点"":""四川省广元市利州区"",""备注"":""1.该职位需要长期出差，经常深入乡村厂矿一线；2.该职位限招应届高校毕业生；3.本单位最低服务年限为5年（含试用期）；4.限女性报考。"",""部门网站"":""http://www.stats.gov.cn"",""咨询电话1"":""028-65593798"",""咨询电话2"":""028-65593790"",""咨询电话3"":""15802879098"",""来源Sheet"":""中央国家行政机关参照公务员法管理事业单位""}}"
"government_jobs","国家公务员2025招考简章","公务员/事业单位技术岗位","四川省宜宾市叙州区","2026-07-28T09:12:58.310295+00:00","宜宾调查队业务科室一级科员（1）","国家统计局四川调查总队","","四川省宜宾市叙州区","公务员/事业单位;2025;computer_software;data_ai;仅限本科;学士;统计学类、数学类、计算机类、经济学类，会计学、汉语言文学;市（地）级及以下直属机构综合管理类","用人司局：国家统计局四川调查总队
职位简介：从事一线入户调查、数据处理、统计分析、统计研究等工作。
专业要求：统计学类、数学类、计算机类、经济学类，会计学、汉语言文学
学历要求：仅限本科
学位要求：学士
政治面貌：不限
基层工作经历：二年
考试类别：市（地）级及以下直属机构综合管理类
备注：1.需服务期满、考核合格；2.该职位限招四川省户籍；3.该职位需要长期出差，经常深入乡村厂矿一线；4.本单位最低服务年限为5年（含试用期）。","https://www.xjhc.gov.cn/xjhc/c116834/202410/a29382e11a674da3be3353af65f9fcc5.shtml#137123-400110123013","2024-10-14","{""dataset_year"":2025,""job_uid"":""GOV-2025-137123-400110123013"",""publisher"":""国家公务员局"",""publication_page"":""https://www.xjhc.gov.cn/xjhc/c116834/202410/a29382e11a674da3be3353af65f9fcc5.shtml"",""attachment_url"":""https://www.xjhc.gov.cn/xjhc/c116834/202410/a29382e11a674da3be3353af65f9fcc5/files/0536cef86e2b46ddad6aae5a3780089e.xls"",""local_source_file"":""2025_guokao_zhaokaojianzhang.xls"",""local_source_sha256"":""07ae6cab368cd21b7a1ac3e8150fe9a3d39ad5171ce76135ff3cccfe50c3e77e"",""source_sheet"":""中央国家行政机关参照公务员法管理事业单位"",""filter_version"":""government_tech_v2"",""tech_filter"":{""is_tech"":true,""is_core_tech"":true,""scope"":""core"",""categories"":[""computer_software"",""data_ai""],""matched_fields"":[""major"",""description""],""major_terms"":[""计算机类""],""role_terms"":[""数据处理""],""reason"":""tech_major_and_role""},""original"":{""部门代码"":""137123"",""部门名称"":""国家统计局四川调查总队"",""用人司局"":""国家统计局四川调查总队"",""机构性质"":""中央国家行政机关参照公务员法管理事业单位"",""招考职位"":""宜宾调查队业务科室一级科员（1）"",""职位属性"":""普通职位"",""职位分布"":""西部地区和艰苦边远地区职位"",""职位简介"":""从事一线入户调查、数据处理、统计分析、统计研究等工作。"",""职位代码"":""400110123013"",""机构层级"":""市（地）级"",""考试类别"":""市（地）级及以下直属机构综合管理类"",""招考人数"":""1"",""专业"":""统计学类、数学类、计算机类、经济学类，会计学、汉语言文学"",""学历"":""仅限本科"",""学位"":""学士"",""政治面貌"":""不限"",""基层工作最低年限"":""二年"",""服务基层项目工作经历"":""大学生村官、农村义务教育阶段学校教师特设岗位计划、“三支一扶”计划、大学生志愿服务西部计划、在军队服役5年（含）以上的高校毕业生退役士兵"",""是否在面试阶段组织专业能力测试"":""否"",""面试人员比例"":""3:1"",""工作地点"":""四川省宜宾市叙州区"",""落户地点"":""四川省宜宾市叙州区"",""备注"":""1.需服务期满、考核合格；2.该职位限招四川省户籍；3.该职位需要长期出差，经常深入乡村厂矿一线；4.本单位最低服务年限为5年（含试用期）。"",""部门网站"":""http://www.stats.gov.cn"",""咨询电话1"":""028-65593798"",""咨询电话2"":""028-65593790"",""咨询电话3"":""15802879098"",""来源Sheet"":""中央国家行政机关参照公务员法管理事业单位""}}"
"government_jobs","国家公务员2025招考简章","公务员/事业单位技术岗位","四川省宜宾市叙州区","2026-07-28T09:12:58.310295+00:00","宜宾调查队业务科室一级科员（2）","国家统计局四川调查总队","","四川省宜宾市叙州区","公务员/事业单位;2025;computer_software;data_ai;仅限本科;学士;统计学类、数学类、计算机类、经济学类，会计学、汉语言文学;市（地）级及以下直属机构综合管理类","用人司局：国家统计局四川调查总队
职位简介：从事一线入户调查、数据处理、统计分析、统计研究等工作。
专业要求：统计学类、数学类、计算机类、经济学类，会计学、汉语言文学
学历要求：仅限本科
学位要求：学士
政治面貌：不限
基层工作经历：无限制
考试类别：市（地）级及以下直属机构综合管理类
备注：1.该职位需要长期出差，经常深入乡村厂矿一线；2.该职位限招应届高校毕业生；3.本单位最低服务年限为5年（含试用期）。","https://www.xjhc.gov.cn/xjhc/c116834/202410/a29382e11a674da3be3353af65f9fcc5.shtml#137123-400110123014","2024-10-14","{""dataset_year"":2025,""job_uid"":""GOV-2025-137123-400110123014"",""publisher"":""国家公务员局"",""publication_page"":""https://www.xjhc.gov.cn/xjhc/c116834/202410/a29382e11a674da3be3353af65f9fcc5.shtml"",""attachment_url"":""https://www.xjhc.gov.cn/xjhc/c116834/202410/a29382e11a674da3be3353af65f9fcc5/files/0536cef86e2b46ddad6aae5a3780089e.xls"",""local_source_file"":""2025_guokao_zhaokaojianzhang.xls"",""local_source_sha256"":""07ae6cab368cd21b7a1ac3e8150fe9a3d39ad5171ce76135ff3cccfe50c3e77e"",""source_sheet"":""中央国家行政机关参照公务员法管理事业单位"",""filter_version"":""government_tech_v2"",""tech_filter"":{""is_tech"":true,""is_core_tech"":true,""scope"":""core"",""categories"":[""computer_software"",""data_ai""],""matched_fields"":[""major"",""description""],""major_terms"":[""计算机类""],""role_terms"":[""数据处理""],""reason"":""tech_major_and_role""},""original"":{""部门代码"":""137123"",""部门名称"":""国家统计局四川调查总队"",""用人司局"":""国家统计局四川调查总队"",""机构性质"":""中央国家行政机关参照公务员法管理事业单位"",""招考职位"":""宜宾调查队业务科室一级科员（2）"",""职位属性"":""普通职位"",""职位分布"":""西部地区和艰苦边远地区职位"",""职位简介"":""从事一线入户调查、数据处理、统计分析、统计研究等工作。"",""职位代码"":""400110123014"",""机构层级"":""市（地）级"",""考试类别"":""市（地）级及以下直属机构综合管理类"",""招考人数"":""1"",""专业"":""统计学类、数学类、计算机类、经济学类，会计学、汉语言文学"",""学历"":""仅限本科"",""学位"":""学士"",""政治面貌"":""不限"",""基层工作最低年限"":""无限制"",""服务基层项目工作经历"":""无限制"",""是否在面试阶段组织专业能力测试"":""否"",""面试人员比例"":""3:1"",""工作地点"":""四川省宜宾市叙州区"",""落户地点"":""四川省宜宾市叙州区"",""备注"":""1.该职位需要长期出差，经常深入乡村厂矿一线；2.该职位限招应届高校毕业生；3.本单位最低服务年限为5年（含试用期）。"",""部门网站"":""http://www.stats.gov.cn"",""咨询电话1"":""028-65593798"",""咨询电话2"":""028-65593790"",""咨询电话3"":""15802879098"",""来源Sheet"":""中央国家行政机关参照公务员法管理事业单位""}}"
"government_jobs","国家公务员2025招考简章","公务员/事业单位技术岗位","四川省达州市通川区","2026-07-28T09:12:58.310295+00:00","达州调查队业务科室一级科员","国家统计局四川调查总队","","四川省达州市通川区","公务员/事业单位;2025;computer_software;data_ai;仅限本科;学士;统计学类、数学类、计算机类、经济学类，汉语言文学;市（地）级及以下直属机构综合管理类","用人司局：国家统计局四川调查总队
职位简介：从事一线入户调查、数据处理、统计分析、统计研究等工作。
专业要求：统计学类、数学类、计算机类、经济学类，汉语言文学
学历要求：仅限本科
学位要求：学士
政治面貌：不限
基层工作经历：二年
考试类别：市（地）级及以下直属机构综合管理类
备注：1.需服务期满、考核合格；2.该职位限招四川省户籍；3.该职位需要长期出差，经常深入乡村厂矿一线；4.本单位最低服务年限为5年（含试用期）。","https://www.xjhc.gov.cn/xjhc/c116834/202410/a29382e11a674da3be3353af65f9fcc5.shtml#137123-400110123015","2024-10-14","{""dataset_year"":2025,""job_uid"":""GOV-2025-137123-400110123015"",""publisher"":""国家公务员局"",""publication_page"":""https://www.xjhc.gov.cn/xjhc/c116834/202410/a29382e11a674da3be3353af65f9fcc5.shtml"",""attachment_url"":""https://www.xjhc.gov.cn/xjhc/c116834/202410/a29382e11a674da3be3353af65f9fcc5/files/0536cef86e2b46ddad6aae5a3780089e.xls"",""local_source_file"":""2025_guokao_zhaokaojianzhang.xls"",""local_source_sha256"":""07ae6cab368cd21b7a1ac3e8150fe9a3d39ad5171ce76135ff3cccfe50c3e77e"",""source_sheet"":""中央国家行政机关参照公务员法管理事业单位"",""filter_version"":""government_tech_v2"",""tech_filter"":{""is_tech"":true,""is_core_tech"":true,""scope"":""core"",""categories"":[""computer_software"",""data_ai""],""matched_fields"":[""major"",""description""],""major_terms"":[""计算机类""],""role_terms"":[""数据处理""],""reason"":""tech_major_and_role""},""original"":{""部门代码"":""137123"",""部门名称"":""国家统计局四川调查总队"",""用人司局"":""国家统计局四川调查总队"",""机构性质"":""中央国家行政机关参照公务员法管理事业单位"",""招考职位"":""达州调查队业务科室一级科员"",""职位属性"":""普通职位"",""职位分布"":""西部地区和艰苦边远地区职位"",""职位简介"":""从事一线入户调查、数据处理、统计分析、统计研究等工作。"",""职位代码"":""400110123015"",""机构层级"":""市（地）级"",""考试类别"":""市（地）级及以下直属机构综合管理类"",""招考人数"":""1"",""专业"":""统计学类、数学类、计算机类、经济学类，汉语言文学"",""学历"":""仅限本科"",""学位"":""学士"",""政治面貌"":""不限"",""基层工作最低年限"":""二年"",""服务基层项目工作经历"":""大学生村官、农村义务教育阶段学校教师特设岗位计划、“三支一扶”计划、大学生志愿服务西部计划、在军队服役5年（含）以上的高校毕业生退役士兵"",""是否在面试阶段组织专业能力测试"":""否"",""面试人员比例"":""3:1"",""工作地点"":""四川省达州市通川区"",""落户地点"":""四川省达州市通川区"",""备注"":""1.需服务期满、考核合格；2.该职位限招四川省户籍；3.该职位需要长期出差，经常深入乡村厂矿一线；4.本单位最低服务年限为5年（含试用期）。"",""部门网站"":""http://www.stats.gov.cn"",""咨询电话1"":""028-65593798"",""咨询电话2"":""028-65593790"",""咨询电话3"":""15802879098"",""来源Sheet"":""中央国家行政机关参照公务员法管理事业单位""}}"
"government_jobs","国家公务员2025招考简章","公务员/事业单位技术岗位","四川省巴中市巴州区","2026-07-28T09:12:58.310295+00:00","巴中调查队业务科室一级科员","国家统计局四川调查总队","","四川省巴中市巴州区","公务员/事业单位;2025;computer_software;data_ai;仅限本科;学士;统计学类、数学类、计算机类、经济学类;市（地）级及以下直属机构综合管理类","用人司局：国家统计局四川调查总队
职位简介：从事一线入户调查、数据处理、统计分析、统计研究等工作。
专业要求：统计学类、数学类、计算机类、经济学类
学历要求：仅限本科
学位要求：学士
政治面貌：不限
基层工作经历：无限制
考试类别：市（地）级及以下直属机构综合管理类
备注：1.该职位需要长期出差，经常深入乡村厂矿一线；2.该职位限招应届高校毕业生；3.本单位最低服务年限为5年（含试用期）。","https://www.xjhc.gov.cn/xjhc/c116834/202410/a29382e11a674da3be3353af65f9fcc5.shtml#137123-400110123016","2024-10-14","{""dataset_year"":2025,""job_uid"":""GOV-2025-137123-400110123016"",""publisher"":""国家公务员局"",""publication_page"":""https://www.xjhc.gov.cn/xjhc/c116834/202410/a29382e11a674da3be3353af65f9fcc5.shtml"",""attachment_url"":""https://www.xjhc.gov.cn/xjhc/c116834/202410/a29382e11a674da3be3353af65f9fcc5/files/0536cef86e2b46ddad6aae5a3780089e.xls"",""local_source_file"":""2025_guokao_zhaokaojianzhang.xls"",""local_source_sha256"":""07ae6cab368cd21b7a1ac3e8150fe9a3d39ad5171ce76135ff3cccfe50c3e77e"",""source_sheet"":""中央国家行政机关参照公务员法管理事业单位"",""filter_version"":""government_tech_v2"",""tech_filter"":{""is_tech"":true,""is_core_tech"":true,""scope"":""core"",""categories"":[""computer_software"",""data_ai""],""matched_fields"":[""major"",""description""],""major_terms"":[""计算机类""],""role_terms"":[""数据处理""],""reason"":""tech_major_and_role""},""original"":{""部门代码"":""137123"",""部门名称"":""国家统计局四川调查总队"",""用人司局"":""国家统计局四川调查总队"",""机构性质"":""中央国家行政机关参照公务员法管理事业单位"",""招考职位"":""巴中调查队业务科室一级科员"",""职位属性"":""普通职位"",""职位分布"":""西部地区和艰苦边远地区职位"",""职位简介"":""从事一线入户调查、数据处理、统计分析、统计研究等工作。"",""职位代码"":""400110123016"",""机构层级"":""市（地）级"",""考试类别"":""市（地）级及以下直属机构综合管理类"",""招考人数"":""1"",""专业"":""统计学类、数学类、计算机类、经济学类"",""学历"":""仅限本科"",""学位"":""学士"",""政治面貌"":""不限"",""基层工作最低年限"":""无限制"",""服务基层项目工作经历"":""无限制"",""是否在面试阶段组织专业能力测试"":""否"",""面试人员比例"":""3:1"",""工作地点"":""四川省巴中市巴州区"",""落户地点"":""四川省巴中市巴州区"",""备注"":""1.该职位需要长期出差，经常深入乡村厂矿一线；2.该职位限招应届高校毕业生；3.本单位最低服务年限为5年（含试用期）。"",""部门网站"":""http://www.stats.gov.cn"",""咨询电话1"":""028-65593798"",""咨询电话2"":""028-65593790"",""咨询电话3"":""15802879098"",""来源Sheet"":""中央国家行政机关参照公务员法管理事业单位""}}"
"government_jobs","国家公务员2025招考简章","公务员/事业单位技术岗位","四川省资阳市雁江区","2026-07-28T09:12:58.310295+00:00","资阳调查队业务科室一级科员","国家统计局四川调查总队","","四川省资阳市雁江区","公务员/事业单位;2025;computer_software;data_ai;仅限本科;学士;统计学类、数学类、计算机类、经济学类;市（地）级及以下直属机构综合管理类","用人司局：国家统计局四川调查总队
职位简介：从事一线入户调查、数据处理、统计分析、统计研究等工作。
专业要求：统计学类、数学类、计算机类、经济学类
学历要求：仅限本科
学位要求：学士
政治面貌：不限
基层工作经历：无限制
考试类别：市（地）级及以下直属机构综合管理类
备注：1.该职位需要长期出差，经常深入乡村厂矿一线；2.该职位限招应届高校毕业生；3.本单位最低服务年限为5年（含试用期）。","https://www.xjhc.gov.cn/xjhc/c116834/202410/a29382e11a674da3be3353af65f9fcc5.shtml#137123-400110123017","2024-10-14","{""dataset_year"":2025,""job_uid"":""GOV-2025-137123-400110123017"",""publisher"":""国家公务员局"",""publication_page"":""https://www.xjhc.gov.cn/xjhc/c116834/202410/a29382e11a674da3be3353af65f9fcc5.shtml"",""attachment_url"":""https://www.xjhc.gov.cn/xjhc/c116834/202410/a29382e11a674da3be3353af65f9fcc5/files/0536cef86e2b46ddad6aae5a3780089e.xls"",""local_source_file"":""2025_guokao_zhaokaojianzhang.xls"",""local_source_sha256"":""07ae6cab368cd21b7a1ac3e8150fe9a3d39ad5171ce76135ff3cccfe50c3e77e"",""source_sheet"":""中央国家行政机关参照公务员法管理事业单位"",""filter_version"":""government_tech_v2"",""tech_filter"":{""is_tech"":true,""is_core_tech"":true,""scope"":""core"",""categories"":[""computer_software"",""data_ai""],""matched_fields"":[""major"",""description""],""major_terms"":[""计算机类""],""role_terms"":[""数据处理""],""reason"":""tech_major_and_role""},""original"":{""部门代码"":""137123"",""部门名称"":""国家统计局四川调查总队"",""用人司局"":""国家统计局四川调查总队"",""机构性质"":""中央国家行政机关参照公务员法管理事业单位"",""招考职位"":""资阳调查队业务科室一级科员"",""职位属性"":""普通职位"",""职位分布"":""西部地区和艰苦边远地区职位"",""职位简介"":""从事一线入户调查、数据处理、统计分析、统计研究等工作。"",""职位代码"":""400110123017"",""机构层级"":""市（地）级"",""考试类别"":""市（地）级及以下直属机构综合管理类"",""招考人数"":""1"",""专业"":""统计学类、数学类、计算机类、经济学类"",""学历"":""仅限本科"",""学位"":""学士"",""政治面貌"":""不限"",""基层工作最低年限"":""无限制"",""服务基层项目工作经历"":""无限制"",""是否在面试阶段组织专业能力测试"":""否"",""面试人员比例"":""3:1"",""工作地点"":""四川省资阳市雁江区"",""落户地点"":""四川省资阳市雁江区"",""备注"":""1.该职位需要长期出差，经常深入乡村厂矿一线；2.该职位限招应届高校毕业生；3.本单位最低服务年限为5年（含试用期）。"",""部门网站"":""http://www.stats.gov.cn"",""咨询电话1"":""028-65593798"",""咨询电话2"":""028-65593790"",""咨询电话3"":""15802879098"",""来源Sheet"":""中央国家行政机关参照公务员法管理事业单位""}}"
"government_jobs","国家公务员2025招考简章","公务员/事业单位技术岗位","四川省成都市大邑县","2026-07-28T09:12:58.310295+00:00","大邑调查队一级科员","国家统计局四川调查总队","","四川省成都市大邑县","公务员/事业单位;2025;computer_software;data_ai;仅限本科;学士;统计学类、数学类、计算机类、经济学类;市（地）级及以下直属机构综合管理类","用人司局：国家统计局四川调查总队
职位简介：从事一线入户调查、数据处理、统计分析、统计研究等工作。
专业要求：统计学类、数学类、计算机类、经济学类
学历要求：仅限本科
学位要求：学士
政治面貌：不限
基层工作经历：无限制
考试类别：市（地）级及以下直属机构综合管理类
备注：1.该职位需要长期出差，经常深入乡村厂矿一线；2.该职位限招应届高校毕业生；3.本单位最低服务年限为5年（含试用期）。","https://www.xjhc.gov.cn/xjhc/c116834/202410/a29382e11a674da3be3353af65f9fcc5.shtml#137123-400110123018","2024-10-14","{""dataset_year"":2025,""job_uid"":""GOV-2025-137123-400110123018"",""publisher"":""国家公务员局"",""publication_page"":""https://www.xjhc.gov.cn/xjhc/c116834/202410/a29382e11a674da3be3353af65f9fcc5.shtml"",""attachment_url"":""https://www.xjhc.gov.cn/xjhc/c116834/202410/a29382e11a674da3be3353af65f9fcc5/files/0536cef86e2b46ddad6aae5a3780089e.xls"",""local_source_file"":""2025_guokao_zhaokaojianzhang.xls"",""local_source_sha256"":""07ae6cab368cd21b7a1ac3e8150fe9a3d39ad5171ce76135ff3cccfe50c3e77e"",""source_sheet"":""中央国家行政机关参照公务员法管理事业单位"",""filter_version"":""government_tech_v2"",""tech_filter"":{""is_tech"":true,""is_core_tech"":true,""scope"":""core"",""categories"":[""computer_software"",""data_ai""],""matched_fields"":[""major"",""description""],""major_terms"":[""计算机类""],""role_terms"":[""数据处理""],""reason"":""tech_major_and_role""},""original"":{""部门代码"":""137123"",""部门名称"":""国家统计局四川调查总队"",""用人司局"":""国家统计局四川调查总队"",""机构性质"":""中央国家行政机关参照公务员法管理事业单位"",""招考职位"":""大邑调查队一级科员"",""职位属性"":""普通职位"",""职位分布"":""西部地区和艰苦边远地区职位"",""职位简介"":""从事一线入户调查、数据处理、统计分析、统计研究等工作。"",""职位代码"":""400110123018"",""机构层级"":""县（区）级及以下"",""考试类别"":""市（地）级及以下直属机构综合管理类"",""招考人数"":""1"",""专业"":""统计学类、数学类、计算机类、经济学类"",""学历"":""仅限本科"",""学位"":""学士"",""政治面貌"":""不限"",""基层工作最低年限"":""无限制"",""服务基层项目工作经历"":""无限制"",""是否在面试阶段组织专业能力测试"":""否"",""面试人员比例"":""3:1"",""工作地点"":""四川省成都市大邑县"",""落户地点"":""四川省成都市大邑县"",""备注"":""1.该职位需要长期出差，经常深入乡村厂矿一线；2.该职位限招应届高校毕业生；3.本单位最低服务年限为5年（含试用期）。"",""部门网站"":""http://www.stats.gov.cn"",""咨询电话1"":""028-65593798"",""咨询电话2"":""028-65593790"",""咨询电话3"":""15802879098"",""来源Sheet"":""中央国家行政机关参照公务员法管理事业单位""}}"
"government_jobs","国家公务员2025招考简章","公务员/事业单位技术岗位","四川省泸州市合江县","2026-07-28T09:12:58.310295+00:00","合江调查队一级科员","国家统计局四川调查总队","","四川省泸州市合江县","公务员/事业单位;2025;computer_software;data_ai;仅限本科;学士;统计学类、数学类、计算机类、经济学类，会计学;市（地）级及以下直属机构综合管理类","用人司局：国家统计局四川调查总队
职位简介：从事一线入户调查、数据处理、统计分析、统计研究等工作。
专业要求：统计学类、数学类、计算机类、经济学类，会计学
学历要求：仅限本科
学位要求：学士
政治面貌：不限
基层工作经历：无限制
考试类别：市（地）级及以下直属机构综合管理类
备注：1.该职位需要长期出差，经常深入乡村厂矿一线；2.该职位限招应届高校毕业生；3.本单位最低服务年限为5年（含试用期）。","https://www.xjhc.gov.cn/xjhc/c116834/202410/a29382e11a674da3be3353af65f9fcc5.shtml#137123-400110123019","2024-10-14","{""dataset_year"":2025,""job_uid"":""GOV-2025-137123-400110123019"",""publisher"":""国家公务员局"",""publication_page"":""https://www.xjhc.gov.cn/xjhc/c116834/202410/a29382e11a674da3be3353af65f9fcc5.shtml"",""attachment_url"":""https://www.xjhc.gov.cn/xjhc/c116834/202410/a29382e11a674da3be3353af65f9fcc5/files/0536cef86e2b46ddad6aae5a3780089e.xls"",""local_source_file"":""2025_guokao_zhaokaojianzhang.xls"",""local_source_sha256"":""07ae6cab368cd21b7a1ac3e8150fe9a3d39ad5171ce76135ff3cccfe50c3e77e"",""source_sheet"":""中央国家行政机关参照公务员法管理事业单位"",""filter_version"":""government_tech_v2"",""tech_filter"":{""is_tech"":true,""is_core_tech"":true,""scope"":""core"",""categories"":[""computer_software"",""data_ai""],""matched_fields"":[""major"",""description""],""major_terms"":[""计算机类""],""role_terms"":[""数据处理""],""reason"":""tech_major_and_role""},""original"":{""部门代码"":""137123"",""部门名称"":""国家统计局四川调查总队"",""用人司局"":""国家统计局四川调查总队"",""机构性质"":""中央国家行政机关参照公务员法管理事业单位"",""招考职位"":""合江调查队一级科员"",""职位属性"":""普通职位"",""职位分布"":""西部地区和艰苦边远地区职位"",""职位简介"":""从事一线入户调查、数据处理、统计分析、统计研究等工作。"",""职位代码"":""400110123019"",""机构层级"":""县（区）级及以下"",""考试类别"":""市（地）级及以下直属机构综合管理类"",""招考人数"":""1"",""专业"":""统计学类、数学类、计算机类、经济学类，会计学"",""学历"":""仅限本科"",""学位"":""学士"",""政治面貌"":""不限"",""基层工作最低年限"":""无限制"",""服务基层项目工作经历"":""无限制"",""是否在面试阶段组织专业能力测试"":""否"",""面试人员比例"":""3:1"",""工作地点"":""四川省泸州市合江县"",""落户地点"":""四川省泸州市合江县"",""备注"":""1.该职位需要长期出差，经常深入乡村厂矿一线；2.该职位限招应届高校毕业生；3.本单位最低服务年限为5年（含试用期）。"",""部门网站"":""http://www.stats.gov.cn"",""咨询电话1"":""028-65593798"",""咨询电话2"":""028-65593790"",""咨询电话3"":""15802879098"",""来源Sheet"":""中央国家行政机关参照公务员法管理事业单位""}}"
"government_jobs","国家公务员2025招考简章","公务员/事业单位技术岗位","四川省泸州市叙永县","2026-07-28T09:12:58.310295+00:00","叙永调查队一级科员（1）","国家统计局四川调查总队","","四川省泸州市叙永县","公务员/事业单位;2025;computer_software;data_ai;仅限本科;学士;统计学类、数学类、计算机类、经济学类;市（地）级及以下直属机构综合管理类","用人司局：国家统计局四川调查总队
职位简介：从事一线入户调查、数据处理、统计分析、统计研究等工作。
专业要求：统计学类、数学类、计算机类、经济学类
学历要求：仅限本科
学位要求：学士
政治面貌：不限
基层工作经历：无限制
考试类别：市（地）级及以下直属机构综合管理类
备注：1.该职位需要长期出差，经常深入乡村厂矿一线；2.该职位限招应届高校毕业生；3.本单位最低服务年限为5年（含试用期）；4.限男性报考。","https://www.xjhc.gov.cn/xjhc/c116834/202410/a29382e11a674da3be3353af65f9fcc5.shtml#137123-400110123020","2024-10-14","{""dataset_year"":2025,""job_uid"":""GOV-2025-137123-400110123020"",""publisher"":""国家公务员局"",""publication_page"":""https://www.xjhc.gov.cn/xjhc/c116834/202410/a29382e11a674da3be3353af65f9fcc5.shtml"",""attachment_url"":""https://www.xjhc.gov.cn/xjhc/c116834/202410/a29382e11a674da3be3353af65f9fcc5/files/0536cef86e2b46ddad6aae5a3780089e.xls"",""local_source_file"":""2025_guokao_zhaokaojianzhang.xls"",""local_source_sha256"":""07ae6cab368cd21b7a1ac3e8150fe9a3d39ad5171ce76135ff3cccfe50c3e77e"",""source_sheet"":""中央国家行政机关参照公务员法管理事业单位"",""filter_version"":""government_tech_v2"",""tech_filter"":{""is_tech"":true,""is_core_tech"":true,""scope"":""core"",""categories"":[""computer_software"",""data_ai""],""matched_fields"":[""major"",""description""],""major_terms"":[""计算机类""],""role_terms"":[""数据处理""],""reason"":""tech_major_and_role""},""original"":{""部门代码"":""137123"",""部门名称"":""国家统计局四川调查总队"",""用人司局"":""国家统计局四川调查总队"",""机构性质"":""中央国家行政机关参照公务员法管理事业单位"",""招考职位"":""叙永调查队一级科员（1）"",""职位属性"":""普通职位"",""职位分布"":""西部地区和艰苦边远地区职位"",""职位简介"":""从事一线入户调查、数据处理、统计分析、统计研究等工作。"",""职位代码"":""400110123020"",""机构层级"":""县（区）级及以下"",""考试类别"":""市（地）级及以下直属机构综合管理类"",""招考人数"":""1"",""专业"":""统计学类、数学类、计算机类、经济学类"",""学历"":""仅限本科"",""学位"":""学士"",""政治面貌"":""不限"",""基层工作最低年限"":""无限制"",""服务基层项目工作经历"":""无限制"",""是否在面试阶段组织专业能力测试"":""否"",""面试人员比例"":""3:1"",""工作地点"":""四川省泸州市叙永县"",""落户地点"":""四川省泸州市叙永县"",""备注"":""1.该职位需要长期出差，经常深入乡村厂矿一线；2.该职位限招应届高校毕业生；3.本单位最低服务年限为5年（含试用期）；4.限男性报考。"",""部门网站"":""http://www.stats.gov.cn"",""咨询电话1"":""028-65593798"",""咨询电话2"":""028-65593790"",""咨询电话3"":""15802879098"",""来源Sheet"":""中央国家行政机关参照公务员法管理事业单位""}}"
"government_jobs","国家公务员2025招考简章","公务员/事业单位技术岗位","四川省泸州市叙永县","2026-07-28T09:12:58.310295+00:00","叙永调查队一级科员（2）","国家统计局四川调查总队","","四川省泸州市叙永县","公务员/事业单位;2025;computer_software;data_ai;仅限本科;学士;统计学类、数学类、计算机类、经济学类;市（地）级及以下直属机构综合管理类","用人司局：国家统计局四川调查总队
职位简介：从事一线入户调查、数据处理、统计分析、统计研究等工作。
专业要求：统计学类、数学类、计算机类、经济学类
学历要求：仅限本科
学位要求：学士
政治面貌：不限
基层工作经历：无限制
考试类别：市（地）级及以下直属机构综合管理类
备注：1.该职位需要长期出差，经常深入乡村厂矿一线；2.该职位限招应届高校毕业生；3.本单位最低服务年限为5年（含试用期）；4.限女性报考。","https://www.xjhc.gov.cn/xjhc/c116834/202410/a29382e11a674da3be3353af65f9fcc5.shtml#137123-400110123021","2024-10-14","{""dataset_year"":2025,""job_uid"":""GOV-2025-137123-400110123021"",""publisher"":""国家公务员局"",""publication_page"":""https://www.xjhc.gov.cn/xjhc/c116834/202410/a29382e11a674da3be3353af65f9fcc5.shtml"",""attachment_url"":""https://www.xjhc.gov.cn/xjhc/c116834/202410/a29382e11a674da3be3353af65f9fcc5/files/0536cef86e2b46ddad6aae5a3780089e.xls"",""local_source_file"":""2025_guokao_zhaokaojianzhang.xls"",""local_source_sha256"":""07ae6cab368cd21b7a1ac3e8150fe9a3d39ad5171ce76135ff3cccfe50c3e77e"",""source_sheet"":""中央国家行政机关参照公务员法管理事业单位"",""filter_version"":""government_tech_v2"",""tech_filter"":{""is_tech"":true,""is_core_tech"":true,""scope"":""core"",""categories"":[""computer_software"",""data_ai""],""matched_fields"":[""major"",""description""],""major_terms"":[""计算机类""],""role_terms"":[""数据处理""],""reason"":""tech_major_and_role""},""original"":{""部门代码"":""137123"",""部门名称"":""国家统计局四川调查总队"",""用人司局"":""国家统计局四川调查总队"",""机构性质"":""中央国家行政机关参照公务员法管理事业单位"",""招考职位"":""叙永调查队一级科员（2）"",""职位属性"":""普通职位"",""职位分布"":""西部地区和艰苦边远地区职位"",""职位简介"":""从事一线入户调查、数据处理、统计分析、统计研究等工作。"",""职位代码"":""400110123021"",""机构层级"":""县（区）级及以下"",""考试类别"":""市（地）级及以下直属机构综合管理类"",""招考人数"":""1"",""专业"":""统计学类、数学类、计算机类、经济学类"",""学历"":""仅限本科"",""学位"":""学士"",""政治面貌"":""不限"",""基层工作最低年限"":""无限制"",""服务基层项目工作经历"":""无限制"",""是否在面试阶段组织专业能力测试"":""否"",""面试人员比例"":""3:1"",""工作地点"":""四川省泸州市叙永县"",""落户地点"":""四川省泸州市叙永县"",""备注"":""1.该职位需要长期出差，经常深入乡村厂矿一线；2.该职位限招应届高校毕业生；3.本单位最低服务年限为5年（含试用期）；4.限女性报考。"",""部门网站"":""http://www.stats.gov.cn"",""咨询电话1"":""028-65593798"",""咨询电话2"":""028-65593790"",""咨询电话3"":""15802879098"",""来源Sheet"":""中央国家行政机关参照公务员法管理事业单位""}}"
"government_jobs","国家公务员2025招考简章","公务员/事业单位技术岗位","四川省德阳市绵竹市","2026-07-28T09:12:58.310295+00:00","绵竹调查队一级科员（1）","国家统计局四川调查总队","","四川省德阳市绵竹市","公务员/事业单位;2025;computer_software;data_ai;仅限本科;学士;统计学类、数学类、计算机类、经济学类，会计学、汉语言文学;市（地）级及以下直属机构综合管理类","用人司局：国家统计局四川调查总队
职位简介：从事一线入户调查、数据处理、统计分析、统计研究等工作。
专业要求：统计学类、数学类、计算机类、经济学类，会计学、汉语言文学
学历要求：仅限本科
学位要求：学士
政治面貌：不限
基层工作经历：无限制
考试类别：市（地）级及以下直属机构综合管理类
备注：1.该职位需要长期出差，经常深入乡村厂矿一线；2.该职位限招应届高校毕业生；3.本单位最低服务年限为5年（含试用期）；4.限男性报考。","https://www.xjhc.gov.cn/xjhc/c116834/202410/a29382e11a674da3be3353af65f9fcc5.shtml#137123-400110123022","2024-10-14","{""dataset_year"":2025,""job_uid"":""GOV-2025-137123-400110123022"",""publisher"":""国家公务员局"",""publication_page"":""https://www.xjhc.gov.cn/xjhc/c116834/202410/a29382e11a674da3be3353af65f9fcc5.shtml"",""attachment_url"":""https://www.xjhc.gov.cn/xjhc/c116834/202410/a29382e11a674da3be3353af65f9fcc5/files/0536cef86e2b46ddad6aae5a3780089e.xls"",""local_source_file"":""2025_guokao_zhaokaojianzhang.xls"",""local_source_sha256"":""07ae6cab368cd21b7a1ac3e8150fe9a3d39ad5171ce76135ff3cccfe50c3e77e"",""source_sheet"":""中央国家行政机关参照公务员法管理事业单位"",""filter_version"":""government_tech_v2"",""tech_filter"":{""is_tech"":true,""is_core_tech"":true,""scope"":""core"",""categories"":[""computer_software"",""data_ai""],""matched_fields"":[""major"",""description""],""major_terms"":[""计算机类""],""role_terms"":[""数据处理""],""reason"":""tech_major_and_role""},""original"":{""部门代码"":""137123"",""部门名称"":""国家统计局四川调查总队"",""用人司局"":""国家统计局四川调查总队"",""机构性质"":""中央国家行政机关参照公务员法管理事业单位"",""招考职位"":""绵竹调查队一级科员（1）"",""职位属性"":""普通职位"",""职位分布"":""西部地区和艰苦边远地区职位"",""职位简介"":""从事一线入户调查、数据处理、统计分析、统计研究等工作。"",""职位代码"":""400110123022"",""机构层级"":""县（区）级及以下"",""考试类别"":""市（地）级及以下直属机构综合管理类"",""招考人数"":""1"",""专业"":""统计学类、数学类、计算机类、经济学类，会计学、汉语言文学"",""学历"":""仅限本科"",""学位"":""学士"",""政治面貌"":""不限"",""基层工作最低年限"":""无限制"",""服务基层项目工作经历"":""无限制"",""是否在面试阶段组织专业能力测试"":""否"",""面试人员比例"":""3:1"",""工作地点"":""四川省德阳市绵竹市"",""落户地点"":""四川省德阳市绵竹市"",""备注"":""1.该职位需要长期出差，经常深入乡村厂矿一线；2.该职位限招应届高校毕业生；3.本单位最低服务年限为5年（含试用期）；4.限男性报考。"",""部门网站"":""http://www.stats.gov.cn"",""咨询电话1"":""028-65593798"",""咨询电话2"":""028-65593790"",""咨询电话3"":""15802879098"",""来源Sheet"":""中央国家行政机关参照公务员法管理事业单位""}}"
"government_jobs","国家公务员2025招考简章","公务员/事业单位技术岗位","四川省德阳市绵竹市","2026-07-28T09:12:58.310295+00:00","绵竹调查队一级科员（2）","国家统计局四川调查总队","","四川省德阳市绵竹市","公务员/事业单位;2025;computer_software;data_ai;仅限本科;学士;统计学类、数学类、计算机类、经济学类，会计学、汉语言文学;市（地）级及以下直属机构综合管理类","用人司局：国家统计局四川调查总队
职位简介：从事一线入户调查、数据处理、统计分析、统计研究等工作。
专业要求：统计学类、数学类、计算机类、经济学类，会计学、汉语言文学
学历要求：仅限本科
学位要求：学士
政治面貌：不限
基层工作经历：无限制
考试类别：市（地）级及以下直属机构综合管理类
备注：1.该职位需要长期出差，经常深入乡村厂矿一线；2.该职位限招应届高校毕业生；3.本单位最低服务年限为5年（含试用期）；4.限女性报考。","https://www.xjhc.gov.cn/xjhc/c116834/202410/a29382e11a674da3be3353af65f9fcc5.shtml#137123-400110123023","2024-10-14","{""dataset_year"":2025,""job_uid"":""GOV-2025-137123-400110123023"",""publisher"":""国家公务员局"",""publication_page"":""https://www.xjhc.gov.cn/xjhc/c116834/202410/a29382e11a674da3be3353af65f9fcc5.shtml"",""attachment_url"":""https://www.xjhc.gov.cn/xjhc/c116834/202410/a29382e11a674da3be3353af65f9fcc5/files/0536cef86e2b46ddad6aae5a3780089e.xls"",""local_source_file"":""2025_guokao_zhaokaojianzhang.xls"",""local_source_sha256"":""07ae6cab368cd21b7a1ac3e8150fe9a3d39ad5171ce76135ff3cccfe50c3e77e"",""source_sheet"":""中央国家行政机关参照公务员法管理事业单位"",""filter_version"":""government_tech_v2"",""tech_filter"":{""is_tech"":true,""is_core_tech"":true,""scope"":""core"",""categories"":[""computer_software"",""data_ai""],""matched_fields"":[""major"",""description""],""major_terms"":[""计算机类""],""role_terms"":[""数据处理""],""reason"":""tech_major_and_role""},""original"":{""部门代码"":""137123"",""部门名称"":""国家统计局四川调查总队"",""用人司局"":""国家统计局四川调查总队"",""机构性质"":""中央国家行政机关参照公务员法管理事业单位"",""招考职位"":""绵竹调查队一级科员（2）"",""职位属性"":""普通职位"",""职位分布"":""西部地区和艰苦边远地区职位"",""职位简介"":""从事一线入户调查、数据处理、统计分析、统计研究等工作。"",""职位代码"":""400110123023"",""机构层级"":""县（区）级及以下"",""考试类别"":""市（地）级及以下直属机构综合管理类"",""招考人数"":""1"",""专业"":""统计学类、数学类、计算机类、经济学类，会计学、汉语言文学"",""学历"":""仅限本科"",""学位"":""学士"",""政治面貌"":""不限"",""基层工作最低年限"":""无限制"",""服务基层项目工作经历"":""无限制"",""是否在面试阶段组织专业能力测试"":""否"",""面试人员比例"":""3:1"",""工作地点"":""四川省德阳市绵竹市"",""落户地点"":""四川省德阳市绵竹市"",""备注"":""1.该职位需要长期出差，经常深入乡村厂矿一线；2.该职位限招应届高校毕业生；3.本单位最低服务年限为5年（含试用期）；4.限女性报考。"",""部门网站"":""http://www.stats.gov.cn"",""咨询电话1"":""028-65593798"",""咨询电话2"":""028-65593790"",""咨询电话3"":""15802879098"",""来源Sheet"":""中央国家行政机关参照公务员法管理事业单位""}}"
"government_jobs","国家公务员2025招考简章","公务员/事业单位技术岗位","四川省绵阳市梓潼县","2026-07-28T09:12:58.310295+00:00","梓潼调查队一级科员","国家统计局四川调查总队","","四川省绵阳市梓潼县","公务员/事业单位;2025;computer_software;data_ai;仅限本科;学士;统计学类、数学类、计算机类、经济学类;市（地）级及以下直属机构综合管理类","用人司局：国家统计局四川调查总队
职位简介：从事一线入户调查、数据处理、统计分析、统计研究等工作。
专业要求：统计学类、数学类、计算机类、经济学类
学历要求：仅限本科
学位要求：学士
政治面貌：不限
基层工作经历：无限制
考试类别：市（地）级及以下直属机构综合管理类
备注：1.该职位需要长期出差，经常深入乡村厂矿一线；2.该职位限招应届高校毕业生；3.本单位最低服务年限为5年（含试用期）。","https://www.xjhc.gov.cn/xjhc/c116834/202410/a29382e11a674da3be3353af65f9fcc5.shtml#137123-400110123024","2024-10-14","{""dataset_year"":2025,""job_uid"":""GOV-2025-137123-400110123024"",""publisher"":""国家公务员局"",""publication_page"":""https://www.xjhc.gov.cn/xjhc/c116834/202410/a29382e11a674da3be3353af65f9fcc5.shtml"",""attachment_url"":""https://www.xjhc.gov.cn/xjhc/c116834/202410/a29382e11a674da3be3353af65f9fcc5/files/0536cef86e2b46ddad6aae5a3780089e.xls"",""local_source_file"":""2025_guokao_zhaokaojianzhang.xls"",""local_source_sha256"":""07ae6cab368cd21b7a1ac3e8150fe9a3d39ad5171ce76135ff3cccfe50c3e77e"",""source_sheet"":""中央国家行政机关参照公务员法管理事业单位"",""filter_version"":""government_tech_v2"",""tech_filter"":{""is_tech"":true,""is_core_tech"":true,""scope"":""core"",""categories"":[""computer_software"",""data_ai""],""matched_fields"":[""major"",""description""],""major_terms"":[""计算机类""],""role_terms"":[""数据处理""],""reason"":""tech_major_and_role""},""original"":{""部门代码"":""137123"",""部门名称"":""国家统计局四川调查总队"",""用人司局"":""国家统计局四川调查总队"",""机构性质"":""中央国家行政机关参照公务员法管理事业单位"",""招考职位"":""梓潼调查队一级科员"",""职位属性"":""普通职位"",""职位分布"":""西部地区和艰苦边远地区职位"",""职位简介"":""从事一线入户调查、数据处理、统计分析、统计研究等工作。"",""职位代码"":""400110123024"",""机构层级"":""县（区）级及以下"",""考试类别"":""市（地）级及以下直属机构综合管理类"",""招考人数"":""1"",""专业"":""统计学类、数学类、计算机类、经济学类"",""学历"":""仅限本科"",""学位"":""学士"",""政治面貌"":""不限"",""基层工作最低年限"":""无限制"",""服务基层项目工作经历"":""无限制"",""是否在面试阶段组织专业能力测试"":""否"",""面试人员比例"":""3:1"",""工作地点"":""四川省绵阳市梓潼县"",""落户地点"":""四川省绵阳市梓潼县"",""备注"":""1.该职位需要长期出差，经常深入乡村厂矿一线；2.该职位限招应届高校毕业生；3.本单位最低服务年限为5年（含试用期）。"",""部门网站"":""http://www.stats.gov.cn"",""咨询电话1"":""028-65593798"",""咨询电话2"":""028-65593790"",""咨询电话3"":""15802879098"",""来源Sheet"":""中央国家行政机关参照公务员法管理事业单位""}}"
"government_jobs","国家公务员2025招考简章","公务员/事业单位技术岗位","四川省绵阳市北川羌族自治县","2026-07-28T09:12:58.310295+00:00","北川调查队一级科员","国家统计局四川调查总队","","四川省绵阳市北川羌族自治县","公务员/事业单位;2025;computer_software;data_ai;仅限本科;学士;统计学类、数学类、计算机类、经济学类;市（地）级及以下直属机构综合管理类","用人司局：国家统计局四川调查总队
职位简介：从事一线入户调查、数据处理、统计分析、统计研究等工作。
专业要求：统计学类、数学类、计算机类、经济学类
学历要求：仅限本科
学位要求：学士
政治面貌：不限
基层工作经历：无限制
考试类别：市（地）级及以下直属机构综合管理类
备注：1.该职位需要长期出差，经常深入乡村厂矿一线；2.该职位限招应届高校毕业生；3.本单位最低服务年限为5年（含试用期）。","https://www.xjhc.gov.cn/xjhc/c116834/202410/a29382e11a674da3be3353af65f9fcc5.shtml#137123-400110123025","2024-10-14","{""dataset_year"":2025,""job_uid"":""GOV-2025-137123-400110123025"",""publisher"":""国家公务员局"",""publication_page"":""https://www.xjhc.gov.cn/xjhc/c116834/202410/a29382e11a674da3be3353af65f9fcc5.shtml"",""attachment_url"":""https://www.xjhc.gov.cn/xjhc/c116834/202410/a29382e11a674da3be3353af65f9fcc5/files/0536cef86e2b46ddad6aae5a3780089e.xls"",""local_source_file"":""2025_guokao_zhaokaojianzhang.xls"",""local_source_sha256"":""07ae6cab368cd21b7a1ac3e8150fe9a3d39ad5171ce76135ff3cccfe50c3e77e"",""source_sheet"":""中央国家行政机关参照公务员法管理事业单位"",""filter_version"":""government_tech_v2"",""tech_filter"":{""is_tech"":true,""is_core_tech"":true,""scope"":""core"",""categories"":[""computer_software"",""data_ai""],""matched_fields"":[""major"",""description""],""major_terms"":[""计算机类""],""role_terms"":[""数据处理""],""reason"":""tech_major_and_role""},""original"":{""部门代码"":""137123"",""部门名称"":""国家统计局四川调查总队"",""用人司局"":""国家统计局四川调查总队"",""机构性质"":""中央国家行政机关参照公务员法管理事业单位"",""招考职位"":""北川调查队一级科员"",""职位属性"":""普通职位"",""职位分布"":""西部地区和艰苦边远地区职位"",""职位简介"":""从事一线入户调查、数据处理、统计分析、统计研究等工作。"",""职位代码"":""400110123025"",""机构层级"":""县（区）级及以下"",""考试类别"":""市（地）级及以下直属机构综合管理类"",""招考人数"":""1"",""专业"":""统计学类、数学类、计算机类、经济学类"",""学历"":""仅限本科"",""学位"":""学士"",""政治面貌"":""不限"",""基层工作最低年限"":""无限制"",""服务基层项目工作经历"":""无限制"",""是否在面试阶段组织专业能力测试"":""否"",""面试人员比例"":""3:1"",""工作地点"":""四川省绵阳市北川羌族自治县"",""落户地点"":""四川省绵阳市北川羌族自治县"",""备注"":""1.该职位需要长期出差，经常深入乡村厂矿一线；2.该职位限招应届高校毕业生；3.本单位最低服务年限为5年（含试用期）。"",""部门网站"":""http://www.stats.gov.cn"",""咨询电话1"":""028-65593798"",""咨询电话2"":""028-65593790"",""咨询电话3"":""15802879098"",""来源Sheet"":""中央国家行政机关参照公务员法管理事业单位""}}"
"government_jobs","国家公务员2025招考简章","公务员/事业单位技术岗位","四川省广元市剑阁县","2026-07-28T09:12:58.310295+00:00","剑阁调查队一级科员","国家统计局四川调查总队","","四川省广元市剑阁县","公务员/事业单位;2025;computer_software;data_ai;仅限本科;学士;统计学类、数学类、计算机类、经济学类，汉语言文学;市（地）级及以下直属机构综合管理类","用人司局：国家统计局四川调查总队
职位简介：从事一线入户调查、数据处理、统计分析、统计研究等工作。
专业要求：统计学类、数学类、计算机类、经济学类，汉语言文学
学历要求：仅限本科
学位要求：学士
政治面貌：不限
基层工作经历：无限制
考试类别：市（地）级及以下直属机构综合管理类
备注：1.该职位需要长期出差，经常深入乡村厂矿一线；2.该职位限招应届高校毕业生；3.本单位最低服务年限为5年（含试用期）。","https://www.xjhc.gov.cn/xjhc/c116834/202410/a29382e11a674da3be3353af65f9fcc5.shtml#137123-400110123026","2024-10-14","{""dataset_year"":2025,""job_uid"":""GOV-2025-137123-400110123026"",""publisher"":""国家公务员局"",""publication_page"":""https://www.xjhc.gov.cn/xjhc/c116834/202410/a29382e11a674da3be3353af65f9fcc5.shtml"",""attachment_url"":""https://www.xjhc.gov.cn/xjhc/c116834/202410/a29382e11a674da3be3353af65f9fcc5/files/0536cef86e2b46ddad6aae5a3780089e.xls"",""local_source_file"":""2025_guokao_zhaokaojianzhang.xls"",""local_source_sha256"":""07ae6cab368cd21b7a1ac3e8150fe9a3d39ad5171ce76135ff3cccfe50c3e77e"",""source_sheet"":""中央国家行政机关参照公务员法管理事业单位"",""filter_version"":""government_tech_v2"",""tech_filter"":{""is_tech"":true,""is_core_tech"":true,""scope"":""core"",""categories"":[""computer_software"",""data_ai""],""matched_fields"":[""major"",""description""],""major_terms"":[""计算机类""],""role_terms"":[""数据处理""],""reason"":""tech_major_and_role""},""original"":{""部门代码"":""137123"",""部门名称"":""国家统计局四川调查总队"",""用人司局"":""国家统计局四川调查总队"",""机构性质"":""中央国家行政机关参照公务员法管理事业单位"",""招考职位"":""剑阁调查队一级科员"",""职位属性"":""普通职位"",""职位分布"":""西部地区和艰苦边远地区职位"",""职位简介"":""从事一线入户调查、数据处理、统计分析、统计研究等工作。"",""职位代码"":""400110123026"",""机构层级"":""县（区）级及以下"",""考试类别"":""市（地）级及以下直属机构综合管理类"",""招考人数"":""1"",""专业"":""统计学类、数学类、计算机类、经济学类，汉语言文学"",""学历"":""仅限本科"",""学位"":""学士"",""政治面貌"":""不限"",""基层工作最低年限"":""无限制"",""服务基层项目工作经历"":""无限制"",""是否在面试阶段组织专业能力测试"":""否"",""面试人员比例"":""3:1"",""工作地点"":""四川省广元市剑阁县"",""落户地点"":""四川省广元市剑阁县"",""备注"":""1.该职位需要长期出差，经常深入乡村厂矿一线；2.该职位限招应届高校毕业生；3.本单位最低服务年限为5年（含试用期）。"",""部门网站"":""http://www.stats.gov.cn"",""咨询电话1"":""028-65593798"",""咨询电话2"":""028-65593790"",""咨询电话3"":""15802879098"",""来源Sheet"":""中央国家行政机关参照公务员法管理事业单位""}}"
"government_jobs","国家公务员2025招考简章","公务员/事业单位技术岗位","四川省内江市威远县","2026-07-28T09:12:58.310295+00:00","威远调查队一级科员","国家统计局四川调查总队","","四川省内江市威远县","公务员/事业单位;2025;computer_software;data_ai;仅限本科;学士;统计学类、数学类、计算机类、经济学类;市（地）级及以下直属机构综合管理类","用人司局：国家统计局四川调查总队
职位简介：从事一线入户调查、数据处理、统计分析、统计研究等工作。
专业要求：统计学类、数学类、计算机类、经济学类
学历要求：仅限本科
学位要求：学士
政治面貌：不限
基层工作经历：无限制
考试类别：市（地）级及以下直属机构综合管理类
备注：1.该职位需要长期出差，经常深入乡村厂矿一线；2.该职位限招应届高校毕业生；3.本单位最低服务年限为5年（含试用期）。","https://www.xjhc.gov.cn/xjhc/c116834/202410/a29382e11a674da3be3353af65f9fcc5.shtml#137123-400110123027","2024-10-14","{""dataset_year"":2025,""job_uid"":""GOV-2025-137123-400110123027"",""publisher"":""国家公务员局"",""publication_page"":""https://www.xjhc.gov.cn/xjhc/c116834/202410/a29382e11a674da3be3353af65f9fcc5.shtml"",""attachment_url"":""https://www.xjhc.gov.cn/xjhc/c116834/202410/a29382e11a674da3be3353af65f9fcc5/files/0536cef86e2b46ddad6aae5a3780089e.xls"",""local_source_file"":""2025_guokao_zhaokaojianzhang.xls"",""local_source_sha256"":""07ae6cab368cd21b7a1ac3e8150fe9a3d39ad5171ce76135ff3cccfe50c3e77e"",""source_sheet"":""中央国家行政机关参照公务员法管理事业单位"",""filter_version"":""government_tech_v2"",""tech_filter"":{""is_tech"":true,""is_core_tech"":true,""scope"":""core"",""categories"":[""computer_software"",""data_ai""],""matched_fields"":[""major"",""description""],""major_terms"":[""计算机类""],""role_terms"":[""数据处理""],""reason"":""tech_major_and_role""},""original"":{""部门代码"":""137123"",""部门名称"":""国家统计局四川调查总队"",""用人司局"":""国家统计局四川调查总队"",""机构性质"":""中央国家行政机关参照公务员法管理事业单位"",""招考职位"":""威远调查队一级科员"",""职位属性"":""普通职位"",""职位分布"":""西部地区和艰苦边远地区职位"",""职位简介"":""从事一线入户调查、数据处理、统计分析、统计研究等工作。"",""职位代码"":""400110123027"",""机构层级"":""县（区）级及以下"",""考试类别"":""市（地）级及以下直属机构综合管理类"",""招考人数"":""1"",""专业"":""统计学类、数学类、计算机类、经济学类"",""学历"":""仅限本科"",""学位"":""学士"",""政治面貌"":""不限"",""基层工作最低年限"":""无限制"",""服务基层项目工作经历"":""无限制"",""是否在面试阶段组织专业能力测试"":""否"",""面试人员比例"":""3:1"",""工作地点"":""四川省内江市威远县"",""落户地点"":""四川省内江市威远县"",""备注"":""1.该职位需要长期出差，经常深入乡村厂矿一线；2.该职位限招应届高校毕业生；3.本单位最低服务年限为5年（含试用期）。"",""部门网站"":""http://www.stats.gov.cn"",""咨询电话1"":""028-65593798"",""咨询电话2"":""028-65593790"",""咨询电话3"":""15802879098"",""来源Sheet"":""中央国家行政机关参照公务员法管理事业单位""}}"
"government_jobs","国家公务员2025招考简章","公务员/事业单位技术岗位","四川省南充市南部县","2026-07-28T09:12:58.310295+00:00","南部调查队一级科员","国家统计局四川调查总队","","四川省南充市南部县","公务员/事业单位;2025;computer_software;data_ai;仅限本科;学士;统计学类、数学类、计算机类、经济学类;市（地）级及以下直属机构综合管理类","用人司局：国家统计局四川调查总队
职位简介：从事一线入户调查、数据处理、统计分析、统计研究等工作。
专业要求：统计学类、数学类、计算机类、经济学类
学历要求：仅限本科
学位要求：学士
政治面貌：不限
基层工作经历：无限制
考试类别：市（地）级及以下直属机构综合管理类
备注：1.该职位需要长期出差，经常深入乡村厂矿一线；2.该职位限招应届高校毕业生；3.本单位最低服务年限为5年（含试用期）。","https://www.xjhc.gov.cn/xjhc/c116834/202410/a29382e11a674da3be3353af65f9fcc5.shtml#137123-400110123028","2024-10-14","{""dataset_year"":2025,""job_uid"":""GOV-2025-137123-400110123028"",""publisher"":""国家公务员局"",""publication_page"":""https://www.xjhc.gov.cn/xjhc/c116834/202410/a29382e11a674da3be3353af65f9fcc5.shtml"",""attachment_url"":""https://www.xjhc.gov.cn/xjhc/c116834/202410/a29382e11a674da3be3353af65f9fcc5/files/0536cef86e2b46ddad6aae5a3780089e.xls"",""local_source_file"":""2025_guokao_zhaokaojianzhang.xls"",""local_source_sha256"":""07ae6cab368cd21b7a1ac3e8150fe9a3d39ad5171ce76135ff3cccfe50c3e77e"",""source_sheet"":""中央国家行政机关参照公务员法管理事业单位"",""filter_version"":""government_tech_v2"",""tech_filter"":{""is_tech"":true,""is_core_tech"":true,""scope"":""core"",""categories"":[""computer_software"",""data_ai""],""matched_fields"":[""major"",""description""],""major_terms"":[""计算机类""],""role_terms"":[""数据处理""],""reason"":""tech_major_and_role""},""original"":{""部门代码"":""137123"",""部门名称"":""国家统计局四川调查总队"",""用人司局"":""国家统计局四川调查总队"",""机构性质"":""中央国家行政机关参照公务员法管理事业单位"",""招考职位"":""南部调查队一级科员"",""职位属性"":""普通职位"",""职位分布"":""西部地区和艰苦边远地区职位"",""职位简介"":""从事一线入户调查、数据处理、统计分析、统计研究等工作。"",""职位代码"":""400110123028"",""机构层级"":""县（区）级及以下"",""考试类别"":""市（地）级及以下直属机构综合管理类"",""招考人数"":""1"",""专业"":""统计学类、数学类、计算机类、经济学类"",""学历"":""仅限本科"",""学位"":""学士"",""政治面貌"":""不限"",""基层工作最低年限"":""无限制"",""服务基层项目工作经历"":""无限制"",""是否在面试阶段组织专业能力测试"":""否"",""面试人员比例"":""3:1"",""工作地点"":""四川省南充市南部县"",""落户地点"":""四川省南充市南部县"",""备注"":""1.该职位需要长期出差，经常深入乡村厂矿一线；2.该职位限招应届高校毕业生；3.本单位最低服务年限为5年（含试用期）。"",""部门网站"":""http://www.stats.gov.cn"",""咨询电话1"":""028-65593798"",""咨询电话2"":""028-65593790"",""咨询电话3"":""15802879098"",""来源Sheet"":""中央国家行政机关参照公务员法管理事业单位""}}"
"government_jobs","国家公务员2025招考简章","公务员/事业单位技术岗位","四川省眉山市仁寿县","2026-07-28T09:12:58.310295+00:00","仁寿调查队一级科员","国家统计局四川调查总队","","四川省眉山市仁寿县","公务员/事业单位;2025;computer_software;data_ai;仅限本科;学士;统计学类、数学类、计算机类、经济学类;市（地）级及以下直属机构综合管理类","用人司局：国家统计局四川调查总队
职位简介：从事一线入户调查、数据处理、统计分析、统计研究等工作。
专业要求：统计学类、数学类、计算机类、经济学类
学历要求：仅限本科
学位要求：学士
政治面貌：不限
基层工作经历：无限制
考试类别：市（地）级及以下直属机构综合管理类
备注：1.该职位需要长期出差，经常深入乡村厂矿一线；2.该职位限招应届高校毕业生；3.本单位最低服务年限为5年（含试用期）。","https://www.xjhc.gov.cn/xjhc/c116834/202410/a29382e11a674da3be3353af65f9fcc5.shtml#137123-400110123029","2024-10-14","{""dataset_year"":2025,""job_uid"":""GOV-2025-137123-400110123029"",""publisher"":""国家公务员局"",""publication_page"":""https://www.xjhc.gov.cn/xjhc/c116834/202410/a29382e11a674da3be3353af65f9fcc5.shtml"",""attachment_url"":""https://www.xjhc.gov.cn/xjhc/c116834/202410/a29382e11a674da3be3353af65f9fcc5/files/0536cef86e2b46ddad6aae5a3780089e.xls"",""local_source_file"":""2025_guokao_zhaokaojianzhang.xls"",""local_source_sha256"":""07ae6cab368cd21b7a1ac3e8150fe9a3d39ad5171ce76135ff3cccfe50c3e77e"",""source_sheet"":""中央国家行政机关参照公务员法管理事业单位"",""filter_version"":""government_tech_v2"",""tech_filter"":{""is_tech"":true,""is_core_tech"":true,""scope"":""core"",""categories"":[""computer_software"",""data_ai""],""matched_fields"":[""major"",""description""],""major_terms"":[""计算机类""],""role_terms"":[""数据处理""],""reason"":""tech_major_and_role""},""original"":{""部门代码"":""137123"",""部门名称"":""国家统计局四川调查总队"",""用人司局"":""国家统计局四川调查总队"",""机构性质"":""中央国家行政机关参照公务员法管理事业单位"",""招考职位"":""仁寿调查队一级科员"",""职位属性"":""普通职位"",""职位分布"":""西部地区和艰苦边远地区职位"",""职位简介"":""从事一线入户调查、数据处理、统计分析、统计研究等工作。"",""职位代码"":""400110123029"",""机构层级"":""县（区）级及以下"",""考试类别"":""市（地）级及以下直属机构综合管理类"",""招考人数"":""1"",""专业"":""统计学类、数学类、计算机类、经济学类"",""学历"":""仅限本科"",""学位"":""学士"",""政治面貌"":""不限"",""基层工作最低年限"":""无限制"",""服务基层项目工作经历"":""无限制"",""是否在面试阶段组织专业能力测试"":""否"",""面试人员比例"":""3:1"",""工作地点"":""四川省眉山市仁寿县"",""落户地点"":""四川省眉山市仁寿县"",""备注"":""1.该职位需要长期出差，经常深入乡村厂矿一线；2.该职位限招应届高校毕业生；3.本单位最低服务年限为5年（含试用期）。"",""部门网站"":""http://www.stats.gov.cn"",""咨询电话1"":""028-65593798"",""咨询电话2"":""028-65593790"",""咨询电话3"":""15802879098"",""来源Sheet"":""中央国家行政机关参照公务员法管理事业单位""}}"
"government_jobs","国家公务员2025招考简章","公务员/事业单位技术岗位","四川省眉山市洪雅县","2026-07-28T09:12:58.310295+00:00","洪雅调查队一级科员","国家统计局四川调查总队","","四川省眉山市洪雅县","公务员/事业单位;2025;computer_software;data_ai;仅限本科;学士;统计学类、数学类、计算机类、经济学类;市（地）级及以下直属机构综合管理类","用人司局：国家统计局四川调查总队
职位简介：从事一线入户调查、数据处理、统计分析、统计研究等工作。
专业要求：统计学类、数学类、计算机类、经济学类
学历要求：仅限本科
学位要求：学士
政治面貌：不限
基层工作经历：无限制
考试类别：市（地）级及以下直属机构综合管理类
备注：1.该职位需要长期出差，经常深入乡村厂矿一线；2.该职位限招应届高校毕业生；3.本单位最低服务年限为5年（含试用期）。","https://www.xjhc.gov.cn/xjhc/c116834/202410/a29382e11a674da3be3353af65f9fcc5.shtml#137123-400110123030","2024-10-14","{""dataset_year"":2025,""job_uid"":""GOV-2025-137123-400110123030"",""publisher"":""国家公务员局"",""publication_page"":""https://www.xjhc.gov.cn/xjhc/c116834/202410/a29382e11a674da3be3353af65f9fcc5.shtml"",""attachment_url"":""https://www.xjhc.gov.cn/xjhc/c116834/202410/a29382e11a674da3be3353af65f9fcc5/files/0536cef86e2b46ddad6aae5a3780089e.xls"",""local_source_file"":""2025_guokao_zhaokaojianzhang.xls"",""local_source_sha256"":""07ae6cab368cd21b7a1ac3e8150fe9a3d39ad5171ce76135ff3cccfe50c3e77e"",""source_sheet"":""中央国家行政机关参照公务员法管理事业单位"",""filter_version"":""government_tech_v2"",""tech_filter"":{""is_tech"":true,""is_core_tech"":true,""scope"":""core"",""categories"":[""computer_software"",""data_ai""],""matched_fields"":[""major"",""description""],""major_terms"":[""计算机类""],""role_terms"":[""数据处理""],""reason"":""tech_major_and_role""},""original"":{""部门代码"":""137123"",""部门名称"":""国家统计局四川调查总队"",""用人司局"":""国家统计局四川调查总队"",""机构性质"":""中央国家行政机关参照公务员法管理事业单位"",""招考职位"":""洪雅调查队一级科员"",""职位属性"":""普通职位"",""职位分布"":""西部地区和艰苦边远地区职位"",""职位简介"":""从事一线入户调查、数据处理、统计分析、统计研究等工作。"",""职位代码"":""400110123030"",""机构层级"":""县（区）级及以下"",""考试类别"":""市（地）级及以下直属机构综合管理类"",""招考人数"":""1"",""专业"":""统计学类、数学类、计算机类、经济学类"",""学历"":""仅限本科"",""学位"":""学士"",""政治面貌"":""不限"",""基层工作最低年限"":""无限制"",""服务基层项目工作经历"":""无限制"",""是否在面试阶段组织专业能力测试"":""否"",""面试人员比例"":""3:1"",""工作地点"":""四川省眉山市洪雅县"",""落户地点"":""四川省眉山市洪雅县"",""备注"":""1.该职位需要长期出差，经常深入乡村厂矿一线；2.该职位限招应届高校毕业生；3.本单位最低服务年限为5年（含试用期）。"",""部门网站"":""http://www.stats.gov.cn"",""咨询电话1"":""028-65593798"",""咨询电话2"":""028-65593790"",""咨询电话3"":""15802879098"",""来源Sheet"":""中央国家行政机关参照公务员法管理事业单位""}}"
"government_jobs","国家公务员2025招考简章","公务员/事业单位技术岗位","四川省宜宾市叙州区","2026-07-28T09:12:58.310295+00:00","叙州调查队一级科员（1）","国家统计局四川调查总队","","四川省宜宾市叙州区","公务员/事业单位;2025;computer_software;data_ai;仅限本科;学士;统计学类、数学类、计算机类、经济学类，会计学、汉语言文学;市（地）级及以下直属机构综合管理类","用人司局：国家统计局四川调查总队
职位简介：从事一线入户调查、数据处理、统计分析、统计研究等工作。
专业要求：统计学类、数学类、计算机类、经济学类，会计学、汉语言文学
学历要求：仅限本科
学位要求：学士
政治面貌：不限
基层工作经历：无限制
考试类别：市（地）级及以下直属机构综合管理类
备注：1.该职位需要长期出差，经常深入乡村厂矿一线；2.该职位限招应届高校毕业生；3.本单位最低服务年限为5年（含试用期）；4.限男性报考。","https://www.xjhc.gov.cn/xjhc/c116834/202410/a29382e11a674da3be3353af65f9fcc5.shtml#137123-400110123031","2024-10-14","{""dataset_year"":2025,""job_uid"":""GOV-2025-137123-400110123031"",""publisher"":""国家公务员局"",""publication_page"":""https://www.xjhc.gov.cn/xjhc/c116834/202410/a29382e11a674da3be3353af65f9fcc5.shtml"",""attachment_url"":""https://www.xjhc.gov.cn/xjhc/c116834/202410/a29382e11a674da3be3353af65f9fcc5/files/0536cef86e2b46ddad6aae5a3780089e.xls"",""local_source_file"":""2025_guokao_zhaokaojianzhang.xls"",""local_source_sha256"":""07ae6cab368cd21b7a1ac3e8150fe9a3d39ad5171ce76135ff3cccfe50c3e77e"",""source_sheet"":""中央国家行政机关参照公务员法管理事业单位"",""filter_version"":""government_tech_v2"",""tech_filter"":{""is_tech"":true,""is_core_tech"":true,""scope"":""core"",""categories"":[""computer_software"",""data_ai""],""matched_fields"":[""major"",""description""],""major_terms"":[""计算机类""],""role_terms"":[""数据处理""],""reason"":""tech_major_and_role""},""original"":{""部门代码"":""137123"",""部门名称"":""国家统计局四川调查总队"",""用人司局"":""国家统计局四川调查总队"",""机构性质"":""中央国家行政机关参照公务员法管理事业单位"",""招考职位"":""叙州调查队一级科员（1）"",""职位属性"":""普通职位"",""职位分布"":""西部地区和艰苦边远地区职位"",""职位简介"":""从事一线入户调查、数据处理、统计分析、统计研究等工作。"",""职位代码"":""400110123031"",""机构层级"":""县（区）级及以下"",""考试类别"":""市（地）级及以下直属机构综合管理类"",""招考人数"":""1"",""专业"":""统计学类、数学类、计算机类、经济学类，会计学、汉语言文学"",""学历"":""仅限本科"",""学位"":""学士"",""政治面貌"":""不限"",""基层工作最低年限"":""无限制"",""服务基层项目工作经历"":""无限制"",""是否在面试阶段组织专业能力测试"":""否"",""面试人员比例"":""3:1"",""工作地点"":""四川省宜宾市叙州区"",""落户地点"":""四川省宜宾市叙州区"",""备注"":""1.该职位需要长期出差，经常深入乡村厂矿一线；2.该职位限招应届高校毕业生；3.本单位最低服务年限为5年（含试用期）；4.限男性报考。"",""部门网站"":""http://www.stats.gov.cn"",""咨询电话1"":""028-65593798"",""咨询电话2"":""028-65593790"",""咨询电话3"":""15802879098"",""来源Sheet"":""中央国家行政机关参照公务员法管理事业单位""}}"
"government_jobs","国家公务员2025招考简章","公务员/事业单位技术岗位","四川省宜宾市叙州区","2026-07-28T09:12:58.310295+00:00","叙州调查队一级科员（2）","国家统计局四川调查总队","","四川省宜宾市叙州区","公务员/事业单位;2025;computer_software;data_ai;仅限本科;学士;统计学类、数学类、计算机类、经济学类，会计学、汉语言文学;市（地）级及以下直属机构综合管理类","用人司局：国家统计局四川调查总队
职位简介：从事一线入户调查、数据处理、统计分析、统计研究等工作。
专业要求：统计学类、数学类、计算机类、经济学类，会计学、汉语言文学
学历要求：仅限本科
学位要求：学士
政治面貌：不限
基层工作经历：无限制
考试类别：市（地）级及以下直属机构综合管理类
备注：1.该职位需要长期出差，经常深入乡村厂矿一线；2.该职位限招应届高校毕业生；3.本单位最低服务年限为5年（含试用期）；4.限女性报考。","https://www.xjhc.gov.cn/xjhc/c116834/202410/a29382e11a674da3be3353af65f9fcc5.shtml#137123-400110123033","2024-10-14","{""dataset_year"":2025,""job_uid"":""GOV-2025-137123-400110123033"",""publisher"":""国家公务员局"",""publication_page"":""https://www.xjhc.gov.cn/xjhc/c116834/202410/a29382e11a674da3be3353af65f9fcc5.shtml"",""attachment_url"":""https://www.xjhc.gov.cn/xjhc/c116834/202410/a29382e11a674da3be3353af65f9fcc5/files/0536cef86e2b46ddad6aae5a3780089e.xls"",""local_source_file"":""2025_guokao_zhaokaojianzhang.xls"",""local_source_sha256"":""07ae6cab368cd21b7a1ac3e8150fe9a3d39ad5171ce76135ff3cccfe50c3e77e"",""source_sheet"":""中央国家行政机关参照公务员法管理事业单位"",""filter_version"":""government_tech_v2"",""tech_filter"":{""is_tech"":true,""is_core_tech"":true,""scope"":""core"",""categories"":[""computer_software"",""data_ai""],""matched_fields"":[""major"",""description""],""major_terms"":[""计算机类""],""role_terms"":[""数据处理""],""reason"":""tech_major_and_role""},""original"":{""部门代码"":""137123"",""部门名称"":""国家统计局四川调查总队"",""用人司局"":""国家统计局四川调查总队"",""机构性质"":""中央国家行政机关参照公务员法管理事业单位"",""招考职位"":""叙州调查队一级科员（2）"",""职位属性"":""普通职位"",""职位分布"":""西部地区和艰苦边远地区职位"",""职位简介"":""从事一线入户调查、数据处理、统计分析、统计研究等工作。"",""职位代码"":""400110123033"",""机构层级"":""县（区）级及以下"",""考试类别"":""市（地）级及以下直属机构综合管理类"",""招考人数"":""1"",""专业"":""统计学类、数学类、计算机类、经济学类，会计学、汉语言文学"",""学历"":""仅限本科"",""学位"":""学士"",""政治面貌"":""不限"",""基层工作最低年限"":""无限制"",""服务基层项目工作经历"":""无限制"",""是否在面试阶段组织专业能力测试"":""否"",""面试人员比例"":""3:1"",""工作地点"":""四川省宜宾市叙州区"",""落户地点"":""四川省宜宾市叙州区"",""备注"":""1.该职位需要长期出差，经常深入乡村厂矿一线；2.该职位限招应届高校毕业生；3.本单位最低服务年限为5年（含试用期）；4.限女性报考。"",""部门网站"":""http://www.stats.gov.cn"",""咨询电话1"":""028-65593798"",""咨询电话2"":""028-65593790"",""咨询电话3"":""15802879098"",""来源Sheet"":""中央国家行政机关参照公务员法管理事业单位""}}"
"government_jobs","国家公务员2025招考简章","公务员/事业单位技术岗位","四川省广安市邻水县","2026-07-28T09:12:58.310295+00:00","邻水调查队一级科员","国家统计局四川调查总队","","四川省广安市邻水县","公务员/事业单位;2025;computer_software;data_ai;仅限本科;学士;统计学类、数学类、计算机类、经济学类;市（地）级及以下直属机构综合管理类","用人司局：国家统计局四川调查总队
职位简介：从事一线入户调查、数据处理、统计分析、统计研究等工作。
专业要求：统计学类、数学类、计算机类、经济学类
学历要求：仅限本科
学位要求：学士
政治面貌：不限
基层工作经历：无限制
考试类别：市（地）级及以下直属机构综合管理类
备注：1.该职位需要长期出差，经常深入乡村厂矿一线；2.该职位限招应届高校毕业生；3.本单位最低服务年限为5年（含试用期）。","https://www.xjhc.gov.cn/xjhc/c116834/202410/a29382e11a674da3be3353af65f9fcc5.shtml#137123-400110123034","2024-10-14","{""dataset_year"":2025,""job_uid"":""GOV-2025-137123-400110123034"",""publisher"":""国家公务员局"",""publication_page"":""https://www.xjhc.gov.cn/xjhc/c116834/202410/a29382e11a674da3be3353af65f9fcc5.shtml"",""attachment_url"":""https://www.xjhc.gov.cn/xjhc/c116834/202410/a29382e11a674da3be3353af65f9fcc5/files/0536cef86e2b46ddad6aae5a3780089e.xls"",""local_source_file"":""2025_guokao_zhaokaojianzhang.xls"",""local_source_sha256"":""07ae6cab368cd21b7a1ac3e8150fe9a3d39ad5171ce76135ff3cccfe50c3e77e"",""source_sheet"":""中央国家行政机关参照公务员法管理事业单位"",""filter_version"":""government_tech_v2"",""tech_filter"":{""is_tech"":true,""is_core_tech"":true,""scope"":""core"",""categories"":[""computer_software"",""data_ai""],""matched_fields"":[""major"",""description""],""major_terms"":[""计算机类""],""role_terms"":[""数据处理""],""reason"":""tech_major_and_role""},""original"":{""部门代码"":""137123"",""部门名称"":""国家统计局四川调查总队"",""用人司局"":""国家统计局四川调查总队"",""机构性质"":""中央国家行政机关参照公务员法管理事业单位"",""招考职位"":""邻水调查队一级科员"",""职位属性"":""普通职位"",""职位分布"":""西部地区和艰苦边远地区职位"",""职位简介"":""从事一线入户调查、数据处理、统计分析、统计研究等工作。"",""职位代码"":""400110123034"",""机构层级"":""县（区）级及以下"",""考试类别"":""市（地）级及以下直属机构综合管理类"",""招考人数"":""1"",""专业"":""统计学类、数学类、计算机类、经济学类"",""学历"":""仅限本科"",""学位"":""学士"",""政治面貌"":""不限"",""基层工作最低年限"":""无限制"",""服务基层项目工作经历"":""无限制"",""是否在面试阶段组织专业能力测试"":""否"",""面试人员比例"":""3:1"",""工作地点"":""四川省广安市邻水县"",""落户地点"":""四川省广安市邻水县"",""备注"":""1.该职位需要长期出差，经常深入乡村厂矿一线；2.该职位限招应届高校毕业生；3.本单位最低服务年限为5年（含试用期）。"",""部门网站"":""http://www.stats.gov.cn"",""咨询电话1"":""028-65593798"",""咨询电话2"":""028-65593790"",""咨询电话3"":""15802879098"",""来源Sheet"":""中央国家行政机关参照公务员法管理事业单位""}}"
"government_jobs","国家公务员2025招考简章","公务员/事业单位技术岗位","四川省达州市渠县","2026-07-28T09:12:58.310295+00:00","渠县调查队一级科员","国家统计局四川调查总队","","四川省达州市渠县","公务员/事业单位;2025;computer_software;data_ai;仅限本科;学士;统计学类、数学类、计算机类、经济学类，汉语言文学;市（地）级及以下直属机构综合管理类","用人司局：国家统计局四川调查总队
职位简介：从事一线入户调查、数据处理、统计分析、统计研究等工作。
专业要求：统计学类、数学类、计算机类、经济学类，汉语言文学
学历要求：仅限本科
学位要求：学士
政治面貌：不限
基层工作经历：二年
考试类别：市（地）级及以下直属机构综合管理类
备注：1.需服务期满、考核合格；2.该职位限招四川省户籍；3.该职位需要长期出差，经常深入乡村厂矿一线；4.本单位最低服务年限为5年（含试用期）。","https://www.xjhc.gov.cn/xjhc/c116834/202410/a29382e11a674da3be3353af65f9fcc5.shtml#137123-400110123035","2024-10-14","{""dataset_year"":2025,""job_uid"":""GOV-2025-137123-400110123035"",""publisher"":""国家公务员局"",""publication_page"":""https://www.xjhc.gov.cn/xjhc/c116834/202410/a29382e11a674da3be3353af65f9fcc5.shtml"",""attachment_url"":""https://www.xjhc.gov.cn/xjhc/c116834/202410/a29382e11a674da3be3353af65f9fcc5/files/0536cef86e2b46ddad6aae5a3780089e.xls"",""local_source_file"":""2025_guokao_zhaokaojianzhang.xls"",""local_source_sha256"":""07ae6cab368cd21b7a1ac3e8150fe9a3d39ad5171ce76135ff3cccfe50c3e77e"",""source_sheet"":""中央国家行政机关参照公务员法管理事业单位"",""filter_version"":""government_tech_v2"",""tech_filter"":{""is_tech"":true,""is_core_tech"":true,""scope"":""core"",""categories"":[""computer_software"",""data_ai""],""matched_fields"":[""major"",""description""],""major_terms"":[""计算机类""],""role_terms"":[""数据处理""],""reason"":""tech_major_and_role""},""original"":{""部门代码"":""137123"",""部门名称"":""国家统计局四川调查总队"",""用人司局"":""国家统计局四川调查总队"",""机构性质"":""中央国家行政机关参照公务员法管理事业单位"",""招考职位"":""渠县调查队一级科员"",""职位属性"":""普通职位"",""职位分布"":""西部地区和艰苦边远地区职位"",""职位简介"":""从事一线入户调查、数据处理、统计分析、统计研究等工作。"",""职位代码"":""400110123035"",""机构层级"":""县（区）级及以下"",""考试类别"":""市（地）级及以下直属机构综合管理类"",""招考人数"":""1"",""专业"":""统计学类、数学类、计算机类、经济学类，汉语言文学"",""学历"":""仅限本科"",""学位"":""学士"",""政治面貌"":""不限"",""基层工作最低年限"":""二年"",""服务基层项目工作经历"":""大学生村官、农村义务教育阶段学校教师特设岗位计划、“三支一扶”计划、大学生志愿服务西部计划、在军队服役5年（含）以上的高校毕业生退役士兵"",""是否在面试阶段组织专业能力测试"":""否"",""面试人员比例"":""3:1"",""工作地点"":""四川省达州市渠县"",""落户地点"":""四川省达州市渠县"",""备注"":""1.需服务期满、考核合格；2.该职位限招四川省户籍；3.该职位需要长期出差，经常深入乡村厂矿一线；4.本单位最低服务年限为5年（含试用期）。"",""部门网站"":""http://www.stats.gov.cn"",""咨询电话1"":""028-65593798"",""咨询电话2"":""028-65593790"",""咨询电话3"":""15802879098"",""来源Sheet"":""中央国家行政机关参照公务员法管理事业单位""}}"
"government_jobs","国家公务员2025招考简章","公务员/事业单位技术岗位","四川省阿坝藏族羌族自治州汶川县","2026-07-28T09:12:58.310295+00:00","汶川调查队一级科员","国家统计局四川调查总队","","四川省阿坝藏族羌族自治州汶川县","公务员/事业单位;2025;computer_software;data_ai;仅限本科;学士;统计学类、数学类、计算机类、经济学类、工商管理类;市（地）级及以下直属机构综合管理类","用人司局：国家统计局四川调查总队
职位简介：从事一线入户调查、数据处理、统计分析、统计研究等工作。
专业要求：统计学类、数学类、计算机类、经济学类、工商管理类
学历要求：仅限本科
学位要求：学士
政治面貌：不限
基层工作经历：无限制
考试类别：市（地）级及以下直属机构综合管理类
备注：1.该职位需要长期出差，经常深入乡村厂矿一线；2.本单位最低服务年限为5年（含试用期）。","https://www.xjhc.gov.cn/xjhc/c116834/202410/a29382e11a674da3be3353af65f9fcc5.shtml#137123-400110123036","2024-10-14","{""dataset_year"":2025,""job_uid"":""GOV-2025-137123-400110123036"",""publisher"":""国家公务员局"",""publication_page"":""https://www.xjhc.gov.cn/xjhc/c116834/202410/a29382e11a674da3be3353af65f9fcc5.shtml"",""attachment_url"":""https://www.xjhc.gov.cn/xjhc/c116834/202410/a29382e11a674da3be3353af65f9fcc5/files/0536cef86e2b46ddad6aae5a3780089e.xls"",""local_source_file"":""2025_guokao_zhaokaojianzhang.xls"",""local_source_sha256"":""07ae6cab368cd21b7a1ac3e8150fe9a3d39ad5171ce76135ff3cccfe50c3e77e"",""source_sheet"":""中央国家行政机关参照公务员法管理事业单位"",""filter_version"":""government_tech_v2"",""tech_filter"":{""is_tech"":true,""is_core_tech"":true,""scope"":""core"",""categories"":[""computer_software"",""data_ai""],""matched_fields"":[""major"",""description""],""major_terms"":[""计算机类""],""role_terms"":[""数据处理""],""reason"":""tech_major_and_role""},""original"":{""部门代码"":""137123"",""部门名称"":""国家统计局四川调查总队"",""用人司局"":""国家统计局四川调查总队"",""机构性质"":""中央国家行政机关参照公务员法管理事业单位"",""招考职位"":""汶川调查队一级科员"",""职位属性"":""普通职位"",""职位分布"":""西部地区和艰苦边远地区职位"",""职位简介"":""从事一线入户调查、数据处理、统计分析、统计研究等工作。"",""职位代码"":""400110123036"",""机构层级"":""县（区）级及以下"",""考试类别"":""市（地）级及以下直属机构综合管理类"",""招考人数"":""1"",""专业"":""统计学类、数学类、计算机类、经济学类、工商管理类"",""学历"":""仅限本科"",""学位"":""学士"",""政治面貌"":""不限"",""基层工作最低年限"":""无限制"",""服务基层项目工作经历"":""无限制"",""是否在面试阶段组织专业能力测试"":""否"",""面试人员比例"":""3:1"",""工作地点"":""四川省阿坝藏族羌族自治州汶川县"",""落户地点"":""四川省阿坝藏族羌族自治州汶川县"",""备注"":""1.该职位需要长期出差，经常深入乡村厂矿一线；2.本单位最低服务年限为5年（含试用期）。"",""部门网站"":""http://www.stats.gov.cn"",""咨询电话1"":""028-65593798"",""咨询电话2"":""028-65593790"",""咨询电话3"":""15802879098"",""来源Sheet"":""中央国家行政机关参照公务员法管理事业单位""}}"
"government_jobs","国家公务员2025招考简章","公务员/事业单位技术岗位","四川省凉山彝族自治州会东县","2026-07-28T09:12:58.310295+00:00","会东调查队一级科员","国家统计局四川调查总队","","四川省凉山彝族自治州会东县","公务员/事业单位;2025;computer_software;data_ai;仅限本科;学士;统计学类、数学类、计算机类、经济学类、工商管理类;市（地）级及以下直属机构综合管理类","用人司局：国家统计局四川调查总队
职位简介：从事一线入户调查、数据处理、统计分析、统计研究等工作。
专业要求：统计学类、数学类、计算机类、经济学类、工商管理类
学历要求：仅限本科
学位要求：学士
政治面貌：不限
基层工作经历：无限制
考试类别：市（地）级及以下直属机构综合管理类
备注：1.该职位需要长期出差，经常深入乡村厂矿一线；2.本单位最低服务年限为5年（含试用期）。","https://www.xjhc.gov.cn/xjhc/c116834/202410/a29382e11a674da3be3353af65f9fcc5.shtml#137123-400110123037","2024-10-14","{""dataset_year"":2025,""job_uid"":""GOV-2025-137123-400110123037"",""publisher"":""国家公务员局"",""publication_page"":""https://www.xjhc.gov.cn/xjhc/c116834/202410/a29382e11a674da3be3353af65f9fcc5.shtml"",""attachment_url"":""https://www.xjhc.gov.cn/xjhc/c116834/202410/a29382e11a674da3be3353af65f9fcc5/files/0536cef86e2b46ddad6aae5a3780089e.xls"",""local_source_file"":""2025_guokao_zhaokaojianzhang.xls"",""local_source_sha256"":""07ae6cab368cd21b7a1ac3e8150fe9a3d39ad5171ce76135ff3cccfe50c3e77e"",""source_sheet"":""中央国家行政机关参照公务员法管理事业单位"",""filter_version"":""government_tech_v2"",""tech_filter"":{""is_tech"":true,""is_core_tech"":true,""scope"":""core"",""categories"":[""computer_software"",""data_ai""],""matched_fields"":[""major"",""description""],""major_terms"":[""计算机类""],""role_terms"":[""数据处理""],""reason"":""tech_major_and_role""},""original"":{""部门代码"":""137123"",""部门名称"":""国家统计局四川调查总队"",""用人司局"":""国家统计局四川调查总队"",""机构性质"":""中央国家行政机关参照公务员法管理事业单位"",""招考职位"":""会东调查队一级科员"",""职位属性"":""普通职位"",""职位分布"":""西部地区和艰苦边远地区职位"",""职位简介"":""从事一线入户调查、数据处理、统计分析、统计研究等工作。"",""职位代码"":""400110123037"",""机构层级"":""县（区）级及以下"",""考试类别"":""市（地）级及以下直属机构综合管理类"",""招考人数"":""1"",""专业"":""统计学类、数学类、计算机类、经济学类、工商管理类"",""学历"":""仅限本科"",""学位"":""学士"",""政治面貌"":""不限"",""基层工作最低年限"":""无限制"",""服务基层项目工作经历"":""无限制"",""是否在面试阶段组织专业能力测试"":""否"",""面试人员比例"":""3:1"",""工作地点"":""四川省凉山彝族自治州会东县"",""落户地点"":""四川省凉山彝族自治州会东县"",""备注"":""1.该职位需要长期出差，经常深入乡村厂矿一线；2.本单位最低服务年限为5年（含试用期）。"",""部门网站"":""http://www.stats.gov.cn"",""咨询电话1"":""028-65593798"",""咨询电话2"":""028-65593790"",""咨询电话3"":""15802879098"",""来源Sheet"":""中央国家行政机关参照公务员法管理事业单位""}}"
"government_jobs","国家公务员2025招考简章","公务员/事业单位技术岗位","四川省乐山市市中区","2026-07-28T09:12:58.310295+00:00","乐山调查队业务科室一级科员","国家统计局四川调查总队","","四川省乐山市市中区","公务员/事业单位;2025;computer_software;data_ai;仅限本科;学士;统计学类、数学类、计算机类、经济学类，会计学、财务管理;市（地）级及以下直属机构综合管理类","用人司局：国家统计局四川调查总队
职位简介：从事一线入户调查、数据处理、统计分析、统计研究等工作。
专业要求：统计学类、数学类、计算机类、经济学类，会计学、财务管理
学历要求：仅限本科
学位要求：学士
政治面貌：不限
基层工作经历：二年
考试类别：市（地）级及以下直属机构综合管理类
备注：1.需服务期满、考核合格；2.该职位限招四川省户籍；3.该职位需要长期出差，经常深入乡村厂矿一线；4.本单位最低服务年限为5年（含试用期）。","https://www.xjhc.gov.cn/xjhc/c116834/202410/a29382e11a674da3be3353af65f9fcc5.shtml#137123-400110123038","2024-10-14","{""dataset_year"":2025,""job_uid"":""GOV-2025-137123-400110123038"",""publisher"":""国家公务员局"",""publication_page"":""https://www.xjhc.gov.cn/xjhc/c116834/202410/a29382e11a674da3be3353af65f9fcc5.shtml"",""attachment_url"":""https://www.xjhc.gov.cn/xjhc/c116834/202410/a29382e11a674da3be3353af65f9fcc5/files/0536cef86e2b46ddad6aae5a3780089e.xls"",""local_source_file"":""2025_guokao_zhaokaojianzhang.xls"",""local_source_sha256"":""07ae6cab368cd21b7a1ac3e8150fe9a3d39ad5171ce76135ff3cccfe50c3e77e"",""source_sheet"":""中央国家行政机关参照公务员法管理事业单位"",""filter_version"":""government_tech_v2"",""tech_filter"":{""is_tech"":true,""is_core_tech"":true,""scope"":""core"",""categories"":[""computer_software"",""data_ai""],""matched_fields"":[""major"",""description""],""major_terms"":[""计算机类""],""role_terms"":[""数据处理""],""reason"":""tech_major_and_role""},""original"":{""部门代码"":""137123"",""部门名称"":""国家统计局四川调查总队"",""用人司局"":""国家统计局四川调查总队"",""机构性质"":""中央国家行政机关参照公务员法管理事业单位"",""招考职位"":""乐山调查队业务科室一级科员"",""职位属性"":""普通职位"",""职位分布"":""西部地区和艰苦边远地区职位"",""职位简介"":""从事一线入户调查、数据处理、统计分析、统计研究等工作。"",""职位代码"":""400110123038"",""机构层级"":""市（地）级"",""考试类别"":""市（地）级及以下直属机构综合管理类"",""招考人数"":""1"",""专业"":""统计学类、数学类、计算机类、经济学类，会计学、财务管理"",""学历"":""仅限本科"",""学位"":""学士"",""政治面貌"":""不限"",""基层工作最低年限"":""二年"",""服务基层项目工作经历"":""大学生村官、农村义务教育阶段学校教师特设岗位计划、“三支一扶”计划、大学生志愿服务西部计划、在军队服役5年（含）以上的高校毕业生退役士兵"",""是否在面试阶段组织专业能力测试"":""否"",""面试人员比例"":""3:1"",""工作地点"":""四川省乐山市市中区"",""落户地点"":""四川省乐山市市中区"",""备注"":""1.需服务期满、考核合格；2.该职位限招四川省户籍；3.该职位需要长期出差，经常深入乡村厂矿一线；4.本单位最低服务年限为5年（含试用期）。"",""部门网站"":""http://www.stats.gov.cn"",""咨询电话1"":""028-65593798"",""咨询电话2"":""028-65593790"",""咨询电话3"":""15802879098"",""来源Sheet"":""中央国家行政机关参照公务员法管理事业单位""}}"
"government_jobs","国家公务员2025招考简章","公务员/事业单位技术岗位","四川省雅安市雨城区","2026-07-28T09:12:58.310295+00:00","雅安调查队业务科室一级科员（1）","国家统计局四川调查总队","","四川省雅安市雨城区","公务员/事业单位;2025;computer_software;data_ai;仅限本科;学士;统计学类、数学类、计算机类、经济学类，汉语言文学;市（地）级及以下直属机构综合管理类","用人司局：国家统计局四川调查总队
职位简介：从事一线入户调查、数据处理、统计分析、统计研究等工作。
专业要求：统计学类、数学类、计算机类、经济学类，汉语言文学
学历要求：仅限本科
学位要求：学士
政治面貌：不限
基层工作经历：无限制
考试类别：市（地）级及以下直属机构综合管理类
备注：1.该职位需要长期出差，经常深入乡村厂矿一线；2.该职位限招应届高校毕业生；3.本单位最低服务年限为5年（含试用期）；4.限男性报考。","https://www.xjhc.gov.cn/xjhc/c116834/202410/a29382e11a674da3be3353af65f9fcc5.shtml#137123-400110123040","2024-10-14","{""dataset_year"":2025,""job_uid"":""GOV-2025-137123-400110123040"",""publisher"":""国家公务员局"",""publication_page"":""https://www.xjhc.gov.cn/xjhc/c116834/202410/a29382e11a674da3be3353af65f9fcc5.shtml"",""attachment_url"":""https://www.xjhc.gov.cn/xjhc/c116834/202410/a29382e11a674da3be3353af65f9fcc5/files/0536cef86e2b46ddad6aae5a3780089e.xls"",""local_source_file"":""2025_guokao_zhaokaojianzhang.xls"",""local_source_sha256"":""07ae6cab368cd21b7a1ac3e8150fe9a3d39ad5171ce76135ff3cccfe50c3e77e"",""source_sheet"":""中央国家行政机关参照公务员法管理事业单位"",""filter_version"":""government_tech_v2"",""tech_filter"":{""is_tech"":true,""is_core_tech"":true,""scope"":""core"",""categories"":[""computer_software"",""data_ai""],""matched_fields"":[""major"",""description""],""major_terms"":[""计算机类""],""role_terms"":[""数据处理""],""reason"":""tech_major_and_role""},""original"":{""部门代码"":""137123"",""部门名称"":""国家统计局四川调查总队"",""用人司局"":""国家统计局四川调查总队"",""机构性质"":""中央国家行政机关参照公务员法管理事业单位"",""招考职位"":""雅安调查队业务科室一级科员（1）"",""职位属性"":""普通职位"",""职位分布"":""西部地区和艰苦边远地区职位"",""职位简介"":""从事一线入户调查、数据处理、统计分析、统计研究等工作。"",""职位代码"":""400110123040"",""机构层级"":""市（地）级"",""考试类别"":""市（地）级及以下直属机构综合管理类"",""招考人数"":""1"",""专业"":""统计学类、数学类、计算机类、经济学类，汉语言文学"",""学历"":""仅限本科"",""学位"":""学士"",""政治面貌"":""不限"",""基层工作最低年限"":""无限制"",""服务基层项目工作经历"":""无限制"",""是否在面试阶段组织专业能力测试"":""否"",""面试人员比例"":""3:1"",""工作地点"":""四川省雅安市雨城区"",""落户地点"":""四川省雅安市雨城区"",""备注"":""1.该职位需要长期出差，经常深入乡村厂矿一线；2.该职位限招应届高校毕业生；3.本单位最低服务年限为5年（含试用期）；4.限男性报考。"",""部门网站"":""http://www.stats.gov.cn"",""咨询电话1"":""028-65593798"",""咨询电话2"":""028-65593790"",""咨询电话3"":""15802879098"",""来源Sheet"":""中央国家行政机关参照公务员法管理事业单位""}}"
"government_jobs","国家公务员2025招考简章","公务员/事业单位技术岗位","四川省雅安市雨城区","2026-07-28T09:12:58.310295+00:00","雅安调查队业务科室一级科员（2）","国家统计局四川调查总队","","四川省雅安市雨城区","公务员/事业单位;2025;computer_software;data_ai;仅限本科;学士;统计学类、数学类、计算机类、经济学类，汉语言文学;市（地）级及以下直属机构综合管理类","用人司局：国家统计局四川调查总队
职位简介：从事一线入户调查、数据处理、统计分析、统计研究等工作。
专业要求：统计学类、数学类、计算机类、经济学类，汉语言文学
学历要求：仅限本科
学位要求：学士
政治面貌：不限
基层工作经历：无限制
考试类别：市（地）级及以下直属机构综合管理类
备注：1.该职位需要长期出差，经常深入乡村厂矿一线；2.该职位限招应届高校毕业生；3.本单位最低服务年限为5年（含试用期）；4.限女性报考。","https://www.xjhc.gov.cn/xjhc/c116834/202410/a29382e11a674da3be3353af65f9fcc5.shtml#137123-400110123041","2024-10-14","{""dataset_year"":2025,""job_uid"":""GOV-2025-137123-400110123041"",""publisher"":""国家公务员局"",""publication_page"":""https://www.xjhc.gov.cn/xjhc/c116834/202410/a29382e11a674da3be3353af65f9fcc5.shtml"",""attachment_url"":""https://www.xjhc.gov.cn/xjhc/c116834/202410/a29382e11a674da3be3353af65f9fcc5/files/0536cef86e2b46ddad6aae5a3780089e.xls"",""local_source_file"":""2025_guokao_zhaokaojianzhang.xls"",""local_source_sha256"":""07ae6cab368cd21b7a1ac3e8150fe9a3d39ad5171ce76135ff3cccfe50c3e77e"",""source_sheet"":""中央国家行政机关参照公务员法管理事业单位"",""filter_version"":""government_tech_v2"",""tech_filter"":{""is_tech"":true,""is_core_tech"":true,""scope"":""core"",""categories"":[""computer_software"",""data_ai""],""matched_fields"":[""major"",""description""],""major_terms"":[""计算机类""],""role_terms"":[""数据处理""],""reason"":""tech_major_and_role""},""original"":{""部门代码"":""137123"",""部门名称"":""国家统计局四川调查总队"",""用人司局"":""国家统计局四川调查总队"",""机构性质"":""中央国家行政机关参照公务员法管理事业单位"",""招考职位"":""雅安调查队业务科室一级科员（2）"",""职位属性"":""普通职位"",""职位分布"":""西部地区和艰苦边远地区职位"",""职位简介"":""从事一线入户调查、数据处理、统计分析、统计研究等工作。"",""职位代码"":""400110123041"",""机构层级"":""市（地）级"",""考试类别"":""市（地）级及以下直属机构综合管理类"",""招考人数"":""1"",""专业"":""统计学类、数学类、计算机类、经济学类，汉语言文学"",""学历"":""仅限本科"",""学位"":""学士"",""政治面貌"":""不限"",""基层工作最低年限"":""无限制"",""服务基层项目工作经历"":""无限制"",""是否在面试阶段组织专业能力测试"":""否"",""面试人员比例"":""3:1"",""工作地点"":""四川省雅安市雨城区"",""落户地点"":""四川省雅安市雨城区"",""备注"":""1.该职位需要长期出差，经常深入乡村厂矿一线；2.该职位限招应届高校毕业生；3.本单位最低服务年限为5年（含试用期）；4.限女性报考。"",""部门网站"":""http://www.stats.gov.cn"",""咨询电话1"":""028-65593798"",""咨询电话2"":""028-65593790"",""咨询电话3"":""15802879098"",""来源Sheet"":""中央国家行政机关参照公务员法管理事业单位""}}"
"government_jobs","国家公务员2025招考简章","公务员/事业单位技术岗位","贵州省六盘水市钟山区","2026-07-28T09:12:58.310295+00:00","六盘水调查队业务科室一级科员（2）","国家统计局贵州调查总队","","贵州省六盘水市钟山区","公务员/事业单位;2025;computer_software;cybersecurity_cryptography;data_ai;仅限本科;学士;统计学、应用统计学、数学与应用数学、信息与计算科学、数据计算及应用、农林经济管理、农村区域发展、网络工程、信息安全、经济学、经济统计学。;市（地）级及以下直属机构综合管理类","用人司局：国家统计局贵州调查总队
职位简介：从事一线入户调查、数据处理、统计分析、统计研究等工作。
专业要求：统计学、应用统计学、数学与应用数学、信息与计算科学、数据计算及应用、农林经济管理、农村区域发展、网络工程、信息安全、经济学、经济统计学。
学历要求：仅限本科
学位要求：学士
政治面貌：不限
基层工作经历：二年
考试类别：市（地）级及以下直属机构综合管理类
备注：1.需服务期满二年且均考核合格，当前正处于服务期间的不得报考。2.本职位工作条件艰苦，需长期独立深入乡村、企业工作。3.本单位最低服务年限为5年（含试用期）。4.所列专业均要求主修专业，考生报考专业须与招录专业名称一致。","https://www.xjhc.gov.cn/xjhc/c116834/202410/a29382e11a674da3be3353af65f9fcc5.shtml#137124-400110124006","2024-10-14","{""dataset_year"":2025,""job_uid"":""GOV-2025-137124-400110124006"",""publisher"":""国家公务员局"",""publication_page"":""https://www.xjhc.gov.cn/xjhc/c116834/202410/a29382e11a674da3be3353af65f9fcc5.shtml"",""attachment_url"":""https://www.xjhc.gov.cn/xjhc/c116834/202410/a29382e11a674da3be3353af65f9fcc5/files/0536cef86e2b46ddad6aae5a3780089e.xls"",""local_source_file"":""2025_guokao_zhaokaojianzhang.xls"",""local_source_sha256"":""07ae6cab368cd21b7a1ac3e8150fe9a3d39ad5171ce76135ff3cccfe50c3e77e"",""source_sheet"":""中央国家行政机关参照公务员法管理事业单位"",""filter_version"":""government_tech_v2"",""tech_filter"":{""is_tech"":true,""is_core_tech"":true,""scope"":""core"",""categories"":[""computer_software"",""cybersecurity_cryptography"",""data_ai""],""matched_fields"":[""major"",""description""],""major_terms"":[""信息安全"",""网络工程""],""role_terms"":[""数据处理""],""reason"":""tech_major_and_role""},""original"":{""部门代码"":""137124"",""部门名称"":""国家统计局贵州调查总队"",""用人司局"":""国家统计局贵州调查总队"",""机构性质"":""中央国家行政机关参照公务员法管理事业单位"",""招考职位"":""六盘水调查队业务科室一级科员（2）"",""职位属性"":""普通职位"",""职位分布"":""西部地区和艰苦边远地区职位"",""职位简介"":""从事一线入户调查、数据处理、统计分析、统计研究等工作。"",""职位代码"":""400110124006"",""机构层级"":""市（地）级"",""考试类别"":""市（地）级及以下直属机构综合管理类"",""招考人数"":""1"",""专业"":""统计学、应用统计学、数学与应用数学、信息与计算科学、数据计算及应用、农林经济管理、农村区域发展、网络工程、信息安全、经济学、经济统计学。"",""学历"":""仅限本科"",""学位"":""学士"",""政治面貌"":""不限"",""基层工作最低年限"":""二年"",""服务基层项目工作经历"":""大学生村官、“三支一扶”计划、大学生志愿服务西部计划"",""是否在面试阶段组织专业能力测试"":""否"",""面试人员比例"":""3:1"",""工作地点"":""贵州省六盘水市钟山区"",""落户地点"":""贵州省六盘水市钟山区"",""备注"":""1.需服务期满二年且均考核合格，当前正处于服务期间的不得报考。2.本职位工作条件艰苦，需长期独立深入乡村、企业工作。3.本单位最低服务年限为5年（含试用期）。4.所列专业均要求主修专业，考生报考专业须与招录专业名称一致。"",""部门网站"":""无"",""咨询电话1"":""0851-86677007"",""咨询电话2"":"""",""咨询电话3"":"""",""来源Sheet"":""中央国家行政机关参照公务员法管理事业单位""}}"
"government_jobs","国家公务员2025招考简章","公务员/事业单位技术岗位","贵州省遵义市赤水市","2026-07-28T09:12:58.310295+00:00","赤水调查队一级科员","国家统计局贵州调查总队","","贵州省遵义市赤水市","公务员/事业单位;2025;computer_software;cybersecurity_cryptography;data_ai;仅限本科;学士;统计学、应用统计学、数学与应用数学、信息与计算科学、数据计算及应用、农林经济管理、农村区域发展、网络工程、信息安全、经济学、经济统计学。;市（地）级及以下直属机构综合管理类","用人司局：国家统计局贵州调查总队
职位简介：从事一线入户调查、数据处理、统计分析、统计研究等工作。
专业要求：统计学、应用统计学、数学与应用数学、信息与计算科学、数据计算及应用、农林经济管理、农村区域发展、网络工程、信息安全、经济学、经济统计学。
学历要求：仅限本科
学位要求：学士
政治面貌：不限
基层工作经历：无限制
考试类别：市（地）级及以下直属机构综合管理类
备注：1.限2025届高校毕业生。2.本职位工作条件艰苦，需长期独立深入乡村、企业工作。3.限贵州省遵义市户籍或贵州省遵义市生源。4.本单位最低服务年限为5年（含试用期）。5.所列专业均要求主修专业，考生报考专业须与招录专业名称一致。","https://www.xjhc.gov.cn/xjhc/c116834/202410/a29382e11a674da3be3353af65f9fcc5.shtml#137124-400110124007","2024-10-14","{""dataset_year"":2025,""job_uid"":""GOV-2025-137124-400110124007"",""publisher"":""国家公务员局"",""publication_page"":""https://www.xjhc.gov.cn/xjhc/c116834/202410/a29382e11a674da3be3353af65f9fcc5.shtml"",""attachment_url"":""https://www.xjhc.gov.cn/xjhc/c116834/202410/a29382e11a674da3be3353af65f9fcc5/files/0536cef86e2b46ddad6aae5a3780089e.xls"",""local_source_file"":""2025_guokao_zhaokaojianzhang.xls"",""local_source_sha256"":""07ae6cab368cd21b7a1ac3e8150fe9a3d39ad5171ce76135ff3cccfe50c3e77e"",""source_sheet"":""中央国家行政机关参照公务员法管理事业单位"",""filter_version"":""government_tech_v2"",""tech_filter"":{""is_tech"":true,""is_core_tech"":true,""scope"":""core"",""categories"":[""computer_software"",""cybersecurity_cryptography"",""data_ai""],""matched_fields"":[""major"",""description""],""major_terms"":[""信息安全"",""网络工程""],""role_terms"":[""数据处理""],""reason"":""tech_major_and_role""},""original"":{""部门代码"":""137124"",""部门名称"":""国家统计局贵州调查总队"",""用人司局"":""国家统计局贵州调查总队"",""机构性质"":""中央国家行政机关参照公务员法管理事业单位"",""招考职位"":""赤水调查队一级科员"",""职位属性"":""普通职位"",""职位分布"":""西部地区和艰苦边远地区职位"",""职位简介"":""从事一线入户调查、数据处理、统计分析、统计研究等工作。"",""职位代码"":""400110124007"",""机构层级"":""县（区）级及以下"",""考试类别"":""市（地）级及以下直属机构综合管理类"",""招考人数"":""1"",""专业"":""统计学、应用统计学、数学与应用数学、信息与计算科学、数据计算及应用、农林经济管理、农村区域发展、网络工程、信息安全、经济学、经济统计学。"",""学历"":""仅限本科"",""学位"":""学士"",""政治面貌"":""不限"",""基层工作最低年限"":""无限制"",""服务基层项目工作经历"":""无限制"",""是否在面试阶段组织专业能力测试"":""否"",""面试人员比例"":""3:1"",""工作地点"":""贵州省遵义市赤水市"",""落户地点"":""贵州省遵义市赤水市"",""备注"":""1.限2025届高校毕业生。2.本职位工作条件艰苦，需长期独立深入乡村、企业工作。3.限贵州省遵义市户籍或贵州省遵义市生源。4.本单位最低服务年限为5年（含试用期）。5.所列专业均要求主修专业，考生报考专业须与招录专业名称一致。"",""部门网站"":""无"",""咨询电话1"":""0851-86677007"",""咨询电话2"":"""",""咨询电话3"":"""",""来源Sheet"":""中央国家行政机关参照公务员法管理事业单位""}}"
"government_jobs","国家公务员2025招考简章","公务员/事业单位技术岗位","贵州省遵义市正安县","2026-07-28T09:12:58.310295+00:00","正安调查队一级科员","国家统计局贵州调查总队","","贵州省遵义市正安县","公务员/事业单位;2025;computer_software;cybersecurity_cryptography;data_ai;仅限本科;学士;统计学、应用统计学、数学与应用数学、信息与计算科学、数据计算及应用、农林经济管理、农村区域发展、网络工程、信息安全、经济学、经济统计学。;市（地）级及以下直属机构综合管理类","用人司局：国家统计局贵州调查总队
职位简介：从事一线入户调查、数据处理、统计分析、统计研究等工作。
专业要求：统计学、应用统计学、数学与应用数学、信息与计算科学、数据计算及应用、农林经济管理、农村区域发展、网络工程、信息安全、经济学、经济统计学。
学历要求：仅限本科
学位要求：学士
政治面貌：不限
基层工作经历：无限制
考试类别：市（地）级及以下直属机构综合管理类
备注：1.限2025届高校毕业生。2.本职位工作条件艰苦，需长期独立深入乡村、企业工作。3.限贵州省遵义市户籍或贵州省遵义市生源。4.本单位最低服务年限为5年（含试用期）。5.所列专业均要求主修专业，考生报考专业须与招录专业名称一致。","https://www.xjhc.gov.cn/xjhc/c116834/202410/a29382e11a674da3be3353af65f9fcc5.shtml#137124-400110124008","2024-10-14","{""dataset_year"":2025,""job_uid"":""GOV-2025-137124-400110124008"",""publisher"":""国家公务员局"",""publication_page"":""https://www.xjhc.gov.cn/xjhc/c116834/202410/a29382e11a674da3be3353af65f9fcc5.shtml"",""attachment_url"":""https://www.xjhc.gov.cn/xjhc/c116834/202410/a29382e11a674da3be3353af65f9fcc5/files/0536cef86e2b46ddad6aae5a3780089e.xls"",""local_source_file"":""2025_guokao_zhaokaojianzhang.xls"",""local_source_sha256"":""07ae6cab368cd21b7a1ac3e8150fe9a3d39ad5171ce76135ff3cccfe50c3e77e"",""source_sheet"":""中央国家行政机关参照公务员法管理事业单位"",""filter_version"":""government_tech_v2"",""tech_filter"":{""is_tech"":true,""is_core_tech"":true,""scope"":""core"",""categories"":[""computer_software"",""cybersecurity_cryptography"",""data_ai""],""matched_fields"":[""major"",""description""],""major_terms"":[""信息安全"",""网络工程""],""role_terms"":[""数据处理""],""reason"":""tech_major_and_role""},""original"":{""部门代码"":""137124"",""部门名称"":""国家统计局贵州调查总队"",""用人司局"":""国家统计局贵州调查总队"",""机构性质"":""中央国家行政机关参照公务员法管理事业单位"",""招考职位"":""正安调查队一级科员"",""职位属性"":""普通职位"",""职位分布"":""西部地区和艰苦边远地区职位"",""职位简介"":""从事一线入户调查、数据处理、统计分析、统计研究等工作。"",""职位代码"":""400110124008"",""机构层级"":""县（区）级及以下"",""考试类别"":""市（地）级及以下直属机构综合管理类"",""招考人数"":""1"",""专业"":""统计学、应用统计学、数学与应用数学、信息与计算科学、数据计算及应用、农林经济管理、农村区域发展、网络工程、信息安全、经济学、经济统计学。"",""学历"":""仅限本科"",""学位"":""学士"",""政治面貌"":""不限"",""基层工作最低年限"":""无限制"",""服务基层项目工作经历"":""无限制"",""是否在面试阶段组织专业能力测试"":""否"",""面试人员比例"":""3:1"",""工作地点"":""贵州省遵义市正安县"",""落户地点"":""贵州省遵义市正安县"",""备注"":""1.限2025届高校毕业生。2.本职位工作条件艰苦，需长期独立深入乡村、企业工作。3.限贵州省遵义市户籍或贵州省遵义市生源。4.本单位最低服务年限为5年（含试用期）。5.所列专业均要求主修专业，考生报考专业须与招录专业名称一致。"",""部门网站"":""无"",""咨询电话1"":""0851-86677007"",""咨询电话2"":"""",""咨询电话3"":"""",""来源Sheet"":""中央国家行政机关参照公务员法管理事业单位""}}"
"government_jobs","国家公务员2025招考简章","公务员/事业单位技术岗位","贵州省遵义市道真仡佬族苗族自治县","2026-07-28T09:12:58.310295+00:00","道真调查队一级科员（1）","国家统计局贵州调查总队","","贵州省遵义市道真仡佬族苗族自治县","公务员/事业单位;2025;computer_software;cybersecurity_cryptography;data_ai;仅限本科;学士;统计学、应用统计学、数学与应用数学、信息与计算科学、数据计算及应用、农林经济管理、农村区域发展、网络工程、信息安全、经济学、经济统计学。;市（地）级及以下直属机构综合管理类","用人司局：国家统计局贵州调查总队
职位简介：从事一线入户调查、数据处理、统计分析、统计研究等工作。
专业要求：统计学、应用统计学、数学与应用数学、信息与计算科学、数据计算及应用、农林经济管理、农村区域发展、网络工程、信息安全、经济学、经济统计学。
学历要求：仅限本科
学位要求：学士
政治面貌：不限
基层工作经历：无限制
考试类别：市（地）级及以下直属机构综合管理类
备注：1.限2025届高校毕业生。2.本职位工作条件艰苦，需长期独立深入乡村、企业工作。3.限贵州省遵义市户籍或贵州省遵义市生源。4.本单位最低服务年限为5年（含试用期）。5.所列专业均要求主修专业，考生报考专业须与招录专业名称一致。","https://www.xjhc.gov.cn/xjhc/c116834/202410/a29382e11a674da3be3353af65f9fcc5.shtml#137124-400110124009","2024-10-14","{""dataset_year"":2025,""job_uid"":""GOV-2025-137124-400110124009"",""publisher"":""国家公务员局"",""publication_page"":""https://www.xjhc.gov.cn/xjhc/c116834/202410/a29382e11a674da3be3353af65f9fcc5.shtml"",""attachment_url"":""https://www.xjhc.gov.cn/xjhc/c116834/202410/a29382e11a674da3be3353af65f9fcc5/files/0536cef86e2b46ddad6aae5a3780089e.xls"",""local_source_file"":""2025_guokao_zhaokaojianzhang.xls"",""local_source_sha256"":""07ae6cab368cd21b7a1ac3e8150fe9a3d39ad5171ce76135ff3cccfe50c3e77e"",""source_sheet"":""中央国家行政机关参照公务员法管理事业单位"",""filter_version"":""government_tech_v2"",""tech_filter"":{""is_tech"":true,""is_core_tech"":true,""scope"":""core"",""categories"":[""computer_software"",""cybersecurity_cryptography"",""data_ai""],""matched_fields"":[""major"",""description""],""major_terms"":[""信息安全"",""网络工程""],""role_terms"":[""数据处理""],""reason"":""tech_major_and_role""},""original"":{""部门代码"":""137124"",""部门名称"":""国家统计局贵州调查总队"",""用人司局"":""国家统计局贵州调查总队"",""机构性质"":""中央国家行政机关参照公务员法管理事业单位"",""招考职位"":""道真调查队一级科员（1）"",""职位属性"":""普通职位"",""职位分布"":""西部地区和艰苦边远地区职位"",""职位简介"":""从事一线入户调查、数据处理、统计分析、统计研究等工作。"",""职位代码"":""400110124009"",""机构层级"":""县（区）级及以下"",""考试类别"":""市（地）级及以下直属机构综合管理类"",""招考人数"":""1"",""专业"":""统计学、应用统计学、数学与应用数学、信息与计算科学、数据计算及应用、农林经济管理、农村区域发展、网络工程、信息安全、经济学、经济统计学。"",""学历"":""仅限本科"",""学位"":""学士"",""政治面貌"":""不限"",""基层工作最低年限"":""无限制"",""服务基层项目工作经历"":""无限制"",""是否在面试阶段组织专业能力测试"":""否"",""面试人员比例"":""3:1"",""工作地点"":""贵州省遵义市道真仡佬族苗族自治县"",""落户地点"":""贵州省遵义市道真仡佬族苗族自治县"",""备注"":""1.限2025届高校毕业生。2.本职位工作条件艰苦，需长期独立深入乡村、企业工作。3.限贵州省遵义市户籍或贵州省遵义市生源。4.本单位最低服务年限为5年（含试用期）。5.所列专业均要求主修专业，考生报考专业须与招录专业名称一致。"",""部门网站"":""无"",""咨询电话1"":""0851-86677007"",""咨询电话2"":"""",""咨询电话3"":"""",""来源Sheet"":""中央国家行政机关参照公务员法管理事业单位""}}"
"government_jobs","国家公务员2025招考简章","公务员/事业单位技术岗位","贵州省遵义市道真仡佬族苗族自治县","2026-07-28T09:12:58.310295+00:00","道真调查队一级科员（2）","国家统计局贵州调查总队","","贵州省遵义市道真仡佬族苗族自治县","公务员/事业单位;2025;computer_software;cybersecurity_cryptography;data_ai;仅限本科;学士;统计学、应用统计学、数学与应用数学、信息与计算科学、数据计算及应用、农林经济管理、农村区域发展、网络工程、信息安全、经济学、经济统计学。;市（地）级及以下直属机构综合管理类","用人司局：国家统计局贵州调查总队
职位简介：从事一线入户调查、数据处理、统计分析、统计研究等工作。
专业要求：统计学、应用统计学、数学与应用数学、信息与计算科学、数据计算及应用、农林经济管理、农村区域发展、网络工程、信息安全、经济学、经济统计学。
学历要求：仅限本科
学位要求：学士
政治面貌：不限
基层工作经历：二年
考试类别：市（地）级及以下直属机构综合管理类
备注：1.需服务期满二年且均考核合格，当前正处于服务期间的不得报考。2.本职位工作条件艰苦，需长期独立深入乡村、企业工作。3.本单位最低服务年限为5年（含试用期）。4.所列专业均要求主修专业，考生报考专业须与招录专业名称一致。","https://www.xjhc.gov.cn/xjhc/c116834/202410/a29382e11a674da3be3353af65f9fcc5.shtml#137124-400110124010","2024-10-14","{""dataset_year"":2025,""job_uid"":""GOV-2025-137124-400110124010"",""publisher"":""国家公务员局"",""publication_page"":""https://www.xjhc.gov.cn/xjhc/c116834/202410/a29382e11a674da3be3353af65f9fcc5.shtml"",""attachment_url"":""https://www.xjhc.gov.cn/xjhc/c116834/202410/a29382e11a674da3be3353af65f9fcc5/files/0536cef86e2b46ddad6aae5a3780089e.xls"",""local_source_file"":""2025_guokao_zhaokaojianzhang.xls"",""local_source_sha256"":""07ae6cab368cd21b7a1ac3e8150fe9a3d39ad5171ce76135ff3cccfe50c3e77e"",""source_sheet"":""中央国家行政机关参照公务员法管理事业单位"",""filter_version"":""government_tech_v2"",""tech_filter"":{""is_tech"":true,""is_core_tech"":true,""scope"":""core"",""categories"":[""computer_software"",""cybersecurity_cryptography"",""data_ai""],""matched_fields"":[""major"",""description""],""major_terms"":[""信息安全"",""网络工程""],""role_terms"":[""数据处理""],""reason"":""tech_major_and_role""},""original"":{""部门代码"":""137124"",""部门名称"":""国家统计局贵州调查总队"",""用人司局"":""国家统计局贵州调查总队"",""机构性质"":""中央国家行政机关参照公务员法管理事业单位"",""招考职位"":""道真调查队一级科员（2）"",""职位属性"":""普通职位"",""职位分布"":""西部地区和艰苦边远地区职位"",""职位简介"":""从事一线入户调查、数据处理、统计分析、统计研究等工作。"",""职位代码"":""400110124010"",""机构层级"":""县（区）级及以下"",""考试类别"":""市（地）级及以下直属机构综合管理类"",""招考人数"":""1"",""专业"":""统计学、应用统计学、数学与应用数学、信息与计算科学、数据计算及应用、农林经济管理、农村区域发展、网络工程、信息安全、经济学、经济统计学。"",""学历"":""仅限本科"",""学位"":""学士"",""政治面貌"":""不限"",""基层工作最低年限"":""二年"",""服务基层项目工作经历"":""大学生村官、“三支一扶”计划、大学生志愿服务西部计划"",""是否在面试阶段组织专业能力测试"":""否"",""面试人员比例"":""3:1"",""工作地点"":""贵州省遵义市道真仡佬族苗族自治县"",""落户地点"":""贵州省遵义市道真仡佬族苗族自治县"",""备注"":""1.需服务期满二年且均考核合格，当前正处于服务期间的不得报考。2.本职位工作条件艰苦，需长期独立深入乡村、企业工作。3.本单位最低服务年限为5年（含试用期）。4.所列专业均要求主修专业，考生报考专业须与招录专业名称一致。"",""部门网站"":""无"",""咨询电话1"":""0851-86677007"",""咨询电话2"":"""",""咨询电话3"":"""",""来源Sheet"":""中央国家行政机关参照公务员法管理事业单位""}}"
"government_jobs","国家公务员2025招考简章","公务员/事业单位技术岗位","贵州省遵义市习水县","2026-07-28T09:12:58.310295+00:00","习水调查队一级科员","国家统计局贵州调查总队","","贵州省遵义市习水县","公务员/事业单位;2025;computer_software;cybersecurity_cryptography;data_ai;仅限本科;学士;统计学、应用统计学、数学与应用数学、信息与计算科学、数据计算及应用、农林经济管理、农村区域发展、网络工程、信息安全、经济学、经济统计学。;市（地）级及以下直属机构综合管理类","用人司局：国家统计局贵州调查总队
职位简介：从事一线入户调查、数据处理、统计分析、统计研究等工作。
专业要求：统计学、应用统计学、数学与应用数学、信息与计算科学、数据计算及应用、农林经济管理、农村区域发展、网络工程、信息安全、经济学、经济统计学。
学历要求：仅限本科
学位要求：学士
政治面貌：不限
基层工作经历：无限制
考试类别：市（地）级及以下直属机构综合管理类
备注：1.限2025届高校毕业生。2.本职位工作条件艰苦，需长期独立深入乡村、企业工作。3.限贵州省遵义市户籍或贵州省遵义市生源。4.本单位最低服务年限为5年（含试用期）。5.所列专业均要求主修专业，考生报考专业须与招录专业名称一致。","https://www.xjhc.gov.cn/xjhc/c116834/202410/a29382e11a674da3be3353af65f9fcc5.shtml#137124-400110124011","2024-10-14","{""dataset_year"":2025,""job_uid"":""GOV-2025-137124-400110124011"",""publisher"":""国家公务员局"",""publication_page"":""https://www.xjhc.gov.cn/xjhc/c116834/202410/a29382e11a674da3be3353af65f9fcc5.shtml"",""attachment_url"":""https://www.xjhc.gov.cn/xjhc/c116834/202410/a29382e11a674da3be3353af65f9fcc5/files/0536cef86e2b46ddad6aae5a3780089e.xls"",""local_source_file"":""2025_guokao_zhaokaojianzhang.xls"",""local_source_sha256"":""07ae6cab368cd21b7a1ac3e8150fe9a3d39ad5171ce76135ff3cccfe50c3e77e"",""source_sheet"":""中央国家行政机关参照公务员法管理事业单位"",""filter_version"":""government_tech_v2"",""tech_filter"":{""is_tech"":true,""is_core_tech"":true,""scope"":""core"",""categories"":[""computer_software"",""cybersecurity_cryptography"",""data_ai""],""matched_fields"":[""major"",""description""],""major_terms"":[""信息安全"",""网络工程""],""role_terms"":[""数据处理""],""reason"":""tech_major_and_role""},""original"":{""部门代码"":""137124"",""部门名称"":""国家统计局贵州调查总队"",""用人司局"":""国家统计局贵州调查总队"",""机构性质"":""中央国家行政机关参照公务员法管理事业单位"",""招考职位"":""习水调查队一级科员"",""职位属性"":""普通职位"",""职位分布"":""西部地区和艰苦边远地区职位"",""职位简介"":""从事一线入户调查、数据处理、统计分析、统计研究等工作。"",""职位代码"":""400110124011"",""机构层级"":""县（区）级及以下"",""考试类别"":""市（地）级及以下直属机构综合管理类"",""招考人数"":""1"",""专业"":""统计学、应用统计学、数学与应用数学、信息与计算科学、数据计算及应用、农林经济管理、农村区域发展、网络工程、信息安全、经济学、经济统计学。"",""学历"":""仅限本科"",""学位"":""学士"",""政治面貌"":""不限"",""基层工作最低年限"":""无限制"",""服务基层项目工作经历"":""无限制"",""是否在面试阶段组织专业能力测试"":""否"",""面试人员比例"":""3:1"",""工作地点"":""贵州省遵义市习水县"",""落户地点"":""贵州省遵义市习水县"",""备注"":""1.限2025届高校毕业生。2.本职位工作条件艰苦，需长期独立深入乡村、企业工作。3.限贵州省遵义市户籍或贵州省遵义市生源。4.本单位最低服务年限为5年（含试用期）。5.所列专业均要求主修专业，考生报考专业须与招录专业名称一致。"",""部门网站"":""无"",""咨询电话1"":""0851-86677007"",""咨询电话2"":"""",""咨询电话3"":"""",""来源Sheet"":""中央国家行政机关参照公务员法管理事业单位""}}"
"government_jobs","国家公务员2025招考简章","公务员/事业单位技术岗位","贵州省安顺市镇宁布依族苗族自治县","2026-07-28T09:12:58.310295+00:00","镇宁调查队一级科员","国家统计局贵州调查总队","","贵州省安顺市镇宁布依族苗族自治县","公务员/事业单位;2025;computer_software;cybersecurity_cryptography;data_ai;仅限本科;学士;统计学、应用统计学、数学与应用数学、信息与计算科学、数据计算及应用、农林经济管理、农村区域发展、网络工程、信息安全、经济学、经济统计学。;市（地）级及以下直属机构综合管理类","用人司局：国家统计局贵州调查总队
职位简介：从事一线入户调查、数据处理、统计分析、统计研究等工作。
专业要求：统计学、应用统计学、数学与应用数学、信息与计算科学、数据计算及应用、农林经济管理、农村区域发展、网络工程、信息安全、经济学、经济统计学。
学历要求：仅限本科
学位要求：学士
政治面貌：不限
基层工作经历：无限制
考试类别：市（地）级及以下直属机构综合管理类
备注：1.限2025届高校毕业生。2.本职位工作条件艰苦，需长期独立深入乡村、企业工作。3.限贵州省安顺市户籍或贵州省安顺市生源。4.本单位最低服务年限为5年（含试用期）。5.所列专业均要求主修专业，考生报考专业须与招录专业名称一致。","https://www.xjhc.gov.cn/xjhc/c116834/202410/a29382e11a674da3be3353af65f9fcc5.shtml#137124-400110124012","2024-10-14","{""dataset_year"":2025,""job_uid"":""GOV-2025-137124-400110124012"",""publisher"":""国家公务员局"",""publication_page"":""https://www.xjhc.gov.cn/xjhc/c116834/202410/a29382e11a674da3be3353af65f9fcc5.shtml"",""attachment_url"":""https://www.xjhc.gov.cn/xjhc/c116834/202410/a29382e11a674da3be3353af65f9fcc5/files/0536cef86e2b46ddad6aae5a3780089e.xls"",""local_source_file"":""2025_guokao_zhaokaojianzhang.xls"",""local_source_sha256"":""07ae6cab368cd21b7a1ac3e8150fe9a3d39ad5171ce76135ff3cccfe50c3e77e"",""source_sheet"":""中央国家行政机关参照公务员法管理事业单位"",""filter_version"":""government_tech_v2"",""tech_filter"":{""is_tech"":true,""is_core_tech"":true,""scope"":""core"",""categories"":[""computer_software"",""cybersecurity_cryptography"",""data_ai""],""matched_fields"":[""major"",""description""],""major_terms"":[""信息安全"",""网络工程""],""role_terms"":[""数据处理""],""reason"":""tech_major_and_role""},""original"":{""部门代码"":""137124"",""部门名称"":""国家统计局贵州调查总队"",""用人司局"":""国家统计局贵州调查总队"",""机构性质"":""中央国家行政机关参照公务员法管理事业单位"",""招考职位"":""镇宁调查队一级科员"",""职位属性"":""普通职位"",""职位分布"":""西部地区和艰苦边远地区职位"",""职位简介"":""从事一线入户调查、数据处理、统计分析、统计研究等工作。"",""职位代码"":""400110124012"",""机构层级"":""县（区）级及以下"",""考试类别"":""市（地）级及以下直属机构综合管理类"",""招考人数"":""1"",""专业"":""统计学、应用统计学、数学与应用数学、信息与计算科学、数据计算及应用、农林经济管理、农村区域发展、网络工程、信息安全、经济学、经济统计学。"",""学历"":""仅限本科"",""学位"":""学士"",""政治面貌"":""不限"",""基层工作最低年限"":""无限制"",""服务基层项目工作经历"":""无限制"",""是否在面试阶段组织专业能力测试"":""否"",""面试人员比例"":""3:1"",""工作地点"":""贵州省安顺市镇宁布依族苗族自治县"",""落户地点"":""贵州省安顺市镇宁布依族苗族自治县"",""备注"":""1.限2025届高校毕业生。2.本职位工作条件艰苦，需长期独立深入乡村、企业工作。3.限贵州省安顺市户籍或贵州省安顺市生源。4.本单位最低服务年限为5年（含试用期）。5.所列专业均要求主修专业，考生报考专业须与招录专业名称一致。"",""部门网站"":""无"",""咨询电话1"":""0851-86677007"",""咨询电话2"":"""",""咨询电话3"":"""",""来源Sheet"":""中央国家行政机关参照公务员法管理事业单位""}}"
"government_jobs","国家公务员2025招考简章","公务员/事业单位技术岗位","贵州省毕节市威宁彝族回族苗族自治县","2026-07-28T09:12:58.310295+00:00","威宁调查队一级科员","国家统计局贵州调查总队","","贵州省毕节市威宁彝族回族苗族自治县","公务员/事业单位;2025;computer_software;cybersecurity_cryptography;data_ai;仅限本科;学士;统计学、应用统计学、数学与应用数学、信息与计算科学、数据计算及应用、农林经济管理、农村区域发展、网络工程、信息安全、经济学、经济统计学。;市（地）级及以下直属机构综合管理类","用人司局：国家统计局贵州调查总队
职位简介：从事一线入户调查、数据处理、统计分析、统计研究等工作。
专业要求：统计学、应用统计学、数学与应用数学、信息与计算科学、数据计算及应用、农林经济管理、农村区域发展、网络工程、信息安全、经济学、经济统计学。
学历要求：仅限本科
学位要求：学士
政治面貌：不限
基层工作经历：无限制
考试类别：市（地）级及以下直属机构综合管理类
备注：1.限2025届高校毕业生。2.本职位工作条件艰苦，需长期独立深入乡村、企业工作。3.限贵州省毕节市户籍或贵州省毕节市生源。4.本单位最低服务年限为5年（含试用期）。5.所列专业均要求主修专业，考生报考专业须与招录专业名称一致。","https://www.xjhc.gov.cn/xjhc/c116834/202410/a29382e11a674da3be3353af65f9fcc5.shtml#137124-400110124013","2024-10-14","{""dataset_year"":2025,""job_uid"":""GOV-2025-137124-400110124013"",""publisher"":""国家公务员局"",""publication_page"":""https://www.xjhc.gov.cn/xjhc/c116834/202410/a29382e11a674da3be3353af65f9fcc5.shtml"",""attachment_url"":""https://www.xjhc.gov.cn/xjhc/c116834/202410/a29382e11a674da3be3353af65f9fcc5/files/0536cef86e2b46ddad6aae5a3780089e.xls"",""local_source_file"":""2025_guokao_zhaokaojianzhang.xls"",""local_source_sha256"":""07ae6cab368cd21b7a1ac3e8150fe9a3d39ad5171ce76135ff3cccfe50c3e77e"",""source_sheet"":""中央国家行政机关参照公务员法管理事业单位"",""filter_version"":""government_tech_v2"",""tech_filter"":{""is_tech"":true,""is_core_tech"":true,""scope"":""core"",""categories"":[""computer_software"",""cybersecurity_cryptography"",""data_ai""],""matched_fields"":[""major"",""description""],""major_terms"":[""信息安全"",""网络工程""],""role_terms"":[""数据处理""],""reason"":""tech_major_and_role""},""original"":{""部门代码"":""137124"",""部门名称"":""国家统计局贵州调查总队"",""用人司局"":""国家统计局贵州调查总队"",""机构性质"":""中央国家行政机关参照公务员法管理事业单位"",""招考职位"":""威宁调查队一级科员"",""职位属性"":""普通职位"",""职位分布"":""西部地区和艰苦边远地区职位"",""职位简介"":""从事一线入户调查、数据处理、统计分析、统计研究等工作。"",""职位代码"":""400110124013"",""机构层级"":""县（区）级及以下"",""考试类别"":""市（地）级及以下直属机构综合管理类"",""招考人数"":""1"",""专业"":""统计学、应用统计学、数学与应用数学、信息与计算科学、数据计算及应用、农林经济管理、农村区域发展、网络工程、信息安全、经济学、经济统计学。"",""学历"":""仅限本科"",""学位"":""学士"",""政治面貌"":""不限"",""基层工作最低年限"":""无限制"",""服务基层项目工作经历"":""无限制"",""是否在面试阶段组织专业能力测试"":""否"",""面试人员比例"":""3:1"",""工作地点"":""贵州省毕节市威宁彝族回族苗族自治县"",""落户地点"":""贵州省毕节市威宁彝族回族苗族自治县"",""备注"":""1.限2025届高校毕业生。2.本职位工作条件艰苦，需长期独立深入乡村、企业工作。3.限贵州省毕节市户籍或贵州省毕节市生源。4.本单位最低服务年限为5年（含试用期）。5.所列专业均要求主修专业，考生报考专业须与招录专业名称一致。"",""部门网站"":""无"",""咨询电话1"":""0851-86677007"",""咨询电话2"":"""",""咨询电话3"":"""",""来源Sheet"":""中央国家行政机关参照公务员法管理事业单位""}}"
"government_jobs","国家公务员2025招考简章","公务员/事业单位技术岗位","贵州省毕节市黔西市","2026-07-28T09:12:58.310295+00:00","黔西调查队一级科员","国家统计局贵州调查总队","","贵州省毕节市黔西市","公务员/事业单位;2025;computer_software;cybersecurity_cryptography;data_ai;仅限本科;学士;统计学、应用统计学、数学与应用数学、信息与计算科学、数据计算及应用、农林经济管理、农村区域发展、网络工程、信息安全、经济学、经济统计学。;市（地）级及以下直属机构综合管理类","用人司局：国家统计局贵州调查总队
职位简介：从事一线入户调查、数据处理、统计分析、统计研究等工作。
专业要求：统计学、应用统计学、数学与应用数学、信息与计算科学、数据计算及应用、农林经济管理、农村区域发展、网络工程、信息安全、经济学、经济统计学。
学历要求：仅限本科
学位要求：学士
政治面貌：不限
基层工作经历：无限制
考试类别：市（地）级及以下直属机构综合管理类
备注：1.限2025届高校毕业生。2.本职位工作条件艰苦，需长期独立深入乡村、企业工作。3.限贵州省毕节市户籍或贵州省毕节市生源。4.本单位最低服务年限为5年（含试用期）。5.所列专业均要求主修专业，考生报考专业须与招录专业名称一致。","https://www.xjhc.gov.cn/xjhc/c116834/202410/a29382e11a674da3be3353af65f9fcc5.shtml#137124-400110124014","2024-10-14","{""dataset_year"":2025,""job_uid"":""GOV-2025-137124-400110124014"",""publisher"":""国家公务员局"",""publication_page"":""https://www.xjhc.gov.cn/xjhc/c116834/202410/a29382e11a674da3be3353af65f9fcc5.shtml"",""attachment_url"":""https://www.xjhc.gov.cn/xjhc/c116834/202410/a29382e11a674da3be3353af65f9fcc5/files/0536cef86e2b46ddad6aae5a3780089e.xls"",""local_source_file"":""2025_guokao_zhaokaojianzhang.xls"",""local_source_sha256"":""07ae6cab368cd21b7a1ac3e8150fe9a3d39ad5171ce76135ff3cccfe50c3e77e"",""source_sheet"":""中央国家行政机关参照公务员法管理事业单位"",""filter_version"":""government_tech_v2"",""tech_filter"":{""is_tech"":true,""is_core_tech"":true,""scope"":""core"",""categories"":[""computer_software"",""cybersecurity_cryptography"",""data_ai""],""matched_fields"":[""major"",""description""],""major_terms"":[""信息安全"",""网络工程""],""role_terms"":[""数据处理""],""reason"":""tech_major_and_role""},""original"":{""部门代码"":""137124"",""部门名称"":""国家统计局贵州调查总队"",""用人司局"":""国家统计局贵州调查总队"",""机构性质"":""中央国家行政机关参照公务员法管理事业单位"",""招考职位"":""黔西调查队一级科员"",""职位属性"":""普通职位"",""职位分布"":""西部地区和艰苦边远地区职位"",""职位简介"":""从事一线入户调查、数据处理、统计分析、统计研究等工作。"",""职位代码"":""400110124014"",""机构层级"":""县（区）级及以下"",""考试类别"":""市（地）级及以下直属机构综合管理类"",""招考人数"":""1"",""专业"":""统计学、应用统计学、数学与应用数学、信息与计算科学、数据计算及应用、农林经济管理、农村区域发展、网络工程、信息安全、经济学、经济统计学。"",""学历"":""仅限本科"",""学位"":""学士"",""政治面貌"":""不限"",""基层工作最低年限"":""无限制"",""服务基层项目工作经历"":""无限制"",""是否在面试阶段组织专业能力测试"":""否"",""面试人员比例"":""3:1"",""工作地点"":""贵州省毕节市黔西市"",""落户地点"":""贵州省毕节市黔西市"",""备注"":""1.限2025届高校毕业生。2.本职位工作条件艰苦，需长期独立深入乡村、企业工作。3.限贵州省毕节市户籍或贵州省毕节市生源。4.本单位最低服务年限为5年（含试用期）。5.所列专业均要求主修专业，考生报考专业须与招录专业名称一致。"",""部门网站"":""无"",""咨询电话1"":""0851-86677007"",""咨询电话2"":"""",""咨询电话3"":"""",""来源Sheet"":""中央国家行政机关参照公务员法管理事业单位""}}"
"government_jobs","国家公务员2025招考简章","公务员/事业单位技术岗位","贵州省黔西南布依族苗族自治州望谟县","2026-07-28T09:12:58.310295+00:00","望谟调查队一级科员","国家统计局贵州调查总队","","贵州省黔西南布依族苗族自治州望谟县","公务员/事业单位;2025;computer_software;cybersecurity_cryptography;data_ai;仅限本科;学士;统计学、应用统计学、数学与应用数学、信息与计算科学、数据计算及应用、农林经济管理、农村区域发展、网络工程、信息安全、经济学、经济统计学。;市（地）级及以下直属机构综合管理类","用人司局：国家统计局贵州调查总队
职位简介：从事一线入户调查、数据处理、统计分析、统计研究等工作。
专业要求：统计学、应用统计学、数学与应用数学、信息与计算科学、数据计算及应用、农林经济管理、农村区域发展、网络工程、信息安全、经济学、经济统计学。
学历要求：仅限本科
学位要求：学士
政治面貌：不限
基层工作经历：无限制
考试类别：市（地）级及以下直属机构综合管理类
备注：1.限2025届高校毕业生。2.本职位工作条件艰苦，需长期独立深入乡村、企业工作。3.限贵州省黔西南布依族苗族自治州户籍或贵州省黔西南布依族苗族自治州生源。4.本单位最低服务年限为5年（含试用期）。5.所列专业均要求主修专业，考生报考专业须与招录专业名称一致。","https://www.xjhc.gov.cn/xjhc/c116834/202410/a29382e11a674da3be3353af65f9fcc5.shtml#137124-400110124015","2024-10-14","{""dataset_year"":2025,""job_uid"":""GOV-2025-137124-400110124015"",""publisher"":""国家公务员局"",""publication_page"":""https://www.xjhc.gov.cn/xjhc/c116834/202410/a29382e11a674da3be3353af65f9fcc5.shtml"",""attachment_url"":""https://www.xjhc.gov.cn/xjhc/c116834/202410/a29382e11a674da3be3353af65f9fcc5/files/0536cef86e2b46ddad6aae5a3780089e.xls"",""local_source_file"":""2025_guokao_zhaokaojianzhang.xls"",""local_source_sha256"":""07ae6cab368cd21b7a1ac3e8150fe9a3d39ad5171ce76135ff3cccfe50c3e77e"",""source_sheet"":""中央国家行政机关参照公务员法管理事业单位"",""filter_version"":""government_tech_v2"",""tech_filter"":{""is_tech"":true,""is_core_tech"":true,""scope"":""core"",""categories"":[""computer_software"",""cybersecurity_cryptography"",""data_ai""],""matched_fields"":[""major"",""description""],""major_terms"":[""信息安全"",""网络工程""],""role_terms"":[""数据处理""],""reason"":""tech_major_and_role""},""original"":{""部门代码"":""137124"",""部门名称"":""国家统计局贵州调查总队"",""用人司局"":""国家统计局贵州调查总队"",""机构性质"":""中央国家行政机关参照公务员法管理事业单位"",""招考职位"":""望谟调查队一级科员"",""职位属性"":""普通职位"",""职位分布"":""西部地区和艰苦边远地区职位"",""职位简介"":""从事一线入户调查、数据处理、统计分析、统计研究等工作。"",""职位代码"":""400110124015"",""机构层级"":""县（区）级及以下"",""考试类别"":""市（地）级及以下直属机构综合管理类"",""招考人数"":""1"",""专业"":""统计学、应用统计学、数学与应用数学、信息与计算科学、数据计算及应用、农林经济管理、农村区域发展、网络工程、信息安全、经济学、经济统计学。"",""学历"":""仅限本科"",""学位"":""学士"",""政治面貌"":""不限"",""基层工作最低年限"":""无限制"",""服务基层项目工作经历"":""无限制"",""是否在面试阶段组织专业能力测试"":""否"",""面试人员比例"":""3:1"",""工作地点"":""贵州省黔西南布依族苗族自治州望谟县"",""落户地点"":""贵州省黔西南布依族苗族自治州望谟县"",""备注"":""1.限2025届高校毕业生。2.本职位工作条件艰苦，需长期独立深入乡村、企业工作。3.限贵州省黔西南布依族苗族自治州户籍或贵州省黔西南布依族苗族自治州生源。4.本单位最低服务年限为5年（含试用期）。5.所列专业均要求主修专业，考生报考专业须与招录专业名称一致。"",""部门网站"":""无"",""咨询电话1"":""0851-86677007"",""咨询电话2"":"""",""咨询电话3"":"""",""来源Sheet"":""中央国家行政机关参照公务员法管理事业单位""}}"
"government_jobs","国家公务员2025招考简章","公务员/事业单位技术岗位","贵州省铜仁市德江县","2026-07-28T09:12:58.310295+00:00","德江调查队一级科员","国家统计局贵州调查总队","","贵州省铜仁市德江县","公务员/事业单位;2025;computer_software;cybersecurity_cryptography;data_ai;仅限本科;学士;统计学、应用统计学、数学与应用数学、信息与计算科学、数据计算及应用、农林经济管理、农村区域发展、网络工程、信息安全、经济学、经济统计学。;市（地）级及以下直属机构综合管理类","用人司局：国家统计局贵州调查总队
职位简介：从事一线入户调查、数据处理、统计分析、统计研究等工作。
专业要求：统计学、应用统计学、数学与应用数学、信息与计算科学、数据计算及应用、农林经济管理、农村区域发展、网络工程、信息安全、经济学、经济统计学。
学历要求：仅限本科
学位要求：学士
政治面貌：不限
基层工作经历：无限制
考试类别：市（地）级及以下直属机构综合管理类
备注：1.限2025届高校毕业生。2.本职位工作条件艰苦，需长期独立深入乡村、企业工作。3.限贵州省铜仁市户籍或贵州省铜仁市生源。4.本单位最低服务年限为5年（含试用期）。5.所列专业均要求主修专业，考生报考专业须与招录专业名称一致。","https://www.xjhc.gov.cn/xjhc/c116834/202410/a29382e11a674da3be3353af65f9fcc5.shtml#137124-400110124016","2024-10-14","{""dataset_year"":2025,""job_uid"":""GOV-2025-137124-400110124016"",""publisher"":""国家公务员局"",""publication_page"":""https://www.xjhc.gov.cn/xjhc/c116834/202410/a29382e11a674da3be3353af65f9fcc5.shtml"",""attachment_url"":""https://www.xjhc.gov.cn/xjhc/c116834/202410/a29382e11a674da3be3353af65f9fcc5/files/0536cef86e2b46ddad6aae5a3780089e.xls"",""local_source_file"":""2025_guokao_zhaokaojianzhang.xls"",""local_source_sha256"":""07ae6cab368cd21b7a1ac3e8150fe9a3d39ad5171ce76135ff3cccfe50c3e77e"",""source_sheet"":""中央国家行政机关参照公务员法管理事业单位"",""filter_version"":""government_tech_v2"",""tech_filter"":{""is_tech"":true,""is_core_tech"":true,""scope"":""core"",""categories"":[""computer_software"",""cybersecurity_cryptography"",""data_ai""],""matched_fields"":[""major"",""description""],""major_terms"":[""信息安全"",""网络工程""],""role_terms"":[""数据处理""],""reason"":""tech_major_and_role""},""original"":{""部门代码"":""137124"",""部门名称"":""国家统计局贵州调查总队"",""用人司局"":""国家统计局贵州调查总队"",""机构性质"":""中央国家行政机关参照公务员法管理事业单位"",""招考职位"":""德江调查队一级科员"",""职位属性"":""普通职位"",""职位分布"":""西部地区和艰苦边远地区职位"",""职位简介"":""从事一线入户调查、数据处理、统计分析、统计研究等工作。"",""职位代码"":""400110124016"",""机构层级"":""县（区）级及以下"",""考试类别"":""市（地）级及以下直属机构综合管理类"",""招考人数"":""1"",""专业"":""统计学、应用统计学、数学与应用数学、信息与计算科学、数据计算及应用、农林经济管理、农村区域发展、网络工程、信息安全、经济学、经济统计学。"",""学历"":""仅限本科"",""学位"":""学士"",""政治面貌"":""不限"",""基层工作最低年限"":""无限制"",""服务基层项目工作经历"":""无限制"",""是否在面试阶段组织专业能力测试"":""否"",""面试人员比例"":""3:1"",""工作地点"":""贵州省铜仁市德江县"",""落户地点"":""贵州省铜仁市德江县"",""备注"":""1.限2025届高校毕业生。2.本职位工作条件艰苦，需长期独立深入乡村、企业工作。3.限贵州省铜仁市户籍或贵州省铜仁市生源。4.本单位最低服务年限为5年（含试用期）。5.所列专业均要求主修专业，考生报考专业须与招录专业名称一致。"",""部门网站"":""无"",""咨询电话1"":""0851-86677007"",""咨询电话2"":"""",""咨询电话3"":"""",""来源Sheet"":""中央国家行政机关参照公务员法管理事业单位""}}"
"government_jobs","国家公务员2025招考简章","公务员/事业单位技术岗位","贵州省黔南布依族苗族自治州独山县","2026-07-28T09:12:58.310295+00:00","独山调查队一级科员","国家统计局贵州调查总队","","贵州省黔南布依族苗族自治州独山县","公务员/事业单位;2025;computer_software;cybersecurity_cryptography;data_ai;仅限本科;学士;统计学、应用统计学、数学与应用数学、信息与计算科学、数据计算及应用、农林经济管理、农村区域发展、网络工程、信息安全、经济学、经济统计学。;市（地）级及以下直属机构综合管理类","用人司局：国家统计局贵州调查总队
职位简介：从事一线入户调查、数据处理、统计分析、统计研究等工作。
专业要求：统计学、应用统计学、数学与应用数学、信息与计算科学、数据计算及应用、农林经济管理、农村区域发展、网络工程、信息安全、经济学、经济统计学。
学历要求：仅限本科
学位要求：学士
政治面貌：不限
基层工作经历：无限制
考试类别：市（地）级及以下直属机构综合管理类
备注：1.限2025届高校毕业生。2.本职位工作条件艰苦，需长期独立深入乡村、企业工作。3.限贵州省黔南布依族苗族自治州户籍或贵州省黔南布依族苗族自治州生源。4.本单位最低服务年限为5年（含试用期）。5.所列专业均要求主修专业，考生报考专业须与招录专业名称一致。","https://www.xjhc.gov.cn/xjhc/c116834/202410/a29382e11a674da3be3353af65f9fcc5.shtml#137124-400110124017","2024-10-14","{""dataset_year"":2025,""job_uid"":""GOV-2025-137124-400110124017"",""publisher"":""国家公务员局"",""publication_page"":""https://www.xjhc.gov.cn/xjhc/c116834/202410/a29382e11a674da3be3353af65f9fcc5.shtml"",""attachment_url"":""https://www.xjhc.gov.cn/xjhc/c116834/202410/a29382e11a674da3be3353af65f9fcc5/files/0536cef86e2b46ddad6aae5a3780089e.xls"",""local_source_file"":""2025_guokao_zhaokaojianzhang.xls"",""local_source_sha256"":""07ae6cab368cd21b7a1ac3e8150fe9a3d39ad5171ce76135ff3cccfe50c3e77e"",""source_sheet"":""中央国家行政机关参照公务员法管理事业单位"",""filter_version"":""government_tech_v2"",""tech_filter"":{""is_tech"":true,""is_core_tech"":true,""scope"":""core"",""categories"":[""computer_software"",""cybersecurity_cryptography"",""data_ai""],""matched_fields"":[""major"",""description""],""major_terms"":[""信息安全"",""网络工程""],""role_terms"":[""数据处理""],""reason"":""tech_major_and_role""},""original"":{""部门代码"":""137124"",""部门名称"":""国家统计局贵州调查总队"",""用人司局"":""国家统计局贵州调查总队"",""机构性质"":""中央国家行政机关参照公务员法管理事业单位"",""招考职位"":""独山调查队一级科员"",""职位属性"":""普通职位"",""职位分布"":""西部地区和艰苦边远地区职位"",""职位简介"":""从事一线入户调查、数据处理、统计分析、统计研究等工作。"",""职位代码"":""400110124017"",""机构层级"":""县（区）级及以下"",""考试类别"":""市（地）级及以下直属机构综合管理类"",""招考人数"":""1"",""专业"":""统计学、应用统计学、数学与应用数学、信息与计算科学、数据计算及应用、农林经济管理、农村区域发展、网络工程、信息安全、经济学、经济统计学。"",""学历"":""仅限本科"",""学位"":""学士"",""政治面貌"":""不限"",""基层工作最低年限"":""无限制"",""服务基层项目工作经历"":""无限制"",""是否在面试阶段组织专业能力测试"":""否"",""面试人员比例"":""3:1"",""工作地点"":""贵州省黔南布依族苗族自治州独山县"",""落户地点"":""贵州省黔南布依族苗族自治州独山县"",""备注"":""1.限2025届高校毕业生。2.本职位工作条件艰苦，需长期独立深入乡村、企业工作。3.限贵州省黔南布依族苗族自治州户籍或贵州省黔南布依族苗族自治州生源。4.本单位最低服务年限为5年（含试用期）。5.所列专业均要求主修专业，考生报考专业须与招录专业名称一致。"",""部门网站"":""无"",""咨询电话1"":""0851-86677007"",""咨询电话2"":"""",""咨询电话3"":"""",""来源Sheet"":""中央国家行政机关参照公务员法管理事业单位""}}"
"government_jobs","国家公务员2025招考简章","公务员/事业单位技术岗位","贵州省黔东南苗族侗族自治州黄平县","2026-07-28T09:12:58.310295+00:00","黄平调查队一级科员","国家统计局贵州调查总队","","贵州省黔东南苗族侗族自治州黄平县","公务员/事业单位;2025;computer_software;cybersecurity_cryptography;data_ai;仅限本科;学士;统计学、应用统计学、数学与应用数学、信息与计算科学、数据计算及应用、农林经济管理、农村区域发展、网络工程、信息安全、经济学、经济统计学。;市（地）级及以下直属机构综合管理类","用人司局：国家统计局贵州调查总队
职位简介：从事一线入户调查、数据处理、统计分析、统计研究等工作。
专业要求：统计学、应用统计学、数学与应用数学、信息与计算科学、数据计算及应用、农林经济管理、农村区域发展、网络工程、信息安全、经济学、经济统计学。
学历要求：仅限本科
学位要求：学士
政治面貌：不限
基层工作经历：无限制
考试类别：市（地）级及以下直属机构综合管理类
备注：1.限2025届高校毕业生。2.本职位工作条件艰苦，需长期独立深入乡村、企业工作。3.限贵州省黔东南苗族侗族自治州户籍或贵州省黔东南苗族侗族自治州生源。4.本单位最低服务年限为5年（含试用期）。5.所列专业均要求主修专业，考生报考专业须与招录专业名称一致。","https://www.xjhc.gov.cn/xjhc/c116834/202410/a29382e11a674da3be3353af65f9fcc5.shtml#137124-400110124018","2024-10-14","{""dataset_year"":2025,""job_uid"":""GOV-2025-137124-400110124018"",""publisher"":""国家公务员局"",""publication_page"":""https://www.xjhc.gov.cn/xjhc/c116834/202410/a29382e11a674da3be3353af65f9fcc5.shtml"",""attachment_url"":""https://www.xjhc.gov.cn/xjhc/c116834/202410/a29382e11a674da3be3353af65f9fcc5/files/0536cef86e2b46ddad6aae5a3780089e.xls"",""local_source_file"":""2025_guokao_zhaokaojianzhang.xls"",""local_source_sha256"":""07ae6cab368cd21b7a1ac3e8150fe9a3d39ad5171ce76135ff3cccfe50c3e77e"",""source_sheet"":""中央国家行政机关参照公务员法管理事业单位"",""filter_version"":""government_tech_v2"",""tech_filter"":{""is_tech"":true,""is_core_tech"":true,""scope"":""core"",""categories"":[""computer_software"",""cybersecurity_cryptography"",""data_ai""],""matched_fields"":[""major"",""description""],""major_terms"":[""信息安全"",""网络工程""],""role_terms"":[""数据处理""],""reason"":""tech_major_and_role""},""original"":{""部门代码"":""137124"",""部门名称"":""国家统计局贵州调查总队"",""用人司局"":""国家统计局贵州调查总队"",""机构性质"":""中央国家行政机关参照公务员法管理事业单位"",""招考职位"":""黄平调查队一级科员"",""职位属性"":""普通职位"",""职位分布"":""西部地区和艰苦边远地区职位"",""职位简介"":""从事一线入户调查、数据处理、统计分析、统计研究等工作。"",""职位代码"":""400110124018"",""机构层级"":""县（区）级及以下"",""考试类别"":""市（地）级及以下直属机构综合管理类"",""招考人数"":""1"",""专业"":""统计学、应用统计学、数学与应用数学、信息与计算科学、数据计算及应用、农林经济管理、农村区域发展、网络工程、信息安全、经济学、经济统计学。"",""学历"":""仅限本科"",""学位"":""学士"",""政治面貌"":""不限"",""基层工作最低年限"":""无限制"",""服务基层项目工作经历"":""无限制"",""是否在面试阶段组织专业能力测试"":""否"",""面试人员比例"":""3:1"",""工作地点"":""贵州省黔东南苗族侗族自治州黄平县"",""落户地点"":""贵州省黔东南苗族侗族自治州黄平县"",""备注"":""1.限2025届高校毕业生。2.本职位工作条件艰苦，需长期独立深入乡村、企业工作。3.限贵州省黔东南苗族侗族自治州户籍或贵州省黔东南苗族侗族自治州生源。4.本单位最低服务年限为5年（含试用期）。5.所列专业均要求主修专业，考生报考专业须与招录专业名称一致。"",""部门网站"":""无"",""咨询电话1"":""0851-86677007"",""咨询电话2"":"""",""咨询电话3"":"""",""来源Sheet"":""中央国家行政机关参照公务员法管理事业单位""}}"
"government_jobs","国家公务员2025招考简章","公务员/事业单位技术岗位","云南省德宏傣族景颇族自治州芒市","2026-07-28T09:12:58.310295+00:00","德宏调查队业务科室一级科员","国家统计局云南调查总队","","云南省德宏傣族景颇族自治州芒市","公务员/事业单位;2025;computer_software;data_ai;仅限本科;学士;统计学类、计算机类、经济学类;市（地）级及以下直属机构综合管理类","用人司局：国家统计局云南调查总队
职位简介：从事一线入户调查、数据处理、统计分析、统计研究等工作
专业要求：统计学类、计算机类、经济学类
学历要求：仅限本科
学位要求：学士
政治面貌：不限
基层工作经历：无限制
考试类别：市（地）级及以下直属机构综合管理类
备注：1.限应届高校毕业生；2.本单位最低服务年限为5年（含试用期）；3.本职位专业要求均为专业目录中的“专业类”，非“专业大类（学科门类）”。","https://www.xjhc.gov.cn/xjhc/c116834/202410/a29382e11a674da3be3353af65f9fcc5.shtml#137125-400110125004","2024-10-14","{""dataset_year"":2025,""job_uid"":""GOV-2025-137125-400110125004"",""publisher"":""国家公务员局"",""publication_page"":""https://www.xjhc.gov.cn/xjhc/c116834/202410/a29382e11a674da3be3353af65f9fcc5.shtml"",""attachment_url"":""https://www.xjhc.gov.cn/xjhc/c116834/202410/a29382e11a674da3be3353af65f9fcc5/files/0536cef86e2b46ddad6aae5a3780089e.xls"",""local_source_file"":""2025_guokao_zhaokaojianzhang.xls"",""local_source_sha256"":""07ae6cab368cd21b7a1ac3e8150fe9a3d39ad5171ce76135ff3cccfe50c3e77e"",""source_sheet"":""中央国家行政机关参照公务员法管理事业单位"",""filter_version"":""government_tech_v2"",""tech_filter"":{""is_tech"":true,""is_core_tech"":true,""scope"":""core"",""categories"":[""computer_software"",""data_ai""],""matched_fields"":[""major"",""description""],""major_terms"":[""计算机类""],""role_terms"":[""数据处理""],""reason"":""tech_major_and_role""},""original"":{""部门代码"":""137125"",""部门名称"":""国家统计局云南调查总队"",""用人司局"":""国家统计局云南调查总队"",""机构性质"":""中央国家行政机关参照公务员法管理事业单位"",""招考职位"":""德宏调查队业务科室一级科员"",""职位属性"":""普通职位"",""职位分布"":""西部地区和艰苦边远地区职位"",""职位简介"":""从事一线入户调查、数据处理、统计分析、统计研究等工作"",""职位代码"":""400110125004"",""机构层级"":""市（地）级"",""考试类别"":""市（地）级及以下直属机构综合管理类"",""招考人数"":""1"",""专业"":""统计学类、计算机类、经济学类"",""学历"":""仅限本科"",""学位"":""学士"",""政治面貌"":""不限"",""基层工作最低年限"":""无限制"",""服务基层项目工作经历"":""无限制"",""是否在面试阶段组织专业能力测试"":""否"",""面试人员比例"":""3:1"",""工作地点"":""云南省德宏傣族景颇族自治州芒市"",""落户地点"":""云南省德宏傣族景颇族自治州芒市"",""备注"":""1.限应届高校毕业生；2.本单位最低服务年限为5年（含试用期）；3.本职位专业要求均为专业目录中的“专业类”，非“专业大类（学科门类）”。"",""部门网站"":""http://ynzd.stats.gov.cn/"",""咨询电话1"":""0871-65108067"",""咨询电话2"":""0871-65111379"",""咨询电话3"":"""",""来源Sheet"":""中央国家行政机关参照公务员法管理事业单位""}}"
"government_jobs","国家公务员2025招考简章","公务员/事业单位技术岗位","云南省怒江傈僳族自治州泸水市","2026-07-28T09:12:58.310295+00:00","怒江调查队业务科室一级科员","国家统计局云南调查总队","","云南省怒江傈僳族自治州泸水市","公务员/事业单位;2025;computer_software;data_ai;仅限本科;学士;统计学类、数学类、计算机类、经济学类、汉语言文学类;市（地）级及以下直属机构综合管理类","用人司局：国家统计局云南调查总队
职位简介：从事一线入户调查、数据处理、统计分析、统计研究等工作
专业要求：统计学类、数学类、计算机类、经济学类、汉语言文学类
学历要求：仅限本科
学位要求：学士
政治面貌：不限
基层工作经历：无限制
考试类别：市（地）级及以下直属机构综合管理类
备注：1.限云南省户籍或生源；2.本单位最低服务年限为5年（含试用期）；3.本职位专业要求均为专业目录中的“专业类”，非“专业大类（学科门类）”。","https://www.xjhc.gov.cn/xjhc/c116834/202410/a29382e11a674da3be3353af65f9fcc5.shtml#137125-400110125005","2024-10-14","{""dataset_year"":2025,""job_uid"":""GOV-2025-137125-400110125005"",""publisher"":""国家公务员局"",""publication_page"":""https://www.xjhc.gov.cn/xjhc/c116834/202410/a29382e11a674da3be3353af65f9fcc5.shtml"",""attachment_url"":""https://www.xjhc.gov.cn/xjhc/c116834/202410/a29382e11a674da3be3353af65f9fcc5/files/0536cef86e2b46ddad6aae5a3780089e.xls"",""local_source_file"":""2025_guokao_zhaokaojianzhang.xls"",""local_source_sha256"":""07ae6cab368cd21b7a1ac3e8150fe9a3d39ad5171ce76135ff3cccfe50c3e77e"",""source_sheet"":""中央国家行政机关参照公务员法管理事业单位"",""filter_version"":""government_tech_v2"",""tech_filter"":{""is_tech"":true,""is_core_tech"":true,""scope"":""core"",""categories"":[""computer_software"",""data_ai""],""matched_fields"":[""major"",""description""],""major_terms"":[""计算机类""],""role_terms"":[""数据处理""],""reason"":""tech_major_and_role""},""original"":{""部门代码"":""137125"",""部门名称"":""国家统计局云南调查总队"",""用人司局"":""国家统计局云南调查总队"",""机构性质"":""中央国家行政机关参照公务员法管理事业单位"",""招考职位"":""怒江调查队业务科室一级科员"",""职位属性"":""普通职位"",""职位分布"":""西部地区和艰苦边远地区职位"",""职位简介"":""从事一线入户调查、数据处理、统计分析、统计研究等工作"",""职位代码"":""400110125005"",""机构层级"":""市（地）级"",""考试类别"":""市（地）级及以下直属机构综合管理类"",""招考人数"":""1"",""专业"":""统计学类、数学类、计算机类、经济学类、汉语言文学类"",""学历"":""仅限本科"",""学位"":""学士"",""政治面貌"":""不限"",""基层工作最低年限"":""无限制"",""服务基层项目工作经历"":""无限制"",""是否在面试阶段组织专业能力测试"":""否"",""面试人员比例"":""3:1"",""工作地点"":""云南省怒江傈僳族自治州泸水市"",""落户地点"":""云南省怒江傈僳族自治州泸水市"",""备注"":""1.限云南省户籍或生源；2.本单位最低服务年限为5年（含试用期）；3.本职位专业要求均为专业目录中的“专业类”，非“专业大类（学科门类）”。"",""部门网站"":""http://ynzd.stats.gov.cn/"",""咨询电话1"":""0871-65108067"",""咨询电话2"":""0871-65111379"",""咨询电话3"":"""",""来源Sheet"":""中央国家行政机关参照公务员法管理事业单位""}}"
"government_jobs","国家公务员2025招考简章","公务员/事业单位技术岗位","云南省昭通市永善县","2026-07-28T09:12:58.310295+00:00","永善调查队一级科员（1）","国家统计局云南调查总队","","云南省昭通市永善县","公务员/事业单位;2025;computer_software;data_ai;仅限本科;学士;统计学类、计算机类、工商管理类、公共管理类;市（地）级及以下直属机构综合管理类","用人司局：国家统计局云南调查总队
职位简介：从事一线入户调查、数据处理、统计分析、统计研究等工作
专业要求：统计学类、计算机类、工商管理类、公共管理类
学历要求：仅限本科
学位要求：学士
政治面貌：不限
基层工作经历：无限制
考试类别：市（地）级及以下直属机构综合管理类
备注：1.限男性；2.限昭通市户籍或生源；3.本单位最低服务年限为5年（含试用期）。","https://www.xjhc.gov.cn/xjhc/c116834/202410/a29382e11a674da3be3353af65f9fcc5.shtml#137125-400110125007","2024-10-14","{""dataset_year"":2025,""job_uid"":""GOV-2025-137125-400110125007"",""publisher"":""国家公务员局"",""publication_page"":""https://www.xjhc.gov.cn/xjhc/c116834/202410/a29382e11a674da3be3353af65f9fcc5.shtml"",""attachment_url"":""https://www.xjhc.gov.cn/xjhc/c116834/202410/a29382e11a674da3be3353af65f9fcc5/files/0536cef86e2b46ddad6aae5a3780089e.xls"",""local_source_file"":""2025_guokao_zhaokaojianzhang.xls"",""local_source_sha256"":""07ae6cab368cd21b7a1ac3e8150fe9a3d39ad5171ce76135ff3cccfe50c3e77e"",""source_sheet"":""中央国家行政机关参照公务员法管理事业单位"",""filter_version"":""government_tech_v2"",""tech_filter"":{""is_tech"":true,""is_core_tech"":true,""scope"":""core"",""categories"":[""computer_software"",""data_ai""],""matched_fields"":[""major"",""description""],""major_terms"":[""计算机类""],""role_terms"":[""数据处理""],""reason"":""tech_major_and_role""},""original"":{""部门代码"":""137125"",""部门名称"":""国家统计局云南调查总队"",""用人司局"":""国家统计局云南调查总队"",""机构性质"":""中央国家行政机关参照公务员法管理事业单位"",""招考职位"":""永善调查队一级科员（1）"",""职位属性"":""普通职位"",""职位分布"":""西部地区和艰苦边远地区职位"",""职位简介"":""从事一线入户调查、数据处理、统计分析、统计研究等工作"",""职位代码"":""400110125007"",""机构层级"":""县（区）级及以下"",""考试类别"":""市（地）级及以下直属机构综合管理类"",""招考人数"":""1"",""专业"":""统计学类、计算机类、工商管理类、公共管理类"",""学历"":""仅限本科"",""学位"":""学士"",""政治面貌"":""不限"",""基层工作最低年限"":""无限制"",""服务基层项目工作经历"":""无限制"",""是否在面试阶段组织专业能力测试"":""否"",""面试人员比例"":""3:1"",""工作地点"":""云南省昭通市永善县"",""落户地点"":""云南省昭通市永善县"",""备注"":""1.限男性；2.限昭通市户籍或生源；3.本单位最低服务年限为5年（含试用期）。"",""部门网站"":""http://ynzd.stats.gov.cn/"",""咨询电话1"":""0871-65108067"",""咨询电话2"":""0871-65111379"",""咨询电话3"":"""",""来源Sheet"":""中央国家行政机关参照公务员法管理事业单位""}}"
"government_jobs","国家公务员2025招考简章","公务员/事业单位技术岗位","云南省昭通市永善县","2026-07-28T09:12:58.310295+00:00","永善调查队一级科员（2）","国家统计局云南调查总队","","云南省昭通市永善县","公务员/事业单位;2025;computer_software;data_ai;仅限本科;学士;统计学类、计算机类、工商管理类、公共管理类;市（地）级及以下直属机构综合管理类","用人司局：国家统计局云南调查总队
职位简介：从事一线入户调查、数据处理、统计分析、统计研究等工作
专业要求：统计学类、计算机类、工商管理类、公共管理类
学历要求：仅限本科
学位要求：学士
政治面貌：不限
基层工作经历：无限制
考试类别：市（地）级及以下直属机构综合管理类
备注：1.限女性；2.限昭通市户籍或生源；3.本单位最低服务年限为5年（含试用期）。","https://www.xjhc.gov.cn/xjhc/c116834/202410/a29382e11a674da3be3353af65f9fcc5.shtml#137125-400110125008","2024-10-14","{""dataset_year"":2025,""job_uid"":""GOV-2025-137125-400110125008"",""publisher"":""国家公务员局"",""publication_page"":""https://www.xjhc.gov.cn/xjhc/c116834/202410/a29382e11a674da3be3353af65f9fcc5.shtml"",""attachment_url"":""https://www.xjhc.gov.cn/xjhc/c116834/202410/a29382e11a674da3be3353af65f9fcc5/files/0536cef86e2b46ddad6aae5a3780089e.xls"",""local_source_file"":""2025_guokao_zhaokaojianzhang.xls"",""local_source_sha256"":""07ae6cab368cd21b7a1ac3e8150fe9a3d39ad5171ce76135ff3cccfe50c3e77e"",""source_sheet"":""中央国家行政机关参照公务员法管理事业单位"",""filter_version"":""government_tech_v2"",""tech_filter"":{""is_tech"":true,""is_core_tech"":true,""scope"":""core"",""categories"":[""computer_software"",""data_ai""],""matched_fields"":[""major"",""description""],""major_terms"":[""计算机类""],""role_terms"":[""数据处理""],""reason"":""tech_major_and_role""},""original"":{""部门代码"":""137125"",""部门名称"":""国家统计局云南调查总队"",""用人司局"":""国家统计局云南调查总队"",""机构性质"":""中央国家行政机关参照公务员法管理事业单位"",""招考职位"":""永善调查队一级科员（2）"",""职位属性"":""普通职位"",""职位分布"":""西部地区和艰苦边远地区职位"",""职位简介"":""从事一线入户调查、数据处理、统计分析、统计研究等工作"",""职位代码"":""400110125008"",""机构层级"":""县（区）级及以下"",""考试类别"":""市（地）级及以下直属机构综合管理类"",""招考人数"":""1"",""专业"":""统计学类、计算机类、工商管理类、公共管理类"",""学历"":""仅限本科"",""学位"":""学士"",""政治面貌"":""不限"",""基层工作最低年限"":""无限制"",""服务基层项目工作经历"":""无限制"",""是否在面试阶段组织专业能力测试"":""否"",""面试人员比例"":""3:1"",""工作地点"":""云南省昭通市永善县"",""落户地点"":""云南省昭通市永善县"",""备注"":""1.限女性；2.限昭通市户籍或生源；3.本单位最低服务年限为5年（含试用期）。"",""部门网站"":""http://ynzd.stats.gov.cn/"",""咨询电话1"":""0871-65108067"",""咨询电话2"":""0871-65111379"",""咨询电话3"":"""",""来源Sheet"":""中央国家行政机关参照公务员法管理事业单位""}}"
"government_jobs","国家公务员2025招考简章","公务员/事业单位技术岗位","云南省昭通市镇雄县","2026-07-28T09:12:58.310295+00:00","镇雄调查队一级科员（1）","国家统计局云南调查总队","","云南省昭通市镇雄县","公务员/事业单位;2025;computer_software;data_ai;仅限本科;学士;计算机类、公共管理类、植物生产类;市（地）级及以下直属机构综合管理类","用人司局：国家统计局云南调查总队
职位简介：从事一线入户调查、数据处理、统计分析、统计研究等工作
专业要求：计算机类、公共管理类、植物生产类
学历要求：仅限本科
学位要求：学士
政治面貌：不限
基层工作经历：无限制
考试类别：市（地）级及以下直属机构综合管理类
备注：1.限男性；2.限昭通市户籍或生源；3.本单位最低服务年限为5年（含试用期）。","https://www.xjhc.gov.cn/xjhc/c116834/202410/a29382e11a674da3be3353af65f9fcc5.shtml#137125-400110125009","2024-10-14","{""dataset_year"":2025,""job_uid"":""GOV-2025-137125-400110125009"",""publisher"":""国家公务员局"",""publication_page"":""https://www.xjhc.gov.cn/xjhc/c116834/202410/a29382e11a674da3be3353af65f9fcc5.shtml"",""attachment_url"":""https://www.xjhc.gov.cn/xjhc/c116834/202410/a29382e11a674da3be3353af65f9fcc5/files/0536cef86e2b46ddad6aae5a3780089e.xls"",""local_source_file"":""2025_guokao_zhaokaojianzhang.xls"",""local_source_sha256"":""07ae6cab368cd21b7a1ac3e8150fe9a3d39ad5171ce76135ff3cccfe50c3e77e"",""source_sheet"":""中央国家行政机关参照公务员法管理事业单位"",""filter_version"":""government_tech_v2"",""tech_filter"":{""is_tech"":true,""is_core_tech"":true,""scope"":""core"",""categories"":[""computer_software"",""data_ai""],""matched_fields"":[""major"",""description""],""major_terms"":[""计算机类""],""role_terms"":[""数据处理""],""reason"":""tech_major_and_role""},""original"":{""部门代码"":""137125"",""部门名称"":""国家统计局云南调查总队"",""用人司局"":""国家统计局云南调查总队"",""机构性质"":""中央国家行政机关参照公务员法管理事业单位"",""招考职位"":""镇雄调查队一级科员（1）"",""职位属性"":""普通职位"",""职位分布"":""西部地区和艰苦边远地区职位"",""职位简介"":""从事一线入户调查、数据处理、统计分析、统计研究等工作"",""职位代码"":""400110125009"",""机构层级"":""县（区）级及以下"",""考试类别"":""市（地）级及以下直属机构综合管理类"",""招考人数"":""1"",""专业"":""计算机类、公共管理类、植物生产类"",""学历"":""仅限本科"",""学位"":""学士"",""政治面貌"":""不限"",""基层工作最低年限"":""无限制"",""服务基层项目工作经历"":""无限制"",""是否在面试阶段组织专业能力测试"":""否"",""面试人员比例"":""3:1"",""工作地点"":""云南省昭通市镇雄县"",""落户地点"":""云南省昭通市镇雄县"",""备注"":""1.限男性；2.限昭通市户籍或生源；3.本单位最低服务年限为5年（含试用期）。"",""部门网站"":""http://ynzd.stats.gov.cn/"",""咨询电话1"":""0871-65108067"",""咨询电话2"":""0871-65111379"",""咨询电话3"":"""",""来源Sheet"":""中央国家行政机关参照公务员法管理事业单位""}}"
"government_jobs","国家公务员2025招考简章","公务员/事业单位技术岗位","云南省昭通市镇雄县","2026-07-28T09:12:58.310295+00:00","镇雄调查队一级科员（2）","国家统计局云南调查总队","","云南省昭通市镇雄县","公务员/事业单位;2025;computer_software;data_ai;仅限本科;学士;计算机类、公共管理类、植物生产类;市（地）级及以下直属机构综合管理类","用人司局：国家统计局云南调查总队
职位简介：从事一线入户调查、数据处理、统计分析、统计研究等工作
专业要求：计算机类、公共管理类、植物生产类
学历要求：仅限本科
学位要求：学士
政治面貌：不限
基层工作经历：无限制
考试类别：市（地）级及以下直属机构综合管理类
备注：1.限女性；2.限昭通市户籍或生源；3.本单位最低服务年限为5年（含试用期）。","https://www.xjhc.gov.cn/xjhc/c116834/202410/a29382e11a674da3be3353af65f9fcc5.shtml#137125-400110125010","2024-10-14","{""dataset_year"":2025,""job_uid"":""GOV-2025-137125-400110125010"",""publisher"":""国家公务员局"",""publication_page"":""https://www.xjhc.gov.cn/xjhc/c116834/202410/a29382e11a674da3be3353af65f9fcc5.shtml"",""attachment_url"":""https://www.xjhc.gov.cn/xjhc/c116834/202410/a29382e11a674da3be3353af65f9fcc5/files/0536cef86e2b46ddad6aae5a3780089e.xls"",""local_source_file"":""2025_guokao_zhaokaojianzhang.xls"",""local_source_sha256"":""07ae6cab368cd21b7a1ac3e8150fe9a3d39ad5171ce76135ff3cccfe50c3e77e"",""source_sheet"":""中央国家行政机关参照公务员法管理事业单位"",""filter_version"":""government_tech_v2"",""tech_filter"":{""is_tech"":true,""is_core_tech"":true,""scope"":""core"",""categories"":[""computer_software"",""data_ai""],""matched_fields"":[""major"",""description""],""major_terms"":[""计算机类""],""role_terms"":[""数据处理""],""reason"":""tech_major_and_role""},""original"":{""部门代码"":""137125"",""部门名称"":""国家统计局云南调查总队"",""用人司局"":""国家统计局云南调查总队"",""机构性质"":""中央国家行政机关参照公务员法管理事业单位"",""招考职位"":""镇雄调查队一级科员（2）"",""职位属性"":""普通职位"",""职位分布"":""西部地区和艰苦边远地区职位"",""职位简介"":""从事一线入户调查、数据处理、统计分析、统计研究等工作"",""职位代码"":""400110125010"",""机构层级"":""县（区）级及以下"",""考试类别"":""市（地）级及以下直属机构综合管理类"",""招考人数"":""1"",""专业"":""计算机类、公共管理类、植物生产类"",""学历"":""仅限本科"",""学位"":""学士"",""政治面貌"":""不限"",""基层工作最低年限"":""无限制"",""服务基层项目工作经历"":""无限制"",""是否在面试阶段组织专业能力测试"":""否"",""面试人员比例"":""3:1"",""工作地点"":""云南省昭通市镇雄县"",""落户地点"":""云南省昭通市镇雄县"",""备注"":""1.限女性；2.限昭通市户籍或生源；3.本单位最低服务年限为5年（含试用期）。"",""部门网站"":""http://ynzd.stats.gov.cn/"",""咨询电话1"":""0871-65108067"",""咨询电话2"":""0871-65111379"",""咨询电话3"":"""",""来源Sheet"":""中央国家行政机关参照公务员法管理事业单位""}}"
"government_jobs","国家公务员2025招考简章","公务员/事业单位技术岗位","云南省普洱市宁洱哈尼族彝族自治县","2026-07-28T09:12:58.310295+00:00","宁洱调查队一级科员（1）","国家统计局云南调查总队","","云南省普洱市宁洱哈尼族彝族自治县","公务员/事业单位;2025;computer_software;data_ai;仅限本科;学士;计算机类、经济学类、中国语言文学类、新闻传播学类;市（地）级及以下直属机构综合管理类","用人司局：国家统计局云南调查总队
职位简介：从事一线入户调查、数据处理、统计分析、统计研究等工作
专业要求：计算机类、经济学类、中国语言文学类、新闻传播学类
学历要求：仅限本科
学位要求：学士
政治面貌：中共党员
基层工作经历：无限制
考试类别：市（地）级及以下直属机构综合管理类
备注：1.限男性；2.限普洱市户籍或生源；3.本单位最低服务年限为5年（含试用期）；4.本职位专业要求均为专业目录中的“专业类”，非“专业大类（学科门类）”。","https://www.xjhc.gov.cn/xjhc/c116834/202410/a29382e11a674da3be3353af65f9fcc5.shtml#137125-400110125014","2024-10-14","{""dataset_year"":2025,""job_uid"":""GOV-2025-137125-400110125014"",""publisher"":""国家公务员局"",""publication_page"":""https://www.xjhc.gov.cn/xjhc/c116834/202410/a29382e11a674da3be3353af65f9fcc5.shtml"",""attachment_url"":""https://www.xjhc.gov.cn/xjhc/c116834/202410/a29382e11a674da3be3353af65f9fcc5/files/0536cef86e2b46ddad6aae5a3780089e.xls"",""local_source_file"":""2025_guokao_zhaokaojianzhang.xls"",""local_source_sha256"":""07ae6cab368cd21b7a1ac3e8150fe9a3d39ad5171ce76135ff3cccfe50c3e77e"",""source_sheet"":""中央国家行政机关参照公务员法管理事业单位"",""filter_version"":""government_tech_v2"",""tech_filter"":{""is_tech"":true,""is_core_tech"":true,""scope"":""core"",""categories"":[""computer_software"",""data_ai""],""matched_fields"":[""major"",""description""],""major_terms"":[""计算机类""],""role_terms"":[""数据处理""],""reason"":""tech_major_and_role""},""original"":{""部门代码"":""137125"",""部门名称"":""国家统计局云南调查总队"",""用人司局"":""国家统计局云南调查总队"",""机构性质"":""中央国家行政机关参照公务员法管理事业单位"",""招考职位"":""宁洱调查队一级科员（1）"",""职位属性"":""普通职位"",""职位分布"":""西部地区和艰苦边远地区职位"",""职位简介"":""从事一线入户调查、数据处理、统计分析、统计研究等工作"",""职位代码"":""400110125014"",""机构层级"":""县（区）级及以下"",""考试类别"":""市（地）级及以下直属机构综合管理类"",""招考人数"":""1"",""专业"":""计算机类、经济学类、中国语言文学类、新闻传播学类"",""学历"":""仅限本科"",""学位"":""学士"",""政治面貌"":""中共党员"",""基层工作最低年限"":""无限制"",""服务基层项目工作经历"":""无限制"",""是否在面试阶段组织专业能力测试"":""否"",""面试人员比例"":""3:1"",""工作地点"":""云南省普洱市宁洱哈尼族彝族自治县"",""落户地点"":""云南省普洱市宁洱哈尼族彝族自治县"",""备注"":""1.限男性；2.限普洱市户籍或生源；3.本单位最低服务年限为5年（含试用期）；4.本职位专业要求均为专业目录中的“专业类”，非“专业大类（学科门类）”。"",""部门网站"":""http://ynzd.stats.gov.cn/"",""咨询电话1"":""0871-65108067"",""咨询电话2"":""0871-65111379"",""咨询电话3"":"""",""来源Sheet"":""中央国家行政机关参照公务员法管理事业单位""}}"
"government_jobs","国家公务员2025招考简章","公务员/事业单位技术岗位","云南省普洱市宁洱哈尼族彝族自治县","2026-07-28T09:12:58.310295+00:00","宁洱调查队一级科员（2）","国家统计局云南调查总队","","云南省普洱市宁洱哈尼族彝族自治县","公务员/事业单位;2025;computer_software;data_ai;仅限本科;学士;计算机类、经济学类、中国语言文学类、新闻传播学类;市（地）级及以下直属机构综合管理类","用人司局：国家统计局云南调查总队
职位简介：从事一线入户调查、数据处理、统计分析、统计研究等工作
专业要求：计算机类、经济学类、中国语言文学类、新闻传播学类
学历要求：仅限本科
学位要求：学士
政治面貌：中共党员
基层工作经历：无限制
考试类别：市（地）级及以下直属机构综合管理类
备注：1.限女性；2.限普洱市户籍或生源；3.本单位最低服务年限为5年（含试用期）；4.本职位专业要求均为专业目录中的“专业类”，非“专业大类（学科门类）”。","https://www.xjhc.gov.cn/xjhc/c116834/202410/a29382e11a674da3be3353af65f9fcc5.shtml#137125-400110125015","2024-10-14","{""dataset_year"":2025,""job_uid"":""GOV-2025-137125-400110125015"",""publisher"":""国家公务员局"",""publication_page"":""https://www.xjhc.gov.cn/xjhc/c116834/202410/a29382e11a674da3be3353af65f9fcc5.shtml"",""attachment_url"":""https://www.xjhc.gov.cn/xjhc/c116834/202410/a29382e11a674da3be3353af65f9fcc5/files/0536cef86e2b46ddad6aae5a3780089e.xls"",""local_source_file"":""2025_guokao_zhaokaojianzhang.xls"",""local_source_sha256"":""07ae6cab368cd21b7a1ac3e8150fe9a3d39ad5171ce76135ff3cccfe50c3e77e"",""source_sheet"":""中央国家行政机关参照公务员法管理事业单位"",""filter_version"":""government_tech_v2"",""tech_filter"":{""is_tech"":true,""is_core_tech"":true,""scope"":""core"",""categories"":[""computer_software"",""data_ai""],""matched_fields"":[""major"",""description""],""major_terms"":[""计算机类""],""role_terms"":[""数据处理""],""reason"":""tech_major_and_role""},""original"":{""部门代码"":""137125"",""部门名称"":""国家统计局云南调查总队"",""用人司局"":""国家统计局云南调查总队"",""机构性质"":""中央国家行政机关参照公务员法管理事业单位"",""招考职位"":""宁洱调查队一级科员（2）"",""职位属性"":""普通职位"",""职位分布"":""西部地区和艰苦边远地区职位"",""职位简介"":""从事一线入户调查、数据处理、统计分析、统计研究等工作"",""职位代码"":""400110125015"",""机构层级"":""县（区）级及以下"",""考试类别"":""市（地）级及以下直属机构综合管理类"",""招考人数"":""1"",""专业"":""计算机类、经济学类、中国语言文学类、新闻传播学类"",""学历"":""仅限本科"",""学位"":""学士"",""政治面貌"":""中共党员"",""基层工作最低年限"":""无限制"",""服务基层项目工作经历"":""无限制"",""是否在面试阶段组织专业能力测试"":""否"",""面试人员比例"":""3:1"",""工作地点"":""云南省普洱市宁洱哈尼族彝族自治县"",""落户地点"":""云南省普洱市宁洱哈尼族彝族自治县"",""备注"":""1.限女性；2.限普洱市户籍或生源；3.本单位最低服务年限为5年（含试用期）；4.本职位专业要求均为专业目录中的“专业类”，非“专业大类（学科门类）”。"",""部门网站"":""http://ynzd.stats.gov.cn/"",""咨询电话1"":""0871-65108067"",""咨询电话2"":""0871-65111379"",""咨询电话3"":"""",""来源Sheet"":""中央国家行政机关参照公务员法管理事业单位""}}"
"government_jobs","国家公务员2025招考简章","公务员/事业单位技术岗位","云南省普洱市澜沧拉祜族自治县","2026-07-28T09:12:58.310295+00:00","澜沧调查队一级科员（1）","国家统计局云南调查总队","","云南省普洱市澜沧拉祜族自治县","公务员/事业单位;2025;computer_software;data_ai;仅限本科;学士;统计学类、计算机类、经济学类;市（地）级及以下直属机构综合管理类","用人司局：国家统计局云南调查总队
职位简介：从事一线入户调查、数据处理、统计分析、统计研究等工作
专业要求：统计学类、计算机类、经济学类
学历要求：仅限本科
学位要求：学士
政治面貌：中共党员
基层工作经历：无限制
考试类别：市（地）级及以下直属机构综合管理类
备注：1.限男性；2.限应届高校毕业生；3.本单位最低服务年限为5年（含试用期）；4.本职位专业要求均为专业目录中的“专业类”，非“专业大类（学科门类）”。","https://www.xjhc.gov.cn/xjhc/c116834/202410/a29382e11a674da3be3353af65f9fcc5.shtml#137125-400110125017","2024-10-14","{""dataset_year"":2025,""job_uid"":""GOV-2025-137125-400110125017"",""publisher"":""国家公务员局"",""publication_page"":""https://www.xjhc.gov.cn/xjhc/c116834/202410/a29382e11a674da3be3353af65f9fcc5.shtml"",""attachment_url"":""https://www.xjhc.gov.cn/xjhc/c116834/202410/a29382e11a674da3be3353af65f9fcc5/files/0536cef86e2b46ddad6aae5a3780089e.xls"",""local_source_file"":""2025_guokao_zhaokaojianzhang.xls"",""local_source_sha256"":""07ae6cab368cd21b7a1ac3e8150fe9a3d39ad5171ce76135ff3cccfe50c3e77e"",""source_sheet"":""中央国家行政机关参照公务员法管理事业单位"",""filter_version"":""government_tech_v2"",""tech_filter"":{""is_tech"":true,""is_core_tech"":true,""scope"":""core"",""categories"":[""computer_software"",""data_ai""],""matched_fields"":[""major"",""description""],""major_terms"":[""计算机类""],""role_terms"":[""数据处理""],""reason"":""tech_major_and_role""},""original"":{""部门代码"":""137125"",""部门名称"":""国家统计局云南调查总队"",""用人司局"":""国家统计局云南调查总队"",""机构性质"":""中央国家行政机关参照公务员法管理事业单位"",""招考职位"":""澜沧调查队一级科员（1）"",""职位属性"":""普通职位"",""职位分布"":""西部地区和艰苦边远地区职位"",""职位简介"":""从事一线入户调查、数据处理、统计分析、统计研究等工作"",""职位代码"":""400110125017"",""机构层级"":""县（区）级及以下"",""考试类别"":""市（地）级及以下直属机构综合管理类"",""招考人数"":""1"",""专业"":""统计学类、计算机类、经济学类"",""学历"":""仅限本科"",""学位"":""学士"",""政治面貌"":""中共党员"",""基层工作最低年限"":""无限制"",""服务基层项目工作经历"":""无限制"",""是否在面试阶段组织专业能力测试"":""否"",""面试人员比例"":""3:1"",""工作地点"":""云南省普洱市澜沧拉祜族自治县"",""落户地点"":""云南省普洱市澜沧拉祜族自治县"",""备注"":""1.限男性；2.限应届高校毕业生；3.本单位最低服务年限为5年（含试用期）；4.本职位专业要求均为专业目录中的“专业类”，非“专业大类（学科门类）”。"",""部门网站"":""http://ynzd.stats.gov.cn/"",""咨询电话1"":""0871-65108067"",""咨询电话2"":""0871-65111379"",""咨询电话3"":"""",""来源Sheet"":""中央国家行政机关参照公务员法管理事业单位""}}"
"government_jobs","国家公务员2025招考简章","公务员/事业单位技术岗位","云南省普洱市澜沧拉祜族自治县","2026-07-28T09:12:58.310295+00:00","澜沧调查队一级科员（2）","国家统计局云南调查总队","","云南省普洱市澜沧拉祜族自治县","公务员/事业单位;2025;computer_software;data_ai;仅限本科;学士;统计学类、计算机类、经济学类;市（地）级及以下直属机构综合管理类","用人司局：国家统计局云南调查总队
职位简介：从事一线入户调查、数据处理、统计分析、统计研究等工作
专业要求：统计学类、计算机类、经济学类
学历要求：仅限本科
学位要求：学士
政治面貌：中共党员
基层工作经历：无限制
考试类别：市（地）级及以下直属机构综合管理类
备注：1.限女性；2.限应届高校毕业生；3.本单位最低服务年限为5年（含试用期）；4.本职位专业要求均为专业目录中的“专业类”，非“专业大类（学科门类）”。","https://www.xjhc.gov.cn/xjhc/c116834/202410/a29382e11a674da3be3353af65f9fcc5.shtml#137125-400110125018","2024-10-14","{""dataset_year"":2025,""job_uid"":""GOV-2025-137125-400110125018"",""publisher"":""国家公务员局"",""publication_page"":""https://www.xjhc.gov.cn/xjhc/c116834/202410/a29382e11a674da3be3353af65f9fcc5.shtml"",""attachment_url"":""https://www.xjhc.gov.cn/xjhc/c116834/202410/a29382e11a674da3be3353af65f9fcc5/files/0536cef86e2b46ddad6aae5a3780089e.xls"",""local_source_file"":""2025_guokao_zhaokaojianzhang.xls"",""local_source_sha256"":""07ae6cab368cd21b7a1ac3e8150fe9a3d39ad5171ce76135ff3cccfe50c3e77e"",""source_sheet"":""中央国家行政机关参照公务员法管理事业单位"",""filter_version"":""government_tech_v2"",""tech_filter"":{""is_tech"":true,""is_core_tech"":true,""scope"":""core"",""categories"":[""computer_software"",""data_ai""],""matched_fields"":[""major"",""description""],""major_terms"":[""计算机类""],""role_terms"":[""数据处理""],""reason"":""tech_major_and_role""},""original"":{""部门代码"":""137125"",""部门名称"":""国家统计局云南调查总队"",""用人司局"":""国家统计局云南调查总队"",""机构性质"":""中央国家行政机关参照公务员法管理事业单位"",""招考职位"":""澜沧调查队一级科员（2）"",""职位属性"":""普通职位"",""职位分布"":""西部地区和艰苦边远地区职位"",""职位简介"":""从事一线入户调查、数据处理、统计分析、统计研究等工作"",""职位代码"":""400110125018"",""机构层级"":""县（区）级及以下"",""考试类别"":""市（地）级及以下直属机构综合管理类"",""招考人数"":""1"",""专业"":""统计学类、计算机类、经济学类"",""学历"":""仅限本科"",""学位"":""学士"",""政治面貌"":""中共党员"",""基层工作最低年限"":""无限制"",""服务基层项目工作经历"":""无限制"",""是否在面试阶段组织专业能力测试"":""否"",""面试人员比例"":""3:1"",""工作地点"":""云南省普洱市澜沧拉祜族自治县"",""落户地点"":""云南省普洱市澜沧拉祜族自治县"",""备注"":""1.限女性；2.限应届高校毕业生；3.本单位最低服务年限为5年（含试用期）；4.本职位专业要求均为专业目录中的“专业类”，非“专业大类（学科门类）”。"",""部门网站"":""http://ynzd.stats.gov.cn/"",""咨询电话1"":""0871-65108067"",""咨询电话2"":""0871-65111379"",""咨询电话3"":"""",""来源Sheet"":""中央国家行政机关参照公务员法管理事业单位""}}"
"government_jobs","国家公务员2025招考简章","公务员/事业单位技术岗位","云南省临沧市凤庆县","2026-07-28T09:12:58.310295+00:00","凤庆调查队一级科员","国家统计局云南调查总队","","云南省临沧市凤庆县","公务员/事业单位;2025;computer_software;data_ai;仅限本科;学士;计算机类、经济学类、工商管理类;市（地）级及以下直属机构综合管理类","用人司局：国家统计局云南调查总队
职位简介：从事一线入户调查、数据处理、统计分析、统计研究等工作
专业要求：计算机类、经济学类、工商管理类
学历要求：仅限本科
学位要求：学士
政治面貌：不限
基层工作经历：无限制
考试类别：市（地）级及以下直属机构综合管理类
备注：1.本单位最低服务年限为5年（含试用期）；2.本职位专业要求均为专业目录中的“专业类”，非“专业大类（学科门类）”。","https://www.xjhc.gov.cn/xjhc/c116834/202410/a29382e11a674da3be3353af65f9fcc5.shtml#137125-400110125019","2024-10-14","{""dataset_year"":2025,""job_uid"":""GOV-2025-137125-400110125019"",""publisher"":""国家公务员局"",""publication_page"":""https://www.xjhc.gov.cn/xjhc/c116834/202410/a29382e11a674da3be3353af65f9fcc5.shtml"",""attachment_url"":""https://www.xjhc.gov.cn/xjhc/c116834/202410/a29382e11a674da3be3353af65f9fcc5/files/0536cef86e2b46ddad6aae5a3780089e.xls"",""local_source_file"":""2025_guokao_zhaokaojianzhang.xls"",""local_source_sha256"":""07ae6cab368cd21b7a1ac3e8150fe9a3d39ad5171ce76135ff3cccfe50c3e77e"",""source_sheet"":""中央国家行政机关参照公务员法管理事业单位"",""filter_version"":""government_tech_v2"",""tech_filter"":{""is_tech"":true,""is_core_tech"":true,""scope"":""core"",""categories"":[""computer_software"",""data_ai""],""matched_fields"":[""major"",""description""],""major_terms"":[""计算机类""],""role_terms"":[""数据处理""],""reason"":""tech_major_and_role""},""original"":{""部门代码"":""137125"",""部门名称"":""国家统计局云南调查总队"",""用人司局"":""国家统计局云南调查总队"",""机构性质"":""中央国家行政机关参照公务员法管理事业单位"",""招考职位"":""凤庆调查队一级科员"",""职位属性"":""普通职位"",""职位分布"":""西部地区和艰苦边远地区职位"",""职位简介"":""从事一线入户调查、数据处理、统计分析、统计研究等工作"",""职位代码"":""400110125019"",""机构层级"":""县（区）级及以下"",""考试类别"":""市（地）级及以下直属机构综合管理类"",""招考人数"":""1"",""专业"":""计算机类、经济学类、工商管理类"",""学历"":""仅限本科"",""学位"":""学士"",""政治面貌"":""不限"",""基层工作最低年限"":""无限制"",""服务基层项目工作经历"":""无限制"",""是否在面试阶段组织专业能力测试"":""否"",""面试人员比例"":""3:1"",""工作地点"":""云南省临沧市凤庆县"",""落户地点"":""云南省临沧市凤庆县"",""备注"":""1.本单位最低服务年限为5年（含试用期）；2.本职位专业要求均为专业目录中的“专业类”，非“专业大类（学科门类）”。"",""部门网站"":""http://ynzd.stats.gov.cn/"",""咨询电话1"":""0871-65108067"",""咨询电话2"":""0871-65111379"",""咨询电话3"":"""",""来源Sheet"":""中央国家行政机关参照公务员法管理事业单位""}}"
"government_jobs","国家公务员2025招考简章","公务员/事业单位技术岗位","云南省文山壮族苗族自治州西畴县","2026-07-28T09:12:58.310295+00:00","西畴调查队一级科员","国家统计局云南调查总队","","云南省文山壮族苗族自治州西畴县","公务员/事业单位;2025;computer_software;data_ai;仅限本科;学士;统计学类、计算机类、工商管理类、马克思主义理论类;市（地）级及以下直属机构综合管理类","用人司局：国家统计局云南调查总队
职位简介：从事一线入户调查、数据处理、统计分析、统计研究等工作
专业要求：统计学类、计算机类、工商管理类、马克思主义理论类
学历要求：仅限本科
学位要求：学士
政治面貌：不限
基层工作经历：无限制
考试类别：市（地）级及以下直属机构综合管理类
备注：1.限文山州户籍或生源；2.本单位最低服务年限为5年（含试用期）。","https://www.xjhc.gov.cn/xjhc/c116834/202410/a29382e11a674da3be3353af65f9fcc5.shtml#137125-400110125023","2024-10-14","{""dataset_year"":2025,""job_uid"":""GOV-2025-137125-400110125023"",""publisher"":""国家公务员局"",""publication_page"":""https://www.xjhc.gov.cn/xjhc/c116834/202410/a29382e11a674da3be3353af65f9fcc5.shtml"",""attachment_url"":""https://www.xjhc.gov.cn/xjhc/c116834/202410/a29382e11a674da3be3353af65f9fcc5/files/0536cef86e2b46ddad6aae5a3780089e.xls"",""local_source_file"":""2025_guokao_zhaokaojianzhang.xls"",""local_source_sha256"":""07ae6cab368cd21b7a1ac3e8150fe9a3d39ad5171ce76135ff3cccfe50c3e77e"",""source_sheet"":""中央国家行政机关参照公务员法管理事业单位"",""filter_version"":""government_tech_v2"",""tech_filter"":{""is_tech"":true,""is_core_tech"":true,""scope"":""core"",""categories"":[""computer_software"",""data_ai""],""matched_fields"":[""major"",""description""],""major_terms"":[""计算机类""],""role_terms"":[""数据处理""],""reason"":""tech_major_and_role""},""original"":{""部门代码"":""137125"",""部门名称"":""国家统计局云南调查总队"",""用人司局"":""国家统计局云南调查总队"",""机构性质"":""中央国家行政机关参照公务员法管理事业单位"",""招考职位"":""西畴调查队一级科员"",""职位属性"":""普通职位"",""职位分布"":""西部地区和艰苦边远地区职位"",""职位简介"":""从事一线入户调查、数据处理、统计分析、统计研究等工作"",""职位代码"":""400110125023"",""机构层级"":""县（区）级及以下"",""考试类别"":""市（地）级及以下直属机构综合管理类"",""招考人数"":""1"",""专业"":""统计学类、计算机类、工商管理类、马克思主义理论类"",""学历"":""仅限本科"",""学位"":""学士"",""政治面貌"":""不限"",""基层工作最低年限"":""无限制"",""服务基层项目工作经历"":""无限制"",""是否在面试阶段组织专业能力测试"":""否"",""面试人员比例"":""3:1"",""工作地点"":""云南省文山壮族苗族自治州西畴县"",""落户地点"":""云南省文山壮族苗族自治州西畴县"",""备注"":""1.限文山州户籍或生源；2.本单位最低服务年限为5年（含试用期）。"",""部门网站"":""http://ynzd.stats.gov.cn/"",""咨询电话1"":""0871-65108067"",""咨询电话2"":""0871-65111379"",""咨询电话3"":"""",""来源Sheet"":""中央国家行政机关参照公务员法管理事业单位""}}"
"government_jobs","国家公务员2025招考简章","公务员/事业单位技术岗位","云南省大理白族自治州宾川县","2026-07-28T09:12:58.310295+00:00","宾川调查队一级科员（1）","国家统计局云南调查总队","","云南省大理白族自治州宾川县","公务员/事业单位;2025;computer_software;data_ai;仅限本科;学士;统计学类、数学类、计算机类、经济学类;市（地）级及以下直属机构综合管理类","用人司局：国家统计局云南调查总队
职位简介：从事一线入户调查、数据处理、统计分析、统计研究等工作
专业要求：统计学类、数学类、计算机类、经济学类
学历要求：仅限本科
学位要求：学士
政治面貌：中共党员
基层工作经历：无限制
考试类别：市（地）级及以下直属机构综合管理类
备注：1.限男性；2.限大理州户籍或生源；3.本单位最低服务年限为5年（含试用期）；4.本职位专业要求均为专业目录中的“专业类”，非“专业大类（学科门类）”。","https://www.xjhc.gov.cn/xjhc/c116834/202410/a29382e11a674da3be3353af65f9fcc5.shtml#137125-400110125025","2024-10-14","{""dataset_year"":2025,""job_uid"":""GOV-2025-137125-400110125025"",""publisher"":""国家公务员局"",""publication_page"":""https://www.xjhc.gov.cn/xjhc/c116834/202410/a29382e11a674da3be3353af65f9fcc5.shtml"",""attachment_url"":""https://www.xjhc.gov.cn/xjhc/c116834/202410/a29382e11a674da3be3353af65f9fcc5/files/0536cef86e2b46ddad6aae5a3780089e.xls"",""local_source_file"":""2025_guokao_zhaokaojianzhang.xls"",""local_source_sha256"":""07ae6cab368cd21b7a1ac3e8150fe9a3d39ad5171ce76135ff3cccfe50c3e77e"",""source_sheet"":""中央国家行政机关参照公务员法管理事业单位"",""filter_version"":""government_tech_v2"",""tech_filter"":{""is_tech"":true,""is_core_tech"":true,""scope"":""core"",""categories"":[""computer_software"",""data_ai""],""matched_fields"":[""major"",""description""],""major_terms"":[""计算机类""],""role_terms"":[""数据处理""],""reason"":""tech_major_and_role""},""original"":{""部门代码"":""137125"",""部门名称"":""国家统计局云南调查总队"",""用人司局"":""国家统计局云南调查总队"",""机构性质"":""中央国家行政机关参照公务员法管理事业单位"",""招考职位"":""宾川调查队一级科员（1）"",""职位属性"":""普通职位"",""职位分布"":""西部地区和艰苦边远地区职位"",""职位简介"":""从事一线入户调查、数据处理、统计分析、统计研究等工作"",""职位代码"":""400110125025"",""机构层级"":""县（区）级及以下"",""考试类别"":""市（地）级及以下直属机构综合管理类"",""招考人数"":""1"",""专业"":""统计学类、数学类、计算机类、经济学类"",""学历"":""仅限本科"",""学位"":""学士"",""政治面貌"":""中共党员"",""基层工作最低年限"":""无限制"",""服务基层项目工作经历"":""无限制"",""是否在面试阶段组织专业能力测试"":""否"",""面试人员比例"":""3:1"",""工作地点"":""云南省大理白族自治州宾川县"",""落户地点"":""云南省大理白族自治州宾川县"",""备注"":""1.限男性；2.限大理州户籍或生源；3.本单位最低服务年限为5年（含试用期）；4.本职位专业要求均为专业目录中的“专业类”，非“专业大类（学科门类）”。"",""部门网站"":""http://ynzd.stats.gov.cn/"",""咨询电话1"":""0871-65108067"",""咨询电话2"":""0871-65111379"",""咨询电话3"":"""",""来源Sheet"":""中央国家行政机关参照公务员法管理事业单位""}}"
"government_jobs","国家公务员2025招考简章","公务员/事业单位技术岗位","云南省大理白族自治州宾川县","2026-07-28T09:12:58.310295+00:00","宾川调查队一级科员（2）","国家统计局云南调查总队","","云南省大理白族自治州宾川县","公务员/事业单位;2025;computer_software;data_ai;仅限本科;学士;统计学类、数学类、计算机类、经济学类;市（地）级及以下直属机构综合管理类","用人司局：国家统计局云南调查总队
职位简介：从事一线入户调查、数据处理、统计分析、统计研究等工作
专业要求：统计学类、数学类、计算机类、经济学类
学历要求：仅限本科
学位要求：学士
政治面貌：中共党员
基层工作经历：无限制
考试类别：市（地）级及以下直属机构综合管理类
备注：1.限女性；2.限大理州户籍或生源；3.本单位最低服务年限为5年（含试用期）；4.本职位专业要求均为专业目录中的“专业类”，非“专业大类（学科门类）”。","https://www.xjhc.gov.cn/xjhc/c116834/202410/a29382e11a674da3be3353af65f9fcc5.shtml#137125-400110125026","2024-10-14","{""dataset_year"":2025,""job_uid"":""GOV-2025-137125-400110125026"",""publisher"":""国家公务员局"",""publication_page"":""https://www.xjhc.gov.cn/xjhc/c116834/202410/a29382e11a674da3be3353af65f9fcc5.shtml"",""attachment_url"":""https://www.xjhc.gov.cn/xjhc/c116834/202410/a29382e11a674da3be3353af65f9fcc5/files/0536cef86e2b46ddad6aae5a3780089e.xls"",""local_source_file"":""2025_guokao_zhaokaojianzhang.xls"",""local_source_sha256"":""07ae6cab368cd21b7a1ac3e8150fe9a3d39ad5171ce76135ff3cccfe50c3e77e"",""source_sheet"":""中央国家行政机关参照公务员法管理事业单位"",""filter_version"":""government_tech_v2"",""tech_filter"":{""is_tech"":true,""is_core_tech"":true,""scope"":""core"",""categories"":[""computer_software"",""data_ai""],""matched_fields"":[""major"",""description""],""major_terms"":[""计算机类""],""role_terms"":[""数据处理""],""reason"":""tech_major_and_role""},""original"":{""部门代码"":""137125"",""部门名称"":""国家统计局云南调查总队"",""用人司局"":""国家统计局云南调查总队"",""机构性质"":""中央国家行政机关参照公务员法管理事业单位"",""招考职位"":""宾川调查队一级科员（2）"",""职位属性"":""普通职位"",""职位分布"":""西部地区和艰苦边远地区职位"",""职位简介"":""从事一线入户调查、数据处理、统计分析、统计研究等工作"",""职位代码"":""400110125026"",""机构层级"":""县（区）级及以下"",""考试类别"":""市（地）级及以下直属机构综合管理类"",""招考人数"":""1"",""专业"":""统计学类、数学类、计算机类、经济学类"",""学历"":""仅限本科"",""学位"":""学士"",""政治面貌"":""中共党员"",""基层工作最低年限"":""无限制"",""服务基层项目工作经历"":""无限制"",""是否在面试阶段组织专业能力测试"":""否"",""面试人员比例"":""3:1"",""工作地点"":""云南省大理白族自治州宾川县"",""落户地点"":""云南省大理白族自治州宾川县"",""备注"":""1.限女性；2.限大理州户籍或生源；3.本单位最低服务年限为5年（含试用期）；4.本职位专业要求均为专业目录中的“专业类”，非“专业大类（学科门类）”。"",""部门网站"":""http://ynzd.stats.gov.cn/"",""咨询电话1"":""0871-65108067"",""咨询电话2"":""0871-65111379"",""咨询电话3"":"""",""来源Sheet"":""中央国家行政机关参照公务员法管理事业单位""}}"
"government_jobs","国家公务员2025招考简章","公务员/事业单位技术岗位","云南省大理白族自治州南涧彝族自治县","2026-07-28T09:12:58.310295+00:00","南涧调查队一级科员","国家统计局云南调查总队","","云南省大理白族自治州南涧彝族自治县","公务员/事业单位;2025;computer_software;data_ai;仅限本科;学士;统计学类、数学类、计算机类;市（地）级及以下直属机构综合管理类","用人司局：国家统计局云南调查总队
职位简介：从事一线入户调查、数据处理、统计分析、统计研究等工作
专业要求：统计学类、数学类、计算机类
学历要求：仅限本科
学位要求：学士
政治面貌：中共党员
基层工作经历：无限制
考试类别：市（地）级及以下直属机构综合管理类
备注：1.限大理州户籍或生源；2.本单位最低服务年限为5年（含试用期）。","https://www.xjhc.gov.cn/xjhc/c116834/202410/a29382e11a674da3be3353af65f9fcc5.shtml#137125-400110125027","2024-10-14","{""dataset_year"":2025,""job_uid"":""GOV-2025-137125-400110125027"",""publisher"":""国家公务员局"",""publication_page"":""https://www.xjhc.gov.cn/xjhc/c116834/202410/a29382e11a674da3be3353af65f9fcc5.shtml"",""attachment_url"":""https://www.xjhc.gov.cn/xjhc/c116834/202410/a29382e11a674da3be3353af65f9fcc5/files/0536cef86e2b46ddad6aae5a3780089e.xls"",""local_source_file"":""2025_guokao_zhaokaojianzhang.xls"",""local_source_sha256"":""07ae6cab368cd21b7a1ac3e8150fe9a3d39ad5171ce76135ff3cccfe50c3e77e"",""source_sheet"":""中央国家行政机关参照公务员法管理事业单位"",""filter_version"":""government_tech_v2"",""tech_filter"":{""is_tech"":true,""is_core_tech"":true,""scope"":""core"",""categories"":[""computer_software"",""data_ai""],""matched_fields"":[""major"",""description""],""major_terms"":[""计算机类""],""role_terms"":[""数据处理""],""reason"":""tech_major_and_role""},""original"":{""部门代码"":""137125"",""部门名称"":""国家统计局云南调查总队"",""用人司局"":""国家统计局云南调查总队"",""机构性质"":""中央国家行政机关参照公务员法管理事业单位"",""招考职位"":""南涧调查队一级科员"",""职位属性"":""普通职位"",""职位分布"":""西部地区和艰苦边远地区职位"",""职位简介"":""从事一线入户调查、数据处理、统计分析、统计研究等工作"",""职位代码"":""400110125027"",""机构层级"":""县（区）级及以下"",""考试类别"":""市（地）级及以下直属机构综合管理类"",""招考人数"":""1"",""专业"":""统计学类、数学类、计算机类"",""学历"":""仅限本科"",""学位"":""学士"",""政治面貌"":""中共党员"",""基层工作最低年限"":""无限制"",""服务基层项目工作经历"":""无限制"",""是否在面试阶段组织专业能力测试"":""否"",""面试人员比例"":""3:1"",""工作地点"":""云南省大理白族自治州南涧彝族自治县"",""落户地点"":""云南省大理白族自治州南涧彝族自治县"",""备注"":""1.限大理州户籍或生源；2.本单位最低服务年限为5年（含试用期）。"",""部门网站"":""http://ynzd.stats.gov.cn/"",""咨询电话1"":""0871-65108067"",""咨询电话2"":""0871-65111379"",""咨询电话3"":"""",""来源Sheet"":""中央国家行政机关参照公务员法管理事业单位""}}"
"government_jobs","国家公务员2025招考简章","公务员/事业单位技术岗位","云南省德宏傣族景颇族自治州梁河县","2026-07-28T09:12:58.310295+00:00","梁河调查队一级科员","国家统计局云南调查总队","","云南省德宏傣族景颇族自治州梁河县","公务员/事业单位;2025;computer_software;data_ai;仅限本科;学士;统计学类、数学类、计算机类、经济学类;市（地）级及以下直属机构综合管理类","用人司局：国家统计局云南调查总队
职位简介：从事一线入户调查、数据处理、统计分析、统计研究等工作
专业要求：统计学类、数学类、计算机类、经济学类
学历要求：仅限本科
学位要求：学士
政治面貌：不限
基层工作经历：无限制
考试类别：市（地）级及以下直属机构综合管理类
备注：1.限应届高校毕业生；2.限德宏州户籍或生源；3.本单位最低服务年限为5年（含试用期）；4.本职位专业要求均为专业目录中的“专业类”，非“专业大类（学科门类）”。","https://www.xjhc.gov.cn/xjhc/c116834/202410/a29382e11a674da3be3353af65f9fcc5.shtml#137125-400110125028","2024-10-14","{""dataset_year"":2025,""job_uid"":""GOV-2025-137125-400110125028"",""publisher"":""国家公务员局"",""publication_page"":""https://www.xjhc.gov.cn/xjhc/c116834/202410/a29382e11a674da3be3353af65f9fcc5.shtml"",""attachment_url"":""https://www.xjhc.gov.cn/xjhc/c116834/202410/a29382e11a674da3be3353af65f9fcc5/files/0536cef86e2b46ddad6aae5a3780089e.xls"",""local_source_file"":""2025_guokao_zhaokaojianzhang.xls"",""local_source_sha256"":""07ae6cab368cd21b7a1ac3e8150fe9a3d39ad5171ce76135ff3cccfe50c3e77e"",""source_sheet"":""中央国家行政机关参照公务员法管理事业单位"",""filter_version"":""government_tech_v2"",""tech_filter"":{""is_tech"":true,""is_core_tech"":true,""scope"":""core"",""categories"":[""computer_software"",""data_ai""],""matched_fields"":[""major"",""description""],""major_terms"":[""计算机类""],""role_terms"":[""数据处理""],""reason"":""tech_major_and_role""},""original"":{""部门代码"":""137125"",""部门名称"":""国家统计局云南调查总队"",""用人司局"":""国家统计局云南调查总队"",""机构性质"":""中央国家行政机关参照公务员法管理事业单位"",""招考职位"":""梁河调查队一级科员"",""职位属性"":""普通职位"",""职位分布"":""西部地区和艰苦边远地区职位"",""职位简介"":""从事一线入户调查、数据处理、统计分析、统计研究等工作"",""职位代码"":""400110125028"",""机构层级"":""县（区）级及以下"",""考试类别"":""市（地）级及以下直属机构综合管理类"",""招考人数"":""1"",""专业"":""统计学类、数学类、计算机类、经济学类"",""学历"":""仅限本科"",""学位"":""学士"",""政治面貌"":""不限"",""基层工作最低年限"":""无限制"",""服务基层项目工作经历"":""无限制"",""是否在面试阶段组织专业能力测试"":""否"",""面试人员比例"":""3:1"",""工作地点"":""云南省德宏傣族景颇族自治州梁河县"",""落户地点"":""云南省德宏傣族景颇族自治州梁河县"",""备注"":""1.限应届高校毕业生；2.限德宏州户籍或生源；3.本单位最低服务年限为5年（含试用期）；4.本职位专业要求均为专业目录中的“专业类”，非“专业大类（学科门类）”。"",""部门网站"":""http://ynzd.stats.gov.cn/"",""咨询电话1"":""0871-65108067"",""咨询电话2"":""0871-65111379"",""咨询电话3"":"""",""来源Sheet"":""中央国家行政机关参照公务员法管理事业单位""}}"
"government_jobs","国家公务员2025招考简章","公务员/事业单位技术岗位","云南省迪庆藏族自治州维西傈僳族自治县","2026-07-28T09:12:58.310295+00:00","维西调查队一级科员","国家统计局云南调查总队","","云南省迪庆藏族自治州维西傈僳族自治县","公务员/事业单位;2025;computer_software;data_ai;仅限本科;学士;统计学类、计算机类、工商管理类、中国语言文学类;市（地）级及以下直属机构综合管理类","用人司局：国家统计局云南调查总队
职位简介：从事一线入户调查、数据处理、统计分析、统计研究等工作
专业要求：统计学类、计算机类、工商管理类、中国语言文学类
学历要求：仅限本科
学位要求：学士
政治面貌：不限
基层工作经历：无限制
考试类别：市（地）级及以下直属机构综合管理类
备注：1.限迪庆州户籍或生源；2.本单位最低服务年限为5年（含试用期）。","https://www.xjhc.gov.cn/xjhc/c116834/202410/a29382e11a674da3be3353af65f9fcc5.shtml#137125-400110125029","2024-10-14","{""dataset_year"":2025,""job_uid"":""GOV-2025-137125-400110125029"",""publisher"":""国家公务员局"",""publication_page"":""https://www.xjhc.gov.cn/xjhc/c116834/202410/a29382e11a674da3be3353af65f9fcc5.shtml"",""attachment_url"":""https://www.xjhc.gov.cn/xjhc/c116834/202410/a29382e11a674da3be3353af65f9fcc5/files/0536cef86e2b46ddad6aae5a3780089e.xls"",""local_source_file"":""2025_guokao_zhaokaojianzhang.xls"",""local_source_sha256"":""07ae6cab368cd21b7a1ac3e8150fe9a3d39ad5171ce76135ff3cccfe50c3e77e"",""source_sheet"":""中央国家行政机关参照公务员法管理事业单位"",""filter_version"":""government_tech_v2"",""tech_filter"":{""is_tech"":true,""is_core_tech"":true,""scope"":""core"",""categories"":[""computer_software"",""data_ai""],""matched_fields"":[""major"",""description""],""major_terms"":[""计算机类""],""role_terms"":[""数据处理""],""reason"":""tech_major_and_role""},""original"":{""部门代码"":""137125"",""部门名称"":""国家统计局云南调查总队"",""用人司局"":""国家统计局云南调查总队"",""机构性质"":""中央国家行政机关参照公务员法管理事业单位"",""招考职位"":""维西调查队一级科员"",""职位属性"":""普通职位"",""职位分布"":""西部地区和艰苦边远地区职位"",""职位简介"":""从事一线入户调查、数据处理、统计分析、统计研究等工作"",""职位代码"":""400110125029"",""机构层级"":""县（区）级及以下"",""考试类别"":""市（地）级及以下直属机构综合管理类"",""招考人数"":""1"",""专业"":""统计学类、计算机类、工商管理类、中国语言文学类"",""学历"":""仅限本科"",""学位"":""学士"",""政治面貌"":""不限"",""基层工作最低年限"":""无限制"",""服务基层项目工作经历"":""无限制"",""是否在面试阶段组织专业能力测试"":""否"",""面试人员比例"":""3:1"",""工作地点"":""云南省迪庆藏族自治州维西傈僳族自治县"",""落户地点"":""云南省迪庆藏族自治州维西傈僳族自治县"",""备注"":""1.限迪庆州户籍或生源；2.本单位最低服务年限为5年（含试用期）。"",""部门网站"":""http://ynzd.stats.gov.cn/"",""咨询电话1"":""0871-65108067"",""咨询电话2"":""0871-65111379"",""咨询电话3"":"""",""来源Sheet"":""中央国家行政机关参照公务员法管理事业单位""}}"
"government_jobs","国家公务员2025招考简章","公务员/事业单位技术岗位","云南省保山市施甸县","2026-07-28T09:12:58.310295+00:00","施甸调查队一级科员（1）","国家统计局云南调查总队","","云南省保山市施甸县","公务员/事业单位;2025;computer_software;data_ai;仅限本科;学士;统计学类、数学类、计算机类、工商管理类;市（地）级及以下直属机构综合管理类","用人司局：国家统计局云南调查总队
职位简介：从事一线入户调查、数据处理、统计分析、统计研究等工作
专业要求：统计学类、数学类、计算机类、工商管理类
学历要求：仅限本科
学位要求：学士
政治面貌：中共党员
基层工作经历：无限制
考试类别：市（地）级及以下直属机构综合管理类
备注：1.限男性；2.限保山市户籍或生源；3.本单位最低服务年限为5年（含试用期）。","https://www.xjhc.gov.cn/xjhc/c116834/202410/a29382e11a674da3be3353af65f9fcc5.shtml#137125-400110125030","2024-10-14","{""dataset_year"":2025,""job_uid"":""GOV-2025-137125-400110125030"",""publisher"":""国家公务员局"",""publication_page"":""https://www.xjhc.gov.cn/xjhc/c116834/202410/a29382e11a674da3be3353af65f9fcc5.shtml"",""attachment_url"":""https://www.xjhc.gov.cn/xjhc/c116834/202410/a29382e11a674da3be3353af65f9fcc5/files/0536cef86e2b46ddad6aae5a3780089e.xls"",""local_source_file"":""2025_guokao_zhaokaojianzhang.xls"",""local_source_sha256"":""07ae6cab368cd21b7a1ac3e8150fe9a3d39ad5171ce76135ff3cccfe50c3e77e"",""source_sheet"":""中央国家行政机关参照公务员法管理事业单位"",""filter_version"":""government_tech_v2"",""tech_filter"":{""is_tech"":true,""is_core_tech"":true,""scope"":""core"",""categories"":[""computer_software"",""data_ai""],""matched_fields"":[""major"",""description""],""major_terms"":[""计算机类""],""role_terms"":[""数据处理""],""reason"":""tech_major_and_role""},""original"":{""部门代码"":""137125"",""部门名称"":""国家统计局云南调查总队"",""用人司局"":""国家统计局云南调查总队"",""机构性质"":""中央国家行政机关参照公务员法管理事业单位"",""招考职位"":""施甸调查队一级科员（1）"",""职位属性"":""普通职位"",""职位分布"":""西部地区和艰苦边远地区职位"",""职位简介"":""从事一线入户调查、数据处理、统计分析、统计研究等工作"",""职位代码"":""400110125030"",""机构层级"":""县（区）级及以下"",""考试类别"":""市（地）级及以下直属机构综合管理类"",""招考人数"":""1"",""专业"":""统计学类、数学类、计算机类、工商管理类"",""学历"":""仅限本科"",""学位"":""学士"",""政治面貌"":""中共党员"",""基层工作最低年限"":""无限制"",""服务基层项目工作经历"":""无限制"",""是否在面试阶段组织专业能力测试"":""否"",""面试人员比例"":""3:1"",""工作地点"":""云南省保山市施甸县"",""落户地点"":""云南省保山市施甸县"",""备注"":""1.限男性；2.限保山市户籍或生源；3.本单位最低服务年限为5年（含试用期）。"",""部门网站"":""http://ynzd.stats.gov.cn/"",""咨询电话1"":""0871-65108067"",""咨询电话2"":""0871-65111379"",""咨询电话3"":"""",""来源Sheet"":""中央国家行政机关参照公务员法管理事业单位""}}"
"government_jobs","国家公务员2025招考简章","公务员/事业单位技术岗位","云南省保山市施甸县","2026-07-28T09:12:58.310295+00:00","施甸调查队一级科员（2）","国家统计局云南调查总队","","云南省保山市施甸县","公务员/事业单位;2025;computer_software;data_ai;仅限本科;学士;统计学类、数学类、计算机类、工商管理类;市（地）级及以下直属机构综合管理类","用人司局：国家统计局云南调查总队
职位简介：从事一线入户调查、数据处理、统计分析、统计研究等工作
专业要求：统计学类、数学类、计算机类、工商管理类
学历要求：仅限本科
学位要求：学士
政治面貌：中共党员
基层工作经历：无限制
考试类别：市（地）级及以下直属机构综合管理类
备注：1.限女性；2.限保山市户籍或生源；3.本单位最低服务年限为5年（含试用期）。","https://www.xjhc.gov.cn/xjhc/c116834/202410/a29382e11a674da3be3353af65f9fcc5.shtml#137125-400110125031","2024-10-14","{""dataset_year"":2025,""job_uid"":""GOV-2025-137125-400110125031"",""publisher"":""国家公务员局"",""publication_page"":""https://www.xjhc.gov.cn/xjhc/c116834/202410/a29382e11a674da3be3353af65f9fcc5.shtml"",""attachment_url"":""https://www.xjhc.gov.cn/xjhc/c116834/202410/a29382e11a674da3be3353af65f9fcc5/files/0536cef86e2b46ddad6aae5a3780089e.xls"",""local_source_file"":""2025_guokao_zhaokaojianzhang.xls"",""local_source_sha256"":""07ae6cab368cd21b7a1ac3e8150fe9a3d39ad5171ce76135ff3cccfe50c3e77e"",""source_sheet"":""中央国家行政机关参照公务员法管理事业单位"",""filter_version"":""government_tech_v2"",""tech_filter"":{""is_tech"":true,""is_core_tech"":true,""scope"":""core"",""categories"":[""computer_software"",""data_ai""],""matched_fields"":[""major"",""description""],""major_terms"":[""计算机类""],""role_terms"":[""数据处理""],""reason"":""tech_major_and_role""},""original"":{""部门代码"":""137125"",""部门名称"":""国家统计局云南调查总队"",""用人司局"":""国家统计局云南调查总队"",""机构性质"":""中央国家行政机关参照公务员法管理事业单位"",""招考职位"":""施甸调查队一级科员（2）"",""职位属性"":""普通职位"",""职位分布"":""西部地区和艰苦边远地区职位"",""职位简介"":""从事一线入户调查、数据处理、统计分析、统计研究等工作"",""职位代码"":""400110125031"",""机构层级"":""县（区）级及以下"",""考试类别"":""市（地）级及以下直属机构综合管理类"",""招考人数"":""1"",""专业"":""统计学类、数学类、计算机类、工商管理类"",""学历"":""仅限本科"",""学位"":""学士"",""政治面貌"":""中共党员"",""基层工作最低年限"":""无限制"",""服务基层项目工作经历"":""无限制"",""是否在面试阶段组织专业能力测试"":""否"",""面试人员比例"":""3:1"",""工作地点"":""云南省保山市施甸县"",""落户地点"":""云南省保山市施甸县"",""备注"":""1.限女性；2.限保山市户籍或生源；3.本单位最低服务年限为5年（含试用期）。"",""部门网站"":""http://ynzd.stats.gov.cn/"",""咨询电话1"":""0871-65108067"",""咨询电话2"":""0871-65111379"",""咨询电话3"":"""",""来源Sheet"":""中央国家行政机关参照公务员法管理事业单位""}}"
"government_jobs","国家公务员2025招考简章","公务员/事业单位技术岗位","西藏自治区拉萨市","2026-07-28T09:12:58.310295+00:00","西藏调查总队业务处室二级主任科员及以下","国家统计局西藏调查总队","","西藏自治区拉萨市","公务员/事业单位;2025;computer_software;cybersecurity_cryptography;data_ai;本科及以上;与最高学历相对应的学位;本科：网络工程专业、信息安全专业、数据科学与大数据专业；研究生：计算机科学与技术（不含核医学数字图像工程专业、健康大数据与智能医学专业、智能医学诊疗专业、转化医学专业）;中央机关及其省级直属机构综合管理类","用人司局：国家统计局西藏调查总队
职位简介：从事统计调查、数据处理、统计分析研究等工作。
专业要求：本科：网络工程专业、信息安全专业、数据科学与大数据专业；研究生：计算机科学与技术（不含核医学数字图像工程专业、健康大数据与智能医学专业、智能医学诊疗专业、转化医学专业）
学历要求：本科及以上
学位要求：与最高学历相对应的学位
政治面貌：不限
基层工作经历：无限制
考试类别：中央机关及其省级直属机构综合管理类
备注：本单位最低服务年限为5年（含试用期）。","https://www.xjhc.gov.cn/xjhc/c116834/202410/a29382e11a674da3be3353af65f9fcc5.shtml#137126-400110126002","2024-10-14","{""dataset_year"":2025,""job_uid"":""GOV-2025-137126-400110126002"",""publisher"":""国家公务员局"",""publication_page"":""https://www.xjhc.gov.cn/xjhc/c116834/202410/a29382e11a674da3be3353af65f9fcc5.shtml"",""attachment_url"":""https://www.xjhc.gov.cn/xjhc/c116834/202410/a29382e11a674da3be3353af65f9fcc5/files/0536cef86e2b46ddad6aae5a3780089e.xls"",""local_source_file"":""2025_guokao_zhaokaojianzhang.xls"",""local_source_sha256"":""07ae6cab368cd21b7a1ac3e8150fe9a3d39ad5171ce76135ff3cccfe50c3e77e"",""source_sheet"":""中央国家行政机关参照公务员法管理事业单位"",""filter_version"":""government_tech_v2"",""tech_filter"":{""is_tech"":true,""is_core_tech"":true,""scope"":""core"",""categories"":[""computer_software"",""cybersecurity_cryptography"",""data_ai""],""matched_fields"":[""major"",""description""],""major_terms"":[""信息安全"",""大数据"",""数据科学"",""网络工程"",""计算机科学与技术""],""role_terms"":[""数据处理""],""reason"":""tech_major_and_role""},""original"":{""部门代码"":""137126"",""部门名称"":""国家统计局西藏调查总队"",""用人司局"":""国家统计局西藏调查总队"",""机构性质"":""中央国家行政机关参照公务员法管理事业单位"",""招考职位"":""西藏调查总队业务处室二级主任科员及以下"",""职位属性"":""普通职位"",""职位分布"":""其他职位"",""职位简介"":""从事统计调查、数据处理、统计分析研究等工作。"",""职位代码"":""400110126002"",""机构层级"":""省（副省）级"",""考试类别"":""中央机关及其省级直属机构综合管理类"",""招考人数"":""1"",""专业"":""本科：网络工程专业、信息安全专业、数据科学与大数据专业；研究生：计算机科学与技术（不含核医学数字图像工程专业、健康大数据与智能医学专业、智能医学诊疗专业、转化医学专业）"",""学历"":""本科及以上"",""学位"":""与最高学历相对应的学位"",""政治面貌"":""不限"",""基层工作最低年限"":""无限制"",""服务基层项目工作经历"":""无限制"",""是否在面试阶段组织专业能力测试"":""否"",""面试人员比例"":""5:1"",""工作地点"":""西藏自治区拉萨市"",""落户地点"":""西藏自治区拉萨市"",""备注"":""本单位最低服务年限为5年（含试用期）。"",""部门网站"":""无"",""咨询电话1"":""08916830950"",""咨询电话2"":"""",""咨询电话3"":"""",""来源Sheet"":""中央国家行政机关参照公务员法管理事业单位""}}"
"government_jobs","国家公务员2025招考简章","公务员/事业单位技术岗位","西藏自治区拉萨市","2026-07-28T09:12:58.310295+00:00","拉萨调查队综合科室二级主任科员及以下","国家统计局西藏调查总队","","西藏自治区拉萨市","公务员/事业单位;2025;computer_software;cybersecurity_cryptography;data_ai;本科及以上;与最高学历相对应的学位;本科：网络工程专业、信息安全专业、数据科学与大数据专业；研究生：计算机科学与技术（不含核医学数字图像工程专业、健康大数据与智能医学专业、智能医学诊疗专业、转化医学专业）;市（地）级及以下直属机构综合管理类","用人司局：国家统计局西藏调查总队
职位简介：从事一线入户调查、数据处理、统计分析研究等工作。
专业要求：本科：网络工程专业、信息安全专业、数据科学与大数据专业；研究生：计算机科学与技术（不含核医学数字图像工程专业、健康大数据与智能医学专业、智能医学诊疗专业、转化医学专业）
学历要求：本科及以上
学位要求：与最高学历相对应的学位
政治面貌：不限
基层工作经历：无限制
考试类别：市（地）级及以下直属机构综合管理类
备注：本单位最低服务年限为5年（含试用期）。","https://www.xjhc.gov.cn/xjhc/c116834/202410/a29382e11a674da3be3353af65f9fcc5.shtml#137126-400110126003","2024-10-14","{""dataset_year"":2025,""job_uid"":""GOV-2025-137126-400110126003"",""publisher"":""国家公务员局"",""publication_page"":""https://www.xjhc.gov.cn/xjhc/c116834/202410/a29382e11a674da3be3353af65f9fcc5.shtml"",""attachment_url"":""https://www.xjhc.gov.cn/xjhc/c116834/202410/a29382e11a674da3be3353af65f9fcc5/files/0536cef86e2b46ddad6aae5a3780089e.xls"",""local_source_file"":""2025_guokao_zhaokaojianzhang.xls"",""local_source_sha256"":""07ae6cab368cd21b7a1ac3e8150fe9a3d39ad5171ce76135ff3cccfe50c3e77e"",""source_sheet"":""中央国家行政机关参照公务员法管理事业单位"",""filter_version"":""government_tech_v2"",""tech_filter"":{""is_tech"":true,""is_core_tech"":true,""scope"":""core"",""categories"":[""computer_software"",""cybersecurity_cryptography"",""data_ai""],""matched_fields"":[""major"",""description""],""major_terms"":[""信息安全"",""大数据"",""数据科学"",""网络工程"",""计算机科学与技术""],""role_terms"":[""数据处理""],""reason"":""tech_major_and_role""},""original"":{""部门代码"":""137126"",""部门名称"":""国家统计局西藏调查总队"",""用人司局"":""国家统计局西藏调查总队"",""机构性质"":""中央国家行政机关参照公务员法管理事业单位"",""招考职位"":""拉萨调查队综合科室二级主任科员及以下"",""职位属性"":""普通职位"",""职位分布"":""西部地区和艰苦边远地区职位"",""职位简介"":""从事一线入户调查、数据处理、统计分析研究等工作。"",""职位代码"":""400110126003"",""机构层级"":""市（地）级"",""考试类别"":""市（地）级及以下直属机构综合管理类"",""招考人数"":""1"",""专业"":""本科：网络工程专业、信息安全专业、数据科学与大数据专业；研究生：计算机科学与技术（不含核医学数字图像工程专业、健康大数据与智能医学专业、智能医学诊疗专业、转化医学专业）"",""学历"":""本科及以上"",""学位"":""与最高学历相对应的学位"",""政治面貌"":""不限"",""基层工作最低年限"":""无限制"",""服务基层项目工作经历"":""无限制"",""是否在面试阶段组织专业能力测试"":""否"",""面试人员比例"":""3:1"",""工作地点"":""西藏自治区拉萨市"",""落户地点"":""西藏自治区拉萨市"",""备注"":""本单位最低服务年限为5年（含试用期）。"",""部门网站"":""无"",""咨询电话1"":""08916830950"",""咨询电话2"":"""",""咨询电话3"":"""",""来源Sheet"":""中央国家行政机关参照公务员法管理事业单位""}}"
"government_jobs","国家公务员2025招考简章","公务员/事业单位技术岗位","西藏自治区山南市","2026-07-28T09:12:58.310295+00:00","山南调查队业务科室二级主任科员及以下","国家统计局西藏调查总队","","西藏自治区山南市","公务员/事业单位;2025;computer_software;cybersecurity_cryptography;data_ai;本科及以上;与最高学历相对应的学位;本科：网络工程专业、信息安全专业、数据科学与大数据专业；研究生：计算机科学与技术（不含核医学数字图像工程专业、健康大数据与智能医学专业、智能医学诊疗专业、转化医学专业）;市（地）级及以下直属机构综合管理类","用人司局：国家统计局西藏调查总队
职位简介：从事一线入户调查、数据处理、统计分析研究等工作。
专业要求：本科：网络工程专业、信息安全专业、数据科学与大数据专业；研究生：计算机科学与技术（不含核医学数字图像工程专业、健康大数据与智能医学专业、智能医学诊疗专业、转化医学专业）
学历要求：本科及以上
学位要求：与最高学历相对应的学位
政治面貌：不限
基层工作经历：无限制
考试类别：市（地）级及以下直属机构综合管理类
备注：本单位最低服务年限为5年（含试用期）。","https://www.xjhc.gov.cn/xjhc/c116834/202410/a29382e11a674da3be3353af65f9fcc5.shtml#137126-400110126006","2024-10-14","{""dataset_year"":2025,""job_uid"":""GOV-2025-137126-400110126006"",""publisher"":""国家公务员局"",""publication_page"":""https://www.xjhc.gov.cn/xjhc/c116834/202410/a29382e11a674da3be3353af65f9fcc5.shtml"",""attachment_url"":""https://www.xjhc.gov.cn/xjhc/c116834/202410/a29382e11a674da3be3353af65f9fcc5/files/0536cef86e2b46ddad6aae5a3780089e.xls"",""local_source_file"":""2025_guokao_zhaokaojianzhang.xls"",""local_source_sha256"":""07ae6cab368cd21b7a1ac3e8150fe9a3d39ad5171ce76135ff3cccfe50c3e77e"",""source_sheet"":""中央国家行政机关参照公务员法管理事业单位"",""filter_version"":""government_tech_v2"",""tech_filter"":{""is_tech"":true,""is_core_tech"":true,""scope"":""core"",""categories"":[""computer_software"",""cybersecurity_cryptography"",""data_ai""],""matched_fields"":[""major"",""description""],""major_terms"":[""信息安全"",""大数据"",""数据科学"",""网络工程"",""计算机科学与技术""],""role_terms"":[""数据处理""],""reason"":""tech_major_and_role""},""original"":{""部门代码"":""137126"",""部门名称"":""国家统计局西藏调查总队"",""用人司局"":""国家统计局西藏调查总队"",""机构性质"":""中央国家行政机关参照公务员法管理事业单位"",""招考职位"":""山南调查队业务科室二级主任科员及以下"",""职位属性"":""普通职位"",""职位分布"":""西部地区和艰苦边远地区职位"",""职位简介"":""从事一线入户调查、数据处理、统计分析研究等工作。"",""职位代码"":""400110126006"",""机构层级"":""市（地）级"",""考试类别"":""市（地）级及以下直属机构综合管理类"",""招考人数"":""1"",""专业"":""本科：网络工程专业、信息安全专业、数据科学与大数据专业；研究生：计算机科学与技术（不含核医学数字图像工程专业、健康大数据与智能医学专业、智能医学诊疗专业、转化医学专业）"",""学历"":""本科及以上"",""学位"":""与最高学历相对应的学位"",""政治面貌"":""不限"",""基层工作最低年限"":""无限制"",""服务基层项目工作经历"":""无限制"",""是否在面试阶段组织专业能力测试"":""否"",""面试人员比例"":""3:1"",""工作地点"":""西藏自治区山南市"",""落户地点"":""西藏自治区山南市"",""备注"":""本单位最低服务年限为5年（含试用期）。"",""部门网站"":""无"",""咨询电话1"":""08916830950"",""咨询电话2"":"""",""咨询电话3"":"""",""来源Sheet"":""中央国家行政机关参照公务员法管理事业单位""}}"
"government_jobs","国家公务员2025招考简章","公务员/事业单位技术岗位","陕西省商洛市","2026-07-28T09:12:58.310295+00:00","商洛调查队业务科室一级科员","国家统计局陕西调查总队","","陕西省商洛市","公务员/事业单位;2025;computer_software;data_ai;仅限本科;学士;计算机科学与技术（080901）、软件工程（080902）、网络工程（080903）;市（地）级及以下直属机构综合管理类","用人司局：国家统计局陕西调查总队
职位简介：从事一线入户调查、数据处理、统计分析、统计研究等工作。
专业要求：计算机科学与技术（080901）、软件工程（080902）、网络工程（080903）
学历要求：仅限本科
学位要求：学士
政治面貌：不限
基层工作经历：无限制
考试类别：市（地）级及以下直属机构综合管理类
备注：1.限招2025届高校毕业生；2.须以最高学历所学主修专业报考；3.本单位最低服务年限为5年（含试用期）。","https://www.xjhc.gov.cn/xjhc/c116834/202410/a29382e11a674da3be3353af65f9fcc5.shtml#137127-400110127013","2024-10-14","{""dataset_year"":2025,""job_uid"":""GOV-2025-137127-400110127013"",""publisher"":""国家公务员局"",""publication_page"":""https://www.xjhc.gov.cn/xjhc/c116834/202410/a29382e11a674da3be3353af65f9fcc5.shtml"",""attachment_url"":""https://www.xjhc.gov.cn/xjhc/c116834/202410/a29382e11a674da3be3353af65f9fcc5/files/0536cef86e2b46ddad6aae5a3780089e.xls"",""local_source_file"":""2025_guokao_zhaokaojianzhang.xls"",""local_source_sha256"":""07ae6cab368cd21b7a1ac3e8150fe9a3d39ad5171ce76135ff3cccfe50c3e77e"",""source_sheet"":""中央国家行政机关参照公务员法管理事业单位"",""filter_version"":""government_tech_v2"",""tech_filter"":{""is_tech"":true,""is_core_tech"":true,""scope"":""core"",""categories"":[""computer_software"",""data_ai""],""matched_fields"":[""major"",""description""],""major_terms"":[""网络工程"",""计算机科学与技术"",""软件工程""],""role_terms"":[""数据处理""],""reason"":""tech_major_and_role""},""original"":{""部门代码"":""137127"",""部门名称"":""国家统计局陕西调查总队"",""用人司局"":""国家统计局陕西调查总队"",""机构性质"":""中央国家行政机关参照公务员法管理事业单位"",""招考职位"":""商洛调查队业务科室一级科员"",""职位属性"":""普通职位"",""职位分布"":""西部地区和艰苦边远地区职位"",""职位简介"":""从事一线入户调查、数据处理、统计分析、统计研究等工作。"",""职位代码"":""400110127013"",""机构层级"":""市（地）级"",""考试类别"":""市（地）级及以下直属机构综合管理类"",""招考人数"":""1"",""专业"":""计算机科学与技术（080901）、软件工程（080902）、网络工程（080903）"",""学历"":""仅限本科"",""学位"":""学士"",""政治面貌"":""不限"",""基层工作最低年限"":""无限制"",""服务基层项目工作经历"":""无限制"",""是否在面试阶段组织专业能力测试"":""否"",""面试人员比例"":""3:1"",""工作地点"":""陕西省商洛市"",""落户地点"":""陕西省商洛市"",""备注"":""1.限招2025届高校毕业生；2.须以最高学历所学主修专业报考；3.本单位最低服务年限为5年（含试用期）。"",""部门网站"":""http://snzd.stats.gov.cn/"",""咨询电话1"":""029-63913594"",""咨询电话2"":""029-63918750"",""咨询电话3"":""029-63913596"",""来源Sheet"":""中央国家行政机关参照公务员法管理事业单位""}}"
"government_jobs","国家公务员2025招考简章","公务员/事业单位技术岗位","甘肃省兰州市","2026-07-28T09:12:58.310295+00:00","甘肃调查总队业务处室一级主任科员及以下","国家统计局甘肃调查总队","","甘肃省兰州市","公务员/事业单位;2025;computer_software;data_ai;硕士研究生及以上;与最高学历相对应的学位;统计学、应用统计、数学、计算机科学与技术;中央机关及其省级直属机构综合管理类","用人司局：国家统计局甘肃调查总队
职位简介：从事统计调查、数据处理、统计分析、统计研究等工作
专业要求：统计学、应用统计、数学、计算机科学与技术
学历要求：硕士研究生及以上
学位要求：与最高学历相对应的学位
政治面貌：不限
基层工作经历：无限制
考试类别：中央机关及其省级直属机构综合管理类
备注：本单位最低服务年限为5年（含试用期）；各学习阶段均获得相应学历学位。","https://www.xjhc.gov.cn/xjhc/c116834/202410/a29382e11a674da3be3353af65f9fcc5.shtml#137128-400110128003","2024-10-14","{""dataset_year"":2025,""job_uid"":""GOV-2025-137128-400110128003"",""publisher"":""国家公务员局"",""publication_page"":""https://www.xjhc.gov.cn/xjhc/c116834/202410/a29382e11a674da3be3353af65f9fcc5.shtml"",""attachment_url"":""https://www.xjhc.gov.cn/xjhc/c116834/202410/a29382e11a674da3be3353af65f9fcc5/files/0536cef86e2b46ddad6aae5a3780089e.xls"",""local_source_file"":""2025_guokao_zhaokaojianzhang.xls"",""local_source_sha256"":""07ae6cab368cd21b7a1ac3e8150fe9a3d39ad5171ce76135ff3cccfe50c3e77e"",""source_sheet"":""中央国家行政机关参照公务员法管理事业单位"",""filter_version"":""government_tech_v2"",""tech_filter"":{""is_tech"":true,""is_core_tech"":true,""scope"":""core"",""categories"":[""computer_software"",""data_ai""],""matched_fields"":[""major"",""description""],""major_terms"":[""计算机科学与技术""],""role_terms"":[""数据处理""],""reason"":""tech_major_and_role""},""original"":{""部门代码"":""137128"",""部门名称"":""国家统计局甘肃调查总队"",""用人司局"":""国家统计局甘肃调查总队"",""机构性质"":""中央国家行政机关参照公务员法管理事业单位"",""招考职位"":""甘肃调查总队业务处室一级主任科员及以下"",""职位属性"":""普通职位"",""职位分布"":""其他职位"",""职位简介"":""从事统计调查、数据处理、统计分析、统计研究等工作"",""职位代码"":""400110128003"",""机构层级"":""省（副省）级"",""考试类别"":""中央机关及其省级直属机构综合管理类"",""招考人数"":""3"",""专业"":""统计学、应用统计、数学、计算机科学与技术"",""学历"":""硕士研究生及以上"",""学位"":""与最高学历相对应的学位"",""政治面貌"":""不限"",""基层工作最低年限"":""无限制"",""服务基层项目工作经历"":""无限制"",""是否在面试阶段组织专业能力测试"":""否"",""面试人员比例"":""5:1"",""工作地点"":""甘肃省兰州市"",""落户地点"":""甘肃省兰州市"",""备注"":""本单位最低服务年限为5年（含试用期）；各学习阶段均获得相应学历学位。"",""部门网站"":""无"",""咨询电话1"":""0931-8711758"",""咨询电话2"":""0931-8711759"",""咨询电话3"":"""",""来源Sheet"":""中央国家行政机关参照公务员法管理事业单位""}}"
"government_jobs","国家公务员2025招考简章","公务员/事业单位技术岗位","甘肃省兰州市","2026-07-28T09:12:58.310295+00:00","兰州调查队业务科室一级主任科员及以下","国家统计局甘肃调查总队","","甘肃省兰州市","公务员/事业单位;2025;computer_software;data_ai;硕士研究生及以上;与最高学历相对应的学位;统计学、应用统计、计算机科学与技术、工商管理;市（地）级及以下直属机构综合管理类","用人司局：国家统计局甘肃调查总队
职位简介：从事一线入户调查、数据处理、统计分析、统计研究等工作
专业要求：统计学、应用统计、计算机科学与技术、工商管理
学历要求：硕士研究生及以上
学位要求：与最高学历相对应的学位
政治面貌：不限
基层工作经历：无限制
考试类别：市（地）级及以下直属机构综合管理类
备注：本单位最低服务年限为5年（含试用期）；各学习阶段均获得相应学历学位。","https://www.xjhc.gov.cn/xjhc/c116834/202410/a29382e11a674da3be3353af65f9fcc5.shtml#137128-400110128005","2024-10-14","{""dataset_year"":2025,""job_uid"":""GOV-2025-137128-400110128005"",""publisher"":""国家公务员局"",""publication_page"":""https://www.xjhc.gov.cn/xjhc/c116834/202410/a29382e11a674da3be3353af65f9fcc5.shtml"",""attachment_url"":""https://www.xjhc.gov.cn/xjhc/c116834/202410/a29382e11a674da3be3353af65f9fcc5/files/0536cef86e2b46ddad6aae5a3780089e.xls"",""local_source_file"":""2025_guokao_zhaokaojianzhang.xls"",""local_source_sha256"":""07ae6cab368cd21b7a1ac3e8150fe9a3d39ad5171ce76135ff3cccfe50c3e77e"",""source_sheet"":""中央国家行政机关参照公务员法管理事业单位"",""filter_version"":""government_tech_v2"",""tech_filter"":{""is_tech"":true,""is_core_tech"":true,""scope"":""core"",""categories"":[""computer_software"",""data_ai""],""matched_fields"":[""major"",""description""],""major_terms"":[""计算机科学与技术""],""role_terms"":[""数据处理""],""reason"":""tech_major_and_role""},""original"":{""部门代码"":""137128"",""部门名称"":""国家统计局甘肃调查总队"",""用人司局"":""国家统计局甘肃调查总队"",""机构性质"":""中央国家行政机关参照公务员法管理事业单位"",""招考职位"":""兰州调查队业务科室一级主任科员及以下"",""职位属性"":""普通职位"",""职位分布"":""西部地区和艰苦边远地区职位"",""职位简介"":""从事一线入户调查、数据处理、统计分析、统计研究等工作"",""职位代码"":""400110128005"",""机构层级"":""市（地）级"",""考试类别"":""市（地）级及以下直属机构综合管理类"",""招考人数"":""2"",""专业"":""统计学、应用统计、计算机科学与技术、工商管理"",""学历"":""硕士研究生及以上"",""学位"":""与最高学历相对应的学位"",""政治面貌"":""不限"",""基层工作最低年限"":""无限制"",""服务基层项目工作经历"":""无限制"",""是否在面试阶段组织专业能力测试"":""否"",""面试人员比例"":""3:1"",""工作地点"":""甘肃省兰州市"",""落户地点"":""甘肃省兰州市"",""备注"":""本单位最低服务年限为5年（含试用期）；各学习阶段均获得相应学历学位。"",""部门网站"":""无"",""咨询电话1"":""0931-8711758"",""咨询电话2"":""0931-8711759"",""咨询电话3"":"""",""来源Sheet"":""中央国家行政机关参照公务员法管理事业单位""}}"
"government_jobs","国家公务员2025招考简章","公务员/事业单位技术岗位","甘肃省武威市","2026-07-28T09:12:58.310295+00:00","武威调查队业务科室二级主任科员及以下","国家统计局甘肃调查总队","","甘肃省武威市","公务员/事业单位;2025;computer_software;data_ai;本科及以上;与最高学历相对应的学位;统计学类、计算机类（不含电影制作专业）、会计学、公共事业管理;市（地）级及以下直属机构综合管理类","用人司局：国家统计局甘肃调查总队
职位简介：从事一线入户调查、数据处理、统计分析、统计研究等工作
专业要求：统计学类、计算机类（不含电影制作专业）、会计学、公共事业管理
学历要求：本科及以上
学位要求：与最高学历相对应的学位
政治面貌：不限
基层工作经历：无限制
考试类别：市（地）级及以下直属机构综合管理类
备注：1.本单位最低服务年限为5年（含试用期）；2.本职位专业设置以《普通高等学校本科专业目录》为准，专业要求均为专业目录中的'专业类'，非'专业大类（学科大类）'；3.须以最高学历学位主修专业报考，各学习阶段均获得相应学历学位；4.招录对象为应届高校毕业生。","https://www.xjhc.gov.cn/xjhc/c116834/202410/a29382e11a674da3be3353af65f9fcc5.shtml#137128-400110128009","2024-10-14","{""dataset_year"":2025,""job_uid"":""GOV-2025-137128-400110128009"",""publisher"":""国家公务员局"",""publication_page"":""https://www.xjhc.gov.cn/xjhc/c116834/202410/a29382e11a674da3be3353af65f9fcc5.shtml"",""attachment_url"":""https://www.xjhc.gov.cn/xjhc/c116834/202410/a29382e11a674da3be3353af65f9fcc5/files/0536cef86e2b46ddad6aae5a3780089e.xls"",""local_source_file"":""2025_guokao_zhaokaojianzhang.xls"",""local_source_sha256"":""07ae6cab368cd21b7a1ac3e8150fe9a3d39ad5171ce76135ff3cccfe50c3e77e"",""source_sheet"":""中央国家行政机关参照公务员法管理事业单位"",""filter_version"":""government_tech_v2"",""tech_filter"":{""is_tech"":true,""is_core_tech"":true,""scope"":""core"",""categories"":[""computer_software"",""data_ai""],""matched_fields"":[""major"",""description""],""major_terms"":[""计算机类""],""role_terms"":[""数据处理""],""reason"":""tech_major_and_role""},""original"":{""部门代码"":""137128"",""部门名称"":""国家统计局甘肃调查总队"",""用人司局"":""国家统计局甘肃调查总队"",""机构性质"":""中央国家行政机关参照公务员法管理事业单位"",""招考职位"":""武威调查队业务科室二级主任科员及以下"",""职位属性"":""普通职位"",""职位分布"":""西部地区和艰苦边远地区职位"",""职位简介"":""从事一线入户调查、数据处理、统计分析、统计研究等工作"",""职位代码"":""400110128009"",""机构层级"":""市（地）级"",""考试类别"":""市（地）级及以下直属机构综合管理类"",""招考人数"":""2"",""专业"":""统计学类、计算机类（不含电影制作专业）、会计学、公共事业管理"",""学历"":""本科及以上"",""学位"":""与最高学历相对应的学位"",""政治面貌"":""不限"",""基层工作最低年限"":""无限制"",""服务基层项目工作经历"":""无限制"",""是否在面试阶段组织专业能力测试"":""否"",""面试人员比例"":""3:1"",""工作地点"":""甘肃省武威市"",""落户地点"":""甘肃省武威市"",""备注"":""1.本单位最低服务年限为5年（含试用期）；2.本职位专业设置以《普通高等学校本科专业目录》为准，专业要求均为专业目录中的'专业类'，非'专业大类（学科大类）'；3.须以最高学历学位主修专业报考，各学习阶段均获得相应学历学位；4.招录对象为应届高校毕业生。"",""部门网站"":""无"",""咨询电话1"":""0931-8711758"",""咨询电话2"":""0931-8711759"",""咨询电话3"":"""",""来源Sheet"":""中央国家行政机关参照公务员法管理事业单位""}}"
"government_jobs","国家公务员2025招考简章","公务员/事业单位技术岗位","甘肃省临夏回族自治州永靖县","2026-07-28T09:12:58.310295+00:00","永靖调查队一级科员","国家统计局甘肃调查总队","","甘肃省临夏回族自治州永靖县","公务员/事业单位;2025;computer_software;data_ai;仅限本科;学士;中国语言文学类（不含手语翻译专业）、数学类、计算机类（不含电影制作专业）、公共事业管理;市（地）级及以下直属机构综合管理类","用人司局：国家统计局甘肃调查总队
职位简介：从事一线入户调查、数据处理、统计分析、统计研究等工作
专业要求：中国语言文学类（不含手语翻译专业）、数学类、计算机类（不含电影制作专业）、公共事业管理
学历要求：仅限本科
学位要求：学士
政治面貌：不限
基层工作经历：无限制
考试类别：市（地）级及以下直属机构综合管理类
备注：1.本单位最低服务年限为5年（含试用期）；2.本职位专业设置以《普通高等学校本科专业目录》为准，专业要求均为专业目录中的'专业类'，非'专业大类（学科大类）'；3.须以本科阶段主修专业报考；4.招录对象为应届高校毕业生。","https://www.xjhc.gov.cn/xjhc/c116834/202410/a29382e11a674da3be3353af65f9fcc5.shtml#137128-400110128011","2024-10-14","{""dataset_year"":2025,""job_uid"":""GOV-2025-137128-400110128011"",""publisher"":""国家公务员局"",""publication_page"":""https://www.xjhc.gov.cn/xjhc/c116834/202410/a29382e11a674da3be3353af65f9fcc5.shtml"",""attachment_url"":""https://www.xjhc.gov.cn/xjhc/c116834/202410/a29382e11a674da3be3353af65f9fcc5/files/0536cef86e2b46ddad6aae5a3780089e.xls"",""local_source_file"":""2025_guokao_zhaokaojianzhang.xls"",""local_source_sha256"":""07ae6cab368cd21b7a1ac3e8150fe9a3d39ad5171ce76135ff3cccfe50c3e77e"",""source_sheet"":""中央国家行政机关参照公务员法管理事业单位"",""filter_version"":""government_tech_v2"",""tech_filter"":{""is_tech"":true,""is_core_tech"":true,""scope"":""core"",""categories"":[""computer_software"",""data_ai""],""matched_fields"":[""major"",""description""],""major_terms"":[""计算机类""],""role_terms"":[""数据处理""],""reason"":""tech_major_and_role""},""original"":{""部门代码"":""137128"",""部门名称"":""国家统计局甘肃调查总队"",""用人司局"":""国家统计局甘肃调查总队"",""机构性质"":""中央国家行政机关参照公务员法管理事业单位"",""招考职位"":""永靖调查队一级科员"",""职位属性"":""普通职位"",""职位分布"":""西部地区和艰苦边远地区职位"",""职位简介"":""从事一线入户调查、数据处理、统计分析、统计研究等工作"",""职位代码"":""400110128011"",""机构层级"":""县（区）级及以下"",""考试类别"":""市（地）级及以下直属机构综合管理类"",""招考人数"":""1"",""专业"":""中国语言文学类（不含手语翻译专业）、数学类、计算机类（不含电影制作专业）、公共事业管理"",""学历"":""仅限本科"",""学位"":""学士"",""政治面貌"":""不限"",""基层工作最低年限"":""无限制"",""服务基层项目工作经历"":""无限制"",""是否在面试阶段组织专业能力测试"":""否"",""面试人员比例"":""3:1"",""工作地点"":""甘肃省临夏回族自治州永靖县"",""落户地点"":""甘肃省临夏回族自治州永靖县"",""备注"":""1.本单位最低服务年限为5年（含试用期）；2.本职位专业设置以《普通高等学校本科专业目录》为准，专业要求均为专业目录中的'专业类'，非'专业大类（学科大类）'；3.须以本科阶段主修专业报考；4.招录对象为应届高校毕业生。"",""部门网站"":""无"",""咨询电话1"":""0931-8711758"",""咨询电话2"":""0931-8711759"",""咨询电话3"":"""",""来源Sheet"":""中央国家行政机关参照公务员法管理事业单位""}}"
"government_jobs","国家公务员2025招考简章","公务员/事业单位技术岗位","甘肃省白银市景泰县","2026-07-28T09:12:58.310295+00:00","景泰调查队四级主任科员及以下","国家统计局甘肃调查总队","","甘肃省白银市景泰县","公务员/事业单位;2025;computer_software;data_ai;仅限本科;学士;统计学类、计算机类（不含电影制作专业）、财务管理、中国语言文学类（不含手语翻译专业）;市（地）级及以下直属机构综合管理类","用人司局：国家统计局甘肃调查总队
职位简介：从事一线入户调查、数据处理、统计分析、统计研究等工作
专业要求：统计学类、计算机类（不含电影制作专业）、财务管理、中国语言文学类（不含手语翻译专业）
学历要求：仅限本科
学位要求：学士
政治面貌：不限
基层工作经历：二年
考试类别：市（地）级及以下直属机构综合管理类
备注：1.本单位最低服务年限为5年（含试用期）；2.本职位专业设置以《普通高等学校本科专业目录》为准，专业要求均为专业目录中的'专业类'，非'专业大类（学科大类）'；3.须以本科阶段主修专业报考；4.限甘肃省白银市户籍；5.服务期满，且考核合格。","https://www.xjhc.gov.cn/xjhc/c116834/202410/a29382e11a674da3be3353af65f9fcc5.shtml#137128-400110128015","2024-10-14","{""dataset_year"":2025,""job_uid"":""GOV-2025-137128-400110128015"",""publisher"":""国家公务员局"",""publication_page"":""https://www.xjhc.gov.cn/xjhc/c116834/202410/a29382e11a674da3be3353af65f9fcc5.shtml"",""attachment_url"":""https://www.xjhc.gov.cn/xjhc/c116834/202410/a29382e11a674da3be3353af65f9fcc5/files/0536cef86e2b46ddad6aae5a3780089e.xls"",""local_source_file"":""2025_guokao_zhaokaojianzhang.xls"",""local_source_sha256"":""07ae6cab368cd21b7a1ac3e8150fe9a3d39ad5171ce76135ff3cccfe50c3e77e"",""source_sheet"":""中央国家行政机关参照公务员法管理事业单位"",""filter_version"":""government_tech_v2"",""tech_filter"":{""is_tech"":true,""is_core_tech"":true,""scope"":""core"",""categories"":[""computer_software"",""data_ai""],""matched_fields"":[""major"",""description""],""major_terms"":[""计算机类""],""role_terms"":[""数据处理""],""reason"":""tech_major_and_role""},""original"":{""部门代码"":""137128"",""部门名称"":""国家统计局甘肃调查总队"",""用人司局"":""国家统计局甘肃调查总队"",""机构性质"":""中央国家行政机关参照公务员法管理事业单位"",""招考职位"":""景泰调查队四级主任科员及以下"",""职位属性"":""普通职位"",""职位分布"":""西部地区和艰苦边远地区职位"",""职位简介"":""从事一线入户调查、数据处理、统计分析、统计研究等工作"",""职位代码"":""400110128015"",""机构层级"":""县（区）级及以下"",""考试类别"":""市（地）级及以下直属机构综合管理类"",""招考人数"":""1"",""专业"":""统计学类、计算机类（不含电影制作专业）、财务管理、中国语言文学类（不含手语翻译专业）"",""学历"":""仅限本科"",""学位"":""学士"",""政治面貌"":""不限"",""基层工作最低年限"":""二年"",""服务基层项目工作经历"":""大学生村官、农村义务教育阶段学校教师特设岗位计划、“三支一扶”计划、大学生志愿服务西部计划、在军队服役5年（含）以上的高校毕业生退役士兵"",""是否在面试阶段组织专业能力测试"":""否"",""面试人员比例"":""3:1"",""工作地点"":""甘肃省白银市景泰县"",""落户地点"":""甘肃省白银市景泰县"",""备注"":""1.本单位最低服务年限为5年（含试用期）；2.本职位专业设置以《普通高等学校本科专业目录》为准，专业要求均为专业目录中的'专业类'，非'专业大类（学科大类）'；3.须以本科阶段主修专业报考；4.限甘肃省白银市户籍；5.服务期满，且考核合格。"",""部门网站"":""无"",""咨询电话1"":""0931-8711758"",""咨询电话2"":""0931-8711759"",""咨询电话3"":"""",""来源Sheet"":""中央国家行政机关参照公务员法管理事业单位""}}"
"government_jobs","国家公务员2025招考简章","公务员/事业单位技术岗位","甘肃省白银市景泰县","2026-07-28T09:12:58.310295+00:00","景泰调查队一级科员","国家统计局甘肃调查总队","","甘肃省白银市景泰县","公务员/事业单位;2025;computer_software;data_ai;仅限本科;学士;统计学类、计算机类（不含电影制作专业）、财务管理、中国语言文学类（不含手语翻译专业）;市（地）级及以下直属机构综合管理类","用人司局：国家统计局甘肃调查总队
职位简介：从事一线入户调查、数据处理、统计分析、统计研究等工作
专业要求：统计学类、计算机类（不含电影制作专业）、财务管理、中国语言文学类（不含手语翻译专业）
学历要求：仅限本科
学位要求：学士
政治面貌：不限
基层工作经历：无限制
考试类别：市（地）级及以下直属机构综合管理类
备注：1.本单位最低服务年限为5年（含试用期）；2.本职位专业设置以《普通高等学校本科专业目录》为准，专业要求均为专业目录中的'专业类'，非'专业大类（学科大类）'；3.须以本科阶段主修专业报考；4.招录对象为应届高校毕业生；5.限甘肃省白银市户籍。","https://www.xjhc.gov.cn/xjhc/c116834/202410/a29382e11a674da3be3353af65f9fcc5.shtml#137128-400110128016","2024-10-14","{""dataset_year"":2025,""job_uid"":""GOV-2025-137128-400110128016"",""publisher"":""国家公务员局"",""publication_page"":""https://www.xjhc.gov.cn/xjhc/c116834/202410/a29382e11a674da3be3353af65f9fcc5.shtml"",""attachment_url"":""https://www.xjhc.gov.cn/xjhc/c116834/202410/a29382e11a674da3be3353af65f9fcc5/files/0536cef86e2b46ddad6aae5a3780089e.xls"",""local_source_file"":""2025_guokao_zhaokaojianzhang.xls"",""local_source_sha256"":""07ae6cab368cd21b7a1ac3e8150fe9a3d39ad5171ce76135ff3cccfe50c3e77e"",""source_sheet"":""中央国家行政机关参照公务员法管理事业单位"",""filter_version"":""government_tech_v2"",""tech_filter"":{""is_tech"":true,""is_core_tech"":true,""scope"":""core"",""categories"":[""computer_software"",""data_ai""],""matched_fields"":[""major"",""description""],""major_terms"":[""计算机类""],""role_terms"":[""数据处理""],""reason"":""tech_major_and_role""},""original"":{""部门代码"":""137128"",""部门名称"":""国家统计局甘肃调查总队"",""用人司局"":""国家统计局甘肃调查总队"",""机构性质"":""中央国家行政机关参照公务员法管理事业单位"",""招考职位"":""景泰调查队一级科员"",""职位属性"":""普通职位"",""职位分布"":""西部地区和艰苦边远地区职位"",""职位简介"":""从事一线入户调查、数据处理、统计分析、统计研究等工作"",""职位代码"":""400110128016"",""机构层级"":""县（区）级及以下"",""考试类别"":""市（地）级及以下直属机构综合管理类"",""招考人数"":""1"",""专业"":""统计学类、计算机类（不含电影制作专业）、财务管理、中国语言文学类（不含手语翻译专业）"",""学历"":""仅限本科"",""学位"":""学士"",""政治面貌"":""不限"",""基层工作最低年限"":""无限制"",""服务基层项目工作经历"":""无限制"",""是否在面试阶段组织专业能力测试"":""否"",""面试人员比例"":""3:1"",""工作地点"":""甘肃省白银市景泰县"",""落户地点"":""甘肃省白银市景泰县"",""备注"":""1.本单位最低服务年限为5年（含试用期）；2.本职位专业设置以《普通高等学校本科专业目录》为准，专业要求均为专业目录中的'专业类'，非'专业大类（学科大类）'；3.须以本科阶段主修专业报考；4.招录对象为应届高校毕业生；5.限甘肃省白银市户籍。"",""部门网站"":""无"",""咨询电话1"":""0931-8711758"",""咨询电话2"":""0931-8711759"",""咨询电话3"":"""",""来源Sheet"":""中央国家行政机关参照公务员法管理事业单位""}}"
"government_jobs","国家公务员2025招考简章","公务员/事业单位技术岗位","甘肃省酒泉市金塔县","2026-07-28T09:12:58.310295+00:00","金塔调查队一级科员","国家统计局甘肃调查总队","","甘肃省酒泉市金塔县","公务员/事业单位;2025;computer_software;data_ai;仅限本科;学士;统计学类、计算机类（不含电影制作专业）、数学类、会计学;市（地）级及以下直属机构综合管理类","用人司局：国家统计局甘肃调查总队
职位简介：从事一线入户调查、数据处理、统计分析、统计研究等工作
专业要求：统计学类、计算机类（不含电影制作专业）、数学类、会计学
学历要求：仅限本科
学位要求：学士
政治面貌：不限
基层工作经历：无限制
考试类别：市（地）级及以下直属机构综合管理类
备注：1.本单位最低服务年限为5年（含试用期）；2.本职位专业设置以《普通高等学校本科专业目录》为准，专业要求均为专业目录中的'专业类'，非'专业大类（学科大类）'；3.须以本科阶段主修专业报考；4.招录对象为应届高校毕业生；5.限甘肃省酒泉市户籍。","https://www.xjhc.gov.cn/xjhc/c116834/202410/a29382e11a674da3be3353af65f9fcc5.shtml#137128-400110128018","2024-10-14","{""dataset_year"":2025,""job_uid"":""GOV-2025-137128-400110128018"",""publisher"":""国家公务员局"",""publication_page"":""https://www.xjhc.gov.cn/xjhc/c116834/202410/a29382e11a674da3be3353af65f9fcc5.shtml"",""attachment_url"":""https://www.xjhc.gov.cn/xjhc/c116834/202410/a29382e11a674da3be3353af65f9fcc5/files/0536cef86e2b46ddad6aae5a3780089e.xls"",""local_source_file"":""2025_guokao_zhaokaojianzhang.xls"",""local_source_sha256"":""07ae6cab368cd21b7a1ac3e8150fe9a3d39ad5171ce76135ff3cccfe50c3e77e"",""source_sheet"":""中央国家行政机关参照公务员法管理事业单位"",""filter_version"":""government_tech_v2"",""tech_filter"":{""is_tech"":true,""is_core_tech"":true,""scope"":""core"",""categories"":[""computer_software"",""data_ai""],""matched_fields"":[""major"",""description""],""major_terms"":[""计算机类""],""role_terms"":[""数据处理""],""reason"":""tech_major_and_role""},""original"":{""部门代码"":""137128"",""部门名称"":""国家统计局甘肃调查总队"",""用人司局"":""国家统计局甘肃调查总队"",""机构性质"":""中央国家行政机关参照公务员法管理事业单位"",""招考职位"":""金塔调查队一级科员"",""职位属性"":""普通职位"",""职位分布"":""西部地区和艰苦边远地区职位"",""职位简介"":""从事一线入户调查、数据处理、统计分析、统计研究等工作"",""职位代码"":""400110128018"",""机构层级"":""县（区）级及以下"",""考试类别"":""市（地）级及以下直属机构综合管理类"",""招考人数"":""1"",""专业"":""统计学类、计算机类（不含电影制作专业）、数学类、会计学"",""学历"":""仅限本科"",""学位"":""学士"",""政治面貌"":""不限"",""基层工作最低年限"":""无限制"",""服务基层项目工作经历"":""无限制"",""是否在面试阶段组织专业能力测试"":""否"",""面试人员比例"":""3:1"",""工作地点"":""甘肃省酒泉市金塔县"",""落户地点"":""甘肃省酒泉市金塔县"",""备注"":""1.本单位最低服务年限为5年（含试用期）；2.本职位专业设置以《普通高等学校本科专业目录》为准，专业要求均为专业目录中的'专业类'，非'专业大类（学科大类）'；3.须以本科阶段主修专业报考；4.招录对象为应届高校毕业生；5.限甘肃省酒泉市户籍。"",""部门网站"":""无"",""咨询电话1"":""0931-8711758"",""咨询电话2"":""0931-8711759"",""咨询电话3"":"""",""来源Sheet"":""中央国家行政机关参照公务员法管理事业单位""}}"
"government_jobs","国家公务员2025招考简章","公务员/事业单位技术岗位","甘肃省临夏回族自治州积石山保安族东乡族撒拉族自治县","2026-07-28T09:12:58.310295+00:00","积石山调查队一级科员","国家统计局甘肃调查总队","","甘肃省临夏回族自治州积石山保安族东乡族撒拉族自治县","公务员/事业单位;2025;computer_software;data_ai;仅限本科;学士;统计学类、计算机类（不含电影制作专业）、数学类、经济学类;市（地）级及以下直属机构综合管理类","用人司局：国家统计局甘肃调查总队
职位简介：从事一线入户调查、数据处理、统计分析、统计研究等工作
专业要求：统计学类、计算机类（不含电影制作专业）、数学类、经济学类
学历要求：仅限本科
学位要求：学士
政治面貌：不限
基层工作经历：无限制
考试类别：市（地）级及以下直属机构综合管理类
备注：1.本单位最低服务年限为5年（含试用期）；2.本职位专业设置以《普通高等学校本科专业目录》为准，专业要求均为专业目录中的'专业类'，非'专业大类（学科大类）'；3.须以本科阶段主修专业报考；4.招录对象为应届高校毕业生；5.限甘肃省临夏回族自治州户籍。","https://www.xjhc.gov.cn/xjhc/c116834/202410/a29382e11a674da3be3353af65f9fcc5.shtml#137128-400110128020","2024-10-14","{""dataset_year"":2025,""job_uid"":""GOV-2025-137128-400110128020"",""publisher"":""国家公务员局"",""publication_page"":""https://www.xjhc.gov.cn/xjhc/c116834/202410/a29382e11a674da3be3353af65f9fcc5.shtml"",""attachment_url"":""https://www.xjhc.gov.cn/xjhc/c116834/202410/a29382e11a674da3be3353af65f9fcc5/files/0536cef86e2b46ddad6aae5a3780089e.xls"",""local_source_file"":""2025_guokao_zhaokaojianzhang.xls"",""local_source_sha256"":""07ae6cab368cd21b7a1ac3e8150fe9a3d39ad5171ce76135ff3cccfe50c3e77e"",""source_sheet"":""中央国家行政机关参照公务员法管理事业单位"",""filter_version"":""government_tech_v2"",""tech_filter"":{""is_tech"":true,""is_core_tech"":true,""scope"":""core"",""categories"":[""computer_software"",""data_ai""],""matched_fields"":[""major"",""description""],""major_terms"":[""计算机类""],""role_terms"":[""数据处理""],""reason"":""tech_major_and_role""},""original"":{""部门代码"":""137128"",""部门名称"":""国家统计局甘肃调查总队"",""用人司局"":""国家统计局甘肃调查总队"",""机构性质"":""中央国家行政机关参照公务员法管理事业单位"",""招考职位"":""积石山调查队一级科员"",""职位属性"":""普通职位"",""职位分布"":""西部地区和艰苦边远地区职位"",""职位简介"":""从事一线入户调查、数据处理、统计分析、统计研究等工作"",""职位代码"":""400110128020"",""机构层级"":""县（区）级及以下"",""考试类别"":""市（地）级及以下直属机构综合管理类"",""招考人数"":""1"",""专业"":""统计学类、计算机类（不含电影制作专业）、数学类、经济学类"",""学历"":""仅限本科"",""学位"":""学士"",""政治面貌"":""不限"",""基层工作最低年限"":""无限制"",""服务基层项目工作经历"":""无限制"",""是否在面试阶段组织专业能力测试"":""否"",""面试人员比例"":""3:1"",""工作地点"":""甘肃省临夏回族自治州积石山保安族东乡族撒拉族自治县"",""落户地点"":""甘肃省临夏回族自治州积石山保安族东乡族撒拉族自治县"",""备注"":""1.本单位最低服务年限为5年（含试用期）；2.本职位专业设置以《普通高等学校本科专业目录》为准，专业要求均为专业目录中的'专业类'，非'专业大类（学科大类）'；3.须以本科阶段主修专业报考；4.招录对象为应届高校毕业生；5.限甘肃省临夏回族自治州户籍。"",""部门网站"":""无"",""咨询电话1"":""0931-8711758"",""咨询电话2"":""0931-8711759"",""咨询电话3"":"""",""来源Sheet"":""中央国家行政机关参照公务员法管理事业单位""}}"
"government_jobs","国家公务员2025招考简章","公务员/事业单位技术岗位","甘肃省甘南藏族自治州舟曲县","2026-07-28T09:12:58.310295+00:00","舟曲调查队一级科员","国家统计局甘肃调查总队","","甘肃省甘南藏族自治州舟曲县","公务员/事业单位;2025;computer_software;data_ai;仅限本科;学士;统计学类、计算机类（不含电影制作专业）、数学类、经济学类;市（地）级及以下直属机构综合管理类","用人司局：国家统计局甘肃调查总队
职位简介：从事一线入户调查、数据处理、统计分析、统计研究等工作
专业要求：统计学类、计算机类（不含电影制作专业）、数学类、经济学类
学历要求：仅限本科
学位要求：学士
政治面貌：不限
基层工作经历：无限制
考试类别：市（地）级及以下直属机构综合管理类
备注：1.本单位最低服务年限为5年（含试用期）；2.本职位专业设置以《普通高等学校本科专业目录》为准，专业要求均为专业目录中的'专业类'，非'专业大类（学科大类）'；3.须以本科阶段主修专业报考；4.招录对象为应届高校毕业生；5.限甘肃省甘南藏族自治州户籍。","https://www.xjhc.gov.cn/xjhc/c116834/202410/a29382e11a674da3be3353af65f9fcc5.shtml#137128-400110128021","2024-10-14","{""dataset_year"":2025,""job_uid"":""GOV-2025-137128-400110128021"",""publisher"":""国家公务员局"",""publication_page"":""https://www.xjhc.gov.cn/xjhc/c116834/202410/a29382e11a674da3be3353af65f9fcc5.shtml"",""attachment_url"":""https://www.xjhc.gov.cn/xjhc/c116834/202410/a29382e11a674da3be3353af65f9fcc5/files/0536cef86e2b46ddad6aae5a3780089e.xls"",""local_source_file"":""2025_guokao_zhaokaojianzhang.xls"",""local_source_sha256"":""07ae6cab368cd21b7a1ac3e8150fe9a3d39ad5171ce76135ff3cccfe50c3e77e"",""source_sheet"":""中央国家行政机关参照公务员法管理事业单位"",""filter_version"":""government_tech_v2"",""tech_filter"":{""is_tech"":true,""is_core_tech"":true,""scope"":""core"",""categories"":[""computer_software"",""data_ai""],""matched_fields"":[""major"",""description""],""major_terms"":[""计算机类""],""role_terms"":[""数据处理""],""reason"":""tech_major_and_role""},""original"":{""部门代码"":""137128"",""部门名称"":""国家统计局甘肃调查总队"",""用人司局"":""国家统计局甘肃调查总队"",""机构性质"":""中央国家行政机关参照公务员法管理事业单位"",""招考职位"":""舟曲调查队一级科员"",""职位属性"":""普通职位"",""职位分布"":""西部地区和艰苦边远地区职位"",""职位简介"":""从事一线入户调查、数据处理、统计分析、统计研究等工作"",""职位代码"":""400110128021"",""机构层级"":""县（区）级及以下"",""考试类别"":""市（地）级及以下直属机构综合管理类"",""招考人数"":""1"",""专业"":""统计学类、计算机类（不含电影制作专业）、数学类、经济学类"",""学历"":""仅限本科"",""学位"":""学士"",""政治面貌"":""不限"",""基层工作最低年限"":""无限制"",""服务基层项目工作经历"":""无限制"",""是否在面试阶段组织专业能力测试"":""否"",""面试人员比例"":""3:1"",""工作地点"":""甘肃省甘南藏族自治州舟曲县"",""落户地点"":""甘肃省甘南藏族自治州舟曲县"",""备注"":""1.本单位最低服务年限为5年（含试用期）；2.本职位专业设置以《普通高等学校本科专业目录》为准，专业要求均为专业目录中的'专业类'，非'专业大类（学科大类）'；3.须以本科阶段主修专业报考；4.招录对象为应届高校毕业生；5.限甘肃省甘南藏族自治州户籍。"",""部门网站"":""无"",""咨询电话1"":""0931-8711758"",""咨询电话2"":""0931-8711759"",""咨询电话3"":"""",""来源Sheet"":""中央国家行政机关参照公务员法管理事业单位""}}"
"government_jobs","国家公务员2025招考简章","公务员/事业单位技术岗位","甘肃省兰州市榆中县","2026-07-28T09:12:58.310295+00:00","榆中调查队一级科员","国家统计局甘肃调查总队","","甘肃省兰州市榆中县","公务员/事业单位;2025;computer_software;data_ai;仅限本科;学士;统计学类、计算机类（不含电影制作专业）、数学类、经济学类;市（地）级及以下直属机构综合管理类","用人司局：国家统计局甘肃调查总队
职位简介：从事一线入户调查、数据处理、统计分析、统计研究等工作
专业要求：统计学类、计算机类（不含电影制作专业）、数学类、经济学类
学历要求：仅限本科
学位要求：学士
政治面貌：不限
基层工作经历：无限制
考试类别：市（地）级及以下直属机构综合管理类
备注：1.本单位最低服务年限为5年（含试用期）；2.本职位专业设置以《普通高等学校本科专业目录》为准，专业要求均为专业目录中的'专业类'，非'专业大类（学科大类）'；3.须以本科阶段主修专业报考；4.招录对象为应届高校毕业生；5.限甘肃省兰州市户籍。","https://www.xjhc.gov.cn/xjhc/c116834/202410/a29382e11a674da3be3353af65f9fcc5.shtml#137128-400110128022","2024-10-14","{""dataset_year"":2025,""job_uid"":""GOV-2025-137128-400110128022"",""publisher"":""国家公务员局"",""publication_page"":""https://www.xjhc.gov.cn/xjhc/c116834/202410/a29382e11a674da3be3353af65f9fcc5.shtml"",""attachment_url"":""https://www.xjhc.gov.cn/xjhc/c116834/202410/a29382e11a674da3be3353af65f9fcc5/files/0536cef86e2b46ddad6aae5a3780089e.xls"",""local_source_file"":""2025_guokao_zhaokaojianzhang.xls"",""local_source_sha256"":""07ae6cab368cd21b7a1ac3e8150fe9a3d39ad5171ce76135ff3cccfe50c3e77e"",""source_sheet"":""中央国家行政机关参照公务员法管理事业单位"",""filter_version"":""government_tech_v2"",""tech_filter"":{""is_tech"":true,""is_core_tech"":true,""scope"":""core"",""categories"":[""computer_software"",""data_ai""],""matched_fields"":[""major"",""description""],""major_terms"":[""计算机类""],""role_terms"":[""数据处理""],""reason"":""tech_major_and_role""},""original"":{""部门代码"":""137128"",""部门名称"":""国家统计局甘肃调查总队"",""用人司局"":""国家统计局甘肃调查总队"",""机构性质"":""中央国家行政机关参照公务员法管理事业单位"",""招考职位"":""榆中调查队一级科员"",""职位属性"":""普通职位"",""职位分布"":""西部地区和艰苦边远地区职位"",""职位简介"":""从事一线入户调查、数据处理、统计分析、统计研究等工作"",""职位代码"":""400110128022"",""机构层级"":""县（区）级及以下"",""考试类别"":""市（地）级及以下直属机构综合管理类"",""招考人数"":""1"",""专业"":""统计学类、计算机类（不含电影制作专业）、数学类、经济学类"",""学历"":""仅限本科"",""学位"":""学士"",""政治面貌"":""不限"",""基层工作最低年限"":""无限制"",""服务基层项目工作经历"":""无限制"",""是否在面试阶段组织专业能力测试"":""否"",""面试人员比例"":""3:1"",""工作地点"":""甘肃省兰州市榆中县"",""落户地点"":""甘肃省兰州市榆中县"",""备注"":""1.本单位最低服务年限为5年（含试用期）；2.本职位专业设置以《普通高等学校本科专业目录》为准，专业要求均为专业目录中的'专业类'，非'专业大类（学科大类）'；3.须以本科阶段主修专业报考；4.招录对象为应届高校毕业生；5.限甘肃省兰州市户籍。"",""部门网站"":""无"",""咨询电话1"":""0931-8711758"",""咨询电话2"":""0931-8711759"",""咨询电话3"":"""",""来源Sheet"":""中央国家行政机关参照公务员法管理事业单位""}}"
"government_jobs","国家公务员2025招考简章","公务员/事业单位技术岗位","青海省果洛藏族自治州玛沁县","2026-07-28T09:12:58.310295+00:00","果洛调查队业务科室四级主任科员及以下","国家统计局青海调查总队","","青海省果洛藏族自治州玛沁县","公务员/事业单位;2025;computer_software;data_ai;大专及以上;与最高学历相对应的学位;经济学类、法学类、中国语言文学类、理学类、计算机类、农业经济管理类、工商管理类、公共管理类、测绘类、农学类。;市（地）级及以下直属机构综合管理类","用人司局：国家统计局青海调查总队
职位简介：从事一线入户调查、数据处理、统计分析、统计研究等工作。
专业要求：经济学类、法学类、中国语言文学类、理学类、计算机类、农业经济管理类、工商管理类、公共管理类、测绘类、农学类。
学历要求：大专及以上
学位要求：与最高学历相对应的学位
政治面貌：不限
基层工作经历：无限制
考试类别：市（地）级及以下直属机构综合管理类
备注：1.本单位最低服务年限为5年（含试用期）；2.本职位限招应届高校毕业生；3.本职位限招果洛藏族自治州生源或果洛藏族自治州户籍；4.本职位需具备熟练的藏语交流能力。","https://www.xjhc.gov.cn/xjhc/c116834/202410/a29382e11a674da3be3353af65f9fcc5.shtml#137129-400110129002","2024-10-14","{""dataset_year"":2025,""job_uid"":""GOV-2025-137129-400110129002"",""publisher"":""国家公务员局"",""publication_page"":""https://www.xjhc.gov.cn/xjhc/c116834/202410/a29382e11a674da3be3353af65f9fcc5.shtml"",""attachment_url"":""https://www.xjhc.gov.cn/xjhc/c116834/202410/a29382e11a674da3be3353af65f9fcc5/files/0536cef86e2b46ddad6aae5a3780089e.xls"",""local_source_file"":""2025_guokao_zhaokaojianzhang.xls"",""local_source_sha256"":""07ae6cab368cd21b7a1ac3e8150fe9a3d39ad5171ce76135ff3cccfe50c3e77e"",""source_sheet"":""中央国家行政机关参照公务员法管理事业单位"",""filter_version"":""government_tech_v2"",""tech_filter"":{""is_tech"":true,""is_core_tech"":true,""scope"":""core"",""categories"":[""computer_software"",""data_ai""],""matched_fields"":[""major"",""description""],""major_terms"":[""计算机类""],""role_terms"":[""数据处理""],""reason"":""tech_major_and_role""},""original"":{""部门代码"":""137129"",""部门名称"":""国家统计局青海调查总队"",""用人司局"":""国家统计局青海调查总队"",""机构性质"":""中央国家行政机关参照公务员法管理事业单位"",""招考职位"":""果洛调查队业务科室四级主任科员及以下"",""职位属性"":""普通职位"",""职位分布"":""西部地区和艰苦边远地区职位"",""职位简介"":""从事一线入户调查、数据处理、统计分析、统计研究等工作。"",""职位代码"":""400110129002"",""机构层级"":""市（地）级"",""考试类别"":""市（地）级及以下直属机构综合管理类"",""招考人数"":""1"",""专业"":""经济学类、法学类、中国语言文学类、理学类、计算机类、农业经济管理类、工商管理类、公共管理类、测绘类、农学类。"",""学历"":""大专及以上"",""学位"":""与最高学历相对应的学位"",""政治面貌"":""不限"",""基层工作最低年限"":""无限制"",""服务基层项目工作经历"":""无限制"",""是否在面试阶段组织专业能力测试"":""否"",""面试人员比例"":""3:1"",""工作地点"":""青海省果洛藏族自治州玛沁县"",""落户地点"":""青海省果洛藏族自治州玛沁县"",""备注"":""1.本单位最低服务年限为5年（含试用期）；2.本职位限招应届高校毕业生；3.本职位限招果洛藏族自治州生源或果洛藏族自治州户籍；4.本职位需具备熟练的藏语交流能力。"",""部门网站"":""无"",""咨询电话1"":""0971-6331587"",""咨询电话2"":""0971-6305860"",""咨询电话3"":"""",""来源Sheet"":""中央国家行政机关参照公务员法管理事业单位""}}"
"government_jobs","国家公务员2025招考简章","公务员/事业单位技术岗位","宁夏回族自治区银川市金凤区","2026-07-28T09:12:58.310295+00:00","宁夏调查总队业务处室二级主任科员及以下（1）","国家统计局宁夏调查总队","","宁夏回族自治区银川市金凤区","公务员/事业单位;2025;computer_software;data_ai;仅限硕士研究生;硕士;应用经济学（0202）、应用统计（0252）、数字经济（0258）、法学（0301）、社会学（0303   不含人类学、民俗学专业）、数学（0701）、统计学（0714）、计算机科学与技术（0812）;中央机关及其省级直属机构综合管理类","用人司局：国家统计局宁夏调查总队
职位简介：从事统计调查、数据处理、统计分析、统计研究、统计新闻宣传、法规制度建设、信息化建设等工作。
专业要求：应用经济学（0202）、应用统计（0252）、数字经济（0258）、法学（0301）、社会学（0303   不含人类学、民俗学专业）、数学（0701）、统计学（0714）、计算机科学与技术（0812）
学历要求：仅限硕士研究生
学位要求：硕士
政治面貌：不限
基层工作经历：无限制
考试类别：中央机关及其省级直属机构综合管理类
备注：限男性；全国大学英语六级考试成绩达到425分以上；本单位最低服务年限为5年（含试用期）。","https://www.xjhc.gov.cn/xjhc/c116834/202410/a29382e11a674da3be3353af65f9fcc5.shtml#137130-400110130001","2024-10-14","{""dataset_year"":2025,""job_uid"":""GOV-2025-137130-400110130001"",""publisher"":""国家公务员局"",""publication_page"":""https://www.xjhc.gov.cn/xjhc/c116834/202410/a29382e11a674da3be3353af65f9fcc5.shtml"",""attachment_url"":""https://www.xjhc.gov.cn/xjhc/c116834/202410/a29382e11a674da3be3353af65f9fcc5/files/0536cef86e2b46ddad6aae5a3780089e.xls"",""local_source_file"":""2025_guokao_zhaokaojianzhang.xls"",""local_source_sha256"":""07ae6cab368cd21b7a1ac3e8150fe9a3d39ad5171ce76135ff3cccfe50c3e77e"",""source_sheet"":""中央国家行政机关参照公务员法管理事业单位"",""filter_version"":""government_tech_v2"",""tech_filter"":{""is_tech"":true,""is_core_tech"":true,""scope"":""core"",""categories"":[""computer_software"",""data_ai""],""matched_fields"":[""major"",""description""],""major_terms"":[""计算机科学与技术""],""role_terms"":[""信息化"",""数据处理""],""reason"":""tech_major_and_role""},""original"":{""部门代码"":""137130"",""部门名称"":""国家统计局宁夏调查总队"",""用人司局"":""国家统计局宁夏调查总队"",""机构性质"":""中央国家行政机关参照公务员法管理事业单位"",""招考职位"":""宁夏调查总队业务处室二级主任科员及以下（1）"",""职位属性"":""普通职位"",""职位分布"":""其他职位"",""职位简介"":""从事统计调查、数据处理、统计分析、统计研究、统计新闻宣传、法规制度建设、信息化建设等工作。"",""职位代码"":""400110130001"",""机构层级"":""省（副省）级"",""考试类别"":""中央机关及其省级直属机构综合管理类"",""招考人数"":""2"",""专业"":""应用经济学（0202）、应用统计（0252）、数字经济（0258）、法学（0301）、社会学（0303   不含人类学、民俗学专业）、数学（0701）、统计学（0714）、计算机科学与技术（0812）"",""学历"":""仅限硕士研究生"",""学位"":""硕士"",""政治面貌"":""不限"",""基层工作最低年限"":""无限制"",""服务基层项目工作经历"":""无限制"",""是否在面试阶段组织专业能力测试"":""否"",""面试人员比例"":""5:1"",""工作地点"":""宁夏回族自治区银川市金凤区"",""落户地点"":""宁夏回族自治区银川市金凤区"",""备注"":""限男性；全国大学英语六级考试成绩达到425分以上；本单位最低服务年限为5年（含试用期）。"",""部门网站"":""无"",""咨询电话1"":""0951-5677169"",""咨询电话2"":""0951-5677196"",""咨询电话3"":"""",""来源Sheet"":""中央国家行政机关参照公务员法管理事业单位""}}"
"government_jobs","国家公务员2025招考简章","公务员/事业单位技术岗位","宁夏回族自治区银川市金凤区","2026-07-28T09:12:58.310295+00:00","宁夏调查总队业务处室二级主任科员及以下（2）","国家统计局宁夏调查总队","","宁夏回族自治区银川市金凤区","公务员/事业单位;2025;computer_software;data_ai;仅限硕士研究生;硕士;应用经济学（0202）、应用统计（0252）、数字经济（0258）、法学（0301）、社会学（0303   不含人类学、民俗学专业）、数学（0701）、统计学（0714）、计算机科学与技术（0812）;中央机关及其省级直属机构综合管理类","用人司局：国家统计局宁夏调查总队
职位简介：从事统计调查、数据处理、统计分析、统计研究、统计新闻宣传、法规制度建设、信息化建设等工作。
专业要求：应用经济学（0202）、应用统计（0252）、数字经济（0258）、法学（0301）、社会学（0303   不含人类学、民俗学专业）、数学（0701）、统计学（0714）、计算机科学与技术（0812）
学历要求：仅限硕士研究生
学位要求：硕士
政治面貌：不限
基层工作经历：无限制
考试类别：中央机关及其省级直属机构综合管理类
备注：限女性；全国大学英语六级考试成绩达到425分以上；本单位最低服务年限为5年（含试用期）。","https://www.xjhc.gov.cn/xjhc/c116834/202410/a29382e11a674da3be3353af65f9fcc5.shtml#137130-400110130002","2024-10-14","{""dataset_year"":2025,""job_uid"":""GOV-2025-137130-400110130002"",""publisher"":""国家公务员局"",""publication_page"":""https://www.xjhc.gov.cn/xjhc/c116834/202410/a29382e11a674da3be3353af65f9fcc5.shtml"",""attachment_url"":""https://www.xjhc.gov.cn/xjhc/c116834/202410/a29382e11a674da3be3353af65f9fcc5/files/0536cef86e2b46ddad6aae5a3780089e.xls"",""local_source_file"":""2025_guokao_zhaokaojianzhang.xls"",""local_source_sha256"":""07ae6cab368cd21b7a1ac3e8150fe9a3d39ad5171ce76135ff3cccfe50c3e77e"",""source_sheet"":""中央国家行政机关参照公务员法管理事业单位"",""filter_version"":""government_tech_v2"",""tech_filter"":{""is_tech"":true,""is_core_tech"":true,""scope"":""core"",""categories"":[""computer_software"",""data_ai""],""matched_fields"":[""major"",""description""],""major_terms"":[""计算机科学与技术""],""role_terms"":[""信息化"",""数据处理""],""reason"":""tech_major_and_role""},""original"":{""部门代码"":""137130"",""部门名称"":""国家统计局宁夏调查总队"",""用人司局"":""国家统计局宁夏调查总队"",""机构性质"":""中央国家行政机关参照公务员法管理事业单位"",""招考职位"":""宁夏调查总队业务处室二级主任科员及以下（2）"",""职位属性"":""普通职位"",""职位分布"":""其他职位"",""职位简介"":""从事统计调查、数据处理、统计分析、统计研究、统计新闻宣传、法规制度建设、信息化建设等工作。"",""职位代码"":""400110130002"",""机构层级"":""省（副省）级"",""考试类别"":""中央机关及其省级直属机构综合管理类"",""招考人数"":""2"",""专业"":""应用经济学（0202）、应用统计（0252）、数字经济（0258）、法学（0301）、社会学（0303   不含人类学、民俗学专业）、数学（0701）、统计学（0714）、计算机科学与技术（0812）"",""学历"":""仅限硕士研究生"",""学位"":""硕士"",""政治面貌"":""不限"",""基层工作最低年限"":""无限制"",""服务基层项目工作经历"":""无限制"",""是否在面试阶段组织专业能力测试"":""否"",""面试人员比例"":""5:1"",""工作地点"":""宁夏回族自治区银川市金凤区"",""落户地点"":""宁夏回族自治区银川市金凤区"",""备注"":""限女性；全国大学英语六级考试成绩达到425分以上；本单位最低服务年限为5年（含试用期）。"",""部门网站"":""无"",""咨询电话1"":""0951-5677169"",""咨询电话2"":""0951-5677196"",""咨询电话3"":"""",""来源Sheet"":""中央国家行政机关参照公务员法管理事业单位""}}"
"government_jobs","国家公务员2025招考简章","公务员/事业单位技术岗位","宁夏回族自治区银川市金凤区","2026-07-28T09:12:58.310295+00:00","银川调查队业务科室四级主任科员（1）","国家统计局宁夏调查总队","","宁夏回族自治区银川市金凤区","公务员/事业单位;2025;computer_software;data_ai;仅限硕士研究生;硕士;应用经济学（0202）、应用统计（0252）、数字经济（0258）、法学（0301）、社会学（0303   不含人类学、民俗学专业）、数学（0701）、统计学（0714）、计算机科学与技术（0812）;市（地）级及以下直属机构综合管理类","用人司局：国家统计局宁夏调查总队
职位简介：从事一线入户调查、数据处理、统计分析、统计研究等工作。
专业要求：应用经济学（0202）、应用统计（0252）、数字经济（0258）、法学（0301）、社会学（0303   不含人类学、民俗学专业）、数学（0701）、统计学（0714）、计算机科学与技术（0812）
学历要求：仅限硕士研究生
学位要求：硕士
政治面貌：不限
基层工作经历：无限制
考试类别：市（地）级及以下直属机构综合管理类
备注：限男性；此岗位经常需要独立下乡入户调查；限招应届高校毕业生；本单位最低服务年限为5年（含试用期）。","https://www.xjhc.gov.cn/xjhc/c116834/202410/a29382e11a674da3be3353af65f9fcc5.shtml#137130-400110130003","2024-10-14","{""dataset_year"":2025,""job_uid"":""GOV-2025-137130-400110130003"",""publisher"":""国家公务员局"",""publication_page"":""https://www.xjhc.gov.cn/xjhc/c116834/202410/a29382e11a674da3be3353af65f9fcc5.shtml"",""attachment_url"":""https://www.xjhc.gov.cn/xjhc/c116834/202410/a29382e11a674da3be3353af65f9fcc5/files/0536cef86e2b46ddad6aae5a3780089e.xls"",""local_source_file"":""2025_guokao_zhaokaojianzhang.xls"",""local_source_sha256"":""07ae6cab368cd21b7a1ac3e8150fe9a3d39ad5171ce76135ff3cccfe50c3e77e"",""source_sheet"":""中央国家行政机关参照公务员法管理事业单位"",""filter_version"":""government_tech_v2"",""tech_filter"":{""is_tech"":true,""is_core_tech"":true,""scope"":""core"",""categories"":[""computer_software"",""data_ai""],""matched_fields"":[""major"",""description""],""major_terms"":[""计算机科学与技术""],""role_terms"":[""数据处理""],""reason"":""tech_major_and_role""},""original"":{""部门代码"":""137130"",""部门名称"":""国家统计局宁夏调查总队"",""用人司局"":""国家统计局宁夏调查总队"",""机构性质"":""中央国家行政机关参照公务员法管理事业单位"",""招考职位"":""银川调查队业务科室四级主任科员（1）"",""职位属性"":""普通职位"",""职位分布"":""西部地区和艰苦边远地区职位"",""职位简介"":""从事一线入户调查、数据处理、统计分析、统计研究等工作。"",""职位代码"":""400110130003"",""机构层级"":""市（地）级"",""考试类别"":""市（地）级及以下直属机构综合管理类"",""招考人数"":""1"",""专业"":""应用经济学（0202）、应用统计（0252）、数字经济（0258）、法学（0301）、社会学（0303   不含人类学、民俗学专业）、数学（0701）、统计学（0714）、计算机科学与技术（0812）"",""学历"":""仅限硕士研究生"",""学位"":""硕士"",""政治面貌"":""不限"",""基层工作最低年限"":""无限制"",""服务基层项目工作经历"":""无限制"",""是否在面试阶段组织专业能力测试"":""否"",""面试人员比例"":""3:1"",""工作地点"":""宁夏回族自治区银川市金凤区"",""落户地点"":""宁夏回族自治区银川市金凤区"",""备注"":""限男性；此岗位经常需要独立下乡入户调查；限招应届高校毕业生；本单位最低服务年限为5年（含试用期）。"",""部门网站"":""无"",""咨询电话1"":""0951-5677169"",""咨询电话2"":""0951-5677196"",""咨询电话3"":"""",""来源Sheet"":""中央国家行政机关参照公务员法管理事业单位""}}"
"government_jobs","国家公务员2025招考简章","公务员/事业单位技术岗位","宁夏回族自治区银川市金凤区","2026-07-28T09:12:58.310295+00:00","银川调查队业务科室四级主任科员（2）","国家统计局宁夏调查总队","","宁夏回族自治区银川市金凤区","公务员/事业单位;2025;computer_software;data_ai;仅限硕士研究生;硕士;应用经济学（0202）、应用统计（0252）、数字经济（0258）、法学（0301）、社会学（0303   不含人类学、民俗学专业）、数学（0701）、统计学（0714）、计算机科学与技术（0812）;市（地）级及以下直属机构综合管理类","用人司局：国家统计局宁夏调查总队
职位简介：从事一线入户调查、数据处理、统计分析、统计研究等工作。
专业要求：应用经济学（0202）、应用统计（0252）、数字经济（0258）、法学（0301）、社会学（0303   不含人类学、民俗学专业）、数学（0701）、统计学（0714）、计算机科学与技术（0812）
学历要求：仅限硕士研究生
学位要求：硕士
政治面貌：不限
基层工作经历：无限制
考试类别：市（地）级及以下直属机构综合管理类
备注：限女性；此岗位经常需要独立下乡入户调查；限招应届高校毕业生；本单位最低服务年限为5年（含试用期）。","https://www.xjhc.gov.cn/xjhc/c116834/202410/a29382e11a674da3be3353af65f9fcc5.shtml#137130-400110130004","2024-10-14","{""dataset_year"":2025,""job_uid"":""GOV-2025-137130-400110130004"",""publisher"":""国家公务员局"",""publication_page"":""https://www.xjhc.gov.cn/xjhc/c116834/202410/a29382e11a674da3be3353af65f9fcc5.shtml"",""attachment_url"":""https://www.xjhc.gov.cn/xjhc/c116834/202410/a29382e11a674da3be3353af65f9fcc5/files/0536cef86e2b46ddad6aae5a3780089e.xls"",""local_source_file"":""2025_guokao_zhaokaojianzhang.xls"",""local_source_sha256"":""07ae6cab368cd21b7a1ac3e8150fe9a3d39ad5171ce76135ff3cccfe50c3e77e"",""source_sheet"":""中央国家行政机关参照公务员法管理事业单位"",""filter_version"":""government_tech_v2"",""tech_filter"":{""is_tech"":true,""is_core_tech"":true,""scope"":""core"",""categories"":[""computer_software"",""data_ai""],""matched_fields"":[""major"",""description""],""major_terms"":[""计算机科学与技术""],""role_terms"":[""数据处理""],""reason"":""tech_major_and_role""},""original"":{""部门代码"":""137130"",""部门名称"":""国家统计局宁夏调查总队"",""用人司局"":""国家统计局宁夏调查总队"",""机构性质"":""中央国家行政机关参照公务员法管理事业单位"",""招考职位"":""银川调查队业务科室四级主任科员（2）"",""职位属性"":""普通职位"",""职位分布"":""西部地区和艰苦边远地区职位"",""职位简介"":""从事一线入户调查、数据处理、统计分析、统计研究等工作。"",""职位代码"":""400110130004"",""机构层级"":""市（地）级"",""考试类别"":""市（地）级及以下直属机构综合管理类"",""招考人数"":""1"",""专业"":""应用经济学（0202）、应用统计（0252）、数字经济（0258）、法学（0301）、社会学（0303   不含人类学、民俗学专业）、数学（0701）、统计学（0714）、计算机科学与技术（0812）"",""学历"":""仅限硕士研究生"",""学位"":""硕士"",""政治面貌"":""不限"",""基层工作最低年限"":""无限制"",""服务基层项目工作经历"":""无限制"",""是否在面试阶段组织专业能力测试"":""否"",""面试人员比例"":""3:1"",""工作地点"":""宁夏回族自治区银川市金凤区"",""落户地点"":""宁夏回族自治区银川市金凤区"",""备注"":""限女性；此岗位经常需要独立下乡入户调查；限招应届高校毕业生；本单位最低服务年限为5年（含试用期）。"",""部门网站"":""无"",""咨询电话1"":""0951-5677169"",""咨询电话2"":""0951-5677196"",""咨询电话3"":"""",""来源Sheet"":""中央国家行政机关参照公务员法管理事业单位""}}"
"government_jobs","国家公务员2025招考简章","公务员/事业单位技术岗位","宁夏回族自治区石嘴山市大武口区","2026-07-28T09:12:58.310295+00:00","石嘴山调查队业务科室四级主任科员（1）","国家统计局宁夏调查总队","","宁夏回族自治区石嘴山市大武口区","公务员/事业单位;2025;computer_software;data_ai;仅限硕士研究生;硕士;应用经济学（0202）、应用统计（0252）、数字经济（0258）、法学（0301）、社会学（0303   不含人类学、民俗学专业）、数学（0701）、统计学（0714）、计算机科学与技术（0812）;市（地）级及以下直属机构综合管理类","用人司局：国家统计局宁夏调查总队
职位简介：从事一线入户调查、数据处理、统计分析、统计研究等工作。
专业要求：应用经济学（0202）、应用统计（0252）、数字经济（0258）、法学（0301）、社会学（0303   不含人类学、民俗学专业）、数学（0701）、统计学（0714）、计算机科学与技术（0812）
学历要求：仅限硕士研究生
学位要求：硕士
政治面貌：不限
基层工作经历：无限制
考试类别：市（地）级及以下直属机构综合管理类
备注：此岗位经常需要独立下乡入户调查；限招应届高校毕业生；本单位最低服务年限为5年（含试用期）。","https://www.xjhc.gov.cn/xjhc/c116834/202410/a29382e11a674da3be3353af65f9fcc5.shtml#137130-400110130005","2024-10-14","{""dataset_year"":2025,""job_uid"":""GOV-2025-137130-400110130005"",""publisher"":""国家公务员局"",""publication_page"":""https://www.xjhc.gov.cn/xjhc/c116834/202410/a29382e11a674da3be3353af65f9fcc5.shtml"",""attachment_url"":""https://www.xjhc.gov.cn/xjhc/c116834/202410/a29382e11a674da3be3353af65f9fcc5/files/0536cef86e2b46ddad6aae5a3780089e.xls"",""local_source_file"":""2025_guokao_zhaokaojianzhang.xls"",""local_source_sha256"":""07ae6cab368cd21b7a1ac3e8150fe9a3d39ad5171ce76135ff3cccfe50c3e77e"",""source_sheet"":""中央国家行政机关参照公务员法管理事业单位"",""filter_version"":""government_tech_v2"",""tech_filter"":{""is_tech"":true,""is_core_tech"":true,""scope"":""core"",""categories"":[""computer_software"",""data_ai""],""matched_fields"":[""major"",""description""],""major_terms"":[""计算机科学与技术""],""role_terms"":[""数据处理""],""reason"":""tech_major_and_role""},""original"":{""部门代码"":""137130"",""部门名称"":""国家统计局宁夏调查总队"",""用人司局"":""国家统计局宁夏调查总队"",""机构性质"":""中央国家行政机关参照公务员法管理事业单位"",""招考职位"":""石嘴山调查队业务科室四级主任科员（1）"",""职位属性"":""普通职位"",""职位分布"":""西部地区和艰苦边远地区职位"",""职位简介"":""从事一线入户调查、数据处理、统计分析、统计研究等工作。"",""职位代码"":""400110130005"",""机构层级"":""市（地）级"",""考试类别"":""市（地）级及以下直属机构综合管理类"",""招考人数"":""1"",""专业"":""应用经济学（0202）、应用统计（0252）、数字经济（0258）、法学（0301）、社会学（0303   不含人类学、民俗学专业）、数学（0701）、统计学（0714）、计算机科学与技术（0812）"",""学历"":""仅限硕士研究生"",""学位"":""硕士"",""政治面貌"":""不限"",""基层工作最低年限"":""无限制"",""服务基层项目工作经历"":""无限制"",""是否在面试阶段组织专业能力测试"":""否"",""面试人员比例"":""3:1"",""工作地点"":""宁夏回族自治区石嘴山市大武口区"",""落户地点"":""宁夏回族自治区石嘴山市大武口区"",""备注"":""此岗位经常需要独立下乡入户调查；限招应届高校毕业生；本单位最低服务年限为5年（含试用期）。"",""部门网站"":""无"",""咨询电话1"":""0951-5677169"",""咨询电话2"":""0951-5677196"",""咨询电话3"":"""",""来源Sheet"":""中央国家行政机关参照公务员法管理事业单位""}}"
"government_jobs","国家公务员2025招考简章","公务员/事业单位技术岗位","宁夏回族自治区石嘴山市大武口区","2026-07-28T09:12:58.310295+00:00","石嘴山调查队业务科室一级科员（2）","国家统计局宁夏调查总队","","宁夏回族自治区石嘴山市大武口区","公务员/事业单位;2025;computer_software;cybersecurity_cryptography;data_ai;仅限本科;学士;经济学类、数学类、统计学类、计算机类（不含物联网工程、数字媒体技术、智能科学与技术、空间信息与数字技术、电影制作、服务科学与工程、虚拟现实技术、区块链工程、密码科学与技术专业）;市（地）级及以下直属机构综合管理类","用人司局：国家统计局宁夏调查总队
职位简介：从事一线入户调查、数据处理、统计分析、统计研究等工作。
专业要求：经济学类、数学类、统计学类、计算机类（不含物联网工程、数字媒体技术、智能科学与技术、空间信息与数字技术、电影制作、服务科学与工程、虚拟现实技术、区块链工程、密码科学与技术专业）
学历要求：仅限本科
学位要求：学士
政治面貌：不限
基层工作经历：无限制
考试类别：市（地）级及以下直属机构综合管理类
备注：此岗位经常需要独立下乡入户调查；限招应届高校毕业生；本单位最低服务年限为5年（含试用期）。","https://www.xjhc.gov.cn/xjhc/c116834/202410/a29382e11a674da3be3353af65f9fcc5.shtml#137130-400110130006","2024-10-14","{""dataset_year"":2025,""job_uid"":""GOV-2025-137130-400110130006"",""publisher"":""国家公务员局"",""publication_page"":""https://www.xjhc.gov.cn/xjhc/c116834/202410/a29382e11a674da3be3353af65f9fcc5.shtml"",""attachment_url"":""https://www.xjhc.gov.cn/xjhc/c116834/202410/a29382e11a674da3be3353af65f9fcc5/files/0536cef86e2b46ddad6aae5a3780089e.xls"",""local_source_file"":""2025_guokao_zhaokaojianzhang.xls"",""local_source_sha256"":""07ae6cab368cd21b7a1ac3e8150fe9a3d39ad5171ce76135ff3cccfe50c3e77e"",""source_sheet"":""中央国家行政机关参照公务员法管理事业单位"",""filter_version"":""government_tech_v2"",""tech_filter"":{""is_tech"":true,""is_core_tech"":true,""scope"":""core"",""categories"":[""computer_software"",""cybersecurity_cryptography"",""data_ai""],""matched_fields"":[""major"",""description""],""major_terms"":[""区块链工程"",""密码科学"",""密码科学与技术"",""数字媒体技术"",""智能科学与技术"",""物联网工程"",""空间信息与数字技术"",""虚拟现实技术"",""计算机类""],""role_terms"":[""数据处理""],""reason"":""tech_major_and_role""},""original"":{""部门代码"":""137130"",""部门名称"":""国家统计局宁夏调查总队"",""用人司局"":""国家统计局宁夏调查总队"",""机构性质"":""中央国家行政机关参照公务员法管理事业单位"",""招考职位"":""石嘴山调查队业务科室一级科员（2）"",""职位属性"":""普通职位"",""职位分布"":""西部地区和艰苦边远地区职位"",""职位简介"":""从事一线入户调查、数据处理、统计分析、统计研究等工作。"",""职位代码"":""400110130006"",""机构层级"":""市（地）级"",""考试类别"":""市（地）级及以下直属机构综合管理类"",""招考人数"":""1"",""专业"":""经济学类、数学类、统计学类、计算机类（不含物联网工程、数字媒体技术、智能科学与技术、空间信息与数字技术、电影制作、服务科学与工程、虚拟现实技术、区块链工程、密码科学与技术专业）"",""学历"":""仅限本科"",""学位"":""学士"",""政治面貌"":""不限"",""基层工作最低年限"":""无限制"",""服务基层项目工作经历"":""无限制"",""是否在面试阶段组织专业能力测试"":""否"",""面试人员比例"":""3:1"",""工作地点"":""宁夏回族自治区石嘴山市大武口区"",""落户地点"":""宁夏回族自治区石嘴山市大武口区"",""备注"":""此岗位经常需要独立下乡入户调查；限招应届高校毕业生；本单位最低服务年限为5年（含试用期）。"",""部门网站"":""无"",""咨询电话1"":""0951-5677169"",""咨询电话2"":""0951-5677196"",""咨询电话3"":"""",""来源Sheet"":""中央国家行政机关参照公务员法管理事业单位""}}"
"government_jobs","国家公务员2025招考简章","公务员/事业单位技术岗位","宁夏回族自治区吴忠市利通区","2026-07-28T09:12:58.310295+00:00","吴忠调查队业务科室四级主任科员（1）","国家统计局宁夏调查总队","","宁夏回族自治区吴忠市利通区","公务员/事业单位;2025;computer_software;data_ai;仅限硕士研究生;硕士;应用经济学（0202）、应用统计（0252）、数字经济（0258）、法学（0301）、社会学（0303   不含人类学、民俗学专业）、数学（0701）、统计学（0714）、计算机科学与技术（0812）;市（地）级及以下直属机构综合管理类","用人司局：国家统计局宁夏调查总队
职位简介：从事一线入户调查、数据处理、统计分析、统计研究等工作。
专业要求：应用经济学（0202）、应用统计（0252）、数字经济（0258）、法学（0301）、社会学（0303   不含人类学、民俗学专业）、数学（0701）、统计学（0714）、计算机科学与技术（0812）
学历要求：仅限硕士研究生
学位要求：硕士
政治面貌：不限
基层工作经历：无限制
考试类别：市（地）级及以下直属机构综合管理类
备注：限男性；此岗位经常需要独立下乡入户调查；限招应届高校毕业生；本单位最低服务年限为5年（含试用期）。","https://www.xjhc.gov.cn/xjhc/c116834/202410/a29382e11a674da3be3353af65f9fcc5.shtml#137130-400110130007","2024-10-14","{""dataset_year"":2025,""job_uid"":""GOV-2025-137130-400110130007"",""publisher"":""国家公务员局"",""publication_page"":""https://www.xjhc.gov.cn/xjhc/c116834/202410/a29382e11a674da3be3353af65f9fcc5.shtml"",""attachment_url"":""https://www.xjhc.gov.cn/xjhc/c116834/202410/a29382e11a674da3be3353af65f9fcc5/files/0536cef86e2b46ddad6aae5a3780089e.xls"",""local_source_file"":""2025_guokao_zhaokaojianzhang.xls"",""local_source_sha256"":""07ae6cab368cd21b7a1ac3e8150fe9a3d39ad5171ce76135ff3cccfe50c3e77e"",""source_sheet"":""中央国家行政机关参照公务员法管理事业单位"",""filter_version"":""government_tech_v2"",""tech_filter"":{""is_tech"":true,""is_core_tech"":true,""scope"":""core"",""categories"":[""computer_software"",""data_ai""],""matched_fields"":[""major"",""description""],""major_terms"":[""计算机科学与技术""],""role_terms"":[""数据处理""],""reason"":""tech_major_and_role""},""original"":{""部门代码"":""137130"",""部门名称"":""国家统计局宁夏调查总队"",""用人司局"":""国家统计局宁夏调查总队"",""机构性质"":""中央国家行政机关参照公务员法管理事业单位"",""招考职位"":""吴忠调查队业务科室四级主任科员（1）"",""职位属性"":""普通职位"",""职位分布"":""西部地区和艰苦边远地区职位"",""职位简介"":""从事一线入户调查、数据处理、统计分析、统计研究等工作。"",""职位代码"":""400110130007"",""机构层级"":""市（地）级"",""考试类别"":""市（地）级及以下直属机构综合管理类"",""招考人数"":""1"",""专业"":""应用经济学（0202）、应用统计（0252）、数字经济（0258）、法学（0301）、社会学（0303   不含人类学、民俗学专业）、数学（0701）、统计学（0714）、计算机科学与技术（0812）"",""学历"":""仅限硕士研究生"",""学位"":""硕士"",""政治面貌"":""不限"",""基层工作最低年限"":""无限制"",""服务基层项目工作经历"":""无限制"",""是否在面试阶段组织专业能力测试"":""否"",""面试人员比例"":""3:1"",""工作地点"":""宁夏回族自治区吴忠市利通区"",""落户地点"":""宁夏回族自治区吴忠市利通区"",""备注"":""限男性；此岗位经常需要独立下乡入户调查；限招应届高校毕业生；本单位最低服务年限为5年（含试用期）。"",""部门网站"":""无"",""咨询电话1"":""0951-5677169"",""咨询电话2"":""0951-5677196"",""咨询电话3"":"""",""来源Sheet"":""中央国家行政机关参照公务员法管理事业单位""}}"
"government_jobs","国家公务员2025招考简章","公务员/事业单位技术岗位","宁夏回族自治区吴忠市利通区","2026-07-28T09:12:58.310295+00:00","吴忠调查队业务科室四级主任科员（2）","国家统计局宁夏调查总队","","宁夏回族自治区吴忠市利通区","公务员/事业单位;2025;computer_software;data_ai;仅限硕士研究生;硕士;应用经济学（0202）、应用统计（0252）、数字经济（0258）、法学（0301）、社会学（0303   不含人类学、民俗学专业）、数学（0701）、统计学（0714）、计算机科学与技术（0812）;市（地）级及以下直属机构综合管理类","用人司局：国家统计局宁夏调查总队
职位简介：从事一线入户调查、数据处理、统计分析、统计研究等工作。
专业要求：应用经济学（0202）、应用统计（0252）、数字经济（0258）、法学（0301）、社会学（0303   不含人类学、民俗学专业）、数学（0701）、统计学（0714）、计算机科学与技术（0812）
学历要求：仅限硕士研究生
学位要求：硕士
政治面貌：不限
基层工作经历：无限制
考试类别：市（地）级及以下直属机构综合管理类
备注：限女性；此岗位经常需要独立下乡入户调查；限招应届高校毕业生；本单位最低服务年限为5年（含试用期）。","https://www.xjhc.gov.cn/xjhc/c116834/202410/a29382e11a674da3be3353af65f9fcc5.shtml#137130-400110130008","2024-10-14","{""dataset_year"":2025,""job_uid"":""GOV-2025-137130-400110130008"",""publisher"":""国家公务员局"",""publication_page"":""https://www.xjhc.gov.cn/xjhc/c116834/202410/a29382e11a674da3be3353af65f9fcc5.shtml"",""attachment_url"":""https://www.xjhc.gov.cn/xjhc/c116834/202410/a29382e11a674da3be3353af65f9fcc5/files/0536cef86e2b46ddad6aae5a3780089e.xls"",""local_source_file"":""2025_guokao_zhaokaojianzhang.xls"",""local_source_sha256"":""07ae6cab368cd21b7a1ac3e8150fe9a3d39ad5171ce76135ff3cccfe50c3e77e"",""source_sheet"":""中央国家行政机关参照公务员法管理事业单位"",""filter_version"":""government_tech_v2"",""tech_filter"":{""is_tech"":true,""is_core_tech"":true,""scope"":""core"",""categories"":[""computer_software"",""data_ai""],""matched_fields"":[""major"",""description""],""major_terms"":[""计算机科学与技术""],""role_terms"":[""数据处理""],""reason"":""tech_major_and_role""},""original"":{""部门代码"":""137130"",""部门名称"":""国家统计局宁夏调查总队"",""用人司局"":""国家统计局宁夏调查总队"",""机构性质"":""中央国家行政机关参照公务员法管理事业单位"",""招考职位"":""吴忠调查队业务科室四级主任科员（2）"",""职位属性"":""普通职位"",""职位分布"":""西部地区和艰苦边远地区职位"",""职位简介"":""从事一线入户调查、数据处理、统计分析、统计研究等工作。"",""职位代码"":""400110130008"",""机构层级"":""市（地）级"",""考试类别"":""市（地）级及以下直属机构综合管理类"",""招考人数"":""1"",""专业"":""应用经济学（0202）、应用统计（0252）、数字经济（0258）、法学（0301）、社会学（0303   不含人类学、民俗学专业）、数学（0701）、统计学（0714）、计算机科学与技术（0812）"",""学历"":""仅限硕士研究生"",""学位"":""硕士"",""政治面貌"":""不限"",""基层工作最低年限"":""无限制"",""服务基层项目工作经历"":""无限制"",""是否在面试阶段组织专业能力测试"":""否"",""面试人员比例"":""3:1"",""工作地点"":""宁夏回族自治区吴忠市利通区"",""落户地点"":""宁夏回族自治区吴忠市利通区"",""备注"":""限女性；此岗位经常需要独立下乡入户调查；限招应届高校毕业生；本单位最低服务年限为5年（含试用期）。"",""部门网站"":""无"",""咨询电话1"":""0951-5677169"",""咨询电话2"":""0951-5677196"",""咨询电话3"":"""",""来源Sheet"":""中央国家行政机关参照公务员法管理事业单位""}}"
"government_jobs","国家公务员2025招考简章","公务员/事业单位技术岗位","宁夏回族自治区固原市原州区","2026-07-28T09:12:58.310295+00:00","固原调查队业务科室四级主任科员（1）","国家统计局宁夏调查总队","","宁夏回族自治区固原市原州区","公务员/事业单位;2025;computer_software;data_ai;仅限硕士研究生;硕士;应用经济学（0202）、应用统计（0252）、数字经济（0258）、法学（0301）、社会学（0303   不含人类学、民俗学专业）、数学（0701）、统计学（0714）、计算机科学与技术（0812）;市（地）级及以下直属机构综合管理类","用人司局：国家统计局宁夏调查总队
职位简介：从事一线入户调查、数据处理、统计分析、统计研究等工作。
专业要求：应用经济学（0202）、应用统计（0252）、数字经济（0258）、法学（0301）、社会学（0303   不含人类学、民俗学专业）、数学（0701）、统计学（0714）、计算机科学与技术（0812）
学历要求：仅限硕士研究生
学位要求：硕士
政治面貌：不限
基层工作经历：无限制
考试类别：市（地）级及以下直属机构综合管理类
备注：限男性；此岗位经常需要独立下乡入户调查；限宁夏户籍或生源；限招应届高校毕业生；本单位最低服务年限为5年（含试用期）。","https://www.xjhc.gov.cn/xjhc/c116834/202410/a29382e11a674da3be3353af65f9fcc5.shtml#137130-400110130009","2024-10-14","{""dataset_year"":2025,""job_uid"":""GOV-2025-137130-400110130009"",""publisher"":""国家公务员局"",""publication_page"":""https://www.xjhc.gov.cn/xjhc/c116834/202410/a29382e11a674da3be3353af65f9fcc5.shtml"",""attachment_url"":""https://www.xjhc.gov.cn/xjhc/c116834/202410/a29382e11a674da3be3353af65f9fcc5/files/0536cef86e2b46ddad6aae5a3780089e.xls"",""local_source_file"":""2025_guokao_zhaokaojianzhang.xls"",""local_source_sha256"":""07ae6cab368cd21b7a1ac3e8150fe9a3d39ad5171ce76135ff3cccfe50c3e77e"",""source_sheet"":""中央国家行政机关参照公务员法管理事业单位"",""filter_version"":""government_tech_v2"",""tech_filter"":{""is_tech"":true,""is_core_tech"":true,""scope"":""core"",""categories"":[""computer_software"",""data_ai""],""matched_fields"":[""major"",""description""],""major_terms"":[""计算机科学与技术""],""role_terms"":[""数据处理""],""reason"":""tech_major_and_role""},""original"":{""部门代码"":""137130"",""部门名称"":""国家统计局宁夏调查总队"",""用人司局"":""国家统计局宁夏调查总队"",""机构性质"":""中央国家行政机关参照公务员法管理事业单位"",""招考职位"":""固原调查队业务科室四级主任科员（1）"",""职位属性"":""普通职位"",""职位分布"":""西部地区和艰苦边远地区职位"",""职位简介"":""从事一线入户调查、数据处理、统计分析、统计研究等工作。"",""职位代码"":""400110130009"",""机构层级"":""市（地）级"",""考试类别"":""市（地）级及以下直属机构综合管理类"",""招考人数"":""1"",""专业"":""应用经济学（0202）、应用统计（0252）、数字经济（0258）、法学（0301）、社会学（0303   不含人类学、民俗学专业）、数学（0701）、统计学（0714）、计算机科学与技术（0812）"",""学历"":""仅限硕士研究生"",""学位"":""硕士"",""政治面貌"":""不限"",""基层工作最低年限"":""无限制"",""服务基层项目工作经历"":""无限制"",""是否在面试阶段组织专业能力测试"":""否"",""面试人员比例"":""3:1"",""工作地点"":""宁夏回族自治区固原市原州区"",""落户地点"":""宁夏回族自治区固原市原州区"",""备注"":""限男性；此岗位经常需要独立下乡入户调查；限宁夏户籍或生源；限招应届高校毕业生；本单位最低服务年限为5年（含试用期）。"",""部门网站"":""无"",""咨询电话1"":""0951-5677169"",""咨询电话2"":""0951-5677196"",""咨询电话3"":"""",""来源Sheet"":""中央国家行政机关参照公务员法管理事业单位""}}"
"government_jobs","国家公务员2025招考简章","公务员/事业单位技术岗位","宁夏回族自治区固原市原州区","2026-07-28T09:12:58.310295+00:00","固原调查队业务科室四级主任科员（2）","国家统计局宁夏调查总队","","宁夏回族自治区固原市原州区","公务员/事业单位;2025;computer_software;data_ai;仅限硕士研究生;硕士;应用经济学（0202）、应用统计（0252）、数字经济（0258）、法学（0301），社会学（0303   不含人类学、民俗学专业）、数学（0701）、统计学（0714）、计算机科学与技术（0812）;市（地）级及以下直属机构综合管理类","用人司局：国家统计局宁夏调查总队
职位简介：从事一线入户调查、数据处理、统计分析、统计研究等工作。
专业要求：应用经济学（0202）、应用统计（0252）、数字经济（0258）、法学（0301），社会学（0303   不含人类学、民俗学专业）、数学（0701）、统计学（0714）、计算机科学与技术（0812）
学历要求：仅限硕士研究生
学位要求：硕士
政治面貌：不限
基层工作经历：无限制
考试类别：市（地）级及以下直属机构综合管理类
备注：限女性；此岗位经常需要独立下乡入户调查；限宁夏户籍或生源；限招应届高校毕业生；本单位最低服务年限为5年（含试用期）。","https://www.xjhc.gov.cn/xjhc/c116834/202410/a29382e11a674da3be3353af65f9fcc5.shtml#137130-400110130010","2024-10-14","{""dataset_year"":2025,""job_uid"":""GOV-2025-137130-400110130010"",""publisher"":""国家公务员局"",""publication_page"":""https://www.xjhc.gov.cn/xjhc/c116834/202410/a29382e11a674da3be3353af65f9fcc5.shtml"",""attachment_url"":""https://www.xjhc.gov.cn/xjhc/c116834/202410/a29382e11a674da3be3353af65f9fcc5/files/0536cef86e2b46ddad6aae5a3780089e.xls"",""local_source_file"":""2025_guokao_zhaokaojianzhang.xls"",""local_source_sha256"":""07ae6cab368cd21b7a1ac3e8150fe9a3d39ad5171ce76135ff3cccfe50c3e77e"",""source_sheet"":""中央国家行政机关参照公务员法管理事业单位"",""filter_version"":""government_tech_v2"",""tech_filter"":{""is_tech"":true,""is_core_tech"":true,""scope"":""core"",""categories"":[""computer_software"",""data_ai""],""matched_fields"":[""major"",""description""],""major_terms"":[""计算机科学与技术""],""role_terms"":[""数据处理""],""reason"":""tech_major_and_role""},""original"":{""部门代码"":""137130"",""部门名称"":""国家统计局宁夏调查总队"",""用人司局"":""国家统计局宁夏调查总队"",""机构性质"":""中央国家行政机关参照公务员法管理事业单位"",""招考职位"":""固原调查队业务科室四级主任科员（2）"",""职位属性"":""普通职位"",""职位分布"":""西部地区和艰苦边远地区职位"",""职位简介"":""从事一线入户调查、数据处理、统计分析、统计研究等工作。"",""职位代码"":""400110130010"",""机构层级"":""市（地）级"",""考试类别"":""市（地）级及以下直属机构综合管理类"",""招考人数"":""1"",""专业"":""应用经济学（0202）、应用统计（0252）、数字经济（0258）、法学（0301），社会学（0303   不含人类学、民俗学专业）、数学（0701）、统计学（0714）、计算机科学与技术（0812）"",""学历"":""仅限硕士研究生"",""学位"":""硕士"",""政治面貌"":""不限"",""基层工作最低年限"":""无限制"",""服务基层项目工作经历"":""无限制"",""是否在面试阶段组织专业能力测试"":""否"",""面试人员比例"":""3:1"",""工作地点"":""宁夏回族自治区固原市原州区"",""落户地点"":""宁夏回族自治区固原市原州区"",""备注"":""限女性；此岗位经常需要独立下乡入户调查；限宁夏户籍或生源；限招应届高校毕业生；本单位最低服务年限为5年（含试用期）。"",""部门网站"":""无"",""咨询电话1"":""0951-5677169"",""咨询电话2"":""0951-5677196"",""咨询电话3"":"""",""来源Sheet"":""中央国家行政机关参照公务员法管理事业单位""}}"
"government_jobs","国家公务员2025招考简章","公务员/事业单位技术岗位","宁夏回族自治区中卫市沙坡头区","2026-07-28T09:12:58.310295+00:00","中卫调查队业务科室四级主任科员","国家统计局宁夏调查总队","","宁夏回族自治区中卫市沙坡头区","公务员/事业单位;2025;computer_software;data_ai;仅限硕士研究生;硕士;应用经济学（0202）、应用统计（0252）、数字经济（0258）、法学（0301）、社会学（0303   不含人类学、民俗学专业）、数学（0701）、统计学（0714）、计算机科学与技术（0812）;市（地）级及以下直属机构综合管理类","用人司局：国家统计局宁夏调查总队
职位简介：从事一线入户调查、数据处理、统计分析、统计研究等工作。
专业要求：应用经济学（0202）、应用统计（0252）、数字经济（0258）、法学（0301）、社会学（0303   不含人类学、民俗学专业）、数学（0701）、统计学（0714）、计算机科学与技术（0812）
学历要求：仅限硕士研究生
学位要求：硕士
政治面貌：不限
基层工作经历：无限制
考试类别：市（地）级及以下直属机构综合管理类
备注：此岗位经常需要独立下乡入户调查；限宁夏户籍或生源；限招应届高校毕业生；本单位最低服务年限为5年（含试用期）。","https://www.xjhc.gov.cn/xjhc/c116834/202410/a29382e11a674da3be3353af65f9fcc5.shtml#137130-400110130011","2024-10-14","{""dataset_year"":2025,""job_uid"":""GOV-2025-137130-400110130011"",""publisher"":""国家公务员局"",""publication_page"":""https://www.xjhc.gov.cn/xjhc/c116834/202410/a29382e11a674da3be3353af65f9fcc5.shtml"",""attachment_url"":""https://www.xjhc.gov.cn/xjhc/c116834/202410/a29382e11a674da3be3353af65f9fcc5/files/0536cef86e2b46ddad6aae5a3780089e.xls"",""local_source_file"":""2025_guokao_zhaokaojianzhang.xls"",""local_source_sha256"":""07ae6cab368cd21b7a1ac3e8150fe9a3d39ad5171ce76135ff3cccfe50c3e77e"",""source_sheet"":""中央国家行政机关参照公务员法管理事业单位"",""filter_version"":""government_tech_v2"",""tech_filter"":{""is_tech"":true,""is_core_tech"":true,""scope"":""core"",""categories"":[""computer_software"",""data_ai""],""matched_fields"":[""major"",""description""],""major_terms"":[""计算机科学与技术""],""role_terms"":[""数据处理""],""reason"":""tech_major_and_role""},""original"":{""部门代码"":""137130"",""部门名称"":""国家统计局宁夏调查总队"",""用人司局"":""国家统计局宁夏调查总队"",""机构性质"":""中央国家行政机关参照公务员法管理事业单位"",""招考职位"":""中卫调查队业务科室四级主任科员"",""职位属性"":""普通职位"",""职位分布"":""西部地区和艰苦边远地区职位"",""职位简介"":""从事一线入户调查、数据处理、统计分析、统计研究等工作。"",""职位代码"":""400110130011"",""机构层级"":""市（地）级"",""考试类别"":""市（地）级及以下直属机构综合管理类"",""招考人数"":""1"",""专业"":""应用经济学（0202）、应用统计（0252）、数字经济（0258）、法学（0301）、社会学（0303   不含人类学、民俗学专业）、数学（0701）、统计学（0714）、计算机科学与技术（0812）"",""学历"":""仅限硕士研究生"",""学位"":""硕士"",""政治面貌"":""不限"",""基层工作最低年限"":""无限制"",""服务基层项目工作经历"":""无限制"",""是否在面试阶段组织专业能力测试"":""否"",""面试人员比例"":""3:1"",""工作地点"":""宁夏回族自治区中卫市沙坡头区"",""落户地点"":""宁夏回族自治区中卫市沙坡头区"",""备注"":""此岗位经常需要独立下乡入户调查；限宁夏户籍或生源；限招应届高校毕业生；本单位最低服务年限为5年（含试用期）。"",""部门网站"":""无"",""咨询电话1"":""0951-5677169"",""咨询电话2"":""0951-5677196"",""咨询电话3"":"""",""来源Sheet"":""中央国家行政机关参照公务员法管理事业单位""}}"
"government_jobs","国家公务员2025招考简章","公务员/事业单位技术岗位","宁夏回族自治区银川市永宁县","2026-07-28T09:12:58.310295+00:00","永宁调查队一级科员","国家统计局宁夏调查总队","","宁夏回族自治区银川市永宁县","公务员/事业单位;2025;computer_software;cybersecurity_cryptography;data_ai;仅限本科;学士;经济学类、数学类、统计学类、计算机类（不含物联网工程、数字媒体技术、智能科学与技术、空间信息与数字技术、电影制作、服务科学与工程、虚拟现实技术、区块链工程、密码科学与技术专业）;市（地）级及以下直属机构综合管理类","用人司局：国家统计局宁夏调查总队
职位简介：从事一线入户调查、数据处理、统计分析、统计研究等工作。
专业要求：经济学类、数学类、统计学类、计算机类（不含物联网工程、数字媒体技术、智能科学与技术、空间信息与数字技术、电影制作、服务科学与工程、虚拟现实技术、区块链工程、密码科学与技术专业）
学历要求：仅限本科
学位要求：学士
政治面貌：不限
基层工作经历：无限制
考试类别：市（地）级及以下直属机构综合管理类
备注：此岗位经常需要独立下乡入户调查；限宁夏户籍或生源；限招应届高校毕业生；全国大学英语四级考试分数达425分以上；本单位最低服务年限为5年（含试用期）。","https://www.xjhc.gov.cn/xjhc/c116834/202410/a29382e11a674da3be3353af65f9fcc5.shtml#137130-400110130012","2024-10-14","{""dataset_year"":2025,""job_uid"":""GOV-2025-137130-400110130012"",""publisher"":""国家公务员局"",""publication_page"":""https://www.xjhc.gov.cn/xjhc/c116834/202410/a29382e11a674da3be3353af65f9fcc5.shtml"",""attachment_url"":""https://www.xjhc.gov.cn/xjhc/c116834/202410/a29382e11a674da3be3353af65f9fcc5/files/0536cef86e2b46ddad6aae5a3780089e.xls"",""local_source_file"":""2025_guokao_zhaokaojianzhang.xls"",""local_source_sha256"":""07ae6cab368cd21b7a1ac3e8150fe9a3d39ad5171ce76135ff3cccfe50c3e77e"",""source_sheet"":""中央国家行政机关参照公务员法管理事业单位"",""filter_version"":""government_tech_v2"",""tech_filter"":{""is_tech"":true,""is_core_tech"":true,""scope"":""core"",""categories"":[""computer_software"",""cybersecurity_cryptography"",""data_ai""],""matched_fields"":[""major"",""description""],""major_terms"":[""区块链工程"",""密码科学"",""密码科学与技术"",""数字媒体技术"",""智能科学与技术"",""物联网工程"",""空间信息与数字技术"",""虚拟现实技术"",""计算机类""],""role_terms"":[""数据处理""],""reason"":""tech_major_and_role""},""original"":{""部门代码"":""137130"",""部门名称"":""国家统计局宁夏调查总队"",""用人司局"":""国家统计局宁夏调查总队"",""机构性质"":""中央国家行政机关参照公务员法管理事业单位"",""招考职位"":""永宁调查队一级科员"",""职位属性"":""普通职位"",""职位分布"":""西部地区和艰苦边远地区职位"",""职位简介"":""从事一线入户调查、数据处理、统计分析、统计研究等工作。"",""职位代码"":""400110130012"",""机构层级"":""县（区）级及以下"",""考试类别"":""市（地）级及以下直属机构综合管理类"",""招考人数"":""1"",""专业"":""经济学类、数学类、统计学类、计算机类（不含物联网工程、数字媒体技术、智能科学与技术、空间信息与数字技术、电影制作、服务科学与工程、虚拟现实技术、区块链工程、密码科学与技术专业）"",""学历"":""仅限本科"",""学位"":""学士"",""政治面貌"":""不限"",""基层工作最低年限"":""无限制"",""服务基层项目工作经历"":""无限制"",""是否在面试阶段组织专业能力测试"":""否"",""面试人员比例"":""3:1"",""工作地点"":""宁夏回族自治区银川市永宁县"",""落户地点"":""宁夏回族自治区银川市永宁县"",""备注"":""此岗位经常需要独立下乡入户调查；限宁夏户籍或生源；限招应届高校毕业生；全国大学英语四级考试分数达425分以上；本单位最低服务年限为5年（含试用期）。"",""部门网站"":""无"",""咨询电话1"":""0951-5677169"",""咨询电话2"":""0951-5677196"",""咨询电话3"":"""",""来源Sheet"":""中央国家行政机关参照公务员法管理事业单位""}}"
"government_jobs","国家公务员2025招考简章","公务员/事业单位技术岗位","宁夏回族自治区吴忠市青铜峡市","2026-07-28T09:12:58.310295+00:00","青铜峡调查队一级科员","国家统计局宁夏调查总队","","宁夏回族自治区吴忠市青铜峡市","公务员/事业单位;2025;computer_software;cybersecurity_cryptography;data_ai;仅限本科;学士;经济学类、数学类、统计学类、计算机类（不含物联网工程、数字媒体技术、智能科学与技术、空间信息与数字技术、电影制作、服务科学与工程、虚拟现实技术、区块链工程、密码科学与技术专业）、农业经济管理类;市（地）级及以下直属机构综合管理类","用人司局：国家统计局宁夏调查总队
职位简介：从事一线入户调查、数据处理、统计分析、统计研究等工作。
专业要求：经济学类、数学类、统计学类、计算机类（不含物联网工程、数字媒体技术、智能科学与技术、空间信息与数字技术、电影制作、服务科学与工程、虚拟现实技术、区块链工程、密码科学与技术专业）、农业经济管理类
学历要求：仅限本科
学位要求：学士
政治面貌：不限
基层工作经历：二年
考试类别：市（地）级及以下直属机构综合管理类
备注：此岗位经常需要独立下乡入户调查；限宁夏户籍或生源；服务期满且考核合格；本单位最低服务年限为5年（含试用期）。","https://www.xjhc.gov.cn/xjhc/c116834/202410/a29382e11a674da3be3353af65f9fcc5.shtml#137130-400110130013","2024-10-14","{""dataset_year"":2025,""job_uid"":""GOV-2025-137130-400110130013"",""publisher"":""国家公务员局"",""publication_page"":""https://www.xjhc.gov.cn/xjhc/c116834/202410/a29382e11a674da3be3353af65f9fcc5.shtml"",""attachment_url"":""https://www.xjhc.gov.cn/xjhc/c116834/202410/a29382e11a674da3be3353af65f9fcc5/files/0536cef86e2b46ddad6aae5a3780089e.xls"",""local_source_file"":""2025_guokao_zhaokaojianzhang.xls"",""local_source_sha256"":""07ae6cab368cd21b7a1ac3e8150fe9a3d39ad5171ce76135ff3cccfe50c3e77e"",""source_sheet"":""中央国家行政机关参照公务员法管理事业单位"",""filter_version"":""government_tech_v2"",""tech_filter"":{""is_tech"":true,""is_core_tech"":true,""scope"":""core"",""categories"":[""computer_software"",""cybersecurity_cryptography"",""data_ai""],""matched_fields"":[""major"",""description""],""major_terms"":[""区块链工程"",""密码科学"",""密码科学与技术"",""数字媒体技术"",""智能科学与技术"",""物联网工程"",""空间信息与数字技术"",""虚拟现实技术"",""计算机类""],""role_terms"":[""数据处理""],""reason"":""tech_major_and_role""},""original"":{""部门代码"":""137130"",""部门名称"":""国家统计局宁夏调查总队"",""用人司局"":""国家统计局宁夏调查总队"",""机构性质"":""中央国家行政机关参照公务员法管理事业单位"",""招考职位"":""青铜峡调查队一级科员"",""职位属性"":""普通职位"",""职位分布"":""西部地区和艰苦边远地区职位"",""职位简介"":""从事一线入户调查、数据处理、统计分析、统计研究等工作。"",""职位代码"":""400110130013"",""机构层级"":""县（区）级及以下"",""考试类别"":""市（地）级及以下直属机构综合管理类"",""招考人数"":""1"",""专业"":""经济学类、数学类、统计学类、计算机类（不含物联网工程、数字媒体技术、智能科学与技术、空间信息与数字技术、电影制作、服务科学与工程、虚拟现实技术、区块链工程、密码科学与技术专业）、农业经济管理类"",""学历"":""仅限本科"",""学位"":""学士"",""政治面貌"":""不限"",""基层工作最低年限"":""二年"",""服务基层项目工作经历"":""大学生村官、农村义务教育阶段学校教师特设岗位计划、“三支一扶”计划、大学生志愿服务西部计划"",""是否在面试阶段组织专业能力测试"":""否"",""面试人员比例"":""3:1"",""工作地点"":""宁夏回族自治区吴忠市青铜峡市"",""落户地点"":""宁夏回族自治区吴忠市青铜峡市"",""备注"":""此岗位经常需要独立下乡入户调查；限宁夏户籍或生源；服务期满且考核合格；本单位最低服务年限为5年（含试用期）。"",""部门网站"":""无"",""咨询电话1"":""0951-5677169"",""咨询电话2"":""0951-5677196"",""咨询电话3"":"""",""来源Sheet"":""中央国家行政机关参照公务员法管理事业单位""}}"
"government_jobs","国家公务员2025招考简章","公务员/事业单位技术岗位","宁夏回族自治区吴忠市盐池县","2026-07-28T09:12:58.310295+00:00","盐池调查队一级科员","国家统计局宁夏调查总队","","宁夏回族自治区吴忠市盐池县","公务员/事业单位;2025;computer_software;cybersecurity_cryptography;data_ai;仅限本科;学士;经济学类、数学类、统计学类、计算机类（不含物联网工程、数字媒体技术、智能科学与技术、空间信息与数字技术、电影制作、服务科学与工程、虚拟现实技术、区块链工程、密码科学与技术专业）;市（地）级及以下直属机构综合管理类","用人司局：国家统计局宁夏调查总队
职位简介：从事一线入户调查、数据处理、统计分析、统计研究等工作。
专业要求：经济学类、数学类、统计学类、计算机类（不含物联网工程、数字媒体技术、智能科学与技术、空间信息与数字技术、电影制作、服务科学与工程、虚拟现实技术、区块链工程、密码科学与技术专业）
学历要求：仅限本科
学位要求：学士
政治面貌：不限
基层工作经历：无限制
考试类别：市（地）级及以下直属机构综合管理类
备注：此岗位经常需要独立下乡入户调查；限宁夏户籍或生源；限招应届高校毕业生；全国大学英语四级考试分数达425分以上；本单位最低服务年限为5年（含试用期）。","https://www.xjhc.gov.cn/xjhc/c116834/202410/a29382e11a674da3be3353af65f9fcc5.shtml#137130-400110130014","2024-10-14","{""dataset_year"":2025,""job_uid"":""GOV-2025-137130-400110130014"",""publisher"":""国家公务员局"",""publication_page"":""https://www.xjhc.gov.cn/xjhc/c116834/202410/a29382e11a674da3be3353af65f9fcc5.shtml"",""attachment_url"":""https://www.xjhc.gov.cn/xjhc/c116834/202410/a29382e11a674da3be3353af65f9fcc5/files/0536cef86e2b46ddad6aae5a3780089e.xls"",""local_source_file"":""2025_guokao_zhaokaojianzhang.xls"",""local_source_sha256"":""07ae6cab368cd21b7a1ac3e8150fe9a3d39ad5171ce76135ff3cccfe50c3e77e"",""source_sheet"":""中央国家行政机关参照公务员法管理事业单位"",""filter_version"":""government_tech_v2"",""tech_filter"":{""is_tech"":true,""is_core_tech"":true,""scope"":""core"",""categories"":[""computer_software"",""cybersecurity_cryptography"",""data_ai""],""matched_fields"":[""major"",""description""],""major_terms"":[""区块链工程"",""密码科学"",""密码科学与技术"",""数字媒体技术"",""智能科学与技术"",""物联网工程"",""空间信息与数字技术"",""虚拟现实技术"",""计算机类""],""role_terms"":[""数据处理""],""reason"":""tech_major_and_role""},""original"":{""部门代码"":""137130"",""部门名称"":""国家统计局宁夏调查总队"",""用人司局"":""国家统计局宁夏调查总队"",""机构性质"":""中央国家行政机关参照公务员法管理事业单位"",""招考职位"":""盐池调查队一级科员"",""职位属性"":""普通职位"",""职位分布"":""西部地区和艰苦边远地区职位"",""职位简介"":""从事一线入户调查、数据处理、统计分析、统计研究等工作。"",""职位代码"":""400110130014"",""机构层级"":""县（区）级及以下"",""考试类别"":""市（地）级及以下直属机构综合管理类"",""招考人数"":""1"",""专业"":""经济学类、数学类、统计学类、计算机类（不含物联网工程、数字媒体技术、智能科学与技术、空间信息与数字技术、电影制作、服务科学与工程、虚拟现实技术、区块链工程、密码科学与技术专业）"",""学历"":""仅限本科"",""学位"":""学士"",""政治面貌"":""不限"",""基层工作最低年限"":""无限制"",""服务基层项目工作经历"":""无限制"",""是否在面试阶段组织专业能力测试"":""否"",""面试人员比例"":""3:1"",""工作地点"":""宁夏回族自治区吴忠市盐池县"",""落户地点"":""宁夏回族自治区吴忠市盐池县"",""备注"":""此岗位经常需要独立下乡入户调查；限宁夏户籍或生源；限招应届高校毕业生；全国大学英语四级考试分数达425分以上；本单位最低服务年限为5年（含试用期）。"",""部门网站"":""无"",""咨询电话1"":""0951-5677169"",""咨询电话2"":""0951-5677196"",""咨询电话3"":"""",""来源Sheet"":""中央国家行政机关参照公务员法管理事业单位""}}"
"government_jobs","国家公务员2025招考简章","公务员/事业单位技术岗位","宁夏回族自治区固原市隆德县","2026-07-28T09:12:58.310295+00:00","隆德调查队一级科员（1）","国家统计局宁夏调查总队","","宁夏回族自治区固原市隆德县","公务员/事业单位;2025;computer_software;cybersecurity_cryptography;data_ai;仅限本科;学士;经济学类、数学类、统计学类、计算机类（不含物联网工程、数字媒体技术、智能科学与技术、空间信息与数字技术、电影制作、服务科学与工程、虚拟现实技术、区块链工程、密码科学与技术专业）;市（地）级及以下直属机构综合管理类","用人司局：国家统计局宁夏调查总队
职位简介：从事一线入户调查、数据处理、统计分析、统计研究等工作。
专业要求：经济学类、数学类、统计学类、计算机类（不含物联网工程、数字媒体技术、智能科学与技术、空间信息与数字技术、电影制作、服务科学与工程、虚拟现实技术、区块链工程、密码科学与技术专业）
学历要求：仅限本科
学位要求：学士
政治面貌：不限
基层工作经历：无限制
考试类别：市（地）级及以下直属机构综合管理类
备注：限男性；此岗位经常需要独立下乡入户调查；限宁夏户籍或生源；限招应届高校毕业生；全国大学英语四级考试分数达425分以上；本单位最低服务年限为5年（含试用期）。","https://www.xjhc.gov.cn/xjhc/c116834/202410/a29382e11a674da3be3353af65f9fcc5.shtml#137130-400110130015","2024-10-14","{""dataset_year"":2025,""job_uid"":""GOV-2025-137130-400110130015"",""publisher"":""国家公务员局"",""publication_page"":""https://www.xjhc.gov.cn/xjhc/c116834/202410/a29382e11a674da3be3353af65f9fcc5.shtml"",""attachment_url"":""https://www.xjhc.gov.cn/xjhc/c116834/202410/a29382e11a674da3be3353af65f9fcc5/files/0536cef86e2b46ddad6aae5a3780089e.xls"",""local_source_file"":""2025_guokao_zhaokaojianzhang.xls"",""local_source_sha256"":""07ae6cab368cd21b7a1ac3e8150fe9a3d39ad5171ce76135ff3cccfe50c3e77e"",""source_sheet"":""中央国家行政机关参照公务员法管理事业单位"",""filter_version"":""government_tech_v2"",""tech_filter"":{""is_tech"":true,""is_core_tech"":true,""scope"":""core"",""categories"":[""computer_software"",""cybersecurity_cryptography"",""data_ai""],""matched_fields"":[""major"",""description""],""major_terms"":[""区块链工程"",""密码科学"",""密码科学与技术"",""数字媒体技术"",""智能科学与技术"",""物联网工程"",""空间信息与数字技术"",""虚拟现实技术"",""计算机类""],""role_terms"":[""数据处理""],""reason"":""tech_major_and_role""},""original"":{""部门代码"":""137130"",""部门名称"":""国家统计局宁夏调查总队"",""用人司局"":""国家统计局宁夏调查总队"",""机构性质"":""中央国家行政机关参照公务员法管理事业单位"",""招考职位"":""隆德调查队一级科员（1）"",""职位属性"":""普通职位"",""职位分布"":""西部地区和艰苦边远地区职位"",""职位简介"":""从事一线入户调查、数据处理、统计分析、统计研究等工作。"",""职位代码"":""400110130015"",""机构层级"":""县（区）级及以下"",""考试类别"":""市（地）级及以下直属机构综合管理类"",""招考人数"":""1"",""专业"":""经济学类、数学类、统计学类、计算机类（不含物联网工程、数字媒体技术、智能科学与技术、空间信息与数字技术、电影制作、服务科学与工程、虚拟现实技术、区块链工程、密码科学与技术专业）"",""学历"":""仅限本科"",""学位"":""学士"",""政治面貌"":""不限"",""基层工作最低年限"":""无限制"",""服务基层项目工作经历"":""无限制"",""是否在面试阶段组织专业能力测试"":""否"",""面试人员比例"":""3:1"",""工作地点"":""宁夏回族自治区固原市隆德县"",""落户地点"":""宁夏回族自治区固原市隆德县"",""备注"":""限男性；此岗位经常需要独立下乡入户调查；限宁夏户籍或生源；限招应届高校毕业生；全国大学英语四级考试分数达425分以上；本单位最低服务年限为5年（含试用期）。"",""部门网站"":""无"",""咨询电话1"":""0951-5677169"",""咨询电话2"":""0951-5677196"",""咨询电话3"":"""",""来源Sheet"":""中央国家行政机关参照公务员法管理事业单位""}}"
"government_jobs","国家公务员2025招考简章","公务员/事业单位技术岗位","宁夏回族自治区固原市隆德县","2026-07-28T09:12:58.310295+00:00","隆德调查队一级科员（2）","国家统计局宁夏调查总队","","宁夏回族自治区固原市隆德县","公务员/事业单位;2025;computer_software;cybersecurity_cryptography;data_ai;仅限本科;学士;经济学类、数学类、统计学类、计算机类（不含物联网工程、数字媒体技术、智能科学与技术、空间信息与数字技术、电影制作、服务科学与工程、虚拟现实技术、区块链工程、密码科学与技术专业）;市（地）级及以下直属机构综合管理类","用人司局：国家统计局宁夏调查总队
职位简介：从事一线入户调查、数据处理、统计分析、统计研究等工作。
专业要求：经济学类、数学类、统计学类、计算机类（不含物联网工程、数字媒体技术、智能科学与技术、空间信息与数字技术、电影制作、服务科学与工程、虚拟现实技术、区块链工程、密码科学与技术专业）
学历要求：仅限本科
学位要求：学士
政治面貌：不限
基层工作经历：无限制
考试类别：市（地）级及以下直属机构综合管理类
备注：限女性；此岗位经常需要独立下乡入户调查；限宁夏户籍或生源；限招应届高校毕业生；全国大学英语四级考试分数达425分以上；本单位最低服务年限为5年（含试用期）。","https://www.xjhc.gov.cn/xjhc/c116834/202410/a29382e11a674da3be3353af65f9fcc5.shtml#137130-400110130016","2024-10-14","{""dataset_year"":2025,""job_uid"":""GOV-2025-137130-400110130016"",""publisher"":""国家公务员局"",""publication_page"":""https://www.xjhc.gov.cn/xjhc/c116834/202410/a29382e11a674da3be3353af65f9fcc5.shtml"",""attachment_url"":""https://www.xjhc.gov.cn/xjhc/c116834/202410/a29382e11a674da3be3353af65f9fcc5/files/0536cef86e2b46ddad6aae5a3780089e.xls"",""local_source_file"":""2025_guokao_zhaokaojianzhang.xls"",""local_source_sha256"":""07ae6cab368cd21b7a1ac3e8150fe9a3d39ad5171ce76135ff3cccfe50c3e77e"",""source_sheet"":""中央国家行政机关参照公务员法管理事业单位"",""filter_version"":""government_tech_v2"",""tech_filter"":{""is_tech"":true,""is_core_tech"":true,""scope"":""core"",""categories"":[""computer_software"",""cybersecurity_cryptography"",""data_ai""],""matched_fields"":[""major"",""description""],""major_terms"":[""区块链工程"",""密码科学"",""密码科学与技术"",""数字媒体技术"",""智能科学与技术"",""物联网工程"",""空间信息与数字技术"",""虚拟现实技术"",""计算机类""],""role_terms"":[""数据处理""],""reason"":""tech_major_and_role""},""original"":{""部门代码"":""137130"",""部门名称"":""国家统计局宁夏调查总队"",""用人司局"":""国家统计局宁夏调查总队"",""机构性质"":""中央国家行政机关参照公务员法管理事业单位"",""招考职位"":""隆德调查队一级科员（2）"",""职位属性"":""普通职位"",""职位分布"":""西部地区和艰苦边远地区职位"",""职位简介"":""从事一线入户调查、数据处理、统计分析、统计研究等工作。"",""职位代码"":""400110130016"",""机构层级"":""县（区）级及以下"",""考试类别"":""市（地）级及以下直属机构综合管理类"",""招考人数"":""1"",""专业"":""经济学类、数学类、统计学类、计算机类（不含物联网工程、数字媒体技术、智能科学与技术、空间信息与数字技术、电影制作、服务科学与工程、虚拟现实技术、区块链工程、密码科学与技术专业）"",""学历"":""仅限本科"",""学位"":""学士"",""政治面貌"":""不限"",""基层工作最低年限"":""无限制"",""服务基层项目工作经历"":""无限制"",""是否在面试阶段组织专业能力测试"":""否"",""面试人员比例"":""3:1"",""工作地点"":""宁夏回族自治区固原市隆德县"",""落户地点"":""宁夏回族自治区固原市隆德县"",""备注"":""限女性；此岗位经常需要独立下乡入户调查；限宁夏户籍或生源；限招应届高校毕业生；全国大学英语四级考试分数达425分以上；本单位最低服务年限为5年（含试用期）。"",""部门网站"":""无"",""咨询电话1"":""0951-5677169"",""咨询电话2"":""0951-5677196"",""咨询电话3"":"""",""来源Sheet"":""中央国家行政机关参照公务员法管理事业单位""}}"
"government_jobs","国家公务员2025招考简章","公务员/事业单位技术岗位","宁夏回族自治区固原市隆德县","2026-07-28T09:12:58.310295+00:00","隆德调查队一级科员（3）","国家统计局宁夏调查总队","","宁夏回族自治区固原市隆德县","公务员/事业单位;2025;computer_software;cybersecurity_cryptography;data_ai;electronics_communication;仅限本科;学士;经济学类、数学类、统计学类、计算机类（不含物联网工程、数字媒体技术、智能科学与技术、空间信息与数字技术、电影制作、服务科学与工程、虚拟现实技术、区块链工程、密码科学与技术专业）、电子信息类（限电子信息工程、电子科学与技术、通信工程）;市（地）级及以下直属机构综合管理类","用人司局：国家统计局宁夏调查总队
职位简介：从事一线入户调查、数据处理、统计分析、统计研究等工作。
专业要求：经济学类、数学类、统计学类、计算机类（不含物联网工程、数字媒体技术、智能科学与技术、空间信息与数字技术、电影制作、服务科学与工程、虚拟现实技术、区块链工程、密码科学与技术专业）、电子信息类（限电子信息工程、电子科学与技术、通信工程）
学历要求：仅限本科
学位要求：学士
政治面貌：不限
基层工作经历：无限制
考试类别：市（地）级及以下直属机构综合管理类
备注：此岗位经常需要独立下乡入户调查；限宁夏户籍或生源；全国大学英语四级考试分数达425分以上；本单位最低服务年限为5年（含试用期）。","https://www.xjhc.gov.cn/xjhc/c116834/202410/a29382e11a674da3be3353af65f9fcc5.shtml#137130-400110130017","2024-10-14","{""dataset_year"":2025,""job_uid"":""GOV-2025-137130-400110130017"",""publisher"":""国家公务员局"",""publication_page"":""https://www.xjhc.gov.cn/xjhc/c116834/202410/a29382e11a674da3be3353af65f9fcc5.shtml"",""attachment_url"":""https://www.xjhc.gov.cn/xjhc/c116834/202410/a29382e11a674da3be3353af65f9fcc5/files/0536cef86e2b46ddad6aae5a3780089e.xls"",""local_source_file"":""2025_guokao_zhaokaojianzhang.xls"",""local_source_sha256"":""07ae6cab368cd21b7a1ac3e8150fe9a3d39ad5171ce76135ff3cccfe50c3e77e"",""source_sheet"":""中央国家行政机关参照公务员法管理事业单位"",""filter_version"":""government_tech_v2"",""tech_filter"":{""is_tech"":true,""is_core_tech"":true,""scope"":""core"",""categories"":[""computer_software"",""cybersecurity_cryptography"",""data_ai"",""electronics_communication""],""matched_fields"":[""major"",""description""],""major_terms"":[""区块链工程"",""密码科学"",""密码科学与技术"",""数字媒体技术"",""智能科学与技术"",""物联网工程"",""电子信息工程"",""电子信息类"",""电子科学与技术"",""空间信息与数字技术"",""虚拟现实技术"",""计算机类"",""通信工程""],""role_terms"":[""数据处理""],""reason"":""tech_major_and_role""},""original"":{""部门代码"":""137130"",""部门名称"":""国家统计局宁夏调查总队"",""用人司局"":""国家统计局宁夏调查总队"",""机构性质"":""中央国家行政机关参照公务员法管理事业单位"",""招考职位"":""隆德调查队一级科员（3）"",""职位属性"":""普通职位"",""职位分布"":""西部地区和艰苦边远地区职位"",""职位简介"":""从事一线入户调查、数据处理、统计分析、统计研究等工作。"",""职位代码"":""400110130017"",""机构层级"":""县（区）级及以下"",""考试类别"":""市（地）级及以下直属机构综合管理类"",""招考人数"":""1"",""专业"":""经济学类、数学类、统计学类、计算机类（不含物联网工程、数字媒体技术、智能科学与技术、空间信息与数字技术、电影制作、服务科学与工程、虚拟现实技术、区块链工程、密码科学与技术专业）、电子信息类（限电子信息工程、电子科学与技术、通信工程）"",""学历"":""仅限本科"",""学位"":""学士"",""政治面貌"":""不限"",""基层工作最低年限"":""无限制"",""服务基层项目工作经历"":""无限制"",""是否在面试阶段组织专业能力测试"":""否"",""面试人员比例"":""3:1"",""工作地点"":""宁夏回族自治区固原市隆德县"",""落户地点"":""宁夏回族自治区固原市隆德县"",""备注"":""此岗位经常需要独立下乡入户调查；限宁夏户籍或生源；全国大学英语四级考试分数达425分以上；本单位最低服务年限为5年（含试用期）。"",""部门网站"":""无"",""咨询电话1"":""0951-5677169"",""咨询电话2"":""0951-5677196"",""咨询电话3"":"""",""来源Sheet"":""中央国家行政机关参照公务员法管理事业单位""}}"
"government_jobs","国家公务员2025招考简章","公务员/事业单位技术岗位","宁夏回族自治区中卫市海原县","2026-07-28T09:12:58.310295+00:00","海原调查队一级科员","国家统计局宁夏调查总队","","宁夏回族自治区中卫市海原县","公务员/事业单位;2025;computer_software;cybersecurity_cryptography;data_ai;仅限本科;学士;经济学类、数学类、统计学类、计算机类（不含物联网工程、数字媒体技术、智能科学与技术、空间信息与数字技术、电影制作、服务科学与工程、虚拟现实技术、区块链工程、密码科学与技术专业）、农业经济管理类;市（地）级及以下直属机构综合管理类","用人司局：国家统计局宁夏调查总队
职位简介：从事一线入户调查、数据处理、统计分析、统计研究等工作。
专业要求：经济学类、数学类、统计学类、计算机类（不含物联网工程、数字媒体技术、智能科学与技术、空间信息与数字技术、电影制作、服务科学与工程、虚拟现实技术、区块链工程、密码科学与技术专业）、农业经济管理类
学历要求：仅限本科
学位要求：学士
政治面貌：不限
基层工作经历：二年
考试类别：市（地）级及以下直属机构综合管理类
备注：此岗位经常需要独立下乡入户调查；限宁夏户籍或生源；服务期满且考核合格；本单位最低服务年限为5年（含试用期）。","https://www.xjhc.gov.cn/xjhc/c116834/202410/a29382e11a674da3be3353af65f9fcc5.shtml#137130-400110130018","2024-10-14","{""dataset_year"":2025,""job_uid"":""GOV-2025-137130-400110130018"",""publisher"":""国家公务员局"",""publication_page"":""https://www.xjhc.gov.cn/xjhc/c116834/202410/a29382e11a674da3be3353af65f9fcc5.shtml"",""attachment_url"":""https://www.xjhc.gov.cn/xjhc/c116834/202410/a29382e11a674da3be3353af65f9fcc5/files/0536cef86e2b46ddad6aae5a3780089e.xls"",""local_source_file"":""2025_guokao_zhaokaojianzhang.xls"",""local_source_sha256"":""07ae6cab368cd21b7a1ac3e8150fe9a3d39ad5171ce76135ff3cccfe50c3e77e"",""source_sheet"":""中央国家行政机关参照公务员法管理事业单位"",""filter_version"":""government_tech_v2"",""tech_filter"":{""is_tech"":true,""is_core_tech"":true,""scope"":""core"",""categories"":[""computer_software"",""cybersecurity_cryptography"",""data_ai""],""matched_fields"":[""major"",""description""],""major_terms"":[""区块链工程"",""密码科学"",""密码科学与技术"",""数字媒体技术"",""智能科学与技术"",""物联网工程"",""空间信息与数字技术"",""虚拟现实技术"",""计算机类""],""role_terms"":[""数据处理""],""reason"":""tech_major_and_role""},""original"":{""部门代码"":""137130"",""部门名称"":""国家统计局宁夏调查总队"",""用人司局"":""国家统计局宁夏调查总队"",""机构性质"":""中央国家行政机关参照公务员法管理事业单位"",""招考职位"":""海原调查队一级科员"",""职位属性"":""普通职位"",""职位分布"":""西部地区和艰苦边远地区职位"",""职位简介"":""从事一线入户调查、数据处理、统计分析、统计研究等工作。"",""职位代码"":""400110130018"",""机构层级"":""县（区）级及以下"",""考试类别"":""市（地）级及以下直属机构综合管理类"",""招考人数"":""1"",""专业"":""经济学类、数学类、统计学类、计算机类（不含物联网工程、数字媒体技术、智能科学与技术、空间信息与数字技术、电影制作、服务科学与工程、虚拟现实技术、区块链工程、密码科学与技术专业）、农业经济管理类"",""学历"":""仅限本科"",""学位"":""学士"",""政治面貌"":""不限"",""基层工作最低年限"":""二年"",""服务基层项目工作经历"":""大学生村官、农村义务教育阶段学校教师特设岗位计划、“三支一扶”计划、大学生志愿服务西部计划"",""是否在面试阶段组织专业能力测试"":""否"",""面试人员比例"":""3:1"",""工作地点"":""宁夏回族自治区中卫市海原县"",""落户地点"":""宁夏回族自治区中卫市海原县"",""备注"":""此岗位经常需要独立下乡入户调查；限宁夏户籍或生源；服务期满且考核合格；本单位最低服务年限为5年（含试用期）。"",""部门网站"":""无"",""咨询电话1"":""0951-5677169"",""咨询电话2"":""0951-5677196"",""咨询电话3"":"""",""来源Sheet"":""中央国家行政机关参照公务员法管理事业单位""}}"
"government_jobs","国家公务员2025招考简章","公务员/事业单位技术岗位","宁夏回族自治区固原市西吉县","2026-07-28T09:12:58.310295+00:00","西吉调查队一级科员","国家统计局宁夏调查总队","","宁夏回族自治区固原市西吉县","公务员/事业单位;2025;computer_software;cybersecurity_cryptography;data_ai;仅限本科;学士;经济学类、数学类、统计学类、计算机类（不含物联网工程、数字媒体技术、智能科学与技术、空间信息与数字技术、电影制作、服务科学与工程、虚拟现实技术、区块链工程、密码科学与技术专业）、农业经济管理类;市（地）级及以下直属机构综合管理类","用人司局：国家统计局宁夏调查总队
职位简介：从事一线入户调查、数据处理、统计分析、统计研究等工作。
专业要求：经济学类、数学类、统计学类、计算机类（不含物联网工程、数字媒体技术、智能科学与技术、空间信息与数字技术、电影制作、服务科学与工程、虚拟现实技术、区块链工程、密码科学与技术专业）、农业经济管理类
学历要求：仅限本科
学位要求：学士
政治面貌：不限
基层工作经历：二年
考试类别：市（地）级及以下直属机构综合管理类
备注：此岗位经常需要独立下乡入户调查；限宁夏户籍或生源；服务期满且考核合格；本单位最低服务年限为5年（含试用期）。","https://www.xjhc.gov.cn/xjhc/c116834/202410/a29382e11a674da3be3353af65f9fcc5.shtml#137130-400110130019","2024-10-14","{""dataset_year"":2025,""job_uid"":""GOV-2025-137130-400110130019"",""publisher"":""国家公务员局"",""publication_page"":""https://www.xjhc.gov.cn/xjhc/c116834/202410/a29382e11a674da3be3353af65f9fcc5.shtml"",""attachment_url"":""https://www.xjhc.gov.cn/xjhc/c116834/202410/a29382e11a674da3be3353af65f9fcc5/files/0536cef86e2b46ddad6aae5a3780089e.xls"",""local_source_file"":""2025_guokao_zhaokaojianzhang.xls"",""local_source_sha256"":""07ae6cab368cd21b7a1ac3e8150fe9a3d39ad5171ce76135ff3cccfe50c3e77e"",""source_sheet"":""中央国家行政机关参照公务员法管理事业单位"",""filter_version"":""government_tech_v2"",""tech_filter"":{""is_tech"":true,""is_core_tech"":true,""scope"":""core"",""categories"":[""computer_software"",""cybersecurity_cryptography"",""data_ai""],""matched_fields"":[""major"",""description""],""major_terms"":[""区块链工程"",""密码科学"",""密码科学与技术"",""数字媒体技术"",""智能科学与技术"",""物联网工程"",""空间信息与数字技术"",""虚拟现实技术"",""计算机类""],""role_terms"":[""数据处理""],""reason"":""tech_major_and_role""},""original"":{""部门代码"":""137130"",""部门名称"":""国家统计局宁夏调查总队"",""用人司局"":""国家统计局宁夏调查总队"",""机构性质"":""中央国家行政机关参照公务员法管理事业单位"",""招考职位"":""西吉调查队一级科员"",""职位属性"":""普通职位"",""职位分布"":""西部地区和艰苦边远地区职位"",""职位简介"":""从事一线入户调查、数据处理、统计分析、统计研究等工作。"",""职位代码"":""400110130019"",""机构层级"":""县（区）级及以下"",""考试类别"":""市（地）级及以下直属机构综合管理类"",""招考人数"":""1"",""专业"":""经济学类、数学类、统计学类、计算机类（不含物联网工程、数字媒体技术、智能科学与技术、空间信息与数字技术、电影制作、服务科学与工程、虚拟现实技术、区块链工程、密码科学与技术专业）、农业经济管理类"",""学历"":""仅限本科"",""学位"":""学士"",""政治面貌"":""不限"",""基层工作最低年限"":""二年"",""服务基层项目工作经历"":""大学生村官、农村义务教育阶段学校教师特设岗位计划、“三支一扶”计划、大学生志愿服务西部计划"",""是否在面试阶段组织专业能力测试"":""否"",""面试人员比例"":""3:1"",""工作地点"":""宁夏回族自治区固原市西吉县"",""落户地点"":""宁夏回族自治区固原市西吉县"",""备注"":""此岗位经常需要独立下乡入户调查；限宁夏户籍或生源；服务期满且考核合格；本单位最低服务年限为5年（含试用期）。"",""部门网站"":""无"",""咨询电话1"":""0951-5677169"",""咨询电话2"":""0951-5677196"",""咨询电话3"":"""",""来源Sheet"":""中央国家行政机关参照公务员法管理事业单位""}}"
"government_jobs","国家公务员2025招考简章","公务员/事业单位技术岗位","宁夏回族自治区银川市金凤区","2026-07-28T09:12:58.310295+00:00","银川调查队一级科员","国家统计局宁夏调查总队","","宁夏回族自治区银川市金凤区","公务员/事业单位;2025;computer_software;cybersecurity_cryptography;data_ai;仅限本科;学士;经济学类、数学类、统计学类、计算机类（不含物联网工程、数字媒体技术、智能科学与技术、空间信息与数字技术、电影制作、服务科学与工程、虚拟现实技术、区块链工程、密码科学与技术专业）;市（地）级及以下直属机构综合管理类","用人司局：国家统计局宁夏调查总队
职位简介：从事一线入户调查、数据处理、统计分析、统计研究等工作。
专业要求：经济学类、数学类、统计学类、计算机类（不含物联网工程、数字媒体技术、智能科学与技术、空间信息与数字技术、电影制作、服务科学与工程、虚拟现实技术、区块链工程、密码科学与技术专业）
学历要求：仅限本科
学位要求：学士
政治面貌：不限
基层工作经历：无限制
考试类别：市（地）级及以下直属机构综合管理类
备注：此岗位经常需要独立下乡入户调查；限宁夏户籍或生源；限招应届高校毕业生；全国大学英语四级考试分数达425分以上；本单位最低服务年限为5年（含试用期）。","https://www.xjhc.gov.cn/xjhc/c116834/202410/a29382e11a674da3be3353af65f9fcc5.shtml#137130-400110130020","2024-10-14","{""dataset_year"":2025,""job_uid"":""GOV-2025-137130-400110130020"",""publisher"":""国家公务员局"",""publication_page"":""https://www.xjhc.gov.cn/xjhc/c116834/202410/a29382e11a674da3be3353af65f9fcc5.shtml"",""attachment_url"":""https://www.xjhc.gov.cn/xjhc/c116834/202410/a29382e11a674da3be3353af65f9fcc5/files/0536cef86e2b46ddad6aae5a3780089e.xls"",""local_source_file"":""2025_guokao_zhaokaojianzhang.xls"",""local_source_sha256"":""07ae6cab368cd21b7a1ac3e8150fe9a3d39ad5171ce76135ff3cccfe50c3e77e"",""source_sheet"":""中央国家行政机关参照公务员法管理事业单位"",""filter_version"":""government_tech_v2"",""tech_filter"":{""is_tech"":true,""is_core_tech"":true,""scope"":""core"",""categories"":[""computer_software"",""cybersecurity_cryptography"",""data_ai""],""matched_fields"":[""major"",""description""],""major_terms"":[""区块链工程"",""密码科学"",""密码科学与技术"",""数字媒体技术"",""智能科学与技术"",""物联网工程"",""空间信息与数字技术"",""虚拟现实技术"",""计算机类""],""role_terms"":[""数据处理""],""reason"":""tech_major_and_role""},""original"":{""部门代码"":""137130"",""部门名称"":""国家统计局宁夏调查总队"",""用人司局"":""国家统计局宁夏调查总队"",""机构性质"":""中央国家行政机关参照公务员法管理事业单位"",""招考职位"":""银川调查队一级科员"",""职位属性"":""普通职位"",""职位分布"":""西部地区和艰苦边远地区职位"",""职位简介"":""从事一线入户调查、数据处理、统计分析、统计研究等工作。"",""职位代码"":""400110130020"",""机构层级"":""市（地）级"",""考试类别"":""市（地）级及以下直属机构综合管理类"",""招考人数"":""1"",""专业"":""经济学类、数学类、统计学类、计算机类（不含物联网工程、数字媒体技术、智能科学与技术、空间信息与数字技术、电影制作、服务科学与工程、虚拟现实技术、区块链工程、密码科学与技术专业）"",""学历"":""仅限本科"",""学位"":""学士"",""政治面貌"":""不限"",""基层工作最低年限"":""无限制"",""服务基层项目工作经历"":""无限制"",""是否在面试阶段组织专业能力测试"":""否"",""面试人员比例"":""3:1"",""工作地点"":""宁夏回族自治区银川市金凤区"",""落户地点"":""宁夏回族自治区银川市金凤区"",""备注"":""此岗位经常需要独立下乡入户调查；限宁夏户籍或生源；限招应届高校毕业生；全国大学英语四级考试分数达425分以上；本单位最低服务年限为5年（含试用期）。"",""部门网站"":""无"",""咨询电话1"":""0951-5677169"",""咨询电话2"":""0951-5677196"",""咨询电话3"":"""",""来源Sheet"":""中央国家行政机关参照公务员法管理事业单位""}}"
"government_jobs","国家公务员2025招考简章","公务员/事业单位技术岗位","新疆维吾尔自治区乌鲁木齐市天山区","2026-07-28T09:12:58.310295+00:00","新疆调查总队业务处室一级主任科员及以下（3）","国家统计局新疆调查总队","","新疆维吾尔自治区乌鲁木齐市天山区","公务员/事业单位;2025;computer_software;data_ai;geospatial_remote_sensing;硕士研究生及以上;与最高学历相对应的学位;计算机科学与技术、地理学、测绘科学与技术、遥感科学与技术;中央机关及其省级直属机构综合管理类","用人司局：国家统计局新疆调查总队
职位简介：从事统计调查、数据处理、农业统计遥感测量、统计研究等工作。
专业要求：计算机科学与技术、地理学、测绘科学与技术、遥感科学与技术
学历要求：硕士研究生及以上
学位要求：与最高学历相对应的学位
政治面貌：不限
基层工作经历：无限制
考试类别：中央机关及其省级直属机构综合管理类
备注：本单位最低服务年限为5年（含试用期）。","https://www.xjhc.gov.cn/xjhc/c116834/202410/a29382e11a674da3be3353af65f9fcc5.shtml#137131-400110131003","2024-10-14","{""dataset_year"":2025,""job_uid"":""GOV-2025-137131-400110131003"",""publisher"":""国家公务员局"",""publication_page"":""https://www.xjhc.gov.cn/xjhc/c116834/202410/a29382e11a674da3be3353af65f9fcc5.shtml"",""attachment_url"":""https://www.xjhc.gov.cn/xjhc/c116834/202410/a29382e11a674da3be3353af65f9fcc5/files/0536cef86e2b46ddad6aae5a3780089e.xls"",""local_source_file"":""2025_guokao_zhaokaojianzhang.xls"",""local_source_sha256"":""07ae6cab368cd21b7a1ac3e8150fe9a3d39ad5171ce76135ff3cccfe50c3e77e"",""source_sheet"":""中央国家行政机关参照公务员法管理事业单位"",""filter_version"":""government_tech_v2"",""tech_filter"":{""is_tech"":true,""is_core_tech"":true,""scope"":""core"",""categories"":[""computer_software"",""data_ai"",""geospatial_remote_sensing""],""matched_fields"":[""major"",""description""],""major_terms"":[""测绘科学与技术"",""计算机科学与技术"",""遥感科学与技术""],""role_terms"":[""数据处理""],""reason"":""tech_major_and_role""},""original"":{""部门代码"":""137131"",""部门名称"":""国家统计局新疆调查总队"",""用人司局"":""国家统计局新疆调查总队"",""机构性质"":""中央国家行政机关参照公务员法管理事业单位"",""招考职位"":""新疆调查总队业务处室一级主任科员及以下（3）"",""职位属性"":""普通职位"",""职位分布"":""其他职位"",""职位简介"":""从事统计调查、数据处理、农业统计遥感测量、统计研究等工作。"",""职位代码"":""400110131003"",""机构层级"":""省（副省）级"",""考试类别"":""中央机关及其省级直属机构综合管理类"",""招考人数"":""2"",""专业"":""计算机科学与技术、地理学、测绘科学与技术、遥感科学与技术"",""学历"":""硕士研究生及以上"",""学位"":""与最高学历相对应的学位"",""政治面貌"":""不限"",""基层工作最低年限"":""无限制"",""服务基层项目工作经历"":""无限制"",""是否在面试阶段组织专业能力测试"":""否"",""面试人员比例"":""5:1"",""工作地点"":""新疆维吾尔自治区乌鲁木齐市天山区"",""落户地点"":""新疆维吾尔自治区乌鲁木齐市天山区"",""备注"":""本单位最低服务年限为5年（含试用期）。"",""部门网站"":""www.xjso.gov.cn"",""咨询电话1"":""0991-2691712"",""咨询电话2"":"""",""咨询电话3"":"""",""来源Sheet"":""中央国家行政机关参照公务员法管理事业单位""}}"
"government_jobs","国家公务员2025招考简章","公务员/事业单位技术岗位","新疆维吾尔自治区克拉玛依市克拉玛依区","2026-07-28T09:12:58.310295+00:00","克拉玛依调查队业务科室一级科员","国家统计局新疆调查总队","","新疆维吾尔自治区克拉玛依市克拉玛依区","公务员/事业单位;2025;computer_software;data_ai;仅限本科;学士;经济学类、统计学类、数学类、计算机类、会计学、财务管理;市（地）级及以下直属机构综合管理类","用人司局：国家统计局新疆调查总队
职位简介：从事统计调查、数据处理、统计分析、统计研究等工作。
专业要求：经济学类、统计学类、数学类、计算机类、会计学、财务管理
学历要求：仅限本科
学位要求：学士
政治面貌：不限
基层工作经历：无限制
考试类别：市（地）级及以下直属机构综合管理类
备注：1.本单位最低服务年限为5年（含试用期）；2.限招应届高校毕业生。","https://www.xjhc.gov.cn/xjhc/c116834/202410/a29382e11a674da3be3353af65f9fcc5.shtml#137131-400110131007","2024-10-14","{""dataset_year"":2025,""job_uid"":""GOV-2025-137131-400110131007"",""publisher"":""国家公务员局"",""publication_page"":""https://www.xjhc.gov.cn/xjhc/c116834/202410/a29382e11a674da3be3353af65f9fcc5.shtml"",""attachment_url"":""https://www.xjhc.gov.cn/xjhc/c116834/202410/a29382e11a674da3be3353af65f9fcc5/files/0536cef86e2b46ddad6aae5a3780089e.xls"",""local_source_file"":""2025_guokao_zhaokaojianzhang.xls"",""local_source_sha256"":""07ae6cab368cd21b7a1ac3e8150fe9a3d39ad5171ce76135ff3cccfe50c3e77e"",""source_sheet"":""中央国家行政机关参照公务员法管理事业单位"",""filter_version"":""government_tech_v2"",""tech_filter"":{""is_tech"":true,""is_core_tech"":true,""scope"":""core"",""categories"":[""computer_software"",""data_ai""],""matched_fields"":[""major"",""description""],""major_terms"":[""计算机类""],""role_terms"":[""数据处理""],""reason"":""tech_major_and_role""},""original"":{""部门代码"":""137131"",""部门名称"":""国家统计局新疆调查总队"",""用人司局"":""国家统计局新疆调查总队"",""机构性质"":""中央国家行政机关参照公务员法管理事业单位"",""招考职位"":""克拉玛依调查队业务科室一级科员"",""职位属性"":""普通职位"",""职位分布"":""西部地区和艰苦边远地区职位"",""职位简介"":""从事统计调查、数据处理、统计分析、统计研究等工作。"",""职位代码"":""400110131007"",""机构层级"":""市（地）级"",""考试类别"":""市（地）级及以下直属机构综合管理类"",""招考人数"":""1"",""专业"":""经济学类、统计学类、数学类、计算机类、会计学、财务管理"",""学历"":""仅限本科"",""学位"":""学士"",""政治面貌"":""不限"",""基层工作最低年限"":""无限制"",""服务基层项目工作经历"":""无限制"",""是否在面试阶段组织专业能力测试"":""否"",""面试人员比例"":""3:1"",""工作地点"":""新疆维吾尔自治区克拉玛依市克拉玛依区"",""落户地点"":""新疆维吾尔自治区克拉玛依市克拉玛依区"",""备注"":""1.本单位最低服务年限为5年（含试用期）；2.限招应届高校毕业生。"",""部门网站"":""www.xjso.gov.cn"",""咨询电话1"":""0991-2691712"",""咨询电话2"":"""",""咨询电话3"":"""",""来源Sheet"":""中央国家行政机关参照公务员法管理事业单位""}}"
"government_jobs","国家公务员2025招考简章","公务员/事业单位技术岗位","新疆维吾尔自治区吐鲁番市高昌区","2026-07-28T09:12:58.310295+00:00","吐鲁番调查队业务科室四级主任科员及以下（2）","国家统计局新疆调查总队","","新疆维吾尔自治区吐鲁番市高昌区","公务员/事业单位;2025;computer_software;data_ai;本科及以上;与最高学历相对应的学位;统计学类、数学类、计算机类;市（地）级及以下直属机构综合管理类","用人司局：国家统计局新疆调查总队
职位简介：从事统计调查、数据处理、统计分析、统计研究等工作。
专业要求：统计学类、数学类、计算机类
学历要求：本科及以上
学位要求：与最高学历相对应的学位
政治面貌：不限
基层工作经历：无限制
考试类别：市（地）级及以下直属机构综合管理类
备注：本单位最低服务年限为5年（含试用期）。","https://www.xjhc.gov.cn/xjhc/c116834/202410/a29382e11a674da3be3353af65f9fcc5.shtml#137131-400110131009","2024-10-14","{""dataset_year"":2025,""job_uid"":""GOV-2025-137131-400110131009"",""publisher"":""国家公务员局"",""publication_page"":""https://www.xjhc.gov.cn/xjhc/c116834/202410/a29382e11a674da3be3353af65f9fcc5.shtml"",""attachment_url"":""https://www.xjhc.gov.cn/xjhc/c116834/202410/a29382e11a674da3be3353af65f9fcc5/files/0536cef86e2b46ddad6aae5a3780089e.xls"",""local_source_file"":""2025_guokao_zhaokaojianzhang.xls"",""local_source_sha256"":""07ae6cab368cd21b7a1ac3e8150fe9a3d39ad5171ce76135ff3cccfe50c3e77e"",""source_sheet"":""中央国家行政机关参照公务员法管理事业单位"",""filter_version"":""government_tech_v2"",""tech_filter"":{""is_tech"":true,""is_core_tech"":true,""scope"":""core"",""categories"":[""computer_software"",""data_ai""],""matched_fields"":[""major"",""description""],""major_terms"":[""计算机类""],""role_terms"":[""数据处理""],""reason"":""tech_major_and_role""},""original"":{""部门代码"":""137131"",""部门名称"":""国家统计局新疆调查总队"",""用人司局"":""国家统计局新疆调查总队"",""机构性质"":""中央国家行政机关参照公务员法管理事业单位"",""招考职位"":""吐鲁番调查队业务科室四级主任科员及以下（2）"",""职位属性"":""普通职位"",""职位分布"":""西部地区和艰苦边远地区职位"",""职位简介"":""从事统计调查、数据处理、统计分析、统计研究等工作。"",""职位代码"":""400110131009"",""机构层级"":""市（地）级"",""考试类别"":""市（地）级及以下直属机构综合管理类"",""招考人数"":""1"",""专业"":""统计学类、数学类、计算机类"",""学历"":""本科及以上"",""学位"":""与最高学历相对应的学位"",""政治面貌"":""不限"",""基层工作最低年限"":""无限制"",""服务基层项目工作经历"":""无限制"",""是否在面试阶段组织专业能力测试"":""否"",""面试人员比例"":""3:1"",""工作地点"":""新疆维吾尔自治区吐鲁番市高昌区"",""落户地点"":""新疆维吾尔自治区吐鲁番市高昌区"",""备注"":""本单位最低服务年限为5年（含试用期）。"",""部门网站"":""www.xjso.gov.cn"",""咨询电话1"":""0991-2691712"",""咨询电话2"":"""",""咨询电话3"":"""",""来源Sheet"":""中央国家行政机关参照公务员法管理事业单位""}}"
"government_jobs","国家公务员2025招考简章","公务员/事业单位技术岗位","新疆维吾尔自治区昌吉回族自治州昌吉市","2026-07-28T09:12:58.310295+00:00","昌吉调查队业务科室一级科员","国家统计局新疆调查总队","","新疆维吾尔自治区昌吉回族自治州昌吉市","公务员/事业单位;2025;computer_software;data_ai;仅限本科;学士;统计学类、计算机类;市（地）级及以下直属机构综合管理类","用人司局：国家统计局新疆调查总队
职位简介：从事统计调查、数据处理、统计分析、统计研究等工作。
专业要求：统计学类、计算机类
学历要求：仅限本科
学位要求：学士
政治面貌：不限
基层工作经历：无限制
考试类别：市（地）级及以下直属机构综合管理类
备注：本单位最低服务年限为5年（含试用期）。","https://www.xjhc.gov.cn/xjhc/c116834/202410/a29382e11a674da3be3353af65f9fcc5.shtml#137131-400110131010","2024-10-14","{""dataset_year"":2025,""job_uid"":""GOV-2025-137131-400110131010"",""publisher"":""国家公务员局"",""publication_page"":""https://www.xjhc.gov.cn/xjhc/c116834/202410/a29382e11a674da3be3353af65f9fcc5.shtml"",""attachment_url"":""https://www.xjhc.gov.cn/xjhc/c116834/202410/a29382e11a674da3be3353af65f9fcc5/files/0536cef86e2b46ddad6aae5a3780089e.xls"",""local_source_file"":""2025_guokao_zhaokaojianzhang.xls"",""local_source_sha256"":""07ae6cab368cd21b7a1ac3e8150fe9a3d39ad5171ce76135ff3cccfe50c3e77e"",""source_sheet"":""中央国家行政机关参照公务员法管理事业单位"",""filter_version"":""government_tech_v2"",""tech_filter"":{""is_tech"":true,""is_core_tech"":true,""scope"":""core"",""categories"":[""computer_software"",""data_ai""],""matched_fields"":[""major"",""description""],""major_terms"":[""计算机类""],""role_terms"":[""数据处理""],""reason"":""tech_major_and_role""},""original"":{""部门代码"":""137131"",""部门名称"":""国家统计局新疆调查总队"",""用人司局"":""国家统计局新疆调查总队"",""机构性质"":""中央国家行政机关参照公务员法管理事业单位"",""招考职位"":""昌吉调查队业务科室一级科员"",""职位属性"":""普通职位"",""职位分布"":""西部地区和艰苦边远地区职位"",""职位简介"":""从事统计调查、数据处理、统计分析、统计研究等工作。"",""职位代码"":""400110131010"",""机构层级"":""市（地）级"",""考试类别"":""市（地）级及以下直属机构综合管理类"",""招考人数"":""1"",""专业"":""统计学类、计算机类"",""学历"":""仅限本科"",""学位"":""学士"",""政治面貌"":""不限"",""基层工作最低年限"":""无限制"",""服务基层项目工作经历"":""无限制"",""是否在面试阶段组织专业能力测试"":""否"",""面试人员比例"":""3:1"",""工作地点"":""新疆维吾尔自治区昌吉回族自治州昌吉市"",""落户地点"":""新疆维吾尔自治区昌吉回族自治州昌吉市"",""备注"":""本单位最低服务年限为5年（含试用期）。"",""部门网站"":""www.xjso.gov.cn"",""咨询电话1"":""0991-2691712"",""咨询电话2"":"""",""咨询电话3"":"""",""来源Sheet"":""中央国家行政机关参照公务员法管理事业单位""}}"
"government_jobs","国家公务员2025招考简章","公务员/事业单位技术岗位","新疆维吾尔自治区克孜勒苏柯尔克孜自治州阿图什市","2026-07-28T09:12:58.310295+00:00","克孜勒苏调查队业务科室四级主任科员及以下（2）","国家统计局新疆调查总队","","新疆维吾尔自治区克孜勒苏柯尔克孜自治州阿图什市","公务员/事业单位;2025;computer_software;data_ai;本科及以上;与最高学历相对应的学位;统计学类、数学类、计算机类、会计学、财务管理;市（地）级及以下直属机构综合管理类","用人司局：国家统计局新疆调查总队
职位简介：从事统计调查、数据处理、统计分析、统计研究等工作。
专业要求：统计学类、数学类、计算机类、会计学、财务管理
学历要求：本科及以上
学位要求：与最高学历相对应的学位
政治面貌：不限
基层工作经历：无限制
考试类别：市（地）级及以下直属机构综合管理类
备注：1.本单位最低服务年限为5年（含试用期）；2.限招应届高校毕业生。","https://www.xjhc.gov.cn/xjhc/c116834/202410/a29382e11a674da3be3353af65f9fcc5.shtml#137131-400110131012","2024-10-14","{""dataset_year"":2025,""job_uid"":""GOV-2025-137131-400110131012"",""publisher"":""国家公务员局"",""publication_page"":""https://www.xjhc.gov.cn/xjhc/c116834/202410/a29382e11a674da3be3353af65f9fcc5.shtml"",""attachment_url"":""https://www.xjhc.gov.cn/xjhc/c116834/202410/a29382e11a674da3be3353af65f9fcc5/files/0536cef86e2b46ddad6aae5a3780089e.xls"",""local_source_file"":""2025_guokao_zhaokaojianzhang.xls"",""local_source_sha256"":""07ae6cab368cd21b7a1ac3e8150fe9a3d39ad5171ce76135ff3cccfe50c3e77e"",""source_sheet"":""中央国家行政机关参照公务员法管理事业单位"",""filter_version"":""government_tech_v2"",""tech_filter"":{""is_tech"":true,""is_core_tech"":true,""scope"":""core"",""categories"":[""computer_software"",""data_ai""],""matched_fields"":[""major"",""description""],""major_terms"":[""计算机类""],""role_terms"":[""数据处理""],""reason"":""tech_major_and_role""},""original"":{""部门代码"":""137131"",""部门名称"":""国家统计局新疆调查总队"",""用人司局"":""国家统计局新疆调查总队"",""机构性质"":""中央国家行政机关参照公务员法管理事业单位"",""招考职位"":""克孜勒苏调查队业务科室四级主任科员及以下（2）"",""职位属性"":""普通职位"",""职位分布"":""西部地区和艰苦边远地区职位"",""职位简介"":""从事统计调查、数据处理、统计分析、统计研究等工作。"",""职位代码"":""400110131012"",""机构层级"":""市（地）级"",""考试类别"":""市（地）级及以下直属机构综合管理类"",""招考人数"":""1"",""专业"":""统计学类、数学类、计算机类、会计学、财务管理"",""学历"":""本科及以上"",""学位"":""与最高学历相对应的学位"",""政治面貌"":""不限"",""基层工作最低年限"":""无限制"",""服务基层项目工作经历"":""无限制"",""是否在面试阶段组织专业能力测试"":""否"",""面试人员比例"":""3:1"",""工作地点"":""新疆维吾尔自治区克孜勒苏柯尔克孜自治州阿图什市"",""落户地点"":""新疆维吾尔自治区克孜勒苏柯尔克孜自治州阿图什市"",""备注"":""1.本单位最低服务年限为5年（含试用期）；2.限招应届高校毕业生。"",""部门网站"":""www.xjso.gov.cn"",""咨询电话1"":""0991-2691712"",""咨询电话2"":"""",""咨询电话3"":"""",""来源Sheet"":""中央国家行政机关参照公务员法管理事业单位""}}"
"government_jobs","国家公务员2025招考简章","公务员/事业单位技术岗位","新疆维吾尔自治区伊犁哈萨克自治州伊宁市","2026-07-28T09:12:58.310295+00:00","伊犁调查队一级科员（1）","国家统计局新疆调查总队","","新疆维吾尔自治区伊犁哈萨克自治州伊宁市","公务员/事业单位;2025;computer_software;data_ai;仅限本科;学士;经济学类、统计学类、数学类、计算机类、会计学、财务管理;市（地）级及以下直属机构综合管理类","用人司局：国家统计局新疆调查总队
职位简介：从事统计调查、数据处理、统计分析、统计研究等工作。
专业要求：经济学类、统计学类、数学类、计算机类、会计学、财务管理
学历要求：仅限本科
学位要求：学士
政治面貌：不限
基层工作经历：一年
考试类别：市（地）级及以下直属机构综合管理类
备注：1.本单位最低服务年限为5年（含试用期）；2.本职位定向招录服务期满、考核合格的服务基层项目人员和在军队服役5年（含）以上的高校毕业生退役士兵。","https://www.xjhc.gov.cn/xjhc/c116834/202410/a29382e11a674da3be3353af65f9fcc5.shtml#137131-400110131013","2024-10-14","{""dataset_year"":2025,""job_uid"":""GOV-2025-137131-400110131013"",""publisher"":""国家公务员局"",""publication_page"":""https://www.xjhc.gov.cn/xjhc/c116834/202410/a29382e11a674da3be3353af65f9fcc5.shtml"",""attachment_url"":""https://www.xjhc.gov.cn/xjhc/c116834/202410/a29382e11a674da3be3353af65f9fcc5/files/0536cef86e2b46ddad6aae5a3780089e.xls"",""local_source_file"":""2025_guokao_zhaokaojianzhang.xls"",""local_source_sha256"":""07ae6cab368cd21b7a1ac3e8150fe9a3d39ad5171ce76135ff3cccfe50c3e77e"",""source_sheet"":""中央国家行政机关参照公务员法管理事业单位"",""filter_version"":""government_tech_v2"",""tech_filter"":{""is_tech"":true,""is_core_tech"":true,""scope"":""core"",""categories"":[""computer_software"",""data_ai""],""matched_fields"":[""major"",""description""],""major_terms"":[""计算机类""],""role_terms"":[""数据处理""],""reason"":""tech_major_and_role""},""original"":{""部门代码"":""137131"",""部门名称"":""国家统计局新疆调查总队"",""用人司局"":""国家统计局新疆调查总队"",""机构性质"":""中央国家行政机关参照公务员法管理事业单位"",""招考职位"":""伊犁调查队一级科员（1）"",""职位属性"":""普通职位"",""职位分布"":""西部地区和艰苦边远地区职位"",""职位简介"":""从事统计调查、数据处理、统计分析、统计研究等工作。"",""职位代码"":""400110131013"",""机构层级"":""市（地）级"",""考试类别"":""市（地）级及以下直属机构综合管理类"",""招考人数"":""1"",""专业"":""经济学类、统计学类、数学类、计算机类、会计学、财务管理"",""学历"":""仅限本科"",""学位"":""学士"",""政治面貌"":""不限"",""基层工作最低年限"":""一年"",""服务基层项目工作经历"":""大学生村官、农村义务教育阶段学校教师特设岗位计划、“三支一扶”计划、大学生志愿服务西部计划、在军队服役5年（含）以上的高校毕业生退役士兵"",""是否在面试阶段组织专业能力测试"":""否"",""面试人员比例"":""3:1"",""工作地点"":""新疆维吾尔自治区伊犁哈萨克自治州伊宁市"",""落户地点"":""新疆维吾尔自治区伊犁哈萨克自治州伊宁市"",""备注"":""1.本单位最低服务年限为5年（含试用期）；2.本职位定向招录服务期满、考核合格的服务基层项目人员和在军队服役5年（含）以上的高校毕业生退役士兵。"",""部门网站"":""www.xjso.gov.cn"",""咨询电话1"":""0991-2691712"",""咨询电话2"":"""",""咨询电话3"":"""",""来源Sheet"":""中央国家行政机关参照公务员法管理事业单位""}}"
"government_jobs","国家公务员2025招考简章","公务员/事业单位技术岗位","新疆维吾尔自治区伊犁哈萨克自治州伊宁市","2026-07-28T09:12:58.310295+00:00","伊犁调查队一级科员（2）","国家统计局新疆调查总队","","新疆维吾尔自治区伊犁哈萨克自治州伊宁市","公务员/事业单位;2025;computer_software;data_ai;仅限本科;学士;经济学类、统计学类、数学类、计算机类、会计学、财务管理;市（地）级及以下直属机构综合管理类","用人司局：国家统计局新疆调查总队
职位简介：从事统计调查、数据处理、统计分析、统计研究等工作。
专业要求：经济学类、统计学类、数学类、计算机类、会计学、财务管理
学历要求：仅限本科
学位要求：学士
政治面貌：不限
基层工作经历：无限制
考试类别：市（地）级及以下直属机构综合管理类
备注：1.本单位最低服务年限为5年（含试用期）；2.本职位限新疆当地户籍或生源报考（限伊犁哈萨克自治州户籍或生源）。","https://www.xjhc.gov.cn/xjhc/c116834/202410/a29382e11a674da3be3353af65f9fcc5.shtml#137131-400110131014","2024-10-14","{""dataset_year"":2025,""job_uid"":""GOV-2025-137131-400110131014"",""publisher"":""国家公务员局"",""publication_page"":""https://www.xjhc.gov.cn/xjhc/c116834/202410/a29382e11a674da3be3353af65f9fcc5.shtml"",""attachment_url"":""https://www.xjhc.gov.cn/xjhc/c116834/202410/a29382e11a674da3be3353af65f9fcc5/files/0536cef86e2b46ddad6aae5a3780089e.xls"",""local_source_file"":""2025_guokao_zhaokaojianzhang.xls"",""local_source_sha256"":""07ae6cab368cd21b7a1ac3e8150fe9a3d39ad5171ce76135ff3cccfe50c3e77e"",""source_sheet"":""中央国家行政机关参照公务员法管理事业单位"",""filter_version"":""government_tech_v2"",""tech_filter"":{""is_tech"":true,""is_core_tech"":true,""scope"":""core"",""categories"":[""computer_software"",""data_ai""],""matched_fields"":[""major"",""description""],""major_terms"":[""计算机类""],""role_terms"":[""数据处理""],""reason"":""tech_major_and_role""},""original"":{""部门代码"":""137131"",""部门名称"":""国家统计局新疆调查总队"",""用人司局"":""国家统计局新疆调查总队"",""机构性质"":""中央国家行政机关参照公务员法管理事业单位"",""招考职位"":""伊犁调查队一级科员（2）"",""职位属性"":""普通职位"",""职位分布"":""西部地区和艰苦边远地区职位"",""职位简介"":""从事统计调查、数据处理、统计分析、统计研究等工作。"",""职位代码"":""400110131014"",""机构层级"":""市（地）级"",""考试类别"":""市（地）级及以下直属机构综合管理类"",""招考人数"":""2"",""专业"":""经济学类、统计学类、数学类、计算机类、会计学、财务管理"",""学历"":""仅限本科"",""学位"":""学士"",""政治面貌"":""不限"",""基层工作最低年限"":""无限制"",""服务基层项目工作经历"":""无限制"",""是否在面试阶段组织专业能力测试"":""否"",""面试人员比例"":""3:1"",""工作地点"":""新疆维吾尔自治区伊犁哈萨克自治州伊宁市"",""落户地点"":""新疆维吾尔自治区伊犁哈萨克自治州伊宁市"",""备注"":""1.本单位最低服务年限为5年（含试用期）；2.本职位限新疆当地户籍或生源报考（限伊犁哈萨克自治州户籍或生源）。"",""部门网站"":""www.xjso.gov.cn"",""咨询电话1"":""0991-2691712"",""咨询电话2"":"""",""咨询电话3"":"""",""来源Sheet"":""中央国家行政机关参照公务员法管理事业单位""}}"
"government_jobs","国家公务员2025招考简章","公务员/事业单位技术岗位","新疆维吾尔自治区巴音郭楞蒙古自治州和静县","2026-07-28T09:12:58.310295+00:00","和静调查队一级科员","国家统计局新疆调查总队","","新疆维吾尔自治区巴音郭楞蒙古自治州和静县","公务员/事业单位;2025;computer_software;data_ai;仅限本科;学士;经济学类、统计学类、数学类、计算机类、会计学、财务管理;市（地）级及以下直属机构综合管理类","用人司局：国家统计局新疆调查总队
职位简介：从事一线入户调查、数据处理、统计分析、统计研究等工作。
专业要求：经济学类、统计学类、数学类、计算机类、会计学、财务管理
学历要求：仅限本科
学位要求：学士
政治面貌：不限
基层工作经历：无限制
考试类别：市（地）级及以下直属机构综合管理类
备注：1.本单位最低服务年限为5年（含试用期）；2.本职位限新疆当地户籍或生源报考（限巴音郭楞蒙古自治州户籍或生源）。","https://www.xjhc.gov.cn/xjhc/c116834/202410/a29382e11a674da3be3353af65f9fcc5.shtml#137131-400110131016","2024-10-14","{""dataset_year"":2025,""job_uid"":""GOV-2025-137131-400110131016"",""publisher"":""国家公务员局"",""publication_page"":""https://www.xjhc.gov.cn/xjhc/c116834/202410/a29382e11a674da3be3353af65f9fcc5.shtml"",""attachment_url"":""https://www.xjhc.gov.cn/xjhc/c116834/202410/a29382e11a674da3be3353af65f9fcc5/files/0536cef86e2b46ddad6aae5a3780089e.xls"",""local_source_file"":""2025_guokao_zhaokaojianzhang.xls"",""local_source_sha256"":""07ae6cab368cd21b7a1ac3e8150fe9a3d39ad5171ce76135ff3cccfe50c3e77e"",""source_sheet"":""中央国家行政机关参照公务员法管理事业单位"",""filter_version"":""government_tech_v2"",""tech_filter"":{""is_tech"":true,""is_core_tech"":true,""scope"":""core"",""categories"":[""computer_software"",""data_ai""],""matched_fields"":[""major"",""description""],""major_terms"":[""计算机类""],""role_terms"":[""数据处理""],""reason"":""tech_major_and_role""},""original"":{""部门代码"":""137131"",""部门名称"":""国家统计局新疆调查总队"",""用人司局"":""国家统计局新疆调查总队"",""机构性质"":""中央国家行政机关参照公务员法管理事业单位"",""招考职位"":""和静调查队一级科员"",""职位属性"":""普通职位"",""职位分布"":""西部地区和艰苦边远地区职位"",""职位简介"":""从事一线入户调查、数据处理、统计分析、统计研究等工作。"",""职位代码"":""400110131016"",""机构层级"":""县（区）级及以下"",""考试类别"":""市（地）级及以下直属机构综合管理类"",""招考人数"":""1"",""专业"":""经济学类、统计学类、数学类、计算机类、会计学、财务管理"",""学历"":""仅限本科"",""学位"":""学士"",""政治面貌"":""不限"",""基层工作最低年限"":""无限制"",""服务基层项目工作经历"":""无限制"",""是否在面试阶段组织专业能力测试"":""否"",""面试人员比例"":""3:1"",""工作地点"":""新疆维吾尔自治区巴音郭楞蒙古自治州和静县"",""落户地点"":""新疆维吾尔自治区巴音郭楞蒙古自治州和静县"",""备注"":""1.本单位最低服务年限为5年（含试用期）；2.本职位限新疆当地户籍或生源报考（限巴音郭楞蒙古自治州户籍或生源）。"",""部门网站"":""www.xjso.gov.cn"",""咨询电话1"":""0991-2691712"",""咨询电话2"":"""",""咨询电话3"":"""",""来源Sheet"":""中央国家行政机关参照公务员法管理事业单位""}}"
"government_jobs","国家公务员2025招考简章","公务员/事业单位技术岗位","新疆维吾尔自治区昌吉回族自治州阜康市","2026-07-28T09:12:58.310295+00:00","阜康调查队一级科员","国家统计局新疆调查总队","","新疆维吾尔自治区昌吉回族自治州阜康市","公务员/事业单位;2025;computer_software;data_ai;仅限本科;学士;经济学类、统计学类、数学类、计算机类、会计学、财务管理;市（地）级及以下直属机构综合管理类","用人司局：国家统计局新疆调查总队
职位简介：从事一线入户调查、数据处理、统计分析、统计研究等工作。
专业要求：经济学类、统计学类、数学类、计算机类、会计学、财务管理
学历要求：仅限本科
学位要求：学士
政治面貌：中共党员
基层工作经历：无限制
考试类别：市（地）级及以下直属机构综合管理类
备注：本单位最低服务年限为5年（含试用期）。","https://www.xjhc.gov.cn/xjhc/c116834/202410/a29382e11a674da3be3353af65f9fcc5.shtml#137131-400110131017","2024-10-14","{""dataset_year"":2025,""job_uid"":""GOV-2025-137131-400110131017"",""publisher"":""国家公务员局"",""publication_page"":""https://www.xjhc.gov.cn/xjhc/c116834/202410/a29382e11a674da3be3353af65f9fcc5.shtml"",""attachment_url"":""https://www.xjhc.gov.cn/xjhc/c116834/202410/a29382e11a674da3be3353af65f9fcc5/files/0536cef86e2b46ddad6aae5a3780089e.xls"",""local_source_file"":""2025_guokao_zhaokaojianzhang.xls"",""local_source_sha256"":""07ae6cab368cd21b7a1ac3e8150fe9a3d39ad5171ce76135ff3cccfe50c3e77e"",""source_sheet"":""中央国家行政机关参照公务员法管理事业单位"",""filter_version"":""government_tech_v2"",""tech_filter"":{""is_tech"":true,""is_core_tech"":true,""scope"":""core"",""categories"":[""computer_software"",""data_ai""],""matched_fields"":[""major"",""description""],""major_terms"":[""计算机类""],""role_terms"":[""数据处理""],""reason"":""tech_major_and_role""},""original"":{""部门代码"":""137131"",""部门名称"":""国家统计局新疆调查总队"",""用人司局"":""国家统计局新疆调查总队"",""机构性质"":""中央国家行政机关参照公务员法管理事业单位"",""招考职位"":""阜康调查队一级科员"",""职位属性"":""普通职位"",""职位分布"":""西部地区和艰苦边远地区职位"",""职位简介"":""从事一线入户调查、数据处理、统计分析、统计研究等工作。"",""职位代码"":""400110131017"",""机构层级"":""县（区）级及以下"",""考试类别"":""市（地）级及以下直属机构综合管理类"",""招考人数"":""1"",""专业"":""经济学类、统计学类、数学类、计算机类、会计学、财务管理"",""学历"":""仅限本科"",""学位"":""学士"",""政治面貌"":""中共党员"",""基层工作最低年限"":""无限制"",""服务基层项目工作经历"":""无限制"",""是否在面试阶段组织专业能力测试"":""否"",""面试人员比例"":""3:1"",""工作地点"":""新疆维吾尔自治区昌吉回族自治州阜康市"",""落户地点"":""新疆维吾尔自治区昌吉回族自治州阜康市"",""备注"":""本单位最低服务年限为5年（含试用期）。"",""部门网站"":""www.xjso.gov.cn"",""咨询电话1"":""0991-2691712"",""咨询电话2"":"""",""咨询电话3"":"""",""来源Sheet"":""中央国家行政机关参照公务员法管理事业单位""}}"
"government_jobs","国家公务员2025招考简章","公务员/事业单位技术岗位","新疆维吾尔自治区昌吉回族自治州奇台县","2026-07-28T09:12:58.310295+00:00","奇台调查队一级科员","国家统计局新疆调查总队","","新疆维吾尔自治区昌吉回族自治州奇台县","公务员/事业单位;2025;computer_software;data_ai;仅限本科;学士;统计学类、数学类、计算机类;市（地）级及以下直属机构综合管理类","用人司局：国家统计局新疆调查总队
职位简介：从事一线入户调查、数据处理、统计分析、统计研究等工作。
专业要求：统计学类、数学类、计算机类
学历要求：仅限本科
学位要求：学士
政治面貌：不限
基层工作经历：无限制
考试类别：市（地）级及以下直属机构综合管理类
备注：本单位最低服务年限为5年（含试用期）。","https://www.xjhc.gov.cn/xjhc/c116834/202410/a29382e11a674da3be3353af65f9fcc5.shtml#137131-400110131019","2024-10-14","{""dataset_year"":2025,""job_uid"":""GOV-2025-137131-400110131019"",""publisher"":""国家公务员局"",""publication_page"":""https://www.xjhc.gov.cn/xjhc/c116834/202410/a29382e11a674da3be3353af65f9fcc5.shtml"",""attachment_url"":""https://www.xjhc.gov.cn/xjhc/c116834/202410/a29382e11a674da3be3353af65f9fcc5/files/0536cef86e2b46ddad6aae5a3780089e.xls"",""local_source_file"":""2025_guokao_zhaokaojianzhang.xls"",""local_source_sha256"":""07ae6cab368cd21b7a1ac3e8150fe9a3d39ad5171ce76135ff3cccfe50c3e77e"",""source_sheet"":""中央国家行政机关参照公务员法管理事业单位"",""filter_version"":""government_tech_v2"",""tech_filter"":{""is_tech"":true,""is_core_tech"":true,""scope"":""core"",""categories"":[""computer_software"",""data_ai""],""matched_fields"":[""major"",""description""],""major_terms"":[""计算机类""],""role_terms"":[""数据处理""],""reason"":""tech_major_and_role""},""original"":{""部门代码"":""137131"",""部门名称"":""国家统计局新疆调查总队"",""用人司局"":""国家统计局新疆调查总队"",""机构性质"":""中央国家行政机关参照公务员法管理事业单位"",""招考职位"":""奇台调查队一级科员"",""职位属性"":""普通职位"",""职位分布"":""西部地区和艰苦边远地区职位"",""职位简介"":""从事一线入户调查、数据处理、统计分析、统计研究等工作。"",""职位代码"":""400110131019"",""机构层级"":""县（区）级及以下"",""考试类别"":""市（地）级及以下直属机构综合管理类"",""招考人数"":""1"",""专业"":""统计学类、数学类、计算机类"",""学历"":""仅限本科"",""学位"":""学士"",""政治面貌"":""不限"",""基层工作最低年限"":""无限制"",""服务基层项目工作经历"":""无限制"",""是否在面试阶段组织专业能力测试"":""否"",""面试人员比例"":""3:1"",""工作地点"":""新疆维吾尔自治区昌吉回族自治州奇台县"",""落户地点"":""新疆维吾尔自治区昌吉回族自治州奇台县"",""备注"":""本单位最低服务年限为5年（含试用期）。"",""部门网站"":""www.xjso.gov.cn"",""咨询电话1"":""0991-2691712"",""咨询电话2"":"""",""咨询电话3"":"""",""来源Sheet"":""中央国家行政机关参照公务员法管理事业单位""}}"
"government_jobs","国家公务员2025招考简章","公务员/事业单位技术岗位","新疆维吾尔自治区巴音郭楞蒙古自治州焉耆回族自治县","2026-07-28T09:12:58.310295+00:00","焉耆调查队一级科员","国家统计局新疆调查总队","","新疆维吾尔自治区巴音郭楞蒙古自治州焉耆回族自治县","公务员/事业单位;2025;computer_software;data_ai;仅限本科;学士;经济学类、统计学类、计算机类、会计学、财务管理;市（地）级及以下直属机构综合管理类","用人司局：国家统计局新疆调查总队
职位简介：从事一线入户调查、数据处理、统计分析、统计研究等工作。
专业要求：经济学类、统计学类、计算机类、会计学、财务管理
学历要求：仅限本科
学位要求：学士
政治面貌：不限
基层工作经历：无限制
考试类别：市（地）级及以下直属机构综合管理类
备注：本单位最低服务年限为5年（含试用期）。","https://www.xjhc.gov.cn/xjhc/c116834/202410/a29382e11a674da3be3353af65f9fcc5.shtml#137131-400110131020","2024-10-14","{""dataset_year"":2025,""job_uid"":""GOV-2025-137131-400110131020"",""publisher"":""国家公务员局"",""publication_page"":""https://www.xjhc.gov.cn/xjhc/c116834/202410/a29382e11a674da3be3353af65f9fcc5.shtml"",""attachment_url"":""https://www.xjhc.gov.cn/xjhc/c116834/202410/a29382e11a674da3be3353af65f9fcc5/files/0536cef86e2b46ddad6aae5a3780089e.xls"",""local_source_file"":""2025_guokao_zhaokaojianzhang.xls"",""local_source_sha256"":""07ae6cab368cd21b7a1ac3e8150fe9a3d39ad5171ce76135ff3cccfe50c3e77e"",""source_sheet"":""中央国家行政机关参照公务员法管理事业单位"",""filter_version"":""government_tech_v2"",""tech_filter"":{""is_tech"":true,""is_core_tech"":true,""scope"":""core"",""categories"":[""computer_software"",""data_ai""],""matched_fields"":[""major"",""description""],""major_terms"":[""计算机类""],""role_terms"":[""数据处理""],""reason"":""tech_major_and_role""},""original"":{""部门代码"":""137131"",""部门名称"":""国家统计局新疆调查总队"",""用人司局"":""国家统计局新疆调查总队"",""机构性质"":""中央国家行政机关参照公务员法管理事业单位"",""招考职位"":""焉耆调查队一级科员"",""职位属性"":""普通职位"",""职位分布"":""西部地区和艰苦边远地区职位"",""职位简介"":""从事一线入户调查、数据处理、统计分析、统计研究等工作。"",""职位代码"":""400110131020"",""机构层级"":""县（区）级及以下"",""考试类别"":""市（地）级及以下直属机构综合管理类"",""招考人数"":""1"",""专业"":""经济学类、统计学类、计算机类、会计学、财务管理"",""学历"":""仅限本科"",""学位"":""学士"",""政治面貌"":""不限"",""基层工作最低年限"":""无限制"",""服务基层项目工作经历"":""无限制"",""是否在面试阶段组织专业能力测试"":""否"",""面试人员比例"":""3:1"",""工作地点"":""新疆维吾尔自治区巴音郭楞蒙古自治州焉耆回族自治县"",""落户地点"":""新疆维吾尔自治区巴音郭楞蒙古自治州焉耆回族自治县"",""备注"":""本单位最低服务年限为5年（含试用期）。"",""部门网站"":""www.xjso.gov.cn"",""咨询电话1"":""0991-2691712"",""咨询电话2"":"""",""咨询电话3"":"""",""来源Sheet"":""中央国家行政机关参照公务员法管理事业单位""}}"
"government_jobs","国家公务员2025招考简章","公务员/事业单位技术岗位","新疆维吾尔自治区巴音郭楞蒙古自治州轮台县","2026-07-28T09:12:58.310295+00:00","轮台调查队一级科员","国家统计局新疆调查总队","","新疆维吾尔自治区巴音郭楞蒙古自治州轮台县","公务员/事业单位;2025;computer_software;data_ai;仅限本科;学士;经济学类、统计学类、计算机类、数学类;市（地）级及以下直属机构综合管理类","用人司局：国家统计局新疆调查总队
职位简介：从事一线入户调查、数据处理、统计分析、统计研究等工作。
专业要求：经济学类、统计学类、计算机类、数学类
学历要求：仅限本科
学位要求：学士
政治面貌：不限
基层工作经历：无限制
考试类别：市（地）级及以下直属机构综合管理类
备注：1.本单位最低服务年限为5年（含试用期）；2.限招应届高校毕业生。","https://www.xjhc.gov.cn/xjhc/c116834/202410/a29382e11a674da3be3353af65f9fcc5.shtml#137131-400110131021","2024-10-14","{""dataset_year"":2025,""job_uid"":""GOV-2025-137131-400110131021"",""publisher"":""国家公务员局"",""publication_page"":""https://www.xjhc.gov.cn/xjhc/c116834/202410/a29382e11a674da3be3353af65f9fcc5.shtml"",""attachment_url"":""https://www.xjhc.gov.cn/xjhc/c116834/202410/a29382e11a674da3be3353af65f9fcc5/files/0536cef86e2b46ddad6aae5a3780089e.xls"",""local_source_file"":""2025_guokao_zhaokaojianzhang.xls"",""local_source_sha256"":""07ae6cab368cd21b7a1ac3e8150fe9a3d39ad5171ce76135ff3cccfe50c3e77e"",""source_sheet"":""中央国家行政机关参照公务员法管理事业单位"",""filter_version"":""government_tech_v2"",""tech_filter"":{""is_tech"":true,""is_core_tech"":true,""scope"":""core"",""categories"":[""computer_software"",""data_ai""],""matched_fields"":[""major"",""description""],""major_terms"":[""计算机类""],""role_terms"":[""数据处理""],""reason"":""tech_major_and_role""},""original"":{""部门代码"":""137131"",""部门名称"":""国家统计局新疆调查总队"",""用人司局"":""国家统计局新疆调查总队"",""机构性质"":""中央国家行政机关参照公务员法管理事业单位"",""招考职位"":""轮台调查队一级科员"",""职位属性"":""普通职位"",""职位分布"":""西部地区和艰苦边远地区职位"",""职位简介"":""从事一线入户调查、数据处理、统计分析、统计研究等工作。"",""职位代码"":""400110131021"",""机构层级"":""县（区）级及以下"",""考试类别"":""市（地）级及以下直属机构综合管理类"",""招考人数"":""1"",""专业"":""经济学类、统计学类、计算机类、数学类"",""学历"":""仅限本科"",""学位"":""学士"",""政治面貌"":""不限"",""基层工作最低年限"":""无限制"",""服务基层项目工作经历"":""无限制"",""是否在面试阶段组织专业能力测试"":""否"",""面试人员比例"":""3:1"",""工作地点"":""新疆维吾尔自治区巴音郭楞蒙古自治州轮台县"",""落户地点"":""新疆维吾尔自治区巴音郭楞蒙古自治州轮台县"",""备注"":""1.本单位最低服务年限为5年（含试用期）；2.限招应届高校毕业生。"",""部门网站"":""www.xjso.gov.cn"",""咨询电话1"":""0991-2691712"",""咨询电话2"":"""",""咨询电话3"":"""",""来源Sheet"":""中央国家行政机关参照公务员法管理事业单位""}}"
"government_jobs","国家公务员2025招考简章","公务员/事业单位技术岗位","新疆维吾尔自治区喀什地区叶城县","2026-07-28T09:12:58.310295+00:00","叶城调查队一级科员","国家统计局新疆调查总队","","新疆维吾尔自治区喀什地区叶城县","公务员/事业单位;2025;computer_software;data_ai;仅限本科;学士;经济学类、统计学类、计算机类、汉语言文学;市（地）级及以下直属机构综合管理类","用人司局：国家统计局新疆调查总队
职位简介：从事一线入户调查、数据处理、统计分析、统计研究等工作。
专业要求：经济学类、统计学类、计算机类、汉语言文学
学历要求：仅限本科
学位要求：学士
政治面貌：不限
基层工作经历：无限制
考试类别：市（地）级及以下直属机构综合管理类
备注：本单位最低服务年限为5年（含试用期）。","https://www.xjhc.gov.cn/xjhc/c116834/202410/a29382e11a674da3be3353af65f9fcc5.shtml#137131-400110131022","2024-10-14","{""dataset_year"":2025,""job_uid"":""GOV-2025-137131-400110131022"",""publisher"":""国家公务员局"",""publication_page"":""https://www.xjhc.gov.cn/xjhc/c116834/202410/a29382e11a674da3be3353af65f9fcc5.shtml"",""attachment_url"":""https://www.xjhc.gov.cn/xjhc/c116834/202410/a29382e11a674da3be3353af65f9fcc5/files/0536cef86e2b46ddad6aae5a3780089e.xls"",""local_source_file"":""2025_guokao_zhaokaojianzhang.xls"",""local_source_sha256"":""07ae6cab368cd21b7a1ac3e8150fe9a3d39ad5171ce76135ff3cccfe50c3e77e"",""source_sheet"":""中央国家行政机关参照公务员法管理事业单位"",""filter_version"":""government_tech_v2"",""tech_filter"":{""is_tech"":true,""is_core_tech"":true,""scope"":""core"",""categories"":[""computer_software"",""data_ai""],""matched_fields"":[""major"",""description""],""major_terms"":[""计算机类""],""role_terms"":[""数据处理""],""reason"":""tech_major_and_role""},""original"":{""部门代码"":""137131"",""部门名称"":""国家统计局新疆调查总队"",""用人司局"":""国家统计局新疆调查总队"",""机构性质"":""中央国家行政机关参照公务员法管理事业单位"",""招考职位"":""叶城调查队一级科员"",""职位属性"":""普通职位"",""职位分布"":""西部地区和艰苦边远地区职位"",""职位简介"":""从事一线入户调查、数据处理、统计分析、统计研究等工作。"",""职位代码"":""400110131022"",""机构层级"":""县（区）级及以下"",""考试类别"":""市（地）级及以下直属机构综合管理类"",""招考人数"":""1"",""专业"":""经济学类、统计学类、计算机类、汉语言文学"",""学历"":""仅限本科"",""学位"":""学士"",""政治面貌"":""不限"",""基层工作最低年限"":""无限制"",""服务基层项目工作经历"":""无限制"",""是否在面试阶段组织专业能力测试"":""否"",""面试人员比例"":""3:1"",""工作地点"":""新疆维吾尔自治区喀什地区叶城县"",""落户地点"":""新疆维吾尔自治区喀什地区叶城县"",""备注"":""本单位最低服务年限为5年（含试用期）。"",""部门网站"":""www.xjso.gov.cn"",""咨询电话1"":""0991-2691712"",""咨询电话2"":"""",""咨询电话3"":"""",""来源Sheet"":""中央国家行政机关参照公务员法管理事业单位""}}"
"government_jobs","国家公务员2025招考简章","公务员/事业单位技术岗位","新疆维吾尔自治区和田地区和田县","2026-07-28T09:12:58.310295+00:00","和田县调查队一级科员","国家统计局新疆调查总队","","新疆维吾尔自治区和田地区和田县","公务员/事业单位;2025;computer_software;data_ai;仅限本科;学士;经济学类、统计学类、计算机类、数学类;市（地）级及以下直属机构综合管理类","用人司局：国家统计局新疆调查总队
职位简介：从事一线入户调查、数据处理、统计分析、统计研究等工作。
专业要求：经济学类、统计学类、计算机类、数学类
学历要求：仅限本科
学位要求：学士
政治面貌：不限
基层工作经历：无限制
考试类别：市（地）级及以下直属机构综合管理类
备注：本单位最低服务年限为5年（含试用期）。","https://www.xjhc.gov.cn/xjhc/c116834/202410/a29382e11a674da3be3353af65f9fcc5.shtml#137131-400110131024","2024-10-14","{""dataset_year"":2025,""job_uid"":""GOV-2025-137131-400110131024"",""publisher"":""国家公务员局"",""publication_page"":""https://www.xjhc.gov.cn/xjhc/c116834/202410/a29382e11a674da3be3353af65f9fcc5.shtml"",""attachment_url"":""https://www.xjhc.gov.cn/xjhc/c116834/202410/a29382e11a674da3be3353af65f9fcc5/files/0536cef86e2b46ddad6aae5a3780089e.xls"",""local_source_file"":""2025_guokao_zhaokaojianzhang.xls"",""local_source_sha256"":""07ae6cab368cd21b7a1ac3e8150fe9a3d39ad5171ce76135ff3cccfe50c3e77e"",""source_sheet"":""中央国家行政机关参照公务员法管理事业单位"",""filter_version"":""government_tech_v2"",""tech_filter"":{""is_tech"":true,""is_core_tech"":true,""scope"":""core"",""categories"":[""computer_software"",""data_ai""],""matched_fields"":[""major"",""description""],""major_terms"":[""计算机类""],""role_terms"":[""数据处理""],""reason"":""tech_major_and_role""},""original"":{""部门代码"":""137131"",""部门名称"":""国家统计局新疆调查总队"",""用人司局"":""国家统计局新疆调查总队"",""机构性质"":""中央国家行政机关参照公务员法管理事业单位"",""招考职位"":""和田县调查队一级科员"",""职位属性"":""普通职位"",""职位分布"":""西部地区和艰苦边远地区职位"",""职位简介"":""从事一线入户调查、数据处理、统计分析、统计研究等工作。"",""职位代码"":""400110131024"",""机构层级"":""县（区）级及以下"",""考试类别"":""市（地）级及以下直属机构综合管理类"",""招考人数"":""1"",""专业"":""经济学类、统计学类、计算机类、数学类"",""学历"":""仅限本科"",""学位"":""学士"",""政治面貌"":""不限"",""基层工作最低年限"":""无限制"",""服务基层项目工作经历"":""无限制"",""是否在面试阶段组织专业能力测试"":""否"",""面试人员比例"":""3:1"",""工作地点"":""新疆维吾尔自治区和田地区和田县"",""落户地点"":""新疆维吾尔自治区和田地区和田县"",""备注"":""本单位最低服务年限为5年（含试用期）。"",""部门网站"":""www.xjso.gov.cn"",""咨询电话1"":""0991-2691712"",""咨询电话2"":"""",""咨询电话3"":"""",""来源Sheet"":""中央国家行政机关参照公务员法管理事业单位""}}"
"government_jobs","国家公务员2025招考简章","公务员/事业单位技术岗位","新疆维吾尔自治区伊犁哈萨克自治州伊宁县","2026-07-28T09:12:58.310295+00:00","伊宁县调查队一级科员（2）","国家统计局新疆调查总队","","新疆维吾尔自治区伊犁哈萨克自治州伊宁县","公务员/事业单位;2025;computer_software;data_ai;仅限本科;学士;经济学类、统计学类、计算机类、数学类;市（地）级及以下直属机构综合管理类","用人司局：国家统计局新疆调查总队
职位简介：从事一线入户调查、数据处理、统计分析、统计研究等工作。
专业要求：经济学类、统计学类、计算机类、数学类
学历要求：仅限本科
学位要求：学士
政治面貌：不限
基层工作经历：无限制
考试类别：市（地）级及以下直属机构综合管理类
备注：本单位最低服务年限为5年（含试用期）。","https://www.xjhc.gov.cn/xjhc/c116834/202410/a29382e11a674da3be3353af65f9fcc5.shtml#137131-400110131026","2024-10-14","{""dataset_year"":2025,""job_uid"":""GOV-2025-137131-400110131026"",""publisher"":""国家公务员局"",""publication_page"":""https://www.xjhc.gov.cn/xjhc/c116834/202410/a29382e11a674da3be3353af65f9fcc5.shtml"",""attachment_url"":""https://www.xjhc.gov.cn/xjhc/c116834/202410/a29382e11a674da3be3353af65f9fcc5/files/0536cef86e2b46ddad6aae5a3780089e.xls"",""local_source_file"":""2025_guokao_zhaokaojianzhang.xls"",""local_source_sha256"":""07ae6cab368cd21b7a1ac3e8150fe9a3d39ad5171ce76135ff3cccfe50c3e77e"",""source_sheet"":""中央国家行政机关参照公务员法管理事业单位"",""filter_version"":""government_tech_v2"",""tech_filter"":{""is_tech"":true,""is_core_tech"":true,""scope"":""core"",""categories"":[""computer_software"",""data_ai""],""matched_fields"":[""major"",""description""],""major_terms"":[""计算机类""],""role_terms"":[""数据处理""],""reason"":""tech_major_and_role""},""original"":{""部门代码"":""137131"",""部门名称"":""国家统计局新疆调查总队"",""用人司局"":""国家统计局新疆调查总队"",""机构性质"":""中央国家行政机关参照公务员法管理事业单位"",""招考职位"":""伊宁县调查队一级科员（2）"",""职位属性"":""普通职位"",""职位分布"":""西部地区和艰苦边远地区职位"",""职位简介"":""从事一线入户调查、数据处理、统计分析、统计研究等工作。"",""职位代码"":""400110131026"",""机构层级"":""县（区）级及以下"",""考试类别"":""市（地）级及以下直属机构综合管理类"",""招考人数"":""1"",""专业"":""经济学类、统计学类、计算机类、数学类"",""学历"":""仅限本科"",""学位"":""学士"",""政治面貌"":""不限"",""基层工作最低年限"":""无限制"",""服务基层项目工作经历"":""无限制"",""是否在面试阶段组织专业能力测试"":""否"",""面试人员比例"":""3:1"",""工作地点"":""新疆维吾尔自治区伊犁哈萨克自治州伊宁县"",""落户地点"":""新疆维吾尔自治区伊犁哈萨克自治州伊宁县"",""备注"":""本单位最低服务年限为5年（含试用期）。"",""部门网站"":""www.xjso.gov.cn"",""咨询电话1"":""0991-2691712"",""咨询电话2"":"""",""咨询电话3"":"""",""来源Sheet"":""中央国家行政机关参照公务员法管理事业单位""}}"
"government_jobs","国家公务员2025招考简章","公务员/事业单位技术岗位","新疆维吾尔自治区伊犁哈萨克自治州新源县","2026-07-28T09:12:58.310295+00:00","新源调查队一级科员","国家统计局新疆调查总队","","新疆维吾尔自治区伊犁哈萨克自治州新源县","公务员/事业单位;2025;computer_software;data_ai;仅限本科;学士;经济学类、统计学类、计算机类、数学类;市（地）级及以下直属机构综合管理类","用人司局：国家统计局新疆调查总队
职位简介：从事一线入户调查、数据处理、统计分析、统计研究等工作。
专业要求：经济学类、统计学类、计算机类、数学类
学历要求：仅限本科
学位要求：学士
政治面貌：不限
基层工作经历：无限制
考试类别：市（地）级及以下直属机构综合管理类
备注：1.本单位最低服务年限为5年（含试用期）；2.限招应届高校毕业生。","https://www.xjhc.gov.cn/xjhc/c116834/202410/a29382e11a674da3be3353af65f9fcc5.shtml#137131-400110131027","2024-10-14","{""dataset_year"":2025,""job_uid"":""GOV-2025-137131-400110131027"",""publisher"":""国家公务员局"",""publication_page"":""https://www.xjhc.gov.cn/xjhc/c116834/202410/a29382e11a674da3be3353af65f9fcc5.shtml"",""attachment_url"":""https://www.xjhc.gov.cn/xjhc/c116834/202410/a29382e11a674da3be3353af65f9fcc5/files/0536cef86e2b46ddad6aae5a3780089e.xls"",""local_source_file"":""2025_guokao_zhaokaojianzhang.xls"",""local_source_sha256"":""07ae6cab368cd21b7a1ac3e8150fe9a3d39ad5171ce76135ff3cccfe50c3e77e"",""source_sheet"":""中央国家行政机关参照公务员法管理事业单位"",""filter_version"":""government_tech_v2"",""tech_filter"":{""is_tech"":true,""is_core_tech"":true,""scope"":""core"",""categories"":[""computer_software"",""data_ai""],""matched_fields"":[""major"",""description""],""major_terms"":[""计算机类""],""role_terms"":[""数据处理""],""reason"":""tech_major_and_role""},""original"":{""部门代码"":""137131"",""部门名称"":""国家统计局新疆调查总队"",""用人司局"":""国家统计局新疆调查总队"",""机构性质"":""中央国家行政机关参照公务员法管理事业单位"",""招考职位"":""新源调查队一级科员"",""职位属性"":""普通职位"",""职位分布"":""西部地区和艰苦边远地区职位"",""职位简介"":""从事一线入户调查、数据处理、统计分析、统计研究等工作。"",""职位代码"":""400110131027"",""机构层级"":""县（区）级及以下"",""考试类别"":""市（地）级及以下直属机构综合管理类"",""招考人数"":""1"",""专业"":""经济学类、统计学类、计算机类、数学类"",""学历"":""仅限本科"",""学位"":""学士"",""政治面貌"":""不限"",""基层工作最低年限"":""无限制"",""服务基层项目工作经历"":""无限制"",""是否在面试阶段组织专业能力测试"":""否"",""面试人员比例"":""3:1"",""工作地点"":""新疆维吾尔自治区伊犁哈萨克自治州新源县"",""落户地点"":""新疆维吾尔自治区伊犁哈萨克自治州新源县"",""备注"":""1.本单位最低服务年限为5年（含试用期）；2.限招应届高校毕业生。"",""部门网站"":""www.xjso.gov.cn"",""咨询电话1"":""0991-2691712"",""咨询电话2"":"""",""咨询电话3"":"""",""来源Sheet"":""中央国家行政机关参照公务员法管理事业单位""}}"
"government_jobs","国家公务员2025招考简章","公务员/事业单位技术岗位","新疆维吾尔自治区塔城地区沙湾市","2026-07-28T09:12:58.310295+00:00","沙湾调查队一级科员","国家统计局新疆调查总队","","新疆维吾尔自治区塔城地区沙湾市","公务员/事业单位;2025;computer_software;data_ai;仅限本科;学士;经济学类、统计学类、计算机类、数学类;市（地）级及以下直属机构综合管理类","用人司局：国家统计局新疆调查总队
职位简介：从事一线入户调查、数据处理、统计分析、统计研究等工作。
专业要求：经济学类、统计学类、计算机类、数学类
学历要求：仅限本科
学位要求：学士
政治面貌：不限
基层工作经历：无限制
考试类别：市（地）级及以下直属机构综合管理类
备注：1.本单位最低服务年限为5年（含试用期）；2.限招应届高校毕业生。","https://www.xjhc.gov.cn/xjhc/c116834/202410/a29382e11a674da3be3353af65f9fcc5.shtml#137131-400110131028","2024-10-14","{""dataset_year"":2025,""job_uid"":""GOV-2025-137131-400110131028"",""publisher"":""国家公务员局"",""publication_page"":""https://www.xjhc.gov.cn/xjhc/c116834/202410/a29382e11a674da3be3353af65f9fcc5.shtml"",""attachment_url"":""https://www.xjhc.gov.cn/xjhc/c116834/202410/a29382e11a674da3be3353af65f9fcc5/files/0536cef86e2b46ddad6aae5a3780089e.xls"",""local_source_file"":""2025_guokao_zhaokaojianzhang.xls"",""local_source_sha256"":""07ae6cab368cd21b7a1ac3e8150fe9a3d39ad5171ce76135ff3cccfe50c3e77e"",""source_sheet"":""中央国家行政机关参照公务员法管理事业单位"",""filter_version"":""government_tech_v2"",""tech_filter"":{""is_tech"":true,""is_core_tech"":true,""scope"":""core"",""categories"":[""computer_software"",""data_ai""],""matched_fields"":[""major"",""description""],""major_terms"":[""计算机类""],""role_terms"":[""数据处理""],""reason"":""tech_major_and_role""},""original"":{""部门代码"":""137131"",""部门名称"":""国家统计局新疆调查总队"",""用人司局"":""国家统计局新疆调查总队"",""机构性质"":""中央国家行政机关参照公务员法管理事业单位"",""招考职位"":""沙湾调查队一级科员"",""职位属性"":""普通职位"",""职位分布"":""西部地区和艰苦边远地区职位"",""职位简介"":""从事一线入户调查、数据处理、统计分析、统计研究等工作。"",""职位代码"":""400110131028"",""机构层级"":""县（区）级及以下"",""考试类别"":""市（地）级及以下直属机构综合管理类"",""招考人数"":""1"",""专业"":""经济学类、统计学类、计算机类、数学类"",""学历"":""仅限本科"",""学位"":""学士"",""政治面貌"":""不限"",""基层工作最低年限"":""无限制"",""服务基层项目工作经历"":""无限制"",""是否在面试阶段组织专业能力测试"":""否"",""面试人员比例"":""3:1"",""工作地点"":""新疆维吾尔自治区塔城地区沙湾市"",""落户地点"":""新疆维吾尔自治区塔城地区沙湾市"",""备注"":""1.本单位最低服务年限为5年（含试用期）；2.限招应届高校毕业生。"",""部门网站"":""www.xjso.gov.cn"",""咨询电话1"":""0991-2691712"",""咨询电话2"":"""",""咨询电话3"":"""",""来源Sheet"":""中央国家行政机关参照公务员法管理事业单位""}}"
"government_jobs","国家公务员2025招考简章","公务员/事业单位技术岗位","新疆维吾尔自治区乌鲁木齐市","2026-07-28T09:12:58.310295+00:00","新疆生产建设兵团调查总队综合处室四级主任科员","国家统计局新疆生产建设兵团调查总队","","新疆维吾尔自治区乌鲁木齐市","公务员/事业单位;2025;computer_software;cybersecurity_cryptography;data_ai;electronics_communication;仅限硕士研究生;硕士;计算机科学与技术类；通信工程专业、计算机技术专业、大数据技术与工程专业、网络与信息安全专业;中央机关及其省级直属机构综合管理类","用人司局：国家统计局新疆生产建设兵团调查总队
职位简介：从事信息化建设、网络安全保障、统计调查、数据处理等工作。
专业要求：计算机科学与技术类；通信工程专业、计算机技术专业、大数据技术与工程专业、网络与信息安全专业
学历要求：仅限硕士研究生
学位要求：硕士
政治面貌：不限
基层工作经历：无限制
考试类别：中央机关及其省级直属机构综合管理类
备注：1.须以最高学历主修专业报考。2.本单位最低服务年限为5年（含试用期）。","https://www.xjhc.gov.cn/xjhc/c116834/202410/a29382e11a674da3be3353af65f9fcc5.shtml#137132-400110132002","2024-10-14","{""dataset_year"":2025,""job_uid"":""GOV-2025-137132-400110132002"",""publisher"":""国家公务员局"",""publication_page"":""https://www.xjhc.gov.cn/xjhc/c116834/202410/a29382e11a674da3be3353af65f9fcc5.shtml"",""attachment_url"":""https://www.xjhc.gov.cn/xjhc/c116834/202410/a29382e11a674da3be3353af65f9fcc5/files/0536cef86e2b46ddad6aae5a3780089e.xls"",""local_source_file"":""2025_guokao_zhaokaojianzhang.xls"",""local_source_sha256"":""07ae6cab368cd21b7a1ac3e8150fe9a3d39ad5171ce76135ff3cccfe50c3e77e"",""source_sheet"":""中央国家行政机关参照公务员法管理事业单位"",""filter_version"":""government_tech_v2"",""tech_filter"":{""is_tech"":true,""is_core_tech"":true,""scope"":""core"",""categories"":[""computer_software"",""cybersecurity_cryptography"",""data_ai"",""electronics_communication""],""matched_fields"":[""major"",""description""],""major_terms"":[""信息安全"",""大数据"",""计算机技术"",""计算机科学与技术"",""通信工程""],""role_terms"":[""信息化"",""数据处理"",""网络安全""],""reason"":""tech_major_and_role""},""original"":{""部门代码"":""137132"",""部门名称"":""国家统计局新疆生产建设兵团调查总队"",""用人司局"":""国家统计局新疆生产建设兵团调查总队"",""机构性质"":""中央国家行政机关参照公务员法管理事业单位"",""招考职位"":""新疆生产建设兵团调查总队综合处室四级主任科员"",""职位属性"":""普通职位"",""职位分布"":""其他职位"",""职位简介"":""从事信息化建设、网络安全保障、统计调查、数据处理等工作。"",""职位代码"":""400110132002"",""机构层级"":""省（副省）级"",""考试类别"":""中央机关及其省级直属机构综合管理类"",""招考人数"":""1"",""专业"":""计算机科学与技术类；通信工程专业、计算机技术专业、大数据技术与工程专业、网络与信息安全专业"",""学历"":""仅限硕士研究生"",""学位"":""硕士"",""政治面貌"":""不限"",""基层工作最低年限"":""无限制"",""服务基层项目工作经历"":""无限制"",""是否在面试阶段组织专业能力测试"":""否"",""面试人员比例"":""5:1"",""工作地点"":""新疆维吾尔自治区乌鲁木齐市"",""落户地点"":""新疆维吾尔自治区乌鲁木齐市"",""备注"":""1.须以最高学历主修专业报考。2.本单位最低服务年限为5年（含试用期）。"",""部门网站"":""http://dczd.xjbt.gov.cn"",""咨询电话1"":""0991-2896837"",""咨询电话2"":""0991-2890752"",""咨询电话3"":""18609019146"",""来源Sheet"":""中央国家行政机关参照公务员法管理事业单位""}}"
"government_jobs","国家公务员2025招考简章","公务员/事业单位技术岗位","北京市昌平区","2026-07-28T09:12:58.310295+00:00","计算机科学与技术相关领域一级主任科员及以下","国家知识产权局","","北京市昌平区","公务员/事业单位;2025;computer_software;electronics_communication;硕士研究生及以上;与最高学历相对应的学位;计算机科学与技术、网络工程、电子与计算机工程、网络空间技术、电子信息工程、电子科学与技术、集成电路设计与集成系统、电子信息科学与技术、集成电路科学与工程;中央机关及其省级直属机构综合管理类","用人司局：电学发明审查部
职位简介：计算机科学与技术相关领域专利审查
专业要求：计算机科学与技术、网络工程、电子与计算机工程、网络空间技术、电子信息工程、电子科学与技术、集成电路设计与集成系统、电子信息科学与技术、集成电路科学与工程
学历要求：硕士研究生及以上
学位要求：与最高学历相对应的学位
政治面貌：不限
基层工作经历：无限制
考试类别：中央机关及其省级直属机构综合管理类
备注：1.大学英语六级考试成绩425分及以上，或英语专业八级考试成绩60分及以上，或雅思考试成绩6.5分及以上，或托福网考成绩85分及以上（报名时，请备注具体英语等级和分数；雅思、托福不限有效期）；
2.专业能力测试是所报职位相关专业领域的英译汉笔试及相关材料归纳总结，占综合成绩的比重为15%；
3.报名时需在“学科成绩”或“备注”填写各学习阶段主修过的专业课程名称及成绩、研究生毕业论文研究方向；有工作经历的，请提供与所学专业相关的简要工作经历信息；
4.本科或研究生有一个阶段专业符合要求即可；
5.依据有关规定，专利局工作人员配偶不得在专利代理机构或商标代理机构从业，有相关情况的，请慎重报考；
6.咨询电话：010-62086111。","https://www.xjhc.gov.cn/xjhc/c116834/202410/a29382e11a674da3be3353af65f9fcc5.shtml#138000-400110009001","2024-10-14","{""dataset_year"":2025,""job_uid"":""GOV-2025-138000-400110009001"",""publisher"":""国家公务员局"",""publication_page"":""https://www.xjhc.gov.cn/xjhc/c116834/202410/a29382e11a674da3be3353af65f9fcc5.shtml"",""attachment_url"":""https://www.xjhc.gov.cn/xjhc/c116834/202410/a29382e11a674da3be3353af65f9fcc5/files/0536cef86e2b46ddad6aae5a3780089e.xls"",""local_source_file"":""2025_guokao_zhaokaojianzhang.xls"",""local_source_sha256"":""07ae6cab368cd21b7a1ac3e8150fe9a3d39ad5171ce76135ff3cccfe50c3e77e"",""source_sheet"":""中央国家行政机关参照公务员法管理事业单位"",""filter_version"":""government_tech_v2"",""tech_filter"":{""is_tech"":true,""is_core_tech"":true,""scope"":""core"",""categories"":[""computer_software"",""electronics_communication""],""matched_fields"":[""major"",""job_title"",""description""],""major_terms"":[""电子信息"",""电子信息工程"",""电子科学与技术"",""网络工程"",""计算机"",""计算机科学与技术"",""集成电路""],""role_terms"":[""计算机""],""reason"":""tech_major_and_role""},""original"":{""部门代码"":""138000"",""部门名称"":""国家知识产权局"",""用人司局"":""电学发明审查部"",""机构性质"":""中央国家行政机关参照公务员法管理事业单位"",""招考职位"":""计算机科学与技术相关领域一级主任科员及以下"",""职位属性"":""普通职位"",""职位分布"":""其他职位"",""职位简介"":""计算机科学与技术相关领域专利审查"",""职位代码"":""400110009001"",""机构层级"":""中央"",""考试类别"":""中央机关及其省级直属机构综合管理类"",""招考人数"":""4"",""专业"":""计算机科学与技术、网络工程、电子与计算机工程、网络空间技术、电子信息工程、电子科学与技术、集成电路设计与集成系统、电子信息科学与技术、集成电路科学与工程"",""学历"":""硕士研究生及以上"",""学位"":""与最高学历相对应的学位"",""政治面貌"":""不限"",""基层工作最低年限"":""无限制"",""服务基层项目工作经历"":""无限制"",""是否在面试阶段组织专业能力测试"":""是"",""面试人员比例"":""5:1"",""工作地点"":""北京市昌平区"",""落户地点"":""北京市海淀区"",""备注"":""1.大学英语六级考试成绩425分及以上，或英语专业八级考试成绩60分及以上，或雅思考试成绩6.5分及以上，或托福网考成绩85分及以上（报名时，请备注具体英语等级和分数；雅思、托福不限有效期）；\n2.专业能力测试是所报职位相关专业领域的英译汉笔试及相关材料归纳总结，占综合成绩的比重为15%；\n3.报名时需在“学科成绩”或“备注”填写各学习阶段主修过的专业课程名称及成绩、研究生毕业论文研究方向；有工作经历的，请提供与所学专业相关的简要工作经历信息；\n4.本科或研究生有一个阶段专业符合要求即可；\n5.依据有关规定，专利局工作人员配偶不得在专利代理机构或商标代理机构从业，有相关情况的，请慎重报考；\n6.咨询电话：010-62086111。"",""部门网站"":""http://www.cnipa.gov.cn"",""咨询电话1"":""010-62086111"",""咨询电话2"":""010-63219394"",""咨询电话3"":"""",""来源Sheet"":""中央国家行政机关参照公务员法管理事业单位""}}"
"government_jobs","国家公务员2025招考简章","公务员/事业单位技术岗位","北京市昌平区","2026-07-28T09:12:58.310295+00:00","大数据及人工智能相关领域一级主任科员及以下","国家知识产权局","","北京市昌平区","公务员/事业单位;2025;computer_software;cybersecurity_cryptography;data_ai;硕士研究生及以上;与最高学历相对应的学位;计算机科学与技术、软件工程、信息安全、物联网工程、智能科学与技术、数据科学与大数据技术、保密技术、虚拟现实技术、区块链工程、密码科学与技术、人工智能;中央机关及其省级直属机构综合管理类","用人司局：电学发明审查部
职位简介：大数据及人工智能相关领域专利审查
专业要求：计算机科学与技术、软件工程、信息安全、物联网工程、智能科学与技术、数据科学与大数据技术、保密技术、虚拟现实技术、区块链工程、密码科学与技术、人工智能
学历要求：硕士研究生及以上
学位要求：与最高学历相对应的学位
政治面貌：不限
基层工作经历：无限制
考试类别：中央机关及其省级直属机构综合管理类
备注：1.大学英语六级考试成绩425分及以上，或英语专业八级考试成绩60分及以上，或雅思考试成绩6.5分及以上，或托福网考成绩85分及以上（报名时，请备注具体英语等级和分数；雅思、托福不限有效期）；
2.专业能力测试是所报职位相关专业领域的英译汉笔试及相关材料归纳总结，占综合成绩的比重为15%；
3.报名时需在“学科成绩”或“备注”填写各学习阶段主修过的专业课程名称及成绩、研究生毕业论文研究方向；有工作经历的，请提供与所学专业相关的简要工作经历信息；
4.本科或研究生有一个阶段专业符合要求即可；
5.依据有关规定，专利局工作人员配偶不得在专利代理机构或商标代理机构从业，有相关情况的，请慎重报考；
6.咨询电话：010-62086111。","https://www.xjhc.gov.cn/xjhc/c116834/202410/a29382e11a674da3be3353af65f9fcc5.shtml#138000-400110009002","2024-10-14","{""dataset_year"":2025,""job_uid"":""GOV-2025-138000-400110009002"",""publisher"":""国家公务员局"",""publication_page"":""https://www.xjhc.gov.cn/xjhc/c116834/202410/a29382e11a674da3be3353af65f9fcc5.shtml"",""attachment_url"":""https://www.xjhc.gov.cn/xjhc/c116834/202410/a29382e11a674da3be3353af65f9fcc5/files/0536cef86e2b46ddad6aae5a3780089e.xls"",""local_source_file"":""2025_guokao_zhaokaojianzhang.xls"",""local_source_sha256"":""07ae6cab368cd21b7a1ac3e8150fe9a3d39ad5171ce76135ff3cccfe50c3e77e"",""source_sheet"":""中央国家行政机关参照公务员法管理事业单位"",""filter_version"":""government_tech_v2"",""tech_filter"":{""is_tech"":true,""is_core_tech"":true,""scope"":""core"",""categories"":[""computer_software"",""cybersecurity_cryptography"",""data_ai""],""matched_fields"":[""major"",""job_title"",""description""],""major_terms"":[""人工智能"",""保密技术"",""信息安全"",""区块链工程"",""大数据"",""密码科学"",""密码科学与技术"",""数据科学与大数据技术"",""智能科学与技术"",""物联网工程"",""虚拟现实技术"",""计算机科学与技术"",""软件工程""],""role_terms"":[""人工智能"",""大数据""],""reason"":""tech_major_and_role""},""original"":{""部门代码"":""138000"",""部门名称"":""国家知识产权局"",""用人司局"":""电学发明审查部"",""机构性质"":""中央国家行政机关参照公务员法管理事业单位"",""招考职位"":""大数据及人工智能相关领域一级主任科员及以下"",""职位属性"":""普通职位"",""职位分布"":""其他职位"",""职位简介"":""大数据及人工智能相关领域专利审查"",""职位代码"":""400110009002"",""机构层级"":""中央"",""考试类别"":""中央机关及其省级直属机构综合管理类"",""招考人数"":""4"",""专业"":""计算机科学与技术、软件工程、信息安全、物联网工程、智能科学与技术、数据科学与大数据技术、保密技术、虚拟现实技术、区块链工程、密码科学与技术、人工智能"",""学历"":""硕士研究生及以上"",""学位"":""与最高学历相对应的学位"",""政治面貌"":""不限"",""基层工作最低年限"":""无限制"",""服务基层项目工作经历"":""无限制"",""是否在面试阶段组织专业能力测试"":""是"",""面试人员比例"":""5:1"",""工作地点"":""北京市昌平区"",""落户地点"":""北京市海淀区"",""备注"":""1.大学英语六级考试成绩425分及以上，或英语专业八级考试成绩60分及以上，或雅思考试成绩6.5分及以上，或托福网考成绩85分及以上（报名时，请备注具体英语等级和分数；雅思、托福不限有效期）；\n2.专业能力测试是所报职位相关专业领域的英译汉笔试及相关材料归纳总结，占综合成绩的比重为15%；\n3.报名时需在“学科成绩”或“备注”填写各学习阶段主修过的专业课程名称及成绩、研究生毕业论文研究方向；有工作经历的，请提供与所学专业相关的简要工作经历信息；\n4.本科或研究生有一个阶段专业符合要求即可；\n5.依据有关规定，专利局工作人员配偶不得在专利代理机构或商标代理机构从业，有相关情况的，请慎重报考；\n6.咨询电话：010-62086111。"",""部门网站"":""http://www.cnipa.gov.cn"",""咨询电话1"":""010-62086111"",""咨询电话2"":""010-63219394"",""咨询电话3"":"""",""来源Sheet"":""中央国家行政机关参照公务员法管理事业单位""}}"
"government_jobs","国家公务员2025招考简章","公务员/事业单位技术岗位","北京市海淀区","2026-07-28T09:12:58.310295+00:00","信息化建设管理岗位一级主任科员及以下","国家知识产权局","","北京市海淀区","公务员/事业单位;2025;automation_robotics;computer_software;cybersecurity_cryptography;data_ai;硕士研究生及以上;与最高学历相对应的学位;人工智能、智能科学与技术、数据科学与大数据技术、软件工程、网络空间安全、信息安全;中央机关及其省级直属机构综合管理类","用人司局：自动化部
职位简介：人工智能、大数据等应用开发建设项目管理，云计算等基础设施运行管理，网络安全管理等相关工作
专业要求：人工智能、智能科学与技术、数据科学与大数据技术、软件工程、网络空间安全、信息安全
学历要求：硕士研究生及以上
学位要求：与最高学历相对应的学位
政治面貌：不限
基层工作经历：无限制
考试类别：中央机关及其省级直属机构综合管理类
备注：1.大学英语六级考试成绩425分及以上，或英语专业八级考试成绩60分及以上，或雅思考试成绩6.5分及以上，或托福网考成绩85分及以上（报名时，请备注具体英语等级和分数；雅思、托福不限有效期）；
2.专业能力测试是所报职位相关专业领域知识笔试，占综合成绩的比重为15%；
3.报名时需在“学科成绩”或“备注”填写各学习阶段主修过的专业课程名称及成绩、研究生毕业论文研究方向；
4.本科或研究生有一个阶段专业符合要求即可；
5.依据有关规定，专利局工作人员配偶不得在专利代理机构或商标代理机构从业，有相关情况的，请慎重报考；
6.咨询电话：010-62086111。","https://www.xjhc.gov.cn/xjhc/c116834/202410/a29382e11a674da3be3353af65f9fcc5.shtml#138000-400110018001","2024-10-14","{""dataset_year"":2025,""job_uid"":""GOV-2025-138000-400110018001"",""publisher"":""国家公务员局"",""publication_page"":""https://www.xjhc.gov.cn/xjhc/c116834/202410/a29382e11a674da3be3353af65f9fcc5.shtml"",""attachment_url"":""https://www.xjhc.gov.cn/xjhc/c116834/202410/a29382e11a674da3be3353af65f9fcc5/files/0536cef86e2b46ddad6aae5a3780089e.xls"",""local_source_file"":""2025_guokao_zhaokaojianzhang.xls"",""local_source_sha256"":""07ae6cab368cd21b7a1ac3e8150fe9a3d39ad5171ce76135ff3cccfe50c3e77e"",""source_sheet"":""中央国家行政机关参照公务员法管理事业单位"",""filter_version"":""government_tech_v2"",""tech_filter"":{""is_tech"":true,""is_core_tech"":true,""scope"":""core"",""categories"":[""automation_robotics"",""computer_software"",""cybersecurity_cryptography"",""data_ai""],""matched_fields"":[""major"",""job_title"",""office"",""description""],""major_terms"":[""人工智能"",""信息安全"",""大数据"",""数据科学与大数据技术"",""智能科学与技术"",""网络空间安全"",""软件工程""],""role_terms"":[""云计算"",""人工智能"",""信息化"",""大数据"",""网络安全"",""自动化""],""reason"":""tech_major_and_role""},""original"":{""部门代码"":""138000"",""部门名称"":""国家知识产权局"",""用人司局"":""自动化部"",""机构性质"":""中央国家行政机关参照公务员法管理事业单位"",""招考职位"":""信息化建设管理岗位一级主任科员及以下"",""职位属性"":""普通职位"",""职位分布"":""其他职位"",""职位简介"":""人工智能、大数据等应用开发建设项目管理，云计算等基础设施运行管理，网络安全管理等相关工作"",""职位代码"":""400110018001"",""机构层级"":""中央"",""考试类别"":""中央机关及其省级直属机构综合管理类"",""招考人数"":""2"",""专业"":""人工智能、智能科学与技术、数据科学与大数据技术、软件工程、网络空间安全、信息安全"",""学历"":""硕士研究生及以上"",""学位"":""与最高学历相对应的学位"",""政治面貌"":""不限"",""基层工作最低年限"":""无限制"",""服务基层项目工作经历"":""无限制"",""是否在面试阶段组织专业能力测试"":""是"",""面试人员比例"":""5:1"",""工作地点"":""北京市海淀区"",""落户地点"":""北京市海淀区"",""备注"":""1.大学英语六级考试成绩425分及以上，或英语专业八级考试成绩60分及以上，或雅思考试成绩6.5分及以上，或托福网考成绩85分及以上（报名时，请备注具体英语等级和分数；雅思、托福不限有效期）；\n2.专业能力测试是所报职位相关专业领域知识笔试，占综合成绩的比重为15%；\n3.报名时需在“学科成绩”或“备注”填写各学习阶段主修过的专业课程名称及成绩、研究生毕业论文研究方向；\n4.本科或研究生有一个阶段专业符合要求即可；\n5.依据有关规定，专利局工作人员配偶不得在专利代理机构或商标代理机构从业，有相关情况的，请慎重报考；\n6.咨询电话：010-62086111。"",""部门网站"":""http://www.cnipa.gov.cn"",""咨询电话1"":""010-62086111"",""咨询电话2"":""010-63219394"",""咨询电话3"":"""",""来源Sheet"":""中央国家行政机关参照公务员法管理事业单位""}}"
"government_jobs","国家公务员2025招考简章","公务员/事业单位技术岗位","北京市西城区","2026-07-28T09:12:58.310295+00:00","信息化建设岗一级主任科员及以下","国家机关事务管理局","","北京市西城区","公务员/事业单位;2025;computer_software;cybersecurity_cryptography;electronics_communication;本科及以上;与最高学历相对应的学位;计算机科学与技术、电子信息科学与技术、软件工程、信息安全相关专业;中央机关及其省级直属机构综合管理类","用人司局：中央国家机关政府采购中心
职位简介：从事信息化建设相关工作
专业要求：计算机科学与技术、电子信息科学与技术、软件工程、信息安全相关专业
学历要求：本科及以上
学位要求：与最高学历相对应的学位
政治面貌：中共党员
基层工作经历：二年
考试类别：中央机关及其省级直属机构综合管理类
备注：服从调配","https://www.xjhc.gov.cn/xjhc/c116834/202410/a29382e11a674da3be3353af65f9fcc5.shtml#142000-400110005001","2024-10-14","{""dataset_year"":2025,""job_uid"":""GOV-2025-142000-400110005001"",""publisher"":""国家公务员局"",""publication_page"":""https://www.xjhc.gov.cn/xjhc/c116834/202410/a29382e11a674da3be3353af65f9fcc5.shtml"",""attachment_url"":""https://www.xjhc.gov.cn/xjhc/c116834/202410/a29382e11a674da3be3353af65f9fcc5/files/0536cef86e2b46ddad6aae5a3780089e.xls"",""local_source_file"":""2025_guokao_zhaokaojianzhang.xls"",""local_source_sha256"":""07ae6cab368cd21b7a1ac3e8150fe9a3d39ad5171ce76135ff3cccfe50c3e77e"",""source_sheet"":""中央国家行政机关参照公务员法管理事业单位"",""filter_version"":""government_tech_v2"",""tech_filter"":{""is_tech"":true,""is_core_tech"":true,""scope"":""core"",""categories"":[""computer_software"",""cybersecurity_cryptography"",""electronics_communication""],""matched_fields"":[""major"",""job_title"",""description""],""major_terms"":[""信息安全"",""电子信息"",""计算机科学与技术"",""软件工程""],""role_terms"":[""信息化""],""reason"":""tech_major_and_role""},""original"":{""部门代码"":""142000"",""部门名称"":""国家机关事务管理局"",""用人司局"":""中央国家机关政府采购中心"",""机构性质"":""中央国家行政机关参照公务员法管理事业单位"",""招考职位"":""信息化建设岗一级主任科员及以下"",""职位属性"":""普通职位"",""职位分布"":""其他职位"",""职位简介"":""从事信息化建设相关工作"",""职位代码"":""400110005001"",""机构层级"":""中央"",""考试类别"":""中央机关及其省级直属机构综合管理类"",""招考人数"":""2"",""专业"":""计算机科学与技术、电子信息科学与技术、软件工程、信息安全相关专业"",""学历"":""本科及以上"",""学位"":""与最高学历相对应的学位"",""政治面貌"":""中共党员"",""基层工作最低年限"":""二年"",""服务基层项目工作经历"":""无限制"",""是否在面试阶段组织专业能力测试"":""否"",""面试人员比例"":""5:1"",""工作地点"":""北京市西城区"",""落户地点"":""北京市西城区"",""备注"":""服从调配"",""部门网站"":""http://www.ggj.gov.cn/"",""咨询电话1"":""01083085021"",""咨询电话2"":"""",""咨询电话3"":"""",""来源Sheet"":""中央国家行政机关参照公务员法管理事业单位""}}"
"government_jobs","国家公务员2025招考简章","公务员/事业单位技术岗位","北京市","2026-07-28T09:12:58.310295+00:00","数据管理处（综合处）一级主任科员及以下","中国气象局","","北京市","公务员/事业单位;2025;computer_software;cybersecurity_cryptography;data_ai;electronics_communication;硕士研究生及以上;与最高学历相对应的学位;信息与通信工程、计算机科学与技术、网络空间安全、数字经济、大气科学;中央机关及其省级直属机构综合管理类","用人司局：预报与网络司
职位简介：从事气象数据及其安全业务管理工作。
专业要求：信息与通信工程、计算机科学与技术、网络空间安全、数字经济、大气科学
学历要求：硕士研究生及以上
学位要求：与最高学历相对应的学位
政治面貌：中共党员
基层工作经历：无限制
考试类别：中央机关及其省级直属机构综合管理类
备注：须以最高学历主修专业报考。","https://www.xjhc.gov.cn/xjhc/c116834/202410/a29382e11a674da3be3353af65f9fcc5.shtml#150000-400110007001","2024-10-14","{""dataset_year"":2025,""job_uid"":""GOV-2025-150000-400110007001"",""publisher"":""国家公务员局"",""publication_page"":""https://www.xjhc.gov.cn/xjhc/c116834/202410/a29382e11a674da3be3353af65f9fcc5.shtml"",""attachment_url"":""https://www.xjhc.gov.cn/xjhc/c116834/202410/a29382e11a674da3be3353af65f9fcc5/files/0536cef86e2b46ddad6aae5a3780089e.xls"",""local_source_file"":""2025_guokao_zhaokaojianzhang.xls"",""local_source_sha256"":""07ae6cab368cd21b7a1ac3e8150fe9a3d39ad5171ce76135ff3cccfe50c3e77e"",""source_sheet"":""中央国家行政机关参照公务员法管理事业单位"",""filter_version"":""government_tech_v2"",""tech_filter"":{""is_tech"":true,""is_core_tech"":true,""scope"":""core"",""categories"":[""computer_software"",""cybersecurity_cryptography"",""data_ai"",""electronics_communication""],""matched_fields"":[""major"",""job_title""],""major_terms"":[""信息与通信工程"",""网络空间安全"",""计算机科学与技术"",""通信工程""],""role_terms"":[""数据管理""],""reason"":""tech_major_and_role""},""original"":{""部门代码"":""150000"",""部门名称"":""中国气象局"",""用人司局"":""预报与网络司"",""机构性质"":""中央国家行政机关参照公务员法管理事业单位"",""招考职位"":""数据管理处（综合处）一级主任科员及以下"",""职位属性"":""普通职位"",""职位分布"":""其他职位"",""职位简介"":""从事气象数据及其安全业务管理工作。"",""职位代码"":""400110007001"",""机构层级"":""中央"",""考试类别"":""中央机关及其省级直属机构综合管理类"",""招考人数"":""1"",""专业"":""信息与通信工程、计算机科学与技术、网络空间安全、数字经济、大气科学"",""学历"":""硕士研究生及以上"",""学位"":""与最高学历相对应的学位"",""政治面貌"":""中共党员"",""基层工作最低年限"":""无限制"",""服务基层项目工作经历"":""无限制"",""是否在面试阶段组织专业能力测试"":""否"",""面试人员比例"":""5:1"",""工作地点"":""北京市"",""落户地点"":""北京市"",""备注"":""须以最高学历主修专业报考。"",""部门网站"":""http://www.cma.gov.cn/"",""咨询电话1"":""010-68409044"",""咨询电话2"":"""",""咨询电话3"":"""",""来源Sheet"":""中央国家行政机关参照公务员法管理事业单位""}}"
"government_jobs","国家公务员2025招考简章","公务员/事业单位技术岗位","北京市","2026-07-28T09:12:58.310295+00:00","数值预报处一级主任科员及以下","中国气象局","","北京市","公务员/事业单位;2025;computer_software;data_ai;硕士研究生及以上;与最高学历相对应的学位;大气科学、海洋科学、地理学、系统科学、智能科学与技术、计算机科学与技术;中央机关及其省级直属机构综合管理类","用人司局：预报与网络司
职位简介：从事数值预报模式和人工智能相关管理工作。
专业要求：大气科学、海洋科学、地理学、系统科学、智能科学与技术、计算机科学与技术
学历要求：硕士研究生及以上
学位要求：与最高学历相对应的学位
政治面貌：中共党员
基层工作经历：无限制
考试类别：中央机关及其省级直属机构综合管理类
备注：1.具有人工智能研究和实践经验。
2.具有较强文字功底。","https://www.xjhc.gov.cn/xjhc/c116834/202410/a29382e11a674da3be3353af65f9fcc5.shtml#150000-400110007002","2024-10-14","{""dataset_year"":2025,""job_uid"":""GOV-2025-150000-400110007002"",""publisher"":""国家公务员局"",""publication_page"":""https://www.xjhc.gov.cn/xjhc/c116834/202410/a29382e11a674da3be3353af65f9fcc5.shtml"",""attachment_url"":""https://www.xjhc.gov.cn/xjhc/c116834/202410/a29382e11a674da3be3353af65f9fcc5/files/0536cef86e2b46ddad6aae5a3780089e.xls"",""local_source_file"":""2025_guokao_zhaokaojianzhang.xls"",""local_source_sha256"":""07ae6cab368cd21b7a1ac3e8150fe9a3d39ad5171ce76135ff3cccfe50c3e77e"",""source_sheet"":""中央国家行政机关参照公务员法管理事业单位"",""filter_version"":""government_tech_v2"",""tech_filter"":{""is_tech"":true,""is_core_tech"":true,""scope"":""core"",""categories"":[""computer_software"",""data_ai""],""matched_fields"":[""major"",""description"",""remarks""],""major_terms"":[""智能科学与技术"",""计算机科学与技术""],""role_terms"":[""人工智能""],""reason"":""tech_major_and_role""},""original"":{""部门代码"":""150000"",""部门名称"":""中国气象局"",""用人司局"":""预报与网络司"",""机构性质"":""中央国家行政机关参照公务员法管理事业单位"",""招考职位"":""数值预报处一级主任科员及以下"",""职位属性"":""普通职位"",""职位分布"":""其他职位"",""职位简介"":""从事数值预报模式和人工智能相关管理工作。"",""职位代码"":""400110007002"",""机构层级"":""中央"",""考试类别"":""中央机关及其省级直属机构综合管理类"",""招考人数"":""1"",""专业"":""大气科学、海洋科学、地理学、系统科学、智能科学与技术、计算机科学与技术"",""学历"":""硕士研究生及以上"",""学位"":""与最高学历相对应的学位"",""政治面貌"":""中共党员"",""基层工作最低年限"":""无限制"",""服务基层项目工作经历"":""无限制"",""是否在面试阶段组织专业能力测试"":""否"",""面试人员比例"":""5:1"",""工作地点"":""北京市"",""落户地点"":""北京市"",""备注"":""1.具有人工智能研究和实践经验。\n2.具有较强文字功底。"",""部门网站"":""http://www.cma.gov.cn/"",""咨询电话1"":""010-68409044"",""咨询电话2"":"""",""咨询电话3"":"""",""来源Sheet"":""中央国家行政机关参照公务员法管理事业单位""}}"
"government_jobs","国家公务员2025招考简章","公务员/事业单位技术岗位","黑龙江省哈尔滨市","2026-07-28T09:12:58.310295+00:00","办公室一级主任科员及以下","黑龙江省气象局","","黑龙江省哈尔滨市","公务员/事业单位;2025;automation_robotics;computer_software;electronics_communication;硕士研究生及以上;与最高学历相对应的学位;大气科学、气象学、应用气象学、气候系统与气候变化、气象灾害监测与预警、行政管理、信息与通信工程、计算机科学与技术、中国语言文学;中央机关及其省级直属机构综合管理类","用人司局：黑龙江省气象局
职位简介：办公自动化和电子政务、公文写作
专业要求：大气科学、气象学、应用气象学、气候系统与气候变化、气象灾害监测与预警、行政管理、信息与通信工程、计算机科学与技术、中国语言文学
学历要求：硕士研究生及以上
学位要求：与最高学历相对应的学位
政治面貌：中共党员
基层工作经历：无限制
考试类别：中央机关及其省级直属机构综合管理类
备注：1.本职位所指专业均为具体专业名称。2.考生毕业证专业应与招录专业名称一致。","https://www.xjhc.gov.cn/xjhc/c116834/202410/a29382e11a674da3be3353af65f9fcc5.shtml#150108-400110001001","2024-10-14","{""dataset_year"":2025,""job_uid"":""GOV-2025-150108-400110001001"",""publisher"":""国家公务员局"",""publication_page"":""https://www.xjhc.gov.cn/xjhc/c116834/202410/a29382e11a674da3be3353af65f9fcc5.shtml"",""attachment_url"":""https://www.xjhc.gov.cn/xjhc/c116834/202410/a29382e11a674da3be3353af65f9fcc5/files/0536cef86e2b46ddad6aae5a3780089e.xls"",""local_source_file"":""2025_guokao_zhaokaojianzhang.xls"",""local_source_sha256"":""07ae6cab368cd21b7a1ac3e8150fe9a3d39ad5171ce76135ff3cccfe50c3e77e"",""source_sheet"":""中央国家行政机关参照公务员法管理事业单位"",""filter_version"":""government_tech_v2"",""tech_filter"":{""is_tech"":true,""is_core_tech"":true,""scope"":""core"",""categories"":[""automation_robotics"",""computer_software"",""electronics_communication""],""matched_fields"":[""major"",""description""],""major_terms"":[""信息与通信工程"",""计算机科学与技术"",""通信工程""],""role_terms"":[""自动化""],""reason"":""tech_major_and_role""},""original"":{""部门代码"":""150108"",""部门名称"":""黑龙江省气象局"",""用人司局"":""黑龙江省气象局"",""机构性质"":""中央国家行政机关参照公务员法管理事业单位"",""招考职位"":""办公室一级主任科员及以下"",""职位属性"":""普通职位"",""职位分布"":""其他职位"",""职位简介"":""办公自动化和电子政务、公文写作"",""职位代码"":""400110001001"",""机构层级"":""省（副省）级"",""考试类别"":""中央机关及其省级直属机构综合管理类"",""招考人数"":""1"",""专业"":""大气科学、气象学、应用气象学、气候系统与气候变化、气象灾害监测与预警、行政管理、信息与通信工程、计算机科学与技术、中国语言文学"",""学历"":""硕士研究生及以上"",""学位"":""与最高学历相对应的学位"",""政治面貌"":""中共党员"",""基层工作最低年限"":""无限制"",""服务基层项目工作经历"":""无限制"",""是否在面试阶段组织专业能力测试"":""否"",""面试人员比例"":""3:1"",""工作地点"":""黑龙江省哈尔滨市"",""落户地点"":""黑龙江省哈尔滨市"",""备注"":""1.本职位所指专业均为具体专业名称。2.考生毕业证专业应与招录专业名称一致。"",""部门网站"":""http://hl.cma.gov.cn/"",""咨询电话1"":""0451-82629122"",""咨询电话2"":""0451-82631826"",""咨询电话3"":"""",""来源Sheet"":""中央国家行政机关参照公务员法管理事业单位""}}"
"government_jobs","国家公务员2025招考简章","公务员/事业单位技术岗位","四川省成都市","2026-07-28T09:12:58.310295+00:00","观测与网络处一级主任科员及以下","四川省气象局","","四川省成都市","公务员/事业单位;2025;computer_software;cybersecurity_cryptography;data_ai;硕士研究生及以上;与最高学历相对应的学位;计算机应用技术、计算机网络、网络与信息安全、高性能计算、大数据与信息安全、计算机网络与信息安全、网络与信息系统安全、人工智能、人工智能与机器学习;中央机关及其省级直属机构综合管理类","用人司局：四川省气象局
职位简介：从事信息网络、信息化、网络安全管理等工作。
专业要求：计算机应用技术、计算机网络、网络与信息安全、高性能计算、大数据与信息安全、计算机网络与信息安全、网络与信息系统安全、人工智能、人工智能与机器学习
学历要求：硕士研究生及以上
学位要求：与最高学历相对应的学位
政治面貌：不限
基层工作经历：无限制
考试类别：中央机关及其省级直属机构综合管理类","https://www.xjhc.gov.cn/xjhc/c116834/202410/a29382e11a674da3be3353af65f9fcc5.shtml#150123-400110001001","2024-10-14","{""dataset_year"":2025,""job_uid"":""GOV-2025-150123-400110001001"",""publisher"":""国家公务员局"",""publication_page"":""https://www.xjhc.gov.cn/xjhc/c116834/202410/a29382e11a674da3be3353af65f9fcc5.shtml"",""attachment_url"":""https://www.xjhc.gov.cn/xjhc/c116834/202410/a29382e11a674da3be3353af65f9fcc5/files/0536cef86e2b46ddad6aae5a3780089e.xls"",""local_source_file"":""2025_guokao_zhaokaojianzhang.xls"",""local_source_sha256"":""07ae6cab368cd21b7a1ac3e8150fe9a3d39ad5171ce76135ff3cccfe50c3e77e"",""source_sheet"":""中央国家行政机关参照公务员法管理事业单位"",""filter_version"":""government_tech_v2"",""tech_filter"":{""is_tech"":true,""is_core_tech"":true,""scope"":""core"",""categories"":[""computer_software"",""cybersecurity_cryptography"",""data_ai""],""matched_fields"":[""major"",""description""],""major_terms"":[""人工智能"",""信息安全"",""大数据"",""机器学习"",""计算机""],""role_terms"":[""信息化"",""网络安全""],""reason"":""tech_major_and_role""},""original"":{""部门代码"":""150123"",""部门名称"":""四川省气象局"",""用人司局"":""四川省气象局"",""机构性质"":""中央国家行政机关参照公务员法管理事业单位"",""招考职位"":""观测与网络处一级主任科员及以下"",""职位属性"":""普通职位"",""职位分布"":""其他职位"",""职位简介"":""从事信息网络、信息化、网络安全管理等工作。"",""职位代码"":""400110001001"",""机构层级"":""省（副省）级"",""考试类别"":""中央机关及其省级直属机构综合管理类"",""招考人数"":""1"",""专业"":""计算机应用技术、计算机网络、网络与信息安全、高性能计算、大数据与信息安全、计算机网络与信息安全、网络与信息系统安全、人工智能、人工智能与机器学习"",""学历"":""硕士研究生及以上"",""学位"":""与最高学历相对应的学位"",""政治面貌"":""不限"",""基层工作最低年限"":""无限制"",""服务基层项目工作经历"":""无限制"",""是否在面试阶段组织专业能力测试"":""否"",""面试人员比例"":""3:1"",""工作地点"":""四川省成都市"",""落户地点"":""四川省成都市"",""备注"":"""",""部门网站"":""http://sc.cma.gov.cn/"",""咨询电话1"":""028-87331725"",""咨询电话2"":"""",""咨询电话3"":"""",""来源Sheet"":""中央国家行政机关参照公务员法管理事业单位""}}"
"government_jobs","国家公务员2025招考简章","公务员/事业单位技术岗位","山西省太原市","2026-07-28T09:12:58.310295+00:00","粮棉糖监管处一级主任科员及以下","国家粮食和物资储备局山西局","","山西省太原市","公务员/事业单位;2025;computer_software;cybersecurity_cryptography;electronics_communication;仅限硕士研究生;硕士;计算机科学与技术（0812）、软件工程（0835）、电子信息（0854）;中央机关及其省级直属机构综合管理类","用人司局：国家粮食和物资储备局山西局
职位简介：从事辖区内中央储备粮棉糖信息化监管工作，负责网络管理和信息化安全运行维护。
专业要求：计算机科学与技术（0812）、软件工程（0835）、电子信息（0854）
学历要求：仅限硕士研究生
学位要求：硕士
政治面貌：不限
基层工作经历：二年
考试类别：中央机关及其省级直属机构综合管理类
备注：具有网络管理和信息化安全运维相关工作经历","https://www.xjhc.gov.cn/xjhc/c116834/202410/a29382e11a674da3be3353af65f9fcc5.shtml#153103-300110103003","2024-10-14","{""dataset_year"":2025,""job_uid"":""GOV-2025-153103-300110103003"",""publisher"":""国家公务员局"",""publication_page"":""https://www.xjhc.gov.cn/xjhc/c116834/202410/a29382e11a674da3be3353af65f9fcc5.shtml"",""attachment_url"":""https://www.xjhc.gov.cn/xjhc/c116834/202410/a29382e11a674da3be3353af65f9fcc5/files/0536cef86e2b46ddad6aae5a3780089e.xls"",""local_source_file"":""2025_guokao_zhaokaojianzhang.xls"",""local_source_sha256"":""07ae6cab368cd21b7a1ac3e8150fe9a3d39ad5171ce76135ff3cccfe50c3e77e"",""source_sheet"":""中央国家行政机关省级以下直属机构"",""filter_version"":""government_tech_v2"",""tech_filter"":{""is_tech"":true,""is_core_tech"":true,""scope"":""core"",""categories"":[""computer_software"",""cybersecurity_cryptography"",""electronics_communication""],""matched_fields"":[""major"",""description"",""remarks""],""major_terms"":[""电子信息"",""计算机科学与技术"",""软件工程""],""role_terms"":[""信息化"",""安全运维"",""网络管理""],""reason"":""tech_major_and_role""},""original"":{""部门代码"":""153103"",""部门名称"":""国家粮食和物资储备局山西局"",""用人司局"":""国家粮食和物资储备局山西局"",""机构性质"":""中央国家行政机关省级以下直属机构"",""招考职位"":""粮棉糖监管处一级主任科员及以下"",""职位属性"":""普通职位"",""职位分布"":""其他职位"",""职位简介"":""从事辖区内中央储备粮棉糖信息化监管工作，负责网络管理和信息化安全运行维护。"",""职位代码"":""300110103003"",""机构层级"":""省（副省）级"",""考试类别"":""中央机关及其省级直属机构综合管理类"",""招考人数"":""1"",""专业"":""计算机科学与技术（0812）、软件工程（0835）、电子信息（0854）"",""学历"":""仅限硕士研究生"",""学位"":""硕士"",""政治面貌"":""不限"",""基层工作最低年限"":""二年"",""服务基层项目工作经历"":""无限制"",""是否在面试阶段组织专业能力测试"":""否"",""面试人员比例"":""5:1"",""工作地点"":""山西省太原市"",""落户地点"":""山西省太原市"",""备注"":""具有网络管理和信息化安全运维相关工作经历"",""部门网站"":""http://www.lswz.gov.cn/"",""咨询电话1"":""0351-7074943"",""咨询电话2"":"""",""咨询电话3"":"""",""来源Sheet"":""中央国家行政机关省级以下直属机构""}}"
"government_jobs","国家公务员2025招考简章","公务员/事业单位技术岗位","安徽省合肥市","2026-07-28T09:12:58.310295+00:00","办公室（政策法规处）一级主任科员及以下","国家粮食和物资储备局安徽局","","安徽省合肥市","公务员/事业单位;2025;computer_software;cybersecurity_cryptography;本科或硕士研究生;与最高学历相对应的学位;本科：信息安全080904K、网络空间安全080911TK、保密技术080914TK、保密管理120106TK、图书情报与档案管理类1205；研究生：网络空间安全083900、网络与信息安全085412、图书情报125500;中央机关及其省级直属机构综合管理类","用人司局：国家粮食和物资储备局安徽局
职位简介：开展机关并指导所属单位做好公文处理、秘书、档案、保密和信息管理工作。
专业要求：本科：信息安全080904K、网络空间安全080911TK、保密技术080914TK、保密管理120106TK、图书情报与档案管理类1205；研究生：网络空间安全083900、网络与信息安全085412、图书情报125500
学历要求：本科或硕士研究生
学位要求：与最高学历相对应的学位
政治面貌：中共党员
基层工作经历：二年
考试类别：中央机关及其省级直属机构综合管理类
备注：需有较好的文字表达能力、较强的沟通协调能力。","https://www.xjhc.gov.cn/xjhc/c116834/202410/a29382e11a674da3be3353af65f9fcc5.shtml#153108-300110108001","2024-10-14","{""dataset_year"":2025,""job_uid"":""GOV-2025-153108-300110108001"",""publisher"":""国家公务员局"",""publication_page"":""https://www.xjhc.gov.cn/xjhc/c116834/202410/a29382e11a674da3be3353af65f9fcc5.shtml"",""attachment_url"":""https://www.xjhc.gov.cn/xjhc/c116834/202410/a29382e11a674da3be3353af65f9fcc5/files/0536cef86e2b46ddad6aae5a3780089e.xls"",""local_source_file"":""2025_guokao_zhaokaojianzhang.xls"",""local_source_sha256"":""07ae6cab368cd21b7a1ac3e8150fe9a3d39ad5171ce76135ff3cccfe50c3e77e"",""source_sheet"":""中央国家行政机关省级以下直属机构"",""filter_version"":""government_tech_v2"",""tech_filter"":{""is_tech"":true,""is_core_tech"":true,""scope"":""core"",""categories"":[""computer_software"",""cybersecurity_cryptography""],""matched_fields"":[""major"",""description""],""major_terms"":[""保密技术"",""信息安全"",""网络空间安全""],""role_terms"":[""信息管理""],""reason"":""tech_major_and_role""},""original"":{""部门代码"":""153108"",""部门名称"":""国家粮食和物资储备局安徽局"",""用人司局"":""国家粮食和物资储备局安徽局"",""机构性质"":""中央国家行政机关省级以下直属机构"",""招考职位"":""办公室（政策法规处）一级主任科员及以下"",""职位属性"":""普通职位"",""职位分布"":""其他职位"",""职位简介"":""开展机关并指导所属单位做好公文处理、秘书、档案、保密和信息管理工作。"",""职位代码"":""300110108001"",""机构层级"":""省（副省）级"",""考试类别"":""中央机关及其省级直属机构综合管理类"",""招考人数"":""1"",""专业"":""本科：信息安全080904K、网络空间安全080911TK、保密技术080914TK、保密管理120106TK、图书情报与档案管理类1205；研究生：网络空间安全083900、网络与信息安全085412、图书情报125500"",""学历"":""本科或硕士研究生"",""学位"":""与最高学历相对应的学位"",""政治面貌"":""中共党员"",""基层工作最低年限"":""二年"",""服务基层项目工作经历"":""无限制"",""是否在面试阶段组织专业能力测试"":""否"",""面试人员比例"":""5:1"",""工作地点"":""安徽省合肥市"",""落户地点"":""安徽省合肥市"",""备注"":""需有较好的文字表达能力、较强的沟通协调能力。"",""部门网站"":""http://www.lswz.gov.cn/"",""咨询电话1"":""0551-65164161"",""咨询电话2"":""0551-65164181"",""咨询电话3"":"""",""来源Sheet"":""中央国家行政机关省级以下直属机构""}}"
"government_jobs","国家公务员2025招考简章","公务员/事业单位技术岗位","广东省广州市","2026-07-28T09:12:58.310295+00:00","执法督查处一级主任科员及以下","国家粮食和物资储备局广东局","","广东省广州市","公务员/事业单位;2025;computer_software;本科及以上;与最高学历相对应的学位;本科：审计学120207、内部审计120218T、法学030101K；研究生：审计125700、法学030100、法学理论030101、法律0351;中央机关及其省级直属机构综合管理类","用人司局：国家粮食和物资储备局广东局
职位简介：承担辖区内综合性检查督查工作；对辖区内涉及中央储备粮棉糖、石油、战略和救灾物资库存案件进行查处和督查督办；负责辖区内中央储备动态监管系统维护等。
专业要求：本科：审计学120207、内部审计120218T、法学030101K；研究生：审计125700、法学030100、法学理论030101、法律0351
学历要求：本科及以上
学位要求：与最高学历相对应的学位
政治面貌：中共党员
基层工作经历：二年
考试类别：中央机关及其省级直属机构综合管理类
备注：审计专业考生须具备2年及以上审计相关工作经历，法学、法律专业考生须具备2年及以上法律相关工作经历，并持有法律职业资格证书。","https://www.xjhc.gov.cn/xjhc/c116834/202410/a29382e11a674da3be3353af65f9fcc5.shtml#153114-300110114002","2024-10-14","{""dataset_year"":2025,""job_uid"":""GOV-2025-153114-300110114002"",""publisher"":""国家公务员局"",""publication_page"":""https://www.xjhc.gov.cn/xjhc/c116834/202410/a29382e11a674da3be3353af65f9fcc5.shtml"",""attachment_url"":""https://www.xjhc.gov.cn/xjhc/c116834/202410/a29382e11a674da3be3353af65f9fcc5/files/0536cef86e2b46ddad6aae5a3780089e.xls"",""local_source_file"":""2025_guokao_zhaokaojianzhang.xls"",""local_source_sha256"":""07ae6cab368cd21b7a1ac3e8150fe9a3d39ad5171ce76135ff3cccfe50c3e77e"",""source_sheet"":""中央国家行政机关省级以下直属机构"",""filter_version"":""government_tech_v2"",""tech_filter"":{""is_tech"":true,""is_core_tech"":true,""scope"":""core"",""categories"":[""computer_software""],""matched_fields"":[""description""],""major_terms"":[],""role_terms"":[""系统维护""],""reason"":""tech_role""},""original"":{""部门代码"":""153114"",""部门名称"":""国家粮食和物资储备局广东局"",""用人司局"":""国家粮食和物资储备局广东局"",""机构性质"":""中央国家行政机关省级以下直属机构"",""招考职位"":""执法督查处一级主任科员及以下"",""职位属性"":""普通职位"",""职位分布"":""其他职位"",""职位简介"":""承担辖区内综合性检查督查工作；对辖区内涉及中央储备粮棉糖、石油、战略和救灾物资库存案件进行查处和督查督办；负责辖区内中央储备动态监管系统维护等。"",""职位代码"":""300110114002"",""机构层级"":""省（副省）级"",""考试类别"":""中央机关及其省级直属机构综合管理类"",""招考人数"":""2"",""专业"":""本科：审计学120207、内部审计120218T、法学030101K；研究生：审计125700、法学030100、法学理论030101、法律0351"",""学历"":""本科及以上"",""学位"":""与最高学历相对应的学位"",""政治面貌"":""中共党员"",""基层工作最低年限"":""二年"",""服务基层项目工作经历"":""无限制"",""是否在面试阶段组织专业能力测试"":""否"",""面试人员比例"":""5:1"",""工作地点"":""广东省广州市"",""落户地点"":""广东省广州市"",""备注"":""审计专业考生须具备2年及以上审计相关工作经历，法学、法律专业考生须具备2年及以上法律相关工作经历，并持有法律职业资格证书。"",""部门网站"":""lswz.gov.cn"",""咨询电话1"":""020-83830111"",""咨询电话2"":"""",""咨询电话3"":"""",""来源Sheet"":""中央国家行政机关省级以下直属机构""}}"
"government_jobs","国家公务员2025招考简章","公务员/事业单位技术岗位","北京市","2026-07-28T09:12:58.310295+00:00","执勤队一级警长及以下（一）","北京出入境边防检查总站","","北京市","公务员/事业单位;2025;computer_software;electronics_communication;硕士研究生及以上;与最高学历相对应的学位;计算机科学与技术（0812）、电子科学与技术（0809）、信息与通信工程（0810）、软件工程（0835）;行政执法类","用人司局：北京出入境边防检查总站
职位简介：属于公安机关人民警察，从事出入境边防检查和应急处突、大型安保、侦查办案和出入境有关系统开发运维、通信网络保障等工作。实行轮流倒班工作制，夜间执勤较多，法定休息日及节假日不能保证正常休息休假。
专业要求：计算机科学与技术（0812）、电子科学与技术（0809）、信息与通信工程（0810）、软件工程（0835）
学历要求：硕士研究生及以上
学位要求：与最高学历相对应的学位
政治面貌：中共党员或共青团员
基层工作经历：无限制
考试类别：行政执法类
备注：1.限应届高校毕业生报考（高等学历教育各阶段均需取得相应学历和学位）。
2.大学英语等级考试四级425分以上。
3.按《公务员录用体检特殊标准（试行）》进行体检，对《公务员录用体检特殊标准（试行）》未作规定的项目，按《公务员录用体检通用标准（试行）》执行，视力标准可询招录单位。
4.按《公安机关录用人民警察体能项目和标准》进行体能测评。
5.按《公安机关录用人民警察政治考察工作办法》开展考察。具有《公安机关录用人民警察政治考察工作办法》第八条、第九条情形的，不得报考；父母、配偶或子女已移居国（境）外的，不得报考；非公派原因，曾六个月以上在国（境）外留学、工作、生活的，不得报考。
6.提供集体宿舍。可为符合条件人员办理集体户口。工资待遇按人民警察标准执行，享受加班补贴和值勤岗位津贴。有固定的探亲假和休假安排。
7.请考生及时关注“移民管理警察招考小助手”微信小程序发布的报考信息。","https://www.xjhc.gov.cn/xjhc/c116834/202410/a29382e11a674da3be3353af65f9fcc5.shtml#158101-300130001001","2024-10-14","{""dataset_year"":2025,""job_uid"":""GOV-2025-158101-300130001001"",""publisher"":""国家公务员局"",""publication_page"":""https://www.xjhc.gov.cn/xjhc/c116834/202410/a29382e11a674da3be3353af65f9fcc5.shtml"",""attachment_url"":""https://www.xjhc.gov.cn/xjhc/c116834/202410/a29382e11a674da3be3353af65f9fcc5/files/0536cef86e2b46ddad6aae5a3780089e.xls"",""local_source_file"":""2025_guokao_zhaokaojianzhang.xls"",""local_source_sha256"":""07ae6cab368cd21b7a1ac3e8150fe9a3d39ad5171ce76135ff3cccfe50c3e77e"",""source_sheet"":""中央国家行政机关省级以下直属机构"",""filter_version"":""government_tech_v2"",""tech_filter"":{""is_tech"":true,""is_core_tech"":true,""scope"":""core"",""categories"":[""computer_software"",""electronics_communication""],""matched_fields"":[""major"",""description""],""major_terms"":[""信息与通信工程"",""电子科学与技术"",""计算机科学与技术"",""软件工程"",""通信工程""],""role_terms"":[""系统开发"",""通信网络""],""reason"":""tech_major_and_role""},""original"":{""部门代码"":""158101"",""部门名称"":""北京出入境边防检查总站"",""用人司局"":""北京出入境边防检查总站"",""机构性质"":""中央国家行政机关省级以下直属机构"",""招考职位"":""执勤队一级警长及以下（一）"",""职位属性"":""公安机关人民警察职位"",""职位分布"":""其他职位"",""职位简介"":""属于公安机关人民警察，从事出入境边防检查和应急处突、大型安保、侦查办案和出入境有关系统开发运维、通信网络保障等工作。实行轮流倒班工作制，夜间执勤较多，法定休息日及节假日不能保证正常休息休假。"",""职位代码"":""300130001001"",""机构层级"":""市（地）级"",""考试类别"":""行政执法类"",""招考人数"":""8"",""专业"":""计算机科学与技术（0812）、电子科学与技术（0809）、信息与通信工程（0810）、软件工程（0835）"",""学历"":""硕士研究生及以上"",""学位"":""与最高学历相对应的学位"",""政治面貌"":""中共党员或共青团员"",""基层工作最低年限"":""无限制"",""服务基层项目工作经历"":""无限制"",""是否在面试阶段组织专业能力测试"":""否"",""面试人员比例"":""3:1"",""工作地点"":""北京市"",""落户地点"":""北京市"",""备注"":""1.限应届高校毕业生报考（高等学历教育各阶段均需取得相应学历和学位）。\n2.大学英语等级考试四级425分以上。\n3.按《公务员录用体检特殊标准（试行）》进行体检，对《公务员录用体检特殊标准（试行）》未作规定的项目，按《公务员录用体检通用标准（试行）》执行，视力标准可询招录单位。\n4.按《公安机关录用人民警察体能项目和标准》进行体能测评。\n5.按《公安机关录用人民警察政治考察工作办法》开展考察。具有《公安机关录用人民警察政治考察工作办法》第八条、第九条情形的，不得报考；父母、配偶或子女已移居国（境）外的，不得报考；非公派原因，曾六个月以上在国（境）外留学、工作、生活的，不得报考。\n6.提供集体宿舍。可为符合条件人员办理集体户口。工资待遇按人民警察标准执行，享受加班补贴和值勤岗位津贴。有固定的探亲假和休假安排。\n7.请考生及时关注“移民管理警察招考小助手”微信小程序发布的报考信息。"",""部门网站"":""https://rczk.nia.gov.cn"",""咨询电话1"":""010-56095038"",""咨询电话2"":""010-56095219"",""咨询电话3"":"""",""来源Sheet"":""中央国家行政机关省级以下直属机构""}}"
"government_jobs","国家公务员2025招考简章","公务员/事业单位技术岗位","北京市","2026-07-28T09:12:58.310295+00:00","执勤队一级警长及以下（十九）","北京出入境边防检查总站","","北京市","公务员/事业单位;2025;computer_software;data_ai;本科及以上;与最高学历相对应的学位;财务管理（120204）、会计学（120203K）、审计学（120207）、数据科学与大数据技术（080910T）、大数据管理与应用（120108T）;行政执法类","用人司局：北京出入境边防检查总站
职位简介：属于公安机关人民警察，从事出入境边防检查和应急处突、大型安保、侦查办案和财务审计、大数据分析应用等工作。实行轮流倒班工作制，夜间执勤较多，法定休息日及节假日不能保证正常休息休假。
专业要求：财务管理（120204）、会计学（120203K）、审计学（120207）、数据科学与大数据技术（080910T）、大数据管理与应用（120108T）
学历要求：本科及以上
学位要求：与最高学历相对应的学位
政治面貌：中共党员或共青团员
基层工作经历：二年
考试类别：行政执法类
备注：1.限服务期满且考核合格的大学生村官、农村义务教育阶段学校教师特设岗位计划、“三支一扶”计划、大学生志愿服务西部计划等四类服务基层项目人员报考。
2.大学英语等级考试四级425分以上。
3.按《公务员录用体检特殊标准（试行）》进行体检，对《公务员录用体检特殊标准（试行）》未作规定的项目，按《公务员录用体检通用标准（试行）》执行，视力标准可询招录单位。
4.按《公安机关录用人民警察体能项目和标准》进行体能测评。
5.按《公安机关录用人民警察政治考察工作办法》开展考察。具有《公安机关录用人民警察政治考察工作办法》第八条、第九条情形的，不得报考；父母、配偶或子女已移居国（境）外的，不得报考；非公派原因，曾六个月以上在国（境）外留学、工作、生活的，不得报考。
6.提供集体宿舍。可为符合条件人员办理集体户口。工资待遇按人民警察标准执行，享受加班补贴和值勤岗位津贴。有固定的探亲假和休假安排。 
7.仅限男性报考。
8.请考生及时关注“移民管理警察招考小助手”微信小程序发布的报考信息。","https://www.xjhc.gov.cn/xjhc/c116834/202410/a29382e11a674da3be3353af65f9fcc5.shtml#158101-300130001019","2024-10-14","{""dataset_year"":2025,""job_uid"":""GOV-2025-158101-300130001019"",""publisher"":""国家公务员局"",""publication_page"":""https://www.xjhc.gov.cn/xjhc/c116834/202410/a29382e11a674da3be3353af65f9fcc5.shtml"",""attachment_url"":""https://www.xjhc.gov.cn/xjhc/c116834/202410/a29382e11a674da3be3353af65f9fcc5/files/0536cef86e2b46ddad6aae5a3780089e.xls"",""local_source_file"":""2025_guokao_zhaokaojianzhang.xls"",""local_source_sha256"":""07ae6cab368cd21b7a1ac3e8150fe9a3d39ad5171ce76135ff3cccfe50c3e77e"",""source_sheet"":""中央国家行政机关省级以下直属机构"",""filter_version"":""government_tech_v2"",""tech_filter"":{""is_tech"":true,""is_core_tech"":true,""scope"":""core"",""categories"":[""computer_software"",""data_ai""],""matched_fields"":[""major"",""description""],""major_terms"":[""大数据"",""数据科学与大数据技术""],""role_terms"":[""大数据"",""数据分析""],""reason"":""tech_major_and_role""},""original"":{""部门代码"":""158101"",""部门名称"":""北京出入境边防检查总站"",""用人司局"":""北京出入境边防检查总站"",""机构性质"":""中央国家行政机关省级以下直属机构"",""招考职位"":""执勤队一级警长及以下（十九）"",""职位属性"":""公安机关人民警察职位"",""职位分布"":""其他职位"",""职位简介"":""属于公安机关人民警察，从事出入境边防检查和应急处突、大型安保、侦查办案和财务审计、大数据分析应用等工作。实行轮流倒班工作制，夜间执勤较多，法定休息日及节假日不能保证正常休息休假。"",""职位代码"":""300130001019"",""机构层级"":""市（地）级"",""考试类别"":""行政执法类"",""招考人数"":""4"",""专业"":""财务管理（120204）、会计学（120203K）、审计学（120207）、数据科学与大数据技术（080910T）、大数据管理与应用（120108T）"",""学历"":""本科及以上"",""学位"":""与最高学历相对应的学位"",""政治面貌"":""中共党员或共青团员"",""基层工作最低年限"":""二年"",""服务基层项目工作经历"":""大学生村官、农村义务教育阶段学校教师特设岗位计划、“三支一扶”计划、大学生志愿服务西部计划"",""是否在面试阶段组织专业能力测试"":""否"",""面试人员比例"":""3:1"",""工作地点"":""北京市"",""落户地点"":""北京市"",""备注"":""1.限服务期满且考核合格的大学生村官、农村义务教育阶段学校教师特设岗位计划、“三支一扶”计划、大学生志愿服务西部计划等四类服务基层项目人员报考。\n2.大学英语等级考试四级425分以上。\n3.按《公务员录用体检特殊标准（试行）》进行体检，对《公务员录用体检特殊标准（试行）》未作规定的项目，按《公务员录用体检通用标准（试行）》执行，视力标准可询招录单位。\n4.按《公安机关录用人民警察体能项目和标准》进行体能测评。\n5.按《公安机关录用人民警察政治考察工作办法》开展考察。具有《公安机关录用人民警察政治考察工作办法》第八条、第九条情形的，不得报考；父母、配偶或子女已移居国（境）外的，不得报考；非公派原因，曾六个月以上在国（境）外留学、工作、生活的，不得报考。\n6.提供集体宿舍。可为符合条件人员办理集体户口。工资待遇按人民警察标准执行，享受加班补贴和值勤岗位津贴。有固定的探亲假和休假安排。 \n7.仅限男性报考。\n8.请考生及时关注“移民管理警察招考小助手”微信小程序发布的报考信息。"",""部门网站"":""https://rczk.nia.gov.cn"",""咨询电话1"":""010-56095038"",""咨询电话2"":""010-56095219"",""咨询电话3"":"""",""来源Sheet"":""中央国家行政机关省级以下直属机构""}}"
"government_jobs","国家公务员2025招考简章","公务员/事业单位技术岗位","上海市","2026-07-28T09:12:58.310295+00:00","边检站一级警长及以下（八）","上海出入境边防检查总站","","上海市","公务员/事业单位;2025;computer_software;仅限硕士研究生;硕士;管理科学与工程、审计、会计;行政执法类","用人司局：上海出入境边防检查总站
职位简介：属于公安机关人民警察，主要从事出入境边防检查、信息管理与信息系统、审计、财务等工作。
专业要求：管理科学与工程、审计、会计
学历要求：仅限硕士研究生
学位要求：硕士
政治面貌：中共党员或共青团员
基层工作经历：无限制
考试类别：行政执法类
备注：1.限应届高校毕业生报考（高等学历教育各阶段均需取得相应学历和学位）。
2.大学英语等级考试六级425分及以上。
3.按《公务员录用体检特殊标准（试行）》进行体检，对《公务员录用体检特殊标准（试行）》未作规定的项目，按《公务员录用体检通用标准（试行）》执行，视力标准可询招录单位。
4.按《公安机关录用人民警察体能测评项目和标准》进行体能测评。
5.按《公安机关录用人民警察政治考察工作办法》开展考察。具有《公安机关录用人民警察政治考察工作办法》第八条、第九条情形的，不得报考；父母、配偶或子女已移居国（境）外的，不得报考；非公派原因，曾六个月以上在国（境）外留学、工作、生活的，不得报考。
6.提供集体宿舍，可为符合条件人员办理集体户口；工资待遇按人民警察标准执行，享受加班补贴和值勤岗位津贴，有固定的探亲假和休假安排。
7.在本单位最低服务年限五年（含试用期）。
8.仅限男性报考。
9.请考生及时关注“移民管理警察招考小助手”微信小程序发布的报考信息。","https://www.xjhc.gov.cn/xjhc/c116834/202410/a29382e11a674da3be3353af65f9fcc5.shtml#158103-300130263009","2024-10-14","{""dataset_year"":2025,""job_uid"":""GOV-2025-158103-300130263009"",""publisher"":""国家公务员局"",""publication_page"":""https://www.xjhc.gov.cn/xjhc/c116834/202410/a29382e11a674da3be3353af65f9fcc5.shtml"",""attachment_url"":""https://www.xjhc.gov.cn/xjhc/c116834/202410/a29382e11a674da3be3353af65f9fcc5/files/0536cef86e2b46ddad6aae5a3780089e.xls"",""local_source_file"":""2025_guokao_zhaokaojianzhang.xls"",""local_source_sha256"":""07ae6cab368cd21b7a1ac3e8150fe9a3d39ad5171ce76135ff3cccfe50c3e77e"",""source_sheet"":""中央国家行政机关省级以下直属机构"",""filter_version"":""government_tech_v2"",""tech_filter"":{""is_tech"":true,""is_core_tech"":true,""scope"":""core"",""categories"":[""computer_software""],""matched_fields"":[""description""],""major_terms"":[],""role_terms"":[""信息管理"",""信息系统""],""reason"":""tech_role""},""original"":{""部门代码"":""158103"",""部门名称"":""上海出入境边防检查总站"",""用人司局"":""上海出入境边防检查总站"",""机构性质"":""中央国家行政机关省级以下直属机构"",""招考职位"":""边检站一级警长及以下（八）"",""职位属性"":""公安机关人民警察职位"",""职位分布"":""其他职位"",""职位简介"":""属于公安机关人民警察，主要从事出入境边防检查、信息管理与信息系统、审计、财务等工作。"",""职位代码"":""300130263009"",""机构层级"":""市（地）级"",""考试类别"":""行政执法类"",""招考人数"":""5"",""专业"":""管理科学与工程、审计、会计"",""学历"":""仅限硕士研究生"",""学位"":""硕士"",""政治面貌"":""中共党员或共青团员"",""基层工作最低年限"":""无限制"",""服务基层项目工作经历"":""无限制"",""是否在面试阶段组织专业能力测试"":""否"",""面试人员比例"":""3:1"",""工作地点"":""上海市"",""落户地点"":""上海市"",""备注"":""1.限应届高校毕业生报考（高等学历教育各阶段均需取得相应学历和学位）。\n2.大学英语等级考试六级425分及以上。\n3.按《公务员录用体检特殊标准（试行）》进行体检，对《公务员录用体检特殊标准（试行）》未作规定的项目，按《公务员录用体检通用标准（试行）》执行，视力标准可询招录单位。\n4.按《公安机关录用人民警察体能测评项目和标准》进行体能测评。\n5.按《公安机关录用人民警察政治考察工作办法》开展考察。具有《公安机关录用人民警察政治考察工作办法》第八条、第九条情形的，不得报考；父母、配偶或子女已移居国（境）外的，不得报考；非公派原因，曾六个月以上在国（境）外留学、工作、生活的，不得报考。\n6.提供集体宿舍，可为符合条件人员办理集体户口；工资待遇按人民警察标准执行，享受加班补贴和值勤岗位津贴，有固定的探亲假和休假安排。\n7.在本单位最低服务年限五年（含试用期）。\n8.仅限男性报考。\n9.请考生及时关注“移民管理警察招考小助手”微信小程序发布的报考信息。"",""部门网站"":""https://rczk.nia.gov.cn"",""咨询电话1"":""021-51105133"",""咨询电话2"":""021-31366078"",""咨询电话3"":"""",""来源Sheet"":""中央国家行政机关省级以下直属机构""}}"
"government_jobs","国家公务员2025招考简章","公务员/事业单位技术岗位","上海市","2026-07-28T09:12:58.310295+00:00","边检站警务技术一级主管及以下（二）","上海出入境边防检查总站","","上海市","公务员/事业单位;2025;computer_software;cybersecurity_cryptography;data_ai;electronics_communication;本科或硕士研究生;与最高学历相对应的学位;通信工程、光电信息科学与工程、人工智能、计算机科学与技术、软件工程、网络工程、信息安全、数据科学与大数据技术、新媒体技术、土木工程;市（地）级及以下直属机构综合管理类","用人司局：上海出入境边防检查总站
职位简介：属于公安机关人民警察，主要从事出入境边防检查、网络安全维护、计算机技术支持、软件开发、数据分析等工作。
专业要求：通信工程、光电信息科学与工程、人工智能、计算机科学与技术、软件工程、网络工程、信息安全、数据科学与大数据技术、新媒体技术、土木工程
学历要求：本科或硕士研究生
学位要求：与最高学历相对应的学位
政治面貌：中共党员或共青团员
基层工作经历：无限制
考试类别：市（地）级及以下直属机构综合管理类
备注：1.限应届高校毕业生报考（高等学历教育各阶段均需取得相应学历和学位）。
2.大学英语等级考试四级425分及以上。
3.按《公务员录用体检特殊标准（试行）》进行体检，对《公务员录用体检特殊标准（试行）》未作规定的项目，按《公务员录用体检通用标准（试行）》执行，视力标准可询招录单位。
4.按《公安机关录用人民警察体能测评项目和标准》进行体能测评。
5.按《公安机关录用人民警察政治考察工作办法》开展考察。具有《公安机关录用人民警察政治考察工作办法》第八条、第九条情形的，不得报考；父母、配偶或子女已移居国（境）外的，不得报考；非公派原因，曾六个月以上在国（境）外留学、工作、生活的，不得报考。
6.提供集体宿舍，可为符合条件人员办理集体户口；工资待遇按人民警察标准执行，享受加班补贴和值勤岗位津贴，有固定的探亲假和休假安排。
7.在本单位最低服务年限五年（含试用期）。
8.仅限男性报考。
9.请考生及时关注“移民管理警察招考小助手”微信小程序发布的报考信息。","https://www.xjhc.gov.cn/xjhc/c116834/202410/a29382e11a674da3be3353af65f9fcc5.shtml#158103-300130263018","2024-10-14","{""dataset_year"":2025,""job_uid"":""GOV-2025-158103-300130263018"",""publisher"":""国家公务员局"",""publication_page"":""https://www.xjhc.gov.cn/xjhc/c116834/202410/a29382e11a674da3be3353af65f9fcc5.shtml"",""attachment_url"":""https://www.xjhc.gov.cn/xjhc/c116834/202410/a29382e11a674da3be3353af65f9fcc5/files/0536cef86e2b46ddad6aae5a3780089e.xls"",""local_source_file"":""2025_guokao_zhaokaojianzhang.xls"",""local_source_sha256"":""07ae6cab368cd21b7a1ac3e8150fe9a3d39ad5171ce76135ff3cccfe50c3e77e"",""source_sheet"":""中央国家行政机关省级以下直属机构"",""filter_version"":""government_tech_v2"",""tech_filter"":{""is_tech"":true,""is_core_tech"":true,""scope"":""core"",""categories"":[""computer_software"",""cybersecurity_cryptography"",""data_ai"",""electronics_communication""],""matched_fields"":[""major"",""description""],""major_terms"":[""人工智能"",""信息安全"",""光电信息"",""大数据"",""数据科学与大数据技术"",""网络工程"",""计算机科学与技术"",""软件工程"",""通信工程""],""role_terms"":[""数据分析"",""网络安全"",""计算机"",""软件"",""软件开发""],""reason"":""tech_major_and_role""},""original"":{""部门代码"":""158103"",""部门名称"":""上海出入境边防检查总站"",""用人司局"":""上海出入境边防检查总站"",""机构性质"":""中央国家行政机关省级以下直属机构"",""招考职位"":""边检站警务技术一级主管及以下（二）"",""职位属性"":""公安机关人民警察职位"",""职位分布"":""其他职位"",""职位简介"":""属于公安机关人民警察，主要从事出入境边防检查、网络安全维护、计算机技术支持、软件开发、数据分析等工作。"",""职位代码"":""300130263018"",""机构层级"":""市（地）级"",""考试类别"":""市（地）级及以下直属机构综合管理类"",""招考人数"":""8"",""专业"":""通信工程、光电信息科学与工程、人工智能、计算机科学与技术、软件工程、网络工程、信息安全、数据科学与大数据技术、新媒体技术、土木工程"",""学历"":""本科或硕士研究生"",""学位"":""与最高学历相对应的学位"",""政治面貌"":""中共党员或共青团员"",""基层工作最低年限"":""无限制"",""服务基层项目工作经历"":""无限制"",""是否在面试阶段组织专业能力测试"":""否"",""面试人员比例"":""3:1"",""工作地点"":""上海市"",""落户地点"":""上海市"",""备注"":""1.限应届高校毕业生报考（高等学历教育各阶段均需取得相应学历和学位）。\n2.大学英语等级考试四级425分及以上。\n3.按《公务员录用体检特殊标准（试行）》进行体检，对《公务员录用体检特殊标准（试行）》未作规定的项目，按《公务员录用体检通用标准（试行）》执行，视力标准可询招录单位。\n4.按《公安机关录用人民警察体能测评项目和标准》进行体能测评。\n5.按《公安机关录用人民警察政治考察工作办法》开展考察。具有《公安机关录用人民警察政治考察工作办法》第八条、第九条情形的，不得报考；父母、配偶或子女已移居国（境）外的，不得报考；非公派原因，曾六个月以上在国（境）外留学、工作、生活的，不得报考。\n6.提供集体宿舍，可为符合条件人员办理集体户口；工资待遇按人民警察标准执行，享受加班补贴和值勤岗位津贴，有固定的探亲假和休假安排。\n7.在本单位最低服务年限五年（含试用期）。\n8.仅限男性报考。\n9.请考生及时关注“移民管理警察招考小助手”微信小程序发布的报考信息。"",""部门网站"":""https://rczk.nia.gov.cn"",""咨询电话1"":""021-51105133"",""咨询电话2"":""021-31366078"",""咨询电话3"":"""",""来源Sheet"":""中央国家行政机关省级以下直属机构""}}"
"government_jobs","国家公务员2025招考简章","公务员/事业单位技术岗位","广东省深圳市","2026-07-28T09:12:58.310295+00:00","边检站警务技术一级主管及以下（一）","深圳出入境边防检查总站","","广东省深圳市","公务员/事业单位;2025;computer_software;data_ai;electronics_communication;硕士研究生及以上;与最高学历相对应的学位;计算机科学与技术、计算机技术、软件工程、电子科学与技术、信息与通信工程、电子信息;市（地）级及以下直属机构综合管理类","用人司局：深圳出入境边防检查总站
职位简介：属于公安机关人民警察，主要从事出入境边防检查、系统开发运维、大数据分析核查、通信网络保障等工作。
专业要求：计算机科学与技术、计算机技术、软件工程、电子科学与技术、信息与通信工程、电子信息
学历要求：硕士研究生及以上
学位要求：与最高学历相对应的学位
政治面貌：中共党员或共青团员
基层工作经历：无限制
考试类别：市（地）级及以下直属机构综合管理类
备注：1．限应届高校毕业生报考（高等学历教育各阶段均需取得相应学历和学位）。
2．大学英语等级考试四级425分以上。
3．按《公务员录用体检特殊标准（试行）》进行体检，对《公务员录用体检特殊标准（试行）》未作规定的项目，按《公务员录用体检通用标准（试行）》执行，视力标准可询招录单位。
4．按《公安机关录用人民警察体能测评项目和标准》进行体能测评。
5．按《公安机关录用人民警察政治考察工作办法》开展考察。具有《公安机关录用人民警察政治考察工作办法》第八条、第九条情形的，不得报考；父母、配偶或子女已移居国（境）外的，不得报考；非公派原因，曾六个月以上在国（境）外留学、工作、生活的，不得报考。
6．工资待遇按人民警察标准执行，享受加班补贴和值勤岗位津贴；有固定的探亲假和休假安排。
7．仅限男性报考。
8．请考生及时关注“移民管理警察招考小助手”微信小程序发布的报考信息。","https://www.xjhc.gov.cn/xjhc/c116834/202410/a29382e11a674da3be3353af65f9fcc5.shtml#158105-300130265001","2024-10-14","{""dataset_year"":2025,""job_uid"":""GOV-2025-158105-300130265001"",""publisher"":""国家公务员局"",""publication_page"":""https://www.xjhc.gov.cn/xjhc/c116834/202410/a29382e11a674da3be3353af65f9fcc5.shtml"",""attachment_url"":""https://www.xjhc.gov.cn/xjhc/c116834/202410/a29382e11a674da3be3353af65f9fcc5/files/0536cef86e2b46ddad6aae5a3780089e.xls"",""local_source_file"":""2025_guokao_zhaokaojianzhang.xls"",""local_source_sha256"":""07ae6cab368cd21b7a1ac3e8150fe9a3d39ad5171ce76135ff3cccfe50c3e77e"",""source_sheet"":""中央国家行政机关省级以下直属机构"",""filter_version"":""government_tech_v2"",""tech_filter"":{""is_tech"":true,""is_core_tech"":true,""scope"":""core"",""categories"":[""computer_software"",""data_ai"",""electronics_communication""],""matched_fields"":[""major"",""description""],""major_terms"":[""信息与通信工程"",""电子信息"",""电子科学与技术"",""计算机技术"",""计算机科学与技术"",""软件工程"",""通信工程""],""role_terms"":[""大数据"",""数据分析"",""系统开发"",""通信网络""],""reason"":""tech_major_and_role""},""original"":{""部门代码"":""158105"",""部门名称"":""深圳出入境边防检查总站"",""用人司局"":""深圳出入境边防检查总站"",""机构性质"":""中央国家行政机关省级以下直属机构"",""招考职位"":""边检站警务技术一级主管及以下（一）"",""职位属性"":""公安机关人民警察职位"",""职位分布"":""其他职位"",""职位简介"":""属于公安机关人民警察，主要从事出入境边防检查、系统开发运维、大数据分析核查、通信网络保障等工作。"",""职位代码"":""300130265001"",""机构层级"":""市（地）级"",""考试类别"":""市（地）级及以下直属机构综合管理类"",""招考人数"":""6"",""专业"":""计算机科学与技术、计算机技术、软件工程、电子科学与技术、信息与通信工程、电子信息"",""学历"":""硕士研究生及以上"",""学位"":""与最高学历相对应的学位"",""政治面貌"":""中共党员或共青团员"",""基层工作最低年限"":""无限制"",""服务基层项目工作经历"":""无限制"",""是否在面试阶段组织专业能力测试"":""否"",""面试人员比例"":""3:1"",""工作地点"":""广东省深圳市"",""落户地点"":""广东省深圳市"",""备注"":""1．限应届高校毕业生报考（高等学历教育各阶段均需取得相应学历和学位）。\n2．大学英语等级考试四级425分以上。\n3．按《公务员录用体检特殊标准（试行）》进行体检，对《公务员录用体检特殊标准（试行）》未作规定的项目，按《公务员录用体检通用标准（试行）》执行，视力标准可询招录单位。\n4．按《公安机关录用人民警察体能测评项目和标准》进行体能测评。\n5．按《公安机关录用人民警察政治考察工作办法》开展考察。具有《公安机关录用人民警察政治考察工作办法》第八条、第九条情形的，不得报考；父母、配偶或子女已移居国（境）外的，不得报考；非公派原因，曾六个月以上在国（境）外留学、工作、生活的，不得报考。\n6．工资待遇按人民警察标准执行，享受加班补贴和值勤岗位津贴；有固定的探亲假和休假安排。\n7．仅限男性报考。\n8．请考生及时关注“移民管理警察招考小助手”微信小程序发布的报考信息。"",""部门网站"":""https://rczk.nia.gov.cn"",""咨询电话1"":""0755-84498360"",""咨询电话2"":""0755-84498347"",""咨询电话3"":"""",""来源Sheet"":""中央国家行政机关省级以下直属机构""}}"
"government_jobs","国家公务员2025招考简章","公务员/事业单位技术岗位","广东省深圳市","2026-07-28T09:12:58.310295+00:00","边检站警务技术一级主管及以下（二）","深圳出入境边防检查总站","","广东省深圳市","公务员/事业单位;2025;computer_software;data_ai;electronics_communication;仅限硕士研究生;硕士;计算机科学与技术、计算机技术、软件工程;市（地）级及以下直属机构综合管理类","用人司局：深圳出入境边防检查总站
职位简介：属于公安机关人民警察，主要从事出入境边防检查、系统开发运维、大数据分析核查、通信网络保障等工作。
专业要求：计算机科学与技术、计算机技术、软件工程
学历要求：仅限硕士研究生
学位要求：硕士
政治面貌：中共党员或共青团员
基层工作经历：无限制
考试类别：市（地）级及以下直属机构综合管理类
备注：1．限应届高校毕业生报考（高等学历教育各阶段均需取得相应学历和学位）。
2．大学英语等级考试四级425分以上。
3．按《公务员录用体检特殊标准（试行）》进行体检，对《公务员录用体检特殊标准（试行）》未作规定的项目，按《公务员录用体检通用标准（试行）》执行，视力标准可询招录单位。
4．按《公安机关录用人民警察体能测评项目和标准》进行体能测评。
5．按《公安机关录用人民警察政治考察工作办法》开展考察。具有《公安机关录用人民警察政治考察工作办法》第八条、第九条情形的，不得报考；父母、配偶或子女已移居国（境）外的，不得报考；非公派原因，曾六个月以上在国（境）外留学、工作、生活的，不得报考。
6．工资待遇按人民警察标准执行，享受加班补贴和值勤岗位津贴；有固定的探亲假和休假安排。
7．仅限男性报考。
8．请考生及时关注“移民管理警察招考小助手”微信小程序发布的报考信息。","https://www.xjhc.gov.cn/xjhc/c116834/202410/a29382e11a674da3be3353af65f9fcc5.shtml#158105-300130265003","2024-10-14","{""dataset_year"":2025,""job_uid"":""GOV-2025-158105-300130265003"",""publisher"":""国家公务员局"",""publication_page"":""https://www.xjhc.gov.cn/xjhc/c116834/202410/a29382e11a674da3be3353af65f9fcc5.shtml"",""attachment_url"":""https://www.xjhc.gov.cn/xjhc/c116834/202410/a29382e11a674da3be3353af65f9fcc5/files/0536cef86e2b46ddad6aae5a3780089e.xls"",""local_source_file"":""2025_guokao_zhaokaojianzhang.xls"",""local_source_sha256"":""07ae6cab368cd21b7a1ac3e8150fe9a3d39ad5171ce76135ff3cccfe50c3e77e"",""source_sheet"":""中央国家行政机关省级以下直属机构"",""filter_version"":""government_tech_v2"",""tech_filter"":{""is_tech"":true,""is_core_tech"":true,""scope"":""core"",""categories"":[""computer_software"",""data_ai"",""electronics_communication""],""matched_fields"":[""major"",""description""],""major_terms"":[""计算机技术"",""计算机科学与技术"",""软件工程""],""role_terms"":[""大数据"",""数据分析"",""系统开发"",""通信网络""],""reason"":""tech_major_and_role""},""original"":{""部门代码"":""158105"",""部门名称"":""深圳出入境边防检查总站"",""用人司局"":""深圳出入境边防检查总站"",""机构性质"":""中央国家行政机关省级以下直属机构"",""招考职位"":""边检站警务技术一级主管及以下（二）"",""职位属性"":""公安机关人民警察职位"",""职位分布"":""其他职位"",""职位简介"":""属于公安机关人民警察，主要从事出入境边防检查、系统开发运维、大数据分析核查、通信网络保障等工作。"",""职位代码"":""300130265003"",""机构层级"":""市（地）级"",""考试类别"":""市（地）级及以下直属机构综合管理类"",""招考人数"":""5"",""专业"":""计算机科学与技术、计算机技术、软件工程"",""学历"":""仅限硕士研究生"",""学位"":""硕士"",""政治面貌"":""中共党员或共青团员"",""基层工作最低年限"":""无限制"",""服务基层项目工作经历"":""无限制"",""是否在面试阶段组织专业能力测试"":""否"",""面试人员比例"":""3:1"",""工作地点"":""广东省深圳市"",""落户地点"":""广东省深圳市"",""备注"":""1．限应届高校毕业生报考（高等学历教育各阶段均需取得相应学历和学位）。\n2．大学英语等级考试四级425分以上。\n3．按《公务员录用体检特殊标准（试行）》进行体检，对《公务员录用体检特殊标准（试行）》未作规定的项目，按《公务员录用体检通用标准（试行）》执行，视力标准可询招录单位。\n4．按《公安机关录用人民警察体能测评项目和标准》进行体能测评。\n5．按《公安机关录用人民警察政治考察工作办法》开展考察。具有《公安机关录用人民警察政治考察工作办法》第八条、第九条情形的，不得报考；父母、配偶或子女已移居国（境）外的，不得报考；非公派原因，曾六个月以上在国（境）外留学、工作、生活的，不得报考。\n6．工资待遇按人民警察标准执行，享受加班补贴和值勤岗位津贴；有固定的探亲假和休假安排。\n7．仅限男性报考。\n8．请考生及时关注“移民管理警察招考小助手”微信小程序发布的报考信息。"",""部门网站"":""https://rczk.nia.gov.cn"",""咨询电话1"":""0755-84498360"",""咨询电话2"":""0755-84498347"",""咨询电话3"":"""",""来源Sheet"":""中央国家行政机关省级以下直属机构""}}"
"government_jobs","国家公务员2025招考简章","公务员/事业单位技术岗位","广东省深圳市","2026-07-28T09:12:58.310295+00:00","边检站警务技术一级主管及以下（三）","深圳出入境边防检查总站","","广东省深圳市","公务员/事业单位;2025;computer_software;data_ai;electronics_communication;仅限硕士研究生;硕士;电子科学与技术、信息与通信工程、电子信息;市（地）级及以下直属机构综合管理类","用人司局：深圳出入境边防检查总站
职位简介：属于公安机关人民警察，主要从事出入境边防检查、系统开发运维、大数据分析核查、通信网络保障等工作。
专业要求：电子科学与技术、信息与通信工程、电子信息
学历要求：仅限硕士研究生
学位要求：硕士
政治面貌：中共党员或共青团员
基层工作经历：无限制
考试类别：市（地）级及以下直属机构综合管理类
备注：1．限应届高校毕业生报考（高等学历教育各阶段均需取得相应学历和学位）。
2．大学英语等级考试四级425分以上。
3．按《公务员录用体检特殊标准（试行）》进行体检，对《公务员录用体检特殊标准（试行）》未作规定的项目，按《公务员录用体检通用标准（试行）》执行，视力标准可询招录单位。
4．按《公安机关录用人民警察体能测评项目和标准》进行体能测评。
5．按《公安机关录用人民警察政治考察工作办法》开展考察。具有《公安机关录用人民警察政治考察工作办法》第八条、第九条情形的，不得报考；父母、配偶或子女已移居国（境）外的，不得报考；非公派原因，曾六个月以上在国（境）外留学、工作、生活的，不得报考。
6．工资待遇按人民警察标准执行，享受加班补贴和值勤岗位津贴；有固定的探亲假和休假安排。
7．仅限男性报考。
8．请考生及时关注“移民管理警察招考小助手”微信小程序发布的报考信息。","https://www.xjhc.gov.cn/xjhc/c116834/202410/a29382e11a674da3be3353af65f9fcc5.shtml#158105-300130265004","2024-10-14","{""dataset_year"":2025,""job_uid"":""GOV-2025-158105-300130265004"",""publisher"":""国家公务员局"",""publication_page"":""https://www.xjhc.gov.cn/xjhc/c116834/202410/a29382e11a674da3be3353af65f9fcc5.shtml"",""attachment_url"":""https://www.xjhc.gov.cn/xjhc/c116834/202410/a29382e11a674da3be3353af65f9fcc5/files/0536cef86e2b46ddad6aae5a3780089e.xls"",""local_source_file"":""2025_guokao_zhaokaojianzhang.xls"",""local_source_sha256"":""07ae6cab368cd21b7a1ac3e8150fe9a3d39ad5171ce76135ff3cccfe50c3e77e"",""source_sheet"":""中央国家行政机关省级以下直属机构"",""filter_version"":""government_tech_v2"",""tech_filter"":{""is_tech"":true,""is_core_tech"":true,""scope"":""core"",""categories"":[""computer_software"",""data_ai"",""electronics_communication""],""matched_fields"":[""major"",""description""],""major_terms"":[""信息与通信工程"",""电子信息"",""电子科学与技术"",""通信工程""],""role_terms"":[""大数据"",""数据分析"",""系统开发"",""通信网络""],""reason"":""tech_major_and_role""},""original"":{""部门代码"":""158105"",""部门名称"":""深圳出入境边防检查总站"",""用人司局"":""深圳出入境边防检查总站"",""机构性质"":""中央国家行政机关省级以下直属机构"",""招考职位"":""边检站警务技术一级主管及以下（三）"",""职位属性"":""公安机关人民警察职位"",""职位分布"":""其他职位"",""职位简介"":""属于公安机关人民警察，主要从事出入境边防检查、系统开发运维、大数据分析核查、通信网络保障等工作。"",""职位代码"":""300130265004"",""机构层级"":""市（地）级"",""考试类别"":""市（地）级及以下直属机构综合管理类"",""招考人数"":""5"",""专业"":""电子科学与技术、信息与通信工程、电子信息"",""学历"":""仅限硕士研究生"",""学位"":""硕士"",""政治面貌"":""中共党员或共青团员"",""基层工作最低年限"":""无限制"",""服务基层项目工作经历"":""无限制"",""是否在面试阶段组织专业能力测试"":""否"",""面试人员比例"":""3:1"",""工作地点"":""广东省深圳市"",""落户地点"":""广东省深圳市"",""备注"":""1．限应届高校毕业生报考（高等学历教育各阶段均需取得相应学历和学位）。\n2．大学英语等级考试四级425分以上。\n3．按《公务员录用体检特殊标准（试行）》进行体检，对《公务员录用体检特殊标准（试行）》未作规定的项目，按《公务员录用体检通用标准（试行）》执行，视力标准可询招录单位。\n4．按《公安机关录用人民警察体能测评项目和标准》进行体能测评。\n5．按《公安机关录用人民警察政治考察工作办法》开展考察。具有《公安机关录用人民警察政治考察工作办法》第八条、第九条情形的，不得报考；父母、配偶或子女已移居国（境）外的，不得报考；非公派原因，曾六个月以上在国（境）外留学、工作、生活的，不得报考。\n6．工资待遇按人民警察标准执行，享受加班补贴和值勤岗位津贴；有固定的探亲假和休假安排。\n7．仅限男性报考。\n8．请考生及时关注“移民管理警察招考小助手”微信小程序发布的报考信息。"",""部门网站"":""https://rczk.nia.gov.cn"",""咨询电话1"":""0755-84498360"",""咨询电话2"":""0755-84498347"",""咨询电话3"":"""",""来源Sheet"":""中央国家行政机关省级以下直属机构""}}"
"government_jobs","国家公务员2025招考简章","公务员/事业单位技术岗位","广东省深圳市","2026-07-28T09:12:58.310295+00:00","边检站警务技术一级主管及以下（四）","深圳出入境边防检查总站","","广东省深圳市","公务员/事业单位;2025;computer_software;data_ai;electronics_communication;本科及以上;与最高学历相对应的学位;计算机类、电子信息类;市（地）级及以下直属机构综合管理类","用人司局：深圳出入境边防检查总站
职位简介：属于公安机关人民警察，主要从事出入境边防检查、系统开发运维、大数据分析核查、通信网络保障等工作。
专业要求：计算机类、电子信息类
学历要求：本科及以上
学位要求：与最高学历相对应的学位
政治面貌：中共党员或共青团员
基层工作经历：无限制
考试类别：市（地）级及以下直属机构综合管理类
备注：1．限应届高校毕业生报考（高等学历教育各阶段均需取得相应学历和学位）。
2．大学英语等级考试四级425分以上。
3．按《公务员录用体检特殊标准（试行）》进行体检，对《公务员录用体检特殊标准（试行）》未作规定的项目，按《公务员录用体检通用标准（试行）》执行，视力标准可询招录单位。
4．按《公安机关录用人民警察体能测评项目和标准》进行体能测评。
5．按《公安机关录用人民警察政治考察工作办法》开展考察。具有《公安机关录用人民警察政治考察工作办法》第八条、第九条情形的，不得报考；父母、配偶或子女已移居国（境）外的，不得报考；非公派原因，曾六个月以上在国（境）外留学、工作、生活的，不得报考。
6．工资待遇按人民警察标准执行，享受加班补贴和值勤岗位津贴；有固定的探亲假和休假安排。
7．请考生及时关注“移民管理警察招考小助手”微信小程序发布的报考信息。","https://www.xjhc.gov.cn/xjhc/c116834/202410/a29382e11a674da3be3353af65f9fcc5.shtml#158105-300130265013","2024-10-14","{""dataset_year"":2025,""job_uid"":""GOV-2025-158105-300130265013"",""publisher"":""国家公务员局"",""publication_page"":""https://www.xjhc.gov.cn/xjhc/c116834/202410/a29382e11a674da3be3353af65f9fcc5.shtml"",""attachment_url"":""https://www.xjhc.gov.cn/xjhc/c116834/202410/a29382e11a674da3be3353af65f9fcc5/files/0536cef86e2b46ddad6aae5a3780089e.xls"",""local_source_file"":""2025_guokao_zhaokaojianzhang.xls"",""local_source_sha256"":""07ae6cab368cd21b7a1ac3e8150fe9a3d39ad5171ce76135ff3cccfe50c3e77e"",""source_sheet"":""中央国家行政机关省级以下直属机构"",""filter_version"":""government_tech_v2"",""tech_filter"":{""is_tech"":true,""is_core_tech"":true,""scope"":""core"",""categories"":[""computer_software"",""data_ai"",""electronics_communication""],""matched_fields"":[""major"",""description""],""major_terms"":[""电子信息类"",""计算机类""],""role_terms"":[""大数据"",""数据分析"",""系统开发"",""通信网络""],""reason"":""tech_major_and_role""},""original"":{""部门代码"":""158105"",""部门名称"":""深圳出入境边防检查总站"",""用人司局"":""深圳出入境边防检查总站"",""机构性质"":""中央国家行政机关省级以下直属机构"",""招考职位"":""边检站警务技术一级主管及以下（四）"",""职位属性"":""公安机关人民警察职位"",""职位分布"":""其他职位"",""职位简介"":""属于公安机关人民警察，主要从事出入境边防检查、系统开发运维、大数据分析核查、通信网络保障等工作。"",""职位代码"":""300130265013"",""机构层级"":""市（地）级"",""考试类别"":""市（地）级及以下直属机构综合管理类"",""招考人数"":""5"",""专业"":""计算机类、电子信息类"",""学历"":""本科及以上"",""学位"":""与最高学历相对应的学位"",""政治面貌"":""中共党员或共青团员"",""基层工作最低年限"":""无限制"",""服务基层项目工作经历"":""无限制"",""是否在面试阶段组织专业能力测试"":""否"",""面试人员比例"":""3:1"",""工作地点"":""广东省深圳市"",""落户地点"":""广东省深圳市"",""备注"":""1．限应届高校毕业生报考（高等学历教育各阶段均需取得相应学历和学位）。\n2．大学英语等级考试四级425分以上。\n3．按《公务员录用体检特殊标准（试行）》进行体检，对《公务员录用体检特殊标准（试行）》未作规定的项目，按《公务员录用体检通用标准（试行）》执行，视力标准可询招录单位。\n4．按《公安机关录用人民警察体能测评项目和标准》进行体能测评。\n5．按《公安机关录用人民警察政治考察工作办法》开展考察。具有《公安机关录用人民警察政治考察工作办法》第八条、第九条情形的，不得报考；父母、配偶或子女已移居国（境）外的，不得报考；非公派原因，曾六个月以上在国（境）外留学、工作、生活的，不得报考。\n6．工资待遇按人民警察标准执行，享受加班补贴和值勤岗位津贴；有固定的探亲假和休假安排。\n7．请考生及时关注“移民管理警察招考小助手”微信小程序发布的报考信息。"",""部门网站"":""https://rczk.nia.gov.cn"",""咨询电话1"":""0755-84498360"",""咨询电话2"":""0755-84498347"",""咨询电话3"":"""",""来源Sheet"":""中央国家行政机关省级以下直属机构""}}"
"government_jobs","国家公务员2025招考简章","公务员/事业单位技术岗位","广东省深圳市","2026-07-28T09:12:58.310295+00:00","边检站一级警长及以下（十四）","深圳出入境边防检查总站","","广东省深圳市","公务员/事业单位;2025;computer_software;cybersecurity_cryptography;data_ai;本科及以上;与最高学历相对应的学位;新媒体技术、网络与新媒体、数字媒体艺术、新媒体艺术、影视摄影与制作、信息安全、网络空间安全、数据科学与大数据技术、数据计算及应用;行政执法类","用人司局：深圳出入境边防检查总站
职位简介：属于公安机关人民警察，主要从事出入境边防检查、公文写作、新闻宣传、新媒体运营、融媒体平台搭建维护、警营文化建设、系统开发运维、大数据分析核查等工作。
专业要求：新媒体技术、网络与新媒体、数字媒体艺术、新媒体艺术、影视摄影与制作、信息安全、网络空间安全、数据科学与大数据技术、数据计算及应用
学历要求：本科及以上
学位要求：与最高学历相对应的学位
政治面貌：中共党员或共青团员
基层工作经历：无限制
考试类别：行政执法类
备注：1．限应届高校毕业生报考（高等学历教育各阶段均需取得相应学历和学位）。
2．大学英语等级考试四级425分以上。
3．按《公务员录用体检特殊标准（试行）》进行体检，对《公务员录用体检特殊标准（试行）》未作规定的项目，按《公务员录用体检通用标准（试行）》执行，视力标准可询招录单位。
4．按《公安机关录用人民警察体能测评项目和标准》进行体能测评。
5．按《公安机关录用人民警察政治考察工作办法》开展考察。具有《公安机关录用人民警察政治考察工作办法》第八条、第九条情形的，不得报考；父母、配偶或子女已移居国（境）外的，不得报考；非公派原因，曾六个月以上在国（境）外留学、工作、生活的，不得报考。
6．工资待遇按人民警察标准执行，享受加班补贴和值勤岗位津贴；有固定的探亲假和休假安排。
7．仅限男性报考。
8．请考生及时关注“移民管理警察招考小助手”微信小程序发布的报考信息。","https://www.xjhc.gov.cn/xjhc/c116834/202410/a29382e11a674da3be3353af65f9fcc5.shtml#158105-300130265018","2024-10-14","{""dataset_year"":2025,""job_uid"":""GOV-2025-158105-300130265018"",""publisher"":""国家公务员局"",""publication_page"":""https://www.xjhc.gov.cn/xjhc/c116834/202410/a29382e11a674da3be3353af65f9fcc5.shtml"",""attachment_url"":""https://www.xjhc.gov.cn/xjhc/c116834/202410/a29382e11a674da3be3353af65f9fcc5/files/0536cef86e2b46ddad6aae5a3780089e.xls"",""local_source_file"":""2025_guokao_zhaokaojianzhang.xls"",""local_source_sha256"":""07ae6cab368cd21b7a1ac3e8150fe9a3d39ad5171ce76135ff3cccfe50c3e77e"",""source_sheet"":""中央国家行政机关省级以下直属机构"",""filter_version"":""government_tech_v2"",""tech_filter"":{""is_tech"":true,""is_core_tech"":true,""scope"":""core"",""categories"":[""computer_software"",""cybersecurity_cryptography"",""data_ai""],""matched_fields"":[""major"",""description""],""major_terms"":[""信息安全"",""大数据"",""数据科学与大数据技术"",""网络空间安全""],""role_terms"":[""大数据"",""数据分析"",""系统开发""],""reason"":""tech_major_and_role""},""original"":{""部门代码"":""158105"",""部门名称"":""深圳出入境边防检查总站"",""用人司局"":""深圳出入境边防检查总站"",""机构性质"":""中央国家行政机关省级以下直属机构"",""招考职位"":""边检站一级警长及以下（十四）"",""职位属性"":""公安机关人民警察职位"",""职位分布"":""其他职位"",""职位简介"":""属于公安机关人民警察，主要从事出入境边防检查、公文写作、新闻宣传、新媒体运营、融媒体平台搭建维护、警营文化建设、系统开发运维、大数据分析核查等工作。"",""职位代码"":""300130265018"",""机构层级"":""市（地）级"",""考试类别"":""行政执法类"",""招考人数"":""5"",""专业"":""新媒体技术、网络与新媒体、数字媒体艺术、新媒体艺术、影视摄影与制作、信息安全、网络空间安全、数据科学与大数据技术、数据计算及应用"",""学历"":""本科及以上"",""学位"":""与最高学历相对应的学位"",""政治面貌"":""中共党员或共青团员"",""基层工作最低年限"":""无限制"",""服务基层项目工作经历"":""无限制"",""是否在面试阶段组织专业能力测试"":""否"",""面试人员比例"":""3:1"",""工作地点"":""广东省深圳市"",""落户地点"":""广东省深圳市"",""备注"":""1．限应届高校毕业生报考（高等学历教育各阶段均需取得相应学历和学位）。\n2．大学英语等级考试四级425分以上。\n3．按《公务员录用体检特殊标准（试行）》进行体检，对《公务员录用体检特殊标准（试行）》未作规定的项目，按《公务员录用体检通用标准（试行）》执行，视力标准可询招录单位。\n4．按《公安机关录用人民警察体能测评项目和标准》进行体能测评。\n5．按《公安机关录用人民警察政治考察工作办法》开展考察。具有《公安机关录用人民警察政治考察工作办法》第八条、第九条情形的，不得报考；父母、配偶或子女已移居国（境）外的，不得报考；非公派原因，曾六个月以上在国（境）外留学、工作、生活的，不得报考。\n6．工资待遇按人民警察标准执行，享受加班补贴和值勤岗位津贴；有固定的探亲假和休假安排。\n7．仅限男性报考。\n8．请考生及时关注“移民管理警察招考小助手”微信小程序发布的报考信息。"",""部门网站"":""https://rczk.nia.gov.cn"",""咨询电话1"":""0755-84498360"",""咨询电话2"":""0755-84498347"",""咨询电话3"":"""",""来源Sheet"":""中央国家行政机关省级以下直属机构""}}"
"government_jobs","国家公务员2025招考简章","公务员/事业单位技术岗位","广东省深圳市","2026-07-28T09:12:58.310295+00:00","边检站一级警长及以下（十五）","深圳出入境边防检查总站","","广东省深圳市","公务员/事业单位;2025;computer_software;cybersecurity_cryptography;本科及以上;与最高学历相对应的学位;密码科学与技术、保密管理、档案学;行政执法类","用人司局：深圳出入境边防检查总站
职位简介：属于公安机关人民警察，主要从事出入境边防检查、相关文件传输及设备安全保障、文件档案管理等工作。
专业要求：密码科学与技术、保密管理、档案学
学历要求：本科及以上
学位要求：与最高学历相对应的学位
政治面貌：中共党员或共青团员
基层工作经历：无限制
考试类别：行政执法类
备注：1．限应届高校毕业生报考（高等学历教育各阶段均需取得相应学历和学位）。
2．大学英语等级考试四级425分以上。
3．按《公务员录用体检特殊标准（试行）》进行体检，对《公务员录用体检特殊标准（试行）》未作规定的项目，按《公务员录用体检通用标准（试行）》执行，视力标准可询招录单位。
4．按《公安机关录用人民警察体能测评项目和标准》进行体能测评。
5．按《公安机关录用人民警察政治考察工作办法》开展考察。具有《公安机关录用人民警察政治考察工作办法》第八条、第九条情形的，不得报考；父母、配偶或子女已移居国（境）外的，不得报考；非公派原因，曾六个月以上在国（境）外留学、工作、生活的，不得报考。
6．工资待遇按人民警察标准执行，享受加班补贴和值勤岗位津贴；有固定的探亲假和休假安排。
7．仅限男性报考。
8．请考生及时关注“移民管理警察招考小助手”微信小程序发布的报考信息。","https://www.xjhc.gov.cn/xjhc/c116834/202410/a29382e11a674da3be3353af65f9fcc5.shtml#158105-300130265019","2024-10-14","{""dataset_year"":2025,""job_uid"":""GOV-2025-158105-300130265019"",""publisher"":""国家公务员局"",""publication_page"":""https://www.xjhc.gov.cn/xjhc/c116834/202410/a29382e11a674da3be3353af65f9fcc5.shtml"",""attachment_url"":""https://www.xjhc.gov.cn/xjhc/c116834/202410/a29382e11a674da3be3353af65f9fcc5/files/0536cef86e2b46ddad6aae5a3780089e.xls"",""local_source_file"":""2025_guokao_zhaokaojianzhang.xls"",""local_source_sha256"":""07ae6cab368cd21b7a1ac3e8150fe9a3d39ad5171ce76135ff3cccfe50c3e77e"",""source_sheet"":""中央国家行政机关省级以下直属机构"",""filter_version"":""government_tech_v2"",""tech_filter"":{""is_tech"":true,""is_core_tech"":true,""scope"":""core"",""categories"":[""computer_software"",""cybersecurity_cryptography""],""matched_fields"":[""major"",""description""],""major_terms"":[""密码科学"",""密码科学与技术""],""role_terms"":[""设备安全保障""],""reason"":""tech_major_and_role""},""original"":{""部门代码"":""158105"",""部门名称"":""深圳出入境边防检查总站"",""用人司局"":""深圳出入境边防检查总站"",""机构性质"":""中央国家行政机关省级以下直属机构"",""招考职位"":""边检站一级警长及以下（十五）"",""职位属性"":""公安机关人民警察职位"",""职位分布"":""其他职位"",""职位简介"":""属于公安机关人民警察，主要从事出入境边防检查、相关文件传输及设备安全保障、文件档案管理等工作。"",""职位代码"":""300130265019"",""机构层级"":""市（地）级"",""考试类别"":""行政执法类"",""招考人数"":""2"",""专业"":""密码科学与技术、保密管理、档案学"",""学历"":""本科及以上"",""学位"":""与最高学历相对应的学位"",""政治面貌"":""中共党员或共青团员"",""基层工作最低年限"":""无限制"",""服务基层项目工作经历"":""无限制"",""是否在面试阶段组织专业能力测试"":""否"",""面试人员比例"":""3:1"",""工作地点"":""广东省深圳市"",""落户地点"":""广东省深圳市"",""备注"":""1．限应届高校毕业生报考（高等学历教育各阶段均需取得相应学历和学位）。\n2．大学英语等级考试四级425分以上。\n3．按《公务员录用体检特殊标准（试行）》进行体检，对《公务员录用体检特殊标准（试行）》未作规定的项目，按《公务员录用体检通用标准（试行）》执行，视力标准可询招录单位。\n4．按《公安机关录用人民警察体能测评项目和标准》进行体能测评。\n5．按《公安机关录用人民警察政治考察工作办法》开展考察。具有《公安机关录用人民警察政治考察工作办法》第八条、第九条情形的，不得报考；父母、配偶或子女已移居国（境）外的，不得报考；非公派原因，曾六个月以上在国（境）外留学、工作、生活的，不得报考。\n6．工资待遇按人民警察标准执行，享受加班补贴和值勤岗位津贴；有固定的探亲假和休假安排。\n7．仅限男性报考。\n8．请考生及时关注“移民管理警察招考小助手”微信小程序发布的报考信息。"",""部门网站"":""https://rczk.nia.gov.cn"",""咨询电话1"":""0755-84498360"",""咨询电话2"":""0755-84498347"",""咨询电话3"":"""",""来源Sheet"":""中央国家行政机关省级以下直属机构""}}"
"government_jobs","国家公务员2025招考简章","公务员/事业单位技术岗位","广东省深圳市","2026-07-28T09:12:58.310295+00:00","边检站一级警长及以下（二十）","深圳出入境边防检查总站","","广东省深圳市","公务员/事业单位;2025;computer_software;cybersecurity_cryptography;data_ai;electronics_communication;本科及以上;与最高学历相对应的学位;计算机类、电子信息类、建筑类、土木类、工程造价、密码科学与技术、保密管理、统计学类、档案学;行政执法类","用人司局：深圳出入境边防检查总站
职位简介：属于公安机关人民警察，主要从事出入境边防检查、系统开发运维、大数据分析核查、相关文件传输及设备安全保障、文件档案管理、警务保障等工作。
专业要求：计算机类、电子信息类、建筑类、土木类、工程造价、密码科学与技术、保密管理、统计学类、档案学
学历要求：本科及以上
学位要求：与最高学历相对应的学位
政治面貌：中共党员
基层工作经历：二年
考试类别：行政执法类
备注：1．限服务期满且考核合格的大学生村官、农村义务教育阶段学校教师特设岗位计划、“三支一扶”计划、大学生志愿服务西部计划人员以及在军队服役5年（含）以上的高校毕业生退役士兵报考。
2．大学英语等级考试四级425分以上。
3．按《公务员录用体检特殊标准（试行）》进行体检，对《公务员录用体检特殊标准（试行）》未作规定的项目，按《公务员录用体检通用标准（试行）》执行，视力标准可询招录单位。
4．按《公安机关录用人民警察体能测评项目和标准》进行体能测评。
5．按《公安机关录用人民警察政治考察工作办法》开展考察。具有《公安机关录用人民警察政治考察工作办法》第八条、第九条情形的，不得报考；父母、配偶或子女已移居国（境）外的，不得报考；非公派原因，曾六个月以上在国（境）外留学、工作、生活的，不得报考。
6．工资待遇按人民警察标准执行，享受加班补贴和值勤岗位津贴；有固定的探亲假和休假安排。
7．仅限男性报考。
8．请考生及时关注“移民管理警察招考小助手”微信小程序发布的报考信息。","https://www.xjhc.gov.cn/xjhc/c116834/202410/a29382e11a674da3be3353af65f9fcc5.shtml#158105-300130265024","2024-10-14","{""dataset_year"":2025,""job_uid"":""GOV-2025-158105-300130265024"",""publisher"":""国家公务员局"",""publication_page"":""https://www.xjhc.gov.cn/xjhc/c116834/202410/a29382e11a674da3be3353af65f9fcc5.shtml"",""attachment_url"":""https://www.xjhc.gov.cn/xjhc/c116834/202410/a29382e11a674da3be3353af65f9fcc5/files/0536cef86e2b46ddad6aae5a3780089e.xls"",""local_source_file"":""2025_guokao_zhaokaojianzhang.xls"",""local_source_sha256"":""07ae6cab368cd21b7a1ac3e8150fe9a3d39ad5171ce76135ff3cccfe50c3e77e"",""source_sheet"":""中央国家行政机关省级以下直属机构"",""filter_version"":""government_tech_v2"",""tech_filter"":{""is_tech"":true,""is_core_tech"":true,""scope"":""core"",""categories"":[""computer_software"",""cybersecurity_cryptography"",""data_ai"",""electronics_communication""],""matched_fields"":[""major"",""description""],""major_terms"":[""密码科学"",""密码科学与技术"",""电子信息类"",""计算机类""],""role_terms"":[""大数据"",""数据分析"",""系统开发"",""设备安全保障""],""reason"":""tech_major_and_role""},""original"":{""部门代码"":""158105"",""部门名称"":""深圳出入境边防检查总站"",""用人司局"":""深圳出入境边防检查总站"",""机构性质"":""中央国家行政机关省级以下直属机构"",""招考职位"":""边检站一级警长及以下（二十）"",""职位属性"":""公安机关人民警察职位"",""职位分布"":""其他职位"",""职位简介"":""属于公安机关人民警察，主要从事出入境边防检查、系统开发运维、大数据分析核查、相关文件传输及设备安全保障、文件档案管理、警务保障等工作。"",""职位代码"":""300130265024"",""机构层级"":""市（地）级"",""考试类别"":""行政执法类"",""招考人数"":""6"",""专业"":""计算机类、电子信息类、建筑类、土木类、工程造价、密码科学与技术、保密管理、统计学类、档案学"",""学历"":""本科及以上"",""学位"":""与最高学历相对应的学位"",""政治面貌"":""中共党员"",""基层工作最低年限"":""二年"",""服务基层项目工作经历"":""大学生村官、农村义务教育阶段学校教师特设岗位计划、“三支一扶”计划、大学生志愿服务西部计划、在军队服役5年（含）以上的高校毕业生退役士兵"",""是否在面试阶段组织专业能力测试"":""否"",""面试人员比例"":""3:1"",""工作地点"":""广东省深圳市"",""落户地点"":""广东省深圳市"",""备注"":""1．限服务期满且考核合格的大学生村官、农村义务教育阶段学校教师特设岗位计划、“三支一扶”计划、大学生志愿服务西部计划人员以及在军队服役5年（含）以上的高校毕业生退役士兵报考。\n2．大学英语等级考试四级425分以上。\n3．按《公务员录用体检特殊标准（试行）》进行体检，对《公务员录用体检特殊标准（试行）》未作规定的项目，按《公务员录用体检通用标准（试行）》执行，视力标准可询招录单位。\n4．按《公安机关录用人民警察体能测评项目和标准》进行体能测评。\n5．按《公安机关录用人民警察政治考察工作办法》开展考察。具有《公安机关录用人民警察政治考察工作办法》第八条、第九条情形的，不得报考；父母、配偶或子女已移居国（境）外的，不得报考；非公派原因，曾六个月以上在国（境）外留学、工作、生活的，不得报考。\n6．工资待遇按人民警察标准执行，享受加班补贴和值勤岗位津贴；有固定的探亲假和休假安排。\n7．仅限男性报考。\n8．请考生及时关注“移民管理警察招考小助手”微信小程序发布的报考信息。"",""部门网站"":""https://rczk.nia.gov.cn"",""咨询电话1"":""0755-84498360"",""咨询电话2"":""0755-84498347"",""咨询电话3"":"""",""来源Sheet"":""中央国家行政机关省级以下直属机构""}}"
"government_jobs","国家公务员2025招考简章","公务员/事业单位技术岗位","广东省汕头市","2026-07-28T09:12:58.310295+00:00","边检站一级警长及以下（二十二）","深圳出入境边防检查总站","","广东省汕头市","公务员/事业单位;2025;computer_software;data_ai;本科及以上;与最高学历相对应的学位;工程造价、工程审计、工程管理、计算机科学与技术、会计学、财务管理、航海技术;行政执法类","用人司局：深圳出入境边防检查总站
职位简介：属于公安机关人民警察，主要从事出入境边防检查、系统开发运维、大数据分析核查、财务、审计、警务保障等工作。
专业要求：工程造价、工程审计、工程管理、计算机科学与技术、会计学、财务管理、航海技术
学历要求：本科及以上
学位要求：与最高学历相对应的学位
政治面貌：中共党员或共青团员
基层工作经历：无限制
考试类别：行政执法类
备注：1．限应届高校毕业生报考（高等学历教育各阶段均需取得相应学历和学位）。
2．大学英语等级考试四级425分以上。
3．按《公务员录用体检特殊标准（试行）》进行体检，对《公务员录用体检特殊标准（试行）》未作规定的项目，按《公务员录用体检通用标准（试行）》执行，视力标准可询招录单位。
4．按《公安机关录用人民警察体能测评项目和标准》进行体能测评。
5．按《公安机关录用人民警察政治考察工作办法》开展考察。具有《公安机关录用人民警察政治考察工作办法》第八条、第九条情形的，不得报考；父母、配偶或子女已移居国（境）外的，不得报考；非公派原因，曾六个月以上在国（境）外留学、工作、生活的，不得报考。
6．工资待遇按人民警察标准执行，享受加班补贴和值勤岗位津贴；有固定的探亲假和休假安排。
7．仅限男性报考。
8．请考生及时关注“移民管理警察招考小助手”微信小程序发布的报考信息。","https://www.xjhc.gov.cn/xjhc/c116834/202410/a29382e11a674da3be3353af65f9fcc5.shtml#158105-300130265026","2024-10-14","{""dataset_year"":2025,""job_uid"":""GOV-2025-158105-300130265026"",""publisher"":""国家公务员局"",""publication_page"":""https://www.xjhc.gov.cn/xjhc/c116834/202410/a29382e11a674da3be3353af65f9fcc5.shtml"",""attachment_url"":""https://www.xjhc.gov.cn/xjhc/c116834/202410/a29382e11a674da3be3353af65f9fcc5/files/0536cef86e2b46ddad6aae5a3780089e.xls"",""local_source_file"":""2025_guokao_zhaokaojianzhang.xls"",""local_source_sha256"":""07ae6cab368cd21b7a1ac3e8150fe9a3d39ad5171ce76135ff3cccfe50c3e77e"",""source_sheet"":""中央国家行政机关省级以下直属机构"",""filter_version"":""government_tech_v2"",""tech_filter"":{""is_tech"":true,""is_core_tech"":true,""scope"":""core"",""categories"":[""computer_software"",""data_ai""],""matched_fields"":[""major"",""description""],""major_terms"":[""计算机科学与技术""],""role_terms"":[""大数据"",""数据分析"",""系统开发""],""reason"":""tech_major_and_role""},""original"":{""部门代码"":""158105"",""部门名称"":""深圳出入境边防检查总站"",""用人司局"":""深圳出入境边防检查总站"",""机构性质"":""中央国家行政机关省级以下直属机构"",""招考职位"":""边检站一级警长及以下（二十二）"",""职位属性"":""公安机关人民警察职位"",""职位分布"":""其他职位"",""职位简介"":""属于公安机关人民警察，主要从事出入境边防检查、系统开发运维、大数据分析核查、财务、审计、警务保障等工作。"",""职位代码"":""300130265026"",""机构层级"":""市（地）级"",""考试类别"":""行政执法类"",""招考人数"":""2"",""专业"":""工程造价、工程审计、工程管理、计算机科学与技术、会计学、财务管理、航海技术"",""学历"":""本科及以上"",""学位"":""与最高学历相对应的学位"",""政治面貌"":""中共党员或共青团员"",""基层工作最低年限"":""无限制"",""服务基层项目工作经历"":""无限制"",""是否在面试阶段组织专业能力测试"":""否"",""面试人员比例"":""3:1"",""工作地点"":""广东省汕头市"",""落户地点"":""广东省汕头市"",""备注"":""1．限应届高校毕业生报考（高等学历教育各阶段均需取得相应学历和学位）。\n2．大学英语等级考试四级425分以上。\n3．按《公务员录用体检特殊标准（试行）》进行体检，对《公务员录用体检特殊标准（试行）》未作规定的项目，按《公务员录用体检通用标准（试行）》执行，视力标准可询招录单位。\n4．按《公安机关录用人民警察体能测评项目和标准》进行体能测评。\n5．按《公安机关录用人民警察政治考察工作办法》开展考察。具有《公安机关录用人民警察政治考察工作办法》第八条、第九条情形的，不得报考；父母、配偶或子女已移居国（境）外的，不得报考；非公派原因，曾六个月以上在国（境）外留学、工作、生活的，不得报考。\n6．工资待遇按人民警察标准执行，享受加班补贴和值勤岗位津贴；有固定的探亲假和休假安排。\n7．仅限男性报考。\n8．请考生及时关注“移民管理警察招考小助手”微信小程序发布的报考信息。"",""部门网站"":""https://rczk.nia.gov.cn"",""咨询电话1"":""0755-84498360"",""咨询电话2"":""0755-84498347"",""咨询电话3"":"""",""来源Sheet"":""中央国家行政机关省级以下直属机构""}}"
"government_jobs","国家公务员2025招考简章","公务员/事业单位技术岗位","广东省珠海市","2026-07-28T09:12:58.310295+00:00","边检站一级警长及以下（三）","珠海出入境边防检查总站","","广东省珠海市","公务员/事业单位;2025;automation_robotics;computer_software;electronics_communication;本科及以上;与最高学历相对应的学位;本科：0809计算机类、0807电子信息类、0808自动化类； 硕士研究生及以上：0812计算机科学与技术、0854电子信息、0809电子科学与技术、0810信息与通信工程;行政执法类","用人司局：珠海出入境边防检查总站
职位简介：属于公安机关人民警察，从事出入境边防检查、监护巡查、技术保障与研发、软件开发等工作。
专业要求：本科：0809计算机类、0807电子信息类、0808自动化类； 硕士研究生及以上：0812计算机科学与技术、0854电子信息、0809电子科学与技术、0810信息与通信工程
学历要求：本科及以上
学位要求：与最高学历相对应的学位
政治面貌：中共党员或共青团员
基层工作经历：无限制
考试类别：行政执法类
备注：1.限应届高校毕业生报考（高等学历教育各阶段均需取得相应学历和学位）。
2.大学英语等级考试四级425分以上。
3.按《公务员录用体检特殊标准（试行）》进行体检，对《公务员录用体检特殊标准（试行）》未作规定的项目，按《公务员录用体检通用标准（试行）》执行，视力标准可询招录单位。
4.按《公安机关录用人民警察体能测评项目和标准》进行体能测评。
5.按《公安机关录用人民警察政治考察工作办法》开展考察。具有《公安机关录用人民警察政治考察工作办法》第八条、第九条情形的，不得报考；父母、配偶或子女已移居国（境）外的，不得报考；非公派原因，曾六个月以上在国（境）外留学、工作、生活的，不得报考。
6.提供集体宿舍，可为符合条件人员办理集体户口，工资待遇按人民警察标准执行，享受加班补贴和值勤岗位津贴，有固定的探亲假和休假安排。
7.请考生及时关注“移民管理警察招考小助手”微信小程序发布的报考信息。","https://www.xjhc.gov.cn/xjhc/c116834/202410/a29382e11a674da3be3353af65f9fcc5.shtml#158106-300130266003","2024-10-14","{""dataset_year"":2025,""job_uid"":""GOV-2025-158106-300130266003"",""publisher"":""国家公务员局"",""publication_page"":""https://www.xjhc.gov.cn/xjhc/c116834/202410/a29382e11a674da3be3353af65f9fcc5.shtml"",""attachment_url"":""https://www.xjhc.gov.cn/xjhc/c116834/202410/a29382e11a674da3be3353af65f9fcc5/files/0536cef86e2b46ddad6aae5a3780089e.xls"",""local_source_file"":""2025_guokao_zhaokaojianzhang.xls"",""local_source_sha256"":""07ae6cab368cd21b7a1ac3e8150fe9a3d39ad5171ce76135ff3cccfe50c3e77e"",""source_sheet"":""中央国家行政机关省级以下直属机构"",""filter_version"":""government_tech_v2"",""tech_filter"":{""is_tech"":true,""is_core_tech"":true,""scope"":""core"",""categories"":[""automation_robotics"",""computer_software"",""electronics_communication""],""matched_fields"":[""major"",""description""],""major_terms"":[""信息与通信工程"",""电子信息"",""电子信息类"",""电子科学与技术"",""自动化类"",""计算机科学与技术"",""计算机类"",""通信工程""],""role_terms"":[""软件"",""软件开发""],""reason"":""tech_major_and_role""},""original"":{""部门代码"":""158106"",""部门名称"":""珠海出入境边防检查总站"",""用人司局"":""珠海出入境边防检查总站"",""机构性质"":""中央国家行政机关省级以下直属机构"",""招考职位"":""边检站一级警长及以下（三）"",""职位属性"":""公安机关人民警察职位"",""职位分布"":""其他职位"",""职位简介"":""属于公安机关人民警察，从事出入境边防检查、监护巡查、技术保障与研发、软件开发等工作。"",""职位代码"":""300130266003"",""机构层级"":""市（地）级"",""考试类别"":""行政执法类"",""招考人数"":""4"",""专业"":""本科：0809计算机类、0807电子信息类、0808自动化类； 硕士研究生及以上：0812计算机科学与技术、0854电子信息、0809电子科学与技术、0810信息与通信工程"",""学历"":""本科及以上"",""学位"":""与最高学历相对应的学位"",""政治面貌"":""中共党员或共青团员"",""基层工作最低年限"":""无限制"",""服务基层项目工作经历"":""无限制"",""是否在面试阶段组织专业能力测试"":""否"",""面试人员比例"":""3:1"",""工作地点"":""广东省珠海市"",""落户地点"":""广东省珠海市"",""备注"":""1.限应届高校毕业生报考（高等学历教育各阶段均需取得相应学历和学位）。\n2.大学英语等级考试四级425分以上。\n3.按《公务员录用体检特殊标准（试行）》进行体检，对《公务员录用体检特殊标准（试行）》未作规定的项目，按《公务员录用体检通用标准（试行）》执行，视力标准可询招录单位。\n4.按《公安机关录用人民警察体能测评项目和标准》进行体能测评。\n5.按《公安机关录用人民警察政治考察工作办法》开展考察。具有《公安机关录用人民警察政治考察工作办法》第八条、第九条情形的，不得报考；父母、配偶或子女已移居国（境）外的，不得报考；非公派原因，曾六个月以上在国（境）外留学、工作、生活的，不得报考。\n6.提供集体宿舍，可为符合条件人员办理集体户口，工资待遇按人民警察标准执行，享受加班补贴和值勤岗位津贴，有固定的探亲假和休假安排。\n7.请考生及时关注“移民管理警察招考小助手”微信小程序发布的报考信息。"",""部门网站"":""https://rczk.nia.gov.cn"",""咨询电话1"":""0756-8166205"",""咨询电话2"":""0756-8166220"",""咨询电话3"":""0756-8166233"",""来源Sheet"":""中央国家行政机关省级以下直属机构""}}"
"government_jobs","国家公务员2025招考简章","公务员/事业单位技术岗位","广东省珠海市","2026-07-28T09:12:58.310295+00:00","边检站一级警长及以下（四）","珠海出入境边防检查总站","","广东省珠海市","公务员/事业单位;2025;computer_software;cybersecurity_cryptography;electronics_communication;硕士研究生及以上;与最高学历相对应的学位;0812计算机科学与技术、0854电子信息、0809电子科学与技术、0810信息与通信工程、0835软件工程、0839网络空间安全;行政执法类","用人司局：珠海出入境边防检查总站
职位简介：属于公安机关人民警察，从事出入境边防检查、监护巡查、技术保障与研发、软件开发等工作。
专业要求：0812计算机科学与技术、0854电子信息、0809电子科学与技术、0810信息与通信工程、0835软件工程、0839网络空间安全
学历要求：硕士研究生及以上
学位要求：与最高学历相对应的学位
政治面貌：中共党员或共青团员
基层工作经历：无限制
考试类别：行政执法类
备注：1.限应届高校毕业生报考（高等学历教育各阶段均需取得相应学历和学位）。
2.大学英语等级考试四级425分以上。
3.按《公务员录用体检特殊标准（试行）》进行体检，对《公务员录用体检特殊标准（试行）》未作规定的项目，按《公务员录用体检通用标准（试行）》执行，视力标准可询招录单位。
4.按《公安机关录用人民警察体能测评项目和标准》进行体能测评。
5.按《公安机关录用人民警察政治考察工作办法》开展考察。具有《公安机关录用人民警察政治考察工作办法》第八条、第九条情形的，不得报考；父母、配偶或子女已移居国（境）外的，不得报考；非公派原因，曾六个月以上在国（境）外留学、工作、生活的，不得报考。
6.提供集体宿舍，可为符合条件人员办理集体户口，工资待遇按人民警察标准执行，享受加班补贴和值勤岗位津贴，有固定的探亲假和休假安排。
7.仅限男性报考。
8.请考生及时关注“移民管理警察招考小助手”微信小程序发布的报考信息。","https://www.xjhc.gov.cn/xjhc/c116834/202410/a29382e11a674da3be3353af65f9fcc5.shtml#158106-300130266004","2024-10-14","{""dataset_year"":2025,""job_uid"":""GOV-2025-158106-300130266004"",""publisher"":""国家公务员局"",""publication_page"":""https://www.xjhc.gov.cn/xjhc/c116834/202410/a29382e11a674da3be3353af65f9fcc5.shtml"",""attachment_url"":""https://www.xjhc.gov.cn/xjhc/c116834/202410/a29382e11a674da3be3353af65f9fcc5/files/0536cef86e2b46ddad6aae5a3780089e.xls"",""local_source_file"":""2025_guokao_zhaokaojianzhang.xls"",""local_source_sha256"":""07ae6cab368cd21b7a1ac3e8150fe9a3d39ad5171ce76135ff3cccfe50c3e77e"",""source_sheet"":""中央国家行政机关省级以下直属机构"",""filter_version"":""government_tech_v2"",""tech_filter"":{""is_tech"":true,""is_core_tech"":true,""scope"":""core"",""categories"":[""computer_software"",""cybersecurity_cryptography"",""electronics_communication""],""matched_fields"":[""major"",""description""],""major_terms"":[""信息与通信工程"",""电子信息"",""电子科学与技术"",""网络空间安全"",""计算机科学与技术"",""软件工程"",""通信工程""],""role_terms"":[""软件"",""软件开发""],""reason"":""tech_major_and_role""},""original"":{""部门代码"":""158106"",""部门名称"":""珠海出入境边防检查总站"",""用人司局"":""珠海出入境边防检查总站"",""机构性质"":""中央国家行政机关省级以下直属机构"",""招考职位"":""边检站一级警长及以下（四）"",""职位属性"":""公安机关人民警察职位"",""职位分布"":""其他职位"",""职位简介"":""属于公安机关人民警察，从事出入境边防检查、监护巡查、技术保障与研发、软件开发等工作。"",""职位代码"":""300130266004"",""机构层级"":""市（地）级"",""考试类别"":""行政执法类"",""招考人数"":""4"",""专业"":""0812计算机科学与技术、0854电子信息、0809电子科学与技术、0810信息与通信工程、0835软件工程、0839网络空间安全"",""学历"":""硕士研究生及以上"",""学位"":""与最高学历相对应的学位"",""政治面貌"":""中共党员或共青团员"",""基层工作最低年限"":""无限制"",""服务基层项目工作经历"":""无限制"",""是否在面试阶段组织专业能力测试"":""否"",""面试人员比例"":""3:1"",""工作地点"":""广东省珠海市"",""落户地点"":""广东省珠海市"",""备注"":""1.限应届高校毕业生报考（高等学历教育各阶段均需取得相应学历和学位）。\n2.大学英语等级考试四级425分以上。\n3.按《公务员录用体检特殊标准（试行）》进行体检，对《公务员录用体检特殊标准（试行）》未作规定的项目，按《公务员录用体检通用标准（试行）》执行，视力标准可询招录单位。\n4.按《公安机关录用人民警察体能测评项目和标准》进行体能测评。\n5.按《公安机关录用人民警察政治考察工作办法》开展考察。具有《公安机关录用人民警察政治考察工作办法》第八条、第九条情形的，不得报考；父母、配偶或子女已移居国（境）外的，不得报考；非公派原因，曾六个月以上在国（境）外留学、工作、生活的，不得报考。\n6.提供集体宿舍，可为符合条件人员办理集体户口，工资待遇按人民警察标准执行，享受加班补贴和值勤岗位津贴，有固定的探亲假和休假安排。\n7.仅限男性报考。\n8.请考生及时关注“移民管理警察招考小助手”微信小程序发布的报考信息。"",""部门网站"":""https://rczk.nia.gov.cn"",""咨询电话1"":""0756-8166205"",""咨询电话2"":""0756-8166220"",""咨询电话3"":""0756-8166233"",""来源Sheet"":""中央国家行政机关省级以下直属机构""}}"
"government_jobs","国家公务员2025招考简章","公务员/事业单位技术岗位","广东省珠海市","2026-07-28T09:12:58.310295+00:00","边检站一级警长及以下（二十）","珠海出入境边防检查总站","","广东省珠海市","公务员/事业单位;2025;computer_software;data_ai;本科及以上;与最高学历相对应的学位;本科：大数据管理与应用；硕士研究生及以上：大数据管理;行政执法类","用人司局：珠海出入境边防检查总站
职位简介：属于公安机关人民警察，从事出入境边防检查、监护巡查、数据分析等工作。
专业要求：本科：大数据管理与应用；硕士研究生及以上：大数据管理
学历要求：本科及以上
学位要求：与最高学历相对应的学位
政治面貌：中共党员或共青团员
基层工作经历：无限制
考试类别：行政执法类
备注：1.限应届高校毕业生报考（高等学历教育各阶段均需取得相应学历和学位）。
2.大学英语等级考试四级425分以上。
3.按《公务员录用体检特殊标准（试行）》进行体检，对《公务员录用体检特殊标准（试行）》未作规定的项目，按《公务员录用体检通用标准（试行）》执行，视力标准可询招录单位。
4.按《公安机关录用人民警察体能测评项目和标准》进行体能测评。
5.按《公安机关录用人民警察政治考察工作办法》开展考察。具有《公安机关录用人民警察政治考察工作办法》第八条、第九条情形的，不得报考；父母、配偶或子女已移居国（境）外的，不得报考；非公派原因，曾六个月以上在国（境）外留学、工作、生活的，不得报考。
6.提供集体宿舍，可为符合条件人员办理集体户口，工资待遇按人民警察标准执行，享受加班补贴和值勤岗位津贴，有固定的探亲假和休假安排。
7.仅限男性报考。
8.请考生及时关注“移民管理警察招考小助手”微信小程序发布的报考信息。","https://www.xjhc.gov.cn/xjhc/c116834/202410/a29382e11a674da3be3353af65f9fcc5.shtml#158106-300130266020","2024-10-14","{""dataset_year"":2025,""job_uid"":""GOV-2025-158106-300130266020"",""publisher"":""国家公务员局"",""publication_page"":""https://www.xjhc.gov.cn/xjhc/c116834/202410/a29382e11a674da3be3353af65f9fcc5.shtml"",""attachment_url"":""https://www.xjhc.gov.cn/xjhc/c116834/202410/a29382e11a674da3be3353af65f9fcc5/files/0536cef86e2b46ddad6aae5a3780089e.xls"",""local_source_file"":""2025_guokao_zhaokaojianzhang.xls"",""local_source_sha256"":""07ae6cab368cd21b7a1ac3e8150fe9a3d39ad5171ce76135ff3cccfe50c3e77e"",""source_sheet"":""中央国家行政机关省级以下直属机构"",""filter_version"":""government_tech_v2"",""tech_filter"":{""is_tech"":true,""is_core_tech"":true,""scope"":""core"",""categories"":[""computer_software"",""data_ai""],""matched_fields"":[""major"",""description""],""major_terms"":[""大数据""],""role_terms"":[""数据分析""],""reason"":""tech_major_and_role""},""original"":{""部门代码"":""158106"",""部门名称"":""珠海出入境边防检查总站"",""用人司局"":""珠海出入境边防检查总站"",""机构性质"":""中央国家行政机关省级以下直属机构"",""招考职位"":""边检站一级警长及以下（二十）"",""职位属性"":""公安机关人民警察职位"",""职位分布"":""其他职位"",""职位简介"":""属于公安机关人民警察，从事出入境边防检查、监护巡查、数据分析等工作。"",""职位代码"":""300130266020"",""机构层级"":""市（地）级"",""考试类别"":""行政执法类"",""招考人数"":""3"",""专业"":""本科：大数据管理与应用；硕士研究生及以上：大数据管理"",""学历"":""本科及以上"",""学位"":""与最高学历相对应的学位"",""政治面貌"":""中共党员或共青团员"",""基层工作最低年限"":""无限制"",""服务基层项目工作经历"":""无限制"",""是否在面试阶段组织专业能力测试"":""否"",""面试人员比例"":""3:1"",""工作地点"":""广东省珠海市"",""落户地点"":""广东省珠海市"",""备注"":""1.限应届高校毕业生报考（高等学历教育各阶段均需取得相应学历和学位）。\n2.大学英语等级考试四级425分以上。\n3.按《公务员录用体检特殊标准（试行）》进行体检，对《公务员录用体检特殊标准（试行）》未作规定的项目，按《公务员录用体检通用标准（试行）》执行，视力标准可询招录单位。\n4.按《公安机关录用人民警察体能测评项目和标准》进行体能测评。\n5.按《公安机关录用人民警察政治考察工作办法》开展考察。具有《公安机关录用人民警察政治考察工作办法》第八条、第九条情形的，不得报考；父母、配偶或子女已移居国（境）外的，不得报考；非公派原因，曾六个月以上在国（境）外留学、工作、生活的，不得报考。\n6.提供集体宿舍，可为符合条件人员办理集体户口，工资待遇按人民警察标准执行，享受加班补贴和值勤岗位津贴，有固定的探亲假和休假安排。\n7.仅限男性报考。\n8.请考生及时关注“移民管理警察招考小助手”微信小程序发布的报考信息。"",""部门网站"":""https://rczk.nia.gov.cn"",""咨询电话1"":""0756-8166205"",""咨询电话2"":""0756-8166220"",""咨询电话3"":""0756-8166233"",""来源Sheet"":""中央国家行政机关省级以下直属机构""}}"
"government_jobs","国家公务员2025招考简章","公务员/事业单位技术岗位","广东省湛江市","2026-07-28T09:12:58.310295+00:00","边检站一级警长及以下（二十六）","珠海出入境边防检查总站","","广东省湛江市","公务员/事业单位;2025;automation_robotics;computer_software;electronics_communication;本科及以上;与最高学历相对应的学位;本科：0809计算机类、0807电子信息类、0808自动化类； 硕士研究生及以上：0812计算机科学与技术、0854电子信息、0809电子科学与技术、0810信息与通信工程;行政执法类","用人司局：珠海出入境边防检查总站
职位简介：属于公安机关人民警察，从事出入境边防检查、监护巡查、技术保障与研发、软件开发等工作。
专业要求：本科：0809计算机类、0807电子信息类、0808自动化类； 硕士研究生及以上：0812计算机科学与技术、0854电子信息、0809电子科学与技术、0810信息与通信工程
学历要求：本科及以上
学位要求：与最高学历相对应的学位
政治面貌：中共党员或共青团员
基层工作经历：无限制
考试类别：行政执法类
备注：1.限应届高校毕业生报考（高等学历教育各阶段均需取得相应学历和学位）。
2.大学英语等级考试四级425分以上。
3.按《公务员录用体检特殊标准（试行）》进行体检，对《公务员录用体检特殊标准（试行）》未作规定的项目，按《公务员录用体检通用标准（试行）》执行，视力标准可询招录单位。
4.按《公安机关录用人民警察体能测评项目和标准》进行体能测评。
5.按《公安机关录用人民警察政治考察工作办法》开展考察。具有《公安机关录用人民警察政治考察工作办法》第八条、第九条情形的，不得报考；父母、配偶或子女已移居国（境）外的，不得报考；非公派原因，曾六个月以上在国（境）外留学、工作、生活的，不得报考。
6.提供集体宿舍，可为符合条件人员办理集体户口，工资待遇按人民警察标准执行，享受加班补贴和值勤岗位津贴，有固定的探亲假和休假安排。
7.仅限男性报考。
8.请考生及时关注“移民管理警察招考小助手”微信小程序发布的报考信息。","https://www.xjhc.gov.cn/xjhc/c116834/202410/a29382e11a674da3be3353af65f9fcc5.shtml#158106-300130266026","2024-10-14","{""dataset_year"":2025,""job_uid"":""GOV-2025-158106-300130266026"",""publisher"":""国家公务员局"",""publication_page"":""https://www.xjhc.gov.cn/xjhc/c116834/202410/a29382e11a674da3be3353af65f9fcc5.shtml"",""attachment_url"":""https://www.xjhc.gov.cn/xjhc/c116834/202410/a29382e11a674da3be3353af65f9fcc5/files/0536cef86e2b46ddad6aae5a3780089e.xls"",""local_source_file"":""2025_guokao_zhaokaojianzhang.xls"",""local_source_sha256"":""07ae6cab368cd21b7a1ac3e8150fe9a3d39ad5171ce76135ff3cccfe50c3e77e"",""source_sheet"":""中央国家行政机关省级以下直属机构"",""filter_version"":""government_tech_v2"",""tech_filter"":{""is_tech"":true,""is_core_tech"":true,""scope"":""core"",""categories"":[""automation_robotics"",""computer_software"",""electronics_communication""],""matched_fields"":[""major"",""description""],""major_terms"":[""信息与通信工程"",""电子信息"",""电子信息类"",""电子科学与技术"",""自动化类"",""计算机科学与技术"",""计算机类"",""通信工程""],""role_terms"":[""软件"",""软件开发""],""reason"":""tech_major_and_role""},""original"":{""部门代码"":""158106"",""部门名称"":""珠海出入境边防检查总站"",""用人司局"":""珠海出入境边防检查总站"",""机构性质"":""中央国家行政机关省级以下直属机构"",""招考职位"":""边检站一级警长及以下（二十六）"",""职位属性"":""公安机关人民警察职位"",""职位分布"":""其他职位"",""职位简介"":""属于公安机关人民警察，从事出入境边防检查、监护巡查、技术保障与研发、软件开发等工作。"",""职位代码"":""300130266026"",""机构层级"":""市（地）级"",""考试类别"":""行政执法类"",""招考人数"":""2"",""专业"":""本科：0809计算机类、0807电子信息类、0808自动化类； 硕士研究生及以上：0812计算机科学与技术、0854电子信息、0809电子科学与技术、0810信息与通信工程"",""学历"":""本科及以上"",""学位"":""与最高学历相对应的学位"",""政治面貌"":""中共党员或共青团员"",""基层工作最低年限"":""无限制"",""服务基层项目工作经历"":""无限制"",""是否在面试阶段组织专业能力测试"":""否"",""面试人员比例"":""3:1"",""工作地点"":""广东省湛江市"",""落户地点"":""广东省湛江市"",""备注"":""1.限应届高校毕业生报考（高等学历教育各阶段均需取得相应学历和学位）。\n2.大学英语等级考试四级425分以上。\n3.按《公务员录用体检特殊标准（试行）》进行体检，对《公务员录用体检特殊标准（试行）》未作规定的项目，按《公务员录用体检通用标准（试行）》执行，视力标准可询招录单位。\n4.按《公安机关录用人民警察体能测评项目和标准》进行体能测评。\n5.按《公安机关录用人民警察政治考察工作办法》开展考察。具有《公安机关录用人民警察政治考察工作办法》第八条、第九条情形的，不得报考；父母、配偶或子女已移居国（境）外的，不得报考；非公派原因，曾六个月以上在国（境）外留学、工作、生活的，不得报考。\n6.提供集体宿舍，可为符合条件人员办理集体户口，工资待遇按人民警察标准执行，享受加班补贴和值勤岗位津贴，有固定的探亲假和休假安排。\n7.仅限男性报考。\n8.请考生及时关注“移民管理警察招考小助手”微信小程序发布的报考信息。"",""部门网站"":""https://rczk.nia.gov.cn"",""咨询电话1"":""0756-8166205"",""咨询电话2"":""0756-8166220"",""咨询电话3"":""0756-8166233"",""来源Sheet"":""中央国家行政机关省级以下直属机构""}}"
"government_jobs","国家公务员2025招考简章","公务员/事业单位技术岗位","广东省江门市台山市","2026-07-28T09:12:58.310295+00:00","边检站一级警长及以下（二十八）","珠海出入境边防检查总站","","广东省江门市台山市","公务员/事业单位;2025;automation_robotics;computer_software;electronics_communication;本科及以上;与最高学历相对应的学位;本科：0809计算机类、0807电子信息类、0808自动化类； 硕士研究生及以上：0812计算机科学与技术、0854电子信息、0809电子科学与技术、0810信息与通信工程;行政执法类","用人司局：珠海出入境边防检查总站
职位简介：属于公安机关人民警察，从事出入境边防检查、监护巡查、技术保障与研发、软件开发等工作。
专业要求：本科：0809计算机类、0807电子信息类、0808自动化类； 硕士研究生及以上：0812计算机科学与技术、0854电子信息、0809电子科学与技术、0810信息与通信工程
学历要求：本科及以上
学位要求：与最高学历相对应的学位
政治面貌：中共党员或共青团员
基层工作经历：无限制
考试类别：行政执法类
备注：1.限应届高校毕业生报考（高等学历教育各阶段均需取得相应学历和学位）。
2.大学英语等级考试四级425分以上。
3.按《公务员录用体检特殊标准（试行）》进行体检，对《公务员录用体检特殊标准（试行）》未作规定的项目，按《公务员录用体检通用标准（试行）》执行，视力标准可询招录单位。
4.按《公安机关录用人民警察体能测评项目和标准》进行体能测评。
5.按《公安机关录用人民警察政治考察工作办法》开展考察。具有《公安机关录用人民警察政治考察工作办法》第八条、第九条情形的，不得报考；父母、配偶或子女已移居国（境）外的，不得报考；非公派原因，曾六个月以上在国（境）外留学、工作、生活的，不得报考。
6.提供集体宿舍，可为符合条件人员办理集体户口，工资待遇按人民警察标准执行，享受加班补贴和值勤岗位津贴，有固定的探亲假和休假安排。
7.仅限男性报考。
8.请考生及时关注“移民管理警察招考小助手”微信小程序发布的报考信息。","https://www.xjhc.gov.cn/xjhc/c116834/202410/a29382e11a674da3be3353af65f9fcc5.shtml#158106-300130266028","2024-10-14","{""dataset_year"":2025,""job_uid"":""GOV-2025-158106-300130266028"",""publisher"":""国家公务员局"",""publication_page"":""https://www.xjhc.gov.cn/xjhc/c116834/202410/a29382e11a674da3be3353af65f9fcc5.shtml"",""attachment_url"":""https://www.xjhc.gov.cn/xjhc/c116834/202410/a29382e11a674da3be3353af65f9fcc5/files/0536cef86e2b46ddad6aae5a3780089e.xls"",""local_source_file"":""2025_guokao_zhaokaojianzhang.xls"",""local_source_sha256"":""07ae6cab368cd21b7a1ac3e8150fe9a3d39ad5171ce76135ff3cccfe50c3e77e"",""source_sheet"":""中央国家行政机关省级以下直属机构"",""filter_version"":""government_tech_v2"",""tech_filter"":{""is_tech"":true,""is_core_tech"":true,""scope"":""core"",""categories"":[""automation_robotics"",""computer_software"",""electronics_communication""],""matched_fields"":[""major"",""description""],""major_terms"":[""信息与通信工程"",""电子信息"",""电子信息类"",""电子科学与技术"",""自动化类"",""计算机科学与技术"",""计算机类"",""通信工程""],""role_terms"":[""软件"",""软件开发""],""reason"":""tech_major_and_role""},""original"":{""部门代码"":""158106"",""部门名称"":""珠海出入境边防检查总站"",""用人司局"":""珠海出入境边防检查总站"",""机构性质"":""中央国家行政机关省级以下直属机构"",""招考职位"":""边检站一级警长及以下（二十八）"",""职位属性"":""公安机关人民警察职位"",""职位分布"":""其他职位"",""职位简介"":""属于公安机关人民警察，从事出入境边防检查、监护巡查、技术保障与研发、软件开发等工作。"",""职位代码"":""300130266028"",""机构层级"":""市（地）级"",""考试类别"":""行政执法类"",""招考人数"":""2"",""专业"":""本科：0809计算机类、0807电子信息类、0808自动化类； 硕士研究生及以上：0812计算机科学与技术、0854电子信息、0809电子科学与技术、0810信息与通信工程"",""学历"":""本科及以上"",""学位"":""与最高学历相对应的学位"",""政治面貌"":""中共党员或共青团员"",""基层工作最低年限"":""无限制"",""服务基层项目工作经历"":""无限制"",""是否在面试阶段组织专业能力测试"":""否"",""面试人员比例"":""3:1"",""工作地点"":""广东省江门市台山市"",""落户地点"":""广东省江门市台山市"",""备注"":""1.限应届高校毕业生报考（高等学历教育各阶段均需取得相应学历和学位）。\n2.大学英语等级考试四级425分以上。\n3.按《公务员录用体检特殊标准（试行）》进行体检，对《公务员录用体检特殊标准（试行）》未作规定的项目，按《公务员录用体检通用标准（试行）》执行，视力标准可询招录单位。\n4.按《公安机关录用人民警察体能测评项目和标准》进行体能测评。\n5.按《公安机关录用人民警察政治考察工作办法》开展考察。具有《公安机关录用人民警察政治考察工作办法》第八条、第九条情形的，不得报考；父母、配偶或子女已移居国（境）外的，不得报考；非公派原因，曾六个月以上在国（境）外留学、工作、生活的，不得报考。\n6.提供集体宿舍，可为符合条件人员办理集体户口，工资待遇按人民警察标准执行，享受加班补贴和值勤岗位津贴，有固定的探亲假和休假安排。\n7.仅限男性报考。\n8.请考生及时关注“移民管理警察招考小助手”微信小程序发布的报考信息。"",""部门网站"":""https://rczk.nia.gov.cn"",""咨询电话1"":""0756-8166205"",""咨询电话2"":""0756-8166220"",""咨询电话3"":""0756-8166233"",""来源Sheet"":""中央国家行政机关省级以下直属机构""}}"
"government_jobs","国家公务员2025招考简章","公务员/事业单位技术岗位","广东省阳江市","2026-07-28T09:12:58.310295+00:00","边检站一级警长及以下（三十）","珠海出入境边防检查总站","","广东省阳江市","公务员/事业单位;2025;automation_robotics;computer_software;electronics_communication;本科及以上;与最高学历相对应的学位;计算机类、电子信息类、自动化类（硕士研究生及以上：0812计算机科学与技术、0854电子信息、0809电子科学与技术、0810信息与通信工程）、财政学类、金融（学）类、统计学类（研究生及以上：0252应用统计）、会计（学）、审计（学）;行政执法类","用人司局：珠海出入境边防检查总站
职位简介：属于公安机关人民警察，从事出入境边防检查、监护巡查、技术保障与研发、软件开发、财务管理等工作。
专业要求：计算机类、电子信息类、自动化类（硕士研究生及以上：0812计算机科学与技术、0854电子信息、0809电子科学与技术、0810信息与通信工程）、财政学类、金融（学）类、统计学类（研究生及以上：0252应用统计）、会计（学）、审计（学）
学历要求：本科及以上
学位要求：与最高学历相对应的学位
政治面貌：中共党员或共青团员
基层工作经历：无限制
考试类别：行政执法类
备注：1.限应届高校毕业生报考（高等学历教育各阶段均需取得相应学历和学位）。
2.大学英语等级考试四级425分以上。
3.按《公务员录用体检特殊标准（试行）》进行体检，对《公务员录用体检特殊标准（试行）》未作规定的项目，按《公务员录用体检通用标准（试行）》执行，视力标准可询招录单位。
4.按《公安机关录用人民警察体能测评项目和标准》进行体能测评。
5.按《公安机关录用人民警察政治考察工作办法》开展考察。具有《公安机关录用人民警察政治考察工作办法》第八条、第九条情形的，不得报考；父母、配偶或子女已移居国（境）外的，不得报考；非公派原因，曾六个月以上在国（境）外留学、工作、生活的，不得报考。
6.提供集体宿舍，可为符合条件人员办理集体户口，工资待遇按人民警察标准执行，享受加班补贴和值勤岗位津贴，有固定的探亲假和休假安排。
7.仅限男性报考。
8.请考生及时关注“移民管理警察招考小助手”微信小程序发布的报考信息。","https://www.xjhc.gov.cn/xjhc/c116834/202410/a29382e11a674da3be3353af65f9fcc5.shtml#158106-300130266030","2024-10-14","{""dataset_year"":2025,""job_uid"":""GOV-2025-158106-300130266030"",""publisher"":""国家公务员局"",""publication_page"":""https://www.xjhc.gov.cn/xjhc/c116834/202410/a29382e11a674da3be3353af65f9fcc5.shtml"",""attachment_url"":""https://www.xjhc.gov.cn/xjhc/c116834/202410/a29382e11a674da3be3353af65f9fcc5/files/0536cef86e2b46ddad6aae5a3780089e.xls"",""local_source_file"":""2025_guokao_zhaokaojianzhang.xls"",""local_source_sha256"":""07ae6cab368cd21b7a1ac3e8150fe9a3d39ad5171ce76135ff3cccfe50c3e77e"",""source_sheet"":""中央国家行政机关省级以下直属机构"",""filter_version"":""government_tech_v2"",""tech_filter"":{""is_tech"":true,""is_core_tech"":true,""scope"":""core"",""categories"":[""automation_robotics"",""computer_software"",""electronics_communication""],""matched_fields"":[""major"",""description""],""major_terms"":[""信息与通信工程"",""电子信息"",""电子信息类"",""电子科学与技术"",""自动化类"",""计算机科学与技术"",""计算机类"",""通信工程""],""role_terms"":[""软件"",""软件开发""],""reason"":""tech_major_and_role""},""original"":{""部门代码"":""158106"",""部门名称"":""珠海出入境边防检查总站"",""用人司局"":""珠海出入境边防检查总站"",""机构性质"":""中央国家行政机关省级以下直属机构"",""招考职位"":""边检站一级警长及以下（三十）"",""职位属性"":""公安机关人民警察职位"",""职位分布"":""其他职位"",""职位简介"":""属于公安机关人民警察，从事出入境边防检查、监护巡查、技术保障与研发、软件开发、财务管理等工作。"",""职位代码"":""300130266030"",""机构层级"":""市（地）级"",""考试类别"":""行政执法类"",""招考人数"":""1"",""专业"":""计算机类、电子信息类、自动化类（硕士研究生及以上：0812计算机科学与技术、0854电子信息、0809电子科学与技术、0810信息与通信工程）、财政学类、金融（学）类、统计学类（研究生及以上：0252应用统计）、会计（学）、审计（学）"",""学历"":""本科及以上"",""学位"":""与最高学历相对应的学位"",""政治面貌"":""中共党员或共青团员"",""基层工作最低年限"":""无限制"",""服务基层项目工作经历"":""无限制"",""是否在面试阶段组织专业能力测试"":""否"",""面试人员比例"":""3:1"",""工作地点"":""广东省阳江市"",""落户地点"":""广东省阳江市"",""备注"":""1.限应届高校毕业生报考（高等学历教育各阶段均需取得相应学历和学位）。\n2.大学英语等级考试四级425分以上。\n3.按《公务员录用体检特殊标准（试行）》进行体检，对《公务员录用体检特殊标准（试行）》未作规定的项目，按《公务员录用体检通用标准（试行）》执行，视力标准可询招录单位。\n4.按《公安机关录用人民警察体能测评项目和标准》进行体能测评。\n5.按《公安机关录用人民警察政治考察工作办法》开展考察。具有《公安机关录用人民警察政治考察工作办法》第八条、第九条情形的，不得报考；父母、配偶或子女已移居国（境）外的，不得报考；非公派原因，曾六个月以上在国（境）外留学、工作、生活的，不得报考。\n6.提供集体宿舍，可为符合条件人员办理集体户口，工资待遇按人民警察标准执行，享受加班补贴和值勤岗位津贴，有固定的探亲假和休假安排。\n7.仅限男性报考。\n8.请考生及时关注“移民管理警察招考小助手”微信小程序发布的报考信息。"",""部门网站"":""https://rczk.nia.gov.cn"",""咨询电话1"":""0756-8166205"",""咨询电话2"":""0756-8166220"",""咨询电话3"":""0756-8166233"",""来源Sheet"":""中央国家行政机关省级以下直属机构""}}"
"government_jobs","国家公务员2025招考简章","公务员/事业单位技术岗位","广东省茂名市","2026-07-28T09:12:58.310295+00:00","边检站一级警长及以下（三十一）","珠海出入境边防检查总站","","广东省茂名市","公务员/事业单位;2025;automation_robotics;computer_software;electronics_communication;本科及以上;与最高学历相对应的学位;本科：0809计算机类、0807电子信息类、0808自动化类； 硕士研究生及以上：0812计算机科学与技术、0854电子信息、0809电子科学与技术、0810信息与通信工程;行政执法类","用人司局：珠海出入境边防检查总站
职位简介：属于公安机关人民警察，从事出入境边防检查、监护巡查、技术保障与研发、软件开发等工作。
专业要求：本科：0809计算机类、0807电子信息类、0808自动化类； 硕士研究生及以上：0812计算机科学与技术、0854电子信息、0809电子科学与技术、0810信息与通信工程
学历要求：本科及以上
学位要求：与最高学历相对应的学位
政治面貌：中共党员或共青团员
基层工作经历：无限制
考试类别：行政执法类
备注：1.限应届高校毕业生报考（高等学历教育各阶段均需取得相应学历和学位）。
2.大学英语等级考试四级425分以上。
3.按《公务员录用体检特殊标准（试行）》进行体检，对《公务员录用体检特殊标准（试行）》未作规定的项目，按《公务员录用体检通用标准（试行）》执行，视力标准可询招录单位。
4.按《公安机关录用人民警察体能测评项目和标准》进行体能测评。
5.按《公安机关录用人民警察政治考察工作办法》开展考察。具有《公安机关录用人民警察政治考察工作办法》第八条、第九条情形的，不得报考；父母、配偶或子女已移居国（境）外的，不得报考；非公派原因，曾六个月以上在国（境）外留学、工作、生活的，不得报考。
6.提供集体宿舍，可为符合条件人员办理集体户口，工资待遇按人民警察标准执行，享受加班补贴和值勤岗位津贴，有固定的探亲假和休假安排。
7.仅限男性报考。
8.请考生及时关注“移民管理警察招考小助手”微信小程序发布的报考信息。","https://www.xjhc.gov.cn/xjhc/c116834/202410/a29382e11a674da3be3353af65f9fcc5.shtml#158106-300130266031","2024-10-14","{""dataset_year"":2025,""job_uid"":""GOV-2025-158106-300130266031"",""publisher"":""国家公务员局"",""publication_page"":""https://www.xjhc.gov.cn/xjhc/c116834/202410/a29382e11a674da3be3353af65f9fcc5.shtml"",""attachment_url"":""https://www.xjhc.gov.cn/xjhc/c116834/202410/a29382e11a674da3be3353af65f9fcc5/files/0536cef86e2b46ddad6aae5a3780089e.xls"",""local_source_file"":""2025_guokao_zhaokaojianzhang.xls"",""local_source_sha256"":""07ae6cab368cd21b7a1ac3e8150fe9a3d39ad5171ce76135ff3cccfe50c3e77e"",""source_sheet"":""中央国家行政机关省级以下直属机构"",""filter_version"":""government_tech_v2"",""tech_filter"":{""is_tech"":true,""is_core_tech"":true,""scope"":""core"",""categories"":[""automation_robotics"",""computer_software"",""electronics_communication""],""matched_fields"":[""major"",""description""],""major_terms"":[""信息与通信工程"",""电子信息"",""电子信息类"",""电子科学与技术"",""自动化类"",""计算机科学与技术"",""计算机类"",""通信工程""],""role_terms"":[""软件"",""软件开发""],""reason"":""tech_major_and_role""},""original"":{""部门代码"":""158106"",""部门名称"":""珠海出入境边防检查总站"",""用人司局"":""珠海出入境边防检查总站"",""机构性质"":""中央国家行政机关省级以下直属机构"",""招考职位"":""边检站一级警长及以下（三十一）"",""职位属性"":""公安机关人民警察职位"",""职位分布"":""其他职位"",""职位简介"":""属于公安机关人民警察，从事出入境边防检查、监护巡查、技术保障与研发、软件开发等工作。"",""职位代码"":""300130266031"",""机构层级"":""市（地）级"",""考试类别"":""行政执法类"",""招考人数"":""1"",""专业"":""本科：0809计算机类、0807电子信息类、0808自动化类； 硕士研究生及以上：0812计算机科学与技术、0854电子信息、0809电子科学与技术、0810信息与通信工程"",""学历"":""本科及以上"",""学位"":""与最高学历相对应的学位"",""政治面貌"":""中共党员或共青团员"",""基层工作最低年限"":""无限制"",""服务基层项目工作经历"":""无限制"",""是否在面试阶段组织专业能力测试"":""否"",""面试人员比例"":""3:1"",""工作地点"":""广东省茂名市"",""落户地点"":""广东省茂名市"",""备注"":""1.限应届高校毕业生报考（高等学历教育各阶段均需取得相应学历和学位）。\n2.大学英语等级考试四级425分以上。\n3.按《公务员录用体检特殊标准（试行）》进行体检，对《公务员录用体检特殊标准（试行）》未作规定的项目，按《公务员录用体检通用标准（试行）》执行，视力标准可询招录单位。\n4.按《公安机关录用人民警察体能测评项目和标准》进行体能测评。\n5.按《公安机关录用人民警察政治考察工作办法》开展考察。具有《公安机关录用人民警察政治考察工作办法》第八条、第九条情形的，不得报考；父母、配偶或子女已移居国（境）外的，不得报考；非公派原因，曾六个月以上在国（境）外留学、工作、生活的，不得报考。\n6.提供集体宿舍，可为符合条件人员办理集体户口，工资待遇按人民警察标准执行，享受加班补贴和值勤岗位津贴，有固定的探亲假和休假安排。\n7.仅限男性报考。\n8.请考生及时关注“移民管理警察招考小助手”微信小程序发布的报考信息。"",""部门网站"":""https://rczk.nia.gov.cn"",""咨询电话1"":""0756-8166205"",""咨询电话2"":""0756-8166220"",""咨询电话3"":""0756-8166233"",""来源Sheet"":""中央国家行政机关省级以下直属机构""}}"
"government_jobs","国家公务员2025招考简章","公务员/事业单位技术岗位","福建省厦门市","2026-07-28T09:12:58.310295+00:00","高崎出入境边防检查站一级警长及以下（二）","厦门出入境边防检查总站","","福建省厦门市","公务员/事业单位;2025;computer_software;data_ai;electronics_communication;硕士研究生及以上;与最高学历相对应的学位;电子信息、计算机科学与技术、法学（0301）、审计;行政执法类","用人司局：厦门出入境边防检查总站
职位简介：属公安机关人民警察，从事出入境边防检查、监护、巡查和应急处突、大型安保、侦查办案、警务技术、数据分析等工作。
专业要求：电子信息、计算机科学与技术、法学（0301）、审计
学历要求：硕士研究生及以上
学位要求：与最高学历相对应的学位
政治面貌：中共党员或共青团员
基层工作经历：无限制
考试类别：行政执法类
备注：1. 限应届高校毕业生报考（高等学历教育各阶段均需取得相应学历和学位）。
2. 仅限男性报考。
3. 大学英语等级考试四级500分以上或大学英语等级考试六级425分以上，须在外语水平一栏注明已获得的英语等级证书及成绩。
4. 具备熟练运用所学专业开展工作的资质能力。
5. 按《公务员录用体检特殊标准（试行）》进行体检，对《公务员录用体检特殊标准（试行）》未作规定的项目，按《公务员录用体检通用标准（试行）》执行，视力标准可询招录单位。
6. 按《公安机关录用人民警察体能测评项目和标准》进行体能测评。
7. 按《公安机关录用人民警察政治考察工作办法》开展考察。具有《公安机关录用人民警察政治考察工作办法》第八条、第九条情形的，不得报考；父母、配偶或子女已移居国（境）外的，不得报考；非公派原因，曾六个月以上在国（境）外留学、工作、生活的，不得报考。
8. 可为符合条件人员提供集体宿舍、办理集体户口，有固定的探亲假和休假安排，工资待遇按人民警察标准执行，享受加班补贴和值勤岗位津贴。
9. 请考生及时关注“移民管理警察招考小助手”微信小程序发布的报考信息。","https://www.xjhc.gov.cn/xjhc/c116834/202410/a29382e11a674da3be3353af65f9fcc5.shtml#158107-300130001003","2024-10-14","{""dataset_year"":2025,""job_uid"":""GOV-2025-158107-300130001003"",""publisher"":""国家公务员局"",""publication_page"":""https://www.xjhc.gov.cn/xjhc/c116834/202410/a29382e11a674da3be3353af65f9fcc5.shtml"",""attachment_url"":""https://www.xjhc.gov.cn/xjhc/c116834/202410/a29382e11a674da3be3353af65f9fcc5/files/0536cef86e2b46ddad6aae5a3780089e.xls"",""local_source_file"":""2025_guokao_zhaokaojianzhang.xls"",""local_source_sha256"":""07ae6cab368cd21b7a1ac3e8150fe9a3d39ad5171ce76135ff3cccfe50c3e77e"",""source_sheet"":""中央国家行政机关省级以下直属机构"",""filter_version"":""government_tech_v2"",""tech_filter"":{""is_tech"":true,""is_core_tech"":true,""scope"":""core"",""categories"":[""computer_software"",""data_ai"",""electronics_communication""],""matched_fields"":[""major"",""description""],""major_terms"":[""电子信息"",""计算机科学与技术""],""role_terms"":[""数据分析""],""reason"":""tech_major_and_role""},""original"":{""部门代码"":""158107"",""部门名称"":""厦门出入境边防检查总站"",""用人司局"":""厦门出入境边防检查总站"",""机构性质"":""中央国家行政机关省级以下直属机构"",""招考职位"":""高崎出入境边防检查站一级警长及以下（二）"",""职位属性"":""公安机关人民警察职位"",""职位分布"":""其他职位"",""职位简介"":""属公安机关人民警察，从事出入境边防检查、监护、巡查和应急处突、大型安保、侦查办案、警务技术、数据分析等工作。"",""职位代码"":""300130001003"",""机构层级"":""市（地）级"",""考试类别"":""行政执法类"",""招考人数"":""2"",""专业"":""电子信息、计算机科学与技术、法学（0301）、审计"",""学历"":""硕士研究生及以上"",""学位"":""与最高学历相对应的学位"",""政治面貌"":""中共党员或共青团员"",""基层工作最低年限"":""无限制"",""服务基层项目工作经历"":""无限制"",""是否在面试阶段组织专业能力测试"":""否"",""面试人员比例"":""3:1"",""工作地点"":""福建省厦门市"",""落户地点"":""福建省厦门市"",""备注"":""1. 限应届高校毕业生报考（高等学历教育各阶段均需取得相应学历和学位）。\n2. 仅限男性报考。\n3. 大学英语等级考试四级500分以上或大学英语等级考试六级425分以上，须在外语水平一栏注明已获得的英语等级证书及成绩。\n4. 具备熟练运用所学专业开展工作的资质能力。\n5. 按《公务员录用体检特殊标准（试行）》进行体检，对《公务员录用体检特殊标准（试行）》未作规定的项目，按《公务员录用体检通用标准（试行）》执行，视力标准可询招录单位。\n6. 按《公安机关录用人民警察体能测评项目和标准》进行体能测评。\n7. 按《公安机关录用人民警察政治考察工作办法》开展考察。具有《公安机关录用人民警察政治考察工作办法》第八条、第九条情形的，不得报考；父母、配偶或子女已移居国（境）外的，不得报考；非公派原因，曾六个月以上在国（境）外留学、工作、生活的，不得报考。\n8. 可为符合条件人员提供集体宿舍、办理集体户口，有固定的探亲假和休假安排，工资待遇按人民警察标准执行，享受加班补贴和值勤岗位津贴。\n9. 请考生及时关注“移民管理警察招考小助手”微信小程序发布的报考信息。"",""部门网站"":""https://rczk.nia.gov.cn"",""咨询电话1"":""0592-6583529"",""咨询电话2"":""0592-6583580"",""咨询电话3"":""0592-6583581"",""来源Sheet"":""中央国家行政机关省级以下直属机构""}}"
"government_jobs","国家公务员2025招考简章","公务员/事业单位技术岗位","福建省厦门市","2026-07-28T09:12:58.310295+00:00","高崎出入境边防检查站一级警长及以下（三）","厦门出入境边防检查总站","","福建省厦门市","公务员/事业单位;2025;computer_software;data_ai;electronics_communication;硕士研究生及以上;与最高学历相对应的学位;外国语言文学、翻译、电子信息、计算机科学与技术、数学、统计学、审计;行政执法类","用人司局：厦门出入境边防检查总站
职位简介：属公安机关人民警察，从事出入境边防检查、监护、巡查和应急处突、大型安保、侦查办案、警务技术、数据分析等工作。
专业要求：外国语言文学、翻译、电子信息、计算机科学与技术、数学、统计学、审计
学历要求：硕士研究生及以上
学位要求：与最高学历相对应的学位
政治面貌：中共党员或共青团员
基层工作经历：无限制
考试类别：行政执法类
备注：1. 限应届高校毕业生报考（高等学历教育各阶段均需取得相应学历和学位）。
2. 仅限男性报考。
3. 大学英语等级考试四级500分以上或大学英语等级考试六级425分以上，外语专业应具有所学专业外语能力水平高级以上资格，须在外语水平一栏注明证书类型及成绩。
4. 具备熟练运用所学专业开展工作的资质能力。
5. 按《公务员录用体检特殊标准（试行）》进行体检，对《公务员录用体检特殊标准（试行）》未作规定的项目，按《公务员录用体检通用标准（试行）》执行，视力标准可询招录单位。
6. 按《公安机关录用人民警察体能测评项目和标准》进行体能测评。
7. 按《公安机关录用人民警察政治考察工作办法》开展考察。具有《公安机关录用人民警察政治考察工作办法》第八条、第九条情形的，不得报考；父母、配偶或子女已移居国（境）外的，不得报考；非公派原因，曾六个月以上在国（境）外留学、工作、生活的，不得报考。
8. 可为符合条件人员提供集体宿舍、办理集体户口，有固定的探亲假和休假安排，工资待遇按人民警察标准执行，享受加班补贴和值勤岗位津贴。
9. 请考生及时关注“移民管理警察招考小助手”微信小程序发布的报考信息。","https://www.xjhc.gov.cn/xjhc/c116834/202410/a29382e11a674da3be3353af65f9fcc5.shtml#158107-300130001004","2024-10-14","{""dataset_year"":2025,""job_uid"":""GOV-2025-158107-300130001004"",""publisher"":""国家公务员局"",""publication_page"":""https://www.xjhc.gov.cn/xjhc/c116834/202410/a29382e11a674da3be3353af65f9fcc5.shtml"",""attachment_url"":""https://www.xjhc.gov.cn/xjhc/c116834/202410/a29382e11a674da3be3353af65f9fcc5/files/0536cef86e2b46ddad6aae5a3780089e.xls"",""local_source_file"":""2025_guokao_zhaokaojianzhang.xls"",""local_source_sha256"":""07ae6cab368cd21b7a1ac3e8150fe9a3d39ad5171ce76135ff3cccfe50c3e77e"",""source_sheet"":""中央国家行政机关省级以下直属机构"",""filter_version"":""government_tech_v2"",""tech_filter"":{""is_tech"":true,""is_core_tech"":true,""scope"":""core"",""categories"":[""computer_software"",""data_ai"",""electronics_communication""],""matched_fields"":[""major"",""description""],""major_terms"":[""电子信息"",""计算机科学与技术""],""role_terms"":[""数据分析""],""reason"":""tech_major_and_role""},""original"":{""部门代码"":""158107"",""部门名称"":""厦门出入境边防检查总站"",""用人司局"":""厦门出入境边防检查总站"",""机构性质"":""中央国家行政机关省级以下直属机构"",""招考职位"":""高崎出入境边防检查站一级警长及以下（三）"",""职位属性"":""公安机关人民警察职位"",""职位分布"":""其他职位"",""职位简介"":""属公安机关人民警察，从事出入境边防检查、监护、巡查和应急处突、大型安保、侦查办案、警务技术、数据分析等工作。"",""职位代码"":""300130001004"",""机构层级"":""市（地）级"",""考试类别"":""行政执法类"",""招考人数"":""1"",""专业"":""外国语言文学、翻译、电子信息、计算机科学与技术、数学、统计学、审计"",""学历"":""硕士研究生及以上"",""学位"":""与最高学历相对应的学位"",""政治面貌"":""中共党员或共青团员"",""基层工作最低年限"":""无限制"",""服务基层项目工作经历"":""无限制"",""是否在面试阶段组织专业能力测试"":""否"",""面试人员比例"":""3:1"",""工作地点"":""福建省厦门市"",""落户地点"":""福建省厦门市"",""备注"":""1. 限应届高校毕业生报考（高等学历教育各阶段均需取得相应学历和学位）。\n2. 仅限男性报考。\n3. 大学英语等级考试四级500分以上或大学英语等级考试六级425分以上，外语专业应具有所学专业外语能力水平高级以上资格，须在外语水平一栏注明证书类型及成绩。\n4. 具备熟练运用所学专业开展工作的资质能力。\n5. 按《公务员录用体检特殊标准（试行）》进行体检，对《公务员录用体检特殊标准（试行）》未作规定的项目，按《公务员录用体检通用标准（试行）》执行，视力标准可询招录单位。\n6. 按《公安机关录用人民警察体能测评项目和标准》进行体能测评。\n7. 按《公安机关录用人民警察政治考察工作办法》开展考察。具有《公安机关录用人民警察政治考察工作办法》第八条、第九条情形的，不得报考；父母、配偶或子女已移居国（境）外的，不得报考；非公派原因，曾六个月以上在国（境）外留学、工作、生活的，不得报考。\n8. 可为符合条件人员提供集体宿舍、办理集体户口，有固定的探亲假和休假安排，工资待遇按人民警察标准执行，享受加班补贴和值勤岗位津贴。\n9. 请考生及时关注“移民管理警察招考小助手”微信小程序发布的报考信息。"",""部门网站"":""https://rczk.nia.gov.cn"",""咨询电话1"":""0592-6583529"",""咨询电话2"":""0592-6583580"",""咨询电话3"":""0592-6583581"",""来源Sheet"":""中央国家行政机关省级以下直属机构""}}"
"government_jobs","国家公务员2025招考简章","公务员/事业单位技术岗位","福建省厦门市","2026-07-28T09:12:58.310295+00:00","高崎出入境边防检查站一级警长及以下（四）","厦门出入境边防检查总站","","福建省厦门市","公务员/事业单位;2025;computer_software;data_ai;electronics_communication;本科及以上;与最高学历相对应的学位;外国语言文学类、计算机类、电子信息类、新闻传播学类、数学类、政治学类、马克思主义理论类、法学（本科：法学030101K；研究生：法学0301）、公共管理学（本科：公共关系学120409T；研究生：公共管理学1204）;行政执法类","用人司局：厦门出入境边防检查总站
职位简介：属公安机关人民警察，从事出入境边防检查、监护、巡查和应急处突、大型安保、侦查办案、警务技术、数据分析等工作。
专业要求：外国语言文学类、计算机类、电子信息类、新闻传播学类、数学类、政治学类、马克思主义理论类、法学（本科：法学030101K；研究生：法学0301）、公共管理学（本科：公共关系学120409T；研究生：公共管理学1204）
学历要求：本科及以上
学位要求：与最高学历相对应的学位
政治面貌：中共党员或共青团员
基层工作经历：无限制
考试类别：行政执法类
备注：1. 限应届高校毕业生报考（高等学历教育各阶段均需取得相应学历和学位）。
2. 大学英语等级考试四级500分以上或大学英语等级考试六级425分以上，外语专业应具有所学专业外语能力水平高级以上资格，须在外语水平一栏注明证书类型及成绩。
3. 具备熟练运用所学专业开展工作的资质能力。
4. 按《公务员录用体检特殊标准（试行）》进行体检，对《公务员录用体检特殊标准（试行）》未作规定的项目，按《公务员录用体检通用标准（试行）》执行，视力标准可询招录单位。
5. 按《公安机关录用人民警察体能测评项目和标准》进行体能测评。
6. 按《公安机关录用人民警察政治考察工作办法》开展考察。具有《公安机关录用人民警察政治考察工作办法》第八条、第九条情形的，不得报考；父母、配偶或子女已移居国（境）外的，不得报考；非公派原因，曾六个月以上在国（境）外留学、工作、生活的，不得报考。
7. 可为符合条件人员提供集体宿舍、办理集体户口，有固定的探亲假和休假安排，工资待遇按人民警察标准执行，享受加班补贴和值勤岗位津贴。
8 请考生及时关注“移民管理警察招考小助手”微信小程序发布的报考信息。","https://www.xjhc.gov.cn/xjhc/c116834/202410/a29382e11a674da3be3353af65f9fcc5.shtml#158107-300130001005","2024-10-14","{""dataset_year"":2025,""job_uid"":""GOV-2025-158107-300130001005"",""publisher"":""国家公务员局"",""publication_page"":""https://www.xjhc.gov.cn/xjhc/c116834/202410/a29382e11a674da3be3353af65f9fcc5.shtml"",""attachment_url"":""https://www.xjhc.gov.cn/xjhc/c116834/202410/a29382e11a674da3be3353af65f9fcc5/files/0536cef86e2b46ddad6aae5a3780089e.xls"",""local_source_file"":""2025_guokao_zhaokaojianzhang.xls"",""local_source_sha256"":""07ae6cab368cd21b7a1ac3e8150fe9a3d39ad5171ce76135ff3cccfe50c3e77e"",""source_sheet"":""中央国家行政机关省级以下直属机构"",""filter_version"":""government_tech_v2"",""tech_filter"":{""is_tech"":true,""is_core_tech"":true,""scope"":""core"",""categories"":[""computer_software"",""data_ai"",""electronics_communication""],""matched_fields"":[""major"",""description""],""major_terms"":[""电子信息类"",""计算机类""],""role_terms"":[""数据分析""],""reason"":""tech_major_and_role""},""original"":{""部门代码"":""158107"",""部门名称"":""厦门出入境边防检查总站"",""用人司局"":""厦门出入境边防检查总站"",""机构性质"":""中央国家行政机关省级以下直属机构"",""招考职位"":""高崎出入境边防检查站一级警长及以下（四）"",""职位属性"":""公安机关人民警察职位"",""职位分布"":""其他职位"",""职位简介"":""属公安机关人民警察，从事出入境边防检查、监护、巡查和应急处突、大型安保、侦查办案、警务技术、数据分析等工作。"",""职位代码"":""300130001005"",""机构层级"":""市（地）级"",""考试类别"":""行政执法类"",""招考人数"":""2"",""专业"":""外国语言文学类、计算机类、电子信息类、新闻传播学类、数学类、政治学类、马克思主义理论类、法学（本科：法学030101K；研究生：法学0301）、公共管理学（本科：公共关系学120409T；研究生：公共管理学1204）"",""学历"":""本科及以上"",""学位"":""与最高学历相对应的学位"",""政治面貌"":""中共党员或共青团员"",""基层工作最低年限"":""无限制"",""服务基层项目工作经历"":""无限制"",""是否在面试阶段组织专业能力测试"":""否"",""面试人员比例"":""3:1"",""工作地点"":""福建省厦门市"",""落户地点"":""福建省厦门市"",""备注"":""1. 限应届高校毕业生报考（高等学历教育各阶段均需取得相应学历和学位）。\n2. 大学英语等级考试四级500分以上或大学英语等级考试六级425分以上，外语专业应具有所学专业外语能力水平高级以上资格，须在外语水平一栏注明证书类型及成绩。\n3. 具备熟练运用所学专业开展工作的资质能力。\n4. 按《公务员录用体检特殊标准（试行）》进行体检，对《公务员录用体检特殊标准（试行）》未作规定的项目，按《公务员录用体检通用标准（试行）》执行，视力标准可询招录单位。\n5. 按《公安机关录用人民警察体能测评项目和标准》进行体能测评。\n6. 按《公安机关录用人民警察政治考察工作办法》开展考察。具有《公安机关录用人民警察政治考察工作办法》第八条、第九条情形的，不得报考；父母、配偶或子女已移居国（境）外的，不得报考；非公派原因，曾六个月以上在国（境）外留学、工作、生活的，不得报考。\n7. 可为符合条件人员提供集体宿舍、办理集体户口，有固定的探亲假和休假安排，工资待遇按人民警察标准执行，享受加班补贴和值勤岗位津贴。\n8 请考生及时关注“移民管理警察招考小助手”微信小程序发布的报考信息。"",""部门网站"":""https://rczk.nia.gov.cn"",""咨询电话1"":""0592-6583529"",""咨询电话2"":""0592-6583580"",""咨询电话3"":""0592-6583581"",""来源Sheet"":""中央国家行政机关省级以下直属机构""}}"
"government_jobs","国家公务员2025招考简章","公务员/事业单位技术岗位","福建省厦门市","2026-07-28T09:12:58.310295+00:00","东渡出入境边防检查站一级警长及以下（五）","厦门出入境边防检查总站","","福建省厦门市","公务员/事业单位;2025;computer_software;data_ai;electronics_communication;硕士研究生及以上;与最高学历相对应的学位;法学（0301）、政治学、中国语言文学、电子信息、计算机科学与技术、新闻传播学、新闻与传播、哲学（01）、马克思主义理论;行政执法类","用人司局：厦门出入境边防检查总站
职位简介：属公安机关人民警察，从事出入境边防检查、监护、巡查和应急处突、大型安保、侦查办案、警务技术、数据分析等工作。
专业要求：法学（0301）、政治学、中国语言文学、电子信息、计算机科学与技术、新闻传播学、新闻与传播、哲学（01）、马克思主义理论
学历要求：硕士研究生及以上
学位要求：与最高学历相对应的学位
政治面貌：中共党员或共青团员
基层工作经历：二年
考试类别：行政执法类
备注：1. 限服务期满且考核合格的四类服务基层项目人员或军队服役5年(含)以上的高校毕业生退役士兵报考。
2. 高等学历教育各阶段均需取得相应学历和学位。
3. 仅限男性报考。
4. 大学英语等级考试四级425分以上，须在外语水平一栏注明已获得的英语等级证书及成绩。
5. 具备熟练运用所学专业开展工作的资质能力。
6 .按《公务员录用体检特殊标准（试行）》进行体检，对《公务员录用体检特殊标准（试行）》未作规定的项目，按《公务员录用体检通用标准（试行）》执行，视力标准可询招录单位。
7. 按《公安机关录用人民警察体能测评项目和标准》进行体能测评。
8. 按《公安机关录用人民警察政治考察工作办法》开展考察。具有《公安机关录用人民警察政治考察工作办法》第八条、第九条情形的，不得报考；父母、配偶或子女已移居国（境）外的，不得报考；非公派原因，曾六个月以上在国（境）外留学、工作、生活的，不得报考。
9. 可为符合条件人员提供集体宿舍、集体户口，有固定探亲假和休假安排，工资待遇按人民警察标准执行，享受加班补贴和值勤岗位津贴。
10. 请考生关注“移民管理警察招考小助手”小程序。","https://www.xjhc.gov.cn/xjhc/c116834/202410/a29382e11a674da3be3353af65f9fcc5.shtml#158107-300130001010","2024-10-14","{""dataset_year"":2025,""job_uid"":""GOV-2025-158107-300130001010"",""publisher"":""国家公务员局"",""publication_page"":""https://www.xjhc.gov.cn/xjhc/c116834/202410/a29382e11a674da3be3353af65f9fcc5.shtml"",""attachment_url"":""https://www.xjhc.gov.cn/xjhc/c116834/202410/a29382e11a674da3be3353af65f9fcc5/files/0536cef86e2b46ddad6aae5a3780089e.xls"",""local_source_file"":""2025_guokao_zhaokaojianzhang.xls"",""local_source_sha256"":""07ae6cab368cd21b7a1ac3e8150fe9a3d39ad5171ce76135ff3cccfe50c3e77e"",""source_sheet"":""中央国家行政机关省级以下直属机构"",""filter_version"":""government_tech_v2"",""tech_filter"":{""is_tech"":true,""is_core_tech"":true,""scope"":""core"",""categories"":[""computer_software"",""data_ai"",""electronics_communication""],""matched_fields"":[""major"",""description""],""major_terms"":[""电子信息"",""计算机科学与技术""],""role_terms"":[""数据分析""],""reason"":""tech_major_and_role""},""original"":{""部门代码"":""158107"",""部门名称"":""厦门出入境边防检查总站"",""用人司局"":""厦门出入境边防检查总站"",""机构性质"":""中央国家行政机关省级以下直属机构"",""招考职位"":""东渡出入境边防检查站一级警长及以下（五）"",""职位属性"":""公安机关人民警察职位"",""职位分布"":""其他职位"",""职位简介"":""属公安机关人民警察，从事出入境边防检查、监护、巡查和应急处突、大型安保、侦查办案、警务技术、数据分析等工作。"",""职位代码"":""300130001010"",""机构层级"":""市（地）级"",""考试类别"":""行政执法类"",""招考人数"":""1"",""专业"":""法学（0301）、政治学、中国语言文学、电子信息、计算机科学与技术、新闻传播学、新闻与传播、哲学（01）、马克思主义理论"",""学历"":""硕士研究生及以上"",""学位"":""与最高学历相对应的学位"",""政治面貌"":""中共党员或共青团员"",""基层工作最低年限"":""二年"",""服务基层项目工作经历"":""大学生村官、农村义务教育阶段学校教师特设岗位计划、“三支一扶”计划、大学生志愿服务西部计划、在军队服役5年（含）以上的高校毕业生退役士兵"",""是否在面试阶段组织专业能力测试"":""否"",""面试人员比例"":""3:1"",""工作地点"":""福建省厦门市"",""落户地点"":""福建省厦门市"",""备注"":""1. 限服务期满且考核合格的四类服务基层项目人员或军队服役5年(含)以上的高校毕业生退役士兵报考。\n2. 高等学历教育各阶段均需取得相应学历和学位。\n3. 仅限男性报考。\n4. 大学英语等级考试四级425分以上，须在外语水平一栏注明已获得的英语等级证书及成绩。\n5. 具备熟练运用所学专业开展工作的资质能力。\n6 .按《公务员录用体检特殊标准（试行）》进行体检，对《公务员录用体检特殊标准（试行）》未作规定的项目，按《公务员录用体检通用标准（试行）》执行，视力标准可询招录单位。\n7. 按《公安机关录用人民警察体能测评项目和标准》进行体能测评。\n8. 按《公安机关录用人民警察政治考察工作办法》开展考察。具有《公安机关录用人民警察政治考察工作办法》第八条、第九条情形的，不得报考；父母、配偶或子女已移居国（境）外的，不得报考；非公派原因，曾六个月以上在国（境）外留学、工作、生活的，不得报考。\n9. 可为符合条件人员提供集体宿舍、集体户口，有固定探亲假和休假安排，工资待遇按人民警察标准执行，享受加班补贴和值勤岗位津贴。\n10. 请考生关注“移民管理警察招考小助手”小程序。"",""部门网站"":""https://rczk.nia.gov.cn"",""咨询电话1"":""0592-6583529"",""咨询电话2"":""0592-6583580"",""咨询电话3"":""0592-6583581"",""来源Sheet"":""中央国家行政机关省级以下直属机构""}}"
"government_jobs","国家公务员2025招考简章","公务员/事业单位技术岗位","海南省儋州市","2026-07-28T09:12:58.310295+00:00","洋浦边检站一级警长及以下（二）","海口出入境边防检查总站","","海南省儋州市","公务员/事业单位;2025;computer_software;data_ai;仅限硕士研究生;硕士;计算机科学与技术（077500、081200）、软件工程;行政执法类","用人司局：海口出入境边防检查总站
职位简介：属公安机关人民警察，从事出入境边防检查、巡查、监护以及数据分析、软件研发等工作。
专业要求：计算机科学与技术（077500、081200）、软件工程
学历要求：仅限硕士研究生
学位要求：硕士
政治面貌：中共党员或共青团员
基层工作经历：无限制
考试类别：行政执法类
备注：1．限应届高校毕业生报考（高等学历教育各阶段均需取得相应学历和学位）。
2．按《公务员录用体检特殊标准（试行）》进行体检，对《公务员录用体检特殊标准（试行）》未作规定的项目，按《公务员录用体检通用标准（试行）》执行，视力标准可询招录单位。
3．按《公安机关录用人民警察体能测评项目和标准》进行体能测评。
4．按《公安机关录用人民警察政治考察工作办法》开展考察。具有《公安机关录用人民警察政治考察工作办法》第八条、第九条情形的，不得报考；父母、配偶或子女已移居国（境）外的，不得报考；非公派原因，曾六个月以上在国（境）外留学、工作、生活的，不得报考。
5．可为符合条件人员办理集体户口。
6．须服从二次分配。
7．在本单位最低服务年限五年（含试用期）。
8．仅限男性报考。
9．请考生及时关注“移民管理警察招考小助手”微信小程序发布的报考信息。","https://www.xjhc.gov.cn/xjhc/c116834/202410/a29382e11a674da3be3353af65f9fcc5.shtml#158108-300130001006","2024-10-14","{""dataset_year"":2025,""job_uid"":""GOV-2025-158108-300130001006"",""publisher"":""国家公务员局"",""publication_page"":""https://www.xjhc.gov.cn/xjhc/c116834/202410/a29382e11a674da3be3353af65f9fcc5.shtml"",""attachment_url"":""https://www.xjhc.gov.cn/xjhc/c116834/202410/a29382e11a674da3be3353af65f9fcc5/files/0536cef86e2b46ddad6aae5a3780089e.xls"",""local_source_file"":""2025_guokao_zhaokaojianzhang.xls"",""local_source_sha256"":""07ae6cab368cd21b7a1ac3e8150fe9a3d39ad5171ce76135ff3cccfe50c3e77e"",""source_sheet"":""中央国家行政机关省级以下直属机构"",""filter_version"":""government_tech_v2"",""tech_filter"":{""is_tech"":true,""is_core_tech"":true,""scope"":""core"",""categories"":[""computer_software"",""data_ai""],""matched_fields"":[""major"",""description""],""major_terms"":[""计算机科学与技术"",""软件工程""],""role_terms"":[""数据分析"",""软件"",""软件研发""],""reason"":""tech_major_and_role""},""original"":{""部门代码"":""158108"",""部门名称"":""海口出入境边防检查总站"",""用人司局"":""海口出入境边防检查总站"",""机构性质"":""中央国家行政机关省级以下直属机构"",""招考职位"":""洋浦边检站一级警长及以下（二）"",""职位属性"":""公安机关人民警察职位"",""职位分布"":""其他职位"",""职位简介"":""属公安机关人民警察，从事出入境边防检查、巡查、监护以及数据分析、软件研发等工作。"",""职位代码"":""300130001006"",""机构层级"":""市（地）级"",""考试类别"":""行政执法类"",""招考人数"":""1"",""专业"":""计算机科学与技术（077500、081200）、软件工程"",""学历"":""仅限硕士研究生"",""学位"":""硕士"",""政治面貌"":""中共党员或共青团员"",""基层工作最低年限"":""无限制"",""服务基层项目工作经历"":""无限制"",""是否在面试阶段组织专业能力测试"":""否"",""面试人员比例"":""3:1"",""工作地点"":""海南省儋州市"",""落户地点"":""海南省儋州市"",""备注"":""1．限应届高校毕业生报考（高等学历教育各阶段均需取得相应学历和学位）。\n2．按《公务员录用体检特殊标准（试行）》进行体检，对《公务员录用体检特殊标准（试行）》未作规定的项目，按《公务员录用体检通用标准（试行）》执行，视力标准可询招录单位。\n3．按《公安机关录用人民警察体能测评项目和标准》进行体能测评。\n4．按《公安机关录用人民警察政治考察工作办法》开展考察。具有《公安机关录用人民警察政治考察工作办法》第八条、第九条情形的，不得报考；父母、配偶或子女已移居国（境）外的，不得报考；非公派原因，曾六个月以上在国（境）外留学、工作、生活的，不得报考。\n5．可为符合条件人员办理集体户口。\n6．须服从二次分配。\n7．在本单位最低服务年限五年（含试用期）。\n8．仅限男性报考。\n9．请考生及时关注“移民管理警察招考小助手”微信小程序发布的报考信息。"",""部门网站"":""https://rczk.nia.gov.cn"",""咨询电话1"":""0898-66195525"",""咨询电话2"":""0898-66195528"",""咨询电话3"":"""",""来源Sheet"":""中央国家行政机关省级以下直属机构""}}"
"government_jobs","国家公务员2025招考简章","公务员/事业单位技术岗位","河北省秦皇岛市","2026-07-28T09:12:58.310295+00:00","秦皇岛边检站一级警长及以下（一）","河北出入境边防检查总站","","河北省秦皇岛市","公务员/事业单位;2025;computer_software;data_ai;electronics_communication;本科及以上;与最高学历相对应的学位;电子信息类（0807）、计算机类（0809）、电子科学与技术（0774、0809）、计算机科学与技术（0775、0812）、信息与通信工程（0810）、软件工程（0835）、工程★（085211、085212）;行政执法类","用人司局：河北出入境边防检查总站
职位简介：属公安机关人民警察，从事出入境边防检查、出入境系统开发运维、大数据分析核查、通信网络保障等工作。
专业要求：电子信息类（0807）、计算机类（0809）、电子科学与技术（0774、0809）、计算机科学与技术（0775、0812）、信息与通信工程（0810）、软件工程（0835）、工程★（085211、085212）
学历要求：本科及以上
学位要求：与最高学历相对应的学位
政治面貌：中共党员或共青团员
基层工作经历：无限制
考试类别：行政执法类
备注：1.限2025届高校毕业生报考（高等学历教育各阶段均需取得相应学历和学位）。
2.按《公务员录用体检特殊标准（试行）》进行体检，对《公务员录用体检特殊标准（试行）》未作规定的项目，按《公务员录用体检通用标准（试行）》执行，视力标准可询招录单位。
3.按《公安机关录用人民警察体能测评项目和标准》进行体能测评。
4.按《公安机关录用人民警察政治考察工作办法》开展考察。具有《公安机关录用人民警察政治考察工作办法》第八条、第九条情形的，不得报考；父母、配偶或子女已移居国（境）外的，不得报考；非公派原因曾六个月以上在国（境）外留学、工作、生活的，不得报考。
5.提供集体宿舍，可为符合条件人员办理集体户口。
6.工资待遇按人民警察标准执行，享受加班补贴和值勤岗位津贴，有固定的探亲假和休假安排。
7.仅限男性报考。
8.请考生及时关注“移民管理警察招考小助手”微信小程序发布的报考信息。","https://www.xjhc.gov.cn/xjhc/c116834/202410/a29382e11a674da3be3353af65f9fcc5.shtml#158110-300130001017","2024-10-14","{""dataset_year"":2025,""job_uid"":""GOV-2025-158110-300130001017"",""publisher"":""国家公务员局"",""publication_page"":""https://www.xjhc.gov.cn/xjhc/c116834/202410/a29382e11a674da3be3353af65f9fcc5.shtml"",""attachment_url"":""https://www.xjhc.gov.cn/xjhc/c116834/202410/a29382e11a674da3be3353af65f9fcc5/files/0536cef86e2b46ddad6aae5a3780089e.xls"",""local_source_file"":""2025_guokao_zhaokaojianzhang.xls"",""local_source_sha256"":""07ae6cab368cd21b7a1ac3e8150fe9a3d39ad5171ce76135ff3cccfe50c3e77e"",""source_sheet"":""中央国家行政机关省级以下直属机构"",""filter_version"":""government_tech_v2"",""tech_filter"":{""is_tech"":true,""is_core_tech"":true,""scope"":""core"",""categories"":[""computer_software"",""data_ai"",""electronics_communication""],""matched_fields"":[""major"",""description""],""major_terms"":[""信息与通信工程"",""电子信息类"",""电子科学与技术"",""计算机科学与技术"",""计算机类"",""软件工程"",""通信工程""],""role_terms"":[""大数据"",""数据分析"",""系统开发"",""通信网络""],""reason"":""tech_major_and_role""},""original"":{""部门代码"":""158110"",""部门名称"":""河北出入境边防检查总站"",""用人司局"":""河北出入境边防检查总站"",""机构性质"":""中央国家行政机关省级以下直属机构"",""招考职位"":""秦皇岛边检站一级警长及以下（一）"",""职位属性"":""公安机关人民警察职位"",""职位分布"":""其他职位"",""职位简介"":""属公安机关人民警察，从事出入境边防检查、出入境系统开发运维、大数据分析核查、通信网络保障等工作。"",""职位代码"":""300130001017"",""机构层级"":""市（地）级"",""考试类别"":""行政执法类"",""招考人数"":""1"",""专业"":""电子信息类（0807）、计算机类（0809）、电子科学与技术（0774、0809）、计算机科学与技术（0775、0812）、信息与通信工程（0810）、软件工程（0835）、工程★（085211、085212）"",""学历"":""本科及以上"",""学位"":""与最高学历相对应的学位"",""政治面貌"":""中共党员或共青团员"",""基层工作最低年限"":""无限制"",""服务基层项目工作经历"":""无限制"",""是否在面试阶段组织专业能力测试"":""否"",""面试人员比例"":""3:1"",""工作地点"":""河北省秦皇岛市"",""落户地点"":""河北省秦皇岛市"",""备注"":""1.限2025届高校毕业生报考（高等学历教育各阶段均需取得相应学历和学位）。\n2.按《公务员录用体检特殊标准（试行）》进行体检，对《公务员录用体检特殊标准（试行）》未作规定的项目，按《公务员录用体检通用标准（试行）》执行，视力标准可询招录单位。\n3.按《公安机关录用人民警察体能测评项目和标准》进行体能测评。\n4.按《公安机关录用人民警察政治考察工作办法》开展考察。具有《公安机关录用人民警察政治考察工作办法》第八条、第九条情形的，不得报考；父母、配偶或子女已移居国（境）外的，不得报考；非公派原因曾六个月以上在国（境）外留学、工作、生活的，不得报考。\n5.提供集体宿舍，可为符合条件人员办理集体户口。\n6.工资待遇按人民警察标准执行，享受加班补贴和值勤岗位津贴，有固定的探亲假和休假安排。\n7.仅限男性报考。\n8.请考生及时关注“移民管理警察招考小助手”微信小程序发布的报考信息。"",""部门网站"":""https://rczk.nia.gov.cn"",""咨询电话1"":""0311-66725428"",""咨询电话2"":""0311-66725409"",""咨询电话3"":"""",""来源Sheet"":""中央国家行政机关省级以下直属机构""}}"
"government_jobs","国家公务员2025招考简章","公务员/事业单位技术岗位","内蒙古自治区呼伦贝尔市满洲里市","2026-07-28T09:12:58.310295+00:00","满洲里出入境边防检查站警务技术一级主管及以下（一）","内蒙古出入境边防检查总站","","内蒙古自治区呼伦贝尔市满洲里市","公务员/事业单位;2025;automation_robotics;computer_software;cybersecurity_cryptography;data_ai;electronics_communication;硕士研究生及以上;与最高学历相对应的学位;020208统计学、0252应用统计、0714统计学、0774电子科学与技术、0810信息与通信工程、0812计算机科学与技术、0835软件工程、0838公安技术、0839网络空间安全、0854电子信息、0876智能科学与技术;市（地）级及以下直属机构综合管理类","用人司局：内蒙古出入境边防检查总站
职位简介：属于公安机关人民警察，承担着维护国家主权、边境安全和社会秩序的重要职责，负责实施出入国（边）境人员、交通运输工具边防检查，口岸限定区域管理，审核签发外国人临时入境许可，实施边控工作，防范查处非法入出境活动。该职位主要从事边防检查、大数据运维、信息化设备运维、无人驾驶设备运维使用等工作。24小时轮班工作制，工作强度大。工资待遇按人民警察标准执行，享受加班补贴、值勤岗位津贴、艰苦边远地区补助或高原津贴。
专业要求：020208统计学、0252应用统计、0714统计学、0774电子科学与技术、0810信息与通信工程、0812计算机科学与技术、0835软件工程、0838公安技术、0839网络空间安全、0854电子信息、0876智能科学与技术
学历要求：硕士研究生及以上
学位要求：与最高学历相对应的学位
政治面貌：中共党员或共青团员
基层工作经历：无限制
考试类别：市（地）级及以下直属机构综合管理类
备注：1．限应届高校毕业生报考（高等学历教育各阶段均需取得相应学历和学位）。
2．按《公务员录用体检特殊标准（试行）》进行体检，对《公务员录用体检特殊标准（试行）》未作规定的项目，按《公务员录用体检通用标准（试行）》执行，视力标准可询招录单位。
3．按《公安机关录用人民警察体能测评项目和标准》进行体能测评。
4．按《公安机关录用人民警察政治考察工作办法》开展考察。具有《公安机关录用人民警察政治考察工作办法》第八条、第九条情形的，不得报考；父母、配偶或子女已移居国（境）外的，不得报考；非公派原因，曾六个月以上在国（境）外留学、工作、生活的，不得报考。
5．大学英语等级考试四级425分及以上。
6．具有全国计算机等级考试二级合格证书。
7．具有初级及以上计算机技术与软件专业技术资格证、通信专业技术人员职业资格证、自动化专业职业资格证、特种作业操作证或无人驾驶资格证。
8．异地人员提供戍边公寓。享受内蒙古地区子女教育优待。有固定的探亲假和休假安排。
9．在本单位最低服务年限五年（含试用期）。
10．须服从二次分配。
11．请考生及时关注“移民管理警察招考小助手”微信小程序发布的报考信息。","https://www.xjhc.gov.cn/xjhc/c116834/202410/a29382e11a674da3be3353af65f9fcc5.shtml#158112-300130860005","2024-10-14","{""dataset_year"":2025,""job_uid"":""GOV-2025-158112-300130860005"",""publisher"":""国家公务员局"",""publication_page"":""https://www.xjhc.gov.cn/xjhc/c116834/202410/a29382e11a674da3be3353af65f9fcc5.shtml"",""attachment_url"":""https://www.xjhc.gov.cn/xjhc/c116834/202410/a29382e11a674da3be3353af65f9fcc5/files/0536cef86e2b46ddad6aae5a3780089e.xls"",""local_source_file"":""2025_guokao_zhaokaojianzhang.xls"",""local_source_sha256"":""07ae6cab368cd21b7a1ac3e8150fe9a3d39ad5171ce76135ff3cccfe50c3e77e"",""source_sheet"":""中央国家行政机关省级以下直属机构"",""filter_version"":""government_tech_v2"",""tech_filter"":{""is_tech"":true,""is_core_tech"":true,""scope"":""core"",""categories"":[""automation_robotics"",""computer_software"",""cybersecurity_cryptography"",""data_ai"",""electronics_communication""],""matched_fields"":[""major"",""description"",""remarks""],""major_terms"":[""信息与通信工程"",""智能科学与技术"",""电子信息"",""电子科学与技术"",""网络空间安全"",""计算机科学与技术"",""软件工程"",""通信工程""],""role_terms"":[""信息化"",""大数据"",""自动化"",""计算机"",""设备运维"",""软件""],""reason"":""tech_major_and_role""},""original"":{""部门代码"":""158112"",""部门名称"":""内蒙古出入境边防检查总站"",""用人司局"":""内蒙古出入境边防检查总站"",""机构性质"":""中央国家行政机关省级以下直属机构"",""招考职位"":""满洲里出入境边防检查站警务技术一级主管及以下（一）"",""职位属性"":""公安机关人民警察职位"",""职位分布"":""西部地区和艰苦边远地区职位"",""职位简介"":""属于公安机关人民警察，承担着维护国家主权、边境安全和社会秩序的重要职责，负责实施出入国（边）境人员、交通运输工具边防检查，口岸限定区域管理，审核签发外国人临时入境许可，实施边控工作，防范查处非法入出境活动。该职位主要从事边防检查、大数据运维、信息化设备运维、无人驾驶设备运维使用等工作。24小时轮班工作制，工作强度大。工资待遇按人民警察标准执行，享受加班补贴、值勤岗位津贴、艰苦边远地区补助或高原津贴。"",""职位代码"":""300130860005"",""机构层级"":""市（地）级"",""考试类别"":""市（地）级及以下直属机构综合管理类"",""招考人数"":""1"",""专业"":""020208统计学、0252应用统计、0714统计学、0774电子科学与技术、0810信息与通信工程、0812计算机科学与技术、0835软件工程、0838公安技术、0839网络空间安全、0854电子信息、0876智能科学与技术"",""学历"":""硕士研究生及以上"",""学位"":""与最高学历相对应的学位"",""政治面貌"":""中共党员或共青团员"",""基层工作最低年限"":""无限制"",""服务基层项目工作经历"":""无限制"",""是否在面试阶段组织专业能力测试"":""否"",""面试人员比例"":""3:1"",""工作地点"":""内蒙古自治区呼伦贝尔市满洲里市"",""落户地点"":""内蒙古自治区呼伦贝尔市满洲里市"",""备注"":""1．限应届高校毕业生报考（高等学历教育各阶段均需取得相应学历和学位）。\n2．按《公务员录用体检特殊标准（试行）》进行体检，对《公务员录用体检特殊标准（试行）》未作规定的项目，按《公务员录用体检通用标准（试行）》执行，视力标准可询招录单位。\n3．按《公安机关录用人民警察体能测评项目和标准》进行体能测评。\n4．按《公安机关录用人民警察政治考察工作办法》开展考察。具有《公安机关录用人民警察政治考察工作办法》第八条、第九条情形的，不得报考；父母、配偶或子女已移居国（境）外的，不得报考；非公派原因，曾六个月以上在国（境）外留学、工作、生活的，不得报考。\n5．大学英语等级考试四级425分及以上。\n6．具有全国计算机等级考试二级合格证书。\n7．具有初级及以上计算机技术与软件专业技术资格证、通信专业技术人员职业资格证、自动化专业职业资格证、特种作业操作证或无人驾驶资格证。\n8．异地人员提供戍边公寓。享受内蒙古地区子女教育优待。有固定的探亲假和休假安排。\n9．在本单位最低服务年限五年（含试用期）。\n10．须服从二次分配。\n11．请考生及时关注“移民管理警察招考小助手”微信小程序发布的报考信息。"",""部门网站"":""https://rczk.nia.gov.cn"",""咨询电话1"":""04713265175"",""咨询电话2"":""04713384433-5818"",""咨询电话3"":""04713384433-5807"",""来源Sheet"":""中央国家行政机关省级以下直属机构""}}"
"government_jobs","国家公务员2025招考简章","公务员/事业单位技术岗位","内蒙古自治区呼伦贝尔市满洲里市","2026-07-28T09:12:58.310295+00:00","满洲里出入境边防检查站警务技术一级主管及以下 （二）","内蒙古出入境边防检查总站","","内蒙古自治区呼伦贝尔市满洲里市","公务员/事业单位;2025;automation_robotics;computer_software;data_ai;electronics_communication;仅限本科;学士;0807电子信息类、0809计算机类、081805K飞行技术、0820航空航天类、082108T智能无人系统技术、120102信息管理与信息系统、120108T大数据管理与应用、120503信息资源管理;市（地）级及以下直属机构综合管理类","用人司局：内蒙古出入境边防检查总站
职位简介：属于公安机关人民警察，承担着维护国家主权、边境安全和社会秩序的重要职责，负责实施出入国（边）境人员、交通运输工具边防检查，口岸限定区域管理，审核签发外国人临时入境许可，实施边控工作，防范查处非法入出境活动。该职位主要从事边防检查、大数据运维、信息化设备运维、无人驾驶设备运维使用等工作。24小时轮班工作制，工作强度大。工资待遇按人民警察标准执行，享受加班补贴、值勤岗位津贴、艰苦边远地区补助或高原津贴。
专业要求：0807电子信息类、0809计算机类、081805K飞行技术、0820航空航天类、082108T智能无人系统技术、120102信息管理与信息系统、120108T大数据管理与应用、120503信息资源管理
学历要求：仅限本科
学位要求：学士
政治面貌：中共党员或共青团员
基层工作经历：无限制
考试类别：市（地）级及以下直属机构综合管理类
备注：1．限应届高校毕业生报考（高等学历教育各阶段均需取得相应学历和学位）。
2．按《公务员录用体检特殊标准（试行）》进行体检，对《公务员录用体检特殊标准（试行）》未作规定的项目，按《公务员录用体检通用标准（试行）》执行，视力标准可询招录单位。
3．按《公安机关录用人民警察体能测评项目和标准》进行体能测评。
4．按《公安机关录用人民警察政治考察工作办法》开展考察。具有《公安机关录用人民警察政治考察工作办法》第八条、第九条情形的，不得报考；父母、配偶或子女已移居国（境）外的，不得报考；非公派原因，曾六个月以上在国（境）外留学、工作、生活的，不得报考。
5．大学英语等级考试四级425分及以上。
6．具有全国计算机等级考试二级合格证书。
7．具有初级及以上计算机技术与软件专业技术资格证、通信专业技术人员职业资格证、自动化专业职业资格证、特种作业操作证或无人驾驶资格证。
8．异地人员提供戍边公寓。享受内蒙古地区子女教育优待。有固定的探亲假和休假安排。
9．在本单位最低服务年限五年（含试用期）。
10．须服从二次分配。
11．请考生及时关注“移民管理警察招考小助手”微信小程序发布的报考信息。","https://www.xjhc.gov.cn/xjhc/c116834/202410/a29382e11a674da3be3353af65f9fcc5.shtml#158112-300130860006","2024-10-14","{""dataset_year"":2025,""job_uid"":""GOV-2025-158112-300130860006"",""publisher"":""国家公务员局"",""publication_page"":""https://www.xjhc.gov.cn/xjhc/c116834/202410/a29382e11a674da3be3353af65f9fcc5.shtml"",""attachment_url"":""https://www.xjhc.gov.cn/xjhc/c116834/202410/a29382e11a674da3be3353af65f9fcc5/files/0536cef86e2b46ddad6aae5a3780089e.xls"",""local_source_file"":""2025_guokao_zhaokaojianzhang.xls"",""local_source_sha256"":""07ae6cab368cd21b7a1ac3e8150fe9a3d39ad5171ce76135ff3cccfe50c3e77e"",""source_sheet"":""中央国家行政机关省级以下直属机构"",""filter_version"":""government_tech_v2"",""tech_filter"":{""is_tech"":true,""is_core_tech"":true,""scope"":""core"",""categories"":[""automation_robotics"",""computer_software"",""data_ai"",""electronics_communication""],""matched_fields"":[""major"",""description"",""remarks""],""major_terms"":[""大数据"",""电子信息类"",""计算机类""],""role_terms"":[""信息化"",""大数据"",""自动化"",""计算机"",""设备运维"",""软件""],""reason"":""tech_major_and_role""},""original"":{""部门代码"":""158112"",""部门名称"":""内蒙古出入境边防检查总站"",""用人司局"":""内蒙古出入境边防检查总站"",""机构性质"":""中央国家行政机关省级以下直属机构"",""招考职位"":""满洲里出入境边防检查站警务技术一级主管及以下 （二）"",""职位属性"":""公安机关人民警察职位"",""职位分布"":""西部地区和艰苦边远地区职位"",""职位简介"":""属于公安机关人民警察，承担着维护国家主权、边境安全和社会秩序的重要职责，负责实施出入国（边）境人员、交通运输工具边防检查，口岸限定区域管理，审核签发外国人临时入境许可，实施边控工作，防范查处非法入出境活动。该职位主要从事边防检查、大数据运维、信息化设备运维、无人驾驶设备运维使用等工作。24小时轮班工作制，工作强度大。工资待遇按人民警察标准执行，享受加班补贴、值勤岗位津贴、艰苦边远地区补助或高原津贴。"",""职位代码"":""300130860006"",""机构层级"":""市（地）级"",""考试类别"":""市（地）级及以下直属机构综合管理类"",""招考人数"":""1"",""专业"":""0807电子信息类、0809计算机类、081805K飞行技术、0820航空航天类、082108T智能无人系统技术、120102信息管理与信息系统、120108T大数据管理与应用、120503信息资源管理"",""学历"":""仅限本科"",""学位"":""学士"",""政治面貌"":""中共党员或共青团员"",""基层工作最低年限"":""无限制"",""服务基层项目工作经历"":""无限制"",""是否在面试阶段组织专业能力测试"":""否"",""面试人员比例"":""3:1"",""工作地点"":""内蒙古自治区呼伦贝尔市满洲里市"",""落户地点"":""内蒙古自治区呼伦贝尔市满洲里市"",""备注"":""1．限应届高校毕业生报考（高等学历教育各阶段均需取得相应学历和学位）。\n2．按《公务员录用体检特殊标准（试行）》进行体检，对《公务员录用体检特殊标准（试行）》未作规定的项目，按《公务员录用体检通用标准（试行）》执行，视力标准可询招录单位。\n3．按《公安机关录用人民警察体能测评项目和标准》进行体能测评。\n4．按《公安机关录用人民警察政治考察工作办法》开展考察。具有《公安机关录用人民警察政治考察工作办法》第八条、第九条情形的，不得报考；父母、配偶或子女已移居国（境）外的，不得报考；非公派原因，曾六个月以上在国（境）外留学、工作、生活的，不得报考。\n5．大学英语等级考试四级425分及以上。\n6．具有全国计算机等级考试二级合格证书。\n7．具有初级及以上计算机技术与软件专业技术资格证、通信专业技术人员职业资格证、自动化专业职业资格证、特种作业操作证或无人驾驶资格证。\n8．异地人员提供戍边公寓。享受内蒙古地区子女教育优待。有固定的探亲假和休假安排。\n9．在本单位最低服务年限五年（含试用期）。\n10．须服从二次分配。\n11．请考生及时关注“移民管理警察招考小助手”微信小程序发布的报考信息。"",""部门网站"":""https://rczk.nia.gov.cn"",""咨询电话1"":""04713265175"",""咨询电话2"":""04713384433-5818"",""咨询电话3"":""04713384433-5807"",""来源Sheet"":""中央国家行政机关省级以下直属机构""}}"
"government_jobs","国家公务员2025招考简章","公务员/事业单位技术岗位","内蒙古自治区锡林郭勒盟二连浩特市","2026-07-28T09:12:58.310295+00:00","二连出入境边防检查站警务技术一级主管及以下（一）","内蒙古出入境边防检查总站","","内蒙古自治区锡林郭勒盟二连浩特市","公务员/事业单位;2025;automation_robotics;computer_software;cybersecurity_cryptography;data_ai;electronics_communication;硕士研究生及以上;与最高学历相对应的学位;020208统计学、0252应用统计、0714统计学、0774电子科学与技术、0810信息与通信工程、0812计算机科学与技术、0835软件工程、0838公安技术、0839网络空间安全、0854电子信息、0876智能科学与技术;市（地）级及以下直属机构综合管理类","用人司局：内蒙古出入境边防检查总站
职位简介：属于公安机关人民警察，承担着维护国家主权、边境安全和社会秩序的重要职责，负责实施出入国（边）境人员、交通运输工具边防检查，口岸限定区域管理，审核签发外国人临时入境许可，实施边控工作，防范查处非法入出境活动。该职位主要从事边防检查、大数据运维、信息化设备运维、无人驾驶设备运维使用等工作。24小时轮班工作制，工作强度大。工资待遇按人民警察标准执行，享受加班补贴、值勤岗位津贴、艰苦边远地区补助或高原津贴。
专业要求：020208统计学、0252应用统计、0714统计学、0774电子科学与技术、0810信息与通信工程、0812计算机科学与技术、0835软件工程、0838公安技术、0839网络空间安全、0854电子信息、0876智能科学与技术
学历要求：硕士研究生及以上
学位要求：与最高学历相对应的学位
政治面貌：中共党员或共青团员
基层工作经历：无限制
考试类别：市（地）级及以下直属机构综合管理类
备注：1．限应届高校毕业生报考（高等学历教育各阶段均需取得相应学历和学位）。
2．按《公务员录用体检特殊标准（试行）》进行体检，对《公务员录用体检特殊标准（试行）》未作规定的项目，按《公务员录用体检通用标准（试行）》执行，视力标准可询招录单位。
3．按《公安机关录用人民警察体能测评项目和标准》进行体能测评。
4．按《公安机关录用人民警察政治考察工作办法》开展考察。具有《公安机关录用人民警察政治考察工作办法》第八条、第九条情形的，不得报考；父母、配偶或子女已移居国（境）外的，不得报考；非公派原因，曾六个月以上在国（境）外留学、工作、生活的，不得报考。
5．大学英语等级考试四级425分及以上。
6．具有全国计算机等级考试二级合格证书。
7．具有初级及以上计算机技术与软件专业技术资格证、通信专业技术人员职业资格证、自动化专业职业资格证、特种作业操作证或无人驾驶资格证。
8．异地人员提供戍边公寓。享受内蒙古地区子女教育优待。有固定的探亲假和休假安排。
9．在本单位最低服务年限五年（含试用期）。
10．须服从二次分配。
11．请考生及时关注“移民管理警察招考小助手”微信小程序发布的报考信息。","https://www.xjhc.gov.cn/xjhc/c116834/202410/a29382e11a674da3be3353af65f9fcc5.shtml#158112-300130860012","2024-10-14","{""dataset_year"":2025,""job_uid"":""GOV-2025-158112-300130860012"",""publisher"":""国家公务员局"",""publication_page"":""https://www.xjhc.gov.cn/xjhc/c116834/202410/a29382e11a674da3be3353af65f9fcc5.shtml"",""attachment_url"":""https://www.xjhc.gov.cn/xjhc/c116834/202410/a29382e11a674da3be3353af65f9fcc5/files/0536cef86e2b46ddad6aae5a3780089e.xls"",""local_source_file"":""2025_guokao_zhaokaojianzhang.xls"",""local_source_sha256"":""07ae6cab368cd21b7a1ac3e8150fe9a3d39ad5171ce76135ff3cccfe50c3e77e"",""source_sheet"":""中央国家行政机关省级以下直属机构"",""filter_version"":""government_tech_v2"",""tech_filter"":{""is_tech"":true,""is_core_tech"":true,""scope"":""core"",""categories"":[""automation_robotics"",""computer_software"",""cybersecurity_cryptography"",""data_ai"",""electronics_communication""],""matched_fields"":[""major"",""description"",""remarks""],""major_terms"":[""信息与通信工程"",""智能科学与技术"",""电子信息"",""电子科学与技术"",""网络空间安全"",""计算机科学与技术"",""软件工程"",""通信工程""],""role_terms"":[""信息化"",""大数据"",""自动化"",""计算机"",""设备运维"",""软件""],""reason"":""tech_major_and_role""},""original"":{""部门代码"":""158112"",""部门名称"":""内蒙古出入境边防检查总站"",""用人司局"":""内蒙古出入境边防检查总站"",""机构性质"":""中央国家行政机关省级以下直属机构"",""招考职位"":""二连出入境边防检查站警务技术一级主管及以下（一）"",""职位属性"":""公安机关人民警察职位"",""职位分布"":""西部地区和艰苦边远地区职位"",""职位简介"":""属于公安机关人民警察，承担着维护国家主权、边境安全和社会秩序的重要职责，负责实施出入国（边）境人员、交通运输工具边防检查，口岸限定区域管理，审核签发外国人临时入境许可，实施边控工作，防范查处非法入出境活动。该职位主要从事边防检查、大数据运维、信息化设备运维、无人驾驶设备运维使用等工作。24小时轮班工作制，工作强度大。工资待遇按人民警察标准执行，享受加班补贴、值勤岗位津贴、艰苦边远地区补助或高原津贴。"",""职位代码"":""300130860012"",""机构层级"":""市（地）级"",""考试类别"":""市（地）级及以下直属机构综合管理类"",""招考人数"":""1"",""专业"":""020208统计学、0252应用统计、0714统计学、0774电子科学与技术、0810信息与通信工程、0812计算机科学与技术、0835软件工程、0838公安技术、0839网络空间安全、0854电子信息、0876智能科学与技术"",""学历"":""硕士研究生及以上"",""学位"":""与最高学历相对应的学位"",""政治面貌"":""中共党员或共青团员"",""基层工作最低年限"":""无限制"",""服务基层项目工作经历"":""无限制"",""是否在面试阶段组织专业能力测试"":""否"",""面试人员比例"":""3:1"",""工作地点"":""内蒙古自治区锡林郭勒盟二连浩特市"",""落户地点"":""内蒙古自治区锡林郭勒盟二连浩特市"",""备注"":""1．限应届高校毕业生报考（高等学历教育各阶段均需取得相应学历和学位）。\n2．按《公务员录用体检特殊标准（试行）》进行体检，对《公务员录用体检特殊标准（试行）》未作规定的项目，按《公务员录用体检通用标准（试行）》执行，视力标准可询招录单位。\n3．按《公安机关录用人民警察体能测评项目和标准》进行体能测评。\n4．按《公安机关录用人民警察政治考察工作办法》开展考察。具有《公安机关录用人民警察政治考察工作办法》第八条、第九条情形的，不得报考；父母、配偶或子女已移居国（境）外的，不得报考；非公派原因，曾六个月以上在国（境）外留学、工作、生活的，不得报考。\n5．大学英语等级考试四级425分及以上。\n6．具有全国计算机等级考试二级合格证书。\n7．具有初级及以上计算机技术与软件专业技术资格证、通信专业技术人员职业资格证、自动化专业职业资格证、特种作业操作证或无人驾驶资格证。\n8．异地人员提供戍边公寓。享受内蒙古地区子女教育优待。有固定的探亲假和休假安排。\n9．在本单位最低服务年限五年（含试用期）。\n10．须服从二次分配。\n11．请考生及时关注“移民管理警察招考小助手”微信小程序发布的报考信息。"",""部门网站"":""https://rczk.nia.gov.cn"",""咨询电话1"":""04713265175"",""咨询电话2"":""04713384433-5818"",""咨询电话3"":""04713384433-5807"",""来源Sheet"":""中央国家行政机关省级以下直属机构""}}"
"government_jobs","国家公务员2025招考简章","公务员/事业单位技术岗位","内蒙古自治区锡林郭勒盟二连浩特市","2026-07-28T09:12:58.310295+00:00","二连出入境边防检查站警务技术一级主管及以下（二）","内蒙古出入境边防检查总站","","内蒙古自治区锡林郭勒盟二连浩特市","公务员/事业单位;2025;automation_robotics;computer_software;data_ai;electronics_communication;仅限本科;学士;0807电子信息类、0809计算机类、081805K飞行技术、0820航空航天类、082108T智能无人系统技术、120102信息管理与信息系统、120108T大数据管理与应用、120503信息资源管理;市（地）级及以下直属机构综合管理类","用人司局：内蒙古出入境边防检查总站
职位简介：属于公安机关人民警察，承担着维护国家主权、边境安全和社会秩序的重要职责，负责实施出入国（边）境人员、交通运输工具边防检查，口岸限定区域管理，审核签发外国人临时入境许可，实施边控工作，防范查处非法入出境活动。该职位主要从事边防检查、大数据运维、信息化设备运维、无人驾驶设备运维使用等工作。24小时轮班工作制，工作强度大。工资待遇按人民警察标准执行，享受加班补贴、值勤岗位津贴、艰苦边远地区补助或高原津贴。
专业要求：0807电子信息类、0809计算机类、081805K飞行技术、0820航空航天类、082108T智能无人系统技术、120102信息管理与信息系统、120108T大数据管理与应用、120503信息资源管理
学历要求：仅限本科
学位要求：学士
政治面貌：中共党员或共青团员
基层工作经历：无限制
考试类别：市（地）级及以下直属机构综合管理类
备注：1．限应届高校毕业生报考（高等学历教育各阶段均需取得相应学历和学位）。
2．按《公务员录用体检特殊标准（试行）》进行体检，对《公务员录用体检特殊标准（试行）》未作规定的项目，按《公务员录用体检通用标准（试行）》执行，视力标准可询招录单位。
3．按《公安机关录用人民警察体能测评项目和标准》进行体能测评。
4．按《公安机关录用人民警察政治考察工作办法》开展考察。具有《公安机关录用人民警察政治考察工作办法》第八条、第九条情形的，不得报考；父母、配偶或子女已移居国（境）外的，不得报考；非公派原因，曾六个月以上在国（境）外留学、工作、生活的，不得报考。
5．大学英语等级考试四级425分及以上。
6．具有全国计算机等级考试二级合格证书。
7．具有初级及以上计算机技术与软件专业技术资格证、通信专业技术人员职业资格证、自动化专业职业资格证、特种作业操作证或无人驾驶资格证。
8．异地人员提供戍边公寓。享受内蒙古地区子女教育优待。有固定的探亲假和休假安排。
9．在本单位最低服务年限五年（含试用期）。
10．须服从二次分配。
11．请考生及时关注“移民管理警察招考小助手”微信小程序发布的报考信息。","https://www.xjhc.gov.cn/xjhc/c116834/202410/a29382e11a674da3be3353af65f9fcc5.shtml#158112-300130860013","2024-10-14","{""dataset_year"":2025,""job_uid"":""GOV-2025-158112-300130860013"",""publisher"":""国家公务员局"",""publication_page"":""https://www.xjhc.gov.cn/xjhc/c116834/202410/a29382e11a674da3be3353af65f9fcc5.shtml"",""attachment_url"":""https://www.xjhc.gov.cn/xjhc/c116834/202410/a29382e11a674da3be3353af65f9fcc5/files/0536cef86e2b46ddad6aae5a3780089e.xls"",""local_source_file"":""2025_guokao_zhaokaojianzhang.xls"",""local_source_sha256"":""07ae6cab368cd21b7a1ac3e8150fe9a3d39ad5171ce76135ff3cccfe50c3e77e"",""source_sheet"":""中央国家行政机关省级以下直属机构"",""filter_version"":""government_tech_v2"",""tech_filter"":{""is_tech"":true,""is_core_tech"":true,""scope"":""core"",""categories"":[""automation_robotics"",""computer_software"",""data_ai"",""electronics_communication""],""matched_fields"":[""major"",""description"",""remarks""],""major_terms"":[""大数据"",""电子信息类"",""计算机类""],""role_terms"":[""信息化"",""大数据"",""自动化"",""计算机"",""设备运维"",""软件""],""reason"":""tech_major_and_role""},""original"":{""部门代码"":""158112"",""部门名称"":""内蒙古出入境边防检查总站"",""用人司局"":""内蒙古出入境边防检查总站"",""机构性质"":""中央国家行政机关省级以下直属机构"",""招考职位"":""二连出入境边防检查站警务技术一级主管及以下（二）"",""职位属性"":""公安机关人民警察职位"",""职位分布"":""西部地区和艰苦边远地区职位"",""职位简介"":""属于公安机关人民警察，承担着维护国家主权、边境安全和社会秩序的重要职责，负责实施出入国（边）境人员、交通运输工具边防检查，口岸限定区域管理，审核签发外国人临时入境许可，实施边控工作，防范查处非法入出境活动。该职位主要从事边防检查、大数据运维、信息化设备运维、无人驾驶设备运维使用等工作。24小时轮班工作制，工作强度大。工资待遇按人民警察标准执行，享受加班补贴、值勤岗位津贴、艰苦边远地区补助或高原津贴。"",""职位代码"":""300130860013"",""机构层级"":""市（地）级"",""考试类别"":""市（地）级及以下直属机构综合管理类"",""招考人数"":""2"",""专业"":""0807电子信息类、0809计算机类、081805K飞行技术、0820航空航天类、082108T智能无人系统技术、120102信息管理与信息系统、120108T大数据管理与应用、120503信息资源管理"",""学历"":""仅限本科"",""学位"":""学士"",""政治面貌"":""中共党员或共青团员"",""基层工作最低年限"":""无限制"",""服务基层项目工作经历"":""无限制"",""是否在面试阶段组织专业能力测试"":""否"",""面试人员比例"":""3:1"",""工作地点"":""内蒙古自治区锡林郭勒盟二连浩特市"",""落户地点"":""内蒙古自治区锡林郭勒盟二连浩特市"",""备注"":""1．限应届高校毕业生报考（高等学历教育各阶段均需取得相应学历和学位）。\n2．按《公务员录用体检特殊标准（试行）》进行体检，对《公务员录用体检特殊标准（试行）》未作规定的项目，按《公务员录用体检通用标准（试行）》执行，视力标准可询招录单位。\n3．按《公安机关录用人民警察体能测评项目和标准》进行体能测评。\n4．按《公安机关录用人民警察政治考察工作办法》开展考察。具有《公安机关录用人民警察政治考察工作办法》第八条、第九条情形的，不得报考；父母、配偶或子女已移居国（境）外的，不得报考；非公派原因，曾六个月以上在国（境）外留学、工作、生活的，不得报考。\n5．大学英语等级考试四级425分及以上。\n6．具有全国计算机等级考试二级合格证书。\n7．具有初级及以上计算机技术与软件专业技术资格证、通信专业技术人员职业资格证、自动化专业职业资格证、特种作业操作证或无人驾驶资格证。\n8．异地人员提供戍边公寓。享受内蒙古地区子女教育优待。有固定的探亲假和休假安排。\n9．在本单位最低服务年限五年（含试用期）。\n10．须服从二次分配。\n11．请考生及时关注“移民管理警察招考小助手”微信小程序发布的报考信息。"",""部门网站"":""https://rczk.nia.gov.cn"",""咨询电话1"":""04713265175"",""咨询电话2"":""04713384433-5818"",""咨询电话3"":""04713384433-5807"",""来源Sheet"":""中央国家行政机关省级以下直属机构""}}"
"government_jobs","国家公务员2025招考简章","公务员/事业单位技术岗位","内蒙古自治区阿拉善盟额济纳旗","2026-07-28T09:12:58.310295+00:00","策克出入境边防检查站一级警长及以下（七）","内蒙古出入境边防检查总站","","内蒙古自治区阿拉善盟额济纳旗","公务员/事业单位;2025;computer_software;本科及以上;与最高学历相对应的学位;研究生：0503新闻传播学、0552新闻与传播、1354戏剧与影视。本科：050301新闻学、050302广播电视学、080906数字媒体技术、1305设计学类;行政执法类","用人司局：内蒙古出入境边防检查总站
职位简介：属于公安机关人民警察，承担着维护国家主权、边境安全和社会秩序的重要职责，负责实施出入国（边）境人员、交通运输工具边防检查，口岸限定区域管理，审核签发外国人临时入境许可，实施边控工作，防范查处非法入出境活动。该职位主要从事边防检查、宣传文化等工作。轮班工作制，工作强度适中。工资待遇按人民警察标准执行，享受加班补贴、值勤岗位津贴、艰苦边远地区补助或高原津贴。
专业要求：研究生：0503新闻传播学、0552新闻与传播、1354戏剧与影视。本科：050301新闻学、050302广播电视学、080906数字媒体技术、1305设计学类
学历要求：本科及以上
学位要求：与最高学历相对应的学位
政治面貌：中共党员或共青团员
基层工作经历：无限制
考试类别：行政执法类
备注：1．限应届高校毕业生报考（高等学历教育各阶段均需取得相应学历和学位）。
2．按《公务员录用体检特殊标准（试行）》进行体检，对《公务员录用体检特殊标准（试行）》未作规定的项目，按《公务员录用体检通用标准（试行）》执行，视力标准可询招录单位。
3．按《公安机关录用人民警察体能测评项目和标准》进行体能测评。
4．按《公安机关录用人民警察政治考察工作办法》开展考察。具有《公安机关录用人民警察政治考察工作办法》第八条、第九条情形的，不得报考；父母、配偶或子女已移居国（境）外的，不得报考；非公派原因，曾六个月以上在国（境）外留学、工作、生活的，不得报考。
5．大学英语等级考试四级425分以上或具有全国计算机等级考试二级合格证书。
6．具有中级以上新闻工作、视频剪辑等相关专业技术人员职业资格、专业技术资格证书。
7．异地人员提供戍边公寓。享受内蒙古地区子女教育优待。有固定的探亲假和休假安排。
8．在本单位最低服务年限五年（含试用期）。
9．须服从二次分配。
10．请考生及时关注“移民管理警察招考小助手”微信小程序发布的报考信息。","https://www.xjhc.gov.cn/xjhc/c116834/202410/a29382e11a674da3be3353af65f9fcc5.shtml#158112-300130860020","2024-10-14","{""dataset_year"":2025,""job_uid"":""GOV-2025-158112-300130860020"",""publisher"":""国家公务员局"",""publication_page"":""https://www.xjhc.gov.cn/xjhc/c116834/202410/a29382e11a674da3be3353af65f9fcc5.shtml"",""attachment_url"":""https://www.xjhc.gov.cn/xjhc/c116834/202410/a29382e11a674da3be3353af65f9fcc5/files/0536cef86e2b46ddad6aae5a3780089e.xls"",""local_source_file"":""2025_guokao_zhaokaojianzhang.xls"",""local_source_sha256"":""07ae6cab368cd21b7a1ac3e8150fe9a3d39ad5171ce76135ff3cccfe50c3e77e"",""source_sheet"":""中央国家行政机关省级以下直属机构"",""filter_version"":""government_tech_v2"",""tech_filter"":{""is_tech"":true,""is_core_tech"":true,""scope"":""core"",""categories"":[""computer_software""],""matched_fields"":[""major"",""remarks""],""major_terms"":[""数字媒体技术""],""role_terms"":[""计算机""],""reason"":""tech_major_and_role""},""original"":{""部门代码"":""158112"",""部门名称"":""内蒙古出入境边防检查总站"",""用人司局"":""内蒙古出入境边防检查总站"",""机构性质"":""中央国家行政机关省级以下直属机构"",""招考职位"":""策克出入境边防检查站一级警长及以下（七）"",""职位属性"":""公安机关人民警察职位"",""职位分布"":""西部地区和艰苦边远地区职位"",""职位简介"":""属于公安机关人民警察，承担着维护国家主权、边境安全和社会秩序的重要职责，负责实施出入国（边）境人员、交通运输工具边防检查，口岸限定区域管理，审核签发外国人临时入境许可，实施边控工作，防范查处非法入出境活动。该职位主要从事边防检查、宣传文化等工作。轮班工作制，工作强度适中。工资待遇按人民警察标准执行，享受加班补贴、值勤岗位津贴、艰苦边远地区补助或高原津贴。"",""职位代码"":""300130860020"",""机构层级"":""市（地）级"",""考试类别"":""行政执法类"",""招考人数"":""1"",""专业"":""研究生：0503新闻传播学、0552新闻与传播、1354戏剧与影视。本科：050301新闻学、050302广播电视学、080906数字媒体技术、1305设计学类"",""学历"":""本科及以上"",""学位"":""与最高学历相对应的学位"",""政治面貌"":""中共党员或共青团员"",""基层工作最低年限"":""无限制"",""服务基层项目工作经历"":""无限制"",""是否在面试阶段组织专业能力测试"":""否"",""面试人员比例"":""3:1"",""工作地点"":""内蒙古自治区阿拉善盟额济纳旗"",""落户地点"":""内蒙古自治区阿拉善盟额济纳旗"",""备注"":""1．限应届高校毕业生报考（高等学历教育各阶段均需取得相应学历和学位）。\n2．按《公务员录用体检特殊标准（试行）》进行体检，对《公务员录用体检特殊标准（试行）》未作规定的项目，按《公务员录用体检通用标准（试行）》执行，视力标准可询招录单位。\n3．按《公安机关录用人民警察体能测评项目和标准》进行体能测评。\n4．按《公安机关录用人民警察政治考察工作办法》开展考察。具有《公安机关录用人民警察政治考察工作办法》第八条、第九条情形的，不得报考；父母、配偶或子女已移居国（境）外的，不得报考；非公派原因，曾六个月以上在国（境）外留学、工作、生活的，不得报考。\n5．大学英语等级考试四级425分以上或具有全国计算机等级考试二级合格证书。\n6．具有中级以上新闻工作、视频剪辑等相关专业技术人员职业资格、专业技术资格证书。\n7．异地人员提供戍边公寓。享受内蒙古地区子女教育优待。有固定的探亲假和休假安排。\n8．在本单位最低服务年限五年（含试用期）。\n9．须服从二次分配。\n10．请考生及时关注“移民管理警察招考小助手”微信小程序发布的报考信息。"",""部门网站"":""https://rczk.nia.gov.cn"",""咨询电话1"":""04713265175"",""咨询电话2"":""04713384433-5818"",""咨询电话3"":""04713384433-5807"",""来源Sheet"":""中央国家行政机关省级以下直属机构""}}"
"government_jobs","国家公务员2025招考简章","公务员/事业单位技术岗位","内蒙古自治区阿拉善盟额济纳旗","2026-07-28T09:12:58.310295+00:00","策克出入境边防检查站警务技术一级主管及以下（一）","内蒙古出入境边防检查总站","","内蒙古自治区阿拉善盟额济纳旗","公务员/事业单位;2025;computer_software;cybersecurity_cryptography;data_ai;electronics_communication;硕士研究生及以上;与最高学历相对应的学位;020208统计学、0252应用统计、0714统计学、0774电子科学与技术、0810信息与通信工程、0812计算机科学与技术、0835软件工程、0838公安技术、0839网络空间安全、0854电子信息、0876智能科学与技术;市（地）级及以下直属机构综合管理类","用人司局：内蒙古出入境边防检查总站
职位简介：属于公安机关人民警察，承担着维护国家主权、边境安全和社会秩序的重要职责，负责实施出入国（边）境人员、交通运输工具边防检查，口岸限定区域管理，审核签发外国人临时入境许可，实施边控工作，防范查处非法入出境活动。该职位主要从事边防检查、大数据运维、信息化设备运维、无人驾驶设备运维使用等工作。轮班工作制，工作强度适中。工资待遇按人民警察标准执行，享受加班补贴、值勤岗位津贴、艰苦边远地区补助或高原津贴。
专业要求：020208统计学、0252应用统计、0714统计学、0774电子科学与技术、0810信息与通信工程、0812计算机科学与技术、0835软件工程、0838公安技术、0839网络空间安全、0854电子信息、0876智能科学与技术
学历要求：硕士研究生及以上
学位要求：与最高学历相对应的学位
政治面貌：中共党员或共青团员
基层工作经历：无限制
考试类别：市（地）级及以下直属机构综合管理类
备注：1．限社会在职人员、待业人员报考（高等学历教育各阶段均需取得相应学历和学位）。
2．按《公务员录用体检特殊标准（试行）》进行体检，对《公务员录用体检特殊标准（试行）》未作规定的项目，按《公务员录用体检通用标准（试行）》执行，视力标准可询招录单位。
3．按《公安机关录用人民警察体能测评项目和标准》进行体能测评。
4．按《公安机关录用人民警察政治考察工作办法》开展考察。具有《公安机关录用人民警察政治考察工作办法》第八条、第九条情形的，不得报考；父母、配偶或子女已移居国（境）外的，不得报考；非公派原因，曾六个月以上在国（境）外留学、工作、生活的，不得报考。
5．具有专业相关的初级及以上专业技术等级证、职业资格证、特种作业操作证或无人驾驶资格证。
6．具有从事专业相关的工作经历。
7．仅限男性报考。
8．异地人员提供戍边公寓。享受内蒙古地区子女教育优待。有固定的探亲假和休假安排。
9．在本单位最低服务年限五年（含试用期）。
10．须服从二次分配。
11．请考生及时关注“移民管理警察招考小助手”微信小程序发布的报考信息。","https://www.xjhc.gov.cn/xjhc/c116834/202410/a29382e11a674da3be3353af65f9fcc5.shtml#158112-300130860021","2024-10-14","{""dataset_year"":2025,""job_uid"":""GOV-2025-158112-300130860021"",""publisher"":""国家公务员局"",""publication_page"":""https://www.xjhc.gov.cn/xjhc/c116834/202410/a29382e11a674da3be3353af65f9fcc5.shtml"",""attachment_url"":""https://www.xjhc.gov.cn/xjhc/c116834/202410/a29382e11a674da3be3353af65f9fcc5/files/0536cef86e2b46ddad6aae5a3780089e.xls"",""local_source_file"":""2025_guokao_zhaokaojianzhang.xls"",""local_source_sha256"":""07ae6cab368cd21b7a1ac3e8150fe9a3d39ad5171ce76135ff3cccfe50c3e77e"",""source_sheet"":""中央国家行政机关省级以下直属机构"",""filter_version"":""government_tech_v2"",""tech_filter"":{""is_tech"":true,""is_core_tech"":true,""scope"":""core"",""categories"":[""computer_software"",""cybersecurity_cryptography"",""data_ai"",""electronics_communication""],""matched_fields"":[""major"",""description""],""major_terms"":[""信息与通信工程"",""智能科学与技术"",""电子信息"",""电子科学与技术"",""网络空间安全"",""计算机科学与技术"",""软件工程"",""通信工程""],""role_terms"":[""信息化"",""大数据"",""设备运维""],""reason"":""tech_major_and_role""},""original"":{""部门代码"":""158112"",""部门名称"":""内蒙古出入境边防检查总站"",""用人司局"":""内蒙古出入境边防检查总站"",""机构性质"":""中央国家行政机关省级以下直属机构"",""招考职位"":""策克出入境边防检查站警务技术一级主管及以下（一）"",""职位属性"":""公安机关人民警察职位"",""职位分布"":""西部地区和艰苦边远地区职位"",""职位简介"":""属于公安机关人民警察，承担着维护国家主权、边境安全和社会秩序的重要职责，负责实施出入国（边）境人员、交通运输工具边防检查，口岸限定区域管理，审核签发外国人临时入境许可，实施边控工作，防范查处非法入出境活动。该职位主要从事边防检查、大数据运维、信息化设备运维、无人驾驶设备运维使用等工作。轮班工作制，工作强度适中。工资待遇按人民警察标准执行，享受加班补贴、值勤岗位津贴、艰苦边远地区补助或高原津贴。"",""职位代码"":""300130860021"",""机构层级"":""市（地）级"",""考试类别"":""市（地）级及以下直属机构综合管理类"",""招考人数"":""1"",""专业"":""020208统计学、0252应用统计、0714统计学、0774电子科学与技术、0810信息与通信工程、0812计算机科学与技术、0835软件工程、0838公安技术、0839网络空间安全、0854电子信息、0876智能科学与技术"",""学历"":""硕士研究生及以上"",""学位"":""与最高学历相对应的学位"",""政治面貌"":""中共党员或共青团员"",""基层工作最低年限"":""无限制"",""服务基层项目工作经历"":""无限制"",""是否在面试阶段组织专业能力测试"":""否"",""面试人员比例"":""3:1"",""工作地点"":""内蒙古自治区阿拉善盟额济纳旗"",""落户地点"":""内蒙古自治区阿拉善盟额济纳旗"",""备注"":""1．限社会在职人员、待业人员报考（高等学历教育各阶段均需取得相应学历和学位）。\n2．按《公务员录用体检特殊标准（试行）》进行体检，对《公务员录用体检特殊标准（试行）》未作规定的项目，按《公务员录用体检通用标准（试行）》执行，视力标准可询招录单位。\n3．按《公安机关录用人民警察体能测评项目和标准》进行体能测评。\n4．按《公安机关录用人民警察政治考察工作办法》开展考察。具有《公安机关录用人民警察政治考察工作办法》第八条、第九条情形的，不得报考；父母、配偶或子女已移居国（境）外的，不得报考；非公派原因，曾六个月以上在国（境）外留学、工作、生活的，不得报考。\n5．具有专业相关的初级及以上专业技术等级证、职业资格证、特种作业操作证或无人驾驶资格证。\n6．具有从事专业相关的工作经历。\n7．仅限男性报考。\n8．异地人员提供戍边公寓。享受内蒙古地区子女教育优待。有固定的探亲假和休假安排。\n9．在本单位最低服务年限五年（含试用期）。\n10．须服从二次分配。\n11．请考生及时关注“移民管理警察招考小助手”微信小程序发布的报考信息。"",""部门网站"":""https://rczk.nia.gov.cn"",""咨询电话1"":""04713265175"",""咨询电话2"":""04713384433-5818"",""咨询电话3"":""04713384433-5807"",""来源Sheet"":""中央国家行政机关省级以下直属机构""}}"
"government_jobs","国家公务员2025招考简章","公务员/事业单位技术岗位","内蒙古自治区阿拉善盟额济纳旗","2026-07-28T09:12:58.310295+00:00","策克出入境边防检查站警务技术一级主管及以下（二）","内蒙古出入境边防检查总站","","内蒙古自治区阿拉善盟额济纳旗","公务员/事业单位;2025;automation_robotics;computer_software;data_ai;electronics_communication;大专或本科;与最高学历相对应的学位;本科：0807电子信息类、0809计算机类、081805K飞行技术、0820航空航天类、082108T智能无人系统技术、120108T大数据管理与应用。 专科：4603自动化类、460609无人机应用技术、610215大数据技术与应用。;市（地）级及以下直属机构综合管理类","用人司局：内蒙古出入境边防检查总站
职位简介：属于公安机关人民警察，承担着维护国家主权、边境安全和社会秩序的重要职责，负责实施出入国（边）境人员、交通运输工具边防检查，口岸限定区域管理，审核签发外国人临时入境许可，实施边控工作，防范查处非法入出境活动。该职位主要从事边防检查、大数据运维、信息化设备运维、无人驾驶设备运维使用等工作。轮班工作制，工作强度适中。工资待遇按人民警察标准执行，享受加班补贴、值勤岗位津贴、艰苦边远地区补助或高原津贴。
专业要求：本科：0807电子信息类、0809计算机类、081805K飞行技术、0820航空航天类、082108T智能无人系统技术、120108T大数据管理与应用。 专科：4603自动化类、460609无人机应用技术、610215大数据技术与应用。
学历要求：大专或本科
学位要求：与最高学历相对应的学位
政治面貌：中共党员或共青团员
基层工作经历：二年
考试类别：市（地）级及以下直属机构综合管理类
备注：1．限社会在职人员、待业人员报考（高等学历教育各阶段均需取得相应学历和学位）。
2．按《公务员录用体检特殊标准（试行）》进行体检，对《公务员录用体检特殊标准（试行）》未作规定的项目，按《公务员录用体检通用标准（试行）》执行，视力标准可询招录单位。
3．按《公安机关录用人民警察体能测评项目和标准》进行体能测评。
4．按《公安机关录用人民警察政治考察工作办法》开展考察。具有《公安机关录用人民警察政治考察工作办法》第八条、第九条情形的，不得报考；父母、配偶或子女已移居国（境）外的，不得报考；非公派原因，曾六个月以上在国（境）外留学、工作、生活的，不得报考。
5．具有专业相关的初级及以上专业技术等级证、职业资格证、特种作业操作证或无人驾驶资格证。
6．具有从事专业相关的基层工作经历。
7．仅限男性报考。
8．仅限内蒙古户籍人员或生源报考。
9．异地人员提供戍边公寓。享受内蒙古地区子女教育优待。有固定的探亲假和休假安排。
10．在本单位最低服务年限五年（含试用期）。
11．须服从二次分配。
12．请考生及时关注“移民管理警察招考小助手”微信小程序发布的报考信息。","https://www.xjhc.gov.cn/xjhc/c116834/202410/a29382e11a674da3be3353af65f9fcc5.shtml#158112-300130860022","2024-10-14","{""dataset_year"":2025,""job_uid"":""GOV-2025-158112-300130860022"",""publisher"":""国家公务员局"",""publication_page"":""https://www.xjhc.gov.cn/xjhc/c116834/202410/a29382e11a674da3be3353af65f9fcc5.shtml"",""attachment_url"":""https://www.xjhc.gov.cn/xjhc/c116834/202410/a29382e11a674da3be3353af65f9fcc5/files/0536cef86e2b46ddad6aae5a3780089e.xls"",""local_source_file"":""2025_guokao_zhaokaojianzhang.xls"",""local_source_sha256"":""07ae6cab368cd21b7a1ac3e8150fe9a3d39ad5171ce76135ff3cccfe50c3e77e"",""source_sheet"":""中央国家行政机关省级以下直属机构"",""filter_version"":""government_tech_v2"",""tech_filter"":{""is_tech"":true,""is_core_tech"":true,""scope"":""core"",""categories"":[""automation_robotics"",""computer_software"",""data_ai"",""electronics_communication""],""matched_fields"":[""major"",""description""],""major_terms"":[""大数据"",""电子信息类"",""自动化类"",""计算机类""],""role_terms"":[""信息化"",""大数据"",""设备运维""],""reason"":""tech_major_and_role""},""original"":{""部门代码"":""158112"",""部门名称"":""内蒙古出入境边防检查总站"",""用人司局"":""内蒙古出入境边防检查总站"",""机构性质"":""中央国家行政机关省级以下直属机构"",""招考职位"":""策克出入境边防检查站警务技术一级主管及以下（二）"",""职位属性"":""公安机关人民警察职位"",""职位分布"":""西部地区和艰苦边远地区职位"",""职位简介"":""属于公安机关人民警察，承担着维护国家主权、边境安全和社会秩序的重要职责，负责实施出入国（边）境人员、交通运输工具边防检查，口岸限定区域管理，审核签发外国人临时入境许可，实施边控工作，防范查处非法入出境活动。该职位主要从事边防检查、大数据运维、信息化设备运维、无人驾驶设备运维使用等工作。轮班工作制，工作强度适中。工资待遇按人民警察标准执行，享受加班补贴、值勤岗位津贴、艰苦边远地区补助或高原津贴。"",""职位代码"":""300130860022"",""机构层级"":""市（地）级"",""考试类别"":""市（地）级及以下直属机构综合管理类"",""招考人数"":""2"",""专业"":""本科：0807电子信息类、0809计算机类、081805K飞行技术、0820航空航天类、082108T智能无人系统技术、120108T大数据管理与应用。 专科：4603自动化类、460609无人机应用技术、610215大数据技术与应用。"",""学历"":""大专或本科"",""学位"":""与最高学历相对应的学位"",""政治面貌"":""中共党员或共青团员"",""基层工作最低年限"":""二年"",""服务基层项目工作经历"":""无限制"",""是否在面试阶段组织专业能力测试"":""否"",""面试人员比例"":""3:1"",""工作地点"":""内蒙古自治区阿拉善盟额济纳旗"",""落户地点"":""内蒙古自治区阿拉善盟额济纳旗"",""备注"":""1．限社会在职人员、待业人员报考（高等学历教育各阶段均需取得相应学历和学位）。\n2．按《公务员录用体检特殊标准（试行）》进行体检，对《公务员录用体检特殊标准（试行）》未作规定的项目，按《公务员录用体检通用标准（试行）》执行，视力标准可询招录单位。\n3．按《公安机关录用人民警察体能测评项目和标准》进行体能测评。\n4．按《公安机关录用人民警察政治考察工作办法》开展考察。具有《公安机关录用人民警察政治考察工作办法》第八条、第九条情形的，不得报考；父母、配偶或子女已移居国（境）外的，不得报考；非公派原因，曾六个月以上在国（境）外留学、工作、生活的，不得报考。\n5．具有专业相关的初级及以上专业技术等级证、职业资格证、特种作业操作证或无人驾驶资格证。\n6．具有从事专业相关的基层工作经历。\n7．仅限男性报考。\n8．仅限内蒙古户籍人员或生源报考。\n9．异地人员提供戍边公寓。享受内蒙古地区子女教育优待。有固定的探亲假和休假安排。\n10．在本单位最低服务年限五年（含试用期）。\n11．须服从二次分配。\n12．请考生及时关注“移民管理警察招考小助手”微信小程序发布的报考信息。"",""部门网站"":""https://rczk.nia.gov.cn"",""咨询电话1"":""04713265175"",""咨询电话2"":""04713384433-5818"",""咨询电话3"":""04713384433-5807"",""来源Sheet"":""中央国家行政机关省级以下直属机构""}}"
"government_jobs","国家公务员2025招考简章","公务员/事业单位技术岗位","内蒙古自治区呼伦贝尔市额尔古纳市","2026-07-28T09:12:58.310295+00:00","额尔古纳出入境边防检查站一级警长及以下（一）","内蒙古出入境边防检查总站","","内蒙古自治区呼伦贝尔市额尔古纳市","公务员/事业单位;2025;computer_software;本科及以上;与最高学历相对应的学位;研究生：0503新闻传播学、0552新闻与传播、1354戏剧与影视。本科：050301新闻学、050302广播电视学、080906数字媒体技术、1305设计学类;行政执法类","用人司局：内蒙古出入境边防检查总站
职位简介：属于公安机关人民警察，承担着维护国家主权、边境安全和社会秩序的重要职责，负责实施出入国（边）境人员、交通运输工具边防检查，口岸限定区域管理，审核签发外国人临时入境许可，实施边控工作，防范查处非法入出境活动。该职位主要从事边防检查、宣传文化等工作。轮班工作制，工作强度适中。工资待遇按人民警察标准执行，享受加班补贴、值勤岗位津贴、艰苦边远地区补助或高原津贴。
专业要求：研究生：0503新闻传播学、0552新闻与传播、1354戏剧与影视。本科：050301新闻学、050302广播电视学、080906数字媒体技术、1305设计学类
学历要求：本科及以上
学位要求：与最高学历相对应的学位
政治面貌：中共党员或共青团员
基层工作经历：无限制
考试类别：行政执法类
备注：1．限应届高校毕业生报考（高等学历教育各阶段均需取得相应学历和学位）。
2．按《公务员录用体检特殊标准（试行）》进行体检，对《公务员录用体检特殊标准（试行）》未作规定的项目，按《公务员录用体检通用标准（试行）》执行，视力标准可询招录单位。
3．按《公安机关录用人民警察体能测评项目和标准》进行体能测评。
4．按《公安机关录用人民警察政治考察工作办法》开展考察。具有《公安机关录用人民警察政治考察工作办法》第八条、第九条情形的，不得报考；父母、配偶或子女已移居国（境）外的，不得报考；非公派原因，曾六个月以上在国（境）外留学、工作、生活的，不得报考。
5．大学英语等级考试四级425分以上或具有全国计算机等级考试二级合格证书。
6．具有中级以上新闻工作、视频剪辑等相关专业技术人员职业资格、专业技术资格证书。
7．异地人员提供戍边公寓。享受内蒙古地区子女教育优待。有固定的探亲假和休假安排。
8．在本单位最低服务年限五年（含试用期）。
9．须服从二次分配。
10．请考生及时关注“移民管理警察招考小助手”微信小程序发布的报考信息。","https://www.xjhc.gov.cn/xjhc/c116834/202410/a29382e11a674da3be3353af65f9fcc5.shtml#158112-300130860023","2024-10-14","{""dataset_year"":2025,""job_uid"":""GOV-2025-158112-300130860023"",""publisher"":""国家公务员局"",""publication_page"":""https://www.xjhc.gov.cn/xjhc/c116834/202410/a29382e11a674da3be3353af65f9fcc5.shtml"",""attachment_url"":""https://www.xjhc.gov.cn/xjhc/c116834/202410/a29382e11a674da3be3353af65f9fcc5/files/0536cef86e2b46ddad6aae5a3780089e.xls"",""local_source_file"":""2025_guokao_zhaokaojianzhang.xls"",""local_source_sha256"":""07ae6cab368cd21b7a1ac3e8150fe9a3d39ad5171ce76135ff3cccfe50c3e77e"",""source_sheet"":""中央国家行政机关省级以下直属机构"",""filter_version"":""government_tech_v2"",""tech_filter"":{""is_tech"":true,""is_core_tech"":true,""scope"":""core"",""categories"":[""computer_software""],""matched_fields"":[""major"",""remarks""],""major_terms"":[""数字媒体技术""],""role_terms"":[""计算机""],""reason"":""tech_major_and_role""},""original"":{""部门代码"":""158112"",""部门名称"":""内蒙古出入境边防检查总站"",""用人司局"":""内蒙古出入境边防检查总站"",""机构性质"":""中央国家行政机关省级以下直属机构"",""招考职位"":""额尔古纳出入境边防检查站一级警长及以下（一）"",""职位属性"":""公安机关人民警察职位"",""职位分布"":""西部地区和艰苦边远地区职位"",""职位简介"":""属于公安机关人民警察，承担着维护国家主权、边境安全和社会秩序的重要职责，负责实施出入国（边）境人员、交通运输工具边防检查，口岸限定区域管理，审核签发外国人临时入境许可，实施边控工作，防范查处非法入出境活动。该职位主要从事边防检查、宣传文化等工作。轮班工作制，工作强度适中。工资待遇按人民警察标准执行，享受加班补贴、值勤岗位津贴、艰苦边远地区补助或高原津贴。"",""职位代码"":""300130860023"",""机构层级"":""市（地）级"",""考试类别"":""行政执法类"",""招考人数"":""1"",""专业"":""研究生：0503新闻传播学、0552新闻与传播、1354戏剧与影视。本科：050301新闻学、050302广播电视学、080906数字媒体技术、1305设计学类"",""学历"":""本科及以上"",""学位"":""与最高学历相对应的学位"",""政治面貌"":""中共党员或共青团员"",""基层工作最低年限"":""无限制"",""服务基层项目工作经历"":""无限制"",""是否在面试阶段组织专业能力测试"":""否"",""面试人员比例"":""3:1"",""工作地点"":""内蒙古自治区呼伦贝尔市额尔古纳市"",""落户地点"":""内蒙古自治区呼伦贝尔市额尔古纳市"",""备注"":""1．限应届高校毕业生报考（高等学历教育各阶段均需取得相应学历和学位）。\n2．按《公务员录用体检特殊标准（试行）》进行体检，对《公务员录用体检特殊标准（试行）》未作规定的项目，按《公务员录用体检通用标准（试行）》执行，视力标准可询招录单位。\n3．按《公安机关录用人民警察体能测评项目和标准》进行体能测评。\n4．按《公安机关录用人民警察政治考察工作办法》开展考察。具有《公安机关录用人民警察政治考察工作办法》第八条、第九条情形的，不得报考；父母、配偶或子女已移居国（境）外的，不得报考；非公派原因，曾六个月以上在国（境）外留学、工作、生活的，不得报考。\n5．大学英语等级考试四级425分以上或具有全国计算机等级考试二级合格证书。\n6．具有中级以上新闻工作、视频剪辑等相关专业技术人员职业资格、专业技术资格证书。\n7．异地人员提供戍边公寓。享受内蒙古地区子女教育优待。有固定的探亲假和休假安排。\n8．在本单位最低服务年限五年（含试用期）。\n9．须服从二次分配。\n10．请考生及时关注“移民管理警察招考小助手”微信小程序发布的报考信息。"",""部门网站"":""https://rczk.nia.gov.cn"",""咨询电话1"":""04713265175"",""咨询电话2"":""04713384433-5818"",""咨询电话3"":""04713384433-5807"",""来源Sheet"":""中央国家行政机关省级以下直属机构""}}"
"government_jobs","国家公务员2025招考简章","公务员/事业单位技术岗位","内蒙古自治区呼伦贝尔市额尔古纳市","2026-07-28T09:12:58.310295+00:00","额尔古纳出入境边防检查站警务技术一级主管及以下","内蒙古出入境边防检查总站","","内蒙古自治区呼伦贝尔市额尔古纳市","公务员/事业单位;2025;automation_robotics;computer_software;data_ai;electronics_communication;大专或本科;与最高学历相对应的学位;本科：0807电子信息类、0809计算机类、081805K飞行技术、0820航空航天类、082108T智能无人系统技术、120108T大数据管理与应用。 专科：4603自动化类、460609无人机应用技术、610215大数据技术与应用。;市（地）级及以下直属机构综合管理类","用人司局：内蒙古出入境边防检查总站
职位简介：属于公安机关人民警察，承担着维护国家主权、边境安全和社会秩序的重要职责，负责实施出入国（边）境人员、交通运输工具边防检查，口岸限定区域管理，审核签发外国人临时入境许可，实施边控工作，防范查处非法入出境活动。该职位主要从事边防检查、大数据运维、信息化设备运维、无人驾驶设备运维使用等工作。轮班工作制，工作强度适中。工资待遇按人民警察标准执行，享受加班补贴、值勤岗位津贴、艰苦边远地区补助或高原津贴。
专业要求：本科：0807电子信息类、0809计算机类、081805K飞行技术、0820航空航天类、082108T智能无人系统技术、120108T大数据管理与应用。 专科：4603自动化类、460609无人机应用技术、610215大数据技术与应用。
学历要求：大专或本科
学位要求：与最高学历相对应的学位
政治面貌：中共党员或共青团员
基层工作经历：二年
考试类别：市（地）级及以下直属机构综合管理类
备注：1．限社会在职人员、待业人员报考（高等学历教育各阶段均需取得相应学历和学位）。
2．按《公务员录用体检特殊标准（试行）》进行体检，对《公务员录用体检特殊标准（试行）》未作规定的项目，按《公务员录用体检通用标准（试行）》执行，视力标准可询招录单位。
3．按《公安机关录用人民警察体能测评项目和标准》进行体能测评。
4．按《公安机关录用人民警察政治考察工作办法》开展考察。具有《公安机关录用人民警察政治考察工作办法》第八条、第九条情形的，不得报考；父母、配偶或子女已移居国（境）外的，不得报考；非公派原因，曾六个月以上在国（境）外留学、工作、生活的，不得报考。
5．具有专业相关的初级及以上专业技术等级证、职业资格证、特种作业操作证或无人驾驶资格证。
6．具有从事专业相关的基层工作经历。
7．仅限男性报考。
8．仅限内蒙古户籍人员或生源报考。
9．异地人员提供戍边公寓。享受内蒙古地区子女教育优待。有固定的探亲假和休假安排。
10．在本单位最低服务年限五年（含试用期）。
11．须服从二次分配。
12．请考生及时关注“移民管理警察招考小助手”微信小程序发布的报考信息。","https://www.xjhc.gov.cn/xjhc/c116834/202410/a29382e11a674da3be3353af65f9fcc5.shtml#158112-300130860025","2024-10-14","{""dataset_year"":2025,""job_uid"":""GOV-2025-158112-300130860025"",""publisher"":""国家公务员局"",""publication_page"":""https://www.xjhc.gov.cn/xjhc/c116834/202410/a29382e11a674da3be3353af65f9fcc5.shtml"",""attachment_url"":""https://www.xjhc.gov.cn/xjhc/c116834/202410/a29382e11a674da3be3353af65f9fcc5/files/0536cef86e2b46ddad6aae5a3780089e.xls"",""local_source_file"":""2025_guokao_zhaokaojianzhang.xls"",""local_source_sha256"":""07ae6cab368cd21b7a1ac3e8150fe9a3d39ad5171ce76135ff3cccfe50c3e77e"",""source_sheet"":""中央国家行政机关省级以下直属机构"",""filter_version"":""government_tech_v2"",""tech_filter"":{""is_tech"":true,""is_core_tech"":true,""scope"":""core"",""categories"":[""automation_robotics"",""computer_software"",""data_ai"",""electronics_communication""],""matched_fields"":[""major"",""description""],""major_terms"":[""大数据"",""电子信息类"",""自动化类"",""计算机类""],""role_terms"":[""信息化"",""大数据"",""设备运维""],""reason"":""tech_major_and_role""},""original"":{""部门代码"":""158112"",""部门名称"":""内蒙古出入境边防检查总站"",""用人司局"":""内蒙古出入境边防检查总站"",""机构性质"":""中央国家行政机关省级以下直属机构"",""招考职位"":""额尔古纳出入境边防检查站警务技术一级主管及以下"",""职位属性"":""公安机关人民警察职位"",""职位分布"":""西部地区和艰苦边远地区职位"",""职位简介"":""属于公安机关人民警察，承担着维护国家主权、边境安全和社会秩序的重要职责，负责实施出入国（边）境人员、交通运输工具边防检查，口岸限定区域管理，审核签发外国人临时入境许可，实施边控工作，防范查处非法入出境活动。该职位主要从事边防检查、大数据运维、信息化设备运维、无人驾驶设备运维使用等工作。轮班工作制，工作强度适中。工资待遇按人民警察标准执行，享受加班补贴、值勤岗位津贴、艰苦边远地区补助或高原津贴。"",""职位代码"":""300130860025"",""机构层级"":""市（地）级"",""考试类别"":""市（地）级及以下直属机构综合管理类"",""招考人数"":""2"",""专业"":""本科：0807电子信息类、0809计算机类、081805K飞行技术、0820航空航天类、082108T智能无人系统技术、120108T大数据管理与应用。 专科：4603自动化类、460609无人机应用技术、610215大数据技术与应用。"",""学历"":""大专或本科"",""学位"":""与最高学历相对应的学位"",""政治面貌"":""中共党员或共青团员"",""基层工作最低年限"":""二年"",""服务基层项目工作经历"":""无限制"",""是否在面试阶段组织专业能力测试"":""否"",""面试人员比例"":""3:1"",""工作地点"":""内蒙古自治区呼伦贝尔市额尔古纳市"",""落户地点"":""内蒙古自治区呼伦贝尔市额尔古纳市"",""备注"":""1．限社会在职人员、待业人员报考（高等学历教育各阶段均需取得相应学历和学位）。\n2．按《公务员录用体检特殊标准（试行）》进行体检，对《公务员录用体检特殊标准（试行）》未作规定的项目，按《公务员录用体检通用标准（试行）》执行，视力标准可询招录单位。\n3．按《公安机关录用人民警察体能测评项目和标准》进行体能测评。\n4．按《公安机关录用人民警察政治考察工作办法》开展考察。具有《公安机关录用人民警察政治考察工作办法》第八条、第九条情形的，不得报考；父母、配偶或子女已移居国（境）外的，不得报考；非公派原因，曾六个月以上在国（境）外留学、工作、生活的，不得报考。\n5．具有专业相关的初级及以上专业技术等级证、职业资格证、特种作业操作证或无人驾驶资格证。\n6．具有从事专业相关的基层工作经历。\n7．仅限男性报考。\n8．仅限内蒙古户籍人员或生源报考。\n9．异地人员提供戍边公寓。享受内蒙古地区子女教育优待。有固定的探亲假和休假安排。\n10．在本单位最低服务年限五年（含试用期）。\n11．须服从二次分配。\n12．请考生及时关注“移民管理警察招考小助手”微信小程序发布的报考信息。"",""部门网站"":""https://rczk.nia.gov.cn"",""咨询电话1"":""04713265175"",""咨询电话2"":""04713384433-5818"",""咨询电话3"":""04713384433-5807"",""来源Sheet"":""中央国家行政机关省级以下直属机构""}}"
"government_jobs","国家公务员2025招考简章","公务员/事业单位技术岗位","内蒙古自治区呼伦贝尔市新巴尔虎左旗","2026-07-28T09:12:58.310295+00:00","额布都格出入境边防检查站一级警长及以下（四）","内蒙古出入境边防检查总站","","内蒙古自治区呼伦贝尔市新巴尔虎左旗","公务员/事业单位;2025;computer_software;本科及以上;与最高学历相对应的学位;研究生：0503新闻传播学、0552新闻与传播、1354戏剧与影视。本科：050301新闻学、050302广播电视学、080906数字媒体技术、1305设计学类;行政执法类","用人司局：内蒙古出入境边防检查总站
职位简介：属于公安机关人民警察，承担着维护国家主权、边境安全和社会秩序的重要职责，负责实施出入国（边）境人员、交通运输工具边防检查，口岸限定区域管理，审核签发外国人临时入境许可，实施边控工作，防范查处非法入出境活动。该职位主要从事边防检查、宣传文化等工作。轮班工作制，工作强度适中。工资待遇按人民警察标准执行，享受加班补贴、值勤岗位津贴、艰苦边远地区补助或高原津贴。
专业要求：研究生：0503新闻传播学、0552新闻与传播、1354戏剧与影视。本科：050301新闻学、050302广播电视学、080906数字媒体技术、1305设计学类
学历要求：本科及以上
学位要求：与最高学历相对应的学位
政治面貌：中共党员或共青团员
基层工作经历：无限制
考试类别：行政执法类
备注：1．限应届高校毕业生报考（高等学历教育各阶段均需取得相应学历和学位）。
2．按《公务员录用体检特殊标准（试行）》进行体检，对《公务员录用体检特殊标准（试行）》未作规定的项目，按《公务员录用体检通用标准（试行）》执行，视力标准可询招录单位。
3．按《公安机关录用人民警察体能测评项目和标准》进行体能测评。
4．按《公安机关录用人民警察政治考察工作办法》开展考察。具有《公安机关录用人民警察政治考察工作办法》第八条、第九条情形的，不得报考；父母、配偶或子女已移居国（境）外的，不得报考；非公派原因，曾六个月以上在国（境）外留学、工作、生活的，不得报考。
5．大学英语等级考试四级425分以上或具有全国计算机等级考试二级合格证书。
6．具有中级以上新闻工作、视频剪辑等相关专业技术人员职业资格、专业技术资格证书。
7．异地人员提供戍边公寓。享受内蒙古地区子女教育优待。有固定的探亲假和休假安排。
8．在本单位最低服务年限五年（含试用期）。
9．须服从二次分配。
10．请考生及时关注“移民管理警察招考小助手”微信小程序发布的报考信息。","https://www.xjhc.gov.cn/xjhc/c116834/202410/a29382e11a674da3be3353af65f9fcc5.shtml#158112-300130860031","2024-10-14","{""dataset_year"":2025,""job_uid"":""GOV-2025-158112-300130860031"",""publisher"":""国家公务员局"",""publication_page"":""https://www.xjhc.gov.cn/xjhc/c116834/202410/a29382e11a674da3be3353af65f9fcc5.shtml"",""attachment_url"":""https://www.xjhc.gov.cn/xjhc/c116834/202410/a29382e11a674da3be3353af65f9fcc5/files/0536cef86e2b46ddad6aae5a3780089e.xls"",""local_source_file"":""2025_guokao_zhaokaojianzhang.xls"",""local_source_sha256"":""07ae6cab368cd21b7a1ac3e8150fe9a3d39ad5171ce76135ff3cccfe50c3e77e"",""source_sheet"":""中央国家行政机关省级以下直属机构"",""filter_version"":""government_tech_v2"",""tech_filter"":{""is_tech"":true,""is_core_tech"":true,""scope"":""core"",""categories"":[""computer_software""],""matched_fields"":[""major"",""remarks""],""major_terms"":[""数字媒体技术""],""role_terms"":[""计算机""],""reason"":""tech_major_and_role""},""original"":{""部门代码"":""158112"",""部门名称"":""内蒙古出入境边防检查总站"",""用人司局"":""内蒙古出入境边防检查总站"",""机构性质"":""中央国家行政机关省级以下直属机构"",""招考职位"":""额布都格出入境边防检查站一级警长及以下（四）"",""职位属性"":""公安机关人民警察职位"",""职位分布"":""西部地区和艰苦边远地区职位"",""职位简介"":""属于公安机关人民警察，承担着维护国家主权、边境安全和社会秩序的重要职责，负责实施出入国（边）境人员、交通运输工具边防检查，口岸限定区域管理，审核签发外国人临时入境许可，实施边控工作，防范查处非法入出境活动。该职位主要从事边防检查、宣传文化等工作。轮班工作制，工作强度适中。工资待遇按人民警察标准执行，享受加班补贴、值勤岗位津贴、艰苦边远地区补助或高原津贴。"",""职位代码"":""300130860031"",""机构层级"":""市（地）级"",""考试类别"":""行政执法类"",""招考人数"":""1"",""专业"":""研究生：0503新闻传播学、0552新闻与传播、1354戏剧与影视。本科：050301新闻学、050302广播电视学、080906数字媒体技术、1305设计学类"",""学历"":""本科及以上"",""学位"":""与最高学历相对应的学位"",""政治面貌"":""中共党员或共青团员"",""基层工作最低年限"":""无限制"",""服务基层项目工作经历"":""无限制"",""是否在面试阶段组织专业能力测试"":""否"",""面试人员比例"":""3:1"",""工作地点"":""内蒙古自治区呼伦贝尔市新巴尔虎左旗"",""落户地点"":""内蒙古自治区呼伦贝尔市新巴尔虎左旗"",""备注"":""1．限应届高校毕业生报考（高等学历教育各阶段均需取得相应学历和学位）。\n2．按《公务员录用体检特殊标准（试行）》进行体检，对《公务员录用体检特殊标准（试行）》未作规定的项目，按《公务员录用体检通用标准（试行）》执行，视力标准可询招录单位。\n3．按《公安机关录用人民警察体能测评项目和标准》进行体能测评。\n4．按《公安机关录用人民警察政治考察工作办法》开展考察。具有《公安机关录用人民警察政治考察工作办法》第八条、第九条情形的，不得报考；父母、配偶或子女已移居国（境）外的，不得报考；非公派原因，曾六个月以上在国（境）外留学、工作、生活的，不得报考。\n5．大学英语等级考试四级425分以上或具有全国计算机等级考试二级合格证书。\n6．具有中级以上新闻工作、视频剪辑等相关专业技术人员职业资格、专业技术资格证书。\n7．异地人员提供戍边公寓。享受内蒙古地区子女教育优待。有固定的探亲假和休假安排。\n8．在本单位最低服务年限五年（含试用期）。\n9．须服从二次分配。\n10．请考生及时关注“移民管理警察招考小助手”微信小程序发布的报考信息。"",""部门网站"":""https://rczk.nia.gov.cn"",""咨询电话1"":""04713265175"",""咨询电话2"":""04713384433-5818"",""咨询电话3"":""04713384433-5807"",""来源Sheet"":""中央国家行政机关省级以下直属机构""}}"
"government_jobs","国家公务员2025招考简章","公务员/事业单位技术岗位","内蒙古自治区呼伦贝尔市新巴尔虎左旗","2026-07-28T09:12:58.310295+00:00","额布都格出入境边防检查站警务技术一级主管及以下","内蒙古出入境边防检查总站","","内蒙古自治区呼伦贝尔市新巴尔虎左旗","公务员/事业单位;2025;automation_robotics;computer_software;data_ai;electronics_communication;大专或本科;与最高学历相对应的学位;本科：0807电子信息类、0809计算机类、081805K飞行技术、0820航空航天类、082108T智能无人系统技术、120108T大数据管理与应用。 专科：4603自动化类、460609无人机应用技术、610215大数据技术与应用。;市（地）级及以下直属机构综合管理类","用人司局：内蒙古出入境边防检查总站
职位简介：属于公安机关人民警察，承担着维护国家主权、边境安全和社会秩序的重要职责，负责实施出入国（边）境人员、交通运输工具边防检查，口岸限定区域管理，审核签发外国人临时入境许可，实施边控工作，防范查处非法入出境活动。该职位主要从事边防检查、大数据运维、信息化设备运维、无人驾驶设备运维使用等工作。轮班工作制，工作强度适中。工资待遇按人民警察标准执行，享受加班补贴、值勤岗位津贴、艰苦边远地区补助或高原津贴。
专业要求：本科：0807电子信息类、0809计算机类、081805K飞行技术、0820航空航天类、082108T智能无人系统技术、120108T大数据管理与应用。 专科：4603自动化类、460609无人机应用技术、610215大数据技术与应用。
学历要求：大专或本科
学位要求：与最高学历相对应的学位
政治面貌：中共党员或共青团员
基层工作经历：二年
考试类别：市（地）级及以下直属机构综合管理类
备注：1．限社会在职人员、待业人员报考（高等学历教育各阶段均需取得相应学历和学位）。
2．按《公务员录用体检特殊标准（试行）》进行体检，对《公务员录用体检特殊标准（试行）》未作规定的项目，按《公务员录用体检通用标准（试行）》执行，视力标准可询招录单位。
3．按《公安机关录用人民警察体能测评项目和标准》进行体能测评。
4．按《公安机关录用人民警察政治考察工作办法》开展考察。具有《公安机关录用人民警察政治考察工作办法》第八条、第九条情形的，不得报考；父母、配偶或子女已移居国（境）外的，不得报考；非公派原因，曾六个月以上在国（境）外留学、工作、生活的，不得报考。
5．具有专业相关的初级及以上专业技术等级证、职业资格证、特种作业操作证或无人驾驶资格证。
6．具有从事专业相关的基层工作经历。
7．仅限男性报考。
8．仅限内蒙古户籍人员或生源报考。
9．异地人员提供戍边公寓。享受内蒙古地区子女教育优待。有固定的探亲假和休假安排。
10．在本单位最低服务年限五年（含试用期）。
11．须服从二次分配。
12．请考生及时关注“移民管理警察招考小助手”微信小程序发布的报考信息。","https://www.xjhc.gov.cn/xjhc/c116834/202410/a29382e11a674da3be3353af65f9fcc5.shtml#158112-300130860034","2024-10-14","{""dataset_year"":2025,""job_uid"":""GOV-2025-158112-300130860034"",""publisher"":""国家公务员局"",""publication_page"":""https://www.xjhc.gov.cn/xjhc/c116834/202410/a29382e11a674da3be3353af65f9fcc5.shtml"",""attachment_url"":""https://www.xjhc.gov.cn/xjhc/c116834/202410/a29382e11a674da3be3353af65f9fcc5/files/0536cef86e2b46ddad6aae5a3780089e.xls"",""local_source_file"":""2025_guokao_zhaokaojianzhang.xls"",""local_source_sha256"":""07ae6cab368cd21b7a1ac3e8150fe9a3d39ad5171ce76135ff3cccfe50c3e77e"",""source_sheet"":""中央国家行政机关省级以下直属机构"",""filter_version"":""government_tech_v2"",""tech_filter"":{""is_tech"":true,""is_core_tech"":true,""scope"":""core"",""categories"":[""automation_robotics"",""computer_software"",""data_ai"",""electronics_communication""],""matched_fields"":[""major"",""description""],""major_terms"":[""大数据"",""电子信息类"",""自动化类"",""计算机类""],""role_terms"":[""信息化"",""大数据"",""设备运维""],""reason"":""tech_major_and_role""},""original"":{""部门代码"":""158112"",""部门名称"":""内蒙古出入境边防检查总站"",""用人司局"":""内蒙古出入境边防检查总站"",""机构性质"":""中央国家行政机关省级以下直属机构"",""招考职位"":""额布都格出入境边防检查站警务技术一级主管及以下"",""职位属性"":""公安机关人民警察职位"",""职位分布"":""西部地区和艰苦边远地区职位"",""职位简介"":""属于公安机关人民警察，承担着维护国家主权、边境安全和社会秩序的重要职责，负责实施出入国（边）境人员、交通运输工具边防检查，口岸限定区域管理，审核签发外国人临时入境许可，实施边控工作，防范查处非法入出境活动。该职位主要从事边防检查、大数据运维、信息化设备运维、无人驾驶设备运维使用等工作。轮班工作制，工作强度适中。工资待遇按人民警察标准执行，享受加班补贴、值勤岗位津贴、艰苦边远地区补助或高原津贴。"",""职位代码"":""300130860034"",""机构层级"":""市（地）级"",""考试类别"":""市（地）级及以下直属机构综合管理类"",""招考人数"":""1"",""专业"":""本科：0807电子信息类、0809计算机类、081805K飞行技术、0820航空航天类、082108T智能无人系统技术、120108T大数据管理与应用。 专科：4603自动化类、460609无人机应用技术、610215大数据技术与应用。"",""学历"":""大专或本科"",""学位"":""与最高学历相对应的学位"",""政治面貌"":""中共党员或共青团员"",""基层工作最低年限"":""二年"",""服务基层项目工作经历"":""无限制"",""是否在面试阶段组织专业能力测试"":""否"",""面试人员比例"":""3:1"",""工作地点"":""内蒙古自治区呼伦贝尔市新巴尔虎左旗"",""落户地点"":""内蒙古自治区呼伦贝尔市新巴尔虎左旗"",""备注"":""1．限社会在职人员、待业人员报考（高等学历教育各阶段均需取得相应学历和学位）。\n2．按《公务员录用体检特殊标准（试行）》进行体检，对《公务员录用体检特殊标准（试行）》未作规定的项目，按《公务员录用体检通用标准（试行）》执行，视力标准可询招录单位。\n3．按《公安机关录用人民警察体能测评项目和标准》进行体能测评。\n4．按《公安机关录用人民警察政治考察工作办法》开展考察。具有《公安机关录用人民警察政治考察工作办法》第八条、第九条情形的，不得报考；父母、配偶或子女已移居国（境）外的，不得报考；非公派原因，曾六个月以上在国（境）外留学、工作、生活的，不得报考。\n5．具有专业相关的初级及以上专业技术等级证、职业资格证、特种作业操作证或无人驾驶资格证。\n6．具有从事专业相关的基层工作经历。\n7．仅限男性报考。\n8．仅限内蒙古户籍人员或生源报考。\n9．异地人员提供戍边公寓。享受内蒙古地区子女教育优待。有固定的探亲假和休假安排。\n10．在本单位最低服务年限五年（含试用期）。\n11．须服从二次分配。\n12．请考生及时关注“移民管理警察招考小助手”微信小程序发布的报考信息。"",""部门网站"":""https://rczk.nia.gov.cn"",""咨询电话1"":""04713265175"",""咨询电话2"":""04713384433-5818"",""咨询电话3"":""04713384433-5807"",""来源Sheet"":""中央国家行政机关省级以下直属机构""}}"
"government_jobs","国家公务员2025招考简章","公务员/事业单位技术岗位","内蒙古自治区呼伦贝尔市","2026-07-28T09:12:58.310295+00:00","呼伦贝尔边境管理支队警务技术一级主管及以下（一）","内蒙古出入境边防检查总站","","内蒙古自治区呼伦贝尔市","公务员/事业单位;2025;computer_software;cybersecurity_cryptography;data_ai;electronics_communication;硕士研究生及以上;与最高学历相对应的学位;020208统计学、0252应用统计、0714统计学、0774电子科学与技术、0810信息与通信工程、0812计算机科学与技术、0835软件工程、0838公安技术、0839网络空间安全、0854电子信息、0876智能科学与技术;市（地）级及以下直属机构综合管理类","用人司局：内蒙古出入境边防检查总站
职位简介：属于公安机关人民警察，承担着维护国家主权、边境安全和社会秩序的重要职责，负责实施进出边境管理区人员、交通运输工具检查管理，边境地区治安、户籍、通行证等签发管理，防范查处非法入出境活动，侦办妨害国（边）境管理犯罪案件，协助查处边境地区其他刑事犯罪活动。该职位主要从事边防检查、大数据运维、信息化设备运维、无人驾驶设备运维使用等工作。实行24小时工作制度和弹性工作时间，分为日勤和全日勤，值班备勤较多，工作量适中。工资待遇按人民警察标准执行，享受加班补贴、值勤岗位津贴、艰苦边远地区补助或高原津贴。
专业要求：020208统计学、0252应用统计、0714统计学、0774电子科学与技术、0810信息与通信工程、0812计算机科学与技术、0835软件工程、0838公安技术、0839网络空间安全、0854电子信息、0876智能科学与技术
学历要求：硕士研究生及以上
学位要求：与最高学历相对应的学位
政治面貌：中共党员或共青团员
基层工作经历：无限制
考试类别：市（地）级及以下直属机构综合管理类
备注：1．限社会在职人员、待业人员报考（高等学历教育各阶段均需取得相应学历和学位）。
2．按《公务员录用体检特殊标准（试行）》进行体检，对《公务员录用体检特殊标准（试行）》未作规定的项目，按《公务员录用体检通用标准（试行）》执行，视力标准可询招录单位。
3．按《公安机关录用人民警察体能测评项目和标准》进行体能测评。
4．按《公安机关录用人民警察政治考察工作办法》开展考察。具有《公安机关录用人民警察政治考察工作办法》第八条、第九条情形的，不得报考；父母、配偶或子女已移居国（境）外的，不得报考；非公派原因，曾六个月以上在国（境）外留学、工作、生活的，不得报考。
5．具有专业相关的初级及以上专业技术等级证、职业资格证、特种作业操作证或无人驾驶资格证。
6．具有从事专业相关的工作经历。
7．仅限男性报考。
8．异地人员提供戍边公寓。享受内蒙古地区子女教育优待。有固定的探亲假和休假安排。
9．在本单位最低服务年限五年（含试用期）。
10．须服从二次分配。
11．请考生及时关注“移民管理警察招考小助手”微信小程序发布的报考信息。","https://www.xjhc.gov.cn/xjhc/c116834/202410/a29382e11a674da3be3353af65f9fcc5.shtml#158112-300130860047","2024-10-14","{""dataset_year"":2025,""job_uid"":""GOV-2025-158112-300130860047"",""publisher"":""国家公务员局"",""publication_page"":""https://www.xjhc.gov.cn/xjhc/c116834/202410/a29382e11a674da3be3353af65f9fcc5.shtml"",""attachment_url"":""https://www.xjhc.gov.cn/xjhc/c116834/202410/a29382e11a674da3be3353af65f9fcc5/files/0536cef86e2b46ddad6aae5a3780089e.xls"",""local_source_file"":""2025_guokao_zhaokaojianzhang.xls"",""local_source_sha256"":""07ae6cab368cd21b7a1ac3e8150fe9a3d39ad5171ce76135ff3cccfe50c3e77e"",""source_sheet"":""中央国家行政机关省级以下直属机构"",""filter_version"":""government_tech_v2"",""tech_filter"":{""is_tech"":true,""is_core_tech"":true,""scope"":""core"",""categories"":[""computer_software"",""cybersecurity_cryptography"",""data_ai"",""electronics_communication""],""matched_fields"":[""major"",""description""],""major_terms"":[""信息与通信工程"",""智能科学与技术"",""电子信息"",""电子科学与技术"",""网络空间安全"",""计算机科学与技术"",""软件工程"",""通信工程""],""role_terms"":[""信息化"",""大数据"",""设备运维""],""reason"":""tech_major_and_role""},""original"":{""部门代码"":""158112"",""部门名称"":""内蒙古出入境边防检查总站"",""用人司局"":""内蒙古出入境边防检查总站"",""机构性质"":""中央国家行政机关省级以下直属机构"",""招考职位"":""呼伦贝尔边境管理支队警务技术一级主管及以下（一）"",""职位属性"":""公安机关人民警察职位"",""职位分布"":""西部地区和艰苦边远地区职位"",""职位简介"":""属于公安机关人民警察，承担着维护国家主权、边境安全和社会秩序的重要职责，负责实施进出边境管理区人员、交通运输工具检查管理，边境地区治安、户籍、通行证等签发管理，防范查处非法入出境活动，侦办妨害国（边）境管理犯罪案件，协助查处边境地区其他刑事犯罪活动。该职位主要从事边防检查、大数据运维、信息化设备运维、无人驾驶设备运维使用等工作。实行24小时工作制度和弹性工作时间，分为日勤和全日勤，值班备勤较多，工作量适中。工资待遇按人民警察标准执行，享受加班补贴、值勤岗位津贴、艰苦边远地区补助或高原津贴。"",""职位代码"":""300130860047"",""机构层级"":""市（地）级"",""考试类别"":""市（地）级及以下直属机构综合管理类"",""招考人数"":""1"",""专业"":""020208统计学、0252应用统计、0714统计学、0774电子科学与技术、0810信息与通信工程、0812计算机科学与技术、0835软件工程、0838公安技术、0839网络空间安全、0854电子信息、0876智能科学与技术"",""学历"":""硕士研究生及以上"",""学位"":""与最高学历相对应的学位"",""政治面貌"":""中共党员或共青团员"",""基层工作最低年限"":""无限制"",""服务基层项目工作经历"":""无限制"",""是否在面试阶段组织专业能力测试"":""否"",""面试人员比例"":""3:1"",""工作地点"":""内蒙古自治区呼伦贝尔市"",""落户地点"":""内蒙古自治区呼伦贝尔市"",""备注"":""1．限社会在职人员、待业人员报考（高等学历教育各阶段均需取得相应学历和学位）。\n2．按《公务员录用体检特殊标准（试行）》进行体检，对《公务员录用体检特殊标准（试行）》未作规定的项目，按《公务员录用体检通用标准（试行）》执行，视力标准可询招录单位。\n3．按《公安机关录用人民警察体能测评项目和标准》进行体能测评。\n4．按《公安机关录用人民警察政治考察工作办法》开展考察。具有《公安机关录用人民警察政治考察工作办法》第八条、第九条情形的，不得报考；父母、配偶或子女已移居国（境）外的，不得报考；非公派原因，曾六个月以上在国（境）外留学、工作、生活的，不得报考。\n5．具有专业相关的初级及以上专业技术等级证、职业资格证、特种作业操作证或无人驾驶资格证。\n6．具有从事专业相关的工作经历。\n7．仅限男性报考。\n8．异地人员提供戍边公寓。享受内蒙古地区子女教育优待。有固定的探亲假和休假安排。\n9．在本单位最低服务年限五年（含试用期）。\n10．须服从二次分配。\n11．请考生及时关注“移民管理警察招考小助手”微信小程序发布的报考信息。"",""部门网站"":""https://rczk.nia.gov.cn"",""咨询电话1"":""04713265175"",""咨询电话2"":""04713384433-5818"",""咨询电话3"":""04713384433-5807"",""来源Sheet"":""中央国家行政机关省级以下直属机构""}}"
"government_jobs","国家公务员2025招考简章","公务员/事业单位技术岗位","内蒙古自治区呼伦贝尔市","2026-07-28T09:12:58.310295+00:00","呼伦贝尔边境管理支队警务技术一级主管及以下（二）","内蒙古出入境边防检查总站","","内蒙古自治区呼伦贝尔市","公务员/事业单位;2025;automation_robotics;computer_software;data_ai;electronics_communication;大专或本科;与最高学历相对应的学位;本科：0807电子信息类、0809计算机类、081805K飞行技术、0820航空航天类、082108T智能无人系统技术、120108T大数据管理与应用。专科：4603自动化类、460609无人机应用技术、610215大数据技术与应用;市（地）级及以下直属机构综合管理类","用人司局：内蒙古出入境边防检查总站
职位简介：属于公安机关人民警察，承担着维护国家主权、边境安全和社会秩序的重要职责，负责实施进出边境管理区人员、交通运输工具检查管理，边境地区治安、户籍、通行证等签发管理，防范查处非法入出境活动，侦办妨害国（边）境管理犯罪案件，协助查处边境地区其他刑事犯罪活动。该职位主要从事边防检查、大数据运维、信息化设备运维、无人驾驶设备运维使用等工作。专业技能突出的，经选拔加入巴尔虎突击队，从事区域处突反恐、应急支援等工作。实行24小时工作制度和弹性工作时间，分为日勤和全日勤，值班备勤较多，工作量适中。工资待遇按人民警察标准执行，享受加班补贴、值勤岗位津贴、艰苦边远地区补助或高原津贴。
专业要求：本科：0807电子信息类、0809计算机类、081805K飞行技术、0820航空航天类、082108T智能无人系统技术、120108T大数据管理与应用。专科：4603自动化类、460609无人机应用技术、610215大数据技术与应用
学历要求：大专或本科
学位要求：与最高学历相对应的学位
政治面貌：中共党员或共青团员
基层工作经历：二年
考试类别：市（地）级及以下直属机构综合管理类
备注：1．限社会在职人员、待业人员报考（高等学历教育各阶段均需取得相应学历和学位）。
2．按《公务员录用体检特殊标准（试行）》进行体检，对《公务员录用体检特殊标准（试行）》未作规定的项目，按《公务员录用体检通用标准（试行）》执行，视力标准可询招录单位。
3．按《公安机关录用人民警察体能测评项目和标准》进行体能测评。
4．按《公安机关录用人民警察政治考察工作办法》开展考察。具有《公安机关录用人民警察政治考察工作办法》第八条、第九条情形的，不得报考；父母、配偶或子女已移居国（境）外的，不得报考；非公派原因，曾六个月以上在国（境）外留学、工作、生活的，不得报考。
5．具有专业相关的初级及以上专业技术等级证、职业资格证、特种作业操作证或无人驾驶资格证。
6．具有从事专业相关的基层工作经历。
7．仅限男性报考。
8．异地人员提供戍边公寓。享受内蒙古地区子女教育优待。有固定的探亲假和休假安排。
9．在本单位最低服务年限五年（含试用期）。
10．须服从二次分配。
11．请考生及时关注“移民管理警察招考小助手”微信小程序发布的报考信息。","https://www.xjhc.gov.cn/xjhc/c116834/202410/a29382e11a674da3be3353af65f9fcc5.shtml#158112-300130860048","2024-10-14","{""dataset_year"":2025,""job_uid"":""GOV-2025-158112-300130860048"",""publisher"":""国家公务员局"",""publication_page"":""https://www.xjhc.gov.cn/xjhc/c116834/202410/a29382e11a674da3be3353af65f9fcc5.shtml"",""attachment_url"":""https://www.xjhc.gov.cn/xjhc/c116834/202410/a29382e11a674da3be3353af65f9fcc5/files/0536cef86e2b46ddad6aae5a3780089e.xls"",""local_source_file"":""2025_guokao_zhaokaojianzhang.xls"",""local_source_sha256"":""07ae6cab368cd21b7a1ac3e8150fe9a3d39ad5171ce76135ff3cccfe50c3e77e"",""source_sheet"":""中央国家行政机关省级以下直属机构"",""filter_version"":""government_tech_v2"",""tech_filter"":{""is_tech"":true,""is_core_tech"":true,""scope"":""core"",""categories"":[""automation_robotics"",""computer_software"",""data_ai"",""electronics_communication""],""matched_fields"":[""major"",""description""],""major_terms"":[""大数据"",""电子信息类"",""自动化类"",""计算机类""],""role_terms"":[""信息化"",""大数据"",""设备运维""],""reason"":""tech_major_and_role""},""original"":{""部门代码"":""158112"",""部门名称"":""内蒙古出入境边防检查总站"",""用人司局"":""内蒙古出入境边防检查总站"",""机构性质"":""中央国家行政机关省级以下直属机构"",""招考职位"":""呼伦贝尔边境管理支队警务技术一级主管及以下（二）"",""职位属性"":""公安机关人民警察职位"",""职位分布"":""西部地区和艰苦边远地区职位"",""职位简介"":""属于公安机关人民警察，承担着维护国家主权、边境安全和社会秩序的重要职责，负责实施进出边境管理区人员、交通运输工具检查管理，边境地区治安、户籍、通行证等签发管理，防范查处非法入出境活动，侦办妨害国（边）境管理犯罪案件，协助查处边境地区其他刑事犯罪活动。该职位主要从事边防检查、大数据运维、信息化设备运维、无人驾驶设备运维使用等工作。专业技能突出的，经选拔加入巴尔虎突击队，从事区域处突反恐、应急支援等工作。实行24小时工作制度和弹性工作时间，分为日勤和全日勤，值班备勤较多，工作量适中。工资待遇按人民警察标准执行，享受加班补贴、值勤岗位津贴、艰苦边远地区补助或高原津贴。"",""职位代码"":""300130860048"",""机构层级"":""市（地）级"",""考试类别"":""市（地）级及以下直属机构综合管理类"",""招考人数"":""3"",""专业"":""本科：0807电子信息类、0809计算机类、081805K飞行技术、0820航空航天类、082108T智能无人系统技术、120108T大数据管理与应用。专科：4603自动化类、460609无人机应用技术、610215大数据技术与应用"",""学历"":""大专或本科"",""学位"":""与最高学历相对应的学位"",""政治面貌"":""中共党员或共青团员"",""基层工作最低年限"":""二年"",""服务基层项目工作经历"":""无限制"",""是否在面试阶段组织专业能力测试"":""否"",""面试人员比例"":""3:1"",""工作地点"":""内蒙古自治区呼伦贝尔市"",""落户地点"":""内蒙古自治区呼伦贝尔市"",""备注"":""1．限社会在职人员、待业人员报考（高等学历教育各阶段均需取得相应学历和学位）。\n2．按《公务员录用体检特殊标准（试行）》进行体检，对《公务员录用体检特殊标准（试行）》未作规定的项目，按《公务员录用体检通用标准（试行）》执行，视力标准可询招录单位。\n3．按《公安机关录用人民警察体能测评项目和标准》进行体能测评。\n4．按《公安机关录用人民警察政治考察工作办法》开展考察。具有《公安机关录用人民警察政治考察工作办法》第八条、第九条情形的，不得报考；父母、配偶或子女已移居国（境）外的，不得报考；非公派原因，曾六个月以上在国（境）外留学、工作、生活的，不得报考。\n5．具有专业相关的初级及以上专业技术等级证、职业资格证、特种作业操作证或无人驾驶资格证。\n6．具有从事专业相关的基层工作经历。\n7．仅限男性报考。\n8．异地人员提供戍边公寓。享受内蒙古地区子女教育优待。有固定的探亲假和休假安排。\n9．在本单位最低服务年限五年（含试用期）。\n10．须服从二次分配。\n11．请考生及时关注“移民管理警察招考小助手”微信小程序发布的报考信息。"",""部门网站"":""https://rczk.nia.gov.cn"",""咨询电话1"":""04713265175"",""咨询电话2"":""04713384433-5818"",""咨询电话3"":""04713384433-5807"",""来源Sheet"":""中央国家行政机关省级以下直属机构""}}"
"government_jobs","国家公务员2025招考简章","公务员/事业单位技术岗位","内蒙古自治区阿拉善盟","2026-07-28T09:12:58.310295+00:00","阿拉善边境管理支队一级警长及以下（六）","内蒙古出入境边防检查总站","","内蒙古自治区阿拉善盟","公务员/事业单位;2025;computer_software;本科及以上;与最高学历相对应的学位;研究生：0503新闻传播学、0552新闻与传播、1354戏剧与影视。本科：050301新闻学、050302广播电视学、080906数字媒体技术、1305设计学类;行政执法类","用人司局：内蒙古出入境边防检查总站
职位简介：属于公安机关人民警察，承担着维护国家主权、边境安全和社会秩序的重要职责，负责实施进出边境管理区人员、交通运输工具检查管理，边境地区治安、户籍、通行证等签发管理，防范查处非法入出境活动，侦办妨害国（边）境管理犯罪案件，协助查处边境地区其他刑事犯罪活动。该职位主要从事边境管理、宣传文化等工作。实行24小时工作制度和弹性工作时间，分为日勤和全日勤，值班备勤较多，工作量适中。工资待遇按人民警察标准执行，享受加班补贴、值勤岗位津贴、艰苦边远地区补助或高原津贴。
专业要求：研究生：0503新闻传播学、0552新闻与传播、1354戏剧与影视。本科：050301新闻学、050302广播电视学、080906数字媒体技术、1305设计学类
学历要求：本科及以上
学位要求：与最高学历相对应的学位
政治面貌：中共党员或共青团员
基层工作经历：无限制
考试类别：行政执法类
备注：1．限应届高校毕业生报考（高等学历教育各阶段均需取得相应学历和学位）。
2．按《公务员录用体检特殊标准（试行）》进行体检，对《公务员录用体检特殊标准（试行）》未作规定的项目，按《公务员录用体检通用标准（试行）》执行，视力标准可询招录单位。
3．按《公安机关录用人民警察体能测评项目和标准》进行体能测评。
4．按《公安机关录用人民警察政治考察工作办法》开展考察。具有《公安机关录用人民警察政治考察工作办法》第八条、第九条情形的，不得报考；父母、配偶或子女已移居国（境）外的，不得报考；非公派原因，曾六个月以上在国（境）外留学、工作、生活的，不得报考。
5．大学英语等级考试四级425分以上或具有全国计算机等级考试二级合格证书。
6．具有中级以上新闻工作、视频剪辑等相关专业技术人员职业资格、专业技术资格证书。
7．异地人员提供戍边公寓。享受内蒙古地区子女教育优待。有固定的探亲假和休假安排。
8．在本单位最低服务年限五年（含试用期）。
9．须服从二次分配。
10．请考生及时关注“移民管理警察招考小助手”微信小程序发布的报考信息。","https://www.xjhc.gov.cn/xjhc/c116834/202410/a29382e11a674da3be3353af65f9fcc5.shtml#158112-300130860054","2024-10-14","{""dataset_year"":2025,""job_uid"":""GOV-2025-158112-300130860054"",""publisher"":""国家公务员局"",""publication_page"":""https://www.xjhc.gov.cn/xjhc/c116834/202410/a29382e11a674da3be3353af65f9fcc5.shtml"",""attachment_url"":""https://www.xjhc.gov.cn/xjhc/c116834/202410/a29382e11a674da3be3353af65f9fcc5/files/0536cef86e2b46ddad6aae5a3780089e.xls"",""local_source_file"":""2025_guokao_zhaokaojianzhang.xls"",""local_source_sha256"":""07ae6cab368cd21b7a1ac3e8150fe9a3d39ad5171ce76135ff3cccfe50c3e77e"",""source_sheet"":""中央国家行政机关省级以下直属机构"",""filter_version"":""government_tech_v2"",""tech_filter"":{""is_tech"":true,""is_core_tech"":true,""scope"":""core"",""categories"":[""computer_software""],""matched_fields"":[""major"",""remarks""],""major_terms"":[""数字媒体技术""],""role_terms"":[""计算机""],""reason"":""tech_major_and_role""},""original"":{""部门代码"":""158112"",""部门名称"":""内蒙古出入境边防检查总站"",""用人司局"":""内蒙古出入境边防检查总站"",""机构性质"":""中央国家行政机关省级以下直属机构"",""招考职位"":""阿拉善边境管理支队一级警长及以下（六）"",""职位属性"":""公安机关人民警察职位"",""职位分布"":""西部地区和艰苦边远地区职位"",""职位简介"":""属于公安机关人民警察，承担着维护国家主权、边境安全和社会秩序的重要职责，负责实施进出边境管理区人员、交通运输工具检查管理，边境地区治安、户籍、通行证等签发管理，防范查处非法入出境活动，侦办妨害国（边）境管理犯罪案件，协助查处边境地区其他刑事犯罪活动。该职位主要从事边境管理、宣传文化等工作。实行24小时工作制度和弹性工作时间，分为日勤和全日勤，值班备勤较多，工作量适中。工资待遇按人民警察标准执行，享受加班补贴、值勤岗位津贴、艰苦边远地区补助或高原津贴。"",""职位代码"":""300130860054"",""机构层级"":""市（地）级"",""考试类别"":""行政执法类"",""招考人数"":""1"",""专业"":""研究生：0503新闻传播学、0552新闻与传播、1354戏剧与影视。本科：050301新闻学、050302广播电视学、080906数字媒体技术、1305设计学类"",""学历"":""本科及以上"",""学位"":""与最高学历相对应的学位"",""政治面貌"":""中共党员或共青团员"",""基层工作最低年限"":""无限制"",""服务基层项目工作经历"":""无限制"",""是否在面试阶段组织专业能力测试"":""否"",""面试人员比例"":""3:1"",""工作地点"":""内蒙古自治区阿拉善盟"",""落户地点"":""内蒙古自治区阿拉善盟"",""备注"":""1．限应届高校毕业生报考（高等学历教育各阶段均需取得相应学历和学位）。\n2．按《公务员录用体检特殊标准（试行）》进行体检，对《公务员录用体检特殊标准（试行）》未作规定的项目，按《公务员录用体检通用标准（试行）》执行，视力标准可询招录单位。\n3．按《公安机关录用人民警察体能测评项目和标准》进行体能测评。\n4．按《公安机关录用人民警察政治考察工作办法》开展考察。具有《公安机关录用人民警察政治考察工作办法》第八条、第九条情形的，不得报考；父母、配偶或子女已移居国（境）外的，不得报考；非公派原因，曾六个月以上在国（境）外留学、工作、生活的，不得报考。\n5．大学英语等级考试四级425分以上或具有全国计算机等级考试二级合格证书。\n6．具有中级以上新闻工作、视频剪辑等相关专业技术人员职业资格、专业技术资格证书。\n7．异地人员提供戍边公寓。享受内蒙古地区子女教育优待。有固定的探亲假和休假安排。\n8．在本单位最低服务年限五年（含试用期）。\n9．须服从二次分配。\n10．请考生及时关注“移民管理警察招考小助手”微信小程序发布的报考信息。"",""部门网站"":""https://rczk.nia.gov.cn"",""咨询电话1"":""04713265175"",""咨询电话2"":""04713384433-5818"",""咨询电话3"":""04713384433-5807"",""来源Sheet"":""中央国家行政机关省级以下直属机构""}}"
"government_jobs","国家公务员2025招考简章","公务员/事业单位技术岗位","内蒙古自治区阿拉善盟","2026-07-28T09:12:58.310295+00:00","阿拉善边境管理支队警务技术一级主管及以下","内蒙古出入境边防检查总站","","内蒙古自治区阿拉善盟","公务员/事业单位;2025;automation_robotics;computer_software;data_ai;electronics_communication;大专或本科;与最高学历相对应的学位;本科：0807电子信息类、0809计算机类、081805K飞行技术、0820航空航天类、082108T智能无人系统技术、120108T大数据管理与应用。专科：4603自动化类、460609无人机应用技术、610215大数据技术与应用;市（地）级及以下直属机构综合管理类","用人司局：内蒙古出入境边防检查总站
职位简介：属于公安机关人民警察，承担着维护国家主权、边境安全和社会秩序的重要职责，负责实施进出边境管理区人员、交通运输工具检查管理，边境地区治安、户籍、通行证等签发管理，防范查处非法入出境活动，侦办妨害国（边）境管理犯罪案件，协助查处边境地区其他刑事犯罪活动。该职位主要从事边防检查、大数据运维、信息化设备运维、无人驾驶设备运维使用等工作。专业技能突出的，经选拔加入巴尔虎突击队，从事区域处突反恐、应急支援等工作。实行24小时工作制度和弹性工作时间，分为日勤和全日勤，值班备勤较多，工作量适中。工资待遇按人民警察标准执行，享受加班补贴、值勤岗位津贴、艰苦边远地区补助或高原津贴。
专业要求：本科：0807电子信息类、0809计算机类、081805K飞行技术、0820航空航天类、082108T智能无人系统技术、120108T大数据管理与应用。专科：4603自动化类、460609无人机应用技术、610215大数据技术与应用
学历要求：大专或本科
学位要求：与最高学历相对应的学位
政治面貌：中共党员或共青团员
基层工作经历：二年
考试类别：市（地）级及以下直属机构综合管理类
备注：1．限社会在职人员、待业人员报考（高等学历教育各阶段均需取得相应学历和学位）。
2．按《公务员录用体检特殊标准（试行）》进行体检，对《公务员录用体检特殊标准（试行）》未作规定的项目，按《公务员录用体检通用标准（试行）》执行，视力标准可询招录单位。
3．按《公安机关录用人民警察体能测评项目和标准》进行体能测评。
4．按《公安机关录用人民警察政治考察工作办法》开展考察。具有《公安机关录用人民警察政治考察工作办法》第八条、第九条情形的，不得报考；父母、配偶或子女已移居国（境）外的，不得报考；非公派原因，曾六个月以上在国（境）外留学、工作、生活的，不得报考。
5．具有专业相关的初级及以上专业技术等级证、职业资格证、特种作业操作证或无人驾驶资格证。
6．具有从事专业相关的基层工作经历。
7．仅限男性报考。
8．异地人员提供戍边公寓。享受内蒙古地区子女教育优待。有固定的探亲假和休假安排。
9．在本单位最低服务年限五年（含试用期）。
10．须服从二次分配。
11．请考生及时关注“移民管理警察招考小助手”微信小程序发布的报考信息。","https://www.xjhc.gov.cn/xjhc/c116834/202410/a29382e11a674da3be3353af65f9fcc5.shtml#158112-300130860057","2024-10-14","{""dataset_year"":2025,""job_uid"":""GOV-2025-158112-300130860057"",""publisher"":""国家公务员局"",""publication_page"":""https://www.xjhc.gov.cn/xjhc/c116834/202410/a29382e11a674da3be3353af65f9fcc5.shtml"",""attachment_url"":""https://www.xjhc.gov.cn/xjhc/c116834/202410/a29382e11a674da3be3353af65f9fcc5/files/0536cef86e2b46ddad6aae5a3780089e.xls"",""local_source_file"":""2025_guokao_zhaokaojianzhang.xls"",""local_source_sha256"":""07ae6cab368cd21b7a1ac3e8150fe9a3d39ad5171ce76135ff3cccfe50c3e77e"",""source_sheet"":""中央国家行政机关省级以下直属机构"",""filter_version"":""government_tech_v2"",""tech_filter"":{""is_tech"":true,""is_core_tech"":true,""scope"":""core"",""categories"":[""automation_robotics"",""computer_software"",""data_ai"",""electronics_communication""],""matched_fields"":[""major"",""description""],""major_terms"":[""大数据"",""电子信息类"",""自动化类"",""计算机类""],""role_terms"":[""信息化"",""大数据"",""设备运维""],""reason"":""tech_major_and_role""},""original"":{""部门代码"":""158112"",""部门名称"":""内蒙古出入境边防检查总站"",""用人司局"":""内蒙古出入境边防检查总站"",""机构性质"":""中央国家行政机关省级以下直属机构"",""招考职位"":""阿拉善边境管理支队警务技术一级主管及以下"",""职位属性"":""公安机关人民警察职位"",""职位分布"":""西部地区和艰苦边远地区职位"",""职位简介"":""属于公安机关人民警察，承担着维护国家主权、边境安全和社会秩序的重要职责，负责实施进出边境管理区人员、交通运输工具检查管理，边境地区治安、户籍、通行证等签发管理，防范查处非法入出境活动，侦办妨害国（边）境管理犯罪案件，协助查处边境地区其他刑事犯罪活动。该职位主要从事边防检查、大数据运维、信息化设备运维、无人驾驶设备运维使用等工作。专业技能突出的，经选拔加入巴尔虎突击队，从事区域处突反恐、应急支援等工作。实行24小时工作制度和弹性工作时间，分为日勤和全日勤，值班备勤较多，工作量适中。工资待遇按人民警察标准执行，享受加班补贴、值勤岗位津贴、艰苦边远地区补助或高原津贴。"",""职位代码"":""300130860057"",""机构层级"":""市（地）级"",""考试类别"":""市（地）级及以下直属机构综合管理类"",""招考人数"":""3"",""专业"":""本科：0807电子信息类、0809计算机类、081805K飞行技术、0820航空航天类、082108T智能无人系统技术、120108T大数据管理与应用。专科：4603自动化类、460609无人机应用技术、610215大数据技术与应用"",""学历"":""大专或本科"",""学位"":""与最高学历相对应的学位"",""政治面貌"":""中共党员或共青团员"",""基层工作最低年限"":""二年"",""服务基层项目工作经历"":""无限制"",""是否在面试阶段组织专业能力测试"":""否"",""面试人员比例"":""3:1"",""工作地点"":""内蒙古自治区阿拉善盟"",""落户地点"":""内蒙古自治区阿拉善盟"",""备注"":""1．限社会在职人员、待业人员报考（高等学历教育各阶段均需取得相应学历和学位）。\n2．按《公务员录用体检特殊标准（试行）》进行体检，对《公务员录用体检特殊标准（试行）》未作规定的项目，按《公务员录用体检通用标准（试行）》执行，视力标准可询招录单位。\n3．按《公安机关录用人民警察体能测评项目和标准》进行体能测评。\n4．按《公安机关录用人民警察政治考察工作办法》开展考察。具有《公安机关录用人民警察政治考察工作办法》第八条、第九条情形的，不得报考；父母、配偶或子女已移居国（境）外的，不得报考；非公派原因，曾六个月以上在国（境）外留学、工作、生活的，不得报考。\n5．具有专业相关的初级及以上专业技术等级证、职业资格证、特种作业操作证或无人驾驶资格证。\n6．具有从事专业相关的基层工作经历。\n7．仅限男性报考。\n8．异地人员提供戍边公寓。享受内蒙古地区子女教育优待。有固定的探亲假和休假安排。\n9．在本单位最低服务年限五年（含试用期）。\n10．须服从二次分配。\n11．请考生及时关注“移民管理警察招考小助手”微信小程序发布的报考信息。"",""部门网站"":""https://rczk.nia.gov.cn"",""咨询电话1"":""04713265175"",""咨询电话2"":""04713384433-5818"",""咨询电话3"":""04713384433-5807"",""来源Sheet"":""中央国家行政机关省级以下直属机构""}}"
"government_jobs","国家公务员2025招考简章","公务员/事业单位技术岗位","吉林省长春市","2026-07-28T09:12:58.310295+00:00","吉林出入境边防检查总站技术保障队警务技术一级主管及以下","吉林出入境边防检查总站","","吉林省长春市","公务员/事业单位;2025;computer_software;data_ai;electronics_communication;仅限硕士研究生;硕士;计算机技术（085404）、软件工程（083500、085405）、大数据技术与工程（085411）、信息与通信工程（081000）;中央机关及其省级直属机构综合管理类","用人司局：吉林出入境边防检查总站
职位简介：属于公安机关人民警察，从事信息化应用、技术支持、服务保障和信息通信系统、设施设备的日常运维及岗位值守等工作。
专业要求：计算机技术（085404）、软件工程（083500、085405）、大数据技术与工程（085411）、信息与通信工程（081000）
学历要求：仅限硕士研究生
学位要求：硕士
政治面貌：中共党员或共青团员
基层工作经历：二年
考试类别：中央机关及其省级直属机构综合管理类
备注：1．高等学历教育各阶段均需取得相应学历和学位。
2．大学英语等级考试六级425分以上。
3．具有中级及以上计算机技术与软件专业技术资格或具有中级及以上通信专业技术人员职业资格。
4．具有两年及以上网络、数据库、Linux系统、大数据系统运维管理等工作经历，或具有两年及以上有线、无线通信设施设备运维管理工作经历。
5．专业能力测试的内容为学科专业领域实操技能测试，占综合成绩15%。
6．按《公务员录用体检特殊标准（试行）》进行体检，对《公务员录用体检特殊标准（试行）》未作规定的项目，按《公务员录用体检通用标准（试行）》执行，视力标准可询招录单位。
7．按《公安机关录用人民警察体能测评项目和标准》进行体能测评。
8．按《公安机关录用人民警察政治考察工作办法》开展考察。具有《公安机关录用人民警察政治考察工作办法》第八条、第九条情形的，不得报考；父母、配偶或子女已移居国（境）外的，不得报考；非公派原因，曾六个月以上在国（境）外留学、工作、生活的，不得报考。
9．在本单位最低服务年限五年（含试用期）。
10．仅限男性报考。
11．请考生及时关注“移民管理警察招考小助手”微信小程序发布的报考信息。","https://www.xjhc.gov.cn/xjhc/c116834/202410/a29382e11a674da3be3353af65f9fcc5.shtml#158114-300130001001","2024-10-14","{""dataset_year"":2025,""job_uid"":""GOV-2025-158114-300130001001"",""publisher"":""国家公务员局"",""publication_page"":""https://www.xjhc.gov.cn/xjhc/c116834/202410/a29382e11a674da3be3353af65f9fcc5.shtml"",""attachment_url"":""https://www.xjhc.gov.cn/xjhc/c116834/202410/a29382e11a674da3be3353af65f9fcc5/files/0536cef86e2b46ddad6aae5a3780089e.xls"",""local_source_file"":""2025_guokao_zhaokaojianzhang.xls"",""local_source_sha256"":""07ae6cab368cd21b7a1ac3e8150fe9a3d39ad5171ce76135ff3cccfe50c3e77e"",""source_sheet"":""中央国家行政机关省级以下直属机构"",""filter_version"":""government_tech_v2"",""tech_filter"":{""is_tech"":true,""is_core_tech"":true,""scope"":""core"",""categories"":[""computer_software"",""data_ai"",""electronics_communication""],""matched_fields"":[""major"",""description"",""remarks""],""major_terms"":[""信息与通信工程"",""大数据"",""计算机技术"",""软件工程"",""通信工程""],""role_terms"":[""信息化"",""信息通信"",""大数据"",""数据库"",""系统运维"",""计算机"",""设备运维"",""软件""],""reason"":""tech_major_and_role""},""original"":{""部门代码"":""158114"",""部门名称"":""吉林出入境边防检查总站"",""用人司局"":""吉林出入境边防检查总站"",""机构性质"":""中央国家行政机关省级以下直属机构"",""招考职位"":""吉林出入境边防检查总站技术保障队警务技术一级主管及以下"",""职位属性"":""公安机关人民警察职位"",""职位分布"":""其他职位"",""职位简介"":""属于公安机关人民警察，从事信息化应用、技术支持、服务保障和信息通信系统、设施设备的日常运维及岗位值守等工作。"",""职位代码"":""300130001001"",""机构层级"":""省（副省）级"",""考试类别"":""中央机关及其省级直属机构综合管理类"",""招考人数"":""2"",""专业"":""计算机技术（085404）、软件工程（083500、085405）、大数据技术与工程（085411）、信息与通信工程（081000）"",""学历"":""仅限硕士研究生"",""学位"":""硕士"",""政治面貌"":""中共党员或共青团员"",""基层工作最低年限"":""二年"",""服务基层项目工作经历"":""无限制"",""是否在面试阶段组织专业能力测试"":""是"",""面试人员比例"":""5:1"",""工作地点"":""吉林省长春市"",""落户地点"":""吉林省长春市"",""备注"":""1．高等学历教育各阶段均需取得相应学历和学位。\n2．大学英语等级考试六级425分以上。\n3．具有中级及以上计算机技术与软件专业技术资格或具有中级及以上通信专业技术人员职业资格。\n4．具有两年及以上网络、数据库、Linux系统、大数据系统运维管理等工作经历，或具有两年及以上有线、无线通信设施设备运维管理工作经历。\n5．专业能力测试的内容为学科专业领域实操技能测试，占综合成绩15%。\n6．按《公务员录用体检特殊标准（试行）》进行体检，对《公务员录用体检特殊标准（试行）》未作规定的项目，按《公务员录用体检通用标准（试行）》执行，视力标准可询招录单位。\n7．按《公安机关录用人民警察体能测评项目和标准》进行体能测评。\n8．按《公安机关录用人民警察政治考察工作办法》开展考察。具有《公安机关录用人民警察政治考察工作办法》第八条、第九条情形的，不得报考；父母、配偶或子女已移居国（境）外的，不得报考；非公派原因，曾六个月以上在国（境）外留学、工作、生活的，不得报考。\n9．在本单位最低服务年限五年（含试用期）。\n10．仅限男性报考。\n11．请考生及时关注“移民管理警察招考小助手”微信小程序发布的报考信息。"",""部门网站"":""https://rczk.nia.gov.cn"",""咨询电话1"":""0431-89962724"",""咨询电话2"":"""",""咨询电话3"":"""",""来源Sheet"":""中央国家行政机关省级以下直属机构""}}"
"government_jobs","国家公务员2025招考简章","公务员/事业单位技术岗位","吉林省通化市集安市","2026-07-28T09:12:58.310295+00:00","集安出入境边防检查站一级警长及以下（二）","吉林出入境边防检查总站","","吉林省通化市集安市","公务员/事业单位;2025;computer_software;仅限硕士研究生;硕士;计算机技术（085404）、软件工程（083500、085405）、大数据技术与工程（085411）;行政执法类","用人司局：吉林出入境边防检查总站
职位简介：属于公安机关人民警察，从事出入境边防检查及信息化设备日常运维等工作。
专业要求：计算机技术（085404）、软件工程（083500、085405）、大数据技术与工程（085411）
学历要求：仅限硕士研究生
学位要求：硕士
政治面貌：中共党员或共青团员
基层工作经历：无限制
考试类别：行政执法类
备注：1．限应届高校毕业生报考（高等学历教育各阶段均需取得相应学历和学位）。
2．本职位所指专业为具体专业名称。
3．专业能力测试的内容为学科专业领域实操技能测试，占综合成绩15%。
4．大学英语等级考试四级425分以上。
5．按《公务员录用体检特殊标准（试行）》进行体检，对《公务员录用体检特殊标准（试行）》未作规定的项目，按《公务员录用体检通用标准（试行）》执行，视力标准可询招录单位。
6．按《公安机关录用人民警察体能测评项目和标准》进行体能测评。
7．按《公安机关录用人民警察政治考察工作办法》开展考察。具有《公安机关录用人民警察政治考察工作办法》第八条、第九条情形的，不得报考；父母、配偶或子女已移居国（境）外的，不得报考；非公派原因，曾六个月以上在国（境）外留学、工作、生活的，不得报考。
8．工资待遇按人民警察标准执行，享受加班补贴和值勤岗位津贴。
9．有固定的探亲假和休假安排。
10．在本单位最低服务年限五年（含试用期）。
11．仅限男性报考。
12．请考生及时关注“移民管理警察招考小助手”微信小程序发布的报考信息。","https://www.xjhc.gov.cn/xjhc/c116834/202410/a29382e11a674da3be3353af65f9fcc5.shtml#158114-300130001003","2024-10-14","{""dataset_year"":2025,""job_uid"":""GOV-2025-158114-300130001003"",""publisher"":""国家公务员局"",""publication_page"":""https://www.xjhc.gov.cn/xjhc/c116834/202410/a29382e11a674da3be3353af65f9fcc5.shtml"",""attachment_url"":""https://www.xjhc.gov.cn/xjhc/c116834/202410/a29382e11a674da3be3353af65f9fcc5/files/0536cef86e2b46ddad6aae5a3780089e.xls"",""local_source_file"":""2025_guokao_zhaokaojianzhang.xls"",""local_source_sha256"":""07ae6cab368cd21b7a1ac3e8150fe9a3d39ad5171ce76135ff3cccfe50c3e77e"",""source_sheet"":""中央国家行政机关省级以下直属机构"",""filter_version"":""government_tech_v2"",""tech_filter"":{""is_tech"":true,""is_core_tech"":true,""scope"":""core"",""categories"":[""computer_software""],""matched_fields"":[""major"",""description""],""major_terms"":[""大数据"",""计算机技术"",""软件工程""],""role_terms"":[""信息化""],""reason"":""tech_major_and_role""},""original"":{""部门代码"":""158114"",""部门名称"":""吉林出入境边防检查总站"",""用人司局"":""吉林出入境边防检查总站"",""机构性质"":""中央国家行政机关省级以下直属机构"",""招考职位"":""集安出入境边防检查站一级警长及以下（二）"",""职位属性"":""公安机关人民警察职位"",""职位分布"":""西部地区和艰苦边远地区职位"",""职位简介"":""属于公安机关人民警察，从事出入境边防检查及信息化设备日常运维等工作。"",""职位代码"":""300130001003"",""机构层级"":""市（地）级"",""考试类别"":""行政执法类"",""招考人数"":""1"",""专业"":""计算机技术（085404）、软件工程（083500、085405）、大数据技术与工程（085411）"",""学历"":""仅限硕士研究生"",""学位"":""硕士"",""政治面貌"":""中共党员或共青团员"",""基层工作最低年限"":""无限制"",""服务基层项目工作经历"":""无限制"",""是否在面试阶段组织专业能力测试"":""是"",""面试人员比例"":""3:1"",""工作地点"":""吉林省通化市集安市"",""落户地点"":""吉林省通化市"",""备注"":""1．限应届高校毕业生报考（高等学历教育各阶段均需取得相应学历和学位）。\n2．本职位所指专业为具体专业名称。\n3．专业能力测试的内容为学科专业领域实操技能测试，占综合成绩15%。\n4．大学英语等级考试四级425分以上。\n5．按《公务员录用体检特殊标准（试行）》进行体检，对《公务员录用体检特殊标准（试行）》未作规定的项目，按《公务员录用体检通用标准（试行）》执行，视力标准可询招录单位。\n6．按《公安机关录用人民警察体能测评项目和标准》进行体能测评。\n7．按《公安机关录用人民警察政治考察工作办法》开展考察。具有《公安机关录用人民警察政治考察工作办法》第八条、第九条情形的，不得报考；父母、配偶或子女已移居国（境）外的，不得报考；非公派原因，曾六个月以上在国（境）外留学、工作、生活的，不得报考。\n8．工资待遇按人民警察标准执行，享受加班补贴和值勤岗位津贴。\n9．有固定的探亲假和休假安排。\n10．在本单位最低服务年限五年（含试用期）。\n11．仅限男性报考。\n12．请考生及时关注“移民管理警察招考小助手”微信小程序发布的报考信息。"",""部门网站"":""https://rczk.nia.gov.cn"",""咨询电话1"":""0431-89962724"",""咨询电话2"":"""",""咨询电话3"":"""",""来源Sheet"":""中央国家行政机关省级以下直属机构""}}"
"government_jobs","国家公务员2025招考简章","公务员/事业单位技术岗位","吉林省长春市","2026-07-28T09:12:58.310295+00:00","长春出入境边防检查站一级警长及以下（二）","吉林出入境边防检查总站","","吉林省长春市","公务员/事业单位;2025;computer_software;electronics_communication;仅限硕士研究生;硕士;计算机技术（085404）、软件工程（083500、085405）、大数据技术与工程（085411）、信息与通信工程（081000）;行政执法类","用人司局：吉林出入境边防检查总站
职位简介：属于公安机关人民警察，从事出入境边防检查及信息化设备日常运维等工作。
专业要求：计算机技术（085404）、软件工程（083500、085405）、大数据技术与工程（085411）、信息与通信工程（081000）
学历要求：仅限硕士研究生
学位要求：硕士
政治面貌：中共党员或共青团员
基层工作经历：无限制
考试类别：行政执法类
备注：1．限应届高校毕业生报考（高等学历教育各阶段均需取得相应学历和学位）。
2．本职位所指专业为具体专业名称。
3．能熟练运用所学专业开展工作，专业能力测试的内容为学科专业领域实操技能测试，占综合成绩15%。
4．大学英语等级考试四级425分以上
5．按《公务员录用体检特殊标准（试行）》进行体检，对《公务员录用体检特殊标准（试行）》未作规定的项目，按《公务员录用体检通用标准（试行）》执行，视力标准可询招录单位。
6．按《公安机关录用人民警察体能测评项目和标准》进行体能测评。
7．按《公安机关录用人民警察政治考察工作办法》开展考察。具有《公安机关录用人民警察政治考察工作办法》第八条、第九条情形的，不得报考；父母、配偶或子女已移居国（境）外的，不得报考；非公派原因，曾六个月以上在国（境）外留学、工作、生活的，不得报考。
8．工资待遇按人民警察标准执行，享受加班补贴和值勤岗位津贴。
9．有固定的探亲假和休假安排。
10．在本单位最低服务年限五年（含试用期）。
11．仅限男性报考。
12．请考生及时关注“移民管理警察招考小助手”微信小程序发布的报考信息。","https://www.xjhc.gov.cn/xjhc/c116834/202410/a29382e11a674da3be3353af65f9fcc5.shtml#158114-300130001005","2024-10-14","{""dataset_year"":2025,""job_uid"":""GOV-2025-158114-300130001005"",""publisher"":""国家公务员局"",""publication_page"":""https://www.xjhc.gov.cn/xjhc/c116834/202410/a29382e11a674da3be3353af65f9fcc5.shtml"",""attachment_url"":""https://www.xjhc.gov.cn/xjhc/c116834/202410/a29382e11a674da3be3353af65f9fcc5/files/0536cef86e2b46ddad6aae5a3780089e.xls"",""local_source_file"":""2025_guokao_zhaokaojianzhang.xls"",""local_source_sha256"":""07ae6cab368cd21b7a1ac3e8150fe9a3d39ad5171ce76135ff3cccfe50c3e77e"",""source_sheet"":""中央国家行政机关省级以下直属机构"",""filter_version"":""government_tech_v2"",""tech_filter"":{""is_tech"":true,""is_core_tech"":true,""scope"":""core"",""categories"":[""computer_software"",""electronics_communication""],""matched_fields"":[""major"",""description""],""major_terms"":[""信息与通信工程"",""大数据"",""计算机技术"",""软件工程"",""通信工程""],""role_terms"":[""信息化""],""reason"":""tech_major_and_role""},""original"":{""部门代码"":""158114"",""部门名称"":""吉林出入境边防检查总站"",""用人司局"":""吉林出入境边防检查总站"",""机构性质"":""中央国家行政机关省级以下直属机构"",""招考职位"":""长春出入境边防检查站一级警长及以下（二）"",""职位属性"":""公安机关人民警察职位"",""职位分布"":""西部地区和艰苦边远地区职位"",""职位简介"":""属于公安机关人民警察，从事出入境边防检查及信息化设备日常运维等工作。"",""职位代码"":""300130001005"",""机构层级"":""市（地）级"",""考试类别"":""行政执法类"",""招考人数"":""2"",""专业"":""计算机技术（085404）、软件工程（083500、085405）、大数据技术与工程（085411）、信息与通信工程（081000）"",""学历"":""仅限硕士研究生"",""学位"":""硕士"",""政治面貌"":""中共党员或共青团员"",""基层工作最低年限"":""无限制"",""服务基层项目工作经历"":""无限制"",""是否在面试阶段组织专业能力测试"":""是"",""面试人员比例"":""3:1"",""工作地点"":""吉林省长春市"",""落户地点"":""吉林省长春市"",""备注"":""1．限应届高校毕业生报考（高等学历教育各阶段均需取得相应学历和学位）。\n2．本职位所指专业为具体专业名称。\n3．能熟练运用所学专业开展工作，专业能力测试的内容为学科专业领域实操技能测试，占综合成绩15%。\n4．大学英语等级考试四级425分以上\n5．按《公务员录用体检特殊标准（试行）》进行体检，对《公务员录用体检特殊标准（试行）》未作规定的项目，按《公务员录用体检通用标准（试行）》执行，视力标准可询招录单位。\n6．按《公安机关录用人民警察体能测评项目和标准》进行体能测评。\n7．按《公安机关录用人民警察政治考察工作办法》开展考察。具有《公安机关录用人民警察政治考察工作办法》第八条、第九条情形的，不得报考；父母、配偶或子女已移居国（境）外的，不得报考；非公派原因，曾六个月以上在国（境）外留学、工作、生活的，不得报考。\n8．工资待遇按人民警察标准执行，享受加班补贴和值勤岗位津贴。\n9．有固定的探亲假和休假安排。\n10．在本单位最低服务年限五年（含试用期）。\n11．仅限男性报考。\n12．请考生及时关注“移民管理警察招考小助手”微信小程序发布的报考信息。"",""部门网站"":""https://rczk.nia.gov.cn"",""咨询电话1"":""0431-89962724"",""咨询电话2"":"""",""咨询电话3"":"""",""来源Sheet"":""中央国家行政机关省级以下直属机构""}}"
"government_jobs","国家公务员2025招考简章","公务员/事业单位技术岗位","吉林省延边朝鲜族自治州和龙市","2026-07-28T09:12:58.310295+00:00","古城里出入境边防检查站一级警长及以下（二）","吉林出入境边防检查总站","","吉林省延边朝鲜族自治州和龙市","公务员/事业单位;2025;computer_software;仅限本科;学士;计算机科学与技术（080901）、网络工程（080903）;行政执法类","用人司局：吉林出入境边防检查总站
职位简介：属于公安机关人民警察，从事出入境边防检查及信息化设备日常运维等工作。
专业要求：计算机科学与技术（080901）、网络工程（080903）
学历要求：仅限本科
学位要求：学士
政治面貌：中共党员或共青团员
基层工作经历：无限制
考试类别：行政执法类
备注：1．限应届高校毕业生报考（高等学历教育各阶段均需取得相应学历和学位）。
2．本职位所指专业为具体专业名称。
3．能熟练运用所学专业开展工作。
4．大学英语等级考试四级425分以上。
5．按《公务员录用体检特殊标准（试行）》进行体检，对《公务员录用体检特殊标准（试行）》未作规定的项目，按《公务员录用体检通用标准（试行）》执行，视力标准可询招录单位。
6．按《公安机关录用人民警察体能测评项目和标准》进行体能测评。
7．按《公安机关录用人民警察政治考察工作办法》开展考察。具有《公安机关录用人民警察政治考察工作办法》第八条、第九条情形的，不得报考；父母、配偶或子女已移居国（境）外的，不得报考；非公派原因，曾六个月以上在国（境）外留学、工作、生活的，不得报考。
8．工资待遇按人民警察标准执行，享受加班补贴和值勤岗位津贴。
9．有固定的探亲假和休假安排。
10．在本单位最低服务年限五年（含试用期）。
11．仅限男性报考。
12．请考生及时关注“移民管理警察招考小助手”微信小程序发布的报考信息。","https://www.xjhc.gov.cn/xjhc/c116834/202410/a29382e11a674da3be3353af65f9fcc5.shtml#158114-300130001017","2024-10-14","{""dataset_year"":2025,""job_uid"":""GOV-2025-158114-300130001017"",""publisher"":""国家公务员局"",""publication_page"":""https://www.xjhc.gov.cn/xjhc/c116834/202410/a29382e11a674da3be3353af65f9fcc5.shtml"",""attachment_url"":""https://www.xjhc.gov.cn/xjhc/c116834/202410/a29382e11a674da3be3353af65f9fcc5/files/0536cef86e2b46ddad6aae5a3780089e.xls"",""local_source_file"":""2025_guokao_zhaokaojianzhang.xls"",""local_source_sha256"":""07ae6cab368cd21b7a1ac3e8150fe9a3d39ad5171ce76135ff3cccfe50c3e77e"",""source_sheet"":""中央国家行政机关省级以下直属机构"",""filter_version"":""government_tech_v2"",""tech_filter"":{""is_tech"":true,""is_core_tech"":true,""scope"":""core"",""categories"":[""computer_software""],""matched_fields"":[""major"",""description""],""major_terms"":[""网络工程"",""计算机科学与技术""],""role_terms"":[""信息化""],""reason"":""tech_major_and_role""},""original"":{""部门代码"":""158114"",""部门名称"":""吉林出入境边防检查总站"",""用人司局"":""吉林出入境边防检查总站"",""机构性质"":""中央国家行政机关省级以下直属机构"",""招考职位"":""古城里出入境边防检查站一级警长及以下（二）"",""职位属性"":""公安机关人民警察职位"",""职位分布"":""西部地区和艰苦边远地区职位"",""职位简介"":""属于公安机关人民警察，从事出入境边防检查及信息化设备日常运维等工作。"",""职位代码"":""300130001017"",""机构层级"":""市（地）级"",""考试类别"":""行政执法类"",""招考人数"":""1"",""专业"":""计算机科学与技术（080901）、网络工程（080903）"",""学历"":""仅限本科"",""学位"":""学士"",""政治面貌"":""中共党员或共青团员"",""基层工作最低年限"":""无限制"",""服务基层项目工作经历"":""无限制"",""是否在面试阶段组织专业能力测试"":""否"",""面试人员比例"":""3:1"",""工作地点"":""吉林省延边朝鲜族自治州和龙市"",""落户地点"":""吉林省延边朝鲜族自治州延吉市"",""备注"":""1．限应届高校毕业生报考（高等学历教育各阶段均需取得相应学历和学位）。\n2．本职位所指专业为具体专业名称。\n3．能熟练运用所学专业开展工作。\n4．大学英语等级考试四级425分以上。\n5．按《公务员录用体检特殊标准（试行）》进行体检，对《公务员录用体检特殊标准（试行）》未作规定的项目，按《公务员录用体检通用标准（试行）》执行，视力标准可询招录单位。\n6．按《公安机关录用人民警察体能测评项目和标准》进行体能测评。\n7．按《公安机关录用人民警察政治考察工作办法》开展考察。具有《公安机关录用人民警察政治考察工作办法》第八条、第九条情形的，不得报考；父母、配偶或子女已移居国（境）外的，不得报考；非公派原因，曾六个月以上在国（境）外留学、工作、生活的，不得报考。\n8．工资待遇按人民警察标准执行，享受加班补贴和值勤岗位津贴。\n9．有固定的探亲假和休假安排。\n10．在本单位最低服务年限五年（含试用期）。\n11．仅限男性报考。\n12．请考生及时关注“移民管理警察招考小助手”微信小程序发布的报考信息。"",""部门网站"":""https://rczk.nia.gov.cn"",""咨询电话1"":""0431-89962724"",""咨询电话2"":"""",""咨询电话3"":"""",""来源Sheet"":""中央国家行政机关省级以下直属机构""}}"
"government_jobs","国家公务员2025招考简章","公务员/事业单位技术岗位","黑龙江省黑河市","2026-07-28T09:12:58.310295+00:00","黑河出入境边防检查站一级警长及以下（二）","黑龙江出入境边防检查总站","","黑龙江省黑河市","公务员/事业单位;2025;computer_software;仅限本科;学士;计算机科学与技术、网络工程、数字媒体技术、数据科学与大数据技术、新媒体技术;行政执法类","用人司局：黑龙江出入境边防检查总站
职位简介：属于公安机关人民警察，主要从事出入境边防检查及信息化设备日常运维等工作。
专业要求：计算机科学与技术、网络工程、数字媒体技术、数据科学与大数据技术、新媒体技术
学历要求：仅限本科
学位要求：学士
政治面貌：中共党员或共青团员
基层工作经历：无限制
考试类别：行政执法类
备注：1．限应届高校毕业生报考（高等学历教育各阶段均需取得相应学历和学位）。
2．大学英语等级考试四级425分以上。
3．按《公务员录用体检特殊标准（试行）》进行体检，对《公务员录用体检特殊标准（试行）》未作规定的项目，按《公务员录用体检通用标准（试行）》执行，视力标准可询招录单位。
4．按《公安机关录用人民警察体能测评项目和标准》进行体能测评。
5．按《公安机关录用人民警察政治考察工作办法》开展考察。具有《公安机关录用人民警察政治考察工作办法》第八条、第九条情形的，不得报考；父母、配偶或子女已移居国（境）外的，不得报考；非公派原因，曾六个月以上在国（境）外留学、工作、生活的，不得报考。
6．工资待遇按人民警察标准执行，享受加班补贴和值勤岗位津贴；有固定的探亲假和休假安排；提供集体宿舍，可为符合条件人员办理集体户口。
7．仅限男性报考。
8．本职位所指专业为具体专业名称。
9．请考生及时关注“移民管理警察招考小助手”微信小程序发布的报考信息。","https://www.xjhc.gov.cn/xjhc/c116834/202410/a29382e11a674da3be3353af65f9fcc5.shtml#158115-300130001012","2024-10-14","{""dataset_year"":2025,""job_uid"":""GOV-2025-158115-300130001012"",""publisher"":""国家公务员局"",""publication_page"":""https://www.xjhc.gov.cn/xjhc/c116834/202410/a29382e11a674da3be3353af65f9fcc5.shtml"",""attachment_url"":""https://www.xjhc.gov.cn/xjhc/c116834/202410/a29382e11a674da3be3353af65f9fcc5/files/0536cef86e2b46ddad6aae5a3780089e.xls"",""local_source_file"":""2025_guokao_zhaokaojianzhang.xls"",""local_source_sha256"":""07ae6cab368cd21b7a1ac3e8150fe9a3d39ad5171ce76135ff3cccfe50c3e77e"",""source_sheet"":""中央国家行政机关省级以下直属机构"",""filter_version"":""government_tech_v2"",""tech_filter"":{""is_tech"":true,""is_core_tech"":true,""scope"":""core"",""categories"":[""computer_software""],""matched_fields"":[""major"",""description""],""major_terms"":[""大数据"",""数字媒体技术"",""数据科学与大数据技术"",""网络工程"",""计算机科学与技术""],""role_terms"":[""信息化""],""reason"":""tech_major_and_role""},""original"":{""部门代码"":""158115"",""部门名称"":""黑龙江出入境边防检查总站"",""用人司局"":""黑龙江出入境边防检查总站"",""机构性质"":""中央国家行政机关省级以下直属机构"",""招考职位"":""黑河出入境边防检查站一级警长及以下（二）"",""职位属性"":""公安机关人民警察职位"",""职位分布"":""西部地区和艰苦边远地区职位"",""职位简介"":""属于公安机关人民警察，主要从事出入境边防检查及信息化设备日常运维等工作。"",""职位代码"":""300130001012"",""机构层级"":""市（地）级"",""考试类别"":""行政执法类"",""招考人数"":""1"",""专业"":""计算机科学与技术、网络工程、数字媒体技术、数据科学与大数据技术、新媒体技术"",""学历"":""仅限本科"",""学位"":""学士"",""政治面貌"":""中共党员或共青团员"",""基层工作最低年限"":""无限制"",""服务基层项目工作经历"":""无限制"",""是否在面试阶段组织专业能力测试"":""否"",""面试人员比例"":""3:1"",""工作地点"":""黑龙江省黑河市"",""落户地点"":""黑龙江省黑河市"",""备注"":""1．限应届高校毕业生报考（高等学历教育各阶段均需取得相应学历和学位）。\n2．大学英语等级考试四级425分以上。\n3．按《公务员录用体检特殊标准（试行）》进行体检，对《公务员录用体检特殊标准（试行）》未作规定的项目，按《公务员录用体检通用标准（试行）》执行，视力标准可询招录单位。\n4．按《公安机关录用人民警察体能测评项目和标准》进行体能测评。\n5．按《公安机关录用人民警察政治考察工作办法》开展考察。具有《公安机关录用人民警察政治考察工作办法》第八条、第九条情形的，不得报考；父母、配偶或子女已移居国（境）外的，不得报考；非公派原因，曾六个月以上在国（境）外留学、工作、生活的，不得报考。\n6．工资待遇按人民警察标准执行，享受加班补贴和值勤岗位津贴；有固定的探亲假和休假安排；提供集体宿舍，可为符合条件人员办理集体户口。\n7．仅限男性报考。\n8．本职位所指专业为具体专业名称。\n9．请考生及时关注“移民管理警察招考小助手”微信小程序发布的报考信息。"",""部门网站"":""https://rczk.nia.gov.cn"",""咨询电话1"":""0451-58786712"",""咨询电话2"":""0451-58786715"",""咨询电话3"":"""",""来源Sheet"":""中央国家行政机关省级以下直属机构""}}"
"government_jobs","国家公务员2025招考简章","公务员/事业单位技术岗位","黑龙江省牡丹江市绥芬河市","2026-07-28T09:12:58.310295+00:00","绥芬河出入境边防检查站一级警长及以下（一）","黑龙江出入境边防检查总站","","黑龙江省牡丹江市绥芬河市","公务员/事业单位;2025;computer_software;仅限本科;学士;汉语言文学、新闻学、秘书学、计算机科学与技术、数据科学与大数据技术、俄语;行政执法类","用人司局：黑龙江出入境边防检查总站
职位简介：属于公安机关人民警察，主要从事出入境边防检查及信息化设备日常运维等工作。
专业要求：汉语言文学、新闻学、秘书学、计算机科学与技术、数据科学与大数据技术、俄语
学历要求：仅限本科
学位要求：学士
政治面貌：中共党员或共青团员
基层工作经历：无限制
考试类别：行政执法类
备注：1．限应届高校毕业生报考（高等学历教育各阶段均需取得相应学历和学位）。
2．大学英语等级考试四级425分以上或具有俄语专业四级及以上证书。
3．按《公务员录用体检特殊标准（试行）》进行体检，对《公务员录用体检特殊标准（试行）》未作规定的项目，按《公务员录用体检通用标准（试行）》执行，视力标准可询招录单位。
4．按《公安机关录用人民警察体能测评项目和标准》进行体能测评。
5．按《公安机关录用人民警察政治考察工作办法》开展考察。具有《公安机关录用人民警察政治考察工作办法》第八条、第九条情形的，不得报考；父母、配偶或子女已移居国（境）外的，不得报考；非公派原因，曾六个月以上在国（境）外留学、工作、生活的，不得报考。
6．工资待遇按人民警察标准执行，享受加班补贴和值勤岗位津贴；有固定的探亲假和休假安排；提供集体宿舍，可为符合条件人员办理集体户口。
7．仅限男性报考。
8．本职位所指专业为具体专业名称。
9．请考生及时关注“移民管理警察招考小助手”微信小程序发布的报考信息。","https://www.xjhc.gov.cn/xjhc/c116834/202410/a29382e11a674da3be3353af65f9fcc5.shtml#158115-300130001016","2024-10-14","{""dataset_year"":2025,""job_uid"":""GOV-2025-158115-300130001016"",""publisher"":""国家公务员局"",""publication_page"":""https://www.xjhc.gov.cn/xjhc/c116834/202410/a29382e11a674da3be3353af65f9fcc5.shtml"",""attachment_url"":""https://www.xjhc.gov.cn/xjhc/c116834/202410/a29382e11a674da3be3353af65f9fcc5/files/0536cef86e2b46ddad6aae5a3780089e.xls"",""local_source_file"":""2025_guokao_zhaokaojianzhang.xls"",""local_source_sha256"":""07ae6cab368cd21b7a1ac3e8150fe9a3d39ad5171ce76135ff3cccfe50c3e77e"",""source_sheet"":""中央国家行政机关省级以下直属机构"",""filter_version"":""government_tech_v2"",""tech_filter"":{""is_tech"":true,""is_core_tech"":true,""scope"":""core"",""categories"":[""computer_software""],""matched_fields"":[""major"",""description""],""major_terms"":[""大数据"",""数据科学与大数据技术"",""计算机科学与技术""],""role_terms"":[""信息化""],""reason"":""tech_major_and_role""},""original"":{""部门代码"":""158115"",""部门名称"":""黑龙江出入境边防检查总站"",""用人司局"":""黑龙江出入境边防检查总站"",""机构性质"":""中央国家行政机关省级以下直属机构"",""招考职位"":""绥芬河出入境边防检查站一级警长及以下（一）"",""职位属性"":""公安机关人民警察职位"",""职位分布"":""西部地区和艰苦边远地区职位"",""职位简介"":""属于公安机关人民警察，主要从事出入境边防检查及信息化设备日常运维等工作。"",""职位代码"":""300130001016"",""机构层级"":""市（地）级"",""考试类别"":""行政执法类"",""招考人数"":""1"",""专业"":""汉语言文学、新闻学、秘书学、计算机科学与技术、数据科学与大数据技术、俄语"",""学历"":""仅限本科"",""学位"":""学士"",""政治面貌"":""中共党员或共青团员"",""基层工作最低年限"":""无限制"",""服务基层项目工作经历"":""无限制"",""是否在面试阶段组织专业能力测试"":""否"",""面试人员比例"":""3:1"",""工作地点"":""黑龙江省牡丹江市绥芬河市"",""落户地点"":""黑龙江省牡丹江市绥芬河市"",""备注"":""1．限应届高校毕业生报考（高等学历教育各阶段均需取得相应学历和学位）。\n2．大学英语等级考试四级425分以上或具有俄语专业四级及以上证书。\n3．按《公务员录用体检特殊标准（试行）》进行体检，对《公务员录用体检特殊标准（试行）》未作规定的项目，按《公务员录用体检通用标准（试行）》执行，视力标准可询招录单位。\n4．按《公安机关录用人民警察体能测评项目和标准》进行体能测评。\n5．按《公安机关录用人民警察政治考察工作办法》开展考察。具有《公安机关录用人民警察政治考察工作办法》第八条、第九条情形的，不得报考；父母、配偶或子女已移居国（境）外的，不得报考；非公派原因，曾六个月以上在国（境）外留学、工作、生活的，不得报考。\n6．工资待遇按人民警察标准执行，享受加班补贴和值勤岗位津贴；有固定的探亲假和休假安排；提供集体宿舍，可为符合条件人员办理集体户口。\n7．仅限男性报考。\n8．本职位所指专业为具体专业名称。\n9．请考生及时关注“移民管理警察招考小助手”微信小程序发布的报考信息。"",""部门网站"":""https://rczk.nia.gov.cn"",""咨询电话1"":""0451-58786712"",""咨询电话2"":""0451-58786715"",""咨询电话3"":"""",""来源Sheet"":""中央国家行政机关省级以下直属机构""}}"
"government_jobs","国家公务员2025招考简章","公务员/事业单位技术岗位","黑龙江省牡丹江市绥芬河市","2026-07-28T09:12:58.310295+00:00","绥芬河出入境边防检查站一级警长及以下（四）","黑龙江出入境边防检查总站","","黑龙江省牡丹江市绥芬河市","公务员/事业单位;2025;computer_software;仅限硕士研究生;硕士;新闻学、传播学、俄语口译、俄语笔译、计算机科学与技术、计算机应用技术;行政执法类","用人司局：黑龙江出入境边防检查总站
职位简介：属于公安机关人民警察，主要从事出入境边防检查及新闻宣传、翻译、信息化设备日常运维等工作。
专业要求：新闻学、传播学、俄语口译、俄语笔译、计算机科学与技术、计算机应用技术
学历要求：仅限硕士研究生
学位要求：硕士
政治面貌：中共党员或共青团员
基层工作经历：二年
考试类别：行政执法类
备注：1．限服务期满且考核合格的四类服务基层项目人员报考。
2．大学英语等级考试四级425分以上或具有俄语专业四级及以上证书。
3．按《公务员录用体检特殊标准（试行）》进行体检，对《公务员录用体检特殊标准（试行）》未作规定的项目，按《公务员录用体检通用标准（试行）》执行，视力标准可询招录单位。
4．按《公安机关录用人民警察体能测评项目和标准》进行体能测评。
5．按《公安机关录用人民警察政治考察工作办法》开展考察。具有《公安机关录用人民警察政治考察工作办法》第八条、第九条情形的，不得报考；父母、配偶或子女已移居国（境）外的，不得报考；非公派原因，曾六个月以上在国（境）外留学、工作、生活的，不得报考。
6．工资待遇按人民警察标准执行，享受加班补贴和值勤岗位津贴；有固定的探亲假和休假安排；提供集体宿舍，可为符合条件人员办理集体户口。
7．本职位所指专业为具体专业名称。
8．请考生及时关注“移民管理警察招考小助手”微信小程序发布的报考信息。","https://www.xjhc.gov.cn/xjhc/c116834/202410/a29382e11a674da3be3353af65f9fcc5.shtml#158115-300130001019","2024-10-14","{""dataset_year"":2025,""job_uid"":""GOV-2025-158115-300130001019"",""publisher"":""国家公务员局"",""publication_page"":""https://www.xjhc.gov.cn/xjhc/c116834/202410/a29382e11a674da3be3353af65f9fcc5.shtml"",""attachment_url"":""https://www.xjhc.gov.cn/xjhc/c116834/202410/a29382e11a674da3be3353af65f9fcc5/files/0536cef86e2b46ddad6aae5a3780089e.xls"",""local_source_file"":""2025_guokao_zhaokaojianzhang.xls"",""local_source_sha256"":""07ae6cab368cd21b7a1ac3e8150fe9a3d39ad5171ce76135ff3cccfe50c3e77e"",""source_sheet"":""中央国家行政机关省级以下直属机构"",""filter_version"":""government_tech_v2"",""tech_filter"":{""is_tech"":true,""is_core_tech"":true,""scope"":""core"",""categories"":[""computer_software""],""matched_fields"":[""major"",""description""],""major_terms"":[""计算机"",""计算机科学与技术""],""role_terms"":[""信息化""],""reason"":""tech_major_and_role""},""original"":{""部门代码"":""158115"",""部门名称"":""黑龙江出入境边防检查总站"",""用人司局"":""黑龙江出入境边防检查总站"",""机构性质"":""中央国家行政机关省级以下直属机构"",""招考职位"":""绥芬河出入境边防检查站一级警长及以下（四）"",""职位属性"":""公安机关人民警察职位"",""职位分布"":""西部地区和艰苦边远地区职位"",""职位简介"":""属于公安机关人民警察，主要从事出入境边防检查及新闻宣传、翻译、信息化设备日常运维等工作。"",""职位代码"":""300130001019"",""机构层级"":""市（地）级"",""考试类别"":""行政执法类"",""招考人数"":""1"",""专业"":""新闻学、传播学、俄语口译、俄语笔译、计算机科学与技术、计算机应用技术"",""学历"":""仅限硕士研究生"",""学位"":""硕士"",""政治面貌"":""中共党员或共青团员"",""基层工作最低年限"":""二年"",""服务基层项目工作经历"":""大学生村官、农村义务教育阶段学校教师特设岗位计划、“三支一扶”计划、大学生志愿服务西部计划"",""是否在面试阶段组织专业能力测试"":""否"",""面试人员比例"":""3:1"",""工作地点"":""黑龙江省牡丹江市绥芬河市"",""落户地点"":""黑龙江省牡丹江市绥芬河市"",""备注"":""1．限服务期满且考核合格的四类服务基层项目人员报考。\n2．大学英语等级考试四级425分以上或具有俄语专业四级及以上证书。\n3．按《公务员录用体检特殊标准（试行）》进行体检，对《公务员录用体检特殊标准（试行）》未作规定的项目，按《公务员录用体检通用标准（试行）》执行，视力标准可询招录单位。\n4．按《公安机关录用人民警察体能测评项目和标准》进行体能测评。\n5．按《公安机关录用人民警察政治考察工作办法》开展考察。具有《公安机关录用人民警察政治考察工作办法》第八条、第九条情形的，不得报考；父母、配偶或子女已移居国（境）外的，不得报考；非公派原因，曾六个月以上在国（境）外留学、工作、生活的，不得报考。\n6．工资待遇按人民警察标准执行，享受加班补贴和值勤岗位津贴；有固定的探亲假和休假安排；提供集体宿舍，可为符合条件人员办理集体户口。\n7．本职位所指专业为具体专业名称。\n8．请考生及时关注“移民管理警察招考小助手”微信小程序发布的报考信息。"",""部门网站"":""https://rczk.nia.gov.cn"",""咨询电话1"":""0451-58786712"",""咨询电话2"":""0451-58786715"",""咨询电话3"":"""",""来源Sheet"":""中央国家行政机关省级以下直属机构""}}"
"government_jobs","国家公务员2025招考简章","公务员/事业单位技术岗位","黑龙江省佳木斯市抚远市","2026-07-28T09:12:58.310295+00:00","抚远出入境边防检查站一级警长及以下","黑龙江出入境边防检查总站","","黑龙江省佳木斯市抚远市","公务员/事业单位;2025;computer_software;仅限本科;学士;计算机科学与技术、网络工程、数字媒体技术、软件工程、数据科学与大数据技术、新媒体技术、采购管理 、土木工程;行政执法类","用人司局：黑龙江出入境边防检查总站
职位简介：属于公安机关人民警察，主要从事出入境边防检查及信息化设备日常运维、后勤保障等工作。
专业要求：计算机科学与技术、网络工程、数字媒体技术、软件工程、数据科学与大数据技术、新媒体技术、采购管理 、土木工程
学历要求：仅限本科
学位要求：学士
政治面貌：中共党员或共青团员
基层工作经历：无限制
考试类别：行政执法类
备注：1．限应届高校毕业生报考（高等学历教育各阶段均需取得相应学历和学位）。
2．大学英语等级考试四级425分以上。
3．按《公务员录用体检特殊标准（试行）》进行体检，对《公务员录用体检特殊标准（试行）》未作规定的项目，按《公务员录用体检通用标准（试行）》执行，视力标准可询招录单位。
4．按《公安机关录用人民警察体能测评项目和标准》进行体能测评。
5．按《公安机关录用人民警察政治考察工作办法》开展考察。具有《公安机关录用人民警察政治考察工作办法》第八条、第九条情形的，不得报考；父母、配偶或子女已移居国（境）外的，不得报考；非公派原因，曾六个月以上在国（境）外留学、工作、生活的，不得报考。
6．工资待遇按人民警察标准执行，享受加班补贴和值勤岗位津贴；有固定的探亲假和休假安排；提供集体宿舍，可为符合条件人员办理集体户口。
7．仅限男性报考。
8．本职位所指专业为具体专业名称。
9．请考生及时关注“移民管理警察招考小助手”微信小程序发布的报考信息。","https://www.xjhc.gov.cn/xjhc/c116834/202410/a29382e11a674da3be3353af65f9fcc5.shtml#158115-300130001022","2024-10-14","{""dataset_year"":2025,""job_uid"":""GOV-2025-158115-300130001022"",""publisher"":""国家公务员局"",""publication_page"":""https://www.xjhc.gov.cn/xjhc/c116834/202410/a29382e11a674da3be3353af65f9fcc5.shtml"",""attachment_url"":""https://www.xjhc.gov.cn/xjhc/c116834/202410/a29382e11a674da3be3353af65f9fcc5/files/0536cef86e2b46ddad6aae5a3780089e.xls"",""local_source_file"":""2025_guokao_zhaokaojianzhang.xls"",""local_source_sha256"":""07ae6cab368cd21b7a1ac3e8150fe9a3d39ad5171ce76135ff3cccfe50c3e77e"",""source_sheet"":""中央国家行政机关省级以下直属机构"",""filter_version"":""government_tech_v2"",""tech_filter"":{""is_tech"":true,""is_core_tech"":true,""scope"":""core"",""categories"":[""computer_software""],""matched_fields"":[""major"",""description""],""major_terms"":[""大数据"",""数字媒体技术"",""数据科学与大数据技术"",""网络工程"",""计算机科学与技术"",""软件工程""],""role_terms"":[""信息化""],""reason"":""tech_major_and_role""},""original"":{""部门代码"":""158115"",""部门名称"":""黑龙江出入境边防检查总站"",""用人司局"":""黑龙江出入境边防检查总站"",""机构性质"":""中央国家行政机关省级以下直属机构"",""招考职位"":""抚远出入境边防检查站一级警长及以下"",""职位属性"":""公安机关人民警察职位"",""职位分布"":""西部地区和艰苦边远地区职位"",""职位简介"":""属于公安机关人民警察，主要从事出入境边防检查及信息化设备日常运维、后勤保障等工作。"",""职位代码"":""300130001022"",""机构层级"":""市（地）级"",""考试类别"":""行政执法类"",""招考人数"":""1"",""专业"":""计算机科学与技术、网络工程、数字媒体技术、软件工程、数据科学与大数据技术、新媒体技术、采购管理 、土木工程"",""学历"":""仅限本科"",""学位"":""学士"",""政治面貌"":""中共党员或共青团员"",""基层工作最低年限"":""无限制"",""服务基层项目工作经历"":""无限制"",""是否在面试阶段组织专业能力测试"":""否"",""面试人员比例"":""3:1"",""工作地点"":""黑龙江省佳木斯市抚远市"",""落户地点"":""黑龙江省佳木斯市抚远市"",""备注"":""1．限应届高校毕业生报考（高等学历教育各阶段均需取得相应学历和学位）。\n2．大学英语等级考试四级425分以上。\n3．按《公务员录用体检特殊标准（试行）》进行体检，对《公务员录用体检特殊标准（试行）》未作规定的项目，按《公务员录用体检通用标准（试行）》执行，视力标准可询招录单位。\n4．按《公安机关录用人民警察体能测评项目和标准》进行体能测评。\n5．按《公安机关录用人民警察政治考察工作办法》开展考察。具有《公安机关录用人民警察政治考察工作办法》第八条、第九条情形的，不得报考；父母、配偶或子女已移居国（境）外的，不得报考；非公派原因，曾六个月以上在国（境）外留学、工作、生活的，不得报考。\n6．工资待遇按人民警察标准执行，享受加班补贴和值勤岗位津贴；有固定的探亲假和休假安排；提供集体宿舍，可为符合条件人员办理集体户口。\n7．仅限男性报考。\n8．本职位所指专业为具体专业名称。\n9．请考生及时关注“移民管理警察招考小助手”微信小程序发布的报考信息。"",""部门网站"":""https://rczk.nia.gov.cn"",""咨询电话1"":""0451-58786712"",""咨询电话2"":""0451-58786715"",""咨询电话3"":"""",""来源Sheet"":""中央国家行政机关省级以下直属机构""}}"
"government_jobs","国家公务员2025招考简章","公务员/事业单位技术岗位","安徽省池州市","2026-07-28T09:12:58.310295+00:00","池州边检站一级警长及以下","安徽出入境边防检查总站","","安徽省池州市","公务员/事业单位;2025;computer_software;data_ai;electronics_communication;硕士研究生及以上;与最高学历相对应的学位;电子科学与技术（0774、0809）、计算机科学与技术（0775、0812）;行政执法类","用人司局：安徽出入境边防检查总站
职位简介：属公安机关人民警察，从事出入境边防检查工作和提供行动技术、警务通信技术、数据分析等专业技术支持工作。
专业要求：电子科学与技术（0774、0809）、计算机科学与技术（0775、0812）
学历要求：硕士研究生及以上
学位要求：与最高学历相对应的学位
政治面貌：中共党员或共青团员
基层工作经历：无限制
考试类别：行政执法类
备注：1.限2025届高校毕业生报考（高等学历教育各阶段均需取得相应学历和学位）。
2.能熟练运用所学专业开展工作。
3.大学英语等级考试四级425分以上。
4.按《公务员录用体检特殊标准（试行）》进行体检，对《公务员录用体检特殊标准（试行）》未作规定的项目，按《公务员录用体检通用标准（试行）》执行，视力标准可询招录单位。
5.按《公安机关录用人民警察体能测评项目和标准》进行体能测评。
6.按《公安机关录用人民警察政治考察工作办法》开展考察。具有《公安机关录用人民警察政治考察工作办法》第八条、第九条情形的，不得报考；父母、配偶或子女已移居国（境）外的，不得报考；非公派原因曾六个月以上在国（境）外留学、工作、生活的，不得报考。
7.提供集体宿舍，可为符合条件人员办理集体户口。
8.工资待遇按人民警察标准执行，享受加班补贴和值勤岗位津贴。
9.有固定的探亲假和休假安排。
10.在本单位最低服务年限五年（含试用期）。
11.请考生及时关注“移民管理警察招考小助手”微信小程序发布的报考信息。","https://www.xjhc.gov.cn/xjhc/c116834/202410/a29382e11a674da3be3353af65f9fcc5.shtml#158118-300130001002","2024-10-14","{""dataset_year"":2025,""job_uid"":""GOV-2025-158118-300130001002"",""publisher"":""国家公务员局"",""publication_page"":""https://www.xjhc.gov.cn/xjhc/c116834/202410/a29382e11a674da3be3353af65f9fcc5.shtml"",""attachment_url"":""https://www.xjhc.gov.cn/xjhc/c116834/202410/a29382e11a674da3be3353af65f9fcc5/files/0536cef86e2b46ddad6aae5a3780089e.xls"",""local_source_file"":""2025_guokao_zhaokaojianzhang.xls"",""local_source_sha256"":""07ae6cab368cd21b7a1ac3e8150fe9a3d39ad5171ce76135ff3cccfe50c3e77e"",""source_sheet"":""中央国家行政机关省级以下直属机构"",""filter_version"":""government_tech_v2"",""tech_filter"":{""is_tech"":true,""is_core_tech"":true,""scope"":""core"",""categories"":[""computer_software"",""data_ai"",""electronics_communication""],""matched_fields"":[""major"",""description""],""major_terms"":[""电子科学与技术"",""计算机科学与技术""],""role_terms"":[""数据分析"",""通信技术""],""reason"":""tech_major_and_role""},""original"":{""部门代码"":""158118"",""部门名称"":""安徽出入境边防检查总站"",""用人司局"":""安徽出入境边防检查总站"",""机构性质"":""中央国家行政机关省级以下直属机构"",""招考职位"":""池州边检站一级警长及以下"",""职位属性"":""公安机关人民警察职位"",""职位分布"":""其他职位"",""职位简介"":""属公安机关人民警察，从事出入境边防检查工作和提供行动技术、警务通信技术、数据分析等专业技术支持工作。"",""职位代码"":""300130001002"",""机构层级"":""市（地）级"",""考试类别"":""行政执法类"",""招考人数"":""1"",""专业"":""电子科学与技术（0774、0809）、计算机科学与技术（0775、0812）"",""学历"":""硕士研究生及以上"",""学位"":""与最高学历相对应的学位"",""政治面貌"":""中共党员或共青团员"",""基层工作最低年限"":""无限制"",""服务基层项目工作经历"":""无限制"",""是否在面试阶段组织专业能力测试"":""否"",""面试人员比例"":""3:1"",""工作地点"":""安徽省池州市"",""落户地点"":""安徽省池州市"",""备注"":""1.限2025届高校毕业生报考（高等学历教育各阶段均需取得相应学历和学位）。\n2.能熟练运用所学专业开展工作。\n3.大学英语等级考试四级425分以上。\n4.按《公务员录用体检特殊标准（试行）》进行体检，对《公务员录用体检特殊标准（试行）》未作规定的项目，按《公务员录用体检通用标准（试行）》执行，视力标准可询招录单位。\n5.按《公安机关录用人民警察体能测评项目和标准》进行体能测评。\n6.按《公安机关录用人民警察政治考察工作办法》开展考察。具有《公安机关录用人民警察政治考察工作办法》第八条、第九条情形的，不得报考；父母、配偶或子女已移居国（境）外的，不得报考；非公派原因曾六个月以上在国（境）外留学、工作、生活的，不得报考。\n7.提供集体宿舍，可为符合条件人员办理集体户口。\n8.工资待遇按人民警察标准执行，享受加班补贴和值勤岗位津贴。\n9.有固定的探亲假和休假安排。\n10.在本单位最低服务年限五年（含试用期）。\n11.请考生及时关注“移民管理警察招考小助手”微信小程序发布的报考信息。"",""部门网站"":""https://rczk.nia.gov.cn"",""咨询电话1"":""055165321888-5716"",""咨询电话2"":"""",""咨询电话3"":"""",""来源Sheet"":""中央国家行政机关省级以下直属机构""}}"
"government_jobs","国家公务员2025招考简章","公务员/事业单位技术岗位","山东省济南市","2026-07-28T09:12:58.310295+00:00","山东出入境边防检查总站信息科技处一级警长及以下","山东出入境边防检查总站","","山东省济南市","公务员/事业单位;2025;computer_software;cybersecurity_cryptography;硕士研究生及以上;与最高学历相对应的学位;计算机科学与技术 081200 077500;行政执法类","用人司局：山东出入境边防检查总站
职位简介：属于公安机关人民警察，从事信息化系统应用管理、网络安全管理、技术保障运维、大型安保等工作，提供行动技术信通技术支持。
专业要求：计算机科学与技术 081200 077500
学历要求：硕士研究生及以上
学位要求：与最高学历相对应的学位
政治面貌：中共党员或共青团员
基层工作经历：二年
考试类别：行政执法类
备注：1．高等学历教育各阶段均需取得相应学历和学位。
2．大学英语等级考试六级425分以上。
3．具有2年及以上软件项目设计、研发或网络和信息安全工作经历（需在备注栏注明），能熟练运用所需专业开展工作。
4．按《公务员录用体检特殊标准（试行）》进行体检，对《公务员录用体检特殊标准（试行）》未作规定的项目，按《公务员录用体检通用标准（试行）》执行，视力标准可询招录单位。
5．按《公安机关录用人民警察体能测评项目和标准》进行体能测评。
6．按《公安机关录用人民警察政治考察工作办法》开展考察。具有《公安机关录用人民警察政治考察工作办法》第八条、第九条情形的，不得报考；父母、配偶或子女已移居国（境）外的，不得报考；非公派原因，曾六个月以上在国（境）外留学、工作、生活的，不得报考。
7．工资待遇按人民警察标准执行，享受法定工作日之外加班补贴和值勤岗位津贴，提供集体宿舍，有固定的探亲假和休假安排。","https://www.xjhc.gov.cn/xjhc/c116834/202410/a29382e11a674da3be3353af65f9fcc5.shtml#158120-300130001002","2024-10-14","{""dataset_year"":2025,""job_uid"":""GOV-2025-158120-300130001002"",""publisher"":""国家公务员局"",""publication_page"":""https://www.xjhc.gov.cn/xjhc/c116834/202410/a29382e11a674da3be3353af65f9fcc5.shtml"",""attachment_url"":""https://www.xjhc.gov.cn/xjhc/c116834/202410/a29382e11a674da3be3353af65f9fcc5/files/0536cef86e2b46ddad6aae5a3780089e.xls"",""local_source_file"":""2025_guokao_zhaokaojianzhang.xls"",""local_source_sha256"":""07ae6cab368cd21b7a1ac3e8150fe9a3d39ad5171ce76135ff3cccfe50c3e77e"",""source_sheet"":""中央国家行政机关省级以下直属机构"",""filter_version"":""government_tech_v2"",""tech_filter"":{""is_tech"":true,""is_core_tech"":true,""scope"":""core"",""categories"":[""computer_software"",""cybersecurity_cryptography""],""matched_fields"":[""major"",""job_title"",""description"",""remarks""],""major_terms"":[""计算机科学与技术""],""role_terms"":[""信息化"",""信息安全"",""信息科技"",""网络安全"",""软件""],""reason"":""tech_major_and_role""},""original"":{""部门代码"":""158120"",""部门名称"":""山东出入境边防检查总站"",""用人司局"":""山东出入境边防检查总站"",""机构性质"":""中央国家行政机关省级以下直属机构"",""招考职位"":""山东出入境边防检查总站信息科技处一级警长及以下"",""职位属性"":""公安机关人民警察职位"",""职位分布"":""其他职位"",""职位简介"":""属于公安机关人民警察，从事信息化系统应用管理、网络安全管理、技术保障运维、大型安保等工作，提供行动技术信通技术支持。"",""职位代码"":""300130001002"",""机构层级"":""省（副省）级"",""考试类别"":""行政执法类"",""招考人数"":""1"",""专业"":""计算机科学与技术 081200 077500"",""学历"":""硕士研究生及以上"",""学位"":""与最高学历相对应的学位"",""政治面貌"":""中共党员或共青团员"",""基层工作最低年限"":""二年"",""服务基层项目工作经历"":""无限制"",""是否在面试阶段组织专业能力测试"":""否"",""面试人员比例"":""5:1"",""工作地点"":""山东省济南市"",""落户地点"":""山东省济南市"",""备注"":""1．高等学历教育各阶段均需取得相应学历和学位。\n2．大学英语等级考试六级425分以上。\n3．具有2年及以上软件项目设计、研发或网络和信息安全工作经历（需在备注栏注明），能熟练运用所需专业开展工作。\n4．按《公务员录用体检特殊标准（试行）》进行体检，对《公务员录用体检特殊标准（试行）》未作规定的项目，按《公务员录用体检通用标准（试行）》执行，视力标准可询招录单位。\n5．按《公安机关录用人民警察体能测评项目和标准》进行体能测评。\n6．按《公安机关录用人民警察政治考察工作办法》开展考察。具有《公安机关录用人民警察政治考察工作办法》第八条、第九条情形的，不得报考；父母、配偶或子女已移居国（境）外的，不得报考；非公派原因，曾六个月以上在国（境）外留学、工作、生活的，不得报考。\n7．工资待遇按人民警察标准执行，享受法定工作日之外加班补贴和值勤岗位津贴，提供集体宿舍，有固定的探亲假和休假安排。"",""部门网站"":""https://rczk.nia.gov.cn"",""咨询电话1"":""0531-85197917"",""咨询电话2"":"""",""咨询电话3"":"""",""来源Sheet"":""中央国家行政机关省级以下直属机构""}}"
"government_jobs","国家公务员2025招考简章","公务员/事业单位技术岗位","湖南省张家界市永定区","2026-07-28T09:12:58.310295+00:00","张家界边检站一级警长及以下（二）","湖南出入境边防检查总站","","湖南省张家界市永定区","公务员/事业单位;2025;computer_software;cybersecurity_cryptography;本科及以上;与最高学历相对应的学位;计算机科学与技术、软件工程、网络工程、信息安全、数字媒体技术、智能科学与技术、电子与计算机工程、数据科学与大数据技术、网络空间安全、新媒体技术、电影制作、影视摄影与制作、影视技术;行政执法类","用人司局：湖南出入境边防检查总站
职位简介：属于公安机关人民警察，从事出入境边防检查信息化应用的技术支持、服务保障等工作。从事宣传视频制作工作。
专业要求：计算机科学与技术、软件工程、网络工程、信息安全、数字媒体技术、智能科学与技术、电子与计算机工程、数据科学与大数据技术、网络空间安全、新媒体技术、电影制作、影视摄影与制作、影视技术
学历要求：本科及以上
学位要求：与最高学历相对应的学位
政治面貌：中共党员或共青团员
基层工作经历：无限制
考试类别：行政执法类
备注：1.限2025届高校毕业生报考（高等学历教育各阶段均需取得相应学历和学位）。
2.大学英语等级考试四级500分以上或六级425分以上。
3.能熟练运用所学专业开展工作。
4．按《公务员录用体检特殊标准（试行）》进行体检，对《公务员录用体检特殊标准（试行）》未作规定的项目，按《公务员录用体检通用标准（试行）》执行，视力标准可询招录单位。
5．按《公安机关录用人民警察体能测评项目和标准》进行体能测评。
6．按《公安机关录用人民警察政治考察工作办法》开展考察。具有《公安机关录用人民警察政治考察工作办法》第八条、第九条情形的，不得报考；父母、配偶或子女已移居国（境）外的，不得报考；非公派原因，曾六个月以上在国（境）外留学、工作、生活的，不得报考。
7.提供集体宿舍。工资待遇按人民警察标准执行，享受加班补贴和值勤岗位津贴。有固定的探亲假和休假安排。
8.在本单位最低服务年限五年（含试用期）。
9.仅限男性报考。
10.请考生及时关注“移民管理警察招考小助手”微信小程序发布的报考信息。","https://www.xjhc.gov.cn/xjhc/c116834/202410/a29382e11a674da3be3353af65f9fcc5.shtml#158123-300130123002","2024-10-14","{""dataset_year"":2025,""job_uid"":""GOV-2025-158123-300130123002"",""publisher"":""国家公务员局"",""publication_page"":""https://www.xjhc.gov.cn/xjhc/c116834/202410/a29382e11a674da3be3353af65f9fcc5.shtml"",""attachment_url"":""https://www.xjhc.gov.cn/xjhc/c116834/202410/a29382e11a674da3be3353af65f9fcc5/files/0536cef86e2b46ddad6aae5a3780089e.xls"",""local_source_file"":""2025_guokao_zhaokaojianzhang.xls"",""local_source_sha256"":""07ae6cab368cd21b7a1ac3e8150fe9a3d39ad5171ce76135ff3cccfe50c3e77e"",""source_sheet"":""中央国家行政机关省级以下直属机构"",""filter_version"":""government_tech_v2"",""tech_filter"":{""is_tech"":true,""is_core_tech"":true,""scope"":""core"",""categories"":[""computer_software"",""cybersecurity_cryptography""],""matched_fields"":[""major"",""description""],""major_terms"":[""信息安全"",""大数据"",""数字媒体技术"",""数据科学与大数据技术"",""智能科学与技术"",""网络工程"",""网络空间安全"",""计算机"",""计算机科学与技术"",""软件工程""],""role_terms"":[""信息化""],""reason"":""tech_major_and_role""},""original"":{""部门代码"":""158123"",""部门名称"":""湖南出入境边防检查总站"",""用人司局"":""湖南出入境边防检查总站"",""机构性质"":""中央国家行政机关省级以下直属机构"",""招考职位"":""张家界边检站一级警长及以下（二）"",""职位属性"":""公安机关人民警察职位"",""职位分布"":""其他职位"",""职位简介"":""属于公安机关人民警察，从事出入境边防检查信息化应用的技术支持、服务保障等工作。从事宣传视频制作工作。"",""职位代码"":""300130123002"",""机构层级"":""市（地）级"",""考试类别"":""行政执法类"",""招考人数"":""1"",""专业"":""计算机科学与技术、软件工程、网络工程、信息安全、数字媒体技术、智能科学与技术、电子与计算机工程、数据科学与大数据技术、网络空间安全、新媒体技术、电影制作、影视摄影与制作、影视技术"",""学历"":""本科及以上"",""学位"":""与最高学历相对应的学位"",""政治面貌"":""中共党员或共青团员"",""基层工作最低年限"":""无限制"",""服务基层项目工作经历"":""无限制"",""是否在面试阶段组织专业能力测试"":""否"",""面试人员比例"":""3:1"",""工作地点"":""湖南省张家界市永定区"",""落户地点"":""湖南省张家界市永定区"",""备注"":""1.限2025届高校毕业生报考（高等学历教育各阶段均需取得相应学历和学位）。\n2.大学英语等级考试四级500分以上或六级425分以上。\n3.能熟练运用所学专业开展工作。\n4．按《公务员录用体检特殊标准（试行）》进行体检，对《公务员录用体检特殊标准（试行）》未作规定的项目，按《公务员录用体检通用标准（试行）》执行，视力标准可询招录单位。\n5．按《公安机关录用人民警察体能测评项目和标准》进行体能测评。\n6．按《公安机关录用人民警察政治考察工作办法》开展考察。具有《公安机关录用人民警察政治考察工作办法》第八条、第九条情形的，不得报考；父母、配偶或子女已移居国（境）外的，不得报考；非公派原因，曾六个月以上在国（境）外留学、工作、生活的，不得报考。\n7.提供集体宿舍。工资待遇按人民警察标准执行，享受加班补贴和值勤岗位津贴。有固定的探亲假和休假安排。\n8.在本单位最低服务年限五年（含试用期）。\n9.仅限男性报考。\n10.请考生及时关注“移民管理警察招考小助手”微信小程序发布的报考信息。"",""部门网站"":""https://rczk.nia.gov.cn"",""咨询电话1"":""0731-85895632"",""咨询电话2"":"""",""咨询电话3"":"""",""来源Sheet"":""中央国家行政机关省级以下直属机构""}}"
"government_jobs","国家公务员2025招考简章","公务员/事业单位技术岗位","广西壮族自治区南宁市","2026-07-28T09:12:58.310295+00:00","广西出入境边防检查总站技术保障队警务技术一级主管及以下（一）","广西出入境边防检查总站","","广西壮族自治区南宁市","公务员/事业单位;2025;automation_robotics;computer_software;cybersecurity_cryptography;electronics_communication;硕士研究生及以上;与最高学历相对应的学位;0701数学、0775计算机科学与技术、0808电气工程、0809电子科学与技术、0810信息与通信工程、0811控制科学与工程、0812计算机科学与技术、0835软件工程、0839网络空间安全、0854电子信息;中央机关及其省级直属机构综合管理类","用人司局：广西出入境边防检查总站
职位简介：属于公安机关人民警察，主要从事移民管理有关软件系统设计、研发及运维等工作。能承受高强度、高压力工作，适应经常性加班，法定休息日及节假日需偶尔值班。
专业要求：0701数学、0775计算机科学与技术、0808电气工程、0809电子科学与技术、0810信息与通信工程、0811控制科学与工程、0812计算机科学与技术、0835软件工程、0839网络空间安全、0854电子信息
学历要求：硕士研究生及以上
学位要求：与最高学历相对应的学位
政治面貌：中共党员或共青团员
基层工作经历：二年
考试类别：中央机关及其省级直属机构综合管理类
备注：1．具有2年及以上软件项目设计、研发工作经历（需在备注栏注明），能熟练运用所学专业开展工作。
2．大学英语等级考试六级425分以上。
3．专业能力测试为上机实操测试，占综合成绩的比重为15%。
4．仅限男性报考。
5．按《公务员录用体检特殊标准（试行）》进行体检，对《公务员录用体检特殊标准（试行）》未作规定的项目，按《公务员录用体检通用标准（试行）》执行，视力标准可询招录单位。
6．按《公安机关录用人民警察体能测评项目和标准》进行体能测评。
7．按《公安机关录用人民警察政治考察工作办法》开展考察。具有《公安机关录用人民警察政治考察工作办法》第八条、第九条情形的，不得报考；父母、配偶或子女已移居国（境）外的，不得报考；非公派原因，曾六个月以上在国（境）外留学、工作、生活的，不得报考。
8．工资待遇按人民警察标准执行，享受加班补贴和值勤岗位津贴。有固定的探亲假和休假安排。提供集体宿舍。
9．请考生及时关注“移民管理警察招考小助手”微信小程序发布的报考信息。","https://www.xjhc.gov.cn/xjhc/c116834/202410/a29382e11a674da3be3353af65f9fcc5.shtml#158124-300130001001","2024-10-14","{""dataset_year"":2025,""job_uid"":""GOV-2025-158124-300130001001"",""publisher"":""国家公务员局"",""publication_page"":""https://www.xjhc.gov.cn/xjhc/c116834/202410/a29382e11a674da3be3353af65f9fcc5.shtml"",""attachment_url"":""https://www.xjhc.gov.cn/xjhc/c116834/202410/a29382e11a674da3be3353af65f9fcc5/files/0536cef86e2b46ddad6aae5a3780089e.xls"",""local_source_file"":""2025_guokao_zhaokaojianzhang.xls"",""local_source_sha256"":""07ae6cab368cd21b7a1ac3e8150fe9a3d39ad5171ce76135ff3cccfe50c3e77e"",""source_sheet"":""中央国家行政机关省级以下直属机构"",""filter_version"":""government_tech_v2"",""tech_filter"":{""is_tech"":true,""is_core_tech"":true,""scope"":""core"",""categories"":[""automation_robotics"",""computer_software"",""cybersecurity_cryptography"",""electronics_communication""],""matched_fields"":[""major"",""description"",""remarks""],""major_terms"":[""信息与通信工程"",""控制科学与工程"",""电子信息"",""电子科学与技术"",""网络空间安全"",""计算机科学与技术"",""软件工程"",""通信工程""],""role_terms"":[""软件""],""reason"":""tech_major_and_role""},""original"":{""部门代码"":""158124"",""部门名称"":""广西出入境边防检查总站"",""用人司局"":""广西出入境边防检查总站"",""机构性质"":""中央国家行政机关省级以下直属机构"",""招考职位"":""广西出入境边防检查总站技术保障队警务技术一级主管及以下（一）"",""职位属性"":""公安机关人民警察职位"",""职位分布"":""其他职位"",""职位简介"":""属于公安机关人民警察，主要从事移民管理有关软件系统设计、研发及运维等工作。能承受高强度、高压力工作，适应经常性加班，法定休息日及节假日需偶尔值班。"",""职位代码"":""300130001001"",""机构层级"":""省（副省）级"",""考试类别"":""中央机关及其省级直属机构综合管理类"",""招考人数"":""1"",""专业"":""0701数学、0775计算机科学与技术、0808电气工程、0809电子科学与技术、0810信息与通信工程、0811控制科学与工程、0812计算机科学与技术、0835软件工程、0839网络空间安全、0854电子信息"",""学历"":""硕士研究生及以上"",""学位"":""与最高学历相对应的学位"",""政治面貌"":""中共党员或共青团员"",""基层工作最低年限"":""二年"",""服务基层项目工作经历"":""无限制"",""是否在面试阶段组织专业能力测试"":""是"",""面试人员比例"":""5:1"",""工作地点"":""广西壮族自治区南宁市"",""落户地点"":""广西壮族自治区南宁市"",""备注"":""1．具有2年及以上软件项目设计、研发工作经历（需在备注栏注明），能熟练运用所学专业开展工作。\n2．大学英语等级考试六级425分以上。\n3．专业能力测试为上机实操测试，占综合成绩的比重为15%。\n4．仅限男性报考。\n5．按《公务员录用体检特殊标准（试行）》进行体检，对《公务员录用体检特殊标准（试行）》未作规定的项目，按《公务员录用体检通用标准（试行）》执行，视力标准可询招录单位。\n6．按《公安机关录用人民警察体能测评项目和标准》进行体能测评。\n7．按《公安机关录用人民警察政治考察工作办法》开展考察。具有《公安机关录用人民警察政治考察工作办法》第八条、第九条情形的，不得报考；父母、配偶或子女已移居国（境）外的，不得报考；非公派原因，曾六个月以上在国（境）外留学、工作、生活的，不得报考。\n8．工资待遇按人民警察标准执行，享受加班补贴和值勤岗位津贴。有固定的探亲假和休假安排。提供集体宿舍。\n9．请考生及时关注“移民管理警察招考小助手”微信小程序发布的报考信息。"",""部门网站"":""https://rczk.nia.gov.cn"",""咨询电话1"":""0771-5728224"",""咨询电话2"":"""",""咨询电话3"":"""",""来源Sheet"":""中央国家行政机关省级以下直属机构""}}"
"government_jobs","国家公务员2025招考简章","公务员/事业单位技术岗位","广西壮族自治区南宁市","2026-07-28T09:12:58.310295+00:00","广西出入境边防检查总站技术保障队警务技术一级主管及以下（二）","广西出入境边防检查总站","","广西壮族自治区南宁市","公务员/事业单位;2025;automation_robotics;computer_software;cybersecurity_cryptography;electronics_communication;硕士研究生及以上;与最高学历相对应的学位;0701数学、0775计算机科学与技术、0808电气工程、0809电子科学与技术、0810信息与通信工程、0811控制科学与工程、0812计算机科学与技术、0835软件工程、0839网络空间安全、0854电子信息;中央机关及其省级直属机构综合管理类","用人司局：广西出入境边防检查总站
职位简介：属于公安机关人民警察，主要从事网络和信息安全管理等工作。能承受高强度、高压力工作，适应经常性加班，法定休息日及节假日需偶尔值班。
专业要求：0701数学、0775计算机科学与技术、0808电气工程、0809电子科学与技术、0810信息与通信工程、0811控制科学与工程、0812计算机科学与技术、0835软件工程、0839网络空间安全、0854电子信息
学历要求：硕士研究生及以上
学位要求：与最高学历相对应的学位
政治面貌：中共党员或共青团员
基层工作经历：二年
考试类别：中央机关及其省级直属机构综合管理类
备注：1．具有2年及以上网络和信息安全工作经历（需在备注栏注明），能熟练运用所学专业开展工作。
2．大学英语等级考试四级425分以上。
3．专业能力测试为上机实操测试，占综合成绩的比重为15%。
4．仅限男性报考。
5．按《公务员录用体检特殊标准（试行）》进行体检，对《公务员录用体检特殊标准（试行）》未作规定的项目，按《公务员录用体检通用标准（试行）》执行，视力标准可询招录单位。
6．按《公安机关录用人民警察体能测评项目和标准》进行体能测评。
7．按《公安机关录用人民警察政治考察工作办法》开展考察。具有《公安机关录用人民警察政治考察工作办法》第八条、第九条情形的，不得报考；父母、配偶或子女已移居国（境）外的，不得报考；非公派原因，曾六个月以上在国（境）外留学、工作、生活的，不得报考。
8．工资待遇按人民警察标准执行，享受加班补贴和值勤岗位津贴。有固定的探亲假和休假安排。提供集体宿舍。
9．请考生及时关注“移民管理警察招考小助手”微信小程序发布的报考信息。","https://www.xjhc.gov.cn/xjhc/c116834/202410/a29382e11a674da3be3353af65f9fcc5.shtml#158124-300130001002","2024-10-14","{""dataset_year"":2025,""job_uid"":""GOV-2025-158124-300130001002"",""publisher"":""国家公务员局"",""publication_page"":""https://www.xjhc.gov.cn/xjhc/c116834/202410/a29382e11a674da3be3353af65f9fcc5.shtml"",""attachment_url"":""https://www.xjhc.gov.cn/xjhc/c116834/202410/a29382e11a674da3be3353af65f9fcc5/files/0536cef86e2b46ddad6aae5a3780089e.xls"",""local_source_file"":""2025_guokao_zhaokaojianzhang.xls"",""local_source_sha256"":""07ae6cab368cd21b7a1ac3e8150fe9a3d39ad5171ce76135ff3cccfe50c3e77e"",""source_sheet"":""中央国家行政机关省级以下直属机构"",""filter_version"":""government_tech_v2"",""tech_filter"":{""is_tech"":true,""is_core_tech"":true,""scope"":""core"",""categories"":[""automation_robotics"",""computer_software"",""cybersecurity_cryptography"",""electronics_communication""],""matched_fields"":[""major"",""description"",""remarks""],""major_terms"":[""信息与通信工程"",""控制科学与工程"",""电子信息"",""电子科学与技术"",""网络空间安全"",""计算机科学与技术"",""软件工程"",""通信工程""],""role_terms"":[""信息安全""],""reason"":""tech_major_and_role""},""original"":{""部门代码"":""158124"",""部门名称"":""广西出入境边防检查总站"",""用人司局"":""广西出入境边防检查总站"",""机构性质"":""中央国家行政机关省级以下直属机构"",""招考职位"":""广西出入境边防检查总站技术保障队警务技术一级主管及以下（二）"",""职位属性"":""公安机关人民警察职位"",""职位分布"":""其他职位"",""职位简介"":""属于公安机关人民警察，主要从事网络和信息安全管理等工作。能承受高强度、高压力工作，适应经常性加班，法定休息日及节假日需偶尔值班。"",""职位代码"":""300130001002"",""机构层级"":""省（副省）级"",""考试类别"":""中央机关及其省级直属机构综合管理类"",""招考人数"":""1"",""专业"":""0701数学、0775计算机科学与技术、0808电气工程、0809电子科学与技术、0810信息与通信工程、0811控制科学与工程、0812计算机科学与技术、0835软件工程、0839网络空间安全、0854电子信息"",""学历"":""硕士研究生及以上"",""学位"":""与最高学历相对应的学位"",""政治面貌"":""中共党员或共青团员"",""基层工作最低年限"":""二年"",""服务基层项目工作经历"":""无限制"",""是否在面试阶段组织专业能力测试"":""是"",""面试人员比例"":""5:1"",""工作地点"":""广西壮族自治区南宁市"",""落户地点"":""广西壮族自治区南宁市"",""备注"":""1．具有2年及以上网络和信息安全工作经历（需在备注栏注明），能熟练运用所学专业开展工作。\n2．大学英语等级考试四级425分以上。\n3．专业能力测试为上机实操测试，占综合成绩的比重为15%。\n4．仅限男性报考。\n5．按《公务员录用体检特殊标准（试行）》进行体检，对《公务员录用体检特殊标准（试行）》未作规定的项目，按《公务员录用体检通用标准（试行）》执行，视力标准可询招录单位。\n6．按《公安机关录用人民警察体能测评项目和标准》进行体能测评。\n7．按《公安机关录用人民警察政治考察工作办法》开展考察。具有《公安机关录用人民警察政治考察工作办法》第八条、第九条情形的，不得报考；父母、配偶或子女已移居国（境）外的，不得报考；非公派原因，曾六个月以上在国（境）外留学、工作、生活的，不得报考。\n8．工资待遇按人民警察标准执行，享受加班补贴和值勤岗位津贴。有固定的探亲假和休假安排。提供集体宿舍。\n9．请考生及时关注“移民管理警察招考小助手”微信小程序发布的报考信息。"",""部门网站"":""https://rczk.nia.gov.cn"",""咨询电话1"":""0771-5728224"",""咨询电话2"":"""",""咨询电话3"":"""",""来源Sheet"":""中央国家行政机关省级以下直属机构""}}"
"government_jobs","国家公务员2025招考简章","公务员/事业单位技术岗位","广西壮族自治区南宁市","2026-07-28T09:12:58.310295+00:00","南宁出入境边防检查站一级警长及以下（一）","广西出入境边防检查总站","","广西壮族自治区南宁市","公务员/事业单位;2025;automation_robotics;computer_software;cybersecurity_cryptography;data_ai;electronics_communication;硕士研究生及以上;与最高学历相对应的学位;0701数学、0775计算机科学与技术、0808电气工程、0809电子科学与技术、0810信息与通信工程、0811控制科学与工程、0812计算机科学与技术、0835软件工程、0839网络空间安全、0854电子信息;行政执法类","用人司局：广西出入境边防检查总站
职位简介：属于公安机关人民警察，主要从事出入境有关软件系统开发运维、信息化建设、数据处理、大数据分析核查和出入境边防检查等工作。实行轮流倒班工作制度，法定休息日及节假日不能保证正常休息休假。
专业要求：0701数学、0775计算机科学与技术、0808电气工程、0809电子科学与技术、0810信息与通信工程、0811控制科学与工程、0812计算机科学与技术、0835软件工程、0839网络空间安全、0854电子信息
学历要求：硕士研究生及以上
学位要求：与最高学历相对应的学位
政治面貌：中共党员或共青团员
基层工作经历：无限制
考试类别：行政执法类
备注：1．限应届高校毕业生报考（高等学历教育各阶段均需取得相应学历和学位）。
2．具有丰富的专业应用实践经历（需在备注栏注明），能熟练运用所学专业开展工作。
3．大学英语等级考试四级425分以上。
4．专业能力测试为上机实操测试，占综合成绩的比重为15%。
5．仅限男性报考。
6．按《公务员录用体检特殊标准（试行）》进行体检，对《公务员录用体检特殊标准（试行）》未作规定的项目，按《公务员录用体检通用标准（试行）》执行，视力标准可询招录单位。
7．按《公安机关录用人民警察体能测评项目和标准》进行体能测评。
8．按《公安机关录用人民警察政治考察工作办法》开展考察。具有《公安机关录用人民警察政治考察工作办法》第八条、第九条情形的，不得报考；父母、配偶或子女已移居国（境）外的，不得报考；非公派原因，曾六个月以上在国（境）外留学、工作、生活的，不得报考。
9．工资待遇按人民警察标准执行，享受加班补贴和值勤岗位津贴。有固定的探亲假和休假安排。提供集体宿舍。
10．请考生及时关注“移民管理警察招考小助手”微信小程序发布的报考信息。","https://www.xjhc.gov.cn/xjhc/c116834/202410/a29382e11a674da3be3353af65f9fcc5.shtml#158124-300130001003","2024-10-14","{""dataset_year"":2025,""job_uid"":""GOV-2025-158124-300130001003"",""publisher"":""国家公务员局"",""publication_page"":""https://www.xjhc.gov.cn/xjhc/c116834/202410/a29382e11a674da3be3353af65f9fcc5.shtml"",""attachment_url"":""https://www.xjhc.gov.cn/xjhc/c116834/202410/a29382e11a674da3be3353af65f9fcc5/files/0536cef86e2b46ddad6aae5a3780089e.xls"",""local_source_file"":""2025_guokao_zhaokaojianzhang.xls"",""local_source_sha256"":""07ae6cab368cd21b7a1ac3e8150fe9a3d39ad5171ce76135ff3cccfe50c3e77e"",""source_sheet"":""中央国家行政机关省级以下直属机构"",""filter_version"":""government_tech_v2"",""tech_filter"":{""is_tech"":true,""is_core_tech"":true,""scope"":""core"",""categories"":[""automation_robotics"",""computer_software"",""cybersecurity_cryptography"",""data_ai"",""electronics_communication""],""matched_fields"":[""major"",""description""],""major_terms"":[""信息与通信工程"",""控制科学与工程"",""电子信息"",""电子科学与技术"",""网络空间安全"",""计算机科学与技术"",""软件工程"",""通信工程""],""role_terms"":[""信息化"",""大数据"",""数据分析"",""数据处理"",""系统开发"",""软件""],""reason"":""tech_major_and_role""},""original"":{""部门代码"":""158124"",""部门名称"":""广西出入境边防检查总站"",""用人司局"":""广西出入境边防检查总站"",""机构性质"":""中央国家行政机关省级以下直属机构"",""招考职位"":""南宁出入境边防检查站一级警长及以下（一）"",""职位属性"":""公安机关人民警察职位"",""职位分布"":""西部地区和艰苦边远地区职位"",""职位简介"":""属于公安机关人民警察，主要从事出入境有关软件系统开发运维、信息化建设、数据处理、大数据分析核查和出入境边防检查等工作。实行轮流倒班工作制度，法定休息日及节假日不能保证正常休息休假。"",""职位代码"":""300130001003"",""机构层级"":""市（地）级"",""考试类别"":""行政执法类"",""招考人数"":""2"",""专业"":""0701数学、0775计算机科学与技术、0808电气工程、0809电子科学与技术、0810信息与通信工程、0811控制科学与工程、0812计算机科学与技术、0835软件工程、0839网络空间安全、0854电子信息"",""学历"":""硕士研究生及以上"",""学位"":""与最高学历相对应的学位"",""政治面貌"":""中共党员或共青团员"",""基层工作最低年限"":""无限制"",""服务基层项目工作经历"":""无限制"",""是否在面试阶段组织专业能力测试"":""是"",""面试人员比例"":""3:1"",""工作地点"":""广西壮族自治区南宁市"",""落户地点"":""广西壮族自治区南宁市"",""备注"":""1．限应届高校毕业生报考（高等学历教育各阶段均需取得相应学历和学位）。\n2．具有丰富的专业应用实践经历（需在备注栏注明），能熟练运用所学专业开展工作。\n3．大学英语等级考试四级425分以上。\n4．专业能力测试为上机实操测试，占综合成绩的比重为15%。\n5．仅限男性报考。\n6．按《公务员录用体检特殊标准（试行）》进行体检，对《公务员录用体检特殊标准（试行）》未作规定的项目，按《公务员录用体检通用标准（试行）》执行，视力标准可询招录单位。\n7．按《公安机关录用人民警察体能测评项目和标准》进行体能测评。\n8．按《公安机关录用人民警察政治考察工作办法》开展考察。具有《公安机关录用人民警察政治考察工作办法》第八条、第九条情形的，不得报考；父母、配偶或子女已移居国（境）外的，不得报考；非公派原因，曾六个月以上在国（境）外留学、工作、生活的，不得报考。\n9．工资待遇按人民警察标准执行，享受加班补贴和值勤岗位津贴。有固定的探亲假和休假安排。提供集体宿舍。\n10．请考生及时关注“移民管理警察招考小助手”微信小程序发布的报考信息。"",""部门网站"":""https://rczk.nia.gov.cn"",""咨询电话1"":""0771-5728224"",""咨询电话2"":"""",""咨询电话3"":"""",""来源Sheet"":""中央国家行政机关省级以下直属机构""}}"
"government_jobs","国家公务员2025招考简章","公务员/事业单位技术岗位","广西壮族自治区桂林市","2026-07-28T09:12:58.310295+00:00","桂林出入境边防检查站一级警长及以下（一）","广西出入境边防检查总站","","广西壮族自治区桂林市","公务员/事业单位;2025;automation_robotics;computer_software;cybersecurity_cryptography;electronics_communication;硕士研究生及以上;与最高学历相对应的学位;0701数学、0775计算机科学与技术、0808电气工程、0809电子科学与技术、0810信息与通信工程、0811控制科学与工程、0812计算机科学与技术、0835软件工程、0839网络空间安全、0854电子信息;行政执法类","用人司局：广西出入境边防检查总站
职位简介：属于公安机关人民警察，主要从事移民管理有关软件系统设计、研发、运维和出入境边防检查等工作。实行轮流倒班工作制度，法定休息日及节假日不能保证正常休息休假。
专业要求：0701数学、0775计算机科学与技术、0808电气工程、0809电子科学与技术、0810信息与通信工程、0811控制科学与工程、0812计算机科学与技术、0835软件工程、0839网络空间安全、0854电子信息
学历要求：硕士研究生及以上
学位要求：与最高学历相对应的学位
政治面貌：中共党员或共青团员
基层工作经历：二年
考试类别：行政执法类
备注：1．具有2年及以上软件项目设计、研发工作经历（需在备注栏注明），能熟练运用所学专业开展工作。
2．大学英语等级考试四级425分以上。
3．专业能力测试为上机实操测试，占综合成绩的比重为15%。
4．仅限男性报考。
5．按《公务员录用体检特殊标准（试行）》进行体检，对《公务员录用体检特殊标准（试行）》未作规定的项目，按《公务员录用体检通用标准（试行）》执行，视力标准可询招录单位。
6．按《公安机关录用人民警察体能测评项目和标准》进行体能测评。
7．按《公安机关录用人民警察政治考察工作办法》开展考察。具有《公安机关录用人民警察政治考察工作办法》第八条、第九条情形的，不得报考；父母、配偶或子女已移居国（境）外的，不得报考；非公派原因，曾六个月以上在国（境）外留学、工作、生活的，不得报考。
8．工资待遇按人民警察标准执行，享受加班补贴和值勤岗位津贴。有固定的探亲假和休假安排。提供集体宿舍。
9．请考生及时关注“移民管理警察招考小助手”微信小程序发布的报考信息。","https://www.xjhc.gov.cn/xjhc/c116834/202410/a29382e11a674da3be3353af65f9fcc5.shtml#158124-300130001007","2024-10-14","{""dataset_year"":2025,""job_uid"":""GOV-2025-158124-300130001007"",""publisher"":""国家公务员局"",""publication_page"":""https://www.xjhc.gov.cn/xjhc/c116834/202410/a29382e11a674da3be3353af65f9fcc5.shtml"",""attachment_url"":""https://www.xjhc.gov.cn/xjhc/c116834/202410/a29382e11a674da3be3353af65f9fcc5/files/0536cef86e2b46ddad6aae5a3780089e.xls"",""local_source_file"":""2025_guokao_zhaokaojianzhang.xls"",""local_source_sha256"":""07ae6cab368cd21b7a1ac3e8150fe9a3d39ad5171ce76135ff3cccfe50c3e77e"",""source_sheet"":""中央国家行政机关省级以下直属机构"",""filter_version"":""government_tech_v2"",""tech_filter"":{""is_tech"":true,""is_core_tech"":true,""scope"":""core"",""categories"":[""automation_robotics"",""computer_software"",""cybersecurity_cryptography"",""electronics_communication""],""matched_fields"":[""major"",""description"",""remarks""],""major_terms"":[""信息与通信工程"",""控制科学与工程"",""电子信息"",""电子科学与技术"",""网络空间安全"",""计算机科学与技术"",""软件工程"",""通信工程""],""role_terms"":[""软件""],""reason"":""tech_major_and_role""},""original"":{""部门代码"":""158124"",""部门名称"":""广西出入境边防检查总站"",""用人司局"":""广西出入境边防检查总站"",""机构性质"":""中央国家行政机关省级以下直属机构"",""招考职位"":""桂林出入境边防检查站一级警长及以下（一）"",""职位属性"":""公安机关人民警察职位"",""职位分布"":""西部地区和艰苦边远地区职位"",""职位简介"":""属于公安机关人民警察，主要从事移民管理有关软件系统设计、研发、运维和出入境边防检查等工作。实行轮流倒班工作制度，法定休息日及节假日不能保证正常休息休假。"",""职位代码"":""300130001007"",""机构层级"":""市（地）级"",""考试类别"":""行政执法类"",""招考人数"":""1"",""专业"":""0701数学、0775计算机科学与技术、0808电气工程、0809电子科学与技术、0810信息与通信工程、0811控制科学与工程、0812计算机科学与技术、0835软件工程、0839网络空间安全、0854电子信息"",""学历"":""硕士研究生及以上"",""学位"":""与最高学历相对应的学位"",""政治面貌"":""中共党员或共青团员"",""基层工作最低年限"":""二年"",""服务基层项目工作经历"":""无限制"",""是否在面试阶段组织专业能力测试"":""是"",""面试人员比例"":""3:1"",""工作地点"":""广西壮族自治区桂林市"",""落户地点"":""广西壮族自治区桂林市"",""备注"":""1．具有2年及以上软件项目设计、研发工作经历（需在备注栏注明），能熟练运用所学专业开展工作。\n2．大学英语等级考试四级425分以上。\n3．专业能力测试为上机实操测试，占综合成绩的比重为15%。\n4．仅限男性报考。\n5．按《公务员录用体检特殊标准（试行）》进行体检，对《公务员录用体检特殊标准（试行）》未作规定的项目，按《公务员录用体检通用标准（试行）》执行，视力标准可询招录单位。\n6．按《公安机关录用人民警察体能测评项目和标准》进行体能测评。\n7．按《公安机关录用人民警察政治考察工作办法》开展考察。具有《公安机关录用人民警察政治考察工作办法》第八条、第九条情形的，不得报考；父母、配偶或子女已移居国（境）外的，不得报考；非公派原因，曾六个月以上在国（境）外留学、工作、生活的，不得报考。\n8．工资待遇按人民警察标准执行，享受加班补贴和值勤岗位津贴。有固定的探亲假和休假安排。提供集体宿舍。\n9．请考生及时关注“移民管理警察招考小助手”微信小程序发布的报考信息。"",""部门网站"":""https://rczk.nia.gov.cn"",""咨询电话1"":""0771-5728224"",""咨询电话2"":"""",""咨询电话3"":"""",""来源Sheet"":""中央国家行政机关省级以下直属机构""}}"
"government_jobs","国家公务员2025招考简章","公务员/事业单位技术岗位","广西壮族自治区桂林市","2026-07-28T09:12:58.310295+00:00","桂林出入境边防检查站一级警长及以下（二）","广西出入境边防检查总站","","广西壮族自治区桂林市","公务员/事业单位;2025;automation_robotics;computer_software;cybersecurity_cryptography;electronics_communication;硕士研究生及以上;与最高学历相对应的学位;0701数学、0775计算机科学与技术、0808电气工程、0809电子科学与技术、0810信息与通信工程、0811控制科学与工程、0812计算机科学与技术、0835软件工程、0839网络空间安全、0854电子信息;行政执法类","用人司局：广西出入境边防检查总站
职位简介：属于公安机关人民警察，主要从事网络、信息安全管理和出入境边防检查等工作。实行轮流倒班工作制度，法定休息日及节假日不能保证正常休息休假。
专业要求：0701数学、0775计算机科学与技术、0808电气工程、0809电子科学与技术、0810信息与通信工程、0811控制科学与工程、0812计算机科学与技术、0835软件工程、0839网络空间安全、0854电子信息
学历要求：硕士研究生及以上
学位要求：与最高学历相对应的学位
政治面貌：中共党员或共青团员
基层工作经历：二年
考试类别：行政执法类
备注：1．具有2年及以上网络和信息安全工作经历（需在备注栏注明），能熟练运用所学专业开展工作。
2．大学英语等级考试四级425分以上。
3．专业能力测试为上机实操测试，占综合成绩的比重为15%。
4．仅限男性报考。
5．按《公务员录用体检特殊标准（试行）》进行体检，对《公务员录用体检特殊标准（试行）》未作规定的项目，按《公务员录用体检通用标准（试行）》执行，视力标准可询招录单位。
6．按《公安机关录用人民警察体能测评项目和标准》进行体能测评。
7．按《公安机关录用人民警察政治考察工作办法》开展考察。具有《公安机关录用人民警察政治考察工作办法》第八条、第九条情形的，不得报考；父母、配偶或子女已移居国（境）外的，不得报考；非公派原因，曾六个月以上在国（境）外留学、工作、生活的，不得报考。
8．工资待遇按人民警察标准执行，享受加班补贴和值勤岗位津贴。有固定的探亲假和休假安排。提供集体宿舍。
9．请考生及时关注“移民管理警察招考小助手”微信小程序发布的报考信息。","https://www.xjhc.gov.cn/xjhc/c116834/202410/a29382e11a674da3be3353af65f9fcc5.shtml#158124-300130001008","2024-10-14","{""dataset_year"":2025,""job_uid"":""GOV-2025-158124-300130001008"",""publisher"":""国家公务员局"",""publication_page"":""https://www.xjhc.gov.cn/xjhc/c116834/202410/a29382e11a674da3be3353af65f9fcc5.shtml"",""attachment_url"":""https://www.xjhc.gov.cn/xjhc/c116834/202410/a29382e11a674da3be3353af65f9fcc5/files/0536cef86e2b46ddad6aae5a3780089e.xls"",""local_source_file"":""2025_guokao_zhaokaojianzhang.xls"",""local_source_sha256"":""07ae6cab368cd21b7a1ac3e8150fe9a3d39ad5171ce76135ff3cccfe50c3e77e"",""source_sheet"":""中央国家行政机关省级以下直属机构"",""filter_version"":""government_tech_v2"",""tech_filter"":{""is_tech"":true,""is_core_tech"":true,""scope"":""core"",""categories"":[""automation_robotics"",""computer_software"",""cybersecurity_cryptography"",""electronics_communication""],""matched_fields"":[""major"",""description"",""remarks""],""major_terms"":[""信息与通信工程"",""控制科学与工程"",""电子信息"",""电子科学与技术"",""网络空间安全"",""计算机科学与技术"",""软件工程"",""通信工程""],""role_terms"":[""信息安全""],""reason"":""tech_major_and_role""},""original"":{""部门代码"":""158124"",""部门名称"":""广西出入境边防检查总站"",""用人司局"":""广西出入境边防检查总站"",""机构性质"":""中央国家行政机关省级以下直属机构"",""招考职位"":""桂林出入境边防检查站一级警长及以下（二）"",""职位属性"":""公安机关人民警察职位"",""职位分布"":""西部地区和艰苦边远地区职位"",""职位简介"":""属于公安机关人民警察，主要从事网络、信息安全管理和出入境边防检查等工作。实行轮流倒班工作制度，法定休息日及节假日不能保证正常休息休假。"",""职位代码"":""300130001008"",""机构层级"":""市（地）级"",""考试类别"":""行政执法类"",""招考人数"":""1"",""专业"":""0701数学、0775计算机科学与技术、0808电气工程、0809电子科学与技术、0810信息与通信工程、0811控制科学与工程、0812计算机科学与技术、0835软件工程、0839网络空间安全、0854电子信息"",""学历"":""硕士研究生及以上"",""学位"":""与最高学历相对应的学位"",""政治面貌"":""中共党员或共青团员"",""基层工作最低年限"":""二年"",""服务基层项目工作经历"":""无限制"",""是否在面试阶段组织专业能力测试"":""是"",""面试人员比例"":""3:1"",""工作地点"":""广西壮族自治区桂林市"",""落户地点"":""广西壮族自治区桂林市"",""备注"":""1．具有2年及以上网络和信息安全工作经历（需在备注栏注明），能熟练运用所学专业开展工作。\n2．大学英语等级考试四级425分以上。\n3．专业能力测试为上机实操测试，占综合成绩的比重为15%。\n4．仅限男性报考。\n5．按《公务员录用体检特殊标准（试行）》进行体检，对《公务员录用体检特殊标准（试行）》未作规定的项目，按《公务员录用体检通用标准（试行）》执行，视力标准可询招录单位。\n6．按《公安机关录用人民警察体能测评项目和标准》进行体能测评。\n7．按《公安机关录用人民警察政治考察工作办法》开展考察。具有《公安机关录用人民警察政治考察工作办法》第八条、第九条情形的，不得报考；父母、配偶或子女已移居国（境）外的，不得报考；非公派原因，曾六个月以上在国（境）外留学、工作、生活的，不得报考。\n8．工资待遇按人民警察标准执行，享受加班补贴和值勤岗位津贴。有固定的探亲假和休假安排。提供集体宿舍。\n9．请考生及时关注“移民管理警察招考小助手”微信小程序发布的报考信息。"",""部门网站"":""https://rczk.nia.gov.cn"",""咨询电话1"":""0771-5728224"",""咨询电话2"":"""",""咨询电话3"":"""",""来源Sheet"":""中央国家行政机关省级以下直属机构""}}"
"government_jobs","国家公务员2025招考简章","公务员/事业单位技术岗位","广西壮族自治区桂林市","2026-07-28T09:12:58.310295+00:00","桂林出入境边防检查站一级警长及以下（三）","广西出入境边防检查总站","","广西壮族自治区桂林市","公务员/事业单位;2025;automation_robotics;computer_software;cybersecurity_cryptography;data_ai;electronics_communication;硕士研究生及以上;与最高学历相对应的学位;0701数学、0775计算机科学与技术、0808电气工程、0809电子科学与技术、0810信息与通信工程、0811控制科学与工程、0812计算机科学与技术、0835软件工程、0839网络空间安全、0854电子信息;行政执法类","用人司局：广西出入境边防检查总站
职位简介：属于公安机关人民警察，主要从事出入境有关软件系统开发运维、信息化建设、数据处理、大数据分析核查和出入境边防检查等工作。实行轮流倒班工作制度，法定休息日及节假日不能保证正常休息休假。
专业要求：0701数学、0775计算机科学与技术、0808电气工程、0809电子科学与技术、0810信息与通信工程、0811控制科学与工程、0812计算机科学与技术、0835软件工程、0839网络空间安全、0854电子信息
学历要求：硕士研究生及以上
学位要求：与最高学历相对应的学位
政治面貌：中共党员或共青团员
基层工作经历：无限制
考试类别：行政执法类
备注：1．限应届高校毕业生报考（高等学历教育各阶段均需取得相应学历和学位）。
2．具有丰富的专业应用实践经历（需在备注栏注明），能熟练运用所学专业开展工作。
3．大学英语等级考试四级425分以上。
4．专业能力测试为上机实操测试，占综合成绩的比重为15%。
5．仅限男性报考。
6．按《公务员录用体检特殊标准（试行）》进行体检，对《公务员录用体检特殊标准（试行）》未作规定的项目，按《公务员录用体检通用标准（试行）》执行，视力标准可询招录单位。
7．按《公安机关录用人民警察体能测评项目和标准》进行体能测评。
8．按《公安机关录用人民警察政治考察工作办法》开展考察。具有《公安机关录用人民警察政治考察工作办法》第八条、第九条情形的，不得报考；父母、配偶或子女已移居国（境）外的，不得报考；非公派原因，曾六个月以上在国（境）外留学、工作、生活的，不得报考。
9．工资待遇按人民警察标准执行，享受加班补贴和值勤岗位津贴。有固定的探亲假和休假安排。提供集体宿舍。
10．请考生及时关注“移民管理警察招考小助手”微信小程序发布的报考信息。","https://www.xjhc.gov.cn/xjhc/c116834/202410/a29382e11a674da3be3353af65f9fcc5.shtml#158124-300130001009","2024-10-14","{""dataset_year"":2025,""job_uid"":""GOV-2025-158124-300130001009"",""publisher"":""国家公务员局"",""publication_page"":""https://www.xjhc.gov.cn/xjhc/c116834/202410/a29382e11a674da3be3353af65f9fcc5.shtml"",""attachment_url"":""https://www.xjhc.gov.cn/xjhc/c116834/202410/a29382e11a674da3be3353af65f9fcc5/files/0536cef86e2b46ddad6aae5a3780089e.xls"",""local_source_file"":""2025_guokao_zhaokaojianzhang.xls"",""local_source_sha256"":""07ae6cab368cd21b7a1ac3e8150fe9a3d39ad5171ce76135ff3cccfe50c3e77e"",""source_sheet"":""中央国家行政机关省级以下直属机构"",""filter_version"":""government_tech_v2"",""tech_filter"":{""is_tech"":true,""is_core_tech"":true,""scope"":""core"",""categories"":[""automation_robotics"",""computer_software"",""cybersecurity_cryptography"",""data_ai"",""electronics_communication""],""matched_fields"":[""major"",""description""],""major_terms"":[""信息与通信工程"",""控制科学与工程"",""电子信息"",""电子科学与技术"",""网络空间安全"",""计算机科学与技术"",""软件工程"",""通信工程""],""role_terms"":[""信息化"",""大数据"",""数据分析"",""数据处理"",""系统开发"",""软件""],""reason"":""tech_major_and_role""},""original"":{""部门代码"":""158124"",""部门名称"":""广西出入境边防检查总站"",""用人司局"":""广西出入境边防检查总站"",""机构性质"":""中央国家行政机关省级以下直属机构"",""招考职位"":""桂林出入境边防检查站一级警长及以下（三）"",""职位属性"":""公安机关人民警察职位"",""职位分布"":""西部地区和艰苦边远地区职位"",""职位简介"":""属于公安机关人民警察，主要从事出入境有关软件系统开发运维、信息化建设、数据处理、大数据分析核查和出入境边防检查等工作。实行轮流倒班工作制度，法定休息日及节假日不能保证正常休息休假。"",""职位代码"":""300130001009"",""机构层级"":""市（地）级"",""考试类别"":""行政执法类"",""招考人数"":""4"",""专业"":""0701数学、0775计算机科学与技术、0808电气工程、0809电子科学与技术、0810信息与通信工程、0811控制科学与工程、0812计算机科学与技术、0835软件工程、0839网络空间安全、0854电子信息"",""学历"":""硕士研究生及以上"",""学位"":""与最高学历相对应的学位"",""政治面貌"":""中共党员或共青团员"",""基层工作最低年限"":""无限制"",""服务基层项目工作经历"":""无限制"",""是否在面试阶段组织专业能力测试"":""是"",""面试人员比例"":""3:1"",""工作地点"":""广西壮族自治区桂林市"",""落户地点"":""广西壮族自治区桂林市"",""备注"":""1．限应届高校毕业生报考（高等学历教育各阶段均需取得相应学历和学位）。\n2．具有丰富的专业应用实践经历（需在备注栏注明），能熟练运用所学专业开展工作。\n3．大学英语等级考试四级425分以上。\n4．专业能力测试为上机实操测试，占综合成绩的比重为15%。\n5．仅限男性报考。\n6．按《公务员录用体检特殊标准（试行）》进行体检，对《公务员录用体检特殊标准（试行）》未作规定的项目，按《公务员录用体检通用标准（试行）》执行，视力标准可询招录单位。\n7．按《公安机关录用人民警察体能测评项目和标准》进行体能测评。\n8．按《公安机关录用人民警察政治考察工作办法》开展考察。具有《公安机关录用人民警察政治考察工作办法》第八条、第九条情形的，不得报考；父母、配偶或子女已移居国（境）外的，不得报考；非公派原因，曾六个月以上在国（境）外留学、工作、生活的，不得报考。\n9．工资待遇按人民警察标准执行，享受加班补贴和值勤岗位津贴。有固定的探亲假和休假安排。提供集体宿舍。\n10．请考生及时关注“移民管理警察招考小助手”微信小程序发布的报考信息。"",""部门网站"":""https://rczk.nia.gov.cn"",""咨询电话1"":""0771-5728224"",""咨询电话2"":"""",""咨询电话3"":"""",""来源Sheet"":""中央国家行政机关省级以下直属机构""}}"
"government_jobs","国家公务员2025招考简章","公务员/事业单位技术岗位","广西壮族自治区崇左市","2026-07-28T09:12:58.310295+00:00","友谊关出入境边防检查站警务技术一级主管及以下（一）","广西出入境边防检查总站","","广西壮族自治区崇左市","公务员/事业单位;2025;automation_robotics;computer_software;cybersecurity_cryptography;data_ai;electronics_communication;硕士研究生及以上;与最高学历相对应的学位;0701数学、0775计算机科学与技术、0808电气工程、0809电子科学与技术、0810信息与通信工程、0811控制科学与工程、0812计算机科学与技术、0835软件工程、0839网络空间安全、0854电子信息;市（地）级及以下直属机构综合管理类","用人司局：广西出入境边防检查总站
职位简介：属于公安机关人民警察，主要从事出入境有关软件系统开发运维、信息化建设、数据处理、大数据分析核查和出入境边防检查等工作。实行轮流倒班工作制度，法定休息日及节假日不能保证正常休息休假。
专业要求：0701数学、0775计算机科学与技术、0808电气工程、0809电子科学与技术、0810信息与通信工程、0811控制科学与工程、0812计算机科学与技术、0835软件工程、0839网络空间安全、0854电子信息
学历要求：硕士研究生及以上
学位要求：与最高学历相对应的学位
政治面貌：中共党员或共青团员
基层工作经历：无限制
考试类别：市（地）级及以下直属机构综合管理类
备注：1．限应届高校毕业生报考（高等学历教育各阶段均需取得相应学历和学位）。
2．具有丰富的专业应用实践经历（需在备注栏注明），能熟练运用所学专业开展工作。
3．大学英语等级考试四级425分以上。
4．专业能力测试为上机实操测试，占综合成绩的比重为15%。
5．仅限男性报考。
6．按《公务员录用体检特殊标准（试行）》进行体检，对《公务员录用体检特殊标准（试行）》未作规定的项目，按《公务员录用体检通用标准（试行）》执行，视力标准可询招录单位。
7．按《公安机关录用人民警察体能测评项目和标准》进行体能测评。
8．按《公安机关录用人民警察政治考察工作办法》开展考察。具有《公安机关录用人民警察政治考察工作办法》第八条、第九条情形的，不得报考；父母、配偶或子女已移居国（境）外的，不得报考；非公派原因，曾六个月以上在国（境）外留学、工作、生活的，不得报考。
9．工资待遇按人民警察标准执行，享受加班补贴、值勤岗位津贴和艰苦边远地区补助。有固定的探亲假和休假安排。提供集体宿舍。
10．请考生及时关注“移民管理警察招考小助手”微信小程序发布的报考信息。","https://www.xjhc.gov.cn/xjhc/c116834/202410/a29382e11a674da3be3353af65f9fcc5.shtml#158124-300130001016","2024-10-14","{""dataset_year"":2025,""job_uid"":""GOV-2025-158124-300130001016"",""publisher"":""国家公务员局"",""publication_page"":""https://www.xjhc.gov.cn/xjhc/c116834/202410/a29382e11a674da3be3353af65f9fcc5.shtml"",""attachment_url"":""https://www.xjhc.gov.cn/xjhc/c116834/202410/a29382e11a674da3be3353af65f9fcc5/files/0536cef86e2b46ddad6aae5a3780089e.xls"",""local_source_file"":""2025_guokao_zhaokaojianzhang.xls"",""local_source_sha256"":""07ae6cab368cd21b7a1ac3e8150fe9a3d39ad5171ce76135ff3cccfe50c3e77e"",""source_sheet"":""中央国家行政机关省级以下直属机构"",""filter_version"":""government_tech_v2"",""tech_filter"":{""is_tech"":true,""is_core_tech"":true,""scope"":""core"",""categories"":[""automation_robotics"",""computer_software"",""cybersecurity_cryptography"",""data_ai"",""electronics_communication""],""matched_fields"":[""major"",""description""],""major_terms"":[""信息与通信工程"",""控制科学与工程"",""电子信息"",""电子科学与技术"",""网络空间安全"",""计算机科学与技术"",""软件工程"",""通信工程""],""role_terms"":[""信息化"",""大数据"",""数据分析"",""数据处理"",""系统开发"",""软件""],""reason"":""tech_major_and_role""},""original"":{""部门代码"":""158124"",""部门名称"":""广西出入境边防检查总站"",""用人司局"":""广西出入境边防检查总站"",""机构性质"":""中央国家行政机关省级以下直属机构"",""招考职位"":""友谊关出入境边防检查站警务技术一级主管及以下（一）"",""职位属性"":""公安机关人民警察职位"",""职位分布"":""西部地区和艰苦边远地区职位"",""职位简介"":""属于公安机关人民警察，主要从事出入境有关软件系统开发运维、信息化建设、数据处理、大数据分析核查和出入境边防检查等工作。实行轮流倒班工作制度，法定休息日及节假日不能保证正常休息休假。"",""职位代码"":""300130001016"",""机构层级"":""市（地）级"",""考试类别"":""市（地）级及以下直属机构综合管理类"",""招考人数"":""3"",""专业"":""0701数学、0775计算机科学与技术、0808电气工程、0809电子科学与技术、0810信息与通信工程、0811控制科学与工程、0812计算机科学与技术、0835软件工程、0839网络空间安全、0854电子信息"",""学历"":""硕士研究生及以上"",""学位"":""与最高学历相对应的学位"",""政治面貌"":""中共党员或共青团员"",""基层工作最低年限"":""无限制"",""服务基层项目工作经历"":""无限制"",""是否在面试阶段组织专业能力测试"":""是"",""面试人员比例"":""3:1"",""工作地点"":""广西壮族自治区崇左市"",""落户地点"":""广西壮族自治区崇左市"",""备注"":""1．限应届高校毕业生报考（高等学历教育各阶段均需取得相应学历和学位）。\n2．具有丰富的专业应用实践经历（需在备注栏注明），能熟练运用所学专业开展工作。\n3．大学英语等级考试四级425分以上。\n4．专业能力测试为上机实操测试，占综合成绩的比重为15%。\n5．仅限男性报考。\n6．按《公务员录用体检特殊标准（试行）》进行体检，对《公务员录用体检特殊标准（试行）》未作规定的项目，按《公务员录用体检通用标准（试行）》执行，视力标准可询招录单位。\n7．按《公安机关录用人民警察体能测评项目和标准》进行体能测评。\n8．按《公安机关录用人民警察政治考察工作办法》开展考察。具有《公安机关录用人民警察政治考察工作办法》第八条、第九条情形的，不得报考；父母、配偶或子女已移居国（境）外的，不得报考；非公派原因，曾六个月以上在国（境）外留学、工作、生活的，不得报考。\n9．工资待遇按人民警察标准执行，享受加班补贴、值勤岗位津贴和艰苦边远地区补助。有固定的探亲假和休假安排。提供集体宿舍。\n10．请考生及时关注“移民管理警察招考小助手”微信小程序发布的报考信息。"",""部门网站"":""https://rczk.nia.gov.cn"",""咨询电话1"":""0771-5728224"",""咨询电话2"":"""",""咨询电话3"":"""",""来源Sheet"":""中央国家行政机关省级以下直属机构""}}"
"government_jobs","国家公务员2025招考简章","公务员/事业单位技术岗位","广西壮族自治区防城港市","2026-07-28T09:12:58.310295+00:00","东兴出入境边防检查站警务技术一级主管及以下（一）","广西出入境边防检查总站","","广西壮族自治区防城港市","公务员/事业单位;2025;automation_robotics;computer_software;cybersecurity_cryptography;data_ai;electronics_communication;硕士研究生及以上;与最高学历相对应的学位;0701数学、0775计算机科学与技术、0808电气工程、0809电子科学与技术、0810信息与通信工程、0811控制科学与工程、0812计算机科学与技术、0835软件工程、0839网络空间安全、0854电子信息;市（地）级及以下直属机构综合管理类","用人司局：广西出入境边防检查总站
职位简介：属于公安机关人民警察，主要从事出入境有关软件系统开发运维、信息化建设、数据处理、大数据分析核查和出入境边防检查等工作。实行轮流倒班工作制度，法定休息日及节假日不能保证正常休息休假。
专业要求：0701数学、0775计算机科学与技术、0808电气工程、0809电子科学与技术、0810信息与通信工程、0811控制科学与工程、0812计算机科学与技术、0835软件工程、0839网络空间安全、0854电子信息
学历要求：硕士研究生及以上
学位要求：与最高学历相对应的学位
政治面貌：中共党员或共青团员
基层工作经历：无限制
考试类别：市（地）级及以下直属机构综合管理类
备注：1．限应届高校毕业生报考（高等学历教育各阶段均需取得相应学历和学位）。
2．具有丰富的专业应用实践经历（需在备注栏注明），能熟练运用所学专业开展工作。
3．大学英语等级考试四级425分以上。
4．专业能力测试为上机实操测试，占综合成绩的比重为15%。
5．仅限男性报考。
6．按《公务员录用体检特殊标准（试行）》进行体检，对《公务员录用体检特殊标准（试行）》未作规定的项目，按《公务员录用体检通用标准（试行）》执行，视力标准可询招录单位。
7．按《公安机关录用人民警察体能测评项目和标准》进行体能测评。
8．按《公安机关录用人民警察政治考察工作办法》开展考察。具有《公安机关录用人民警察政治考察工作办法》第八条、第九条情形的，不得报考；父母、配偶或子女已移居国（境）外的，不得报考；非公派原因，曾六个月以上在国（境）外留学、工作、生活的，不得报考。
9．工资待遇按人民警察标准执行，享受加班补贴、值勤岗位津贴和艰苦边远地区补助。有固定的探亲假和休假安排。提供集体宿舍。
10．请考生及时关注“移民管理警察招考小助手”微信小程序发布的报考信息。","https://www.xjhc.gov.cn/xjhc/c116834/202410/a29382e11a674da3be3353af65f9fcc5.shtml#158124-300130001020","2024-10-14","{""dataset_year"":2025,""job_uid"":""GOV-2025-158124-300130001020"",""publisher"":""国家公务员局"",""publication_page"":""https://www.xjhc.gov.cn/xjhc/c116834/202410/a29382e11a674da3be3353af65f9fcc5.shtml"",""attachment_url"":""https://www.xjhc.gov.cn/xjhc/c116834/202410/a29382e11a674da3be3353af65f9fcc5/files/0536cef86e2b46ddad6aae5a3780089e.xls"",""local_source_file"":""2025_guokao_zhaokaojianzhang.xls"",""local_source_sha256"":""07ae6cab368cd21b7a1ac3e8150fe9a3d39ad5171ce76135ff3cccfe50c3e77e"",""source_sheet"":""中央国家行政机关省级以下直属机构"",""filter_version"":""government_tech_v2"",""tech_filter"":{""is_tech"":true,""is_core_tech"":true,""scope"":""core"",""categories"":[""automation_robotics"",""computer_software"",""cybersecurity_cryptography"",""data_ai"",""electronics_communication""],""matched_fields"":[""major"",""description""],""major_terms"":[""信息与通信工程"",""控制科学与工程"",""电子信息"",""电子科学与技术"",""网络空间安全"",""计算机科学与技术"",""软件工程"",""通信工程""],""role_terms"":[""信息化"",""大数据"",""数据分析"",""数据处理"",""系统开发"",""软件""],""reason"":""tech_major_and_role""},""original"":{""部门代码"":""158124"",""部门名称"":""广西出入境边防检查总站"",""用人司局"":""广西出入境边防检查总站"",""机构性质"":""中央国家行政机关省级以下直属机构"",""招考职位"":""东兴出入境边防检查站警务技术一级主管及以下（一）"",""职位属性"":""公安机关人民警察职位"",""职位分布"":""西部地区和艰苦边远地区职位"",""职位简介"":""属于公安机关人民警察，主要从事出入境有关软件系统开发运维、信息化建设、数据处理、大数据分析核查和出入境边防检查等工作。实行轮流倒班工作制度，法定休息日及节假日不能保证正常休息休假。"",""职位代码"":""300130001020"",""机构层级"":""市（地）级"",""考试类别"":""市（地）级及以下直属机构综合管理类"",""招考人数"":""2"",""专业"":""0701数学、0775计算机科学与技术、0808电气工程、0809电子科学与技术、0810信息与通信工程、0811控制科学与工程、0812计算机科学与技术、0835软件工程、0839网络空间安全、0854电子信息"",""学历"":""硕士研究生及以上"",""学位"":""与最高学历相对应的学位"",""政治面貌"":""中共党员或共青团员"",""基层工作最低年限"":""无限制"",""服务基层项目工作经历"":""无限制"",""是否在面试阶段组织专业能力测试"":""是"",""面试人员比例"":""3:1"",""工作地点"":""广西壮族自治区防城港市"",""落户地点"":""广西壮族自治区防城港市"",""备注"":""1．限应届高校毕业生报考（高等学历教育各阶段均需取得相应学历和学位）。\n2．具有丰富的专业应用实践经历（需在备注栏注明），能熟练运用所学专业开展工作。\n3．大学英语等级考试四级425分以上。\n4．专业能力测试为上机实操测试，占综合成绩的比重为15%。\n5．仅限男性报考。\n6．按《公务员录用体检特殊标准（试行）》进行体检，对《公务员录用体检特殊标准（试行）》未作规定的项目，按《公务员录用体检通用标准（试行）》执行，视力标准可询招录单位。\n7．按《公安机关录用人民警察体能测评项目和标准》进行体能测评。\n8．按《公安机关录用人民警察政治考察工作办法》开展考察。具有《公安机关录用人民警察政治考察工作办法》第八条、第九条情形的，不得报考；父母、配偶或子女已移居国（境）外的，不得报考；非公派原因，曾六个月以上在国（境）外留学、工作、生活的，不得报考。\n9．工资待遇按人民警察标准执行，享受加班补贴、值勤岗位津贴和艰苦边远地区补助。有固定的探亲假和休假安排。提供集体宿舍。\n10．请考生及时关注“移民管理警察招考小助手”微信小程序发布的报考信息。"",""部门网站"":""https://rczk.nia.gov.cn"",""咨询电话1"":""0771-5728224"",""咨询电话2"":"""",""咨询电话3"":"""",""来源Sheet"":""中央国家行政机关省级以下直属机构""}}"
"government_jobs","国家公务员2025招考简章","公务员/事业单位技术岗位","广西壮族自治区崇左市","2026-07-28T09:12:58.310295+00:00","水口关出入境边防检查站一级警长及以下（一）","广西出入境边防检查总站","","广西壮族自治区崇左市","公务员/事业单位;2025;automation_robotics;computer_software;cybersecurity_cryptography;data_ai;electronics_communication;硕士研究生及以上;与最高学历相对应的学位;0701数学、0775计算机科学与技术、0808电气工程、0809电子科学与技术、0810信息与通信工程、0811控制科学与工程、0812计算机科学与技术、0835软件工程、0839网络空间安全、0854电子信息;行政执法类","用人司局：广西出入境边防检查总站
职位简介：属于公安机关人民警察，主要从事出入境有关软件系统开发运维、信息化建设、数据处理、大数据分析核查和出入境边防检查等工作。实行轮流倒班工作制度，法定休息日及节假日不能保证正常休息休假。
专业要求：0701数学、0775计算机科学与技术、0808电气工程、0809电子科学与技术、0810信息与通信工程、0811控制科学与工程、0812计算机科学与技术、0835软件工程、0839网络空间安全、0854电子信息
学历要求：硕士研究生及以上
学位要求：与最高学历相对应的学位
政治面貌：中共党员或共青团员
基层工作经历：无限制
考试类别：行政执法类
备注：1．限应届高校毕业生报考（高等学历教育各阶段均需取得相应学历和学位）。
2．具有丰富的专业应用实践经历（需在备注栏注明），能熟练运用所学专业开展工作。
3．大学英语等级考试四级425分以上。
4．专业能力测试为上机实操测试，占综合成绩的比重为15%。
5．仅限男性报考。
6．按《公务员录用体检特殊标准（试行）》进行体检，对《公务员录用体检特殊标准（试行）》未作规定的项目，按《公务员录用体检通用标准（试行）》执行，视力标准可询招录单位。
7．按《公安机关录用人民警察体能测评项目和标准》进行体能测评。
8．按《公安机关录用人民警察政治考察工作办法》开展考察。具有《公安机关录用人民警察政治考察工作办法》第八条、第九条情形的，不得报考；父母、配偶或子女已移居国（境）外的，不得报考；非公派原因，曾六个月以上在国（境）外留学、工作、生活的，不得报考。
9．工资待遇按人民警察标准执行，享受加班补贴、值勤岗位津贴和艰苦边远地区补助。有固定的探亲假和休假安排。提供集体宿舍。
10．请考生及时关注“移民管理警察招考小助手”微信小程序发布的报考信息。","https://www.xjhc.gov.cn/xjhc/c116834/202410/a29382e11a674da3be3353af65f9fcc5.shtml#158124-300130001033","2024-10-14","{""dataset_year"":2025,""job_uid"":""GOV-2025-158124-300130001033"",""publisher"":""国家公务员局"",""publication_page"":""https://www.xjhc.gov.cn/xjhc/c116834/202410/a29382e11a674da3be3353af65f9fcc5.shtml"",""attachment_url"":""https://www.xjhc.gov.cn/xjhc/c116834/202410/a29382e11a674da3be3353af65f9fcc5/files/0536cef86e2b46ddad6aae5a3780089e.xls"",""local_source_file"":""2025_guokao_zhaokaojianzhang.xls"",""local_source_sha256"":""07ae6cab368cd21b7a1ac3e8150fe9a3d39ad5171ce76135ff3cccfe50c3e77e"",""source_sheet"":""中央国家行政机关省级以下直属机构"",""filter_version"":""government_tech_v2"",""tech_filter"":{""is_tech"":true,""is_core_tech"":true,""scope"":""core"",""categories"":[""automation_robotics"",""computer_software"",""cybersecurity_cryptography"",""data_ai"",""electronics_communication""],""matched_fields"":[""major"",""description""],""major_terms"":[""信息与通信工程"",""控制科学与工程"",""电子信息"",""电子科学与技术"",""网络空间安全"",""计算机科学与技术"",""软件工程"",""通信工程""],""role_terms"":[""信息化"",""大数据"",""数据分析"",""数据处理"",""系统开发"",""软件""],""reason"":""tech_major_and_role""},""original"":{""部门代码"":""158124"",""部门名称"":""广西出入境边防检查总站"",""用人司局"":""广西出入境边防检查总站"",""机构性质"":""中央国家行政机关省级以下直属机构"",""招考职位"":""水口关出入境边防检查站一级警长及以下（一）"",""职位属性"":""公安机关人民警察职位"",""职位分布"":""西部地区和艰苦边远地区职位"",""职位简介"":""属于公安机关人民警察，主要从事出入境有关软件系统开发运维、信息化建设、数据处理、大数据分析核查和出入境边防检查等工作。实行轮流倒班工作制度，法定休息日及节假日不能保证正常休息休假。"",""职位代码"":""300130001033"",""机构层级"":""市（地）级"",""考试类别"":""行政执法类"",""招考人数"":""2"",""专业"":""0701数学、0775计算机科学与技术、0808电气工程、0809电子科学与技术、0810信息与通信工程、0811控制科学与工程、0812计算机科学与技术、0835软件工程、0839网络空间安全、0854电子信息"",""学历"":""硕士研究生及以上"",""学位"":""与最高学历相对应的学位"",""政治面貌"":""中共党员或共青团员"",""基层工作最低年限"":""无限制"",""服务基层项目工作经历"":""无限制"",""是否在面试阶段组织专业能力测试"":""是"",""面试人员比例"":""3:1"",""工作地点"":""广西壮族自治区崇左市"",""落户地点"":""广西壮族自治区崇左市"",""备注"":""1．限应届高校毕业生报考（高等学历教育各阶段均需取得相应学历和学位）。\n2．具有丰富的专业应用实践经历（需在备注栏注明），能熟练运用所学专业开展工作。\n3．大学英语等级考试四级425分以上。\n4．专业能力测试为上机实操测试，占综合成绩的比重为15%。\n5．仅限男性报考。\n6．按《公务员录用体检特殊标准（试行）》进行体检，对《公务员录用体检特殊标准（试行）》未作规定的项目，按《公务员录用体检通用标准（试行）》执行，视力标准可询招录单位。\n7．按《公安机关录用人民警察体能测评项目和标准》进行体能测评。\n8．按《公安机关录用人民警察政治考察工作办法》开展考察。具有《公安机关录用人民警察政治考察工作办法》第八条、第九条情形的，不得报考；父母、配偶或子女已移居国（境）外的，不得报考；非公派原因，曾六个月以上在国（境）外留学、工作、生活的，不得报考。\n9．工资待遇按人民警察标准执行，享受加班补贴、值勤岗位津贴和艰苦边远地区补助。有固定的探亲假和休假安排。提供集体宿舍。\n10．请考生及时关注“移民管理警察招考小助手”微信小程序发布的报考信息。"",""部门网站"":""https://rczk.nia.gov.cn"",""咨询电话1"":""0771-5728224"",""咨询电话2"":"""",""咨询电话3"":"""",""来源Sheet"":""中央国家行政机关省级以下直属机构""}}"
"government_jobs","国家公务员2025招考简章","公务员/事业单位技术岗位","广西壮族自治区百色市","2026-07-28T09:12:58.310295+00:00","龙邦出入境边防检查站一级警长及以下（一）","广西出入境边防检查总站","","广西壮族自治区百色市","公务员/事业单位;2025;automation_robotics;computer_software;cybersecurity_cryptography;data_ai;electronics_communication;硕士研究生及以上;与最高学历相对应的学位;0701数学、0775计算机科学与技术、0808电气工程、0809电子科学与技术、0810信息与通信工程、0811控制科学与工程、0812计算机科学与技术、0835软件工程、0839网络空间安全、0854电子信息;行政执法类","用人司局：广西出入境边防检查总站
职位简介：属于公安机关人民警察，主要从事出入境有关软件系统开发运维、信息化建设、数据处理、大数据分析核查和出入境边防检查等工作。实行轮流倒班工作制度，法定休息日及节假日不能保证正常休息休假。
专业要求：0701数学、0775计算机科学与技术、0808电气工程、0809电子科学与技术、0810信息与通信工程、0811控制科学与工程、0812计算机科学与技术、0835软件工程、0839网络空间安全、0854电子信息
学历要求：硕士研究生及以上
学位要求：与最高学历相对应的学位
政治面貌：中共党员或共青团员
基层工作经历：无限制
考试类别：行政执法类
备注：1．限应届高校毕业生报考（高等学历教育各阶段均需取得相应学历和学位）。
2．具有丰富的专业应用实践经历（需在备注栏注明），能熟练运用所学专业开展工作。
3．大学英语等级考试四级425分以上。
4．专业能力测试为上机实操测试，占综合成绩的比重为15%。
5．仅限男性报考。
6．按《公务员录用体检特殊标准（试行）》进行体检，对《公务员录用体检特殊标准（试行）》未作规定的项目，按《公务员录用体检通用标准（试行）》执行，视力标准可询招录单位。
7．按《公安机关录用人民警察体能测评项目和标准》进行体能测评。
8．按《公安机关录用人民警察政治考察工作办法》开展考察。具有《公安机关录用人民警察政治考察工作办法》第八条、第九条情形的，不得报考；父母、配偶或子女已移居国（境）外的，不得报考；非公派原因，曾六个月以上在国（境）外留学、工作、生活的，不得报考。
9．工资待遇按人民警察标准执行，享受加班补贴、值勤岗位津贴和艰苦边远地区补助。有固定的探亲假和休假安排。提供集体宿舍。
10．请考生及时关注“移民管理警察招考小助手”微信小程序发布的报考信息。","https://www.xjhc.gov.cn/xjhc/c116834/202410/a29382e11a674da3be3353af65f9fcc5.shtml#158124-300130001037","2024-10-14","{""dataset_year"":2025,""job_uid"":""GOV-2025-158124-300130001037"",""publisher"":""国家公务员局"",""publication_page"":""https://www.xjhc.gov.cn/xjhc/c116834/202410/a29382e11a674da3be3353af65f9fcc5.shtml"",""attachment_url"":""https://www.xjhc.gov.cn/xjhc/c116834/202410/a29382e11a674da3be3353af65f9fcc5/files/0536cef86e2b46ddad6aae5a3780089e.xls"",""local_source_file"":""2025_guokao_zhaokaojianzhang.xls"",""local_source_sha256"":""07ae6cab368cd21b7a1ac3e8150fe9a3d39ad5171ce76135ff3cccfe50c3e77e"",""source_sheet"":""中央国家行政机关省级以下直属机构"",""filter_version"":""government_tech_v2"",""tech_filter"":{""is_tech"":true,""is_core_tech"":true,""scope"":""core"",""categories"":[""automation_robotics"",""computer_software"",""cybersecurity_cryptography"",""data_ai"",""electronics_communication""],""matched_fields"":[""major"",""description""],""major_terms"":[""信息与通信工程"",""控制科学与工程"",""电子信息"",""电子科学与技术"",""网络空间安全"",""计算机科学与技术"",""软件工程"",""通信工程""],""role_terms"":[""信息化"",""大数据"",""数据分析"",""数据处理"",""系统开发"",""软件""],""reason"":""tech_major_and_role""},""original"":{""部门代码"":""158124"",""部门名称"":""广西出入境边防检查总站"",""用人司局"":""广西出入境边防检查总站"",""机构性质"":""中央国家行政机关省级以下直属机构"",""招考职位"":""龙邦出入境边防检查站一级警长及以下（一）"",""职位属性"":""公安机关人民警察职位"",""职位分布"":""西部地区和艰苦边远地区职位"",""职位简介"":""属于公安机关人民警察，主要从事出入境有关软件系统开发运维、信息化建设、数据处理、大数据分析核查和出入境边防检查等工作。实行轮流倒班工作制度，法定休息日及节假日不能保证正常休息休假。"",""职位代码"":""300130001037"",""机构层级"":""市（地）级"",""考试类别"":""行政执法类"",""招考人数"":""2"",""专业"":""0701数学、0775计算机科学与技术、0808电气工程、0809电子科学与技术、0810信息与通信工程、0811控制科学与工程、0812计算机科学与技术、0835软件工程、0839网络空间安全、0854电子信息"",""学历"":""硕士研究生及以上"",""学位"":""与最高学历相对应的学位"",""政治面貌"":""中共党员或共青团员"",""基层工作最低年限"":""无限制"",""服务基层项目工作经历"":""无限制"",""是否在面试阶段组织专业能力测试"":""是"",""面试人员比例"":""3:1"",""工作地点"":""广西壮族自治区百色市"",""落户地点"":""广西壮族自治区百色市"",""备注"":""1．限应届高校毕业生报考（高等学历教育各阶段均需取得相应学历和学位）。\n2．具有丰富的专业应用实践经历（需在备注栏注明），能熟练运用所学专业开展工作。\n3．大学英语等级考试四级425分以上。\n4．专业能力测试为上机实操测试，占综合成绩的比重为15%。\n5．仅限男性报考。\n6．按《公务员录用体检特殊标准（试行）》进行体检，对《公务员录用体检特殊标准（试行）》未作规定的项目，按《公务员录用体检通用标准（试行）》执行，视力标准可询招录单位。\n7．按《公安机关录用人民警察体能测评项目和标准》进行体能测评。\n8．按《公安机关录用人民警察政治考察工作办法》开展考察。具有《公安机关录用人民警察政治考察工作办法》第八条、第九条情形的，不得报考；父母、配偶或子女已移居国（境）外的，不得报考；非公派原因，曾六个月以上在国（境）外留学、工作、生活的，不得报考。\n9．工资待遇按人民警察标准执行，享受加班补贴、值勤岗位津贴和艰苦边远地区补助。有固定的探亲假和休假安排。提供集体宿舍。\n10．请考生及时关注“移民管理警察招考小助手”微信小程序发布的报考信息。"",""部门网站"":""https://rczk.nia.gov.cn"",""咨询电话1"":""0771-5728224"",""咨询电话2"":"""",""咨询电话3"":"""",""来源Sheet"":""中央国家行政机关省级以下直属机构""}}"
"government_jobs","国家公务员2025招考简章","公务员/事业单位技术岗位","广西壮族自治区崇左市","2026-07-28T09:12:58.310295+00:00","爱店出入境边防检查站警务技术一级主管及以下","广西出入境边防检查总站","","广西壮族自治区崇左市","公务员/事业单位;2025;automation_robotics;computer_software;cybersecurity_cryptography;data_ai;electronics_communication;硕士研究生及以上;与最高学历相对应的学位;0701数学、0775计算机科学与技术、0808电气工程、0809电子科学与技术、0810信息与通信工程、0811控制科学与工程、0812计算机科学与技术、0835软件工程、0839网络空间安全、0854电子信息;市（地）级及以下直属机构综合管理类","用人司局：广西出入境边防检查总站
职位简介：属于公安机关人民警察，主要从事出入境有关软件系统开发运维、信息化建设、数据处理、大数据分析核查和出入境边防检查等工作。实行轮流倒班工作制度，法定休息日及节假日不能保证正常休息休假。
专业要求：0701数学、0775计算机科学与技术、0808电气工程、0809电子科学与技术、0810信息与通信工程、0811控制科学与工程、0812计算机科学与技术、0835软件工程、0839网络空间安全、0854电子信息
学历要求：硕士研究生及以上
学位要求：与最高学历相对应的学位
政治面貌：中共党员或共青团员
基层工作经历：无限制
考试类别：市（地）级及以下直属机构综合管理类
备注：1．限应届高校毕业生报考（高等学历教育各阶段均需取得相应学历和学位）。
2．具有丰富的专业应用实践经历（需在备注栏注明），能熟练运用所学专业开展工作。
3．大学英语等级考试四级425分以上。
4．专业能力测试为上机实操测试，占综合成绩的比重为15%。
5．仅限男性报考。
6．按《公务员录用体检特殊标准（试行）》进行体检，对《公务员录用体检特殊标准（试行）》未作规定的项目，按《公务员录用体检通用标准（试行）》执行，视力标准可询招录单位。
7．按《公安机关录用人民警察体能测评项目和标准》进行体能测评。
8．按《公安机关录用人民警察政治考察工作办法》开展考察。具有《公安机关录用人民警察政治考察工作办法》第八条、第九条情形的，不得报考；父母、配偶或子女已移居国（境）外的，不得报考；非公派原因，曾六个月以上在国（境）外留学、工作、生活的，不得报考。
9．工资待遇按人民警察标准执行，享受加班补贴、值勤岗位津贴和艰苦边远地区补助。有固定的探亲假和休假安排。提供集体宿舍。
10．请考生及时关注“移民管理警察招考小助手”微信小程序发布的报考信息。","https://www.xjhc.gov.cn/xjhc/c116834/202410/a29382e11a674da3be3353af65f9fcc5.shtml#158124-300130001041","2024-10-14","{""dataset_year"":2025,""job_uid"":""GOV-2025-158124-300130001041"",""publisher"":""国家公务员局"",""publication_page"":""https://www.xjhc.gov.cn/xjhc/c116834/202410/a29382e11a674da3be3353af65f9fcc5.shtml"",""attachment_url"":""https://www.xjhc.gov.cn/xjhc/c116834/202410/a29382e11a674da3be3353af65f9fcc5/files/0536cef86e2b46ddad6aae5a3780089e.xls"",""local_source_file"":""2025_guokao_zhaokaojianzhang.xls"",""local_source_sha256"":""07ae6cab368cd21b7a1ac3e8150fe9a3d39ad5171ce76135ff3cccfe50c3e77e"",""source_sheet"":""中央国家行政机关省级以下直属机构"",""filter_version"":""government_tech_v2"",""tech_filter"":{""is_tech"":true,""is_core_tech"":true,""scope"":""core"",""categories"":[""automation_robotics"",""computer_software"",""cybersecurity_cryptography"",""data_ai"",""electronics_communication""],""matched_fields"":[""major"",""description""],""major_terms"":[""信息与通信工程"",""控制科学与工程"",""电子信息"",""电子科学与技术"",""网络空间安全"",""计算机科学与技术"",""软件工程"",""通信工程""],""role_terms"":[""信息化"",""大数据"",""数据分析"",""数据处理"",""系统开发"",""软件""],""reason"":""tech_major_and_role""},""original"":{""部门代码"":""158124"",""部门名称"":""广西出入境边防检查总站"",""用人司局"":""广西出入境边防检查总站"",""机构性质"":""中央国家行政机关省级以下直属机构"",""招考职位"":""爱店出入境边防检查站警务技术一级主管及以下"",""职位属性"":""公安机关人民警察职位"",""职位分布"":""西部地区和艰苦边远地区职位"",""职位简介"":""属于公安机关人民警察，主要从事出入境有关软件系统开发运维、信息化建设、数据处理、大数据分析核查和出入境边防检查等工作。实行轮流倒班工作制度，法定休息日及节假日不能保证正常休息休假。"",""职位代码"":""300130001041"",""机构层级"":""市（地）级"",""考试类别"":""市（地）级及以下直属机构综合管理类"",""招考人数"":""3"",""专业"":""0701数学、0775计算机科学与技术、0808电气工程、0809电子科学与技术、0810信息与通信工程、0811控制科学与工程、0812计算机科学与技术、0835软件工程、0839网络空间安全、0854电子信息"",""学历"":""硕士研究生及以上"",""学位"":""与最高学历相对应的学位"",""政治面貌"":""中共党员或共青团员"",""基层工作最低年限"":""无限制"",""服务基层项目工作经历"":""无限制"",""是否在面试阶段组织专业能力测试"":""是"",""面试人员比例"":""3:1"",""工作地点"":""广西壮族自治区崇左市"",""落户地点"":""广西壮族自治区崇左市"",""备注"":""1．限应届高校毕业生报考（高等学历教育各阶段均需取得相应学历和学位）。\n2．具有丰富的专业应用实践经历（需在备注栏注明），能熟练运用所学专业开展工作。\n3．大学英语等级考试四级425分以上。\n4．专业能力测试为上机实操测试，占综合成绩的比重为15%。\n5．仅限男性报考。\n6．按《公务员录用体检特殊标准（试行）》进行体检，对《公务员录用体检特殊标准（试行）》未作规定的项目，按《公务员录用体检通用标准（试行）》执行，视力标准可询招录单位。\n7．按《公安机关录用人民警察体能测评项目和标准》进行体能测评。\n8．按《公安机关录用人民警察政治考察工作办法》开展考察。具有《公安机关录用人民警察政治考察工作办法》第八条、第九条情形的，不得报考；父母、配偶或子女已移居国（境）外的，不得报考；非公派原因，曾六个月以上在国（境）外留学、工作、生活的，不得报考。\n9．工资待遇按人民警察标准执行，享受加班补贴、值勤岗位津贴和艰苦边远地区补助。有固定的探亲假和休假安排。提供集体宿舍。\n10．请考生及时关注“移民管理警察招考小助手”微信小程序发布的报考信息。"",""部门网站"":""https://rczk.nia.gov.cn"",""咨询电话1"":""0771-5728224"",""咨询电话2"":"""",""咨询电话3"":"""",""来源Sheet"":""中央国家行政机关省级以下直属机构""}}"
"government_jobs","国家公务员2025招考简章","公务员/事业单位技术岗位","广西壮族自治区崇左市","2026-07-28T09:12:58.310295+00:00","硕龙出入境边防检查站一级警长及以下（一）","广西出入境边防检查总站","","广西壮族自治区崇左市","公务员/事业单位;2025;automation_robotics;computer_software;cybersecurity_cryptography;data_ai;electronics_communication;硕士研究生及以上;与最高学历相对应的学位;0701数学、0775计算机科学与技术、0808电气工程、0809电子科学与技术、0810信息与通信工程、0811控制科学与工程、0812计算机科学与技术、0835软件工程、0839网络空间安全、0854电子信息;行政执法类","用人司局：广西出入境边防检查总站
职位简介：属于公安机关人民警察，主要从事出入境有关软件系统开发运维、信息化建设、数据处理、大数据分析核查和出入境边防检查等工作。实行轮流倒班工作制度，法定休息日及节假日不能保证正常休息休假。
专业要求：0701数学、0775计算机科学与技术、0808电气工程、0809电子科学与技术、0810信息与通信工程、0811控制科学与工程、0812计算机科学与技术、0835软件工程、0839网络空间安全、0854电子信息
学历要求：硕士研究生及以上
学位要求：与最高学历相对应的学位
政治面貌：中共党员或共青团员
基层工作经历：无限制
考试类别：行政执法类
备注：1．限应届高校毕业生报考（高等学历教育各阶段均需取得相应学历和学位）。
2．具有丰富的专业应用实践经历（需在备注栏注明），能熟练运用所学专业开展工作。
3．大学英语等级考试四级425分以上。
4．专业能力测试为上机实操测试，占综合成绩的比重为15%。
5．仅限男性报考。
6．按《公务员录用体检特殊标准（试行）》进行体检，对《公务员录用体检特殊标准（试行）》未作规定的项目，按《公务员录用体检通用标准（试行）》执行，视力标准可询招录单位。
7．按《公安机关录用人民警察体能测评项目和标准》进行体能测评。
8．按《公安机关录用人民警察政治考察工作办法》开展考察。具有《公安机关录用人民警察政治考察工作办法》第八条、第九条情形的，不得报考；父母、配偶或子女已移居国（境）外的，不得报考；非公派原因，曾六个月以上在国（境）外留学、工作、生活的，不得报考。
9．工资待遇按人民警察标准执行，享受加班补贴、值勤岗位津贴和艰苦边远地区补助。有固定的探亲假和休假安排。提供集体宿舍。
10．请考生及时关注“移民管理警察招考小助手”微信小程序发布的报考信息。","https://www.xjhc.gov.cn/xjhc/c116834/202410/a29382e11a674da3be3353af65f9fcc5.shtml#158124-300130001046","2024-10-14","{""dataset_year"":2025,""job_uid"":""GOV-2025-158124-300130001046"",""publisher"":""国家公务员局"",""publication_page"":""https://www.xjhc.gov.cn/xjhc/c116834/202410/a29382e11a674da3be3353af65f9fcc5.shtml"",""attachment_url"":""https://www.xjhc.gov.cn/xjhc/c116834/202410/a29382e11a674da3be3353af65f9fcc5/files/0536cef86e2b46ddad6aae5a3780089e.xls"",""local_source_file"":""2025_guokao_zhaokaojianzhang.xls"",""local_source_sha256"":""07ae6cab368cd21b7a1ac3e8150fe9a3d39ad5171ce76135ff3cccfe50c3e77e"",""source_sheet"":""中央国家行政机关省级以下直属机构"",""filter_version"":""government_tech_v2"",""tech_filter"":{""is_tech"":true,""is_core_tech"":true,""scope"":""core"",""categories"":[""automation_robotics"",""computer_software"",""cybersecurity_cryptography"",""data_ai"",""electronics_communication""],""matched_fields"":[""major"",""description""],""major_terms"":[""信息与通信工程"",""控制科学与工程"",""电子信息"",""电子科学与技术"",""网络空间安全"",""计算机科学与技术"",""软件工程"",""通信工程""],""role_terms"":[""信息化"",""大数据"",""数据分析"",""数据处理"",""系统开发"",""软件""],""reason"":""tech_major_and_role""},""original"":{""部门代码"":""158124"",""部门名称"":""广西出入境边防检查总站"",""用人司局"":""广西出入境边防检查总站"",""机构性质"":""中央国家行政机关省级以下直属机构"",""招考职位"":""硕龙出入境边防检查站一级警长及以下（一）"",""职位属性"":""公安机关人民警察职位"",""职位分布"":""西部地区和艰苦边远地区职位"",""职位简介"":""属于公安机关人民警察，主要从事出入境有关软件系统开发运维、信息化建设、数据处理、大数据分析核查和出入境边防检查等工作。实行轮流倒班工作制度，法定休息日及节假日不能保证正常休息休假。"",""职位代码"":""300130001046"",""机构层级"":""市（地）级"",""考试类别"":""行政执法类"",""招考人数"":""3"",""专业"":""0701数学、0775计算机科学与技术、0808电气工程、0809电子科学与技术、0810信息与通信工程、0811控制科学与工程、0812计算机科学与技术、0835软件工程、0839网络空间安全、0854电子信息"",""学历"":""硕士研究生及以上"",""学位"":""与最高学历相对应的学位"",""政治面貌"":""中共党员或共青团员"",""基层工作最低年限"":""无限制"",""服务基层项目工作经历"":""无限制"",""是否在面试阶段组织专业能力测试"":""是"",""面试人员比例"":""3:1"",""工作地点"":""广西壮族自治区崇左市"",""落户地点"":""广西壮族自治区崇左市"",""备注"":""1．限应届高校毕业生报考（高等学历教育各阶段均需取得相应学历和学位）。\n2．具有丰富的专业应用实践经历（需在备注栏注明），能熟练运用所学专业开展工作。\n3．大学英语等级考试四级425分以上。\n4．专业能力测试为上机实操测试，占综合成绩的比重为15%。\n5．仅限男性报考。\n6．按《公务员录用体检特殊标准（试行）》进行体检，对《公务员录用体检特殊标准（试行）》未作规定的项目，按《公务员录用体检通用标准（试行）》执行，视力标准可询招录单位。\n7．按《公安机关录用人民警察体能测评项目和标准》进行体能测评。\n8．按《公安机关录用人民警察政治考察工作办法》开展考察。具有《公安机关录用人民警察政治考察工作办法》第八条、第九条情形的，不得报考；父母、配偶或子女已移居国（境）外的，不得报考；非公派原因，曾六个月以上在国（境）外留学、工作、生活的，不得报考。\n9．工资待遇按人民警察标准执行，享受加班补贴、值勤岗位津贴和艰苦边远地区补助。有固定的探亲假和休假安排。提供集体宿舍。\n10．请考生及时关注“移民管理警察招考小助手”微信小程序发布的报考信息。"",""部门网站"":""https://rczk.nia.gov.cn"",""咨询电话1"":""0771-5728224"",""咨询电话2"":"""",""咨询电话3"":"""",""来源Sheet"":""中央国家行政机关省级以下直属机构""}}"
"government_jobs","国家公务员2025招考简章","公务员/事业单位技术岗位","西藏自治区林芝市","2026-07-28T09:12:58.310295+00:00","林芝边境管理支队警务技术一级主管及以下（一）","西藏出入境边防检查总站","","西藏自治区林芝市","公务员/事业单位;2025;computer_software;electronics_communication;本科及以上;与最高学历相对应的学位;计算机科学与技术080901、无人机驾驶器系统工程082009T、大数据管理与应用120108、信息管理与信息系统120102;市（地）级及以下直属机构综合管理类","用人司局：西藏出入境边防检查总站
职位简介：属于公安机关人民警察，从事技术保障、信息通信和指挥调度等工作。
专业要求：计算机科学与技术080901、无人机驾驶器系统工程082009T、大数据管理与应用120108、信息管理与信息系统120102
学历要求：本科及以上
学位要求：与最高学历相对应的学位
政治面貌：中共党员或共青团员
基层工作经历：无限制
考试类别：市（地）级及以下直属机构综合管理类
备注：1.高等教育各阶段均需取得相应学历学位。
2.按《公务员录用体检特殊标准（试行）》进行体检，对《公务员录用体检特殊标准（试行）》未作规定的项目，按《公务员录用体检通用标准（试行）》执行，视力标准可询招录单位。
3.按《关于印发<公安机关录用人民警察体能测评项目和标准>的通知》(公政治〔2024〕60号）进行体能测评。
4.按《公安机关录用人民警察政治考察工作办法》开展考察。具有《公安机关录用人民警察政治考察工作办法》第八条、第九条情形的，不得报考；父母、配偶或子女已移居国（境）外的，不得报考；非公派原因曾六个月以上在国（境）外留学、工作、生活的，不得报考。
5.工资待遇按人民警察标准执行，享受加班补贴和执勤岗位津贴；享受艰苦边远地区补助或高原津贴。
6.按政策规定享受休假、公寓住房等福利。
7.仅限男性报考。
8.请考生及时关注“移民管理警察招考小助手”微信小程序发布的报考信息。","https://www.xjhc.gov.cn/xjhc/c116834/202410/a29382e11a674da3be3353af65f9fcc5.shtml#158129-300130001013","2024-10-14","{""dataset_year"":2025,""job_uid"":""GOV-2025-158129-300130001013"",""publisher"":""国家公务员局"",""publication_page"":""https://www.xjhc.gov.cn/xjhc/c116834/202410/a29382e11a674da3be3353af65f9fcc5.shtml"",""attachment_url"":""https://www.xjhc.gov.cn/xjhc/c116834/202410/a29382e11a674da3be3353af65f9fcc5/files/0536cef86e2b46ddad6aae5a3780089e.xls"",""local_source_file"":""2025_guokao_zhaokaojianzhang.xls"",""local_source_sha256"":""07ae6cab368cd21b7a1ac3e8150fe9a3d39ad5171ce76135ff3cccfe50c3e77e"",""source_sheet"":""中央国家行政机关省级以下直属机构"",""filter_version"":""government_tech_v2"",""tech_filter"":{""is_tech"":true,""is_core_tech"":true,""scope"":""core"",""categories"":[""computer_software"",""electronics_communication""],""matched_fields"":[""major"",""description""],""major_terms"":[""大数据"",""计算机科学与技术""],""role_terms"":[""信息通信""],""reason"":""tech_major_and_role""},""original"":{""部门代码"":""158129"",""部门名称"":""西藏出入境边防检查总站"",""用人司局"":""西藏出入境边防检查总站"",""机构性质"":""中央国家行政机关省级以下直属机构"",""招考职位"":""林芝边境管理支队警务技术一级主管及以下（一）"",""职位属性"":""公安机关人民警察职位"",""职位分布"":""西部地区和艰苦边远地区职位"",""职位简介"":""属于公安机关人民警察，从事技术保障、信息通信和指挥调度等工作。"",""职位代码"":""300130001013"",""机构层级"":""市（地）级"",""考试类别"":""市（地）级及以下直属机构综合管理类"",""招考人数"":""1"",""专业"":""计算机科学与技术080901、无人机驾驶器系统工程082009T、大数据管理与应用120108、信息管理与信息系统120102"",""学历"":""本科及以上"",""学位"":""与最高学历相对应的学位"",""政治面貌"":""中共党员或共青团员"",""基层工作最低年限"":""无限制"",""服务基层项目工作经历"":""无限制"",""是否在面试阶段组织专业能力测试"":""否"",""面试人员比例"":""3:1"",""工作地点"":""西藏自治区林芝市"",""落户地点"":""西藏自治区林芝市"",""备注"":""1.高等教育各阶段均需取得相应学历学位。\n2.按《公务员录用体检特殊标准（试行）》进行体检，对《公务员录用体检特殊标准（试行）》未作规定的项目，按《公务员录用体检通用标准（试行）》执行，视力标准可询招录单位。\n3.按《关于印发<公安机关录用人民警察体能测评项目和标准>的通知》(公政治〔2024〕60号）进行体能测评。\n4.按《公安机关录用人民警察政治考察工作办法》开展考察。具有《公安机关录用人民警察政治考察工作办法》第八条、第九条情形的，不得报考；父母、配偶或子女已移居国（境）外的，不得报考；非公派原因曾六个月以上在国（境）外留学、工作、生活的，不得报考。\n5.工资待遇按人民警察标准执行，享受加班补贴和执勤岗位津贴；享受艰苦边远地区补助或高原津贴。\n6.按政策规定享受休假、公寓住房等福利。\n7.仅限男性报考。\n8.请考生及时关注“移民管理警察招考小助手”微信小程序发布的报考信息。"",""部门网站"":""https://rczk.nia.gov.cn"",""咨询电话1"":""0891-6898405"",""咨询电话2"":"""",""咨询电话3"":"""",""来源Sheet"":""中央国家行政机关省级以下直属机构""}}"
"government_jobs","国家公务员2025招考简章","公务员/事业单位技术岗位","西藏自治区日喀则市","2026-07-28T09:12:58.310295+00:00","日喀则边境管理支队警务技术一级主管及以下（一）","西藏出入境边防检查总站","","西藏自治区日喀则市","公务员/事业单位;2025;computer_software;electronics_communication;本科及以上;与最高学历相对应的学位;计算机科学与技术080901、无人机驾驶器系统工程082009T、大数据管理与应用120108、信息管理与信息系统120102;市（地）级及以下直属机构综合管理类","用人司局：西藏出入境边防检查总站
职位简介：属于公安机关人民警察，从事技术保障、信息通信和指挥调度等工作。
专业要求：计算机科学与技术080901、无人机驾驶器系统工程082009T、大数据管理与应用120108、信息管理与信息系统120102
学历要求：本科及以上
学位要求：与最高学历相对应的学位
政治面貌：中共党员或共青团员
基层工作经历：无限制
考试类别：市（地）级及以下直属机构综合管理类
备注：1.高等教育各阶段均需取得相应学历学位。
2.按《公务员录用体检特殊标准（试行）》进行体检，对《公务员录用体检特殊标准（试行）》未作规定的项目，按《公务员录用体检通用标准（试行）》执行，视力标准可询招录单位。
3.按《关于印发<公安机关录用人民警察体能测评项目和标准>的通知》(公政治〔2024〕60号）进行体能测评。
4.按《公安机关录用人民警察政治考察工作办法》开展考察。具有《公安机关录用人民警察政治考察工作办法》第八条、第九条情形的，不得报考；父母、配偶或子女已移居国（境）外的，不得报考；非公派原因曾六个月以上在国（境）外留学、工作、生活的，不得报考。
5.工资待遇按人民警察标准执行，享受加班补贴和执勤岗位津贴；享受艰苦边远地区补助或高原津贴。
6.按政策规定享受休假、公寓住房等福利。
7.请考生及时关注“移民管理警察招考小助手”微信小程序发布的报考信息。","https://www.xjhc.gov.cn/xjhc/c116834/202410/a29382e11a674da3be3353af65f9fcc5.shtml#158129-300130001021","2024-10-14","{""dataset_year"":2025,""job_uid"":""GOV-2025-158129-300130001021"",""publisher"":""国家公务员局"",""publication_page"":""https://www.xjhc.gov.cn/xjhc/c116834/202410/a29382e11a674da3be3353af65f9fcc5.shtml"",""attachment_url"":""https://www.xjhc.gov.cn/xjhc/c116834/202410/a29382e11a674da3be3353af65f9fcc5/files/0536cef86e2b46ddad6aae5a3780089e.xls"",""local_source_file"":""2025_guokao_zhaokaojianzhang.xls"",""local_source_sha256"":""07ae6cab368cd21b7a1ac3e8150fe9a3d39ad5171ce76135ff3cccfe50c3e77e"",""source_sheet"":""中央国家行政机关省级以下直属机构"",""filter_version"":""government_tech_v2"",""tech_filter"":{""is_tech"":true,""is_core_tech"":true,""scope"":""core"",""categories"":[""computer_software"",""electronics_communication""],""matched_fields"":[""major"",""description""],""major_terms"":[""大数据"",""计算机科学与技术""],""role_terms"":[""信息通信""],""reason"":""tech_major_and_role""},""original"":{""部门代码"":""158129"",""部门名称"":""西藏出入境边防检查总站"",""用人司局"":""西藏出入境边防检查总站"",""机构性质"":""中央国家行政机关省级以下直属机构"",""招考职位"":""日喀则边境管理支队警务技术一级主管及以下（一）"",""职位属性"":""公安机关人民警察职位"",""职位分布"":""西部地区和艰苦边远地区职位"",""职位简介"":""属于公安机关人民警察，从事技术保障、信息通信和指挥调度等工作。"",""职位代码"":""300130001021"",""机构层级"":""市（地）级"",""考试类别"":""市（地）级及以下直属机构综合管理类"",""招考人数"":""1"",""专业"":""计算机科学与技术080901、无人机驾驶器系统工程082009T、大数据管理与应用120108、信息管理与信息系统120102"",""学历"":""本科及以上"",""学位"":""与最高学历相对应的学位"",""政治面貌"":""中共党员或共青团员"",""基层工作最低年限"":""无限制"",""服务基层项目工作经历"":""无限制"",""是否在面试阶段组织专业能力测试"":""否"",""面试人员比例"":""3:1"",""工作地点"":""西藏自治区日喀则市"",""落户地点"":""西藏自治区日喀则市"",""备注"":""1.高等教育各阶段均需取得相应学历学位。\n2.按《公务员录用体检特殊标准（试行）》进行体检，对《公务员录用体检特殊标准（试行）》未作规定的项目，按《公务员录用体检通用标准（试行）》执行，视力标准可询招录单位。\n3.按《关于印发<公安机关录用人民警察体能测评项目和标准>的通知》(公政治〔2024〕60号）进行体能测评。\n4.按《公安机关录用人民警察政治考察工作办法》开展考察。具有《公安机关录用人民警察政治考察工作办法》第八条、第九条情形的，不得报考；父母、配偶或子女已移居国（境）外的，不得报考；非公派原因曾六个月以上在国（境）外留学、工作、生活的，不得报考。\n5.工资待遇按人民警察标准执行，享受加班补贴和执勤岗位津贴；享受艰苦边远地区补助或高原津贴。\n6.按政策规定享受休假、公寓住房等福利。\n7.请考生及时关注“移民管理警察招考小助手”微信小程序发布的报考信息。"",""部门网站"":""https://rczk.nia.gov.cn"",""咨询电话1"":""0891-6898405"",""咨询电话2"":"""",""咨询电话3"":"""",""来源Sheet"":""中央国家行政机关省级以下直属机构""}}"
"government_jobs","国家公务员2025招考简章","公务员/事业单位技术岗位","新疆维吾尔自治区伊犁哈萨克自治州","2026-07-28T09:12:58.310295+00:00","伊犁边境管理支队一级警长及以下（三）","新疆出入境边防检查总站","","新疆维吾尔自治区伊犁哈萨克自治州","公务员/事业单位;2025;computer_software;cybersecurity_cryptography;electronics_communication;仅限本科;学士;080703通信工程、080903网络工程、120207审计学;行政执法类","用人司局：新疆出入境边防检查总站
职位简介：属于公安机关人民警察，长期驻守边境一线，主要从事边境管理、治安管理、户籍管理以及信息通信、网络安全维护、审计监督等工作。
专业要求：080703通信工程、080903网络工程、120207审计学
学历要求：仅限本科
学位要求：学士
政治面貌：中共党员或共青团员
基层工作经历：无限制
考试类别：行政执法类
备注：1.限应届高校毕业生报考（高等学历教育各阶段均需取得相应学历和学位）。
2.按《公务员录用体检特殊标准（试行）》进行体检，对《公务员录用体检特殊标准（试行）》未作规定的项目，按《公务员录用体检通用标准（试行）》执行，视力标准可询招录单位。
3.按《公安机关录用人民警察体能测评项目和标准》进行体能测评。
4.按《公安机关录用人民警察政治考察工作办法》开展考察。具有《公安机关录用人民警察政治考察工作办法》第八条、第九条情形的，不得报考；父母、配偶或子女已移居国（境）外的，不得报考；非公派原因，曾六个月以上在国（境）外留学、工作、生活的，不得报考。
5.单位提供食宿，每年有固定探亲假和休假安排。
6.工资待遇按人民警察标准执行，享受加班补贴和值勤岗位津贴。享受艰苦边远地区补助或高原津贴。
7.须服从二次分配。
8.仅限男性报考。
9.请考生及时关注“移民管理警察招考小助手”微信小程序发布的报考信息。","https://www.xjhc.gov.cn/xjhc/c116834/202410/a29382e11a674da3be3353af65f9fcc5.shtml#158134-300130134003","2024-10-14","{""dataset_year"":2025,""job_uid"":""GOV-2025-158134-300130134003"",""publisher"":""国家公务员局"",""publication_page"":""https://www.xjhc.gov.cn/xjhc/c116834/202410/a29382e11a674da3be3353af65f9fcc5.shtml"",""attachment_url"":""https://www.xjhc.gov.cn/xjhc/c116834/202410/a29382e11a674da3be3353af65f9fcc5/files/0536cef86e2b46ddad6aae5a3780089e.xls"",""local_source_file"":""2025_guokao_zhaokaojianzhang.xls"",""local_source_sha256"":""07ae6cab368cd21b7a1ac3e8150fe9a3d39ad5171ce76135ff3cccfe50c3e77e"",""source_sheet"":""中央国家行政机关省级以下直属机构"",""filter_version"":""government_tech_v2"",""tech_filter"":{""is_tech"":true,""is_core_tech"":true,""scope"":""core"",""categories"":[""computer_software"",""cybersecurity_cryptography"",""electronics_communication""],""matched_fields"":[""major"",""description""],""major_terms"":[""网络工程"",""通信工程""],""role_terms"":[""信息通信"",""网络安全""],""reason"":""tech_major_and_role""},""original"":{""部门代码"":""158134"",""部门名称"":""新疆出入境边防检查总站"",""用人司局"":""新疆出入境边防检查总站"",""机构性质"":""中央国家行政机关省级以下直属机构"",""招考职位"":""伊犁边境管理支队一级警长及以下（三）"",""职位属性"":""公安机关人民警察职位"",""职位分布"":""西部地区和艰苦边远地区职位"",""职位简介"":""属于公安机关人民警察，长期驻守边境一线，主要从事边境管理、治安管理、户籍管理以及信息通信、网络安全维护、审计监督等工作。"",""职位代码"":""300130134003"",""机构层级"":""市（地）级"",""考试类别"":""行政执法类"",""招考人数"":""2"",""专业"":""080703通信工程、080903网络工程、120207审计学"",""学历"":""仅限本科"",""学位"":""学士"",""政治面貌"":""中共党员或共青团员"",""基层工作最低年限"":""无限制"",""服务基层项目工作经历"":""无限制"",""是否在面试阶段组织专业能力测试"":""否"",""面试人员比例"":""3:1"",""工作地点"":""新疆维吾尔自治区伊犁哈萨克自治州"",""落户地点"":""新疆维吾尔自治区伊犁哈萨克自治州"",""备注"":""1.限应届高校毕业生报考（高等学历教育各阶段均需取得相应学历和学位）。\n2.按《公务员录用体检特殊标准（试行）》进行体检，对《公务员录用体检特殊标准（试行）》未作规定的项目，按《公务员录用体检通用标准（试行）》执行，视力标准可询招录单位。\n3.按《公安机关录用人民警察体能测评项目和标准》进行体能测评。\n4.按《公安机关录用人民警察政治考察工作办法》开展考察。具有《公安机关录用人民警察政治考察工作办法》第八条、第九条情形的，不得报考；父母、配偶或子女已移居国（境）外的，不得报考；非公派原因，曾六个月以上在国（境）外留学、工作、生活的，不得报考。\n5.单位提供食宿，每年有固定探亲假和休假安排。\n6.工资待遇按人民警察标准执行，享受加班补贴和值勤岗位津贴。享受艰苦边远地区补助或高原津贴。\n7.须服从二次分配。\n8.仅限男性报考。\n9.请考生及时关注“移民管理警察招考小助手”微信小程序发布的报考信息。"",""部门网站"":""https://rczk.nia.gov.cn"",""咨询电话1"":""0991-8512120"",""咨询电话2"":""0991-8512115"",""咨询电话3"":"""",""来源Sheet"":""中央国家行政机关省级以下直属机构""}}"
"government_jobs","国家公务员2025招考简章","公务员/事业单位技术岗位","新疆维吾尔自治区塔城地区","2026-07-28T09:12:58.310295+00:00","塔城边境管理支队一级警长及以下（三）","新疆出入境边防检查总站","","新疆维吾尔自治区塔城地区","公务员/事业单位;2025;computer_software;cybersecurity_cryptography;仅限本科;学士;080911TK网络空间安全、080905物联网工程;行政执法类","用人司局：新疆出入境边防检查总站
职位简介：属于公安机关人民警察，长期驻守边境一线，主要从事边境管理、治安管理、户籍管理以及维护网络安全、通信设备和平台开发、系统集成等工作。
专业要求：080911TK网络空间安全、080905物联网工程
学历要求：仅限本科
学位要求：学士
政治面貌：中共党员或共青团员
基层工作经历：无限制
考试类别：行政执法类
备注：1.限应届高校毕业生报考（高等学历教育各阶段均需取得相应学历和学位）。
2.按《公务员录用体检特殊标准（试行）》进行体检，对《公务员录用体检特殊标准（试行）》未作规定的项目，按《公务员录用体检通用标准（试行）》执行，视力标准可询招录单位。
3.按《公安机关录用人民警察体能测评项目和标准》进行体能测评。
4.按《公安机关录用人民警察政治考察工作办法》开展考察。具有《公安机关录用人民警察政治考察工作办法》第八条、第九条情形的，不得报考；父母、配偶或子女已移居国（境）外的，不得报考；非公派原因，曾六个月以上在国（境）外留学、工作、生活的，不得报考。
5.单位提供食宿，每年有固定探亲假和休假安排。
6.工资待遇按人民警察标准执行，享受加班补贴和值勤岗位津贴。享受艰苦边远地区补助或高原津贴。
7.须服从二次分配。
8.仅限男性报考。
9.请考生及时关注“移民管理警察招考小助手”微信小程序发布的报考信息。","https://www.xjhc.gov.cn/xjhc/c116834/202410/a29382e11a674da3be3353af65f9fcc5.shtml#158134-300130134008","2024-10-14","{""dataset_year"":2025,""job_uid"":""GOV-2025-158134-300130134008"",""publisher"":""国家公务员局"",""publication_page"":""https://www.xjhc.gov.cn/xjhc/c116834/202410/a29382e11a674da3be3353af65f9fcc5.shtml"",""attachment_url"":""https://www.xjhc.gov.cn/xjhc/c116834/202410/a29382e11a674da3be3353af65f9fcc5/files/0536cef86e2b46ddad6aae5a3780089e.xls"",""local_source_file"":""2025_guokao_zhaokaojianzhang.xls"",""local_source_sha256"":""07ae6cab368cd21b7a1ac3e8150fe9a3d39ad5171ce76135ff3cccfe50c3e77e"",""source_sheet"":""中央国家行政机关省级以下直属机构"",""filter_version"":""government_tech_v2"",""tech_filter"":{""is_tech"":true,""is_core_tech"":true,""scope"":""core"",""categories"":[""computer_software"",""cybersecurity_cryptography""],""matched_fields"":[""major"",""description""],""major_terms"":[""物联网工程"",""网络空间安全""],""role_terms"":[""网络安全""],""reason"":""tech_major_and_role""},""original"":{""部门代码"":""158134"",""部门名称"":""新疆出入境边防检查总站"",""用人司局"":""新疆出入境边防检查总站"",""机构性质"":""中央国家行政机关省级以下直属机构"",""招考职位"":""塔城边境管理支队一级警长及以下（三）"",""职位属性"":""公安机关人民警察职位"",""职位分布"":""西部地区和艰苦边远地区职位"",""职位简介"":""属于公安机关人民警察，长期驻守边境一线，主要从事边境管理、治安管理、户籍管理以及维护网络安全、通信设备和平台开发、系统集成等工作。"",""职位代码"":""300130134008"",""机构层级"":""市（地）级"",""考试类别"":""行政执法类"",""招考人数"":""2"",""专业"":""080911TK网络空间安全、080905物联网工程"",""学历"":""仅限本科"",""学位"":""学士"",""政治面貌"":""中共党员或共青团员"",""基层工作最低年限"":""无限制"",""服务基层项目工作经历"":""无限制"",""是否在面试阶段组织专业能力测试"":""否"",""面试人员比例"":""3:1"",""工作地点"":""新疆维吾尔自治区塔城地区"",""落户地点"":""新疆维吾尔自治区塔城地区"",""备注"":""1.限应届高校毕业生报考（高等学历教育各阶段均需取得相应学历和学位）。\n2.按《公务员录用体检特殊标准（试行）》进行体检，对《公务员录用体检特殊标准（试行）》未作规定的项目，按《公务员录用体检通用标准（试行）》执行，视力标准可询招录单位。\n3.按《公安机关录用人民警察体能测评项目和标准》进行体能测评。\n4.按《公安机关录用人民警察政治考察工作办法》开展考察。具有《公安机关录用人民警察政治考察工作办法》第八条、第九条情形的，不得报考；父母、配偶或子女已移居国（境）外的，不得报考；非公派原因，曾六个月以上在国（境）外留学、工作、生活的，不得报考。\n5.单位提供食宿，每年有固定探亲假和休假安排。\n6.工资待遇按人民警察标准执行，享受加班补贴和值勤岗位津贴。享受艰苦边远地区补助或高原津贴。\n7.须服从二次分配。\n8.仅限男性报考。\n9.请考生及时关注“移民管理警察招考小助手”微信小程序发布的报考信息。"",""部门网站"":""https://rczk.nia.gov.cn"",""咨询电话1"":""0991-8512120"",""咨询电话2"":""0991-8512115"",""咨询电话3"":"""",""来源Sheet"":""中央国家行政机关省级以下直属机构""}}"
"government_jobs","国家公务员2025招考简章","公务员/事业单位技术岗位","新疆维吾尔自治区阿勒泰地区","2026-07-28T09:12:58.310295+00:00","阿勒泰边境管理支队一级警长及以下（二）","新疆出入境边防检查总站","","新疆维吾尔自治区阿勒泰地区","公务员/事业单位;2025;computer_software;cybersecurity_cryptography;electronics_communication;仅限本科;学士;080703通信工程、080903网络工程、120207审计学;行政执法类","用人司局：新疆出入境边防检查总站
职位简介：属于公安机关人民警察，长期驻守边境一线，主要从事边境管理、治安管理、户籍管理以及通信技术保障、系统应用与维护、网络安全、审计监督等工作。
专业要求：080703通信工程、080903网络工程、120207审计学
学历要求：仅限本科
学位要求：学士
政治面貌：中共党员或共青团员
基层工作经历：无限制
考试类别：行政执法类
备注：1.限应届高校毕业生报考（高等学历教育各阶段均需取得相应学历和学位）。
2.按《公务员录用体检特殊标准（试行）》进行体检，对《公务员录用体检特殊标准（试行）》未作规定的项目，按《公务员录用体检通用标准（试行）》执行，视力标准可询招录单位。
3.按《公安机关录用人民警察体能测评项目和标准》进行体能测评。
4.按《公安机关录用人民警察政治考察工作办法》开展考察。具有《公安机关录用人民警察政治考察工作办法》第八条、第九条情形的，不得报考；父母、配偶或子女已移居国（境）外的，不得报考；非公派原因，曾六个月以上在国（境）外留学、工作、生活的，不得报考。
5.单位提供食宿，每年有固定探亲假和休假安排。
6.工资待遇按人民警察标准执行，享受加班补贴和值勤岗位津贴。享受艰苦边远地区补助或高原津贴。
7.须服从二次分配。
8.仅限男性报考。
9.请考生及时关注“移民管理警察招考小助手”微信小程序发布的报考信息。","https://www.xjhc.gov.cn/xjhc/c116834/202410/a29382e11a674da3be3353af65f9fcc5.shtml#158134-300130134017","2024-10-14","{""dataset_year"":2025,""job_uid"":""GOV-2025-158134-300130134017"",""publisher"":""国家公务员局"",""publication_page"":""https://www.xjhc.gov.cn/xjhc/c116834/202410/a29382e11a674da3be3353af65f9fcc5.shtml"",""attachment_url"":""https://www.xjhc.gov.cn/xjhc/c116834/202410/a29382e11a674da3be3353af65f9fcc5/files/0536cef86e2b46ddad6aae5a3780089e.xls"",""local_source_file"":""2025_guokao_zhaokaojianzhang.xls"",""local_source_sha256"":""07ae6cab368cd21b7a1ac3e8150fe9a3d39ad5171ce76135ff3cccfe50c3e77e"",""source_sheet"":""中央国家行政机关省级以下直属机构"",""filter_version"":""government_tech_v2"",""tech_filter"":{""is_tech"":true,""is_core_tech"":true,""scope"":""core"",""categories"":[""computer_software"",""cybersecurity_cryptography"",""electronics_communication""],""matched_fields"":[""major"",""description""],""major_terms"":[""网络工程"",""通信工程""],""role_terms"":[""网络安全"",""通信技术""],""reason"":""tech_major_and_role""},""original"":{""部门代码"":""158134"",""部门名称"":""新疆出入境边防检查总站"",""用人司局"":""新疆出入境边防检查总站"",""机构性质"":""中央国家行政机关省级以下直属机构"",""招考职位"":""阿勒泰边境管理支队一级警长及以下（二）"",""职位属性"":""公安机关人民警察职位"",""职位分布"":""西部地区和艰苦边远地区职位"",""职位简介"":""属于公安机关人民警察，长期驻守边境一线，主要从事边境管理、治安管理、户籍管理以及通信技术保障、系统应用与维护、网络安全、审计监督等工作。"",""职位代码"":""300130134017"",""机构层级"":""市（地）级"",""考试类别"":""行政执法类"",""招考人数"":""3"",""专业"":""080703通信工程、080903网络工程、120207审计学"",""学历"":""仅限本科"",""学位"":""学士"",""政治面貌"":""中共党员或共青团员"",""基层工作最低年限"":""无限制"",""服务基层项目工作经历"":""无限制"",""是否在面试阶段组织专业能力测试"":""否"",""面试人员比例"":""3:1"",""工作地点"":""新疆维吾尔自治区阿勒泰地区"",""落户地点"":""新疆维吾尔自治区阿勒泰地区"",""备注"":""1.限应届高校毕业生报考（高等学历教育各阶段均需取得相应学历和学位）。\n2.按《公务员录用体检特殊标准（试行）》进行体检，对《公务员录用体检特殊标准（试行）》未作规定的项目，按《公务员录用体检通用标准（试行）》执行，视力标准可询招录单位。\n3.按《公安机关录用人民警察体能测评项目和标准》进行体能测评。\n4.按《公安机关录用人民警察政治考察工作办法》开展考察。具有《公安机关录用人民警察政治考察工作办法》第八条、第九条情形的，不得报考；父母、配偶或子女已移居国（境）外的，不得报考；非公派原因，曾六个月以上在国（境）外留学、工作、生活的，不得报考。\n5.单位提供食宿，每年有固定探亲假和休假安排。\n6.工资待遇按人民警察标准执行，享受加班补贴和值勤岗位津贴。享受艰苦边远地区补助或高原津贴。\n7.须服从二次分配。\n8.仅限男性报考。\n9.请考生及时关注“移民管理警察招考小助手”微信小程序发布的报考信息。"",""部门网站"":""https://rczk.nia.gov.cn"",""咨询电话1"":""0991-8512120"",""咨询电话2"":""0991-8512115"",""咨询电话3"":"""",""来源Sheet"":""中央国家行政机关省级以下直属机构""}}"
"government_jobs","国家公务员2025招考简章","公务员/事业单位技术岗位","新疆维吾尔自治区克孜勒苏柯尔克孜自治州","2026-07-28T09:12:58.310295+00:00","克州边境管理支队一级警长及以下（七）","新疆出入境边防检查总站","","新疆维吾尔自治区克孜勒苏柯尔克孜自治州","公务员/事业单位;2025;computer_software;cybersecurity_cryptography;仅限本科;学士;080911TK网络空间安全、120204财务管理;行政执法类","用人司局：新疆出入境边防检查总站
职位简介：属于公安机关人民警察，长期驻守边境一线，主要从事边境管理、治安管理、户籍管理以及网络安全维护、财务管理等工作。
专业要求：080911TK网络空间安全、120204财务管理
学历要求：仅限本科
学位要求：学士
政治面貌：中共党员或共青团员
基层工作经历：无限制
考试类别：行政执法类
备注：1.限应届高校毕业生报考（高等学历教育各阶段均需取得相应学历和学位）。
2.按《公务员录用体检特殊标准（试行）》进行体检，对《公务员录用体检特殊标准（试行）》未作规定的项目，按《公务员录用体检通用标准（试行）》执行，视力标准可询招录单位。
3.按《公安机关录用人民警察体能测评项目和标准》进行体能测评。
4.按《公安机关录用人民警察政治考察工作办法》开展考察。具有《公安机关录用人民警察政治考察工作办法》第八条、第九条情形的，不得报考；父母、配偶或子女已移居国（境）外的，不得报考；非公派原因，曾六个月以上在国（境）外留学、工作、生活的，不得报考。
5.单位提供食宿，每年有固定探亲假和休假安排。
6.工资待遇按人民警察标准执行，享受加班补贴和值勤岗位津贴。享受艰苦边远地区补助或高原津贴。
7.须服从二次分配。
8.仅限女性报考。
9.请考生及时关注“移民管理警察招考小助手”微信小程序发布的报考信息。","https://www.xjhc.gov.cn/xjhc/c116834/202410/a29382e11a674da3be3353af65f9fcc5.shtml#158134-300130134034","2024-10-14","{""dataset_year"":2025,""job_uid"":""GOV-2025-158134-300130134034"",""publisher"":""国家公务员局"",""publication_page"":""https://www.xjhc.gov.cn/xjhc/c116834/202410/a29382e11a674da3be3353af65f9fcc5.shtml"",""attachment_url"":""https://www.xjhc.gov.cn/xjhc/c116834/202410/a29382e11a674da3be3353af65f9fcc5/files/0536cef86e2b46ddad6aae5a3780089e.xls"",""local_source_file"":""2025_guokao_zhaokaojianzhang.xls"",""local_source_sha256"":""07ae6cab368cd21b7a1ac3e8150fe9a3d39ad5171ce76135ff3cccfe50c3e77e"",""source_sheet"":""中央国家行政机关省级以下直属机构"",""filter_version"":""government_tech_v2"",""tech_filter"":{""is_tech"":true,""is_core_tech"":true,""scope"":""core"",""categories"":[""computer_software"",""cybersecurity_cryptography""],""matched_fields"":[""major"",""description""],""major_terms"":[""网络空间安全""],""role_terms"":[""网络安全""],""reason"":""tech_major_and_role""},""original"":{""部门代码"":""158134"",""部门名称"":""新疆出入境边防检查总站"",""用人司局"":""新疆出入境边防检查总站"",""机构性质"":""中央国家行政机关省级以下直属机构"",""招考职位"":""克州边境管理支队一级警长及以下（七）"",""职位属性"":""公安机关人民警察职位"",""职位分布"":""西部地区和艰苦边远地区职位"",""职位简介"":""属于公安机关人民警察，长期驻守边境一线，主要从事边境管理、治安管理、户籍管理以及网络安全维护、财务管理等工作。"",""职位代码"":""300130134034"",""机构层级"":""市（地）级"",""考试类别"":""行政执法类"",""招考人数"":""3"",""专业"":""080911TK网络空间安全、120204财务管理"",""学历"":""仅限本科"",""学位"":""学士"",""政治面貌"":""中共党员或共青团员"",""基层工作最低年限"":""无限制"",""服务基层项目工作经历"":""无限制"",""是否在面试阶段组织专业能力测试"":""否"",""面试人员比例"":""3:1"",""工作地点"":""新疆维吾尔自治区克孜勒苏柯尔克孜自治州"",""落户地点"":""新疆维吾尔自治区克孜勒苏柯尔克孜自治州"",""备注"":""1.限应届高校毕业生报考（高等学历教育各阶段均需取得相应学历和学位）。\n2.按《公务员录用体检特殊标准（试行）》进行体检，对《公务员录用体检特殊标准（试行）》未作规定的项目，按《公务员录用体检通用标准（试行）》执行，视力标准可询招录单位。\n3.按《公安机关录用人民警察体能测评项目和标准》进行体能测评。\n4.按《公安机关录用人民警察政治考察工作办法》开展考察。具有《公安机关录用人民警察政治考察工作办法》第八条、第九条情形的，不得报考；父母、配偶或子女已移居国（境）外的，不得报考；非公派原因，曾六个月以上在国（境）外留学、工作、生活的，不得报考。\n5.单位提供食宿，每年有固定探亲假和休假安排。\n6.工资待遇按人民警察标准执行，享受加班补贴和值勤岗位津贴。享受艰苦边远地区补助或高原津贴。\n7.须服从二次分配。\n8.仅限女性报考。\n9.请考生及时关注“移民管理警察招考小助手”微信小程序发布的报考信息。"",""部门网站"":""https://rczk.nia.gov.cn"",""咨询电话1"":""0991-8512120"",""咨询电话2"":""0991-8512115"",""咨询电话3"":"""",""来源Sheet"":""中央国家行政机关省级以下直属机构""}}"
"government_jobs","国家公务员2025招考简章","公务员/事业单位技术岗位","新疆维吾尔自治区克孜勒苏柯尔克孜自治州","2026-07-28T09:12:58.310295+00:00","克州边境管理支队一级警长及以下（十一）","新疆出入境边防检查总站","","新疆维吾尔自治区克孜勒苏柯尔克孜自治州","公务员/事业单位;2025;computer_software;electronics_communication;仅限大专;无要求;510101电子信息工程技术、460702新能源汽车技术、460608航空发动机维修技术、500408机场运行服务与管理;行政执法类","用人司局：新疆出入境边防检查总站
职位简介：属于公安机关人民警察，长期驻守边境一线，主要从事边境管理、治安管理、户籍管理以及软件开发、编程控制、装备车辆维修、无人机飞行场地管理、维护保养等工作。
专业要求：510101电子信息工程技术、460702新能源汽车技术、460608航空发动机维修技术、500408机场运行服务与管理
学历要求：仅限大专
学位要求：无要求
政治面貌：中共党员或共青团员
基层工作经历：无限制
考试类别：行政执法类
备注：1.限应届高校毕业生报考。
2.按《公务员录用体检特殊标准（试行）》进行体检，对《公务员录用体检特殊标准（试行）》未作规定的项目，按《公务员录用体检通用标准（试行）》执行，视力标准可询招录单位。
3.按《公安机关录用人民警察体能测评项目和标准》进行体能测评。
4.按《公安机关录用人民警察政治考察工作办法》开展考察。具有《公安机关录用人民警察政治考察工作办法》第八条、第九条情形的，不得报考；父母、配偶或子女已移居国（境）外的，不得报考；非公派原因，曾六个月以上在国（境）外留学、工作、生活的，不得报考。
5.单位提供食宿，每年有固定探亲假和休假安排。
6.工资待遇按人民警察标准执行，享受加班补贴和值勤岗位津贴。享受艰苦边远地区补助或高原津贴。
7.须服从二次分配。
8.仅限男性，新疆户籍生源报考。
9.请考生及时关注“移民管理警察招考小助手”微信小程序发布的报考信息。","https://www.xjhc.gov.cn/xjhc/c116834/202410/a29382e11a674da3be3353af65f9fcc5.shtml#158134-300130134038","2024-10-14","{""dataset_year"":2025,""job_uid"":""GOV-2025-158134-300130134038"",""publisher"":""国家公务员局"",""publication_page"":""https://www.xjhc.gov.cn/xjhc/c116834/202410/a29382e11a674da3be3353af65f9fcc5.shtml"",""attachment_url"":""https://www.xjhc.gov.cn/xjhc/c116834/202410/a29382e11a674da3be3353af65f9fcc5/files/0536cef86e2b46ddad6aae5a3780089e.xls"",""local_source_file"":""2025_guokao_zhaokaojianzhang.xls"",""local_source_sha256"":""07ae6cab368cd21b7a1ac3e8150fe9a3d39ad5171ce76135ff3cccfe50c3e77e"",""source_sheet"":""中央国家行政机关省级以下直属机构"",""filter_version"":""government_tech_v2"",""tech_filter"":{""is_tech"":true,""is_core_tech"":true,""scope"":""core"",""categories"":[""computer_software"",""electronics_communication""],""matched_fields"":[""major"",""description""],""major_terms"":[""电子信息工程""],""role_terms"":[""软件"",""软件开发""],""reason"":""tech_major_and_role""},""original"":{""部门代码"":""158134"",""部门名称"":""新疆出入境边防检查总站"",""用人司局"":""新疆出入境边防检查总站"",""机构性质"":""中央国家行政机关省级以下直属机构"",""招考职位"":""克州边境管理支队一级警长及以下（十一）"",""职位属性"":""公安机关人民警察职位"",""职位分布"":""西部地区和艰苦边远地区职位"",""职位简介"":""属于公安机关人民警察，长期驻守边境一线，主要从事边境管理、治安管理、户籍管理以及软件开发、编程控制、装备车辆维修、无人机飞行场地管理、维护保养等工作。"",""职位代码"":""300130134038"",""机构层级"":""市（地）级"",""考试类别"":""行政执法类"",""招考人数"":""4"",""专业"":""510101电子信息工程技术、460702新能源汽车技术、460608航空发动机维修技术、500408机场运行服务与管理"",""学历"":""仅限大专"",""学位"":""无要求"",""政治面貌"":""中共党员或共青团员"",""基层工作最低年限"":""无限制"",""服务基层项目工作经历"":""无限制"",""是否在面试阶段组织专业能力测试"":""否"",""面试人员比例"":""3:1"",""工作地点"":""新疆维吾尔自治区克孜勒苏柯尔克孜自治州"",""落户地点"":""新疆维吾尔自治区克孜勒苏柯尔克孜自治州"",""备注"":""1.限应届高校毕业生报考。\n2.按《公务员录用体检特殊标准（试行）》进行体检，对《公务员录用体检特殊标准（试行）》未作规定的项目，按《公务员录用体检通用标准（试行）》执行，视力标准可询招录单位。\n3.按《公安机关录用人民警察体能测评项目和标准》进行体能测评。\n4.按《公安机关录用人民警察政治考察工作办法》开展考察。具有《公安机关录用人民警察政治考察工作办法》第八条、第九条情形的，不得报考；父母、配偶或子女已移居国（境）外的，不得报考；非公派原因，曾六个月以上在国（境）外留学、工作、生活的，不得报考。\n5.单位提供食宿，每年有固定探亲假和休假安排。\n6.工资待遇按人民警察标准执行，享受加班补贴和值勤岗位津贴。享受艰苦边远地区补助或高原津贴。\n7.须服从二次分配。\n8.仅限男性，新疆户籍生源报考。\n9.请考生及时关注“移民管理警察招考小助手”微信小程序发布的报考信息。"",""部门网站"":""https://rczk.nia.gov.cn"",""咨询电话1"":""0991-8512120"",""咨询电话2"":""0991-8512115"",""咨询电话3"":"""",""来源Sheet"":""中央国家行政机关省级以下直属机构""}}"
"government_jobs","国家公务员2025招考简章","公务员/事业单位技术岗位","新疆维吾尔自治区博尔塔拉蒙古自治州","2026-07-28T09:12:58.310295+00:00","博州边境管理支队一级警长及以下（六）","新疆出入境边防检查总站","","新疆维吾尔自治区博尔塔拉蒙古自治州","公务员/事业单位;2025;computer_software;cybersecurity_cryptography;仅限本科;学士;082009T无人驾驶航空器系统工程、080911TK网络空间安全、050202俄语;行政执法类","用人司局：新疆出入境边防检查总站
职位简介：属于公安机关人民警察，长期驻守边境一线，主要从事边境管理、治安管理、户籍管理以及无人机飞行、网络安全维护、会谈会晤翻译等工作。
专业要求：082009T无人驾驶航空器系统工程、080911TK网络空间安全、050202俄语
学历要求：仅限本科
学位要求：学士
政治面貌：中共党员或共青团员
基层工作经历：无限制
考试类别：行政执法类
备注：1.限应届高校毕业生报考（高等学历教育各阶段均需取得相应学历和学位）。
2.按《公务员录用体检特殊标准（试行）》进行体检，对《公务员录用体检特殊标准（试行）》未作规定的项目，按《公务员录用体检通用标准（试行）》执行，视力标准可询招录单位。
3.按《公安机关录用人民警察体能测评项目和标准》进行体能测评。
4.按《公安机关录用人民警察政治考察工作办法》开展考察。具有《公安机关录用人民警察政治考察工作办法》第八条、第九条情形的，不得报考；父母、配偶或子女已移居国（境）外的，不得报考；非公派原因，曾六个月以上在国（境）外留学、工作、生活的，不得报考。
5.单位提供食宿，每年有固定探亲假和休假安排。
6.工资待遇按人民警察标准执行，享受加班补贴和值勤岗位津贴。享受艰苦边远地区补助或高原津贴。
7.须服从二次分配。
8.仅限男性，新疆户籍生源报考。
9.请考生及时关注“移民管理警察招考小助手”微信小程序发布的报考信息。","https://www.xjhc.gov.cn/xjhc/c116834/202410/a29382e11a674da3be3353af65f9fcc5.shtml#158134-300130134044","2024-10-14","{""dataset_year"":2025,""job_uid"":""GOV-2025-158134-300130134044"",""publisher"":""国家公务员局"",""publication_page"":""https://www.xjhc.gov.cn/xjhc/c116834/202410/a29382e11a674da3be3353af65f9fcc5.shtml"",""attachment_url"":""https://www.xjhc.gov.cn/xjhc/c116834/202410/a29382e11a674da3be3353af65f9fcc5/files/0536cef86e2b46ddad6aae5a3780089e.xls"",""local_source_file"":""2025_guokao_zhaokaojianzhang.xls"",""local_source_sha256"":""07ae6cab368cd21b7a1ac3e8150fe9a3d39ad5171ce76135ff3cccfe50c3e77e"",""source_sheet"":""中央国家行政机关省级以下直属机构"",""filter_version"":""government_tech_v2"",""tech_filter"":{""is_tech"":true,""is_core_tech"":true,""scope"":""core"",""categories"":[""computer_software"",""cybersecurity_cryptography""],""matched_fields"":[""major"",""description""],""major_terms"":[""网络空间安全""],""role_terms"":[""网络安全""],""reason"":""tech_major_and_role""},""original"":{""部门代码"":""158134"",""部门名称"":""新疆出入境边防检查总站"",""用人司局"":""新疆出入境边防检查总站"",""机构性质"":""中央国家行政机关省级以下直属机构"",""招考职位"":""博州边境管理支队一级警长及以下（六）"",""职位属性"":""公安机关人民警察职位"",""职位分布"":""西部地区和艰苦边远地区职位"",""职位简介"":""属于公安机关人民警察，长期驻守边境一线，主要从事边境管理、治安管理、户籍管理以及无人机飞行、网络安全维护、会谈会晤翻译等工作。"",""职位代码"":""300130134044"",""机构层级"":""市（地）级"",""考试类别"":""行政执法类"",""招考人数"":""3"",""专业"":""082009T无人驾驶航空器系统工程、080911TK网络空间安全、050202俄语"",""学历"":""仅限本科"",""学位"":""学士"",""政治面貌"":""中共党员或共青团员"",""基层工作最低年限"":""无限制"",""服务基层项目工作经历"":""无限制"",""是否在面试阶段组织专业能力测试"":""否"",""面试人员比例"":""3:1"",""工作地点"":""新疆维吾尔自治区博尔塔拉蒙古自治州"",""落户地点"":""新疆维吾尔自治区博尔塔拉蒙古自治州"",""备注"":""1.限应届高校毕业生报考（高等学历教育各阶段均需取得相应学历和学位）。\n2.按《公务员录用体检特殊标准（试行）》进行体检，对《公务员录用体检特殊标准（试行）》未作规定的项目，按《公务员录用体检通用标准（试行）》执行，视力标准可询招录单位。\n3.按《公安机关录用人民警察体能测评项目和标准》进行体能测评。\n4.按《公安机关录用人民警察政治考察工作办法》开展考察。具有《公安机关录用人民警察政治考察工作办法》第八条、第九条情形的，不得报考；父母、配偶或子女已移居国（境）外的，不得报考；非公派原因，曾六个月以上在国（境）外留学、工作、生活的，不得报考。\n5.单位提供食宿，每年有固定探亲假和休假安排。\n6.工资待遇按人民警察标准执行，享受加班补贴和值勤岗位津贴。享受艰苦边远地区补助或高原津贴。\n7.须服从二次分配。\n8.仅限男性，新疆户籍生源报考。\n9.请考生及时关注“移民管理警察招考小助手”微信小程序发布的报考信息。"",""部门网站"":""https://rczk.nia.gov.cn"",""咨询电话1"":""0991-8512120"",""咨询电话2"":""0991-8512115"",""咨询电话3"":"""",""来源Sheet"":""中央国家行政机关省级以下直属机构""}}"
"government_jobs","国家公务员2025招考简章","公务员/事业单位技术岗位","新疆维吾尔自治区哈密市","2026-07-28T09:12:58.310295+00:00","哈密边境管理支队一级警长及以下（四）","新疆出入境边防检查总站","","新疆维吾尔自治区哈密市","公务员/事业单位;2025;computer_software;cybersecurity_cryptography;data_ai;仅限本科;学士;030101K法学、080901计算机科学与技术;行政执法类","用人司局：新疆出入境边防检查总站
职位简介：属于公安机关人民警察，长期驻守边境一线，主要从事边境管理、治安管理、户籍管理以及网络系统、信息安全、数据分析等工作。
专业要求：030101K法学、080901计算机科学与技术
学历要求：仅限本科
学位要求：学士
政治面貌：中共党员或共青团员
基层工作经历：无限制
考试类别：行政执法类
备注：1.限应届高校毕业生报考（高等学历教育各阶段均需取得相应学历和学位）。
2.按《公务员录用体检特殊标准（试行）》进行体检，对《公务员录用体检特殊标准（试行）》未作规定的项目，按《公务员录用体检通用标准（试行）》执行，视力标准可询招录单位。
3.按《公安机关录用人民警察体能测评项目和标准》进行体能测评。
4.按《公安机关录用人民警察政治考察工作办法》开展考察。具有《公安机关录用人民警察政治考察工作办法》第八条、第九条情形的，不得报考；父母、配偶或子女已移居国（境）外的，不得报考；非公派原因，曾六个月以上在国（境）外留学、工作、生活的，不得报考。
5.单位提供食宿，每年有固定探亲假和休假安排。
6.工资待遇按人民警察标准执行，享受加班补贴和值勤岗位津贴。享受艰苦边远地区补助或高原津贴。
7.须服从二次分配。
8.仅限男性，新疆户籍生源报考。
9.请考生及时关注“移民管理警察招考小助手”微信小程序发布的报考信息。","https://www.xjhc.gov.cn/xjhc/c116834/202410/a29382e11a674da3be3353af65f9fcc5.shtml#158134-300130134060","2024-10-14","{""dataset_year"":2025,""job_uid"":""GOV-2025-158134-300130134060"",""publisher"":""国家公务员局"",""publication_page"":""https://www.xjhc.gov.cn/xjhc/c116834/202410/a29382e11a674da3be3353af65f9fcc5.shtml"",""attachment_url"":""https://www.xjhc.gov.cn/xjhc/c116834/202410/a29382e11a674da3be3353af65f9fcc5/files/0536cef86e2b46ddad6aae5a3780089e.xls"",""local_source_file"":""2025_guokao_zhaokaojianzhang.xls"",""local_source_sha256"":""07ae6cab368cd21b7a1ac3e8150fe9a3d39ad5171ce76135ff3cccfe50c3e77e"",""source_sheet"":""中央国家行政机关省级以下直属机构"",""filter_version"":""government_tech_v2"",""tech_filter"":{""is_tech"":true,""is_core_tech"":true,""scope"":""core"",""categories"":[""computer_software"",""cybersecurity_cryptography"",""data_ai""],""matched_fields"":[""major"",""description""],""major_terms"":[""计算机科学与技术""],""role_terms"":[""信息安全"",""数据分析""],""reason"":""tech_major_and_role""},""original"":{""部门代码"":""158134"",""部门名称"":""新疆出入境边防检查总站"",""用人司局"":""新疆出入境边防检查总站"",""机构性质"":""中央国家行政机关省级以下直属机构"",""招考职位"":""哈密边境管理支队一级警长及以下（四）"",""职位属性"":""公安机关人民警察职位"",""职位分布"":""西部地区和艰苦边远地区职位"",""职位简介"":""属于公安机关人民警察，长期驻守边境一线，主要从事边境管理、治安管理、户籍管理以及网络系统、信息安全、数据分析等工作。"",""职位代码"":""300130134060"",""机构层级"":""市（地）级"",""考试类别"":""行政执法类"",""招考人数"":""2"",""专业"":""030101K法学、080901计算机科学与技术"",""学历"":""仅限本科"",""学位"":""学士"",""政治面貌"":""中共党员或共青团员"",""基层工作最低年限"":""无限制"",""服务基层项目工作经历"":""无限制"",""是否在面试阶段组织专业能力测试"":""否"",""面试人员比例"":""3:1"",""工作地点"":""新疆维吾尔自治区哈密市"",""落户地点"":""新疆维吾尔自治区哈密市"",""备注"":""1.限应届高校毕业生报考（高等学历教育各阶段均需取得相应学历和学位）。\n2.按《公务员录用体检特殊标准（试行）》进行体检，对《公务员录用体检特殊标准（试行）》未作规定的项目，按《公务员录用体检通用标准（试行）》执行，视力标准可询招录单位。\n3.按《公安机关录用人民警察体能测评项目和标准》进行体能测评。\n4.按《公安机关录用人民警察政治考察工作办法》开展考察。具有《公安机关录用人民警察政治考察工作办法》第八条、第九条情形的，不得报考；父母、配偶或子女已移居国（境）外的，不得报考；非公派原因，曾六个月以上在国（境）外留学、工作、生活的，不得报考。\n5.单位提供食宿，每年有固定探亲假和休假安排。\n6.工资待遇按人民警察标准执行，享受加班补贴和值勤岗位津贴。享受艰苦边远地区补助或高原津贴。\n7.须服从二次分配。\n8.仅限男性，新疆户籍生源报考。\n9.请考生及时关注“移民管理警察招考小助手”微信小程序发布的报考信息。"",""部门网站"":""https://rczk.nia.gov.cn"",""咨询电话1"":""0991-8512120"",""咨询电话2"":""0991-8512115"",""咨询电话3"":"""",""来源Sheet"":""中央国家行政机关省级以下直属机构""}}"
"government_jobs","国家公务员2025招考简章","公务员/事业单位技术岗位","新疆维吾尔自治区和田地区","2026-07-28T09:12:58.310295+00:00","和田边境管理支队一级警长及以下（一）","新疆出入境边防检查总站","","新疆维吾尔自治区和田地区","公务员/事业单位;2025;computer_software;cybersecurity_cryptography;仅限本科;学士;050101汉语言文学、080904K信息安全、030101K法学、080901计算机科学与技术;行政执法类","用人司局：新疆出入境边防检查总站
职位简介：属于公安机关人民警察，长期驻守边境一线，主要从事边境管理、治安管理、户籍管理以及综合管理、文秘、网络信息安全、计算机系统维护等工作。
专业要求：050101汉语言文学、080904K信息安全、030101K法学、080901计算机科学与技术
学历要求：仅限本科
学位要求：学士
政治面貌：中共党员或共青团员
基层工作经历：无限制
考试类别：行政执法类
备注：1.限应届高校毕业生报考（高等学历教育各阶段均需取得相应学历和学位）。
2.按《公务员录用体检特殊标准（试行）》进行体检，对《公务员录用体检特殊标准（试行）》未作规定的项目，按《公务员录用体检通用标准（试行）》执行，视力标准可询招录单位。
3.按《公安机关录用人民警察体能测评项目和标准》进行体能测评。
4.按《公安机关录用人民警察政治考察工作办法》开展考察。具有《公安机关录用人民警察政治考察工作办法》第八条、第九条情形的，不得报考；父母、配偶或子女已移居国（境）外的，不得报考；非公派原因，曾六个月以上在国（境）外留学、工作、生活的，不得报考。
5.单位提供食宿，每年有固定探亲假和休假安排。
6.工资待遇按人民警察标准执行，享受加班补贴和值勤岗位津贴。享受艰苦边远地区补助或高原津贴。
7.须服从二次分配。
8.仅限男性，新疆户籍生源报考。
9.请考生及时关注“移民管理警察招考小助手”微信小程序发布的报考信息。","https://www.xjhc.gov.cn/xjhc/c116834/202410/a29382e11a674da3be3353af65f9fcc5.shtml#158134-300130134068","2024-10-14","{""dataset_year"":2025,""job_uid"":""GOV-2025-158134-300130134068"",""publisher"":""国家公务员局"",""publication_page"":""https://www.xjhc.gov.cn/xjhc/c116834/202410/a29382e11a674da3be3353af65f9fcc5.shtml"",""attachment_url"":""https://www.xjhc.gov.cn/xjhc/c116834/202410/a29382e11a674da3be3353af65f9fcc5/files/0536cef86e2b46ddad6aae5a3780089e.xls"",""local_source_file"":""2025_guokao_zhaokaojianzhang.xls"",""local_source_sha256"":""07ae6cab368cd21b7a1ac3e8150fe9a3d39ad5171ce76135ff3cccfe50c3e77e"",""source_sheet"":""中央国家行政机关省级以下直属机构"",""filter_version"":""government_tech_v2"",""tech_filter"":{""is_tech"":true,""is_core_tech"":true,""scope"":""core"",""categories"":[""computer_software"",""cybersecurity_cryptography""],""matched_fields"":[""major"",""description""],""major_terms"":[""信息安全"",""计算机科学与技术""],""role_terms"":[""信息安全"",""系统维护"",""计算机""],""reason"":""tech_major_and_role""},""original"":{""部门代码"":""158134"",""部门名称"":""新疆出入境边防检查总站"",""用人司局"":""新疆出入境边防检查总站"",""机构性质"":""中央国家行政机关省级以下直属机构"",""招考职位"":""和田边境管理支队一级警长及以下（一）"",""职位属性"":""公安机关人民警察职位"",""职位分布"":""西部地区和艰苦边远地区职位"",""职位简介"":""属于公安机关人民警察，长期驻守边境一线，主要从事边境管理、治安管理、户籍管理以及综合管理、文秘、网络信息安全、计算机系统维护等工作。"",""职位代码"":""300130134068"",""机构层级"":""市（地）级"",""考试类别"":""行政执法类"",""招考人数"":""3"",""专业"":""050101汉语言文学、080904K信息安全、030101K法学、080901计算机科学与技术"",""学历"":""仅限本科"",""学位"":""学士"",""政治面貌"":""中共党员或共青团员"",""基层工作最低年限"":""无限制"",""服务基层项目工作经历"":""无限制"",""是否在面试阶段组织专业能力测试"":""否"",""面试人员比例"":""3:1"",""工作地点"":""新疆维吾尔自治区和田地区"",""落户地点"":""新疆维吾尔自治区和田地区"",""备注"":""1.限应届高校毕业生报考（高等学历教育各阶段均需取得相应学历和学位）。\n2.按《公务员录用体检特殊标准（试行）》进行体检，对《公务员录用体检特殊标准（试行）》未作规定的项目，按《公务员录用体检通用标准（试行）》执行，视力标准可询招录单位。\n3.按《公安机关录用人民警察体能测评项目和标准》进行体能测评。\n4.按《公安机关录用人民警察政治考察工作办法》开展考察。具有《公安机关录用人民警察政治考察工作办法》第八条、第九条情形的，不得报考；父母、配偶或子女已移居国（境）外的，不得报考；非公派原因，曾六个月以上在国（境）外留学、工作、生活的，不得报考。\n5.单位提供食宿，每年有固定探亲假和休假安排。\n6.工资待遇按人民警察标准执行，享受加班补贴和值勤岗位津贴。享受艰苦边远地区补助或高原津贴。\n7.须服从二次分配。\n8.仅限男性，新疆户籍生源报考。\n9.请考生及时关注“移民管理警察招考小助手”微信小程序发布的报考信息。"",""部门网站"":""https://rczk.nia.gov.cn"",""咨询电话1"":""0991-8512120"",""咨询电话2"":""0991-8512115"",""咨询电话3"":"""",""来源Sheet"":""中央国家行政机关省级以下直属机构""}}"
"government_jobs","国家公务员2025招考简章","公务员/事业单位技术岗位","新疆维吾尔自治区伊犁哈萨克自治州霍尔果斯市","2026-07-28T09:12:58.310295+00:00","霍尔果斯出入境边防检查站一级警长及以下（四）","新疆出入境边防检查总站","","新疆维吾尔自治区伊犁哈萨克自治州霍尔果斯市","公务员/事业单位;2025;computer_software;cybersecurity_cryptography;仅限本科;学士;120207审计学、120203K会计学、050101汉语言文学、080903网络工程、080904K信息安全;行政执法类","用人司局：新疆出入境边防检查总站
职位简介：属于公安机关人民警察，主要从事出入境边防检查、监护、巡查和应急处突、大型安保以及内部审计、财务管理、文秘、网络信息安全等工作，长期驻守口岸。
专业要求：120207审计学、120203K会计学、050101汉语言文学、080903网络工程、080904K信息安全
学历要求：仅限本科
学位要求：学士
政治面貌：中共党员或共青团员
基层工作经历：无限制
考试类别：行政执法类
备注：1.限应届高校毕业生报考（高等学历教育各阶段均需取得相应学历和学位）。
2.大学英语等级考试四级425分以上。
3.按《公务员录用体检特殊标准（试行）》进行体检，对《公务员录用体检特殊标准（试行）》未作规定的项目，按《公务员录用体检通用标准（试行）》执行，视力标准可询招录单位。
4.按《公安机关录用人民警察体能测评项目和标准》进行体能测评。
5.按《公安机关录用人民警察政治考察工作办法》开展考察。具有《公安机关录用人民警察政治考察工作办法》第八条、第九条情形的，不得报考；父母、配偶或子女已移居国（境）外的，不得报考；非公派原因，曾六个月以上在国（境）外留学、工作、生活的，不得报考。
6.单位提供食宿，每年有固定探亲假和休假安排。
7.工资待遇按人民警察标准执行，享受加班补贴和值勤岗位津贴。享受艰苦边远地区补助或高原津贴。
8.须服从二次分配。
9.仅限男性，新疆户籍生源报考。
10.请考生及时关注“移民管理警察招考小助手”微信小程序发布的报考信息。","https://www.xjhc.gov.cn/xjhc/c116834/202410/a29382e11a674da3be3353af65f9fcc5.shtml#158134-300130134073","2024-10-14","{""dataset_year"":2025,""job_uid"":""GOV-2025-158134-300130134073"",""publisher"":""国家公务员局"",""publication_page"":""https://www.xjhc.gov.cn/xjhc/c116834/202410/a29382e11a674da3be3353af65f9fcc5.shtml"",""attachment_url"":""https://www.xjhc.gov.cn/xjhc/c116834/202410/a29382e11a674da3be3353af65f9fcc5/files/0536cef86e2b46ddad6aae5a3780089e.xls"",""local_source_file"":""2025_guokao_zhaokaojianzhang.xls"",""local_source_sha256"":""07ae6cab368cd21b7a1ac3e8150fe9a3d39ad5171ce76135ff3cccfe50c3e77e"",""source_sheet"":""中央国家行政机关省级以下直属机构"",""filter_version"":""government_tech_v2"",""tech_filter"":{""is_tech"":true,""is_core_tech"":true,""scope"":""core"",""categories"":[""computer_software"",""cybersecurity_cryptography""],""matched_fields"":[""major"",""description""],""major_terms"":[""信息安全"",""网络工程""],""role_terms"":[""信息安全""],""reason"":""tech_major_and_role""},""original"":{""部门代码"":""158134"",""部门名称"":""新疆出入境边防检查总站"",""用人司局"":""新疆出入境边防检查总站"",""机构性质"":""中央国家行政机关省级以下直属机构"",""招考职位"":""霍尔果斯出入境边防检查站一级警长及以下（四）"",""职位属性"":""公安机关人民警察职位"",""职位分布"":""西部地区和艰苦边远地区职位"",""职位简介"":""属于公安机关人民警察，主要从事出入境边防检查、监护、巡查和应急处突、大型安保以及内部审计、财务管理、文秘、网络信息安全等工作，长期驻守口岸。"",""职位代码"":""300130134073"",""机构层级"":""市（地）级"",""考试类别"":""行政执法类"",""招考人数"":""6"",""专业"":""120207审计学、120203K会计学、050101汉语言文学、080903网络工程、080904K信息安全"",""学历"":""仅限本科"",""学位"":""学士"",""政治面貌"":""中共党员或共青团员"",""基层工作最低年限"":""无限制"",""服务基层项目工作经历"":""无限制"",""是否在面试阶段组织专业能力测试"":""否"",""面试人员比例"":""3:1"",""工作地点"":""新疆维吾尔自治区伊犁哈萨克自治州霍尔果斯市"",""落户地点"":""新疆维吾尔自治区伊犁哈萨克自治州霍尔果斯市"",""备注"":""1.限应届高校毕业生报考（高等学历教育各阶段均需取得相应学历和学位）。\n2.大学英语等级考试四级425分以上。\n3.按《公务员录用体检特殊标准（试行）》进行体检，对《公务员录用体检特殊标准（试行）》未作规定的项目，按《公务员录用体检通用标准（试行）》执行，视力标准可询招录单位。\n4.按《公安机关录用人民警察体能测评项目和标准》进行体能测评。\n5.按《公安机关录用人民警察政治考察工作办法》开展考察。具有《公安机关录用人民警察政治考察工作办法》第八条、第九条情形的，不得报考；父母、配偶或子女已移居国（境）外的，不得报考；非公派原因，曾六个月以上在国（境）外留学、工作、生活的，不得报考。\n6.单位提供食宿，每年有固定探亲假和休假安排。\n7.工资待遇按人民警察标准执行，享受加班补贴和值勤岗位津贴。享受艰苦边远地区补助或高原津贴。\n8.须服从二次分配。\n9.仅限男性，新疆户籍生源报考。\n10.请考生及时关注“移民管理警察招考小助手”微信小程序发布的报考信息。"",""部门网站"":""https://rczk.nia.gov.cn"",""咨询电话1"":""0991-8512120"",""咨询电话2"":""0991-8512115"",""咨询电话3"":"""",""来源Sheet"":""中央国家行政机关省级以下直属机构""}}"
"government_jobs","国家公务员2025招考简章","公务员/事业单位技术岗位","新疆维吾尔自治区伊犁哈萨克自治州霍尔果斯市","2026-07-28T09:12:58.310295+00:00","霍尔果斯出入境边防检查站一级警长及以下（六）","新疆出入境边防检查总站","","新疆维吾尔自治区伊犁哈萨克自治州霍尔果斯市","公务员/事业单位;2025;computer_software;cybersecurity_cryptography;data_ai;仅限本科;学士;120102信息管理与信息系统、120108T大数据管理与应用、050101汉语言文学;行政执法类","用人司局：新疆出入境边防检查总站
职位简介：属于公安机关人民警察，主要从事出入境边防检查、监护、巡查和应急处突、大型安保以及信息系统开发、数据库管理、数据分析、信息安全、政策研究、文秘等工作，长期驻守口岸。
专业要求：120102信息管理与信息系统、120108T大数据管理与应用、050101汉语言文学
学历要求：仅限本科
学位要求：学士
政治面貌：中共党员或共青团员
基层工作经历：无限制
考试类别：行政执法类
备注：1.限应届高校毕业生报考（高等学历教育各阶段均需取得相应学历和学位）。
2.大学英语等级考试四级425分以上。
3.按《公务员录用体检特殊标准（试行）》进行体检，对《公务员录用体检特殊标准（试行）》未作规定的项目，按《公务员录用体检通用标准（试行）》执行，视力标准可询招录单位。
4.按《公安机关录用人民警察体能测评项目和标准》进行体能测评。
5.按《公安机关录用人民警察政治考察工作办法》开展考察。具有《公安机关录用人民警察政治考察工作办法》第八条、第九条情形的，不得报考；父母、配偶或子女已移居国（境）外的，不得报考；非公派原因，曾六个月以上在国（境）外留学、工作、生活的，不得报考。
6.单位提供食宿，每年有固定探亲假和休假安排。
7.工资待遇按人民警察标准执行，享受加班补贴和值勤岗位津贴。享受艰苦边远地区补助或高原津贴。
8.须服从二次分配。
9.仅限女性，新疆户籍生源报考。
10.请考生及时关注“移民管理警察招考小助手”微信小程序发布的报考信息。","https://www.xjhc.gov.cn/xjhc/c116834/202410/a29382e11a674da3be3353af65f9fcc5.shtml#158134-300130134075","2024-10-14","{""dataset_year"":2025,""job_uid"":""GOV-2025-158134-300130134075"",""publisher"":""国家公务员局"",""publication_page"":""https://www.xjhc.gov.cn/xjhc/c116834/202410/a29382e11a674da3be3353af65f9fcc5.shtml"",""attachment_url"":""https://www.xjhc.gov.cn/xjhc/c116834/202410/a29382e11a674da3be3353af65f9fcc5/files/0536cef86e2b46ddad6aae5a3780089e.xls"",""local_source_file"":""2025_guokao_zhaokaojianzhang.xls"",""local_source_sha256"":""07ae6cab368cd21b7a1ac3e8150fe9a3d39ad5171ce76135ff3cccfe50c3e77e"",""source_sheet"":""中央国家行政机关省级以下直属机构"",""filter_version"":""government_tech_v2"",""tech_filter"":{""is_tech"":true,""is_core_tech"":true,""scope"":""core"",""categories"":[""computer_software"",""cybersecurity_cryptography"",""data_ai""],""matched_fields"":[""major"",""description""],""major_terms"":[""大数据""],""role_terms"":[""信息安全"",""信息系统"",""数据分析"",""数据库"",""系统开发""],""reason"":""tech_major_and_role""},""original"":{""部门代码"":""158134"",""部门名称"":""新疆出入境边防检查总站"",""用人司局"":""新疆出入境边防检查总站"",""机构性质"":""中央国家行政机关省级以下直属机构"",""招考职位"":""霍尔果斯出入境边防检查站一级警长及以下（六）"",""职位属性"":""公安机关人民警察职位"",""职位分布"":""西部地区和艰苦边远地区职位"",""职位简介"":""属于公安机关人民警察，主要从事出入境边防检查、监护、巡查和应急处突、大型安保以及信息系统开发、数据库管理、数据分析、信息安全、政策研究、文秘等工作，长期驻守口岸。"",""职位代码"":""300130134075"",""机构层级"":""市（地）级"",""考试类别"":""行政执法类"",""招考人数"":""5"",""专业"":""120102信息管理与信息系统、120108T大数据管理与应用、050101汉语言文学"",""学历"":""仅限本科"",""学位"":""学士"",""政治面貌"":""中共党员或共青团员"",""基层工作最低年限"":""无限制"",""服务基层项目工作经历"":""无限制"",""是否在面试阶段组织专业能力测试"":""否"",""面试人员比例"":""3:1"",""工作地点"":""新疆维吾尔自治区伊犁哈萨克自治州霍尔果斯市"",""落户地点"":""新疆维吾尔自治区伊犁哈萨克自治州霍尔果斯市"",""备注"":""1.限应届高校毕业生报考（高等学历教育各阶段均需取得相应学历和学位）。\n2.大学英语等级考试四级425分以上。\n3.按《公务员录用体检特殊标准（试行）》进行体检，对《公务员录用体检特殊标准（试行）》未作规定的项目，按《公务员录用体检通用标准（试行）》执行，视力标准可询招录单位。\n4.按《公安机关录用人民警察体能测评项目和标准》进行体能测评。\n5.按《公安机关录用人民警察政治考察工作办法》开展考察。具有《公安机关录用人民警察政治考察工作办法》第八条、第九条情形的，不得报考；父母、配偶或子女已移居国（境）外的，不得报考；非公派原因，曾六个月以上在国（境）外留学、工作、生活的，不得报考。\n6.单位提供食宿，每年有固定探亲假和休假安排。\n7.工资待遇按人民警察标准执行，享受加班补贴和值勤岗位津贴。享受艰苦边远地区补助或高原津贴。\n8.须服从二次分配。\n9.仅限女性，新疆户籍生源报考。\n10.请考生及时关注“移民管理警察招考小助手”微信小程序发布的报考信息。"",""部门网站"":""https://rczk.nia.gov.cn"",""咨询电话1"":""0991-8512120"",""咨询电话2"":""0991-8512115"",""咨询电话3"":"""",""来源Sheet"":""中央国家行政机关省级以下直属机构""}}"
"government_jobs","国家公务员2025招考简章","公务员/事业单位技术岗位","新疆维吾尔自治区乌鲁木齐市","2026-07-28T09:12:58.310295+00:00","乌鲁木齐出入境边防检查站一级警长及以下（二）","新疆出入境边防检查总站","","新疆维吾尔自治区乌鲁木齐市","公务员/事业单位;2025;computer_software;cybersecurity_cryptography;硕士研究生及以上;与最高学历相对应的学位;0301法学、0775计算机科学与技术、0812计算机科学与技术;行政执法类","用人司局：新疆出入境边防检查总站
职位简介：属于公安机关人民警察，主要从事出入境边防检查、监护、巡查和应急处突、大型安保以及计算机系统管理、梅沙系统安全运维等工作，长期驻守口岸。
专业要求：0301法学、0775计算机科学与技术、0812计算机科学与技术
学历要求：硕士研究生及以上
学位要求：与最高学历相对应的学位
政治面貌：中共党员或共青团员
基层工作经历：无限制
考试类别：行政执法类
备注：1.限应届高校毕业生报考（高等学历教育各阶段均需取得相应学历和学位）。
2.大学英语等级考试四级425分以上。
3.按《公务员录用体检特殊标准（试行）》进行体检，对《公务员录用体检特殊标准（试行）》未作规定的项目，按《公务员录用体检通用标准（试行）》执行，视力标准可询招录单位。
4.按《公安机关录用人民警察体能测评项目和标准》进行体能测评。
5.按《公安机关录用人民警察政治考察工作办法》开展考察。具有《公安机关录用人民警察政治考察工作办法》第八条、第九条情形的，不得报考；父母、配偶或子女已移居国（境）外的，不得报考；非公派原因，曾六个月以上在国（境）外留学、工作、生活的，不得报考。
6.单位提供食宿，每年有固定探亲假和休假安排。
7.工资待遇按人民警察标准执行，享受加班补贴和值勤岗位津贴。享受艰苦边远地区补助或高原津贴。
8.须服从二次分配。
9.仅限男性报考。
10.请考生及时关注“移民管理警察招考小助手”微信小程序发布的报考信息。","https://www.xjhc.gov.cn/xjhc/c116834/202410/a29382e11a674da3be3353af65f9fcc5.shtml#158134-300130134078","2024-10-14","{""dataset_year"":2025,""job_uid"":""GOV-2025-158134-300130134078"",""publisher"":""国家公务员局"",""publication_page"":""https://www.xjhc.gov.cn/xjhc/c116834/202410/a29382e11a674da3be3353af65f9fcc5.shtml"",""attachment_url"":""https://www.xjhc.gov.cn/xjhc/c116834/202410/a29382e11a674da3be3353af65f9fcc5/files/0536cef86e2b46ddad6aae5a3780089e.xls"",""local_source_file"":""2025_guokao_zhaokaojianzhang.xls"",""local_source_sha256"":""07ae6cab368cd21b7a1ac3e8150fe9a3d39ad5171ce76135ff3cccfe50c3e77e"",""source_sheet"":""中央国家行政机关省级以下直属机构"",""filter_version"":""government_tech_v2"",""tech_filter"":{""is_tech"":true,""is_core_tech"":true,""scope"":""core"",""categories"":[""computer_software"",""cybersecurity_cryptography""],""matched_fields"":[""major"",""description""],""major_terms"":[""计算机科学与技术""],""role_terms"":[""安全运维"",""计算机""],""reason"":""tech_major_and_role""},""original"":{""部门代码"":""158134"",""部门名称"":""新疆出入境边防检查总站"",""用人司局"":""新疆出入境边防检查总站"",""机构性质"":""中央国家行政机关省级以下直属机构"",""招考职位"":""乌鲁木齐出入境边防检查站一级警长及以下（二）"",""职位属性"":""公安机关人民警察职位"",""职位分布"":""西部地区和艰苦边远地区职位"",""职位简介"":""属于公安机关人民警察，主要从事出入境边防检查、监护、巡查和应急处突、大型安保以及计算机系统管理、梅沙系统安全运维等工作，长期驻守口岸。"",""职位代码"":""300130134078"",""机构层级"":""市（地）级"",""考试类别"":""行政执法类"",""招考人数"":""3"",""专业"":""0301法学、0775计算机科学与技术、0812计算机科学与技术"",""学历"":""硕士研究生及以上"",""学位"":""与最高学历相对应的学位"",""政治面貌"":""中共党员或共青团员"",""基层工作最低年限"":""无限制"",""服务基层项目工作经历"":""无限制"",""是否在面试阶段组织专业能力测试"":""否"",""面试人员比例"":""3:1"",""工作地点"":""新疆维吾尔自治区乌鲁木齐市"",""落户地点"":""新疆维吾尔自治区乌鲁木齐市"",""备注"":""1.限应届高校毕业生报考（高等学历教育各阶段均需取得相应学历和学位）。\n2.大学英语等级考试四级425分以上。\n3.按《公务员录用体检特殊标准（试行）》进行体检，对《公务员录用体检特殊标准（试行）》未作规定的项目，按《公务员录用体检通用标准（试行）》执行，视力标准可询招录单位。\n4.按《公安机关录用人民警察体能测评项目和标准》进行体能测评。\n5.按《公安机关录用人民警察政治考察工作办法》开展考察。具有《公安机关录用人民警察政治考察工作办法》第八条、第九条情形的，不得报考；父母、配偶或子女已移居国（境）外的，不得报考；非公派原因，曾六个月以上在国（境）外留学、工作、生活的，不得报考。\n6.单位提供食宿，每年有固定探亲假和休假安排。\n7.工资待遇按人民警察标准执行，享受加班补贴和值勤岗位津贴。享受艰苦边远地区补助或高原津贴。\n8.须服从二次分配。\n9.仅限男性报考。\n10.请考生及时关注“移民管理警察招考小助手”微信小程序发布的报考信息。"",""部门网站"":""https://rczk.nia.gov.cn"",""咨询电话1"":""0991-8512120"",""咨询电话2"":""0991-8512115"",""咨询电话3"":"""",""来源Sheet"":""中央国家行政机关省级以下直属机构""}}"
"government_jobs","国家公务员2025招考简章","公务员/事业单位技术岗位","新疆维吾尔自治区乌鲁木齐市","2026-07-28T09:12:58.310295+00:00","乌鲁木齐出入境边防检查站一级警长及以下（四）","新疆出入境边防检查总站","","新疆维吾尔自治区乌鲁木齐市","公务员/事业单位;2025;computer_software;data_ai;仅限本科;学士;080910T数据科学与大数据技术、120108T大数据管理与应用;行政执法类","用人司局：新疆出入境边防检查总站
职位简介：属于公安机关人民警察，主要从事出入境边防检查、监护、巡查和应急处突、大型安保以及大数据平台建设维护、大数据应用与分析等工作，长期驻守口岸。
专业要求：080910T数据科学与大数据技术、120108T大数据管理与应用
学历要求：仅限本科
学位要求：学士
政治面貌：中共党员或共青团员
基层工作经历：无限制
考试类别：行政执法类
备注：1.限应届高校毕业生报考（高等学历教育各阶段均需取得相应学历和学位）。
2.大学英语等级考试四级425分以上。
3.按《公务员录用体检特殊标准（试行）》进行体检，对《公务员录用体检特殊标准（试行）》未作规定的项目，按《公务员录用体检通用标准（试行）》执行，视力标准可询招录单位。
4.按《公安机关录用人民警察体能测评项目和标准》进行体能测评。
5.按《公安机关录用人民警察政治考察工作办法》开展考察。具有《公安机关录用人民警察政治考察工作办法》第八条、第九条情形的，不得报考；父母、配偶或子女已移居国（境）外的，不得报考；非公派原因，曾六个月以上在国（境）外留学、工作、生活的，不得报考。
6.单位提供食宿，每年有固定探亲假和休假安排。
7.工资待遇按人民警察标准执行，享受加班补贴和值勤岗位津贴。享受艰苦边远地区补助或高原津贴。
8.须服从二次分配。
9.仅限男性报考。
10.请考生及时关注“移民管理警察招考小助手”微信小程序发布的报考信息。","https://www.xjhc.gov.cn/xjhc/c116834/202410/a29382e11a674da3be3353af65f9fcc5.shtml#158134-300130134080","2024-10-14","{""dataset_year"":2025,""job_uid"":""GOV-2025-158134-300130134080"",""publisher"":""国家公务员局"",""publication_page"":""https://www.xjhc.gov.cn/xjhc/c116834/202410/a29382e11a674da3be3353af65f9fcc5.shtml"",""attachment_url"":""https://www.xjhc.gov.cn/xjhc/c116834/202410/a29382e11a674da3be3353af65f9fcc5/files/0536cef86e2b46ddad6aae5a3780089e.xls"",""local_source_file"":""2025_guokao_zhaokaojianzhang.xls"",""local_source_sha256"":""07ae6cab368cd21b7a1ac3e8150fe9a3d39ad5171ce76135ff3cccfe50c3e77e"",""source_sheet"":""中央国家行政机关省级以下直属机构"",""filter_version"":""government_tech_v2"",""tech_filter"":{""is_tech"":true,""is_core_tech"":true,""scope"":""core"",""categories"":[""computer_software"",""data_ai""],""matched_fields"":[""major"",""description""],""major_terms"":[""大数据"",""数据科学与大数据技术""],""role_terms"":[""大数据"",""数据平台"",""数据应用""],""reason"":""tech_major_and_role""},""original"":{""部门代码"":""158134"",""部门名称"":""新疆出入境边防检查总站"",""用人司局"":""新疆出入境边防检查总站"",""机构性质"":""中央国家行政机关省级以下直属机构"",""招考职位"":""乌鲁木齐出入境边防检查站一级警长及以下（四）"",""职位属性"":""公安机关人民警察职位"",""职位分布"":""西部地区和艰苦边远地区职位"",""职位简介"":""属于公安机关人民警察，主要从事出入境边防检查、监护、巡查和应急处突、大型安保以及大数据平台建设维护、大数据应用与分析等工作，长期驻守口岸。"",""职位代码"":""300130134080"",""机构层级"":""市（地）级"",""考试类别"":""行政执法类"",""招考人数"":""2"",""专业"":""080910T数据科学与大数据技术、120108T大数据管理与应用"",""学历"":""仅限本科"",""学位"":""学士"",""政治面貌"":""中共党员或共青团员"",""基层工作最低年限"":""无限制"",""服务基层项目工作经历"":""无限制"",""是否在面试阶段组织专业能力测试"":""否"",""面试人员比例"":""3:1"",""工作地点"":""新疆维吾尔自治区乌鲁木齐市"",""落户地点"":""新疆维吾尔自治区乌鲁木齐市"",""备注"":""1.限应届高校毕业生报考（高等学历教育各阶段均需取得相应学历和学位）。\n2.大学英语等级考试四级425分以上。\n3.按《公务员录用体检特殊标准（试行）》进行体检，对《公务员录用体检特殊标准（试行）》未作规定的项目，按《公务员录用体检通用标准（试行）》执行，视力标准可询招录单位。\n4.按《公安机关录用人民警察体能测评项目和标准》进行体能测评。\n5.按《公安机关录用人民警察政治考察工作办法》开展考察。具有《公安机关录用人民警察政治考察工作办法》第八条、第九条情形的，不得报考；父母、配偶或子女已移居国（境）外的，不得报考；非公派原因，曾六个月以上在国（境）外留学、工作、生活的，不得报考。\n6.单位提供食宿，每年有固定探亲假和休假安排。\n7.工资待遇按人民警察标准执行，享受加班补贴和值勤岗位津贴。享受艰苦边远地区补助或高原津贴。\n8.须服从二次分配。\n9.仅限男性报考。\n10.请考生及时关注“移民管理警察招考小助手”微信小程序发布的报考信息。"",""部门网站"":""https://rczk.nia.gov.cn"",""咨询电话1"":""0991-8512120"",""咨询电话2"":""0991-8512115"",""咨询电话3"":"""",""来源Sheet"":""中央国家行政机关省级以下直属机构""}}"
"government_jobs","国家公务员2025招考简章","公务员/事业单位技术岗位","新疆维吾尔自治区博尔塔拉蒙古自治州阿拉山口市","2026-07-28T09:12:58.310295+00:00","阿拉山口出入境边防检查站一级警长及以下（二）","新疆出入境边防检查总站","","新疆维吾尔自治区博尔塔拉蒙古自治州阿拉山口市","公务员/事业单位;2025;computer_software;cybersecurity_cryptography;仅限本科;学士;080911TK网络空间安全、050303广告学、050306T网络与新媒体;行政执法类","用人司局：新疆出入境边防检查总站
职位简介：属于公安机关人民警察，主要从事出入境边防检查、监护、巡查和应急处突、大型安保以及网络信息安全、网络系统维护、新闻宣传与策划等工作，长期驻守口岸。
专业要求：080911TK网络空间安全、050303广告学、050306T网络与新媒体
学历要求：仅限本科
学位要求：学士
政治面貌：中共党员或共青团员
基层工作经历：无限制
考试类别：行政执法类
备注：1.限应届高校毕业生报考（高等学历教育各阶段均需取得相应学历和学位）。
2.大学英语等级考试四级425分以上。
3.按《公务员录用体检特殊标准（试行）》进行体检，对《公务员录用体检特殊标准（试行）》未作规定的项目，按《公务员录用体检通用标准（试行）》执行，视力标准可询招录单位。
4.按《公安机关录用人民警察体能测评项目和标准》进行体能测评。
5.按《公安机关录用人民警察政治考察工作办法》开展考察。具有《公安机关录用人民警察政治考察工作办法》第八条、第九条情形的，不得报考；父母、配偶或子女已移居国（境）外的，不得报考；非公派原因，曾六个月以上在国（境）外留学、工作、生活的，不得报考。
6.单位提供食宿，每年有固定探亲假和休假安排。
7.工资待遇按人民警察标准执行，享受加班补贴和值勤岗位津贴。享受艰苦边远地区补助或高原津贴。
8.须服从二次分配。
9.仅限男性，新疆户籍生源报考。
10.请考生及时关注“移民管理警察招考小助手”微信小程序发布的报考信息。","https://www.xjhc.gov.cn/xjhc/c116834/202410/a29382e11a674da3be3353af65f9fcc5.shtml#158134-300130134085","2024-10-14","{""dataset_year"":2025,""job_uid"":""GOV-2025-158134-300130134085"",""publisher"":""国家公务员局"",""publication_page"":""https://www.xjhc.gov.cn/xjhc/c116834/202410/a29382e11a674da3be3353af65f9fcc5.shtml"",""attachment_url"":""https://www.xjhc.gov.cn/xjhc/c116834/202410/a29382e11a674da3be3353af65f9fcc5/files/0536cef86e2b46ddad6aae5a3780089e.xls"",""local_source_file"":""2025_guokao_zhaokaojianzhang.xls"",""local_source_sha256"":""07ae6cab368cd21b7a1ac3e8150fe9a3d39ad5171ce76135ff3cccfe50c3e77e"",""source_sheet"":""中央国家行政机关省级以下直属机构"",""filter_version"":""government_tech_v2"",""tech_filter"":{""is_tech"":true,""is_core_tech"":true,""scope"":""core"",""categories"":[""computer_software"",""cybersecurity_cryptography""],""matched_fields"":[""major"",""description""],""major_terms"":[""网络空间安全""],""role_terms"":[""信息安全"",""系统维护""],""reason"":""tech_major_and_role""},""original"":{""部门代码"":""158134"",""部门名称"":""新疆出入境边防检查总站"",""用人司局"":""新疆出入境边防检查总站"",""机构性质"":""中央国家行政机关省级以下直属机构"",""招考职位"":""阿拉山口出入境边防检查站一级警长及以下（二）"",""职位属性"":""公安机关人民警察职位"",""职位分布"":""西部地区和艰苦边远地区职位"",""职位简介"":""属于公安机关人民警察，主要从事出入境边防检查、监护、巡查和应急处突、大型安保以及网络信息安全、网络系统维护、新闻宣传与策划等工作，长期驻守口岸。"",""职位代码"":""300130134085"",""机构层级"":""市（地）级"",""考试类别"":""行政执法类"",""招考人数"":""5"",""专业"":""080911TK网络空间安全、050303广告学、050306T网络与新媒体"",""学历"":""仅限本科"",""学位"":""学士"",""政治面貌"":""中共党员或共青团员"",""基层工作最低年限"":""无限制"",""服务基层项目工作经历"":""无限制"",""是否在面试阶段组织专业能力测试"":""否"",""面试人员比例"":""3:1"",""工作地点"":""新疆维吾尔自治区博尔塔拉蒙古自治州阿拉山口市"",""落户地点"":""新疆维吾尔自治区博尔塔拉蒙古自治州阿拉山口市"",""备注"":""1.限应届高校毕业生报考（高等学历教育各阶段均需取得相应学历和学位）。\n2.大学英语等级考试四级425分以上。\n3.按《公务员录用体检特殊标准（试行）》进行体检，对《公务员录用体检特殊标准（试行）》未作规定的项目，按《公务员录用体检通用标准（试行）》执行，视力标准可询招录单位。\n4.按《公安机关录用人民警察体能测评项目和标准》进行体能测评。\n5.按《公安机关录用人民警察政治考察工作办法》开展考察。具有《公安机关录用人民警察政治考察工作办法》第八条、第九条情形的，不得报考；父母、配偶或子女已移居国（境）外的，不得报考；非公派原因，曾六个月以上在国（境）外留学、工作、生活的，不得报考。\n6.单位提供食宿，每年有固定探亲假和休假安排。\n7.工资待遇按人民警察标准执行，享受加班补贴和值勤岗位津贴。享受艰苦边远地区补助或高原津贴。\n8.须服从二次分配。\n9.仅限男性，新疆户籍生源报考。\n10.请考生及时关注“移民管理警察招考小助手”微信小程序发布的报考信息。"",""部门网站"":""https://rczk.nia.gov.cn"",""咨询电话1"":""0991-8512120"",""咨询电话2"":""0991-8512115"",""咨询电话3"":"""",""来源Sheet"":""中央国家行政机关省级以下直属机构""}}"
"government_jobs","国家公务员2025招考简章","公务员/事业单位技术岗位","新疆维吾尔自治区博尔塔拉蒙古自治州阿拉山口市","2026-07-28T09:12:58.310295+00:00","阿拉山口出入境边防检查站一级警长及以下（四）","新疆出入境边防检查总站","","新疆维吾尔自治区博尔塔拉蒙古自治州阿拉山口市","公务员/事业单位;2025;computer_software;data_ai;仅限本科;学士;082009T无人驾驶航空器系统工程、080901计算机科学与技术;行政执法类","用人司局：新疆出入境边防检查总站
职位简介：属于公安机关人民警察，主要从事出入境边防检查、监护、巡查和应急处突、大型安保以及无人机飞行、计算机系统安全与维护、大数据分析等工作，长期驻守口岸。
专业要求：082009T无人驾驶航空器系统工程、080901计算机科学与技术
学历要求：仅限本科
学位要求：学士
政治面貌：中共党员或共青团员
基层工作经历：无限制
考试类别：行政执法类
备注：1.限应届高校毕业生报考（高等学历教育各阶段均需取得相应学历和学位）。
2.大学英语等级考试四级425分以上。
3.按《公务员录用体检特殊标准（试行）》进行体检，对《公务员录用体检特殊标准（试行）》未作规定的项目，按《公务员录用体检通用标准（试行）》执行，视力标准可询招录单位。
4.按《公安机关录用人民警察体能测评项目和标准》进行体能测评。
5.按《公安机关录用人民警察政治考察工作办法》开展考察。具有《公安机关录用人民警察政治考察工作办法》第八条、第九条情形的，不得报考；父母、配偶或子女已移居国（境）外的，不得报考；非公派原因，曾六个月以上在国（境）外留学、工作、生活的，不得报考。
6.单位提供食宿，每年有固定探亲假和休假安排。
7.工资待遇按人民警察标准执行，享受加班补贴和值勤岗位津贴。享受艰苦边远地区补助或高原津贴。
8.须服从二次分配。
9.仅限女性，新疆户籍生源报考。
10.请考生及时关注“移民管理警察招考小助手”微信小程序发布的报考信息。","https://www.xjhc.gov.cn/xjhc/c116834/202410/a29382e11a674da3be3353af65f9fcc5.shtml#158134-300130134087","2024-10-14","{""dataset_year"":2025,""job_uid"":""GOV-2025-158134-300130134087"",""publisher"":""国家公务员局"",""publication_page"":""https://www.xjhc.gov.cn/xjhc/c116834/202410/a29382e11a674da3be3353af65f9fcc5.shtml"",""attachment_url"":""https://www.xjhc.gov.cn/xjhc/c116834/202410/a29382e11a674da3be3353af65f9fcc5/files/0536cef86e2b46ddad6aae5a3780089e.xls"",""local_source_file"":""2025_guokao_zhaokaojianzhang.xls"",""local_source_sha256"":""07ae6cab368cd21b7a1ac3e8150fe9a3d39ad5171ce76135ff3cccfe50c3e77e"",""source_sheet"":""中央国家行政机关省级以下直属机构"",""filter_version"":""government_tech_v2"",""tech_filter"":{""is_tech"":true,""is_core_tech"":true,""scope"":""core"",""categories"":[""computer_software"",""data_ai""],""matched_fields"":[""major"",""description""],""major_terms"":[""计算机科学与技术""],""role_terms"":[""大数据"",""数据分析"",""计算机""],""reason"":""tech_major_and_role""},""original"":{""部门代码"":""158134"",""部门名称"":""新疆出入境边防检查总站"",""用人司局"":""新疆出入境边防检查总站"",""机构性质"":""中央国家行政机关省级以下直属机构"",""招考职位"":""阿拉山口出入境边防检查站一级警长及以下（四）"",""职位属性"":""公安机关人民警察职位"",""职位分布"":""西部地区和艰苦边远地区职位"",""职位简介"":""属于公安机关人民警察，主要从事出入境边防检查、监护、巡查和应急处突、大型安保以及无人机飞行、计算机系统安全与维护、大数据分析等工作，长期驻守口岸。"",""职位代码"":""300130134087"",""机构层级"":""市（地）级"",""考试类别"":""行政执法类"",""招考人数"":""5"",""专业"":""082009T无人驾驶航空器系统工程、080901计算机科学与技术"",""学历"":""仅限本科"",""学位"":""学士"",""政治面貌"":""中共党员或共青团员"",""基层工作最低年限"":""无限制"",""服务基层项目工作经历"":""无限制"",""是否在面试阶段组织专业能力测试"":""否"",""面试人员比例"":""3:1"",""工作地点"":""新疆维吾尔自治区博尔塔拉蒙古自治州阿拉山口市"",""落户地点"":""新疆维吾尔自治区博尔塔拉蒙古自治州阿拉山口市"",""备注"":""1.限应届高校毕业生报考（高等学历教育各阶段均需取得相应学历和学位）。\n2.大学英语等级考试四级425分以上。\n3.按《公务员录用体检特殊标准（试行）》进行体检，对《公务员录用体检特殊标准（试行）》未作规定的项目，按《公务员录用体检通用标准（试行）》执行，视力标准可询招录单位。\n4.按《公安机关录用人民警察体能测评项目和标准》进行体能测评。\n5.按《公安机关录用人民警察政治考察工作办法》开展考察。具有《公安机关录用人民警察政治考察工作办法》第八条、第九条情形的，不得报考；父母、配偶或子女已移居国（境）外的，不得报考；非公派原因，曾六个月以上在国（境）外留学、工作、生活的，不得报考。\n6.单位提供食宿，每年有固定探亲假和休假安排。\n7.工资待遇按人民警察标准执行，享受加班补贴和值勤岗位津贴。享受艰苦边远地区补助或高原津贴。\n8.须服从二次分配。\n9.仅限女性，新疆户籍生源报考。\n10.请考生及时关注“移民管理警察招考小助手”微信小程序发布的报考信息。"",""部门网站"":""https://rczk.nia.gov.cn"",""咨询电话1"":""0991-8512120"",""咨询电话2"":""0991-8512115"",""咨询电话3"":"""",""来源Sheet"":""中央国家行政机关省级以下直属机构""}}"
"government_jobs","国家公务员2025招考简章","公务员/事业单位技术岗位","新疆维吾尔自治区克孜勒苏柯尔克孜自治州乌恰县","2026-07-28T09:12:58.310295+00:00","吐尔尕特出入境边防检查站一级警长及以下（二）","新疆出入境边防检查总站","","新疆维吾尔自治区克孜勒苏柯尔克孜自治州乌恰县","公务员/事业单位;2025;computer_software;cybersecurity_cryptography;data_ai;仅限本科;学士;080901计算机科学与技术、050306T网络与新媒体、030610TK公安情报学、030602K侦查学;行政执法类","用人司局：新疆出入境边防检查总站
职位简介：属于公安机关人民警察，主要从事出入境边防检查、监护、巡查和应急处突、大型安保以及网络信息安全、数据分析、新闻宣传策划、刑事案件侦办等工作，长期驻守口岸。
专业要求：080901计算机科学与技术、050306T网络与新媒体、030610TK公安情报学、030602K侦查学
学历要求：仅限本科
学位要求：学士
政治面貌：中共党员或共青团员
基层工作经历：无限制
考试类别：行政执法类
备注：1.限应届高校毕业生报考（高等学历教育各阶段均需取得相应学历和学位）。
2.大学英语等级考试四级425分以上。
3.按《公务员录用体检特殊标准（试行）》进行体检，对《公务员录用体检特殊标准（试行）》未作规定的项目，按《公务员录用体检通用标准（试行）》执行，视力标准可询招录单位。
4.按《公安机关录用人民警察体能测评项目和标准》进行体能测评。
5.按《公安机关录用人民警察政治考察工作办法》开展考察。具有《公安机关录用人民警察政治考察工作办法》第八条、第九条情形的，不得报考；父母、配偶或子女已移居国（境）外的，不得报考；非公派原因，曾六个月以上在国（境）外留学、工作、生活的，不得报考。
6.单位提供食宿，每年有固定探亲假和休假安排。
7.工资待遇按人民警察标准执行，享受加班补贴和值勤岗位津贴。享受艰苦边远地区补助或高原津贴。
8.须服从二次分配。
9.仅限男性报考。
10.请考生及时关注“移民管理警察招考小助手”微信小程序发布的报考信息。","https://www.xjhc.gov.cn/xjhc/c116834/202410/a29382e11a674da3be3353af65f9fcc5.shtml#158134-300130134089","2024-10-14","{""dataset_year"":2025,""job_uid"":""GOV-2025-158134-300130134089"",""publisher"":""国家公务员局"",""publication_page"":""https://www.xjhc.gov.cn/xjhc/c116834/202410/a29382e11a674da3be3353af65f9fcc5.shtml"",""attachment_url"":""https://www.xjhc.gov.cn/xjhc/c116834/202410/a29382e11a674da3be3353af65f9fcc5/files/0536cef86e2b46ddad6aae5a3780089e.xls"",""local_source_file"":""2025_guokao_zhaokaojianzhang.xls"",""local_source_sha256"":""07ae6cab368cd21b7a1ac3e8150fe9a3d39ad5171ce76135ff3cccfe50c3e77e"",""source_sheet"":""中央国家行政机关省级以下直属机构"",""filter_version"":""government_tech_v2"",""tech_filter"":{""is_tech"":true,""is_core_tech"":true,""scope"":""core"",""categories"":[""computer_software"",""cybersecurity_cryptography"",""data_ai""],""matched_fields"":[""major"",""description""],""major_terms"":[""计算机科学与技术""],""role_terms"":[""信息安全"",""数据分析""],""reason"":""tech_major_and_role""},""original"":{""部门代码"":""158134"",""部门名称"":""新疆出入境边防检查总站"",""用人司局"":""新疆出入境边防检查总站"",""机构性质"":""中央国家行政机关省级以下直属机构"",""招考职位"":""吐尔尕特出入境边防检查站一级警长及以下（二）"",""职位属性"":""公安机关人民警察职位"",""职位分布"":""西部地区和艰苦边远地区职位"",""职位简介"":""属于公安机关人民警察，主要从事出入境边防检查、监护、巡查和应急处突、大型安保以及网络信息安全、数据分析、新闻宣传策划、刑事案件侦办等工作，长期驻守口岸。"",""职位代码"":""300130134089"",""机构层级"":""市（地）级"",""考试类别"":""行政执法类"",""招考人数"":""7"",""专业"":""080901计算机科学与技术、050306T网络与新媒体、030610TK公安情报学、030602K侦查学"",""学历"":""仅限本科"",""学位"":""学士"",""政治面貌"":""中共党员或共青团员"",""基层工作最低年限"":""无限制"",""服务基层项目工作经历"":""无限制"",""是否在面试阶段组织专业能力测试"":""否"",""面试人员比例"":""3:1"",""工作地点"":""新疆维吾尔自治区克孜勒苏柯尔克孜自治州乌恰县"",""落户地点"":""新疆维吾尔自治区克孜勒苏柯尔克孜自治州乌恰县"",""备注"":""1.限应届高校毕业生报考（高等学历教育各阶段均需取得相应学历和学位）。\n2.大学英语等级考试四级425分以上。\n3.按《公务员录用体检特殊标准（试行）》进行体检，对《公务员录用体检特殊标准（试行）》未作规定的项目，按《公务员录用体检通用标准（试行）》执行，视力标准可询招录单位。\n4.按《公安机关录用人民警察体能测评项目和标准》进行体能测评。\n5.按《公安机关录用人民警察政治考察工作办法》开展考察。具有《公安机关录用人民警察政治考察工作办法》第八条、第九条情形的，不得报考；父母、配偶或子女已移居国（境）外的，不得报考；非公派原因，曾六个月以上在国（境）外留学、工作、生活的，不得报考。\n6.单位提供食宿，每年有固定探亲假和休假安排。\n7.工资待遇按人民警察标准执行，享受加班补贴和值勤岗位津贴。享受艰苦边远地区补助或高原津贴。\n8.须服从二次分配。\n9.仅限男性报考。\n10.请考生及时关注“移民管理警察招考小助手”微信小程序发布的报考信息。"",""部门网站"":""https://rczk.nia.gov.cn"",""咨询电话1"":""0991-8512120"",""咨询电话2"":""0991-8512115"",""咨询电话3"":"""",""来源Sheet"":""中央国家行政机关省级以下直属机构""}}"
"government_jobs","国家公务员2025招考简章","公务员/事业单位技术岗位","新疆维吾尔自治区克孜勒苏柯尔克孜自治州乌恰县","2026-07-28T09:12:58.310295+00:00","伊尔克什坦出入境边防检查站一级警长及以下（二）","新疆出入境边防检查总站","","新疆维吾尔自治区克孜勒苏柯尔克孜自治州乌恰县","公务员/事业单位;2025;computer_software;cybersecurity_cryptography;data_ai;仅限本科;学士;080901计算机科学与技术、050306T网络与新媒体、030610TK公安情报学、030602K侦查学;行政执法类","用人司局：新疆出入境边防检查总站
职位简介：属于公安机关人民警察，主要从事出入境边防检查、监护、巡查和应急处突、大型安保以及网络信息安全、数据分析、新闻宣传策划、刑事案件侦办等工作，长期驻守口岸。
专业要求：080901计算机科学与技术、050306T网络与新媒体、030610TK公安情报学、030602K侦查学
学历要求：仅限本科
学位要求：学士
政治面貌：中共党员或共青团员
基层工作经历：无限制
考试类别：行政执法类
备注：1.限应届高校毕业生报考（高等学历教育各阶段均需取得相应学历和学位）。
2.大学英语等级考试四级425分以上。
3.按《公务员录用体检特殊标准（试行）》进行体检，对《公务员录用体检特殊标准（试行）》未作规定的项目，按《公务员录用体检通用标准（试行）》执行，视力标准可询招录单位。
4.按《公安机关录用人民警察体能测评项目和标准》进行体能测评。
5.按《公安机关录用人民警察政治考察工作办法》开展考察。具有《公安机关录用人民警察政治考察工作办法》第八条、第九条情形的，不得报考；父母、配偶或子女已移居国（境）外的，不得报考；非公派原因，曾六个月以上在国（境）外留学、工作、生活的，不得报考。
6.单位提供食宿，每年有固定探亲假和休假安排。
7.工资待遇按人民警察标准执行，享受加班补贴和值勤岗位津贴。享受艰苦边远地区补助或高原津贴。
8.须服从二次分配。
9.仅限男性报考。
10.请考生及时关注“移民管理警察招考小助手”微信小程序发布的报考信息。","https://www.xjhc.gov.cn/xjhc/c116834/202410/a29382e11a674da3be3353af65f9fcc5.shtml#158134-300130134091","2024-10-14","{""dataset_year"":2025,""job_uid"":""GOV-2025-158134-300130134091"",""publisher"":""国家公务员局"",""publication_page"":""https://www.xjhc.gov.cn/xjhc/c116834/202410/a29382e11a674da3be3353af65f9fcc5.shtml"",""attachment_url"":""https://www.xjhc.gov.cn/xjhc/c116834/202410/a29382e11a674da3be3353af65f9fcc5/files/0536cef86e2b46ddad6aae5a3780089e.xls"",""local_source_file"":""2025_guokao_zhaokaojianzhang.xls"",""local_source_sha256"":""07ae6cab368cd21b7a1ac3e8150fe9a3d39ad5171ce76135ff3cccfe50c3e77e"",""source_sheet"":""中央国家行政机关省级以下直属机构"",""filter_version"":""government_tech_v2"",""tech_filter"":{""is_tech"":true,""is_core_tech"":true,""scope"":""core"",""categories"":[""computer_software"",""cybersecurity_cryptography"",""data_ai""],""matched_fields"":[""major"",""description""],""major_terms"":[""计算机科学与技术""],""role_terms"":[""信息安全"",""数据分析""],""reason"":""tech_major_and_role""},""original"":{""部门代码"":""158134"",""部门名称"":""新疆出入境边防检查总站"",""用人司局"":""新疆出入境边防检查总站"",""机构性质"":""中央国家行政机关省级以下直属机构"",""招考职位"":""伊尔克什坦出入境边防检查站一级警长及以下（二）"",""职位属性"":""公安机关人民警察职位"",""职位分布"":""西部地区和艰苦边远地区职位"",""职位简介"":""属于公安机关人民警察，主要从事出入境边防检查、监护、巡查和应急处突、大型安保以及网络信息安全、数据分析、新闻宣传策划、刑事案件侦办等工作，长期驻守口岸。"",""职位代码"":""300130134091"",""机构层级"":""市（地）级"",""考试类别"":""行政执法类"",""招考人数"":""6"",""专业"":""080901计算机科学与技术、050306T网络与新媒体、030610TK公安情报学、030602K侦查学"",""学历"":""仅限本科"",""学位"":""学士"",""政治面貌"":""中共党员或共青团员"",""基层工作最低年限"":""无限制"",""服务基层项目工作经历"":""无限制"",""是否在面试阶段组织专业能力测试"":""否"",""面试人员比例"":""3:1"",""工作地点"":""新疆维吾尔自治区克孜勒苏柯尔克孜自治州乌恰县"",""落户地点"":""新疆维吾尔自治区克孜勒苏柯尔克孜自治州乌恰县"",""备注"":""1.限应届高校毕业生报考（高等学历教育各阶段均需取得相应学历和学位）。\n2.大学英语等级考试四级425分以上。\n3.按《公务员录用体检特殊标准（试行）》进行体检，对《公务员录用体检特殊标准（试行）》未作规定的项目，按《公务员录用体检通用标准（试行）》执行，视力标准可询招录单位。\n4.按《公安机关录用人民警察体能测评项目和标准》进行体能测评。\n5.按《公安机关录用人民警察政治考察工作办法》开展考察。具有《公安机关录用人民警察政治考察工作办法》第八条、第九条情形的，不得报考；父母、配偶或子女已移居国（境）外的，不得报考；非公派原因，曾六个月以上在国（境）外留学、工作、生活的，不得报考。\n6.单位提供食宿，每年有固定探亲假和休假安排。\n7.工资待遇按人民警察标准执行，享受加班补贴和值勤岗位津贴。享受艰苦边远地区补助或高原津贴。\n8.须服从二次分配。\n9.仅限男性报考。\n10.请考生及时关注“移民管理警察招考小助手”微信小程序发布的报考信息。"",""部门网站"":""https://rczk.nia.gov.cn"",""咨询电话1"":""0991-8512120"",""咨询电话2"":""0991-8512115"",""咨询电话3"":"""",""来源Sheet"":""中央国家行政机关省级以下直属机构""}}"
"government_jobs","国家公务员2025招考简章","公务员/事业单位技术岗位","新疆维吾尔自治区喀什地区塔什库尔干塔吉克自治县","2026-07-28T09:12:58.310295+00:00","红其拉甫出入境边防检查站一级警长及以下（二）","新疆出入境边防检查总站","","新疆维吾尔自治区喀什地区塔什库尔干塔吉克自治县","公务员/事业单位;2025;computer_software;data_ai;仅限本科;学士;080901计算机科学与技术、080910T数据科学与大数据技术;行政执法类","用人司局：新疆出入境边防检查总站
职位简介：属于公安机关人民警察，主要从事出入境边防检查、监护、巡查和应急处突、大型安保以及计算机系统运维、大数据平台建设维护、大数据应用与分析等工作，长期驻守口岸。
专业要求：080901计算机科学与技术、080910T数据科学与大数据技术
学历要求：仅限本科
学位要求：学士
政治面貌：中共党员或共青团员
基层工作经历：无限制
考试类别：行政执法类
备注：1.限应届高校毕业生报考（高等学历教育各阶段均需取得相应学历和学位）。
2.大学英语等级考试四级425分以上。
3.按《公务员录用体检特殊标准（试行）》进行体检，对《公务员录用体检特殊标准（试行）》未作规定的项目，按《公务员录用体检通用标准（试行）》执行，视力标准可询招录单位。
4.按《公安机关录用人民警察体能测评项目和标准》进行体能测评。
5.按《公安机关录用人民警察政治考察工作办法》开展考察。具有《公安机关录用人民警察政治考察工作办法》第八条、第九条情形的，不得报考；父母、配偶或子女已移居国（境）外的，不得报考；非公派原因，曾六个月以上在国（境）外留学、工作、生活的，不得报考。
6.单位提供食宿，每年有固定探亲假和休假安排。
7.工资待遇按人民警察标准执行，享受加班补贴和值勤岗位津贴。享受艰苦边远地区补助或高原津贴。
8.须服从二次分配。
9.仅限男性报考。
10.请考生及时关注“移民管理警察招考小助手”微信小程序发布的报考信息。","https://www.xjhc.gov.cn/xjhc/c116834/202410/a29382e11a674da3be3353af65f9fcc5.shtml#158134-300130134095","2024-10-14","{""dataset_year"":2025,""job_uid"":""GOV-2025-158134-300130134095"",""publisher"":""国家公务员局"",""publication_page"":""https://www.xjhc.gov.cn/xjhc/c116834/202410/a29382e11a674da3be3353af65f9fcc5.shtml"",""attachment_url"":""https://www.xjhc.gov.cn/xjhc/c116834/202410/a29382e11a674da3be3353af65f9fcc5/files/0536cef86e2b46ddad6aae5a3780089e.xls"",""local_source_file"":""2025_guokao_zhaokaojianzhang.xls"",""local_source_sha256"":""07ae6cab368cd21b7a1ac3e8150fe9a3d39ad5171ce76135ff3cccfe50c3e77e"",""source_sheet"":""中央国家行政机关省级以下直属机构"",""filter_version"":""government_tech_v2"",""tech_filter"":{""is_tech"":true,""is_core_tech"":true,""scope"":""core"",""categories"":[""computer_software"",""data_ai""],""matched_fields"":[""major"",""description""],""major_terms"":[""大数据"",""数据科学与大数据技术"",""计算机科学与技术""],""role_terms"":[""大数据"",""数据平台"",""数据应用"",""系统运维"",""计算机""],""reason"":""tech_major_and_role""},""original"":{""部门代码"":""158134"",""部门名称"":""新疆出入境边防检查总站"",""用人司局"":""新疆出入境边防检查总站"",""机构性质"":""中央国家行政机关省级以下直属机构"",""招考职位"":""红其拉甫出入境边防检查站一级警长及以下（二）"",""职位属性"":""公安机关人民警察职位"",""职位分布"":""西部地区和艰苦边远地区职位"",""职位简介"":""属于公安机关人民警察，主要从事出入境边防检查、监护、巡查和应急处突、大型安保以及计算机系统运维、大数据平台建设维护、大数据应用与分析等工作，长期驻守口岸。"",""职位代码"":""300130134095"",""机构层级"":""市（地）级"",""考试类别"":""行政执法类"",""招考人数"":""4"",""专业"":""080901计算机科学与技术、080910T数据科学与大数据技术"",""学历"":""仅限本科"",""学位"":""学士"",""政治面貌"":""中共党员或共青团员"",""基层工作最低年限"":""无限制"",""服务基层项目工作经历"":""无限制"",""是否在面试阶段组织专业能力测试"":""否"",""面试人员比例"":""3:1"",""工作地点"":""新疆维吾尔自治区喀什地区塔什库尔干塔吉克自治县"",""落户地点"":""新疆维吾尔自治区喀什地区塔什库尔干塔吉克自治县"",""备注"":""1.限应届高校毕业生报考（高等学历教育各阶段均需取得相应学历和学位）。\n2.大学英语等级考试四级425分以上。\n3.按《公务员录用体检特殊标准（试行）》进行体检，对《公务员录用体检特殊标准（试行）》未作规定的项目，按《公务员录用体检通用标准（试行）》执行，视力标准可询招录单位。\n4.按《公安机关录用人民警察体能测评项目和标准》进行体能测评。\n5.按《公安机关录用人民警察政治考察工作办法》开展考察。具有《公安机关录用人民警察政治考察工作办法》第八条、第九条情形的，不得报考；父母、配偶或子女已移居国（境）外的，不得报考；非公派原因，曾六个月以上在国（境）外留学、工作、生活的，不得报考。\n6.单位提供食宿，每年有固定探亲假和休假安排。\n7.工资待遇按人民警察标准执行，享受加班补贴和值勤岗位津贴。享受艰苦边远地区补助或高原津贴。\n8.须服从二次分配。\n9.仅限男性报考。\n10.请考生及时关注“移民管理警察招考小助手”微信小程序发布的报考信息。"",""部门网站"":""https://rczk.nia.gov.cn"",""咨询电话1"":""0991-8512120"",""咨询电话2"":""0991-8512115"",""咨询电话3"":"""",""来源Sheet"":""中央国家行政机关省级以下直属机构""}}"
"government_jobs","国家公务员2025招考简章","公务员/事业单位技术岗位","新疆维吾尔自治区喀什地区喀什市","2026-07-28T09:12:58.310295+00:00","喀什出入境边防检查站一级警长及以下（三）","新疆出入境边防检查总站","","新疆维吾尔自治区喀什地区喀什市","公务员/事业单位;2025;computer_software;data_ai;仅限本科;学士;082009T无人驾驶航空器系统工程、080901计算机科学与技术;行政执法类","用人司局：新疆出入境边防检查总站
职位简介：属于公安机关人民警察，主要从事出入境边防检查、监护、巡查和应急处突、大型安保以及无人机飞行、计算机系统安全与维护、大数据分析等工作，长期驻守口岸。
专业要求：082009T无人驾驶航空器系统工程、080901计算机科学与技术
学历要求：仅限本科
学位要求：学士
政治面貌：中共党员或共青团员
基层工作经历：无限制
考试类别：行政执法类
备注：1.限应届高校毕业生报考（高等学历教育各阶段均需取得相应学历和学位）。
2.大学英语等级考试四级425分以上。
3.按《公务员录用体检特殊标准（试行）》进行体检，对《公务员录用体检特殊标准（试行）》未作规定的项目，按《公务员录用体检通用标准（试行）》执行，视力标准可询招录单位。
4.按《公安机关录用人民警察体能测评项目和标准》进行体能测评。
5.按《公安机关录用人民警察政治考察工作办法》开展考察。具有《公安机关录用人民警察政治考察工作办法》第八条、第九条情形的，不得报考；父母、配偶或子女已移居国（境）外的，不得报考；非公派原因，曾六个月以上在国（境）外留学、工作、生活的，不得报考。
6.单位提供食宿，每年有固定探亲假和休假安排。
7.工资待遇按人民警察标准执行，享受加班补贴和值勤岗位津贴。享受艰苦边远地区补助或高原津贴。
8.须服从二次分配。
9.仅限女性，新疆户籍生源报考。
10.请考生及时关注“移民管理警察招考小助手”微信小程序发布的报考信息。","https://www.xjhc.gov.cn/xjhc/c116834/202410/a29382e11a674da3be3353af65f9fcc5.shtml#158134-300130134110","2024-10-14","{""dataset_year"":2025,""job_uid"":""GOV-2025-158134-300130134110"",""publisher"":""国家公务员局"",""publication_page"":""https://www.xjhc.gov.cn/xjhc/c116834/202410/a29382e11a674da3be3353af65f9fcc5.shtml"",""attachment_url"":""https://www.xjhc.gov.cn/xjhc/c116834/202410/a29382e11a674da3be3353af65f9fcc5/files/0536cef86e2b46ddad6aae5a3780089e.xls"",""local_source_file"":""2025_guokao_zhaokaojianzhang.xls"",""local_source_sha256"":""07ae6cab368cd21b7a1ac3e8150fe9a3d39ad5171ce76135ff3cccfe50c3e77e"",""source_sheet"":""中央国家行政机关省级以下直属机构"",""filter_version"":""government_tech_v2"",""tech_filter"":{""is_tech"":true,""is_core_tech"":true,""scope"":""core"",""categories"":[""computer_software"",""data_ai""],""matched_fields"":[""major"",""description""],""major_terms"":[""计算机科学与技术""],""role_terms"":[""大数据"",""数据分析"",""计算机""],""reason"":""tech_major_and_role""},""original"":{""部门代码"":""158134"",""部门名称"":""新疆出入境边防检查总站"",""用人司局"":""新疆出入境边防检查总站"",""机构性质"":""中央国家行政机关省级以下直属机构"",""招考职位"":""喀什出入境边防检查站一级警长及以下（三）"",""职位属性"":""公安机关人民警察职位"",""职位分布"":""西部地区和艰苦边远地区职位"",""职位简介"":""属于公安机关人民警察，主要从事出入境边防检查、监护、巡查和应急处突、大型安保以及无人机飞行、计算机系统安全与维护、大数据分析等工作，长期驻守口岸。"",""职位代码"":""300130134110"",""机构层级"":""市（地）级"",""考试类别"":""行政执法类"",""招考人数"":""2"",""专业"":""082009T无人驾驶航空器系统工程、080901计算机科学与技术"",""学历"":""仅限本科"",""学位"":""学士"",""政治面貌"":""中共党员或共青团员"",""基层工作最低年限"":""无限制"",""服务基层项目工作经历"":""无限制"",""是否在面试阶段组织专业能力测试"":""否"",""面试人员比例"":""3:1"",""工作地点"":""新疆维吾尔自治区喀什地区喀什市"",""落户地点"":""新疆维吾尔自治区喀什地区喀什市"",""备注"":""1.限应届高校毕业生报考（高等学历教育各阶段均需取得相应学历和学位）。\n2.大学英语等级考试四级425分以上。\n3.按《公务员录用体检特殊标准（试行）》进行体检，对《公务员录用体检特殊标准（试行）》未作规定的项目，按《公务员录用体检通用标准（试行）》执行，视力标准可询招录单位。\n4.按《公安机关录用人民警察体能测评项目和标准》进行体能测评。\n5.按《公安机关录用人民警察政治考察工作办法》开展考察。具有《公安机关录用人民警察政治考察工作办法》第八条、第九条情形的，不得报考；父母、配偶或子女已移居国（境）外的，不得报考；非公派原因，曾六个月以上在国（境）外留学、工作、生活的，不得报考。\n6.单位提供食宿，每年有固定探亲假和休假安排。\n7.工资待遇按人民警察标准执行，享受加班补贴和值勤岗位津贴。享受艰苦边远地区补助或高原津贴。\n8.须服从二次分配。\n9.仅限女性，新疆户籍生源报考。\n10.请考生及时关注“移民管理警察招考小助手”微信小程序发布的报考信息。"",""部门网站"":""https://rczk.nia.gov.cn"",""咨询电话1"":""0991-8512120"",""咨询电话2"":""0991-8512115"",""咨询电话3"":"""",""来源Sheet"":""中央国家行政机关省级以下直属机构""}}"
"government_jobs","国家公务员2025招考简章","公务员/事业单位技术岗位","北京市","2026-07-28T09:12:58.310295+00:00","训练处一级警长及以下（二）","国家移民管理局常备力量第一总队","","北京市","公务员/事业单位;2025;computer_software;electronics_communication;本科及以上;与最高学历相对应的学位;计算机科学与技术、软件工程、信息与通信工程;行政执法类","用人司局：国家移民管理局常备力量第一总队
职位简介：属于公安机关人民警察，主要承担文稿、公文起草、信息系统运维保障，需24小时值班。
专业要求：计算机科学与技术、软件工程、信息与通信工程
学历要求：本科及以上
学位要求：与最高学历相对应的学位
政治面貌：中共党员
基层工作经历：无限制
考试类别：行政执法类
备注：1．限2025届高校毕业生报考（高等学历教育各阶段均需取得相应学历和学位），报名时需注明专业代码。
2．大学英语等级考试六级500分以上。
3．按《公务员录用体检特殊标准（试行）》进行体检，对《公务员录用体检特殊标准（试行）》未作规定的项目，按《公务员录用体检通用标准（试行）》执行，视力标准可询招录单位。
4．按《公安机关录用人民警察体能测评项目和标准》进行体能测评。
5．按《公安机关录用人民警察政治考察工作办法》开展考察。具有《公安机关录用人民警察政治考察工作办法》第八条、第九条情形的，不得报考；父母、配偶或子女已移居国（境）外的，不得报考；非公派原因，曾六个月以上在国（境）外留学、工作、生活的，不得报考。
6．限男性报考。 
7．须服从二次分配，在本单位最低服务年限五年（含试用期）。
8．请考生及时关注“移民管理警察招考小助手”微信小程序发布的报考信息。
9．咨询电话：010-66265724、5730、5734","https://www.xjhc.gov.cn/xjhc/c116834/202410/a29382e11a674da3be3353af65f9fcc5.shtml#158201-300130001003","2024-10-14","{""dataset_year"":2025,""job_uid"":""GOV-2025-158201-300130001003"",""publisher"":""国家公务员局"",""publication_page"":""https://www.xjhc.gov.cn/xjhc/c116834/202410/a29382e11a674da3be3353af65f9fcc5.shtml"",""attachment_url"":""https://www.xjhc.gov.cn/xjhc/c116834/202410/a29382e11a674da3be3353af65f9fcc5/files/0536cef86e2b46ddad6aae5a3780089e.xls"",""local_source_file"":""2025_guokao_zhaokaojianzhang.xls"",""local_source_sha256"":""07ae6cab368cd21b7a1ac3e8150fe9a3d39ad5171ce76135ff3cccfe50c3e77e"",""source_sheet"":""中央国家行政机关省级以下直属机构"",""filter_version"":""government_tech_v2"",""tech_filter"":{""is_tech"":true,""is_core_tech"":true,""scope"":""core"",""categories"":[""computer_software"",""electronics_communication""],""matched_fields"":[""major"",""description""],""major_terms"":[""信息与通信工程"",""计算机科学与技术"",""软件工程"",""通信工程""],""role_terms"":[""信息系统"",""系统运维""],""reason"":""tech_major_and_role""},""original"":{""部门代码"":""158201"",""部门名称"":""国家移民管理局常备力量第一总队"",""用人司局"":""国家移民管理局常备力量第一总队"",""机构性质"":""中央国家行政机关省级以下直属机构"",""招考职位"":""训练处一级警长及以下（二）"",""职位属性"":""公安机关人民警察职位"",""职位分布"":""其他职位"",""职位简介"":""属于公安机关人民警察，主要承担文稿、公文起草、信息系统运维保障，需24小时值班。"",""职位代码"":""300130001003"",""机构层级"":""市（地）级"",""考试类别"":""行政执法类"",""招考人数"":""1"",""专业"":""计算机科学与技术、软件工程、信息与通信工程"",""学历"":""本科及以上"",""学位"":""与最高学历相对应的学位"",""政治面貌"":""中共党员"",""基层工作最低年限"":""无限制"",""服务基层项目工作经历"":""无限制"",""是否在面试阶段组织专业能力测试"":""否"",""面试人员比例"":""3:1"",""工作地点"":""北京市"",""落户地点"":""北京市"",""备注"":""1．限2025届高校毕业生报考（高等学历教育各阶段均需取得相应学历和学位），报名时需注明专业代码。\n2．大学英语等级考试六级500分以上。\n3．按《公务员录用体检特殊标准（试行）》进行体检，对《公务员录用体检特殊标准（试行）》未作规定的项目，按《公务员录用体检通用标准（试行）》执行，视力标准可询招录单位。\n4．按《公安机关录用人民警察体能测评项目和标准》进行体能测评。\n5．按《公安机关录用人民警察政治考察工作办法》开展考察。具有《公安机关录用人民警察政治考察工作办法》第八条、第九条情形的，不得报考；父母、配偶或子女已移居国（境）外的，不得报考；非公派原因，曾六个月以上在国（境）外留学、工作、生活的，不得报考。\n6．限男性报考。 \n7．须服从二次分配，在本单位最低服务年限五年（含试用期）。\n8．请考生及时关注“移民管理警察招考小助手”微信小程序发布的报考信息。\n9．咨询电话：010-66265724、5730、5734"",""部门网站"":""https://rczk.nia.gov.cn"",""咨询电话1"":""010-85277681"",""咨询电话2"":""010-85277685"",""咨询电话3"":""010-66265724"",""来源Sheet"":""中央国家行政机关省级以下直属机构""}}"
"government_jobs","国家公务员2025招考简章","公务员/事业单位技术岗位","北京市","2026-07-28T09:12:58.310295+00:00","执行队一级警长及以下（十）","国家移民管理局北京遣返中心","","北京市","公务员/事业单位;2025;computer_software;data_ai;electronics_communication;硕士研究生及以上;与最高学历相对应的学位;电子科学与技术（0809）、信息与通信工程（0810）、 计算机科学与技术（0812）、电子信息（0854）;行政执法类","用人司局：国家移民管理局北京遣返中心
职位简介：属于公安机关人民警察，主要从事“三非”外国人的监管、审查、遣送出境和大数据核查、网络通信保障等相关工作。实行轮流倒班工作制，夜间执勤较多，法定休息日及节假日不能保证正常休息休假。
专业要求：电子科学与技术（0809）、信息与通信工程（0810）、 计算机科学与技术（0812）、电子信息（0854）
学历要求：硕士研究生及以上
学位要求：与最高学历相对应的学位
政治面貌：中共党员或共青团员
基层工作经历：无限制
考试类别：行政执法类
备注：1．限应届高校毕业生报考（高等学历教育各阶段均需取得相应学历和学位）。
2．英语水平至少达到以下之一：PETS三级、雅思4.5分及以上、托福60分及以上、大学英语等级考试四级425分及以上，报名时须注明外语成绩。
3．有固定的探亲假和休假安排，工资待遇按人民警察标准执行，享受加班补贴和值勤岗位津贴。
4．本单位为新组建单位，工作和落户地点在北京，具体位置待定，可提供集体宿舍。
5．按《公务员录用体检特殊标准（试行）》进行体检，对《公务员录用体检特殊标准（试行）》未作规定的项目，按《公务员录用体检通用标准（试行）》执行，视力标准可询招录单位。
6．按《公安机关录用人民警察体能测评项目和标准》进行体能测评。
7．按《公安机关录用人民警察政治考察工作办法》开展考察。具有《公安机关录用人民警察政治考察工作办法》第八条、第九条情形的，不得报考；父母、配偶或子女已移居国（境）外的，不得报考；非公派原因曾六个月以上在国（境）外留学、工作、生活的，不得报考。
8．请考生及时关注“移民管理警察招考小助手”微信小程序发布的报考信息。","https://www.xjhc.gov.cn/xjhc/c116834/202410/a29382e11a674da3be3353af65f9fcc5.shtml#158203-300130001010","2024-10-14","{""dataset_year"":2025,""job_uid"":""GOV-2025-158203-300130001010"",""publisher"":""国家公务员局"",""publication_page"":""https://www.xjhc.gov.cn/xjhc/c116834/202410/a29382e11a674da3be3353af65f9fcc5.shtml"",""attachment_url"":""https://www.xjhc.gov.cn/xjhc/c116834/202410/a29382e11a674da3be3353af65f9fcc5/files/0536cef86e2b46ddad6aae5a3780089e.xls"",""local_source_file"":""2025_guokao_zhaokaojianzhang.xls"",""local_source_sha256"":""07ae6cab368cd21b7a1ac3e8150fe9a3d39ad5171ce76135ff3cccfe50c3e77e"",""source_sheet"":""中央国家行政机关省级以下直属机构"",""filter_version"":""government_tech_v2"",""tech_filter"":{""is_tech"":true,""is_core_tech"":true,""scope"":""core"",""categories"":[""computer_software"",""data_ai"",""electronics_communication""],""matched_fields"":[""major"",""description""],""major_terms"":[""信息与通信工程"",""电子信息"",""电子科学与技术"",""计算机科学与技术"",""通信工程""],""role_terms"":[""大数据""],""reason"":""tech_major_and_role""},""original"":{""部门代码"":""158203"",""部门名称"":""国家移民管理局北京遣返中心"",""用人司局"":""国家移民管理局北京遣返中心"",""机构性质"":""中央国家行政机关省级以下直属机构"",""招考职位"":""执行队一级警长及以下（十）"",""职位属性"":""公安机关人民警察职位"",""职位分布"":""其他职位"",""职位简介"":""属于公安机关人民警察，主要从事“三非”外国人的监管、审查、遣送出境和大数据核查、网络通信保障等相关工作。实行轮流倒班工作制，夜间执勤较多，法定休息日及节假日不能保证正常休息休假。"",""职位代码"":""300130001010"",""机构层级"":""市（地）级"",""考试类别"":""行政执法类"",""招考人数"":""2"",""专业"":""电子科学与技术（0809）、信息与通信工程（0810）、 计算机科学与技术（0812）、电子信息（0854）"",""学历"":""硕士研究生及以上"",""学位"":""与最高学历相对应的学位"",""政治面貌"":""中共党员或共青团员"",""基层工作最低年限"":""无限制"",""服务基层项目工作经历"":""无限制"",""是否在面试阶段组织专业能力测试"":""否"",""面试人员比例"":""3:1"",""工作地点"":""北京市"",""落户地点"":""北京市"",""备注"":""1．限应届高校毕业生报考（高等学历教育各阶段均需取得相应学历和学位）。\n2．英语水平至少达到以下之一：PETS三级、雅思4.5分及以上、托福60分及以上、大学英语等级考试四级425分及以上，报名时须注明外语成绩。\n3．有固定的探亲假和休假安排，工资待遇按人民警察标准执行，享受加班补贴和值勤岗位津贴。\n4．本单位为新组建单位，工作和落户地点在北京，具体位置待定，可提供集体宿舍。\n5．按《公务员录用体检特殊标准（试行）》进行体检，对《公务员录用体检特殊标准（试行）》未作规定的项目，按《公务员录用体检通用标准（试行）》执行，视力标准可询招录单位。\n6．按《公安机关录用人民警察体能测评项目和标准》进行体能测评。\n7．按《公安机关录用人民警察政治考察工作办法》开展考察。具有《公安机关录用人民警察政治考察工作办法》第八条、第九条情形的，不得报考；父母、配偶或子女已移居国（境）外的，不得报考；非公派原因曾六个月以上在国（境）外留学、工作、生活的，不得报考。\n8．请考生及时关注“移民管理警察招考小助手”微信小程序发布的报考信息。"",""部门网站"":""https://rczk.nia.gov.cn"",""咨询电话1"":""010-83926622"",""咨询电话2"":""010-83926622"",""咨询电话3"":""010-83926622"",""来源Sheet"":""中央国家行政机关省级以下直属机构""}}"
"government_jobs","国家公务员2025招考简章","公务员/事业单位技术岗位","北京市","2026-07-28T09:12:58.310295+00:00","执行队一级警长及以下（二十二）","国家移民管理局北京遣返中心","","北京市","公务员/事业单位;2025;computer_software;electronics_communication;硕士研究生及以上;与最高学历相对应的学位;计算机科学与技术（0775、0812）、软件工程（0835）、电子信息（0854）、信息与通信工程（0810）;行政执法类","用人司局：国家移民管理局北京遣返中心
职位简介：属于公安机关人民警察，承担信息化系统建设管理、信息网络、以及技术装备研发应用等工作。
专业要求：计算机科学与技术（0775、0812）、软件工程（0835）、电子信息（0854）、信息与通信工程（0810）
学历要求：硕士研究生及以上
学位要求：与最高学历相对应的学位
政治面貌：中共党员或共青团员
基层工作经历：无限制
考试类别：行政执法类
备注：1．限2025届高校毕业生报考（高等学历教育各阶段均需取得相应学历和学位），限以主修专业报考。
2．大学英语等级考试六级425分以上。
3．按《公务员录用体检特殊标准（试行）》进行体检，对《公务员录用体检特殊标准（试行）》未作规定的项目，按《公务员录用体检通用标准（试行）》执行，视力标准可询招录单位。
4．按《公安机关录用人民警察体能测评项目和标准》进行体能测评。
5．按《公安机关录用人民警察政治考察工作办法》开展考察。具有《公安机关录用人民警察政治考察工作办法》第八条、第九条情形的，不得报考；父母、配偶或子女已移居国（境）外的，不得报考；非公派原因，曾六个月以上在国（境）外留学、工作、生活的，不得报考。
6．具有较强的语言表达和公文写作能力
7．须服从二次分配；在本单位最低服务年限五年（含试用期）。
8．仅限男性报考。
9．请考生及时关注“移民管理警察招考小助手”微信小程序发布的报考信息。
10．咨询电话：010-66265724、5730、5734","https://www.xjhc.gov.cn/xjhc/c116834/202410/a29382e11a674da3be3353af65f9fcc5.shtml#158203-300130001022","2024-10-14","{""dataset_year"":2025,""job_uid"":""GOV-2025-158203-300130001022"",""publisher"":""国家公务员局"",""publication_page"":""https://www.xjhc.gov.cn/xjhc/c116834/202410/a29382e11a674da3be3353af65f9fcc5.shtml"",""attachment_url"":""https://www.xjhc.gov.cn/xjhc/c116834/202410/a29382e11a674da3be3353af65f9fcc5/files/0536cef86e2b46ddad6aae5a3780089e.xls"",""local_source_file"":""2025_guokao_zhaokaojianzhang.xls"",""local_source_sha256"":""07ae6cab368cd21b7a1ac3e8150fe9a3d39ad5171ce76135ff3cccfe50c3e77e"",""source_sheet"":""中央国家行政机关省级以下直属机构"",""filter_version"":""government_tech_v2"",""tech_filter"":{""is_tech"":true,""is_core_tech"":true,""scope"":""core"",""categories"":[""computer_software"",""electronics_communication""],""matched_fields"":[""major"",""description""],""major_terms"":[""信息与通信工程"",""电子信息"",""计算机科学与技术"",""软件工程"",""通信工程""],""role_terms"":[""信息化"",""系统建设""],""reason"":""tech_major_and_role""},""original"":{""部门代码"":""158203"",""部门名称"":""国家移民管理局北京遣返中心"",""用人司局"":""国家移民管理局北京遣返中心"",""机构性质"":""中央国家行政机关省级以下直属机构"",""招考职位"":""执行队一级警长及以下（二十二）"",""职位属性"":""公安机关人民警察职位"",""职位分布"":""其他职位"",""职位简介"":""属于公安机关人民警察，承担信息化系统建设管理、信息网络、以及技术装备研发应用等工作。"",""职位代码"":""300130001022"",""机构层级"":""市（地）级"",""考试类别"":""行政执法类"",""招考人数"":""2"",""专业"":""计算机科学与技术（0775、0812）、软件工程（0835）、电子信息（0854）、信息与通信工程（0810）"",""学历"":""硕士研究生及以上"",""学位"":""与最高学历相对应的学位"",""政治面貌"":""中共党员或共青团员"",""基层工作最低年限"":""无限制"",""服务基层项目工作经历"":""无限制"",""是否在面试阶段组织专业能力测试"":""否"",""面试人员比例"":""3:1"",""工作地点"":""北京市"",""落户地点"":""北京市"",""备注"":""1．限2025届高校毕业生报考（高等学历教育各阶段均需取得相应学历和学位），限以主修专业报考。\n2．大学英语等级考试六级425分以上。\n3．按《公务员录用体检特殊标准（试行）》进行体检，对《公务员录用体检特殊标准（试行）》未作规定的项目，按《公务员录用体检通用标准（试行）》执行，视力标准可询招录单位。\n4．按《公安机关录用人民警察体能测评项目和标准》进行体能测评。\n5．按《公安机关录用人民警察政治考察工作办法》开展考察。具有《公安机关录用人民警察政治考察工作办法》第八条、第九条情形的，不得报考；父母、配偶或子女已移居国（境）外的，不得报考；非公派原因，曾六个月以上在国（境）外留学、工作、生活的，不得报考。\n6．具有较强的语言表达和公文写作能力\n7．须服从二次分配；在本单位最低服务年限五年（含试用期）。\n8．仅限男性报考。\n9．请考生及时关注“移民管理警察招考小助手”微信小程序发布的报考信息。\n10．咨询电话：010-66265724、5730、5734"",""部门网站"":""https://rczk.nia.gov.cn"",""咨询电话1"":""010-83926622"",""咨询电话2"":""010-83926622"",""咨询电话3"":""010-83926622"",""来源Sheet"":""中央国家行政机关省级以下直属机构""}}"
"government_jobs","国家公务员2025招考简章","公务员/事业单位技术岗位","吉林省长春市","2026-07-28T09:12:58.310295+00:00","执行队一级警长及以下（十）","国家移民管理局长春遣返中心","","吉林省长春市","公务员/事业单位;2025;computer_software;cybersecurity_cryptography;electronics_communication;本科及以上;与最高学历相对应的学位;计算机科学与技术、软件工程、数据科学与大数据技术、电子科学与技术、网络空间安全、网络安全与执法、计算机类（0775）;行政执法类","用人司局：国家移民管理局长春遣返中心
职位简介：属于公安机关人民警察，从事信息科技和外国人管理等工作。实行轮流倒班工作制，参加值班备勤，需承担应急处突、安保维稳任务。
专业要求：计算机科学与技术、软件工程、数据科学与大数据技术、电子科学与技术、网络空间安全、网络安全与执法、计算机类（0775）
学历要求：本科及以上
学位要求：与最高学历相对应的学位
政治面貌：中共党员或共青团员
基层工作经历：无限制
考试类别：行政执法类
备注：1.高等学历教育各阶段均需取得相应学历和学位。
2.大学英语等级考试四级425分以上。
3.按《公务员录用体检特殊标准（试行）》进行体检。对《公务员录用体检特殊标准（试行）》未作规定的项目，按《公务员录用体检通用标准（试行）》执行。
4.按《公安机关录用人民警察体能测评项目和标准》进行体能测评。
5.按《公安机关录用人民警察政治考察工作办法》开展考察。具有《公安机关录用人民警察政治考察工作办法》第八条、第九条情形的，不得报考；父母、配偶或子女已移居国（境）外的，不得报考；非公派原因，曾六个月以上在国（境）外留学、工作、生活的，不得报考。
6.在本单位最低服务年限五年（含试用期）。
7.工资待遇按人民警察标准执行，享受加班补贴和值勤岗位津贴。有固定的探亲假和休假安排。
8.请考生及时关注“移民管理警察招考小助手”微信小程序发布的报考信息。","https://www.xjhc.gov.cn/xjhc/c116834/202410/a29382e11a674da3be3353af65f9fcc5.shtml#158204-300130001011","2024-10-14","{""dataset_year"":2025,""job_uid"":""GOV-2025-158204-300130001011"",""publisher"":""国家公务员局"",""publication_page"":""https://www.xjhc.gov.cn/xjhc/c116834/202410/a29382e11a674da3be3353af65f9fcc5.shtml"",""attachment_url"":""https://www.xjhc.gov.cn/xjhc/c116834/202410/a29382e11a674da3be3353af65f9fcc5/files/0536cef86e2b46ddad6aae5a3780089e.xls"",""local_source_file"":""2025_guokao_zhaokaojianzhang.xls"",""local_source_sha256"":""07ae6cab368cd21b7a1ac3e8150fe9a3d39ad5171ce76135ff3cccfe50c3e77e"",""source_sheet"":""中央国家行政机关省级以下直属机构"",""filter_version"":""government_tech_v2"",""tech_filter"":{""is_tech"":true,""is_core_tech"":true,""scope"":""core"",""categories"":[""computer_software"",""cybersecurity_cryptography"",""electronics_communication""],""matched_fields"":[""major"",""description""],""major_terms"":[""大数据"",""数据科学与大数据技术"",""电子科学与技术"",""网络安全"",""网络空间安全"",""计算机科学与技术"",""计算机类"",""软件工程""],""role_terms"":[""信息科技""],""reason"":""tech_major_and_role""},""original"":{""部门代码"":""158204"",""部门名称"":""国家移民管理局长春遣返中心"",""用人司局"":""国家移民管理局长春遣返中心"",""机构性质"":""中央国家行政机关省级以下直属机构"",""招考职位"":""执行队一级警长及以下（十）"",""职位属性"":""公安机关人民警察职位"",""职位分布"":""其他职位"",""职位简介"":""属于公安机关人民警察，从事信息科技和外国人管理等工作。实行轮流倒班工作制，参加值班备勤，需承担应急处突、安保维稳任务。"",""职位代码"":""300130001011"",""机构层级"":""市（地）级"",""考试类别"":""行政执法类"",""招考人数"":""1"",""专业"":""计算机科学与技术、软件工程、数据科学与大数据技术、电子科学与技术、网络空间安全、网络安全与执法、计算机类（0775）"",""学历"":""本科及以上"",""学位"":""与最高学历相对应的学位"",""政治面貌"":""中共党员或共青团员"",""基层工作最低年限"":""无限制"",""服务基层项目工作经历"":""无限制"",""是否在面试阶段组织专业能力测试"":""否"",""面试人员比例"":""3:1"",""工作地点"":""吉林省长春市"",""落户地点"":""吉林省长春市"",""备注"":""1.高等学历教育各阶段均需取得相应学历和学位。\n2.大学英语等级考试四级425分以上。\n3.按《公务员录用体检特殊标准（试行）》进行体检。对《公务员录用体检特殊标准（试行）》未作规定的项目，按《公务员录用体检通用标准（试行）》执行。\n4.按《公安机关录用人民警察体能测评项目和标准》进行体能测评。\n5.按《公安机关录用人民警察政治考察工作办法》开展考察。具有《公安机关录用人民警察政治考察工作办法》第八条、第九条情形的，不得报考；父母、配偶或子女已移居国（境）外的，不得报考；非公派原因，曾六个月以上在国（境）外留学、工作、生活的，不得报考。\n6.在本单位最低服务年限五年（含试用期）。\n7.工资待遇按人民警察标准执行，享受加班补贴和值勤岗位津贴。有固定的探亲假和休假安排。\n8.请考生及时关注“移民管理警察招考小助手”微信小程序发布的报考信息。"",""部门网站"":""https://rczk.nia.gov.cn"",""咨询电话1"":""0431-89962989"",""咨询电话2"":"""",""咨询电话3"":"""",""来源Sheet"":""中央国家行政机关省级以下直属机构""}}"
"government_jobs","国家公务员2025招考简章","公务员/事业单位技术岗位","广东省惠州市惠城区","2026-07-28T09:12:58.310295+00:00","惠州遣返站执行队一级警长及以下（一）","国家移民管理局广州遣返中心","","广东省惠州市惠城区","公务员/事业单位;2025;computer_software;data_ai;electronics_communication;本科及以上;与最高学历相对应的学位;通信工程 （080703） 、数据科学与大数据技术（080910T） 、信息与通信工程 （0810）;行政执法类","用人司局：国家移民管理局广州遣返中心
职位简介：属于公安机关人民警察，主要从事信息化建设和非法移民待遣羁押、身份核查、实施遣返等工作。
专业要求：通信工程 （080703） 、数据科学与大数据技术（080910T） 、信息与通信工程 （0810）
学历要求：本科及以上
学位要求：与最高学历相对应的学位
政治面貌：中共党员或共青团员
基层工作经历：无限制
考试类别：行政执法类
备注：1．限应届高校毕业生报考（高等学历教育各阶段均需取得相应学历和学位）。
2．最高学历为本科的报考者本科专业须为通信工程（080703）或数据科学与大数据技术（080910T）；最高学历为研究生的报考者研究生专业须为信息与通信工程（0810）；职位要求专业条件为报考者最高学历对应专业；限以主修专业报考。
3．工资待遇按人民警察标准执行。
4．在本单位最低服务年限五年（含试用期）。
5．按《公务员录用体检特殊标准（试行）》进行体检，对《公务员录用体检特殊标准（试行）》未作规定的项目，按《公务员录用体检通用标准（试行）》执行，视力标准可询招录单位。
6．按《公安机关录用人民警察体能测评项目和标准》进行体能测评。
7．按《公安机关录用人民警察政治考察工作办法》开展考察。具有《公安机关录用人民警察政治考察工作办法》第八条、第九条情形的，不得报考；父母、配偶或子女已移居国（境）外的，不得报考；非公派原因，曾六个月以上在国（境）外留学、工作、生活的，不得报考。
8．请考生及时关注“移民管理警察招考小助手”微信小程序发布的报考信息。","https://www.xjhc.gov.cn/xjhc/c116834/202410/a29382e11a674da3be3353af65f9fcc5.shtml#158205-300130001003","2024-10-14","{""dataset_year"":2025,""job_uid"":""GOV-2025-158205-300130001003"",""publisher"":""国家公务员局"",""publication_page"":""https://www.xjhc.gov.cn/xjhc/c116834/202410/a29382e11a674da3be3353af65f9fcc5.shtml"",""attachment_url"":""https://www.xjhc.gov.cn/xjhc/c116834/202410/a29382e11a674da3be3353af65f9fcc5/files/0536cef86e2b46ddad6aae5a3780089e.xls"",""local_source_file"":""2025_guokao_zhaokaojianzhang.xls"",""local_source_sha256"":""07ae6cab368cd21b7a1ac3e8150fe9a3d39ad5171ce76135ff3cccfe50c3e77e"",""source_sheet"":""中央国家行政机关省级以下直属机构"",""filter_version"":""government_tech_v2"",""tech_filter"":{""is_tech"":true,""is_core_tech"":true,""scope"":""core"",""categories"":[""computer_software"",""data_ai"",""electronics_communication""],""matched_fields"":[""major"",""description"",""remarks""],""major_terms"":[""信息与通信工程"",""大数据"",""数据科学与大数据技术"",""通信工程""],""role_terms"":[""信息化"",""大数据""],""reason"":""tech_major_and_role""},""original"":{""部门代码"":""158205"",""部门名称"":""国家移民管理局广州遣返中心"",""用人司局"":""国家移民管理局广州遣返中心"",""机构性质"":""中央国家行政机关省级以下直属机构"",""招考职位"":""惠州遣返站执行队一级警长及以下（一）"",""职位属性"":""公安机关人民警察职位"",""职位分布"":""其他职位"",""职位简介"":""属于公安机关人民警察，主要从事信息化建设和非法移民待遣羁押、身份核查、实施遣返等工作。"",""职位代码"":""300130001003"",""机构层级"":""市（地）级"",""考试类别"":""行政执法类"",""招考人数"":""3"",""专业"":""通信工程 （080703） 、数据科学与大数据技术（080910T） 、信息与通信工程 （0810）"",""学历"":""本科及以上"",""学位"":""与最高学历相对应的学位"",""政治面貌"":""中共党员或共青团员"",""基层工作最低年限"":""无限制"",""服务基层项目工作经历"":""无限制"",""是否在面试阶段组织专业能力测试"":""否"",""面试人员比例"":""3:1"",""工作地点"":""广东省惠州市惠城区"",""落户地点"":""广东省惠州市惠城区"",""备注"":""1．限应届高校毕业生报考（高等学历教育各阶段均需取得相应学历和学位）。\n2．最高学历为本科的报考者本科专业须为通信工程（080703）或数据科学与大数据技术（080910T）；最高学历为研究生的报考者研究生专业须为信息与通信工程（0810）；职位要求专业条件为报考者最高学历对应专业；限以主修专业报考。\n3．工资待遇按人民警察标准执行。\n4．在本单位最低服务年限五年（含试用期）。\n5．按《公务员录用体检特殊标准（试行）》进行体检，对《公务员录用体检特殊标准（试行）》未作规定的项目，按《公务员录用体检通用标准（试行）》执行，视力标准可询招录单位。\n6．按《公安机关录用人民警察体能测评项目和标准》进行体能测评。\n7．按《公安机关录用人民警察政治考察工作办法》开展考察。具有《公安机关录用人民警察政治考察工作办法》第八条、第九条情形的，不得报考；父母、配偶或子女已移居国（境）外的，不得报考；非公派原因，曾六个月以上在国（境）外留学、工作、生活的，不得报考。\n8．请考生及时关注“移民管理警察招考小助手”微信小程序发布的报考信息。"",""部门网站"":""https://rczk.nia.gov.cn"",""咨询电话1"":""020-31808013"",""咨询电话2"":""020-31808015"",""咨询电话3"":"""",""来源Sheet"":""中央国家行政机关省级以下直属机构""}}"
"government_jobs","国家公务员2025招考简章","公务员/事业单位技术岗位","广西壮族自治区崇左市凭祥市","2026-07-28T09:12:58.310295+00:00","凭祥遣返站执行队一级警长及以下（二）","国家移民管理局东兴遣返中心","","广西壮族自治区崇左市凭祥市","公务员/事业单位;2025;computer_software;cybersecurity_cryptography;本科及以上;与最高学历相对应的学位;计算机科学与技术（080901）、网络工程（080903）、信息安全（080904K）、数据科学与大数据技术（080910T）、网络空间安全（080911TK）;行政执法类","用人司局：国家移民管理局东兴遣返中心
职位简介：属于公安机关人民警察，主要从事计算机系统运维、数据核查和非法移民待遣羁押、身份核查、实施遣返等工作。
专业要求：计算机科学与技术（080901）、网络工程（080903）、信息安全（080904K）、数据科学与大数据技术（080910T）、网络空间安全（080911TK）
学历要求：本科及以上
学位要求：与最高学历相对应的学位
政治面貌：中共党员或共青团员
基层工作经历：无限制
考试类别：行政执法类
备注：1．限2025届高校毕业生报考（高等学历教育各阶段均需取得相应学历和学位）。
2．大学英语等级考试四级425分以上。
3．具有初级及以上计算机技术与软件专业技术资格。
4．按《公务员录用体检特殊标准（试行）》进行体检，对《公务员录用体检特殊标准（试行）》未作规定的项目，按《公务员录用体检通用标准（试行）》执行，视力标准可询招录单位。
5．按《公安机关录用人民警察体能测评项目和标准》进行体能测评。
6．按《公安机关录用人民警察政治考察工作办法》开展考察。具有《公安机关录用人民警察政治考察工作办法》第八条、第九条情形的，不得报考；父母、配偶或子女已移居国（境）外的，不得报考；非公派原因，曾六个月以上在国（境）外留学、工作、生活的，不得报考。
7．工资待遇按人民警察标准执行，享受加班补贴和值勤岗位津贴。有固定的探亲假和休假安排。
8．在本单位最低服务年限五年（含试用期）。
9．仅限男性报考。
10．请考生及时关注“移民管理警察招考小助手”微信小程序发布的报考信息。","https://www.xjhc.gov.cn/xjhc/c116834/202410/a29382e11a674da3be3353af65f9fcc5.shtml#158206-300130001016","2024-10-14","{""dataset_year"":2025,""job_uid"":""GOV-2025-158206-300130001016"",""publisher"":""国家公务员局"",""publication_page"":""https://www.xjhc.gov.cn/xjhc/c116834/202410/a29382e11a674da3be3353af65f9fcc5.shtml"",""attachment_url"":""https://www.xjhc.gov.cn/xjhc/c116834/202410/a29382e11a674da3be3353af65f9fcc5/files/0536cef86e2b46ddad6aae5a3780089e.xls"",""local_source_file"":""2025_guokao_zhaokaojianzhang.xls"",""local_source_sha256"":""07ae6cab368cd21b7a1ac3e8150fe9a3d39ad5171ce76135ff3cccfe50c3e77e"",""source_sheet"":""中央国家行政机关省级以下直属机构"",""filter_version"":""government_tech_v2"",""tech_filter"":{""is_tech"":true,""is_core_tech"":true,""scope"":""core"",""categories"":[""computer_software"",""cybersecurity_cryptography""],""matched_fields"":[""major"",""description"",""remarks""],""major_terms"":[""信息安全"",""大数据"",""数据科学与大数据技术"",""网络工程"",""网络空间安全"",""计算机科学与技术""],""role_terms"":[""系统运维"",""计算机"",""软件""],""reason"":""tech_major_and_role""},""original"":{""部门代码"":""158206"",""部门名称"":""国家移民管理局东兴遣返中心"",""用人司局"":""国家移民管理局东兴遣返中心"",""机构性质"":""中央国家行政机关省级以下直属机构"",""招考职位"":""凭祥遣返站执行队一级警长及以下（二）"",""职位属性"":""公安机关人民警察职位"",""职位分布"":""西部地区和艰苦边远地区职位"",""职位简介"":""属于公安机关人民警察，主要从事计算机系统运维、数据核查和非法移民待遣羁押、身份核查、实施遣返等工作。"",""职位代码"":""300130001016"",""机构层级"":""市（地）级"",""考试类别"":""行政执法类"",""招考人数"":""2"",""专业"":""计算机科学与技术（080901）、网络工程（080903）、信息安全（080904K）、数据科学与大数据技术（080910T）、网络空间安全（080911TK）"",""学历"":""本科及以上"",""学位"":""与最高学历相对应的学位"",""政治面貌"":""中共党员或共青团员"",""基层工作最低年限"":""无限制"",""服务基层项目工作经历"":""无限制"",""是否在面试阶段组织专业能力测试"":""否"",""面试人员比例"":""3:1"",""工作地点"":""广西壮族自治区崇左市凭祥市"",""落户地点"":""广西壮族自治区崇左市凭祥市"",""备注"":""1．限2025届高校毕业生报考（高等学历教育各阶段均需取得相应学历和学位）。\n2．大学英语等级考试四级425分以上。\n3．具有初级及以上计算机技术与软件专业技术资格。\n4．按《公务员录用体检特殊标准（试行）》进行体检，对《公务员录用体检特殊标准（试行）》未作规定的项目，按《公务员录用体检通用标准（试行）》执行，视力标准可询招录单位。\n5．按《公安机关录用人民警察体能测评项目和标准》进行体能测评。\n6．按《公安机关录用人民警察政治考察工作办法》开展考察。具有《公安机关录用人民警察政治考察工作办法》第八条、第九条情形的，不得报考；父母、配偶或子女已移居国（境）外的，不得报考；非公派原因，曾六个月以上在国（境）外留学、工作、生活的，不得报考。\n7．工资待遇按人民警察标准执行，享受加班补贴和值勤岗位津贴。有固定的探亲假和休假安排。\n8．在本单位最低服务年限五年（含试用期）。\n9．仅限男性报考。\n10．请考生及时关注“移民管理警察招考小助手”微信小程序发布的报考信息。"",""部门网站"":""https://rczk.nia.gov.cn"",""咨询电话1"":""0771-3195095"",""咨询电话2"":"""",""咨询电话3"":"""",""来源Sheet"":""中央国家行政机关省级以下直属机构""}}"
"government_jobs","国家公务员2025招考简章","公务员/事业单位技术岗位","广西壮族自治区崇左市凭祥市","2026-07-28T09:12:58.310295+00:00","凭祥遣返站执行队一级警长及以下（五）","国家移民管理局东兴遣返中心","","广西壮族自治区崇左市凭祥市","公务员/事业单位;2025;computer_software;本科及以上;与最高学历相对应的学位;临床医学（100201K）、计算机科学与技术（080901）;行政执法类","用人司局：国家移民管理局东兴遣返中心
职位简介：属于公安机关人民警察，主要从事非法移民待遣羁押、身份核查、实施遣返等工作。
专业要求：临床医学（100201K）、计算机科学与技术（080901）
学历要求：本科及以上
学位要求：与最高学历相对应的学位
政治面貌：中共党员
基层工作经历：二年
考试类别：行政执法类
备注：1．限服务期满且考核合格的大学生村官、农村义务教育阶段学校教师特设岗位计划、“三支一扶”计划、大学生志愿服务西部计划类服务基层项目人员报考。
2．计算机科学与技术专业需具有中级及以上计算机技术与软件专业技术资格，临床医学专业需具有执业医师资格证。
3．按《公务员录用体检特殊标准（试行）》进行体检，对《公务员录用体检特殊标准（试行）》未作规定的项目，按《公务员录用体检通用标准（试行）》执行，视力标准可询招录单位。
4．按《公安机关录用人民警察体能测评项目和标准》进行体能测评。
5．按《公安机关录用人民警察政治考察工作办法》开展考察。具有《公安机关录用人民警察政治考察工作办法》第八条、第九条情形的，不得报考；父母、配偶或子女已移居国（境）外的，不得报考；非公派原因，曾六个月以上在国（境）外留学、工作、生活的，不得报考。
6．工资待遇按人民警察标准执行，享受加班补贴和值勤岗位津贴。有固定的探亲假和休假安排。
7．在本单位最低服务年限五年（含试用期）。
8．仅限男性报考。
9．请考生及时关注“移民管理警察招考小助手”微信小程序发布的报考信息。","https://www.xjhc.gov.cn/xjhc/c116834/202410/a29382e11a674da3be3353af65f9fcc5.shtml#158206-300130001019","2024-10-14","{""dataset_year"":2025,""job_uid"":""GOV-2025-158206-300130001019"",""publisher"":""国家公务员局"",""publication_page"":""https://www.xjhc.gov.cn/xjhc/c116834/202410/a29382e11a674da3be3353af65f9fcc5.shtml"",""attachment_url"":""https://www.xjhc.gov.cn/xjhc/c116834/202410/a29382e11a674da3be3353af65f9fcc5/files/0536cef86e2b46ddad6aae5a3780089e.xls"",""local_source_file"":""2025_guokao_zhaokaojianzhang.xls"",""local_source_sha256"":""07ae6cab368cd21b7a1ac3e8150fe9a3d39ad5171ce76135ff3cccfe50c3e77e"",""source_sheet"":""中央国家行政机关省级以下直属机构"",""filter_version"":""government_tech_v2"",""tech_filter"":{""is_tech"":true,""is_core_tech"":true,""scope"":""core"",""categories"":[""computer_software""],""matched_fields"":[""major"",""remarks""],""major_terms"":[""计算机科学与技术""],""role_terms"":[""计算机"",""软件""],""reason"":""tech_major_and_role""},""original"":{""部门代码"":""158206"",""部门名称"":""国家移民管理局东兴遣返中心"",""用人司局"":""国家移民管理局东兴遣返中心"",""机构性质"":""中央国家行政机关省级以下直属机构"",""招考职位"":""凭祥遣返站执行队一级警长及以下（五）"",""职位属性"":""公安机关人民警察职位"",""职位分布"":""西部地区和艰苦边远地区职位"",""职位简介"":""属于公安机关人民警察，主要从事非法移民待遣羁押、身份核查、实施遣返等工作。"",""职位代码"":""300130001019"",""机构层级"":""市（地）级"",""考试类别"":""行政执法类"",""招考人数"":""1"",""专业"":""临床医学（100201K）、计算机科学与技术（080901）"",""学历"":""本科及以上"",""学位"":""与最高学历相对应的学位"",""政治面貌"":""中共党员"",""基层工作最低年限"":""二年"",""服务基层项目工作经历"":""大学生村官、农村义务教育阶段学校教师特设岗位计划、“三支一扶”计划、大学生志愿服务西部计划"",""是否在面试阶段组织专业能力测试"":""否"",""面试人员比例"":""3:1"",""工作地点"":""广西壮族自治区崇左市凭祥市"",""落户地点"":""广西壮族自治区崇左市凭祥市"",""备注"":""1．限服务期满且考核合格的大学生村官、农村义务教育阶段学校教师特设岗位计划、“三支一扶”计划、大学生志愿服务西部计划类服务基层项目人员报考。\n2．计算机科学与技术专业需具有中级及以上计算机技术与软件专业技术资格，临床医学专业需具有执业医师资格证。\n3．按《公务员录用体检特殊标准（试行）》进行体检，对《公务员录用体检特殊标准（试行）》未作规定的项目，按《公务员录用体检通用标准（试行）》执行，视力标准可询招录单位。\n4．按《公安机关录用人民警察体能测评项目和标准》进行体能测评。\n5．按《公安机关录用人民警察政治考察工作办法》开展考察。具有《公安机关录用人民警察政治考察工作办法》第八条、第九条情形的，不得报考；父母、配偶或子女已移居国（境）外的，不得报考；非公派原因，曾六个月以上在国（境）外留学、工作、生活的，不得报考。\n6．工资待遇按人民警察标准执行，享受加班补贴和值勤岗位津贴。有固定的探亲假和休假安排。\n7．在本单位最低服务年限五年（含试用期）。\n8．仅限男性报考。\n9．请考生及时关注“移民管理警察招考小助手”微信小程序发布的报考信息。"",""部门网站"":""https://rczk.nia.gov.cn"",""咨询电话1"":""0771-3195095"",""咨询电话2"":"""",""咨询电话3"":"""",""来源Sheet"":""中央国家行政机关省级以下直属机构""}}"
"government_jobs","国家公务员2025招考简章","公务员/事业单位技术岗位","北京市","2026-07-28T09:12:58.310295+00:00","通报处一级警长及以下","国家移民管理局常备力量第三总队","","北京市","公务员/事业单位;2025;computer_software;本科或硕士研究生;与最高学历相对应的学位;本科：数学类0701、公安情报学030610TK、犯罪学030611TK、计算机类0809、数据科学与大数据技术080910T，研究生：公安学0306、数学0701、统计学0714、计算机科学与技术0775、计算机科学与技术0812;行政执法类","用人司局：国家移民管理局常备力量第三总队
职位简介：属于公安机关人民警察，主要从事移民管理服务工作。
专业要求：本科：数学类0701、公安情报学030610TK、犯罪学030611TK、计算机类0809、数据科学与大数据技术080910T，研究生：公安学0306、数学0701、统计学0714、计算机科学与技术0775、计算机科学与技术0812
学历要求：本科或硕士研究生
学位要求：与最高学历相对应的学位
政治面貌：中共党员
基层工作经历：无限制
考试类别：行政执法类
备注：1．大学英语等级考试六级425分以上；具有较强的语言表达能力和较高的计算机应用水平。2．按《公务员录用体检特殊标准（试行）》进行体检，对《公务员录用体检特殊标准（试行）》未作规定的项目，按《公务员录用体检通用标准（试行）》执行，视力标准可询招录单位。3．按《公安机关录用人民警察体能测评项目和标准》进行体能测评。4．按《公安机关录用人民警察政治考察工作办法》开展考察。具有《公安机关录用人民警察政治考察工作办法》第八条、第九条情形的，不得报考；父母、配偶或子女已移居国（境）外的，不得报考；非公派原因，曾六个月以上在国（境）外留学、工作、生活的，不得报考。5．工资待遇按人民警察标准执行，享受加班补贴和值勤岗位津贴。6．在本单位最低服务年限五年（含试用期）。7．需24小时值班。加班较多，法定休息日及节假日不能保证正常休息休假。8．请考生及时关注“移民管理警察招考小助手”微信小程序发布的报考信息。","https://www.xjhc.gov.cn/xjhc/c116834/202410/a29382e11a674da3be3353af65f9fcc5.shtml#158210-300130210003","2024-10-14","{""dataset_year"":2025,""job_uid"":""GOV-2025-158210-300130210003"",""publisher"":""国家公务员局"",""publication_page"":""https://www.xjhc.gov.cn/xjhc/c116834/202410/a29382e11a674da3be3353af65f9fcc5.shtml"",""attachment_url"":""https://www.xjhc.gov.cn/xjhc/c116834/202410/a29382e11a674da3be3353af65f9fcc5/files/0536cef86e2b46ddad6aae5a3780089e.xls"",""local_source_file"":""2025_guokao_zhaokaojianzhang.xls"",""local_source_sha256"":""07ae6cab368cd21b7a1ac3e8150fe9a3d39ad5171ce76135ff3cccfe50c3e77e"",""source_sheet"":""中央国家行政机关省级以下直属机构"",""filter_version"":""government_tech_v2"",""tech_filter"":{""is_tech"":true,""is_core_tech"":true,""scope"":""core"",""categories"":[""computer_software""],""matched_fields"":[""major"",""remarks""],""major_terms"":[""大数据"",""数据科学与大数据技术"",""计算机科学与技术"",""计算机类""],""role_terms"":[""计算机""],""reason"":""tech_major_and_role""},""original"":{""部门代码"":""158210"",""部门名称"":""国家移民管理局常备力量第三总队"",""用人司局"":""国家移民管理局常备力量第三总队"",""机构性质"":""中央国家行政机关省级以下直属机构"",""招考职位"":""通报处一级警长及以下"",""职位属性"":""公安机关人民警察职位"",""职位分布"":""其他职位"",""职位简介"":""属于公安机关人民警察，主要从事移民管理服务工作。"",""职位代码"":""300130210003"",""机构层级"":""市（地）级"",""考试类别"":""行政执法类"",""招考人数"":""1"",""专业"":""本科：数学类0701、公安情报学030610TK、犯罪学030611TK、计算机类0809、数据科学与大数据技术080910T，研究生：公安学0306、数学0701、统计学0714、计算机科学与技术0775、计算机科学与技术0812"",""学历"":""本科或硕士研究生"",""学位"":""与最高学历相对应的学位"",""政治面貌"":""中共党员"",""基层工作最低年限"":""无限制"",""服务基层项目工作经历"":""无限制"",""是否在面试阶段组织专业能力测试"":""否"",""面试人员比例"":""3:1"",""工作地点"":""北京市"",""落户地点"":""北京市"",""备注"":""1．大学英语等级考试六级425分以上；具有较强的语言表达能力和较高的计算机应用水平。2．按《公务员录用体检特殊标准（试行）》进行体检，对《公务员录用体检特殊标准（试行）》未作规定的项目，按《公务员录用体检通用标准（试行）》执行，视力标准可询招录单位。3．按《公安机关录用人民警察体能测评项目和标准》进行体能测评。4．按《公安机关录用人民警察政治考察工作办法》开展考察。具有《公安机关录用人民警察政治考察工作办法》第八条、第九条情形的，不得报考；父母、配偶或子女已移居国（境）外的，不得报考；非公派原因，曾六个月以上在国（境）外留学、工作、生活的，不得报考。5．工资待遇按人民警察标准执行，享受加班补贴和值勤岗位津贴。6．在本单位最低服务年限五年（含试用期）。7．需24小时值班。加班较多，法定休息日及节假日不能保证正常休息休假。8．请考生及时关注“移民管理警察招考小助手”微信小程序发布的报考信息。"",""部门网站"":""https://rczk.nia.gov.cn"",""咨询电话1"":""010-56093947"",""咨询电话2"":""010-56093929"",""咨询电话3"":"""",""来源Sheet"":""中央国家行政机关省级以下直属机构""}}"
"government_jobs","国家公务员2025招考简章","公务员/事业单位技术岗位","北京市","2026-07-28T09:12:58.310295+00:00","技术处一级警长及以下（一）","国家移民管理局常备力量第三总队","","北京市","公务员/事业单位;2025;computer_software;cybersecurity_cryptography;data_ai;electronics_communication;本科或硕士研究生;与最高学历相对应的学位;本科：电子信息类0807、计算机类0809、公安技术类0831，研究生：计算机科学与技术0775、信息与通信工程0810、计算机科学与技术0812、软件工程0835、公安技术0838、网络空间安全0839;行政执法类","用人司局：国家移民管理局常备力量第三总队
职位简介：属于公安机关人民警察，主要从事数据分析等工作。
专业要求：本科：电子信息类0807、计算机类0809、公安技术类0831，研究生：计算机科学与技术0775、信息与通信工程0810、计算机科学与技术0812、软件工程0835、公安技术0838、网络空间安全0839
学历要求：本科或硕士研究生
学位要求：与最高学历相对应的学位
政治面貌：中共党员或共青团员
基层工作经历：无限制
考试类别：行政执法类
备注：1．限应届高校毕业生报考（高等学历教育各阶段均需取得相应学历和学位）。2．具有较强的语言表达能力和较高的计算机应用水平。3．按《公务员录用体检特殊标准（试行）》进行体检，对《公务员录用体检特殊标准（试行）》未作规定的项目，按《公务员录用体检通用标准（试行）》执行，视力标准可询招录单位。4．按《公安机关录用人民警察体能测评项目和标准》进行体能测评。5．按《公安机关录用人民警察政治考察工作办法》开展考察。具有《公安机关录用人民警察政治考察工作办法》第八条、第九条情形的，不得报考；父母、配偶或子女已移居国（境）外的，不得报考；非公派原因，曾六个月以上在国（境）外留学、工作、生活的，不得报考。6．工资待遇按人民警察标准执行，享受加班补贴和值勤岗位津贴。7．在本单位最低服务年限五年（含试用期）。8．需24小时值班。加班较多，法定休息日及节假日不能保证正常休息休假。9．职位业务水平主要测试计算机专业基础综合。职位业务水平测试成绩占综合成绩的15%。10．请考生及时关注“移民管理警察招考小助手”微信小程序发布的报考信息。","https://www.xjhc.gov.cn/xjhc/c116834/202410/a29382e11a674da3be3353af65f9fcc5.shtml#158210-300130210005","2024-10-14","{""dataset_year"":2025,""job_uid"":""GOV-2025-158210-300130210005"",""publisher"":""国家公务员局"",""publication_page"":""https://www.xjhc.gov.cn/xjhc/c116834/202410/a29382e11a674da3be3353af65f9fcc5.shtml"",""attachment_url"":""https://www.xjhc.gov.cn/xjhc/c116834/202410/a29382e11a674da3be3353af65f9fcc5/files/0536cef86e2b46ddad6aae5a3780089e.xls"",""local_source_file"":""2025_guokao_zhaokaojianzhang.xls"",""local_source_sha256"":""07ae6cab368cd21b7a1ac3e8150fe9a3d39ad5171ce76135ff3cccfe50c3e77e"",""source_sheet"":""中央国家行政机关省级以下直属机构"",""filter_version"":""government_tech_v2"",""tech_filter"":{""is_tech"":true,""is_core_tech"":true,""scope"":""core"",""categories"":[""computer_software"",""cybersecurity_cryptography"",""data_ai"",""electronics_communication""],""matched_fields"":[""major"",""description"",""remarks""],""major_terms"":[""信息与通信工程"",""电子信息类"",""网络空间安全"",""计算机科学与技术"",""计算机类"",""软件工程"",""通信工程""],""role_terms"":[""数据分析"",""计算机""],""reason"":""tech_major_and_role""},""original"":{""部门代码"":""158210"",""部门名称"":""国家移民管理局常备力量第三总队"",""用人司局"":""国家移民管理局常备力量第三总队"",""机构性质"":""中央国家行政机关省级以下直属机构"",""招考职位"":""技术处一级警长及以下（一）"",""职位属性"":""公安机关人民警察职位"",""职位分布"":""其他职位"",""职位简介"":""属于公安机关人民警察，主要从事数据分析等工作。"",""职位代码"":""300130210005"",""机构层级"":""市（地）级"",""考试类别"":""行政执法类"",""招考人数"":""1"",""专业"":""本科：电子信息类0807、计算机类0809、公安技术类0831，研究生：计算机科学与技术0775、信息与通信工程0810、计算机科学与技术0812、软件工程0835、公安技术0838、网络空间安全0839"",""学历"":""本科或硕士研究生"",""学位"":""与最高学历相对应的学位"",""政治面貌"":""中共党员或共青团员"",""基层工作最低年限"":""无限制"",""服务基层项目工作经历"":""无限制"",""是否在面试阶段组织专业能力测试"":""是"",""面试人员比例"":""3:1"",""工作地点"":""北京市"",""落户地点"":""北京市"",""备注"":""1．限应届高校毕业生报考（高等学历教育各阶段均需取得相应学历和学位）。2．具有较强的语言表达能力和较高的计算机应用水平。3．按《公务员录用体检特殊标准（试行）》进行体检，对《公务员录用体检特殊标准（试行）》未作规定的项目，按《公务员录用体检通用标准（试行）》执行，视力标准可询招录单位。4．按《公安机关录用人民警察体能测评项目和标准》进行体能测评。5．按《公安机关录用人民警察政治考察工作办法》开展考察。具有《公安机关录用人民警察政治考察工作办法》第八条、第九条情形的，不得报考；父母、配偶或子女已移居国（境）外的，不得报考；非公派原因，曾六个月以上在国（境）外留学、工作、生活的，不得报考。6．工资待遇按人民警察标准执行，享受加班补贴和值勤岗位津贴。7．在本单位最低服务年限五年（含试用期）。8．需24小时值班。加班较多，法定休息日及节假日不能保证正常休息休假。9．职位业务水平主要测试计算机专业基础综合。职位业务水平测试成绩占综合成绩的15%。10．请考生及时关注“移民管理警察招考小助手”微信小程序发布的报考信息。"",""部门网站"":""https://rczk.nia.gov.cn"",""咨询电话1"":""010-56093947"",""咨询电话2"":""010-56093929"",""咨询电话3"":"""",""来源Sheet"":""中央国家行政机关省级以下直属机构""}}"
"government_jobs","国家公务员2025招考简章","公务员/事业单位技术岗位","北京市","2026-07-28T09:12:58.310295+00:00","技术处一级警长及以下（二）","国家移民管理局常备力量第三总队","","北京市","公务员/事业单位;2025;computer_software;cybersecurity_cryptography;data_ai;electronics_communication;硕士研究生及以上;与最高学历相对应的学位;计算机科学与技术0775、信息与通信工程0810、计算机科学与技术0812、软件工程0835、公安技术0838、网络空间安全0839、计算机技术085211;行政执法类","用人司局：国家移民管理局常备力量第三总队
职位简介：属于公安机关人民警察，主要从事数据分析等工作。
专业要求：计算机科学与技术0775、信息与通信工程0810、计算机科学与技术0812、软件工程0835、公安技术0838、网络空间安全0839、计算机技术085211
学历要求：硕士研究生及以上
学位要求：与最高学历相对应的学位
政治面貌：中共党员或共青团员
基层工作经历：无限制
考试类别：行政执法类
备注：1．限应届高校毕业生报考（高等学历教育各阶段均需取得相应学历和学位）。2．具有较强的语言表达能力和较高的计算机应用水平。3．按《公务员录用体检特殊标准（试行）》进行体检，对《公务员录用体检特殊标准（试行）》未作规定的项目，按《公务员录用体检通用标准（试行）》执行，视力标准可询招录单位。4．按《公安机关录用人民警察体能测评项目和标准》进行体能测评。5．按《公安机关录用人民警察政治考察工作办法》开展考察。具有《公安机关录用人民警察政治考察工作办法》第八条、第九条情形的，不得报考；父母、配偶或子女已移居国（境）外的，不得报考；非公派原因，曾六个月以上在国（境）外留学、工作、生活的，不得报考。6．工资待遇按人民警察标准执行，享受加班补贴和值勤岗位津贴。7．在本单位最低服务年限五年（含试用期）。8．需24小时值班。加班较多，法定休息日及节假日不能保证正常休息休假。9．职位业务水平主要测试计算机专业基础综合。职位业务水平测试成绩占综合成绩的15%。10．请考生及时关注“移民管理警察招考小助手”微信小程序发布的报考信息。","https://www.xjhc.gov.cn/xjhc/c116834/202410/a29382e11a674da3be3353af65f9fcc5.shtml#158210-300130210006","2024-10-14","{""dataset_year"":2025,""job_uid"":""GOV-2025-158210-300130210006"",""publisher"":""国家公务员局"",""publication_page"":""https://www.xjhc.gov.cn/xjhc/c116834/202410/a29382e11a674da3be3353af65f9fcc5.shtml"",""attachment_url"":""https://www.xjhc.gov.cn/xjhc/c116834/202410/a29382e11a674da3be3353af65f9fcc5/files/0536cef86e2b46ddad6aae5a3780089e.xls"",""local_source_file"":""2025_guokao_zhaokaojianzhang.xls"",""local_source_sha256"":""07ae6cab368cd21b7a1ac3e8150fe9a3d39ad5171ce76135ff3cccfe50c3e77e"",""source_sheet"":""中央国家行政机关省级以下直属机构"",""filter_version"":""government_tech_v2"",""tech_filter"":{""is_tech"":true,""is_core_tech"":true,""scope"":""core"",""categories"":[""computer_software"",""cybersecurity_cryptography"",""data_ai"",""electronics_communication""],""matched_fields"":[""major"",""description"",""remarks""],""major_terms"":[""信息与通信工程"",""网络空间安全"",""计算机技术"",""计算机科学与技术"",""软件工程"",""通信工程""],""role_terms"":[""数据分析"",""计算机""],""reason"":""tech_major_and_role""},""original"":{""部门代码"":""158210"",""部门名称"":""国家移民管理局常备力量第三总队"",""用人司局"":""国家移民管理局常备力量第三总队"",""机构性质"":""中央国家行政机关省级以下直属机构"",""招考职位"":""技术处一级警长及以下（二）"",""职位属性"":""公安机关人民警察职位"",""职位分布"":""其他职位"",""职位简介"":""属于公安机关人民警察，主要从事数据分析等工作。"",""职位代码"":""300130210006"",""机构层级"":""市（地）级"",""考试类别"":""行政执法类"",""招考人数"":""1"",""专业"":""计算机科学与技术0775、信息与通信工程0810、计算机科学与技术0812、软件工程0835、公安技术0838、网络空间安全0839、计算机技术085211"",""学历"":""硕士研究生及以上"",""学位"":""与最高学历相对应的学位"",""政治面貌"":""中共党员或共青团员"",""基层工作最低年限"":""无限制"",""服务基层项目工作经历"":""无限制"",""是否在面试阶段组织专业能力测试"":""是"",""面试人员比例"":""3:1"",""工作地点"":""北京市"",""落户地点"":""北京市"",""备注"":""1．限应届高校毕业生报考（高等学历教育各阶段均需取得相应学历和学位）。2．具有较强的语言表达能力和较高的计算机应用水平。3．按《公务员录用体检特殊标准（试行）》进行体检，对《公务员录用体检特殊标准（试行）》未作规定的项目，按《公务员录用体检通用标准（试行）》执行，视力标准可询招录单位。4．按《公安机关录用人民警察体能测评项目和标准》进行体能测评。5．按《公安机关录用人民警察政治考察工作办法》开展考察。具有《公安机关录用人民警察政治考察工作办法》第八条、第九条情形的，不得报考；父母、配偶或子女已移居国（境）外的，不得报考；非公派原因，曾六个月以上在国（境）外留学、工作、生活的，不得报考。6．工资待遇按人民警察标准执行，享受加班补贴和值勤岗位津贴。7．在本单位最低服务年限五年（含试用期）。8．需24小时值班。加班较多，法定休息日及节假日不能保证正常休息休假。9．职位业务水平主要测试计算机专业基础综合。职位业务水平测试成绩占综合成绩的15%。10．请考生及时关注“移民管理警察招考小助手”微信小程序发布的报考信息。"",""部门网站"":""https://rczk.nia.gov.cn"",""咨询电话1"":""010-56093947"",""咨询电话2"":""010-56093929"",""咨询电话3"":"""",""来源Sheet"":""中央国家行政机关省级以下直属机构""}}"
"government_jobs","国家公务员2025招考简章","公务员/事业单位技术岗位","北京市","2026-07-28T09:12:58.310295+00:00","统计处一级警长及以下","国家移民管理局常备力量第三总队","","北京市","公务员/事业单位;2025;computer_software;cybersecurity_cryptography;data_ai;electronics_communication;硕士研究生及以上;与最高学历相对应的学位;计算机科学与技术0775、信息与通信工程0810、计算机科学与技术0812、软件工程0835、公安技术0838、网络空间安全0839、电子与通信工程085208、计算机技术085211、软件工程085212;行政执法类","用人司局：国家移民管理局常备力量第三总队
职位简介：属于公安机关人民警察，主要从事移民管理日常数据统计分析、系统研发等数据支援工作。
专业要求：计算机科学与技术0775、信息与通信工程0810、计算机科学与技术0812、软件工程0835、公安技术0838、网络空间安全0839、电子与通信工程085208、计算机技术085211、软件工程085212
学历要求：硕士研究生及以上
学位要求：与最高学历相对应的学位
政治面貌：中共党员或共青团员
基层工作经历：无限制
考试类别：行政执法类
备注：1．限应届高校毕业生报考（高等学历教育各阶段均需取得相应学历和学位）。2．具有较强的语言表达能力和较高的计算机应用水平。3．按《公务员录用体检特殊标准（试行）》进行体检，对《公务员录用体检特殊标准（试行）》未作规定的项目，按《公务员录用体检通用标准（试行）》执行，视力标准可询招录单位。4．按《公安机关录用人民警察体能测评项目和标准》进行体能测评。5．按《公安机关录用人民警察政治考察工作办法》开展考察。具有《公安机关录用人民警察政治考察工作办法》第八条、第九条情形的，不得报考；父母、配偶或子女已移居国（境）外的，不得报考；非公派原因，曾六个月以上在国（境）外留学、工作、生活的，不得报考。6．工资待遇按人民警察标准执行，享受加班补贴和值勤岗位津贴。7．在本单位最低服务年限五年（含试用期）。8．需24小时值班。加班较多，法定休息日及节假日不能保证正常休息休假。9．职位业务水平主要测试计算机专业基础综合。职位业务水平测试成绩占综合成绩的15%。10．请考生及时关注“移民管理警察招考小助手”微信小程序发布的报考信息。","https://www.xjhc.gov.cn/xjhc/c116834/202410/a29382e11a674da3be3353af65f9fcc5.shtml#158210-300130210007","2024-10-14","{""dataset_year"":2025,""job_uid"":""GOV-2025-158210-300130210007"",""publisher"":""国家公务员局"",""publication_page"":""https://www.xjhc.gov.cn/xjhc/c116834/202410/a29382e11a674da3be3353af65f9fcc5.shtml"",""attachment_url"":""https://www.xjhc.gov.cn/xjhc/c116834/202410/a29382e11a674da3be3353af65f9fcc5/files/0536cef86e2b46ddad6aae5a3780089e.xls"",""local_source_file"":""2025_guokao_zhaokaojianzhang.xls"",""local_source_sha256"":""07ae6cab368cd21b7a1ac3e8150fe9a3d39ad5171ce76135ff3cccfe50c3e77e"",""source_sheet"":""中央国家行政机关省级以下直属机构"",""filter_version"":""government_tech_v2"",""tech_filter"":{""is_tech"":true,""is_core_tech"":true,""scope"":""core"",""categories"":[""computer_software"",""cybersecurity_cryptography"",""data_ai"",""electronics_communication""],""matched_fields"":[""major"",""description"",""remarks""],""major_terms"":[""信息与通信工程"",""网络空间安全"",""计算机技术"",""计算机科学与技术"",""软件工程"",""通信工程""],""role_terms"":[""数据统计分析"",""计算机""],""reason"":""tech_major_and_role""},""original"":{""部门代码"":""158210"",""部门名称"":""国家移民管理局常备力量第三总队"",""用人司局"":""国家移民管理局常备力量第三总队"",""机构性质"":""中央国家行政机关省级以下直属机构"",""招考职位"":""统计处一级警长及以下"",""职位属性"":""公安机关人民警察职位"",""职位分布"":""其他职位"",""职位简介"":""属于公安机关人民警察，主要从事移民管理日常数据统计分析、系统研发等数据支援工作。"",""职位代码"":""300130210007"",""机构层级"":""市（地）级"",""考试类别"":""行政执法类"",""招考人数"":""2"",""专业"":""计算机科学与技术0775、信息与通信工程0810、计算机科学与技术0812、软件工程0835、公安技术0838、网络空间安全0839、电子与通信工程085208、计算机技术085211、软件工程085212"",""学历"":""硕士研究生及以上"",""学位"":""与最高学历相对应的学位"",""政治面貌"":""中共党员或共青团员"",""基层工作最低年限"":""无限制"",""服务基层项目工作经历"":""无限制"",""是否在面试阶段组织专业能力测试"":""是"",""面试人员比例"":""3:1"",""工作地点"":""北京市"",""落户地点"":""北京市"",""备注"":""1．限应届高校毕业生报考（高等学历教育各阶段均需取得相应学历和学位）。2．具有较强的语言表达能力和较高的计算机应用水平。3．按《公务员录用体检特殊标准（试行）》进行体检，对《公务员录用体检特殊标准（试行）》未作规定的项目，按《公务员录用体检通用标准（试行）》执行，视力标准可询招录单位。4．按《公安机关录用人民警察体能测评项目和标准》进行体能测评。5．按《公安机关录用人民警察政治考察工作办法》开展考察。具有《公安机关录用人民警察政治考察工作办法》第八条、第九条情形的，不得报考；父母、配偶或子女已移居国（境）外的，不得报考；非公派原因，曾六个月以上在国（境）外留学、工作、生活的，不得报考。6．工资待遇按人民警察标准执行，享受加班补贴和值勤岗位津贴。7．在本单位最低服务年限五年（含试用期）。8．需24小时值班。加班较多，法定休息日及节假日不能保证正常休息休假。9．职位业务水平主要测试计算机专业基础综合。职位业务水平测试成绩占综合成绩的15%。10．请考生及时关注“移民管理警察招考小助手”微信小程序发布的报考信息。"",""部门网站"":""https://rczk.nia.gov.cn"",""咨询电话1"":""010-56093947"",""咨询电话2"":""010-56093929"",""咨询电话3"":"""",""来源Sheet"":""中央国家行政机关省级以下直属机构""}}"
"government_jobs","国家公务员2025招考简章","公务员/事业单位技术岗位","山东省济南市","2026-07-28T09:12:58.310295+00:00","行政办公室一级主任科员及以下","中国民用航空局华东地区管理局","","山东省济南市","公务员/事业单位;2025;computer_software;cybersecurity_cryptography;硕士研究生及以上;与最高学历相对应的学位;0837安全科学与工程、085412网络与信息安全、086104航空交通运输;市（地）级及以下直属机构综合管理类","用人司局：中国民用航空山东安全监督管理局
职位简介：从事辖区内文秘、机要、电子政务、应急管理和辖区网络安全监管等工作
专业要求：0837安全科学与工程、085412网络与信息安全、086104航空交通运输
学历要求：硕士研究生及以上
学位要求：与最高学历相对应的学位
政治面貌：中共党员
基层工作经历：二年
考试类别：市（地）级及以下直属机构综合管理类
备注：1.具有民航领域相关工作经历2年以上；2.若专业为交通运输086104，研究方向需为：(1)航空交通规划与运行；(2)航空物流与综合运输；(3)民航系统安全管理；(4)民航热灾害防控与应急技术、民航运行安全与人因工程；3.大学英语六级成绩425分及以上，或雅思6分及以上，或新托福85分及以上（报名时请注明成绩）。","https://www.xjhc.gov.cn/xjhc/c116834/202410/a29382e11a674da3be3353af65f9fcc5.shtml#161102-300110007001","2024-10-14","{""dataset_year"":2025,""job_uid"":""GOV-2025-161102-300110007001"",""publisher"":""国家公务员局"",""publication_page"":""https://www.xjhc.gov.cn/xjhc/c116834/202410/a29382e11a674da3be3353af65f9fcc5.shtml"",""attachment_url"":""https://www.xjhc.gov.cn/xjhc/c116834/202410/a29382e11a674da3be3353af65f9fcc5/files/0536cef86e2b46ddad6aae5a3780089e.xls"",""local_source_file"":""2025_guokao_zhaokaojianzhang.xls"",""local_source_sha256"":""07ae6cab368cd21b7a1ac3e8150fe9a3d39ad5171ce76135ff3cccfe50c3e77e"",""source_sheet"":""中央国家行政机关省级以下直属机构"",""filter_version"":""government_tech_v2"",""tech_filter"":{""is_tech"":true,""is_core_tech"":true,""scope"":""core"",""categories"":[""computer_software"",""cybersecurity_cryptography""],""matched_fields"":[""major"",""description""],""major_terms"":[""信息安全""],""role_terms"":[""网络安全""],""reason"":""tech_major_and_role""},""original"":{""部门代码"":""161102"",""部门名称"":""中国民用航空局华东地区管理局"",""用人司局"":""中国民用航空山东安全监督管理局"",""机构性质"":""中央国家行政机关省级以下直属机构"",""招考职位"":""行政办公室一级主任科员及以下"",""职位属性"":""普通职位"",""职位分布"":""其他职位"",""职位简介"":""从事辖区内文秘、机要、电子政务、应急管理和辖区网络安全监管等工作"",""职位代码"":""300110007001"",""机构层级"":""县（区）级及以下"",""考试类别"":""市（地）级及以下直属机构综合管理类"",""招考人数"":""1"",""专业"":""0837安全科学与工程、085412网络与信息安全、086104航空交通运输"",""学历"":""硕士研究生及以上"",""学位"":""与最高学历相对应的学位"",""政治面貌"":""中共党员"",""基层工作最低年限"":""二年"",""服务基层项目工作经历"":""无限制"",""是否在面试阶段组织专业能力测试"":""否"",""面试人员比例"":""3:1"",""工作地点"":""山东省济南市"",""落户地点"":""山东省济南市"",""备注"":""1.具有民航领域相关工作经历2年以上；2.若专业为交通运输086104，研究方向需为：(1)航空交通规划与运行；(2)航空物流与综合运输；(3)民航系统安全管理；(4)民航热灾害防控与应急技术、民航运行安全与人因工程；3.大学英语六级成绩425分及以上，或雅思6分及以上，或新托福85分及以上（报名时请注明成绩）。"",""部门网站"":""http://hd.caac.gov.cn/"",""咨询电话1"":""021-22322262"",""咨询电话2"":"""",""咨询电话3"":"""",""来源Sheet"":""中央国家行政机关省级以下直属机构""}}"
"government_jobs","国家公务员2025招考简章","公务员/事业单位技术岗位","湖北省武汉市","2026-07-28T09:12:58.310295+00:00","行政办公室一级主任科员及以下","中国民用航空局中南地区管理局","","湖北省武汉市","公务员/事业单位;2025;computer_software;cybersecurity_cryptography;electronics_communication;本科及以上;与最高学历相对应的学位;电子信息工程（080701）、 通信工程（080703） 、信息工程（080706） 、计算机科学与技术（080901）、网络工程（080903   ）、信息安全（080904K）、数字媒体技术（080906）;市（地）级及以下直属机构综合管理类","用人司局：中国民用航空湖北安全监督管理局
职位简介：网络安全监察、行政管理
专业要求：电子信息工程（080701）、 通信工程（080703） 、信息工程（080706） 、计算机科学与技术（080901）、网络工程（080903   ）、信息安全（080904K）、数字媒体技术（080906）
学历要求：本科及以上
学位要求：与最高学历相对应的学位
政治面貌：中共党员
基层工作经历：二年
考试类别：市（地）级及以下直属机构综合管理类
备注：1.大学英语四级425分（含）以上。2.请考生报名时备注本人所学专业代码。3.本单位最低服务年限5年（含试用期）。","https://www.xjhc.gov.cn/xjhc/c116834/202410/a29382e11a674da3be3353af65f9fcc5.shtml#161103-300110003002","2024-10-14","{""dataset_year"":2025,""job_uid"":""GOV-2025-161103-300110003002"",""publisher"":""国家公务员局"",""publication_page"":""https://www.xjhc.gov.cn/xjhc/c116834/202410/a29382e11a674da3be3353af65f9fcc5.shtml"",""attachment_url"":""https://www.xjhc.gov.cn/xjhc/c116834/202410/a29382e11a674da3be3353af65f9fcc5/files/0536cef86e2b46ddad6aae5a3780089e.xls"",""local_source_file"":""2025_guokao_zhaokaojianzhang.xls"",""local_source_sha256"":""07ae6cab368cd21b7a1ac3e8150fe9a3d39ad5171ce76135ff3cccfe50c3e77e"",""source_sheet"":""中央国家行政机关省级以下直属机构"",""filter_version"":""government_tech_v2"",""tech_filter"":{""is_tech"":true,""is_core_tech"":true,""scope"":""core"",""categories"":[""computer_software"",""cybersecurity_cryptography"",""electronics_communication""],""matched_fields"":[""major"",""description""],""major_terms"":[""信息安全"",""数字媒体技术"",""电子信息工程"",""网络工程"",""计算机科学与技术"",""通信工程""],""role_terms"":[""网络安全""],""reason"":""tech_major_and_role""},""original"":{""部门代码"":""161103"",""部门名称"":""中国民用航空局中南地区管理局"",""用人司局"":""中国民用航空湖北安全监督管理局"",""机构性质"":""中央国家行政机关省级以下直属机构"",""招考职位"":""行政办公室一级主任科员及以下"",""职位属性"":""普通职位"",""职位分布"":""其他职位"",""职位简介"":""网络安全监察、行政管理"",""职位代码"":""300110003002"",""机构层级"":""县（区）级及以下"",""考试类别"":""市（地）级及以下直属机构综合管理类"",""招考人数"":""1"",""专业"":""电子信息工程（080701）、 通信工程（080703） 、信息工程（080706） 、计算机科学与技术（080901）、网络工程（080903   ）、信息安全（080904K）、数字媒体技术（080906）"",""学历"":""本科及以上"",""学位"":""与最高学历相对应的学位"",""政治面貌"":""中共党员"",""基层工作最低年限"":""二年"",""服务基层项目工作经历"":""大学生村官、农村义务教育阶段学校教师特设岗位计划、“三支一扶”计划、大学生志愿服务西部计划、在军队服役5年（含）以上的高校毕业生退役士兵"",""是否在面试阶段组织专业能力测试"":""否"",""面试人员比例"":""3:1"",""工作地点"":""湖北省武汉市"",""落户地点"":""湖北省武汉市"",""备注"":""1.大学英语四级425分（含）以上。2.请考生报名时备注本人所学专业代码。3.本单位最低服务年限5年（含试用期）。"",""部门网站"":""http://zn.caac.gov.cn"",""咨询电话1"":""020-86122253"",""咨询电话2"":""020-86124148"",""咨询电话3"":"""",""来源Sheet"":""中央国家行政机关省级以下直属机构""}}"
"government_jobs","国家公务员2025招考简章","公务员/事业单位技术岗位","四川省成都市","2026-07-28T09:12:58.310295+00:00","办公室一级主任科员及以下","中国民用航空局西南地区管理局","","四川省成都市","公务员/事业单位;2025;computer_software;cybersecurity_cryptography;本科及以上;与最高学历相对应的学位;本科专业： 计算机科学与技术（080901）、软件工程（080902）、网络工程（080903）、网络空间安全（080911TK）、安全工程（082901)、应急技术与管理（082902T）;中央机关及其省级直属机构综合管理类","用人司局：中国民用航空西南地区管理局
职位简介：从事文稿起草，电子政务，网络安全、应急监管等工作
专业要求：本科专业： 计算机科学与技术（080901）、软件工程（080902）、网络工程（080903）、网络空间安全（080911TK）、安全工程（082901)、应急技术与管理（082902T）
学历要求：本科及以上
学位要求：与最高学历相对应的学位
政治面貌：中共党员
基层工作经历：二年
考试类别：中央机关及其省级直属机构综合管理类
备注：1.大学英语六级成绩425分及以上；
2.限以主修专业报考，且各学习阶段均应获得对应学历学位；
3.需具有较强的文字写作能力；
4.需经常赴高原地区出差和夜班值守，对身体素质要求较高。","https://www.xjhc.gov.cn/xjhc/c116834/202410/a29382e11a674da3be3353af65f9fcc5.shtml#161104-300110001002","2024-10-14","{""dataset_year"":2025,""job_uid"":""GOV-2025-161104-300110001002"",""publisher"":""国家公务员局"",""publication_page"":""https://www.xjhc.gov.cn/xjhc/c116834/202410/a29382e11a674da3be3353af65f9fcc5.shtml"",""attachment_url"":""https://www.xjhc.gov.cn/xjhc/c116834/202410/a29382e11a674da3be3353af65f9fcc5/files/0536cef86e2b46ddad6aae5a3780089e.xls"",""local_source_file"":""2025_guokao_zhaokaojianzhang.xls"",""local_source_sha256"":""07ae6cab368cd21b7a1ac3e8150fe9a3d39ad5171ce76135ff3cccfe50c3e77e"",""source_sheet"":""中央国家行政机关省级以下直属机构"",""filter_version"":""government_tech_v2"",""tech_filter"":{""is_tech"":true,""is_core_tech"":true,""scope"":""core"",""categories"":[""computer_software"",""cybersecurity_cryptography""],""matched_fields"":[""major"",""description""],""major_terms"":[""网络工程"",""网络空间安全"",""计算机科学与技术"",""软件工程""],""role_terms"":[""网络安全""],""reason"":""tech_major_and_role""},""original"":{""部门代码"":""161104"",""部门名称"":""中国民用航空局西南地区管理局"",""用人司局"":""中国民用航空西南地区管理局"",""机构性质"":""中央国家行政机关省级以下直属机构"",""招考职位"":""办公室一级主任科员及以下"",""职位属性"":""普通职位"",""职位分布"":""其他职位"",""职位简介"":""从事文稿起草，电子政务，网络安全、应急监管等工作"",""职位代码"":""300110001002"",""机构层级"":""省（副省）级"",""考试类别"":""中央机关及其省级直属机构综合管理类"",""招考人数"":""1"",""专业"":""本科专业： 计算机科学与技术（080901）、软件工程（080902）、网络工程（080903）、网络空间安全（080911TK）、安全工程（082901)、应急技术与管理（082902T）"",""学历"":""本科及以上"",""学位"":""与最高学历相对应的学位"",""政治面貌"":""中共党员"",""基层工作最低年限"":""二年"",""服务基层项目工作经历"":""大学生村官、大学生志愿服务西部计划、在军队服役5年（含）以上的高校毕业生退役士兵"",""是否在面试阶段组织专业能力测试"":""否"",""面试人员比例"":""5:1"",""工作地点"":""四川省成都市"",""落户地点"":""四川省成都市"",""备注"":""1.大学英语六级成绩425分及以上；\n2.限以主修专业报考，且各学习阶段均应获得对应学历学位；\n3.需具有较强的文字写作能力；\n4.需经常赴高原地区出差和夜班值守，对身体素质要求较高。"",""部门网站"":""http://xn.caac.gov.cn/"",""咨询电话1"":""028-85710069"",""咨询电话2"":""028-85710405"",""咨询电话3"":"""",""来源Sheet"":""中央国家行政机关省级以下直属机构""}}"
"government_jobs","国家公务员2025招考简章","公务员/事业单位技术岗位","湖南省湘潭市","2026-07-28T09:12:58.310295+00:00","一级主任科员及以下","湖南省邮政管理局","","湖南省湘潭市","公务员/事业单位;2025;computer_software;本科及以上;与最高学历相对应的学位;计算机科学与技术、软件工程、数据科学与大数据技术（以上均为专业名称）;市（地）级及以下直属机构综合管理类","用人司局：湘潭市邮政管理局
职位简介：邮政行业监督管理
专业要求：计算机科学与技术、软件工程、数据科学与大数据技术（以上均为专业名称）
学历要求：本科及以上
学位要求：与最高学历相对应的学位
政治面貌：中共党员
基层工作经历：无限制
考试类别：市（地）级及以下直属机构综合管理类
备注：1.一线执法岗位，需到辖区边远地区开展执法检查，工作强度大；
2.仅招录2025届高校毕业生；
3.大学英语四级或425分以上、计算机二级；
4.在本单位最低服务年限为5年（含试用期）；
5.落户须符合当地有关政策，单位无法办理集体户口；
6.本单位不提供宿舍。","https://www.xjhc.gov.cn/xjhc/c116834/202410/a29382e11a674da3be3353af65f9fcc5.shtml#162118-300110001001","2024-10-14","{""dataset_year"":2025,""job_uid"":""GOV-2025-162118-300110001001"",""publisher"":""国家公务员局"",""publication_page"":""https://www.xjhc.gov.cn/xjhc/c116834/202410/a29382e11a674da3be3353af65f9fcc5.shtml"",""attachment_url"":""https://www.xjhc.gov.cn/xjhc/c116834/202410/a29382e11a674da3be3353af65f9fcc5/files/0536cef86e2b46ddad6aae5a3780089e.xls"",""local_source_file"":""2025_guokao_zhaokaojianzhang.xls"",""local_source_sha256"":""07ae6cab368cd21b7a1ac3e8150fe9a3d39ad5171ce76135ff3cccfe50c3e77e"",""source_sheet"":""中央国家行政机关省级以下直属机构"",""filter_version"":""government_tech_v2"",""tech_filter"":{""is_tech"":true,""is_core_tech"":true,""scope"":""core"",""categories"":[""computer_software""],""matched_fields"":[""major"",""remarks""],""major_terms"":[""大数据"",""数据科学与大数据技术"",""计算机科学与技术"",""软件工程""],""role_terms"":[""计算机""],""reason"":""tech_major_and_role""},""original"":{""部门代码"":""162118"",""部门名称"":""湖南省邮政管理局"",""用人司局"":""湘潭市邮政管理局"",""机构性质"":""中央国家行政机关省级以下直属机构"",""招考职位"":""一级主任科员及以下"",""职位属性"":""普通职位"",""职位分布"":""其他职位"",""职位简介"":""邮政行业监督管理"",""职位代码"":""300110001001"",""机构层级"":""市（地）级"",""考试类别"":""市（地）级及以下直属机构综合管理类"",""招考人数"":""1"",""专业"":""计算机科学与技术、软件工程、数据科学与大数据技术（以上均为专业名称）"",""学历"":""本科及以上"",""学位"":""与最高学历相对应的学位"",""政治面貌"":""中共党员"",""基层工作最低年限"":""无限制"",""服务基层项目工作经历"":""无限制"",""是否在面试阶段组织专业能力测试"":""否"",""面试人员比例"":""3:1"",""工作地点"":""湖南省湘潭市"",""落户地点"":""湖南省湘潭市"",""备注"":""1.一线执法岗位，需到辖区边远地区开展执法检查，工作强度大；\n2.仅招录2025届高校毕业生；\n3.大学英语四级或425分以上、计算机二级；\n4.在本单位最低服务年限为5年（含试用期）；\n5.落户须符合当地有关政策，单位无法办理集体户口；\n6.本单位不提供宿舍。"",""部门网站"":""http://hn.spb.gov.cn/"",""咨询电话1"":""0731-85989081"",""咨询电话2"":""0731-85989079"",""咨询电话3"":"""",""来源Sheet"":""中央国家行政机关省级以下直属机构""}}"
"government_jobs","国家公务员2025招考简章","公务员/事业单位技术岗位","新疆维吾尔自治区喀什地区","2026-07-28T09:12:58.310295+00:00","一级科员","新疆维吾尔自治区邮政管理局","","新疆维吾尔自治区喀什地区","公务员/事业单位;2025;computer_software;本科及以上;与最高学历相对应的学位;法学、汉语言文学、新闻学、网络工程（以上均为专业名称）;市（地）级及以下直属机构综合管理类","用人司局：喀什地区邮政管理局
职位简介：邮政行业监督管理
专业要求：法学、汉语言文学、新闻学、网络工程（以上均为专业名称）
学历要求：本科及以上
学位要求：与最高学历相对应的学位
政治面貌：不限
基层工作经历：二年
考试类别：市（地）级及以下直属机构综合管理类
备注：1.一线执法岗位，需到辖区边远地区开展执法检查，工作强度大；2.在本单位最低服务年限为5年（含试用期）；3.计算机二级。","https://www.xjhc.gov.cn/xjhc/c116834/202410/a29382e11a674da3be3353af65f9fcc5.shtml#162131-300110002001","2024-10-14","{""dataset_year"":2025,""job_uid"":""GOV-2025-162131-300110002001"",""publisher"":""国家公务员局"",""publication_page"":""https://www.xjhc.gov.cn/xjhc/c116834/202410/a29382e11a674da3be3353af65f9fcc5.shtml"",""attachment_url"":""https://www.xjhc.gov.cn/xjhc/c116834/202410/a29382e11a674da3be3353af65f9fcc5/files/0536cef86e2b46ddad6aae5a3780089e.xls"",""local_source_file"":""2025_guokao_zhaokaojianzhang.xls"",""local_source_sha256"":""07ae6cab368cd21b7a1ac3e8150fe9a3d39ad5171ce76135ff3cccfe50c3e77e"",""source_sheet"":""中央国家行政机关省级以下直属机构"",""filter_version"":""government_tech_v2"",""tech_filter"":{""is_tech"":true,""is_core_tech"":true,""scope"":""core"",""categories"":[""computer_software""],""matched_fields"":[""major"",""remarks""],""major_terms"":[""网络工程""],""role_terms"":[""计算机""],""reason"":""tech_major_and_role""},""original"":{""部门代码"":""162131"",""部门名称"":""新疆维吾尔自治区邮政管理局"",""用人司局"":""喀什地区邮政管理局"",""机构性质"":""中央国家行政机关省级以下直属机构"",""招考职位"":""一级科员"",""职位属性"":""普通职位"",""职位分布"":""西部地区和艰苦边远地区职位"",""职位简介"":""邮政行业监督管理"",""职位代码"":""300110002001"",""机构层级"":""市（地）级"",""考试类别"":""市（地）级及以下直属机构综合管理类"",""招考人数"":""1"",""专业"":""法学、汉语言文学、新闻学、网络工程（以上均为专业名称）"",""学历"":""本科及以上"",""学位"":""与最高学历相对应的学位"",""政治面貌"":""不限"",""基层工作最低年限"":""二年"",""服务基层项目工作经历"":""大学生村官、农村义务教育阶段学校教师特设岗位计划、“三支一扶”计划、大学生志愿服务西部计划"",""是否在面试阶段组织专业能力测试"":""否"",""面试人员比例"":""3:1"",""工作地点"":""新疆维吾尔自治区喀什地区"",""落户地点"":""新疆维吾尔自治区喀什地区"",""备注"":""1.一线执法岗位，需到辖区边远地区开展执法检查，工作强度大；2.在本单位最低服务年限为5年（含试用期）；3.计算机二级。"",""部门网站"":""http://xj.spb.gov.cn/"",""咨询电话1"":""0991-2317880"",""咨询电话2"":""0991-2356668"",""咨询电话3"":"""",""来源Sheet"":""中央国家行政机关省级以下直属机构""}}"
"government_jobs","国家公务员2025招考简章","公务员/事业单位技术岗位","北京市西城区","2026-07-28T09:12:58.310295+00:00","信息与电子政务处（网络安全与信息化领导小组办公室）一级主任科员及以下","中华全国供销合作总社","","北京市西城区","公务员/事业单位;2025;computer_software;cybersecurity_cryptography;仅限硕士研究生;硕士;农业经济管理、国民经济学、区域经济学、产业经济学、中共党史、马克思主义基本原理、马克思主义中国化研究、语言学及应用语言学、汉语言文字学、中国古代文学、中国现当代文学、新闻学、传播学、民商法学、经济法学;中央机关及其省级直属机构综合管理类","用人司局：办公厅
职位简介：承担文稿起草、公文处理、信息编辑、信息调研、综合协调等相关工作。
专业要求：农业经济管理、国民经济学、区域经济学、产业经济学、中共党史、马克思主义基本原理、马克思主义中国化研究、语言学及应用语言学、汉语言文字学、中国古代文学、中国现当代文学、新闻学、传播学、民商法学、经济法学
学历要求：仅限硕士研究生
学位要求：硕士
政治面貌：中共党员
基层工作经历：无限制
考试类别：中央机关及其省级直属机构综合管理类
备注：政治素质好，有较强的文字写作、调查研究、综合协调能力和吃苦奉献精神，身心健康。本科及以上学习阶段均要求双证齐全，职位要求专业为报考者最高学历对应专业。","https://www.xjhc.gov.cn/xjhc/c116834/202410/a29382e11a674da3be3353af65f9fcc5.shtml#170000-400110001002","2024-10-14","{""dataset_year"":2025,""job_uid"":""GOV-2025-170000-400110001002"",""publisher"":""国家公务员局"",""publication_page"":""https://www.xjhc.gov.cn/xjhc/c116834/202410/a29382e11a674da3be3353af65f9fcc5.shtml"",""attachment_url"":""https://www.xjhc.gov.cn/xjhc/c116834/202410/a29382e11a674da3be3353af65f9fcc5/files/0536cef86e2b46ddad6aae5a3780089e.xls"",""local_source_file"":""2025_guokao_zhaokaojianzhang.xls"",""local_source_sha256"":""07ae6cab368cd21b7a1ac3e8150fe9a3d39ad5171ce76135ff3cccfe50c3e77e"",""source_sheet"":""中央国家行政机关参照公务员法管理事业单位"",""filter_version"":""government_tech_v2"",""tech_filter"":{""is_tech"":true,""is_core_tech"":true,""scope"":""core"",""categories"":[""computer_software"",""cybersecurity_cryptography""],""matched_fields"":[""job_title""],""major_terms"":[],""role_terms"":[""信息化"",""网络安全""],""reason"":""tech_role""},""original"":{""部门代码"":""170000"",""部门名称"":""中华全国供销合作总社"",""用人司局"":""办公厅"",""机构性质"":""中央国家行政机关参照公务员法管理事业单位"",""招考职位"":""信息与电子政务处（网络安全与信息化领导小组办公室）一级主任科员及以下"",""职位属性"":""普通职位"",""职位分布"":""其他职位"",""职位简介"":""承担文稿起草、公文处理、信息编辑、信息调研、综合协调等相关工作。"",""职位代码"":""400110001002"",""机构层级"":""中央"",""考试类别"":""中央机关及其省级直属机构综合管理类"",""招考人数"":""1"",""专业"":""农业经济管理、国民经济学、区域经济学、产业经济学、中共党史、马克思主义基本原理、马克思主义中国化研究、语言学及应用语言学、汉语言文字学、中国古代文学、中国现当代文学、新闻学、传播学、民商法学、经济法学"",""学历"":""仅限硕士研究生"",""学位"":""硕士"",""政治面貌"":""中共党员"",""基层工作最低年限"":""无限制"",""服务基层项目工作经历"":""无限制"",""是否在面试阶段组织专业能力测试"":""否"",""面试人员比例"":""5:1"",""工作地点"":""北京市西城区"",""落户地点"":""北京市西城区"",""备注"":""政治素质好，有较强的文字写作、调查研究、综合协调能力和吃苦奉献精神，身心健康。本科及以上学习阶段均要求双证齐全，职位要求专业为报考者最高学历对应专业。"",""部门网站"":""http://www.chinacoop.gov.cn/"",""咨询电话1"":""010-66054766"",""咨询电话2"":""010-66051176"",""咨询电话3"":""010-66051121"",""来源Sheet"":""中央国家行政机关参照公务员法管理事业单位""}}"
"government_jobs","国家公务员2025招考简章","公务员/事业单位技术岗位","北京市海淀区","2026-07-28T09:12:58.310295+00:00","信息化指导处一级主任科员及以下","中国地震局","","北京市海淀区","公务员/事业单位;2025;computer_software;cybersecurity_cryptography;硕士研究生及以上;与最高学历相对应的学位;计算机科学与技术类（0775，0812）、软件工程（0835，085405）;中央机关及其省级直属机构综合管理类","用人司局：科技与国际合作司
职位简介：承担地震系统信息化与网络安全综合管理工作。
专业要求：计算机科学与技术类（0775，0812）、软件工程（0835，085405）
学历要求：硕士研究生及以上
学位要求：与最高学历相对应的学位
政治面貌：中共党员
基层工作经历：无限制
考试类别：中央机关及其省级直属机构综合管理类
备注：需经常参加应急处置和24小时值班值守。","https://www.xjhc.gov.cn/xjhc/c116834/202410/a29382e11a674da3be3353af65f9fcc5.shtml#175000-400110005003","2024-10-14","{""dataset_year"":2025,""job_uid"":""GOV-2025-175000-400110005003"",""publisher"":""国家公务员局"",""publication_page"":""https://www.xjhc.gov.cn/xjhc/c116834/202410/a29382e11a674da3be3353af65f9fcc5.shtml"",""attachment_url"":""https://www.xjhc.gov.cn/xjhc/c116834/202410/a29382e11a674da3be3353af65f9fcc5/files/0536cef86e2b46ddad6aae5a3780089e.xls"",""local_source_file"":""2025_guokao_zhaokaojianzhang.xls"",""local_source_sha256"":""07ae6cab368cd21b7a1ac3e8150fe9a3d39ad5171ce76135ff3cccfe50c3e77e"",""source_sheet"":""中央国家行政机关参照公务员法管理事业单位"",""filter_version"":""government_tech_v2"",""tech_filter"":{""is_tech"":true,""is_core_tech"":true,""scope"":""core"",""categories"":[""computer_software"",""cybersecurity_cryptography""],""matched_fields"":[""major"",""job_title"",""description""],""major_terms"":[""计算机科学与技术"",""软件工程""],""role_terms"":[""信息化"",""网络安全""],""reason"":""tech_major_and_role""},""original"":{""部门代码"":""175000"",""部门名称"":""中国地震局"",""用人司局"":""科技与国际合作司"",""机构性质"":""中央国家行政机关参照公务员法管理事业单位"",""招考职位"":""信息化指导处一级主任科员及以下"",""职位属性"":""普通职位"",""职位分布"":""其他职位"",""职位简介"":""承担地震系统信息化与网络安全综合管理工作。"",""职位代码"":""400110005003"",""机构层级"":""中央"",""考试类别"":""中央机关及其省级直属机构综合管理类"",""招考人数"":""1"",""专业"":""计算机科学与技术类（0775，0812）、软件工程（0835，085405）"",""学历"":""硕士研究生及以上"",""学位"":""与最高学历相对应的学位"",""政治面貌"":""中共党员"",""基层工作最低年限"":""无限制"",""服务基层项目工作经历"":""无限制"",""是否在面试阶段组织专业能力测试"":""否"",""面试人员比例"":""5:1"",""工作地点"":""北京市海淀区"",""落户地点"":""北京市海淀区"",""备注"":""需经常参加应急处置和24小时值班值守。"",""部门网站"":""http://www.cea.gov.cn"",""咨询电话1"":""010-88015617"",""咨询电话2"":""010-88015635"",""咨询电话3"":"""",""来源Sheet"":""中央国家行政机关参照公务员法管理事业单位""}}"
"government_jobs","国家公务员2025招考简章","公务员/事业单位技术岗位","陕西省西安市","2026-07-28T09:12:58.310295+00:00","监测预报与科技处（应急服务处）一级主任科员及以下","陕西省地震局","","陕西省西安市","公务员/事业单位;2025;computer_software;cybersecurity_cryptography;硕士研究生及以上;与最高学历相对应的学位;固体地球物理学（070801）、构造地质学（070904）、地质工程（081803、085703）、地球探测与信息技术（081802）、防灾减灾工程及防护工程（081405）、结构工程（081402）、网络空间安全类（0839）、地震学;中央机关及其省级直属机构综合管理类","用人司局：陕西省地震局
职位简介：从事地震监测预报、预警、信息化管理。
专业要求：固体地球物理学（070801）、构造地质学（070904）、地质工程（081803、085703）、地球探测与信息技术（081802）、防灾减灾工程及防护工程（081405）、结构工程（081402）、网络空间安全类（0839）、地震学
学历要求：硕士研究生及以上
学位要求：与最高学历相对应的学位
政治面貌：不限
基层工作经历：无限制
考试类别：中央机关及其省级直属机构综合管理类
备注：需经常参加应急处置和24小时值班值守。","https://www.xjhc.gov.cn/xjhc/c116834/202410/a29382e11a674da3be3353af65f9fcc5.shtml#175127-400110127001","2024-10-14","{""dataset_year"":2025,""job_uid"":""GOV-2025-175127-400110127001"",""publisher"":""国家公务员局"",""publication_page"":""https://www.xjhc.gov.cn/xjhc/c116834/202410/a29382e11a674da3be3353af65f9fcc5.shtml"",""attachment_url"":""https://www.xjhc.gov.cn/xjhc/c116834/202410/a29382e11a674da3be3353af65f9fcc5/files/0536cef86e2b46ddad6aae5a3780089e.xls"",""local_source_file"":""2025_guokao_zhaokaojianzhang.xls"",""local_source_sha256"":""07ae6cab368cd21b7a1ac3e8150fe9a3d39ad5171ce76135ff3cccfe50c3e77e"",""source_sheet"":""中央国家行政机关参照公务员法管理事业单位"",""filter_version"":""government_tech_v2"",""tech_filter"":{""is_tech"":true,""is_core_tech"":true,""scope"":""core"",""categories"":[""computer_software"",""cybersecurity_cryptography""],""matched_fields"":[""major"",""description""],""major_terms"":[""网络空间安全""],""role_terms"":[""信息化""],""reason"":""tech_major_and_role""},""original"":{""部门代码"":""175127"",""部门名称"":""陕西省地震局"",""用人司局"":""陕西省地震局"",""机构性质"":""中央国家行政机关参照公务员法管理事业单位"",""招考职位"":""监测预报与科技处（应急服务处）一级主任科员及以下"",""职位属性"":""普通职位"",""职位分布"":""其他职位"",""职位简介"":""从事地震监测预报、预警、信息化管理。"",""职位代码"":""400110127001"",""机构层级"":""省（副省）级"",""考试类别"":""中央机关及其省级直属机构综合管理类"",""招考人数"":""1"",""专业"":""固体地球物理学（070801）、构造地质学（070904）、地质工程（081803、085703）、地球探测与信息技术（081802）、防灾减灾工程及防护工程（081405）、结构工程（081402）、网络空间安全类（0839）、地震学"",""学历"":""硕士研究生及以上"",""学位"":""与最高学历相对应的学位"",""政治面貌"":""不限"",""基层工作最低年限"":""无限制"",""服务基层项目工作经历"":""无限制"",""是否在面试阶段组织专业能力测试"":""否"",""面试人员比例"":""5:1"",""工作地点"":""陕西省西安市"",""落户地点"":""陕西省西安市"",""备注"":""需经常参加应急处置和24小时值班值守。"",""部门网站"":""www.sxdzj.gov.cn"",""咨询电话1"":""029-88465435"",""咨询电话2"":"""",""咨询电话3"":"""",""来源Sheet"":""中央国家行政机关参照公务员法管理事业单位""}}"
"government_jobs","国家公务员2026招考简章","公务员/事业单位技术岗位","北京市","2026-07-28T09:12:58.310295+00:00","信息管理岗位一级主任科员及以下","中央办公厅","","北京市","公务员/事业单位;2026;automation_robotics;computer_software;electronics_communication;本科或硕士研究生;与最高学历相对应的学位;本科：0807电子信息类、0808自动化类、0809计算机类；研究生：0810信息与通信工程、 0811控制科学与工程、  0812计算机科学与技术、0854电子信息;中央机关及其省级直属机构综合管理类","用人司局：毛主席纪念堂管理局
职位简介：从事信息管理等工作
专业要求：本科：0807电子信息类、0808自动化类、0809计算机类；研究生：0810信息与通信工程、 0811控制科学与工程、  0812计算机科学与技术、0854电子信息
学历要求：本科或硕士研究生
学位要求：与最高学历相对应的学位
政治面貌：中共党员
基层工作经历：无限制
考试类别：中央机关及其省级直属机构综合管理类
备注：咨询电话：01083083167。研究生学历报考者须同时具有本科学历学位和研究生学历学位。职位要求专业条件为最高学历对应专业。有较强的专业素养、综合文字表达能力和组织协调能力。非2026届高校毕业生须具有计算机、自动化、系统集成等信息化相关工作经历。专业能力测试的内容为电子信息、自动化、计算机等方面知识综合应用、公文处理等，占综合成绩的15%。","http://bm.scs.gov.cn/kl2026#002000-100210003002","2025-10-14","{""dataset_year"":2026,""job_uid"":""GOV-2026-002000-100210003002"",""publisher"":""国家公务员局"",""publication_page"":""http://bm.scs.gov.cn/kl2026"",""attachment_url"":""local://2026_guokao_zhaokaojianzhang.zip"",""local_source_file"":""中央机关及其直属机构2026年度考试录用公务员招考简章.xls"",""local_source_sha256"":""2670bae1df1dd07a3a3c79b9db46a11e3bb15a6c9c249e6af98bfd0b61ce3aaf"",""source_sheet"":""中央党群机关"",""filter_version"":""government_tech_v2"",""tech_filter"":{""is_tech"":true,""is_core_tech"":true,""scope"":""core"",""categories"":[""automation_robotics"",""computer_software"",""electronics_communication""],""matched_fields"":[""major"",""job_title"",""description"",""remarks""],""major_terms"":[""信息与通信工程"",""控制科学与工程"",""电子信息"",""电子信息类"",""自动化类"",""计算机科学与技术"",""计算机类"",""通信工程""],""role_terms"":[""信息化"",""信息管理"",""电子信息"",""自动化"",""计算机""],""reason"":""tech_major_and_role""},""original"":{""部门代码"":""002000"",""部门名称"":""中央办公厅"",""用人司局"":""毛主席纪念堂管理局"",""机构性质"":""中央党群机关参照公务员法管理事业单位"",""招考职位"":""信息管理岗位一级主任科员及以下"",""职位属性"":""普通职位"",""职位分布"":""其他职位"",""职位简介"":""从事信息管理等工作"",""职位代码"":""100210003002"",""机构层级"":""中央"",""考试类别"":""中央机关及其省级直属机构综合管理类"",""招考人数"":""2"",""专业"":""本科：0807电子信息类、0808自动化类、0809计算机类；研究生：0810信息与通信工程、 0811控制科学与工程、  0812计算机科学与技术、0854电子信息"",""学历"":""本科或硕士研究生"",""学位"":""与最高学历相对应的学位"",""政治面貌"":""中共党员"",""基层工作最低年限"":""无限制"",""服务基层项目工作经历"":""无限制"",""是否在面试阶段组织专业能力测试"":""是"",""面试人员比例"":""5:1"",""工作地点"":""北京市"",""落户地点"":""北京市"",""备注"":""咨询电话：01083083167。研究生学历报考者须同时具有本科学历学位和研究生学历学位。职位要求专业条件为最高学历对应专业。有较强的专业素养、综合文字表达能力和组织协调能力。非2026届高校毕业生须具有计算机、自动化、系统集成等信息化相关工作经历。专业能力测试的内容为电子信息、自动化、计算机等方面知识综合应用、公文处理等，占综合成绩的15%。"",""部门网站"":""无"",""咨询电话1"":""01063094219"",""咨询电话2"":"""",""咨询电话3"":"""",""来源Sheet"":""中央党群机关""}}"
"government_jobs","国家公务员2026招考简章","公务员/事业单位技术岗位","北京市","2026-07-28T09:12:58.310295+00:00","信息管理岗位一级主任科员及以下","中央直属机关事务管理局","","北京市","公务员/事业单位;2026;computer_software;本科或硕士研究生;与最高学历相对应的学位;本科：080901计算机科学与技术、080902软件工程、080903网络工程；研究生：0775计算机科学与技术、0812计算机科学与技术、0835软件工程、085404计算机技术、085405软件工程;中央机关及其省级直属机构综合管理类","用人司局：局机关业务司四
职位简介：从事信息管理等工作
专业要求：本科：080901计算机科学与技术、080902软件工程、080903网络工程；研究生：0775计算机科学与技术、0812计算机科学与技术、0835软件工程、085404计算机技术、085405软件工程
学历要求：本科或硕士研究生
学位要求：与最高学历相对应的学位
政治面貌：中共党员
基层工作经历：无限制
考试类别：中央机关及其省级直属机构综合管理类
备注：咨询电话：01063097973、63093171。研究生学历报考者须同时具有本科学历学位和研究生学历学位。非应届毕业生须有与职位简介相关的工作经历。掌握一定的党内法规知识，有较强的专业素养、文字表达能力和组织协调能力。个人经历填写要求连续准确、没有断档（待业请注明）。专业能力测试的内容为党的机关事务工作，对党的大政方针的理解把握能力、对时事的分析能力和公文写作，岗位对应的专业技能，占综合成绩的15%。","http://bm.scs.gov.cn/kl2026#003000-100210005002","2025-10-14","{""dataset_year"":2026,""job_uid"":""GOV-2026-003000-100210005002"",""publisher"":""国家公务员局"",""publication_page"":""http://bm.scs.gov.cn/kl2026"",""attachment_url"":""local://2026_guokao_zhaokaojianzhang.zip"",""local_source_file"":""中央机关及其直属机构2026年度考试录用公务员招考简章.xls"",""local_source_sha256"":""2670bae1df1dd07a3a3c79b9db46a11e3bb15a6c9c249e6af98bfd0b61ce3aaf"",""source_sheet"":""中央党群机关"",""filter_version"":""government_tech_v2"",""tech_filter"":{""is_tech"":true,""is_core_tech"":true,""scope"":""core"",""categories"":[""computer_software""],""matched_fields"":[""major"",""job_title"",""description""],""major_terms"":[""网络工程"",""计算机技术"",""计算机科学与技术"",""软件工程""],""role_terms"":[""信息管理""],""reason"":""tech_major_and_role""},""original"":{""部门代码"":""003000"",""部门名称"":""中央直属机关事务管理局"",""用人司局"":""局机关业务司四"",""机构性质"":""中央党群机关参照公务员法管理事业单位"",""招考职位"":""信息管理岗位一级主任科员及以下"",""职位属性"":""普通职位"",""职位分布"":""其他职位"",""职位简介"":""从事信息管理等工作"",""职位代码"":""100210005002"",""机构层级"":""中央"",""考试类别"":""中央机关及其省级直属机构综合管理类"",""招考人数"":""1"",""专业"":""本科：080901计算机科学与技术、080902软件工程、080903网络工程；研究生：0775计算机科学与技术、0812计算机科学与技术、0835软件工程、085404计算机技术、085405软件工程"",""学历"":""本科或硕士研究生"",""学位"":""与最高学历相对应的学位"",""政治面貌"":""中共党员"",""基层工作最低年限"":""无限制"",""服务基层项目工作经历"":""无限制"",""是否在面试阶段组织专业能力测试"":""是"",""面试人员比例"":""5:1"",""工作地点"":""北京市"",""落户地点"":""北京市"",""备注"":""咨询电话：01063097973、63093171。研究生学历报考者须同时具有本科学历学位和研究生学历学位。非应届毕业生须有与职位简介相关的工作经历。掌握一定的党内法规知识，有较强的专业素养、文字表达能力和组织协调能力。个人经历填写要求连续准确、没有断档（待业请注明）。专业能力测试的内容为党的机关事务工作，对党的大政方针的理解把握能力、对时事的分析能力和公文写作，岗位对应的专业技能，占综合成绩的15%。"",""部门网站"":""无"",""咨询电话1"":""01063097973"",""咨询电话2"":""01063093171"",""咨询电话3"":"""",""来源Sheet"":""中央党群机关""}}"
"government_jobs","国家公务员2026招考简章","公务员/事业单位技术岗位","北京市西城区","2026-07-28T09:12:58.310295+00:00","技能培训与技术创新处一级主任科员及以下","全国总工会","","北京市西城区","公务员/事业单位;2026;automation_robotics;computer_software;data_ai;electronics_communication;硕士研究生及以上;与最高学历相对应的学位;0802机械工程、0808电气工程、0809电子科学与技术、0810信息与通信工程、0811控制科学与工程、0812计算机科学与技术;中央机关及其省级直属机构综合管理类","用人司局：劳动和经济工作部
职位简介：1、参与职工学历提升与技能培训、创新创造等方面调查研究和政策制定；2、有较强的数智化素养和人工智能应用能力；承担部门网络信息与数字化工作；3、参与职工技术帮扶活动的组织和有关大型活动等策划、筹备、协调工作；4、有较好的文字能力、沟通协调能力；5、吃苦耐劳、爱岗敬业，需要适应经常性加班和出差。
专业要求：0802机械工程、0808电气工程、0809电子科学与技术、0810信息与通信工程、0811控制科学与工程、0812计算机科学与技术
学历要求：硕士研究生及以上
学位要求：与最高学历相对应的学位
政治面貌：中共党员
基层工作经历：二年
考试类别：中央机关及其省级直属机构综合管理类
备注：专业能力测试为根据给定材料起草文章，主要考查综合分析能力和文字能力，占综合成绩的15%。考生报名填写专业时需写明专业代码，所学专业须与岗位要求专业代码一致。限以主修专业报考。同等条件下，省部级以上劳动模范、一线优秀工会工作者优先录用。具体解释参见全国总工会网站公示公告栏《全国总工会关于2026年度录用机关工作人员职位要求的说明》。","http://bm.scs.gov.cn/kl2026#051000-100310006001","2025-10-14","{""dataset_year"":2026,""job_uid"":""GOV-2026-051000-100310006001"",""publisher"":""国家公务员局"",""publication_page"":""http://bm.scs.gov.cn/kl2026"",""attachment_url"":""local://2026_guokao_zhaokaojianzhang.zip"",""local_source_file"":""中央机关及其直属机构2026年度考试录用公务员招考简章.xls"",""local_source_sha256"":""2670bae1df1dd07a3a3c79b9db46a11e3bb15a6c9c249e6af98bfd0b61ce3aaf"",""source_sheet"":""中央党群机关"",""filter_version"":""government_tech_v2"",""tech_filter"":{""is_tech"":true,""is_core_tech"":true,""scope"":""core"",""categories"":[""automation_robotics"",""computer_software"",""data_ai"",""electronics_communication""],""matched_fields"":[""major"",""description""],""major_terms"":[""信息与通信工程"",""控制科学与工程"",""电子科学与技术"",""计算机科学与技术"",""通信工程""],""role_terms"":[""人工智能"",""数字化"",""数智"",""智能应用""],""reason"":""tech_major_and_role""},""original"":{""部门代码"":""051000"",""部门名称"":""全国总工会"",""用人司局"":""劳动和经济工作部"",""机构性质"":""群团机关"",""招考职位"":""技能培训与技术创新处一级主任科员及以下"",""职位属性"":""普通职位"",""职位分布"":""其他职位"",""职位简介"":""1、参与职工学历提升与技能培训、创新创造等方面调查研究和政策制定；2、有较强的数智化素养和人工智能应用能力；承担部门网络信息与数字化工作；3、参与职工技术帮扶活动的组织和有关大型活动等策划、筹备、协调工作；4、有较好的文字能力、沟通协调能力；5、吃苦耐劳、爱岗敬业，需要适应经常性加班和出差。"",""职位代码"":""100310006001"",""机构层级"":""中央"",""考试类别"":""中央机关及其省级直属机构综合管理类"",""招考人数"":""1"",""专业"":""0802机械工程、0808电气工程、0809电子科学与技术、0810信息与通信工程、0811控制科学与工程、0812计算机科学与技术"",""学历"":""硕士研究生及以上"",""学位"":""与最高学历相对应的学位"",""政治面貌"":""中共党员"",""基层工作最低年限"":""二年"",""服务基层项目工作经历"":""无限制"",""是否在面试阶段组织专业能力测试"":""是"",""面试人员比例"":""5:1"",""工作地点"":""北京市西城区"",""落户地点"":""北京市西城区"",""备注"":""专业能力测试为根据给定材料起草文章，主要考查综合分析能力和文字能力，占综合成绩的15%。考生报名填写专业时需写明专业代码，所学专业须与岗位要求专业代码一致。限以主修专业报考。同等条件下，省部级以上劳动模范、一线优秀工会工作者优先录用。具体解释参见全国总工会网站公示公告栏《全国总工会关于2026年度录用机关工作人员职位要求的说明》。"",""部门网站"":""https://www.acftu.org/"",""咨询电话1"":""010-68592050"",""咨询电话2"":""010-68592046"",""咨询电话3"":"""",""来源Sheet"":""中央党群机关""}}"
"government_jobs","国家公务员2026招考简章","公务员/事业单位技术岗位","北京市西城区","2026-07-28T09:12:58.310295+00:00","财务监督处一级主任科员及以下","全国总工会","","北京市西城区","公务员/事业单位;2026;computer_software;仅限硕士研究生;硕士;020203财政学、120201会计学、0256资产评估;中央机关及其省级直属机构综合管理类","用人司局：财务部
职位简介：1.参与制定工会财务监督管理制度文件；2.参与预算（投资）评审、财务审计、资产评估与监督检查数据库的建设与管理；3.参与预算执行情况审计的组织协调；4.参与财务监督检查。
专业要求：020203财政学、120201会计学、0256资产评估
学历要求：仅限硕士研究生
学位要求：硕士
政治面貌：中共党员
基层工作经历：无限制
考试类别：中央机关及其省级直属机构综合管理类
备注：考生报名填写专业时需写明专业代码，所学专业须与岗位要求专业代码一致。限以主修专业报考。同等条件下，省部级以上劳动模范、一线优秀工会工作者优先录用。具体解释参见全国总工会网站公示公告栏《全国总工会关于2026年度录用机关工作人员职位要求的说明》。","http://bm.scs.gov.cn/kl2026#051000-100310012001","2025-10-14","{""dataset_year"":2026,""job_uid"":""GOV-2026-051000-100310012001"",""publisher"":""国家公务员局"",""publication_page"":""http://bm.scs.gov.cn/kl2026"",""attachment_url"":""local://2026_guokao_zhaokaojianzhang.zip"",""local_source_file"":""中央机关及其直属机构2026年度考试录用公务员招考简章.xls"",""local_source_sha256"":""2670bae1df1dd07a3a3c79b9db46a11e3bb15a6c9c249e6af98bfd0b61ce3aaf"",""source_sheet"":""中央党群机关"",""filter_version"":""government_tech_v2"",""tech_filter"":{""is_tech"":true,""is_core_tech"":true,""scope"":""core"",""categories"":[""computer_software""],""matched_fields"":[""description""],""major_terms"":[],""role_terms"":[""数据库""],""reason"":""tech_role""},""original"":{""部门代码"":""051000"",""部门名称"":""全国总工会"",""用人司局"":""财务部"",""机构性质"":""群团机关"",""招考职位"":""财务监督处一级主任科员及以下"",""职位属性"":""普通职位"",""职位分布"":""其他职位"",""职位简介"":""1.参与制定工会财务监督管理制度文件；2.参与预算（投资）评审、财务审计、资产评估与监督检查数据库的建设与管理；3.参与预算执行情况审计的组织协调；4.参与财务监督检查。"",""职位代码"":""100310012001"",""机构层级"":""中央"",""考试类别"":""中央机关及其省级直属机构综合管理类"",""招考人数"":""1"",""专业"":""020203财政学、120201会计学、0256资产评估"",""学历"":""仅限硕士研究生"",""学位"":""硕士"",""政治面貌"":""中共党员"",""基层工作最低年限"":""无限制"",""服务基层项目工作经历"":""无限制"",""是否在面试阶段组织专业能力测试"":""否"",""面试人员比例"":""5:1"",""工作地点"":""北京市西城区"",""落户地点"":""北京市西城区"",""备注"":""考生报名填写专业时需写明专业代码，所学专业须与岗位要求专业代码一致。限以主修专业报考。同等条件下，省部级以上劳动模范、一线优秀工会工作者优先录用。具体解释参见全国总工会网站公示公告栏《全国总工会关于2026年度录用机关工作人员职位要求的说明》。"",""部门网站"":""https://www.acftu.org/"",""咨询电话1"":""010-68592050"",""咨询电话2"":""010-68592046"",""咨询电话3"":"""",""来源Sheet"":""中央党群机关""}}"
"government_jobs","国家公务员2026招考简章","公务员/事业单位技术岗位","北京市西城区","2026-07-28T09:12:58.310295+00:00","业务处室一级主任科员及以下","中国残联","","北京市西城区","公务员/事业单位;2026;computer_software;electronics_communication;硕士研究生及以上;与最高学历相对应的学位;0101哲学、0701数学、0714统计学、0809电子科学与技术、0810信息与通信工程、0812计算机科学与技术、0835软件工程、0837安全科学与工程、0854电子信息、1201管理科学与工程、1202工商管理学（限人力资源管理）;中央机关及其省级直属机构综合管理类","用人司局：人事部
职位简介：承担人事管理服务及信息化建设相关工作。
专业要求：0101哲学、0701数学、0714统计学、0809电子科学与技术、0810信息与通信工程、0812计算机科学与技术、0835软件工程、0837安全科学与工程、0854电子信息、1201管理科学与工程、1202工商管理学（限人力资源管理）
学历要求：硕士研究生及以上
学位要求：与最高学历相对应的学位
政治面貌：中共党员
基层工作经历：无限制
考试类别：中央机关及其省级直属机构综合管理类
备注：请考生填写专业时一并填写专业代码。","http://bm.scs.gov.cn/kl2026#064000-100310003001","2025-10-14","{""dataset_year"":2026,""job_uid"":""GOV-2026-064000-100310003001"",""publisher"":""国家公务员局"",""publication_page"":""http://bm.scs.gov.cn/kl2026"",""attachment_url"":""local://2026_guokao_zhaokaojianzhang.zip"",""local_source_file"":""中央机关及其直属机构2026年度考试录用公务员招考简章.xls"",""local_source_sha256"":""2670bae1df1dd07a3a3c79b9db46a11e3bb15a6c9c249e6af98bfd0b61ce3aaf"",""source_sheet"":""中央党群机关"",""filter_version"":""government_tech_v2"",""tech_filter"":{""is_tech"":true,""is_core_tech"":true,""scope"":""core"",""categories"":[""computer_software"",""electronics_communication""],""matched_fields"":[""major"",""description""],""major_terms"":[""信息与通信工程"",""电子信息"",""电子科学与技术"",""计算机科学与技术"",""软件工程"",""通信工程""],""role_terms"":[""信息化""],""reason"":""tech_major_and_role""},""original"":{""部门代码"":""064000"",""部门名称"":""中国残联"",""用人司局"":""人事部"",""机构性质"":""群团机关"",""招考职位"":""业务处室一级主任科员及以下"",""职位属性"":""普通职位"",""职位分布"":""其他职位"",""职位简介"":""承担人事管理服务及信息化建设相关工作。"",""职位代码"":""100310003001"",""机构层级"":""中央"",""考试类别"":""中央机关及其省级直属机构综合管理类"",""招考人数"":""1"",""专业"":""0101哲学、0701数学、0714统计学、0809电子科学与技术、0810信息与通信工程、0812计算机科学与技术、0835软件工程、0837安全科学与工程、0854电子信息、1201管理科学与工程、1202工商管理学（限人力资源管理）"",""学历"":""硕士研究生及以上"",""学位"":""与最高学历相对应的学位"",""政治面貌"":""中共党员"",""基层工作最低年限"":""无限制"",""服务基层项目工作经历"":""无限制"",""是否在面试阶段组织专业能力测试"":""否"",""面试人员比例"":""5:1"",""工作地点"":""北京市西城区"",""落户地点"":""北京市西城区"",""备注"":""请考生填写专业时一并填写专业代码。"",""部门网站"":""www.cdpf.org.cn"",""咨询电话1"":""010-66580386"",""咨询电话2"":""010-66580243"",""咨询电话3"":"""",""来源Sheet"":""中央党群机关""}}"
"government_jobs","国家公务员2026招考简章","公务员/事业单位技术岗位","北京市朝阳区","2026-07-28T09:12:58.310295+00:00","国内协调处一级主任科员及以下（一）","中国藏学研究中心","","北京市朝阳区","公务员/事业单位;2026;automation_robotics;computer_software;cybersecurity_cryptography;electronics_communication;本科及以上;与最高学历相对应的学位;本科：0807电子信息类、0808自动化类、0809计算机类 研究生：0811控制科学与工程、0812计算机科学与技术、0835软件工程、0839网络空间安全、0854电子信息、1405智能科学与技术;中央机关及其省级直属机构综合管理类","用人司局：科研业务办公室
职位简介：负责藏学信息技术相关建设、协调工作。
专业要求：本科：0807电子信息类、0808自动化类、0809计算机类 研究生：0811控制科学与工程、0812计算机科学与技术、0835软件工程、0839网络空间安全、0854电子信息、1405智能科学与技术
学历要求：本科及以上
学位要求：与最高学历相对应的学位
政治面貌：中共党员
基层工作经历：无限制
考试类别：中央机关及其省级直属机构综合管理类
备注：1、限以主修专业报考，报名填写专业时需写明专业代码；2、职位要求专业条件为报考者最高学历对应专业；3、高等教育各学习阶段均需获得相应学历学位；4、非应届高校毕业生须为在职状态，具有劳动合同（聘用合同）并已同期缴纳相应养老保险。","http://bm.scs.gov.cn/kl2026#075000-100210001001","2025-10-14","{""dataset_year"":2026,""job_uid"":""GOV-2026-075000-100210001001"",""publisher"":""国家公务员局"",""publication_page"":""http://bm.scs.gov.cn/kl2026"",""attachment_url"":""local://2026_guokao_zhaokaojianzhang.zip"",""local_source_file"":""中央机关及其直属机构2026年度考试录用公务员招考简章.xls"",""local_source_sha256"":""2670bae1df1dd07a3a3c79b9db46a11e3bb15a6c9c249e6af98bfd0b61ce3aaf"",""source_sheet"":""中央党群机关"",""filter_version"":""government_tech_v2"",""tech_filter"":{""is_tech"":true,""is_core_tech"":true,""scope"":""core"",""categories"":[""automation_robotics"",""computer_software"",""cybersecurity_cryptography"",""electronics_communication""],""matched_fields"":[""major"",""description""],""major_terms"":[""控制科学与工程"",""智能科学与技术"",""电子信息"",""电子信息类"",""网络空间安全"",""自动化类"",""计算机科学与技术"",""计算机类"",""软件工程""],""role_terms"":[""信息技术""],""reason"":""tech_major_and_role""},""original"":{""部门代码"":""075000"",""部门名称"":""中国藏学研究中心"",""用人司局"":""科研业务办公室"",""机构性质"":""中央党群机关参照公务员法管理事业单位"",""招考职位"":""国内协调处一级主任科员及以下（一）"",""职位属性"":""普通职位"",""职位分布"":""其他职位"",""职位简介"":""负责藏学信息技术相关建设、协调工作。"",""职位代码"":""100210001001"",""机构层级"":""中央"",""考试类别"":""中央机关及其省级直属机构综合管理类"",""招考人数"":""1"",""专业"":""本科：0807电子信息类、0808自动化类、0809计算机类 研究生：0811控制科学与工程、0812计算机科学与技术、0835软件工程、0839网络空间安全、0854电子信息、1405智能科学与技术"",""学历"":""本科及以上"",""学位"":""与最高学历相对应的学位"",""政治面貌"":""中共党员"",""基层工作最低年限"":""无限制"",""服务基层项目工作经历"":""无限制"",""是否在面试阶段组织专业能力测试"":""否"",""面试人员比例"":""5:1"",""工作地点"":""北京市朝阳区"",""落户地点"":""北京市朝阳区"",""备注"":""1、限以主修专业报考，报名填写专业时需写明专业代码；2、职位要求专业条件为报考者最高学历对应专业；3、高等教育各学习阶段均需获得相应学历学位；4、非应届高校毕业生须为在职状态，具有劳动合同（聘用合同）并已同期缴纳相应养老保险。"",""部门网站"":""http://www.tibetology.ac.cn/"",""咨询电话1"":""010-64937927"",""咨询电话2"":""010-64937308"",""咨询电话3"":"""",""来源Sheet"":""中央党群机关""}}"
"government_jobs","国家公务员2026招考简章","公务员/事业单位技术岗位","北京市朝阳区","2026-07-28T09:12:58.310295+00:00","国内协调处一级主任科员及以下（二）","中国藏学研究中心","","北京市朝阳区","公务员/事业单位;2026;computer_software;cybersecurity_cryptography;data_ai;硕士研究生及以上;与最高学历相对应的学位;0304民族学、0501中国语言文学、0503新闻传播学、0551翻译、0552新闻与传播、0602中国史、0812计算机科学与技术、0835软件工程、0839网络空间安全、1205信息资源管理、1255图书情报、1405智能科学与技术;中央机关及其省级直属机构综合管理类","用人司局：科研业务办公室
职位简介：负责藏学数据资源相关建设、协调工作。
专业要求：0304民族学、0501中国语言文学、0503新闻传播学、0551翻译、0552新闻与传播、0602中国史、0812计算机科学与技术、0835软件工程、0839网络空间安全、1205信息资源管理、1255图书情报、1405智能科学与技术
学历要求：硕士研究生及以上
学位要求：与最高学历相对应的学位
政治面貌：中共党员
基层工作经历：无限制
考试类别：中央机关及其省级直属机构综合管理类
备注：1、限以主修专业报考，报名填写专业时需写明专业代码；2、职位要求专业条件为报考者最高学历对应专业；3、高等教育各学习阶段均需获得相应学历学位；4、非应届高校毕业生须为在职状态，具有劳动合同（聘用合同）并已同期缴纳相应养老保险。","http://bm.scs.gov.cn/kl2026#075000-100210001002","2025-10-14","{""dataset_year"":2026,""job_uid"":""GOV-2026-075000-100210001002"",""publisher"":""国家公务员局"",""publication_page"":""http://bm.scs.gov.cn/kl2026"",""attachment_url"":""local://2026_guokao_zhaokaojianzhang.zip"",""local_source_file"":""中央机关及其直属机构2026年度考试录用公务员招考简章.xls"",""local_source_sha256"":""2670bae1df1dd07a3a3c79b9db46a11e3bb15a6c9c249e6af98bfd0b61ce3aaf"",""source_sheet"":""中央党群机关"",""filter_version"":""government_tech_v2"",""tech_filter"":{""is_tech"":true,""is_core_tech"":true,""scope"":""core"",""categories"":[""computer_software"",""cybersecurity_cryptography"",""data_ai""],""matched_fields"":[""major"",""description""],""major_terms"":[""智能科学与技术"",""网络空间安全"",""计算机科学与技术"",""软件工程""],""role_terms"":[""数据资源""],""reason"":""tech_major_and_role""},""original"":{""部门代码"":""075000"",""部门名称"":""中国藏学研究中心"",""用人司局"":""科研业务办公室"",""机构性质"":""中央党群机关参照公务员法管理事业单位"",""招考职位"":""国内协调处一级主任科员及以下（二）"",""职位属性"":""普通职位"",""职位分布"":""其他职位"",""职位简介"":""负责藏学数据资源相关建设、协调工作。"",""职位代码"":""100210001002"",""机构层级"":""中央"",""考试类别"":""中央机关及其省级直属机构综合管理类"",""招考人数"":""1"",""专业"":""0304民族学、0501中国语言文学、0503新闻传播学、0551翻译、0552新闻与传播、0602中国史、0812计算机科学与技术、0835软件工程、0839网络空间安全、1205信息资源管理、1255图书情报、1405智能科学与技术"",""学历"":""硕士研究生及以上"",""学位"":""与最高学历相对应的学位"",""政治面貌"":""中共党员"",""基层工作最低年限"":""无限制"",""服务基层项目工作经历"":""无限制"",""是否在面试阶段组织专业能力测试"":""否"",""面试人员比例"":""5:1"",""工作地点"":""北京市朝阳区"",""落户地点"":""北京市朝阳区"",""备注"":""1、限以主修专业报考，报名填写专业时需写明专业代码；2、职位要求专业条件为报考者最高学历对应专业；3、高等教育各学习阶段均需获得相应学历学位；4、非应届高校毕业生须为在职状态，具有劳动合同（聘用合同）并已同期缴纳相应养老保险。"",""部门网站"":""http://www.tibetology.ac.cn/"",""咨询电话1"":""010-64937927"",""咨询电话2"":""010-64937308"",""咨询电话3"":"""",""来源Sheet"":""中央党群机关""}}"
"government_jobs","国家公务员2026招考简章","公务员/事业单位技术岗位","北京市","2026-07-28T09:12:58.310295+00:00","人工智能","外交部","","北京市","公务员/事业单位;2026;computer_software;data_ai;本科及以上;与最高学历相对应的学位;计算机科学与技术、智能科学与技术、软件工程、大数据技术与工程等人工智能相关专业;中央机关及其省级直属机构综合管理类","用人司局：地区业务司
职位简介：在外交部机关或驻外外交机构承担以下工作：
1、研究国际人工智能发展动向和趋势，就我国参与人工智能全球治理提供对策建议，并协调处理相关事务；
2、办理我国和有关国家及国际组织关系中涉及人工智能治理的日常事务。
专业要求：计算机科学与技术、智能科学与技术、软件工程、大数据技术与工程等人工智能相关专业
学历要求：本科及以上
学位要求：与最高学历相对应的学位
政治面貌：中共党员或共青团员
基层工作经历：无限制
考试类别：中央机关及其省级直属机构综合管理类
备注：大学英语6级成绩425分及以上（网上报名时，请在备注栏注明英语水平等级及分数），能用英语独立开展工作。政治可靠，个人经历、历史状况清楚，能服从组织安排随时驻外工作，包括赴艰苦地区工作。留学回国人员应本科学习有关专业、硕士学习外交学、国际关系或国际政治专业，最高学历为硕士研究生，且获得国内本科学历。非应届毕业生还应具备2年以上在党政机关、国有企事业单位、人民团体从事理论研究、教学科研、行政管理等工作经历。网上报名注意事项及专业能力测试安排详见我部招考公告。","http://bm.scs.gov.cn/kl2026#102000-200110001007","2025-10-14","{""dataset_year"":2026,""job_uid"":""GOV-2026-102000-200110001007"",""publisher"":""国家公务员局"",""publication_page"":""http://bm.scs.gov.cn/kl2026"",""attachment_url"":""local://2026_guokao_zhaokaojianzhang.zip"",""local_source_file"":""中央机关及其直属机构2026年度考试录用公务员招考简章.xls"",""local_source_sha256"":""2670bae1df1dd07a3a3c79b9db46a11e3bb15a6c9c249e6af98bfd0b61ce3aaf"",""source_sheet"":""中央国家行政机关（本级）"",""filter_version"":""government_tech_v2"",""tech_filter"":{""is_tech"":true,""is_core_tech"":true,""scope"":""core"",""categories"":[""computer_software"",""data_ai""],""matched_fields"":[""major"",""job_title"",""description""],""major_terms"":[""人工智能"",""大数据"",""智能科学与技术"",""计算机科学与技术"",""软件工程""],""role_terms"":[""人工智能""],""reason"":""tech_major_and_role""},""original"":{""部门代码"":""102000"",""部门名称"":""外交部"",""用人司局"":""地区业务司"",""机构性质"":""中央国家行政机关（本级）"",""招考职位"":""人工智能"",""职位属性"":""普通职位"",""职位分布"":""其他职位"",""职位简介"":""在外交部机关或驻外外交机构承担以下工作：\n1、研究国际人工智能发展动向和趋势，就我国参与人工智能全球治理提供对策建议，并协调处理相关事务；\n2、办理我国和有关国家及国际组织关系中涉及人工智能治理的日常事务。"",""职位代码"":""200110001007"",""机构层级"":""中央"",""考试类别"":""中央机关及其省级直属机构综合管理类"",""招考人数"":""5"",""专业"":""计算机科学与技术、智能科学与技术、软件工程、大数据技术与工程等人工智能相关专业"",""学历"":""本科及以上"",""学位"":""与最高学历相对应的学位"",""政治面貌"":""中共党员或共青团员"",""基层工作最低年限"":""无限制"",""服务基层项目工作经历"":""无限制"",""是否在面试阶段组织专业能力测试"":""是"",""面试人员比例"":""5:1"",""工作地点"":""北京市"",""落户地点"":""北京市"",""备注"":""大学英语6级成绩425分及以上（网上报名时，请在备注栏注明英语水平等级及分数），能用英语独立开展工作。政治可靠，个人经历、历史状况清楚，能服从组织安排随时驻外工作，包括赴艰苦地区工作。留学回国人员应本科学习有关专业、硕士学习外交学、国际关系或国际政治专业，最高学历为硕士研究生，且获得国内本科学历。非应届毕业生还应具备2年以上在党政机关、国有企事业单位、人民团体从事理论研究、教学科研、行政管理等工作经历。网上报名注意事项及专业能力测试安排详见我部招考公告。"",""部门网站"":""www.mfa.gov.cn"",""咨询电话1"":""010-65966598"",""咨询电话2"":""010-65966358"",""咨询电话3"":"""",""来源Sheet"":""中央国家行政机关（本级）""}}"
"government_jobs","国家公务员2026招考简章","公务员/事业单位技术岗位","北京市","2026-07-28T09:12:58.310295+00:00","一级主任科员及以下","北京市通信管理局","","北京市","公务员/事业单位;2026;computer_software;cybersecurity_cryptography;electronics_communication;硕士研究生及以上;与最高学历相对应的学位;0809电子科学与技术、0810信息与通信工程、0812计算机科学与技术、0835软件工程、0839网络空间安全、0301法学、0501中国语言文学、0503新闻传播学、0258数字经济、0305马克思主义理论;中央机关及其省级直属机构综合管理类","用人司局：业务处室
职位简介：从事所在地信息通信行业监管等相关工作
专业要求：0809电子科学与技术、0810信息与通信工程、0812计算机科学与技术、0835软件工程、0839网络空间安全、0301法学、0501中国语言文学、0503新闻传播学、0258数字经济、0305马克思主义理论
学历要求：硕士研究生及以上
学位要求：与最高学历相对应的学位
政治面貌：中共党员
基层工作经历：二年
考试类别：中央机关及其省级直属机构综合管理类
备注：本科及以上学习阶段均要求取得毕业证和学位证；职位要求专业为报考者研究生所学专业，专业分类参照《研究生教育学科专业目录》。","http://bm.scs.gov.cn/kl2026#107101-300110004001","2025-10-14","{""dataset_year"":2026,""job_uid"":""GOV-2026-107101-300110004001"",""publisher"":""国家公务员局"",""publication_page"":""http://bm.scs.gov.cn/kl2026"",""attachment_url"":""local://2026_guokao_zhaokaojianzhang.zip"",""local_source_file"":""中央机关及其直属机构2026年度考试录用公务员招考简章.xls"",""local_source_sha256"":""2670bae1df1dd07a3a3c79b9db46a11e3bb15a6c9c249e6af98bfd0b61ce3aaf"",""source_sheet"":""中央国家行政机关省级以下直属机构"",""filter_version"":""government_tech_v2"",""tech_filter"":{""is_tech"":true,""is_core_tech"":true,""scope"":""core"",""categories"":[""computer_software"",""cybersecurity_cryptography"",""electronics_communication""],""matched_fields"":[""major"",""description""],""major_terms"":[""信息与通信工程"",""电子科学与技术"",""网络空间安全"",""计算机科学与技术"",""软件工程"",""通信工程""],""role_terms"":[""信息通信"",""通信行业""],""reason"":""tech_major_and_role""},""original"":{""部门代码"":""107101"",""部门名称"":""北京市通信管理局"",""用人司局"":""业务处室"",""机构性质"":""中央国家行政机关省级以下直属机构"",""招考职位"":""一级主任科员及以下"",""职位属性"":""普通职位"",""职位分布"":""其他职位"",""职位简介"":""从事所在地信息通信行业监管等相关工作"",""职位代码"":""300110004001"",""机构层级"":""省（副省）级"",""考试类别"":""中央机关及其省级直属机构综合管理类"",""招考人数"":""1"",""专业"":""0809电子科学与技术、0810信息与通信工程、0812计算机科学与技术、0835软件工程、0839网络空间安全、0301法学、0501中国语言文学、0503新闻传播学、0258数字经济、0305马克思主义理论"",""学历"":""硕士研究生及以上"",""学位"":""与最高学历相对应的学位"",""政治面貌"":""中共党员"",""基层工作最低年限"":""二年"",""服务基层项目工作经历"":""无限制"",""是否在面试阶段组织专业能力测试"":""否"",""面试人员比例"":""5:1"",""工作地点"":""北京市"",""落户地点"":""北京市"",""备注"":""本科及以上学习阶段均要求取得毕业证和学位证；职位要求专业为报考者研究生所学专业，专业分类参照《研究生教育学科专业目录》。"",""部门网站"":""https://bjca.miit.gov.cn/"",""咨询电话1"":""010-68208718"",""咨询电话2"":""010-68207836"",""咨询电话3"":"""",""来源Sheet"":""中央国家行政机关省级以下直属机构""}}"
"government_jobs","国家公务员2026招考简章","公务员/事业单位技术岗位","山西省太原市","2026-07-28T09:12:58.310295+00:00","一级主任科员及以下","山西省通信管理局","","山西省太原市","公务员/事业单位;2026;computer_software;cybersecurity_cryptography;electronics_communication;硕士研究生及以上;与最高学历相对应的学位;0809电子科学与技术、0810信息与通信工程、0812计算机科学与技术、0835软件工程、0839网络空间安全;中央机关及其省级直属机构综合管理类","用人司局：办公室
职位简介：从事信息化等相关工作
专业要求：0809电子科学与技术、0810信息与通信工程、0812计算机科学与技术、0835软件工程、0839网络空间安全
学历要求：硕士研究生及以上
学位要求：与最高学历相对应的学位
政治面貌：不限
基层工作经历：二年
考试类别：中央机关及其省级直属机构综合管理类
备注：本科及以上学习阶段均要求取得毕业证和学位证；职位要求专业为报考者研究生所学专业，专业分类参照《研究生教育学科专业目录》。","http://bm.scs.gov.cn/kl2026#107104-300110001001","2025-10-14","{""dataset_year"":2026,""job_uid"":""GOV-2026-107104-300110001001"",""publisher"":""国家公务员局"",""publication_page"":""http://bm.scs.gov.cn/kl2026"",""attachment_url"":""local://2026_guokao_zhaokaojianzhang.zip"",""local_source_file"":""中央机关及其直属机构2026年度考试录用公务员招考简章.xls"",""local_source_sha256"":""2670bae1df1dd07a3a3c79b9db46a11e3bb15a6c9c249e6af98bfd0b61ce3aaf"",""source_sheet"":""中央国家行政机关省级以下直属机构"",""filter_version"":""government_tech_v2"",""tech_filter"":{""is_tech"":true,""is_core_tech"":true,""scope"":""core"",""categories"":[""computer_software"",""cybersecurity_cryptography"",""electronics_communication""],""matched_fields"":[""major"",""description""],""major_terms"":[""信息与通信工程"",""电子科学与技术"",""网络空间安全"",""计算机科学与技术"",""软件工程"",""通信工程""],""role_terms"":[""信息化""],""reason"":""tech_major_and_role""},""original"":{""部门代码"":""107104"",""部门名称"":""山西省通信管理局"",""用人司局"":""办公室"",""机构性质"":""中央国家行政机关省级以下直属机构"",""招考职位"":""一级主任科员及以下"",""职位属性"":""普通职位"",""职位分布"":""其他职位"",""职位简介"":""从事信息化等相关工作"",""职位代码"":""300110001001"",""机构层级"":""省（副省）级"",""考试类别"":""中央机关及其省级直属机构综合管理类"",""招考人数"":""1"",""专业"":""0809电子科学与技术、0810信息与通信工程、0812计算机科学与技术、0835软件工程、0839网络空间安全"",""学历"":""硕士研究生及以上"",""学位"":""与最高学历相对应的学位"",""政治面貌"":""不限"",""基层工作最低年限"":""二年"",""服务基层项目工作经历"":""无限制"",""是否在面试阶段组织专业能力测试"":""否"",""面试人员比例"":""5:1"",""工作地点"":""山西省太原市"",""落户地点"":""山西省太原市"",""备注"":""本科及以上学习阶段均要求取得毕业证和学位证；职位要求专业为报考者研究生所学专业，专业分类参照《研究生教育学科专业目录》。"",""部门网站"":""https://sxca.miit.gov.cn/"",""咨询电话1"":""010-68208718"",""咨询电话2"":""010-68207836"",""咨询电话3"":"""",""来源Sheet"":""中央国家行政机关省级以下直属机构""}}"
"government_jobs","国家公务员2026招考简章","公务员/事业单位技术岗位","湖北省武汉市","2026-07-28T09:12:58.310295+00:00","一级主任科员及以下","湖北省通信管理局","","湖北省武汉市","公务员/事业单位;2026;computer_software;cybersecurity_cryptography;electronics_communication;硕士研究生及以上;与最高学历相对应的学位;0809电子科学与技术、0810信息与通信工程、0812计算机科学与技术、0835软件工程、0839网络空间安全、0854电子信息;中央机关及其省级直属机构综合管理类","用人司局：网络安全管理处
职位简介：从事所在地网络和信息安全管理等相关工作
专业要求：0809电子科学与技术、0810信息与通信工程、0812计算机科学与技术、0835软件工程、0839网络空间安全、0854电子信息
学历要求：硕士研究生及以上
学位要求：与最高学历相对应的学位
政治面貌：中共党员
基层工作经历：二年
考试类别：中央机关及其省级直属机构综合管理类
备注：具有2年及以上网络安全领域、信息通信领域或互联网行业相关专业技术工作经历；本科及以上学习阶段均要求取得毕业证和学位证；职位要求专业为报考者研究生所学专业，专业分类参照《研究生教育学科专业目录》。","http://bm.scs.gov.cn/kl2026#107117-300110004001","2025-10-14","{""dataset_year"":2026,""job_uid"":""GOV-2026-107117-300110004001"",""publisher"":""国家公务员局"",""publication_page"":""http://bm.scs.gov.cn/kl2026"",""attachment_url"":""local://2026_guokao_zhaokaojianzhang.zip"",""local_source_file"":""中央机关及其直属机构2026年度考试录用公务员招考简章.xls"",""local_source_sha256"":""2670bae1df1dd07a3a3c79b9db46a11e3bb15a6c9c249e6af98bfd0b61ce3aaf"",""source_sheet"":""中央国家行政机关省级以下直属机构"",""filter_version"":""government_tech_v2"",""tech_filter"":{""is_tech"":true,""is_core_tech"":true,""scope"":""core"",""categories"":[""computer_software"",""cybersecurity_cryptography"",""electronics_communication""],""matched_fields"":[""major"",""office"",""description"",""remarks""],""major_terms"":[""信息与通信工程"",""电子信息"",""电子科学与技术"",""网络空间安全"",""计算机科学与技术"",""软件工程"",""通信工程""],""role_terms"":[""互联网"",""信息安全"",""信息通信"",""网络安全""],""reason"":""tech_major_and_role""},""original"":{""部门代码"":""107117"",""部门名称"":""湖北省通信管理局"",""用人司局"":""网络安全管理处"",""机构性质"":""中央国家行政机关省级以下直属机构"",""招考职位"":""一级主任科员及以下"",""职位属性"":""普通职位"",""职位分布"":""其他职位"",""职位简介"":""从事所在地网络和信息安全管理等相关工作"",""职位代码"":""300110004001"",""机构层级"":""省（副省）级"",""考试类别"":""中央机关及其省级直属机构综合管理类"",""招考人数"":""1"",""专业"":""0809电子科学与技术、0810信息与通信工程、0812计算机科学与技术、0835软件工程、0839网络空间安全、0854电子信息"",""学历"":""硕士研究生及以上"",""学位"":""与最高学历相对应的学位"",""政治面貌"":""中共党员"",""基层工作最低年限"":""二年"",""服务基层项目工作经历"":""无限制"",""是否在面试阶段组织专业能力测试"":""否"",""面试人员比例"":""5:1"",""工作地点"":""湖北省武汉市"",""落户地点"":""湖北省武汉市"",""备注"":""具有2年及以上网络安全领域、信息通信领域或互联网行业相关专业技术工作经历；本科及以上学习阶段均要求取得毕业证和学位证；职位要求专业为报考者研究生所学专业，专业分类参照《研究生教育学科专业目录》。"",""部门网站"":""http://hubca.miit.gov.cn/"",""咨询电话1"":""010-68208718"",""咨询电话2"":""010-68207836"",""咨询电话3"":"""",""来源Sheet"":""中央国家行政机关省级以下直属机构""}}"
"government_jobs","国家公务员2026招考简章","公务员/事业单位技术岗位","广东省广州市","2026-07-28T09:12:58.310295+00:00","一级主任科员及以下","广东省通信管理局","","广东省广州市","公务员/事业单位;2026;computer_software;electronics_communication;硕士研究生及以上;与最高学历相对应的学位;0809电子科学与技术、0810信息与通信工程、 0812计算机科学与技术;中央机关及其省级直属机构综合管理类","用人司局：信息通信发展处
职位简介：从事信息通信战略规划、网络建设等相关工作
专业要求：0809电子科学与技术、0810信息与通信工程、 0812计算机科学与技术
学历要求：硕士研究生及以上
学位要求：与最高学历相对应的学位
政治面貌：不限
基层工作经历：二年
考试类别：中央机关及其省级直属机构综合管理类
备注：本科及以上学习阶段均要求取得毕业证和学位证；职位要求专业为报考者研究生所学专业，专业分类参照《研究生教育学科专业目录》。","http://bm.scs.gov.cn/kl2026#107119-300110004001","2025-10-14","{""dataset_year"":2026,""job_uid"":""GOV-2026-107119-300110004001"",""publisher"":""国家公务员局"",""publication_page"":""http://bm.scs.gov.cn/kl2026"",""attachment_url"":""local://2026_guokao_zhaokaojianzhang.zip"",""local_source_file"":""中央机关及其直属机构2026年度考试录用公务员招考简章.xls"",""local_source_sha256"":""2670bae1df1dd07a3a3c79b9db46a11e3bb15a6c9c249e6af98bfd0b61ce3aaf"",""source_sheet"":""中央国家行政机关省级以下直属机构"",""filter_version"":""government_tech_v2"",""tech_filter"":{""is_tech"":true,""is_core_tech"":true,""scope"":""core"",""categories"":[""computer_software"",""electronics_communication""],""matched_fields"":[""major"",""office"",""description""],""major_terms"":[""信息与通信工程"",""电子科学与技术"",""计算机科学与技术"",""通信工程""],""role_terms"":[""信息通信""],""reason"":""tech_major_and_role""},""original"":{""部门代码"":""107119"",""部门名称"":""广东省通信管理局"",""用人司局"":""信息通信发展处"",""机构性质"":""中央国家行政机关省级以下直属机构"",""招考职位"":""一级主任科员及以下"",""职位属性"":""普通职位"",""职位分布"":""其他职位"",""职位简介"":""从事信息通信战略规划、网络建设等相关工作"",""职位代码"":""300110004001"",""机构层级"":""省（副省）级"",""考试类别"":""中央机关及其省级直属机构综合管理类"",""招考人数"":""1"",""专业"":""0809电子科学与技术、0810信息与通信工程、 0812计算机科学与技术"",""学历"":""硕士研究生及以上"",""学位"":""与最高学历相对应的学位"",""政治面貌"":""不限"",""基层工作最低年限"":""二年"",""服务基层项目工作经历"":""无限制"",""是否在面试阶段组织专业能力测试"":""否"",""面试人员比例"":""5:1"",""工作地点"":""广东省广州市"",""落户地点"":""广东省广州市"",""备注"":""本科及以上学习阶段均要求取得毕业证和学位证；职位要求专业为报考者研究生所学专业，专业分类参照《研究生教育学科专业目录》。"",""部门网站"":""https://gdca.miit.gov.cn/"",""咨询电话1"":""010-68208718"",""咨询电话2"":""010-68207836"",""咨询电话3"":"""",""来源Sheet"":""中央国家行政机关省级以下直属机构""}}"
"government_jobs","国家公务员2026招考简章","公务员/事业单位技术岗位","北京市","2026-07-28T09:12:58.310295+00:00","一处一级警长及以下","公安部","","北京市","公务员/事业单位;2026;computer_software;cybersecurity_cryptography;electronics_communication;仅限硕士研究生;硕士;0812计算机科学与技术、0854电子信息（计算机技术、软件工程、人工智能、大数据技术与工程、网络与信息安全）、0835软件工程、0839网络空间安全;行政执法类","用人司局：机关司局十
职位简介：主要从事执法办案和信息化建设等工作
专业要求：0812计算机科学与技术、0854电子信息（计算机技术、软件工程、人工智能、大数据技术与工程、网络与信息安全）、0835软件工程、0839网络空间安全
学历要求：仅限硕士研究生
学位要求：硕士
政治面貌：中共党员
基层工作经历：无限制
考试类别：行政执法类
备注：1.咨询电话：010-66263027。2.职位要求专业为报考者最高学历对应专业。3.非应届毕业生应为具有2年以上工作经历的国有企事业单位在职人员。4.工作强度大、任务重，限男性。5.按照招录人民警察要求开展体能测评。6.符合公安部网站补充公告有关要求。","http://bm.scs.gov.cn/kl2026#109000-200130110001","2025-10-14","{""dataset_year"":2026,""job_uid"":""GOV-2026-109000-200130110001"",""publisher"":""国家公务员局"",""publication_page"":""http://bm.scs.gov.cn/kl2026"",""attachment_url"":""local://2026_guokao_zhaokaojianzhang.zip"",""local_source_file"":""中央机关及其直属机构2026年度考试录用公务员招考简章.xls"",""local_source_sha256"":""2670bae1df1dd07a3a3c79b9db46a11e3bb15a6c9c249e6af98bfd0b61ce3aaf"",""source_sheet"":""中央国家行政机关（本级）"",""filter_version"":""government_tech_v2"",""tech_filter"":{""is_tech"":true,""is_core_tech"":true,""scope"":""core"",""categories"":[""computer_software"",""cybersecurity_cryptography"",""electronics_communication""],""matched_fields"":[""major"",""description""],""major_terms"":[""人工智能"",""信息安全"",""大数据"",""电子信息"",""网络空间安全"",""计算机技术"",""计算机科学与技术"",""软件工程""],""role_terms"":[""信息化""],""reason"":""tech_major_and_role""},""original"":{""部门代码"":""109000"",""部门名称"":""公安部"",""用人司局"":""机关司局十"",""机构性质"":""中央国家行政机关（本级）"",""招考职位"":""一处一级警长及以下"",""职位属性"":""公安机关人民警察职位"",""职位分布"":""其他职位"",""职位简介"":""主要从事执法办案和信息化建设等工作"",""职位代码"":""200130110001"",""机构层级"":""中央"",""考试类别"":""行政执法类"",""招考人数"":""1"",""专业"":""0812计算机科学与技术、0854电子信息（计算机技术、软件工程、人工智能、大数据技术与工程、网络与信息安全）、0835软件工程、0839网络空间安全"",""学历"":""仅限硕士研究生"",""学位"":""硕士"",""政治面貌"":""中共党员"",""基层工作最低年限"":""无限制"",""服务基层项目工作经历"":""无限制"",""是否在面试阶段组织专业能力测试"":""否"",""面试人员比例"":""5:1"",""工作地点"":""北京市"",""落户地点"":""北京市"",""备注"":""1.咨询电话：010-66263027。2.职位要求专业为报考者最高学历对应专业。3.非应届毕业生应为具有2年以上工作经历的国有企事业单位在职人员。4.工作强度大、任务重，限男性。5.按照招录人民警察要求开展体能测评。6.符合公安部网站补充公告有关要求。"",""部门网站"":""http://www.mps.gov.cn/"",""咨询电话1"":""010-66261515"",""咨询电话2"":"""",""咨询电话3"":"""",""来源Sheet"":""中央国家行政机关（本级）""}}"
"government_jobs","国家公务员2026招考简章","公务员/事业单位技术岗位","北京市","2026-07-28T09:12:58.310295+00:00","二处一级警长及以下","公安部","","北京市","公务员/事业单位;2026;computer_software;cybersecurity_cryptography;data_ai;electronics_communication;硕士研究生及以上;与最高学历相对应的学位;0812计算机科学与技术、0854电子信息（计算机技术、软件工程、人工智能、大数据技术与工程、网络与信息安全）、0835软件工程、0839网络空间安全;行政执法类","用人司局：机关司局十二
职位简介：主要从事警务大数据分析和案件处置等工作
专业要求：0812计算机科学与技术、0854电子信息（计算机技术、软件工程、人工智能、大数据技术与工程、网络与信息安全）、0835软件工程、0839网络空间安全
学历要求：硕士研究生及以上
学位要求：与最高学历相对应的学位
政治面貌：中共党员
基层工作经历：无限制
考试类别：行政执法类
备注：1.咨询电话：010-66262744。2.职位要求专业为职位要求最低学历及以上各学历阶段对应专业之一即可。3.非应届毕业生应为具有2年以上工作经历的国有企事业单位在职人员。4.工作强度大、任务重，限男性。5.按照招录人民警察要求开展体能测评。6.符合公安部网站补充公告有关要求。","http://bm.scs.gov.cn/kl2026#109000-200130112002","2025-10-14","{""dataset_year"":2026,""job_uid"":""GOV-2026-109000-200130112002"",""publisher"":""国家公务员局"",""publication_page"":""http://bm.scs.gov.cn/kl2026"",""attachment_url"":""local://2026_guokao_zhaokaojianzhang.zip"",""local_source_file"":""中央机关及其直属机构2026年度考试录用公务员招考简章.xls"",""local_source_sha256"":""2670bae1df1dd07a3a3c79b9db46a11e3bb15a6c9c249e6af98bfd0b61ce3aaf"",""source_sheet"":""中央国家行政机关（本级）"",""filter_version"":""government_tech_v2"",""tech_filter"":{""is_tech"":true,""is_core_tech"":true,""scope"":""core"",""categories"":[""computer_software"",""cybersecurity_cryptography"",""data_ai"",""electronics_communication""],""matched_fields"":[""major"",""description""],""major_terms"":[""人工智能"",""信息安全"",""大数据"",""电子信息"",""网络空间安全"",""计算机技术"",""计算机科学与技术"",""软件工程""],""role_terms"":[""大数据"",""数据分析""],""reason"":""tech_major_and_role""},""original"":{""部门代码"":""109000"",""部门名称"":""公安部"",""用人司局"":""机关司局十二"",""机构性质"":""中央国家行政机关（本级）"",""招考职位"":""二处一级警长及以下"",""职位属性"":""公安机关人民警察职位"",""职位分布"":""其他职位"",""职位简介"":""主要从事警务大数据分析和案件处置等工作"",""职位代码"":""200130112002"",""机构层级"":""中央"",""考试类别"":""行政执法类"",""招考人数"":""1"",""专业"":""0812计算机科学与技术、0854电子信息（计算机技术、软件工程、人工智能、大数据技术与工程、网络与信息安全）、0835软件工程、0839网络空间安全"",""学历"":""硕士研究生及以上"",""学位"":""与最高学历相对应的学位"",""政治面貌"":""中共党员"",""基层工作最低年限"":""无限制"",""服务基层项目工作经历"":""无限制"",""是否在面试阶段组织专业能力测试"":""否"",""面试人员比例"":""5:1"",""工作地点"":""北京市"",""落户地点"":""北京市"",""备注"":""1.咨询电话：010-66262744。2.职位要求专业为职位要求最低学历及以上各学历阶段对应专业之一即可。3.非应届毕业生应为具有2年以上工作经历的国有企事业单位在职人员。4.工作强度大、任务重，限男性。5.按照招录人民警察要求开展体能测评。6.符合公安部网站补充公告有关要求。"",""部门网站"":""http://www.mps.gov.cn/"",""咨询电话1"":""010-66261515"",""咨询电话2"":"""",""咨询电话3"":"""",""来源Sheet"":""中央国家行政机关（本级）""}}"
"government_jobs","国家公务员2026招考简章","公务员/事业单位技术岗位","北京市","2026-07-28T09:12:58.310295+00:00","三处一级警长及以下","公安部","","北京市","公务员/事业单位;2026;computer_software;cybersecurity_cryptography;electronics_communication;仅限硕士研究生;硕士;0812计算机科学与技术、0854电子信息（计算机技术、软件工程、人工智能、大数据技术与工程、网络与信息安全）、0835软件工程、0839网络空间安全;行政执法类","用人司局：机关司局十八
职位简介：主要从事监所信息化建设和执法办案等工作
专业要求：0812计算机科学与技术、0854电子信息（计算机技术、软件工程、人工智能、大数据技术与工程、网络与信息安全）、0835软件工程、0839网络空间安全
学历要求：仅限硕士研究生
学位要求：硕士
政治面貌：中共党员或共青团员
基层工作经历：无限制
考试类别：行政执法类
备注：1.咨询电话：010-66262688。2.职位要求专业为职位要求最低学历及以上各学历阶段对应专业之一即可。3.非应届毕业生应为具有2年以上工作经历的国有企事业单位在职人员。4.工作强度大、任务重，限男性。5.按照招录人民警察要求开展体能测评。6.符合公安部网站补充公告有关要求。","http://bm.scs.gov.cn/kl2026#109000-200130118002","2025-10-14","{""dataset_year"":2026,""job_uid"":""GOV-2026-109000-200130118002"",""publisher"":""国家公务员局"",""publication_page"":""http://bm.scs.gov.cn/kl2026"",""attachment_url"":""local://2026_guokao_zhaokaojianzhang.zip"",""local_source_file"":""中央机关及其直属机构2026年度考试录用公务员招考简章.xls"",""local_source_sha256"":""2670bae1df1dd07a3a3c79b9db46a11e3bb15a6c9c249e6af98bfd0b61ce3aaf"",""source_sheet"":""中央国家行政机关（本级）"",""filter_version"":""government_tech_v2"",""tech_filter"":{""is_tech"":true,""is_core_tech"":true,""scope"":""core"",""categories"":[""computer_software"",""cybersecurity_cryptography"",""electronics_communication""],""matched_fields"":[""major"",""description""],""major_terms"":[""人工智能"",""信息安全"",""大数据"",""电子信息"",""网络空间安全"",""计算机技术"",""计算机科学与技术"",""软件工程""],""role_terms"":[""信息化""],""reason"":""tech_major_and_role""},""original"":{""部门代码"":""109000"",""部门名称"":""公安部"",""用人司局"":""机关司局十八"",""机构性质"":""中央国家行政机关（本级）"",""招考职位"":""三处一级警长及以下"",""职位属性"":""公安机关人民警察职位"",""职位分布"":""其他职位"",""职位简介"":""主要从事监所信息化建设和执法办案等工作"",""职位代码"":""200130118002"",""机构层级"":""中央"",""考试类别"":""行政执法类"",""招考人数"":""1"",""专业"":""0812计算机科学与技术、0854电子信息（计算机技术、软件工程、人工智能、大数据技术与工程、网络与信息安全）、0835软件工程、0839网络空间安全"",""学历"":""仅限硕士研究生"",""学位"":""硕士"",""政治面貌"":""中共党员或共青团员"",""基层工作最低年限"":""无限制"",""服务基层项目工作经历"":""无限制"",""是否在面试阶段组织专业能力测试"":""否"",""面试人员比例"":""5:1"",""工作地点"":""北京市"",""落户地点"":""北京市"",""备注"":""1.咨询电话：010-66262688。2.职位要求专业为职位要求最低学历及以上各学历阶段对应专业之一即可。3.非应届毕业生应为具有2年以上工作经历的国有企事业单位在职人员。4.工作强度大、任务重，限男性。5.按照招录人民警察要求开展体能测评。6.符合公安部网站补充公告有关要求。"",""部门网站"":""http://www.mps.gov.cn/"",""咨询电话1"":""010-66261515"",""咨询电话2"":"""",""咨询电话3"":"""",""来源Sheet"":""中央国家行政机关（本级）""}}"
"government_jobs","国家公务员2026招考简章","公务员/事业单位技术岗位","北京市","2026-07-28T09:12:58.310295+00:00","二处一级警长及以下","公安部","","北京市","公务员/事业单位;2026;computer_software;cybersecurity_cryptography;electronics_communication;硕士研究生及以上;与最高学历相对应的学位;0701数学、0714统计学、0812计算机科学与技术、0839网络空间安全、0252应用统计、0854电子信息（计算机技术、软件工程、人工智能、大数据技术与工程、网络与信息安全）;行政执法类","用人司局：机关司局十九
职位简介：主要从事执法办案和信息化建设等工作
专业要求：0701数学、0714统计学、0812计算机科学与技术、0839网络空间安全、0252应用统计、0854电子信息（计算机技术、软件工程、人工智能、大数据技术与工程、网络与信息安全）
学历要求：硕士研究生及以上
学位要求：与最高学历相对应的学位
政治面貌：中共党员或共青团员
基层工作经历：无限制
考试类别：行政执法类
备注：1.咨询电话：010-65194067。2.职位要求专业为职位要求最低学历及以上各学历阶段对应专业之一即可。3.非应届毕业生应为具有2年以上工作经历的国有企事业单位在职人员。4.工作强度大、任务重，限男性。5.按照招录人民警察要求开展体能测评。6.符合公安部网站补充公告有关要求。","http://bm.scs.gov.cn/kl2026#109000-200130119002","2025-10-14","{""dataset_year"":2026,""job_uid"":""GOV-2026-109000-200130119002"",""publisher"":""国家公务员局"",""publication_page"":""http://bm.scs.gov.cn/kl2026"",""attachment_url"":""local://2026_guokao_zhaokaojianzhang.zip"",""local_source_file"":""中央机关及其直属机构2026年度考试录用公务员招考简章.xls"",""local_source_sha256"":""2670bae1df1dd07a3a3c79b9db46a11e3bb15a6c9c249e6af98bfd0b61ce3aaf"",""source_sheet"":""中央国家行政机关（本级）"",""filter_version"":""government_tech_v2"",""tech_filter"":{""is_tech"":true,""is_core_tech"":true,""scope"":""core"",""categories"":[""computer_software"",""cybersecurity_cryptography"",""electronics_communication""],""matched_fields"":[""major"",""description""],""major_terms"":[""人工智能"",""信息安全"",""大数据"",""电子信息"",""网络空间安全"",""计算机技术"",""计算机科学与技术"",""软件工程""],""role_terms"":[""信息化""],""reason"":""tech_major_and_role""},""original"":{""部门代码"":""109000"",""部门名称"":""公安部"",""用人司局"":""机关司局十九"",""机构性质"":""中央国家行政机关（本级）"",""招考职位"":""二处一级警长及以下"",""职位属性"":""公安机关人民警察职位"",""职位分布"":""其他职位"",""职位简介"":""主要从事执法办案和信息化建设等工作"",""职位代码"":""200130119002"",""机构层级"":""中央"",""考试类别"":""行政执法类"",""招考人数"":""1"",""专业"":""0701数学、0714统计学、0812计算机科学与技术、0839网络空间安全、0252应用统计、0854电子信息（计算机技术、软件工程、人工智能、大数据技术与工程、网络与信息安全）"",""学历"":""硕士研究生及以上"",""学位"":""与最高学历相对应的学位"",""政治面貌"":""中共党员或共青团员"",""基层工作最低年限"":""无限制"",""服务基层项目工作经历"":""无限制"",""是否在面试阶段组织专业能力测试"":""否"",""面试人员比例"":""5:1"",""工作地点"":""北京市"",""落户地点"":""北京市"",""备注"":""1.咨询电话：010-65194067。2.职位要求专业为职位要求最低学历及以上各学历阶段对应专业之一即可。3.非应届毕业生应为具有2年以上工作经历的国有企事业单位在职人员。4.工作强度大、任务重，限男性。5.按照招录人民警察要求开展体能测评。6.符合公安部网站补充公告有关要求。"",""部门网站"":""http://www.mps.gov.cn/"",""咨询电话1"":""010-66261515"",""咨询电话2"":"""",""咨询电话3"":"""",""来源Sheet"":""中央国家行政机关（本级）""}}"
"government_jobs","国家公务员2026招考简章","公务员/事业单位技术岗位","北京市","2026-07-28T09:12:58.310295+00:00","二处一级主任科员及以下","公安部","","北京市","公务员/事业单位;2026;automation_robotics;computer_software;cybersecurity_cryptography;electronics_communication;硕士研究生及以上;与最高学历相对应的学位;0812计算机科学与技术、0854电子信息（计算机技术、软件工程、人工智能、大数据技术与工程、网络与信息安全）、0835软件工程、0839网络空间安全;中央机关及其省级直属机构综合管理类","用人司局：机关司局二十三
职位简介：主要从事执法信息化、智能化建设等工作
专业要求：0812计算机科学与技术、0854电子信息（计算机技术、软件工程、人工智能、大数据技术与工程、网络与信息安全）、0835软件工程、0839网络空间安全
学历要求：硕士研究生及以上
学位要求：与最高学历相对应的学位
政治面貌：中共党员或共青团员
基层工作经历：二年
考试类别：中央机关及其省级直属机构综合管理类
备注：1.咨询电话：010-66261961。2.职位要求专业为职位要求最低学历及以上各学历阶段对应专业之一即可。3.非应届毕业生应为具有2年以上工作经历的国有企事业单位在职人员。4.按照招录人民警察要求开展体能测评。5.符合公安部网站补充公告有关要求。","http://bm.scs.gov.cn/kl2026#109000-200130123002","2025-10-14","{""dataset_year"":2026,""job_uid"":""GOV-2026-109000-200130123002"",""publisher"":""国家公务员局"",""publication_page"":""http://bm.scs.gov.cn/kl2026"",""attachment_url"":""local://2026_guokao_zhaokaojianzhang.zip"",""local_source_file"":""中央机关及其直属机构2026年度考试录用公务员招考简章.xls"",""local_source_sha256"":""2670bae1df1dd07a3a3c79b9db46a11e3bb15a6c9c249e6af98bfd0b61ce3aaf"",""source_sheet"":""中央国家行政机关（本级）"",""filter_version"":""government_tech_v2"",""tech_filter"":{""is_tech"":true,""is_core_tech"":true,""scope"":""core"",""categories"":[""automation_robotics"",""computer_software"",""cybersecurity_cryptography"",""electronics_communication""],""matched_fields"":[""major"",""description""],""major_terms"":[""人工智能"",""信息安全"",""大数据"",""电子信息"",""网络空间安全"",""计算机技术"",""计算机科学与技术"",""软件工程""],""role_terms"":[""信息化"",""智能化""],""reason"":""tech_major_and_role""},""original"":{""部门代码"":""109000"",""部门名称"":""公安部"",""用人司局"":""机关司局二十三"",""机构性质"":""中央国家行政机关（本级）"",""招考职位"":""二处一级主任科员及以下"",""职位属性"":""公安机关人民警察职位"",""职位分布"":""其他职位"",""职位简介"":""主要从事执法信息化、智能化建设等工作"",""职位代码"":""200130123002"",""机构层级"":""中央"",""考试类别"":""中央机关及其省级直属机构综合管理类"",""招考人数"":""1"",""专业"":""0812计算机科学与技术、0854电子信息（计算机技术、软件工程、人工智能、大数据技术与工程、网络与信息安全）、0835软件工程、0839网络空间安全"",""学历"":""硕士研究生及以上"",""学位"":""与最高学历相对应的学位"",""政治面貌"":""中共党员或共青团员"",""基层工作最低年限"":""二年"",""服务基层项目工作经历"":""无限制"",""是否在面试阶段组织专业能力测试"":""否"",""面试人员比例"":""5:1"",""工作地点"":""北京市"",""落户地点"":""北京市"",""备注"":""1.咨询电话：010-66261961。2.职位要求专业为职位要求最低学历及以上各学历阶段对应专业之一即可。3.非应届毕业生应为具有2年以上工作经历的国有企事业单位在职人员。4.按照招录人民警察要求开展体能测评。5.符合公安部网站补充公告有关要求。"",""部门网站"":""http://www.mps.gov.cn/"",""咨询电话1"":""010-66261515"",""咨询电话2"":"""",""咨询电话3"":"""",""来源Sheet"":""中央国家行政机关（本级）""}}"
"government_jobs","国家公务员2026招考简章","公务员/事业单位技术岗位","北京市","2026-07-28T09:12:58.310295+00:00","一处一级主任科员及以下","公安部","","北京市","公务员/事业单位;2026;computer_software;cybersecurity_cryptography;electronics_communication;硕士研究生及以上;与最高学历相对应的学位;0812计算机科学与技术、0854电子信息（计算机技术、软件工程、人工智能、大数据技术与工程、网络与信息安全）、0835软件工程、0839网络空间安全;中央机关及其省级直属机构综合管理类","用人司局：机关司局二十五
职位简介：主要从事财务信息化建设等工作
专业要求：0812计算机科学与技术、0854电子信息（计算机技术、软件工程、人工智能、大数据技术与工程、网络与信息安全）、0835软件工程、0839网络空间安全
学历要求：硕士研究生及以上
学位要求：与最高学历相对应的学位
政治面貌：中共党员
基层工作经历：二年
考试类别：中央机关及其省级直属机构综合管理类
备注：1.咨询电话：010-66266780。2.职位要求专业为职位要求最低学历及以上各学历阶段对应专业之一即可。3.非应届毕业生应为具有2年以上工作经历的国有企事业单位在职人员。4.工作强度大、任务重，限男性。5.按照招录人民警察要求开展体能测评。6.符合公安部网站补充公告有关要求。","http://bm.scs.gov.cn/kl2026#109000-200130125001","2025-10-14","{""dataset_year"":2026,""job_uid"":""GOV-2026-109000-200130125001"",""publisher"":""国家公务员局"",""publication_page"":""http://bm.scs.gov.cn/kl2026"",""attachment_url"":""local://2026_guokao_zhaokaojianzhang.zip"",""local_source_file"":""中央机关及其直属机构2026年度考试录用公务员招考简章.xls"",""local_source_sha256"":""2670bae1df1dd07a3a3c79b9db46a11e3bb15a6c9c249e6af98bfd0b61ce3aaf"",""source_sheet"":""中央国家行政机关（本级）"",""filter_version"":""government_tech_v2"",""tech_filter"":{""is_tech"":true,""is_core_tech"":true,""scope"":""core"",""categories"":[""computer_software"",""cybersecurity_cryptography"",""electronics_communication""],""matched_fields"":[""major"",""description""],""major_terms"":[""人工智能"",""信息安全"",""大数据"",""电子信息"",""网络空间安全"",""计算机技术"",""计算机科学与技术"",""软件工程""],""role_terms"":[""信息化""],""reason"":""tech_major_and_role""},""original"":{""部门代码"":""109000"",""部门名称"":""公安部"",""用人司局"":""机关司局二十五"",""机构性质"":""中央国家行政机关（本级）"",""招考职位"":""一处一级主任科员及以下"",""职位属性"":""公安机关人民警察职位"",""职位分布"":""其他职位"",""职位简介"":""主要从事财务信息化建设等工作"",""职位代码"":""200130125001"",""机构层级"":""中央"",""考试类别"":""中央机关及其省级直属机构综合管理类"",""招考人数"":""1"",""专业"":""0812计算机科学与技术、0854电子信息（计算机技术、软件工程、人工智能、大数据技术与工程、网络与信息安全）、0835软件工程、0839网络空间安全"",""学历"":""硕士研究生及以上"",""学位"":""与最高学历相对应的学位"",""政治面貌"":""中共党员"",""基层工作最低年限"":""二年"",""服务基层项目工作经历"":""无限制"",""是否在面试阶段组织专业能力测试"":""否"",""面试人员比例"":""5:1"",""工作地点"":""北京市"",""落户地点"":""北京市"",""备注"":""1.咨询电话：010-66266780。2.职位要求专业为职位要求最低学历及以上各学历阶段对应专业之一即可。3.非应届毕业生应为具有2年以上工作经历的国有企事业单位在职人员。4.工作强度大、任务重，限男性。5.按照招录人民警察要求开展体能测评。6.符合公安部网站补充公告有关要求。"",""部门网站"":""http://www.mps.gov.cn/"",""咨询电话1"":""010-66261515"",""咨询电话2"":"""",""咨询电话3"":"""",""来源Sheet"":""中央国家行政机关（本级）""}}"
"government_jobs","国家公务员2026招考简章","公务员/事业单位技术岗位","北京市","2026-07-28T09:12:58.310295+00:00","四处一级警长及以下","公安部","","北京市","公务员/事业单位;2026;computer_software;electronics_communication;硕士研究生及以上;与最高学历相对应的学位;0809电子科学与技术、0810信息与通信工程、0812计算机科学与技术、0825航空宇航科学与技术、0835软件工程、0854电子信息;行政执法类","用人司局：直属行政单位八
职位简介：主要从事信息化侦查执法等工作
专业要求：0809电子科学与技术、0810信息与通信工程、0812计算机科学与技术、0825航空宇航科学与技术、0835软件工程、0854电子信息
学历要求：硕士研究生及以上
学位要求：与最高学历相对应的学位
政治面貌：中共党员或共青团员
基层工作经历：无限制
考试类别：行政执法类
备注：1.咨询电话：010-51842808。2.职位要求专业为职位要求最低学历及以上各学历阶段对应专业之一即可。3.非应届毕业生应为具有2年以上工作经历的国有企事业单位在职人员。4.工作强度大、任务重，限男性。5.按照招录人民警察要求开展体能测评。6.符合公安部网站补充公告有关要求。","http://bm.scs.gov.cn/kl2026#109000-200130208003","2025-10-14","{""dataset_year"":2026,""job_uid"":""GOV-2026-109000-200130208003"",""publisher"":""国家公务员局"",""publication_page"":""http://bm.scs.gov.cn/kl2026"",""attachment_url"":""local://2026_guokao_zhaokaojianzhang.zip"",""local_source_file"":""中央机关及其直属机构2026年度考试录用公务员招考简章.xls"",""local_source_sha256"":""2670bae1df1dd07a3a3c79b9db46a11e3bb15a6c9c249e6af98bfd0b61ce3aaf"",""source_sheet"":""中央国家行政机关（本级）"",""filter_version"":""government_tech_v2"",""tech_filter"":{""is_tech"":true,""is_core_tech"":true,""scope"":""core"",""categories"":[""computer_software"",""electronics_communication""],""matched_fields"":[""major"",""description""],""major_terms"":[""信息与通信工程"",""电子信息"",""电子科学与技术"",""计算机科学与技术"",""软件工程"",""通信工程""],""role_terms"":[""信息化""],""reason"":""tech_major_and_role""},""original"":{""部门代码"":""109000"",""部门名称"":""公安部"",""用人司局"":""直属行政单位八"",""机构性质"":""中央国家行政机关（本级）"",""招考职位"":""四处一级警长及以下"",""职位属性"":""公安机关人民警察职位"",""职位分布"":""其他职位"",""职位简介"":""主要从事信息化侦查执法等工作"",""职位代码"":""200130208003"",""机构层级"":""市（地）级"",""考试类别"":""行政执法类"",""招考人数"":""4"",""专业"":""0809电子科学与技术、0810信息与通信工程、0812计算机科学与技术、0825航空宇航科学与技术、0835软件工程、0854电子信息"",""学历"":""硕士研究生及以上"",""学位"":""与最高学历相对应的学位"",""政治面貌"":""中共党员或共青团员"",""基层工作最低年限"":""无限制"",""服务基层项目工作经历"":""无限制"",""是否在面试阶段组织专业能力测试"":""否"",""面试人员比例"":""3:1"",""工作地点"":""北京市"",""落户地点"":""北京市"",""备注"":""1.咨询电话：010-51842808。2.职位要求专业为职位要求最低学历及以上各学历阶段对应专业之一即可。3.非应届毕业生应为具有2年以上工作经历的国有企事业单位在职人员。4.工作强度大、任务重，限男性。5.按照招录人民警察要求开展体能测评。6.符合公安部网站补充公告有关要求。"",""部门网站"":""http://www.mps.gov.cn/"",""咨询电话1"":""010-66261515"",""咨询电话2"":"""",""咨询电话3"":"""",""来源Sheet"":""中央国家行政机关（本级）""}}"
"government_jobs","国家公务员2026招考简章","公务员/事业单位技术岗位","北京市","2026-07-28T09:12:58.310295+00:00","二处警务技术一级主管及以下","公安部","","北京市","公务员/事业单位;2026;computer_software;data_ai;electronics_communication;硕士研究生及以上;与最高学历相对应的学位;8711系统科学、0812计算机科学与技术、0854电子信息（大数据和人工智能类）、1405智能科学与技术;中央机关及其省级直属机构综合管理类","用人司局：机关司局二十七
职位简介：主要从事数据资源及其智能平台管理等工作
专业要求：8711系统科学、0812计算机科学与技术、0854电子信息（大数据和人工智能类）、1405智能科学与技术
学历要求：硕士研究生及以上
学位要求：与最高学历相对应的学位
政治面貌：中共党员或共青团员
基层工作经历：无限制
考试类别：中央机关及其省级直属机构综合管理类
备注：1.咨询电话：010-66262855。2.职位要求专业为职位要求最低学历及以上各学历阶段对应专业之一即可。3.非应届毕业生应为具有2年以上工作经历的国有企事业单位在职人员。4.工作强度大、任务重，限男性。5.笔试只测查行测和申论、免考公安专业科目，免予测查体能测评。6.专业能力测试主要测查数据建模技术。7.综合成绩合成方式见公安部网站补充公告。8.符合公安部网站补充公告有关要求。","http://bm.scs.gov.cn/kl2026#109000-200149127001","2025-10-14","{""dataset_year"":2026,""job_uid"":""GOV-2026-109000-200149127001"",""publisher"":""国家公务员局"",""publication_page"":""http://bm.scs.gov.cn/kl2026"",""attachment_url"":""local://2026_guokao_zhaokaojianzhang.zip"",""local_source_file"":""中央机关及其直属机构2026年度考试录用公务员招考简章.xls"",""local_source_sha256"":""2670bae1df1dd07a3a3c79b9db46a11e3bb15a6c9c249e6af98bfd0b61ce3aaf"",""source_sheet"":""中央国家行政机关（本级）"",""filter_version"":""government_tech_v2"",""tech_filter"":{""is_tech"":true,""is_core_tech"":true,""scope"":""core"",""categories"":[""computer_software"",""data_ai"",""electronics_communication""],""matched_fields"":[""major"",""description"",""remarks""],""major_terms"":[""人工智能"",""大数据"",""智能科学与技术"",""电子信息"",""计算机科学与技术""],""role_terms"":[""数据建模"",""数据资源"",""智能平台""],""reason"":""tech_major_and_role""},""original"":{""部门代码"":""109000"",""部门名称"":""公安部"",""用人司局"":""机关司局二十七"",""机构性质"":""中央国家行政机关（本级）"",""招考职位"":""二处警务技术一级主管及以下"",""职位属性"":""特殊专业职位"",""职位分布"":""其他职位"",""职位简介"":""主要从事数据资源及其智能平台管理等工作"",""职位代码"":""200149127001"",""机构层级"":""中央"",""考试类别"":""中央机关及其省级直属机构综合管理类"",""招考人数"":""3"",""专业"":""8711系统科学、0812计算机科学与技术、0854电子信息（大数据和人工智能类）、1405智能科学与技术"",""学历"":""硕士研究生及以上"",""学位"":""与最高学历相对应的学位"",""政治面貌"":""中共党员或共青团员"",""基层工作最低年限"":""无限制"",""服务基层项目工作经历"":""无限制"",""是否在面试阶段组织专业能力测试"":""是"",""面试人员比例"":""5:1"",""工作地点"":""北京市"",""落户地点"":""北京市"",""备注"":""1.咨询电话：010-66262855。2.职位要求专业为职位要求最低学历及以上各学历阶段对应专业之一即可。3.非应届毕业生应为具有2年以上工作经历的国有企事业单位在职人员。4.工作强度大、任务重，限男性。5.笔试只测查行测和申论、免考公安专业科目，免予测查体能测评。6.专业能力测试主要测查数据建模技术。7.综合成绩合成方式见公安部网站补充公告。8.符合公安部网站补充公告有关要求。"",""部门网站"":""http://www.mps.gov.cn/"",""咨询电话1"":""010-66261515"",""咨询电话2"":"""",""咨询电话3"":"""",""来源Sheet"":""中央国家行政机关（本级）""}}"
"government_jobs","国家公务员2026招考简章","公务员/事业单位技术岗位","北京市","2026-07-28T09:12:58.310295+00:00","二处警务技术一级主管及以下","公安部","","北京市","公务员/事业单位;2026;computer_software;cybersecurity_cryptography;electronics_communication;硕士研究生及以上;与最高学历相对应的学位;0701数学（人工智能、数据科学）、0812计算机科学与技术、0835软件工程、0839网络空间安全、0854电子信息（计算机技术、软件工程、人工智能、大数据技术与工程、网络与信息安全）;中央机关及其省级直属机构综合管理类","用人司局：直属参公单位二
职位简介：主要从事现场勘查、信息化建设和技术研究等工作
专业要求：0701数学（人工智能、数据科学）、0812计算机科学与技术、0835软件工程、0839网络空间安全、0854电子信息（计算机技术、软件工程、人工智能、大数据技术与工程、网络与信息安全）
学历要求：硕士研究生及以上
学位要求：与最高学历相对应的学位
政治面貌：中共党员或共青团员
基层工作经历：无限制
考试类别：中央机关及其省级直属机构综合管理类
备注：1.咨询电话：010-66269541。2.职位要求专业为报考者最高学历对应专业。3.非应届毕业生应为具有2年以上工作经历的国有企事业单位在职人员。4.工作强度大、任务重，限男性。5.大学英语六级425分及以上或全国英语等级考试5级。6.按照招录人民警察要求开展体能测评，免测1000米/800米跑。7.符合公安部网站补充公告有关要求。","http://bm.scs.gov.cn/kl2026#109000-400130302002","2025-10-14","{""dataset_year"":2026,""job_uid"":""GOV-2026-109000-400130302002"",""publisher"":""国家公务员局"",""publication_page"":""http://bm.scs.gov.cn/kl2026"",""attachment_url"":""local://2026_guokao_zhaokaojianzhang.zip"",""local_source_file"":""中央机关及其直属机构2026年度考试录用公务员招考简章.xls"",""local_source_sha256"":""2670bae1df1dd07a3a3c79b9db46a11e3bb15a6c9c249e6af98bfd0b61ce3aaf"",""source_sheet"":""中央国家行政机关参照公务员法管理事业单位"",""filter_version"":""government_tech_v2"",""tech_filter"":{""is_tech"":true,""is_core_tech"":true,""scope"":""core"",""categories"":[""computer_software"",""cybersecurity_cryptography"",""electronics_communication""],""matched_fields"":[""major"",""description""],""major_terms"":[""人工智能"",""信息安全"",""大数据"",""数据科学"",""电子信息"",""网络空间安全"",""计算机技术"",""计算机科学与技术"",""软件工程""],""role_terms"":[""信息化""],""reason"":""tech_major_and_role""},""original"":{""部门代码"":""109000"",""部门名称"":""公安部"",""用人司局"":""直属参公单位二"",""机构性质"":""中央国家行政机关参照公务员法管理事业单位"",""招考职位"":""二处警务技术一级主管及以下"",""职位属性"":""公安机关人民警察职位"",""职位分布"":""其他职位"",""职位简介"":""主要从事现场勘查、信息化建设和技术研究等工作"",""职位代码"":""400130302002"",""机构层级"":""中央"",""考试类别"":""中央机关及其省级直属机构综合管理类"",""招考人数"":""4"",""专业"":""0701数学（人工智能、数据科学）、0812计算机科学与技术、0835软件工程、0839网络空间安全、0854电子信息（计算机技术、软件工程、人工智能、大数据技术与工程、网络与信息安全）"",""学历"":""硕士研究生及以上"",""学位"":""与最高学历相对应的学位"",""政治面貌"":""中共党员或共青团员"",""基层工作最低年限"":""无限制"",""服务基层项目工作经历"":""无限制"",""是否在面试阶段组织专业能力测试"":""否"",""面试人员比例"":""5:1"",""工作地点"":""北京市"",""落户地点"":""北京市"",""备注"":""1.咨询电话：010-66269541。2.职位要求专业为报考者最高学历对应专业。3.非应届毕业生应为具有2年以上工作经历的国有企事业单位在职人员。4.工作强度大、任务重，限男性。5.大学英语六级425分及以上或全国英语等级考试5级。6.按照招录人民警察要求开展体能测评，免测1000米/800米跑。7.符合公安部网站补充公告有关要求。"",""部门网站"":""http://www.mps.gov.cn/"",""咨询电话1"":""010-66261515"",""咨询电话2"":"""",""咨询电话3"":"""",""来源Sheet"":""中央国家行政机关参照公务员法管理事业单位""}}"
"government_jobs","国家公务员2026招考简章","公务员/事业单位技术岗位","天津市","2026-07-28T09:12:58.310295+00:00","天津铁路公安处基层所队民警","北京铁路公安局","","天津市","公务员/事业单位;2026;computer_software;electronics_communication;本科及以上;与最高学历相对应的学位;大学本科：0809计算机类、0807电子信息类； 研究生：0812计算机科学与技术、0809电子科学与技术、0854电子信息（计算机类）;行政执法类","用人司局：北京铁路公安局
职位简介：主要从事基层所队执勤执法、计算机及通信网络日常维护等工作
专业要求：大学本科：0809计算机类、0807电子信息类； 研究生：0812计算机科学与技术、0809电子科学与技术、0854电子信息（计算机类）
学历要求：本科及以上
学位要求：与最高学历相对应的学位
政治面貌：中共党员或共青团员
基层工作经历：无限制
考试类别：行政执法类
备注：1.咨询电话：010-51832128、010-81583133；
2.职位要求专业为职位要求最低学历及以上各学历阶段对应专业之一即可；
3.限应届毕业生报考；
4.按照招录人民警察要求开展体能测评；
5.符合公安部网站补充公告有关要求；
6.服从处内二次分配。","http://bm.scs.gov.cn/kl2026#109203-300130843024","2025-10-14","{""dataset_year"":2026,""job_uid"":""GOV-2026-109203-300130843024"",""publisher"":""国家公务员局"",""publication_page"":""http://bm.scs.gov.cn/kl2026"",""attachment_url"":""local://2026_guokao_zhaokaojianzhang.zip"",""local_source_file"":""中央机关及其直属机构2026年度考试录用公务员招考简章.xls"",""local_source_sha256"":""2670bae1df1dd07a3a3c79b9db46a11e3bb15a6c9c249e6af98bfd0b61ce3aaf"",""source_sheet"":""中央国家行政机关省级以下直属机构"",""filter_version"":""government_tech_v2"",""tech_filter"":{""is_tech"":true,""is_core_tech"":true,""scope"":""core"",""categories"":[""computer_software"",""electronics_communication""],""matched_fields"":[""major"",""description""],""major_terms"":[""电子信息"",""电子信息类"",""电子科学与技术"",""计算机科学与技术"",""计算机类""],""role_terms"":[""计算机"",""通信网络""],""reason"":""tech_major_and_role""},""original"":{""部门代码"":""109203"",""部门名称"":""北京铁路公安局"",""用人司局"":""北京铁路公安局"",""机构性质"":""中央国家行政机关省级以下直属机构"",""招考职位"":""天津铁路公安处基层所队民警"",""职位属性"":""公安机关人民警察职位"",""职位分布"":""其他职位"",""职位简介"":""主要从事基层所队执勤执法、计算机及通信网络日常维护等工作"",""职位代码"":""300130843024"",""机构层级"":""市（地）级"",""考试类别"":""行政执法类"",""招考人数"":""1"",""专业"":""大学本科：0809计算机类、0807电子信息类； 研究生：0812计算机科学与技术、0809电子科学与技术、0854电子信息（计算机类）"",""学历"":""本科及以上"",""学位"":""与最高学历相对应的学位"",""政治面貌"":""中共党员或共青团员"",""基层工作最低年限"":""无限制"",""服务基层项目工作经历"":""无限制"",""是否在面试阶段组织专业能力测试"":""否"",""面试人员比例"":""3:1"",""工作地点"":""天津市"",""落户地点"":""天津市"",""备注"":""1.咨询电话：010-51832128、010-81583133；\n2.职位要求专业为职位要求最低学历及以上各学历阶段对应专业之一即可；\n3.限应届毕业生报考；\n4.按照招录人民警察要求开展体能测评；\n5.符合公安部网站补充公告有关要求；\n6.服从处内二次分配。"",""部门网站"":""无"",""咨询电话1"":""010-51832128"",""咨询电话2"":""010-81583133"",""咨询电话3"":"""",""来源Sheet"":""中央国家行政机关省级以下直属机构""}}"
"government_jobs","国家公务员2026招考简章","公务员/事业单位技术岗位","河北省","2026-07-28T09:12:58.310295+00:00","石家庄铁路公安处基层所队民警","北京铁路公安局","","河北省","公务员/事业单位;2026;computer_software;electronics_communication;本科及以上;与最高学历相对应的学位;大学本科：0809计算机类； 研究生：0812计算机科学与技术、0854电子信息（计算机类）;行政执法类","用人司局：北京铁路公安局
职位简介：主要从事基层所队执勤执法、计算机及通信网络日常维护等工作
专业要求：大学本科：0809计算机类； 研究生：0812计算机科学与技术、0854电子信息（计算机类）
学历要求：本科及以上
学位要求：与最高学历相对应的学位
政治面貌：中共党员或共青团员
基层工作经历：无限制
考试类别：行政执法类
备注：1.咨询电话：010-51832128、010-81583133；
2.职位要求专业为职位要求最低学历及以上各学历阶段对应专业之一即可；
3.限应届毕业生报考；
4.按照招录人民警察要求开展体能测评；
5.符合公安部网站补充公告有关要求；
6.服从处内二次分配。","http://bm.scs.gov.cn/kl2026#109203-300130843034","2025-10-14","{""dataset_year"":2026,""job_uid"":""GOV-2026-109203-300130843034"",""publisher"":""国家公务员局"",""publication_page"":""http://bm.scs.gov.cn/kl2026"",""attachment_url"":""local://2026_guokao_zhaokaojianzhang.zip"",""local_source_file"":""中央机关及其直属机构2026年度考试录用公务员招考简章.xls"",""local_source_sha256"":""2670bae1df1dd07a3a3c79b9db46a11e3bb15a6c9c249e6af98bfd0b61ce3aaf"",""source_sheet"":""中央国家行政机关省级以下直属机构"",""filter_version"":""government_tech_v2"",""tech_filter"":{""is_tech"":true,""is_core_tech"":true,""scope"":""core"",""categories"":[""computer_software"",""electronics_communication""],""matched_fields"":[""major"",""description""],""major_terms"":[""电子信息"",""计算机科学与技术"",""计算机类""],""role_terms"":[""计算机"",""通信网络""],""reason"":""tech_major_and_role""},""original"":{""部门代码"":""109203"",""部门名称"":""北京铁路公安局"",""用人司局"":""北京铁路公安局"",""机构性质"":""中央国家行政机关省级以下直属机构"",""招考职位"":""石家庄铁路公安处基层所队民警"",""职位属性"":""公安机关人民警察职位"",""职位分布"":""其他职位"",""职位简介"":""主要从事基层所队执勤执法、计算机及通信网络日常维护等工作"",""职位代码"":""300130843034"",""机构层级"":""市（地）级"",""考试类别"":""行政执法类"",""招考人数"":""1"",""专业"":""大学本科：0809计算机类； 研究生：0812计算机科学与技术、0854电子信息（计算机类）"",""学历"":""本科及以上"",""学位"":""与最高学历相对应的学位"",""政治面貌"":""中共党员或共青团员"",""基层工作最低年限"":""无限制"",""服务基层项目工作经历"":""无限制"",""是否在面试阶段组织专业能力测试"":""否"",""面试人员比例"":""3:1"",""工作地点"":""河北省"",""落户地点"":""河北省"",""备注"":""1.咨询电话：010-51832128、010-81583133；\n2.职位要求专业为职位要求最低学历及以上各学历阶段对应专业之一即可；\n3.限应届毕业生报考；\n4.按照招录人民警察要求开展体能测评；\n5.符合公安部网站补充公告有关要求；\n6.服从处内二次分配。"",""部门网站"":""无"",""咨询电话1"":""010-51832128"",""咨询电话2"":""010-81583133"",""咨询电话3"":"""",""来源Sheet"":""中央国家行政机关省级以下直属机构""}}"
"government_jobs","国家公务员2026招考简章","公务员/事业单位技术岗位","河北省","2026-07-28T09:12:58.310295+00:00","神华铁路公安处基层所队民警","北京铁路公安局","","河北省","公务员/事业单位;2026;computer_software;electronics_communication;本科及以上;与最高学历相对应的学位;大学本科：0501中国语言文学类（秘书学）、0809计算机类（数据科学与大数据技术）； 研究生：0501中国语言文学、0812计算机科学与技术、0854电子信息（计算机类）;行政执法类","用人司局：北京铁路公安局
职位简介：主要从事基层所队执勤执法、文秘、计算机及通信网络日常维护等工作
专业要求：大学本科：0501中国语言文学类（秘书学）、0809计算机类（数据科学与大数据技术）； 研究生：0501中国语言文学、0812计算机科学与技术、0854电子信息（计算机类）
学历要求：本科及以上
学位要求：与最高学历相对应的学位
政治面貌：中共党员或共青团员
基层工作经历：无限制
考试类别：行政执法类
备注：1.咨询电话：010-51832128、010-81583133；
2.职位要求专业为职位要求最低学历及以上各学历阶段对应专业之一即可；
3.限应届毕业生报考；
4.工作强度大、任务重，限男性；
5.按照招录人民警察要求开展体能测评；
6.符合公安部网站补充公告有关要求；
7.服从处内二次分配。","http://bm.scs.gov.cn/kl2026#109203-300130843037","2025-10-14","{""dataset_year"":2026,""job_uid"":""GOV-2026-109203-300130843037"",""publisher"":""国家公务员局"",""publication_page"":""http://bm.scs.gov.cn/kl2026"",""attachment_url"":""local://2026_guokao_zhaokaojianzhang.zip"",""local_source_file"":""中央机关及其直属机构2026年度考试录用公务员招考简章.xls"",""local_source_sha256"":""2670bae1df1dd07a3a3c79b9db46a11e3bb15a6c9c249e6af98bfd0b61ce3aaf"",""source_sheet"":""中央国家行政机关省级以下直属机构"",""filter_version"":""government_tech_v2"",""tech_filter"":{""is_tech"":true,""is_core_tech"":true,""scope"":""core"",""categories"":[""computer_software"",""electronics_communication""],""matched_fields"":[""major"",""description""],""major_terms"":[""大数据"",""数据科学与大数据技术"",""电子信息"",""计算机科学与技术"",""计算机类""],""role_terms"":[""计算机"",""通信网络""],""reason"":""tech_major_and_role""},""original"":{""部门代码"":""109203"",""部门名称"":""北京铁路公安局"",""用人司局"":""北京铁路公安局"",""机构性质"":""中央国家行政机关省级以下直属机构"",""招考职位"":""神华铁路公安处基层所队民警"",""职位属性"":""公安机关人民警察职位"",""职位分布"":""其他职位"",""职位简介"":""主要从事基层所队执勤执法、文秘、计算机及通信网络日常维护等工作"",""职位代码"":""300130843037"",""机构层级"":""市（地）级"",""考试类别"":""行政执法类"",""招考人数"":""1"",""专业"":""大学本科：0501中国语言文学类（秘书学）、0809计算机类（数据科学与大数据技术）； 研究生：0501中国语言文学、0812计算机科学与技术、0854电子信息（计算机类）"",""学历"":""本科及以上"",""学位"":""与最高学历相对应的学位"",""政治面貌"":""中共党员或共青团员"",""基层工作最低年限"":""无限制"",""服务基层项目工作经历"":""无限制"",""是否在面试阶段组织专业能力测试"":""否"",""面试人员比例"":""3:1"",""工作地点"":""河北省"",""落户地点"":""河北省"",""备注"":""1.咨询电话：010-51832128、010-81583133；\n2.职位要求专业为职位要求最低学历及以上各学历阶段对应专业之一即可；\n3.限应届毕业生报考；\n4.工作强度大、任务重，限男性；\n5.按照招录人民警察要求开展体能测评；\n6.符合公安部网站补充公告有关要求；\n7.服从处内二次分配。"",""部门网站"":""无"",""咨询电话1"":""010-51832128"",""咨询电话2"":""010-81583133"",""咨询电话3"":"""",""来源Sheet"":""中央国家行政机关省级以下直属机构""}}"
"government_jobs","国家公务员2026招考简章","公务员/事业单位技术岗位","山西省忻州市","2026-07-28T09:12:58.310295+00:00","大同铁路公安处基层所队民警","太原铁路公安局","","山西省忻州市","公务员/事业单位;2026;computer_software;electronics_communication;本科及以上;与最高学历相对应的学位;大学本科：0809计算机类、1009法医学类； 研究生：0812计算机科学与技术、0854电子信息（计算机类）;行政执法类","用人司局：太原铁路公安局
职位简介：主要从事基层所队执勤执法、网络管理、法医等工作
专业要求：大学本科：0809计算机类、1009法医学类； 研究生：0812计算机科学与技术、0854电子信息（计算机类）
学历要求：本科及以上
学位要求：与最高学历相对应的学位
政治面貌：中共党员或共青团员
基层工作经历：无限制
考试类别：行政执法类
备注：1.咨询电话：0351-2629220；
2.职位要求专业为职位要求最低学历及以上各学历阶段对应专业之一即可；
3.限应届毕业生报考，限山西省生源；
4.按照招录人民警察要求开展体能测评；
5.符合公安部网站补充公告有关要求；
6.服从处内二次分配。","http://bm.scs.gov.cn/kl2026#109204-300130844006","2025-10-14","{""dataset_year"":2026,""job_uid"":""GOV-2026-109204-300130844006"",""publisher"":""国家公务员局"",""publication_page"":""http://bm.scs.gov.cn/kl2026"",""attachment_url"":""local://2026_guokao_zhaokaojianzhang.zip"",""local_source_file"":""中央机关及其直属机构2026年度考试录用公务员招考简章.xls"",""local_source_sha256"":""2670bae1df1dd07a3a3c79b9db46a11e3bb15a6c9c249e6af98bfd0b61ce3aaf"",""source_sheet"":""中央国家行政机关省级以下直属机构"",""filter_version"":""government_tech_v2"",""tech_filter"":{""is_tech"":true,""is_core_tech"":true,""scope"":""core"",""categories"":[""computer_software"",""electronics_communication""],""matched_fields"":[""major"",""description""],""major_terms"":[""电子信息"",""计算机科学与技术"",""计算机类""],""role_terms"":[""网络管理""],""reason"":""tech_major_and_role""},""original"":{""部门代码"":""109204"",""部门名称"":""太原铁路公安局"",""用人司局"":""太原铁路公安局"",""机构性质"":""中央国家行政机关省级以下直属机构"",""招考职位"":""大同铁路公安处基层所队民警"",""职位属性"":""公安机关人民警察职位"",""职位分布"":""西部地区和艰苦边远地区职位"",""职位简介"":""主要从事基层所队执勤执法、网络管理、法医等工作"",""职位代码"":""300130844006"",""机构层级"":""市（地）级"",""考试类别"":""行政执法类"",""招考人数"":""1"",""专业"":""大学本科：0809计算机类、1009法医学类； 研究生：0812计算机科学与技术、0854电子信息（计算机类）"",""学历"":""本科及以上"",""学位"":""与最高学历相对应的学位"",""政治面貌"":""中共党员或共青团员"",""基层工作最低年限"":""无限制"",""服务基层项目工作经历"":""无限制"",""是否在面试阶段组织专业能力测试"":""否"",""面试人员比例"":""3:1"",""工作地点"":""山西省忻州市"",""落户地点"":""山西省大同市"",""备注"":""1.咨询电话：0351-2629220；\n2.职位要求专业为职位要求最低学历及以上各学历阶段对应专业之一即可；\n3.限应届毕业生报考，限山西省生源；\n4.按照招录人民警察要求开展体能测评；\n5.符合公安部网站补充公告有关要求；\n6.服从处内二次分配。"",""部门网站"":""无"",""咨询电话1"":""0351-2629220"",""咨询电话2"":"""",""咨询电话3"":"""",""来源Sheet"":""中央国家行政机关省级以下直属机构""}}"
"government_jobs","国家公务员2026招考简章","公务员/事业单位技术岗位","湖北省","2026-07-28T09:12:58.310295+00:00","武汉铁路公安处基层所队民警","武汉铁路公安局","","湖北省","公务员/事业单位;2026;computer_software;cybersecurity_cryptography;本科及以上;与最高学历相对应的学位;大学本科：0809计算机类（计算机科学与技术、数据科学与大数据技术、网络空间安全、保密技术）； 研究生：0839网络空间安全;行政执法类","用人司局：武汉铁路公安局
职位简介：主要从事治安管理、网络安全管理和保密管理等工作
专业要求：大学本科：0809计算机类（计算机科学与技术、数据科学与大数据技术、网络空间安全、保密技术）； 研究生：0839网络空间安全
学历要求：本科及以上
学位要求：与最高学历相对应的学位
政治面貌：中共党员或共青团员
基层工作经历：无限制
考试类别：行政执法类
备注：1.咨询电话：027-51163878；
2.职位要求专业为职位要求最低学历及以上各学历阶段对应专业之一即可；
3.限2026届毕业生报考；
4.按照招录人民警察要求开展体能测评；
5.符合公安部网站补充公告有关要求；
6.服从处内二次分配。","http://bm.scs.gov.cn/kl2026#109207-300130848001","2025-10-14","{""dataset_year"":2026,""job_uid"":""GOV-2026-109207-300130848001"",""publisher"":""国家公务员局"",""publication_page"":""http://bm.scs.gov.cn/kl2026"",""attachment_url"":""local://2026_guokao_zhaokaojianzhang.zip"",""local_source_file"":""中央机关及其直属机构2026年度考试录用公务员招考简章.xls"",""local_source_sha256"":""2670bae1df1dd07a3a3c79b9db46a11e3bb15a6c9c249e6af98bfd0b61ce3aaf"",""source_sheet"":""中央国家行政机关省级以下直属机构"",""filter_version"":""government_tech_v2"",""tech_filter"":{""is_tech"":true,""is_core_tech"":true,""scope"":""core"",""categories"":[""computer_software"",""cybersecurity_cryptography""],""matched_fields"":[""major"",""description""],""major_terms"":[""保密技术"",""大数据"",""数据科学与大数据技术"",""网络空间安全"",""计算机科学与技术"",""计算机类""],""role_terms"":[""网络安全""],""reason"":""tech_major_and_role""},""original"":{""部门代码"":""109207"",""部门名称"":""武汉铁路公安局"",""用人司局"":""武汉铁路公安局"",""机构性质"":""中央国家行政机关省级以下直属机构"",""招考职位"":""武汉铁路公安处基层所队民警"",""职位属性"":""公安机关人民警察职位"",""职位分布"":""其他职位"",""职位简介"":""主要从事治安管理、网络安全管理和保密管理等工作"",""职位代码"":""300130848001"",""机构层级"":""市（地）级"",""考试类别"":""行政执法类"",""招考人数"":""2"",""专业"":""大学本科：0809计算机类（计算机科学与技术、数据科学与大数据技术、网络空间安全、保密技术）； 研究生：0839网络空间安全"",""学历"":""本科及以上"",""学位"":""与最高学历相对应的学位"",""政治面貌"":""中共党员或共青团员"",""基层工作最低年限"":""无限制"",""服务基层项目工作经历"":""无限制"",""是否在面试阶段组织专业能力测试"":""否"",""面试人员比例"":""3:1"",""工作地点"":""湖北省"",""落户地点"":""湖北省孝感市大悟县"",""备注"":""1.咨询电话：027-51163878；\n2.职位要求专业为职位要求最低学历及以上各学历阶段对应专业之一即可；\n3.限2026届毕业生报考；\n4.按照招录人民警察要求开展体能测评；\n5.符合公安部网站补充公告有关要求；\n6.服从处内二次分配。"",""部门网站"":""无"",""咨询电话1"":""027-51163878"",""咨询电话2"":"""",""咨询电话3"":"""",""来源Sheet"":""中央国家行政机关省级以下直属机构""}}"
"government_jobs","国家公务员2026招考简章","公务员/事业单位技术岗位","河南省","2026-07-28T09:12:58.310295+00:00","武汉铁路公安处基层所队民警","武汉铁路公安局","","河南省","公务员/事业单位;2026;computer_software;cybersecurity_cryptography;data_ai;本科及以上;与最高学历相对应的学位;大学本科：0809计算机类（软件工程、数据科学与大数据技术、保密技术、密码科学与技术）、1201管理科学与工程类（保密管理、大数据管理与应用）； 研究生：1205信息资源管理、1255图书情报;行政执法类","用人司局：武汉铁路公安局
职位简介：主要从事治安管理、大数据管理、网络安全管理和计算机维护等工作
专业要求：大学本科：0809计算机类（软件工程、数据科学与大数据技术、保密技术、密码科学与技术）、1201管理科学与工程类（保密管理、大数据管理与应用）； 研究生：1205信息资源管理、1255图书情报
学历要求：本科及以上
学位要求：与最高学历相对应的学位
政治面貌：中共党员或共青团员
基层工作经历：无限制
考试类别：行政执法类
备注：1.咨询电话：027-51163878；
2.职位要求专业为职位要求最低学历及以上各学历阶段对应专业之一即可；
3.限应届毕业生报考；
4.工作强度大、任务重，限男性；
5.按照招录人民警察要求开展体能测评；
6.符合公安部网站补充公告有关要求；
7.服从处内二次分配。","http://bm.scs.gov.cn/kl2026#109207-300130848006","2025-10-14","{""dataset_year"":2026,""job_uid"":""GOV-2026-109207-300130848006"",""publisher"":""国家公务员局"",""publication_page"":""http://bm.scs.gov.cn/kl2026"",""attachment_url"":""local://2026_guokao_zhaokaojianzhang.zip"",""local_source_file"":""中央机关及其直属机构2026年度考试录用公务员招考简章.xls"",""local_source_sha256"":""2670bae1df1dd07a3a3c79b9db46a11e3bb15a6c9c249e6af98bfd0b61ce3aaf"",""source_sheet"":""中央国家行政机关省级以下直属机构"",""filter_version"":""government_tech_v2"",""tech_filter"":{""is_tech"":true,""is_core_tech"":true,""scope"":""core"",""categories"":[""computer_software"",""cybersecurity_cryptography"",""data_ai""],""matched_fields"":[""major"",""description""],""major_terms"":[""保密技术"",""大数据"",""密码科学"",""密码科学与技术"",""数据科学与大数据技术"",""计算机类"",""软件工程""],""role_terms"":[""大数据"",""数据管理"",""网络安全"",""计算机""],""reason"":""tech_major_and_role""},""original"":{""部门代码"":""109207"",""部门名称"":""武汉铁路公安局"",""用人司局"":""武汉铁路公安局"",""机构性质"":""中央国家行政机关省级以下直属机构"",""招考职位"":""武汉铁路公安处基层所队民警"",""职位属性"":""公安机关人民警察职位"",""职位分布"":""其他职位"",""职位简介"":""主要从事治安管理、大数据管理、网络安全管理和计算机维护等工作"",""职位代码"":""300130848006"",""机构层级"":""市（地）级"",""考试类别"":""行政执法类"",""招考人数"":""2"",""专业"":""大学本科：0809计算机类（软件工程、数据科学与大数据技术、保密技术、密码科学与技术）、1201管理科学与工程类（保密管理、大数据管理与应用）； 研究生：1205信息资源管理、1255图书情报"",""学历"":""本科及以上"",""学位"":""与最高学历相对应的学位"",""政治面貌"":""中共党员或共青团员"",""基层工作最低年限"":""无限制"",""服务基层项目工作经历"":""无限制"",""是否在面试阶段组织专业能力测试"":""否"",""面试人员比例"":""3:1"",""工作地点"":""河南省"",""落户地点"":""河南省信阳市"",""备注"":""1.咨询电话：027-51163878；\n2.职位要求专业为职位要求最低学历及以上各学历阶段对应专业之一即可；\n3.限应届毕业生报考；\n4.工作强度大、任务重，限男性；\n5.按照招录人民警察要求开展体能测评；\n6.符合公安部网站补充公告有关要求；\n7.服从处内二次分配。"",""部门网站"":""无"",""咨询电话1"":""027-51163878"",""咨询电话2"":"""",""咨询电话3"":"""",""来源Sheet"":""中央国家行政机关省级以下直属机构""}}"
"government_jobs","国家公务员2026招考简章","公务员/事业单位技术岗位","湖北省","2026-07-28T09:12:58.310295+00:00","武汉铁路公安处基层所队民警","武汉铁路公安局","","湖北省","公务员/事业单位;2026;cybersecurity_cryptography;electronics_communication;本科及以上;与最高学历相对应的学位;大学本科：0807电子信息类； 研究生：0810信息与通信工程、0854电子信息;行政执法类","用人司局：武汉铁路公安局
职位简介：主要从事治安管理、信息通信或网络安全管理工作
专业要求：大学本科：0807电子信息类； 研究生：0810信息与通信工程、0854电子信息
学历要求：本科及以上
学位要求：与最高学历相对应的学位
政治面貌：中共党员或共青团员
基层工作经历：无限制
考试类别：行政执法类
备注：1.咨询电话：027-51163878；
2.职位要求专业为职位要求最低学历及以上各学历阶段对应专业之一即可；
3.限2026届毕业生报考；
4.工作强度大、任务重，限男性；
5.按照招录人民警察要求开展体能测评；
6.符合公安部网站补充公告有关要求；
7.服从处内二次分配。","http://bm.scs.gov.cn/kl2026#109207-300130848008","2025-10-14","{""dataset_year"":2026,""job_uid"":""GOV-2026-109207-300130848008"",""publisher"":""国家公务员局"",""publication_page"":""http://bm.scs.gov.cn/kl2026"",""attachment_url"":""local://2026_guokao_zhaokaojianzhang.zip"",""local_source_file"":""中央机关及其直属机构2026年度考试录用公务员招考简章.xls"",""local_source_sha256"":""2670bae1df1dd07a3a3c79b9db46a11e3bb15a6c9c249e6af98bfd0b61ce3aaf"",""source_sheet"":""中央国家行政机关省级以下直属机构"",""filter_version"":""government_tech_v2"",""tech_filter"":{""is_tech"":true,""is_core_tech"":true,""scope"":""core"",""categories"":[""cybersecurity_cryptography"",""electronics_communication""],""matched_fields"":[""major"",""description""],""major_terms"":[""信息与通信工程"",""电子信息"",""电子信息类"",""通信工程""],""role_terms"":[""信息通信"",""网络安全""],""reason"":""tech_major_and_role""},""original"":{""部门代码"":""109207"",""部门名称"":""武汉铁路公安局"",""用人司局"":""武汉铁路公安局"",""机构性质"":""中央国家行政机关省级以下直属机构"",""招考职位"":""武汉铁路公安处基层所队民警"",""职位属性"":""公安机关人民警察职位"",""职位分布"":""其他职位"",""职位简介"":""主要从事治安管理、信息通信或网络安全管理工作"",""职位代码"":""300130848008"",""机构层级"":""市（地）级"",""考试类别"":""行政执法类"",""招考人数"":""2"",""专业"":""大学本科：0807电子信息类； 研究生：0810信息与通信工程、0854电子信息"",""学历"":""本科及以上"",""学位"":""与最高学历相对应的学位"",""政治面貌"":""中共党员或共青团员"",""基层工作最低年限"":""无限制"",""服务基层项目工作经历"":""无限制"",""是否在面试阶段组织专业能力测试"":""否"",""面试人员比例"":""3:1"",""工作地点"":""湖北省"",""落户地点"":""湖北省荆州市江陵县"",""备注"":""1.咨询电话：027-51163878；\n2.职位要求专业为职位要求最低学历及以上各学历阶段对应专业之一即可；\n3.限2026届毕业生报考；\n4.工作强度大、任务重，限男性；\n5.按照招录人民警察要求开展体能测评；\n6.符合公安部网站补充公告有关要求；\n7.服从处内二次分配。"",""部门网站"":""无"",""咨询电话1"":""027-51163878"",""咨询电话2"":"""",""咨询电话3"":"""",""来源Sheet"":""中央国家行政机关省级以下直属机构""}}"
"government_jobs","国家公务员2026招考简章","公务员/事业单位技术岗位","湖北省","2026-07-28T09:12:58.310295+00:00","武汉铁路公安处基层所队民警","武汉铁路公安局","","湖北省","公务员/事业单位;2026;computer_software;cybersecurity_cryptography;electronics_communication;本科及以上;与最高学历相对应的学位;大学本科：0809计算机类； 研究生：0812计算机科学与技术、0835软件工程、0854电子信息;行政执法类","用人司局：武汉铁路公安局
职位简介：主要从事治安管理、网络安全管理和计算机维护等工作
专业要求：大学本科：0809计算机类； 研究生：0812计算机科学与技术、0835软件工程、0854电子信息
学历要求：本科及以上
学位要求：与最高学历相对应的学位
政治面貌：中共党员或共青团员
基层工作经历：无限制
考试类别：行政执法类
备注：1.咨询电话：027-51163878；
2.职位要求专业为职位要求最低学历及以上各学历阶段对应专业之一即可；
3.限2026届毕业生报考；
4.工作强度大、任务重，限男性；
5.按照招录人民警察要求开展体能测评；
6.符合公安部网站补充公告有关要求；
7.服从处内二次分配。","http://bm.scs.gov.cn/kl2026#109207-300130848012","2025-10-14","{""dataset_year"":2026,""job_uid"":""GOV-2026-109207-300130848012"",""publisher"":""国家公务员局"",""publication_page"":""http://bm.scs.gov.cn/kl2026"",""attachment_url"":""local://2026_guokao_zhaokaojianzhang.zip"",""local_source_file"":""中央机关及其直属机构2026年度考试录用公务员招考简章.xls"",""local_source_sha256"":""2670bae1df1dd07a3a3c79b9db46a11e3bb15a6c9c249e6af98bfd0b61ce3aaf"",""source_sheet"":""中央国家行政机关省级以下直属机构"",""filter_version"":""government_tech_v2"",""tech_filter"":{""is_tech"":true,""is_core_tech"":true,""scope"":""core"",""categories"":[""computer_software"",""cybersecurity_cryptography"",""electronics_communication""],""matched_fields"":[""major"",""description""],""major_terms"":[""电子信息"",""计算机科学与技术"",""计算机类"",""软件工程""],""role_terms"":[""网络安全"",""计算机""],""reason"":""tech_major_and_role""},""original"":{""部门代码"":""109207"",""部门名称"":""武汉铁路公安局"",""用人司局"":""武汉铁路公安局"",""机构性质"":""中央国家行政机关省级以下直属机构"",""招考职位"":""武汉铁路公安处基层所队民警"",""职位属性"":""公安机关人民警察职位"",""职位分布"":""其他职位"",""职位简介"":""主要从事治安管理、网络安全管理和计算机维护等工作"",""职位代码"":""300130848012"",""机构层级"":""市（地）级"",""考试类别"":""行政执法类"",""招考人数"":""2"",""专业"":""大学本科：0809计算机类； 研究生：0812计算机科学与技术、0835软件工程、0854电子信息"",""学历"":""本科及以上"",""学位"":""与最高学历相对应的学位"",""政治面貌"":""中共党员或共青团员"",""基层工作最低年限"":""无限制"",""服务基层项目工作经历"":""无限制"",""是否在面试阶段组织专业能力测试"":""否"",""面试人员比例"":""3:1"",""工作地点"":""湖北省"",""落户地点"":""湖北省孝感市云梦县"",""备注"":""1.咨询电话：027-51163878；\n2.职位要求专业为职位要求最低学历及以上各学历阶段对应专业之一即可；\n3.限2026届毕业生报考；\n4.工作强度大、任务重，限男性；\n5.按照招录人民警察要求开展体能测评；\n6.符合公安部网站补充公告有关要求；\n7.服从处内二次分配。"",""部门网站"":""无"",""咨询电话1"":""027-51163878"",""咨询电话2"":"""",""咨询电话3"":"""",""来源Sheet"":""中央国家行政机关省级以下直属机构""}}"
"government_jobs","国家公务员2026招考简章","公务员/事业单位技术岗位","湖南省怀化市","2026-07-28T09:12:58.310295+00:00","怀化铁路公安处基层所队民警","广州铁路公安局","","湖南省怀化市","公务员/事业单位;2026;computer_software;electronics_communication;本科及以上;与最高学历相对应的学位;大学本科：0809计算机类（计算机科学与技术、软件工程）、0802机械类； 研究生：0812计算机科学与技术、0854电子信息（计算类）、0855机械、0802机械工程;行政执法类","用人司局：广州铁路公安局
职位简介：主要从事基层所队执勤执法及信息化建设相关工作
专业要求：大学本科：0809计算机类（计算机科学与技术、软件工程）、0802机械类； 研究生：0812计算机科学与技术、0854电子信息（计算类）、0855机械、0802机械工程
学历要求：本科及以上
学位要求：与最高学历相对应的学位
政治面貌：中共党员或共青团员
基层工作经历：无限制
考试类别：行政执法类
备注：1.咨询电话：020-61323488；
2.职位要求专业为职位要求最低学历及以上各学历阶段对应专业之一即可；
3.限应届毕业生报考；
4.工作强度大、任务重，限男性；
5.按照招录人民警察要求开展体能测评；
6.符合公安部网站补充公告有关要求；
7.服从处内二次分配。","http://bm.scs.gov.cn/kl2026#109212-300130851003","2025-10-14","{""dataset_year"":2026,""job_uid"":""GOV-2026-109212-300130851003"",""publisher"":""国家公务员局"",""publication_page"":""http://bm.scs.gov.cn/kl2026"",""attachment_url"":""local://2026_guokao_zhaokaojianzhang.zip"",""local_source_file"":""中央机关及其直属机构2026年度考试录用公务员招考简章.xls"",""local_source_sha256"":""2670bae1df1dd07a3a3c79b9db46a11e3bb15a6c9c249e6af98bfd0b61ce3aaf"",""source_sheet"":""中央国家行政机关省级以下直属机构"",""filter_version"":""government_tech_v2"",""tech_filter"":{""is_tech"":true,""is_core_tech"":true,""scope"":""core"",""categories"":[""computer_software"",""electronics_communication""],""matched_fields"":[""major"",""description""],""major_terms"":[""电子信息"",""计算机科学与技术"",""计算机类"",""软件工程""],""role_terms"":[""信息化""],""reason"":""tech_major_and_role""},""original"":{""部门代码"":""109212"",""部门名称"":""广州铁路公安局"",""用人司局"":""广州铁路公安局"",""机构性质"":""中央国家行政机关省级以下直属机构"",""招考职位"":""怀化铁路公安处基层所队民警"",""职位属性"":""公安机关人民警察职位"",""职位分布"":""其他职位"",""职位简介"":""主要从事基层所队执勤执法及信息化建设相关工作"",""职位代码"":""300130851003"",""机构层级"":""市（地）级"",""考试类别"":""行政执法类"",""招考人数"":""4"",""专业"":""大学本科：0809计算机类（计算机科学与技术、软件工程）、0802机械类； 研究生：0812计算机科学与技术、0854电子信息（计算类）、0855机械、0802机械工程"",""学历"":""本科及以上"",""学位"":""与最高学历相对应的学位"",""政治面貌"":""中共党员或共青团员"",""基层工作最低年限"":""无限制"",""服务基层项目工作经历"":""无限制"",""是否在面试阶段组织专业能力测试"":""否"",""面试人员比例"":""3:1"",""工作地点"":""湖南省怀化市"",""落户地点"":""湖南省怀化市"",""备注"":""1.咨询电话：020-61323488；\n2.职位要求专业为职位要求最低学历及以上各学历阶段对应专业之一即可；\n3.限应届毕业生报考；\n4.工作强度大、任务重，限男性；\n5.按照招录人民警察要求开展体能测评；\n6.符合公安部网站补充公告有关要求；\n7.服从处内二次分配。"",""部门网站"":""无"",""咨询电话1"":""020-61323488"",""咨询电话2"":"""",""咨询电话3"":"""",""来源Sheet"":""中央国家行政机关省级以下直属机构""}}"
"government_jobs","国家公务员2026招考简章","公务员/事业单位技术岗位","湖南省永州市","2026-07-28T09:12:58.310295+00:00","衡阳铁路公安处基层所队民警","广州铁路公安局","","湖南省永州市","公务员/事业单位;2026;computer_software;cybersecurity_cryptography;electronics_communication;本科及以上;与最高学历相对应的学位;大学本科：0806电气类、0807电子信息类、0809计算机类（计算机科学与技术、网络空间安全）； 研究生：0812计算机科学与技术、0854电子信息（计算类）;行政执法类","用人司局：广州铁路公安局
职位简介：主要从事基层所队执勤执法及信息化建设相关工作
专业要求：大学本科：0806电气类、0807电子信息类、0809计算机类（计算机科学与技术、网络空间安全）； 研究生：0812计算机科学与技术、0854电子信息（计算类）
学历要求：本科及以上
学位要求：与最高学历相对应的学位
政治面貌：中共党员或共青团员
基层工作经历：无限制
考试类别：行政执法类
备注：1.咨询电话：020-61323488；
2.职位要求专业为职位要求最低学历及以上各学历阶段对应专业之一即可；
3.限应届毕业生报考；
4.工作强度大、任务重，限男性；
5.按照招录人民警察要求开展体能测评；
6.符合公安部网站补充公告有关要求；
7.服从处内二次分配。","http://bm.scs.gov.cn/kl2026#109212-300130851007","2025-10-14","{""dataset_year"":2026,""job_uid"":""GOV-2026-109212-300130851007"",""publisher"":""国家公务员局"",""publication_page"":""http://bm.scs.gov.cn/kl2026"",""attachment_url"":""local://2026_guokao_zhaokaojianzhang.zip"",""local_source_file"":""中央机关及其直属机构2026年度考试录用公务员招考简章.xls"",""local_source_sha256"":""2670bae1df1dd07a3a3c79b9db46a11e3bb15a6c9c249e6af98bfd0b61ce3aaf"",""source_sheet"":""中央国家行政机关省级以下直属机构"",""filter_version"":""government_tech_v2"",""tech_filter"":{""is_tech"":true,""is_core_tech"":true,""scope"":""core"",""categories"":[""computer_software"",""cybersecurity_cryptography"",""electronics_communication""],""matched_fields"":[""major"",""description""],""major_terms"":[""电子信息"",""电子信息类"",""网络空间安全"",""计算机科学与技术"",""计算机类""],""role_terms"":[""信息化""],""reason"":""tech_major_and_role""},""original"":{""部门代码"":""109212"",""部门名称"":""广州铁路公安局"",""用人司局"":""广州铁路公安局"",""机构性质"":""中央国家行政机关省级以下直属机构"",""招考职位"":""衡阳铁路公安处基层所队民警"",""职位属性"":""公安机关人民警察职位"",""职位分布"":""其他职位"",""职位简介"":""主要从事基层所队执勤执法及信息化建设相关工作"",""职位代码"":""300130851007"",""机构层级"":""市（地）级"",""考试类别"":""行政执法类"",""招考人数"":""2"",""专业"":""大学本科：0806电气类、0807电子信息类、0809计算机类（计算机科学与技术、网络空间安全）； 研究生：0812计算机科学与技术、0854电子信息（计算类）"",""学历"":""本科及以上"",""学位"":""与最高学历相对应的学位"",""政治面貌"":""中共党员或共青团员"",""基层工作最低年限"":""无限制"",""服务基层项目工作经历"":""无限制"",""是否在面试阶段组织专业能力测试"":""否"",""面试人员比例"":""3:1"",""工作地点"":""湖南省永州市"",""落户地点"":""湖南省衡阳市"",""备注"":""1.咨询电话：020-61323488；\n2.职位要求专业为职位要求最低学历及以上各学历阶段对应专业之一即可；\n3.限应届毕业生报考；\n4.工作强度大、任务重，限男性；\n5.按照招录人民警察要求开展体能测评；\n6.符合公安部网站补充公告有关要求；\n7.服从处内二次分配。"",""部门网站"":""无"",""咨询电话1"":""020-61323488"",""咨询电话2"":"""",""咨询电话3"":"""",""来源Sheet"":""中央国家行政机关省级以下直属机构""}}"
"government_jobs","国家公务员2026招考简章","公务员/事业单位技术岗位","广东省韶关市乐昌市","2026-07-28T09:12:58.310295+00:00","广州铁路公安处基层所队民警","广州铁路公安局","","广东省韶关市乐昌市","公务员/事业单位;2026;computer_software;electronics_communication;本科及以上;与最高学历相对应的学位;大学本科：0809计算机类（计算机科学与技术、软件工程）； 研究生：0812计算机科学与技术、0854电子信息（计算类）;行政执法类","用人司局：广州铁路公安局
职位简介：主要从事基层所队执勤执法及信息化建设相关工作
专业要求：大学本科：0809计算机类（计算机科学与技术、软件工程）； 研究生：0812计算机科学与技术、0854电子信息（计算类）
学历要求：本科及以上
学位要求：与最高学历相对应的学位
政治面貌：中共党员或共青团员
基层工作经历：无限制
考试类别：行政执法类
备注：1.咨询电话：020-61323488；
2.职位要求专业为职位要求最低学历及以上各学历阶段对应专业之一即可；
3.限2026届毕业生报考；
4.工作强度大、任务重，限男性；
5.按照招录人民警察要求开展体能测评；
6.符合公安部网站补充公告有关要求；
7.服从处内二次分配。","http://bm.scs.gov.cn/kl2026#109212-300130851014","2025-10-14","{""dataset_year"":2026,""job_uid"":""GOV-2026-109212-300130851014"",""publisher"":""国家公务员局"",""publication_page"":""http://bm.scs.gov.cn/kl2026"",""attachment_url"":""local://2026_guokao_zhaokaojianzhang.zip"",""local_source_file"":""中央机关及其直属机构2026年度考试录用公务员招考简章.xls"",""local_source_sha256"":""2670bae1df1dd07a3a3c79b9db46a11e3bb15a6c9c249e6af98bfd0b61ce3aaf"",""source_sheet"":""中央国家行政机关省级以下直属机构"",""filter_version"":""government_tech_v2"",""tech_filter"":{""is_tech"":true,""is_core_tech"":true,""scope"":""core"",""categories"":[""computer_software"",""electronics_communication""],""matched_fields"":[""major"",""description""],""major_terms"":[""电子信息"",""计算机科学与技术"",""计算机类"",""软件工程""],""role_terms"":[""信息化""],""reason"":""tech_major_and_role""},""original"":{""部门代码"":""109212"",""部门名称"":""广州铁路公安局"",""用人司局"":""广州铁路公安局"",""机构性质"":""中央国家行政机关省级以下直属机构"",""招考职位"":""广州铁路公安处基层所队民警"",""职位属性"":""公安机关人民警察职位"",""职位分布"":""其他职位"",""职位简介"":""主要从事基层所队执勤执法及信息化建设相关工作"",""职位代码"":""300130851014"",""机构层级"":""市（地）级"",""考试类别"":""行政执法类"",""招考人数"":""4"",""专业"":""大学本科：0809计算机类（计算机科学与技术、软件工程）； 研究生：0812计算机科学与技术、0854电子信息（计算类）"",""学历"":""本科及以上"",""学位"":""与最高学历相对应的学位"",""政治面貌"":""中共党员或共青团员"",""基层工作最低年限"":""无限制"",""服务基层项目工作经历"":""无限制"",""是否在面试阶段组织专业能力测试"":""否"",""面试人员比例"":""3:1"",""工作地点"":""广东省韶关市乐昌市"",""落户地点"":""广东省广州市"",""备注"":""1.咨询电话：020-61323488；\n2.职位要求专业为职位要求最低学历及以上各学历阶段对应专业之一即可；\n3.限2026届毕业生报考；\n4.工作强度大、任务重，限男性；\n5.按照招录人民警察要求开展体能测评；\n6.符合公安部网站补充公告有关要求；\n7.服从处内二次分配。"",""部门网站"":""无"",""咨询电话1"":""020-61323488"",""咨询电话2"":"""",""咨询电话3"":"""",""来源Sheet"":""中央国家行政机关省级以下直属机构""}}"
"government_jobs","国家公务员2026招考简章","公务员/事业单位技术岗位","广东省深圳市","2026-07-28T09:12:58.310295+00:00","深圳铁路公安处基层所队民警","广州铁路公安局","","广东省深圳市","公务员/事业单位;2026;computer_software;electronics_communication;本科及以上;与最高学历相对应的学位;大学本科：0809计算机类（计算机科学与技术、软件工程）、1009法医学类（法医学）； 研究生：0812计算机科学与技术、0854电子信息（计算类）;行政执法类","用人司局：广州铁路公安局
职位简介：主要从事基层所队执勤执法及信息化建设相关工作
专业要求：大学本科：0809计算机类（计算机科学与技术、软件工程）、1009法医学类（法医学）； 研究生：0812计算机科学与技术、0854电子信息（计算类）
学历要求：本科及以上
学位要求：与最高学历相对应的学位
政治面貌：中共党员或共青团员
基层工作经历：无限制
考试类别：行政执法类
备注：1.咨询电话：020-61323488；
2.职位要求专业为职位要求最低学历及以上各学历阶段对应专业之一即可；
3.限应届毕业生报考；
4.工作强度大、任务重，限男性；
5.按照招录人民警察要求开展体能测评；
6.符合公安部网站补充公告有关要求；
7.服从处内二次分配。","http://bm.scs.gov.cn/kl2026#109212-300130851020","2025-10-14","{""dataset_year"":2026,""job_uid"":""GOV-2026-109212-300130851020"",""publisher"":""国家公务员局"",""publication_page"":""http://bm.scs.gov.cn/kl2026"",""attachment_url"":""local://2026_guokao_zhaokaojianzhang.zip"",""local_source_file"":""中央机关及其直属机构2026年度考试录用公务员招考简章.xls"",""local_source_sha256"":""2670bae1df1dd07a3a3c79b9db46a11e3bb15a6c9c249e6af98bfd0b61ce3aaf"",""source_sheet"":""中央国家行政机关省级以下直属机构"",""filter_version"":""government_tech_v2"",""tech_filter"":{""is_tech"":true,""is_core_tech"":true,""scope"":""core"",""categories"":[""computer_software"",""electronics_communication""],""matched_fields"":[""major"",""description""],""major_terms"":[""电子信息"",""计算机科学与技术"",""计算机类"",""软件工程""],""role_terms"":[""信息化""],""reason"":""tech_major_and_role""},""original"":{""部门代码"":""109212"",""部门名称"":""广州铁路公安局"",""用人司局"":""广州铁路公安局"",""机构性质"":""中央国家行政机关省级以下直属机构"",""招考职位"":""深圳铁路公安处基层所队民警"",""职位属性"":""公安机关人民警察职位"",""职位分布"":""其他职位"",""职位简介"":""主要从事基层所队执勤执法及信息化建设相关工作"",""职位代码"":""300130851020"",""机构层级"":""市（地）级"",""考试类别"":""行政执法类"",""招考人数"":""2"",""专业"":""大学本科：0809计算机类（计算机科学与技术、软件工程）、1009法医学类（法医学）； 研究生：0812计算机科学与技术、0854电子信息（计算类）"",""学历"":""本科及以上"",""学位"":""与最高学历相对应的学位"",""政治面貌"":""中共党员或共青团员"",""基层工作最低年限"":""无限制"",""服务基层项目工作经历"":""无限制"",""是否在面试阶段组织专业能力测试"":""否"",""面试人员比例"":""3:1"",""工作地点"":""广东省深圳市"",""落户地点"":""广东省深圳市"",""备注"":""1.咨询电话：020-61323488；\n2.职位要求专业为职位要求最低学历及以上各学历阶段对应专业之一即可；\n3.限应届毕业生报考；\n4.工作强度大、任务重，限男性；\n5.按照招录人民警察要求开展体能测评；\n6.符合公安部网站补充公告有关要求；\n7.服从处内二次分配。"",""部门网站"":""无"",""咨询电话1"":""020-61323488"",""咨询电话2"":"""",""咨询电话3"":"""",""来源Sheet"":""中央国家行政机关省级以下直属机构""}}"
"government_jobs","国家公务员2026招考简章","公务员/事业单位技术岗位","四川省","2026-07-28T09:12:58.310295+00:00","成都铁路公安处基层所队民警","成都铁路公安局","","四川省","公务员/事业单位;2026;computer_software;cybersecurity_cryptography;electronics_communication;本科及以上;与最高学历相对应的学位;大学本科：0809计算机类； 研究生：0812计算机科学与技术、0854电子信息（计算机类）;行政执法类","用人司局：成都铁路公安局
职位简介：主要从事线路治安管理、网络安全管理等工作
专业要求：大学本科：0809计算机类； 研究生：0812计算机科学与技术、0854电子信息（计算机类）
学历要求：本科及以上
学位要求：与最高学历相对应的学位
政治面貌：中共党员或共青团员
基层工作经历：无限制
考试类别：行政执法类
备注：1.咨询电话：028-86434928；
2.职位要求专业为职位要求最低学历及以上各学历阶段对应专业之一即可；
3.限应届毕业生报考，限四川省生源；
4.工作强度大、任务重，限男性；
5.按照招录人民警察要求开展体能测评；
6.符合公安部网站补充公告有关要求；
7.服从处内二次分配。","http://bm.scs.gov.cn/kl2026#109214-300130853004","2025-10-14","{""dataset_year"":2026,""job_uid"":""GOV-2026-109214-300130853004"",""publisher"":""国家公务员局"",""publication_page"":""http://bm.scs.gov.cn/kl2026"",""attachment_url"":""local://2026_guokao_zhaokaojianzhang.zip"",""local_source_file"":""中央机关及其直属机构2026年度考试录用公务员招考简章.xls"",""local_source_sha256"":""2670bae1df1dd07a3a3c79b9db46a11e3bb15a6c9c249e6af98bfd0b61ce3aaf"",""source_sheet"":""中央国家行政机关省级以下直属机构"",""filter_version"":""government_tech_v2"",""tech_filter"":{""is_tech"":true,""is_core_tech"":true,""scope"":""core"",""categories"":[""computer_software"",""cybersecurity_cryptography"",""electronics_communication""],""matched_fields"":[""major"",""description""],""major_terms"":[""电子信息"",""计算机科学与技术"",""计算机类""],""role_terms"":[""网络安全""],""reason"":""tech_major_and_role""},""original"":{""部门代码"":""109214"",""部门名称"":""成都铁路公安局"",""用人司局"":""成都铁路公安局"",""机构性质"":""中央国家行政机关省级以下直属机构"",""招考职位"":""成都铁路公安处基层所队民警"",""职位属性"":""公安机关人民警察职位"",""职位分布"":""西部地区和艰苦边远地区职位"",""职位简介"":""主要从事线路治安管理、网络安全管理等工作"",""职位代码"":""300130853004"",""机构层级"":""市（地）级"",""考试类别"":""行政执法类"",""招考人数"":""5"",""专业"":""大学本科：0809计算机类； 研究生：0812计算机科学与技术、0854电子信息（计算机类）"",""学历"":""本科及以上"",""学位"":""与最高学历相对应的学位"",""政治面貌"":""中共党员或共青团员"",""基层工作最低年限"":""无限制"",""服务基层项目工作经历"":""无限制"",""是否在面试阶段组织专业能力测试"":""否"",""面试人员比例"":""3:1"",""工作地点"":""四川省"",""落户地点"":""四川省成都市"",""备注"":""1.咨询电话：028-86434928；\n2.职位要求专业为职位要求最低学历及以上各学历阶段对应专业之一即可；\n3.限应届毕业生报考，限四川省生源；\n4.工作强度大、任务重，限男性；\n5.按照招录人民警察要求开展体能测评；\n6.符合公安部网站补充公告有关要求；\n7.服从处内二次分配。"",""部门网站"":""http://weibo.com/xinantiejing"",""咨询电话1"":""028-86434928"",""咨询电话2"":"""",""咨询电话3"":"""",""来源Sheet"":""中央国家行政机关省级以下直属机构""}}"
"government_jobs","国家公务员2026招考简章","公务员/事业单位技术岗位","四川省","2026-07-28T09:12:58.310295+00:00","西昌铁路公安处基层所队民警","成都铁路公安局","","四川省","公务员/事业单位;2026;computer_software;electronics_communication;本科及以上;与最高学历相对应的学位;大学本科：0809计算机类； 研究生：0812计算机科学与技术、0854电子信息（计算机类）;行政执法类","用人司局：成都铁路公安局
职位简介：主要从事车站治安管理、系统开发和计算机维护等工作
专业要求：大学本科：0809计算机类； 研究生：0812计算机科学与技术、0854电子信息（计算机类）
学历要求：本科及以上
学位要求：与最高学历相对应的学位
政治面貌：中共党员或共青团员
基层工作经历：无限制
考试类别：行政执法类
备注：1.咨询电话：028-86434928；
2.职位要求专业为职位要求最低学历及以上各学历阶段对应专业之一即可；
3.限应届毕业生报考；
4.工作强度大、任务重，限男性；
5.按照招录人民警察要求开展体能测评；
6.符合公安部网站补充公告有关要求；
7.服从处内二次分配。","http://bm.scs.gov.cn/kl2026#109214-300130853045","2025-10-14","{""dataset_year"":2026,""job_uid"":""GOV-2026-109214-300130853045"",""publisher"":""国家公务员局"",""publication_page"":""http://bm.scs.gov.cn/kl2026"",""attachment_url"":""local://2026_guokao_zhaokaojianzhang.zip"",""local_source_file"":""中央机关及其直属机构2026年度考试录用公务员招考简章.xls"",""local_source_sha256"":""2670bae1df1dd07a3a3c79b9db46a11e3bb15a6c9c249e6af98bfd0b61ce3aaf"",""source_sheet"":""中央国家行政机关省级以下直属机构"",""filter_version"":""government_tech_v2"",""tech_filter"":{""is_tech"":true,""is_core_tech"":true,""scope"":""core"",""categories"":[""computer_software"",""electronics_communication""],""matched_fields"":[""major"",""description""],""major_terms"":[""电子信息"",""计算机科学与技术"",""计算机类""],""role_terms"":[""系统开发"",""计算机""],""reason"":""tech_major_and_role""},""original"":{""部门代码"":""109214"",""部门名称"":""成都铁路公安局"",""用人司局"":""成都铁路公安局"",""机构性质"":""中央国家行政机关省级以下直属机构"",""招考职位"":""西昌铁路公安处基层所队民警"",""职位属性"":""公安机关人民警察职位"",""职位分布"":""西部地区和艰苦边远地区职位"",""职位简介"":""主要从事车站治安管理、系统开发和计算机维护等工作"",""职位代码"":""300130853045"",""机构层级"":""市（地）级"",""考试类别"":""行政执法类"",""招考人数"":""7"",""专业"":""大学本科：0809计算机类； 研究生：0812计算机科学与技术、0854电子信息（计算机类）"",""学历"":""本科及以上"",""学位"":""与最高学历相对应的学位"",""政治面貌"":""中共党员或共青团员"",""基层工作最低年限"":""无限制"",""服务基层项目工作经历"":""无限制"",""是否在面试阶段组织专业能力测试"":""否"",""面试人员比例"":""3:1"",""工作地点"":""四川省"",""落户地点"":""四川省成都市"",""备注"":""1.咨询电话：028-86434928；\n2.职位要求专业为职位要求最低学历及以上各学历阶段对应专业之一即可；\n3.限应届毕业生报考；\n4.工作强度大、任务重，限男性；\n5.按照招录人民警察要求开展体能测评；\n6.符合公安部网站补充公告有关要求；\n7.服从处内二次分配。"",""部门网站"":""http://weibo.com/xinantiejing"",""咨询电话1"":""028-86434928"",""咨询电话2"":"""",""咨询电话3"":"""",""来源Sheet"":""中央国家行政机关省级以下直属机构""}}"
"government_jobs","国家公务员2026招考简章","公务员/事业单位技术岗位","青海省海西蒙古族藏族自治州格尔木市","2026-07-28T09:12:58.310295+00:00","格尔木铁路公安处基层所队民警","青藏铁路公安局","","青海省海西蒙古族藏族自治州格尔木市","公务员/事业单位;2026;cybersecurity_cryptography;electronics_communication;本科及以上;与最高学历相对应的学位;大学本科：0807电子信息类； 研究生：0854电子信息（电子信息、新一代电子信息技术）、0809电子科学与技术;行政执法类","用人司局：青藏铁路公安局
职位简介：主要从事基层所队执勤执法及网络安全管理等工作
专业要求：大学本科：0807电子信息类； 研究生：0854电子信息（电子信息、新一代电子信息技术）、0809电子科学与技术
学历要求：本科及以上
学位要求：与最高学历相对应的学位
政治面貌：中共党员或共青团员
基层工作经历：无限制
考试类别：行政执法类
备注：1.咨询电话：0971-7165013；
2.职位要求专业为职位要求最低学历及以上各学历阶段对应专业之一即可；
3.限应届毕业生报考；
4.工作强度大、任务重，限男性；
5.按照招录人民警察要求开展体能测评；
6.符合公安部网站补充公告有关要求；
7.服从处内二次分配。","http://bm.scs.gov.cn/kl2026#109218-300130858004","2025-10-14","{""dataset_year"":2026,""job_uid"":""GOV-2026-109218-300130858004"",""publisher"":""国家公务员局"",""publication_page"":""http://bm.scs.gov.cn/kl2026"",""attachment_url"":""local://2026_guokao_zhaokaojianzhang.zip"",""local_source_file"":""中央机关及其直属机构2026年度考试录用公务员招考简章.xls"",""local_source_sha256"":""2670bae1df1dd07a3a3c79b9db46a11e3bb15a6c9c249e6af98bfd0b61ce3aaf"",""source_sheet"":""中央国家行政机关省级以下直属机构"",""filter_version"":""government_tech_v2"",""tech_filter"":{""is_tech"":true,""is_core_tech"":true,""scope"":""core"",""categories"":[""cybersecurity_cryptography"",""electronics_communication""],""matched_fields"":[""major"",""description""],""major_terms"":[""电子信息"",""电子信息类"",""电子科学与技术""],""role_terms"":[""网络安全""],""reason"":""tech_major_and_role""},""original"":{""部门代码"":""109218"",""部门名称"":""青藏铁路公安局"",""用人司局"":""青藏铁路公安局"",""机构性质"":""中央国家行政机关省级以下直属机构"",""招考职位"":""格尔木铁路公安处基层所队民警"",""职位属性"":""公安机关人民警察职位"",""职位分布"":""西部地区和艰苦边远地区职位"",""职位简介"":""主要从事基层所队执勤执法及网络安全管理等工作"",""职位代码"":""300130858004"",""机构层级"":""市（地）级"",""考试类别"":""行政执法类"",""招考人数"":""1"",""专业"":""大学本科：0807电子信息类； 研究生：0854电子信息（电子信息、新一代电子信息技术）、0809电子科学与技术"",""学历"":""本科及以上"",""学位"":""与最高学历相对应的学位"",""政治面貌"":""中共党员或共青团员"",""基层工作最低年限"":""无限制"",""服务基层项目工作经历"":""无限制"",""是否在面试阶段组织专业能力测试"":""否"",""面试人员比例"":""3:1"",""工作地点"":""青海省海西蒙古族藏族自治州格尔木市"",""落户地点"":""青海省海西蒙古族藏族自治州格尔木市"",""备注"":""1.咨询电话：0971-7165013；\n2.职位要求专业为职位要求最低学历及以上各学历阶段对应专业之一即可；\n3.限应届毕业生报考；\n4.工作强度大、任务重，限男性；\n5.按照招录人民警察要求开展体能测评；\n6.符合公安部网站补充公告有关要求；\n7.服从处内二次分配。"",""部门网站"":""无"",""咨询电话1"":""0971-7165013"",""咨询电话2"":"""",""咨询电话3"":"""",""来源Sheet"":""中央国家行政机关省级以下直属机构""}}"
"government_jobs","国家公务员2026招考简章","公务员/事业单位技术岗位","青海省海西蒙古族藏族自治州格尔木市","2026-07-28T09:12:58.310295+00:00","格尔木铁路公安处基层所队民警","青藏铁路公安局","","青海省海西蒙古族藏族自治州格尔木市","公务员/事业单位;2026;computer_software;cybersecurity_cryptography;electronics_communication;本科及以上;与最高学历相对应的学位;大学本科：0809计算机类； 研究生：0812计算机科学与技术、0854电子信息（计算机类）;行政执法类","用人司局：青藏铁路公安局
职位简介：主要从事基层所队执勤执法及网络安全管理等工作
专业要求：大学本科：0809计算机类； 研究生：0812计算机科学与技术、0854电子信息（计算机类）
学历要求：本科及以上
学位要求：与最高学历相对应的学位
政治面貌：中共党员或共青团员
基层工作经历：无限制
考试类别：行政执法类
备注：1.咨询电话：0971-7165013；
2.职位要求专业为职位要求最低学历及以上各学历阶段对应专业之一即可；
3.限应届毕业生报考；
4.工作强度大、任务重，限男性；
5.按照招录人民警察要求开展体能测评；
6.符合公安部网站补充公告有关要求；
7.服从处内二次分配。","http://bm.scs.gov.cn/kl2026#109218-300130858005","2025-10-14","{""dataset_year"":2026,""job_uid"":""GOV-2026-109218-300130858005"",""publisher"":""国家公务员局"",""publication_page"":""http://bm.scs.gov.cn/kl2026"",""attachment_url"":""local://2026_guokao_zhaokaojianzhang.zip"",""local_source_file"":""中央机关及其直属机构2026年度考试录用公务员招考简章.xls"",""local_source_sha256"":""2670bae1df1dd07a3a3c79b9db46a11e3bb15a6c9c249e6af98bfd0b61ce3aaf"",""source_sheet"":""中央国家行政机关省级以下直属机构"",""filter_version"":""government_tech_v2"",""tech_filter"":{""is_tech"":true,""is_core_tech"":true,""scope"":""core"",""categories"":[""computer_software"",""cybersecurity_cryptography"",""electronics_communication""],""matched_fields"":[""major"",""description""],""major_terms"":[""电子信息"",""计算机科学与技术"",""计算机类""],""role_terms"":[""网络安全""],""reason"":""tech_major_and_role""},""original"":{""部门代码"":""109218"",""部门名称"":""青藏铁路公安局"",""用人司局"":""青藏铁路公安局"",""机构性质"":""中央国家行政机关省级以下直属机构"",""招考职位"":""格尔木铁路公安处基层所队民警"",""职位属性"":""公安机关人民警察职位"",""职位分布"":""西部地区和艰苦边远地区职位"",""职位简介"":""主要从事基层所队执勤执法及网络安全管理等工作"",""职位代码"":""300130858005"",""机构层级"":""市（地）级"",""考试类别"":""行政执法类"",""招考人数"":""1"",""专业"":""大学本科：0809计算机类； 研究生：0812计算机科学与技术、0854电子信息（计算机类）"",""学历"":""本科及以上"",""学位"":""与最高学历相对应的学位"",""政治面貌"":""中共党员或共青团员"",""基层工作最低年限"":""无限制"",""服务基层项目工作经历"":""无限制"",""是否在面试阶段组织专业能力测试"":""否"",""面试人员比例"":""3:1"",""工作地点"":""青海省海西蒙古族藏族自治州格尔木市"",""落户地点"":""青海省海西蒙古族藏族自治州格尔木市"",""备注"":""1.咨询电话：0971-7165013；\n2.职位要求专业为职位要求最低学历及以上各学历阶段对应专业之一即可；\n3.限应届毕业生报考；\n4.工作强度大、任务重，限男性；\n5.按照招录人民警察要求开展体能测评；\n6.符合公安部网站补充公告有关要求；\n7.服从处内二次分配。"",""部门网站"":""无"",""咨询电话1"":""0971-7165013"",""咨询电话2"":"""",""咨询电话3"":"""",""来源Sheet"":""中央国家行政机关省级以下直属机构""}}"
"government_jobs","国家公务员2026招考简章","公务员/事业单位技术岗位","四川省德阳市广汉市","2026-07-28T09:12:58.310295+00:00","办公室（指挥中心、法制办公室、政治处）一级警长及以下","中国民用航空飞行学院公安局","","四川省德阳市广汉市","公务员/事业单位;2026;computer_software;cybersecurity_cryptography;electronics_communication;仅限硕士研究生;硕士;0809电子科学与技术、0812计算机科学与技术、0835软件工程、0839网络空间安全;行政执法类","用人司局：中国民用航空飞行学院公安局
职位简介：主要从事网络与信息系统的安全管理工作
专业要求：0809电子科学与技术、0812计算机科学与技术、0835软件工程、0839网络空间安全
学历要求：仅限硕士研究生
学位要求：硕士
政治面貌：中共党员或共青团员
基层工作经历：无限制
考试类别：行政执法类
备注：1.咨询电话：010-64091767。2.职位要求专业为报考者最高学历对应专业。3.招考对象为2026届高校毕业生。4.工作强度大、任务重，限男性。5.大学英语六级考试成绩达到425分及以上。6.按照招录人民警察要求开展体能测评。7.符合公安部网站补充公告有关要求。","http://bm.scs.gov.cn/kl2026#109310-300130001001","2025-10-14","{""dataset_year"":2026,""job_uid"":""GOV-2026-109310-300130001001"",""publisher"":""国家公务员局"",""publication_page"":""http://bm.scs.gov.cn/kl2026"",""attachment_url"":""local://2026_guokao_zhaokaojianzhang.zip"",""local_source_file"":""中央机关及其直属机构2026年度考试录用公务员招考简章.xls"",""local_source_sha256"":""2670bae1df1dd07a3a3c79b9db46a11e3bb15a6c9c249e6af98bfd0b61ce3aaf"",""source_sheet"":""中央国家行政机关省级以下直属机构"",""filter_version"":""government_tech_v2"",""tech_filter"":{""is_tech"":true,""is_core_tech"":true,""scope"":""core"",""categories"":[""computer_software"",""cybersecurity_cryptography"",""electronics_communication""],""matched_fields"":[""major"",""description""],""major_terms"":[""电子科学与技术"",""网络空间安全"",""计算机科学与技术"",""软件工程""],""role_terms"":[""信息系统""],""reason"":""tech_major_and_role""},""original"":{""部门代码"":""109310"",""部门名称"":""中国民用航空飞行学院公安局"",""用人司局"":""中国民用航空飞行学院公安局"",""机构性质"":""中央国家行政机关省级以下直属机构"",""招考职位"":""办公室（指挥中心、法制办公室、政治处）一级警长及以下"",""职位属性"":""公安机关人民警察职位"",""职位分布"":""其他职位"",""职位简介"":""主要从事网络与信息系统的安全管理工作"",""职位代码"":""300130001001"",""机构层级"":""市（地）级"",""考试类别"":""行政执法类"",""招考人数"":""1"",""专业"":""0809电子科学与技术、0812计算机科学与技术、0835软件工程、0839网络空间安全"",""学历"":""仅限硕士研究生"",""学位"":""硕士"",""政治面貌"":""中共党员或共青团员"",""基层工作最低年限"":""无限制"",""服务基层项目工作经历"":""无限制"",""是否在面试阶段组织专业能力测试"":""否"",""面试人员比例"":""3:1"",""工作地点"":""四川省德阳市广汉市"",""落户地点"":""四川省德阳市广汉市"",""备注"":""1.咨询电话：010-64091767。2.职位要求专业为报考者最高学历对应专业。3.招考对象为2026届高校毕业生。4.工作强度大、任务重，限男性。5.大学英语六级考试成绩达到425分及以上。6.按照招录人民警察要求开展体能测评。7.符合公安部网站补充公告有关要求。"",""部门网站"":""https://www.mps.gov.cn/"",""咨询电话1"":""010-64091767"",""咨询电话2"":""13683124430"",""咨询电话3"":"""",""来源Sheet"":""中央国家行政机关省级以下直属机构""}}"
"government_jobs","国家公务员2026招考简章","公务员/事业单位技术岗位","内蒙古自治区呼伦贝尔市","2026-07-28T09:12:58.310295+00:00","海拉尔海关缉私分局一级警长及以下","满洲里海关缉私局","","内蒙古自治区呼伦贝尔市","公务员/事业单位;2026;computer_software;electronics_communication;本科及以上;与最高学历相对应的学位;大学本科：0809计算机类； 研究生：0812计算机科学与技术、0854电子信息;行政执法类","用人司局：满洲里海关缉私局
职位简介：主要从事计算机及系统运维
专业要求：大学本科：0809计算机类； 研究生：0812计算机科学与技术、0854电子信息
学历要求：本科及以上
学位要求：与最高学历相对应的学位
政治面貌：中共党员或共青团员
基层工作经历：无限制
考试类别：行政执法类
备注：1.咨询电话：0470-2299520；
2.职位要求专业为职位要求最低学历及以上各学历阶段对应专业之一即可；
3.招考对象为2026届高校毕业生；
4.工作强度大、任务重，限男性；
5.按照招录人民警察要求开展体能测评；
6.符合公安部网站补充公告有关要求；
7.大学英语四级425分及以上；
8.基层一线执法岗位，服从二次分配；
9.最低服务期5年（含试用期）。","http://bm.scs.gov.cn/kl2026#109407-300130001002","2025-10-14","{""dataset_year"":2026,""job_uid"":""GOV-2026-109407-300130001002"",""publisher"":""国家公务员局"",""publication_page"":""http://bm.scs.gov.cn/kl2026"",""attachment_url"":""local://2026_guokao_zhaokaojianzhang.zip"",""local_source_file"":""中央机关及其直属机构2026年度考试录用公务员招考简章.xls"",""local_source_sha256"":""2670bae1df1dd07a3a3c79b9db46a11e3bb15a6c9c249e6af98bfd0b61ce3aaf"",""source_sheet"":""中央国家行政机关省级以下直属机构"",""filter_version"":""government_tech_v2"",""tech_filter"":{""is_tech"":true,""is_core_tech"":true,""scope"":""core"",""categories"":[""computer_software"",""electronics_communication""],""matched_fields"":[""major"",""description""],""major_terms"":[""电子信息"",""计算机科学与技术"",""计算机类""],""role_terms"":[""系统运维"",""计算机""],""reason"":""tech_major_and_role""},""original"":{""部门代码"":""109407"",""部门名称"":""满洲里海关缉私局"",""用人司局"":""满洲里海关缉私局"",""机构性质"":""中央国家行政机关省级以下直属机构"",""招考职位"":""海拉尔海关缉私分局一级警长及以下"",""职位属性"":""公安机关人民警察职位"",""职位分布"":""西部地区和艰苦边远地区职位"",""职位简介"":""主要从事计算机及系统运维"",""职位代码"":""300130001002"",""机构层级"":""县（区）级及以下"",""考试类别"":""行政执法类"",""招考人数"":""1"",""专业"":""大学本科：0809计算机类； 研究生：0812计算机科学与技术、0854电子信息"",""学历"":""本科及以上"",""学位"":""与最高学历相对应的学位"",""政治面貌"":""中共党员或共青团员"",""基层工作最低年限"":""无限制"",""服务基层项目工作经历"":""无限制"",""是否在面试阶段组织专业能力测试"":""否"",""面试人员比例"":""3:1"",""工作地点"":""内蒙古自治区呼伦贝尔市"",""落户地点"":""内蒙古自治区呼伦贝尔市"",""备注"":""1.咨询电话：0470-2299520；\n2.职位要求专业为职位要求最低学历及以上各学历阶段对应专业之一即可；\n3.招考对象为2026届高校毕业生；\n4.工作强度大、任务重，限男性；\n5.按照招录人民警察要求开展体能测评；\n6.符合公安部网站补充公告有关要求；\n7.大学英语四级425分及以上；\n8.基层一线执法岗位，服从二次分配；\n9.最低服务期5年（含试用期）。"",""部门网站"":""http://manzhouli.customs.gov.cn/"",""咨询电话1"":""0470-2299520"",""咨询电话2"":""0470-2299515"",""咨询电话3"":""0470-2299517"",""来源Sheet"":""中央国家行政机关省级以下直属机构""}}"
"government_jobs","国家公务员2026招考简章","公务员/事业单位技术岗位","辽宁省营口市","2026-07-28T09:12:58.310295+00:00","营口海关缉私分局一级警长及以下","大连海关缉私局","","辽宁省营口市","公务员/事业单位;2026;computer_software;data_ai;electronics_communication;本科及以上;与最高学历相对应的学位;大学本科：0809计算机类（数据科学和大数据技术、电子与计算机工程、空间信息与数字技术）；研究生：0812计算机科学与技术、0854电子信息（计算机技术、大数据技术与工程）;行政执法类","用人司局：大连海关缉私局
职位简介：主要从事缉私侦查、大数据建模等工作
专业要求：大学本科：0809计算机类（数据科学和大数据技术、电子与计算机工程、空间信息与数字技术）；研究生：0812计算机科学与技术、0854电子信息（计算机技术、大数据技术与工程）
学历要求：本科及以上
学位要求：与最高学历相对应的学位
政治面貌：中共党员或共青团员
基层工作经历：无限制
考试类别：行政执法类
备注：1.咨询电话：0411-87953479；
2.职位要求专业为职位要求最低学历及以上各学历阶段对应专业之一即可；
3.招考对象为2026届高校毕业生；
4.工作强度大、任务重，限男性；
5.按照招录人民警察要求开展体能测评；
6.符合公安部网站补充公告有关要求；
7.大学英语四级425分及以上；
8.基层一线执法岗位，服从二次分配；
9.最低服务期5年（含试用期）。","http://bm.scs.gov.cn/kl2026#109408-300130009003","2025-10-14","{""dataset_year"":2026,""job_uid"":""GOV-2026-109408-300130009003"",""publisher"":""国家公务员局"",""publication_page"":""http://bm.scs.gov.cn/kl2026"",""attachment_url"":""local://2026_guokao_zhaokaojianzhang.zip"",""local_source_file"":""中央机关及其直属机构2026年度考试录用公务员招考简章.xls"",""local_source_sha256"":""2670bae1df1dd07a3a3c79b9db46a11e3bb15a6c9c249e6af98bfd0b61ce3aaf"",""source_sheet"":""中央国家行政机关省级以下直属机构"",""filter_version"":""government_tech_v2"",""tech_filter"":{""is_tech"":true,""is_core_tech"":true,""scope"":""core"",""categories"":[""computer_software"",""data_ai"",""electronics_communication""],""matched_fields"":[""major"",""description""],""major_terms"":[""大数据"",""数据科学"",""电子信息"",""空间信息与数字技术"",""计算机"",""计算机技术"",""计算机科学与技术"",""计算机类""],""role_terms"":[""大数据"",""数据建模""],""reason"":""tech_major_and_role""},""original"":{""部门代码"":""109408"",""部门名称"":""大连海关缉私局"",""用人司局"":""大连海关缉私局"",""机构性质"":""中央国家行政机关省级以下直属机构"",""招考职位"":""营口海关缉私分局一级警长及以下"",""职位属性"":""公安机关人民警察职位"",""职位分布"":""其他职位"",""职位简介"":""主要从事缉私侦查、大数据建模等工作"",""职位代码"":""300130009003"",""机构层级"":""县（区）级及以下"",""考试类别"":""行政执法类"",""招考人数"":""1"",""专业"":""大学本科：0809计算机类（数据科学和大数据技术、电子与计算机工程、空间信息与数字技术）；研究生：0812计算机科学与技术、0854电子信息（计算机技术、大数据技术与工程）"",""学历"":""本科及以上"",""学位"":""与最高学历相对应的学位"",""政治面貌"":""中共党员或共青团员"",""基层工作最低年限"":""无限制"",""服务基层项目工作经历"":""无限制"",""是否在面试阶段组织专业能力测试"":""否"",""面试人员比例"":""3:1"",""工作地点"":""辽宁省营口市"",""落户地点"":""辽宁省营口市"",""备注"":""1.咨询电话：0411-87953479；\n2.职位要求专业为职位要求最低学历及以上各学历阶段对应专业之一即可；\n3.招考对象为2026届高校毕业生；\n4.工作强度大、任务重，限男性；\n5.按照招录人民警察要求开展体能测评；\n6.符合公安部网站补充公告有关要求；\n7.大学英语四级425分及以上；\n8.基层一线执法岗位，服从二次分配；\n9.最低服务期5年（含试用期）。"",""部门网站"":""无"",""咨询电话1"":""0411-87953479"",""咨询电话2"":"""",""咨询电话3"":"""",""来源Sheet"":""中央国家行政机关省级以下直属机构""}}"
"government_jobs","国家公务员2026招考简章","公务员/事业单位技术岗位","吉林省白山市长白朝鲜族自治县","2026-07-28T09:12:58.310295+00:00","长白海关缉私分局一级警长及以下","长春海关缉私局","","吉林省白山市长白朝鲜族自治县","公务员/事业单位;2026;automation_robotics;computer_software;仅限本科;学士;0809计算机类（计算机科学与技术、新媒体技术）;行政执法类","用人司局：长春海关缉私局
职位简介：主要从事办公自动化、技术保障等工作
专业要求：0809计算机类（计算机科学与技术、新媒体技术）
学历要求：仅限本科
学位要求：学士
政治面貌：中共党员或共青团员
基层工作经历：二年
考试类别：行政执法类
备注：1.咨询电话：0431-84601521；
2.工作强度大、任务重，限男性；
3.按照招录人民警察要求开展体能测评；
4.符合公安部网站补充公告有关要求；
5.大学英语四级425分及以上；
6.最低服务期5年（含试用期）。","http://bm.scs.gov.cn/kl2026#109410-300130003002","2025-10-14","{""dataset_year"":2026,""job_uid"":""GOV-2026-109410-300130003002"",""publisher"":""国家公务员局"",""publication_page"":""http://bm.scs.gov.cn/kl2026"",""attachment_url"":""local://2026_guokao_zhaokaojianzhang.zip"",""local_source_file"":""中央机关及其直属机构2026年度考试录用公务员招考简章.xls"",""local_source_sha256"":""2670bae1df1dd07a3a3c79b9db46a11e3bb15a6c9c249e6af98bfd0b61ce3aaf"",""source_sheet"":""中央国家行政机关省级以下直属机构"",""filter_version"":""government_tech_v2"",""tech_filter"":{""is_tech"":true,""is_core_tech"":true,""scope"":""core"",""categories"":[""automation_robotics"",""computer_software""],""matched_fields"":[""major"",""description""],""major_terms"":[""计算机科学与技术"",""计算机类""],""role_terms"":[""自动化""],""reason"":""tech_major_and_role""},""original"":{""部门代码"":""109410"",""部门名称"":""长春海关缉私局"",""用人司局"":""长春海关缉私局"",""机构性质"":""中央国家行政机关省级以下直属机构"",""招考职位"":""长白海关缉私分局一级警长及以下"",""职位属性"":""公安机关人民警察职位"",""职位分布"":""西部地区和艰苦边远地区职位"",""职位简介"":""主要从事办公自动化、技术保障等工作"",""职位代码"":""300130003002"",""机构层级"":""县（区）级及以下"",""考试类别"":""行政执法类"",""招考人数"":""1"",""专业"":""0809计算机类（计算机科学与技术、新媒体技术）"",""学历"":""仅限本科"",""学位"":""学士"",""政治面貌"":""中共党员或共青团员"",""基层工作最低年限"":""二年"",""服务基层项目工作经历"":""大学生村官、农村义务教育阶段学校教师特设岗位计划、“三支一扶”计划"",""是否在面试阶段组织专业能力测试"":""否"",""面试人员比例"":""3:1"",""工作地点"":""吉林省白山市长白朝鲜族自治县"",""落户地点"":""吉林省白山市"",""备注"":""1.咨询电话：0431-84601521；\n2.工作强度大、任务重，限男性；\n3.按照招录人民警察要求开展体能测评；\n4.符合公安部网站补充公告有关要求；\n5.大学英语四级425分及以上；\n6.最低服务期5年（含试用期）。"",""部门网站"":""http://jsj.customs.gov.cn/"",""咨询电话1"":""0431-84601521"",""咨询电话2"":""0431-84601224"",""咨询电话3"":""0431-84901919"",""来源Sheet"":""中央国家行政机关省级以下直属机构""}}"
"government_jobs","国家公务员2026招考简章","公务员/事业单位技术岗位","吉林省长春市二道区","2026-07-28T09:12:58.310295+00:00","情报技术处一级警长及以下","长春海关缉私局","","吉林省长春市二道区","公务员/事业单位;2026;automation_robotics;computer_software;cybersecurity_cryptography;data_ai;electronics_communication;仅限硕士研究生;硕士;0810信息与通信工程、0812计算机科学与技术、0835软件工程、0839网络空间安全、0854电子信息;行政执法类","用人司局：长春海关缉私局
职位简介：主要从事数据建模、办公自动化、技术支持等工作
专业要求：0810信息与通信工程、0812计算机科学与技术、0835软件工程、0839网络空间安全、0854电子信息
学历要求：仅限硕士研究生
学位要求：硕士
政治面貌：中共党员或共青团员
基层工作经历：无限制
考试类别：行政执法类
备注：1.咨询电话：0431-84601521；
2.招考对象为2026届高校毕业生；
3.工作强度大、任务重，限男性；
4.按照招录人民警察要求开展体能测评；
5.符合公安部网站补充公告有关要求；
6.大学英语六级425分及以上；
7.最低服务期5年（含试用期）。","http://bm.scs.gov.cn/kl2026#109410-300130003004","2025-10-14","{""dataset_year"":2026,""job_uid"":""GOV-2026-109410-300130003004"",""publisher"":""国家公务员局"",""publication_page"":""http://bm.scs.gov.cn/kl2026"",""attachment_url"":""local://2026_guokao_zhaokaojianzhang.zip"",""local_source_file"":""中央机关及其直属机构2026年度考试录用公务员招考简章.xls"",""local_source_sha256"":""2670bae1df1dd07a3a3c79b9db46a11e3bb15a6c9c249e6af98bfd0b61ce3aaf"",""source_sheet"":""中央国家行政机关省级以下直属机构"",""filter_version"":""government_tech_v2"",""tech_filter"":{""is_tech"":true,""is_core_tech"":true,""scope"":""core"",""categories"":[""automation_robotics"",""computer_software"",""cybersecurity_cryptography"",""data_ai"",""electronics_communication""],""matched_fields"":[""major"",""description""],""major_terms"":[""信息与通信工程"",""电子信息"",""网络空间安全"",""计算机科学与技术"",""软件工程"",""通信工程""],""role_terms"":[""数据建模"",""自动化""],""reason"":""tech_major_and_role""},""original"":{""部门代码"":""109410"",""部门名称"":""长春海关缉私局"",""用人司局"":""长春海关缉私局"",""机构性质"":""中央国家行政机关省级以下直属机构"",""招考职位"":""情报技术处一级警长及以下"",""职位属性"":""公安机关人民警察职位"",""职位分布"":""西部地区和艰苦边远地区职位"",""职位简介"":""主要从事数据建模、办公自动化、技术支持等工作"",""职位代码"":""300130003004"",""机构层级"":""市（地）级"",""考试类别"":""行政执法类"",""招考人数"":""1"",""专业"":""0810信息与通信工程、0812计算机科学与技术、0835软件工程、0839网络空间安全、0854电子信息"",""学历"":""仅限硕士研究生"",""学位"":""硕士"",""政治面貌"":""中共党员或共青团员"",""基层工作最低年限"":""无限制"",""服务基层项目工作经历"":""无限制"",""是否在面试阶段组织专业能力测试"":""否"",""面试人员比例"":""3:1"",""工作地点"":""吉林省长春市二道区"",""落户地点"":""吉林省长春市"",""备注"":""1.咨询电话：0431-84601521；\n2.招考对象为2026届高校毕业生；\n3.工作强度大、任务重，限男性；\n4.按照招录人民警察要求开展体能测评；\n5.符合公安部网站补充公告有关要求；\n6.大学英语六级425分及以上；\n7.最低服务期5年（含试用期）。"",""部门网站"":""http://jsj.customs.gov.cn/"",""咨询电话1"":""0431-84601521"",""咨询电话2"":""0431-84601224"",""咨询电话3"":""0431-84901919"",""来源Sheet"":""中央国家行政机关省级以下直属机构""}}"
"government_jobs","国家公务员2026招考简章","公务员/事业单位技术岗位","上海市","2026-07-28T09:12:58.310295+00:00","上海外高桥港区海关缉私分局一级警长及以下","上海海关缉私局","","上海市","公务员/事业单位;2026;computer_software;electronics_communication;本科及以上;与最高学历相对应的学位;大学本科：0809计算机类； 研究生：0812计算机科学与技术、0854电子信息（计算机技术）;行政执法类","用人司局：上海海关缉私局
职位简介：主要从事智慧缉私建设等工作
专业要求：大学本科：0809计算机类； 研究生：0812计算机科学与技术、0854电子信息（计算机技术）
学历要求：本科及以上
学位要求：与最高学历相对应的学位
政治面貌：中共党员
基层工作经历：无限制
考试类别：行政执法类
备注：1.咨询电话：021-68894227；
2.职位要求专业为职位要求最低学历及以上各学历阶段对应专业之一即可；
3.招考对象为2026届高校毕业生；
4.工作强度大、任务重，限男性；
5.按照招录人民警察要求开展体能测评；
6.符合公安部网站补充公告有关要求；
7.大学英语四级425分及以上；
8.基层一线执法岗位，服从二次分配；
9.最低服务期5年（含试用期）。","http://bm.scs.gov.cn/kl2026#109412-300130001002","2025-10-14","{""dataset_year"":2026,""job_uid"":""GOV-2026-109412-300130001002"",""publisher"":""国家公务员局"",""publication_page"":""http://bm.scs.gov.cn/kl2026"",""attachment_url"":""local://2026_guokao_zhaokaojianzhang.zip"",""local_source_file"":""中央机关及其直属机构2026年度考试录用公务员招考简章.xls"",""local_source_sha256"":""2670bae1df1dd07a3a3c79b9db46a11e3bb15a6c9c249e6af98bfd0b61ce3aaf"",""source_sheet"":""中央国家行政机关省级以下直属机构"",""filter_version"":""government_tech_v2"",""tech_filter"":{""is_tech"":true,""is_core_tech"":true,""scope"":""core"",""categories"":[""computer_software"",""electronics_communication""],""matched_fields"":[""major"",""description""],""major_terms"":[""电子信息"",""计算机技术"",""计算机科学与技术"",""计算机类""],""role_terms"":[""智慧""],""reason"":""tech_major_and_role""},""original"":{""部门代码"":""109412"",""部门名称"":""上海海关缉私局"",""用人司局"":""上海海关缉私局"",""机构性质"":""中央国家行政机关省级以下直属机构"",""招考职位"":""上海外高桥港区海关缉私分局一级警长及以下"",""职位属性"":""公安机关人民警察职位"",""职位分布"":""其他职位"",""职位简介"":""主要从事智慧缉私建设等工作"",""职位代码"":""300130001002"",""机构层级"":""县（区）级及以下"",""考试类别"":""行政执法类"",""招考人数"":""1"",""专业"":""大学本科：0809计算机类； 研究生：0812计算机科学与技术、0854电子信息（计算机技术）"",""学历"":""本科及以上"",""学位"":""与最高学历相对应的学位"",""政治面貌"":""中共党员"",""基层工作最低年限"":""无限制"",""服务基层项目工作经历"":""无限制"",""是否在面试阶段组织专业能力测试"":""否"",""面试人员比例"":""3:1"",""工作地点"":""上海市"",""落户地点"":""上海市"",""备注"":""1.咨询电话：021-68894227；\n2.职位要求专业为职位要求最低学历及以上各学历阶段对应专业之一即可；\n3.招考对象为2026届高校毕业生；\n4.工作强度大、任务重，限男性；\n5.按照招录人民警察要求开展体能测评；\n6.符合公安部网站补充公告有关要求；\n7.大学英语四级425分及以上；\n8.基层一线执法岗位，服从二次分配；\n9.最低服务期5年（含试用期）。"",""部门网站"":""http://shanghai.customs.gov.cn/"",""咨询电话1"":""021-68894227"",""咨询电话2"":""021-68894296"",""咨询电话3"":""021-68894229"",""来源Sheet"":""中央国家行政机关省级以下直属机构""}}"
"government_jobs","国家公务员2026招考简章","公务员/事业单位技术岗位","江苏省苏州市张家港市","2026-07-28T09:12:58.310295+00:00","张家港海关缉私分局一级警长及以下","南京海关缉私局","","江苏省苏州市张家港市","公务员/事业单位;2026;computer_software;electronics_communication;本科及以上;与最高学历相对应的学位;大学本科：0809计算机类（计算机科学与技术、软件工程、智能科学与技术、数据科学与大数据技术）；研究生：0812计算机科学与技术、0854电子信息（计算机技术）;行政执法类","用人司局：南京海关缉私局
职位简介：主要从事信息化建设等工作。
专业要求：大学本科：0809计算机类（计算机科学与技术、软件工程、智能科学与技术、数据科学与大数据技术）；研究生：0812计算机科学与技术、0854电子信息（计算机技术）
学历要求：本科及以上
学位要求：与最高学历相对应的学位
政治面貌：中共党员或共青团员
基层工作经历：无限制
考试类别：行政执法类
备注：1.咨询电话：025-84422398、025-84476320；
2.职位要求专业为职位要求最低学历及以上各学历阶段对应专业之一即可；
3.招考对象为2026届高校毕业生；
4.工作强度大、任务重，限男性；
5.按照招录人民警察要求开展体能测评；
6.符合公安部网站补充公告有关要求；
7.大学英语四级425分及以上；
8.基层一线执法岗位，服从二次分配；
9.最低服务期5年（含试用期）。","http://bm.scs.gov.cn/kl2026#109413-300130101003","2025-10-14","{""dataset_year"":2026,""job_uid"":""GOV-2026-109413-300130101003"",""publisher"":""国家公务员局"",""publication_page"":""http://bm.scs.gov.cn/kl2026"",""attachment_url"":""local://2026_guokao_zhaokaojianzhang.zip"",""local_source_file"":""中央机关及其直属机构2026年度考试录用公务员招考简章.xls"",""local_source_sha256"":""2670bae1df1dd07a3a3c79b9db46a11e3bb15a6c9c249e6af98bfd0b61ce3aaf"",""source_sheet"":""中央国家行政机关省级以下直属机构"",""filter_version"":""government_tech_v2"",""tech_filter"":{""is_tech"":true,""is_core_tech"":true,""scope"":""core"",""categories"":[""computer_software"",""electronics_communication""],""matched_fields"":[""major"",""description""],""major_terms"":[""大数据"",""数据科学与大数据技术"",""智能科学与技术"",""电子信息"",""计算机技术"",""计算机科学与技术"",""计算机类"",""软件工程""],""role_terms"":[""信息化""],""reason"":""tech_major_and_role""},""original"":{""部门代码"":""109413"",""部门名称"":""南京海关缉私局"",""用人司局"":""南京海关缉私局"",""机构性质"":""中央国家行政机关省级以下直属机构"",""招考职位"":""张家港海关缉私分局一级警长及以下"",""职位属性"":""公安机关人民警察职位"",""职位分布"":""其他职位"",""职位简介"":""主要从事信息化建设等工作。"",""职位代码"":""300130101003"",""机构层级"":""县（区）级及以下"",""考试类别"":""行政执法类"",""招考人数"":""2"",""专业"":""大学本科：0809计算机类（计算机科学与技术、软件工程、智能科学与技术、数据科学与大数据技术）；研究生：0812计算机科学与技术、0854电子信息（计算机技术）"",""学历"":""本科及以上"",""学位"":""与最高学历相对应的学位"",""政治面貌"":""中共党员或共青团员"",""基层工作最低年限"":""无限制"",""服务基层项目工作经历"":""无限制"",""是否在面试阶段组织专业能力测试"":""否"",""面试人员比例"":""3:1"",""工作地点"":""江苏省苏州市张家港市"",""落户地点"":""江苏省苏州市张家港市"",""备注"":""1.咨询电话：025-84422398、025-84476320；\n2.职位要求专业为职位要求最低学历及以上各学历阶段对应专业之一即可；\n3.招考对象为2026届高校毕业生；\n4.工作强度大、任务重，限男性；\n5.按照招录人民警察要求开展体能测评；\n6.符合公安部网站补充公告有关要求；\n7.大学英语四级425分及以上；\n8.基层一线执法岗位，服从二次分配；\n9.最低服务期5年（含试用期）。"",""部门网站"":""暂无互联网网站"",""咨询电话1"":""025-84422398"",""咨询电话2"":"""",""咨询电话3"":"""",""来源Sheet"":""中央国家行政机关省级以下直属机构""}}"
"government_jobs","国家公务员2026招考简章","公务员/事业单位技术岗位","广东省","2026-07-28T09:12:58.310295+00:00","广州白云机场海关缉私分局一级警长及以下","广州海关缉私局","","广东省","公务员/事业单位;2026;computer_software;cybersecurity_cryptography;electronics_communication;硕士研究生及以上;与最高学历相对应的学位;0809电子科学与技术、0812计算机科学与技术、0835软件工程、0839网络空间安全、0854电子信息、1405智能科学与技术;行政执法类","用人司局：广州海关缉私局
职位简介：主要从事物证检验、网络安全管理、安全防范技术等工作。
专业要求：0809电子科学与技术、0812计算机科学与技术、0835软件工程、0839网络空间安全、0854电子信息、1405智能科学与技术
学历要求：硕士研究生及以上
学位要求：与最高学历相对应的学位
政治面貌：中共党员或共青团员
基层工作经历：无限制
考试类别：行政执法类
备注：1.咨询电话：020-87596839；
2.职位要求专业为职位要求最低学历及以上各学历阶段对应专业之一即可；
3.招考对象为2026届高校毕业生；
4.工作强度大、任务重，限男性；
5.按照招录人民警察要求开展体能测评；
6.符合公安部网站补充公告有关要求；
7.大学英语六级425分及以上；
8.基层一线执法岗位，服从二次分配；
9.最低服务期5年（含试用期）。","http://bm.scs.gov.cn/kl2026#109425-300130001002","2025-10-14","{""dataset_year"":2026,""job_uid"":""GOV-2026-109425-300130001002"",""publisher"":""国家公务员局"",""publication_page"":""http://bm.scs.gov.cn/kl2026"",""attachment_url"":""local://2026_guokao_zhaokaojianzhang.zip"",""local_source_file"":""中央机关及其直属机构2026年度考试录用公务员招考简章.xls"",""local_source_sha256"":""2670bae1df1dd07a3a3c79b9db46a11e3bb15a6c9c249e6af98bfd0b61ce3aaf"",""source_sheet"":""中央国家行政机关省级以下直属机构"",""filter_version"":""government_tech_v2"",""tech_filter"":{""is_tech"":true,""is_core_tech"":true,""scope"":""core"",""categories"":[""computer_software"",""cybersecurity_cryptography"",""electronics_communication""],""matched_fields"":[""major"",""description""],""major_terms"":[""智能科学与技术"",""电子信息"",""电子科学与技术"",""网络空间安全"",""计算机科学与技术"",""软件工程""],""role_terms"":[""网络安全""],""reason"":""tech_major_and_role""},""original"":{""部门代码"":""109425"",""部门名称"":""广州海关缉私局"",""用人司局"":""广州海关缉私局"",""机构性质"":""中央国家行政机关省级以下直属机构"",""招考职位"":""广州白云机场海关缉私分局一级警长及以下"",""职位属性"":""公安机关人民警察职位"",""职位分布"":""其他职位"",""职位简介"":""主要从事物证检验、网络安全管理、安全防范技术等工作。"",""职位代码"":""300130001002"",""机构层级"":""县（区）级及以下"",""考试类别"":""行政执法类"",""招考人数"":""2"",""专业"":""0809电子科学与技术、0812计算机科学与技术、0835软件工程、0839网络空间安全、0854电子信息、1405智能科学与技术"",""学历"":""硕士研究生及以上"",""学位"":""与最高学历相对应的学位"",""政治面貌"":""中共党员或共青团员"",""基层工作最低年限"":""无限制"",""服务基层项目工作经历"":""无限制"",""是否在面试阶段组织专业能力测试"":""否"",""面试人员比例"":""3:1"",""工作地点"":""广东省"",""落户地点"":""广东省广州市"",""备注"":""1.咨询电话：020-87596839；\n2.职位要求专业为职位要求最低学历及以上各学历阶段对应专业之一即可；\n3.招考对象为2026届高校毕业生；\n4.工作强度大、任务重，限男性；\n5.按照招录人民警察要求开展体能测评；\n6.符合公安部网站补充公告有关要求；\n7.大学英语六级425分及以上；\n8.基层一线执法岗位，服从二次分配；\n9.最低服务期5年（含试用期）。"",""部门网站"":""http://www.mps.gov.cn"",""咨询电话1"":""020-87596839"",""咨询电话2"":""020-87596839"",""咨询电话3"":""020-87596839"",""来源Sheet"":""中央国家行政机关省级以下直属机构""}}"
"government_jobs","国家公务员2026招考简章","公务员/事业单位技术岗位","广东省深圳市","2026-07-28T09:12:58.310295+00:00","深圳机场海关缉私分局一级警长及以下","深圳海关缉私局","","广东省深圳市","公务员/事业单位;2026;computer_software;data_ai;electronics_communication;本科及以上;与最高学历相对应的学位;大学本科：0809计算机类（计算机科学与技术、软件工程、智能科学与技术、数据科学与大数据技术）； 研究生：0812计算机科学与技术、0835软件工程、0854电子信息、1405智能科学与技术;行政执法类","用人司局：深圳海关缉私局
职位简介：主要从事缉私侦查、法制、情报、大数据分析、系统建设等工作
专业要求：大学本科：0809计算机类（计算机科学与技术、软件工程、智能科学与技术、数据科学与大数据技术）； 研究生：0812计算机科学与技术、0835软件工程、0854电子信息、1405智能科学与技术
学历要求：本科及以上
学位要求：与最高学历相对应的学位
政治面貌：中共党员或共青团员
基层工作经历：无限制
考试类别：行政执法类
备注：1.咨询电话：0755-84396469、84399710；
2.职位要求专业为职位要求最低学历及以上各学历阶段对应专业之一即可；
3.招考对象为2026届高校毕业生；
4.工作强度大、任务重，限男性；
5.按照招录人民警察要求开展体能测评；
6.符合公安部网站补充公告有关要求；
7.大学英语四级425分及以上；
8.基层一线执法岗位，服从二次分配；
9.最低服务期5年（含试用期）。","http://bm.scs.gov.cn/kl2026#109426-300130005006","2025-10-14","{""dataset_year"":2026,""job_uid"":""GOV-2026-109426-300130005006"",""publisher"":""国家公务员局"",""publication_page"":""http://bm.scs.gov.cn/kl2026"",""attachment_url"":""local://2026_guokao_zhaokaojianzhang.zip"",""local_source_file"":""中央机关及其直属机构2026年度考试录用公务员招考简章.xls"",""local_source_sha256"":""2670bae1df1dd07a3a3c79b9db46a11e3bb15a6c9c249e6af98bfd0b61ce3aaf"",""source_sheet"":""中央国家行政机关省级以下直属机构"",""filter_version"":""government_tech_v2"",""tech_filter"":{""is_tech"":true,""is_core_tech"":true,""scope"":""core"",""categories"":[""computer_software"",""data_ai"",""electronics_communication""],""matched_fields"":[""major"",""description""],""major_terms"":[""大数据"",""数据科学与大数据技术"",""智能科学与技术"",""电子信息"",""计算机科学与技术"",""计算机类"",""软件工程""],""role_terms"":[""大数据"",""数据分析"",""系统建设""],""reason"":""tech_major_and_role""},""original"":{""部门代码"":""109426"",""部门名称"":""深圳海关缉私局"",""用人司局"":""深圳海关缉私局"",""机构性质"":""中央国家行政机关省级以下直属机构"",""招考职位"":""深圳机场海关缉私分局一级警长及以下"",""职位属性"":""公安机关人民警察职位"",""职位分布"":""其他职位"",""职位简介"":""主要从事缉私侦查、法制、情报、大数据分析、系统建设等工作"",""职位代码"":""300130005006"",""机构层级"":""县（区）级及以下"",""考试类别"":""行政执法类"",""招考人数"":""3"",""专业"":""大学本科：0809计算机类（计算机科学与技术、软件工程、智能科学与技术、数据科学与大数据技术）； 研究生：0812计算机科学与技术、0835软件工程、0854电子信息、1405智能科学与技术"",""学历"":""本科及以上"",""学位"":""与最高学历相对应的学位"",""政治面貌"":""中共党员或共青团员"",""基层工作最低年限"":""无限制"",""服务基层项目工作经历"":""无限制"",""是否在面试阶段组织专业能力测试"":""否"",""面试人员比例"":""3:1"",""工作地点"":""广东省深圳市"",""落户地点"":""广东省深圳市"",""备注"":""1.咨询电话：0755-84396469、84399710；\n2.职位要求专业为职位要求最低学历及以上各学历阶段对应专业之一即可；\n3.招考对象为2026届高校毕业生；\n4.工作强度大、任务重，限男性；\n5.按照招录人民警察要求开展体能测评；\n6.符合公安部网站补充公告有关要求；\n7.大学英语四级425分及以上；\n8.基层一线执法岗位，服从二次分配；\n9.最低服务期5年（含试用期）。"",""部门网站"":""https://www.mps.gov.cn/"",""咨询电话1"":""0755-84396469"",""咨询电话2"":""0755-84399710"",""咨询电话3"":"""",""来源Sheet"":""中央国家行政机关省级以下直属机构""}}"
"government_jobs","国家公务员2026招考简章","公务员/事业单位技术岗位","广东省汕头市潮阳区","2026-07-28T09:12:58.310295+00:00","潮阳海关缉私分局一级警长及以下","汕头海关缉私局","","广东省汕头市潮阳区","公务员/事业单位;2026;computer_software;cybersecurity_cryptography;data_ai;仅限本科;学士;0809计算机类（计算机科学与技术、数据科学与大数据技术、软件工程、网络工程、信息安全、保密技术）、0701数学类（数据计算及应用、信息与计算科学、数学与应用数学）;行政执法类","用人司局：汕头海关缉私局
职位简介：主要从事缉私侦查、情报、数据分析等工作
专业要求：0809计算机类（计算机科学与技术、数据科学与大数据技术、软件工程、网络工程、信息安全、保密技术）、0701数学类（数据计算及应用、信息与计算科学、数学与应用数学）
学历要求：仅限本科
学位要求：学士
政治面貌：中共党员或共青团员
基层工作经历：二年
考试类别：行政执法类
备注：1.咨询电话：0754-88193259；
2.工作强度大、任务重，限男性；
3.按照招录人民警察要求开展体能测评；
4.符合公安部网站补充公告有关要求；
5.大学英语四级425分及以上；
6.基层一线执法岗位，服从二次分配；
7.最低服务期5年（含试用期）。","http://bm.scs.gov.cn/kl2026#109428-300130001005","2025-10-14","{""dataset_year"":2026,""job_uid"":""GOV-2026-109428-300130001005"",""publisher"":""国家公务员局"",""publication_page"":""http://bm.scs.gov.cn/kl2026"",""attachment_url"":""local://2026_guokao_zhaokaojianzhang.zip"",""local_source_file"":""中央机关及其直属机构2026年度考试录用公务员招考简章.xls"",""local_source_sha256"":""2670bae1df1dd07a3a3c79b9db46a11e3bb15a6c9c249e6af98bfd0b61ce3aaf"",""source_sheet"":""中央国家行政机关省级以下直属机构"",""filter_version"":""government_tech_v2"",""tech_filter"":{""is_tech"":true,""is_core_tech"":true,""scope"":""core"",""categories"":[""computer_software"",""cybersecurity_cryptography"",""data_ai""],""matched_fields"":[""major"",""description""],""major_terms"":[""保密技术"",""信息安全"",""大数据"",""数据科学与大数据技术"",""网络工程"",""计算机科学与技术"",""计算机类"",""软件工程""],""role_terms"":[""数据分析""],""reason"":""tech_major_and_role""},""original"":{""部门代码"":""109428"",""部门名称"":""汕头海关缉私局"",""用人司局"":""汕头海关缉私局"",""机构性质"":""中央国家行政机关省级以下直属机构"",""招考职位"":""潮阳海关缉私分局一级警长及以下"",""职位属性"":""公安机关人民警察职位"",""职位分布"":""其他职位"",""职位简介"":""主要从事缉私侦查、情报、数据分析等工作"",""职位代码"":""300130001005"",""机构层级"":""县（区）级及以下"",""考试类别"":""行政执法类"",""招考人数"":""1"",""专业"":""0809计算机类（计算机科学与技术、数据科学与大数据技术、软件工程、网络工程、信息安全、保密技术）、0701数学类（数据计算及应用、信息与计算科学、数学与应用数学）"",""学历"":""仅限本科"",""学位"":""学士"",""政治面貌"":""中共党员或共青团员"",""基层工作最低年限"":""二年"",""服务基层项目工作经历"":""大学生村官、农村义务教育阶段学校教师特设岗位计划、“三支一扶”计划、大学生志愿服务西部计划、在军队服役5年（含）以上的高校毕业生退役士兵"",""是否在面试阶段组织专业能力测试"":""否"",""面试人员比例"":""3:1"",""工作地点"":""广东省汕头市潮阳区"",""落户地点"":""广东省汕头市"",""备注"":""1.咨询电话：0754-88193259；\n2.工作强度大、任务重，限男性；\n3.按照招录人民警察要求开展体能测评；\n4.符合公安部网站补充公告有关要求；\n5.大学英语四级425分及以上；\n6.基层一线执法岗位，服从二次分配；\n7.最低服务期5年（含试用期）。"",""部门网站"":""http://shantou.customs.gov.cn"",""咨询电话1"":""0754-88193259"",""咨询电话2"":""0754-88193728"",""咨询电话3"":""0754-88193256"",""来源Sheet"":""中央国家行政机关省级以下直属机构""}}"
"government_jobs","国家公务员2026招考简章","公务员/事业单位技术岗位","广东省汕尾市","2026-07-28T09:12:58.310295+00:00","汕尾海关缉私分局一级警长及以下","汕头海关缉私局","","广东省汕尾市","公务员/事业单位;2026;computer_software;cybersecurity_cryptography;data_ai;仅限本科;学士;0809计算机类（计算机科学与技术、数据科学与大数据技术、软件工程、网络工程、信息安全、保密技术）、0701数学类（数据计算及应用、信息与计算科学、数学与应用数学）;行政执法类","用人司局：汕头海关缉私局
职位简介：主要从事缉私侦查、情报、数据分析等工作
专业要求：0809计算机类（计算机科学与技术、数据科学与大数据技术、软件工程、网络工程、信息安全、保密技术）、0701数学类（数据计算及应用、信息与计算科学、数学与应用数学）
学历要求：仅限本科
学位要求：学士
政治面貌：中共党员或共青团员
基层工作经历：无限制
考试类别：行政执法类
备注：1.咨询电话：0754-88193259；
2.招考对象为2026届高校毕业生；
3.工作强度大、任务重，限男性；
4.按照招录人民警察要求开展体能测评；
5.符合公安部网站补充公告有关要求；
6.大学英语四级425分及以上；
7.基层一线执法岗位，服从二次分配；
8.最低服务期5年（含试用期）。","http://bm.scs.gov.cn/kl2026#109428-300130001006","2025-10-14","{""dataset_year"":2026,""job_uid"":""GOV-2026-109428-300130001006"",""publisher"":""国家公务员局"",""publication_page"":""http://bm.scs.gov.cn/kl2026"",""attachment_url"":""local://2026_guokao_zhaokaojianzhang.zip"",""local_source_file"":""中央机关及其直属机构2026年度考试录用公务员招考简章.xls"",""local_source_sha256"":""2670bae1df1dd07a3a3c79b9db46a11e3bb15a6c9c249e6af98bfd0b61ce3aaf"",""source_sheet"":""中央国家行政机关省级以下直属机构"",""filter_version"":""government_tech_v2"",""tech_filter"":{""is_tech"":true,""is_core_tech"":true,""scope"":""core"",""categories"":[""computer_software"",""cybersecurity_cryptography"",""data_ai""],""matched_fields"":[""major"",""description""],""major_terms"":[""保密技术"",""信息安全"",""大数据"",""数据科学与大数据技术"",""网络工程"",""计算机科学与技术"",""计算机类"",""软件工程""],""role_terms"":[""数据分析""],""reason"":""tech_major_and_role""},""original"":{""部门代码"":""109428"",""部门名称"":""汕头海关缉私局"",""用人司局"":""汕头海关缉私局"",""机构性质"":""中央国家行政机关省级以下直属机构"",""招考职位"":""汕尾海关缉私分局一级警长及以下"",""职位属性"":""公安机关人民警察职位"",""职位分布"":""其他职位"",""职位简介"":""主要从事缉私侦查、情报、数据分析等工作"",""职位代码"":""300130001006"",""机构层级"":""县（区）级及以下"",""考试类别"":""行政执法类"",""招考人数"":""1"",""专业"":""0809计算机类（计算机科学与技术、数据科学与大数据技术、软件工程、网络工程、信息安全、保密技术）、0701数学类（数据计算及应用、信息与计算科学、数学与应用数学）"",""学历"":""仅限本科"",""学位"":""学士"",""政治面貌"":""中共党员或共青团员"",""基层工作最低年限"":""无限制"",""服务基层项目工作经历"":""无限制"",""是否在面试阶段组织专业能力测试"":""否"",""面试人员比例"":""3:1"",""工作地点"":""广东省汕尾市"",""落户地点"":""广东省汕尾市"",""备注"":""1.咨询电话：0754-88193259；\n2.招考对象为2026届高校毕业生；\n3.工作强度大、任务重，限男性；\n4.按照招录人民警察要求开展体能测评；\n5.符合公安部网站补充公告有关要求；\n6.大学英语四级425分及以上；\n7.基层一线执法岗位，服从二次分配；\n8.最低服务期5年（含试用期）。"",""部门网站"":""http://shantou.customs.gov.cn"",""咨询电话1"":""0754-88193259"",""咨询电话2"":""0754-88193728"",""咨询电话3"":""0754-88193256"",""来源Sheet"":""中央国家行政机关省级以下直属机构""}}"
"government_jobs","国家公务员2026招考简章","公务员/事业单位技术岗位","重庆市","2026-07-28T09:12:58.310295+00:00","重庆江北机场海关缉私分局一级警长及以下","重庆海关缉私局","","重庆市","公务员/事业单位;2026;computer_software;cybersecurity_cryptography;electronics_communication;本科及以上;与最高学历相对应的学位;大学本科：0809计算机类（计算机科学与技术、软件工程、网络工程、信息安全、智能科学与技术、电子与计算机工程、数据科学与大数据技术）；研究生：0812计算机科学与技术、0854电子信息（计算机技术）;行政执法类","用人司局：重庆海关缉私局
职位简介：主要从事智慧缉私建设等工作
专业要求：大学本科：0809计算机类（计算机科学与技术、软件工程、网络工程、信息安全、智能科学与技术、电子与计算机工程、数据科学与大数据技术）；研究生：0812计算机科学与技术、0854电子信息（计算机技术）
学历要求：本科及以上
学位要求：与最高学历相对应的学位
政治面貌：中共党员或共青团员
基层工作经历：无限制
考试类别：行政执法类
备注：1.咨询电话：023-67997718；
2.职位要求专业为职位要求最低学历及以上各学历阶段对应专业之一即可；
3.招考对象为2026届高校毕业生；
4.工作强度大、任务重，限男性；
5.按照招录人民警察要求开展体能测评；
6.符合公安部网站补充公告有关要求；
7.大学英语四级425分及以上；
8.基层一线执法岗位，服从二次分配；
9.最低服务期5年（含试用期）。","http://bm.scs.gov.cn/kl2026#109434-300130001001","2025-10-14","{""dataset_year"":2026,""job_uid"":""GOV-2026-109434-300130001001"",""publisher"":""国家公务员局"",""publication_page"":""http://bm.scs.gov.cn/kl2026"",""attachment_url"":""local://2026_guokao_zhaokaojianzhang.zip"",""local_source_file"":""中央机关及其直属机构2026年度考试录用公务员招考简章.xls"",""local_source_sha256"":""2670bae1df1dd07a3a3c79b9db46a11e3bb15a6c9c249e6af98bfd0b61ce3aaf"",""source_sheet"":""中央国家行政机关省级以下直属机构"",""filter_version"":""government_tech_v2"",""tech_filter"":{""is_tech"":true,""is_core_tech"":true,""scope"":""core"",""categories"":[""computer_software"",""cybersecurity_cryptography"",""electronics_communication""],""matched_fields"":[""major"",""description""],""major_terms"":[""信息安全"",""大数据"",""数据科学与大数据技术"",""智能科学与技术"",""电子信息"",""网络工程"",""计算机"",""计算机技术"",""计算机科学与技术"",""计算机类"",""软件工程""],""role_terms"":[""智慧""],""reason"":""tech_major_and_role""},""original"":{""部门代码"":""109434"",""部门名称"":""重庆海关缉私局"",""用人司局"":""重庆海关缉私局"",""机构性质"":""中央国家行政机关省级以下直属机构"",""招考职位"":""重庆江北机场海关缉私分局一级警长及以下"",""职位属性"":""公安机关人民警察职位"",""职位分布"":""西部地区和艰苦边远地区职位"",""职位简介"":""主要从事智慧缉私建设等工作"",""职位代码"":""300130001001"",""机构层级"":""县（区）级及以下"",""考试类别"":""行政执法类"",""招考人数"":""1"",""专业"":""大学本科：0809计算机类（计算机科学与技术、软件工程、网络工程、信息安全、智能科学与技术、电子与计算机工程、数据科学与大数据技术）；研究生：0812计算机科学与技术、0854电子信息（计算机技术）"",""学历"":""本科及以上"",""学位"":""与最高学历相对应的学位"",""政治面貌"":""中共党员或共青团员"",""基层工作最低年限"":""无限制"",""服务基层项目工作经历"":""无限制"",""是否在面试阶段组织专业能力测试"":""否"",""面试人员比例"":""3:1"",""工作地点"":""重庆市"",""落户地点"":""重庆市"",""备注"":""1.咨询电话：023-67997718；\n2.职位要求专业为职位要求最低学历及以上各学历阶段对应专业之一即可；\n3.招考对象为2026届高校毕业生；\n4.工作强度大、任务重，限男性；\n5.按照招录人民警察要求开展体能测评；\n6.符合公安部网站补充公告有关要求；\n7.大学英语四级425分及以上；\n8.基层一线执法岗位，服从二次分配；\n9.最低服务期5年（含试用期）。"",""部门网站"":""无"",""咨询电话1"":""023-67997718"",""咨询电话2"":""023-67997636"",""咨询电话3"":"""",""来源Sheet"":""中央国家行政机关省级以下直属机构""}}"
"government_jobs","国家公务员2026招考简章","公务员/事业单位技术岗位","云南省昆明市","2026-07-28T09:12:58.310295+00:00","情报技术处一级警长及以下","昆明海关缉私局","","云南省昆明市","公务员/事业单位;2026;computer_software;data_ai;electronics_communication;仅限硕士研究生;硕士;0812计算机科学与技术、0835软件工程、0854电子信息（大数据技术与工程）;行政执法类","用人司局：昆明海关缉私局
职位简介：主要从事缉私情报数据分析等工作
专业要求：0812计算机科学与技术、0835软件工程、0854电子信息（大数据技术与工程）
学历要求：仅限硕士研究生
学位要求：硕士
政治面貌：中共党员或共青团员
基层工作经历：无限制
考试类别：行政执法类
备注：1.咨询电话：0871-64613842；
2.招考对象为2026届高校毕业生；
3.工作强度大、任务重，限男性；
4.按照招录人民警察要求开展体能测评；
5.符合公安部网站补充公告有关要求；
6.大学英语六级425分及以上；
7.最低服务期5年（含试用期）。","http://bm.scs.gov.cn/kl2026#109437-300130037001","2025-10-14","{""dataset_year"":2026,""job_uid"":""GOV-2026-109437-300130037001"",""publisher"":""国家公务员局"",""publication_page"":""http://bm.scs.gov.cn/kl2026"",""attachment_url"":""local://2026_guokao_zhaokaojianzhang.zip"",""local_source_file"":""中央机关及其直属机构2026年度考试录用公务员招考简章.xls"",""local_source_sha256"":""2670bae1df1dd07a3a3c79b9db46a11e3bb15a6c9c249e6af98bfd0b61ce3aaf"",""source_sheet"":""中央国家行政机关省级以下直属机构"",""filter_version"":""government_tech_v2"",""tech_filter"":{""is_tech"":true,""is_core_tech"":true,""scope"":""core"",""categories"":[""computer_software"",""data_ai"",""electronics_communication""],""matched_fields"":[""major"",""description""],""major_terms"":[""大数据"",""电子信息"",""计算机科学与技术"",""软件工程""],""role_terms"":[""数据分析""],""reason"":""tech_major_and_role""},""original"":{""部门代码"":""109437"",""部门名称"":""昆明海关缉私局"",""用人司局"":""昆明海关缉私局"",""机构性质"":""中央国家行政机关省级以下直属机构"",""招考职位"":""情报技术处一级警长及以下"",""职位属性"":""公安机关人民警察职位"",""职位分布"":""西部地区和艰苦边远地区职位"",""职位简介"":""主要从事缉私情报数据分析等工作"",""职位代码"":""300130037001"",""机构层级"":""市（地）级"",""考试类别"":""行政执法类"",""招考人数"":""1"",""专业"":""0812计算机科学与技术、0835软件工程、0854电子信息（大数据技术与工程）"",""学历"":""仅限硕士研究生"",""学位"":""硕士"",""政治面貌"":""中共党员或共青团员"",""基层工作最低年限"":""无限制"",""服务基层项目工作经历"":""无限制"",""是否在面试阶段组织专业能力测试"":""否"",""面试人员比例"":""3:1"",""工作地点"":""云南省昆明市"",""落户地点"":""云南省昆明市"",""备注"":""1.咨询电话：0871-64613842；\n2.招考对象为2026届高校毕业生；\n3.工作强度大、任务重，限男性；\n4.按照招录人民警察要求开展体能测评；\n5.符合公安部网站补充公告有关要求；\n6.大学英语六级425分及以上；\n7.最低服务期5年（含试用期）。"",""部门网站"":""http://kunming.customs.gov.cn"",""咨询电话1"":""087164613842"",""咨询电话2"":"""",""咨询电话3"":"""",""来源Sheet"":""中央国家行政机关省级以下直属机构""}}"
"government_jobs","国家公务员2026招考简章","公务员/事业单位技术岗位","北京市","2026-07-28T09:12:58.310295+00:00","一级主任科员及以下","财政部","","北京市","公务员/事业单位;2026;computer_software;data_ai;electronics_communication;硕士研究生及以上;与最高学历相对应的学位;信息与通信工程类、电子信息类、新一代电子信息技术（含量子技术等）、集成电路工程、大数据技术与工程;中央机关及其省级直属机构综合管理类","用人司局：关税政策研究中心
职位简介：从事财政数据分析和预算执行监督等工作
专业要求：信息与通信工程类、电子信息类、新一代电子信息技术（含量子技术等）、集成电路工程、大数据技术与工程
学历要求：硕士研究生及以上
学位要求：与最高学历相对应的学位
政治面貌：中共党员
基层工作经历：无限制
考试类别：中央机关及其省级直属机构综合管理类
备注：大学英语六级60分（100分制）或425分（710分制）及以上，或雅思6.5分及以上，或托福90分及以上，或英语专业八级合格；职位要求专业为最高学历对应专业","http://bm.scs.gov.cn/kl2026#113000-400110002008","2025-10-14","{""dataset_year"":2026,""job_uid"":""GOV-2026-113000-400110002008"",""publisher"":""国家公务员局"",""publication_page"":""http://bm.scs.gov.cn/kl2026"",""attachment_url"":""local://2026_guokao_zhaokaojianzhang.zip"",""local_source_file"":""中央机关及其直属机构2026年度考试录用公务员招考简章.xls"",""local_source_sha256"":""2670bae1df1dd07a3a3c79b9db46a11e3bb15a6c9c249e6af98bfd0b61ce3aaf"",""source_sheet"":""中央国家行政机关参照公务员法管理事业单位"",""filter_version"":""government_tech_v2"",""tech_filter"":{""is_tech"":true,""is_core_tech"":true,""scope"":""core"",""categories"":[""computer_software"",""data_ai"",""electronics_communication""],""matched_fields"":[""major"",""description""],""major_terms"":[""信息与通信工程"",""大数据"",""电子信息"",""电子信息类"",""通信工程"",""集成电路""],""role_terms"":[""数据分析""],""reason"":""tech_major_and_role""},""original"":{""部门代码"":""113000"",""部门名称"":""财政部"",""用人司局"":""关税政策研究中心"",""机构性质"":""中央国家行政机关参照公务员法管理事业单位"",""招考职位"":""一级主任科员及以下"",""职位属性"":""普通职位"",""职位分布"":""其他职位"",""职位简介"":""从事财政数据分析和预算执行监督等工作"",""职位代码"":""400110002008"",""机构层级"":""中央"",""考试类别"":""中央机关及其省级直属机构综合管理类"",""招考人数"":""2"",""专业"":""信息与通信工程类、电子信息类、新一代电子信息技术（含量子技术等）、集成电路工程、大数据技术与工程"",""学历"":""硕士研究生及以上"",""学位"":""与最高学历相对应的学位"",""政治面貌"":""中共党员"",""基层工作最低年限"":""无限制"",""服务基层项目工作经历"":""无限制"",""是否在面试阶段组织专业能力测试"":""否"",""面试人员比例"":""5:1"",""工作地点"":""北京市"",""落户地点"":""北京市"",""备注"":""大学英语六级60分（100分制）或425分（710分制）及以上，或雅思6.5分及以上，或托福90分及以上，或英语专业八级合格；职位要求专业为最高学历对应专业"",""部门网站"":""www.mof.gov.cn"",""咨询电话1"":""010-68553935"",""咨询电话2"":"""",""咨询电话3"":"""",""来源Sheet"":""中央国家行政机关参照公务员法管理事业单位""}}"
"government_jobs","国家公务员2026招考简章","公务员/事业单位技术岗位","北京市","2026-07-28T09:12:58.310295+00:00","一级主任科员及以下","财政部","","北京市","公务员/事业单位;2026;computer_software;data_ai;硕士研究生及以上;与最高学历相对应的学位;计算机科学与技术类;中央机关及其省级直属机构综合管理类","用人司局：财政票据监管中心（涉案财物管理中心）
职位简介：从事财政数据分析和预算执行监督等工作
专业要求：计算机科学与技术类
学历要求：硕士研究生及以上
学位要求：与最高学历相对应的学位
政治面貌：中共党员
基层工作经历：无限制
考试类别：中央机关及其省级直属机构综合管理类
备注：大学英语六级60分（100分制）或425分（710分制）及以上，或雅思6.5分及以上，或托福90分及以上，或英语专业八级合格；职位要求专业为最高学历对应专业","http://bm.scs.gov.cn/kl2026#113000-400110004008","2025-10-14","{""dataset_year"":2026,""job_uid"":""GOV-2026-113000-400110004008"",""publisher"":""国家公务员局"",""publication_page"":""http://bm.scs.gov.cn/kl2026"",""attachment_url"":""local://2026_guokao_zhaokaojianzhang.zip"",""local_source_file"":""中央机关及其直属机构2026年度考试录用公务员招考简章.xls"",""local_source_sha256"":""2670bae1df1dd07a3a3c79b9db46a11e3bb15a6c9c249e6af98bfd0b61ce3aaf"",""source_sheet"":""中央国家行政机关参照公务员法管理事业单位"",""filter_version"":""government_tech_v2"",""tech_filter"":{""is_tech"":true,""is_core_tech"":true,""scope"":""core"",""categories"":[""computer_software"",""data_ai""],""matched_fields"":[""major"",""description""],""major_terms"":[""计算机科学与技术""],""role_terms"":[""数据分析""],""reason"":""tech_major_and_role""},""original"":{""部门代码"":""113000"",""部门名称"":""财政部"",""用人司局"":""财政票据监管中心（涉案财物管理中心）"",""机构性质"":""中央国家行政机关参照公务员法管理事业单位"",""招考职位"":""一级主任科员及以下"",""职位属性"":""普通职位"",""职位分布"":""其他职位"",""职位简介"":""从事财政数据分析和预算执行监督等工作"",""职位代码"":""400110004008"",""机构层级"":""中央"",""考试类别"":""中央机关及其省级直属机构综合管理类"",""招考人数"":""2"",""专业"":""计算机科学与技术类"",""学历"":""硕士研究生及以上"",""学位"":""与最高学历相对应的学位"",""政治面貌"":""中共党员"",""基层工作最低年限"":""无限制"",""服务基层项目工作经历"":""无限制"",""是否在面试阶段组织专业能力测试"":""否"",""面试人员比例"":""5:1"",""工作地点"":""北京市"",""落户地点"":""北京市"",""备注"":""大学英语六级60分（100分制）或425分（710分制）及以上，或雅思6.5分及以上，或托福90分及以上，或英语专业八级合格；职位要求专业为最高学历对应专业"",""部门网站"":""www.mof.gov.cn"",""咨询电话1"":""010-68553935"",""咨询电话2"":"""",""咨询电话3"":"""",""来源Sheet"":""中央国家行政机关参照公务员法管理事业单位""}}"
"government_jobs","国家公务员2026招考简章","公务员/事业单位技术岗位","湖北省武汉市","2026-07-28T09:12:58.310295+00:00","运输服务处一级主任科员及以下","长江航务管理局","","湖北省武汉市","公务员/事业单位;2026;computer_software;data_ai;electronics_communication;硕士研究生及以上;与最高学历相对应的学位;计算机科学与技术、电子科学与技术、统计学;中央机关及其省级直属机构综合管理类","用人司局：长江航务管理局
职位简介：从事运输市场监测分析工作
专业要求：计算机科学与技术、电子科学与技术、统计学
学历要求：硕士研究生及以上
学位要求：与最高学历相对应的学位
政治面貌：不限
基层工作经历：二年
考试类别：中央机关及其省级直属机构综合管理类
备注：具有2年以上数据分析工作经历。","http://bm.scs.gov.cn/kl2026#118101-300110101002","2025-10-14","{""dataset_year"":2026,""job_uid"":""GOV-2026-118101-300110101002"",""publisher"":""国家公务员局"",""publication_page"":""http://bm.scs.gov.cn/kl2026"",""attachment_url"":""local://2026_guokao_zhaokaojianzhang.zip"",""local_source_file"":""中央机关及其直属机构2026年度考试录用公务员招考简章.xls"",""local_source_sha256"":""2670bae1df1dd07a3a3c79b9db46a11e3bb15a6c9c249e6af98bfd0b61ce3aaf"",""source_sheet"":""中央国家行政机关省级以下直属机构"",""filter_version"":""government_tech_v2"",""tech_filter"":{""is_tech"":true,""is_core_tech"":true,""scope"":""core"",""categories"":[""computer_software"",""data_ai"",""electronics_communication""],""matched_fields"":[""major"",""remarks""],""major_terms"":[""电子科学与技术"",""计算机科学与技术""],""role_terms"":[""数据分析""],""reason"":""tech_major_and_role""},""original"":{""部门代码"":""118101"",""部门名称"":""长江航务管理局"",""用人司局"":""长江航务管理局"",""机构性质"":""中央国家行政机关省级以下直属机构"",""招考职位"":""运输服务处一级主任科员及以下"",""职位属性"":""普通职位"",""职位分布"":""其他职位"",""职位简介"":""从事运输市场监测分析工作"",""职位代码"":""300110101002"",""机构层级"":""省（副省）级"",""考试类别"":""中央机关及其省级直属机构综合管理类"",""招考人数"":""1"",""专业"":""计算机科学与技术、电子科学与技术、统计学"",""学历"":""硕士研究生及以上"",""学位"":""与最高学历相对应的学位"",""政治面貌"":""不限"",""基层工作最低年限"":""二年"",""服务基层项目工作经历"":""无限制"",""是否在面试阶段组织专业能力测试"":""否"",""面试人员比例"":""5:1"",""工作地点"":""湖北省武汉市"",""落户地点"":""湖北省武汉市"",""备注"":""具有2年以上数据分析工作经历。"",""部门网站"":""https://cjhy.mot.gov.cn/"",""咨询电话1"":""027-82767891"",""咨询电话2"":""027-82767891"",""咨询电话3"":"""",""来源Sheet"":""中央国家行政机关省级以下直属机构""}}"
"government_jobs","国家公务员2026招考简章","公务员/事业单位技术岗位","湖北省武汉市","2026-07-28T09:12:58.310295+00:00","科技与信息化管理处一级主任科员及以下","长江航务管理局","","湖北省武汉市","公务员/事业单位;2026;computer_software;cybersecurity_cryptography;硕士研究生及以上;与最高学历相对应的学位;计算机科学与技术、软件工程、网络空间安全;中央机关及其省级直属机构综合管理类","用人司局：长江航务管理局
职位简介：从事网络安全、信息化建设管理工作
专业要求：计算机科学与技术、软件工程、网络空间安全
学历要求：硕士研究生及以上
学位要求：与最高学历相对应的学位
政治面貌：中共党员
基层工作经历：二年
考试类别：中央机关及其省级直属机构综合管理类
备注：1.具有2年以上网络安全或信息技术工作经历；
2.本科专业为计算机类。","http://bm.scs.gov.cn/kl2026#118101-300110101004","2025-10-14","{""dataset_year"":2026,""job_uid"":""GOV-2026-118101-300110101004"",""publisher"":""国家公务员局"",""publication_page"":""http://bm.scs.gov.cn/kl2026"",""attachment_url"":""local://2026_guokao_zhaokaojianzhang.zip"",""local_source_file"":""中央机关及其直属机构2026年度考试录用公务员招考简章.xls"",""local_source_sha256"":""2670bae1df1dd07a3a3c79b9db46a11e3bb15a6c9c249e6af98bfd0b61ce3aaf"",""source_sheet"":""中央国家行政机关省级以下直属机构"",""filter_version"":""government_tech_v2"",""tech_filter"":{""is_tech"":true,""is_core_tech"":true,""scope"":""core"",""categories"":[""computer_software"",""cybersecurity_cryptography""],""matched_fields"":[""major"",""job_title"",""description"",""remarks""],""major_terms"":[""网络空间安全"",""计算机科学与技术"",""软件工程""],""role_terms"":[""信息化"",""信息技术"",""网络安全"",""计算机""],""reason"":""tech_major_and_role""},""original"":{""部门代码"":""118101"",""部门名称"":""长江航务管理局"",""用人司局"":""长江航务管理局"",""机构性质"":""中央国家行政机关省级以下直属机构"",""招考职位"":""科技与信息化管理处一级主任科员及以下"",""职位属性"":""普通职位"",""职位分布"":""其他职位"",""职位简介"":""从事网络安全、信息化建设管理工作"",""职位代码"":""300110101004"",""机构层级"":""省（副省）级"",""考试类别"":""中央机关及其省级直属机构综合管理类"",""招考人数"":""1"",""专业"":""计算机科学与技术、软件工程、网络空间安全"",""学历"":""硕士研究生及以上"",""学位"":""与最高学历相对应的学位"",""政治面貌"":""中共党员"",""基层工作最低年限"":""二年"",""服务基层项目工作经历"":""无限制"",""是否在面试阶段组织专业能力测试"":""否"",""面试人员比例"":""5:1"",""工作地点"":""湖北省武汉市"",""落户地点"":""湖北省武汉市"",""备注"":""1.具有2年以上网络安全或信息技术工作经历；\n2.本科专业为计算机类。"",""部门网站"":""https://cjhy.mot.gov.cn/"",""咨询电话1"":""027-82767891"",""咨询电话2"":""027-82767891"",""咨询电话3"":"""",""来源Sheet"":""中央国家行政机关省级以下直属机构""}}"
"government_jobs","国家公务员2026招考简章","公务员/事业单位技术岗位","浙江省杭州市","2026-07-28T09:12:58.310295+00:00","科技信息处四级主任科员","浙江海事局","","浙江省杭州市","公务员/事业单位;2026;computer_software;cybersecurity_cryptography;硕士研究生及以上;与最高学历相对应的学位;计算机科学与技术、大数据技术与工程、网络与信息安全、人工智能;中央机关及其省级直属机构综合管理类","用人司局：浙江海事局
职位简介：科技、信息化管理
专业要求：计算机科学与技术、大数据技术与工程、网络与信息安全、人工智能
学历要求：硕士研究生及以上
学位要求：与最高学历相对应的学位
政治面貌：不限
基层工作经历：二年
考试类别：中央机关及其省级直属机构综合管理类
备注：全国大学英语六级考试成绩达到425分及以上。考生报名前，请查看海事局官网www.msa.gov.cn人事信息专栏中有关本次公务员招考的具体说明。","http://bm.scs.gov.cn/kl2026#118306-300110001001","2025-10-14","{""dataset_year"":2026,""job_uid"":""GOV-2026-118306-300110001001"",""publisher"":""国家公务员局"",""publication_page"":""http://bm.scs.gov.cn/kl2026"",""attachment_url"":""local://2026_guokao_zhaokaojianzhang.zip"",""local_source_file"":""中央机关及其直属机构2026年度考试录用公务员招考简章.xls"",""local_source_sha256"":""2670bae1df1dd07a3a3c79b9db46a11e3bb15a6c9c249e6af98bfd0b61ce3aaf"",""source_sheet"":""中央国家行政机关省级以下直属机构"",""filter_version"":""government_tech_v2"",""tech_filter"":{""is_tech"":true,""is_core_tech"":true,""scope"":""core"",""categories"":[""computer_software"",""cybersecurity_cryptography""],""matched_fields"":[""major"",""description""],""major_terms"":[""人工智能"",""信息安全"",""大数据"",""计算机科学与技术""],""role_terms"":[""信息化""],""reason"":""tech_major_and_role""},""original"":{""部门代码"":""118306"",""部门名称"":""浙江海事局"",""用人司局"":""浙江海事局"",""机构性质"":""中央国家行政机关省级以下直属机构"",""招考职位"":""科技信息处四级主任科员"",""职位属性"":""普通职位"",""职位分布"":""其他职位"",""职位简介"":""科技、信息化管理"",""职位代码"":""300110001001"",""机构层级"":""省（副省）级"",""考试类别"":""中央机关及其省级直属机构综合管理类"",""招考人数"":""1"",""专业"":""计算机科学与技术、大数据技术与工程、网络与信息安全、人工智能"",""学历"":""硕士研究生及以上"",""学位"":""与最高学历相对应的学位"",""政治面貌"":""不限"",""基层工作最低年限"":""二年"",""服务基层项目工作经历"":""无限制"",""是否在面试阶段组织专业能力测试"":""否"",""面试人员比例"":""5:1"",""工作地点"":""浙江省杭州市"",""落户地点"":""浙江省杭州市"",""备注"":""全国大学英语六级考试成绩达到425分及以上。考生报名前，请查看海事局官网www.msa.gov.cn人事信息专栏中有关本次公务员招考的具体说明。"",""部门网站"":""http://www.zj.msa.gov.cn/ZJ/"",""咨询电话1"":""0571-88372791"",""咨询电话2"":"""",""咨询电话3"":"""",""来源Sheet"":""中央国家行政机关省级以下直属机构""}}"
"government_jobs","国家公务员2026招考简章","公务员/事业单位技术岗位","山东省济南市","2026-07-28T09:12:58.310295+00:00","科技处一级主任科员及以下","水利部黄河水利委员会","","山东省济南市","公务员/事业单位;2026;computer_software;electronics_communication;geospatial_remote_sensing;硕士研究生及以上;与最高学历相对应的学位;软件工程、电子信息（限人工智能、大数据技术与工程）、测绘科学与技术（限摄影测量与遥感）;市（地）级及以下直属机构综合管理类","用人司局：黄河水利委员会山东黄河河务局
职位简介：承担科技计划编制、信息技术规划编制及项目实施等工作
专业要求：软件工程、电子信息（限人工智能、大数据技术与工程）、测绘科学与技术（限摄影测量与遥感）
学历要求：硕士研究生及以上
学位要求：与最高学历相对应的学位
政治面貌：不限
基层工作经历：无限制
考试类别：市（地）级及以下直属机构综合管理类
备注：1.联系电话：0531-86987372、86987376。
2.限2026届高校毕业生，具有相应学历的毕业证书和学位证书。
3.与报考职位所在单位工作人员有夫妻关系、直系血亲关系、三代以内旁系血亲关系以及近姻亲关系的人员不得报考同一机关。","http://bm.scs.gov.cn/kl2026#119102-400110201005","2025-10-14","{""dataset_year"":2026,""job_uid"":""GOV-2026-119102-400110201005"",""publisher"":""国家公务员局"",""publication_page"":""http://bm.scs.gov.cn/kl2026"",""attachment_url"":""local://2026_guokao_zhaokaojianzhang.zip"",""local_source_file"":""中央机关及其直属机构2026年度考试录用公务员招考简章.xls"",""local_source_sha256"":""2670bae1df1dd07a3a3c79b9db46a11e3bb15a6c9c249e6af98bfd0b61ce3aaf"",""source_sheet"":""中央国家行政机关参照公务员法管理事业单位"",""filter_version"":""government_tech_v2"",""tech_filter"":{""is_tech"":true,""is_core_tech"":true,""scope"":""core"",""categories"":[""computer_software"",""electronics_communication"",""geospatial_remote_sensing""],""matched_fields"":[""major"",""description""],""major_terms"":[""人工智能"",""大数据"",""摄影测量与遥感"",""测绘科学与技术"",""电子信息"",""软件工程""],""role_terms"":[""信息技术""],""reason"":""tech_major_and_role""},""original"":{""部门代码"":""119102"",""部门名称"":""水利部黄河水利委员会"",""用人司局"":""黄河水利委员会山东黄河河务局"",""机构性质"":""中央国家行政机关参照公务员法管理事业单位"",""招考职位"":""科技处一级主任科员及以下"",""职位属性"":""普通职位"",""职位分布"":""其他职位"",""职位简介"":""承担科技计划编制、信息技术规划编制及项目实施等工作"",""职位代码"":""400110201005"",""机构层级"":""市（地）级"",""考试类别"":""市（地）级及以下直属机构综合管理类"",""招考人数"":""1"",""专业"":""软件工程、电子信息（限人工智能、大数据技术与工程）、测绘科学与技术（限摄影测量与遥感）"",""学历"":""硕士研究生及以上"",""学位"":""与最高学历相对应的学位"",""政治面貌"":""不限"",""基层工作最低年限"":""无限制"",""服务基层项目工作经历"":""无限制"",""是否在面试阶段组织专业能力测试"":""否"",""面试人员比例"":""3:1"",""工作地点"":""山东省济南市"",""落户地点"":""山东省济南市"",""备注"":""1.联系电话：0531-86987372、86987376。\n2.限2026届高校毕业生，具有相应学历的毕业证书和学位证书。\n3.与报考职位所在单位工作人员有夫妻关系、直系血亲关系、三代以内旁系血亲关系以及近姻亲关系的人员不得报考同一机关。"",""部门网站"":""http://www.yrcc.gov.cn/"",""咨询电话1"":""0371-66026670"",""咨询电话2"":"""",""咨询电话3"":"""",""来源Sheet"":""中央国家行政机关参照公务员法管理事业单位""}}"
"government_jobs","国家公务员2026招考简章","公务员/事业单位技术岗位","河南省郑州市","2026-07-28T09:12:58.310295+00:00","办公室一级主任科员及以下","水利部黄河水利委员会","","河南省郑州市","公务员/事业单位;2026;computer_software;cybersecurity_cryptography;electronics_communication;硕士研究生及以上;与最高学历相对应的学位;电子信息（限计算机技术、网络与信息安全）、网络空间安全、信息与通信工程、计算机科学与技术(限计算机应用技术）;市（地）级及以下直属机构综合管理类","用人司局：黄河水利委员会河南黄河河务局
职位简介：承担网信工作综合管理、网络安全保障等工作
专业要求：电子信息（限计算机技术、网络与信息安全）、网络空间安全、信息与通信工程、计算机科学与技术(限计算机应用技术）
学历要求：硕士研究生及以上
学位要求：与最高学历相对应的学位
政治面貌：中共党员
基层工作经历：无限制
考试类别：市（地）级及以下直属机构综合管理类
备注：1.联系电话：0371-69552041、69552029。
2.限2026届高校毕业生，具有相应学历的毕业证书和学位证书。
3.与报考职位所在单位工作人员有夫妻关系、直系血亲关系、三代以内旁系血亲关系以及近姻亲关系的人员不得报考同一机关。","http://bm.scs.gov.cn/kl2026#119102-400110301001","2025-10-14","{""dataset_year"":2026,""job_uid"":""GOV-2026-119102-400110301001"",""publisher"":""国家公务员局"",""publication_page"":""http://bm.scs.gov.cn/kl2026"",""attachment_url"":""local://2026_guokao_zhaokaojianzhang.zip"",""local_source_file"":""中央机关及其直属机构2026年度考试录用公务员招考简章.xls"",""local_source_sha256"":""2670bae1df1dd07a3a3c79b9db46a11e3bb15a6c9c249e6af98bfd0b61ce3aaf"",""source_sheet"":""中央国家行政机关参照公务员法管理事业单位"",""filter_version"":""government_tech_v2"",""tech_filter"":{""is_tech"":true,""is_core_tech"":true,""scope"":""core"",""categories"":[""computer_software"",""cybersecurity_cryptography"",""electronics_communication""],""matched_fields"":[""major"",""description""],""major_terms"":[""信息与通信工程"",""信息安全"",""电子信息"",""网络空间安全"",""计算机"",""计算机技术"",""计算机科学与技术"",""通信工程""],""role_terms"":[""网络安全""],""reason"":""tech_major_and_role""},""original"":{""部门代码"":""119102"",""部门名称"":""水利部黄河水利委员会"",""用人司局"":""黄河水利委员会河南黄河河务局"",""机构性质"":""中央国家行政机关参照公务员法管理事业单位"",""招考职位"":""办公室一级主任科员及以下"",""职位属性"":""普通职位"",""职位分布"":""其他职位"",""职位简介"":""承担网信工作综合管理、网络安全保障等工作"",""职位代码"":""400110301001"",""机构层级"":""市（地）级"",""考试类别"":""市（地）级及以下直属机构综合管理类"",""招考人数"":""1"",""专业"":""电子信息（限计算机技术、网络与信息安全）、网络空间安全、信息与通信工程、计算机科学与技术(限计算机应用技术）"",""学历"":""硕士研究生及以上"",""学位"":""与最高学历相对应的学位"",""政治面貌"":""中共党员"",""基层工作最低年限"":""无限制"",""服务基层项目工作经历"":""无限制"",""是否在面试阶段组织专业能力测试"":""否"",""面试人员比例"":""3:1"",""工作地点"":""河南省郑州市"",""落户地点"":""河南省郑州市"",""备注"":""1.联系电话：0371-69552041、69552029。\n2.限2026届高校毕业生，具有相应学历的毕业证书和学位证书。\n3.与报考职位所在单位工作人员有夫妻关系、直系血亲关系、三代以内旁系血亲关系以及近姻亲关系的人员不得报考同一机关。"",""部门网站"":""http://www.yrcc.gov.cn/"",""咨询电话1"":""0371-66026670"",""咨询电话2"":"""",""咨询电话3"":"""",""来源Sheet"":""中央国家行政机关参照公务员法管理事业单位""}}"
"government_jobs","国家公务员2026招考简章","公务员/事业单位技术岗位","河南省郑州市","2026-07-28T09:12:58.310295+00:00","建设与运行管理处一级主任科员及以下","水利部黄河水利委员会","","河南省郑州市","公务员/事业单位;2026;computer_software;硕士研究生及以上;与最高学历相对应的学位;水利工程（限水文学及水资源、水力学及河流动力学）、土木工程（限防灾减灾工程及防护工程）、计算机科学与技术;市（地）级及以下直属机构综合管理类","用人司局：黄河水利委员会河南黄河河务局
职位简介：承担水利工程建设、信息化管理系统维护等工作
专业要求：水利工程（限水文学及水资源、水力学及河流动力学）、土木工程（限防灾减灾工程及防护工程）、计算机科学与技术
学历要求：硕士研究生及以上
学位要求：与最高学历相对应的学位
政治面貌：不限
基层工作经历：无限制
考试类别：市（地）级及以下直属机构综合管理类
备注：1.联系电话：0371-69552041、69552029。
2.限2026届高校毕业生，具有相应学历的毕业证书和学位证书。
3.本职位需经常出差，工作条件比较艰苦。
4.与报考职位所在单位工作人员有夫妻关系、直系血亲关系、三代以内旁系血亲关系以及近姻亲关系的人员不得报考同一机关。","http://bm.scs.gov.cn/kl2026#119102-400110301006","2025-10-14","{""dataset_year"":2026,""job_uid"":""GOV-2026-119102-400110301006"",""publisher"":""国家公务员局"",""publication_page"":""http://bm.scs.gov.cn/kl2026"",""attachment_url"":""local://2026_guokao_zhaokaojianzhang.zip"",""local_source_file"":""中央机关及其直属机构2026年度考试录用公务员招考简章.xls"",""local_source_sha256"":""2670bae1df1dd07a3a3c79b9db46a11e3bb15a6c9c249e6af98bfd0b61ce3aaf"",""source_sheet"":""中央国家行政机关参照公务员法管理事业单位"",""filter_version"":""government_tech_v2"",""tech_filter"":{""is_tech"":true,""is_core_tech"":true,""scope"":""core"",""categories"":[""computer_software""],""matched_fields"":[""major"",""description""],""major_terms"":[""计算机科学与技术""],""role_terms"":[""信息化"",""系统维护""],""reason"":""tech_major_and_role""},""original"":{""部门代码"":""119102"",""部门名称"":""水利部黄河水利委员会"",""用人司局"":""黄河水利委员会河南黄河河务局"",""机构性质"":""中央国家行政机关参照公务员法管理事业单位"",""招考职位"":""建设与运行管理处一级主任科员及以下"",""职位属性"":""普通职位"",""职位分布"":""其他职位"",""职位简介"":""承担水利工程建设、信息化管理系统维护等工作"",""职位代码"":""400110301006"",""机构层级"":""市（地）级"",""考试类别"":""市（地）级及以下直属机构综合管理类"",""招考人数"":""1"",""专业"":""水利工程（限水文学及水资源、水力学及河流动力学）、土木工程（限防灾减灾工程及防护工程）、计算机科学与技术"",""学历"":""硕士研究生及以上"",""学位"":""与最高学历相对应的学位"",""政治面貌"":""不限"",""基层工作最低年限"":""无限制"",""服务基层项目工作经历"":""无限制"",""是否在面试阶段组织专业能力测试"":""否"",""面试人员比例"":""3:1"",""工作地点"":""河南省郑州市"",""落户地点"":""河南省郑州市"",""备注"":""1.联系电话：0371-69552041、69552029。\n2.限2026届高校毕业生，具有相应学历的毕业证书和学位证书。\n3.本职位需经常出差，工作条件比较艰苦。\n4.与报考职位所在单位工作人员有夫妻关系、直系血亲关系、三代以内旁系血亲关系以及近姻亲关系的人员不得报考同一机关。"",""部门网站"":""http://www.yrcc.gov.cn/"",""咨询电话1"":""0371-66026670"",""咨询电话2"":"""",""咨询电话3"":"""",""来源Sheet"":""中央国家行政机关参照公务员法管理事业单位""}}"
"government_jobs","国家公务员2026招考简章","公务员/事业单位技术岗位","河南省郑州市","2026-07-28T09:12:58.310295+00:00","审计处一级主任科员及以下","水利部黄河水利委员会","","河南省郑州市","公务员/事业单位;2026;computer_software;electronics_communication;硕士研究生及以上;与最高学历相对应的学位;水利工程、电子信息（限大数据技术与工程）、工商管理学（限会计学）、会计、审计、应用经济学（限统计学）;市（地）级及以下直属机构综合管理类","用人司局：黄河水利委员会河南黄河河务局
职位简介：承担水利工程竣工决算审计、审计信息化等工作
专业要求：水利工程、电子信息（限大数据技术与工程）、工商管理学（限会计学）、会计、审计、应用经济学（限统计学）
学历要求：硕士研究生及以上
学位要求：与最高学历相对应的学位
政治面貌：不限
基层工作经历：无限制
考试类别：市（地）级及以下直属机构综合管理类
备注：1.联系电话：0371-69552041、69552029。
2.限2026届高校毕业生，具有相应学历的毕业证书和学位证书。
3.与报考职位所在单位工作人员有夫妻关系、直系血亲关系、三代以内旁系血亲关系以及近姻亲关系的人员不得报考同一机关。","http://bm.scs.gov.cn/kl2026#119102-400110301008","2025-10-14","{""dataset_year"":2026,""job_uid"":""GOV-2026-119102-400110301008"",""publisher"":""国家公务员局"",""publication_page"":""http://bm.scs.gov.cn/kl2026"",""attachment_url"":""local://2026_guokao_zhaokaojianzhang.zip"",""local_source_file"":""中央机关及其直属机构2026年度考试录用公务员招考简章.xls"",""local_source_sha256"":""2670bae1df1dd07a3a3c79b9db46a11e3bb15a6c9c249e6af98bfd0b61ce3aaf"",""source_sheet"":""中央国家行政机关参照公务员法管理事业单位"",""filter_version"":""government_tech_v2"",""tech_filter"":{""is_tech"":true,""is_core_tech"":true,""scope"":""core"",""categories"":[""computer_software"",""electronics_communication""],""matched_fields"":[""major"",""description""],""major_terms"":[""大数据"",""电子信息""],""role_terms"":[""信息化""],""reason"":""tech_major_and_role""},""original"":{""部门代码"":""119102"",""部门名称"":""水利部黄河水利委员会"",""用人司局"":""黄河水利委员会河南黄河河务局"",""机构性质"":""中央国家行政机关参照公务员法管理事业单位"",""招考职位"":""审计处一级主任科员及以下"",""职位属性"":""普通职位"",""职位分布"":""其他职位"",""职位简介"":""承担水利工程竣工决算审计、审计信息化等工作"",""职位代码"":""400110301008"",""机构层级"":""市（地）级"",""考试类别"":""市（地）级及以下直属机构综合管理类"",""招考人数"":""1"",""专业"":""水利工程、电子信息（限大数据技术与工程）、工商管理学（限会计学）、会计、审计、应用经济学（限统计学）"",""学历"":""硕士研究生及以上"",""学位"":""与最高学历相对应的学位"",""政治面貌"":""不限"",""基层工作最低年限"":""无限制"",""服务基层项目工作经历"":""无限制"",""是否在面试阶段组织专业能力测试"":""否"",""面试人员比例"":""3:1"",""工作地点"":""河南省郑州市"",""落户地点"":""河南省郑州市"",""备注"":""1.联系电话：0371-69552041、69552029。\n2.限2026届高校毕业生，具有相应学历的毕业证书和学位证书。\n3.与报考职位所在单位工作人员有夫妻关系、直系血亲关系、三代以内旁系血亲关系以及近姻亲关系的人员不得报考同一机关。"",""部门网站"":""http://www.yrcc.gov.cn/"",""咨询电话1"":""0371-66026670"",""咨询电话2"":"""",""咨询电话3"":"""",""来源Sheet"":""中央国家行政机关参照公务员法管理事业单位""}}"
"government_jobs","国家公务员2026招考简章","公务员/事业单位技术岗位","河南省洛阳市","2026-07-28T09:12:58.310295+00:00","工程管理科一级主任科员及以下","水利部黄河水利委员会","","河南省洛阳市","公务员/事业单位;2026;computer_software;本科及以上;与最高学历相对应的学位;本科：水利水电工程、经济学、计算机科学与技术、机械工程； 研究生：水利工程（限水利水电工程）、计算机科学与技术、机械工程;市（地）级及以下直属机构综合管理类","用人司局：豫西黄河河务局孟津黄河河务局
职位简介：承担水利工程建设、工程造价及合同管理、信息化系统维护等工作
专业要求：本科：水利水电工程、经济学、计算机科学与技术、机械工程； 研究生：水利工程（限水利水电工程）、计算机科学与技术、机械工程
学历要求：本科及以上
学位要求：与最高学历相对应的学位
政治面貌：不限
基层工作经历：无限制
考试类别：市（地）级及以下直属机构综合管理类
备注：1.联系电话：0371-69552041、69552029。
2.具有相应学历的毕业证书和学位证书。
3.与报考职位所在单位工作人员有夫妻关系、直系血亲关系、三代以内旁系血亲关系以及近姻亲关系的人员不得报考同一机关。","http://bm.scs.gov.cn/kl2026#119102-400110303001","2025-10-14","{""dataset_year"":2026,""job_uid"":""GOV-2026-119102-400110303001"",""publisher"":""国家公务员局"",""publication_page"":""http://bm.scs.gov.cn/kl2026"",""attachment_url"":""local://2026_guokao_zhaokaojianzhang.zip"",""local_source_file"":""中央机关及其直属机构2026年度考试录用公务员招考简章.xls"",""local_source_sha256"":""2670bae1df1dd07a3a3c79b9db46a11e3bb15a6c9c249e6af98bfd0b61ce3aaf"",""source_sheet"":""中央国家行政机关参照公务员法管理事业单位"",""filter_version"":""government_tech_v2"",""tech_filter"":{""is_tech"":true,""is_core_tech"":true,""scope"":""core"",""categories"":[""computer_software""],""matched_fields"":[""major"",""description""],""major_terms"":[""计算机科学与技术""],""role_terms"":[""信息化"",""系统维护""],""reason"":""tech_major_and_role""},""original"":{""部门代码"":""119102"",""部门名称"":""水利部黄河水利委员会"",""用人司局"":""豫西黄河河务局孟津黄河河务局"",""机构性质"":""中央国家行政机关参照公务员法管理事业单位"",""招考职位"":""工程管理科一级主任科员及以下"",""职位属性"":""普通职位"",""职位分布"":""其他职位"",""职位简介"":""承担水利工程建设、工程造价及合同管理、信息化系统维护等工作"",""职位代码"":""400110303001"",""机构层级"":""县（区）级及以下"",""考试类别"":""市（地）级及以下直属机构综合管理类"",""招考人数"":""1"",""专业"":""本科：水利水电工程、经济学、计算机科学与技术、机械工程； 研究生：水利工程（限水利水电工程）、计算机科学与技术、机械工程"",""学历"":""本科及以上"",""学位"":""与最高学历相对应的学位"",""政治面貌"":""不限"",""基层工作最低年限"":""无限制"",""服务基层项目工作经历"":""无限制"",""是否在面试阶段组织专业能力测试"":""否"",""面试人员比例"":""3:1"",""工作地点"":""河南省洛阳市"",""落户地点"":""河南省洛阳市"",""备注"":""1.联系电话：0371-69552041、69552029。\n2.具有相应学历的毕业证书和学位证书。\n3.与报考职位所在单位工作人员有夫妻关系、直系血亲关系、三代以内旁系血亲关系以及近姻亲关系的人员不得报考同一机关。"",""部门网站"":""http://www.yrcc.gov.cn/"",""咨询电话1"":""0371-66026670"",""咨询电话2"":"""",""咨询电话3"":"""",""来源Sheet"":""中央国家行政机关参照公务员法管理事业单位""}}"
"government_jobs","国家公务员2026招考简章","公务员/事业单位技术岗位","河南省新乡市长垣市","2026-07-28T09:12:58.310295+00:00","工程管理科一级主任科员及以下","水利部黄河水利委员会","","河南省新乡市长垣市","公务员/事业单位;2026;computer_software;本科及以上;与最高学历相对应的学位;本科：水利水电工程、软件工程、计算机科学与技术、机械工程； 研究生：水利工程、软件工程、计算机科学与技术、机械工程;市（地）级及以下直属机构综合管理类","用人司局：新乡黄河河务局长垣黄河河务局
职位简介：承担水利信息化系统维护、工程建设报告编制等工作
专业要求：本科：水利水电工程、软件工程、计算机科学与技术、机械工程； 研究生：水利工程、软件工程、计算机科学与技术、机械工程
学历要求：本科及以上
学位要求：与最高学历相对应的学位
政治面貌：不限
基层工作经历：无限制
考试类别：市（地）级及以下直属机构综合管理类
备注：1.联系电话：0371-69552041、69552029。
2.具有相应学历的毕业证书和学位证书。
3.与报考职位所在单位工作人员有夫妻关系、直系血亲关系、三代以内旁系血亲关系以及近姻亲关系的人员不得报考同一机关。","http://bm.scs.gov.cn/kl2026#119102-400110333001","2025-10-14","{""dataset_year"":2026,""job_uid"":""GOV-2026-119102-400110333001"",""publisher"":""国家公务员局"",""publication_page"":""http://bm.scs.gov.cn/kl2026"",""attachment_url"":""local://2026_guokao_zhaokaojianzhang.zip"",""local_source_file"":""中央机关及其直属机构2026年度考试录用公务员招考简章.xls"",""local_source_sha256"":""2670bae1df1dd07a3a3c79b9db46a11e3bb15a6c9c249e6af98bfd0b61ce3aaf"",""source_sheet"":""中央国家行政机关参照公务员法管理事业单位"",""filter_version"":""government_tech_v2"",""tech_filter"":{""is_tech"":true,""is_core_tech"":true,""scope"":""core"",""categories"":[""computer_software""],""matched_fields"":[""major"",""description""],""major_terms"":[""计算机科学与技术"",""软件工程""],""role_terms"":[""信息化"",""系统维护""],""reason"":""tech_major_and_role""},""original"":{""部门代码"":""119102"",""部门名称"":""水利部黄河水利委员会"",""用人司局"":""新乡黄河河务局长垣黄河河务局"",""机构性质"":""中央国家行政机关参照公务员法管理事业单位"",""招考职位"":""工程管理科一级主任科员及以下"",""职位属性"":""普通职位"",""职位分布"":""其他职位"",""职位简介"":""承担水利信息化系统维护、工程建设报告编制等工作"",""职位代码"":""400110333001"",""机构层级"":""县（区）级及以下"",""考试类别"":""市（地）级及以下直属机构综合管理类"",""招考人数"":""1"",""专业"":""本科：水利水电工程、软件工程、计算机科学与技术、机械工程； 研究生：水利工程、软件工程、计算机科学与技术、机械工程"",""学历"":""本科及以上"",""学位"":""与最高学历相对应的学位"",""政治面貌"":""不限"",""基层工作最低年限"":""无限制"",""服务基层项目工作经历"":""无限制"",""是否在面试阶段组织专业能力测试"":""否"",""面试人员比例"":""3:1"",""工作地点"":""河南省新乡市长垣市"",""落户地点"":""河南省新乡市长垣市"",""备注"":""1.联系电话：0371-69552041、69552029。\n2.具有相应学历的毕业证书和学位证书。\n3.与报考职位所在单位工作人员有夫妻关系、直系血亲关系、三代以内旁系血亲关系以及近姻亲关系的人员不得报考同一机关。"",""部门网站"":""http://www.yrcc.gov.cn/"",""咨询电话1"":""0371-66026670"",""咨询电话2"":"""",""咨询电话3"":"""",""来源Sheet"":""中央国家行政机关参照公务员法管理事业单位""}}"
"government_jobs","国家公务员2026招考简章","公务员/事业单位技术岗位","陕西省西安市","2026-07-28T09:12:58.310295+00:00","人事处一级主任科员及以下","水利部黄河水利委员会","","陕西省西安市","公务员/事业单位;2026;computer_software;硕士研究生及以上;与最高学历相对应的学位;水利工程、计算机科学与技术（限计算机应用技术）;市（地）级及以下直属机构综合管理类","用人司局：黄河水利委员会黄河上中游管理局
职位简介：承担劳动工资和社会保险核算、人力资源信息化建设等工作
专业要求：水利工程、计算机科学与技术（限计算机应用技术）
学历要求：硕士研究生及以上
学位要求：与最高学历相对应的学位
政治面貌：中共党员
基层工作经历：无限制
考试类别：市（地）级及以下直属机构综合管理类
备注：1.联系电话：029-82118507。
2.限2026届高校毕业生，具有相应学历的毕业证书和学位证书。
3.与报考职位所在单位工作人员有夫妻关系、直系血亲关系、三代以内旁系血亲关系以及近姻亲关系的人员不得报考同一机关。","http://bm.scs.gov.cn/kl2026#119102-400110501001","2025-10-14","{""dataset_year"":2026,""job_uid"":""GOV-2026-119102-400110501001"",""publisher"":""国家公务员局"",""publication_page"":""http://bm.scs.gov.cn/kl2026"",""attachment_url"":""local://2026_guokao_zhaokaojianzhang.zip"",""local_source_file"":""中央机关及其直属机构2026年度考试录用公务员招考简章.xls"",""local_source_sha256"":""2670bae1df1dd07a3a3c79b9db46a11e3bb15a6c9c249e6af98bfd0b61ce3aaf"",""source_sheet"":""中央国家行政机关参照公务员法管理事业单位"",""filter_version"":""government_tech_v2"",""tech_filter"":{""is_tech"":true,""is_core_tech"":true,""scope"":""core"",""categories"":[""computer_software""],""matched_fields"":[""major"",""description""],""major_terms"":[""计算机"",""计算机科学与技术""],""role_terms"":[""信息化""],""reason"":""tech_major_and_role""},""original"":{""部门代码"":""119102"",""部门名称"":""水利部黄河水利委员会"",""用人司局"":""黄河水利委员会黄河上中游管理局"",""机构性质"":""中央国家行政机关参照公务员法管理事业单位"",""招考职位"":""人事处一级主任科员及以下"",""职位属性"":""普通职位"",""职位分布"":""其他职位"",""职位简介"":""承担劳动工资和社会保险核算、人力资源信息化建设等工作"",""职位代码"":""400110501001"",""机构层级"":""市（地）级"",""考试类别"":""市（地）级及以下直属机构综合管理类"",""招考人数"":""1"",""专业"":""水利工程、计算机科学与技术（限计算机应用技术）"",""学历"":""硕士研究生及以上"",""学位"":""与最高学历相对应的学位"",""政治面貌"":""中共党员"",""基层工作最低年限"":""无限制"",""服务基层项目工作经历"":""无限制"",""是否在面试阶段组织专业能力测试"":""否"",""面试人员比例"":""3:1"",""工作地点"":""陕西省西安市"",""落户地点"":""陕西省西安市"",""备注"":""1.联系电话：029-82118507。\n2.限2026届高校毕业生，具有相应学历的毕业证书和学位证书。\n3.与报考职位所在单位工作人员有夫妻关系、直系血亲关系、三代以内旁系血亲关系以及近姻亲关系的人员不得报考同一机关。"",""部门网站"":""http://www.yrcc.gov.cn/"",""咨询电话1"":""0371-66026670"",""咨询电话2"":"""",""咨询电话3"":"""",""来源Sheet"":""中央国家行政机关参照公务员法管理事业单位""}}"
"government_jobs","国家公务员2026招考简章","公务员/事业单位技术岗位","北京市","2026-07-28T09:12:58.310295+00:00","综合业务处一级主任科员及以下","中国人民银行","","北京市","公务员/事业单位;2026;computer_software;cybersecurity_cryptography;electronics_communication;硕士研究生及以上;与最高学历相对应的学位;计算机科学与技术、计算机软件与理论、计算机应用、软件工程、电子科学与技术、信息与通信工程、网络空间安全、电子信息（通信与计算机类）;中央机关及其省级直属机构综合管理类","用人司局：业务司局六
职位简介：从事金融行业信息技术研究、科技建设与管理、国际金融科技交流合作等相关工作。
专业要求：计算机科学与技术、计算机软件与理论、计算机应用、软件工程、电子科学与技术、信息与通信工程、网络空间安全、电子信息（通信与计算机类）
学历要求：硕士研究生及以上
学位要求：与最高学历相对应的学位
政治面貌：不限
基层工作经历：二年
考试类别：中央机关及其省级直属机构综合管理类
备注：英语熟练，具有国内院校本科学历、学位；职位要求专业为报考者最高学历对应专业；具有2年以上系统开发、维护工作经历。","http://bm.scs.gov.cn/kl2026#126000-200110009001","2025-10-14","{""dataset_year"":2026,""job_uid"":""GOV-2026-126000-200110009001"",""publisher"":""国家公务员局"",""publication_page"":""http://bm.scs.gov.cn/kl2026"",""attachment_url"":""local://2026_guokao_zhaokaojianzhang.zip"",""local_source_file"":""中央机关及其直属机构2026年度考试录用公务员招考简章.xls"",""local_source_sha256"":""2670bae1df1dd07a3a3c79b9db46a11e3bb15a6c9c249e6af98bfd0b61ce3aaf"",""source_sheet"":""中央国家行政机关（本级）"",""filter_version"":""government_tech_v2"",""tech_filter"":{""is_tech"":true,""is_core_tech"":true,""scope"":""core"",""categories"":[""computer_software"",""cybersecurity_cryptography"",""electronics_communication""],""matched_fields"":[""major"",""description"",""remarks""],""major_terms"":[""信息与通信工程"",""电子信息"",""电子科学与技术"",""网络空间安全"",""计算机"",""计算机科学与技术"",""计算机类"",""软件工程"",""通信工程""],""role_terms"":[""信息技术"",""系统开发""],""reason"":""tech_major_and_role""},""original"":{""部门代码"":""126000"",""部门名称"":""中国人民银行"",""用人司局"":""业务司局六"",""机构性质"":""中央国家行政机关（本级）"",""招考职位"":""综合业务处一级主任科员及以下"",""职位属性"":""普通职位"",""职位分布"":""其他职位"",""职位简介"":""从事金融行业信息技术研究、科技建设与管理、国际金融科技交流合作等相关工作。"",""职位代码"":""200110009001"",""机构层级"":""中央"",""考试类别"":""中央机关及其省级直属机构综合管理类"",""招考人数"":""2"",""专业"":""计算机科学与技术、计算机软件与理论、计算机应用、软件工程、电子科学与技术、信息与通信工程、网络空间安全、电子信息（通信与计算机类）"",""学历"":""硕士研究生及以上"",""学位"":""与最高学历相对应的学位"",""政治面貌"":""不限"",""基层工作最低年限"":""二年"",""服务基层项目工作经历"":""无限制"",""是否在面试阶段组织专业能力测试"":""否"",""面试人员比例"":""5:1"",""工作地点"":""北京市"",""落户地点"":""北京市"",""备注"":""英语熟练，具有国内院校本科学历、学位；职位要求专业为报考者最高学历对应专业；具有2年以上系统开发、维护工作经历。"",""部门网站"":""www.pbc.gov.cn"",""咨询电话1"":""010-66194839"",""咨询电话2"":"""",""咨询电话3"":"""",""来源Sheet"":""中央国家行政机关（本级）""}}"
"government_jobs","国家公务员2026招考简章","公务员/事业单位技术岗位","北京市","2026-07-28T09:12:58.310295+00:00","综合业务处一级主任科员及以下","中国人民银行","","北京市","公务员/事业单位;2026;computer_software;cybersecurity_cryptography;electronics_communication;硕士研究生及以上;与最高学历相对应的学位;计算机科学与技术、计算机软件与理论、计算机应用、软件工程、电子科学与技术、信息与通信工程、网络空间安全、电子信息（通信与计算机类）;中央机关及其省级直属机构综合管理类","用人司局：业务司局十
职位简介：从事金融行业信息技术研究、科技建设与管理、国际金融科技交流合作、金融领域国际交往等相关工作。根据工作需要适时派出驻外工作，需服从驻外工作安排。
专业要求：计算机科学与技术、计算机软件与理论、计算机应用、软件工程、电子科学与技术、信息与通信工程、网络空间安全、电子信息（通信与计算机类）
学历要求：硕士研究生及以上
学位要求：与最高学历相对应的学位
政治面貌：不限
基层工作经历：无限制
考试类别：中央机关及其省级直属机构综合管理类
备注：英语熟练，具有国内院校本科学历、学位；职位要求专业为报考者最高学历对应专业；非应届毕业生报考还应符合以下条件：具有2年以上系统开发、维护工作经历。","http://bm.scs.gov.cn/kl2026#126000-200110013001","2025-10-14","{""dataset_year"":2026,""job_uid"":""GOV-2026-126000-200110013001"",""publisher"":""国家公务员局"",""publication_page"":""http://bm.scs.gov.cn/kl2026"",""attachment_url"":""local://2026_guokao_zhaokaojianzhang.zip"",""local_source_file"":""中央机关及其直属机构2026年度考试录用公务员招考简章.xls"",""local_source_sha256"":""2670bae1df1dd07a3a3c79b9db46a11e3bb15a6c9c249e6af98bfd0b61ce3aaf"",""source_sheet"":""中央国家行政机关（本级）"",""filter_version"":""government_tech_v2"",""tech_filter"":{""is_tech"":true,""is_core_tech"":true,""scope"":""core"",""categories"":[""computer_software"",""cybersecurity_cryptography"",""electronics_communication""],""matched_fields"":[""major"",""description"",""remarks""],""major_terms"":[""信息与通信工程"",""电子信息"",""电子科学与技术"",""网络空间安全"",""计算机"",""计算机科学与技术"",""计算机类"",""软件工程"",""通信工程""],""role_terms"":[""信息技术"",""系统开发""],""reason"":""tech_major_and_role""},""original"":{""部门代码"":""126000"",""部门名称"":""中国人民银行"",""用人司局"":""业务司局十"",""机构性质"":""中央国家行政机关（本级）"",""招考职位"":""综合业务处一级主任科员及以下"",""职位属性"":""普通职位"",""职位分布"":""其他职位"",""职位简介"":""从事金融行业信息技术研究、科技建设与管理、国际金融科技交流合作、金融领域国际交往等相关工作。根据工作需要适时派出驻外工作，需服从驻外工作安排。"",""职位代码"":""200110013001"",""机构层级"":""中央"",""考试类别"":""中央机关及其省级直属机构综合管理类"",""招考人数"":""1"",""专业"":""计算机科学与技术、计算机软件与理论、计算机应用、软件工程、电子科学与技术、信息与通信工程、网络空间安全、电子信息（通信与计算机类）"",""学历"":""硕士研究生及以上"",""学位"":""与最高学历相对应的学位"",""政治面貌"":""不限"",""基层工作最低年限"":""无限制"",""服务基层项目工作经历"":""无限制"",""是否在面试阶段组织专业能力测试"":""否"",""面试人员比例"":""5:1"",""工作地点"":""北京市"",""落户地点"":""北京市"",""备注"":""英语熟练，具有国内院校本科学历、学位；职位要求专业为报考者最高学历对应专业；非应届毕业生报考还应符合以下条件：具有2年以上系统开发、维护工作经历。"",""部门网站"":""www.pbc.gov.cn"",""咨询电话1"":""010-66194839"",""咨询电话2"":"""",""咨询电话3"":"""",""来源Sheet"":""中央国家行政机关（本级）""}}"
"government_jobs","国家公务员2026招考简章","公务员/事业单位技术岗位","北京市","2026-07-28T09:12:58.310295+00:00","综合业务处一级主任科员及以下","中国人民银行","","北京市","公务员/事业单位;2026;computer_software;cybersecurity_cryptography;硕士研究生及以上;与最高学历相对应的学位;0812计算机科学与技术、085404计算机技术、085410人工智能、085411大数据技术与工程、085412网络与信息安全;中央机关及其省级直属机构综合管理类","用人司局：中国反洗钱监测分析中心
职位简介：从事反洗钱监测分析、系统运维、系统开发等工作。
专业要求：0812计算机科学与技术、085404计算机技术、085410人工智能、085411大数据技术与工程、085412网络与信息安全
学历要求：硕士研究生及以上
学位要求：与最高学历相对应的学位
政治面貌：不限
基层工作经历：无限制
考试类别：中央机关及其省级直属机构综合管理类
备注：考生咨询电话：010-66199101。
1.职位要求专业为报考者最高学历学位对应专业；
2.具有国内院校本科学历、学位；
3.非应届毕业生报考，应有2年以上国有商业银行总行本级或全国性股份制商业银行总行本级工作经历；
4.英语水平应达到大学英语六级425分以上或专业英语四级以上或雅思成绩6.0分以上或托福成绩90分以上（请在备注栏注明成绩）。","http://bm.scs.gov.cn/kl2026#126000-400110015001","2025-10-14","{""dataset_year"":2026,""job_uid"":""GOV-2026-126000-400110015001"",""publisher"":""国家公务员局"",""publication_page"":""http://bm.scs.gov.cn/kl2026"",""attachment_url"":""local://2026_guokao_zhaokaojianzhang.zip"",""local_source_file"":""中央机关及其直属机构2026年度考试录用公务员招考简章.xls"",""local_source_sha256"":""2670bae1df1dd07a3a3c79b9db46a11e3bb15a6c9c249e6af98bfd0b61ce3aaf"",""source_sheet"":""中央国家行政机关参照公务员法管理事业单位"",""filter_version"":""government_tech_v2"",""tech_filter"":{""is_tech"":true,""is_core_tech"":true,""scope"":""core"",""categories"":[""computer_software"",""cybersecurity_cryptography""],""matched_fields"":[""major"",""description""],""major_terms"":[""人工智能"",""信息安全"",""大数据"",""计算机技术"",""计算机科学与技术""],""role_terms"":[""系统开发"",""系统运维""],""reason"":""tech_major_and_role""},""original"":{""部门代码"":""126000"",""部门名称"":""中国人民银行"",""用人司局"":""中国反洗钱监测分析中心"",""机构性质"":""中央国家行政机关参照公务员法管理事业单位"",""招考职位"":""综合业务处一级主任科员及以下"",""职位属性"":""普通职位"",""职位分布"":""其他职位"",""职位简介"":""从事反洗钱监测分析、系统运维、系统开发等工作。"",""职位代码"":""400110015001"",""机构层级"":""中央"",""考试类别"":""中央机关及其省级直属机构综合管理类"",""招考人数"":""3"",""专业"":""0812计算机科学与技术、085404计算机技术、085410人工智能、085411大数据技术与工程、085412网络与信息安全"",""学历"":""硕士研究生及以上"",""学位"":""与最高学历相对应的学位"",""政治面貌"":""不限"",""基层工作最低年限"":""无限制"",""服务基层项目工作经历"":""无限制"",""是否在面试阶段组织专业能力测试"":""否"",""面试人员比例"":""5:1"",""工作地点"":""北京市"",""落户地点"":""北京市"",""备注"":""考生咨询电话：010-66199101。\n1.职位要求专业为报考者最高学历学位对应专业；\n2.具有国内院校本科学历、学位；\n3.非应届毕业生报考，应有2年以上国有商业银行总行本级或全国性股份制商业银行总行本级工作经历；\n4.英语水平应达到大学英语六级425分以上或专业英语四级以上或雅思成绩6.0分以上或托福成绩90分以上（请在备注栏注明成绩）。"",""部门网站"":""www.pbc.gov.cn"",""咨询电话1"":""010-66194839"",""咨询电话2"":"""",""咨询电话3"":"""",""来源Sheet"":""中央国家行政机关参照公务员法管理事业单位""}}"
"government_jobs","国家公务员2026招考简章","公务员/事业单位技术岗位","北京市","2026-07-28T09:12:58.310295+00:00","业务处室一级主任科员及以下","审计署","","北京市","公务员/事业单位;2026;computer_software;仅限硕士研究生;与最高学历相对应的学位;经济学、会计、财务管理、审计、金融、计算机。（详见备注）;中央机关及其省级直属机构综合管理类","用人司局：业务司局02
职位简介：从事审计业务工作
专业要求：经济学、会计、财务管理、审计、金融、计算机。（详见备注）
学历要求：仅限硕士研究生
学位要求：与最高学历相对应的学位
政治面貌：中共党员或共青团员
基层工作经历：二年
考试类别：中央机关及其省级直属机构综合管理类
备注：复合型专业：所学专业为经济学类（0201）、财政学类（0202）、金融学类（0203）、理论经济学类（0201）、应用经济学类（0202）、会计学（120203、120201）、财务管理（120204）、审计学（120207）、金融（0251）、会计（1253）、审计（1257）的任一专业加计算机科学与技术（080901、0812）、 软件工程（080902、0835）的任一专业。限以主修专业报考，各阶段学历证书、学位证书双证齐全。大学英语六级成绩在425分及以上。从事财政、金融、会计、审计、计算机等相关工作两年以上，且报考时为在职状态。工作经历需全职在岗工作，具有劳动合同（聘用合同）并已同期缴纳相应养老保险，本招考简章发布后补缴不予认可。专业能力测试范围为履行职责必需的相关专业知识和技能，占综合总成绩10%。","http://bm.scs.gov.cn/kl2026#127000-200110002001","2025-10-14","{""dataset_year"":2026,""job_uid"":""GOV-2026-127000-200110002001"",""publisher"":""国家公务员局"",""publication_page"":""http://bm.scs.gov.cn/kl2026"",""attachment_url"":""local://2026_guokao_zhaokaojianzhang.zip"",""local_source_file"":""中央机关及其直属机构2026年度考试录用公务员招考简章.xls"",""local_source_sha256"":""2670bae1df1dd07a3a3c79b9db46a11e3bb15a6c9c249e6af98bfd0b61ce3aaf"",""source_sheet"":""中央国家行政机关（本级）"",""filter_version"":""government_tech_v2"",""tech_filter"":{""is_tech"":true,""is_core_tech"":true,""scope"":""core"",""categories"":[""computer_software""],""matched_fields"":[""major"",""remarks""],""major_terms"":[""计算机""],""role_terms"":[""计算机"",""软件"",""软件工程""],""reason"":""tech_major_and_role""},""original"":{""部门代码"":""127000"",""部门名称"":""审计署"",""用人司局"":""业务司局02"",""机构性质"":""中央国家行政机关（本级）"",""招考职位"":""业务处室一级主任科员及以下"",""职位属性"":""普通职位"",""职位分布"":""其他职位"",""职位简介"":""从事审计业务工作"",""职位代码"":""200110002001"",""机构层级"":""中央"",""考试类别"":""中央机关及其省级直属机构综合管理类"",""招考人数"":""3"",""专业"":""经济学、会计、财务管理、审计、金融、计算机。（详见备注）"",""学历"":""仅限硕士研究生"",""学位"":""与最高学历相对应的学位"",""政治面貌"":""中共党员或共青团员"",""基层工作最低年限"":""二年"",""服务基层项目工作经历"":""无限制"",""是否在面试阶段组织专业能力测试"":""是"",""面试人员比例"":""5:1"",""工作地点"":""北京市"",""落户地点"":""北京市"",""备注"":""复合型专业：所学专业为经济学类（0201）、财政学类（0202）、金融学类（0203）、理论经济学类（0201）、应用经济学类（0202）、会计学（120203、120201）、财务管理（120204）、审计学（120207）、金融（0251）、会计（1253）、审计（1257）的任一专业加计算机科学与技术（080901、0812）、 软件工程（080902、0835）的任一专业。限以主修专业报考，各阶段学历证书、学位证书双证齐全。大学英语六级成绩在425分及以上。从事财政、金融、会计、审计、计算机等相关工作两年以上，且报考时为在职状态。工作经历需全职在岗工作，具有劳动合同（聘用合同）并已同期缴纳相应养老保险，本招考简章发布后补缴不予认可。专业能力测试范围为履行职责必需的相关专业知识和技能，占综合总成绩10%。"",""部门网站"":""www.audit.gov.cn"",""咨询电话1"":""010-50993495"",""咨询电话2"":""010-50993496"",""咨询电话3"":"""",""来源Sheet"":""中央国家行政机关（本级）""}}"
"government_jobs","国家公务员2026招考简章","公务员/事业单位技术岗位","北京市","2026-07-28T09:12:58.310295+00:00","内设部门三级主任科员及以下","海关总署","","北京市","公务员/事业单位;2026;computer_software;data_ai;electronics_communication;本科或硕士研究生;与最高学历相对应的学位;计算机科学与技术、软件工程、电子信息工程、数学与应用数学、统计学;中央机关及其省级直属机构综合管理类","用人司局：全国海关信息中心（全国海关电子通关中心）
职位简介：从事海关信息系统项目管理及大数据应用等相关工作。
专业要求：计算机科学与技术、软件工程、电子信息工程、数学与应用数学、统计学
学历要求：本科或硕士研究生
学位要求：与最高学历相对应的学位
政治面貌：中共党员
基层工作经历：无限制
考试类别：中央机关及其省级直属机构综合管理类
备注：1.本科生：大学英语四级考试425分及以上；研究生：大学英语六级考试425分及以上。
2.考生必须具备与填报学历及专业相应的学位。
3.在本单位最低服务年限5年（含试用期）。","http://bm.scs.gov.cn/kl2026#129000-400110004001","2025-10-14","{""dataset_year"":2026,""job_uid"":""GOV-2026-129000-400110004001"",""publisher"":""国家公务员局"",""publication_page"":""http://bm.scs.gov.cn/kl2026"",""attachment_url"":""local://2026_guokao_zhaokaojianzhang.zip"",""local_source_file"":""中央机关及其直属机构2026年度考试录用公务员招考简章.xls"",""local_source_sha256"":""2670bae1df1dd07a3a3c79b9db46a11e3bb15a6c9c249e6af98bfd0b61ce3aaf"",""source_sheet"":""中央国家行政机关参照公务员法管理事业单位"",""filter_version"":""government_tech_v2"",""tech_filter"":{""is_tech"":true,""is_core_tech"":true,""scope"":""core"",""categories"":[""computer_software"",""data_ai"",""electronics_communication""],""matched_fields"":[""major"",""description""],""major_terms"":[""电子信息工程"",""计算机科学与技术"",""软件工程""],""role_terms"":[""信息系统"",""大数据"",""数据应用""],""reason"":""tech_major_and_role""},""original"":{""部门代码"":""129000"",""部门名称"":""海关总署"",""用人司局"":""全国海关信息中心（全国海关电子通关中心）"",""机构性质"":""中央国家行政机关参照公务员法管理事业单位"",""招考职位"":""内设部门三级主任科员及以下"",""职位属性"":""普通职位"",""职位分布"":""其他职位"",""职位简介"":""从事海关信息系统项目管理及大数据应用等相关工作。"",""职位代码"":""400110004001"",""机构层级"":""省（副省）级"",""考试类别"":""中央机关及其省级直属机构综合管理类"",""招考人数"":""2"",""专业"":""计算机科学与技术、软件工程、电子信息工程、数学与应用数学、统计学"",""学历"":""本科或硕士研究生"",""学位"":""与最高学历相对应的学位"",""政治面貌"":""中共党员"",""基层工作最低年限"":""无限制"",""服务基层项目工作经历"":""无限制"",""是否在面试阶段组织专业能力测试"":""否"",""面试人员比例"":""5:1"",""工作地点"":""北京市"",""落户地点"":""北京市"",""备注"":""1.本科生：大学英语四级考试425分及以上；研究生：大学英语六级考试425分及以上。\n2.考生必须具备与填报学历及专业相应的学位。\n3.在本单位最低服务年限5年（含试用期）。"",""部门网站"":""www.customs.gov.cn"",""咨询电话1"":""010-65194109"",""咨询电话2"":"""",""咨询电话3"":"""",""来源Sheet"":""中央国家行政机关参照公务员法管理事业单位""}}"
"government_jobs","国家公务员2026招考简章","公务员/事业单位技术岗位","天津市","2026-07-28T09:12:58.310295+00:00","风险防控（电子信息化类）专业技术员","天津海关","","天津市","公务员/事业单位;2026;computer_software;electronics_communication;仅限本科;学士;计算机科学与技术、软件工程、网络工程、智能科学与技术;中央机关及其省级直属机构综合管理类","用人司局：天津海关风险防控分局
职位简介：从事海关风险防控、智慧海关建设工作。
专业要求：计算机科学与技术、软件工程、网络工程、智能科学与技术
学历要求：仅限本科
学位要求：学士
政治面貌：不限
基层工作经历：二年
考试类别：中央机关及其省级直属机构综合管理类
备注：大学英语四级考试425分及以上；本职位所指专业为具体专业名称；考生必须具备与填报学历及专业相应的学位；在本单位最低服务年限5年（含试用期）；专业能力测试安排，详见海关总署网站（www.customs.gov.cn）。","http://bm.scs.gov.cn/kl2026#129105-300110010001","2025-10-14","{""dataset_year"":2026,""job_uid"":""GOV-2026-129105-300110010001"",""publisher"":""国家公务员局"",""publication_page"":""http://bm.scs.gov.cn/kl2026"",""attachment_url"":""local://2026_guokao_zhaokaojianzhang.zip"",""local_source_file"":""中央机关及其直属机构2026年度考试录用公务员招考简章.xls"",""local_source_sha256"":""2670bae1df1dd07a3a3c79b9db46a11e3bb15a6c9c249e6af98bfd0b61ce3aaf"",""source_sheet"":""中央国家行政机关省级以下直属机构"",""filter_version"":""government_tech_v2"",""tech_filter"":{""is_tech"":true,""is_core_tech"":true,""scope"":""core"",""categories"":[""computer_software"",""electronics_communication""],""matched_fields"":[""major"",""job_title"",""description""],""major_terms"":[""智能科学与技术"",""网络工程"",""计算机科学与技术"",""软件工程""],""role_terms"":[""信息化"",""智慧"",""电子信息""],""reason"":""tech_major_and_role""},""original"":{""部门代码"":""129105"",""部门名称"":""天津海关"",""用人司局"":""天津海关风险防控分局"",""机构性质"":""中央国家行政机关省级以下直属机构"",""招考职位"":""风险防控（电子信息化类）专业技术员"",""职位属性"":""普通职位"",""职位分布"":""其他职位"",""职位简介"":""从事海关风险防控、智慧海关建设工作。"",""职位代码"":""300110010001"",""机构层级"":""省（副省）级"",""考试类别"":""中央机关及其省级直属机构综合管理类"",""招考人数"":""1"",""专业"":""计算机科学与技术、软件工程、网络工程、智能科学与技术"",""学历"":""仅限本科"",""学位"":""学士"",""政治面貌"":""不限"",""基层工作最低年限"":""二年"",""服务基层项目工作经历"":""无限制"",""是否在面试阶段组织专业能力测试"":""是"",""面试人员比例"":""3:1"",""工作地点"":""天津市"",""落户地点"":""天津市"",""备注"":""大学英语四级考试425分及以上；本职位所指专业为具体专业名称；考生必须具备与填报学历及专业相应的学位；在本单位最低服务年限5年（含试用期）；专业能力测试安排，详见海关总署网站（www.customs.gov.cn）。"",""部门网站"":""http://tianjin.customs.gov.cn"",""咨询电话1"":""022-84201707"",""咨询电话2"":""022-84201751"",""咨询电话3"":"""",""来源Sheet"":""中央国家行政机关省级以下直属机构""}}"
"government_jobs","国家公务员2026招考简章","公务员/事业单位技术岗位","河北省石家庄市","2026-07-28T09:12:58.310295+00:00","科技管理（电子信息化类）一级行政执法员","石家庄海关","","河北省石家庄市","公务员/事业单位;2026;computer_software;electronics_communication;仅限本科;学士;电子信息工程、电子科学与技术、通信工程、微电子科学与工程、光电信息科学与工程、信息工程、电子信息科学与技术、电信工程及管理、应用电子技术教育、人工智能;行政执法类","用人司局：石家庄机场海关
职位简介：从事海关一线监管及智慧海关建设工作。
专业要求：电子信息工程、电子科学与技术、通信工程、微电子科学与工程、光电信息科学与工程、信息工程、电子信息科学与技术、电信工程及管理、应用电子技术教育、人工智能
学历要求：仅限本科
学位要求：学士
政治面貌：不限
基层工作经历：无限制
考试类别：行政执法类
备注：限2026届高校毕业生；大学英语四级考试425分及以上；现场一线岗位；需24小时倒班；本职位所指专业为具体专业名称；考生必须具备与填报学历及专业相应的学位；在本单位最低服务年限5年（含试用期）；住宿自理；专业能力测试安排，详见海关总署网站（www.customs.gov.cn）。","http://bm.scs.gov.cn/kl2026#129106-300110001004","2025-10-14","{""dataset_year"":2026,""job_uid"":""GOV-2026-129106-300110001004"",""publisher"":""国家公务员局"",""publication_page"":""http://bm.scs.gov.cn/kl2026"",""attachment_url"":""local://2026_guokao_zhaokaojianzhang.zip"",""local_source_file"":""中央机关及其直属机构2026年度考试录用公务员招考简章.xls"",""local_source_sha256"":""2670bae1df1dd07a3a3c79b9db46a11e3bb15a6c9c249e6af98bfd0b61ce3aaf"",""source_sheet"":""中央国家行政机关省级以下直属机构"",""filter_version"":""government_tech_v2"",""tech_filter"":{""is_tech"":true,""is_core_tech"":true,""scope"":""core"",""categories"":[""computer_software"",""electronics_communication""],""matched_fields"":[""major"",""job_title"",""description""],""major_terms"":[""人工智能"",""光电信息"",""微电子科学与工程"",""电子信息"",""电子信息工程"",""电子科学与技术"",""通信工程""],""role_terms"":[""信息化"",""智慧"",""电子信息""],""reason"":""tech_major_and_role""},""original"":{""部门代码"":""129106"",""部门名称"":""石家庄海关"",""用人司局"":""石家庄机场海关"",""机构性质"":""中央国家行政机关省级以下直属机构"",""招考职位"":""科技管理（电子信息化类）一级行政执法员"",""职位属性"":""普通职位"",""职位分布"":""其他职位"",""职位简介"":""从事海关一线监管及智慧海关建设工作。"",""职位代码"":""300110001004"",""机构层级"":""县（区）级及以下"",""考试类别"":""行政执法类"",""招考人数"":""1"",""专业"":""电子信息工程、电子科学与技术、通信工程、微电子科学与工程、光电信息科学与工程、信息工程、电子信息科学与技术、电信工程及管理、应用电子技术教育、人工智能"",""学历"":""仅限本科"",""学位"":""学士"",""政治面貌"":""不限"",""基层工作最低年限"":""无限制"",""服务基层项目工作经历"":""无限制"",""是否在面试阶段组织专业能力测试"":""是"",""面试人员比例"":""3:1"",""工作地点"":""河北省石家庄市"",""落户地点"":""河北省石家庄市"",""备注"":""限2026届高校毕业生；大学英语四级考试425分及以上；现场一线岗位；需24小时倒班；本职位所指专业为具体专业名称；考生必须具备与填报学历及专业相应的学位；在本单位最低服务年限5年（含试用期）；住宿自理；专业能力测试安排，详见海关总署网站（www.customs.gov.cn）。"",""部门网站"":""http://shijiazhuang.customs.gov.cn"",""咨询电话1"":""0311-66709343"",""咨询电话2"":""0311-66709344"",""咨询电话3"":"""",""来源Sheet"":""中央国家行政机关省级以下直属机构""}}"
"government_jobs","国家公务员2026招考简章","公务员/事业单位技术岗位","河北省石家庄市","2026-07-28T09:12:58.310295+00:00","科技管理（电子信息化类）一级行政执法员","石家庄海关","","河北省石家庄市","公务员/事业单位;2026;computer_software;electronics_communication;仅限本科;学士;电子信息工程、电子科学与技术、通信工程、微电子科学与工程、光电信息科学与工程、信息工程、电子信息科学与技术、电信工程及管理、应用电子技术教育、人工智能;行政执法类","用人司局：鹿泉海关
职位简介：从事海关一线监管及智慧海关建设工作。
专业要求：电子信息工程、电子科学与技术、通信工程、微电子科学与工程、光电信息科学与工程、信息工程、电子信息科学与技术、电信工程及管理、应用电子技术教育、人工智能
学历要求：仅限本科
学位要求：学士
政治面貌：不限
基层工作经历：无限制
考试类别：行政执法类
备注：限2026届高校毕业生；大学英语四级考试425分及以上；现场一线岗位；本职位所指专业为具体专业名称；考生必须具备与填报学历及专业相应的学位；在本单位最低服务年限5年（含试用期）；住宿自理；专业能力测试安排，详见海关总署网站（www.customs.gov.cn）。","http://bm.scs.gov.cn/kl2026#129106-300110002004","2025-10-14","{""dataset_year"":2026,""job_uid"":""GOV-2026-129106-300110002004"",""publisher"":""国家公务员局"",""publication_page"":""http://bm.scs.gov.cn/kl2026"",""attachment_url"":""local://2026_guokao_zhaokaojianzhang.zip"",""local_source_file"":""中央机关及其直属机构2026年度考试录用公务员招考简章.xls"",""local_source_sha256"":""2670bae1df1dd07a3a3c79b9db46a11e3bb15a6c9c249e6af98bfd0b61ce3aaf"",""source_sheet"":""中央国家行政机关省级以下直属机构"",""filter_version"":""government_tech_v2"",""tech_filter"":{""is_tech"":true,""is_core_tech"":true,""scope"":""core"",""categories"":[""computer_software"",""electronics_communication""],""matched_fields"":[""major"",""job_title"",""description""],""major_terms"":[""人工智能"",""光电信息"",""微电子科学与工程"",""电子信息"",""电子信息工程"",""电子科学与技术"",""通信工程""],""role_terms"":[""信息化"",""智慧"",""电子信息""],""reason"":""tech_major_and_role""},""original"":{""部门代码"":""129106"",""部门名称"":""石家庄海关"",""用人司局"":""鹿泉海关"",""机构性质"":""中央国家行政机关省级以下直属机构"",""招考职位"":""科技管理（电子信息化类）一级行政执法员"",""职位属性"":""普通职位"",""职位分布"":""其他职位"",""职位简介"":""从事海关一线监管及智慧海关建设工作。"",""职位代码"":""300110002004"",""机构层级"":""县（区）级及以下"",""考试类别"":""行政执法类"",""招考人数"":""1"",""专业"":""电子信息工程、电子科学与技术、通信工程、微电子科学与工程、光电信息科学与工程、信息工程、电子信息科学与技术、电信工程及管理、应用电子技术教育、人工智能"",""学历"":""仅限本科"",""学位"":""学士"",""政治面貌"":""不限"",""基层工作最低年限"":""无限制"",""服务基层项目工作经历"":""无限制"",""是否在面试阶段组织专业能力测试"":""是"",""面试人员比例"":""3:1"",""工作地点"":""河北省石家庄市"",""落户地点"":""河北省石家庄市"",""备注"":""限2026届高校毕业生；大学英语四级考试425分及以上；现场一线岗位；本职位所指专业为具体专业名称；考生必须具备与填报学历及专业相应的学位；在本单位最低服务年限5年（含试用期）；住宿自理；专业能力测试安排，详见海关总署网站（www.customs.gov.cn）。"",""部门网站"":""http://shijiazhuang.customs.gov.cn"",""咨询电话1"":""0311-66709343"",""咨询电话2"":""0311-66709344"",""咨询电话3"":"""",""来源Sheet"":""中央国家行政机关省级以下直属机构""}}"
"government_jobs","国家公务员2026招考简章","公务员/事业单位技术岗位","河北省唐山市","2026-07-28T09:12:58.310295+00:00","科技管理（电子信息化类）一级行政执法员","石家庄海关","","河北省唐山市","公务员/事业单位;2026;computer_software;electronics_communication;仅限本科;学士;电子信息工程、电子科学与技术、通信工程、微电子科学与工程、光电信息科学与工程、信息工程、电子信息科学与技术、电信工程及管理、应用电子技术教育、人工智能;行政执法类","用人司局：唐山海关
职位简介：从事海关一线监管及智慧海关建设工作。
专业要求：电子信息工程、电子科学与技术、通信工程、微电子科学与工程、光电信息科学与工程、信息工程、电子信息科学与技术、电信工程及管理、应用电子技术教育、人工智能
学历要求：仅限本科
学位要求：学士
政治面貌：不限
基层工作经历：无限制
考试类别：行政执法类
备注：限应届高校毕业生；大学英语四级考试425分及以上；现场一线岗位；本职位所指专业为具体专业名称；考生必须具备与填报学历及专业相应的学位；在本单位最低服务年限5年（含试用期）；住宿自理；专业能力测试安排，详见海关总署网站（www.customs.gov.cn）。","http://bm.scs.gov.cn/kl2026#129106-300110006001","2025-10-14","{""dataset_year"":2026,""job_uid"":""GOV-2026-129106-300110006001"",""publisher"":""国家公务员局"",""publication_page"":""http://bm.scs.gov.cn/kl2026"",""attachment_url"":""local://2026_guokao_zhaokaojianzhang.zip"",""local_source_file"":""中央机关及其直属机构2026年度考试录用公务员招考简章.xls"",""local_source_sha256"":""2670bae1df1dd07a3a3c79b9db46a11e3bb15a6c9c249e6af98bfd0b61ce3aaf"",""source_sheet"":""中央国家行政机关省级以下直属机构"",""filter_version"":""government_tech_v2"",""tech_filter"":{""is_tech"":true,""is_core_tech"":true,""scope"":""core"",""categories"":[""computer_software"",""electronics_communication""],""matched_fields"":[""major"",""job_title"",""description""],""major_terms"":[""人工智能"",""光电信息"",""微电子科学与工程"",""电子信息"",""电子信息工程"",""电子科学与技术"",""通信工程""],""role_terms"":[""信息化"",""智慧"",""电子信息""],""reason"":""tech_major_and_role""},""original"":{""部门代码"":""129106"",""部门名称"":""石家庄海关"",""用人司局"":""唐山海关"",""机构性质"":""中央国家行政机关省级以下直属机构"",""招考职位"":""科技管理（电子信息化类）一级行政执法员"",""职位属性"":""普通职位"",""职位分布"":""其他职位"",""职位简介"":""从事海关一线监管及智慧海关建设工作。"",""职位代码"":""300110006001"",""机构层级"":""县（区）级及以下"",""考试类别"":""行政执法类"",""招考人数"":""1"",""专业"":""电子信息工程、电子科学与技术、通信工程、微电子科学与工程、光电信息科学与工程、信息工程、电子信息科学与技术、电信工程及管理、应用电子技术教育、人工智能"",""学历"":""仅限本科"",""学位"":""学士"",""政治面貌"":""不限"",""基层工作最低年限"":""无限制"",""服务基层项目工作经历"":""无限制"",""是否在面试阶段组织专业能力测试"":""是"",""面试人员比例"":""3:1"",""工作地点"":""河北省唐山市"",""落户地点"":""河北省唐山市"",""备注"":""限应届高校毕业生；大学英语四级考试425分及以上；现场一线岗位；本职位所指专业为具体专业名称；考生必须具备与填报学历及专业相应的学位；在本单位最低服务年限5年（含试用期）；住宿自理；专业能力测试安排，详见海关总署网站（www.customs.gov.cn）。"",""部门网站"":""http://shijiazhuang.customs.gov.cn"",""咨询电话1"":""0311-66709343"",""咨询电话2"":""0311-66709344"",""咨询电话3"":"""",""来源Sheet"":""中央国家行政机关省级以下直属机构""}}"
"government_jobs","国家公务员2026招考简章","公务员/事业单位技术岗位","河北省保定市","2026-07-28T09:12:58.310295+00:00","科技管理（统计分析应用类）一级行政执法员","石家庄海关","","河北省保定市","公务员/事业单位;2026;computer_software;仅限本科;学士;大数据管理与应用、数学与应用数学、数据计算及应用、信息与计算科学、统计学、应用统计学;行政执法类","用人司局：保定海关
职位简介：从事海关一线监管及智慧海关建设工作。
专业要求：大数据管理与应用、数学与应用数学、数据计算及应用、信息与计算科学、统计学、应用统计学
学历要求：仅限本科
学位要求：学士
政治面貌：不限
基层工作经历：无限制
考试类别：行政执法类
备注：限2026届高校毕业生；大学英语四级考试425分及以上；现场一线岗位；本职位所指专业为具体专业名称；考生必须具备与填报学历及专业相应的学位；在本单位最低服务年限5年（含试用期）；住宿自理；专业能力测试安排，详见海关总署网站（www.customs.gov.cn）。","http://bm.scs.gov.cn/kl2026#129106-300110010001","2025-10-14","{""dataset_year"":2026,""job_uid"":""GOV-2026-129106-300110010001"",""publisher"":""国家公务员局"",""publication_page"":""http://bm.scs.gov.cn/kl2026"",""attachment_url"":""local://2026_guokao_zhaokaojianzhang.zip"",""local_source_file"":""中央机关及其直属机构2026年度考试录用公务员招考简章.xls"",""local_source_sha256"":""2670bae1df1dd07a3a3c79b9db46a11e3bb15a6c9c249e6af98bfd0b61ce3aaf"",""source_sheet"":""中央国家行政机关省级以下直属机构"",""filter_version"":""government_tech_v2"",""tech_filter"":{""is_tech"":true,""is_core_tech"":true,""scope"":""core"",""categories"":[""computer_software""],""matched_fields"":[""major"",""description""],""major_terms"":[""大数据""],""role_terms"":[""智慧""],""reason"":""tech_major_and_role""},""original"":{""部门代码"":""129106"",""部门名称"":""石家庄海关"",""用人司局"":""保定海关"",""机构性质"":""中央国家行政机关省级以下直属机构"",""招考职位"":""科技管理（统计分析应用类）一级行政执法员"",""职位属性"":""普通职位"",""职位分布"":""其他职位"",""职位简介"":""从事海关一线监管及智慧海关建设工作。"",""职位代码"":""300110010001"",""机构层级"":""县（区）级及以下"",""考试类别"":""行政执法类"",""招考人数"":""1"",""专业"":""大数据管理与应用、数学与应用数学、数据计算及应用、信息与计算科学、统计学、应用统计学"",""学历"":""仅限本科"",""学位"":""学士"",""政治面貌"":""不限"",""基层工作最低年限"":""无限制"",""服务基层项目工作经历"":""无限制"",""是否在面试阶段组织专业能力测试"":""是"",""面试人员比例"":""3:1"",""工作地点"":""河北省保定市"",""落户地点"":""河北省保定市"",""备注"":""限2026届高校毕业生；大学英语四级考试425分及以上；现场一线岗位；本职位所指专业为具体专业名称；考生必须具备与填报学历及专业相应的学位；在本单位最低服务年限5年（含试用期）；住宿自理；专业能力测试安排，详见海关总署网站（www.customs.gov.cn）。"",""部门网站"":""http://shijiazhuang.customs.gov.cn"",""咨询电话1"":""0311-66709343"",""咨询电话2"":""0311-66709344"",""咨询电话3"":"""",""来源Sheet"":""中央国家行政机关省级以下直属机构""}}"
"government_jobs","国家公务员2026招考简章","公务员/事业单位技术岗位","河北省保定市","2026-07-28T09:12:58.310295+00:00","科技管理（统计分析应用类）一级行政执法员","石家庄海关","","河北省保定市","公务员/事业单位;2026;computer_software;仅限本科;学士;大数据管理与应用、数学与应用数学、数据计算及应用、信息与计算科学、统计学、应用统计学;行政执法类","用人司局：雄安海关
职位简介：从事海关一线监管及智慧海关建设工作。
专业要求：大数据管理与应用、数学与应用数学、数据计算及应用、信息与计算科学、统计学、应用统计学
学历要求：仅限本科
学位要求：学士
政治面貌：不限
基层工作经历：无限制
考试类别：行政执法类
备注：限2026届高校毕业生；大学英语四级考试425分及以上；现场一线岗位；本职位所指专业为具体专业名称；考生必须具备与填报学历及专业相应的学位；在本单位最低服务年限5年（含试用期）；住宿自理；专业能力测试安排，详见海关总署网站（www.customs.gov.cn）。","http://bm.scs.gov.cn/kl2026#129106-300110011001","2025-10-14","{""dataset_year"":2026,""job_uid"":""GOV-2026-129106-300110011001"",""publisher"":""国家公务员局"",""publication_page"":""http://bm.scs.gov.cn/kl2026"",""attachment_url"":""local://2026_guokao_zhaokaojianzhang.zip"",""local_source_file"":""中央机关及其直属机构2026年度考试录用公务员招考简章.xls"",""local_source_sha256"":""2670bae1df1dd07a3a3c79b9db46a11e3bb15a6c9c249e6af98bfd0b61ce3aaf"",""source_sheet"":""中央国家行政机关省级以下直属机构"",""filter_version"":""government_tech_v2"",""tech_filter"":{""is_tech"":true,""is_core_tech"":true,""scope"":""core"",""categories"":[""computer_software""],""matched_fields"":[""major"",""description""],""major_terms"":[""大数据""],""role_terms"":[""智慧""],""reason"":""tech_major_and_role""},""original"":{""部门代码"":""129106"",""部门名称"":""石家庄海关"",""用人司局"":""雄安海关"",""机构性质"":""中央国家行政机关省级以下直属机构"",""招考职位"":""科技管理（统计分析应用类）一级行政执法员"",""职位属性"":""普通职位"",""职位分布"":""其他职位"",""职位简介"":""从事海关一线监管及智慧海关建设工作。"",""职位代码"":""300110011001"",""机构层级"":""县（区）级及以下"",""考试类别"":""行政执法类"",""招考人数"":""1"",""专业"":""大数据管理与应用、数学与应用数学、数据计算及应用、信息与计算科学、统计学、应用统计学"",""学历"":""仅限本科"",""学位"":""学士"",""政治面貌"":""不限"",""基层工作最低年限"":""无限制"",""服务基层项目工作经历"":""无限制"",""是否在面试阶段组织专业能力测试"":""是"",""面试人员比例"":""3:1"",""工作地点"":""河北省保定市"",""落户地点"":""河北省保定市"",""备注"":""限2026届高校毕业生；大学英语四级考试425分及以上；现场一线岗位；本职位所指专业为具体专业名称；考生必须具备与填报学历及专业相应的学位；在本单位最低服务年限5年（含试用期）；住宿自理；专业能力测试安排，详见海关总署网站（www.customs.gov.cn）。"",""部门网站"":""http://shijiazhuang.customs.gov.cn"",""咨询电话1"":""0311-66709343"",""咨询电话2"":""0311-66709344"",""咨询电话3"":"""",""来源Sheet"":""中央国家行政机关省级以下直属机构""}}"
"government_jobs","国家公务员2026招考简章","公务员/事业单位技术岗位","河北省沧州市","2026-07-28T09:12:58.310295+00:00","科技管理（电子信息化类）一级行政执法员","石家庄海关","","河北省沧州市","公务员/事业单位;2026;computer_software;electronics_communication;仅限本科;学士;电子信息工程、电子科学与技术、通信工程、微电子科学与工程、光电信息科学与工程、信息工程、电子信息科学与技术、电信工程及管理、应用电子技术教育、人工智能;行政执法类","用人司局：沧州海关
职位简介：从事海关一线监管及智慧海关建设工作。
专业要求：电子信息工程、电子科学与技术、通信工程、微电子科学与工程、光电信息科学与工程、信息工程、电子信息科学与技术、电信工程及管理、应用电子技术教育、人工智能
学历要求：仅限本科
学位要求：学士
政治面貌：不限
基层工作经历：无限制
考试类别：行政执法类
备注：限应届高校毕业生；大学英语四级考试425分及以上；现场一线岗位；本职位所指专业为具体专业名称；考生必须具备与填报学历及专业相应的学位；在本单位最低服务年限5年（含试用期）；住宿自理；专业能力测试安排，详见海关总署网站（www.customs.gov.cn）。","http://bm.scs.gov.cn/kl2026#129106-300110012001","2025-10-14","{""dataset_year"":2026,""job_uid"":""GOV-2026-129106-300110012001"",""publisher"":""国家公务员局"",""publication_page"":""http://bm.scs.gov.cn/kl2026"",""attachment_url"":""local://2026_guokao_zhaokaojianzhang.zip"",""local_source_file"":""中央机关及其直属机构2026年度考试录用公务员招考简章.xls"",""local_source_sha256"":""2670bae1df1dd07a3a3c79b9db46a11e3bb15a6c9c249e6af98bfd0b61ce3aaf"",""source_sheet"":""中央国家行政机关省级以下直属机构"",""filter_version"":""government_tech_v2"",""tech_filter"":{""is_tech"":true,""is_core_tech"":true,""scope"":""core"",""categories"":[""computer_software"",""electronics_communication""],""matched_fields"":[""major"",""job_title"",""description""],""major_terms"":[""人工智能"",""光电信息"",""微电子科学与工程"",""电子信息"",""电子信息工程"",""电子科学与技术"",""通信工程""],""role_terms"":[""信息化"",""智慧"",""电子信息""],""reason"":""tech_major_and_role""},""original"":{""部门代码"":""129106"",""部门名称"":""石家庄海关"",""用人司局"":""沧州海关"",""机构性质"":""中央国家行政机关省级以下直属机构"",""招考职位"":""科技管理（电子信息化类）一级行政执法员"",""职位属性"":""普通职位"",""职位分布"":""其他职位"",""职位简介"":""从事海关一线监管及智慧海关建设工作。"",""职位代码"":""300110012001"",""机构层级"":""县（区）级及以下"",""考试类别"":""行政执法类"",""招考人数"":""1"",""专业"":""电子信息工程、电子科学与技术、通信工程、微电子科学与工程、光电信息科学与工程、信息工程、电子信息科学与技术、电信工程及管理、应用电子技术教育、人工智能"",""学历"":""仅限本科"",""学位"":""学士"",""政治面貌"":""不限"",""基层工作最低年限"":""无限制"",""服务基层项目工作经历"":""无限制"",""是否在面试阶段组织专业能力测试"":""是"",""面试人员比例"":""3:1"",""工作地点"":""河北省沧州市"",""落户地点"":""河北省沧州市"",""备注"":""限应届高校毕业生；大学英语四级考试425分及以上；现场一线岗位；本职位所指专业为具体专业名称；考生必须具备与填报学历及专业相应的学位；在本单位最低服务年限5年（含试用期）；住宿自理；专业能力测试安排，详见海关总署网站（www.customs.gov.cn）。"",""部门网站"":""http://shijiazhuang.customs.gov.cn"",""咨询电话1"":""0311-66709343"",""咨询电话2"":""0311-66709344"",""咨询电话3"":"""",""来源Sheet"":""中央国家行政机关省级以下直属机构""}}"
"government_jobs","国家公务员2026招考简章","公务员/事业单位技术岗位","河北省张家口市","2026-07-28T09:12:58.310295+00:00","科技管理（统计分析应用类）一级行政执法员","石家庄海关","","河北省张家口市","公务员/事业单位;2026;computer_software;仅限本科;学士;大数据管理与应用、数学与应用数学、数据计算及应用、信息与计算科学、统计学、应用统计学;行政执法类","用人司局：张家口海关
职位简介：从事海关一线监管及智慧海关建设工作。
专业要求：大数据管理与应用、数学与应用数学、数据计算及应用、信息与计算科学、统计学、应用统计学
学历要求：仅限本科
学位要求：学士
政治面貌：不限
基层工作经历：无限制
考试类别：行政执法类
备注：限2026届高校毕业生；大学英语四级考试425分及以上；现场一线岗位；本职位所指专业为具体专业名称；考生必须具备与填报学历及专业相应的学位；在本单位最低服务年限5年（含试用期）；住宿自理；专业能力测试安排，详见海关总署网站（www.customs.gov.cn）。","http://bm.scs.gov.cn/kl2026#129106-300110017001","2025-10-14","{""dataset_year"":2026,""job_uid"":""GOV-2026-129106-300110017001"",""publisher"":""国家公务员局"",""publication_page"":""http://bm.scs.gov.cn/kl2026"",""attachment_url"":""local://2026_guokao_zhaokaojianzhang.zip"",""local_source_file"":""中央机关及其直属机构2026年度考试录用公务员招考简章.xls"",""local_source_sha256"":""2670bae1df1dd07a3a3c79b9db46a11e3bb15a6c9c249e6af98bfd0b61ce3aaf"",""source_sheet"":""中央国家行政机关省级以下直属机构"",""filter_version"":""government_tech_v2"",""tech_filter"":{""is_tech"":true,""is_core_tech"":true,""scope"":""core"",""categories"":[""computer_software""],""matched_fields"":[""major"",""description""],""major_terms"":[""大数据""],""role_terms"":[""智慧""],""reason"":""tech_major_and_role""},""original"":{""部门代码"":""129106"",""部门名称"":""石家庄海关"",""用人司局"":""张家口海关"",""机构性质"":""中央国家行政机关省级以下直属机构"",""招考职位"":""科技管理（统计分析应用类）一级行政执法员"",""职位属性"":""普通职位"",""职位分布"":""其他职位"",""职位简介"":""从事海关一线监管及智慧海关建设工作。"",""职位代码"":""300110017001"",""机构层级"":""县（区）级及以下"",""考试类别"":""行政执法类"",""招考人数"":""1"",""专业"":""大数据管理与应用、数学与应用数学、数据计算及应用、信息与计算科学、统计学、应用统计学"",""学历"":""仅限本科"",""学位"":""学士"",""政治面貌"":""不限"",""基层工作最低年限"":""无限制"",""服务基层项目工作经历"":""无限制"",""是否在面试阶段组织专业能力测试"":""是"",""面试人员比例"":""3:1"",""工作地点"":""河北省张家口市"",""落户地点"":""河北省张家口市"",""备注"":""限2026届高校毕业生；大学英语四级考试425分及以上；现场一线岗位；本职位所指专业为具体专业名称；考生必须具备与填报学历及专业相应的学位；在本单位最低服务年限5年（含试用期）；住宿自理；专业能力测试安排，详见海关总署网站（www.customs.gov.cn）。"",""部门网站"":""http://shijiazhuang.customs.gov.cn"",""咨询电话1"":""0311-66709343"",""咨询电话2"":""0311-66709344"",""咨询电话3"":"""",""来源Sheet"":""中央国家行政机关省级以下直属机构""}}"
"government_jobs","国家公务员2026招考简章","公务员/事业单位技术岗位","内蒙古自治区呼伦贝尔市满洲里市","2026-07-28T09:12:58.310295+00:00","统计分析（统计分析应用类）一级行政执法员","满洲里海关","","内蒙古自治区呼伦贝尔市满洲里市","公务员/事业单位;2026;computer_software;仅限本科;学士;统计学、应用统计学、数据科学;行政执法类","用人司局：满洲里车站海关
职位简介：从事海关国际贸易统计分析研究以及智慧海关建设工作。
专业要求：统计学、应用统计学、数据科学
学历要求：仅限本科
学位要求：学士
政治面貌：不限
基层工作经历：无限制
考试类别：行政执法类
备注：限应届高校毕业生；现场一线岗位；本职位所指专业为具体专业名称；考生必须具备与填报学历及专业相应的学位；住宿自理；本职位为西部地区和艰苦边远地区职位，最低服务年限5年（含试用期），未满服务年限的，不得调动（含公开遴选）；专业能力测试安排，详见海关总署网站（www.customs.gov.cn）。","http://bm.scs.gov.cn/kl2026#129109-300110001004","2025-10-14","{""dataset_year"":2026,""job_uid"":""GOV-2026-129109-300110001004"",""publisher"":""国家公务员局"",""publication_page"":""http://bm.scs.gov.cn/kl2026"",""attachment_url"":""local://2026_guokao_zhaokaojianzhang.zip"",""local_source_file"":""中央机关及其直属机构2026年度考试录用公务员招考简章.xls"",""local_source_sha256"":""2670bae1df1dd07a3a3c79b9db46a11e3bb15a6c9c249e6af98bfd0b61ce3aaf"",""source_sheet"":""中央国家行政机关省级以下直属机构"",""filter_version"":""government_tech_v2"",""tech_filter"":{""is_tech"":true,""is_core_tech"":true,""scope"":""core"",""categories"":[""computer_software""],""matched_fields"":[""major"",""description""],""major_terms"":[""数据科学""],""role_terms"":[""智慧""],""reason"":""tech_major_and_role""},""original"":{""部门代码"":""129109"",""部门名称"":""满洲里海关"",""用人司局"":""满洲里车站海关"",""机构性质"":""中央国家行政机关省级以下直属机构"",""招考职位"":""统计分析（统计分析应用类）一级行政执法员"",""职位属性"":""普通职位"",""职位分布"":""西部地区和艰苦边远地区职位"",""职位简介"":""从事海关国际贸易统计分析研究以及智慧海关建设工作。"",""职位代码"":""300110001004"",""机构层级"":""县（区）级及以下"",""考试类别"":""行政执法类"",""招考人数"":""1"",""专业"":""统计学、应用统计学、数据科学"",""学历"":""仅限本科"",""学位"":""学士"",""政治面貌"":""不限"",""基层工作最低年限"":""无限制"",""服务基层项目工作经历"":""无限制"",""是否在面试阶段组织专业能力测试"":""是"",""面试人员比例"":""3:1"",""工作地点"":""内蒙古自治区呼伦贝尔市满洲里市"",""落户地点"":""内蒙古自治区呼伦贝尔市满洲里市"",""备注"":""限应届高校毕业生；现场一线岗位；本职位所指专业为具体专业名称；考生必须具备与填报学历及专业相应的学位；住宿自理；本职位为西部地区和艰苦边远地区职位，最低服务年限5年（含试用期），未满服务年限的，不得调动（含公开遴选）；专业能力测试安排，详见海关总署网站（www.customs.gov.cn）。"",""部门网站"":""http://manzhouli.customs.gov.cn"",""咨询电话1"":""0470-2297750"",""咨询电话2"":""0470-2297751"",""咨询电话3"":""0470-2297752"",""来源Sheet"":""中央国家行政机关省级以下直属机构""}}"
"government_jobs","国家公务员2026招考简章","公务员/事业单位技术岗位","黑龙江省","2026-07-28T09:12:58.310295+00:00","科技处（电子信息化类）四级主管及以下","哈尔滨海关","","黑龙江省","公务员/事业单位;2026;computer_software;cybersecurity_cryptography;electronics_communication;本科或硕士研究生;与最高学历相对应的学位;本科：计算机科学与技术、软件工程、网络工程、信息安全、网络空间安全、数据科学与大数据技术； 研究生：计算机科学与技术、电子信息;中央机关及其省级直属机构综合管理类","用人司局：哈尔滨海关
职位简介：从事海关国门安全信息技术、智慧海关建设工作。
专业要求：本科：计算机科学与技术、软件工程、网络工程、信息安全、网络空间安全、数据科学与大数据技术； 研究生：计算机科学与技术、电子信息
学历要求：本科或硕士研究生
学位要求：与最高学历相对应的学位
政治面貌：不限
基层工作经历：二年
考试类别：中央机关及其省级直属机构综合管理类
备注：大学英语四级考试425分及以上；本职位本科所指专业为具体专业名称，研究生所指专业为一级学科，包含一级学科下设所有二级学科；研究生和本科所学专业需同时符合职位专业要求；考生必须具备与填报学历及专业相应的学位；在本单位最低服务年限5年（含试用期）；专业能力测试安排，详见海关总署网站（www.customs.gov.cn）。","http://bm.scs.gov.cn/kl2026#129113-300110001001","2025-10-14","{""dataset_year"":2026,""job_uid"":""GOV-2026-129113-300110001001"",""publisher"":""国家公务员局"",""publication_page"":""http://bm.scs.gov.cn/kl2026"",""attachment_url"":""local://2026_guokao_zhaokaojianzhang.zip"",""local_source_file"":""中央机关及其直属机构2026年度考试录用公务员招考简章.xls"",""local_source_sha256"":""2670bae1df1dd07a3a3c79b9db46a11e3bb15a6c9c249e6af98bfd0b61ce3aaf"",""source_sheet"":""中央国家行政机关省级以下直属机构"",""filter_version"":""government_tech_v2"",""tech_filter"":{""is_tech"":true,""is_core_tech"":true,""scope"":""core"",""categories"":[""computer_software"",""cybersecurity_cryptography"",""electronics_communication""],""matched_fields"":[""major"",""job_title"",""description""],""major_terms"":[""信息安全"",""大数据"",""数据科学与大数据技术"",""电子信息"",""网络工程"",""网络空间安全"",""计算机科学与技术"",""软件工程""],""role_terms"":[""信息化"",""信息技术"",""智慧"",""电子信息""],""reason"":""tech_major_and_role""},""original"":{""部门代码"":""129113"",""部门名称"":""哈尔滨海关"",""用人司局"":""哈尔滨海关"",""机构性质"":""中央国家行政机关省级以下直属机构"",""招考职位"":""科技处（电子信息化类）四级主管及以下"",""职位属性"":""普通职位"",""职位分布"":""其他职位"",""职位简介"":""从事海关国门安全信息技术、智慧海关建设工作。"",""职位代码"":""300110001001"",""机构层级"":""省（副省）级"",""考试类别"":""中央机关及其省级直属机构综合管理类"",""招考人数"":""2"",""专业"":""本科：计算机科学与技术、软件工程、网络工程、信息安全、网络空间安全、数据科学与大数据技术； 研究生：计算机科学与技术、电子信息"",""学历"":""本科或硕士研究生"",""学位"":""与最高学历相对应的学位"",""政治面貌"":""不限"",""基层工作最低年限"":""二年"",""服务基层项目工作经历"":""无限制"",""是否在面试阶段组织专业能力测试"":""是"",""面试人员比例"":""3:1"",""工作地点"":""黑龙江省"",""落户地点"":""黑龙江省"",""备注"":""大学英语四级考试425分及以上；本职位本科所指专业为具体专业名称，研究生所指专业为一级学科，包含一级学科下设所有二级学科；研究生和本科所学专业需同时符合职位专业要求；考生必须具备与填报学历及专业相应的学位；在本单位最低服务年限5年（含试用期）；专业能力测试安排，详见海关总署网站（www.customs.gov.cn）。"",""部门网站"":""http://harbin.customs.gov.cn/"",""咨询电话1"":""0451-82381212"",""咨询电话2"":""0451-82381211"",""咨询电话3"":""0451-82381210"",""来源Sheet"":""中央国家行政机关省级以下直属机构""}}"
"government_jobs","国家公务员2026招考简章","公务员/事业单位技术岗位","黑龙江省","2026-07-28T09:12:58.310295+00:00","科技管理（电子信息化类）一级行政执法员","哈尔滨海关","","黑龙江省","公务员/事业单位;2026;computer_software;cybersecurity_cryptography;electronics_communication;仅限本科;学士;计算机科学与技术、软件工程、网络工程、信息安全、网络空间安全、数据科学与大数据技术;行政执法类","用人司局：绥芬河海关
职位简介：从事海关科技及智慧海关建设工作。
专业要求：计算机科学与技术、软件工程、网络工程、信息安全、网络空间安全、数据科学与大数据技术
学历要求：仅限本科
学位要求：学士
政治面貌：不限
基层工作经历：无限制
考试类别：行政执法类
备注：限2026届高校毕业生；大学英语四级考试425分及以上；本职位所指专业为具体专业名称；考生必须具备与填报学历及专业相应的学位；现场一线岗位；本职位为西部地区和艰苦边远地区职位，最低服务年限5年（含试用期），未满服务年限的，不得调动（含公开遴选）；专业能力测试安排，详见海关总署网站（www.customs.gov.cn）。","http://bm.scs.gov.cn/kl2026#129113-300110005005","2025-10-14","{""dataset_year"":2026,""job_uid"":""GOV-2026-129113-300110005005"",""publisher"":""国家公务员局"",""publication_page"":""http://bm.scs.gov.cn/kl2026"",""attachment_url"":""local://2026_guokao_zhaokaojianzhang.zip"",""local_source_file"":""中央机关及其直属机构2026年度考试录用公务员招考简章.xls"",""local_source_sha256"":""2670bae1df1dd07a3a3c79b9db46a11e3bb15a6c9c249e6af98bfd0b61ce3aaf"",""source_sheet"":""中央国家行政机关省级以下直属机构"",""filter_version"":""government_tech_v2"",""tech_filter"":{""is_tech"":true,""is_core_tech"":true,""scope"":""core"",""categories"":[""computer_software"",""cybersecurity_cryptography"",""electronics_communication""],""matched_fields"":[""major"",""job_title"",""description""],""major_terms"":[""信息安全"",""大数据"",""数据科学与大数据技术"",""网络工程"",""网络空间安全"",""计算机科学与技术"",""软件工程""],""role_terms"":[""信息化"",""智慧"",""电子信息""],""reason"":""tech_major_and_role""},""original"":{""部门代码"":""129113"",""部门名称"":""哈尔滨海关"",""用人司局"":""绥芬河海关"",""机构性质"":""中央国家行政机关省级以下直属机构"",""招考职位"":""科技管理（电子信息化类）一级行政执法员"",""职位属性"":""普通职位"",""职位分布"":""西部地区和艰苦边远地区职位"",""职位简介"":""从事海关科技及智慧海关建设工作。"",""职位代码"":""300110005005"",""机构层级"":""县（区）级及以下"",""考试类别"":""行政执法类"",""招考人数"":""1"",""专业"":""计算机科学与技术、软件工程、网络工程、信息安全、网络空间安全、数据科学与大数据技术"",""学历"":""仅限本科"",""学位"":""学士"",""政治面貌"":""不限"",""基层工作最低年限"":""无限制"",""服务基层项目工作经历"":""无限制"",""是否在面试阶段组织专业能力测试"":""是"",""面试人员比例"":""3:1"",""工作地点"":""黑龙江省"",""落户地点"":""黑龙江省"",""备注"":""限2026届高校毕业生；大学英语四级考试425分及以上；本职位所指专业为具体专业名称；考生必须具备与填报学历及专业相应的学位；现场一线岗位；本职位为西部地区和艰苦边远地区职位，最低服务年限5年（含试用期），未满服务年限的，不得调动（含公开遴选）；专业能力测试安排，详见海关总署网站（www.customs.gov.cn）。"",""部门网站"":""http://harbin.customs.gov.cn/"",""咨询电话1"":""0451-82381212"",""咨询电话2"":""0451-82381211"",""咨询电话3"":""0451-82381210"",""来源Sheet"":""中央国家行政机关省级以下直属机构""}}"
"government_jobs","国家公务员2026招考简章","公务员/事业单位技术岗位","黑龙江省","2026-07-28T09:12:58.310295+00:00","科技管理（电子信息化类）一级行政执法员","哈尔滨海关","","黑龙江省","公务员/事业单位;2026;computer_software;cybersecurity_cryptography;electronics_communication;仅限本科;学士;计算机科学与技术、软件工程、网络工程、信息安全、网络空间安全、数据科学与大数据技术;行政执法类","用人司局：佳木斯海关
职位简介：从事海关科技及智慧海关建设工作。
专业要求：计算机科学与技术、软件工程、网络工程、信息安全、网络空间安全、数据科学与大数据技术
学历要求：仅限本科
学位要求：学士
政治面貌：不限
基层工作经历：无限制
考试类别：行政执法类
备注：限2026届高校毕业生；大学英语四级考试425分及以上；本职位所指专业为具体专业名称；考生必须具备与填报学历及专业相应的学位；现场一线岗位，在本单位最低服务年限5年（含试用期）；专业能力测试安排，详见海关总署网站（www.customs.gov.cn）。","http://bm.scs.gov.cn/kl2026#129113-300110007003","2025-10-14","{""dataset_year"":2026,""job_uid"":""GOV-2026-129113-300110007003"",""publisher"":""国家公务员局"",""publication_page"":""http://bm.scs.gov.cn/kl2026"",""attachment_url"":""local://2026_guokao_zhaokaojianzhang.zip"",""local_source_file"":""中央机关及其直属机构2026年度考试录用公务员招考简章.xls"",""local_source_sha256"":""2670bae1df1dd07a3a3c79b9db46a11e3bb15a6c9c249e6af98bfd0b61ce3aaf"",""source_sheet"":""中央国家行政机关省级以下直属机构"",""filter_version"":""government_tech_v2"",""tech_filter"":{""is_tech"":true,""is_core_tech"":true,""scope"":""core"",""categories"":[""computer_software"",""cybersecurity_cryptography"",""electronics_communication""],""matched_fields"":[""major"",""job_title"",""description""],""major_terms"":[""信息安全"",""大数据"",""数据科学与大数据技术"",""网络工程"",""网络空间安全"",""计算机科学与技术"",""软件工程""],""role_terms"":[""信息化"",""智慧"",""电子信息""],""reason"":""tech_major_and_role""},""original"":{""部门代码"":""129113"",""部门名称"":""哈尔滨海关"",""用人司局"":""佳木斯海关"",""机构性质"":""中央国家行政机关省级以下直属机构"",""招考职位"":""科技管理（电子信息化类）一级行政执法员"",""职位属性"":""普通职位"",""职位分布"":""其他职位"",""职位简介"":""从事海关科技及智慧海关建设工作。"",""职位代码"":""300110007003"",""机构层级"":""县（区）级及以下"",""考试类别"":""行政执法类"",""招考人数"":""1"",""专业"":""计算机科学与技术、软件工程、网络工程、信息安全、网络空间安全、数据科学与大数据技术"",""学历"":""仅限本科"",""学位"":""学士"",""政治面貌"":""不限"",""基层工作最低年限"":""无限制"",""服务基层项目工作经历"":""无限制"",""是否在面试阶段组织专业能力测试"":""是"",""面试人员比例"":""3:1"",""工作地点"":""黑龙江省"",""落户地点"":""黑龙江省"",""备注"":""限2026届高校毕业生；大学英语四级考试425分及以上；本职位所指专业为具体专业名称；考生必须具备与填报学历及专业相应的学位；现场一线岗位，在本单位最低服务年限5年（含试用期）；专业能力测试安排，详见海关总署网站（www.customs.gov.cn）。"",""部门网站"":""http://harbin.customs.gov.cn/"",""咨询电话1"":""0451-82381212"",""咨询电话2"":""0451-82381211"",""咨询电话3"":""0451-82381210"",""来源Sheet"":""中央国家行政机关省级以下直属机构""}}"
"government_jobs","国家公务员2026招考简章","公务员/事业单位技术岗位","黑龙江省","2026-07-28T09:12:58.310295+00:00","科技管理（电子信息化类）一级行政执法员","哈尔滨海关","","黑龙江省","公务员/事业单位;2026;computer_software;cybersecurity_cryptography;electronics_communication;仅限本科;学士;计算机科学与技术、软件工程、网络工程、信息安全、网络空间安全、数据科学与大数据技术;行政执法类","用人司局：大庆海关
职位简介：从事海关科技及智慧海关建设工作。
专业要求：计算机科学与技术、软件工程、网络工程、信息安全、网络空间安全、数据科学与大数据技术
学历要求：仅限本科
学位要求：学士
政治面貌：不限
基层工作经历：无限制
考试类别：行政执法类
备注：限2026届高校毕业生；大学英语四级考试425分及以上；本职位所指专业为具体专业名称；考生必须具备与填报学历及专业相应的学位；现场一线岗位，在本单位最低服务年限5年（含试用期）；专业能力测试安排，详见海关总署网站（www.customs.gov.cn）。","http://bm.scs.gov.cn/kl2026#129113-300110010001","2025-10-14","{""dataset_year"":2026,""job_uid"":""GOV-2026-129113-300110010001"",""publisher"":""国家公务员局"",""publication_page"":""http://bm.scs.gov.cn/kl2026"",""attachment_url"":""local://2026_guokao_zhaokaojianzhang.zip"",""local_source_file"":""中央机关及其直属机构2026年度考试录用公务员招考简章.xls"",""local_source_sha256"":""2670bae1df1dd07a3a3c79b9db46a11e3bb15a6c9c249e6af98bfd0b61ce3aaf"",""source_sheet"":""中央国家行政机关省级以下直属机构"",""filter_version"":""government_tech_v2"",""tech_filter"":{""is_tech"":true,""is_core_tech"":true,""scope"":""core"",""categories"":[""computer_software"",""cybersecurity_cryptography"",""electronics_communication""],""matched_fields"":[""major"",""job_title"",""description""],""major_terms"":[""信息安全"",""大数据"",""数据科学与大数据技术"",""网络工程"",""网络空间安全"",""计算机科学与技术"",""软件工程""],""role_terms"":[""信息化"",""智慧"",""电子信息""],""reason"":""tech_major_and_role""},""original"":{""部门代码"":""129113"",""部门名称"":""哈尔滨海关"",""用人司局"":""大庆海关"",""机构性质"":""中央国家行政机关省级以下直属机构"",""招考职位"":""科技管理（电子信息化类）一级行政执法员"",""职位属性"":""普通职位"",""职位分布"":""其他职位"",""职位简介"":""从事海关科技及智慧海关建设工作。"",""职位代码"":""300110010001"",""机构层级"":""县（区）级及以下"",""考试类别"":""行政执法类"",""招考人数"":""2"",""专业"":""计算机科学与技术、软件工程、网络工程、信息安全、网络空间安全、数据科学与大数据技术"",""学历"":""仅限本科"",""学位"":""学士"",""政治面貌"":""不限"",""基层工作最低年限"":""无限制"",""服务基层项目工作经历"":""无限制"",""是否在面试阶段组织专业能力测试"":""是"",""面试人员比例"":""3:1"",""工作地点"":""黑龙江省"",""落户地点"":""黑龙江省"",""备注"":""限2026届高校毕业生；大学英语四级考试425分及以上；本职位所指专业为具体专业名称；考生必须具备与填报学历及专业相应的学位；现场一线岗位，在本单位最低服务年限5年（含试用期）；专业能力测试安排，详见海关总署网站（www.customs.gov.cn）。"",""部门网站"":""http://harbin.customs.gov.cn/"",""咨询电话1"":""0451-82381212"",""咨询电话2"":""0451-82381211"",""咨询电话3"":""0451-82381210"",""来源Sheet"":""中央国家行政机关省级以下直属机构""}}"
"government_jobs","国家公务员2026招考简章","公务员/事业单位技术岗位","黑龙江省","2026-07-28T09:12:58.310295+00:00","风险防控（统计分析应用类）四级主管及以下","哈尔滨海关","","黑龙江省","公务员/事业单位;2026;computer_software;本科或硕士研究生;与最高学历相对应的学位;本科：数学与应用数学、信息与计算科学、数理基础科学、统计学、应用统计学、数据科学、数据计算及应用； 研究生：数学、统计学;中央机关及其省级直属机构综合管理类","用人司局：哈尔滨海关风险防控分局
职位简介：从事海关风险防控、智慧海关建设工作。
专业要求：本科：数学与应用数学、信息与计算科学、数理基础科学、统计学、应用统计学、数据科学、数据计算及应用； 研究生：数学、统计学
学历要求：本科或硕士研究生
学位要求：与最高学历相对应的学位
政治面貌：不限
基层工作经历：二年
考试类别：中央机关及其省级直属机构综合管理类
备注：大学英语四级考试425分及以上；本职位本科所指专业为具体专业名称，研究生所指专业为一级学科，包含一级学科下设所有二级学科；研究生和本科所学专业需同时符合职位专业要求；考生必须具备与填报学历及专业相应的学位；在本单位最低服务年限5年（含试用期）；专业能力测试安排，详见海关总署网站（www.customs.gov.cn）。","http://bm.scs.gov.cn/kl2026#129113-300110017001","2025-10-14","{""dataset_year"":2026,""job_uid"":""GOV-2026-129113-300110017001"",""publisher"":""国家公务员局"",""publication_page"":""http://bm.scs.gov.cn/kl2026"",""attachment_url"":""local://2026_guokao_zhaokaojianzhang.zip"",""local_source_file"":""中央机关及其直属机构2026年度考试录用公务员招考简章.xls"",""local_source_sha256"":""2670bae1df1dd07a3a3c79b9db46a11e3bb15a6c9c249e6af98bfd0b61ce3aaf"",""source_sheet"":""中央国家行政机关省级以下直属机构"",""filter_version"":""government_tech_v2"",""tech_filter"":{""is_tech"":true,""is_core_tech"":true,""scope"":""core"",""categories"":[""computer_software""],""matched_fields"":[""major"",""description""],""major_terms"":[""数据科学""],""role_terms"":[""智慧""],""reason"":""tech_major_and_role""},""original"":{""部门代码"":""129113"",""部门名称"":""哈尔滨海关"",""用人司局"":""哈尔滨海关风险防控分局"",""机构性质"":""中央国家行政机关省级以下直属机构"",""招考职位"":""风险防控（统计分析应用类）四级主管及以下"",""职位属性"":""普通职位"",""职位分布"":""其他职位"",""职位简介"":""从事海关风险防控、智慧海关建设工作。"",""职位代码"":""300110017001"",""机构层级"":""省（副省）级"",""考试类别"":""中央机关及其省级直属机构综合管理类"",""招考人数"":""2"",""专业"":""本科：数学与应用数学、信息与计算科学、数理基础科学、统计学、应用统计学、数据科学、数据计算及应用； 研究生：数学、统计学"",""学历"":""本科或硕士研究生"",""学位"":""与最高学历相对应的学位"",""政治面貌"":""不限"",""基层工作最低年限"":""二年"",""服务基层项目工作经历"":""无限制"",""是否在面试阶段组织专业能力测试"":""是"",""面试人员比例"":""3:1"",""工作地点"":""黑龙江省"",""落户地点"":""黑龙江省"",""备注"":""大学英语四级考试425分及以上；本职位本科所指专业为具体专业名称，研究生所指专业为一级学科，包含一级学科下设所有二级学科；研究生和本科所学专业需同时符合职位专业要求；考生必须具备与填报学历及专业相应的学位；在本单位最低服务年限5年（含试用期）；专业能力测试安排，详见海关总署网站（www.customs.gov.cn）。"",""部门网站"":""http://harbin.customs.gov.cn/"",""咨询电话1"":""0451-82381212"",""咨询电话2"":""0451-82381211"",""咨询电话3"":""0451-82381210"",""来源Sheet"":""中央国家行政机关省级以下直属机构""}}"
"government_jobs","国家公务员2026招考简章","公务员/事业单位技术岗位","上海市浦东新区","2026-07-28T09:12:58.310295+00:00","科技管理（电子信息化类）四级主办及以下","上海海关","","上海市浦东新区","公务员/事业单位;2026;computer_software;cybersecurity_cryptography;electronics_communication;本科或硕士研究生;与最高学历相对应的学位;计算机科学与技术、软件工程、网络工程、信息安全、智能科学与技术、数据科学与大数据技术;行政执法类","用人司局：上海浦东国际机场海关
职位简介：从事智慧海关建设，海关口岸一线货物查验、网络信息安全工作。
专业要求：计算机科学与技术、软件工程、网络工程、信息安全、智能科学与技术、数据科学与大数据技术
学历要求：本科或硕士研究生
学位要求：与最高学历相对应的学位
政治面貌：不限
基层工作经历：无限制
考试类别：行政执法类
备注：限2026届高校毕业生；本科生大学英语四级考试425分及以上，研究生大学英语六级考试425分及以上，报名时请写明大学英语级别和具体分数；现场一线岗位；需24小时倒班；身体条件须符合《公务员录用体检特殊标准（试行）》；在本单位最低服务年限5年（含试用期）；住宿自理；本职位所指专业为具体专业名称；考生必须具备与填报学历及专业相应的学位，报名时请写明各阶段专业准确名称；毕业证书和学位证书上的专业名称要求一致；专业能力测试安排，详见海关总署网站（www.customs.gov.cn）。","http://bm.scs.gov.cn/kl2026#129114-300110101011","2025-10-14","{""dataset_year"":2026,""job_uid"":""GOV-2026-129114-300110101011"",""publisher"":""国家公务员局"",""publication_page"":""http://bm.scs.gov.cn/kl2026"",""attachment_url"":""local://2026_guokao_zhaokaojianzhang.zip"",""local_source_file"":""中央机关及其直属机构2026年度考试录用公务员招考简章.xls"",""local_source_sha256"":""2670bae1df1dd07a3a3c79b9db46a11e3bb15a6c9c249e6af98bfd0b61ce3aaf"",""source_sheet"":""中央国家行政机关省级以下直属机构"",""filter_version"":""government_tech_v2"",""tech_filter"":{""is_tech"":true,""is_core_tech"":true,""scope"":""core"",""categories"":[""computer_software"",""cybersecurity_cryptography"",""electronics_communication""],""matched_fields"":[""major"",""job_title"",""description""],""major_terms"":[""信息安全"",""大数据"",""数据科学与大数据技术"",""智能科学与技术"",""网络工程"",""计算机科学与技术"",""软件工程""],""role_terms"":[""信息化"",""信息安全"",""智慧"",""电子信息""],""reason"":""tech_major_and_role""},""original"":{""部门代码"":""129114"",""部门名称"":""上海海关"",""用人司局"":""上海浦东国际机场海关"",""机构性质"":""中央国家行政机关省级以下直属机构"",""招考职位"":""科技管理（电子信息化类）四级主办及以下"",""职位属性"":""普通职位"",""职位分布"":""其他职位"",""职位简介"":""从事智慧海关建设，海关口岸一线货物查验、网络信息安全工作。"",""职位代码"":""300110101011"",""机构层级"":""市（地）级"",""考试类别"":""行政执法类"",""招考人数"":""2"",""专业"":""计算机科学与技术、软件工程、网络工程、信息安全、智能科学与技术、数据科学与大数据技术"",""学历"":""本科或硕士研究生"",""学位"":""与最高学历相对应的学位"",""政治面貌"":""不限"",""基层工作最低年限"":""无限制"",""服务基层项目工作经历"":""无限制"",""是否在面试阶段组织专业能力测试"":""是"",""面试人员比例"":""3:1"",""工作地点"":""上海市浦东新区"",""落户地点"":""上海市黄浦区"",""备注"":""限2026届高校毕业生；本科生大学英语四级考试425分及以上，研究生大学英语六级考试425分及以上，报名时请写明大学英语级别和具体分数；现场一线岗位；需24小时倒班；身体条件须符合《公务员录用体检特殊标准（试行）》；在本单位最低服务年限5年（含试用期）；住宿自理；本职位所指专业为具体专业名称；考生必须具备与填报学历及专业相应的学位，报名时请写明各阶段专业准确名称；毕业证书和学位证书上的专业名称要求一致；专业能力测试安排，详见海关总署网站（www.customs.gov.cn）。"",""部门网站"":""http://shanghai.customs.gov.cn"",""咨询电话1"":""021-63233303"",""咨询电话2"":""021-63233166"",""咨询电话3"":"""",""来源Sheet"":""中央国家行政机关省级以下直属机构""}}"
"government_jobs","国家公务员2026招考简章","公务员/事业单位技术岗位","上海市浦东新区","2026-07-28T09:12:58.310295+00:00","物控查检（电子信息化类）四级主办及以下","上海海关","","上海市浦东新区","公务员/事业单位;2026;computer_software;cybersecurity_cryptography;electronics_communication;本科或硕士研究生;与最高学历相对应的学位;计算机科学与技术、软件工程、网络工程、信息安全、智能科学与技术、数据科学与大数据技术;行政执法类","用人司局：上海浦东国际机场海关
职位简介：从事智慧海关建设，海关口岸一线货物查验、监管、卡口值守、物流监控、网络信息安全等工作。
专业要求：计算机科学与技术、软件工程、网络工程、信息安全、智能科学与技术、数据科学与大数据技术
学历要求：本科或硕士研究生
学位要求：与最高学历相对应的学位
政治面貌：中共党员
基层工作经历：二年
考试类别：行政执法类
备注：本职位定向招录服务基层项目人员，限大学生村官报考，要求服务期满、考核合格，服务期以聘任合同为准；本科生大学英语四级考试425分及以上，研究生大学英语六级考试425分及以上，报名时请写明大学英语级别和具体分数；现场一线岗位；需24小时倒班；身体条件须符合《公务员录用体检特殊标准（试行）》；在本单位最低服务年限5年（含试用期）；住宿自理；本职位所指专业为具体专业名称；考生必须具备与填报学历及专业相应的学位，报名时请写明各阶段专业准确名称；毕业证书和学位证书上的专业名称要求一致；专业能力测试安排，详见海关总署网站（www.customs.gov.cn）。","http://bm.scs.gov.cn/kl2026#129114-300110101013","2025-10-14","{""dataset_year"":2026,""job_uid"":""GOV-2026-129114-300110101013"",""publisher"":""国家公务员局"",""publication_page"":""http://bm.scs.gov.cn/kl2026"",""attachment_url"":""local://2026_guokao_zhaokaojianzhang.zip"",""local_source_file"":""中央机关及其直属机构2026年度考试录用公务员招考简章.xls"",""local_source_sha256"":""2670bae1df1dd07a3a3c79b9db46a11e3bb15a6c9c249e6af98bfd0b61ce3aaf"",""source_sheet"":""中央国家行政机关省级以下直属机构"",""filter_version"":""government_tech_v2"",""tech_filter"":{""is_tech"":true,""is_core_tech"":true,""scope"":""core"",""categories"":[""computer_software"",""cybersecurity_cryptography"",""electronics_communication""],""matched_fields"":[""major"",""job_title"",""description""],""major_terms"":[""信息安全"",""大数据"",""数据科学与大数据技术"",""智能科学与技术"",""网络工程"",""计算机科学与技术"",""软件工程""],""role_terms"":[""信息化"",""信息安全"",""智慧"",""电子信息""],""reason"":""tech_major_and_role""},""original"":{""部门代码"":""129114"",""部门名称"":""上海海关"",""用人司局"":""上海浦东国际机场海关"",""机构性质"":""中央国家行政机关省级以下直属机构"",""招考职位"":""物控查检（电子信息化类）四级主办及以下"",""职位属性"":""普通职位"",""职位分布"":""其他职位"",""职位简介"":""从事智慧海关建设，海关口岸一线货物查验、监管、卡口值守、物流监控、网络信息安全等工作。"",""职位代码"":""300110101013"",""机构层级"":""市（地）级"",""考试类别"":""行政执法类"",""招考人数"":""2"",""专业"":""计算机科学与技术、软件工程、网络工程、信息安全、智能科学与技术、数据科学与大数据技术"",""学历"":""本科或硕士研究生"",""学位"":""与最高学历相对应的学位"",""政治面貌"":""中共党员"",""基层工作最低年限"":""二年"",""服务基层项目工作经历"":""大学生村官"",""是否在面试阶段组织专业能力测试"":""是"",""面试人员比例"":""3:1"",""工作地点"":""上海市浦东新区"",""落户地点"":""上海市黄浦区"",""备注"":""本职位定向招录服务基层项目人员，限大学生村官报考，要求服务期满、考核合格，服务期以聘任合同为准；本科生大学英语四级考试425分及以上，研究生大学英语六级考试425分及以上，报名时请写明大学英语级别和具体分数；现场一线岗位；需24小时倒班；身体条件须符合《公务员录用体检特殊标准（试行）》；在本单位最低服务年限5年（含试用期）；住宿自理；本职位所指专业为具体专业名称；考生必须具备与填报学历及专业相应的学位，报名时请写明各阶段专业准确名称；毕业证书和学位证书上的专业名称要求一致；专业能力测试安排，详见海关总署网站（www.customs.gov.cn）。"",""部门网站"":""http://shanghai.customs.gov.cn"",""咨询电话1"":""021-63233303"",""咨询电话2"":""021-63233166"",""咨询电话3"":"""",""来源Sheet"":""中央国家行政机关省级以下直属机构""}}"
"government_jobs","国家公务员2026招考简章","公务员/事业单位技术岗位","上海市浦东新区","2026-07-28T09:12:58.310295+00:00","风险防控（电子信息化类）四级主管及以下","上海海关","","上海市浦东新区","公务员/事业单位;2026;computer_software;cybersecurity_cryptography;electronics_communication;本科或硕士研究生;与最高学历相对应的学位;电子信息工程、电子科学与技术、通信工程、信息工程、人工智能、计算机科学与技术、软件工程、网络工程、信息安全、智能科学与技术、数据科学与大数据技术;中央机关及其省级直属机构综合管理类","用人司局：海关总署风险防控局（上海）
职位简介：从事智慧海关建设，海关风险防控工作。
专业要求：电子信息工程、电子科学与技术、通信工程、信息工程、人工智能、计算机科学与技术、软件工程、网络工程、信息安全、智能科学与技术、数据科学与大数据技术
学历要求：本科或硕士研究生
学位要求：与最高学历相对应的学位
政治面貌：中共党员
基层工作经历：二年
考试类别：中央机关及其省级直属机构综合管理类
备注：本职位要求考生具有二年以上基层工作经历，报名时须详细填写工作单位和具体岗位；本科生大学英语四级考试425分及以上，研究生大学英语六级考试425分及以上，报名时请写明大学英语级别和具体分数；在本单位最低服务年限5年（含试用期）；住宿自理；本职位所指专业为具体专业名称；考生必须具备与填报学历及专业相应的学位，报名时请写明各阶段专业准确名称；毕业证书和学位证书上的专业名称要求一致；专业能力测试安排，详见海关总署网站（www.customs.gov.cn）。","http://bm.scs.gov.cn/kl2026#129114-300110103001","2025-10-14","{""dataset_year"":2026,""job_uid"":""GOV-2026-129114-300110103001"",""publisher"":""国家公务员局"",""publication_page"":""http://bm.scs.gov.cn/kl2026"",""attachment_url"":""local://2026_guokao_zhaokaojianzhang.zip"",""local_source_file"":""中央机关及其直属机构2026年度考试录用公务员招考简章.xls"",""local_source_sha256"":""2670bae1df1dd07a3a3c79b9db46a11e3bb15a6c9c249e6af98bfd0b61ce3aaf"",""source_sheet"":""中央国家行政机关省级以下直属机构"",""filter_version"":""government_tech_v2"",""tech_filter"":{""is_tech"":true,""is_core_tech"":true,""scope"":""core"",""categories"":[""computer_software"",""cybersecurity_cryptography"",""electronics_communication""],""matched_fields"":[""major"",""job_title"",""description""],""major_terms"":[""人工智能"",""信息安全"",""大数据"",""数据科学与大数据技术"",""智能科学与技术"",""电子信息工程"",""电子科学与技术"",""网络工程"",""计算机科学与技术"",""软件工程"",""通信工程""],""role_terms"":[""信息化"",""智慧"",""电子信息""],""reason"":""tech_major_and_role""},""original"":{""部门代码"":""129114"",""部门名称"":""上海海关"",""用人司局"":""海关总署风险防控局（上海）"",""机构性质"":""中央国家行政机关省级以下直属机构"",""招考职位"":""风险防控（电子信息化类）四级主管及以下"",""职位属性"":""普通职位"",""职位分布"":""其他职位"",""职位简介"":""从事智慧海关建设，海关风险防控工作。"",""职位代码"":""300110103001"",""机构层级"":""省（副省）级"",""考试类别"":""中央机关及其省级直属机构综合管理类"",""招考人数"":""2"",""专业"":""电子信息工程、电子科学与技术、通信工程、信息工程、人工智能、计算机科学与技术、软件工程、网络工程、信息安全、智能科学与技术、数据科学与大数据技术"",""学历"":""本科或硕士研究生"",""学位"":""与最高学历相对应的学位"",""政治面貌"":""中共党员"",""基层工作最低年限"":""二年"",""服务基层项目工作经历"":""无限制"",""是否在面试阶段组织专业能力测试"":""是"",""面试人员比例"":""3:1"",""工作地点"":""上海市浦东新区"",""落户地点"":""上海市黄浦区"",""备注"":""本职位要求考生具有二年以上基层工作经历，报名时须详细填写工作单位和具体岗位；本科生大学英语四级考试425分及以上，研究生大学英语六级考试425分及以上，报名时请写明大学英语级别和具体分数；在本单位最低服务年限5年（含试用期）；住宿自理；本职位所指专业为具体专业名称；考生必须具备与填报学历及专业相应的学位，报名时请写明各阶段专业准确名称；毕业证书和学位证书上的专业名称要求一致；专业能力测试安排，详见海关总署网站（www.customs.gov.cn）。"",""部门网站"":""http://shanghai.customs.gov.cn"",""咨询电话1"":""021-63233303"",""咨询电话2"":""021-63233166"",""咨询电话3"":"""",""来源Sheet"":""中央国家行政机关省级以下直属机构""}}"
"government_jobs","国家公务员2026招考简章","公务员/事业单位技术岗位","上海市浦东新区","2026-07-28T09:12:58.310295+00:00","风险防控（统计分析应用类）四级主管及以下","上海海关","","上海市浦东新区","公务员/事业单位;2026;computer_software;本科或硕士研究生;与最高学历相对应的学位;统计学、应用统计学、数学与应用数学、信息与计算科学;中央机关及其省级直属机构综合管理类","用人司局：海关总署风险防控局（上海）
职位简介：从事智慧海关建设，海关风险防控工作。
专业要求：统计学、应用统计学、数学与应用数学、信息与计算科学
学历要求：本科或硕士研究生
学位要求：与最高学历相对应的学位
政治面貌：中共党员
基层工作经历：二年
考试类别：中央机关及其省级直属机构综合管理类
备注：本职位要求考生具有二年以上基层工作经历，报名时须详细填写工作单位和具体岗位；本科生大学英语四级考试425分及以上，研究生大学英语六级考试425分及以上，报名时请写明大学英语级别和具体分数；在本单位最低服务年限5年（含试用期）；住宿自理；本职位所指专业为具体专业名称；考生必须具备与填报学历及专业相应的学位，报名时请写明各阶段专业准确名称；毕业证书和学位证书上的专业名称要求一致；专业能力测试安排，详见海关总署网站（www.customs.gov.cn）。","http://bm.scs.gov.cn/kl2026#129114-300110103002","2025-10-14","{""dataset_year"":2026,""job_uid"":""GOV-2026-129114-300110103002"",""publisher"":""国家公务员局"",""publication_page"":""http://bm.scs.gov.cn/kl2026"",""attachment_url"":""local://2026_guokao_zhaokaojianzhang.zip"",""local_source_file"":""中央机关及其直属机构2026年度考试录用公务员招考简章.xls"",""local_source_sha256"":""2670bae1df1dd07a3a3c79b9db46a11e3bb15a6c9c249e6af98bfd0b61ce3aaf"",""source_sheet"":""中央国家行政机关省级以下直属机构"",""filter_version"":""government_tech_v2"",""tech_filter"":{""is_tech"":true,""is_core_tech"":true,""scope"":""core"",""categories"":[""computer_software""],""matched_fields"":[""description""],""major_terms"":[],""role_terms"":[""智慧""],""reason"":""tech_role""},""original"":{""部门代码"":""129114"",""部门名称"":""上海海关"",""用人司局"":""海关总署风险防控局（上海）"",""机构性质"":""中央国家行政机关省级以下直属机构"",""招考职位"":""风险防控（统计分析应用类）四级主管及以下"",""职位属性"":""普通职位"",""职位分布"":""其他职位"",""职位简介"":""从事智慧海关建设，海关风险防控工作。"",""职位代码"":""300110103002"",""机构层级"":""省（副省）级"",""考试类别"":""中央机关及其省级直属机构综合管理类"",""招考人数"":""1"",""专业"":""统计学、应用统计学、数学与应用数学、信息与计算科学"",""学历"":""本科或硕士研究生"",""学位"":""与最高学历相对应的学位"",""政治面貌"":""中共党员"",""基层工作最低年限"":""二年"",""服务基层项目工作经历"":""无限制"",""是否在面试阶段组织专业能力测试"":""是"",""面试人员比例"":""3:1"",""工作地点"":""上海市浦东新区"",""落户地点"":""上海市黄浦区"",""备注"":""本职位要求考生具有二年以上基层工作经历，报名时须详细填写工作单位和具体岗位；本科生大学英语四级考试425分及以上，研究生大学英语六级考试425分及以上，报名时请写明大学英语级别和具体分数；在本单位最低服务年限5年（含试用期）；住宿自理；本职位所指专业为具体专业名称；考生必须具备与填报学历及专业相应的学位，报名时请写明各阶段专业准确名称；毕业证书和学位证书上的专业名称要求一致；专业能力测试安排，详见海关总署网站（www.customs.gov.cn）。"",""部门网站"":""http://shanghai.customs.gov.cn"",""咨询电话1"":""021-63233303"",""咨询电话2"":""021-63233166"",""咨询电话3"":"""",""来源Sheet"":""中央国家行政机关省级以下直属机构""}}"
"government_jobs","国家公务员2026招考简章","公务员/事业单位技术岗位","上海市虹口区","2026-07-28T09:12:58.310295+00:00","科技管理（电子信息化类）四级主办及以下","上海海关","","上海市虹口区","公务员/事业单位;2026;computer_software;cybersecurity_cryptography;electronics_communication;本科或硕士研究生;与最高学历相对应的学位;计算机科学与技术、软件工程、网络工程、信息安全、智能科学与技术、数据科学与大数据技术;行政执法类","用人司局：上海浦江海关
职位简介：从事智慧海关建设，海关口岸一线货物查验、网络信息安全工作。
专业要求：计算机科学与技术、软件工程、网络工程、信息安全、智能科学与技术、数据科学与大数据技术
学历要求：本科或硕士研究生
学位要求：与最高学历相对应的学位
政治面貌：不限
基层工作经历：无限制
考试类别：行政执法类
备注：限2026届高校毕业生；本科生大学英语四级考试425分及以上，研究生大学英语六级考试425分及以上，报名时请写明大学英语级别和具体分数；现场一线岗位；需24小时倒班；身体条件须符合《公务员录用体检特殊标准（试行）》；在本单位最低服务年限5年（含试用期）；住宿自理；本职位所指专业为具体专业名称；考生必须具备与填报学历及专业相应的学位，报名时请写明各阶段专业准确名称；毕业证书和学位证书上的专业名称要求一致；专业能力测试安排，详见海关总署网站（www.customs.gov.cn）。","http://bm.scs.gov.cn/kl2026#129114-300110106005","2025-10-14","{""dataset_year"":2026,""job_uid"":""GOV-2026-129114-300110106005"",""publisher"":""国家公务员局"",""publication_page"":""http://bm.scs.gov.cn/kl2026"",""attachment_url"":""local://2026_guokao_zhaokaojianzhang.zip"",""local_source_file"":""中央机关及其直属机构2026年度考试录用公务员招考简章.xls"",""local_source_sha256"":""2670bae1df1dd07a3a3c79b9db46a11e3bb15a6c9c249e6af98bfd0b61ce3aaf"",""source_sheet"":""中央国家行政机关省级以下直属机构"",""filter_version"":""government_tech_v2"",""tech_filter"":{""is_tech"":true,""is_core_tech"":true,""scope"":""core"",""categories"":[""computer_software"",""cybersecurity_cryptography"",""electronics_communication""],""matched_fields"":[""major"",""job_title"",""description""],""major_terms"":[""信息安全"",""大数据"",""数据科学与大数据技术"",""智能科学与技术"",""网络工程"",""计算机科学与技术"",""软件工程""],""role_terms"":[""信息化"",""信息安全"",""智慧"",""电子信息""],""reason"":""tech_major_and_role""},""original"":{""部门代码"":""129114"",""部门名称"":""上海海关"",""用人司局"":""上海浦江海关"",""机构性质"":""中央国家行政机关省级以下直属机构"",""招考职位"":""科技管理（电子信息化类）四级主办及以下"",""职位属性"":""普通职位"",""职位分布"":""其他职位"",""职位简介"":""从事智慧海关建设，海关口岸一线货物查验、网络信息安全工作。"",""职位代码"":""300110106005"",""机构层级"":""县（区）级及以下"",""考试类别"":""行政执法类"",""招考人数"":""1"",""专业"":""计算机科学与技术、软件工程、网络工程、信息安全、智能科学与技术、数据科学与大数据技术"",""学历"":""本科或硕士研究生"",""学位"":""与最高学历相对应的学位"",""政治面貌"":""不限"",""基层工作最低年限"":""无限制"",""服务基层项目工作经历"":""无限制"",""是否在面试阶段组织专业能力测试"":""是"",""面试人员比例"":""3:1"",""工作地点"":""上海市虹口区"",""落户地点"":""上海市黄浦区"",""备注"":""限2026届高校毕业生；本科生大学英语四级考试425分及以上，研究生大学英语六级考试425分及以上，报名时请写明大学英语级别和具体分数；现场一线岗位；需24小时倒班；身体条件须符合《公务员录用体检特殊标准（试行）》；在本单位最低服务年限5年（含试用期）；住宿自理；本职位所指专业为具体专业名称；考生必须具备与填报学历及专业相应的学位，报名时请写明各阶段专业准确名称；毕业证书和学位证书上的专业名称要求一致；专业能力测试安排，详见海关总署网站（www.customs.gov.cn）。"",""部门网站"":""http://shanghai.customs.gov.cn"",""咨询电话1"":""021-63233303"",""咨询电话2"":""021-63233166"",""咨询电话3"":"""",""来源Sheet"":""中央国家行政机关省级以下直属机构""}}"
"government_jobs","国家公务员2026招考简章","公务员/事业单位技术岗位","上海市浦东新区","2026-07-28T09:12:58.310295+00:00","科技管理（电子信息化类）四级主办及以下","上海海关","","上海市浦东新区","公务员/事业单位;2026;computer_software;cybersecurity_cryptography;electronics_communication;本科或硕士研究生;与最高学历相对应的学位;计算机科学与技术、软件工程、网络工程、信息安全、智能科学与技术、数据科学与大数据技术;行政执法类","用人司局：上海外高桥港区海关
职位简介：从事智慧海关建设，海关口岸一线货物查验、网络信息安全工作。
专业要求：计算机科学与技术、软件工程、网络工程、信息安全、智能科学与技术、数据科学与大数据技术
学历要求：本科或硕士研究生
学位要求：与最高学历相对应的学位
政治面貌：不限
基层工作经历：无限制
考试类别：行政执法类
备注：限2026届高校毕业生；本科生大学英语四级考试425分及以上，研究生大学英语六级考试425分及以上，报名时请写明大学英语级别和具体分数；现场一线岗位；需24小时倒班；身体条件须符合《公务员录用体检特殊标准（试行）》；在本单位最低服务年限5年（含试用期）；住宿自理；本职位所指专业为具体专业名称；考生必须具备与填报学历及专业相应的学位，报名时请写明各阶段专业准确名称；毕业证书和学位证书上的专业名称要求一致；专业能力测试安排，详见海关总署网站（www.customs.gov.cn）。","http://bm.scs.gov.cn/kl2026#129114-300110107006","2025-10-14","{""dataset_year"":2026,""job_uid"":""GOV-2026-129114-300110107006"",""publisher"":""国家公务员局"",""publication_page"":""http://bm.scs.gov.cn/kl2026"",""attachment_url"":""local://2026_guokao_zhaokaojianzhang.zip"",""local_source_file"":""中央机关及其直属机构2026年度考试录用公务员招考简章.xls"",""local_source_sha256"":""2670bae1df1dd07a3a3c79b9db46a11e3bb15a6c9c249e6af98bfd0b61ce3aaf"",""source_sheet"":""中央国家行政机关省级以下直属机构"",""filter_version"":""government_tech_v2"",""tech_filter"":{""is_tech"":true,""is_core_tech"":true,""scope"":""core"",""categories"":[""computer_software"",""cybersecurity_cryptography"",""electronics_communication""],""matched_fields"":[""major"",""job_title"",""description""],""major_terms"":[""信息安全"",""大数据"",""数据科学与大数据技术"",""智能科学与技术"",""网络工程"",""计算机科学与技术"",""软件工程""],""role_terms"":[""信息化"",""信息安全"",""智慧"",""电子信息""],""reason"":""tech_major_and_role""},""original"":{""部门代码"":""129114"",""部门名称"":""上海海关"",""用人司局"":""上海外高桥港区海关"",""机构性质"":""中央国家行政机关省级以下直属机构"",""招考职位"":""科技管理（电子信息化类）四级主办及以下"",""职位属性"":""普通职位"",""职位分布"":""其他职位"",""职位简介"":""从事智慧海关建设，海关口岸一线货物查验、网络信息安全工作。"",""职位代码"":""300110107006"",""机构层级"":""县（区）级及以下"",""考试类别"":""行政执法类"",""招考人数"":""2"",""专业"":""计算机科学与技术、软件工程、网络工程、信息安全、智能科学与技术、数据科学与大数据技术"",""学历"":""本科或硕士研究生"",""学位"":""与最高学历相对应的学位"",""政治面貌"":""不限"",""基层工作最低年限"":""无限制"",""服务基层项目工作经历"":""无限制"",""是否在面试阶段组织专业能力测试"":""是"",""面试人员比例"":""3:1"",""工作地点"":""上海市浦东新区"",""落户地点"":""上海市黄浦区"",""备注"":""限2026届高校毕业生；本科生大学英语四级考试425分及以上，研究生大学英语六级考试425分及以上，报名时请写明大学英语级别和具体分数；现场一线岗位；需24小时倒班；身体条件须符合《公务员录用体检特殊标准（试行）》；在本单位最低服务年限5年（含试用期）；住宿自理；本职位所指专业为具体专业名称；考生必须具备与填报学历及专业相应的学位，报名时请写明各阶段专业准确名称；毕业证书和学位证书上的专业名称要求一致；专业能力测试安排，详见海关总署网站（www.customs.gov.cn）。"",""部门网站"":""http://shanghai.customs.gov.cn"",""咨询电话1"":""021-63233303"",""咨询电话2"":""021-63233166"",""咨询电话3"":"""",""来源Sheet"":""中央国家行政机关省级以下直属机构""}}"
"government_jobs","国家公务员2026招考简章","公务员/事业单位技术岗位","上海市虹口区","2026-07-28T09:12:58.310295+00:00","科技管理（电子信息化类）四级主办及以下","上海海关","","上海市虹口区","公务员/事业单位;2026;computer_software;cybersecurity_cryptography;electronics_communication;本科或硕士研究生;与最高学历相对应的学位;计算机科学与技术、软件工程、网络工程、信息安全、智能科学与技术、数据科学与大数据技术;行政执法类","用人司局：虹口海关
职位简介：从事智慧海关建设，海关口岸一线货物查验、网络信息安全工作。
专业要求：计算机科学与技术、软件工程、网络工程、信息安全、智能科学与技术、数据科学与大数据技术
学历要求：本科或硕士研究生
学位要求：与最高学历相对应的学位
政治面貌：不限
基层工作经历：无限制
考试类别：行政执法类
备注：限2026届高校毕业生；本科生大学英语四级考试425分及以上，研究生大学英语六级考试425分及以上，报名时请写明大学英语级别和具体分数；现场一线岗位；需24小时倒班；身体条件须符合《公务员录用体检特殊标准（试行）》；在本单位最低服务年限5年（含试用期）；住宿自理；本职位所指专业为具体专业名称；考生必须具备与填报学历及专业相应的学位，报名时请写明各阶段专业准确名称；毕业证书和学位证书上的专业名称要求一致；专业能力测试安排，详见海关总署网站（www.customs.gov.cn）。","http://bm.scs.gov.cn/kl2026#129114-300110114003","2025-10-14","{""dataset_year"":2026,""job_uid"":""GOV-2026-129114-300110114003"",""publisher"":""国家公务员局"",""publication_page"":""http://bm.scs.gov.cn/kl2026"",""attachment_url"":""local://2026_guokao_zhaokaojianzhang.zip"",""local_source_file"":""中央机关及其直属机构2026年度考试录用公务员招考简章.xls"",""local_source_sha256"":""2670bae1df1dd07a3a3c79b9db46a11e3bb15a6c9c249e6af98bfd0b61ce3aaf"",""source_sheet"":""中央国家行政机关省级以下直属机构"",""filter_version"":""government_tech_v2"",""tech_filter"":{""is_tech"":true,""is_core_tech"":true,""scope"":""core"",""categories"":[""computer_software"",""cybersecurity_cryptography"",""electronics_communication""],""matched_fields"":[""major"",""job_title"",""description""],""major_terms"":[""信息安全"",""大数据"",""数据科学与大数据技术"",""智能科学与技术"",""网络工程"",""计算机科学与技术"",""软件工程""],""role_terms"":[""信息化"",""信息安全"",""智慧"",""电子信息""],""reason"":""tech_major_and_role""},""original"":{""部门代码"":""129114"",""部门名称"":""上海海关"",""用人司局"":""虹口海关"",""机构性质"":""中央国家行政机关省级以下直属机构"",""招考职位"":""科技管理（电子信息化类）四级主办及以下"",""职位属性"":""普通职位"",""职位分布"":""其他职位"",""职位简介"":""从事智慧海关建设，海关口岸一线货物查验、网络信息安全工作。"",""职位代码"":""300110114003"",""机构层级"":""县（区）级及以下"",""考试类别"":""行政执法类"",""招考人数"":""1"",""专业"":""计算机科学与技术、软件工程、网络工程、信息安全、智能科学与技术、数据科学与大数据技术"",""学历"":""本科或硕士研究生"",""学位"":""与最高学历相对应的学位"",""政治面貌"":""不限"",""基层工作最低年限"":""无限制"",""服务基层项目工作经历"":""无限制"",""是否在面试阶段组织专业能力测试"":""是"",""面试人员比例"":""3:1"",""工作地点"":""上海市虹口区"",""落户地点"":""上海市黄浦区"",""备注"":""限2026届高校毕业生；本科生大学英语四级考试425分及以上，研究生大学英语六级考试425分及以上，报名时请写明大学英语级别和具体分数；现场一线岗位；需24小时倒班；身体条件须符合《公务员录用体检特殊标准（试行）》；在本单位最低服务年限5年（含试用期）；住宿自理；本职位所指专业为具体专业名称；考生必须具备与填报学历及专业相应的学位，报名时请写明各阶段专业准确名称；毕业证书和学位证书上的专业名称要求一致；专业能力测试安排，详见海关总署网站（www.customs.gov.cn）。"",""部门网站"":""http://shanghai.customs.gov.cn"",""咨询电话1"":""021-63233303"",""咨询电话2"":""021-63233166"",""咨询电话3"":"""",""来源Sheet"":""中央国家行政机关省级以下直属机构""}}"
"government_jobs","国家公务员2026招考简章","公务员/事业单位技术岗位","上海市宝山区","2026-07-28T09:12:58.310295+00:00","科技管理（电子信息化类）四级主办及以下","上海海关","","上海市宝山区","公务员/事业单位;2026;computer_software;cybersecurity_cryptography;electronics_communication;本科或硕士研究生;与最高学历相对应的学位;计算机科学与技术、软件工程、网络工程、信息安全、智能科学与技术、数据科学与大数据技术;行政执法类","用人司局：上海吴淞海关
职位简介：从事智慧海关建设，海关口岸一线货物查验、网络信息安全工作。
专业要求：计算机科学与技术、软件工程、网络工程、信息安全、智能科学与技术、数据科学与大数据技术
学历要求：本科或硕士研究生
学位要求：与最高学历相对应的学位
政治面貌：不限
基层工作经历：无限制
考试类别：行政执法类
备注：限2026届高校毕业生；本科生大学英语四级考试425分及以上，研究生大学英语六级考试425分及以上，报名时请写明大学英语级别和具体分数；现场一线岗位；需24小时倒班；身体条件须符合《公务员录用体检特殊标准（试行）》；在本单位最低服务年限5年（含试用期）；住宿自理；本职位所指专业为具体专业名称；考生必须具备与填报学历及专业相应的学位，报名时请写明各阶段专业准确名称；毕业证书和学位证书上的专业名称要求一致；专业能力测试安排，详见海关总署网站（www.customs.gov.cn）。","http://bm.scs.gov.cn/kl2026#129114-300110124005","2025-10-14","{""dataset_year"":2026,""job_uid"":""GOV-2026-129114-300110124005"",""publisher"":""国家公务员局"",""publication_page"":""http://bm.scs.gov.cn/kl2026"",""attachment_url"":""local://2026_guokao_zhaokaojianzhang.zip"",""local_source_file"":""中央机关及其直属机构2026年度考试录用公务员招考简章.xls"",""local_source_sha256"":""2670bae1df1dd07a3a3c79b9db46a11e3bb15a6c9c249e6af98bfd0b61ce3aaf"",""source_sheet"":""中央国家行政机关省级以下直属机构"",""filter_version"":""government_tech_v2"",""tech_filter"":{""is_tech"":true,""is_core_tech"":true,""scope"":""core"",""categories"":[""computer_software"",""cybersecurity_cryptography"",""electronics_communication""],""matched_fields"":[""major"",""job_title"",""description""],""major_terms"":[""信息安全"",""大数据"",""数据科学与大数据技术"",""智能科学与技术"",""网络工程"",""计算机科学与技术"",""软件工程""],""role_terms"":[""信息化"",""信息安全"",""智慧"",""电子信息""],""reason"":""tech_major_and_role""},""original"":{""部门代码"":""129114"",""部门名称"":""上海海关"",""用人司局"":""上海吴淞海关"",""机构性质"":""中央国家行政机关省级以下直属机构"",""招考职位"":""科技管理（电子信息化类）四级主办及以下"",""职位属性"":""普通职位"",""职位分布"":""其他职位"",""职位简介"":""从事智慧海关建设，海关口岸一线货物查验、网络信息安全工作。"",""职位代码"":""300110124005"",""机构层级"":""县（区）级及以下"",""考试类别"":""行政执法类"",""招考人数"":""1"",""专业"":""计算机科学与技术、软件工程、网络工程、信息安全、智能科学与技术、数据科学与大数据技术"",""学历"":""本科或硕士研究生"",""学位"":""与最高学历相对应的学位"",""政治面貌"":""不限"",""基层工作最低年限"":""无限制"",""服务基层项目工作经历"":""无限制"",""是否在面试阶段组织专业能力测试"":""是"",""面试人员比例"":""3:1"",""工作地点"":""上海市宝山区"",""落户地点"":""上海市黄浦区"",""备注"":""限2026届高校毕业生；本科生大学英语四级考试425分及以上，研究生大学英语六级考试425分及以上，报名时请写明大学英语级别和具体分数；现场一线岗位；需24小时倒班；身体条件须符合《公务员录用体检特殊标准（试行）》；在本单位最低服务年限5年（含试用期）；住宿自理；本职位所指专业为具体专业名称；考生必须具备与填报学历及专业相应的学位，报名时请写明各阶段专业准确名称；毕业证书和学位证书上的专业名称要求一致；专业能力测试安排，详见海关总署网站（www.customs.gov.cn）。"",""部门网站"":""http://shanghai.customs.gov.cn"",""咨询电话1"":""021-63233303"",""咨询电话2"":""021-63233166"",""咨询电话3"":"""",""来源Sheet"":""中央国家行政机关省级以下直属机构""}}"
"government_jobs","国家公务员2026招考简章","公务员/事业单位技术岗位","上海市浦东新区","2026-07-28T09:12:58.310295+00:00","物控查检（电子信息化类）四级主办及以下","上海海关","","上海市浦东新区","公务员/事业单位;2026;computer_software;cybersecurity_cryptography;electronics_communication;本科或硕士研究生;与最高学历相对应的学位;计算机科学与技术、软件工程、网络工程、信息安全、智能科学与技术、数据科学与大数据技术;行政执法类","用人司局：上海外高桥保税区海关
职位简介：从事智慧海关建设，海关口岸一线货物查验、监管、卡口值守、物流监控、网络信息安全等工作。
专业要求：计算机科学与技术、软件工程、网络工程、信息安全、智能科学与技术、数据科学与大数据技术
学历要求：本科或硕士研究生
学位要求：与最高学历相对应的学位
政治面貌：中共党员
基层工作经历：二年
考试类别：行政执法类
备注：本职位定向招录服务基层项目人员，限大学生村官报考，要求服务期满、考核合格，服务期以聘任合同为准；本科生大学英语四级考试425分及以上，研究生大学英语六级考试425分及以上，报名时请写明大学英语级别和具体分数；现场一线岗位；需24小时倒班；身体条件须符合《公务员录用体检特殊标准（试行）》；在本单位最低服务年限5年（含试用期）；住宿自理；本职位所指专业为具体专业名称；考生必须具备与填报学历及专业相应的学位，报名时请写明各阶段专业准确名称；毕业证书和学位证书上的专业名称要求一致；专业能力测试安排，详见海关总署网站（www.customs.gov.cn）。","http://bm.scs.gov.cn/kl2026#129114-300110126004","2025-10-14","{""dataset_year"":2026,""job_uid"":""GOV-2026-129114-300110126004"",""publisher"":""国家公务员局"",""publication_page"":""http://bm.scs.gov.cn/kl2026"",""attachment_url"":""local://2026_guokao_zhaokaojianzhang.zip"",""local_source_file"":""中央机关及其直属机构2026年度考试录用公务员招考简章.xls"",""local_source_sha256"":""2670bae1df1dd07a3a3c79b9db46a11e3bb15a6c9c249e6af98bfd0b61ce3aaf"",""source_sheet"":""中央国家行政机关省级以下直属机构"",""filter_version"":""government_tech_v2"",""tech_filter"":{""is_tech"":true,""is_core_tech"":true,""scope"":""core"",""categories"":[""computer_software"",""cybersecurity_cryptography"",""electronics_communication""],""matched_fields"":[""major"",""job_title"",""description""],""major_terms"":[""信息安全"",""大数据"",""数据科学与大数据技术"",""智能科学与技术"",""网络工程"",""计算机科学与技术"",""软件工程""],""role_terms"":[""信息化"",""信息安全"",""智慧"",""电子信息""],""reason"":""tech_major_and_role""},""original"":{""部门代码"":""129114"",""部门名称"":""上海海关"",""用人司局"":""上海外高桥保税区海关"",""机构性质"":""中央国家行政机关省级以下直属机构"",""招考职位"":""物控查检（电子信息化类）四级主办及以下"",""职位属性"":""普通职位"",""职位分布"":""其他职位"",""职位简介"":""从事智慧海关建设，海关口岸一线货物查验、监管、卡口值守、物流监控、网络信息安全等工作。"",""职位代码"":""300110126004"",""机构层级"":""县（区）级及以下"",""考试类别"":""行政执法类"",""招考人数"":""1"",""专业"":""计算机科学与技术、软件工程、网络工程、信息安全、智能科学与技术、数据科学与大数据技术"",""学历"":""本科或硕士研究生"",""学位"":""与最高学历相对应的学位"",""政治面貌"":""中共党员"",""基层工作最低年限"":""二年"",""服务基层项目工作经历"":""大学生村官"",""是否在面试阶段组织专业能力测试"":""是"",""面试人员比例"":""3:1"",""工作地点"":""上海市浦东新区"",""落户地点"":""上海市黄浦区"",""备注"":""本职位定向招录服务基层项目人员，限大学生村官报考，要求服务期满、考核合格，服务期以聘任合同为准；本科生大学英语四级考试425分及以上，研究生大学英语六级考试425分及以上，报名时请写明大学英语级别和具体分数；现场一线岗位；需24小时倒班；身体条件须符合《公务员录用体检特殊标准（试行）》；在本单位最低服务年限5年（含试用期）；住宿自理；本职位所指专业为具体专业名称；考生必须具备与填报学历及专业相应的学位，报名时请写明各阶段专业准确名称；毕业证书和学位证书上的专业名称要求一致；专业能力测试安排，详见海关总署网站（www.customs.gov.cn）。"",""部门网站"":""http://shanghai.customs.gov.cn"",""咨询电话1"":""021-63233303"",""咨询电话2"":""021-63233166"",""咨询电话3"":"""",""来源Sheet"":""中央国家行政机关省级以下直属机构""}}"
"government_jobs","国家公务员2026招考简章","公务员/事业单位技术岗位","浙江省舟山市","2026-07-28T09:12:58.310295+00:00","科技管理（统计分析应用类）一级行政执法员","杭州海关","","浙江省舟山市","公务员/事业单位;2026;computer_software;仅限本科;学士;数学与应用数学、信息与计算科学、统计学、应用统计学、数据计算及应用、大数据管理与应用、数理基础科学;行政执法类","用人司局：舟山海关
职位简介：从事海关统计分析工作及智慧海关建设管理工作。
专业要求：数学与应用数学、信息与计算科学、统计学、应用统计学、数据计算及应用、大数据管理与应用、数理基础科学
学历要求：仅限本科
学位要求：学士
政治面貌：不限
基层工作经历：无限制
考试类别：行政执法类
备注：限2026届高校毕业生；大学英语四级考试425分及以上；现场一线岗位；本职位所指专业为具体专业名称；考生必须具备与填报学历及专业相应的学位；在本单位最低服务年限5年（含试用期）；专业能力测试安排，详见海关总署网站（www.customs.gov.cn）。","http://bm.scs.gov.cn/kl2026#129116-300110004005","2025-10-14","{""dataset_year"":2026,""job_uid"":""GOV-2026-129116-300110004005"",""publisher"":""国家公务员局"",""publication_page"":""http://bm.scs.gov.cn/kl2026"",""attachment_url"":""local://2026_guokao_zhaokaojianzhang.zip"",""local_source_file"":""中央机关及其直属机构2026年度考试录用公务员招考简章.xls"",""local_source_sha256"":""2670bae1df1dd07a3a3c79b9db46a11e3bb15a6c9c249e6af98bfd0b61ce3aaf"",""source_sheet"":""中央国家行政机关省级以下直属机构"",""filter_version"":""government_tech_v2"",""tech_filter"":{""is_tech"":true,""is_core_tech"":true,""scope"":""core"",""categories"":[""computer_software""],""matched_fields"":[""major"",""description""],""major_terms"":[""大数据""],""role_terms"":[""智慧""],""reason"":""tech_major_and_role""},""original"":{""部门代码"":""129116"",""部门名称"":""杭州海关"",""用人司局"":""舟山海关"",""机构性质"":""中央国家行政机关省级以下直属机构"",""招考职位"":""科技管理（统计分析应用类）一级行政执法员"",""职位属性"":""普通职位"",""职位分布"":""其他职位"",""职位简介"":""从事海关统计分析工作及智慧海关建设管理工作。"",""职位代码"":""300110004005"",""机构层级"":""县（区）级及以下"",""考试类别"":""行政执法类"",""招考人数"":""1"",""专业"":""数学与应用数学、信息与计算科学、统计学、应用统计学、数据计算及应用、大数据管理与应用、数理基础科学"",""学历"":""仅限本科"",""学位"":""学士"",""政治面貌"":""不限"",""基层工作最低年限"":""无限制"",""服务基层项目工作经历"":""无限制"",""是否在面试阶段组织专业能力测试"":""是"",""面试人员比例"":""3:1"",""工作地点"":""浙江省舟山市"",""落户地点"":""浙江省舟山市"",""备注"":""限2026届高校毕业生；大学英语四级考试425分及以上；现场一线岗位；本职位所指专业为具体专业名称；考生必须具备与填报学历及专业相应的学位；在本单位最低服务年限5年（含试用期）；专业能力测试安排，详见海关总署网站（www.customs.gov.cn）。"",""部门网站"":""hangzhou.customs.gov.cn"",""咨询电话1"":""0571-87267215"",""咨询电话2"":""0571-87267216"",""咨询电话3"":"""",""来源Sheet"":""中央国家行政机关省级以下直属机构""}}"
"government_jobs","国家公务员2026招考简章","公务员/事业单位技术岗位","浙江省台州市","2026-07-28T09:12:58.310295+00:00","科技管理（统计分析应用类）一级行政执法员","杭州海关","","浙江省台州市","公务员/事业单位;2026;computer_software;仅限本科;学士;大数据管理与应用、数学与应用数学、数据计算及应用、信息与计算科学、统计学、应用统计学、数理基础科学;行政执法类","用人司局：台州海关
职位简介：从事海关统计分析工作及智慧海关建设管理工作。
专业要求：大数据管理与应用、数学与应用数学、数据计算及应用、信息与计算科学、统计学、应用统计学、数理基础科学
学历要求：仅限本科
学位要求：学士
政治面貌：不限
基层工作经历：无限制
考试类别：行政执法类
备注：限2026届高校毕业生；大学英语四级考试425分及以上；现场一线岗位；本职位所指专业为具体专业名称；考生必须具备与填报学历及专业相应的学位；在本单位最低服务年限5年（含试用期）；专业能力测试安排，详见海关总署网站（www.customs.gov.cn）。","http://bm.scs.gov.cn/kl2026#129116-300110005002","2025-10-14","{""dataset_year"":2026,""job_uid"":""GOV-2026-129116-300110005002"",""publisher"":""国家公务员局"",""publication_page"":""http://bm.scs.gov.cn/kl2026"",""attachment_url"":""local://2026_guokao_zhaokaojianzhang.zip"",""local_source_file"":""中央机关及其直属机构2026年度考试录用公务员招考简章.xls"",""local_source_sha256"":""2670bae1df1dd07a3a3c79b9db46a11e3bb15a6c9c249e6af98bfd0b61ce3aaf"",""source_sheet"":""中央国家行政机关省级以下直属机构"",""filter_version"":""government_tech_v2"",""tech_filter"":{""is_tech"":true,""is_core_tech"":true,""scope"":""core"",""categories"":[""computer_software""],""matched_fields"":[""major"",""description""],""major_terms"":[""大数据""],""role_terms"":[""智慧""],""reason"":""tech_major_and_role""},""original"":{""部门代码"":""129116"",""部门名称"":""杭州海关"",""用人司局"":""台州海关"",""机构性质"":""中央国家行政机关省级以下直属机构"",""招考职位"":""科技管理（统计分析应用类）一级行政执法员"",""职位属性"":""普通职位"",""职位分布"":""其他职位"",""职位简介"":""从事海关统计分析工作及智慧海关建设管理工作。"",""职位代码"":""300110005002"",""机构层级"":""县（区）级及以下"",""考试类别"":""行政执法类"",""招考人数"":""1"",""专业"":""大数据管理与应用、数学与应用数学、数据计算及应用、信息与计算科学、统计学、应用统计学、数理基础科学"",""学历"":""仅限本科"",""学位"":""学士"",""政治面貌"":""不限"",""基层工作最低年限"":""无限制"",""服务基层项目工作经历"":""无限制"",""是否在面试阶段组织专业能力测试"":""是"",""面试人员比例"":""3:1"",""工作地点"":""浙江省台州市"",""落户地点"":""浙江省台州市"",""备注"":""限2026届高校毕业生；大学英语四级考试425分及以上；现场一线岗位；本职位所指专业为具体专业名称；考生必须具备与填报学历及专业相应的学位；在本单位最低服务年限5年（含试用期）；专业能力测试安排，详见海关总署网站（www.customs.gov.cn）。"",""部门网站"":""hangzhou.customs.gov.cn"",""咨询电话1"":""0571-87267215"",""咨询电话2"":""0571-87267216"",""咨询电话3"":"""",""来源Sheet"":""中央国家行政机关省级以下直属机构""}}"
"government_jobs","国家公务员2026招考简章","公务员/事业单位技术岗位","福建省厦门市","2026-07-28T09:12:58.310295+00:00","风险防控（统计分析应用类）四级主管及以下","厦门海关","","福建省厦门市","公务员/事业单位;2026;computer_software;本科或硕士研究生;与最高学历相对应的学位;统计学、应用统计学、数据科学、数学、数学与应用数学、信息与计算科学、数理基础科学、数据计算及应用;中央机关及其省级直属机构综合管理类","用人司局：厦门海关风险防控分局
职位简介：从事海关风险防控工作，以及智慧海关建设工作。
专业要求：统计学、应用统计学、数据科学、数学、数学与应用数学、信息与计算科学、数理基础科学、数据计算及应用
学历要求：本科或硕士研究生
学位要求：与最高学历相对应的学位
政治面貌：不限
基层工作经历：二年
考试类别：中央机关及其省级直属机构综合管理类
备注：本科生大学英语四级考试425分及以上，研究生大学英语六级考试425分及以上；本职位所指专业为具体专业名称；考生必须具备与填报学历及专业相应的学位；在本单位最低服务年限5年（含试用期）；专业能力测试安排，详见海关总署网站（www.customs.gov.cn）。","http://bm.scs.gov.cn/kl2026#129120-300110014002","2025-10-14","{""dataset_year"":2026,""job_uid"":""GOV-2026-129120-300110014002"",""publisher"":""国家公务员局"",""publication_page"":""http://bm.scs.gov.cn/kl2026"",""attachment_url"":""local://2026_guokao_zhaokaojianzhang.zip"",""local_source_file"":""中央机关及其直属机构2026年度考试录用公务员招考简章.xls"",""local_source_sha256"":""2670bae1df1dd07a3a3c79b9db46a11e3bb15a6c9c249e6af98bfd0b61ce3aaf"",""source_sheet"":""中央国家行政机关省级以下直属机构"",""filter_version"":""government_tech_v2"",""tech_filter"":{""is_tech"":true,""is_core_tech"":true,""scope"":""core"",""categories"":[""computer_software""],""matched_fields"":[""major"",""description""],""major_terms"":[""数据科学""],""role_terms"":[""智慧""],""reason"":""tech_major_and_role""},""original"":{""部门代码"":""129120"",""部门名称"":""厦门海关"",""用人司局"":""厦门海关风险防控分局"",""机构性质"":""中央国家行政机关省级以下直属机构"",""招考职位"":""风险防控（统计分析应用类）四级主管及以下"",""职位属性"":""普通职位"",""职位分布"":""其他职位"",""职位简介"":""从事海关风险防控工作，以及智慧海关建设工作。"",""职位代码"":""300110014002"",""机构层级"":""省（副省）级"",""考试类别"":""中央机关及其省级直属机构综合管理类"",""招考人数"":""1"",""专业"":""统计学、应用统计学、数据科学、数学、数学与应用数学、信息与计算科学、数理基础科学、数据计算及应用"",""学历"":""本科或硕士研究生"",""学位"":""与最高学历相对应的学位"",""政治面貌"":""不限"",""基层工作最低年限"":""二年"",""服务基层项目工作经历"":""无限制"",""是否在面试阶段组织专业能力测试"":""是"",""面试人员比例"":""3:1"",""工作地点"":""福建省厦门市"",""落户地点"":""福建省厦门市"",""备注"":""本科生大学英语四级考试425分及以上，研究生大学英语六级考试425分及以上；本职位所指专业为具体专业名称；考生必须具备与填报学历及专业相应的学位；在本单位最低服务年限5年（含试用期）；专业能力测试安排，详见海关总署网站（www.customs.gov.cn）。"",""部门网站"":""http://xiamen.customs.gov.cn"",""咨询电话1"":""0592-2355900"",""咨询电话2"":""0592-2355364"",""咨询电话3"":"""",""来源Sheet"":""中央国家行政机关省级以下直属机构""}}"
"government_jobs","国家公务员2026招考简章","公务员/事业单位技术岗位","福建省厦门市","2026-07-28T09:12:58.310295+00:00","风险防控（电子信息化类）四级主管及以下","厦门海关","","福建省厦门市","公务员/事业单位;2026;computer_software;cybersecurity_cryptography;electronics_communication;本科或硕士研究生;与最高学历相对应的学位;软件工程、网络工程、电子科学与技术、计算机科学与技术、电子信息工程、信息安全、数据科学与大数据技术;中央机关及其省级直属机构综合管理类","用人司局：厦门海关风险防控分局
职位简介：从事海关风险防控工作，以及智慧海关建设工作。
专业要求：软件工程、网络工程、电子科学与技术、计算机科学与技术、电子信息工程、信息安全、数据科学与大数据技术
学历要求：本科或硕士研究生
学位要求：与最高学历相对应的学位
政治面貌：不限
基层工作经历：二年
考试类别：中央机关及其省级直属机构综合管理类
备注：本科生大学英语四级考试425分及以上，研究生大学英语六级考试425分及以上；本职位所指专业为具体专业名称；考生必须具备与填报学历及专业相应的学位；在本单位最低服务年限5年（含试用期）；专业能力测试安排，详见海关总署网站（www.customs.gov.cn）。","http://bm.scs.gov.cn/kl2026#129120-300110014003","2025-10-14","{""dataset_year"":2026,""job_uid"":""GOV-2026-129120-300110014003"",""publisher"":""国家公务员局"",""publication_page"":""http://bm.scs.gov.cn/kl2026"",""attachment_url"":""local://2026_guokao_zhaokaojianzhang.zip"",""local_source_file"":""中央机关及其直属机构2026年度考试录用公务员招考简章.xls"",""local_source_sha256"":""2670bae1df1dd07a3a3c79b9db46a11e3bb15a6c9c249e6af98bfd0b61ce3aaf"",""source_sheet"":""中央国家行政机关省级以下直属机构"",""filter_version"":""government_tech_v2"",""tech_filter"":{""is_tech"":true,""is_core_tech"":true,""scope"":""core"",""categories"":[""computer_software"",""cybersecurity_cryptography"",""electronics_communication""],""matched_fields"":[""major"",""job_title"",""description""],""major_terms"":[""信息安全"",""大数据"",""数据科学与大数据技术"",""电子信息工程"",""电子科学与技术"",""网络工程"",""计算机科学与技术"",""软件工程""],""role_terms"":[""信息化"",""智慧"",""电子信息""],""reason"":""tech_major_and_role""},""original"":{""部门代码"":""129120"",""部门名称"":""厦门海关"",""用人司局"":""厦门海关风险防控分局"",""机构性质"":""中央国家行政机关省级以下直属机构"",""招考职位"":""风险防控（电子信息化类）四级主管及以下"",""职位属性"":""普通职位"",""职位分布"":""其他职位"",""职位简介"":""从事海关风险防控工作，以及智慧海关建设工作。"",""职位代码"":""300110014003"",""机构层级"":""省（副省）级"",""考试类别"":""中央机关及其省级直属机构综合管理类"",""招考人数"":""2"",""专业"":""软件工程、网络工程、电子科学与技术、计算机科学与技术、电子信息工程、信息安全、数据科学与大数据技术"",""学历"":""本科或硕士研究生"",""学位"":""与最高学历相对应的学位"",""政治面貌"":""不限"",""基层工作最低年限"":""二年"",""服务基层项目工作经历"":""无限制"",""是否在面试阶段组织专业能力测试"":""是"",""面试人员比例"":""3:1"",""工作地点"":""福建省厦门市"",""落户地点"":""福建省厦门市"",""备注"":""本科生大学英语四级考试425分及以上，研究生大学英语六级考试425分及以上；本职位所指专业为具体专业名称；考生必须具备与填报学历及专业相应的学位；在本单位最低服务年限5年（含试用期）；专业能力测试安排，详见海关总署网站（www.customs.gov.cn）。"",""部门网站"":""http://xiamen.customs.gov.cn"",""咨询电话1"":""0592-2355900"",""咨询电话2"":""0592-2355364"",""咨询电话3"":"""",""来源Sheet"":""中央国家行政机关省级以下直属机构""}}"
"government_jobs","国家公务员2026招考简章","公务员/事业单位技术岗位","山东省青岛市","2026-07-28T09:12:58.310295+00:00","风险防控（统计分析应用类）四级主管及以下","青岛海关","","山东省青岛市","公务员/事业单位;2026;computer_software;本科或硕士研究生;与最高学历相对应的学位;数学与应用数学、信息与计算科学、数据计算及应用、计算数学;中央机关及其省级直属机构综合管理类","用人司局：海关总署风险防控局（青岛）
职位简介：从事海关风险防控、智慧海关建设工作。
专业要求：数学与应用数学、信息与计算科学、数据计算及应用、计算数学
学历要求：本科或硕士研究生
学位要求：与最高学历相对应的学位
政治面貌：不限
基层工作经历：二年
考试类别：中央机关及其省级直属机构综合管理类
备注：本科生大学英语四级考试425分及以上，研究生大学英语六级考试425分及以上；本职位所指专业为具体专业名称；考生必须具备与填报学历及专业相应的学位；考生须取得人力资源和社会保障部、工业和信息化部颁发的《数据库系统工程师资格》证书；在本单位最低服务年限5年（含试用期）；专业能力测试安排，详见海关总署网站（www.customs.gov.cn）。","http://bm.scs.gov.cn/kl2026#129122-300110002001","2025-10-14","{""dataset_year"":2026,""job_uid"":""GOV-2026-129122-300110002001"",""publisher"":""国家公务员局"",""publication_page"":""http://bm.scs.gov.cn/kl2026"",""attachment_url"":""local://2026_guokao_zhaokaojianzhang.zip"",""local_source_file"":""中央机关及其直属机构2026年度考试录用公务员招考简章.xls"",""local_source_sha256"":""2670bae1df1dd07a3a3c79b9db46a11e3bb15a6c9c249e6af98bfd0b61ce3aaf"",""source_sheet"":""中央国家行政机关省级以下直属机构"",""filter_version"":""government_tech_v2"",""tech_filter"":{""is_tech"":true,""is_core_tech"":true,""scope"":""core"",""categories"":[""computer_software""],""matched_fields"":[""description"",""remarks""],""major_terms"":[],""role_terms"":[""信息化"",""数据库"",""智慧""],""reason"":""tech_role""},""original"":{""部门代码"":""129122"",""部门名称"":""青岛海关"",""用人司局"":""海关总署风险防控局（青岛）"",""机构性质"":""中央国家行政机关省级以下直属机构"",""招考职位"":""风险防控（统计分析应用类）四级主管及以下"",""职位属性"":""普通职位"",""职位分布"":""其他职位"",""职位简介"":""从事海关风险防控、智慧海关建设工作。"",""职位代码"":""300110002001"",""机构层级"":""省（副省）级"",""考试类别"":""中央机关及其省级直属机构综合管理类"",""招考人数"":""2"",""专业"":""数学与应用数学、信息与计算科学、数据计算及应用、计算数学"",""学历"":""本科或硕士研究生"",""学位"":""与最高学历相对应的学位"",""政治面貌"":""不限"",""基层工作最低年限"":""二年"",""服务基层项目工作经历"":""无限制"",""是否在面试阶段组织专业能力测试"":""是"",""面试人员比例"":""3:1"",""工作地点"":""山东省青岛市"",""落户地点"":""山东省青岛市"",""备注"":""本科生大学英语四级考试425分及以上，研究生大学英语六级考试425分及以上；本职位所指专业为具体专业名称；考生必须具备与填报学历及专业相应的学位；考生须取得人力资源和社会保障部、工业和信息化部颁发的《数据库系统工程师资格》证书；在本单位最低服务年限5年（含试用期）；专业能力测试安排，详见海关总署网站（www.customs.gov.cn）。"",""部门网站"":""http://qingdao.customs.gov.cn"",""咨询电话1"":""0532-80886591"",""咨询电话2"":""0532-80886592"",""咨询电话3"":"""",""来源Sheet"":""中央国家行政机关省级以下直属机构""}}"
"government_jobs","国家公务员2026招考简章","公务员/事业单位技术岗位","山东省济南市","2026-07-28T09:12:58.310295+00:00","科技处科技管理（电子信息化类）四级主管及以下","济南海关","","山东省济南市","公务员/事业单位;2026;computer_software;cybersecurity_cryptography;electronics_communication;本科或硕士研究生;与最高学历相对应的学位;计算机科学与技术、软件工程、网络工程、电子科学与技术、信息安全、物联网工程、智能科学与技术、电子与计算机工程、数据科学与大数据技术、人工智能、网络空间安全;中央机关及其省级直属机构综合管理类","用人司局：济南海关
职位简介：从事海关国门安全信息技术、智慧海关建设工作。
专业要求：计算机科学与技术、软件工程、网络工程、电子科学与技术、信息安全、物联网工程、智能科学与技术、电子与计算机工程、数据科学与大数据技术、人工智能、网络空间安全
学历要求：本科或硕士研究生
学位要求：与最高学历相对应的学位
政治面貌：中共党员
基层工作经历：二年
考试类别：中央机关及其省级直属机构综合管理类
备注：本科生大学英语四级考试425分及以上，研究生大学英语六级考试425分及以上；本职位所指专业为具体专业名称；考生必须具备与填报学历及专业相应的学位；在本单位最低服务年限5年（含试用期）；专业能力测试安排，详见海关总署网站（www.customs.gov.cn）。","http://bm.scs.gov.cn/kl2026#129123-300110001001","2025-10-14","{""dataset_year"":2026,""job_uid"":""GOV-2026-129123-300110001001"",""publisher"":""国家公务员局"",""publication_page"":""http://bm.scs.gov.cn/kl2026"",""attachment_url"":""local://2026_guokao_zhaokaojianzhang.zip"",""local_source_file"":""中央机关及其直属机构2026年度考试录用公务员招考简章.xls"",""local_source_sha256"":""2670bae1df1dd07a3a3c79b9db46a11e3bb15a6c9c249e6af98bfd0b61ce3aaf"",""source_sheet"":""中央国家行政机关省级以下直属机构"",""filter_version"":""government_tech_v2"",""tech_filter"":{""is_tech"":true,""is_core_tech"":true,""scope"":""core"",""categories"":[""computer_software"",""cybersecurity_cryptography"",""electronics_communication""],""matched_fields"":[""major"",""job_title"",""description""],""major_terms"":[""人工智能"",""信息安全"",""大数据"",""数据科学与大数据技术"",""智能科学与技术"",""物联网工程"",""电子科学与技术"",""网络工程"",""网络空间安全"",""计算机"",""计算机科学与技术"",""软件工程""],""role_terms"":[""信息化"",""信息技术"",""智慧"",""电子信息""],""reason"":""tech_major_and_role""},""original"":{""部门代码"":""129123"",""部门名称"":""济南海关"",""用人司局"":""济南海关"",""机构性质"":""中央国家行政机关省级以下直属机构"",""招考职位"":""科技处科技管理（电子信息化类）四级主管及以下"",""职位属性"":""普通职位"",""职位分布"":""其他职位"",""职位简介"":""从事海关国门安全信息技术、智慧海关建设工作。"",""职位代码"":""300110001001"",""机构层级"":""省（副省）级"",""考试类别"":""中央机关及其省级直属机构综合管理类"",""招考人数"":""2"",""专业"":""计算机科学与技术、软件工程、网络工程、电子科学与技术、信息安全、物联网工程、智能科学与技术、电子与计算机工程、数据科学与大数据技术、人工智能、网络空间安全"",""学历"":""本科或硕士研究生"",""学位"":""与最高学历相对应的学位"",""政治面貌"":""中共党员"",""基层工作最低年限"":""二年"",""服务基层项目工作经历"":""无限制"",""是否在面试阶段组织专业能力测试"":""是"",""面试人员比例"":""3:1"",""工作地点"":""山东省济南市"",""落户地点"":""山东省济南市"",""备注"":""本科生大学英语四级考试425分及以上，研究生大学英语六级考试425分及以上；本职位所指专业为具体专业名称；考生必须具备与填报学历及专业相应的学位；在本单位最低服务年限5年（含试用期）；专业能力测试安排，详见海关总署网站（www.customs.gov.cn）。"",""部门网站"":""http://jinan.customs.gov.cn"",""咨询电话1"":""0531-68696997"",""咨询电话2"":""0531-68696998"",""咨询电话3"":"""",""来源Sheet"":""中央国家行政机关省级以下直属机构""}}"
"government_jobs","国家公务员2026招考简章","公务员/事业单位技术岗位","河南省郑州市","2026-07-28T09:12:58.310295+00:00","科技管理（统计分析应用类）四级主办及以下","郑州海关","","河南省郑州市","公务员/事业单位;2026;computer_software;本科或硕士研究生;与最高学历相对应的学位;统计学、应用统计学、经济统计学、数学与应用数学、信息与计算科学、应用数学、应用统计;行政执法类","用人司局：郑州新区海关
职位简介：从事海关统计分析及智慧海关建设工作。
专业要求：统计学、应用统计学、经济统计学、数学与应用数学、信息与计算科学、应用数学、应用统计
学历要求：本科或硕士研究生
学位要求：与最高学历相对应的学位
政治面貌：不限
基层工作经历：无限制
考试类别：行政执法类
备注：限应届高校毕业生；本科生大学英语四级考试425分及以上，研究生大学英语六级考试425分及以上；现场一线岗位；需24小时倒班；本职位所指专业为具体专业名称；考生必须具备与填报学历及专业相应的学位；报名时请写明各阶段专业准确名称；住宿自理；在本单位最低服务年限5年（含试用期）；专业能力测试安排，详见海关总署网站（www.customs.gov.cn）。","http://bm.scs.gov.cn/kl2026#129124-300110005001","2025-10-14","{""dataset_year"":2026,""job_uid"":""GOV-2026-129124-300110005001"",""publisher"":""国家公务员局"",""publication_page"":""http://bm.scs.gov.cn/kl2026"",""attachment_url"":""local://2026_guokao_zhaokaojianzhang.zip"",""local_source_file"":""中央机关及其直属机构2026年度考试录用公务员招考简章.xls"",""local_source_sha256"":""2670bae1df1dd07a3a3c79b9db46a11e3bb15a6c9c249e6af98bfd0b61ce3aaf"",""source_sheet"":""中央国家行政机关省级以下直属机构"",""filter_version"":""government_tech_v2"",""tech_filter"":{""is_tech"":true,""is_core_tech"":true,""scope"":""core"",""categories"":[""computer_software""],""matched_fields"":[""description""],""major_terms"":[],""role_terms"":[""智慧""],""reason"":""tech_role""},""original"":{""部门代码"":""129124"",""部门名称"":""郑州海关"",""用人司局"":""郑州新区海关"",""机构性质"":""中央国家行政机关省级以下直属机构"",""招考职位"":""科技管理（统计分析应用类）四级主办及以下"",""职位属性"":""普通职位"",""职位分布"":""其他职位"",""职位简介"":""从事海关统计分析及智慧海关建设工作。"",""职位代码"":""300110005001"",""机构层级"":""县（区）级及以下"",""考试类别"":""行政执法类"",""招考人数"":""1"",""专业"":""统计学、应用统计学、经济统计学、数学与应用数学、信息与计算科学、应用数学、应用统计"",""学历"":""本科或硕士研究生"",""学位"":""与最高学历相对应的学位"",""政治面貌"":""不限"",""基层工作最低年限"":""无限制"",""服务基层项目工作经历"":""无限制"",""是否在面试阶段组织专业能力测试"":""是"",""面试人员比例"":""3:1"",""工作地点"":""河南省郑州市"",""落户地点"":""河南省郑州市"",""备注"":""限应届高校毕业生；本科生大学英语四级考试425分及以上，研究生大学英语六级考试425分及以上；现场一线岗位；需24小时倒班；本职位所指专业为具体专业名称；考生必须具备与填报学历及专业相应的学位；报名时请写明各阶段专业准确名称；住宿自理；在本单位最低服务年限5年（含试用期）；专业能力测试安排，详见海关总署网站（www.customs.gov.cn）。"",""部门网站"":""http://zhengzhou.customs.gov.cn"",""咨询电话1"":""0371-65599160"",""咨询电话2"":""0371-65599168"",""咨询电话3"":""0371-65599155"",""来源Sheet"":""中央国家行政机关省级以下直属机构""}}"
"government_jobs","国家公务员2026招考简章","公务员/事业单位技术岗位","河南省郑州市","2026-07-28T09:12:58.310295+00:00","科技管理（电子信息化类）四级主办及以下","郑州海关","","河南省郑州市","公务员/事业单位;2026;computer_software;cybersecurity_cryptography;electronics_communication;本科或硕士研究生;与最高学历相对应的学位;软件工程、网络工程、信息安全、计算机系统结构、计算机软件与理论、计算机应用技术、计算机科学与技术、计算机技术;行政执法类","用人司局：新郑海关
职位简介：从事海关国门安全信息技术及智慧海关建设工作。
专业要求：软件工程、网络工程、信息安全、计算机系统结构、计算机软件与理论、计算机应用技术、计算机科学与技术、计算机技术
学历要求：本科或硕士研究生
学位要求：与最高学历相对应的学位
政治面貌：不限
基层工作经历：无限制
考试类别：行政执法类
备注：限应届高校毕业生；本科生大学英语四级考试425分及以上，研究生大学英语六级考试425分及以上；现场一线岗位；需24小时倒班；本职位所指专业为具体专业名称；考生必须具备与填报学历及专业相应的学位；报名时请写明各阶段专业准确名称；住宿自理；在本单位最低服务年限5年（含试用期）；专业能力测试安排，详见海关总署网站（www.customs.gov.cn）。","http://bm.scs.gov.cn/kl2026#129124-300110006001","2025-10-14","{""dataset_year"":2026,""job_uid"":""GOV-2026-129124-300110006001"",""publisher"":""国家公务员局"",""publication_page"":""http://bm.scs.gov.cn/kl2026"",""attachment_url"":""local://2026_guokao_zhaokaojianzhang.zip"",""local_source_file"":""中央机关及其直属机构2026年度考试录用公务员招考简章.xls"",""local_source_sha256"":""2670bae1df1dd07a3a3c79b9db46a11e3bb15a6c9c249e6af98bfd0b61ce3aaf"",""source_sheet"":""中央国家行政机关省级以下直属机构"",""filter_version"":""government_tech_v2"",""tech_filter"":{""is_tech"":true,""is_core_tech"":true,""scope"":""core"",""categories"":[""computer_software"",""cybersecurity_cryptography"",""electronics_communication""],""matched_fields"":[""major"",""job_title"",""description""],""major_terms"":[""信息安全"",""网络工程"",""计算机"",""计算机技术"",""计算机科学与技术"",""软件工程""],""role_terms"":[""信息化"",""信息技术"",""智慧"",""电子信息""],""reason"":""tech_major_and_role""},""original"":{""部门代码"":""129124"",""部门名称"":""郑州海关"",""用人司局"":""新郑海关"",""机构性质"":""中央国家行政机关省级以下直属机构"",""招考职位"":""科技管理（电子信息化类）四级主办及以下"",""职位属性"":""普通职位"",""职位分布"":""其他职位"",""职位简介"":""从事海关国门安全信息技术及智慧海关建设工作。"",""职位代码"":""300110006001"",""机构层级"":""县（区）级及以下"",""考试类别"":""行政执法类"",""招考人数"":""1"",""专业"":""软件工程、网络工程、信息安全、计算机系统结构、计算机软件与理论、计算机应用技术、计算机科学与技术、计算机技术"",""学历"":""本科或硕士研究生"",""学位"":""与最高学历相对应的学位"",""政治面貌"":""不限"",""基层工作最低年限"":""无限制"",""服务基层项目工作经历"":""无限制"",""是否在面试阶段组织专业能力测试"":""是"",""面试人员比例"":""3:1"",""工作地点"":""河南省郑州市"",""落户地点"":""河南省郑州市"",""备注"":""限应届高校毕业生；本科生大学英语四级考试425分及以上，研究生大学英语六级考试425分及以上；现场一线岗位；需24小时倒班；本职位所指专业为具体专业名称；考生必须具备与填报学历及专业相应的学位；报名时请写明各阶段专业准确名称；住宿自理；在本单位最低服务年限5年（含试用期）；专业能力测试安排，详见海关总署网站（www.customs.gov.cn）。"",""部门网站"":""http://zhengzhou.customs.gov.cn"",""咨询电话1"":""0371-65599160"",""咨询电话2"":""0371-65599168"",""咨询电话3"":""0371-65599155"",""来源Sheet"":""中央国家行政机关省级以下直属机构""}}"
"government_jobs","国家公务员2026招考简章","公务员/事业单位技术岗位","湖北省武汉市","2026-07-28T09:12:58.310295+00:00","科技管理（电子信息化类）四级主管及以下","武汉海关","","湖北省武汉市","公务员/事业单位;2026;computer_software;cybersecurity_cryptography;electronics_communication;本科或硕士研究生;与最高学历相对应的学位;本科：信息安全、计算机科学与技术、数据科学与大数据技术、软件工程、网络工程；研究生：计算机科学与技术类、电子信息类（专业类）、软件工程类;中央机关及其省级直属机构综合管理类","用人司局：武汉海关风险防控分局
职位简介：从事海关风险防控及智慧海关建设工作。
专业要求：本科：信息安全、计算机科学与技术、数据科学与大数据技术、软件工程、网络工程；研究生：计算机科学与技术类、电子信息类（专业类）、软件工程类
学历要求：本科或硕士研究生
学位要求：与最高学历相对应的学位
政治面貌：不限
基层工作经历：二年
考试类别：中央机关及其省级直属机构综合管理类
备注：本科生大学英语四级考试425分及以上，研究生大学英语六级考试425分及以上；以研究生学历报考者，研究生和本科所学专业需同时符合职位专业要求；考生必须具备与填报学历及专业相应的学位；在本单位海关最低服务年限5年（含试用期）；专业能力测试安排，详见海关总署网站（www.customs.gov.cn）。","http://bm.scs.gov.cn/kl2026#129125-300110009001","2025-10-14","{""dataset_year"":2026,""job_uid"":""GOV-2026-129125-300110009001"",""publisher"":""国家公务员局"",""publication_page"":""http://bm.scs.gov.cn/kl2026"",""attachment_url"":""local://2026_guokao_zhaokaojianzhang.zip"",""local_source_file"":""中央机关及其直属机构2026年度考试录用公务员招考简章.xls"",""local_source_sha256"":""2670bae1df1dd07a3a3c79b9db46a11e3bb15a6c9c249e6af98bfd0b61ce3aaf"",""source_sheet"":""中央国家行政机关省级以下直属机构"",""filter_version"":""government_tech_v2"",""tech_filter"":{""is_tech"":true,""is_core_tech"":true,""scope"":""core"",""categories"":[""computer_software"",""cybersecurity_cryptography"",""electronics_communication""],""matched_fields"":[""major"",""job_title"",""description""],""major_terms"":[""信息安全"",""大数据"",""数据科学与大数据技术"",""电子信息类"",""网络工程"",""计算机科学与技术"",""软件工程""],""role_terms"":[""信息化"",""智慧"",""电子信息""],""reason"":""tech_major_and_role""},""original"":{""部门代码"":""129125"",""部门名称"":""武汉海关"",""用人司局"":""武汉海关风险防控分局"",""机构性质"":""中央国家行政机关省级以下直属机构"",""招考职位"":""科技管理（电子信息化类）四级主管及以下"",""职位属性"":""普通职位"",""职位分布"":""其他职位"",""职位简介"":""从事海关风险防控及智慧海关建设工作。"",""职位代码"":""300110009001"",""机构层级"":""省（副省）级"",""考试类别"":""中央机关及其省级直属机构综合管理类"",""招考人数"":""1"",""专业"":""本科：信息安全、计算机科学与技术、数据科学与大数据技术、软件工程、网络工程；研究生：计算机科学与技术类、电子信息类（专业类）、软件工程类"",""学历"":""本科或硕士研究生"",""学位"":""与最高学历相对应的学位"",""政治面貌"":""不限"",""基层工作最低年限"":""二年"",""服务基层项目工作经历"":""无限制"",""是否在面试阶段组织专业能力测试"":""是"",""面试人员比例"":""3:1"",""工作地点"":""湖北省武汉市"",""落户地点"":""湖北省武汉市"",""备注"":""本科生大学英语四级考试425分及以上，研究生大学英语六级考试425分及以上；以研究生学历报考者，研究生和本科所学专业需同时符合职位专业要求；考生必须具备与填报学历及专业相应的学位；在本单位海关最低服务年限5年（含试用期）；专业能力测试安排，详见海关总署网站（www.customs.gov.cn）。"",""部门网站"":""http://wuhan.customs.gov.cn"",""咨询电话1"":""027-82768307"",""咨询电话2"":""027-82768823"",""咨询电话3"":"""",""来源Sheet"":""中央国家行政机关省级以下直属机构""}}"
"government_jobs","国家公务员2026招考简章","公务员/事业单位技术岗位","广东省广州市","2026-07-28T09:12:58.310295+00:00","关税管理（统计分析应用类）二级主管及以下","广州海关","","广东省广州市","公务员/事业单位;2026;computer_software;data_ai;本科及以上;与最高学历相对应的学位;数学与应用数学、信息与计算科学、数理基础科学、数据计算及应用、统计学、应用统计学、数据科学;中央机关及其省级直属机构综合管理类","用人司局：海关总署税收征管局（广州）
职位简介：从事海关税收风险防控、数据分析以及智慧海关建设工作。
专业要求：数学与应用数学、信息与计算科学、数理基础科学、数据计算及应用、统计学、应用统计学、数据科学
学历要求：本科及以上
学位要求：与最高学历相对应的学位
政治面貌：不限
基层工作经历：二年
考试类别：中央机关及其省级直属机构综合管理类
备注：本科生大学英语四级考试425分及以上，研究生大学英语六级考试425分及以上；本职位所指专业为具体专业名称；考生必须具备与填报学历及专业相应的学位；在本单位最低服务年限5年（含试用期）；专业能力测试安排，详见海关总署网站（www.customs.gov.cn）。","http://bm.scs.gov.cn/kl2026#129127-300110004001","2025-10-14","{""dataset_year"":2026,""job_uid"":""GOV-2026-129127-300110004001"",""publisher"":""国家公务员局"",""publication_page"":""http://bm.scs.gov.cn/kl2026"",""attachment_url"":""local://2026_guokao_zhaokaojianzhang.zip"",""local_source_file"":""中央机关及其直属机构2026年度考试录用公务员招考简章.xls"",""local_source_sha256"":""2670bae1df1dd07a3a3c79b9db46a11e3bb15a6c9c249e6af98bfd0b61ce3aaf"",""source_sheet"":""中央国家行政机关省级以下直属机构"",""filter_version"":""government_tech_v2"",""tech_filter"":{""is_tech"":true,""is_core_tech"":true,""scope"":""core"",""categories"":[""computer_software"",""data_ai""],""matched_fields"":[""major"",""description""],""major_terms"":[""数据科学""],""role_terms"":[""数据分析"",""智慧""],""reason"":""tech_major_and_role""},""original"":{""部门代码"":""129127"",""部门名称"":""广州海关"",""用人司局"":""海关总署税收征管局（广州）"",""机构性质"":""中央国家行政机关省级以下直属机构"",""招考职位"":""关税管理（统计分析应用类）二级主管及以下"",""职位属性"":""普通职位"",""职位分布"":""其他职位"",""职位简介"":""从事海关税收风险防控、数据分析以及智慧海关建设工作。"",""职位代码"":""300110004001"",""机构层级"":""省（副省）级"",""考试类别"":""中央机关及其省级直属机构综合管理类"",""招考人数"":""2"",""专业"":""数学与应用数学、信息与计算科学、数理基础科学、数据计算及应用、统计学、应用统计学、数据科学"",""学历"":""本科及以上"",""学位"":""与最高学历相对应的学位"",""政治面貌"":""不限"",""基层工作最低年限"":""二年"",""服务基层项目工作经历"":""无限制"",""是否在面试阶段组织专业能力测试"":""是"",""面试人员比例"":""3:1"",""工作地点"":""广东省广州市"",""落户地点"":""广东省广州市"",""备注"":""本科生大学英语四级考试425分及以上，研究生大学英语六级考试425分及以上；本职位所指专业为具体专业名称；考生必须具备与填报学历及专业相应的学位；在本单位最低服务年限5年（含试用期）；专业能力测试安排，详见海关总署网站（www.customs.gov.cn）。"",""部门网站"":""http://guangzhou.customs.gov.cn"",""咨询电话1"":""020-81103636"",""咨询电话2"":""020-81101441"",""咨询电话3"":"""",""来源Sheet"":""中央国家行政机关省级以下直属机构""}}"
"government_jobs","国家公务员2026招考简章","公务员/事业单位技术岗位","广东省深圳市","2026-07-28T09:12:58.310295+00:00","科技管理（电子信息化类）一级行政执法员","深圳海关","","广东省深圳市","公务员/事业单位;2026;computer_software;cybersecurity_cryptography;electronics_communication;仅限本科;学士;计算机科学与技术、数据科学与大数据技术、软件工程、信息安全、网络工程、电子与计算机工程、网络空间安全、物联网工程、智能科学与技术、通信工程、电子信息工程、人工智能、信息工程;行政执法类","用人司局：沙湾海关
职位简介：从事关区业务、政务运行质量和运行时效的运行管控及智慧海关建设等工作。
专业要求：计算机科学与技术、数据科学与大数据技术、软件工程、信息安全、网络工程、电子与计算机工程、网络空间安全、物联网工程、智能科学与技术、通信工程、电子信息工程、人工智能、信息工程
学历要求：仅限本科
学位要求：学士
政治面貌：不限
基层工作经历：无限制
考试类别：行政执法类
备注：限2026届高校毕业生；现场一线岗位，须节假日值班及倒班工作，室外作业，条件艰苦；考生必须具备与填报学历及专业相应的学位；在本单位最低服务年限5年（含试用期）；专业能力测试安排，详见海关总署网站（www.customs.gov.cn）。","http://bm.scs.gov.cn/kl2026#129128-300110016001","2025-10-14","{""dataset_year"":2026,""job_uid"":""GOV-2026-129128-300110016001"",""publisher"":""国家公务员局"",""publication_page"":""http://bm.scs.gov.cn/kl2026"",""attachment_url"":""local://2026_guokao_zhaokaojianzhang.zip"",""local_source_file"":""中央机关及其直属机构2026年度考试录用公务员招考简章.xls"",""local_source_sha256"":""2670bae1df1dd07a3a3c79b9db46a11e3bb15a6c9c249e6af98bfd0b61ce3aaf"",""source_sheet"":""中央国家行政机关省级以下直属机构"",""filter_version"":""government_tech_v2"",""tech_filter"":{""is_tech"":true,""is_core_tech"":true,""scope"":""core"",""categories"":[""computer_software"",""cybersecurity_cryptography"",""electronics_communication""],""matched_fields"":[""major"",""job_title"",""description""],""major_terms"":[""人工智能"",""信息安全"",""大数据"",""数据科学与大数据技术"",""智能科学与技术"",""物联网工程"",""电子信息工程"",""网络工程"",""网络空间安全"",""计算机"",""计算机科学与技术"",""软件工程"",""通信工程""],""role_terms"":[""信息化"",""智慧"",""电子信息""],""reason"":""tech_major_and_role""},""original"":{""部门代码"":""129128"",""部门名称"":""深圳海关"",""用人司局"":""沙湾海关"",""机构性质"":""中央国家行政机关省级以下直属机构"",""招考职位"":""科技管理（电子信息化类）一级行政执法员"",""职位属性"":""普通职位"",""职位分布"":""其他职位"",""职位简介"":""从事关区业务、政务运行质量和运行时效的运行管控及智慧海关建设等工作。"",""职位代码"":""300110016001"",""机构层级"":""县（区）级及以下"",""考试类别"":""行政执法类"",""招考人数"":""2"",""专业"":""计算机科学与技术、数据科学与大数据技术、软件工程、信息安全、网络工程、电子与计算机工程、网络空间安全、物联网工程、智能科学与技术、通信工程、电子信息工程、人工智能、信息工程"",""学历"":""仅限本科"",""学位"":""学士"",""政治面貌"":""不限"",""基层工作最低年限"":""无限制"",""服务基层项目工作经历"":""无限制"",""是否在面试阶段组织专业能力测试"":""是"",""面试人员比例"":""3:1"",""工作地点"":""广东省深圳市"",""落户地点"":""广东省深圳市"",""备注"":""限2026届高校毕业生；现场一线岗位，须节假日值班及倒班工作，室外作业，条件艰苦；考生必须具备与填报学历及专业相应的学位；在本单位最低服务年限5年（含试用期）；专业能力测试安排，详见海关总署网站（www.customs.gov.cn）。"",""部门网站"":""http://shenzhen.customs.gov.cn"",""咨询电话1"":""0755-84398653"",""咨询电话2"":""0755-84398147"",""咨询电话3"":"""",""来源Sheet"":""中央国家行政机关省级以下直属机构""}}"
"government_jobs","国家公务员2026招考简章","公务员/事业单位技术岗位","广东省深圳市","2026-07-28T09:12:58.310295+00:00","科技管理（统计分析应用类）一级行政执法员","深圳海关","","广东省深圳市","公务员/事业单位;2026;computer_software;仅限本科;学士;数学类、大数据管理与应用、统计学、应用统计学;行政执法类","用人司局：南头海关
职位简介：从事加工贸易监管及智慧海关建设等工作。
专业要求：数学类、大数据管理与应用、统计学、应用统计学
学历要求：仅限本科
学位要求：学士
政治面貌：不限
基层工作经历：无限制
考试类别：行政执法类
备注：限2026届高校毕业生；现场一线岗位，须节假日值班及倒班工作，室外作业，条件艰苦；考生必须具备与填报学历及专业相应的学位；在本单位最低服务年限5年（含试用期）；专业能力测试安排，详见海关总署网站（www.customs.gov.cn）。","http://bm.scs.gov.cn/kl2026#129128-300110017001","2025-10-14","{""dataset_year"":2026,""job_uid"":""GOV-2026-129128-300110017001"",""publisher"":""国家公务员局"",""publication_page"":""http://bm.scs.gov.cn/kl2026"",""attachment_url"":""local://2026_guokao_zhaokaojianzhang.zip"",""local_source_file"":""中央机关及其直属机构2026年度考试录用公务员招考简章.xls"",""local_source_sha256"":""2670bae1df1dd07a3a3c79b9db46a11e3bb15a6c9c249e6af98bfd0b61ce3aaf"",""source_sheet"":""中央国家行政机关省级以下直属机构"",""filter_version"":""government_tech_v2"",""tech_filter"":{""is_tech"":true,""is_core_tech"":true,""scope"":""core"",""categories"":[""computer_software""],""matched_fields"":[""major"",""description""],""major_terms"":[""大数据""],""role_terms"":[""智慧""],""reason"":""tech_major_and_role""},""original"":{""部门代码"":""129128"",""部门名称"":""深圳海关"",""用人司局"":""南头海关"",""机构性质"":""中央国家行政机关省级以下直属机构"",""招考职位"":""科技管理（统计分析应用类）一级行政执法员"",""职位属性"":""普通职位"",""职位分布"":""其他职位"",""职位简介"":""从事加工贸易监管及智慧海关建设等工作。"",""职位代码"":""300110017001"",""机构层级"":""县（区）级及以下"",""考试类别"":""行政执法类"",""招考人数"":""1"",""专业"":""数学类、大数据管理与应用、统计学、应用统计学"",""学历"":""仅限本科"",""学位"":""学士"",""政治面貌"":""不限"",""基层工作最低年限"":""无限制"",""服务基层项目工作经历"":""无限制"",""是否在面试阶段组织专业能力测试"":""是"",""面试人员比例"":""3:1"",""工作地点"":""广东省深圳市"",""落户地点"":""广东省深圳市"",""备注"":""限2026届高校毕业生；现场一线岗位，须节假日值班及倒班工作，室外作业，条件艰苦；考生必须具备与填报学历及专业相应的学位；在本单位最低服务年限5年（含试用期）；专业能力测试安排，详见海关总署网站（www.customs.gov.cn）。"",""部门网站"":""http://shenzhen.customs.gov.cn"",""咨询电话1"":""0755-84398653"",""咨询电话2"":""0755-84398147"",""咨询电话3"":"""",""来源Sheet"":""中央国家行政机关省级以下直属机构""}}"
"government_jobs","国家公务员2026招考简章","公务员/事业单位技术岗位","广东省揭阳市","2026-07-28T09:12:58.310295+00:00","大数据管理（统计分析应用类）四级主办及以下","汕头海关","","广东省揭阳市","公务员/事业单位;2026;computer_software;data_ai;本科或硕士研究生;与最高学历相对应的学位;大数据管理与应用、数学与应用数学、信息与计算科学、数理基础科学、数据计算及应用、基础数学、计算数学、概率论与数理统计、应用数学、统计学、应用统计学、数据科学;行政执法类","用人司局：潮汕机场海关
职位简介：从事大数据分析及智慧海关建设工作。
专业要求：大数据管理与应用、数学与应用数学、信息与计算科学、数理基础科学、数据计算及应用、基础数学、计算数学、概率论与数理统计、应用数学、统计学、应用统计学、数据科学
学历要求：本科或硕士研究生
学位要求：与最高学历相对应的学位
政治面貌：不限
基层工作经历：无限制
考试类别：行政执法类
备注：限应届高校毕业生；本科生大学英语四级考试425分及以上，研究生大学英语六级考试425分及以上；本职位所指专业为具体专业名称；考生必须具备与填报学历及专业相应的学位；在本单位最低服务年限5年（含试用期）；专业能力测试安排，详见海关总署网站（www.customs.gov.cn）。","http://bm.scs.gov.cn/kl2026#129130-300110003003","2025-10-14","{""dataset_year"":2026,""job_uid"":""GOV-2026-129130-300110003003"",""publisher"":""国家公务员局"",""publication_page"":""http://bm.scs.gov.cn/kl2026"",""attachment_url"":""local://2026_guokao_zhaokaojianzhang.zip"",""local_source_file"":""中央机关及其直属机构2026年度考试录用公务员招考简章.xls"",""local_source_sha256"":""2670bae1df1dd07a3a3c79b9db46a11e3bb15a6c9c249e6af98bfd0b61ce3aaf"",""source_sheet"":""中央国家行政机关省级以下直属机构"",""filter_version"":""government_tech_v2"",""tech_filter"":{""is_tech"":true,""is_core_tech"":true,""scope"":""core"",""categories"":[""computer_software"",""data_ai""],""matched_fields"":[""major"",""job_title"",""description""],""major_terms"":[""大数据"",""数据科学""],""role_terms"":[""大数据"",""数据分析"",""数据管理"",""智慧""],""reason"":""tech_major_and_role""},""original"":{""部门代码"":""129130"",""部门名称"":""汕头海关"",""用人司局"":""潮汕机场海关"",""机构性质"":""中央国家行政机关省级以下直属机构"",""招考职位"":""大数据管理（统计分析应用类）四级主办及以下"",""职位属性"":""普通职位"",""职位分布"":""其他职位"",""职位简介"":""从事大数据分析及智慧海关建设工作。"",""职位代码"":""300110003003"",""机构层级"":""县（区）级及以下"",""考试类别"":""行政执法类"",""招考人数"":""1"",""专业"":""大数据管理与应用、数学与应用数学、信息与计算科学、数理基础科学、数据计算及应用、基础数学、计算数学、概率论与数理统计、应用数学、统计学、应用统计学、数据科学"",""学历"":""本科或硕士研究生"",""学位"":""与最高学历相对应的学位"",""政治面貌"":""不限"",""基层工作最低年限"":""无限制"",""服务基层项目工作经历"":""无限制"",""是否在面试阶段组织专业能力测试"":""是"",""面试人员比例"":""3:1"",""工作地点"":""广东省揭阳市"",""落户地点"":""广东省"",""备注"":""限应届高校毕业生；本科生大学英语四级考试425分及以上，研究生大学英语六级考试425分及以上；本职位所指专业为具体专业名称；考生必须具备与填报学历及专业相应的学位；在本单位最低服务年限5年（含试用期）；专业能力测试安排，详见海关总署网站（www.customs.gov.cn）。"",""部门网站"":""http://shantou.customs.gov.cn/"",""咨询电话1"":""0754-88198616"",""咨询电话2"":""0754-88198617"",""咨询电话3"":"""",""来源Sheet"":""中央国家行政机关省级以下直属机构""}}"
"government_jobs","国家公务员2026招考简章","公务员/事业单位技术岗位","广东省汕头市","2026-07-28T09:12:58.310295+00:00","大数据管理（统计分析应用类）四级主办及以下","汕头海关","","广东省汕头市","公务员/事业单位;2026;computer_software;data_ai;本科或硕士研究生;与最高学历相对应的学位;大数据管理与应用、数学与应用数学、信息与计算科学、数理基础科学、数据计算及应用、基础数学、计算数学、概率论与数理统计、应用数学、统计学、应用统计学、数据科学;行政执法类","用人司局：濠江海关
职位简介：从事大数据分析及智慧海关建设工作。
专业要求：大数据管理与应用、数学与应用数学、信息与计算科学、数理基础科学、数据计算及应用、基础数学、计算数学、概率论与数理统计、应用数学、统计学、应用统计学、数据科学
学历要求：本科或硕士研究生
学位要求：与最高学历相对应的学位
政治面貌：不限
基层工作经历：无限制
考试类别：行政执法类
备注：限应届高校毕业生；本科生大学英语四级考试425分及以上，研究生大学英语六级考试425分及以上；本职位所指专业为具体专业名称；考生必须具备与填报学历及专业相应的学位；在本单位最低服务年限5年（含试用期）；专业能力测试安排，详见海关总署网站（www.customs.gov.cn）。","http://bm.scs.gov.cn/kl2026#129130-300110008001","2025-10-14","{""dataset_year"":2026,""job_uid"":""GOV-2026-129130-300110008001"",""publisher"":""国家公务员局"",""publication_page"":""http://bm.scs.gov.cn/kl2026"",""attachment_url"":""local://2026_guokao_zhaokaojianzhang.zip"",""local_source_file"":""中央机关及其直属机构2026年度考试录用公务员招考简章.xls"",""local_source_sha256"":""2670bae1df1dd07a3a3c79b9db46a11e3bb15a6c9c249e6af98bfd0b61ce3aaf"",""source_sheet"":""中央国家行政机关省级以下直属机构"",""filter_version"":""government_tech_v2"",""tech_filter"":{""is_tech"":true,""is_core_tech"":true,""scope"":""core"",""categories"":[""computer_software"",""data_ai""],""matched_fields"":[""major"",""job_title"",""description""],""major_terms"":[""大数据"",""数据科学""],""role_terms"":[""大数据"",""数据分析"",""数据管理"",""智慧""],""reason"":""tech_major_and_role""},""original"":{""部门代码"":""129130"",""部门名称"":""汕头海关"",""用人司局"":""濠江海关"",""机构性质"":""中央国家行政机关省级以下直属机构"",""招考职位"":""大数据管理（统计分析应用类）四级主办及以下"",""职位属性"":""普通职位"",""职位分布"":""其他职位"",""职位简介"":""从事大数据分析及智慧海关建设工作。"",""职位代码"":""300110008001"",""机构层级"":""县（区）级及以下"",""考试类别"":""行政执法类"",""招考人数"":""1"",""专业"":""大数据管理与应用、数学与应用数学、信息与计算科学、数理基础科学、数据计算及应用、基础数学、计算数学、概率论与数理统计、应用数学、统计学、应用统计学、数据科学"",""学历"":""本科或硕士研究生"",""学位"":""与最高学历相对应的学位"",""政治面貌"":""不限"",""基层工作最低年限"":""无限制"",""服务基层项目工作经历"":""无限制"",""是否在面试阶段组织专业能力测试"":""是"",""面试人员比例"":""3:1"",""工作地点"":""广东省汕头市"",""落户地点"":""广东省"",""备注"":""限应届高校毕业生；本科生大学英语四级考试425分及以上，研究生大学英语六级考试425分及以上；本职位所指专业为具体专业名称；考生必须具备与填报学历及专业相应的学位；在本单位最低服务年限5年（含试用期）；专业能力测试安排，详见海关总署网站（www.customs.gov.cn）。"",""部门网站"":""http://shantou.customs.gov.cn/"",""咨询电话1"":""0754-88198616"",""咨询电话2"":""0754-88198617"",""咨询电话3"":"""",""来源Sheet"":""中央国家行政机关省级以下直属机构""}}"
"government_jobs","国家公务员2026招考简章","公务员/事业单位技术岗位","广东省梅州市","2026-07-28T09:12:58.310295+00:00","大数据管理（统计分析应用类）四级主办及以下","汕头海关","","广东省梅州市","公务员/事业单位;2026;computer_software;data_ai;本科或硕士研究生;与最高学历相对应的学位;大数据管理与应用、数学与应用数学、信息与计算科学、数理基础科学、数据计算及应用、基础数学、计算数学、概率论与数理统计、应用数学、统计学、应用统计学、数据科学;行政执法类","用人司局：梅州海关
职位简介：从事大数据分析及智慧海关建设工作。
专业要求：大数据管理与应用、数学与应用数学、信息与计算科学、数理基础科学、数据计算及应用、基础数学、计算数学、概率论与数理统计、应用数学、统计学、应用统计学、数据科学
学历要求：本科或硕士研究生
学位要求：与最高学历相对应的学位
政治面貌：不限
基层工作经历：无限制
考试类别：行政执法类
备注：限应届高校毕业生；本科生大学英语四级考试425分及以上，研究生大学英语六级考试425分及以上；本职位所指专业为具体专业名称；考生必须具备与填报学历及专业相应的学位；在本单位最低服务年限5年（含试用期）；专业能力测试安排，详见海关总署网站（www.customs.gov.cn）。","http://bm.scs.gov.cn/kl2026#129130-300110010001","2025-10-14","{""dataset_year"":2026,""job_uid"":""GOV-2026-129130-300110010001"",""publisher"":""国家公务员局"",""publication_page"":""http://bm.scs.gov.cn/kl2026"",""attachment_url"":""local://2026_guokao_zhaokaojianzhang.zip"",""local_source_file"":""中央机关及其直属机构2026年度考试录用公务员招考简章.xls"",""local_source_sha256"":""2670bae1df1dd07a3a3c79b9db46a11e3bb15a6c9c249e6af98bfd0b61ce3aaf"",""source_sheet"":""中央国家行政机关省级以下直属机构"",""filter_version"":""government_tech_v2"",""tech_filter"":{""is_tech"":true,""is_core_tech"":true,""scope"":""core"",""categories"":[""computer_software"",""data_ai""],""matched_fields"":[""major"",""job_title"",""description""],""major_terms"":[""大数据"",""数据科学""],""role_terms"":[""大数据"",""数据分析"",""数据管理"",""智慧""],""reason"":""tech_major_and_role""},""original"":{""部门代码"":""129130"",""部门名称"":""汕头海关"",""用人司局"":""梅州海关"",""机构性质"":""中央国家行政机关省级以下直属机构"",""招考职位"":""大数据管理（统计分析应用类）四级主办及以下"",""职位属性"":""普通职位"",""职位分布"":""其他职位"",""职位简介"":""从事大数据分析及智慧海关建设工作。"",""职位代码"":""300110010001"",""机构层级"":""县（区）级及以下"",""考试类别"":""行政执法类"",""招考人数"":""1"",""专业"":""大数据管理与应用、数学与应用数学、信息与计算科学、数理基础科学、数据计算及应用、基础数学、计算数学、概率论与数理统计、应用数学、统计学、应用统计学、数据科学"",""学历"":""本科或硕士研究生"",""学位"":""与最高学历相对应的学位"",""政治面貌"":""不限"",""基层工作最低年限"":""无限制"",""服务基层项目工作经历"":""无限制"",""是否在面试阶段组织专业能力测试"":""是"",""面试人员比例"":""3:1"",""工作地点"":""广东省梅州市"",""落户地点"":""广东省"",""备注"":""限应届高校毕业生；本科生大学英语四级考试425分及以上，研究生大学英语六级考试425分及以上；本职位所指专业为具体专业名称；考生必须具备与填报学历及专业相应的学位；在本单位最低服务年限5年（含试用期）；专业能力测试安排，详见海关总署网站（www.customs.gov.cn）。"",""部门网站"":""http://shantou.customs.gov.cn/"",""咨询电话1"":""0754-88198616"",""咨询电话2"":""0754-88198617"",""咨询电话3"":"""",""来源Sheet"":""中央国家行政机关省级以下直属机构""}}"
"government_jobs","国家公务员2026招考简章","公务员/事业单位技术岗位","广东省汕尾市","2026-07-28T09:12:58.310295+00:00","大数据管理（统计分析应用类）四级主办及以下","汕头海关","","广东省汕尾市","公务员/事业单位;2026;computer_software;data_ai;本科或硕士研究生;与最高学历相对应的学位;大数据管理与应用、数学与应用数学、信息与计算科学、数理基础科学、数据计算及应用、基础数学、计算数学、概率论与数理统计、应用数学、统计学、应用统计学、数据科学;行政执法类","用人司局：汕尾海关
职位简介：从事大数据分析及智慧海关建设工作。
专业要求：大数据管理与应用、数学与应用数学、信息与计算科学、数理基础科学、数据计算及应用、基础数学、计算数学、概率论与数理统计、应用数学、统计学、应用统计学、数据科学
学历要求：本科或硕士研究生
学位要求：与最高学历相对应的学位
政治面貌：不限
基层工作经历：无限制
考试类别：行政执法类
备注：限应届高校毕业生；本科生大学英语四级考试425分及以上，研究生大学英语六级考试425分及以上；本职位所指专业为具体专业名称；考生必须具备与填报学历及专业相应的学位；在本单位最低服务年限5年（含试用期）；专业能力测试安排，详见海关总署网站（www.customs.gov.cn）。","http://bm.scs.gov.cn/kl2026#129130-300110011001","2025-10-14","{""dataset_year"":2026,""job_uid"":""GOV-2026-129130-300110011001"",""publisher"":""国家公务员局"",""publication_page"":""http://bm.scs.gov.cn/kl2026"",""attachment_url"":""local://2026_guokao_zhaokaojianzhang.zip"",""local_source_file"":""中央机关及其直属机构2026年度考试录用公务员招考简章.xls"",""local_source_sha256"":""2670bae1df1dd07a3a3c79b9db46a11e3bb15a6c9c249e6af98bfd0b61ce3aaf"",""source_sheet"":""中央国家行政机关省级以下直属机构"",""filter_version"":""government_tech_v2"",""tech_filter"":{""is_tech"":true,""is_core_tech"":true,""scope"":""core"",""categories"":[""computer_software"",""data_ai""],""matched_fields"":[""major"",""job_title"",""description""],""major_terms"":[""大数据"",""数据科学""],""role_terms"":[""大数据"",""数据分析"",""数据管理"",""智慧""],""reason"":""tech_major_and_role""},""original"":{""部门代码"":""129130"",""部门名称"":""汕头海关"",""用人司局"":""汕尾海关"",""机构性质"":""中央国家行政机关省级以下直属机构"",""招考职位"":""大数据管理（统计分析应用类）四级主办及以下"",""职位属性"":""普通职位"",""职位分布"":""其他职位"",""职位简介"":""从事大数据分析及智慧海关建设工作。"",""职位代码"":""300110011001"",""机构层级"":""县（区）级及以下"",""考试类别"":""行政执法类"",""招考人数"":""1"",""专业"":""大数据管理与应用、数学与应用数学、信息与计算科学、数理基础科学、数据计算及应用、基础数学、计算数学、概率论与数理统计、应用数学、统计学、应用统计学、数据科学"",""学历"":""本科或硕士研究生"",""学位"":""与最高学历相对应的学位"",""政治面貌"":""不限"",""基层工作最低年限"":""无限制"",""服务基层项目工作经历"":""无限制"",""是否在面试阶段组织专业能力测试"":""是"",""面试人员比例"":""3:1"",""工作地点"":""广东省汕尾市"",""落户地点"":""广东省"",""备注"":""限应届高校毕业生；本科生大学英语四级考试425分及以上，研究生大学英语六级考试425分及以上；本职位所指专业为具体专业名称；考生必须具备与填报学历及专业相应的学位；在本单位最低服务年限5年（含试用期）；专业能力测试安排，详见海关总署网站（www.customs.gov.cn）。"",""部门网站"":""http://shantou.customs.gov.cn/"",""咨询电话1"":""0754-88198616"",""咨询电话2"":""0754-88198617"",""咨询电话3"":"""",""来源Sheet"":""中央国家行政机关省级以下直属机构""}}"
"government_jobs","国家公务员2026招考简章","公务员/事业单位技术岗位","广东省","2026-07-28T09:12:58.310295+00:00","数据分析（统计分析应用类）四级主管及以下","黄埔海关","","广东省","公务员/事业单位;2026;computer_software;data_ai;本科或硕士研究生;与最高学历相对应的学位;本科：统计学类、数据科学与大数据技术、大数据管理与应用； 研究生：应用统计、数学、统计学。;中央机关及其省级直属机构综合管理类","用人司局：海关总署风险防控局（黄埔）
职位简介：从事海关数据处理分析及智慧海关建设工作。
专业要求：本科：统计学类、数据科学与大数据技术、大数据管理与应用； 研究生：应用统计、数学、统计学。
学历要求：本科或硕士研究生
学位要求：与最高学历相对应的学位
政治面貌：不限
基层工作经历：二年
考试类别：中央机关及其省级直属机构综合管理类
备注：本科生大学英语四级考试425分及以上，研究生大学英语六级考试425分及以上，报名时请写明大学英语级别和具体分数；需24小时倒班；考生必须具备与填报学历及专业相应的学位；在本单位最低服务年限5年（含试用期）；专业能力测试安排，详见海关总署网站（www.customs.gov.cn）。","http://bm.scs.gov.cn/kl2026#129131-300110101001","2025-10-14","{""dataset_year"":2026,""job_uid"":""GOV-2026-129131-300110101001"",""publisher"":""国家公务员局"",""publication_page"":""http://bm.scs.gov.cn/kl2026"",""attachment_url"":""local://2026_guokao_zhaokaojianzhang.zip"",""local_source_file"":""中央机关及其直属机构2026年度考试录用公务员招考简章.xls"",""local_source_sha256"":""2670bae1df1dd07a3a3c79b9db46a11e3bb15a6c9c249e6af98bfd0b61ce3aaf"",""source_sheet"":""中央国家行政机关省级以下直属机构"",""filter_version"":""government_tech_v2"",""tech_filter"":{""is_tech"":true,""is_core_tech"":true,""scope"":""core"",""categories"":[""computer_software"",""data_ai""],""matched_fields"":[""major"",""job_title"",""description""],""major_terms"":[""大数据"",""数据科学与大数据技术""],""role_terms"":[""数据分析"",""数据处理"",""智慧""],""reason"":""tech_major_and_role""},""original"":{""部门代码"":""129131"",""部门名称"":""黄埔海关"",""用人司局"":""海关总署风险防控局（黄埔）"",""机构性质"":""中央国家行政机关省级以下直属机构"",""招考职位"":""数据分析（统计分析应用类）四级主管及以下"",""职位属性"":""普通职位"",""职位分布"":""其他职位"",""职位简介"":""从事海关数据处理分析及智慧海关建设工作。"",""职位代码"":""300110101001"",""机构层级"":""省（副省）级"",""考试类别"":""中央机关及其省级直属机构综合管理类"",""招考人数"":""1"",""专业"":""本科：统计学类、数据科学与大数据技术、大数据管理与应用； 研究生：应用统计、数学、统计学。"",""学历"":""本科或硕士研究生"",""学位"":""与最高学历相对应的学位"",""政治面貌"":""不限"",""基层工作最低年限"":""二年"",""服务基层项目工作经历"":""无限制"",""是否在面试阶段组织专业能力测试"":""是"",""面试人员比例"":""3:1"",""工作地点"":""广东省"",""落户地点"":""广东省"",""备注"":""本科生大学英语四级考试425分及以上，研究生大学英语六级考试425分及以上，报名时请写明大学英语级别和具体分数；需24小时倒班；考生必须具备与填报学历及专业相应的学位；在本单位最低服务年限5年（含试用期）；专业能力测试安排，详见海关总署网站（www.customs.gov.cn）。"",""部门网站"":""huangpu.customs.gov.cn"",""咨询电话1"":""020-82132789"",""咨询电话2"":""020-82130709"",""咨询电话3"":""020-82132711"",""来源Sheet"":""中央国家行政机关省级以下直属机构""}}"
"government_jobs","国家公务员2026招考简章","公务员/事业单位技术岗位","广东省","2026-07-28T09:12:58.310295+00:00","风险防控（电子信息化类）四级主管及以下","黄埔海关","","广东省","公务员/事业单位;2026;computer_software;electronics_communication;本科或硕士研究生;与最高学历相对应的学位;本科：光电信息科学与工程、软件工程、数据科学与大数据技术、大数据管理与应用； 研究生：数学、电子科学与技术、软件工程。;中央机关及其省级直属机构综合管理类","用人司局：海关总署风险防控局（黄埔）
职位简介：从事海关风险防控及智慧海关建设工作。
专业要求：本科：光电信息科学与工程、软件工程、数据科学与大数据技术、大数据管理与应用； 研究生：数学、电子科学与技术、软件工程。
学历要求：本科或硕士研究生
学位要求：与最高学历相对应的学位
政治面貌：不限
基层工作经历：二年
考试类别：中央机关及其省级直属机构综合管理类
备注：本科生大学英语四级考试425分及以上，研究生大学英语六级考试425分及以上，报名时请写明大学英语级别和具体分数；需24小时倒班；考生必须具备与填报学历及专业相应的学位；在本单位最低服务年限5年（含试用期）；专业能力测试安排，详见海关总署网站（www.customs.gov.cn）。","http://bm.scs.gov.cn/kl2026#129131-300110101002","2025-10-14","{""dataset_year"":2026,""job_uid"":""GOV-2026-129131-300110101002"",""publisher"":""国家公务员局"",""publication_page"":""http://bm.scs.gov.cn/kl2026"",""attachment_url"":""local://2026_guokao_zhaokaojianzhang.zip"",""local_source_file"":""中央机关及其直属机构2026年度考试录用公务员招考简章.xls"",""local_source_sha256"":""2670bae1df1dd07a3a3c79b9db46a11e3bb15a6c9c249e6af98bfd0b61ce3aaf"",""source_sheet"":""中央国家行政机关省级以下直属机构"",""filter_version"":""government_tech_v2"",""tech_filter"":{""is_tech"":true,""is_core_tech"":true,""scope"":""core"",""categories"":[""computer_software"",""electronics_communication""],""matched_fields"":[""major"",""job_title"",""description""],""major_terms"":[""光电信息"",""大数据"",""数据科学与大数据技术"",""电子科学与技术"",""软件工程""],""role_terms"":[""信息化"",""智慧"",""电子信息""],""reason"":""tech_major_and_role""},""original"":{""部门代码"":""129131"",""部门名称"":""黄埔海关"",""用人司局"":""海关总署风险防控局（黄埔）"",""机构性质"":""中央国家行政机关省级以下直属机构"",""招考职位"":""风险防控（电子信息化类）四级主管及以下"",""职位属性"":""普通职位"",""职位分布"":""其他职位"",""职位简介"":""从事海关风险防控及智慧海关建设工作。"",""职位代码"":""300110101002"",""机构层级"":""省（副省）级"",""考试类别"":""中央机关及其省级直属机构综合管理类"",""招考人数"":""1"",""专业"":""本科：光电信息科学与工程、软件工程、数据科学与大数据技术、大数据管理与应用； 研究生：数学、电子科学与技术、软件工程。"",""学历"":""本科或硕士研究生"",""学位"":""与最高学历相对应的学位"",""政治面貌"":""不限"",""基层工作最低年限"":""二年"",""服务基层项目工作经历"":""无限制"",""是否在面试阶段组织专业能力测试"":""是"",""面试人员比例"":""3:1"",""工作地点"":""广东省"",""落户地点"":""广东省"",""备注"":""本科生大学英语四级考试425分及以上，研究生大学英语六级考试425分及以上，报名时请写明大学英语级别和具体分数；需24小时倒班；考生必须具备与填报学历及专业相应的学位；在本单位最低服务年限5年（含试用期）；专业能力测试安排，详见海关总署网站（www.customs.gov.cn）。"",""部门网站"":""huangpu.customs.gov.cn"",""咨询电话1"":""020-82132789"",""咨询电话2"":""020-82130709"",""咨询电话3"":""020-82132711"",""来源Sheet"":""中央国家行政机关省级以下直属机构""}}"
"government_jobs","国家公务员2026招考简章","公务员/事业单位技术岗位","广东省","2026-07-28T09:12:58.310295+00:00","数据分析（统计分析应用类）四级主办及以下","黄埔海关","","广东省","公务员/事业单位;2026;computer_software;data_ai;本科或硕士研究生;与最高学历相对应的学位;本科：信息与计算科学、数据计算及应用、数据科学与大数据技术、大数据管理与应用； 研究生：管理科学与工程。;行政执法类","用人司局：黄埔新港海关
职位简介：从事海关数据处理分析及智慧海关建设工作。
专业要求：本科：信息与计算科学、数据计算及应用、数据科学与大数据技术、大数据管理与应用； 研究生：管理科学与工程。
学历要求：本科或硕士研究生
学位要求：与最高学历相对应的学位
政治面貌：不限
基层工作经历：无限制
考试类别：行政执法类
备注：限2026届高校毕业生；本科生大学英语四级考试425分及以上，研究生大学英语六级考试425分及以上，报名时请写明大学英语级别和具体分数；现场一线岗位；需24小时倒班；考生必须具备与填报学历及专业相应的学位；在本单位最低服务年限5年（含试用期）；专业能力测试安排，详见海关总署网站（www.customs.gov.cn）。","http://bm.scs.gov.cn/kl2026#129131-300110103010","2025-10-14","{""dataset_year"":2026,""job_uid"":""GOV-2026-129131-300110103010"",""publisher"":""国家公务员局"",""publication_page"":""http://bm.scs.gov.cn/kl2026"",""attachment_url"":""local://2026_guokao_zhaokaojianzhang.zip"",""local_source_file"":""中央机关及其直属机构2026年度考试录用公务员招考简章.xls"",""local_source_sha256"":""2670bae1df1dd07a3a3c79b9db46a11e3bb15a6c9c249e6af98bfd0b61ce3aaf"",""source_sheet"":""中央国家行政机关省级以下直属机构"",""filter_version"":""government_tech_v2"",""tech_filter"":{""is_tech"":true,""is_core_tech"":true,""scope"":""core"",""categories"":[""computer_software"",""data_ai""],""matched_fields"":[""major"",""job_title"",""description""],""major_terms"":[""大数据"",""数据科学与大数据技术""],""role_terms"":[""数据分析"",""数据处理"",""智慧""],""reason"":""tech_major_and_role""},""original"":{""部门代码"":""129131"",""部门名称"":""黄埔海关"",""用人司局"":""黄埔新港海关"",""机构性质"":""中央国家行政机关省级以下直属机构"",""招考职位"":""数据分析（统计分析应用类）四级主办及以下"",""职位属性"":""普通职位"",""职位分布"":""其他职位"",""职位简介"":""从事海关数据处理分析及智慧海关建设工作。"",""职位代码"":""300110103010"",""机构层级"":""县（区）级及以下"",""考试类别"":""行政执法类"",""招考人数"":""3"",""专业"":""本科：信息与计算科学、数据计算及应用、数据科学与大数据技术、大数据管理与应用； 研究生：管理科学与工程。"",""学历"":""本科或硕士研究生"",""学位"":""与最高学历相对应的学位"",""政治面貌"":""不限"",""基层工作最低年限"":""无限制"",""服务基层项目工作经历"":""无限制"",""是否在面试阶段组织专业能力测试"":""是"",""面试人员比例"":""3:1"",""工作地点"":""广东省"",""落户地点"":""广东省"",""备注"":""限2026届高校毕业生；本科生大学英语四级考试425分及以上，研究生大学英语六级考试425分及以上，报名时请写明大学英语级别和具体分数；现场一线岗位；需24小时倒班；考生必须具备与填报学历及专业相应的学位；在本单位最低服务年限5年（含试用期）；专业能力测试安排，详见海关总署网站（www.customs.gov.cn）。"",""部门网站"":""huangpu.customs.gov.cn"",""咨询电话1"":""020-82132789"",""咨询电话2"":""020-82130709"",""咨询电话3"":""020-82132711"",""来源Sheet"":""中央国家行政机关省级以下直属机构""}}"
"government_jobs","国家公务员2026招考简章","公务员/事业单位技术岗位","广东省","2026-07-28T09:12:58.310295+00:00","数据分析（统计分析应用类）四级主办及以下","黄埔海关","","广东省","公务员/事业单位;2026;computer_software;data_ai;本科或硕士研究生;与最高学历相对应的学位;本科：信息与计算科学、数据计算及应用、数据科学与大数据技术、大数据管理与应用； 研究生：管理科学与工程。;行政执法类","用人司局：穗东海关
职位简介：从事海关数据处理分析及智慧海关建设工作。
专业要求：本科：信息与计算科学、数据计算及应用、数据科学与大数据技术、大数据管理与应用； 研究生：管理科学与工程。
学历要求：本科或硕士研究生
学位要求：与最高学历相对应的学位
政治面貌：不限
基层工作经历：无限制
考试类别：行政执法类
备注：限2026届高校毕业生；本科生大学英语四级考试425分及以上，研究生大学英语六级考试425分及以上，报名时请写明大学英语级别和具体分数；现场一线岗位；需24小时倒班；考生必须具备与填报学历及专业相应的学位；在本单位最低服务年限5年（含试用期）；专业能力测试安排，详见海关总署网站（www.customs.gov.cn）。","http://bm.scs.gov.cn/kl2026#129131-300110104011","2025-10-14","{""dataset_year"":2026,""job_uid"":""GOV-2026-129131-300110104011"",""publisher"":""国家公务员局"",""publication_page"":""http://bm.scs.gov.cn/kl2026"",""attachment_url"":""local://2026_guokao_zhaokaojianzhang.zip"",""local_source_file"":""中央机关及其直属机构2026年度考试录用公务员招考简章.xls"",""local_source_sha256"":""2670bae1df1dd07a3a3c79b9db46a11e3bb15a6c9c249e6af98bfd0b61ce3aaf"",""source_sheet"":""中央国家行政机关省级以下直属机构"",""filter_version"":""government_tech_v2"",""tech_filter"":{""is_tech"":true,""is_core_tech"":true,""scope"":""core"",""categories"":[""computer_software"",""data_ai""],""matched_fields"":[""major"",""job_title"",""description""],""major_terms"":[""大数据"",""数据科学与大数据技术""],""role_terms"":[""数据分析"",""数据处理"",""智慧""],""reason"":""tech_major_and_role""},""original"":{""部门代码"":""129131"",""部门名称"":""黄埔海关"",""用人司局"":""穗东海关"",""机构性质"":""中央国家行政机关省级以下直属机构"",""招考职位"":""数据分析（统计分析应用类）四级主办及以下"",""职位属性"":""普通职位"",""职位分布"":""其他职位"",""职位简介"":""从事海关数据处理分析及智慧海关建设工作。"",""职位代码"":""300110104011"",""机构层级"":""县（区）级及以下"",""考试类别"":""行政执法类"",""招考人数"":""3"",""专业"":""本科：信息与计算科学、数据计算及应用、数据科学与大数据技术、大数据管理与应用； 研究生：管理科学与工程。"",""学历"":""本科或硕士研究生"",""学位"":""与最高学历相对应的学位"",""政治面貌"":""不限"",""基层工作最低年限"":""无限制"",""服务基层项目工作经历"":""无限制"",""是否在面试阶段组织专业能力测试"":""是"",""面试人员比例"":""3:1"",""工作地点"":""广东省"",""落户地点"":""广东省"",""备注"":""限2026届高校毕业生；本科生大学英语四级考试425分及以上，研究生大学英语六级考试425分及以上，报名时请写明大学英语级别和具体分数；现场一线岗位；需24小时倒班；考生必须具备与填报学历及专业相应的学位；在本单位最低服务年限5年（含试用期）；专业能力测试安排，详见海关总署网站（www.customs.gov.cn）。"",""部门网站"":""huangpu.customs.gov.cn"",""咨询电话1"":""020-82132789"",""咨询电话2"":""020-82130709"",""咨询电话3"":""020-82132711"",""来源Sheet"":""中央国家行政机关省级以下直属机构""}}"
"government_jobs","国家公务员2026招考简章","公务员/事业单位技术岗位","广东省","2026-07-28T09:12:58.310295+00:00","数据分析（统计分析应用类）四级主办及以下","黄埔海关","","广东省","公务员/事业单位;2026;computer_software;data_ai;本科或硕士研究生;与最高学历相对应的学位;本科：信息与计算科学、数据计算及应用、数据科学与大数据技术、大数据管理与应用； 研究生：管理科学与工程。;行政执法类","用人司局：萝岗海关
职位简介：从事海关数据处理分析及智慧海关建设工作。
专业要求：本科：信息与计算科学、数据计算及应用、数据科学与大数据技术、大数据管理与应用； 研究生：管理科学与工程。
学历要求：本科或硕士研究生
学位要求：与最高学历相对应的学位
政治面貌：不限
基层工作经历：无限制
考试类别：行政执法类
备注：限2026届高校毕业生；本科生大学英语四级考试425分及以上，研究生大学英语六级考试425分及以上，报名时请写明大学英语级别和具体分数；现场一线岗位；需24小时倒班；考生必须具备与填报学历及专业相应的学位；在本单位最低服务年限5年（含试用期）；专业能力测试安排，详见海关总署网站（www.customs.gov.cn）。","http://bm.scs.gov.cn/kl2026#129131-300110106008","2025-10-14","{""dataset_year"":2026,""job_uid"":""GOV-2026-129131-300110106008"",""publisher"":""国家公务员局"",""publication_page"":""http://bm.scs.gov.cn/kl2026"",""attachment_url"":""local://2026_guokao_zhaokaojianzhang.zip"",""local_source_file"":""中央机关及其直属机构2026年度考试录用公务员招考简章.xls"",""local_source_sha256"":""2670bae1df1dd07a3a3c79b9db46a11e3bb15a6c9c249e6af98bfd0b61ce3aaf"",""source_sheet"":""中央国家行政机关省级以下直属机构"",""filter_version"":""government_tech_v2"",""tech_filter"":{""is_tech"":true,""is_core_tech"":true,""scope"":""core"",""categories"":[""computer_software"",""data_ai""],""matched_fields"":[""major"",""job_title"",""description""],""major_terms"":[""大数据"",""数据科学与大数据技术""],""role_terms"":[""数据分析"",""数据处理"",""智慧""],""reason"":""tech_major_and_role""},""original"":{""部门代码"":""129131"",""部门名称"":""黄埔海关"",""用人司局"":""萝岗海关"",""机构性质"":""中央国家行政机关省级以下直属机构"",""招考职位"":""数据分析（统计分析应用类）四级主办及以下"",""职位属性"":""普通职位"",""职位分布"":""其他职位"",""职位简介"":""从事海关数据处理分析及智慧海关建设工作。"",""职位代码"":""300110106008"",""机构层级"":""县（区）级及以下"",""考试类别"":""行政执法类"",""招考人数"":""1"",""专业"":""本科：信息与计算科学、数据计算及应用、数据科学与大数据技术、大数据管理与应用； 研究生：管理科学与工程。"",""学历"":""本科或硕士研究生"",""学位"":""与最高学历相对应的学位"",""政治面貌"":""不限"",""基层工作最低年限"":""无限制"",""服务基层项目工作经历"":""无限制"",""是否在面试阶段组织专业能力测试"":""是"",""面试人员比例"":""3:1"",""工作地点"":""广东省"",""落户地点"":""广东省"",""备注"":""限2026届高校毕业生；本科生大学英语四级考试425分及以上，研究生大学英语六级考试425分及以上，报名时请写明大学英语级别和具体分数；现场一线岗位；需24小时倒班；考生必须具备与填报学历及专业相应的学位；在本单位最低服务年限5年（含试用期）；专业能力测试安排，详见海关总署网站（www.customs.gov.cn）。"",""部门网站"":""huangpu.customs.gov.cn"",""咨询电话1"":""020-82132789"",""咨询电话2"":""020-82130709"",""咨询电话3"":""020-82132711"",""来源Sheet"":""中央国家行政机关省级以下直属机构""}}"
"government_jobs","国家公务员2026招考简章","公务员/事业单位技术岗位","广东省","2026-07-28T09:12:58.310295+00:00","数据分析（统计分析应用类）四级主办及以下","黄埔海关","","广东省","公务员/事业单位;2026;computer_software;data_ai;本科或硕士研究生;与最高学历相对应的学位;本科：信息与计算科学、数据计算及应用、数据科学与大数据技术、大数据管理与应用； 研究生：管理科学与工程。;行政执法类","用人司局：太平海关
职位简介：从事海关数据处理分析及智慧海关建设工作。
专业要求：本科：信息与计算科学、数据计算及应用、数据科学与大数据技术、大数据管理与应用； 研究生：管理科学与工程。
学历要求：本科或硕士研究生
学位要求：与最高学历相对应的学位
政治面貌：不限
基层工作经历：无限制
考试类别：行政执法类
备注：限2026届高校毕业生；本科生大学英语四级考试425分及以上，研究生大学英语六级考试425分及以上，报名时请写明大学英语级别和具体分数；现场一线岗位；需24小时倒班；考生必须具备与填报学历及专业相应的学位；在本单位最低服务年限5年（含试用期）；专业能力测试安排，详见海关总署网站（www.customs.gov.cn）。","http://bm.scs.gov.cn/kl2026#129131-300110111006","2025-10-14","{""dataset_year"":2026,""job_uid"":""GOV-2026-129131-300110111006"",""publisher"":""国家公务员局"",""publication_page"":""http://bm.scs.gov.cn/kl2026"",""attachment_url"":""local://2026_guokao_zhaokaojianzhang.zip"",""local_source_file"":""中央机关及其直属机构2026年度考试录用公务员招考简章.xls"",""local_source_sha256"":""2670bae1df1dd07a3a3c79b9db46a11e3bb15a6c9c249e6af98bfd0b61ce3aaf"",""source_sheet"":""中央国家行政机关省级以下直属机构"",""filter_version"":""government_tech_v2"",""tech_filter"":{""is_tech"":true,""is_core_tech"":true,""scope"":""core"",""categories"":[""computer_software"",""data_ai""],""matched_fields"":[""major"",""job_title"",""description""],""major_terms"":[""大数据"",""数据科学与大数据技术""],""role_terms"":[""数据分析"",""数据处理"",""智慧""],""reason"":""tech_major_and_role""},""original"":{""部门代码"":""129131"",""部门名称"":""黄埔海关"",""用人司局"":""太平海关"",""机构性质"":""中央国家行政机关省级以下直属机构"",""招考职位"":""数据分析（统计分析应用类）四级主办及以下"",""职位属性"":""普通职位"",""职位分布"":""其他职位"",""职位简介"":""从事海关数据处理分析及智慧海关建设工作。"",""职位代码"":""300110111006"",""机构层级"":""县（区）级及以下"",""考试类别"":""行政执法类"",""招考人数"":""3"",""专业"":""本科：信息与计算科学、数据计算及应用、数据科学与大数据技术、大数据管理与应用； 研究生：管理科学与工程。"",""学历"":""本科或硕士研究生"",""学位"":""与最高学历相对应的学位"",""政治面貌"":""不限"",""基层工作最低年限"":""无限制"",""服务基层项目工作经历"":""无限制"",""是否在面试阶段组织专业能力测试"":""是"",""面试人员比例"":""3:1"",""工作地点"":""广东省"",""落户地点"":""广东省"",""备注"":""限2026届高校毕业生；本科生大学英语四级考试425分及以上，研究生大学英语六级考试425分及以上，报名时请写明大学英语级别和具体分数；现场一线岗位；需24小时倒班；考生必须具备与填报学历及专业相应的学位；在本单位最低服务年限5年（含试用期）；专业能力测试安排，详见海关总署网站（www.customs.gov.cn）。"",""部门网站"":""huangpu.customs.gov.cn"",""咨询电话1"":""020-82132789"",""咨询电话2"":""020-82130709"",""咨询电话3"":""020-82132711"",""来源Sheet"":""中央国家行政机关省级以下直属机构""}}"
"government_jobs","国家公务员2026招考简章","公务员/事业单位技术岗位","广东省","2026-07-28T09:12:58.310295+00:00","数据分析（统计分析应用类）四级主办及以下","黄埔海关","","广东省","公务员/事业单位;2026;computer_software;data_ai;本科或硕士研究生;与最高学历相对应的学位;本科：信息与计算科学、数据计算及应用、数据科学与大数据技术、大数据管理与应用； 研究生：管理科学与工程。;行政执法类","用人司局：沙田海关
职位简介：从事海关数据处理分析及智慧海关建设工作。
专业要求：本科：信息与计算科学、数据计算及应用、数据科学与大数据技术、大数据管理与应用； 研究生：管理科学与工程。
学历要求：本科或硕士研究生
学位要求：与最高学历相对应的学位
政治面貌：不限
基层工作经历：无限制
考试类别：行政执法类
备注：限2026届高校毕业生；本科生大学英语四级考试425分及以上，研究生大学英语六级考试425分及以上，报名时请写明大学英语级别和具体分数；现场一线岗位；需24小时倒班；考生必须具备与填报学历及专业相应的学位；在本单位最低服务年限5年（含试用期）；专业能力测试安排，详见海关总署网站（www.customs.gov.cn）。","http://bm.scs.gov.cn/kl2026#129131-300110114015","2025-10-14","{""dataset_year"":2026,""job_uid"":""GOV-2026-129131-300110114015"",""publisher"":""国家公务员局"",""publication_page"":""http://bm.scs.gov.cn/kl2026"",""attachment_url"":""local://2026_guokao_zhaokaojianzhang.zip"",""local_source_file"":""中央机关及其直属机构2026年度考试录用公务员招考简章.xls"",""local_source_sha256"":""2670bae1df1dd07a3a3c79b9db46a11e3bb15a6c9c249e6af98bfd0b61ce3aaf"",""source_sheet"":""中央国家行政机关省级以下直属机构"",""filter_version"":""government_tech_v2"",""tech_filter"":{""is_tech"":true,""is_core_tech"":true,""scope"":""core"",""categories"":[""computer_software"",""data_ai""],""matched_fields"":[""major"",""job_title"",""description""],""major_terms"":[""大数据"",""数据科学与大数据技术""],""role_terms"":[""数据分析"",""数据处理"",""智慧""],""reason"":""tech_major_and_role""},""original"":{""部门代码"":""129131"",""部门名称"":""黄埔海关"",""用人司局"":""沙田海关"",""机构性质"":""中央国家行政机关省级以下直属机构"",""招考职位"":""数据分析（统计分析应用类）四级主办及以下"",""职位属性"":""普通职位"",""职位分布"":""其他职位"",""职位简介"":""从事海关数据处理分析及智慧海关建设工作。"",""职位代码"":""300110114015"",""机构层级"":""县（区）级及以下"",""考试类别"":""行政执法类"",""招考人数"":""1"",""专业"":""本科：信息与计算科学、数据计算及应用、数据科学与大数据技术、大数据管理与应用； 研究生：管理科学与工程。"",""学历"":""本科或硕士研究生"",""学位"":""与最高学历相对应的学位"",""政治面貌"":""不限"",""基层工作最低年限"":""无限制"",""服务基层项目工作经历"":""无限制"",""是否在面试阶段组织专业能力测试"":""是"",""面试人员比例"":""3:1"",""工作地点"":""广东省"",""落户地点"":""广东省"",""备注"":""限2026届高校毕业生；本科生大学英语四级考试425分及以上，研究生大学英语六级考试425分及以上，报名时请写明大学英语级别和具体分数；现场一线岗位；需24小时倒班；考生必须具备与填报学历及专业相应的学位；在本单位最低服务年限5年（含试用期）；专业能力测试安排，详见海关总署网站（www.customs.gov.cn）。"",""部门网站"":""huangpu.customs.gov.cn"",""咨询电话1"":""020-82132789"",""咨询电话2"":""020-82130709"",""咨询电话3"":""020-82132711"",""来源Sheet"":""中央国家行政机关省级以下直属机构""}}"
"government_jobs","国家公务员2026招考简章","公务员/事业单位技术岗位","广东省","2026-07-28T09:12:58.310295+00:00","数据分析（统计分析应用类）四级主管及以下","黄埔海关","","广东省","公务员/事业单位;2026;computer_software;data_ai;本科或硕士研究生;与最高学历相对应的学位;本科：信息与计算科学、数据计算及应用、数据科学与大数据技术、大数据管理与应用； 研究生：管理科学与工程。;中央机关及其省级直属机构综合管理类","用人司局：黄埔海关风险防控分局
职位简介：从事海关数据处理分析及智慧海关建设工作。
专业要求：本科：信息与计算科学、数据计算及应用、数据科学与大数据技术、大数据管理与应用； 研究生：管理科学与工程。
学历要求：本科或硕士研究生
学位要求：与最高学历相对应的学位
政治面貌：不限
基层工作经历：二年
考试类别：中央机关及其省级直属机构综合管理类
备注：本科生大学英语四级考试425分及以上，研究生大学英语六级考试425分及以上，报名时请写明大学英语级别和具体分数；需24小时倒班；考生必须具备与填报学历及专业相应的学位；在本单位最低服务年限5年（含试用期）；专业能力测试安排，详见海关总署网站（www.customs.gov.cn）。","http://bm.scs.gov.cn/kl2026#129131-300110115001","2025-10-14","{""dataset_year"":2026,""job_uid"":""GOV-2026-129131-300110115001"",""publisher"":""国家公务员局"",""publication_page"":""http://bm.scs.gov.cn/kl2026"",""attachment_url"":""local://2026_guokao_zhaokaojianzhang.zip"",""local_source_file"":""中央机关及其直属机构2026年度考试录用公务员招考简章.xls"",""local_source_sha256"":""2670bae1df1dd07a3a3c79b9db46a11e3bb15a6c9c249e6af98bfd0b61ce3aaf"",""source_sheet"":""中央国家行政机关省级以下直属机构"",""filter_version"":""government_tech_v2"",""tech_filter"":{""is_tech"":true,""is_core_tech"":true,""scope"":""core"",""categories"":[""computer_software"",""data_ai""],""matched_fields"":[""major"",""job_title"",""description""],""major_terms"":[""大数据"",""数据科学与大数据技术""],""role_terms"":[""数据分析"",""数据处理"",""智慧""],""reason"":""tech_major_and_role""},""original"":{""部门代码"":""129131"",""部门名称"":""黄埔海关"",""用人司局"":""黄埔海关风险防控分局"",""机构性质"":""中央国家行政机关省级以下直属机构"",""招考职位"":""数据分析（统计分析应用类）四级主管及以下"",""职位属性"":""普通职位"",""职位分布"":""其他职位"",""职位简介"":""从事海关数据处理分析及智慧海关建设工作。"",""职位代码"":""300110115001"",""机构层级"":""省（副省）级"",""考试类别"":""中央机关及其省级直属机构综合管理类"",""招考人数"":""2"",""专业"":""本科：信息与计算科学、数据计算及应用、数据科学与大数据技术、大数据管理与应用； 研究生：管理科学与工程。"",""学历"":""本科或硕士研究生"",""学位"":""与最高学历相对应的学位"",""政治面貌"":""不限"",""基层工作最低年限"":""二年"",""服务基层项目工作经历"":""无限制"",""是否在面试阶段组织专业能力测试"":""是"",""面试人员比例"":""3:1"",""工作地点"":""广东省"",""落户地点"":""广东省"",""备注"":""本科生大学英语四级考试425分及以上，研究生大学英语六级考试425分及以上，报名时请写明大学英语级别和具体分数；需24小时倒班；考生必须具备与填报学历及专业相应的学位；在本单位最低服务年限5年（含试用期）；专业能力测试安排，详见海关总署网站（www.customs.gov.cn）。"",""部门网站"":""huangpu.customs.gov.cn"",""咨询电话1"":""020-82132789"",""咨询电话2"":""020-82130709"",""咨询电话3"":""020-82132711"",""来源Sheet"":""中央国家行政机关省级以下直属机构""}}"
"government_jobs","国家公务员2026招考简章","公务员/事业单位技术岗位","广东省","2026-07-28T09:12:58.310295+00:00","科技管理（电子信息化类）四级主管及以下","黄埔海关","","广东省","公务员/事业单位;2026;computer_software;cybersecurity_cryptography;electronics_communication;本科或硕士研究生;与最高学历相对应的学位;本科：电子信息工程、通信工程、光电信息科学与工程、人工智能、计算机科学与技术、软件工程、网络工程、信息安全、智能科学与技术、电子与计算机工程； 研究生：电子科学与技术、计算机科学与技术、软件工程。;中央机关及其省级直属机构综合管理类","用人司局：黄埔海关风险防控分局
职位简介：从事海关国门安全信息技术及智慧海关建设工作。
专业要求：本科：电子信息工程、通信工程、光电信息科学与工程、人工智能、计算机科学与技术、软件工程、网络工程、信息安全、智能科学与技术、电子与计算机工程； 研究生：电子科学与技术、计算机科学与技术、软件工程。
学历要求：本科或硕士研究生
学位要求：与最高学历相对应的学位
政治面貌：不限
基层工作经历：二年
考试类别：中央机关及其省级直属机构综合管理类
备注：本科生大学英语四级考试425分及以上，研究生大学英语六级考试425分及以上，报名时请写明大学英语级别和具体分数；需24小时倒班；考生必须具备与填报学历及专业相应的学位；在本单位最低服务年限5年（含试用期）；专业能力测试安排，详见海关总署网站（www.customs.gov.cn）。","http://bm.scs.gov.cn/kl2026#129131-300110115002","2025-10-14","{""dataset_year"":2026,""job_uid"":""GOV-2026-129131-300110115002"",""publisher"":""国家公务员局"",""publication_page"":""http://bm.scs.gov.cn/kl2026"",""attachment_url"":""local://2026_guokao_zhaokaojianzhang.zip"",""local_source_file"":""中央机关及其直属机构2026年度考试录用公务员招考简章.xls"",""local_source_sha256"":""2670bae1df1dd07a3a3c79b9db46a11e3bb15a6c9c249e6af98bfd0b61ce3aaf"",""source_sheet"":""中央国家行政机关省级以下直属机构"",""filter_version"":""government_tech_v2"",""tech_filter"":{""is_tech"":true,""is_core_tech"":true,""scope"":""core"",""categories"":[""computer_software"",""cybersecurity_cryptography"",""electronics_communication""],""matched_fields"":[""major"",""job_title"",""description""],""major_terms"":[""人工智能"",""信息安全"",""光电信息"",""智能科学与技术"",""电子信息工程"",""电子科学与技术"",""网络工程"",""计算机"",""计算机科学与技术"",""软件工程"",""通信工程""],""role_terms"":[""信息化"",""信息技术"",""智慧"",""电子信息""],""reason"":""tech_major_and_role""},""original"":{""部门代码"":""129131"",""部门名称"":""黄埔海关"",""用人司局"":""黄埔海关风险防控分局"",""机构性质"":""中央国家行政机关省级以下直属机构"",""招考职位"":""科技管理（电子信息化类）四级主管及以下"",""职位属性"":""普通职位"",""职位分布"":""其他职位"",""职位简介"":""从事海关国门安全信息技术及智慧海关建设工作。"",""职位代码"":""300110115002"",""机构层级"":""省（副省）级"",""考试类别"":""中央机关及其省级直属机构综合管理类"",""招考人数"":""2"",""专业"":""本科：电子信息工程、通信工程、光电信息科学与工程、人工智能、计算机科学与技术、软件工程、网络工程、信息安全、智能科学与技术、电子与计算机工程； 研究生：电子科学与技术、计算机科学与技术、软件工程。"",""学历"":""本科或硕士研究生"",""学位"":""与最高学历相对应的学位"",""政治面貌"":""不限"",""基层工作最低年限"":""二年"",""服务基层项目工作经历"":""无限制"",""是否在面试阶段组织专业能力测试"":""是"",""面试人员比例"":""3:1"",""工作地点"":""广东省"",""落户地点"":""广东省"",""备注"":""本科生大学英语四级考试425分及以上，研究生大学英语六级考试425分及以上，报名时请写明大学英语级别和具体分数；需24小时倒班；考生必须具备与填报学历及专业相应的学位；在本单位最低服务年限5年（含试用期）；专业能力测试安排，详见海关总署网站（www.customs.gov.cn）。"",""部门网站"":""huangpu.customs.gov.cn"",""咨询电话1"":""020-82132789"",""咨询电话2"":""020-82130709"",""咨询电话3"":""020-82132711"",""来源Sheet"":""中央国家行政机关省级以下直属机构""}}"
"government_jobs","国家公务员2026招考简章","公务员/事业单位技术岗位","广东省","2026-07-28T09:12:58.310295+00:00","智能技术（电子信息化类）四级主管及以下","黄埔海关","","广东省","公务员/事业单位;2026;computer_software;data_ai;electronics_communication;本科或硕士研究生;与最高学历相对应的学位;本科：电子信息工程、电子科学与技术、光电信息科学与工程、人工智能、智能装备与系统、智能科学与技术； 研究生：电子科学与技术、电子信息。;中央机关及其省级直属机构综合管理类","用人司局：黄埔海关风险防控分局
职位简介：从事海关国门安全智能技术及智慧海关建设工作。
专业要求：本科：电子信息工程、电子科学与技术、光电信息科学与工程、人工智能、智能装备与系统、智能科学与技术； 研究生：电子科学与技术、电子信息。
学历要求：本科或硕士研究生
学位要求：与最高学历相对应的学位
政治面貌：不限
基层工作经历：二年
考试类别：中央机关及其省级直属机构综合管理类
备注：本科生大学英语四级考试425分及以上，研究生大学英语六级考试425分及以上，报名时请写明大学英语级别和具体分数；需24小时倒班；考生必须具备与填报学历及专业相应的学位；在本单位最低服务年限5年（含试用期）；专业能力测试安排，详见海关总署网站（www.customs.gov.cn）。","http://bm.scs.gov.cn/kl2026#129131-300110115003","2025-10-14","{""dataset_year"":2026,""job_uid"":""GOV-2026-129131-300110115003"",""publisher"":""国家公务员局"",""publication_page"":""http://bm.scs.gov.cn/kl2026"",""attachment_url"":""local://2026_guokao_zhaokaojianzhang.zip"",""local_source_file"":""中央机关及其直属机构2026年度考试录用公务员招考简章.xls"",""local_source_sha256"":""2670bae1df1dd07a3a3c79b9db46a11e3bb15a6c9c249e6af98bfd0b61ce3aaf"",""source_sheet"":""中央国家行政机关省级以下直属机构"",""filter_version"":""government_tech_v2"",""tech_filter"":{""is_tech"":true,""is_core_tech"":true,""scope"":""core"",""categories"":[""computer_software"",""data_ai"",""electronics_communication""],""matched_fields"":[""major"",""job_title"",""description""],""major_terms"":[""人工智能"",""光电信息"",""智能科学与技术"",""电子信息"",""电子信息工程"",""电子科学与技术""],""role_terms"":[""信息化"",""智慧"",""智能技术"",""电子信息""],""reason"":""tech_major_and_role""},""original"":{""部门代码"":""129131"",""部门名称"":""黄埔海关"",""用人司局"":""黄埔海关风险防控分局"",""机构性质"":""中央国家行政机关省级以下直属机构"",""招考职位"":""智能技术（电子信息化类）四级主管及以下"",""职位属性"":""普通职位"",""职位分布"":""其他职位"",""职位简介"":""从事海关国门安全智能技术及智慧海关建设工作。"",""职位代码"":""300110115003"",""机构层级"":""省（副省）级"",""考试类别"":""中央机关及其省级直属机构综合管理类"",""招考人数"":""2"",""专业"":""本科：电子信息工程、电子科学与技术、光电信息科学与工程、人工智能、智能装备与系统、智能科学与技术； 研究生：电子科学与技术、电子信息。"",""学历"":""本科或硕士研究生"",""学位"":""与最高学历相对应的学位"",""政治面貌"":""不限"",""基层工作最低年限"":""二年"",""服务基层项目工作经历"":""无限制"",""是否在面试阶段组织专业能力测试"":""是"",""面试人员比例"":""3:1"",""工作地点"":""广东省"",""落户地点"":""广东省"",""备注"":""本科生大学英语四级考试425分及以上，研究生大学英语六级考试425分及以上，报名时请写明大学英语级别和具体分数；需24小时倒班；考生必须具备与填报学历及专业相应的学位；在本单位最低服务年限5年（含试用期）；专业能力测试安排，详见海关总署网站（www.customs.gov.cn）。"",""部门网站"":""huangpu.customs.gov.cn"",""咨询电话1"":""020-82132789"",""咨询电话2"":""020-82130709"",""咨询电话3"":""020-82132711"",""来源Sheet"":""中央国家行政机关省级以下直属机构""}}"
"government_jobs","国家公务员2026招考简章","公务员/事业单位技术岗位","广西壮族自治区","2026-07-28T09:12:58.310295+00:00","科技处（电子信息化类）二级主管及以下","南宁海关","","广西壮族自治区","公务员/事业单位;2026;computer_software;cybersecurity_cryptography;electronics_communication;硕士研究生及以上;与最高学历相对应的学位;计算机科学与技术（0812）、软件工程（0835）、网络空间安全（0839）、智能科学与技术（1405）、电子科学与技术（0809）、信息与通信工程（0810）、电子信息（0854）;中央机关及其省级直属机构综合管理类","用人司局：南宁海关
职位简介：从事海关国门安全信息技术、智慧海关建设工作。
专业要求：计算机科学与技术（0812）、软件工程（0835）、网络空间安全（0839）、智能科学与技术（1405）、电子科学与技术（0809）、信息与通信工程（0810）、电子信息（0854）
学历要求：硕士研究生及以上
学位要求：与最高学历相对应的学位
政治面貌：不限
基层工作经历：二年
考试类别：中央机关及其省级直属机构综合管理类
备注：大学英语六级考试425分及以上；在本单位最低服务年限5年（含试用期）；考生须具备与填报学历及专业相应的学位；专业能力测试安排，详见海关总署网站（www.customs.gov.cn）。","http://bm.scs.gov.cn/kl2026#129134-300110001004","2025-10-14","{""dataset_year"":2026,""job_uid"":""GOV-2026-129134-300110001004"",""publisher"":""国家公务员局"",""publication_page"":""http://bm.scs.gov.cn/kl2026"",""attachment_url"":""local://2026_guokao_zhaokaojianzhang.zip"",""local_source_file"":""中央机关及其直属机构2026年度考试录用公务员招考简章.xls"",""local_source_sha256"":""2670bae1df1dd07a3a3c79b9db46a11e3bb15a6c9c249e6af98bfd0b61ce3aaf"",""source_sheet"":""中央国家行政机关省级以下直属机构"",""filter_version"":""government_tech_v2"",""tech_filter"":{""is_tech"":true,""is_core_tech"":true,""scope"":""core"",""categories"":[""computer_software"",""cybersecurity_cryptography"",""electronics_communication""],""matched_fields"":[""major"",""job_title"",""description""],""major_terms"":[""信息与通信工程"",""智能科学与技术"",""电子信息"",""电子科学与技术"",""网络空间安全"",""计算机科学与技术"",""软件工程"",""通信工程""],""role_terms"":[""信息化"",""信息技术"",""智慧"",""电子信息""],""reason"":""tech_major_and_role""},""original"":{""部门代码"":""129134"",""部门名称"":""南宁海关"",""用人司局"":""南宁海关"",""机构性质"":""中央国家行政机关省级以下直属机构"",""招考职位"":""科技处（电子信息化类）二级主管及以下"",""职位属性"":""普通职位"",""职位分布"":""其他职位"",""职位简介"":""从事海关国门安全信息技术、智慧海关建设工作。"",""职位代码"":""300110001004"",""机构层级"":""省（副省）级"",""考试类别"":""中央机关及其省级直属机构综合管理类"",""招考人数"":""1"",""专业"":""计算机科学与技术（0812）、软件工程（0835）、网络空间安全（0839）、智能科学与技术（1405）、电子科学与技术（0809）、信息与通信工程（0810）、电子信息（0854）"",""学历"":""硕士研究生及以上"",""学位"":""与最高学历相对应的学位"",""政治面貌"":""不限"",""基层工作最低年限"":""二年"",""服务基层项目工作经历"":""无限制"",""是否在面试阶段组织专业能力测试"":""是"",""面试人员比例"":""3:1"",""工作地点"":""广西壮族自治区"",""落户地点"":""广西壮族自治区"",""备注"":""大学英语六级考试425分及以上；在本单位最低服务年限5年（含试用期）；考生须具备与填报学历及专业相应的学位；专业能力测试安排，详见海关总署网站（www.customs.gov.cn）。"",""部门网站"":""nanning.customs.gov.cn"",""咨询电话1"":""0771-5368960"",""咨询电话2"":""0771-5368963"",""咨询电话3"":"""",""来源Sheet"":""中央国家行政机关省级以下直属机构""}}"
"government_jobs","国家公务员2026招考简章","公务员/事业单位技术岗位","广西壮族自治区","2026-07-28T09:12:58.310295+00:00","风险管理（电子信息化类）二级主管及以下","南宁海关","","广西壮族自治区","公务员/事业单位;2026;computer_software;cybersecurity_cryptography;electronics_communication;硕士研究生及以上;与最高学历相对应的学位;计算机科学与技术（0812）、软件工程（0835）、网络空间安全（0839）、智能科学与技术（1405）、电子科学与技术（0809）、信息与通信工程（0810）、电子信息（0854）;中央机关及其省级直属机构综合管理类","用人司局：南宁海关风险防控分局
职位简介：从事海关风险防控、智慧海关建设工作。
专业要求：计算机科学与技术（0812）、软件工程（0835）、网络空间安全（0839）、智能科学与技术（1405）、电子科学与技术（0809）、信息与通信工程（0810）、电子信息（0854）
学历要求：硕士研究生及以上
学位要求：与最高学历相对应的学位
政治面貌：不限
基层工作经历：二年
考试类别：中央机关及其省级直属机构综合管理类
备注：大学英语六级考试425分及以上；在本单位最低服务年限5年（含试用期）；考生须具备与填报学历及专业相应的学位；专业能力测试安排，详见海关总署网站（www.customs.gov.cn）。","http://bm.scs.gov.cn/kl2026#129134-300110002002","2025-10-14","{""dataset_year"":2026,""job_uid"":""GOV-2026-129134-300110002002"",""publisher"":""国家公务员局"",""publication_page"":""http://bm.scs.gov.cn/kl2026"",""attachment_url"":""local://2026_guokao_zhaokaojianzhang.zip"",""local_source_file"":""中央机关及其直属机构2026年度考试录用公务员招考简章.xls"",""local_source_sha256"":""2670bae1df1dd07a3a3c79b9db46a11e3bb15a6c9c249e6af98bfd0b61ce3aaf"",""source_sheet"":""中央国家行政机关省级以下直属机构"",""filter_version"":""government_tech_v2"",""tech_filter"":{""is_tech"":true,""is_core_tech"":true,""scope"":""core"",""categories"":[""computer_software"",""cybersecurity_cryptography"",""electronics_communication""],""matched_fields"":[""major"",""job_title"",""description""],""major_terms"":[""信息与通信工程"",""智能科学与技术"",""电子信息"",""电子科学与技术"",""网络空间安全"",""计算机科学与技术"",""软件工程"",""通信工程""],""role_terms"":[""信息化"",""智慧"",""电子信息""],""reason"":""tech_major_and_role""},""original"":{""部门代码"":""129134"",""部门名称"":""南宁海关"",""用人司局"":""南宁海关风险防控分局"",""机构性质"":""中央国家行政机关省级以下直属机构"",""招考职位"":""风险管理（电子信息化类）二级主管及以下"",""职位属性"":""普通职位"",""职位分布"":""其他职位"",""职位简介"":""从事海关风险防控、智慧海关建设工作。"",""职位代码"":""300110002002"",""机构层级"":""省（副省）级"",""考试类别"":""中央机关及其省级直属机构综合管理类"",""招考人数"":""2"",""专业"":""计算机科学与技术（0812）、软件工程（0835）、网络空间安全（0839）、智能科学与技术（1405）、电子科学与技术（0809）、信息与通信工程（0810）、电子信息（0854）"",""学历"":""硕士研究生及以上"",""学位"":""与最高学历相对应的学位"",""政治面貌"":""不限"",""基层工作最低年限"":""二年"",""服务基层项目工作经历"":""无限制"",""是否在面试阶段组织专业能力测试"":""是"",""面试人员比例"":""3:1"",""工作地点"":""广西壮族自治区"",""落户地点"":""广西壮族自治区"",""备注"":""大学英语六级考试425分及以上；在本单位最低服务年限5年（含试用期）；考生须具备与填报学历及专业相应的学位；专业能力测试安排，详见海关总署网站（www.customs.gov.cn）。"",""部门网站"":""nanning.customs.gov.cn"",""咨询电话1"":""0771-5368960"",""咨询电话2"":""0771-5368963"",""咨询电话3"":"""",""来源Sheet"":""中央国家行政机关省级以下直属机构""}}"
"government_jobs","国家公务员2026招考简章","公务员/事业单位技术岗位","广西壮族自治区","2026-07-28T09:12:58.310295+00:00","科技管理（电子信息化类）一级行政执法员（一）","南宁海关","","广西壮族自治区","公务员/事业单位;2026;computer_software;cybersecurity_cryptography;electronics_communication;仅限本科;学士;人工智能、计算机科学与技术、软件工程、网络工程、信息安全、物联网工程、智能科学与技术、数据科学与大数据技术、虚拟现实技术;行政执法类","用人司局：隶属海关
职位简介：从事海关一线监管及智慧海关建设工作。
专业要求：人工智能、计算机科学与技术、软件工程、网络工程、信息安全、物联网工程、智能科学与技术、数据科学与大数据技术、虚拟现实技术
学历要求：仅限本科
学位要求：学士
政治面貌：不限
基层工作经历：无限制
考试类别：行政执法类
备注：限2026届高校毕业生；统筹职位招录，用人单位为东兴海关、峒中海关；现场一线岗位；在本单位最低服务年限5年（含试用期）；本职位所指专业为具体专业名称；考生须具备与填报学历及专业相应的学位；专业能力测试安排，详见海关总署网站（www.customs.gov.cn）。","http://bm.scs.gov.cn/kl2026#129134-300110003019","2025-10-14","{""dataset_year"":2026,""job_uid"":""GOV-2026-129134-300110003019"",""publisher"":""国家公务员局"",""publication_page"":""http://bm.scs.gov.cn/kl2026"",""attachment_url"":""local://2026_guokao_zhaokaojianzhang.zip"",""local_source_file"":""中央机关及其直属机构2026年度考试录用公务员招考简章.xls"",""local_source_sha256"":""2670bae1df1dd07a3a3c79b9db46a11e3bb15a6c9c249e6af98bfd0b61ce3aaf"",""source_sheet"":""中央国家行政机关省级以下直属机构"",""filter_version"":""government_tech_v2"",""tech_filter"":{""is_tech"":true,""is_core_tech"":true,""scope"":""core"",""categories"":[""computer_software"",""cybersecurity_cryptography"",""electronics_communication""],""matched_fields"":[""major"",""job_title"",""description""],""major_terms"":[""人工智能"",""信息安全"",""大数据"",""数据科学与大数据技术"",""智能科学与技术"",""物联网工程"",""网络工程"",""虚拟现实技术"",""计算机科学与技术"",""软件工程""],""role_terms"":[""信息化"",""智慧"",""电子信息""],""reason"":""tech_major_and_role""},""original"":{""部门代码"":""129134"",""部门名称"":""南宁海关"",""用人司局"":""隶属海关"",""机构性质"":""中央国家行政机关省级以下直属机构"",""招考职位"":""科技管理（电子信息化类）一级行政执法员（一）"",""职位属性"":""普通职位"",""职位分布"":""其他职位"",""职位简介"":""从事海关一线监管及智慧海关建设工作。"",""职位代码"":""300110003019"",""机构层级"":""县（区）级及以下"",""考试类别"":""行政执法类"",""招考人数"":""3"",""专业"":""人工智能、计算机科学与技术、软件工程、网络工程、信息安全、物联网工程、智能科学与技术、数据科学与大数据技术、虚拟现实技术"",""学历"":""仅限本科"",""学位"":""学士"",""政治面貌"":""不限"",""基层工作最低年限"":""无限制"",""服务基层项目工作经历"":""无限制"",""是否在面试阶段组织专业能力测试"":""是"",""面试人员比例"":""3:1"",""工作地点"":""广西壮族自治区"",""落户地点"":""广西壮族自治区"",""备注"":""限2026届高校毕业生；统筹职位招录，用人单位为东兴海关、峒中海关；现场一线岗位；在本单位最低服务年限5年（含试用期）；本职位所指专业为具体专业名称；考生须具备与填报学历及专业相应的学位；专业能力测试安排，详见海关总署网站（www.customs.gov.cn）。"",""部门网站"":""nanning.customs.gov.cn"",""咨询电话1"":""0771-5368960"",""咨询电话2"":""0771-5368963"",""咨询电话3"":"""",""来源Sheet"":""中央国家行政机关省级以下直属机构""}}"
"government_jobs","国家公务员2026招考简章","公务员/事业单位技术岗位","广西壮族自治区","2026-07-28T09:12:58.310295+00:00","科技管理（电子信息化类）一级行政执法员（二）","南宁海关","","广西壮族自治区","公务员/事业单位;2026;computer_software;cybersecurity_cryptography;electronics_communication;仅限本科;学士;人工智能、计算机科学与技术、软件工程、网络工程、信息安全、物联网工程、智能科学与技术、数据科学与大数据技术、虚拟现实技术;行政执法类","用人司局：隶属海关
职位简介：从事海关一线监管及智慧海关建设工作。
专业要求：人工智能、计算机科学与技术、软件工程、网络工程、信息安全、物联网工程、智能科学与技术、数据科学与大数据技术、虚拟现实技术
学历要求：仅限本科
学位要求：学士
政治面貌：不限
基层工作经历：无限制
考试类别：行政执法类
备注：限2026届高校毕业生；统筹职位招录，用人单位为友谊关海关、凭祥海关、硕龙海关；现场一线岗位；在本单位最低服务年限5年（含试用期）；本职位所指专业为具体专业名称；考生须具备与填报学历及专业相应的学位；专业能力测试安排，详见海关总署网站（www.customs.gov.cn）。","http://bm.scs.gov.cn/kl2026#129134-300110003020","2025-10-14","{""dataset_year"":2026,""job_uid"":""GOV-2026-129134-300110003020"",""publisher"":""国家公务员局"",""publication_page"":""http://bm.scs.gov.cn/kl2026"",""attachment_url"":""local://2026_guokao_zhaokaojianzhang.zip"",""local_source_file"":""中央机关及其直属机构2026年度考试录用公务员招考简章.xls"",""local_source_sha256"":""2670bae1df1dd07a3a3c79b9db46a11e3bb15a6c9c249e6af98bfd0b61ce3aaf"",""source_sheet"":""中央国家行政机关省级以下直属机构"",""filter_version"":""government_tech_v2"",""tech_filter"":{""is_tech"":true,""is_core_tech"":true,""scope"":""core"",""categories"":[""computer_software"",""cybersecurity_cryptography"",""electronics_communication""],""matched_fields"":[""major"",""job_title"",""description""],""major_terms"":[""人工智能"",""信息安全"",""大数据"",""数据科学与大数据技术"",""智能科学与技术"",""物联网工程"",""网络工程"",""虚拟现实技术"",""计算机科学与技术"",""软件工程""],""role_terms"":[""信息化"",""智慧"",""电子信息""],""reason"":""tech_major_and_role""},""original"":{""部门代码"":""129134"",""部门名称"":""南宁海关"",""用人司局"":""隶属海关"",""机构性质"":""中央国家行政机关省级以下直属机构"",""招考职位"":""科技管理（电子信息化类）一级行政执法员（二）"",""职位属性"":""普通职位"",""职位分布"":""其他职位"",""职位简介"":""从事海关一线监管及智慧海关建设工作。"",""职位代码"":""300110003020"",""机构层级"":""县（区）级及以下"",""考试类别"":""行政执法类"",""招考人数"":""5"",""专业"":""人工智能、计算机科学与技术、软件工程、网络工程、信息安全、物联网工程、智能科学与技术、数据科学与大数据技术、虚拟现实技术"",""学历"":""仅限本科"",""学位"":""学士"",""政治面貌"":""不限"",""基层工作最低年限"":""无限制"",""服务基层项目工作经历"":""无限制"",""是否在面试阶段组织专业能力测试"":""是"",""面试人员比例"":""3:1"",""工作地点"":""广西壮族自治区"",""落户地点"":""广西壮族自治区"",""备注"":""限2026届高校毕业生；统筹职位招录，用人单位为友谊关海关、凭祥海关、硕龙海关；现场一线岗位；在本单位最低服务年限5年（含试用期）；本职位所指专业为具体专业名称；考生须具备与填报学历及专业相应的学位；专业能力测试安排，详见海关总署网站（www.customs.gov.cn）。"",""部门网站"":""nanning.customs.gov.cn"",""咨询电话1"":""0771-5368960"",""咨询电话2"":""0771-5368963"",""咨询电话3"":"""",""来源Sheet"":""中央国家行政机关省级以下直属机构""}}"
"government_jobs","国家公务员2026招考简章","公务员/事业单位技术岗位","广西壮族自治区","2026-07-28T09:12:58.310295+00:00","科技管理（统计分析应用类）一级行政执法员","南宁海关","","广西壮族自治区","公务员/事业单位;2026;computer_software;仅限本科;学士;大数据管理与应用、统计学、应用统计学、数学与应用数学、信息与计算科学、数据计算及应用;行政执法类","用人司局：隶属海关
职位简介：从事海关一线监管及智慧海关建设工作。
专业要求：大数据管理与应用、统计学、应用统计学、数学与应用数学、信息与计算科学、数据计算及应用
学历要求：仅限本科
学位要求：学士
政治面貌：不限
基层工作经历：无限制
考试类别：行政执法类
备注：限应届高校毕业生；统筹职位招录，用人单位为友谊关海关、水口海关；现场一线岗位；在本单位最低服务年限5年（含试用期）；本职位所指专业为具体专业名称；考生须具备与填报学历及专业相应的学位；专业能力测试安排，详见海关总署网站（www.customs.gov.cn）。","http://bm.scs.gov.cn/kl2026#129134-300110003021","2025-10-14","{""dataset_year"":2026,""job_uid"":""GOV-2026-129134-300110003021"",""publisher"":""国家公务员局"",""publication_page"":""http://bm.scs.gov.cn/kl2026"",""attachment_url"":""local://2026_guokao_zhaokaojianzhang.zip"",""local_source_file"":""中央机关及其直属机构2026年度考试录用公务员招考简章.xls"",""local_source_sha256"":""2670bae1df1dd07a3a3c79b9db46a11e3bb15a6c9c249e6af98bfd0b61ce3aaf"",""source_sheet"":""中央国家行政机关省级以下直属机构"",""filter_version"":""government_tech_v2"",""tech_filter"":{""is_tech"":true,""is_core_tech"":true,""scope"":""core"",""categories"":[""computer_software""],""matched_fields"":[""major"",""description""],""major_terms"":[""大数据""],""role_terms"":[""智慧""],""reason"":""tech_major_and_role""},""original"":{""部门代码"":""129134"",""部门名称"":""南宁海关"",""用人司局"":""隶属海关"",""机构性质"":""中央国家行政机关省级以下直属机构"",""招考职位"":""科技管理（统计分析应用类）一级行政执法员"",""职位属性"":""普通职位"",""职位分布"":""其他职位"",""职位简介"":""从事海关一线监管及智慧海关建设工作。"",""职位代码"":""300110003021"",""机构层级"":""县（区）级及以下"",""考试类别"":""行政执法类"",""招考人数"":""3"",""专业"":""大数据管理与应用、统计学、应用统计学、数学与应用数学、信息与计算科学、数据计算及应用"",""学历"":""仅限本科"",""学位"":""学士"",""政治面貌"":""不限"",""基层工作最低年限"":""无限制"",""服务基层项目工作经历"":""无限制"",""是否在面试阶段组织专业能力测试"":""是"",""面试人员比例"":""3:1"",""工作地点"":""广西壮族自治区"",""落户地点"":""广西壮族自治区"",""备注"":""限应届高校毕业生；统筹职位招录，用人单位为友谊关海关、水口海关；现场一线岗位；在本单位最低服务年限5年（含试用期）；本职位所指专业为具体专业名称；考生须具备与填报学历及专业相应的学位；专业能力测试安排，详见海关总署网站（www.customs.gov.cn）。"",""部门网站"":""nanning.customs.gov.cn"",""咨询电话1"":""0771-5368960"",""咨询电话2"":""0771-5368963"",""咨询电话3"":"""",""来源Sheet"":""中央国家行政机关省级以下直属机构""}}"
"government_jobs","国家公务员2026招考简章","公务员/事业单位技术岗位","广西壮族自治区","2026-07-28T09:12:58.310295+00:00","科技管理（电子信息化类）四级主办及以下","南宁海关","","广西壮族自治区","公务员/事业单位;2026;computer_software;cybersecurity_cryptography;electronics_communication;本科或硕士研究生;与最高学历相对应的学位;本科：人工智能、计算机科学与技术、软件工程、网络工程、信息安全、物联网工程、智能科学与技术、数据科学与大数据技术、虚拟现实技术；研究生：计算机科学与技术（0812）、软件工程（0835）、网络空间安全（0839）、智能科学与技术（1405）;行政执法类","用人司局：北海海关
职位简介：从事海关一线监管及智慧海关建设工作。
专业要求：本科：人工智能、计算机科学与技术、软件工程、网络工程、信息安全、物联网工程、智能科学与技术、数据科学与大数据技术、虚拟现实技术；研究生：计算机科学与技术（0812）、软件工程（0835）、网络空间安全（0839）、智能科学与技术（1405）
学历要求：本科或硕士研究生
学位要求：与最高学历相对应的学位
政治面貌：不限
基层工作经历：无限制
考试类别：行政执法类
备注：限2026届高校毕业生；本科生大学英语四级考试425分及以上，研究生大学英语六级考试425分及以上；现场一线岗位；在本单位最低服务年限5年（含试用期）；本职位所指本科专业为具体专业名称；考生须具备与填报学历及专业相应的学位；专业能力测试安排，详见海关总署网站（www.customs.gov.cn）。","http://bm.scs.gov.cn/kl2026#129134-300110007003","2025-10-14","{""dataset_year"":2026,""job_uid"":""GOV-2026-129134-300110007003"",""publisher"":""国家公务员局"",""publication_page"":""http://bm.scs.gov.cn/kl2026"",""attachment_url"":""local://2026_guokao_zhaokaojianzhang.zip"",""local_source_file"":""中央机关及其直属机构2026年度考试录用公务员招考简章.xls"",""local_source_sha256"":""2670bae1df1dd07a3a3c79b9db46a11e3bb15a6c9c249e6af98bfd0b61ce3aaf"",""source_sheet"":""中央国家行政机关省级以下直属机构"",""filter_version"":""government_tech_v2"",""tech_filter"":{""is_tech"":true,""is_core_tech"":true,""scope"":""core"",""categories"":[""computer_software"",""cybersecurity_cryptography"",""electronics_communication""],""matched_fields"":[""major"",""job_title"",""description""],""major_terms"":[""人工智能"",""信息安全"",""大数据"",""数据科学与大数据技术"",""智能科学与技术"",""物联网工程"",""网络工程"",""网络空间安全"",""虚拟现实技术"",""计算机科学与技术"",""软件工程""],""role_terms"":[""信息化"",""智慧"",""电子信息""],""reason"":""tech_major_and_role""},""original"":{""部门代码"":""129134"",""部门名称"":""南宁海关"",""用人司局"":""北海海关"",""机构性质"":""中央国家行政机关省级以下直属机构"",""招考职位"":""科技管理（电子信息化类）四级主办及以下"",""职位属性"":""普通职位"",""职位分布"":""其他职位"",""职位简介"":""从事海关一线监管及智慧海关建设工作。"",""职位代码"":""300110007003"",""机构层级"":""县（区）级及以下"",""考试类别"":""行政执法类"",""招考人数"":""1"",""专业"":""本科：人工智能、计算机科学与技术、软件工程、网络工程、信息安全、物联网工程、智能科学与技术、数据科学与大数据技术、虚拟现实技术；研究生：计算机科学与技术（0812）、软件工程（0835）、网络空间安全（0839）、智能科学与技术（1405）"",""学历"":""本科或硕士研究生"",""学位"":""与最高学历相对应的学位"",""政治面貌"":""不限"",""基层工作最低年限"":""无限制"",""服务基层项目工作经历"":""无限制"",""是否在面试阶段组织专业能力测试"":""是"",""面试人员比例"":""3:1"",""工作地点"":""广西壮族自治区"",""落户地点"":""广西壮族自治区"",""备注"":""限2026届高校毕业生；本科生大学英语四级考试425分及以上，研究生大学英语六级考试425分及以上；现场一线岗位；在本单位最低服务年限5年（含试用期）；本职位所指本科专业为具体专业名称；考生须具备与填报学历及专业相应的学位；专业能力测试安排，详见海关总署网站（www.customs.gov.cn）。"",""部门网站"":""nanning.customs.gov.cn"",""咨询电话1"":""0771-5368960"",""咨询电话2"":""0771-5368963"",""咨询电话3"":"""",""来源Sheet"":""中央国家行政机关省级以下直属机构""}}"
"government_jobs","国家公务员2026招考简章","公务员/事业单位技术岗位","广西壮族自治区","2026-07-28T09:12:58.310295+00:00","科技管理（统计分析应用类）一级行政执法员","南宁海关","","广西壮族自治区","公务员/事业单位;2026;computer_software;仅限本科;学士;大数据管理与应用、统计学、应用统计学、数学与应用数学、信息与计算科学、数据计算及应用;行政执法类","用人司局：北海海关
职位简介：从事海关一线监管及智慧海关建设工作。
专业要求：大数据管理与应用、统计学、应用统计学、数学与应用数学、信息与计算科学、数据计算及应用
学历要求：仅限本科
学位要求：学士
政治面貌：不限
基层工作经历：无限制
考试类别：行政执法类
备注：限应届高校毕业生；大学英语四级考试425分及以上；现场一线岗位；在本单位最低服务年限5年（含试用期）；本职位所指专业为具体专业名称；考生须具备与填报学历及专业相应的学位；专业能力测试安排，详见海关总署网站（www.customs.gov.cn）。","http://bm.scs.gov.cn/kl2026#129134-300110007004","2025-10-14","{""dataset_year"":2026,""job_uid"":""GOV-2026-129134-300110007004"",""publisher"":""国家公务员局"",""publication_page"":""http://bm.scs.gov.cn/kl2026"",""attachment_url"":""local://2026_guokao_zhaokaojianzhang.zip"",""local_source_file"":""中央机关及其直属机构2026年度考试录用公务员招考简章.xls"",""local_source_sha256"":""2670bae1df1dd07a3a3c79b9db46a11e3bb15a6c9c249e6af98bfd0b61ce3aaf"",""source_sheet"":""中央国家行政机关省级以下直属机构"",""filter_version"":""government_tech_v2"",""tech_filter"":{""is_tech"":true,""is_core_tech"":true,""scope"":""core"",""categories"":[""computer_software""],""matched_fields"":[""major"",""description""],""major_terms"":[""大数据""],""role_terms"":[""智慧""],""reason"":""tech_major_and_role""},""original"":{""部门代码"":""129134"",""部门名称"":""南宁海关"",""用人司局"":""北海海关"",""机构性质"":""中央国家行政机关省级以下直属机构"",""招考职位"":""科技管理（统计分析应用类）一级行政执法员"",""职位属性"":""普通职位"",""职位分布"":""其他职位"",""职位简介"":""从事海关一线监管及智慧海关建设工作。"",""职位代码"":""300110007004"",""机构层级"":""县（区）级及以下"",""考试类别"":""行政执法类"",""招考人数"":""1"",""专业"":""大数据管理与应用、统计学、应用统计学、数学与应用数学、信息与计算科学、数据计算及应用"",""学历"":""仅限本科"",""学位"":""学士"",""政治面貌"":""不限"",""基层工作最低年限"":""无限制"",""服务基层项目工作经历"":""无限制"",""是否在面试阶段组织专业能力测试"":""是"",""面试人员比例"":""3:1"",""工作地点"":""广西壮族自治区"",""落户地点"":""广西壮族自治区"",""备注"":""限应届高校毕业生；大学英语四级考试425分及以上；现场一线岗位；在本单位最低服务年限5年（含试用期）；本职位所指专业为具体专业名称；考生须具备与填报学历及专业相应的学位；专业能力测试安排，详见海关总署网站（www.customs.gov.cn）。"",""部门网站"":""nanning.customs.gov.cn"",""咨询电话1"":""0771-5368960"",""咨询电话2"":""0771-5368963"",""咨询电话3"":"""",""来源Sheet"":""中央国家行政机关省级以下直属机构""}}"
"government_jobs","国家公务员2026招考简章","公务员/事业单位技术岗位","广西壮族自治区","2026-07-28T09:12:58.310295+00:00","科技管理（电子信息化类）一级行政执法员","南宁海关","","广西壮族自治区","公务员/事业单位;2026;computer_software;cybersecurity_cryptography;electronics_communication;仅限本科;学士;人工智能、计算机科学与技术、软件工程、网络工程、信息安全、物联网工程、智能科学与技术、数据科学与大数据技术、虚拟现实技术;行政执法类","用人司局：钦州海关
职位简介：从事海关一线监管及智慧海关建设工作。
专业要求：人工智能、计算机科学与技术、软件工程、网络工程、信息安全、物联网工程、智能科学与技术、数据科学与大数据技术、虚拟现实技术
学历要求：仅限本科
学位要求：学士
政治面貌：不限
基层工作经历：无限制
考试类别：行政执法类
备注：限2026届高校毕业生；大学英语四级考试425分及以上；现场一线岗位；在本单位最低服务年限5年（含试用期）；本职位所指专业为具体专业名称；考生须具备与填报学历及专业相应的学位；专业能力测试安排，详见海关总署网站（www.customs.gov.cn）。","http://bm.scs.gov.cn/kl2026#129134-300110008003","2025-10-14","{""dataset_year"":2026,""job_uid"":""GOV-2026-129134-300110008003"",""publisher"":""国家公务员局"",""publication_page"":""http://bm.scs.gov.cn/kl2026"",""attachment_url"":""local://2026_guokao_zhaokaojianzhang.zip"",""local_source_file"":""中央机关及其直属机构2026年度考试录用公务员招考简章.xls"",""local_source_sha256"":""2670bae1df1dd07a3a3c79b9db46a11e3bb15a6c9c249e6af98bfd0b61ce3aaf"",""source_sheet"":""中央国家行政机关省级以下直属机构"",""filter_version"":""government_tech_v2"",""tech_filter"":{""is_tech"":true,""is_core_tech"":true,""scope"":""core"",""categories"":[""computer_software"",""cybersecurity_cryptography"",""electronics_communication""],""matched_fields"":[""major"",""job_title"",""description""],""major_terms"":[""人工智能"",""信息安全"",""大数据"",""数据科学与大数据技术"",""智能科学与技术"",""物联网工程"",""网络工程"",""虚拟现实技术"",""计算机科学与技术"",""软件工程""],""role_terms"":[""信息化"",""智慧"",""电子信息""],""reason"":""tech_major_and_role""},""original"":{""部门代码"":""129134"",""部门名称"":""南宁海关"",""用人司局"":""钦州海关"",""机构性质"":""中央国家行政机关省级以下直属机构"",""招考职位"":""科技管理（电子信息化类）一级行政执法员"",""职位属性"":""普通职位"",""职位分布"":""其他职位"",""职位简介"":""从事海关一线监管及智慧海关建设工作。"",""职位代码"":""300110008003"",""机构层级"":""县（区）级及以下"",""考试类别"":""行政执法类"",""招考人数"":""1"",""专业"":""人工智能、计算机科学与技术、软件工程、网络工程、信息安全、物联网工程、智能科学与技术、数据科学与大数据技术、虚拟现实技术"",""学历"":""仅限本科"",""学位"":""学士"",""政治面貌"":""不限"",""基层工作最低年限"":""无限制"",""服务基层项目工作经历"":""无限制"",""是否在面试阶段组织专业能力测试"":""是"",""面试人员比例"":""3:1"",""工作地点"":""广西壮族自治区"",""落户地点"":""广西壮族自治区"",""备注"":""限2026届高校毕业生；大学英语四级考试425分及以上；现场一线岗位；在本单位最低服务年限5年（含试用期）；本职位所指专业为具体专业名称；考生须具备与填报学历及专业相应的学位；专业能力测试安排，详见海关总署网站（www.customs.gov.cn）。"",""部门网站"":""nanning.customs.gov.cn"",""咨询电话1"":""0771-5368960"",""咨询电话2"":""0771-5368963"",""咨询电话3"":"""",""来源Sheet"":""中央国家行政机关省级以下直属机构""}}"
"government_jobs","国家公务员2026招考简章","公务员/事业单位技术岗位","广西壮族自治区","2026-07-28T09:12:58.310295+00:00","科技管理（电子信息化类）一级行政执法员","南宁海关","","广西壮族自治区","公务员/事业单位;2026;computer_software;cybersecurity_cryptography;electronics_communication;仅限本科;学士;人工智能、计算机科学与技术、软件工程、网络工程、信息安全、物联网工程、智能科学与技术、数据科学与大数据技术、虚拟现实技术;行政执法类","用人司局：钦州港海关
职位简介：从事海关一线监管及智慧海关建设工作。
专业要求：人工智能、计算机科学与技术、软件工程、网络工程、信息安全、物联网工程、智能科学与技术、数据科学与大数据技术、虚拟现实技术
学历要求：仅限本科
学位要求：学士
政治面貌：不限
基层工作经历：无限制
考试类别：行政执法类
备注：限2026届高校毕业生；大学英语四级考试425分及以上；现场一线岗位；在本单位最低服务年限5年（含试用期）；本职位所指专业为具体专业名称；考生须具备与填报学历及专业相应的学位；专业能力测试安排，详见海关总署网站（www.customs.gov.cn）。","http://bm.scs.gov.cn/kl2026#129134-300110009004","2025-10-14","{""dataset_year"":2026,""job_uid"":""GOV-2026-129134-300110009004"",""publisher"":""国家公务员局"",""publication_page"":""http://bm.scs.gov.cn/kl2026"",""attachment_url"":""local://2026_guokao_zhaokaojianzhang.zip"",""local_source_file"":""中央机关及其直属机构2026年度考试录用公务员招考简章.xls"",""local_source_sha256"":""2670bae1df1dd07a3a3c79b9db46a11e3bb15a6c9c249e6af98bfd0b61ce3aaf"",""source_sheet"":""中央国家行政机关省级以下直属机构"",""filter_version"":""government_tech_v2"",""tech_filter"":{""is_tech"":true,""is_core_tech"":true,""scope"":""core"",""categories"":[""computer_software"",""cybersecurity_cryptography"",""electronics_communication""],""matched_fields"":[""major"",""job_title"",""description""],""major_terms"":[""人工智能"",""信息安全"",""大数据"",""数据科学与大数据技术"",""智能科学与技术"",""物联网工程"",""网络工程"",""虚拟现实技术"",""计算机科学与技术"",""软件工程""],""role_terms"":[""信息化"",""智慧"",""电子信息""],""reason"":""tech_major_and_role""},""original"":{""部门代码"":""129134"",""部门名称"":""南宁海关"",""用人司局"":""钦州港海关"",""机构性质"":""中央国家行政机关省级以下直属机构"",""招考职位"":""科技管理（电子信息化类）一级行政执法员"",""职位属性"":""普通职位"",""职位分布"":""其他职位"",""职位简介"":""从事海关一线监管及智慧海关建设工作。"",""职位代码"":""300110009004"",""机构层级"":""县（区）级及以下"",""考试类别"":""行政执法类"",""招考人数"":""1"",""专业"":""人工智能、计算机科学与技术、软件工程、网络工程、信息安全、物联网工程、智能科学与技术、数据科学与大数据技术、虚拟现实技术"",""学历"":""仅限本科"",""学位"":""学士"",""政治面貌"":""不限"",""基层工作最低年限"":""无限制"",""服务基层项目工作经历"":""无限制"",""是否在面试阶段组织专业能力测试"":""是"",""面试人员比例"":""3:1"",""工作地点"":""广西壮族自治区"",""落户地点"":""广西壮族自治区"",""备注"":""限2026届高校毕业生；大学英语四级考试425分及以上；现场一线岗位；在本单位最低服务年限5年（含试用期）；本职位所指专业为具体专业名称；考生须具备与填报学历及专业相应的学位；专业能力测试安排，详见海关总署网站（www.customs.gov.cn）。"",""部门网站"":""nanning.customs.gov.cn"",""咨询电话1"":""0771-5368960"",""咨询电话2"":""0771-5368963"",""咨询电话3"":"""",""来源Sheet"":""中央国家行政机关省级以下直属机构""}}"
"government_jobs","国家公务员2026招考简章","公务员/事业单位技术岗位","广西壮族自治区","2026-07-28T09:12:58.310295+00:00","科技管理（电子信息化类）四级主办及以下","南宁海关","","广西壮族自治区","公务员/事业单位;2026;computer_software;cybersecurity_cryptography;electronics_communication;本科或硕士研究生;与最高学历相对应的学位;本科：人工智能、计算机科学与技术、软件工程、网络工程、信息安全、物联网工程、智能科学与技术、数据科学与大数据技术、虚拟现实技术；研究生：计算机科学与技术（0812）、软件工程（0835）、网络空间安全（0839）、智能科学与技术（1405）;行政执法类","用人司局：防城海关
职位简介：从事海关一线监管及智慧海关建设工作。
专业要求：本科：人工智能、计算机科学与技术、软件工程、网络工程、信息安全、物联网工程、智能科学与技术、数据科学与大数据技术、虚拟现实技术；研究生：计算机科学与技术（0812）、软件工程（0835）、网络空间安全（0839）、智能科学与技术（1405）
学历要求：本科或硕士研究生
学位要求：与最高学历相对应的学位
政治面貌：不限
基层工作经历：无限制
考试类别：行政执法类
备注：限2026届高校毕业生；本科生大学英语四级考试425分及以上，研究生大学英语六级考试425分及以上；现场一线岗位；在本单位最低服务年限5年（含试用期）；本职位所指本科专业为具体专业名称；考生须具备与填报学历及专业相应的学位；专业能力测试安排，详见海关总署网站（www.customs.gov.cn）。","http://bm.scs.gov.cn/kl2026#129134-300110010005","2025-10-14","{""dataset_year"":2026,""job_uid"":""GOV-2026-129134-300110010005"",""publisher"":""国家公务员局"",""publication_page"":""http://bm.scs.gov.cn/kl2026"",""attachment_url"":""local://2026_guokao_zhaokaojianzhang.zip"",""local_source_file"":""中央机关及其直属机构2026年度考试录用公务员招考简章.xls"",""local_source_sha256"":""2670bae1df1dd07a3a3c79b9db46a11e3bb15a6c9c249e6af98bfd0b61ce3aaf"",""source_sheet"":""中央国家行政机关省级以下直属机构"",""filter_version"":""government_tech_v2"",""tech_filter"":{""is_tech"":true,""is_core_tech"":true,""scope"":""core"",""categories"":[""computer_software"",""cybersecurity_cryptography"",""electronics_communication""],""matched_fields"":[""major"",""job_title"",""description""],""major_terms"":[""人工智能"",""信息安全"",""大数据"",""数据科学与大数据技术"",""智能科学与技术"",""物联网工程"",""网络工程"",""网络空间安全"",""虚拟现实技术"",""计算机科学与技术"",""软件工程""],""role_terms"":[""信息化"",""智慧"",""电子信息""],""reason"":""tech_major_and_role""},""original"":{""部门代码"":""129134"",""部门名称"":""南宁海关"",""用人司局"":""防城海关"",""机构性质"":""中央国家行政机关省级以下直属机构"",""招考职位"":""科技管理（电子信息化类）四级主办及以下"",""职位属性"":""普通职位"",""职位分布"":""其他职位"",""职位简介"":""从事海关一线监管及智慧海关建设工作。"",""职位代码"":""300110010005"",""机构层级"":""县（区）级及以下"",""考试类别"":""行政执法类"",""招考人数"":""1"",""专业"":""本科：人工智能、计算机科学与技术、软件工程、网络工程、信息安全、物联网工程、智能科学与技术、数据科学与大数据技术、虚拟现实技术；研究生：计算机科学与技术（0812）、软件工程（0835）、网络空间安全（0839）、智能科学与技术（1405）"",""学历"":""本科或硕士研究生"",""学位"":""与最高学历相对应的学位"",""政治面貌"":""不限"",""基层工作最低年限"":""无限制"",""服务基层项目工作经历"":""无限制"",""是否在面试阶段组织专业能力测试"":""是"",""面试人员比例"":""3:1"",""工作地点"":""广西壮族自治区"",""落户地点"":""广西壮族自治区"",""备注"":""限2026届高校毕业生；本科生大学英语四级考试425分及以上，研究生大学英语六级考试425分及以上；现场一线岗位；在本单位最低服务年限5年（含试用期）；本职位所指本科专业为具体专业名称；考生须具备与填报学历及专业相应的学位；专业能力测试安排，详见海关总署网站（www.customs.gov.cn）。"",""部门网站"":""nanning.customs.gov.cn"",""咨询电话1"":""0771-5368960"",""咨询电话2"":""0771-5368963"",""咨询电话3"":"""",""来源Sheet"":""中央国家行政机关省级以下直属机构""}}"
"government_jobs","国家公务员2026招考简章","公务员/事业单位技术岗位","广西壮族自治区","2026-07-28T09:12:58.310295+00:00","科技管理（统计分析应用类）一级行政执法员","南宁海关","","广西壮族自治区","公务员/事业单位;2026;computer_software;仅限本科;学士;大数据管理与应用、统计学、应用统计学、数学与应用数学、信息与计算科学、数据计算及应用;行政执法类","用人司局：防城海关
职位简介：从事海关一线监管及智慧海关建设工作。
专业要求：大数据管理与应用、统计学、应用统计学、数学与应用数学、信息与计算科学、数据计算及应用
学历要求：仅限本科
学位要求：学士
政治面貌：不限
基层工作经历：无限制
考试类别：行政执法类
备注：限应届高校毕业生；大学英语四级考试425分及以上；现场一线岗位；在本单位最低服务年限5年（含试用期）；本职位所指专业为具体专业名称；考生须具备与填报学历及专业相应的学位；专业能力测试安排，详见海关总署网站（www.customs.gov.cn）。","http://bm.scs.gov.cn/kl2026#129134-300110010006","2025-10-14","{""dataset_year"":2026,""job_uid"":""GOV-2026-129134-300110010006"",""publisher"":""国家公务员局"",""publication_page"":""http://bm.scs.gov.cn/kl2026"",""attachment_url"":""local://2026_guokao_zhaokaojianzhang.zip"",""local_source_file"":""中央机关及其直属机构2026年度考试录用公务员招考简章.xls"",""local_source_sha256"":""2670bae1df1dd07a3a3c79b9db46a11e3bb15a6c9c249e6af98bfd0b61ce3aaf"",""source_sheet"":""中央国家行政机关省级以下直属机构"",""filter_version"":""government_tech_v2"",""tech_filter"":{""is_tech"":true,""is_core_tech"":true,""scope"":""core"",""categories"":[""computer_software""],""matched_fields"":[""major"",""description""],""major_terms"":[""大数据""],""role_terms"":[""智慧""],""reason"":""tech_major_and_role""},""original"":{""部门代码"":""129134"",""部门名称"":""南宁海关"",""用人司局"":""防城海关"",""机构性质"":""中央国家行政机关省级以下直属机构"",""招考职位"":""科技管理（统计分析应用类）一级行政执法员"",""职位属性"":""普通职位"",""职位分布"":""其他职位"",""职位简介"":""从事海关一线监管及智慧海关建设工作。"",""职位代码"":""300110010006"",""机构层级"":""县（区）级及以下"",""考试类别"":""行政执法类"",""招考人数"":""1"",""专业"":""大数据管理与应用、统计学、应用统计学、数学与应用数学、信息与计算科学、数据计算及应用"",""学历"":""仅限本科"",""学位"":""学士"",""政治面貌"":""不限"",""基层工作最低年限"":""无限制"",""服务基层项目工作经历"":""无限制"",""是否在面试阶段组织专业能力测试"":""是"",""面试人员比例"":""3:1"",""工作地点"":""广西壮族自治区"",""落户地点"":""广西壮族自治区"",""备注"":""限应届高校毕业生；大学英语四级考试425分及以上；现场一线岗位；在本单位最低服务年限5年（含试用期）；本职位所指专业为具体专业名称；考生须具备与填报学历及专业相应的学位；专业能力测试安排，详见海关总署网站（www.customs.gov.cn）。"",""部门网站"":""nanning.customs.gov.cn"",""咨询电话1"":""0771-5368960"",""咨询电话2"":""0771-5368963"",""咨询电话3"":"""",""来源Sheet"":""中央国家行政机关省级以下直属机构""}}"
"government_jobs","国家公务员2026招考简章","公务员/事业单位技术岗位","广西壮族自治区","2026-07-28T09:12:58.310295+00:00","科技管理（统计分析应用类）一级行政执法员","南宁海关","","广西壮族自治区","公务员/事业单位;2026;computer_software;仅限本科;学士;大数据管理与应用、统计学、应用统计学、数学与应用数学、信息与计算科学、数据计算及应用;行政执法类","用人司局：东兴海关
职位简介：从事海关一线监管及智慧海关建设工作。
专业要求：大数据管理与应用、统计学、应用统计学、数学与应用数学、信息与计算科学、数据计算及应用
学历要求：仅限本科
学位要求：学士
政治面貌：不限
基层工作经历：无限制
考试类别：行政执法类
备注：限应届高校毕业生；现场一线岗位；在本单位最低服务年限5年（含试用期）；本职位所指专业为具体专业名称；考生须具备与填报学历及专业相应的学位；专业能力测试安排，详见海关总署网站（www.customs.gov.cn）。","http://bm.scs.gov.cn/kl2026#129134-300110011001","2025-10-14","{""dataset_year"":2026,""job_uid"":""GOV-2026-129134-300110011001"",""publisher"":""国家公务员局"",""publication_page"":""http://bm.scs.gov.cn/kl2026"",""attachment_url"":""local://2026_guokao_zhaokaojianzhang.zip"",""local_source_file"":""中央机关及其直属机构2026年度考试录用公务员招考简章.xls"",""local_source_sha256"":""2670bae1df1dd07a3a3c79b9db46a11e3bb15a6c9c249e6af98bfd0b61ce3aaf"",""source_sheet"":""中央国家行政机关省级以下直属机构"",""filter_version"":""government_tech_v2"",""tech_filter"":{""is_tech"":true,""is_core_tech"":true,""scope"":""core"",""categories"":[""computer_software""],""matched_fields"":[""major"",""description""],""major_terms"":[""大数据""],""role_terms"":[""智慧""],""reason"":""tech_major_and_role""},""original"":{""部门代码"":""129134"",""部门名称"":""南宁海关"",""用人司局"":""东兴海关"",""机构性质"":""中央国家行政机关省级以下直属机构"",""招考职位"":""科技管理（统计分析应用类）一级行政执法员"",""职位属性"":""普通职位"",""职位分布"":""其他职位"",""职位简介"":""从事海关一线监管及智慧海关建设工作。"",""职位代码"":""300110011001"",""机构层级"":""县（区）级及以下"",""考试类别"":""行政执法类"",""招考人数"":""1"",""专业"":""大数据管理与应用、统计学、应用统计学、数学与应用数学、信息与计算科学、数据计算及应用"",""学历"":""仅限本科"",""学位"":""学士"",""政治面貌"":""不限"",""基层工作最低年限"":""无限制"",""服务基层项目工作经历"":""无限制"",""是否在面试阶段组织专业能力测试"":""是"",""面试人员比例"":""3:1"",""工作地点"":""广西壮族自治区"",""落户地点"":""广西壮族自治区"",""备注"":""限应届高校毕业生；现场一线岗位；在本单位最低服务年限5年（含试用期）；本职位所指专业为具体专业名称；考生须具备与填报学历及专业相应的学位；专业能力测试安排，详见海关总署网站（www.customs.gov.cn）。"",""部门网站"":""nanning.customs.gov.cn"",""咨询电话1"":""0771-5368960"",""咨询电话2"":""0771-5368963"",""咨询电话3"":"""",""来源Sheet"":""中央国家行政机关省级以下直属机构""}}"
"government_jobs","国家公务员2026招考简章","公务员/事业单位技术岗位","广西壮族自治区","2026-07-28T09:12:58.310295+00:00","科技管理（电子信息化类）四级主办及以下","南宁海关","","广西壮族自治区","公务员/事业单位;2026;computer_software;cybersecurity_cryptography;electronics_communication;本科或硕士研究生;与最高学历相对应的学位;本科：人工智能、计算机科学与技术、软件工程、网络工程、信息安全、物联网工程、智能科学与技术、数据科学与大数据技术、虚拟现实技术；研究生：计算机科学与技术（0812）、软件工程（0835）、网络空间安全（0839）、智能科学与技术（1405）;行政执法类","用人司局：梧州海关
职位简介：从事海关一线监管及智慧海关建设工作。
专业要求：本科：人工智能、计算机科学与技术、软件工程、网络工程、信息安全、物联网工程、智能科学与技术、数据科学与大数据技术、虚拟现实技术；研究生：计算机科学与技术（0812）、软件工程（0835）、网络空间安全（0839）、智能科学与技术（1405）
学历要求：本科或硕士研究生
学位要求：与最高学历相对应的学位
政治面貌：不限
基层工作经历：无限制
考试类别：行政执法类
备注：限2026届高校毕业生；本科生大学英语四级考试425分及以上，研究生大学英语六级考试425分及以上；现场一线岗位；在本单位最低服务年限5年（含试用期）；本职位所指本科专业为具体专业名称；考生须具备与填报学历及专业相应的学位；专业能力测试安排，详见海关总署网站（www.customs.gov.cn）。","http://bm.scs.gov.cn/kl2026#129134-300110021003","2025-10-14","{""dataset_year"":2026,""job_uid"":""GOV-2026-129134-300110021003"",""publisher"":""国家公务员局"",""publication_page"":""http://bm.scs.gov.cn/kl2026"",""attachment_url"":""local://2026_guokao_zhaokaojianzhang.zip"",""local_source_file"":""中央机关及其直属机构2026年度考试录用公务员招考简章.xls"",""local_source_sha256"":""2670bae1df1dd07a3a3c79b9db46a11e3bb15a6c9c249e6af98bfd0b61ce3aaf"",""source_sheet"":""中央国家行政机关省级以下直属机构"",""filter_version"":""government_tech_v2"",""tech_filter"":{""is_tech"":true,""is_core_tech"":true,""scope"":""core"",""categories"":[""computer_software"",""cybersecurity_cryptography"",""electronics_communication""],""matched_fields"":[""major"",""job_title"",""description""],""major_terms"":[""人工智能"",""信息安全"",""大数据"",""数据科学与大数据技术"",""智能科学与技术"",""物联网工程"",""网络工程"",""网络空间安全"",""虚拟现实技术"",""计算机科学与技术"",""软件工程""],""role_terms"":[""信息化"",""智慧"",""电子信息""],""reason"":""tech_major_and_role""},""original"":{""部门代码"":""129134"",""部门名称"":""南宁海关"",""用人司局"":""梧州海关"",""机构性质"":""中央国家行政机关省级以下直属机构"",""招考职位"":""科技管理（电子信息化类）四级主办及以下"",""职位属性"":""普通职位"",""职位分布"":""其他职位"",""职位简介"":""从事海关一线监管及智慧海关建设工作。"",""职位代码"":""300110021003"",""机构层级"":""县（区）级及以下"",""考试类别"":""行政执法类"",""招考人数"":""1"",""专业"":""本科：人工智能、计算机科学与技术、软件工程、网络工程、信息安全、物联网工程、智能科学与技术、数据科学与大数据技术、虚拟现实技术；研究生：计算机科学与技术（0812）、软件工程（0835）、网络空间安全（0839）、智能科学与技术（1405）"",""学历"":""本科或硕士研究生"",""学位"":""与最高学历相对应的学位"",""政治面貌"":""不限"",""基层工作最低年限"":""无限制"",""服务基层项目工作经历"":""无限制"",""是否在面试阶段组织专业能力测试"":""是"",""面试人员比例"":""3:1"",""工作地点"":""广西壮族自治区"",""落户地点"":""广西壮族自治区"",""备注"":""限2026届高校毕业生；本科生大学英语四级考试425分及以上，研究生大学英语六级考试425分及以上；现场一线岗位；在本单位最低服务年限5年（含试用期）；本职位所指本科专业为具体专业名称；考生须具备与填报学历及专业相应的学位；专业能力测试安排，详见海关总署网站（www.customs.gov.cn）。"",""部门网站"":""nanning.customs.gov.cn"",""咨询电话1"":""0771-5368960"",""咨询电话2"":""0771-5368963"",""咨询电话3"":"""",""来源Sheet"":""中央国家行政机关省级以下直属机构""}}"
"government_jobs","国家公务员2026招考简章","公务员/事业单位技术岗位","广西壮族自治区","2026-07-28T09:12:58.310295+00:00","科技管理（统计分析应用类）四级主办及以下","南宁海关","","广西壮族自治区","公务员/事业单位;2026;computer_software;本科或硕士研究生;与最高学历相对应的学位;本科：大数据管理与应用、统计学、应用统计学、数学与应用数学、信息与计算科学、数据计算及应用；研究生：数学（0701）、统计学（0714）、管理科学与工程（1201）;行政执法类","用人司局：梧州海关
职位简介：从事海关一线监管及智慧海关建设工作。
专业要求：本科：大数据管理与应用、统计学、应用统计学、数学与应用数学、信息与计算科学、数据计算及应用；研究生：数学（0701）、统计学（0714）、管理科学与工程（1201）
学历要求：本科或硕士研究生
学位要求：与最高学历相对应的学位
政治面貌：不限
基层工作经历：无限制
考试类别：行政执法类
备注：限2026届高校毕业生；本科生大学英语四级考试425分及以上，研究生大学英语六级考试425分及以上；现场一线岗位；在本单位最低服务年限5年（含试用期）；本职位所指本科专业为具体专业名称；考生须具备与填报学历及专业相应的学位；专业能力测试安排，详见海关总署网站（www.customs.gov.cn）。","http://bm.scs.gov.cn/kl2026#129134-300110021004","2025-10-14","{""dataset_year"":2026,""job_uid"":""GOV-2026-129134-300110021004"",""publisher"":""国家公务员局"",""publication_page"":""http://bm.scs.gov.cn/kl2026"",""attachment_url"":""local://2026_guokao_zhaokaojianzhang.zip"",""local_source_file"":""中央机关及其直属机构2026年度考试录用公务员招考简章.xls"",""local_source_sha256"":""2670bae1df1dd07a3a3c79b9db46a11e3bb15a6c9c249e6af98bfd0b61ce3aaf"",""source_sheet"":""中央国家行政机关省级以下直属机构"",""filter_version"":""government_tech_v2"",""tech_filter"":{""is_tech"":true,""is_core_tech"":true,""scope"":""core"",""categories"":[""computer_software""],""matched_fields"":[""major"",""description""],""major_terms"":[""大数据""],""role_terms"":[""智慧""],""reason"":""tech_major_and_role""},""original"":{""部门代码"":""129134"",""部门名称"":""南宁海关"",""用人司局"":""梧州海关"",""机构性质"":""中央国家行政机关省级以下直属机构"",""招考职位"":""科技管理（统计分析应用类）四级主办及以下"",""职位属性"":""普通职位"",""职位分布"":""其他职位"",""职位简介"":""从事海关一线监管及智慧海关建设工作。"",""职位代码"":""300110021004"",""机构层级"":""县（区）级及以下"",""考试类别"":""行政执法类"",""招考人数"":""1"",""专业"":""本科：大数据管理与应用、统计学、应用统计学、数学与应用数学、信息与计算科学、数据计算及应用；研究生：数学（0701）、统计学（0714）、管理科学与工程（1201）"",""学历"":""本科或硕士研究生"",""学位"":""与最高学历相对应的学位"",""政治面貌"":""不限"",""基层工作最低年限"":""无限制"",""服务基层项目工作经历"":""无限制"",""是否在面试阶段组织专业能力测试"":""是"",""面试人员比例"":""3:1"",""工作地点"":""广西壮族自治区"",""落户地点"":""广西壮族自治区"",""备注"":""限2026届高校毕业生；本科生大学英语四级考试425分及以上，研究生大学英语六级考试425分及以上；现场一线岗位；在本单位最低服务年限5年（含试用期）；本职位所指本科专业为具体专业名称；考生须具备与填报学历及专业相应的学位；专业能力测试安排，详见海关总署网站（www.customs.gov.cn）。"",""部门网站"":""nanning.customs.gov.cn"",""咨询电话1"":""0771-5368960"",""咨询电话2"":""0771-5368963"",""咨询电话3"":"""",""来源Sheet"":""中央国家行政机关省级以下直属机构""}}"
"government_jobs","国家公务员2026招考简章","公务员/事业单位技术岗位","广西壮族自治区","2026-07-28T09:12:58.310295+00:00","科技管理（电子信息化类）四级主办及以下","南宁海关","","广西壮族自治区","公务员/事业单位;2026;computer_software;cybersecurity_cryptography;electronics_communication;本科或硕士研究生;与最高学历相对应的学位;本科：人工智能、计算机科学与技术、软件工程、网络工程、信息安全、物联网工程、智能科学与技术、数据科学与大数据技术、虚拟现实技术；研究生：计算机科学与技术（0812）、软件工程（0835）、网络空间安全（0839）、智能科学与技术（1405）;行政执法类","用人司局：桂林海关
职位简介：从事海关一线监管及智慧海关建设工作。
专业要求：本科：人工智能、计算机科学与技术、软件工程、网络工程、信息安全、物联网工程、智能科学与技术、数据科学与大数据技术、虚拟现实技术；研究生：计算机科学与技术（0812）、软件工程（0835）、网络空间安全（0839）、智能科学与技术（1405）
学历要求：本科或硕士研究生
学位要求：与最高学历相对应的学位
政治面貌：不限
基层工作经历：无限制
考试类别：行政执法类
备注：限2026届高校毕业生；本科生大学英语四级考试425分及以上，研究生大学英语六级考试425分及以上；现场一线岗位；在本单位最低服务年限5年（含试用期）；本职位所指本科专业为具体专业名称；考生须具备与填报学历及专业相应的学位；专业能力测试安排，详见海关总署网站（www.customs.gov.cn）。","http://bm.scs.gov.cn/kl2026#129134-300110022003","2025-10-14","{""dataset_year"":2026,""job_uid"":""GOV-2026-129134-300110022003"",""publisher"":""国家公务员局"",""publication_page"":""http://bm.scs.gov.cn/kl2026"",""attachment_url"":""local://2026_guokao_zhaokaojianzhang.zip"",""local_source_file"":""中央机关及其直属机构2026年度考试录用公务员招考简章.xls"",""local_source_sha256"":""2670bae1df1dd07a3a3c79b9db46a11e3bb15a6c9c249e6af98bfd0b61ce3aaf"",""source_sheet"":""中央国家行政机关省级以下直属机构"",""filter_version"":""government_tech_v2"",""tech_filter"":{""is_tech"":true,""is_core_tech"":true,""scope"":""core"",""categories"":[""computer_software"",""cybersecurity_cryptography"",""electronics_communication""],""matched_fields"":[""major"",""job_title"",""description""],""major_terms"":[""人工智能"",""信息安全"",""大数据"",""数据科学与大数据技术"",""智能科学与技术"",""物联网工程"",""网络工程"",""网络空间安全"",""虚拟现实技术"",""计算机科学与技术"",""软件工程""],""role_terms"":[""信息化"",""智慧"",""电子信息""],""reason"":""tech_major_and_role""},""original"":{""部门代码"":""129134"",""部门名称"":""南宁海关"",""用人司局"":""桂林海关"",""机构性质"":""中央国家行政机关省级以下直属机构"",""招考职位"":""科技管理（电子信息化类）四级主办及以下"",""职位属性"":""普通职位"",""职位分布"":""其他职位"",""职位简介"":""从事海关一线监管及智慧海关建设工作。"",""职位代码"":""300110022003"",""机构层级"":""县（区）级及以下"",""考试类别"":""行政执法类"",""招考人数"":""1"",""专业"":""本科：人工智能、计算机科学与技术、软件工程、网络工程、信息安全、物联网工程、智能科学与技术、数据科学与大数据技术、虚拟现实技术；研究生：计算机科学与技术（0812）、软件工程（0835）、网络空间安全（0839）、智能科学与技术（1405）"",""学历"":""本科或硕士研究生"",""学位"":""与最高学历相对应的学位"",""政治面貌"":""不限"",""基层工作最低年限"":""无限制"",""服务基层项目工作经历"":""无限制"",""是否在面试阶段组织专业能力测试"":""是"",""面试人员比例"":""3:1"",""工作地点"":""广西壮族自治区"",""落户地点"":""广西壮族自治区"",""备注"":""限2026届高校毕业生；本科生大学英语四级考试425分及以上，研究生大学英语六级考试425分及以上；现场一线岗位；在本单位最低服务年限5年（含试用期）；本职位所指本科专业为具体专业名称；考生须具备与填报学历及专业相应的学位；专业能力测试安排，详见海关总署网站（www.customs.gov.cn）。"",""部门网站"":""nanning.customs.gov.cn"",""咨询电话1"":""0771-5368960"",""咨询电话2"":""0771-5368963"",""咨询电话3"":"""",""来源Sheet"":""中央国家行政机关省级以下直属机构""}}"
"government_jobs","国家公务员2026招考简章","公务员/事业单位技术岗位","广西壮族自治区","2026-07-28T09:12:58.310295+00:00","科技管理（统计分析应用类）四级主办及以下","南宁海关","","广西壮族自治区","公务员/事业单位;2026;computer_software;本科或硕士研究生;与最高学历相对应的学位;本科：大数据管理与应用、统计学、应用统计学、数学与应用数学、信息与计算科学、数据计算及应用；研究生：数学（0701）、统计学（0714）、管理科学与工程（1201）;行政执法类","用人司局：桂林海关
职位简介：从事海关一线监管及智慧海关建设工作。
专业要求：本科：大数据管理与应用、统计学、应用统计学、数学与应用数学、信息与计算科学、数据计算及应用；研究生：数学（0701）、统计学（0714）、管理科学与工程（1201）
学历要求：本科或硕士研究生
学位要求：与最高学历相对应的学位
政治面貌：不限
基层工作经历：无限制
考试类别：行政执法类
备注：限2026届高校毕业生；本科生大学英语四级考试425分及以上，研究生大学英语六级考试425分及以上；现场一线岗位；在本单位最低服务年限5年（含试用期）；本职位所指本科专业为具体专业名称；考生须具备与填报学历及专业相应的学位；专业能力测试安排，详见海关总署网站（www.customs.gov.cn）。","http://bm.scs.gov.cn/kl2026#129134-300110022004","2025-10-14","{""dataset_year"":2026,""job_uid"":""GOV-2026-129134-300110022004"",""publisher"":""国家公务员局"",""publication_page"":""http://bm.scs.gov.cn/kl2026"",""attachment_url"":""local://2026_guokao_zhaokaojianzhang.zip"",""local_source_file"":""中央机关及其直属机构2026年度考试录用公务员招考简章.xls"",""local_source_sha256"":""2670bae1df1dd07a3a3c79b9db46a11e3bb15a6c9c249e6af98bfd0b61ce3aaf"",""source_sheet"":""中央国家行政机关省级以下直属机构"",""filter_version"":""government_tech_v2"",""tech_filter"":{""is_tech"":true,""is_core_tech"":true,""scope"":""core"",""categories"":[""computer_software""],""matched_fields"":[""major"",""description""],""major_terms"":[""大数据""],""role_terms"":[""智慧""],""reason"":""tech_major_and_role""},""original"":{""部门代码"":""129134"",""部门名称"":""南宁海关"",""用人司局"":""桂林海关"",""机构性质"":""中央国家行政机关省级以下直属机构"",""招考职位"":""科技管理（统计分析应用类）四级主办及以下"",""职位属性"":""普通职位"",""职位分布"":""其他职位"",""职位简介"":""从事海关一线监管及智慧海关建设工作。"",""职位代码"":""300110022004"",""机构层级"":""县（区）级及以下"",""考试类别"":""行政执法类"",""招考人数"":""1"",""专业"":""本科：大数据管理与应用、统计学、应用统计学、数学与应用数学、信息与计算科学、数据计算及应用；研究生：数学（0701）、统计学（0714）、管理科学与工程（1201）"",""学历"":""本科或硕士研究生"",""学位"":""与最高学历相对应的学位"",""政治面貌"":""不限"",""基层工作最低年限"":""无限制"",""服务基层项目工作经历"":""无限制"",""是否在面试阶段组织专业能力测试"":""是"",""面试人员比例"":""3:1"",""工作地点"":""广西壮族自治区"",""落户地点"":""广西壮族自治区"",""备注"":""限2026届高校毕业生；本科生大学英语四级考试425分及以上，研究生大学英语六级考试425分及以上；现场一线岗位；在本单位最低服务年限5年（含试用期）；本职位所指本科专业为具体专业名称；考生须具备与填报学历及专业相应的学位；专业能力测试安排，详见海关总署网站（www.customs.gov.cn）。"",""部门网站"":""nanning.customs.gov.cn"",""咨询电话1"":""0771-5368960"",""咨询电话2"":""0771-5368963"",""咨询电话3"":"""",""来源Sheet"":""中央国家行政机关省级以下直属机构""}}"
"government_jobs","国家公务员2026招考简章","公务员/事业单位技术岗位","海南省","2026-07-28T09:12:58.310295+00:00","风险管理（统计分析应用类）二级主管及以下","海口海关","","海南省","公务员/事业单位;2026;computer_software;本科及以上;与最高学历相对应的学位;本科：数学与应用数学、信息与计算科学、数理基础科学、数据计算及应用、统计学、应用统计学、数据科学；研究生：统计学、概率论与数理统计、应用数学;中央机关及其省级直属机构综合管理类","用人司局：海口海关风险防控分局
职位简介：从事海关风险管理及智慧海关建设工作。
专业要求：本科：数学与应用数学、信息与计算科学、数理基础科学、数据计算及应用、统计学、应用统计学、数据科学；研究生：统计学、概率论与数理统计、应用数学
学历要求：本科及以上
学位要求：与最高学历相对应的学位
政治面貌：不限
基层工作经历：二年
考试类别：中央机关及其省级直属机构综合管理类
备注：本科生大学英语四级考试425分及以上，研究生大学英语六级考试425分及以上；本职位所指专业为具体专业名称；考生必须具备与填报学历及专业相应的学位；在本单位最低服务年限5年（含试用期）；专业能力测试安排，详见海关总署网站（www.customs.gov.cn）。","http://bm.scs.gov.cn/kl2026#129135-300110011001","2025-10-14","{""dataset_year"":2026,""job_uid"":""GOV-2026-129135-300110011001"",""publisher"":""国家公务员局"",""publication_page"":""http://bm.scs.gov.cn/kl2026"",""attachment_url"":""local://2026_guokao_zhaokaojianzhang.zip"",""local_source_file"":""中央机关及其直属机构2026年度考试录用公务员招考简章.xls"",""local_source_sha256"":""2670bae1df1dd07a3a3c79b9db46a11e3bb15a6c9c249e6af98bfd0b61ce3aaf"",""source_sheet"":""中央国家行政机关省级以下直属机构"",""filter_version"":""government_tech_v2"",""tech_filter"":{""is_tech"":true,""is_core_tech"":true,""scope"":""core"",""categories"":[""computer_software""],""matched_fields"":[""major"",""description""],""major_terms"":[""数据科学""],""role_terms"":[""智慧""],""reason"":""tech_major_and_role""},""original"":{""部门代码"":""129135"",""部门名称"":""海口海关"",""用人司局"":""海口海关风险防控分局"",""机构性质"":""中央国家行政机关省级以下直属机构"",""招考职位"":""风险管理（统计分析应用类）二级主管及以下"",""职位属性"":""普通职位"",""职位分布"":""其他职位"",""职位简介"":""从事海关风险管理及智慧海关建设工作。"",""职位代码"":""300110011001"",""机构层级"":""省（副省）级"",""考试类别"":""中央机关及其省级直属机构综合管理类"",""招考人数"":""2"",""专业"":""本科：数学与应用数学、信息与计算科学、数理基础科学、数据计算及应用、统计学、应用统计学、数据科学；研究生：统计学、概率论与数理统计、应用数学"",""学历"":""本科及以上"",""学位"":""与最高学历相对应的学位"",""政治面貌"":""不限"",""基层工作最低年限"":""二年"",""服务基层项目工作经历"":""无限制"",""是否在面试阶段组织专业能力测试"":""是"",""面试人员比例"":""3:1"",""工作地点"":""海南省"",""落户地点"":""海南省"",""备注"":""本科生大学英语四级考试425分及以上，研究生大学英语六级考试425分及以上；本职位所指专业为具体专业名称；考生必须具备与填报学历及专业相应的学位；在本单位最低服务年限5年（含试用期）；专业能力测试安排，详见海关总署网站（www.customs.gov.cn）。"",""部门网站"":""http://haikou.customs.gov.cn"",""咨询电话1"":""0898-68516212"",""咨询电话2"":""0898-68516213"",""咨询电话3"":""0898-68516358"",""来源Sheet"":""中央国家行政机关省级以下直属机构""}}"
"government_jobs","国家公务员2026招考简章","公务员/事业单位技术岗位","海南省","2026-07-28T09:12:58.310295+00:00","科技管理（电子信息化类）二级主管及以下","海口海关","","海南省","公务员/事业单位;2026;computer_software;cybersecurity_cryptography;electronics_communication;本科及以上;与最高学历相对应的学位;本科：计算机科学与技术、软件工程、网络工程、信息安全、电子与计算机工程、区块链工程、网络空间安全、电子信息工程、人工智能； 研究生：计算机应用技术、计算机技术、人工智能、网络与信息安全、软件工程;中央机关及其省级直属机构综合管理类","用人司局：海口海关
职位简介：从事海关国门安全信息技术及智慧海关建设工作。
专业要求：本科：计算机科学与技术、软件工程、网络工程、信息安全、电子与计算机工程、区块链工程、网络空间安全、电子信息工程、人工智能； 研究生：计算机应用技术、计算机技术、人工智能、网络与信息安全、软件工程
学历要求：本科及以上
学位要求：与最高学历相对应的学位
政治面貌：不限
基层工作经历：二年
考试类别：中央机关及其省级直属机构综合管理类
备注：本科生大学英语四级考试425分及以上，研究生大学英语六级考试425分及以上；本职位所指专业为具体专业名称；考生必须具备与填报学历及专业相应的学位；在本单位最低服务年限5年（含试用期）；专业能力测试安排，详见海关总署网站（www.customs.gov.cn）。","http://bm.scs.gov.cn/kl2026#129135-300110012002","2025-10-14","{""dataset_year"":2026,""job_uid"":""GOV-2026-129135-300110012002"",""publisher"":""国家公务员局"",""publication_page"":""http://bm.scs.gov.cn/kl2026"",""attachment_url"":""local://2026_guokao_zhaokaojianzhang.zip"",""local_source_file"":""中央机关及其直属机构2026年度考试录用公务员招考简章.xls"",""local_source_sha256"":""2670bae1df1dd07a3a3c79b9db46a11e3bb15a6c9c249e6af98bfd0b61ce3aaf"",""source_sheet"":""中央国家行政机关省级以下直属机构"",""filter_version"":""government_tech_v2"",""tech_filter"":{""is_tech"":true,""is_core_tech"":true,""scope"":""core"",""categories"":[""computer_software"",""cybersecurity_cryptography"",""electronics_communication""],""matched_fields"":[""major"",""job_title"",""description""],""major_terms"":[""人工智能"",""信息安全"",""区块链工程"",""电子信息工程"",""网络工程"",""网络空间安全"",""计算机"",""计算机技术"",""计算机科学与技术"",""软件工程""],""role_terms"":[""信息化"",""信息技术"",""智慧"",""电子信息""],""reason"":""tech_major_and_role""},""original"":{""部门代码"":""129135"",""部门名称"":""海口海关"",""用人司局"":""海口海关"",""机构性质"":""中央国家行政机关省级以下直属机构"",""招考职位"":""科技管理（电子信息化类）二级主管及以下"",""职位属性"":""普通职位"",""职位分布"":""其他职位"",""职位简介"":""从事海关国门安全信息技术及智慧海关建设工作。"",""职位代码"":""300110012002"",""机构层级"":""省（副省）级"",""考试类别"":""中央机关及其省级直属机构综合管理类"",""招考人数"":""2"",""专业"":""本科：计算机科学与技术、软件工程、网络工程、信息安全、电子与计算机工程、区块链工程、网络空间安全、电子信息工程、人工智能； 研究生：计算机应用技术、计算机技术、人工智能、网络与信息安全、软件工程"",""学历"":""本科及以上"",""学位"":""与最高学历相对应的学位"",""政治面貌"":""不限"",""基层工作最低年限"":""二年"",""服务基层项目工作经历"":""无限制"",""是否在面试阶段组织专业能力测试"":""是"",""面试人员比例"":""3:1"",""工作地点"":""海南省"",""落户地点"":""海南省"",""备注"":""本科生大学英语四级考试425分及以上，研究生大学英语六级考试425分及以上；本职位所指专业为具体专业名称；考生必须具备与填报学历及专业相应的学位；在本单位最低服务年限5年（含试用期）；专业能力测试安排，详见海关总署网站（www.customs.gov.cn）。"",""部门网站"":""http://haikou.customs.gov.cn"",""咨询电话1"":""0898-68516212"",""咨询电话2"":""0898-68516213"",""咨询电话3"":""0898-68516358"",""来源Sheet"":""中央国家行政机关省级以下直属机构""}}"
"government_jobs","国家公务员2026招考简章","公务员/事业单位技术岗位","四川省成都市","2026-07-28T09:12:58.310295+00:00","科技管理（统计分析应用类）一级行政执法员","成都海关","","四川省成都市","公务员/事业单位;2026;computer_software;data_ai;仅限本科;学士;数学与应用数学、信息与计算科学、数理基础科学、数据计算及应用、数据科学与大数据技术、统计学、应用统计学、数据科学、大数据管理与应用;行政执法类","用人司局：成都双流机场海关
职位简介：从事海关数据统计分析运用及智慧海关建设工作。
专业要求：数学与应用数学、信息与计算科学、数理基础科学、数据计算及应用、数据科学与大数据技术、统计学、应用统计学、数据科学、大数据管理与应用
学历要求：仅限本科
学位要求：学士
政治面貌：不限
基层工作经历：无限制
考试类别：行政执法类
备注：限2026届高校毕业生；大学英语四级考试425分及以上；现场一线岗位；需24小时倒班；本职位所指专业为具体专业名称；考生必须具备与填报学历及专业相应的学位；住宿自理；在本单位最低服务年限5年（含试用期）；专业能力测试安排，详见海关总署网站（www.customs.gov.cn）。","http://bm.scs.gov.cn/kl2026#129137-300110002001","2025-10-14","{""dataset_year"":2026,""job_uid"":""GOV-2026-129137-300110002001"",""publisher"":""国家公务员局"",""publication_page"":""http://bm.scs.gov.cn/kl2026"",""attachment_url"":""local://2026_guokao_zhaokaojianzhang.zip"",""local_source_file"":""中央机关及其直属机构2026年度考试录用公务员招考简章.xls"",""local_source_sha256"":""2670bae1df1dd07a3a3c79b9db46a11e3bb15a6c9c249e6af98bfd0b61ce3aaf"",""source_sheet"":""中央国家行政机关省级以下直属机构"",""filter_version"":""government_tech_v2"",""tech_filter"":{""is_tech"":true,""is_core_tech"":true,""scope"":""core"",""categories"":[""computer_software"",""data_ai""],""matched_fields"":[""major"",""description""],""major_terms"":[""大数据"",""数据科学"",""数据科学与大数据技术""],""role_terms"":[""数据统计分析"",""智慧""],""reason"":""tech_major_and_role""},""original"":{""部门代码"":""129137"",""部门名称"":""成都海关"",""用人司局"":""成都双流机场海关"",""机构性质"":""中央国家行政机关省级以下直属机构"",""招考职位"":""科技管理（统计分析应用类）一级行政执法员"",""职位属性"":""普通职位"",""职位分布"":""其他职位"",""职位简介"":""从事海关数据统计分析运用及智慧海关建设工作。"",""职位代码"":""300110002001"",""机构层级"":""县（区）级及以下"",""考试类别"":""行政执法类"",""招考人数"":""1"",""专业"":""数学与应用数学、信息与计算科学、数理基础科学、数据计算及应用、数据科学与大数据技术、统计学、应用统计学、数据科学、大数据管理与应用"",""学历"":""仅限本科"",""学位"":""学士"",""政治面貌"":""不限"",""基层工作最低年限"":""无限制"",""服务基层项目工作经历"":""无限制"",""是否在面试阶段组织专业能力测试"":""是"",""面试人员比例"":""3:1"",""工作地点"":""四川省成都市"",""落户地点"":""四川省"",""备注"":""限2026届高校毕业生；大学英语四级考试425分及以上；现场一线岗位；需24小时倒班；本职位所指专业为具体专业名称；考生必须具备与填报学历及专业相应的学位；住宿自理；在本单位最低服务年限5年（含试用期）；专业能力测试安排，详见海关总署网站（www.customs.gov.cn）。"",""部门网站"":""http://chengdu.customs.gov.cn/"",""咨询电话1"":""028-85391390"",""咨询电话2"":""028-85391592"",""咨询电话3"":""028-85391561"",""来源Sheet"":""中央国家行政机关省级以下直属机构""}}"
"government_jobs","国家公务员2026招考简章","公务员/事业单位技术岗位","四川省成都市","2026-07-28T09:12:58.310295+00:00","科技管理（统计分析应用类）一级行政执法员","成都海关","","四川省成都市","公务员/事业单位;2026;computer_software;data_ai;仅限本科;学士;数学与应用数学、信息与计算科学、数理基础科学、数据计算及应用、数据科学与大数据技术、统计学、应用统计学、数据科学、大数据管理与应用;行政执法类","用人司局：锦城海关
职位简介：从事海关数据统计分析运用及智慧海关建设工作。
专业要求：数学与应用数学、信息与计算科学、数理基础科学、数据计算及应用、数据科学与大数据技术、统计学、应用统计学、数据科学、大数据管理与应用
学历要求：仅限本科
学位要求：学士
政治面貌：不限
基层工作经历：二年
考试类别：行政执法类
备注：本职位定向招录服务期满、考核合格的服务基层项目人员和在军队服役5年（含）以上的高校毕业生退役士兵；大学英语四级考试425分及以上；现场一线岗位；需24小时倒班；本职位所指专业为具体专业名称；考生必须具备与填报学历及专业相应的学位；住宿自理；在本单位最低服务年限5年（含试用期）；专业能力测试安排，详见海关总署网站（www.customs.gov.cn）。","http://bm.scs.gov.cn/kl2026#129137-300110005001","2025-10-14","{""dataset_year"":2026,""job_uid"":""GOV-2026-129137-300110005001"",""publisher"":""国家公务员局"",""publication_page"":""http://bm.scs.gov.cn/kl2026"",""attachment_url"":""local://2026_guokao_zhaokaojianzhang.zip"",""local_source_file"":""中央机关及其直属机构2026年度考试录用公务员招考简章.xls"",""local_source_sha256"":""2670bae1df1dd07a3a3c79b9db46a11e3bb15a6c9c249e6af98bfd0b61ce3aaf"",""source_sheet"":""中央国家行政机关省级以下直属机构"",""filter_version"":""government_tech_v2"",""tech_filter"":{""is_tech"":true,""is_core_tech"":true,""scope"":""core"",""categories"":[""computer_software"",""data_ai""],""matched_fields"":[""major"",""description""],""major_terms"":[""大数据"",""数据科学"",""数据科学与大数据技术""],""role_terms"":[""数据统计分析"",""智慧""],""reason"":""tech_major_and_role""},""original"":{""部门代码"":""129137"",""部门名称"":""成都海关"",""用人司局"":""锦城海关"",""机构性质"":""中央国家行政机关省级以下直属机构"",""招考职位"":""科技管理（统计分析应用类）一级行政执法员"",""职位属性"":""普通职位"",""职位分布"":""其他职位"",""职位简介"":""从事海关数据统计分析运用及智慧海关建设工作。"",""职位代码"":""300110005001"",""机构层级"":""县（区）级及以下"",""考试类别"":""行政执法类"",""招考人数"":""1"",""专业"":""数学与应用数学、信息与计算科学、数理基础科学、数据计算及应用、数据科学与大数据技术、统计学、应用统计学、数据科学、大数据管理与应用"",""学历"":""仅限本科"",""学位"":""学士"",""政治面貌"":""不限"",""基层工作最低年限"":""二年"",""服务基层项目工作经历"":""大学生村官、农村义务教育阶段学校教师特设岗位计划、“三支一扶”计划、大学生志愿服务西部计划、在军队服役5年（含）以上的高校毕业生退役士兵"",""是否在面试阶段组织专业能力测试"":""是"",""面试人员比例"":""3:1"",""工作地点"":""四川省成都市"",""落户地点"":""四川省"",""备注"":""本职位定向招录服务期满、考核合格的服务基层项目人员和在军队服役5年（含）以上的高校毕业生退役士兵；大学英语四级考试425分及以上；现场一线岗位；需24小时倒班；本职位所指专业为具体专业名称；考生必须具备与填报学历及专业相应的学位；住宿自理；在本单位最低服务年限5年（含试用期）；专业能力测试安排，详见海关总署网站（www.customs.gov.cn）。"",""部门网站"":""http://chengdu.customs.gov.cn/"",""咨询电话1"":""028-85391390"",""咨询电话2"":""028-85391592"",""咨询电话3"":""028-85391561"",""来源Sheet"":""中央国家行政机关省级以下直属机构""}}"
"government_jobs","国家公务员2026招考简章","公务员/事业单位技术岗位","四川省泸州市","2026-07-28T09:12:58.310295+00:00","科技管理（统计分析应用类）一级行政执法员","成都海关","","四川省泸州市","公务员/事业单位;2026;computer_software;data_ai;仅限本科;学士;数学与应用数学、信息与计算科学、数理基础科学、数据计算及应用、数据科学与大数据技术、统计学、应用统计学、数据科学、大数据管理与应用;行政执法类","用人司局：泸州海关
职位简介：从事海关数据统计分析运用及智慧海关建设工作。
专业要求：数学与应用数学、信息与计算科学、数理基础科学、数据计算及应用、数据科学与大数据技术、统计学、应用统计学、数据科学、大数据管理与应用
学历要求：仅限本科
学位要求：学士
政治面貌：不限
基层工作经历：无限制
考试类别：行政执法类
备注：限2026届高校毕业生；大学英语四级考试425分及以上；现场一线岗位；需24小时倒班；本职位所指专业为具体专业名称；考生必须具备与填报学历及专业相应的学位；住宿自理；在本单位最低服务年限5年（含试用期）；专业能力测试安排，详见海关总署网站（www.customs.gov.cn）。","http://bm.scs.gov.cn/kl2026#129137-300110010002","2025-10-14","{""dataset_year"":2026,""job_uid"":""GOV-2026-129137-300110010002"",""publisher"":""国家公务员局"",""publication_page"":""http://bm.scs.gov.cn/kl2026"",""attachment_url"":""local://2026_guokao_zhaokaojianzhang.zip"",""local_source_file"":""中央机关及其直属机构2026年度考试录用公务员招考简章.xls"",""local_source_sha256"":""2670bae1df1dd07a3a3c79b9db46a11e3bb15a6c9c249e6af98bfd0b61ce3aaf"",""source_sheet"":""中央国家行政机关省级以下直属机构"",""filter_version"":""government_tech_v2"",""tech_filter"":{""is_tech"":true,""is_core_tech"":true,""scope"":""core"",""categories"":[""computer_software"",""data_ai""],""matched_fields"":[""major"",""description""],""major_terms"":[""大数据"",""数据科学"",""数据科学与大数据技术""],""role_terms"":[""数据统计分析"",""智慧""],""reason"":""tech_major_and_role""},""original"":{""部门代码"":""129137"",""部门名称"":""成都海关"",""用人司局"":""泸州海关"",""机构性质"":""中央国家行政机关省级以下直属机构"",""招考职位"":""科技管理（统计分析应用类）一级行政执法员"",""职位属性"":""普通职位"",""职位分布"":""其他职位"",""职位简介"":""从事海关数据统计分析运用及智慧海关建设工作。"",""职位代码"":""300110010002"",""机构层级"":""县（区）级及以下"",""考试类别"":""行政执法类"",""招考人数"":""1"",""专业"":""数学与应用数学、信息与计算科学、数理基础科学、数据计算及应用、数据科学与大数据技术、统计学、应用统计学、数据科学、大数据管理与应用"",""学历"":""仅限本科"",""学位"":""学士"",""政治面貌"":""不限"",""基层工作最低年限"":""无限制"",""服务基层项目工作经历"":""无限制"",""是否在面试阶段组织专业能力测试"":""是"",""面试人员比例"":""3:1"",""工作地点"":""四川省泸州市"",""落户地点"":""四川省"",""备注"":""限2026届高校毕业生；大学英语四级考试425分及以上；现场一线岗位；需24小时倒班；本职位所指专业为具体专业名称；考生必须具备与填报学历及专业相应的学位；住宿自理；在本单位最低服务年限5年（含试用期）；专业能力测试安排，详见海关总署网站（www.customs.gov.cn）。"",""部门网站"":""http://chengdu.customs.gov.cn/"",""咨询电话1"":""028-85391390"",""咨询电话2"":""028-85391592"",""咨询电话3"":""028-85391561"",""来源Sheet"":""中央国家行政机关省级以下直属机构""}}"
"government_jobs","国家公务员2026招考简章","公务员/事业单位技术岗位","云南省昆明市","2026-07-28T09:12:58.310295+00:00","风险防控（电子信息化类）二级主管及以下","昆明海关","","云南省昆明市","公务员/事业单位;2026;computer_software;cybersecurity_cryptography;electronics_communication;硕士研究生及以上;与最高学历相对应的学位;计算机科学与技术、软件工程、网络空间安全、智能科学与技术;中央机关及其省级直属机构综合管理类","用人司局：昆明海关风险防控分局
职位简介：从事海关风险防控、智慧海关建设工作。
专业要求：计算机科学与技术、软件工程、网络空间安全、智能科学与技术
学历要求：硕士研究生及以上
学位要求：与最高学历相对应的学位
政治面貌：不限
基层工作经历：二年
考试类别：中央机关及其省级直属机构综合管理类
备注：本职位所指专业为一级学科和专业学位类别；考生须具备与填报学历及专业相应的学位；在本单位最低服务年限5年（含试用期）；专业能力测试安排，详见海关总署网站（www.customs.gov.cn）。","http://bm.scs.gov.cn/kl2026#129139-300110024001","2025-10-14","{""dataset_year"":2026,""job_uid"":""GOV-2026-129139-300110024001"",""publisher"":""国家公务员局"",""publication_page"":""http://bm.scs.gov.cn/kl2026"",""attachment_url"":""local://2026_guokao_zhaokaojianzhang.zip"",""local_source_file"":""中央机关及其直属机构2026年度考试录用公务员招考简章.xls"",""local_source_sha256"":""2670bae1df1dd07a3a3c79b9db46a11e3bb15a6c9c249e6af98bfd0b61ce3aaf"",""source_sheet"":""中央国家行政机关省级以下直属机构"",""filter_version"":""government_tech_v2"",""tech_filter"":{""is_tech"":true,""is_core_tech"":true,""scope"":""core"",""categories"":[""computer_software"",""cybersecurity_cryptography"",""electronics_communication""],""matched_fields"":[""major"",""job_title"",""description""],""major_terms"":[""智能科学与技术"",""网络空间安全"",""计算机科学与技术"",""软件工程""],""role_terms"":[""信息化"",""智慧"",""电子信息""],""reason"":""tech_major_and_role""},""original"":{""部门代码"":""129139"",""部门名称"":""昆明海关"",""用人司局"":""昆明海关风险防控分局"",""机构性质"":""中央国家行政机关省级以下直属机构"",""招考职位"":""风险防控（电子信息化类）二级主管及以下"",""职位属性"":""普通职位"",""职位分布"":""其他职位"",""职位简介"":""从事海关风险防控、智慧海关建设工作。"",""职位代码"":""300110024001"",""机构层级"":""省（副省）级"",""考试类别"":""中央机关及其省级直属机构综合管理类"",""招考人数"":""1"",""专业"":""计算机科学与技术、软件工程、网络空间安全、智能科学与技术"",""学历"":""硕士研究生及以上"",""学位"":""与最高学历相对应的学位"",""政治面貌"":""不限"",""基层工作最低年限"":""二年"",""服务基层项目工作经历"":""无限制"",""是否在面试阶段组织专业能力测试"":""是"",""面试人员比例"":""3:1"",""工作地点"":""云南省昆明市"",""落户地点"":""云南省昆明市"",""备注"":""本职位所指专业为一级学科和专业学位类别；考生须具备与填报学历及专业相应的学位；在本单位最低服务年限5年（含试用期）；专业能力测试安排，详见海关总署网站（www.customs.gov.cn）。"",""部门网站"":""http://kunming.customs.gov.cn/"",""咨询电话1"":""0871-63016485"",""咨询电话2"":""0871-63016422"",""咨询电话3"":"""",""来源Sheet"":""中央国家行政机关省级以下直属机构""}}"
"government_jobs","国家公务员2026招考简章","公务员/事业单位技术岗位","陕西省渭南市","2026-07-28T09:12:58.310295+00:00","科技管理（电子信息化类）四级主办及以下","西安海关","","陕西省渭南市","公务员/事业单位;2026;computer_software;cybersecurity_cryptography;electronics_communication;本科或硕士研究生;与最高学历相对应的学位;计算机科学与技术、软件工程、网络空间安全、网络工程、信息安全、电子与计算机工程、数据科学与大数据技术;行政执法类","用人司局：渭南海关
职位简介：从事海关一线监管及智慧海关建设工作。
专业要求：计算机科学与技术、软件工程、网络空间安全、网络工程、信息安全、电子与计算机工程、数据科学与大数据技术
学历要求：本科或硕士研究生
学位要求：与最高学历相对应的学位
政治面貌：不限
基层工作经历：无限制
考试类别：行政执法类
备注：限应届高校毕业生；本科生大学英语四级考试425分及以上，研究生大学英语六级考试425分及以上；现场一线岗位；需24小时倒班；住宿自理；本职位所指专业为具体专业名称；考生必须具备与填报学历及专业相应的学位；本职位为西部地区和艰苦边远地区职位，最低服务年限5年（含试用期），未满服务年限的，不得调动（含公开遴选）；专业能力测试安排，详见海关总署网站（www.customs.gov.cn）。","http://bm.scs.gov.cn/kl2026#129141-300110006002","2025-10-14","{""dataset_year"":2026,""job_uid"":""GOV-2026-129141-300110006002"",""publisher"":""国家公务员局"",""publication_page"":""http://bm.scs.gov.cn/kl2026"",""attachment_url"":""local://2026_guokao_zhaokaojianzhang.zip"",""local_source_file"":""中央机关及其直属机构2026年度考试录用公务员招考简章.xls"",""local_source_sha256"":""2670bae1df1dd07a3a3c79b9db46a11e3bb15a6c9c249e6af98bfd0b61ce3aaf"",""source_sheet"":""中央国家行政机关省级以下直属机构"",""filter_version"":""government_tech_v2"",""tech_filter"":{""is_tech"":true,""is_core_tech"":true,""scope"":""core"",""categories"":[""computer_software"",""cybersecurity_cryptography"",""electronics_communication""],""matched_fields"":[""major"",""job_title"",""description""],""major_terms"":[""信息安全"",""大数据"",""数据科学与大数据技术"",""网络工程"",""网络空间安全"",""计算机"",""计算机科学与技术"",""软件工程""],""role_terms"":[""信息化"",""智慧"",""电子信息""],""reason"":""tech_major_and_role""},""original"":{""部门代码"":""129141"",""部门名称"":""西安海关"",""用人司局"":""渭南海关"",""机构性质"":""中央国家行政机关省级以下直属机构"",""招考职位"":""科技管理（电子信息化类）四级主办及以下"",""职位属性"":""普通职位"",""职位分布"":""西部地区和艰苦边远地区职位"",""职位简介"":""从事海关一线监管及智慧海关建设工作。"",""职位代码"":""300110006002"",""机构层级"":""县（区）级及以下"",""考试类别"":""行政执法类"",""招考人数"":""1"",""专业"":""计算机科学与技术、软件工程、网络空间安全、网络工程、信息安全、电子与计算机工程、数据科学与大数据技术"",""学历"":""本科或硕士研究生"",""学位"":""与最高学历相对应的学位"",""政治面貌"":""不限"",""基层工作最低年限"":""无限制"",""服务基层项目工作经历"":""无限制"",""是否在面试阶段组织专业能力测试"":""是"",""面试人员比例"":""3:1"",""工作地点"":""陕西省渭南市"",""落户地点"":""陕西省渭南市"",""备注"":""限应届高校毕业生；本科生大学英语四级考试425分及以上，研究生大学英语六级考试425分及以上；现场一线岗位；需24小时倒班；住宿自理；本职位所指专业为具体专业名称；考生必须具备与填报学历及专业相应的学位；本职位为西部地区和艰苦边远地区职位，最低服务年限5年（含试用期），未满服务年限的，不得调动（含公开遴选）；专业能力测试安排，详见海关总署网站（www.customs.gov.cn）。"",""部门网站"":""http://xian.customs.gov.cn"",""咨询电话1"":""029-83196011"",""咨询电话2"":""029-83196338"",""咨询电话3"":"""",""来源Sheet"":""中央国家行政机关省级以下直属机构""}}"
"government_jobs","国家公务员2026招考简章","公务员/事业单位技术岗位","陕西省商洛市","2026-07-28T09:12:58.310295+00:00","科技管理（电子信息化类）四级主办及以下","西安海关","","陕西省商洛市","公务员/事业单位;2026;computer_software;cybersecurity_cryptography;electronics_communication;本科或硕士研究生;与最高学历相对应的学位;计算机科学与技术、软件工程、网络空间安全、网络工程、信息安全、电子与计算机工程、数据科学与大数据技术;行政执法类","用人司局：商洛海关
职位简介：从事海关一线监管及智慧海关建设工作。
专业要求：计算机科学与技术、软件工程、网络空间安全、网络工程、信息安全、电子与计算机工程、数据科学与大数据技术
学历要求：本科或硕士研究生
学位要求：与最高学历相对应的学位
政治面貌：不限
基层工作经历：无限制
考试类别：行政执法类
备注：限应届高校毕业生；本科生大学英语四级考试425分及以上，研究生大学英语六级考试425分及以上；现场一线岗位；需24小时倒班；住宿自理；本职位所指专业为具体专业名称；考生必须具备与填报学历及专业相应的学位；本职位为西部地区和艰苦边远地区职位，最低服务年限5年（含试用期），未满服务年限的，不得调动（含公开遴选）；专业能力测试安排，详见海关总署网站（www.customs.gov.cn）。","http://bm.scs.gov.cn/kl2026#129141-300110007001","2025-10-14","{""dataset_year"":2026,""job_uid"":""GOV-2026-129141-300110007001"",""publisher"":""国家公务员局"",""publication_page"":""http://bm.scs.gov.cn/kl2026"",""attachment_url"":""local://2026_guokao_zhaokaojianzhang.zip"",""local_source_file"":""中央机关及其直属机构2026年度考试录用公务员招考简章.xls"",""local_source_sha256"":""2670bae1df1dd07a3a3c79b9db46a11e3bb15a6c9c249e6af98bfd0b61ce3aaf"",""source_sheet"":""中央国家行政机关省级以下直属机构"",""filter_version"":""government_tech_v2"",""tech_filter"":{""is_tech"":true,""is_core_tech"":true,""scope"":""core"",""categories"":[""computer_software"",""cybersecurity_cryptography"",""electronics_communication""],""matched_fields"":[""major"",""job_title"",""description""],""major_terms"":[""信息安全"",""大数据"",""数据科学与大数据技术"",""网络工程"",""网络空间安全"",""计算机"",""计算机科学与技术"",""软件工程""],""role_terms"":[""信息化"",""智慧"",""电子信息""],""reason"":""tech_major_and_role""},""original"":{""部门代码"":""129141"",""部门名称"":""西安海关"",""用人司局"":""商洛海关"",""机构性质"":""中央国家行政机关省级以下直属机构"",""招考职位"":""科技管理（电子信息化类）四级主办及以下"",""职位属性"":""普通职位"",""职位分布"":""西部地区和艰苦边远地区职位"",""职位简介"":""从事海关一线监管及智慧海关建设工作。"",""职位代码"":""300110007001"",""机构层级"":""县（区）级及以下"",""考试类别"":""行政执法类"",""招考人数"":""1"",""专业"":""计算机科学与技术、软件工程、网络空间安全、网络工程、信息安全、电子与计算机工程、数据科学与大数据技术"",""学历"":""本科或硕士研究生"",""学位"":""与最高学历相对应的学位"",""政治面貌"":""不限"",""基层工作最低年限"":""无限制"",""服务基层项目工作经历"":""无限制"",""是否在面试阶段组织专业能力测试"":""是"",""面试人员比例"":""3:1"",""工作地点"":""陕西省商洛市"",""落户地点"":""陕西省商洛市"",""备注"":""限应届高校毕业生；本科生大学英语四级考试425分及以上，研究生大学英语六级考试425分及以上；现场一线岗位；需24小时倒班；住宿自理；本职位所指专业为具体专业名称；考生必须具备与填报学历及专业相应的学位；本职位为西部地区和艰苦边远地区职位，最低服务年限5年（含试用期），未满服务年限的，不得调动（含公开遴选）；专业能力测试安排，详见海关总署网站（www.customs.gov.cn）。"",""部门网站"":""http://xian.customs.gov.cn"",""咨询电话1"":""029-83196011"",""咨询电话2"":""029-83196338"",""咨询电话3"":"""",""来源Sheet"":""中央国家行政机关省级以下直属机构""}}"
"government_jobs","国家公务员2026招考简章","公务员/事业单位技术岗位","甘肃省兰州市","2026-07-28T09:12:58.310295+00:00","综合业务二处科技管理（统计分析应用类）二级主任科员及以下","兰州海关","","甘肃省兰州市","公务员/事业单位;2026;computer_software;data_ai;本科及以上;与最高学历相对应的学位;统计学、经济统计学、应用统计学、数据科学;中央机关及其省级直属机构综合管理类","用人司局：兰州海关
职位简介：从事海关数据统计分析，智慧海关建设工作。
专业要求：统计学、经济统计学、应用统计学、数据科学
学历要求：本科及以上
学位要求：与最高学历相对应的学位
政治面貌：不限
基层工作经历：二年
考试类别：中央机关及其省级直属机构综合管理类
备注：本科生大学英语四级考试425分及以上，研究生大学英语六级考试425分及以上；本职位所指专业为具体专业名称；考生必须具备与填报学历及专业相应的学位；在本单位最低服务年限5年（含试用期）；专业能力测试安排，详见海关总署网站（www.customs.gov.cn）。","http://bm.scs.gov.cn/kl2026#129142-300110001001","2025-10-14","{""dataset_year"":2026,""job_uid"":""GOV-2026-129142-300110001001"",""publisher"":""国家公务员局"",""publication_page"":""http://bm.scs.gov.cn/kl2026"",""attachment_url"":""local://2026_guokao_zhaokaojianzhang.zip"",""local_source_file"":""中央机关及其直属机构2026年度考试录用公务员招考简章.xls"",""local_source_sha256"":""2670bae1df1dd07a3a3c79b9db46a11e3bb15a6c9c249e6af98bfd0b61ce3aaf"",""source_sheet"":""中央国家行政机关省级以下直属机构"",""filter_version"":""government_tech_v2"",""tech_filter"":{""is_tech"":true,""is_core_tech"":true,""scope"":""core"",""categories"":[""computer_software"",""data_ai""],""matched_fields"":[""major"",""description""],""major_terms"":[""数据科学""],""role_terms"":[""数据统计分析"",""智慧""],""reason"":""tech_major_and_role""},""original"":{""部门代码"":""129142"",""部门名称"":""兰州海关"",""用人司局"":""兰州海关"",""机构性质"":""中央国家行政机关省级以下直属机构"",""招考职位"":""综合业务二处科技管理（统计分析应用类）二级主任科员及以下"",""职位属性"":""普通职位"",""职位分布"":""其他职位"",""职位简介"":""从事海关数据统计分析，智慧海关建设工作。"",""职位代码"":""300110001001"",""机构层级"":""省（副省）级"",""考试类别"":""中央机关及其省级直属机构综合管理类"",""招考人数"":""1"",""专业"":""统计学、经济统计学、应用统计学、数据科学"",""学历"":""本科及以上"",""学位"":""与最高学历相对应的学位"",""政治面貌"":""不限"",""基层工作最低年限"":""二年"",""服务基层项目工作经历"":""无限制"",""是否在面试阶段组织专业能力测试"":""是"",""面试人员比例"":""3:1"",""工作地点"":""甘肃省兰州市"",""落户地点"":""甘肃省兰州市"",""备注"":""本科生大学英语四级考试425分及以上，研究生大学英语六级考试425分及以上；本职位所指专业为具体专业名称；考生必须具备与填报学历及专业相应的学位；在本单位最低服务年限5年（含试用期）；专业能力测试安排，详见海关总署网站（www.customs.gov.cn）。"",""部门网站"":""http://lanzhou.customs.gov.cn/"",""咨询电话1"":""0931-7705153"",""咨询电话2"":""0931-7705075"",""咨询电话3"":"""",""来源Sheet"":""中央国家行政机关省级以下直属机构""}}"
"government_jobs","国家公务员2026招考简章","公务员/事业单位技术岗位","甘肃省兰州市","2026-07-28T09:12:58.310295+00:00","科技处科技管理（电子信息化类）二级主管及以下","兰州海关","","甘肃省兰州市","公务员/事业单位;2026;computer_software;cybersecurity_cryptography;electronics_communication;本科及以上;与最高学历相对应的学位;计算机科学与技术、软件工程、网络工程、信息安全、智能科学与技术;中央机关及其省级直属机构综合管理类","用人司局：兰州海关
职位简介：从事海关国门安全信息技术、智慧海关建设工作。
专业要求：计算机科学与技术、软件工程、网络工程、信息安全、智能科学与技术
学历要求：本科及以上
学位要求：与最高学历相对应的学位
政治面貌：不限
基层工作经历：二年
考试类别：中央机关及其省级直属机构综合管理类
备注：本科生大学英语四级考试425分及以上，研究生大学英语六级考试425分及以上；本职位所指专业为具体专业名称；考生必须具备与填报学历及专业相应的学位；在本单位最低服务年限5年（含试用期）；专业能力测试安排，详见海关总署网站（www.customs.gov.cn）。","http://bm.scs.gov.cn/kl2026#129142-300110001002","2025-10-14","{""dataset_year"":2026,""job_uid"":""GOV-2026-129142-300110001002"",""publisher"":""国家公务员局"",""publication_page"":""http://bm.scs.gov.cn/kl2026"",""attachment_url"":""local://2026_guokao_zhaokaojianzhang.zip"",""local_source_file"":""中央机关及其直属机构2026年度考试录用公务员招考简章.xls"",""local_source_sha256"":""2670bae1df1dd07a3a3c79b9db46a11e3bb15a6c9c249e6af98bfd0b61ce3aaf"",""source_sheet"":""中央国家行政机关省级以下直属机构"",""filter_version"":""government_tech_v2"",""tech_filter"":{""is_tech"":true,""is_core_tech"":true,""scope"":""core"",""categories"":[""computer_software"",""cybersecurity_cryptography"",""electronics_communication""],""matched_fields"":[""major"",""job_title"",""description""],""major_terms"":[""信息安全"",""智能科学与技术"",""网络工程"",""计算机科学与技术"",""软件工程""],""role_terms"":[""信息化"",""信息技术"",""智慧"",""电子信息""],""reason"":""tech_major_and_role""},""original"":{""部门代码"":""129142"",""部门名称"":""兰州海关"",""用人司局"":""兰州海关"",""机构性质"":""中央国家行政机关省级以下直属机构"",""招考职位"":""科技处科技管理（电子信息化类）二级主管及以下"",""职位属性"":""普通职位"",""职位分布"":""其他职位"",""职位简介"":""从事海关国门安全信息技术、智慧海关建设工作。"",""职位代码"":""300110001002"",""机构层级"":""省（副省）级"",""考试类别"":""中央机关及其省级直属机构综合管理类"",""招考人数"":""1"",""专业"":""计算机科学与技术、软件工程、网络工程、信息安全、智能科学与技术"",""学历"":""本科及以上"",""学位"":""与最高学历相对应的学位"",""政治面貌"":""不限"",""基层工作最低年限"":""二年"",""服务基层项目工作经历"":""无限制"",""是否在面试阶段组织专业能力测试"":""是"",""面试人员比例"":""3:1"",""工作地点"":""甘肃省兰州市"",""落户地点"":""甘肃省兰州市"",""备注"":""本科生大学英语四级考试425分及以上，研究生大学英语六级考试425分及以上；本职位所指专业为具体专业名称；考生必须具备与填报学历及专业相应的学位；在本单位最低服务年限5年（含试用期）；专业能力测试安排，详见海关总署网站（www.customs.gov.cn）。"",""部门网站"":""http://lanzhou.customs.gov.cn/"",""咨询电话1"":""0931-7705153"",""咨询电话2"":""0931-7705075"",""咨询电话3"":"""",""来源Sheet"":""中央国家行政机关省级以下直属机构""}}"
"government_jobs","国家公务员2026招考简章","公务员/事业单位技术岗位","北京市","2026-07-28T09:12:58.310295+00:00","第五税务分局一级主管及以下（二）","国家税务总局北京市税务局","","北京市","公务员/事业单位;2026;computer_software;data_ai;仅限硕士研究生;硕士;计算机类;中央机关及其省级直属机构综合管理类","用人司局：国家税务总局北京市税务局
职位简介：从事税收大数据和风险管理相关工作
专业要求：计算机类
学历要求：仅限硕士研究生
学位要求：硕士
政治面貌：不限
基层工作经历：二年
考试类别：中央机关及其省级直属机构综合管理类
备注：在北京税务系统最低服务年限为5年","http://bm.scs.gov.cn/kl2026#130101-300110019002","2025-10-14","{""dataset_year"":2026,""job_uid"":""GOV-2026-130101-300110019002"",""publisher"":""国家公务员局"",""publication_page"":""http://bm.scs.gov.cn/kl2026"",""attachment_url"":""local://2026_guokao_zhaokaojianzhang.zip"",""local_source_file"":""中央机关及其直属机构2026年度考试录用公务员招考简章.xls"",""local_source_sha256"":""2670bae1df1dd07a3a3c79b9db46a11e3bb15a6c9c249e6af98bfd0b61ce3aaf"",""source_sheet"":""中央国家行政机关省级以下直属机构"",""filter_version"":""government_tech_v2"",""tech_filter"":{""is_tech"":true,""is_core_tech"":true,""scope"":""core"",""categories"":[""computer_software"",""data_ai""],""matched_fields"":[""major"",""description""],""major_terms"":[""计算机类""],""role_terms"":[""大数据""],""reason"":""tech_major_and_role""},""original"":{""部门代码"":""130101"",""部门名称"":""国家税务总局北京市税务局"",""用人司局"":""国家税务总局北京市税务局"",""机构性质"":""中央国家行政机关省级以下直属机构"",""招考职位"":""第五税务分局一级主管及以下（二）"",""职位属性"":""普通职位"",""职位分布"":""其他职位"",""职位简介"":""从事税收大数据和风险管理相关工作"",""职位代码"":""300110019002"",""机构层级"":""省（副省）级"",""考试类别"":""中央机关及其省级直属机构综合管理类"",""招考人数"":""4"",""专业"":""计算机类"",""学历"":""仅限硕士研究生"",""学位"":""硕士"",""政治面貌"":""不限"",""基层工作最低年限"":""二年"",""服务基层项目工作经历"":""无限制"",""是否在面试阶段组织专业能力测试"":""否"",""面试人员比例"":""5:1"",""工作地点"":""北京市"",""落户地点"":""北京市"",""备注"":""在北京税务系统最低服务年限为5年"",""部门网站"":""http://beijing.chinatax.gov.cn/"",""咨询电话1"":""010-88376079"",""咨询电话2"":"""",""咨询电话3"":"""",""来源Sheet"":""中央国家行政机关省级以下直属机构""}}"
"government_jobs","国家公务员2026招考简章","公务员/事业单位技术岗位","内蒙古自治区呼和浩特市赛罕区","2026-07-28T09:12:58.310295+00:00","第二税务分局（税收大数据和风险管理局）一级主管及以下（一）","国家税务总局内蒙古自治区税务局","","内蒙古自治区呼和浩特市赛罕区","公务员/事业单位;2026;computer_software;data_ai;electronics_communication;硕士研究生及以上;与最高学历相对应的学位;数学类、统计学类、电子信息类、计算机类;中央机关及其省级直属机构综合管理类","用人司局：国家税务总局内蒙古自治区税务局
职位简介：从事税务相关工作
专业要求：数学类、统计学类、电子信息类、计算机类
学历要求：硕士研究生及以上
学位要求：与最高学历相对应的学位
政治面貌：中共党员
基层工作经历：二年
考试类别：中央机关及其省级直属机构综合管理类
备注：在本单位最低服务年限为5年，男性","http://bm.scs.gov.cn/kl2026#130105-300110001001","2025-10-14","{""dataset_year"":2026,""job_uid"":""GOV-2026-130105-300110001001"",""publisher"":""国家公务员局"",""publication_page"":""http://bm.scs.gov.cn/kl2026"",""attachment_url"":""local://2026_guokao_zhaokaojianzhang.zip"",""local_source_file"":""中央机关及其直属机构2026年度考试录用公务员招考简章.xls"",""local_source_sha256"":""2670bae1df1dd07a3a3c79b9db46a11e3bb15a6c9c249e6af98bfd0b61ce3aaf"",""source_sheet"":""中央国家行政机关省级以下直属机构"",""filter_version"":""government_tech_v2"",""tech_filter"":{""is_tech"":true,""is_core_tech"":true,""scope"":""core"",""categories"":[""computer_software"",""data_ai"",""electronics_communication""],""matched_fields"":[""major"",""job_title""],""major_terms"":[""电子信息类"",""计算机类""],""role_terms"":[""大数据""],""reason"":""tech_major_and_role""},""original"":{""部门代码"":""130105"",""部门名称"":""国家税务总局内蒙古自治区税务局"",""用人司局"":""国家税务总局内蒙古自治区税务局"",""机构性质"":""中央国家行政机关省级以下直属机构"",""招考职位"":""第二税务分局（税收大数据和风险管理局）一级主管及以下（一）"",""职位属性"":""普通职位"",""职位分布"":""其他职位"",""职位简介"":""从事税务相关工作"",""职位代码"":""300110001001"",""机构层级"":""省（副省）级"",""考试类别"":""中央机关及其省级直属机构综合管理类"",""招考人数"":""1"",""专业"":""数学类、统计学类、电子信息类、计算机类"",""学历"":""硕士研究生及以上"",""学位"":""与最高学历相对应的学位"",""政治面貌"":""中共党员"",""基层工作最低年限"":""二年"",""服务基层项目工作经历"":""无限制"",""是否在面试阶段组织专业能力测试"":""否"",""面试人员比例"":""5:1"",""工作地点"":""内蒙古自治区呼和浩特市赛罕区"",""落户地点"":""内蒙古自治区呼和浩特市赛罕区"",""备注"":""在本单位最低服务年限为5年，男性"",""部门网站"":""http://neimenggu.chinatax.gov.cn"",""咨询电话1"":""0471-5909367"",""咨询电话2"":"""",""咨询电话3"":"""",""来源Sheet"":""中央国家行政机关省级以下直属机构""}}"
"government_jobs","国家公务员2026招考简章","公务员/事业单位技术岗位","内蒙古自治区呼和浩特市赛罕区","2026-07-28T09:12:58.310295+00:00","第二税务分局（税收大数据和风险管理局）一级主管及以下（二）","国家税务总局内蒙古自治区税务局","","内蒙古自治区呼和浩特市赛罕区","公务员/事业单位;2026;computer_software;data_ai;electronics_communication;硕士研究生及以上;与最高学历相对应的学位;数学类、统计学类、电子信息类、计算机类;中央机关及其省级直属机构综合管理类","用人司局：国家税务总局内蒙古自治区税务局
职位简介：从事税务相关工作
专业要求：数学类、统计学类、电子信息类、计算机类
学历要求：硕士研究生及以上
学位要求：与最高学历相对应的学位
政治面貌：中共党员
基层工作经历：二年
考试类别：中央机关及其省级直属机构综合管理类
备注：在本单位最低服务年限为5年，女性","http://bm.scs.gov.cn/kl2026#130105-300110001002","2025-10-14","{""dataset_year"":2026,""job_uid"":""GOV-2026-130105-300110001002"",""publisher"":""国家公务员局"",""publication_page"":""http://bm.scs.gov.cn/kl2026"",""attachment_url"":""local://2026_guokao_zhaokaojianzhang.zip"",""local_source_file"":""中央机关及其直属机构2026年度考试录用公务员招考简章.xls"",""local_source_sha256"":""2670bae1df1dd07a3a3c79b9db46a11e3bb15a6c9c249e6af98bfd0b61ce3aaf"",""source_sheet"":""中央国家行政机关省级以下直属机构"",""filter_version"":""government_tech_v2"",""tech_filter"":{""is_tech"":true,""is_core_tech"":true,""scope"":""core"",""categories"":[""computer_software"",""data_ai"",""electronics_communication""],""matched_fields"":[""major"",""job_title""],""major_terms"":[""电子信息类"",""计算机类""],""role_terms"":[""大数据""],""reason"":""tech_major_and_role""},""original"":{""部门代码"":""130105"",""部门名称"":""国家税务总局内蒙古自治区税务局"",""用人司局"":""国家税务总局内蒙古自治区税务局"",""机构性质"":""中央国家行政机关省级以下直属机构"",""招考职位"":""第二税务分局（税收大数据和风险管理局）一级主管及以下（二）"",""职位属性"":""普通职位"",""职位分布"":""其他职位"",""职位简介"":""从事税务相关工作"",""职位代码"":""300110001002"",""机构层级"":""省（副省）级"",""考试类别"":""中央机关及其省级直属机构综合管理类"",""招考人数"":""1"",""专业"":""数学类、统计学类、电子信息类、计算机类"",""学历"":""硕士研究生及以上"",""学位"":""与最高学历相对应的学位"",""政治面貌"":""中共党员"",""基层工作最低年限"":""二年"",""服务基层项目工作经历"":""无限制"",""是否在面试阶段组织专业能力测试"":""否"",""面试人员比例"":""5:1"",""工作地点"":""内蒙古自治区呼和浩特市赛罕区"",""落户地点"":""内蒙古自治区呼和浩特市赛罕区"",""备注"":""在本单位最低服务年限为5年，女性"",""部门网站"":""http://neimenggu.chinatax.gov.cn"",""咨询电话1"":""0471-5909367"",""咨询电话2"":"""",""咨询电话3"":"""",""来源Sheet"":""中央国家行政机关省级以下直属机构""}}"
"government_jobs","国家公务员2026招考简章","公务员/事业单位技术岗位","内蒙古自治区呼和浩特市赛罕区","2026-07-28T09:12:58.310295+00:00","第二税务分局（税收大数据和风险管理局）一级主管及以下（三）","国家税务总局内蒙古自治区税务局","","内蒙古自治区呼和浩特市赛罕区","公务员/事业单位;2026;computer_software;data_ai;electronics_communication;硕士研究生及以上;与最高学历相对应的学位;数学类、统计学类、电子信息类、计算机类;中央机关及其省级直属机构综合管理类","用人司局：国家税务总局内蒙古自治区税务局
职位简介：从事税务相关工作
专业要求：数学类、统计学类、电子信息类、计算机类
学历要求：硕士研究生及以上
学位要求：与最高学历相对应的学位
政治面貌：不限
基层工作经历：二年
考试类别：中央机关及其省级直属机构综合管理类
备注：在本单位最低服务年限为5年","http://bm.scs.gov.cn/kl2026#130105-300110001003","2025-10-14","{""dataset_year"":2026,""job_uid"":""GOV-2026-130105-300110001003"",""publisher"":""国家公务员局"",""publication_page"":""http://bm.scs.gov.cn/kl2026"",""attachment_url"":""local://2026_guokao_zhaokaojianzhang.zip"",""local_source_file"":""中央机关及其直属机构2026年度考试录用公务员招考简章.xls"",""local_source_sha256"":""2670bae1df1dd07a3a3c79b9db46a11e3bb15a6c9c249e6af98bfd0b61ce3aaf"",""source_sheet"":""中央国家行政机关省级以下直属机构"",""filter_version"":""government_tech_v2"",""tech_filter"":{""is_tech"":true,""is_core_tech"":true,""scope"":""core"",""categories"":[""computer_software"",""data_ai"",""electronics_communication""],""matched_fields"":[""major"",""job_title""],""major_terms"":[""电子信息类"",""计算机类""],""role_terms"":[""大数据""],""reason"":""tech_major_and_role""},""original"":{""部门代码"":""130105"",""部门名称"":""国家税务总局内蒙古自治区税务局"",""用人司局"":""国家税务总局内蒙古自治区税务局"",""机构性质"":""中央国家行政机关省级以下直属机构"",""招考职位"":""第二税务分局（税收大数据和风险管理局）一级主管及以下（三）"",""职位属性"":""普通职位"",""职位分布"":""其他职位"",""职位简介"":""从事税务相关工作"",""职位代码"":""300110001003"",""机构层级"":""省（副省）级"",""考试类别"":""中央机关及其省级直属机构综合管理类"",""招考人数"":""1"",""专业"":""数学类、统计学类、电子信息类、计算机类"",""学历"":""硕士研究生及以上"",""学位"":""与最高学历相对应的学位"",""政治面貌"":""不限"",""基层工作最低年限"":""二年"",""服务基层项目工作经历"":""无限制"",""是否在面试阶段组织专业能力测试"":""否"",""面试人员比例"":""5:1"",""工作地点"":""内蒙古自治区呼和浩特市赛罕区"",""落户地点"":""内蒙古自治区呼和浩特市赛罕区"",""备注"":""在本单位最低服务年限为5年"",""部门网站"":""http://neimenggu.chinatax.gov.cn"",""咨询电话1"":""0471-5909367"",""咨询电话2"":"""",""咨询电话3"":"""",""来源Sheet"":""中央国家行政机关省级以下直属机构""}}"
"government_jobs","国家公务员2026招考简章","公务员/事业单位技术岗位","江苏省南京市秦淮区","2026-07-28T09:12:58.310295+00:00","一级行政执法员（五）","国家税务总局江苏省税务局","","江苏省南京市秦淮区","公务员/事业单位;2026;computer_software;electronics_communication;本科及以上;与最高学历相对应的学位;电子信息类、计算机类;行政执法类","用人司局：国家税务总局南京市秦淮区税务局
职位简介：从事税收信息化管理工作
专业要求：电子信息类、计算机类
学历要求：本科及以上
学位要求：与最高学历相对应的学位
政治面貌：不限
基层工作经历：无限制
考试类别：行政执法类
备注：2026届高校毕业生，本单位不提供宿舍，在本单位最低服务年限为5年","http://bm.scs.gov.cn/kl2026#130111-300110040005","2025-10-14","{""dataset_year"":2026,""job_uid"":""GOV-2026-130111-300110040005"",""publisher"":""国家公务员局"",""publication_page"":""http://bm.scs.gov.cn/kl2026"",""attachment_url"":""local://2026_guokao_zhaokaojianzhang.zip"",""local_source_file"":""中央机关及其直属机构2026年度考试录用公务员招考简章.xls"",""local_source_sha256"":""2670bae1df1dd07a3a3c79b9db46a11e3bb15a6c9c249e6af98bfd0b61ce3aaf"",""source_sheet"":""中央国家行政机关省级以下直属机构"",""filter_version"":""government_tech_v2"",""tech_filter"":{""is_tech"":true,""is_core_tech"":true,""scope"":""core"",""categories"":[""computer_software"",""electronics_communication""],""matched_fields"":[""major"",""description""],""major_terms"":[""电子信息类"",""计算机类""],""role_terms"":[""信息化""],""reason"":""tech_major_and_role""},""original"":{""部门代码"":""130111"",""部门名称"":""国家税务总局江苏省税务局"",""用人司局"":""国家税务总局南京市秦淮区税务局"",""机构性质"":""中央国家行政机关省级以下直属机构"",""招考职位"":""一级行政执法员（五）"",""职位属性"":""普通职位"",""职位分布"":""其他职位"",""职位简介"":""从事税收信息化管理工作"",""职位代码"":""300110040005"",""机构层级"":""县（区）级及以下"",""考试类别"":""行政执法类"",""招考人数"":""1"",""专业"":""电子信息类、计算机类"",""学历"":""本科及以上"",""学位"":""与最高学历相对应的学位"",""政治面貌"":""不限"",""基层工作最低年限"":""无限制"",""服务基层项目工作经历"":""无限制"",""是否在面试阶段组织专业能力测试"":""否"",""面试人员比例"":""3:1"",""工作地点"":""江苏省南京市秦淮区"",""落户地点"":""江苏省南京市"",""备注"":""2026届高校毕业生，本单位不提供宿舍，在本单位最低服务年限为5年"",""部门网站"":""https://jiangsu.chinatax.gov.cn/"",""咨询电话1"":""025-86634478"",""咨询电话2"":"""",""咨询电话3"":"""",""来源Sheet"":""中央国家行政机关省级以下直属机构""}}"
"government_jobs","国家公务员2026招考简章","公务员/事业单位技术岗位","江苏省南京市栖霞区","2026-07-28T09:12:58.310295+00:00","一级行政执法员（四）","国家税务总局江苏省税务局","","江苏省南京市栖霞区","公务员/事业单位;2026;computer_software;electronics_communication;本科及以上;与最高学历相对应的学位;电子信息类、计算机类;行政执法类","用人司局：国家税务总局南京市栖霞区税务局
职位简介：从事税收信息化管理工作
专业要求：电子信息类、计算机类
学历要求：本科及以上
学位要求：与最高学历相对应的学位
政治面貌：不限
基层工作经历：无限制
考试类别：行政执法类
备注：2026届高校毕业生，本单位不提供宿舍，在本单位最低服务年限为5年","http://bm.scs.gov.cn/kl2026#130111-300110060004","2025-10-14","{""dataset_year"":2026,""job_uid"":""GOV-2026-130111-300110060004"",""publisher"":""国家公务员局"",""publication_page"":""http://bm.scs.gov.cn/kl2026"",""attachment_url"":""local://2026_guokao_zhaokaojianzhang.zip"",""local_source_file"":""中央机关及其直属机构2026年度考试录用公务员招考简章.xls"",""local_source_sha256"":""2670bae1df1dd07a3a3c79b9db46a11e3bb15a6c9c249e6af98bfd0b61ce3aaf"",""source_sheet"":""中央国家行政机关省级以下直属机构"",""filter_version"":""government_tech_v2"",""tech_filter"":{""is_tech"":true,""is_core_tech"":true,""scope"":""core"",""categories"":[""computer_software"",""electronics_communication""],""matched_fields"":[""major"",""description""],""major_terms"":[""电子信息类"",""计算机类""],""role_terms"":[""信息化""],""reason"":""tech_major_and_role""},""original"":{""部门代码"":""130111"",""部门名称"":""国家税务总局江苏省税务局"",""用人司局"":""国家税务总局南京市栖霞区税务局"",""机构性质"":""中央国家行政机关省级以下直属机构"",""招考职位"":""一级行政执法员（四）"",""职位属性"":""普通职位"",""职位分布"":""其他职位"",""职位简介"":""从事税收信息化管理工作"",""职位代码"":""300110060004"",""机构层级"":""县（区）级及以下"",""考试类别"":""行政执法类"",""招考人数"":""1"",""专业"":""电子信息类、计算机类"",""学历"":""本科及以上"",""学位"":""与最高学历相对应的学位"",""政治面貌"":""不限"",""基层工作最低年限"":""无限制"",""服务基层项目工作经历"":""无限制"",""是否在面试阶段组织专业能力测试"":""否"",""面试人员比例"":""3:1"",""工作地点"":""江苏省南京市栖霞区"",""落户地点"":""江苏省南京市"",""备注"":""2026届高校毕业生，本单位不提供宿舍，在本单位最低服务年限为5年"",""部门网站"":""https://jiangsu.chinatax.gov.cn/"",""咨询电话1"":""025-86634478"",""咨询电话2"":"""",""咨询电话3"":"""",""来源Sheet"":""中央国家行政机关省级以下直属机构""}}"
"government_jobs","国家公务员2026招考简章","公务员/事业单位技术岗位","江苏省南京市江宁区","2026-07-28T09:12:58.310295+00:00","一级行政执法员（五）","国家税务总局江苏省税务局","","江苏省南京市江宁区","公务员/事业单位;2026;computer_software;electronics_communication;本科及以上;与最高学历相对应的学位;电子信息类、计算机类;行政执法类","用人司局：国家税务总局南京市江宁区税务局
职位简介：从事税收信息化管理工作
专业要求：电子信息类、计算机类
学历要求：本科及以上
学位要求：与最高学历相对应的学位
政治面貌：不限
基层工作经历：无限制
考试类别：行政执法类
备注：2026届高校毕业生，本单位不提供宿舍，在本单位最低服务年限为5年","http://bm.scs.gov.cn/kl2026#130111-300110065005","2025-10-14","{""dataset_year"":2026,""job_uid"":""GOV-2026-130111-300110065005"",""publisher"":""国家公务员局"",""publication_page"":""http://bm.scs.gov.cn/kl2026"",""attachment_url"":""local://2026_guokao_zhaokaojianzhang.zip"",""local_source_file"":""中央机关及其直属机构2026年度考试录用公务员招考简章.xls"",""local_source_sha256"":""2670bae1df1dd07a3a3c79b9db46a11e3bb15a6c9c249e6af98bfd0b61ce3aaf"",""source_sheet"":""中央国家行政机关省级以下直属机构"",""filter_version"":""government_tech_v2"",""tech_filter"":{""is_tech"":true,""is_core_tech"":true,""scope"":""core"",""categories"":[""computer_software"",""electronics_communication""],""matched_fields"":[""major"",""description""],""major_terms"":[""电子信息类"",""计算机类""],""role_terms"":[""信息化""],""reason"":""tech_major_and_role""},""original"":{""部门代码"":""130111"",""部门名称"":""国家税务总局江苏省税务局"",""用人司局"":""国家税务总局南京市江宁区税务局"",""机构性质"":""中央国家行政机关省级以下直属机构"",""招考职位"":""一级行政执法员（五）"",""职位属性"":""普通职位"",""职位分布"":""其他职位"",""职位简介"":""从事税收信息化管理工作"",""职位代码"":""300110065005"",""机构层级"":""县（区）级及以下"",""考试类别"":""行政执法类"",""招考人数"":""1"",""专业"":""电子信息类、计算机类"",""学历"":""本科及以上"",""学位"":""与最高学历相对应的学位"",""政治面貌"":""不限"",""基层工作最低年限"":""无限制"",""服务基层项目工作经历"":""无限制"",""是否在面试阶段组织专业能力测试"":""否"",""面试人员比例"":""3:1"",""工作地点"":""江苏省南京市江宁区"",""落户地点"":""江苏省南京市"",""备注"":""2026届高校毕业生，本单位不提供宿舍，在本单位最低服务年限为5年"",""部门网站"":""https://jiangsu.chinatax.gov.cn/"",""咨询电话1"":""025-86634478"",""咨询电话2"":"""",""咨询电话3"":"""",""来源Sheet"":""中央国家行政机关省级以下直属机构""}}"
"government_jobs","国家公务员2026招考简章","公务员/事业单位技术岗位","江苏省南京市浦口区","2026-07-28T09:12:58.310295+00:00","一级行政执法员（五）","国家税务总局江苏省税务局","","江苏省南京市浦口区","公务员/事业单位;2026;computer_software;electronics_communication;本科及以上;与最高学历相对应的学位;电子信息类、计算机类;行政执法类","用人司局：国家税务总局南京市浦口区税务局
职位简介：从事税收信息化管理工作
专业要求：电子信息类、计算机类
学历要求：本科及以上
学位要求：与最高学历相对应的学位
政治面貌：不限
基层工作经历：无限制
考试类别：行政执法类
备注：2026届高校毕业生，本单位不提供宿舍，在本单位最低服务年限为5年","http://bm.scs.gov.cn/kl2026#130111-300110070005","2025-10-14","{""dataset_year"":2026,""job_uid"":""GOV-2026-130111-300110070005"",""publisher"":""国家公务员局"",""publication_page"":""http://bm.scs.gov.cn/kl2026"",""attachment_url"":""local://2026_guokao_zhaokaojianzhang.zip"",""local_source_file"":""中央机关及其直属机构2026年度考试录用公务员招考简章.xls"",""local_source_sha256"":""2670bae1df1dd07a3a3c79b9db46a11e3bb15a6c9c249e6af98bfd0b61ce3aaf"",""source_sheet"":""中央国家行政机关省级以下直属机构"",""filter_version"":""government_tech_v2"",""tech_filter"":{""is_tech"":true,""is_core_tech"":true,""scope"":""core"",""categories"":[""computer_software"",""electronics_communication""],""matched_fields"":[""major"",""description""],""major_terms"":[""电子信息类"",""计算机类""],""role_terms"":[""信息化""],""reason"":""tech_major_and_role""},""original"":{""部门代码"":""130111"",""部门名称"":""国家税务总局江苏省税务局"",""用人司局"":""国家税务总局南京市浦口区税务局"",""机构性质"":""中央国家行政机关省级以下直属机构"",""招考职位"":""一级行政执法员（五）"",""职位属性"":""普通职位"",""职位分布"":""其他职位"",""职位简介"":""从事税收信息化管理工作"",""职位代码"":""300110070005"",""机构层级"":""县（区）级及以下"",""考试类别"":""行政执法类"",""招考人数"":""1"",""专业"":""电子信息类、计算机类"",""学历"":""本科及以上"",""学位"":""与最高学历相对应的学位"",""政治面貌"":""不限"",""基层工作最低年限"":""无限制"",""服务基层项目工作经历"":""无限制"",""是否在面试阶段组织专业能力测试"":""否"",""面试人员比例"":""3:1"",""工作地点"":""江苏省南京市浦口区"",""落户地点"":""江苏省南京市"",""备注"":""2026届高校毕业生，本单位不提供宿舍，在本单位最低服务年限为5年"",""部门网站"":""https://jiangsu.chinatax.gov.cn/"",""咨询电话1"":""025-86634478"",""咨询电话2"":"""",""咨询电话3"":"""",""来源Sheet"":""中央国家行政机关省级以下直属机构""}}"
"government_jobs","国家公务员2026招考简章","公务员/事业单位技术岗位","江苏省南京市六合区","2026-07-28T09:12:58.310295+00:00","一级行政执法员（五）","国家税务总局江苏省税务局","","江苏省南京市六合区","公务员/事业单位;2026;computer_software;electronics_communication;本科及以上;与最高学历相对应的学位;电子信息类、计算机类;行政执法类","用人司局：国家税务总局南京市六合区税务局
职位简介：从事税收信息化管理工作
专业要求：电子信息类、计算机类
学历要求：本科及以上
学位要求：与最高学历相对应的学位
政治面貌：不限
基层工作经历：无限制
考试类别：行政执法类
备注：2026届高校毕业生，本单位不提供宿舍，在本单位最低服务年限为5年","http://bm.scs.gov.cn/kl2026#130111-300110075005","2025-10-14","{""dataset_year"":2026,""job_uid"":""GOV-2026-130111-300110075005"",""publisher"":""国家公务员局"",""publication_page"":""http://bm.scs.gov.cn/kl2026"",""attachment_url"":""local://2026_guokao_zhaokaojianzhang.zip"",""local_source_file"":""中央机关及其直属机构2026年度考试录用公务员招考简章.xls"",""local_source_sha256"":""2670bae1df1dd07a3a3c79b9db46a11e3bb15a6c9c249e6af98bfd0b61ce3aaf"",""source_sheet"":""中央国家行政机关省级以下直属机构"",""filter_version"":""government_tech_v2"",""tech_filter"":{""is_tech"":true,""is_core_tech"":true,""scope"":""core"",""categories"":[""computer_software"",""electronics_communication""],""matched_fields"":[""major"",""description""],""major_terms"":[""电子信息类"",""计算机类""],""role_terms"":[""信息化""],""reason"":""tech_major_and_role""},""original"":{""部门代码"":""130111"",""部门名称"":""国家税务总局江苏省税务局"",""用人司局"":""国家税务总局南京市六合区税务局"",""机构性质"":""中央国家行政机关省级以下直属机构"",""招考职位"":""一级行政执法员（五）"",""职位属性"":""普通职位"",""职位分布"":""其他职位"",""职位简介"":""从事税收信息化管理工作"",""职位代码"":""300110075005"",""机构层级"":""县（区）级及以下"",""考试类别"":""行政执法类"",""招考人数"":""2"",""专业"":""电子信息类、计算机类"",""学历"":""本科及以上"",""学位"":""与最高学历相对应的学位"",""政治面貌"":""不限"",""基层工作最低年限"":""无限制"",""服务基层项目工作经历"":""无限制"",""是否在面试阶段组织专业能力测试"":""否"",""面试人员比例"":""3:1"",""工作地点"":""江苏省南京市六合区"",""落户地点"":""江苏省南京市"",""备注"":""2026届高校毕业生，本单位不提供宿舍，在本单位最低服务年限为5年"",""部门网站"":""https://jiangsu.chinatax.gov.cn/"",""咨询电话1"":""025-86634478"",""咨询电话2"":"""",""咨询电话3"":"""",""来源Sheet"":""中央国家行政机关省级以下直属机构""}}"
"government_jobs","国家公务员2026招考简章","公务员/事业单位技术岗位","江苏省南京市溧水区","2026-07-28T09:12:58.310295+00:00","一级行政执法员（六）","国家税务总局江苏省税务局","","江苏省南京市溧水区","公务员/事业单位;2026;computer_software;electronics_communication;本科及以上;与最高学历相对应的学位;电子信息类、计算机类;行政执法类","用人司局：国家税务总局南京市溧水区税务局
职位简介：从事税收信息化管理工作
专业要求：电子信息类、计算机类
学历要求：本科及以上
学位要求：与最高学历相对应的学位
政治面貌：不限
基层工作经历：无限制
考试类别：行政执法类
备注：2026届高校毕业生，本单位不提供宿舍，在本单位最低服务年限为5年","http://bm.scs.gov.cn/kl2026#130111-300110080006","2025-10-14","{""dataset_year"":2026,""job_uid"":""GOV-2026-130111-300110080006"",""publisher"":""国家公务员局"",""publication_page"":""http://bm.scs.gov.cn/kl2026"",""attachment_url"":""local://2026_guokao_zhaokaojianzhang.zip"",""local_source_file"":""中央机关及其直属机构2026年度考试录用公务员招考简章.xls"",""local_source_sha256"":""2670bae1df1dd07a3a3c79b9db46a11e3bb15a6c9c249e6af98bfd0b61ce3aaf"",""source_sheet"":""中央国家行政机关省级以下直属机构"",""filter_version"":""government_tech_v2"",""tech_filter"":{""is_tech"":true,""is_core_tech"":true,""scope"":""core"",""categories"":[""computer_software"",""electronics_communication""],""matched_fields"":[""major"",""description""],""major_terms"":[""电子信息类"",""计算机类""],""role_terms"":[""信息化""],""reason"":""tech_major_and_role""},""original"":{""部门代码"":""130111"",""部门名称"":""国家税务总局江苏省税务局"",""用人司局"":""国家税务总局南京市溧水区税务局"",""机构性质"":""中央国家行政机关省级以下直属机构"",""招考职位"":""一级行政执法员（六）"",""职位属性"":""普通职位"",""职位分布"":""其他职位"",""职位简介"":""从事税收信息化管理工作"",""职位代码"":""300110080006"",""机构层级"":""县（区）级及以下"",""考试类别"":""行政执法类"",""招考人数"":""2"",""专业"":""电子信息类、计算机类"",""学历"":""本科及以上"",""学位"":""与最高学历相对应的学位"",""政治面貌"":""不限"",""基层工作最低年限"":""无限制"",""服务基层项目工作经历"":""无限制"",""是否在面试阶段组织专业能力测试"":""否"",""面试人员比例"":""3:1"",""工作地点"":""江苏省南京市溧水区"",""落户地点"":""江苏省南京市"",""备注"":""2026届高校毕业生，本单位不提供宿舍，在本单位最低服务年限为5年"",""部门网站"":""https://jiangsu.chinatax.gov.cn/"",""咨询电话1"":""025-86634478"",""咨询电话2"":"""",""咨询电话3"":"""",""来源Sheet"":""中央国家行政机关省级以下直属机构""}}"
"government_jobs","国家公务员2026招考简章","公务员/事业单位技术岗位","江苏省南京市高淳区","2026-07-28T09:12:58.310295+00:00","一级行政执法员（五）","国家税务总局江苏省税务局","","江苏省南京市高淳区","公务员/事业单位;2026;computer_software;electronics_communication;本科及以上;与最高学历相对应的学位;电子信息类、计算机类;行政执法类","用人司局：国家税务总局南京市高淳区税务局
职位简介：从事税收信息化管理工作
专业要求：电子信息类、计算机类
学历要求：本科及以上
学位要求：与最高学历相对应的学位
政治面貌：不限
基层工作经历：无限制
考试类别：行政执法类
备注：2026届高校毕业生，本单位不提供宿舍，在本单位最低服务年限为5年","http://bm.scs.gov.cn/kl2026#130111-300110085005","2025-10-14","{""dataset_year"":2026,""job_uid"":""GOV-2026-130111-300110085005"",""publisher"":""国家公务员局"",""publication_page"":""http://bm.scs.gov.cn/kl2026"",""attachment_url"":""local://2026_guokao_zhaokaojianzhang.zip"",""local_source_file"":""中央机关及其直属机构2026年度考试录用公务员招考简章.xls"",""local_source_sha256"":""2670bae1df1dd07a3a3c79b9db46a11e3bb15a6c9c249e6af98bfd0b61ce3aaf"",""source_sheet"":""中央国家行政机关省级以下直属机构"",""filter_version"":""government_tech_v2"",""tech_filter"":{""is_tech"":true,""is_core_tech"":true,""scope"":""core"",""categories"":[""computer_software"",""electronics_communication""],""matched_fields"":[""major"",""description""],""major_terms"":[""电子信息类"",""计算机类""],""role_terms"":[""信息化""],""reason"":""tech_major_and_role""},""original"":{""部门代码"":""130111"",""部门名称"":""国家税务总局江苏省税务局"",""用人司局"":""国家税务总局南京市高淳区税务局"",""机构性质"":""中央国家行政机关省级以下直属机构"",""招考职位"":""一级行政执法员（五）"",""职位属性"":""普通职位"",""职位分布"":""其他职位"",""职位简介"":""从事税收信息化管理工作"",""职位代码"":""300110085005"",""机构层级"":""县（区）级及以下"",""考试类别"":""行政执法类"",""招考人数"":""2"",""专业"":""电子信息类、计算机类"",""学历"":""本科及以上"",""学位"":""与最高学历相对应的学位"",""政治面貌"":""不限"",""基层工作最低年限"":""无限制"",""服务基层项目工作经历"":""无限制"",""是否在面试阶段组织专业能力测试"":""否"",""面试人员比例"":""3:1"",""工作地点"":""江苏省南京市高淳区"",""落户地点"":""江苏省南京市"",""备注"":""2026届高校毕业生，本单位不提供宿舍，在本单位最低服务年限为5年"",""部门网站"":""https://jiangsu.chinatax.gov.cn/"",""咨询电话1"":""025-86634478"",""咨询电话2"":"""",""咨询电话3"":"""",""来源Sheet"":""中央国家行政机关省级以下直属机构""}}"
"government_jobs","国家公务员2026招考简章","公务员/事业单位技术岗位","江苏省南京市","2026-07-28T09:12:58.310295+00:00","一级行政执法员（五）","国家税务总局江苏省税务局","","江苏省南京市","公务员/事业单位;2026;computer_software;electronics_communication;本科及以上;与最高学历相对应的学位;电子信息类、计算机类;行政执法类","用人司局：国家税务总局南京江北新区税务局
职位简介：从事税收信息化管理工作
专业要求：电子信息类、计算机类
学历要求：本科及以上
学位要求：与最高学历相对应的学位
政治面貌：不限
基层工作经历：无限制
考试类别：行政执法类
备注：2026届高校毕业生，本单位不提供宿舍，在本单位最低服务年限为5年","http://bm.scs.gov.cn/kl2026#130111-300110090005","2025-10-14","{""dataset_year"":2026,""job_uid"":""GOV-2026-130111-300110090005"",""publisher"":""国家公务员局"",""publication_page"":""http://bm.scs.gov.cn/kl2026"",""attachment_url"":""local://2026_guokao_zhaokaojianzhang.zip"",""local_source_file"":""中央机关及其直属机构2026年度考试录用公务员招考简章.xls"",""local_source_sha256"":""2670bae1df1dd07a3a3c79b9db46a11e3bb15a6c9c249e6af98bfd0b61ce3aaf"",""source_sheet"":""中央国家行政机关省级以下直属机构"",""filter_version"":""government_tech_v2"",""tech_filter"":{""is_tech"":true,""is_core_tech"":true,""scope"":""core"",""categories"":[""computer_software"",""electronics_communication""],""matched_fields"":[""major"",""description""],""major_terms"":[""电子信息类"",""计算机类""],""role_terms"":[""信息化""],""reason"":""tech_major_and_role""},""original"":{""部门代码"":""130111"",""部门名称"":""国家税务总局江苏省税务局"",""用人司局"":""国家税务总局南京江北新区税务局"",""机构性质"":""中央国家行政机关省级以下直属机构"",""招考职位"":""一级行政执法员（五）"",""职位属性"":""普通职位"",""职位分布"":""其他职位"",""职位简介"":""从事税收信息化管理工作"",""职位代码"":""300110090005"",""机构层级"":""县（区）级及以下"",""考试类别"":""行政执法类"",""招考人数"":""2"",""专业"":""电子信息类、计算机类"",""学历"":""本科及以上"",""学位"":""与最高学历相对应的学位"",""政治面貌"":""不限"",""基层工作最低年限"":""无限制"",""服务基层项目工作经历"":""无限制"",""是否在面试阶段组织专业能力测试"":""否"",""面试人员比例"":""3:1"",""工作地点"":""江苏省南京市"",""落户地点"":""江苏省南京市"",""备注"":""2026届高校毕业生，本单位不提供宿舍，在本单位最低服务年限为5年"",""部门网站"":""https://jiangsu.chinatax.gov.cn/"",""咨询电话1"":""025-86634478"",""咨询电话2"":"""",""咨询电话3"":"""",""来源Sheet"":""中央国家行政机关省级以下直属机构""}}"
"government_jobs","国家公务员2026招考简章","公务员/事业单位技术岗位","江苏省无锡市江阴市","2026-07-28T09:12:58.310295+00:00","一级行政执法员（十）","国家税务总局江苏省税务局","","江苏省无锡市江阴市","公务员/事业单位;2026;computer_software;electronics_communication;仅限本科;学士;电子信息类、计算机类;行政执法类","用人司局：国家税务总局江阴市税务局
职位简介：从事税收信息化管理工作
专业要求：电子信息类、计算机类
学历要求：仅限本科
学位要求：学士
政治面貌：不限
基层工作经历：无限制
考试类别：行政执法类
备注：本单位不提供宿舍，在本单位最低服务年限为5年","http://bm.scs.gov.cn/kl2026#130111-300110145010","2025-10-14","{""dataset_year"":2026,""job_uid"":""GOV-2026-130111-300110145010"",""publisher"":""国家公务员局"",""publication_page"":""http://bm.scs.gov.cn/kl2026"",""attachment_url"":""local://2026_guokao_zhaokaojianzhang.zip"",""local_source_file"":""中央机关及其直属机构2026年度考试录用公务员招考简章.xls"",""local_source_sha256"":""2670bae1df1dd07a3a3c79b9db46a11e3bb15a6c9c249e6af98bfd0b61ce3aaf"",""source_sheet"":""中央国家行政机关省级以下直属机构"",""filter_version"":""government_tech_v2"",""tech_filter"":{""is_tech"":true,""is_core_tech"":true,""scope"":""core"",""categories"":[""computer_software"",""electronics_communication""],""matched_fields"":[""major"",""description""],""major_terms"":[""电子信息类"",""计算机类""],""role_terms"":[""信息化""],""reason"":""tech_major_and_role""},""original"":{""部门代码"":""130111"",""部门名称"":""国家税务总局江苏省税务局"",""用人司局"":""国家税务总局江阴市税务局"",""机构性质"":""中央国家行政机关省级以下直属机构"",""招考职位"":""一级行政执法员（十）"",""职位属性"":""普通职位"",""职位分布"":""其他职位"",""职位简介"":""从事税收信息化管理工作"",""职位代码"":""300110145010"",""机构层级"":""县（区）级及以下"",""考试类别"":""行政执法类"",""招考人数"":""1"",""专业"":""电子信息类、计算机类"",""学历"":""仅限本科"",""学位"":""学士"",""政治面貌"":""不限"",""基层工作最低年限"":""无限制"",""服务基层项目工作经历"":""无限制"",""是否在面试阶段组织专业能力测试"":""否"",""面试人员比例"":""3:1"",""工作地点"":""江苏省无锡市江阴市"",""落户地点"":""江苏省无锡市江阴市"",""备注"":""本单位不提供宿舍，在本单位最低服务年限为5年"",""部门网站"":""https://jiangsu.chinatax.gov.cn/"",""咨询电话1"":""025-86634478"",""咨询电话2"":"""",""咨询电话3"":"""",""来源Sheet"":""中央国家行政机关省级以下直属机构""}}"
"government_jobs","国家公务员2026招考简章","公务员/事业单位技术岗位","江苏省无锡市宜兴市","2026-07-28T09:12:58.310295+00:00","一级行政执法员（十）","国家税务总局江苏省税务局","","江苏省无锡市宜兴市","公务员/事业单位;2026;computer_software;electronics_communication;仅限本科;学士;电子信息类、计算机类;行政执法类","用人司局：国家税务总局宜兴市税务局
职位简介：从事税收信息化管理工作
专业要求：电子信息类、计算机类
学历要求：仅限本科
学位要求：学士
政治面貌：不限
基层工作经历：无限制
考试类别：行政执法类
备注：2026届高校毕业生，本单位不提供宿舍，在本单位最低服务年限为5年","http://bm.scs.gov.cn/kl2026#130111-300110150010","2025-10-14","{""dataset_year"":2026,""job_uid"":""GOV-2026-130111-300110150010"",""publisher"":""国家公务员局"",""publication_page"":""http://bm.scs.gov.cn/kl2026"",""attachment_url"":""local://2026_guokao_zhaokaojianzhang.zip"",""local_source_file"":""中央机关及其直属机构2026年度考试录用公务员招考简章.xls"",""local_source_sha256"":""2670bae1df1dd07a3a3c79b9db46a11e3bb15a6c9c249e6af98bfd0b61ce3aaf"",""source_sheet"":""中央国家行政机关省级以下直属机构"",""filter_version"":""government_tech_v2"",""tech_filter"":{""is_tech"":true,""is_core_tech"":true,""scope"":""core"",""categories"":[""computer_software"",""electronics_communication""],""matched_fields"":[""major"",""description""],""major_terms"":[""电子信息类"",""计算机类""],""role_terms"":[""信息化""],""reason"":""tech_major_and_role""},""original"":{""部门代码"":""130111"",""部门名称"":""国家税务总局江苏省税务局"",""用人司局"":""国家税务总局宜兴市税务局"",""机构性质"":""中央国家行政机关省级以下直属机构"",""招考职位"":""一级行政执法员（十）"",""职位属性"":""普通职位"",""职位分布"":""其他职位"",""职位简介"":""从事税收信息化管理工作"",""职位代码"":""300110150010"",""机构层级"":""县（区）级及以下"",""考试类别"":""行政执法类"",""招考人数"":""2"",""专业"":""电子信息类、计算机类"",""学历"":""仅限本科"",""学位"":""学士"",""政治面貌"":""不限"",""基层工作最低年限"":""无限制"",""服务基层项目工作经历"":""无限制"",""是否在面试阶段组织专业能力测试"":""否"",""面试人员比例"":""3:1"",""工作地点"":""江苏省无锡市宜兴市"",""落户地点"":""江苏省无锡市宜兴市"",""备注"":""2026届高校毕业生，本单位不提供宿舍，在本单位最低服务年限为5年"",""部门网站"":""https://jiangsu.chinatax.gov.cn/"",""咨询电话1"":""025-86634478"",""咨询电话2"":"""",""咨询电话3"":"""",""来源Sheet"":""中央国家行政机关省级以下直属机构""}}"
"government_jobs","国家公务员2026招考简章","公务员/事业单位技术岗位","江苏省无锡市新吴区","2026-07-28T09:12:58.310295+00:00","一级行政执法员（三）","国家税务总局江苏省税务局","","江苏省无锡市新吴区","公务员/事业单位;2026;computer_software;electronics_communication;本科及以上;与最高学历相对应的学位;电子信息类、计算机类;行政执法类","用人司局：国家税务总局无锡高新技术产业开发区税务局
职位简介：从事税收信息化管理工作
专业要求：电子信息类、计算机类
学历要求：本科及以上
学位要求：与最高学历相对应的学位
政治面貌：不限
基层工作经历：无限制
考试类别：行政执法类
备注：取得信息系统项目管理师、系统分析师、系统架构设计师、网络规划设计师、系统规划与管理师、高级项目管理师任一证书，本单位不提供宿舍，在本单位最低服务年限为5年","http://bm.scs.gov.cn/kl2026#130111-300110155003","2025-10-14","{""dataset_year"":2026,""job_uid"":""GOV-2026-130111-300110155003"",""publisher"":""国家公务员局"",""publication_page"":""http://bm.scs.gov.cn/kl2026"",""attachment_url"":""local://2026_guokao_zhaokaojianzhang.zip"",""local_source_file"":""中央机关及其直属机构2026年度考试录用公务员招考简章.xls"",""local_source_sha256"":""2670bae1df1dd07a3a3c79b9db46a11e3bb15a6c9c249e6af98bfd0b61ce3aaf"",""source_sheet"":""中央国家行政机关省级以下直属机构"",""filter_version"":""government_tech_v2"",""tech_filter"":{""is_tech"":true,""is_core_tech"":true,""scope"":""core"",""categories"":[""computer_software"",""electronics_communication""],""matched_fields"":[""major"",""description"",""remarks""],""major_terms"":[""电子信息类"",""计算机类""],""role_terms"":[""信息化"",""信息系统""],""reason"":""tech_major_and_role""},""original"":{""部门代码"":""130111"",""部门名称"":""国家税务总局江苏省税务局"",""用人司局"":""国家税务总局无锡高新技术产业开发区税务局"",""机构性质"":""中央国家行政机关省级以下直属机构"",""招考职位"":""一级行政执法员（三）"",""职位属性"":""普通职位"",""职位分布"":""其他职位"",""职位简介"":""从事税收信息化管理工作"",""职位代码"":""300110155003"",""机构层级"":""县（区）级及以下"",""考试类别"":""行政执法类"",""招考人数"":""2"",""专业"":""电子信息类、计算机类"",""学历"":""本科及以上"",""学位"":""与最高学历相对应的学位"",""政治面貌"":""不限"",""基层工作最低年限"":""无限制"",""服务基层项目工作经历"":""无限制"",""是否在面试阶段组织专业能力测试"":""否"",""面试人员比例"":""3:1"",""工作地点"":""江苏省无锡市新吴区"",""落户地点"":""江苏省无锡市新吴区"",""备注"":""取得信息系统项目管理师、系统分析师、系统架构设计师、网络规划设计师、系统规划与管理师、高级项目管理师任一证书，本单位不提供宿舍，在本单位最低服务年限为5年"",""部门网站"":""https://jiangsu.chinatax.gov.cn/"",""咨询电话1"":""025-86634478"",""咨询电话2"":"""",""咨询电话3"":"""",""来源Sheet"":""中央国家行政机关省级以下直属机构""}}"
"government_jobs","国家公务员2026招考简章","公务员/事业单位技术岗位","江苏省徐州市沛县","2026-07-28T09:12:58.310295+00:00","一级行政执法员（三）","国家税务总局江苏省税务局","","江苏省徐州市沛县","公务员/事业单位;2026;computer_software;electronics_communication;仅限本科;学士;电子信息类、计算机类;行政执法类","用人司局：国家税务总局沛县税务局
职位简介：从事税收信息化管理工作
专业要求：电子信息类、计算机类
学历要求：仅限本科
学位要求：学士
政治面貌：不限
基层工作经历：无限制
考试类别：行政执法类
备注：2026届高校毕业生，本单位不提供宿舍，在本单位最低服务年限为5年","http://bm.scs.gov.cn/kl2026#130111-300110215003","2025-10-14","{""dataset_year"":2026,""job_uid"":""GOV-2026-130111-300110215003"",""publisher"":""国家公务员局"",""publication_page"":""http://bm.scs.gov.cn/kl2026"",""attachment_url"":""local://2026_guokao_zhaokaojianzhang.zip"",""local_source_file"":""中央机关及其直属机构2026年度考试录用公务员招考简章.xls"",""local_source_sha256"":""2670bae1df1dd07a3a3c79b9db46a11e3bb15a6c9c249e6af98bfd0b61ce3aaf"",""source_sheet"":""中央国家行政机关省级以下直属机构"",""filter_version"":""government_tech_v2"",""tech_filter"":{""is_tech"":true,""is_core_tech"":true,""scope"":""core"",""categories"":[""computer_software"",""electronics_communication""],""matched_fields"":[""major"",""description""],""major_terms"":[""电子信息类"",""计算机类""],""role_terms"":[""信息化""],""reason"":""tech_major_and_role""},""original"":{""部门代码"":""130111"",""部门名称"":""国家税务总局江苏省税务局"",""用人司局"":""国家税务总局沛县税务局"",""机构性质"":""中央国家行政机关省级以下直属机构"",""招考职位"":""一级行政执法员（三）"",""职位属性"":""普通职位"",""职位分布"":""其他职位"",""职位简介"":""从事税收信息化管理工作"",""职位代码"":""300110215003"",""机构层级"":""县（区）级及以下"",""考试类别"":""行政执法类"",""招考人数"":""2"",""专业"":""电子信息类、计算机类"",""学历"":""仅限本科"",""学位"":""学士"",""政治面貌"":""不限"",""基层工作最低年限"":""无限制"",""服务基层项目工作经历"":""无限制"",""是否在面试阶段组织专业能力测试"":""否"",""面试人员比例"":""3:1"",""工作地点"":""江苏省徐州市沛县"",""落户地点"":""江苏省徐州市沛县"",""备注"":""2026届高校毕业生，本单位不提供宿舍，在本单位最低服务年限为5年"",""部门网站"":""https://jiangsu.chinatax.gov.cn/"",""咨询电话1"":""025-86634478"",""咨询电话2"":"""",""咨询电话3"":"""",""来源Sheet"":""中央国家行政机关省级以下直属机构""}}"
"government_jobs","国家公务员2026招考简章","公务员/事业单位技术岗位","江苏省徐州市睢宁县","2026-07-28T09:12:58.310295+00:00","一级行政执法员（三）","国家税务总局江苏省税务局","","江苏省徐州市睢宁县","公务员/事业单位;2026;computer_software;electronics_communication;仅限本科;学士;电子信息类、计算机类;行政执法类","用人司局：国家税务总局睢宁县税务局
职位简介：从事税收信息化管理工作
专业要求：电子信息类、计算机类
学历要求：仅限本科
学位要求：学士
政治面貌：不限
基层工作经历：无限制
考试类别：行政执法类
备注：2026届高校毕业生，本单位不提供宿舍，在本单位最低服务年限为5年","http://bm.scs.gov.cn/kl2026#130111-300110220003","2025-10-14","{""dataset_year"":2026,""job_uid"":""GOV-2026-130111-300110220003"",""publisher"":""国家公务员局"",""publication_page"":""http://bm.scs.gov.cn/kl2026"",""attachment_url"":""local://2026_guokao_zhaokaojianzhang.zip"",""local_source_file"":""中央机关及其直属机构2026年度考试录用公务员招考简章.xls"",""local_source_sha256"":""2670bae1df1dd07a3a3c79b9db46a11e3bb15a6c9c249e6af98bfd0b61ce3aaf"",""source_sheet"":""中央国家行政机关省级以下直属机构"",""filter_version"":""government_tech_v2"",""tech_filter"":{""is_tech"":true,""is_core_tech"":true,""scope"":""core"",""categories"":[""computer_software"",""electronics_communication""],""matched_fields"":[""major"",""description""],""major_terms"":[""电子信息类"",""计算机类""],""role_terms"":[""信息化""],""reason"":""tech_major_and_role""},""original"":{""部门代码"":""130111"",""部门名称"":""国家税务总局江苏省税务局"",""用人司局"":""国家税务总局睢宁县税务局"",""机构性质"":""中央国家行政机关省级以下直属机构"",""招考职位"":""一级行政执法员（三）"",""职位属性"":""普通职位"",""职位分布"":""其他职位"",""职位简介"":""从事税收信息化管理工作"",""职位代码"":""300110220003"",""机构层级"":""县（区）级及以下"",""考试类别"":""行政执法类"",""招考人数"":""3"",""专业"":""电子信息类、计算机类"",""学历"":""仅限本科"",""学位"":""学士"",""政治面貌"":""不限"",""基层工作最低年限"":""无限制"",""服务基层项目工作经历"":""无限制"",""是否在面试阶段组织专业能力测试"":""否"",""面试人员比例"":""3:1"",""工作地点"":""江苏省徐州市睢宁县"",""落户地点"":""江苏省徐州市睢宁县"",""备注"":""2026届高校毕业生，本单位不提供宿舍，在本单位最低服务年限为5年"",""部门网站"":""https://jiangsu.chinatax.gov.cn/"",""咨询电话1"":""025-86634478"",""咨询电话2"":"""",""咨询电话3"":"""",""来源Sheet"":""中央国家行政机关省级以下直属机构""}}"
"government_jobs","国家公务员2026招考简章","公务员/事业单位技术岗位","江苏省徐州市邳州市","2026-07-28T09:12:58.310295+00:00","一级行政执法员（四）","国家税务总局江苏省税务局","","江苏省徐州市邳州市","公务员/事业单位;2026;computer_software;electronics_communication;仅限本科;学士;电子信息类、计算机类;行政执法类","用人司局：国家税务总局邳州市税务局
职位简介：从事税收信息化管理工作
专业要求：电子信息类、计算机类
学历要求：仅限本科
学位要求：学士
政治面貌：不限
基层工作经历：无限制
考试类别：行政执法类
备注：本单位不提供宿舍，在本单位最低服务年限为5年","http://bm.scs.gov.cn/kl2026#130111-300110225004","2025-10-14","{""dataset_year"":2026,""job_uid"":""GOV-2026-130111-300110225004"",""publisher"":""国家公务员局"",""publication_page"":""http://bm.scs.gov.cn/kl2026"",""attachment_url"":""local://2026_guokao_zhaokaojianzhang.zip"",""local_source_file"":""中央机关及其直属机构2026年度考试录用公务员招考简章.xls"",""local_source_sha256"":""2670bae1df1dd07a3a3c79b9db46a11e3bb15a6c9c249e6af98bfd0b61ce3aaf"",""source_sheet"":""中央国家行政机关省级以下直属机构"",""filter_version"":""government_tech_v2"",""tech_filter"":{""is_tech"":true,""is_core_tech"":true,""scope"":""core"",""categories"":[""computer_software"",""electronics_communication""],""matched_fields"":[""major"",""description""],""major_terms"":[""电子信息类"",""计算机类""],""role_terms"":[""信息化""],""reason"":""tech_major_and_role""},""original"":{""部门代码"":""130111"",""部门名称"":""国家税务总局江苏省税务局"",""用人司局"":""国家税务总局邳州市税务局"",""机构性质"":""中央国家行政机关省级以下直属机构"",""招考职位"":""一级行政执法员（四）"",""职位属性"":""普通职位"",""职位分布"":""其他职位"",""职位简介"":""从事税收信息化管理工作"",""职位代码"":""300110225004"",""机构层级"":""县（区）级及以下"",""考试类别"":""行政执法类"",""招考人数"":""2"",""专业"":""电子信息类、计算机类"",""学历"":""仅限本科"",""学位"":""学士"",""政治面貌"":""不限"",""基层工作最低年限"":""无限制"",""服务基层项目工作经历"":""无限制"",""是否在面试阶段组织专业能力测试"":""否"",""面试人员比例"":""3:1"",""工作地点"":""江苏省徐州市邳州市"",""落户地点"":""江苏省徐州市邳州市"",""备注"":""本单位不提供宿舍，在本单位最低服务年限为5年"",""部门网站"":""https://jiangsu.chinatax.gov.cn/"",""咨询电话1"":""025-86634478"",""咨询电话2"":"""",""咨询电话3"":"""",""来源Sheet"":""中央国家行政机关省级以下直属机构""}}"
"government_jobs","国家公务员2026招考简章","公务员/事业单位技术岗位","江苏省徐州市新沂市","2026-07-28T09:12:58.310295+00:00","一级行政执法员（三）","国家税务总局江苏省税务局","","江苏省徐州市新沂市","公务员/事业单位;2026;computer_software;electronics_communication;仅限本科;学士;电子信息类、计算机类;行政执法类","用人司局：国家税务总局新沂市税务局
职位简介：从事税收信息化管理工作
专业要求：电子信息类、计算机类
学历要求：仅限本科
学位要求：学士
政治面貌：不限
基层工作经历：无限制
考试类别：行政执法类
备注：2026届高校毕业生，本单位不提供宿舍，在本单位最低服务年限为5年","http://bm.scs.gov.cn/kl2026#130111-300110230003","2025-10-14","{""dataset_year"":2026,""job_uid"":""GOV-2026-130111-300110230003"",""publisher"":""国家公务员局"",""publication_page"":""http://bm.scs.gov.cn/kl2026"",""attachment_url"":""local://2026_guokao_zhaokaojianzhang.zip"",""local_source_file"":""中央机关及其直属机构2026年度考试录用公务员招考简章.xls"",""local_source_sha256"":""2670bae1df1dd07a3a3c79b9db46a11e3bb15a6c9c249e6af98bfd0b61ce3aaf"",""source_sheet"":""中央国家行政机关省级以下直属机构"",""filter_version"":""government_tech_v2"",""tech_filter"":{""is_tech"":true,""is_core_tech"":true,""scope"":""core"",""categories"":[""computer_software"",""electronics_communication""],""matched_fields"":[""major"",""description""],""major_terms"":[""电子信息类"",""计算机类""],""role_terms"":[""信息化""],""reason"":""tech_major_and_role""},""original"":{""部门代码"":""130111"",""部门名称"":""国家税务总局江苏省税务局"",""用人司局"":""国家税务总局新沂市税务局"",""机构性质"":""中央国家行政机关省级以下直属机构"",""招考职位"":""一级行政执法员（三）"",""职位属性"":""普通职位"",""职位分布"":""其他职位"",""职位简介"":""从事税收信息化管理工作"",""职位代码"":""300110230003"",""机构层级"":""县（区）级及以下"",""考试类别"":""行政执法类"",""招考人数"":""3"",""专业"":""电子信息类、计算机类"",""学历"":""仅限本科"",""学位"":""学士"",""政治面貌"":""不限"",""基层工作最低年限"":""无限制"",""服务基层项目工作经历"":""无限制"",""是否在面试阶段组织专业能力测试"":""否"",""面试人员比例"":""3:1"",""工作地点"":""江苏省徐州市新沂市"",""落户地点"":""江苏省徐州市新沂市"",""备注"":""2026届高校毕业生，本单位不提供宿舍，在本单位最低服务年限为5年"",""部门网站"":""https://jiangsu.chinatax.gov.cn/"",""咨询电话1"":""025-86634478"",""咨询电话2"":"""",""咨询电话3"":"""",""来源Sheet"":""中央国家行政机关省级以下直属机构""}}"
"government_jobs","国家公务员2026招考简章","公务员/事业单位技术岗位","江苏省常州市溧阳市","2026-07-28T09:12:58.310295+00:00","一级行政执法员（四）","国家税务总局江苏省税务局","","江苏省常州市溧阳市","公务员/事业单位;2026;computer_software;electronics_communication;仅限本科;学士;电子信息类、计算机类;行政执法类","用人司局：国家税务总局溧阳市税务局
职位简介：从事税收信息化管理工作
专业要求：电子信息类、计算机类
学历要求：仅限本科
学位要求：学士
政治面貌：不限
基层工作经历：无限制
考试类别：行政执法类
备注：2026届高校毕业生，本单位不提供宿舍，在本单位最低服务年限为5年","http://bm.scs.gov.cn/kl2026#130111-300110285004","2025-10-14","{""dataset_year"":2026,""job_uid"":""GOV-2026-130111-300110285004"",""publisher"":""国家公务员局"",""publication_page"":""http://bm.scs.gov.cn/kl2026"",""attachment_url"":""local://2026_guokao_zhaokaojianzhang.zip"",""local_source_file"":""中央机关及其直属机构2026年度考试录用公务员招考简章.xls"",""local_source_sha256"":""2670bae1df1dd07a3a3c79b9db46a11e3bb15a6c9c249e6af98bfd0b61ce3aaf"",""source_sheet"":""中央国家行政机关省级以下直属机构"",""filter_version"":""government_tech_v2"",""tech_filter"":{""is_tech"":true,""is_core_tech"":true,""scope"":""core"",""categories"":[""computer_software"",""electronics_communication""],""matched_fields"":[""major"",""description""],""major_terms"":[""电子信息类"",""计算机类""],""role_terms"":[""信息化""],""reason"":""tech_major_and_role""},""original"":{""部门代码"":""130111"",""部门名称"":""国家税务总局江苏省税务局"",""用人司局"":""国家税务总局溧阳市税务局"",""机构性质"":""中央国家行政机关省级以下直属机构"",""招考职位"":""一级行政执法员（四）"",""职位属性"":""普通职位"",""职位分布"":""其他职位"",""职位简介"":""从事税收信息化管理工作"",""职位代码"":""300110285004"",""机构层级"":""县（区）级及以下"",""考试类别"":""行政执法类"",""招考人数"":""3"",""专业"":""电子信息类、计算机类"",""学历"":""仅限本科"",""学位"":""学士"",""政治面貌"":""不限"",""基层工作最低年限"":""无限制"",""服务基层项目工作经历"":""无限制"",""是否在面试阶段组织专业能力测试"":""否"",""面试人员比例"":""3:1"",""工作地点"":""江苏省常州市溧阳市"",""落户地点"":""江苏省常州市溧阳市"",""备注"":""2026届高校毕业生，本单位不提供宿舍，在本单位最低服务年限为5年"",""部门网站"":""https://jiangsu.chinatax.gov.cn/"",""咨询电话1"":""025-86634478"",""咨询电话2"":"""",""咨询电话3"":"""",""来源Sheet"":""中央国家行政机关省级以下直属机构""}}"
"government_jobs","国家公务员2026招考简章","公务员/事业单位技术岗位","江苏省苏州市吴江区","2026-07-28T09:12:58.310295+00:00","一级行政执法员（八）","国家税务总局江苏省税务局","","江苏省苏州市吴江区","公务员/事业单位;2026;computer_software;electronics_communication;本科及以上;与最高学历相对应的学位;电子信息类、计算机类;行政执法类","用人司局：国家税务总局苏州市吴江区税务局
职位简介：从事税收信息化管理工作
专业要求：电子信息类、计算机类
学历要求：本科及以上
学位要求：与最高学历相对应的学位
政治面貌：不限
基层工作经历：无限制
考试类别：行政执法类
备注：2026届高校毕业生，本单位不提供宿舍，在本单位最低服务年限为5年","http://bm.scs.gov.cn/kl2026#130111-300110335008","2025-10-14","{""dataset_year"":2026,""job_uid"":""GOV-2026-130111-300110335008"",""publisher"":""国家公务员局"",""publication_page"":""http://bm.scs.gov.cn/kl2026"",""attachment_url"":""local://2026_guokao_zhaokaojianzhang.zip"",""local_source_file"":""中央机关及其直属机构2026年度考试录用公务员招考简章.xls"",""local_source_sha256"":""2670bae1df1dd07a3a3c79b9db46a11e3bb15a6c9c249e6af98bfd0b61ce3aaf"",""source_sheet"":""中央国家行政机关省级以下直属机构"",""filter_version"":""government_tech_v2"",""tech_filter"":{""is_tech"":true,""is_core_tech"":true,""scope"":""core"",""categories"":[""computer_software"",""electronics_communication""],""matched_fields"":[""major"",""description""],""major_terms"":[""电子信息类"",""计算机类""],""role_terms"":[""信息化""],""reason"":""tech_major_and_role""},""original"":{""部门代码"":""130111"",""部门名称"":""国家税务总局江苏省税务局"",""用人司局"":""国家税务总局苏州市吴江区税务局"",""机构性质"":""中央国家行政机关省级以下直属机构"",""招考职位"":""一级行政执法员（八）"",""职位属性"":""普通职位"",""职位分布"":""其他职位"",""职位简介"":""从事税收信息化管理工作"",""职位代码"":""300110335008"",""机构层级"":""县（区）级及以下"",""考试类别"":""行政执法类"",""招考人数"":""3"",""专业"":""电子信息类、计算机类"",""学历"":""本科及以上"",""学位"":""与最高学历相对应的学位"",""政治面貌"":""不限"",""基层工作最低年限"":""无限制"",""服务基层项目工作经历"":""无限制"",""是否在面试阶段组织专业能力测试"":""否"",""面试人员比例"":""3:1"",""工作地点"":""江苏省苏州市吴江区"",""落户地点"":""江苏省苏州市吴江区"",""备注"":""2026届高校毕业生，本单位不提供宿舍，在本单位最低服务年限为5年"",""部门网站"":""https://jiangsu.chinatax.gov.cn/"",""咨询电话1"":""025-86634478"",""咨询电话2"":"""",""咨询电话3"":"""",""来源Sheet"":""中央国家行政机关省级以下直属机构""}}"
"government_jobs","国家公务员2026招考简章","公务员/事业单位技术岗位","江苏省苏州市张家港市","2026-07-28T09:12:58.310295+00:00","一级行政执法员（五）","国家税务总局江苏省税务局","","江苏省苏州市张家港市","公务员/事业单位;2026;computer_software;electronics_communication;本科及以上;与最高学历相对应的学位;电子信息类、计算机类;行政执法类","用人司局：国家税务总局张家港市税务局
职位简介：从事税收信息化管理工作
专业要求：电子信息类、计算机类
学历要求：本科及以上
学位要求：与最高学历相对应的学位
政治面貌：不限
基层工作经历：无限制
考试类别：行政执法类
备注：2026届高校毕业生，本单位不提供宿舍，在本单位最低服务年限为5年","http://bm.scs.gov.cn/kl2026#130111-300110355005","2025-10-14","{""dataset_year"":2026,""job_uid"":""GOV-2026-130111-300110355005"",""publisher"":""国家公务员局"",""publication_page"":""http://bm.scs.gov.cn/kl2026"",""attachment_url"":""local://2026_guokao_zhaokaojianzhang.zip"",""local_source_file"":""中央机关及其直属机构2026年度考试录用公务员招考简章.xls"",""local_source_sha256"":""2670bae1df1dd07a3a3c79b9db46a11e3bb15a6c9c249e6af98bfd0b61ce3aaf"",""source_sheet"":""中央国家行政机关省级以下直属机构"",""filter_version"":""government_tech_v2"",""tech_filter"":{""is_tech"":true,""is_core_tech"":true,""scope"":""core"",""categories"":[""computer_software"",""electronics_communication""],""matched_fields"":[""major"",""description""],""major_terms"":[""电子信息类"",""计算机类""],""role_terms"":[""信息化""],""reason"":""tech_major_and_role""},""original"":{""部门代码"":""130111"",""部门名称"":""国家税务总局江苏省税务局"",""用人司局"":""国家税务总局张家港市税务局"",""机构性质"":""中央国家行政机关省级以下直属机构"",""招考职位"":""一级行政执法员（五）"",""职位属性"":""普通职位"",""职位分布"":""其他职位"",""职位简介"":""从事税收信息化管理工作"",""职位代码"":""300110355005"",""机构层级"":""县（区）级及以下"",""考试类别"":""行政执法类"",""招考人数"":""2"",""专业"":""电子信息类、计算机类"",""学历"":""本科及以上"",""学位"":""与最高学历相对应的学位"",""政治面貌"":""不限"",""基层工作最低年限"":""无限制"",""服务基层项目工作经历"":""无限制"",""是否在面试阶段组织专业能力测试"":""否"",""面试人员比例"":""3:1"",""工作地点"":""江苏省苏州市张家港市"",""落户地点"":""江苏省苏州市张家港市"",""备注"":""2026届高校毕业生，本单位不提供宿舍，在本单位最低服务年限为5年"",""部门网站"":""https://jiangsu.chinatax.gov.cn/"",""咨询电话1"":""025-86634478"",""咨询电话2"":"""",""咨询电话3"":"""",""来源Sheet"":""中央国家行政机关省级以下直属机构""}}"
"government_jobs","国家公务员2026招考简章","公务员/事业单位技术岗位","江苏省苏州市昆山市","2026-07-28T09:12:58.310295+00:00","一级行政执法员（六）","国家税务总局江苏省税务局","","江苏省苏州市昆山市","公务员/事业单位;2026;computer_software;electronics_communication;本科及以上;与最高学历相对应的学位;电子信息类、计算机类;行政执法类","用人司局：国家税务总局昆山市税务局
职位简介：从事税收信息化管理工作
专业要求：电子信息类、计算机类
学历要求：本科及以上
学位要求：与最高学历相对应的学位
政治面貌：不限
基层工作经历：无限制
考试类别：行政执法类
备注：取得信息系统项目管理师、系统分析师、系统架构设计师、网络规划设计师、系统规划与管理师、高级项目管理师任一证书，本单位不提供宿舍，在本单位最低服务年限为5年","http://bm.scs.gov.cn/kl2026#130111-300110360006","2025-10-14","{""dataset_year"":2026,""job_uid"":""GOV-2026-130111-300110360006"",""publisher"":""国家公务员局"",""publication_page"":""http://bm.scs.gov.cn/kl2026"",""attachment_url"":""local://2026_guokao_zhaokaojianzhang.zip"",""local_source_file"":""中央机关及其直属机构2026年度考试录用公务员招考简章.xls"",""local_source_sha256"":""2670bae1df1dd07a3a3c79b9db46a11e3bb15a6c9c249e6af98bfd0b61ce3aaf"",""source_sheet"":""中央国家行政机关省级以下直属机构"",""filter_version"":""government_tech_v2"",""tech_filter"":{""is_tech"":true,""is_core_tech"":true,""scope"":""core"",""categories"":[""computer_software"",""electronics_communication""],""matched_fields"":[""major"",""description"",""remarks""],""major_terms"":[""电子信息类"",""计算机类""],""role_terms"":[""信息化"",""信息系统""],""reason"":""tech_major_and_role""},""original"":{""部门代码"":""130111"",""部门名称"":""国家税务总局江苏省税务局"",""用人司局"":""国家税务总局昆山市税务局"",""机构性质"":""中央国家行政机关省级以下直属机构"",""招考职位"":""一级行政执法员（六）"",""职位属性"":""普通职位"",""职位分布"":""其他职位"",""职位简介"":""从事税收信息化管理工作"",""职位代码"":""300110360006"",""机构层级"":""县（区）级及以下"",""考试类别"":""行政执法类"",""招考人数"":""2"",""专业"":""电子信息类、计算机类"",""学历"":""本科及以上"",""学位"":""与最高学历相对应的学位"",""政治面貌"":""不限"",""基层工作最低年限"":""无限制"",""服务基层项目工作经历"":""无限制"",""是否在面试阶段组织专业能力测试"":""否"",""面试人员比例"":""3:1"",""工作地点"":""江苏省苏州市昆山市"",""落户地点"":""江苏省苏州市昆山市"",""备注"":""取得信息系统项目管理师、系统分析师、系统架构设计师、网络规划设计师、系统规划与管理师、高级项目管理师任一证书，本单位不提供宿舍，在本单位最低服务年限为5年"",""部门网站"":""https://jiangsu.chinatax.gov.cn/"",""咨询电话1"":""025-86634478"",""咨询电话2"":"""",""咨询电话3"":"""",""来源Sheet"":""中央国家行政机关省级以下直属机构""}}"
"government_jobs","国家公务员2026招考简章","公务员/事业单位技术岗位","江苏省南通市通州区","2026-07-28T09:12:58.310295+00:00","一级行政执法员（五）","国家税务总局江苏省税务局","","江苏省南通市通州区","公务员/事业单位;2026;computer_software;electronics_communication;本科及以上;与最高学历相对应的学位;电子信息类、计算机类;行政执法类","用人司局：国家税务总局南通市通州区税务局
职位简介：从事税收信息化管理工作
专业要求：电子信息类、计算机类
学历要求：本科及以上
学位要求：与最高学历相对应的学位
政治面貌：不限
基层工作经历：无限制
考试类别：行政执法类
备注：2026届高校毕业生，本单位不提供宿舍，在本单位最低服务年限为5年","http://bm.scs.gov.cn/kl2026#130111-300110430005","2025-10-14","{""dataset_year"":2026,""job_uid"":""GOV-2026-130111-300110430005"",""publisher"":""国家公务员局"",""publication_page"":""http://bm.scs.gov.cn/kl2026"",""attachment_url"":""local://2026_guokao_zhaokaojianzhang.zip"",""local_source_file"":""中央机关及其直属机构2026年度考试录用公务员招考简章.xls"",""local_source_sha256"":""2670bae1df1dd07a3a3c79b9db46a11e3bb15a6c9c249e6af98bfd0b61ce3aaf"",""source_sheet"":""中央国家行政机关省级以下直属机构"",""filter_version"":""government_tech_v2"",""tech_filter"":{""is_tech"":true,""is_core_tech"":true,""scope"":""core"",""categories"":[""computer_software"",""electronics_communication""],""matched_fields"":[""major"",""description""],""major_terms"":[""电子信息类"",""计算机类""],""role_terms"":[""信息化""],""reason"":""tech_major_and_role""},""original"":{""部门代码"":""130111"",""部门名称"":""国家税务总局江苏省税务局"",""用人司局"":""国家税务总局南通市通州区税务局"",""机构性质"":""中央国家行政机关省级以下直属机构"",""招考职位"":""一级行政执法员（五）"",""职位属性"":""普通职位"",""职位分布"":""其他职位"",""职位简介"":""从事税收信息化管理工作"",""职位代码"":""300110430005"",""机构层级"":""县（区）级及以下"",""考试类别"":""行政执法类"",""招考人数"":""3"",""专业"":""电子信息类、计算机类"",""学历"":""本科及以上"",""学位"":""与最高学历相对应的学位"",""政治面貌"":""不限"",""基层工作最低年限"":""无限制"",""服务基层项目工作经历"":""无限制"",""是否在面试阶段组织专业能力测试"":""否"",""面试人员比例"":""3:1"",""工作地点"":""江苏省南通市通州区"",""落户地点"":""江苏省南通市通州区"",""备注"":""2026届高校毕业生，本单位不提供宿舍，在本单位最低服务年限为5年"",""部门网站"":""https://jiangsu.chinatax.gov.cn/"",""咨询电话1"":""025-86634478"",""咨询电话2"":"""",""咨询电话3"":"""",""来源Sheet"":""中央国家行政机关省级以下直属机构""}}"
"government_jobs","国家公务员2026招考简章","公务员/事业单位技术岗位","江苏省南通市海安市","2026-07-28T09:12:58.310295+00:00","一级行政执法员（七）","国家税务总局江苏省税务局","","江苏省南通市海安市","公务员/事业单位;2026;computer_software;electronics_communication;本科及以上;与最高学历相对应的学位;电子信息类、计算机类;行政执法类","用人司局：国家税务总局海安市税务局
职位简介：从事税收信息化管理工作
专业要求：电子信息类、计算机类
学历要求：本科及以上
学位要求：与最高学历相对应的学位
政治面貌：不限
基层工作经历：无限制
考试类别：行政执法类
备注：本单位不提供宿舍，在本单位最低服务年限为5年","http://bm.scs.gov.cn/kl2026#130111-300110435010","2025-10-14","{""dataset_year"":2026,""job_uid"":""GOV-2026-130111-300110435010"",""publisher"":""国家公务员局"",""publication_page"":""http://bm.scs.gov.cn/kl2026"",""attachment_url"":""local://2026_guokao_zhaokaojianzhang.zip"",""local_source_file"":""中央机关及其直属机构2026年度考试录用公务员招考简章.xls"",""local_source_sha256"":""2670bae1df1dd07a3a3c79b9db46a11e3bb15a6c9c249e6af98bfd0b61ce3aaf"",""source_sheet"":""中央国家行政机关省级以下直属机构"",""filter_version"":""government_tech_v2"",""tech_filter"":{""is_tech"":true,""is_core_tech"":true,""scope"":""core"",""categories"":[""computer_software"",""electronics_communication""],""matched_fields"":[""major"",""description""],""major_terms"":[""电子信息类"",""计算机类""],""role_terms"":[""信息化""],""reason"":""tech_major_and_role""},""original"":{""部门代码"":""130111"",""部门名称"":""国家税务总局江苏省税务局"",""用人司局"":""国家税务总局海安市税务局"",""机构性质"":""中央国家行政机关省级以下直属机构"",""招考职位"":""一级行政执法员（七）"",""职位属性"":""普通职位"",""职位分布"":""其他职位"",""职位简介"":""从事税收信息化管理工作"",""职位代码"":""300110435010"",""机构层级"":""县（区）级及以下"",""考试类别"":""行政执法类"",""招考人数"":""3"",""专业"":""电子信息类、计算机类"",""学历"":""本科及以上"",""学位"":""与最高学历相对应的学位"",""政治面貌"":""不限"",""基层工作最低年限"":""无限制"",""服务基层项目工作经历"":""无限制"",""是否在面试阶段组织专业能力测试"":""否"",""面试人员比例"":""3:1"",""工作地点"":""江苏省南通市海安市"",""落户地点"":""江苏省南通市海安市"",""备注"":""本单位不提供宿舍，在本单位最低服务年限为5年"",""部门网站"":""https://jiangsu.chinatax.gov.cn/"",""咨询电话1"":""025-86634478"",""咨询电话2"":"""",""咨询电话3"":"""",""来源Sheet"":""中央国家行政机关省级以下直属机构""}}"
"government_jobs","国家公务员2026招考简章","公务员/事业单位技术岗位","江苏省南通市如皋市","2026-07-28T09:12:58.310295+00:00","一级行政执法员（六）","国家税务总局江苏省税务局","","江苏省南通市如皋市","公务员/事业单位;2026;computer_software;electronics_communication;本科及以上;与最高学历相对应的学位;电子信息类、计算机类;行政执法类","用人司局：国家税务总局如皋市税务局
职位简介：从事税收信息化管理工作
专业要求：电子信息类、计算机类
学历要求：本科及以上
学位要求：与最高学历相对应的学位
政治面貌：不限
基层工作经历：无限制
考试类别：行政执法类
备注：2026届高校毕业生，本单位不提供宿舍，在本单位最低服务年限为5年","http://bm.scs.gov.cn/kl2026#130111-300110440006","2025-10-14","{""dataset_year"":2026,""job_uid"":""GOV-2026-130111-300110440006"",""publisher"":""国家公务员局"",""publication_page"":""http://bm.scs.gov.cn/kl2026"",""attachment_url"":""local://2026_guokao_zhaokaojianzhang.zip"",""local_source_file"":""中央机关及其直属机构2026年度考试录用公务员招考简章.xls"",""local_source_sha256"":""2670bae1df1dd07a3a3c79b9db46a11e3bb15a6c9c249e6af98bfd0b61ce3aaf"",""source_sheet"":""中央国家行政机关省级以下直属机构"",""filter_version"":""government_tech_v2"",""tech_filter"":{""is_tech"":true,""is_core_tech"":true,""scope"":""core"",""categories"":[""computer_software"",""electronics_communication""],""matched_fields"":[""major"",""description""],""major_terms"":[""电子信息类"",""计算机类""],""role_terms"":[""信息化""],""reason"":""tech_major_and_role""},""original"":{""部门代码"":""130111"",""部门名称"":""国家税务总局江苏省税务局"",""用人司局"":""国家税务总局如皋市税务局"",""机构性质"":""中央国家行政机关省级以下直属机构"",""招考职位"":""一级行政执法员（六）"",""职位属性"":""普通职位"",""职位分布"":""其他职位"",""职位简介"":""从事税收信息化管理工作"",""职位代码"":""300110440006"",""机构层级"":""县（区）级及以下"",""考试类别"":""行政执法类"",""招考人数"":""2"",""专业"":""电子信息类、计算机类"",""学历"":""本科及以上"",""学位"":""与最高学历相对应的学位"",""政治面貌"":""不限"",""基层工作最低年限"":""无限制"",""服务基层项目工作经历"":""无限制"",""是否在面试阶段组织专业能力测试"":""否"",""面试人员比例"":""3:1"",""工作地点"":""江苏省南通市如皋市"",""落户地点"":""江苏省南通市如皋市"",""备注"":""2026届高校毕业生，本单位不提供宿舍，在本单位最低服务年限为5年"",""部门网站"":""https://jiangsu.chinatax.gov.cn/"",""咨询电话1"":""025-86634478"",""咨询电话2"":"""",""咨询电话3"":"""",""来源Sheet"":""中央国家行政机关省级以下直属机构""}}"
"government_jobs","国家公务员2026招考简章","公务员/事业单位技术岗位","江苏省南通市海门区","2026-07-28T09:12:58.310295+00:00","一级行政执法员（七）","国家税务总局江苏省税务局","","江苏省南通市海门区","公务员/事业单位;2026;computer_software;electronics_communication;本科及以上;与最高学历相对应的学位;电子信息类、计算机类;行政执法类","用人司局：国家税务总局南通市海门区税务局
职位简介：从事税收信息化管理工作
专业要求：电子信息类、计算机类
学历要求：本科及以上
学位要求：与最高学历相对应的学位
政治面貌：不限
基层工作经历：无限制
考试类别：行政执法类
备注：本单位不提供宿舍，在本单位最低服务年限为5年","http://bm.scs.gov.cn/kl2026#130111-300110450007","2025-10-14","{""dataset_year"":2026,""job_uid"":""GOV-2026-130111-300110450007"",""publisher"":""国家公务员局"",""publication_page"":""http://bm.scs.gov.cn/kl2026"",""attachment_url"":""local://2026_guokao_zhaokaojianzhang.zip"",""local_source_file"":""中央机关及其直属机构2026年度考试录用公务员招考简章.xls"",""local_source_sha256"":""2670bae1df1dd07a3a3c79b9db46a11e3bb15a6c9c249e6af98bfd0b61ce3aaf"",""source_sheet"":""中央国家行政机关省级以下直属机构"",""filter_version"":""government_tech_v2"",""tech_filter"":{""is_tech"":true,""is_core_tech"":true,""scope"":""core"",""categories"":[""computer_software"",""electronics_communication""],""matched_fields"":[""major"",""description""],""major_terms"":[""电子信息类"",""计算机类""],""role_terms"":[""信息化""],""reason"":""tech_major_and_role""},""original"":{""部门代码"":""130111"",""部门名称"":""国家税务总局江苏省税务局"",""用人司局"":""国家税务总局南通市海门区税务局"",""机构性质"":""中央国家行政机关省级以下直属机构"",""招考职位"":""一级行政执法员（七）"",""职位属性"":""普通职位"",""职位分布"":""其他职位"",""职位简介"":""从事税收信息化管理工作"",""职位代码"":""300110450007"",""机构层级"":""县（区）级及以下"",""考试类别"":""行政执法类"",""招考人数"":""2"",""专业"":""电子信息类、计算机类"",""学历"":""本科及以上"",""学位"":""与最高学历相对应的学位"",""政治面貌"":""不限"",""基层工作最低年限"":""无限制"",""服务基层项目工作经历"":""无限制"",""是否在面试阶段组织专业能力测试"":""否"",""面试人员比例"":""3:1"",""工作地点"":""江苏省南通市海门区"",""落户地点"":""江苏省南通市海门区"",""备注"":""本单位不提供宿舍，在本单位最低服务年限为5年"",""部门网站"":""https://jiangsu.chinatax.gov.cn/"",""咨询电话1"":""025-86634478"",""咨询电话2"":"""",""咨询电话3"":"""",""来源Sheet"":""中央国家行政机关省级以下直属机构""}}"
"government_jobs","国家公务员2026招考简章","公务员/事业单位技术岗位","江苏省南通市启东市","2026-07-28T09:12:58.310295+00:00","一级行政执法员（五）","国家税务总局江苏省税务局","","江苏省南通市启东市","公务员/事业单位;2026;computer_software;electronics_communication;本科及以上;与最高学历相对应的学位;电子信息类、计算机类;行政执法类","用人司局：国家税务总局启东市税务局
职位简介：从事税收信息化管理工作
专业要求：电子信息类、计算机类
学历要求：本科及以上
学位要求：与最高学历相对应的学位
政治面貌：不限
基层工作经历：无限制
考试类别：行政执法类
备注：2026届高校毕业生，本单位不提供宿舍，在本单位最低服务年限为5年","http://bm.scs.gov.cn/kl2026#130111-300110455005","2025-10-14","{""dataset_year"":2026,""job_uid"":""GOV-2026-130111-300110455005"",""publisher"":""国家公务员局"",""publication_page"":""http://bm.scs.gov.cn/kl2026"",""attachment_url"":""local://2026_guokao_zhaokaojianzhang.zip"",""local_source_file"":""中央机关及其直属机构2026年度考试录用公务员招考简章.xls"",""local_source_sha256"":""2670bae1df1dd07a3a3c79b9db46a11e3bb15a6c9c249e6af98bfd0b61ce3aaf"",""source_sheet"":""中央国家行政机关省级以下直属机构"",""filter_version"":""government_tech_v2"",""tech_filter"":{""is_tech"":true,""is_core_tech"":true,""scope"":""core"",""categories"":[""computer_software"",""electronics_communication""],""matched_fields"":[""major"",""description""],""major_terms"":[""电子信息类"",""计算机类""],""role_terms"":[""信息化""],""reason"":""tech_major_and_role""},""original"":{""部门代码"":""130111"",""部门名称"":""国家税务总局江苏省税务局"",""用人司局"":""国家税务总局启东市税务局"",""机构性质"":""中央国家行政机关省级以下直属机构"",""招考职位"":""一级行政执法员（五）"",""职位属性"":""普通职位"",""职位分布"":""其他职位"",""职位简介"":""从事税收信息化管理工作"",""职位代码"":""300110455005"",""机构层级"":""县（区）级及以下"",""考试类别"":""行政执法类"",""招考人数"":""3"",""专业"":""电子信息类、计算机类"",""学历"":""本科及以上"",""学位"":""与最高学历相对应的学位"",""政治面貌"":""不限"",""基层工作最低年限"":""无限制"",""服务基层项目工作经历"":""无限制"",""是否在面试阶段组织专业能力测试"":""否"",""面试人员比例"":""3:1"",""工作地点"":""江苏省南通市启东市"",""落户地点"":""江苏省南通市启东市"",""备注"":""2026届高校毕业生，本单位不提供宿舍，在本单位最低服务年限为5年"",""部门网站"":""https://jiangsu.chinatax.gov.cn/"",""咨询电话1"":""025-86634478"",""咨询电话2"":"""",""咨询电话3"":"""",""来源Sheet"":""中央国家行政机关省级以下直属机构""}}"
"government_jobs","国家公务员2026招考简章","公务员/事业单位技术岗位","江苏省连云港市海州区","2026-07-28T09:12:58.310295+00:00","一级行政执法员（三）","国家税务总局江苏省税务局","","江苏省连云港市海州区","公务员/事业单位;2026;computer_software;electronics_communication;本科及以上;与最高学历相对应的学位;电子信息类、计算机类;行政执法类","用人司局：国家税务总局连云港市海州区税务局
职位简介：从事税收信息化管理工作
专业要求：电子信息类、计算机类
学历要求：本科及以上
学位要求：与最高学历相对应的学位
政治面貌：不限
基层工作经历：无限制
考试类别：行政执法类
备注：2026届高校毕业生，本单位不提供宿舍，在本单位最低服务年限为5年","http://bm.scs.gov.cn/kl2026#130111-300110490003","2025-10-14","{""dataset_year"":2026,""job_uid"":""GOV-2026-130111-300110490003"",""publisher"":""国家公务员局"",""publication_page"":""http://bm.scs.gov.cn/kl2026"",""attachment_url"":""local://2026_guokao_zhaokaojianzhang.zip"",""local_source_file"":""中央机关及其直属机构2026年度考试录用公务员招考简章.xls"",""local_source_sha256"":""2670bae1df1dd07a3a3c79b9db46a11e3bb15a6c9c249e6af98bfd0b61ce3aaf"",""source_sheet"":""中央国家行政机关省级以下直属机构"",""filter_version"":""government_tech_v2"",""tech_filter"":{""is_tech"":true,""is_core_tech"":true,""scope"":""core"",""categories"":[""computer_software"",""electronics_communication""],""matched_fields"":[""major"",""description""],""major_terms"":[""电子信息类"",""计算机类""],""role_terms"":[""信息化""],""reason"":""tech_major_and_role""},""original"":{""部门代码"":""130111"",""部门名称"":""国家税务总局江苏省税务局"",""用人司局"":""国家税务总局连云港市海州区税务局"",""机构性质"":""中央国家行政机关省级以下直属机构"",""招考职位"":""一级行政执法员（三）"",""职位属性"":""普通职位"",""职位分布"":""其他职位"",""职位简介"":""从事税收信息化管理工作"",""职位代码"":""300110490003"",""机构层级"":""县（区）级及以下"",""考试类别"":""行政执法类"",""招考人数"":""2"",""专业"":""电子信息类、计算机类"",""学历"":""本科及以上"",""学位"":""与最高学历相对应的学位"",""政治面貌"":""不限"",""基层工作最低年限"":""无限制"",""服务基层项目工作经历"":""无限制"",""是否在面试阶段组织专业能力测试"":""否"",""面试人员比例"":""3:1"",""工作地点"":""江苏省连云港市海州区"",""落户地点"":""江苏省连云港市海州区"",""备注"":""2026届高校毕业生，本单位不提供宿舍，在本单位最低服务年限为5年"",""部门网站"":""https://jiangsu.chinatax.gov.cn/"",""咨询电话1"":""025-86634478"",""咨询电话2"":"""",""咨询电话3"":"""",""来源Sheet"":""中央国家行政机关省级以下直属机构""}}"
"government_jobs","国家公务员2026招考简章","公务员/事业单位技术岗位","江苏省连云港市连云区","2026-07-28T09:12:58.310295+00:00","一级行政执法员（二）","国家税务总局江苏省税务局","","江苏省连云港市连云区","公务员/事业单位;2026;computer_software;electronics_communication;仅限本科;学士;电子信息类、计算机类;行政执法类","用人司局：国家税务总局连云港市连云区税务局
职位简介：从事税收信息化管理工作
专业要求：电子信息类、计算机类
学历要求：仅限本科
学位要求：学士
政治面貌：不限
基层工作经历：无限制
考试类别：行政执法类
备注：2026届高校毕业生，本单位不提供宿舍，在本单位最低服务年限为5年","http://bm.scs.gov.cn/kl2026#130111-300110495002","2025-10-14","{""dataset_year"":2026,""job_uid"":""GOV-2026-130111-300110495002"",""publisher"":""国家公务员局"",""publication_page"":""http://bm.scs.gov.cn/kl2026"",""attachment_url"":""local://2026_guokao_zhaokaojianzhang.zip"",""local_source_file"":""中央机关及其直属机构2026年度考试录用公务员招考简章.xls"",""local_source_sha256"":""2670bae1df1dd07a3a3c79b9db46a11e3bb15a6c9c249e6af98bfd0b61ce3aaf"",""source_sheet"":""中央国家行政机关省级以下直属机构"",""filter_version"":""government_tech_v2"",""tech_filter"":{""is_tech"":true,""is_core_tech"":true,""scope"":""core"",""categories"":[""computer_software"",""electronics_communication""],""matched_fields"":[""major"",""description""],""major_terms"":[""电子信息类"",""计算机类""],""role_terms"":[""信息化""],""reason"":""tech_major_and_role""},""original"":{""部门代码"":""130111"",""部门名称"":""国家税务总局江苏省税务局"",""用人司局"":""国家税务总局连云港市连云区税务局"",""机构性质"":""中央国家行政机关省级以下直属机构"",""招考职位"":""一级行政执法员（二）"",""职位属性"":""普通职位"",""职位分布"":""其他职位"",""职位简介"":""从事税收信息化管理工作"",""职位代码"":""300110495002"",""机构层级"":""县（区）级及以下"",""考试类别"":""行政执法类"",""招考人数"":""1"",""专业"":""电子信息类、计算机类"",""学历"":""仅限本科"",""学位"":""学士"",""政治面貌"":""不限"",""基层工作最低年限"":""无限制"",""服务基层项目工作经历"":""无限制"",""是否在面试阶段组织专业能力测试"":""否"",""面试人员比例"":""3:1"",""工作地点"":""江苏省连云港市连云区"",""落户地点"":""江苏省连云港市连云区"",""备注"":""2026届高校毕业生，本单位不提供宿舍，在本单位最低服务年限为5年"",""部门网站"":""https://jiangsu.chinatax.gov.cn/"",""咨询电话1"":""025-86634478"",""咨询电话2"":"""",""咨询电话3"":"""",""来源Sheet"":""中央国家行政机关省级以下直属机构""}}"
"government_jobs","国家公务员2026招考简章","公务员/事业单位技术岗位","江苏省连云港市赣榆区","2026-07-28T09:12:58.310295+00:00","一级行政执法员（三）","国家税务总局江苏省税务局","","江苏省连云港市赣榆区","公务员/事业单位;2026;computer_software;electronics_communication;本科及以上;与最高学历相对应的学位;电子信息类、计算机类;行政执法类","用人司局：国家税务总局连云港市赣榆区税务局
职位简介：从事税收信息化管理工作
专业要求：电子信息类、计算机类
学历要求：本科及以上
学位要求：与最高学历相对应的学位
政治面貌：不限
基层工作经历：无限制
考试类别：行政执法类
备注：2026届高校毕业生，本单位不提供宿舍，在本单位最低服务年限为5年","http://bm.scs.gov.cn/kl2026#130111-300110500003","2025-10-14","{""dataset_year"":2026,""job_uid"":""GOV-2026-130111-300110500003"",""publisher"":""国家公务员局"",""publication_page"":""http://bm.scs.gov.cn/kl2026"",""attachment_url"":""local://2026_guokao_zhaokaojianzhang.zip"",""local_source_file"":""中央机关及其直属机构2026年度考试录用公务员招考简章.xls"",""local_source_sha256"":""2670bae1df1dd07a3a3c79b9db46a11e3bb15a6c9c249e6af98bfd0b61ce3aaf"",""source_sheet"":""中央国家行政机关省级以下直属机构"",""filter_version"":""government_tech_v2"",""tech_filter"":{""is_tech"":true,""is_core_tech"":true,""scope"":""core"",""categories"":[""computer_software"",""electronics_communication""],""matched_fields"":[""major"",""description""],""major_terms"":[""电子信息类"",""计算机类""],""role_terms"":[""信息化""],""reason"":""tech_major_and_role""},""original"":{""部门代码"":""130111"",""部门名称"":""国家税务总局江苏省税务局"",""用人司局"":""国家税务总局连云港市赣榆区税务局"",""机构性质"":""中央国家行政机关省级以下直属机构"",""招考职位"":""一级行政执法员（三）"",""职位属性"":""普通职位"",""职位分布"":""其他职位"",""职位简介"":""从事税收信息化管理工作"",""职位代码"":""300110500003"",""机构层级"":""县（区）级及以下"",""考试类别"":""行政执法类"",""招考人数"":""3"",""专业"":""电子信息类、计算机类"",""学历"":""本科及以上"",""学位"":""与最高学历相对应的学位"",""政治面貌"":""不限"",""基层工作最低年限"":""无限制"",""服务基层项目工作经历"":""无限制"",""是否在面试阶段组织专业能力测试"":""否"",""面试人员比例"":""3:1"",""工作地点"":""江苏省连云港市赣榆区"",""落户地点"":""江苏省连云港市赣榆区"",""备注"":""2026届高校毕业生，本单位不提供宿舍，在本单位最低服务年限为5年"",""部门网站"":""https://jiangsu.chinatax.gov.cn/"",""咨询电话1"":""025-86634478"",""咨询电话2"":"""",""咨询电话3"":"""",""来源Sheet"":""中央国家行政机关省级以下直属机构""}}"
"government_jobs","国家公务员2026招考简章","公务员/事业单位技术岗位","江苏省连云港市东海县","2026-07-28T09:12:58.310295+00:00","一级行政执法员（五）","国家税务总局江苏省税务局","","江苏省连云港市东海县","公务员/事业单位;2026;computer_software;electronics_communication;本科及以上;与最高学历相对应的学位;电子信息类、计算机类;行政执法类","用人司局：国家税务总局东海县税务局
职位简介：从事税收信息化管理工作
专业要求：电子信息类、计算机类
学历要求：本科及以上
学位要求：与最高学历相对应的学位
政治面貌：不限
基层工作经历：无限制
考试类别：行政执法类
备注：2026届高校毕业生，本单位不提供宿舍，在本单位最低服务年限为5年","http://bm.scs.gov.cn/kl2026#130111-300110505005","2025-10-14","{""dataset_year"":2026,""job_uid"":""GOV-2026-130111-300110505005"",""publisher"":""国家公务员局"",""publication_page"":""http://bm.scs.gov.cn/kl2026"",""attachment_url"":""local://2026_guokao_zhaokaojianzhang.zip"",""local_source_file"":""中央机关及其直属机构2026年度考试录用公务员招考简章.xls"",""local_source_sha256"":""2670bae1df1dd07a3a3c79b9db46a11e3bb15a6c9c249e6af98bfd0b61ce3aaf"",""source_sheet"":""中央国家行政机关省级以下直属机构"",""filter_version"":""government_tech_v2"",""tech_filter"":{""is_tech"":true,""is_core_tech"":true,""scope"":""core"",""categories"":[""computer_software"",""electronics_communication""],""matched_fields"":[""major"",""description""],""major_terms"":[""电子信息类"",""计算机类""],""role_terms"":[""信息化""],""reason"":""tech_major_and_role""},""original"":{""部门代码"":""130111"",""部门名称"":""国家税务总局江苏省税务局"",""用人司局"":""国家税务总局东海县税务局"",""机构性质"":""中央国家行政机关省级以下直属机构"",""招考职位"":""一级行政执法员（五）"",""职位属性"":""普通职位"",""职位分布"":""其他职位"",""职位简介"":""从事税收信息化管理工作"",""职位代码"":""300110505005"",""机构层级"":""县（区）级及以下"",""考试类别"":""行政执法类"",""招考人数"":""2"",""专业"":""电子信息类、计算机类"",""学历"":""本科及以上"",""学位"":""与最高学历相对应的学位"",""政治面貌"":""不限"",""基层工作最低年限"":""无限制"",""服务基层项目工作经历"":""无限制"",""是否在面试阶段组织专业能力测试"":""否"",""面试人员比例"":""3:1"",""工作地点"":""江苏省连云港市东海县"",""落户地点"":""江苏省连云港市东海县"",""备注"":""2026届高校毕业生，本单位不提供宿舍，在本单位最低服务年限为5年"",""部门网站"":""https://jiangsu.chinatax.gov.cn/"",""咨询电话1"":""025-86634478"",""咨询电话2"":"""",""咨询电话3"":"""",""来源Sheet"":""中央国家行政机关省级以下直属机构""}}"
"government_jobs","国家公务员2026招考简章","公务员/事业单位技术岗位","江苏省连云港市灌云县","2026-07-28T09:12:58.310295+00:00","一级行政执法员（三）","国家税务总局江苏省税务局","","江苏省连云港市灌云县","公务员/事业单位;2026;computer_software;electronics_communication;本科及以上;与最高学历相对应的学位;电子信息类、计算机类;行政执法类","用人司局：国家税务总局灌云县税务局
职位简介：从事税收信息化管理工作
专业要求：电子信息类、计算机类
学历要求：本科及以上
学位要求：与最高学历相对应的学位
政治面貌：不限
基层工作经历：无限制
考试类别：行政执法类
备注：本单位不提供宿舍，在本单位最低服务年限为5年","http://bm.scs.gov.cn/kl2026#130111-300110510003","2025-10-14","{""dataset_year"":2026,""job_uid"":""GOV-2026-130111-300110510003"",""publisher"":""国家公务员局"",""publication_page"":""http://bm.scs.gov.cn/kl2026"",""attachment_url"":""local://2026_guokao_zhaokaojianzhang.zip"",""local_source_file"":""中央机关及其直属机构2026年度考试录用公务员招考简章.xls"",""local_source_sha256"":""2670bae1df1dd07a3a3c79b9db46a11e3bb15a6c9c249e6af98bfd0b61ce3aaf"",""source_sheet"":""中央国家行政机关省级以下直属机构"",""filter_version"":""government_tech_v2"",""tech_filter"":{""is_tech"":true,""is_core_tech"":true,""scope"":""core"",""categories"":[""computer_software"",""electronics_communication""],""matched_fields"":[""major"",""description""],""major_terms"":[""电子信息类"",""计算机类""],""role_terms"":[""信息化""],""reason"":""tech_major_and_role""},""original"":{""部门代码"":""130111"",""部门名称"":""国家税务总局江苏省税务局"",""用人司局"":""国家税务总局灌云县税务局"",""机构性质"":""中央国家行政机关省级以下直属机构"",""招考职位"":""一级行政执法员（三）"",""职位属性"":""普通职位"",""职位分布"":""其他职位"",""职位简介"":""从事税收信息化管理工作"",""职位代码"":""300110510003"",""机构层级"":""县（区）级及以下"",""考试类别"":""行政执法类"",""招考人数"":""2"",""专业"":""电子信息类、计算机类"",""学历"":""本科及以上"",""学位"":""与最高学历相对应的学位"",""政治面貌"":""不限"",""基层工作最低年限"":""无限制"",""服务基层项目工作经历"":""无限制"",""是否在面试阶段组织专业能力测试"":""否"",""面试人员比例"":""3:1"",""工作地点"":""江苏省连云港市灌云县"",""落户地点"":""江苏省连云港市灌云县"",""备注"":""本单位不提供宿舍，在本单位最低服务年限为5年"",""部门网站"":""https://jiangsu.chinatax.gov.cn/"",""咨询电话1"":""025-86634478"",""咨询电话2"":"""",""咨询电话3"":"""",""来源Sheet"":""中央国家行政机关省级以下直属机构""}}"
"government_jobs","国家公务员2026招考简章","公务员/事业单位技术岗位","江苏省淮安市淮阴区","2026-07-28T09:12:58.310295+00:00","一级行政执法员（五）","国家税务总局江苏省税务局","","江苏省淮安市淮阴区","公务员/事业单位;2026;computer_software;electronics_communication;本科及以上;与最高学历相对应的学位;电子信息类、计算机类;行政执法类","用人司局：国家税务总局淮安市淮阴区税务局
职位简介：从事税收信息化管理工作
专业要求：电子信息类、计算机类
学历要求：本科及以上
学位要求：与最高学历相对应的学位
政治面貌：不限
基层工作经历：无限制
考试类别：行政执法类
备注：2026届高校毕业生，本单位不提供宿舍，在本单位最低服务年限为5年","http://bm.scs.gov.cn/kl2026#130111-300110550005","2025-10-14","{""dataset_year"":2026,""job_uid"":""GOV-2026-130111-300110550005"",""publisher"":""国家公务员局"",""publication_page"":""http://bm.scs.gov.cn/kl2026"",""attachment_url"":""local://2026_guokao_zhaokaojianzhang.zip"",""local_source_file"":""中央机关及其直属机构2026年度考试录用公务员招考简章.xls"",""local_source_sha256"":""2670bae1df1dd07a3a3c79b9db46a11e3bb15a6c9c249e6af98bfd0b61ce3aaf"",""source_sheet"":""中央国家行政机关省级以下直属机构"",""filter_version"":""government_tech_v2"",""tech_filter"":{""is_tech"":true,""is_core_tech"":true,""scope"":""core"",""categories"":[""computer_software"",""electronics_communication""],""matched_fields"":[""major"",""description""],""major_terms"":[""电子信息类"",""计算机类""],""role_terms"":[""信息化""],""reason"":""tech_major_and_role""},""original"":{""部门代码"":""130111"",""部门名称"":""国家税务总局江苏省税务局"",""用人司局"":""国家税务总局淮安市淮阴区税务局"",""机构性质"":""中央国家行政机关省级以下直属机构"",""招考职位"":""一级行政执法员（五）"",""职位属性"":""普通职位"",""职位分布"":""其他职位"",""职位简介"":""从事税收信息化管理工作"",""职位代码"":""300110550005"",""机构层级"":""县（区）级及以下"",""考试类别"":""行政执法类"",""招考人数"":""1"",""专业"":""电子信息类、计算机类"",""学历"":""本科及以上"",""学位"":""与最高学历相对应的学位"",""政治面貌"":""不限"",""基层工作最低年限"":""无限制"",""服务基层项目工作经历"":""无限制"",""是否在面试阶段组织专业能力测试"":""否"",""面试人员比例"":""3:1"",""工作地点"":""江苏省淮安市淮阴区"",""落户地点"":""江苏省淮安市淮阴区"",""备注"":""2026届高校毕业生，本单位不提供宿舍，在本单位最低服务年限为5年"",""部门网站"":""https://jiangsu.chinatax.gov.cn/"",""咨询电话1"":""025-86634478"",""咨询电话2"":"""",""咨询电话3"":"""",""来源Sheet"":""中央国家行政机关省级以下直属机构""}}"
"government_jobs","国家公务员2026招考简章","公务员/事业单位技术岗位","江苏省淮安市洪泽区","2026-07-28T09:12:58.310295+00:00","一级行政执法员（三）","国家税务总局江苏省税务局","","江苏省淮安市洪泽区","公务员/事业单位;2026;computer_software;electronics_communication;本科及以上;与最高学历相对应的学位;电子信息类、计算机类;行政执法类","用人司局：国家税务总局淮安市洪泽区税务局
职位简介：从事税收信息化管理工作
专业要求：电子信息类、计算机类
学历要求：本科及以上
学位要求：与最高学历相对应的学位
政治面貌：不限
基层工作经历：无限制
考试类别：行政执法类
备注：2026届高校毕业生，本单位不提供宿舍，在本单位最低服务年限为5年","http://bm.scs.gov.cn/kl2026#130111-300110560003","2025-10-14","{""dataset_year"":2026,""job_uid"":""GOV-2026-130111-300110560003"",""publisher"":""国家公务员局"",""publication_page"":""http://bm.scs.gov.cn/kl2026"",""attachment_url"":""local://2026_guokao_zhaokaojianzhang.zip"",""local_source_file"":""中央机关及其直属机构2026年度考试录用公务员招考简章.xls"",""local_source_sha256"":""2670bae1df1dd07a3a3c79b9db46a11e3bb15a6c9c249e6af98bfd0b61ce3aaf"",""source_sheet"":""中央国家行政机关省级以下直属机构"",""filter_version"":""government_tech_v2"",""tech_filter"":{""is_tech"":true,""is_core_tech"":true,""scope"":""core"",""categories"":[""computer_software"",""electronics_communication""],""matched_fields"":[""major"",""description""],""major_terms"":[""电子信息类"",""计算机类""],""role_terms"":[""信息化""],""reason"":""tech_major_and_role""},""original"":{""部门代码"":""130111"",""部门名称"":""国家税务总局江苏省税务局"",""用人司局"":""国家税务总局淮安市洪泽区税务局"",""机构性质"":""中央国家行政机关省级以下直属机构"",""招考职位"":""一级行政执法员（三）"",""职位属性"":""普通职位"",""职位分布"":""其他职位"",""职位简介"":""从事税收信息化管理工作"",""职位代码"":""300110560003"",""机构层级"":""县（区）级及以下"",""考试类别"":""行政执法类"",""招考人数"":""2"",""专业"":""电子信息类、计算机类"",""学历"":""本科及以上"",""学位"":""与最高学历相对应的学位"",""政治面貌"":""不限"",""基层工作最低年限"":""无限制"",""服务基层项目工作经历"":""无限制"",""是否在面试阶段组织专业能力测试"":""否"",""面试人员比例"":""3:1"",""工作地点"":""江苏省淮安市洪泽区"",""落户地点"":""江苏省淮安市洪泽区"",""备注"":""2026届高校毕业生，本单位不提供宿舍，在本单位最低服务年限为5年"",""部门网站"":""https://jiangsu.chinatax.gov.cn/"",""咨询电话1"":""025-86634478"",""咨询电话2"":"""",""咨询电话3"":"""",""来源Sheet"":""中央国家行政机关省级以下直属机构""}}"
"government_jobs","国家公务员2026招考简章","公务员/事业单位技术岗位","江苏省淮安市涟水县","2026-07-28T09:12:58.310295+00:00","一级行政执法员（五）","国家税务总局江苏省税务局","","江苏省淮安市涟水县","公务员/事业单位;2026;computer_software;electronics_communication;本科及以上;与最高学历相对应的学位;电子信息类、计算机类;行政执法类","用人司局：国家税务总局涟水县税务局
职位简介：从事税收信息化管理工作
专业要求：电子信息类、计算机类
学历要求：本科及以上
学位要求：与最高学历相对应的学位
政治面貌：不限
基层工作经历：无限制
考试类别：行政执法类
备注：2026届高校毕业生，本单位不提供宿舍，在本单位最低服务年限为5年","http://bm.scs.gov.cn/kl2026#130111-300110565005","2025-10-14","{""dataset_year"":2026,""job_uid"":""GOV-2026-130111-300110565005"",""publisher"":""国家公务员局"",""publication_page"":""http://bm.scs.gov.cn/kl2026"",""attachment_url"":""local://2026_guokao_zhaokaojianzhang.zip"",""local_source_file"":""中央机关及其直属机构2026年度考试录用公务员招考简章.xls"",""local_source_sha256"":""2670bae1df1dd07a3a3c79b9db46a11e3bb15a6c9c249e6af98bfd0b61ce3aaf"",""source_sheet"":""中央国家行政机关省级以下直属机构"",""filter_version"":""government_tech_v2"",""tech_filter"":{""is_tech"":true,""is_core_tech"":true,""scope"":""core"",""categories"":[""computer_software"",""electronics_communication""],""matched_fields"":[""major"",""description""],""major_terms"":[""电子信息类"",""计算机类""],""role_terms"":[""信息化""],""reason"":""tech_major_and_role""},""original"":{""部门代码"":""130111"",""部门名称"":""国家税务总局江苏省税务局"",""用人司局"":""国家税务总局涟水县税务局"",""机构性质"":""中央国家行政机关省级以下直属机构"",""招考职位"":""一级行政执法员（五）"",""职位属性"":""普通职位"",""职位分布"":""其他职位"",""职位简介"":""从事税收信息化管理工作"",""职位代码"":""300110565005"",""机构层级"":""县（区）级及以下"",""考试类别"":""行政执法类"",""招考人数"":""3"",""专业"":""电子信息类、计算机类"",""学历"":""本科及以上"",""学位"":""与最高学历相对应的学位"",""政治面貌"":""不限"",""基层工作最低年限"":""无限制"",""服务基层项目工作经历"":""无限制"",""是否在面试阶段组织专业能力测试"":""否"",""面试人员比例"":""3:1"",""工作地点"":""江苏省淮安市涟水县"",""落户地点"":""江苏省淮安市涟水县"",""备注"":""2026届高校毕业生，本单位不提供宿舍，在本单位最低服务年限为5年"",""部门网站"":""https://jiangsu.chinatax.gov.cn/"",""咨询电话1"":""025-86634478"",""咨询电话2"":"""",""咨询电话3"":"""",""来源Sheet"":""中央国家行政机关省级以下直属机构""}}"
"government_jobs","国家公务员2026招考简章","公务员/事业单位技术岗位","江苏省淮安市盱眙县","2026-07-28T09:12:58.310295+00:00","一级行政执法员（五）","国家税务总局江苏省税务局","","江苏省淮安市盱眙县","公务员/事业单位;2026;computer_software;electronics_communication;本科及以上;与最高学历相对应的学位;电子信息类、计算机类;行政执法类","用人司局：国家税务总局盱眙县税务局
职位简介：从事税收信息化管理工作
专业要求：电子信息类、计算机类
学历要求：本科及以上
学位要求：与最高学历相对应的学位
政治面貌：不限
基层工作经历：无限制
考试类别：行政执法类
备注：2026届高校毕业生，本单位不提供宿舍，在本单位最低服务年限为5年","http://bm.scs.gov.cn/kl2026#130111-300110575005","2025-10-14","{""dataset_year"":2026,""job_uid"":""GOV-2026-130111-300110575005"",""publisher"":""国家公务员局"",""publication_page"":""http://bm.scs.gov.cn/kl2026"",""attachment_url"":""local://2026_guokao_zhaokaojianzhang.zip"",""local_source_file"":""中央机关及其直属机构2026年度考试录用公务员招考简章.xls"",""local_source_sha256"":""2670bae1df1dd07a3a3c79b9db46a11e3bb15a6c9c249e6af98bfd0b61ce3aaf"",""source_sheet"":""中央国家行政机关省级以下直属机构"",""filter_version"":""government_tech_v2"",""tech_filter"":{""is_tech"":true,""is_core_tech"":true,""scope"":""core"",""categories"":[""computer_software"",""electronics_communication""],""matched_fields"":[""major"",""description""],""major_terms"":[""电子信息类"",""计算机类""],""role_terms"":[""信息化""],""reason"":""tech_major_and_role""},""original"":{""部门代码"":""130111"",""部门名称"":""国家税务总局江苏省税务局"",""用人司局"":""国家税务总局盱眙县税务局"",""机构性质"":""中央国家行政机关省级以下直属机构"",""招考职位"":""一级行政执法员（五）"",""职位属性"":""普通职位"",""职位分布"":""其他职位"",""职位简介"":""从事税收信息化管理工作"",""职位代码"":""300110575005"",""机构层级"":""县（区）级及以下"",""考试类别"":""行政执法类"",""招考人数"":""2"",""专业"":""电子信息类、计算机类"",""学历"":""本科及以上"",""学位"":""与最高学历相对应的学位"",""政治面貌"":""不限"",""基层工作最低年限"":""无限制"",""服务基层项目工作经历"":""无限制"",""是否在面试阶段组织专业能力测试"":""否"",""面试人员比例"":""3:1"",""工作地点"":""江苏省淮安市盱眙县"",""落户地点"":""江苏省淮安市盱眙县"",""备注"":""2026届高校毕业生，本单位不提供宿舍，在本单位最低服务年限为5年"",""部门网站"":""https://jiangsu.chinatax.gov.cn/"",""咨询电话1"":""025-86634478"",""咨询电话2"":"""",""咨询电话3"":"""",""来源Sheet"":""中央国家行政机关省级以下直属机构""}}"
"government_jobs","国家公务员2026招考简章","公务员/事业单位技术岗位","江苏省盐城市大丰区","2026-07-28T09:12:58.310295+00:00","一级行政执法员（五）","国家税务总局江苏省税务局","","江苏省盐城市大丰区","公务员/事业单位;2026;computer_software;electronics_communication;本科及以上;与最高学历相对应的学位;电子信息类、计算机类;行政执法类","用人司局：国家税务总局盐城市大丰区税务局
职位简介：从事税收信息化管理工作
专业要求：电子信息类、计算机类
学历要求：本科及以上
学位要求：与最高学历相对应的学位
政治面貌：不限
基层工作经历：无限制
考试类别：行政执法类
备注：2026届高校毕业生，本单位不提供宿舍，在本单位最低服务年限为5年","http://bm.scs.gov.cn/kl2026#130111-300110615005","2025-10-14","{""dataset_year"":2026,""job_uid"":""GOV-2026-130111-300110615005"",""publisher"":""国家公务员局"",""publication_page"":""http://bm.scs.gov.cn/kl2026"",""attachment_url"":""local://2026_guokao_zhaokaojianzhang.zip"",""local_source_file"":""中央机关及其直属机构2026年度考试录用公务员招考简章.xls"",""local_source_sha256"":""2670bae1df1dd07a3a3c79b9db46a11e3bb15a6c9c249e6af98bfd0b61ce3aaf"",""source_sheet"":""中央国家行政机关省级以下直属机构"",""filter_version"":""government_tech_v2"",""tech_filter"":{""is_tech"":true,""is_core_tech"":true,""scope"":""core"",""categories"":[""computer_software"",""electronics_communication""],""matched_fields"":[""major"",""description""],""major_terms"":[""电子信息类"",""计算机类""],""role_terms"":[""信息化""],""reason"":""tech_major_and_role""},""original"":{""部门代码"":""130111"",""部门名称"":""国家税务总局江苏省税务局"",""用人司局"":""国家税务总局盐城市大丰区税务局"",""机构性质"":""中央国家行政机关省级以下直属机构"",""招考职位"":""一级行政执法员（五）"",""职位属性"":""普通职位"",""职位分布"":""其他职位"",""职位简介"":""从事税收信息化管理工作"",""职位代码"":""300110615005"",""机构层级"":""县（区）级及以下"",""考试类别"":""行政执法类"",""招考人数"":""2"",""专业"":""电子信息类、计算机类"",""学历"":""本科及以上"",""学位"":""与最高学历相对应的学位"",""政治面貌"":""不限"",""基层工作最低年限"":""无限制"",""服务基层项目工作经历"":""无限制"",""是否在面试阶段组织专业能力测试"":""否"",""面试人员比例"":""3:1"",""工作地点"":""江苏省盐城市大丰区"",""落户地点"":""江苏省盐城市大丰区"",""备注"":""2026届高校毕业生，本单位不提供宿舍，在本单位最低服务年限为5年"",""部门网站"":""https://jiangsu.chinatax.gov.cn/"",""咨询电话1"":""025-86634478"",""咨询电话2"":"""",""咨询电话3"":"""",""来源Sheet"":""中央国家行政机关省级以下直属机构""}}"
"government_jobs","国家公务员2026招考简章","公务员/事业单位技术岗位","江苏省盐城市盐都区","2026-07-28T09:12:58.310295+00:00","一级行政执法员（四）","国家税务总局江苏省税务局","","江苏省盐城市盐都区","公务员/事业单位;2026;computer_software;electronics_communication;本科及以上;与最高学历相对应的学位;电子信息类、计算机类;行政执法类","用人司局：国家税务总局盐城市盐都区税务局
职位简介：从事税收信息化管理工作
专业要求：电子信息类、计算机类
学历要求：本科及以上
学位要求：与最高学历相对应的学位
政治面貌：不限
基层工作经历：无限制
考试类别：行政执法类
备注：2026届高校毕业生，本单位不提供宿舍，在本单位最低服务年限为5年","http://bm.scs.gov.cn/kl2026#130111-300110620004","2025-10-14","{""dataset_year"":2026,""job_uid"":""GOV-2026-130111-300110620004"",""publisher"":""国家公务员局"",""publication_page"":""http://bm.scs.gov.cn/kl2026"",""attachment_url"":""local://2026_guokao_zhaokaojianzhang.zip"",""local_source_file"":""中央机关及其直属机构2026年度考试录用公务员招考简章.xls"",""local_source_sha256"":""2670bae1df1dd07a3a3c79b9db46a11e3bb15a6c9c249e6af98bfd0b61ce3aaf"",""source_sheet"":""中央国家行政机关省级以下直属机构"",""filter_version"":""government_tech_v2"",""tech_filter"":{""is_tech"":true,""is_core_tech"":true,""scope"":""core"",""categories"":[""computer_software"",""electronics_communication""],""matched_fields"":[""major"",""description""],""major_terms"":[""电子信息类"",""计算机类""],""role_terms"":[""信息化""],""reason"":""tech_major_and_role""},""original"":{""部门代码"":""130111"",""部门名称"":""国家税务总局江苏省税务局"",""用人司局"":""国家税务总局盐城市盐都区税务局"",""机构性质"":""中央国家行政机关省级以下直属机构"",""招考职位"":""一级行政执法员（四）"",""职位属性"":""普通职位"",""职位分布"":""其他职位"",""职位简介"":""从事税收信息化管理工作"",""职位代码"":""300110620004"",""机构层级"":""县（区）级及以下"",""考试类别"":""行政执法类"",""招考人数"":""3"",""专业"":""电子信息类、计算机类"",""学历"":""本科及以上"",""学位"":""与最高学历相对应的学位"",""政治面貌"":""不限"",""基层工作最低年限"":""无限制"",""服务基层项目工作经历"":""无限制"",""是否在面试阶段组织专业能力测试"":""否"",""面试人员比例"":""3:1"",""工作地点"":""江苏省盐城市盐都区"",""落户地点"":""江苏省盐城市盐都区"",""备注"":""2026届高校毕业生，本单位不提供宿舍，在本单位最低服务年限为5年"",""部门网站"":""https://jiangsu.chinatax.gov.cn/"",""咨询电话1"":""025-86634478"",""咨询电话2"":"""",""咨询电话3"":"""",""来源Sheet"":""中央国家行政机关省级以下直属机构""}}"
"government_jobs","国家公务员2026招考简章","公务员/事业单位技术岗位","江苏省盐城市东台市","2026-07-28T09:12:58.310295+00:00","一级行政执法员（四）","国家税务总局江苏省税务局","","江苏省盐城市东台市","公务员/事业单位;2026;computer_software;electronics_communication;本科及以上;与最高学历相对应的学位;电子信息类、计算机类;行政执法类","用人司局：国家税务总局东台市税务局
职位简介：从事税收信息化管理工作
专业要求：电子信息类、计算机类
学历要求：本科及以上
学位要求：与最高学历相对应的学位
政治面貌：不限
基层工作经历：无限制
考试类别：行政执法类
备注：2026届高校毕业生，本单位不提供宿舍，在本单位最低服务年限为5年","http://bm.scs.gov.cn/kl2026#130111-300110625004","2025-10-14","{""dataset_year"":2026,""job_uid"":""GOV-2026-130111-300110625004"",""publisher"":""国家公务员局"",""publication_page"":""http://bm.scs.gov.cn/kl2026"",""attachment_url"":""local://2026_guokao_zhaokaojianzhang.zip"",""local_source_file"":""中央机关及其直属机构2026年度考试录用公务员招考简章.xls"",""local_source_sha256"":""2670bae1df1dd07a3a3c79b9db46a11e3bb15a6c9c249e6af98bfd0b61ce3aaf"",""source_sheet"":""中央国家行政机关省级以下直属机构"",""filter_version"":""government_tech_v2"",""tech_filter"":{""is_tech"":true,""is_core_tech"":true,""scope"":""core"",""categories"":[""computer_software"",""electronics_communication""],""matched_fields"":[""major"",""description""],""major_terms"":[""电子信息类"",""计算机类""],""role_terms"":[""信息化""],""reason"":""tech_major_and_role""},""original"":{""部门代码"":""130111"",""部门名称"":""国家税务总局江苏省税务局"",""用人司局"":""国家税务总局东台市税务局"",""机构性质"":""中央国家行政机关省级以下直属机构"",""招考职位"":""一级行政执法员（四）"",""职位属性"":""普通职位"",""职位分布"":""其他职位"",""职位简介"":""从事税收信息化管理工作"",""职位代码"":""300110625004"",""机构层级"":""县（区）级及以下"",""考试类别"":""行政执法类"",""招考人数"":""2"",""专业"":""电子信息类、计算机类"",""学历"":""本科及以上"",""学位"":""与最高学历相对应的学位"",""政治面貌"":""不限"",""基层工作最低年限"":""无限制"",""服务基层项目工作经历"":""无限制"",""是否在面试阶段组织专业能力测试"":""否"",""面试人员比例"":""3:1"",""工作地点"":""江苏省盐城市东台市"",""落户地点"":""江苏省盐城市东台市"",""备注"":""2026届高校毕业生，本单位不提供宿舍，在本单位最低服务年限为5年"",""部门网站"":""https://jiangsu.chinatax.gov.cn/"",""咨询电话1"":""025-86634478"",""咨询电话2"":"""",""咨询电话3"":"""",""来源Sheet"":""中央国家行政机关省级以下直属机构""}}"
"government_jobs","国家公务员2026招考简章","公务员/事业单位技术岗位","江苏省盐城市射阳县","2026-07-28T09:12:58.310295+00:00","一级行政执法员（四）","国家税务总局江苏省税务局","","江苏省盐城市射阳县","公务员/事业单位;2026;computer_software;electronics_communication;仅限本科;学士;电子信息类、计算机类;行政执法类","用人司局：国家税务总局射阳县税务局
职位简介：从事税收信息化管理工作
专业要求：电子信息类、计算机类
学历要求：仅限本科
学位要求：学士
政治面貌：不限
基层工作经历：无限制
考试类别：行政执法类
备注：2026届高校毕业生，本单位不提供宿舍，在本单位最低服务年限为5年","http://bm.scs.gov.cn/kl2026#130111-300110635004","2025-10-14","{""dataset_year"":2026,""job_uid"":""GOV-2026-130111-300110635004"",""publisher"":""国家公务员局"",""publication_page"":""http://bm.scs.gov.cn/kl2026"",""attachment_url"":""local://2026_guokao_zhaokaojianzhang.zip"",""local_source_file"":""中央机关及其直属机构2026年度考试录用公务员招考简章.xls"",""local_source_sha256"":""2670bae1df1dd07a3a3c79b9db46a11e3bb15a6c9c249e6af98bfd0b61ce3aaf"",""source_sheet"":""中央国家行政机关省级以下直属机构"",""filter_version"":""government_tech_v2"",""tech_filter"":{""is_tech"":true,""is_core_tech"":true,""scope"":""core"",""categories"":[""computer_software"",""electronics_communication""],""matched_fields"":[""major"",""description""],""major_terms"":[""电子信息类"",""计算机类""],""role_terms"":[""信息化""],""reason"":""tech_major_and_role""},""original"":{""部门代码"":""130111"",""部门名称"":""国家税务总局江苏省税务局"",""用人司局"":""国家税务总局射阳县税务局"",""机构性质"":""中央国家行政机关省级以下直属机构"",""招考职位"":""一级行政执法员（四）"",""职位属性"":""普通职位"",""职位分布"":""其他职位"",""职位简介"":""从事税收信息化管理工作"",""职位代码"":""300110635004"",""机构层级"":""县（区）级及以下"",""考试类别"":""行政执法类"",""招考人数"":""2"",""专业"":""电子信息类、计算机类"",""学历"":""仅限本科"",""学位"":""学士"",""政治面貌"":""不限"",""基层工作最低年限"":""无限制"",""服务基层项目工作经历"":""无限制"",""是否在面试阶段组织专业能力测试"":""否"",""面试人员比例"":""3:1"",""工作地点"":""江苏省盐城市射阳县"",""落户地点"":""江苏省盐城市射阳县"",""备注"":""2026届高校毕业生，本单位不提供宿舍，在本单位最低服务年限为5年"",""部门网站"":""https://jiangsu.chinatax.gov.cn/"",""咨询电话1"":""025-86634478"",""咨询电话2"":"""",""咨询电话3"":"""",""来源Sheet"":""中央国家行政机关省级以下直属机构""}}"
"government_jobs","国家公务员2026招考简章","公务员/事业单位技术岗位","江苏省盐城市滨海县","2026-07-28T09:12:58.310295+00:00","一级行政执法员（三）","国家税务总局江苏省税务局","","江苏省盐城市滨海县","公务员/事业单位;2026;computer_software;electronics_communication;仅限本科;学士;电子信息类、计算机类;行政执法类","用人司局：国家税务总局滨海县税务局
职位简介：从事税收信息化管理工作
专业要求：电子信息类、计算机类
学历要求：仅限本科
学位要求：学士
政治面貌：不限
基层工作经历：无限制
考试类别：行政执法类
备注：2026届高校毕业生，本单位不提供宿舍，在本单位最低服务年限为5年","http://bm.scs.gov.cn/kl2026#130111-300110645004","2025-10-14","{""dataset_year"":2026,""job_uid"":""GOV-2026-130111-300110645004"",""publisher"":""国家公务员局"",""publication_page"":""http://bm.scs.gov.cn/kl2026"",""attachment_url"":""local://2026_guokao_zhaokaojianzhang.zip"",""local_source_file"":""中央机关及其直属机构2026年度考试录用公务员招考简章.xls"",""local_source_sha256"":""2670bae1df1dd07a3a3c79b9db46a11e3bb15a6c9c249e6af98bfd0b61ce3aaf"",""source_sheet"":""中央国家行政机关省级以下直属机构"",""filter_version"":""government_tech_v2"",""tech_filter"":{""is_tech"":true,""is_core_tech"":true,""scope"":""core"",""categories"":[""computer_software"",""electronics_communication""],""matched_fields"":[""major"",""description""],""major_terms"":[""电子信息类"",""计算机类""],""role_terms"":[""信息化""],""reason"":""tech_major_and_role""},""original"":{""部门代码"":""130111"",""部门名称"":""国家税务总局江苏省税务局"",""用人司局"":""国家税务总局滨海县税务局"",""机构性质"":""中央国家行政机关省级以下直属机构"",""招考职位"":""一级行政执法员（三）"",""职位属性"":""普通职位"",""职位分布"":""其他职位"",""职位简介"":""从事税收信息化管理工作"",""职位代码"":""300110645004"",""机构层级"":""县（区）级及以下"",""考试类别"":""行政执法类"",""招考人数"":""2"",""专业"":""电子信息类、计算机类"",""学历"":""仅限本科"",""学位"":""学士"",""政治面貌"":""不限"",""基层工作最低年限"":""无限制"",""服务基层项目工作经历"":""无限制"",""是否在面试阶段组织专业能力测试"":""否"",""面试人员比例"":""3:1"",""工作地点"":""江苏省盐城市滨海县"",""落户地点"":""江苏省盐城市滨海县"",""备注"":""2026届高校毕业生，本单位不提供宿舍，在本单位最低服务年限为5年"",""部门网站"":""https://jiangsu.chinatax.gov.cn/"",""咨询电话1"":""025-86634478"",""咨询电话2"":"""",""咨询电话3"":"""",""来源Sheet"":""中央国家行政机关省级以下直属机构""}}"
"government_jobs","国家公务员2026招考简章","公务员/事业单位技术岗位","江苏省扬州市江都区","2026-07-28T09:12:58.310295+00:00","一级行政执法员（四）","国家税务总局江苏省税务局","","江苏省扬州市江都区","公务员/事业单位;2026;computer_software;electronics_communication;本科及以上;与最高学历相对应的学位;电子信息类、计算机类;行政执法类","用人司局：国家税务总局扬州市江都区税务局
职位简介：从事税收信息化管理工作
专业要求：电子信息类、计算机类
学历要求：本科及以上
学位要求：与最高学历相对应的学位
政治面貌：不限
基层工作经历：无限制
考试类别：行政执法类
备注：2026届高校毕业生，本单位不提供宿舍，在本单位最低服务年限为5年","http://bm.scs.gov.cn/kl2026#130111-300110680007","2025-10-14","{""dataset_year"":2026,""job_uid"":""GOV-2026-130111-300110680007"",""publisher"":""国家公务员局"",""publication_page"":""http://bm.scs.gov.cn/kl2026"",""attachment_url"":""local://2026_guokao_zhaokaojianzhang.zip"",""local_source_file"":""中央机关及其直属机构2026年度考试录用公务员招考简章.xls"",""local_source_sha256"":""2670bae1df1dd07a3a3c79b9db46a11e3bb15a6c9c249e6af98bfd0b61ce3aaf"",""source_sheet"":""中央国家行政机关省级以下直属机构"",""filter_version"":""government_tech_v2"",""tech_filter"":{""is_tech"":true,""is_core_tech"":true,""scope"":""core"",""categories"":[""computer_software"",""electronics_communication""],""matched_fields"":[""major"",""description""],""major_terms"":[""电子信息类"",""计算机类""],""role_terms"":[""信息化""],""reason"":""tech_major_and_role""},""original"":{""部门代码"":""130111"",""部门名称"":""国家税务总局江苏省税务局"",""用人司局"":""国家税务总局扬州市江都区税务局"",""机构性质"":""中央国家行政机关省级以下直属机构"",""招考职位"":""一级行政执法员（四）"",""职位属性"":""普通职位"",""职位分布"":""其他职位"",""职位简介"":""从事税收信息化管理工作"",""职位代码"":""300110680007"",""机构层级"":""县（区）级及以下"",""考试类别"":""行政执法类"",""招考人数"":""2"",""专业"":""电子信息类、计算机类"",""学历"":""本科及以上"",""学位"":""与最高学历相对应的学位"",""政治面貌"":""不限"",""基层工作最低年限"":""无限制"",""服务基层项目工作经历"":""无限制"",""是否在面试阶段组织专业能力测试"":""否"",""面试人员比例"":""3:1"",""工作地点"":""江苏省扬州市江都区"",""落户地点"":""江苏省扬州市江都区"",""备注"":""2026届高校毕业生，本单位不提供宿舍，在本单位最低服务年限为5年"",""部门网站"":""https://jiangsu.chinatax.gov.cn/"",""咨询电话1"":""025-86634478"",""咨询电话2"":"""",""咨询电话3"":"""",""来源Sheet"":""中央国家行政机关省级以下直属机构""}}"
"government_jobs","国家公务员2026招考简章","公务员/事业单位技术岗位","江苏省扬州市广陵区","2026-07-28T09:12:58.310295+00:00","一级行政执法员（四）","国家税务总局江苏省税务局","","江苏省扬州市广陵区","公务员/事业单位;2026;computer_software;electronics_communication;本科及以上;与最高学历相对应的学位;电子信息类、计算机类;行政执法类","用人司局：国家税务总局扬州市广陵区税务局
职位简介：从事税收信息化管理工作
专业要求：电子信息类、计算机类
学历要求：本科及以上
学位要求：与最高学历相对应的学位
政治面貌：不限
基层工作经历：无限制
考试类别：行政执法类
备注：2026届高校毕业生，本单位不提供宿舍，在本单位最低服务年限为5年","http://bm.scs.gov.cn/kl2026#130111-300110691009","2025-10-14","{""dataset_year"":2026,""job_uid"":""GOV-2026-130111-300110691009"",""publisher"":""国家公务员局"",""publication_page"":""http://bm.scs.gov.cn/kl2026"",""attachment_url"":""local://2026_guokao_zhaokaojianzhang.zip"",""local_source_file"":""中央机关及其直属机构2026年度考试录用公务员招考简章.xls"",""local_source_sha256"":""2670bae1df1dd07a3a3c79b9db46a11e3bb15a6c9c249e6af98bfd0b61ce3aaf"",""source_sheet"":""中央国家行政机关省级以下直属机构"",""filter_version"":""government_tech_v2"",""tech_filter"":{""is_tech"":true,""is_core_tech"":true,""scope"":""core"",""categories"":[""computer_software"",""electronics_communication""],""matched_fields"":[""major"",""description""],""major_terms"":[""电子信息类"",""计算机类""],""role_terms"":[""信息化""],""reason"":""tech_major_and_role""},""original"":{""部门代码"":""130111"",""部门名称"":""国家税务总局江苏省税务局"",""用人司局"":""国家税务总局扬州市广陵区税务局"",""机构性质"":""中央国家行政机关省级以下直属机构"",""招考职位"":""一级行政执法员（四）"",""职位属性"":""普通职位"",""职位分布"":""其他职位"",""职位简介"":""从事税收信息化管理工作"",""职位代码"":""300110691009"",""机构层级"":""县（区）级及以下"",""考试类别"":""行政执法类"",""招考人数"":""2"",""专业"":""电子信息类、计算机类"",""学历"":""本科及以上"",""学位"":""与最高学历相对应的学位"",""政治面貌"":""不限"",""基层工作最低年限"":""无限制"",""服务基层项目工作经历"":""无限制"",""是否在面试阶段组织专业能力测试"":""否"",""面试人员比例"":""3:1"",""工作地点"":""江苏省扬州市广陵区"",""落户地点"":""江苏省扬州市广陵区"",""备注"":""2026届高校毕业生，本单位不提供宿舍，在本单位最低服务年限为5年"",""部门网站"":""https://jiangsu.chinatax.gov.cn/"",""咨询电话1"":""025-86634478"",""咨询电话2"":"""",""咨询电话3"":"""",""来源Sheet"":""中央国家行政机关省级以下直属机构""}}"
"government_jobs","国家公务员2026招考简章","公务员/事业单位技术岗位","江苏省扬州市仪征市","2026-07-28T09:12:58.310295+00:00","一级行政执法员（四）","国家税务总局江苏省税务局","","江苏省扬州市仪征市","公务员/事业单位;2026;computer_software;electronics_communication;本科及以上;与最高学历相对应的学位;电子信息类、计算机类;行政执法类","用人司局：国家税务总局仪征市税务局
职位简介：从事税收信息化管理工作
专业要求：电子信息类、计算机类
学历要求：本科及以上
学位要求：与最高学历相对应的学位
政治面貌：不限
基层工作经历：无限制
考试类别：行政执法类
备注：应届高校毕业生，本单位不提供宿舍，在本单位最低服务年限为5年","http://bm.scs.gov.cn/kl2026#130111-300110705010","2025-10-14","{""dataset_year"":2026,""job_uid"":""GOV-2026-130111-300110705010"",""publisher"":""国家公务员局"",""publication_page"":""http://bm.scs.gov.cn/kl2026"",""attachment_url"":""local://2026_guokao_zhaokaojianzhang.zip"",""local_source_file"":""中央机关及其直属机构2026年度考试录用公务员招考简章.xls"",""local_source_sha256"":""2670bae1df1dd07a3a3c79b9db46a11e3bb15a6c9c249e6af98bfd0b61ce3aaf"",""source_sheet"":""中央国家行政机关省级以下直属机构"",""filter_version"":""government_tech_v2"",""tech_filter"":{""is_tech"":true,""is_core_tech"":true,""scope"":""core"",""categories"":[""computer_software"",""electronics_communication""],""matched_fields"":[""major"",""description""],""major_terms"":[""电子信息类"",""计算机类""],""role_terms"":[""信息化""],""reason"":""tech_major_and_role""},""original"":{""部门代码"":""130111"",""部门名称"":""国家税务总局江苏省税务局"",""用人司局"":""国家税务总局仪征市税务局"",""机构性质"":""中央国家行政机关省级以下直属机构"",""招考职位"":""一级行政执法员（四）"",""职位属性"":""普通职位"",""职位分布"":""其他职位"",""职位简介"":""从事税收信息化管理工作"",""职位代码"":""300110705010"",""机构层级"":""县（区）级及以下"",""考试类别"":""行政执法类"",""招考人数"":""2"",""专业"":""电子信息类、计算机类"",""学历"":""本科及以上"",""学位"":""与最高学历相对应的学位"",""政治面貌"":""不限"",""基层工作最低年限"":""无限制"",""服务基层项目工作经历"":""无限制"",""是否在面试阶段组织专业能力测试"":""否"",""面试人员比例"":""3:1"",""工作地点"":""江苏省扬州市仪征市"",""落户地点"":""江苏省扬州市仪征市"",""备注"":""应届高校毕业生，本单位不提供宿舍，在本单位最低服务年限为5年"",""部门网站"":""https://jiangsu.chinatax.gov.cn/"",""咨询电话1"":""025-86634478"",""咨询电话2"":"""",""咨询电话3"":"""",""来源Sheet"":""中央国家行政机关省级以下直属机构""}}"
"government_jobs","国家公务员2026招考简章","公务员/事业单位技术岗位","江苏省扬州市","2026-07-28T09:12:58.310295+00:00","一级行政执法员（二）","国家税务总局江苏省税务局","","江苏省扬州市","公务员/事业单位;2026;computer_software;electronics_communication;本科及以上;与最高学历相对应的学位;电子信息类、计算机类;行政执法类","用人司局：国家税务总局扬州经济技术开发区税务局
职位简介：从事税收信息化管理工作
专业要求：电子信息类、计算机类
学历要求：本科及以上
学位要求：与最高学历相对应的学位
政治面貌：不限
基层工作经历：无限制
考试类别：行政执法类
备注：取得信息系统项目管理师、系统分析师、系统架构设计师、网络规划设计师、系统规划与管理师、高级项目管理师任一证书，本单位不提供宿舍，在本单位最低服务年限为5年","http://bm.scs.gov.cn/kl2026#130111-300110710002","2025-10-14","{""dataset_year"":2026,""job_uid"":""GOV-2026-130111-300110710002"",""publisher"":""国家公务员局"",""publication_page"":""http://bm.scs.gov.cn/kl2026"",""attachment_url"":""local://2026_guokao_zhaokaojianzhang.zip"",""local_source_file"":""中央机关及其直属机构2026年度考试录用公务员招考简章.xls"",""local_source_sha256"":""2670bae1df1dd07a3a3c79b9db46a11e3bb15a6c9c249e6af98bfd0b61ce3aaf"",""source_sheet"":""中央国家行政机关省级以下直属机构"",""filter_version"":""government_tech_v2"",""tech_filter"":{""is_tech"":true,""is_core_tech"":true,""scope"":""core"",""categories"":[""computer_software"",""electronics_communication""],""matched_fields"":[""major"",""description"",""remarks""],""major_terms"":[""电子信息类"",""计算机类""],""role_terms"":[""信息化"",""信息系统""],""reason"":""tech_major_and_role""},""original"":{""部门代码"":""130111"",""部门名称"":""国家税务总局江苏省税务局"",""用人司局"":""国家税务总局扬州经济技术开发区税务局"",""机构性质"":""中央国家行政机关省级以下直属机构"",""招考职位"":""一级行政执法员（二）"",""职位属性"":""普通职位"",""职位分布"":""其他职位"",""职位简介"":""从事税收信息化管理工作"",""职位代码"":""300110710002"",""机构层级"":""县（区）级及以下"",""考试类别"":""行政执法类"",""招考人数"":""1"",""专业"":""电子信息类、计算机类"",""学历"":""本科及以上"",""学位"":""与最高学历相对应的学位"",""政治面貌"":""不限"",""基层工作最低年限"":""无限制"",""服务基层项目工作经历"":""无限制"",""是否在面试阶段组织专业能力测试"":""否"",""面试人员比例"":""3:1"",""工作地点"":""江苏省扬州市"",""落户地点"":""江苏省扬州市"",""备注"":""取得信息系统项目管理师、系统分析师、系统架构设计师、网络规划设计师、系统规划与管理师、高级项目管理师任一证书，本单位不提供宿舍，在本单位最低服务年限为5年"",""部门网站"":""https://jiangsu.chinatax.gov.cn/"",""咨询电话1"":""025-86634478"",""咨询电话2"":"""",""咨询电话3"":"""",""来源Sheet"":""中央国家行政机关省级以下直属机构""}}"
"government_jobs","国家公务员2026招考简章","公务员/事业单位技术岗位","江苏省镇江市丹阳市","2026-07-28T09:12:58.310295+00:00","一级行政执法员（五）","国家税务总局江苏省税务局","","江苏省镇江市丹阳市","公务员/事业单位;2026;computer_software;electronics_communication;本科及以上;与最高学历相对应的学位;电子信息类、计算机类;行政执法类","用人司局：国家税务总局丹阳市税务局
职位简介：从事税收信息化管理工作
专业要求：电子信息类、计算机类
学历要求：本科及以上
学位要求：与最高学历相对应的学位
政治面貌：不限
基层工作经历：无限制
考试类别：行政执法类
备注：2026届高校毕业生，本单位不提供宿舍，在本单位最低服务年限为5年","http://bm.scs.gov.cn/kl2026#130111-300110755005","2025-10-14","{""dataset_year"":2026,""job_uid"":""GOV-2026-130111-300110755005"",""publisher"":""国家公务员局"",""publication_page"":""http://bm.scs.gov.cn/kl2026"",""attachment_url"":""local://2026_guokao_zhaokaojianzhang.zip"",""local_source_file"":""中央机关及其直属机构2026年度考试录用公务员招考简章.xls"",""local_source_sha256"":""2670bae1df1dd07a3a3c79b9db46a11e3bb15a6c9c249e6af98bfd0b61ce3aaf"",""source_sheet"":""中央国家行政机关省级以下直属机构"",""filter_version"":""government_tech_v2"",""tech_filter"":{""is_tech"":true,""is_core_tech"":true,""scope"":""core"",""categories"":[""computer_software"",""electronics_communication""],""matched_fields"":[""major"",""description""],""major_terms"":[""电子信息类"",""计算机类""],""role_terms"":[""信息化""],""reason"":""tech_major_and_role""},""original"":{""部门代码"":""130111"",""部门名称"":""国家税务总局江苏省税务局"",""用人司局"":""国家税务总局丹阳市税务局"",""机构性质"":""中央国家行政机关省级以下直属机构"",""招考职位"":""一级行政执法员（五）"",""职位属性"":""普通职位"",""职位分布"":""其他职位"",""职位简介"":""从事税收信息化管理工作"",""职位代码"":""300110755005"",""机构层级"":""县（区）级及以下"",""考试类别"":""行政执法类"",""招考人数"":""4"",""专业"":""电子信息类、计算机类"",""学历"":""本科及以上"",""学位"":""与最高学历相对应的学位"",""政治面貌"":""不限"",""基层工作最低年限"":""无限制"",""服务基层项目工作经历"":""无限制"",""是否在面试阶段组织专业能力测试"":""否"",""面试人员比例"":""3:1"",""工作地点"":""江苏省镇江市丹阳市"",""落户地点"":""江苏省镇江市丹阳市"",""备注"":""2026届高校毕业生，本单位不提供宿舍，在本单位最低服务年限为5年"",""部门网站"":""https://jiangsu.chinatax.gov.cn/"",""咨询电话1"":""025-86634478"",""咨询电话2"":"""",""咨询电话3"":"""",""来源Sheet"":""中央国家行政机关省级以下直属机构""}}"
"government_jobs","国家公务员2026招考简章","公务员/事业单位技术岗位","江苏省镇江市句容市","2026-07-28T09:12:58.310295+00:00","一级行政执法员（三）","国家税务总局江苏省税务局","","江苏省镇江市句容市","公务员/事业单位;2026;computer_software;electronics_communication;本科及以上;与最高学历相对应的学位;电子信息类、计算机类;行政执法类","用人司局：国家税务总局句容市税务局
职位简介：从事税收信息化管理工作
专业要求：电子信息类、计算机类
学历要求：本科及以上
学位要求：与最高学历相对应的学位
政治面貌：不限
基层工作经历：无限制
考试类别：行政执法类
备注：2026届高校毕业生，本单位不提供宿舍，在本单位最低服务年限为5年","http://bm.scs.gov.cn/kl2026#130111-300110760003","2025-10-14","{""dataset_year"":2026,""job_uid"":""GOV-2026-130111-300110760003"",""publisher"":""国家公务员局"",""publication_page"":""http://bm.scs.gov.cn/kl2026"",""attachment_url"":""local://2026_guokao_zhaokaojianzhang.zip"",""local_source_file"":""中央机关及其直属机构2026年度考试录用公务员招考简章.xls"",""local_source_sha256"":""2670bae1df1dd07a3a3c79b9db46a11e3bb15a6c9c249e6af98bfd0b61ce3aaf"",""source_sheet"":""中央国家行政机关省级以下直属机构"",""filter_version"":""government_tech_v2"",""tech_filter"":{""is_tech"":true,""is_core_tech"":true,""scope"":""core"",""categories"":[""computer_software"",""electronics_communication""],""matched_fields"":[""major"",""description""],""major_terms"":[""电子信息类"",""计算机类""],""role_terms"":[""信息化""],""reason"":""tech_major_and_role""},""original"":{""部门代码"":""130111"",""部门名称"":""国家税务总局江苏省税务局"",""用人司局"":""国家税务总局句容市税务局"",""机构性质"":""中央国家行政机关省级以下直属机构"",""招考职位"":""一级行政执法员（三）"",""职位属性"":""普通职位"",""职位分布"":""其他职位"",""职位简介"":""从事税收信息化管理工作"",""职位代码"":""300110760003"",""机构层级"":""县（区）级及以下"",""考试类别"":""行政执法类"",""招考人数"":""2"",""专业"":""电子信息类、计算机类"",""学历"":""本科及以上"",""学位"":""与最高学历相对应的学位"",""政治面貌"":""不限"",""基层工作最低年限"":""无限制"",""服务基层项目工作经历"":""无限制"",""是否在面试阶段组织专业能力测试"":""否"",""面试人员比例"":""3:1"",""工作地点"":""江苏省镇江市句容市"",""落户地点"":""江苏省镇江市句容市"",""备注"":""2026届高校毕业生，本单位不提供宿舍，在本单位最低服务年限为5年"",""部门网站"":""https://jiangsu.chinatax.gov.cn/"",""咨询电话1"":""025-86634478"",""咨询电话2"":"""",""咨询电话3"":"""",""来源Sheet"":""中央国家行政机关省级以下直属机构""}}"
"government_jobs","国家公务员2026招考简章","公务员/事业单位技术岗位","江苏省泰州市姜堰区","2026-07-28T09:12:58.310295+00:00","一级行政执法员（二）","国家税务总局江苏省税务局","","江苏省泰州市姜堰区","公务员/事业单位;2026;computer_software;electronics_communication;本科及以上;与最高学历相对应的学位;电子信息类、计算机类;行政执法类","用人司局：国家税务总局泰州市姜堰区税务局
职位简介：从事税收信息化管理工作
专业要求：电子信息类、计算机类
学历要求：本科及以上
学位要求：与最高学历相对应的学位
政治面貌：不限
基层工作经历：无限制
考试类别：行政执法类
备注：2026届高校毕业生，本单位不提供宿舍，在本单位最低服务年限为5年","http://bm.scs.gov.cn/kl2026#130111-300110805002","2025-10-14","{""dataset_year"":2026,""job_uid"":""GOV-2026-130111-300110805002"",""publisher"":""国家公务员局"",""publication_page"":""http://bm.scs.gov.cn/kl2026"",""attachment_url"":""local://2026_guokao_zhaokaojianzhang.zip"",""local_source_file"":""中央机关及其直属机构2026年度考试录用公务员招考简章.xls"",""local_source_sha256"":""2670bae1df1dd07a3a3c79b9db46a11e3bb15a6c9c249e6af98bfd0b61ce3aaf"",""source_sheet"":""中央国家行政机关省级以下直属机构"",""filter_version"":""government_tech_v2"",""tech_filter"":{""is_tech"":true,""is_core_tech"":true,""scope"":""core"",""categories"":[""computer_software"",""electronics_communication""],""matched_fields"":[""major"",""description""],""major_terms"":[""电子信息类"",""计算机类""],""role_terms"":[""信息化""],""reason"":""tech_major_and_role""},""original"":{""部门代码"":""130111"",""部门名称"":""国家税务总局江苏省税务局"",""用人司局"":""国家税务总局泰州市姜堰区税务局"",""机构性质"":""中央国家行政机关省级以下直属机构"",""招考职位"":""一级行政执法员（二）"",""职位属性"":""普通职位"",""职位分布"":""其他职位"",""职位简介"":""从事税收信息化管理工作"",""职位代码"":""300110805002"",""机构层级"":""县（区）级及以下"",""考试类别"":""行政执法类"",""招考人数"":""2"",""专业"":""电子信息类、计算机类"",""学历"":""本科及以上"",""学位"":""与最高学历相对应的学位"",""政治面貌"":""不限"",""基层工作最低年限"":""无限制"",""服务基层项目工作经历"":""无限制"",""是否在面试阶段组织专业能力测试"":""否"",""面试人员比例"":""3:1"",""工作地点"":""江苏省泰州市姜堰区"",""落户地点"":""江苏省泰州市姜堰区"",""备注"":""2026届高校毕业生，本单位不提供宿舍，在本单位最低服务年限为5年"",""部门网站"":""https://jiangsu.chinatax.gov.cn/"",""咨询电话1"":""025-86634478"",""咨询电话2"":"""",""咨询电话3"":"""",""来源Sheet"":""中央国家行政机关省级以下直属机构""}}"
"government_jobs","国家公务员2026招考简章","公务员/事业单位技术岗位","江苏省泰州市靖江市","2026-07-28T09:12:58.310295+00:00","一级行政执法员（四）","国家税务总局江苏省税务局","","江苏省泰州市靖江市","公务员/事业单位;2026;computer_software;electronics_communication;本科及以上;与最高学历相对应的学位;电子信息类、计算机类;行政执法类","用人司局：国家税务总局靖江市税务局
职位简介：从事税收信息化管理工作
专业要求：电子信息类、计算机类
学历要求：本科及以上
学位要求：与最高学历相对应的学位
政治面貌：不限
基层工作经历：无限制
考试类别：行政执法类
备注：2026届高校毕业生，本单位不提供宿舍，在本单位最低服务年限为5年","http://bm.scs.gov.cn/kl2026#130111-300110810004","2025-10-14","{""dataset_year"":2026,""job_uid"":""GOV-2026-130111-300110810004"",""publisher"":""国家公务员局"",""publication_page"":""http://bm.scs.gov.cn/kl2026"",""attachment_url"":""local://2026_guokao_zhaokaojianzhang.zip"",""local_source_file"":""中央机关及其直属机构2026年度考试录用公务员招考简章.xls"",""local_source_sha256"":""2670bae1df1dd07a3a3c79b9db46a11e3bb15a6c9c249e6af98bfd0b61ce3aaf"",""source_sheet"":""中央国家行政机关省级以下直属机构"",""filter_version"":""government_tech_v2"",""tech_filter"":{""is_tech"":true,""is_core_tech"":true,""scope"":""core"",""categories"":[""computer_software"",""electronics_communication""],""matched_fields"":[""major"",""description""],""major_terms"":[""电子信息类"",""计算机类""],""role_terms"":[""信息化""],""reason"":""tech_major_and_role""},""original"":{""部门代码"":""130111"",""部门名称"":""国家税务总局江苏省税务局"",""用人司局"":""国家税务总局靖江市税务局"",""机构性质"":""中央国家行政机关省级以下直属机构"",""招考职位"":""一级行政执法员（四）"",""职位属性"":""普通职位"",""职位分布"":""其他职位"",""职位简介"":""从事税收信息化管理工作"",""职位代码"":""300110810004"",""机构层级"":""县（区）级及以下"",""考试类别"":""行政执法类"",""招考人数"":""2"",""专业"":""电子信息类、计算机类"",""学历"":""本科及以上"",""学位"":""与最高学历相对应的学位"",""政治面貌"":""不限"",""基层工作最低年限"":""无限制"",""服务基层项目工作经历"":""无限制"",""是否在面试阶段组织专业能力测试"":""否"",""面试人员比例"":""3:1"",""工作地点"":""江苏省泰州市靖江市"",""落户地点"":""江苏省泰州市靖江市"",""备注"":""2026届高校毕业生，本单位不提供宿舍，在本单位最低服务年限为5年"",""部门网站"":""https://jiangsu.chinatax.gov.cn/"",""咨询电话1"":""025-86634478"",""咨询电话2"":"""",""咨询电话3"":"""",""来源Sheet"":""中央国家行政机关省级以下直属机构""}}"
"government_jobs","国家公务员2026招考简章","公务员/事业单位技术岗位","江苏省泰州市兴化市","2026-07-28T09:12:58.310295+00:00","一级行政执法员（三）","国家税务总局江苏省税务局","","江苏省泰州市兴化市","公务员/事业单位;2026;computer_software;electronics_communication;本科及以上;与最高学历相对应的学位;电子信息类、计算机类;行政执法类","用人司局：国家税务总局兴化市税务局
职位简介：从事税收信息化管理工作
专业要求：电子信息类、计算机类
学历要求：本科及以上
学位要求：与最高学历相对应的学位
政治面貌：不限
基层工作经历：无限制
考试类别：行政执法类
备注：2026届高校毕业生，本单位不提供宿舍，在本单位最低服务年限为5年","http://bm.scs.gov.cn/kl2026#130111-300110820003","2025-10-14","{""dataset_year"":2026,""job_uid"":""GOV-2026-130111-300110820003"",""publisher"":""国家公务员局"",""publication_page"":""http://bm.scs.gov.cn/kl2026"",""attachment_url"":""local://2026_guokao_zhaokaojianzhang.zip"",""local_source_file"":""中央机关及其直属机构2026年度考试录用公务员招考简章.xls"",""local_source_sha256"":""2670bae1df1dd07a3a3c79b9db46a11e3bb15a6c9c249e6af98bfd0b61ce3aaf"",""source_sheet"":""中央国家行政机关省级以下直属机构"",""filter_version"":""government_tech_v2"",""tech_filter"":{""is_tech"":true,""is_core_tech"":true,""scope"":""core"",""categories"":[""computer_software"",""electronics_communication""],""matched_fields"":[""major"",""description""],""major_terms"":[""电子信息类"",""计算机类""],""role_terms"":[""信息化""],""reason"":""tech_major_and_role""},""original"":{""部门代码"":""130111"",""部门名称"":""国家税务总局江苏省税务局"",""用人司局"":""国家税务总局兴化市税务局"",""机构性质"":""中央国家行政机关省级以下直属机构"",""招考职位"":""一级行政执法员（三）"",""职位属性"":""普通职位"",""职位分布"":""其他职位"",""职位简介"":""从事税收信息化管理工作"",""职位代码"":""300110820003"",""机构层级"":""县（区）级及以下"",""考试类别"":""行政执法类"",""招考人数"":""3"",""专业"":""电子信息类、计算机类"",""学历"":""本科及以上"",""学位"":""与最高学历相对应的学位"",""政治面貌"":""不限"",""基层工作最低年限"":""无限制"",""服务基层项目工作经历"":""无限制"",""是否在面试阶段组织专业能力测试"":""否"",""面试人员比例"":""3:1"",""工作地点"":""江苏省泰州市兴化市"",""落户地点"":""江苏省泰州市兴化市"",""备注"":""2026届高校毕业生，本单位不提供宿舍，在本单位最低服务年限为5年"",""部门网站"":""https://jiangsu.chinatax.gov.cn/"",""咨询电话1"":""025-86634478"",""咨询电话2"":"""",""咨询电话3"":"""",""来源Sheet"":""中央国家行政机关省级以下直属机构""}}"
"government_jobs","国家公务员2026招考简章","公务员/事业单位技术岗位","江苏省宿迁市泗洪县","2026-07-28T09:12:58.310295+00:00","一级行政执法员（四）","国家税务总局江苏省税务局","","江苏省宿迁市泗洪县","公务员/事业单位;2026;computer_software;electronics_communication;本科及以上;与最高学历相对应的学位;电子信息类、计算机类;行政执法类","用人司局：国家税务总局泗洪县税务局
职位简介：从事税收信息化管理工作
专业要求：电子信息类、计算机类
学历要求：本科及以上
学位要求：与最高学历相对应的学位
政治面貌：不限
基层工作经历：无限制
考试类别：行政执法类
备注：2026届高校毕业生，本单位不提供宿舍，在本单位最低服务年限为5年","http://bm.scs.gov.cn/kl2026#130111-300110860004","2025-10-14","{""dataset_year"":2026,""job_uid"":""GOV-2026-130111-300110860004"",""publisher"":""国家公务员局"",""publication_page"":""http://bm.scs.gov.cn/kl2026"",""attachment_url"":""local://2026_guokao_zhaokaojianzhang.zip"",""local_source_file"":""中央机关及其直属机构2026年度考试录用公务员招考简章.xls"",""local_source_sha256"":""2670bae1df1dd07a3a3c79b9db46a11e3bb15a6c9c249e6af98bfd0b61ce3aaf"",""source_sheet"":""中央国家行政机关省级以下直属机构"",""filter_version"":""government_tech_v2"",""tech_filter"":{""is_tech"":true,""is_core_tech"":true,""scope"":""core"",""categories"":[""computer_software"",""electronics_communication""],""matched_fields"":[""major"",""description""],""major_terms"":[""电子信息类"",""计算机类""],""role_terms"":[""信息化""],""reason"":""tech_major_and_role""},""original"":{""部门代码"":""130111"",""部门名称"":""国家税务总局江苏省税务局"",""用人司局"":""国家税务总局泗洪县税务局"",""机构性质"":""中央国家行政机关省级以下直属机构"",""招考职位"":""一级行政执法员（四）"",""职位属性"":""普通职位"",""职位分布"":""其他职位"",""职位简介"":""从事税收信息化管理工作"",""职位代码"":""300110860004"",""机构层级"":""县（区）级及以下"",""考试类别"":""行政执法类"",""招考人数"":""2"",""专业"":""电子信息类、计算机类"",""学历"":""本科及以上"",""学位"":""与最高学历相对应的学位"",""政治面貌"":""不限"",""基层工作最低年限"":""无限制"",""服务基层项目工作经历"":""无限制"",""是否在面试阶段组织专业能力测试"":""否"",""面试人员比例"":""3:1"",""工作地点"":""江苏省宿迁市泗洪县"",""落户地点"":""江苏省宿迁市泗洪县"",""备注"":""2026届高校毕业生，本单位不提供宿舍，在本单位最低服务年限为5年"",""部门网站"":""https://jiangsu.chinatax.gov.cn/"",""咨询电话1"":""025-86634478"",""咨询电话2"":"""",""咨询电话3"":"""",""来源Sheet"":""中央国家行政机关省级以下直属机构""}}"
"government_jobs","国家公务员2026招考简章","公务员/事业单位技术岗位","江西省南昌市西湖区","2026-07-28T09:12:58.310295+00:00","专业技术员（一）","国家税务总局江西省税务局","","江西省南昌市西湖区","公务员/事业单位;2026;computer_software;electronics_communication;本科及以上;与最高学历相对应的学位;统计学类、电子信息类、计算机类;市（地）级及以下直属机构综合管理类","用人司局：国家税务总局南昌市税务局第二税务分局
职位简介：主要从事信息数据和风险管理相关工作
专业要求：统计学类、电子信息类、计算机类
学历要求：本科及以上
学位要求：与最高学历相对应的学位
政治面貌：不限
基层工作经历：无限制
考试类别：市（地）级及以下直属机构综合管理类
备注：2026届高校毕业生，计算机等级二级及以上证书，在江西税务系统最低服务年限为5年，男性，本单位不提供宿舍","http://bm.scs.gov.cn/kl2026#130117-300110002001","2025-10-14","{""dataset_year"":2026,""job_uid"":""GOV-2026-130117-300110002001"",""publisher"":""国家公务员局"",""publication_page"":""http://bm.scs.gov.cn/kl2026"",""attachment_url"":""local://2026_guokao_zhaokaojianzhang.zip"",""local_source_file"":""中央机关及其直属机构2026年度考试录用公务员招考简章.xls"",""local_source_sha256"":""2670bae1df1dd07a3a3c79b9db46a11e3bb15a6c9c249e6af98bfd0b61ce3aaf"",""source_sheet"":""中央国家行政机关省级以下直属机构"",""filter_version"":""government_tech_v2"",""tech_filter"":{""is_tech"":true,""is_core_tech"":true,""scope"":""core"",""categories"":[""computer_software"",""electronics_communication""],""matched_fields"":[""major"",""remarks""],""major_terms"":[""电子信息类"",""计算机类""],""role_terms"":[""计算机""],""reason"":""tech_major_and_role""},""original"":{""部门代码"":""130117"",""部门名称"":""国家税务总局江西省税务局"",""用人司局"":""国家税务总局南昌市税务局第二税务分局"",""机构性质"":""中央国家行政机关省级以下直属机构"",""招考职位"":""专业技术员（一）"",""职位属性"":""普通职位"",""职位分布"":""其他职位"",""职位简介"":""主要从事信息数据和风险管理相关工作"",""职位代码"":""300110002001"",""机构层级"":""市（地）级"",""考试类别"":""市（地）级及以下直属机构综合管理类"",""招考人数"":""2"",""专业"":""统计学类、电子信息类、计算机类"",""学历"":""本科及以上"",""学位"":""与最高学历相对应的学位"",""政治面貌"":""不限"",""基层工作最低年限"":""无限制"",""服务基层项目工作经历"":""无限制"",""是否在面试阶段组织专业能力测试"":""否"",""面试人员比例"":""3:1"",""工作地点"":""江西省南昌市西湖区"",""落户地点"":""江西省南昌市西湖区"",""备注"":""2026届高校毕业生，计算机等级二级及以上证书，在江西税务系统最低服务年限为5年，男性，本单位不提供宿舍"",""部门网站"":""jiangxi.chinatax.gov.cn"",""咨询电话1"":""0791-86201519"",""咨询电话2"":""0791-86650598"",""咨询电话3"":"""",""来源Sheet"":""中央国家行政机关省级以下直属机构""}}"
"government_jobs","国家公务员2026招考简章","公务员/事业单位技术岗位","江西省南昌市西湖区","2026-07-28T09:12:58.310295+00:00","专业技术员（二）","国家税务总局江西省税务局","","江西省南昌市西湖区","公务员/事业单位;2026;computer_software;electronics_communication;本科及以上;与最高学历相对应的学位;统计学类、电子信息类、计算机类;市（地）级及以下直属机构综合管理类","用人司局：国家税务总局南昌市税务局第二税务分局
职位简介：主要从事信息数据和风险管理相关工作
专业要求：统计学类、电子信息类、计算机类
学历要求：本科及以上
学位要求：与最高学历相对应的学位
政治面貌：不限
基层工作经历：无限制
考试类别：市（地）级及以下直属机构综合管理类
备注：2026届高校毕业生，计算机等级二级及以上证书，在江西税务系统最低服务年限为5年，女性，本单位不提供宿舍","http://bm.scs.gov.cn/kl2026#130117-300110002002","2025-10-14","{""dataset_year"":2026,""job_uid"":""GOV-2026-130117-300110002002"",""publisher"":""国家公务员局"",""publication_page"":""http://bm.scs.gov.cn/kl2026"",""attachment_url"":""local://2026_guokao_zhaokaojianzhang.zip"",""local_source_file"":""中央机关及其直属机构2026年度考试录用公务员招考简章.xls"",""local_source_sha256"":""2670bae1df1dd07a3a3c79b9db46a11e3bb15a6c9c249e6af98bfd0b61ce3aaf"",""source_sheet"":""中央国家行政机关省级以下直属机构"",""filter_version"":""government_tech_v2"",""tech_filter"":{""is_tech"":true,""is_core_tech"":true,""scope"":""core"",""categories"":[""computer_software"",""electronics_communication""],""matched_fields"":[""major"",""remarks""],""major_terms"":[""电子信息类"",""计算机类""],""role_terms"":[""计算机""],""reason"":""tech_major_and_role""},""original"":{""部门代码"":""130117"",""部门名称"":""国家税务总局江西省税务局"",""用人司局"":""国家税务总局南昌市税务局第二税务分局"",""机构性质"":""中央国家行政机关省级以下直属机构"",""招考职位"":""专业技术员（二）"",""职位属性"":""普通职位"",""职位分布"":""其他职位"",""职位简介"":""主要从事信息数据和风险管理相关工作"",""职位代码"":""300110002002"",""机构层级"":""市（地）级"",""考试类别"":""市（地）级及以下直属机构综合管理类"",""招考人数"":""2"",""专业"":""统计学类、电子信息类、计算机类"",""学历"":""本科及以上"",""学位"":""与最高学历相对应的学位"",""政治面貌"":""不限"",""基层工作最低年限"":""无限制"",""服务基层项目工作经历"":""无限制"",""是否在面试阶段组织专业能力测试"":""否"",""面试人员比例"":""3:1"",""工作地点"":""江西省南昌市西湖区"",""落户地点"":""江西省南昌市西湖区"",""备注"":""2026届高校毕业生，计算机等级二级及以上证书，在江西税务系统最低服务年限为5年，女性，本单位不提供宿舍"",""部门网站"":""jiangxi.chinatax.gov.cn"",""咨询电话1"":""0791-86201519"",""咨询电话2"":""0791-86650598"",""咨询电话3"":"""",""来源Sheet"":""中央国家行政机关省级以下直属机构""}}"
"government_jobs","国家公务员2026招考简章","公务员/事业单位技术岗位","江西省鹰潭市月湖区","2026-07-28T09:12:58.310295+00:00","一级行政执法员","国家税务总局江西省税务局","","江西省鹰潭市月湖区","公务员/事业单位;2026;computer_software;本科及以上;与最高学历相对应的学位;数学类、统计学类、计算机类;行政执法类","用人司局：国家税务总局鹰潭市税务局第一稽查局
职位简介：主要从事税务稽查相关工作
专业要求：数学类、统计学类、计算机类
学历要求：本科及以上
学位要求：与最高学历相对应的学位
政治面貌：不限
基层工作经历：无限制
考试类别：行政执法类
备注：2026届高校毕业生，计算机等级二级及以上证书，在江西税务系统最低服务年限为5年，本单位不提供宿舍","http://bm.scs.gov.cn/kl2026#130117-300110069001","2025-10-14","{""dataset_year"":2026,""job_uid"":""GOV-2026-130117-300110069001"",""publisher"":""国家公务员局"",""publication_page"":""http://bm.scs.gov.cn/kl2026"",""attachment_url"":""local://2026_guokao_zhaokaojianzhang.zip"",""local_source_file"":""中央机关及其直属机构2026年度考试录用公务员招考简章.xls"",""local_source_sha256"":""2670bae1df1dd07a3a3c79b9db46a11e3bb15a6c9c249e6af98bfd0b61ce3aaf"",""source_sheet"":""中央国家行政机关省级以下直属机构"",""filter_version"":""government_tech_v2"",""tech_filter"":{""is_tech"":true,""is_core_tech"":true,""scope"":""core"",""categories"":[""computer_software""],""matched_fields"":[""major"",""remarks""],""major_terms"":[""计算机类""],""role_terms"":[""计算机""],""reason"":""tech_major_and_role""},""original"":{""部门代码"":""130117"",""部门名称"":""国家税务总局江西省税务局"",""用人司局"":""国家税务总局鹰潭市税务局第一稽查局"",""机构性质"":""中央国家行政机关省级以下直属机构"",""招考职位"":""一级行政执法员"",""职位属性"":""普通职位"",""职位分布"":""其他职位"",""职位简介"":""主要从事税务稽查相关工作"",""职位代码"":""300110069001"",""机构层级"":""市（地）级"",""考试类别"":""行政执法类"",""招考人数"":""2"",""专业"":""数学类、统计学类、计算机类"",""学历"":""本科及以上"",""学位"":""与最高学历相对应的学位"",""政治面貌"":""不限"",""基层工作最低年限"":""无限制"",""服务基层项目工作经历"":""无限制"",""是否在面试阶段组织专业能力测试"":""否"",""面试人员比例"":""3:1"",""工作地点"":""江西省鹰潭市月湖区"",""落户地点"":""江西省鹰潭市月湖区"",""备注"":""2026届高校毕业生，计算机等级二级及以上证书，在江西税务系统最低服务年限为5年，本单位不提供宿舍"",""部门网站"":""jiangxi.chinatax.gov.cn"",""咨询电话1"":""0791-86201519"",""咨询电话2"":""0791-86650598"",""咨询电话3"":"""",""来源Sheet"":""中央国家行政机关省级以下直属机构""}}"
"government_jobs","国家公务员2026招考简章","公务员/事业单位技术岗位","江西省宜春市袁州区","2026-07-28T09:12:58.310295+00:00","专业技术员","国家税务总局江西省税务局","","江西省宜春市袁州区","公务员/事业单位;2026;computer_software;electronics_communication;本科及以上;与最高学历相对应的学位;电子信息类、计算机类;市（地）级及以下直属机构综合管理类","用人司局：国家税务总局宜春市税务局第二税务分局
职位简介：主要从事信息数据和风险管理相关工作
专业要求：电子信息类、计算机类
学历要求：本科及以上
学位要求：与最高学历相对应的学位
政治面貌：不限
基层工作经历：无限制
考试类别：市（地）级及以下直属机构综合管理类
备注：2026届高校毕业生，计算机等级二级及以上证书，在江西税务系统最低服务年限为5年，本单位不提供宿舍","http://bm.scs.gov.cn/kl2026#130117-300110101001","2025-10-14","{""dataset_year"":2026,""job_uid"":""GOV-2026-130117-300110101001"",""publisher"":""国家公务员局"",""publication_page"":""http://bm.scs.gov.cn/kl2026"",""attachment_url"":""local://2026_guokao_zhaokaojianzhang.zip"",""local_source_file"":""中央机关及其直属机构2026年度考试录用公务员招考简章.xls"",""local_source_sha256"":""2670bae1df1dd07a3a3c79b9db46a11e3bb15a6c9c249e6af98bfd0b61ce3aaf"",""source_sheet"":""中央国家行政机关省级以下直属机构"",""filter_version"":""government_tech_v2"",""tech_filter"":{""is_tech"":true,""is_core_tech"":true,""scope"":""core"",""categories"":[""computer_software"",""electronics_communication""],""matched_fields"":[""major"",""remarks""],""major_terms"":[""电子信息类"",""计算机类""],""role_terms"":[""计算机""],""reason"":""tech_major_and_role""},""original"":{""部门代码"":""130117"",""部门名称"":""国家税务总局江西省税务局"",""用人司局"":""国家税务总局宜春市税务局第二税务分局"",""机构性质"":""中央国家行政机关省级以下直属机构"",""招考职位"":""专业技术员"",""职位属性"":""普通职位"",""职位分布"":""其他职位"",""职位简介"":""主要从事信息数据和风险管理相关工作"",""职位代码"":""300110101001"",""机构层级"":""市（地）级"",""考试类别"":""市（地）级及以下直属机构综合管理类"",""招考人数"":""2"",""专业"":""电子信息类、计算机类"",""学历"":""本科及以上"",""学位"":""与最高学历相对应的学位"",""政治面貌"":""不限"",""基层工作最低年限"":""无限制"",""服务基层项目工作经历"":""无限制"",""是否在面试阶段组织专业能力测试"":""否"",""面试人员比例"":""3:1"",""工作地点"":""江西省宜春市袁州区"",""落户地点"":""江西省宜春市袁州区"",""备注"":""2026届高校毕业生，计算机等级二级及以上证书，在江西税务系统最低服务年限为5年，本单位不提供宿舍"",""部门网站"":""jiangxi.chinatax.gov.cn"",""咨询电话1"":""0791-86201519"",""咨询电话2"":""0791-86650598"",""咨询电话3"":"""",""来源Sheet"":""中央国家行政机关省级以下直属机构""}}"
"government_jobs","国家公务员2026招考简章","公务员/事业单位技术岗位","江西省吉安市吉州区","2026-07-28T09:12:58.310295+00:00","专业技术员","国家税务总局江西省税务局","","江西省吉安市吉州区","公务员/事业单位;2026;computer_software;electronics_communication;本科及以上;与最高学历相对应的学位;电子信息类、计算机类;市（地）级及以下直属机构综合管理类","用人司局：国家税务总局吉安市税务局第二税务分局
职位简介：主要从事信息数据和风险管理相关工作
专业要求：电子信息类、计算机类
学历要求：本科及以上
学位要求：与最高学历相对应的学位
政治面貌：不限
基层工作经历：无限制
考试类别：市（地）级及以下直属机构综合管理类
备注：计算机等级二级及以上证书，在江西税务系统最低服务年限为5年，本单位不提供宿舍","http://bm.scs.gov.cn/kl2026#130117-300110138001","2025-10-14","{""dataset_year"":2026,""job_uid"":""GOV-2026-130117-300110138001"",""publisher"":""国家公务员局"",""publication_page"":""http://bm.scs.gov.cn/kl2026"",""attachment_url"":""local://2026_guokao_zhaokaojianzhang.zip"",""local_source_file"":""中央机关及其直属机构2026年度考试录用公务员招考简章.xls"",""local_source_sha256"":""2670bae1df1dd07a3a3c79b9db46a11e3bb15a6c9c249e6af98bfd0b61ce3aaf"",""source_sheet"":""中央国家行政机关省级以下直属机构"",""filter_version"":""government_tech_v2"",""tech_filter"":{""is_tech"":true,""is_core_tech"":true,""scope"":""core"",""categories"":[""computer_software"",""electronics_communication""],""matched_fields"":[""major"",""remarks""],""major_terms"":[""电子信息类"",""计算机类""],""role_terms"":[""计算机""],""reason"":""tech_major_and_role""},""original"":{""部门代码"":""130117"",""部门名称"":""国家税务总局江西省税务局"",""用人司局"":""国家税务总局吉安市税务局第二税务分局"",""机构性质"":""中央国家行政机关省级以下直属机构"",""招考职位"":""专业技术员"",""职位属性"":""普通职位"",""职位分布"":""其他职位"",""职位简介"":""主要从事信息数据和风险管理相关工作"",""职位代码"":""300110138001"",""机构层级"":""市（地）级"",""考试类别"":""市（地）级及以下直属机构综合管理类"",""招考人数"":""2"",""专业"":""电子信息类、计算机类"",""学历"":""本科及以上"",""学位"":""与最高学历相对应的学位"",""政治面貌"":""不限"",""基层工作最低年限"":""无限制"",""服务基层项目工作经历"":""无限制"",""是否在面试阶段组织专业能力测试"":""否"",""面试人员比例"":""3:1"",""工作地点"":""江西省吉安市吉州区"",""落户地点"":""江西省吉安市吉州区"",""备注"":""计算机等级二级及以上证书，在江西税务系统最低服务年限为5年，本单位不提供宿舍"",""部门网站"":""jiangxi.chinatax.gov.cn"",""咨询电话1"":""0791-86201519"",""咨询电话2"":""0791-86650598"",""咨询电话3"":"""",""来源Sheet"":""中央国家行政机关省级以下直属机构""}}"
"government_jobs","国家公务员2026招考简章","公务员/事业单位技术岗位","江西省抚州市南城县","2026-07-28T09:12:58.310295+00:00","一级行政执法员（一）","国家税务总局江西省税务局","","江西省抚州市南城县","公务员/事业单位;2026;computer_software;本科及以上;与最高学历相对应的学位;数学类、统计学类、计算机类;行政执法类","用人司局：国家税务总局抚州市税务局第三稽查局
职位简介：主要从事税务稽查相关工作
专业要求：数学类、统计学类、计算机类
学历要求：本科及以上
学位要求：与最高学历相对应的学位
政治面貌：不限
基层工作经历：无限制
考试类别：行政执法类
备注：2026届高校毕业生，计算机等级二级及以上证书，在江西税务系统最低服务年限为5年，男性，本单位不提供宿舍","http://bm.scs.gov.cn/kl2026#130117-300110162001","2025-10-14","{""dataset_year"":2026,""job_uid"":""GOV-2026-130117-300110162001"",""publisher"":""国家公务员局"",""publication_page"":""http://bm.scs.gov.cn/kl2026"",""attachment_url"":""local://2026_guokao_zhaokaojianzhang.zip"",""local_source_file"":""中央机关及其直属机构2026年度考试录用公务员招考简章.xls"",""local_source_sha256"":""2670bae1df1dd07a3a3c79b9db46a11e3bb15a6c9c249e6af98bfd0b61ce3aaf"",""source_sheet"":""中央国家行政机关省级以下直属机构"",""filter_version"":""government_tech_v2"",""tech_filter"":{""is_tech"":true,""is_core_tech"":true,""scope"":""core"",""categories"":[""computer_software""],""matched_fields"":[""major"",""remarks""],""major_terms"":[""计算机类""],""role_terms"":[""计算机""],""reason"":""tech_major_and_role""},""original"":{""部门代码"":""130117"",""部门名称"":""国家税务总局江西省税务局"",""用人司局"":""国家税务总局抚州市税务局第三稽查局"",""机构性质"":""中央国家行政机关省级以下直属机构"",""招考职位"":""一级行政执法员（一）"",""职位属性"":""普通职位"",""职位分布"":""其他职位"",""职位简介"":""主要从事税务稽查相关工作"",""职位代码"":""300110162001"",""机构层级"":""市（地）级"",""考试类别"":""行政执法类"",""招考人数"":""2"",""专业"":""数学类、统计学类、计算机类"",""学历"":""本科及以上"",""学位"":""与最高学历相对应的学位"",""政治面貌"":""不限"",""基层工作最低年限"":""无限制"",""服务基层项目工作经历"":""无限制"",""是否在面试阶段组织专业能力测试"":""否"",""面试人员比例"":""3:1"",""工作地点"":""江西省抚州市南城县"",""落户地点"":""江西省抚州市南城县"",""备注"":""2026届高校毕业生，计算机等级二级及以上证书，在江西税务系统最低服务年限为5年，男性，本单位不提供宿舍"",""部门网站"":""jiangxi.chinatax.gov.cn"",""咨询电话1"":""0791-86201519"",""咨询电话2"":""0791-86650598"",""咨询电话3"":"""",""来源Sheet"":""中央国家行政机关省级以下直属机构""}}"
"government_jobs","国家公务员2026招考简章","公务员/事业单位技术岗位","江西省抚州市南城县","2026-07-28T09:12:58.310295+00:00","一级行政执法员（二）","国家税务总局江西省税务局","","江西省抚州市南城县","公务员/事业单位;2026;computer_software;本科及以上;与最高学历相对应的学位;数学类、统计学类、计算机类;行政执法类","用人司局：国家税务总局抚州市税务局第三稽查局
职位简介：主要从事税务稽查相关工作
专业要求：数学类、统计学类、计算机类
学历要求：本科及以上
学位要求：与最高学历相对应的学位
政治面貌：不限
基层工作经历：无限制
考试类别：行政执法类
备注：2026届高校毕业生，计算机等级二级及以上证书，在江西税务系统最低服务年限为5年，女性，本单位不提供宿舍","http://bm.scs.gov.cn/kl2026#130117-300110162002","2025-10-14","{""dataset_year"":2026,""job_uid"":""GOV-2026-130117-300110162002"",""publisher"":""国家公务员局"",""publication_page"":""http://bm.scs.gov.cn/kl2026"",""attachment_url"":""local://2026_guokao_zhaokaojianzhang.zip"",""local_source_file"":""中央机关及其直属机构2026年度考试录用公务员招考简章.xls"",""local_source_sha256"":""2670bae1df1dd07a3a3c79b9db46a11e3bb15a6c9c249e6af98bfd0b61ce3aaf"",""source_sheet"":""中央国家行政机关省级以下直属机构"",""filter_version"":""government_tech_v2"",""tech_filter"":{""is_tech"":true,""is_core_tech"":true,""scope"":""core"",""categories"":[""computer_software""],""matched_fields"":[""major"",""remarks""],""major_terms"":[""计算机类""],""role_terms"":[""计算机""],""reason"":""tech_major_and_role""},""original"":{""部门代码"":""130117"",""部门名称"":""国家税务总局江西省税务局"",""用人司局"":""国家税务总局抚州市税务局第三稽查局"",""机构性质"":""中央国家行政机关省级以下直属机构"",""招考职位"":""一级行政执法员（二）"",""职位属性"":""普通职位"",""职位分布"":""其他职位"",""职位简介"":""主要从事税务稽查相关工作"",""职位代码"":""300110162002"",""机构层级"":""市（地）级"",""考试类别"":""行政执法类"",""招考人数"":""2"",""专业"":""数学类、统计学类、计算机类"",""学历"":""本科及以上"",""学位"":""与最高学历相对应的学位"",""政治面貌"":""不限"",""基层工作最低年限"":""无限制"",""服务基层项目工作经历"":""无限制"",""是否在面试阶段组织专业能力测试"":""否"",""面试人员比例"":""3:1"",""工作地点"":""江西省抚州市南城县"",""落户地点"":""江西省抚州市南城县"",""备注"":""2026届高校毕业生，计算机等级二级及以上证书，在江西税务系统最低服务年限为5年，女性，本单位不提供宿舍"",""部门网站"":""jiangxi.chinatax.gov.cn"",""咨询电话1"":""0791-86201519"",""咨询电话2"":""0791-86650598"",""咨询电话3"":"""",""来源Sheet"":""中央国家行政机关省级以下直属机构""}}"
"government_jobs","国家公务员2026招考简章","公务员/事业单位技术岗位","湖北省咸宁市","2026-07-28T09:12:58.310295+00:00","专业技术员","国家税务总局湖北省税务局","","湖北省咸宁市","公务员/事业单位;2026;automation_robotics;computer_software;data_ai;electronics_communication;本科及以上;与最高学历相对应的学位;数学类、物理学类、化学类、地理科学类、统计学类、机械类、电子信息类、自动化类、计算机类、测绘类、化工与制药类、交通运输类、环境科学与工程类;市（地）级及以下直属机构综合管理类","用人司局：国家税务总局咸宁市税务局第三税务分局
职位简介：从事税收风险管理、应对及税收大数据分析应用等工作
专业要求：数学类、物理学类、化学类、地理科学类、统计学类、机械类、电子信息类、自动化类、计算机类、测绘类、化工与制药类、交通运输类、环境科学与工程类
学历要求：本科及以上
学位要求：与最高学历相对应的学位
政治面貌：不限
基层工作经历：二年
考试类别：市（地）级及以下直属机构综合管理类
备注：在本单位最低服务年限为5年，本单位不提供宿舍","http://bm.scs.gov.cn/kl2026#130121-300110223001","2025-10-14","{""dataset_year"":2026,""job_uid"":""GOV-2026-130121-300110223001"",""publisher"":""国家公务员局"",""publication_page"":""http://bm.scs.gov.cn/kl2026"",""attachment_url"":""local://2026_guokao_zhaokaojianzhang.zip"",""local_source_file"":""中央机关及其直属机构2026年度考试录用公务员招考简章.xls"",""local_source_sha256"":""2670bae1df1dd07a3a3c79b9db46a11e3bb15a6c9c249e6af98bfd0b61ce3aaf"",""source_sheet"":""中央国家行政机关省级以下直属机构"",""filter_version"":""government_tech_v2"",""tech_filter"":{""is_tech"":true,""is_core_tech"":true,""scope"":""core"",""categories"":[""automation_robotics"",""computer_software"",""data_ai"",""electronics_communication""],""matched_fields"":[""major"",""description""],""major_terms"":[""电子信息类"",""自动化类"",""计算机类""],""role_terms"":[""大数据"",""数据分析""],""reason"":""tech_major_and_role""},""original"":{""部门代码"":""130121"",""部门名称"":""国家税务总局湖北省税务局"",""用人司局"":""国家税务总局咸宁市税务局第三税务分局"",""机构性质"":""中央国家行政机关省级以下直属机构"",""招考职位"":""专业技术员"",""职位属性"":""普通职位"",""职位分布"":""其他职位"",""职位简介"":""从事税收风险管理、应对及税收大数据分析应用等工作"",""职位代码"":""300110223001"",""机构层级"":""市（地）级"",""考试类别"":""市（地）级及以下直属机构综合管理类"",""招考人数"":""2"",""专业"":""数学类、物理学类、化学类、地理科学类、统计学类、机械类、电子信息类、自动化类、计算机类、测绘类、化工与制药类、交通运输类、环境科学与工程类"",""学历"":""本科及以上"",""学位"":""与最高学历相对应的学位"",""政治面貌"":""不限"",""基层工作最低年限"":""二年"",""服务基层项目工作经历"":""大学生村官、农村义务教育阶段学校教师特设岗位计划、“三支一扶”计划、大学生志愿服务西部计划、在军队服役5年（含）以上的高校毕业生退役士兵"",""是否在面试阶段组织专业能力测试"":""否"",""面试人员比例"":""3:1"",""工作地点"":""湖北省咸宁市"",""落户地点"":""湖北省咸宁市"",""备注"":""在本单位最低服务年限为5年，本单位不提供宿舍"",""部门网站"":""http://hubei.chinatax.gov.cn/"",""咨询电话1"":""027-87322493"",""咨询电话2"":""027-87322439"",""咨询电话3"":"""",""来源Sheet"":""中央国家行政机关省级以下直属机构""}}"
"government_jobs","国家公务员2026招考简章","公务员/事业单位技术岗位","湖南省长沙市雨花区","2026-07-28T09:12:58.310295+00:00","第三税务分局（税收大数据和风险管理局）一级主管及以下（一）","国家税务总局湖南省税务局","","湖南省长沙市雨花区","公务员/事业单位;2026;computer_software;data_ai;硕士研究生及以上;与最高学历相对应的学位;数学类、统计学类、计算机类;中央机关及其省级直属机构综合管理类","用人司局：国家税务总局湖南省税务局
职位简介：从事税收风险管理及相关工作
专业要求：数学类、统计学类、计算机类
学历要求：硕士研究生及以上
学位要求：与最高学历相对应的学位
政治面貌：中共党员
基层工作经历：二年
考试类别：中央机关及其省级直属机构综合管理类
备注：大学英语六级合格或六级考试成绩425分及以上，女性","http://bm.scs.gov.cn/kl2026#130122-300110001010","2025-10-14","{""dataset_year"":2026,""job_uid"":""GOV-2026-130122-300110001010"",""publisher"":""国家公务员局"",""publication_page"":""http://bm.scs.gov.cn/kl2026"",""attachment_url"":""local://2026_guokao_zhaokaojianzhang.zip"",""local_source_file"":""中央机关及其直属机构2026年度考试录用公务员招考简章.xls"",""local_source_sha256"":""2670bae1df1dd07a3a3c79b9db46a11e3bb15a6c9c249e6af98bfd0b61ce3aaf"",""source_sheet"":""中央国家行政机关省级以下直属机构"",""filter_version"":""government_tech_v2"",""tech_filter"":{""is_tech"":true,""is_core_tech"":true,""scope"":""core"",""categories"":[""computer_software"",""data_ai""],""matched_fields"":[""major"",""job_title""],""major_terms"":[""计算机类""],""role_terms"":[""大数据""],""reason"":""tech_major_and_role""},""original"":{""部门代码"":""130122"",""部门名称"":""国家税务总局湖南省税务局"",""用人司局"":""国家税务总局湖南省税务局"",""机构性质"":""中央国家行政机关省级以下直属机构"",""招考职位"":""第三税务分局（税收大数据和风险管理局）一级主管及以下（一）"",""职位属性"":""普通职位"",""职位分布"":""其他职位"",""职位简介"":""从事税收风险管理及相关工作"",""职位代码"":""300110001010"",""机构层级"":""省（副省）级"",""考试类别"":""中央机关及其省级直属机构综合管理类"",""招考人数"":""2"",""专业"":""数学类、统计学类、计算机类"",""学历"":""硕士研究生及以上"",""学位"":""与最高学历相对应的学位"",""政治面貌"":""中共党员"",""基层工作最低年限"":""二年"",""服务基层项目工作经历"":""无限制"",""是否在面试阶段组织专业能力测试"":""否"",""面试人员比例"":""5:1"",""工作地点"":""湖南省长沙市雨花区"",""落户地点"":""湖南省长沙市雨花区"",""备注"":""大学英语六级合格或六级考试成绩425分及以上，女性"",""部门网站"":""http://hunan.chinatax.gov.cn/"",""咨询电话1"":""0731-85500135"",""咨询电话2"":""0731-85555299"",""咨询电话3"":"""",""来源Sheet"":""中央国家行政机关省级以下直属机构""}}"
"government_jobs","国家公务员2026招考简章","公务员/事业单位技术岗位","湖南省长沙市雨花区","2026-07-28T09:12:58.310295+00:00","第三税务分局（税收大数据和风险管理局）一级主管及以下（二）","国家税务总局湖南省税务局","","湖南省长沙市雨花区","公务员/事业单位;2026;computer_software;data_ai;硕士研究生及以上;与最高学历相对应的学位;数学类、统计学类、计算机类;中央机关及其省级直属机构综合管理类","用人司局：国家税务总局湖南省税务局
职位简介：从事税收风险管理及相关工作
专业要求：数学类、统计学类、计算机类
学历要求：硕士研究生及以上
学位要求：与最高学历相对应的学位
政治面貌：中共党员
基层工作经历：二年
考试类别：中央机关及其省级直属机构综合管理类
备注：大学英语六级合格或六级考试成绩425分及以上，男性","http://bm.scs.gov.cn/kl2026#130122-300110001013","2025-10-14","{""dataset_year"":2026,""job_uid"":""GOV-2026-130122-300110001013"",""publisher"":""国家公务员局"",""publication_page"":""http://bm.scs.gov.cn/kl2026"",""attachment_url"":""local://2026_guokao_zhaokaojianzhang.zip"",""local_source_file"":""中央机关及其直属机构2026年度考试录用公务员招考简章.xls"",""local_source_sha256"":""2670bae1df1dd07a3a3c79b9db46a11e3bb15a6c9c249e6af98bfd0b61ce3aaf"",""source_sheet"":""中央国家行政机关省级以下直属机构"",""filter_version"":""government_tech_v2"",""tech_filter"":{""is_tech"":true,""is_core_tech"":true,""scope"":""core"",""categories"":[""computer_software"",""data_ai""],""matched_fields"":[""major"",""job_title""],""major_terms"":[""计算机类""],""role_terms"":[""大数据""],""reason"":""tech_major_and_role""},""original"":{""部门代码"":""130122"",""部门名称"":""国家税务总局湖南省税务局"",""用人司局"":""国家税务总局湖南省税务局"",""机构性质"":""中央国家行政机关省级以下直属机构"",""招考职位"":""第三税务分局（税收大数据和风险管理局）一级主管及以下（二）"",""职位属性"":""普通职位"",""职位分布"":""其他职位"",""职位简介"":""从事税收风险管理及相关工作"",""职位代码"":""300110001013"",""机构层级"":""省（副省）级"",""考试类别"":""中央机关及其省级直属机构综合管理类"",""招考人数"":""2"",""专业"":""数学类、统计学类、计算机类"",""学历"":""硕士研究生及以上"",""学位"":""与最高学历相对应的学位"",""政治面貌"":""中共党员"",""基层工作最低年限"":""二年"",""服务基层项目工作经历"":""无限制"",""是否在面试阶段组织专业能力测试"":""否"",""面试人员比例"":""5:1"",""工作地点"":""湖南省长沙市雨花区"",""落户地点"":""湖南省长沙市雨花区"",""备注"":""大学英语六级合格或六级考试成绩425分及以上，男性"",""部门网站"":""http://hunan.chinatax.gov.cn/"",""咨询电话1"":""0731-85500135"",""咨询电话2"":""0731-85555299"",""咨询电话3"":"""",""来源Sheet"":""中央国家行政机关省级以下直属机构""}}"
"government_jobs","国家公务员2026招考简章","公务员/事业单位技术岗位","湖南省长沙市雨花区","2026-07-28T09:12:58.310295+00:00","第三税务分局（税收大数据和风险管理局）一级主管及以下（三）","国家税务总局湖南省税务局","","湖南省长沙市雨花区","公务员/事业单位;2026;data_ai;硕士研究生及以上;与最高学历相对应的学位;财政学类、财会审计类;中央机关及其省级直属机构综合管理类","用人司局：国家税务总局湖南省税务局
职位简介：从事税收风险管理及相关工作
专业要求：财政学类、财会审计类
学历要求：硕士研究生及以上
学位要求：与最高学历相对应的学位
政治面貌：中共党员
基层工作经历：二年
考试类别：中央机关及其省级直属机构综合管理类
备注：大学英语六级合格或六级考试成绩425分及以上","http://bm.scs.gov.cn/kl2026#130122-300110001016","2025-10-14","{""dataset_year"":2026,""job_uid"":""GOV-2026-130122-300110001016"",""publisher"":""国家公务员局"",""publication_page"":""http://bm.scs.gov.cn/kl2026"",""attachment_url"":""local://2026_guokao_zhaokaojianzhang.zip"",""local_source_file"":""中央机关及其直属机构2026年度考试录用公务员招考简章.xls"",""local_source_sha256"":""2670bae1df1dd07a3a3c79b9db46a11e3bb15a6c9c249e6af98bfd0b61ce3aaf"",""source_sheet"":""中央国家行政机关省级以下直属机构"",""filter_version"":""government_tech_v2"",""tech_filter"":{""is_tech"":true,""is_core_tech"":true,""scope"":""core"",""categories"":[""data_ai""],""matched_fields"":[""job_title""],""major_terms"":[],""role_terms"":[""大数据""],""reason"":""tech_role""},""original"":{""部门代码"":""130122"",""部门名称"":""国家税务总局湖南省税务局"",""用人司局"":""国家税务总局湖南省税务局"",""机构性质"":""中央国家行政机关省级以下直属机构"",""招考职位"":""第三税务分局（税收大数据和风险管理局）一级主管及以下（三）"",""职位属性"":""普通职位"",""职位分布"":""其他职位"",""职位简介"":""从事税收风险管理及相关工作"",""职位代码"":""300110001016"",""机构层级"":""省（副省）级"",""考试类别"":""中央机关及其省级直属机构综合管理类"",""招考人数"":""2"",""专业"":""财政学类、财会审计类"",""学历"":""硕士研究生及以上"",""学位"":""与最高学历相对应的学位"",""政治面貌"":""中共党员"",""基层工作最低年限"":""二年"",""服务基层项目工作经历"":""无限制"",""是否在面试阶段组织专业能力测试"":""否"",""面试人员比例"":""5:1"",""工作地点"":""湖南省长沙市雨花区"",""落户地点"":""湖南省长沙市雨花区"",""备注"":""大学英语六级合格或六级考试成绩425分及以上"",""部门网站"":""http://hunan.chinatax.gov.cn/"",""咨询电话1"":""0731-85500135"",""咨询电话2"":""0731-85555299"",""咨询电话3"":"""",""来源Sheet"":""中央国家行政机关省级以下直属机构""}}"
"government_jobs","国家公务员2026招考简章","公务员/事业单位技术岗位","海南省海口市","2026-07-28T09:12:58.310295+00:00","第二税务分局（税收大数据和风险管理局）一级主管及以下","国家税务总局海南省税务局","","海南省海口市","公务员/事业单位;2026;computer_software;data_ai;硕士研究生及以上;与最高学历相对应的学位;数学类、统计学类、计算机类;中央机关及其省级直属机构综合管理类","用人司局：国家税务总局海南省税务局
职位简介：从事税务相关工作
专业要求：数学类、统计学类、计算机类
学历要求：硕士研究生及以上
学位要求：与最高学历相对应的学位
政治面貌：不限
基层工作经历：二年
考试类别：中央机关及其省级直属机构综合管理类
备注：在本单位最低服务年限为5年","http://bm.scs.gov.cn/kl2026#130126-300110001004","2025-10-14","{""dataset_year"":2026,""job_uid"":""GOV-2026-130126-300110001004"",""publisher"":""国家公务员局"",""publication_page"":""http://bm.scs.gov.cn/kl2026"",""attachment_url"":""local://2026_guokao_zhaokaojianzhang.zip"",""local_source_file"":""中央机关及其直属机构2026年度考试录用公务员招考简章.xls"",""local_source_sha256"":""2670bae1df1dd07a3a3c79b9db46a11e3bb15a6c9c249e6af98bfd0b61ce3aaf"",""source_sheet"":""中央国家行政机关省级以下直属机构"",""filter_version"":""government_tech_v2"",""tech_filter"":{""is_tech"":true,""is_core_tech"":true,""scope"":""core"",""categories"":[""computer_software"",""data_ai""],""matched_fields"":[""major"",""job_title""],""major_terms"":[""计算机类""],""role_terms"":[""大数据""],""reason"":""tech_major_and_role""},""original"":{""部门代码"":""130126"",""部门名称"":""国家税务总局海南省税务局"",""用人司局"":""国家税务总局海南省税务局"",""机构性质"":""中央国家行政机关省级以下直属机构"",""招考职位"":""第二税务分局（税收大数据和风险管理局）一级主管及以下"",""职位属性"":""普通职位"",""职位分布"":""其他职位"",""职位简介"":""从事税务相关工作"",""职位代码"":""300110001004"",""机构层级"":""省（副省）级"",""考试类别"":""中央机关及其省级直属机构综合管理类"",""招考人数"":""1"",""专业"":""数学类、统计学类、计算机类"",""学历"":""硕士研究生及以上"",""学位"":""与最高学历相对应的学位"",""政治面貌"":""不限"",""基层工作最低年限"":""二年"",""服务基层项目工作经历"":""无限制"",""是否在面试阶段组织专业能力测试"":""否"",""面试人员比例"":""5:1"",""工作地点"":""海南省海口市"",""落户地点"":""海南省海口市"",""备注"":""在本单位最低服务年限为5年"",""部门网站"":""https://hainan.chinatax.gov.cn/"",""咨询电话1"":""0898-66509331"",""咨询电话2"":""0898-68502178"",""咨询电话3"":""0898-68502987"",""来源Sheet"":""中央国家行政机关省级以下直属机构""}}"
"government_jobs","国家公务员2026招考简章","公务员/事业单位技术岗位","西藏自治区拉萨市城关区","2026-07-28T09:12:58.310295+00:00","第二税务分局（税收大数据和风险管理局）一级主任科员及以下","国家税务总局西藏自治区税务局","","西藏自治区拉萨市城关区","公务员/事业单位;2026;automation_robotics;computer_software;data_ai;electronics_communication;硕士研究生及以上;与最高学历相对应的学位;计算机类、电子信息类、自动化类、数学类、统计学类;中央机关及其省级直属机构综合管理类","用人司局：国家税务总局西藏自治区税务局
职位简介：从事税务相关工作
专业要求：计算机类、电子信息类、自动化类、数学类、统计学类
学历要求：硕士研究生及以上
学位要求：与最高学历相对应的学位
政治面貌：不限
基层工作经历：二年
考试类别：中央机关及其省级直属机构综合管理类
备注：在本单位最低服务年限为5年","http://bm.scs.gov.cn/kl2026#130131-300110000002","2025-10-14","{""dataset_year"":2026,""job_uid"":""GOV-2026-130131-300110000002"",""publisher"":""国家公务员局"",""publication_page"":""http://bm.scs.gov.cn/kl2026"",""attachment_url"":""local://2026_guokao_zhaokaojianzhang.zip"",""local_source_file"":""中央机关及其直属机构2026年度考试录用公务员招考简章.xls"",""local_source_sha256"":""2670bae1df1dd07a3a3c79b9db46a11e3bb15a6c9c249e6af98bfd0b61ce3aaf"",""source_sheet"":""中央国家行政机关省级以下直属机构"",""filter_version"":""government_tech_v2"",""tech_filter"":{""is_tech"":true,""is_core_tech"":true,""scope"":""core"",""categories"":[""automation_robotics"",""computer_software"",""data_ai"",""electronics_communication""],""matched_fields"":[""major"",""job_title""],""major_terms"":[""电子信息类"",""自动化类"",""计算机类""],""role_terms"":[""大数据""],""reason"":""tech_major_and_role""},""original"":{""部门代码"":""130131"",""部门名称"":""国家税务总局西藏自治区税务局"",""用人司局"":""国家税务总局西藏自治区税务局"",""机构性质"":""中央国家行政机关省级以下直属机构"",""招考职位"":""第二税务分局（税收大数据和风险管理局）一级主任科员及以下"",""职位属性"":""普通职位"",""职位分布"":""其他职位"",""职位简介"":""从事税务相关工作"",""职位代码"":""300110000002"",""机构层级"":""省（副省）级"",""考试类别"":""中央机关及其省级直属机构综合管理类"",""招考人数"":""2"",""专业"":""计算机类、电子信息类、自动化类、数学类、统计学类"",""学历"":""硕士研究生及以上"",""学位"":""与最高学历相对应的学位"",""政治面貌"":""不限"",""基层工作最低年限"":""二年"",""服务基层项目工作经历"":""无限制"",""是否在面试阶段组织专业能力测试"":""否"",""面试人员比例"":""5:1"",""工作地点"":""西藏自治区拉萨市城关区"",""落户地点"":""西藏自治区拉萨市城关区"",""备注"":""在本单位最低服务年限为5年"",""部门网站"":""https://xizang.chinatax.gov.cn/"",""咨询电话1"":""0891-6817824"",""咨询电话2"":""0891-6834197"",""咨询电话3"":""0891-6823770"",""来源Sheet"":""中央国家行政机关省级以下直属机构""}}"
"government_jobs","国家公务员2026招考简章","公务员/事业单位技术岗位","重庆市","2026-07-28T09:12:58.310295+00:00","监管处一级主任科员及以下","国家税务总局驻重庆特派员办事处","","重庆市","公务员/事业单位;2026;computer_software;data_ai;本科及以上;与最高学历相对应的学位;数学类、统计学类、计算机类;中央机关及其省级直属机构综合管理类","用人司局：国家税务总局驻重庆特派员办事处
职位简介：从事税收大数据分析应用等工作
专业要求：数学类、统计学类、计算机类
学历要求：本科及以上
学位要求：与最高学历相对应的学位
政治面貌：不限
基层工作经历：二年
考试类别：中央机关及其省级直属机构综合管理类
备注：需经常出差；在本单位最低服务年限为5年","http://bm.scs.gov.cn/kl2026#130203-300110001001","2025-10-14","{""dataset_year"":2026,""job_uid"":""GOV-2026-130203-300110001001"",""publisher"":""国家公务员局"",""publication_page"":""http://bm.scs.gov.cn/kl2026"",""attachment_url"":""local://2026_guokao_zhaokaojianzhang.zip"",""local_source_file"":""中央机关及其直属机构2026年度考试录用公务员招考简章.xls"",""local_source_sha256"":""2670bae1df1dd07a3a3c79b9db46a11e3bb15a6c9c249e6af98bfd0b61ce3aaf"",""source_sheet"":""中央国家行政机关省级以下直属机构"",""filter_version"":""government_tech_v2"",""tech_filter"":{""is_tech"":true,""is_core_tech"":true,""scope"":""core"",""categories"":[""computer_software"",""data_ai""],""matched_fields"":[""major"",""description""],""major_terms"":[""计算机类""],""role_terms"":[""大数据"",""数据分析""],""reason"":""tech_major_and_role""},""original"":{""部门代码"":""130203"",""部门名称"":""国家税务总局驻重庆特派员办事处"",""用人司局"":""国家税务总局驻重庆特派员办事处"",""机构性质"":""中央国家行政机关省级以下直属机构"",""招考职位"":""监管处一级主任科员及以下"",""职位属性"":""普通职位"",""职位分布"":""其他职位"",""职位简介"":""从事税收大数据分析应用等工作"",""职位代码"":""300110001001"",""机构层级"":""省（副省）级"",""考试类别"":""中央机关及其省级直属机构综合管理类"",""招考人数"":""2"",""专业"":""数学类、统计学类、计算机类"",""学历"":""本科及以上"",""学位"":""与最高学历相对应的学位"",""政治面貌"":""不限"",""基层工作最低年限"":""二年"",""服务基层项目工作经历"":""无限制"",""是否在面试阶段组织专业能力测试"":""否"",""面试人员比例"":""5:1"",""工作地点"":""重庆市"",""落户地点"":""重庆市"",""备注"":""需经常出差；在本单位最低服务年限为5年"",""部门网站"":""http://www.chinatax.gov.cn/"",""咨询电话1"":""023-67523222"",""咨询电话2"":"""",""咨询电话3"":"""",""来源Sheet"":""中央国家行政机关省级以下直属机构""}}"
"government_jobs","国家公务员2026招考简章","公务员/事业单位技术岗位","重庆市","2026-07-28T09:12:58.310295+00:00","第二大队一级主任科员及以下","国家税务总局驻重庆特派员办事处","","重庆市","公务员/事业单位;2026;computer_software;data_ai;本科及以上;与最高学历相对应的学位;数学类、统计学类、计算机类;中央机关及其省级直属机构综合管理类","用人司局：国家税务总局驻重庆特派员办事处
职位简介：从事督察内审、涉税数据分析处理等工作
专业要求：数学类、统计学类、计算机类
学历要求：本科及以上
学位要求：与最高学历相对应的学位
政治面貌：不限
基层工作经历：二年
考试类别：中央机关及其省级直属机构综合管理类
备注：需经常出差；在本单位最低服务年限为5年","http://bm.scs.gov.cn/kl2026#130203-300110001003","2025-10-14","{""dataset_year"":2026,""job_uid"":""GOV-2026-130203-300110001003"",""publisher"":""国家公务员局"",""publication_page"":""http://bm.scs.gov.cn/kl2026"",""attachment_url"":""local://2026_guokao_zhaokaojianzhang.zip"",""local_source_file"":""中央机关及其直属机构2026年度考试录用公务员招考简章.xls"",""local_source_sha256"":""2670bae1df1dd07a3a3c79b9db46a11e3bb15a6c9c249e6af98bfd0b61ce3aaf"",""source_sheet"":""中央国家行政机关省级以下直属机构"",""filter_version"":""government_tech_v2"",""tech_filter"":{""is_tech"":true,""is_core_tech"":true,""scope"":""core"",""categories"":[""computer_software"",""data_ai""],""matched_fields"":[""major"",""description""],""major_terms"":[""计算机类""],""role_terms"":[""数据分析""],""reason"":""tech_major_and_role""},""original"":{""部门代码"":""130203"",""部门名称"":""国家税务总局驻重庆特派员办事处"",""用人司局"":""国家税务总局驻重庆特派员办事处"",""机构性质"":""中央国家行政机关省级以下直属机构"",""招考职位"":""第二大队一级主任科员及以下"",""职位属性"":""普通职位"",""职位分布"":""其他职位"",""职位简介"":""从事督察内审、涉税数据分析处理等工作"",""职位代码"":""300110001003"",""机构层级"":""省（副省）级"",""考试类别"":""中央机关及其省级直属机构综合管理类"",""招考人数"":""1"",""专业"":""数学类、统计学类、计算机类"",""学历"":""本科及以上"",""学位"":""与最高学历相对应的学位"",""政治面貌"":""不限"",""基层工作最低年限"":""二年"",""服务基层项目工作经历"":""无限制"",""是否在面试阶段组织专业能力测试"":""否"",""面试人员比例"":""5:1"",""工作地点"":""重庆市"",""落户地点"":""重庆市"",""备注"":""需经常出差；在本单位最低服务年限为5年"",""部门网站"":""http://www.chinatax.gov.cn/"",""咨询电话1"":""023-67523222"",""咨询电话2"":"""",""咨询电话3"":"""",""来源Sheet"":""中央国家行政机关省级以下直属机构""}}"
"government_jobs","国家公务员2026招考简章","公务员/事业单位技术岗位","北京市海淀区","2026-07-28T09:12:58.310295+00:00","业务处一级主任科员及以下","国家市场监督管理总局","","北京市海淀区","公务员/事业单位;2026;computer_software;仅限硕士研究生;硕士;(0775、0812)计算机科学与技术、(0779、1004)公共卫生与预防医学;中央机关及其省级直属机构综合管理类","用人司局：餐饮食品安全监督管理司
职位简介：拟订餐饮食品安全监管制度措施，组织实施并指导开展餐饮食品安全监督检查工作，组织餐饮食品安全智慧监管工作。
专业要求：(0775、0812)计算机科学与技术、(0779、1004)公共卫生与预防医学
学历要求：仅限硕士研究生
学位要求：硕士
政治面貌：中共党员
基层工作经历：二年
考试类别：中央机关及其省级直属机构综合管理类
备注：具备2年以上与所学专业相关的工作经历；具有较强的文字功底和研究能力。工作强度大，应急处突任务较重，经常加班加点、出差在外。报名时请注明专业代码。","http://bm.scs.gov.cn/kl2026#131000-200110017001","2025-10-14","{""dataset_year"":2026,""job_uid"":""GOV-2026-131000-200110017001"",""publisher"":""国家公务员局"",""publication_page"":""http://bm.scs.gov.cn/kl2026"",""attachment_url"":""local://2026_guokao_zhaokaojianzhang.zip"",""local_source_file"":""中央机关及其直属机构2026年度考试录用公务员招考简章.xls"",""local_source_sha256"":""2670bae1df1dd07a3a3c79b9db46a11e3bb15a6c9c249e6af98bfd0b61ce3aaf"",""source_sheet"":""中央国家行政机关（本级）"",""filter_version"":""government_tech_v2"",""tech_filter"":{""is_tech"":true,""is_core_tech"":true,""scope"":""core"",""categories"":[""computer_software""],""matched_fields"":[""major"",""description""],""major_terms"":[""计算机科学与技术""],""role_terms"":[""智慧""],""reason"":""tech_major_and_role""},""original"":{""部门代码"":""131000"",""部门名称"":""国家市场监督管理总局"",""用人司局"":""餐饮食品安全监督管理司"",""机构性质"":""中央国家行政机关（本级）"",""招考职位"":""业务处一级主任科员及以下"",""职位属性"":""普通职位"",""职位分布"":""其他职位"",""职位简介"":""拟订餐饮食品安全监管制度措施，组织实施并指导开展餐饮食品安全监督检查工作，组织餐饮食品安全智慧监管工作。"",""职位代码"":""200110017001"",""机构层级"":""中央"",""考试类别"":""中央机关及其省级直属机构综合管理类"",""招考人数"":""1"",""专业"":""(0775、0812)计算机科学与技术、(0779、1004)公共卫生与预防医学"",""学历"":""仅限硕士研究生"",""学位"":""硕士"",""政治面貌"":""中共党员"",""基层工作最低年限"":""二年"",""服务基层项目工作经历"":""无限制"",""是否在面试阶段组织专业能力测试"":""否"",""面试人员比例"":""5:1"",""工作地点"":""北京市海淀区"",""落户地点"":""北京市海淀区"",""备注"":""具备2年以上与所学专业相关的工作经历；具有较强的文字功底和研究能力。工作强度大，应急处突任务较重，经常加班加点、出差在外。报名时请注明专业代码。"",""部门网站"":""http://www.samr.gov.cn/"",""咨询电话1"":""010-82262190"",""咨询电话2"":""010-82262236"",""咨询电话3"":"""",""来源Sheet"":""中央国家行政机关（本级）""}}"
"government_jobs","国家公务员2026招考简章","公务员/事业单位技术岗位","北京市西城区","2026-07-28T09:12:58.310295+00:00","一级主任科员及以下","国家金融监督管理总局","","北京市西城区","公务员/事业单位;2026;computer_software;仅限硕士研究生;与最高学历相对应的学位;最高学历专业为计算机科学与技术、软件工程、数据科学与大数据技术;中央机关及其省级直属机构综合管理类","用人司局：计算机岗
职位简介：从事稽查总队稽查调查或综合类工作
专业要求：最高学历专业为计算机科学与技术、软件工程、数据科学与大数据技术
学历要求：仅限硕士研究生
学位要求：与最高学历相对应的学位
政治面貌：不限
基层工作经历：二年
考试类别：中央机关及其省级直属机构综合管理类
备注：1.大学英语六级成绩在425分及以上（雅思成绩在6.5分及以上、托福成绩在90分及以上、取得英语专业四级或专业八级合格证书亦可），请在外语水平栏注明已获得的英语等级证书及成绩；
2.具有两年以上金融机构工作经历或计算机相关工作经历；
3.能适应到艰苦、边远地区出差。","http://bm.scs.gov.cn/kl2026#132000-200147009001","2025-10-14","{""dataset_year"":2026,""job_uid"":""GOV-2026-132000-200147009001"",""publisher"":""国家公务员局"",""publication_page"":""http://bm.scs.gov.cn/kl2026"",""attachment_url"":""local://2026_guokao_zhaokaojianzhang.zip"",""local_source_file"":""中央机关及其直属机构2026年度考试录用公务员招考简章.xls"",""local_source_sha256"":""2670bae1df1dd07a3a3c79b9db46a11e3bb15a6c9c249e6af98bfd0b61ce3aaf"",""source_sheet"":""中央国家行政机关（本级）"",""filter_version"":""government_tech_v2"",""tech_filter"":{""is_tech"":true,""is_core_tech"":true,""scope"":""core"",""categories"":[""computer_software""],""matched_fields"":[""major"",""office"",""remarks""],""major_terms"":[""大数据"",""数据科学与大数据技术"",""计算机科学与技术"",""软件工程""],""role_terms"":[""计算机""],""reason"":""tech_major_and_role""},""original"":{""部门代码"":""132000"",""部门名称"":""国家金融监督管理总局"",""用人司局"":""计算机岗"",""机构性质"":""中央国家行政机关（本级）"",""招考职位"":""一级主任科员及以下"",""职位属性"":""金融监管计算机类职位"",""职位分布"":""其他职位"",""职位简介"":""从事稽查总队稽查调查或综合类工作"",""职位代码"":""200147009001"",""机构层级"":""中央"",""考试类别"":""中央机关及其省级直属机构综合管理类"",""招考人数"":""4"",""专业"":""最高学历专业为计算机科学与技术、软件工程、数据科学与大数据技术"",""学历"":""仅限硕士研究生"",""学位"":""与最高学历相对应的学位"",""政治面貌"":""不限"",""基层工作最低年限"":""二年"",""服务基层项目工作经历"":""无限制"",""是否在面试阶段组织专业能力测试"":""否"",""面试人员比例"":""4:1"",""工作地点"":""北京市西城区"",""落户地点"":""北京市"",""备注"":""1.大学英语六级成绩在425分及以上（雅思成绩在6.5分及以上、托福成绩在90分及以上、取得英语专业四级或专业八级合格证书亦可），请在外语水平栏注明已获得的英语等级证书及成绩；\n2.具有两年以上金融机构工作经历或计算机相关工作经历；\n3.能适应到艰苦、边远地区出差。"",""部门网站"":""www.nfra.gov.cn"",""咨询电话1"":""010-66279151"",""咨询电话2"":"""",""咨询电话3"":"""",""来源Sheet"":""中央国家行政机关（本级）""}}"
"government_jobs","国家公务员2026招考简章","公务员/事业单位技术岗位","北京市","2026-07-28T09:12:58.310295+00:00","科技部门一级主任科员及以下","国家金融监督管理总局北京监管局","","北京市","公务员/事业单位;2026;computer_software;cybersecurity_cryptography;硕士研究生及以上;与最高学历相对应的学位;计算机科学与技术、计算机软件与理论、计算机系统结构、计算机应用技术、人工智能、金融信息工程、数据科学和信息技术、网络空间安全、计算机技术、网络与信息安全。;中央机关及其省级直属机构综合管理类","用人司局：国家金融监督管理总局北京监管局
职位简介：主要从事金融信息科技风险监管、电子设备软硬件管理及信息系统运行维护等工作。
专业要求：计算机科学与技术、计算机软件与理论、计算机系统结构、计算机应用技术、人工智能、金融信息工程、数据科学和信息技术、网络空间安全、计算机技术、网络与信息安全。
学历要求：硕士研究生及以上
学位要求：与最高学历相对应的学位
政治面貌：不限
基层工作经历：二年
考试类别：中央机关及其省级直属机构综合管理类
备注：1.报名时请在专业栏中同时填写专业名称和专业代码；2.本职位要求大学英语六级成绩在425分及以上（雅思成绩在6.5分及以上、托福成绩在90分及以上、取得英语专业四级或专业八级合格证书亦可），请在外语水平栏注明已获得的英语等级证书及成绩；3.本职位要求具有2年以上互联网公司或金融机构从事计算机相关工作经历，请在简历栏中注明相关经历。","http://bm.scs.gov.cn/kl2026#132101-300147001001","2025-10-14","{""dataset_year"":2026,""job_uid"":""GOV-2026-132101-300147001001"",""publisher"":""国家公务员局"",""publication_page"":""http://bm.scs.gov.cn/kl2026"",""attachment_url"":""local://2026_guokao_zhaokaojianzhang.zip"",""local_source_file"":""中央机关及其直属机构2026年度考试录用公务员招考简章.xls"",""local_source_sha256"":""2670bae1df1dd07a3a3c79b9db46a11e3bb15a6c9c249e6af98bfd0b61ce3aaf"",""source_sheet"":""中央国家行政机关省级以下直属机构"",""filter_version"":""government_tech_v2"",""tech_filter"":{""is_tech"":true,""is_core_tech"":true,""scope"":""core"",""categories"":[""computer_software"",""cybersecurity_cryptography""],""matched_fields"":[""major"",""description"",""remarks""],""major_terms"":[""人工智能"",""信息安全"",""数据科学"",""网络空间安全"",""计算机"",""计算机技术"",""计算机科学与技术""],""role_terms"":[""互联网"",""信息科技"",""信息系统"",""计算机"",""软硬件""],""reason"":""tech_major_and_role""},""original"":{""部门代码"":""132101"",""部门名称"":""国家金融监督管理总局北京监管局"",""用人司局"":""国家金融监督管理总局北京监管局"",""机构性质"":""中央国家行政机关省级以下直属机构"",""招考职位"":""科技部门一级主任科员及以下"",""职位属性"":""金融监管计算机类职位"",""职位分布"":""其他职位"",""职位简介"":""主要从事金融信息科技风险监管、电子设备软硬件管理及信息系统运行维护等工作。"",""职位代码"":""300147001001"",""机构层级"":""省（副省）级"",""考试类别"":""中央机关及其省级直属机构综合管理类"",""招考人数"":""6"",""专业"":""计算机科学与技术、计算机软件与理论、计算机系统结构、计算机应用技术、人工智能、金融信息工程、数据科学和信息技术、网络空间安全、计算机技术、网络与信息安全。"",""学历"":""硕士研究生及以上"",""学位"":""与最高学历相对应的学位"",""政治面貌"":""不限"",""基层工作最低年限"":""二年"",""服务基层项目工作经历"":""无限制"",""是否在面试阶段组织专业能力测试"":""否"",""面试人员比例"":""4:1"",""工作地点"":""北京市"",""落户地点"":""北京市"",""备注"":""1.报名时请在专业栏中同时填写专业名称和专业代码；2.本职位要求大学英语六级成绩在425分及以上（雅思成绩在6.5分及以上、托福成绩在90分及以上、取得英语专业四级或专业八级合格证书亦可），请在外语水平栏注明已获得的英语等级证书及成绩；3.本职位要求具有2年以上互联网公司或金融机构从事计算机相关工作经历，请在简历栏中注明相关经历。"",""部门网站"":""http://www.nfra.gov.cn/"",""咨询电话1"":""010-58391653"",""咨询电话2"":""010-58396606"",""咨询电话3"":""010-58391757"",""来源Sheet"":""中央国家行政机关省级以下直属机构""}}"
"government_jobs","国家公务员2026招考简章","公务员/事业单位技术岗位","河北省石家庄市","2026-07-28T09:12:58.310295+00:00","科技部门一级主任科员及以下","国家金融监督管理总局河北监管局","","河北省石家庄市","公务员/事业单位;2026;computer_software;cybersecurity_cryptography;electronics_communication;硕士研究生及以上;与最高学历相对应的学位;电子科学与技术（专业代码0809、0774开头）、信息与通信工程（专业代码0810开头）、计算机科学与技术（专业代码0812、0775开头）、软件工程（专业代码0835开头）、网络空间安全（专业0839开头）、电子信息（专业0854开头）;中央机关及其省级直属机构综合管理类","用人司局：国家金融监督管理总局河北监管局
职位简介：主要从事金融信息科技风险监管、电子设备软硬件管理及信息系统运行维护等工作
专业要求：电子科学与技术（专业代码0809、0774开头）、信息与通信工程（专业代码0810开头）、计算机科学与技术（专业代码0812、0775开头）、软件工程（专业代码0835开头）、网络空间安全（专业0839开头）、电子信息（专业0854开头）
学历要求：硕士研究生及以上
学位要求：与最高学历相对应的学位
政治面貌：不限
基层工作经历：二年
考试类别：中央机关及其省级直属机构综合管理类
备注：1.报名时请在专业栏中同时填写专业名称和专业代码；2.大学英语六级成绩在425分及以上（雅思成绩在6.5分及以上、托福成绩在90分及以上、取得英语专业四级或专业八级合格证书亦可），请在外语水平栏注明已获得的英语等级证书及成绩；3.要求基层工作最低年限二年，请在简历栏中注明相关经历。","http://bm.scs.gov.cn/kl2026#132103-300147003001","2025-10-14","{""dataset_year"":2026,""job_uid"":""GOV-2026-132103-300147003001"",""publisher"":""国家公务员局"",""publication_page"":""http://bm.scs.gov.cn/kl2026"",""attachment_url"":""local://2026_guokao_zhaokaojianzhang.zip"",""local_source_file"":""中央机关及其直属机构2026年度考试录用公务员招考简章.xls"",""local_source_sha256"":""2670bae1df1dd07a3a3c79b9db46a11e3bb15a6c9c249e6af98bfd0b61ce3aaf"",""source_sheet"":""中央国家行政机关省级以下直属机构"",""filter_version"":""government_tech_v2"",""tech_filter"":{""is_tech"":true,""is_core_tech"":true,""scope"":""core"",""categories"":[""computer_software"",""cybersecurity_cryptography"",""electronics_communication""],""matched_fields"":[""major"",""description""],""major_terms"":[""信息与通信工程"",""电子信息"",""电子科学与技术"",""网络空间安全"",""计算机科学与技术"",""软件工程"",""通信工程""],""role_terms"":[""信息科技"",""信息系统"",""软硬件""],""reason"":""tech_major_and_role""},""original"":{""部门代码"":""132103"",""部门名称"":""国家金融监督管理总局河北监管局"",""用人司局"":""国家金融监督管理总局河北监管局"",""机构性质"":""中央国家行政机关省级以下直属机构"",""招考职位"":""科技部门一级主任科员及以下"",""职位属性"":""金融监管计算机类职位"",""职位分布"":""其他职位"",""职位简介"":""主要从事金融信息科技风险监管、电子设备软硬件管理及信息系统运行维护等工作"",""职位代码"":""300147003001"",""机构层级"":""省（副省）级"",""考试类别"":""中央机关及其省级直属机构综合管理类"",""招考人数"":""2"",""专业"":""电子科学与技术（专业代码0809、0774开头）、信息与通信工程（专业代码0810开头）、计算机科学与技术（专业代码0812、0775开头）、软件工程（专业代码0835开头）、网络空间安全（专业0839开头）、电子信息（专业0854开头）"",""学历"":""硕士研究生及以上"",""学位"":""与最高学历相对应的学位"",""政治面貌"":""不限"",""基层工作最低年限"":""二年"",""服务基层项目工作经历"":""无限制"",""是否在面试阶段组织专业能力测试"":""否"",""面试人员比例"":""4:1"",""工作地点"":""河北省石家庄市"",""落户地点"":""河北省石家庄市"",""备注"":""1.报名时请在专业栏中同时填写专业名称和专业代码；2.大学英语六级成绩在425分及以上（雅思成绩在6.5分及以上、托福成绩在90分及以上、取得英语专业四级或专业八级合格证书亦可），请在外语水平栏注明已获得的英语等级证书及成绩；3.要求基层工作最低年限二年，请在简历栏中注明相关经历。"",""部门网站"":""https://www.nfra.gov.cn/"",""咨询电话1"":""0311-68098133"",""咨询电话2"":""0311-68098731"",""咨询电话3"":"""",""来源Sheet"":""中央国家行政机关省级以下直属机构""}}"
"government_jobs","国家公务员2026招考简章","公务员/事业单位技术岗位","河北省张家口市","2026-07-28T09:12:58.310295+00:00","科技部门一级主任科员及以下","国家金融监督管理总局河北监管局","","河北省张家口市","公务员/事业单位;2026;computer_software;cybersecurity_cryptography;electronics_communication;本科及以上;与最高学历相对应的学位;本科专业为电子信息类、计算机类，或研究生专业为电子科学与技术、信息与通信工程、计算机科学与技术、软件工程、网络空间安全、电子信息;市（地）级及以下直属机构综合管理类","用人司局：国家金融监督管理总局张家口监管分局
职位简介：主要从事金融信息科技风险监管、电子设备软硬件管理及信息系统运行维护等工作
专业要求：本科专业为电子信息类、计算机类，或研究生专业为电子科学与技术、信息与通信工程、计算机科学与技术、软件工程、网络空间安全、电子信息
学历要求：本科及以上
学位要求：与最高学历相对应的学位
政治面貌：不限
基层工作经历：无限制
考试类别：市（地）级及以下直属机构综合管理类
备注：1.报名时请在专业栏中同时填写专业名称和专业代码；2.限应届高校毕业生报考，请在备注栏中注明本人具有应届高校毕业生身份；3.大学英语四级成绩在425分及以上（雅思成绩在6分及以上、托福成绩在80分及以上、取得英语专业四级或专业八级合格证书亦可），请在外语水平栏注明已获得的英语等级证书及成绩。","http://bm.scs.gov.cn/kl2026#132103-300147005001","2025-10-14","{""dataset_year"":2026,""job_uid"":""GOV-2026-132103-300147005001"",""publisher"":""国家公务员局"",""publication_page"":""http://bm.scs.gov.cn/kl2026"",""attachment_url"":""local://2026_guokao_zhaokaojianzhang.zip"",""local_source_file"":""中央机关及其直属机构2026年度考试录用公务员招考简章.xls"",""local_source_sha256"":""2670bae1df1dd07a3a3c79b9db46a11e3bb15a6c9c249e6af98bfd0b61ce3aaf"",""source_sheet"":""中央国家行政机关省级以下直属机构"",""filter_version"":""government_tech_v2"",""tech_filter"":{""is_tech"":true,""is_core_tech"":true,""scope"":""core"",""categories"":[""computer_software"",""cybersecurity_cryptography"",""electronics_communication""],""matched_fields"":[""major"",""description""],""major_terms"":[""信息与通信工程"",""电子信息"",""电子信息类"",""电子科学与技术"",""网络空间安全"",""计算机科学与技术"",""计算机类"",""软件工程"",""通信工程""],""role_terms"":[""信息科技"",""信息系统"",""软硬件""],""reason"":""tech_major_and_role""},""original"":{""部门代码"":""132103"",""部门名称"":""国家金融监督管理总局河北监管局"",""用人司局"":""国家金融监督管理总局张家口监管分局"",""机构性质"":""中央国家行政机关省级以下直属机构"",""招考职位"":""科技部门一级主任科员及以下"",""职位属性"":""金融监管计算机类职位"",""职位分布"":""其他职位"",""职位简介"":""主要从事金融信息科技风险监管、电子设备软硬件管理及信息系统运行维护等工作"",""职位代码"":""300147005001"",""机构层级"":""市（地）级"",""考试类别"":""市（地）级及以下直属机构综合管理类"",""招考人数"":""1"",""专业"":""本科专业为电子信息类、计算机类，或研究生专业为电子科学与技术、信息与通信工程、计算机科学与技术、软件工程、网络空间安全、电子信息"",""学历"":""本科及以上"",""学位"":""与最高学历相对应的学位"",""政治面貌"":""不限"",""基层工作最低年限"":""无限制"",""服务基层项目工作经历"":""无限制"",""是否在面试阶段组织专业能力测试"":""否"",""面试人员比例"":""3:1"",""工作地点"":""河北省张家口市"",""落户地点"":""河北省张家口市"",""备注"":""1.报名时请在专业栏中同时填写专业名称和专业代码；2.限应届高校毕业生报考，请在备注栏中注明本人具有应届高校毕业生身份；3.大学英语四级成绩在425分及以上（雅思成绩在6分及以上、托福成绩在80分及以上、取得英语专业四级或专业八级合格证书亦可），请在外语水平栏注明已获得的英语等级证书及成绩。"",""部门网站"":""https://www.nfra.gov.cn/"",""咨询电话1"":""0311-68098133"",""咨询电话2"":""0311-68098731"",""咨询电话3"":"""",""来源Sheet"":""中央国家行政机关省级以下直属机构""}}"
"government_jobs","国家公务员2026招考简章","公务员/事业单位技术岗位","河北省承德市","2026-07-28T09:12:58.310295+00:00","科技部门一级主任科员及以下","国家金融监督管理总局河北监管局","","河北省承德市","公务员/事业单位;2026;computer_software;cybersecurity_cryptography;electronics_communication;本科及以上;与最高学历相对应的学位;本科专业为电子信息类、计算机类，或研究生专业为电子科学与技术、信息与通信工程、计算机科学与技术、软件工程、网络空间安全、电子信息;市（地）级及以下直属机构综合管理类","用人司局：国家金融监督管理总局承德监管分局
职位简介：主要从事金融信息科技风险监管、电子设备软硬件管理及信息系统运行维护等工作
专业要求：本科专业为电子信息类、计算机类，或研究生专业为电子科学与技术、信息与通信工程、计算机科学与技术、软件工程、网络空间安全、电子信息
学历要求：本科及以上
学位要求：与最高学历相对应的学位
政治面貌：不限
基层工作经历：无限制
考试类别：市（地）级及以下直属机构综合管理类
备注：1.报名时请在专业栏中同时填写专业名称和专业代码；2.限应届高校毕业生报考，请在备注栏中注明本人具有应届高校毕业生身份；3.大学英语四级成绩在425分及以上（雅思成绩在6分及以上、托福成绩在80分及以上、取得英语专业四级或专业八级合格证书亦可），请在外语水平栏注明已获得的英语等级证书及成绩。","http://bm.scs.gov.cn/kl2026#132103-300147015001","2025-10-14","{""dataset_year"":2026,""job_uid"":""GOV-2026-132103-300147015001"",""publisher"":""国家公务员局"",""publication_page"":""http://bm.scs.gov.cn/kl2026"",""attachment_url"":""local://2026_guokao_zhaokaojianzhang.zip"",""local_source_file"":""中央机关及其直属机构2026年度考试录用公务员招考简章.xls"",""local_source_sha256"":""2670bae1df1dd07a3a3c79b9db46a11e3bb15a6c9c249e6af98bfd0b61ce3aaf"",""source_sheet"":""中央国家行政机关省级以下直属机构"",""filter_version"":""government_tech_v2"",""tech_filter"":{""is_tech"":true,""is_core_tech"":true,""scope"":""core"",""categories"":[""computer_software"",""cybersecurity_cryptography"",""electronics_communication""],""matched_fields"":[""major"",""description""],""major_terms"":[""信息与通信工程"",""电子信息"",""电子信息类"",""电子科学与技术"",""网络空间安全"",""计算机科学与技术"",""计算机类"",""软件工程"",""通信工程""],""role_terms"":[""信息科技"",""信息系统"",""软硬件""],""reason"":""tech_major_and_role""},""original"":{""部门代码"":""132103"",""部门名称"":""国家金融监督管理总局河北监管局"",""用人司局"":""国家金融监督管理总局承德监管分局"",""机构性质"":""中央国家行政机关省级以下直属机构"",""招考职位"":""科技部门一级主任科员及以下"",""职位属性"":""金融监管计算机类职位"",""职位分布"":""其他职位"",""职位简介"":""主要从事金融信息科技风险监管、电子设备软硬件管理及信息系统运行维护等工作"",""职位代码"":""300147015001"",""机构层级"":""市（地）级"",""考试类别"":""市（地）级及以下直属机构综合管理类"",""招考人数"":""1"",""专业"":""本科专业为电子信息类、计算机类，或研究生专业为电子科学与技术、信息与通信工程、计算机科学与技术、软件工程、网络空间安全、电子信息"",""学历"":""本科及以上"",""学位"":""与最高学历相对应的学位"",""政治面貌"":""不限"",""基层工作最低年限"":""无限制"",""服务基层项目工作经历"":""无限制"",""是否在面试阶段组织专业能力测试"":""否"",""面试人员比例"":""3:1"",""工作地点"":""河北省承德市"",""落户地点"":""河北省承德市"",""备注"":""1.报名时请在专业栏中同时填写专业名称和专业代码；2.限应届高校毕业生报考，请在备注栏中注明本人具有应届高校毕业生身份；3.大学英语四级成绩在425分及以上（雅思成绩在6分及以上、托福成绩在80分及以上、取得英语专业四级或专业八级合格证书亦可），请在外语水平栏注明已获得的英语等级证书及成绩。"",""部门网站"":""https://www.nfra.gov.cn/"",""咨询电话1"":""0311-68098133"",""咨询电话2"":""0311-68098731"",""咨询电话3"":"""",""来源Sheet"":""中央国家行政机关省级以下直属机构""}}"
"government_jobs","国家公务员2026招考简章","公务员/事业单位技术岗位","河北省衡水市","2026-07-28T09:12:58.310295+00:00","科技部门一级主任科员及以下","国家金融监督管理总局河北监管局","","河北省衡水市","公务员/事业单位;2026;computer_software;cybersecurity_cryptography;electronics_communication;本科及以上;与最高学历相对应的学位;本科专业为电子信息类、计算机类，或研究生专业为电子科学与技术、信息与通信工程、计算机科学与技术、软件工程、网络空间安全、电子信息;市（地）级及以下直属机构综合管理类","用人司局：国家金融监督管理总局衡水监管分局
职位简介：主要从事金融信息科技风险监管、电子设备软硬件管理及信息系统运行维护等工作
专业要求：本科专业为电子信息类、计算机类，或研究生专业为电子科学与技术、信息与通信工程、计算机科学与技术、软件工程、网络空间安全、电子信息
学历要求：本科及以上
学位要求：与最高学历相对应的学位
政治面貌：不限
基层工作经历：无限制
考试类别：市（地）级及以下直属机构综合管理类
备注：1.报名时请在专业栏中同时填写专业名称和专业代码；2.大学英语四级成绩在425分及以上（雅思成绩在6分及以上、托福成绩在80分及以上、取得英语专业四级或专业八级合格证书亦可），请在外语水平栏注明已获得的英语等级证书及成绩。","http://bm.scs.gov.cn/kl2026#132103-300147053001","2025-10-14","{""dataset_year"":2026,""job_uid"":""GOV-2026-132103-300147053001"",""publisher"":""国家公务员局"",""publication_page"":""http://bm.scs.gov.cn/kl2026"",""attachment_url"":""local://2026_guokao_zhaokaojianzhang.zip"",""local_source_file"":""中央机关及其直属机构2026年度考试录用公务员招考简章.xls"",""local_source_sha256"":""2670bae1df1dd07a3a3c79b9db46a11e3bb15a6c9c249e6af98bfd0b61ce3aaf"",""source_sheet"":""中央国家行政机关省级以下直属机构"",""filter_version"":""government_tech_v2"",""tech_filter"":{""is_tech"":true,""is_core_tech"":true,""scope"":""core"",""categories"":[""computer_software"",""cybersecurity_cryptography"",""electronics_communication""],""matched_fields"":[""major"",""description""],""major_terms"":[""信息与通信工程"",""电子信息"",""电子信息类"",""电子科学与技术"",""网络空间安全"",""计算机科学与技术"",""计算机类"",""软件工程"",""通信工程""],""role_terms"":[""信息科技"",""信息系统"",""软硬件""],""reason"":""tech_major_and_role""},""original"":{""部门代码"":""132103"",""部门名称"":""国家金融监督管理总局河北监管局"",""用人司局"":""国家金融监督管理总局衡水监管分局"",""机构性质"":""中央国家行政机关省级以下直属机构"",""招考职位"":""科技部门一级主任科员及以下"",""职位属性"":""金融监管计算机类职位"",""职位分布"":""其他职位"",""职位简介"":""主要从事金融信息科技风险监管、电子设备软硬件管理及信息系统运行维护等工作"",""职位代码"":""300147053001"",""机构层级"":""市（地）级"",""考试类别"":""市（地）级及以下直属机构综合管理类"",""招考人数"":""1"",""专业"":""本科专业为电子信息类、计算机类，或研究生专业为电子科学与技术、信息与通信工程、计算机科学与技术、软件工程、网络空间安全、电子信息"",""学历"":""本科及以上"",""学位"":""与最高学历相对应的学位"",""政治面貌"":""不限"",""基层工作最低年限"":""无限制"",""服务基层项目工作经历"":""无限制"",""是否在面试阶段组织专业能力测试"":""否"",""面试人员比例"":""3:1"",""工作地点"":""河北省衡水市"",""落户地点"":""河北省衡水市"",""备注"":""1.报名时请在专业栏中同时填写专业名称和专业代码；2.大学英语四级成绩在425分及以上（雅思成绩在6分及以上、托福成绩在80分及以上、取得英语专业四级或专业八级合格证书亦可），请在外语水平栏注明已获得的英语等级证书及成绩。"",""部门网站"":""https://www.nfra.gov.cn/"",""咨询电话1"":""0311-68098133"",""咨询电话2"":""0311-68098731"",""咨询电话3"":"""",""来源Sheet"":""中央国家行政机关省级以下直属机构""}}"
"government_jobs","国家公务员2026招考简章","公务员/事业单位技术岗位","河北省邯郸市","2026-07-28T09:12:58.310295+00:00","科技部门一级主任科员及以下","国家金融监督管理总局河北监管局","","河北省邯郸市","公务员/事业单位;2026;computer_software;cybersecurity_cryptography;electronics_communication;本科及以上;与最高学历相对应的学位;本科专业为电子信息类、计算机类，或研究生专业为电子科学与技术、信息与通信工程、计算机科学与技术、软件工程、网络空间安全、电子信息;市（地）级及以下直属机构综合管理类","用人司局：国家金融监督管理总局邯郸监管分局
职位简介：主要从事金融信息科技风险监管、电子设备软硬件管理及信息系统运行维护等工作
专业要求：本科专业为电子信息类、计算机类，或研究生专业为电子科学与技术、信息与通信工程、计算机科学与技术、软件工程、网络空间安全、电子信息
学历要求：本科及以上
学位要求：与最高学历相对应的学位
政治面貌：不限
基层工作经历：无限制
考试类别：市（地）级及以下直属机构综合管理类
备注：1.报名时请在专业栏中同时填写专业名称和专业代码；2.限应届高校毕业生报考，请在备注栏中注明本人具有应届高校毕业生身份；3.大学英语四级成绩在425分及以上（雅思成绩在6分及以上、托福成绩在80分及以上、取得英语专业四级或专业八级合格证书亦可），请在外语水平栏注明已获得的英语等级证书及成绩。","http://bm.scs.gov.cn/kl2026#132103-300147075001","2025-10-14","{""dataset_year"":2026,""job_uid"":""GOV-2026-132103-300147075001"",""publisher"":""国家公务员局"",""publication_page"":""http://bm.scs.gov.cn/kl2026"",""attachment_url"":""local://2026_guokao_zhaokaojianzhang.zip"",""local_source_file"":""中央机关及其直属机构2026年度考试录用公务员招考简章.xls"",""local_source_sha256"":""2670bae1df1dd07a3a3c79b9db46a11e3bb15a6c9c249e6af98bfd0b61ce3aaf"",""source_sheet"":""中央国家行政机关省级以下直属机构"",""filter_version"":""government_tech_v2"",""tech_filter"":{""is_tech"":true,""is_core_tech"":true,""scope"":""core"",""categories"":[""computer_software"",""cybersecurity_cryptography"",""electronics_communication""],""matched_fields"":[""major"",""description""],""major_terms"":[""信息与通信工程"",""电子信息"",""电子信息类"",""电子科学与技术"",""网络空间安全"",""计算机科学与技术"",""计算机类"",""软件工程"",""通信工程""],""role_terms"":[""信息科技"",""信息系统"",""软硬件""],""reason"":""tech_major_and_role""},""original"":{""部门代码"":""132103"",""部门名称"":""国家金融监督管理总局河北监管局"",""用人司局"":""国家金融监督管理总局邯郸监管分局"",""机构性质"":""中央国家行政机关省级以下直属机构"",""招考职位"":""科技部门一级主任科员及以下"",""职位属性"":""金融监管计算机类职位"",""职位分布"":""其他职位"",""职位简介"":""主要从事金融信息科技风险监管、电子设备软硬件管理及信息系统运行维护等工作"",""职位代码"":""300147075001"",""机构层级"":""市（地）级"",""考试类别"":""市（地）级及以下直属机构综合管理类"",""招考人数"":""1"",""专业"":""本科专业为电子信息类、计算机类，或研究生专业为电子科学与技术、信息与通信工程、计算机科学与技术、软件工程、网络空间安全、电子信息"",""学历"":""本科及以上"",""学位"":""与最高学历相对应的学位"",""政治面貌"":""不限"",""基层工作最低年限"":""无限制"",""服务基层项目工作经历"":""无限制"",""是否在面试阶段组织专业能力测试"":""否"",""面试人员比例"":""3:1"",""工作地点"":""河北省邯郸市"",""落户地点"":""河北省邯郸市"",""备注"":""1.报名时请在专业栏中同时填写专业名称和专业代码；2.限应届高校毕业生报考，请在备注栏中注明本人具有应届高校毕业生身份；3.大学英语四级成绩在425分及以上（雅思成绩在6分及以上、托福成绩在80分及以上、取得英语专业四级或专业八级合格证书亦可），请在外语水平栏注明已获得的英语等级证书及成绩。"",""部门网站"":""https://www.nfra.gov.cn/"",""咨询电话1"":""0311-68098133"",""咨询电话2"":""0311-68098731"",""咨询电话3"":"""",""来源Sheet"":""中央国家行政机关省级以下直属机构""}}"
"government_jobs","国家公务员2026招考简章","公务员/事业单位技术岗位","内蒙古自治区包头市固阳县","2026-07-28T09:12:58.310295+00:00","统计信息部门一级主任科员及以下","国家金融监督管理总局内蒙古监管局","","内蒙古自治区包头市固阳县","公务员/事业单位;2026;computer_software;data_ai;仅限本科;学士;计算机科学与技术、软件工程、网络工程、电子与计算机工程、数据科学与大数据技术;市（地）级及以下直属机构综合管理类","用人司局：国家金融监督管理总局固阳监管支局
职位简介：主要从事金融监管数据统计分析工作。
专业要求：计算机科学与技术、软件工程、网络工程、电子与计算机工程、数据科学与大数据技术
学历要求：仅限本科
学位要求：学士
政治面貌：不限
基层工作经历：无限制
考试类别：市（地）级及以下直属机构综合管理类
备注：1.报名时请在专业栏中同时填写专业名称和专业代码；2.限应届高校毕业生报考，请在备注栏中注明本人具有应届高校毕业生身份；3.专业考试信息请参见《2026年度国家金融监督管理总局招考职位专业科目笔试考试大纲》。","http://bm.scs.gov.cn/kl2026#132105-300147148001","2025-10-14","{""dataset_year"":2026,""job_uid"":""GOV-2026-132105-300147148001"",""publisher"":""国家公务员局"",""publication_page"":""http://bm.scs.gov.cn/kl2026"",""attachment_url"":""local://2026_guokao_zhaokaojianzhang.zip"",""local_source_file"":""中央机关及其直属机构2026年度考试录用公务员招考简章.xls"",""local_source_sha256"":""2670bae1df1dd07a3a3c79b9db46a11e3bb15a6c9c249e6af98bfd0b61ce3aaf"",""source_sheet"":""中央国家行政机关省级以下直属机构"",""filter_version"":""government_tech_v2"",""tech_filter"":{""is_tech"":true,""is_core_tech"":true,""scope"":""core"",""categories"":[""computer_software"",""data_ai""],""matched_fields"":[""major"",""description""],""major_terms"":[""大数据"",""数据科学与大数据技术"",""网络工程"",""计算机"",""计算机科学与技术"",""软件工程""],""role_terms"":[""数据统计分析""],""reason"":""tech_major_and_role""},""original"":{""部门代码"":""132105"",""部门名称"":""国家金融监督管理总局内蒙古监管局"",""用人司局"":""国家金融监督管理总局固阳监管支局"",""机构性质"":""中央国家行政机关省级以下直属机构"",""招考职位"":""统计信息部门一级主任科员及以下"",""职位属性"":""金融监管计算机类职位"",""职位分布"":""西部地区和艰苦边远地区职位"",""职位简介"":""主要从事金融监管数据统计分析工作。"",""职位代码"":""300147148001"",""机构层级"":""县（区）级及以下"",""考试类别"":""市（地）级及以下直属机构综合管理类"",""招考人数"":""1"",""专业"":""计算机科学与技术、软件工程、网络工程、电子与计算机工程、数据科学与大数据技术"",""学历"":""仅限本科"",""学位"":""学士"",""政治面貌"":""不限"",""基层工作最低年限"":""无限制"",""服务基层项目工作经历"":""无限制"",""是否在面试阶段组织专业能力测试"":""否"",""面试人员比例"":""3:1"",""工作地点"":""内蒙古自治区包头市固阳县"",""落户地点"":""内蒙古自治区包头市固阳县"",""备注"":""1.报名时请在专业栏中同时填写专业名称和专业代码；2.限应届高校毕业生报考，请在备注栏中注明本人具有应届高校毕业生身份；3.专业考试信息请参见《2026年度国家金融监督管理总局招考职位专业科目笔试考试大纲》。"",""部门网站"":""www.nfra.gov.cn"",""咨询电话1"":""0471-43450441"",""咨询电话2"":""0471-4343512"",""咨询电话3"":"""",""来源Sheet"":""中央国家行政机关省级以下直属机构""}}"
"government_jobs","国家公务员2026招考简章","公务员/事业单位技术岗位","内蒙古自治区呼伦贝尔市莫力达瓦达斡尔族自治旗","2026-07-28T09:12:58.310295+00:00","科技部门一级主任科员及以下","国家金融监督管理总局内蒙古监管局","","内蒙古自治区呼伦贝尔市莫力达瓦达斡尔族自治旗","公务员/事业单位;2026;computer_software;仅限本科;学士;计算机科学与技术、软件工程、网络工程、电子与计算机工程、数据科学与大数据技术;市（地）级及以下直属机构综合管理类","用人司局：国家金融监督管理总局莫力达瓦监管支局
职位简介：主要从事金融信息科技风险监管、电子设备软硬件管理及信息系统运行维护等工作。
专业要求：计算机科学与技术、软件工程、网络工程、电子与计算机工程、数据科学与大数据技术
学历要求：仅限本科
学位要求：学士
政治面貌：不限
基层工作经历：无限制
考试类别：市（地）级及以下直属机构综合管理类
备注：1.报名时请在专业栏中同时填写专业名称和专业代码；2.限应届高校毕业生报考，请在备注栏中注明本人具有应届高校毕业生身份；3.专业考试信息请参见《2026年度国家金融监督管理总局招考职位专业科目笔试考试大纲》。","http://bm.scs.gov.cn/kl2026#132105-300147152001","2025-10-14","{""dataset_year"":2026,""job_uid"":""GOV-2026-132105-300147152001"",""publisher"":""国家公务员局"",""publication_page"":""http://bm.scs.gov.cn/kl2026"",""attachment_url"":""local://2026_guokao_zhaokaojianzhang.zip"",""local_source_file"":""中央机关及其直属机构2026年度考试录用公务员招考简章.xls"",""local_source_sha256"":""2670bae1df1dd07a3a3c79b9db46a11e3bb15a6c9c249e6af98bfd0b61ce3aaf"",""source_sheet"":""中央国家行政机关省级以下直属机构"",""filter_version"":""government_tech_v2"",""tech_filter"":{""is_tech"":true,""is_core_tech"":true,""scope"":""core"",""categories"":[""computer_software""],""matched_fields"":[""major"",""description""],""major_terms"":[""大数据"",""数据科学与大数据技术"",""网络工程"",""计算机"",""计算机科学与技术"",""软件工程""],""role_terms"":[""信息科技"",""信息系统"",""软硬件""],""reason"":""tech_major_and_role""},""original"":{""部门代码"":""132105"",""部门名称"":""国家金融监督管理总局内蒙古监管局"",""用人司局"":""国家金融监督管理总局莫力达瓦监管支局"",""机构性质"":""中央国家行政机关省级以下直属机构"",""招考职位"":""科技部门一级主任科员及以下"",""职位属性"":""金融监管计算机类职位"",""职位分布"":""西部地区和艰苦边远地区职位"",""职位简介"":""主要从事金融信息科技风险监管、电子设备软硬件管理及信息系统运行维护等工作。"",""职位代码"":""300147152001"",""机构层级"":""县（区）级及以下"",""考试类别"":""市（地）级及以下直属机构综合管理类"",""招考人数"":""1"",""专业"":""计算机科学与技术、软件工程、网络工程、电子与计算机工程、数据科学与大数据技术"",""学历"":""仅限本科"",""学位"":""学士"",""政治面貌"":""不限"",""基层工作最低年限"":""无限制"",""服务基层项目工作经历"":""无限制"",""是否在面试阶段组织专业能力测试"":""否"",""面试人员比例"":""3:1"",""工作地点"":""内蒙古自治区呼伦贝尔市莫力达瓦达斡尔族自治旗"",""落户地点"":""内蒙古自治区呼伦贝尔市莫力达瓦达斡尔族自治旗"",""备注"":""1.报名时请在专业栏中同时填写专业名称和专业代码；2.限应届高校毕业生报考，请在备注栏中注明本人具有应届高校毕业生身份；3.专业考试信息请参见《2026年度国家金融监督管理总局招考职位专业科目笔试考试大纲》。"",""部门网站"":""www.nfra.gov.cn"",""咨询电话1"":""0471-43450441"",""咨询电话2"":""0471-4343512"",""咨询电话3"":"""",""来源Sheet"":""中央国家行政机关省级以下直属机构""}}"
"government_jobs","国家公务员2026招考简章","公务员/事业单位技术岗位","内蒙古自治区呼伦贝尔市新巴尔虎左旗","2026-07-28T09:12:58.310295+00:00","统计信息部门一级主任科员及以下","国家金融监督管理总局内蒙古监管局","","内蒙古自治区呼伦贝尔市新巴尔虎左旗","公务员/事业单位;2026;computer_software;data_ai;仅限本科;学士;计算机科学与技术、软件工程、网络工程、电子与计算机工程、数据科学与大数据技术;市（地）级及以下直属机构综合管理类","用人司局：国家金融监督管理总局新巴尔虎左监管支局
职位简介：主要从事金融监管数据统计分析工作。
专业要求：计算机科学与技术、软件工程、网络工程、电子与计算机工程、数据科学与大数据技术
学历要求：仅限本科
学位要求：学士
政治面貌：不限
基层工作经历：无限制
考试类别：市（地）级及以下直属机构综合管理类
备注：1.报名时请在专业栏中同时填写专业名称和专业代码；2.限应届高校毕业生报考，请在备注栏中注明本人具有应届高校毕业生身份；3.专业考试信息请参见《2026年度国家金融监督管理总局招考职位专业科目笔试考试大纲》。","http://bm.scs.gov.cn/kl2026#132105-300147154001","2025-10-14","{""dataset_year"":2026,""job_uid"":""GOV-2026-132105-300147154001"",""publisher"":""国家公务员局"",""publication_page"":""http://bm.scs.gov.cn/kl2026"",""attachment_url"":""local://2026_guokao_zhaokaojianzhang.zip"",""local_source_file"":""中央机关及其直属机构2026年度考试录用公务员招考简章.xls"",""local_source_sha256"":""2670bae1df1dd07a3a3c79b9db46a11e3bb15a6c9c249e6af98bfd0b61ce3aaf"",""source_sheet"":""中央国家行政机关省级以下直属机构"",""filter_version"":""government_tech_v2"",""tech_filter"":{""is_tech"":true,""is_core_tech"":true,""scope"":""core"",""categories"":[""computer_software"",""data_ai""],""matched_fields"":[""major"",""description""],""major_terms"":[""大数据"",""数据科学与大数据技术"",""网络工程"",""计算机"",""计算机科学与技术"",""软件工程""],""role_terms"":[""数据统计分析""],""reason"":""tech_major_and_role""},""original"":{""部门代码"":""132105"",""部门名称"":""国家金融监督管理总局内蒙古监管局"",""用人司局"":""国家金融监督管理总局新巴尔虎左监管支局"",""机构性质"":""中央国家行政机关省级以下直属机构"",""招考职位"":""统计信息部门一级主任科员及以下"",""职位属性"":""金融监管计算机类职位"",""职位分布"":""西部地区和艰苦边远地区职位"",""职位简介"":""主要从事金融监管数据统计分析工作。"",""职位代码"":""300147154001"",""机构层级"":""县（区）级及以下"",""考试类别"":""市（地）级及以下直属机构综合管理类"",""招考人数"":""1"",""专业"":""计算机科学与技术、软件工程、网络工程、电子与计算机工程、数据科学与大数据技术"",""学历"":""仅限本科"",""学位"":""学士"",""政治面貌"":""不限"",""基层工作最低年限"":""无限制"",""服务基层项目工作经历"":""无限制"",""是否在面试阶段组织专业能力测试"":""否"",""面试人员比例"":""3:1"",""工作地点"":""内蒙古自治区呼伦贝尔市新巴尔虎左旗"",""落户地点"":""内蒙古自治区呼伦贝尔市新巴尔虎左旗"",""备注"":""1.报名时请在专业栏中同时填写专业名称和专业代码；2.限应届高校毕业生报考，请在备注栏中注明本人具有应届高校毕业生身份；3.专业考试信息请参见《2026年度国家金融监督管理总局招考职位专业科目笔试考试大纲》。"",""部门网站"":""www.nfra.gov.cn"",""咨询电话1"":""0471-43450441"",""咨询电话2"":""0471-4343512"",""咨询电话3"":"""",""来源Sheet"":""中央国家行政机关省级以下直属机构""}}"
"government_jobs","国家公务员2026招考简章","公务员/事业单位技术岗位","内蒙古自治区呼伦贝尔市新巴尔虎右旗","2026-07-28T09:12:58.310295+00:00","科技部门一级主任科员及以下","国家金融监督管理总局内蒙古监管局","","内蒙古自治区呼伦贝尔市新巴尔虎右旗","公务员/事业单位;2026;computer_software;仅限本科;学士;计算机科学与技术、软件工程、网络工程、电子与计算机工程、数据科学与大数据技术;市（地）级及以下直属机构综合管理类","用人司局：国家金融监督管理总局新巴尔虎右监管支局
职位简介：主要从事金融信息科技风险监管、电子设备软硬件管理及信息系统运行维护等工作。
专业要求：计算机科学与技术、软件工程、网络工程、电子与计算机工程、数据科学与大数据技术
学历要求：仅限本科
学位要求：学士
政治面貌：不限
基层工作经历：无限制
考试类别：市（地）级及以下直属机构综合管理类
备注：1.报名时请在专业栏中同时填写专业名称和专业代码；2.限应届高校毕业生报考，请在备注栏中注明本人具有应届高校毕业生身份；3.专业考试信息请参见《2026年度国家金融监督管理总局招考职位专业科目笔试考试大纲》。","http://bm.scs.gov.cn/kl2026#132105-300147155001","2025-10-14","{""dataset_year"":2026,""job_uid"":""GOV-2026-132105-300147155001"",""publisher"":""国家公务员局"",""publication_page"":""http://bm.scs.gov.cn/kl2026"",""attachment_url"":""local://2026_guokao_zhaokaojianzhang.zip"",""local_source_file"":""中央机关及其直属机构2026年度考试录用公务员招考简章.xls"",""local_source_sha256"":""2670bae1df1dd07a3a3c79b9db46a11e3bb15a6c9c249e6af98bfd0b61ce3aaf"",""source_sheet"":""中央国家行政机关省级以下直属机构"",""filter_version"":""government_tech_v2"",""tech_filter"":{""is_tech"":true,""is_core_tech"":true,""scope"":""core"",""categories"":[""computer_software""],""matched_fields"":[""major"",""description""],""major_terms"":[""大数据"",""数据科学与大数据技术"",""网络工程"",""计算机"",""计算机科学与技术"",""软件工程""],""role_terms"":[""信息科技"",""信息系统"",""软硬件""],""reason"":""tech_major_and_role""},""original"":{""部门代码"":""132105"",""部门名称"":""国家金融监督管理总局内蒙古监管局"",""用人司局"":""国家金融监督管理总局新巴尔虎右监管支局"",""机构性质"":""中央国家行政机关省级以下直属机构"",""招考职位"":""科技部门一级主任科员及以下"",""职位属性"":""金融监管计算机类职位"",""职位分布"":""西部地区和艰苦边远地区职位"",""职位简介"":""主要从事金融信息科技风险监管、电子设备软硬件管理及信息系统运行维护等工作。"",""职位代码"":""300147155001"",""机构层级"":""县（区）级及以下"",""考试类别"":""市（地）级及以下直属机构综合管理类"",""招考人数"":""1"",""专业"":""计算机科学与技术、软件工程、网络工程、电子与计算机工程、数据科学与大数据技术"",""学历"":""仅限本科"",""学位"":""学士"",""政治面貌"":""不限"",""基层工作最低年限"":""无限制"",""服务基层项目工作经历"":""无限制"",""是否在面试阶段组织专业能力测试"":""否"",""面试人员比例"":""3:1"",""工作地点"":""内蒙古自治区呼伦贝尔市新巴尔虎右旗"",""落户地点"":""内蒙古自治区呼伦贝尔市新巴尔虎右旗"",""备注"":""1.报名时请在专业栏中同时填写专业名称和专业代码；2.限应届高校毕业生报考，请在备注栏中注明本人具有应届高校毕业生身份；3.专业考试信息请参见《2026年度国家金融监督管理总局招考职位专业科目笔试考试大纲》。"",""部门网站"":""www.nfra.gov.cn"",""咨询电话1"":""0471-43450441"",""咨询电话2"":""0471-4343512"",""咨询电话3"":"""",""来源Sheet"":""中央国家行政机关省级以下直属机构""}}"
"government_jobs","国家公务员2026招考简章","公务员/事业单位技术岗位","内蒙古自治区兴安盟乌兰浩特市","2026-07-28T09:12:58.310295+00:00","统计信息部门一级主任科员及以下","国家金融监督管理总局内蒙古监管局","","内蒙古自治区兴安盟乌兰浩特市","公务员/事业单位;2026;computer_software;data_ai;仅限本科;学士;计算机科学与技术、软件工程、网络工程、电子与计算机工程、数据科学与大数据技术;市（地）级及以下直属机构综合管理类","用人司局：国家金融监督管理总局阿尔山监管支局
职位简介：主要从事金融监管数据统计分析工作。
专业要求：计算机科学与技术、软件工程、网络工程、电子与计算机工程、数据科学与大数据技术
学历要求：仅限本科
学位要求：学士
政治面貌：不限
基层工作经历：无限制
考试类别：市（地）级及以下直属机构综合管理类
备注：1.报名时请在专业栏中同时填写专业名称和专业代码；2.限应届高校毕业生报考，请在备注栏中注明本人具有应届高校毕业生身份；3.专业考试信息请参见《2026年度国家金融监督管理总局招考职位专业科目笔试考试大纲》。","http://bm.scs.gov.cn/kl2026#132105-300147157001","2025-10-14","{""dataset_year"":2026,""job_uid"":""GOV-2026-132105-300147157001"",""publisher"":""国家公务员局"",""publication_page"":""http://bm.scs.gov.cn/kl2026"",""attachment_url"":""local://2026_guokao_zhaokaojianzhang.zip"",""local_source_file"":""中央机关及其直属机构2026年度考试录用公务员招考简章.xls"",""local_source_sha256"":""2670bae1df1dd07a3a3c79b9db46a11e3bb15a6c9c249e6af98bfd0b61ce3aaf"",""source_sheet"":""中央国家行政机关省级以下直属机构"",""filter_version"":""government_tech_v2"",""tech_filter"":{""is_tech"":true,""is_core_tech"":true,""scope"":""core"",""categories"":[""computer_software"",""data_ai""],""matched_fields"":[""major"",""description""],""major_terms"":[""大数据"",""数据科学与大数据技术"",""网络工程"",""计算机"",""计算机科学与技术"",""软件工程""],""role_terms"":[""数据统计分析""],""reason"":""tech_major_and_role""},""original"":{""部门代码"":""132105"",""部门名称"":""国家金融监督管理总局内蒙古监管局"",""用人司局"":""国家金融监督管理总局阿尔山监管支局"",""机构性质"":""中央国家行政机关省级以下直属机构"",""招考职位"":""统计信息部门一级主任科员及以下"",""职位属性"":""金融监管计算机类职位"",""职位分布"":""西部地区和艰苦边远地区职位"",""职位简介"":""主要从事金融监管数据统计分析工作。"",""职位代码"":""300147157001"",""机构层级"":""县（区）级及以下"",""考试类别"":""市（地）级及以下直属机构综合管理类"",""招考人数"":""1"",""专业"":""计算机科学与技术、软件工程、网络工程、电子与计算机工程、数据科学与大数据技术"",""学历"":""仅限本科"",""学位"":""学士"",""政治面貌"":""不限"",""基层工作最低年限"":""无限制"",""服务基层项目工作经历"":""无限制"",""是否在面试阶段组织专业能力测试"":""否"",""面试人员比例"":""3:1"",""工作地点"":""内蒙古自治区兴安盟乌兰浩特市"",""落户地点"":""内蒙古自治区兴安盟乌兰浩特市"",""备注"":""1.报名时请在专业栏中同时填写专业名称和专业代码；2.限应届高校毕业生报考，请在备注栏中注明本人具有应届高校毕业生身份；3.专业考试信息请参见《2026年度国家金融监督管理总局招考职位专业科目笔试考试大纲》。"",""部门网站"":""www.nfra.gov.cn"",""咨询电话1"":""0471-43450441"",""咨询电话2"":""0471-4343512"",""咨询电话3"":"""",""来源Sheet"":""中央国家行政机关省级以下直属机构""}}"
"government_jobs","国家公务员2026招考简章","公务员/事业单位技术岗位","内蒙古自治区通辽市科尔沁区","2026-07-28T09:12:58.310295+00:00","统计信息部门一级主任科员及以下","国家金融监督管理总局内蒙古监管局","","内蒙古自治区通辽市科尔沁区","公务员/事业单位;2026;computer_software;data_ai;仅限本科;学士;计算机科学与技术、软件工程、网络工程、电子与计算机工程、数据科学与大数据技术;市（地）级及以下直属机构综合管理类","用人司局：国家金融监督管理总局通辽监管分局
职位简介：主要从事金融监管数据统计分析工作。
专业要求：计算机科学与技术、软件工程、网络工程、电子与计算机工程、数据科学与大数据技术
学历要求：仅限本科
学位要求：学士
政治面貌：不限
基层工作经历：无限制
考试类别：市（地）级及以下直属机构综合管理类
备注：1.报名时请在专业栏中同时填写专业名称和专业代码；2.限应届高校毕业生报考，请在备注栏中注明本人具有应届高校毕业生身份；3.专业考试信息请参见《2026年度国家金融监督管理总局招考职位专业科目笔试考试大纲》。","http://bm.scs.gov.cn/kl2026#132105-300147159001","2025-10-14","{""dataset_year"":2026,""job_uid"":""GOV-2026-132105-300147159001"",""publisher"":""国家公务员局"",""publication_page"":""http://bm.scs.gov.cn/kl2026"",""attachment_url"":""local://2026_guokao_zhaokaojianzhang.zip"",""local_source_file"":""中央机关及其直属机构2026年度考试录用公务员招考简章.xls"",""local_source_sha256"":""2670bae1df1dd07a3a3c79b9db46a11e3bb15a6c9c249e6af98bfd0b61ce3aaf"",""source_sheet"":""中央国家行政机关省级以下直属机构"",""filter_version"":""government_tech_v2"",""tech_filter"":{""is_tech"":true,""is_core_tech"":true,""scope"":""core"",""categories"":[""computer_software"",""data_ai""],""matched_fields"":[""major"",""description""],""major_terms"":[""大数据"",""数据科学与大数据技术"",""网络工程"",""计算机"",""计算机科学与技术"",""软件工程""],""role_terms"":[""数据统计分析""],""reason"":""tech_major_and_role""},""original"":{""部门代码"":""132105"",""部门名称"":""国家金融监督管理总局内蒙古监管局"",""用人司局"":""国家金融监督管理总局通辽监管分局"",""机构性质"":""中央国家行政机关省级以下直属机构"",""招考职位"":""统计信息部门一级主任科员及以下"",""职位属性"":""金融监管计算机类职位"",""职位分布"":""西部地区和艰苦边远地区职位"",""职位简介"":""主要从事金融监管数据统计分析工作。"",""职位代码"":""300147159001"",""机构层级"":""市（地）级"",""考试类别"":""市（地）级及以下直属机构综合管理类"",""招考人数"":""1"",""专业"":""计算机科学与技术、软件工程、网络工程、电子与计算机工程、数据科学与大数据技术"",""学历"":""仅限本科"",""学位"":""学士"",""政治面貌"":""不限"",""基层工作最低年限"":""无限制"",""服务基层项目工作经历"":""无限制"",""是否在面试阶段组织专业能力测试"":""否"",""面试人员比例"":""3:1"",""工作地点"":""内蒙古自治区通辽市科尔沁区"",""落户地点"":""内蒙古自治区通辽市科尔沁区"",""备注"":""1.报名时请在专业栏中同时填写专业名称和专业代码；2.限应届高校毕业生报考，请在备注栏中注明本人具有应届高校毕业生身份；3.专业考试信息请参见《2026年度国家金融监督管理总局招考职位专业科目笔试考试大纲》。"",""部门网站"":""www.nfra.gov.cn"",""咨询电话1"":""0471-43450441"",""咨询电话2"":""0471-4343512"",""咨询电话3"":"""",""来源Sheet"":""中央国家行政机关省级以下直属机构""}}"
"government_jobs","国家公务员2026招考简章","公务员/事业单位技术岗位","内蒙古自治区通辽市科尔沁左翼中旗","2026-07-28T09:12:58.310295+00:00","统计信息部门一级主任科员及以下","国家金融监督管理总局内蒙古监管局","","内蒙古自治区通辽市科尔沁左翼中旗","公务员/事业单位;2026;computer_software;data_ai;仅限本科;学士;计算机科学与技术、软件工程、网络工程、电子与计算机工程、数据科学与大数据技术;市（地）级及以下直属机构综合管理类","用人司局：国家金融监督管理总局科左中监管支局
职位简介：主要从事金融监管数据统计分析工作。
专业要求：计算机科学与技术、软件工程、网络工程、电子与计算机工程、数据科学与大数据技术
学历要求：仅限本科
学位要求：学士
政治面貌：不限
基层工作经历：无限制
考试类别：市（地）级及以下直属机构综合管理类
备注：1.报名时请在专业栏中同时填写专业名称和专业代码；2.限应届高校毕业生报考，请在备注栏中注明本人具有应届高校毕业生身份；3.专业考试信息请参见《2026年度国家金融监督管理总局招考职位专业科目笔试考试大纲》。","http://bm.scs.gov.cn/kl2026#132105-300147160001","2025-10-14","{""dataset_year"":2026,""job_uid"":""GOV-2026-132105-300147160001"",""publisher"":""国家公务员局"",""publication_page"":""http://bm.scs.gov.cn/kl2026"",""attachment_url"":""local://2026_guokao_zhaokaojianzhang.zip"",""local_source_file"":""中央机关及其直属机构2026年度考试录用公务员招考简章.xls"",""local_source_sha256"":""2670bae1df1dd07a3a3c79b9db46a11e3bb15a6c9c249e6af98bfd0b61ce3aaf"",""source_sheet"":""中央国家行政机关省级以下直属机构"",""filter_version"":""government_tech_v2"",""tech_filter"":{""is_tech"":true,""is_core_tech"":true,""scope"":""core"",""categories"":[""computer_software"",""data_ai""],""matched_fields"":[""major"",""description""],""major_terms"":[""大数据"",""数据科学与大数据技术"",""网络工程"",""计算机"",""计算机科学与技术"",""软件工程""],""role_terms"":[""数据统计分析""],""reason"":""tech_major_and_role""},""original"":{""部门代码"":""132105"",""部门名称"":""国家金融监督管理总局内蒙古监管局"",""用人司局"":""国家金融监督管理总局科左中监管支局"",""机构性质"":""中央国家行政机关省级以下直属机构"",""招考职位"":""统计信息部门一级主任科员及以下"",""职位属性"":""金融监管计算机类职位"",""职位分布"":""西部地区和艰苦边远地区职位"",""职位简介"":""主要从事金融监管数据统计分析工作。"",""职位代码"":""300147160001"",""机构层级"":""县（区）级及以下"",""考试类别"":""市（地）级及以下直属机构综合管理类"",""招考人数"":""1"",""专业"":""计算机科学与技术、软件工程、网络工程、电子与计算机工程、数据科学与大数据技术"",""学历"":""仅限本科"",""学位"":""学士"",""政治面貌"":""不限"",""基层工作最低年限"":""无限制"",""服务基层项目工作经历"":""无限制"",""是否在面试阶段组织专业能力测试"":""否"",""面试人员比例"":""3:1"",""工作地点"":""内蒙古自治区通辽市科尔沁左翼中旗"",""落户地点"":""内蒙古自治区通辽市科尔沁左翼中旗"",""备注"":""1.报名时请在专业栏中同时填写专业名称和专业代码；2.限应届高校毕业生报考，请在备注栏中注明本人具有应届高校毕业生身份；3.专业考试信息请参见《2026年度国家金融监督管理总局招考职位专业科目笔试考试大纲》。"",""部门网站"":""www.nfra.gov.cn"",""咨询电话1"":""0471-43450441"",""咨询电话2"":""0471-4343512"",""咨询电话3"":"""",""来源Sheet"":""中央国家行政机关省级以下直属机构""}}"
"government_jobs","国家公务员2026招考简章","公务员/事业单位技术岗位","内蒙古自治区赤峰市翁牛特旗","2026-07-28T09:12:58.310295+00:00","统计信息部门一级主任科员及以下","国家金融监督管理总局内蒙古监管局","","内蒙古自治区赤峰市翁牛特旗","公务员/事业单位;2026;computer_software;data_ai;仅限本科;学士;计算机科学与技术、软件工程、网络工程、电子与计算机工程、数据科学与大数据技术;市（地）级及以下直属机构综合管理类","用人司局：国家金融监督管理总局翁牛特监管支局
职位简介：主要从事金融监管数据统计分析工作。
专业要求：计算机科学与技术、软件工程、网络工程、电子与计算机工程、数据科学与大数据技术
学历要求：仅限本科
学位要求：学士
政治面貌：不限
基层工作经历：无限制
考试类别：市（地）级及以下直属机构综合管理类
备注：1.报名时请在专业栏中同时填写专业名称和专业代码；2.限应届高校毕业生报考，请在备注栏中注明本人具有应届高校毕业生身份；3.专业考试信息请参见《2026年度国家金融监督管理总局招考职位专业科目笔试考试大纲》。","http://bm.scs.gov.cn/kl2026#132105-300147164001","2025-10-14","{""dataset_year"":2026,""job_uid"":""GOV-2026-132105-300147164001"",""publisher"":""国家公务员局"",""publication_page"":""http://bm.scs.gov.cn/kl2026"",""attachment_url"":""local://2026_guokao_zhaokaojianzhang.zip"",""local_source_file"":""中央机关及其直属机构2026年度考试录用公务员招考简章.xls"",""local_source_sha256"":""2670bae1df1dd07a3a3c79b9db46a11e3bb15a6c9c249e6af98bfd0b61ce3aaf"",""source_sheet"":""中央国家行政机关省级以下直属机构"",""filter_version"":""government_tech_v2"",""tech_filter"":{""is_tech"":true,""is_core_tech"":true,""scope"":""core"",""categories"":[""computer_software"",""data_ai""],""matched_fields"":[""major"",""description""],""major_terms"":[""大数据"",""数据科学与大数据技术"",""网络工程"",""计算机"",""计算机科学与技术"",""软件工程""],""role_terms"":[""数据统计分析""],""reason"":""tech_major_and_role""},""original"":{""部门代码"":""132105"",""部门名称"":""国家金融监督管理总局内蒙古监管局"",""用人司局"":""国家金融监督管理总局翁牛特监管支局"",""机构性质"":""中央国家行政机关省级以下直属机构"",""招考职位"":""统计信息部门一级主任科员及以下"",""职位属性"":""金融监管计算机类职位"",""职位分布"":""西部地区和艰苦边远地区职位"",""职位简介"":""主要从事金融监管数据统计分析工作。"",""职位代码"":""300147164001"",""机构层级"":""县（区）级及以下"",""考试类别"":""市（地）级及以下直属机构综合管理类"",""招考人数"":""1"",""专业"":""计算机科学与技术、软件工程、网络工程、电子与计算机工程、数据科学与大数据技术"",""学历"":""仅限本科"",""学位"":""学士"",""政治面貌"":""不限"",""基层工作最低年限"":""无限制"",""服务基层项目工作经历"":""无限制"",""是否在面试阶段组织专业能力测试"":""否"",""面试人员比例"":""3:1"",""工作地点"":""内蒙古自治区赤峰市翁牛特旗"",""落户地点"":""内蒙古自治区赤峰市翁牛特旗"",""备注"":""1.报名时请在专业栏中同时填写专业名称和专业代码；2.限应届高校毕业生报考，请在备注栏中注明本人具有应届高校毕业生身份；3.专业考试信息请参见《2026年度国家金融监督管理总局招考职位专业科目笔试考试大纲》。"",""部门网站"":""www.nfra.gov.cn"",""咨询电话1"":""0471-43450441"",""咨询电话2"":""0471-4343512"",""咨询电话3"":"""",""来源Sheet"":""中央国家行政机关省级以下直属机构""}}"
"government_jobs","国家公务员2026招考简章","公务员/事业单位技术岗位","内蒙古自治区赤峰市敖汉旗","2026-07-28T09:12:58.310295+00:00","统计信息部门一级主任科员及以下","国家金融监督管理总局内蒙古监管局","","内蒙古自治区赤峰市敖汉旗","公务员/事业单位;2026;computer_software;data_ai;仅限本科;学士;计算机科学与技术、软件工程、网络工程、电子与计算机工程、数据科学与大数据技术;市（地）级及以下直属机构综合管理类","用人司局：国家金融监督管理总局敖汉监管支局
职位简介：主要从事金融监管数据统计分析工作。
专业要求：计算机科学与技术、软件工程、网络工程、电子与计算机工程、数据科学与大数据技术
学历要求：仅限本科
学位要求：学士
政治面貌：不限
基层工作经历：二年
考试类别：市（地）级及以下直属机构综合管理类
备注：1.报名时请在专业栏中同时填写专业名称和专业代码；2.限大学生村官、“三支一扶”计划、大学生志愿服务西部计划人员报考，请在简历栏中注明相关经历；3.专业考试信息请参见《2026年度国家金融监督管理总局招考职位专业科目笔试考试大纲》。","http://bm.scs.gov.cn/kl2026#132105-300147165001","2025-10-14","{""dataset_year"":2026,""job_uid"":""GOV-2026-132105-300147165001"",""publisher"":""国家公务员局"",""publication_page"":""http://bm.scs.gov.cn/kl2026"",""attachment_url"":""local://2026_guokao_zhaokaojianzhang.zip"",""local_source_file"":""中央机关及其直属机构2026年度考试录用公务员招考简章.xls"",""local_source_sha256"":""2670bae1df1dd07a3a3c79b9db46a11e3bb15a6c9c249e6af98bfd0b61ce3aaf"",""source_sheet"":""中央国家行政机关省级以下直属机构"",""filter_version"":""government_tech_v2"",""tech_filter"":{""is_tech"":true,""is_core_tech"":true,""scope"":""core"",""categories"":[""computer_software"",""data_ai""],""matched_fields"":[""major"",""description""],""major_terms"":[""大数据"",""数据科学与大数据技术"",""网络工程"",""计算机"",""计算机科学与技术"",""软件工程""],""role_terms"":[""数据统计分析""],""reason"":""tech_major_and_role""},""original"":{""部门代码"":""132105"",""部门名称"":""国家金融监督管理总局内蒙古监管局"",""用人司局"":""国家金融监督管理总局敖汉监管支局"",""机构性质"":""中央国家行政机关省级以下直属机构"",""招考职位"":""统计信息部门一级主任科员及以下"",""职位属性"":""金融监管计算机类职位"",""职位分布"":""西部地区和艰苦边远地区职位"",""职位简介"":""主要从事金融监管数据统计分析工作。"",""职位代码"":""300147165001"",""机构层级"":""县（区）级及以下"",""考试类别"":""市（地）级及以下直属机构综合管理类"",""招考人数"":""1"",""专业"":""计算机科学与技术、软件工程、网络工程、电子与计算机工程、数据科学与大数据技术"",""学历"":""仅限本科"",""学位"":""学士"",""政治面貌"":""不限"",""基层工作最低年限"":""二年"",""服务基层项目工作经历"":""大学生村官、“三支一扶”计划、大学生志愿服务西部计划"",""是否在面试阶段组织专业能力测试"":""否"",""面试人员比例"":""3:1"",""工作地点"":""内蒙古自治区赤峰市敖汉旗"",""落户地点"":""内蒙古自治区赤峰市敖汉旗"",""备注"":""1.报名时请在专业栏中同时填写专业名称和专业代码；2.限大学生村官、“三支一扶”计划、大学生志愿服务西部计划人员报考，请在简历栏中注明相关经历；3.专业考试信息请参见《2026年度国家金融监督管理总局招考职位专业科目笔试考试大纲》。"",""部门网站"":""www.nfra.gov.cn"",""咨询电话1"":""0471-43450441"",""咨询电话2"":""0471-4343512"",""咨询电话3"":"""",""来源Sheet"":""中央国家行政机关省级以下直属机构""}}"
"government_jobs","国家公务员2026招考简章","公务员/事业单位技术岗位","内蒙古自治区锡林郭勒盟二连浩特市","2026-07-28T09:12:58.310295+00:00","科技部门一级主任科员及以下","国家金融监督管理总局内蒙古监管局","","内蒙古自治区锡林郭勒盟二连浩特市","公务员/事业单位;2026;computer_software;仅限本科;学士;计算机科学与技术、软件工程、网络工程、电子与计算机工程、数据科学与大数据技术;市（地）级及以下直属机构综合管理类","用人司局：国家金融监督管理总局二连浩特监管支局
职位简介：主要从事金融信息科技风险监管、电子设备软硬件管理及信息系统运行维护等工作。
专业要求：计算机科学与技术、软件工程、网络工程、电子与计算机工程、数据科学与大数据技术
学历要求：仅限本科
学位要求：学士
政治面貌：不限
基层工作经历：无限制
考试类别：市（地）级及以下直属机构综合管理类
备注：1.报名时请在专业栏中同时填写专业名称和专业代码；2.限应届高校毕业生报考，请在备注栏中注明本人具有应届高校毕业生身份；3.专业考试信息请参见《2026年度国家金融监督管理总局招考职位专业科目笔试考试大纲》。","http://bm.scs.gov.cn/kl2026#132105-300147168001","2025-10-14","{""dataset_year"":2026,""job_uid"":""GOV-2026-132105-300147168001"",""publisher"":""国家公务员局"",""publication_page"":""http://bm.scs.gov.cn/kl2026"",""attachment_url"":""local://2026_guokao_zhaokaojianzhang.zip"",""local_source_file"":""中央机关及其直属机构2026年度考试录用公务员招考简章.xls"",""local_source_sha256"":""2670bae1df1dd07a3a3c79b9db46a11e3bb15a6c9c249e6af98bfd0b61ce3aaf"",""source_sheet"":""中央国家行政机关省级以下直属机构"",""filter_version"":""government_tech_v2"",""tech_filter"":{""is_tech"":true,""is_core_tech"":true,""scope"":""core"",""categories"":[""computer_software""],""matched_fields"":[""major"",""description""],""major_terms"":[""大数据"",""数据科学与大数据技术"",""网络工程"",""计算机"",""计算机科学与技术"",""软件工程""],""role_terms"":[""信息科技"",""信息系统"",""软硬件""],""reason"":""tech_major_and_role""},""original"":{""部门代码"":""132105"",""部门名称"":""国家金融监督管理总局内蒙古监管局"",""用人司局"":""国家金融监督管理总局二连浩特监管支局"",""机构性质"":""中央国家行政机关省级以下直属机构"",""招考职位"":""科技部门一级主任科员及以下"",""职位属性"":""金融监管计算机类职位"",""职位分布"":""西部地区和艰苦边远地区职位"",""职位简介"":""主要从事金融信息科技风险监管、电子设备软硬件管理及信息系统运行维护等工作。"",""职位代码"":""300147168001"",""机构层级"":""县（区）级及以下"",""考试类别"":""市（地）级及以下直属机构综合管理类"",""招考人数"":""1"",""专业"":""计算机科学与技术、软件工程、网络工程、电子与计算机工程、数据科学与大数据技术"",""学历"":""仅限本科"",""学位"":""学士"",""政治面貌"":""不限"",""基层工作最低年限"":""无限制"",""服务基层项目工作经历"":""无限制"",""是否在面试阶段组织专业能力测试"":""否"",""面试人员比例"":""3:1"",""工作地点"":""内蒙古自治区锡林郭勒盟二连浩特市"",""落户地点"":""内蒙古自治区锡林郭勒盟二连浩特市"",""备注"":""1.报名时请在专业栏中同时填写专业名称和专业代码；2.限应届高校毕业生报考，请在备注栏中注明本人具有应届高校毕业生身份；3.专业考试信息请参见《2026年度国家金融监督管理总局招考职位专业科目笔试考试大纲》。"",""部门网站"":""www.nfra.gov.cn"",""咨询电话1"":""0471-43450441"",""咨询电话2"":""0471-4343512"",""咨询电话3"":"""",""来源Sheet"":""中央国家行政机关省级以下直属机构""}}"
"government_jobs","国家公务员2026招考简章","公务员/事业单位技术岗位","内蒙古自治区锡林郭勒盟正蓝旗","2026-07-28T09:12:58.310295+00:00","科技部门一级主任科员及以下","国家金融监督管理总局内蒙古监管局","","内蒙古自治区锡林郭勒盟正蓝旗","公务员/事业单位;2026;computer_software;仅限本科;学士;计算机科学与技术、软件工程、网络工程、电子与计算机工程、数据科学与大数据技术;市（地）级及以下直属机构综合管理类","用人司局：国家金融监督管理总局正蓝监管支局
职位简介：主要从事金融信息科技风险监管、电子设备软硬件管理及信息系统运行维护等工作。
专业要求：计算机科学与技术、软件工程、网络工程、电子与计算机工程、数据科学与大数据技术
学历要求：仅限本科
学位要求：学士
政治面貌：不限
基层工作经历：无限制
考试类别：市（地）级及以下直属机构综合管理类
备注：1.报名时请在专业栏中同时填写专业名称和专业代码；2.限应届高校毕业生报考，请在备注栏中注明本人具有应届高校毕业生身份；3.专业考试信息请参见《2026年度国家金融监督管理总局招考职位专业科目笔试考试大纲》。","http://bm.scs.gov.cn/kl2026#132105-300147175001","2025-10-14","{""dataset_year"":2026,""job_uid"":""GOV-2026-132105-300147175001"",""publisher"":""国家公务员局"",""publication_page"":""http://bm.scs.gov.cn/kl2026"",""attachment_url"":""local://2026_guokao_zhaokaojianzhang.zip"",""local_source_file"":""中央机关及其直属机构2026年度考试录用公务员招考简章.xls"",""local_source_sha256"":""2670bae1df1dd07a3a3c79b9db46a11e3bb15a6c9c249e6af98bfd0b61ce3aaf"",""source_sheet"":""中央国家行政机关省级以下直属机构"",""filter_version"":""government_tech_v2"",""tech_filter"":{""is_tech"":true,""is_core_tech"":true,""scope"":""core"",""categories"":[""computer_software""],""matched_fields"":[""major"",""description""],""major_terms"":[""大数据"",""数据科学与大数据技术"",""网络工程"",""计算机"",""计算机科学与技术"",""软件工程""],""role_terms"":[""信息科技"",""信息系统"",""软硬件""],""reason"":""tech_major_and_role""},""original"":{""部门代码"":""132105"",""部门名称"":""国家金融监督管理总局内蒙古监管局"",""用人司局"":""国家金融监督管理总局正蓝监管支局"",""机构性质"":""中央国家行政机关省级以下直属机构"",""招考职位"":""科技部门一级主任科员及以下"",""职位属性"":""金融监管计算机类职位"",""职位分布"":""西部地区和艰苦边远地区职位"",""职位简介"":""主要从事金融信息科技风险监管、电子设备软硬件管理及信息系统运行维护等工作。"",""职位代码"":""300147175001"",""机构层级"":""县（区）级及以下"",""考试类别"":""市（地）级及以下直属机构综合管理类"",""招考人数"":""1"",""专业"":""计算机科学与技术、软件工程、网络工程、电子与计算机工程、数据科学与大数据技术"",""学历"":""仅限本科"",""学位"":""学士"",""政治面貌"":""不限"",""基层工作最低年限"":""无限制"",""服务基层项目工作经历"":""无限制"",""是否在面试阶段组织专业能力测试"":""否"",""面试人员比例"":""3:1"",""工作地点"":""内蒙古自治区锡林郭勒盟正蓝旗"",""落户地点"":""内蒙古自治区锡林郭勒盟正蓝旗"",""备注"":""1.报名时请在专业栏中同时填写专业名称和专业代码；2.限应届高校毕业生报考，请在备注栏中注明本人具有应届高校毕业生身份；3.专业考试信息请参见《2026年度国家金融监督管理总局招考职位专业科目笔试考试大纲》。"",""部门网站"":""www.nfra.gov.cn"",""咨询电话1"":""0471-43450441"",""咨询电话2"":""0471-4343512"",""咨询电话3"":"""",""来源Sheet"":""中央国家行政机关省级以下直属机构""}}"
"government_jobs","国家公务员2026招考简章","公务员/事业单位技术岗位","内蒙古自治区乌兰察布市丰镇市","2026-07-28T09:12:58.310295+00:00","科技部门一级主任科员及以下","国家金融监督管理总局内蒙古监管局","","内蒙古自治区乌兰察布市丰镇市","公务员/事业单位;2026;computer_software;仅限本科;学士;计算机科学与技术、软件工程、网络工程、电子与计算机工程、数据科学与大数据技术;市（地）级及以下直属机构综合管理类","用人司局：国家金融监督管理总局丰镇监管支局
职位简介：主要从事金融信息科技风险监管、电子设备软硬件管理及信息系统运行维护等工作。
专业要求：计算机科学与技术、软件工程、网络工程、电子与计算机工程、数据科学与大数据技术
学历要求：仅限本科
学位要求：学士
政治面貌：不限
基层工作经历：无限制
考试类别：市（地）级及以下直属机构综合管理类
备注：1.报名时请在专业栏中同时填写专业名称和专业代码；2.限应届高校毕业生报考，请在备注栏中注明本人具有应届高校毕业生身份；3.限乌兰察布市丰镇市户口或乌兰察布市丰镇市生源；4.专业考试信息请参见《2026年度国家金融监督管理总局招考职位专业科目笔试考试大纲》。","http://bm.scs.gov.cn/kl2026#132105-300147176001","2025-10-14","{""dataset_year"":2026,""job_uid"":""GOV-2026-132105-300147176001"",""publisher"":""国家公务员局"",""publication_page"":""http://bm.scs.gov.cn/kl2026"",""attachment_url"":""local://2026_guokao_zhaokaojianzhang.zip"",""local_source_file"":""中央机关及其直属机构2026年度考试录用公务员招考简章.xls"",""local_source_sha256"":""2670bae1df1dd07a3a3c79b9db46a11e3bb15a6c9c249e6af98bfd0b61ce3aaf"",""source_sheet"":""中央国家行政机关省级以下直属机构"",""filter_version"":""government_tech_v2"",""tech_filter"":{""is_tech"":true,""is_core_tech"":true,""scope"":""core"",""categories"":[""computer_software""],""matched_fields"":[""major"",""description""],""major_terms"":[""大数据"",""数据科学与大数据技术"",""网络工程"",""计算机"",""计算机科学与技术"",""软件工程""],""role_terms"":[""信息科技"",""信息系统"",""软硬件""],""reason"":""tech_major_and_role""},""original"":{""部门代码"":""132105"",""部门名称"":""国家金融监督管理总局内蒙古监管局"",""用人司局"":""国家金融监督管理总局丰镇监管支局"",""机构性质"":""中央国家行政机关省级以下直属机构"",""招考职位"":""科技部门一级主任科员及以下"",""职位属性"":""金融监管计算机类职位"",""职位分布"":""西部地区和艰苦边远地区职位"",""职位简介"":""主要从事金融信息科技风险监管、电子设备软硬件管理及信息系统运行维护等工作。"",""职位代码"":""300147176001"",""机构层级"":""县（区）级及以下"",""考试类别"":""市（地）级及以下直属机构综合管理类"",""招考人数"":""1"",""专业"":""计算机科学与技术、软件工程、网络工程、电子与计算机工程、数据科学与大数据技术"",""学历"":""仅限本科"",""学位"":""学士"",""政治面貌"":""不限"",""基层工作最低年限"":""无限制"",""服务基层项目工作经历"":""无限制"",""是否在面试阶段组织专业能力测试"":""否"",""面试人员比例"":""3:1"",""工作地点"":""内蒙古自治区乌兰察布市丰镇市"",""落户地点"":""内蒙古自治区乌兰察布市丰镇市"",""备注"":""1.报名时请在专业栏中同时填写专业名称和专业代码；2.限应届高校毕业生报考，请在备注栏中注明本人具有应届高校毕业生身份；3.限乌兰察布市丰镇市户口或乌兰察布市丰镇市生源；4.专业考试信息请参见《2026年度国家金融监督管理总局招考职位专业科目笔试考试大纲》。"",""部门网站"":""www.nfra.gov.cn"",""咨询电话1"":""0471-43450441"",""咨询电话2"":""0471-4343512"",""咨询电话3"":"""",""来源Sheet"":""中央国家行政机关省级以下直属机构""}}"
"government_jobs","国家公务员2026招考简章","公务员/事业单位技术岗位","内蒙古自治区乌兰察布市兴和县","2026-07-28T09:12:58.310295+00:00","科技部门一级主任科员及以下","国家金融监督管理总局内蒙古监管局","","内蒙古自治区乌兰察布市兴和县","公务员/事业单位;2026;computer_software;仅限本科;学士;计算机科学与技术、软件工程、网络工程、电子与计算机工程、数据科学与大数据技术;市（地）级及以下直属机构综合管理类","用人司局：国家金融监督管理总局兴和监管支局
职位简介：主要从事金融信息科技风险监管、电子设备软硬件管理及信息系统运行维护等工作。
专业要求：计算机科学与技术、软件工程、网络工程、电子与计算机工程、数据科学与大数据技术
学历要求：仅限本科
学位要求：学士
政治面貌：不限
基层工作经历：无限制
考试类别：市（地）级及以下直属机构综合管理类
备注：1.报名时请在专业栏中同时填写专业名称和专业代码；2.限应届高校毕业生报考，请在备注栏中注明本人具有应届高校毕业生身份；3.专业考试信息请参见《2026年度国家金融监督管理总局招考职位专业科目笔试考试大纲》。","http://bm.scs.gov.cn/kl2026#132105-300147178001","2025-10-14","{""dataset_year"":2026,""job_uid"":""GOV-2026-132105-300147178001"",""publisher"":""国家公务员局"",""publication_page"":""http://bm.scs.gov.cn/kl2026"",""attachment_url"":""local://2026_guokao_zhaokaojianzhang.zip"",""local_source_file"":""中央机关及其直属机构2026年度考试录用公务员招考简章.xls"",""local_source_sha256"":""2670bae1df1dd07a3a3c79b9db46a11e3bb15a6c9c249e6af98bfd0b61ce3aaf"",""source_sheet"":""中央国家行政机关省级以下直属机构"",""filter_version"":""government_tech_v2"",""tech_filter"":{""is_tech"":true,""is_core_tech"":true,""scope"":""core"",""categories"":[""computer_software""],""matched_fields"":[""major"",""description""],""major_terms"":[""大数据"",""数据科学与大数据技术"",""网络工程"",""计算机"",""计算机科学与技术"",""软件工程""],""role_terms"":[""信息科技"",""信息系统"",""软硬件""],""reason"":""tech_major_and_role""},""original"":{""部门代码"":""132105"",""部门名称"":""国家金融监督管理总局内蒙古监管局"",""用人司局"":""国家金融监督管理总局兴和监管支局"",""机构性质"":""中央国家行政机关省级以下直属机构"",""招考职位"":""科技部门一级主任科员及以下"",""职位属性"":""金融监管计算机类职位"",""职位分布"":""西部地区和艰苦边远地区职位"",""职位简介"":""主要从事金融信息科技风险监管、电子设备软硬件管理及信息系统运行维护等工作。"",""职位代码"":""300147178001"",""机构层级"":""县（区）级及以下"",""考试类别"":""市（地）级及以下直属机构综合管理类"",""招考人数"":""1"",""专业"":""计算机科学与技术、软件工程、网络工程、电子与计算机工程、数据科学与大数据技术"",""学历"":""仅限本科"",""学位"":""学士"",""政治面貌"":""不限"",""基层工作最低年限"":""无限制"",""服务基层项目工作经历"":""无限制"",""是否在面试阶段组织专业能力测试"":""否"",""面试人员比例"":""3:1"",""工作地点"":""内蒙古自治区乌兰察布市兴和县"",""落户地点"":""内蒙古自治区乌兰察布市兴和县"",""备注"":""1.报名时请在专业栏中同时填写专业名称和专业代码；2.限应届高校毕业生报考，请在备注栏中注明本人具有应届高校毕业生身份；3.专业考试信息请参见《2026年度国家金融监督管理总局招考职位专业科目笔试考试大纲》。"",""部门网站"":""www.nfra.gov.cn"",""咨询电话1"":""0471-43450441"",""咨询电话2"":""0471-4343512"",""咨询电话3"":"""",""来源Sheet"":""中央国家行政机关省级以下直属机构""}}"
"government_jobs","国家公务员2026招考简章","公务员/事业单位技术岗位","内蒙古自治区乌兰察布市凉城县","2026-07-28T09:12:58.310295+00:00","科技部门一级主任科员及以下","国家金融监督管理总局内蒙古监管局","","内蒙古自治区乌兰察布市凉城县","公务员/事业单位;2026;computer_software;仅限本科;学士;计算机科学与技术、软件工程、网络工程、电子与计算机工程、数据科学与大数据技术;市（地）级及以下直属机构综合管理类","用人司局：国家金融监督管理总局凉城监管支局
职位简介：主要从事金融信息科技风险监管、电子设备软硬件管理及信息系统运行维护等工作。
专业要求：计算机科学与技术、软件工程、网络工程、电子与计算机工程、数据科学与大数据技术
学历要求：仅限本科
学位要求：学士
政治面貌：不限
基层工作经历：无限制
考试类别：市（地）级及以下直属机构综合管理类
备注：1.报名时请在专业栏中同时填写专业名称和专业代码；2.限应届高校毕业生报考，请在备注栏中注明本人具有应届高校毕业生身份；3.专业考试信息请参见《2026年度国家金融监督管理总局招考职位专业科目笔试考试大纲》。","http://bm.scs.gov.cn/kl2026#132105-300147179001","2025-10-14","{""dataset_year"":2026,""job_uid"":""GOV-2026-132105-300147179001"",""publisher"":""国家公务员局"",""publication_page"":""http://bm.scs.gov.cn/kl2026"",""attachment_url"":""local://2026_guokao_zhaokaojianzhang.zip"",""local_source_file"":""中央机关及其直属机构2026年度考试录用公务员招考简章.xls"",""local_source_sha256"":""2670bae1df1dd07a3a3c79b9db46a11e3bb15a6c9c249e6af98bfd0b61ce3aaf"",""source_sheet"":""中央国家行政机关省级以下直属机构"",""filter_version"":""government_tech_v2"",""tech_filter"":{""is_tech"":true,""is_core_tech"":true,""scope"":""core"",""categories"":[""computer_software""],""matched_fields"":[""major"",""description""],""major_terms"":[""大数据"",""数据科学与大数据技术"",""网络工程"",""计算机"",""计算机科学与技术"",""软件工程""],""role_terms"":[""信息科技"",""信息系统"",""软硬件""],""reason"":""tech_major_and_role""},""original"":{""部门代码"":""132105"",""部门名称"":""国家金融监督管理总局内蒙古监管局"",""用人司局"":""国家金融监督管理总局凉城监管支局"",""机构性质"":""中央国家行政机关省级以下直属机构"",""招考职位"":""科技部门一级主任科员及以下"",""职位属性"":""金融监管计算机类职位"",""职位分布"":""西部地区和艰苦边远地区职位"",""职位简介"":""主要从事金融信息科技风险监管、电子设备软硬件管理及信息系统运行维护等工作。"",""职位代码"":""300147179001"",""机构层级"":""县（区）级及以下"",""考试类别"":""市（地）级及以下直属机构综合管理类"",""招考人数"":""1"",""专业"":""计算机科学与技术、软件工程、网络工程、电子与计算机工程、数据科学与大数据技术"",""学历"":""仅限本科"",""学位"":""学士"",""政治面貌"":""不限"",""基层工作最低年限"":""无限制"",""服务基层项目工作经历"":""无限制"",""是否在面试阶段组织专业能力测试"":""否"",""面试人员比例"":""3:1"",""工作地点"":""内蒙古自治区乌兰察布市凉城县"",""落户地点"":""内蒙古自治区乌兰察布市凉城县"",""备注"":""1.报名时请在专业栏中同时填写专业名称和专业代码；2.限应届高校毕业生报考，请在备注栏中注明本人具有应届高校毕业生身份；3.专业考试信息请参见《2026年度国家金融监督管理总局招考职位专业科目笔试考试大纲》。"",""部门网站"":""www.nfra.gov.cn"",""咨询电话1"":""0471-43450441"",""咨询电话2"":""0471-4343512"",""咨询电话3"":"""",""来源Sheet"":""中央国家行政机关省级以下直属机构""}}"
"government_jobs","国家公务员2026招考简章","公务员/事业单位技术岗位","内蒙古自治区鄂尔多斯市鄂托克旗","2026-07-28T09:12:58.310295+00:00","统计信息部门一级主任科员及以下","国家金融监督管理总局内蒙古监管局","","内蒙古自治区鄂尔多斯市鄂托克旗","公务员/事业单位;2026;computer_software;data_ai;仅限本科;学士;计算机科学与技术、软件工程、网络工程、电子与计算机工程、数据科学与大数据技术;市（地）级及以下直属机构综合管理类","用人司局：国家金融监督管理总局鄂托克监管支局
职位简介：主要从事金融监管数据统计分析工作。
专业要求：计算机科学与技术、软件工程、网络工程、电子与计算机工程、数据科学与大数据技术
学历要求：仅限本科
学位要求：学士
政治面貌：不限
基层工作经历：无限制
考试类别：市（地）级及以下直属机构综合管理类
备注：1.报名时请在专业栏中同时填写专业名称和专业代码；2.限应届高校毕业生报考，请在备注栏中注明本人具有应届高校毕业生身份；3.专业考试信息请参见《2026年度国家金融监督管理总局招考职位专业科目笔试考试大纲》。","http://bm.scs.gov.cn/kl2026#132105-300147185001","2025-10-14","{""dataset_year"":2026,""job_uid"":""GOV-2026-132105-300147185001"",""publisher"":""国家公务员局"",""publication_page"":""http://bm.scs.gov.cn/kl2026"",""attachment_url"":""local://2026_guokao_zhaokaojianzhang.zip"",""local_source_file"":""中央机关及其直属机构2026年度考试录用公务员招考简章.xls"",""local_source_sha256"":""2670bae1df1dd07a3a3c79b9db46a11e3bb15a6c9c249e6af98bfd0b61ce3aaf"",""source_sheet"":""中央国家行政机关省级以下直属机构"",""filter_version"":""government_tech_v2"",""tech_filter"":{""is_tech"":true,""is_core_tech"":true,""scope"":""core"",""categories"":[""computer_software"",""data_ai""],""matched_fields"":[""major"",""description""],""major_terms"":[""大数据"",""数据科学与大数据技术"",""网络工程"",""计算机"",""计算机科学与技术"",""软件工程""],""role_terms"":[""数据统计分析""],""reason"":""tech_major_and_role""},""original"":{""部门代码"":""132105"",""部门名称"":""国家金融监督管理总局内蒙古监管局"",""用人司局"":""国家金融监督管理总局鄂托克监管支局"",""机构性质"":""中央国家行政机关省级以下直属机构"",""招考职位"":""统计信息部门一级主任科员及以下"",""职位属性"":""金融监管计算机类职位"",""职位分布"":""西部地区和艰苦边远地区职位"",""职位简介"":""主要从事金融监管数据统计分析工作。"",""职位代码"":""300147185001"",""机构层级"":""县（区）级及以下"",""考试类别"":""市（地）级及以下直属机构综合管理类"",""招考人数"":""1"",""专业"":""计算机科学与技术、软件工程、网络工程、电子与计算机工程、数据科学与大数据技术"",""学历"":""仅限本科"",""学位"":""学士"",""政治面貌"":""不限"",""基层工作最低年限"":""无限制"",""服务基层项目工作经历"":""无限制"",""是否在面试阶段组织专业能力测试"":""否"",""面试人员比例"":""3:1"",""工作地点"":""内蒙古自治区鄂尔多斯市鄂托克旗"",""落户地点"":""内蒙古自治区鄂尔多斯市鄂托克旗"",""备注"":""1.报名时请在专业栏中同时填写专业名称和专业代码；2.限应届高校毕业生报考，请在备注栏中注明本人具有应届高校毕业生身份；3.专业考试信息请参见《2026年度国家金融监督管理总局招考职位专业科目笔试考试大纲》。"",""部门网站"":""www.nfra.gov.cn"",""咨询电话1"":""0471-43450441"",""咨询电话2"":""0471-4343512"",""咨询电话3"":"""",""来源Sheet"":""中央国家行政机关省级以下直属机构""}}"
"government_jobs","国家公务员2026招考简章","公务员/事业单位技术岗位","内蒙古自治区巴彦淖尔市乌拉特中旗","2026-07-28T09:12:58.310295+00:00","统计信息部门一级主任科员及以下","国家金融监督管理总局内蒙古监管局","","内蒙古自治区巴彦淖尔市乌拉特中旗","公务员/事业单位;2026;computer_software;data_ai;仅限本科;学士;计算机科学与技术、软件工程、网络工程、电子与计算机工程、数据科学与大数据技术;市（地）级及以下直属机构综合管理类","用人司局：国家金融监督管理总局乌拉特中监管支局
职位简介：主要从事金融监管数据统计分析工作。
专业要求：计算机科学与技术、软件工程、网络工程、电子与计算机工程、数据科学与大数据技术
学历要求：仅限本科
学位要求：学士
政治面貌：不限
基层工作经历：无限制
考试类别：市（地）级及以下直属机构综合管理类
备注：1.报名时请在专业栏中同时填写专业名称和专业代码；2.限应届高校毕业生报考，请在备注栏中注明本人具有应届高校毕业生身份；3.专业考试信息请参见《2026年度国家金融监督管理总局招考职位专业科目笔试考试大纲》。","http://bm.scs.gov.cn/kl2026#132105-300147189001","2025-10-14","{""dataset_year"":2026,""job_uid"":""GOV-2026-132105-300147189001"",""publisher"":""国家公务员局"",""publication_page"":""http://bm.scs.gov.cn/kl2026"",""attachment_url"":""local://2026_guokao_zhaokaojianzhang.zip"",""local_source_file"":""中央机关及其直属机构2026年度考试录用公务员招考简章.xls"",""local_source_sha256"":""2670bae1df1dd07a3a3c79b9db46a11e3bb15a6c9c249e6af98bfd0b61ce3aaf"",""source_sheet"":""中央国家行政机关省级以下直属机构"",""filter_version"":""government_tech_v2"",""tech_filter"":{""is_tech"":true,""is_core_tech"":true,""scope"":""core"",""categories"":[""computer_software"",""data_ai""],""matched_fields"":[""major"",""description""],""major_terms"":[""大数据"",""数据科学与大数据技术"",""网络工程"",""计算机"",""计算机科学与技术"",""软件工程""],""role_terms"":[""数据统计分析""],""reason"":""tech_major_and_role""},""original"":{""部门代码"":""132105"",""部门名称"":""国家金融监督管理总局内蒙古监管局"",""用人司局"":""国家金融监督管理总局乌拉特中监管支局"",""机构性质"":""中央国家行政机关省级以下直属机构"",""招考职位"":""统计信息部门一级主任科员及以下"",""职位属性"":""金融监管计算机类职位"",""职位分布"":""西部地区和艰苦边远地区职位"",""职位简介"":""主要从事金融监管数据统计分析工作。"",""职位代码"":""300147189001"",""机构层级"":""县（区）级及以下"",""考试类别"":""市（地）级及以下直属机构综合管理类"",""招考人数"":""1"",""专业"":""计算机科学与技术、软件工程、网络工程、电子与计算机工程、数据科学与大数据技术"",""学历"":""仅限本科"",""学位"":""学士"",""政治面貌"":""不限"",""基层工作最低年限"":""无限制"",""服务基层项目工作经历"":""无限制"",""是否在面试阶段组织专业能力测试"":""否"",""面试人员比例"":""3:1"",""工作地点"":""内蒙古自治区巴彦淖尔市乌拉特中旗"",""落户地点"":""内蒙古自治区巴彦淖尔市乌拉特中旗"",""备注"":""1.报名时请在专业栏中同时填写专业名称和专业代码；2.限应届高校毕业生报考，请在备注栏中注明本人具有应届高校毕业生身份；3.专业考试信息请参见《2026年度国家金融监督管理总局招考职位专业科目笔试考试大纲》。"",""部门网站"":""www.nfra.gov.cn"",""咨询电话1"":""0471-43450441"",""咨询电话2"":""0471-4343512"",""咨询电话3"":"""",""来源Sheet"":""中央国家行政机关省级以下直属机构""}}"
"government_jobs","国家公务员2026招考简章","公务员/事业单位技术岗位","内蒙古自治区巴彦淖尔市五原县","2026-07-28T09:12:58.310295+00:00","统计信息部门一级主任科员及以下","国家金融监督管理总局内蒙古监管局","","内蒙古自治区巴彦淖尔市五原县","公务员/事业单位;2026;computer_software;data_ai;仅限本科;学士;计算机科学与技术、软件工程、网络工程、电子与计算机工程、数据科学与大数据技术;市（地）级及以下直属机构综合管理类","用人司局：国家金融监督管理总局五原监管支局
职位简介：主要从事金融监管数据统计分析工作。
专业要求：计算机科学与技术、软件工程、网络工程、电子与计算机工程、数据科学与大数据技术
学历要求：仅限本科
学位要求：学士
政治面貌：不限
基层工作经历：无限制
考试类别：市（地）级及以下直属机构综合管理类
备注：1.报名时请在专业栏中同时填写专业名称和专业代码；2.限应届高校毕业生报考，请在备注栏中注明本人具有应届高校毕业生身份；3.专业考试信息请参见《2026年度国家金融监督管理总局招考职位专业科目笔试考试大纲》。","http://bm.scs.gov.cn/kl2026#132105-300147190001","2025-10-14","{""dataset_year"":2026,""job_uid"":""GOV-2026-132105-300147190001"",""publisher"":""国家公务员局"",""publication_page"":""http://bm.scs.gov.cn/kl2026"",""attachment_url"":""local://2026_guokao_zhaokaojianzhang.zip"",""local_source_file"":""中央机关及其直属机构2026年度考试录用公务员招考简章.xls"",""local_source_sha256"":""2670bae1df1dd07a3a3c79b9db46a11e3bb15a6c9c249e6af98bfd0b61ce3aaf"",""source_sheet"":""中央国家行政机关省级以下直属机构"",""filter_version"":""government_tech_v2"",""tech_filter"":{""is_tech"":true,""is_core_tech"":true,""scope"":""core"",""categories"":[""computer_software"",""data_ai""],""matched_fields"":[""major"",""description""],""major_terms"":[""大数据"",""数据科学与大数据技术"",""网络工程"",""计算机"",""计算机科学与技术"",""软件工程""],""role_terms"":[""数据统计分析""],""reason"":""tech_major_and_role""},""original"":{""部门代码"":""132105"",""部门名称"":""国家金融监督管理总局内蒙古监管局"",""用人司局"":""国家金融监督管理总局五原监管支局"",""机构性质"":""中央国家行政机关省级以下直属机构"",""招考职位"":""统计信息部门一级主任科员及以下"",""职位属性"":""金融监管计算机类职位"",""职位分布"":""西部地区和艰苦边远地区职位"",""职位简介"":""主要从事金融监管数据统计分析工作。"",""职位代码"":""300147190001"",""机构层级"":""县（区）级及以下"",""考试类别"":""市（地）级及以下直属机构综合管理类"",""招考人数"":""1"",""专业"":""计算机科学与技术、软件工程、网络工程、电子与计算机工程、数据科学与大数据技术"",""学历"":""仅限本科"",""学位"":""学士"",""政治面貌"":""不限"",""基层工作最低年限"":""无限制"",""服务基层项目工作经历"":""无限制"",""是否在面试阶段组织专业能力测试"":""否"",""面试人员比例"":""3:1"",""工作地点"":""内蒙古自治区巴彦淖尔市五原县"",""落户地点"":""内蒙古自治区巴彦淖尔市五原县"",""备注"":""1.报名时请在专业栏中同时填写专业名称和专业代码；2.限应届高校毕业生报考，请在备注栏中注明本人具有应届高校毕业生身份；3.专业考试信息请参见《2026年度国家金融监督管理总局招考职位专业科目笔试考试大纲》。"",""部门网站"":""www.nfra.gov.cn"",""咨询电话1"":""0471-43450441"",""咨询电话2"":""0471-4343512"",""咨询电话3"":"""",""来源Sheet"":""中央国家行政机关省级以下直属机构""}}"
"government_jobs","国家公务员2026招考简章","公务员/事业单位技术岗位","内蒙古自治区巴彦淖尔市磴口县","2026-07-28T09:12:58.310295+00:00","统计信息部门一级主任科员及以下","国家金融监督管理总局内蒙古监管局","","内蒙古自治区巴彦淖尔市磴口县","公务员/事业单位;2026;computer_software;data_ai;仅限本科;学士;计算机科学与技术、软件工程、网络工程、电子与计算机工程、数据科学与大数据技术;市（地）级及以下直属机构综合管理类","用人司局：国家金融监督管理总局磴口监管支局
职位简介：主要从事金融监管数据统计分析工作。
专业要求：计算机科学与技术、软件工程、网络工程、电子与计算机工程、数据科学与大数据技术
学历要求：仅限本科
学位要求：学士
政治面貌：不限
基层工作经历：无限制
考试类别：市（地）级及以下直属机构综合管理类
备注：1.报名时请在专业栏中同时填写专业名称和专业代码；2.限应届高校毕业生报考，请在备注栏中注明本人具有应届高校毕业生身份；3.专业考试信息请参见《2026年度国家金融监督管理总局招考职位专业科目笔试考试大纲》。","http://bm.scs.gov.cn/kl2026#132105-300147191001","2025-10-14","{""dataset_year"":2026,""job_uid"":""GOV-2026-132105-300147191001"",""publisher"":""国家公务员局"",""publication_page"":""http://bm.scs.gov.cn/kl2026"",""attachment_url"":""local://2026_guokao_zhaokaojianzhang.zip"",""local_source_file"":""中央机关及其直属机构2026年度考试录用公务员招考简章.xls"",""local_source_sha256"":""2670bae1df1dd07a3a3c79b9db46a11e3bb15a6c9c249e6af98bfd0b61ce3aaf"",""source_sheet"":""中央国家行政机关省级以下直属机构"",""filter_version"":""government_tech_v2"",""tech_filter"":{""is_tech"":true,""is_core_tech"":true,""scope"":""core"",""categories"":[""computer_software"",""data_ai""],""matched_fields"":[""major"",""description""],""major_terms"":[""大数据"",""数据科学与大数据技术"",""网络工程"",""计算机"",""计算机科学与技术"",""软件工程""],""role_terms"":[""数据统计分析""],""reason"":""tech_major_and_role""},""original"":{""部门代码"":""132105"",""部门名称"":""国家金融监督管理总局内蒙古监管局"",""用人司局"":""国家金融监督管理总局磴口监管支局"",""机构性质"":""中央国家行政机关省级以下直属机构"",""招考职位"":""统计信息部门一级主任科员及以下"",""职位属性"":""金融监管计算机类职位"",""职位分布"":""西部地区和艰苦边远地区职位"",""职位简介"":""主要从事金融监管数据统计分析工作。"",""职位代码"":""300147191001"",""机构层级"":""县（区）级及以下"",""考试类别"":""市（地）级及以下直属机构综合管理类"",""招考人数"":""1"",""专业"":""计算机科学与技术、软件工程、网络工程、电子与计算机工程、数据科学与大数据技术"",""学历"":""仅限本科"",""学位"":""学士"",""政治面貌"":""不限"",""基层工作最低年限"":""无限制"",""服务基层项目工作经历"":""无限制"",""是否在面试阶段组织专业能力测试"":""否"",""面试人员比例"":""3:1"",""工作地点"":""内蒙古自治区巴彦淖尔市磴口县"",""落户地点"":""内蒙古自治区巴彦淖尔市磴口县"",""备注"":""1.报名时请在专业栏中同时填写专业名称和专业代码；2.限应届高校毕业生报考，请在备注栏中注明本人具有应届高校毕业生身份；3.专业考试信息请参见《2026年度国家金融监督管理总局招考职位专业科目笔试考试大纲》。"",""部门网站"":""www.nfra.gov.cn"",""咨询电话1"":""0471-43450441"",""咨询电话2"":""0471-4343512"",""咨询电话3"":"""",""来源Sheet"":""中央国家行政机关省级以下直属机构""}}"
"government_jobs","国家公务员2026招考简章","公务员/事业单位技术岗位","辽宁省沈阳市","2026-07-28T09:12:58.310295+00:00","科技部门一级主任科员及以下","国家金融监督管理总局辽宁监管局","","辽宁省沈阳市","公务员/事业单位;2026;computer_software;硕士研究生及以上;与最高学历相对应的学位;计算机类;中央机关及其省级直属机构综合管理类","用人司局：国家金融监督管理总局辽宁监管局
职位简介：主要从事金融信息科技风险监管、电子设备软硬件管理及信息系统运行维护等工作。
专业要求：计算机类
学历要求：硕士研究生及以上
学位要求：与最高学历相对应的学位
政治面貌：不限
基层工作经历：二年
考试类别：中央机关及其省级直属机构综合管理类
备注：1.报名时请在专业栏中同时填写专业名称和专业代码；2.大学英语六级成绩在425分及以上（雅思成绩在6.5分及以上、托福成绩在90分及以上、取得英语专业四级或专业八级合格证书亦可），请在外语水平栏注明已获得的英语等级证书及成绩；3.具有2年以上银行从业经历，请在简历栏中注明相关经历。","http://bm.scs.gov.cn/kl2026#132106-300147196001","2025-10-14","{""dataset_year"":2026,""job_uid"":""GOV-2026-132106-300147196001"",""publisher"":""国家公务员局"",""publication_page"":""http://bm.scs.gov.cn/kl2026"",""attachment_url"":""local://2026_guokao_zhaokaojianzhang.zip"",""local_source_file"":""中央机关及其直属机构2026年度考试录用公务员招考简章.xls"",""local_source_sha256"":""2670bae1df1dd07a3a3c79b9db46a11e3bb15a6c9c249e6af98bfd0b61ce3aaf"",""source_sheet"":""中央国家行政机关省级以下直属机构"",""filter_version"":""government_tech_v2"",""tech_filter"":{""is_tech"":true,""is_core_tech"":true,""scope"":""core"",""categories"":[""computer_software""],""matched_fields"":[""major"",""description""],""major_terms"":[""计算机类""],""role_terms"":[""信息科技"",""信息系统"",""软硬件""],""reason"":""tech_major_and_role""},""original"":{""部门代码"":""132106"",""部门名称"":""国家金融监督管理总局辽宁监管局"",""用人司局"":""国家金融监督管理总局辽宁监管局"",""机构性质"":""中央国家行政机关省级以下直属机构"",""招考职位"":""科技部门一级主任科员及以下"",""职位属性"":""金融监管计算机类职位"",""职位分布"":""其他职位"",""职位简介"":""主要从事金融信息科技风险监管、电子设备软硬件管理及信息系统运行维护等工作。"",""职位代码"":""300147196001"",""机构层级"":""省（副省）级"",""考试类别"":""中央机关及其省级直属机构综合管理类"",""招考人数"":""3"",""专业"":""计算机类"",""学历"":""硕士研究生及以上"",""学位"":""与最高学历相对应的学位"",""政治面貌"":""不限"",""基层工作最低年限"":""二年"",""服务基层项目工作经历"":""无限制"",""是否在面试阶段组织专业能力测试"":""否"",""面试人员比例"":""4:1"",""工作地点"":""辽宁省沈阳市"",""落户地点"":""辽宁省沈阳市"",""备注"":""1.报名时请在专业栏中同时填写专业名称和专业代码；2.大学英语六级成绩在425分及以上（雅思成绩在6.5分及以上、托福成绩在90分及以上、取得英语专业四级或专业八级合格证书亦可），请在外语水平栏注明已获得的英语等级证书及成绩；3.具有2年以上银行从业经历，请在简历栏中注明相关经历。"",""部门网站"":""http://www.nfra.gov.cn/"",""咨询电话1"":""024-82512766"",""咨询电话2"":""024-82512966"",""咨询电话3"":"""",""来源Sheet"":""中央国家行政机关省级以下直属机构""}}"
"government_jobs","国家公务员2026招考简章","公务员/事业单位技术岗位","辽宁省抚顺市","2026-07-28T09:12:58.310295+00:00","科技部门一级主任科员及以下","国家金融监督管理总局辽宁监管局","","辽宁省抚顺市","公务员/事业单位;2026;computer_software;本科及以上;与最高学历相对应的学位;计算机类;市（地）级及以下直属机构综合管理类","用人司局：国家金融监督管理总局抚顺监管分局
职位简介：主要从事金融信息科技风险监管、电子设备软硬件管理及信息系统运行维护等工作。
专业要求：计算机类
学历要求：本科及以上
学位要求：与最高学历相对应的学位
政治面貌：不限
基层工作经历：无限制
考试类别：市（地）级及以下直属机构综合管理类
备注：1.报名时请在专业栏中同时填写专业名称和专业代码；2.大学英语四级成绩在425分及以上（雅思成绩在6分及以上、托福成绩在80分及以上、取得英语专业四级或专业八级合格证书亦可），请在外语水平栏注明已获得的英语等级证书及成绩。","http://bm.scs.gov.cn/kl2026#132106-300147200001","2025-10-14","{""dataset_year"":2026,""job_uid"":""GOV-2026-132106-300147200001"",""publisher"":""国家公务员局"",""publication_page"":""http://bm.scs.gov.cn/kl2026"",""attachment_url"":""local://2026_guokao_zhaokaojianzhang.zip"",""local_source_file"":""中央机关及其直属机构2026年度考试录用公务员招考简章.xls"",""local_source_sha256"":""2670bae1df1dd07a3a3c79b9db46a11e3bb15a6c9c249e6af98bfd0b61ce3aaf"",""source_sheet"":""中央国家行政机关省级以下直属机构"",""filter_version"":""government_tech_v2"",""tech_filter"":{""is_tech"":true,""is_core_tech"":true,""scope"":""core"",""categories"":[""computer_software""],""matched_fields"":[""major"",""description""],""major_terms"":[""计算机类""],""role_terms"":[""信息科技"",""信息系统"",""软硬件""],""reason"":""tech_major_and_role""},""original"":{""部门代码"":""132106"",""部门名称"":""国家金融监督管理总局辽宁监管局"",""用人司局"":""国家金融监督管理总局抚顺监管分局"",""机构性质"":""中央国家行政机关省级以下直属机构"",""招考职位"":""科技部门一级主任科员及以下"",""职位属性"":""金融监管计算机类职位"",""职位分布"":""其他职位"",""职位简介"":""主要从事金融信息科技风险监管、电子设备软硬件管理及信息系统运行维护等工作。"",""职位代码"":""300147200001"",""机构层级"":""市（地）级"",""考试类别"":""市（地）级及以下直属机构综合管理类"",""招考人数"":""1"",""专业"":""计算机类"",""学历"":""本科及以上"",""学位"":""与最高学历相对应的学位"",""政治面貌"":""不限"",""基层工作最低年限"":""无限制"",""服务基层项目工作经历"":""无限制"",""是否在面试阶段组织专业能力测试"":""否"",""面试人员比例"":""3:1"",""工作地点"":""辽宁省抚顺市"",""落户地点"":""辽宁省抚顺市"",""备注"":""1.报名时请在专业栏中同时填写专业名称和专业代码；2.大学英语四级成绩在425分及以上（雅思成绩在6分及以上、托福成绩在80分及以上、取得英语专业四级或专业八级合格证书亦可），请在外语水平栏注明已获得的英语等级证书及成绩。"",""部门网站"":""http://www.nfra.gov.cn/"",""咨询电话1"":""024-82512766"",""咨询电话2"":""024-82512966"",""咨询电话3"":"""",""来源Sheet"":""中央国家行政机关省级以下直属机构""}}"
"government_jobs","国家公务员2026招考简章","公务员/事业单位技术岗位","辽宁省丹东市","2026-07-28T09:12:58.310295+00:00","科技部门一级主任科员及以下","国家金融监督管理总局辽宁监管局","","辽宁省丹东市","公务员/事业单位;2026;computer_software;本科及以上;与最高学历相对应的学位;计算机类;市（地）级及以下直属机构综合管理类","用人司局：国家金融监督管理总局丹东监管分局
职位简介：主要从事金融信息科技风险监管、电子设备软硬件管理及信息系统运行维护等工作。
专业要求：计算机类
学历要求：本科及以上
学位要求：与最高学历相对应的学位
政治面貌：不限
基层工作经历：无限制
考试类别：市（地）级及以下直属机构综合管理类
备注：1.报名时请在专业栏中同时填写专业名称和专业代码；2.大学英语四级成绩在425分及以上（雅思成绩在6分及以上、托福成绩在80分及以上、取得英语专业四级或专业八级合格证书亦可），请在外语水平栏注明已获得的英语等级证书及成绩。","http://bm.scs.gov.cn/kl2026#132106-300147202001","2025-10-14","{""dataset_year"":2026,""job_uid"":""GOV-2026-132106-300147202001"",""publisher"":""国家公务员局"",""publication_page"":""http://bm.scs.gov.cn/kl2026"",""attachment_url"":""local://2026_guokao_zhaokaojianzhang.zip"",""local_source_file"":""中央机关及其直属机构2026年度考试录用公务员招考简章.xls"",""local_source_sha256"":""2670bae1df1dd07a3a3c79b9db46a11e3bb15a6c9c249e6af98bfd0b61ce3aaf"",""source_sheet"":""中央国家行政机关省级以下直属机构"",""filter_version"":""government_tech_v2"",""tech_filter"":{""is_tech"":true,""is_core_tech"":true,""scope"":""core"",""categories"":[""computer_software""],""matched_fields"":[""major"",""description""],""major_terms"":[""计算机类""],""role_terms"":[""信息科技"",""信息系统"",""软硬件""],""reason"":""tech_major_and_role""},""original"":{""部门代码"":""132106"",""部门名称"":""国家金融监督管理总局辽宁监管局"",""用人司局"":""国家金融监督管理总局丹东监管分局"",""机构性质"":""中央国家行政机关省级以下直属机构"",""招考职位"":""科技部门一级主任科员及以下"",""职位属性"":""金融监管计算机类职位"",""职位分布"":""其他职位"",""职位简介"":""主要从事金融信息科技风险监管、电子设备软硬件管理及信息系统运行维护等工作。"",""职位代码"":""300147202001"",""机构层级"":""市（地）级"",""考试类别"":""市（地）级及以下直属机构综合管理类"",""招考人数"":""1"",""专业"":""计算机类"",""学历"":""本科及以上"",""学位"":""与最高学历相对应的学位"",""政治面貌"":""不限"",""基层工作最低年限"":""无限制"",""服务基层项目工作经历"":""无限制"",""是否在面试阶段组织专业能力测试"":""否"",""面试人员比例"":""3:1"",""工作地点"":""辽宁省丹东市"",""落户地点"":""辽宁省丹东市"",""备注"":""1.报名时请在专业栏中同时填写专业名称和专业代码；2.大学英语四级成绩在425分及以上（雅思成绩在6分及以上、托福成绩在80分及以上、取得英语专业四级或专业八级合格证书亦可），请在外语水平栏注明已获得的英语等级证书及成绩。"",""部门网站"":""http://www.nfra.gov.cn/"",""咨询电话1"":""024-82512766"",""咨询电话2"":""024-82512966"",""咨询电话3"":"""",""来源Sheet"":""中央国家行政机关省级以下直属机构""}}"
"government_jobs","国家公务员2026招考简章","公务员/事业单位技术岗位","辽宁省丹东市宽甸满族自治县","2026-07-28T09:12:58.310295+00:00","科技部门一级主任科员及以下","国家金融监督管理总局辽宁监管局","","辽宁省丹东市宽甸满族自治县","公务员/事业单位;2026;computer_software;仅限本科;学士;计算机类;市（地）级及以下直属机构综合管理类","用人司局：国家金融监督管理总局宽甸监管支局
职位简介：主要从事金融信息科技风险监管、电子设备软硬件管理及信息系统运行维护等工作。
专业要求：计算机类
学历要求：仅限本科
学位要求：学士
政治面貌：不限
基层工作经历：无限制
考试类别：市（地）级及以下直属机构综合管理类
备注：1.报名时请在专业栏中同时填写专业名称和专业代码。","http://bm.scs.gov.cn/kl2026#132106-300147203001","2025-10-14","{""dataset_year"":2026,""job_uid"":""GOV-2026-132106-300147203001"",""publisher"":""国家公务员局"",""publication_page"":""http://bm.scs.gov.cn/kl2026"",""attachment_url"":""local://2026_guokao_zhaokaojianzhang.zip"",""local_source_file"":""中央机关及其直属机构2026年度考试录用公务员招考简章.xls"",""local_source_sha256"":""2670bae1df1dd07a3a3c79b9db46a11e3bb15a6c9c249e6af98bfd0b61ce3aaf"",""source_sheet"":""中央国家行政机关省级以下直属机构"",""filter_version"":""government_tech_v2"",""tech_filter"":{""is_tech"":true,""is_core_tech"":true,""scope"":""core"",""categories"":[""computer_software""],""matched_fields"":[""major"",""description""],""major_terms"":[""计算机类""],""role_terms"":[""信息科技"",""信息系统"",""软硬件""],""reason"":""tech_major_and_role""},""original"":{""部门代码"":""132106"",""部门名称"":""国家金融监督管理总局辽宁监管局"",""用人司局"":""国家金融监督管理总局宽甸监管支局"",""机构性质"":""中央国家行政机关省级以下直属机构"",""招考职位"":""科技部门一级主任科员及以下"",""职位属性"":""金融监管计算机类职位"",""职位分布"":""其他职位"",""职位简介"":""主要从事金融信息科技风险监管、电子设备软硬件管理及信息系统运行维护等工作。"",""职位代码"":""300147203001"",""机构层级"":""县（区）级及以下"",""考试类别"":""市（地）级及以下直属机构综合管理类"",""招考人数"":""2"",""专业"":""计算机类"",""学历"":""仅限本科"",""学位"":""学士"",""政治面貌"":""不限"",""基层工作最低年限"":""无限制"",""服务基层项目工作经历"":""无限制"",""是否在面试阶段组织专业能力测试"":""否"",""面试人员比例"":""3:1"",""工作地点"":""辽宁省丹东市宽甸满族自治县"",""落户地点"":""辽宁省丹东市宽甸满族自治县"",""备注"":""1.报名时请在专业栏中同时填写专业名称和专业代码。"",""部门网站"":""http://www.nfra.gov.cn/"",""咨询电话1"":""024-82512766"",""咨询电话2"":""024-82512966"",""咨询电话3"":"""",""来源Sheet"":""中央国家行政机关省级以下直属机构""}}"
"government_jobs","国家公务员2026招考简章","公务员/事业单位技术岗位","辽宁省阜新市","2026-07-28T09:12:58.310295+00:00","科技部门一级主任科员及以下","国家金融监督管理总局辽宁监管局","","辽宁省阜新市","公务员/事业单位;2026;computer_software;本科及以上;与最高学历相对应的学位;计算机类;市（地）级及以下直属机构综合管理类","用人司局：国家金融监督管理总局阜新监管分局
职位简介：主要从事金融信息科技风险监管、电子设备软硬件管理及信息系统运行维护等工作。
专业要求：计算机类
学历要求：本科及以上
学位要求：与最高学历相对应的学位
政治面貌：不限
基层工作经历：无限制
考试类别：市（地）级及以下直属机构综合管理类
备注：1.报名时请在专业栏中同时填写专业名称和专业代码；2.大学英语四级成绩在425分及以上（雅思成绩在6分及以上、托福成绩在80分及以上、取得英语专业四级或专业八级合格证书亦可），请在外语水平栏注明已获得的英语等级证书及成绩。","http://bm.scs.gov.cn/kl2026#132106-300147206001","2025-10-14","{""dataset_year"":2026,""job_uid"":""GOV-2026-132106-300147206001"",""publisher"":""国家公务员局"",""publication_page"":""http://bm.scs.gov.cn/kl2026"",""attachment_url"":""local://2026_guokao_zhaokaojianzhang.zip"",""local_source_file"":""中央机关及其直属机构2026年度考试录用公务员招考简章.xls"",""local_source_sha256"":""2670bae1df1dd07a3a3c79b9db46a11e3bb15a6c9c249e6af98bfd0b61ce3aaf"",""source_sheet"":""中央国家行政机关省级以下直属机构"",""filter_version"":""government_tech_v2"",""tech_filter"":{""is_tech"":true,""is_core_tech"":true,""scope"":""core"",""categories"":[""computer_software""],""matched_fields"":[""major"",""description""],""major_terms"":[""计算机类""],""role_terms"":[""信息科技"",""信息系统"",""软硬件""],""reason"":""tech_major_and_role""},""original"":{""部门代码"":""132106"",""部门名称"":""国家金融监督管理总局辽宁监管局"",""用人司局"":""国家金融监督管理总局阜新监管分局"",""机构性质"":""中央国家行政机关省级以下直属机构"",""招考职位"":""科技部门一级主任科员及以下"",""职位属性"":""金融监管计算机类职位"",""职位分布"":""其他职位"",""职位简介"":""主要从事金融信息科技风险监管、电子设备软硬件管理及信息系统运行维护等工作。"",""职位代码"":""300147206001"",""机构层级"":""市（地）级"",""考试类别"":""市（地）级及以下直属机构综合管理类"",""招考人数"":""2"",""专业"":""计算机类"",""学历"":""本科及以上"",""学位"":""与最高学历相对应的学位"",""政治面貌"":""不限"",""基层工作最低年限"":""无限制"",""服务基层项目工作经历"":""无限制"",""是否在面试阶段组织专业能力测试"":""否"",""面试人员比例"":""3:1"",""工作地点"":""辽宁省阜新市"",""落户地点"":""辽宁省阜新市"",""备注"":""1.报名时请在专业栏中同时填写专业名称和专业代码；2.大学英语四级成绩在425分及以上（雅思成绩在6分及以上、托福成绩在80分及以上、取得英语专业四级或专业八级合格证书亦可），请在外语水平栏注明已获得的英语等级证书及成绩。"",""部门网站"":""http://www.nfra.gov.cn/"",""咨询电话1"":""024-82512766"",""咨询电话2"":""024-82512966"",""咨询电话3"":"""",""来源Sheet"":""中央国家行政机关省级以下直属机构""}}"
"government_jobs","国家公务员2026招考简章","公务员/事业单位技术岗位","辽宁省铁岭市","2026-07-28T09:12:58.310295+00:00","科技部门一级主任科员及以下","国家金融监督管理总局辽宁监管局","","辽宁省铁岭市","公务员/事业单位;2026;computer_software;本科及以上;与最高学历相对应的学位;计算机类;市（地）级及以下直属机构综合管理类","用人司局：国家金融监督管理总局铁岭监管分局
职位简介：主要从事金融信息科技风险监管、电子设备软硬件管理及信息系统运行维护等工作。
专业要求：计算机类
学历要求：本科及以上
学位要求：与最高学历相对应的学位
政治面貌：不限
基层工作经历：无限制
考试类别：市（地）级及以下直属机构综合管理类
备注：1.报名时请在专业栏中同时填写专业名称和专业代码；2.大学英语四级成绩在425分及以上（雅思成绩在6分及以上、托福成绩在80分及以上、取得英语专业四级或专业八级合格证书亦可），请在外语水平栏注明已获得的英语等级证书及成绩。","http://bm.scs.gov.cn/kl2026#132106-300147208001","2025-10-14","{""dataset_year"":2026,""job_uid"":""GOV-2026-132106-300147208001"",""publisher"":""国家公务员局"",""publication_page"":""http://bm.scs.gov.cn/kl2026"",""attachment_url"":""local://2026_guokao_zhaokaojianzhang.zip"",""local_source_file"":""中央机关及其直属机构2026年度考试录用公务员招考简章.xls"",""local_source_sha256"":""2670bae1df1dd07a3a3c79b9db46a11e3bb15a6c9c249e6af98bfd0b61ce3aaf"",""source_sheet"":""中央国家行政机关省级以下直属机构"",""filter_version"":""government_tech_v2"",""tech_filter"":{""is_tech"":true,""is_core_tech"":true,""scope"":""core"",""categories"":[""computer_software""],""matched_fields"":[""major"",""description""],""major_terms"":[""计算机类""],""role_terms"":[""信息科技"",""信息系统"",""软硬件""],""reason"":""tech_major_and_role""},""original"":{""部门代码"":""132106"",""部门名称"":""国家金融监督管理总局辽宁监管局"",""用人司局"":""国家金融监督管理总局铁岭监管分局"",""机构性质"":""中央国家行政机关省级以下直属机构"",""招考职位"":""科技部门一级主任科员及以下"",""职位属性"":""金融监管计算机类职位"",""职位分布"":""其他职位"",""职位简介"":""主要从事金融信息科技风险监管、电子设备软硬件管理及信息系统运行维护等工作。"",""职位代码"":""300147208001"",""机构层级"":""市（地）级"",""考试类别"":""市（地）级及以下直属机构综合管理类"",""招考人数"":""1"",""专业"":""计算机类"",""学历"":""本科及以上"",""学位"":""与最高学历相对应的学位"",""政治面貌"":""不限"",""基层工作最低年限"":""无限制"",""服务基层项目工作经历"":""无限制"",""是否在面试阶段组织专业能力测试"":""否"",""面试人员比例"":""3:1"",""工作地点"":""辽宁省铁岭市"",""落户地点"":""辽宁省铁岭市"",""备注"":""1.报名时请在专业栏中同时填写专业名称和专业代码；2.大学英语四级成绩在425分及以上（雅思成绩在6分及以上、托福成绩在80分及以上、取得英语专业四级或专业八级合格证书亦可），请在外语水平栏注明已获得的英语等级证书及成绩。"",""部门网站"":""http://www.nfra.gov.cn/"",""咨询电话1"":""024-82512766"",""咨询电话2"":""024-82512966"",""咨询电话3"":"""",""来源Sheet"":""中央国家行政机关省级以下直属机构""}}"
"government_jobs","国家公务员2026招考简章","公务员/事业单位技术岗位","辽宁省盘锦市","2026-07-28T09:12:58.310295+00:00","科技部门一级主任科员及以下","国家金融监督管理总局辽宁监管局","","辽宁省盘锦市","公务员/事业单位;2026;computer_software;本科及以上;与最高学历相对应的学位;计算机类;市（地）级及以下直属机构综合管理类","用人司局：国家金融监督管理总局盘锦监管分局
职位简介：主要从事金融信息科技风险监管、电子设备软硬件管理及信息系统运行维护等工作。
专业要求：计算机类
学历要求：本科及以上
学位要求：与最高学历相对应的学位
政治面貌：不限
基层工作经历：无限制
考试类别：市（地）级及以下直属机构综合管理类
备注：1.报名时请在专业栏中同时填写专业名称和专业代码；2.大学英语四级成绩在425分及以上（雅思成绩在6分及以上、托福成绩在80分及以上、取得英语专业四级或专业八级合格证书亦可），请在外语水平栏注明已获得的英语等级证书及成绩。","http://bm.scs.gov.cn/kl2026#132106-300147209001","2025-10-14","{""dataset_year"":2026,""job_uid"":""GOV-2026-132106-300147209001"",""publisher"":""国家公务员局"",""publication_page"":""http://bm.scs.gov.cn/kl2026"",""attachment_url"":""local://2026_guokao_zhaokaojianzhang.zip"",""local_source_file"":""中央机关及其直属机构2026年度考试录用公务员招考简章.xls"",""local_source_sha256"":""2670bae1df1dd07a3a3c79b9db46a11e3bb15a6c9c249e6af98bfd0b61ce3aaf"",""source_sheet"":""中央国家行政机关省级以下直属机构"",""filter_version"":""government_tech_v2"",""tech_filter"":{""is_tech"":true,""is_core_tech"":true,""scope"":""core"",""categories"":[""computer_software""],""matched_fields"":[""major"",""description""],""major_terms"":[""计算机类""],""role_terms"":[""信息科技"",""信息系统"",""软硬件""],""reason"":""tech_major_and_role""},""original"":{""部门代码"":""132106"",""部门名称"":""国家金融监督管理总局辽宁监管局"",""用人司局"":""国家金融监督管理总局盘锦监管分局"",""机构性质"":""中央国家行政机关省级以下直属机构"",""招考职位"":""科技部门一级主任科员及以下"",""职位属性"":""金融监管计算机类职位"",""职位分布"":""其他职位"",""职位简介"":""主要从事金融信息科技风险监管、电子设备软硬件管理及信息系统运行维护等工作。"",""职位代码"":""300147209001"",""机构层级"":""市（地）级"",""考试类别"":""市（地）级及以下直属机构综合管理类"",""招考人数"":""1"",""专业"":""计算机类"",""学历"":""本科及以上"",""学位"":""与最高学历相对应的学位"",""政治面貌"":""不限"",""基层工作最低年限"":""无限制"",""服务基层项目工作经历"":""无限制"",""是否在面试阶段组织专业能力测试"":""否"",""面试人员比例"":""3:1"",""工作地点"":""辽宁省盘锦市"",""落户地点"":""辽宁省盘锦市"",""备注"":""1.报名时请在专业栏中同时填写专业名称和专业代码；2.大学英语四级成绩在425分及以上（雅思成绩在6分及以上、托福成绩在80分及以上、取得英语专业四级或专业八级合格证书亦可），请在外语水平栏注明已获得的英语等级证书及成绩。"",""部门网站"":""http://www.nfra.gov.cn/"",""咨询电话1"":""024-82512766"",""咨询电话2"":""024-82512966"",""咨询电话3"":"""",""来源Sheet"":""中央国家行政机关省级以下直属机构""}}"
"government_jobs","国家公务员2026招考简章","公务员/事业单位技术岗位","吉林省长春市","2026-07-28T09:12:58.310295+00:00","科技部门一级主任科员及以下","国家金融监督管理总局吉林监管局","","吉林省长春市","公务员/事业单位;2026;computer_software;cybersecurity_cryptography;硕士研究生及以上;与最高学历相对应的学位;计算机科学与技术（0812或0775）、软件工程（0835或085405）、计算机技术（085404）、大数据技术与工程（085411）、网络与信息安全（085412）;中央机关及其省级直属机构综合管理类","用人司局：国家金融监督管理总局吉林监管局
职位简介：主要从事金融信息科技风险监管、电子设备软硬件管理及信息系统运行维护等工作。
专业要求：计算机科学与技术（0812或0775）、软件工程（0835或085405）、计算机技术（085404）、大数据技术与工程（085411）、网络与信息安全（085412）
学历要求：硕士研究生及以上
学位要求：与最高学历相对应的学位
政治面貌：不限
基层工作经历：二年
考试类别：中央机关及其省级直属机构综合管理类
备注：1.报名时请在专业栏中同时填写专业名称和专业代码；2.大学英语六级成绩在425分及以上（雅思成绩在6.5分及以上、托福成绩在90分及以上、取得英语专业四级或专业八级合格证书亦可），请在外语水平栏注明已获得的英语等级证书及成绩；3.具有2年及以上基层工作经历。","http://bm.scs.gov.cn/kl2026#132107-300147212001","2025-10-14","{""dataset_year"":2026,""job_uid"":""GOV-2026-132107-300147212001"",""publisher"":""国家公务员局"",""publication_page"":""http://bm.scs.gov.cn/kl2026"",""attachment_url"":""local://2026_guokao_zhaokaojianzhang.zip"",""local_source_file"":""中央机关及其直属机构2026年度考试录用公务员招考简章.xls"",""local_source_sha256"":""2670bae1df1dd07a3a3c79b9db46a11e3bb15a6c9c249e6af98bfd0b61ce3aaf"",""source_sheet"":""中央国家行政机关省级以下直属机构"",""filter_version"":""government_tech_v2"",""tech_filter"":{""is_tech"":true,""is_core_tech"":true,""scope"":""core"",""categories"":[""computer_software"",""cybersecurity_cryptography""],""matched_fields"":[""major"",""description""],""major_terms"":[""信息安全"",""大数据"",""计算机技术"",""计算机科学与技术"",""软件工程""],""role_terms"":[""信息科技"",""信息系统"",""软硬件""],""reason"":""tech_major_and_role""},""original"":{""部门代码"":""132107"",""部门名称"":""国家金融监督管理总局吉林监管局"",""用人司局"":""国家金融监督管理总局吉林监管局"",""机构性质"":""中央国家行政机关省级以下直属机构"",""招考职位"":""科技部门一级主任科员及以下"",""职位属性"":""金融监管计算机类职位"",""职位分布"":""其他职位"",""职位简介"":""主要从事金融信息科技风险监管、电子设备软硬件管理及信息系统运行维护等工作。"",""职位代码"":""300147212001"",""机构层级"":""省（副省）级"",""考试类别"":""中央机关及其省级直属机构综合管理类"",""招考人数"":""2"",""专业"":""计算机科学与技术（0812或0775）、软件工程（0835或085405）、计算机技术（085404）、大数据技术与工程（085411）、网络与信息安全（085412）"",""学历"":""硕士研究生及以上"",""学位"":""与最高学历相对应的学位"",""政治面貌"":""不限"",""基层工作最低年限"":""二年"",""服务基层项目工作经历"":""无限制"",""是否在面试阶段组织专业能力测试"":""否"",""面试人员比例"":""4:1"",""工作地点"":""吉林省长春市"",""落户地点"":""吉林省长春市"",""备注"":""1.报名时请在专业栏中同时填写专业名称和专业代码；2.大学英语六级成绩在425分及以上（雅思成绩在6.5分及以上、托福成绩在90分及以上、取得英语专业四级或专业八级合格证书亦可），请在外语水平栏注明已获得的英语等级证书及成绩；3.具有2年及以上基层工作经历。"",""部门网站"":""http://www.nfra.gov.cn/"",""咨询电话1"":""0431-88579081"",""咨询电话2"":""0431-88579118"",""咨询电话3"":"""",""来源Sheet"":""中央国家行政机关省级以下直属机构""}}"
"government_jobs","国家公务员2026招考简章","公务员/事业单位技术岗位","吉林省延边朝鲜族自治州","2026-07-28T09:12:58.310295+00:00","科技部门一级主任科员及以下","国家金融监督管理总局吉林监管局","","吉林省延边朝鲜族自治州","公务员/事业单位;2026;computer_software;cybersecurity_cryptography;本科及以上;与最高学历相对应的学位;本科专业为计算机类（0809），或研究生专业为计算机科学与技术（0812或0775）、软件工程（0835或085405）、计算机技术（085404）、大数据技术与工程（085411）、网络与信息安全（085412）;市（地）级及以下直属机构综合管理类","用人司局：国家金融监督管理总局延边监管分局
职位简介：主要从事金融信息科技风险监管、电子设备软硬件管理及信息系统运行维护等工作。
专业要求：本科专业为计算机类（0809），或研究生专业为计算机科学与技术（0812或0775）、软件工程（0835或085405）、计算机技术（085404）、大数据技术与工程（085411）、网络与信息安全（085412）
学历要求：本科及以上
学位要求：与最高学历相对应的学位
政治面貌：不限
基层工作经历：无限制
考试类别：市（地）级及以下直属机构综合管理类
备注：1.报名时请在专业栏中同时填写专业名称和专业代码；2.限应届高校毕业生报考，请在备注栏中注明本人具有应届高校毕业生身份；3.大学英语四级成绩在425分及以上（雅思成绩在6分及以上、托福成绩在80分及以上、取得英语专业四级或专业八级合格证书亦可），请在外语水平栏注明已获得的英语等级证书及成绩。","http://bm.scs.gov.cn/kl2026#132107-300147214001","2025-10-14","{""dataset_year"":2026,""job_uid"":""GOV-2026-132107-300147214001"",""publisher"":""国家公务员局"",""publication_page"":""http://bm.scs.gov.cn/kl2026"",""attachment_url"":""local://2026_guokao_zhaokaojianzhang.zip"",""local_source_file"":""中央机关及其直属机构2026年度考试录用公务员招考简章.xls"",""local_source_sha256"":""2670bae1df1dd07a3a3c79b9db46a11e3bb15a6c9c249e6af98bfd0b61ce3aaf"",""source_sheet"":""中央国家行政机关省级以下直属机构"",""filter_version"":""government_tech_v2"",""tech_filter"":{""is_tech"":true,""is_core_tech"":true,""scope"":""core"",""categories"":[""computer_software"",""cybersecurity_cryptography""],""matched_fields"":[""major"",""description""],""major_terms"":[""信息安全"",""大数据"",""计算机技术"",""计算机科学与技术"",""计算机类"",""软件工程""],""role_terms"":[""信息科技"",""信息系统"",""软硬件""],""reason"":""tech_major_and_role""},""original"":{""部门代码"":""132107"",""部门名称"":""国家金融监督管理总局吉林监管局"",""用人司局"":""国家金融监督管理总局延边监管分局"",""机构性质"":""中央国家行政机关省级以下直属机构"",""招考职位"":""科技部门一级主任科员及以下"",""职位属性"":""金融监管计算机类职位"",""职位分布"":""西部地区和艰苦边远地区职位"",""职位简介"":""主要从事金融信息科技风险监管、电子设备软硬件管理及信息系统运行维护等工作。"",""职位代码"":""300147214001"",""机构层级"":""市（地）级"",""考试类别"":""市（地）级及以下直属机构综合管理类"",""招考人数"":""1"",""专业"":""本科专业为计算机类（0809），或研究生专业为计算机科学与技术（0812或0775）、软件工程（0835或085405）、计算机技术（085404）、大数据技术与工程（085411）、网络与信息安全（085412）"",""学历"":""本科及以上"",""学位"":""与最高学历相对应的学位"",""政治面貌"":""不限"",""基层工作最低年限"":""无限制"",""服务基层项目工作经历"":""无限制"",""是否在面试阶段组织专业能力测试"":""否"",""面试人员比例"":""3:1"",""工作地点"":""吉林省延边朝鲜族自治州"",""落户地点"":""吉林省延边朝鲜族自治州"",""备注"":""1.报名时请在专业栏中同时填写专业名称和专业代码；2.限应届高校毕业生报考，请在备注栏中注明本人具有应届高校毕业生身份；3.大学英语四级成绩在425分及以上（雅思成绩在6分及以上、托福成绩在80分及以上、取得英语专业四级或专业八级合格证书亦可），请在外语水平栏注明已获得的英语等级证书及成绩。"",""部门网站"":""http://www.nfra.gov.cn/"",""咨询电话1"":""0431-88579081"",""咨询电话2"":""0431-88579118"",""咨询电话3"":"""",""来源Sheet"":""中央国家行政机关省级以下直属机构""}}"
"government_jobs","国家公务员2026招考简章","公务员/事业单位技术岗位","吉林省通化市","2026-07-28T09:12:58.310295+00:00","科技部门一级主任科员及以下","国家金融监督管理总局吉林监管局","","吉林省通化市","公务员/事业单位;2026;computer_software;cybersecurity_cryptography;本科及以上;与最高学历相对应的学位;本科专业为计算机类（0809），或研究生专业为计算机科学与技术（0812或0775）、软件工程（0835或085405）、计算机技术（085404）、大数据技术与工程（085411）、网络与信息安全（085412）;市（地）级及以下直属机构综合管理类","用人司局：国家金融监督管理总局通化监管分局
职位简介：主要从事金融信息科技风险监管、电子设备软硬件管理及信息系统运行维护等工作。
专业要求：本科专业为计算机类（0809），或研究生专业为计算机科学与技术（0812或0775）、软件工程（0835或085405）、计算机技术（085404）、大数据技术与工程（085411）、网络与信息安全（085412）
学历要求：本科及以上
学位要求：与最高学历相对应的学位
政治面貌：不限
基层工作经历：无限制
考试类别：市（地）级及以下直属机构综合管理类
备注：1.报名时请在专业栏中同时填写专业名称和专业代码；2.大学英语四级成绩在425分及以上（雅思成绩在6分及以上、托福成绩在80分及以上、取得英语专业四级或专业八级合格证书亦可），请在外语水平栏注明已获得的英语等级证书及成绩。","http://bm.scs.gov.cn/kl2026#132107-300147216001","2025-10-14","{""dataset_year"":2026,""job_uid"":""GOV-2026-132107-300147216001"",""publisher"":""国家公务员局"",""publication_page"":""http://bm.scs.gov.cn/kl2026"",""attachment_url"":""local://2026_guokao_zhaokaojianzhang.zip"",""local_source_file"":""中央机关及其直属机构2026年度考试录用公务员招考简章.xls"",""local_source_sha256"":""2670bae1df1dd07a3a3c79b9db46a11e3bb15a6c9c249e6af98bfd0b61ce3aaf"",""source_sheet"":""中央国家行政机关省级以下直属机构"",""filter_version"":""government_tech_v2"",""tech_filter"":{""is_tech"":true,""is_core_tech"":true,""scope"":""core"",""categories"":[""computer_software"",""cybersecurity_cryptography""],""matched_fields"":[""major"",""description""],""major_terms"":[""信息安全"",""大数据"",""计算机技术"",""计算机科学与技术"",""计算机类"",""软件工程""],""role_terms"":[""信息科技"",""信息系统"",""软硬件""],""reason"":""tech_major_and_role""},""original"":{""部门代码"":""132107"",""部门名称"":""国家金融监督管理总局吉林监管局"",""用人司局"":""国家金融监督管理总局通化监管分局"",""机构性质"":""中央国家行政机关省级以下直属机构"",""招考职位"":""科技部门一级主任科员及以下"",""职位属性"":""金融监管计算机类职位"",""职位分布"":""西部地区和艰苦边远地区职位"",""职位简介"":""主要从事金融信息科技风险监管、电子设备软硬件管理及信息系统运行维护等工作。"",""职位代码"":""300147216001"",""机构层级"":""市（地）级"",""考试类别"":""市（地）级及以下直属机构综合管理类"",""招考人数"":""1"",""专业"":""本科专业为计算机类（0809），或研究生专业为计算机科学与技术（0812或0775）、软件工程（0835或085405）、计算机技术（085404）、大数据技术与工程（085411）、网络与信息安全（085412）"",""学历"":""本科及以上"",""学位"":""与最高学历相对应的学位"",""政治面貌"":""不限"",""基层工作最低年限"":""无限制"",""服务基层项目工作经历"":""无限制"",""是否在面试阶段组织专业能力测试"":""否"",""面试人员比例"":""3:1"",""工作地点"":""吉林省通化市"",""落户地点"":""吉林省通化市"",""备注"":""1.报名时请在专业栏中同时填写专业名称和专业代码；2.大学英语四级成绩在425分及以上（雅思成绩在6分及以上、托福成绩在80分及以上、取得英语专业四级或专业八级合格证书亦可），请在外语水平栏注明已获得的英语等级证书及成绩。"",""部门网站"":""http://www.nfra.gov.cn/"",""咨询电话1"":""0431-88579081"",""咨询电话2"":""0431-88579118"",""咨询电话3"":"""",""来源Sheet"":""中央国家行政机关省级以下直属机构""}}"
"government_jobs","国家公务员2026招考简章","公务员/事业单位技术岗位","吉林省松原市","2026-07-28T09:12:58.310295+00:00","科技部门一级主任科员及以下","国家金融监督管理总局吉林监管局","","吉林省松原市","公务员/事业单位;2026;computer_software;cybersecurity_cryptography;本科及以上;与最高学历相对应的学位;本科专业为计算机类（0809），或研究生专业为计算机科学与技术（0812或0775）、软件工程（0835或085405）、计算机技术（085404）、大数据技术与工程（085411）、网络与信息安全（085412）;市（地）级及以下直属机构综合管理类","用人司局：国家金融监督管理总局松原监管分局
职位简介：主要从事金融信息科技风险监管、电子设备软硬件管理及信息系统运行维护等工作。
专业要求：本科专业为计算机类（0809），或研究生专业为计算机科学与技术（0812或0775）、软件工程（0835或085405）、计算机技术（085404）、大数据技术与工程（085411）、网络与信息安全（085412）
学历要求：本科及以上
学位要求：与最高学历相对应的学位
政治面貌：不限
基层工作经历：无限制
考试类别：市（地）级及以下直属机构综合管理类
备注：1.报名时请在专业栏中同时填写专业名称和专业代码；2.限应届高校毕业生报考，请在备注栏中注明本人具有应届高校毕业生身份；3.大学英语四级成绩在425分及以上（雅思成绩在6分及以上、托福成绩在80分及以上、取得英语专业四级或专业八级合格证书亦可），请在外语水平栏注明已获得的英语等级证书及成绩。","http://bm.scs.gov.cn/kl2026#132107-300147219001","2025-10-14","{""dataset_year"":2026,""job_uid"":""GOV-2026-132107-300147219001"",""publisher"":""国家公务员局"",""publication_page"":""http://bm.scs.gov.cn/kl2026"",""attachment_url"":""local://2026_guokao_zhaokaojianzhang.zip"",""local_source_file"":""中央机关及其直属机构2026年度考试录用公务员招考简章.xls"",""local_source_sha256"":""2670bae1df1dd07a3a3c79b9db46a11e3bb15a6c9c249e6af98bfd0b61ce3aaf"",""source_sheet"":""中央国家行政机关省级以下直属机构"",""filter_version"":""government_tech_v2"",""tech_filter"":{""is_tech"":true,""is_core_tech"":true,""scope"":""core"",""categories"":[""computer_software"",""cybersecurity_cryptography""],""matched_fields"":[""major"",""description""],""major_terms"":[""信息安全"",""大数据"",""计算机技术"",""计算机科学与技术"",""计算机类"",""软件工程""],""role_terms"":[""信息科技"",""信息系统"",""软硬件""],""reason"":""tech_major_and_role""},""original"":{""部门代码"":""132107"",""部门名称"":""国家金融监督管理总局吉林监管局"",""用人司局"":""国家金融监督管理总局松原监管分局"",""机构性质"":""中央国家行政机关省级以下直属机构"",""招考职位"":""科技部门一级主任科员及以下"",""职位属性"":""金融监管计算机类职位"",""职位分布"":""西部地区和艰苦边远地区职位"",""职位简介"":""主要从事金融信息科技风险监管、电子设备软硬件管理及信息系统运行维护等工作。"",""职位代码"":""300147219001"",""机构层级"":""市（地）级"",""考试类别"":""市（地）级及以下直属机构综合管理类"",""招考人数"":""1"",""专业"":""本科专业为计算机类（0809），或研究生专业为计算机科学与技术（0812或0775）、软件工程（0835或085405）、计算机技术（085404）、大数据技术与工程（085411）、网络与信息安全（085412）"",""学历"":""本科及以上"",""学位"":""与最高学历相对应的学位"",""政治面貌"":""不限"",""基层工作最低年限"":""无限制"",""服务基层项目工作经历"":""无限制"",""是否在面试阶段组织专业能力测试"":""否"",""面试人员比例"":""3:1"",""工作地点"":""吉林省松原市"",""落户地点"":""吉林省松原市"",""备注"":""1.报名时请在专业栏中同时填写专业名称和专业代码；2.限应届高校毕业生报考，请在备注栏中注明本人具有应届高校毕业生身份；3.大学英语四级成绩在425分及以上（雅思成绩在6分及以上、托福成绩在80分及以上、取得英语专业四级或专业八级合格证书亦可），请在外语水平栏注明已获得的英语等级证书及成绩。"",""部门网站"":""http://www.nfra.gov.cn/"",""咨询电话1"":""0431-88579081"",""咨询电话2"":""0431-88579118"",""咨询电话3"":"""",""来源Sheet"":""中央国家行政机关省级以下直属机构""}}"
"government_jobs","国家公务员2026招考简章","公务员/事业单位技术岗位","吉林省白山市","2026-07-28T09:12:58.310295+00:00","科技部门一级主任科员及以下","国家金融监督管理总局吉林监管局","","吉林省白山市","公务员/事业单位;2026;computer_software;cybersecurity_cryptography;本科及以上;与最高学历相对应的学位;本科专业为计算机类（0809），或研究生专业为计算机科学与技术（0812或0775）、软件工程（0835或085405）、计算机技术（085404）、大数据技术与工程（085411）、网络与信息安全（085412）;市（地）级及以下直属机构综合管理类","用人司局：国家金融监督管理总局白山监管分局
职位简介：主要从事金融信息科技风险监管、电子设备软硬件管理及信息系统运行维护等工作。
专业要求：本科专业为计算机类（0809），或研究生专业为计算机科学与技术（0812或0775）、软件工程（0835或085405）、计算机技术（085404）、大数据技术与工程（085411）、网络与信息安全（085412）
学历要求：本科及以上
学位要求：与最高学历相对应的学位
政治面貌：不限
基层工作经历：无限制
考试类别：市（地）级及以下直属机构综合管理类
备注：1.报名时请在专业栏中同时填写专业名称和专业代码；2.限应届高校毕业生报考，请在备注栏中注明本人具有应届高校毕业生身份；3.大学英语四级成绩在425分及以上（雅思成绩在6分及以上、托福成绩在80分及以上、取得英语专业四级或专业八级合格证书亦可），请在外语水平栏注明已获得的英语等级证书及成绩。","http://bm.scs.gov.cn/kl2026#132107-300147220001","2025-10-14","{""dataset_year"":2026,""job_uid"":""GOV-2026-132107-300147220001"",""publisher"":""国家公务员局"",""publication_page"":""http://bm.scs.gov.cn/kl2026"",""attachment_url"":""local://2026_guokao_zhaokaojianzhang.zip"",""local_source_file"":""中央机关及其直属机构2026年度考试录用公务员招考简章.xls"",""local_source_sha256"":""2670bae1df1dd07a3a3c79b9db46a11e3bb15a6c9c249e6af98bfd0b61ce3aaf"",""source_sheet"":""中央国家行政机关省级以下直属机构"",""filter_version"":""government_tech_v2"",""tech_filter"":{""is_tech"":true,""is_core_tech"":true,""scope"":""core"",""categories"":[""computer_software"",""cybersecurity_cryptography""],""matched_fields"":[""major"",""description""],""major_terms"":[""信息安全"",""大数据"",""计算机技术"",""计算机科学与技术"",""计算机类"",""软件工程""],""role_terms"":[""信息科技"",""信息系统"",""软硬件""],""reason"":""tech_major_and_role""},""original"":{""部门代码"":""132107"",""部门名称"":""国家金融监督管理总局吉林监管局"",""用人司局"":""国家金融监督管理总局白山监管分局"",""机构性质"":""中央国家行政机关省级以下直属机构"",""招考职位"":""科技部门一级主任科员及以下"",""职位属性"":""金融监管计算机类职位"",""职位分布"":""西部地区和艰苦边远地区职位"",""职位简介"":""主要从事金融信息科技风险监管、电子设备软硬件管理及信息系统运行维护等工作。"",""职位代码"":""300147220001"",""机构层级"":""市（地）级"",""考试类别"":""市（地）级及以下直属机构综合管理类"",""招考人数"":""1"",""专业"":""本科专业为计算机类（0809），或研究生专业为计算机科学与技术（0812或0775）、软件工程（0835或085405）、计算机技术（085404）、大数据技术与工程（085411）、网络与信息安全（085412）"",""学历"":""本科及以上"",""学位"":""与最高学历相对应的学位"",""政治面貌"":""不限"",""基层工作最低年限"":""无限制"",""服务基层项目工作经历"":""无限制"",""是否在面试阶段组织专业能力测试"":""否"",""面试人员比例"":""3:1"",""工作地点"":""吉林省白山市"",""落户地点"":""吉林省白山市"",""备注"":""1.报名时请在专业栏中同时填写专业名称和专业代码；2.限应届高校毕业生报考，请在备注栏中注明本人具有应届高校毕业生身份；3.大学英语四级成绩在425分及以上（雅思成绩在6分及以上、托福成绩在80分及以上、取得英语专业四级或专业八级合格证书亦可），请在外语水平栏注明已获得的英语等级证书及成绩。"",""部门网站"":""http://www.nfra.gov.cn/"",""咨询电话1"":""0431-88579081"",""咨询电话2"":""0431-88579118"",""咨询电话3"":"""",""来源Sheet"":""中央国家行政机关省级以下直属机构""}}"
"government_jobs","国家公务员2026招考简章","公务员/事业单位技术岗位","吉林省通化市集安市","2026-07-28T09:12:58.310295+00:00","科技部门一级主任科员及以下","国家金融监督管理总局吉林监管局","","吉林省通化市集安市","公务员/事业单位;2026;computer_software;cybersecurity_cryptography;本科及以上;与最高学历相对应的学位;本科专业为计算机类（0809），或研究生专业为计算机科学与技术（0812或0775）、软件工程（0835或085405）、计算机技术（085404）、大数据技术与工程（085411）、网络与信息安全（085412）;市（地）级及以下直属机构综合管理类","用人司局：国家金融监督管理总局集安监管支局
职位简介：主要从事金融信息科技风险监管、电子设备软硬件管理及信息系统运行维护等工作。
专业要求：本科专业为计算机类（0809），或研究生专业为计算机科学与技术（0812或0775）、软件工程（0835或085405）、计算机技术（085404）、大数据技术与工程（085411）、网络与信息安全（085412）
学历要求：本科及以上
学位要求：与最高学历相对应的学位
政治面貌：不限
基层工作经历：无限制
考试类别：市（地）级及以下直属机构综合管理类
备注：1.报名时请在专业栏中同时填写专业名称和专业代码；2.限应届高校毕业生报考，请在备注栏中注明本人具有应届高校毕业生身份。","http://bm.scs.gov.cn/kl2026#132107-300147227001","2025-10-14","{""dataset_year"":2026,""job_uid"":""GOV-2026-132107-300147227001"",""publisher"":""国家公务员局"",""publication_page"":""http://bm.scs.gov.cn/kl2026"",""attachment_url"":""local://2026_guokao_zhaokaojianzhang.zip"",""local_source_file"":""中央机关及其直属机构2026年度考试录用公务员招考简章.xls"",""local_source_sha256"":""2670bae1df1dd07a3a3c79b9db46a11e3bb15a6c9c249e6af98bfd0b61ce3aaf"",""source_sheet"":""中央国家行政机关省级以下直属机构"",""filter_version"":""government_tech_v2"",""tech_filter"":{""is_tech"":true,""is_core_tech"":true,""scope"":""core"",""categories"":[""computer_software"",""cybersecurity_cryptography""],""matched_fields"":[""major"",""description""],""major_terms"":[""信息安全"",""大数据"",""计算机技术"",""计算机科学与技术"",""计算机类"",""软件工程""],""role_terms"":[""信息科技"",""信息系统"",""软硬件""],""reason"":""tech_major_and_role""},""original"":{""部门代码"":""132107"",""部门名称"":""国家金融监督管理总局吉林监管局"",""用人司局"":""国家金融监督管理总局集安监管支局"",""机构性质"":""中央国家行政机关省级以下直属机构"",""招考职位"":""科技部门一级主任科员及以下"",""职位属性"":""金融监管计算机类职位"",""职位分布"":""西部地区和艰苦边远地区职位"",""职位简介"":""主要从事金融信息科技风险监管、电子设备软硬件管理及信息系统运行维护等工作。"",""职位代码"":""300147227001"",""机构层级"":""县（区）级及以下"",""考试类别"":""市（地）级及以下直属机构综合管理类"",""招考人数"":""1"",""专业"":""本科专业为计算机类（0809），或研究生专业为计算机科学与技术（0812或0775）、软件工程（0835或085405）、计算机技术（085404）、大数据技术与工程（085411）、网络与信息安全（085412）"",""学历"":""本科及以上"",""学位"":""与最高学历相对应的学位"",""政治面貌"":""不限"",""基层工作最低年限"":""无限制"",""服务基层项目工作经历"":""无限制"",""是否在面试阶段组织专业能力测试"":""否"",""面试人员比例"":""3:1"",""工作地点"":""吉林省通化市集安市"",""落户地点"":""吉林省通化市集安市"",""备注"":""1.报名时请在专业栏中同时填写专业名称和专业代码；2.限应届高校毕业生报考，请在备注栏中注明本人具有应届高校毕业生身份。"",""部门网站"":""http://www.nfra.gov.cn/"",""咨询电话1"":""0431-88579081"",""咨询电话2"":""0431-88579118"",""咨询电话3"":"""",""来源Sheet"":""中央国家行政机关省级以下直属机构""}}"
"government_jobs","国家公务员2026招考简章","公务员/事业单位技术岗位","黑龙江省哈尔滨市","2026-07-28T09:12:58.310295+00:00","科技部门一级主任科员及以下","国家金融监督管理总局黑龙江监管局","","黑龙江省哈尔滨市","公务员/事业单位;2026;computer_software;硕士研究生及以上;与最高学历相对应的学位;计算机科学与技术、软件工程;中央机关及其省级直属机构综合管理类","用人司局：国家金融监督管理总局黑龙江监管局
职位简介：主要从事金融信息科技风险监管、电子设备软硬件管理及信息系统运行维护等工作。
专业要求：计算机科学与技术、软件工程
学历要求：硕士研究生及以上
学位要求：与最高学历相对应的学位
政治面貌：不限
基层工作经历：二年
考试类别：中央机关及其省级直属机构综合管理类
备注：1.报名时请在专业栏中同时填写专业名称和专业代码；2.要求研究生学历大学英语六级成绩在425分及以上（雅思成绩在6.5分及以上、托福成绩在90分及以上、取得英语专业四级或专业八级合格证书亦可），请在外语水平栏注明已获得的英语等级证书及成绩；3.专业考试信息请参见《2026年度国家金融监督管理总局招考职位专业科目笔试考试大纲》。","http://bm.scs.gov.cn/kl2026#132108-300147230001","2025-10-14","{""dataset_year"":2026,""job_uid"":""GOV-2026-132108-300147230001"",""publisher"":""国家公务员局"",""publication_page"":""http://bm.scs.gov.cn/kl2026"",""attachment_url"":""local://2026_guokao_zhaokaojianzhang.zip"",""local_source_file"":""中央机关及其直属机构2026年度考试录用公务员招考简章.xls"",""local_source_sha256"":""2670bae1df1dd07a3a3c79b9db46a11e3bb15a6c9c249e6af98bfd0b61ce3aaf"",""source_sheet"":""中央国家行政机关省级以下直属机构"",""filter_version"":""government_tech_v2"",""tech_filter"":{""is_tech"":true,""is_core_tech"":true,""scope"":""core"",""categories"":[""computer_software""],""matched_fields"":[""major"",""description""],""major_terms"":[""计算机科学与技术"",""软件工程""],""role_terms"":[""信息科技"",""信息系统"",""软硬件""],""reason"":""tech_major_and_role""},""original"":{""部门代码"":""132108"",""部门名称"":""国家金融监督管理总局黑龙江监管局"",""用人司局"":""国家金融监督管理总局黑龙江监管局"",""机构性质"":""中央国家行政机关省级以下直属机构"",""招考职位"":""科技部门一级主任科员及以下"",""职位属性"":""金融监管计算机类职位"",""职位分布"":""其他职位"",""职位简介"":""主要从事金融信息科技风险监管、电子设备软硬件管理及信息系统运行维护等工作。"",""职位代码"":""300147230001"",""机构层级"":""省（副省）级"",""考试类别"":""中央机关及其省级直属机构综合管理类"",""招考人数"":""1"",""专业"":""计算机科学与技术、软件工程"",""学历"":""硕士研究生及以上"",""学位"":""与最高学历相对应的学位"",""政治面貌"":""不限"",""基层工作最低年限"":""二年"",""服务基层项目工作经历"":""无限制"",""是否在面试阶段组织专业能力测试"":""否"",""面试人员比例"":""4:1"",""工作地点"":""黑龙江省哈尔滨市"",""落户地点"":""黑龙江省哈尔滨市"",""备注"":""1.报名时请在专业栏中同时填写专业名称和专业代码；2.要求研究生学历大学英语六级成绩在425分及以上（雅思成绩在6.5分及以上、托福成绩在90分及以上、取得英语专业四级或专业八级合格证书亦可），请在外语水平栏注明已获得的英语等级证书及成绩；3.专业考试信息请参见《2026年度国家金融监督管理总局招考职位专业科目笔试考试大纲》。"",""部门网站"":""http://www.nfra.gov.cn/"",""咨询电话1"":""0451-53635475"",""咨询电话2"":"""",""咨询电话3"":"""",""来源Sheet"":""中央国家行政机关省级以下直属机构""}}"
"government_jobs","国家公务员2026招考简章","公务员/事业单位技术岗位","黑龙江省佳木斯市","2026-07-28T09:12:58.310295+00:00","科技部门一级主任科员及以下","国家金融监督管理总局黑龙江监管局","","黑龙江省佳木斯市","公务员/事业单位;2026;computer_software;cybersecurity_cryptography;仅限本科;学士;计算机科学与技术、软件工程、网络工程、信息安全、数字媒体技术、智能科学与技术、数据科学与大数据技术、新媒体技术;市（地）级及以下直属机构综合管理类","用人司局：国家金融监督管理总局佳木斯监管分局
职位简介：主要从事金融信息科技风险监管、电子设备软硬件管理及信息系统运行维护等工作。
专业要求：计算机科学与技术、软件工程、网络工程、信息安全、数字媒体技术、智能科学与技术、数据科学与大数据技术、新媒体技术
学历要求：仅限本科
学位要求：学士
政治面貌：不限
基层工作经历：无限制
考试类别：市（地）级及以下直属机构综合管理类
备注：1.报名时请在专业栏中同时填写专业名称和专业代码；2.限应届高校毕业生报考，请在备注栏中注明本人具有应届高校毕业生身份；3.专业考试信息请参见《2026年度国家金融监督管理总局招考职位专业科目笔试考试大纲》。","http://bm.scs.gov.cn/kl2026#132108-300147232001","2025-10-14","{""dataset_year"":2026,""job_uid"":""GOV-2026-132108-300147232001"",""publisher"":""国家公务员局"",""publication_page"":""http://bm.scs.gov.cn/kl2026"",""attachment_url"":""local://2026_guokao_zhaokaojianzhang.zip"",""local_source_file"":""中央机关及其直属机构2026年度考试录用公务员招考简章.xls"",""local_source_sha256"":""2670bae1df1dd07a3a3c79b9db46a11e3bb15a6c9c249e6af98bfd0b61ce3aaf"",""source_sheet"":""中央国家行政机关省级以下直属机构"",""filter_version"":""government_tech_v2"",""tech_filter"":{""is_tech"":true,""is_core_tech"":true,""scope"":""core"",""categories"":[""computer_software"",""cybersecurity_cryptography""],""matched_fields"":[""major"",""description""],""major_terms"":[""信息安全"",""大数据"",""数字媒体技术"",""数据科学与大数据技术"",""智能科学与技术"",""网络工程"",""计算机科学与技术"",""软件工程""],""role_terms"":[""信息科技"",""信息系统"",""软硬件""],""reason"":""tech_major_and_role""},""original"":{""部门代码"":""132108"",""部门名称"":""国家金融监督管理总局黑龙江监管局"",""用人司局"":""国家金融监督管理总局佳木斯监管分局"",""机构性质"":""中央国家行政机关省级以下直属机构"",""招考职位"":""科技部门一级主任科员及以下"",""职位属性"":""金融监管计算机类职位"",""职位分布"":""西部地区和艰苦边远地区职位"",""职位简介"":""主要从事金融信息科技风险监管、电子设备软硬件管理及信息系统运行维护等工作。"",""职位代码"":""300147232001"",""机构层级"":""市（地）级"",""考试类别"":""市（地）级及以下直属机构综合管理类"",""招考人数"":""2"",""专业"":""计算机科学与技术、软件工程、网络工程、信息安全、数字媒体技术、智能科学与技术、数据科学与大数据技术、新媒体技术"",""学历"":""仅限本科"",""学位"":""学士"",""政治面貌"":""不限"",""基层工作最低年限"":""无限制"",""服务基层项目工作经历"":""无限制"",""是否在面试阶段组织专业能力测试"":""否"",""面试人员比例"":""3:1"",""工作地点"":""黑龙江省佳木斯市"",""落户地点"":""黑龙江省佳木斯市"",""备注"":""1.报名时请在专业栏中同时填写专业名称和专业代码；2.限应届高校毕业生报考，请在备注栏中注明本人具有应届高校毕业生身份；3.专业考试信息请参见《2026年度国家金融监督管理总局招考职位专业科目笔试考试大纲》。"",""部门网站"":""http://www.nfra.gov.cn/"",""咨询电话1"":""0451-53635475"",""咨询电话2"":"""",""咨询电话3"":"""",""来源Sheet"":""中央国家行政机关省级以下直属机构""}}"
"government_jobs","国家公务员2026招考简章","公务员/事业单位技术岗位","黑龙江省大庆市","2026-07-28T09:12:58.310295+00:00","科技部门一级主任科员及以下","国家金融监督管理总局黑龙江监管局","","黑龙江省大庆市","公务员/事业单位;2026;computer_software;cybersecurity_cryptography;仅限本科;学士;计算机科学与技术、软件工程、网络工程、信息安全、数字媒体技术、智能科学与技术、数据科学与大数据技术、新媒体技术;市（地）级及以下直属机构综合管理类","用人司局：国家金融监督管理总局大庆监管分局
职位简介：主要从事金融信息科技风险监管、电子设备软硬件管理及信息系统运行维护等工作。
专业要求：计算机科学与技术、软件工程、网络工程、信息安全、数字媒体技术、智能科学与技术、数据科学与大数据技术、新媒体技术
学历要求：仅限本科
学位要求：学士
政治面貌：中共党员
基层工作经历：无限制
考试类别：市（地）级及以下直属机构综合管理类
备注：1.报名时请在专业栏中同时填写专业名称和专业代码；2.限应届高校毕业生报考，请在备注栏中注明本人具有应届高校毕业生身份；3.专业考试信息请参见《2026年度国家金融监督管理总局招考职位专业科目笔试考试大纲》。","http://bm.scs.gov.cn/kl2026#132108-300147233001","2025-10-14","{""dataset_year"":2026,""job_uid"":""GOV-2026-132108-300147233001"",""publisher"":""国家公务员局"",""publication_page"":""http://bm.scs.gov.cn/kl2026"",""attachment_url"":""local://2026_guokao_zhaokaojianzhang.zip"",""local_source_file"":""中央机关及其直属机构2026年度考试录用公务员招考简章.xls"",""local_source_sha256"":""2670bae1df1dd07a3a3c79b9db46a11e3bb15a6c9c249e6af98bfd0b61ce3aaf"",""source_sheet"":""中央国家行政机关省级以下直属机构"",""filter_version"":""government_tech_v2"",""tech_filter"":{""is_tech"":true,""is_core_tech"":true,""scope"":""core"",""categories"":[""computer_software"",""cybersecurity_cryptography""],""matched_fields"":[""major"",""description""],""major_terms"":[""信息安全"",""大数据"",""数字媒体技术"",""数据科学与大数据技术"",""智能科学与技术"",""网络工程"",""计算机科学与技术"",""软件工程""],""role_terms"":[""信息科技"",""信息系统"",""软硬件""],""reason"":""tech_major_and_role""},""original"":{""部门代码"":""132108"",""部门名称"":""国家金融监督管理总局黑龙江监管局"",""用人司局"":""国家金融监督管理总局大庆监管分局"",""机构性质"":""中央国家行政机关省级以下直属机构"",""招考职位"":""科技部门一级主任科员及以下"",""职位属性"":""金融监管计算机类职位"",""职位分布"":""西部地区和艰苦边远地区职位"",""职位简介"":""主要从事金融信息科技风险监管、电子设备软硬件管理及信息系统运行维护等工作。"",""职位代码"":""300147233001"",""机构层级"":""市（地）级"",""考试类别"":""市（地）级及以下直属机构综合管理类"",""招考人数"":""1"",""专业"":""计算机科学与技术、软件工程、网络工程、信息安全、数字媒体技术、智能科学与技术、数据科学与大数据技术、新媒体技术"",""学历"":""仅限本科"",""学位"":""学士"",""政治面貌"":""中共党员"",""基层工作最低年限"":""无限制"",""服务基层项目工作经历"":""无限制"",""是否在面试阶段组织专业能力测试"":""否"",""面试人员比例"":""3:1"",""工作地点"":""黑龙江省大庆市"",""落户地点"":""黑龙江省大庆市"",""备注"":""1.报名时请在专业栏中同时填写专业名称和专业代码；2.限应届高校毕业生报考，请在备注栏中注明本人具有应届高校毕业生身份；3.专业考试信息请参见《2026年度国家金融监督管理总局招考职位专业科目笔试考试大纲》。"",""部门网站"":""http://www.nfra.gov.cn/"",""咨询电话1"":""0451-53635475"",""咨询电话2"":"""",""咨询电话3"":"""",""来源Sheet"":""中央国家行政机关省级以下直属机构""}}"
"government_jobs","国家公务员2026招考简章","公务员/事业单位技术岗位","黑龙江省大庆市","2026-07-28T09:12:58.310295+00:00","科技部门一级主任科员及以下","国家金融监督管理总局黑龙江监管局","","黑龙江省大庆市","公务员/事业单位;2026;computer_software;cybersecurity_cryptography;仅限本科;学士;计算机科学与技术、软件工程、网络工程、信息安全、数字媒体技术、智能科学与技术、数据科学与大数据技术、新媒体技术;市（地）级及以下直属机构综合管理类","用人司局：国家金融监督管理总局大庆监管分局
职位简介：主要从事金融信息科技风险监管、电子设备软硬件管理及信息系统运行维护等工作。
专业要求：计算机科学与技术、软件工程、网络工程、信息安全、数字媒体技术、智能科学与技术、数据科学与大数据技术、新媒体技术
学历要求：仅限本科
学位要求：学士
政治面貌：不限
基层工作经历：二年
考试类别：市（地）级及以下直属机构综合管理类
备注：1.报名时请在专业栏中同时填写专业名称和专业代码；2.限大学生村官、农村义务教育阶段学校教师特设岗位计划、“三支一扶”计划、大学生志愿服务西部计划、在军队服役5年（含）以上的高校毕业生退役士兵人员报考，请在简历栏中注明相关经历；3.专业考试信息请参见《2026年度国家金融监督管理总局招考职位专业科目笔试考试大纲》。","http://bm.scs.gov.cn/kl2026#132108-300147233002","2025-10-14","{""dataset_year"":2026,""job_uid"":""GOV-2026-132108-300147233002"",""publisher"":""国家公务员局"",""publication_page"":""http://bm.scs.gov.cn/kl2026"",""attachment_url"":""local://2026_guokao_zhaokaojianzhang.zip"",""local_source_file"":""中央机关及其直属机构2026年度考试录用公务员招考简章.xls"",""local_source_sha256"":""2670bae1df1dd07a3a3c79b9db46a11e3bb15a6c9c249e6af98bfd0b61ce3aaf"",""source_sheet"":""中央国家行政机关省级以下直属机构"",""filter_version"":""government_tech_v2"",""tech_filter"":{""is_tech"":true,""is_core_tech"":true,""scope"":""core"",""categories"":[""computer_software"",""cybersecurity_cryptography""],""matched_fields"":[""major"",""description""],""major_terms"":[""信息安全"",""大数据"",""数字媒体技术"",""数据科学与大数据技术"",""智能科学与技术"",""网络工程"",""计算机科学与技术"",""软件工程""],""role_terms"":[""信息科技"",""信息系统"",""软硬件""],""reason"":""tech_major_and_role""},""original"":{""部门代码"":""132108"",""部门名称"":""国家金融监督管理总局黑龙江监管局"",""用人司局"":""国家金融监督管理总局大庆监管分局"",""机构性质"":""中央国家行政机关省级以下直属机构"",""招考职位"":""科技部门一级主任科员及以下"",""职位属性"":""金融监管计算机类职位"",""职位分布"":""西部地区和艰苦边远地区职位"",""职位简介"":""主要从事金融信息科技风险监管、电子设备软硬件管理及信息系统运行维护等工作。"",""职位代码"":""300147233002"",""机构层级"":""市（地）级"",""考试类别"":""市（地）级及以下直属机构综合管理类"",""招考人数"":""1"",""专业"":""计算机科学与技术、软件工程、网络工程、信息安全、数字媒体技术、智能科学与技术、数据科学与大数据技术、新媒体技术"",""学历"":""仅限本科"",""学位"":""学士"",""政治面貌"":""不限"",""基层工作最低年限"":""二年"",""服务基层项目工作经历"":""大学生村官、农村义务教育阶段学校教师特设岗位计划、“三支一扶”计划、大学生志愿服务西部计划、在军队服役5年（含）以上的高校毕业生退役士兵"",""是否在面试阶段组织专业能力测试"":""否"",""面试人员比例"":""3:1"",""工作地点"":""黑龙江省大庆市"",""落户地点"":""黑龙江省大庆市"",""备注"":""1.报名时请在专业栏中同时填写专业名称和专业代码；2.限大学生村官、农村义务教育阶段学校教师特设岗位计划、“三支一扶”计划、大学生志愿服务西部计划、在军队服役5年（含）以上的高校毕业生退役士兵人员报考，请在简历栏中注明相关经历；3.专业考试信息请参见《2026年度国家金融监督管理总局招考职位专业科目笔试考试大纲》。"",""部门网站"":""http://www.nfra.gov.cn/"",""咨询电话1"":""0451-53635475"",""咨询电话2"":"""",""咨询电话3"":"""",""来源Sheet"":""中央国家行政机关省级以下直属机构""}}"
"government_jobs","国家公务员2026招考简章","公务员/事业单位技术岗位","黑龙江省绥化市","2026-07-28T09:12:58.310295+00:00","科技部门一级主任科员及以下","国家金融监督管理总局黑龙江监管局","","黑龙江省绥化市","公务员/事业单位;2026;computer_software;cybersecurity_cryptography;仅限本科;学士;计算机科学与技术、软件工程、网络工程、信息安全、数字媒体技术、智能科学与技术、数据科学与大数据技术、新媒体技术;市（地）级及以下直属机构综合管理类","用人司局：国家金融监督管理总局绥化监管分局
职位简介：主要从事金融信息科技风险监管、电子设备软硬件管理及信息系统运行维护等工作。
专业要求：计算机科学与技术、软件工程、网络工程、信息安全、数字媒体技术、智能科学与技术、数据科学与大数据技术、新媒体技术
学历要求：仅限本科
学位要求：学士
政治面貌：不限
基层工作经历：无限制
考试类别：市（地）级及以下直属机构综合管理类
备注：1.报名时请在专业栏中同时填写专业名称和专业代码；2.专业考试信息请参见《2026年度国家金融监督管理总局招考职位专业科目笔试考试大纲》。","http://bm.scs.gov.cn/kl2026#132108-300147234001","2025-10-14","{""dataset_year"":2026,""job_uid"":""GOV-2026-132108-300147234001"",""publisher"":""国家公务员局"",""publication_page"":""http://bm.scs.gov.cn/kl2026"",""attachment_url"":""local://2026_guokao_zhaokaojianzhang.zip"",""local_source_file"":""中央机关及其直属机构2026年度考试录用公务员招考简章.xls"",""local_source_sha256"":""2670bae1df1dd07a3a3c79b9db46a11e3bb15a6c9c249e6af98bfd0b61ce3aaf"",""source_sheet"":""中央国家行政机关省级以下直属机构"",""filter_version"":""government_tech_v2"",""tech_filter"":{""is_tech"":true,""is_core_tech"":true,""scope"":""core"",""categories"":[""computer_software"",""cybersecurity_cryptography""],""matched_fields"":[""major"",""description""],""major_terms"":[""信息安全"",""大数据"",""数字媒体技术"",""数据科学与大数据技术"",""智能科学与技术"",""网络工程"",""计算机科学与技术"",""软件工程""],""role_terms"":[""信息科技"",""信息系统"",""软硬件""],""reason"":""tech_major_and_role""},""original"":{""部门代码"":""132108"",""部门名称"":""国家金融监督管理总局黑龙江监管局"",""用人司局"":""国家金融监督管理总局绥化监管分局"",""机构性质"":""中央国家行政机关省级以下直属机构"",""招考职位"":""科技部门一级主任科员及以下"",""职位属性"":""金融监管计算机类职位"",""职位分布"":""西部地区和艰苦边远地区职位"",""职位简介"":""主要从事金融信息科技风险监管、电子设备软硬件管理及信息系统运行维护等工作。"",""职位代码"":""300147234001"",""机构层级"":""市（地）级"",""考试类别"":""市（地）级及以下直属机构综合管理类"",""招考人数"":""1"",""专业"":""计算机科学与技术、软件工程、网络工程、信息安全、数字媒体技术、智能科学与技术、数据科学与大数据技术、新媒体技术"",""学历"":""仅限本科"",""学位"":""学士"",""政治面貌"":""不限"",""基层工作最低年限"":""无限制"",""服务基层项目工作经历"":""无限制"",""是否在面试阶段组织专业能力测试"":""否"",""面试人员比例"":""3:1"",""工作地点"":""黑龙江省绥化市"",""落户地点"":""黑龙江省绥化市"",""备注"":""1.报名时请在专业栏中同时填写专业名称和专业代码；2.专业考试信息请参见《2026年度国家金融监督管理总局招考职位专业科目笔试考试大纲》。"",""部门网站"":""http://www.nfra.gov.cn/"",""咨询电话1"":""0451-53635475"",""咨询电话2"":"""",""咨询电话3"":"""",""来源Sheet"":""中央国家行政机关省级以下直属机构""}}"
"government_jobs","国家公务员2026招考简章","公务员/事业单位技术岗位","黑龙江省鸡西市","2026-07-28T09:12:58.310295+00:00","科技部门一级主任科员及以下","国家金融监督管理总局黑龙江监管局","","黑龙江省鸡西市","公务员/事业单位;2026;computer_software;cybersecurity_cryptography;仅限本科;学士;计算机科学与技术、软件工程、网络工程、信息安全、数字媒体技术、智能科学与技术、数据科学与大数据技术、新媒体技术;市（地）级及以下直属机构综合管理类","用人司局：国家金融监督管理总局鸡西监管分局
职位简介：主要从事金融信息科技风险监管、电子设备软硬件管理及信息系统运行维护等工作。
专业要求：计算机科学与技术、软件工程、网络工程、信息安全、数字媒体技术、智能科学与技术、数据科学与大数据技术、新媒体技术
学历要求：仅限本科
学位要求：学士
政治面貌：不限
基层工作经历：无限制
考试类别：市（地）级及以下直属机构综合管理类
备注：1.报名时请在专业栏中同时填写专业名称和专业代码；2.专业考试信息请参见《2026年度国家金融监督管理总局招考职位专业科目笔试考试大纲》。","http://bm.scs.gov.cn/kl2026#132108-300147235001","2025-10-14","{""dataset_year"":2026,""job_uid"":""GOV-2026-132108-300147235001"",""publisher"":""国家公务员局"",""publication_page"":""http://bm.scs.gov.cn/kl2026"",""attachment_url"":""local://2026_guokao_zhaokaojianzhang.zip"",""local_source_file"":""中央机关及其直属机构2026年度考试录用公务员招考简章.xls"",""local_source_sha256"":""2670bae1df1dd07a3a3c79b9db46a11e3bb15a6c9c249e6af98bfd0b61ce3aaf"",""source_sheet"":""中央国家行政机关省级以下直属机构"",""filter_version"":""government_tech_v2"",""tech_filter"":{""is_tech"":true,""is_core_tech"":true,""scope"":""core"",""categories"":[""computer_software"",""cybersecurity_cryptography""],""matched_fields"":[""major"",""description""],""major_terms"":[""信息安全"",""大数据"",""数字媒体技术"",""数据科学与大数据技术"",""智能科学与技术"",""网络工程"",""计算机科学与技术"",""软件工程""],""role_terms"":[""信息科技"",""信息系统"",""软硬件""],""reason"":""tech_major_and_role""},""original"":{""部门代码"":""132108"",""部门名称"":""国家金融监督管理总局黑龙江监管局"",""用人司局"":""国家金融监督管理总局鸡西监管分局"",""机构性质"":""中央国家行政机关省级以下直属机构"",""招考职位"":""科技部门一级主任科员及以下"",""职位属性"":""金融监管计算机类职位"",""职位分布"":""西部地区和艰苦边远地区职位"",""职位简介"":""主要从事金融信息科技风险监管、电子设备软硬件管理及信息系统运行维护等工作。"",""职位代码"":""300147235001"",""机构层级"":""市（地）级"",""考试类别"":""市（地）级及以下直属机构综合管理类"",""招考人数"":""2"",""专业"":""计算机科学与技术、软件工程、网络工程、信息安全、数字媒体技术、智能科学与技术、数据科学与大数据技术、新媒体技术"",""学历"":""仅限本科"",""学位"":""学士"",""政治面貌"":""不限"",""基层工作最低年限"":""无限制"",""服务基层项目工作经历"":""无限制"",""是否在面试阶段组织专业能力测试"":""否"",""面试人员比例"":""3:1"",""工作地点"":""黑龙江省鸡西市"",""落户地点"":""黑龙江省鸡西市"",""备注"":""1.报名时请在专业栏中同时填写专业名称和专业代码；2.专业考试信息请参见《2026年度国家金融监督管理总局招考职位专业科目笔试考试大纲》。"",""部门网站"":""http://www.nfra.gov.cn/"",""咨询电话1"":""0451-53635475"",""咨询电话2"":"""",""咨询电话3"":"""",""来源Sheet"":""中央国家行政机关省级以下直属机构""}}"
"government_jobs","国家公务员2026招考简章","公务员/事业单位技术岗位","黑龙江省双鸭山市","2026-07-28T09:12:58.310295+00:00","科技部门一级主任科员及以下","国家金融监督管理总局黑龙江监管局","","黑龙江省双鸭山市","公务员/事业单位;2026;computer_software;cybersecurity_cryptography;仅限本科;学士;计算机科学与技术、软件工程、网络工程、信息安全、数字媒体技术、智能科学与技术、数据科学与大数据技术、新媒体技术;市（地）级及以下直属机构综合管理类","用人司局：国家金融监督管理总局双鸭山监管分局
职位简介：主要从事金融信息科技风险监管、电子设备软硬件管理及信息系统运行维护等工作。
专业要求：计算机科学与技术、软件工程、网络工程、信息安全、数字媒体技术、智能科学与技术、数据科学与大数据技术、新媒体技术
学历要求：仅限本科
学位要求：学士
政治面貌：不限
基层工作经历：无限制
考试类别：市（地）级及以下直属机构综合管理类
备注：1.报名时请在专业栏中同时填写专业名称和专业代码；2.限应届高校毕业生报考，请在备注栏中注明本人具有应届高校毕业生身份；3.专业考试信息请参见《2026年度国家金融监督管理总局招考职位专业科目笔试考试大纲》。","http://bm.scs.gov.cn/kl2026#132108-300147236001","2025-10-14","{""dataset_year"":2026,""job_uid"":""GOV-2026-132108-300147236001"",""publisher"":""国家公务员局"",""publication_page"":""http://bm.scs.gov.cn/kl2026"",""attachment_url"":""local://2026_guokao_zhaokaojianzhang.zip"",""local_source_file"":""中央机关及其直属机构2026年度考试录用公务员招考简章.xls"",""local_source_sha256"":""2670bae1df1dd07a3a3c79b9db46a11e3bb15a6c9c249e6af98bfd0b61ce3aaf"",""source_sheet"":""中央国家行政机关省级以下直属机构"",""filter_version"":""government_tech_v2"",""tech_filter"":{""is_tech"":true,""is_core_tech"":true,""scope"":""core"",""categories"":[""computer_software"",""cybersecurity_cryptography""],""matched_fields"":[""major"",""description""],""major_terms"":[""信息安全"",""大数据"",""数字媒体技术"",""数据科学与大数据技术"",""智能科学与技术"",""网络工程"",""计算机科学与技术"",""软件工程""],""role_terms"":[""信息科技"",""信息系统"",""软硬件""],""reason"":""tech_major_and_role""},""original"":{""部门代码"":""132108"",""部门名称"":""国家金融监督管理总局黑龙江监管局"",""用人司局"":""国家金融监督管理总局双鸭山监管分局"",""机构性质"":""中央国家行政机关省级以下直属机构"",""招考职位"":""科技部门一级主任科员及以下"",""职位属性"":""金融监管计算机类职位"",""职位分布"":""西部地区和艰苦边远地区职位"",""职位简介"":""主要从事金融信息科技风险监管、电子设备软硬件管理及信息系统运行维护等工作。"",""职位代码"":""300147236001"",""机构层级"":""市（地）级"",""考试类别"":""市（地）级及以下直属机构综合管理类"",""招考人数"":""1"",""专业"":""计算机科学与技术、软件工程、网络工程、信息安全、数字媒体技术、智能科学与技术、数据科学与大数据技术、新媒体技术"",""学历"":""仅限本科"",""学位"":""学士"",""政治面貌"":""不限"",""基层工作最低年限"":""无限制"",""服务基层项目工作经历"":""无限制"",""是否在面试阶段组织专业能力测试"":""否"",""面试人员比例"":""3:1"",""工作地点"":""黑龙江省双鸭山市"",""落户地点"":""黑龙江省双鸭山市"",""备注"":""1.报名时请在专业栏中同时填写专业名称和专业代码；2.限应届高校毕业生报考，请在备注栏中注明本人具有应届高校毕业生身份；3.专业考试信息请参见《2026年度国家金融监督管理总局招考职位专业科目笔试考试大纲》。"",""部门网站"":""http://www.nfra.gov.cn/"",""咨询电话1"":""0451-53635475"",""咨询电话2"":"""",""咨询电话3"":"""",""来源Sheet"":""中央国家行政机关省级以下直属机构""}}"
"government_jobs","国家公务员2026招考简章","公务员/事业单位技术岗位","黑龙江省双鸭山市","2026-07-28T09:12:58.310295+00:00","科技部门一级主任科员及以下","国家金融监督管理总局黑龙江监管局","","黑龙江省双鸭山市","公务员/事业单位;2026;computer_software;cybersecurity_cryptography;仅限本科;学士;计算机科学与技术、软件工程、网络工程、信息安全、数字媒体技术、智能科学与技术、数据科学与大数据技术、新媒体技术;市（地）级及以下直属机构综合管理类","用人司局：国家金融监督管理总局双鸭山监管分局
职位简介：主要从事金融信息科技风险监管、电子设备软硬件管理及信息系统运行维护等工作。
专业要求：计算机科学与技术、软件工程、网络工程、信息安全、数字媒体技术、智能科学与技术、数据科学与大数据技术、新媒体技术
学历要求：仅限本科
学位要求：学士
政治面貌：不限
基层工作经历：无限制
考试类别：市（地）级及以下直属机构综合管理类
备注：1.报名时请在专业栏中同时填写专业名称和专业代码；2.专业考试信息请参见《2026年度国家金融监督管理总局招考职位专业科目笔试考试大纲》。","http://bm.scs.gov.cn/kl2026#132108-300147236002","2025-10-14","{""dataset_year"":2026,""job_uid"":""GOV-2026-132108-300147236002"",""publisher"":""国家公务员局"",""publication_page"":""http://bm.scs.gov.cn/kl2026"",""attachment_url"":""local://2026_guokao_zhaokaojianzhang.zip"",""local_source_file"":""中央机关及其直属机构2026年度考试录用公务员招考简章.xls"",""local_source_sha256"":""2670bae1df1dd07a3a3c79b9db46a11e3bb15a6c9c249e6af98bfd0b61ce3aaf"",""source_sheet"":""中央国家行政机关省级以下直属机构"",""filter_version"":""government_tech_v2"",""tech_filter"":{""is_tech"":true,""is_core_tech"":true,""scope"":""core"",""categories"":[""computer_software"",""cybersecurity_cryptography""],""matched_fields"":[""major"",""description""],""major_terms"":[""信息安全"",""大数据"",""数字媒体技术"",""数据科学与大数据技术"",""智能科学与技术"",""网络工程"",""计算机科学与技术"",""软件工程""],""role_terms"":[""信息科技"",""信息系统"",""软硬件""],""reason"":""tech_major_and_role""},""original"":{""部门代码"":""132108"",""部门名称"":""国家金融监督管理总局黑龙江监管局"",""用人司局"":""国家金融监督管理总局双鸭山监管分局"",""机构性质"":""中央国家行政机关省级以下直属机构"",""招考职位"":""科技部门一级主任科员及以下"",""职位属性"":""金融监管计算机类职位"",""职位分布"":""西部地区和艰苦边远地区职位"",""职位简介"":""主要从事金融信息科技风险监管、电子设备软硬件管理及信息系统运行维护等工作。"",""职位代码"":""300147236002"",""机构层级"":""市（地）级"",""考试类别"":""市（地）级及以下直属机构综合管理类"",""招考人数"":""1"",""专业"":""计算机科学与技术、软件工程、网络工程、信息安全、数字媒体技术、智能科学与技术、数据科学与大数据技术、新媒体技术"",""学历"":""仅限本科"",""学位"":""学士"",""政治面貌"":""不限"",""基层工作最低年限"":""无限制"",""服务基层项目工作经历"":""无限制"",""是否在面试阶段组织专业能力测试"":""否"",""面试人员比例"":""3:1"",""工作地点"":""黑龙江省双鸭山市"",""落户地点"":""黑龙江省双鸭山市"",""备注"":""1.报名时请在专业栏中同时填写专业名称和专业代码；2.专业考试信息请参见《2026年度国家金融监督管理总局招考职位专业科目笔试考试大纲》。"",""部门网站"":""http://www.nfra.gov.cn/"",""咨询电话1"":""0451-53635475"",""咨询电话2"":"""",""咨询电话3"":"""",""来源Sheet"":""中央国家行政机关省级以下直属机构""}}"
"government_jobs","国家公务员2026招考简章","公务员/事业单位技术岗位","黑龙江省伊春市","2026-07-28T09:12:58.310295+00:00","科技部门一级主任科员及以下","国家金融监督管理总局黑龙江监管局","","黑龙江省伊春市","公务员/事业单位;2026;computer_software;cybersecurity_cryptography;仅限本科;学士;计算机科学与技术、软件工程、网络工程、信息安全、数字媒体技术、智能科学与技术、数据科学与大数据技术、新媒体技术;市（地）级及以下直属机构综合管理类","用人司局：国家金融监督管理总局伊春监管分局
职位简介：主要从事金融信息科技风险监管、电子设备软硬件管理及信息系统运行维护等工作。
专业要求：计算机科学与技术、软件工程、网络工程、信息安全、数字媒体技术、智能科学与技术、数据科学与大数据技术、新媒体技术
学历要求：仅限本科
学位要求：学士
政治面貌：不限
基层工作经历：无限制
考试类别：市（地）级及以下直属机构综合管理类
备注：1.报名时请在专业栏中同时填写专业名称和专业代码；2.专业考试信息请参见《2026年度国家金融监督管理总局招考职位专业科目笔试考试大纲》。","http://bm.scs.gov.cn/kl2026#132108-300147237001","2025-10-14","{""dataset_year"":2026,""job_uid"":""GOV-2026-132108-300147237001"",""publisher"":""国家公务员局"",""publication_page"":""http://bm.scs.gov.cn/kl2026"",""attachment_url"":""local://2026_guokao_zhaokaojianzhang.zip"",""local_source_file"":""中央机关及其直属机构2026年度考试录用公务员招考简章.xls"",""local_source_sha256"":""2670bae1df1dd07a3a3c79b9db46a11e3bb15a6c9c249e6af98bfd0b61ce3aaf"",""source_sheet"":""中央国家行政机关省级以下直属机构"",""filter_version"":""government_tech_v2"",""tech_filter"":{""is_tech"":true,""is_core_tech"":true,""scope"":""core"",""categories"":[""computer_software"",""cybersecurity_cryptography""],""matched_fields"":[""major"",""description""],""major_terms"":[""信息安全"",""大数据"",""数字媒体技术"",""数据科学与大数据技术"",""智能科学与技术"",""网络工程"",""计算机科学与技术"",""软件工程""],""role_terms"":[""信息科技"",""信息系统"",""软硬件""],""reason"":""tech_major_and_role""},""original"":{""部门代码"":""132108"",""部门名称"":""国家金融监督管理总局黑龙江监管局"",""用人司局"":""国家金融监督管理总局伊春监管分局"",""机构性质"":""中央国家行政机关省级以下直属机构"",""招考职位"":""科技部门一级主任科员及以下"",""职位属性"":""金融监管计算机类职位"",""职位分布"":""西部地区和艰苦边远地区职位"",""职位简介"":""主要从事金融信息科技风险监管、电子设备软硬件管理及信息系统运行维护等工作。"",""职位代码"":""300147237001"",""机构层级"":""市（地）级"",""考试类别"":""市（地）级及以下直属机构综合管理类"",""招考人数"":""1"",""专业"":""计算机科学与技术、软件工程、网络工程、信息安全、数字媒体技术、智能科学与技术、数据科学与大数据技术、新媒体技术"",""学历"":""仅限本科"",""学位"":""学士"",""政治面貌"":""不限"",""基层工作最低年限"":""无限制"",""服务基层项目工作经历"":""无限制"",""是否在面试阶段组织专业能力测试"":""否"",""面试人员比例"":""3:1"",""工作地点"":""黑龙江省伊春市"",""落户地点"":""黑龙江省伊春市"",""备注"":""1.报名时请在专业栏中同时填写专业名称和专业代码；2.专业考试信息请参见《2026年度国家金融监督管理总局招考职位专业科目笔试考试大纲》。"",""部门网站"":""http://www.nfra.gov.cn/"",""咨询电话1"":""0451-53635475"",""咨询电话2"":"""",""咨询电话3"":"""",""来源Sheet"":""中央国家行政机关省级以下直属机构""}}"
"government_jobs","国家公务员2026招考简章","公务员/事业单位技术岗位","黑龙江省七台河市","2026-07-28T09:12:58.310295+00:00","科技部门一级主任科员及以下","国家金融监督管理总局黑龙江监管局","","黑龙江省七台河市","公务员/事业单位;2026;computer_software;cybersecurity_cryptography;仅限本科;学士;计算机科学与技术、软件工程、网络工程、信息安全、数字媒体技术、智能科学与技术、数据科学与大数据技术、新媒体技术;市（地）级及以下直属机构综合管理类","用人司局：国家金融监督管理总局七台河监管分局
职位简介：主要从事金融信息科技风险监管、电子设备软硬件管理及信息系统运行维护等工作。
专业要求：计算机科学与技术、软件工程、网络工程、信息安全、数字媒体技术、智能科学与技术、数据科学与大数据技术、新媒体技术
学历要求：仅限本科
学位要求：学士
政治面貌：不限
基层工作经历：无限制
考试类别：市（地）级及以下直属机构综合管理类
备注：1.报名时请在专业栏中同时填写专业名称和专业代码；2.限应届高校毕业生报考，请在备注栏中注明本人具有应届高校毕业生身份；3.专业考试信息请参见《2026年度国家金融监督管理总局招考职位专业科目笔试考试大纲》。","http://bm.scs.gov.cn/kl2026#132108-300147238001","2025-10-14","{""dataset_year"":2026,""job_uid"":""GOV-2026-132108-300147238001"",""publisher"":""国家公务员局"",""publication_page"":""http://bm.scs.gov.cn/kl2026"",""attachment_url"":""local://2026_guokao_zhaokaojianzhang.zip"",""local_source_file"":""中央机关及其直属机构2026年度考试录用公务员招考简章.xls"",""local_source_sha256"":""2670bae1df1dd07a3a3c79b9db46a11e3bb15a6c9c249e6af98bfd0b61ce3aaf"",""source_sheet"":""中央国家行政机关省级以下直属机构"",""filter_version"":""government_tech_v2"",""tech_filter"":{""is_tech"":true,""is_core_tech"":true,""scope"":""core"",""categories"":[""computer_software"",""cybersecurity_cryptography""],""matched_fields"":[""major"",""description""],""major_terms"":[""信息安全"",""大数据"",""数字媒体技术"",""数据科学与大数据技术"",""智能科学与技术"",""网络工程"",""计算机科学与技术"",""软件工程""],""role_terms"":[""信息科技"",""信息系统"",""软硬件""],""reason"":""tech_major_and_role""},""original"":{""部门代码"":""132108"",""部门名称"":""国家金融监督管理总局黑龙江监管局"",""用人司局"":""国家金融监督管理总局七台河监管分局"",""机构性质"":""中央国家行政机关省级以下直属机构"",""招考职位"":""科技部门一级主任科员及以下"",""职位属性"":""金融监管计算机类职位"",""职位分布"":""西部地区和艰苦边远地区职位"",""职位简介"":""主要从事金融信息科技风险监管、电子设备软硬件管理及信息系统运行维护等工作。"",""职位代码"":""300147238001"",""机构层级"":""市（地）级"",""考试类别"":""市（地）级及以下直属机构综合管理类"",""招考人数"":""1"",""专业"":""计算机科学与技术、软件工程、网络工程、信息安全、数字媒体技术、智能科学与技术、数据科学与大数据技术、新媒体技术"",""学历"":""仅限本科"",""学位"":""学士"",""政治面貌"":""不限"",""基层工作最低年限"":""无限制"",""服务基层项目工作经历"":""无限制"",""是否在面试阶段组织专业能力测试"":""否"",""面试人员比例"":""3:1"",""工作地点"":""黑龙江省七台河市"",""落户地点"":""黑龙江省七台河市"",""备注"":""1.报名时请在专业栏中同时填写专业名称和专业代码；2.限应届高校毕业生报考，请在备注栏中注明本人具有应届高校毕业生身份；3.专业考试信息请参见《2026年度国家金融监督管理总局招考职位专业科目笔试考试大纲》。"",""部门网站"":""http://www.nfra.gov.cn/"",""咨询电话1"":""0451-53635475"",""咨询电话2"":"""",""咨询电话3"":"""",""来源Sheet"":""中央国家行政机关省级以下直属机构""}}"
"government_jobs","国家公务员2026招考简章","公务员/事业单位技术岗位","黑龙江省黑河市","2026-07-28T09:12:58.310295+00:00","科技部门一级主任科员及以下","国家金融监督管理总局黑龙江监管局","","黑龙江省黑河市","公务员/事业单位;2026;computer_software;cybersecurity_cryptography;仅限本科;学士;计算机科学与技术、软件工程、网络工程、信息安全、数字媒体技术、智能科学与技术、数据科学与大数据技术、新媒体技术;市（地）级及以下直属机构综合管理类","用人司局：国家金融监督管理总局黑河监管分局
职位简介：主要从事金融信息科技风险监管、电子设备软硬件管理及信息系统运行维护等工作。
专业要求：计算机科学与技术、软件工程、网络工程、信息安全、数字媒体技术、智能科学与技术、数据科学与大数据技术、新媒体技术
学历要求：仅限本科
学位要求：学士
政治面貌：不限
基层工作经历：无限制
考试类别：市（地）级及以下直属机构综合管理类
备注：1.报名时请在专业栏中同时填写专业名称和专业代码；2.专业考试信息请参见《2026年度国家金融监督管理总局招考职位专业科目笔试考试大纲》。","http://bm.scs.gov.cn/kl2026#132108-300147240001","2025-10-14","{""dataset_year"":2026,""job_uid"":""GOV-2026-132108-300147240001"",""publisher"":""国家公务员局"",""publication_page"":""http://bm.scs.gov.cn/kl2026"",""attachment_url"":""local://2026_guokao_zhaokaojianzhang.zip"",""local_source_file"":""中央机关及其直属机构2026年度考试录用公务员招考简章.xls"",""local_source_sha256"":""2670bae1df1dd07a3a3c79b9db46a11e3bb15a6c9c249e6af98bfd0b61ce3aaf"",""source_sheet"":""中央国家行政机关省级以下直属机构"",""filter_version"":""government_tech_v2"",""tech_filter"":{""is_tech"":true,""is_core_tech"":true,""scope"":""core"",""categories"":[""computer_software"",""cybersecurity_cryptography""],""matched_fields"":[""major"",""description""],""major_terms"":[""信息安全"",""大数据"",""数字媒体技术"",""数据科学与大数据技术"",""智能科学与技术"",""网络工程"",""计算机科学与技术"",""软件工程""],""role_terms"":[""信息科技"",""信息系统"",""软硬件""],""reason"":""tech_major_and_role""},""original"":{""部门代码"":""132108"",""部门名称"":""国家金融监督管理总局黑龙江监管局"",""用人司局"":""国家金融监督管理总局黑河监管分局"",""机构性质"":""中央国家行政机关省级以下直属机构"",""招考职位"":""科技部门一级主任科员及以下"",""职位属性"":""金融监管计算机类职位"",""职位分布"":""西部地区和艰苦边远地区职位"",""职位简介"":""主要从事金融信息科技风险监管、电子设备软硬件管理及信息系统运行维护等工作。"",""职位代码"":""300147240001"",""机构层级"":""市（地）级"",""考试类别"":""市（地）级及以下直属机构综合管理类"",""招考人数"":""1"",""专业"":""计算机科学与技术、软件工程、网络工程、信息安全、数字媒体技术、智能科学与技术、数据科学与大数据技术、新媒体技术"",""学历"":""仅限本科"",""学位"":""学士"",""政治面貌"":""不限"",""基层工作最低年限"":""无限制"",""服务基层项目工作经历"":""无限制"",""是否在面试阶段组织专业能力测试"":""否"",""面试人员比例"":""3:1"",""工作地点"":""黑龙江省黑河市"",""落户地点"":""黑龙江省黑河市"",""备注"":""1.报名时请在专业栏中同时填写专业名称和专业代码；2.专业考试信息请参见《2026年度国家金融监督管理总局招考职位专业科目笔试考试大纲》。"",""部门网站"":""http://www.nfra.gov.cn/"",""咨询电话1"":""0451-53635475"",""咨询电话2"":"""",""咨询电话3"":"""",""来源Sheet"":""中央国家行政机关省级以下直属机构""}}"
"government_jobs","国家公务员2026招考简章","公务员/事业单位技术岗位","黑龙江省大兴安岭地区","2026-07-28T09:12:58.310295+00:00","科技部门一级主任科员及以下","国家金融监督管理总局黑龙江监管局","","黑龙江省大兴安岭地区","公务员/事业单位;2026;computer_software;cybersecurity_cryptography;仅限本科;学士;计算机科学与技术、软件工程、网络工程、信息安全、数字媒体技术、智能科学与技术、数据科学与大数据技术、新媒体技术;市（地）级及以下直属机构综合管理类","用人司局：国家金融监督管理总局大兴安岭监管分局
职位简介：主要从事金融信息科技风险监管、电子设备软硬件管理及信息系统运行维护等工作。
专业要求：计算机科学与技术、软件工程、网络工程、信息安全、数字媒体技术、智能科学与技术、数据科学与大数据技术、新媒体技术
学历要求：仅限本科
学位要求：学士
政治面貌：不限
基层工作经历：无限制
考试类别：市（地）级及以下直属机构综合管理类
备注：1.报名时请在专业栏中同时填写专业名称和专业代码；2.专业考试信息请参见《2026年度国家金融监督管理总局招考职位专业科目笔试考试大纲》。","http://bm.scs.gov.cn/kl2026#132108-300147241001","2025-10-14","{""dataset_year"":2026,""job_uid"":""GOV-2026-132108-300147241001"",""publisher"":""国家公务员局"",""publication_page"":""http://bm.scs.gov.cn/kl2026"",""attachment_url"":""local://2026_guokao_zhaokaojianzhang.zip"",""local_source_file"":""中央机关及其直属机构2026年度考试录用公务员招考简章.xls"",""local_source_sha256"":""2670bae1df1dd07a3a3c79b9db46a11e3bb15a6c9c249e6af98bfd0b61ce3aaf"",""source_sheet"":""中央国家行政机关省级以下直属机构"",""filter_version"":""government_tech_v2"",""tech_filter"":{""is_tech"":true,""is_core_tech"":true,""scope"":""core"",""categories"":[""computer_software"",""cybersecurity_cryptography""],""matched_fields"":[""major"",""description""],""major_terms"":[""信息安全"",""大数据"",""数字媒体技术"",""数据科学与大数据技术"",""智能科学与技术"",""网络工程"",""计算机科学与技术"",""软件工程""],""role_terms"":[""信息科技"",""信息系统"",""软硬件""],""reason"":""tech_major_and_role""},""original"":{""部门代码"":""132108"",""部门名称"":""国家金融监督管理总局黑龙江监管局"",""用人司局"":""国家金融监督管理总局大兴安岭监管分局"",""机构性质"":""中央国家行政机关省级以下直属机构"",""招考职位"":""科技部门一级主任科员及以下"",""职位属性"":""金融监管计算机类职位"",""职位分布"":""西部地区和艰苦边远地区职位"",""职位简介"":""主要从事金融信息科技风险监管、电子设备软硬件管理及信息系统运行维护等工作。"",""职位代码"":""300147241001"",""机构层级"":""市（地）级"",""考试类别"":""市（地）级及以下直属机构综合管理类"",""招考人数"":""2"",""专业"":""计算机科学与技术、软件工程、网络工程、信息安全、数字媒体技术、智能科学与技术、数据科学与大数据技术、新媒体技术"",""学历"":""仅限本科"",""学位"":""学士"",""政治面貌"":""不限"",""基层工作最低年限"":""无限制"",""服务基层项目工作经历"":""无限制"",""是否在面试阶段组织专业能力测试"":""否"",""面试人员比例"":""3:1"",""工作地点"":""黑龙江省大兴安岭地区"",""落户地点"":""黑龙江省大兴安岭地区"",""备注"":""1.报名时请在专业栏中同时填写专业名称和专业代码；2.专业考试信息请参见《2026年度国家金融监督管理总局招考职位专业科目笔试考试大纲》。"",""部门网站"":""http://www.nfra.gov.cn/"",""咨询电话1"":""0451-53635475"",""咨询电话2"":"""",""咨询电话3"":"""",""来源Sheet"":""中央国家行政机关省级以下直属机构""}}"
"government_jobs","国家公务员2026招考简章","公务员/事业单位技术岗位","黑龙江省哈尔滨市呼兰区","2026-07-28T09:12:58.310295+00:00","科技部门一级主任科员及以下","国家金融监督管理总局黑龙江监管局","","黑龙江省哈尔滨市呼兰区","公务员/事业单位;2026;computer_software;cybersecurity_cryptography;仅限本科;学士;计算机科学与技术、软件工程、网络工程、信息安全、数字媒体技术、智能科学与技术、数据科学与大数据技术、新媒体技术;市（地）级及以下直属机构综合管理类","用人司局：国家金融监督管理总局呼兰监管支局
职位简介：主要从事金融信息科技风险监管、电子设备软硬件管理及信息系统运行维护等工作。
专业要求：计算机科学与技术、软件工程、网络工程、信息安全、数字媒体技术、智能科学与技术、数据科学与大数据技术、新媒体技术
学历要求：仅限本科
学位要求：学士
政治面貌：不限
基层工作经历：无限制
考试类别：市（地）级及以下直属机构综合管理类
备注：1.报名时请在专业栏中同时填写专业名称和专业代码；2.专业考试信息请参见《2026年度国家金融监督管理总局招考职位专业科目笔试考试大纲》。","http://bm.scs.gov.cn/kl2026#132108-300147242001","2025-10-14","{""dataset_year"":2026,""job_uid"":""GOV-2026-132108-300147242001"",""publisher"":""国家公务员局"",""publication_page"":""http://bm.scs.gov.cn/kl2026"",""attachment_url"":""local://2026_guokao_zhaokaojianzhang.zip"",""local_source_file"":""中央机关及其直属机构2026年度考试录用公务员招考简章.xls"",""local_source_sha256"":""2670bae1df1dd07a3a3c79b9db46a11e3bb15a6c9c249e6af98bfd0b61ce3aaf"",""source_sheet"":""中央国家行政机关省级以下直属机构"",""filter_version"":""government_tech_v2"",""tech_filter"":{""is_tech"":true,""is_core_tech"":true,""scope"":""core"",""categories"":[""computer_software"",""cybersecurity_cryptography""],""matched_fields"":[""major"",""description""],""major_terms"":[""信息安全"",""大数据"",""数字媒体技术"",""数据科学与大数据技术"",""智能科学与技术"",""网络工程"",""计算机科学与技术"",""软件工程""],""role_terms"":[""信息科技"",""信息系统"",""软硬件""],""reason"":""tech_major_and_role""},""original"":{""部门代码"":""132108"",""部门名称"":""国家金融监督管理总局黑龙江监管局"",""用人司局"":""国家金融监督管理总局呼兰监管支局"",""机构性质"":""中央国家行政机关省级以下直属机构"",""招考职位"":""科技部门一级主任科员及以下"",""职位属性"":""金融监管计算机类职位"",""职位分布"":""西部地区和艰苦边远地区职位"",""职位简介"":""主要从事金融信息科技风险监管、电子设备软硬件管理及信息系统运行维护等工作。"",""职位代码"":""300147242001"",""机构层级"":""县（区）级及以下"",""考试类别"":""市（地）级及以下直属机构综合管理类"",""招考人数"":""1"",""专业"":""计算机科学与技术、软件工程、网络工程、信息安全、数字媒体技术、智能科学与技术、数据科学与大数据技术、新媒体技术"",""学历"":""仅限本科"",""学位"":""学士"",""政治面貌"":""不限"",""基层工作最低年限"":""无限制"",""服务基层项目工作经历"":""无限制"",""是否在面试阶段组织专业能力测试"":""否"",""面试人员比例"":""3:1"",""工作地点"":""黑龙江省哈尔滨市呼兰区"",""落户地点"":""黑龙江省哈尔滨市呼兰区"",""备注"":""1.报名时请在专业栏中同时填写专业名称和专业代码；2.专业考试信息请参见《2026年度国家金融监督管理总局招考职位专业科目笔试考试大纲》。"",""部门网站"":""http://www.nfra.gov.cn/"",""咨询电话1"":""0451-53635475"",""咨询电话2"":"""",""咨询电话3"":"""",""来源Sheet"":""中央国家行政机关省级以下直属机构""}}"
"government_jobs","国家公务员2026招考简章","公务员/事业单位技术岗位","黑龙江省哈尔滨市延寿县","2026-07-28T09:12:58.310295+00:00","科技部门一级主任科员及以下","国家金融监督管理总局黑龙江监管局","","黑龙江省哈尔滨市延寿县","公务员/事业单位;2026;computer_software;cybersecurity_cryptography;仅限本科;学士;计算机科学与技术、软件工程、网络工程、信息安全、数字媒体技术、智能科学与技术、数据科学与大数据技术、新媒体技术;市（地）级及以下直属机构综合管理类","用人司局：国家金融监督管理总局延寿监管支局
职位简介：主要从事金融信息科技风险监管、电子设备软硬件管理及信息系统运行维护等工作。
专业要求：计算机科学与技术、软件工程、网络工程、信息安全、数字媒体技术、智能科学与技术、数据科学与大数据技术、新媒体技术
学历要求：仅限本科
学位要求：学士
政治面貌：不限
基层工作经历：无限制
考试类别：市（地）级及以下直属机构综合管理类
备注：1.报名时请在专业栏中同时填写专业名称和专业代码；2.专业考试信息请参见《2026年度国家金融监督管理总局招考职位专业科目笔试考试大纲》。","http://bm.scs.gov.cn/kl2026#132108-300147246001","2025-10-14","{""dataset_year"":2026,""job_uid"":""GOV-2026-132108-300147246001"",""publisher"":""国家公务员局"",""publication_page"":""http://bm.scs.gov.cn/kl2026"",""attachment_url"":""local://2026_guokao_zhaokaojianzhang.zip"",""local_source_file"":""中央机关及其直属机构2026年度考试录用公务员招考简章.xls"",""local_source_sha256"":""2670bae1df1dd07a3a3c79b9db46a11e3bb15a6c9c249e6af98bfd0b61ce3aaf"",""source_sheet"":""中央国家行政机关省级以下直属机构"",""filter_version"":""government_tech_v2"",""tech_filter"":{""is_tech"":true,""is_core_tech"":true,""scope"":""core"",""categories"":[""computer_software"",""cybersecurity_cryptography""],""matched_fields"":[""major"",""description""],""major_terms"":[""信息安全"",""大数据"",""数字媒体技术"",""数据科学与大数据技术"",""智能科学与技术"",""网络工程"",""计算机科学与技术"",""软件工程""],""role_terms"":[""信息科技"",""信息系统"",""软硬件""],""reason"":""tech_major_and_role""},""original"":{""部门代码"":""132108"",""部门名称"":""国家金融监督管理总局黑龙江监管局"",""用人司局"":""国家金融监督管理总局延寿监管支局"",""机构性质"":""中央国家行政机关省级以下直属机构"",""招考职位"":""科技部门一级主任科员及以下"",""职位属性"":""金融监管计算机类职位"",""职位分布"":""西部地区和艰苦边远地区职位"",""职位简介"":""主要从事金融信息科技风险监管、电子设备软硬件管理及信息系统运行维护等工作。"",""职位代码"":""300147246001"",""机构层级"":""县（区）级及以下"",""考试类别"":""市（地）级及以下直属机构综合管理类"",""招考人数"":""1"",""专业"":""计算机科学与技术、软件工程、网络工程、信息安全、数字媒体技术、智能科学与技术、数据科学与大数据技术、新媒体技术"",""学历"":""仅限本科"",""学位"":""学士"",""政治面貌"":""不限"",""基层工作最低年限"":""无限制"",""服务基层项目工作经历"":""无限制"",""是否在面试阶段组织专业能力测试"":""否"",""面试人员比例"":""3:1"",""工作地点"":""黑龙江省哈尔滨市延寿县"",""落户地点"":""黑龙江省哈尔滨市延寿县"",""备注"":""1.报名时请在专业栏中同时填写专业名称和专业代码；2.专业考试信息请参见《2026年度国家金融监督管理总局招考职位专业科目笔试考试大纲》。"",""部门网站"":""http://www.nfra.gov.cn/"",""咨询电话1"":""0451-53635475"",""咨询电话2"":"""",""咨询电话3"":"""",""来源Sheet"":""中央国家行政机关省级以下直属机构""}}"
"government_jobs","国家公务员2026招考简章","公务员/事业单位技术岗位","黑龙江省齐齐哈尔市富裕县","2026-07-28T09:12:58.310295+00:00","科技部门一级主任科员及以下","国家金融监督管理总局黑龙江监管局","","黑龙江省齐齐哈尔市富裕县","公务员/事业单位;2026;computer_software;cybersecurity_cryptography;仅限本科;学士;计算机科学与技术、软件工程、网络工程、信息安全、数字媒体技术、智能科学与技术、数据科学与大数据技术、新媒体技术;市（地）级及以下直属机构综合管理类","用人司局：国家金融监督管理总局富裕监管支局
职位简介：主要从事金融信息科技风险监管、电子设备软硬件管理及信息系统运行维护等工作。
专业要求：计算机科学与技术、软件工程、网络工程、信息安全、数字媒体技术、智能科学与技术、数据科学与大数据技术、新媒体技术
学历要求：仅限本科
学位要求：学士
政治面貌：不限
基层工作经历：无限制
考试类别：市（地）级及以下直属机构综合管理类
备注：1.报名时请在专业栏中同时填写专业名称和专业代码；2.限应届高校毕业生报考，请在备注栏中注明本人具有应届高校毕业生身份；3.专业考试信息请参见《2026年度国家金融监督管理总局招考职位专业科目笔试考试大纲》。","http://bm.scs.gov.cn/kl2026#132108-300147251001","2025-10-14","{""dataset_year"":2026,""job_uid"":""GOV-2026-132108-300147251001"",""publisher"":""国家公务员局"",""publication_page"":""http://bm.scs.gov.cn/kl2026"",""attachment_url"":""local://2026_guokao_zhaokaojianzhang.zip"",""local_source_file"":""中央机关及其直属机构2026年度考试录用公务员招考简章.xls"",""local_source_sha256"":""2670bae1df1dd07a3a3c79b9db46a11e3bb15a6c9c249e6af98bfd0b61ce3aaf"",""source_sheet"":""中央国家行政机关省级以下直属机构"",""filter_version"":""government_tech_v2"",""tech_filter"":{""is_tech"":true,""is_core_tech"":true,""scope"":""core"",""categories"":[""computer_software"",""cybersecurity_cryptography""],""matched_fields"":[""major"",""description""],""major_terms"":[""信息安全"",""大数据"",""数字媒体技术"",""数据科学与大数据技术"",""智能科学与技术"",""网络工程"",""计算机科学与技术"",""软件工程""],""role_terms"":[""信息科技"",""信息系统"",""软硬件""],""reason"":""tech_major_and_role""},""original"":{""部门代码"":""132108"",""部门名称"":""国家金融监督管理总局黑龙江监管局"",""用人司局"":""国家金融监督管理总局富裕监管支局"",""机构性质"":""中央国家行政机关省级以下直属机构"",""招考职位"":""科技部门一级主任科员及以下"",""职位属性"":""金融监管计算机类职位"",""职位分布"":""西部地区和艰苦边远地区职位"",""职位简介"":""主要从事金融信息科技风险监管、电子设备软硬件管理及信息系统运行维护等工作。"",""职位代码"":""300147251001"",""机构层级"":""县（区）级及以下"",""考试类别"":""市（地）级及以下直属机构综合管理类"",""招考人数"":""1"",""专业"":""计算机科学与技术、软件工程、网络工程、信息安全、数字媒体技术、智能科学与技术、数据科学与大数据技术、新媒体技术"",""学历"":""仅限本科"",""学位"":""学士"",""政治面貌"":""不限"",""基层工作最低年限"":""无限制"",""服务基层项目工作经历"":""无限制"",""是否在面试阶段组织专业能力测试"":""否"",""面试人员比例"":""3:1"",""工作地点"":""黑龙江省齐齐哈尔市富裕县"",""落户地点"":""黑龙江省齐齐哈尔市富裕县"",""备注"":""1.报名时请在专业栏中同时填写专业名称和专业代码；2.限应届高校毕业生报考，请在备注栏中注明本人具有应届高校毕业生身份；3.专业考试信息请参见《2026年度国家金融监督管理总局招考职位专业科目笔试考试大纲》。"",""部门网站"":""http://www.nfra.gov.cn/"",""咨询电话1"":""0451-53635475"",""咨询电话2"":"""",""咨询电话3"":"""",""来源Sheet"":""中央国家行政机关省级以下直属机构""}}"
"government_jobs","国家公务员2026招考简章","公务员/事业单位技术岗位","黑龙江省牡丹江市林口县","2026-07-28T09:12:58.310295+00:00","科技部门一级主任科员及以下","国家金融监督管理总局黑龙江监管局","","黑龙江省牡丹江市林口县","公务员/事业单位;2026;computer_software;cybersecurity_cryptography;仅限本科;学士;计算机科学与技术、软件工程、网络工程、信息安全、数字媒体技术、智能科学与技术、数据科学与大数据技术、新媒体技术;市（地）级及以下直属机构综合管理类","用人司局：国家金融监督管理总局林口监管支局
职位简介：主要从事金融信息科技风险监管、电子设备软硬件管理及信息系统运行维护等工作。
专业要求：计算机科学与技术、软件工程、网络工程、信息安全、数字媒体技术、智能科学与技术、数据科学与大数据技术、新媒体技术
学历要求：仅限本科
学位要求：学士
政治面貌：不限
基层工作经历：无限制
考试类别：市（地）级及以下直属机构综合管理类
备注：1.报名时请在专业栏中同时填写专业名称和专业代码；2.专业考试信息请参见《2026年度国家金融监督管理总局招考职位专业科目笔试考试大纲》。","http://bm.scs.gov.cn/kl2026#132108-300147253001","2025-10-14","{""dataset_year"":2026,""job_uid"":""GOV-2026-132108-300147253001"",""publisher"":""国家公务员局"",""publication_page"":""http://bm.scs.gov.cn/kl2026"",""attachment_url"":""local://2026_guokao_zhaokaojianzhang.zip"",""local_source_file"":""中央机关及其直属机构2026年度考试录用公务员招考简章.xls"",""local_source_sha256"":""2670bae1df1dd07a3a3c79b9db46a11e3bb15a6c9c249e6af98bfd0b61ce3aaf"",""source_sheet"":""中央国家行政机关省级以下直属机构"",""filter_version"":""government_tech_v2"",""tech_filter"":{""is_tech"":true,""is_core_tech"":true,""scope"":""core"",""categories"":[""computer_software"",""cybersecurity_cryptography""],""matched_fields"":[""major"",""description""],""major_terms"":[""信息安全"",""大数据"",""数字媒体技术"",""数据科学与大数据技术"",""智能科学与技术"",""网络工程"",""计算机科学与技术"",""软件工程""],""role_terms"":[""信息科技"",""信息系统"",""软硬件""],""reason"":""tech_major_and_role""},""original"":{""部门代码"":""132108"",""部门名称"":""国家金融监督管理总局黑龙江监管局"",""用人司局"":""国家金融监督管理总局林口监管支局"",""机构性质"":""中央国家行政机关省级以下直属机构"",""招考职位"":""科技部门一级主任科员及以下"",""职位属性"":""金融监管计算机类职位"",""职位分布"":""西部地区和艰苦边远地区职位"",""职位简介"":""主要从事金融信息科技风险监管、电子设备软硬件管理及信息系统运行维护等工作。"",""职位代码"":""300147253001"",""机构层级"":""县（区）级及以下"",""考试类别"":""市（地）级及以下直属机构综合管理类"",""招考人数"":""1"",""专业"":""计算机科学与技术、软件工程、网络工程、信息安全、数字媒体技术、智能科学与技术、数据科学与大数据技术、新媒体技术"",""学历"":""仅限本科"",""学位"":""学士"",""政治面貌"":""不限"",""基层工作最低年限"":""无限制"",""服务基层项目工作经历"":""无限制"",""是否在面试阶段组织专业能力测试"":""否"",""面试人员比例"":""3:1"",""工作地点"":""黑龙江省牡丹江市林口县"",""落户地点"":""黑龙江省牡丹江市林口县"",""备注"":""1.报名时请在专业栏中同时填写专业名称和专业代码；2.专业考试信息请参见《2026年度国家金融监督管理总局招考职位专业科目笔试考试大纲》。"",""部门网站"":""http://www.nfra.gov.cn/"",""咨询电话1"":""0451-53635475"",""咨询电话2"":"""",""咨询电话3"":"""",""来源Sheet"":""中央国家行政机关省级以下直属机构""}}"
"government_jobs","国家公务员2026招考简章","公务员/事业单位技术岗位","黑龙江省大庆市肇州县","2026-07-28T09:12:58.310295+00:00","科技部门一级主任科员及以下","国家金融监督管理总局黑龙江监管局","","黑龙江省大庆市肇州县","公务员/事业单位;2026;computer_software;cybersecurity_cryptography;仅限本科;学士;计算机科学与技术、软件工程、网络工程、信息安全、数字媒体技术、智能科学与技术、数据科学与大数据技术、新媒体技术;市（地）级及以下直属机构综合管理类","用人司局：国家金融监督管理总局肇州监管支局
职位简介：主要从事金融信息科技风险监管、电子设备软硬件管理及信息系统运行维护等工作。
专业要求：计算机科学与技术、软件工程、网络工程、信息安全、数字媒体技术、智能科学与技术、数据科学与大数据技术、新媒体技术
学历要求：仅限本科
学位要求：学士
政治面貌：不限
基层工作经历：无限制
考试类别：市（地）级及以下直属机构综合管理类
备注：1.报名时请在专业栏中同时填写专业名称和专业代码；2.专业考试信息请参见《2026年度国家金融监督管理总局招考职位专业科目笔试考试大纲》。","http://bm.scs.gov.cn/kl2026#132108-300147256001","2025-10-14","{""dataset_year"":2026,""job_uid"":""GOV-2026-132108-300147256001"",""publisher"":""国家公务员局"",""publication_page"":""http://bm.scs.gov.cn/kl2026"",""attachment_url"":""local://2026_guokao_zhaokaojianzhang.zip"",""local_source_file"":""中央机关及其直属机构2026年度考试录用公务员招考简章.xls"",""local_source_sha256"":""2670bae1df1dd07a3a3c79b9db46a11e3bb15a6c9c249e6af98bfd0b61ce3aaf"",""source_sheet"":""中央国家行政机关省级以下直属机构"",""filter_version"":""government_tech_v2"",""tech_filter"":{""is_tech"":true,""is_core_tech"":true,""scope"":""core"",""categories"":[""computer_software"",""cybersecurity_cryptography""],""matched_fields"":[""major"",""description""],""major_terms"":[""信息安全"",""大数据"",""数字媒体技术"",""数据科学与大数据技术"",""智能科学与技术"",""网络工程"",""计算机科学与技术"",""软件工程""],""role_terms"":[""信息科技"",""信息系统"",""软硬件""],""reason"":""tech_major_and_role""},""original"":{""部门代码"":""132108"",""部门名称"":""国家金融监督管理总局黑龙江监管局"",""用人司局"":""国家金融监督管理总局肇州监管支局"",""机构性质"":""中央国家行政机关省级以下直属机构"",""招考职位"":""科技部门一级主任科员及以下"",""职位属性"":""金融监管计算机类职位"",""职位分布"":""西部地区和艰苦边远地区职位"",""职位简介"":""主要从事金融信息科技风险监管、电子设备软硬件管理及信息系统运行维护等工作。"",""职位代码"":""300147256001"",""机构层级"":""县（区）级及以下"",""考试类别"":""市（地）级及以下直属机构综合管理类"",""招考人数"":""1"",""专业"":""计算机科学与技术、软件工程、网络工程、信息安全、数字媒体技术、智能科学与技术、数据科学与大数据技术、新媒体技术"",""学历"":""仅限本科"",""学位"":""学士"",""政治面貌"":""不限"",""基层工作最低年限"":""无限制"",""服务基层项目工作经历"":""无限制"",""是否在面试阶段组织专业能力测试"":""否"",""面试人员比例"":""3:1"",""工作地点"":""黑龙江省大庆市肇州县"",""落户地点"":""黑龙江省大庆市肇州县"",""备注"":""1.报名时请在专业栏中同时填写专业名称和专业代码；2.专业考试信息请参见《2026年度国家金融监督管理总局招考职位专业科目笔试考试大纲》。"",""部门网站"":""http://www.nfra.gov.cn/"",""咨询电话1"":""0451-53635475"",""咨询电话2"":"""",""咨询电话3"":"""",""来源Sheet"":""中央国家行政机关省级以下直属机构""}}"
"government_jobs","国家公务员2026招考简章","公务员/事业单位技术岗位","黑龙江省鸡西市鸡东县","2026-07-28T09:12:58.310295+00:00","科技部门一级主任科员及以下","国家金融监督管理总局黑龙江监管局","","黑龙江省鸡西市鸡东县","公务员/事业单位;2026;computer_software;cybersecurity_cryptography;仅限本科;学士;计算机科学与技术、软件工程、网络工程、信息安全、数字媒体技术、智能科学与技术、数据科学与大数据技术、新媒体技术;市（地）级及以下直属机构综合管理类","用人司局：国家金融监督管理总局鸡东监管支局
职位简介：主要从事金融信息科技风险监管、电子设备软硬件管理及信息系统运行维护等工作。
专业要求：计算机科学与技术、软件工程、网络工程、信息安全、数字媒体技术、智能科学与技术、数据科学与大数据技术、新媒体技术
学历要求：仅限本科
学位要求：学士
政治面貌：不限
基层工作经历：无限制
考试类别：市（地）级及以下直属机构综合管理类
备注：1.报名时请在专业栏中同时填写专业名称和专业代码；2.专业考试信息请参见《2026年度国家金融监督管理总局招考职位专业科目笔试考试大纲》。","http://bm.scs.gov.cn/kl2026#132108-300147259001","2025-10-14","{""dataset_year"":2026,""job_uid"":""GOV-2026-132108-300147259001"",""publisher"":""国家公务员局"",""publication_page"":""http://bm.scs.gov.cn/kl2026"",""attachment_url"":""local://2026_guokao_zhaokaojianzhang.zip"",""local_source_file"":""中央机关及其直属机构2026年度考试录用公务员招考简章.xls"",""local_source_sha256"":""2670bae1df1dd07a3a3c79b9db46a11e3bb15a6c9c249e6af98bfd0b61ce3aaf"",""source_sheet"":""中央国家行政机关省级以下直属机构"",""filter_version"":""government_tech_v2"",""tech_filter"":{""is_tech"":true,""is_core_tech"":true,""scope"":""core"",""categories"":[""computer_software"",""cybersecurity_cryptography""],""matched_fields"":[""major"",""description""],""major_terms"":[""信息安全"",""大数据"",""数字媒体技术"",""数据科学与大数据技术"",""智能科学与技术"",""网络工程"",""计算机科学与技术"",""软件工程""],""role_terms"":[""信息科技"",""信息系统"",""软硬件""],""reason"":""tech_major_and_role""},""original"":{""部门代码"":""132108"",""部门名称"":""国家金融监督管理总局黑龙江监管局"",""用人司局"":""国家金融监督管理总局鸡东监管支局"",""机构性质"":""中央国家行政机关省级以下直属机构"",""招考职位"":""科技部门一级主任科员及以下"",""职位属性"":""金融监管计算机类职位"",""职位分布"":""西部地区和艰苦边远地区职位"",""职位简介"":""主要从事金融信息科技风险监管、电子设备软硬件管理及信息系统运行维护等工作。"",""职位代码"":""300147259001"",""机构层级"":""县（区）级及以下"",""考试类别"":""市（地）级及以下直属机构综合管理类"",""招考人数"":""1"",""专业"":""计算机科学与技术、软件工程、网络工程、信息安全、数字媒体技术、智能科学与技术、数据科学与大数据技术、新媒体技术"",""学历"":""仅限本科"",""学位"":""学士"",""政治面貌"":""不限"",""基层工作最低年限"":""无限制"",""服务基层项目工作经历"":""无限制"",""是否在面试阶段组织专业能力测试"":""否"",""面试人员比例"":""3:1"",""工作地点"":""黑龙江省鸡西市鸡东县"",""落户地点"":""黑龙江省鸡西市鸡东县"",""备注"":""1.报名时请在专业栏中同时填写专业名称和专业代码；2.专业考试信息请参见《2026年度国家金融监督管理总局招考职位专业科目笔试考试大纲》。"",""部门网站"":""http://www.nfra.gov.cn/"",""咨询电话1"":""0451-53635475"",""咨询电话2"":"""",""咨询电话3"":"""",""来源Sheet"":""中央国家行政机关省级以下直属机构""}}"
"government_jobs","国家公务员2026招考简章","公务员/事业单位技术岗位","黑龙江省七台河市勃利县","2026-07-28T09:12:58.310295+00:00","科技部门一级主任科员及以下","国家金融监督管理总局黑龙江监管局","","黑龙江省七台河市勃利县","公务员/事业单位;2026;computer_software;cybersecurity_cryptography;仅限本科;学士;计算机科学与技术、软件工程、网络工程、信息安全、数字媒体技术、智能科学与技术、数据科学与大数据技术、新媒体技术;市（地）级及以下直属机构综合管理类","用人司局：国家金融监督管理总局勃利监管支局
职位简介：主要从事金融信息科技风险监管、电子设备软硬件管理及信息系统运行维护等工作。
专业要求：计算机科学与技术、软件工程、网络工程、信息安全、数字媒体技术、智能科学与技术、数据科学与大数据技术、新媒体技术
学历要求：仅限本科
学位要求：学士
政治面貌：不限
基层工作经历：二年
考试类别：市（地）级及以下直属机构综合管理类
备注：1.报名时请在专业栏中同时填写专业名称和专业代码；2.限大学生村官、农村义务教育阶段学校教师特设岗位计划、“三支一扶”计划、大学生志愿服务西部计划、在军队服役5年（含）以上的高校毕业生退役士兵人员报考，请在简历栏中注明相关经历；3.专业考试信息请参见《2026年度国家金融监督管理总局招考职位专业科目笔试考试大纲》。","http://bm.scs.gov.cn/kl2026#132108-300147262001","2025-10-14","{""dataset_year"":2026,""job_uid"":""GOV-2026-132108-300147262001"",""publisher"":""国家公务员局"",""publication_page"":""http://bm.scs.gov.cn/kl2026"",""attachment_url"":""local://2026_guokao_zhaokaojianzhang.zip"",""local_source_file"":""中央机关及其直属机构2026年度考试录用公务员招考简章.xls"",""local_source_sha256"":""2670bae1df1dd07a3a3c79b9db46a11e3bb15a6c9c249e6af98bfd0b61ce3aaf"",""source_sheet"":""中央国家行政机关省级以下直属机构"",""filter_version"":""government_tech_v2"",""tech_filter"":{""is_tech"":true,""is_core_tech"":true,""scope"":""core"",""categories"":[""computer_software"",""cybersecurity_cryptography""],""matched_fields"":[""major"",""description""],""major_terms"":[""信息安全"",""大数据"",""数字媒体技术"",""数据科学与大数据技术"",""智能科学与技术"",""网络工程"",""计算机科学与技术"",""软件工程""],""role_terms"":[""信息科技"",""信息系统"",""软硬件""],""reason"":""tech_major_and_role""},""original"":{""部门代码"":""132108"",""部门名称"":""国家金融监督管理总局黑龙江监管局"",""用人司局"":""国家金融监督管理总局勃利监管支局"",""机构性质"":""中央国家行政机关省级以下直属机构"",""招考职位"":""科技部门一级主任科员及以下"",""职位属性"":""金融监管计算机类职位"",""职位分布"":""西部地区和艰苦边远地区职位"",""职位简介"":""主要从事金融信息科技风险监管、电子设备软硬件管理及信息系统运行维护等工作。"",""职位代码"":""300147262001"",""机构层级"":""县（区）级及以下"",""考试类别"":""市（地）级及以下直属机构综合管理类"",""招考人数"":""1"",""专业"":""计算机科学与技术、软件工程、网络工程、信息安全、数字媒体技术、智能科学与技术、数据科学与大数据技术、新媒体技术"",""学历"":""仅限本科"",""学位"":""学士"",""政治面貌"":""不限"",""基层工作最低年限"":""二年"",""服务基层项目工作经历"":""大学生村官、农村义务教育阶段学校教师特设岗位计划、“三支一扶”计划、大学生志愿服务西部计划、在军队服役5年（含）以上的高校毕业生退役士兵"",""是否在面试阶段组织专业能力测试"":""否"",""面试人员比例"":""3:1"",""工作地点"":""黑龙江省七台河市勃利县"",""落户地点"":""黑龙江省七台河市勃利县"",""备注"":""1.报名时请在专业栏中同时填写专业名称和专业代码；2.限大学生村官、农村义务教育阶段学校教师特设岗位计划、“三支一扶”计划、大学生志愿服务西部计划、在军队服役5年（含）以上的高校毕业生退役士兵人员报考，请在简历栏中注明相关经历；3.专业考试信息请参见《2026年度国家金融监督管理总局招考职位专业科目笔试考试大纲》。"",""部门网站"":""http://www.nfra.gov.cn/"",""咨询电话1"":""0451-53635475"",""咨询电话2"":"""",""咨询电话3"":"""",""来源Sheet"":""中央国家行政机关省级以下直属机构""}}"
"government_jobs","国家公务员2026招考简章","公务员/事业单位技术岗位","黑龙江省七台河市勃利县","2026-07-28T09:12:58.310295+00:00","科技部门一级主任科员及以下","国家金融监督管理总局黑龙江监管局","","黑龙江省七台河市勃利县","公务员/事业单位;2026;computer_software;cybersecurity_cryptography;仅限本科;学士;计算机科学与技术、软件工程、网络工程、信息安全、数字媒体技术、智能科学与技术、数据科学与大数据技术、新媒体技术;市（地）级及以下直属机构综合管理类","用人司局：国家金融监督管理总局勃利监管支局
职位简介：主要从事金融信息科技风险监管、电子设备软硬件管理及信息系统运行维护等工作。
专业要求：计算机科学与技术、软件工程、网络工程、信息安全、数字媒体技术、智能科学与技术、数据科学与大数据技术、新媒体技术
学历要求：仅限本科
学位要求：学士
政治面貌：不限
基层工作经历：无限制
考试类别：市（地）级及以下直属机构综合管理类
备注：1.报名时请在专业栏中同时填写专业名称和专业代码；2.限应届高校毕业生报考，请在备注栏中注明本人具有应届高校毕业生身份；3.专业考试信息请参见《2026年度国家金融监督管理总局招考职位专业科目笔试考试大纲》。","http://bm.scs.gov.cn/kl2026#132108-300147262002","2025-10-14","{""dataset_year"":2026,""job_uid"":""GOV-2026-132108-300147262002"",""publisher"":""国家公务员局"",""publication_page"":""http://bm.scs.gov.cn/kl2026"",""attachment_url"":""local://2026_guokao_zhaokaojianzhang.zip"",""local_source_file"":""中央机关及其直属机构2026年度考试录用公务员招考简章.xls"",""local_source_sha256"":""2670bae1df1dd07a3a3c79b9db46a11e3bb15a6c9c249e6af98bfd0b61ce3aaf"",""source_sheet"":""中央国家行政机关省级以下直属机构"",""filter_version"":""government_tech_v2"",""tech_filter"":{""is_tech"":true,""is_core_tech"":true,""scope"":""core"",""categories"":[""computer_software"",""cybersecurity_cryptography""],""matched_fields"":[""major"",""description""],""major_terms"":[""信息安全"",""大数据"",""数字媒体技术"",""数据科学与大数据技术"",""智能科学与技术"",""网络工程"",""计算机科学与技术"",""软件工程""],""role_terms"":[""信息科技"",""信息系统"",""软硬件""],""reason"":""tech_major_and_role""},""original"":{""部门代码"":""132108"",""部门名称"":""国家金融监督管理总局黑龙江监管局"",""用人司局"":""国家金融监督管理总局勃利监管支局"",""机构性质"":""中央国家行政机关省级以下直属机构"",""招考职位"":""科技部门一级主任科员及以下"",""职位属性"":""金融监管计算机类职位"",""职位分布"":""西部地区和艰苦边远地区职位"",""职位简介"":""主要从事金融信息科技风险监管、电子设备软硬件管理及信息系统运行维护等工作。"",""职位代码"":""300147262002"",""机构层级"":""县（区）级及以下"",""考试类别"":""市（地）级及以下直属机构综合管理类"",""招考人数"":""1"",""专业"":""计算机科学与技术、软件工程、网络工程、信息安全、数字媒体技术、智能科学与技术、数据科学与大数据技术、新媒体技术"",""学历"":""仅限本科"",""学位"":""学士"",""政治面貌"":""不限"",""基层工作最低年限"":""无限制"",""服务基层项目工作经历"":""无限制"",""是否在面试阶段组织专业能力测试"":""否"",""面试人员比例"":""3:1"",""工作地点"":""黑龙江省七台河市勃利县"",""落户地点"":""黑龙江省七台河市勃利县"",""备注"":""1.报名时请在专业栏中同时填写专业名称和专业代码；2.限应届高校毕业生报考，请在备注栏中注明本人具有应届高校毕业生身份；3.专业考试信息请参见《2026年度国家金融监督管理总局招考职位专业科目笔试考试大纲》。"",""部门网站"":""http://www.nfra.gov.cn/"",""咨询电话1"":""0451-53635475"",""咨询电话2"":"""",""咨询电话3"":"""",""来源Sheet"":""中央国家行政机关省级以下直属机构""}}"
"government_jobs","国家公务员2026招考简章","公务员/事业单位技术岗位","江苏省苏州市","2026-07-28T09:12:58.310295+00:00","统计信息部门一级主任科员及以下","国家金融监督管理总局江苏监管局","","江苏省苏州市","公务员/事业单位;2026;computer_software;cybersecurity_cryptography;data_ai;本科或硕士研究生;与最高学历相对应的学位;本科生招收计算机科学与技术、软件工程、信息安全、数据科学与大数据技术、电子与计算机工程、物联网工程、区块链工程；研究生招收计算机科学与技术;市（地）级及以下直属机构综合管理类","用人司局：国家金融监督管理总局苏州监管分局
职位简介：主要从事金融监管数据统计分析工作。
专业要求：本科生招收计算机科学与技术、软件工程、信息安全、数据科学与大数据技术、电子与计算机工程、物联网工程、区块链工程；研究生招收计算机科学与技术
学历要求：本科或硕士研究生
学位要求：与最高学历相对应的学位
政治面貌：不限
基层工作经历：无限制
考试类别：市（地）级及以下直属机构综合管理类
备注：1.报名时请在专业栏中同时填写专业名称和专业代码；2.仅限应届高校毕业生报考，请在备注栏中注明本人具有应届高校毕业生身份；3.要求本科学历大学英语四级成绩在425分及以上（雅思成绩在6分及以上、托福成绩在80分及以上、取得英语专业四级或专业八级合格证书亦可），要求研究生学历大学英语六级成绩在425分及以上（雅思成绩在6.5分及以上、托福成绩在90分及以上、取得英语专业四级或专业八级合格证书亦可），请在外语水平栏注明已获得的英语等级证书及成绩；4.专业考试信息请参见《2026年度国家金融监督管理总局招考职位专业科目笔试考试大纲》。","http://bm.scs.gov.cn/kl2026#132110-300147272001","2025-10-14","{""dataset_year"":2026,""job_uid"":""GOV-2026-132110-300147272001"",""publisher"":""国家公务员局"",""publication_page"":""http://bm.scs.gov.cn/kl2026"",""attachment_url"":""local://2026_guokao_zhaokaojianzhang.zip"",""local_source_file"":""中央机关及其直属机构2026年度考试录用公务员招考简章.xls"",""local_source_sha256"":""2670bae1df1dd07a3a3c79b9db46a11e3bb15a6c9c249e6af98bfd0b61ce3aaf"",""source_sheet"":""中央国家行政机关省级以下直属机构"",""filter_version"":""government_tech_v2"",""tech_filter"":{""is_tech"":true,""is_core_tech"":true,""scope"":""core"",""categories"":[""computer_software"",""cybersecurity_cryptography"",""data_ai""],""matched_fields"":[""major"",""description""],""major_terms"":[""信息安全"",""区块链工程"",""大数据"",""数据科学与大数据技术"",""物联网工程"",""计算机"",""计算机科学与技术"",""软件工程""],""role_terms"":[""数据统计分析""],""reason"":""tech_major_and_role""},""original"":{""部门代码"":""132110"",""部门名称"":""国家金融监督管理总局江苏监管局"",""用人司局"":""国家金融监督管理总局苏州监管分局"",""机构性质"":""中央国家行政机关省级以下直属机构"",""招考职位"":""统计信息部门一级主任科员及以下"",""职位属性"":""金融监管计算机类职位"",""职位分布"":""其他职位"",""职位简介"":""主要从事金融监管数据统计分析工作。"",""职位代码"":""300147272001"",""机构层级"":""市（地）级"",""考试类别"":""市（地）级及以下直属机构综合管理类"",""招考人数"":""1"",""专业"":""本科生招收计算机科学与技术、软件工程、信息安全、数据科学与大数据技术、电子与计算机工程、物联网工程、区块链工程；研究生招收计算机科学与技术"",""学历"":""本科或硕士研究生"",""学位"":""与最高学历相对应的学位"",""政治面貌"":""不限"",""基层工作最低年限"":""无限制"",""服务基层项目工作经历"":""无限制"",""是否在面试阶段组织专业能力测试"":""否"",""面试人员比例"":""3:1"",""工作地点"":""江苏省苏州市"",""落户地点"":""江苏省苏州市"",""备注"":""1.报名时请在专业栏中同时填写专业名称和专业代码；2.仅限应届高校毕业生报考，请在备注栏中注明本人具有应届高校毕业生身份；3.要求本科学历大学英语四级成绩在425分及以上（雅思成绩在6分及以上、托福成绩在80分及以上、取得英语专业四级或专业八级合格证书亦可），要求研究生学历大学英语六级成绩在425分及以上（雅思成绩在6.5分及以上、托福成绩在90分及以上、取得英语专业四级或专业八级合格证书亦可），请在外语水平栏注明已获得的英语等级证书及成绩；4.专业考试信息请参见《2026年度国家金融监督管理总局招考职位专业科目笔试考试大纲》。"",""部门网站"":""http://www.nfra.gov.cn/"",""咨询电话1"":""025-84090601"",""咨询电话2"":""025-84090913"",""咨询电话3"":""025-84090705"",""来源Sheet"":""中央国家行政机关省级以下直属机构""}}"
"government_jobs","国家公务员2026招考简章","公务员/事业单位技术岗位","江苏省盐城市","2026-07-28T09:12:58.310295+00:00","统计信息部门一级主任科员及以下","国家金融监督管理总局江苏监管局","","江苏省盐城市","公务员/事业单位;2026;computer_software;data_ai;本科或硕士研究生;与最高学历相对应的学位;本科：计算机类（0809）；研究生：计算机科学与技术（0812）、软件工程（0835）;市（地）级及以下直属机构综合管理类","用人司局：国家金融监督管理总局盐城监管分局
职位简介：主要从事金融监管数据统计分析工作。
专业要求：本科：计算机类（0809）；研究生：计算机科学与技术（0812）、软件工程（0835）
学历要求：本科或硕士研究生
学位要求：与最高学历相对应的学位
政治面貌：不限
基层工作经历：无限制
考试类别：市（地）级及以下直属机构综合管理类
备注：1.报名时请在专业栏中同时填写专业名称和专业代码；2.限应届高校毕业生报考，请在备注栏中注明本人具有应届高校毕业生身份；3.要求本科学历大学英语四级成绩在425分及以上（雅思成绩在6分及以上、托福成绩在80分及以上、取得英语专业四级或专业八级合格证书亦可），要求研究生学历大学英语六级成绩在425分及以上（雅思成绩在6.5分及以上、托福成绩在90分及以上、取得英语专业四级或专业八级合格证书亦可），请在外语水平栏注明已获得的英语等级证书及成绩；4.专业考试信息请参见《2026年度国家金融监督管理总局招考职位专业科目笔试考试大纲》。","http://bm.scs.gov.cn/kl2026#132110-300147275001","2025-10-14","{""dataset_year"":2026,""job_uid"":""GOV-2026-132110-300147275001"",""publisher"":""国家公务员局"",""publication_page"":""http://bm.scs.gov.cn/kl2026"",""attachment_url"":""local://2026_guokao_zhaokaojianzhang.zip"",""local_source_file"":""中央机关及其直属机构2026年度考试录用公务员招考简章.xls"",""local_source_sha256"":""2670bae1df1dd07a3a3c79b9db46a11e3bb15a6c9c249e6af98bfd0b61ce3aaf"",""source_sheet"":""中央国家行政机关省级以下直属机构"",""filter_version"":""government_tech_v2"",""tech_filter"":{""is_tech"":true,""is_core_tech"":true,""scope"":""core"",""categories"":[""computer_software"",""data_ai""],""matched_fields"":[""major"",""description""],""major_terms"":[""计算机科学与技术"",""计算机类"",""软件工程""],""role_terms"":[""数据统计分析""],""reason"":""tech_major_and_role""},""original"":{""部门代码"":""132110"",""部门名称"":""国家金融监督管理总局江苏监管局"",""用人司局"":""国家金融监督管理总局盐城监管分局"",""机构性质"":""中央国家行政机关省级以下直属机构"",""招考职位"":""统计信息部门一级主任科员及以下"",""职位属性"":""金融监管计算机类职位"",""职位分布"":""其他职位"",""职位简介"":""主要从事金融监管数据统计分析工作。"",""职位代码"":""300147275001"",""机构层级"":""市（地）级"",""考试类别"":""市（地）级及以下直属机构综合管理类"",""招考人数"":""1"",""专业"":""本科：计算机类（0809）；研究生：计算机科学与技术（0812）、软件工程（0835）"",""学历"":""本科或硕士研究生"",""学位"":""与最高学历相对应的学位"",""政治面貌"":""不限"",""基层工作最低年限"":""无限制"",""服务基层项目工作经历"":""无限制"",""是否在面试阶段组织专业能力测试"":""否"",""面试人员比例"":""3:1"",""工作地点"":""江苏省盐城市"",""落户地点"":""江苏省盐城市"",""备注"":""1.报名时请在专业栏中同时填写专业名称和专业代码；2.限应届高校毕业生报考，请在备注栏中注明本人具有应届高校毕业生身份；3.要求本科学历大学英语四级成绩在425分及以上（雅思成绩在6分及以上、托福成绩在80分及以上、取得英语专业四级或专业八级合格证书亦可），要求研究生学历大学英语六级成绩在425分及以上（雅思成绩在6.5分及以上、托福成绩在90分及以上、取得英语专业四级或专业八级合格证书亦可），请在外语水平栏注明已获得的英语等级证书及成绩；4.专业考试信息请参见《2026年度国家金融监督管理总局招考职位专业科目笔试考试大纲》。"",""部门网站"":""http://www.nfra.gov.cn/"",""咨询电话1"":""025-84090601"",""咨询电话2"":""025-84090913"",""咨询电话3"":""025-84090705"",""来源Sheet"":""中央国家行政机关省级以下直属机构""}}"
"government_jobs","国家公务员2026招考简章","公务员/事业单位技术岗位","江苏省扬州市","2026-07-28T09:12:58.310295+00:00","统计信息部门一级主任科员及以下","国家金融监督管理总局江苏监管局","","江苏省扬州市","公务员/事业单位;2026;computer_software;data_ai;本科或硕士研究生;与最高学历相对应的学位;本科：计算机类（0809）；研究生：计算机科学与技术（0812）、软件工程（0835）;市（地）级及以下直属机构综合管理类","用人司局：国家金融监督管理总局扬州监管分局
职位简介：主要从事金融监管数据统计分析工作。
专业要求：本科：计算机类（0809）；研究生：计算机科学与技术（0812）、软件工程（0835）
学历要求：本科或硕士研究生
学位要求：与最高学历相对应的学位
政治面貌：不限
基层工作经历：无限制
考试类别：市（地）级及以下直属机构综合管理类
备注：1.报名时请在专业栏中同时填写专业名称和专业代码；2.要求本科学历大学英语四级成绩在425分及以上（雅思成绩在6分及以上、托福成绩在80分及以上、取得英语专业四级或专业八级合格证书亦可），要求研究生学历大学英语六级成绩在425分及以上（雅思成绩在6.5分及以上、托福成绩在90分及以上、取得英语专业四级或专业八级合格证书亦可），请在外语水平栏注明已获得的英语等级证书及成绩；3.专业考试信息请参见《2026年度国家金融监督管理总局招考职位专业科目笔试考试大纲》。","http://bm.scs.gov.cn/kl2026#132110-300147276001","2025-10-14","{""dataset_year"":2026,""job_uid"":""GOV-2026-132110-300147276001"",""publisher"":""国家公务员局"",""publication_page"":""http://bm.scs.gov.cn/kl2026"",""attachment_url"":""local://2026_guokao_zhaokaojianzhang.zip"",""local_source_file"":""中央机关及其直属机构2026年度考试录用公务员招考简章.xls"",""local_source_sha256"":""2670bae1df1dd07a3a3c79b9db46a11e3bb15a6c9c249e6af98bfd0b61ce3aaf"",""source_sheet"":""中央国家行政机关省级以下直属机构"",""filter_version"":""government_tech_v2"",""tech_filter"":{""is_tech"":true,""is_core_tech"":true,""scope"":""core"",""categories"":[""computer_software"",""data_ai""],""matched_fields"":[""major"",""description""],""major_terms"":[""计算机科学与技术"",""计算机类"",""软件工程""],""role_terms"":[""数据统计分析""],""reason"":""tech_major_and_role""},""original"":{""部门代码"":""132110"",""部门名称"":""国家金融监督管理总局江苏监管局"",""用人司局"":""国家金融监督管理总局扬州监管分局"",""机构性质"":""中央国家行政机关省级以下直属机构"",""招考职位"":""统计信息部门一级主任科员及以下"",""职位属性"":""金融监管计算机类职位"",""职位分布"":""其他职位"",""职位简介"":""主要从事金融监管数据统计分析工作。"",""职位代码"":""300147276001"",""机构层级"":""市（地）级"",""考试类别"":""市（地）级及以下直属机构综合管理类"",""招考人数"":""1"",""专业"":""本科：计算机类（0809）；研究生：计算机科学与技术（0812）、软件工程（0835）"",""学历"":""本科或硕士研究生"",""学位"":""与最高学历相对应的学位"",""政治面貌"":""不限"",""基层工作最低年限"":""无限制"",""服务基层项目工作经历"":""无限制"",""是否在面试阶段组织专业能力测试"":""否"",""面试人员比例"":""3:1"",""工作地点"":""江苏省扬州市"",""落户地点"":""江苏省"",""备注"":""1.报名时请在专业栏中同时填写专业名称和专业代码；2.要求本科学历大学英语四级成绩在425分及以上（雅思成绩在6分及以上、托福成绩在80分及以上、取得英语专业四级或专业八级合格证书亦可），要求研究生学历大学英语六级成绩在425分及以上（雅思成绩在6.5分及以上、托福成绩在90分及以上、取得英语专业四级或专业八级合格证书亦可），请在外语水平栏注明已获得的英语等级证书及成绩；3.专业考试信息请参见《2026年度国家金融监督管理总局招考职位专业科目笔试考试大纲》。"",""部门网站"":""http://www.nfra.gov.cn/"",""咨询电话1"":""025-84090601"",""咨询电话2"":""025-84090913"",""咨询电话3"":""025-84090705"",""来源Sheet"":""中央国家行政机关省级以下直属机构""}}"
"government_jobs","国家公务员2026招考简章","公务员/事业单位技术岗位","江苏省徐州市邳州市","2026-07-28T09:12:58.310295+00:00","统计信息部门一级主任科员及以下","国家金融监督管理总局江苏监管局","","江苏省徐州市邳州市","公务员/事业单位;2026;computer_software;data_ai;本科或硕士研究生;与最高学历相对应的学位;本科生招收计算机科学与技术、软件工程、网络工程；研究生招收计算机科学与技术、软件工程;市（地）级及以下直属机构综合管理类","用人司局：国家金融监督管理总局邳州监管支局
职位简介：主要从事金融监管数据统计分析工作。
专业要求：本科生招收计算机科学与技术、软件工程、网络工程；研究生招收计算机科学与技术、软件工程
学历要求：本科或硕士研究生
学位要求：与最高学历相对应的学位
政治面貌：不限
基层工作经历：无限制
考试类别：市（地）级及以下直属机构综合管理类
备注：1.报名时请在专业栏中同时填写专业名称和专业代码；2.要求本科学历大学英语四级成绩在425分及以上（雅思成绩在6分及以上、托福成绩在80分及以上、取得英语专业四级或专业八级合格证书亦可），要求研究生学历大学英语六级成绩在425分及以上（雅思成绩在6.5分及以上、托福成绩在90分及以上、取得英语专业四级或专业八级合格证书亦可），请在外语水平栏注明已获得的英语等级证书及成绩；3.专业考试信息请参见《2026年度国家金融监督管理总局招考职位专业科目笔试考试大纲》。","http://bm.scs.gov.cn/kl2026#132110-300147285001","2025-10-14","{""dataset_year"":2026,""job_uid"":""GOV-2026-132110-300147285001"",""publisher"":""国家公务员局"",""publication_page"":""http://bm.scs.gov.cn/kl2026"",""attachment_url"":""local://2026_guokao_zhaokaojianzhang.zip"",""local_source_file"":""中央机关及其直属机构2026年度考试录用公务员招考简章.xls"",""local_source_sha256"":""2670bae1df1dd07a3a3c79b9db46a11e3bb15a6c9c249e6af98bfd0b61ce3aaf"",""source_sheet"":""中央国家行政机关省级以下直属机构"",""filter_version"":""government_tech_v2"",""tech_filter"":{""is_tech"":true,""is_core_tech"":true,""scope"":""core"",""categories"":[""computer_software"",""data_ai""],""matched_fields"":[""major"",""description""],""major_terms"":[""网络工程"",""计算机科学与技术"",""软件工程""],""role_terms"":[""数据统计分析""],""reason"":""tech_major_and_role""},""original"":{""部门代码"":""132110"",""部门名称"":""国家金融监督管理总局江苏监管局"",""用人司局"":""国家金融监督管理总局邳州监管支局"",""机构性质"":""中央国家行政机关省级以下直属机构"",""招考职位"":""统计信息部门一级主任科员及以下"",""职位属性"":""金融监管计算机类职位"",""职位分布"":""其他职位"",""职位简介"":""主要从事金融监管数据统计分析工作。"",""职位代码"":""300147285001"",""机构层级"":""县（区）级及以下"",""考试类别"":""市（地）级及以下直属机构综合管理类"",""招考人数"":""1"",""专业"":""本科生招收计算机科学与技术、软件工程、网络工程；研究生招收计算机科学与技术、软件工程"",""学历"":""本科或硕士研究生"",""学位"":""与最高学历相对应的学位"",""政治面貌"":""不限"",""基层工作最低年限"":""无限制"",""服务基层项目工作经历"":""无限制"",""是否在面试阶段组织专业能力测试"":""否"",""面试人员比例"":""3:1"",""工作地点"":""江苏省徐州市邳州市"",""落户地点"":""江苏省徐州市邳州市"",""备注"":""1.报名时请在专业栏中同时填写专业名称和专业代码；2.要求本科学历大学英语四级成绩在425分及以上（雅思成绩在6分及以上、托福成绩在80分及以上、取得英语专业四级或专业八级合格证书亦可），要求研究生学历大学英语六级成绩在425分及以上（雅思成绩在6.5分及以上、托福成绩在90分及以上、取得英语专业四级或专业八级合格证书亦可），请在外语水平栏注明已获得的英语等级证书及成绩；3.专业考试信息请参见《2026年度国家金融监督管理总局招考职位专业科目笔试考试大纲》。"",""部门网站"":""http://www.nfra.gov.cn/"",""咨询电话1"":""025-84090601"",""咨询电话2"":""025-84090913"",""咨询电话3"":""025-84090705"",""来源Sheet"":""中央国家行政机关省级以下直属机构""}}"
"government_jobs","国家公务员2026招考简章","公务员/事业单位技术岗位","江苏省苏州市昆山市","2026-07-28T09:12:58.310295+00:00","统计信息部门一级主任科员及以下","国家金融监督管理总局江苏监管局","","江苏省苏州市昆山市","公务员/事业单位;2026;computer_software;data_ai;本科或硕士研究生;与最高学历相对应的学位;本科生招收计算机科学与技术（080901）；研究生招收计算机科学与技术（0812）;市（地）级及以下直属机构综合管理类","用人司局：国家金融监督管理总局昆山监管支局
职位简介：主要从事金融监管数据统计分析工作。
专业要求：本科生招收计算机科学与技术（080901）；研究生招收计算机科学与技术（0812）
学历要求：本科或硕士研究生
学位要求：与最高学历相对应的学位
政治面貌：不限
基层工作经历：无限制
考试类别：市（地）级及以下直属机构综合管理类
备注：1.报名时请在专业栏中同时填写专业名称和专业代码；2.仅限应届高校毕业生报考，请在备注栏中注明本人具有应届高校毕业生身份；3.要求本科学历大学英语四级成绩在425分及以上（雅思成绩在6分及以上、托福成绩在80分及以上、取得英语专业四级或专业八级合格证书亦可），要求研究生学历大学英语六级成绩在425分及以上（雅思成绩在6.5分及以上、托福成绩在90分及以上、取得英语专业四级或专业八级合格证书亦可），请在外语水平栏注明已获得的英语等级证书及成绩；4.专业考试信息请参见《2026年度国家金融监督管理总局招考职位专业科目笔试考试大纲》。","http://bm.scs.gov.cn/kl2026#132110-300147292001","2025-10-14","{""dataset_year"":2026,""job_uid"":""GOV-2026-132110-300147292001"",""publisher"":""国家公务员局"",""publication_page"":""http://bm.scs.gov.cn/kl2026"",""attachment_url"":""local://2026_guokao_zhaokaojianzhang.zip"",""local_source_file"":""中央机关及其直属机构2026年度考试录用公务员招考简章.xls"",""local_source_sha256"":""2670bae1df1dd07a3a3c79b9db46a11e3bb15a6c9c249e6af98bfd0b61ce3aaf"",""source_sheet"":""中央国家行政机关省级以下直属机构"",""filter_version"":""government_tech_v2"",""tech_filter"":{""is_tech"":true,""is_core_tech"":true,""scope"":""core"",""categories"":[""computer_software"",""data_ai""],""matched_fields"":[""major"",""description""],""major_terms"":[""计算机科学与技术""],""role_terms"":[""数据统计分析""],""reason"":""tech_major_and_role""},""original"":{""部门代码"":""132110"",""部门名称"":""国家金融监督管理总局江苏监管局"",""用人司局"":""国家金融监督管理总局昆山监管支局"",""机构性质"":""中央国家行政机关省级以下直属机构"",""招考职位"":""统计信息部门一级主任科员及以下"",""职位属性"":""金融监管计算机类职位"",""职位分布"":""其他职位"",""职位简介"":""主要从事金融监管数据统计分析工作。"",""职位代码"":""300147292001"",""机构层级"":""县（区）级及以下"",""考试类别"":""市（地）级及以下直属机构综合管理类"",""招考人数"":""1"",""专业"":""本科生招收计算机科学与技术（080901）；研究生招收计算机科学与技术（0812）"",""学历"":""本科或硕士研究生"",""学位"":""与最高学历相对应的学位"",""政治面貌"":""不限"",""基层工作最低年限"":""无限制"",""服务基层项目工作经历"":""无限制"",""是否在面试阶段组织专业能力测试"":""否"",""面试人员比例"":""3:1"",""工作地点"":""江苏省苏州市昆山市"",""落户地点"":""江苏省苏州市昆山市"",""备注"":""1.报名时请在专业栏中同时填写专业名称和专业代码；2.仅限应届高校毕业生报考，请在备注栏中注明本人具有应届高校毕业生身份；3.要求本科学历大学英语四级成绩在425分及以上（雅思成绩在6分及以上、托福成绩在80分及以上、取得英语专业四级或专业八级合格证书亦可），要求研究生学历大学英语六级成绩在425分及以上（雅思成绩在6.5分及以上、托福成绩在90分及以上、取得英语专业四级或专业八级合格证书亦可），请在外语水平栏注明已获得的英语等级证书及成绩；4.专业考试信息请参见《2026年度国家金融监督管理总局招考职位专业科目笔试考试大纲》。"",""部门网站"":""http://www.nfra.gov.cn/"",""咨询电话1"":""025-84090601"",""咨询电话2"":""025-84090913"",""咨询电话3"":""025-84090705"",""来源Sheet"":""中央国家行政机关省级以下直属机构""}}"
"government_jobs","国家公务员2026招考简章","公务员/事业单位技术岗位","江苏省苏州市吴江区","2026-07-28T09:12:58.310295+00:00","统计信息部门一级主任科员及以下","国家金融监督管理总局江苏监管局","","江苏省苏州市吴江区","公务员/事业单位;2026;computer_software;data_ai;electronics_communication;本科或硕士研究生;与最高学历相对应的学位;本科生招收计算机类（0809）；研究生招收电子科学与技术（0809）、计算机科学与技术（0812）;市（地）级及以下直属机构综合管理类","用人司局：国家金融监督管理总局吴江监管支局
职位简介：主要从事金融监管数据统计分析工作。
专业要求：本科生招收计算机类（0809）；研究生招收电子科学与技术（0809）、计算机科学与技术（0812）
学历要求：本科或硕士研究生
学位要求：与最高学历相对应的学位
政治面貌：不限
基层工作经历：无限制
考试类别：市（地）级及以下直属机构综合管理类
备注：1.报名时请在专业栏中同时填写专业名称和专业代码；2.仅限应届高校毕业生报考，请在备注栏中注明本人具有应届高校毕业生身份；3.要求本科学历大学英语四级成绩在425分及以上（雅思成绩在6分及以上、托福成绩在80分及以上、取得英语专业四级或专业八级合格证书亦可），要求研究生学历大学英语六级成绩在425分及以上（雅思成绩在6.5分及以上、托福成绩在90分及以上、取得英语专业四级或专业八级合格证书亦可），请在外语水平栏注明已获得的英语等级证书及成绩；4.专业考试信息请参见《2026年度国家金融监督管理总局招考职位专业科目笔试考试大纲》。","http://bm.scs.gov.cn/kl2026#132110-300147293001","2025-10-14","{""dataset_year"":2026,""job_uid"":""GOV-2026-132110-300147293001"",""publisher"":""国家公务员局"",""publication_page"":""http://bm.scs.gov.cn/kl2026"",""attachment_url"":""local://2026_guokao_zhaokaojianzhang.zip"",""local_source_file"":""中央机关及其直属机构2026年度考试录用公务员招考简章.xls"",""local_source_sha256"":""2670bae1df1dd07a3a3c79b9db46a11e3bb15a6c9c249e6af98bfd0b61ce3aaf"",""source_sheet"":""中央国家行政机关省级以下直属机构"",""filter_version"":""government_tech_v2"",""tech_filter"":{""is_tech"":true,""is_core_tech"":true,""scope"":""core"",""categories"":[""computer_software"",""data_ai"",""electronics_communication""],""matched_fields"":[""major"",""description""],""major_terms"":[""电子科学与技术"",""计算机科学与技术"",""计算机类""],""role_terms"":[""数据统计分析""],""reason"":""tech_major_and_role""},""original"":{""部门代码"":""132110"",""部门名称"":""国家金融监督管理总局江苏监管局"",""用人司局"":""国家金融监督管理总局吴江监管支局"",""机构性质"":""中央国家行政机关省级以下直属机构"",""招考职位"":""统计信息部门一级主任科员及以下"",""职位属性"":""金融监管计算机类职位"",""职位分布"":""其他职位"",""职位简介"":""主要从事金融监管数据统计分析工作。"",""职位代码"":""300147293001"",""机构层级"":""县（区）级及以下"",""考试类别"":""市（地）级及以下直属机构综合管理类"",""招考人数"":""1"",""专业"":""本科生招收计算机类（0809）；研究生招收电子科学与技术（0809）、计算机科学与技术（0812）"",""学历"":""本科或硕士研究生"",""学位"":""与最高学历相对应的学位"",""政治面貌"":""不限"",""基层工作最低年限"":""无限制"",""服务基层项目工作经历"":""无限制"",""是否在面试阶段组织专业能力测试"":""否"",""面试人员比例"":""3:1"",""工作地点"":""江苏省苏州市吴江区"",""落户地点"":""江苏省苏州市吴江区"",""备注"":""1.报名时请在专业栏中同时填写专业名称和专业代码；2.仅限应届高校毕业生报考，请在备注栏中注明本人具有应届高校毕业生身份；3.要求本科学历大学英语四级成绩在425分及以上（雅思成绩在6分及以上、托福成绩在80分及以上、取得英语专业四级或专业八级合格证书亦可），要求研究生学历大学英语六级成绩在425分及以上（雅思成绩在6.5分及以上、托福成绩在90分及以上、取得英语专业四级或专业八级合格证书亦可），请在外语水平栏注明已获得的英语等级证书及成绩；4.专业考试信息请参见《2026年度国家金融监督管理总局招考职位专业科目笔试考试大纲》。"",""部门网站"":""http://www.nfra.gov.cn/"",""咨询电话1"":""025-84090601"",""咨询电话2"":""025-84090913"",""咨询电话3"":""025-84090705"",""来源Sheet"":""中央国家行政机关省级以下直属机构""}}"
"government_jobs","国家公务员2026招考简章","公务员/事业单位技术岗位","江苏省盐城市东台市","2026-07-28T09:12:58.310295+00:00","统计信息部门一级主任科员及以下","国家金融监督管理总局江苏监管局","","江苏省盐城市东台市","公务员/事业单位;2026;computer_software;data_ai;本科或硕士研究生;与最高学历相对应的学位;本科：计算机类（0809）；研究生：计算机科学与技术（0812）、软件工程（0835）;市（地）级及以下直属机构综合管理类","用人司局：国家金融监督管理总局东台监管支局
职位简介：主要从事金融监管数据统计分析工作。
专业要求：本科：计算机类（0809）；研究生：计算机科学与技术（0812）、软件工程（0835）
学历要求：本科或硕士研究生
学位要求：与最高学历相对应的学位
政治面貌：不限
基层工作经历：无限制
考试类别：市（地）级及以下直属机构综合管理类
备注：1.报名时请在专业栏中同时填写专业名称和专业代码；2.要求本科学历大学英语四级成绩在425分及以上（雅思成绩在6分及以上、托福成绩在80分及以上、取得英语专业四级或专业八级合格证书亦可），要求研究生学历大学英语六级成绩在425分及以上（雅思成绩在6.5分及以上、托福成绩在90分及以上、取得英语专业四级或专业八级合格证书亦可），请在外语水平栏注明已获得的英语等级证书及成绩；3.专业考试信息请参见《2026年度国家金融监督管理总局招考职位专业科目笔试考试大纲》。","http://bm.scs.gov.cn/kl2026#132110-300147302001","2025-10-14","{""dataset_year"":2026,""job_uid"":""GOV-2026-132110-300147302001"",""publisher"":""国家公务员局"",""publication_page"":""http://bm.scs.gov.cn/kl2026"",""attachment_url"":""local://2026_guokao_zhaokaojianzhang.zip"",""local_source_file"":""中央机关及其直属机构2026年度考试录用公务员招考简章.xls"",""local_source_sha256"":""2670bae1df1dd07a3a3c79b9db46a11e3bb15a6c9c249e6af98bfd0b61ce3aaf"",""source_sheet"":""中央国家行政机关省级以下直属机构"",""filter_version"":""government_tech_v2"",""tech_filter"":{""is_tech"":true,""is_core_tech"":true,""scope"":""core"",""categories"":[""computer_software"",""data_ai""],""matched_fields"":[""major"",""description""],""major_terms"":[""计算机科学与技术"",""计算机类"",""软件工程""],""role_terms"":[""数据统计分析""],""reason"":""tech_major_and_role""},""original"":{""部门代码"":""132110"",""部门名称"":""国家金融监督管理总局江苏监管局"",""用人司局"":""国家金融监督管理总局东台监管支局"",""机构性质"":""中央国家行政机关省级以下直属机构"",""招考职位"":""统计信息部门一级主任科员及以下"",""职位属性"":""金融监管计算机类职位"",""职位分布"":""其他职位"",""职位简介"":""主要从事金融监管数据统计分析工作。"",""职位代码"":""300147302001"",""机构层级"":""县（区）级及以下"",""考试类别"":""市（地）级及以下直属机构综合管理类"",""招考人数"":""1"",""专业"":""本科：计算机类（0809）；研究生：计算机科学与技术（0812）、软件工程（0835）"",""学历"":""本科或硕士研究生"",""学位"":""与最高学历相对应的学位"",""政治面貌"":""不限"",""基层工作最低年限"":""无限制"",""服务基层项目工作经历"":""无限制"",""是否在面试阶段组织专业能力测试"":""否"",""面试人员比例"":""3:1"",""工作地点"":""江苏省盐城市东台市"",""落户地点"":""江苏省盐城市东台市"",""备注"":""1.报名时请在专业栏中同时填写专业名称和专业代码；2.要求本科学历大学英语四级成绩在425分及以上（雅思成绩在6分及以上、托福成绩在80分及以上、取得英语专业四级或专业八级合格证书亦可），要求研究生学历大学英语六级成绩在425分及以上（雅思成绩在6.5分及以上、托福成绩在90分及以上、取得英语专业四级或专业八级合格证书亦可），请在外语水平栏注明已获得的英语等级证书及成绩；3.专业考试信息请参见《2026年度国家金融监督管理总局招考职位专业科目笔试考试大纲》。"",""部门网站"":""http://www.nfra.gov.cn/"",""咨询电话1"":""025-84090601"",""咨询电话2"":""025-84090913"",""咨询电话3"":""025-84090705"",""来源Sheet"":""中央国家行政机关省级以下直属机构""}}"
"government_jobs","国家公务员2026招考简章","公务员/事业单位技术岗位","江苏省盐城市建湖县","2026-07-28T09:12:58.310295+00:00","统计信息部门一级主任科员及以下","国家金融监督管理总局江苏监管局","","江苏省盐城市建湖县","公务员/事业单位;2026;computer_software;data_ai;本科或硕士研究生;与最高学历相对应的学位;本科：计算机类（0809）；研究生：计算机科学与技术（0812）、软件工程（0835）;市（地）级及以下直属机构综合管理类","用人司局：国家金融监督管理总局建湖监管支局
职位简介：主要从事金融监管数据统计分析工作。
专业要求：本科：计算机类（0809）；研究生：计算机科学与技术（0812）、软件工程（0835）
学历要求：本科或硕士研究生
学位要求：与最高学历相对应的学位
政治面貌：不限
基层工作经历：无限制
考试类别：市（地）级及以下直属机构综合管理类
备注：1.报名时请在专业栏中同时填写专业名称和专业代码；2.要求本科学历大学英语四级成绩在425分及以上（雅思成绩在6分及以上、托福成绩在80分及以上、取得英语专业四级或专业八级合格证书亦可），要求研究生学历大学英语六级成绩在425分及以上（雅思成绩在6.5分及以上、托福成绩在90分及以上、取得英语专业四级或专业八级合格证书亦可），请在外语水平栏注明已获得的英语等级证书及成绩；3.专业考试信息请参见《2026年度国家金融监督管理总局招考职位专业科目笔试考试大纲》。","http://bm.scs.gov.cn/kl2026#132110-300147304001","2025-10-14","{""dataset_year"":2026,""job_uid"":""GOV-2026-132110-300147304001"",""publisher"":""国家公务员局"",""publication_page"":""http://bm.scs.gov.cn/kl2026"",""attachment_url"":""local://2026_guokao_zhaokaojianzhang.zip"",""local_source_file"":""中央机关及其直属机构2026年度考试录用公务员招考简章.xls"",""local_source_sha256"":""2670bae1df1dd07a3a3c79b9db46a11e3bb15a6c9c249e6af98bfd0b61ce3aaf"",""source_sheet"":""中央国家行政机关省级以下直属机构"",""filter_version"":""government_tech_v2"",""tech_filter"":{""is_tech"":true,""is_core_tech"":true,""scope"":""core"",""categories"":[""computer_software"",""data_ai""],""matched_fields"":[""major"",""description""],""major_terms"":[""计算机科学与技术"",""计算机类"",""软件工程""],""role_terms"":[""数据统计分析""],""reason"":""tech_major_and_role""},""original"":{""部门代码"":""132110"",""部门名称"":""国家金融监督管理总局江苏监管局"",""用人司局"":""国家金融监督管理总局建湖监管支局"",""机构性质"":""中央国家行政机关省级以下直属机构"",""招考职位"":""统计信息部门一级主任科员及以下"",""职位属性"":""金融监管计算机类职位"",""职位分布"":""其他职位"",""职位简介"":""主要从事金融监管数据统计分析工作。"",""职位代码"":""300147304001"",""机构层级"":""县（区）级及以下"",""考试类别"":""市（地）级及以下直属机构综合管理类"",""招考人数"":""1"",""专业"":""本科：计算机类（0809）；研究生：计算机科学与技术（0812）、软件工程（0835）"",""学历"":""本科或硕士研究生"",""学位"":""与最高学历相对应的学位"",""政治面貌"":""不限"",""基层工作最低年限"":""无限制"",""服务基层项目工作经历"":""无限制"",""是否在面试阶段组织专业能力测试"":""否"",""面试人员比例"":""3:1"",""工作地点"":""江苏省盐城市建湖县"",""落户地点"":""江苏省盐城市建湖县"",""备注"":""1.报名时请在专业栏中同时填写专业名称和专业代码；2.要求本科学历大学英语四级成绩在425分及以上（雅思成绩在6分及以上、托福成绩在80分及以上、取得英语专业四级或专业八级合格证书亦可），要求研究生学历大学英语六级成绩在425分及以上（雅思成绩在6.5分及以上、托福成绩在90分及以上、取得英语专业四级或专业八级合格证书亦可），请在外语水平栏注明已获得的英语等级证书及成绩；3.专业考试信息请参见《2026年度国家金融监督管理总局招考职位专业科目笔试考试大纲》。"",""部门网站"":""http://www.nfra.gov.cn/"",""咨询电话1"":""025-84090601"",""咨询电话2"":""025-84090913"",""咨询电话3"":""025-84090705"",""来源Sheet"":""中央国家行政机关省级以下直属机构""}}"
"government_jobs","国家公务员2026招考简章","公务员/事业单位技术岗位","江苏省盐城市射阳县","2026-07-28T09:12:58.310295+00:00","统计信息部门一级主任科员及以下","国家金融监督管理总局江苏监管局","","江苏省盐城市射阳县","公务员/事业单位;2026;computer_software;data_ai;本科或硕士研究生;与最高学历相对应的学位;本科：计算机类（0809）；研究生：计算机科学与技术（0812）、软件工程（0835）;市（地）级及以下直属机构综合管理类","用人司局：国家金融监督管理总局射阳监管支局
职位简介：主要从事金融监管数据统计分析工作。
专业要求：本科：计算机类（0809）；研究生：计算机科学与技术（0812）、软件工程（0835）
学历要求：本科或硕士研究生
学位要求：与最高学历相对应的学位
政治面貌：不限
基层工作经历：无限制
考试类别：市（地）级及以下直属机构综合管理类
备注：1.报名时请在专业栏中同时填写专业名称和专业代码；2.限应届高校毕业生报考，请在备注栏中注明本人具有应届高校毕业生身份；3.要求本科学历大学英语四级成绩在425分及以上（雅思成绩在6分及以上、托福成绩在80分及以上、取得英语专业四级或专业八级合格证书亦可），要求研究生学历大学英语六级成绩在425分及以上（雅思成绩在6.5分及以上、托福成绩在90分及以上、取得英语专业四级或专业八级合格证书亦可），请在外语水平栏注明已获得的英语等级证书及成绩；4.专业考试信息请参见《2026年度国家金融监督管理总局招考职位专业科目笔试考试大纲》。","http://bm.scs.gov.cn/kl2026#132110-300147305001","2025-10-14","{""dataset_year"":2026,""job_uid"":""GOV-2026-132110-300147305001"",""publisher"":""国家公务员局"",""publication_page"":""http://bm.scs.gov.cn/kl2026"",""attachment_url"":""local://2026_guokao_zhaokaojianzhang.zip"",""local_source_file"":""中央机关及其直属机构2026年度考试录用公务员招考简章.xls"",""local_source_sha256"":""2670bae1df1dd07a3a3c79b9db46a11e3bb15a6c9c249e6af98bfd0b61ce3aaf"",""source_sheet"":""中央国家行政机关省级以下直属机构"",""filter_version"":""government_tech_v2"",""tech_filter"":{""is_tech"":true,""is_core_tech"":true,""scope"":""core"",""categories"":[""computer_software"",""data_ai""],""matched_fields"":[""major"",""description""],""major_terms"":[""计算机科学与技术"",""计算机类"",""软件工程""],""role_terms"":[""数据统计分析""],""reason"":""tech_major_and_role""},""original"":{""部门代码"":""132110"",""部门名称"":""国家金融监督管理总局江苏监管局"",""用人司局"":""国家金融监督管理总局射阳监管支局"",""机构性质"":""中央国家行政机关省级以下直属机构"",""招考职位"":""统计信息部门一级主任科员及以下"",""职位属性"":""金融监管计算机类职位"",""职位分布"":""其他职位"",""职位简介"":""主要从事金融监管数据统计分析工作。"",""职位代码"":""300147305001"",""机构层级"":""县（区）级及以下"",""考试类别"":""市（地）级及以下直属机构综合管理类"",""招考人数"":""1"",""专业"":""本科：计算机类（0809）；研究生：计算机科学与技术（0812）、软件工程（0835）"",""学历"":""本科或硕士研究生"",""学位"":""与最高学历相对应的学位"",""政治面貌"":""不限"",""基层工作最低年限"":""无限制"",""服务基层项目工作经历"":""无限制"",""是否在面试阶段组织专业能力测试"":""否"",""面试人员比例"":""3:1"",""工作地点"":""江苏省盐城市射阳县"",""落户地点"":""江苏省盐城市射阳县"",""备注"":""1.报名时请在专业栏中同时填写专业名称和专业代码；2.限应届高校毕业生报考，请在备注栏中注明本人具有应届高校毕业生身份；3.要求本科学历大学英语四级成绩在425分及以上（雅思成绩在6分及以上、托福成绩在80分及以上、取得英语专业四级或专业八级合格证书亦可），要求研究生学历大学英语六级成绩在425分及以上（雅思成绩在6.5分及以上、托福成绩在90分及以上、取得英语专业四级或专业八级合格证书亦可），请在外语水平栏注明已获得的英语等级证书及成绩；4.专业考试信息请参见《2026年度国家金融监督管理总局招考职位专业科目笔试考试大纲》。"",""部门网站"":""http://www.nfra.gov.cn/"",""咨询电话1"":""025-84090601"",""咨询电话2"":""025-84090913"",""咨询电话3"":""025-84090705"",""来源Sheet"":""中央国家行政机关省级以下直属机构""}}"
"government_jobs","国家公务员2026招考简章","公务员/事业单位技术岗位","江苏省扬州市宝应县","2026-07-28T09:12:58.310295+00:00","统计信息部门一级主任科员及以下","国家金融监督管理总局江苏监管局","","江苏省扬州市宝应县","公务员/事业单位;2026;computer_software;data_ai;electronics_communication;本科或硕士研究生;与最高学历相对应的学位;本科：电子信息类、计算机类； 研究生：电子科学与技术、计算机科学与技术;市（地）级及以下直属机构综合管理类","用人司局：国家金融监督管理总局宝应监管支局
职位简介：主要从事金融监管数据统计分析工作。
专业要求：本科：电子信息类、计算机类； 研究生：电子科学与技术、计算机科学与技术
学历要求：本科或硕士研究生
学位要求：与最高学历相对应的学位
政治面貌：不限
基层工作经历：无限制
考试类别：市（地）级及以下直属机构综合管理类
备注：1.报名时请在专业栏中同时填写专业名称和专业代码；2.要求本科学历大学英语四级成绩在425分及以上（雅思成绩在6分及以上、托福成绩在80分及以上、取得英语专业四级或专业八级合格证书亦可），要求研究生学历大学英语六级成绩在425分及以上（雅思成绩在6.5分及以上、托福成绩在90分及以上、取得英语专业四级或专业八级合格证书亦可），请在外语水平栏注明已获得的英语等级证书及成绩；3.专业考试信息请参见《2026年度国家金融监督管理总局招考职位专业科目笔试考试大纲》。","http://bm.scs.gov.cn/kl2026#132110-300147307001","2025-10-14","{""dataset_year"":2026,""job_uid"":""GOV-2026-132110-300147307001"",""publisher"":""国家公务员局"",""publication_page"":""http://bm.scs.gov.cn/kl2026"",""attachment_url"":""local://2026_guokao_zhaokaojianzhang.zip"",""local_source_file"":""中央机关及其直属机构2026年度考试录用公务员招考简章.xls"",""local_source_sha256"":""2670bae1df1dd07a3a3c79b9db46a11e3bb15a6c9c249e6af98bfd0b61ce3aaf"",""source_sheet"":""中央国家行政机关省级以下直属机构"",""filter_version"":""government_tech_v2"",""tech_filter"":{""is_tech"":true,""is_core_tech"":true,""scope"":""core"",""categories"":[""computer_software"",""data_ai"",""electronics_communication""],""matched_fields"":[""major"",""description""],""major_terms"":[""电子信息类"",""电子科学与技术"",""计算机科学与技术"",""计算机类""],""role_terms"":[""数据统计分析""],""reason"":""tech_major_and_role""},""original"":{""部门代码"":""132110"",""部门名称"":""国家金融监督管理总局江苏监管局"",""用人司局"":""国家金融监督管理总局宝应监管支局"",""机构性质"":""中央国家行政机关省级以下直属机构"",""招考职位"":""统计信息部门一级主任科员及以下"",""职位属性"":""金融监管计算机类职位"",""职位分布"":""其他职位"",""职位简介"":""主要从事金融监管数据统计分析工作。"",""职位代码"":""300147307001"",""机构层级"":""县（区）级及以下"",""考试类别"":""市（地）级及以下直属机构综合管理类"",""招考人数"":""1"",""专业"":""本科：电子信息类、计算机类； 研究生：电子科学与技术、计算机科学与技术"",""学历"":""本科或硕士研究生"",""学位"":""与最高学历相对应的学位"",""政治面貌"":""不限"",""基层工作最低年限"":""无限制"",""服务基层项目工作经历"":""无限制"",""是否在面试阶段组织专业能力测试"":""否"",""面试人员比例"":""3:1"",""工作地点"":""江苏省扬州市宝应县"",""落户地点"":""江苏省"",""备注"":""1.报名时请在专业栏中同时填写专业名称和专业代码；2.要求本科学历大学英语四级成绩在425分及以上（雅思成绩在6分及以上、托福成绩在80分及以上、取得英语专业四级或专业八级合格证书亦可），要求研究生学历大学英语六级成绩在425分及以上（雅思成绩在6.5分及以上、托福成绩在90分及以上、取得英语专业四级或专业八级合格证书亦可），请在外语水平栏注明已获得的英语等级证书及成绩；3.专业考试信息请参见《2026年度国家金融监督管理总局招考职位专业科目笔试考试大纲》。"",""部门网站"":""http://www.nfra.gov.cn/"",""咨询电话1"":""025-84090601"",""咨询电话2"":""025-84090913"",""咨询电话3"":""025-84090705"",""来源Sheet"":""中央国家行政机关省级以下直属机构""}}"
"government_jobs","国家公务员2026招考简章","公务员/事业单位技术岗位","江苏省扬州市仪征市","2026-07-28T09:12:58.310295+00:00","统计信息部门一级主任科员及以下","国家金融监督管理总局江苏监管局","","江苏省扬州市仪征市","公务员/事业单位;2026;computer_software;cybersecurity_cryptography;data_ai;本科或硕士研究生;与最高学历相对应的学位;本科：计算机科学与技术、软件工程、数据科学与大数据技术；研究生：计算机科学与技术、软件工程、网络空间安全;市（地）级及以下直属机构综合管理类","用人司局：国家金融监督管理总局仪征监管支局
职位简介：主要从事金融监管数据统计分析工作。
专业要求：本科：计算机科学与技术、软件工程、数据科学与大数据技术；研究生：计算机科学与技术、软件工程、网络空间安全
学历要求：本科或硕士研究生
学位要求：与最高学历相对应的学位
政治面貌：不限
基层工作经历：无限制
考试类别：市（地）级及以下直属机构综合管理类
备注：1.报名时请在专业栏中同时填写专业名称和专业代码；2.限应届高校毕业生报考，请在备注栏中注明本人具有应届高校毕业生身份；3.要求本科学历大学英语四级成绩在425分及以上（雅思成绩在6分及以上、托福成绩在80分及以上、取得英语专业四级或专业八级合格证书亦可），要求研究生学历大学英语六级成绩在425分及以上（雅思成绩在6.5分及以上、托福成绩在90分及以上、取得英语专业四级或专业八级合格证书亦可），请在外语水平栏注明已获得的英语等级证书及成绩；4.专业考试信息请参见《2026年度国家金融监督管理总局招考职位专业科目笔试考试大纲》。","http://bm.scs.gov.cn/kl2026#132110-300147309001","2025-10-14","{""dataset_year"":2026,""job_uid"":""GOV-2026-132110-300147309001"",""publisher"":""国家公务员局"",""publication_page"":""http://bm.scs.gov.cn/kl2026"",""attachment_url"":""local://2026_guokao_zhaokaojianzhang.zip"",""local_source_file"":""中央机关及其直属机构2026年度考试录用公务员招考简章.xls"",""local_source_sha256"":""2670bae1df1dd07a3a3c79b9db46a11e3bb15a6c9c249e6af98bfd0b61ce3aaf"",""source_sheet"":""中央国家行政机关省级以下直属机构"",""filter_version"":""government_tech_v2"",""tech_filter"":{""is_tech"":true,""is_core_tech"":true,""scope"":""core"",""categories"":[""computer_software"",""cybersecurity_cryptography"",""data_ai""],""matched_fields"":[""major"",""description""],""major_terms"":[""大数据"",""数据科学与大数据技术"",""网络空间安全"",""计算机科学与技术"",""软件工程""],""role_terms"":[""数据统计分析""],""reason"":""tech_major_and_role""},""original"":{""部门代码"":""132110"",""部门名称"":""国家金融监督管理总局江苏监管局"",""用人司局"":""国家金融监督管理总局仪征监管支局"",""机构性质"":""中央国家行政机关省级以下直属机构"",""招考职位"":""统计信息部门一级主任科员及以下"",""职位属性"":""金融监管计算机类职位"",""职位分布"":""其他职位"",""职位简介"":""主要从事金融监管数据统计分析工作。"",""职位代码"":""300147309001"",""机构层级"":""县（区）级及以下"",""考试类别"":""市（地）级及以下直属机构综合管理类"",""招考人数"":""1"",""专业"":""本科：计算机科学与技术、软件工程、数据科学与大数据技术；研究生：计算机科学与技术、软件工程、网络空间安全"",""学历"":""本科或硕士研究生"",""学位"":""与最高学历相对应的学位"",""政治面貌"":""不限"",""基层工作最低年限"":""无限制"",""服务基层项目工作经历"":""无限制"",""是否在面试阶段组织专业能力测试"":""否"",""面试人员比例"":""3:1"",""工作地点"":""江苏省扬州市仪征市"",""落户地点"":""江苏省"",""备注"":""1.报名时请在专业栏中同时填写专业名称和专业代码；2.限应届高校毕业生报考，请在备注栏中注明本人具有应届高校毕业生身份；3.要求本科学历大学英语四级成绩在425分及以上（雅思成绩在6分及以上、托福成绩在80分及以上、取得英语专业四级或专业八级合格证书亦可），要求研究生学历大学英语六级成绩在425分及以上（雅思成绩在6.5分及以上、托福成绩在90分及以上、取得英语专业四级或专业八级合格证书亦可），请在外语水平栏注明已获得的英语等级证书及成绩；4.专业考试信息请参见《2026年度国家金融监督管理总局招考职位专业科目笔试考试大纲》。"",""部门网站"":""http://www.nfra.gov.cn/"",""咨询电话1"":""025-84090601"",""咨询电话2"":""025-84090913"",""咨询电话3"":""025-84090705"",""来源Sheet"":""中央国家行政机关省级以下直属机构""}}"
"government_jobs","国家公务员2026招考简章","公务员/事业单位技术岗位","江苏省镇江市扬中市","2026-07-28T09:12:58.310295+00:00","统计信息部门一级主任科员及以下","国家金融监督管理总局江苏监管局","","江苏省镇江市扬中市","公务员/事业单位;2026;computer_software;data_ai;本科或硕士研究生;与最高学历相对应的学位;本科：计算机科学与技术、软件工程； 研究生：计算机科学与技术;市（地）级及以下直属机构综合管理类","用人司局：国家金融监督管理总局扬中监管支局
职位简介：主要从事金融监管数据统计分析工作。
专业要求：本科：计算机科学与技术、软件工程； 研究生：计算机科学与技术
学历要求：本科或硕士研究生
学位要求：与最高学历相对应的学位
政治面貌：不限
基层工作经历：无限制
考试类别：市（地）级及以下直属机构综合管理类
备注：1.报名时请在专业栏中同时填写专业名称和专业代码；2.要求本科学历大学英语四级成绩在425分及以上（雅思成绩在6分及以上、托福成绩在80分及以上、取得英语专业四级或专业八级合格证书亦可），要求研究生学历大学英语六级成绩在425分及以上（雅思成绩在6.5分及以上、托福成绩在90分及以上、取得英语专业四级或专业八级合格证书亦可），请在外语水平栏注明已获得的英语等级证书及成绩；3.专业考试信息请参见《2026年度国家金融监督管理总局招考职位专业科目笔试考试大纲》。","http://bm.scs.gov.cn/kl2026#132110-300147311001","2025-10-14","{""dataset_year"":2026,""job_uid"":""GOV-2026-132110-300147311001"",""publisher"":""国家公务员局"",""publication_page"":""http://bm.scs.gov.cn/kl2026"",""attachment_url"":""local://2026_guokao_zhaokaojianzhang.zip"",""local_source_file"":""中央机关及其直属机构2026年度考试录用公务员招考简章.xls"",""local_source_sha256"":""2670bae1df1dd07a3a3c79b9db46a11e3bb15a6c9c249e6af98bfd0b61ce3aaf"",""source_sheet"":""中央国家行政机关省级以下直属机构"",""filter_version"":""government_tech_v2"",""tech_filter"":{""is_tech"":true,""is_core_tech"":true,""scope"":""core"",""categories"":[""computer_software"",""data_ai""],""matched_fields"":[""major"",""description""],""major_terms"":[""计算机科学与技术"",""软件工程""],""role_terms"":[""数据统计分析""],""reason"":""tech_major_and_role""},""original"":{""部门代码"":""132110"",""部门名称"":""国家金融监督管理总局江苏监管局"",""用人司局"":""国家金融监督管理总局扬中监管支局"",""机构性质"":""中央国家行政机关省级以下直属机构"",""招考职位"":""统计信息部门一级主任科员及以下"",""职位属性"":""金融监管计算机类职位"",""职位分布"":""其他职位"",""职位简介"":""主要从事金融监管数据统计分析工作。"",""职位代码"":""300147311001"",""机构层级"":""县（区）级及以下"",""考试类别"":""市（地）级及以下直属机构综合管理类"",""招考人数"":""1"",""专业"":""本科：计算机科学与技术、软件工程； 研究生：计算机科学与技术"",""学历"":""本科或硕士研究生"",""学位"":""与最高学历相对应的学位"",""政治面貌"":""不限"",""基层工作最低年限"":""无限制"",""服务基层项目工作经历"":""无限制"",""是否在面试阶段组织专业能力测试"":""否"",""面试人员比例"":""3:1"",""工作地点"":""江苏省镇江市扬中市"",""落户地点"":""江苏省镇江市扬中市"",""备注"":""1.报名时请在专业栏中同时填写专业名称和专业代码；2.要求本科学历大学英语四级成绩在425分及以上（雅思成绩在6分及以上、托福成绩在80分及以上、取得英语专业四级或专业八级合格证书亦可），要求研究生学历大学英语六级成绩在425分及以上（雅思成绩在6.5分及以上、托福成绩在90分及以上、取得英语专业四级或专业八级合格证书亦可），请在外语水平栏注明已获得的英语等级证书及成绩；3.专业考试信息请参见《2026年度国家金融监督管理总局招考职位专业科目笔试考试大纲》。"",""部门网站"":""http://www.nfra.gov.cn/"",""咨询电话1"":""025-84090601"",""咨询电话2"":""025-84090913"",""咨询电话3"":""025-84090705"",""来源Sheet"":""中央国家行政机关省级以下直属机构""}}"
"government_jobs","国家公务员2026招考简章","公务员/事业单位技术岗位","江苏省宿迁市泗洪县","2026-07-28T09:12:58.310295+00:00","统计信息部门一级主任科员及以下","国家金融监督管理总局江苏监管局","","江苏省宿迁市泗洪县","公务员/事业单位;2026;computer_software;data_ai;本科或硕士研究生;与最高学历相对应的学位;本科：计算机类；研究生：计算机科学与技术;市（地）级及以下直属机构综合管理类","用人司局：国家金融监督管理总局泗洪监管支局
职位简介：主要从事金融监管数据统计分析工作。
专业要求：本科：计算机类；研究生：计算机科学与技术
学历要求：本科或硕士研究生
学位要求：与最高学历相对应的学位
政治面貌：不限
基层工作经历：无限制
考试类别：市（地）级及以下直属机构综合管理类
备注：1.报名时请在专业栏中同时填写专业名称和专业代码；2.限应届高校毕业生报考，请在备注栏中注明本人具有应届高校毕业生身份；3.要求本科学历大学英语四级成绩在425分及以上（雅思成绩在6分及以上、托福成绩在80分及以上、取得英语专业四级或专业八级合格证书亦可），要求研究生学历大学英语六级成绩在425分及以上（雅思成绩在6.5分及以上、托福成绩在90分及以上，取得英语专业四级或专业八级合格证书亦可），请在外语水平栏注明已获得的英语等级证书及成绩；4.专业考试信息请参见《2026年度国家金融监督管理总局招考职位专业科目笔试考试大纲》。","http://bm.scs.gov.cn/kl2026#132110-300147315001","2025-10-14","{""dataset_year"":2026,""job_uid"":""GOV-2026-132110-300147315001"",""publisher"":""国家公务员局"",""publication_page"":""http://bm.scs.gov.cn/kl2026"",""attachment_url"":""local://2026_guokao_zhaokaojianzhang.zip"",""local_source_file"":""中央机关及其直属机构2026年度考试录用公务员招考简章.xls"",""local_source_sha256"":""2670bae1df1dd07a3a3c79b9db46a11e3bb15a6c9c249e6af98bfd0b61ce3aaf"",""source_sheet"":""中央国家行政机关省级以下直属机构"",""filter_version"":""government_tech_v2"",""tech_filter"":{""is_tech"":true,""is_core_tech"":true,""scope"":""core"",""categories"":[""computer_software"",""data_ai""],""matched_fields"":[""major"",""description""],""major_terms"":[""计算机科学与技术"",""计算机类""],""role_terms"":[""数据统计分析""],""reason"":""tech_major_and_role""},""original"":{""部门代码"":""132110"",""部门名称"":""国家金融监督管理总局江苏监管局"",""用人司局"":""国家金融监督管理总局泗洪监管支局"",""机构性质"":""中央国家行政机关省级以下直属机构"",""招考职位"":""统计信息部门一级主任科员及以下"",""职位属性"":""金融监管计算机类职位"",""职位分布"":""其他职位"",""职位简介"":""主要从事金融监管数据统计分析工作。"",""职位代码"":""300147315001"",""机构层级"":""县（区）级及以下"",""考试类别"":""市（地）级及以下直属机构综合管理类"",""招考人数"":""1"",""专业"":""本科：计算机类；研究生：计算机科学与技术"",""学历"":""本科或硕士研究生"",""学位"":""与最高学历相对应的学位"",""政治面貌"":""不限"",""基层工作最低年限"":""无限制"",""服务基层项目工作经历"":""无限制"",""是否在面试阶段组织专业能力测试"":""否"",""面试人员比例"":""3:1"",""工作地点"":""江苏省宿迁市泗洪县"",""落户地点"":""江苏省宿迁市泗洪县"",""备注"":""1.报名时请在专业栏中同时填写专业名称和专业代码；2.限应届高校毕业生报考，请在备注栏中注明本人具有应届高校毕业生身份；3.要求本科学历大学英语四级成绩在425分及以上（雅思成绩在6分及以上、托福成绩在80分及以上、取得英语专业四级或专业八级合格证书亦可），要求研究生学历大学英语六级成绩在425分及以上（雅思成绩在6.5分及以上、托福成绩在90分及以上，取得英语专业四级或专业八级合格证书亦可），请在外语水平栏注明已获得的英语等级证书及成绩；4.专业考试信息请参见《2026年度国家金融监督管理总局招考职位专业科目笔试考试大纲》。"",""部门网站"":""http://www.nfra.gov.cn/"",""咨询电话1"":""025-84090601"",""咨询电话2"":""025-84090913"",""咨询电话3"":""025-84090705"",""来源Sheet"":""中央国家行政机关省级以下直属机构""}}"
"government_jobs","国家公务员2026招考简章","公务员/事业单位技术岗位","浙江省杭州市","2026-07-28T09:12:58.310295+00:00","科技部门一级主任科员及以下","国家金融监督管理总局浙江监管局","","浙江省杭州市","公务员/事业单位;2026;computer_software;仅限硕士研究生;硕士;研究生阶段限0812下：计算机科学与技术、计算机软件与理论、计算机系统结构、计算机应用技术、数据科学，0835软件工程，0854下：大数据技术与工程、计算机技术、软件工程；且本科阶段限：计算机科学与技术、软件工程、数据科学与大数据技术。;中央机关及其省级直属机构综合管理类","用人司局：国家金融监督管理总局浙江监管局
职位简介：主要从事金融信息科技风险监管、电子设备软硬件管理及信息系统运行维护等工作。
专业要求：研究生阶段限0812下：计算机科学与技术、计算机软件与理论、计算机系统结构、计算机应用技术、数据科学，0835软件工程，0854下：大数据技术与工程、计算机技术、软件工程；且本科阶段限：计算机科学与技术、软件工程、数据科学与大数据技术。
学历要求：仅限硕士研究生
学位要求：硕士
政治面貌：不限
基层工作经历：二年
考试类别：中央机关及其省级直属机构综合管理类
备注：1.报名时请在专业栏中同时填写专业名称和专业代码；2.要求研究生学历大学英语六级成绩在425分及以上（雅思成绩在6.5分及以上、托福成绩在90分及以上、取得英语专业四级或专业八级合格证书亦可），请在外语水平栏注明已获得的英语等级证书及成绩；3.要求具有2年以上基层工作经历，请在简历栏中注明相关经历；4.专业考试信息请参见《2026年度国家金融监督管理总局招考职位专业科目笔试考试大纲》。","http://bm.scs.gov.cn/kl2026#132111-300147316001","2025-10-14","{""dataset_year"":2026,""job_uid"":""GOV-2026-132111-300147316001"",""publisher"":""国家公务员局"",""publication_page"":""http://bm.scs.gov.cn/kl2026"",""attachment_url"":""local://2026_guokao_zhaokaojianzhang.zip"",""local_source_file"":""中央机关及其直属机构2026年度考试录用公务员招考简章.xls"",""local_source_sha256"":""2670bae1df1dd07a3a3c79b9db46a11e3bb15a6c9c249e6af98bfd0b61ce3aaf"",""source_sheet"":""中央国家行政机关省级以下直属机构"",""filter_version"":""government_tech_v2"",""tech_filter"":{""is_tech"":true,""is_core_tech"":true,""scope"":""core"",""categories"":[""computer_software""],""matched_fields"":[""major"",""description""],""major_terms"":[""大数据"",""数据科学"",""数据科学与大数据技术"",""计算机"",""计算机技术"",""计算机科学与技术"",""软件工程""],""role_terms"":[""信息科技"",""信息系统"",""软硬件""],""reason"":""tech_major_and_role""},""original"":{""部门代码"":""132111"",""部门名称"":""国家金融监督管理总局浙江监管局"",""用人司局"":""国家金融监督管理总局浙江监管局"",""机构性质"":""中央国家行政机关省级以下直属机构"",""招考职位"":""科技部门一级主任科员及以下"",""职位属性"":""金融监管计算机类职位"",""职位分布"":""其他职位"",""职位简介"":""主要从事金融信息科技风险监管、电子设备软硬件管理及信息系统运行维护等工作。"",""职位代码"":""300147316001"",""机构层级"":""省（副省）级"",""考试类别"":""中央机关及其省级直属机构综合管理类"",""招考人数"":""2"",""专业"":""研究生阶段限0812下：计算机科学与技术、计算机软件与理论、计算机系统结构、计算机应用技术、数据科学，0835软件工程，0854下：大数据技术与工程、计算机技术、软件工程；且本科阶段限：计算机科学与技术、软件工程、数据科学与大数据技术。"",""学历"":""仅限硕士研究生"",""学位"":""硕士"",""政治面貌"":""不限"",""基层工作最低年限"":""二年"",""服务基层项目工作经历"":""无限制"",""是否在面试阶段组织专业能力测试"":""否"",""面试人员比例"":""4:1"",""工作地点"":""浙江省杭州市"",""落户地点"":""浙江省杭州市"",""备注"":""1.报名时请在专业栏中同时填写专业名称和专业代码；2.要求研究生学历大学英语六级成绩在425分及以上（雅思成绩在6.5分及以上、托福成绩在90分及以上、取得英语专业四级或专业八级合格证书亦可），请在外语水平栏注明已获得的英语等级证书及成绩；3.要求具有2年以上基层工作经历，请在简历栏中注明相关经历；4.专业考试信息请参见《2026年度国家金融监督管理总局招考职位专业科目笔试考试大纲》。"",""部门网站"":""http://www.nfra.gov.cn/"",""咨询电话1"":""0571-87189979"",""咨询电话2"":"""",""咨询电话3"":"""",""来源Sheet"":""中央国家行政机关省级以下直属机构""}}"
"government_jobs","国家公务员2026招考简章","公务员/事业单位技术岗位","浙江省温州市","2026-07-28T09:12:58.310295+00:00","科技部门一级主任科员及以下","国家金融监督管理总局浙江监管局","","浙江省温州市","公务员/事业单位;2026;computer_software;硕士研究生及以上;与最高学历相对应的学位;0812下：计算机科学与技术、计算机软件与理论、计算机系统结构、计算机应用技术、数据科学；0835软件工程；0854下：大数据技术与工程、计算机技术、软件工程;市（地）级及以下直属机构综合管理类","用人司局：国家金融监督管理总局温州监管分局
职位简介：主要从事金融信息科技风险监管、电子设备软硬件管理及信息系统运行维护等工作。
专业要求：0812下：计算机科学与技术、计算机软件与理论、计算机系统结构、计算机应用技术、数据科学；0835软件工程；0854下：大数据技术与工程、计算机技术、软件工程
学历要求：硕士研究生及以上
学位要求：与最高学历相对应的学位
政治面貌：不限
基层工作经历：无限制
考试类别：市（地）级及以下直属机构综合管理类
备注：1.报名时请在专业栏中同时填写专业名称和专业代码；2.限应届高校毕业生报考，请在备注栏中注明本人具有应届高校毕业生身份；3.要求研究生学历大学英语六级成绩在425分及以上（雅思成绩在6.5分及以上、托福成绩在90分及以上、取得英语专业四级或专业八级合格证书亦可），请在外语水平栏注明已获得的英语等级证书及成绩；4.专业考试信息请参见《2026年度国家金融监督管理总局招考职位专业科目笔试考试大纲》。","http://bm.scs.gov.cn/kl2026#132111-300147317001","2025-10-14","{""dataset_year"":2026,""job_uid"":""GOV-2026-132111-300147317001"",""publisher"":""国家公务员局"",""publication_page"":""http://bm.scs.gov.cn/kl2026"",""attachment_url"":""local://2026_guokao_zhaokaojianzhang.zip"",""local_source_file"":""中央机关及其直属机构2026年度考试录用公务员招考简章.xls"",""local_source_sha256"":""2670bae1df1dd07a3a3c79b9db46a11e3bb15a6c9c249e6af98bfd0b61ce3aaf"",""source_sheet"":""中央国家行政机关省级以下直属机构"",""filter_version"":""government_tech_v2"",""tech_filter"":{""is_tech"":true,""is_core_tech"":true,""scope"":""core"",""categories"":[""computer_software""],""matched_fields"":[""major"",""description""],""major_terms"":[""大数据"",""数据科学"",""计算机"",""计算机技术"",""计算机科学与技术"",""软件工程""],""role_terms"":[""信息科技"",""信息系统"",""软硬件""],""reason"":""tech_major_and_role""},""original"":{""部门代码"":""132111"",""部门名称"":""国家金融监督管理总局浙江监管局"",""用人司局"":""国家金融监督管理总局温州监管分局"",""机构性质"":""中央国家行政机关省级以下直属机构"",""招考职位"":""科技部门一级主任科员及以下"",""职位属性"":""金融监管计算机类职位"",""职位分布"":""其他职位"",""职位简介"":""主要从事金融信息科技风险监管、电子设备软硬件管理及信息系统运行维护等工作。"",""职位代码"":""300147317001"",""机构层级"":""市（地）级"",""考试类别"":""市（地）级及以下直属机构综合管理类"",""招考人数"":""1"",""专业"":""0812下：计算机科学与技术、计算机软件与理论、计算机系统结构、计算机应用技术、数据科学；0835软件工程；0854下：大数据技术与工程、计算机技术、软件工程"",""学历"":""硕士研究生及以上"",""学位"":""与最高学历相对应的学位"",""政治面貌"":""不限"",""基层工作最低年限"":""无限制"",""服务基层项目工作经历"":""无限制"",""是否在面试阶段组织专业能力测试"":""否"",""面试人员比例"":""3:1"",""工作地点"":""浙江省温州市"",""落户地点"":""浙江省温州市"",""备注"":""1.报名时请在专业栏中同时填写专业名称和专业代码；2.限应届高校毕业生报考，请在备注栏中注明本人具有应届高校毕业生身份；3.要求研究生学历大学英语六级成绩在425分及以上（雅思成绩在6.5分及以上、托福成绩在90分及以上、取得英语专业四级或专业八级合格证书亦可），请在外语水平栏注明已获得的英语等级证书及成绩；4.专业考试信息请参见《2026年度国家金融监督管理总局招考职位专业科目笔试考试大纲》。"",""部门网站"":""http://www.nfra.gov.cn/"",""咨询电话1"":""0571-87189979"",""咨询电话2"":"""",""咨询电话3"":"""",""来源Sheet"":""中央国家行政机关省级以下直属机构""}}"
"government_jobs","国家公务员2026招考简章","公务员/事业单位技术岗位","浙江省杭州市富阳区","2026-07-28T09:12:58.310295+00:00","科技部门一级主任科员及以下","国家金融监督管理总局浙江监管局","","浙江省杭州市富阳区","公务员/事业单位;2026;computer_software;本科及以上;与最高学历相对应的学位;计算机类;市（地）级及以下直属机构综合管理类","用人司局：国家金融监督管理总局富阳监管支局
职位简介：主要从事金融信息科技风险监管、电子设备软硬件管理及信息系统运行维护等工作。
专业要求：计算机类
学历要求：本科及以上
学位要求：与最高学历相对应的学位
政治面貌：不限
基层工作经历：无限制
考试类别：市（地）级及以下直属机构综合管理类
备注：1.报名时请在专业栏中同时填写专业名称和专业代码；2.要求本科学历大学英语四级成绩在425分及以上（雅思成绩在6分及以上、托福成绩在80分及以上、取得英语专业四级或专业八级合格证书亦可），研究生学历大学英语六级成绩在425分及以上（雅思成绩在6.5分及以上、托福成绩在90分及以上、取得英语专业四级或专业八级合格证书亦可），请在外语水平栏注明已获得的英语等级证书及成绩；3.专业考试信息请参见《2026年度国家金融监督管理总局招考职位专业科目笔试考试大纲》。","http://bm.scs.gov.cn/kl2026#132111-300147325001","2025-10-14","{""dataset_year"":2026,""job_uid"":""GOV-2026-132111-300147325001"",""publisher"":""国家公务员局"",""publication_page"":""http://bm.scs.gov.cn/kl2026"",""attachment_url"":""local://2026_guokao_zhaokaojianzhang.zip"",""local_source_file"":""中央机关及其直属机构2026年度考试录用公务员招考简章.xls"",""local_source_sha256"":""2670bae1df1dd07a3a3c79b9db46a11e3bb15a6c9c249e6af98bfd0b61ce3aaf"",""source_sheet"":""中央国家行政机关省级以下直属机构"",""filter_version"":""government_tech_v2"",""tech_filter"":{""is_tech"":true,""is_core_tech"":true,""scope"":""core"",""categories"":[""computer_software""],""matched_fields"":[""major"",""description""],""major_terms"":[""计算机类""],""role_terms"":[""信息科技"",""信息系统"",""软硬件""],""reason"":""tech_major_and_role""},""original"":{""部门代码"":""132111"",""部门名称"":""国家金融监督管理总局浙江监管局"",""用人司局"":""国家金融监督管理总局富阳监管支局"",""机构性质"":""中央国家行政机关省级以下直属机构"",""招考职位"":""科技部门一级主任科员及以下"",""职位属性"":""金融监管计算机类职位"",""职位分布"":""其他职位"",""职位简介"":""主要从事金融信息科技风险监管、电子设备软硬件管理及信息系统运行维护等工作。"",""职位代码"":""300147325001"",""机构层级"":""县（区）级及以下"",""考试类别"":""市（地）级及以下直属机构综合管理类"",""招考人数"":""1"",""专业"":""计算机类"",""学历"":""本科及以上"",""学位"":""与最高学历相对应的学位"",""政治面貌"":""不限"",""基层工作最低年限"":""无限制"",""服务基层项目工作经历"":""无限制"",""是否在面试阶段组织专业能力测试"":""否"",""面试人员比例"":""3:1"",""工作地点"":""浙江省杭州市富阳区"",""落户地点"":""浙江省杭州市富阳区"",""备注"":""1.报名时请在专业栏中同时填写专业名称和专业代码；2.要求本科学历大学英语四级成绩在425分及以上（雅思成绩在6分及以上、托福成绩在80分及以上、取得英语专业四级或专业八级合格证书亦可），研究生学历大学英语六级成绩在425分及以上（雅思成绩在6.5分及以上、托福成绩在90分及以上、取得英语专业四级或专业八级合格证书亦可），请在外语水平栏注明已获得的英语等级证书及成绩；3.专业考试信息请参见《2026年度国家金融监督管理总局招考职位专业科目笔试考试大纲》。"",""部门网站"":""http://www.nfra.gov.cn/"",""咨询电话1"":""0571-87189979"",""咨询电话2"":"""",""咨询电话3"":"""",""来源Sheet"":""中央国家行政机关省级以下直属机构""}}"
"government_jobs","国家公务员2026招考简章","公务员/事业单位技术岗位","浙江省杭州市临平区","2026-07-28T09:12:58.310295+00:00","统计信息部门一级主任科员及以下","国家金融监督管理总局浙江监管局","","浙江省杭州市临平区","公务员/事业单位;2026;computer_software;data_ai;本科及以上;与最高学历相对应的学位;计算机类;市（地）级及以下直属机构综合管理类","用人司局：国家金融监督管理总局临平监管支局
职位简介：主要从事金融监管数据统计分析工作。
专业要求：计算机类
学历要求：本科及以上
学位要求：与最高学历相对应的学位
政治面貌：中共党员
基层工作经历：无限制
考试类别：市（地）级及以下直属机构综合管理类
备注：1.报名时请在专业栏中同时填写专业名称和专业代码；2.要求本科学历大学英语四级成绩在425分及以上（雅思成绩在6分及以上、托福成绩在80分及以上、取得英语专业四级或专业八级合格证书亦可），研究生学历大学英语六级成绩在425分及以上（雅思成绩在6.5分及以上、托福成绩在90分及以上、取得英语专业四级或专业八级合格证书亦可），请在外语水平栏注明已获得的英语等级证书及成绩；3.专业考试信息请参见《2026年度国家金融监督管理总局招考职位专业科目笔试考试大纲》。","http://bm.scs.gov.cn/kl2026#132111-300147329001","2025-10-14","{""dataset_year"":2026,""job_uid"":""GOV-2026-132111-300147329001"",""publisher"":""国家公务员局"",""publication_page"":""http://bm.scs.gov.cn/kl2026"",""attachment_url"":""local://2026_guokao_zhaokaojianzhang.zip"",""local_source_file"":""中央机关及其直属机构2026年度考试录用公务员招考简章.xls"",""local_source_sha256"":""2670bae1df1dd07a3a3c79b9db46a11e3bb15a6c9c249e6af98bfd0b61ce3aaf"",""source_sheet"":""中央国家行政机关省级以下直属机构"",""filter_version"":""government_tech_v2"",""tech_filter"":{""is_tech"":true,""is_core_tech"":true,""scope"":""core"",""categories"":[""computer_software"",""data_ai""],""matched_fields"":[""major"",""description""],""major_terms"":[""计算机类""],""role_terms"":[""数据统计分析""],""reason"":""tech_major_and_role""},""original"":{""部门代码"":""132111"",""部门名称"":""国家金融监督管理总局浙江监管局"",""用人司局"":""国家金融监督管理总局临平监管支局"",""机构性质"":""中央国家行政机关省级以下直属机构"",""招考职位"":""统计信息部门一级主任科员及以下"",""职位属性"":""金融监管计算机类职位"",""职位分布"":""其他职位"",""职位简介"":""主要从事金融监管数据统计分析工作。"",""职位代码"":""300147329001"",""机构层级"":""县（区）级及以下"",""考试类别"":""市（地）级及以下直属机构综合管理类"",""招考人数"":""1"",""专业"":""计算机类"",""学历"":""本科及以上"",""学位"":""与最高学历相对应的学位"",""政治面貌"":""中共党员"",""基层工作最低年限"":""无限制"",""服务基层项目工作经历"":""无限制"",""是否在面试阶段组织专业能力测试"":""否"",""面试人员比例"":""3:1"",""工作地点"":""浙江省杭州市临平区"",""落户地点"":""浙江省杭州市临平区"",""备注"":""1.报名时请在专业栏中同时填写专业名称和专业代码；2.要求本科学历大学英语四级成绩在425分及以上（雅思成绩在6分及以上、托福成绩在80分及以上、取得英语专业四级或专业八级合格证书亦可），研究生学历大学英语六级成绩在425分及以上（雅思成绩在6.5分及以上、托福成绩在90分及以上、取得英语专业四级或专业八级合格证书亦可），请在外语水平栏注明已获得的英语等级证书及成绩；3.专业考试信息请参见《2026年度国家金融监督管理总局招考职位专业科目笔试考试大纲》。"",""部门网站"":""http://www.nfra.gov.cn/"",""咨询电话1"":""0571-87189979"",""咨询电话2"":"""",""咨询电话3"":"""",""来源Sheet"":""中央国家行政机关省级以下直属机构""}}"
"government_jobs","国家公务员2026招考简章","公务员/事业单位技术岗位","浙江省嘉兴市平湖市","2026-07-28T09:12:58.310295+00:00","统计信息部门一级主任科员及以下","国家金融监督管理总局浙江监管局","","浙江省嘉兴市平湖市","公务员/事业单位;2026;computer_software;data_ai;本科及以上;与最高学历相对应的学位;以本科专业报考：计算机类；以研究生专业报考：0812计算机科学与技术;市（地）级及以下直属机构综合管理类","用人司局：国家金融监督管理总局平湖监管支局
职位简介：主要从事金融监管数据统计分析工作。
专业要求：以本科专业报考：计算机类；以研究生专业报考：0812计算机科学与技术
学历要求：本科及以上
学位要求：与最高学历相对应的学位
政治面貌：不限
基层工作经历：无限制
考试类别：市（地）级及以下直属机构综合管理类
备注：1.报名时请在专业栏中同时填写专业名称和专业代码；2.限应届高校毕业生报考，请在备注栏中注明本人具有应届高校毕业生身份；3.要求本科学历大学英语四级成绩在425分及以上（雅思成绩在6分及以上、托福成绩在80分及以上、取得英语专业四级或专业八级合格证书亦可），研究生学历大学英语六级成绩在425分及以上（雅思成绩在6.5分及以上、托福成绩在90分及以上、取得英语专业四级或专业八级合格证书亦可），请在外语水平栏注明已获得的英语等级证书及成绩；4.专业考试信息请参见《2026年度国家金融监督管理总局招考职位专业科目笔试考试大纲》。","http://bm.scs.gov.cn/kl2026#132111-300147332001","2025-10-14","{""dataset_year"":2026,""job_uid"":""GOV-2026-132111-300147332001"",""publisher"":""国家公务员局"",""publication_page"":""http://bm.scs.gov.cn/kl2026"",""attachment_url"":""local://2026_guokao_zhaokaojianzhang.zip"",""local_source_file"":""中央机关及其直属机构2026年度考试录用公务员招考简章.xls"",""local_source_sha256"":""2670bae1df1dd07a3a3c79b9db46a11e3bb15a6c9c249e6af98bfd0b61ce3aaf"",""source_sheet"":""中央国家行政机关省级以下直属机构"",""filter_version"":""government_tech_v2"",""tech_filter"":{""is_tech"":true,""is_core_tech"":true,""scope"":""core"",""categories"":[""computer_software"",""data_ai""],""matched_fields"":[""major"",""description""],""major_terms"":[""计算机科学与技术"",""计算机类""],""role_terms"":[""数据统计分析""],""reason"":""tech_major_and_role""},""original"":{""部门代码"":""132111"",""部门名称"":""国家金融监督管理总局浙江监管局"",""用人司局"":""国家金融监督管理总局平湖监管支局"",""机构性质"":""中央国家行政机关省级以下直属机构"",""招考职位"":""统计信息部门一级主任科员及以下"",""职位属性"":""金融监管计算机类职位"",""职位分布"":""其他职位"",""职位简介"":""主要从事金融监管数据统计分析工作。"",""职位代码"":""300147332001"",""机构层级"":""县（区）级及以下"",""考试类别"":""市（地）级及以下直属机构综合管理类"",""招考人数"":""1"",""专业"":""以本科专业报考：计算机类；以研究生专业报考：0812计算机科学与技术"",""学历"":""本科及以上"",""学位"":""与最高学历相对应的学位"",""政治面貌"":""不限"",""基层工作最低年限"":""无限制"",""服务基层项目工作经历"":""无限制"",""是否在面试阶段组织专业能力测试"":""否"",""面试人员比例"":""3:1"",""工作地点"":""浙江省嘉兴市平湖市"",""落户地点"":""浙江省嘉兴市平湖市"",""备注"":""1.报名时请在专业栏中同时填写专业名称和专业代码；2.限应届高校毕业生报考，请在备注栏中注明本人具有应届高校毕业生身份；3.要求本科学历大学英语四级成绩在425分及以上（雅思成绩在6分及以上、托福成绩在80分及以上、取得英语专业四级或专业八级合格证书亦可），研究生学历大学英语六级成绩在425分及以上（雅思成绩在6.5分及以上、托福成绩在90分及以上、取得英语专业四级或专业八级合格证书亦可），请在外语水平栏注明已获得的英语等级证书及成绩；4.专业考试信息请参见《2026年度国家金融监督管理总局招考职位专业科目笔试考试大纲》。"",""部门网站"":""http://www.nfra.gov.cn/"",""咨询电话1"":""0571-87189979"",""咨询电话2"":"""",""咨询电话3"":"""",""来源Sheet"":""中央国家行政机关省级以下直属机构""}}"
"government_jobs","国家公务员2026招考简章","公务员/事业单位技术岗位","浙江省金华市永康市","2026-07-28T09:12:58.310295+00:00","统计信息部门一级主任科员及以下","国家金融监督管理总局浙江监管局","","浙江省金华市永康市","公务员/事业单位;2026;computer_software;data_ai;本科或硕士研究生;与最高学历相对应的学位;以本科专业报考：计算机科学与技术、软件工程、数据科学与大数据技术；以研究生专业报考：0812下计算机科学与技术、计算机软件与理论、计算机系统结构、计算机应用技术、数据科学，0835软件工程，0854下大数据技术与工程、计算机技术、软件工程;市（地）级及以下直属机构综合管理类","用人司局：国家金融监督管理总局永康监管支局
职位简介：主要从事金融监管数据统计分析工作。
专业要求：以本科专业报考：计算机科学与技术、软件工程、数据科学与大数据技术；以研究生专业报考：0812下计算机科学与技术、计算机软件与理论、计算机系统结构、计算机应用技术、数据科学，0835软件工程，0854下大数据技术与工程、计算机技术、软件工程
学历要求：本科或硕士研究生
学位要求：与最高学历相对应的学位
政治面貌：不限
基层工作经历：无限制
考试类别：市（地）级及以下直属机构综合管理类
备注：1.报名时请在专业栏中同时填写专业名称和专业代码；2.限2026届高校毕业生报考；3.要求本科学历大学英语四级成绩在425分及以上（雅思成绩在6分及以上、托福成绩在80分及以上、取得英语专业四级或专业八级合格证书亦可），研究生学历大学英语六级成绩在425分及以上（雅思成绩在6.5分及以上、托福成绩在90分及以上、取得英语专业四级或专业八级合格证书亦可），请在外语水平栏注明已获得的英语等级证书及成绩；4.专业考试信息请参见《2026年度国家金融监督管理总局招考职位专业科目笔试考试大纲》。","http://bm.scs.gov.cn/kl2026#132111-300147336001","2025-10-14","{""dataset_year"":2026,""job_uid"":""GOV-2026-132111-300147336001"",""publisher"":""国家公务员局"",""publication_page"":""http://bm.scs.gov.cn/kl2026"",""attachment_url"":""local://2026_guokao_zhaokaojianzhang.zip"",""local_source_file"":""中央机关及其直属机构2026年度考试录用公务员招考简章.xls"",""local_source_sha256"":""2670bae1df1dd07a3a3c79b9db46a11e3bb15a6c9c249e6af98bfd0b61ce3aaf"",""source_sheet"":""中央国家行政机关省级以下直属机构"",""filter_version"":""government_tech_v2"",""tech_filter"":{""is_tech"":true,""is_core_tech"":true,""scope"":""core"",""categories"":[""computer_software"",""data_ai""],""matched_fields"":[""major"",""description""],""major_terms"":[""大数据"",""数据科学"",""数据科学与大数据技术"",""计算机"",""计算机技术"",""计算机科学与技术"",""软件工程""],""role_terms"":[""数据统计分析""],""reason"":""tech_major_and_role""},""original"":{""部门代码"":""132111"",""部门名称"":""国家金融监督管理总局浙江监管局"",""用人司局"":""国家金融监督管理总局永康监管支局"",""机构性质"":""中央国家行政机关省级以下直属机构"",""招考职位"":""统计信息部门一级主任科员及以下"",""职位属性"":""金融监管计算机类职位"",""职位分布"":""其他职位"",""职位简介"":""主要从事金融监管数据统计分析工作。"",""职位代码"":""300147336001"",""机构层级"":""县（区）级及以下"",""考试类别"":""市（地）级及以下直属机构综合管理类"",""招考人数"":""1"",""专业"":""以本科专业报考：计算机科学与技术、软件工程、数据科学与大数据技术；以研究生专业报考：0812下计算机科学与技术、计算机软件与理论、计算机系统结构、计算机应用技术、数据科学，0835软件工程，0854下大数据技术与工程、计算机技术、软件工程"",""学历"":""本科或硕士研究生"",""学位"":""与最高学历相对应的学位"",""政治面貌"":""不限"",""基层工作最低年限"":""无限制"",""服务基层项目工作经历"":""无限制"",""是否在面试阶段组织专业能力测试"":""否"",""面试人员比例"":""3:1"",""工作地点"":""浙江省金华市永康市"",""落户地点"":""浙江省金华市永康市"",""备注"":""1.报名时请在专业栏中同时填写专业名称和专业代码；2.限2026届高校毕业生报考；3.要求本科学历大学英语四级成绩在425分及以上（雅思成绩在6分及以上、托福成绩在80分及以上、取得英语专业四级或专业八级合格证书亦可），研究生学历大学英语六级成绩在425分及以上（雅思成绩在6.5分及以上、托福成绩在90分及以上、取得英语专业四级或专业八级合格证书亦可），请在外语水平栏注明已获得的英语等级证书及成绩；4.专业考试信息请参见《2026年度国家金融监督管理总局招考职位专业科目笔试考试大纲》。"",""部门网站"":""http://www.nfra.gov.cn/"",""咨询电话1"":""0571-87189979"",""咨询电话2"":"""",""咨询电话3"":"""",""来源Sheet"":""中央国家行政机关省级以下直属机构""}}"
"government_jobs","国家公务员2026招考简章","公务员/事业单位技术岗位","安徽省蚌埠市固镇县","2026-07-28T09:12:58.310295+00:00","统计信息部门一级主任科员及以下","国家金融监督管理总局安徽监管局","","安徽省蚌埠市固镇县","公务员/事业单位;2026;computer_software;data_ai;仅限本科;学士;计算机类;市（地）级及以下直属机构综合管理类","用人司局：国家金融监督管理总局固镇监管支局
职位简介：主要从事金融监管数据统计分析工作。
专业要求：计算机类
学历要求：仅限本科
学位要求：学士
政治面貌：不限
基层工作经历：无限制
考试类别：市（地）级及以下直属机构综合管理类
备注：1.报名时请在专业栏中同时填写专业名称和专业代码；2.限应届高校毕业生报考，请在备注栏中注明本人具有应届高校毕业生身份。","http://bm.scs.gov.cn/kl2026#132112-300147352001","2025-10-14","{""dataset_year"":2026,""job_uid"":""GOV-2026-132112-300147352001"",""publisher"":""国家公务员局"",""publication_page"":""http://bm.scs.gov.cn/kl2026"",""attachment_url"":""local://2026_guokao_zhaokaojianzhang.zip"",""local_source_file"":""中央机关及其直属机构2026年度考试录用公务员招考简章.xls"",""local_source_sha256"":""2670bae1df1dd07a3a3c79b9db46a11e3bb15a6c9c249e6af98bfd0b61ce3aaf"",""source_sheet"":""中央国家行政机关省级以下直属机构"",""filter_version"":""government_tech_v2"",""tech_filter"":{""is_tech"":true,""is_core_tech"":true,""scope"":""core"",""categories"":[""computer_software"",""data_ai""],""matched_fields"":[""major"",""description""],""major_terms"":[""计算机类""],""role_terms"":[""数据统计分析""],""reason"":""tech_major_and_role""},""original"":{""部门代码"":""132112"",""部门名称"":""国家金融监督管理总局安徽监管局"",""用人司局"":""国家金融监督管理总局固镇监管支局"",""机构性质"":""中央国家行政机关省级以下直属机构"",""招考职位"":""统计信息部门一级主任科员及以下"",""职位属性"":""金融监管计算机类职位"",""职位分布"":""其他职位"",""职位简介"":""主要从事金融监管数据统计分析工作。"",""职位代码"":""300147352001"",""机构层级"":""县（区）级及以下"",""考试类别"":""市（地）级及以下直属机构综合管理类"",""招考人数"":""1"",""专业"":""计算机类"",""学历"":""仅限本科"",""学位"":""学士"",""政治面貌"":""不限"",""基层工作最低年限"":""无限制"",""服务基层项目工作经历"":""无限制"",""是否在面试阶段组织专业能力测试"":""否"",""面试人员比例"":""3:1"",""工作地点"":""安徽省蚌埠市固镇县"",""落户地点"":""安徽省蚌埠市固镇县"",""备注"":""1.报名时请在专业栏中同时填写专业名称和专业代码；2.限应届高校毕业生报考，请在备注栏中注明本人具有应届高校毕业生身份。"",""部门网站"":""http://www.nfra.gov.cn"",""咨询电话1"":""0551-65192612"",""咨询电话2"":""0551-65192737"",""咨询电话3"":""0551-65192870"",""来源Sheet"":""中央国家行政机关省级以下直属机构""}}"
"government_jobs","国家公务员2026招考简章","公务员/事业单位技术岗位","安徽省淮南市田家庵区","2026-07-28T09:12:58.310295+00:00","科技部门一级主任科员及以下","国家金融监督管理总局安徽监管局","","安徽省淮南市田家庵区","公务员/事业单位;2026;computer_software;仅限本科;学士;计算机类;市（地）级及以下直属机构综合管理类","用人司局：国家金融监督管理总局淮南监管分局
职位简介：主要从事金融信息科技风险监管、电子设备软硬件管理及信息系统运行维护等工作。
专业要求：计算机类
学历要求：仅限本科
学位要求：学士
政治面貌：不限
基层工作经历：无限制
考试类别：市（地）级及以下直属机构综合管理类
备注：1.报名时请在专业栏中同时填写专业名称和专业代码；2.限应届高校毕业生报考，请在备注栏中注明本人具有应届高校毕业生身份；3.大学英语四级成绩在425分及以上（雅思成绩在6分及以上、托福成绩在80分及以上、取得英语专业四级或专业八级合格证书亦可），请在外语水平栏注明已获得的英语等级证书及成绩。","http://bm.scs.gov.cn/kl2026#132112-300147355001","2025-10-14","{""dataset_year"":2026,""job_uid"":""GOV-2026-132112-300147355001"",""publisher"":""国家公务员局"",""publication_page"":""http://bm.scs.gov.cn/kl2026"",""attachment_url"":""local://2026_guokao_zhaokaojianzhang.zip"",""local_source_file"":""中央机关及其直属机构2026年度考试录用公务员招考简章.xls"",""local_source_sha256"":""2670bae1df1dd07a3a3c79b9db46a11e3bb15a6c9c249e6af98bfd0b61ce3aaf"",""source_sheet"":""中央国家行政机关省级以下直属机构"",""filter_version"":""government_tech_v2"",""tech_filter"":{""is_tech"":true,""is_core_tech"":true,""scope"":""core"",""categories"":[""computer_software""],""matched_fields"":[""major"",""description""],""major_terms"":[""计算机类""],""role_terms"":[""信息科技"",""信息系统"",""软硬件""],""reason"":""tech_major_and_role""},""original"":{""部门代码"":""132112"",""部门名称"":""国家金融监督管理总局安徽监管局"",""用人司局"":""国家金融监督管理总局淮南监管分局"",""机构性质"":""中央国家行政机关省级以下直属机构"",""招考职位"":""科技部门一级主任科员及以下"",""职位属性"":""金融监管计算机类职位"",""职位分布"":""其他职位"",""职位简介"":""主要从事金融信息科技风险监管、电子设备软硬件管理及信息系统运行维护等工作。"",""职位代码"":""300147355001"",""机构层级"":""市（地）级"",""考试类别"":""市（地）级及以下直属机构综合管理类"",""招考人数"":""1"",""专业"":""计算机类"",""学历"":""仅限本科"",""学位"":""学士"",""政治面貌"":""不限"",""基层工作最低年限"":""无限制"",""服务基层项目工作经历"":""无限制"",""是否在面试阶段组织专业能力测试"":""否"",""面试人员比例"":""3:1"",""工作地点"":""安徽省淮南市田家庵区"",""落户地点"":""安徽省淮南市田家庵区"",""备注"":""1.报名时请在专业栏中同时填写专业名称和专业代码；2.限应届高校毕业生报考，请在备注栏中注明本人具有应届高校毕业生身份；3.大学英语四级成绩在425分及以上（雅思成绩在6分及以上、托福成绩在80分及以上、取得英语专业四级或专业八级合格证书亦可），请在外语水平栏注明已获得的英语等级证书及成绩。"",""部门网站"":""http://www.nfra.gov.cn"",""咨询电话1"":""0551-65192612"",""咨询电话2"":""0551-65192737"",""咨询电话3"":""0551-65192870"",""来源Sheet"":""中央国家行政机关省级以下直属机构""}}"
"government_jobs","国家公务员2026招考简章","公务员/事业单位技术岗位","安徽省淮南市凤台县","2026-07-28T09:12:58.310295+00:00","科技部门一级主任科员及以下","国家金融监督管理总局安徽监管局","","安徽省淮南市凤台县","公务员/事业单位;2026;computer_software;仅限本科;学士;计算机类;市（地）级及以下直属机构综合管理类","用人司局：国家金融监督管理总局凤台监管支局
职位简介：主要从事金融信息科技风险监管、电子设备软硬件管理及信息系统运行维护等工作。
专业要求：计算机类
学历要求：仅限本科
学位要求：学士
政治面貌：不限
基层工作经历：无限制
考试类别：市（地）级及以下直属机构综合管理类
备注：1.报名时请在专业栏中同时填写专业名称和专业代码；2.限应届高校毕业生报考，请在备注栏中注明本人具有应届高校毕业生身份。","http://bm.scs.gov.cn/kl2026#132112-300147357001","2025-10-14","{""dataset_year"":2026,""job_uid"":""GOV-2026-132112-300147357001"",""publisher"":""国家公务员局"",""publication_page"":""http://bm.scs.gov.cn/kl2026"",""attachment_url"":""local://2026_guokao_zhaokaojianzhang.zip"",""local_source_file"":""中央机关及其直属机构2026年度考试录用公务员招考简章.xls"",""local_source_sha256"":""2670bae1df1dd07a3a3c79b9db46a11e3bb15a6c9c249e6af98bfd0b61ce3aaf"",""source_sheet"":""中央国家行政机关省级以下直属机构"",""filter_version"":""government_tech_v2"",""tech_filter"":{""is_tech"":true,""is_core_tech"":true,""scope"":""core"",""categories"":[""computer_software""],""matched_fields"":[""major"",""description""],""major_terms"":[""计算机类""],""role_terms"":[""信息科技"",""信息系统"",""软硬件""],""reason"":""tech_major_and_role""},""original"":{""部门代码"":""132112"",""部门名称"":""国家金融监督管理总局安徽监管局"",""用人司局"":""国家金融监督管理总局凤台监管支局"",""机构性质"":""中央国家行政机关省级以下直属机构"",""招考职位"":""科技部门一级主任科员及以下"",""职位属性"":""金融监管计算机类职位"",""职位分布"":""其他职位"",""职位简介"":""主要从事金融信息科技风险监管、电子设备软硬件管理及信息系统运行维护等工作。"",""职位代码"":""300147357001"",""机构层级"":""县（区）级及以下"",""考试类别"":""市（地）级及以下直属机构综合管理类"",""招考人数"":""1"",""专业"":""计算机类"",""学历"":""仅限本科"",""学位"":""学士"",""政治面貌"":""不限"",""基层工作最低年限"":""无限制"",""服务基层项目工作经历"":""无限制"",""是否在面试阶段组织专业能力测试"":""否"",""面试人员比例"":""3:1"",""工作地点"":""安徽省淮南市凤台县"",""落户地点"":""安徽省淮南市凤台县"",""备注"":""1.报名时请在专业栏中同时填写专业名称和专业代码；2.限应届高校毕业生报考，请在备注栏中注明本人具有应届高校毕业生身份。"",""部门网站"":""http://www.nfra.gov.cn"",""咨询电话1"":""0551-65192612"",""咨询电话2"":""0551-65192737"",""咨询电话3"":""0551-65192870"",""来源Sheet"":""中央国家行政机关省级以下直属机构""}}"
"government_jobs","国家公务员2026招考简章","公务员/事业单位技术岗位","安徽省滁州市凤阳县","2026-07-28T09:12:58.310295+00:00","科技部门一级主任科员及以下","国家金融监督管理总局安徽监管局","","安徽省滁州市凤阳县","公务员/事业单位;2026;computer_software;仅限本科;学士;计算机类;市（地）级及以下直属机构综合管理类","用人司局：国家金融监督管理总局凤阳监管支局
职位简介：主要从事金融信息科技风险监管、电子设备软硬件管理及信息系统运行维护等工作。
专业要求：计算机类
学历要求：仅限本科
学位要求：学士
政治面貌：不限
基层工作经历：无限制
考试类别：市（地）级及以下直属机构综合管理类
备注：报名时请在专业栏中同时填写专业名称和专业代码。","http://bm.scs.gov.cn/kl2026#132112-300147360001","2025-10-14","{""dataset_year"":2026,""job_uid"":""GOV-2026-132112-300147360001"",""publisher"":""国家公务员局"",""publication_page"":""http://bm.scs.gov.cn/kl2026"",""attachment_url"":""local://2026_guokao_zhaokaojianzhang.zip"",""local_source_file"":""中央机关及其直属机构2026年度考试录用公务员招考简章.xls"",""local_source_sha256"":""2670bae1df1dd07a3a3c79b9db46a11e3bb15a6c9c249e6af98bfd0b61ce3aaf"",""source_sheet"":""中央国家行政机关省级以下直属机构"",""filter_version"":""government_tech_v2"",""tech_filter"":{""is_tech"":true,""is_core_tech"":true,""scope"":""core"",""categories"":[""computer_software""],""matched_fields"":[""major"",""description""],""major_terms"":[""计算机类""],""role_terms"":[""信息科技"",""信息系统"",""软硬件""],""reason"":""tech_major_and_role""},""original"":{""部门代码"":""132112"",""部门名称"":""国家金融监督管理总局安徽监管局"",""用人司局"":""国家金融监督管理总局凤阳监管支局"",""机构性质"":""中央国家行政机关省级以下直属机构"",""招考职位"":""科技部门一级主任科员及以下"",""职位属性"":""金融监管计算机类职位"",""职位分布"":""其他职位"",""职位简介"":""主要从事金融信息科技风险监管、电子设备软硬件管理及信息系统运行维护等工作。"",""职位代码"":""300147360001"",""机构层级"":""县（区）级及以下"",""考试类别"":""市（地）级及以下直属机构综合管理类"",""招考人数"":""1"",""专业"":""计算机类"",""学历"":""仅限本科"",""学位"":""学士"",""政治面貌"":""不限"",""基层工作最低年限"":""无限制"",""服务基层项目工作经历"":""无限制"",""是否在面试阶段组织专业能力测试"":""否"",""面试人员比例"":""3:1"",""工作地点"":""安徽省滁州市凤阳县"",""落户地点"":""安徽省滁州市凤阳县"",""备注"":""报名时请在专业栏中同时填写专业名称和专业代码。"",""部门网站"":""http://www.nfra.gov.cn"",""咨询电话1"":""0551-65192612"",""咨询电话2"":""0551-65192737"",""咨询电话3"":""0551-65192870"",""来源Sheet"":""中央国家行政机关省级以下直属机构""}}"
"government_jobs","国家公务员2026招考简章","公务员/事业单位技术岗位","安徽省六安市舒城县","2026-07-28T09:12:58.310295+00:00","科技部门一级主任科员及以下","国家金融监督管理总局安徽监管局","","安徽省六安市舒城县","公务员/事业单位;2026;computer_software;仅限本科;学士;计算机类;市（地）级及以下直属机构综合管理类","用人司局：国家金融监督管理总局舒城监管支局
职位简介：主要从事金融信息科技风险监管、电子设备软硬件管理及信息系统运行维护等工作。
专业要求：计算机类
学历要求：仅限本科
学位要求：学士
政治面貌：不限
基层工作经历：无限制
考试类别：市（地）级及以下直属机构综合管理类
备注：1.报名时请在专业栏中同时填写专业名称和专业代码；2.限应届高校毕业生报考，请在备注栏中注明本人具有应届高校毕业生身份。","http://bm.scs.gov.cn/kl2026#132112-300147364001","2025-10-14","{""dataset_year"":2026,""job_uid"":""GOV-2026-132112-300147364001"",""publisher"":""国家公务员局"",""publication_page"":""http://bm.scs.gov.cn/kl2026"",""attachment_url"":""local://2026_guokao_zhaokaojianzhang.zip"",""local_source_file"":""中央机关及其直属机构2026年度考试录用公务员招考简章.xls"",""local_source_sha256"":""2670bae1df1dd07a3a3c79b9db46a11e3bb15a6c9c249e6af98bfd0b61ce3aaf"",""source_sheet"":""中央国家行政机关省级以下直属机构"",""filter_version"":""government_tech_v2"",""tech_filter"":{""is_tech"":true,""is_core_tech"":true,""scope"":""core"",""categories"":[""computer_software""],""matched_fields"":[""major"",""description""],""major_terms"":[""计算机类""],""role_terms"":[""信息科技"",""信息系统"",""软硬件""],""reason"":""tech_major_and_role""},""original"":{""部门代码"":""132112"",""部门名称"":""国家金融监督管理总局安徽监管局"",""用人司局"":""国家金融监督管理总局舒城监管支局"",""机构性质"":""中央国家行政机关省级以下直属机构"",""招考职位"":""科技部门一级主任科员及以下"",""职位属性"":""金融监管计算机类职位"",""职位分布"":""其他职位"",""职位简介"":""主要从事金融信息科技风险监管、电子设备软硬件管理及信息系统运行维护等工作。"",""职位代码"":""300147364001"",""机构层级"":""县（区）级及以下"",""考试类别"":""市（地）级及以下直属机构综合管理类"",""招考人数"":""1"",""专业"":""计算机类"",""学历"":""仅限本科"",""学位"":""学士"",""政治面貌"":""不限"",""基层工作最低年限"":""无限制"",""服务基层项目工作经历"":""无限制"",""是否在面试阶段组织专业能力测试"":""否"",""面试人员比例"":""3:1"",""工作地点"":""安徽省六安市舒城县"",""落户地点"":""安徽省六安市舒城县"",""备注"":""1.报名时请在专业栏中同时填写专业名称和专业代码；2.限应届高校毕业生报考，请在备注栏中注明本人具有应届高校毕业生身份。"",""部门网站"":""http://www.nfra.gov.cn"",""咨询电话1"":""0551-65192612"",""咨询电话2"":""0551-65192737"",""咨询电话3"":""0551-65192870"",""来源Sheet"":""中央国家行政机关省级以下直属机构""}}"
"government_jobs","国家公务员2026招考简章","公务员/事业单位技术岗位","安徽省铜陵市铜官区","2026-07-28T09:12:58.310295+00:00","科技部门一级主任科员及以下","国家金融监督管理总局安徽监管局","","安徽省铜陵市铜官区","公务员/事业单位;2026;computer_software;仅限本科;学士;计算机类;市（地）级及以下直属机构综合管理类","用人司局：国家金融监督管理总局铜陵监管分局
职位简介：主要从事金融信息科技风险监管、电子设备软硬件管理及信息系统运行维护等工作。
专业要求：计算机类
学历要求：仅限本科
学位要求：学士
政治面貌：不限
基层工作经历：无限制
考试类别：市（地）级及以下直属机构综合管理类
备注：1.报名时请在专业栏中同时填写专业名称和专业代码；2.限应届高校毕业生报考，请在备注栏中注明本人具有应届高校毕业生身份；3.大学英语四级成绩在425分及以上（雅思成绩在6分及以上、托福成绩在80分及以上、取得英语专业四级或专业八级合格证书亦可），请在外语水平栏注明已获得的英语等级证书及成绩。","http://bm.scs.gov.cn/kl2026#132112-300147375001","2025-10-14","{""dataset_year"":2026,""job_uid"":""GOV-2026-132112-300147375001"",""publisher"":""国家公务员局"",""publication_page"":""http://bm.scs.gov.cn/kl2026"",""attachment_url"":""local://2026_guokao_zhaokaojianzhang.zip"",""local_source_file"":""中央机关及其直属机构2026年度考试录用公务员招考简章.xls"",""local_source_sha256"":""2670bae1df1dd07a3a3c79b9db46a11e3bb15a6c9c249e6af98bfd0b61ce3aaf"",""source_sheet"":""中央国家行政机关省级以下直属机构"",""filter_version"":""government_tech_v2"",""tech_filter"":{""is_tech"":true,""is_core_tech"":true,""scope"":""core"",""categories"":[""computer_software""],""matched_fields"":[""major"",""description""],""major_terms"":[""计算机类""],""role_terms"":[""信息科技"",""信息系统"",""软硬件""],""reason"":""tech_major_and_role""},""original"":{""部门代码"":""132112"",""部门名称"":""国家金融监督管理总局安徽监管局"",""用人司局"":""国家金融监督管理总局铜陵监管分局"",""机构性质"":""中央国家行政机关省级以下直属机构"",""招考职位"":""科技部门一级主任科员及以下"",""职位属性"":""金融监管计算机类职位"",""职位分布"":""其他职位"",""职位简介"":""主要从事金融信息科技风险监管、电子设备软硬件管理及信息系统运行维护等工作。"",""职位代码"":""300147375001"",""机构层级"":""市（地）级"",""考试类别"":""市（地）级及以下直属机构综合管理类"",""招考人数"":""1"",""专业"":""计算机类"",""学历"":""仅限本科"",""学位"":""学士"",""政治面貌"":""不限"",""基层工作最低年限"":""无限制"",""服务基层项目工作经历"":""无限制"",""是否在面试阶段组织专业能力测试"":""否"",""面试人员比例"":""3:1"",""工作地点"":""安徽省铜陵市铜官区"",""落户地点"":""安徽省铜陵市铜官区"",""备注"":""1.报名时请在专业栏中同时填写专业名称和专业代码；2.限应届高校毕业生报考，请在备注栏中注明本人具有应届高校毕业生身份；3.大学英语四级成绩在425分及以上（雅思成绩在6分及以上、托福成绩在80分及以上、取得英语专业四级或专业八级合格证书亦可），请在外语水平栏注明已获得的英语等级证书及成绩。"",""部门网站"":""http://www.nfra.gov.cn"",""咨询电话1"":""0551-65192612"",""咨询电话2"":""0551-65192737"",""咨询电话3"":""0551-65192870"",""来源Sheet"":""中央国家行政机关省级以下直属机构""}}"
"government_jobs","国家公务员2026招考简章","公务员/事业单位技术岗位","安徽省铜陵市枞阳县","2026-07-28T09:12:58.310295+00:00","科技部门一级主任科员及以下","国家金融监督管理总局安徽监管局","","安徽省铜陵市枞阳县","公务员/事业单位;2026;computer_software;仅限本科;学士;计算机类;市（地）级及以下直属机构综合管理类","用人司局：国家金融监督管理总局枞阳监管支局
职位简介：主要从事金融信息科技风险监管、电子设备软硬件管理及信息系统运行维护等工作。
专业要求：计算机类
学历要求：仅限本科
学位要求：学士
政治面貌：不限
基层工作经历：无限制
考试类别：市（地）级及以下直属机构综合管理类
备注：1.报名时请在专业栏中同时填写专业名称和专业代码；2.限应届高校毕业生报考，请在备注栏中注明本人具有应届高校毕业生身份。","http://bm.scs.gov.cn/kl2026#132112-300147376001","2025-10-14","{""dataset_year"":2026,""job_uid"":""GOV-2026-132112-300147376001"",""publisher"":""国家公务员局"",""publication_page"":""http://bm.scs.gov.cn/kl2026"",""attachment_url"":""local://2026_guokao_zhaokaojianzhang.zip"",""local_source_file"":""中央机关及其直属机构2026年度考试录用公务员招考简章.xls"",""local_source_sha256"":""2670bae1df1dd07a3a3c79b9db46a11e3bb15a6c9c249e6af98bfd0b61ce3aaf"",""source_sheet"":""中央国家行政机关省级以下直属机构"",""filter_version"":""government_tech_v2"",""tech_filter"":{""is_tech"":true,""is_core_tech"":true,""scope"":""core"",""categories"":[""computer_software""],""matched_fields"":[""major"",""description""],""major_terms"":[""计算机类""],""role_terms"":[""信息科技"",""信息系统"",""软硬件""],""reason"":""tech_major_and_role""},""original"":{""部门代码"":""132112"",""部门名称"":""国家金融监督管理总局安徽监管局"",""用人司局"":""国家金融监督管理总局枞阳监管支局"",""机构性质"":""中央国家行政机关省级以下直属机构"",""招考职位"":""科技部门一级主任科员及以下"",""职位属性"":""金融监管计算机类职位"",""职位分布"":""其他职位"",""职位简介"":""主要从事金融信息科技风险监管、电子设备软硬件管理及信息系统运行维护等工作。"",""职位代码"":""300147376001"",""机构层级"":""县（区）级及以下"",""考试类别"":""市（地）级及以下直属机构综合管理类"",""招考人数"":""1"",""专业"":""计算机类"",""学历"":""仅限本科"",""学位"":""学士"",""政治面貌"":""不限"",""基层工作最低年限"":""无限制"",""服务基层项目工作经历"":""无限制"",""是否在面试阶段组织专业能力测试"":""否"",""面试人员比例"":""3:1"",""工作地点"":""安徽省铜陵市枞阳县"",""落户地点"":""安徽省铜陵市枞阳县"",""备注"":""1.报名时请在专业栏中同时填写专业名称和专业代码；2.限应届高校毕业生报考，请在备注栏中注明本人具有应届高校毕业生身份。"",""部门网站"":""http://www.nfra.gov.cn"",""咨询电话1"":""0551-65192612"",""咨询电话2"":""0551-65192737"",""咨询电话3"":""0551-65192870"",""来源Sheet"":""中央国家行政机关省级以下直属机构""}}"
"government_jobs","国家公务员2026招考简章","公务员/事业单位技术岗位","安徽省池州市石台县","2026-07-28T09:12:58.310295+00:00","科技部门一级主任科员及以下","国家金融监督管理总局安徽监管局","","安徽省池州市石台县","公务员/事业单位;2026;computer_software;仅限本科;学士;计算机类;市（地）级及以下直属机构综合管理类","用人司局：国家金融监督管理总局石台监管支局
职位简介：主要从事金融信息科技风险监管、电子设备软硬件管理及信息系统运行维护等工作。
专业要求：计算机类
学历要求：仅限本科
学位要求：学士
政治面貌：不限
基层工作经历：无限制
考试类别：市（地）级及以下直属机构综合管理类
备注：1.报名时请在专业栏中同时填写专业名称和专业代码；2.限应届高校毕业生报考，请在备注栏中注明本人具有应届高校毕业生身份。","http://bm.scs.gov.cn/kl2026#132112-300147377001","2025-10-14","{""dataset_year"":2026,""job_uid"":""GOV-2026-132112-300147377001"",""publisher"":""国家公务员局"",""publication_page"":""http://bm.scs.gov.cn/kl2026"",""attachment_url"":""local://2026_guokao_zhaokaojianzhang.zip"",""local_source_file"":""中央机关及其直属机构2026年度考试录用公务员招考简章.xls"",""local_source_sha256"":""2670bae1df1dd07a3a3c79b9db46a11e3bb15a6c9c249e6af98bfd0b61ce3aaf"",""source_sheet"":""中央国家行政机关省级以下直属机构"",""filter_version"":""government_tech_v2"",""tech_filter"":{""is_tech"":true,""is_core_tech"":true,""scope"":""core"",""categories"":[""computer_software""],""matched_fields"":[""major"",""description""],""major_terms"":[""计算机类""],""role_terms"":[""信息科技"",""信息系统"",""软硬件""],""reason"":""tech_major_and_role""},""original"":{""部门代码"":""132112"",""部门名称"":""国家金融监督管理总局安徽监管局"",""用人司局"":""国家金融监督管理总局石台监管支局"",""机构性质"":""中央国家行政机关省级以下直属机构"",""招考职位"":""科技部门一级主任科员及以下"",""职位属性"":""金融监管计算机类职位"",""职位分布"":""其他职位"",""职位简介"":""主要从事金融信息科技风险监管、电子设备软硬件管理及信息系统运行维护等工作。"",""职位代码"":""300147377001"",""机构层级"":""县（区）级及以下"",""考试类别"":""市（地）级及以下直属机构综合管理类"",""招考人数"":""1"",""专业"":""计算机类"",""学历"":""仅限本科"",""学位"":""学士"",""政治面貌"":""不限"",""基层工作最低年限"":""无限制"",""服务基层项目工作经历"":""无限制"",""是否在面试阶段组织专业能力测试"":""否"",""面试人员比例"":""3:1"",""工作地点"":""安徽省池州市石台县"",""落户地点"":""安徽省池州市石台县"",""备注"":""1.报名时请在专业栏中同时填写专业名称和专业代码；2.限应届高校毕业生报考，请在备注栏中注明本人具有应届高校毕业生身份。"",""部门网站"":""http://www.nfra.gov.cn"",""咨询电话1"":""0551-65192612"",""咨询电话2"":""0551-65192737"",""咨询电话3"":""0551-65192870"",""来源Sheet"":""中央国家行政机关省级以下直属机构""}}"
"government_jobs","国家公务员2026招考简章","公务员/事业单位技术岗位","安徽省安庆市太湖县","2026-07-28T09:12:58.310295+00:00","统计信息部门一级主任科员及以下","国家金融监督管理总局安徽监管局","","安徽省安庆市太湖县","公务员/事业单位;2026;computer_software;cybersecurity_cryptography;data_ai;仅限本科;学士;080901计算机科学与技术、080903网络工程、080904K信息安全;市（地）级及以下直属机构综合管理类","用人司局：国家金融监督管理总局太湖监管支局
职位简介：主要从事金融监管数据统计分析工作。
专业要求：080901计算机科学与技术、080903网络工程、080904K信息安全
学历要求：仅限本科
学位要求：学士
政治面貌：不限
基层工作经历：无限制
考试类别：市（地）级及以下直属机构综合管理类
备注：1.报名时请在专业栏中同时填写专业名称和专业代码；2.限应届高校毕业生报考，请在备注栏中注明本人具有应届高校毕业生身份。","http://bm.scs.gov.cn/kl2026#132112-300147380001","2025-10-14","{""dataset_year"":2026,""job_uid"":""GOV-2026-132112-300147380001"",""publisher"":""国家公务员局"",""publication_page"":""http://bm.scs.gov.cn/kl2026"",""attachment_url"":""local://2026_guokao_zhaokaojianzhang.zip"",""local_source_file"":""中央机关及其直属机构2026年度考试录用公务员招考简章.xls"",""local_source_sha256"":""2670bae1df1dd07a3a3c79b9db46a11e3bb15a6c9c249e6af98bfd0b61ce3aaf"",""source_sheet"":""中央国家行政机关省级以下直属机构"",""filter_version"":""government_tech_v2"",""tech_filter"":{""is_tech"":true,""is_core_tech"":true,""scope"":""core"",""categories"":[""computer_software"",""cybersecurity_cryptography"",""data_ai""],""matched_fields"":[""major"",""description""],""major_terms"":[""信息安全"",""网络工程"",""计算机科学与技术""],""role_terms"":[""数据统计分析""],""reason"":""tech_major_and_role""},""original"":{""部门代码"":""132112"",""部门名称"":""国家金融监督管理总局安徽监管局"",""用人司局"":""国家金融监督管理总局太湖监管支局"",""机构性质"":""中央国家行政机关省级以下直属机构"",""招考职位"":""统计信息部门一级主任科员及以下"",""职位属性"":""金融监管计算机类职位"",""职位分布"":""其他职位"",""职位简介"":""主要从事金融监管数据统计分析工作。"",""职位代码"":""300147380001"",""机构层级"":""县（区）级及以下"",""考试类别"":""市（地）级及以下直属机构综合管理类"",""招考人数"":""1"",""专业"":""080901计算机科学与技术、080903网络工程、080904K信息安全"",""学历"":""仅限本科"",""学位"":""学士"",""政治面貌"":""不限"",""基层工作最低年限"":""无限制"",""服务基层项目工作经历"":""无限制"",""是否在面试阶段组织专业能力测试"":""否"",""面试人员比例"":""3:1"",""工作地点"":""安徽省安庆市太湖县"",""落户地点"":""安徽省安庆市太湖县"",""备注"":""1.报名时请在专业栏中同时填写专业名称和专业代码；2.限应届高校毕业生报考，请在备注栏中注明本人具有应届高校毕业生身份。"",""部门网站"":""http://www.nfra.gov.cn"",""咨询电话1"":""0551-65192612"",""咨询电话2"":""0551-65192737"",""咨询电话3"":""0551-65192870"",""来源Sheet"":""中央国家行政机关省级以下直属机构""}}"
"government_jobs","国家公务员2026招考简章","公务员/事业单位技术岗位","安徽省黄山市徽州区","2026-07-28T09:12:58.310295+00:00","科技部门一级主任科员及以下","国家金融监督管理总局安徽监管局","","安徽省黄山市徽州区","公务员/事业单位;2026;computer_software;仅限本科;学士;计算机类、020310T金融科技;市（地）级及以下直属机构综合管理类","用人司局：国家金融监督管理总局徽州监管支局
职位简介：主要从事金融信息科技风险监管、电子设备软硬件管理及信息系统运行维护等工作。
专业要求：计算机类、020310T金融科技
学历要求：仅限本科
学位要求：学士
政治面貌：不限
基层工作经历：无限制
考试类别：市（地）级及以下直属机构综合管理类
备注：1.报名时请在专业栏中同时填写专业名称和专业代码；2.限应届高校毕业生报考，请在备注栏中注明本人具有应届高校毕业生身份。","http://bm.scs.gov.cn/kl2026#132112-300147383001","2025-10-14","{""dataset_year"":2026,""job_uid"":""GOV-2026-132112-300147383001"",""publisher"":""国家公务员局"",""publication_page"":""http://bm.scs.gov.cn/kl2026"",""attachment_url"":""local://2026_guokao_zhaokaojianzhang.zip"",""local_source_file"":""中央机关及其直属机构2026年度考试录用公务员招考简章.xls"",""local_source_sha256"":""2670bae1df1dd07a3a3c79b9db46a11e3bb15a6c9c249e6af98bfd0b61ce3aaf"",""source_sheet"":""中央国家行政机关省级以下直属机构"",""filter_version"":""government_tech_v2"",""tech_filter"":{""is_tech"":true,""is_core_tech"":true,""scope"":""core"",""categories"":[""computer_software""],""matched_fields"":[""major"",""description""],""major_terms"":[""计算机类""],""role_terms"":[""信息科技"",""信息系统"",""软硬件""],""reason"":""tech_major_and_role""},""original"":{""部门代码"":""132112"",""部门名称"":""国家金融监督管理总局安徽监管局"",""用人司局"":""国家金融监督管理总局徽州监管支局"",""机构性质"":""中央国家行政机关省级以下直属机构"",""招考职位"":""科技部门一级主任科员及以下"",""职位属性"":""金融监管计算机类职位"",""职位分布"":""其他职位"",""职位简介"":""主要从事金融信息科技风险监管、电子设备软硬件管理及信息系统运行维护等工作。"",""职位代码"":""300147383001"",""机构层级"":""县（区）级及以下"",""考试类别"":""市（地）级及以下直属机构综合管理类"",""招考人数"":""1"",""专业"":""计算机类、020310T金融科技"",""学历"":""仅限本科"",""学位"":""学士"",""政治面貌"":""不限"",""基层工作最低年限"":""无限制"",""服务基层项目工作经历"":""无限制"",""是否在面试阶段组织专业能力测试"":""否"",""面试人员比例"":""3:1"",""工作地点"":""安徽省黄山市徽州区"",""落户地点"":""安徽省黄山市徽州区"",""备注"":""1.报名时请在专业栏中同时填写专业名称和专业代码；2.限应届高校毕业生报考，请在备注栏中注明本人具有应届高校毕业生身份。"",""部门网站"":""http://www.nfra.gov.cn"",""咨询电话1"":""0551-65192612"",""咨询电话2"":""0551-65192737"",""咨询电话3"":""0551-65192870"",""来源Sheet"":""中央国家行政机关省级以下直属机构""}}"
"government_jobs","国家公务员2026招考简章","公务员/事业单位技术岗位","福建省泉州市","2026-07-28T09:12:58.310295+00:00","统计信息部门一级主任科员及以下","国家金融监督管理总局福建监管局","","福建省泉州市","公务员/事业单位;2026;computer_software;cybersecurity_cryptography;data_ai;本科及以上;与最高学历相对应的学位;本科：080901计算机科学与技术、080902软件工程、080903网络工程、080904K信息安全、080910T数据科学与大数据技术；研究生；0812计算机科学与技术;市（地）级及以下直属机构综合管理类","用人司局：国家金融监督管理总局泉州监管分局
职位简介：主要从事金融监管数据统计分析工作。
专业要求：本科：080901计算机科学与技术、080902软件工程、080903网络工程、080904K信息安全、080910T数据科学与大数据技术；研究生；0812计算机科学与技术
学历要求：本科及以上
学位要求：与最高学历相对应的学位
政治面貌：不限
基层工作经历：无限制
考试类别：市（地）级及以下直属机构综合管理类
备注：1.报名时请在专业栏中同时填写专业名称和专业代码；2.要求大学英语四级成绩425分及以上（雅思成绩在6分及以上、托福成绩在80分及以上、取得英语专业四级或专业八级合格证书亦可），请在外语水平栏注明已获得的英语等级证书及成绩；3.本单位最低服务年限为5年（含试用期）。","http://bm.scs.gov.cn/kl2026#132113-300147386001","2025-10-14","{""dataset_year"":2026,""job_uid"":""GOV-2026-132113-300147386001"",""publisher"":""国家公务员局"",""publication_page"":""http://bm.scs.gov.cn/kl2026"",""attachment_url"":""local://2026_guokao_zhaokaojianzhang.zip"",""local_source_file"":""中央机关及其直属机构2026年度考试录用公务员招考简章.xls"",""local_source_sha256"":""2670bae1df1dd07a3a3c79b9db46a11e3bb15a6c9c249e6af98bfd0b61ce3aaf"",""source_sheet"":""中央国家行政机关省级以下直属机构"",""filter_version"":""government_tech_v2"",""tech_filter"":{""is_tech"":true,""is_core_tech"":true,""scope"":""core"",""categories"":[""computer_software"",""cybersecurity_cryptography"",""data_ai""],""matched_fields"":[""major"",""description""],""major_terms"":[""信息安全"",""大数据"",""数据科学与大数据技术"",""网络工程"",""计算机科学与技术"",""软件工程""],""role_terms"":[""数据统计分析""],""reason"":""tech_major_and_role""},""original"":{""部门代码"":""132113"",""部门名称"":""国家金融监督管理总局福建监管局"",""用人司局"":""国家金融监督管理总局泉州监管分局"",""机构性质"":""中央国家行政机关省级以下直属机构"",""招考职位"":""统计信息部门一级主任科员及以下"",""职位属性"":""金融监管计算机类职位"",""职位分布"":""其他职位"",""职位简介"":""主要从事金融监管数据统计分析工作。"",""职位代码"":""300147386001"",""机构层级"":""市（地）级"",""考试类别"":""市（地）级及以下直属机构综合管理类"",""招考人数"":""1"",""专业"":""本科：080901计算机科学与技术、080902软件工程、080903网络工程、080904K信息安全、080910T数据科学与大数据技术；研究生；0812计算机科学与技术"",""学历"":""本科及以上"",""学位"":""与最高学历相对应的学位"",""政治面貌"":""不限"",""基层工作最低年限"":""无限制"",""服务基层项目工作经历"":""无限制"",""是否在面试阶段组织专业能力测试"":""否"",""面试人员比例"":""3:1"",""工作地点"":""福建省泉州市"",""落户地点"":""福建省泉州市"",""备注"":""1.报名时请在专业栏中同时填写专业名称和专业代码；2.要求大学英语四级成绩425分及以上（雅思成绩在6分及以上、托福成绩在80分及以上、取得英语专业四级或专业八级合格证书亦可），请在外语水平栏注明已获得的英语等级证书及成绩；3.本单位最低服务年限为5年（含试用期）。"",""部门网站"":""http://www.nfra.gov.cn/"",""咨询电话1"":""0591-87767956"",""咨询电话2"":""0591-88282266"",""咨询电话3"":""0591-88301121"",""来源Sheet"":""中央国家行政机关省级以下直属机构""}}"
"government_jobs","国家公务员2026招考简章","公务员/事业单位技术岗位","福建省泉州市","2026-07-28T09:12:58.310295+00:00","统计信息部门一级主任科员及以下","国家金融监督管理总局福建监管局","","福建省泉州市","公务员/事业单位;2026;computer_software;cybersecurity_cryptography;data_ai;本科及以上;与最高学历相对应的学位;本科：080901计算机科学与技术、080902软件工程、080903网络工程、080904K信息安全、080910T数据科学与大数据技术；研究生；0812计算机科学与技术;市（地）级及以下直属机构综合管理类","用人司局：国家金融监督管理总局泉州监管分局
职位简介：主要从事金融监管数据统计分析工作。
专业要求：本科：080901计算机科学与技术、080902软件工程、080903网络工程、080904K信息安全、080910T数据科学与大数据技术；研究生；0812计算机科学与技术
学历要求：本科及以上
学位要求：与最高学历相对应的学位
政治面貌：不限
基层工作经历：二年
考试类别：市（地）级及以下直属机构综合管理类
备注：1.报名时请在专业栏中同时填写专业名称和专业代码；2.限大学生村官、农村义务教育阶段学校教师特设岗位计划、“三支一扶”计划、大学生志愿服务西部计划人员报考，请在简历栏中注明相关经历；3.要求大学英语四级成绩425分及以上（雅思成绩在6分及以上、托福成绩在80分及以上、取得英语专业四级或专业八级合格证书亦可），请在外语水平栏注明已获得的英语等级证书及成绩；4.本单位最低服务年限为5年（含试用期）。","http://bm.scs.gov.cn/kl2026#132113-300147386002","2025-10-14","{""dataset_year"":2026,""job_uid"":""GOV-2026-132113-300147386002"",""publisher"":""国家公务员局"",""publication_page"":""http://bm.scs.gov.cn/kl2026"",""attachment_url"":""local://2026_guokao_zhaokaojianzhang.zip"",""local_source_file"":""中央机关及其直属机构2026年度考试录用公务员招考简章.xls"",""local_source_sha256"":""2670bae1df1dd07a3a3c79b9db46a11e3bb15a6c9c249e6af98bfd0b61ce3aaf"",""source_sheet"":""中央国家行政机关省级以下直属机构"",""filter_version"":""government_tech_v2"",""tech_filter"":{""is_tech"":true,""is_core_tech"":true,""scope"":""core"",""categories"":[""computer_software"",""cybersecurity_cryptography"",""data_ai""],""matched_fields"":[""major"",""description""],""major_terms"":[""信息安全"",""大数据"",""数据科学与大数据技术"",""网络工程"",""计算机科学与技术"",""软件工程""],""role_terms"":[""数据统计分析""],""reason"":""tech_major_and_role""},""original"":{""部门代码"":""132113"",""部门名称"":""国家金融监督管理总局福建监管局"",""用人司局"":""国家金融监督管理总局泉州监管分局"",""机构性质"":""中央国家行政机关省级以下直属机构"",""招考职位"":""统计信息部门一级主任科员及以下"",""职位属性"":""金融监管计算机类职位"",""职位分布"":""其他职位"",""职位简介"":""主要从事金融监管数据统计分析工作。"",""职位代码"":""300147386002"",""机构层级"":""市（地）级"",""考试类别"":""市（地）级及以下直属机构综合管理类"",""招考人数"":""1"",""专业"":""本科：080901计算机科学与技术、080902软件工程、080903网络工程、080904K信息安全、080910T数据科学与大数据技术；研究生；0812计算机科学与技术"",""学历"":""本科及以上"",""学位"":""与最高学历相对应的学位"",""政治面貌"":""不限"",""基层工作最低年限"":""二年"",""服务基层项目工作经历"":""大学生村官、农村义务教育阶段学校教师特设岗位计划、“三支一扶”计划、大学生志愿服务西部计划"",""是否在面试阶段组织专业能力测试"":""否"",""面试人员比例"":""3:1"",""工作地点"":""福建省泉州市"",""落户地点"":""福建省泉州市"",""备注"":""1.报名时请在专业栏中同时填写专业名称和专业代码；2.限大学生村官、农村义务教育阶段学校教师特设岗位计划、“三支一扶”计划、大学生志愿服务西部计划人员报考，请在简历栏中注明相关经历；3.要求大学英语四级成绩425分及以上（雅思成绩在6分及以上、托福成绩在80分及以上、取得英语专业四级或专业八级合格证书亦可），请在外语水平栏注明已获得的英语等级证书及成绩；4.本单位最低服务年限为5年（含试用期）。"",""部门网站"":""http://www.nfra.gov.cn/"",""咨询电话1"":""0591-87767956"",""咨询电话2"":""0591-88282266"",""咨询电话3"":""0591-88301121"",""来源Sheet"":""中央国家行政机关省级以下直属机构""}}"
"government_jobs","国家公务员2026招考简章","公务员/事业单位技术岗位","福建省宁德市","2026-07-28T09:12:58.310295+00:00","科技部门一级主任科员及以下","国家金融监督管理总局福建监管局","","福建省宁德市","公务员/事业单位;2026;computer_software;仅限本科;学士;计算机科学与技术、软件工程、网络工程;市（地）级及以下直属机构综合管理类","用人司局：国家金融监督管理总局宁德监管分局
职位简介：主要从事金融信息科技风险监管、电子设备软硬件管理及信息系统运行维护等工作。
专业要求：计算机科学与技术、软件工程、网络工程
学历要求：仅限本科
学位要求：学士
政治面貌：中共党员
基层工作经历：无限制
考试类别：市（地）级及以下直属机构综合管理类
备注：1.报名时请在专业栏中同时填写专业名称和专业代码；2.限应届高校毕业生报考，请在备注栏中注明本人具有应届高校毕业生身份；3.要求本科学历大学英语四级成绩应为“425分及以上”，含425分，（雅思成绩在6分及以上、托福成绩在80分及以上、取得英语专业四级或专业八级合格证书亦可），请在外语水平栏中注明已获得的英语等级证书及成绩；4.本单位最低服务年限为5年（含试用期）。","http://bm.scs.gov.cn/kl2026#132113-300147388001","2025-10-14","{""dataset_year"":2026,""job_uid"":""GOV-2026-132113-300147388001"",""publisher"":""国家公务员局"",""publication_page"":""http://bm.scs.gov.cn/kl2026"",""attachment_url"":""local://2026_guokao_zhaokaojianzhang.zip"",""local_source_file"":""中央机关及其直属机构2026年度考试录用公务员招考简章.xls"",""local_source_sha256"":""2670bae1df1dd07a3a3c79b9db46a11e3bb15a6c9c249e6af98bfd0b61ce3aaf"",""source_sheet"":""中央国家行政机关省级以下直属机构"",""filter_version"":""government_tech_v2"",""tech_filter"":{""is_tech"":true,""is_core_tech"":true,""scope"":""core"",""categories"":[""computer_software""],""matched_fields"":[""major"",""description""],""major_terms"":[""网络工程"",""计算机科学与技术"",""软件工程""],""role_terms"":[""信息科技"",""信息系统"",""软硬件""],""reason"":""tech_major_and_role""},""original"":{""部门代码"":""132113"",""部门名称"":""国家金融监督管理总局福建监管局"",""用人司局"":""国家金融监督管理总局宁德监管分局"",""机构性质"":""中央国家行政机关省级以下直属机构"",""招考职位"":""科技部门一级主任科员及以下"",""职位属性"":""金融监管计算机类职位"",""职位分布"":""其他职位"",""职位简介"":""主要从事金融信息科技风险监管、电子设备软硬件管理及信息系统运行维护等工作。"",""职位代码"":""300147388001"",""机构层级"":""市（地）级"",""考试类别"":""市（地）级及以下直属机构综合管理类"",""招考人数"":""1"",""专业"":""计算机科学与技术、软件工程、网络工程"",""学历"":""仅限本科"",""学位"":""学士"",""政治面貌"":""中共党员"",""基层工作最低年限"":""无限制"",""服务基层项目工作经历"":""无限制"",""是否在面试阶段组织专业能力测试"":""否"",""面试人员比例"":""3:1"",""工作地点"":""福建省宁德市"",""落户地点"":""福建省宁德市"",""备注"":""1.报名时请在专业栏中同时填写专业名称和专业代码；2.限应届高校毕业生报考，请在备注栏中注明本人具有应届高校毕业生身份；3.要求本科学历大学英语四级成绩应为“425分及以上”，含425分，（雅思成绩在6分及以上、托福成绩在80分及以上、取得英语专业四级或专业八级合格证书亦可），请在外语水平栏中注明已获得的英语等级证书及成绩；4.本单位最低服务年限为5年（含试用期）。"",""部门网站"":""http://www.nfra.gov.cn/"",""咨询电话1"":""0591-87767956"",""咨询电话2"":""0591-88282266"",""咨询电话3"":""0591-88301121"",""来源Sheet"":""中央国家行政机关省级以下直属机构""}}"
"government_jobs","国家公务员2026招考简章","公务员/事业单位技术岗位","福建省福州市福清市","2026-07-28T09:12:58.310295+00:00","科技部门一级主任科员及以下","国家金融监督管理总局福建监管局","","福建省福州市福清市","公务员/事业单位;2026;computer_software;本科及以上;与最高学历相对应的学位;计算机类;市（地）级及以下直属机构综合管理类","用人司局：国家金融监督管理总局福清监管支局
职位简介：主要从事金融信息科技风险监管、电子设备软硬件管理及信息系统运行维护等工作。
专业要求：计算机类
学历要求：本科及以上
学位要求：与最高学历相对应的学位
政治面貌：不限
基层工作经历：无限制
考试类别：市（地）级及以下直属机构综合管理类
备注：1.报名时请在专业栏中同时填写专业名称和专业代码；2.限应届高校毕业生报考，请在备注栏中注明本人具有应届高校毕业生身份；3.要求大学英语四级成绩425分及以上（雅思成绩在6分及以上、托福成绩在80分及以上、取得英语专业四级或专业八级合格证书亦可），请在外语水平栏注明已获得的英语等级证书及成绩；4.本单位最低服务年限为5年（含试用期）。","http://bm.scs.gov.cn/kl2026#132113-300147389001","2025-10-14","{""dataset_year"":2026,""job_uid"":""GOV-2026-132113-300147389001"",""publisher"":""国家公务员局"",""publication_page"":""http://bm.scs.gov.cn/kl2026"",""attachment_url"":""local://2026_guokao_zhaokaojianzhang.zip"",""local_source_file"":""中央机关及其直属机构2026年度考试录用公务员招考简章.xls"",""local_source_sha256"":""2670bae1df1dd07a3a3c79b9db46a11e3bb15a6c9c249e6af98bfd0b61ce3aaf"",""source_sheet"":""中央国家行政机关省级以下直属机构"",""filter_version"":""government_tech_v2"",""tech_filter"":{""is_tech"":true,""is_core_tech"":true,""scope"":""core"",""categories"":[""computer_software""],""matched_fields"":[""major"",""description""],""major_terms"":[""计算机类""],""role_terms"":[""信息科技"",""信息系统"",""软硬件""],""reason"":""tech_major_and_role""},""original"":{""部门代码"":""132113"",""部门名称"":""国家金融监督管理总局福建监管局"",""用人司局"":""国家金融监督管理总局福清监管支局"",""机构性质"":""中央国家行政机关省级以下直属机构"",""招考职位"":""科技部门一级主任科员及以下"",""职位属性"":""金融监管计算机类职位"",""职位分布"":""其他职位"",""职位简介"":""主要从事金融信息科技风险监管、电子设备软硬件管理及信息系统运行维护等工作。"",""职位代码"":""300147389001"",""机构层级"":""县（区）级及以下"",""考试类别"":""市（地）级及以下直属机构综合管理类"",""招考人数"":""1"",""专业"":""计算机类"",""学历"":""本科及以上"",""学位"":""与最高学历相对应的学位"",""政治面貌"":""不限"",""基层工作最低年限"":""无限制"",""服务基层项目工作经历"":""无限制"",""是否在面试阶段组织专业能力测试"":""否"",""面试人员比例"":""3:1"",""工作地点"":""福建省福州市福清市"",""落户地点"":""福建省福州市福清市"",""备注"":""1.报名时请在专业栏中同时填写专业名称和专业代码；2.限应届高校毕业生报考，请在备注栏中注明本人具有应届高校毕业生身份；3.要求大学英语四级成绩425分及以上（雅思成绩在6分及以上、托福成绩在80分及以上、取得英语专业四级或专业八级合格证书亦可），请在外语水平栏注明已获得的英语等级证书及成绩；4.本单位最低服务年限为5年（含试用期）。"",""部门网站"":""http://www.nfra.gov.cn/"",""咨询电话1"":""0591-87767956"",""咨询电话2"":""0591-88282266"",""咨询电话3"":""0591-88301121"",""来源Sheet"":""中央国家行政机关省级以下直属机构""}}"
"government_jobs","国家公务员2026招考简章","公务员/事业单位技术岗位","福建省泉州市南安市","2026-07-28T09:12:58.310295+00:00","统计信息部门一级主任科员及以下","国家金融监督管理总局福建监管局","","福建省泉州市南安市","公务员/事业单位;2026;computer_software;cybersecurity_cryptography;data_ai;仅限本科;学士;080901计算机科学与技术、080902软件工程、080903网络工程、080904K信息安全、080910T数据科学与大数据技术;市（地）级及以下直属机构综合管理类","用人司局：国家金融监督管理总局南安监管支局
职位简介：主要从事金融监管数据统计分析工作。
专业要求：080901计算机科学与技术、080902软件工程、080903网络工程、080904K信息安全、080910T数据科学与大数据技术
学历要求：仅限本科
学位要求：学士
政治面貌：不限
基层工作经历：无限制
考试类别：市（地）级及以下直属机构综合管理类
备注：1.报名时请在专业栏中同时填写专业名称和专业代码；2.限应届高校毕业生报考，请在备注栏中注明本人具有应届高校毕业生身份；3.要求大学英语四级成绩425分及以上（雅思成绩在6分及以上、托福成绩在80分及以上、取得英语专业四级或专业八级合格证书亦可），请在外语水平栏注明已获得的英语等级证书及成绩；4.本单位最低服务年限为5年（含试用期）。","http://bm.scs.gov.cn/kl2026#132113-300147393001","2025-10-14","{""dataset_year"":2026,""job_uid"":""GOV-2026-132113-300147393001"",""publisher"":""国家公务员局"",""publication_page"":""http://bm.scs.gov.cn/kl2026"",""attachment_url"":""local://2026_guokao_zhaokaojianzhang.zip"",""local_source_file"":""中央机关及其直属机构2026年度考试录用公务员招考简章.xls"",""local_source_sha256"":""2670bae1df1dd07a3a3c79b9db46a11e3bb15a6c9c249e6af98bfd0b61ce3aaf"",""source_sheet"":""中央国家行政机关省级以下直属机构"",""filter_version"":""government_tech_v2"",""tech_filter"":{""is_tech"":true,""is_core_tech"":true,""scope"":""core"",""categories"":[""computer_software"",""cybersecurity_cryptography"",""data_ai""],""matched_fields"":[""major"",""description""],""major_terms"":[""信息安全"",""大数据"",""数据科学与大数据技术"",""网络工程"",""计算机科学与技术"",""软件工程""],""role_terms"":[""数据统计分析""],""reason"":""tech_major_and_role""},""original"":{""部门代码"":""132113"",""部门名称"":""国家金融监督管理总局福建监管局"",""用人司局"":""国家金融监督管理总局南安监管支局"",""机构性质"":""中央国家行政机关省级以下直属机构"",""招考职位"":""统计信息部门一级主任科员及以下"",""职位属性"":""金融监管计算机类职位"",""职位分布"":""其他职位"",""职位简介"":""主要从事金融监管数据统计分析工作。"",""职位代码"":""300147393001"",""机构层级"":""县（区）级及以下"",""考试类别"":""市（地）级及以下直属机构综合管理类"",""招考人数"":""1"",""专业"":""080901计算机科学与技术、080902软件工程、080903网络工程、080904K信息安全、080910T数据科学与大数据技术"",""学历"":""仅限本科"",""学位"":""学士"",""政治面貌"":""不限"",""基层工作最低年限"":""无限制"",""服务基层项目工作经历"":""无限制"",""是否在面试阶段组织专业能力测试"":""否"",""面试人员比例"":""3:1"",""工作地点"":""福建省泉州市南安市"",""落户地点"":""福建省泉州市南安市"",""备注"":""1.报名时请在专业栏中同时填写专业名称和专业代码；2.限应届高校毕业生报考，请在备注栏中注明本人具有应届高校毕业生身份；3.要求大学英语四级成绩425分及以上（雅思成绩在6分及以上、托福成绩在80分及以上、取得英语专业四级或专业八级合格证书亦可），请在外语水平栏注明已获得的英语等级证书及成绩；4.本单位最低服务年限为5年（含试用期）。"",""部门网站"":""http://www.nfra.gov.cn/"",""咨询电话1"":""0591-87767956"",""咨询电话2"":""0591-88282266"",""咨询电话3"":""0591-88301121"",""来源Sheet"":""中央国家行政机关省级以下直属机构""}}"
"government_jobs","国家公务员2026招考简章","公务员/事业单位技术岗位","福建省泉州市安溪县","2026-07-28T09:12:58.310295+00:00","统计信息部门一级主任科员及以下","国家金融监督管理总局福建监管局","","福建省泉州市安溪县","公务员/事业单位;2026;computer_software;cybersecurity_cryptography;data_ai;仅限本科;学士;080901计算机科学与技术、080902软件工程、080903网络工程、080904K信息安全、080910T数据科学与大数据技术;市（地）级及以下直属机构综合管理类","用人司局：国家金融监督管理总局安溪监管支局
职位简介：主要从事金融监管数据统计分析工作。
专业要求：080901计算机科学与技术、080902软件工程、080903网络工程、080904K信息安全、080910T数据科学与大数据技术
学历要求：仅限本科
学位要求：学士
政治面貌：不限
基层工作经历：无限制
考试类别：市（地）级及以下直属机构综合管理类
备注：1.报名时请在专业栏中同时填写专业名称和专业代码；2.限应届高校毕业生报考，请在备注栏中注明本人具有应届高校毕业生身份；3.要求大学英语四级成绩425分及以上（雅思成绩在6分及以上、托福成绩在80分及以上、取得英语专业四级或专业八级合格证书亦可），请在外语水平栏注明已获得的英语等级证书及成绩；4.本单位最低服务年限为5年（含试用期）。","http://bm.scs.gov.cn/kl2026#132113-300147395001","2025-10-14","{""dataset_year"":2026,""job_uid"":""GOV-2026-132113-300147395001"",""publisher"":""国家公务员局"",""publication_page"":""http://bm.scs.gov.cn/kl2026"",""attachment_url"":""local://2026_guokao_zhaokaojianzhang.zip"",""local_source_file"":""中央机关及其直属机构2026年度考试录用公务员招考简章.xls"",""local_source_sha256"":""2670bae1df1dd07a3a3c79b9db46a11e3bb15a6c9c249e6af98bfd0b61ce3aaf"",""source_sheet"":""中央国家行政机关省级以下直属机构"",""filter_version"":""government_tech_v2"",""tech_filter"":{""is_tech"":true,""is_core_tech"":true,""scope"":""core"",""categories"":[""computer_software"",""cybersecurity_cryptography"",""data_ai""],""matched_fields"":[""major"",""description""],""major_terms"":[""信息安全"",""大数据"",""数据科学与大数据技术"",""网络工程"",""计算机科学与技术"",""软件工程""],""role_terms"":[""数据统计分析""],""reason"":""tech_major_and_role""},""original"":{""部门代码"":""132113"",""部门名称"":""国家金融监督管理总局福建监管局"",""用人司局"":""国家金融监督管理总局安溪监管支局"",""机构性质"":""中央国家行政机关省级以下直属机构"",""招考职位"":""统计信息部门一级主任科员及以下"",""职位属性"":""金融监管计算机类职位"",""职位分布"":""其他职位"",""职位简介"":""主要从事金融监管数据统计分析工作。"",""职位代码"":""300147395001"",""机构层级"":""县（区）级及以下"",""考试类别"":""市（地）级及以下直属机构综合管理类"",""招考人数"":""1"",""专业"":""080901计算机科学与技术、080902软件工程、080903网络工程、080904K信息安全、080910T数据科学与大数据技术"",""学历"":""仅限本科"",""学位"":""学士"",""政治面貌"":""不限"",""基层工作最低年限"":""无限制"",""服务基层项目工作经历"":""无限制"",""是否在面试阶段组织专业能力测试"":""否"",""面试人员比例"":""3:1"",""工作地点"":""福建省泉州市安溪县"",""落户地点"":""福建省泉州市安溪县"",""备注"":""1.报名时请在专业栏中同时填写专业名称和专业代码；2.限应届高校毕业生报考，请在备注栏中注明本人具有应届高校毕业生身份；3.要求大学英语四级成绩425分及以上（雅思成绩在6分及以上、托福成绩在80分及以上、取得英语专业四级或专业八级合格证书亦可），请在外语水平栏注明已获得的英语等级证书及成绩；4.本单位最低服务年限为5年（含试用期）。"",""部门网站"":""http://www.nfra.gov.cn/"",""咨询电话1"":""0591-87767956"",""咨询电话2"":""0591-88282266"",""咨询电话3"":""0591-88301121"",""来源Sheet"":""中央国家行政机关省级以下直属机构""}}"
"government_jobs","国家公务员2026招考简章","公务员/事业单位技术岗位","福建省漳州市诏安县","2026-07-28T09:12:58.310295+00:00","科技部门一级主任科员及以下","国家金融监督管理总局福建监管局","","福建省漳州市诏安县","公务员/事业单位;2026;computer_software;cybersecurity_cryptography;仅限本科;学士;计算机科学与技术、软件工程、网络工程、信息安全;市（地）级及以下直属机构综合管理类","用人司局：国家金融监督管理总局诏安监管支局
职位简介：主要从事金融信息科技风险监管、电子设备软硬件管理及信息系统运行维护等工作。
专业要求：计算机科学与技术、软件工程、网络工程、信息安全
学历要求：仅限本科
学位要求：学士
政治面貌：中共党员
基层工作经历：无限制
考试类别：市（地）级及以下直属机构综合管理类
备注：1.报名时请在专业栏中同时填写专业名称和专业代码。2.限2026届高校毕业生报考，请在备注栏中注明本人具有2026届高校毕业生身份。3.大学英语四级成绩在425分及以上（雅思成绩在6分及以上、托福成绩在80分及以上、取得英语专业四级或专业八级合格证书亦可），请在外语水平栏注明已获得的英语等级证书及成绩。4.本单位最低服务年限为5年（含试用期）。","http://bm.scs.gov.cn/kl2026#132113-300147398001","2025-10-14","{""dataset_year"":2026,""job_uid"":""GOV-2026-132113-300147398001"",""publisher"":""国家公务员局"",""publication_page"":""http://bm.scs.gov.cn/kl2026"",""attachment_url"":""local://2026_guokao_zhaokaojianzhang.zip"",""local_source_file"":""中央机关及其直属机构2026年度考试录用公务员招考简章.xls"",""local_source_sha256"":""2670bae1df1dd07a3a3c79b9db46a11e3bb15a6c9c249e6af98bfd0b61ce3aaf"",""source_sheet"":""中央国家行政机关省级以下直属机构"",""filter_version"":""government_tech_v2"",""tech_filter"":{""is_tech"":true,""is_core_tech"":true,""scope"":""core"",""categories"":[""computer_software"",""cybersecurity_cryptography""],""matched_fields"":[""major"",""description""],""major_terms"":[""信息安全"",""网络工程"",""计算机科学与技术"",""软件工程""],""role_terms"":[""信息科技"",""信息系统"",""软硬件""],""reason"":""tech_major_and_role""},""original"":{""部门代码"":""132113"",""部门名称"":""国家金融监督管理总局福建监管局"",""用人司局"":""国家金融监督管理总局诏安监管支局"",""机构性质"":""中央国家行政机关省级以下直属机构"",""招考职位"":""科技部门一级主任科员及以下"",""职位属性"":""金融监管计算机类职位"",""职位分布"":""其他职位"",""职位简介"":""主要从事金融信息科技风险监管、电子设备软硬件管理及信息系统运行维护等工作。"",""职位代码"":""300147398001"",""机构层级"":""县（区）级及以下"",""考试类别"":""市（地）级及以下直属机构综合管理类"",""招考人数"":""1"",""专业"":""计算机科学与技术、软件工程、网络工程、信息安全"",""学历"":""仅限本科"",""学位"":""学士"",""政治面貌"":""中共党员"",""基层工作最低年限"":""无限制"",""服务基层项目工作经历"":""无限制"",""是否在面试阶段组织专业能力测试"":""否"",""面试人员比例"":""3:1"",""工作地点"":""福建省漳州市诏安县"",""落户地点"":""福建省漳州市诏安县"",""备注"":""1.报名时请在专业栏中同时填写专业名称和专业代码。2.限2026届高校毕业生报考，请在备注栏中注明本人具有2026届高校毕业生身份。3.大学英语四级成绩在425分及以上（雅思成绩在6分及以上、托福成绩在80分及以上、取得英语专业四级或专业八级合格证书亦可），请在外语水平栏注明已获得的英语等级证书及成绩。4.本单位最低服务年限为5年（含试用期）。"",""部门网站"":""http://www.nfra.gov.cn/"",""咨询电话1"":""0591-87767956"",""咨询电话2"":""0591-88282266"",""咨询电话3"":""0591-88301121"",""来源Sheet"":""中央国家行政机关省级以下直属机构""}}"
"government_jobs","国家公务员2026招考简章","公务员/事业单位技术岗位","福建省漳州市长泰区","2026-07-28T09:12:58.310295+00:00","科技部门一级主任科员及以下","国家金融监督管理总局福建监管局","","福建省漳州市长泰区","公务员/事业单位;2026;computer_software;cybersecurity_cryptography;仅限本科;学士;计算机科学与技术、软件工程、网络工程、信息安全;市（地）级及以下直属机构综合管理类","用人司局：国家金融监督管理总局长泰监管支局
职位简介：主要从事金融信息科技风险监管、电子设备软硬件管理及信息系统运行维护等工作。
专业要求：计算机科学与技术、软件工程、网络工程、信息安全
学历要求：仅限本科
学位要求：学士
政治面貌：中共党员
基层工作经历：二年
考试类别：市（地）级及以下直属机构综合管理类
备注：1.报名时请在专业栏中同时填写专业名称和专业代码。2.限大学生村官、“三支一扶”计划、大学生志愿服务西部计划人员报考，请在简历栏中注明相关经历。3.大学英语四级成绩在425分及以上（雅思成绩在6分及以上、托福成绩在80分及以上、取得英语专业四级或专业八级合格证书亦可），请在外语水平栏注明已获得的英语等级证书及成绩。4.本单位最低服务年限为5年（含试用期）。","http://bm.scs.gov.cn/kl2026#132113-300147400001","2025-10-14","{""dataset_year"":2026,""job_uid"":""GOV-2026-132113-300147400001"",""publisher"":""国家公务员局"",""publication_page"":""http://bm.scs.gov.cn/kl2026"",""attachment_url"":""local://2026_guokao_zhaokaojianzhang.zip"",""local_source_file"":""中央机关及其直属机构2026年度考试录用公务员招考简章.xls"",""local_source_sha256"":""2670bae1df1dd07a3a3c79b9db46a11e3bb15a6c9c249e6af98bfd0b61ce3aaf"",""source_sheet"":""中央国家行政机关省级以下直属机构"",""filter_version"":""government_tech_v2"",""tech_filter"":{""is_tech"":true,""is_core_tech"":true,""scope"":""core"",""categories"":[""computer_software"",""cybersecurity_cryptography""],""matched_fields"":[""major"",""description""],""major_terms"":[""信息安全"",""网络工程"",""计算机科学与技术"",""软件工程""],""role_terms"":[""信息科技"",""信息系统"",""软硬件""],""reason"":""tech_major_and_role""},""original"":{""部门代码"":""132113"",""部门名称"":""国家金融监督管理总局福建监管局"",""用人司局"":""国家金融监督管理总局长泰监管支局"",""机构性质"":""中央国家行政机关省级以下直属机构"",""招考职位"":""科技部门一级主任科员及以下"",""职位属性"":""金融监管计算机类职位"",""职位分布"":""其他职位"",""职位简介"":""主要从事金融信息科技风险监管、电子设备软硬件管理及信息系统运行维护等工作。"",""职位代码"":""300147400001"",""机构层级"":""县（区）级及以下"",""考试类别"":""市（地）级及以下直属机构综合管理类"",""招考人数"":""1"",""专业"":""计算机科学与技术、软件工程、网络工程、信息安全"",""学历"":""仅限本科"",""学位"":""学士"",""政治面貌"":""中共党员"",""基层工作最低年限"":""二年"",""服务基层项目工作经历"":""大学生村官、“三支一扶”计划、大学生志愿服务西部计划"",""是否在面试阶段组织专业能力测试"":""否"",""面试人员比例"":""3:1"",""工作地点"":""福建省漳州市长泰区"",""落户地点"":""福建省漳州市长泰区"",""备注"":""1.报名时请在专业栏中同时填写专业名称和专业代码。2.限大学生村官、“三支一扶”计划、大学生志愿服务西部计划人员报考，请在简历栏中注明相关经历。3.大学英语四级成绩在425分及以上（雅思成绩在6分及以上、托福成绩在80分及以上、取得英语专业四级或专业八级合格证书亦可），请在外语水平栏注明已获得的英语等级证书及成绩。4.本单位最低服务年限为5年（含试用期）。"",""部门网站"":""http://www.nfra.gov.cn/"",""咨询电话1"":""0591-87767956"",""咨询电话2"":""0591-88282266"",""咨询电话3"":""0591-88301121"",""来源Sheet"":""中央国家行政机关省级以下直属机构""}}"
"government_jobs","国家公务员2026招考简章","公务员/事业单位技术岗位","福建省三明市大田县","2026-07-28T09:12:58.310295+00:00","科技部门一级主任科员及以下","国家金融监督管理总局福建监管局","","福建省三明市大田县","公务员/事业单位;2026;computer_software;electronics_communication;本科及以上;与最高学历相对应的学位;本科：080901计算机科学与技术、080902软件工程、080903网络工程、080909T电子与计算机工程、080910T数据科学与大数据技术 研究生：0809电子科学与技术、0810信息与通信工程、0812计算机科学与技术;市（地）级及以下直属机构综合管理类","用人司局：国家金融监督管理总局大田监管支局
职位简介：主要从事金融信息科技风险监管、电子设备软硬件管理及信息系统运行维护等工作。
专业要求：本科：080901计算机科学与技术、080902软件工程、080903网络工程、080909T电子与计算机工程、080910T数据科学与大数据技术 研究生：0809电子科学与技术、0810信息与通信工程、0812计算机科学与技术
学历要求：本科及以上
学位要求：与最高学历相对应的学位
政治面貌：不限
基层工作经历：二年
考试类别：市（地）级及以下直属机构综合管理类
备注：1.报名时请在专业栏中同时填写专业名称和专业代码；2.限大学生村官、农村义务教育阶段学校教师特设岗位计划、“三支一扶”计划、大学生志愿服务西部计划或在军队服役5年（含）以上的高校毕业生退役士兵报考，请在简历栏中注明相关经历；3.要求大学英语四级成绩在425分及以上（雅思成绩在6分及以上、托福成绩在80分及以上、取得英语专业四级或专业八级合格证书亦可），请在外语水平栏注明已获得的英语等级证书及成绩；4.本单位最低服务年限为5年（含试用期）。","http://bm.scs.gov.cn/kl2026#132113-300147402001","2025-10-14","{""dataset_year"":2026,""job_uid"":""GOV-2026-132113-300147402001"",""publisher"":""国家公务员局"",""publication_page"":""http://bm.scs.gov.cn/kl2026"",""attachment_url"":""local://2026_guokao_zhaokaojianzhang.zip"",""local_source_file"":""中央机关及其直属机构2026年度考试录用公务员招考简章.xls"",""local_source_sha256"":""2670bae1df1dd07a3a3c79b9db46a11e3bb15a6c9c249e6af98bfd0b61ce3aaf"",""source_sheet"":""中央国家行政机关省级以下直属机构"",""filter_version"":""government_tech_v2"",""tech_filter"":{""is_tech"":true,""is_core_tech"":true,""scope"":""core"",""categories"":[""computer_software"",""electronics_communication""],""matched_fields"":[""major"",""description""],""major_terms"":[""信息与通信工程"",""大数据"",""数据科学与大数据技术"",""电子科学与技术"",""网络工程"",""计算机"",""计算机科学与技术"",""软件工程"",""通信工程""],""role_terms"":[""信息科技"",""信息系统"",""软硬件""],""reason"":""tech_major_and_role""},""original"":{""部门代码"":""132113"",""部门名称"":""国家金融监督管理总局福建监管局"",""用人司局"":""国家金融监督管理总局大田监管支局"",""机构性质"":""中央国家行政机关省级以下直属机构"",""招考职位"":""科技部门一级主任科员及以下"",""职位属性"":""金融监管计算机类职位"",""职位分布"":""其他职位"",""职位简介"":""主要从事金融信息科技风险监管、电子设备软硬件管理及信息系统运行维护等工作。"",""职位代码"":""300147402001"",""机构层级"":""县（区）级及以下"",""考试类别"":""市（地）级及以下直属机构综合管理类"",""招考人数"":""1"",""专业"":""本科：080901计算机科学与技术、080902软件工程、080903网络工程、080909T电子与计算机工程、080910T数据科学与大数据技术 研究生：0809电子科学与技术、0810信息与通信工程、0812计算机科学与技术"",""学历"":""本科及以上"",""学位"":""与最高学历相对应的学位"",""政治面貌"":""不限"",""基层工作最低年限"":""二年"",""服务基层项目工作经历"":""大学生村官、农村义务教育阶段学校教师特设岗位计划、“三支一扶”计划、大学生志愿服务西部计划、在军队服役5年（含）以上的高校毕业生退役士兵"",""是否在面试阶段组织专业能力测试"":""否"",""面试人员比例"":""3:1"",""工作地点"":""福建省三明市大田县"",""落户地点"":""福建省三明市大田县"",""备注"":""1.报名时请在专业栏中同时填写专业名称和专业代码；2.限大学生村官、农村义务教育阶段学校教师特设岗位计划、“三支一扶”计划、大学生志愿服务西部计划或在军队服役5年（含）以上的高校毕业生退役士兵报考，请在简历栏中注明相关经历；3.要求大学英语四级成绩在425分及以上（雅思成绩在6分及以上、托福成绩在80分及以上、取得英语专业四级或专业八级合格证书亦可），请在外语水平栏注明已获得的英语等级证书及成绩；4.本单位最低服务年限为5年（含试用期）。"",""部门网站"":""http://www.nfra.gov.cn/"",""咨询电话1"":""0591-87767956"",""咨询电话2"":""0591-88282266"",""咨询电话3"":""0591-88301121"",""来源Sheet"":""中央国家行政机关省级以下直属机构""}}"
"government_jobs","国家公务员2026招考简章","公务员/事业单位技术岗位","福建省南平市浦城县","2026-07-28T09:12:58.310295+00:00","统计信息部门一级主任科员及以下","国家金融监督管理总局福建监管局","","福建省南平市浦城县","公务员/事业单位;2026;computer_software;data_ai;仅限本科;学士;计算机类;市（地）级及以下直属机构综合管理类","用人司局：国家金融监督管理总局浦城监管支局
职位简介：主要从事金融监管数据统计分析工作。
专业要求：计算机类
学历要求：仅限本科
学位要求：学士
政治面貌：不限
基层工作经历：无限制
考试类别：市（地）级及以下直属机构综合管理类
备注：1.报名时请在专业栏中同时填写专业名称和专业代码；2.大学英语四级成绩425分及以上（雅思成绩在6分以上、托福成绩在80分以上、取得英语专业四级或专业八级证书亦可），请在外语水平栏注明已获得的英语等级证书及成绩；3.本单位最低服务年限为5年（含试用期）。","http://bm.scs.gov.cn/kl2026#132113-300147409001","2025-10-14","{""dataset_year"":2026,""job_uid"":""GOV-2026-132113-300147409001"",""publisher"":""国家公务员局"",""publication_page"":""http://bm.scs.gov.cn/kl2026"",""attachment_url"":""local://2026_guokao_zhaokaojianzhang.zip"",""local_source_file"":""中央机关及其直属机构2026年度考试录用公务员招考简章.xls"",""local_source_sha256"":""2670bae1df1dd07a3a3c79b9db46a11e3bb15a6c9c249e6af98bfd0b61ce3aaf"",""source_sheet"":""中央国家行政机关省级以下直属机构"",""filter_version"":""government_tech_v2"",""tech_filter"":{""is_tech"":true,""is_core_tech"":true,""scope"":""core"",""categories"":[""computer_software"",""data_ai""],""matched_fields"":[""major"",""description""],""major_terms"":[""计算机类""],""role_terms"":[""数据统计分析""],""reason"":""tech_major_and_role""},""original"":{""部门代码"":""132113"",""部门名称"":""国家金融监督管理总局福建监管局"",""用人司局"":""国家金融监督管理总局浦城监管支局"",""机构性质"":""中央国家行政机关省级以下直属机构"",""招考职位"":""统计信息部门一级主任科员及以下"",""职位属性"":""金融监管计算机类职位"",""职位分布"":""其他职位"",""职位简介"":""主要从事金融监管数据统计分析工作。"",""职位代码"":""300147409001"",""机构层级"":""县（区）级及以下"",""考试类别"":""市（地）级及以下直属机构综合管理类"",""招考人数"":""1"",""专业"":""计算机类"",""学历"":""仅限本科"",""学位"":""学士"",""政治面貌"":""不限"",""基层工作最低年限"":""无限制"",""服务基层项目工作经历"":""无限制"",""是否在面试阶段组织专业能力测试"":""否"",""面试人员比例"":""3:1"",""工作地点"":""福建省南平市浦城县"",""落户地点"":""福建省南平市浦城县"",""备注"":""1.报名时请在专业栏中同时填写专业名称和专业代码；2.大学英语四级成绩425分及以上（雅思成绩在6分以上、托福成绩在80分以上、取得英语专业四级或专业八级证书亦可），请在外语水平栏注明已获得的英语等级证书及成绩；3.本单位最低服务年限为5年（含试用期）。"",""部门网站"":""http://www.nfra.gov.cn/"",""咨询电话1"":""0591-87767956"",""咨询电话2"":""0591-88282266"",""咨询电话3"":""0591-88301121"",""来源Sheet"":""中央国家行政机关省级以下直属机构""}}"
"government_jobs","国家公务员2026招考简章","公务员/事业单位技术岗位","福建省宁德市福鼎市","2026-07-28T09:12:58.310295+00:00","科技部门一级主任科员及以下","国家金融监督管理总局福建监管局","","福建省宁德市福鼎市","公务员/事业单位;2026;computer_software;仅限本科;学士;计算机科学与技术、软件工程、网络工程;市（地）级及以下直属机构综合管理类","用人司局：国家金融监督管理总局福鼎监管支局
职位简介：主要从事金融信息科技风险监管、电子设备软硬件管理及信息系统运行维护等工作。
专业要求：计算机科学与技术、软件工程、网络工程
学历要求：仅限本科
学位要求：学士
政治面貌：不限
基层工作经历：无限制
考试类别：市（地）级及以下直属机构综合管理类
备注：1.报名时请在专业栏中同时填写专业名称和专业代码；2.限应届高校毕业生报考，请在备注栏中注明本人具有应届高校毕业生身份；3.要求本科学历大学英语四级成绩应为“425分及以上”，含425分，（雅思成绩在6分及以上、托福成绩在80分及以上、取得英语专业四级或专业八级合格证书亦可），请在外语水平栏中注明已获得的英语等级证书及成绩；4.本单位最低服务年限为5年（含试用期）。","http://bm.scs.gov.cn/kl2026#132113-300147414001","2025-10-14","{""dataset_year"":2026,""job_uid"":""GOV-2026-132113-300147414001"",""publisher"":""国家公务员局"",""publication_page"":""http://bm.scs.gov.cn/kl2026"",""attachment_url"":""local://2026_guokao_zhaokaojianzhang.zip"",""local_source_file"":""中央机关及其直属机构2026年度考试录用公务员招考简章.xls"",""local_source_sha256"":""2670bae1df1dd07a3a3c79b9db46a11e3bb15a6c9c249e6af98bfd0b61ce3aaf"",""source_sheet"":""中央国家行政机关省级以下直属机构"",""filter_version"":""government_tech_v2"",""tech_filter"":{""is_tech"":true,""is_core_tech"":true,""scope"":""core"",""categories"":[""computer_software""],""matched_fields"":[""major"",""description""],""major_terms"":[""网络工程"",""计算机科学与技术"",""软件工程""],""role_terms"":[""信息科技"",""信息系统"",""软硬件""],""reason"":""tech_major_and_role""},""original"":{""部门代码"":""132113"",""部门名称"":""国家金融监督管理总局福建监管局"",""用人司局"":""国家金融监督管理总局福鼎监管支局"",""机构性质"":""中央国家行政机关省级以下直属机构"",""招考职位"":""科技部门一级主任科员及以下"",""职位属性"":""金融监管计算机类职位"",""职位分布"":""其他职位"",""职位简介"":""主要从事金融信息科技风险监管、电子设备软硬件管理及信息系统运行维护等工作。"",""职位代码"":""300147414001"",""机构层级"":""县（区）级及以下"",""考试类别"":""市（地）级及以下直属机构综合管理类"",""招考人数"":""1"",""专业"":""计算机科学与技术、软件工程、网络工程"",""学历"":""仅限本科"",""学位"":""学士"",""政治面貌"":""不限"",""基层工作最低年限"":""无限制"",""服务基层项目工作经历"":""无限制"",""是否在面试阶段组织专业能力测试"":""否"",""面试人员比例"":""3:1"",""工作地点"":""福建省宁德市福鼎市"",""落户地点"":""福建省宁德市福鼎市"",""备注"":""1.报名时请在专业栏中同时填写专业名称和专业代码；2.限应届高校毕业生报考，请在备注栏中注明本人具有应届高校毕业生身份；3.要求本科学历大学英语四级成绩应为“425分及以上”，含425分，（雅思成绩在6分及以上、托福成绩在80分及以上、取得英语专业四级或专业八级合格证书亦可），请在外语水平栏中注明已获得的英语等级证书及成绩；4.本单位最低服务年限为5年（含试用期）。"",""部门网站"":""http://www.nfra.gov.cn/"",""咨询电话1"":""0591-87767956"",""咨询电话2"":""0591-88282266"",""咨询电话3"":""0591-88301121"",""来源Sheet"":""中央国家行政机关省级以下直属机构""}}"
"government_jobs","国家公务员2026招考简章","公务员/事业单位技术岗位","江西省南昌市","2026-07-28T09:12:58.310295+00:00","统计信息部门一级主任科员及以下","国家金融监督管理总局江西监管局","","江西省南昌市","公务员/事业单位;2026;computer_software;cybersecurity_cryptography;data_ai;硕士研究生及以上;与最高学历相对应的学位;计算机科学与技术、软件工程、网络工程、信息安全、电子与计算机工程、数据科学与大数据技术、网络空间安全、数据科学、计算机应用技术等专业;中央机关及其省级直属机构综合管理类","用人司局：国家金融监督管理总局江西监管局
职位简介：主要从事金融监管数据统计分析工作
专业要求：计算机科学与技术、软件工程、网络工程、信息安全、电子与计算机工程、数据科学与大数据技术、网络空间安全、数据科学、计算机应用技术等专业
学历要求：硕士研究生及以上
学位要求：与最高学历相对应的学位
政治面貌：不限
基层工作经历：二年
考试类别：中央机关及其省级直属机构综合管理类
备注：1.报名时请在专业栏中同时填写专业名称和专业代码；2.要求研究生学历大学英语六级成绩在425分及以上（雅思成绩在6.5分及以上、托福成绩在90分及以上、取得英语专业四级或专业八级合格证书亦可），请在外语水平栏注明已获得的英语等级证书及成绩；3.专业考试信息请参见《2026年度国家金融监督管理总局招考职位专业科目笔试考试大纲》。","http://bm.scs.gov.cn/kl2026#132114-300147417001","2025-10-14","{""dataset_year"":2026,""job_uid"":""GOV-2026-132114-300147417001"",""publisher"":""国家公务员局"",""publication_page"":""http://bm.scs.gov.cn/kl2026"",""attachment_url"":""local://2026_guokao_zhaokaojianzhang.zip"",""local_source_file"":""中央机关及其直属机构2026年度考试录用公务员招考简章.xls"",""local_source_sha256"":""2670bae1df1dd07a3a3c79b9db46a11e3bb15a6c9c249e6af98bfd0b61ce3aaf"",""source_sheet"":""中央国家行政机关省级以下直属机构"",""filter_version"":""government_tech_v2"",""tech_filter"":{""is_tech"":true,""is_core_tech"":true,""scope"":""core"",""categories"":[""computer_software"",""cybersecurity_cryptography"",""data_ai""],""matched_fields"":[""major"",""description""],""major_terms"":[""信息安全"",""大数据"",""数据科学"",""数据科学与大数据技术"",""网络工程"",""网络空间安全"",""计算机"",""计算机科学与技术"",""软件工程""],""role_terms"":[""数据统计分析""],""reason"":""tech_major_and_role""},""original"":{""部门代码"":""132114"",""部门名称"":""国家金融监督管理总局江西监管局"",""用人司局"":""国家金融监督管理总局江西监管局"",""机构性质"":""中央国家行政机关省级以下直属机构"",""招考职位"":""统计信息部门一级主任科员及以下"",""职位属性"":""金融监管计算机类职位"",""职位分布"":""其他职位"",""职位简介"":""主要从事金融监管数据统计分析工作"",""职位代码"":""300147417001"",""机构层级"":""省（副省）级"",""考试类别"":""中央机关及其省级直属机构综合管理类"",""招考人数"":""2"",""专业"":""计算机科学与技术、软件工程、网络工程、信息安全、电子与计算机工程、数据科学与大数据技术、网络空间安全、数据科学、计算机应用技术等专业"",""学历"":""硕士研究生及以上"",""学位"":""与最高学历相对应的学位"",""政治面貌"":""不限"",""基层工作最低年限"":""二年"",""服务基层项目工作经历"":""无限制"",""是否在面试阶段组织专业能力测试"":""否"",""面试人员比例"":""4:1"",""工作地点"":""江西省南昌市"",""落户地点"":""江西省南昌市"",""备注"":""1.报名时请在专业栏中同时填写专业名称和专业代码；2.要求研究生学历大学英语六级成绩在425分及以上（雅思成绩在6.5分及以上、托福成绩在90分及以上、取得英语专业四级或专业八级合格证书亦可），请在外语水平栏注明已获得的英语等级证书及成绩；3.专业考试信息请参见《2026年度国家金融监督管理总局招考职位专业科目笔试考试大纲》。"",""部门网站"":""www.nfra.gov.cn"",""咨询电话1"":""0791-86766864"",""咨询电话2"":""0791-86766888"",""咨询电话3"":"""",""来源Sheet"":""中央国家行政机关省级以下直属机构""}}"
"government_jobs","国家公务员2026招考简章","公务员/事业单位技术岗位","江西省吉安市","2026-07-28T09:12:58.310295+00:00","科技部门一级主任科员及以下","国家金融监督管理总局江西监管局","","江西省吉安市","公务员/事业单位;2026;computer_software;cybersecurity_cryptography;本科及以上;与最高学历相对应的学位;计算机科学与技术、软件工程、网络工程、信息安全、电子与计算机工程、数据科学与大数据技术、网络空间安全、数据科学、计算机应用技术等专业;市（地）级及以下直属机构综合管理类","用人司局：国家金融监督管理总局吉安监管分局
职位简介：主要从事金融信息科技风险监管、电子设备软硬件管理及信息系统运行维护等工作
专业要求：计算机科学与技术、软件工程、网络工程、信息安全、电子与计算机工程、数据科学与大数据技术、网络空间安全、数据科学、计算机应用技术等专业
学历要求：本科及以上
学位要求：与最高学历相对应的学位
政治面貌：不限
基层工作经历：无限制
考试类别：市（地）级及以下直属机构综合管理类
备注：1.咨询电话：0796-8286835；2.报名时请在专业栏中同时填写专业名称和专业代码；3.要求本科学历大学英语四级成绩在425分及以上（雅思成绩在6分及以上、托福成绩在80分及以上、取得英语专业四级或专业八级合格证书亦可），研究生学历大学英语六级成绩在425分及以上（雅思成绩在6.5分及以上、托福成绩在90分及以上、取得英语专业四级或专业八级合格证书亦可），请在外语水平栏注明已获得的英语等级证书及成绩；4.专业考试信息请参见《2026年度国家金融监督管理总局招考职位专业科目笔试考试大纲》。","http://bm.scs.gov.cn/kl2026#132114-300147418001","2025-10-14","{""dataset_year"":2026,""job_uid"":""GOV-2026-132114-300147418001"",""publisher"":""国家公务员局"",""publication_page"":""http://bm.scs.gov.cn/kl2026"",""attachment_url"":""local://2026_guokao_zhaokaojianzhang.zip"",""local_source_file"":""中央机关及其直属机构2026年度考试录用公务员招考简章.xls"",""local_source_sha256"":""2670bae1df1dd07a3a3c79b9db46a11e3bb15a6c9c249e6af98bfd0b61ce3aaf"",""source_sheet"":""中央国家行政机关省级以下直属机构"",""filter_version"":""government_tech_v2"",""tech_filter"":{""is_tech"":true,""is_core_tech"":true,""scope"":""core"",""categories"":[""computer_software"",""cybersecurity_cryptography""],""matched_fields"":[""major"",""description""],""major_terms"":[""信息安全"",""大数据"",""数据科学"",""数据科学与大数据技术"",""网络工程"",""网络空间安全"",""计算机"",""计算机科学与技术"",""软件工程""],""role_terms"":[""信息科技"",""信息系统"",""软硬件""],""reason"":""tech_major_and_role""},""original"":{""部门代码"":""132114"",""部门名称"":""国家金融监督管理总局江西监管局"",""用人司局"":""国家金融监督管理总局吉安监管分局"",""机构性质"":""中央国家行政机关省级以下直属机构"",""招考职位"":""科技部门一级主任科员及以下"",""职位属性"":""金融监管计算机类职位"",""职位分布"":""其他职位"",""职位简介"":""主要从事金融信息科技风险监管、电子设备软硬件管理及信息系统运行维护等工作"",""职位代码"":""300147418001"",""机构层级"":""市（地）级"",""考试类别"":""市（地）级及以下直属机构综合管理类"",""招考人数"":""1"",""专业"":""计算机科学与技术、软件工程、网络工程、信息安全、电子与计算机工程、数据科学与大数据技术、网络空间安全、数据科学、计算机应用技术等专业"",""学历"":""本科及以上"",""学位"":""与最高学历相对应的学位"",""政治面貌"":""不限"",""基层工作最低年限"":""无限制"",""服务基层项目工作经历"":""无限制"",""是否在面试阶段组织专业能力测试"":""否"",""面试人员比例"":""3:1"",""工作地点"":""江西省吉安市"",""落户地点"":""江西省吉安市"",""备注"":""1.咨询电话：0796-8286835；2.报名时请在专业栏中同时填写专业名称和专业代码；3.要求本科学历大学英语四级成绩在425分及以上（雅思成绩在6分及以上、托福成绩在80分及以上、取得英语专业四级或专业八级合格证书亦可），研究生学历大学英语六级成绩在425分及以上（雅思成绩在6.5分及以上、托福成绩在90分及以上、取得英语专业四级或专业八级合格证书亦可），请在外语水平栏注明已获得的英语等级证书及成绩；4.专业考试信息请参见《2026年度国家金融监督管理总局招考职位专业科目笔试考试大纲》。"",""部门网站"":""www.nfra.gov.cn"",""咨询电话1"":""0791-86766864"",""咨询电话2"":""0791-86766888"",""咨询电话3"":"""",""来源Sheet"":""中央国家行政机关省级以下直属机构""}}"
"government_jobs","国家公务员2026招考简章","公务员/事业单位技术岗位","江西省新余市渝水区","2026-07-28T09:12:58.310295+00:00","科技部门一级主任科员及以下","国家金融监督管理总局江西监管局","","江西省新余市渝水区","公务员/事业单位;2026;computer_software;cybersecurity_cryptography;本科及以上;与最高学历相对应的学位;计算机科学与技术、软件工程、网络工程、信息安全、电子与计算机工程、数据科学与大数据技术、网络空间安全、数据科学、计算机应用技术等专业;市（地）级及以下直属机构综合管理类","用人司局：国家金融监督管理总局新余监管分局
职位简介：主要从事金融信息科技风险监管、电子设备软硬件管理及信息系统运行维护等工作
专业要求：计算机科学与技术、软件工程、网络工程、信息安全、电子与计算机工程、数据科学与大数据技术、网络空间安全、数据科学、计算机应用技术等专业
学历要求：本科及以上
学位要求：与最高学历相对应的学位
政治面貌：不限
基层工作经历：无限制
考试类别：市（地）级及以下直属机构综合管理类
备注：1.咨询电话：0790-6411913；2.报名时请在专业栏中同时填写专业名称和专业代码；3.限应届高校毕业生报考，请在备注栏中注明本人具有应届高校毕业生身份；4.要求本科学历大学英语四级成绩在425分及以上（雅思成绩在6分及以上、托福成绩在80分及以上、取得英语专业四级或专业八级合格证书亦可），研究生学历大学英语六级成绩在425分及以上（雅思成绩在6.5分及以上、托福成绩在90分及以上、取得英语专业四级或专业八级合格证书亦可），请在外语水平栏注明已获得的英语等级证书及成绩；5.专业考试信息请参见《2026年度国家金融监督管理总局招考职位专业科目笔试考试大纲》。","http://bm.scs.gov.cn/kl2026#132114-300147421001","2025-10-14","{""dataset_year"":2026,""job_uid"":""GOV-2026-132114-300147421001"",""publisher"":""国家公务员局"",""publication_page"":""http://bm.scs.gov.cn/kl2026"",""attachment_url"":""local://2026_guokao_zhaokaojianzhang.zip"",""local_source_file"":""中央机关及其直属机构2026年度考试录用公务员招考简章.xls"",""local_source_sha256"":""2670bae1df1dd07a3a3c79b9db46a11e3bb15a6c9c249e6af98bfd0b61ce3aaf"",""source_sheet"":""中央国家行政机关省级以下直属机构"",""filter_version"":""government_tech_v2"",""tech_filter"":{""is_tech"":true,""is_core_tech"":true,""scope"":""core"",""categories"":[""computer_software"",""cybersecurity_cryptography""],""matched_fields"":[""major"",""description""],""major_terms"":[""信息安全"",""大数据"",""数据科学"",""数据科学与大数据技术"",""网络工程"",""网络空间安全"",""计算机"",""计算机科学与技术"",""软件工程""],""role_terms"":[""信息科技"",""信息系统"",""软硬件""],""reason"":""tech_major_and_role""},""original"":{""部门代码"":""132114"",""部门名称"":""国家金融监督管理总局江西监管局"",""用人司局"":""国家金融监督管理总局新余监管分局"",""机构性质"":""中央国家行政机关省级以下直属机构"",""招考职位"":""科技部门一级主任科员及以下"",""职位属性"":""金融监管计算机类职位"",""职位分布"":""其他职位"",""职位简介"":""主要从事金融信息科技风险监管、电子设备软硬件管理及信息系统运行维护等工作"",""职位代码"":""300147421001"",""机构层级"":""市（地）级"",""考试类别"":""市（地）级及以下直属机构综合管理类"",""招考人数"":""1"",""专业"":""计算机科学与技术、软件工程、网络工程、信息安全、电子与计算机工程、数据科学与大数据技术、网络空间安全、数据科学、计算机应用技术等专业"",""学历"":""本科及以上"",""学位"":""与最高学历相对应的学位"",""政治面貌"":""不限"",""基层工作最低年限"":""无限制"",""服务基层项目工作经历"":""无限制"",""是否在面试阶段组织专业能力测试"":""否"",""面试人员比例"":""3:1"",""工作地点"":""江西省新余市渝水区"",""落户地点"":""江西省新余市渝水区"",""备注"":""1.咨询电话：0790-6411913；2.报名时请在专业栏中同时填写专业名称和专业代码；3.限应届高校毕业生报考，请在备注栏中注明本人具有应届高校毕业生身份；4.要求本科学历大学英语四级成绩在425分及以上（雅思成绩在6分及以上、托福成绩在80分及以上、取得英语专业四级或专业八级合格证书亦可），研究生学历大学英语六级成绩在425分及以上（雅思成绩在6.5分及以上、托福成绩在90分及以上、取得英语专业四级或专业八级合格证书亦可），请在外语水平栏注明已获得的英语等级证书及成绩；5.专业考试信息请参见《2026年度国家金融监督管理总局招考职位专业科目笔试考试大纲》。"",""部门网站"":""www.nfra.gov.cn"",""咨询电话1"":""0791-86766864"",""咨询电话2"":""0791-86766888"",""咨询电话3"":"""",""来源Sheet"":""中央国家行政机关省级以下直属机构""}}"
"government_jobs","国家公务员2026招考简章","公务员/事业单位技术岗位","江西省南昌市南昌县","2026-07-28T09:12:58.310295+00:00","统计信息部门一级主任科员及以下","国家金融监督管理总局江西监管局","","江西省南昌市南昌县","公务员/事业单位;2026;computer_software;cybersecurity_cryptography;data_ai;仅限本科;学士;计算机科学与技术、软件工程、网络工程、信息安全、电子与计算机工程、数据科学与大数据技术、网络空间安全、数据科学、计算机应用技术等专业;市（地）级及以下直属机构综合管理类","用人司局：国家金融监督管理总局南昌监管支局
职位简介：主要从事金融监管数据统计分析工作
专业要求：计算机科学与技术、软件工程、网络工程、信息安全、电子与计算机工程、数据科学与大数据技术、网络空间安全、数据科学、计算机应用技术等专业
学历要求：仅限本科
学位要求：学士
政治面貌：不限
基层工作经历：无限制
考试类别：市（地）级及以下直属机构综合管理类
备注：1.报名时请在专业栏中同时填写专业名称和专业代码；2.限应届高校毕业生报考，请在备注栏中注明本人具有应届高校毕业生身份；3.要求本科学历大学英语四级成绩在425分及以上（雅思成绩在6分及以上、托福成绩在80分及以上、取得英语专业四级或专业八级合格证书亦可），请在外语水平栏注明已获得的英语等级证书及成绩；4.专业考试信息请参见《2026年度国家金融监督管理总局招考职位专业科目笔试考试大纲》。","http://bm.scs.gov.cn/kl2026#132114-300147423001","2025-10-14","{""dataset_year"":2026,""job_uid"":""GOV-2026-132114-300147423001"",""publisher"":""国家公务员局"",""publication_page"":""http://bm.scs.gov.cn/kl2026"",""attachment_url"":""local://2026_guokao_zhaokaojianzhang.zip"",""local_source_file"":""中央机关及其直属机构2026年度考试录用公务员招考简章.xls"",""local_source_sha256"":""2670bae1df1dd07a3a3c79b9db46a11e3bb15a6c9c249e6af98bfd0b61ce3aaf"",""source_sheet"":""中央国家行政机关省级以下直属机构"",""filter_version"":""government_tech_v2"",""tech_filter"":{""is_tech"":true,""is_core_tech"":true,""scope"":""core"",""categories"":[""computer_software"",""cybersecurity_cryptography"",""data_ai""],""matched_fields"":[""major"",""description""],""major_terms"":[""信息安全"",""大数据"",""数据科学"",""数据科学与大数据技术"",""网络工程"",""网络空间安全"",""计算机"",""计算机科学与技术"",""软件工程""],""role_terms"":[""数据统计分析""],""reason"":""tech_major_and_role""},""original"":{""部门代码"":""132114"",""部门名称"":""国家金融监督管理总局江西监管局"",""用人司局"":""国家金融监督管理总局南昌监管支局"",""机构性质"":""中央国家行政机关省级以下直属机构"",""招考职位"":""统计信息部门一级主任科员及以下"",""职位属性"":""金融监管计算机类职位"",""职位分布"":""其他职位"",""职位简介"":""主要从事金融监管数据统计分析工作"",""职位代码"":""300147423001"",""机构层级"":""县（区）级及以下"",""考试类别"":""市（地）级及以下直属机构综合管理类"",""招考人数"":""1"",""专业"":""计算机科学与技术、软件工程、网络工程、信息安全、电子与计算机工程、数据科学与大数据技术、网络空间安全、数据科学、计算机应用技术等专业"",""学历"":""仅限本科"",""学位"":""学士"",""政治面貌"":""不限"",""基层工作最低年限"":""无限制"",""服务基层项目工作经历"":""无限制"",""是否在面试阶段组织专业能力测试"":""否"",""面试人员比例"":""3:1"",""工作地点"":""江西省南昌市南昌县"",""落户地点"":""江西省南昌市南昌县"",""备注"":""1.报名时请在专业栏中同时填写专业名称和专业代码；2.限应届高校毕业生报考，请在备注栏中注明本人具有应届高校毕业生身份；3.要求本科学历大学英语四级成绩在425分及以上（雅思成绩在6分及以上、托福成绩在80分及以上、取得英语专业四级或专业八级合格证书亦可），请在外语水平栏注明已获得的英语等级证书及成绩；4.专业考试信息请参见《2026年度国家金融监督管理总局招考职位专业科目笔试考试大纲》。"",""部门网站"":""www.nfra.gov.cn"",""咨询电话1"":""0791-86766864"",""咨询电话2"":""0791-86766888"",""咨询电话3"":"""",""来源Sheet"":""中央国家行政机关省级以下直属机构""}}"
"government_jobs","国家公务员2026招考简章","公务员/事业单位技术岗位","江西省赣州市龙南市","2026-07-28T09:12:58.310295+00:00","统计信息部门一级主任科员及以下","国家金融监督管理总局江西监管局","","江西省赣州市龙南市","公务员/事业单位;2026;computer_software;cybersecurity_cryptography;data_ai;本科及以上;与最高学历相对应的学位;计算机科学与技术、软件工程、网络工程、信息安全、电子与计算机工程、数据科学与大数据技术、网络空间安全、数据科学、计算机应用技术等专业;市（地）级及以下直属机构综合管理类","用人司局：国家金融监督管理总局龙南监管支局
职位简介：主要从事金融监管数据统计分析工作
专业要求：计算机科学与技术、软件工程、网络工程、信息安全、电子与计算机工程、数据科学与大数据技术、网络空间安全、数据科学、计算机应用技术等专业
学历要求：本科及以上
学位要求：与最高学历相对应的学位
政治面貌：不限
基层工作经历：无限制
考试类别：市（地）级及以下直属机构综合管理类
备注：1.咨询电话：0797-8281906；2.报名时请在专业栏中同时填写专业名称和专业代码；3.限应届高校毕业生报考，请在备注栏中注明本人具有应届高校毕业生身份；4.要求本科学历大学英语四级成绩在425分及以上（雅思成绩在6分及以上、托福成绩在80分及以上、取得英语专业四级或专业八级合格证书亦可），研究生学历大学英语六级成绩在425分及以上（雅思成绩在6.5分及以上、托福成绩在90分及以上、取得英语专业四级或专业八级合格证书亦可），请在外语水平栏注明已获得的英语等级证书及成绩；5.专业考试信息请参见《2026年度国家金融监督管理总局招考职位专业科目笔试考试大纲》。","http://bm.scs.gov.cn/kl2026#132114-300147429001","2025-10-14","{""dataset_year"":2026,""job_uid"":""GOV-2026-132114-300147429001"",""publisher"":""国家公务员局"",""publication_page"":""http://bm.scs.gov.cn/kl2026"",""attachment_url"":""local://2026_guokao_zhaokaojianzhang.zip"",""local_source_file"":""中央机关及其直属机构2026年度考试录用公务员招考简章.xls"",""local_source_sha256"":""2670bae1df1dd07a3a3c79b9db46a11e3bb15a6c9c249e6af98bfd0b61ce3aaf"",""source_sheet"":""中央国家行政机关省级以下直属机构"",""filter_version"":""government_tech_v2"",""tech_filter"":{""is_tech"":true,""is_core_tech"":true,""scope"":""core"",""categories"":[""computer_software"",""cybersecurity_cryptography"",""data_ai""],""matched_fields"":[""major"",""description""],""major_terms"":[""信息安全"",""大数据"",""数据科学"",""数据科学与大数据技术"",""网络工程"",""网络空间安全"",""计算机"",""计算机科学与技术"",""软件工程""],""role_terms"":[""数据统计分析""],""reason"":""tech_major_and_role""},""original"":{""部门代码"":""132114"",""部门名称"":""国家金融监督管理总局江西监管局"",""用人司局"":""国家金融监督管理总局龙南监管支局"",""机构性质"":""中央国家行政机关省级以下直属机构"",""招考职位"":""统计信息部门一级主任科员及以下"",""职位属性"":""金融监管计算机类职位"",""职位分布"":""其他职位"",""职位简介"":""主要从事金融监管数据统计分析工作"",""职位代码"":""300147429001"",""机构层级"":""县（区）级及以下"",""考试类别"":""市（地）级及以下直属机构综合管理类"",""招考人数"":""1"",""专业"":""计算机科学与技术、软件工程、网络工程、信息安全、电子与计算机工程、数据科学与大数据技术、网络空间安全、数据科学、计算机应用技术等专业"",""学历"":""本科及以上"",""学位"":""与最高学历相对应的学位"",""政治面貌"":""不限"",""基层工作最低年限"":""无限制"",""服务基层项目工作经历"":""无限制"",""是否在面试阶段组织专业能力测试"":""否"",""面试人员比例"":""3:1"",""工作地点"":""江西省赣州市龙南市"",""落户地点"":""江西省赣州市龙南市"",""备注"":""1.咨询电话：0797-8281906；2.报名时请在专业栏中同时填写专业名称和专业代码；3.限应届高校毕业生报考，请在备注栏中注明本人具有应届高校毕业生身份；4.要求本科学历大学英语四级成绩在425分及以上（雅思成绩在6分及以上、托福成绩在80分及以上、取得英语专业四级或专业八级合格证书亦可），研究生学历大学英语六级成绩在425分及以上（雅思成绩在6.5分及以上、托福成绩在90分及以上、取得英语专业四级或专业八级合格证书亦可），请在外语水平栏注明已获得的英语等级证书及成绩；5.专业考试信息请参见《2026年度国家金融监督管理总局招考职位专业科目笔试考试大纲》。"",""部门网站"":""www.nfra.gov.cn"",""咨询电话1"":""0791-86766864"",""咨询电话2"":""0791-86766888"",""咨询电话3"":"""",""来源Sheet"":""中央国家行政机关省级以下直属机构""}}"
"government_jobs","国家公务员2026招考简章","公务员/事业单位技术岗位","江西省赣州市寻乌县","2026-07-28T09:12:58.310295+00:00","统计信息部门一级主任科员及以下","国家金融监督管理总局江西监管局","","江西省赣州市寻乌县","公务员/事业单位;2026;computer_software;cybersecurity_cryptography;data_ai;本科及以上;与最高学历相对应的学位;计算机科学与技术、软件工程、网络工程、信息安全、电子与计算机工程、数据科学与大数据技术、网络空间安全、数据科学、计算机应用技术等专业;市（地）级及以下直属机构综合管理类","用人司局：国家金融监督管理总局寻乌监管支局
职位简介：主要从事金融监管数据统计分析工作
专业要求：计算机科学与技术、软件工程、网络工程、信息安全、电子与计算机工程、数据科学与大数据技术、网络空间安全、数据科学、计算机应用技术等专业
学历要求：本科及以上
学位要求：与最高学历相对应的学位
政治面貌：不限
基层工作经历：无限制
考试类别：市（地）级及以下直属机构综合管理类
备注：1.咨询电话：0797-8281906；2.报名时请在专业栏中同时填写专业名称和专业代码；3.要求本科学历大学英语四级成绩在425分及以上（雅思成绩在6分及以上、托福成绩在80分及以上、取得英语专业四级或专业八级合格证书亦可），研究生学历大学英语六级成绩在425分及以上（雅思成绩在6.5分及以上、托福成绩在90分及以上、取得英语专业四级或专业八级合格证书亦可），请在外语水平栏注明已获得的英语等级证书及成绩；4.专业考试信息请参见《2026年度国家金融监督管理总局招考职位专业科目笔试考试大纲》。","http://bm.scs.gov.cn/kl2026#132114-300147433001","2025-10-14","{""dataset_year"":2026,""job_uid"":""GOV-2026-132114-300147433001"",""publisher"":""国家公务员局"",""publication_page"":""http://bm.scs.gov.cn/kl2026"",""attachment_url"":""local://2026_guokao_zhaokaojianzhang.zip"",""local_source_file"":""中央机关及其直属机构2026年度考试录用公务员招考简章.xls"",""local_source_sha256"":""2670bae1df1dd07a3a3c79b9db46a11e3bb15a6c9c249e6af98bfd0b61ce3aaf"",""source_sheet"":""中央国家行政机关省级以下直属机构"",""filter_version"":""government_tech_v2"",""tech_filter"":{""is_tech"":true,""is_core_tech"":true,""scope"":""core"",""categories"":[""computer_software"",""cybersecurity_cryptography"",""data_ai""],""matched_fields"":[""major"",""description""],""major_terms"":[""信息安全"",""大数据"",""数据科学"",""数据科学与大数据技术"",""网络工程"",""网络空间安全"",""计算机"",""计算机科学与技术"",""软件工程""],""role_terms"":[""数据统计分析""],""reason"":""tech_major_and_role""},""original"":{""部门代码"":""132114"",""部门名称"":""国家金融监督管理总局江西监管局"",""用人司局"":""国家金融监督管理总局寻乌监管支局"",""机构性质"":""中央国家行政机关省级以下直属机构"",""招考职位"":""统计信息部门一级主任科员及以下"",""职位属性"":""金融监管计算机类职位"",""职位分布"":""其他职位"",""职位简介"":""主要从事金融监管数据统计分析工作"",""职位代码"":""300147433001"",""机构层级"":""县（区）级及以下"",""考试类别"":""市（地）级及以下直属机构综合管理类"",""招考人数"":""1"",""专业"":""计算机科学与技术、软件工程、网络工程、信息安全、电子与计算机工程、数据科学与大数据技术、网络空间安全、数据科学、计算机应用技术等专业"",""学历"":""本科及以上"",""学位"":""与最高学历相对应的学位"",""政治面貌"":""不限"",""基层工作最低年限"":""无限制"",""服务基层项目工作经历"":""无限制"",""是否在面试阶段组织专业能力测试"":""否"",""面试人员比例"":""3:1"",""工作地点"":""江西省赣州市寻乌县"",""落户地点"":""江西省赣州市寻乌县"",""备注"":""1.咨询电话：0797-8281906；2.报名时请在专业栏中同时填写专业名称和专业代码；3.要求本科学历大学英语四级成绩在425分及以上（雅思成绩在6分及以上、托福成绩在80分及以上、取得英语专业四级或专业八级合格证书亦可），研究生学历大学英语六级成绩在425分及以上（雅思成绩在6.5分及以上、托福成绩在90分及以上、取得英语专业四级或专业八级合格证书亦可），请在外语水平栏注明已获得的英语等级证书及成绩；4.专业考试信息请参见《2026年度国家金融监督管理总局招考职位专业科目笔试考试大纲》。"",""部门网站"":""www.nfra.gov.cn"",""咨询电话1"":""0791-86766864"",""咨询电话2"":""0791-86766888"",""咨询电话3"":"""",""来源Sheet"":""中央国家行政机关省级以下直属机构""}}"
"government_jobs","国家公务员2026招考简章","公务员/事业单位技术岗位","江西省赣州市兴国县","2026-07-28T09:12:58.310295+00:00","统计信息部门一级主任科员及以下","国家金融监督管理总局江西监管局","","江西省赣州市兴国县","公务员/事业单位;2026;computer_software;cybersecurity_cryptography;data_ai;本科及以上;与最高学历相对应的学位;计算机科学与技术、软件工程、网络工程、信息安全、电子与计算机工程、数据科学与大数据技术、网络空间安全、数据科学、计算机应用技术等专业;市（地）级及以下直属机构综合管理类","用人司局：国家金融监督管理总局兴国监管支局
职位简介：主要从事金融监管数据统计分析工作
专业要求：计算机科学与技术、软件工程、网络工程、信息安全、电子与计算机工程、数据科学与大数据技术、网络空间安全、数据科学、计算机应用技术等专业
学历要求：本科及以上
学位要求：与最高学历相对应的学位
政治面貌：不限
基层工作经历：无限制
考试类别：市（地）级及以下直属机构综合管理类
备注：1.咨询电话：0797-8281906；2.报名时请在专业栏中同时填写专业名称和专业代码；3.限应届高校毕业生报考，请在备注栏中注明本人具有应届高校毕业生身份；4.要求本科学历大学英语四级成绩在425分及以上（雅思成绩在6分及以上、托福成绩在80分及以上、取得英语专业四级或专业八级合格证书亦可），研究生学历大学英语六级成绩在425分及以上（雅思成绩在6.5分及以上、托福成绩在90分及以上、取得英语专业四级或专业八级合格证书亦可），请在外语水平栏注明已获得的英语等级证书及成绩；5.专业考试信息请参见《2026年度国家金融监督管理总局招考职位专业科目笔试考试大纲》。","http://bm.scs.gov.cn/kl2026#132114-300147434001","2025-10-14","{""dataset_year"":2026,""job_uid"":""GOV-2026-132114-300147434001"",""publisher"":""国家公务员局"",""publication_page"":""http://bm.scs.gov.cn/kl2026"",""attachment_url"":""local://2026_guokao_zhaokaojianzhang.zip"",""local_source_file"":""中央机关及其直属机构2026年度考试录用公务员招考简章.xls"",""local_source_sha256"":""2670bae1df1dd07a3a3c79b9db46a11e3bb15a6c9c249e6af98bfd0b61ce3aaf"",""source_sheet"":""中央国家行政机关省级以下直属机构"",""filter_version"":""government_tech_v2"",""tech_filter"":{""is_tech"":true,""is_core_tech"":true,""scope"":""core"",""categories"":[""computer_software"",""cybersecurity_cryptography"",""data_ai""],""matched_fields"":[""major"",""description""],""major_terms"":[""信息安全"",""大数据"",""数据科学"",""数据科学与大数据技术"",""网络工程"",""网络空间安全"",""计算机"",""计算机科学与技术"",""软件工程""],""role_terms"":[""数据统计分析""],""reason"":""tech_major_and_role""},""original"":{""部门代码"":""132114"",""部门名称"":""国家金融监督管理总局江西监管局"",""用人司局"":""国家金融监督管理总局兴国监管支局"",""机构性质"":""中央国家行政机关省级以下直属机构"",""招考职位"":""统计信息部门一级主任科员及以下"",""职位属性"":""金融监管计算机类职位"",""职位分布"":""其他职位"",""职位简介"":""主要从事金融监管数据统计分析工作"",""职位代码"":""300147434001"",""机构层级"":""县（区）级及以下"",""考试类别"":""市（地）级及以下直属机构综合管理类"",""招考人数"":""1"",""专业"":""计算机科学与技术、软件工程、网络工程、信息安全、电子与计算机工程、数据科学与大数据技术、网络空间安全、数据科学、计算机应用技术等专业"",""学历"":""本科及以上"",""学位"":""与最高学历相对应的学位"",""政治面貌"":""不限"",""基层工作最低年限"":""无限制"",""服务基层项目工作经历"":""无限制"",""是否在面试阶段组织专业能力测试"":""否"",""面试人员比例"":""3:1"",""工作地点"":""江西省赣州市兴国县"",""落户地点"":""江西省赣州市兴国县"",""备注"":""1.咨询电话：0797-8281906；2.报名时请在专业栏中同时填写专业名称和专业代码；3.限应届高校毕业生报考，请在备注栏中注明本人具有应届高校毕业生身份；4.要求本科学历大学英语四级成绩在425分及以上（雅思成绩在6分及以上、托福成绩在80分及以上、取得英语专业四级或专业八级合格证书亦可），研究生学历大学英语六级成绩在425分及以上（雅思成绩在6.5分及以上、托福成绩在90分及以上、取得英语专业四级或专业八级合格证书亦可），请在外语水平栏注明已获得的英语等级证书及成绩；5.专业考试信息请参见《2026年度国家金融监督管理总局招考职位专业科目笔试考试大纲》。"",""部门网站"":""www.nfra.gov.cn"",""咨询电话1"":""0791-86766864"",""咨询电话2"":""0791-86766888"",""咨询电话3"":"""",""来源Sheet"":""中央国家行政机关省级以下直属机构""}}"
"government_jobs","国家公务员2026招考简章","公务员/事业单位技术岗位","江西省九江市修水县","2026-07-28T09:12:58.310295+00:00","科技部门一级主任科员及以下","国家金融监督管理总局江西监管局","","江西省九江市修水县","公务员/事业单位;2026;computer_software;cybersecurity_cryptography;本科及以上;与最高学历相对应的学位;计算机科学与技术、软件工程、网络工程、信息安全、电子与计算机工程、数据科学与大数据技术、网络空间安全、数据科学、计算机应用技术等专业;市（地）级及以下直属机构综合管理类","用人司局：国家金融监督管理总局修水监管支局
职位简介：主要从事金融信息科技风险监管、电子设备软硬件管理及信息系统运行维护等工作
专业要求：计算机科学与技术、软件工程、网络工程、信息安全、电子与计算机工程、数据科学与大数据技术、网络空间安全、数据科学、计算机应用技术等专业
学历要求：本科及以上
学位要求：与最高学历相对应的学位
政治面貌：不限
基层工作经历：无限制
考试类别：市（地）级及以下直属机构综合管理类
备注：1.咨询电话：0792-8125991；2.报名时请在专业栏中同时填写专业名称和专业代码；3.限应届高校毕业生报考，请在备注栏中注明本人具有应届高校毕业生身份；4.要求本科学历大学英语四级成绩在425分及以上（雅思成绩在6分及以上、托福成绩在80分及以上、取得英语专业四级或专业八级合格证书亦可），研究生学历大学英语六级成绩在425分及以上（雅思成绩在6.5分及以上、托福成绩在90分及以上、取得英语专业四级或专业八级合格证书亦可），请在外语水平栏注明已获得的英语等级证书及成绩；5.专业考试信息请参见《2026年度国家金融监督管理总局招考职位专业科目笔试考试大纲》。","http://bm.scs.gov.cn/kl2026#132114-300147439001","2025-10-14","{""dataset_year"":2026,""job_uid"":""GOV-2026-132114-300147439001"",""publisher"":""国家公务员局"",""publication_page"":""http://bm.scs.gov.cn/kl2026"",""attachment_url"":""local://2026_guokao_zhaokaojianzhang.zip"",""local_source_file"":""中央机关及其直属机构2026年度考试录用公务员招考简章.xls"",""local_source_sha256"":""2670bae1df1dd07a3a3c79b9db46a11e3bb15a6c9c249e6af98bfd0b61ce3aaf"",""source_sheet"":""中央国家行政机关省级以下直属机构"",""filter_version"":""government_tech_v2"",""tech_filter"":{""is_tech"":true,""is_core_tech"":true,""scope"":""core"",""categories"":[""computer_software"",""cybersecurity_cryptography""],""matched_fields"":[""major"",""description""],""major_terms"":[""信息安全"",""大数据"",""数据科学"",""数据科学与大数据技术"",""网络工程"",""网络空间安全"",""计算机"",""计算机科学与技术"",""软件工程""],""role_terms"":[""信息科技"",""信息系统"",""软硬件""],""reason"":""tech_major_and_role""},""original"":{""部门代码"":""132114"",""部门名称"":""国家金融监督管理总局江西监管局"",""用人司局"":""国家金融监督管理总局修水监管支局"",""机构性质"":""中央国家行政机关省级以下直属机构"",""招考职位"":""科技部门一级主任科员及以下"",""职位属性"":""金融监管计算机类职位"",""职位分布"":""其他职位"",""职位简介"":""主要从事金融信息科技风险监管、电子设备软硬件管理及信息系统运行维护等工作"",""职位代码"":""300147439001"",""机构层级"":""县（区）级及以下"",""考试类别"":""市（地）级及以下直属机构综合管理类"",""招考人数"":""1"",""专业"":""计算机科学与技术、软件工程、网络工程、信息安全、电子与计算机工程、数据科学与大数据技术、网络空间安全、数据科学、计算机应用技术等专业"",""学历"":""本科及以上"",""学位"":""与最高学历相对应的学位"",""政治面貌"":""不限"",""基层工作最低年限"":""无限制"",""服务基层项目工作经历"":""无限制"",""是否在面试阶段组织专业能力测试"":""否"",""面试人员比例"":""3:1"",""工作地点"":""江西省九江市修水县"",""落户地点"":""江西省九江市"",""备注"":""1.咨询电话：0792-8125991；2.报名时请在专业栏中同时填写专业名称和专业代码；3.限应届高校毕业生报考，请在备注栏中注明本人具有应届高校毕业生身份；4.要求本科学历大学英语四级成绩在425分及以上（雅思成绩在6分及以上、托福成绩在80分及以上、取得英语专业四级或专业八级合格证书亦可），研究生学历大学英语六级成绩在425分及以上（雅思成绩在6.5分及以上、托福成绩在90分及以上、取得英语专业四级或专业八级合格证书亦可），请在外语水平栏注明已获得的英语等级证书及成绩；5.专业考试信息请参见《2026年度国家金融监督管理总局招考职位专业科目笔试考试大纲》。"",""部门网站"":""www.nfra.gov.cn"",""咨询电话1"":""0791-86766864"",""咨询电话2"":""0791-86766888"",""咨询电话3"":"""",""来源Sheet"":""中央国家行政机关省级以下直属机构""}}"
"government_jobs","国家公务员2026招考简章","公务员/事业单位技术岗位","江西省九江市都昌县","2026-07-28T09:12:58.310295+00:00","科技部门一级主任科员及以下","国家金融监督管理总局江西监管局","","江西省九江市都昌县","公务员/事业单位;2026;computer_software;cybersecurity_cryptography;本科及以上;与最高学历相对应的学位;计算机科学与技术、软件工程、网络工程、信息安全、电子与计算机工程、数据科学与大数据技术、网络空间安全、数据科学、计算机应用技术等专业;市（地）级及以下直属机构综合管理类","用人司局：国家金融监督管理总局都昌监管支局
职位简介：主要从事金融信息科技风险监管、电子设备软硬件管理及信息系统运行维护等工作
专业要求：计算机科学与技术、软件工程、网络工程、信息安全、电子与计算机工程、数据科学与大数据技术、网络空间安全、数据科学、计算机应用技术等专业
学历要求：本科及以上
学位要求：与最高学历相对应的学位
政治面貌：不限
基层工作经历：无限制
考试类别：市（地）级及以下直属机构综合管理类
备注：1.咨询电话：0792-8125991；2.报名时请在专业栏中同时填写专业名称和专业代码；3.限应届高校毕业生报考，请在备注栏中注明本人具有应届高校毕业生身份；4.要求本科学历大学英语四级成绩在425分及以上（雅思成绩在6分及以上、托福成绩在80分及以上、取得英语专业四级或专业八级合格证书亦可），研究生学历大学英语六级成绩在425分及以上（雅思成绩在6.5分及以上、托福成绩在90分及以上、取得英语专业四级或专业八级合格证书亦可），请在外语水平栏注明已获得的英语等级证书及成绩；5.专业考试信息请参见《2026年度国家金融监督管理总局招考职位专业科目笔试考试大纲》。","http://bm.scs.gov.cn/kl2026#132114-300147440001","2025-10-14","{""dataset_year"":2026,""job_uid"":""GOV-2026-132114-300147440001"",""publisher"":""国家公务员局"",""publication_page"":""http://bm.scs.gov.cn/kl2026"",""attachment_url"":""local://2026_guokao_zhaokaojianzhang.zip"",""local_source_file"":""中央机关及其直属机构2026年度考试录用公务员招考简章.xls"",""local_source_sha256"":""2670bae1df1dd07a3a3c79b9db46a11e3bb15a6c9c249e6af98bfd0b61ce3aaf"",""source_sheet"":""中央国家行政机关省级以下直属机构"",""filter_version"":""government_tech_v2"",""tech_filter"":{""is_tech"":true,""is_core_tech"":true,""scope"":""core"",""categories"":[""computer_software"",""cybersecurity_cryptography""],""matched_fields"":[""major"",""description""],""major_terms"":[""信息安全"",""大数据"",""数据科学"",""数据科学与大数据技术"",""网络工程"",""网络空间安全"",""计算机"",""计算机科学与技术"",""软件工程""],""role_terms"":[""信息科技"",""信息系统"",""软硬件""],""reason"":""tech_major_and_role""},""original"":{""部门代码"":""132114"",""部门名称"":""国家金融监督管理总局江西监管局"",""用人司局"":""国家金融监督管理总局都昌监管支局"",""机构性质"":""中央国家行政机关省级以下直属机构"",""招考职位"":""科技部门一级主任科员及以下"",""职位属性"":""金融监管计算机类职位"",""职位分布"":""其他职位"",""职位简介"":""主要从事金融信息科技风险监管、电子设备软硬件管理及信息系统运行维护等工作"",""职位代码"":""300147440001"",""机构层级"":""县（区）级及以下"",""考试类别"":""市（地）级及以下直属机构综合管理类"",""招考人数"":""1"",""专业"":""计算机科学与技术、软件工程、网络工程、信息安全、电子与计算机工程、数据科学与大数据技术、网络空间安全、数据科学、计算机应用技术等专业"",""学历"":""本科及以上"",""学位"":""与最高学历相对应的学位"",""政治面貌"":""不限"",""基层工作最低年限"":""无限制"",""服务基层项目工作经历"":""无限制"",""是否在面试阶段组织专业能力测试"":""否"",""面试人员比例"":""3:1"",""工作地点"":""江西省九江市都昌县"",""落户地点"":""江西省九江市"",""备注"":""1.咨询电话：0792-8125991；2.报名时请在专业栏中同时填写专业名称和专业代码；3.限应届高校毕业生报考，请在备注栏中注明本人具有应届高校毕业生身份；4.要求本科学历大学英语四级成绩在425分及以上（雅思成绩在6分及以上、托福成绩在80分及以上、取得英语专业四级或专业八级合格证书亦可），研究生学历大学英语六级成绩在425分及以上（雅思成绩在6.5分及以上、托福成绩在90分及以上、取得英语专业四级或专业八级合格证书亦可），请在外语水平栏注明已获得的英语等级证书及成绩；5.专业考试信息请参见《2026年度国家金融监督管理总局招考职位专业科目笔试考试大纲》。"",""部门网站"":""www.nfra.gov.cn"",""咨询电话1"":""0791-86766864"",""咨询电话2"":""0791-86766888"",""咨询电话3"":"""",""来源Sheet"":""中央国家行政机关省级以下直属机构""}}"
"government_jobs","国家公务员2026招考简章","公务员/事业单位技术岗位","江西省九江市彭泽县","2026-07-28T09:12:58.310295+00:00","科技部门一级主任科员及以下","国家金融监督管理总局江西监管局","","江西省九江市彭泽县","公务员/事业单位;2026;computer_software;cybersecurity_cryptography;本科及以上;与最高学历相对应的学位;计算机科学与技术、软件工程、网络工程、信息安全、电子与计算机工程、数据科学与大数据技术、网络空间安全、数据科学、计算机应用技术等专业;市（地）级及以下直属机构综合管理类","用人司局：国家金融监督管理总局彭泽监管支局
职位简介：主要从事金融信息科技风险监管、电子设备软硬件管理及信息系统运行维护等工作
专业要求：计算机科学与技术、软件工程、网络工程、信息安全、电子与计算机工程、数据科学与大数据技术、网络空间安全、数据科学、计算机应用技术等专业
学历要求：本科及以上
学位要求：与最高学历相对应的学位
政治面貌：不限
基层工作经历：无限制
考试类别：市（地）级及以下直属机构综合管理类
备注：1.咨询电话：0792-8125991；2.报名时请在专业栏中同时填写专业名称和专业代码；3.限应届高校毕业生报考，请在备注栏中注明本人具有应届高校毕业生身份；4.要求本科学历大学英语四级成绩在425分及以上（雅思成绩在6分及以上、托福成绩在80分及以上、取得英语专业四级或专业八级合格证书亦可），研究生学历大学英语六级成绩在425分及以上（雅思成绩在6.5分及以上、托福成绩在90分及以上、取得英语专业四级或专业八级合格证书亦可），请在外语水平栏注明已获得的英语等级证书及成绩；5.专业考试信息请参见《2026年度国家金融监督管理总局招考职位专业科目笔试考试大纲》。","http://bm.scs.gov.cn/kl2026#132114-300147441001","2025-10-14","{""dataset_year"":2026,""job_uid"":""GOV-2026-132114-300147441001"",""publisher"":""国家公务员局"",""publication_page"":""http://bm.scs.gov.cn/kl2026"",""attachment_url"":""local://2026_guokao_zhaokaojianzhang.zip"",""local_source_file"":""中央机关及其直属机构2026年度考试录用公务员招考简章.xls"",""local_source_sha256"":""2670bae1df1dd07a3a3c79b9db46a11e3bb15a6c9c249e6af98bfd0b61ce3aaf"",""source_sheet"":""中央国家行政机关省级以下直属机构"",""filter_version"":""government_tech_v2"",""tech_filter"":{""is_tech"":true,""is_core_tech"":true,""scope"":""core"",""categories"":[""computer_software"",""cybersecurity_cryptography""],""matched_fields"":[""major"",""description""],""major_terms"":[""信息安全"",""大数据"",""数据科学"",""数据科学与大数据技术"",""网络工程"",""网络空间安全"",""计算机"",""计算机科学与技术"",""软件工程""],""role_terms"":[""信息科技"",""信息系统"",""软硬件""],""reason"":""tech_major_and_role""},""original"":{""部门代码"":""132114"",""部门名称"":""国家金融监督管理总局江西监管局"",""用人司局"":""国家金融监督管理总局彭泽监管支局"",""机构性质"":""中央国家行政机关省级以下直属机构"",""招考职位"":""科技部门一级主任科员及以下"",""职位属性"":""金融监管计算机类职位"",""职位分布"":""其他职位"",""职位简介"":""主要从事金融信息科技风险监管、电子设备软硬件管理及信息系统运行维护等工作"",""职位代码"":""300147441001"",""机构层级"":""县（区）级及以下"",""考试类别"":""市（地）级及以下直属机构综合管理类"",""招考人数"":""1"",""专业"":""计算机科学与技术、软件工程、网络工程、信息安全、电子与计算机工程、数据科学与大数据技术、网络空间安全、数据科学、计算机应用技术等专业"",""学历"":""本科及以上"",""学位"":""与最高学历相对应的学位"",""政治面貌"":""不限"",""基层工作最低年限"":""无限制"",""服务基层项目工作经历"":""无限制"",""是否在面试阶段组织专业能力测试"":""否"",""面试人员比例"":""3:1"",""工作地点"":""江西省九江市彭泽县"",""落户地点"":""江西省九江市"",""备注"":""1.咨询电话：0792-8125991；2.报名时请在专业栏中同时填写专业名称和专业代码；3.限应届高校毕业生报考，请在备注栏中注明本人具有应届高校毕业生身份；4.要求本科学历大学英语四级成绩在425分及以上（雅思成绩在6分及以上、托福成绩在80分及以上、取得英语专业四级或专业八级合格证书亦可），研究生学历大学英语六级成绩在425分及以上（雅思成绩在6.5分及以上、托福成绩在90分及以上、取得英语专业四级或专业八级合格证书亦可），请在外语水平栏注明已获得的英语等级证书及成绩；5.专业考试信息请参见《2026年度国家金融监督管理总局招考职位专业科目笔试考试大纲》。"",""部门网站"":""www.nfra.gov.cn"",""咨询电话1"":""0791-86766864"",""咨询电话2"":""0791-86766888"",""咨询电话3"":"""",""来源Sheet"":""中央国家行政机关省级以下直属机构""}}"
"government_jobs","国家公务员2026招考简章","公务员/事业单位技术岗位","江西省九江市德安县","2026-07-28T09:12:58.310295+00:00","科技部门一级主任科员及以下","国家金融监督管理总局江西监管局","","江西省九江市德安县","公务员/事业单位;2026;computer_software;cybersecurity_cryptography;本科及以上;与最高学历相对应的学位;计算机科学与技术、软件工程、网络工程、信息安全、电子与计算机工程、数据科学与大数据技术、网络空间安全、数据科学、计算机应用技术等专业;市（地）级及以下直属机构综合管理类","用人司局：国家金融监督管理总局德安监管支局
职位简介：主要从事金融信息科技风险监管、电子设备软硬件管理及信息系统运行维护等工作
专业要求：计算机科学与技术、软件工程、网络工程、信息安全、电子与计算机工程、数据科学与大数据技术、网络空间安全、数据科学、计算机应用技术等专业
学历要求：本科及以上
学位要求：与最高学历相对应的学位
政治面貌：不限
基层工作经历：无限制
考试类别：市（地）级及以下直属机构综合管理类
备注：1.咨询电话：0792-8125991；2.报名时请在专业栏中同时填写专业名称和专业代码；3.限应届高校毕业生报考，请在备注栏中注明本人具有应届高校毕业生身份；4.要求本科学历大学英语四级成绩在425分及以上（雅思成绩在6分及以上、托福成绩在80分及以上、取得英语专业四级或专业八级合格证书亦可），研究生学历大学英语六级成绩在425分及以上（雅思成绩在6.5分及以上、托福成绩在90分及以上、取得英语专业四级或专业八级合格证书亦可），请在外语水平栏注明已获得的英语等级证书及成绩；5.专业考试信息请参见《2026年度国家金融监督管理总局招考职位专业科目笔试考试大纲》。","http://bm.scs.gov.cn/kl2026#132114-300147444001","2025-10-14","{""dataset_year"":2026,""job_uid"":""GOV-2026-132114-300147444001"",""publisher"":""国家公务员局"",""publication_page"":""http://bm.scs.gov.cn/kl2026"",""attachment_url"":""local://2026_guokao_zhaokaojianzhang.zip"",""local_source_file"":""中央机关及其直属机构2026年度考试录用公务员招考简章.xls"",""local_source_sha256"":""2670bae1df1dd07a3a3c79b9db46a11e3bb15a6c9c249e6af98bfd0b61ce3aaf"",""source_sheet"":""中央国家行政机关省级以下直属机构"",""filter_version"":""government_tech_v2"",""tech_filter"":{""is_tech"":true,""is_core_tech"":true,""scope"":""core"",""categories"":[""computer_software"",""cybersecurity_cryptography""],""matched_fields"":[""major"",""description""],""major_terms"":[""信息安全"",""大数据"",""数据科学"",""数据科学与大数据技术"",""网络工程"",""网络空间安全"",""计算机"",""计算机科学与技术"",""软件工程""],""role_terms"":[""信息科技"",""信息系统"",""软硬件""],""reason"":""tech_major_and_role""},""original"":{""部门代码"":""132114"",""部门名称"":""国家金融监督管理总局江西监管局"",""用人司局"":""国家金融监督管理总局德安监管支局"",""机构性质"":""中央国家行政机关省级以下直属机构"",""招考职位"":""科技部门一级主任科员及以下"",""职位属性"":""金融监管计算机类职位"",""职位分布"":""其他职位"",""职位简介"":""主要从事金融信息科技风险监管、电子设备软硬件管理及信息系统运行维护等工作"",""职位代码"":""300147444001"",""机构层级"":""县（区）级及以下"",""考试类别"":""市（地）级及以下直属机构综合管理类"",""招考人数"":""1"",""专业"":""计算机科学与技术、软件工程、网络工程、信息安全、电子与计算机工程、数据科学与大数据技术、网络空间安全、数据科学、计算机应用技术等专业"",""学历"":""本科及以上"",""学位"":""与最高学历相对应的学位"",""政治面貌"":""不限"",""基层工作最低年限"":""无限制"",""服务基层项目工作经历"":""无限制"",""是否在面试阶段组织专业能力测试"":""否"",""面试人员比例"":""3:1"",""工作地点"":""江西省九江市德安县"",""落户地点"":""江西省九江市"",""备注"":""1.咨询电话：0792-8125991；2.报名时请在专业栏中同时填写专业名称和专业代码；3.限应届高校毕业生报考，请在备注栏中注明本人具有应届高校毕业生身份；4.要求本科学历大学英语四级成绩在425分及以上（雅思成绩在6分及以上、托福成绩在80分及以上、取得英语专业四级或专业八级合格证书亦可），研究生学历大学英语六级成绩在425分及以上（雅思成绩在6.5分及以上、托福成绩在90分及以上、取得英语专业四级或专业八级合格证书亦可），请在外语水平栏注明已获得的英语等级证书及成绩；5.专业考试信息请参见《2026年度国家金融监督管理总局招考职位专业科目笔试考试大纲》。"",""部门网站"":""www.nfra.gov.cn"",""咨询电话1"":""0791-86766864"",""咨询电话2"":""0791-86766888"",""咨询电话3"":"""",""来源Sheet"":""中央国家行政机关省级以下直属机构""}}"
"government_jobs","国家公务员2026招考简章","公务员/事业单位技术岗位","江西省九江市庐山市","2026-07-28T09:12:58.310295+00:00","科技部门一级主任科员及以下","国家金融监督管理总局江西监管局","","江西省九江市庐山市","公务员/事业单位;2026;computer_software;cybersecurity_cryptography;本科及以上;与最高学历相对应的学位;计算机科学与技术、软件工程、网络工程、信息安全、电子与计算机工程、数据科学与大数据技术、网络空间安全、数据科学、计算机应用技术等专业;市（地）级及以下直属机构综合管理类","用人司局：国家金融监督管理总局庐山监管支局
职位简介：主要从事金融信息科技风险监管、电子设备软硬件管理及信息系统运行维护等工作
专业要求：计算机科学与技术、软件工程、网络工程、信息安全、电子与计算机工程、数据科学与大数据技术、网络空间安全、数据科学、计算机应用技术等专业
学历要求：本科及以上
学位要求：与最高学历相对应的学位
政治面貌：不限
基层工作经历：无限制
考试类别：市（地）级及以下直属机构综合管理类
备注：1.咨询电话：0792-8125991；2.报名时请在专业栏中同时填写专业名称和专业代码；3.限应届高校毕业生报考，请在备注栏中注明本人具有应届高校毕业生身份；4.要求本科学历大学英语四级成绩在425分及以上（雅思成绩在6分及以上、托福成绩在80分及以上、取得英语专业四级或专业八级合格证书亦可），研究生学历大学英语六级成绩在425分及以上（雅思成绩在6.5分及以上、托福成绩在90分及以上、取得英语专业四级或专业八级合格证书亦可），请在外语水平栏注明已获得的英语等级证书及成绩；5.专业考试信息请参见《2026年度国家金融监督管理总局招考职位专业科目笔试考试大纲》。","http://bm.scs.gov.cn/kl2026#132114-300147445001","2025-10-14","{""dataset_year"":2026,""job_uid"":""GOV-2026-132114-300147445001"",""publisher"":""国家公务员局"",""publication_page"":""http://bm.scs.gov.cn/kl2026"",""attachment_url"":""local://2026_guokao_zhaokaojianzhang.zip"",""local_source_file"":""中央机关及其直属机构2026年度考试录用公务员招考简章.xls"",""local_source_sha256"":""2670bae1df1dd07a3a3c79b9db46a11e3bb15a6c9c249e6af98bfd0b61ce3aaf"",""source_sheet"":""中央国家行政机关省级以下直属机构"",""filter_version"":""government_tech_v2"",""tech_filter"":{""is_tech"":true,""is_core_tech"":true,""scope"":""core"",""categories"":[""computer_software"",""cybersecurity_cryptography""],""matched_fields"":[""major"",""description""],""major_terms"":[""信息安全"",""大数据"",""数据科学"",""数据科学与大数据技术"",""网络工程"",""网络空间安全"",""计算机"",""计算机科学与技术"",""软件工程""],""role_terms"":[""信息科技"",""信息系统"",""软硬件""],""reason"":""tech_major_and_role""},""original"":{""部门代码"":""132114"",""部门名称"":""国家金融监督管理总局江西监管局"",""用人司局"":""国家金融监督管理总局庐山监管支局"",""机构性质"":""中央国家行政机关省级以下直属机构"",""招考职位"":""科技部门一级主任科员及以下"",""职位属性"":""金融监管计算机类职位"",""职位分布"":""其他职位"",""职位简介"":""主要从事金融信息科技风险监管、电子设备软硬件管理及信息系统运行维护等工作"",""职位代码"":""300147445001"",""机构层级"":""县（区）级及以下"",""考试类别"":""市（地）级及以下直属机构综合管理类"",""招考人数"":""1"",""专业"":""计算机科学与技术、软件工程、网络工程、信息安全、电子与计算机工程、数据科学与大数据技术、网络空间安全、数据科学、计算机应用技术等专业"",""学历"":""本科及以上"",""学位"":""与最高学历相对应的学位"",""政治面貌"":""不限"",""基层工作最低年限"":""无限制"",""服务基层项目工作经历"":""无限制"",""是否在面试阶段组织专业能力测试"":""否"",""面试人员比例"":""3:1"",""工作地点"":""江西省九江市庐山市"",""落户地点"":""江西省九江市"",""备注"":""1.咨询电话：0792-8125991；2.报名时请在专业栏中同时填写专业名称和专业代码；3.限应届高校毕业生报考，请在备注栏中注明本人具有应届高校毕业生身份；4.要求本科学历大学英语四级成绩在425分及以上（雅思成绩在6分及以上、托福成绩在80分及以上、取得英语专业四级或专业八级合格证书亦可），研究生学历大学英语六级成绩在425分及以上（雅思成绩在6.5分及以上、托福成绩在90分及以上、取得英语专业四级或专业八级合格证书亦可），请在外语水平栏注明已获得的英语等级证书及成绩；5.专业考试信息请参见《2026年度国家金融监督管理总局招考职位专业科目笔试考试大纲》。"",""部门网站"":""www.nfra.gov.cn"",""咨询电话1"":""0791-86766864"",""咨询电话2"":""0791-86766888"",""咨询电话3"":"""",""来源Sheet"":""中央国家行政机关省级以下直属机构""}}"
"government_jobs","国家公务员2026招考简章","公务员/事业单位技术岗位","江西省吉安市吉水县","2026-07-28T09:12:58.310295+00:00","科技部门一级主任科员及以下","国家金融监督管理总局江西监管局","","江西省吉安市吉水县","公务员/事业单位;2026;computer_software;cybersecurity_cryptography;本科及以上;与最高学历相对应的学位;计算机科学与技术、软件工程、网络工程、信息安全、电子与计算机工程、数据科学与大数据技术、网络空间安全、数据科学、计算机应用技术等专业;市（地）级及以下直属机构综合管理类","用人司局：国家金融监督管理总局吉水监管支局
职位简介：主要从事金融信息科技风险监管、电子设备软硬件管理及信息系统运行维护等工作
专业要求：计算机科学与技术、软件工程、网络工程、信息安全、电子与计算机工程、数据科学与大数据技术、网络空间安全、数据科学、计算机应用技术等专业
学历要求：本科及以上
学位要求：与最高学历相对应的学位
政治面貌：不限
基层工作经历：无限制
考试类别：市（地）级及以下直属机构综合管理类
备注：1.咨询电话：0796-8286835；2.报名时请在专业栏中同时填写专业名称和专业代码；3.限应届高校毕业生报考，请在备注栏中注明本人具有应届高校毕业生身份；4.要求本科学历大学英语四级成绩在425分及以上（雅思成绩在6分及以上、托福成绩在80分及以上、取得英语专业四级或专业八级合格证书亦可），研究生学历大学英语六级成绩在425分及以上（雅思成绩在6.5分及以上、托福成绩在90分及以上、取得英语专业四级或专业八级合格证书亦可），请在外语水平栏注明已获得的英语等级证书及成绩；5.专业考试信息请参见《2026年度国家金融监督管理总局招考职位专业科目笔试考试大纲》。","http://bm.scs.gov.cn/kl2026#132114-300147447001","2025-10-14","{""dataset_year"":2026,""job_uid"":""GOV-2026-132114-300147447001"",""publisher"":""国家公务员局"",""publication_page"":""http://bm.scs.gov.cn/kl2026"",""attachment_url"":""local://2026_guokao_zhaokaojianzhang.zip"",""local_source_file"":""中央机关及其直属机构2026年度考试录用公务员招考简章.xls"",""local_source_sha256"":""2670bae1df1dd07a3a3c79b9db46a11e3bb15a6c9c249e6af98bfd0b61ce3aaf"",""source_sheet"":""中央国家行政机关省级以下直属机构"",""filter_version"":""government_tech_v2"",""tech_filter"":{""is_tech"":true,""is_core_tech"":true,""scope"":""core"",""categories"":[""computer_software"",""cybersecurity_cryptography""],""matched_fields"":[""major"",""description""],""major_terms"":[""信息安全"",""大数据"",""数据科学"",""数据科学与大数据技术"",""网络工程"",""网络空间安全"",""计算机"",""计算机科学与技术"",""软件工程""],""role_terms"":[""信息科技"",""信息系统"",""软硬件""],""reason"":""tech_major_and_role""},""original"":{""部门代码"":""132114"",""部门名称"":""国家金融监督管理总局江西监管局"",""用人司局"":""国家金融监督管理总局吉水监管支局"",""机构性质"":""中央国家行政机关省级以下直属机构"",""招考职位"":""科技部门一级主任科员及以下"",""职位属性"":""金融监管计算机类职位"",""职位分布"":""其他职位"",""职位简介"":""主要从事金融信息科技风险监管、电子设备软硬件管理及信息系统运行维护等工作"",""职位代码"":""300147447001"",""机构层级"":""县（区）级及以下"",""考试类别"":""市（地）级及以下直属机构综合管理类"",""招考人数"":""1"",""专业"":""计算机科学与技术、软件工程、网络工程、信息安全、电子与计算机工程、数据科学与大数据技术、网络空间安全、数据科学、计算机应用技术等专业"",""学历"":""本科及以上"",""学位"":""与最高学历相对应的学位"",""政治面貌"":""不限"",""基层工作最低年限"":""无限制"",""服务基层项目工作经历"":""无限制"",""是否在面试阶段组织专业能力测试"":""否"",""面试人员比例"":""3:1"",""工作地点"":""江西省吉安市吉水县"",""落户地点"":""江西省吉安市吉水县"",""备注"":""1.咨询电话：0796-8286835；2.报名时请在专业栏中同时填写专业名称和专业代码；3.限应届高校毕业生报考，请在备注栏中注明本人具有应届高校毕业生身份；4.要求本科学历大学英语四级成绩在425分及以上（雅思成绩在6分及以上、托福成绩在80分及以上、取得英语专业四级或专业八级合格证书亦可），研究生学历大学英语六级成绩在425分及以上（雅思成绩在6.5分及以上、托福成绩在90分及以上、取得英语专业四级或专业八级合格证书亦可），请在外语水平栏注明已获得的英语等级证书及成绩；5.专业考试信息请参见《2026年度国家金融监督管理总局招考职位专业科目笔试考试大纲》。"",""部门网站"":""www.nfra.gov.cn"",""咨询电话1"":""0791-86766864"",""咨询电话2"":""0791-86766888"",""咨询电话3"":"""",""来源Sheet"":""中央国家行政机关省级以下直属机构""}}"
"government_jobs","国家公务员2026招考简章","公务员/事业单位技术岗位","江西省吉安市安福县","2026-07-28T09:12:58.310295+00:00","科技部门一级主任科员及以下","国家金融监督管理总局江西监管局","","江西省吉安市安福县","公务员/事业单位;2026;computer_software;cybersecurity_cryptography;本科及以上;与最高学历相对应的学位;计算机科学与技术、软件工程、网络工程、信息安全、电子与计算机工程、数据科学与大数据技术、网络空间安全、数据科学、计算机应用技术等专业;市（地）级及以下直属机构综合管理类","用人司局：国家金融监督管理总局安福监管支局
职位简介：主要从事金融信息科技风险监管、电子设备软硬件管理及信息系统运行维护等工作
专业要求：计算机科学与技术、软件工程、网络工程、信息安全、电子与计算机工程、数据科学与大数据技术、网络空间安全、数据科学、计算机应用技术等专业
学历要求：本科及以上
学位要求：与最高学历相对应的学位
政治面貌：不限
基层工作经历：无限制
考试类别：市（地）级及以下直属机构综合管理类
备注：1.咨询电话：0796-8286835；2.报名时请在专业栏中同时填写专业名称和专业代码；3.限应届高校毕业生报考，请在备注栏中注明本人具有应届高校毕业生身份；4.要求本科学历大学英语四级成绩在425分及以上（雅思成绩在6分及以上、托福成绩在80分及以上、取得英语专业四级或专业八级合格证书亦可），研究生学历大学英语六级成绩在425分及以上（雅思成绩在6.5分及以上、托福成绩在90分及以上、取得英语专业四级或专业八级合格证书亦可），请在外语水平栏注明已获得的英语等级证书及成绩；5.专业考试信息请参见《2026年度国家金融监督管理总局招考职位专业科目笔试考试大纲》。","http://bm.scs.gov.cn/kl2026#132114-300147450001","2025-10-14","{""dataset_year"":2026,""job_uid"":""GOV-2026-132114-300147450001"",""publisher"":""国家公务员局"",""publication_page"":""http://bm.scs.gov.cn/kl2026"",""attachment_url"":""local://2026_guokao_zhaokaojianzhang.zip"",""local_source_file"":""中央机关及其直属机构2026年度考试录用公务员招考简章.xls"",""local_source_sha256"":""2670bae1df1dd07a3a3c79b9db46a11e3bb15a6c9c249e6af98bfd0b61ce3aaf"",""source_sheet"":""中央国家行政机关省级以下直属机构"",""filter_version"":""government_tech_v2"",""tech_filter"":{""is_tech"":true,""is_core_tech"":true,""scope"":""core"",""categories"":[""computer_software"",""cybersecurity_cryptography""],""matched_fields"":[""major"",""description""],""major_terms"":[""信息安全"",""大数据"",""数据科学"",""数据科学与大数据技术"",""网络工程"",""网络空间安全"",""计算机"",""计算机科学与技术"",""软件工程""],""role_terms"":[""信息科技"",""信息系统"",""软硬件""],""reason"":""tech_major_and_role""},""original"":{""部门代码"":""132114"",""部门名称"":""国家金融监督管理总局江西监管局"",""用人司局"":""国家金融监督管理总局安福监管支局"",""机构性质"":""中央国家行政机关省级以下直属机构"",""招考职位"":""科技部门一级主任科员及以下"",""职位属性"":""金融监管计算机类职位"",""职位分布"":""其他职位"",""职位简介"":""主要从事金融信息科技风险监管、电子设备软硬件管理及信息系统运行维护等工作"",""职位代码"":""300147450001"",""机构层级"":""县（区）级及以下"",""考试类别"":""市（地）级及以下直属机构综合管理类"",""招考人数"":""1"",""专业"":""计算机科学与技术、软件工程、网络工程、信息安全、电子与计算机工程、数据科学与大数据技术、网络空间安全、数据科学、计算机应用技术等专业"",""学历"":""本科及以上"",""学位"":""与最高学历相对应的学位"",""政治面貌"":""不限"",""基层工作最低年限"":""无限制"",""服务基层项目工作经历"":""无限制"",""是否在面试阶段组织专业能力测试"":""否"",""面试人员比例"":""3:1"",""工作地点"":""江西省吉安市安福县"",""落户地点"":""江西省吉安市安福县"",""备注"":""1.咨询电话：0796-8286835；2.报名时请在专业栏中同时填写专业名称和专业代码；3.限应届高校毕业生报考，请在备注栏中注明本人具有应届高校毕业生身份；4.要求本科学历大学英语四级成绩在425分及以上（雅思成绩在6分及以上、托福成绩在80分及以上、取得英语专业四级或专业八级合格证书亦可），研究生学历大学英语六级成绩在425分及以上（雅思成绩在6.5分及以上、托福成绩在90分及以上、取得英语专业四级或专业八级合格证书亦可），请在外语水平栏注明已获得的英语等级证书及成绩；5.专业考试信息请参见《2026年度国家金融监督管理总局招考职位专业科目笔试考试大纲》。"",""部门网站"":""www.nfra.gov.cn"",""咨询电话1"":""0791-86766864"",""咨询电话2"":""0791-86766888"",""咨询电话3"":"""",""来源Sheet"":""中央国家行政机关省级以下直属机构""}}"
"government_jobs","国家公务员2026招考简章","公务员/事业单位技术岗位","江西省吉安市井冈山市","2026-07-28T09:12:58.310295+00:00","科技部门一级主任科员及以下","国家金融监督管理总局江西监管局","","江西省吉安市井冈山市","公务员/事业单位;2026;computer_software;cybersecurity_cryptography;本科及以上;与最高学历相对应的学位;计算机科学与技术、软件工程、网络工程、信息安全、电子与计算机工程、数据科学与大数据技术、网络空间安全、数据科学、计算机应用技术等专业;市（地）级及以下直属机构综合管理类","用人司局：国家金融监督管理总局井冈山监管支局
职位简介：主要从事金融信息科技风险监管、电子设备软硬件管理及信息系统运行维护等工作
专业要求：计算机科学与技术、软件工程、网络工程、信息安全、电子与计算机工程、数据科学与大数据技术、网络空间安全、数据科学、计算机应用技术等专业
学历要求：本科及以上
学位要求：与最高学历相对应的学位
政治面貌：不限
基层工作经历：无限制
考试类别：市（地）级及以下直属机构综合管理类
备注：1.咨询电话：0796-8286835；2.报名时请在专业栏中同时填写专业名称和专业代码；3.限应届高校毕业生报考，请在备注栏中注明本人具有应届高校毕业生身份；4.要求本科学历大学英语四级成绩在425分及以上（雅思成绩在6分及以上、托福成绩在80分及以上、取得英语专业四级或专业八级合格证书亦可），研究生学历大学英语六级成绩在425分及以上（雅思成绩在6.5分及以上、托福成绩在90分及以上、取得英语专业四级或专业八级合格证书亦可），请在外语水平栏注明已获得的英语等级证书及成绩；5.专业考试信息请参见《2026年度国家金融监督管理总局招考职位专业科目笔试考试大纲》。","http://bm.scs.gov.cn/kl2026#132114-300147452001","2025-10-14","{""dataset_year"":2026,""job_uid"":""GOV-2026-132114-300147452001"",""publisher"":""国家公务员局"",""publication_page"":""http://bm.scs.gov.cn/kl2026"",""attachment_url"":""local://2026_guokao_zhaokaojianzhang.zip"",""local_source_file"":""中央机关及其直属机构2026年度考试录用公务员招考简章.xls"",""local_source_sha256"":""2670bae1df1dd07a3a3c79b9db46a11e3bb15a6c9c249e6af98bfd0b61ce3aaf"",""source_sheet"":""中央国家行政机关省级以下直属机构"",""filter_version"":""government_tech_v2"",""tech_filter"":{""is_tech"":true,""is_core_tech"":true,""scope"":""core"",""categories"":[""computer_software"",""cybersecurity_cryptography""],""matched_fields"":[""major"",""description""],""major_terms"":[""信息安全"",""大数据"",""数据科学"",""数据科学与大数据技术"",""网络工程"",""网络空间安全"",""计算机"",""计算机科学与技术"",""软件工程""],""role_terms"":[""信息科技"",""信息系统"",""软硬件""],""reason"":""tech_major_and_role""},""original"":{""部门代码"":""132114"",""部门名称"":""国家金融监督管理总局江西监管局"",""用人司局"":""国家金融监督管理总局井冈山监管支局"",""机构性质"":""中央国家行政机关省级以下直属机构"",""招考职位"":""科技部门一级主任科员及以下"",""职位属性"":""金融监管计算机类职位"",""职位分布"":""其他职位"",""职位简介"":""主要从事金融信息科技风险监管、电子设备软硬件管理及信息系统运行维护等工作"",""职位代码"":""300147452001"",""机构层级"":""县（区）级及以下"",""考试类别"":""市（地）级及以下直属机构综合管理类"",""招考人数"":""1"",""专业"":""计算机科学与技术、软件工程、网络工程、信息安全、电子与计算机工程、数据科学与大数据技术、网络空间安全、数据科学、计算机应用技术等专业"",""学历"":""本科及以上"",""学位"":""与最高学历相对应的学位"",""政治面貌"":""不限"",""基层工作最低年限"":""无限制"",""服务基层项目工作经历"":""无限制"",""是否在面试阶段组织专业能力测试"":""否"",""面试人员比例"":""3:1"",""工作地点"":""江西省吉安市井冈山市"",""落户地点"":""江西省吉安市井冈山市"",""备注"":""1.咨询电话：0796-8286835；2.报名时请在专业栏中同时填写专业名称和专业代码；3.限应届高校毕业生报考，请在备注栏中注明本人具有应届高校毕业生身份；4.要求本科学历大学英语四级成绩在425分及以上（雅思成绩在6分及以上、托福成绩在80分及以上、取得英语专业四级或专业八级合格证书亦可），研究生学历大学英语六级成绩在425分及以上（雅思成绩在6.5分及以上、托福成绩在90分及以上、取得英语专业四级或专业八级合格证书亦可），请在外语水平栏注明已获得的英语等级证书及成绩；5.专业考试信息请参见《2026年度国家金融监督管理总局招考职位专业科目笔试考试大纲》。"",""部门网站"":""www.nfra.gov.cn"",""咨询电话1"":""0791-86766864"",""咨询电话2"":""0791-86766888"",""咨询电话3"":"""",""来源Sheet"":""中央国家行政机关省级以下直属机构""}}"
"government_jobs","国家公务员2026招考简章","公务员/事业单位技术岗位","江西省上饶市广丰区","2026-07-28T09:12:58.310295+00:00","统计信息部门一级主任科员及以下","国家金融监督管理总局江西监管局","","江西省上饶市广丰区","公务员/事业单位;2026;computer_software;cybersecurity_cryptography;data_ai;本科及以上;与最高学历相对应的学位;计算机科学与技术、软件工程、网络工程、信息安全、电子与计算机工程、数据科学与大数据技术、网络空间安全、数据科学、计算机应用技术等专业;市（地）级及以下直属机构综合管理类","用人司局：国家金融监督管理总局广丰监管支局
职位简介：主要从事金融监管数据统计分析工作
专业要求：计算机科学与技术、软件工程、网络工程、信息安全、电子与计算机工程、数据科学与大数据技术、网络空间安全、数据科学、计算机应用技术等专业
学历要求：本科及以上
学位要求：与最高学历相对应的学位
政治面貌：不限
基层工作经历：无限制
考试类别：市（地）级及以下直属机构综合管理类
备注：1.咨询电话：0793-8175857；2.报名时请在专业栏中同时填写专业名称和专业代码；3.限应届高校毕业生报考，请在备注栏中注明本人具有应届高校毕业生身份；4.要求本科学历大学英语四级成绩在425分及以上（雅思成绩在6分及以上、托福成绩在80分及以上、取得英语专业四级或专业八级合格证书亦可），研究生学历大学英语六级成绩在425分及以上（雅思成绩在6.5分及以上、托福成绩在90分及以上、取得英语专业四级或专业八级合格证书亦可），请在外语水平栏注明已获得的英语等级证书及成绩；5.专业考试信息请参见《2026年度国家金融监督管理总局招考职位专业科目笔试考试大纲》。","http://bm.scs.gov.cn/kl2026#132114-300147453001","2025-10-14","{""dataset_year"":2026,""job_uid"":""GOV-2026-132114-300147453001"",""publisher"":""国家公务员局"",""publication_page"":""http://bm.scs.gov.cn/kl2026"",""attachment_url"":""local://2026_guokao_zhaokaojianzhang.zip"",""local_source_file"":""中央机关及其直属机构2026年度考试录用公务员招考简章.xls"",""local_source_sha256"":""2670bae1df1dd07a3a3c79b9db46a11e3bb15a6c9c249e6af98bfd0b61ce3aaf"",""source_sheet"":""中央国家行政机关省级以下直属机构"",""filter_version"":""government_tech_v2"",""tech_filter"":{""is_tech"":true,""is_core_tech"":true,""scope"":""core"",""categories"":[""computer_software"",""cybersecurity_cryptography"",""data_ai""],""matched_fields"":[""major"",""description""],""major_terms"":[""信息安全"",""大数据"",""数据科学"",""数据科学与大数据技术"",""网络工程"",""网络空间安全"",""计算机"",""计算机科学与技术"",""软件工程""],""role_terms"":[""数据统计分析""],""reason"":""tech_major_and_role""},""original"":{""部门代码"":""132114"",""部门名称"":""国家金融监督管理总局江西监管局"",""用人司局"":""国家金融监督管理总局广丰监管支局"",""机构性质"":""中央国家行政机关省级以下直属机构"",""招考职位"":""统计信息部门一级主任科员及以下"",""职位属性"":""金融监管计算机类职位"",""职位分布"":""其他职位"",""职位简介"":""主要从事金融监管数据统计分析工作"",""职位代码"":""300147453001"",""机构层级"":""县（区）级及以下"",""考试类别"":""市（地）级及以下直属机构综合管理类"",""招考人数"":""1"",""专业"":""计算机科学与技术、软件工程、网络工程、信息安全、电子与计算机工程、数据科学与大数据技术、网络空间安全、数据科学、计算机应用技术等专业"",""学历"":""本科及以上"",""学位"":""与最高学历相对应的学位"",""政治面貌"":""不限"",""基层工作最低年限"":""无限制"",""服务基层项目工作经历"":""无限制"",""是否在面试阶段组织专业能力测试"":""否"",""面试人员比例"":""3:1"",""工作地点"":""江西省上饶市广丰区"",""落户地点"":""江西省上饶市广丰区"",""备注"":""1.咨询电话：0793-8175857；2.报名时请在专业栏中同时填写专业名称和专业代码；3.限应届高校毕业生报考，请在备注栏中注明本人具有应届高校毕业生身份；4.要求本科学历大学英语四级成绩在425分及以上（雅思成绩在6分及以上、托福成绩在80分及以上、取得英语专业四级或专业八级合格证书亦可），研究生学历大学英语六级成绩在425分及以上（雅思成绩在6.5分及以上、托福成绩在90分及以上、取得英语专业四级或专业八级合格证书亦可），请在外语水平栏注明已获得的英语等级证书及成绩；5.专业考试信息请参见《2026年度国家金融监督管理总局招考职位专业科目笔试考试大纲》。"",""部门网站"":""www.nfra.gov.cn"",""咨询电话1"":""0791-86766864"",""咨询电话2"":""0791-86766888"",""咨询电话3"":"""",""来源Sheet"":""中央国家行政机关省级以下直属机构""}}"
"government_jobs","国家公务员2026招考简章","公务员/事业单位技术岗位","江西省上饶市弋阳县","2026-07-28T09:12:58.310295+00:00","科技部门一级主任科员及以下","国家金融监督管理总局江西监管局","","江西省上饶市弋阳县","公务员/事业单位;2026;computer_software;cybersecurity_cryptography;本科及以上;与最高学历相对应的学位;计算机科学与技术、软件工程、网络工程、信息安全、电子与计算机工程、数据科学与大数据技术、网络空间安全、数据科学、计算机应用技术等专业;市（地）级及以下直属机构综合管理类","用人司局：国家金融监督管理总局弋阳监管支局
职位简介：主要从事金融信息科技风险监管、电子设备软硬件管理及信息系统运行维护等工作
专业要求：计算机科学与技术、软件工程、网络工程、信息安全、电子与计算机工程、数据科学与大数据技术、网络空间安全、数据科学、计算机应用技术等专业
学历要求：本科及以上
学位要求：与最高学历相对应的学位
政治面貌：不限
基层工作经历：无限制
考试类别：市（地）级及以下直属机构综合管理类
备注：1.咨询电话：0793-8175857；2.报名时请在专业栏中同时填写专业名称和专业代码；3.限应届高校毕业生报考，请在备注栏中注明本人具有应届高校毕业生身份；4.要求本科学历大学英语四级成绩在425分及以上（雅思成绩在6分及以上、托福成绩在80分及以上、取得英语专业四级或专业八级合格证书亦可），研究生学历大学英语六级成绩在425分及以上（雅思成绩在6.5分及以上、托福成绩在90分及以上、取得英语专业四级或专业八级合格证书亦可），请在外语水平栏注明已获得的英语等级证书及成绩；5.专业考试信息请参见《2026年度国家金融监督管理总局招考职位专业科目笔试考试大纲》。","http://bm.scs.gov.cn/kl2026#132114-300147456001","2025-10-14","{""dataset_year"":2026,""job_uid"":""GOV-2026-132114-300147456001"",""publisher"":""国家公务员局"",""publication_page"":""http://bm.scs.gov.cn/kl2026"",""attachment_url"":""local://2026_guokao_zhaokaojianzhang.zip"",""local_source_file"":""中央机关及其直属机构2026年度考试录用公务员招考简章.xls"",""local_source_sha256"":""2670bae1df1dd07a3a3c79b9db46a11e3bb15a6c9c249e6af98bfd0b61ce3aaf"",""source_sheet"":""中央国家行政机关省级以下直属机构"",""filter_version"":""government_tech_v2"",""tech_filter"":{""is_tech"":true,""is_core_tech"":true,""scope"":""core"",""categories"":[""computer_software"",""cybersecurity_cryptography""],""matched_fields"":[""major"",""description""],""major_terms"":[""信息安全"",""大数据"",""数据科学"",""数据科学与大数据技术"",""网络工程"",""网络空间安全"",""计算机"",""计算机科学与技术"",""软件工程""],""role_terms"":[""信息科技"",""信息系统"",""软硬件""],""reason"":""tech_major_and_role""},""original"":{""部门代码"":""132114"",""部门名称"":""国家金融监督管理总局江西监管局"",""用人司局"":""国家金融监督管理总局弋阳监管支局"",""机构性质"":""中央国家行政机关省级以下直属机构"",""招考职位"":""科技部门一级主任科员及以下"",""职位属性"":""金融监管计算机类职位"",""职位分布"":""其他职位"",""职位简介"":""主要从事金融信息科技风险监管、电子设备软硬件管理及信息系统运行维护等工作"",""职位代码"":""300147456001"",""机构层级"":""县（区）级及以下"",""考试类别"":""市（地）级及以下直属机构综合管理类"",""招考人数"":""1"",""专业"":""计算机科学与技术、软件工程、网络工程、信息安全、电子与计算机工程、数据科学与大数据技术、网络空间安全、数据科学、计算机应用技术等专业"",""学历"":""本科及以上"",""学位"":""与最高学历相对应的学位"",""政治面貌"":""不限"",""基层工作最低年限"":""无限制"",""服务基层项目工作经历"":""无限制"",""是否在面试阶段组织专业能力测试"":""否"",""面试人员比例"":""3:1"",""工作地点"":""江西省上饶市弋阳县"",""落户地点"":""江西省上饶市弋阳县"",""备注"":""1.咨询电话：0793-8175857；2.报名时请在专业栏中同时填写专业名称和专业代码；3.限应届高校毕业生报考，请在备注栏中注明本人具有应届高校毕业生身份；4.要求本科学历大学英语四级成绩在425分及以上（雅思成绩在6分及以上、托福成绩在80分及以上、取得英语专业四级或专业八级合格证书亦可），研究生学历大学英语六级成绩在425分及以上（雅思成绩在6.5分及以上、托福成绩在90分及以上、取得英语专业四级或专业八级合格证书亦可），请在外语水平栏注明已获得的英语等级证书及成绩；5.专业考试信息请参见《2026年度国家金融监督管理总局招考职位专业科目笔试考试大纲》。"",""部门网站"":""www.nfra.gov.cn"",""咨询电话1"":""0791-86766864"",""咨询电话2"":""0791-86766888"",""咨询电话3"":"""",""来源Sheet"":""中央国家行政机关省级以下直属机构""}}"
"government_jobs","国家公务员2026招考简章","公务员/事业单位技术岗位","江西省宜春市樟树市","2026-07-28T09:12:58.310295+00:00","统计信息部门一级主任科员及以下","国家金融监督管理总局江西监管局","","江西省宜春市樟树市","公务员/事业单位;2026;computer_software;cybersecurity_cryptography;data_ai;本科及以上;与最高学历相对应的学位;计算机科学与技术、软件工程、网络工程、信息安全、电子与计算机工程、数据科学与大数据技术、网络空间安全、数据科学、计算机应用技术等专业;市（地）级及以下直属机构综合管理类","用人司局：国家金融监督管理总局樟树监管支局
职位简介：主要从事金融监管数据统计分析工作
专业要求：计算机科学与技术、软件工程、网络工程、信息安全、电子与计算机工程、数据科学与大数据技术、网络空间安全、数据科学、计算机应用技术等专业
学历要求：本科及以上
学位要求：与最高学历相对应的学位
政治面貌：不限
基层工作经历：无限制
考试类别：市（地）级及以下直属机构综合管理类
备注：1.咨询电话：0795-3573501；2.报名时请在专业栏中同时填写专业名称和专业代码；3.限应届高校毕业生报考，请在备注栏中注明本人具有应届高校毕业生身份；4.要求本科学历大学英语四级成绩在425分及以上（雅思成绩在6分及以上、托福成绩在80分及以上、取得英语专业四级或专业八级合格证书亦可），研究生学历大学英语六级成绩在425分及以上（雅思成绩在6.5分及以上、托福成绩在90分及以上、取得英语专业四级或专业八级合格证书亦可），请在外语水平栏注明已获得的英语等级证书及成绩；5.专业考试信息请参见《2026年度国家金融监督管理总局招考职位专业科目笔试考试大纲》。","http://bm.scs.gov.cn/kl2026#132114-300147461001","2025-10-14","{""dataset_year"":2026,""job_uid"":""GOV-2026-132114-300147461001"",""publisher"":""国家公务员局"",""publication_page"":""http://bm.scs.gov.cn/kl2026"",""attachment_url"":""local://2026_guokao_zhaokaojianzhang.zip"",""local_source_file"":""中央机关及其直属机构2026年度考试录用公务员招考简章.xls"",""local_source_sha256"":""2670bae1df1dd07a3a3c79b9db46a11e3bb15a6c9c249e6af98bfd0b61ce3aaf"",""source_sheet"":""中央国家行政机关省级以下直属机构"",""filter_version"":""government_tech_v2"",""tech_filter"":{""is_tech"":true,""is_core_tech"":true,""scope"":""core"",""categories"":[""computer_software"",""cybersecurity_cryptography"",""data_ai""],""matched_fields"":[""major"",""description""],""major_terms"":[""信息安全"",""大数据"",""数据科学"",""数据科学与大数据技术"",""网络工程"",""网络空间安全"",""计算机"",""计算机科学与技术"",""软件工程""],""role_terms"":[""数据统计分析""],""reason"":""tech_major_and_role""},""original"":{""部门代码"":""132114"",""部门名称"":""国家金融监督管理总局江西监管局"",""用人司局"":""国家金融监督管理总局樟树监管支局"",""机构性质"":""中央国家行政机关省级以下直属机构"",""招考职位"":""统计信息部门一级主任科员及以下"",""职位属性"":""金融监管计算机类职位"",""职位分布"":""其他职位"",""职位简介"":""主要从事金融监管数据统计分析工作"",""职位代码"":""300147461001"",""机构层级"":""县（区）级及以下"",""考试类别"":""市（地）级及以下直属机构综合管理类"",""招考人数"":""1"",""专业"":""计算机科学与技术、软件工程、网络工程、信息安全、电子与计算机工程、数据科学与大数据技术、网络空间安全、数据科学、计算机应用技术等专业"",""学历"":""本科及以上"",""学位"":""与最高学历相对应的学位"",""政治面貌"":""不限"",""基层工作最低年限"":""无限制"",""服务基层项目工作经历"":""无限制"",""是否在面试阶段组织专业能力测试"":""否"",""面试人员比例"":""3:1"",""工作地点"":""江西省宜春市樟树市"",""落户地点"":""江西省宜春市樟树市"",""备注"":""1.咨询电话：0795-3573501；2.报名时请在专业栏中同时填写专业名称和专业代码；3.限应届高校毕业生报考，请在备注栏中注明本人具有应届高校毕业生身份；4.要求本科学历大学英语四级成绩在425分及以上（雅思成绩在6分及以上、托福成绩在80分及以上、取得英语专业四级或专业八级合格证书亦可），研究生学历大学英语六级成绩在425分及以上（雅思成绩在6.5分及以上、托福成绩在90分及以上、取得英语专业四级或专业八级合格证书亦可），请在外语水平栏注明已获得的英语等级证书及成绩；5.专业考试信息请参见《2026年度国家金融监督管理总局招考职位专业科目笔试考试大纲》。"",""部门网站"":""www.nfra.gov.cn"",""咨询电话1"":""0791-86766864"",""咨询电话2"":""0791-86766888"",""咨询电话3"":"""",""来源Sheet"":""中央国家行政机关省级以下直属机构""}}"
"government_jobs","国家公务员2026招考简章","公务员/事业单位技术岗位","江西省宜春市靖安县","2026-07-28T09:12:58.310295+00:00","统计信息部门一级主任科员及以下","国家金融监督管理总局江西监管局","","江西省宜春市靖安县","公务员/事业单位;2026;computer_software;cybersecurity_cryptography;data_ai;本科及以上;与最高学历相对应的学位;计算机科学与技术、软件工程、网络工程、信息安全、电子与计算机工程、数据科学与大数据技术、网络空间安全、数据科学、计算机应用技术等专业;市（地）级及以下直属机构综合管理类","用人司局：国家金融监督管理总局靖安监管支局
职位简介：主要从事金融监管数据统计分析工作
专业要求：计算机科学与技术、软件工程、网络工程、信息安全、电子与计算机工程、数据科学与大数据技术、网络空间安全、数据科学、计算机应用技术等专业
学历要求：本科及以上
学位要求：与最高学历相对应的学位
政治面貌：中共党员
基层工作经历：无限制
考试类别：市（地）级及以下直属机构综合管理类
备注：1.咨询电话：0795-3573501；2.报名时请在专业栏中同时填写专业名称和专业代码；3.限应届高校毕业生报考，请在备注栏中注明本人具有应届高校毕业生身份；4.要求本科学历大学英语四级成绩在425分及以上（雅思成绩在6分及以上、托福成绩在80分及以上、取得英语专业四级或专业八级合格证书亦可），研究生学历大学英语六级成绩在425分及以上（雅思成绩在6.5分及以上、托福成绩在90分及以上、取得英语专业四级或专业八级合格证书亦可），请在外语水平栏注明已获得的英语等级证书及成绩；5.专业考试信息请参见《2026年度国家金融监督管理总局招考职位专业科目笔试考试大纲》。","http://bm.scs.gov.cn/kl2026#132114-300147462001","2025-10-14","{""dataset_year"":2026,""job_uid"":""GOV-2026-132114-300147462001"",""publisher"":""国家公务员局"",""publication_page"":""http://bm.scs.gov.cn/kl2026"",""attachment_url"":""local://2026_guokao_zhaokaojianzhang.zip"",""local_source_file"":""中央机关及其直属机构2026年度考试录用公务员招考简章.xls"",""local_source_sha256"":""2670bae1df1dd07a3a3c79b9db46a11e3bb15a6c9c249e6af98bfd0b61ce3aaf"",""source_sheet"":""中央国家行政机关省级以下直属机构"",""filter_version"":""government_tech_v2"",""tech_filter"":{""is_tech"":true,""is_core_tech"":true,""scope"":""core"",""categories"":[""computer_software"",""cybersecurity_cryptography"",""data_ai""],""matched_fields"":[""major"",""description""],""major_terms"":[""信息安全"",""大数据"",""数据科学"",""数据科学与大数据技术"",""网络工程"",""网络空间安全"",""计算机"",""计算机科学与技术"",""软件工程""],""role_terms"":[""数据统计分析""],""reason"":""tech_major_and_role""},""original"":{""部门代码"":""132114"",""部门名称"":""国家金融监督管理总局江西监管局"",""用人司局"":""国家金融监督管理总局靖安监管支局"",""机构性质"":""中央国家行政机关省级以下直属机构"",""招考职位"":""统计信息部门一级主任科员及以下"",""职位属性"":""金融监管计算机类职位"",""职位分布"":""其他职位"",""职位简介"":""主要从事金融监管数据统计分析工作"",""职位代码"":""300147462001"",""机构层级"":""县（区）级及以下"",""考试类别"":""市（地）级及以下直属机构综合管理类"",""招考人数"":""1"",""专业"":""计算机科学与技术、软件工程、网络工程、信息安全、电子与计算机工程、数据科学与大数据技术、网络空间安全、数据科学、计算机应用技术等专业"",""学历"":""本科及以上"",""学位"":""与最高学历相对应的学位"",""政治面貌"":""中共党员"",""基层工作最低年限"":""无限制"",""服务基层项目工作经历"":""无限制"",""是否在面试阶段组织专业能力测试"":""否"",""面试人员比例"":""3:1"",""工作地点"":""江西省宜春市靖安县"",""落户地点"":""江西省宜春市靖安县"",""备注"":""1.咨询电话：0795-3573501；2.报名时请在专业栏中同时填写专业名称和专业代码；3.限应届高校毕业生报考，请在备注栏中注明本人具有应届高校毕业生身份；4.要求本科学历大学英语四级成绩在425分及以上（雅思成绩在6分及以上、托福成绩在80分及以上、取得英语专业四级或专业八级合格证书亦可），研究生学历大学英语六级成绩在425分及以上（雅思成绩在6.5分及以上、托福成绩在90分及以上、取得英语专业四级或专业八级合格证书亦可），请在外语水平栏注明已获得的英语等级证书及成绩；5.专业考试信息请参见《2026年度国家金融监督管理总局招考职位专业科目笔试考试大纲》。"",""部门网站"":""www.nfra.gov.cn"",""咨询电话1"":""0791-86766864"",""咨询电话2"":""0791-86766888"",""咨询电话3"":"""",""来源Sheet"":""中央国家行政机关省级以下直属机构""}}"
"government_jobs","国家公务员2026招考简章","公务员/事业单位技术岗位","江西省宜春市宜丰县","2026-07-28T09:12:58.310295+00:00","统计信息部门一级主任科员及以下","国家金融监督管理总局江西监管局","","江西省宜春市宜丰县","公务员/事业单位;2026;computer_software;cybersecurity_cryptography;data_ai;本科及以上;与最高学历相对应的学位;计算机科学与技术、软件工程、网络工程、信息安全、电子与计算机工程、数据科学与大数据技术、网络空间安全、数据科学、计算机应用技术等专业;市（地）级及以下直属机构综合管理类","用人司局：国家金融监督管理总局宜丰监管支局
职位简介：主要从事金融监管数据统计分析工作
专业要求：计算机科学与技术、软件工程、网络工程、信息安全、电子与计算机工程、数据科学与大数据技术、网络空间安全、数据科学、计算机应用技术等专业
学历要求：本科及以上
学位要求：与最高学历相对应的学位
政治面貌：不限
基层工作经历：无限制
考试类别：市（地）级及以下直属机构综合管理类
备注：1.咨询电话：0795-3573501；2.报名时请在专业栏中同时填写专业名称和专业代码；3.限应届高校毕业生报考，请在备注栏中注明本人具有应届高校毕业生身份；4.要求本科学历大学英语四级成绩在425分及以上（雅思成绩在6分及以上、托福成绩在80分及以上、取得英语专业四级或专业八级合格证书亦可），研究生学历大学英语六级成绩在425分及以上（雅思成绩在6.5分及以上、托福成绩在90分及以上、取得英语专业四级或专业八级合格证书亦可），请在外语水平栏注明已获得的英语等级证书及成绩；5.专业考试信息请参见《2026年度国家金融监督管理总局招考职位专业科目笔试考试大纲》。","http://bm.scs.gov.cn/kl2026#132114-300147465001","2025-10-14","{""dataset_year"":2026,""job_uid"":""GOV-2026-132114-300147465001"",""publisher"":""国家公务员局"",""publication_page"":""http://bm.scs.gov.cn/kl2026"",""attachment_url"":""local://2026_guokao_zhaokaojianzhang.zip"",""local_source_file"":""中央机关及其直属机构2026年度考试录用公务员招考简章.xls"",""local_source_sha256"":""2670bae1df1dd07a3a3c79b9db46a11e3bb15a6c9c249e6af98bfd0b61ce3aaf"",""source_sheet"":""中央国家行政机关省级以下直属机构"",""filter_version"":""government_tech_v2"",""tech_filter"":{""is_tech"":true,""is_core_tech"":true,""scope"":""core"",""categories"":[""computer_software"",""cybersecurity_cryptography"",""data_ai""],""matched_fields"":[""major"",""description""],""major_terms"":[""信息安全"",""大数据"",""数据科学"",""数据科学与大数据技术"",""网络工程"",""网络空间安全"",""计算机"",""计算机科学与技术"",""软件工程""],""role_terms"":[""数据统计分析""],""reason"":""tech_major_and_role""},""original"":{""部门代码"":""132114"",""部门名称"":""国家金融监督管理总局江西监管局"",""用人司局"":""国家金融监督管理总局宜丰监管支局"",""机构性质"":""中央国家行政机关省级以下直属机构"",""招考职位"":""统计信息部门一级主任科员及以下"",""职位属性"":""金融监管计算机类职位"",""职位分布"":""其他职位"",""职位简介"":""主要从事金融监管数据统计分析工作"",""职位代码"":""300147465001"",""机构层级"":""县（区）级及以下"",""考试类别"":""市（地）级及以下直属机构综合管理类"",""招考人数"":""1"",""专业"":""计算机科学与技术、软件工程、网络工程、信息安全、电子与计算机工程、数据科学与大数据技术、网络空间安全、数据科学、计算机应用技术等专业"",""学历"":""本科及以上"",""学位"":""与最高学历相对应的学位"",""政治面貌"":""不限"",""基层工作最低年限"":""无限制"",""服务基层项目工作经历"":""无限制"",""是否在面试阶段组织专业能力测试"":""否"",""面试人员比例"":""3:1"",""工作地点"":""江西省宜春市宜丰县"",""落户地点"":""江西省宜春市宜丰县"",""备注"":""1.咨询电话：0795-3573501；2.报名时请在专业栏中同时填写专业名称和专业代码；3.限应届高校毕业生报考，请在备注栏中注明本人具有应届高校毕业生身份；4.要求本科学历大学英语四级成绩在425分及以上（雅思成绩在6分及以上、托福成绩在80分及以上、取得英语专业四级或专业八级合格证书亦可），研究生学历大学英语六级成绩在425分及以上（雅思成绩在6.5分及以上、托福成绩在90分及以上、取得英语专业四级或专业八级合格证书亦可），请在外语水平栏注明已获得的英语等级证书及成绩；5.专业考试信息请参见《2026年度国家金融监督管理总局招考职位专业科目笔试考试大纲》。"",""部门网站"":""www.nfra.gov.cn"",""咨询电话1"":""0791-86766864"",""咨询电话2"":""0791-86766888"",""咨询电话3"":"""",""来源Sheet"":""中央国家行政机关省级以下直属机构""}}"
"government_jobs","国家公务员2026招考简章","公务员/事业单位技术岗位","江西省鹰潭市贵溪市","2026-07-28T09:12:58.310295+00:00","统计信息部门一级主任科员及以下","国家金融监督管理总局江西监管局","","江西省鹰潭市贵溪市","公务员/事业单位;2026;computer_software;cybersecurity_cryptography;data_ai;本科及以上;与最高学历相对应的学位;计算机科学与技术、软件工程、网络工程、信息安全、电子与计算机工程、数据科学与大数据技术、网络空间安全、数据科学、计算机应用技术等专业;市（地）级及以下直属机构综合管理类","用人司局：国家金融监督管理总局贵溪监管支局
职位简介：主要从事金融监管数据统计分析工作
专业要求：计算机科学与技术、软件工程、网络工程、信息安全、电子与计算机工程、数据科学与大数据技术、网络空间安全、数据科学、计算机应用技术等专业
学历要求：本科及以上
学位要求：与最高学历相对应的学位
政治面貌：不限
基层工作经历：无限制
考试类别：市（地）级及以下直属机构综合管理类
备注：1.咨询电话：0701-6211560；2.报名时请在专业栏中同时填写专业名称和专业代码；3.限应届高校毕业生报考，请在备注栏中注明本人具有应届高校毕业生身份；4.要求本科学历大学英语四级成绩在425分及以上（雅思成绩在6分及以上、托福成绩在80分及以上、取得英语专业四级或专业八级合格证书亦可），研究生学历大学英语六级成绩在425分及以上（雅思成绩在6.5分及以上、托福成绩在90分及以上、取得英语专业四级或专业八级合格证书亦可），请在外语水平栏注明已获得的英语等级证书及成绩；5.专业考试信息请参见《2026年度国家金融监督管理总局招考职位专业科目笔试考试大纲》。","http://bm.scs.gov.cn/kl2026#132114-300147467001","2025-10-14","{""dataset_year"":2026,""job_uid"":""GOV-2026-132114-300147467001"",""publisher"":""国家公务员局"",""publication_page"":""http://bm.scs.gov.cn/kl2026"",""attachment_url"":""local://2026_guokao_zhaokaojianzhang.zip"",""local_source_file"":""中央机关及其直属机构2026年度考试录用公务员招考简章.xls"",""local_source_sha256"":""2670bae1df1dd07a3a3c79b9db46a11e3bb15a6c9c249e6af98bfd0b61ce3aaf"",""source_sheet"":""中央国家行政机关省级以下直属机构"",""filter_version"":""government_tech_v2"",""tech_filter"":{""is_tech"":true,""is_core_tech"":true,""scope"":""core"",""categories"":[""computer_software"",""cybersecurity_cryptography"",""data_ai""],""matched_fields"":[""major"",""description""],""major_terms"":[""信息安全"",""大数据"",""数据科学"",""数据科学与大数据技术"",""网络工程"",""网络空间安全"",""计算机"",""计算机科学与技术"",""软件工程""],""role_terms"":[""数据统计分析""],""reason"":""tech_major_and_role""},""original"":{""部门代码"":""132114"",""部门名称"":""国家金融监督管理总局江西监管局"",""用人司局"":""国家金融监督管理总局贵溪监管支局"",""机构性质"":""中央国家行政机关省级以下直属机构"",""招考职位"":""统计信息部门一级主任科员及以下"",""职位属性"":""金融监管计算机类职位"",""职位分布"":""其他职位"",""职位简介"":""主要从事金融监管数据统计分析工作"",""职位代码"":""300147467001"",""机构层级"":""县（区）级及以下"",""考试类别"":""市（地）级及以下直属机构综合管理类"",""招考人数"":""1"",""专业"":""计算机科学与技术、软件工程、网络工程、信息安全、电子与计算机工程、数据科学与大数据技术、网络空间安全、数据科学、计算机应用技术等专业"",""学历"":""本科及以上"",""学位"":""与最高学历相对应的学位"",""政治面貌"":""不限"",""基层工作最低年限"":""无限制"",""服务基层项目工作经历"":""无限制"",""是否在面试阶段组织专业能力测试"":""否"",""面试人员比例"":""3:1"",""工作地点"":""江西省鹰潭市贵溪市"",""落户地点"":""江西省鹰潭市贵溪市"",""备注"":""1.咨询电话：0701-6211560；2.报名时请在专业栏中同时填写专业名称和专业代码；3.限应届高校毕业生报考，请在备注栏中注明本人具有应届高校毕业生身份；4.要求本科学历大学英语四级成绩在425分及以上（雅思成绩在6分及以上、托福成绩在80分及以上、取得英语专业四级或专业八级合格证书亦可），研究生学历大学英语六级成绩在425分及以上（雅思成绩在6.5分及以上、托福成绩在90分及以上、取得英语专业四级或专业八级合格证书亦可），请在外语水平栏注明已获得的英语等级证书及成绩；5.专业考试信息请参见《2026年度国家金融监督管理总局招考职位专业科目笔试考试大纲》。"",""部门网站"":""www.nfra.gov.cn"",""咨询电话1"":""0791-86766864"",""咨询电话2"":""0791-86766888"",""咨询电话3"":"""",""来源Sheet"":""中央国家行政机关省级以下直属机构""}}"
"government_jobs","国家公务员2026招考简章","公务员/事业单位技术岗位","山东省东营市","2026-07-28T09:12:58.310295+00:00","科技部门一级主任科员及以下","国家金融监督管理总局山东监管局","","山东省东营市","公务员/事业单位;2026;computer_software;cybersecurity_cryptography;electronics_communication;本科或硕士研究生;与最高学历相对应的学位;以本科专业报考：计算机类。以研究生专业报考：计算机科学与技术、软件工程、网络空间安全、电子信息（限计算机技术、软件工程、大数据技术与工程、网络与信息安全）。;市（地）级及以下直属机构综合管理类","用人司局：国家金融监督管理总局东营监管分局
职位简介：主要从事金融信息科技风险监管、电子设备软硬件管理及信息系统运行维护等工作
专业要求：以本科专业报考：计算机类。以研究生专业报考：计算机科学与技术、软件工程、网络空间安全、电子信息（限计算机技术、软件工程、大数据技术与工程、网络与信息安全）。
学历要求：本科或硕士研究生
学位要求：与最高学历相对应的学位
政治面貌：不限
基层工作经历：无限制
考试类别：市（地）级及以下直属机构综合管理类
备注：1.报名时请在专业栏中同时填写专业名称和专业代码；2.限应届高校毕业生报考，请在备注栏中注明本人具有应届高校毕业生身份；3.要求本科学历大学英语四级成绩在425分及以上（雅思成绩在6分及以上、托福成绩在80分及以上、取得英语专业四级或专业八级合格证书亦可），要求研究生学历大学英语六级成绩在425分及以上（雅思成绩在6.5分及以上、托福成绩在90分及以上、取得英语专业四级或专业八级合格证书亦可），请在外语水平栏注明已获得的英语等级证书及成绩；4.报考时填写个人学习、工作经历要求连续准确（按时间早晚顺序填写，起止节点具体至月份，待业经历请注明）。","http://bm.scs.gov.cn/kl2026#132115-300147477001","2025-10-14","{""dataset_year"":2026,""job_uid"":""GOV-2026-132115-300147477001"",""publisher"":""国家公务员局"",""publication_page"":""http://bm.scs.gov.cn/kl2026"",""attachment_url"":""local://2026_guokao_zhaokaojianzhang.zip"",""local_source_file"":""中央机关及其直属机构2026年度考试录用公务员招考简章.xls"",""local_source_sha256"":""2670bae1df1dd07a3a3c79b9db46a11e3bb15a6c9c249e6af98bfd0b61ce3aaf"",""source_sheet"":""中央国家行政机关省级以下直属机构"",""filter_version"":""government_tech_v2"",""tech_filter"":{""is_tech"":true,""is_core_tech"":true,""scope"":""core"",""categories"":[""computer_software"",""cybersecurity_cryptography"",""electronics_communication""],""matched_fields"":[""major"",""description""],""major_terms"":[""信息安全"",""大数据"",""电子信息"",""网络空间安全"",""计算机技术"",""计算机科学与技术"",""计算机类"",""软件工程""],""role_terms"":[""信息科技"",""信息系统"",""软硬件""],""reason"":""tech_major_and_role""},""original"":{""部门代码"":""132115"",""部门名称"":""国家金融监督管理总局山东监管局"",""用人司局"":""国家金融监督管理总局东营监管分局"",""机构性质"":""中央国家行政机关省级以下直属机构"",""招考职位"":""科技部门一级主任科员及以下"",""职位属性"":""金融监管计算机类职位"",""职位分布"":""其他职位"",""职位简介"":""主要从事金融信息科技风险监管、电子设备软硬件管理及信息系统运行维护等工作"",""职位代码"":""300147477001"",""机构层级"":""市（地）级"",""考试类别"":""市（地）级及以下直属机构综合管理类"",""招考人数"":""1"",""专业"":""以本科专业报考：计算机类。以研究生专业报考：计算机科学与技术、软件工程、网络空间安全、电子信息（限计算机技术、软件工程、大数据技术与工程、网络与信息安全）。"",""学历"":""本科或硕士研究生"",""学位"":""与最高学历相对应的学位"",""政治面貌"":""不限"",""基层工作最低年限"":""无限制"",""服务基层项目工作经历"":""无限制"",""是否在面试阶段组织专业能力测试"":""否"",""面试人员比例"":""3:1"",""工作地点"":""山东省东营市"",""落户地点"":""山东省东营市"",""备注"":""1.报名时请在专业栏中同时填写专业名称和专业代码；2.限应届高校毕业生报考，请在备注栏中注明本人具有应届高校毕业生身份；3.要求本科学历大学英语四级成绩在425分及以上（雅思成绩在6分及以上、托福成绩在80分及以上、取得英语专业四级或专业八级合格证书亦可），要求研究生学历大学英语六级成绩在425分及以上（雅思成绩在6.5分及以上、托福成绩在90分及以上、取得英语专业四级或专业八级合格证书亦可），请在外语水平栏注明已获得的英语等级证书及成绩；4.报考时填写个人学习、工作经历要求连续准确（按时间早晚顺序填写，起止节点具体至月份，待业经历请注明）。"",""部门网站"":""https://www.nfra.gov.cn"",""咨询电话1"":""0531-86193829"",""咨询电话2"":""0531-86193605"",""咨询电话3"":""0531-86192991"",""来源Sheet"":""中央国家行政机关省级以下直属机构""}}"
"government_jobs","国家公务员2026招考简章","公务员/事业单位技术岗位","山东省潍坊市","2026-07-28T09:12:58.310295+00:00","科技部门一级主任科员及以下","国家金融监督管理总局山东监管局","","山东省潍坊市","公务员/事业单位;2026;computer_software;cybersecurity_cryptography;electronics_communication;本科或硕士研究生;与最高学历相对应的学位;以本科专业报考：计算机类。以研究生专业报考：计算机科学与技术、软件工程、网络空间安全、电子信息（限计算机技术、软件工程、大数据技术与工程、网络与信息安全）。;市（地）级及以下直属机构综合管理类","用人司局：国家金融监督管理总局潍坊监管分局
职位简介：主要从事金融信息科技风险监管、电子设备软硬件管理及信息系统运行维护等工作
专业要求：以本科专业报考：计算机类。以研究生专业报考：计算机科学与技术、软件工程、网络空间安全、电子信息（限计算机技术、软件工程、大数据技术与工程、网络与信息安全）。
学历要求：本科或硕士研究生
学位要求：与最高学历相对应的学位
政治面貌：不限
基层工作经历：无限制
考试类别：市（地）级及以下直属机构综合管理类
备注：1.报名时请在专业栏中同时填写专业名称和专业代码；2.限应届高校毕业生报考，请在备注栏中注明本人具有应届高校毕业生身份；3.要求本科学历大学英语四级成绩在425分及以上（雅思成绩在6分及以上、托福成绩在80分及以上、取得英语专业四级或专业八级合格证书亦可），要求研究生学历大学英语六级成绩在425分及以上（雅思成绩在6.5分及以上、托福成绩在90分及以上、取得英语专业四级或专业八级合格证书亦可），请在外语水平栏注明已获得的英语等级证书及成绩；4.报考时填写个人学习、工作经历要求连续准确（按时间早晚顺序填写，起止节点具体至月份，待业经历请注明）。","http://bm.scs.gov.cn/kl2026#132115-300147486001","2025-10-14","{""dataset_year"":2026,""job_uid"":""GOV-2026-132115-300147486001"",""publisher"":""国家公务员局"",""publication_page"":""http://bm.scs.gov.cn/kl2026"",""attachment_url"":""local://2026_guokao_zhaokaojianzhang.zip"",""local_source_file"":""中央机关及其直属机构2026年度考试录用公务员招考简章.xls"",""local_source_sha256"":""2670bae1df1dd07a3a3c79b9db46a11e3bb15a6c9c249e6af98bfd0b61ce3aaf"",""source_sheet"":""中央国家行政机关省级以下直属机构"",""filter_version"":""government_tech_v2"",""tech_filter"":{""is_tech"":true,""is_core_tech"":true,""scope"":""core"",""categories"":[""computer_software"",""cybersecurity_cryptography"",""electronics_communication""],""matched_fields"":[""major"",""description""],""major_terms"":[""信息安全"",""大数据"",""电子信息"",""网络空间安全"",""计算机技术"",""计算机科学与技术"",""计算机类"",""软件工程""],""role_terms"":[""信息科技"",""信息系统"",""软硬件""],""reason"":""tech_major_and_role""},""original"":{""部门代码"":""132115"",""部门名称"":""国家金融监督管理总局山东监管局"",""用人司局"":""国家金融监督管理总局潍坊监管分局"",""机构性质"":""中央国家行政机关省级以下直属机构"",""招考职位"":""科技部门一级主任科员及以下"",""职位属性"":""金融监管计算机类职位"",""职位分布"":""其他职位"",""职位简介"":""主要从事金融信息科技风险监管、电子设备软硬件管理及信息系统运行维护等工作"",""职位代码"":""300147486001"",""机构层级"":""市（地）级"",""考试类别"":""市（地）级及以下直属机构综合管理类"",""招考人数"":""1"",""专业"":""以本科专业报考：计算机类。以研究生专业报考：计算机科学与技术、软件工程、网络空间安全、电子信息（限计算机技术、软件工程、大数据技术与工程、网络与信息安全）。"",""学历"":""本科或硕士研究生"",""学位"":""与最高学历相对应的学位"",""政治面貌"":""不限"",""基层工作最低年限"":""无限制"",""服务基层项目工作经历"":""无限制"",""是否在面试阶段组织专业能力测试"":""否"",""面试人员比例"":""3:1"",""工作地点"":""山东省潍坊市"",""落户地点"":""山东省潍坊市"",""备注"":""1.报名时请在专业栏中同时填写专业名称和专业代码；2.限应届高校毕业生报考，请在备注栏中注明本人具有应届高校毕业生身份；3.要求本科学历大学英语四级成绩在425分及以上（雅思成绩在6分及以上、托福成绩在80分及以上、取得英语专业四级或专业八级合格证书亦可），要求研究生学历大学英语六级成绩在425分及以上（雅思成绩在6.5分及以上、托福成绩在90分及以上、取得英语专业四级或专业八级合格证书亦可），请在外语水平栏注明已获得的英语等级证书及成绩；4.报考时填写个人学习、工作经历要求连续准确（按时间早晚顺序填写，起止节点具体至月份，待业经历请注明）。"",""部门网站"":""https://www.nfra.gov.cn"",""咨询电话1"":""0531-86193829"",""咨询电话2"":""0531-86193605"",""咨询电话3"":""0531-86192991"",""来源Sheet"":""中央国家行政机关省级以下直属机构""}}"
"government_jobs","国家公务员2026招考简章","公务员/事业单位技术岗位","山东省泰安市","2026-07-28T09:12:58.310295+00:00","科技部门一级主任科员及以下","国家金融监督管理总局山东监管局","","山东省泰安市","公务员/事业单位;2026;computer_software;cybersecurity_cryptography;electronics_communication;仅限硕士研究生;硕士;计算机科学与技术、软件工程、网络空间安全、电子信息（限计算机技术、软件工程、大数据技术与工程、网络与信息安全）;市（地）级及以下直属机构综合管理类","用人司局：国家金融监督管理总局泰安监管分局
职位简介：主要从事金融信息科技风险监管、电子设备软硬件管理及信息系统运行维护等工作
专业要求：计算机科学与技术、软件工程、网络空间安全、电子信息（限计算机技术、软件工程、大数据技术与工程、网络与信息安全）
学历要求：仅限硕士研究生
学位要求：硕士
政治面貌：不限
基层工作经历：无限制
考试类别：市（地）级及以下直属机构综合管理类
备注：1.报名时请在专业栏中同时填写专业名称和专业代码；2.限应届高校毕业生报考，请在备注栏中注明本人具有应届高校毕业生身份；3.要求研究生学历大学英语六级成绩在425分及以上（雅思成绩在6.5分及以上、托福成绩在90分及以上、取得英语专业四级或专业八级合格证书亦可），请在外语水平栏注明已获得的英语等级证书及成绩；4.报考时填写个人学习、工作经历要求连续准确（按时间早晚顺序填写，起止节点具体至月份，待业经历请注明）。","http://bm.scs.gov.cn/kl2026#132115-300147508001","2025-10-14","{""dataset_year"":2026,""job_uid"":""GOV-2026-132115-300147508001"",""publisher"":""国家公务员局"",""publication_page"":""http://bm.scs.gov.cn/kl2026"",""attachment_url"":""local://2026_guokao_zhaokaojianzhang.zip"",""local_source_file"":""中央机关及其直属机构2026年度考试录用公务员招考简章.xls"",""local_source_sha256"":""2670bae1df1dd07a3a3c79b9db46a11e3bb15a6c9c249e6af98bfd0b61ce3aaf"",""source_sheet"":""中央国家行政机关省级以下直属机构"",""filter_version"":""government_tech_v2"",""tech_filter"":{""is_tech"":true,""is_core_tech"":true,""scope"":""core"",""categories"":[""computer_software"",""cybersecurity_cryptography"",""electronics_communication""],""matched_fields"":[""major"",""description""],""major_terms"":[""信息安全"",""大数据"",""电子信息"",""网络空间安全"",""计算机技术"",""计算机科学与技术"",""软件工程""],""role_terms"":[""信息科技"",""信息系统"",""软硬件""],""reason"":""tech_major_and_role""},""original"":{""部门代码"":""132115"",""部门名称"":""国家金融监督管理总局山东监管局"",""用人司局"":""国家金融监督管理总局泰安监管分局"",""机构性质"":""中央国家行政机关省级以下直属机构"",""招考职位"":""科技部门一级主任科员及以下"",""职位属性"":""金融监管计算机类职位"",""职位分布"":""其他职位"",""职位简介"":""主要从事金融信息科技风险监管、电子设备软硬件管理及信息系统运行维护等工作"",""职位代码"":""300147508001"",""机构层级"":""市（地）级"",""考试类别"":""市（地）级及以下直属机构综合管理类"",""招考人数"":""1"",""专业"":""计算机科学与技术、软件工程、网络空间安全、电子信息（限计算机技术、软件工程、大数据技术与工程、网络与信息安全）"",""学历"":""仅限硕士研究生"",""学位"":""硕士"",""政治面貌"":""不限"",""基层工作最低年限"":""无限制"",""服务基层项目工作经历"":""无限制"",""是否在面试阶段组织专业能力测试"":""否"",""面试人员比例"":""3:1"",""工作地点"":""山东省泰安市"",""落户地点"":""山东省泰安市"",""备注"":""1.报名时请在专业栏中同时填写专业名称和专业代码；2.限应届高校毕业生报考，请在备注栏中注明本人具有应届高校毕业生身份；3.要求研究生学历大学英语六级成绩在425分及以上（雅思成绩在6.5分及以上、托福成绩在90分及以上、取得英语专业四级或专业八级合格证书亦可），请在外语水平栏注明已获得的英语等级证书及成绩；4.报考时填写个人学习、工作经历要求连续准确（按时间早晚顺序填写，起止节点具体至月份，待业经历请注明）。"",""部门网站"":""https://www.nfra.gov.cn"",""咨询电话1"":""0531-86193829"",""咨询电话2"":""0531-86193605"",""咨询电话3"":""0531-86192991"",""来源Sheet"":""中央国家行政机关省级以下直属机构""}}"
"government_jobs","国家公务员2026招考简章","公务员/事业单位技术岗位","河南省郑州市","2026-07-28T09:12:58.310295+00:00","科技部门一级主任科员及以下","国家金融监督管理总局河南监管局","","河南省郑州市","公务员/事业单位;2026;computer_software;cybersecurity_cryptography;electronics_communication;仅限硕士研究生;硕士;计算机科学与技术、软件工程、网络空间安全、电子信息（限计算机技术、软件工程、大数据技术与工程、网络与信息安全）;中央机关及其省级直属机构综合管理类","用人司局：国家金融监督管理总局河南监管局
职位简介：主要从事金融信息科技风险监管、电子设备软硬件管理及信息系统运行维护等工作
专业要求：计算机科学与技术、软件工程、网络空间安全、电子信息（限计算机技术、软件工程、大数据技术与工程、网络与信息安全）
学历要求：仅限硕士研究生
学位要求：硕士
政治面貌：不限
基层工作经历：二年
考试类别：中央机关及其省级直属机构综合管理类
备注：1.报名时请在专业栏中同时填写专业名称和专业代码；2.要求大学英语六级成绩在425分及以上（雅思成绩在6.5分及以上、托福成绩在90分及以上、取得英语专业四级或专业八级合格证书亦可），请在外语水平栏注明已获得的英语等级证书及成绩。","http://bm.scs.gov.cn/kl2026#132116-300147542001","2025-10-14","{""dataset_year"":2026,""job_uid"":""GOV-2026-132116-300147542001"",""publisher"":""国家公务员局"",""publication_page"":""http://bm.scs.gov.cn/kl2026"",""attachment_url"":""local://2026_guokao_zhaokaojianzhang.zip"",""local_source_file"":""中央机关及其直属机构2026年度考试录用公务员招考简章.xls"",""local_source_sha256"":""2670bae1df1dd07a3a3c79b9db46a11e3bb15a6c9c249e6af98bfd0b61ce3aaf"",""source_sheet"":""中央国家行政机关省级以下直属机构"",""filter_version"":""government_tech_v2"",""tech_filter"":{""is_tech"":true,""is_core_tech"":true,""scope"":""core"",""categories"":[""computer_software"",""cybersecurity_cryptography"",""electronics_communication""],""matched_fields"":[""major"",""description""],""major_terms"":[""信息安全"",""大数据"",""电子信息"",""网络空间安全"",""计算机技术"",""计算机科学与技术"",""软件工程""],""role_terms"":[""信息科技"",""信息系统"",""软硬件""],""reason"":""tech_major_and_role""},""original"":{""部门代码"":""132116"",""部门名称"":""国家金融监督管理总局河南监管局"",""用人司局"":""国家金融监督管理总局河南监管局"",""机构性质"":""中央国家行政机关省级以下直属机构"",""招考职位"":""科技部门一级主任科员及以下"",""职位属性"":""金融监管计算机类职位"",""职位分布"":""其他职位"",""职位简介"":""主要从事金融信息科技风险监管、电子设备软硬件管理及信息系统运行维护等工作"",""职位代码"":""300147542001"",""机构层级"":""省（副省）级"",""考试类别"":""中央机关及其省级直属机构综合管理类"",""招考人数"":""1"",""专业"":""计算机科学与技术、软件工程、网络空间安全、电子信息（限计算机技术、软件工程、大数据技术与工程、网络与信息安全）"",""学历"":""仅限硕士研究生"",""学位"":""硕士"",""政治面貌"":""不限"",""基层工作最低年限"":""二年"",""服务基层项目工作经历"":""无限制"",""是否在面试阶段组织专业能力测试"":""否"",""面试人员比例"":""4:1"",""工作地点"":""河南省郑州市"",""落户地点"":""河南省郑州市"",""备注"":""1.报名时请在专业栏中同时填写专业名称和专业代码；2.要求大学英语六级成绩在425分及以上（雅思成绩在6.5分及以上、托福成绩在90分及以上、取得英语专业四级或专业八级合格证书亦可），请在外语水平栏注明已获得的英语等级证书及成绩。"",""部门网站"":""http://www.nfra.gov.cn"",""咨询电话1"":""0371-69332008"",""咨询电话2"":""0371-69332927"",""咨询电话3"":"""",""来源Sheet"":""中央国家行政机关省级以下直属机构""}}"
"government_jobs","国家公务员2026招考简章","公务员/事业单位技术岗位","河南省济源市","2026-07-28T09:12:58.310295+00:00","科技部门一级主任科员及以下","国家金融监督管理总局河南监管局","","河南省济源市","公务员/事业单位;2026;computer_software;仅限本科;学士;计算机类（不含物联网工程、数字媒体技术、空间信息与数字技术、新媒体技术、电影制作）;市（地）级及以下直属机构综合管理类","用人司局：国家金融监督管理总局济源监管支局
职位简介：主要从事金融信息科技风险监管、电子设备软硬件管理及信息系统运行维护等工作
专业要求：计算机类（不含物联网工程、数字媒体技术、空间信息与数字技术、新媒体技术、电影制作）
学历要求：仅限本科
学位要求：学士
政治面貌：不限
基层工作经历：无限制
考试类别：市（地）级及以下直属机构综合管理类
备注：1.报名时请在专业栏中同时填写专业名称和专业代码；2.限应届高校毕业生报考，请在备注栏中注明本人具有应届高校毕业生身份；3.要求本科学历大学英语四级成绩在425分及以上（雅思成绩在6分及以上、托福成绩在80分及以上、取得英语专业四级或专业八级合格证书亦可），请在外语水平栏注明已获得的英语等级证书及成绩。","http://bm.scs.gov.cn/kl2026#132116-300147543001","2025-10-14","{""dataset_year"":2026,""job_uid"":""GOV-2026-132116-300147543001"",""publisher"":""国家公务员局"",""publication_page"":""http://bm.scs.gov.cn/kl2026"",""attachment_url"":""local://2026_guokao_zhaokaojianzhang.zip"",""local_source_file"":""中央机关及其直属机构2026年度考试录用公务员招考简章.xls"",""local_source_sha256"":""2670bae1df1dd07a3a3c79b9db46a11e3bb15a6c9c249e6af98bfd0b61ce3aaf"",""source_sheet"":""中央国家行政机关省级以下直属机构"",""filter_version"":""government_tech_v2"",""tech_filter"":{""is_tech"":true,""is_core_tech"":true,""scope"":""core"",""categories"":[""computer_software""],""matched_fields"":[""major"",""description""],""major_terms"":[""数字媒体技术"",""物联网工程"",""空间信息与数字技术"",""计算机类""],""role_terms"":[""信息科技"",""信息系统"",""软硬件""],""reason"":""tech_major_and_role""},""original"":{""部门代码"":""132116"",""部门名称"":""国家金融监督管理总局河南监管局"",""用人司局"":""国家金融监督管理总局济源监管支局"",""机构性质"":""中央国家行政机关省级以下直属机构"",""招考职位"":""科技部门一级主任科员及以下"",""职位属性"":""金融监管计算机类职位"",""职位分布"":""其他职位"",""职位简介"":""主要从事金融信息科技风险监管、电子设备软硬件管理及信息系统运行维护等工作"",""职位代码"":""300147543001"",""机构层级"":""县（区）级及以下"",""考试类别"":""市（地）级及以下直属机构综合管理类"",""招考人数"":""1"",""专业"":""计算机类（不含物联网工程、数字媒体技术、空间信息与数字技术、新媒体技术、电影制作）"",""学历"":""仅限本科"",""学位"":""学士"",""政治面貌"":""不限"",""基层工作最低年限"":""无限制"",""服务基层项目工作经历"":""无限制"",""是否在面试阶段组织专业能力测试"":""否"",""面试人员比例"":""3:1"",""工作地点"":""河南省济源市"",""落户地点"":""河南省济源市"",""备注"":""1.报名时请在专业栏中同时填写专业名称和专业代码；2.限应届高校毕业生报考，请在备注栏中注明本人具有应届高校毕业生身份；3.要求本科学历大学英语四级成绩在425分及以上（雅思成绩在6分及以上、托福成绩在80分及以上、取得英语专业四级或专业八级合格证书亦可），请在外语水平栏注明已获得的英语等级证书及成绩。"",""部门网站"":""http://www.nfra.gov.cn"",""咨询电话1"":""0371-69332008"",""咨询电话2"":""0371-69332927"",""咨询电话3"":"""",""来源Sheet"":""中央国家行政机关省级以下直属机构""}}"
"government_jobs","国家公务员2026招考简章","公务员/事业单位技术岗位","河南省开封市","2026-07-28T09:12:58.310295+00:00","科技部门一级主任科员及以下","国家金融监督管理总局河南监管局","","河南省开封市","公务员/事业单位;2026;computer_software;仅限本科;学士;计算机类（不含物联网工程、数字媒体技术、空间信息与数字技术、新媒体技术、电影制作）;市（地）级及以下直属机构综合管理类","用人司局：国家金融监督管理总局开封监管分局
职位简介：主要从事金融信息科技风险监管、电子设备软硬件管理及信息系统运行维护等工作
专业要求：计算机类（不含物联网工程、数字媒体技术、空间信息与数字技术、新媒体技术、电影制作）
学历要求：仅限本科
学位要求：学士
政治面貌：不限
基层工作经历：无限制
考试类别：市（地）级及以下直属机构综合管理类
备注：1.报名时请在专业栏中同时填写专业名称和专业代码；2.限应届高校毕业生报考，请在备注栏中注明本人具有应届高校毕业生身份；3.要求本科学历大学英语四级成绩在425分及以上（雅思成绩在6分及以上、托福成绩在80分及以上、取得英语专业四级或专业八级合格证书亦可），请在外语水平栏注明已获得的英语等级证书及成绩。","http://bm.scs.gov.cn/kl2026#132116-300147545001","2025-10-14","{""dataset_year"":2026,""job_uid"":""GOV-2026-132116-300147545001"",""publisher"":""国家公务员局"",""publication_page"":""http://bm.scs.gov.cn/kl2026"",""attachment_url"":""local://2026_guokao_zhaokaojianzhang.zip"",""local_source_file"":""中央机关及其直属机构2026年度考试录用公务员招考简章.xls"",""local_source_sha256"":""2670bae1df1dd07a3a3c79b9db46a11e3bb15a6c9c249e6af98bfd0b61ce3aaf"",""source_sheet"":""中央国家行政机关省级以下直属机构"",""filter_version"":""government_tech_v2"",""tech_filter"":{""is_tech"":true,""is_core_tech"":true,""scope"":""core"",""categories"":[""computer_software""],""matched_fields"":[""major"",""description""],""major_terms"":[""数字媒体技术"",""物联网工程"",""空间信息与数字技术"",""计算机类""],""role_terms"":[""信息科技"",""信息系统"",""软硬件""],""reason"":""tech_major_and_role""},""original"":{""部门代码"":""132116"",""部门名称"":""国家金融监督管理总局河南监管局"",""用人司局"":""国家金融监督管理总局开封监管分局"",""机构性质"":""中央国家行政机关省级以下直属机构"",""招考职位"":""科技部门一级主任科员及以下"",""职位属性"":""金融监管计算机类职位"",""职位分布"":""其他职位"",""职位简介"":""主要从事金融信息科技风险监管、电子设备软硬件管理及信息系统运行维护等工作"",""职位代码"":""300147545001"",""机构层级"":""市（地）级"",""考试类别"":""市（地）级及以下直属机构综合管理类"",""招考人数"":""1"",""专业"":""计算机类（不含物联网工程、数字媒体技术、空间信息与数字技术、新媒体技术、电影制作）"",""学历"":""仅限本科"",""学位"":""学士"",""政治面貌"":""不限"",""基层工作最低年限"":""无限制"",""服务基层项目工作经历"":""无限制"",""是否在面试阶段组织专业能力测试"":""否"",""面试人员比例"":""3:1"",""工作地点"":""河南省开封市"",""落户地点"":""河南省开封市"",""备注"":""1.报名时请在专业栏中同时填写专业名称和专业代码；2.限应届高校毕业生报考，请在备注栏中注明本人具有应届高校毕业生身份；3.要求本科学历大学英语四级成绩在425分及以上（雅思成绩在6分及以上、托福成绩在80分及以上、取得英语专业四级或专业八级合格证书亦可），请在外语水平栏注明已获得的英语等级证书及成绩。"",""部门网站"":""http://www.nfra.gov.cn"",""咨询电话1"":""0371-69332008"",""咨询电话2"":""0371-69332927"",""咨询电话3"":"""",""来源Sheet"":""中央国家行政机关省级以下直属机构""}}"
"government_jobs","国家公务员2026招考简章","公务员/事业单位技术岗位","河南省开封市祥符区","2026-07-28T09:12:58.310295+00:00","科技部门一级主任科员及以下","国家金融监督管理总局河南监管局","","河南省开封市祥符区","公务员/事业单位;2026;computer_software;仅限本科;学士;计算机类（不含物联网工程、数字媒体技术、空间信息与数字技术、新媒体技术、电影制作）;市（地）级及以下直属机构综合管理类","用人司局：国家金融监督管理总局祥符监管支局
职位简介：主要从事金融信息科技风险监管、电子设备软硬件管理及信息系统运行维护等工作
专业要求：计算机类（不含物联网工程、数字媒体技术、空间信息与数字技术、新媒体技术、电影制作）
学历要求：仅限本科
学位要求：学士
政治面貌：不限
基层工作经历：无限制
考试类别：市（地）级及以下直属机构综合管理类
备注：1.报名时请在专业栏中同时填写专业名称和专业代码；2.限应届高校毕业生报考，请在备注栏中注明本人具有应届高校毕业生身份；3.要求本科学历大学英语四级成绩在425分及以上（雅思成绩在6分及以上、托福成绩在80分及以上、取得英语专业四级或专业八级合格证书亦可），请在外语水平栏注明已获得的英语等级证书及成绩。","http://bm.scs.gov.cn/kl2026#132116-300147546001","2025-10-14","{""dataset_year"":2026,""job_uid"":""GOV-2026-132116-300147546001"",""publisher"":""国家公务员局"",""publication_page"":""http://bm.scs.gov.cn/kl2026"",""attachment_url"":""local://2026_guokao_zhaokaojianzhang.zip"",""local_source_file"":""中央机关及其直属机构2026年度考试录用公务员招考简章.xls"",""local_source_sha256"":""2670bae1df1dd07a3a3c79b9db46a11e3bb15a6c9c249e6af98bfd0b61ce3aaf"",""source_sheet"":""中央国家行政机关省级以下直属机构"",""filter_version"":""government_tech_v2"",""tech_filter"":{""is_tech"":true,""is_core_tech"":true,""scope"":""core"",""categories"":[""computer_software""],""matched_fields"":[""major"",""description""],""major_terms"":[""数字媒体技术"",""物联网工程"",""空间信息与数字技术"",""计算机类""],""role_terms"":[""信息科技"",""信息系统"",""软硬件""],""reason"":""tech_major_and_role""},""original"":{""部门代码"":""132116"",""部门名称"":""国家金融监督管理总局河南监管局"",""用人司局"":""国家金融监督管理总局祥符监管支局"",""机构性质"":""中央国家行政机关省级以下直属机构"",""招考职位"":""科技部门一级主任科员及以下"",""职位属性"":""金融监管计算机类职位"",""职位分布"":""其他职位"",""职位简介"":""主要从事金融信息科技风险监管、电子设备软硬件管理及信息系统运行维护等工作"",""职位代码"":""300147546001"",""机构层级"":""县（区）级及以下"",""考试类别"":""市（地）级及以下直属机构综合管理类"",""招考人数"":""1"",""专业"":""计算机类（不含物联网工程、数字媒体技术、空间信息与数字技术、新媒体技术、电影制作）"",""学历"":""仅限本科"",""学位"":""学士"",""政治面貌"":""不限"",""基层工作最低年限"":""无限制"",""服务基层项目工作经历"":""无限制"",""是否在面试阶段组织专业能力测试"":""否"",""面试人员比例"":""3:1"",""工作地点"":""河南省开封市祥符区"",""落户地点"":""河南省开封市祥符区"",""备注"":""1.报名时请在专业栏中同时填写专业名称和专业代码；2.限应届高校毕业生报考，请在备注栏中注明本人具有应届高校毕业生身份；3.要求本科学历大学英语四级成绩在425分及以上（雅思成绩在6分及以上、托福成绩在80分及以上、取得英语专业四级或专业八级合格证书亦可），请在外语水平栏注明已获得的英语等级证书及成绩。"",""部门网站"":""http://www.nfra.gov.cn"",""咨询电话1"":""0371-69332008"",""咨询电话2"":""0371-69332927"",""咨询电话3"":"""",""来源Sheet"":""中央国家行政机关省级以下直属机构""}}"
"government_jobs","国家公务员2026招考简章","公务员/事业单位技术岗位","河南省洛阳市宜阳县","2026-07-28T09:12:58.310295+00:00","科技部门一级主任科员及以下","国家金融监督管理总局河南监管局","","河南省洛阳市宜阳县","公务员/事业单位;2026;computer_software;cybersecurity_cryptography;electronics_communication;本科及以上;与最高学历相对应的学位;本科：计算机类（不含物联网工程、数字媒体技术、空间信息与数字技术、新媒体技术、电影制作）；硕士：计算机科学与技术、软件工程、网络空间安全、电子信息（限计算机技术、软件工程、大数据技术与工程、网络与信息安全）;市（地）级及以下直属机构综合管理类","用人司局：国家金融监督管理总局宜阳监管支局
职位简介：主要从事金融信息科技风险监管、电子设备软硬件管理及信息系统运行维护等工作
专业要求：本科：计算机类（不含物联网工程、数字媒体技术、空间信息与数字技术、新媒体技术、电影制作）；硕士：计算机科学与技术、软件工程、网络空间安全、电子信息（限计算机技术、软件工程、大数据技术与工程、网络与信息安全）
学历要求：本科及以上
学位要求：与最高学历相对应的学位
政治面貌：不限
基层工作经历：无限制
考试类别：市（地）级及以下直属机构综合管理类
备注：1.报名时请在专业栏中同时填写专业名称和专业代码；2.限应届高校毕业生报考，请在备注栏中注明本人具有应届高校毕业生身份；3.要求本科学历大学英语四级成绩在425分及以上（雅思成绩在6分及以上、托福成绩在80分及以上、取得英语专业四级或专业八级合格证书亦可），要求研究生学历大学英语六级成绩在425分及以上（雅思成绩在6.5分及以上、托福成绩在90分及以上、取得英语专业四级或专业八级合格证书亦可），请在外语水平栏注明已获得的英语等级证书及成绩。","http://bm.scs.gov.cn/kl2026#132116-300147549001","2025-10-14","{""dataset_year"":2026,""job_uid"":""GOV-2026-132116-300147549001"",""publisher"":""国家公务员局"",""publication_page"":""http://bm.scs.gov.cn/kl2026"",""attachment_url"":""local://2026_guokao_zhaokaojianzhang.zip"",""local_source_file"":""中央机关及其直属机构2026年度考试录用公务员招考简章.xls"",""local_source_sha256"":""2670bae1df1dd07a3a3c79b9db46a11e3bb15a6c9c249e6af98bfd0b61ce3aaf"",""source_sheet"":""中央国家行政机关省级以下直属机构"",""filter_version"":""government_tech_v2"",""tech_filter"":{""is_tech"":true,""is_core_tech"":true,""scope"":""core"",""categories"":[""computer_software"",""cybersecurity_cryptography"",""electronics_communication""],""matched_fields"":[""major"",""description""],""major_terms"":[""信息安全"",""大数据"",""数字媒体技术"",""物联网工程"",""电子信息"",""空间信息与数字技术"",""网络空间安全"",""计算机技术"",""计算机科学与技术"",""计算机类"",""软件工程""],""role_terms"":[""信息科技"",""信息系统"",""软硬件""],""reason"":""tech_major_and_role""},""original"":{""部门代码"":""132116"",""部门名称"":""国家金融监督管理总局河南监管局"",""用人司局"":""国家金融监督管理总局宜阳监管支局"",""机构性质"":""中央国家行政机关省级以下直属机构"",""招考职位"":""科技部门一级主任科员及以下"",""职位属性"":""金融监管计算机类职位"",""职位分布"":""其他职位"",""职位简介"":""主要从事金融信息科技风险监管、电子设备软硬件管理及信息系统运行维护等工作"",""职位代码"":""300147549001"",""机构层级"":""县（区）级及以下"",""考试类别"":""市（地）级及以下直属机构综合管理类"",""招考人数"":""1"",""专业"":""本科：计算机类（不含物联网工程、数字媒体技术、空间信息与数字技术、新媒体技术、电影制作）；硕士：计算机科学与技术、软件工程、网络空间安全、电子信息（限计算机技术、软件工程、大数据技术与工程、网络与信息安全）"",""学历"":""本科及以上"",""学位"":""与最高学历相对应的学位"",""政治面貌"":""不限"",""基层工作最低年限"":""无限制"",""服务基层项目工作经历"":""无限制"",""是否在面试阶段组织专业能力测试"":""否"",""面试人员比例"":""3:1"",""工作地点"":""河南省洛阳市宜阳县"",""落户地点"":""河南省洛阳市宜阳县"",""备注"":""1.报名时请在专业栏中同时填写专业名称和专业代码；2.限应届高校毕业生报考，请在备注栏中注明本人具有应届高校毕业生身份；3.要求本科学历大学英语四级成绩在425分及以上（雅思成绩在6分及以上、托福成绩在80分及以上、取得英语专业四级或专业八级合格证书亦可），要求研究生学历大学英语六级成绩在425分及以上（雅思成绩在6.5分及以上、托福成绩在90分及以上、取得英语专业四级或专业八级合格证书亦可），请在外语水平栏注明已获得的英语等级证书及成绩。"",""部门网站"":""http://www.nfra.gov.cn"",""咨询电话1"":""0371-69332008"",""咨询电话2"":""0371-69332927"",""咨询电话3"":"""",""来源Sheet"":""中央国家行政机关省级以下直属机构""}}"
"government_jobs","国家公务员2026招考简章","公务员/事业单位技术岗位","河南省洛阳市洛宁县","2026-07-28T09:12:58.310295+00:00","科技部门一级主任科员及以下","国家金融监督管理总局河南监管局","","河南省洛阳市洛宁县","公务员/事业单位;2026;computer_software;仅限本科;学士;计算机类（不含物联网工程、数字媒体技术、空间信息与数字技术、新媒体技术、电影制作）;市（地）级及以下直属机构综合管理类","用人司局：国家金融监督管理总局洛宁监管支局
职位简介：主要从事金融信息科技风险监管、电子设备软硬件管理及信息系统运行维护等工作
专业要求：计算机类（不含物联网工程、数字媒体技术、空间信息与数字技术、新媒体技术、电影制作）
学历要求：仅限本科
学位要求：学士
政治面貌：不限
基层工作经历：无限制
考试类别：市（地）级及以下直属机构综合管理类
备注：1.报名时请在专业栏中同时填写专业名称和专业代码；2.要求本科学历大学英语四级成绩在425分及以上（雅思成绩在6分及以上、托福成绩在80分及以上、取得英语专业四级或专业八级合格证书亦可），请在外语水平栏注明已获得的英语等级证书及成绩。","http://bm.scs.gov.cn/kl2026#132116-300147551001","2025-10-14","{""dataset_year"":2026,""job_uid"":""GOV-2026-132116-300147551001"",""publisher"":""国家公务员局"",""publication_page"":""http://bm.scs.gov.cn/kl2026"",""attachment_url"":""local://2026_guokao_zhaokaojianzhang.zip"",""local_source_file"":""中央机关及其直属机构2026年度考试录用公务员招考简章.xls"",""local_source_sha256"":""2670bae1df1dd07a3a3c79b9db46a11e3bb15a6c9c249e6af98bfd0b61ce3aaf"",""source_sheet"":""中央国家行政机关省级以下直属机构"",""filter_version"":""government_tech_v2"",""tech_filter"":{""is_tech"":true,""is_core_tech"":true,""scope"":""core"",""categories"":[""computer_software""],""matched_fields"":[""major"",""description""],""major_terms"":[""数字媒体技术"",""物联网工程"",""空间信息与数字技术"",""计算机类""],""role_terms"":[""信息科技"",""信息系统"",""软硬件""],""reason"":""tech_major_and_role""},""original"":{""部门代码"":""132116"",""部门名称"":""国家金融监督管理总局河南监管局"",""用人司局"":""国家金融监督管理总局洛宁监管支局"",""机构性质"":""中央国家行政机关省级以下直属机构"",""招考职位"":""科技部门一级主任科员及以下"",""职位属性"":""金融监管计算机类职位"",""职位分布"":""其他职位"",""职位简介"":""主要从事金融信息科技风险监管、电子设备软硬件管理及信息系统运行维护等工作"",""职位代码"":""300147551001"",""机构层级"":""县（区）级及以下"",""考试类别"":""市（地）级及以下直属机构综合管理类"",""招考人数"":""1"",""专业"":""计算机类（不含物联网工程、数字媒体技术、空间信息与数字技术、新媒体技术、电影制作）"",""学历"":""仅限本科"",""学位"":""学士"",""政治面貌"":""不限"",""基层工作最低年限"":""无限制"",""服务基层项目工作经历"":""无限制"",""是否在面试阶段组织专业能力测试"":""否"",""面试人员比例"":""3:1"",""工作地点"":""河南省洛阳市洛宁县"",""落户地点"":""河南省洛阳市洛宁县"",""备注"":""1.报名时请在专业栏中同时填写专业名称和专业代码；2.要求本科学历大学英语四级成绩在425分及以上（雅思成绩在6分及以上、托福成绩在80分及以上、取得英语专业四级或专业八级合格证书亦可），请在外语水平栏注明已获得的英语等级证书及成绩。"",""部门网站"":""http://www.nfra.gov.cn"",""咨询电话1"":""0371-69332008"",""咨询电话2"":""0371-69332927"",""咨询电话3"":"""",""来源Sheet"":""中央国家行政机关省级以下直属机构""}}"
"government_jobs","国家公务员2026招考简章","公务员/事业单位技术岗位","河南省安阳市","2026-07-28T09:12:58.310295+00:00","科技部门一级主任科员及以下","国家金融监督管理总局河南监管局","","河南省安阳市","公务员/事业单位;2026;computer_software;cybersecurity_cryptography;electronics_communication;本科及以上;与最高学历相对应的学位;本科：计算机类（不含物联网工程、数字媒体技术、空间信息与数字技术、新媒体技术、电影制作）；硕士：计算机科学与技术、软件工程、网络空间安全、电子信息（限计算机技术、软件工程、大数据技术与工程、网络与信息安全）;市（地）级及以下直属机构综合管理类","用人司局：国家金融监督管理总局安阳监管分局
职位简介：主要从事金融信息科技风险监管、电子设备软硬件管理及信息系统运行维护等工作
专业要求：本科：计算机类（不含物联网工程、数字媒体技术、空间信息与数字技术、新媒体技术、电影制作）；硕士：计算机科学与技术、软件工程、网络空间安全、电子信息（限计算机技术、软件工程、大数据技术与工程、网络与信息安全）
学历要求：本科及以上
学位要求：与最高学历相对应的学位
政治面貌：不限
基层工作经历：无限制
考试类别：市（地）级及以下直属机构综合管理类
备注：1.报名时请在专业栏中同时填写专业名称和专业代码；2.限应届高校毕业生报考，请在备注栏中注明本人具有应届高校毕业生身份；3.要求本科学历大学英语四级成绩在425分及以上（雅思成绩在6分及以上、托福成绩在80分及以上、取得英语专业四级或专业八级合格证书亦可），要求研究生学历大学英语六级成绩在425分及以上（雅思成绩在6.5分及以上、托福成绩在90分及以上、取得英语专业四级或专业八级合格证书亦可），请在外语水平栏注明已获得的英语等级证书及成绩。","http://bm.scs.gov.cn/kl2026#132116-300147557001","2025-10-14","{""dataset_year"":2026,""job_uid"":""GOV-2026-132116-300147557001"",""publisher"":""国家公务员局"",""publication_page"":""http://bm.scs.gov.cn/kl2026"",""attachment_url"":""local://2026_guokao_zhaokaojianzhang.zip"",""local_source_file"":""中央机关及其直属机构2026年度考试录用公务员招考简章.xls"",""local_source_sha256"":""2670bae1df1dd07a3a3c79b9db46a11e3bb15a6c9c249e6af98bfd0b61ce3aaf"",""source_sheet"":""中央国家行政机关省级以下直属机构"",""filter_version"":""government_tech_v2"",""tech_filter"":{""is_tech"":true,""is_core_tech"":true,""scope"":""core"",""categories"":[""computer_software"",""cybersecurity_cryptography"",""electronics_communication""],""matched_fields"":[""major"",""description""],""major_terms"":[""信息安全"",""大数据"",""数字媒体技术"",""物联网工程"",""电子信息"",""空间信息与数字技术"",""网络空间安全"",""计算机技术"",""计算机科学与技术"",""计算机类"",""软件工程""],""role_terms"":[""信息科技"",""信息系统"",""软硬件""],""reason"":""tech_major_and_role""},""original"":{""部门代码"":""132116"",""部门名称"":""国家金融监督管理总局河南监管局"",""用人司局"":""国家金融监督管理总局安阳监管分局"",""机构性质"":""中央国家行政机关省级以下直属机构"",""招考职位"":""科技部门一级主任科员及以下"",""职位属性"":""金融监管计算机类职位"",""职位分布"":""其他职位"",""职位简介"":""主要从事金融信息科技风险监管、电子设备软硬件管理及信息系统运行维护等工作"",""职位代码"":""300147557001"",""机构层级"":""市（地）级"",""考试类别"":""市（地）级及以下直属机构综合管理类"",""招考人数"":""1"",""专业"":""本科：计算机类（不含物联网工程、数字媒体技术、空间信息与数字技术、新媒体技术、电影制作）；硕士：计算机科学与技术、软件工程、网络空间安全、电子信息（限计算机技术、软件工程、大数据技术与工程、网络与信息安全）"",""学历"":""本科及以上"",""学位"":""与最高学历相对应的学位"",""政治面貌"":""不限"",""基层工作最低年限"":""无限制"",""服务基层项目工作经历"":""无限制"",""是否在面试阶段组织专业能力测试"":""否"",""面试人员比例"":""3:1"",""工作地点"":""河南省安阳市"",""落户地点"":""河南省安阳市"",""备注"":""1.报名时请在专业栏中同时填写专业名称和专业代码；2.限应届高校毕业生报考，请在备注栏中注明本人具有应届高校毕业生身份；3.要求本科学历大学英语四级成绩在425分及以上（雅思成绩在6分及以上、托福成绩在80分及以上、取得英语专业四级或专业八级合格证书亦可），要求研究生学历大学英语六级成绩在425分及以上（雅思成绩在6.5分及以上、托福成绩在90分及以上、取得英语专业四级或专业八级合格证书亦可），请在外语水平栏注明已获得的英语等级证书及成绩。"",""部门网站"":""http://www.nfra.gov.cn"",""咨询电话1"":""0371-69332008"",""咨询电话2"":""0371-69332927"",""咨询电话3"":"""",""来源Sheet"":""中央国家行政机关省级以下直属机构""}}"
"government_jobs","国家公务员2026招考简章","公务员/事业单位技术岗位","河南省安阳市内黄县","2026-07-28T09:12:58.310295+00:00","科技部门一级主任科员及以下","国家金融监督管理总局河南监管局","","河南省安阳市内黄县","公务员/事业单位;2026;computer_software;仅限本科;学士;计算机类（不含物联网工程、数字媒体技术、空间信息与数字技术、新媒体技术、电影制作）;市（地）级及以下直属机构综合管理类","用人司局：国家金融监督管理总局内黄监管支局
职位简介：主要从事金融信息科技风险监管、电子设备软硬件管理及信息系统运行维护等工作
专业要求：计算机类（不含物联网工程、数字媒体技术、空间信息与数字技术、新媒体技术、电影制作）
学历要求：仅限本科
学位要求：学士
政治面貌：不限
基层工作经历：无限制
考试类别：市（地）级及以下直属机构综合管理类
备注：1.报名时请在专业栏中同时填写专业名称和专业代码。","http://bm.scs.gov.cn/kl2026#132116-300147559001","2025-10-14","{""dataset_year"":2026,""job_uid"":""GOV-2026-132116-300147559001"",""publisher"":""国家公务员局"",""publication_page"":""http://bm.scs.gov.cn/kl2026"",""attachment_url"":""local://2026_guokao_zhaokaojianzhang.zip"",""local_source_file"":""中央机关及其直属机构2026年度考试录用公务员招考简章.xls"",""local_source_sha256"":""2670bae1df1dd07a3a3c79b9db46a11e3bb15a6c9c249e6af98bfd0b61ce3aaf"",""source_sheet"":""中央国家行政机关省级以下直属机构"",""filter_version"":""government_tech_v2"",""tech_filter"":{""is_tech"":true,""is_core_tech"":true,""scope"":""core"",""categories"":[""computer_software""],""matched_fields"":[""major"",""description""],""major_terms"":[""数字媒体技术"",""物联网工程"",""空间信息与数字技术"",""计算机类""],""role_terms"":[""信息科技"",""信息系统"",""软硬件""],""reason"":""tech_major_and_role""},""original"":{""部门代码"":""132116"",""部门名称"":""国家金融监督管理总局河南监管局"",""用人司局"":""国家金融监督管理总局内黄监管支局"",""机构性质"":""中央国家行政机关省级以下直属机构"",""招考职位"":""科技部门一级主任科员及以下"",""职位属性"":""金融监管计算机类职位"",""职位分布"":""其他职位"",""职位简介"":""主要从事金融信息科技风险监管、电子设备软硬件管理及信息系统运行维护等工作"",""职位代码"":""300147559001"",""机构层级"":""县（区）级及以下"",""考试类别"":""市（地）级及以下直属机构综合管理类"",""招考人数"":""1"",""专业"":""计算机类（不含物联网工程、数字媒体技术、空间信息与数字技术、新媒体技术、电影制作）"",""学历"":""仅限本科"",""学位"":""学士"",""政治面貌"":""不限"",""基层工作最低年限"":""无限制"",""服务基层项目工作经历"":""无限制"",""是否在面试阶段组织专业能力测试"":""否"",""面试人员比例"":""3:1"",""工作地点"":""河南省安阳市内黄县"",""落户地点"":""河南省安阳市内黄县"",""备注"":""1.报名时请在专业栏中同时填写专业名称和专业代码。"",""部门网站"":""http://www.nfra.gov.cn"",""咨询电话1"":""0371-69332008"",""咨询电话2"":""0371-69332927"",""咨询电话3"":"""",""来源Sheet"":""中央国家行政机关省级以下直属机构""}}"
"government_jobs","国家公务员2026招考简章","公务员/事业单位技术岗位","河南省鹤壁市","2026-07-28T09:12:58.310295+00:00","科技部门一级主任科员及以下","国家金融监督管理总局河南监管局","","河南省鹤壁市","公务员/事业单位;2026;computer_software;仅限本科;学士;计算机类（不含物联网工程、数字媒体技术、空间信息与数字技术、新媒体技术、电影制作）;市（地）级及以下直属机构综合管理类","用人司局：国家金融监督管理总局鹤壁监管分局
职位简介：主要从事金融信息科技风险监管、电子设备软硬件管理及信息系统运行维护等工作
专业要求：计算机类（不含物联网工程、数字媒体技术、空间信息与数字技术、新媒体技术、电影制作）
学历要求：仅限本科
学位要求：学士
政治面貌：不限
基层工作经历：无限制
考试类别：市（地）级及以下直属机构综合管理类
备注：1.报名时请在专业栏中同时填写专业名称和专业代码；2.限应届高校毕业生报考，请在备注栏中注明本人具有应届高校毕业生身份；3.要求本科学历大学英语四级成绩在425分及以上（雅思成绩在6分及以上、托福成绩在80分及以上、取得英语专业四级或专业八级合格证书亦可），请在外语水平栏注明已获得的英语等级证书及成绩。","http://bm.scs.gov.cn/kl2026#132116-300147560001","2025-10-14","{""dataset_year"":2026,""job_uid"":""GOV-2026-132116-300147560001"",""publisher"":""国家公务员局"",""publication_page"":""http://bm.scs.gov.cn/kl2026"",""attachment_url"":""local://2026_guokao_zhaokaojianzhang.zip"",""local_source_file"":""中央机关及其直属机构2026年度考试录用公务员招考简章.xls"",""local_source_sha256"":""2670bae1df1dd07a3a3c79b9db46a11e3bb15a6c9c249e6af98bfd0b61ce3aaf"",""source_sheet"":""中央国家行政机关省级以下直属机构"",""filter_version"":""government_tech_v2"",""tech_filter"":{""is_tech"":true,""is_core_tech"":true,""scope"":""core"",""categories"":[""computer_software""],""matched_fields"":[""major"",""description""],""major_terms"":[""数字媒体技术"",""物联网工程"",""空间信息与数字技术"",""计算机类""],""role_terms"":[""信息科技"",""信息系统"",""软硬件""],""reason"":""tech_major_and_role""},""original"":{""部门代码"":""132116"",""部门名称"":""国家金融监督管理总局河南监管局"",""用人司局"":""国家金融监督管理总局鹤壁监管分局"",""机构性质"":""中央国家行政机关省级以下直属机构"",""招考职位"":""科技部门一级主任科员及以下"",""职位属性"":""金融监管计算机类职位"",""职位分布"":""其他职位"",""职位简介"":""主要从事金融信息科技风险监管、电子设备软硬件管理及信息系统运行维护等工作"",""职位代码"":""300147560001"",""机构层级"":""市（地）级"",""考试类别"":""市（地）级及以下直属机构综合管理类"",""招考人数"":""2"",""专业"":""计算机类（不含物联网工程、数字媒体技术、空间信息与数字技术、新媒体技术、电影制作）"",""学历"":""仅限本科"",""学位"":""学士"",""政治面貌"":""不限"",""基层工作最低年限"":""无限制"",""服务基层项目工作经历"":""无限制"",""是否在面试阶段组织专业能力测试"":""否"",""面试人员比例"":""3:1"",""工作地点"":""河南省鹤壁市"",""落户地点"":""河南省鹤壁市"",""备注"":""1.报名时请在专业栏中同时填写专业名称和专业代码；2.限应届高校毕业生报考，请在备注栏中注明本人具有应届高校毕业生身份；3.要求本科学历大学英语四级成绩在425分及以上（雅思成绩在6分及以上、托福成绩在80分及以上、取得英语专业四级或专业八级合格证书亦可），请在外语水平栏注明已获得的英语等级证书及成绩。"",""部门网站"":""http://www.nfra.gov.cn"",""咨询电话1"":""0371-69332008"",""咨询电话2"":""0371-69332927"",""咨询电话3"":"""",""来源Sheet"":""中央国家行政机关省级以下直属机构""}}"
"government_jobs","国家公务员2026招考简章","公务员/事业单位技术岗位","河南省许昌市建安区","2026-07-28T09:12:58.310295+00:00","科技部门一级主任科员及以下","国家金融监督管理总局河南监管局","","河南省许昌市建安区","公务员/事业单位;2026;computer_software;仅限本科;学士;计算机类（不含物联网工程、数字媒体技术、空间信息与数字技术、新媒体技术、电影制作）;市（地）级及以下直属机构综合管理类","用人司局：国家金融监督管理总局建安监管支局
职位简介：主要从事金融信息科技风险监管、电子设备软硬件管理及信息系统运行维护等工作
专业要求：计算机类（不含物联网工程、数字媒体技术、空间信息与数字技术、新媒体技术、电影制作）
学历要求：仅限本科
学位要求：学士
政治面貌：不限
基层工作经历：无限制
考试类别：市（地）级及以下直属机构综合管理类
备注：1.报名时请在专业栏中同时填写专业名称和专业代码；2.限应届高校毕业生报考，请在备注栏中注明本人具有应届高校毕业生身份。","http://bm.scs.gov.cn/kl2026#132116-300147568001","2025-10-14","{""dataset_year"":2026,""job_uid"":""GOV-2026-132116-300147568001"",""publisher"":""国家公务员局"",""publication_page"":""http://bm.scs.gov.cn/kl2026"",""attachment_url"":""local://2026_guokao_zhaokaojianzhang.zip"",""local_source_file"":""中央机关及其直属机构2026年度考试录用公务员招考简章.xls"",""local_source_sha256"":""2670bae1df1dd07a3a3c79b9db46a11e3bb15a6c9c249e6af98bfd0b61ce3aaf"",""source_sheet"":""中央国家行政机关省级以下直属机构"",""filter_version"":""government_tech_v2"",""tech_filter"":{""is_tech"":true,""is_core_tech"":true,""scope"":""core"",""categories"":[""computer_software""],""matched_fields"":[""major"",""description""],""major_terms"":[""数字媒体技术"",""物联网工程"",""空间信息与数字技术"",""计算机类""],""role_terms"":[""信息科技"",""信息系统"",""软硬件""],""reason"":""tech_major_and_role""},""original"":{""部门代码"":""132116"",""部门名称"":""国家金融监督管理总局河南监管局"",""用人司局"":""国家金融监督管理总局建安监管支局"",""机构性质"":""中央国家行政机关省级以下直属机构"",""招考职位"":""科技部门一级主任科员及以下"",""职位属性"":""金融监管计算机类职位"",""职位分布"":""其他职位"",""职位简介"":""主要从事金融信息科技风险监管、电子设备软硬件管理及信息系统运行维护等工作"",""职位代码"":""300147568001"",""机构层级"":""县（区）级及以下"",""考试类别"":""市（地）级及以下直属机构综合管理类"",""招考人数"":""1"",""专业"":""计算机类（不含物联网工程、数字媒体技术、空间信息与数字技术、新媒体技术、电影制作）"",""学历"":""仅限本科"",""学位"":""学士"",""政治面貌"":""不限"",""基层工作最低年限"":""无限制"",""服务基层项目工作经历"":""无限制"",""是否在面试阶段组织专业能力测试"":""否"",""面试人员比例"":""3:1"",""工作地点"":""河南省许昌市建安区"",""落户地点"":""河南省许昌市建安区"",""备注"":""1.报名时请在专业栏中同时填写专业名称和专业代码；2.限应届高校毕业生报考，请在备注栏中注明本人具有应届高校毕业生身份。"",""部门网站"":""http://www.nfra.gov.cn"",""咨询电话1"":""0371-69332008"",""咨询电话2"":""0371-69332927"",""咨询电话3"":"""",""来源Sheet"":""中央国家行政机关省级以下直属机构""}}"
"government_jobs","国家公务员2026招考简章","公务员/事业单位技术岗位","河南省漯河市","2026-07-28T09:12:58.310295+00:00","科技部门一级主任科员及以下","国家金融监督管理总局河南监管局","","河南省漯河市","公务员/事业单位;2026;computer_software;cybersecurity_cryptography;electronics_communication;本科及以上;与最高学历相对应的学位;本科：计算机类（不含物联网工程、数字媒体技术、空间信息与数字技术、新媒体技术、电影制作）；硕士：计算机科学与技术、软件工程、网络空间安全、电子信息（限计算机技术、软件工程、大数据技术与工程、网络与信息安全）;市（地）级及以下直属机构综合管理类","用人司局：国家金融监督管理总局漯河监管分局
职位简介：主要从事金融信息科技风险监管、电子设备软硬件管理及信息系统运行维护等工作
专业要求：本科：计算机类（不含物联网工程、数字媒体技术、空间信息与数字技术、新媒体技术、电影制作）；硕士：计算机科学与技术、软件工程、网络空间安全、电子信息（限计算机技术、软件工程、大数据技术与工程、网络与信息安全）
学历要求：本科及以上
学位要求：与最高学历相对应的学位
政治面貌：不限
基层工作经历：无限制
考试类别：市（地）级及以下直属机构综合管理类
备注：1.报名时请在专业栏中同时填写专业名称和专业代码；2.限应届高校毕业生报考，请在备注栏中注明本人具有应届高校毕业生身份；3.要求本科学历大学英语四级成绩在425分及以上（雅思成绩在6分及以上、托福成绩在80分及以上、取得英语专业四级或专业八级合格证书亦可），要求研究生学历大学英语六级成绩在425分及以上（雅思成绩在6.5分及以上、托福成绩在90分及以上、取得英语专业四级或专业八级合格证书亦可），请在外语水平栏注明已获得的英语等级证书及成绩。","http://bm.scs.gov.cn/kl2026#132116-300147569001","2025-10-14","{""dataset_year"":2026,""job_uid"":""GOV-2026-132116-300147569001"",""publisher"":""国家公务员局"",""publication_page"":""http://bm.scs.gov.cn/kl2026"",""attachment_url"":""local://2026_guokao_zhaokaojianzhang.zip"",""local_source_file"":""中央机关及其直属机构2026年度考试录用公务员招考简章.xls"",""local_source_sha256"":""2670bae1df1dd07a3a3c79b9db46a11e3bb15a6c9c249e6af98bfd0b61ce3aaf"",""source_sheet"":""中央国家行政机关省级以下直属机构"",""filter_version"":""government_tech_v2"",""tech_filter"":{""is_tech"":true,""is_core_tech"":true,""scope"":""core"",""categories"":[""computer_software"",""cybersecurity_cryptography"",""electronics_communication""],""matched_fields"":[""major"",""description""],""major_terms"":[""信息安全"",""大数据"",""数字媒体技术"",""物联网工程"",""电子信息"",""空间信息与数字技术"",""网络空间安全"",""计算机技术"",""计算机科学与技术"",""计算机类"",""软件工程""],""role_terms"":[""信息科技"",""信息系统"",""软硬件""],""reason"":""tech_major_and_role""},""original"":{""部门代码"":""132116"",""部门名称"":""国家金融监督管理总局河南监管局"",""用人司局"":""国家金融监督管理总局漯河监管分局"",""机构性质"":""中央国家行政机关省级以下直属机构"",""招考职位"":""科技部门一级主任科员及以下"",""职位属性"":""金融监管计算机类职位"",""职位分布"":""其他职位"",""职位简介"":""主要从事金融信息科技风险监管、电子设备软硬件管理及信息系统运行维护等工作"",""职位代码"":""300147569001"",""机构层级"":""市（地）级"",""考试类别"":""市（地）级及以下直属机构综合管理类"",""招考人数"":""1"",""专业"":""本科：计算机类（不含物联网工程、数字媒体技术、空间信息与数字技术、新媒体技术、电影制作）；硕士：计算机科学与技术、软件工程、网络空间安全、电子信息（限计算机技术、软件工程、大数据技术与工程、网络与信息安全）"",""学历"":""本科及以上"",""学位"":""与最高学历相对应的学位"",""政治面貌"":""不限"",""基层工作最低年限"":""无限制"",""服务基层项目工作经历"":""无限制"",""是否在面试阶段组织专业能力测试"":""否"",""面试人员比例"":""3:1"",""工作地点"":""河南省漯河市"",""落户地点"":""河南省漯河市"",""备注"":""1.报名时请在专业栏中同时填写专业名称和专业代码；2.限应届高校毕业生报考，请在备注栏中注明本人具有应届高校毕业生身份；3.要求本科学历大学英语四级成绩在425分及以上（雅思成绩在6分及以上、托福成绩在80分及以上、取得英语专业四级或专业八级合格证书亦可），要求研究生学历大学英语六级成绩在425分及以上（雅思成绩在6.5分及以上、托福成绩在90分及以上、取得英语专业四级或专业八级合格证书亦可），请在外语水平栏注明已获得的英语等级证书及成绩。"",""部门网站"":""http://www.nfra.gov.cn"",""咨询电话1"":""0371-69332008"",""咨询电话2"":""0371-69332927"",""咨询电话3"":"""",""来源Sheet"":""中央国家行政机关省级以下直属机构""}}"
"government_jobs","国家公务员2026招考简章","公务员/事业单位技术岗位","河南省漯河市临颍县","2026-07-28T09:12:58.310295+00:00","科技部门一级主任科员及以下","国家金融监督管理总局河南监管局","","河南省漯河市临颍县","公务员/事业单位;2026;computer_software;cybersecurity_cryptography;electronics_communication;本科及以上;与最高学历相对应的学位;本科：计算机类（不含物联网工程、数字媒体技术、空间信息与数字技术、新媒体技术、电影制作）；硕士：计算机科学与技术、软件工程、网络空间安全、电子信息（限计算机技术、软件工程、大数据技术与工程、网络与信息安全）;市（地）级及以下直属机构综合管理类","用人司局：国家金融监督管理总局临颍监管支局
职位简介：主要从事金融信息科技风险监管、电子设备软硬件管理及信息系统运行维护等工作
专业要求：本科：计算机类（不含物联网工程、数字媒体技术、空间信息与数字技术、新媒体技术、电影制作）；硕士：计算机科学与技术、软件工程、网络空间安全、电子信息（限计算机技术、软件工程、大数据技术与工程、网络与信息安全）
学历要求：本科及以上
学位要求：与最高学历相对应的学位
政治面貌：不限
基层工作经历：无限制
考试类别：市（地）级及以下直属机构综合管理类
备注：1.报名时请在专业栏中同时填写专业名称和专业代码；2.限应届高校毕业生报考，请在备注栏中注明本人具有应届高校毕业生身份。","http://bm.scs.gov.cn/kl2026#132116-300147570001","2025-10-14","{""dataset_year"":2026,""job_uid"":""GOV-2026-132116-300147570001"",""publisher"":""国家公务员局"",""publication_page"":""http://bm.scs.gov.cn/kl2026"",""attachment_url"":""local://2026_guokao_zhaokaojianzhang.zip"",""local_source_file"":""中央机关及其直属机构2026年度考试录用公务员招考简章.xls"",""local_source_sha256"":""2670bae1df1dd07a3a3c79b9db46a11e3bb15a6c9c249e6af98bfd0b61ce3aaf"",""source_sheet"":""中央国家行政机关省级以下直属机构"",""filter_version"":""government_tech_v2"",""tech_filter"":{""is_tech"":true,""is_core_tech"":true,""scope"":""core"",""categories"":[""computer_software"",""cybersecurity_cryptography"",""electronics_communication""],""matched_fields"":[""major"",""description""],""major_terms"":[""信息安全"",""大数据"",""数字媒体技术"",""物联网工程"",""电子信息"",""空间信息与数字技术"",""网络空间安全"",""计算机技术"",""计算机科学与技术"",""计算机类"",""软件工程""],""role_terms"":[""信息科技"",""信息系统"",""软硬件""],""reason"":""tech_major_and_role""},""original"":{""部门代码"":""132116"",""部门名称"":""国家金融监督管理总局河南监管局"",""用人司局"":""国家金融监督管理总局临颍监管支局"",""机构性质"":""中央国家行政机关省级以下直属机构"",""招考职位"":""科技部门一级主任科员及以下"",""职位属性"":""金融监管计算机类职位"",""职位分布"":""其他职位"",""职位简介"":""主要从事金融信息科技风险监管、电子设备软硬件管理及信息系统运行维护等工作"",""职位代码"":""300147570001"",""机构层级"":""县（区）级及以下"",""考试类别"":""市（地）级及以下直属机构综合管理类"",""招考人数"":""1"",""专业"":""本科：计算机类（不含物联网工程、数字媒体技术、空间信息与数字技术、新媒体技术、电影制作）；硕士：计算机科学与技术、软件工程、网络空间安全、电子信息（限计算机技术、软件工程、大数据技术与工程、网络与信息安全）"",""学历"":""本科及以上"",""学位"":""与最高学历相对应的学位"",""政治面貌"":""不限"",""基层工作最低年限"":""无限制"",""服务基层项目工作经历"":""无限制"",""是否在面试阶段组织专业能力测试"":""否"",""面试人员比例"":""3:1"",""工作地点"":""河南省漯河市临颍县"",""落户地点"":""河南省漯河市临颍县"",""备注"":""1.报名时请在专业栏中同时填写专业名称和专业代码；2.限应届高校毕业生报考，请在备注栏中注明本人具有应届高校毕业生身份。"",""部门网站"":""http://www.nfra.gov.cn"",""咨询电话1"":""0371-69332008"",""咨询电话2"":""0371-69332927"",""咨询电话3"":"""",""来源Sheet"":""中央国家行政机关省级以下直属机构""}}"
"government_jobs","国家公务员2026招考简章","公务员/事业单位技术岗位","河南省漯河市舞阳县","2026-07-28T09:12:58.310295+00:00","科技部门一级主任科员及以下","国家金融监督管理总局河南监管局","","河南省漯河市舞阳县","公务员/事业单位;2026;computer_software;cybersecurity_cryptography;electronics_communication;本科及以上;与最高学历相对应的学位;本科：计算机类（不含物联网工程、数字媒体技术、空间信息与数字技术、新媒体技术、电影制作）；硕士：计算机科学与技术、软件工程、网络空间安全、电子信息（限计算机技术、软件工程、大数据技术与工程、网络与信息安全）;市（地）级及以下直属机构综合管理类","用人司局：国家金融监督管理总局舞阳监管支局
职位简介：主要从事金融信息科技风险监管、电子设备软硬件管理及信息系统运行维护等工作
专业要求：本科：计算机类（不含物联网工程、数字媒体技术、空间信息与数字技术、新媒体技术、电影制作）；硕士：计算机科学与技术、软件工程、网络空间安全、电子信息（限计算机技术、软件工程、大数据技术与工程、网络与信息安全）
学历要求：本科及以上
学位要求：与最高学历相对应的学位
政治面貌：不限
基层工作经历：无限制
考试类别：市（地）级及以下直属机构综合管理类
备注：1.报名时请在专业栏中同时填写专业名称和专业代码；2.限应届高校毕业生报考，请在备注栏中注明本人具有应届高校毕业生身份。","http://bm.scs.gov.cn/kl2026#132116-300147571001","2025-10-14","{""dataset_year"":2026,""job_uid"":""GOV-2026-132116-300147571001"",""publisher"":""国家公务员局"",""publication_page"":""http://bm.scs.gov.cn/kl2026"",""attachment_url"":""local://2026_guokao_zhaokaojianzhang.zip"",""local_source_file"":""中央机关及其直属机构2026年度考试录用公务员招考简章.xls"",""local_source_sha256"":""2670bae1df1dd07a3a3c79b9db46a11e3bb15a6c9c249e6af98bfd0b61ce3aaf"",""source_sheet"":""中央国家行政机关省级以下直属机构"",""filter_version"":""government_tech_v2"",""tech_filter"":{""is_tech"":true,""is_core_tech"":true,""scope"":""core"",""categories"":[""computer_software"",""cybersecurity_cryptography"",""electronics_communication""],""matched_fields"":[""major"",""description""],""major_terms"":[""信息安全"",""大数据"",""数字媒体技术"",""物联网工程"",""电子信息"",""空间信息与数字技术"",""网络空间安全"",""计算机技术"",""计算机科学与技术"",""计算机类"",""软件工程""],""role_terms"":[""信息科技"",""信息系统"",""软硬件""],""reason"":""tech_major_and_role""},""original"":{""部门代码"":""132116"",""部门名称"":""国家金融监督管理总局河南监管局"",""用人司局"":""国家金融监督管理总局舞阳监管支局"",""机构性质"":""中央国家行政机关省级以下直属机构"",""招考职位"":""科技部门一级主任科员及以下"",""职位属性"":""金融监管计算机类职位"",""职位分布"":""其他职位"",""职位简介"":""主要从事金融信息科技风险监管、电子设备软硬件管理及信息系统运行维护等工作"",""职位代码"":""300147571001"",""机构层级"":""县（区）级及以下"",""考试类别"":""市（地）级及以下直属机构综合管理类"",""招考人数"":""1"",""专业"":""本科：计算机类（不含物联网工程、数字媒体技术、空间信息与数字技术、新媒体技术、电影制作）；硕士：计算机科学与技术、软件工程、网络空间安全、电子信息（限计算机技术、软件工程、大数据技术与工程、网络与信息安全）"",""学历"":""本科及以上"",""学位"":""与最高学历相对应的学位"",""政治面貌"":""不限"",""基层工作最低年限"":""无限制"",""服务基层项目工作经历"":""无限制"",""是否在面试阶段组织专业能力测试"":""否"",""面试人员比例"":""3:1"",""工作地点"":""河南省漯河市舞阳县"",""落户地点"":""河南省漯河市舞阳县"",""备注"":""1.报名时请在专业栏中同时填写专业名称和专业代码；2.限应届高校毕业生报考，请在备注栏中注明本人具有应届高校毕业生身份。"",""部门网站"":""http://www.nfra.gov.cn"",""咨询电话1"":""0371-69332008"",""咨询电话2"":""0371-69332927"",""咨询电话3"":"""",""来源Sheet"":""中央国家行政机关省级以下直属机构""}}"
"government_jobs","国家公务员2026招考简章","公务员/事业单位技术岗位","河南省漯河市舞阳县","2026-07-28T09:12:58.310295+00:00","科技部门一级主任科员及以下","国家金融监督管理总局河南监管局","","河南省漯河市舞阳县","公务员/事业单位;2026;computer_software;cybersecurity_cryptography;electronics_communication;本科及以上;与最高学历相对应的学位;本科：计算机类（不含物联网工程、数字媒体技术、空间信息与数字技术、新媒体技术、电影制作）；硕士：计算机科学与技术、软件工程、网络空间安全、电子信息（限计算机技术、软件工程、大数据技术与工程、网络与信息安全）;市（地）级及以下直属机构综合管理类","用人司局：国家金融监督管理总局舞阳监管支局
职位简介：主要从事金融信息科技风险监管、电子设备软硬件管理及信息系统运行维护等工作
专业要求：本科：计算机类（不含物联网工程、数字媒体技术、空间信息与数字技术、新媒体技术、电影制作）；硕士：计算机科学与技术、软件工程、网络空间安全、电子信息（限计算机技术、软件工程、大数据技术与工程、网络与信息安全）
学历要求：本科及以上
学位要求：与最高学历相对应的学位
政治面貌：不限
基层工作经历：二年
考试类别：市（地）级及以下直属机构综合管理类
备注：1.报名时请在专业栏中同时填写专业名称和专业代码；2.限大学生村官、农村义务教育阶段学校教师特设岗位计划、“三支一扶”计划、大学生志愿服务西部计划人员、在军队服役5年（含）以上的高校毕业生退役士兵报考，请在简历栏中注明服务基层项目相关工作经历。","http://bm.scs.gov.cn/kl2026#132116-300147571002","2025-10-14","{""dataset_year"":2026,""job_uid"":""GOV-2026-132116-300147571002"",""publisher"":""国家公务员局"",""publication_page"":""http://bm.scs.gov.cn/kl2026"",""attachment_url"":""local://2026_guokao_zhaokaojianzhang.zip"",""local_source_file"":""中央机关及其直属机构2026年度考试录用公务员招考简章.xls"",""local_source_sha256"":""2670bae1df1dd07a3a3c79b9db46a11e3bb15a6c9c249e6af98bfd0b61ce3aaf"",""source_sheet"":""中央国家行政机关省级以下直属机构"",""filter_version"":""government_tech_v2"",""tech_filter"":{""is_tech"":true,""is_core_tech"":true,""scope"":""core"",""categories"":[""computer_software"",""cybersecurity_cryptography"",""electronics_communication""],""matched_fields"":[""major"",""description""],""major_terms"":[""信息安全"",""大数据"",""数字媒体技术"",""物联网工程"",""电子信息"",""空间信息与数字技术"",""网络空间安全"",""计算机技术"",""计算机科学与技术"",""计算机类"",""软件工程""],""role_terms"":[""信息科技"",""信息系统"",""软硬件""],""reason"":""tech_major_and_role""},""original"":{""部门代码"":""132116"",""部门名称"":""国家金融监督管理总局河南监管局"",""用人司局"":""国家金融监督管理总局舞阳监管支局"",""机构性质"":""中央国家行政机关省级以下直属机构"",""招考职位"":""科技部门一级主任科员及以下"",""职位属性"":""金融监管计算机类职位"",""职位分布"":""其他职位"",""职位简介"":""主要从事金融信息科技风险监管、电子设备软硬件管理及信息系统运行维护等工作"",""职位代码"":""300147571002"",""机构层级"":""县（区）级及以下"",""考试类别"":""市（地）级及以下直属机构综合管理类"",""招考人数"":""1"",""专业"":""本科：计算机类（不含物联网工程、数字媒体技术、空间信息与数字技术、新媒体技术、电影制作）；硕士：计算机科学与技术、软件工程、网络空间安全、电子信息（限计算机技术、软件工程、大数据技术与工程、网络与信息安全）"",""学历"":""本科及以上"",""学位"":""与最高学历相对应的学位"",""政治面貌"":""不限"",""基层工作最低年限"":""二年"",""服务基层项目工作经历"":""大学生村官、农村义务教育阶段学校教师特设岗位计划、“三支一扶”计划、大学生志愿服务西部计划、在军队服役5年（含）以上的高校毕业生退役士兵"",""是否在面试阶段组织专业能力测试"":""否"",""面试人员比例"":""3:1"",""工作地点"":""河南省漯河市舞阳县"",""落户地点"":""河南省漯河市舞阳县"",""备注"":""1.报名时请在专业栏中同时填写专业名称和专业代码；2.限大学生村官、农村义务教育阶段学校教师特设岗位计划、“三支一扶”计划、大学生志愿服务西部计划人员、在军队服役5年（含）以上的高校毕业生退役士兵报考，请在简历栏中注明服务基层项目相关工作经历。"",""部门网站"":""http://www.nfra.gov.cn"",""咨询电话1"":""0371-69332008"",""咨询电话2"":""0371-69332927"",""咨询电话3"":"""",""来源Sheet"":""中央国家行政机关省级以下直属机构""}}"
"government_jobs","国家公务员2026招考简章","公务员/事业单位技术岗位","河南省三门峡市","2026-07-28T09:12:58.310295+00:00","科技部门一级主任科员及以下","国家金融监督管理总局河南监管局","","河南省三门峡市","公务员/事业单位;2026;computer_software;仅限本科;学士;计算机类（不含物联网工程、数字媒体技术、空间信息与数字技术、新媒体技术、电影制作）;市（地）级及以下直属机构综合管理类","用人司局：国家金融监督管理总局三门峡监管分局
职位简介：主要从事金融信息科技风险监管、电子设备软硬件管理及信息系统运行维护等工作
专业要求：计算机类（不含物联网工程、数字媒体技术、空间信息与数字技术、新媒体技术、电影制作）
学历要求：仅限本科
学位要求：学士
政治面貌：不限
基层工作经历：无限制
考试类别：市（地）级及以下直属机构综合管理类
备注：1.报名时请在专业栏中同时填写专业名称和专业代码；2.限应届高校毕业生报考，请在备注栏中注明本人具有应届高校毕业生身份；3.要求本科学历大学英语四级成绩在425分及以上（雅思成绩在6分及以上、托福成绩在80分及以上、取得英语专业四级或专业八级合格证书亦可），请在外语水平栏注明已获得的英语等级证书及成绩。","http://bm.scs.gov.cn/kl2026#132116-300147572001","2025-10-14","{""dataset_year"":2026,""job_uid"":""GOV-2026-132116-300147572001"",""publisher"":""国家公务员局"",""publication_page"":""http://bm.scs.gov.cn/kl2026"",""attachment_url"":""local://2026_guokao_zhaokaojianzhang.zip"",""local_source_file"":""中央机关及其直属机构2026年度考试录用公务员招考简章.xls"",""local_source_sha256"":""2670bae1df1dd07a3a3c79b9db46a11e3bb15a6c9c249e6af98bfd0b61ce3aaf"",""source_sheet"":""中央国家行政机关省级以下直属机构"",""filter_version"":""government_tech_v2"",""tech_filter"":{""is_tech"":true,""is_core_tech"":true,""scope"":""core"",""categories"":[""computer_software""],""matched_fields"":[""major"",""description""],""major_terms"":[""数字媒体技术"",""物联网工程"",""空间信息与数字技术"",""计算机类""],""role_terms"":[""信息科技"",""信息系统"",""软硬件""],""reason"":""tech_major_and_role""},""original"":{""部门代码"":""132116"",""部门名称"":""国家金融监督管理总局河南监管局"",""用人司局"":""国家金融监督管理总局三门峡监管分局"",""机构性质"":""中央国家行政机关省级以下直属机构"",""招考职位"":""科技部门一级主任科员及以下"",""职位属性"":""金融监管计算机类职位"",""职位分布"":""其他职位"",""职位简介"":""主要从事金融信息科技风险监管、电子设备软硬件管理及信息系统运行维护等工作"",""职位代码"":""300147572001"",""机构层级"":""市（地）级"",""考试类别"":""市（地）级及以下直属机构综合管理类"",""招考人数"":""1"",""专业"":""计算机类（不含物联网工程、数字媒体技术、空间信息与数字技术、新媒体技术、电影制作）"",""学历"":""仅限本科"",""学位"":""学士"",""政治面貌"":""不限"",""基层工作最低年限"":""无限制"",""服务基层项目工作经历"":""无限制"",""是否在面试阶段组织专业能力测试"":""否"",""面试人员比例"":""3:1"",""工作地点"":""河南省三门峡市"",""落户地点"":""河南省三门峡市"",""备注"":""1.报名时请在专业栏中同时填写专业名称和专业代码；2.限应届高校毕业生报考，请在备注栏中注明本人具有应届高校毕业生身份；3.要求本科学历大学英语四级成绩在425分及以上（雅思成绩在6分及以上、托福成绩在80分及以上、取得英语专业四级或专业八级合格证书亦可），请在外语水平栏注明已获得的英语等级证书及成绩。"",""部门网站"":""http://www.nfra.gov.cn"",""咨询电话1"":""0371-69332008"",""咨询电话2"":""0371-69332927"",""咨询电话3"":"""",""来源Sheet"":""中央国家行政机关省级以下直属机构""}}"
"government_jobs","国家公务员2026招考简章","公务员/事业单位技术岗位","河南省三门峡市灵宝市","2026-07-28T09:12:58.310295+00:00","科技部门一级主任科员及以下","国家金融监督管理总局河南监管局","","河南省三门峡市灵宝市","公务员/事业单位;2026;computer_software;仅限本科;学士;计算机类（不含物联网工程、数字媒体技术、空间信息与数字技术、新媒体技术、电影制作）;市（地）级及以下直属机构综合管理类","用人司局：国家金融监督管理总局灵宝监管支局
职位简介：主要从事金融信息科技风险监管、电子设备软硬件管理及信息系统运行维护等工作
专业要求：计算机类（不含物联网工程、数字媒体技术、空间信息与数字技术、新媒体技术、电影制作）
学历要求：仅限本科
学位要求：学士
政治面貌：不限
基层工作经历：无限制
考试类别：市（地）级及以下直属机构综合管理类
备注：1.报名时请在专业栏中同时填写专业名称和专业代码；2.限应届高校毕业生报考，请在备注栏中注明本人具有应届高校毕业生身份。","http://bm.scs.gov.cn/kl2026#132116-300147575001","2025-10-14","{""dataset_year"":2026,""job_uid"":""GOV-2026-132116-300147575001"",""publisher"":""国家公务员局"",""publication_page"":""http://bm.scs.gov.cn/kl2026"",""attachment_url"":""local://2026_guokao_zhaokaojianzhang.zip"",""local_source_file"":""中央机关及其直属机构2026年度考试录用公务员招考简章.xls"",""local_source_sha256"":""2670bae1df1dd07a3a3c79b9db46a11e3bb15a6c9c249e6af98bfd0b61ce3aaf"",""source_sheet"":""中央国家行政机关省级以下直属机构"",""filter_version"":""government_tech_v2"",""tech_filter"":{""is_tech"":true,""is_core_tech"":true,""scope"":""core"",""categories"":[""computer_software""],""matched_fields"":[""major"",""description""],""major_terms"":[""数字媒体技术"",""物联网工程"",""空间信息与数字技术"",""计算机类""],""role_terms"":[""信息科技"",""信息系统"",""软硬件""],""reason"":""tech_major_and_role""},""original"":{""部门代码"":""132116"",""部门名称"":""国家金融监督管理总局河南监管局"",""用人司局"":""国家金融监督管理总局灵宝监管支局"",""机构性质"":""中央国家行政机关省级以下直属机构"",""招考职位"":""科技部门一级主任科员及以下"",""职位属性"":""金融监管计算机类职位"",""职位分布"":""其他职位"",""职位简介"":""主要从事金融信息科技风险监管、电子设备软硬件管理及信息系统运行维护等工作"",""职位代码"":""300147575001"",""机构层级"":""县（区）级及以下"",""考试类别"":""市（地）级及以下直属机构综合管理类"",""招考人数"":""1"",""专业"":""计算机类（不含物联网工程、数字媒体技术、空间信息与数字技术、新媒体技术、电影制作）"",""学历"":""仅限本科"",""学位"":""学士"",""政治面貌"":""不限"",""基层工作最低年限"":""无限制"",""服务基层项目工作经历"":""无限制"",""是否在面试阶段组织专业能力测试"":""否"",""面试人员比例"":""3:1"",""工作地点"":""河南省三门峡市灵宝市"",""落户地点"":""河南省三门峡市灵宝市"",""备注"":""1.报名时请在专业栏中同时填写专业名称和专业代码；2.限应届高校毕业生报考，请在备注栏中注明本人具有应届高校毕业生身份。"",""部门网站"":""http://www.nfra.gov.cn"",""咨询电话1"":""0371-69332008"",""咨询电话2"":""0371-69332927"",""咨询电话3"":"""",""来源Sheet"":""中央国家行政机关省级以下直属机构""}}"
"government_jobs","国家公务员2026招考简章","公务员/事业单位技术岗位","河南省三门峡市卢氏县","2026-07-28T09:12:58.310295+00:00","科技部门一级主任科员及以下","国家金融监督管理总局河南监管局","","河南省三门峡市卢氏县","公务员/事业单位;2026;computer_software;仅限本科;学士;计算机类（不含物联网工程、数字媒体技术、空间信息与数字技术、新媒体技术、电影制作）;市（地）级及以下直属机构综合管理类","用人司局：国家金融监督管理总局卢氏监管支局
职位简介：主要从事金融信息科技风险监管、电子设备软硬件管理及信息系统运行维护等工作
专业要求：计算机类（不含物联网工程、数字媒体技术、空间信息与数字技术、新媒体技术、电影制作）
学历要求：仅限本科
学位要求：学士
政治面貌：不限
基层工作经历：无限制
考试类别：市（地）级及以下直属机构综合管理类
备注：1.报名时请在专业栏中同时填写专业名称和专业代码；2.限应届高校毕业生报考，请在备注栏中注明本人具有应届高校毕业生身份。","http://bm.scs.gov.cn/kl2026#132116-300147576001","2025-10-14","{""dataset_year"":2026,""job_uid"":""GOV-2026-132116-300147576001"",""publisher"":""国家公务员局"",""publication_page"":""http://bm.scs.gov.cn/kl2026"",""attachment_url"":""local://2026_guokao_zhaokaojianzhang.zip"",""local_source_file"":""中央机关及其直属机构2026年度考试录用公务员招考简章.xls"",""local_source_sha256"":""2670bae1df1dd07a3a3c79b9db46a11e3bb15a6c9c249e6af98bfd0b61ce3aaf"",""source_sheet"":""中央国家行政机关省级以下直属机构"",""filter_version"":""government_tech_v2"",""tech_filter"":{""is_tech"":true,""is_core_tech"":true,""scope"":""core"",""categories"":[""computer_software""],""matched_fields"":[""major"",""description""],""major_terms"":[""数字媒体技术"",""物联网工程"",""空间信息与数字技术"",""计算机类""],""role_terms"":[""信息科技"",""信息系统"",""软硬件""],""reason"":""tech_major_and_role""},""original"":{""部门代码"":""132116"",""部门名称"":""国家金融监督管理总局河南监管局"",""用人司局"":""国家金融监督管理总局卢氏监管支局"",""机构性质"":""中央国家行政机关省级以下直属机构"",""招考职位"":""科技部门一级主任科员及以下"",""职位属性"":""金融监管计算机类职位"",""职位分布"":""其他职位"",""职位简介"":""主要从事金融信息科技风险监管、电子设备软硬件管理及信息系统运行维护等工作"",""职位代码"":""300147576001"",""机构层级"":""县（区）级及以下"",""考试类别"":""市（地）级及以下直属机构综合管理类"",""招考人数"":""1"",""专业"":""计算机类（不含物联网工程、数字媒体技术、空间信息与数字技术、新媒体技术、电影制作）"",""学历"":""仅限本科"",""学位"":""学士"",""政治面貌"":""不限"",""基层工作最低年限"":""无限制"",""服务基层项目工作经历"":""无限制"",""是否在面试阶段组织专业能力测试"":""否"",""面试人员比例"":""3:1"",""工作地点"":""河南省三门峡市卢氏县"",""落户地点"":""河南省三门峡市卢氏县"",""备注"":""1.报名时请在专业栏中同时填写专业名称和专业代码；2.限应届高校毕业生报考，请在备注栏中注明本人具有应届高校毕业生身份。"",""部门网站"":""http://www.nfra.gov.cn"",""咨询电话1"":""0371-69332008"",""咨询电话2"":""0371-69332927"",""咨询电话3"":"""",""来源Sheet"":""中央国家行政机关省级以下直属机构""}}"
"government_jobs","国家公务员2026招考简章","公务员/事业单位技术岗位","河南省南阳市宛城区","2026-07-28T09:12:58.310295+00:00","科技部门一级主任科员及以下","国家金融监督管理总局河南监管局","","河南省南阳市宛城区","公务员/事业单位;2026;computer_software;仅限本科;学士;计算机类（不含物联网工程、数字媒体技术、空间信息与数字技术、新媒体技术、电影制作）;市（地）级及以下直属机构综合管理类","用人司局：国家金融监督管理总局河南油田监管支局
职位简介：主要从事金融信息科技风险监管、电子设备软硬件管理及信息系统运行维护等工作
专业要求：计算机类（不含物联网工程、数字媒体技术、空间信息与数字技术、新媒体技术、电影制作）
学历要求：仅限本科
学位要求：学士
政治面貌：不限
基层工作经历：无限制
考试类别：市（地）级及以下直属机构综合管理类
备注：1.报名时请在专业栏中同时填写专业名称和专业代码；2.限应届高校毕业生报考，请在备注栏中注明本人具有应届高校毕业生身份。","http://bm.scs.gov.cn/kl2026#132116-300147585001","2025-10-14","{""dataset_year"":2026,""job_uid"":""GOV-2026-132116-300147585001"",""publisher"":""国家公务员局"",""publication_page"":""http://bm.scs.gov.cn/kl2026"",""attachment_url"":""local://2026_guokao_zhaokaojianzhang.zip"",""local_source_file"":""中央机关及其直属机构2026年度考试录用公务员招考简章.xls"",""local_source_sha256"":""2670bae1df1dd07a3a3c79b9db46a11e3bb15a6c9c249e6af98bfd0b61ce3aaf"",""source_sheet"":""中央国家行政机关省级以下直属机构"",""filter_version"":""government_tech_v2"",""tech_filter"":{""is_tech"":true,""is_core_tech"":true,""scope"":""core"",""categories"":[""computer_software""],""matched_fields"":[""major"",""description""],""major_terms"":[""数字媒体技术"",""物联网工程"",""空间信息与数字技术"",""计算机类""],""role_terms"":[""信息科技"",""信息系统"",""软硬件""],""reason"":""tech_major_and_role""},""original"":{""部门代码"":""132116"",""部门名称"":""国家金融监督管理总局河南监管局"",""用人司局"":""国家金融监督管理总局河南油田监管支局"",""机构性质"":""中央国家行政机关省级以下直属机构"",""招考职位"":""科技部门一级主任科员及以下"",""职位属性"":""金融监管计算机类职位"",""职位分布"":""其他职位"",""职位简介"":""主要从事金融信息科技风险监管、电子设备软硬件管理及信息系统运行维护等工作"",""职位代码"":""300147585001"",""机构层级"":""县（区）级及以下"",""考试类别"":""市（地）级及以下直属机构综合管理类"",""招考人数"":""1"",""专业"":""计算机类（不含物联网工程、数字媒体技术、空间信息与数字技术、新媒体技术、电影制作）"",""学历"":""仅限本科"",""学位"":""学士"",""政治面貌"":""不限"",""基层工作最低年限"":""无限制"",""服务基层项目工作经历"":""无限制"",""是否在面试阶段组织专业能力测试"":""否"",""面试人员比例"":""3:1"",""工作地点"":""河南省南阳市宛城区"",""落户地点"":""河南省南阳市宛城区"",""备注"":""1.报名时请在专业栏中同时填写专业名称和专业代码；2.限应届高校毕业生报考，请在备注栏中注明本人具有应届高校毕业生身份。"",""部门网站"":""http://www.nfra.gov.cn"",""咨询电话1"":""0371-69332008"",""咨询电话2"":""0371-69332927"",""咨询电话3"":"""",""来源Sheet"":""中央国家行政机关省级以下直属机构""}}"
"government_jobs","国家公务员2026招考简章","公务员/事业单位技术岗位","河南省商丘市","2026-07-28T09:12:58.310295+00:00","科技部门一级主任科员及以下","国家金融监督管理总局河南监管局","","河南省商丘市","公务员/事业单位;2026;computer_software;仅限本科;学士;计算机类（不含物联网工程、数字媒体技术、空间信息与数字技术、新媒体技术、电影制作）;市（地）级及以下直属机构综合管理类","用人司局：国家金融监督管理总局商丘监管分局
职位简介：主要从事金融信息科技风险监管、电子设备软硬件管理及信息系统运行维护等工作
专业要求：计算机类（不含物联网工程、数字媒体技术、空间信息与数字技术、新媒体技术、电影制作）
学历要求：仅限本科
学位要求：学士
政治面貌：不限
基层工作经历：无限制
考试类别：市（地）级及以下直属机构综合管理类
备注：1.报名时请在专业栏中同时填写专业名称和专业代码；2.限应届高校毕业生报考，请在备注栏中注明本人具有应届高校毕业生身份；3.要求本科学历大学英语四级成绩在425分及以上（雅思成绩在6分及以上、托福成绩在80分及以上、取得英语专业四级或专业八级合格证书亦可），请在外语水平栏注明已获得的英语等级证书及成绩。","http://bm.scs.gov.cn/kl2026#132116-300147586001","2025-10-14","{""dataset_year"":2026,""job_uid"":""GOV-2026-132116-300147586001"",""publisher"":""国家公务员局"",""publication_page"":""http://bm.scs.gov.cn/kl2026"",""attachment_url"":""local://2026_guokao_zhaokaojianzhang.zip"",""local_source_file"":""中央机关及其直属机构2026年度考试录用公务员招考简章.xls"",""local_source_sha256"":""2670bae1df1dd07a3a3c79b9db46a11e3bb15a6c9c249e6af98bfd0b61ce3aaf"",""source_sheet"":""中央国家行政机关省级以下直属机构"",""filter_version"":""government_tech_v2"",""tech_filter"":{""is_tech"":true,""is_core_tech"":true,""scope"":""core"",""categories"":[""computer_software""],""matched_fields"":[""major"",""description""],""major_terms"":[""数字媒体技术"",""物联网工程"",""空间信息与数字技术"",""计算机类""],""role_terms"":[""信息科技"",""信息系统"",""软硬件""],""reason"":""tech_major_and_role""},""original"":{""部门代码"":""132116"",""部门名称"":""国家金融监督管理总局河南监管局"",""用人司局"":""国家金融监督管理总局商丘监管分局"",""机构性质"":""中央国家行政机关省级以下直属机构"",""招考职位"":""科技部门一级主任科员及以下"",""职位属性"":""金融监管计算机类职位"",""职位分布"":""其他职位"",""职位简介"":""主要从事金融信息科技风险监管、电子设备软硬件管理及信息系统运行维护等工作"",""职位代码"":""300147586001"",""机构层级"":""市（地）级"",""考试类别"":""市（地）级及以下直属机构综合管理类"",""招考人数"":""1"",""专业"":""计算机类（不含物联网工程、数字媒体技术、空间信息与数字技术、新媒体技术、电影制作）"",""学历"":""仅限本科"",""学位"":""学士"",""政治面貌"":""不限"",""基层工作最低年限"":""无限制"",""服务基层项目工作经历"":""无限制"",""是否在面试阶段组织专业能力测试"":""否"",""面试人员比例"":""3:1"",""工作地点"":""河南省商丘市"",""落户地点"":""河南省商丘市"",""备注"":""1.报名时请在专业栏中同时填写专业名称和专业代码；2.限应届高校毕业生报考，请在备注栏中注明本人具有应届高校毕业生身份；3.要求本科学历大学英语四级成绩在425分及以上（雅思成绩在6分及以上、托福成绩在80分及以上、取得英语专业四级或专业八级合格证书亦可），请在外语水平栏注明已获得的英语等级证书及成绩。"",""部门网站"":""http://www.nfra.gov.cn"",""咨询电话1"":""0371-69332008"",""咨询电话2"":""0371-69332927"",""咨询电话3"":"""",""来源Sheet"":""中央国家行政机关省级以下直属机构""}}"
"government_jobs","国家公务员2026招考简章","公务员/事业单位技术岗位","河南省商丘市夏邑县","2026-07-28T09:12:58.310295+00:00","科技部门一级主任科员及以下","国家金融监督管理总局河南监管局","","河南省商丘市夏邑县","公务员/事业单位;2026;computer_software;仅限本科;学士;计算机类（不含物联网工程、数字媒体技术、空间信息与数字技术、新媒体技术、电影制作）;市（地）级及以下直属机构综合管理类","用人司局：国家金融监督管理总局夏邑监管支局
职位简介：主要从事金融信息科技风险监管、电子设备软硬件管理及信息系统运行维护等工作
专业要求：计算机类（不含物联网工程、数字媒体技术、空间信息与数字技术、新媒体技术、电影制作）
学历要求：仅限本科
学位要求：学士
政治面貌：不限
基层工作经历：无限制
考试类别：市（地）级及以下直属机构综合管理类
备注：1.报名时请在专业栏中同时填写专业名称和专业代码；2.限应届高校毕业生报考，请在备注栏中注明本人具有应届高校毕业生身份。","http://bm.scs.gov.cn/kl2026#132116-300147587001","2025-10-14","{""dataset_year"":2026,""job_uid"":""GOV-2026-132116-300147587001"",""publisher"":""国家公务员局"",""publication_page"":""http://bm.scs.gov.cn/kl2026"",""attachment_url"":""local://2026_guokao_zhaokaojianzhang.zip"",""local_source_file"":""中央机关及其直属机构2026年度考试录用公务员招考简章.xls"",""local_source_sha256"":""2670bae1df1dd07a3a3c79b9db46a11e3bb15a6c9c249e6af98bfd0b61ce3aaf"",""source_sheet"":""中央国家行政机关省级以下直属机构"",""filter_version"":""government_tech_v2"",""tech_filter"":{""is_tech"":true,""is_core_tech"":true,""scope"":""core"",""categories"":[""computer_software""],""matched_fields"":[""major"",""description""],""major_terms"":[""数字媒体技术"",""物联网工程"",""空间信息与数字技术"",""计算机类""],""role_terms"":[""信息科技"",""信息系统"",""软硬件""],""reason"":""tech_major_and_role""},""original"":{""部门代码"":""132116"",""部门名称"":""国家金融监督管理总局河南监管局"",""用人司局"":""国家金融监督管理总局夏邑监管支局"",""机构性质"":""中央国家行政机关省级以下直属机构"",""招考职位"":""科技部门一级主任科员及以下"",""职位属性"":""金融监管计算机类职位"",""职位分布"":""其他职位"",""职位简介"":""主要从事金融信息科技风险监管、电子设备软硬件管理及信息系统运行维护等工作"",""职位代码"":""300147587001"",""机构层级"":""县（区）级及以下"",""考试类别"":""市（地）级及以下直属机构综合管理类"",""招考人数"":""1"",""专业"":""计算机类（不含物联网工程、数字媒体技术、空间信息与数字技术、新媒体技术、电影制作）"",""学历"":""仅限本科"",""学位"":""学士"",""政治面貌"":""不限"",""基层工作最低年限"":""无限制"",""服务基层项目工作经历"":""无限制"",""是否在面试阶段组织专业能力测试"":""否"",""面试人员比例"":""3:1"",""工作地点"":""河南省商丘市夏邑县"",""落户地点"":""河南省商丘市夏邑县"",""备注"":""1.报名时请在专业栏中同时填写专业名称和专业代码；2.限应届高校毕业生报考，请在备注栏中注明本人具有应届高校毕业生身份。"",""部门网站"":""http://www.nfra.gov.cn"",""咨询电话1"":""0371-69332008"",""咨询电话2"":""0371-69332927"",""咨询电话3"":"""",""来源Sheet"":""中央国家行政机关省级以下直属机构""}}"
"government_jobs","国家公务员2026招考简章","公务员/事业单位技术岗位","河南省周口市","2026-07-28T09:12:58.310295+00:00","科技部门一级主任科员及以下","国家金融监督管理总局河南监管局","","河南省周口市","公务员/事业单位;2026;computer_software;仅限本科;学士;计算机类（不含物联网工程、数字媒体技术、空间信息与数字技术、新媒体技术、电影制作）;市（地）级及以下直属机构综合管理类","用人司局：国家金融监督管理总局周口监管分局
职位简介：主要从事金融信息科技风险监管、电子设备软硬件管理及信息系统运行维护等工作
专业要求：计算机类（不含物联网工程、数字媒体技术、空间信息与数字技术、新媒体技术、电影制作）
学历要求：仅限本科
学位要求：学士
政治面貌：中共党员或共青团员
基层工作经历：无限制
考试类别：市（地）级及以下直属机构综合管理类
备注：1.报名时请在专业栏中同时填写专业名称和专业代码；2.限应届高校毕业生报考，请在备注栏中注明本人具有应届高校毕业生身份；3.要求本科学历大学英语四级成绩在425分及以上（雅思成绩在6分及以上、托福成绩在80分及以上、取得英语专业四级或专业八级合格证书亦可），请在外语水平栏注明已获得的英语等级证书及成绩。","http://bm.scs.gov.cn/kl2026#132116-300147596001","2025-10-14","{""dataset_year"":2026,""job_uid"":""GOV-2026-132116-300147596001"",""publisher"":""国家公务员局"",""publication_page"":""http://bm.scs.gov.cn/kl2026"",""attachment_url"":""local://2026_guokao_zhaokaojianzhang.zip"",""local_source_file"":""中央机关及其直属机构2026年度考试录用公务员招考简章.xls"",""local_source_sha256"":""2670bae1df1dd07a3a3c79b9db46a11e3bb15a6c9c249e6af98bfd0b61ce3aaf"",""source_sheet"":""中央国家行政机关省级以下直属机构"",""filter_version"":""government_tech_v2"",""tech_filter"":{""is_tech"":true,""is_core_tech"":true,""scope"":""core"",""categories"":[""computer_software""],""matched_fields"":[""major"",""description""],""major_terms"":[""数字媒体技术"",""物联网工程"",""空间信息与数字技术"",""计算机类""],""role_terms"":[""信息科技"",""信息系统"",""软硬件""],""reason"":""tech_major_and_role""},""original"":{""部门代码"":""132116"",""部门名称"":""国家金融监督管理总局河南监管局"",""用人司局"":""国家金融监督管理总局周口监管分局"",""机构性质"":""中央国家行政机关省级以下直属机构"",""招考职位"":""科技部门一级主任科员及以下"",""职位属性"":""金融监管计算机类职位"",""职位分布"":""其他职位"",""职位简介"":""主要从事金融信息科技风险监管、电子设备软硬件管理及信息系统运行维护等工作"",""职位代码"":""300147596001"",""机构层级"":""市（地）级"",""考试类别"":""市（地）级及以下直属机构综合管理类"",""招考人数"":""1"",""专业"":""计算机类（不含物联网工程、数字媒体技术、空间信息与数字技术、新媒体技术、电影制作）"",""学历"":""仅限本科"",""学位"":""学士"",""政治面貌"":""中共党员或共青团员"",""基层工作最低年限"":""无限制"",""服务基层项目工作经历"":""无限制"",""是否在面试阶段组织专业能力测试"":""否"",""面试人员比例"":""3:1"",""工作地点"":""河南省周口市"",""落户地点"":""河南省周口市"",""备注"":""1.报名时请在专业栏中同时填写专业名称和专业代码；2.限应届高校毕业生报考，请在备注栏中注明本人具有应届高校毕业生身份；3.要求本科学历大学英语四级成绩在425分及以上（雅思成绩在6分及以上、托福成绩在80分及以上、取得英语专业四级或专业八级合格证书亦可），请在外语水平栏注明已获得的英语等级证书及成绩。"",""部门网站"":""http://www.nfra.gov.cn"",""咨询电话1"":""0371-69332008"",""咨询电话2"":""0371-69332927"",""咨询电话3"":"""",""来源Sheet"":""中央国家行政机关省级以下直属机构""}}"
"government_jobs","国家公务员2026招考简章","公务员/事业单位技术岗位","河南省周口市鹿邑县","2026-07-28T09:12:58.310295+00:00","科技部门一级主任科员及以下","国家金融监督管理总局河南监管局","","河南省周口市鹿邑县","公务员/事业单位;2026;computer_software;仅限本科;学士;计算机类（不含物联网工程、数字媒体技术、空间信息与数字技术、新媒体技术、电影制作）;市（地）级及以下直属机构综合管理类","用人司局：国家金融监督管理总局鹿邑监管支局
职位简介：主要从事金融信息科技风险监管、电子设备软硬件管理及信息系统运行维护等工作
专业要求：计算机类（不含物联网工程、数字媒体技术、空间信息与数字技术、新媒体技术、电影制作）
学历要求：仅限本科
学位要求：学士
政治面貌：中共党员或共青团员
基层工作经历：无限制
考试类别：市（地）级及以下直属机构综合管理类
备注：1.报名时请在专业栏中同时填写专业名称和专业代码；2.限应届高校毕业生报考，请在备注栏中注明本人具有应届高校毕业生身份；3.要求本科学历大学英语四级成绩在425分及以上（雅思成绩在6分及以上、托福成绩在80分及以上、取得英语专业四级或专业八级合格证书亦可），请在外语水平栏注明已获得的英语等级证书及成绩。","http://bm.scs.gov.cn/kl2026#132116-300147597001","2025-10-14","{""dataset_year"":2026,""job_uid"":""GOV-2026-132116-300147597001"",""publisher"":""国家公务员局"",""publication_page"":""http://bm.scs.gov.cn/kl2026"",""attachment_url"":""local://2026_guokao_zhaokaojianzhang.zip"",""local_source_file"":""中央机关及其直属机构2026年度考试录用公务员招考简章.xls"",""local_source_sha256"":""2670bae1df1dd07a3a3c79b9db46a11e3bb15a6c9c249e6af98bfd0b61ce3aaf"",""source_sheet"":""中央国家行政机关省级以下直属机构"",""filter_version"":""government_tech_v2"",""tech_filter"":{""is_tech"":true,""is_core_tech"":true,""scope"":""core"",""categories"":[""computer_software""],""matched_fields"":[""major"",""description""],""major_terms"":[""数字媒体技术"",""物联网工程"",""空间信息与数字技术"",""计算机类""],""role_terms"":[""信息科技"",""信息系统"",""软硬件""],""reason"":""tech_major_and_role""},""original"":{""部门代码"":""132116"",""部门名称"":""国家金融监督管理总局河南监管局"",""用人司局"":""国家金融监督管理总局鹿邑监管支局"",""机构性质"":""中央国家行政机关省级以下直属机构"",""招考职位"":""科技部门一级主任科员及以下"",""职位属性"":""金融监管计算机类职位"",""职位分布"":""其他职位"",""职位简介"":""主要从事金融信息科技风险监管、电子设备软硬件管理及信息系统运行维护等工作"",""职位代码"":""300147597001"",""机构层级"":""县（区）级及以下"",""考试类别"":""市（地）级及以下直属机构综合管理类"",""招考人数"":""1"",""专业"":""计算机类（不含物联网工程、数字媒体技术、空间信息与数字技术、新媒体技术、电影制作）"",""学历"":""仅限本科"",""学位"":""学士"",""政治面貌"":""中共党员或共青团员"",""基层工作最低年限"":""无限制"",""服务基层项目工作经历"":""无限制"",""是否在面试阶段组织专业能力测试"":""否"",""面试人员比例"":""3:1"",""工作地点"":""河南省周口市鹿邑县"",""落户地点"":""河南省周口市鹿邑县"",""备注"":""1.报名时请在专业栏中同时填写专业名称和专业代码；2.限应届高校毕业生报考，请在备注栏中注明本人具有应届高校毕业生身份；3.要求本科学历大学英语四级成绩在425分及以上（雅思成绩在6分及以上、托福成绩在80分及以上、取得英语专业四级或专业八级合格证书亦可），请在外语水平栏注明已获得的英语等级证书及成绩。"",""部门网站"":""http://www.nfra.gov.cn"",""咨询电话1"":""0371-69332008"",""咨询电话2"":""0371-69332927"",""咨询电话3"":"""",""来源Sheet"":""中央国家行政机关省级以下直属机构""}}"
"government_jobs","国家公务员2026招考简章","公务员/事业单位技术岗位","河南省周口市淮阳区","2026-07-28T09:12:58.310295+00:00","科技部门一级主任科员及以下","国家金融监督管理总局河南监管局","","河南省周口市淮阳区","公务员/事业单位;2026;computer_software;仅限本科;学士;计算机类（不含物联网工程、数字媒体技术、空间信息与数字技术、新媒体技术、电影制作）;市（地）级及以下直属机构综合管理类","用人司局：国家金融监督管理总局淮阳监管支局
职位简介：主要从事金融信息科技风险监管、电子设备软硬件管理及信息系统运行维护等工作
专业要求：计算机类（不含物联网工程、数字媒体技术、空间信息与数字技术、新媒体技术、电影制作）
学历要求：仅限本科
学位要求：学士
政治面貌：中共党员或共青团员
基层工作经历：无限制
考试类别：市（地）级及以下直属机构综合管理类
备注：1.报名时请在专业栏中同时填写专业名称和专业代码；2.限应届高校毕业生报考，请在备注栏中注明本人具有应届高校毕业生身份；3.要求本科学历大学英语四级成绩在425分及以上（雅思成绩在6分及以上、托福成绩在80分及以上、取得英语专业四级或专业八级合格证书亦可），请在外语水平栏注明已获得的英语等级证书及成绩。","http://bm.scs.gov.cn/kl2026#132116-300147599001","2025-10-14","{""dataset_year"":2026,""job_uid"":""GOV-2026-132116-300147599001"",""publisher"":""国家公务员局"",""publication_page"":""http://bm.scs.gov.cn/kl2026"",""attachment_url"":""local://2026_guokao_zhaokaojianzhang.zip"",""local_source_file"":""中央机关及其直属机构2026年度考试录用公务员招考简章.xls"",""local_source_sha256"":""2670bae1df1dd07a3a3c79b9db46a11e3bb15a6c9c249e6af98bfd0b61ce3aaf"",""source_sheet"":""中央国家行政机关省级以下直属机构"",""filter_version"":""government_tech_v2"",""tech_filter"":{""is_tech"":true,""is_core_tech"":true,""scope"":""core"",""categories"":[""computer_software""],""matched_fields"":[""major"",""description""],""major_terms"":[""数字媒体技术"",""物联网工程"",""空间信息与数字技术"",""计算机类""],""role_terms"":[""信息科技"",""信息系统"",""软硬件""],""reason"":""tech_major_and_role""},""original"":{""部门代码"":""132116"",""部门名称"":""国家金融监督管理总局河南监管局"",""用人司局"":""国家金融监督管理总局淮阳监管支局"",""机构性质"":""中央国家行政机关省级以下直属机构"",""招考职位"":""科技部门一级主任科员及以下"",""职位属性"":""金融监管计算机类职位"",""职位分布"":""其他职位"",""职位简介"":""主要从事金融信息科技风险监管、电子设备软硬件管理及信息系统运行维护等工作"",""职位代码"":""300147599001"",""机构层级"":""县（区）级及以下"",""考试类别"":""市（地）级及以下直属机构综合管理类"",""招考人数"":""1"",""专业"":""计算机类（不含物联网工程、数字媒体技术、空间信息与数字技术、新媒体技术、电影制作）"",""学历"":""仅限本科"",""学位"":""学士"",""政治面貌"":""中共党员或共青团员"",""基层工作最低年限"":""无限制"",""服务基层项目工作经历"":""无限制"",""是否在面试阶段组织专业能力测试"":""否"",""面试人员比例"":""3:1"",""工作地点"":""河南省周口市淮阳区"",""落户地点"":""河南省周口市淮阳区"",""备注"":""1.报名时请在专业栏中同时填写专业名称和专业代码；2.限应届高校毕业生报考，请在备注栏中注明本人具有应届高校毕业生身份；3.要求本科学历大学英语四级成绩在425分及以上（雅思成绩在6分及以上、托福成绩在80分及以上、取得英语专业四级或专业八级合格证书亦可），请在外语水平栏注明已获得的英语等级证书及成绩。"",""部门网站"":""http://www.nfra.gov.cn"",""咨询电话1"":""0371-69332008"",""咨询电话2"":""0371-69332927"",""咨询电话3"":"""",""来源Sheet"":""中央国家行政机关省级以下直属机构""}}"
"government_jobs","国家公务员2026招考简章","公务员/事业单位技术岗位","河南省驻马店市遂平县","2026-07-28T09:12:58.310295+00:00","科技部门一级主任科员及以下","国家金融监督管理总局河南监管局","","河南省驻马店市遂平县","公务员/事业单位;2026;computer_software;仅限本科;学士;计算机类（不含物联网工程、数字媒体技术、空间信息与数字技术、新媒体技术、电影制作）;市（地）级及以下直属机构综合管理类","用人司局：国家金融监督管理总局遂平监管支局
职位简介：主要从事金融信息科技风险监管、电子设备软硬件管理及信息系统运行维护等工作
专业要求：计算机类（不含物联网工程、数字媒体技术、空间信息与数字技术、新媒体技术、电影制作）
学历要求：仅限本科
学位要求：学士
政治面貌：不限
基层工作经历：无限制
考试类别：市（地）级及以下直属机构综合管理类
备注：1.报名时请在专业栏中同时填写专业名称和专业代码；2.限应届高校毕业生报考，请在备注栏中注明本人具有应届高校毕业生身份。","http://bm.scs.gov.cn/kl2026#132116-300147602001","2025-10-14","{""dataset_year"":2026,""job_uid"":""GOV-2026-132116-300147602001"",""publisher"":""国家公务员局"",""publication_page"":""http://bm.scs.gov.cn/kl2026"",""attachment_url"":""local://2026_guokao_zhaokaojianzhang.zip"",""local_source_file"":""中央机关及其直属机构2026年度考试录用公务员招考简章.xls"",""local_source_sha256"":""2670bae1df1dd07a3a3c79b9db46a11e3bb15a6c9c249e6af98bfd0b61ce3aaf"",""source_sheet"":""中央国家行政机关省级以下直属机构"",""filter_version"":""government_tech_v2"",""tech_filter"":{""is_tech"":true,""is_core_tech"":true,""scope"":""core"",""categories"":[""computer_software""],""matched_fields"":[""major"",""description""],""major_terms"":[""数字媒体技术"",""物联网工程"",""空间信息与数字技术"",""计算机类""],""role_terms"":[""信息科技"",""信息系统"",""软硬件""],""reason"":""tech_major_and_role""},""original"":{""部门代码"":""132116"",""部门名称"":""国家金融监督管理总局河南监管局"",""用人司局"":""国家金融监督管理总局遂平监管支局"",""机构性质"":""中央国家行政机关省级以下直属机构"",""招考职位"":""科技部门一级主任科员及以下"",""职位属性"":""金融监管计算机类职位"",""职位分布"":""其他职位"",""职位简介"":""主要从事金融信息科技风险监管、电子设备软硬件管理及信息系统运行维护等工作"",""职位代码"":""300147602001"",""机构层级"":""县（区）级及以下"",""考试类别"":""市（地）级及以下直属机构综合管理类"",""招考人数"":""1"",""专业"":""计算机类（不含物联网工程、数字媒体技术、空间信息与数字技术、新媒体技术、电影制作）"",""学历"":""仅限本科"",""学位"":""学士"",""政治面貌"":""不限"",""基层工作最低年限"":""无限制"",""服务基层项目工作经历"":""无限制"",""是否在面试阶段组织专业能力测试"":""否"",""面试人员比例"":""3:1"",""工作地点"":""河南省驻马店市遂平县"",""落户地点"":""河南省驻马店市遂平县"",""备注"":""1.报名时请在专业栏中同时填写专业名称和专业代码；2.限应届高校毕业生报考，请在备注栏中注明本人具有应届高校毕业生身份。"",""部门网站"":""http://www.nfra.gov.cn"",""咨询电话1"":""0371-69332008"",""咨询电话2"":""0371-69332927"",""咨询电话3"":"""",""来源Sheet"":""中央国家行政机关省级以下直属机构""}}"
"government_jobs","国家公务员2026招考简章","公务员/事业单位技术岗位","河南省驻马店市西平县","2026-07-28T09:12:58.310295+00:00","科技部门一级主任科员及以下","国家金融监督管理总局河南监管局","","河南省驻马店市西平县","公务员/事业单位;2026;computer_software;仅限本科;学士;计算机类（不含物联网工程、数字媒体技术、空间信息与数字技术、新媒体技术、电影制作）;市（地）级及以下直属机构综合管理类","用人司局：国家金融监督管理总局西平监管支局
职位简介：主要从事金融信息科技风险监管、电子设备软硬件管理及信息系统运行维护等工作
专业要求：计算机类（不含物联网工程、数字媒体技术、空间信息与数字技术、新媒体技术、电影制作）
学历要求：仅限本科
学位要求：学士
政治面貌：不限
基层工作经历：无限制
考试类别：市（地）级及以下直属机构综合管理类
备注：1.报名时请在专业栏中同时填写专业名称和专业代码；2.限应届高校毕业生报考，请在备注栏中注明本人具有应届高校毕业生身份。","http://bm.scs.gov.cn/kl2026#132116-300147603001","2025-10-14","{""dataset_year"":2026,""job_uid"":""GOV-2026-132116-300147603001"",""publisher"":""国家公务员局"",""publication_page"":""http://bm.scs.gov.cn/kl2026"",""attachment_url"":""local://2026_guokao_zhaokaojianzhang.zip"",""local_source_file"":""中央机关及其直属机构2026年度考试录用公务员招考简章.xls"",""local_source_sha256"":""2670bae1df1dd07a3a3c79b9db46a11e3bb15a6c9c249e6af98bfd0b61ce3aaf"",""source_sheet"":""中央国家行政机关省级以下直属机构"",""filter_version"":""government_tech_v2"",""tech_filter"":{""is_tech"":true,""is_core_tech"":true,""scope"":""core"",""categories"":[""computer_software""],""matched_fields"":[""major"",""description""],""major_terms"":[""数字媒体技术"",""物联网工程"",""空间信息与数字技术"",""计算机类""],""role_terms"":[""信息科技"",""信息系统"",""软硬件""],""reason"":""tech_major_and_role""},""original"":{""部门代码"":""132116"",""部门名称"":""国家金融监督管理总局河南监管局"",""用人司局"":""国家金融监督管理总局西平监管支局"",""机构性质"":""中央国家行政机关省级以下直属机构"",""招考职位"":""科技部门一级主任科员及以下"",""职位属性"":""金融监管计算机类职位"",""职位分布"":""其他职位"",""职位简介"":""主要从事金融信息科技风险监管、电子设备软硬件管理及信息系统运行维护等工作"",""职位代码"":""300147603001"",""机构层级"":""县（区）级及以下"",""考试类别"":""市（地）级及以下直属机构综合管理类"",""招考人数"":""1"",""专业"":""计算机类（不含物联网工程、数字媒体技术、空间信息与数字技术、新媒体技术、电影制作）"",""学历"":""仅限本科"",""学位"":""学士"",""政治面貌"":""不限"",""基层工作最低年限"":""无限制"",""服务基层项目工作经历"":""无限制"",""是否在面试阶段组织专业能力测试"":""否"",""面试人员比例"":""3:1"",""工作地点"":""河南省驻马店市西平县"",""落户地点"":""河南省驻马店市西平县"",""备注"":""1.报名时请在专业栏中同时填写专业名称和专业代码；2.限应届高校毕业生报考，请在备注栏中注明本人具有应届高校毕业生身份。"",""部门网站"":""http://www.nfra.gov.cn"",""咨询电话1"":""0371-69332008"",""咨询电话2"":""0371-69332927"",""咨询电话3"":"""",""来源Sheet"":""中央国家行政机关省级以下直属机构""}}"
"government_jobs","国家公务员2026招考简章","公务员/事业单位技术岗位","河南省驻马店市汝南县","2026-07-28T09:12:58.310295+00:00","科技部门一级主任科员及以下","国家金融监督管理总局河南监管局","","河南省驻马店市汝南县","公务员/事业单位;2026;computer_software;仅限本科;学士;计算机类（不含物联网工程、数字媒体技术、空间信息与数字技术、新媒体技术、电影制作）;市（地）级及以下直属机构综合管理类","用人司局：国家金融监督管理总局汝南监管支局
职位简介：主要从事金融信息科技风险监管、电子设备软硬件管理及信息系统运行维护等工作
专业要求：计算机类（不含物联网工程、数字媒体技术、空间信息与数字技术、新媒体技术、电影制作）
学历要求：仅限本科
学位要求：学士
政治面貌：不限
基层工作经历：无限制
考试类别：市（地）级及以下直属机构综合管理类
备注：1.报名时请在专业栏中同时填写专业名称和专业代码；2.限应届高校毕业生报考，请在备注栏中注明本人具有应届高校毕业生身份。","http://bm.scs.gov.cn/kl2026#132116-300147604001","2025-10-14","{""dataset_year"":2026,""job_uid"":""GOV-2026-132116-300147604001"",""publisher"":""国家公务员局"",""publication_page"":""http://bm.scs.gov.cn/kl2026"",""attachment_url"":""local://2026_guokao_zhaokaojianzhang.zip"",""local_source_file"":""中央机关及其直属机构2026年度考试录用公务员招考简章.xls"",""local_source_sha256"":""2670bae1df1dd07a3a3c79b9db46a11e3bb15a6c9c249e6af98bfd0b61ce3aaf"",""source_sheet"":""中央国家行政机关省级以下直属机构"",""filter_version"":""government_tech_v2"",""tech_filter"":{""is_tech"":true,""is_core_tech"":true,""scope"":""core"",""categories"":[""computer_software""],""matched_fields"":[""major"",""description""],""major_terms"":[""数字媒体技术"",""物联网工程"",""空间信息与数字技术"",""计算机类""],""role_terms"":[""信息科技"",""信息系统"",""软硬件""],""reason"":""tech_major_and_role""},""original"":{""部门代码"":""132116"",""部门名称"":""国家金融监督管理总局河南监管局"",""用人司局"":""国家金融监督管理总局汝南监管支局"",""机构性质"":""中央国家行政机关省级以下直属机构"",""招考职位"":""科技部门一级主任科员及以下"",""职位属性"":""金融监管计算机类职位"",""职位分布"":""其他职位"",""职位简介"":""主要从事金融信息科技风险监管、电子设备软硬件管理及信息系统运行维护等工作"",""职位代码"":""300147604001"",""机构层级"":""县（区）级及以下"",""考试类别"":""市（地）级及以下直属机构综合管理类"",""招考人数"":""1"",""专业"":""计算机类（不含物联网工程、数字媒体技术、空间信息与数字技术、新媒体技术、电影制作）"",""学历"":""仅限本科"",""学位"":""学士"",""政治面貌"":""不限"",""基层工作最低年限"":""无限制"",""服务基层项目工作经历"":""无限制"",""是否在面试阶段组织专业能力测试"":""否"",""面试人员比例"":""3:1"",""工作地点"":""河南省驻马店市汝南县"",""落户地点"":""河南省驻马店市汝南县"",""备注"":""1.报名时请在专业栏中同时填写专业名称和专业代码；2.限应届高校毕业生报考，请在备注栏中注明本人具有应届高校毕业生身份。"",""部门网站"":""http://www.nfra.gov.cn"",""咨询电话1"":""0371-69332008"",""咨询电话2"":""0371-69332927"",""咨询电话3"":"""",""来源Sheet"":""中央国家行政机关省级以下直属机构""}}"
"government_jobs","国家公务员2026招考简章","公务员/事业单位技术岗位","河南省驻马店市平舆县","2026-07-28T09:12:58.310295+00:00","科技部门一级主任科员及以下","国家金融监督管理总局河南监管局","","河南省驻马店市平舆县","公务员/事业单位;2026;computer_software;仅限本科;学士;计算机类（不含物联网工程、数字媒体技术、空间信息与数字技术、新媒体技术、电影制作）;市（地）级及以下直属机构综合管理类","用人司局：国家金融监督管理总局平舆监管支局
职位简介：主要从事金融信息科技风险监管、电子设备软硬件管理及信息系统运行维护等工作
专业要求：计算机类（不含物联网工程、数字媒体技术、空间信息与数字技术、新媒体技术、电影制作）
学历要求：仅限本科
学位要求：学士
政治面貌：不限
基层工作经历：无限制
考试类别：市（地）级及以下直属机构综合管理类
备注：1.报名时请在专业栏中同时填写专业名称和专业代码；2.限应届高校毕业生报考，请在备注栏中注明本人具有应届高校毕业生身份。","http://bm.scs.gov.cn/kl2026#132116-300147605001","2025-10-14","{""dataset_year"":2026,""job_uid"":""GOV-2026-132116-300147605001"",""publisher"":""国家公务员局"",""publication_page"":""http://bm.scs.gov.cn/kl2026"",""attachment_url"":""local://2026_guokao_zhaokaojianzhang.zip"",""local_source_file"":""中央机关及其直属机构2026年度考试录用公务员招考简章.xls"",""local_source_sha256"":""2670bae1df1dd07a3a3c79b9db46a11e3bb15a6c9c249e6af98bfd0b61ce3aaf"",""source_sheet"":""中央国家行政机关省级以下直属机构"",""filter_version"":""government_tech_v2"",""tech_filter"":{""is_tech"":true,""is_core_tech"":true,""scope"":""core"",""categories"":[""computer_software""],""matched_fields"":[""major"",""description""],""major_terms"":[""数字媒体技术"",""物联网工程"",""空间信息与数字技术"",""计算机类""],""role_terms"":[""信息科技"",""信息系统"",""软硬件""],""reason"":""tech_major_and_role""},""original"":{""部门代码"":""132116"",""部门名称"":""国家金融监督管理总局河南监管局"",""用人司局"":""国家金融监督管理总局平舆监管支局"",""机构性质"":""中央国家行政机关省级以下直属机构"",""招考职位"":""科技部门一级主任科员及以下"",""职位属性"":""金融监管计算机类职位"",""职位分布"":""其他职位"",""职位简介"":""主要从事金融信息科技风险监管、电子设备软硬件管理及信息系统运行维护等工作"",""职位代码"":""300147605001"",""机构层级"":""县（区）级及以下"",""考试类别"":""市（地）级及以下直属机构综合管理类"",""招考人数"":""1"",""专业"":""计算机类（不含物联网工程、数字媒体技术、空间信息与数字技术、新媒体技术、电影制作）"",""学历"":""仅限本科"",""学位"":""学士"",""政治面貌"":""不限"",""基层工作最低年限"":""无限制"",""服务基层项目工作经历"":""无限制"",""是否在面试阶段组织专业能力测试"":""否"",""面试人员比例"":""3:1"",""工作地点"":""河南省驻马店市平舆县"",""落户地点"":""河南省驻马店市平舆县"",""备注"":""1.报名时请在专业栏中同时填写专业名称和专业代码；2.限应届高校毕业生报考，请在备注栏中注明本人具有应届高校毕业生身份。"",""部门网站"":""http://www.nfra.gov.cn"",""咨询电话1"":""0371-69332008"",""咨询电话2"":""0371-69332927"",""咨询电话3"":"""",""来源Sheet"":""中央国家行政机关省级以下直属机构""}}"
"government_jobs","国家公务员2026招考简章","公务员/事业单位技术岗位","河南省驻马店市正阳县","2026-07-28T09:12:58.310295+00:00","科技部门一级主任科员及以下","国家金融监督管理总局河南监管局","","河南省驻马店市正阳县","公务员/事业单位;2026;computer_software;仅限本科;学士;计算机类（不含物联网工程、数字媒体技术、空间信息与数字技术、新媒体技术、电影制作）;市（地）级及以下直属机构综合管理类","用人司局：国家金融监督管理总局正阳监管支局
职位简介：主要从事金融信息科技风险监管、电子设备软硬件管理及信息系统运行维护等工作
专业要求：计算机类（不含物联网工程、数字媒体技术、空间信息与数字技术、新媒体技术、电影制作）
学历要求：仅限本科
学位要求：学士
政治面貌：不限
基层工作经历：无限制
考试类别：市（地）级及以下直属机构综合管理类
备注：1.报名时请在专业栏中同时填写专业名称和专业代码；2.限应届高校毕业生报考，请在备注栏中注明本人具有应届高校毕业生身份。","http://bm.scs.gov.cn/kl2026#132116-300147606001","2025-10-14","{""dataset_year"":2026,""job_uid"":""GOV-2026-132116-300147606001"",""publisher"":""国家公务员局"",""publication_page"":""http://bm.scs.gov.cn/kl2026"",""attachment_url"":""local://2026_guokao_zhaokaojianzhang.zip"",""local_source_file"":""中央机关及其直属机构2026年度考试录用公务员招考简章.xls"",""local_source_sha256"":""2670bae1df1dd07a3a3c79b9db46a11e3bb15a6c9c249e6af98bfd0b61ce3aaf"",""source_sheet"":""中央国家行政机关省级以下直属机构"",""filter_version"":""government_tech_v2"",""tech_filter"":{""is_tech"":true,""is_core_tech"":true,""scope"":""core"",""categories"":[""computer_software""],""matched_fields"":[""major"",""description""],""major_terms"":[""数字媒体技术"",""物联网工程"",""空间信息与数字技术"",""计算机类""],""role_terms"":[""信息科技"",""信息系统"",""软硬件""],""reason"":""tech_major_and_role""},""original"":{""部门代码"":""132116"",""部门名称"":""国家金融监督管理总局河南监管局"",""用人司局"":""国家金融监督管理总局正阳监管支局"",""机构性质"":""中央国家行政机关省级以下直属机构"",""招考职位"":""科技部门一级主任科员及以下"",""职位属性"":""金融监管计算机类职位"",""职位分布"":""其他职位"",""职位简介"":""主要从事金融信息科技风险监管、电子设备软硬件管理及信息系统运行维护等工作"",""职位代码"":""300147606001"",""机构层级"":""县（区）级及以下"",""考试类别"":""市（地）级及以下直属机构综合管理类"",""招考人数"":""1"",""专业"":""计算机类（不含物联网工程、数字媒体技术、空间信息与数字技术、新媒体技术、电影制作）"",""学历"":""仅限本科"",""学位"":""学士"",""政治面貌"":""不限"",""基层工作最低年限"":""无限制"",""服务基层项目工作经历"":""无限制"",""是否在面试阶段组织专业能力测试"":""否"",""面试人员比例"":""3:1"",""工作地点"":""河南省驻马店市正阳县"",""落户地点"":""河南省驻马店市正阳县"",""备注"":""1.报名时请在专业栏中同时填写专业名称和专业代码；2.限应届高校毕业生报考，请在备注栏中注明本人具有应届高校毕业生身份。"",""部门网站"":""http://www.nfra.gov.cn"",""咨询电话1"":""0371-69332008"",""咨询电话2"":""0371-69332927"",""咨询电话3"":"""",""来源Sheet"":""中央国家行政机关省级以下直属机构""}}"
"government_jobs","国家公务员2026招考简章","公务员/事业单位技术岗位","河南省驻马店市确山县","2026-07-28T09:12:58.310295+00:00","科技部门一级主任科员及以下","国家金融监督管理总局河南监管局","","河南省驻马店市确山县","公务员/事业单位;2026;computer_software;仅限本科;学士;计算机类（不含物联网工程、数字媒体技术、空间信息与数字技术、新媒体技术、电影制作）;市（地）级及以下直属机构综合管理类","用人司局：国家金融监督管理总局确山监管支局
职位简介：主要从事金融信息科技风险监管、电子设备软硬件管理及信息系统运行维护等工作
专业要求：计算机类（不含物联网工程、数字媒体技术、空间信息与数字技术、新媒体技术、电影制作）
学历要求：仅限本科
学位要求：学士
政治面貌：不限
基层工作经历：无限制
考试类别：市（地）级及以下直属机构综合管理类
备注：1.报名时请在专业栏中同时填写专业名称和专业代码；2.限应届高校毕业生报考，请在备注栏中注明本人具有应届高校毕业生身份。","http://bm.scs.gov.cn/kl2026#132116-300147607001","2025-10-14","{""dataset_year"":2026,""job_uid"":""GOV-2026-132116-300147607001"",""publisher"":""国家公务员局"",""publication_page"":""http://bm.scs.gov.cn/kl2026"",""attachment_url"":""local://2026_guokao_zhaokaojianzhang.zip"",""local_source_file"":""中央机关及其直属机构2026年度考试录用公务员招考简章.xls"",""local_source_sha256"":""2670bae1df1dd07a3a3c79b9db46a11e3bb15a6c9c249e6af98bfd0b61ce3aaf"",""source_sheet"":""中央国家行政机关省级以下直属机构"",""filter_version"":""government_tech_v2"",""tech_filter"":{""is_tech"":true,""is_core_tech"":true,""scope"":""core"",""categories"":[""computer_software""],""matched_fields"":[""major"",""description""],""major_terms"":[""数字媒体技术"",""物联网工程"",""空间信息与数字技术"",""计算机类""],""role_terms"":[""信息科技"",""信息系统"",""软硬件""],""reason"":""tech_major_and_role""},""original"":{""部门代码"":""132116"",""部门名称"":""国家金融监督管理总局河南监管局"",""用人司局"":""国家金融监督管理总局确山监管支局"",""机构性质"":""中央国家行政机关省级以下直属机构"",""招考职位"":""科技部门一级主任科员及以下"",""职位属性"":""金融监管计算机类职位"",""职位分布"":""其他职位"",""职位简介"":""主要从事金融信息科技风险监管、电子设备软硬件管理及信息系统运行维护等工作"",""职位代码"":""300147607001"",""机构层级"":""县（区）级及以下"",""考试类别"":""市（地）级及以下直属机构综合管理类"",""招考人数"":""1"",""专业"":""计算机类（不含物联网工程、数字媒体技术、空间信息与数字技术、新媒体技术、电影制作）"",""学历"":""仅限本科"",""学位"":""学士"",""政治面貌"":""不限"",""基层工作最低年限"":""无限制"",""服务基层项目工作经历"":""无限制"",""是否在面试阶段组织专业能力测试"":""否"",""面试人员比例"":""3:1"",""工作地点"":""河南省驻马店市确山县"",""落户地点"":""河南省驻马店市确山县"",""备注"":""1.报名时请在专业栏中同时填写专业名称和专业代码；2.限应届高校毕业生报考，请在备注栏中注明本人具有应届高校毕业生身份。"",""部门网站"":""http://www.nfra.gov.cn"",""咨询电话1"":""0371-69332008"",""咨询电话2"":""0371-69332927"",""咨询电话3"":"""",""来源Sheet"":""中央国家行政机关省级以下直属机构""}}"
"government_jobs","国家公务员2026招考简章","公务员/事业单位技术岗位","河南省驻马店市泌阳县","2026-07-28T09:12:58.310295+00:00","科技部门一级主任科员及以下","国家金融监督管理总局河南监管局","","河南省驻马店市泌阳县","公务员/事业单位;2026;computer_software;仅限本科;学士;计算机类（不含物联网工程、数字媒体技术、空间信息与数字技术、新媒体技术、电影制作）;市（地）级及以下直属机构综合管理类","用人司局：国家金融监督管理总局泌阳监管支局
职位简介：主要从事金融信息科技风险监管、电子设备软硬件管理及信息系统运行维护等工作
专业要求：计算机类（不含物联网工程、数字媒体技术、空间信息与数字技术、新媒体技术、电影制作）
学历要求：仅限本科
学位要求：学士
政治面貌：不限
基层工作经历：二年
考试类别：市（地）级及以下直属机构综合管理类
备注：1.报名时请在专业栏中同时填写专业名称和专业代码；2.限大学生村官、农村义务教育阶段学校教师特设岗位计划、“三支一扶”计划、大学生志愿服务西部计划人员、在军队服役5年（含）以上的高校毕业生退役士兵报考，请在简历栏中注明服务基层项目相关工作经历。","http://bm.scs.gov.cn/kl2026#132116-300147608001","2025-10-14","{""dataset_year"":2026,""job_uid"":""GOV-2026-132116-300147608001"",""publisher"":""国家公务员局"",""publication_page"":""http://bm.scs.gov.cn/kl2026"",""attachment_url"":""local://2026_guokao_zhaokaojianzhang.zip"",""local_source_file"":""中央机关及其直属机构2026年度考试录用公务员招考简章.xls"",""local_source_sha256"":""2670bae1df1dd07a3a3c79b9db46a11e3bb15a6c9c249e6af98bfd0b61ce3aaf"",""source_sheet"":""中央国家行政机关省级以下直属机构"",""filter_version"":""government_tech_v2"",""tech_filter"":{""is_tech"":true,""is_core_tech"":true,""scope"":""core"",""categories"":[""computer_software""],""matched_fields"":[""major"",""description""],""major_terms"":[""数字媒体技术"",""物联网工程"",""空间信息与数字技术"",""计算机类""],""role_terms"":[""信息科技"",""信息系统"",""软硬件""],""reason"":""tech_major_and_role""},""original"":{""部门代码"":""132116"",""部门名称"":""国家金融监督管理总局河南监管局"",""用人司局"":""国家金融监督管理总局泌阳监管支局"",""机构性质"":""中央国家行政机关省级以下直属机构"",""招考职位"":""科技部门一级主任科员及以下"",""职位属性"":""金融监管计算机类职位"",""职位分布"":""其他职位"",""职位简介"":""主要从事金融信息科技风险监管、电子设备软硬件管理及信息系统运行维护等工作"",""职位代码"":""300147608001"",""机构层级"":""县（区）级及以下"",""考试类别"":""市（地）级及以下直属机构综合管理类"",""招考人数"":""1"",""专业"":""计算机类（不含物联网工程、数字媒体技术、空间信息与数字技术、新媒体技术、电影制作）"",""学历"":""仅限本科"",""学位"":""学士"",""政治面貌"":""不限"",""基层工作最低年限"":""二年"",""服务基层项目工作经历"":""大学生村官、农村义务教育阶段学校教师特设岗位计划、“三支一扶”计划、大学生志愿服务西部计划、在军队服役5年（含）以上的高校毕业生退役士兵"",""是否在面试阶段组织专业能力测试"":""否"",""面试人员比例"":""3:1"",""工作地点"":""河南省驻马店市泌阳县"",""落户地点"":""河南省驻马店市泌阳县"",""备注"":""1.报名时请在专业栏中同时填写专业名称和专业代码；2.限大学生村官、农村义务教育阶段学校教师特设岗位计划、“三支一扶”计划、大学生志愿服务西部计划人员、在军队服役5年（含）以上的高校毕业生退役士兵报考，请在简历栏中注明服务基层项目相关工作经历。"",""部门网站"":""http://www.nfra.gov.cn"",""咨询电话1"":""0371-69332008"",""咨询电话2"":""0371-69332927"",""咨询电话3"":"""",""来源Sheet"":""中央国家行政机关省级以下直属机构""}}"
"government_jobs","国家公务员2026招考简章","公务员/事业单位技术岗位","湖北省武汉市","2026-07-28T09:12:58.310295+00:00","统计信息部门一级主任科员及以下","国家金融监督管理总局湖北监管局","","湖北省武汉市","公务员/事业单位;2026;computer_software;cybersecurity_cryptography;data_ai;硕士研究生及以上;与最高学历相对应的学位;计算机科学与技术（专业代码0812）、软件工程（专业代码0835）、网络空间安全（专业代码0839）;中央机关及其省级直属机构综合管理类","用人司局：国家金融监督管理总局湖北监管局
职位简介：主要从事金融监管数据统计分析工作。
专业要求：计算机科学与技术（专业代码0812）、软件工程（专业代码0835）、网络空间安全（专业代码0839）
学历要求：硕士研究生及以上
学位要求：与最高学历相对应的学位
政治面貌：不限
基层工作经历：二年
考试类别：中央机关及其省级直属机构综合管理类
备注：1.报名时请在专业栏中同时填写专业名称和专业代码；2.大学英语六级成绩在425分及以上（雅思成绩在6.5分及以上、托福成绩在90分及以上、取得英语专业四级或专业八级合格证书亦可），请在外语水平栏注明已获得的英语等级证书及成绩。","http://bm.scs.gov.cn/kl2026#132117-300147609001","2025-10-14","{""dataset_year"":2026,""job_uid"":""GOV-2026-132117-300147609001"",""publisher"":""国家公务员局"",""publication_page"":""http://bm.scs.gov.cn/kl2026"",""attachment_url"":""local://2026_guokao_zhaokaojianzhang.zip"",""local_source_file"":""中央机关及其直属机构2026年度考试录用公务员招考简章.xls"",""local_source_sha256"":""2670bae1df1dd07a3a3c79b9db46a11e3bb15a6c9c249e6af98bfd0b61ce3aaf"",""source_sheet"":""中央国家行政机关省级以下直属机构"",""filter_version"":""government_tech_v2"",""tech_filter"":{""is_tech"":true,""is_core_tech"":true,""scope"":""core"",""categories"":[""computer_software"",""cybersecurity_cryptography"",""data_ai""],""matched_fields"":[""major"",""description""],""major_terms"":[""网络空间安全"",""计算机科学与技术"",""软件工程""],""role_terms"":[""数据统计分析""],""reason"":""tech_major_and_role""},""original"":{""部门代码"":""132117"",""部门名称"":""国家金融监督管理总局湖北监管局"",""用人司局"":""国家金融监督管理总局湖北监管局"",""机构性质"":""中央国家行政机关省级以下直属机构"",""招考职位"":""统计信息部门一级主任科员及以下"",""职位属性"":""金融监管计算机类职位"",""职位分布"":""其他职位"",""职位简介"":""主要从事金融监管数据统计分析工作。"",""职位代码"":""300147609001"",""机构层级"":""省（副省）级"",""考试类别"":""中央机关及其省级直属机构综合管理类"",""招考人数"":""1"",""专业"":""计算机科学与技术（专业代码0812）、软件工程（专业代码0835）、网络空间安全（专业代码0839）"",""学历"":""硕士研究生及以上"",""学位"":""与最高学历相对应的学位"",""政治面貌"":""不限"",""基层工作最低年限"":""二年"",""服务基层项目工作经历"":""无限制"",""是否在面试阶段组织专业能力测试"":""否"",""面试人员比例"":""4:1"",""工作地点"":""湖北省武汉市"",""落户地点"":""湖北省武汉市"",""备注"":""1.报名时请在专业栏中同时填写专业名称和专业代码；2.大学英语六级成绩在425分及以上（雅思成绩在6.5分及以上、托福成绩在90分及以上、取得英语专业四级或专业八级合格证书亦可），请在外语水平栏注明已获得的英语等级证书及成绩。"",""部门网站"":""www.nfra.gov.cn"",""咨询电话1"":""027-87050052"",""咨询电话2"":""027-65399210"",""咨询电话3"":"""",""来源Sheet"":""中央国家行政机关省级以下直属机构""}}"
"government_jobs","国家公务员2026招考简章","公务员/事业单位技术岗位","湖北省宜昌市","2026-07-28T09:12:58.310295+00:00","统计信息部门一级主任科员及以下","国家金融监督管理总局湖北监管局","","湖北省宜昌市","公务员/事业单位;2026;computer_software;cybersecurity_cryptography;data_ai;本科及以上;与最高学历相对应的学位;本科：计算机类（专业代码0809）； 研究生：计算机科学与技术（专业代码0812）、软件工程（专业代码0835）、网络空间安全（专业代码0839）;市（地）级及以下直属机构综合管理类","用人司局：国家金融监督管理总局宜昌监管分局
职位简介：主要从事金融监管数据统计分析工作。
专业要求：本科：计算机类（专业代码0809）； 研究生：计算机科学与技术（专业代码0812）、软件工程（专业代码0835）、网络空间安全（专业代码0839）
学历要求：本科及以上
学位要求：与最高学历相对应的学位
政治面貌：不限
基层工作经历：无限制
考试类别：市（地）级及以下直属机构综合管理类
备注：1.报名时请在专业栏中同时填写专业名称和专业代码；2.限应届高校毕业生报考，请在备注栏中注明本人具有应届高校毕业生身份；3.大学英语四级成绩在425分及以上（雅思成绩在6分及以上、托福成绩在80分及以上、取得英语专业四级或专业八级合格证书亦可），请在外语水平栏注明已获得的英语等级证书及成绩。","http://bm.scs.gov.cn/kl2026#132117-300147610001","2025-10-14","{""dataset_year"":2026,""job_uid"":""GOV-2026-132117-300147610001"",""publisher"":""国家公务员局"",""publication_page"":""http://bm.scs.gov.cn/kl2026"",""attachment_url"":""local://2026_guokao_zhaokaojianzhang.zip"",""local_source_file"":""中央机关及其直属机构2026年度考试录用公务员招考简章.xls"",""local_source_sha256"":""2670bae1df1dd07a3a3c79b9db46a11e3bb15a6c9c249e6af98bfd0b61ce3aaf"",""source_sheet"":""中央国家行政机关省级以下直属机构"",""filter_version"":""government_tech_v2"",""tech_filter"":{""is_tech"":true,""is_core_tech"":true,""scope"":""core"",""categories"":[""computer_software"",""cybersecurity_cryptography"",""data_ai""],""matched_fields"":[""major"",""description""],""major_terms"":[""网络空间安全"",""计算机科学与技术"",""计算机类"",""软件工程""],""role_terms"":[""数据统计分析""],""reason"":""tech_major_and_role""},""original"":{""部门代码"":""132117"",""部门名称"":""国家金融监督管理总局湖北监管局"",""用人司局"":""国家金融监督管理总局宜昌监管分局"",""机构性质"":""中央国家行政机关省级以下直属机构"",""招考职位"":""统计信息部门一级主任科员及以下"",""职位属性"":""金融监管计算机类职位"",""职位分布"":""其他职位"",""职位简介"":""主要从事金融监管数据统计分析工作。"",""职位代码"":""300147610001"",""机构层级"":""市（地）级"",""考试类别"":""市（地）级及以下直属机构综合管理类"",""招考人数"":""1"",""专业"":""本科：计算机类（专业代码0809）； 研究生：计算机科学与技术（专业代码0812）、软件工程（专业代码0835）、网络空间安全（专业代码0839）"",""学历"":""本科及以上"",""学位"":""与最高学历相对应的学位"",""政治面貌"":""不限"",""基层工作最低年限"":""无限制"",""服务基层项目工作经历"":""无限制"",""是否在面试阶段组织专业能力测试"":""否"",""面试人员比例"":""3:1"",""工作地点"":""湖北省宜昌市"",""落户地点"":""湖北省宜昌市"",""备注"":""1.报名时请在专业栏中同时填写专业名称和专业代码；2.限应届高校毕业生报考，请在备注栏中注明本人具有应届高校毕业生身份；3.大学英语四级成绩在425分及以上（雅思成绩在6分及以上、托福成绩在80分及以上、取得英语专业四级或专业八级合格证书亦可），请在外语水平栏注明已获得的英语等级证书及成绩。"",""部门网站"":""www.nfra.gov.cn"",""咨询电话1"":""027-87050052"",""咨询电话2"":""027-65399210"",""咨询电话3"":"""",""来源Sheet"":""中央国家行政机关省级以下直属机构""}}"
"government_jobs","国家公务员2026招考简章","公务员/事业单位技术岗位","湖北省鄂州市","2026-07-28T09:12:58.310295+00:00","科技部门一级主任科员及以下","国家金融监督管理总局湖北监管局","","湖北省鄂州市","公务员/事业单位;2026;computer_software;cybersecurity_cryptography;本科及以上;与最高学历相对应的学位;本科：计算机类（专业代码0809）； 研究生：计算机科学与技术（专业代码0812）、软件工程（专业代码0835）、网络空间安全（专业代码0839）;市（地）级及以下直属机构综合管理类","用人司局：国家金融监督管理总局鄂州监管分局
职位简介：主要从事金融信息科技风险监管、电子设备软硬件管理及信息系统运行维护等工作。
专业要求：本科：计算机类（专业代码0809）； 研究生：计算机科学与技术（专业代码0812）、软件工程（专业代码0835）、网络空间安全（专业代码0839）
学历要求：本科及以上
学位要求：与最高学历相对应的学位
政治面貌：不限
基层工作经历：无限制
考试类别：市（地）级及以下直属机构综合管理类
备注：1.报名时请在专业栏中同时填写专业名称和专业代码；2.限应届高校毕业生报考，请在备注栏中注明本人具有应届高校毕业生身份；3.大学英语四级成绩在425分及以上（雅思成绩在6分及以上、托福成绩在80分及以上、取得英语专业四级或专业八级合格证书亦可），请在外语水平栏注明已获得的英语等级证书及成绩。","http://bm.scs.gov.cn/kl2026#132117-300147611001","2025-10-14","{""dataset_year"":2026,""job_uid"":""GOV-2026-132117-300147611001"",""publisher"":""国家公务员局"",""publication_page"":""http://bm.scs.gov.cn/kl2026"",""attachment_url"":""local://2026_guokao_zhaokaojianzhang.zip"",""local_source_file"":""中央机关及其直属机构2026年度考试录用公务员招考简章.xls"",""local_source_sha256"":""2670bae1df1dd07a3a3c79b9db46a11e3bb15a6c9c249e6af98bfd0b61ce3aaf"",""source_sheet"":""中央国家行政机关省级以下直属机构"",""filter_version"":""government_tech_v2"",""tech_filter"":{""is_tech"":true,""is_core_tech"":true,""scope"":""core"",""categories"":[""computer_software"",""cybersecurity_cryptography""],""matched_fields"":[""major"",""description""],""major_terms"":[""网络空间安全"",""计算机科学与技术"",""计算机类"",""软件工程""],""role_terms"":[""信息科技"",""信息系统"",""软硬件""],""reason"":""tech_major_and_role""},""original"":{""部门代码"":""132117"",""部门名称"":""国家金融监督管理总局湖北监管局"",""用人司局"":""国家金融监督管理总局鄂州监管分局"",""机构性质"":""中央国家行政机关省级以下直属机构"",""招考职位"":""科技部门一级主任科员及以下"",""职位属性"":""金融监管计算机类职位"",""职位分布"":""其他职位"",""职位简介"":""主要从事金融信息科技风险监管、电子设备软硬件管理及信息系统运行维护等工作。"",""职位代码"":""300147611001"",""机构层级"":""市（地）级"",""考试类别"":""市（地）级及以下直属机构综合管理类"",""招考人数"":""1"",""专业"":""本科：计算机类（专业代码0809）； 研究生：计算机科学与技术（专业代码0812）、软件工程（专业代码0835）、网络空间安全（专业代码0839）"",""学历"":""本科及以上"",""学位"":""与最高学历相对应的学位"",""政治面貌"":""不限"",""基层工作最低年限"":""无限制"",""服务基层项目工作经历"":""无限制"",""是否在面试阶段组织专业能力测试"":""否"",""面试人员比例"":""3:1"",""工作地点"":""湖北省鄂州市"",""落户地点"":""湖北省鄂州市"",""备注"":""1.报名时请在专业栏中同时填写专业名称和专业代码；2.限应届高校毕业生报考，请在备注栏中注明本人具有应届高校毕业生身份；3.大学英语四级成绩在425分及以上（雅思成绩在6分及以上、托福成绩在80分及以上、取得英语专业四级或专业八级合格证书亦可），请在外语水平栏注明已获得的英语等级证书及成绩。"",""部门网站"":""www.nfra.gov.cn"",""咨询电话1"":""027-87050052"",""咨询电话2"":""027-65399210"",""咨询电话3"":"""",""来源Sheet"":""中央国家行政机关省级以下直属机构""}}"
"government_jobs","国家公务员2026招考简章","公务员/事业单位技术岗位","湖北省随州市","2026-07-28T09:12:58.310295+00:00","统计信息部门一级主任科员及以下","国家金融监督管理总局湖北监管局","","湖北省随州市","公务员/事业单位;2026;computer_software;cybersecurity_cryptography;data_ai;本科及以上;与最高学历相对应的学位;本科：计算机类（专业代码0809）； 研究生：计算机科学与技术（专业代码0812）、软件工程（专业代码0835）、网络空间安全（专业代码0839）;市（地）级及以下直属机构综合管理类","用人司局：国家金融监督管理总局随州监管分局
职位简介：主要从事金融监管数据统计分析工作。
专业要求：本科：计算机类（专业代码0809）； 研究生：计算机科学与技术（专业代码0812）、软件工程（专业代码0835）、网络空间安全（专业代码0839）
学历要求：本科及以上
学位要求：与最高学历相对应的学位
政治面貌：不限
基层工作经历：无限制
考试类别：市（地）级及以下直属机构综合管理类
备注：1.报名时请在专业栏中同时填写专业名称和专业代码；2.限应届高校毕业生报考，请在备注栏中注明本人具有应届高校毕业生身份；3.大学英语四级成绩在425分及以上（雅思成绩在6分及以上、托福成绩在80分及以上、取得英语专业四级或专业八级合格证书亦可），请在外语水平栏注明已获得的英语等级证书及成绩。","http://bm.scs.gov.cn/kl2026#132117-300147613001","2025-10-14","{""dataset_year"":2026,""job_uid"":""GOV-2026-132117-300147613001"",""publisher"":""国家公务员局"",""publication_page"":""http://bm.scs.gov.cn/kl2026"",""attachment_url"":""local://2026_guokao_zhaokaojianzhang.zip"",""local_source_file"":""中央机关及其直属机构2026年度考试录用公务员招考简章.xls"",""local_source_sha256"":""2670bae1df1dd07a3a3c79b9db46a11e3bb15a6c9c249e6af98bfd0b61ce3aaf"",""source_sheet"":""中央国家行政机关省级以下直属机构"",""filter_version"":""government_tech_v2"",""tech_filter"":{""is_tech"":true,""is_core_tech"":true,""scope"":""core"",""categories"":[""computer_software"",""cybersecurity_cryptography"",""data_ai""],""matched_fields"":[""major"",""description""],""major_terms"":[""网络空间安全"",""计算机科学与技术"",""计算机类"",""软件工程""],""role_terms"":[""数据统计分析""],""reason"":""tech_major_and_role""},""original"":{""部门代码"":""132117"",""部门名称"":""国家金融监督管理总局湖北监管局"",""用人司局"":""国家金融监督管理总局随州监管分局"",""机构性质"":""中央国家行政机关省级以下直属机构"",""招考职位"":""统计信息部门一级主任科员及以下"",""职位属性"":""金融监管计算机类职位"",""职位分布"":""其他职位"",""职位简介"":""主要从事金融监管数据统计分析工作。"",""职位代码"":""300147613001"",""机构层级"":""市（地）级"",""考试类别"":""市（地）级及以下直属机构综合管理类"",""招考人数"":""1"",""专业"":""本科：计算机类（专业代码0809）； 研究生：计算机科学与技术（专业代码0812）、软件工程（专业代码0835）、网络空间安全（专业代码0839）"",""学历"":""本科及以上"",""学位"":""与最高学历相对应的学位"",""政治面貌"":""不限"",""基层工作最低年限"":""无限制"",""服务基层项目工作经历"":""无限制"",""是否在面试阶段组织专业能力测试"":""否"",""面试人员比例"":""3:1"",""工作地点"":""湖北省随州市"",""落户地点"":""湖北省随州市"",""备注"":""1.报名时请在专业栏中同时填写专业名称和专业代码；2.限应届高校毕业生报考，请在备注栏中注明本人具有应届高校毕业生身份；3.大学英语四级成绩在425分及以上（雅思成绩在6分及以上、托福成绩在80分及以上、取得英语专业四级或专业八级合格证书亦可），请在外语水平栏注明已获得的英语等级证书及成绩。"",""部门网站"":""www.nfra.gov.cn"",""咨询电话1"":""027-87050052"",""咨询电话2"":""027-65399210"",""咨询电话3"":"""",""来源Sheet"":""中央国家行政机关省级以下直属机构""}}"
"government_jobs","国家公务员2026招考简章","公务员/事业单位技术岗位","湖北省荆州市公安县","2026-07-28T09:12:58.310295+00:00","统计信息部门一级主任科员及以下","国家金融监督管理总局湖北监管局","","湖北省荆州市公安县","公务员/事业单位;2026;computer_software;data_ai;仅限本科;学士;计算机类（专业代码0809）;市（地）级及以下直属机构综合管理类","用人司局：国家金融监督管理总局公安监管支局
职位简介：主要从事金融监管数据统计分析工作。
专业要求：计算机类（专业代码0809）
学历要求：仅限本科
学位要求：学士
政治面貌：不限
基层工作经历：无限制
考试类别：市（地）级及以下直属机构综合管理类
备注：1.报名时请在专业栏中同时填写专业名称和专业代码；2.限应届高校毕业生报考，请在备注栏中注明本人具有应届高校毕业生身份。","http://bm.scs.gov.cn/kl2026#132117-300147618001","2025-10-14","{""dataset_year"":2026,""job_uid"":""GOV-2026-132117-300147618001"",""publisher"":""国家公务员局"",""publication_page"":""http://bm.scs.gov.cn/kl2026"",""attachment_url"":""local://2026_guokao_zhaokaojianzhang.zip"",""local_source_file"":""中央机关及其直属机构2026年度考试录用公务员招考简章.xls"",""local_source_sha256"":""2670bae1df1dd07a3a3c79b9db46a11e3bb15a6c9c249e6af98bfd0b61ce3aaf"",""source_sheet"":""中央国家行政机关省级以下直属机构"",""filter_version"":""government_tech_v2"",""tech_filter"":{""is_tech"":true,""is_core_tech"":true,""scope"":""core"",""categories"":[""computer_software"",""data_ai""],""matched_fields"":[""major"",""description""],""major_terms"":[""计算机类""],""role_terms"":[""数据统计分析""],""reason"":""tech_major_and_role""},""original"":{""部门代码"":""132117"",""部门名称"":""国家金融监督管理总局湖北监管局"",""用人司局"":""国家金融监督管理总局公安监管支局"",""机构性质"":""中央国家行政机关省级以下直属机构"",""招考职位"":""统计信息部门一级主任科员及以下"",""职位属性"":""金融监管计算机类职位"",""职位分布"":""其他职位"",""职位简介"":""主要从事金融监管数据统计分析工作。"",""职位代码"":""300147618001"",""机构层级"":""县（区）级及以下"",""考试类别"":""市（地）级及以下直属机构综合管理类"",""招考人数"":""1"",""专业"":""计算机类（专业代码0809）"",""学历"":""仅限本科"",""学位"":""学士"",""政治面貌"":""不限"",""基层工作最低年限"":""无限制"",""服务基层项目工作经历"":""无限制"",""是否在面试阶段组织专业能力测试"":""否"",""面试人员比例"":""3:1"",""工作地点"":""湖北省荆州市公安县"",""落户地点"":""湖北省荆州市公安县"",""备注"":""1.报名时请在专业栏中同时填写专业名称和专业代码；2.限应届高校毕业生报考，请在备注栏中注明本人具有应届高校毕业生身份。"",""部门网站"":""www.nfra.gov.cn"",""咨询电话1"":""027-87050052"",""咨询电话2"":""027-65399210"",""咨询电话3"":"""",""来源Sheet"":""中央国家行政机关省级以下直属机构""}}"
"government_jobs","国家公务员2026招考简章","公务员/事业单位技术岗位","湖北省宜昌市兴山县","2026-07-28T09:12:58.310295+00:00","统计信息部门一级主任科员及以下","国家金融监督管理总局湖北监管局","","湖北省宜昌市兴山县","公务员/事业单位;2026;computer_software;cybersecurity_cryptography;data_ai;本科及以上;与最高学历相对应的学位;本科：计算机类（专业代码0809）； 研究生：计算机科学与技术（专业代码0812）、软件工程（专业代码0835）、网络空间安全（专业代码0839）;市（地）级及以下直属机构综合管理类","用人司局：国家金融监督管理总局兴山监管支局
职位简介：主要从事金融监管数据统计分析工作。
专业要求：本科：计算机类（专业代码0809）； 研究生：计算机科学与技术（专业代码0812）、软件工程（专业代码0835）、网络空间安全（专业代码0839）
学历要求：本科及以上
学位要求：与最高学历相对应的学位
政治面貌：不限
基层工作经历：无限制
考试类别：市（地）级及以下直属机构综合管理类
备注：1.报名时请在专业栏中同时填写专业名称和专业代码；2.限应届高校毕业生报考，请在备注栏中注明本人具有应届高校毕业生身份。","http://bm.scs.gov.cn/kl2026#132117-300147621001","2025-10-14","{""dataset_year"":2026,""job_uid"":""GOV-2026-132117-300147621001"",""publisher"":""国家公务员局"",""publication_page"":""http://bm.scs.gov.cn/kl2026"",""attachment_url"":""local://2026_guokao_zhaokaojianzhang.zip"",""local_source_file"":""中央机关及其直属机构2026年度考试录用公务员招考简章.xls"",""local_source_sha256"":""2670bae1df1dd07a3a3c79b9db46a11e3bb15a6c9c249e6af98bfd0b61ce3aaf"",""source_sheet"":""中央国家行政机关省级以下直属机构"",""filter_version"":""government_tech_v2"",""tech_filter"":{""is_tech"":true,""is_core_tech"":true,""scope"":""core"",""categories"":[""computer_software"",""cybersecurity_cryptography"",""data_ai""],""matched_fields"":[""major"",""description""],""major_terms"":[""网络空间安全"",""计算机科学与技术"",""计算机类"",""软件工程""],""role_terms"":[""数据统计分析""],""reason"":""tech_major_and_role""},""original"":{""部门代码"":""132117"",""部门名称"":""国家金融监督管理总局湖北监管局"",""用人司局"":""国家金融监督管理总局兴山监管支局"",""机构性质"":""中央国家行政机关省级以下直属机构"",""招考职位"":""统计信息部门一级主任科员及以下"",""职位属性"":""金融监管计算机类职位"",""职位分布"":""其他职位"",""职位简介"":""主要从事金融监管数据统计分析工作。"",""职位代码"":""300147621001"",""机构层级"":""县（区）级及以下"",""考试类别"":""市（地）级及以下直属机构综合管理类"",""招考人数"":""1"",""专业"":""本科：计算机类（专业代码0809）； 研究生：计算机科学与技术（专业代码0812）、软件工程（专业代码0835）、网络空间安全（专业代码0839）"",""学历"":""本科及以上"",""学位"":""与最高学历相对应的学位"",""政治面貌"":""不限"",""基层工作最低年限"":""无限制"",""服务基层项目工作经历"":""无限制"",""是否在面试阶段组织专业能力测试"":""否"",""面试人员比例"":""3:1"",""工作地点"":""湖北省宜昌市兴山县"",""落户地点"":""湖北省宜昌市兴山县"",""备注"":""1.报名时请在专业栏中同时填写专业名称和专业代码；2.限应届高校毕业生报考，请在备注栏中注明本人具有应届高校毕业生身份。"",""部门网站"":""www.nfra.gov.cn"",""咨询电话1"":""027-87050052"",""咨询电话2"":""027-65399210"",""咨询电话3"":"""",""来源Sheet"":""中央国家行政机关省级以下直属机构""}}"
"government_jobs","国家公务员2026招考简章","公务员/事业单位技术岗位","湖北省宜昌市五峰土家族自治县","2026-07-28T09:12:58.310295+00:00","统计信息部门一级主任科员及以下","国家金融监督管理总局湖北监管局","","湖北省宜昌市五峰土家族自治县","公务员/事业单位;2026;computer_software;cybersecurity_cryptography;data_ai;本科及以上;与最高学历相对应的学位;本科：计算机类（专业代码0809）； 研究生：计算机科学与技术（专业代码0812）、软件工程（专业代码0835）、网络空间安全（专业代码0839）;市（地）级及以下直属机构综合管理类","用人司局：国家金融监督管理总局五峰监管支局
职位简介：主要从事金融监管数据统计分析工作。
专业要求：本科：计算机类（专业代码0809）； 研究生：计算机科学与技术（专业代码0812）、软件工程（专业代码0835）、网络空间安全（专业代码0839）
学历要求：本科及以上
学位要求：与最高学历相对应的学位
政治面貌：不限
基层工作经历：无限制
考试类别：市（地）级及以下直属机构综合管理类
备注：1.报名时请在专业栏中同时填写专业名称和专业代码；2.限应届高校毕业生报考，请在备注栏中注明本人具有应届高校毕业生身份。","http://bm.scs.gov.cn/kl2026#132117-300147623001","2025-10-14","{""dataset_year"":2026,""job_uid"":""GOV-2026-132117-300147623001"",""publisher"":""国家公务员局"",""publication_page"":""http://bm.scs.gov.cn/kl2026"",""attachment_url"":""local://2026_guokao_zhaokaojianzhang.zip"",""local_source_file"":""中央机关及其直属机构2026年度考试录用公务员招考简章.xls"",""local_source_sha256"":""2670bae1df1dd07a3a3c79b9db46a11e3bb15a6c9c249e6af98bfd0b61ce3aaf"",""source_sheet"":""中央国家行政机关省级以下直属机构"",""filter_version"":""government_tech_v2"",""tech_filter"":{""is_tech"":true,""is_core_tech"":true,""scope"":""core"",""categories"":[""computer_software"",""cybersecurity_cryptography"",""data_ai""],""matched_fields"":[""major"",""description""],""major_terms"":[""网络空间安全"",""计算机科学与技术"",""计算机类"",""软件工程""],""role_terms"":[""数据统计分析""],""reason"":""tech_major_and_role""},""original"":{""部门代码"":""132117"",""部门名称"":""国家金融监督管理总局湖北监管局"",""用人司局"":""国家金融监督管理总局五峰监管支局"",""机构性质"":""中央国家行政机关省级以下直属机构"",""招考职位"":""统计信息部门一级主任科员及以下"",""职位属性"":""金融监管计算机类职位"",""职位分布"":""其他职位"",""职位简介"":""主要从事金融监管数据统计分析工作。"",""职位代码"":""300147623001"",""机构层级"":""县（区）级及以下"",""考试类别"":""市（地）级及以下直属机构综合管理类"",""招考人数"":""1"",""专业"":""本科：计算机类（专业代码0809）； 研究生：计算机科学与技术（专业代码0812）、软件工程（专业代码0835）、网络空间安全（专业代码0839）"",""学历"":""本科及以上"",""学位"":""与最高学历相对应的学位"",""政治面貌"":""不限"",""基层工作最低年限"":""无限制"",""服务基层项目工作经历"":""无限制"",""是否在面试阶段组织专业能力测试"":""否"",""面试人员比例"":""3:1"",""工作地点"":""湖北省宜昌市五峰土家族自治县"",""落户地点"":""湖北省宜昌市五峰土家族自治县"",""备注"":""1.报名时请在专业栏中同时填写专业名称和专业代码；2.限应届高校毕业生报考，请在备注栏中注明本人具有应届高校毕业生身份。"",""部门网站"":""www.nfra.gov.cn"",""咨询电话1"":""027-87050052"",""咨询电话2"":""027-65399210"",""咨询电话3"":"""",""来源Sheet"":""中央国家行政机关省级以下直属机构""}}"
"government_jobs","国家公务员2026招考简章","公务员/事业单位技术岗位","湖北省宜昌市远安县","2026-07-28T09:12:58.310295+00:00","统计信息部门一级主任科员及以下","国家金融监督管理总局湖北监管局","","湖北省宜昌市远安县","公务员/事业单位;2026;computer_software;cybersecurity_cryptography;data_ai;本科及以上;与最高学历相对应的学位;本科：计算机类（专业代码0809）； 研究生：计算机科学与技术（专业代码0812）、软件工程（专业代码0835）、网络空间安全（专业代码0839）;市（地）级及以下直属机构综合管理类","用人司局：国家金融监督管理总局远安监管支局
职位简介：主要从事金融监管数据统计分析工作。
专业要求：本科：计算机类（专业代码0809）； 研究生：计算机科学与技术（专业代码0812）、软件工程（专业代码0835）、网络空间安全（专业代码0839）
学历要求：本科及以上
学位要求：与最高学历相对应的学位
政治面貌：不限
基层工作经历：无限制
考试类别：市（地）级及以下直属机构综合管理类
备注：1.报名时请在专业栏中同时填写专业名称和专业代码；2.限应届高校毕业生报考，请在备注栏中注明本人具有应届高校毕业生身份。","http://bm.scs.gov.cn/kl2026#132117-300147624001","2025-10-14","{""dataset_year"":2026,""job_uid"":""GOV-2026-132117-300147624001"",""publisher"":""国家公务员局"",""publication_page"":""http://bm.scs.gov.cn/kl2026"",""attachment_url"":""local://2026_guokao_zhaokaojianzhang.zip"",""local_source_file"":""中央机关及其直属机构2026年度考试录用公务员招考简章.xls"",""local_source_sha256"":""2670bae1df1dd07a3a3c79b9db46a11e3bb15a6c9c249e6af98bfd0b61ce3aaf"",""source_sheet"":""中央国家行政机关省级以下直属机构"",""filter_version"":""government_tech_v2"",""tech_filter"":{""is_tech"":true,""is_core_tech"":true,""scope"":""core"",""categories"":[""computer_software"",""cybersecurity_cryptography"",""data_ai""],""matched_fields"":[""major"",""description""],""major_terms"":[""网络空间安全"",""计算机科学与技术"",""计算机类"",""软件工程""],""role_terms"":[""数据统计分析""],""reason"":""tech_major_and_role""},""original"":{""部门代码"":""132117"",""部门名称"":""国家金融监督管理总局湖北监管局"",""用人司局"":""国家金融监督管理总局远安监管支局"",""机构性质"":""中央国家行政机关省级以下直属机构"",""招考职位"":""统计信息部门一级主任科员及以下"",""职位属性"":""金融监管计算机类职位"",""职位分布"":""其他职位"",""职位简介"":""主要从事金融监管数据统计分析工作。"",""职位代码"":""300147624001"",""机构层级"":""县（区）级及以下"",""考试类别"":""市（地）级及以下直属机构综合管理类"",""招考人数"":""1"",""专业"":""本科：计算机类（专业代码0809）； 研究生：计算机科学与技术（专业代码0812）、软件工程（专业代码0835）、网络空间安全（专业代码0839）"",""学历"":""本科及以上"",""学位"":""与最高学历相对应的学位"",""政治面貌"":""不限"",""基层工作最低年限"":""无限制"",""服务基层项目工作经历"":""无限制"",""是否在面试阶段组织专业能力测试"":""否"",""面试人员比例"":""3:1"",""工作地点"":""湖北省宜昌市远安县"",""落户地点"":""湖北省宜昌市远安县"",""备注"":""1.报名时请在专业栏中同时填写专业名称和专业代码；2.限应届高校毕业生报考，请在备注栏中注明本人具有应届高校毕业生身份。"",""部门网站"":""www.nfra.gov.cn"",""咨询电话1"":""027-87050052"",""咨询电话2"":""027-65399210"",""咨询电话3"":"""",""来源Sheet"":""中央国家行政机关省级以下直属机构""}}"
"government_jobs","国家公务员2026招考简章","公务员/事业单位技术岗位","湖北省黄冈市红安县","2026-07-28T09:12:58.310295+00:00","科技部门一级主任科员及以下","国家金融监督管理总局湖北监管局","","湖北省黄冈市红安县","公务员/事业单位;2026;computer_software;仅限本科;学士;计算机类（专业代码0809）;市（地）级及以下直属机构综合管理类","用人司局：国家金融监督管理总局红安监管支局
职位简介：主要从事金融信息科技风险监管、电子设备软硬件管理及信息系统运行维护等工作。
专业要求：计算机类（专业代码0809）
学历要求：仅限本科
学位要求：学士
政治面貌：不限
基层工作经历：无限制
考试类别：市（地）级及以下直属机构综合管理类
备注：1.报名时请在专业栏中同时填写专业名称和专业代码；2.限应届高校毕业生报考，请在备注栏中注明本人具有应届高校毕业生身份。","http://bm.scs.gov.cn/kl2026#132117-300147626001","2025-10-14","{""dataset_year"":2026,""job_uid"":""GOV-2026-132117-300147626001"",""publisher"":""国家公务员局"",""publication_page"":""http://bm.scs.gov.cn/kl2026"",""attachment_url"":""local://2026_guokao_zhaokaojianzhang.zip"",""local_source_file"":""中央机关及其直属机构2026年度考试录用公务员招考简章.xls"",""local_source_sha256"":""2670bae1df1dd07a3a3c79b9db46a11e3bb15a6c9c249e6af98bfd0b61ce3aaf"",""source_sheet"":""中央国家行政机关省级以下直属机构"",""filter_version"":""government_tech_v2"",""tech_filter"":{""is_tech"":true,""is_core_tech"":true,""scope"":""core"",""categories"":[""computer_software""],""matched_fields"":[""major"",""description""],""major_terms"":[""计算机类""],""role_terms"":[""信息科技"",""信息系统"",""软硬件""],""reason"":""tech_major_and_role""},""original"":{""部门代码"":""132117"",""部门名称"":""国家金融监督管理总局湖北监管局"",""用人司局"":""国家金融监督管理总局红安监管支局"",""机构性质"":""中央国家行政机关省级以下直属机构"",""招考职位"":""科技部门一级主任科员及以下"",""职位属性"":""金融监管计算机类职位"",""职位分布"":""其他职位"",""职位简介"":""主要从事金融信息科技风险监管、电子设备软硬件管理及信息系统运行维护等工作。"",""职位代码"":""300147626001"",""机构层级"":""县（区）级及以下"",""考试类别"":""市（地）级及以下直属机构综合管理类"",""招考人数"":""1"",""专业"":""计算机类（专业代码0809）"",""学历"":""仅限本科"",""学位"":""学士"",""政治面貌"":""不限"",""基层工作最低年限"":""无限制"",""服务基层项目工作经历"":""无限制"",""是否在面试阶段组织专业能力测试"":""否"",""面试人员比例"":""3:1"",""工作地点"":""湖北省黄冈市红安县"",""落户地点"":""湖北省黄冈市红安县"",""备注"":""1.报名时请在专业栏中同时填写专业名称和专业代码；2.限应届高校毕业生报考，请在备注栏中注明本人具有应届高校毕业生身份。"",""部门网站"":""www.nfra.gov.cn"",""咨询电话1"":""027-87050052"",""咨询电话2"":""027-65399210"",""咨询电话3"":"""",""来源Sheet"":""中央国家行政机关省级以下直属机构""}}"
"government_jobs","国家公务员2026招考简章","公务员/事业单位技术岗位","湖北省随州市广水市","2026-07-28T09:12:58.310295+00:00","统计信息部门一级主任科员及以下","国家金融监督管理总局湖北监管局","","湖北省随州市广水市","公务员/事业单位;2026;computer_software;data_ai;仅限本科;学士;计算机类（专业代码0809）;市（地）级及以下直属机构综合管理类","用人司局：国家金融监督管理总局广水监管支局
职位简介：主要从事金融监管数据统计分析工作。
专业要求：计算机类（专业代码0809）
学历要求：仅限本科
学位要求：学士
政治面貌：不限
基层工作经历：无限制
考试类别：市（地）级及以下直属机构综合管理类
备注：1.报名时请在专业栏中同时填写专业名称和专业代码；2.限应届高校毕业生报考，请在备注栏中注明本人具有应届高校毕业生身份。","http://bm.scs.gov.cn/kl2026#132117-300147630001","2025-10-14","{""dataset_year"":2026,""job_uid"":""GOV-2026-132117-300147630001"",""publisher"":""国家公务员局"",""publication_page"":""http://bm.scs.gov.cn/kl2026"",""attachment_url"":""local://2026_guokao_zhaokaojianzhang.zip"",""local_source_file"":""中央机关及其直属机构2026年度考试录用公务员招考简章.xls"",""local_source_sha256"":""2670bae1df1dd07a3a3c79b9db46a11e3bb15a6c9c249e6af98bfd0b61ce3aaf"",""source_sheet"":""中央国家行政机关省级以下直属机构"",""filter_version"":""government_tech_v2"",""tech_filter"":{""is_tech"":true,""is_core_tech"":true,""scope"":""core"",""categories"":[""computer_software"",""data_ai""],""matched_fields"":[""major"",""description""],""major_terms"":[""计算机类""],""role_terms"":[""数据统计分析""],""reason"":""tech_major_and_role""},""original"":{""部门代码"":""132117"",""部门名称"":""国家金融监督管理总局湖北监管局"",""用人司局"":""国家金融监督管理总局广水监管支局"",""机构性质"":""中央国家行政机关省级以下直属机构"",""招考职位"":""统计信息部门一级主任科员及以下"",""职位属性"":""金融监管计算机类职位"",""职位分布"":""其他职位"",""职位简介"":""主要从事金融监管数据统计分析工作。"",""职位代码"":""300147630001"",""机构层级"":""县（区）级及以下"",""考试类别"":""市（地）级及以下直属机构综合管理类"",""招考人数"":""1"",""专业"":""计算机类（专业代码0809）"",""学历"":""仅限本科"",""学位"":""学士"",""政治面貌"":""不限"",""基层工作最低年限"":""无限制"",""服务基层项目工作经历"":""无限制"",""是否在面试阶段组织专业能力测试"":""否"",""面试人员比例"":""3:1"",""工作地点"":""湖北省随州市广水市"",""落户地点"":""湖北省随州市广水市"",""备注"":""1.报名时请在专业栏中同时填写专业名称和专业代码；2.限应届高校毕业生报考，请在备注栏中注明本人具有应届高校毕业生身份。"",""部门网站"":""www.nfra.gov.cn"",""咨询电话1"":""027-87050052"",""咨询电话2"":""027-65399210"",""咨询电话3"":"""",""来源Sheet"":""中央国家行政机关省级以下直属机构""}}"
"government_jobs","国家公务员2026招考简章","公务员/事业单位技术岗位","湖北省武汉市蔡甸区","2026-07-28T09:12:58.310295+00:00","统计信息部门一级主任科员及以下","国家金融监督管理总局湖北监管局","","湖北省武汉市蔡甸区","公务员/事业单位;2026;computer_software;cybersecurity_cryptography;data_ai;本科及以上;与最高学历相对应的学位;本科：计算机类（专业代码0809）； 研究生：计算机科学与技术（专业代码0812）、软件工程（专业代码0835）、网络空间安全（专业代码0839）;市（地）级及以下直属机构综合管理类","用人司局：国家金融监督管理总局蔡甸监管支局
职位简介：主要从事金融监管数据统计分析工作。
专业要求：本科：计算机类（专业代码0809）； 研究生：计算机科学与技术（专业代码0812）、软件工程（专业代码0835）、网络空间安全（专业代码0839）
学历要求：本科及以上
学位要求：与最高学历相对应的学位
政治面貌：不限
基层工作经历：无限制
考试类别：市（地）级及以下直属机构综合管理类
备注：报名时请在专业栏中同时填写专业名称和专业代码。","http://bm.scs.gov.cn/kl2026#132117-300147631001","2025-10-14","{""dataset_year"":2026,""job_uid"":""GOV-2026-132117-300147631001"",""publisher"":""国家公务员局"",""publication_page"":""http://bm.scs.gov.cn/kl2026"",""attachment_url"":""local://2026_guokao_zhaokaojianzhang.zip"",""local_source_file"":""中央机关及其直属机构2026年度考试录用公务员招考简章.xls"",""local_source_sha256"":""2670bae1df1dd07a3a3c79b9db46a11e3bb15a6c9c249e6af98bfd0b61ce3aaf"",""source_sheet"":""中央国家行政机关省级以下直属机构"",""filter_version"":""government_tech_v2"",""tech_filter"":{""is_tech"":true,""is_core_tech"":true,""scope"":""core"",""categories"":[""computer_software"",""cybersecurity_cryptography"",""data_ai""],""matched_fields"":[""major"",""description""],""major_terms"":[""网络空间安全"",""计算机科学与技术"",""计算机类"",""软件工程""],""role_terms"":[""数据统计分析""],""reason"":""tech_major_and_role""},""original"":{""部门代码"":""132117"",""部门名称"":""国家金融监督管理总局湖北监管局"",""用人司局"":""国家金融监督管理总局蔡甸监管支局"",""机构性质"":""中央国家行政机关省级以下直属机构"",""招考职位"":""统计信息部门一级主任科员及以下"",""职位属性"":""金融监管计算机类职位"",""职位分布"":""其他职位"",""职位简介"":""主要从事金融监管数据统计分析工作。"",""职位代码"":""300147631001"",""机构层级"":""县（区）级及以下"",""考试类别"":""市（地）级及以下直属机构综合管理类"",""招考人数"":""1"",""专业"":""本科：计算机类（专业代码0809）； 研究生：计算机科学与技术（专业代码0812）、软件工程（专业代码0835）、网络空间安全（专业代码0839）"",""学历"":""本科及以上"",""学位"":""与最高学历相对应的学位"",""政治面貌"":""不限"",""基层工作最低年限"":""无限制"",""服务基层项目工作经历"":""无限制"",""是否在面试阶段组织专业能力测试"":""否"",""面试人员比例"":""3:1"",""工作地点"":""湖北省武汉市蔡甸区"",""落户地点"":""湖北省武汉市蔡甸区"",""备注"":""报名时请在专业栏中同时填写专业名称和专业代码。"",""部门网站"":""www.nfra.gov.cn"",""咨询电话1"":""027-87050052"",""咨询电话2"":""027-65399210"",""咨询电话3"":"""",""来源Sheet"":""中央国家行政机关省级以下直属机构""}}"
"government_jobs","国家公务员2026招考简章","公务员/事业单位技术岗位","湖北省天门市","2026-07-28T09:12:58.310295+00:00","统计信息部门一级主任科员及以下","国家金融监督管理总局湖北监管局","","湖北省天门市","公务员/事业单位;2026;computer_software;cybersecurity_cryptography;data_ai;本科及以上;与最高学历相对应的学位;本科：计算机类（专业代码0809）； 研究生：计算机科学与技术（专业代码0812）、软件工程（专业代码0835）、网络空间安全（专业代码0839）;市（地）级及以下直属机构综合管理类","用人司局：国家金融监督管理总局天门监管支局
职位简介：主要从事金融监管数据统计分析工作。
专业要求：本科：计算机类（专业代码0809）； 研究生：计算机科学与技术（专业代码0812）、软件工程（专业代码0835）、网络空间安全（专业代码0839）
学历要求：本科及以上
学位要求：与最高学历相对应的学位
政治面貌：不限
基层工作经历：无限制
考试类别：市（地）级及以下直属机构综合管理类
备注：1.报名时请在专业栏中同时填写专业名称和专业代码；2.限应届高校毕业生报考，请在备注栏中注明本人具有应届高校毕业生身份。","http://bm.scs.gov.cn/kl2026#132117-300147632001","2025-10-14","{""dataset_year"":2026,""job_uid"":""GOV-2026-132117-300147632001"",""publisher"":""国家公务员局"",""publication_page"":""http://bm.scs.gov.cn/kl2026"",""attachment_url"":""local://2026_guokao_zhaokaojianzhang.zip"",""local_source_file"":""中央机关及其直属机构2026年度考试录用公务员招考简章.xls"",""local_source_sha256"":""2670bae1df1dd07a3a3c79b9db46a11e3bb15a6c9c249e6af98bfd0b61ce3aaf"",""source_sheet"":""中央国家行政机关省级以下直属机构"",""filter_version"":""government_tech_v2"",""tech_filter"":{""is_tech"":true,""is_core_tech"":true,""scope"":""core"",""categories"":[""computer_software"",""cybersecurity_cryptography"",""data_ai""],""matched_fields"":[""major"",""description""],""major_terms"":[""网络空间安全"",""计算机科学与技术"",""计算机类"",""软件工程""],""role_terms"":[""数据统计分析""],""reason"":""tech_major_and_role""},""original"":{""部门代码"":""132117"",""部门名称"":""国家金融监督管理总局湖北监管局"",""用人司局"":""国家金融监督管理总局天门监管支局"",""机构性质"":""中央国家行政机关省级以下直属机构"",""招考职位"":""统计信息部门一级主任科员及以下"",""职位属性"":""金融监管计算机类职位"",""职位分布"":""其他职位"",""职位简介"":""主要从事金融监管数据统计分析工作。"",""职位代码"":""300147632001"",""机构层级"":""县（区）级及以下"",""考试类别"":""市（地）级及以下直属机构综合管理类"",""招考人数"":""1"",""专业"":""本科：计算机类（专业代码0809）； 研究生：计算机科学与技术（专业代码0812）、软件工程（专业代码0835）、网络空间安全（专业代码0839）"",""学历"":""本科及以上"",""学位"":""与最高学历相对应的学位"",""政治面貌"":""不限"",""基层工作最低年限"":""无限制"",""服务基层项目工作经历"":""无限制"",""是否在面试阶段组织专业能力测试"":""否"",""面试人员比例"":""3:1"",""工作地点"":""湖北省天门市"",""落户地点"":""湖北省天门市"",""备注"":""1.报名时请在专业栏中同时填写专业名称和专业代码；2.限应届高校毕业生报考，请在备注栏中注明本人具有应届高校毕业生身份。"",""部门网站"":""www.nfra.gov.cn"",""咨询电话1"":""027-87050052"",""咨询电话2"":""027-65399210"",""咨询电话3"":"""",""来源Sheet"":""中央国家行政机关省级以下直属机构""}}"
"government_jobs","国家公务员2026招考简章","公务员/事业单位技术岗位","湖北省神农架林区","2026-07-28T09:12:58.310295+00:00","科技部门一级主任科员及以下","国家金融监督管理总局湖北监管局","","湖北省神农架林区","公务员/事业单位;2026;computer_software;仅限本科;学士;计算机类（专业代码0809）;市（地）级及以下直属机构综合管理类","用人司局：国家金融监督管理总局神农架监管支局
职位简介：主要从事金融信息科技风险监管、电子设备软硬件管理及信息系统运行维护等工作。
专业要求：计算机类（专业代码0809）
学历要求：仅限本科
学位要求：学士
政治面貌：不限
基层工作经历：无限制
考试类别：市（地）级及以下直属机构综合管理类
备注：1.报名时请在专业栏中同时填写专业名称和专业代码；2.限应届高校毕业生报考，请在备注栏中注明本人具有应届高校毕业生身份。","http://bm.scs.gov.cn/kl2026#132117-300147635001","2025-10-14","{""dataset_year"":2026,""job_uid"":""GOV-2026-132117-300147635001"",""publisher"":""国家公务员局"",""publication_page"":""http://bm.scs.gov.cn/kl2026"",""attachment_url"":""local://2026_guokao_zhaokaojianzhang.zip"",""local_source_file"":""中央机关及其直属机构2026年度考试录用公务员招考简章.xls"",""local_source_sha256"":""2670bae1df1dd07a3a3c79b9db46a11e3bb15a6c9c249e6af98bfd0b61ce3aaf"",""source_sheet"":""中央国家行政机关省级以下直属机构"",""filter_version"":""government_tech_v2"",""tech_filter"":{""is_tech"":true,""is_core_tech"":true,""scope"":""core"",""categories"":[""computer_software""],""matched_fields"":[""major"",""description""],""major_terms"":[""计算机类""],""role_terms"":[""信息科技"",""信息系统"",""软硬件""],""reason"":""tech_major_and_role""},""original"":{""部门代码"":""132117"",""部门名称"":""国家金融监督管理总局湖北监管局"",""用人司局"":""国家金融监督管理总局神农架监管支局"",""机构性质"":""中央国家行政机关省级以下直属机构"",""招考职位"":""科技部门一级主任科员及以下"",""职位属性"":""金融监管计算机类职位"",""职位分布"":""其他职位"",""职位简介"":""主要从事金融信息科技风险监管、电子设备软硬件管理及信息系统运行维护等工作。"",""职位代码"":""300147635001"",""机构层级"":""县（区）级及以下"",""考试类别"":""市（地）级及以下直属机构综合管理类"",""招考人数"":""1"",""专业"":""计算机类（专业代码0809）"",""学历"":""仅限本科"",""学位"":""学士"",""政治面貌"":""不限"",""基层工作最低年限"":""无限制"",""服务基层项目工作经历"":""无限制"",""是否在面试阶段组织专业能力测试"":""否"",""面试人员比例"":""3:1"",""工作地点"":""湖北省神农架林区"",""落户地点"":""湖北省神农架林区"",""备注"":""1.报名时请在专业栏中同时填写专业名称和专业代码；2.限应届高校毕业生报考，请在备注栏中注明本人具有应届高校毕业生身份。"",""部门网站"":""www.nfra.gov.cn"",""咨询电话1"":""027-87050052"",""咨询电话2"":""027-65399210"",""咨询电话3"":"""",""来源Sheet"":""中央国家行政机关省级以下直属机构""}}"
"government_jobs","国家公务员2026招考简章","公务员/事业单位技术岗位","湖南省长沙市芙蓉区","2026-07-28T09:12:58.310295+00:00","科技部门一级主任科员及以下","国家金融监督管理总局湖南监管局","","湖南省长沙市芙蓉区","公务员/事业单位;2026;computer_software;硕士研究生及以上;与最高学历相对应的学位;计算机类（计算机科学与技术、软件工程等专业）;中央机关及其省级直属机构综合管理类","用人司局：国家金融监督管理总局湖南监管局
职位简介：主要从事金融信息科技风险监管、电子设备软硬件管理及信息系统运行维护等工作。
专业要求：计算机类（计算机科学与技术、软件工程等专业）
学历要求：硕士研究生及以上
学位要求：与最高学历相对应的学位
政治面貌：不限
基层工作经历：二年
考试类别：中央机关及其省级直属机构综合管理类
备注：1.报名时请在专业栏中同时填写专业名称和专业代码；2.大学英语六级成绩在425分及以上（雅思成绩在6.5分及以上、托福成绩在90分及以上、取得英语专业四级或专业八级合格证书亦可），请在外语水平栏注明已获得的英语等级证书及成绩。","http://bm.scs.gov.cn/kl2026#132118-300147636001","2025-10-14","{""dataset_year"":2026,""job_uid"":""GOV-2026-132118-300147636001"",""publisher"":""国家公务员局"",""publication_page"":""http://bm.scs.gov.cn/kl2026"",""attachment_url"":""local://2026_guokao_zhaokaojianzhang.zip"",""local_source_file"":""中央机关及其直属机构2026年度考试录用公务员招考简章.xls"",""local_source_sha256"":""2670bae1df1dd07a3a3c79b9db46a11e3bb15a6c9c249e6af98bfd0b61ce3aaf"",""source_sheet"":""中央国家行政机关省级以下直属机构"",""filter_version"":""government_tech_v2"",""tech_filter"":{""is_tech"":true,""is_core_tech"":true,""scope"":""core"",""categories"":[""computer_software""],""matched_fields"":[""major"",""description""],""major_terms"":[""计算机科学与技术"",""计算机类"",""软件工程""],""role_terms"":[""信息科技"",""信息系统"",""软硬件""],""reason"":""tech_major_and_role""},""original"":{""部门代码"":""132118"",""部门名称"":""国家金融监督管理总局湖南监管局"",""用人司局"":""国家金融监督管理总局湖南监管局"",""机构性质"":""中央国家行政机关省级以下直属机构"",""招考职位"":""科技部门一级主任科员及以下"",""职位属性"":""金融监管计算机类职位"",""职位分布"":""其他职位"",""职位简介"":""主要从事金融信息科技风险监管、电子设备软硬件管理及信息系统运行维护等工作。"",""职位代码"":""300147636001"",""机构层级"":""省（副省）级"",""考试类别"":""中央机关及其省级直属机构综合管理类"",""招考人数"":""2"",""专业"":""计算机类（计算机科学与技术、软件工程等专业）"",""学历"":""硕士研究生及以上"",""学位"":""与最高学历相对应的学位"",""政治面貌"":""不限"",""基层工作最低年限"":""二年"",""服务基层项目工作经历"":""无限制"",""是否在面试阶段组织专业能力测试"":""否"",""面试人员比例"":""4:1"",""工作地点"":""湖南省长沙市芙蓉区"",""落户地点"":""湖南省长沙市芙蓉区"",""备注"":""1.报名时请在专业栏中同时填写专业名称和专业代码；2.大学英语六级成绩在425分及以上（雅思成绩在6.5分及以上、托福成绩在90分及以上、取得英语专业四级或专业八级合格证书亦可），请在外语水平栏注明已获得的英语等级证书及成绩。"",""部门网站"":""http://www.nfra.gov.cn/"",""咨询电话1"":""0731-82830698"",""咨询电话2"":""0731-82830426"",""咨询电话3"":"""",""来源Sheet"":""中央国家行政机关省级以下直属机构""}}"
"government_jobs","国家公务员2026招考简章","公务员/事业单位技术岗位","湖南省益阳市赫山区","2026-07-28T09:12:58.310295+00:00","科技部门一级主任科员及以下","国家金融监督管理总局湖南监管局","","湖南省益阳市赫山区","公务员/事业单位;2026;computer_software;本科及以上;与最高学历相对应的学位;本科：计算机类（不含物联网工程、数字媒体技术、空间信息与数字技术、新媒体技术、电影制作、服务科学与工程、虚拟现实技术、区块链工程、工业软件等专业）；硕士研究生及以上：计算机类（计算机科学与技术、软件工程等专业）;市（地）级及以下直属机构综合管理类","用人司局：国家金融监督管理总局益阳监管分局
职位简介：主要从事金融信息科技风险监管、电子设备软硬件管理及信息系统运行维护等工作。
专业要求：本科：计算机类（不含物联网工程、数字媒体技术、空间信息与数字技术、新媒体技术、电影制作、服务科学与工程、虚拟现实技术、区块链工程、工业软件等专业）；硕士研究生及以上：计算机类（计算机科学与技术、软件工程等专业）
学历要求：本科及以上
学位要求：与最高学历相对应的学位
政治面貌：不限
基层工作经历：无限制
考试类别：市（地）级及以下直属机构综合管理类
备注：1.报名时请在专业栏中同时填写专业名称和专业代码；2.限应届高校毕业生报考，请在备注栏中注明本人具有应届高校毕业生身份；3.大学英语四级成绩在425分及以上（雅思成绩在6分及以上、托福成绩在80分及以上、取得英语专业四级或专业八级合格证书亦可），请在外语水平栏注明已获得的英语等级证书及成绩。","http://bm.scs.gov.cn/kl2026#132118-300147637001","2025-10-14","{""dataset_year"":2026,""job_uid"":""GOV-2026-132118-300147637001"",""publisher"":""国家公务员局"",""publication_page"":""http://bm.scs.gov.cn/kl2026"",""attachment_url"":""local://2026_guokao_zhaokaojianzhang.zip"",""local_source_file"":""中央机关及其直属机构2026年度考试录用公务员招考简章.xls"",""local_source_sha256"":""2670bae1df1dd07a3a3c79b9db46a11e3bb15a6c9c249e6af98bfd0b61ce3aaf"",""source_sheet"":""中央国家行政机关省级以下直属机构"",""filter_version"":""government_tech_v2"",""tech_filter"":{""is_tech"":true,""is_core_tech"":true,""scope"":""core"",""categories"":[""computer_software""],""matched_fields"":[""major"",""description""],""major_terms"":[""区块链工程"",""数字媒体技术"",""物联网工程"",""空间信息与数字技术"",""虚拟现实技术"",""计算机科学与技术"",""计算机类"",""软件工程""],""role_terms"":[""信息科技"",""信息系统"",""软硬件""],""reason"":""tech_major_and_role""},""original"":{""部门代码"":""132118"",""部门名称"":""国家金融监督管理总局湖南监管局"",""用人司局"":""国家金融监督管理总局益阳监管分局"",""机构性质"":""中央国家行政机关省级以下直属机构"",""招考职位"":""科技部门一级主任科员及以下"",""职位属性"":""金融监管计算机类职位"",""职位分布"":""其他职位"",""职位简介"":""主要从事金融信息科技风险监管、电子设备软硬件管理及信息系统运行维护等工作。"",""职位代码"":""300147637001"",""机构层级"":""市（地）级"",""考试类别"":""市（地）级及以下直属机构综合管理类"",""招考人数"":""1"",""专业"":""本科：计算机类（不含物联网工程、数字媒体技术、空间信息与数字技术、新媒体技术、电影制作、服务科学与工程、虚拟现实技术、区块链工程、工业软件等专业）；硕士研究生及以上：计算机类（计算机科学与技术、软件工程等专业）"",""学历"":""本科及以上"",""学位"":""与最高学历相对应的学位"",""政治面貌"":""不限"",""基层工作最低年限"":""无限制"",""服务基层项目工作经历"":""无限制"",""是否在面试阶段组织专业能力测试"":""否"",""面试人员比例"":""3:1"",""工作地点"":""湖南省益阳市赫山区"",""落户地点"":""湖南省益阳市赫山区"",""备注"":""1.报名时请在专业栏中同时填写专业名称和专业代码；2.限应届高校毕业生报考，请在备注栏中注明本人具有应届高校毕业生身份；3.大学英语四级成绩在425分及以上（雅思成绩在6分及以上、托福成绩在80分及以上、取得英语专业四级或专业八级合格证书亦可），请在外语水平栏注明已获得的英语等级证书及成绩。"",""部门网站"":""http://www.nfra.gov.cn/"",""咨询电话1"":""0731-82830698"",""咨询电话2"":""0731-82830426"",""咨询电话3"":"""",""来源Sheet"":""中央国家行政机关省级以下直属机构""}}"
"government_jobs","国家公务员2026招考简章","公务员/事业单位技术岗位","湖南省怀化市鹤城区","2026-07-28T09:12:58.310295+00:00","科技部门一级主任科员及以下","国家金融监督管理总局湖南监管局","","湖南省怀化市鹤城区","公务员/事业单位;2026;computer_software;仅限本科;学士;计算机类（不含物联网工程、数字媒体技术、空间信息与数字技术、新媒体技术、电影制作、服务科学与工程、虚拟现实技术、区块链工程、工业软件等专业）;市（地）级及以下直属机构综合管理类","用人司局：国家金融监督管理总局怀化监管分局
职位简介：主要从事金融信息科技风险监管、电子设备软硬件管理及信息系统运行维护等工作。
专业要求：计算机类（不含物联网工程、数字媒体技术、空间信息与数字技术、新媒体技术、电影制作、服务科学与工程、虚拟现实技术、区块链工程、工业软件等专业）
学历要求：仅限本科
学位要求：学士
政治面貌：不限
基层工作经历：无限制
考试类别：市（地）级及以下直属机构综合管理类
备注：1.报名时请在专业栏中同时填写专业名称和专业代码；2.限应届高校毕业生报考，请在备注栏中注明本人具有应届高校毕业生身份；3.大学英语四级成绩在425分及以上（雅思成绩在6分及以上、托福成绩在80分及以上、取得英语专业四级或专业八级合格证书亦可），请在外语水平栏注明已获得的英语等级证书及成绩。","http://bm.scs.gov.cn/kl2026#132118-300147640001","2025-10-14","{""dataset_year"":2026,""job_uid"":""GOV-2026-132118-300147640001"",""publisher"":""国家公务员局"",""publication_page"":""http://bm.scs.gov.cn/kl2026"",""attachment_url"":""local://2026_guokao_zhaokaojianzhang.zip"",""local_source_file"":""中央机关及其直属机构2026年度考试录用公务员招考简章.xls"",""local_source_sha256"":""2670bae1df1dd07a3a3c79b9db46a11e3bb15a6c9c249e6af98bfd0b61ce3aaf"",""source_sheet"":""中央国家行政机关省级以下直属机构"",""filter_version"":""government_tech_v2"",""tech_filter"":{""is_tech"":true,""is_core_tech"":true,""scope"":""core"",""categories"":[""computer_software""],""matched_fields"":[""major"",""description""],""major_terms"":[""区块链工程"",""数字媒体技术"",""物联网工程"",""空间信息与数字技术"",""虚拟现实技术"",""计算机类""],""role_terms"":[""信息科技"",""信息系统"",""软硬件""],""reason"":""tech_major_and_role""},""original"":{""部门代码"":""132118"",""部门名称"":""国家金融监督管理总局湖南监管局"",""用人司局"":""国家金融监督管理总局怀化监管分局"",""机构性质"":""中央国家行政机关省级以下直属机构"",""招考职位"":""科技部门一级主任科员及以下"",""职位属性"":""金融监管计算机类职位"",""职位分布"":""其他职位"",""职位简介"":""主要从事金融信息科技风险监管、电子设备软硬件管理及信息系统运行维护等工作。"",""职位代码"":""300147640001"",""机构层级"":""市（地）级"",""考试类别"":""市（地）级及以下直属机构综合管理类"",""招考人数"":""1"",""专业"":""计算机类（不含物联网工程、数字媒体技术、空间信息与数字技术、新媒体技术、电影制作、服务科学与工程、虚拟现实技术、区块链工程、工业软件等专业）"",""学历"":""仅限本科"",""学位"":""学士"",""政治面貌"":""不限"",""基层工作最低年限"":""无限制"",""服务基层项目工作经历"":""无限制"",""是否在面试阶段组织专业能力测试"":""否"",""面试人员比例"":""3:1"",""工作地点"":""湖南省怀化市鹤城区"",""落户地点"":""湖南省怀化市鹤城区"",""备注"":""1.报名时请在专业栏中同时填写专业名称和专业代码；2.限应届高校毕业生报考，请在备注栏中注明本人具有应届高校毕业生身份；3.大学英语四级成绩在425分及以上（雅思成绩在6分及以上、托福成绩在80分及以上、取得英语专业四级或专业八级合格证书亦可），请在外语水平栏注明已获得的英语等级证书及成绩。"",""部门网站"":""http://www.nfra.gov.cn/"",""咨询电话1"":""0731-82830698"",""咨询电话2"":""0731-82830426"",""咨询电话3"":"""",""来源Sheet"":""中央国家行政机关省级以下直属机构""}}"
"government_jobs","国家公务员2026招考简章","公务员/事业单位技术岗位","湖南省永州市冷水滩区","2026-07-28T09:12:58.310295+00:00","科技部门一级主任科员及以下","国家金融监督管理总局湖南监管局","","湖南省永州市冷水滩区","公务员/事业单位;2026;computer_software;本科及以上;与最高学历相对应的学位;本科：计算机类（不含物联网工程、数字媒体技术、空间信息与数字技术、新媒体技术、电影制作、服务科学与工程、虚拟现实技术、区块链工程、工业软件等专业）；硕士研究生及以上：计算机类（计算机科学与技术、软件工程等专业）;市（地）级及以下直属机构综合管理类","用人司局：国家金融监督管理总局永州监管分局
职位简介：主要从事金融信息科技风险监管、电子设备软硬件管理及信息系统运行维护等工作。
专业要求：本科：计算机类（不含物联网工程、数字媒体技术、空间信息与数字技术、新媒体技术、电影制作、服务科学与工程、虚拟现实技术、区块链工程、工业软件等专业）；硕士研究生及以上：计算机类（计算机科学与技术、软件工程等专业）
学历要求：本科及以上
学位要求：与最高学历相对应的学位
政治面貌：不限
基层工作经历：无限制
考试类别：市（地）级及以下直属机构综合管理类
备注：1.报名时请在专业栏中同时填写专业名称和专业代码；2.限应届高校毕业生报考，请在备注栏中注明本人具有应届高校毕业生身份；3.大学英语四级成绩在425分及以上（雅思成绩在6分及以上、托福成绩在80分及以上、取得英语专业四级或专业八级合格证书亦可），请在外语水平栏注明已获得的英语等级证书及成绩。","http://bm.scs.gov.cn/kl2026#132118-300147641001","2025-10-14","{""dataset_year"":2026,""job_uid"":""GOV-2026-132118-300147641001"",""publisher"":""国家公务员局"",""publication_page"":""http://bm.scs.gov.cn/kl2026"",""attachment_url"":""local://2026_guokao_zhaokaojianzhang.zip"",""local_source_file"":""中央机关及其直属机构2026年度考试录用公务员招考简章.xls"",""local_source_sha256"":""2670bae1df1dd07a3a3c79b9db46a11e3bb15a6c9c249e6af98bfd0b61ce3aaf"",""source_sheet"":""中央国家行政机关省级以下直属机构"",""filter_version"":""government_tech_v2"",""tech_filter"":{""is_tech"":true,""is_core_tech"":true,""scope"":""core"",""categories"":[""computer_software""],""matched_fields"":[""major"",""description""],""major_terms"":[""区块链工程"",""数字媒体技术"",""物联网工程"",""空间信息与数字技术"",""虚拟现实技术"",""计算机科学与技术"",""计算机类"",""软件工程""],""role_terms"":[""信息科技"",""信息系统"",""软硬件""],""reason"":""tech_major_and_role""},""original"":{""部门代码"":""132118"",""部门名称"":""国家金融监督管理总局湖南监管局"",""用人司局"":""国家金融监督管理总局永州监管分局"",""机构性质"":""中央国家行政机关省级以下直属机构"",""招考职位"":""科技部门一级主任科员及以下"",""职位属性"":""金融监管计算机类职位"",""职位分布"":""其他职位"",""职位简介"":""主要从事金融信息科技风险监管、电子设备软硬件管理及信息系统运行维护等工作。"",""职位代码"":""300147641001"",""机构层级"":""市（地）级"",""考试类别"":""市（地）级及以下直属机构综合管理类"",""招考人数"":""1"",""专业"":""本科：计算机类（不含物联网工程、数字媒体技术、空间信息与数字技术、新媒体技术、电影制作、服务科学与工程、虚拟现实技术、区块链工程、工业软件等专业）；硕士研究生及以上：计算机类（计算机科学与技术、软件工程等专业）"",""学历"":""本科及以上"",""学位"":""与最高学历相对应的学位"",""政治面貌"":""不限"",""基层工作最低年限"":""无限制"",""服务基层项目工作经历"":""无限制"",""是否在面试阶段组织专业能力测试"":""否"",""面试人员比例"":""3:1"",""工作地点"":""湖南省永州市冷水滩区"",""落户地点"":""湖南省永州市冷水滩区"",""备注"":""1.报名时请在专业栏中同时填写专业名称和专业代码；2.限应届高校毕业生报考，请在备注栏中注明本人具有应届高校毕业生身份；3.大学英语四级成绩在425分及以上（雅思成绩在6分及以上、托福成绩在80分及以上、取得英语专业四级或专业八级合格证书亦可），请在外语水平栏注明已获得的英语等级证书及成绩。"",""部门网站"":""http://www.nfra.gov.cn/"",""咨询电话1"":""0731-82830698"",""咨询电话2"":""0731-82830426"",""咨询电话3"":"""",""来源Sheet"":""中央国家行政机关省级以下直属机构""}}"
"government_jobs","国家公务员2026招考简章","公务员/事业单位技术岗位","湖南省湘西土家族苗族自治州吉首市","2026-07-28T09:12:58.310295+00:00","科技部门一级主任科员及以下","国家金融监督管理总局湖南监管局","","湖南省湘西土家族苗族自治州吉首市","公务员/事业单位;2026;computer_software;本科及以上;与最高学历相对应的学位;本科：计算机类（不含物联网工程、数字媒体技术、空间信息与数字技术、新媒体技术、电影制作、服务科学与工程、虚拟现实技术、区块链工程、工业软件等专业）；硕士研究生及以上：计算机类（计算机科学与技术、软件工程等专业）;市（地）级及以下直属机构综合管理类","用人司局：国家金融监督管理总局湘西监管分局
职位简介：主要从事金融信息科技风险监管、电子设备软硬件管理及信息系统运行维护等工作。
专业要求：本科：计算机类（不含物联网工程、数字媒体技术、空间信息与数字技术、新媒体技术、电影制作、服务科学与工程、虚拟现实技术、区块链工程、工业软件等专业）；硕士研究生及以上：计算机类（计算机科学与技术、软件工程等专业）
学历要求：本科及以上
学位要求：与最高学历相对应的学位
政治面貌：不限
基层工作经历：无限制
考试类别：市（地）级及以下直属机构综合管理类
备注：1.报名时请在专业栏中同时填写专业名称和专业代码；2.限应届高校毕业生报考，请在备注栏中注明本人具有应届高校毕业生身份；3.大学英语四级成绩在425分及以上（雅思成绩在6分及以上、托福成绩在80分及以上、取得英语专业四级或专业八级合格证书亦可），请在外语水平栏注明已获得的英语等级证书及成绩。","http://bm.scs.gov.cn/kl2026#132118-300147642001","2025-10-14","{""dataset_year"":2026,""job_uid"":""GOV-2026-132118-300147642001"",""publisher"":""国家公务员局"",""publication_page"":""http://bm.scs.gov.cn/kl2026"",""attachment_url"":""local://2026_guokao_zhaokaojianzhang.zip"",""local_source_file"":""中央机关及其直属机构2026年度考试录用公务员招考简章.xls"",""local_source_sha256"":""2670bae1df1dd07a3a3c79b9db46a11e3bb15a6c9c249e6af98bfd0b61ce3aaf"",""source_sheet"":""中央国家行政机关省级以下直属机构"",""filter_version"":""government_tech_v2"",""tech_filter"":{""is_tech"":true,""is_core_tech"":true,""scope"":""core"",""categories"":[""computer_software""],""matched_fields"":[""major"",""description""],""major_terms"":[""区块链工程"",""数字媒体技术"",""物联网工程"",""空间信息与数字技术"",""虚拟现实技术"",""计算机科学与技术"",""计算机类"",""软件工程""],""role_terms"":[""信息科技"",""信息系统"",""软硬件""],""reason"":""tech_major_and_role""},""original"":{""部门代码"":""132118"",""部门名称"":""国家金融监督管理总局湖南监管局"",""用人司局"":""国家金融监督管理总局湘西监管分局"",""机构性质"":""中央国家行政机关省级以下直属机构"",""招考职位"":""科技部门一级主任科员及以下"",""职位属性"":""金融监管计算机类职位"",""职位分布"":""其他职位"",""职位简介"":""主要从事金融信息科技风险监管、电子设备软硬件管理及信息系统运行维护等工作。"",""职位代码"":""300147642001"",""机构层级"":""市（地）级"",""考试类别"":""市（地）级及以下直属机构综合管理类"",""招考人数"":""1"",""专业"":""本科：计算机类（不含物联网工程、数字媒体技术、空间信息与数字技术、新媒体技术、电影制作、服务科学与工程、虚拟现实技术、区块链工程、工业软件等专业）；硕士研究生及以上：计算机类（计算机科学与技术、软件工程等专业）"",""学历"":""本科及以上"",""学位"":""与最高学历相对应的学位"",""政治面貌"":""不限"",""基层工作最低年限"":""无限制"",""服务基层项目工作经历"":""无限制"",""是否在面试阶段组织专业能力测试"":""否"",""面试人员比例"":""3:1"",""工作地点"":""湖南省湘西土家族苗族自治州吉首市"",""落户地点"":""湖南省湘西土家族苗族自治州吉首市"",""备注"":""1.报名时请在专业栏中同时填写专业名称和专业代码；2.限应届高校毕业生报考，请在备注栏中注明本人具有应届高校毕业生身份；3.大学英语四级成绩在425分及以上（雅思成绩在6分及以上、托福成绩在80分及以上、取得英语专业四级或专业八级合格证书亦可），请在外语水平栏注明已获得的英语等级证书及成绩。"",""部门网站"":""http://www.nfra.gov.cn/"",""咨询电话1"":""0731-82830698"",""咨询电话2"":""0731-82830426"",""咨询电话3"":"""",""来源Sheet"":""中央国家行政机关省级以下直属机构""}}"
"government_jobs","国家公务员2026招考简章","公务员/事业单位技术岗位","湖南省株洲市醴陵市","2026-07-28T09:12:58.310295+00:00","科技部门一级主任科员及以下","国家金融监督管理总局湖南监管局","","湖南省株洲市醴陵市","公务员/事业单位;2026;computer_software;本科及以上;与最高学历相对应的学位;本科：计算机类（不含物联网工程、数字媒体技术、空间信息与数字技术、新媒体技术、电影制作、服务科学与工程、虚拟现实技术、区块链工程、工业软件等专业）；硕士研究生及以上：计算机类（计算机科学与技术、软件工程等专业）;市（地）级及以下直属机构综合管理类","用人司局：国家金融监督管理总局醴陵监管支局
职位简介：主要从事金融信息科技风险监管、电子设备软硬件管理及信息系统运行维护等工作。
专业要求：本科：计算机类（不含物联网工程、数字媒体技术、空间信息与数字技术、新媒体技术、电影制作、服务科学与工程、虚拟现实技术、区块链工程、工业软件等专业）；硕士研究生及以上：计算机类（计算机科学与技术、软件工程等专业）
学历要求：本科及以上
学位要求：与最高学历相对应的学位
政治面貌：不限
基层工作经历：无限制
考试类别：市（地）级及以下直属机构综合管理类
备注：1.报名时请在专业栏中同时填写专业名称和专业代码；2.限应届高校毕业生报考，请在备注栏中注明本人具有应届高校毕业生身份。","http://bm.scs.gov.cn/kl2026#132118-300147644001","2025-10-14","{""dataset_year"":2026,""job_uid"":""GOV-2026-132118-300147644001"",""publisher"":""国家公务员局"",""publication_page"":""http://bm.scs.gov.cn/kl2026"",""attachment_url"":""local://2026_guokao_zhaokaojianzhang.zip"",""local_source_file"":""中央机关及其直属机构2026年度考试录用公务员招考简章.xls"",""local_source_sha256"":""2670bae1df1dd07a3a3c79b9db46a11e3bb15a6c9c249e6af98bfd0b61ce3aaf"",""source_sheet"":""中央国家行政机关省级以下直属机构"",""filter_version"":""government_tech_v2"",""tech_filter"":{""is_tech"":true,""is_core_tech"":true,""scope"":""core"",""categories"":[""computer_software""],""matched_fields"":[""major"",""description""],""major_terms"":[""区块链工程"",""数字媒体技术"",""物联网工程"",""空间信息与数字技术"",""虚拟现实技术"",""计算机科学与技术"",""计算机类"",""软件工程""],""role_terms"":[""信息科技"",""信息系统"",""软硬件""],""reason"":""tech_major_and_role""},""original"":{""部门代码"":""132118"",""部门名称"":""国家金融监督管理总局湖南监管局"",""用人司局"":""国家金融监督管理总局醴陵监管支局"",""机构性质"":""中央国家行政机关省级以下直属机构"",""招考职位"":""科技部门一级主任科员及以下"",""职位属性"":""金融监管计算机类职位"",""职位分布"":""其他职位"",""职位简介"":""主要从事金融信息科技风险监管、电子设备软硬件管理及信息系统运行维护等工作。"",""职位代码"":""300147644001"",""机构层级"":""县（区）级及以下"",""考试类别"":""市（地）级及以下直属机构综合管理类"",""招考人数"":""1"",""专业"":""本科：计算机类（不含物联网工程、数字媒体技术、空间信息与数字技术、新媒体技术、电影制作、服务科学与工程、虚拟现实技术、区块链工程、工业软件等专业）；硕士研究生及以上：计算机类（计算机科学与技术、软件工程等专业）"",""学历"":""本科及以上"",""学位"":""与最高学历相对应的学位"",""政治面貌"":""不限"",""基层工作最低年限"":""无限制"",""服务基层项目工作经历"":""无限制"",""是否在面试阶段组织专业能力测试"":""否"",""面试人员比例"":""3:1"",""工作地点"":""湖南省株洲市醴陵市"",""落户地点"":""湖南省株洲市醴陵市"",""备注"":""1.报名时请在专业栏中同时填写专业名称和专业代码；2.限应届高校毕业生报考，请在备注栏中注明本人具有应届高校毕业生身份。"",""部门网站"":""http://www.nfra.gov.cn/"",""咨询电话1"":""0731-82830698"",""咨询电话2"":""0731-82830426"",""咨询电话3"":"""",""来源Sheet"":""中央国家行政机关省级以下直属机构""}}"
"government_jobs","国家公务员2026招考简章","公务员/事业单位技术岗位","湖南省常德市汉寿县","2026-07-28T09:12:58.310295+00:00","科技部门一级主任科员及以下","国家金融监督管理总局湖南监管局","","湖南省常德市汉寿县","公务员/事业单位;2026;computer_software;本科及以上;与最高学历相对应的学位;本科：计算机类（不含物联网工程、数字媒体技术、空间信息与数字技术、新媒体技术、电影制作、服务科学与工程、虚拟现实技术、区块链工程、工业软件等专业）；硕士研究生及以上：计算机类（计算机科学与技术、软件工程等专业）;市（地）级及以下直属机构综合管理类","用人司局：国家金融监督管理总局汉寿监管支局
职位简介：主要从事金融信息科技风险监管、电子设备软硬件管理及信息系统运行维护等工作。
专业要求：本科：计算机类（不含物联网工程、数字媒体技术、空间信息与数字技术、新媒体技术、电影制作、服务科学与工程、虚拟现实技术、区块链工程、工业软件等专业）；硕士研究生及以上：计算机类（计算机科学与技术、软件工程等专业）
学历要求：本科及以上
学位要求：与最高学历相对应的学位
政治面貌：不限
基层工作经历：无限制
考试类别：市（地）级及以下直属机构综合管理类
备注：1.报名时请在专业栏中同时填写专业名称和专业代码；2.限应届高校毕业生报考，请在备注栏中注明本人具有应届高校毕业生身份。","http://bm.scs.gov.cn/kl2026#132118-300147651001","2025-10-14","{""dataset_year"":2026,""job_uid"":""GOV-2026-132118-300147651001"",""publisher"":""国家公务员局"",""publication_page"":""http://bm.scs.gov.cn/kl2026"",""attachment_url"":""local://2026_guokao_zhaokaojianzhang.zip"",""local_source_file"":""中央机关及其直属机构2026年度考试录用公务员招考简章.xls"",""local_source_sha256"":""2670bae1df1dd07a3a3c79b9db46a11e3bb15a6c9c249e6af98bfd0b61ce3aaf"",""source_sheet"":""中央国家行政机关省级以下直属机构"",""filter_version"":""government_tech_v2"",""tech_filter"":{""is_tech"":true,""is_core_tech"":true,""scope"":""core"",""categories"":[""computer_software""],""matched_fields"":[""major"",""description""],""major_terms"":[""区块链工程"",""数字媒体技术"",""物联网工程"",""空间信息与数字技术"",""虚拟现实技术"",""计算机科学与技术"",""计算机类"",""软件工程""],""role_terms"":[""信息科技"",""信息系统"",""软硬件""],""reason"":""tech_major_and_role""},""original"":{""部门代码"":""132118"",""部门名称"":""国家金融监督管理总局湖南监管局"",""用人司局"":""国家金融监督管理总局汉寿监管支局"",""机构性质"":""中央国家行政机关省级以下直属机构"",""招考职位"":""科技部门一级主任科员及以下"",""职位属性"":""金融监管计算机类职位"",""职位分布"":""其他职位"",""职位简介"":""主要从事金融信息科技风险监管、电子设备软硬件管理及信息系统运行维护等工作。"",""职位代码"":""300147651001"",""机构层级"":""县（区）级及以下"",""考试类别"":""市（地）级及以下直属机构综合管理类"",""招考人数"":""1"",""专业"":""本科：计算机类（不含物联网工程、数字媒体技术、空间信息与数字技术、新媒体技术、电影制作、服务科学与工程、虚拟现实技术、区块链工程、工业软件等专业）；硕士研究生及以上：计算机类（计算机科学与技术、软件工程等专业）"",""学历"":""本科及以上"",""学位"":""与最高学历相对应的学位"",""政治面貌"":""不限"",""基层工作最低年限"":""无限制"",""服务基层项目工作经历"":""无限制"",""是否在面试阶段组织专业能力测试"":""否"",""面试人员比例"":""3:1"",""工作地点"":""湖南省常德市汉寿县"",""落户地点"":""湖南省常德市汉寿县"",""备注"":""1.报名时请在专业栏中同时填写专业名称和专业代码；2.限应届高校毕业生报考，请在备注栏中注明本人具有应届高校毕业生身份。"",""部门网站"":""http://www.nfra.gov.cn/"",""咨询电话1"":""0731-82830698"",""咨询电话2"":""0731-82830426"",""咨询电话3"":"""",""来源Sheet"":""中央国家行政机关省级以下直属机构""}}"
"government_jobs","国家公务员2026招考简章","公务员/事业单位技术岗位","湖南省怀化市通道侗族自治县","2026-07-28T09:12:58.310295+00:00","科技部门一级主任科员及以下","国家金融监督管理总局湖南监管局","","湖南省怀化市通道侗族自治县","公务员/事业单位;2026;computer_software;仅限本科;学士;计算机类（不含物联网工程、数字媒体技术、空间信息与数字技术、新媒体技术、电影制作、服务科学与工程、虚拟现实技术、区块链工程、工业软件等专业）;市（地）级及以下直属机构综合管理类","用人司局：国家金融监督管理总局通道监管支局
职位简介：主要从事金融信息科技风险监管、电子设备软硬件管理及信息系统运行维护等工作。
专业要求：计算机类（不含物联网工程、数字媒体技术、空间信息与数字技术、新媒体技术、电影制作、服务科学与工程、虚拟现实技术、区块链工程、工业软件等专业）
学历要求：仅限本科
学位要求：学士
政治面貌：不限
基层工作经历：无限制
考试类别：市（地）级及以下直属机构综合管理类
备注：报名时请在专业栏中同时填写专业名称和专业代码。","http://bm.scs.gov.cn/kl2026#132118-300147657001","2025-10-14","{""dataset_year"":2026,""job_uid"":""GOV-2026-132118-300147657001"",""publisher"":""国家公务员局"",""publication_page"":""http://bm.scs.gov.cn/kl2026"",""attachment_url"":""local://2026_guokao_zhaokaojianzhang.zip"",""local_source_file"":""中央机关及其直属机构2026年度考试录用公务员招考简章.xls"",""local_source_sha256"":""2670bae1df1dd07a3a3c79b9db46a11e3bb15a6c9c249e6af98bfd0b61ce3aaf"",""source_sheet"":""中央国家行政机关省级以下直属机构"",""filter_version"":""government_tech_v2"",""tech_filter"":{""is_tech"":true,""is_core_tech"":true,""scope"":""core"",""categories"":[""computer_software""],""matched_fields"":[""major"",""description""],""major_terms"":[""区块链工程"",""数字媒体技术"",""物联网工程"",""空间信息与数字技术"",""虚拟现实技术"",""计算机类""],""role_terms"":[""信息科技"",""信息系统"",""软硬件""],""reason"":""tech_major_and_role""},""original"":{""部门代码"":""132118"",""部门名称"":""国家金融监督管理总局湖南监管局"",""用人司局"":""国家金融监督管理总局通道监管支局"",""机构性质"":""中央国家行政机关省级以下直属机构"",""招考职位"":""科技部门一级主任科员及以下"",""职位属性"":""金融监管计算机类职位"",""职位分布"":""其他职位"",""职位简介"":""主要从事金融信息科技风险监管、电子设备软硬件管理及信息系统运行维护等工作。"",""职位代码"":""300147657001"",""机构层级"":""县（区）级及以下"",""考试类别"":""市（地）级及以下直属机构综合管理类"",""招考人数"":""1"",""专业"":""计算机类（不含物联网工程、数字媒体技术、空间信息与数字技术、新媒体技术、电影制作、服务科学与工程、虚拟现实技术、区块链工程、工业软件等专业）"",""学历"":""仅限本科"",""学位"":""学士"",""政治面貌"":""不限"",""基层工作最低年限"":""无限制"",""服务基层项目工作经历"":""无限制"",""是否在面试阶段组织专业能力测试"":""否"",""面试人员比例"":""3:1"",""工作地点"":""湖南省怀化市通道侗族自治县"",""落户地点"":""湖南省怀化市通道侗族自治县"",""备注"":""报名时请在专业栏中同时填写专业名称和专业代码。"",""部门网站"":""http://www.nfra.gov.cn/"",""咨询电话1"":""0731-82830698"",""咨询电话2"":""0731-82830426"",""咨询电话3"":"""",""来源Sheet"":""中央国家行政机关省级以下直属机构""}}"
"government_jobs","国家公务员2026招考简章","公务员/事业单位技术岗位","湖南省郴州市临武县","2026-07-28T09:12:58.310295+00:00","科技部门一级主任科员及以下","国家金融监督管理总局湖南监管局","","湖南省郴州市临武县","公务员/事业单位;2026;computer_software;本科及以上;与最高学历相对应的学位;本科：计算机类（不含物联网工程、数字媒体技术、空间信息与数字技术、新媒体技术、电影制作、服务科学与工程、虚拟现实技术、区块链工程、工业软件等专业）；硕士研究生及以上：计算机类（计算机科学与技术、软件工程等专业）;市（地）级及以下直属机构综合管理类","用人司局：国家金融监督管理总局临武监管支局
职位简介：主要从事金融信息科技风险监管、电子设备软硬件管理及信息系统运行维护等工作。
专业要求：本科：计算机类（不含物联网工程、数字媒体技术、空间信息与数字技术、新媒体技术、电影制作、服务科学与工程、虚拟现实技术、区块链工程、工业软件等专业）；硕士研究生及以上：计算机类（计算机科学与技术、软件工程等专业）
学历要求：本科及以上
学位要求：与最高学历相对应的学位
政治面貌：不限
基层工作经历：无限制
考试类别：市（地）级及以下直属机构综合管理类
备注：1.报名时请在专业栏中同时填写专业名称和专业代码；2.限应届高校毕业生报考，请在备注栏中注明本人具有应届高校毕业生身份。","http://bm.scs.gov.cn/kl2026#132118-300147658001","2025-10-14","{""dataset_year"":2026,""job_uid"":""GOV-2026-132118-300147658001"",""publisher"":""国家公务员局"",""publication_page"":""http://bm.scs.gov.cn/kl2026"",""attachment_url"":""local://2026_guokao_zhaokaojianzhang.zip"",""local_source_file"":""中央机关及其直属机构2026年度考试录用公务员招考简章.xls"",""local_source_sha256"":""2670bae1df1dd07a3a3c79b9db46a11e3bb15a6c9c249e6af98bfd0b61ce3aaf"",""source_sheet"":""中央国家行政机关省级以下直属机构"",""filter_version"":""government_tech_v2"",""tech_filter"":{""is_tech"":true,""is_core_tech"":true,""scope"":""core"",""categories"":[""computer_software""],""matched_fields"":[""major"",""description""],""major_terms"":[""区块链工程"",""数字媒体技术"",""物联网工程"",""空间信息与数字技术"",""虚拟现实技术"",""计算机科学与技术"",""计算机类"",""软件工程""],""role_terms"":[""信息科技"",""信息系统"",""软硬件""],""reason"":""tech_major_and_role""},""original"":{""部门代码"":""132118"",""部门名称"":""国家金融监督管理总局湖南监管局"",""用人司局"":""国家金融监督管理总局临武监管支局"",""机构性质"":""中央国家行政机关省级以下直属机构"",""招考职位"":""科技部门一级主任科员及以下"",""职位属性"":""金融监管计算机类职位"",""职位分布"":""其他职位"",""职位简介"":""主要从事金融信息科技风险监管、电子设备软硬件管理及信息系统运行维护等工作。"",""职位代码"":""300147658001"",""机构层级"":""县（区）级及以下"",""考试类别"":""市（地）级及以下直属机构综合管理类"",""招考人数"":""1"",""专业"":""本科：计算机类（不含物联网工程、数字媒体技术、空间信息与数字技术、新媒体技术、电影制作、服务科学与工程、虚拟现实技术、区块链工程、工业软件等专业）；硕士研究生及以上：计算机类（计算机科学与技术、软件工程等专业）"",""学历"":""本科及以上"",""学位"":""与最高学历相对应的学位"",""政治面貌"":""不限"",""基层工作最低年限"":""无限制"",""服务基层项目工作经历"":""无限制"",""是否在面试阶段组织专业能力测试"":""否"",""面试人员比例"":""3:1"",""工作地点"":""湖南省郴州市临武县"",""落户地点"":""湖南省郴州市临武县"",""备注"":""1.报名时请在专业栏中同时填写专业名称和专业代码；2.限应届高校毕业生报考，请在备注栏中注明本人具有应届高校毕业生身份。"",""部门网站"":""http://www.nfra.gov.cn/"",""咨询电话1"":""0731-82830698"",""咨询电话2"":""0731-82830426"",""咨询电话3"":"""",""来源Sheet"":""中央国家行政机关省级以下直属机构""}}"
"government_jobs","国家公务员2026招考简章","公务员/事业单位技术岗位","湖南省永州市祁阳市","2026-07-28T09:12:58.310295+00:00","科技部门一级主任科员及以下","国家金融监督管理总局湖南监管局","","湖南省永州市祁阳市","公务员/事业单位;2026;computer_software;本科及以上;与最高学历相对应的学位;本科：计算机类（不含物联网工程、数字媒体技术、空间信息与数字技术、新媒体技术、电影制作、服务科学与工程、虚拟现实技术、区块链工程、工业软件等专业）；硕士研究生及以上：计算机类（计算机科学与技术、软件工程等专业）;市（地）级及以下直属机构综合管理类","用人司局：国家金融监督管理总局祁阳监管支局
职位简介：主要从事金融信息科技风险监管、电子设备软硬件管理及信息系统运行维护等工作。
专业要求：本科：计算机类（不含物联网工程、数字媒体技术、空间信息与数字技术、新媒体技术、电影制作、服务科学与工程、虚拟现实技术、区块链工程、工业软件等专业）；硕士研究生及以上：计算机类（计算机科学与技术、软件工程等专业）
学历要求：本科及以上
学位要求：与最高学历相对应的学位
政治面貌：不限
基层工作经历：无限制
考试类别：市（地）级及以下直属机构综合管理类
备注：报名时请在专业栏中同时填写专业名称和专业代码。","http://bm.scs.gov.cn/kl2026#132118-300147661001","2025-10-14","{""dataset_year"":2026,""job_uid"":""GOV-2026-132118-300147661001"",""publisher"":""国家公务员局"",""publication_page"":""http://bm.scs.gov.cn/kl2026"",""attachment_url"":""local://2026_guokao_zhaokaojianzhang.zip"",""local_source_file"":""中央机关及其直属机构2026年度考试录用公务员招考简章.xls"",""local_source_sha256"":""2670bae1df1dd07a3a3c79b9db46a11e3bb15a6c9c249e6af98bfd0b61ce3aaf"",""source_sheet"":""中央国家行政机关省级以下直属机构"",""filter_version"":""government_tech_v2"",""tech_filter"":{""is_tech"":true,""is_core_tech"":true,""scope"":""core"",""categories"":[""computer_software""],""matched_fields"":[""major"",""description""],""major_terms"":[""区块链工程"",""数字媒体技术"",""物联网工程"",""空间信息与数字技术"",""虚拟现实技术"",""计算机科学与技术"",""计算机类"",""软件工程""],""role_terms"":[""信息科技"",""信息系统"",""软硬件""],""reason"":""tech_major_and_role""},""original"":{""部门代码"":""132118"",""部门名称"":""国家金融监督管理总局湖南监管局"",""用人司局"":""国家金融监督管理总局祁阳监管支局"",""机构性质"":""中央国家行政机关省级以下直属机构"",""招考职位"":""科技部门一级主任科员及以下"",""职位属性"":""金融监管计算机类职位"",""职位分布"":""其他职位"",""职位简介"":""主要从事金融信息科技风险监管、电子设备软硬件管理及信息系统运行维护等工作。"",""职位代码"":""300147661001"",""机构层级"":""县（区）级及以下"",""考试类别"":""市（地）级及以下直属机构综合管理类"",""招考人数"":""1"",""专业"":""本科：计算机类（不含物联网工程、数字媒体技术、空间信息与数字技术、新媒体技术、电影制作、服务科学与工程、虚拟现实技术、区块链工程、工业软件等专业）；硕士研究生及以上：计算机类（计算机科学与技术、软件工程等专业）"",""学历"":""本科及以上"",""学位"":""与最高学历相对应的学位"",""政治面貌"":""不限"",""基层工作最低年限"":""无限制"",""服务基层项目工作经历"":""无限制"",""是否在面试阶段组织专业能力测试"":""否"",""面试人员比例"":""3:1"",""工作地点"":""湖南省永州市祁阳市"",""落户地点"":""湖南省永州市祁阳市"",""备注"":""报名时请在专业栏中同时填写专业名称和专业代码。"",""部门网站"":""http://www.nfra.gov.cn/"",""咨询电话1"":""0731-82830698"",""咨询电话2"":""0731-82830426"",""咨询电话3"":"""",""来源Sheet"":""中央国家行政机关省级以下直属机构""}}"
"government_jobs","国家公务员2026招考简章","公务员/事业单位技术岗位","湖南省永州市双牌县","2026-07-28T09:12:58.310295+00:00","科技部门一级主任科员及以下","国家金融监督管理总局湖南监管局","","湖南省永州市双牌县","公务员/事业单位;2026;computer_software;本科及以上;与最高学历相对应的学位;本科：计算机类（不含物联网工程、数字媒体技术、空间信息与数字技术、新媒体技术、电影制作、服务科学与工程、虚拟现实技术、区块链工程、工业软件等专业）；硕士研究生及以上：计算机类（计算机科学与技术、软件工程等专业）;市（地）级及以下直属机构综合管理类","用人司局：国家金融监督管理总局双牌监管支局
职位简介：主要从事金融信息科技风险监管、电子设备软硬件管理及信息系统运行维护等工作。
专业要求：本科：计算机类（不含物联网工程、数字媒体技术、空间信息与数字技术、新媒体技术、电影制作、服务科学与工程、虚拟现实技术、区块链工程、工业软件等专业）；硕士研究生及以上：计算机类（计算机科学与技术、软件工程等专业）
学历要求：本科及以上
学位要求：与最高学历相对应的学位
政治面貌：不限
基层工作经历：无限制
考试类别：市（地）级及以下直属机构综合管理类
备注：1.报名时请在专业栏中同时填写专业名称和专业代码；2.限应届高校毕业生报考，请在备注栏中注明本人具有应届高校毕业生身份。","http://bm.scs.gov.cn/kl2026#132118-300147662001","2025-10-14","{""dataset_year"":2026,""job_uid"":""GOV-2026-132118-300147662001"",""publisher"":""国家公务员局"",""publication_page"":""http://bm.scs.gov.cn/kl2026"",""attachment_url"":""local://2026_guokao_zhaokaojianzhang.zip"",""local_source_file"":""中央机关及其直属机构2026年度考试录用公务员招考简章.xls"",""local_source_sha256"":""2670bae1df1dd07a3a3c79b9db46a11e3bb15a6c9c249e6af98bfd0b61ce3aaf"",""source_sheet"":""中央国家行政机关省级以下直属机构"",""filter_version"":""government_tech_v2"",""tech_filter"":{""is_tech"":true,""is_core_tech"":true,""scope"":""core"",""categories"":[""computer_software""],""matched_fields"":[""major"",""description""],""major_terms"":[""区块链工程"",""数字媒体技术"",""物联网工程"",""空间信息与数字技术"",""虚拟现实技术"",""计算机科学与技术"",""计算机类"",""软件工程""],""role_terms"":[""信息科技"",""信息系统"",""软硬件""],""reason"":""tech_major_and_role""},""original"":{""部门代码"":""132118"",""部门名称"":""国家金融监督管理总局湖南监管局"",""用人司局"":""国家金融监督管理总局双牌监管支局"",""机构性质"":""中央国家行政机关省级以下直属机构"",""招考职位"":""科技部门一级主任科员及以下"",""职位属性"":""金融监管计算机类职位"",""职位分布"":""其他职位"",""职位简介"":""主要从事金融信息科技风险监管、电子设备软硬件管理及信息系统运行维护等工作。"",""职位代码"":""300147662001"",""机构层级"":""县（区）级及以下"",""考试类别"":""市（地）级及以下直属机构综合管理类"",""招考人数"":""1"",""专业"":""本科：计算机类（不含物联网工程、数字媒体技术、空间信息与数字技术、新媒体技术、电影制作、服务科学与工程、虚拟现实技术、区块链工程、工业软件等专业）；硕士研究生及以上：计算机类（计算机科学与技术、软件工程等专业）"",""学历"":""本科及以上"",""学位"":""与最高学历相对应的学位"",""政治面貌"":""不限"",""基层工作最低年限"":""无限制"",""服务基层项目工作经历"":""无限制"",""是否在面试阶段组织专业能力测试"":""否"",""面试人员比例"":""3:1"",""工作地点"":""湖南省永州市双牌县"",""落户地点"":""湖南省永州市双牌县"",""备注"":""1.报名时请在专业栏中同时填写专业名称和专业代码；2.限应届高校毕业生报考，请在备注栏中注明本人具有应届高校毕业生身份。"",""部门网站"":""http://www.nfra.gov.cn/"",""咨询电话1"":""0731-82830698"",""咨询电话2"":""0731-82830426"",""咨询电话3"":"""",""来源Sheet"":""中央国家行政机关省级以下直属机构""}}"
"government_jobs","国家公务员2026招考简章","公务员/事业单位技术岗位","湖南省永州市江华瑶族自治县","2026-07-28T09:12:58.310295+00:00","科技部门一级主任科员及以下","国家金融监督管理总局湖南监管局","","湖南省永州市江华瑶族自治县","公务员/事业单位;2026;computer_software;本科及以上;与最高学历相对应的学位;本科：计算机类（不含物联网工程、数字媒体技术、空间信息与数字技术、新媒体技术、电影制作、服务科学与工程、虚拟现实技术、区块链工程、工业软件等专业）；硕士研究生及以上：计算机类（计算机科学与技术、软件工程等专业）;市（地）级及以下直属机构综合管理类","用人司局：国家金融监督管理总局江华监管支局
职位简介：主要从事金融信息科技风险监管、电子设备软硬件管理及信息系统运行维护等工作。
专业要求：本科：计算机类（不含物联网工程、数字媒体技术、空间信息与数字技术、新媒体技术、电影制作、服务科学与工程、虚拟现实技术、区块链工程、工业软件等专业）；硕士研究生及以上：计算机类（计算机科学与技术、软件工程等专业）
学历要求：本科及以上
学位要求：与最高学历相对应的学位
政治面貌：不限
基层工作经历：无限制
考试类别：市（地）级及以下直属机构综合管理类
备注：1.报名时请在专业栏中同时填写专业名称和专业代码；2.限应届高校毕业生报考，请在备注栏中注明本人具有应届高校毕业生身份。","http://bm.scs.gov.cn/kl2026#132118-300147663001","2025-10-14","{""dataset_year"":2026,""job_uid"":""GOV-2026-132118-300147663001"",""publisher"":""国家公务员局"",""publication_page"":""http://bm.scs.gov.cn/kl2026"",""attachment_url"":""local://2026_guokao_zhaokaojianzhang.zip"",""local_source_file"":""中央机关及其直属机构2026年度考试录用公务员招考简章.xls"",""local_source_sha256"":""2670bae1df1dd07a3a3c79b9db46a11e3bb15a6c9c249e6af98bfd0b61ce3aaf"",""source_sheet"":""中央国家行政机关省级以下直属机构"",""filter_version"":""government_tech_v2"",""tech_filter"":{""is_tech"":true,""is_core_tech"":true,""scope"":""core"",""categories"":[""computer_software""],""matched_fields"":[""major"",""description""],""major_terms"":[""区块链工程"",""数字媒体技术"",""物联网工程"",""空间信息与数字技术"",""虚拟现实技术"",""计算机科学与技术"",""计算机类"",""软件工程""],""role_terms"":[""信息科技"",""信息系统"",""软硬件""],""reason"":""tech_major_and_role""},""original"":{""部门代码"":""132118"",""部门名称"":""国家金融监督管理总局湖南监管局"",""用人司局"":""国家金融监督管理总局江华监管支局"",""机构性质"":""中央国家行政机关省级以下直属机构"",""招考职位"":""科技部门一级主任科员及以下"",""职位属性"":""金融监管计算机类职位"",""职位分布"":""其他职位"",""职位简介"":""主要从事金融信息科技风险监管、电子设备软硬件管理及信息系统运行维护等工作。"",""职位代码"":""300147663001"",""机构层级"":""县（区）级及以下"",""考试类别"":""市（地）级及以下直属机构综合管理类"",""招考人数"":""1"",""专业"":""本科：计算机类（不含物联网工程、数字媒体技术、空间信息与数字技术、新媒体技术、电影制作、服务科学与工程、虚拟现实技术、区块链工程、工业软件等专业）；硕士研究生及以上：计算机类（计算机科学与技术、软件工程等专业）"",""学历"":""本科及以上"",""学位"":""与最高学历相对应的学位"",""政治面貌"":""不限"",""基层工作最低年限"":""无限制"",""服务基层项目工作经历"":""无限制"",""是否在面试阶段组织专业能力测试"":""否"",""面试人员比例"":""3:1"",""工作地点"":""湖南省永州市江华瑶族自治县"",""落户地点"":""湖南省永州市江华瑶族自治县"",""备注"":""1.报名时请在专业栏中同时填写专业名称和专业代码；2.限应届高校毕业生报考，请在备注栏中注明本人具有应届高校毕业生身份。"",""部门网站"":""http://www.nfra.gov.cn/"",""咨询电话1"":""0731-82830698"",""咨询电话2"":""0731-82830426"",""咨询电话3"":"""",""来源Sheet"":""中央国家行政机关省级以下直属机构""}}"
"government_jobs","国家公务员2026招考简章","公务员/事业单位技术岗位","广东省梅州市平远县","2026-07-28T09:12:58.310295+00:00","科技部门一级主任科员及以下","国家金融监督管理总局广东监管局","","广东省梅州市平远县","公务员/事业单位;2026;computer_software;仅限本科;学士;经济学类（专业代码为0201开头）、金融学类（专业代码为0203开头）;市（地）级及以下直属机构综合管理类","用人司局：国家金融监督管理总局平远监管支局
职位简介：主要从事金融信息科技风险监管、电子设备软硬件管理及信息系统运行维护等工作。
专业要求：经济学类（专业代码为0201开头）、金融学类（专业代码为0203开头）
学历要求：仅限本科
学位要求：学士
政治面貌：中共党员
基层工作经历：无限制
考试类别：市（地）级及以下直属机构综合管理类
备注：1.报名时请在专业栏中同时填写专业名称和专业代码；2.限应届高校毕业生报考，请在备注栏中注明本人具有应届高校毕业生身份；3.有关专业考试信息参见2026年度国家金融监督管理总局招考职位专业科目笔试考试大纲。","http://bm.scs.gov.cn/kl2026#132119-300144684001","2025-10-14","{""dataset_year"":2026,""job_uid"":""GOV-2026-132119-300144684001"",""publisher"":""国家公务员局"",""publication_page"":""http://bm.scs.gov.cn/kl2026"",""attachment_url"":""local://2026_guokao_zhaokaojianzhang.zip"",""local_source_file"":""中央机关及其直属机构2026年度考试录用公务员招考简章.xls"",""local_source_sha256"":""2670bae1df1dd07a3a3c79b9db46a11e3bb15a6c9c249e6af98bfd0b61ce3aaf"",""source_sheet"":""中央国家行政机关省级以下直属机构"",""filter_version"":""government_tech_v2"",""tech_filter"":{""is_tech"":true,""is_core_tech"":true,""scope"":""core"",""categories"":[""computer_software""],""matched_fields"":[""description""],""major_terms"":[],""role_terms"":[""信息科技"",""信息系统"",""软硬件""],""reason"":""tech_role""},""original"":{""部门代码"":""132119"",""部门名称"":""国家金融监督管理总局广东监管局"",""用人司局"":""国家金融监督管理总局平远监管支局"",""机构性质"":""中央国家行政机关省级以下直属机构"",""招考职位"":""科技部门一级主任科员及以下"",""职位属性"":""金融监管财经类职位"",""职位分布"":""其他职位"",""职位简介"":""主要从事金融信息科技风险监管、电子设备软硬件管理及信息系统运行维护等工作。"",""职位代码"":""300144684001"",""机构层级"":""县（区）级及以下"",""考试类别"":""市（地）级及以下直属机构综合管理类"",""招考人数"":""1"",""专业"":""经济学类（专业代码为0201开头）、金融学类（专业代码为0203开头）"",""学历"":""仅限本科"",""学位"":""学士"",""政治面貌"":""中共党员"",""基层工作最低年限"":""无限制"",""服务基层项目工作经历"":""无限制"",""是否在面试阶段组织专业能力测试"":""否"",""面试人员比例"":""3:1"",""工作地点"":""广东省梅州市平远县"",""落户地点"":""广东省梅州市平远县"",""备注"":""1.报名时请在专业栏中同时填写专业名称和专业代码；2.限应届高校毕业生报考，请在备注栏中注明本人具有应届高校毕业生身份；3.有关专业考试信息参见2026年度国家金融监督管理总局招考职位专业科目笔试考试大纲。"",""部门网站"":""http://www.nfra.gov.cn/"",""咨询电话1"":""020-83180132"",""咨询电话2"":""020-83180121"",""咨询电话3"":"""",""来源Sheet"":""中央国家行政机关省级以下直属机构""}}"
"government_jobs","国家公务员2026招考简章","公务员/事业单位技术岗位","广东省珠海市","2026-07-28T09:12:58.310295+00:00","统计信息部门一级主任科员及以下","国家金融监督管理总局广东监管局","","广东省珠海市","公务员/事业单位;2026;computer_software;cybersecurity_cryptography;data_ai;本科或硕士研究生;与最高学历相对应的学位;本科0809下：计算机科学与技术、软件工程、网络工程、信息安全、物联网工程、电子与计算机工程、数据科学与大数据技术、网络空间安全； 研究生：0812计算机科学与技术、083500软件工程;市（地）级及以下直属机构综合管理类","用人司局：国家金融监督管理总局珠海监管分局
职位简介：主要从事金融监管数据统计分析工作。
专业要求：本科0809下：计算机科学与技术、软件工程、网络工程、信息安全、物联网工程、电子与计算机工程、数据科学与大数据技术、网络空间安全； 研究生：0812计算机科学与技术、083500软件工程
学历要求：本科或硕士研究生
学位要求：与最高学历相对应的学位
政治面貌：不限
基层工作经历：无限制
考试类别：市（地）级及以下直属机构综合管理类
备注：1.报名时请在专业栏中同时填写专业名称和专业代码；2.限应届高校毕业生报考，请在备注栏中注明本人具有应届高校毕业生身份；3.要求本科学历大学英语四级成绩在425分及以上（雅思成绩在6分及以上、托福成绩在80分及以上、取得英语专业四级或专业八级合格证书亦可），要求研究生学历大学英语六级成绩在425分及以上（雅思成绩在6.5分及以上、托福成绩在90分及以上、取得英语专业四级或专业八级合格证书亦可），请在外语水平栏注明已获得的英语等级证书及成绩；4.专业考试信息请参见2026年度国家金融监督管理总局招考职位专业科目笔试考试大纲。","http://bm.scs.gov.cn/kl2026#132119-300147668001","2025-10-14","{""dataset_year"":2026,""job_uid"":""GOV-2026-132119-300147668001"",""publisher"":""国家公务员局"",""publication_page"":""http://bm.scs.gov.cn/kl2026"",""attachment_url"":""local://2026_guokao_zhaokaojianzhang.zip"",""local_source_file"":""中央机关及其直属机构2026年度考试录用公务员招考简章.xls"",""local_source_sha256"":""2670bae1df1dd07a3a3c79b9db46a11e3bb15a6c9c249e6af98bfd0b61ce3aaf"",""source_sheet"":""中央国家行政机关省级以下直属机构"",""filter_version"":""government_tech_v2"",""tech_filter"":{""is_tech"":true,""is_core_tech"":true,""scope"":""core"",""categories"":[""computer_software"",""cybersecurity_cryptography"",""data_ai""],""matched_fields"":[""major"",""description""],""major_terms"":[""信息安全"",""大数据"",""数据科学与大数据技术"",""物联网工程"",""网络工程"",""网络空间安全"",""计算机"",""计算机科学与技术"",""软件工程""],""role_terms"":[""数据统计分析""],""reason"":""tech_major_and_role""},""original"":{""部门代码"":""132119"",""部门名称"":""国家金融监督管理总局广东监管局"",""用人司局"":""国家金融监督管理总局珠海监管分局"",""机构性质"":""中央国家行政机关省级以下直属机构"",""招考职位"":""统计信息部门一级主任科员及以下"",""职位属性"":""金融监管计算机类职位"",""职位分布"":""其他职位"",""职位简介"":""主要从事金融监管数据统计分析工作。"",""职位代码"":""300147668001"",""机构层级"":""市（地）级"",""考试类别"":""市（地）级及以下直属机构综合管理类"",""招考人数"":""1"",""专业"":""本科0809下：计算机科学与技术、软件工程、网络工程、信息安全、物联网工程、电子与计算机工程、数据科学与大数据技术、网络空间安全； 研究生：0812计算机科学与技术、083500软件工程"",""学历"":""本科或硕士研究生"",""学位"":""与最高学历相对应的学位"",""政治面貌"":""不限"",""基层工作最低年限"":""无限制"",""服务基层项目工作经历"":""无限制"",""是否在面试阶段组织专业能力测试"":""否"",""面试人员比例"":""3:1"",""工作地点"":""广东省珠海市"",""落户地点"":""广东省珠海市"",""备注"":""1.报名时请在专业栏中同时填写专业名称和专业代码；2.限应届高校毕业生报考，请在备注栏中注明本人具有应届高校毕业生身份；3.要求本科学历大学英语四级成绩在425分及以上（雅思成绩在6分及以上、托福成绩在80分及以上、取得英语专业四级或专业八级合格证书亦可），要求研究生学历大学英语六级成绩在425分及以上（雅思成绩在6.5分及以上、托福成绩在90分及以上、取得英语专业四级或专业八级合格证书亦可），请在外语水平栏注明已获得的英语等级证书及成绩；4.专业考试信息请参见2026年度国家金融监督管理总局招考职位专业科目笔试考试大纲。"",""部门网站"":""http://www.nfra.gov.cn/"",""咨询电话1"":""020-83180132"",""咨询电话2"":""020-83180121"",""咨询电话3"":"""",""来源Sheet"":""中央国家行政机关省级以下直属机构""}}"
"government_jobs","国家公务员2026招考简章","公务员/事业单位技术岗位","广东省汕头市","2026-07-28T09:12:58.310295+00:00","科技部门一级主任科员及以下","国家金融监督管理总局广东监管局","","广东省汕头市","公务员/事业单位;2026;computer_software;cybersecurity_cryptography;仅限本科;学士;080901计算机科学与技术、080902软件工程、080903网络工程、080904K信息安全;市（地）级及以下直属机构综合管理类","用人司局：国家金融监督管理总局汕头监管分局
职位简介：主要从事金融信息科技风险监管、电子设备软硬件管理及信息系统运行维护等工作。
专业要求：080901计算机科学与技术、080902软件工程、080903网络工程、080904K信息安全
学历要求：仅限本科
学位要求：学士
政治面貌：不限
基层工作经历：无限制
考试类别：市（地）级及以下直属机构综合管理类
备注：1.报名时请在专业栏中同时填写专业名称和专业代码；2.限应届高校毕业生报考，请在备注栏中注明本人具有应届高校毕业生身份；3.要求本科学历大学英语四级成绩在425分及以上（雅思成绩在6分及以上、托福成绩在80分及以上、取得英语专业四级或专业八级合格证书亦可），请在外语水平栏注明已获得的英语等级证书及成绩；4.专业考试信息请参见2026年度国家金融监督管理总局招考职位专业科目笔试考试大纲。","http://bm.scs.gov.cn/kl2026#132119-300147669001","2025-10-14","{""dataset_year"":2026,""job_uid"":""GOV-2026-132119-300147669001"",""publisher"":""国家公务员局"",""publication_page"":""http://bm.scs.gov.cn/kl2026"",""attachment_url"":""local://2026_guokao_zhaokaojianzhang.zip"",""local_source_file"":""中央机关及其直属机构2026年度考试录用公务员招考简章.xls"",""local_source_sha256"":""2670bae1df1dd07a3a3c79b9db46a11e3bb15a6c9c249e6af98bfd0b61ce3aaf"",""source_sheet"":""中央国家行政机关省级以下直属机构"",""filter_version"":""government_tech_v2"",""tech_filter"":{""is_tech"":true,""is_core_tech"":true,""scope"":""core"",""categories"":[""computer_software"",""cybersecurity_cryptography""],""matched_fields"":[""major"",""description""],""major_terms"":[""信息安全"",""网络工程"",""计算机科学与技术"",""软件工程""],""role_terms"":[""信息科技"",""信息系统"",""软硬件""],""reason"":""tech_major_and_role""},""original"":{""部门代码"":""132119"",""部门名称"":""国家金融监督管理总局广东监管局"",""用人司局"":""国家金融监督管理总局汕头监管分局"",""机构性质"":""中央国家行政机关省级以下直属机构"",""招考职位"":""科技部门一级主任科员及以下"",""职位属性"":""金融监管计算机类职位"",""职位分布"":""其他职位"",""职位简介"":""主要从事金融信息科技风险监管、电子设备软硬件管理及信息系统运行维护等工作。"",""职位代码"":""300147669001"",""机构层级"":""市（地）级"",""考试类别"":""市（地）级及以下直属机构综合管理类"",""招考人数"":""1"",""专业"":""080901计算机科学与技术、080902软件工程、080903网络工程、080904K信息安全"",""学历"":""仅限本科"",""学位"":""学士"",""政治面貌"":""不限"",""基层工作最低年限"":""无限制"",""服务基层项目工作经历"":""无限制"",""是否在面试阶段组织专业能力测试"":""否"",""面试人员比例"":""3:1"",""工作地点"":""广东省汕头市"",""落户地点"":""广东省汕头市"",""备注"":""1.报名时请在专业栏中同时填写专业名称和专业代码；2.限应届高校毕业生报考，请在备注栏中注明本人具有应届高校毕业生身份；3.要求本科学历大学英语四级成绩在425分及以上（雅思成绩在6分及以上、托福成绩在80分及以上、取得英语专业四级或专业八级合格证书亦可），请在外语水平栏注明已获得的英语等级证书及成绩；4.专业考试信息请参见2026年度国家金融监督管理总局招考职位专业科目笔试考试大纲。"",""部门网站"":""http://www.nfra.gov.cn/"",""咨询电话1"":""020-83180132"",""咨询电话2"":""020-83180121"",""咨询电话3"":"""",""来源Sheet"":""中央国家行政机关省级以下直属机构""}}"
"government_jobs","国家公务员2026招考简章","公务员/事业单位技术岗位","广东省佛山市","2026-07-28T09:12:58.310295+00:00","科技部门一级主任科员及以下","国家金融监督管理总局广东监管局","","广东省佛山市","公务员/事业单位;2026;computer_software;仅限本科;学士;080901计算机科学与技术、080902软件工程、080903网络工程、080910T数据科学与大数据技术;市（地）级及以下直属机构综合管理类","用人司局：国家金融监督管理总局佛山监管分局
职位简介：主要从事金融信息科技风险监管、电子设备软硬件管理及信息系统运行维护等工作。
专业要求：080901计算机科学与技术、080902软件工程、080903网络工程、080910T数据科学与大数据技术
学历要求：仅限本科
学位要求：学士
政治面貌：不限
基层工作经历：无限制
考试类别：市（地）级及以下直属机构综合管理类
备注：1.报名时请在专业栏中同时填写专业名称和专业代码；2.限应届高校毕业生报考，请在备注栏中注明本人具有应届高校毕业生身份；3.要求本科学历大学英语四级成绩在425分及以上（雅思成绩在6分及以上、托福成绩在80分及以上、取得英语专业四级或专业八级合格证书亦可），请在外语水平栏注明已获得的英语等级证书及成绩；4.专业考试信息请参见2026年度国家金融监督管理总局招考职位专业科目笔试考试大纲。","http://bm.scs.gov.cn/kl2026#132119-300147672001","2025-10-14","{""dataset_year"":2026,""job_uid"":""GOV-2026-132119-300147672001"",""publisher"":""国家公务员局"",""publication_page"":""http://bm.scs.gov.cn/kl2026"",""attachment_url"":""local://2026_guokao_zhaokaojianzhang.zip"",""local_source_file"":""中央机关及其直属机构2026年度考试录用公务员招考简章.xls"",""local_source_sha256"":""2670bae1df1dd07a3a3c79b9db46a11e3bb15a6c9c249e6af98bfd0b61ce3aaf"",""source_sheet"":""中央国家行政机关省级以下直属机构"",""filter_version"":""government_tech_v2"",""tech_filter"":{""is_tech"":true,""is_core_tech"":true,""scope"":""core"",""categories"":[""computer_software""],""matched_fields"":[""major"",""description""],""major_terms"":[""大数据"",""数据科学与大数据技术"",""网络工程"",""计算机科学与技术"",""软件工程""],""role_terms"":[""信息科技"",""信息系统"",""软硬件""],""reason"":""tech_major_and_role""},""original"":{""部门代码"":""132119"",""部门名称"":""国家金融监督管理总局广东监管局"",""用人司局"":""国家金融监督管理总局佛山监管分局"",""机构性质"":""中央国家行政机关省级以下直属机构"",""招考职位"":""科技部门一级主任科员及以下"",""职位属性"":""金融监管计算机类职位"",""职位分布"":""其他职位"",""职位简介"":""主要从事金融信息科技风险监管、电子设备软硬件管理及信息系统运行维护等工作。"",""职位代码"":""300147672001"",""机构层级"":""市（地）级"",""考试类别"":""市（地）级及以下直属机构综合管理类"",""招考人数"":""1"",""专业"":""080901计算机科学与技术、080902软件工程、080903网络工程、080910T数据科学与大数据技术"",""学历"":""仅限本科"",""学位"":""学士"",""政治面貌"":""不限"",""基层工作最低年限"":""无限制"",""服务基层项目工作经历"":""无限制"",""是否在面试阶段组织专业能力测试"":""否"",""面试人员比例"":""3:1"",""工作地点"":""广东省佛山市"",""落户地点"":""广东省佛山市"",""备注"":""1.报名时请在专业栏中同时填写专业名称和专业代码；2.限应届高校毕业生报考，请在备注栏中注明本人具有应届高校毕业生身份；3.要求本科学历大学英语四级成绩在425分及以上（雅思成绩在6分及以上、托福成绩在80分及以上、取得英语专业四级或专业八级合格证书亦可），请在外语水平栏注明已获得的英语等级证书及成绩；4.专业考试信息请参见2026年度国家金融监督管理总局招考职位专业科目笔试考试大纲。"",""部门网站"":""http://www.nfra.gov.cn/"",""咨询电话1"":""020-83180132"",""咨询电话2"":""020-83180121"",""咨询电话3"":"""",""来源Sheet"":""中央国家行政机关省级以下直属机构""}}"
"government_jobs","国家公务员2026招考简章","公务员/事业单位技术岗位","广东省河源市","2026-07-28T09:12:58.310295+00:00","科技部门一级主任科员及以下","国家金融监督管理总局广东监管局","","广东省河源市","公务员/事业单位;2026;computer_software;cybersecurity_cryptography;本科或硕士研究生;与最高学历相对应的学位;大学本科：080901计算机科学与技术、080902软件工程、080903网络工程；研究生：0812计算机科学与技术、0835软件工程、0839网络空间安全;市（地）级及以下直属机构综合管理类","用人司局：国家金融监督管理总局河源监管分局
职位简介：主要从事金融信息科技风险监管、电子设备软硬件管理及信息系统运行维护等工作。
专业要求：大学本科：080901计算机科学与技术、080902软件工程、080903网络工程；研究生：0812计算机科学与技术、0835软件工程、0839网络空间安全
学历要求：本科或硕士研究生
学位要求：与最高学历相对应的学位
政治面貌：不限
基层工作经历：无限制
考试类别：市（地）级及以下直属机构综合管理类
备注：1.报名时请在专业栏中同时填写专业名称和专业代码；2.限应届高校毕业生报考，请在备注栏中注明本人具有应届高校毕业生身份；3.要求本科学历大学英语四级成绩在425分及以上（雅思成绩在6分及以上、托福成绩在80分及以上、取得英语专业四级或专业八级合格证书亦可），要求研究生学历大学英语六级成绩在425分及以上（雅思成绩在6.5分及以上、托福成绩在90分及以上、取得英语专业四级或专业八级合格证书亦可），请在外语水平栏注明已获得的英语等级证书及成绩；4.专业考试信息请参见2026年度国家金融监督管理总局招考职位专业科目笔试考试大纲。","http://bm.scs.gov.cn/kl2026#132119-300147680001","2025-10-14","{""dataset_year"":2026,""job_uid"":""GOV-2026-132119-300147680001"",""publisher"":""国家公务员局"",""publication_page"":""http://bm.scs.gov.cn/kl2026"",""attachment_url"":""local://2026_guokao_zhaokaojianzhang.zip"",""local_source_file"":""中央机关及其直属机构2026年度考试录用公务员招考简章.xls"",""local_source_sha256"":""2670bae1df1dd07a3a3c79b9db46a11e3bb15a6c9c249e6af98bfd0b61ce3aaf"",""source_sheet"":""中央国家行政机关省级以下直属机构"",""filter_version"":""government_tech_v2"",""tech_filter"":{""is_tech"":true,""is_core_tech"":true,""scope"":""core"",""categories"":[""computer_software"",""cybersecurity_cryptography""],""matched_fields"":[""major"",""description""],""major_terms"":[""网络工程"",""网络空间安全"",""计算机科学与技术"",""软件工程""],""role_terms"":[""信息科技"",""信息系统"",""软硬件""],""reason"":""tech_major_and_role""},""original"":{""部门代码"":""132119"",""部门名称"":""国家金融监督管理总局广东监管局"",""用人司局"":""国家金融监督管理总局河源监管分局"",""机构性质"":""中央国家行政机关省级以下直属机构"",""招考职位"":""科技部门一级主任科员及以下"",""职位属性"":""金融监管计算机类职位"",""职位分布"":""其他职位"",""职位简介"":""主要从事金融信息科技风险监管、电子设备软硬件管理及信息系统运行维护等工作。"",""职位代码"":""300147680001"",""机构层级"":""市（地）级"",""考试类别"":""市（地）级及以下直属机构综合管理类"",""招考人数"":""1"",""专业"":""大学本科：080901计算机科学与技术、080902软件工程、080903网络工程；研究生：0812计算机科学与技术、0835软件工程、0839网络空间安全"",""学历"":""本科或硕士研究生"",""学位"":""与最高学历相对应的学位"",""政治面貌"":""不限"",""基层工作最低年限"":""无限制"",""服务基层项目工作经历"":""无限制"",""是否在面试阶段组织专业能力测试"":""否"",""面试人员比例"":""3:1"",""工作地点"":""广东省河源市"",""落户地点"":""广东省河源市"",""备注"":""1.报名时请在专业栏中同时填写专业名称和专业代码；2.限应届高校毕业生报考，请在备注栏中注明本人具有应届高校毕业生身份；3.要求本科学历大学英语四级成绩在425分及以上（雅思成绩在6分及以上、托福成绩在80分及以上、取得英语专业四级或专业八级合格证书亦可），要求研究生学历大学英语六级成绩在425分及以上（雅思成绩在6.5分及以上、托福成绩在90分及以上、取得英语专业四级或专业八级合格证书亦可），请在外语水平栏注明已获得的英语等级证书及成绩；4.专业考试信息请参见2026年度国家金融监督管理总局招考职位专业科目笔试考试大纲。"",""部门网站"":""http://www.nfra.gov.cn/"",""咨询电话1"":""020-83180132"",""咨询电话2"":""020-83180121"",""咨询电话3"":"""",""来源Sheet"":""中央国家行政机关省级以下直属机构""}}"
"government_jobs","国家公务员2026招考简章","公务员/事业单位技术岗位","广东省惠州市惠东县","2026-07-28T09:12:58.310295+00:00","统计信息部门一级主任科员及以下","国家金融监督管理总局广东监管局","","广东省惠州市惠东县","公务员/事业单位;2026;computer_software;cybersecurity_cryptography;data_ai;electronics_communication;本科及以上;与最高学历相对应的学位;大学本科：0809计算机类；研究生：0812计算机科学与技术、0854电子信息、0839网络空间安全;市（地）级及以下直属机构综合管理类","用人司局：国家金融监督管理总局惠东监管支局
职位简介：主要从事金融监管数据统计分析工作。
专业要求：大学本科：0809计算机类；研究生：0812计算机科学与技术、0854电子信息、0839网络空间安全
学历要求：本科及以上
学位要求：与最高学历相对应的学位
政治面貌：不限
基层工作经历：无限制
考试类别：市（地）级及以下直属机构综合管理类
备注：1.报名时请在专业栏中同时填写专业名称和专业代码；2.限应届高校毕业生报考，请在备注栏中注明本人具有应届高校毕业生身份；3.要求本科学历大学英语四级成绩在425分及以上（雅思成绩在6分及以上、托福成绩在80分及以上、取得英语专业四级或专业八级合格证书亦可），要求研究生学历大学英语六级成绩在425分及以上（雅思成绩在6.5分及以上、托福成绩在90分及以上、取得英语专业四级或专业八级合格证书亦可），请在外语水平栏注明已获得的英语等级证书及成绩；4.有关专业考试信息参见2026年度国家金融监督管理总局招考职位专业科目笔试考试大纲。","http://bm.scs.gov.cn/kl2026#132119-300147689001","2025-10-14","{""dataset_year"":2026,""job_uid"":""GOV-2026-132119-300147689001"",""publisher"":""国家公务员局"",""publication_page"":""http://bm.scs.gov.cn/kl2026"",""attachment_url"":""local://2026_guokao_zhaokaojianzhang.zip"",""local_source_file"":""中央机关及其直属机构2026年度考试录用公务员招考简章.xls"",""local_source_sha256"":""2670bae1df1dd07a3a3c79b9db46a11e3bb15a6c9c249e6af98bfd0b61ce3aaf"",""source_sheet"":""中央国家行政机关省级以下直属机构"",""filter_version"":""government_tech_v2"",""tech_filter"":{""is_tech"":true,""is_core_tech"":true,""scope"":""core"",""categories"":[""computer_software"",""cybersecurity_cryptography"",""data_ai"",""electronics_communication""],""matched_fields"":[""major"",""description""],""major_terms"":[""电子信息"",""网络空间安全"",""计算机科学与技术"",""计算机类""],""role_terms"":[""数据统计分析""],""reason"":""tech_major_and_role""},""original"":{""部门代码"":""132119"",""部门名称"":""国家金融监督管理总局广东监管局"",""用人司局"":""国家金融监督管理总局惠东监管支局"",""机构性质"":""中央国家行政机关省级以下直属机构"",""招考职位"":""统计信息部门一级主任科员及以下"",""职位属性"":""金融监管计算机类职位"",""职位分布"":""其他职位"",""职位简介"":""主要从事金融监管数据统计分析工作。"",""职位代码"":""300147689001"",""机构层级"":""县（区）级及以下"",""考试类别"":""市（地）级及以下直属机构综合管理类"",""招考人数"":""1"",""专业"":""大学本科：0809计算机类；研究生：0812计算机科学与技术、0854电子信息、0839网络空间安全"",""学历"":""本科及以上"",""学位"":""与最高学历相对应的学位"",""政治面貌"":""不限"",""基层工作最低年限"":""无限制"",""服务基层项目工作经历"":""无限制"",""是否在面试阶段组织专业能力测试"":""否"",""面试人员比例"":""3:1"",""工作地点"":""广东省惠州市惠东县"",""落户地点"":""广东省惠州市惠东县"",""备注"":""1.报名时请在专业栏中同时填写专业名称和专业代码；2.限应届高校毕业生报考，请在备注栏中注明本人具有应届高校毕业生身份；3.要求本科学历大学英语四级成绩在425分及以上（雅思成绩在6分及以上、托福成绩在80分及以上、取得英语专业四级或专业八级合格证书亦可），要求研究生学历大学英语六级成绩在425分及以上（雅思成绩在6.5分及以上、托福成绩在90分及以上、取得英语专业四级或专业八级合格证书亦可），请在外语水平栏注明已获得的英语等级证书及成绩；4.有关专业考试信息参见2026年度国家金融监督管理总局招考职位专业科目笔试考试大纲。"",""部门网站"":""http://www.nfra.gov.cn/"",""咨询电话1"":""020-83180132"",""咨询电话2"":""020-83180121"",""咨询电话3"":"""",""来源Sheet"":""中央国家行政机关省级以下直属机构""}}"
"government_jobs","国家公务员2026招考简章","公务员/事业单位技术岗位","广东省阳江市","2026-07-28T09:12:58.310295+00:00","统计信息部门一级主任科员及以下","国家金融监督管理总局广东监管局","","广东省阳江市","公务员/事业单位;2026;computer_software;data_ai;electronics_communication;本科及以上;与最高学历相对应的学位;大学本科：0809计算机类； 研究生：0809电子科学与技术、0812计算机科学与技术、0835软件工程、0854电子信息;市（地）级及以下直属机构综合管理类","用人司局：国家金融监督管理总局阳江监管分局
职位简介：主要从事金融监管数据统计分析工作。
专业要求：大学本科：0809计算机类； 研究生：0809电子科学与技术、0812计算机科学与技术、0835软件工程、0854电子信息
学历要求：本科及以上
学位要求：与最高学历相对应的学位
政治面貌：不限
基层工作经历：无限制
考试类别：市（地）级及以下直属机构综合管理类
备注：1.报名时请在专业栏中同时填写专业名称和专业代码；2.限应届高校毕业生报考，请在备注栏中注明本人具有应届高校毕业生身份；3.要求本科学历大学英语四级成绩在425分及以上（雅思成绩在6分及以上、托福成绩在80分及以上、取得英语专业四级或专业八级合格证书亦可），要求研究生学历大学英语六级成绩在425分及以上（雅思成绩在6.5分及以上、托福成绩在90分及以上、取得英语专业四级或专业八级合格证书亦可），请在外语水平栏注明已获得的英语等级证书及成绩；4.专业考试信息请参见2026年度国家金融监督管理总局招考职位专业科目笔试考试大纲。","http://bm.scs.gov.cn/kl2026#132119-300147697001","2025-10-14","{""dataset_year"":2026,""job_uid"":""GOV-2026-132119-300147697001"",""publisher"":""国家公务员局"",""publication_page"":""http://bm.scs.gov.cn/kl2026"",""attachment_url"":""local://2026_guokao_zhaokaojianzhang.zip"",""local_source_file"":""中央机关及其直属机构2026年度考试录用公务员招考简章.xls"",""local_source_sha256"":""2670bae1df1dd07a3a3c79b9db46a11e3bb15a6c9c249e6af98bfd0b61ce3aaf"",""source_sheet"":""中央国家行政机关省级以下直属机构"",""filter_version"":""government_tech_v2"",""tech_filter"":{""is_tech"":true,""is_core_tech"":true,""scope"":""core"",""categories"":[""computer_software"",""data_ai"",""electronics_communication""],""matched_fields"":[""major"",""description""],""major_terms"":[""电子信息"",""电子科学与技术"",""计算机科学与技术"",""计算机类"",""软件工程""],""role_terms"":[""数据统计分析""],""reason"":""tech_major_and_role""},""original"":{""部门代码"":""132119"",""部门名称"":""国家金融监督管理总局广东监管局"",""用人司局"":""国家金融监督管理总局阳江监管分局"",""机构性质"":""中央国家行政机关省级以下直属机构"",""招考职位"":""统计信息部门一级主任科员及以下"",""职位属性"":""金融监管计算机类职位"",""职位分布"":""其他职位"",""职位简介"":""主要从事金融监管数据统计分析工作。"",""职位代码"":""300147697001"",""机构层级"":""市（地）级"",""考试类别"":""市（地）级及以下直属机构综合管理类"",""招考人数"":""1"",""专业"":""大学本科：0809计算机类； 研究生：0809电子科学与技术、0812计算机科学与技术、0835软件工程、0854电子信息"",""学历"":""本科及以上"",""学位"":""与最高学历相对应的学位"",""政治面貌"":""不限"",""基层工作最低年限"":""无限制"",""服务基层项目工作经历"":""无限制"",""是否在面试阶段组织专业能力测试"":""否"",""面试人员比例"":""3:1"",""工作地点"":""广东省阳江市"",""落户地点"":""广东省阳江市"",""备注"":""1.报名时请在专业栏中同时填写专业名称和专业代码；2.限应届高校毕业生报考，请在备注栏中注明本人具有应届高校毕业生身份；3.要求本科学历大学英语四级成绩在425分及以上（雅思成绩在6分及以上、托福成绩在80分及以上、取得英语专业四级或专业八级合格证书亦可），要求研究生学历大学英语六级成绩在425分及以上（雅思成绩在6.5分及以上、托福成绩在90分及以上、取得英语专业四级或专业八级合格证书亦可），请在外语水平栏注明已获得的英语等级证书及成绩；4.专业考试信息请参见2026年度国家金融监督管理总局招考职位专业科目笔试考试大纲。"",""部门网站"":""http://www.nfra.gov.cn/"",""咨询电话1"":""020-83180132"",""咨询电话2"":""020-83180121"",""咨询电话3"":"""",""来源Sheet"":""中央国家行政机关省级以下直属机构""}}"
"government_jobs","国家公务员2026招考简章","公务员/事业单位技术岗位","广东省揭阳市揭东区","2026-07-28T09:12:58.310295+00:00","科技部门一级主任科员及以下","国家金融监督管理总局广东监管局","","广东省揭阳市揭东区","公务员/事业单位;2026;computer_software;仅限本科;学士;0809计算机类;市（地）级及以下直属机构综合管理类","用人司局：国家金融监督管理总局揭东监管支局
职位简介：主要从事金融信息科技风险监管、电子设备软硬件管理及信息系统运行维护等工作。
专业要求：0809计算机类
学历要求：仅限本科
学位要求：学士
政治面貌：不限
基层工作经历：无限制
考试类别：市（地）级及以下直属机构综合管理类
备注：1.报名时请在专业栏中同时填写专业名称和专业代码；2.限应届高校毕业生报考，请在备注栏中注明本人具有应届高校毕业生身份；3.专业考试信息请参见2026年度国家金融监督管理总局招考职位专业科目笔试考试大纲。","http://bm.scs.gov.cn/kl2026#132119-300147710001","2025-10-14","{""dataset_year"":2026,""job_uid"":""GOV-2026-132119-300147710001"",""publisher"":""国家公务员局"",""publication_page"":""http://bm.scs.gov.cn/kl2026"",""attachment_url"":""local://2026_guokao_zhaokaojianzhang.zip"",""local_source_file"":""中央机关及其直属机构2026年度考试录用公务员招考简章.xls"",""local_source_sha256"":""2670bae1df1dd07a3a3c79b9db46a11e3bb15a6c9c249e6af98bfd0b61ce3aaf"",""source_sheet"":""中央国家行政机关省级以下直属机构"",""filter_version"":""government_tech_v2"",""tech_filter"":{""is_tech"":true,""is_core_tech"":true,""scope"":""core"",""categories"":[""computer_software""],""matched_fields"":[""major"",""description""],""major_terms"":[""计算机类""],""role_terms"":[""信息科技"",""信息系统"",""软硬件""],""reason"":""tech_major_and_role""},""original"":{""部门代码"":""132119"",""部门名称"":""国家金融监督管理总局广东监管局"",""用人司局"":""国家金融监督管理总局揭东监管支局"",""机构性质"":""中央国家行政机关省级以下直属机构"",""招考职位"":""科技部门一级主任科员及以下"",""职位属性"":""金融监管计算机类职位"",""职位分布"":""其他职位"",""职位简介"":""主要从事金融信息科技风险监管、电子设备软硬件管理及信息系统运行维护等工作。"",""职位代码"":""300147710001"",""机构层级"":""县（区）级及以下"",""考试类别"":""市（地）级及以下直属机构综合管理类"",""招考人数"":""1"",""专业"":""0809计算机类"",""学历"":""仅限本科"",""学位"":""学士"",""政治面貌"":""不限"",""基层工作最低年限"":""无限制"",""服务基层项目工作经历"":""无限制"",""是否在面试阶段组织专业能力测试"":""否"",""面试人员比例"":""3:1"",""工作地点"":""广东省揭阳市揭东区"",""落户地点"":""广东省揭阳市揭东区"",""备注"":""1.报名时请在专业栏中同时填写专业名称和专业代码；2.限应届高校毕业生报考，请在备注栏中注明本人具有应届高校毕业生身份；3.专业考试信息请参见2026年度国家金融监督管理总局招考职位专业科目笔试考试大纲。"",""部门网站"":""http://www.nfra.gov.cn/"",""咨询电话1"":""020-83180132"",""咨询电话2"":""020-83180121"",""咨询电话3"":"""",""来源Sheet"":""中央国家行政机关省级以下直属机构""}}"
"government_jobs","国家公务员2026招考简章","公务员/事业单位技术岗位","广东省云浮市","2026-07-28T09:12:58.310295+00:00","统计信息部门一级主任科员及以下","国家金融监督管理总局广东监管局","","广东省云浮市","公务员/事业单位;2026;computer_software;data_ai;本科及以上;与最高学历相对应的学位;大学本科：0809计算机类；研究生：0812计算机科学与技术、0835软件工程;市（地）级及以下直属机构综合管理类","用人司局：国家金融监督管理总局云浮监管分局
职位简介：主要从事金融监管数据统计分析工作。
专业要求：大学本科：0809计算机类；研究生：0812计算机科学与技术、0835软件工程
学历要求：本科及以上
学位要求：与最高学历相对应的学位
政治面貌：不限
基层工作经历：无限制
考试类别：市（地）级及以下直属机构综合管理类
备注：1.报名时请在专业栏中同时填写专业名称和专业代码；2.限应届高校毕业生报考，请在备注栏中注明本人具有应届高校毕业生身份；3.要求本科学历大学英语四级成绩在425分及以上（雅思成绩在6分及以上、托福成绩在80分及以上、取得英语专业四级或专业八级合格证书亦可），要求研究生学历大学英语六级成绩在425分及以上（雅思成绩在6.5分及以上、托福成绩在90分及以上、取得英语专业四级或专业八级合格证书亦可），请在外语水平栏注明已获得的英语等级证书及成绩；4.有关专业考试信息参见2026年度国家金融监督管理总局招考职位专业科目笔试考试大纲。","http://bm.scs.gov.cn/kl2026#132119-300147712001","2025-10-14","{""dataset_year"":2026,""job_uid"":""GOV-2026-132119-300147712001"",""publisher"":""国家公务员局"",""publication_page"":""http://bm.scs.gov.cn/kl2026"",""attachment_url"":""local://2026_guokao_zhaokaojianzhang.zip"",""local_source_file"":""中央机关及其直属机构2026年度考试录用公务员招考简章.xls"",""local_source_sha256"":""2670bae1df1dd07a3a3c79b9db46a11e3bb15a6c9c249e6af98bfd0b61ce3aaf"",""source_sheet"":""中央国家行政机关省级以下直属机构"",""filter_version"":""government_tech_v2"",""tech_filter"":{""is_tech"":true,""is_core_tech"":true,""scope"":""core"",""categories"":[""computer_software"",""data_ai""],""matched_fields"":[""major"",""description""],""major_terms"":[""计算机科学与技术"",""计算机类"",""软件工程""],""role_terms"":[""数据统计分析""],""reason"":""tech_major_and_role""},""original"":{""部门代码"":""132119"",""部门名称"":""国家金融监督管理总局广东监管局"",""用人司局"":""国家金融监督管理总局云浮监管分局"",""机构性质"":""中央国家行政机关省级以下直属机构"",""招考职位"":""统计信息部门一级主任科员及以下"",""职位属性"":""金融监管计算机类职位"",""职位分布"":""其他职位"",""职位简介"":""主要从事金融监管数据统计分析工作。"",""职位代码"":""300147712001"",""机构层级"":""市（地）级"",""考试类别"":""市（地）级及以下直属机构综合管理类"",""招考人数"":""1"",""专业"":""大学本科：0809计算机类；研究生：0812计算机科学与技术、0835软件工程"",""学历"":""本科及以上"",""学位"":""与最高学历相对应的学位"",""政治面貌"":""不限"",""基层工作最低年限"":""无限制"",""服务基层项目工作经历"":""无限制"",""是否在面试阶段组织专业能力测试"":""否"",""面试人员比例"":""3:1"",""工作地点"":""广东省云浮市"",""落户地点"":""广东省云浮市"",""备注"":""1.报名时请在专业栏中同时填写专业名称和专业代码；2.限应届高校毕业生报考，请在备注栏中注明本人具有应届高校毕业生身份；3.要求本科学历大学英语四级成绩在425分及以上（雅思成绩在6分及以上、托福成绩在80分及以上、取得英语专业四级或专业八级合格证书亦可），要求研究生学历大学英语六级成绩在425分及以上（雅思成绩在6.5分及以上、托福成绩在90分及以上、取得英语专业四级或专业八级合格证书亦可），请在外语水平栏注明已获得的英语等级证书及成绩；4.有关专业考试信息参见2026年度国家金融监督管理总局招考职位专业科目笔试考试大纲。"",""部门网站"":""http://www.nfra.gov.cn/"",""咨询电话1"":""020-83180132"",""咨询电话2"":""020-83180121"",""咨询电话3"":"""",""来源Sheet"":""中央国家行政机关省级以下直属机构""}}"
"government_jobs","国家公务员2026招考简章","公务员/事业单位技术岗位","广西壮族自治区南宁市","2026-07-28T09:12:58.310295+00:00","科技部门一级主任科员及以下","国家金融监督管理总局广西监管局","","广西壮族自治区南宁市","公务员/事业单位;2026;computer_software;仅限硕士研究生;硕士;计算机类、数学类;中央机关及其省级直属机构综合管理类","用人司局：国家金融监督管理总局广西监管局
职位简介：主要从事金融信息科技风险监管、电子设备软硬件管理及信息系统运行维护等工作。
专业要求：计算机类、数学类
学历要求：仅限硕士研究生
学位要求：硕士
政治面貌：不限
基层工作经历：二年
考试类别：中央机关及其省级直属机构综合管理类
备注：1.报名时请在专业栏中同时填写专业名称和专业代码；2.大学英语六级成绩在425分及以上（雅思成绩在6.5分及以上、托福成绩在90分及以上、取得英语专业四级或专业八级合格证书亦可），请在外语水平栏注明已获得的英语等级证书及成绩。","http://bm.scs.gov.cn/kl2026#132120-300147714001","2025-10-14","{""dataset_year"":2026,""job_uid"":""GOV-2026-132120-300147714001"",""publisher"":""国家公务员局"",""publication_page"":""http://bm.scs.gov.cn/kl2026"",""attachment_url"":""local://2026_guokao_zhaokaojianzhang.zip"",""local_source_file"":""中央机关及其直属机构2026年度考试录用公务员招考简章.xls"",""local_source_sha256"":""2670bae1df1dd07a3a3c79b9db46a11e3bb15a6c9c249e6af98bfd0b61ce3aaf"",""source_sheet"":""中央国家行政机关省级以下直属机构"",""filter_version"":""government_tech_v2"",""tech_filter"":{""is_tech"":true,""is_core_tech"":true,""scope"":""core"",""categories"":[""computer_software""],""matched_fields"":[""major"",""description""],""major_terms"":[""计算机类""],""role_terms"":[""信息科技"",""信息系统"",""软硬件""],""reason"":""tech_major_and_role""},""original"":{""部门代码"":""132120"",""部门名称"":""国家金融监督管理总局广西监管局"",""用人司局"":""国家金融监督管理总局广西监管局"",""机构性质"":""中央国家行政机关省级以下直属机构"",""招考职位"":""科技部门一级主任科员及以下"",""职位属性"":""金融监管计算机类职位"",""职位分布"":""其他职位"",""职位简介"":""主要从事金融信息科技风险监管、电子设备软硬件管理及信息系统运行维护等工作。"",""职位代码"":""300147714001"",""机构层级"":""省（副省）级"",""考试类别"":""中央机关及其省级直属机构综合管理类"",""招考人数"":""2"",""专业"":""计算机类、数学类"",""学历"":""仅限硕士研究生"",""学位"":""硕士"",""政治面貌"":""不限"",""基层工作最低年限"":""二年"",""服务基层项目工作经历"":""无限制"",""是否在面试阶段组织专业能力测试"":""否"",""面试人员比例"":""4:1"",""工作地点"":""广西壮族自治区南宁市"",""落户地点"":""广西壮族自治区南宁市"",""备注"":""1.报名时请在专业栏中同时填写专业名称和专业代码；2.大学英语六级成绩在425分及以上（雅思成绩在6.5分及以上、托福成绩在90分及以上、取得英语专业四级或专业八级合格证书亦可），请在外语水平栏注明已获得的英语等级证书及成绩。"",""部门网站"":""http://www.nfra.gov.cn/"",""咨询电话1"":""0771-2818510"",""咨询电话2"":""0771-2848210"",""咨询电话3"":"""",""来源Sheet"":""中央国家行政机关省级以下直属机构""}}"
"government_jobs","国家公务员2026招考简章","公务员/事业单位技术岗位","广西壮族自治区百色市","2026-07-28T09:12:58.310295+00:00","科技部门一级主任科员及以下","国家金融监督管理总局广西监管局","","广西壮族自治区百色市","公务员/事业单位;2026;computer_software;本科或硕士研究生;与最高学历相对应的学位;计算机类;市（地）级及以下直属机构综合管理类","用人司局：国家金融监督管理总局百色监管分局
职位简介：主要从事金融信息科技风险监管、电子设备软硬件管理及信息系统运行维护等工作。
专业要求：计算机类
学历要求：本科或硕士研究生
学位要求：与最高学历相对应的学位
政治面貌：不限
基层工作经历：无限制
考试类别：市（地）级及以下直属机构综合管理类
备注：1.报名时请在专业栏中同时填写专业名称和专业代码；2.限应届高校毕业生报考，请在备注栏中注明本人具有应届高校毕业生身份；3.本科学历大学英语四级成绩在425分及以上（雅思成绩在6分及以上、托福成绩在80分及以上、取得英语专业四级或专业八级合格证书亦可），研究生学历大学英语六级成绩在425分及以上（雅思成绩在6.5分及以上、托福成绩在90分及以上、取得英语专业四级或专业八级合格证书亦可），请在外语水平栏注明已获得的英语等级证书及成绩。","http://bm.scs.gov.cn/kl2026#132120-300147718001","2025-10-14","{""dataset_year"":2026,""job_uid"":""GOV-2026-132120-300147718001"",""publisher"":""国家公务员局"",""publication_page"":""http://bm.scs.gov.cn/kl2026"",""attachment_url"":""local://2026_guokao_zhaokaojianzhang.zip"",""local_source_file"":""中央机关及其直属机构2026年度考试录用公务员招考简章.xls"",""local_source_sha256"":""2670bae1df1dd07a3a3c79b9db46a11e3bb15a6c9c249e6af98bfd0b61ce3aaf"",""source_sheet"":""中央国家行政机关省级以下直属机构"",""filter_version"":""government_tech_v2"",""tech_filter"":{""is_tech"":true,""is_core_tech"":true,""scope"":""core"",""categories"":[""computer_software""],""matched_fields"":[""major"",""description""],""major_terms"":[""计算机类""],""role_terms"":[""信息科技"",""信息系统"",""软硬件""],""reason"":""tech_major_and_role""},""original"":{""部门代码"":""132120"",""部门名称"":""国家金融监督管理总局广西监管局"",""用人司局"":""国家金融监督管理总局百色监管分局"",""机构性质"":""中央国家行政机关省级以下直属机构"",""招考职位"":""科技部门一级主任科员及以下"",""职位属性"":""金融监管计算机类职位"",""职位分布"":""西部地区和艰苦边远地区职位"",""职位简介"":""主要从事金融信息科技风险监管、电子设备软硬件管理及信息系统运行维护等工作。"",""职位代码"":""300147718001"",""机构层级"":""市（地）级"",""考试类别"":""市（地）级及以下直属机构综合管理类"",""招考人数"":""1"",""专业"":""计算机类"",""学历"":""本科或硕士研究生"",""学位"":""与最高学历相对应的学位"",""政治面貌"":""不限"",""基层工作最低年限"":""无限制"",""服务基层项目工作经历"":""无限制"",""是否在面试阶段组织专业能力测试"":""否"",""面试人员比例"":""3:1"",""工作地点"":""广西壮族自治区百色市"",""落户地点"":""广西壮族自治区百色市"",""备注"":""1.报名时请在专业栏中同时填写专业名称和专业代码；2.限应届高校毕业生报考，请在备注栏中注明本人具有应届高校毕业生身份；3.本科学历大学英语四级成绩在425分及以上（雅思成绩在6分及以上、托福成绩在80分及以上、取得英语专业四级或专业八级合格证书亦可），研究生学历大学英语六级成绩在425分及以上（雅思成绩在6.5分及以上、托福成绩在90分及以上、取得英语专业四级或专业八级合格证书亦可），请在外语水平栏注明已获得的英语等级证书及成绩。"",""部门网站"":""http://www.nfra.gov.cn/"",""咨询电话1"":""0771-2818510"",""咨询电话2"":""0771-2848210"",""咨询电话3"":"""",""来源Sheet"":""中央国家行政机关省级以下直属机构""}}"
"government_jobs","国家公务员2026招考简章","公务员/事业单位技术岗位","广西壮族自治区钦州市","2026-07-28T09:12:58.310295+00:00","科技部门一级主任科员及以下","国家金融监督管理总局广西监管局","","广西壮族自治区钦州市","公务员/事业单位;2026;computer_software;本科或硕士研究生;与最高学历相对应的学位;计算机类;市（地）级及以下直属机构综合管理类","用人司局：国家金融监督管理总局钦州监管分局
职位简介：主要从事金融信息科技风险监管、电子设备软硬件管理及信息系统运行维护等工作。
专业要求：计算机类
学历要求：本科或硕士研究生
学位要求：与最高学历相对应的学位
政治面貌：不限
基层工作经历：无限制
考试类别：市（地）级及以下直属机构综合管理类
备注：1.报名时请在专业栏中同时填写专业名称和专业代码；2.本科学历大学英语四级成绩在425分及以上（雅思成绩在6分及以上、托福成绩在80分及以上、取得英语专业四级或专业八级合格证书亦可）,硕士研究生学历大学英语六级成绩在425分及以上（雅思成绩在6.5分及以上、托福成绩在90分及以上、取得英语专业四级或专业八级合格证书亦可），请在外语水平栏注明已获得的英语等级证书及成绩。","http://bm.scs.gov.cn/kl2026#132120-300147719001","2025-10-14","{""dataset_year"":2026,""job_uid"":""GOV-2026-132120-300147719001"",""publisher"":""国家公务员局"",""publication_page"":""http://bm.scs.gov.cn/kl2026"",""attachment_url"":""local://2026_guokao_zhaokaojianzhang.zip"",""local_source_file"":""中央机关及其直属机构2026年度考试录用公务员招考简章.xls"",""local_source_sha256"":""2670bae1df1dd07a3a3c79b9db46a11e3bb15a6c9c249e6af98bfd0b61ce3aaf"",""source_sheet"":""中央国家行政机关省级以下直属机构"",""filter_version"":""government_tech_v2"",""tech_filter"":{""is_tech"":true,""is_core_tech"":true,""scope"":""core"",""categories"":[""computer_software""],""matched_fields"":[""major"",""description""],""major_terms"":[""计算机类""],""role_terms"":[""信息科技"",""信息系统"",""软硬件""],""reason"":""tech_major_and_role""},""original"":{""部门代码"":""132120"",""部门名称"":""国家金融监督管理总局广西监管局"",""用人司局"":""国家金融监督管理总局钦州监管分局"",""机构性质"":""中央国家行政机关省级以下直属机构"",""招考职位"":""科技部门一级主任科员及以下"",""职位属性"":""金融监管计算机类职位"",""职位分布"":""西部地区和艰苦边远地区职位"",""职位简介"":""主要从事金融信息科技风险监管、电子设备软硬件管理及信息系统运行维护等工作。"",""职位代码"":""300147719001"",""机构层级"":""市（地）级"",""考试类别"":""市（地）级及以下直属机构综合管理类"",""招考人数"":""1"",""专业"":""计算机类"",""学历"":""本科或硕士研究生"",""学位"":""与最高学历相对应的学位"",""政治面貌"":""不限"",""基层工作最低年限"":""无限制"",""服务基层项目工作经历"":""无限制"",""是否在面试阶段组织专业能力测试"":""否"",""面试人员比例"":""3:1"",""工作地点"":""广西壮族自治区钦州市"",""落户地点"":""广西壮族自治区钦州市"",""备注"":""1.报名时请在专业栏中同时填写专业名称和专业代码；2.本科学历大学英语四级成绩在425分及以上（雅思成绩在6分及以上、托福成绩在80分及以上、取得英语专业四级或专业八级合格证书亦可）,硕士研究生学历大学英语六级成绩在425分及以上（雅思成绩在6.5分及以上、托福成绩在90分及以上、取得英语专业四级或专业八级合格证书亦可），请在外语水平栏注明已获得的英语等级证书及成绩。"",""部门网站"":""http://www.nfra.gov.cn/"",""咨询电话1"":""0771-2818510"",""咨询电话2"":""0771-2848210"",""咨询电话3"":"""",""来源Sheet"":""中央国家行政机关省级以下直属机构""}}"
"government_jobs","国家公务员2026招考简章","公务员/事业单位技术岗位","广西壮族自治区崇左市","2026-07-28T09:12:58.310295+00:00","科技部门一级主任科员及以下","国家金融监督管理总局广西监管局","","广西壮族自治区崇左市","公务员/事业单位;2026;computer_software;本科或硕士研究生;与最高学历相对应的学位;计算机类;市（地）级及以下直属机构综合管理类","用人司局：国家金融监督管理总局崇左监管分局
职位简介：主要从事金融信息科技风险监管、电子设备软硬件管理及信息系统运行维护等工作。
专业要求：计算机类
学历要求：本科或硕士研究生
学位要求：与最高学历相对应的学位
政治面貌：不限
基层工作经历：无限制
考试类别：市（地）级及以下直属机构综合管理类
备注：1.报名时请在专业栏中同时填写专业名称和专业代码；2.限应届高校毕业生报考，请在备注栏中注明本人具有应届高校毕业生身份；3.本科学历大学英语四级成绩在425分及以上（雅思成绩在6分及以上、托福成绩在80分及以上、取得英语专业四级或专业八级合格证书亦可），研究生学历大学英语六级成绩在425分及以上（雅思成绩在6.5分及以上、托福成绩在90分及以上、取得英语专业四级或专业八级合格证书亦可），请在外语水平栏注明已获得的英语等级证书及成绩。","http://bm.scs.gov.cn/kl2026#132120-300147723001","2025-10-14","{""dataset_year"":2026,""job_uid"":""GOV-2026-132120-300147723001"",""publisher"":""国家公务员局"",""publication_page"":""http://bm.scs.gov.cn/kl2026"",""attachment_url"":""local://2026_guokao_zhaokaojianzhang.zip"",""local_source_file"":""中央机关及其直属机构2026年度考试录用公务员招考简章.xls"",""local_source_sha256"":""2670bae1df1dd07a3a3c79b9db46a11e3bb15a6c9c249e6af98bfd0b61ce3aaf"",""source_sheet"":""中央国家行政机关省级以下直属机构"",""filter_version"":""government_tech_v2"",""tech_filter"":{""is_tech"":true,""is_core_tech"":true,""scope"":""core"",""categories"":[""computer_software""],""matched_fields"":[""major"",""description""],""major_terms"":[""计算机类""],""role_terms"":[""信息科技"",""信息系统"",""软硬件""],""reason"":""tech_major_and_role""},""original"":{""部门代码"":""132120"",""部门名称"":""国家金融监督管理总局广西监管局"",""用人司局"":""国家金融监督管理总局崇左监管分局"",""机构性质"":""中央国家行政机关省级以下直属机构"",""招考职位"":""科技部门一级主任科员及以下"",""职位属性"":""金融监管计算机类职位"",""职位分布"":""西部地区和艰苦边远地区职位"",""职位简介"":""主要从事金融信息科技风险监管、电子设备软硬件管理及信息系统运行维护等工作。"",""职位代码"":""300147723001"",""机构层级"":""市（地）级"",""考试类别"":""市（地）级及以下直属机构综合管理类"",""招考人数"":""1"",""专业"":""计算机类"",""学历"":""本科或硕士研究生"",""学位"":""与最高学历相对应的学位"",""政治面貌"":""不限"",""基层工作最低年限"":""无限制"",""服务基层项目工作经历"":""无限制"",""是否在面试阶段组织专业能力测试"":""否"",""面试人员比例"":""3:1"",""工作地点"":""广西壮族自治区崇左市"",""落户地点"":""广西壮族自治区崇左市"",""备注"":""1.报名时请在专业栏中同时填写专业名称和专业代码；2.限应届高校毕业生报考，请在备注栏中注明本人具有应届高校毕业生身份；3.本科学历大学英语四级成绩在425分及以上（雅思成绩在6分及以上、托福成绩在80分及以上、取得英语专业四级或专业八级合格证书亦可），研究生学历大学英语六级成绩在425分及以上（雅思成绩在6.5分及以上、托福成绩在90分及以上、取得英语专业四级或专业八级合格证书亦可），请在外语水平栏注明已获得的英语等级证书及成绩。"",""部门网站"":""http://www.nfra.gov.cn/"",""咨询电话1"":""0771-2818510"",""咨询电话2"":""0771-2848210"",""咨询电话3"":"""",""来源Sheet"":""中央国家行政机关省级以下直属机构""}}"
"government_jobs","国家公务员2026招考简章","公务员/事业单位技术岗位","广西壮族自治区南宁市马山县","2026-07-28T09:12:58.310295+00:00","科技部门一级主任科员及以下","国家金融监督管理总局广西监管局","","广西壮族自治区南宁市马山县","公务员/事业单位;2026;computer_software;仅限本科;学士;计算机类;市（地）级及以下直属机构综合管理类","用人司局：国家金融监督管理总局马山监管支局
职位简介：主要从事金融信息科技风险监管、电子设备软硬件管理及信息系统运行维护等工作。
专业要求：计算机类
学历要求：仅限本科
学位要求：学士
政治面貌：不限
基层工作经历：无限制
考试类别：市（地）级及以下直属机构综合管理类
备注：报名时请在专业栏中同时填写专业名称和专业代码。","http://bm.scs.gov.cn/kl2026#132120-300147726001","2025-10-14","{""dataset_year"":2026,""job_uid"":""GOV-2026-132120-300147726001"",""publisher"":""国家公务员局"",""publication_page"":""http://bm.scs.gov.cn/kl2026"",""attachment_url"":""local://2026_guokao_zhaokaojianzhang.zip"",""local_source_file"":""中央机关及其直属机构2026年度考试录用公务员招考简章.xls"",""local_source_sha256"":""2670bae1df1dd07a3a3c79b9db46a11e3bb15a6c9c249e6af98bfd0b61ce3aaf"",""source_sheet"":""中央国家行政机关省级以下直属机构"",""filter_version"":""government_tech_v2"",""tech_filter"":{""is_tech"":true,""is_core_tech"":true,""scope"":""core"",""categories"":[""computer_software""],""matched_fields"":[""major"",""description""],""major_terms"":[""计算机类""],""role_terms"":[""信息科技"",""信息系统"",""软硬件""],""reason"":""tech_major_and_role""},""original"":{""部门代码"":""132120"",""部门名称"":""国家金融监督管理总局广西监管局"",""用人司局"":""国家金融监督管理总局马山监管支局"",""机构性质"":""中央国家行政机关省级以下直属机构"",""招考职位"":""科技部门一级主任科员及以下"",""职位属性"":""金融监管计算机类职位"",""职位分布"":""西部地区和艰苦边远地区职位"",""职位简介"":""主要从事金融信息科技风险监管、电子设备软硬件管理及信息系统运行维护等工作。"",""职位代码"":""300147726001"",""机构层级"":""县（区）级及以下"",""考试类别"":""市（地）级及以下直属机构综合管理类"",""招考人数"":""1"",""专业"":""计算机类"",""学历"":""仅限本科"",""学位"":""学士"",""政治面貌"":""不限"",""基层工作最低年限"":""无限制"",""服务基层项目工作经历"":""无限制"",""是否在面试阶段组织专业能力测试"":""否"",""面试人员比例"":""3:1"",""工作地点"":""广西壮族自治区南宁市马山县"",""落户地点"":""广西壮族自治区南宁市马山县"",""备注"":""报名时请在专业栏中同时填写专业名称和专业代码。"",""部门网站"":""http://www.nfra.gov.cn/"",""咨询电话1"":""0771-2818510"",""咨询电话2"":""0771-2848210"",""咨询电话3"":"""",""来源Sheet"":""中央国家行政机关省级以下直属机构""}}"
"government_jobs","国家公务员2026招考简章","公务员/事业单位技术岗位","广西壮族自治区南宁市隆安县","2026-07-28T09:12:58.310295+00:00","科技部门一级主任科员及以下","国家金融监督管理总局广西监管局","","广西壮族自治区南宁市隆安县","公务员/事业单位;2026;computer_software;本科或硕士研究生;与最高学历相对应的学位;计算机类;市（地）级及以下直属机构综合管理类","用人司局：国家金融监督管理总局隆安监管支局
职位简介：主要从事金融信息科技风险监管、电子设备软硬件管理及信息系统运行维护等工作。
专业要求：计算机类
学历要求：本科或硕士研究生
学位要求：与最高学历相对应的学位
政治面貌：不限
基层工作经历：无限制
考试类别：市（地）级及以下直属机构综合管理类
备注：报名时请在专业栏中同时填写专业名称和专业代码。","http://bm.scs.gov.cn/kl2026#132120-300147727001","2025-10-14","{""dataset_year"":2026,""job_uid"":""GOV-2026-132120-300147727001"",""publisher"":""国家公务员局"",""publication_page"":""http://bm.scs.gov.cn/kl2026"",""attachment_url"":""local://2026_guokao_zhaokaojianzhang.zip"",""local_source_file"":""中央机关及其直属机构2026年度考试录用公务员招考简章.xls"",""local_source_sha256"":""2670bae1df1dd07a3a3c79b9db46a11e3bb15a6c9c249e6af98bfd0b61ce3aaf"",""source_sheet"":""中央国家行政机关省级以下直属机构"",""filter_version"":""government_tech_v2"",""tech_filter"":{""is_tech"":true,""is_core_tech"":true,""scope"":""core"",""categories"":[""computer_software""],""matched_fields"":[""major"",""description""],""major_terms"":[""计算机类""],""role_terms"":[""信息科技"",""信息系统"",""软硬件""],""reason"":""tech_major_and_role""},""original"":{""部门代码"":""132120"",""部门名称"":""国家金融监督管理总局广西监管局"",""用人司局"":""国家金融监督管理总局隆安监管支局"",""机构性质"":""中央国家行政机关省级以下直属机构"",""招考职位"":""科技部门一级主任科员及以下"",""职位属性"":""金融监管计算机类职位"",""职位分布"":""西部地区和艰苦边远地区职位"",""职位简介"":""主要从事金融信息科技风险监管、电子设备软硬件管理及信息系统运行维护等工作。"",""职位代码"":""300147727001"",""机构层级"":""县（区）级及以下"",""考试类别"":""市（地）级及以下直属机构综合管理类"",""招考人数"":""1"",""专业"":""计算机类"",""学历"":""本科或硕士研究生"",""学位"":""与最高学历相对应的学位"",""政治面貌"":""不限"",""基层工作最低年限"":""无限制"",""服务基层项目工作经历"":""无限制"",""是否在面试阶段组织专业能力测试"":""否"",""面试人员比例"":""3:1"",""工作地点"":""广西壮族自治区南宁市隆安县"",""落户地点"":""广西壮族自治区南宁市隆安县"",""备注"":""报名时请在专业栏中同时填写专业名称和专业代码。"",""部门网站"":""http://www.nfra.gov.cn/"",""咨询电话1"":""0771-2818510"",""咨询电话2"":""0771-2848210"",""咨询电话3"":"""",""来源Sheet"":""中央国家行政机关省级以下直属机构""}}"
"government_jobs","国家公务员2026招考简章","公务员/事业单位技术岗位","广西壮族自治区柳州市三江侗族自治县","2026-07-28T09:12:58.310295+00:00","科技部门一级主任科员及以下","国家金融监督管理总局广西监管局","","广西壮族自治区柳州市三江侗族自治县","公务员/事业单位;2026;computer_software;仅限本科;学士;计算机类;市（地）级及以下直属机构综合管理类","用人司局：国家金融监督管理总局三江监管支局
职位简介：主要从事金融信息科技风险监管、电子设备软硬件管理及信息系统运行维护等工作。
专业要求：计算机类
学历要求：仅限本科
学位要求：学士
政治面貌：不限
基层工作经历：无限制
考试类别：市（地）级及以下直属机构综合管理类
备注：1.报名时请在专业栏中同时填写专业名称和专业代码；2.限广西生源报考。","http://bm.scs.gov.cn/kl2026#132120-300147730001","2025-10-14","{""dataset_year"":2026,""job_uid"":""GOV-2026-132120-300147730001"",""publisher"":""国家公务员局"",""publication_page"":""http://bm.scs.gov.cn/kl2026"",""attachment_url"":""local://2026_guokao_zhaokaojianzhang.zip"",""local_source_file"":""中央机关及其直属机构2026年度考试录用公务员招考简章.xls"",""local_source_sha256"":""2670bae1df1dd07a3a3c79b9db46a11e3bb15a6c9c249e6af98bfd0b61ce3aaf"",""source_sheet"":""中央国家行政机关省级以下直属机构"",""filter_version"":""government_tech_v2"",""tech_filter"":{""is_tech"":true,""is_core_tech"":true,""scope"":""core"",""categories"":[""computer_software""],""matched_fields"":[""major"",""description""],""major_terms"":[""计算机类""],""role_terms"":[""信息科技"",""信息系统"",""软硬件""],""reason"":""tech_major_and_role""},""original"":{""部门代码"":""132120"",""部门名称"":""国家金融监督管理总局广西监管局"",""用人司局"":""国家金融监督管理总局三江监管支局"",""机构性质"":""中央国家行政机关省级以下直属机构"",""招考职位"":""科技部门一级主任科员及以下"",""职位属性"":""金融监管计算机类职位"",""职位分布"":""西部地区和艰苦边远地区职位"",""职位简介"":""主要从事金融信息科技风险监管、电子设备软硬件管理及信息系统运行维护等工作。"",""职位代码"":""300147730001"",""机构层级"":""县（区）级及以下"",""考试类别"":""市（地）级及以下直属机构综合管理类"",""招考人数"":""1"",""专业"":""计算机类"",""学历"":""仅限本科"",""学位"":""学士"",""政治面貌"":""不限"",""基层工作最低年限"":""无限制"",""服务基层项目工作经历"":""无限制"",""是否在面试阶段组织专业能力测试"":""否"",""面试人员比例"":""3:1"",""工作地点"":""广西壮族自治区柳州市三江侗族自治县"",""落户地点"":""广西壮族自治区柳州市三江侗族自治县"",""备注"":""1.报名时请在专业栏中同时填写专业名称和专业代码；2.限广西生源报考。"",""部门网站"":""http://www.nfra.gov.cn/"",""咨询电话1"":""0771-2818510"",""咨询电话2"":""0771-2848210"",""咨询电话3"":"""",""来源Sheet"":""中央国家行政机关省级以下直属机构""}}"
"government_jobs","国家公务员2026招考简章","公务员/事业单位技术岗位","广西壮族自治区桂林市灵川县","2026-07-28T09:12:58.310295+00:00","科技部门一级主任科员及以下","国家金融监督管理总局广西监管局","","广西壮族自治区桂林市灵川县","公务员/事业单位;2026;computer_software;cybersecurity_cryptography;仅限本科;学士;计算机科学与技术（专业代码080901）、软件工程（专业代码080902）、网络工程（专业代码080903）、信息安全（专业代码080904K）;市（地）级及以下直属机构综合管理类","用人司局：国家金融监督管理总局灵川监管支局
职位简介：主要从事金融信息科技风险监管、电子设备软硬件管理及信息系统运行维护等工作。
专业要求：计算机科学与技术（专业代码080901）、软件工程（专业代码080902）、网络工程（专业代码080903）、信息安全（专业代码080904K）
学历要求：仅限本科
学位要求：学士
政治面貌：不限
基层工作经历：无限制
考试类别：市（地）级及以下直属机构综合管理类
备注：1.报名时请在专业栏中同时填写专业名称和专业代码；2.大学英语四级成绩在425分及以上（雅思成绩在6分及以上、托福成绩在80分及以上、取得英语专业四级或专业八级合格证书亦可），请在外语水平栏注明已获得的英语等级证书及成绩。","http://bm.scs.gov.cn/kl2026#132120-300147731001","2025-10-14","{""dataset_year"":2026,""job_uid"":""GOV-2026-132120-300147731001"",""publisher"":""国家公务员局"",""publication_page"":""http://bm.scs.gov.cn/kl2026"",""attachment_url"":""local://2026_guokao_zhaokaojianzhang.zip"",""local_source_file"":""中央机关及其直属机构2026年度考试录用公务员招考简章.xls"",""local_source_sha256"":""2670bae1df1dd07a3a3c79b9db46a11e3bb15a6c9c249e6af98bfd0b61ce3aaf"",""source_sheet"":""中央国家行政机关省级以下直属机构"",""filter_version"":""government_tech_v2"",""tech_filter"":{""is_tech"":true,""is_core_tech"":true,""scope"":""core"",""categories"":[""computer_software"",""cybersecurity_cryptography""],""matched_fields"":[""major"",""description""],""major_terms"":[""信息安全"",""网络工程"",""计算机科学与技术"",""软件工程""],""role_terms"":[""信息科技"",""信息系统"",""软硬件""],""reason"":""tech_major_and_role""},""original"":{""部门代码"":""132120"",""部门名称"":""国家金融监督管理总局广西监管局"",""用人司局"":""国家金融监督管理总局灵川监管支局"",""机构性质"":""中央国家行政机关省级以下直属机构"",""招考职位"":""科技部门一级主任科员及以下"",""职位属性"":""金融监管计算机类职位"",""职位分布"":""西部地区和艰苦边远地区职位"",""职位简介"":""主要从事金融信息科技风险监管、电子设备软硬件管理及信息系统运行维护等工作。"",""职位代码"":""300147731001"",""机构层级"":""县（区）级及以下"",""考试类别"":""市（地）级及以下直属机构综合管理类"",""招考人数"":""1"",""专业"":""计算机科学与技术（专业代码080901）、软件工程（专业代码080902）、网络工程（专业代码080903）、信息安全（专业代码080904K）"",""学历"":""仅限本科"",""学位"":""学士"",""政治面貌"":""不限"",""基层工作最低年限"":""无限制"",""服务基层项目工作经历"":""无限制"",""是否在面试阶段组织专业能力测试"":""否"",""面试人员比例"":""3:1"",""工作地点"":""广西壮族自治区桂林市灵川县"",""落户地点"":""广西壮族自治区桂林市灵川县"",""备注"":""1.报名时请在专业栏中同时填写专业名称和专业代码；2.大学英语四级成绩在425分及以上（雅思成绩在6分及以上、托福成绩在80分及以上、取得英语专业四级或专业八级合格证书亦可），请在外语水平栏注明已获得的英语等级证书及成绩。"",""部门网站"":""http://www.nfra.gov.cn/"",""咨询电话1"":""0771-2818510"",""咨询电话2"":""0771-2848210"",""咨询电话3"":"""",""来源Sheet"":""中央国家行政机关省级以下直属机构""}}"
"government_jobs","国家公务员2026招考简章","公务员/事业单位技术岗位","广西壮族自治区桂林市荔浦市","2026-07-28T09:12:58.310295+00:00","科技部门一级主任科员及以下","国家金融监督管理总局广西监管局","","广西壮族自治区桂林市荔浦市","公务员/事业单位;2026;computer_software;cybersecurity_cryptography;仅限本科;学士;计算机科学与技术（专业代码080901）、软件工程（专业代码080902）、网络工程（专业代码080903）、信息安全（专业代码080904K）;市（地）级及以下直属机构综合管理类","用人司局：国家金融监督管理总局荔浦监管支局
职位简介：主要从事金融信息科技风险监管、电子设备软硬件管理及信息系统运行维护等工作。
专业要求：计算机科学与技术（专业代码080901）、软件工程（专业代码080902）、网络工程（专业代码080903）、信息安全（专业代码080904K）
学历要求：仅限本科
学位要求：学士
政治面貌：不限
基层工作经历：无限制
考试类别：市（地）级及以下直属机构综合管理类
备注：1.报名时请在专业栏中同时填写专业名称和专业代码；2.大学英语四级成绩在425分及以上（雅思成绩在6分及以上、托福成绩在80分及以上、取得英语专业四级或专业八级合格证书亦可），请在外语水平栏注明已获得的英语等级证书及成绩。","http://bm.scs.gov.cn/kl2026#132120-300147733001","2025-10-14","{""dataset_year"":2026,""job_uid"":""GOV-2026-132120-300147733001"",""publisher"":""国家公务员局"",""publication_page"":""http://bm.scs.gov.cn/kl2026"",""attachment_url"":""local://2026_guokao_zhaokaojianzhang.zip"",""local_source_file"":""中央机关及其直属机构2026年度考试录用公务员招考简章.xls"",""local_source_sha256"":""2670bae1df1dd07a3a3c79b9db46a11e3bb15a6c9c249e6af98bfd0b61ce3aaf"",""source_sheet"":""中央国家行政机关省级以下直属机构"",""filter_version"":""government_tech_v2"",""tech_filter"":{""is_tech"":true,""is_core_tech"":true,""scope"":""core"",""categories"":[""computer_software"",""cybersecurity_cryptography""],""matched_fields"":[""major"",""description""],""major_terms"":[""信息安全"",""网络工程"",""计算机科学与技术"",""软件工程""],""role_terms"":[""信息科技"",""信息系统"",""软硬件""],""reason"":""tech_major_and_role""},""original"":{""部门代码"":""132120"",""部门名称"":""国家金融监督管理总局广西监管局"",""用人司局"":""国家金融监督管理总局荔浦监管支局"",""机构性质"":""中央国家行政机关省级以下直属机构"",""招考职位"":""科技部门一级主任科员及以下"",""职位属性"":""金融监管计算机类职位"",""职位分布"":""西部地区和艰苦边远地区职位"",""职位简介"":""主要从事金融信息科技风险监管、电子设备软硬件管理及信息系统运行维护等工作。"",""职位代码"":""300147733001"",""机构层级"":""县（区）级及以下"",""考试类别"":""市（地）级及以下直属机构综合管理类"",""招考人数"":""1"",""专业"":""计算机科学与技术（专业代码080901）、软件工程（专业代码080902）、网络工程（专业代码080903）、信息安全（专业代码080904K）"",""学历"":""仅限本科"",""学位"":""学士"",""政治面貌"":""不限"",""基层工作最低年限"":""无限制"",""服务基层项目工作经历"":""无限制"",""是否在面试阶段组织专业能力测试"":""否"",""面试人员比例"":""3:1"",""工作地点"":""广西壮族自治区桂林市荔浦市"",""落户地点"":""广西壮族自治区桂林市荔浦市"",""备注"":""1.报名时请在专业栏中同时填写专业名称和专业代码；2.大学英语四级成绩在425分及以上（雅思成绩在6分及以上、托福成绩在80分及以上、取得英语专业四级或专业八级合格证书亦可），请在外语水平栏注明已获得的英语等级证书及成绩。"",""部门网站"":""http://www.nfra.gov.cn/"",""咨询电话1"":""0771-2818510"",""咨询电话2"":""0771-2848210"",""咨询电话3"":"""",""来源Sheet"":""中央国家行政机关省级以下直属机构""}}"
"government_jobs","国家公务员2026招考简章","公务员/事业单位技术岗位","广西壮族自治区桂林市龙胜各族自治县","2026-07-28T09:12:58.310295+00:00","科技部门一级主任科员及以下","国家金融监督管理总局广西监管局","","广西壮族自治区桂林市龙胜各族自治县","公务员/事业单位;2026;computer_software;cybersecurity_cryptography;仅限本科;学士;计算机科学与技术（专业代码080901）、软件工程（专业代码080902）、网络工程（专业代码080903）、信息安全（专业代码080904K）;市（地）级及以下直属机构综合管理类","用人司局：国家金融监督管理总局龙胜监管支局
职位简介：主要从事金融信息科技风险监管、电子设备软硬件管理及信息系统运行维护等工作。
专业要求：计算机科学与技术（专业代码080901）、软件工程（专业代码080902）、网络工程（专业代码080903）、信息安全（专业代码080904K）
学历要求：仅限本科
学位要求：学士
政治面貌：不限
基层工作经历：无限制
考试类别：市（地）级及以下直属机构综合管理类
备注：1.报名时请在专业栏中同时填写专业名称和专业代码；2.大学英语四级成绩在425分及以上（雅思成绩在6分及以上、托福成绩在80分及以上、取得英语专业四级或专业八级合格证书亦可），请在外语水平栏注明已获得的英语等级证书及成绩。","http://bm.scs.gov.cn/kl2026#132120-300147736001","2025-10-14","{""dataset_year"":2026,""job_uid"":""GOV-2026-132120-300147736001"",""publisher"":""国家公务员局"",""publication_page"":""http://bm.scs.gov.cn/kl2026"",""attachment_url"":""local://2026_guokao_zhaokaojianzhang.zip"",""local_source_file"":""中央机关及其直属机构2026年度考试录用公务员招考简章.xls"",""local_source_sha256"":""2670bae1df1dd07a3a3c79b9db46a11e3bb15a6c9c249e6af98bfd0b61ce3aaf"",""source_sheet"":""中央国家行政机关省级以下直属机构"",""filter_version"":""government_tech_v2"",""tech_filter"":{""is_tech"":true,""is_core_tech"":true,""scope"":""core"",""categories"":[""computer_software"",""cybersecurity_cryptography""],""matched_fields"":[""major"",""description""],""major_terms"":[""信息安全"",""网络工程"",""计算机科学与技术"",""软件工程""],""role_terms"":[""信息科技"",""信息系统"",""软硬件""],""reason"":""tech_major_and_role""},""original"":{""部门代码"":""132120"",""部门名称"":""国家金融监督管理总局广西监管局"",""用人司局"":""国家金融监督管理总局龙胜监管支局"",""机构性质"":""中央国家行政机关省级以下直属机构"",""招考职位"":""科技部门一级主任科员及以下"",""职位属性"":""金融监管计算机类职位"",""职位分布"":""西部地区和艰苦边远地区职位"",""职位简介"":""主要从事金融信息科技风险监管、电子设备软硬件管理及信息系统运行维护等工作。"",""职位代码"":""300147736001"",""机构层级"":""县（区）级及以下"",""考试类别"":""市（地）级及以下直属机构综合管理类"",""招考人数"":""1"",""专业"":""计算机科学与技术（专业代码080901）、软件工程（专业代码080902）、网络工程（专业代码080903）、信息安全（专业代码080904K）"",""学历"":""仅限本科"",""学位"":""学士"",""政治面貌"":""不限"",""基层工作最低年限"":""无限制"",""服务基层项目工作经历"":""无限制"",""是否在面试阶段组织专业能力测试"":""否"",""面试人员比例"":""3:1"",""工作地点"":""广西壮族自治区桂林市龙胜各族自治县"",""落户地点"":""广西壮族自治区桂林市龙胜各族自治县"",""备注"":""1.报名时请在专业栏中同时填写专业名称和专业代码；2.大学英语四级成绩在425分及以上（雅思成绩在6分及以上、托福成绩在80分及以上、取得英语专业四级或专业八级合格证书亦可），请在外语水平栏注明已获得的英语等级证书及成绩。"",""部门网站"":""http://www.nfra.gov.cn/"",""咨询电话1"":""0771-2818510"",""咨询电话2"":""0771-2848210"",""咨询电话3"":"""",""来源Sheet"":""中央国家行政机关省级以下直属机构""}}"
"government_jobs","国家公务员2026招考简章","公务员/事业单位技术岗位","广西壮族自治区玉林市陆川县","2026-07-28T09:12:58.310295+00:00","科技部门一级主任科员及以下","国家金融监督管理总局广西监管局","","广西壮族自治区玉林市陆川县","公务员/事业单位;2026;computer_software;本科或硕士研究生;与最高学历相对应的学位;计算机类;市（地）级及以下直属机构综合管理类","用人司局：国家金融监督管理总局陆川监管支局
职位简介：主要从事金融信息科技风险监管、电子设备软硬件管理及信息系统运行维护等工作。
专业要求：计算机类
学历要求：本科或硕士研究生
学位要求：与最高学历相对应的学位
政治面貌：不限
基层工作经历：无限制
考试类别：市（地）级及以下直属机构综合管理类
备注：报名时请在专业栏中同时填写专业名称和专业代码。","http://bm.scs.gov.cn/kl2026#132120-300147740001","2025-10-14","{""dataset_year"":2026,""job_uid"":""GOV-2026-132120-300147740001"",""publisher"":""国家公务员局"",""publication_page"":""http://bm.scs.gov.cn/kl2026"",""attachment_url"":""local://2026_guokao_zhaokaojianzhang.zip"",""local_source_file"":""中央机关及其直属机构2026年度考试录用公务员招考简章.xls"",""local_source_sha256"":""2670bae1df1dd07a3a3c79b9db46a11e3bb15a6c9c249e6af98bfd0b61ce3aaf"",""source_sheet"":""中央国家行政机关省级以下直属机构"",""filter_version"":""government_tech_v2"",""tech_filter"":{""is_tech"":true,""is_core_tech"":true,""scope"":""core"",""categories"":[""computer_software""],""matched_fields"":[""major"",""description""],""major_terms"":[""计算机类""],""role_terms"":[""信息科技"",""信息系统"",""软硬件""],""reason"":""tech_major_and_role""},""original"":{""部门代码"":""132120"",""部门名称"":""国家金融监督管理总局广西监管局"",""用人司局"":""国家金融监督管理总局陆川监管支局"",""机构性质"":""中央国家行政机关省级以下直属机构"",""招考职位"":""科技部门一级主任科员及以下"",""职位属性"":""金融监管计算机类职位"",""职位分布"":""西部地区和艰苦边远地区职位"",""职位简介"":""主要从事金融信息科技风险监管、电子设备软硬件管理及信息系统运行维护等工作。"",""职位代码"":""300147740001"",""机构层级"":""县（区）级及以下"",""考试类别"":""市（地）级及以下直属机构综合管理类"",""招考人数"":""1"",""专业"":""计算机类"",""学历"":""本科或硕士研究生"",""学位"":""与最高学历相对应的学位"",""政治面貌"":""不限"",""基层工作最低年限"":""无限制"",""服务基层项目工作经历"":""无限制"",""是否在面试阶段组织专业能力测试"":""否"",""面试人员比例"":""3:1"",""工作地点"":""广西壮族自治区玉林市陆川县"",""落户地点"":""广西壮族自治区玉林市陆川县"",""备注"":""报名时请在专业栏中同时填写专业名称和专业代码。"",""部门网站"":""http://www.nfra.gov.cn/"",""咨询电话1"":""0771-2818510"",""咨询电话2"":""0771-2848210"",""咨询电话3"":"""",""来源Sheet"":""中央国家行政机关省级以下直属机构""}}"
"government_jobs","国家公务员2026招考简章","公务员/事业单位技术岗位","广西壮族自治区贵港市平南县","2026-07-28T09:12:58.310295+00:00","科技部门一级主任科员及以下","国家金融监督管理总局广西监管局","","广西壮族自治区贵港市平南县","公务员/事业单位;2026;computer_software;cybersecurity_cryptography;本科或硕士研究生;与最高学历相对应的学位;计算机科学与技术、软件工程、网络工程、信息安全;市（地）级及以下直属机构综合管理类","用人司局：国家金融监督管理总局平南监管支局
职位简介：主要从事金融信息科技风险监管、电子设备软硬件管理及信息系统运行维护等工作。
专业要求：计算机科学与技术、软件工程、网络工程、信息安全
学历要求：本科或硕士研究生
学位要求：与最高学历相对应的学位
政治面貌：不限
基层工作经历：无限制
考试类别：市（地）级及以下直属机构综合管理类
备注：1.报名时请在专业栏中同时填写专业名称和专业代码；2.限应届高校毕业生报考，请在备注栏中注明本人具有应届高校毕业生身份；3.大学英语四级成绩在425分及以上（雅思成绩在6分及以上、托福成绩在80分及以上、取得英语专业四级或专业八级合格证书亦可），请在外语水平栏注明已获得的英语等级证书及成绩。","http://bm.scs.gov.cn/kl2026#132120-300147742001","2025-10-14","{""dataset_year"":2026,""job_uid"":""GOV-2026-132120-300147742001"",""publisher"":""国家公务员局"",""publication_page"":""http://bm.scs.gov.cn/kl2026"",""attachment_url"":""local://2026_guokao_zhaokaojianzhang.zip"",""local_source_file"":""中央机关及其直属机构2026年度考试录用公务员招考简章.xls"",""local_source_sha256"":""2670bae1df1dd07a3a3c79b9db46a11e3bb15a6c9c249e6af98bfd0b61ce3aaf"",""source_sheet"":""中央国家行政机关省级以下直属机构"",""filter_version"":""government_tech_v2"",""tech_filter"":{""is_tech"":true,""is_core_tech"":true,""scope"":""core"",""categories"":[""computer_software"",""cybersecurity_cryptography""],""matched_fields"":[""major"",""description""],""major_terms"":[""信息安全"",""网络工程"",""计算机科学与技术"",""软件工程""],""role_terms"":[""信息科技"",""信息系统"",""软硬件""],""reason"":""tech_major_and_role""},""original"":{""部门代码"":""132120"",""部门名称"":""国家金融监督管理总局广西监管局"",""用人司局"":""国家金融监督管理总局平南监管支局"",""机构性质"":""中央国家行政机关省级以下直属机构"",""招考职位"":""科技部门一级主任科员及以下"",""职位属性"":""金融监管计算机类职位"",""职位分布"":""西部地区和艰苦边远地区职位"",""职位简介"":""主要从事金融信息科技风险监管、电子设备软硬件管理及信息系统运行维护等工作。"",""职位代码"":""300147742001"",""机构层级"":""县（区）级及以下"",""考试类别"":""市（地）级及以下直属机构综合管理类"",""招考人数"":""1"",""专业"":""计算机科学与技术、软件工程、网络工程、信息安全"",""学历"":""本科或硕士研究生"",""学位"":""与最高学历相对应的学位"",""政治面貌"":""不限"",""基层工作最低年限"":""无限制"",""服务基层项目工作经历"":""无限制"",""是否在面试阶段组织专业能力测试"":""否"",""面试人员比例"":""3:1"",""工作地点"":""广西壮族自治区贵港市平南县"",""落户地点"":""广西壮族自治区贵港市平南县"",""备注"":""1.报名时请在专业栏中同时填写专业名称和专业代码；2.限应届高校毕业生报考，请在备注栏中注明本人具有应届高校毕业生身份；3.大学英语四级成绩在425分及以上（雅思成绩在6分及以上、托福成绩在80分及以上、取得英语专业四级或专业八级合格证书亦可），请在外语水平栏注明已获得的英语等级证书及成绩。"",""部门网站"":""http://www.nfra.gov.cn/"",""咨询电话1"":""0771-2818510"",""咨询电话2"":""0771-2848210"",""咨询电话3"":"""",""来源Sheet"":""中央国家行政机关省级以下直属机构""}}"
"government_jobs","国家公务员2026招考简章","公务员/事业单位技术岗位","广西壮族自治区防城港市上思县","2026-07-28T09:12:58.310295+00:00","科技部门一级主任科员及以下","国家金融监督管理总局广西监管局","","广西壮族自治区防城港市上思县","公务员/事业单位;2026;computer_software;仅限本科;学士;计算机类;市（地）级及以下直属机构综合管理类","用人司局：国家金融监督管理总局上思监管支局
职位简介：主要从事金融信息科技风险监管、电子设备软硬件管理及信息系统运行维护等工作。
专业要求：计算机类
学历要求：仅限本科
学位要求：学士
政治面貌：不限
基层工作经历：无限制
考试类别：市（地）级及以下直属机构综合管理类
备注：1.报名时请在专业栏中同时填写专业名称和专业代码；2.限广西生源报考。","http://bm.scs.gov.cn/kl2026#132120-300147756001","2025-10-14","{""dataset_year"":2026,""job_uid"":""GOV-2026-132120-300147756001"",""publisher"":""国家公务员局"",""publication_page"":""http://bm.scs.gov.cn/kl2026"",""attachment_url"":""local://2026_guokao_zhaokaojianzhang.zip"",""local_source_file"":""中央机关及其直属机构2026年度考试录用公务员招考简章.xls"",""local_source_sha256"":""2670bae1df1dd07a3a3c79b9db46a11e3bb15a6c9c249e6af98bfd0b61ce3aaf"",""source_sheet"":""中央国家行政机关省级以下直属机构"",""filter_version"":""government_tech_v2"",""tech_filter"":{""is_tech"":true,""is_core_tech"":true,""scope"":""core"",""categories"":[""computer_software""],""matched_fields"":[""major"",""description""],""major_terms"":[""计算机类""],""role_terms"":[""信息科技"",""信息系统"",""软硬件""],""reason"":""tech_major_and_role""},""original"":{""部门代码"":""132120"",""部门名称"":""国家金融监督管理总局广西监管局"",""用人司局"":""国家金融监督管理总局上思监管支局"",""机构性质"":""中央国家行政机关省级以下直属机构"",""招考职位"":""科技部门一级主任科员及以下"",""职位属性"":""金融监管计算机类职位"",""职位分布"":""西部地区和艰苦边远地区职位"",""职位简介"":""主要从事金融信息科技风险监管、电子设备软硬件管理及信息系统运行维护等工作。"",""职位代码"":""300147756001"",""机构层级"":""县（区）级及以下"",""考试类别"":""市（地）级及以下直属机构综合管理类"",""招考人数"":""1"",""专业"":""计算机类"",""学历"":""仅限本科"",""学位"":""学士"",""政治面貌"":""不限"",""基层工作最低年限"":""无限制"",""服务基层项目工作经历"":""无限制"",""是否在面试阶段组织专业能力测试"":""否"",""面试人员比例"":""3:1"",""工作地点"":""广西壮族自治区防城港市上思县"",""落户地点"":""广西壮族自治区防城港市上思县"",""备注"":""1.报名时请在专业栏中同时填写专业名称和专业代码；2.限广西生源报考。"",""部门网站"":""http://www.nfra.gov.cn/"",""咨询电话1"":""0771-2818510"",""咨询电话2"":""0771-2848210"",""咨询电话3"":"""",""来源Sheet"":""中央国家行政机关省级以下直属机构""}}"
"government_jobs","国家公务员2026招考简章","公务员/事业单位技术岗位","广西壮族自治区崇左市凭祥市","2026-07-28T09:12:58.310295+00:00","科技部门一级主任科员及以下","国家金融监督管理总局广西监管局","","广西壮族自治区崇左市凭祥市","公务员/事业单位;2026;computer_software;本科或硕士研究生;与最高学历相对应的学位;计算机类;市（地）级及以下直属机构综合管理类","用人司局：国家金融监督管理总局凭祥监管支局
职位简介：主要从事金融信息科技风险监管、电子设备软硬件管理及信息系统运行维护等工作。
专业要求：计算机类
学历要求：本科或硕士研究生
学位要求：与最高学历相对应的学位
政治面貌：不限
基层工作经历：无限制
考试类别：市（地）级及以下直属机构综合管理类
备注：1.报名时请在专业栏中同时填写专业名称和专业代码；2.限应届高校毕业生报考，请在备注栏中注明本人具有应届高校毕业生身份；3.本科学历大学英语四级成绩在425分及以上（雅思成绩在6分及以上、托福成绩在80分及以上、取得英语专业四级或专业八级合格证书亦可），研究生学历大学英语六级成绩在425分及以上（雅思成绩在6.5分及以上、托福成绩在90分及以上、取得英语专业四级或专业八级合格证书亦可），请在外语水平栏注明已获得的英语等级证书及成绩。","http://bm.scs.gov.cn/kl2026#132120-300147757001","2025-10-14","{""dataset_year"":2026,""job_uid"":""GOV-2026-132120-300147757001"",""publisher"":""国家公务员局"",""publication_page"":""http://bm.scs.gov.cn/kl2026"",""attachment_url"":""local://2026_guokao_zhaokaojianzhang.zip"",""local_source_file"":""中央机关及其直属机构2026年度考试录用公务员招考简章.xls"",""local_source_sha256"":""2670bae1df1dd07a3a3c79b9db46a11e3bb15a6c9c249e6af98bfd0b61ce3aaf"",""source_sheet"":""中央国家行政机关省级以下直属机构"",""filter_version"":""government_tech_v2"",""tech_filter"":{""is_tech"":true,""is_core_tech"":true,""scope"":""core"",""categories"":[""computer_software""],""matched_fields"":[""major"",""description""],""major_terms"":[""计算机类""],""role_terms"":[""信息科技"",""信息系统"",""软硬件""],""reason"":""tech_major_and_role""},""original"":{""部门代码"":""132120"",""部门名称"":""国家金融监督管理总局广西监管局"",""用人司局"":""国家金融监督管理总局凭祥监管支局"",""机构性质"":""中央国家行政机关省级以下直属机构"",""招考职位"":""科技部门一级主任科员及以下"",""职位属性"":""金融监管计算机类职位"",""职位分布"":""西部地区和艰苦边远地区职位"",""职位简介"":""主要从事金融信息科技风险监管、电子设备软硬件管理及信息系统运行维护等工作。"",""职位代码"":""300147757001"",""机构层级"":""县（区）级及以下"",""考试类别"":""市（地）级及以下直属机构综合管理类"",""招考人数"":""1"",""专业"":""计算机类"",""学历"":""本科或硕士研究生"",""学位"":""与最高学历相对应的学位"",""政治面貌"":""不限"",""基层工作最低年限"":""无限制"",""服务基层项目工作经历"":""无限制"",""是否在面试阶段组织专业能力测试"":""否"",""面试人员比例"":""3:1"",""工作地点"":""广西壮族自治区崇左市凭祥市"",""落户地点"":""广西壮族自治区崇左市凭祥市"",""备注"":""1.报名时请在专业栏中同时填写专业名称和专业代码；2.限应届高校毕业生报考，请在备注栏中注明本人具有应届高校毕业生身份；3.本科学历大学英语四级成绩在425分及以上（雅思成绩在6分及以上、托福成绩在80分及以上、取得英语专业四级或专业八级合格证书亦可），研究生学历大学英语六级成绩在425分及以上（雅思成绩在6.5分及以上、托福成绩在90分及以上、取得英语专业四级或专业八级合格证书亦可），请在外语水平栏注明已获得的英语等级证书及成绩。"",""部门网站"":""http://www.nfra.gov.cn/"",""咨询电话1"":""0771-2818510"",""咨询电话2"":""0771-2848210"",""咨询电话3"":"""",""来源Sheet"":""中央国家行政机关省级以下直属机构""}}"
"government_jobs","国家公务员2026招考简章","公务员/事业单位技术岗位","广西壮族自治区崇左市龙州县","2026-07-28T09:12:58.310295+00:00","科技部门一级主任科员及以下","国家金融监督管理总局广西监管局","","广西壮族自治区崇左市龙州县","公务员/事业单位;2026;computer_software;本科或硕士研究生;与最高学历相对应的学位;计算机类;市（地）级及以下直属机构综合管理类","用人司局：国家金融监督管理总局龙州监管支局
职位简介：主要从事金融信息科技风险监管、电子设备软硬件管理及信息系统运行维护等工作。
专业要求：计算机类
学历要求：本科或硕士研究生
学位要求：与最高学历相对应的学位
政治面貌：不限
基层工作经历：无限制
考试类别：市（地）级及以下直属机构综合管理类
备注：1.报名时请在专业栏中同时填写专业名称和专业代码；2.限应届高校毕业生报考，请在备注栏中注明本人具有应届高校毕业生身份；3.本科学历大学英语四级成绩在425分及以上（雅思成绩在6分及以上、托福成绩在80分及以上、取得英语专业四级或专业八级合格证书亦可），研究生学历大学英语六级成绩在425分及以上（雅思成绩在6.5分及以上、托福成绩在90分及以上、取得英语专业四级或专业八级合格证书亦可），请在外语水平栏注明已获得的英语等级证书及成绩。","http://bm.scs.gov.cn/kl2026#132120-300147758001","2025-10-14","{""dataset_year"":2026,""job_uid"":""GOV-2026-132120-300147758001"",""publisher"":""国家公务员局"",""publication_page"":""http://bm.scs.gov.cn/kl2026"",""attachment_url"":""local://2026_guokao_zhaokaojianzhang.zip"",""local_source_file"":""中央机关及其直属机构2026年度考试录用公务员招考简章.xls"",""local_source_sha256"":""2670bae1df1dd07a3a3c79b9db46a11e3bb15a6c9c249e6af98bfd0b61ce3aaf"",""source_sheet"":""中央国家行政机关省级以下直属机构"",""filter_version"":""government_tech_v2"",""tech_filter"":{""is_tech"":true,""is_core_tech"":true,""scope"":""core"",""categories"":[""computer_software""],""matched_fields"":[""major"",""description""],""major_terms"":[""计算机类""],""role_terms"":[""信息科技"",""信息系统"",""软硬件""],""reason"":""tech_major_and_role""},""original"":{""部门代码"":""132120"",""部门名称"":""国家金融监督管理总局广西监管局"",""用人司局"":""国家金融监督管理总局龙州监管支局"",""机构性质"":""中央国家行政机关省级以下直属机构"",""招考职位"":""科技部门一级主任科员及以下"",""职位属性"":""金融监管计算机类职位"",""职位分布"":""西部地区和艰苦边远地区职位"",""职位简介"":""主要从事金融信息科技风险监管、电子设备软硬件管理及信息系统运行维护等工作。"",""职位代码"":""300147758001"",""机构层级"":""县（区）级及以下"",""考试类别"":""市（地）级及以下直属机构综合管理类"",""招考人数"":""1"",""专业"":""计算机类"",""学历"":""本科或硕士研究生"",""学位"":""与最高学历相对应的学位"",""政治面貌"":""不限"",""基层工作最低年限"":""无限制"",""服务基层项目工作经历"":""无限制"",""是否在面试阶段组织专业能力测试"":""否"",""面试人员比例"":""3:1"",""工作地点"":""广西壮族自治区崇左市龙州县"",""落户地点"":""广西壮族自治区崇左市龙州县"",""备注"":""1.报名时请在专业栏中同时填写专业名称和专业代码；2.限应届高校毕业生报考，请在备注栏中注明本人具有应届高校毕业生身份；3.本科学历大学英语四级成绩在425分及以上（雅思成绩在6分及以上、托福成绩在80分及以上、取得英语专业四级或专业八级合格证书亦可），研究生学历大学英语六级成绩在425分及以上（雅思成绩在6.5分及以上、托福成绩在90分及以上、取得英语专业四级或专业八级合格证书亦可），请在外语水平栏注明已获得的英语等级证书及成绩。"",""部门网站"":""http://www.nfra.gov.cn/"",""咨询电话1"":""0771-2818510"",""咨询电话2"":""0771-2848210"",""咨询电话3"":"""",""来源Sheet"":""中央国家行政机关省级以下直属机构""}}"
"government_jobs","国家公务员2026招考简章","公务员/事业单位技术岗位","广西壮族自治区崇左市宁明县","2026-07-28T09:12:58.310295+00:00","科技部门一级主任科员及以下","国家金融监督管理总局广西监管局","","广西壮族自治区崇左市宁明县","公务员/事业单位;2026;computer_software;本科或硕士研究生;与最高学历相对应的学位;计算机类;市（地）级及以下直属机构综合管理类","用人司局：国家金融监督管理总局宁明监管支局
职位简介：主要从事金融信息科技风险监管、电子设备软硬件管理及信息系统运行维护等工作。
专业要求：计算机类
学历要求：本科或硕士研究生
学位要求：与最高学历相对应的学位
政治面貌：不限
基层工作经历：无限制
考试类别：市（地）级及以下直属机构综合管理类
备注：1.报名时请在专业栏中同时填写专业名称和专业代码；2.限应届高校毕业生报考，请在备注栏中注明本人具有应届高校毕业生身份；3.本科学历大学英语四级成绩在425分及以上（雅思成绩在6分及以上、托福成绩在80分及以上、取得英语专业四级或专业八级合格证书亦可），研究生学历大学英语六级成绩在425分及以上（雅思成绩在6.5分及以上、托福成绩在90分及以上、取得英语专业四级或专业八级合格证书亦可），请在外语水平栏注明已获得的英语等级证书及成绩。","http://bm.scs.gov.cn/kl2026#132120-300147759001","2025-10-14","{""dataset_year"":2026,""job_uid"":""GOV-2026-132120-300147759001"",""publisher"":""国家公务员局"",""publication_page"":""http://bm.scs.gov.cn/kl2026"",""attachment_url"":""local://2026_guokao_zhaokaojianzhang.zip"",""local_source_file"":""中央机关及其直属机构2026年度考试录用公务员招考简章.xls"",""local_source_sha256"":""2670bae1df1dd07a3a3c79b9db46a11e3bb15a6c9c249e6af98bfd0b61ce3aaf"",""source_sheet"":""中央国家行政机关省级以下直属机构"",""filter_version"":""government_tech_v2"",""tech_filter"":{""is_tech"":true,""is_core_tech"":true,""scope"":""core"",""categories"":[""computer_software""],""matched_fields"":[""major"",""description""],""major_terms"":[""计算机类""],""role_terms"":[""信息科技"",""信息系统"",""软硬件""],""reason"":""tech_major_and_role""},""original"":{""部门代码"":""132120"",""部门名称"":""国家金融监督管理总局广西监管局"",""用人司局"":""国家金融监督管理总局宁明监管支局"",""机构性质"":""中央国家行政机关省级以下直属机构"",""招考职位"":""科技部门一级主任科员及以下"",""职位属性"":""金融监管计算机类职位"",""职位分布"":""西部地区和艰苦边远地区职位"",""职位简介"":""主要从事金融信息科技风险监管、电子设备软硬件管理及信息系统运行维护等工作。"",""职位代码"":""300147759001"",""机构层级"":""县（区）级及以下"",""考试类别"":""市（地）级及以下直属机构综合管理类"",""招考人数"":""1"",""专业"":""计算机类"",""学历"":""本科或硕士研究生"",""学位"":""与最高学历相对应的学位"",""政治面貌"":""不限"",""基层工作最低年限"":""无限制"",""服务基层项目工作经历"":""无限制"",""是否在面试阶段组织专业能力测试"":""否"",""面试人员比例"":""3:1"",""工作地点"":""广西壮族自治区崇左市宁明县"",""落户地点"":""广西壮族自治区崇左市宁明县"",""备注"":""1.报名时请在专业栏中同时填写专业名称和专业代码；2.限应届高校毕业生报考，请在备注栏中注明本人具有应届高校毕业生身份；3.本科学历大学英语四级成绩在425分及以上（雅思成绩在6分及以上、托福成绩在80分及以上、取得英语专业四级或专业八级合格证书亦可），研究生学历大学英语六级成绩在425分及以上（雅思成绩在6.5分及以上、托福成绩在90分及以上、取得英语专业四级或专业八级合格证书亦可），请在外语水平栏注明已获得的英语等级证书及成绩。"",""部门网站"":""http://www.nfra.gov.cn/"",""咨询电话1"":""0771-2818510"",""咨询电话2"":""0771-2848210"",""咨询电话3"":"""",""来源Sheet"":""中央国家行政机关省级以下直属机构""}}"
"government_jobs","国家公务员2026招考简章","公务员/事业单位技术岗位","广西壮族自治区来宾市象州县","2026-07-28T09:12:58.310295+00:00","科技部门一级主任科员及以下","国家金融监督管理总局广西监管局","","广西壮族自治区来宾市象州县","公务员/事业单位;2026;automation_robotics;computer_software;electronics_communication;本科或硕士研究生;与最高学历相对应的学位;计算机类、电子信息类、自动化类;市（地）级及以下直属机构综合管理类","用人司局：国家金融监督管理总局象州监管支局
职位简介：主要从事金融信息科技风险监管、电子设备软硬件管理及信息系统运行维护等工作。
专业要求：计算机类、电子信息类、自动化类
学历要求：本科或硕士研究生
学位要求：与最高学历相对应的学位
政治面貌：不限
基层工作经历：无限制
考试类别：市（地）级及以下直属机构综合管理类
备注：1.报名时请在专业栏中同时填写专业名称和专业代码；2.限广西生源报考。","http://bm.scs.gov.cn/kl2026#132120-300147760001","2025-10-14","{""dataset_year"":2026,""job_uid"":""GOV-2026-132120-300147760001"",""publisher"":""国家公务员局"",""publication_page"":""http://bm.scs.gov.cn/kl2026"",""attachment_url"":""local://2026_guokao_zhaokaojianzhang.zip"",""local_source_file"":""中央机关及其直属机构2026年度考试录用公务员招考简章.xls"",""local_source_sha256"":""2670bae1df1dd07a3a3c79b9db46a11e3bb15a6c9c249e6af98bfd0b61ce3aaf"",""source_sheet"":""中央国家行政机关省级以下直属机构"",""filter_version"":""government_tech_v2"",""tech_filter"":{""is_tech"":true,""is_core_tech"":true,""scope"":""core"",""categories"":[""automation_robotics"",""computer_software"",""electronics_communication""],""matched_fields"":[""major"",""description""],""major_terms"":[""电子信息类"",""自动化类"",""计算机类""],""role_terms"":[""信息科技"",""信息系统"",""软硬件""],""reason"":""tech_major_and_role""},""original"":{""部门代码"":""132120"",""部门名称"":""国家金融监督管理总局广西监管局"",""用人司局"":""国家金融监督管理总局象州监管支局"",""机构性质"":""中央国家行政机关省级以下直属机构"",""招考职位"":""科技部门一级主任科员及以下"",""职位属性"":""金融监管计算机类职位"",""职位分布"":""西部地区和艰苦边远地区职位"",""职位简介"":""主要从事金融信息科技风险监管、电子设备软硬件管理及信息系统运行维护等工作。"",""职位代码"":""300147760001"",""机构层级"":""县（区）级及以下"",""考试类别"":""市（地）级及以下直属机构综合管理类"",""招考人数"":""1"",""专业"":""计算机类、电子信息类、自动化类"",""学历"":""本科或硕士研究生"",""学位"":""与最高学历相对应的学位"",""政治面貌"":""不限"",""基层工作最低年限"":""无限制"",""服务基层项目工作经历"":""无限制"",""是否在面试阶段组织专业能力测试"":""否"",""面试人员比例"":""3:1"",""工作地点"":""广西壮族自治区来宾市象州县"",""落户地点"":""广西壮族自治区来宾市象州县"",""备注"":""1.报名时请在专业栏中同时填写专业名称和专业代码；2.限广西生源报考。"",""部门网站"":""http://www.nfra.gov.cn/"",""咨询电话1"":""0771-2818510"",""咨询电话2"":""0771-2848210"",""咨询电话3"":"""",""来源Sheet"":""中央国家行政机关省级以下直属机构""}}"
"government_jobs","国家公务员2026招考简章","公务员/事业单位技术岗位","广西壮族自治区来宾市金秀瑶族自治县","2026-07-28T09:12:58.310295+00:00","科技部门一级主任科员及以下","国家金融监督管理总局广西监管局","","广西壮族自治区来宾市金秀瑶族自治县","公务员/事业单位;2026;automation_robotics;computer_software;electronics_communication;本科或硕士研究生;与最高学历相对应的学位;计算机类、电子信息类、自动化类;市（地）级及以下直属机构综合管理类","用人司局：国家金融监督管理总局金秀监管支局
职位简介：主要从事金融信息科技风险监管、电子设备软硬件管理及信息系统运行维护等工作。
专业要求：计算机类、电子信息类、自动化类
学历要求：本科或硕士研究生
学位要求：与最高学历相对应的学位
政治面貌：不限
基层工作经历：二年
考试类别：市（地）级及以下直属机构综合管理类
备注：1.报名时请在专业栏中同时填写专业名称和专业代码；2.限广西生源报考。","http://bm.scs.gov.cn/kl2026#132120-300147761001","2025-10-14","{""dataset_year"":2026,""job_uid"":""GOV-2026-132120-300147761001"",""publisher"":""国家公务员局"",""publication_page"":""http://bm.scs.gov.cn/kl2026"",""attachment_url"":""local://2026_guokao_zhaokaojianzhang.zip"",""local_source_file"":""中央机关及其直属机构2026年度考试录用公务员招考简章.xls"",""local_source_sha256"":""2670bae1df1dd07a3a3c79b9db46a11e3bb15a6c9c249e6af98bfd0b61ce3aaf"",""source_sheet"":""中央国家行政机关省级以下直属机构"",""filter_version"":""government_tech_v2"",""tech_filter"":{""is_tech"":true,""is_core_tech"":true,""scope"":""core"",""categories"":[""automation_robotics"",""computer_software"",""electronics_communication""],""matched_fields"":[""major"",""description""],""major_terms"":[""电子信息类"",""自动化类"",""计算机类""],""role_terms"":[""信息科技"",""信息系统"",""软硬件""],""reason"":""tech_major_and_role""},""original"":{""部门代码"":""132120"",""部门名称"":""国家金融监督管理总局广西监管局"",""用人司局"":""国家金融监督管理总局金秀监管支局"",""机构性质"":""中央国家行政机关省级以下直属机构"",""招考职位"":""科技部门一级主任科员及以下"",""职位属性"":""金融监管计算机类职位"",""职位分布"":""西部地区和艰苦边远地区职位"",""职位简介"":""主要从事金融信息科技风险监管、电子设备软硬件管理及信息系统运行维护等工作。"",""职位代码"":""300147761001"",""机构层级"":""县（区）级及以下"",""考试类别"":""市（地）级及以下直属机构综合管理类"",""招考人数"":""1"",""专业"":""计算机类、电子信息类、自动化类"",""学历"":""本科或硕士研究生"",""学位"":""与最高学历相对应的学位"",""政治面貌"":""不限"",""基层工作最低年限"":""二年"",""服务基层项目工作经历"":""无限制"",""是否在面试阶段组织专业能力测试"":""否"",""面试人员比例"":""3:1"",""工作地点"":""广西壮族自治区来宾市金秀瑶族自治县"",""落户地点"":""广西壮族自治区来宾市金秀瑶族自治县"",""备注"":""1.报名时请在专业栏中同时填写专业名称和专业代码；2.限广西生源报考。"",""部门网站"":""http://www.nfra.gov.cn/"",""咨询电话1"":""0771-2818510"",""咨询电话2"":""0771-2848210"",""咨询电话3"":"""",""来源Sheet"":""中央国家行政机关省级以下直属机构""}}"
"government_jobs","国家公务员2026招考简章","公务员/事业单位技术岗位","广西壮族自治区来宾市忻城县","2026-07-28T09:12:58.310295+00:00","科技部门一级主任科员及以下","国家金融监督管理总局广西监管局","","广西壮族自治区来宾市忻城县","公务员/事业单位;2026;automation_robotics;computer_software;electronics_communication;本科或硕士研究生;与最高学历相对应的学位;计算机类、电子信息类、自动化类;市（地）级及以下直属机构综合管理类","用人司局：国家金融监督管理总局忻城监管支局
职位简介：主要从事金融信息科技风险监管、电子设备软硬件管理及信息系统运行维护等工作。
专业要求：计算机类、电子信息类、自动化类
学历要求：本科或硕士研究生
学位要求：与最高学历相对应的学位
政治面貌：不限
基层工作经历：无限制
考试类别：市（地）级及以下直属机构综合管理类
备注：1.报名时请在专业栏中同时填写专业名称和专业代码；2.限应届高校毕业生报考，请在备注栏中注明本人具有应届高校毕业生身份。","http://bm.scs.gov.cn/kl2026#132120-300147762001","2025-10-14","{""dataset_year"":2026,""job_uid"":""GOV-2026-132120-300147762001"",""publisher"":""国家公务员局"",""publication_page"":""http://bm.scs.gov.cn/kl2026"",""attachment_url"":""local://2026_guokao_zhaokaojianzhang.zip"",""local_source_file"":""中央机关及其直属机构2026年度考试录用公务员招考简章.xls"",""local_source_sha256"":""2670bae1df1dd07a3a3c79b9db46a11e3bb15a6c9c249e6af98bfd0b61ce3aaf"",""source_sheet"":""中央国家行政机关省级以下直属机构"",""filter_version"":""government_tech_v2"",""tech_filter"":{""is_tech"":true,""is_core_tech"":true,""scope"":""core"",""categories"":[""automation_robotics"",""computer_software"",""electronics_communication""],""matched_fields"":[""major"",""description""],""major_terms"":[""电子信息类"",""自动化类"",""计算机类""],""role_terms"":[""信息科技"",""信息系统"",""软硬件""],""reason"":""tech_major_and_role""},""original"":{""部门代码"":""132120"",""部门名称"":""国家金融监督管理总局广西监管局"",""用人司局"":""国家金融监督管理总局忻城监管支局"",""机构性质"":""中央国家行政机关省级以下直属机构"",""招考职位"":""科技部门一级主任科员及以下"",""职位属性"":""金融监管计算机类职位"",""职位分布"":""西部地区和艰苦边远地区职位"",""职位简介"":""主要从事金融信息科技风险监管、电子设备软硬件管理及信息系统运行维护等工作。"",""职位代码"":""300147762001"",""机构层级"":""县（区）级及以下"",""考试类别"":""市（地）级及以下直属机构综合管理类"",""招考人数"":""1"",""专业"":""计算机类、电子信息类、自动化类"",""学历"":""本科或硕士研究生"",""学位"":""与最高学历相对应的学位"",""政治面貌"":""不限"",""基层工作最低年限"":""无限制"",""服务基层项目工作经历"":""无限制"",""是否在面试阶段组织专业能力测试"":""否"",""面试人员比例"":""3:1"",""工作地点"":""广西壮族自治区来宾市忻城县"",""落户地点"":""广西壮族自治区来宾市忻城县"",""备注"":""1.报名时请在专业栏中同时填写专业名称和专业代码；2.限应届高校毕业生报考，请在备注栏中注明本人具有应届高校毕业生身份。"",""部门网站"":""http://www.nfra.gov.cn/"",""咨询电话1"":""0771-2818510"",""咨询电话2"":""0771-2848210"",""咨询电话3"":"""",""来源Sheet"":""中央国家行政机关省级以下直属机构""}}"
"government_jobs","国家公务员2026招考简章","公务员/事业单位技术岗位","广西壮族自治区贺州市昭平县","2026-07-28T09:12:58.310295+00:00","科技部门一级主任科员及以下","国家金融监督管理总局广西监管局","","广西壮族自治区贺州市昭平县","公务员/事业单位;2026;computer_software;cybersecurity_cryptography;本科或硕士研究生;与最高学历相对应的学位;计算机科学与技术、软件工程、网络工程、信息安全;市（地）级及以下直属机构综合管理类","用人司局：国家金融监督管理总局昭平监管支局
职位简介：主要从事金融信息科技风险监管、电子设备软硬件管理及信息系统运行维护等工作。
专业要求：计算机科学与技术、软件工程、网络工程、信息安全
学历要求：本科或硕士研究生
学位要求：与最高学历相对应的学位
政治面貌：不限
基层工作经历：无限制
考试类别：市（地）级及以下直属机构综合管理类
备注：报名时请在专业栏中同时填写专业名称和专业代码。","http://bm.scs.gov.cn/kl2026#132120-300147765001","2025-10-14","{""dataset_year"":2026,""job_uid"":""GOV-2026-132120-300147765001"",""publisher"":""国家公务员局"",""publication_page"":""http://bm.scs.gov.cn/kl2026"",""attachment_url"":""local://2026_guokao_zhaokaojianzhang.zip"",""local_source_file"":""中央机关及其直属机构2026年度考试录用公务员招考简章.xls"",""local_source_sha256"":""2670bae1df1dd07a3a3c79b9db46a11e3bb15a6c9c249e6af98bfd0b61ce3aaf"",""source_sheet"":""中央国家行政机关省级以下直属机构"",""filter_version"":""government_tech_v2"",""tech_filter"":{""is_tech"":true,""is_core_tech"":true,""scope"":""core"",""categories"":[""computer_software"",""cybersecurity_cryptography""],""matched_fields"":[""major"",""description""],""major_terms"":[""信息安全"",""网络工程"",""计算机科学与技术"",""软件工程""],""role_terms"":[""信息科技"",""信息系统"",""软硬件""],""reason"":""tech_major_and_role""},""original"":{""部门代码"":""132120"",""部门名称"":""国家金融监督管理总局广西监管局"",""用人司局"":""国家金融监督管理总局昭平监管支局"",""机构性质"":""中央国家行政机关省级以下直属机构"",""招考职位"":""科技部门一级主任科员及以下"",""职位属性"":""金融监管计算机类职位"",""职位分布"":""西部地区和艰苦边远地区职位"",""职位简介"":""主要从事金融信息科技风险监管、电子设备软硬件管理及信息系统运行维护等工作。"",""职位代码"":""300147765001"",""机构层级"":""县（区）级及以下"",""考试类别"":""市（地）级及以下直属机构综合管理类"",""招考人数"":""1"",""专业"":""计算机科学与技术、软件工程、网络工程、信息安全"",""学历"":""本科或硕士研究生"",""学位"":""与最高学历相对应的学位"",""政治面貌"":""不限"",""基层工作最低年限"":""无限制"",""服务基层项目工作经历"":""无限制"",""是否在面试阶段组织专业能力测试"":""否"",""面试人员比例"":""3:1"",""工作地点"":""广西壮族自治区贺州市昭平县"",""落户地点"":""广西壮族自治区贺州市昭平县"",""备注"":""报名时请在专业栏中同时填写专业名称和专业代码。"",""部门网站"":""http://www.nfra.gov.cn/"",""咨询电话1"":""0771-2818510"",""咨询电话2"":""0771-2848210"",""咨询电话3"":"""",""来源Sheet"":""中央国家行政机关省级以下直属机构""}}"
"government_jobs","国家公务员2026招考简章","公务员/事业单位技术岗位","广西壮族自治区贺州市钟山县","2026-07-28T09:12:58.310295+00:00","科技部门一级主任科员及以下","国家金融监督管理总局广西监管局","","广西壮族自治区贺州市钟山县","公务员/事业单位;2026;computer_software;cybersecurity_cryptography;本科或硕士研究生;与最高学历相对应的学位;计算机科学与技术、软件工程、网络工程、信息安全;市（地）级及以下直属机构综合管理类","用人司局：国家金融监督管理总局钟山监管支局
职位简介：主要从事金融信息科技风险监管、电子设备软硬件管理及信息系统运行维护等工作。
专业要求：计算机科学与技术、软件工程、网络工程、信息安全
学历要求：本科或硕士研究生
学位要求：与最高学历相对应的学位
政治面貌：不限
基层工作经历：无限制
考试类别：市（地）级及以下直属机构综合管理类
备注：1.报名时请在专业栏中同时填写专业名称和专业代码；2.限应届高校毕业生报考，请在备注栏中注明本人具有应届高校毕业生身份。","http://bm.scs.gov.cn/kl2026#132120-300147766001","2025-10-14","{""dataset_year"":2026,""job_uid"":""GOV-2026-132120-300147766001"",""publisher"":""国家公务员局"",""publication_page"":""http://bm.scs.gov.cn/kl2026"",""attachment_url"":""local://2026_guokao_zhaokaojianzhang.zip"",""local_source_file"":""中央机关及其直属机构2026年度考试录用公务员招考简章.xls"",""local_source_sha256"":""2670bae1df1dd07a3a3c79b9db46a11e3bb15a6c9c249e6af98bfd0b61ce3aaf"",""source_sheet"":""中央国家行政机关省级以下直属机构"",""filter_version"":""government_tech_v2"",""tech_filter"":{""is_tech"":true,""is_core_tech"":true,""scope"":""core"",""categories"":[""computer_software"",""cybersecurity_cryptography""],""matched_fields"":[""major"",""description""],""major_terms"":[""信息安全"",""网络工程"",""计算机科学与技术"",""软件工程""],""role_terms"":[""信息科技"",""信息系统"",""软硬件""],""reason"":""tech_major_and_role""},""original"":{""部门代码"":""132120"",""部门名称"":""国家金融监督管理总局广西监管局"",""用人司局"":""国家金融监督管理总局钟山监管支局"",""机构性质"":""中央国家行政机关省级以下直属机构"",""招考职位"":""科技部门一级主任科员及以下"",""职位属性"":""金融监管计算机类职位"",""职位分布"":""西部地区和艰苦边远地区职位"",""职位简介"":""主要从事金融信息科技风险监管、电子设备软硬件管理及信息系统运行维护等工作。"",""职位代码"":""300147766001"",""机构层级"":""县（区）级及以下"",""考试类别"":""市（地）级及以下直属机构综合管理类"",""招考人数"":""1"",""专业"":""计算机科学与技术、软件工程、网络工程、信息安全"",""学历"":""本科或硕士研究生"",""学位"":""与最高学历相对应的学位"",""政治面貌"":""不限"",""基层工作最低年限"":""无限制"",""服务基层项目工作经历"":""无限制"",""是否在面试阶段组织专业能力测试"":""否"",""面试人员比例"":""3:1"",""工作地点"":""广西壮族自治区贺州市钟山县"",""落户地点"":""广西壮族自治区贺州市钟山县"",""备注"":""1.报名时请在专业栏中同时填写专业名称和专业代码；2.限应届高校毕业生报考，请在备注栏中注明本人具有应届高校毕业生身份。"",""部门网站"":""http://www.nfra.gov.cn/"",""咨询电话1"":""0771-2818510"",""咨询电话2"":""0771-2848210"",""咨询电话3"":"""",""来源Sheet"":""中央国家行政机关省级以下直属机构""}}"
"government_jobs","国家公务员2026招考简章","公务员/事业单位技术岗位","广西壮族自治区贺州市富川瑶族自治县","2026-07-28T09:12:58.310295+00:00","科技部门一级主任科员及以下","国家金融监督管理总局广西监管局","","广西壮族自治区贺州市富川瑶族自治县","公务员/事业单位;2026;computer_software;cybersecurity_cryptography;本科或硕士研究生;与最高学历相对应的学位;计算机科学与技术、软件工程、网络工程、信息安全;市（地）级及以下直属机构综合管理类","用人司局：国家金融监督管理总局富川监管支局
职位简介：主要从事金融信息科技风险监管、电子设备软硬件管理及信息系统运行维护等工作。
专业要求：计算机科学与技术、软件工程、网络工程、信息安全
学历要求：本科或硕士研究生
学位要求：与最高学历相对应的学位
政治面貌：不限
基层工作经历：无限制
考试类别：市（地）级及以下直属机构综合管理类
备注：1.报名时请在专业栏中同时填写专业名称和专业代码；2.限应届高校毕业生报考，请在备注栏中注明本人具有应届高校毕业生身份。","http://bm.scs.gov.cn/kl2026#132120-300147767001","2025-10-14","{""dataset_year"":2026,""job_uid"":""GOV-2026-132120-300147767001"",""publisher"":""国家公务员局"",""publication_page"":""http://bm.scs.gov.cn/kl2026"",""attachment_url"":""local://2026_guokao_zhaokaojianzhang.zip"",""local_source_file"":""中央机关及其直属机构2026年度考试录用公务员招考简章.xls"",""local_source_sha256"":""2670bae1df1dd07a3a3c79b9db46a11e3bb15a6c9c249e6af98bfd0b61ce3aaf"",""source_sheet"":""中央国家行政机关省级以下直属机构"",""filter_version"":""government_tech_v2"",""tech_filter"":{""is_tech"":true,""is_core_tech"":true,""scope"":""core"",""categories"":[""computer_software"",""cybersecurity_cryptography""],""matched_fields"":[""major"",""description""],""major_terms"":[""信息安全"",""网络工程"",""计算机科学与技术"",""软件工程""],""role_terms"":[""信息科技"",""信息系统"",""软硬件""],""reason"":""tech_major_and_role""},""original"":{""部门代码"":""132120"",""部门名称"":""国家金融监督管理总局广西监管局"",""用人司局"":""国家金融监督管理总局富川监管支局"",""机构性质"":""中央国家行政机关省级以下直属机构"",""招考职位"":""科技部门一级主任科员及以下"",""职位属性"":""金融监管计算机类职位"",""职位分布"":""西部地区和艰苦边远地区职位"",""职位简介"":""主要从事金融信息科技风险监管、电子设备软硬件管理及信息系统运行维护等工作。"",""职位代码"":""300147767001"",""机构层级"":""县（区）级及以下"",""考试类别"":""市（地）级及以下直属机构综合管理类"",""招考人数"":""1"",""专业"":""计算机科学与技术、软件工程、网络工程、信息安全"",""学历"":""本科或硕士研究生"",""学位"":""与最高学历相对应的学位"",""政治面貌"":""不限"",""基层工作最低年限"":""无限制"",""服务基层项目工作经历"":""无限制"",""是否在面试阶段组织专业能力测试"":""否"",""面试人员比例"":""3:1"",""工作地点"":""广西壮族自治区贺州市富川瑶族自治县"",""落户地点"":""广西壮族自治区贺州市富川瑶族自治县"",""备注"":""1.报名时请在专业栏中同时填写专业名称和专业代码；2.限应届高校毕业生报考，请在备注栏中注明本人具有应届高校毕业生身份。"",""部门网站"":""http://www.nfra.gov.cn/"",""咨询电话1"":""0771-2818510"",""咨询电话2"":""0771-2848210"",""咨询电话3"":"""",""来源Sheet"":""中央国家行政机关省级以下直属机构""}}"
"government_jobs","国家公务员2026招考简章","公务员/事业单位技术岗位","海南省","2026-07-28T09:12:58.310295+00:00","科技部门一级主任科员及以下","国家金融监督管理总局海南监管局","","海南省","公务员/事业单位;2026;computer_software;硕士研究生及以上;与最高学历相对应的学位;计算机科学与技术类专业、软件工程类专业;中央机关及其省级直属机构综合管理类","用人司局：国家金融监督管理总局海南监管局
职位简介：主要从事金融信息科技风险监管、电子设备软硬件管理及信息系统运行维护等工作。
专业要求：计算机科学与技术类专业、软件工程类专业
学历要求：硕士研究生及以上
学位要求：与最高学历相对应的学位
政治面貌：不限
基层工作经历：二年
考试类别：中央机关及其省级直属机构综合管理类
备注：1.报名时请在专业栏中同时填写专业名称和专业代码；2.大学英语六级成绩425分及以上（雅思成绩在6.5分及以上、托福成绩在90分及以上、取得英语专业四级或专业八级合格证书亦可），请在外语水平栏注明已获得的英语等级证书及成绩；3.具有2年以上基层工作经历，请在简历栏中注明相关经历；4.最高学历所学专业须符合岗位专业要求；5.本岗位最低服务年限为5年（含试用期）。","http://bm.scs.gov.cn/kl2026#132121-300147768001","2025-10-14","{""dataset_year"":2026,""job_uid"":""GOV-2026-132121-300147768001"",""publisher"":""国家公务员局"",""publication_page"":""http://bm.scs.gov.cn/kl2026"",""attachment_url"":""local://2026_guokao_zhaokaojianzhang.zip"",""local_source_file"":""中央机关及其直属机构2026年度考试录用公务员招考简章.xls"",""local_source_sha256"":""2670bae1df1dd07a3a3c79b9db46a11e3bb15a6c9c249e6af98bfd0b61ce3aaf"",""source_sheet"":""中央国家行政机关省级以下直属机构"",""filter_version"":""government_tech_v2"",""tech_filter"":{""is_tech"":true,""is_core_tech"":true,""scope"":""core"",""categories"":[""computer_software""],""matched_fields"":[""major"",""description""],""major_terms"":[""计算机科学与技术"",""软件工程""],""role_terms"":[""信息科技"",""信息系统"",""软硬件""],""reason"":""tech_major_and_role""},""original"":{""部门代码"":""132121"",""部门名称"":""国家金融监督管理总局海南监管局"",""用人司局"":""国家金融监督管理总局海南监管局"",""机构性质"":""中央国家行政机关省级以下直属机构"",""招考职位"":""科技部门一级主任科员及以下"",""职位属性"":""金融监管计算机类职位"",""职位分布"":""其他职位"",""职位简介"":""主要从事金融信息科技风险监管、电子设备软硬件管理及信息系统运行维护等工作。"",""职位代码"":""300147768001"",""机构层级"":""省（副省）级"",""考试类别"":""中央机关及其省级直属机构综合管理类"",""招考人数"":""2"",""专业"":""计算机科学与技术类专业、软件工程类专业"",""学历"":""硕士研究生及以上"",""学位"":""与最高学历相对应的学位"",""政治面貌"":""不限"",""基层工作最低年限"":""二年"",""服务基层项目工作经历"":""无限制"",""是否在面试阶段组织专业能力测试"":""否"",""面试人员比例"":""4:1"",""工作地点"":""海南省"",""落户地点"":""海南省"",""备注"":""1.报名时请在专业栏中同时填写专业名称和专业代码；2.大学英语六级成绩425分及以上（雅思成绩在6.5分及以上、托福成绩在90分及以上、取得英语专业四级或专业八级合格证书亦可），请在外语水平栏注明已获得的英语等级证书及成绩；3.具有2年以上基层工作经历，请在简历栏中注明相关经历；4.最高学历所学专业须符合岗位专业要求；5.本岗位最低服务年限为5年（含试用期）。"",""部门网站"":""http://www.nfra.gov.cn/"",""咨询电话1"":""0898-68563127"",""咨询电话2"":""0898-68593350"",""咨询电话3"":"""",""来源Sheet"":""中央国家行政机关省级以下直属机构""}}"
"government_jobs","国家公务员2026招考简章","公务员/事业单位技术岗位","重庆市万州区","2026-07-28T09:12:58.310295+00:00","科技部门一级主任科员及以下","国家金融监督管理总局重庆监管局","","重庆市万州区","公务员/事业单位;2026;computer_software;cybersecurity_cryptography;本科及以上;与最高学历相对应的学位;大学本科：计算机类；研究生：计算机科学与技术、软件工程、网络空间安全;市（地）级及以下直属机构综合管理类","用人司局：国家金融监督管理总局万州监管分局
职位简介：主要从事金融信息科技风险监管、电子设备软硬件管理及信息系统运行维护等工作。
专业要求：大学本科：计算机类；研究生：计算机科学与技术、软件工程、网络空间安全
学历要求：本科及以上
学位要求：与最高学历相对应的学位
政治面貌：不限
基层工作经历：无限制
考试类别：市（地）级及以下直属机构综合管理类
备注：1.报名时请在专业栏中同时填写专业名称和专业代码；2.大学英语四级成绩在425分及以上（雅思成绩在6分及以上、托福成绩在80分及以上、取得英语专业四级或专业八级合格证书亦可），请在外语水平栏注明已获得的英语等级证书及成绩；3.落户需符合当地有关政策，单位无法办理集体户口。","http://bm.scs.gov.cn/kl2026#132122-300147775001","2025-10-14","{""dataset_year"":2026,""job_uid"":""GOV-2026-132122-300147775001"",""publisher"":""国家公务员局"",""publication_page"":""http://bm.scs.gov.cn/kl2026"",""attachment_url"":""local://2026_guokao_zhaokaojianzhang.zip"",""local_source_file"":""中央机关及其直属机构2026年度考试录用公务员招考简章.xls"",""local_source_sha256"":""2670bae1df1dd07a3a3c79b9db46a11e3bb15a6c9c249e6af98bfd0b61ce3aaf"",""source_sheet"":""中央国家行政机关省级以下直属机构"",""filter_version"":""government_tech_v2"",""tech_filter"":{""is_tech"":true,""is_core_tech"":true,""scope"":""core"",""categories"":[""computer_software"",""cybersecurity_cryptography""],""matched_fields"":[""major"",""description""],""major_terms"":[""网络空间安全"",""计算机科学与技术"",""计算机类"",""软件工程""],""role_terms"":[""信息科技"",""信息系统"",""软硬件""],""reason"":""tech_major_and_role""},""original"":{""部门代码"":""132122"",""部门名称"":""国家金融监督管理总局重庆监管局"",""用人司局"":""国家金融监督管理总局万州监管分局"",""机构性质"":""中央国家行政机关省级以下直属机构"",""招考职位"":""科技部门一级主任科员及以下"",""职位属性"":""金融监管计算机类职位"",""职位分布"":""其他职位"",""职位简介"":""主要从事金融信息科技风险监管、电子设备软硬件管理及信息系统运行维护等工作。"",""职位代码"":""300147775001"",""机构层级"":""市（地）级"",""考试类别"":""市（地）级及以下直属机构综合管理类"",""招考人数"":""1"",""专业"":""大学本科：计算机类；研究生：计算机科学与技术、软件工程、网络空间安全"",""学历"":""本科及以上"",""学位"":""与最高学历相对应的学位"",""政治面貌"":""不限"",""基层工作最低年限"":""无限制"",""服务基层项目工作经历"":""无限制"",""是否在面试阶段组织专业能力测试"":""否"",""面试人员比例"":""3:1"",""工作地点"":""重庆市万州区"",""落户地点"":""重庆市万州区"",""备注"":""1.报名时请在专业栏中同时填写专业名称和专业代码；2.大学英语四级成绩在425分及以上（雅思成绩在6分及以上、托福成绩在80分及以上、取得英语专业四级或专业八级合格证书亦可），请在外语水平栏注明已获得的英语等级证书及成绩；3.落户需符合当地有关政策，单位无法办理集体户口。"",""部门网站"":""http://www.nfra.gov.cn/"",""咨询电话1"":""023-61859618"",""咨询电话2"":""023-61859950"",""咨询电话3"":""023-61859908"",""来源Sheet"":""中央国家行政机关省级以下直属机构""}}"
"government_jobs","国家公务员2026招考简章","公务员/事业单位技术岗位","重庆市垫江县","2026-07-28T09:12:58.310295+00:00","科技部门一级主任科员及以下","国家金融监督管理总局重庆监管局","","重庆市垫江县","公务员/事业单位;2026;computer_software;cybersecurity_cryptography;本科及以上;与最高学历相对应的学位;大学本科：计算机类；研究生：计算机科学与技术、软件工程、网络空间安全;市（地）级及以下直属机构综合管理类","用人司局：国家金融监督管理总局垫江监管支局
职位简介：主要从事金融信息科技风险监管、电子设备软硬件管理及信息系统运行维护等工作。
专业要求：大学本科：计算机类；研究生：计算机科学与技术、软件工程、网络空间安全
学历要求：本科及以上
学位要求：与最高学历相对应的学位
政治面貌：不限
基层工作经历：无限制
考试类别：市（地）级及以下直属机构综合管理类
备注：1.报名时请在专业栏中同时填写专业名称和专业代码；2.限应届高校毕业生报考，请在备注栏中注明本人具有应届高校毕业生身份；3.大学英语四级成绩在425分及以上（雅思成绩在6分及以上、托福成绩在80分及以上、取得英语专业四级或专业八级合格证书亦可），请在外语水平栏注明已获得的英语等级证书及成绩；4.落户需符合当地有关政策，单位无法办理集体户口。","http://bm.scs.gov.cn/kl2026#132122-300147784001","2025-10-14","{""dataset_year"":2026,""job_uid"":""GOV-2026-132122-300147784001"",""publisher"":""国家公务员局"",""publication_page"":""http://bm.scs.gov.cn/kl2026"",""attachment_url"":""local://2026_guokao_zhaokaojianzhang.zip"",""local_source_file"":""中央机关及其直属机构2026年度考试录用公务员招考简章.xls"",""local_source_sha256"":""2670bae1df1dd07a3a3c79b9db46a11e3bb15a6c9c249e6af98bfd0b61ce3aaf"",""source_sheet"":""中央国家行政机关省级以下直属机构"",""filter_version"":""government_tech_v2"",""tech_filter"":{""is_tech"":true,""is_core_tech"":true,""scope"":""core"",""categories"":[""computer_software"",""cybersecurity_cryptography""],""matched_fields"":[""major"",""description""],""major_terms"":[""网络空间安全"",""计算机科学与技术"",""计算机类"",""软件工程""],""role_terms"":[""信息科技"",""信息系统"",""软硬件""],""reason"":""tech_major_and_role""},""original"":{""部门代码"":""132122"",""部门名称"":""国家金融监督管理总局重庆监管局"",""用人司局"":""国家金融监督管理总局垫江监管支局"",""机构性质"":""中央国家行政机关省级以下直属机构"",""招考职位"":""科技部门一级主任科员及以下"",""职位属性"":""金融监管计算机类职位"",""职位分布"":""其他职位"",""职位简介"":""主要从事金融信息科技风险监管、电子设备软硬件管理及信息系统运行维护等工作。"",""职位代码"":""300147784001"",""机构层级"":""县（区）级及以下"",""考试类别"":""市（地）级及以下直属机构综合管理类"",""招考人数"":""1"",""专业"":""大学本科：计算机类；研究生：计算机科学与技术、软件工程、网络空间安全"",""学历"":""本科及以上"",""学位"":""与最高学历相对应的学位"",""政治面貌"":""不限"",""基层工作最低年限"":""无限制"",""服务基层项目工作经历"":""无限制"",""是否在面试阶段组织专业能力测试"":""否"",""面试人员比例"":""3:1"",""工作地点"":""重庆市垫江县"",""落户地点"":""重庆市垫江县"",""备注"":""1.报名时请在专业栏中同时填写专业名称和专业代码；2.限应届高校毕业生报考，请在备注栏中注明本人具有应届高校毕业生身份；3.大学英语四级成绩在425分及以上（雅思成绩在6分及以上、托福成绩在80分及以上、取得英语专业四级或专业八级合格证书亦可），请在外语水平栏注明已获得的英语等级证书及成绩；4.落户需符合当地有关政策，单位无法办理集体户口。"",""部门网站"":""http://www.nfra.gov.cn/"",""咨询电话1"":""023-61859618"",""咨询电话2"":""023-61859950"",""咨询电话3"":""023-61859908"",""来源Sheet"":""中央国家行政机关省级以下直属机构""}}"
"government_jobs","国家公务员2026招考简章","公务员/事业单位技术岗位","四川省成都市","2026-07-28T09:12:58.310295+00:00","科技部门一级主任科员及以下","国家金融监督管理总局四川监管局","","四川省成都市","公务员/事业单位;2026;computer_software;cybersecurity_cryptography;electronics_communication;硕士研究生及以上;与最高学历相对应的学位;计算机科学与技术、计算机系统结构、计算机软件与理论、计算机应用技术、软件工程、计算机技术、网络空间安全、网络与信息安全、电子科学与技术、电子信息、新一代电子信息技术、信息与通信工程、通信与信息系统、通信工程;中央机关及其省级直属机构综合管理类","用人司局：国家金融监督管理总局四川监管局
职位简介：主要从事金融信息科技风险监管、电子设备软硬件管理及信息系统运行维护等工作。
专业要求：计算机科学与技术、计算机系统结构、计算机软件与理论、计算机应用技术、软件工程、计算机技术、网络空间安全、网络与信息安全、电子科学与技术、电子信息、新一代电子信息技术、信息与通信工程、通信与信息系统、通信工程
学历要求：硕士研究生及以上
学位要求：与最高学历相对应的学位
政治面貌：不限
基层工作经历：二年
考试类别：中央机关及其省级直属机构综合管理类
备注：1.报名时请在专业栏中同时填写专业名称和专业代码；2.大学英语六级成绩在425分及以上（雅思成绩在6.5分及以上、托福成绩在90分及以上、取得英语专业四级或专业八级合格证书亦可），请在外语水平栏注明已获得的英语等级证书及成绩；3.本职位最低服务年限为5年（含试用期）；4.专业考试信息请参见《2026年度国家金融监督管理总局招考职位专业科目笔试考试大纲》。","http://bm.scs.gov.cn/kl2026#132123-300147787001","2025-10-14","{""dataset_year"":2026,""job_uid"":""GOV-2026-132123-300147787001"",""publisher"":""国家公务员局"",""publication_page"":""http://bm.scs.gov.cn/kl2026"",""attachment_url"":""local://2026_guokao_zhaokaojianzhang.zip"",""local_source_file"":""中央机关及其直属机构2026年度考试录用公务员招考简章.xls"",""local_source_sha256"":""2670bae1df1dd07a3a3c79b9db46a11e3bb15a6c9c249e6af98bfd0b61ce3aaf"",""source_sheet"":""中央国家行政机关省级以下直属机构"",""filter_version"":""government_tech_v2"",""tech_filter"":{""is_tech"":true,""is_core_tech"":true,""scope"":""core"",""categories"":[""computer_software"",""cybersecurity_cryptography"",""electronics_communication""],""matched_fields"":[""major"",""description""],""major_terms"":[""信息与通信工程"",""信息安全"",""电子信息"",""电子科学与技术"",""网络空间安全"",""计算机"",""计算机技术"",""计算机科学与技术"",""软件工程"",""通信工程""],""role_terms"":[""信息科技"",""信息系统"",""软硬件""],""reason"":""tech_major_and_role""},""original"":{""部门代码"":""132123"",""部门名称"":""国家金融监督管理总局四川监管局"",""用人司局"":""国家金融监督管理总局四川监管局"",""机构性质"":""中央国家行政机关省级以下直属机构"",""招考职位"":""科技部门一级主任科员及以下"",""职位属性"":""金融监管计算机类职位"",""职位分布"":""其他职位"",""职位简介"":""主要从事金融信息科技风险监管、电子设备软硬件管理及信息系统运行维护等工作。"",""职位代码"":""300147787001"",""机构层级"":""省（副省）级"",""考试类别"":""中央机关及其省级直属机构综合管理类"",""招考人数"":""2"",""专业"":""计算机科学与技术、计算机系统结构、计算机软件与理论、计算机应用技术、软件工程、计算机技术、网络空间安全、网络与信息安全、电子科学与技术、电子信息、新一代电子信息技术、信息与通信工程、通信与信息系统、通信工程"",""学历"":""硕士研究生及以上"",""学位"":""与最高学历相对应的学位"",""政治面貌"":""不限"",""基层工作最低年限"":""二年"",""服务基层项目工作经历"":""无限制"",""是否在面试阶段组织专业能力测试"":""否"",""面试人员比例"":""4:1"",""工作地点"":""四川省成都市"",""落户地点"":""四川省成都市"",""备注"":""1.报名时请在专业栏中同时填写专业名称和专业代码；2.大学英语六级成绩在425分及以上（雅思成绩在6.5分及以上、托福成绩在90分及以上、取得英语专业四级或专业八级合格证书亦可），请在外语水平栏注明已获得的英语等级证书及成绩；3.本职位最低服务年限为5年（含试用期）；4.专业考试信息请参见《2026年度国家金融监督管理总局招考职位专业科目笔试考试大纲》。"",""部门网站"":""www.nfra.gov.cn"",""咨询电话1"":""028-61884862"",""咨询电话2"":""028-61886455"",""咨询电话3"":"""",""来源Sheet"":""中央国家行政机关省级以下直属机构""}}"
"government_jobs","国家公务员2026招考简章","公务员/事业单位技术岗位","四川省成都市双流区","2026-07-28T09:12:58.310295+00:00","科技部门一级主任科员及以下","国家金融监督管理总局四川监管局","","四川省成都市双流区","公务员/事业单位;2026;computer_software;cybersecurity_cryptography;electronics_communication;仅限本科;学士;计算机科学与技术、软件工程、网络工程、信息安全、网络空间安全、电子与计算机工程、电子信息工程、电子科学与技术、通信工程、信息工程、电子信息科学与技术;市（地）级及以下直属机构综合管理类","用人司局：国家金融监督管理总局双流监管支局
职位简介：主要从事金融信息科技风险监管、电子设备软硬件管理及信息系统运行维护等工作。
专业要求：计算机科学与技术、软件工程、网络工程、信息安全、网络空间安全、电子与计算机工程、电子信息工程、电子科学与技术、通信工程、信息工程、电子信息科学与技术
学历要求：仅限本科
学位要求：学士
政治面貌：不限
基层工作经历：无限制
考试类别：市（地）级及以下直属机构综合管理类
备注：1.报名时请在专业栏中同时填写专业名称和专业代码；2.大学英语四级成绩在425分及以上（雅思成绩在6分及以上、托福成绩在80分及以上、取得英语专业四级或专业八级合格证书亦可），请在外语水平栏注明已获得的英语等级证书及成绩；3.本职位最低服务年限为5年（含试用期）；4.专业考试信息请参见《2026年度国家金融监督管理总局招考职位专业科目笔试考试大纲》。","http://bm.scs.gov.cn/kl2026#132123-300147789001","2025-10-14","{""dataset_year"":2026,""job_uid"":""GOV-2026-132123-300147789001"",""publisher"":""国家公务员局"",""publication_page"":""http://bm.scs.gov.cn/kl2026"",""attachment_url"":""local://2026_guokao_zhaokaojianzhang.zip"",""local_source_file"":""中央机关及其直属机构2026年度考试录用公务员招考简章.xls"",""local_source_sha256"":""2670bae1df1dd07a3a3c79b9db46a11e3bb15a6c9c249e6af98bfd0b61ce3aaf"",""source_sheet"":""中央国家行政机关省级以下直属机构"",""filter_version"":""government_tech_v2"",""tech_filter"":{""is_tech"":true,""is_core_tech"":true,""scope"":""core"",""categories"":[""computer_software"",""cybersecurity_cryptography"",""electronics_communication""],""matched_fields"":[""major"",""description""],""major_terms"":[""信息安全"",""电子信息"",""电子信息工程"",""电子科学与技术"",""网络工程"",""网络空间安全"",""计算机"",""计算机科学与技术"",""软件工程"",""通信工程""],""role_terms"":[""信息科技"",""信息系统"",""软硬件""],""reason"":""tech_major_and_role""},""original"":{""部门代码"":""132123"",""部门名称"":""国家金融监督管理总局四川监管局"",""用人司局"":""国家金融监督管理总局双流监管支局"",""机构性质"":""中央国家行政机关省级以下直属机构"",""招考职位"":""科技部门一级主任科员及以下"",""职位属性"":""金融监管计算机类职位"",""职位分布"":""西部地区和艰苦边远地区职位"",""职位简介"":""主要从事金融信息科技风险监管、电子设备软硬件管理及信息系统运行维护等工作。"",""职位代码"":""300147789001"",""机构层级"":""县（区）级及以下"",""考试类别"":""市（地）级及以下直属机构综合管理类"",""招考人数"":""1"",""专业"":""计算机科学与技术、软件工程、网络工程、信息安全、网络空间安全、电子与计算机工程、电子信息工程、电子科学与技术、通信工程、信息工程、电子信息科学与技术"",""学历"":""仅限本科"",""学位"":""学士"",""政治面貌"":""不限"",""基层工作最低年限"":""无限制"",""服务基层项目工作经历"":""无限制"",""是否在面试阶段组织专业能力测试"":""否"",""面试人员比例"":""3:1"",""工作地点"":""四川省成都市双流区"",""落户地点"":""四川省成都市双流区"",""备注"":""1.报名时请在专业栏中同时填写专业名称和专业代码；2.大学英语四级成绩在425分及以上（雅思成绩在6分及以上、托福成绩在80分及以上、取得英语专业四级或专业八级合格证书亦可），请在外语水平栏注明已获得的英语等级证书及成绩；3.本职位最低服务年限为5年（含试用期）；4.专业考试信息请参见《2026年度国家金融监督管理总局招考职位专业科目笔试考试大纲》。"",""部门网站"":""www.nfra.gov.cn"",""咨询电话1"":""028-61884862"",""咨询电话2"":""028-61886455"",""咨询电话3"":"""",""来源Sheet"":""中央国家行政机关省级以下直属机构""}}"
"government_jobs","国家公务员2026招考简章","公务员/事业单位技术岗位","四川省泸州市泸县","2026-07-28T09:12:58.310295+00:00","科技部门一级主任科员及以下","国家金融监督管理总局四川监管局","","四川省泸州市泸县","公务员/事业单位;2026;computer_software;cybersecurity_cryptography;electronics_communication;仅限本科;学士;计算机科学与技术、软件工程、网络工程、信息安全、网络空间安全、电子与计算机工程、电子信息工程、电子科学与技术、通信工程、信息工程、电子信息科学与技术;市（地）级及以下直属机构综合管理类","用人司局：国家金融监督管理总局泸县监管支局
职位简介：主要从事金融信息科技风险监管、电子设备软硬件管理及信息系统运行维护等工作。
专业要求：计算机科学与技术、软件工程、网络工程、信息安全、网络空间安全、电子与计算机工程、电子信息工程、电子科学与技术、通信工程、信息工程、电子信息科学与技术
学历要求：仅限本科
学位要求：学士
政治面貌：不限
基层工作经历：无限制
考试类别：市（地）级及以下直属机构综合管理类
备注：1.报名时请在专业栏中同时填写专业名称和专业代码；2.大学英语四级成绩在425分及以上（雅思成绩在6分及以上、托福成绩在80分及以上、取得英语专业四级或专业八级合格证书亦可），请在外语水平栏注明已获得的英语等级证书及成绩；3.本职位最低服务年限为5年（含试用期）；4.专业考试信息请参见《2026年度国家金融监督管理总局招考职位专业科目笔试考试大纲》。","http://bm.scs.gov.cn/kl2026#132123-300147793001","2025-10-14","{""dataset_year"":2026,""job_uid"":""GOV-2026-132123-300147793001"",""publisher"":""国家公务员局"",""publication_page"":""http://bm.scs.gov.cn/kl2026"",""attachment_url"":""local://2026_guokao_zhaokaojianzhang.zip"",""local_source_file"":""中央机关及其直属机构2026年度考试录用公务员招考简章.xls"",""local_source_sha256"":""2670bae1df1dd07a3a3c79b9db46a11e3bb15a6c9c249e6af98bfd0b61ce3aaf"",""source_sheet"":""中央国家行政机关省级以下直属机构"",""filter_version"":""government_tech_v2"",""tech_filter"":{""is_tech"":true,""is_core_tech"":true,""scope"":""core"",""categories"":[""computer_software"",""cybersecurity_cryptography"",""electronics_communication""],""matched_fields"":[""major"",""description""],""major_terms"":[""信息安全"",""电子信息"",""电子信息工程"",""电子科学与技术"",""网络工程"",""网络空间安全"",""计算机"",""计算机科学与技术"",""软件工程"",""通信工程""],""role_terms"":[""信息科技"",""信息系统"",""软硬件""],""reason"":""tech_major_and_role""},""original"":{""部门代码"":""132123"",""部门名称"":""国家金融监督管理总局四川监管局"",""用人司局"":""国家金融监督管理总局泸县监管支局"",""机构性质"":""中央国家行政机关省级以下直属机构"",""招考职位"":""科技部门一级主任科员及以下"",""职位属性"":""金融监管计算机类职位"",""职位分布"":""西部地区和艰苦边远地区职位"",""职位简介"":""主要从事金融信息科技风险监管、电子设备软硬件管理及信息系统运行维护等工作。"",""职位代码"":""300147793001"",""机构层级"":""县（区）级及以下"",""考试类别"":""市（地）级及以下直属机构综合管理类"",""招考人数"":""1"",""专业"":""计算机科学与技术、软件工程、网络工程、信息安全、网络空间安全、电子与计算机工程、电子信息工程、电子科学与技术、通信工程、信息工程、电子信息科学与技术"",""学历"":""仅限本科"",""学位"":""学士"",""政治面貌"":""不限"",""基层工作最低年限"":""无限制"",""服务基层项目工作经历"":""无限制"",""是否在面试阶段组织专业能力测试"":""否"",""面试人员比例"":""3:1"",""工作地点"":""四川省泸州市泸县"",""落户地点"":""四川省泸州市泸县"",""备注"":""1.报名时请在专业栏中同时填写专业名称和专业代码；2.大学英语四级成绩在425分及以上（雅思成绩在6分及以上、托福成绩在80分及以上、取得英语专业四级或专业八级合格证书亦可），请在外语水平栏注明已获得的英语等级证书及成绩；3.本职位最低服务年限为5年（含试用期）；4.专业考试信息请参见《2026年度国家金融监督管理总局招考职位专业科目笔试考试大纲》。"",""部门网站"":""www.nfra.gov.cn"",""咨询电话1"":""028-61884862"",""咨询电话2"":""028-61886455"",""咨询电话3"":"""",""来源Sheet"":""中央国家行政机关省级以下直属机构""}}"
"government_jobs","国家公务员2026招考简章","公务员/事业单位技术岗位","四川省乐山市夹江县","2026-07-28T09:12:58.310295+00:00","科技部门一级主任科员及以下","国家金融监督管理总局四川监管局","","四川省乐山市夹江县","公务员/事业单位;2026;computer_software;cybersecurity_cryptography;electronics_communication;仅限本科;学士;计算机科学与技术、软件工程、网络工程、信息安全、网络空间安全、电子与计算机工程、电子信息工程、电子科学与技术、通信工程、信息工程、电子信息科学与技术;市（地）级及以下直属机构综合管理类","用人司局：国家金融监督管理总局夹江监管支局
职位简介：主要从事金融信息科技风险监管、电子设备软硬件管理及信息系统运行维护等工作。
专业要求：计算机科学与技术、软件工程、网络工程、信息安全、网络空间安全、电子与计算机工程、电子信息工程、电子科学与技术、通信工程、信息工程、电子信息科学与技术
学历要求：仅限本科
学位要求：学士
政治面貌：不限
基层工作经历：无限制
考试类别：市（地）级及以下直属机构综合管理类
备注：1.报名时请在专业栏中同时填写专业名称和专业代码；2.大学英语四级成绩在425分及以上（雅思成绩在6分及以上、托福成绩在80分及以上、取得英语专业四级或专业八级合格证书亦可），请在外语水平栏注明已获得的英语等级证书及成绩；3.本职位最低服务年限为5年（含试用期）；4.专业考试信息请参见《2026年度国家金融监督管理总局招考职位专业科目笔试考试大纲》。","http://bm.scs.gov.cn/kl2026#132123-300147797001","2025-10-14","{""dataset_year"":2026,""job_uid"":""GOV-2026-132123-300147797001"",""publisher"":""国家公务员局"",""publication_page"":""http://bm.scs.gov.cn/kl2026"",""attachment_url"":""local://2026_guokao_zhaokaojianzhang.zip"",""local_source_file"":""中央机关及其直属机构2026年度考试录用公务员招考简章.xls"",""local_source_sha256"":""2670bae1df1dd07a3a3c79b9db46a11e3bb15a6c9c249e6af98bfd0b61ce3aaf"",""source_sheet"":""中央国家行政机关省级以下直属机构"",""filter_version"":""government_tech_v2"",""tech_filter"":{""is_tech"":true,""is_core_tech"":true,""scope"":""core"",""categories"":[""computer_software"",""cybersecurity_cryptography"",""electronics_communication""],""matched_fields"":[""major"",""description""],""major_terms"":[""信息安全"",""电子信息"",""电子信息工程"",""电子科学与技术"",""网络工程"",""网络空间安全"",""计算机"",""计算机科学与技术"",""软件工程"",""通信工程""],""role_terms"":[""信息科技"",""信息系统"",""软硬件""],""reason"":""tech_major_and_role""},""original"":{""部门代码"":""132123"",""部门名称"":""国家金融监督管理总局四川监管局"",""用人司局"":""国家金融监督管理总局夹江监管支局"",""机构性质"":""中央国家行政机关省级以下直属机构"",""招考职位"":""科技部门一级主任科员及以下"",""职位属性"":""金融监管计算机类职位"",""职位分布"":""西部地区和艰苦边远地区职位"",""职位简介"":""主要从事金融信息科技风险监管、电子设备软硬件管理及信息系统运行维护等工作。"",""职位代码"":""300147797001"",""机构层级"":""县（区）级及以下"",""考试类别"":""市（地）级及以下直属机构综合管理类"",""招考人数"":""1"",""专业"":""计算机科学与技术、软件工程、网络工程、信息安全、网络空间安全、电子与计算机工程、电子信息工程、电子科学与技术、通信工程、信息工程、电子信息科学与技术"",""学历"":""仅限本科"",""学位"":""学士"",""政治面貌"":""不限"",""基层工作最低年限"":""无限制"",""服务基层项目工作经历"":""无限制"",""是否在面试阶段组织专业能力测试"":""否"",""面试人员比例"":""3:1"",""工作地点"":""四川省乐山市夹江县"",""落户地点"":""四川省乐山市夹江县"",""备注"":""1.报名时请在专业栏中同时填写专业名称和专业代码；2.大学英语四级成绩在425分及以上（雅思成绩在6分及以上、托福成绩在80分及以上、取得英语专业四级或专业八级合格证书亦可），请在外语水平栏注明已获得的英语等级证书及成绩；3.本职位最低服务年限为5年（含试用期）；4.专业考试信息请参见《2026年度国家金融监督管理总局招考职位专业科目笔试考试大纲》。"",""部门网站"":""www.nfra.gov.cn"",""咨询电话1"":""028-61884862"",""咨询电话2"":""028-61886455"",""咨询电话3"":"""",""来源Sheet"":""中央国家行政机关省级以下直属机构""}}"
"government_jobs","国家公务员2026招考简章","公务员/事业单位技术岗位","四川省资阳市安岳县","2026-07-28T09:12:58.310295+00:00","科技部门一级主任科员及以下","国家金融监督管理总局四川监管局","","四川省资阳市安岳县","公务员/事业单位;2026;computer_software;cybersecurity_cryptography;electronics_communication;仅限本科;学士;计算机科学与技术、软件工程、网络工程、信息安全、网络空间安全、电子与计算机工程、电子信息工程、电子科学与技术、通信工程、信息工程、电子信息科学与技术;市（地）级及以下直属机构综合管理类","用人司局：国家金融监督管理总局安岳监管支局
职位简介：主要从事金融信息科技风险监管、电子设备软硬件管理及信息系统运行维护等工作。
专业要求：计算机科学与技术、软件工程、网络工程、信息安全、网络空间安全、电子与计算机工程、电子信息工程、电子科学与技术、通信工程、信息工程、电子信息科学与技术
学历要求：仅限本科
学位要求：学士
政治面貌：不限
基层工作经历：无限制
考试类别：市（地）级及以下直属机构综合管理类
备注：1.报名时请在专业栏中同时填写专业名称和专业代码；2.限应届高校毕业生报考，请在备注栏中注明本人具有应届高校毕业生身份；3.大学英语四级成绩在425分及以上（雅思成绩在6分及以上、托福成绩在80分及以上、取得英语专业四级或专业八级合格证书亦可），请在外语水平栏注明已获得的英语等级证书及成绩；4.本职位最低服务年限为5年（含试用期）；5.专业考试信息请参见《2026年度国家金融监督管理总局招考职位专业科目笔试考试大纲》。","http://bm.scs.gov.cn/kl2026#132123-300147803001","2025-10-14","{""dataset_year"":2026,""job_uid"":""GOV-2026-132123-300147803001"",""publisher"":""国家公务员局"",""publication_page"":""http://bm.scs.gov.cn/kl2026"",""attachment_url"":""local://2026_guokao_zhaokaojianzhang.zip"",""local_source_file"":""中央机关及其直属机构2026年度考试录用公务员招考简章.xls"",""local_source_sha256"":""2670bae1df1dd07a3a3c79b9db46a11e3bb15a6c9c249e6af98bfd0b61ce3aaf"",""source_sheet"":""中央国家行政机关省级以下直属机构"",""filter_version"":""government_tech_v2"",""tech_filter"":{""is_tech"":true,""is_core_tech"":true,""scope"":""core"",""categories"":[""computer_software"",""cybersecurity_cryptography"",""electronics_communication""],""matched_fields"":[""major"",""description""],""major_terms"":[""信息安全"",""电子信息"",""电子信息工程"",""电子科学与技术"",""网络工程"",""网络空间安全"",""计算机"",""计算机科学与技术"",""软件工程"",""通信工程""],""role_terms"":[""信息科技"",""信息系统"",""软硬件""],""reason"":""tech_major_and_role""},""original"":{""部门代码"":""132123"",""部门名称"":""国家金融监督管理总局四川监管局"",""用人司局"":""国家金融监督管理总局安岳监管支局"",""机构性质"":""中央国家行政机关省级以下直属机构"",""招考职位"":""科技部门一级主任科员及以下"",""职位属性"":""金融监管计算机类职位"",""职位分布"":""西部地区和艰苦边远地区职位"",""职位简介"":""主要从事金融信息科技风险监管、电子设备软硬件管理及信息系统运行维护等工作。"",""职位代码"":""300147803001"",""机构层级"":""县（区）级及以下"",""考试类别"":""市（地）级及以下直属机构综合管理类"",""招考人数"":""1"",""专业"":""计算机科学与技术、软件工程、网络工程、信息安全、网络空间安全、电子与计算机工程、电子信息工程、电子科学与技术、通信工程、信息工程、电子信息科学与技术"",""学历"":""仅限本科"",""学位"":""学士"",""政治面貌"":""不限"",""基层工作最低年限"":""无限制"",""服务基层项目工作经历"":""无限制"",""是否在面试阶段组织专业能力测试"":""否"",""面试人员比例"":""3:1"",""工作地点"":""四川省资阳市安岳县"",""落户地点"":""四川省资阳市安岳县"",""备注"":""1.报名时请在专业栏中同时填写专业名称和专业代码；2.限应届高校毕业生报考，请在备注栏中注明本人具有应届高校毕业生身份；3.大学英语四级成绩在425分及以上（雅思成绩在6分及以上、托福成绩在80分及以上、取得英语专业四级或专业八级合格证书亦可），请在外语水平栏注明已获得的英语等级证书及成绩；4.本职位最低服务年限为5年（含试用期）；5.专业考试信息请参见《2026年度国家金融监督管理总局招考职位专业科目笔试考试大纲》。"",""部门网站"":""www.nfra.gov.cn"",""咨询电话1"":""028-61884862"",""咨询电话2"":""028-61886455"",""咨询电话3"":"""",""来源Sheet"":""中央国家行政机关省级以下直属机构""}}"
"government_jobs","国家公务员2026招考简章","公务员/事业单位技术岗位","四川省凉山彝族自治州","2026-07-28T09:12:58.310295+00:00","科技部门一级主任科员及以下","国家金融监督管理总局四川监管局","","四川省凉山彝族自治州","公务员/事业单位;2026;computer_software;cybersecurity_cryptography;electronics_communication;仅限本科;学士;计算机科学与技术、软件工程、网络工程、信息安全、网络空间安全、电子与计算机工程、电子信息工程、电子科学与技术、通信工程、信息工程、电子信息科学与技术;市（地）级及以下直属机构综合管理类","用人司局：国家金融监督管理总局凉山监管分局
职位简介：主要从事金融信息科技风险监管、电子设备软硬件管理及信息系统运行维护等工作。
专业要求：计算机科学与技术、软件工程、网络工程、信息安全、网络空间安全、电子与计算机工程、电子信息工程、电子科学与技术、通信工程、信息工程、电子信息科学与技术
学历要求：仅限本科
学位要求：学士
政治面貌：不限
基层工作经历：无限制
考试类别：市（地）级及以下直属机构综合管理类
备注：1.报名时请在专业栏中同时填写专业名称和专业代码；2.大学英语四级成绩在425分及以上（雅思成绩在6分及以上、托福成绩在80分及以上、取得英语专业四级或专业八级合格证书亦可），请在外语水平栏注明已获得的英语等级证书及成绩；3.本职位最低服务年限为5年（含试用期）；4.专业考试信息请参见《2026年度国家金融监督管理总局招考职位专业科目笔试考试大纲》。","http://bm.scs.gov.cn/kl2026#132123-300147807001","2025-10-14","{""dataset_year"":2026,""job_uid"":""GOV-2026-132123-300147807001"",""publisher"":""国家公务员局"",""publication_page"":""http://bm.scs.gov.cn/kl2026"",""attachment_url"":""local://2026_guokao_zhaokaojianzhang.zip"",""local_source_file"":""中央机关及其直属机构2026年度考试录用公务员招考简章.xls"",""local_source_sha256"":""2670bae1df1dd07a3a3c79b9db46a11e3bb15a6c9c249e6af98bfd0b61ce3aaf"",""source_sheet"":""中央国家行政机关省级以下直属机构"",""filter_version"":""government_tech_v2"",""tech_filter"":{""is_tech"":true,""is_core_tech"":true,""scope"":""core"",""categories"":[""computer_software"",""cybersecurity_cryptography"",""electronics_communication""],""matched_fields"":[""major"",""description""],""major_terms"":[""信息安全"",""电子信息"",""电子信息工程"",""电子科学与技术"",""网络工程"",""网络空间安全"",""计算机"",""计算机科学与技术"",""软件工程"",""通信工程""],""role_terms"":[""信息科技"",""信息系统"",""软硬件""],""reason"":""tech_major_and_role""},""original"":{""部门代码"":""132123"",""部门名称"":""国家金融监督管理总局四川监管局"",""用人司局"":""国家金融监督管理总局凉山监管分局"",""机构性质"":""中央国家行政机关省级以下直属机构"",""招考职位"":""科技部门一级主任科员及以下"",""职位属性"":""金融监管计算机类职位"",""职位分布"":""西部地区和艰苦边远地区职位"",""职位简介"":""主要从事金融信息科技风险监管、电子设备软硬件管理及信息系统运行维护等工作。"",""职位代码"":""300147807001"",""机构层级"":""市（地）级"",""考试类别"":""市（地）级及以下直属机构综合管理类"",""招考人数"":""1"",""专业"":""计算机科学与技术、软件工程、网络工程、信息安全、网络空间安全、电子与计算机工程、电子信息工程、电子科学与技术、通信工程、信息工程、电子信息科学与技术"",""学历"":""仅限本科"",""学位"":""学士"",""政治面貌"":""不限"",""基层工作最低年限"":""无限制"",""服务基层项目工作经历"":""无限制"",""是否在面试阶段组织专业能力测试"":""否"",""面试人员比例"":""3:1"",""工作地点"":""四川省凉山彝族自治州"",""落户地点"":""四川省凉山彝族自治州"",""备注"":""1.报名时请在专业栏中同时填写专业名称和专业代码；2.大学英语四级成绩在425分及以上（雅思成绩在6分及以上、托福成绩在80分及以上、取得英语专业四级或专业八级合格证书亦可），请在外语水平栏注明已获得的英语等级证书及成绩；3.本职位最低服务年限为5年（含试用期）；4.专业考试信息请参见《2026年度国家金融监督管理总局招考职位专业科目笔试考试大纲》。"",""部门网站"":""www.nfra.gov.cn"",""咨询电话1"":""028-61884862"",""咨询电话2"":""028-61886455"",""咨询电话3"":"""",""来源Sheet"":""中央国家行政机关省级以下直属机构""}}"
"government_jobs","国家公务员2026招考简章","公务员/事业单位技术岗位","贵州省安顺市","2026-07-28T09:12:58.310295+00:00","科技部门一级主任科员及以下","国家金融监督管理总局贵州监管局","","贵州省安顺市","公务员/事业单位;2026;computer_software;cybersecurity_cryptography;本科及以上;与最高学历相对应的学位;本科：计算机类；研究生：计算机科学与技术、软件工程、网络空间安全;市（地）级及以下直属机构综合管理类","用人司局：国家金融监督管理总局安顺监管分局
职位简介：主要从事金融信息科技风险监管、电子设备软硬件管理及信息系统运行维护等工作。
专业要求：本科：计算机类；研究生：计算机科学与技术、软件工程、网络空间安全
学历要求：本科及以上
学位要求：与最高学历相对应的学位
政治面貌：不限
基层工作经历：无限制
考试类别：市（地）级及以下直属机构综合管理类
备注：1.报名时请在专业栏中同时填写专业名称和专业代码；2.限应届高校毕业生报考，请在备注栏中注明本人具有应届高校毕业生身份；3.大学英语四级成绩在425分及以上（雅思成绩在6分及以上、托福成绩在80分及以上、取得英语专业四级或专业八级合格证书亦可），请在外语水平栏注明已获得的英语等级证书及成绩；4.专业考试信息请参见2026年度国家金融监督管理总局招考职位专业科目笔试考试大纲。","http://bm.scs.gov.cn/kl2026#132124-300147810001","2025-10-14","{""dataset_year"":2026,""job_uid"":""GOV-2026-132124-300147810001"",""publisher"":""国家公务员局"",""publication_page"":""http://bm.scs.gov.cn/kl2026"",""attachment_url"":""local://2026_guokao_zhaokaojianzhang.zip"",""local_source_file"":""中央机关及其直属机构2026年度考试录用公务员招考简章.xls"",""local_source_sha256"":""2670bae1df1dd07a3a3c79b9db46a11e3bb15a6c9c249e6af98bfd0b61ce3aaf"",""source_sheet"":""中央国家行政机关省级以下直属机构"",""filter_version"":""government_tech_v2"",""tech_filter"":{""is_tech"":true,""is_core_tech"":true,""scope"":""core"",""categories"":[""computer_software"",""cybersecurity_cryptography""],""matched_fields"":[""major"",""description""],""major_terms"":[""网络空间安全"",""计算机科学与技术"",""计算机类"",""软件工程""],""role_terms"":[""信息科技"",""信息系统"",""软硬件""],""reason"":""tech_major_and_role""},""original"":{""部门代码"":""132124"",""部门名称"":""国家金融监督管理总局贵州监管局"",""用人司局"":""国家金融监督管理总局安顺监管分局"",""机构性质"":""中央国家行政机关省级以下直属机构"",""招考职位"":""科技部门一级主任科员及以下"",""职位属性"":""金融监管计算机类职位"",""职位分布"":""西部地区和艰苦边远地区职位"",""职位简介"":""主要从事金融信息科技风险监管、电子设备软硬件管理及信息系统运行维护等工作。"",""职位代码"":""300147810001"",""机构层级"":""市（地）级"",""考试类别"":""市（地）级及以下直属机构综合管理类"",""招考人数"":""1"",""专业"":""本科：计算机类；研究生：计算机科学与技术、软件工程、网络空间安全"",""学历"":""本科及以上"",""学位"":""与最高学历相对应的学位"",""政治面貌"":""不限"",""基层工作最低年限"":""无限制"",""服务基层项目工作经历"":""无限制"",""是否在面试阶段组织专业能力测试"":""否"",""面试人员比例"":""3:1"",""工作地点"":""贵州省安顺市"",""落户地点"":""贵州省安顺市"",""备注"":""1.报名时请在专业栏中同时填写专业名称和专业代码；2.限应届高校毕业生报考，请在备注栏中注明本人具有应届高校毕业生身份；3.大学英语四级成绩在425分及以上（雅思成绩在6分及以上、托福成绩在80分及以上、取得英语专业四级或专业八级合格证书亦可），请在外语水平栏注明已获得的英语等级证书及成绩；4.专业考试信息请参见2026年度国家金融监督管理总局招考职位专业科目笔试考试大纲。"",""部门网站"":""www.nfra.gov.cn"",""咨询电话1"":""0851-87993021"",""咨询电话2"":""0851-87117393"",""咨询电话3"":"""",""来源Sheet"":""中央国家行政机关省级以下直属机构""}}"
"government_jobs","国家公务员2026招考简章","公务员/事业单位技术岗位","贵州省贵阳市","2026-07-28T09:12:58.310295+00:00","科技部门一级主任科员及以下","国家金融监督管理总局贵州监管局","","贵州省贵阳市","公务员/事业单位;2026;computer_software;仅限本科;学士;计算机类;市（地）级及以下直属机构综合管理类","用人司局：国家金融监督管理总局修文监管支局
职位简介：主要从事金融信息科技风险监管、电子设备软硬件管理及信息系统运行维护等工作。
专业要求：计算机类
学历要求：仅限本科
学位要求：学士
政治面貌：不限
基层工作经历：无限制
考试类别：市（地）级及以下直属机构综合管理类
备注：1.报名时请在专业栏中同时填写专业名称和专业代码；2.限应届高校毕业生报考，请在备注栏中注明本人具有应届高校毕业生身份；3.专业考试信息请参见2026年度国家金融监督管理总局招考职位专业科目笔试考试大纲。","http://bm.scs.gov.cn/kl2026#132124-300147813001","2025-10-14","{""dataset_year"":2026,""job_uid"":""GOV-2026-132124-300147813001"",""publisher"":""国家公务员局"",""publication_page"":""http://bm.scs.gov.cn/kl2026"",""attachment_url"":""local://2026_guokao_zhaokaojianzhang.zip"",""local_source_file"":""中央机关及其直属机构2026年度考试录用公务员招考简章.xls"",""local_source_sha256"":""2670bae1df1dd07a3a3c79b9db46a11e3bb15a6c9c249e6af98bfd0b61ce3aaf"",""source_sheet"":""中央国家行政机关省级以下直属机构"",""filter_version"":""government_tech_v2"",""tech_filter"":{""is_tech"":true,""is_core_tech"":true,""scope"":""core"",""categories"":[""computer_software""],""matched_fields"":[""major"",""description""],""major_terms"":[""计算机类""],""role_terms"":[""信息科技"",""信息系统"",""软硬件""],""reason"":""tech_major_and_role""},""original"":{""部门代码"":""132124"",""部门名称"":""国家金融监督管理总局贵州监管局"",""用人司局"":""国家金融监督管理总局修文监管支局"",""机构性质"":""中央国家行政机关省级以下直属机构"",""招考职位"":""科技部门一级主任科员及以下"",""职位属性"":""金融监管计算机类职位"",""职位分布"":""西部地区和艰苦边远地区职位"",""职位简介"":""主要从事金融信息科技风险监管、电子设备软硬件管理及信息系统运行维护等工作。"",""职位代码"":""300147813001"",""机构层级"":""县（区）级及以下"",""考试类别"":""市（地）级及以下直属机构综合管理类"",""招考人数"":""1"",""专业"":""计算机类"",""学历"":""仅限本科"",""学位"":""学士"",""政治面貌"":""不限"",""基层工作最低年限"":""无限制"",""服务基层项目工作经历"":""无限制"",""是否在面试阶段组织专业能力测试"":""否"",""面试人员比例"":""3:1"",""工作地点"":""贵州省贵阳市"",""落户地点"":""贵州省贵阳市"",""备注"":""1.报名时请在专业栏中同时填写专业名称和专业代码；2.限应届高校毕业生报考，请在备注栏中注明本人具有应届高校毕业生身份；3.专业考试信息请参见2026年度国家金融监督管理总局招考职位专业科目笔试考试大纲。"",""部门网站"":""www.nfra.gov.cn"",""咨询电话1"":""0851-87993021"",""咨询电话2"":""0851-87117393"",""咨询电话3"":"""",""来源Sheet"":""中央国家行政机关省级以下直属机构""}}"
"government_jobs","国家公务员2026招考简章","公务员/事业单位技术岗位","贵州省遵义市","2026-07-28T09:12:58.310295+00:00","科技部门一级主任科员及以下","国家金融监督管理总局贵州监管局","","贵州省遵义市","公务员/事业单位;2026;computer_software;仅限本科;学士;计算机类;市（地）级及以下直属机构综合管理类","用人司局：国家金融监督管理总局遵义监管分局辖内监管支局
职位简介：主要从事金融信息科技风险监管、电子设备软硬件管理及信息系统运行维护等工作。
专业要求：计算机类
学历要求：仅限本科
学位要求：学士
政治面貌：不限
基层工作经历：无限制
考试类别：市（地）级及以下直属机构综合管理类
备注：1.报名时请在专业栏中同时填写专业名称和专业代码；2.限应届高校毕业生报考，请在备注栏中注明本人具有应届高校毕业生身份；3.本职位具体招录人数为习水支局1人、正安支局1人、道真支局1人、凤冈支局1人，录用后按照综合成绩从高到低顺序，由考生选择工作单位；4.专业考试信息请参见2026年度国家金融监督管理总局招考职位专业科目笔试考试大纲。","http://bm.scs.gov.cn/kl2026#132124-300147815001","2025-10-14","{""dataset_year"":2026,""job_uid"":""GOV-2026-132124-300147815001"",""publisher"":""国家公务员局"",""publication_page"":""http://bm.scs.gov.cn/kl2026"",""attachment_url"":""local://2026_guokao_zhaokaojianzhang.zip"",""local_source_file"":""中央机关及其直属机构2026年度考试录用公务员招考简章.xls"",""local_source_sha256"":""2670bae1df1dd07a3a3c79b9db46a11e3bb15a6c9c249e6af98bfd0b61ce3aaf"",""source_sheet"":""中央国家行政机关省级以下直属机构"",""filter_version"":""government_tech_v2"",""tech_filter"":{""is_tech"":true,""is_core_tech"":true,""scope"":""core"",""categories"":[""computer_software""],""matched_fields"":[""major"",""description""],""major_terms"":[""计算机类""],""role_terms"":[""信息科技"",""信息系统"",""软硬件""],""reason"":""tech_major_and_role""},""original"":{""部门代码"":""132124"",""部门名称"":""国家金融监督管理总局贵州监管局"",""用人司局"":""国家金融监督管理总局遵义监管分局辖内监管支局"",""机构性质"":""中央国家行政机关省级以下直属机构"",""招考职位"":""科技部门一级主任科员及以下"",""职位属性"":""金融监管计算机类职位"",""职位分布"":""西部地区和艰苦边远地区职位"",""职位简介"":""主要从事金融信息科技风险监管、电子设备软硬件管理及信息系统运行维护等工作。"",""职位代码"":""300147815001"",""机构层级"":""县（区）级及以下"",""考试类别"":""市（地）级及以下直属机构综合管理类"",""招考人数"":""4"",""专业"":""计算机类"",""学历"":""仅限本科"",""学位"":""学士"",""政治面貌"":""不限"",""基层工作最低年限"":""无限制"",""服务基层项目工作经历"":""无限制"",""是否在面试阶段组织专业能力测试"":""否"",""面试人员比例"":""3:1"",""工作地点"":""贵州省遵义市"",""落户地点"":""贵州省遵义市"",""备注"":""1.报名时请在专业栏中同时填写专业名称和专业代码；2.限应届高校毕业生报考，请在备注栏中注明本人具有应届高校毕业生身份；3.本职位具体招录人数为习水支局1人、正安支局1人、道真支局1人、凤冈支局1人，录用后按照综合成绩从高到低顺序，由考生选择工作单位；4.专业考试信息请参见2026年度国家金融监督管理总局招考职位专业科目笔试考试大纲。"",""部门网站"":""www.nfra.gov.cn"",""咨询电话1"":""0851-87993021"",""咨询电话2"":""0851-87117393"",""咨询电话3"":"""",""来源Sheet"":""中央国家行政机关省级以下直属机构""}}"
"government_jobs","国家公务员2026招考简章","公务员/事业单位技术岗位","贵州省安顺市","2026-07-28T09:12:58.310295+00:00","科技部门一级主任科员及以下","国家金融监督管理总局贵州监管局","","贵州省安顺市","公务员/事业单位;2026;computer_software;仅限本科;学士;计算机类;市（地）级及以下直属机构综合管理类","用人司局：国家金融监督管理总局安顺监管分局辖内监管支局
职位简介：主要从事金融信息科技风险监管、电子设备软硬件管理及信息系统运行维护等工作。
专业要求：计算机类
学历要求：仅限本科
学位要求：学士
政治面貌：不限
基层工作经历：无限制
考试类别：市（地）级及以下直属机构综合管理类
备注：1.报名时请在专业栏中同时填写专业名称和专业代码；2.限应届高校毕业生报考，请在备注栏中注明本人具有应届高校毕业生身份；3.本职位具体招录人数为普定支局1人、紫云支局1人，录用后按照综合成绩从高到低顺序，由考生选择工作单位；4.专业考试信息请参见2026年度国家金融监督管理总局招考职位专业科目笔试考试大纲。","http://bm.scs.gov.cn/kl2026#132124-300147818001","2025-10-14","{""dataset_year"":2026,""job_uid"":""GOV-2026-132124-300147818001"",""publisher"":""国家公务员局"",""publication_page"":""http://bm.scs.gov.cn/kl2026"",""attachment_url"":""local://2026_guokao_zhaokaojianzhang.zip"",""local_source_file"":""中央机关及其直属机构2026年度考试录用公务员招考简章.xls"",""local_source_sha256"":""2670bae1df1dd07a3a3c79b9db46a11e3bb15a6c9c249e6af98bfd0b61ce3aaf"",""source_sheet"":""中央国家行政机关省级以下直属机构"",""filter_version"":""government_tech_v2"",""tech_filter"":{""is_tech"":true,""is_core_tech"":true,""scope"":""core"",""categories"":[""computer_software""],""matched_fields"":[""major"",""description""],""major_terms"":[""计算机类""],""role_terms"":[""信息科技"",""信息系统"",""软硬件""],""reason"":""tech_major_and_role""},""original"":{""部门代码"":""132124"",""部门名称"":""国家金融监督管理总局贵州监管局"",""用人司局"":""国家金融监督管理总局安顺监管分局辖内监管支局"",""机构性质"":""中央国家行政机关省级以下直属机构"",""招考职位"":""科技部门一级主任科员及以下"",""职位属性"":""金融监管计算机类职位"",""职位分布"":""西部地区和艰苦边远地区职位"",""职位简介"":""主要从事金融信息科技风险监管、电子设备软硬件管理及信息系统运行维护等工作。"",""职位代码"":""300147818001"",""机构层级"":""县（区）级及以下"",""考试类别"":""市（地）级及以下直属机构综合管理类"",""招考人数"":""2"",""专业"":""计算机类"",""学历"":""仅限本科"",""学位"":""学士"",""政治面貌"":""不限"",""基层工作最低年限"":""无限制"",""服务基层项目工作经历"":""无限制"",""是否在面试阶段组织专业能力测试"":""否"",""面试人员比例"":""3:1"",""工作地点"":""贵州省安顺市"",""落户地点"":""贵州省安顺市"",""备注"":""1.报名时请在专业栏中同时填写专业名称和专业代码；2.限应届高校毕业生报考，请在备注栏中注明本人具有应届高校毕业生身份；3.本职位具体招录人数为普定支局1人、紫云支局1人，录用后按照综合成绩从高到低顺序，由考生选择工作单位；4.专业考试信息请参见2026年度国家金融监督管理总局招考职位专业科目笔试考试大纲。"",""部门网站"":""www.nfra.gov.cn"",""咨询电话1"":""0851-87993021"",""咨询电话2"":""0851-87117393"",""咨询电话3"":"""",""来源Sheet"":""中央国家行政机关省级以下直属机构""}}"
"government_jobs","国家公务员2026招考简章","公务员/事业单位技术岗位","贵州省黔南布依族苗族自治州","2026-07-28T09:12:58.310295+00:00","科技部门一级主任科员及以下","国家金融监督管理总局贵州监管局","","贵州省黔南布依族苗族自治州","公务员/事业单位;2026;computer_software;仅限本科;学士;计算机类;市（地）级及以下直属机构综合管理类","用人司局：国家金融监督管理总局黔南监管分局辖内监管支局
职位简介：主要从事金融信息科技风险监管、电子设备软硬件管理及信息系统运行维护等工作。
专业要求：计算机类
学历要求：仅限本科
学位要求：学士
政治面貌：不限
基层工作经历：无限制
考试类别：市（地）级及以下直属机构综合管理类
备注：1.报名时请在专业栏中同时填写专业名称和专业代码；2.限应届高校毕业生报考，请在备注栏中注明本人具有应届高校毕业生身份；3.本职位具体招录人数为独山支局1人、三都支局1人、瓮安支局1人，录用后按照综合成绩从高到低顺序，由考生选择工作单位；4.专业考试信息请参见2026年度国家金融监督管理总局招考职位专业科目笔试考试大纲。","http://bm.scs.gov.cn/kl2026#132124-300147819001","2025-10-14","{""dataset_year"":2026,""job_uid"":""GOV-2026-132124-300147819001"",""publisher"":""国家公务员局"",""publication_page"":""http://bm.scs.gov.cn/kl2026"",""attachment_url"":""local://2026_guokao_zhaokaojianzhang.zip"",""local_source_file"":""中央机关及其直属机构2026年度考试录用公务员招考简章.xls"",""local_source_sha256"":""2670bae1df1dd07a3a3c79b9db46a11e3bb15a6c9c249e6af98bfd0b61ce3aaf"",""source_sheet"":""中央国家行政机关省级以下直属机构"",""filter_version"":""government_tech_v2"",""tech_filter"":{""is_tech"":true,""is_core_tech"":true,""scope"":""core"",""categories"":[""computer_software""],""matched_fields"":[""major"",""description""],""major_terms"":[""计算机类""],""role_terms"":[""信息科技"",""信息系统"",""软硬件""],""reason"":""tech_major_and_role""},""original"":{""部门代码"":""132124"",""部门名称"":""国家金融监督管理总局贵州监管局"",""用人司局"":""国家金融监督管理总局黔南监管分局辖内监管支局"",""机构性质"":""中央国家行政机关省级以下直属机构"",""招考职位"":""科技部门一级主任科员及以下"",""职位属性"":""金融监管计算机类职位"",""职位分布"":""西部地区和艰苦边远地区职位"",""职位简介"":""主要从事金融信息科技风险监管、电子设备软硬件管理及信息系统运行维护等工作。"",""职位代码"":""300147819001"",""机构层级"":""县（区）级及以下"",""考试类别"":""市（地）级及以下直属机构综合管理类"",""招考人数"":""3"",""专业"":""计算机类"",""学历"":""仅限本科"",""学位"":""学士"",""政治面貌"":""不限"",""基层工作最低年限"":""无限制"",""服务基层项目工作经历"":""无限制"",""是否在面试阶段组织专业能力测试"":""否"",""面试人员比例"":""3:1"",""工作地点"":""贵州省黔南布依族苗族自治州"",""落户地点"":""贵州省黔南布依族苗族自治州"",""备注"":""1.报名时请在专业栏中同时填写专业名称和专业代码；2.限应届高校毕业生报考，请在备注栏中注明本人具有应届高校毕业生身份；3.本职位具体招录人数为独山支局1人、三都支局1人、瓮安支局1人，录用后按照综合成绩从高到低顺序，由考生选择工作单位；4.专业考试信息请参见2026年度国家金融监督管理总局招考职位专业科目笔试考试大纲。"",""部门网站"":""www.nfra.gov.cn"",""咨询电话1"":""0851-87993021"",""咨询电话2"":""0851-87117393"",""咨询电话3"":"""",""来源Sheet"":""中央国家行政机关省级以下直属机构""}}"
"government_jobs","国家公务员2026招考简章","公务员/事业单位技术岗位","贵州省黔东南苗族侗族自治州","2026-07-28T09:12:58.310295+00:00","科技部门一级主任科员及以下","国家金融监督管理总局贵州监管局","","贵州省黔东南苗族侗族自治州","公务员/事业单位;2026;computer_software;仅限本科;学士;计算机类;市（地）级及以下直属机构综合管理类","用人司局：国家金融监督管理总局黔东南监管分局辖内监管支局
职位简介：主要从事金融信息科技风险监管、电子设备软硬件管理及信息系统运行维护等工作。
专业要求：计算机类
学历要求：仅限本科
学位要求：学士
政治面貌：不限
基层工作经历：无限制
考试类别：市（地）级及以下直属机构综合管理类
备注：1.报名时请在专业栏中同时填写专业名称和专业代码；2.限应届高校毕业生报考，请在备注栏中注明本人具有应届高校毕业生身份；3.本职位具体招录人数为天柱支局1人、从江支局1人、麻江支局1人、黄平支局1人、施秉支局1人、雷山支局1人，录用后按照综合成绩从高到低顺序，由考生选择工作单位；4.专业考试信息请参见2026年度国家金融监督管理总局招考职位专业科目笔试考试大纲。","http://bm.scs.gov.cn/kl2026#132124-300147823001","2025-10-14","{""dataset_year"":2026,""job_uid"":""GOV-2026-132124-300147823001"",""publisher"":""国家公务员局"",""publication_page"":""http://bm.scs.gov.cn/kl2026"",""attachment_url"":""local://2026_guokao_zhaokaojianzhang.zip"",""local_source_file"":""中央机关及其直属机构2026年度考试录用公务员招考简章.xls"",""local_source_sha256"":""2670bae1df1dd07a3a3c79b9db46a11e3bb15a6c9c249e6af98bfd0b61ce3aaf"",""source_sheet"":""中央国家行政机关省级以下直属机构"",""filter_version"":""government_tech_v2"",""tech_filter"":{""is_tech"":true,""is_core_tech"":true,""scope"":""core"",""categories"":[""computer_software""],""matched_fields"":[""major"",""description""],""major_terms"":[""计算机类""],""role_terms"":[""信息科技"",""信息系统"",""软硬件""],""reason"":""tech_major_and_role""},""original"":{""部门代码"":""132124"",""部门名称"":""国家金融监督管理总局贵州监管局"",""用人司局"":""国家金融监督管理总局黔东南监管分局辖内监管支局"",""机构性质"":""中央国家行政机关省级以下直属机构"",""招考职位"":""科技部门一级主任科员及以下"",""职位属性"":""金融监管计算机类职位"",""职位分布"":""西部地区和艰苦边远地区职位"",""职位简介"":""主要从事金融信息科技风险监管、电子设备软硬件管理及信息系统运行维护等工作。"",""职位代码"":""300147823001"",""机构层级"":""县（区）级及以下"",""考试类别"":""市（地）级及以下直属机构综合管理类"",""招考人数"":""6"",""专业"":""计算机类"",""学历"":""仅限本科"",""学位"":""学士"",""政治面貌"":""不限"",""基层工作最低年限"":""无限制"",""服务基层项目工作经历"":""无限制"",""是否在面试阶段组织专业能力测试"":""否"",""面试人员比例"":""3:1"",""工作地点"":""贵州省黔东南苗族侗族自治州"",""落户地点"":""贵州省黔东南苗族侗族自治州"",""备注"":""1.报名时请在专业栏中同时填写专业名称和专业代码；2.限应届高校毕业生报考，请在备注栏中注明本人具有应届高校毕业生身份；3.本职位具体招录人数为天柱支局1人、从江支局1人、麻江支局1人、黄平支局1人、施秉支局1人、雷山支局1人，录用后按照综合成绩从高到低顺序，由考生选择工作单位；4.专业考试信息请参见2026年度国家金融监督管理总局招考职位专业科目笔试考试大纲。"",""部门网站"":""www.nfra.gov.cn"",""咨询电话1"":""0851-87993021"",""咨询电话2"":""0851-87117393"",""咨询电话3"":"""",""来源Sheet"":""中央国家行政机关省级以下直属机构""}}"
"government_jobs","国家公务员2026招考简章","公务员/事业单位技术岗位","贵州省铜仁市","2026-07-28T09:12:58.310295+00:00","科技部门一级主任科员及以下","国家金融监督管理总局贵州监管局","","贵州省铜仁市","公务员/事业单位;2026;computer_software;仅限本科;学士;计算机类;市（地）级及以下直属机构综合管理类","用人司局：国家金融监督管理总局铜仁监管分局辖内监管支局
职位简介：主要从事金融信息科技风险监管、电子设备软硬件管理及信息系统运行维护等工作。
专业要求：计算机类
学历要求：仅限本科
学位要求：学士
政治面貌：不限
基层工作经历：无限制
考试类别：市（地）级及以下直属机构综合管理类
备注：1.报名时请在专业栏中同时填写专业名称和专业代码；2.限应届高校毕业生报考，请在备注栏中注明本人具有应届高校毕业生身份；3.本职位具体招录人数为松桃支局1人、玉屏支局1人、石阡支局1人、印江支局1人、思南支局1人，录用后按照综合成绩从高到低顺序，由考生选择工作单位；4.专业考试信息请参见2026年度国家金融监督管理总局招考职位专业科目笔试考试大纲。","http://bm.scs.gov.cn/kl2026#132124-300147828001","2025-10-14","{""dataset_year"":2026,""job_uid"":""GOV-2026-132124-300147828001"",""publisher"":""国家公务员局"",""publication_page"":""http://bm.scs.gov.cn/kl2026"",""attachment_url"":""local://2026_guokao_zhaokaojianzhang.zip"",""local_source_file"":""中央机关及其直属机构2026年度考试录用公务员招考简章.xls"",""local_source_sha256"":""2670bae1df1dd07a3a3c79b9db46a11e3bb15a6c9c249e6af98bfd0b61ce3aaf"",""source_sheet"":""中央国家行政机关省级以下直属机构"",""filter_version"":""government_tech_v2"",""tech_filter"":{""is_tech"":true,""is_core_tech"":true,""scope"":""core"",""categories"":[""computer_software""],""matched_fields"":[""major"",""description""],""major_terms"":[""计算机类""],""role_terms"":[""信息科技"",""信息系统"",""软硬件""],""reason"":""tech_major_and_role""},""original"":{""部门代码"":""132124"",""部门名称"":""国家金融监督管理总局贵州监管局"",""用人司局"":""国家金融监督管理总局铜仁监管分局辖内监管支局"",""机构性质"":""中央国家行政机关省级以下直属机构"",""招考职位"":""科技部门一级主任科员及以下"",""职位属性"":""金融监管计算机类职位"",""职位分布"":""西部地区和艰苦边远地区职位"",""职位简介"":""主要从事金融信息科技风险监管、电子设备软硬件管理及信息系统运行维护等工作。"",""职位代码"":""300147828001"",""机构层级"":""县（区）级及以下"",""考试类别"":""市（地）级及以下直属机构综合管理类"",""招考人数"":""5"",""专业"":""计算机类"",""学历"":""仅限本科"",""学位"":""学士"",""政治面貌"":""不限"",""基层工作最低年限"":""无限制"",""服务基层项目工作经历"":""无限制"",""是否在面试阶段组织专业能力测试"":""否"",""面试人员比例"":""3:1"",""工作地点"":""贵州省铜仁市"",""落户地点"":""贵州省铜仁市"",""备注"":""1.报名时请在专业栏中同时填写专业名称和专业代码；2.限应届高校毕业生报考，请在备注栏中注明本人具有应届高校毕业生身份；3.本职位具体招录人数为松桃支局1人、玉屏支局1人、石阡支局1人、印江支局1人、思南支局1人，录用后按照综合成绩从高到低顺序，由考生选择工作单位；4.专业考试信息请参见2026年度国家金融监督管理总局招考职位专业科目笔试考试大纲。"",""部门网站"":""www.nfra.gov.cn"",""咨询电话1"":""0851-87993021"",""咨询电话2"":""0851-87117393"",""咨询电话3"":"""",""来源Sheet"":""中央国家行政机关省级以下直属机构""}}"
"government_jobs","国家公务员2026招考简章","公务员/事业单位技术岗位","贵州省铜仁市","2026-07-28T09:12:58.310295+00:00","科技部门一级主任科员及以下","国家金融监督管理总局贵州监管局","","贵州省铜仁市","公务员/事业单位;2026;computer_software;仅限本科;学士;计算机类;市（地）级及以下直属机构综合管理类","用人司局：国家金融监督管理总局印江监管支局
职位简介：主要从事金融信息科技风险监管、电子设备软硬件管理及信息系统运行维护等工作。
专业要求：计算机类
学历要求：仅限本科
学位要求：学士
政治面貌：不限
基层工作经历：二年
考试类别：市（地）级及以下直属机构综合管理类
备注：1.报名时请在专业栏中同时填写专业名称和专业代码；2.限大学生村官、农村义务教育阶段学校教师特设岗位计划、“三支一扶”计划、大学生志愿服务西部计划、在军队服务5年（含）以上的高校毕业生退役士兵人员报考，请在简历栏中注明相关经历；3.专业考试信息请参见2026年度国家金融监督管理总局招考职位专业科目笔试考试大纲。","http://bm.scs.gov.cn/kl2026#132124-300147829001","2025-10-14","{""dataset_year"":2026,""job_uid"":""GOV-2026-132124-300147829001"",""publisher"":""国家公务员局"",""publication_page"":""http://bm.scs.gov.cn/kl2026"",""attachment_url"":""local://2026_guokao_zhaokaojianzhang.zip"",""local_source_file"":""中央机关及其直属机构2026年度考试录用公务员招考简章.xls"",""local_source_sha256"":""2670bae1df1dd07a3a3c79b9db46a11e3bb15a6c9c249e6af98bfd0b61ce3aaf"",""source_sheet"":""中央国家行政机关省级以下直属机构"",""filter_version"":""government_tech_v2"",""tech_filter"":{""is_tech"":true,""is_core_tech"":true,""scope"":""core"",""categories"":[""computer_software""],""matched_fields"":[""major"",""description""],""major_terms"":[""计算机类""],""role_terms"":[""信息科技"",""信息系统"",""软硬件""],""reason"":""tech_major_and_role""},""original"":{""部门代码"":""132124"",""部门名称"":""国家金融监督管理总局贵州监管局"",""用人司局"":""国家金融监督管理总局印江监管支局"",""机构性质"":""中央国家行政机关省级以下直属机构"",""招考职位"":""科技部门一级主任科员及以下"",""职位属性"":""金融监管计算机类职位"",""职位分布"":""西部地区和艰苦边远地区职位"",""职位简介"":""主要从事金融信息科技风险监管、电子设备软硬件管理及信息系统运行维护等工作。"",""职位代码"":""300147829001"",""机构层级"":""县（区）级及以下"",""考试类别"":""市（地）级及以下直属机构综合管理类"",""招考人数"":""1"",""专业"":""计算机类"",""学历"":""仅限本科"",""学位"":""学士"",""政治面貌"":""不限"",""基层工作最低年限"":""二年"",""服务基层项目工作经历"":""大学生村官、农村义务教育阶段学校教师特设岗位计划、“三支一扶”计划、大学生志愿服务西部计划、在军队服役5年（含）以上的高校毕业生退役士兵"",""是否在面试阶段组织专业能力测试"":""否"",""面试人员比例"":""3:1"",""工作地点"":""贵州省铜仁市"",""落户地点"":""贵州省铜仁市"",""备注"":""1.报名时请在专业栏中同时填写专业名称和专业代码；2.限大学生村官、农村义务教育阶段学校教师特设岗位计划、“三支一扶”计划、大学生志愿服务西部计划、在军队服务5年（含）以上的高校毕业生退役士兵人员报考，请在简历栏中注明相关经历；3.专业考试信息请参见2026年度国家金融监督管理总局招考职位专业科目笔试考试大纲。"",""部门网站"":""www.nfra.gov.cn"",""咨询电话1"":""0851-87993021"",""咨询电话2"":""0851-87117393"",""咨询电话3"":"""",""来源Sheet"":""中央国家行政机关省级以下直属机构""}}"
"government_jobs","国家公务员2026招考简章","公务员/事业单位技术岗位","贵州省毕节市","2026-07-28T09:12:58.310295+00:00","科技部门一级主任科员及以下","国家金融监督管理总局贵州监管局","","贵州省毕节市","公务员/事业单位;2026;computer_software;仅限本科;学士;计算机类;市（地）级及以下直属机构综合管理类","用人司局：国家金融监督管理总局毕节监管分局辖内监管支局
职位简介：主要从事金融信息科技风险监管、电子设备软硬件管理及信息系统运行维护等工作。
专业要求：计算机类
学历要求：仅限本科
学位要求：学士
政治面貌：不限
基层工作经历：无限制
考试类别：市（地）级及以下直属机构综合管理类
备注：1.报名时请在专业栏中同时填写专业名称和专业代码；2.限应届高校毕业生报考，请在备注栏中注明本人具有应届高校毕业生身份；3.本职位具体招录人数为大方支局1人、威宁支局1人、赫章支局1人，录用后按照综合成绩从高到低顺序，由考生选择工作单位；4.专业考试信息请参见2026年度国家金融监督管理总局招考职位专业科目笔试考试大纲。","http://bm.scs.gov.cn/kl2026#132124-300147831001","2025-10-14","{""dataset_year"":2026,""job_uid"":""GOV-2026-132124-300147831001"",""publisher"":""国家公务员局"",""publication_page"":""http://bm.scs.gov.cn/kl2026"",""attachment_url"":""local://2026_guokao_zhaokaojianzhang.zip"",""local_source_file"":""中央机关及其直属机构2026年度考试录用公务员招考简章.xls"",""local_source_sha256"":""2670bae1df1dd07a3a3c79b9db46a11e3bb15a6c9c249e6af98bfd0b61ce3aaf"",""source_sheet"":""中央国家行政机关省级以下直属机构"",""filter_version"":""government_tech_v2"",""tech_filter"":{""is_tech"":true,""is_core_tech"":true,""scope"":""core"",""categories"":[""computer_software""],""matched_fields"":[""major"",""description""],""major_terms"":[""计算机类""],""role_terms"":[""信息科技"",""信息系统"",""软硬件""],""reason"":""tech_major_and_role""},""original"":{""部门代码"":""132124"",""部门名称"":""国家金融监督管理总局贵州监管局"",""用人司局"":""国家金融监督管理总局毕节监管分局辖内监管支局"",""机构性质"":""中央国家行政机关省级以下直属机构"",""招考职位"":""科技部门一级主任科员及以下"",""职位属性"":""金融监管计算机类职位"",""职位分布"":""西部地区和艰苦边远地区职位"",""职位简介"":""主要从事金融信息科技风险监管、电子设备软硬件管理及信息系统运行维护等工作。"",""职位代码"":""300147831001"",""机构层级"":""县（区）级及以下"",""考试类别"":""市（地）级及以下直属机构综合管理类"",""招考人数"":""3"",""专业"":""计算机类"",""学历"":""仅限本科"",""学位"":""学士"",""政治面貌"":""不限"",""基层工作最低年限"":""无限制"",""服务基层项目工作经历"":""无限制"",""是否在面试阶段组织专业能力测试"":""否"",""面试人员比例"":""3:1"",""工作地点"":""贵州省毕节市"",""落户地点"":""贵州省毕节市"",""备注"":""1.报名时请在专业栏中同时填写专业名称和专业代码；2.限应届高校毕业生报考，请在备注栏中注明本人具有应届高校毕业生身份；3.本职位具体招录人数为大方支局1人、威宁支局1人、赫章支局1人，录用后按照综合成绩从高到低顺序，由考生选择工作单位；4.专业考试信息请参见2026年度国家金融监督管理总局招考职位专业科目笔试考试大纲。"",""部门网站"":""www.nfra.gov.cn"",""咨询电话1"":""0851-87993021"",""咨询电话2"":""0851-87117393"",""咨询电话3"":"""",""来源Sheet"":""中央国家行政机关省级以下直属机构""}}"
"government_jobs","国家公务员2026招考简章","公务员/事业单位技术岗位","贵州省毕节市","2026-07-28T09:12:58.310295+00:00","科技部门一级主任科员及以下","国家金融监督管理总局贵州监管局","","贵州省毕节市","公务员/事业单位;2026;computer_software;仅限本科;学士;计算机类;市（地）级及以下直属机构综合管理类","用人司局：国家金融监督管理总局威宁监管支局
职位简介：主要从事金融信息科技风险监管、电子设备软硬件管理及信息系统运行维护等工作。
专业要求：计算机类
学历要求：仅限本科
学位要求：学士
政治面貌：不限
基层工作经历：二年
考试类别：市（地）级及以下直属机构综合管理类
备注：1.报名时请在专业栏中同时填写专业名称和专业代码；2.限大学生村官、农村义务教育阶段学校教师特设岗位计划、“三支一扶”计划、大学生志愿服务西部计划、在军队服务5年（含）以上的高校毕业生退役士兵人员报考，请在简历栏中注明相关经历；3.专业考试信息请参见2026年度国家金融监督管理总局招考职位专业科目笔试考试大纲。","http://bm.scs.gov.cn/kl2026#132124-300147832001","2025-10-14","{""dataset_year"":2026,""job_uid"":""GOV-2026-132124-300147832001"",""publisher"":""国家公务员局"",""publication_page"":""http://bm.scs.gov.cn/kl2026"",""attachment_url"":""local://2026_guokao_zhaokaojianzhang.zip"",""local_source_file"":""中央机关及其直属机构2026年度考试录用公务员招考简章.xls"",""local_source_sha256"":""2670bae1df1dd07a3a3c79b9db46a11e3bb15a6c9c249e6af98bfd0b61ce3aaf"",""source_sheet"":""中央国家行政机关省级以下直属机构"",""filter_version"":""government_tech_v2"",""tech_filter"":{""is_tech"":true,""is_core_tech"":true,""scope"":""core"",""categories"":[""computer_software""],""matched_fields"":[""major"",""description""],""major_terms"":[""计算机类""],""role_terms"":[""信息科技"",""信息系统"",""软硬件""],""reason"":""tech_major_and_role""},""original"":{""部门代码"":""132124"",""部门名称"":""国家金融监督管理总局贵州监管局"",""用人司局"":""国家金融监督管理总局威宁监管支局"",""机构性质"":""中央国家行政机关省级以下直属机构"",""招考职位"":""科技部门一级主任科员及以下"",""职位属性"":""金融监管计算机类职位"",""职位分布"":""西部地区和艰苦边远地区职位"",""职位简介"":""主要从事金融信息科技风险监管、电子设备软硬件管理及信息系统运行维护等工作。"",""职位代码"":""300147832001"",""机构层级"":""县（区）级及以下"",""考试类别"":""市（地）级及以下直属机构综合管理类"",""招考人数"":""1"",""专业"":""计算机类"",""学历"":""仅限本科"",""学位"":""学士"",""政治面貌"":""不限"",""基层工作最低年限"":""二年"",""服务基层项目工作经历"":""大学生村官、农村义务教育阶段学校教师特设岗位计划、“三支一扶”计划、大学生志愿服务西部计划、在军队服役5年（含）以上的高校毕业生退役士兵"",""是否在面试阶段组织专业能力测试"":""否"",""面试人员比例"":""3:1"",""工作地点"":""贵州省毕节市"",""落户地点"":""贵州省毕节市"",""备注"":""1.报名时请在专业栏中同时填写专业名称和专业代码；2.限大学生村官、农村义务教育阶段学校教师特设岗位计划、“三支一扶”计划、大学生志愿服务西部计划、在军队服务5年（含）以上的高校毕业生退役士兵人员报考，请在简历栏中注明相关经历；3.专业考试信息请参见2026年度国家金融监督管理总局招考职位专业科目笔试考试大纲。"",""部门网站"":""www.nfra.gov.cn"",""咨询电话1"":""0851-87993021"",""咨询电话2"":""0851-87117393"",""咨询电话3"":"""",""来源Sheet"":""中央国家行政机关省级以下直属机构""}}"
"government_jobs","国家公务员2026招考简章","公务员/事业单位技术岗位","贵州省六盘水市","2026-07-28T09:12:58.310295+00:00","科技部门一级主任科员及以下","国家金融监督管理总局贵州监管局","","贵州省六盘水市","公务员/事业单位;2026;computer_software;仅限本科;学士;计算机类;市（地）级及以下直属机构综合管理类","用人司局：国家金融监督管理总局盘州监管支局
职位简介：主要从事金融信息科技风险监管、电子设备软硬件管理及信息系统运行维护等工作。
专业要求：计算机类
学历要求：仅限本科
学位要求：学士
政治面貌：不限
基层工作经历：无限制
考试类别：市（地）级及以下直属机构综合管理类
备注：1.报名时请在专业栏中同时填写专业名称和专业代码；2.限应届高校毕业生报考，请在备注栏中注明本人具有应届高校毕业生身份；3.专业考试信息请参见2026年度国家金融监督管理总局招考职位专业科目笔试考试大纲。","http://bm.scs.gov.cn/kl2026#132124-300147834001","2025-10-14","{""dataset_year"":2026,""job_uid"":""GOV-2026-132124-300147834001"",""publisher"":""国家公务员局"",""publication_page"":""http://bm.scs.gov.cn/kl2026"",""attachment_url"":""local://2026_guokao_zhaokaojianzhang.zip"",""local_source_file"":""中央机关及其直属机构2026年度考试录用公务员招考简章.xls"",""local_source_sha256"":""2670bae1df1dd07a3a3c79b9db46a11e3bb15a6c9c249e6af98bfd0b61ce3aaf"",""source_sheet"":""中央国家行政机关省级以下直属机构"",""filter_version"":""government_tech_v2"",""tech_filter"":{""is_tech"":true,""is_core_tech"":true,""scope"":""core"",""categories"":[""computer_software""],""matched_fields"":[""major"",""description""],""major_terms"":[""计算机类""],""role_terms"":[""信息科技"",""信息系统"",""软硬件""],""reason"":""tech_major_and_role""},""original"":{""部门代码"":""132124"",""部门名称"":""国家金融监督管理总局贵州监管局"",""用人司局"":""国家金融监督管理总局盘州监管支局"",""机构性质"":""中央国家行政机关省级以下直属机构"",""招考职位"":""科技部门一级主任科员及以下"",""职位属性"":""金融监管计算机类职位"",""职位分布"":""西部地区和艰苦边远地区职位"",""职位简介"":""主要从事金融信息科技风险监管、电子设备软硬件管理及信息系统运行维护等工作。"",""职位代码"":""300147834001"",""机构层级"":""县（区）级及以下"",""考试类别"":""市（地）级及以下直属机构综合管理类"",""招考人数"":""1"",""专业"":""计算机类"",""学历"":""仅限本科"",""学位"":""学士"",""政治面貌"":""不限"",""基层工作最低年限"":""无限制"",""服务基层项目工作经历"":""无限制"",""是否在面试阶段组织专业能力测试"":""否"",""面试人员比例"":""3:1"",""工作地点"":""贵州省六盘水市"",""落户地点"":""贵州省六盘水市"",""备注"":""1.报名时请在专业栏中同时填写专业名称和专业代码；2.限应届高校毕业生报考，请在备注栏中注明本人具有应届高校毕业生身份；3.专业考试信息请参见2026年度国家金融监督管理总局招考职位专业科目笔试考试大纲。"",""部门网站"":""www.nfra.gov.cn"",""咨询电话1"":""0851-87993021"",""咨询电话2"":""0851-87117393"",""咨询电话3"":"""",""来源Sheet"":""中央国家行政机关省级以下直属机构""}}"
"government_jobs","国家公务员2026招考简章","公务员/事业单位技术岗位","贵州省黔西南布依族苗族自治州","2026-07-28T09:12:58.310295+00:00","科技部门一级主任科员及以下","国家金融监督管理总局贵州监管局","","贵州省黔西南布依族苗族自治州","公务员/事业单位;2026;computer_software;仅限本科;学士;计算机类;市（地）级及以下直属机构综合管理类","用人司局：国家金融监督管理总局黔西南监管分局辖内监管支局
职位简介：主要从事金融信息科技风险监管、电子设备软硬件管理及信息系统运行维护等工作。
专业要求：计算机类
学历要求：仅限本科
学位要求：学士
政治面貌：不限
基层工作经历：无限制
考试类别：市（地）级及以下直属机构综合管理类
备注：1.报名时请在专业栏中同时填写专业名称和专业代码；2.限应届高校毕业生报考，请在备注栏中注明本人具有应届高校毕业生身份；3.本职位具体招录人数为安龙支局1人、贞丰支局1人、普安支局1人、晴隆支局1人、册亨支局1人，录用后按照综合成绩从高到低顺序，由考生选择工作单位；4.专业考试信息请参见2026年度国家金融监督管理总局招考职位专业科目笔试考试大纲。","http://bm.scs.gov.cn/kl2026#132124-300147835001","2025-10-14","{""dataset_year"":2026,""job_uid"":""GOV-2026-132124-300147835001"",""publisher"":""国家公务员局"",""publication_page"":""http://bm.scs.gov.cn/kl2026"",""attachment_url"":""local://2026_guokao_zhaokaojianzhang.zip"",""local_source_file"":""中央机关及其直属机构2026年度考试录用公务员招考简章.xls"",""local_source_sha256"":""2670bae1df1dd07a3a3c79b9db46a11e3bb15a6c9c249e6af98bfd0b61ce3aaf"",""source_sheet"":""中央国家行政机关省级以下直属机构"",""filter_version"":""government_tech_v2"",""tech_filter"":{""is_tech"":true,""is_core_tech"":true,""scope"":""core"",""categories"":[""computer_software""],""matched_fields"":[""major"",""description""],""major_terms"":[""计算机类""],""role_terms"":[""信息科技"",""信息系统"",""软硬件""],""reason"":""tech_major_and_role""},""original"":{""部门代码"":""132124"",""部门名称"":""国家金融监督管理总局贵州监管局"",""用人司局"":""国家金融监督管理总局黔西南监管分局辖内监管支局"",""机构性质"":""中央国家行政机关省级以下直属机构"",""招考职位"":""科技部门一级主任科员及以下"",""职位属性"":""金融监管计算机类职位"",""职位分布"":""西部地区和艰苦边远地区职位"",""职位简介"":""主要从事金融信息科技风险监管、电子设备软硬件管理及信息系统运行维护等工作。"",""职位代码"":""300147835001"",""机构层级"":""县（区）级及以下"",""考试类别"":""市（地）级及以下直属机构综合管理类"",""招考人数"":""5"",""专业"":""计算机类"",""学历"":""仅限本科"",""学位"":""学士"",""政治面貌"":""不限"",""基层工作最低年限"":""无限制"",""服务基层项目工作经历"":""无限制"",""是否在面试阶段组织专业能力测试"":""否"",""面试人员比例"":""3:1"",""工作地点"":""贵州省黔西南布依族苗族自治州"",""落户地点"":""贵州省黔西南布依族苗族自治州"",""备注"":""1.报名时请在专业栏中同时填写专业名称和专业代码；2.限应届高校毕业生报考，请在备注栏中注明本人具有应届高校毕业生身份；3.本职位具体招录人数为安龙支局1人、贞丰支局1人、普安支局1人、晴隆支局1人、册亨支局1人，录用后按照综合成绩从高到低顺序，由考生选择工作单位；4.专业考试信息请参见2026年度国家金融监督管理总局招考职位专业科目笔试考试大纲。"",""部门网站"":""www.nfra.gov.cn"",""咨询电话1"":""0851-87993021"",""咨询电话2"":""0851-87117393"",""咨询电话3"":"""",""来源Sheet"":""中央国家行政机关省级以下直属机构""}}"
"government_jobs","国家公务员2026招考简章","公务员/事业单位技术岗位","云南省昆明市","2026-07-28T09:12:58.310295+00:00","综合部门一级主任科员及以下","国家金融监督管理总局云南监管局","","云南省昆明市","公务员/事业单位;2026;computer_software;cybersecurity_cryptography;electronics_communication;硕士研究生及以上;与最高学历相对应的学位;计算机科学与技术、计算机系统结构、计算机软件与理论、计算机应用技术、信息与通信工程、通信与信息系统、信号与信息处理、软件工程、通信工程、计算机技术、软件工程、大数据技术与工程、网络与信息安全;中央机关及其省级直属机构综合管理类","用人司局：国家金融监督管理总局云南监管局
职位简介：主要从事金融信息科技风险监管、电子设备软硬件管理及信息系统运行维护等工作
专业要求：计算机科学与技术、计算机系统结构、计算机软件与理论、计算机应用技术、信息与通信工程、通信与信息系统、信号与信息处理、软件工程、通信工程、计算机技术、软件工程、大数据技术与工程、网络与信息安全
学历要求：硕士研究生及以上
学位要求：与最高学历相对应的学位
政治面貌：不限
基层工作经历：二年
考试类别：中央机关及其省级直属机构综合管理类
备注：1.报名时请在专业栏中同时填写专业名称和专业代码；2.要求研究生学历大学英语六级成绩在425分及以上（雅思成绩在6.5分及以上、托福成绩在90分及以上、取得英语专业四级或专业八级合格证书亦可），请在外语水平栏注明已获得的英语等级证书及成绩；3.要求有2年以上基层工作经历，请在简历栏中注明相关经历；4.最低服务年限五年（含试用期）。","http://bm.scs.gov.cn/kl2026#132125-300147838001","2025-10-14","{""dataset_year"":2026,""job_uid"":""GOV-2026-132125-300147838001"",""publisher"":""国家公务员局"",""publication_page"":""http://bm.scs.gov.cn/kl2026"",""attachment_url"":""local://2026_guokao_zhaokaojianzhang.zip"",""local_source_file"":""中央机关及其直属机构2026年度考试录用公务员招考简章.xls"",""local_source_sha256"":""2670bae1df1dd07a3a3c79b9db46a11e3bb15a6c9c249e6af98bfd0b61ce3aaf"",""source_sheet"":""中央国家行政机关省级以下直属机构"",""filter_version"":""government_tech_v2"",""tech_filter"":{""is_tech"":true,""is_core_tech"":true,""scope"":""core"",""categories"":[""computer_software"",""cybersecurity_cryptography"",""electronics_communication""],""matched_fields"":[""major"",""description""],""major_terms"":[""信息与通信工程"",""信息安全"",""大数据"",""计算机"",""计算机技术"",""计算机科学与技术"",""软件工程"",""通信工程""],""role_terms"":[""信息科技"",""信息系统"",""软硬件""],""reason"":""tech_major_and_role""},""original"":{""部门代码"":""132125"",""部门名称"":""国家金融监督管理总局云南监管局"",""用人司局"":""国家金融监督管理总局云南监管局"",""机构性质"":""中央国家行政机关省级以下直属机构"",""招考职位"":""综合部门一级主任科员及以下"",""职位属性"":""金融监管计算机类职位"",""职位分布"":""其他职位"",""职位简介"":""主要从事金融信息科技风险监管、电子设备软硬件管理及信息系统运行维护等工作"",""职位代码"":""300147838001"",""机构层级"":""省（副省）级"",""考试类别"":""中央机关及其省级直属机构综合管理类"",""招考人数"":""2"",""专业"":""计算机科学与技术、计算机系统结构、计算机软件与理论、计算机应用技术、信息与通信工程、通信与信息系统、信号与信息处理、软件工程、通信工程、计算机技术、软件工程、大数据技术与工程、网络与信息安全"",""学历"":""硕士研究生及以上"",""学位"":""与最高学历相对应的学位"",""政治面貌"":""不限"",""基层工作最低年限"":""二年"",""服务基层项目工作经历"":""无限制"",""是否在面试阶段组织专业能力测试"":""否"",""面试人员比例"":""4:1"",""工作地点"":""云南省昆明市"",""落户地点"":""云南省昆明市"",""备注"":""1.报名时请在专业栏中同时填写专业名称和专业代码；2.要求研究生学历大学英语六级成绩在425分及以上（雅思成绩在6.5分及以上、托福成绩在90分及以上、取得英语专业四级或专业八级合格证书亦可），请在外语水平栏注明已获得的英语等级证书及成绩；3.要求有2年以上基层工作经历，请在简历栏中注明相关经历；4.最低服务年限五年（含试用期）。"",""部门网站"":""http://www.nfra.gov.cn/"",""咨询电话1"":""0871-64622327"",""咨询电话2"":""0871-64622067"",""咨询电话3"":""0871-64622382"",""来源Sheet"":""中央国家行政机关省级以下直属机构""}}"
"government_jobs","国家公务员2026招考简章","公务员/事业单位技术岗位","云南省昭通市","2026-07-28T09:12:58.310295+00:00","科技部门一级主任科员及以下","国家金融监督管理总局云南监管局","","云南省昭通市","公务员/事业单位;2026;computer_software;cybersecurity_cryptography;electronics_communication;仅限本科;学士;计算机类（计算机科学与技术、软件工程、网络工程、信息安全、数据科学与大数据技术）、管理科学与工程类（管理科学、信息管理与信息系统、大数据管理与应用、计算金融）、电子信息类（通信工程）;市（地）级及以下直属机构综合管理类","用人司局：国家金融监督管理总局昭通监管分局
职位简介：主要从事金融信息科技风险监管、电子设备软硬件管理及信息系统运行维护等工作
专业要求：计算机类（计算机科学与技术、软件工程、网络工程、信息安全、数据科学与大数据技术）、管理科学与工程类（管理科学、信息管理与信息系统、大数据管理与应用、计算金融）、电子信息类（通信工程）
学历要求：仅限本科
学位要求：学士
政治面貌：不限
基层工作经历：无限制
考试类别：市（地）级及以下直属机构综合管理类
备注：1.报名时请在专业栏中同时填写专业名称和专业代码；2.限应届高校毕业生报考，请在备注栏中注明本人具有应届高校毕业生身份；3.限云南省户口；4.要求本科学历大学英语四级成绩在425分及以上（雅思成绩在6分及以上、托福成绩在80分及以上、取得英语专业四级或专业八级合格证书亦可），请在外语水平栏注明已获得的英语等级证书及成绩；5.最低服务年限五年（含试用期）。","http://bm.scs.gov.cn/kl2026#132125-300147839001","2025-10-14","{""dataset_year"":2026,""job_uid"":""GOV-2026-132125-300147839001"",""publisher"":""国家公务员局"",""publication_page"":""http://bm.scs.gov.cn/kl2026"",""attachment_url"":""local://2026_guokao_zhaokaojianzhang.zip"",""local_source_file"":""中央机关及其直属机构2026年度考试录用公务员招考简章.xls"",""local_source_sha256"":""2670bae1df1dd07a3a3c79b9db46a11e3bb15a6c9c249e6af98bfd0b61ce3aaf"",""source_sheet"":""中央国家行政机关省级以下直属机构"",""filter_version"":""government_tech_v2"",""tech_filter"":{""is_tech"":true,""is_core_tech"":true,""scope"":""core"",""categories"":[""computer_software"",""cybersecurity_cryptography"",""electronics_communication""],""matched_fields"":[""major"",""description""],""major_terms"":[""信息安全"",""大数据"",""数据科学与大数据技术"",""电子信息类"",""网络工程"",""计算机科学与技术"",""计算机类"",""软件工程"",""通信工程""],""role_terms"":[""信息科技"",""信息系统"",""软硬件""],""reason"":""tech_major_and_role""},""original"":{""部门代码"":""132125"",""部门名称"":""国家金融监督管理总局云南监管局"",""用人司局"":""国家金融监督管理总局昭通监管分局"",""机构性质"":""中央国家行政机关省级以下直属机构"",""招考职位"":""科技部门一级主任科员及以下"",""职位属性"":""金融监管计算机类职位"",""职位分布"":""西部地区和艰苦边远地区职位"",""职位简介"":""主要从事金融信息科技风险监管、电子设备软硬件管理及信息系统运行维护等工作"",""职位代码"":""300147839001"",""机构层级"":""市（地）级"",""考试类别"":""市（地）级及以下直属机构综合管理类"",""招考人数"":""1"",""专业"":""计算机类（计算机科学与技术、软件工程、网络工程、信息安全、数据科学与大数据技术）、管理科学与工程类（管理科学、信息管理与信息系统、大数据管理与应用、计算金融）、电子信息类（通信工程）"",""学历"":""仅限本科"",""学位"":""学士"",""政治面貌"":""不限"",""基层工作最低年限"":""无限制"",""服务基层项目工作经历"":""无限制"",""是否在面试阶段组织专业能力测试"":""否"",""面试人员比例"":""3:1"",""工作地点"":""云南省昭通市"",""落户地点"":""云南省昭通市"",""备注"":""1.报名时请在专业栏中同时填写专业名称和专业代码；2.限应届高校毕业生报考，请在备注栏中注明本人具有应届高校毕业生身份；3.限云南省户口；4.要求本科学历大学英语四级成绩在425分及以上（雅思成绩在6分及以上、托福成绩在80分及以上、取得英语专业四级或专业八级合格证书亦可），请在外语水平栏注明已获得的英语等级证书及成绩；5.最低服务年限五年（含试用期）。"",""部门网站"":""http://www.nfra.gov.cn/"",""咨询电话1"":""0871-64622327"",""咨询电话2"":""0871-64622067"",""咨询电话3"":""0871-64622382"",""来源Sheet"":""中央国家行政机关省级以下直属机构""}}"
"government_jobs","国家公务员2026招考简章","公务员/事业单位技术岗位","云南省怒江傈僳族自治州","2026-07-28T09:12:58.310295+00:00","科技部门一级主任科员及以下","国家金融监督管理总局云南监管局","","云南省怒江傈僳族自治州","公务员/事业单位;2026;computer_software;cybersecurity_cryptography;electronics_communication;本科及以上;与最高学历相对应的学位;计算机类（计算机科学与技术、软件工程、网络工程、信息安全、数据科学与大数据技术）、管理科学与工程类（管理科学、信息管理与信息系统、大数据管理与应用、计算金融）、电子信息类（通信工程）;市（地）级及以下直属机构综合管理类","用人司局：国家金融监督管理总局怒江监管分局
职位简介：主要从事金融信息科技风险监管、电子设备软硬件管理及信息系统运行维护等工作
专业要求：计算机类（计算机科学与技术、软件工程、网络工程、信息安全、数据科学与大数据技术）、管理科学与工程类（管理科学、信息管理与信息系统、大数据管理与应用、计算金融）、电子信息类（通信工程）
学历要求：本科及以上
学位要求：与最高学历相对应的学位
政治面貌：不限
基层工作经历：无限制
考试类别：市（地）级及以下直属机构综合管理类
备注：1.该职位仅限男性报考；2.报名时请在专业栏中同时填写专业名称和专业代码；3.限应届高校毕业生报考，请在备注栏中注明本人具有应届高校毕业生身份；4.要求本科学历大学英语四级成绩在425分及以上（雅思成绩在6分及以上、托福成绩在80分及以上、取得英语专业四级或专业八级合格证书亦可）、要求研究生学历大学英语六级成绩在425分及以上（雅思成绩在6.5分及以上、托福成绩在90分及以上、取得英语专业四级或专业八级合格证书亦可），请在外语水平栏注明已获得的英语等级证书及成绩；5.最低服务年限五年（含试用期）。","http://bm.scs.gov.cn/kl2026#132125-300147843001","2025-10-14","{""dataset_year"":2026,""job_uid"":""GOV-2026-132125-300147843001"",""publisher"":""国家公务员局"",""publication_page"":""http://bm.scs.gov.cn/kl2026"",""attachment_url"":""local://2026_guokao_zhaokaojianzhang.zip"",""local_source_file"":""中央机关及其直属机构2026年度考试录用公务员招考简章.xls"",""local_source_sha256"":""2670bae1df1dd07a3a3c79b9db46a11e3bb15a6c9c249e6af98bfd0b61ce3aaf"",""source_sheet"":""中央国家行政机关省级以下直属机构"",""filter_version"":""government_tech_v2"",""tech_filter"":{""is_tech"":true,""is_core_tech"":true,""scope"":""core"",""categories"":[""computer_software"",""cybersecurity_cryptography"",""electronics_communication""],""matched_fields"":[""major"",""description""],""major_terms"":[""信息安全"",""大数据"",""数据科学与大数据技术"",""电子信息类"",""网络工程"",""计算机科学与技术"",""计算机类"",""软件工程"",""通信工程""],""role_terms"":[""信息科技"",""信息系统"",""软硬件""],""reason"":""tech_major_and_role""},""original"":{""部门代码"":""132125"",""部门名称"":""国家金融监督管理总局云南监管局"",""用人司局"":""国家金融监督管理总局怒江监管分局"",""机构性质"":""中央国家行政机关省级以下直属机构"",""招考职位"":""科技部门一级主任科员及以下"",""职位属性"":""金融监管计算机类职位"",""职位分布"":""西部地区和艰苦边远地区职位"",""职位简介"":""主要从事金融信息科技风险监管、电子设备软硬件管理及信息系统运行维护等工作"",""职位代码"":""300147843001"",""机构层级"":""市（地）级"",""考试类别"":""市（地）级及以下直属机构综合管理类"",""招考人数"":""1"",""专业"":""计算机类（计算机科学与技术、软件工程、网络工程、信息安全、数据科学与大数据技术）、管理科学与工程类（管理科学、信息管理与信息系统、大数据管理与应用、计算金融）、电子信息类（通信工程）"",""学历"":""本科及以上"",""学位"":""与最高学历相对应的学位"",""政治面貌"":""不限"",""基层工作最低年限"":""无限制"",""服务基层项目工作经历"":""无限制"",""是否在面试阶段组织专业能力测试"":""否"",""面试人员比例"":""3:1"",""工作地点"":""云南省怒江傈僳族自治州"",""落户地点"":""云南省怒江傈僳族自治州"",""备注"":""1.该职位仅限男性报考；2.报名时请在专业栏中同时填写专业名称和专业代码；3.限应届高校毕业生报考，请在备注栏中注明本人具有应届高校毕业生身份；4.要求本科学历大学英语四级成绩在425分及以上（雅思成绩在6分及以上、托福成绩在80分及以上、取得英语专业四级或专业八级合格证书亦可）、要求研究生学历大学英语六级成绩在425分及以上（雅思成绩在6.5分及以上、托福成绩在90分及以上、取得英语专业四级或专业八级合格证书亦可），请在外语水平栏注明已获得的英语等级证书及成绩；5.最低服务年限五年（含试用期）。"",""部门网站"":""http://www.nfra.gov.cn/"",""咨询电话1"":""0871-64622327"",""咨询电话2"":""0871-64622067"",""咨询电话3"":""0871-64622382"",""来源Sheet"":""中央国家行政机关省级以下直属机构""}}"
"government_jobs","国家公务员2026招考简章","公务员/事业单位技术岗位","云南省怒江傈僳族自治州","2026-07-28T09:12:58.310295+00:00","科技部门一级主任科员及以下","国家金融监督管理总局云南监管局","","云南省怒江傈僳族自治州","公务员/事业单位;2026;computer_software;cybersecurity_cryptography;electronics_communication;本科及以上;与最高学历相对应的学位;计算机类（计算机科学与技术、软件工程、网络工程、信息安全、数据科学与大数据技术）、管理科学与工程类（管理科学、信息管理与信息系统、大数据管理与应用、计算金融）、电子信息类（通信工程）;市（地）级及以下直属机构综合管理类","用人司局：国家金融监督管理总局怒江监管分局
职位简介：主要从事金融信息科技风险监管、电子设备软硬件管理及信息系统运行维护等工作
专业要求：计算机类（计算机科学与技术、软件工程、网络工程、信息安全、数据科学与大数据技术）、管理科学与工程类（管理科学、信息管理与信息系统、大数据管理与应用、计算金融）、电子信息类（通信工程）
学历要求：本科及以上
学位要求：与最高学历相对应的学位
政治面貌：不限
基层工作经历：无限制
考试类别：市（地）级及以下直属机构综合管理类
备注：1.该职位仅限女性报考；2.报名时请在专业栏中同时填写专业名称和专业代码；3.限应届高校毕业生报考，请在备注栏中注明本人具有应届高校毕业生身份；4.要求本科学历大学英语四级成绩在425分及以上（雅思成绩在6分及以上、托福成绩在80分及以上、取得英语专业四级或专业八级合格证书亦可）、要求研究生学历大学英语六级成绩在425分及以上（雅思成绩在6.5分及以上、托福成绩在90分及以上、取得英语专业四级或专业八级合格证书亦可），请在外语水平栏注明已获得的英语等级证书及成绩；5.最低服务年限五年（含试用期）。","http://bm.scs.gov.cn/kl2026#132125-300147843002","2025-10-14","{""dataset_year"":2026,""job_uid"":""GOV-2026-132125-300147843002"",""publisher"":""国家公务员局"",""publication_page"":""http://bm.scs.gov.cn/kl2026"",""attachment_url"":""local://2026_guokao_zhaokaojianzhang.zip"",""local_source_file"":""中央机关及其直属机构2026年度考试录用公务员招考简章.xls"",""local_source_sha256"":""2670bae1df1dd07a3a3c79b9db46a11e3bb15a6c9c249e6af98bfd0b61ce3aaf"",""source_sheet"":""中央国家行政机关省级以下直属机构"",""filter_version"":""government_tech_v2"",""tech_filter"":{""is_tech"":true,""is_core_tech"":true,""scope"":""core"",""categories"":[""computer_software"",""cybersecurity_cryptography"",""electronics_communication""],""matched_fields"":[""major"",""description""],""major_terms"":[""信息安全"",""大数据"",""数据科学与大数据技术"",""电子信息类"",""网络工程"",""计算机科学与技术"",""计算机类"",""软件工程"",""通信工程""],""role_terms"":[""信息科技"",""信息系统"",""软硬件""],""reason"":""tech_major_and_role""},""original"":{""部门代码"":""132125"",""部门名称"":""国家金融监督管理总局云南监管局"",""用人司局"":""国家金融监督管理总局怒江监管分局"",""机构性质"":""中央国家行政机关省级以下直属机构"",""招考职位"":""科技部门一级主任科员及以下"",""职位属性"":""金融监管计算机类职位"",""职位分布"":""西部地区和艰苦边远地区职位"",""职位简介"":""主要从事金融信息科技风险监管、电子设备软硬件管理及信息系统运行维护等工作"",""职位代码"":""300147843002"",""机构层级"":""市（地）级"",""考试类别"":""市（地）级及以下直属机构综合管理类"",""招考人数"":""1"",""专业"":""计算机类（计算机科学与技术、软件工程、网络工程、信息安全、数据科学与大数据技术）、管理科学与工程类（管理科学、信息管理与信息系统、大数据管理与应用、计算金融）、电子信息类（通信工程）"",""学历"":""本科及以上"",""学位"":""与最高学历相对应的学位"",""政治面貌"":""不限"",""基层工作最低年限"":""无限制"",""服务基层项目工作经历"":""无限制"",""是否在面试阶段组织专业能力测试"":""否"",""面试人员比例"":""3:1"",""工作地点"":""云南省怒江傈僳族自治州"",""落户地点"":""云南省怒江傈僳族自治州"",""备注"":""1.该职位仅限女性报考；2.报名时请在专业栏中同时填写专业名称和专业代码；3.限应届高校毕业生报考，请在备注栏中注明本人具有应届高校毕业生身份；4.要求本科学历大学英语四级成绩在425分及以上（雅思成绩在6分及以上、托福成绩在80分及以上、取得英语专业四级或专业八级合格证书亦可）、要求研究生学历大学英语六级成绩在425分及以上（雅思成绩在6.5分及以上、托福成绩在90分及以上、取得英语专业四级或专业八级合格证书亦可），请在外语水平栏注明已获得的英语等级证书及成绩；5.最低服务年限五年（含试用期）。"",""部门网站"":""http://www.nfra.gov.cn/"",""咨询电话1"":""0871-64622327"",""咨询电话2"":""0871-64622067"",""咨询电话3"":""0871-64622382"",""来源Sheet"":""中央国家行政机关省级以下直属机构""}}"
"government_jobs","国家公务员2026招考简章","公务员/事业单位技术岗位","云南省楚雄彝族自治州","2026-07-28T09:12:58.310295+00:00","科技部门一级主任科员及以下","国家金融监督管理总局云南监管局","","云南省楚雄彝族自治州","公务员/事业单位;2026;computer_software;cybersecurity_cryptography;electronics_communication;仅限本科;学士;计算机类（计算机科学与技术、软件工程、网络工程、信息安全、数据科学与大数据技术）、管理科学与工程类（管理科学、信息管理与信息系统、大数据管理与应用、计算金融）、电子信息类（通信工程）;市（地）级及以下直属机构综合管理类","用人司局：国家金融监督管理总局楚雄监管分局
职位简介：主要从事金融信息科技风险监管、电子设备软硬件管理及信息系统运行维护等工作
专业要求：计算机类（计算机科学与技术、软件工程、网络工程、信息安全、数据科学与大数据技术）、管理科学与工程类（管理科学、信息管理与信息系统、大数据管理与应用、计算金融）、电子信息类（通信工程）
学历要求：仅限本科
学位要求：学士
政治面貌：不限
基层工作经历：无限制
考试类别：市（地）级及以下直属机构综合管理类
备注：1.该职位仅限男性报考；2.报名时请在专业栏中同时填写专业名称和专业代码；3.限应届高校毕业生报考，请在备注栏中注明本人具有应届高校毕业生身份；4.要求本科学历大学英语四级成绩在425分及以上（雅思成绩在6分及以上、托福成绩在80分及以上、取得英语专业四级或专业八级合格证书亦可），请在外语水平栏注明已获得的英语等级证书及成绩；5.最低服务年限五年（含试用期）。","http://bm.scs.gov.cn/kl2026#132125-300147844001","2025-10-14","{""dataset_year"":2026,""job_uid"":""GOV-2026-132125-300147844001"",""publisher"":""国家公务员局"",""publication_page"":""http://bm.scs.gov.cn/kl2026"",""attachment_url"":""local://2026_guokao_zhaokaojianzhang.zip"",""local_source_file"":""中央机关及其直属机构2026年度考试录用公务员招考简章.xls"",""local_source_sha256"":""2670bae1df1dd07a3a3c79b9db46a11e3bb15a6c9c249e6af98bfd0b61ce3aaf"",""source_sheet"":""中央国家行政机关省级以下直属机构"",""filter_version"":""government_tech_v2"",""tech_filter"":{""is_tech"":true,""is_core_tech"":true,""scope"":""core"",""categories"":[""computer_software"",""cybersecurity_cryptography"",""electronics_communication""],""matched_fields"":[""major"",""description""],""major_terms"":[""信息安全"",""大数据"",""数据科学与大数据技术"",""电子信息类"",""网络工程"",""计算机科学与技术"",""计算机类"",""软件工程"",""通信工程""],""role_terms"":[""信息科技"",""信息系统"",""软硬件""],""reason"":""tech_major_and_role""},""original"":{""部门代码"":""132125"",""部门名称"":""国家金融监督管理总局云南监管局"",""用人司局"":""国家金融监督管理总局楚雄监管分局"",""机构性质"":""中央国家行政机关省级以下直属机构"",""招考职位"":""科技部门一级主任科员及以下"",""职位属性"":""金融监管计算机类职位"",""职位分布"":""西部地区和艰苦边远地区职位"",""职位简介"":""主要从事金融信息科技风险监管、电子设备软硬件管理及信息系统运行维护等工作"",""职位代码"":""300147844001"",""机构层级"":""市（地）级"",""考试类别"":""市（地）级及以下直属机构综合管理类"",""招考人数"":""1"",""专业"":""计算机类（计算机科学与技术、软件工程、网络工程、信息安全、数据科学与大数据技术）、管理科学与工程类（管理科学、信息管理与信息系统、大数据管理与应用、计算金融）、电子信息类（通信工程）"",""学历"":""仅限本科"",""学位"":""学士"",""政治面貌"":""不限"",""基层工作最低年限"":""无限制"",""服务基层项目工作经历"":""无限制"",""是否在面试阶段组织专业能力测试"":""否"",""面试人员比例"":""3:1"",""工作地点"":""云南省楚雄彝族自治州"",""落户地点"":""云南省楚雄彝族自治州"",""备注"":""1.该职位仅限男性报考；2.报名时请在专业栏中同时填写专业名称和专业代码；3.限应届高校毕业生报考，请在备注栏中注明本人具有应届高校毕业生身份；4.要求本科学历大学英语四级成绩在425分及以上（雅思成绩在6分及以上、托福成绩在80分及以上、取得英语专业四级或专业八级合格证书亦可），请在外语水平栏注明已获得的英语等级证书及成绩；5.最低服务年限五年（含试用期）。"",""部门网站"":""http://www.nfra.gov.cn/"",""咨询电话1"":""0871-64622327"",""咨询电话2"":""0871-64622067"",""咨询电话3"":""0871-64622382"",""来源Sheet"":""中央国家行政机关省级以下直属机构""}}"
"government_jobs","国家公务员2026招考简章","公务员/事业单位技术岗位","云南省楚雄彝族自治州","2026-07-28T09:12:58.310295+00:00","科技部门一级主任科员及以下","国家金融监督管理总局云南监管局","","云南省楚雄彝族自治州","公务员/事业单位;2026;computer_software;cybersecurity_cryptography;electronics_communication;仅限本科;学士;计算机类（计算机科学与技术、软件工程、网络工程、信息安全、数据科学与大数据技术）、管理科学与工程类（管理科学、信息管理与信息系统、大数据管理与应用、计算金融）、电子信息类（通信工程）;市（地）级及以下直属机构综合管理类","用人司局：国家金融监督管理总局楚雄监管分局
职位简介：主要从事金融信息科技风险监管、电子设备软硬件管理及信息系统运行维护等工作
专业要求：计算机类（计算机科学与技术、软件工程、网络工程、信息安全、数据科学与大数据技术）、管理科学与工程类（管理科学、信息管理与信息系统、大数据管理与应用、计算金融）、电子信息类（通信工程）
学历要求：仅限本科
学位要求：学士
政治面貌：不限
基层工作经历：无限制
考试类别：市（地）级及以下直属机构综合管理类
备注：1.该职位仅限女性报考；2.报名时请在专业栏中同时填写专业名称和专业代码；3.限应届高校毕业生报考，请在备注栏中注明本人具有应届高校毕业生身份；4.要求本科学历大学英语四级成绩在425分及以上（雅思成绩在6分及以上、托福成绩在80分及以上、取得英语专业四级或专业八级合格证书亦可），请在外语水平栏注明已获得的英语等级证书及成绩；5.最低服务年限五年（含试用期）。","http://bm.scs.gov.cn/kl2026#132125-300147844002","2025-10-14","{""dataset_year"":2026,""job_uid"":""GOV-2026-132125-300147844002"",""publisher"":""国家公务员局"",""publication_page"":""http://bm.scs.gov.cn/kl2026"",""attachment_url"":""local://2026_guokao_zhaokaojianzhang.zip"",""local_source_file"":""中央机关及其直属机构2026年度考试录用公务员招考简章.xls"",""local_source_sha256"":""2670bae1df1dd07a3a3c79b9db46a11e3bb15a6c9c249e6af98bfd0b61ce3aaf"",""source_sheet"":""中央国家行政机关省级以下直属机构"",""filter_version"":""government_tech_v2"",""tech_filter"":{""is_tech"":true,""is_core_tech"":true,""scope"":""core"",""categories"":[""computer_software"",""cybersecurity_cryptography"",""electronics_communication""],""matched_fields"":[""major"",""description""],""major_terms"":[""信息安全"",""大数据"",""数据科学与大数据技术"",""电子信息类"",""网络工程"",""计算机科学与技术"",""计算机类"",""软件工程"",""通信工程""],""role_terms"":[""信息科技"",""信息系统"",""软硬件""],""reason"":""tech_major_and_role""},""original"":{""部门代码"":""132125"",""部门名称"":""国家金融监督管理总局云南监管局"",""用人司局"":""国家金融监督管理总局楚雄监管分局"",""机构性质"":""中央国家行政机关省级以下直属机构"",""招考职位"":""科技部门一级主任科员及以下"",""职位属性"":""金融监管计算机类职位"",""职位分布"":""西部地区和艰苦边远地区职位"",""职位简介"":""主要从事金融信息科技风险监管、电子设备软硬件管理及信息系统运行维护等工作"",""职位代码"":""300147844002"",""机构层级"":""市（地）级"",""考试类别"":""市（地）级及以下直属机构综合管理类"",""招考人数"":""1"",""专业"":""计算机类（计算机科学与技术、软件工程、网络工程、信息安全、数据科学与大数据技术）、管理科学与工程类（管理科学、信息管理与信息系统、大数据管理与应用、计算金融）、电子信息类（通信工程）"",""学历"":""仅限本科"",""学位"":""学士"",""政治面貌"":""不限"",""基层工作最低年限"":""无限制"",""服务基层项目工作经历"":""无限制"",""是否在面试阶段组织专业能力测试"":""否"",""面试人员比例"":""3:1"",""工作地点"":""云南省楚雄彝族自治州"",""落户地点"":""云南省楚雄彝族自治州"",""备注"":""1.该职位仅限女性报考；2.报名时请在专业栏中同时填写专业名称和专业代码；3.限应届高校毕业生报考，请在备注栏中注明本人具有应届高校毕业生身份；4.要求本科学历大学英语四级成绩在425分及以上（雅思成绩在6分及以上、托福成绩在80分及以上、取得英语专业四级或专业八级合格证书亦可），请在外语水平栏注明已获得的英语等级证书及成绩；5.最低服务年限五年（含试用期）。"",""部门网站"":""http://www.nfra.gov.cn/"",""咨询电话1"":""0871-64622327"",""咨询电话2"":""0871-64622067"",""咨询电话3"":""0871-64622382"",""来源Sheet"":""中央国家行政机关省级以下直属机构""}}"
"government_jobs","国家公务员2026招考简章","公务员/事业单位技术岗位","云南省西双版纳傣族自治州","2026-07-28T09:12:58.310295+00:00","科技部门一级主任科员及以下","国家金融监督管理总局云南监管局","","云南省西双版纳傣族自治州","公务员/事业单位;2026;computer_software;cybersecurity_cryptography;electronics_communication;仅限本科;学士;计算机类（计算机科学与技术、软件工程、网络工程、信息安全、数据科学与大数据技术）、管理科学与工程类（管理科学、信息管理与信息系统、大数据管理与应用、计算金融）、电子信息类（通信工程）;市（地）级及以下直属机构综合管理类","用人司局：国家金融监督管理总局西双版纳监管分局
职位简介：主要从事金融信息科技风险监管、电子设备软硬件管理及信息系统运行维护等工作
专业要求：计算机类（计算机科学与技术、软件工程、网络工程、信息安全、数据科学与大数据技术）、管理科学与工程类（管理科学、信息管理与信息系统、大数据管理与应用、计算金融）、电子信息类（通信工程）
学历要求：仅限本科
学位要求：学士
政治面貌：不限
基层工作经历：无限制
考试类别：市（地）级及以下直属机构综合管理类
备注：1.报名时请在专业栏中同时填写专业名称和专业代码；2.限应届高校毕业生报考，请在备注栏中注明本人具有应届高校毕业生身份；3.要求本科学历大学英语四级成绩在425分及以上（雅思成绩在6分及以上、托福成绩在80分及以上、取得英语专业四级或专业八级合格证书亦可），请在外语水平栏注明已获得的英语等级证书及成绩；4.最低服务年限五年（含试用期）。","http://bm.scs.gov.cn/kl2026#132125-300147846001","2025-10-14","{""dataset_year"":2026,""job_uid"":""GOV-2026-132125-300147846001"",""publisher"":""国家公务员局"",""publication_page"":""http://bm.scs.gov.cn/kl2026"",""attachment_url"":""local://2026_guokao_zhaokaojianzhang.zip"",""local_source_file"":""中央机关及其直属机构2026年度考试录用公务员招考简章.xls"",""local_source_sha256"":""2670bae1df1dd07a3a3c79b9db46a11e3bb15a6c9c249e6af98bfd0b61ce3aaf"",""source_sheet"":""中央国家行政机关省级以下直属机构"",""filter_version"":""government_tech_v2"",""tech_filter"":{""is_tech"":true,""is_core_tech"":true,""scope"":""core"",""categories"":[""computer_software"",""cybersecurity_cryptography"",""electronics_communication""],""matched_fields"":[""major"",""description""],""major_terms"":[""信息安全"",""大数据"",""数据科学与大数据技术"",""电子信息类"",""网络工程"",""计算机科学与技术"",""计算机类"",""软件工程"",""通信工程""],""role_terms"":[""信息科技"",""信息系统"",""软硬件""],""reason"":""tech_major_and_role""},""original"":{""部门代码"":""132125"",""部门名称"":""国家金融监督管理总局云南监管局"",""用人司局"":""国家金融监督管理总局西双版纳监管分局"",""机构性质"":""中央国家行政机关省级以下直属机构"",""招考职位"":""科技部门一级主任科员及以下"",""职位属性"":""金融监管计算机类职位"",""职位分布"":""西部地区和艰苦边远地区职位"",""职位简介"":""主要从事金融信息科技风险监管、电子设备软硬件管理及信息系统运行维护等工作"",""职位代码"":""300147846001"",""机构层级"":""市（地）级"",""考试类别"":""市（地）级及以下直属机构综合管理类"",""招考人数"":""2"",""专业"":""计算机类（计算机科学与技术、软件工程、网络工程、信息安全、数据科学与大数据技术）、管理科学与工程类（管理科学、信息管理与信息系统、大数据管理与应用、计算金融）、电子信息类（通信工程）"",""学历"":""仅限本科"",""学位"":""学士"",""政治面貌"":""不限"",""基层工作最低年限"":""无限制"",""服务基层项目工作经历"":""无限制"",""是否在面试阶段组织专业能力测试"":""否"",""面试人员比例"":""3:1"",""工作地点"":""云南省西双版纳傣族自治州"",""落户地点"":""云南省西双版纳傣族自治州"",""备注"":""1.报名时请在专业栏中同时填写专业名称和专业代码；2.限应届高校毕业生报考，请在备注栏中注明本人具有应届高校毕业生身份；3.要求本科学历大学英语四级成绩在425分及以上（雅思成绩在6分及以上、托福成绩在80分及以上、取得英语专业四级或专业八级合格证书亦可），请在外语水平栏注明已获得的英语等级证书及成绩；4.最低服务年限五年（含试用期）。"",""部门网站"":""http://www.nfra.gov.cn/"",""咨询电话1"":""0871-64622327"",""咨询电话2"":""0871-64622067"",""咨询电话3"":""0871-64622382"",""来源Sheet"":""中央国家行政机关省级以下直属机构""}}"
"government_jobs","国家公务员2026招考简章","公务员/事业单位技术岗位","云南省德宏傣族景颇族自治州","2026-07-28T09:12:58.310295+00:00","科技部门一级主任科员及以下","国家金融监督管理总局云南监管局","","云南省德宏傣族景颇族自治州","公务员/事业单位;2026;computer_software;cybersecurity_cryptography;electronics_communication;仅限本科;学士;计算机类（计算机科学与技术、软件工程、网络工程、信息安全、数据科学与大数据技术）、管理科学与工程类（管理科学、信息管理与信息系统、大数据管理与应用、计算金融）、电子信息类（通信工程）;市（地）级及以下直属机构综合管理类","用人司局：国家金融监督管理总局德宏监管分局
职位简介：主要从事金融信息科技风险监管、电子设备软硬件管理及信息系统运行维护等工作
专业要求：计算机类（计算机科学与技术、软件工程、网络工程、信息安全、数据科学与大数据技术）、管理科学与工程类（管理科学、信息管理与信息系统、大数据管理与应用、计算金融）、电子信息类（通信工程）
学历要求：仅限本科
学位要求：学士
政治面貌：不限
基层工作经历：无限制
考试类别：市（地）级及以下直属机构综合管理类
备注：1.报名时请在专业栏中同时填写专业名称和专业代码；2.限应届高校毕业生报考，请在备注栏中注明本人具有应届高校毕业生身份；3.要求本科学历大学英语四级成绩在425分及以上（雅思成绩在6分及以上、托福成绩在80分及以上、取得英语专业四级或专业八级合格证书亦可），请在外语水平栏注明已获得的英语等级证书及成绩；4.最低服务年限五年（含试用期）。","http://bm.scs.gov.cn/kl2026#132125-300147848001","2025-10-14","{""dataset_year"":2026,""job_uid"":""GOV-2026-132125-300147848001"",""publisher"":""国家公务员局"",""publication_page"":""http://bm.scs.gov.cn/kl2026"",""attachment_url"":""local://2026_guokao_zhaokaojianzhang.zip"",""local_source_file"":""中央机关及其直属机构2026年度考试录用公务员招考简章.xls"",""local_source_sha256"":""2670bae1df1dd07a3a3c79b9db46a11e3bb15a6c9c249e6af98bfd0b61ce3aaf"",""source_sheet"":""中央国家行政机关省级以下直属机构"",""filter_version"":""government_tech_v2"",""tech_filter"":{""is_tech"":true,""is_core_tech"":true,""scope"":""core"",""categories"":[""computer_software"",""cybersecurity_cryptography"",""electronics_communication""],""matched_fields"":[""major"",""description""],""major_terms"":[""信息安全"",""大数据"",""数据科学与大数据技术"",""电子信息类"",""网络工程"",""计算机科学与技术"",""计算机类"",""软件工程"",""通信工程""],""role_terms"":[""信息科技"",""信息系统"",""软硬件""],""reason"":""tech_major_and_role""},""original"":{""部门代码"":""132125"",""部门名称"":""国家金融监督管理总局云南监管局"",""用人司局"":""国家金融监督管理总局德宏监管分局"",""机构性质"":""中央国家行政机关省级以下直属机构"",""招考职位"":""科技部门一级主任科员及以下"",""职位属性"":""金融监管计算机类职位"",""职位分布"":""西部地区和艰苦边远地区职位"",""职位简介"":""主要从事金融信息科技风险监管、电子设备软硬件管理及信息系统运行维护等工作"",""职位代码"":""300147848001"",""机构层级"":""市（地）级"",""考试类别"":""市（地）级及以下直属机构综合管理类"",""招考人数"":""1"",""专业"":""计算机类（计算机科学与技术、软件工程、网络工程、信息安全、数据科学与大数据技术）、管理科学与工程类（管理科学、信息管理与信息系统、大数据管理与应用、计算金融）、电子信息类（通信工程）"",""学历"":""仅限本科"",""学位"":""学士"",""政治面貌"":""不限"",""基层工作最低年限"":""无限制"",""服务基层项目工作经历"":""无限制"",""是否在面试阶段组织专业能力测试"":""否"",""面试人员比例"":""3:1"",""工作地点"":""云南省德宏傣族景颇族自治州"",""落户地点"":""云南省德宏傣族景颇族自治州"",""备注"":""1.报名时请在专业栏中同时填写专业名称和专业代码；2.限应届高校毕业生报考，请在备注栏中注明本人具有应届高校毕业生身份；3.要求本科学历大学英语四级成绩在425分及以上（雅思成绩在6分及以上、托福成绩在80分及以上、取得英语专业四级或专业八级合格证书亦可），请在外语水平栏注明已获得的英语等级证书及成绩；4.最低服务年限五年（含试用期）。"",""部门网站"":""http://www.nfra.gov.cn/"",""咨询电话1"":""0871-64622327"",""咨询电话2"":""0871-64622067"",""咨询电话3"":""0871-64622382"",""来源Sheet"":""中央国家行政机关省级以下直属机构""}}"
"government_jobs","国家公务员2026招考简章","公务员/事业单位技术岗位","云南省临沧市","2026-07-28T09:12:58.310295+00:00","科技部门一级主任科员及以下","国家金融监督管理总局云南监管局","","云南省临沧市","公务员/事业单位;2026;computer_software;cybersecurity_cryptography;electronics_communication;仅限本科;学士;计算机类（计算机科学与技术、软件工程、网络工程、信息安全、数据科学与大数据技术）、管理科学与工程类（管理科学、信息管理与信息系统、大数据管理与应用、计算金融）、电子信息类（通信工程）;市（地）级及以下直属机构综合管理类","用人司局：国家金融监督管理总局临沧监管分局
职位简介：主要从事金融信息科技风险监管、电子设备软硬件管理及信息系统运行维护等工作
专业要求：计算机类（计算机科学与技术、软件工程、网络工程、信息安全、数据科学与大数据技术）、管理科学与工程类（管理科学、信息管理与信息系统、大数据管理与应用、计算金融）、电子信息类（通信工程）
学历要求：仅限本科
学位要求：学士
政治面貌：不限
基层工作经历：无限制
考试类别：市（地）级及以下直属机构综合管理类
备注：1.该职位仅限男性报考；2.报名时请在专业栏中同时填写专业名称和专业代码；3.限应届高校毕业生报考，请在备注栏中注明本人具有应届高校毕业生身份；4.要求本科学历大学英语四级成绩在425分及以上（雅思成绩在6分及以上、托福成绩在80分及以上、取得英语专业四级或专业八级合格证书亦可），请在外语水平栏注明已获得的英语等级证书及成绩；5.最低服务年限五年（含试用期）。","http://bm.scs.gov.cn/kl2026#132125-300147849001","2025-10-14","{""dataset_year"":2026,""job_uid"":""GOV-2026-132125-300147849001"",""publisher"":""国家公务员局"",""publication_page"":""http://bm.scs.gov.cn/kl2026"",""attachment_url"":""local://2026_guokao_zhaokaojianzhang.zip"",""local_source_file"":""中央机关及其直属机构2026年度考试录用公务员招考简章.xls"",""local_source_sha256"":""2670bae1df1dd07a3a3c79b9db46a11e3bb15a6c9c249e6af98bfd0b61ce3aaf"",""source_sheet"":""中央国家行政机关省级以下直属机构"",""filter_version"":""government_tech_v2"",""tech_filter"":{""is_tech"":true,""is_core_tech"":true,""scope"":""core"",""categories"":[""computer_software"",""cybersecurity_cryptography"",""electronics_communication""],""matched_fields"":[""major"",""description""],""major_terms"":[""信息安全"",""大数据"",""数据科学与大数据技术"",""电子信息类"",""网络工程"",""计算机科学与技术"",""计算机类"",""软件工程"",""通信工程""],""role_terms"":[""信息科技"",""信息系统"",""软硬件""],""reason"":""tech_major_and_role""},""original"":{""部门代码"":""132125"",""部门名称"":""国家金融监督管理总局云南监管局"",""用人司局"":""国家金融监督管理总局临沧监管分局"",""机构性质"":""中央国家行政机关省级以下直属机构"",""招考职位"":""科技部门一级主任科员及以下"",""职位属性"":""金融监管计算机类职位"",""职位分布"":""西部地区和艰苦边远地区职位"",""职位简介"":""主要从事金融信息科技风险监管、电子设备软硬件管理及信息系统运行维护等工作"",""职位代码"":""300147849001"",""机构层级"":""市（地）级"",""考试类别"":""市（地）级及以下直属机构综合管理类"",""招考人数"":""2"",""专业"":""计算机类（计算机科学与技术、软件工程、网络工程、信息安全、数据科学与大数据技术）、管理科学与工程类（管理科学、信息管理与信息系统、大数据管理与应用、计算金融）、电子信息类（通信工程）"",""学历"":""仅限本科"",""学位"":""学士"",""政治面貌"":""不限"",""基层工作最低年限"":""无限制"",""服务基层项目工作经历"":""无限制"",""是否在面试阶段组织专业能力测试"":""否"",""面试人员比例"":""3:1"",""工作地点"":""云南省临沧市"",""落户地点"":""云南省临沧市"",""备注"":""1.该职位仅限男性报考；2.报名时请在专业栏中同时填写专业名称和专业代码；3.限应届高校毕业生报考，请在备注栏中注明本人具有应届高校毕业生身份；4.要求本科学历大学英语四级成绩在425分及以上（雅思成绩在6分及以上、托福成绩在80分及以上、取得英语专业四级或专业八级合格证书亦可），请在外语水平栏注明已获得的英语等级证书及成绩；5.最低服务年限五年（含试用期）。"",""部门网站"":""http://www.nfra.gov.cn/"",""咨询电话1"":""0871-64622327"",""咨询电话2"":""0871-64622067"",""咨询电话3"":""0871-64622382"",""来源Sheet"":""中央国家行政机关省级以下直属机构""}}"
"government_jobs","国家公务员2026招考简章","公务员/事业单位技术岗位","云南省临沧市","2026-07-28T09:12:58.310295+00:00","科技部门一级主任科员及以下","国家金融监督管理总局云南监管局","","云南省临沧市","公务员/事业单位;2026;computer_software;cybersecurity_cryptography;electronics_communication;仅限本科;学士;计算机类（计算机科学与技术、软件工程、网络工程、信息安全、数据科学与大数据技术）、管理科学与工程类（管理科学、信息管理与信息系统、大数据管理与应用、计算金融）、电子信息类（通信工程）;市（地）级及以下直属机构综合管理类","用人司局：国家金融监督管理总局临沧监管分局
职位简介：主要从事金融信息科技风险监管、电子设备软硬件管理及信息系统运行维护等工作
专业要求：计算机类（计算机科学与技术、软件工程、网络工程、信息安全、数据科学与大数据技术）、管理科学与工程类（管理科学、信息管理与信息系统、大数据管理与应用、计算金融）、电子信息类（通信工程）
学历要求：仅限本科
学位要求：学士
政治面貌：不限
基层工作经历：无限制
考试类别：市（地）级及以下直属机构综合管理类
备注：1.该职位仅限女性报考；2.报名时请在专业栏中同时填写专业名称和专业代码；3.限应届高校毕业生报考，请在备注栏中注明本人具有应届高校毕业生身份；4.要求本科学历大学英语四级成绩在425分及以上（雅思成绩在6分及以上、托福成绩在80分及以上、取得英语专业四级或专业八级合格证书亦可），请在外语水平栏注明已获得的英语等级证书及成绩；5.最低服务年限五年（含试用期）。","http://bm.scs.gov.cn/kl2026#132125-300147849002","2025-10-14","{""dataset_year"":2026,""job_uid"":""GOV-2026-132125-300147849002"",""publisher"":""国家公务员局"",""publication_page"":""http://bm.scs.gov.cn/kl2026"",""attachment_url"":""local://2026_guokao_zhaokaojianzhang.zip"",""local_source_file"":""中央机关及其直属机构2026年度考试录用公务员招考简章.xls"",""local_source_sha256"":""2670bae1df1dd07a3a3c79b9db46a11e3bb15a6c9c249e6af98bfd0b61ce3aaf"",""source_sheet"":""中央国家行政机关省级以下直属机构"",""filter_version"":""government_tech_v2"",""tech_filter"":{""is_tech"":true,""is_core_tech"":true,""scope"":""core"",""categories"":[""computer_software"",""cybersecurity_cryptography"",""electronics_communication""],""matched_fields"":[""major"",""description""],""major_terms"":[""信息安全"",""大数据"",""数据科学与大数据技术"",""电子信息类"",""网络工程"",""计算机科学与技术"",""计算机类"",""软件工程"",""通信工程""],""role_terms"":[""信息科技"",""信息系统"",""软硬件""],""reason"":""tech_major_and_role""},""original"":{""部门代码"":""132125"",""部门名称"":""国家金融监督管理总局云南监管局"",""用人司局"":""国家金融监督管理总局临沧监管分局"",""机构性质"":""中央国家行政机关省级以下直属机构"",""招考职位"":""科技部门一级主任科员及以下"",""职位属性"":""金融监管计算机类职位"",""职位分布"":""西部地区和艰苦边远地区职位"",""职位简介"":""主要从事金融信息科技风险监管、电子设备软硬件管理及信息系统运行维护等工作"",""职位代码"":""300147849002"",""机构层级"":""市（地）级"",""考试类别"":""市（地）级及以下直属机构综合管理类"",""招考人数"":""2"",""专业"":""计算机类（计算机科学与技术、软件工程、网络工程、信息安全、数据科学与大数据技术）、管理科学与工程类（管理科学、信息管理与信息系统、大数据管理与应用、计算金融）、电子信息类（通信工程）"",""学历"":""仅限本科"",""学位"":""学士"",""政治面貌"":""不限"",""基层工作最低年限"":""无限制"",""服务基层项目工作经历"":""无限制"",""是否在面试阶段组织专业能力测试"":""否"",""面试人员比例"":""3:1"",""工作地点"":""云南省临沧市"",""落户地点"":""云南省临沧市"",""备注"":""1.该职位仅限女性报考；2.报名时请在专业栏中同时填写专业名称和专业代码；3.限应届高校毕业生报考，请在备注栏中注明本人具有应届高校毕业生身份；4.要求本科学历大学英语四级成绩在425分及以上（雅思成绩在6分及以上、托福成绩在80分及以上、取得英语专业四级或专业八级合格证书亦可），请在外语水平栏注明已获得的英语等级证书及成绩；5.最低服务年限五年（含试用期）。"",""部门网站"":""http://www.nfra.gov.cn/"",""咨询电话1"":""0871-64622327"",""咨询电话2"":""0871-64622067"",""咨询电话3"":""0871-64622382"",""来源Sheet"":""中央国家行政机关省级以下直属机构""}}"
"government_jobs","国家公务员2026招考简章","公务员/事业单位技术岗位","云南省昆明市嵩明县","2026-07-28T09:12:58.310295+00:00","科技部门一级主任科员及以下","国家金融监督管理总局云南监管局","","云南省昆明市嵩明县","公务员/事业单位;2026;computer_software;cybersecurity_cryptography;electronics_communication;仅限本科;学士;计算机类（计算机科学与技术、软件工程、网络工程、信息安全、数据科学与大数据技术）、管理科学与工程类（管理科学、信息管理与信息系统、大数据管理与应用、计算金融）、电子信息类（通信工程）;市（地）级及以下直属机构综合管理类","用人司局：国家金融监督管理总局嵩明监管支局
职位简介：主要从事金融信息科技风险监管、电子设备软硬件管理及信息系统运行维护等工作
专业要求：计算机类（计算机科学与技术、软件工程、网络工程、信息安全、数据科学与大数据技术）、管理科学与工程类（管理科学、信息管理与信息系统、大数据管理与应用、计算金融）、电子信息类（通信工程）
学历要求：仅限本科
学位要求：学士
政治面貌：不限
基层工作经历：无限制
考试类别：市（地）级及以下直属机构综合管理类
备注：1.报名时请在专业栏中同时填写专业名称和专业代码；2.限应届高校毕业生报考，请在备注栏中注明本人具有应届高校毕业生身份；3.要求本科学历大学英语四级成绩在425分及以上（雅思成绩在6分及以上、托福成绩在80分及以上、取得英语专业四级或专业八级合格证书亦可），请在外语水平栏注明已获得的英语等级证书及成绩；4.最低服务年限五年（含试用期）。","http://bm.scs.gov.cn/kl2026#132125-300147853001","2025-10-14","{""dataset_year"":2026,""job_uid"":""GOV-2026-132125-300147853001"",""publisher"":""国家公务员局"",""publication_page"":""http://bm.scs.gov.cn/kl2026"",""attachment_url"":""local://2026_guokao_zhaokaojianzhang.zip"",""local_source_file"":""中央机关及其直属机构2026年度考试录用公务员招考简章.xls"",""local_source_sha256"":""2670bae1df1dd07a3a3c79b9db46a11e3bb15a6c9c249e6af98bfd0b61ce3aaf"",""source_sheet"":""中央国家行政机关省级以下直属机构"",""filter_version"":""government_tech_v2"",""tech_filter"":{""is_tech"":true,""is_core_tech"":true,""scope"":""core"",""categories"":[""computer_software"",""cybersecurity_cryptography"",""electronics_communication""],""matched_fields"":[""major"",""description""],""major_terms"":[""信息安全"",""大数据"",""数据科学与大数据技术"",""电子信息类"",""网络工程"",""计算机科学与技术"",""计算机类"",""软件工程"",""通信工程""],""role_terms"":[""信息科技"",""信息系统"",""软硬件""],""reason"":""tech_major_and_role""},""original"":{""部门代码"":""132125"",""部门名称"":""国家金融监督管理总局云南监管局"",""用人司局"":""国家金融监督管理总局嵩明监管支局"",""机构性质"":""中央国家行政机关省级以下直属机构"",""招考职位"":""科技部门一级主任科员及以下"",""职位属性"":""金融监管计算机类职位"",""职位分布"":""西部地区和艰苦边远地区职位"",""职位简介"":""主要从事金融信息科技风险监管、电子设备软硬件管理及信息系统运行维护等工作"",""职位代码"":""300147853001"",""机构层级"":""县（区）级及以下"",""考试类别"":""市（地）级及以下直属机构综合管理类"",""招考人数"":""1"",""专业"":""计算机类（计算机科学与技术、软件工程、网络工程、信息安全、数据科学与大数据技术）、管理科学与工程类（管理科学、信息管理与信息系统、大数据管理与应用、计算金融）、电子信息类（通信工程）"",""学历"":""仅限本科"",""学位"":""学士"",""政治面貌"":""不限"",""基层工作最低年限"":""无限制"",""服务基层项目工作经历"":""无限制"",""是否在面试阶段组织专业能力测试"":""否"",""面试人员比例"":""3:1"",""工作地点"":""云南省昆明市嵩明县"",""落户地点"":""云南省昆明市嵩明县"",""备注"":""1.报名时请在专业栏中同时填写专业名称和专业代码；2.限应届高校毕业生报考，请在备注栏中注明本人具有应届高校毕业生身份；3.要求本科学历大学英语四级成绩在425分及以上（雅思成绩在6分及以上、托福成绩在80分及以上、取得英语专业四级或专业八级合格证书亦可），请在外语水平栏注明已获得的英语等级证书及成绩；4.最低服务年限五年（含试用期）。"",""部门网站"":""http://www.nfra.gov.cn/"",""咨询电话1"":""0871-64622327"",""咨询电话2"":""0871-64622067"",""咨询电话3"":""0871-64622382"",""来源Sheet"":""中央国家行政机关省级以下直属机构""}}"
"government_jobs","国家公务员2026招考简章","公务员/事业单位技术岗位","云南省曲靖市马龙区","2026-07-28T09:12:58.310295+00:00","科技部门一级主任科员及以下","国家金融监督管理总局云南监管局","","云南省曲靖市马龙区","公务员/事业单位;2026;computer_software;cybersecurity_cryptography;electronics_communication;仅限本科;学士;计算机类（计算机科学与技术、软件工程、网络工程、信息安全、数据科学与大数据技术）、管理科学与工程类（管理科学、信息管理与信息系统、大数据管理与应用、计算金融）、电子信息类（通信工程）;市（地）级及以下直属机构综合管理类","用人司局：国家金融监督管理总局马龙监管支局
职位简介：主要从事金融信息科技风险监管、电子设备软硬件管理及信息系统运行维护等工作
专业要求：计算机类（计算机科学与技术、软件工程、网络工程、信息安全、数据科学与大数据技术）、管理科学与工程类（管理科学、信息管理与信息系统、大数据管理与应用、计算金融）、电子信息类（通信工程）
学历要求：仅限本科
学位要求：学士
政治面貌：不限
基层工作经历：无限制
考试类别：市（地）级及以下直属机构综合管理类
备注：1.报名时请在专业栏中同时填写专业名称和专业代码；2.限应届高校毕业生报考，请在备注栏中注明本人具有应届高校毕业生身份；3.要求本科学历大学英语四级成绩在425分及以上（雅思成绩在6分及以上、托福成绩在80分及以上、取得英语专业四级或专业八级合格证书亦可），请在外语水平栏注明已获得的英语等级证书及成绩；4.最低服务年限五年（含试用期）。","http://bm.scs.gov.cn/kl2026#132125-300147855001","2025-10-14","{""dataset_year"":2026,""job_uid"":""GOV-2026-132125-300147855001"",""publisher"":""国家公务员局"",""publication_page"":""http://bm.scs.gov.cn/kl2026"",""attachment_url"":""local://2026_guokao_zhaokaojianzhang.zip"",""local_source_file"":""中央机关及其直属机构2026年度考试录用公务员招考简章.xls"",""local_source_sha256"":""2670bae1df1dd07a3a3c79b9db46a11e3bb15a6c9c249e6af98bfd0b61ce3aaf"",""source_sheet"":""中央国家行政机关省级以下直属机构"",""filter_version"":""government_tech_v2"",""tech_filter"":{""is_tech"":true,""is_core_tech"":true,""scope"":""core"",""categories"":[""computer_software"",""cybersecurity_cryptography"",""electronics_communication""],""matched_fields"":[""major"",""description""],""major_terms"":[""信息安全"",""大数据"",""数据科学与大数据技术"",""电子信息类"",""网络工程"",""计算机科学与技术"",""计算机类"",""软件工程"",""通信工程""],""role_terms"":[""信息科技"",""信息系统"",""软硬件""],""reason"":""tech_major_and_role""},""original"":{""部门代码"":""132125"",""部门名称"":""国家金融监督管理总局云南监管局"",""用人司局"":""国家金融监督管理总局马龙监管支局"",""机构性质"":""中央国家行政机关省级以下直属机构"",""招考职位"":""科技部门一级主任科员及以下"",""职位属性"":""金融监管计算机类职位"",""职位分布"":""西部地区和艰苦边远地区职位"",""职位简介"":""主要从事金融信息科技风险监管、电子设备软硬件管理及信息系统运行维护等工作"",""职位代码"":""300147855001"",""机构层级"":""县（区）级及以下"",""考试类别"":""市（地）级及以下直属机构综合管理类"",""招考人数"":""1"",""专业"":""计算机类（计算机科学与技术、软件工程、网络工程、信息安全、数据科学与大数据技术）、管理科学与工程类（管理科学、信息管理与信息系统、大数据管理与应用、计算金融）、电子信息类（通信工程）"",""学历"":""仅限本科"",""学位"":""学士"",""政治面貌"":""不限"",""基层工作最低年限"":""无限制"",""服务基层项目工作经历"":""无限制"",""是否在面试阶段组织专业能力测试"":""否"",""面试人员比例"":""3:1"",""工作地点"":""云南省曲靖市马龙区"",""落户地点"":""云南省曲靖市马龙区"",""备注"":""1.报名时请在专业栏中同时填写专业名称和专业代码；2.限应届高校毕业生报考，请在备注栏中注明本人具有应届高校毕业生身份；3.要求本科学历大学英语四级成绩在425分及以上（雅思成绩在6分及以上、托福成绩在80分及以上、取得英语专业四级或专业八级合格证书亦可），请在外语水平栏注明已获得的英语等级证书及成绩；4.最低服务年限五年（含试用期）。"",""部门网站"":""http://www.nfra.gov.cn/"",""咨询电话1"":""0871-64622327"",""咨询电话2"":""0871-64622067"",""咨询电话3"":""0871-64622382"",""来源Sheet"":""中央国家行政机关省级以下直属机构""}}"
"government_jobs","国家公务员2026招考简章","公务员/事业单位技术岗位","云南省德宏傣族景颇族自治州梁河县","2026-07-28T09:12:58.310295+00:00","科技部门一级主任科员及以下","国家金融监督管理总局云南监管局","","云南省德宏傣族景颇族自治州梁河县","公务员/事业单位;2026;computer_software;cybersecurity_cryptography;electronics_communication;仅限本科;学士;计算机类（计算机科学与技术、软件工程、网络工程、信息安全、数据科学与大数据技术）、管理科学与工程类（管理科学、信息管理与信息系统、大数据管理与应用、计算金融）、电子信息类（通信工程）;市（地）级及以下直属机构综合管理类","用人司局：国家金融监督管理总局梁河监管支局
职位简介：主要从事金融信息科技风险监管、电子设备软硬件管理及信息系统运行维护等工作
专业要求：计算机类（计算机科学与技术、软件工程、网络工程、信息安全、数据科学与大数据技术）、管理科学与工程类（管理科学、信息管理与信息系统、大数据管理与应用、计算金融）、电子信息类（通信工程）
学历要求：仅限本科
学位要求：学士
政治面貌：不限
基层工作经历：无限制
考试类别：市（地）级及以下直属机构综合管理类
备注：1.报名时请在专业栏中同时填写专业名称和专业代码；2.限应届高校毕业生报考，请在备注栏中注明本人具有应届高校毕业生身份；3.要求本科学历大学英语四级成绩在425分及以上（雅思成绩在6分及以上、托福成绩在80分及以上、取得英语专业四级或专业八级合格证书亦可），请在外语水平栏注明已获得的英语等级证书及成绩；4.最低服务年限五年（含试用期）。","http://bm.scs.gov.cn/kl2026#132125-300147858001","2025-10-14","{""dataset_year"":2026,""job_uid"":""GOV-2026-132125-300147858001"",""publisher"":""国家公务员局"",""publication_page"":""http://bm.scs.gov.cn/kl2026"",""attachment_url"":""local://2026_guokao_zhaokaojianzhang.zip"",""local_source_file"":""中央机关及其直属机构2026年度考试录用公务员招考简章.xls"",""local_source_sha256"":""2670bae1df1dd07a3a3c79b9db46a11e3bb15a6c9c249e6af98bfd0b61ce3aaf"",""source_sheet"":""中央国家行政机关省级以下直属机构"",""filter_version"":""government_tech_v2"",""tech_filter"":{""is_tech"":true,""is_core_tech"":true,""scope"":""core"",""categories"":[""computer_software"",""cybersecurity_cryptography"",""electronics_communication""],""matched_fields"":[""major"",""description""],""major_terms"":[""信息安全"",""大数据"",""数据科学与大数据技术"",""电子信息类"",""网络工程"",""计算机科学与技术"",""计算机类"",""软件工程"",""通信工程""],""role_terms"":[""信息科技"",""信息系统"",""软硬件""],""reason"":""tech_major_and_role""},""original"":{""部门代码"":""132125"",""部门名称"":""国家金融监督管理总局云南监管局"",""用人司局"":""国家金融监督管理总局梁河监管支局"",""机构性质"":""中央国家行政机关省级以下直属机构"",""招考职位"":""科技部门一级主任科员及以下"",""职位属性"":""金融监管计算机类职位"",""职位分布"":""西部地区和艰苦边远地区职位"",""职位简介"":""主要从事金融信息科技风险监管、电子设备软硬件管理及信息系统运行维护等工作"",""职位代码"":""300147858001"",""机构层级"":""县（区）级及以下"",""考试类别"":""市（地）级及以下直属机构综合管理类"",""招考人数"":""1"",""专业"":""计算机类（计算机科学与技术、软件工程、网络工程、信息安全、数据科学与大数据技术）、管理科学与工程类（管理科学、信息管理与信息系统、大数据管理与应用、计算金融）、电子信息类（通信工程）"",""学历"":""仅限本科"",""学位"":""学士"",""政治面貌"":""不限"",""基层工作最低年限"":""无限制"",""服务基层项目工作经历"":""无限制"",""是否在面试阶段组织专业能力测试"":""否"",""面试人员比例"":""3:1"",""工作地点"":""云南省德宏傣族景颇族自治州梁河县"",""落户地点"":""云南省德宏傣族景颇族自治州梁河县"",""备注"":""1.报名时请在专业栏中同时填写专业名称和专业代码；2.限应届高校毕业生报考，请在备注栏中注明本人具有应届高校毕业生身份；3.要求本科学历大学英语四级成绩在425分及以上（雅思成绩在6分及以上、托福成绩在80分及以上、取得英语专业四级或专业八级合格证书亦可），请在外语水平栏注明已获得的英语等级证书及成绩；4.最低服务年限五年（含试用期）。"",""部门网站"":""http://www.nfra.gov.cn/"",""咨询电话1"":""0871-64622327"",""咨询电话2"":""0871-64622067"",""咨询电话3"":""0871-64622382"",""来源Sheet"":""中央国家行政机关省级以下直属机构""}}"
"government_jobs","国家公务员2026招考简章","公务员/事业单位技术岗位","云南省临沧市云县","2026-07-28T09:12:58.310295+00:00","科技部门一级主任科员及以下","国家金融监督管理总局云南监管局","","云南省临沧市云县","公务员/事业单位;2026;computer_software;cybersecurity_cryptography;electronics_communication;仅限本科;学士;计算机类（计算机科学与技术、软件工程、网络工程、信息安全、数据科学与大数据技术）、管理科学与工程类（管理科学、信息管理与信息系统、大数据管理与应用、计算金融）、电子信息类（通信工程）;市（地）级及以下直属机构综合管理类","用人司局：国家金融监督管理总局云县监管支局
职位简介：主要从事金融信息科技风险监管、电子设备软硬件管理及信息系统运行维护等工作
专业要求：计算机类（计算机科学与技术、软件工程、网络工程、信息安全、数据科学与大数据技术）、管理科学与工程类（管理科学、信息管理与信息系统、大数据管理与应用、计算金融）、电子信息类（通信工程）
学历要求：仅限本科
学位要求：学士
政治面貌：中共党员
基层工作经历：二年
考试类别：市（地）级及以下直属机构综合管理类
备注：1.报名时请在专业栏中同时填写专业名称和专业代码；2.限大学生村官、农村义务教育阶段学校教师特设岗位计划、“三支一扶”计划、大学生志愿服务西部计划人员和在军队服务5年（含）以上的高校毕业生退役士兵报考，请在简历栏中注明相关经历；3.要求本科学历大学英语四级成绩在425分及以上（雅思成绩在6分及以上、托福成绩在80分及以上、取得英语专业四级或专业八级合格证书亦可），请在外语水平栏注明已获得的英语等级证书及成绩；4.最低服务年限五年（含试用期）。","http://bm.scs.gov.cn/kl2026#132125-300147859001","2025-10-14","{""dataset_year"":2026,""job_uid"":""GOV-2026-132125-300147859001"",""publisher"":""国家公务员局"",""publication_page"":""http://bm.scs.gov.cn/kl2026"",""attachment_url"":""local://2026_guokao_zhaokaojianzhang.zip"",""local_source_file"":""中央机关及其直属机构2026年度考试录用公务员招考简章.xls"",""local_source_sha256"":""2670bae1df1dd07a3a3c79b9db46a11e3bb15a6c9c249e6af98bfd0b61ce3aaf"",""source_sheet"":""中央国家行政机关省级以下直属机构"",""filter_version"":""government_tech_v2"",""tech_filter"":{""is_tech"":true,""is_core_tech"":true,""scope"":""core"",""categories"":[""computer_software"",""cybersecurity_cryptography"",""electronics_communication""],""matched_fields"":[""major"",""description""],""major_terms"":[""信息安全"",""大数据"",""数据科学与大数据技术"",""电子信息类"",""网络工程"",""计算机科学与技术"",""计算机类"",""软件工程"",""通信工程""],""role_terms"":[""信息科技"",""信息系统"",""软硬件""],""reason"":""tech_major_and_role""},""original"":{""部门代码"":""132125"",""部门名称"":""国家金融监督管理总局云南监管局"",""用人司局"":""国家金融监督管理总局云县监管支局"",""机构性质"":""中央国家行政机关省级以下直属机构"",""招考职位"":""科技部门一级主任科员及以下"",""职位属性"":""金融监管计算机类职位"",""职位分布"":""西部地区和艰苦边远地区职位"",""职位简介"":""主要从事金融信息科技风险监管、电子设备软硬件管理及信息系统运行维护等工作"",""职位代码"":""300147859001"",""机构层级"":""县（区）级及以下"",""考试类别"":""市（地）级及以下直属机构综合管理类"",""招考人数"":""1"",""专业"":""计算机类（计算机科学与技术、软件工程、网络工程、信息安全、数据科学与大数据技术）、管理科学与工程类（管理科学、信息管理与信息系统、大数据管理与应用、计算金融）、电子信息类（通信工程）"",""学历"":""仅限本科"",""学位"":""学士"",""政治面貌"":""中共党员"",""基层工作最低年限"":""二年"",""服务基层项目工作经历"":""大学生村官、农村义务教育阶段学校教师特设岗位计划、“三支一扶”计划、大学生志愿服务西部计划、在军队服役5年（含）以上的高校毕业生退役士兵"",""是否在面试阶段组织专业能力测试"":""否"",""面试人员比例"":""3:1"",""工作地点"":""云南省临沧市云县"",""落户地点"":""云南省临沧市云县"",""备注"":""1.报名时请在专业栏中同时填写专业名称和专业代码；2.限大学生村官、农村义务教育阶段学校教师特设岗位计划、“三支一扶”计划、大学生志愿服务西部计划人员和在军队服务5年（含）以上的高校毕业生退役士兵报考，请在简历栏中注明相关经历；3.要求本科学历大学英语四级成绩在425分及以上（雅思成绩在6分及以上、托福成绩在80分及以上、取得英语专业四级或专业八级合格证书亦可），请在外语水平栏注明已获得的英语等级证书及成绩；4.最低服务年限五年（含试用期）。"",""部门网站"":""http://www.nfra.gov.cn/"",""咨询电话1"":""0871-64622327"",""咨询电话2"":""0871-64622067"",""咨询电话3"":""0871-64622382"",""来源Sheet"":""中央国家行政机关省级以下直属机构""}}"
"government_jobs","国家公务员2026招考简章","公务员/事业单位技术岗位","云南省临沧市永德县","2026-07-28T09:12:58.310295+00:00","科技部门一级主任科员及以下","国家金融监督管理总局云南监管局","","云南省临沧市永德县","公务员/事业单位;2026;computer_software;cybersecurity_cryptography;electronics_communication;仅限本科;学士;计算机类（计算机科学与技术、软件工程、网络工程、信息安全、数据科学与大数据技术）、管理科学与工程类（管理科学、信息管理与信息系统、大数据管理与应用、计算金融）、电子信息类（通信工程）;市（地）级及以下直属机构综合管理类","用人司局：国家金融监督管理总局永德监管支局
职位简介：主要从事金融信息科技风险监管、电子设备软硬件管理及信息系统运行维护等工作
专业要求：计算机类（计算机科学与技术、软件工程、网络工程、信息安全、数据科学与大数据技术）、管理科学与工程类（管理科学、信息管理与信息系统、大数据管理与应用、计算金融）、电子信息类（通信工程）
学历要求：仅限本科
学位要求：学士
政治面貌：中共党员
基层工作经历：无限制
考试类别：市（地）级及以下直属机构综合管理类
备注：1.该职位仅限男性报考；2.报名时请在专业栏中同时填写专业名称和专业代码；3.限应届高校毕业生报考，请在备注栏中注明本人具有应届高校毕业生身份；4.要求本科学历大学英语四级成绩在425分及以上（雅思成绩在6分及以上、托福成绩在80分及以上、取得英语专业四级或专业八级合格证书亦可），请在外语水平栏注明已获得的英语等级证书及成绩；5.最低服务年限五年（含试用期）。","http://bm.scs.gov.cn/kl2026#132125-300147860001","2025-10-14","{""dataset_year"":2026,""job_uid"":""GOV-2026-132125-300147860001"",""publisher"":""国家公务员局"",""publication_page"":""http://bm.scs.gov.cn/kl2026"",""attachment_url"":""local://2026_guokao_zhaokaojianzhang.zip"",""local_source_file"":""中央机关及其直属机构2026年度考试录用公务员招考简章.xls"",""local_source_sha256"":""2670bae1df1dd07a3a3c79b9db46a11e3bb15a6c9c249e6af98bfd0b61ce3aaf"",""source_sheet"":""中央国家行政机关省级以下直属机构"",""filter_version"":""government_tech_v2"",""tech_filter"":{""is_tech"":true,""is_core_tech"":true,""scope"":""core"",""categories"":[""computer_software"",""cybersecurity_cryptography"",""electronics_communication""],""matched_fields"":[""major"",""description""],""major_terms"":[""信息安全"",""大数据"",""数据科学与大数据技术"",""电子信息类"",""网络工程"",""计算机科学与技术"",""计算机类"",""软件工程"",""通信工程""],""role_terms"":[""信息科技"",""信息系统"",""软硬件""],""reason"":""tech_major_and_role""},""original"":{""部门代码"":""132125"",""部门名称"":""国家金融监督管理总局云南监管局"",""用人司局"":""国家金融监督管理总局永德监管支局"",""机构性质"":""中央国家行政机关省级以下直属机构"",""招考职位"":""科技部门一级主任科员及以下"",""职位属性"":""金融监管计算机类职位"",""职位分布"":""西部地区和艰苦边远地区职位"",""职位简介"":""主要从事金融信息科技风险监管、电子设备软硬件管理及信息系统运行维护等工作"",""职位代码"":""300147860001"",""机构层级"":""县（区）级及以下"",""考试类别"":""市（地）级及以下直属机构综合管理类"",""招考人数"":""1"",""专业"":""计算机类（计算机科学与技术、软件工程、网络工程、信息安全、数据科学与大数据技术）、管理科学与工程类（管理科学、信息管理与信息系统、大数据管理与应用、计算金融）、电子信息类（通信工程）"",""学历"":""仅限本科"",""学位"":""学士"",""政治面貌"":""中共党员"",""基层工作最低年限"":""无限制"",""服务基层项目工作经历"":""无限制"",""是否在面试阶段组织专业能力测试"":""否"",""面试人员比例"":""3:1"",""工作地点"":""云南省临沧市永德县"",""落户地点"":""云南省临沧市永德县"",""备注"":""1.该职位仅限男性报考；2.报名时请在专业栏中同时填写专业名称和专业代码；3.限应届高校毕业生报考，请在备注栏中注明本人具有应届高校毕业生身份；4.要求本科学历大学英语四级成绩在425分及以上（雅思成绩在6分及以上、托福成绩在80分及以上、取得英语专业四级或专业八级合格证书亦可），请在外语水平栏注明已获得的英语等级证书及成绩；5.最低服务年限五年（含试用期）。"",""部门网站"":""http://www.nfra.gov.cn/"",""咨询电话1"":""0871-64622327"",""咨询电话2"":""0871-64622067"",""咨询电话3"":""0871-64622382"",""来源Sheet"":""中央国家行政机关省级以下直属机构""}}"
"government_jobs","国家公务员2026招考简章","公务员/事业单位技术岗位","云南省临沧市永德县","2026-07-28T09:12:58.310295+00:00","科技部门一级主任科员及以下","国家金融监督管理总局云南监管局","","云南省临沧市永德县","公务员/事业单位;2026;computer_software;cybersecurity_cryptography;electronics_communication;仅限本科;学士;计算机类（计算机科学与技术、软件工程、网络工程、信息安全、数据科学与大数据技术）、管理科学与工程类（管理科学、信息管理与信息系统、大数据管理与应用、计算金融）、电子信息类（通信工程）;市（地）级及以下直属机构综合管理类","用人司局：国家金融监督管理总局永德监管支局
职位简介：主要从事金融信息科技风险监管、电子设备软硬件管理及信息系统运行维护等工作
专业要求：计算机类（计算机科学与技术、软件工程、网络工程、信息安全、数据科学与大数据技术）、管理科学与工程类（管理科学、信息管理与信息系统、大数据管理与应用、计算金融）、电子信息类（通信工程）
学历要求：仅限本科
学位要求：学士
政治面貌：中共党员
基层工作经历：无限制
考试类别：市（地）级及以下直属机构综合管理类
备注：1.该职位仅限女性报考；2.报名时请在专业栏中同时填写专业名称和专业代码；3.限应届高校毕业生报考，请在备注栏中注明本人具有应届高校毕业生身份；4.要求本科学历大学英语四级成绩在425分及以上（雅思成绩在6分及以上、托福成绩在80分及以上、取得英语专业四级或专业八级合格证书亦可），请在外语水平栏注明已获得的英语等级证书及成绩；5.最低服务年限五年（含试用期）。","http://bm.scs.gov.cn/kl2026#132125-300147860002","2025-10-14","{""dataset_year"":2026,""job_uid"":""GOV-2026-132125-300147860002"",""publisher"":""国家公务员局"",""publication_page"":""http://bm.scs.gov.cn/kl2026"",""attachment_url"":""local://2026_guokao_zhaokaojianzhang.zip"",""local_source_file"":""中央机关及其直属机构2026年度考试录用公务员招考简章.xls"",""local_source_sha256"":""2670bae1df1dd07a3a3c79b9db46a11e3bb15a6c9c249e6af98bfd0b61ce3aaf"",""source_sheet"":""中央国家行政机关省级以下直属机构"",""filter_version"":""government_tech_v2"",""tech_filter"":{""is_tech"":true,""is_core_tech"":true,""scope"":""core"",""categories"":[""computer_software"",""cybersecurity_cryptography"",""electronics_communication""],""matched_fields"":[""major"",""description""],""major_terms"":[""信息安全"",""大数据"",""数据科学与大数据技术"",""电子信息类"",""网络工程"",""计算机科学与技术"",""计算机类"",""软件工程"",""通信工程""],""role_terms"":[""信息科技"",""信息系统"",""软硬件""],""reason"":""tech_major_and_role""},""original"":{""部门代码"":""132125"",""部门名称"":""国家金融监督管理总局云南监管局"",""用人司局"":""国家金融监督管理总局永德监管支局"",""机构性质"":""中央国家行政机关省级以下直属机构"",""招考职位"":""科技部门一级主任科员及以下"",""职位属性"":""金融监管计算机类职位"",""职位分布"":""西部地区和艰苦边远地区职位"",""职位简介"":""主要从事金融信息科技风险监管、电子设备软硬件管理及信息系统运行维护等工作"",""职位代码"":""300147860002"",""机构层级"":""县（区）级及以下"",""考试类别"":""市（地）级及以下直属机构综合管理类"",""招考人数"":""1"",""专业"":""计算机类（计算机科学与技术、软件工程、网络工程、信息安全、数据科学与大数据技术）、管理科学与工程类（管理科学、信息管理与信息系统、大数据管理与应用、计算金融）、电子信息类（通信工程）"",""学历"":""仅限本科"",""学位"":""学士"",""政治面貌"":""中共党员"",""基层工作最低年限"":""无限制"",""服务基层项目工作经历"":""无限制"",""是否在面试阶段组织专业能力测试"":""否"",""面试人员比例"":""3:1"",""工作地点"":""云南省临沧市永德县"",""落户地点"":""云南省临沧市永德县"",""备注"":""1.该职位仅限女性报考；2.报名时请在专业栏中同时填写专业名称和专业代码；3.限应届高校毕业生报考，请在备注栏中注明本人具有应届高校毕业生身份；4.要求本科学历大学英语四级成绩在425分及以上（雅思成绩在6分及以上、托福成绩在80分及以上、取得英语专业四级或专业八级合格证书亦可），请在外语水平栏注明已获得的英语等级证书及成绩；5.最低服务年限五年（含试用期）。"",""部门网站"":""http://www.nfra.gov.cn/"",""咨询电话1"":""0871-64622327"",""咨询电话2"":""0871-64622067"",""咨询电话3"":""0871-64622382"",""来源Sheet"":""中央国家行政机关省级以下直属机构""}}"
"government_jobs","国家公务员2026招考简章","公务员/事业单位技术岗位","云南省临沧市镇康县","2026-07-28T09:12:58.310295+00:00","科技部门一级主任科员及以下","国家金融监督管理总局云南监管局","","云南省临沧市镇康县","公务员/事业单位;2026;computer_software;cybersecurity_cryptography;electronics_communication;仅限本科;学士;计算机类（计算机科学与技术、软件工程、网络工程、信息安全、数据科学与大数据技术）、管理科学与工程类（管理科学、信息管理与信息系统、大数据管理与应用、计算金融）、电子信息类（通信工程）;市（地）级及以下直属机构综合管理类","用人司局：国家金融监督管理总局镇康监管支局
职位简介：主要从事金融信息科技风险监管、电子设备软硬件管理及信息系统运行维护等工作
专业要求：计算机类（计算机科学与技术、软件工程、网络工程、信息安全、数据科学与大数据技术）、管理科学与工程类（管理科学、信息管理与信息系统、大数据管理与应用、计算金融）、电子信息类（通信工程）
学历要求：仅限本科
学位要求：学士
政治面貌：中共党员
基层工作经历：无限制
考试类别：市（地）级及以下直属机构综合管理类
备注：1.报名时请在专业栏中同时填写专业名称和专业代码；2.限应届高校毕业生报考，请在备注栏中注明本人具有应届高校毕业生身份；3.要求本科学历大学英语四级成绩在425分及以上（雅思成绩在6分及以上、托福成绩在80分及以上、取得英语专业四级或专业八级合格证书亦可），请在外语水平栏注明已获得的英语等级证书及成绩；4.最低服务年限五年（含试用期）。","http://bm.scs.gov.cn/kl2026#132125-300147861001","2025-10-14","{""dataset_year"":2026,""job_uid"":""GOV-2026-132125-300147861001"",""publisher"":""国家公务员局"",""publication_page"":""http://bm.scs.gov.cn/kl2026"",""attachment_url"":""local://2026_guokao_zhaokaojianzhang.zip"",""local_source_file"":""中央机关及其直属机构2026年度考试录用公务员招考简章.xls"",""local_source_sha256"":""2670bae1df1dd07a3a3c79b9db46a11e3bb15a6c9c249e6af98bfd0b61ce3aaf"",""source_sheet"":""中央国家行政机关省级以下直属机构"",""filter_version"":""government_tech_v2"",""tech_filter"":{""is_tech"":true,""is_core_tech"":true,""scope"":""core"",""categories"":[""computer_software"",""cybersecurity_cryptography"",""electronics_communication""],""matched_fields"":[""major"",""description""],""major_terms"":[""信息安全"",""大数据"",""数据科学与大数据技术"",""电子信息类"",""网络工程"",""计算机科学与技术"",""计算机类"",""软件工程"",""通信工程""],""role_terms"":[""信息科技"",""信息系统"",""软硬件""],""reason"":""tech_major_and_role""},""original"":{""部门代码"":""132125"",""部门名称"":""国家金融监督管理总局云南监管局"",""用人司局"":""国家金融监督管理总局镇康监管支局"",""机构性质"":""中央国家行政机关省级以下直属机构"",""招考职位"":""科技部门一级主任科员及以下"",""职位属性"":""金融监管计算机类职位"",""职位分布"":""西部地区和艰苦边远地区职位"",""职位简介"":""主要从事金融信息科技风险监管、电子设备软硬件管理及信息系统运行维护等工作"",""职位代码"":""300147861001"",""机构层级"":""县（区）级及以下"",""考试类别"":""市（地）级及以下直属机构综合管理类"",""招考人数"":""1"",""专业"":""计算机类（计算机科学与技术、软件工程、网络工程、信息安全、数据科学与大数据技术）、管理科学与工程类（管理科学、信息管理与信息系统、大数据管理与应用、计算金融）、电子信息类（通信工程）"",""学历"":""仅限本科"",""学位"":""学士"",""政治面貌"":""中共党员"",""基层工作最低年限"":""无限制"",""服务基层项目工作经历"":""无限制"",""是否在面试阶段组织专业能力测试"":""否"",""面试人员比例"":""3:1"",""工作地点"":""云南省临沧市镇康县"",""落户地点"":""云南省临沧市镇康县"",""备注"":""1.报名时请在专业栏中同时填写专业名称和专业代码；2.限应届高校毕业生报考，请在备注栏中注明本人具有应届高校毕业生身份；3.要求本科学历大学英语四级成绩在425分及以上（雅思成绩在6分及以上、托福成绩在80分及以上、取得英语专业四级或专业八级合格证书亦可），请在外语水平栏注明已获得的英语等级证书及成绩；4.最低服务年限五年（含试用期）。"",""部门网站"":""http://www.nfra.gov.cn/"",""咨询电话1"":""0871-64622327"",""咨询电话2"":""0871-64622067"",""咨询电话3"":""0871-64622382"",""来源Sheet"":""中央国家行政机关省级以下直属机构""}}"
"government_jobs","国家公务员2026招考简章","公务员/事业单位技术岗位","云南省临沧市沧源佤族自治县","2026-07-28T09:12:58.310295+00:00","科技部门一级主任科员及以下","国家金融监督管理总局云南监管局","","云南省临沧市沧源佤族自治县","公务员/事业单位;2026;computer_software;cybersecurity_cryptography;electronics_communication;仅限本科;学士;计算机类（计算机科学与技术、软件工程、网络工程、信息安全、数据科学与大数据技术）、管理科学与工程类（管理科学、信息管理与信息系统、大数据管理与应用、计算金融）、电子信息类（通信工程）;市（地）级及以下直属机构综合管理类","用人司局：国家金融监督管理总局沧源监管支局
职位简介：主要从事金融信息科技风险监管、电子设备软硬件管理及信息系统运行维护等工作
专业要求：计算机类（计算机科学与技术、软件工程、网络工程、信息安全、数据科学与大数据技术）、管理科学与工程类（管理科学、信息管理与信息系统、大数据管理与应用、计算金融）、电子信息类（通信工程）
学历要求：仅限本科
学位要求：学士
政治面貌：中共党员
基层工作经历：无限制
考试类别：市（地）级及以下直属机构综合管理类
备注：1.报名时请在专业栏中同时填写专业名称和专业代码；2.限应届高校毕业生报考，请在备注栏中注明本人具有应届高校毕业生身份；3.要求本科学历大学英语四级成绩在425分及以上（雅思成绩在6分及以上、托福成绩在80分及以上、取得英语专业四级或专业八级合格证书亦可），请在外语水平栏注明已获得的英语等级证书及成绩；4.最低服务年限五年（含试用期）。","http://bm.scs.gov.cn/kl2026#132125-300147862001","2025-10-14","{""dataset_year"":2026,""job_uid"":""GOV-2026-132125-300147862001"",""publisher"":""国家公务员局"",""publication_page"":""http://bm.scs.gov.cn/kl2026"",""attachment_url"":""local://2026_guokao_zhaokaojianzhang.zip"",""local_source_file"":""中央机关及其直属机构2026年度考试录用公务员招考简章.xls"",""local_source_sha256"":""2670bae1df1dd07a3a3c79b9db46a11e3bb15a6c9c249e6af98bfd0b61ce3aaf"",""source_sheet"":""中央国家行政机关省级以下直属机构"",""filter_version"":""government_tech_v2"",""tech_filter"":{""is_tech"":true,""is_core_tech"":true,""scope"":""core"",""categories"":[""computer_software"",""cybersecurity_cryptography"",""electronics_communication""],""matched_fields"":[""major"",""description""],""major_terms"":[""信息安全"",""大数据"",""数据科学与大数据技术"",""电子信息类"",""网络工程"",""计算机科学与技术"",""计算机类"",""软件工程"",""通信工程""],""role_terms"":[""信息科技"",""信息系统"",""软硬件""],""reason"":""tech_major_and_role""},""original"":{""部门代码"":""132125"",""部门名称"":""国家金融监督管理总局云南监管局"",""用人司局"":""国家金融监督管理总局沧源监管支局"",""机构性质"":""中央国家行政机关省级以下直属机构"",""招考职位"":""科技部门一级主任科员及以下"",""职位属性"":""金融监管计算机类职位"",""职位分布"":""西部地区和艰苦边远地区职位"",""职位简介"":""主要从事金融信息科技风险监管、电子设备软硬件管理及信息系统运行维护等工作"",""职位代码"":""300147862001"",""机构层级"":""县（区）级及以下"",""考试类别"":""市（地）级及以下直属机构综合管理类"",""招考人数"":""1"",""专业"":""计算机类（计算机科学与技术、软件工程、网络工程、信息安全、数据科学与大数据技术）、管理科学与工程类（管理科学、信息管理与信息系统、大数据管理与应用、计算金融）、电子信息类（通信工程）"",""学历"":""仅限本科"",""学位"":""学士"",""政治面貌"":""中共党员"",""基层工作最低年限"":""无限制"",""服务基层项目工作经历"":""无限制"",""是否在面试阶段组织专业能力测试"":""否"",""面试人员比例"":""3:1"",""工作地点"":""云南省临沧市沧源佤族自治县"",""落户地点"":""云南省临沧市沧源佤族自治县"",""备注"":""1.报名时请在专业栏中同时填写专业名称和专业代码；2.限应届高校毕业生报考，请在备注栏中注明本人具有应届高校毕业生身份；3.要求本科学历大学英语四级成绩在425分及以上（雅思成绩在6分及以上、托福成绩在80分及以上、取得英语专业四级或专业八级合格证书亦可），请在外语水平栏注明已获得的英语等级证书及成绩；4.最低服务年限五年（含试用期）。"",""部门网站"":""http://www.nfra.gov.cn/"",""咨询电话1"":""0871-64622327"",""咨询电话2"":""0871-64622067"",""咨询电话3"":""0871-64622382"",""来源Sheet"":""中央国家行政机关省级以下直属机构""}}"
"government_jobs","国家公务员2026招考简章","公务员/事业单位技术岗位","云南省临沧市双江拉祜族佤族布朗族傣族自治县","2026-07-28T09:12:58.310295+00:00","科技部门一级主任科员及以下","国家金融监督管理总局云南监管局","","云南省临沧市双江拉祜族佤族布朗族傣族自治县","公务员/事业单位;2026;computer_software;cybersecurity_cryptography;electronics_communication;仅限本科;学士;计算机类（计算机科学与技术、软件工程、网络工程、信息安全、数据科学与大数据技术）、管理科学与工程类（管理科学、信息管理与信息系统、大数据管理与应用、计算金融）、电子信息类（通信工程）;市（地）级及以下直属机构综合管理类","用人司局：国家金融监督管理总局双江监管支局
职位简介：主要从事金融信息科技风险监管、电子设备软硬件管理及信息系统运行维护等工作
专业要求：计算机类（计算机科学与技术、软件工程、网络工程、信息安全、数据科学与大数据技术）、管理科学与工程类（管理科学、信息管理与信息系统、大数据管理与应用、计算金融）、电子信息类（通信工程）
学历要求：仅限本科
学位要求：学士
政治面貌：中共党员
基层工作经历：无限制
考试类别：市（地）级及以下直属机构综合管理类
备注：1.报名时请在专业栏中同时填写专业名称和专业代码；2.限应届高校毕业生报考，请在备注栏中注明本人具有应届高校毕业生身份；3.要求本科学历大学英语四级成绩在425分及以上（雅思成绩在6分及以上、托福成绩在80分及以上、取得英语专业四级或专业八级合格证书亦可），请在外语水平栏注明已获得的英语等级证书及成绩；4.最低服务年限五年（含试用期）。","http://bm.scs.gov.cn/kl2026#132125-300147863001","2025-10-14","{""dataset_year"":2026,""job_uid"":""GOV-2026-132125-300147863001"",""publisher"":""国家公务员局"",""publication_page"":""http://bm.scs.gov.cn/kl2026"",""attachment_url"":""local://2026_guokao_zhaokaojianzhang.zip"",""local_source_file"":""中央机关及其直属机构2026年度考试录用公务员招考简章.xls"",""local_source_sha256"":""2670bae1df1dd07a3a3c79b9db46a11e3bb15a6c9c249e6af98bfd0b61ce3aaf"",""source_sheet"":""中央国家行政机关省级以下直属机构"",""filter_version"":""government_tech_v2"",""tech_filter"":{""is_tech"":true,""is_core_tech"":true,""scope"":""core"",""categories"":[""computer_software"",""cybersecurity_cryptography"",""electronics_communication""],""matched_fields"":[""major"",""description""],""major_terms"":[""信息安全"",""大数据"",""数据科学与大数据技术"",""电子信息类"",""网络工程"",""计算机科学与技术"",""计算机类"",""软件工程"",""通信工程""],""role_terms"":[""信息科技"",""信息系统"",""软硬件""],""reason"":""tech_major_and_role""},""original"":{""部门代码"":""132125"",""部门名称"":""国家金融监督管理总局云南监管局"",""用人司局"":""国家金融监督管理总局双江监管支局"",""机构性质"":""中央国家行政机关省级以下直属机构"",""招考职位"":""科技部门一级主任科员及以下"",""职位属性"":""金融监管计算机类职位"",""职位分布"":""西部地区和艰苦边远地区职位"",""职位简介"":""主要从事金融信息科技风险监管、电子设备软硬件管理及信息系统运行维护等工作"",""职位代码"":""300147863001"",""机构层级"":""县（区）级及以下"",""考试类别"":""市（地）级及以下直属机构综合管理类"",""招考人数"":""1"",""专业"":""计算机类（计算机科学与技术、软件工程、网络工程、信息安全、数据科学与大数据技术）、管理科学与工程类（管理科学、信息管理与信息系统、大数据管理与应用、计算金融）、电子信息类（通信工程）"",""学历"":""仅限本科"",""学位"":""学士"",""政治面貌"":""中共党员"",""基层工作最低年限"":""无限制"",""服务基层项目工作经历"":""无限制"",""是否在面试阶段组织专业能力测试"":""否"",""面试人员比例"":""3:1"",""工作地点"":""云南省临沧市双江拉祜族佤族布朗族傣族自治县"",""落户地点"":""云南省临沧市双江拉祜族佤族布朗族傣族自治县"",""备注"":""1.报名时请在专业栏中同时填写专业名称和专业代码；2.限应届高校毕业生报考，请在备注栏中注明本人具有应届高校毕业生身份；3.要求本科学历大学英语四级成绩在425分及以上（雅思成绩在6分及以上、托福成绩在80分及以上、取得英语专业四级或专业八级合格证书亦可），请在外语水平栏注明已获得的英语等级证书及成绩；4.最低服务年限五年（含试用期）。"",""部门网站"":""http://www.nfra.gov.cn/"",""咨询电话1"":""0871-64622327"",""咨询电话2"":""0871-64622067"",""咨询电话3"":""0871-64622382"",""来源Sheet"":""中央国家行政机关省级以下直属机构""}}"
"government_jobs","国家公务员2026招考简章","公务员/事业单位技术岗位","云南省迪庆藏族自治州维西傈僳族自治县","2026-07-28T09:12:58.310295+00:00","科技部门一级主任科员及以下","国家金融监督管理总局云南监管局","","云南省迪庆藏族自治州维西傈僳族自治县","公务员/事业单位;2026;computer_software;cybersecurity_cryptography;electronics_communication;仅限本科;学士;计算机类（计算机科学与技术、软件工程、网络工程、信息安全、数据科学与大数据技术）、管理科学与工程类（管理科学、信息管理与信息系统、大数据管理与应用、计算金融）、电子信息类（通信工程）;市（地）级及以下直属机构综合管理类","用人司局：国家金融监督管理总局维西监管支局
职位简介：主要从事金融信息科技风险监管、电子设备软硬件管理及信息系统运行维护等工作
专业要求：计算机类（计算机科学与技术、软件工程、网络工程、信息安全、数据科学与大数据技术）、管理科学与工程类（管理科学、信息管理与信息系统、大数据管理与应用、计算金融）、电子信息类（通信工程）
学历要求：仅限本科
学位要求：学士
政治面貌：不限
基层工作经历：二年
考试类别：市（地）级及以下直属机构综合管理类
备注：1.报名时请在专业栏中同时填写专业名称和专业代码；2.限云南省迪庆州户口；3.限大学生村官、农村义务教育阶段学校教师特设岗位计划、“三支一扶”计划、大学生志愿服务西部计划人员和在军队服务5年（含）以上的高校毕业生退役士兵报考，请在简历栏中注明相关经历； 4.最低服务年限五年（含试用期）。","http://bm.scs.gov.cn/kl2026#132125-300147865001","2025-10-14","{""dataset_year"":2026,""job_uid"":""GOV-2026-132125-300147865001"",""publisher"":""国家公务员局"",""publication_page"":""http://bm.scs.gov.cn/kl2026"",""attachment_url"":""local://2026_guokao_zhaokaojianzhang.zip"",""local_source_file"":""中央机关及其直属机构2026年度考试录用公务员招考简章.xls"",""local_source_sha256"":""2670bae1df1dd07a3a3c79b9db46a11e3bb15a6c9c249e6af98bfd0b61ce3aaf"",""source_sheet"":""中央国家行政机关省级以下直属机构"",""filter_version"":""government_tech_v2"",""tech_filter"":{""is_tech"":true,""is_core_tech"":true,""scope"":""core"",""categories"":[""computer_software"",""cybersecurity_cryptography"",""electronics_communication""],""matched_fields"":[""major"",""description""],""major_terms"":[""信息安全"",""大数据"",""数据科学与大数据技术"",""电子信息类"",""网络工程"",""计算机科学与技术"",""计算机类"",""软件工程"",""通信工程""],""role_terms"":[""信息科技"",""信息系统"",""软硬件""],""reason"":""tech_major_and_role""},""original"":{""部门代码"":""132125"",""部门名称"":""国家金融监督管理总局云南监管局"",""用人司局"":""国家金融监督管理总局维西监管支局"",""机构性质"":""中央国家行政机关省级以下直属机构"",""招考职位"":""科技部门一级主任科员及以下"",""职位属性"":""金融监管计算机类职位"",""职位分布"":""西部地区和艰苦边远地区职位"",""职位简介"":""主要从事金融信息科技风险监管、电子设备软硬件管理及信息系统运行维护等工作"",""职位代码"":""300147865001"",""机构层级"":""县（区）级及以下"",""考试类别"":""市（地）级及以下直属机构综合管理类"",""招考人数"":""1"",""专业"":""计算机类（计算机科学与技术、软件工程、网络工程、信息安全、数据科学与大数据技术）、管理科学与工程类（管理科学、信息管理与信息系统、大数据管理与应用、计算金融）、电子信息类（通信工程）"",""学历"":""仅限本科"",""学位"":""学士"",""政治面貌"":""不限"",""基层工作最低年限"":""二年"",""服务基层项目工作经历"":""大学生村官、农村义务教育阶段学校教师特设岗位计划、“三支一扶”计划、大学生志愿服务西部计划、在军队服役5年（含）以上的高校毕业生退役士兵"",""是否在面试阶段组织专业能力测试"":""否"",""面试人员比例"":""3:1"",""工作地点"":""云南省迪庆藏族自治州维西傈僳族自治县"",""落户地点"":""云南省迪庆藏族自治州维西傈僳族自治县"",""备注"":""1.报名时请在专业栏中同时填写专业名称和专业代码；2.限云南省迪庆州户口；3.限大学生村官、农村义务教育阶段学校教师特设岗位计划、“三支一扶”计划、大学生志愿服务西部计划人员和在军队服务5年（含）以上的高校毕业生退役士兵报考，请在简历栏中注明相关经历； 4.最低服务年限五年（含试用期）。"",""部门网站"":""http://www.nfra.gov.cn/"",""咨询电话1"":""0871-64622327"",""咨询电话2"":""0871-64622067"",""咨询电话3"":""0871-64622382"",""来源Sheet"":""中央国家行政机关省级以下直属机构""}}"
"government_jobs","国家公务员2026招考简章","公务员/事业单位技术岗位","云南省红河哈尼族彝族自治州建水县","2026-07-28T09:12:58.310295+00:00","科技部门一级主任科员及以下","国家金融监督管理总局云南监管局","","云南省红河哈尼族彝族自治州建水县","公务员/事业单位;2026;computer_software;cybersecurity_cryptography;electronics_communication;仅限本科;学士;计算机类（计算机科学与技术、软件工程、网络工程、信息安全、数据科学与大数据技术）、管理科学与工程类（管理科学、信息管理与信息系统、大数据管理与应用、计算金融）、电子信息类（通信工程）;市（地）级及以下直属机构综合管理类","用人司局：国家金融监督管理总局建水监管支局
职位简介：主要从事金融信息科技风险监管、电子设备软硬件管理及信息系统运行维护等工作
专业要求：计算机类（计算机科学与技术、软件工程、网络工程、信息安全、数据科学与大数据技术）、管理科学与工程类（管理科学、信息管理与信息系统、大数据管理与应用、计算金融）、电子信息类（通信工程）
学历要求：仅限本科
学位要求：学士
政治面貌：不限
基层工作经历：无限制
考试类别：市（地）级及以下直属机构综合管理类
备注：1.报名时请在专业栏中同时填写专业名称和专业代码；2.限应届高校毕业生报考，请在备注栏中注明本人具有应届高校毕业生身份；3.要求本科学历大学英语四级成绩在425分及以上（雅思成绩在6分及以上、托福成绩在80分及以上、取得英语专业四级或专业八级合格证书亦可），请在外语水平栏注明已获得的英语等级证书及成绩；4.最低服务年限五年（含试用期）。","http://bm.scs.gov.cn/kl2026#132125-300147868001","2025-10-14","{""dataset_year"":2026,""job_uid"":""GOV-2026-132125-300147868001"",""publisher"":""国家公务员局"",""publication_page"":""http://bm.scs.gov.cn/kl2026"",""attachment_url"":""local://2026_guokao_zhaokaojianzhang.zip"",""local_source_file"":""中央机关及其直属机构2026年度考试录用公务员招考简章.xls"",""local_source_sha256"":""2670bae1df1dd07a3a3c79b9db46a11e3bb15a6c9c249e6af98bfd0b61ce3aaf"",""source_sheet"":""中央国家行政机关省级以下直属机构"",""filter_version"":""government_tech_v2"",""tech_filter"":{""is_tech"":true,""is_core_tech"":true,""scope"":""core"",""categories"":[""computer_software"",""cybersecurity_cryptography"",""electronics_communication""],""matched_fields"":[""major"",""description""],""major_terms"":[""信息安全"",""大数据"",""数据科学与大数据技术"",""电子信息类"",""网络工程"",""计算机科学与技术"",""计算机类"",""软件工程"",""通信工程""],""role_terms"":[""信息科技"",""信息系统"",""软硬件""],""reason"":""tech_major_and_role""},""original"":{""部门代码"":""132125"",""部门名称"":""国家金融监督管理总局云南监管局"",""用人司局"":""国家金融监督管理总局建水监管支局"",""机构性质"":""中央国家行政机关省级以下直属机构"",""招考职位"":""科技部门一级主任科员及以下"",""职位属性"":""金融监管计算机类职位"",""职位分布"":""西部地区和艰苦边远地区职位"",""职位简介"":""主要从事金融信息科技风险监管、电子设备软硬件管理及信息系统运行维护等工作"",""职位代码"":""300147868001"",""机构层级"":""县（区）级及以下"",""考试类别"":""市（地）级及以下直属机构综合管理类"",""招考人数"":""1"",""专业"":""计算机类（计算机科学与技术、软件工程、网络工程、信息安全、数据科学与大数据技术）、管理科学与工程类（管理科学、信息管理与信息系统、大数据管理与应用、计算金融）、电子信息类（通信工程）"",""学历"":""仅限本科"",""学位"":""学士"",""政治面貌"":""不限"",""基层工作最低年限"":""无限制"",""服务基层项目工作经历"":""无限制"",""是否在面试阶段组织专业能力测试"":""否"",""面试人员比例"":""3:1"",""工作地点"":""云南省红河哈尼族彝族自治州建水县"",""落户地点"":""云南省红河哈尼族彝族自治州建水县"",""备注"":""1.报名时请在专业栏中同时填写专业名称和专业代码；2.限应届高校毕业生报考，请在备注栏中注明本人具有应届高校毕业生身份；3.要求本科学历大学英语四级成绩在425分及以上（雅思成绩在6分及以上、托福成绩在80分及以上、取得英语专业四级或专业八级合格证书亦可），请在外语水平栏注明已获得的英语等级证书及成绩；4.最低服务年限五年（含试用期）。"",""部门网站"":""http://www.nfra.gov.cn/"",""咨询电话1"":""0871-64622327"",""咨询电话2"":""0871-64622067"",""咨询电话3"":""0871-64622382"",""来源Sheet"":""中央国家行政机关省级以下直属机构""}}"
"government_jobs","国家公务员2026招考简章","公务员/事业单位技术岗位","云南省红河哈尼族彝族自治州金平苗族瑶族傣族自治县","2026-07-28T09:12:58.310295+00:00","科技部门一级主任科员及以下","国家金融监督管理总局云南监管局","","云南省红河哈尼族彝族自治州金平苗族瑶族傣族自治县","公务员/事业单位;2026;computer_software;cybersecurity_cryptography;electronics_communication;仅限本科;学士;计算机类（计算机科学与技术、软件工程、网络工程、信息安全、数据科学与大数据技术）、管理科学与工程类（管理科学、信息管理与信息系统、大数据管理与应用、计算金融）、电子信息类（通信工程）;市（地）级及以下直属机构综合管理类","用人司局：国家金融监督管理总局金平监管支局
职位简介：主要从事金融信息科技风险监管、电子设备软硬件管理及信息系统运行维护等工作
专业要求：计算机类（计算机科学与技术、软件工程、网络工程、信息安全、数据科学与大数据技术）、管理科学与工程类（管理科学、信息管理与信息系统、大数据管理与应用、计算金融）、电子信息类（通信工程）
学历要求：仅限本科
学位要求：学士
政治面貌：不限
基层工作经历：无限制
考试类别：市（地）级及以下直属机构综合管理类
备注：1.报名时请在专业栏中同时填写专业名称和专业代码；2.限应届高校毕业生报考，请在备注栏中注明本人具有应届高校毕业生身份；3. 最低服务年限五年（含试用期）。","http://bm.scs.gov.cn/kl2026#132125-300147874001","2025-10-14","{""dataset_year"":2026,""job_uid"":""GOV-2026-132125-300147874001"",""publisher"":""国家公务员局"",""publication_page"":""http://bm.scs.gov.cn/kl2026"",""attachment_url"":""local://2026_guokao_zhaokaojianzhang.zip"",""local_source_file"":""中央机关及其直属机构2026年度考试录用公务员招考简章.xls"",""local_source_sha256"":""2670bae1df1dd07a3a3c79b9db46a11e3bb15a6c9c249e6af98bfd0b61ce3aaf"",""source_sheet"":""中央国家行政机关省级以下直属机构"",""filter_version"":""government_tech_v2"",""tech_filter"":{""is_tech"":true,""is_core_tech"":true,""scope"":""core"",""categories"":[""computer_software"",""cybersecurity_cryptography"",""electronics_communication""],""matched_fields"":[""major"",""description""],""major_terms"":[""信息安全"",""大数据"",""数据科学与大数据技术"",""电子信息类"",""网络工程"",""计算机科学与技术"",""计算机类"",""软件工程"",""通信工程""],""role_terms"":[""信息科技"",""信息系统"",""软硬件""],""reason"":""tech_major_and_role""},""original"":{""部门代码"":""132125"",""部门名称"":""国家金融监督管理总局云南监管局"",""用人司局"":""国家金融监督管理总局金平监管支局"",""机构性质"":""中央国家行政机关省级以下直属机构"",""招考职位"":""科技部门一级主任科员及以下"",""职位属性"":""金融监管计算机类职位"",""职位分布"":""西部地区和艰苦边远地区职位"",""职位简介"":""主要从事金融信息科技风险监管、电子设备软硬件管理及信息系统运行维护等工作"",""职位代码"":""300147874001"",""机构层级"":""县（区）级及以下"",""考试类别"":""市（地）级及以下直属机构综合管理类"",""招考人数"":""1"",""专业"":""计算机类（计算机科学与技术、软件工程、网络工程、信息安全、数据科学与大数据技术）、管理科学与工程类（管理科学、信息管理与信息系统、大数据管理与应用、计算金融）、电子信息类（通信工程）"",""学历"":""仅限本科"",""学位"":""学士"",""政治面貌"":""不限"",""基层工作最低年限"":""无限制"",""服务基层项目工作经历"":""无限制"",""是否在面试阶段组织专业能力测试"":""否"",""面试人员比例"":""3:1"",""工作地点"":""云南省红河哈尼族彝族自治州金平苗族瑶族傣族自治县"",""落户地点"":""云南省红河哈尼族彝族自治州金平苗族瑶族傣族自治县"",""备注"":""1.报名时请在专业栏中同时填写专业名称和专业代码；2.限应届高校毕业生报考，请在备注栏中注明本人具有应届高校毕业生身份；3. 最低服务年限五年（含试用期）。"",""部门网站"":""http://www.nfra.gov.cn/"",""咨询电话1"":""0871-64622327"",""咨询电话2"":""0871-64622067"",""咨询电话3"":""0871-64622382"",""来源Sheet"":""中央国家行政机关省级以下直属机构""}}"
"government_jobs","国家公务员2026招考简章","公务员/事业单位技术岗位","云南省昭通市镇雄县","2026-07-28T09:12:58.310295+00:00","科技部门一级主任科员及以下","国家金融监督管理总局云南监管局","","云南省昭通市镇雄县","公务员/事业单位;2026;computer_software;cybersecurity_cryptography;electronics_communication;仅限本科;学士;计算机类（计算机科学与技术、软件工程、网络工程、信息安全、数据科学与大数据技术）、管理科学与工程类（管理科学、信息管理与信息系统、大数据管理与应用、计算金融）、电子信息类（通信工程）;市（地）级及以下直属机构综合管理类","用人司局：国家金融监督管理总局镇雄监管支局
职位简介：主要从事金融信息科技风险监管、电子设备软硬件管理及信息系统运行维护等工作
专业要求：计算机类（计算机科学与技术、软件工程、网络工程、信息安全、数据科学与大数据技术）、管理科学与工程类（管理科学、信息管理与信息系统、大数据管理与应用、计算金融）、电子信息类（通信工程）
学历要求：仅限本科
学位要求：学士
政治面貌：不限
基层工作经历：无限制
考试类别：市（地）级及以下直属机构综合管理类
备注：1.报名时请在专业栏中同时填写专业名称和专业代码；2.限应届高校毕业生报考，请在备注栏中注明本人具有应届高校毕业生身份；3.限云南省户口；4.要求本科学历大学英语四级成绩在425分及以上（雅思成绩在6分及以上、托福成绩在80分及以上、取得英语专业四级或专业八级合格证书亦可），请在外语水平栏注明已获得的英语等级证书及成绩；5.最低服务年限五年（含试用期）。","http://bm.scs.gov.cn/kl2026#132125-300147876001","2025-10-14","{""dataset_year"":2026,""job_uid"":""GOV-2026-132125-300147876001"",""publisher"":""国家公务员局"",""publication_page"":""http://bm.scs.gov.cn/kl2026"",""attachment_url"":""local://2026_guokao_zhaokaojianzhang.zip"",""local_source_file"":""中央机关及其直属机构2026年度考试录用公务员招考简章.xls"",""local_source_sha256"":""2670bae1df1dd07a3a3c79b9db46a11e3bb15a6c9c249e6af98bfd0b61ce3aaf"",""source_sheet"":""中央国家行政机关省级以下直属机构"",""filter_version"":""government_tech_v2"",""tech_filter"":{""is_tech"":true,""is_core_tech"":true,""scope"":""core"",""categories"":[""computer_software"",""cybersecurity_cryptography"",""electronics_communication""],""matched_fields"":[""major"",""description""],""major_terms"":[""信息安全"",""大数据"",""数据科学与大数据技术"",""电子信息类"",""网络工程"",""计算机科学与技术"",""计算机类"",""软件工程"",""通信工程""],""role_terms"":[""信息科技"",""信息系统"",""软硬件""],""reason"":""tech_major_and_role""},""original"":{""部门代码"":""132125"",""部门名称"":""国家金融监督管理总局云南监管局"",""用人司局"":""国家金融监督管理总局镇雄监管支局"",""机构性质"":""中央国家行政机关省级以下直属机构"",""招考职位"":""科技部门一级主任科员及以下"",""职位属性"":""金融监管计算机类职位"",""职位分布"":""西部地区和艰苦边远地区职位"",""职位简介"":""主要从事金融信息科技风险监管、电子设备软硬件管理及信息系统运行维护等工作"",""职位代码"":""300147876001"",""机构层级"":""县（区）级及以下"",""考试类别"":""市（地）级及以下直属机构综合管理类"",""招考人数"":""1"",""专业"":""计算机类（计算机科学与技术、软件工程、网络工程、信息安全、数据科学与大数据技术）、管理科学与工程类（管理科学、信息管理与信息系统、大数据管理与应用、计算金融）、电子信息类（通信工程）"",""学历"":""仅限本科"",""学位"":""学士"",""政治面貌"":""不限"",""基层工作最低年限"":""无限制"",""服务基层项目工作经历"":""无限制"",""是否在面试阶段组织专业能力测试"":""否"",""面试人员比例"":""3:1"",""工作地点"":""云南省昭通市镇雄县"",""落户地点"":""云南省昭通市镇雄县"",""备注"":""1.报名时请在专业栏中同时填写专业名称和专业代码；2.限应届高校毕业生报考，请在备注栏中注明本人具有应届高校毕业生身份；3.限云南省户口；4.要求本科学历大学英语四级成绩在425分及以上（雅思成绩在6分及以上、托福成绩在80分及以上、取得英语专业四级或专业八级合格证书亦可），请在外语水平栏注明已获得的英语等级证书及成绩；5.最低服务年限五年（含试用期）。"",""部门网站"":""http://www.nfra.gov.cn/"",""咨询电话1"":""0871-64622327"",""咨询电话2"":""0871-64622067"",""咨询电话3"":""0871-64622382"",""来源Sheet"":""中央国家行政机关省级以下直属机构""}}"
"government_jobs","国家公务员2026招考简章","公务员/事业单位技术岗位","云南省玉溪市通海县","2026-07-28T09:12:58.310295+00:00","科技部门一级主任科员及以下","国家金融监督管理总局云南监管局","","云南省玉溪市通海县","公务员/事业单位;2026;computer_software;cybersecurity_cryptography;electronics_communication;仅限本科;学士;计算机类（计算机科学与技术、软件工程、网络工程、信息安全、数据科学与大数据技术）、管理科学与工程类（管理科学、信息管理与信息系统、大数据管理与应用、计算金融）、电子信息类（通信工程）;市（地）级及以下直属机构综合管理类","用人司局：国家金融监督管理总局通海监管支局
职位简介：主要从事金融信息科技风险监管、电子设备软硬件管理及信息系统运行维护等工作
专业要求：计算机类（计算机科学与技术、软件工程、网络工程、信息安全、数据科学与大数据技术）、管理科学与工程类（管理科学、信息管理与信息系统、大数据管理与应用、计算金融）、电子信息类（通信工程）
学历要求：仅限本科
学位要求：学士
政治面貌：不限
基层工作经历：无限制
考试类别：市（地）级及以下直属机构综合管理类
备注：1.报名时请在专业栏中同时填写专业名称和专业代码；2.限应届高校毕业生报考，请在备注栏中注明本人具有应届高校毕业生身份；3.要求本科学历大学英语四级成绩在425分及以上（雅思成绩在6分及以上、托福成绩在80分及以上、取得英语专业四级或专业八级合格证书亦可），请在外语水平栏注明已获得的英语等级证书及成绩；4.最低服务年限五年（含试用期）。","http://bm.scs.gov.cn/kl2026#132125-300147877001","2025-10-14","{""dataset_year"":2026,""job_uid"":""GOV-2026-132125-300147877001"",""publisher"":""国家公务员局"",""publication_page"":""http://bm.scs.gov.cn/kl2026"",""attachment_url"":""local://2026_guokao_zhaokaojianzhang.zip"",""local_source_file"":""中央机关及其直属机构2026年度考试录用公务员招考简章.xls"",""local_source_sha256"":""2670bae1df1dd07a3a3c79b9db46a11e3bb15a6c9c249e6af98bfd0b61ce3aaf"",""source_sheet"":""中央国家行政机关省级以下直属机构"",""filter_version"":""government_tech_v2"",""tech_filter"":{""is_tech"":true,""is_core_tech"":true,""scope"":""core"",""categories"":[""computer_software"",""cybersecurity_cryptography"",""electronics_communication""],""matched_fields"":[""major"",""description""],""major_terms"":[""信息安全"",""大数据"",""数据科学与大数据技术"",""电子信息类"",""网络工程"",""计算机科学与技术"",""计算机类"",""软件工程"",""通信工程""],""role_terms"":[""信息科技"",""信息系统"",""软硬件""],""reason"":""tech_major_and_role""},""original"":{""部门代码"":""132125"",""部门名称"":""国家金融监督管理总局云南监管局"",""用人司局"":""国家金融监督管理总局通海监管支局"",""机构性质"":""中央国家行政机关省级以下直属机构"",""招考职位"":""科技部门一级主任科员及以下"",""职位属性"":""金融监管计算机类职位"",""职位分布"":""西部地区和艰苦边远地区职位"",""职位简介"":""主要从事金融信息科技风险监管、电子设备软硬件管理及信息系统运行维护等工作"",""职位代码"":""300147877001"",""机构层级"":""县（区）级及以下"",""考试类别"":""市（地）级及以下直属机构综合管理类"",""招考人数"":""1"",""专业"":""计算机类（计算机科学与技术、软件工程、网络工程、信息安全、数据科学与大数据技术）、管理科学与工程类（管理科学、信息管理与信息系统、大数据管理与应用、计算金融）、电子信息类（通信工程）"",""学历"":""仅限本科"",""学位"":""学士"",""政治面貌"":""不限"",""基层工作最低年限"":""无限制"",""服务基层项目工作经历"":""无限制"",""是否在面试阶段组织专业能力测试"":""否"",""面试人员比例"":""3:1"",""工作地点"":""云南省玉溪市通海县"",""落户地点"":""云南省玉溪市通海县"",""备注"":""1.报名时请在专业栏中同时填写专业名称和专业代码；2.限应届高校毕业生报考，请在备注栏中注明本人具有应届高校毕业生身份；3.要求本科学历大学英语四级成绩在425分及以上（雅思成绩在6分及以上、托福成绩在80分及以上、取得英语专业四级或专业八级合格证书亦可），请在外语水平栏注明已获得的英语等级证书及成绩；4.最低服务年限五年（含试用期）。"",""部门网站"":""http://www.nfra.gov.cn/"",""咨询电话1"":""0871-64622327"",""咨询电话2"":""0871-64622067"",""咨询电话3"":""0871-64622382"",""来源Sheet"":""中央国家行政机关省级以下直属机构""}}"
"government_jobs","国家公务员2026招考简章","公务员/事业单位技术岗位","云南省玉溪市新平彝族傣族自治县","2026-07-28T09:12:58.310295+00:00","科技部门一级主任科员及以下","国家金融监督管理总局云南监管局","","云南省玉溪市新平彝族傣族自治县","公务员/事业单位;2026;computer_software;cybersecurity_cryptography;electronics_communication;仅限本科;学士;计算机类（计算机科学与技术、软件工程、网络工程、信息安全、数据科学与大数据技术）、管理科学与工程类（管理科学、信息管理与信息系统、大数据管理与应用、计算金融）、电子信息类（通信工程）;市（地）级及以下直属机构综合管理类","用人司局：国家金融监督管理总局新平监管支局
职位简介：主要从事金融信息科技风险监管、电子设备软硬件管理及信息系统运行维护等工作
专业要求：计算机类（计算机科学与技术、软件工程、网络工程、信息安全、数据科学与大数据技术）、管理科学与工程类（管理科学、信息管理与信息系统、大数据管理与应用、计算金融）、电子信息类（通信工程）
学历要求：仅限本科
学位要求：学士
政治面貌：不限
基层工作经历：无限制
考试类别：市（地）级及以下直属机构综合管理类
备注：1.报名时请在专业栏中同时填写专业名称和专业代码；2.限应届高校毕业生报考，请在备注栏中注明本人具有应届高校毕业生身份；3.要求本科学历大学英语四级成绩在425分及以上（雅思成绩在6分及以上、托福成绩在80分及以上、取得英语专业四级或专业八级合格证书亦可），请在外语水平栏注明已获得的英语等级证书及成绩；4.最低服务年限五年（含试用期）。","http://bm.scs.gov.cn/kl2026#132125-300147879001","2025-10-14","{""dataset_year"":2026,""job_uid"":""GOV-2026-132125-300147879001"",""publisher"":""国家公务员局"",""publication_page"":""http://bm.scs.gov.cn/kl2026"",""attachment_url"":""local://2026_guokao_zhaokaojianzhang.zip"",""local_source_file"":""中央机关及其直属机构2026年度考试录用公务员招考简章.xls"",""local_source_sha256"":""2670bae1df1dd07a3a3c79b9db46a11e3bb15a6c9c249e6af98bfd0b61ce3aaf"",""source_sheet"":""中央国家行政机关省级以下直属机构"",""filter_version"":""government_tech_v2"",""tech_filter"":{""is_tech"":true,""is_core_tech"":true,""scope"":""core"",""categories"":[""computer_software"",""cybersecurity_cryptography"",""electronics_communication""],""matched_fields"":[""major"",""description""],""major_terms"":[""信息安全"",""大数据"",""数据科学与大数据技术"",""电子信息类"",""网络工程"",""计算机科学与技术"",""计算机类"",""软件工程"",""通信工程""],""role_terms"":[""信息科技"",""信息系统"",""软硬件""],""reason"":""tech_major_and_role""},""original"":{""部门代码"":""132125"",""部门名称"":""国家金融监督管理总局云南监管局"",""用人司局"":""国家金融监督管理总局新平监管支局"",""机构性质"":""中央国家行政机关省级以下直属机构"",""招考职位"":""科技部门一级主任科员及以下"",""职位属性"":""金融监管计算机类职位"",""职位分布"":""西部地区和艰苦边远地区职位"",""职位简介"":""主要从事金融信息科技风险监管、电子设备软硬件管理及信息系统运行维护等工作"",""职位代码"":""300147879001"",""机构层级"":""县（区）级及以下"",""考试类别"":""市（地）级及以下直属机构综合管理类"",""招考人数"":""1"",""专业"":""计算机类（计算机科学与技术、软件工程、网络工程、信息安全、数据科学与大数据技术）、管理科学与工程类（管理科学、信息管理与信息系统、大数据管理与应用、计算金融）、电子信息类（通信工程）"",""学历"":""仅限本科"",""学位"":""学士"",""政治面貌"":""不限"",""基层工作最低年限"":""无限制"",""服务基层项目工作经历"":""无限制"",""是否在面试阶段组织专业能力测试"":""否"",""面试人员比例"":""3:1"",""工作地点"":""云南省玉溪市新平彝族傣族自治县"",""落户地点"":""云南省玉溪市新平彝族傣族自治县"",""备注"":""1.报名时请在专业栏中同时填写专业名称和专业代码；2.限应届高校毕业生报考，请在备注栏中注明本人具有应届高校毕业生身份；3.要求本科学历大学英语四级成绩在425分及以上（雅思成绩在6分及以上、托福成绩在80分及以上、取得英语专业四级或专业八级合格证书亦可），请在外语水平栏注明已获得的英语等级证书及成绩；4.最低服务年限五年（含试用期）。"",""部门网站"":""http://www.nfra.gov.cn/"",""咨询电话1"":""0871-64622327"",""咨询电话2"":""0871-64622067"",""咨询电话3"":""0871-64622382"",""来源Sheet"":""中央国家行政机关省级以下直属机构""}}"
"government_jobs","国家公务员2026招考简章","公务员/事业单位技术岗位","云南省文山壮族苗族自治州砚山县","2026-07-28T09:12:58.310295+00:00","科技部门一级主任科员及以下","国家金融监督管理总局云南监管局","","云南省文山壮族苗族自治州砚山县","公务员/事业单位;2026;computer_software;cybersecurity_cryptography;electronics_communication;仅限本科;学士;计算机类（计算机科学与技术、软件工程、网络工程、信息安全、数据科学与大数据技术）、管理科学与工程类（管理科学、信息管理与信息系统、大数据管理与应用、计算金融）、电子信息类（通信工程）;市（地）级及以下直属机构综合管理类","用人司局：国家金融监督管理总局砚山监管支局
职位简介：主要从事金融信息科技风险监管、电子设备软硬件管理及信息系统运行维护等工作
专业要求：计算机类（计算机科学与技术、软件工程、网络工程、信息安全、数据科学与大数据技术）、管理科学与工程类（管理科学、信息管理与信息系统、大数据管理与应用、计算金融）、电子信息类（通信工程）
学历要求：仅限本科
学位要求：学士
政治面貌：不限
基层工作经历：二年
考试类别：市（地）级及以下直属机构综合管理类
备注：1.报名时请在专业栏中同时填写专业名称和专业代码；2.限大学生村官、农村义务教育阶段学校教师特设岗位计划、“三支一扶”计划、大学生志愿服务西部计划人员和在军队服务5年（含）以上的高校毕业生退役士兵报考，请在简历栏中注明相关经历；3.要求本科学历大学英语四级成绩在425分及以上（雅思成绩在6分及以上、托福成绩在80分及以上、取得英语专业四级或专业八级合格证书亦可），请在外语水平栏注明已获得的英语等级证书及成绩；4.最低服务年限五年（含试用期）。","http://bm.scs.gov.cn/kl2026#132125-300147880001","2025-10-14","{""dataset_year"":2026,""job_uid"":""GOV-2026-132125-300147880001"",""publisher"":""国家公务员局"",""publication_page"":""http://bm.scs.gov.cn/kl2026"",""attachment_url"":""local://2026_guokao_zhaokaojianzhang.zip"",""local_source_file"":""中央机关及其直属机构2026年度考试录用公务员招考简章.xls"",""local_source_sha256"":""2670bae1df1dd07a3a3c79b9db46a11e3bb15a6c9c249e6af98bfd0b61ce3aaf"",""source_sheet"":""中央国家行政机关省级以下直属机构"",""filter_version"":""government_tech_v2"",""tech_filter"":{""is_tech"":true,""is_core_tech"":true,""scope"":""core"",""categories"":[""computer_software"",""cybersecurity_cryptography"",""electronics_communication""],""matched_fields"":[""major"",""description""],""major_terms"":[""信息安全"",""大数据"",""数据科学与大数据技术"",""电子信息类"",""网络工程"",""计算机科学与技术"",""计算机类"",""软件工程"",""通信工程""],""role_terms"":[""信息科技"",""信息系统"",""软硬件""],""reason"":""tech_major_and_role""},""original"":{""部门代码"":""132125"",""部门名称"":""国家金融监督管理总局云南监管局"",""用人司局"":""国家金融监督管理总局砚山监管支局"",""机构性质"":""中央国家行政机关省级以下直属机构"",""招考职位"":""科技部门一级主任科员及以下"",""职位属性"":""金融监管计算机类职位"",""职位分布"":""西部地区和艰苦边远地区职位"",""职位简介"":""主要从事金融信息科技风险监管、电子设备软硬件管理及信息系统运行维护等工作"",""职位代码"":""300147880001"",""机构层级"":""县（区）级及以下"",""考试类别"":""市（地）级及以下直属机构综合管理类"",""招考人数"":""1"",""专业"":""计算机类（计算机科学与技术、软件工程、网络工程、信息安全、数据科学与大数据技术）、管理科学与工程类（管理科学、信息管理与信息系统、大数据管理与应用、计算金融）、电子信息类（通信工程）"",""学历"":""仅限本科"",""学位"":""学士"",""政治面貌"":""不限"",""基层工作最低年限"":""二年"",""服务基层项目工作经历"":""大学生村官、农村义务教育阶段学校教师特设岗位计划、“三支一扶”计划、大学生志愿服务西部计划、在军队服役5年（含）以上的高校毕业生退役士兵"",""是否在面试阶段组织专业能力测试"":""否"",""面试人员比例"":""3:1"",""工作地点"":""云南省文山壮族苗族自治州砚山县"",""落户地点"":""云南省文山壮族苗族自治州砚山县"",""备注"":""1.报名时请在专业栏中同时填写专业名称和专业代码；2.限大学生村官、农村义务教育阶段学校教师特设岗位计划、“三支一扶”计划、大学生志愿服务西部计划人员和在军队服务5年（含）以上的高校毕业生退役士兵报考，请在简历栏中注明相关经历；3.要求本科学历大学英语四级成绩在425分及以上（雅思成绩在6分及以上、托福成绩在80分及以上、取得英语专业四级或专业八级合格证书亦可），请在外语水平栏注明已获得的英语等级证书及成绩；4.最低服务年限五年（含试用期）。"",""部门网站"":""http://www.nfra.gov.cn/"",""咨询电话1"":""0871-64622327"",""咨询电话2"":""0871-64622067"",""咨询电话3"":""0871-64622382"",""来源Sheet"":""中央国家行政机关省级以下直属机构""}}"
"government_jobs","国家公务员2026招考简章","公务员/事业单位技术岗位","云南省普洱市江城哈尼族彝族自治县","2026-07-28T09:12:58.310295+00:00","科技部门一级主任科员及以下","国家金融监督管理总局云南监管局","","云南省普洱市江城哈尼族彝族自治县","公务员/事业单位;2026;computer_software;cybersecurity_cryptography;electronics_communication;仅限本科;学士;计算机类（计算机科学与技术、软件工程、网络工程、信息安全、数据科学与大数据技术）、管理科学与工程类（管理科学、信息管理与信息系统、大数据管理与应用、计算金融）、电子信息类（通信工程）;市（地）级及以下直属机构综合管理类","用人司局：国家金融监督管理总局江城监管支局
职位简介：主要从事金融信息科技风险监管、电子设备软硬件管理及信息系统运行维护等工作
专业要求：计算机类（计算机科学与技术、软件工程、网络工程、信息安全、数据科学与大数据技术）、管理科学与工程类（管理科学、信息管理与信息系统、大数据管理与应用、计算金融）、电子信息类（通信工程）
学历要求：仅限本科
学位要求：学士
政治面貌：不限
基层工作经历：无限制
考试类别：市（地）级及以下直属机构综合管理类
备注：1.该职位仅限男性报考；2.报名时请在专业栏中同时填写专业名称和专业代码；3.限应届高校毕业生报考，请在备注栏中注明本人具有应届高校毕业生身份；4 .最低服务年限五年（含试用期）。","http://bm.scs.gov.cn/kl2026#132125-300147885001","2025-10-14","{""dataset_year"":2026,""job_uid"":""GOV-2026-132125-300147885001"",""publisher"":""国家公务员局"",""publication_page"":""http://bm.scs.gov.cn/kl2026"",""attachment_url"":""local://2026_guokao_zhaokaojianzhang.zip"",""local_source_file"":""中央机关及其直属机构2026年度考试录用公务员招考简章.xls"",""local_source_sha256"":""2670bae1df1dd07a3a3c79b9db46a11e3bb15a6c9c249e6af98bfd0b61ce3aaf"",""source_sheet"":""中央国家行政机关省级以下直属机构"",""filter_version"":""government_tech_v2"",""tech_filter"":{""is_tech"":true,""is_core_tech"":true,""scope"":""core"",""categories"":[""computer_software"",""cybersecurity_cryptography"",""electronics_communication""],""matched_fields"":[""major"",""description""],""major_terms"":[""信息安全"",""大数据"",""数据科学与大数据技术"",""电子信息类"",""网络工程"",""计算机科学与技术"",""计算机类"",""软件工程"",""通信工程""],""role_terms"":[""信息科技"",""信息系统"",""软硬件""],""reason"":""tech_major_and_role""},""original"":{""部门代码"":""132125"",""部门名称"":""国家金融监督管理总局云南监管局"",""用人司局"":""国家金融监督管理总局江城监管支局"",""机构性质"":""中央国家行政机关省级以下直属机构"",""招考职位"":""科技部门一级主任科员及以下"",""职位属性"":""金融监管计算机类职位"",""职位分布"":""西部地区和艰苦边远地区职位"",""职位简介"":""主要从事金融信息科技风险监管、电子设备软硬件管理及信息系统运行维护等工作"",""职位代码"":""300147885001"",""机构层级"":""县（区）级及以下"",""考试类别"":""市（地）级及以下直属机构综合管理类"",""招考人数"":""1"",""专业"":""计算机类（计算机科学与技术、软件工程、网络工程、信息安全、数据科学与大数据技术）、管理科学与工程类（管理科学、信息管理与信息系统、大数据管理与应用、计算金融）、电子信息类（通信工程）"",""学历"":""仅限本科"",""学位"":""学士"",""政治面貌"":""不限"",""基层工作最低年限"":""无限制"",""服务基层项目工作经历"":""无限制"",""是否在面试阶段组织专业能力测试"":""否"",""面试人员比例"":""3:1"",""工作地点"":""云南省普洱市江城哈尼族彝族自治县"",""落户地点"":""云南省普洱市江城哈尼族彝族自治县"",""备注"":""1.该职位仅限男性报考；2.报名时请在专业栏中同时填写专业名称和专业代码；3.限应届高校毕业生报考，请在备注栏中注明本人具有应届高校毕业生身份；4 .最低服务年限五年（含试用期）。"",""部门网站"":""http://www.nfra.gov.cn/"",""咨询电话1"":""0871-64622327"",""咨询电话2"":""0871-64622067"",""咨询电话3"":""0871-64622382"",""来源Sheet"":""中央国家行政机关省级以下直属机构""}}"
"government_jobs","国家公务员2026招考简章","公务员/事业单位技术岗位","云南省普洱市江城哈尼族彝族自治县","2026-07-28T09:12:58.310295+00:00","科技部门一级主任科员及以下","国家金融监督管理总局云南监管局","","云南省普洱市江城哈尼族彝族自治县","公务员/事业单位;2026;computer_software;cybersecurity_cryptography;electronics_communication;仅限本科;学士;计算机类（计算机科学与技术、软件工程、网络工程、信息安全、数据科学与大数据技术）、管理科学与工程类（管理科学、信息管理与信息系统、大数据管理与应用、计算金融）、电子信息类（通信工程）;市（地）级及以下直属机构综合管理类","用人司局：国家金融监督管理总局江城监管支局
职位简介：主要从事金融信息科技风险监管、电子设备软硬件管理及信息系统运行维护等工作
专业要求：计算机类（计算机科学与技术、软件工程、网络工程、信息安全、数据科学与大数据技术）、管理科学与工程类（管理科学、信息管理与信息系统、大数据管理与应用、计算金融）、电子信息类（通信工程）
学历要求：仅限本科
学位要求：学士
政治面貌：不限
基层工作经历：无限制
考试类别：市（地）级及以下直属机构综合管理类
备注：1.该职位仅限女性报考；2.报名时请在专业栏中同时填写专业名称和专业代码；3.限应届高校毕业生报考，请在备注栏中注明本人具有应届高校毕业生身份；4 .最低服务年限五年（含试用期）。","http://bm.scs.gov.cn/kl2026#132125-300147885002","2025-10-14","{""dataset_year"":2026,""job_uid"":""GOV-2026-132125-300147885002"",""publisher"":""国家公务员局"",""publication_page"":""http://bm.scs.gov.cn/kl2026"",""attachment_url"":""local://2026_guokao_zhaokaojianzhang.zip"",""local_source_file"":""中央机关及其直属机构2026年度考试录用公务员招考简章.xls"",""local_source_sha256"":""2670bae1df1dd07a3a3c79b9db46a11e3bb15a6c9c249e6af98bfd0b61ce3aaf"",""source_sheet"":""中央国家行政机关省级以下直属机构"",""filter_version"":""government_tech_v2"",""tech_filter"":{""is_tech"":true,""is_core_tech"":true,""scope"":""core"",""categories"":[""computer_software"",""cybersecurity_cryptography"",""electronics_communication""],""matched_fields"":[""major"",""description""],""major_terms"":[""信息安全"",""大数据"",""数据科学与大数据技术"",""电子信息类"",""网络工程"",""计算机科学与技术"",""计算机类"",""软件工程"",""通信工程""],""role_terms"":[""信息科技"",""信息系统"",""软硬件""],""reason"":""tech_major_and_role""},""original"":{""部门代码"":""132125"",""部门名称"":""国家金融监督管理总局云南监管局"",""用人司局"":""国家金融监督管理总局江城监管支局"",""机构性质"":""中央国家行政机关省级以下直属机构"",""招考职位"":""科技部门一级主任科员及以下"",""职位属性"":""金融监管计算机类职位"",""职位分布"":""西部地区和艰苦边远地区职位"",""职位简介"":""主要从事金融信息科技风险监管、电子设备软硬件管理及信息系统运行维护等工作"",""职位代码"":""300147885002"",""机构层级"":""县（区）级及以下"",""考试类别"":""市（地）级及以下直属机构综合管理类"",""招考人数"":""1"",""专业"":""计算机类（计算机科学与技术、软件工程、网络工程、信息安全、数据科学与大数据技术）、管理科学与工程类（管理科学、信息管理与信息系统、大数据管理与应用、计算金融）、电子信息类（通信工程）"",""学历"":""仅限本科"",""学位"":""学士"",""政治面貌"":""不限"",""基层工作最低年限"":""无限制"",""服务基层项目工作经历"":""无限制"",""是否在面试阶段组织专业能力测试"":""否"",""面试人员比例"":""3:1"",""工作地点"":""云南省普洱市江城哈尼族彝族自治县"",""落户地点"":""云南省普洱市江城哈尼族彝族自治县"",""备注"":""1.该职位仅限女性报考；2.报名时请在专业栏中同时填写专业名称和专业代码；3.限应届高校毕业生报考，请在备注栏中注明本人具有应届高校毕业生身份；4 .最低服务年限五年（含试用期）。"",""部门网站"":""http://www.nfra.gov.cn/"",""咨询电话1"":""0871-64622327"",""咨询电话2"":""0871-64622067"",""咨询电话3"":""0871-64622382"",""来源Sheet"":""中央国家行政机关省级以下直属机构""}}"
"government_jobs","国家公务员2026招考简章","公务员/事业单位技术岗位","甘肃省兰州市","2026-07-28T09:12:58.310295+00:00","科技部门一级主任科员及以下","国家金融监督管理总局甘肃监管局","","甘肃省兰州市","公务员/事业单位;2026;computer_software;硕士研究生及以上;与最高学历相对应的学位;计算机类专业;中央机关及其省级直属机构综合管理类","用人司局：国家金融监督管理总局甘肃监管局
职位简介：主要从事金融信息科技风险监管、电子设备软硬件管理及信息系统运行维护等工作。
专业要求：计算机类专业
学历要求：硕士研究生及以上
学位要求：与最高学历相对应的学位
政治面貌：不限
基层工作经历：二年
考试类别：中央机关及其省级直属机构综合管理类
备注：1.报名时请在专业栏中同时填写专业名称和专业代码；2.大学英语六级成绩在425分及以上，含425分（雅思成绩在6.5分及以上、托福成绩在90分及以上、取得英语专业四级或专业八级合格证书亦可），请在外语水平栏注明已获得的英语等级证书及成绩；3.要求有2年以上工作经历，请在简历栏中注明相关经历；4.专业考试信息请参见《2026年度国家金融监督管理总局招考职位专业科目笔试考试大纲》。","http://bm.scs.gov.cn/kl2026#132128-300147919001","2025-10-14","{""dataset_year"":2026,""job_uid"":""GOV-2026-132128-300147919001"",""publisher"":""国家公务员局"",""publication_page"":""http://bm.scs.gov.cn/kl2026"",""attachment_url"":""local://2026_guokao_zhaokaojianzhang.zip"",""local_source_file"":""中央机关及其直属机构2026年度考试录用公务员招考简章.xls"",""local_source_sha256"":""2670bae1df1dd07a3a3c79b9db46a11e3bb15a6c9c249e6af98bfd0b61ce3aaf"",""source_sheet"":""中央国家行政机关省级以下直属机构"",""filter_version"":""government_tech_v2"",""tech_filter"":{""is_tech"":true,""is_core_tech"":true,""scope"":""core"",""categories"":[""computer_software""],""matched_fields"":[""major"",""description""],""major_terms"":[""计算机类""],""role_terms"":[""信息科技"",""信息系统"",""软硬件""],""reason"":""tech_major_and_role""},""original"":{""部门代码"":""132128"",""部门名称"":""国家金融监督管理总局甘肃监管局"",""用人司局"":""国家金融监督管理总局甘肃监管局"",""机构性质"":""中央国家行政机关省级以下直属机构"",""招考职位"":""科技部门一级主任科员及以下"",""职位属性"":""金融监管计算机类职位"",""职位分布"":""其他职位"",""职位简介"":""主要从事金融信息科技风险监管、电子设备软硬件管理及信息系统运行维护等工作。"",""职位代码"":""300147919001"",""机构层级"":""省（副省）级"",""考试类别"":""中央机关及其省级直属机构综合管理类"",""招考人数"":""1"",""专业"":""计算机类专业"",""学历"":""硕士研究生及以上"",""学位"":""与最高学历相对应的学位"",""政治面貌"":""不限"",""基层工作最低年限"":""二年"",""服务基层项目工作经历"":""无限制"",""是否在面试阶段组织专业能力测试"":""否"",""面试人员比例"":""4:1"",""工作地点"":""甘肃省兰州市"",""落户地点"":""甘肃省兰州市"",""备注"":""1.报名时请在专业栏中同时填写专业名称和专业代码；2.大学英语六级成绩在425分及以上，含425分（雅思成绩在6.5分及以上、托福成绩在90分及以上、取得英语专业四级或专业八级合格证书亦可），请在外语水平栏注明已获得的英语等级证书及成绩；3.要求有2年以上工作经历，请在简历栏中注明相关经历；4.专业考试信息请参见《2026年度国家金融监督管理总局招考职位专业科目笔试考试大纲》。"",""部门网站"":""www.nfra.gov.cn"",""咨询电话1"":""0931-8855344"",""咨询电话2"":""0931-8822952"",""咨询电话3"":"""",""来源Sheet"":""中央国家行政机关省级以下直属机构""}}"
"government_jobs","国家公务员2026招考简章","公务员/事业单位技术岗位","甘肃省张掖市","2026-07-28T09:12:58.310295+00:00","科技部门一级主任科员及以下","国家金融监督管理总局甘肃监管局","","甘肃省张掖市","公务员/事业单位;2026;computer_software;仅限本科;与最高学历相对应的学位;计算机类专业;市（地）级及以下直属机构综合管理类","用人司局：国家金融监督管理总局张掖监管分局
职位简介：主要从事金融信息科技风险监管、电子设备软硬件管理及信息系统运行维护等工作。
专业要求：计算机类专业
学历要求：仅限本科
学位要求：与最高学历相对应的学位
政治面貌：不限
基层工作经历：无限制
考试类别：市（地）级及以下直属机构综合管理类
备注：1.报名时请在专业栏中同时填写专业名称和专业代码；2.限应届高校毕业生报考，请在备注栏中注明本人具有应届高校毕业生身份；3.要求大学英语四级成绩在425分及以上，含425分（雅思成绩在6分及以上、托福成绩在80分及以上、取得英语专业四级或专业八级合格证书亦可），请在外语水平栏注明已获得的英语等级证书及成绩；4.专业考试信息请参见《2026年度国家金融监督管理总局招考职位专业科目笔试考试大纲》。","http://bm.scs.gov.cn/kl2026#132128-300147922001","2025-10-14","{""dataset_year"":2026,""job_uid"":""GOV-2026-132128-300147922001"",""publisher"":""国家公务员局"",""publication_page"":""http://bm.scs.gov.cn/kl2026"",""attachment_url"":""local://2026_guokao_zhaokaojianzhang.zip"",""local_source_file"":""中央机关及其直属机构2026年度考试录用公务员招考简章.xls"",""local_source_sha256"":""2670bae1df1dd07a3a3c79b9db46a11e3bb15a6c9c249e6af98bfd0b61ce3aaf"",""source_sheet"":""中央国家行政机关省级以下直属机构"",""filter_version"":""government_tech_v2"",""tech_filter"":{""is_tech"":true,""is_core_tech"":true,""scope"":""core"",""categories"":[""computer_software""],""matched_fields"":[""major"",""description""],""major_terms"":[""计算机类""],""role_terms"":[""信息科技"",""信息系统"",""软硬件""],""reason"":""tech_major_and_role""},""original"":{""部门代码"":""132128"",""部门名称"":""国家金融监督管理总局甘肃监管局"",""用人司局"":""国家金融监督管理总局张掖监管分局"",""机构性质"":""中央国家行政机关省级以下直属机构"",""招考职位"":""科技部门一级主任科员及以下"",""职位属性"":""金融监管计算机类职位"",""职位分布"":""西部地区和艰苦边远地区职位"",""职位简介"":""主要从事金融信息科技风险监管、电子设备软硬件管理及信息系统运行维护等工作。"",""职位代码"":""300147922001"",""机构层级"":""市（地）级"",""考试类别"":""市（地）级及以下直属机构综合管理类"",""招考人数"":""2"",""专业"":""计算机类专业"",""学历"":""仅限本科"",""学位"":""与最高学历相对应的学位"",""政治面貌"":""不限"",""基层工作最低年限"":""无限制"",""服务基层项目工作经历"":""无限制"",""是否在面试阶段组织专业能力测试"":""否"",""面试人员比例"":""3:1"",""工作地点"":""甘肃省张掖市"",""落户地点"":""甘肃省张掖市"",""备注"":""1.报名时请在专业栏中同时填写专业名称和专业代码；2.限应届高校毕业生报考，请在备注栏中注明本人具有应届高校毕业生身份；3.要求大学英语四级成绩在425分及以上，含425分（雅思成绩在6分及以上、托福成绩在80分及以上、取得英语专业四级或专业八级合格证书亦可），请在外语水平栏注明已获得的英语等级证书及成绩；4.专业考试信息请参见《2026年度国家金融监督管理总局招考职位专业科目笔试考试大纲》。"",""部门网站"":""www.nfra.gov.cn"",""咨询电话1"":""0931-8855344"",""咨询电话2"":""0931-8822952"",""咨询电话3"":"""",""来源Sheet"":""中央国家行政机关省级以下直属机构""}}"
"government_jobs","国家公务员2026招考简章","公务员/事业单位技术岗位","甘肃省金昌市","2026-07-28T09:12:58.310295+00:00","科技部门一级主任科员及以下","国家金融监督管理总局甘肃监管局","","甘肃省金昌市","公务员/事业单位;2026;computer_software;仅限本科;与最高学历相对应的学位;计算机类专业;市（地）级及以下直属机构综合管理类","用人司局：国家金融监督管理总局金昌监管分局
职位简介：主要从事金融信息科技风险监管、电子设备软硬件管理及信息系统运行维护等工作。
专业要求：计算机类专业
学历要求：仅限本科
学位要求：与最高学历相对应的学位
政治面貌：不限
基层工作经历：无限制
考试类别：市（地）级及以下直属机构综合管理类
备注：1.报名时请在专业栏中同时填写专业名称和专业代码；2.限应届高校毕业生报考，请在备注栏中注明本人具有应届高校毕业生身份；3.要求大学英语四级成绩在425分及以上，含425分（雅思成绩在6分及以上、托福成绩在80分及以上、取得英语专业四级或专业八级合格证书亦可），请在外语水平栏注明已获得的英语等级证书及成绩；4.专业考试信息请参见《2026年度国家金融监督管理总局招考职位专业科目笔试考试大纲》。","http://bm.scs.gov.cn/kl2026#132128-300147923001","2025-10-14","{""dataset_year"":2026,""job_uid"":""GOV-2026-132128-300147923001"",""publisher"":""国家公务员局"",""publication_page"":""http://bm.scs.gov.cn/kl2026"",""attachment_url"":""local://2026_guokao_zhaokaojianzhang.zip"",""local_source_file"":""中央机关及其直属机构2026年度考试录用公务员招考简章.xls"",""local_source_sha256"":""2670bae1df1dd07a3a3c79b9db46a11e3bb15a6c9c249e6af98bfd0b61ce3aaf"",""source_sheet"":""中央国家行政机关省级以下直属机构"",""filter_version"":""government_tech_v2"",""tech_filter"":{""is_tech"":true,""is_core_tech"":true,""scope"":""core"",""categories"":[""computer_software""],""matched_fields"":[""major"",""description""],""major_terms"":[""计算机类""],""role_terms"":[""信息科技"",""信息系统"",""软硬件""],""reason"":""tech_major_and_role""},""original"":{""部门代码"":""132128"",""部门名称"":""国家金融监督管理总局甘肃监管局"",""用人司局"":""国家金融监督管理总局金昌监管分局"",""机构性质"":""中央国家行政机关省级以下直属机构"",""招考职位"":""科技部门一级主任科员及以下"",""职位属性"":""金融监管计算机类职位"",""职位分布"":""西部地区和艰苦边远地区职位"",""职位简介"":""主要从事金融信息科技风险监管、电子设备软硬件管理及信息系统运行维护等工作。"",""职位代码"":""300147923001"",""机构层级"":""市（地）级"",""考试类别"":""市（地）级及以下直属机构综合管理类"",""招考人数"":""1"",""专业"":""计算机类专业"",""学历"":""仅限本科"",""学位"":""与最高学历相对应的学位"",""政治面貌"":""不限"",""基层工作最低年限"":""无限制"",""服务基层项目工作经历"":""无限制"",""是否在面试阶段组织专业能力测试"":""否"",""面试人员比例"":""3:1"",""工作地点"":""甘肃省金昌市"",""落户地点"":""甘肃省金昌市"",""备注"":""1.报名时请在专业栏中同时填写专业名称和专业代码；2.限应届高校毕业生报考，请在备注栏中注明本人具有应届高校毕业生身份；3.要求大学英语四级成绩在425分及以上，含425分（雅思成绩在6分及以上、托福成绩在80分及以上、取得英语专业四级或专业八级合格证书亦可），请在外语水平栏注明已获得的英语等级证书及成绩；4.专业考试信息请参见《2026年度国家金融监督管理总局招考职位专业科目笔试考试大纲》。"",""部门网站"":""www.nfra.gov.cn"",""咨询电话1"":""0931-8855344"",""咨询电话2"":""0931-8822952"",""咨询电话3"":"""",""来源Sheet"":""中央国家行政机关省级以下直属机构""}}"
"government_jobs","国家公务员2026招考简章","公务员/事业单位技术岗位","甘肃省天水市","2026-07-28T09:12:58.310295+00:00","科技部门一级主任科员及以下","国家金融监督管理总局甘肃监管局","","甘肃省天水市","公务员/事业单位;2026;computer_software;仅限本科;与最高学历相对应的学位;计算机类专业;市（地）级及以下直属机构综合管理类","用人司局：国家金融监督管理总局天水监管分局
职位简介：主要从事金融信息科技风险监管、电子设备软硬件管理及信息系统运行维护等工作。
专业要求：计算机类专业
学历要求：仅限本科
学位要求：与最高学历相对应的学位
政治面貌：不限
基层工作经历：无限制
考试类别：市（地）级及以下直属机构综合管理类
备注：1.报名时请在专业栏中同时填写专业名称和专业代码；2.限应届高校毕业生报考，请在备注栏中注明本人具有应届高校毕业生身份；3.要求大学英语四级成绩在425分及以上，含425分（雅思成绩在6分及以上、托福成绩在80分及以上、取得英语专业四级或专业八级合格证书亦可），请在外语水平栏注明已获得的英语等级证书及成绩；4.专业考试信息请参见《2026年度国家金融监督管理总局招考职位专业科目笔试考试大纲》。","http://bm.scs.gov.cn/kl2026#132128-300147927001","2025-10-14","{""dataset_year"":2026,""job_uid"":""GOV-2026-132128-300147927001"",""publisher"":""国家公务员局"",""publication_page"":""http://bm.scs.gov.cn/kl2026"",""attachment_url"":""local://2026_guokao_zhaokaojianzhang.zip"",""local_source_file"":""中央机关及其直属机构2026年度考试录用公务员招考简章.xls"",""local_source_sha256"":""2670bae1df1dd07a3a3c79b9db46a11e3bb15a6c9c249e6af98bfd0b61ce3aaf"",""source_sheet"":""中央国家行政机关省级以下直属机构"",""filter_version"":""government_tech_v2"",""tech_filter"":{""is_tech"":true,""is_core_tech"":true,""scope"":""core"",""categories"":[""computer_software""],""matched_fields"":[""major"",""description""],""major_terms"":[""计算机类""],""role_terms"":[""信息科技"",""信息系统"",""软硬件""],""reason"":""tech_major_and_role""},""original"":{""部门代码"":""132128"",""部门名称"":""国家金融监督管理总局甘肃监管局"",""用人司局"":""国家金融监督管理总局天水监管分局"",""机构性质"":""中央国家行政机关省级以下直属机构"",""招考职位"":""科技部门一级主任科员及以下"",""职位属性"":""金融监管计算机类职位"",""职位分布"":""西部地区和艰苦边远地区职位"",""职位简介"":""主要从事金融信息科技风险监管、电子设备软硬件管理及信息系统运行维护等工作。"",""职位代码"":""300147927001"",""机构层级"":""市（地）级"",""考试类别"":""市（地）级及以下直属机构综合管理类"",""招考人数"":""2"",""专业"":""计算机类专业"",""学历"":""仅限本科"",""学位"":""与最高学历相对应的学位"",""政治面貌"":""不限"",""基层工作最低年限"":""无限制"",""服务基层项目工作经历"":""无限制"",""是否在面试阶段组织专业能力测试"":""否"",""面试人员比例"":""3:1"",""工作地点"":""甘肃省天水市"",""落户地点"":""甘肃省天水市"",""备注"":""1.报名时请在专业栏中同时填写专业名称和专业代码；2.限应届高校毕业生报考，请在备注栏中注明本人具有应届高校毕业生身份；3.要求大学英语四级成绩在425分及以上，含425分（雅思成绩在6分及以上、托福成绩在80分及以上、取得英语专业四级或专业八级合格证书亦可），请在外语水平栏注明已获得的英语等级证书及成绩；4.专业考试信息请参见《2026年度国家金融监督管理总局招考职位专业科目笔试考试大纲》。"",""部门网站"":""www.nfra.gov.cn"",""咨询电话1"":""0931-8855344"",""咨询电话2"":""0931-8822952"",""咨询电话3"":"""",""来源Sheet"":""中央国家行政机关省级以下直属机构""}}"
"government_jobs","国家公务员2026招考简章","公务员/事业单位技术岗位","甘肃省兰州市红古区","2026-07-28T09:12:58.310295+00:00","科技部门一级主任科员及以下","国家金融监督管理总局甘肃监管局","","甘肃省兰州市红古区","公务员/事业单位;2026;computer_software;仅限本科;与最高学历相对应的学位;计算机类专业;市（地）级及以下直属机构综合管理类","用人司局：国家金融监督管理总局红古监管支局
职位简介：主要从事金融信息科技风险监管、电子设备软硬件管理及信息系统运行维护等工作。
专业要求：计算机类专业
学历要求：仅限本科
学位要求：与最高学历相对应的学位
政治面貌：不限
基层工作经历：无限制
考试类别：市（地）级及以下直属机构综合管理类
备注：1.报名时请在专业栏中同时填写专业名称和专业代码；2.限应届高校毕业生报考，请在备注栏中注明本人具有应届高校毕业生身份；3.专业考试信息请参见《2026年度国家金融监督管理总局招考职位专业科目笔试考试大纲》。","http://bm.scs.gov.cn/kl2026#132128-300147931001","2025-10-14","{""dataset_year"":2026,""job_uid"":""GOV-2026-132128-300147931001"",""publisher"":""国家公务员局"",""publication_page"":""http://bm.scs.gov.cn/kl2026"",""attachment_url"":""local://2026_guokao_zhaokaojianzhang.zip"",""local_source_file"":""中央机关及其直属机构2026年度考试录用公务员招考简章.xls"",""local_source_sha256"":""2670bae1df1dd07a3a3c79b9db46a11e3bb15a6c9c249e6af98bfd0b61ce3aaf"",""source_sheet"":""中央国家行政机关省级以下直属机构"",""filter_version"":""government_tech_v2"",""tech_filter"":{""is_tech"":true,""is_core_tech"":true,""scope"":""core"",""categories"":[""computer_software""],""matched_fields"":[""major"",""description""],""major_terms"":[""计算机类""],""role_terms"":[""信息科技"",""信息系统"",""软硬件""],""reason"":""tech_major_and_role""},""original"":{""部门代码"":""132128"",""部门名称"":""国家金融监督管理总局甘肃监管局"",""用人司局"":""国家金融监督管理总局红古监管支局"",""机构性质"":""中央国家行政机关省级以下直属机构"",""招考职位"":""科技部门一级主任科员及以下"",""职位属性"":""金融监管计算机类职位"",""职位分布"":""西部地区和艰苦边远地区职位"",""职位简介"":""主要从事金融信息科技风险监管、电子设备软硬件管理及信息系统运行维护等工作。"",""职位代码"":""300147931001"",""机构层级"":""县（区）级及以下"",""考试类别"":""市（地）级及以下直属机构综合管理类"",""招考人数"":""1"",""专业"":""计算机类专业"",""学历"":""仅限本科"",""学位"":""与最高学历相对应的学位"",""政治面貌"":""不限"",""基层工作最低年限"":""无限制"",""服务基层项目工作经历"":""无限制"",""是否在面试阶段组织专业能力测试"":""否"",""面试人员比例"":""3:1"",""工作地点"":""甘肃省兰州市红古区"",""落户地点"":""甘肃省兰州市红古区"",""备注"":""1.报名时请在专业栏中同时填写专业名称和专业代码；2.限应届高校毕业生报考，请在备注栏中注明本人具有应届高校毕业生身份；3.专业考试信息请参见《2026年度国家金融监督管理总局招考职位专业科目笔试考试大纲》。"",""部门网站"":""www.nfra.gov.cn"",""咨询电话1"":""0931-8855344"",""咨询电话2"":""0931-8822952"",""咨询电话3"":"""",""来源Sheet"":""中央国家行政机关省级以下直属机构""}}"
"government_jobs","国家公务员2026招考简章","公务员/事业单位技术岗位","甘肃省酒泉市敦煌市","2026-07-28T09:12:58.310295+00:00","科技部门一级主任科员及以下","国家金融监督管理总局甘肃监管局","","甘肃省酒泉市敦煌市","公务员/事业单位;2026;computer_software;仅限本科;与最高学历相对应的学位;计算机类专业;市（地）级及以下直属机构综合管理类","用人司局：国家金融监督管理总局敦煌监管支局
职位简介：主要从事金融信息科技风险监管、电子设备软硬件管理及信息系统运行维护等工作。
专业要求：计算机类专业
学历要求：仅限本科
学位要求：与最高学历相对应的学位
政治面貌：不限
基层工作经历：无限制
考试类别：市（地）级及以下直属机构综合管理类
备注：1.报名时请在专业栏中同时填写专业名称和专业代码；2.限应届高校毕业生报考，请在备注栏中注明本人具有应届高校毕业生身份；3.专业考试信息请参见《2026年度国家金融监督管理总局招考职位专业科目笔试考试大纲》。","http://bm.scs.gov.cn/kl2026#132128-300147932001","2025-10-14","{""dataset_year"":2026,""job_uid"":""GOV-2026-132128-300147932001"",""publisher"":""国家公务员局"",""publication_page"":""http://bm.scs.gov.cn/kl2026"",""attachment_url"":""local://2026_guokao_zhaokaojianzhang.zip"",""local_source_file"":""中央机关及其直属机构2026年度考试录用公务员招考简章.xls"",""local_source_sha256"":""2670bae1df1dd07a3a3c79b9db46a11e3bb15a6c9c249e6af98bfd0b61ce3aaf"",""source_sheet"":""中央国家行政机关省级以下直属机构"",""filter_version"":""government_tech_v2"",""tech_filter"":{""is_tech"":true,""is_core_tech"":true,""scope"":""core"",""categories"":[""computer_software""],""matched_fields"":[""major"",""description""],""major_terms"":[""计算机类""],""role_terms"":[""信息科技"",""信息系统"",""软硬件""],""reason"":""tech_major_and_role""},""original"":{""部门代码"":""132128"",""部门名称"":""国家金融监督管理总局甘肃监管局"",""用人司局"":""国家金融监督管理总局敦煌监管支局"",""机构性质"":""中央国家行政机关省级以下直属机构"",""招考职位"":""科技部门一级主任科员及以下"",""职位属性"":""金融监管计算机类职位"",""职位分布"":""西部地区和艰苦边远地区职位"",""职位简介"":""主要从事金融信息科技风险监管、电子设备软硬件管理及信息系统运行维护等工作。"",""职位代码"":""300147932001"",""机构层级"":""县（区）级及以下"",""考试类别"":""市（地）级及以下直属机构综合管理类"",""招考人数"":""1"",""专业"":""计算机类专业"",""学历"":""仅限本科"",""学位"":""与最高学历相对应的学位"",""政治面貌"":""不限"",""基层工作最低年限"":""无限制"",""服务基层项目工作经历"":""无限制"",""是否在面试阶段组织专业能力测试"":""否"",""面试人员比例"":""3:1"",""工作地点"":""甘肃省酒泉市敦煌市"",""落户地点"":""甘肃省酒泉市敦煌市"",""备注"":""1.报名时请在专业栏中同时填写专业名称和专业代码；2.限应届高校毕业生报考，请在备注栏中注明本人具有应届高校毕业生身份；3.专业考试信息请参见《2026年度国家金融监督管理总局招考职位专业科目笔试考试大纲》。"",""部门网站"":""www.nfra.gov.cn"",""咨询电话1"":""0931-8855344"",""咨询电话2"":""0931-8822952"",""咨询电话3"":"""",""来源Sheet"":""中央国家行政机关省级以下直属机构""}}"
"government_jobs","国家公务员2026招考简章","公务员/事业单位技术岗位","甘肃省定西市岷县","2026-07-28T09:12:58.310295+00:00","科技部门一级主任科员及以下","国家金融监督管理总局甘肃监管局","","甘肃省定西市岷县","公务员/事业单位;2026;computer_software;仅限本科;与最高学历相对应的学位;计算机类专业;市（地）级及以下直属机构综合管理类","用人司局：国家金融监督管理总局岷县监管支局
职位简介：主要从事金融信息科技风险监管、电子设备软硬件管理及信息系统运行维护等工作。
专业要求：计算机类专业
学历要求：仅限本科
学位要求：与最高学历相对应的学位
政治面貌：不限
基层工作经历：无限制
考试类别：市（地）级及以下直属机构综合管理类
备注：1.报名时请在专业栏中同时填写专业名称和专业代码；2.限应届高校毕业生报考，请在备注栏中注明本人具有应届高校毕业生身份；3.专业考试信息请参见《2026年度国家金融监督管理总局招考职位专业科目笔试考试大纲》。","http://bm.scs.gov.cn/kl2026#132128-300147936001","2025-10-14","{""dataset_year"":2026,""job_uid"":""GOV-2026-132128-300147936001"",""publisher"":""国家公务员局"",""publication_page"":""http://bm.scs.gov.cn/kl2026"",""attachment_url"":""local://2026_guokao_zhaokaojianzhang.zip"",""local_source_file"":""中央机关及其直属机构2026年度考试录用公务员招考简章.xls"",""local_source_sha256"":""2670bae1df1dd07a3a3c79b9db46a11e3bb15a6c9c249e6af98bfd0b61ce3aaf"",""source_sheet"":""中央国家行政机关省级以下直属机构"",""filter_version"":""government_tech_v2"",""tech_filter"":{""is_tech"":true,""is_core_tech"":true,""scope"":""core"",""categories"":[""computer_software""],""matched_fields"":[""major"",""description""],""major_terms"":[""计算机类""],""role_terms"":[""信息科技"",""信息系统"",""软硬件""],""reason"":""tech_major_and_role""},""original"":{""部门代码"":""132128"",""部门名称"":""国家金融监督管理总局甘肃监管局"",""用人司局"":""国家金融监督管理总局岷县监管支局"",""机构性质"":""中央国家行政机关省级以下直属机构"",""招考职位"":""科技部门一级主任科员及以下"",""职位属性"":""金融监管计算机类职位"",""职位分布"":""西部地区和艰苦边远地区职位"",""职位简介"":""主要从事金融信息科技风险监管、电子设备软硬件管理及信息系统运行维护等工作。"",""职位代码"":""300147936001"",""机构层级"":""县（区）级及以下"",""考试类别"":""市（地）级及以下直属机构综合管理类"",""招考人数"":""1"",""专业"":""计算机类专业"",""学历"":""仅限本科"",""学位"":""与最高学历相对应的学位"",""政治面貌"":""不限"",""基层工作最低年限"":""无限制"",""服务基层项目工作经历"":""无限制"",""是否在面试阶段组织专业能力测试"":""否"",""面试人员比例"":""3:1"",""工作地点"":""甘肃省定西市岷县"",""落户地点"":""甘肃省定西市岷县"",""备注"":""1.报名时请在专业栏中同时填写专业名称和专业代码；2.限应届高校毕业生报考，请在备注栏中注明本人具有应届高校毕业生身份；3.专业考试信息请参见《2026年度国家金融监督管理总局招考职位专业科目笔试考试大纲》。"",""部门网站"":""www.nfra.gov.cn"",""咨询电话1"":""0931-8855344"",""咨询电话2"":""0931-8822952"",""咨询电话3"":"""",""来源Sheet"":""中央国家行政机关省级以下直属机构""}}"
"government_jobs","国家公务员2026招考简章","公务员/事业单位技术岗位","青海省西宁市城东区","2026-07-28T09:12:58.310295+00:00","统计信息部门一级主任科员及以下","国家金融监督管理总局青海监管局","","青海省西宁市城东区","公务员/事业单位;2026;computer_software;cybersecurity_cryptography;data_ai;electronics_communication;本科及以上;与最高学历相对应的学位;本科：计算机科学与技术、软件工程、网络工程、信息安全、物联网工程；硕士研究生：信息与通信工程、计算机科学与技术、软件工程、网络空间安全、电子信息;中央机关及其省级直属机构综合管理类","用人司局：国家金融监督管理总局青海监管局
职位简介：主要从事金融监管数据统计分析工作。
专业要求：本科：计算机科学与技术、软件工程、网络工程、信息安全、物联网工程；硕士研究生：信息与通信工程、计算机科学与技术、软件工程、网络空间安全、电子信息
学历要求：本科及以上
学位要求：与最高学历相对应的学位
政治面貌：不限
基层工作经历：二年
考试类别：中央机关及其省级直属机构综合管理类
备注：1.报名时请在专业栏中同时填写专业名称和专业代码；2.本科学历大学英语四级成绩在425分及以上（雅思成绩在6分及以上、托福成绩在80分及以上、取得英语专业四级或专业八级合格证书亦可），请在外语水平栏注明已获得的英语等级证书及成绩；研究生学历大学英语六级成绩在425分及以上（雅思成绩在6.5分及以上、托福成绩在90分及以上、取得英语专业四级或专业八级合格证书亦可），请在外语水平栏注明已获得的英语等级证书及成绩。","http://bm.scs.gov.cn/kl2026#132129-300147940001","2025-10-14","{""dataset_year"":2026,""job_uid"":""GOV-2026-132129-300147940001"",""publisher"":""国家公务员局"",""publication_page"":""http://bm.scs.gov.cn/kl2026"",""attachment_url"":""local://2026_guokao_zhaokaojianzhang.zip"",""local_source_file"":""中央机关及其直属机构2026年度考试录用公务员招考简章.xls"",""local_source_sha256"":""2670bae1df1dd07a3a3c79b9db46a11e3bb15a6c9c249e6af98bfd0b61ce3aaf"",""source_sheet"":""中央国家行政机关省级以下直属机构"",""filter_version"":""government_tech_v2"",""tech_filter"":{""is_tech"":true,""is_core_tech"":true,""scope"":""core"",""categories"":[""computer_software"",""cybersecurity_cryptography"",""data_ai"",""electronics_communication""],""matched_fields"":[""major"",""description""],""major_terms"":[""信息与通信工程"",""信息安全"",""物联网工程"",""电子信息"",""网络工程"",""网络空间安全"",""计算机科学与技术"",""软件工程"",""通信工程""],""role_terms"":[""数据统计分析""],""reason"":""tech_major_and_role""},""original"":{""部门代码"":""132129"",""部门名称"":""国家金融监督管理总局青海监管局"",""用人司局"":""国家金融监督管理总局青海监管局"",""机构性质"":""中央国家行政机关省级以下直属机构"",""招考职位"":""统计信息部门一级主任科员及以下"",""职位属性"":""金融监管计算机类职位"",""职位分布"":""其他职位"",""职位简介"":""主要从事金融监管数据统计分析工作。"",""职位代码"":""300147940001"",""机构层级"":""省（副省）级"",""考试类别"":""中央机关及其省级直属机构综合管理类"",""招考人数"":""2"",""专业"":""本科：计算机科学与技术、软件工程、网络工程、信息安全、物联网工程；硕士研究生：信息与通信工程、计算机科学与技术、软件工程、网络空间安全、电子信息"",""学历"":""本科及以上"",""学位"":""与最高学历相对应的学位"",""政治面貌"":""不限"",""基层工作最低年限"":""二年"",""服务基层项目工作经历"":""无限制"",""是否在面试阶段组织专业能力测试"":""否"",""面试人员比例"":""4:1"",""工作地点"":""青海省西宁市城东区"",""落户地点"":""青海省西宁市城东区"",""备注"":""1.报名时请在专业栏中同时填写专业名称和专业代码；2.本科学历大学英语四级成绩在425分及以上（雅思成绩在6分及以上、托福成绩在80分及以上、取得英语专业四级或专业八级合格证书亦可），请在外语水平栏注明已获得的英语等级证书及成绩；研究生学历大学英语六级成绩在425分及以上（雅思成绩在6.5分及以上、托福成绩在90分及以上、取得英语专业四级或专业八级合格证书亦可），请在外语水平栏注明已获得的英语等级证书及成绩。"",""部门网站"":""https://www.nfra.gov.cn/"",""咨询电话1"":""0971-8818279"",""咨询电话2"":"""",""咨询电话3"":"""",""来源Sheet"":""中央国家行政机关省级以下直属机构""}}"
"government_jobs","国家公务员2026招考简章","公务员/事业单位技术岗位","青海省西宁市城东区","2026-07-28T09:12:58.310295+00:00","科技部门一级主任科员及以下","国家金融监督管理总局青海监管局","","青海省西宁市城东区","公务员/事业单位;2026;computer_software;cybersecurity_cryptography;electronics_communication;本科及以上;与最高学历相对应的学位;本科：计算机科学与技术、软件工程、网络工程、信息安全、物联网工程；硕士研究生：信息与通信工程、计算机科学与技术、软件工程、网络空间安全、电子信息;中央机关及其省级直属机构综合管理类","用人司局：国家金融监督管理总局青海监管局
职位简介：主要从事金融信息科技风险监管、电子设备软硬件管理及信息系统运行维护等工作。
专业要求：本科：计算机科学与技术、软件工程、网络工程、信息安全、物联网工程；硕士研究生：信息与通信工程、计算机科学与技术、软件工程、网络空间安全、电子信息
学历要求：本科及以上
学位要求：与最高学历相对应的学位
政治面貌：不限
基层工作经历：二年
考试类别：中央机关及其省级直属机构综合管理类
备注：1.报名时请在专业栏中同时填写专业名称和专业代码；2.本科学历大学英语四级成绩在425分及以上（雅思成绩在6分及以上、托福成绩在80分及以上、取得英语专业四级或专业八级合格证书亦可），请在外语水平栏注明已获得的英语等级证书及成绩；研究生学历大学英语六级成绩在425分及以上（雅思成绩在6.5分及以上、托福成绩在90分及以上、取得英语专业四级或专业八级合格证书亦可），请在外语水平栏注明已获得的英语等级证书及成绩。","http://bm.scs.gov.cn/kl2026#132129-300147940002","2025-10-14","{""dataset_year"":2026,""job_uid"":""GOV-2026-132129-300147940002"",""publisher"":""国家公务员局"",""publication_page"":""http://bm.scs.gov.cn/kl2026"",""attachment_url"":""local://2026_guokao_zhaokaojianzhang.zip"",""local_source_file"":""中央机关及其直属机构2026年度考试录用公务员招考简章.xls"",""local_source_sha256"":""2670bae1df1dd07a3a3c79b9db46a11e3bb15a6c9c249e6af98bfd0b61ce3aaf"",""source_sheet"":""中央国家行政机关省级以下直属机构"",""filter_version"":""government_tech_v2"",""tech_filter"":{""is_tech"":true,""is_core_tech"":true,""scope"":""core"",""categories"":[""computer_software"",""cybersecurity_cryptography"",""electronics_communication""],""matched_fields"":[""major"",""description""],""major_terms"":[""信息与通信工程"",""信息安全"",""物联网工程"",""电子信息"",""网络工程"",""网络空间安全"",""计算机科学与技术"",""软件工程"",""通信工程""],""role_terms"":[""信息科技"",""信息系统"",""软硬件""],""reason"":""tech_major_and_role""},""original"":{""部门代码"":""132129"",""部门名称"":""国家金融监督管理总局青海监管局"",""用人司局"":""国家金融监督管理总局青海监管局"",""机构性质"":""中央国家行政机关省级以下直属机构"",""招考职位"":""科技部门一级主任科员及以下"",""职位属性"":""金融监管计算机类职位"",""职位分布"":""其他职位"",""职位简介"":""主要从事金融信息科技风险监管、电子设备软硬件管理及信息系统运行维护等工作。"",""职位代码"":""300147940002"",""机构层级"":""省（副省）级"",""考试类别"":""中央机关及其省级直属机构综合管理类"",""招考人数"":""1"",""专业"":""本科：计算机科学与技术、软件工程、网络工程、信息安全、物联网工程；硕士研究生：信息与通信工程、计算机科学与技术、软件工程、网络空间安全、电子信息"",""学历"":""本科及以上"",""学位"":""与最高学历相对应的学位"",""政治面貌"":""不限"",""基层工作最低年限"":""二年"",""服务基层项目工作经历"":""无限制"",""是否在面试阶段组织专业能力测试"":""否"",""面试人员比例"":""4:1"",""工作地点"":""青海省西宁市城东区"",""落户地点"":""青海省西宁市城东区"",""备注"":""1.报名时请在专业栏中同时填写专业名称和专业代码；2.本科学历大学英语四级成绩在425分及以上（雅思成绩在6分及以上、托福成绩在80分及以上、取得英语专业四级或专业八级合格证书亦可），请在外语水平栏注明已获得的英语等级证书及成绩；研究生学历大学英语六级成绩在425分及以上（雅思成绩在6.5分及以上、托福成绩在90分及以上、取得英语专业四级或专业八级合格证书亦可），请在外语水平栏注明已获得的英语等级证书及成绩。"",""部门网站"":""https://www.nfra.gov.cn/"",""咨询电话1"":""0971-8818279"",""咨询电话2"":"""",""咨询电话3"":"""",""来源Sheet"":""中央国家行政机关省级以下直属机构""}}"
"government_jobs","国家公务员2026招考简章","公务员/事业单位技术岗位","青海省海南藏族自治州共和县","2026-07-28T09:12:58.310295+00:00","统计信息部门一级主任科员及以下","国家金融监督管理总局青海监管局","","青海省海南藏族自治州共和县","公务员/事业单位;2026;computer_software;cybersecurity_cryptography;data_ai;electronics_communication;本科及以上;与最高学历相对应的学位;本科：计算机类；硕士研究生：信息与通信工程、计算机科学与技术、软件工程、网络空间安全、电子信息;市（地）级及以下直属机构综合管理类","用人司局：国家金融监督管理总局海南监管分局
职位简介：主要从事金融监管数据统计分析工作。
专业要求：本科：计算机类；硕士研究生：信息与通信工程、计算机科学与技术、软件工程、网络空间安全、电子信息
学历要求：本科及以上
学位要求：与最高学历相对应的学位
政治面貌：不限
基层工作经历：无限制
考试类别：市（地）级及以下直属机构综合管理类
备注：1.报名时请在专业栏中同时填写专业名称和专业代码；2.限应届高校毕业生报考，请在备注栏中注明本人具有应届高校毕业生身份。","http://bm.scs.gov.cn/kl2026#132129-300147942001","2025-10-14","{""dataset_year"":2026,""job_uid"":""GOV-2026-132129-300147942001"",""publisher"":""国家公务员局"",""publication_page"":""http://bm.scs.gov.cn/kl2026"",""attachment_url"":""local://2026_guokao_zhaokaojianzhang.zip"",""local_source_file"":""中央机关及其直属机构2026年度考试录用公务员招考简章.xls"",""local_source_sha256"":""2670bae1df1dd07a3a3c79b9db46a11e3bb15a6c9c249e6af98bfd0b61ce3aaf"",""source_sheet"":""中央国家行政机关省级以下直属机构"",""filter_version"":""government_tech_v2"",""tech_filter"":{""is_tech"":true,""is_core_tech"":true,""scope"":""core"",""categories"":[""computer_software"",""cybersecurity_cryptography"",""data_ai"",""electronics_communication""],""matched_fields"":[""major"",""description""],""major_terms"":[""信息与通信工程"",""电子信息"",""网络空间安全"",""计算机科学与技术"",""计算机类"",""软件工程"",""通信工程""],""role_terms"":[""数据统计分析""],""reason"":""tech_major_and_role""},""original"":{""部门代码"":""132129"",""部门名称"":""国家金融监督管理总局青海监管局"",""用人司局"":""国家金融监督管理总局海南监管分局"",""机构性质"":""中央国家行政机关省级以下直属机构"",""招考职位"":""统计信息部门一级主任科员及以下"",""职位属性"":""金融监管计算机类职位"",""职位分布"":""西部地区和艰苦边远地区职位"",""职位简介"":""主要从事金融监管数据统计分析工作。"",""职位代码"":""300147942001"",""机构层级"":""市（地）级"",""考试类别"":""市（地）级及以下直属机构综合管理类"",""招考人数"":""1"",""专业"":""本科：计算机类；硕士研究生：信息与通信工程、计算机科学与技术、软件工程、网络空间安全、电子信息"",""学历"":""本科及以上"",""学位"":""与最高学历相对应的学位"",""政治面貌"":""不限"",""基层工作最低年限"":""无限制"",""服务基层项目工作经历"":""无限制"",""是否在面试阶段组织专业能力测试"":""否"",""面试人员比例"":""3:1"",""工作地点"":""青海省海南藏族自治州共和县"",""落户地点"":""青海省海南藏族自治州共和县"",""备注"":""1.报名时请在专业栏中同时填写专业名称和专业代码；2.限应届高校毕业生报考，请在备注栏中注明本人具有应届高校毕业生身份。"",""部门网站"":""https://www.nfra.gov.cn/"",""咨询电话1"":""0971-8818279"",""咨询电话2"":"""",""咨询电话3"":"""",""来源Sheet"":""中央国家行政机关省级以下直属机构""}}"
"government_jobs","国家公务员2026招考简章","公务员/事业单位技术岗位","青海省玉树藏族自治州玉树市","2026-07-28T09:12:58.310295+00:00","科技部门一级主任科员及以下","国家金融监督管理总局青海监管局","","青海省玉树藏族自治州玉树市","公务员/事业单位;2026;computer_software;cybersecurity_cryptography;electronics_communication;本科及以上;与最高学历相对应的学位;本科：计算机类；硕士研究生：信息与通信工程、计算机科学与技术、软件工程、网络空间安全、电子信息;市（地）级及以下直属机构综合管理类","用人司局：国家金融监督管理总局玉树监管分局
职位简介：主要从事金融信息科技风险监管、电子设备软硬件管理及信息系统运行维护等工作。
专业要求：本科：计算机类；硕士研究生：信息与通信工程、计算机科学与技术、软件工程、网络空间安全、电子信息
学历要求：本科及以上
学位要求：与最高学历相对应的学位
政治面貌：不限
基层工作经历：无限制
考试类别：市（地）级及以下直属机构综合管理类
备注：1.报名时请在专业栏中同时填写专业名称和专业代码。","http://bm.scs.gov.cn/kl2026#132129-300147946001","2025-10-14","{""dataset_year"":2026,""job_uid"":""GOV-2026-132129-300147946001"",""publisher"":""国家公务员局"",""publication_page"":""http://bm.scs.gov.cn/kl2026"",""attachment_url"":""local://2026_guokao_zhaokaojianzhang.zip"",""local_source_file"":""中央机关及其直属机构2026年度考试录用公务员招考简章.xls"",""local_source_sha256"":""2670bae1df1dd07a3a3c79b9db46a11e3bb15a6c9c249e6af98bfd0b61ce3aaf"",""source_sheet"":""中央国家行政机关省级以下直属机构"",""filter_version"":""government_tech_v2"",""tech_filter"":{""is_tech"":true,""is_core_tech"":true,""scope"":""core"",""categories"":[""computer_software"",""cybersecurity_cryptography"",""electronics_communication""],""matched_fields"":[""major"",""description""],""major_terms"":[""信息与通信工程"",""电子信息"",""网络空间安全"",""计算机科学与技术"",""计算机类"",""软件工程"",""通信工程""],""role_terms"":[""信息科技"",""信息系统"",""软硬件""],""reason"":""tech_major_and_role""},""original"":{""部门代码"":""132129"",""部门名称"":""国家金融监督管理总局青海监管局"",""用人司局"":""国家金融监督管理总局玉树监管分局"",""机构性质"":""中央国家行政机关省级以下直属机构"",""招考职位"":""科技部门一级主任科员及以下"",""职位属性"":""金融监管计算机类职位"",""职位分布"":""西部地区和艰苦边远地区职位"",""职位简介"":""主要从事金融信息科技风险监管、电子设备软硬件管理及信息系统运行维护等工作。"",""职位代码"":""300147946001"",""机构层级"":""市（地）级"",""考试类别"":""市（地）级及以下直属机构综合管理类"",""招考人数"":""1"",""专业"":""本科：计算机类；硕士研究生：信息与通信工程、计算机科学与技术、软件工程、网络空间安全、电子信息"",""学历"":""本科及以上"",""学位"":""与最高学历相对应的学位"",""政治面貌"":""不限"",""基层工作最低年限"":""无限制"",""服务基层项目工作经历"":""无限制"",""是否在面试阶段组织专业能力测试"":""否"",""面试人员比例"":""3:1"",""工作地点"":""青海省玉树藏族自治州玉树市"",""落户地点"":""青海省玉树藏族自治州玉树市"",""备注"":""1.报名时请在专业栏中同时填写专业名称和专业代码。"",""部门网站"":""https://www.nfra.gov.cn/"",""咨询电话1"":""0971-8818279"",""咨询电话2"":"""",""咨询电话3"":"""",""来源Sheet"":""中央国家行政机关省级以下直属机构""}}"
"government_jobs","国家公务员2026招考简章","公务员/事业单位技术岗位","宁夏回族自治区银川市","2026-07-28T09:12:58.310295+00:00","科技部门一级主任科员及以下","国家金融监督管理总局宁夏监管局","","宁夏回族自治区银川市","公务员/事业单位;2026;computer_software;硕士研究生及以上;与最高学历相对应的学位;计算机科学与技术、软件工程;中央机关及其省级直属机构综合管理类","用人司局：国家金融监督管理总局宁夏监管局
职位简介：主要从事金融信息科技风险监管、电子设备软硬件管理及信息系统运行维护等工作。
专业要求：计算机科学与技术、软件工程
学历要求：硕士研究生及以上
学位要求：与最高学历相对应的学位
政治面貌：不限
基层工作经历：二年
考试类别：中央机关及其省级直属机构综合管理类
备注：1.报名时请在专业栏中同时填写专业名称和专业代码；2.大学英语六级成绩在425分及以上（雅思成绩在6.5分及以上、托福成绩在90分及以上、取得英语专业四级或专业八级合格证书亦可），请在外语水平栏注明已获得的英语等级证书及成绩。","http://bm.scs.gov.cn/kl2026#132130-300147947001","2025-10-14","{""dataset_year"":2026,""job_uid"":""GOV-2026-132130-300147947001"",""publisher"":""国家公务员局"",""publication_page"":""http://bm.scs.gov.cn/kl2026"",""attachment_url"":""local://2026_guokao_zhaokaojianzhang.zip"",""local_source_file"":""中央机关及其直属机构2026年度考试录用公务员招考简章.xls"",""local_source_sha256"":""2670bae1df1dd07a3a3c79b9db46a11e3bb15a6c9c249e6af98bfd0b61ce3aaf"",""source_sheet"":""中央国家行政机关省级以下直属机构"",""filter_version"":""government_tech_v2"",""tech_filter"":{""is_tech"":true,""is_core_tech"":true,""scope"":""core"",""categories"":[""computer_software""],""matched_fields"":[""major"",""description""],""major_terms"":[""计算机科学与技术"",""软件工程""],""role_terms"":[""信息科技"",""信息系统"",""软硬件""],""reason"":""tech_major_and_role""},""original"":{""部门代码"":""132130"",""部门名称"":""国家金融监督管理总局宁夏监管局"",""用人司局"":""国家金融监督管理总局宁夏监管局"",""机构性质"":""中央国家行政机关省级以下直属机构"",""招考职位"":""科技部门一级主任科员及以下"",""职位属性"":""金融监管计算机类职位"",""职位分布"":""其他职位"",""职位简介"":""主要从事金融信息科技风险监管、电子设备软硬件管理及信息系统运行维护等工作。"",""职位代码"":""300147947001"",""机构层级"":""省（副省）级"",""考试类别"":""中央机关及其省级直属机构综合管理类"",""招考人数"":""1"",""专业"":""计算机科学与技术、软件工程"",""学历"":""硕士研究生及以上"",""学位"":""与最高学历相对应的学位"",""政治面貌"":""不限"",""基层工作最低年限"":""二年"",""服务基层项目工作经历"":""无限制"",""是否在面试阶段组织专业能力测试"":""否"",""面试人员比例"":""4:1"",""工作地点"":""宁夏回族自治区银川市"",""落户地点"":""宁夏回族自治区银川市"",""备注"":""1.报名时请在专业栏中同时填写专业名称和专业代码；2.大学英语六级成绩在425分及以上（雅思成绩在6.5分及以上、托福成绩在90分及以上、取得英语专业四级或专业八级合格证书亦可），请在外语水平栏注明已获得的英语等级证书及成绩。"",""部门网站"":""https://www.nfra.gov.cn"",""咨询电话1"":""0951-6098156"",""咨询电话2"":""0951-6098110"",""咨询电话3"":""0951-6098157"",""来源Sheet"":""中央国家行政机关省级以下直属机构""}}"
"government_jobs","国家公务员2026招考简章","公务员/事业单位技术岗位","宁夏回族自治区固原市西吉县","2026-07-28T09:12:58.310295+00:00","科技部门一级主任科员及以下","国家金融监督管理总局宁夏监管局","","宁夏回族自治区固原市西吉县","公务员/事业单位;2026;computer_software;cybersecurity_cryptography;本科及以上;与最高学历相对应的学位;计算机科学与技术、软件工程、网络工程、信息安全、智能科学与技术、数据科学与大数据技术;市（地）级及以下直属机构综合管理类","用人司局：国家金融监督管理总局西吉监管支局
职位简介：主要从事金融信息科技风险监管、电子设备软硬件管理及信息系统运行维护等工作。
专业要求：计算机科学与技术、软件工程、网络工程、信息安全、智能科学与技术、数据科学与大数据技术
学历要求：本科及以上
学位要求：与最高学历相对应的学位
政治面貌：不限
基层工作经历：无限制
考试类别：市（地）级及以下直属机构综合管理类
备注：1.报名时请在专业栏中同时填写专业名称和专业代码；2.限应届高校毕业生报考，请在备注栏中注明本人具有应届高校毕业生身份；3.大学英语四级成绩在425分及以上（雅思成绩在6分及以上、托福成绩在80分及以上、取得英语专业四级或专业八级合格证书亦可），请在外语水平栏注明已获得的英语等级证书及成绩。","http://bm.scs.gov.cn/kl2026#132130-300147952001","2025-10-14","{""dataset_year"":2026,""job_uid"":""GOV-2026-132130-300147952001"",""publisher"":""国家公务员局"",""publication_page"":""http://bm.scs.gov.cn/kl2026"",""attachment_url"":""local://2026_guokao_zhaokaojianzhang.zip"",""local_source_file"":""中央机关及其直属机构2026年度考试录用公务员招考简章.xls"",""local_source_sha256"":""2670bae1df1dd07a3a3c79b9db46a11e3bb15a6c9c249e6af98bfd0b61ce3aaf"",""source_sheet"":""中央国家行政机关省级以下直属机构"",""filter_version"":""government_tech_v2"",""tech_filter"":{""is_tech"":true,""is_core_tech"":true,""scope"":""core"",""categories"":[""computer_software"",""cybersecurity_cryptography""],""matched_fields"":[""major"",""description""],""major_terms"":[""信息安全"",""大数据"",""数据科学与大数据技术"",""智能科学与技术"",""网络工程"",""计算机科学与技术"",""软件工程""],""role_terms"":[""信息科技"",""信息系统"",""软硬件""],""reason"":""tech_major_and_role""},""original"":{""部门代码"":""132130"",""部门名称"":""国家金融监督管理总局宁夏监管局"",""用人司局"":""国家金融监督管理总局西吉监管支局"",""机构性质"":""中央国家行政机关省级以下直属机构"",""招考职位"":""科技部门一级主任科员及以下"",""职位属性"":""金融监管计算机类职位"",""职位分布"":""西部地区和艰苦边远地区职位"",""职位简介"":""主要从事金融信息科技风险监管、电子设备软硬件管理及信息系统运行维护等工作。"",""职位代码"":""300147952001"",""机构层级"":""县（区）级及以下"",""考试类别"":""市（地）级及以下直属机构综合管理类"",""招考人数"":""1"",""专业"":""计算机科学与技术、软件工程、网络工程、信息安全、智能科学与技术、数据科学与大数据技术"",""学历"":""本科及以上"",""学位"":""与最高学历相对应的学位"",""政治面貌"":""不限"",""基层工作最低年限"":""无限制"",""服务基层项目工作经历"":""无限制"",""是否在面试阶段组织专业能力测试"":""否"",""面试人员比例"":""3:1"",""工作地点"":""宁夏回族自治区固原市西吉县"",""落户地点"":""宁夏回族自治区固原市西吉县"",""备注"":""1.报名时请在专业栏中同时填写专业名称和专业代码；2.限应届高校毕业生报考，请在备注栏中注明本人具有应届高校毕业生身份；3.大学英语四级成绩在425分及以上（雅思成绩在6分及以上、托福成绩在80分及以上、取得英语专业四级或专业八级合格证书亦可），请在外语水平栏注明已获得的英语等级证书及成绩。"",""部门网站"":""https://www.nfra.gov.cn"",""咨询电话1"":""0951-6098156"",""咨询电话2"":""0951-6098110"",""咨询电话3"":""0951-6098157"",""来源Sheet"":""中央国家行政机关省级以下直属机构""}}"
"government_jobs","国家公务员2026招考简章","公务员/事业单位技术岗位","新疆维吾尔自治区乌鲁木齐市","2026-07-28T09:12:58.310295+00:00","科技部门一级主任科员及以下","国家金融监督管理总局新疆监管局","","新疆维吾尔自治区乌鲁木齐市","公务员/事业单位;2026;computer_software;cybersecurity_cryptography;electronics_communication;本科及以上;与最高学历相对应的学位;大学本科：电子信息类（0807）、计算机类（0809）；研究生：电子科学与技术（0809）、信息与通信工程（0810）、计算机科学与技术（0812）、软件工程（0835）、网络空间安全（0839）、电子信息（0854）;中央机关及其省级直属机构综合管理类","用人司局：国家金融监督管理总局新疆监管局
职位简介：主要从事金融信息科技风险监管、电子设备软硬件管理及信息系统运行维护等工作。
专业要求：大学本科：电子信息类（0807）、计算机类（0809）；研究生：电子科学与技术（0809）、信息与通信工程（0810）、计算机科学与技术（0812）、软件工程（0835）、网络空间安全（0839）、电子信息（0854）
学历要求：本科及以上
学位要求：与最高学历相对应的学位
政治面貌：不限
基层工作经历：二年
考试类别：中央机关及其省级直属机构综合管理类
备注：1.报名时请在专业栏中同时填写专业名称和专业代码；2.要求本科学历大学英语四级成绩在425分及以上（雅思成绩在6分及以上、托福成绩在80分及以上、取得英语专业四级或专业八级合格证书亦可），请在外语水平栏注明已获得的英语等级证书及成绩；3.要求研究生学历大学英语六级成绩在425分及以上（雅思成绩在6.5分及以上、托福成绩在90分及以上、取得英语专业四级或专业八级合格证书亦可），请在外语水平栏注明已获得的英语等级证书及成绩；4.专业考试信息请参见《2026年度国家金融监督管理总局招考职位专业科目笔试考试大纲》。","http://bm.scs.gov.cn/kl2026#132131-300147953001","2025-10-14","{""dataset_year"":2026,""job_uid"":""GOV-2026-132131-300147953001"",""publisher"":""国家公务员局"",""publication_page"":""http://bm.scs.gov.cn/kl2026"",""attachment_url"":""local://2026_guokao_zhaokaojianzhang.zip"",""local_source_file"":""中央机关及其直属机构2026年度考试录用公务员招考简章.xls"",""local_source_sha256"":""2670bae1df1dd07a3a3c79b9db46a11e3bb15a6c9c249e6af98bfd0b61ce3aaf"",""source_sheet"":""中央国家行政机关省级以下直属机构"",""filter_version"":""government_tech_v2"",""tech_filter"":{""is_tech"":true,""is_core_tech"":true,""scope"":""core"",""categories"":[""computer_software"",""cybersecurity_cryptography"",""electronics_communication""],""matched_fields"":[""major"",""description""],""major_terms"":[""信息与通信工程"",""电子信息"",""电子信息类"",""电子科学与技术"",""网络空间安全"",""计算机科学与技术"",""计算机类"",""软件工程"",""通信工程""],""role_terms"":[""信息科技"",""信息系统"",""软硬件""],""reason"":""tech_major_and_role""},""original"":{""部门代码"":""132131"",""部门名称"":""国家金融监督管理总局新疆监管局"",""用人司局"":""国家金融监督管理总局新疆监管局"",""机构性质"":""中央国家行政机关省级以下直属机构"",""招考职位"":""科技部门一级主任科员及以下"",""职位属性"":""金融监管计算机类职位"",""职位分布"":""其他职位"",""职位简介"":""主要从事金融信息科技风险监管、电子设备软硬件管理及信息系统运行维护等工作。"",""职位代码"":""300147953001"",""机构层级"":""省（副省）级"",""考试类别"":""中央机关及其省级直属机构综合管理类"",""招考人数"":""6"",""专业"":""大学本科：电子信息类（0807）、计算机类（0809）；研究生：电子科学与技术（0809）、信息与通信工程（0810）、计算机科学与技术（0812）、软件工程（0835）、网络空间安全（0839）、电子信息（0854）"",""学历"":""本科及以上"",""学位"":""与最高学历相对应的学位"",""政治面貌"":""不限"",""基层工作最低年限"":""二年"",""服务基层项目工作经历"":""无限制"",""是否在面试阶段组织专业能力测试"":""否"",""面试人员比例"":""4:1"",""工作地点"":""新疆维吾尔自治区乌鲁木齐市"",""落户地点"":""新疆维吾尔自治区乌鲁木齐市"",""备注"":""1.报名时请在专业栏中同时填写专业名称和专业代码；2.要求本科学历大学英语四级成绩在425分及以上（雅思成绩在6分及以上、托福成绩在80分及以上、取得英语专业四级或专业八级合格证书亦可），请在外语水平栏注明已获得的英语等级证书及成绩；3.要求研究生学历大学英语六级成绩在425分及以上（雅思成绩在6.5分及以上、托福成绩在90分及以上、取得英语专业四级或专业八级合格证书亦可），请在外语水平栏注明已获得的英语等级证书及成绩；4.专业考试信息请参见《2026年度国家金融监督管理总局招考职位专业科目笔试考试大纲》。"",""部门网站"":""www.nfra.gov.cn"",""咨询电话1"":""0991-2205561"",""咨询电话2"":""0991-2205627"",""咨询电话3"":"""",""来源Sheet"":""中央国家行政机关省级以下直属机构""}}"
"government_jobs","国家公务员2026招考简章","公务员/事业单位技术岗位","新疆维吾尔自治区伊犁哈萨克自治州","2026-07-28T09:12:58.310295+00:00","科技部门一级主任科员及以下","国家金融监督管理总局新疆监管局","","新疆维吾尔自治区伊犁哈萨克自治州","公务员/事业单位;2026;computer_software;cybersecurity_cryptography;electronics_communication;本科及以上;与最高学历相对应的学位;大学本科：电子信息类（0807）、计算机类（0809）；研究生：电子科学与技术（0809）、信息与通信工程（0810）、计算机科学与技术（0812）、软件工程（0835）、网络空间安全（0839）、电子信息（0854）;市（地）级及以下直属机构综合管理类","用人司局：国家金融监督管理总局伊犁监管分局辖内监管支局
职位简介：主要从事金融信息科技风险监管、电子设备软硬件管理及信息系统运行维护等工作。
专业要求：大学本科：电子信息类（0807）、计算机类（0809）；研究生：电子科学与技术（0809）、信息与通信工程（0810）、计算机科学与技术（0812）、软件工程（0835）、网络空间安全（0839）、电子信息（0854）
学历要求：本科及以上
学位要求：与最高学历相对应的学位
政治面貌：不限
基层工作经历：无限制
考试类别：市（地）级及以下直属机构综合管理类
备注：1.报名时请在专业栏中同时填写专业名称和专业代码；2.限应届高校毕业生报考，请在备注栏中注明本人具有应届高校毕业生身份；3.本职位具体招录人数为昭苏金融监管支局1人、尼勒克金融监管支局1人、特克斯金融监管支局1人、察布查尔金融监管支局1人，录用后按照综合成绩从高到低顺序，由考生选择工作单位；4.专业考试信息请参见《2026年度国家金融监督管理总局招考职位专业科目笔试考试大纲》。","http://bm.scs.gov.cn/kl2026#132131-300147956001","2025-10-14","{""dataset_year"":2026,""job_uid"":""GOV-2026-132131-300147956001"",""publisher"":""国家公务员局"",""publication_page"":""http://bm.scs.gov.cn/kl2026"",""attachment_url"":""local://2026_guokao_zhaokaojianzhang.zip"",""local_source_file"":""中央机关及其直属机构2026年度考试录用公务员招考简章.xls"",""local_source_sha256"":""2670bae1df1dd07a3a3c79b9db46a11e3bb15a6c9c249e6af98bfd0b61ce3aaf"",""source_sheet"":""中央国家行政机关省级以下直属机构"",""filter_version"":""government_tech_v2"",""tech_filter"":{""is_tech"":true,""is_core_tech"":true,""scope"":""core"",""categories"":[""computer_software"",""cybersecurity_cryptography"",""electronics_communication""],""matched_fields"":[""major"",""description""],""major_terms"":[""信息与通信工程"",""电子信息"",""电子信息类"",""电子科学与技术"",""网络空间安全"",""计算机科学与技术"",""计算机类"",""软件工程"",""通信工程""],""role_terms"":[""信息科技"",""信息系统"",""软硬件""],""reason"":""tech_major_and_role""},""original"":{""部门代码"":""132131"",""部门名称"":""国家金融监督管理总局新疆监管局"",""用人司局"":""国家金融监督管理总局伊犁监管分局辖内监管支局"",""机构性质"":""中央国家行政机关省级以下直属机构"",""招考职位"":""科技部门一级主任科员及以下"",""职位属性"":""金融监管计算机类职位"",""职位分布"":""西部地区和艰苦边远地区职位"",""职位简介"":""主要从事金融信息科技风险监管、电子设备软硬件管理及信息系统运行维护等工作。"",""职位代码"":""300147956001"",""机构层级"":""县（区）级及以下"",""考试类别"":""市（地）级及以下直属机构综合管理类"",""招考人数"":""4"",""专业"":""大学本科：电子信息类（0807）、计算机类（0809）；研究生：电子科学与技术（0809）、信息与通信工程（0810）、计算机科学与技术（0812）、软件工程（0835）、网络空间安全（0839）、电子信息（0854）"",""学历"":""本科及以上"",""学位"":""与最高学历相对应的学位"",""政治面貌"":""不限"",""基层工作最低年限"":""无限制"",""服务基层项目工作经历"":""无限制"",""是否在面试阶段组织专业能力测试"":""否"",""面试人员比例"":""3:1"",""工作地点"":""新疆维吾尔自治区伊犁哈萨克自治州"",""落户地点"":""新疆维吾尔自治区伊犁哈萨克自治州"",""备注"":""1.报名时请在专业栏中同时填写专业名称和专业代码；2.限应届高校毕业生报考，请在备注栏中注明本人具有应届高校毕业生身份；3.本职位具体招录人数为昭苏金融监管支局1人、尼勒克金融监管支局1人、特克斯金融监管支局1人、察布查尔金融监管支局1人，录用后按照综合成绩从高到低顺序，由考生选择工作单位；4.专业考试信息请参见《2026年度国家金融监督管理总局招考职位专业科目笔试考试大纲》。"",""部门网站"":""www.nfra.gov.cn"",""咨询电话1"":""0991-2205561"",""咨询电话2"":""0991-2205627"",""咨询电话3"":"""",""来源Sheet"":""中央国家行政机关省级以下直属机构""}}"
"government_jobs","国家公务员2026招考简章","公务员/事业单位技术岗位","新疆维吾尔自治区塔城地区托里县","2026-07-28T09:12:58.310295+00:00","科技部门一级主任科员及以下","国家金融监督管理总局新疆监管局","","新疆维吾尔自治区塔城地区托里县","公务员/事业单位;2026;computer_software;cybersecurity_cryptography;electronics_communication;本科及以上;与最高学历相对应的学位;大学本科：电子信息类（0807）、计算机类（0809）；研究生：电子科学与技术（0809）、信息与通信工程（0810）、计算机科学与技术（0812）、软件工程（0835）、网络空间安全（0839）、电子信息（0854）;市（地）级及以下直属机构综合管理类","用人司局：国家金融监督管理总局托里监管支局
职位简介：主要从事金融信息科技风险监管、电子设备软硬件管理及信息系统运行维护等工作。
专业要求：大学本科：电子信息类（0807）、计算机类（0809）；研究生：电子科学与技术（0809）、信息与通信工程（0810）、计算机科学与技术（0812）、软件工程（0835）、网络空间安全（0839）、电子信息（0854）
学历要求：本科及以上
学位要求：与最高学历相对应的学位
政治面貌：不限
基层工作经历：二年
考试类别：市（地）级及以下直属机构综合管理类
备注：1.报名时请在专业栏中同时填写专业名称和专业代码；2.限大学生村官、农村义务教育阶段学校教师特设岗位计划、“三支一扶”计划、大学生志愿服务西部计划人员报考，请在简历栏中注明相关经历；3.专业考试信息请参见《2026年度国家金融监督管理总局招考职位专业科目笔试考试大纲》。","http://bm.scs.gov.cn/kl2026#132131-300147960001","2025-10-14","{""dataset_year"":2026,""job_uid"":""GOV-2026-132131-300147960001"",""publisher"":""国家公务员局"",""publication_page"":""http://bm.scs.gov.cn/kl2026"",""attachment_url"":""local://2026_guokao_zhaokaojianzhang.zip"",""local_source_file"":""中央机关及其直属机构2026年度考试录用公务员招考简章.xls"",""local_source_sha256"":""2670bae1df1dd07a3a3c79b9db46a11e3bb15a6c9c249e6af98bfd0b61ce3aaf"",""source_sheet"":""中央国家行政机关省级以下直属机构"",""filter_version"":""government_tech_v2"",""tech_filter"":{""is_tech"":true,""is_core_tech"":true,""scope"":""core"",""categories"":[""computer_software"",""cybersecurity_cryptography"",""electronics_communication""],""matched_fields"":[""major"",""description""],""major_terms"":[""信息与通信工程"",""电子信息"",""电子信息类"",""电子科学与技术"",""网络空间安全"",""计算机科学与技术"",""计算机类"",""软件工程"",""通信工程""],""role_terms"":[""信息科技"",""信息系统"",""软硬件""],""reason"":""tech_major_and_role""},""original"":{""部门代码"":""132131"",""部门名称"":""国家金融监督管理总局新疆监管局"",""用人司局"":""国家金融监督管理总局托里监管支局"",""机构性质"":""中央国家行政机关省级以下直属机构"",""招考职位"":""科技部门一级主任科员及以下"",""职位属性"":""金融监管计算机类职位"",""职位分布"":""西部地区和艰苦边远地区职位"",""职位简介"":""主要从事金融信息科技风险监管、电子设备软硬件管理及信息系统运行维护等工作。"",""职位代码"":""300147960001"",""机构层级"":""县（区）级及以下"",""考试类别"":""市（地）级及以下直属机构综合管理类"",""招考人数"":""1"",""专业"":""大学本科：电子信息类（0807）、计算机类（0809）；研究生：电子科学与技术（0809）、信息与通信工程（0810）、计算机科学与技术（0812）、软件工程（0835）、网络空间安全（0839）、电子信息（0854）"",""学历"":""本科及以上"",""学位"":""与最高学历相对应的学位"",""政治面貌"":""不限"",""基层工作最低年限"":""二年"",""服务基层项目工作经历"":""大学生村官、农村义务教育阶段学校教师特设岗位计划、“三支一扶”计划、大学生志愿服务西部计划"",""是否在面试阶段组织专业能力测试"":""否"",""面试人员比例"":""3:1"",""工作地点"":""新疆维吾尔自治区塔城地区托里县"",""落户地点"":""新疆维吾尔自治区塔城地区托里县"",""备注"":""1.报名时请在专业栏中同时填写专业名称和专业代码；2.限大学生村官、农村义务教育阶段学校教师特设岗位计划、“三支一扶”计划、大学生志愿服务西部计划人员报考，请在简历栏中注明相关经历；3.专业考试信息请参见《2026年度国家金融监督管理总局招考职位专业科目笔试考试大纲》。"",""部门网站"":""www.nfra.gov.cn"",""咨询电话1"":""0991-2205561"",""咨询电话2"":""0991-2205627"",""咨询电话3"":"""",""来源Sheet"":""中央国家行政机关省级以下直属机构""}}"
"government_jobs","国家公务员2026招考简章","公务员/事业单位技术岗位","新疆维吾尔自治区昌吉回族自治州昌吉市","2026-07-28T09:12:58.310295+00:00","科技部门一级主任科员及以下","国家金融监督管理总局新疆监管局","","新疆维吾尔自治区昌吉回族自治州昌吉市","公务员/事业单位;2026;computer_software;cybersecurity_cryptography;electronics_communication;本科及以上;与最高学历相对应的学位;大学本科：电子信息类（0807）、计算机类（0809）；研究生：电子科学与技术（0809）、信息与通信工程（0810）、计算机科学与技术（0812）、软件工程（0835）、网络空间安全（0839）、电子信息（0854）;市（地）级及以下直属机构综合管理类","用人司局：国家金融监督管理总局昌吉监管分局
职位简介：主要从事金融信息科技风险监管、电子设备软硬件管理及信息系统运行维护等工作。
专业要求：大学本科：电子信息类（0807）、计算机类（0809）；研究生：电子科学与技术（0809）、信息与通信工程（0810）、计算机科学与技术（0812）、软件工程（0835）、网络空间安全（0839）、电子信息（0854）
学历要求：本科及以上
学位要求：与最高学历相对应的学位
政治面貌：不限
基层工作经历：二年
考试类别：市（地）级及以下直属机构综合管理类
备注：1.报名时请在专业栏中同时填写专业名称和专业代码；2.限大学生村官、农村义务教育阶段学校教师特设岗位计划、“三支一扶”计划、大学生志愿服务西部计划人员报考，请在简历栏中注明相关经历；3.专业考试信息请参见《2026年度国家金融监督管理总局招考职位专业科目笔试考试大纲》。","http://bm.scs.gov.cn/kl2026#132131-300147965001","2025-10-14","{""dataset_year"":2026,""job_uid"":""GOV-2026-132131-300147965001"",""publisher"":""国家公务员局"",""publication_page"":""http://bm.scs.gov.cn/kl2026"",""attachment_url"":""local://2026_guokao_zhaokaojianzhang.zip"",""local_source_file"":""中央机关及其直属机构2026年度考试录用公务员招考简章.xls"",""local_source_sha256"":""2670bae1df1dd07a3a3c79b9db46a11e3bb15a6c9c249e6af98bfd0b61ce3aaf"",""source_sheet"":""中央国家行政机关省级以下直属机构"",""filter_version"":""government_tech_v2"",""tech_filter"":{""is_tech"":true,""is_core_tech"":true,""scope"":""core"",""categories"":[""computer_software"",""cybersecurity_cryptography"",""electronics_communication""],""matched_fields"":[""major"",""description""],""major_terms"":[""信息与通信工程"",""电子信息"",""电子信息类"",""电子科学与技术"",""网络空间安全"",""计算机科学与技术"",""计算机类"",""软件工程"",""通信工程""],""role_terms"":[""信息科技"",""信息系统"",""软硬件""],""reason"":""tech_major_and_role""},""original"":{""部门代码"":""132131"",""部门名称"":""国家金融监督管理总局新疆监管局"",""用人司局"":""国家金融监督管理总局昌吉监管分局"",""机构性质"":""中央国家行政机关省级以下直属机构"",""招考职位"":""科技部门一级主任科员及以下"",""职位属性"":""金融监管计算机类职位"",""职位分布"":""西部地区和艰苦边远地区职位"",""职位简介"":""主要从事金融信息科技风险监管、电子设备软硬件管理及信息系统运行维护等工作。"",""职位代码"":""300147965001"",""机构层级"":""市（地）级"",""考试类别"":""市（地）级及以下直属机构综合管理类"",""招考人数"":""1"",""专业"":""大学本科：电子信息类（0807）、计算机类（0809）；研究生：电子科学与技术（0809）、信息与通信工程（0810）、计算机科学与技术（0812）、软件工程（0835）、网络空间安全（0839）、电子信息（0854）"",""学历"":""本科及以上"",""学位"":""与最高学历相对应的学位"",""政治面貌"":""不限"",""基层工作最低年限"":""二年"",""服务基层项目工作经历"":""大学生村官、农村义务教育阶段学校教师特设岗位计划、“三支一扶”计划、大学生志愿服务西部计划"",""是否在面试阶段组织专业能力测试"":""否"",""面试人员比例"":""3:1"",""工作地点"":""新疆维吾尔自治区昌吉回族自治州昌吉市"",""落户地点"":""新疆维吾尔自治区昌吉回族自治州昌吉市"",""备注"":""1.报名时请在专业栏中同时填写专业名称和专业代码；2.限大学生村官、农村义务教育阶段学校教师特设岗位计划、“三支一扶”计划、大学生志愿服务西部计划人员报考，请在简历栏中注明相关经历；3.专业考试信息请参见《2026年度国家金融监督管理总局招考职位专业科目笔试考试大纲》。"",""部门网站"":""www.nfra.gov.cn"",""咨询电话1"":""0991-2205561"",""咨询电话2"":""0991-2205627"",""咨询电话3"":"""",""来源Sheet"":""中央国家行政机关省级以下直属机构""}}"
"government_jobs","国家公务员2026招考简章","公务员/事业单位技术岗位","新疆维吾尔自治区巴音郭楞蒙古自治州库尔勒市","2026-07-28T09:12:58.310295+00:00","科技部门一级主任科员及以下","国家金融监督管理总局新疆监管局","","新疆维吾尔自治区巴音郭楞蒙古自治州库尔勒市","公务员/事业单位;2026;computer_software;cybersecurity_cryptography;electronics_communication;本科及以上;与最高学历相对应的学位;大学本科：电子信息类（0807）、计算机类（0809）；研究生：电子科学与技术（0809）、信息与通信工程（0810）、计算机科学与技术（0812）、软件工程（0835）、网络空间安全（0839）、电子信息（0854）;市（地）级及以下直属机构综合管理类","用人司局：国家金融监督管理总局巴音郭楞监管分局
职位简介：主要从事金融信息科技风险监管、电子设备软硬件管理及信息系统运行维护等工作。
专业要求：大学本科：电子信息类（0807）、计算机类（0809）；研究生：电子科学与技术（0809）、信息与通信工程（0810）、计算机科学与技术（0812）、软件工程（0835）、网络空间安全（0839）、电子信息（0854）
学历要求：本科及以上
学位要求：与最高学历相对应的学位
政治面貌：不限
基层工作经历：无限制
考试类别：市（地）级及以下直属机构综合管理类
备注：1.报名时请在专业栏中同时填写专业名称和专业代码；2.限应届高校毕业生报考，请在备注栏中注明本人具有应届高校毕业生身份；3.专业考试信息请参见《2026年度国家金融监督管理总局招考职位专业科目笔试考试大纲》。","http://bm.scs.gov.cn/kl2026#132131-300147971001","2025-10-14","{""dataset_year"":2026,""job_uid"":""GOV-2026-132131-300147971001"",""publisher"":""国家公务员局"",""publication_page"":""http://bm.scs.gov.cn/kl2026"",""attachment_url"":""local://2026_guokao_zhaokaojianzhang.zip"",""local_source_file"":""中央机关及其直属机构2026年度考试录用公务员招考简章.xls"",""local_source_sha256"":""2670bae1df1dd07a3a3c79b9db46a11e3bb15a6c9c249e6af98bfd0b61ce3aaf"",""source_sheet"":""中央国家行政机关省级以下直属机构"",""filter_version"":""government_tech_v2"",""tech_filter"":{""is_tech"":true,""is_core_tech"":true,""scope"":""core"",""categories"":[""computer_software"",""cybersecurity_cryptography"",""electronics_communication""],""matched_fields"":[""major"",""description""],""major_terms"":[""信息与通信工程"",""电子信息"",""电子信息类"",""电子科学与技术"",""网络空间安全"",""计算机科学与技术"",""计算机类"",""软件工程"",""通信工程""],""role_terms"":[""信息科技"",""信息系统"",""软硬件""],""reason"":""tech_major_and_role""},""original"":{""部门代码"":""132131"",""部门名称"":""国家金融监督管理总局新疆监管局"",""用人司局"":""国家金融监督管理总局巴音郭楞监管分局"",""机构性质"":""中央国家行政机关省级以下直属机构"",""招考职位"":""科技部门一级主任科员及以下"",""职位属性"":""金融监管计算机类职位"",""职位分布"":""西部地区和艰苦边远地区职位"",""职位简介"":""主要从事金融信息科技风险监管、电子设备软硬件管理及信息系统运行维护等工作。"",""职位代码"":""300147971001"",""机构层级"":""市（地）级"",""考试类别"":""市（地）级及以下直属机构综合管理类"",""招考人数"":""2"",""专业"":""大学本科：电子信息类（0807）、计算机类（0809）；研究生：电子科学与技术（0809）、信息与通信工程（0810）、计算机科学与技术（0812）、软件工程（0835）、网络空间安全（0839）、电子信息（0854）"",""学历"":""本科及以上"",""学位"":""与最高学历相对应的学位"",""政治面貌"":""不限"",""基层工作最低年限"":""无限制"",""服务基层项目工作经历"":""无限制"",""是否在面试阶段组织专业能力测试"":""否"",""面试人员比例"":""3:1"",""工作地点"":""新疆维吾尔自治区巴音郭楞蒙古自治州库尔勒市"",""落户地点"":""新疆维吾尔自治区巴音郭楞蒙古自治州库尔勒市"",""备注"":""1.报名时请在专业栏中同时填写专业名称和专业代码；2.限应届高校毕业生报考，请在备注栏中注明本人具有应届高校毕业生身份；3.专业考试信息请参见《2026年度国家金融监督管理总局招考职位专业科目笔试考试大纲》。"",""部门网站"":""www.nfra.gov.cn"",""咨询电话1"":""0991-2205561"",""咨询电话2"":""0991-2205627"",""咨询电话3"":"""",""来源Sheet"":""中央国家行政机关省级以下直属机构""}}"
"government_jobs","国家公务员2026招考简章","公务员/事业单位技术岗位","新疆维吾尔自治区巴音郭楞蒙古自治州","2026-07-28T09:12:58.310295+00:00","科技部门一级主任科员及以下","国家金融监督管理总局新疆监管局","","新疆维吾尔自治区巴音郭楞蒙古自治州","公务员/事业单位;2026;computer_software;electronics_communication;仅限本科;学士;电子信息类（0807）、计算机类（0809）;市（地）级及以下直属机构综合管理类","用人司局：国家金融监督管理总局巴音郭楞监管分局辖内监管支局
职位简介：主要从事金融信息科技风险监管、电子设备软硬件管理及信息系统运行维护等工作。
专业要求：电子信息类（0807）、计算机类（0809）
学历要求：仅限本科
学位要求：学士
政治面貌：不限
基层工作经历：二年
考试类别：市（地）级及以下直属机构综合管理类
备注：1.报名时请在专业栏中同时填写专业名称和专业代码；2.限大学生村官、农村义务教育阶段学校教师特设岗位计划、“三支一扶”计划、大学生志愿服务西部计划人员报考，请在简历栏中注明相关经历；3.本职位具体招录人数为和静金融监管支局1人、焉耆金融监管支局1人，录用后按照综合成绩从高到低顺序，由考生选择工作单位；4.专业考试信息请参见《2026年度国家金融监督管理总局招考职位专业科目笔试考试大纲》。","http://bm.scs.gov.cn/kl2026#132131-300147972001","2025-10-14","{""dataset_year"":2026,""job_uid"":""GOV-2026-132131-300147972001"",""publisher"":""国家公务员局"",""publication_page"":""http://bm.scs.gov.cn/kl2026"",""attachment_url"":""local://2026_guokao_zhaokaojianzhang.zip"",""local_source_file"":""中央机关及其直属机构2026年度考试录用公务员招考简章.xls"",""local_source_sha256"":""2670bae1df1dd07a3a3c79b9db46a11e3bb15a6c9c249e6af98bfd0b61ce3aaf"",""source_sheet"":""中央国家行政机关省级以下直属机构"",""filter_version"":""government_tech_v2"",""tech_filter"":{""is_tech"":true,""is_core_tech"":true,""scope"":""core"",""categories"":[""computer_software"",""electronics_communication""],""matched_fields"":[""major"",""description""],""major_terms"":[""电子信息类"",""计算机类""],""role_terms"":[""信息科技"",""信息系统"",""软硬件""],""reason"":""tech_major_and_role""},""original"":{""部门代码"":""132131"",""部门名称"":""国家金融监督管理总局新疆监管局"",""用人司局"":""国家金融监督管理总局巴音郭楞监管分局辖内监管支局"",""机构性质"":""中央国家行政机关省级以下直属机构"",""招考职位"":""科技部门一级主任科员及以下"",""职位属性"":""金融监管计算机类职位"",""职位分布"":""西部地区和艰苦边远地区职位"",""职位简介"":""主要从事金融信息科技风险监管、电子设备软硬件管理及信息系统运行维护等工作。"",""职位代码"":""300147972001"",""机构层级"":""县（区）级及以下"",""考试类别"":""市（地）级及以下直属机构综合管理类"",""招考人数"":""2"",""专业"":""电子信息类（0807）、计算机类（0809）"",""学历"":""仅限本科"",""学位"":""学士"",""政治面貌"":""不限"",""基层工作最低年限"":""二年"",""服务基层项目工作经历"":""大学生村官、农村义务教育阶段学校教师特设岗位计划、“三支一扶”计划、大学生志愿服务西部计划"",""是否在面试阶段组织专业能力测试"":""否"",""面试人员比例"":""3:1"",""工作地点"":""新疆维吾尔自治区巴音郭楞蒙古自治州"",""落户地点"":""新疆维吾尔自治区巴音郭楞蒙古自治州"",""备注"":""1.报名时请在专业栏中同时填写专业名称和专业代码；2.限大学生村官、农村义务教育阶段学校教师特设岗位计划、“三支一扶”计划、大学生志愿服务西部计划人员报考，请在简历栏中注明相关经历；3.本职位具体招录人数为和静金融监管支局1人、焉耆金融监管支局1人，录用后按照综合成绩从高到低顺序，由考生选择工作单位；4.专业考试信息请参见《2026年度国家金融监督管理总局招考职位专业科目笔试考试大纲》。"",""部门网站"":""www.nfra.gov.cn"",""咨询电话1"":""0991-2205561"",""咨询电话2"":""0991-2205627"",""咨询电话3"":"""",""来源Sheet"":""中央国家行政机关省级以下直属机构""}}"
"government_jobs","国家公务员2026招考简章","公务员/事业单位技术岗位","新疆维吾尔自治区巴音郭楞蒙古自治州若羌县","2026-07-28T09:12:58.310295+00:00","科技部门一级主任科员及以下","国家金融监督管理总局新疆监管局","","新疆维吾尔自治区巴音郭楞蒙古自治州若羌县","公务员/事业单位;2026;computer_software;electronics_communication;仅限本科;学士;电子信息类（0807）、计算机类（0809）;市（地）级及以下直属机构综合管理类","用人司局：国家金融监督管理总局若羌监管支局
职位简介：主要从事金融信息科技风险监管、电子设备软硬件管理及信息系统运行维护等工作。
专业要求：电子信息类（0807）、计算机类（0809）
学历要求：仅限本科
学位要求：学士
政治面貌：不限
基层工作经历：无限制
考试类别：市（地）级及以下直属机构综合管理类
备注：1.报名时请在专业栏中同时填写专业名称和专业代码；2.专业考试信息请参见《2026年度国家金融监督管理总局招考职位专业科目笔试考试大纲》。","http://bm.scs.gov.cn/kl2026#132131-300147975001","2025-10-14","{""dataset_year"":2026,""job_uid"":""GOV-2026-132131-300147975001"",""publisher"":""国家公务员局"",""publication_page"":""http://bm.scs.gov.cn/kl2026"",""attachment_url"":""local://2026_guokao_zhaokaojianzhang.zip"",""local_source_file"":""中央机关及其直属机构2026年度考试录用公务员招考简章.xls"",""local_source_sha256"":""2670bae1df1dd07a3a3c79b9db46a11e3bb15a6c9c249e6af98bfd0b61ce3aaf"",""source_sheet"":""中央国家行政机关省级以下直属机构"",""filter_version"":""government_tech_v2"",""tech_filter"":{""is_tech"":true,""is_core_tech"":true,""scope"":""core"",""categories"":[""computer_software"",""electronics_communication""],""matched_fields"":[""major"",""description""],""major_terms"":[""电子信息类"",""计算机类""],""role_terms"":[""信息科技"",""信息系统"",""软硬件""],""reason"":""tech_major_and_role""},""original"":{""部门代码"":""132131"",""部门名称"":""国家金融监督管理总局新疆监管局"",""用人司局"":""国家金融监督管理总局若羌监管支局"",""机构性质"":""中央国家行政机关省级以下直属机构"",""招考职位"":""科技部门一级主任科员及以下"",""职位属性"":""金融监管计算机类职位"",""职位分布"":""西部地区和艰苦边远地区职位"",""职位简介"":""主要从事金融信息科技风险监管、电子设备软硬件管理及信息系统运行维护等工作。"",""职位代码"":""300147975001"",""机构层级"":""县（区）级及以下"",""考试类别"":""市（地）级及以下直属机构综合管理类"",""招考人数"":""1"",""专业"":""电子信息类（0807）、计算机类（0809）"",""学历"":""仅限本科"",""学位"":""学士"",""政治面貌"":""不限"",""基层工作最低年限"":""无限制"",""服务基层项目工作经历"":""无限制"",""是否在面试阶段组织专业能力测试"":""否"",""面试人员比例"":""3:1"",""工作地点"":""新疆维吾尔自治区巴音郭楞蒙古自治州若羌县"",""落户地点"":""新疆维吾尔自治区巴音郭楞蒙古自治州若羌县"",""备注"":""1.报名时请在专业栏中同时填写专业名称和专业代码；2.专业考试信息请参见《2026年度国家金融监督管理总局招考职位专业科目笔试考试大纲》。"",""部门网站"":""www.nfra.gov.cn"",""咨询电话1"":""0991-2205561"",""咨询电话2"":""0991-2205627"",""咨询电话3"":"""",""来源Sheet"":""中央国家行政机关省级以下直属机构""}}"
"government_jobs","国家公务员2026招考简章","公务员/事业单位技术岗位","新疆维吾尔自治区阿克苏地区","2026-07-28T09:12:58.310295+00:00","科技部门一级主任科员及以下","国家金融监督管理总局新疆监管局","","新疆维吾尔自治区阿克苏地区","公务员/事业单位;2026;computer_software;electronics_communication;仅限本科;学士;电子信息类（0807）、计算机类（0809）;市（地）级及以下直属机构综合管理类","用人司局：国家金融监督管理总局阿克苏监管分局辖内监管支局
职位简介：主要从事金融信息科技风险监管、电子设备软硬件管理及信息系统运行维护等工作。
专业要求：电子信息类（0807）、计算机类（0809）
学历要求：仅限本科
学位要求：学士
政治面貌：不限
基层工作经历：二年
考试类别：市（地）级及以下直属机构综合管理类
备注：1.报名时请在专业栏中同时填写专业名称和专业代码；2.限大学生村官、农村义务教育阶段学校教师特设岗位计划、“三支一扶”计划、大学生志愿服务西部计划人员报考，请在简历栏中注明相关经历；3.本职位具体招录人数为沙雅金融监管支局1人、温宿金融监管支局1人，录用后按照综合成绩从高到低顺序，由考生选择工作单位；4.专业考试信息请参见《2026年度国家金融监督管理总局招考职位专业科目笔试考试大纲》。","http://bm.scs.gov.cn/kl2026#132131-300147976001","2025-10-14","{""dataset_year"":2026,""job_uid"":""GOV-2026-132131-300147976001"",""publisher"":""国家公务员局"",""publication_page"":""http://bm.scs.gov.cn/kl2026"",""attachment_url"":""local://2026_guokao_zhaokaojianzhang.zip"",""local_source_file"":""中央机关及其直属机构2026年度考试录用公务员招考简章.xls"",""local_source_sha256"":""2670bae1df1dd07a3a3c79b9db46a11e3bb15a6c9c249e6af98bfd0b61ce3aaf"",""source_sheet"":""中央国家行政机关省级以下直属机构"",""filter_version"":""government_tech_v2"",""tech_filter"":{""is_tech"":true,""is_core_tech"":true,""scope"":""core"",""categories"":[""computer_software"",""electronics_communication""],""matched_fields"":[""major"",""description""],""major_terms"":[""电子信息类"",""计算机类""],""role_terms"":[""信息科技"",""信息系统"",""软硬件""],""reason"":""tech_major_and_role""},""original"":{""部门代码"":""132131"",""部门名称"":""国家金融监督管理总局新疆监管局"",""用人司局"":""国家金融监督管理总局阿克苏监管分局辖内监管支局"",""机构性质"":""中央国家行政机关省级以下直属机构"",""招考职位"":""科技部门一级主任科员及以下"",""职位属性"":""金融监管计算机类职位"",""职位分布"":""西部地区和艰苦边远地区职位"",""职位简介"":""主要从事金融信息科技风险监管、电子设备软硬件管理及信息系统运行维护等工作。"",""职位代码"":""300147976001"",""机构层级"":""县（区）级及以下"",""考试类别"":""市（地）级及以下直属机构综合管理类"",""招考人数"":""2"",""专业"":""电子信息类（0807）、计算机类（0809）"",""学历"":""仅限本科"",""学位"":""学士"",""政治面貌"":""不限"",""基层工作最低年限"":""二年"",""服务基层项目工作经历"":""大学生村官、农村义务教育阶段学校教师特设岗位计划、“三支一扶”计划、大学生志愿服务西部计划"",""是否在面试阶段组织专业能力测试"":""否"",""面试人员比例"":""3:1"",""工作地点"":""新疆维吾尔自治区阿克苏地区"",""落户地点"":""新疆维吾尔自治区阿克苏地区"",""备注"":""1.报名时请在专业栏中同时填写专业名称和专业代码；2.限大学生村官、农村义务教育阶段学校教师特设岗位计划、“三支一扶”计划、大学生志愿服务西部计划人员报考，请在简历栏中注明相关经历；3.本职位具体招录人数为沙雅金融监管支局1人、温宿金融监管支局1人，录用后按照综合成绩从高到低顺序，由考生选择工作单位；4.专业考试信息请参见《2026年度国家金融监督管理总局招考职位专业科目笔试考试大纲》。"",""部门网站"":""www.nfra.gov.cn"",""咨询电话1"":""0991-2205561"",""咨询电话2"":""0991-2205627"",""咨询电话3"":"""",""来源Sheet"":""中央国家行政机关省级以下直属机构""}}"
"government_jobs","国家公务员2026招考简章","公务员/事业单位技术岗位","新疆维吾尔自治区和田地区和田市","2026-07-28T09:12:58.310295+00:00","科技部门一级主任科员及以下","国家金融监督管理总局新疆监管局","","新疆维吾尔自治区和田地区和田市","公务员/事业单位;2026;computer_software;electronics_communication;仅限本科;学士;电子信息类（0807）、计算机类（0809）;市（地）级及以下直属机构综合管理类","用人司局：国家金融监督管理总局和田监管分局
职位简介：主要从事金融信息科技风险监管、电子设备软硬件管理及信息系统运行维护等工作。
专业要求：电子信息类（0807）、计算机类（0809）
学历要求：仅限本科
学位要求：学士
政治面貌：不限
基层工作经历：无限制
考试类别：市（地）级及以下直属机构综合管理类
备注：1.报名时请在专业栏中同时填写专业名称和专业代码；2.专业考试信息请参见《2026年度国家金融监督管理总局招考职位专业科目笔试考试大纲》。","http://bm.scs.gov.cn/kl2026#132131-300147982001","2025-10-14","{""dataset_year"":2026,""job_uid"":""GOV-2026-132131-300147982001"",""publisher"":""国家公务员局"",""publication_page"":""http://bm.scs.gov.cn/kl2026"",""attachment_url"":""local://2026_guokao_zhaokaojianzhang.zip"",""local_source_file"":""中央机关及其直属机构2026年度考试录用公务员招考简章.xls"",""local_source_sha256"":""2670bae1df1dd07a3a3c79b9db46a11e3bb15a6c9c249e6af98bfd0b61ce3aaf"",""source_sheet"":""中央国家行政机关省级以下直属机构"",""filter_version"":""government_tech_v2"",""tech_filter"":{""is_tech"":true,""is_core_tech"":true,""scope"":""core"",""categories"":[""computer_software"",""electronics_communication""],""matched_fields"":[""major"",""description""],""major_terms"":[""电子信息类"",""计算机类""],""role_terms"":[""信息科技"",""信息系统"",""软硬件""],""reason"":""tech_major_and_role""},""original"":{""部门代码"":""132131"",""部门名称"":""国家金融监督管理总局新疆监管局"",""用人司局"":""国家金融监督管理总局和田监管分局"",""机构性质"":""中央国家行政机关省级以下直属机构"",""招考职位"":""科技部门一级主任科员及以下"",""职位属性"":""金融监管计算机类职位"",""职位分布"":""西部地区和艰苦边远地区职位"",""职位简介"":""主要从事金融信息科技风险监管、电子设备软硬件管理及信息系统运行维护等工作。"",""职位代码"":""300147982001"",""机构层级"":""市（地）级"",""考试类别"":""市（地）级及以下直属机构综合管理类"",""招考人数"":""1"",""专业"":""电子信息类（0807）、计算机类（0809）"",""学历"":""仅限本科"",""学位"":""学士"",""政治面貌"":""不限"",""基层工作最低年限"":""无限制"",""服务基层项目工作经历"":""无限制"",""是否在面试阶段组织专业能力测试"":""否"",""面试人员比例"":""3:1"",""工作地点"":""新疆维吾尔自治区和田地区和田市"",""落户地点"":""新疆维吾尔自治区和田地区和田市"",""备注"":""1.报名时请在专业栏中同时填写专业名称和专业代码；2.专业考试信息请参见《2026年度国家金融监督管理总局招考职位专业科目笔试考试大纲》。"",""部门网站"":""www.nfra.gov.cn"",""咨询电话1"":""0991-2205561"",""咨询电话2"":""0991-2205627"",""咨询电话3"":"""",""来源Sheet"":""中央国家行政机关省级以下直属机构""}}"
"government_jobs","国家公务员2026招考简章","公务员/事业单位技术岗位","山东省青岛市","2026-07-28T09:12:58.310295+00:00","科技部门一级主任科员及以下","国家金融监督管理总局青岛监管局","","山东省青岛市","公务员/事业单位;2026;computer_software;cybersecurity_cryptography;仅限硕士研究生;硕士;计算机科学与技术、软件工程、网络空间安全;中央机关及其省级直属机构综合管理类","用人司局：国家金融监督管理总局青岛监管局
职位简介：主要从事金融信息科技风险监管、电子设备软硬件管理及信息系统运行维护等工作。
专业要求：计算机科学与技术、软件工程、网络空间安全
学历要求：仅限硕士研究生
学位要求：硕士
政治面貌：不限
基层工作经历：二年
考试类别：中央机关及其省级直属机构综合管理类
备注：1.报名时请在专业栏中同时填写专业名称和专业代码；2.大学英语六级成绩在425分及以上（雅思成绩在6.5分及以上、托福成绩在90分及以上、取得英语专业四级或专业八级合格证书亦可），请在外语水平栏注明已获得的英语等级证书及成绩；3.专业考试信息请参见《2026年度国家金融监督管理总局招考职位专业科目笔试考试大纲》。","http://bm.scs.gov.cn/kl2026#132133-300147989001","2025-10-14","{""dataset_year"":2026,""job_uid"":""GOV-2026-132133-300147989001"",""publisher"":""国家公务员局"",""publication_page"":""http://bm.scs.gov.cn/kl2026"",""attachment_url"":""local://2026_guokao_zhaokaojianzhang.zip"",""local_source_file"":""中央机关及其直属机构2026年度考试录用公务员招考简章.xls"",""local_source_sha256"":""2670bae1df1dd07a3a3c79b9db46a11e3bb15a6c9c249e6af98bfd0b61ce3aaf"",""source_sheet"":""中央国家行政机关省级以下直属机构"",""filter_version"":""government_tech_v2"",""tech_filter"":{""is_tech"":true,""is_core_tech"":true,""scope"":""core"",""categories"":[""computer_software"",""cybersecurity_cryptography""],""matched_fields"":[""major"",""description""],""major_terms"":[""网络空间安全"",""计算机科学与技术"",""软件工程""],""role_terms"":[""信息科技"",""信息系统"",""软硬件""],""reason"":""tech_major_and_role""},""original"":{""部门代码"":""132133"",""部门名称"":""国家金融监督管理总局青岛监管局"",""用人司局"":""国家金融监督管理总局青岛监管局"",""机构性质"":""中央国家行政机关省级以下直属机构"",""招考职位"":""科技部门一级主任科员及以下"",""职位属性"":""金融监管计算机类职位"",""职位分布"":""其他职位"",""职位简介"":""主要从事金融信息科技风险监管、电子设备软硬件管理及信息系统运行维护等工作。"",""职位代码"":""300147989001"",""机构层级"":""省（副省）级"",""考试类别"":""中央机关及其省级直属机构综合管理类"",""招考人数"":""1"",""专业"":""计算机科学与技术、软件工程、网络空间安全"",""学历"":""仅限硕士研究生"",""学位"":""硕士"",""政治面貌"":""不限"",""基层工作最低年限"":""二年"",""服务基层项目工作经历"":""无限制"",""是否在面试阶段组织专业能力测试"":""否"",""面试人员比例"":""4:1"",""工作地点"":""山东省青岛市"",""落户地点"":""山东省青岛市"",""备注"":""1.报名时请在专业栏中同时填写专业名称和专业代码；2.大学英语六级成绩在425分及以上（雅思成绩在6.5分及以上、托福成绩在90分及以上、取得英语专业四级或专业八级合格证书亦可），请在外语水平栏注明已获得的英语等级证书及成绩；3.专业考试信息请参见《2026年度国家金融监督管理总局招考职位专业科目笔试考试大纲》。"",""部门网站"":""http://www.nfra.gov.cn/"",""咨询电话1"":""0532-83079292"",""咨询电话2"":""0532-83079156"",""咨询电话3"":""0532-83079395"",""来源Sheet"":""中央国家行政机关省级以下直属机构""}}"
"government_jobs","国家公务员2026招考简章","公务员/事业单位技术岗位","山东省青岛市黄岛区","2026-07-28T09:12:58.310295+00:00","科技部门一级主任科员及以下","国家金融监督管理总局青岛监管局","","山东省青岛市黄岛区","公务员/事业单位;2026;computer_software;本科及以上;与最高学历相对应的学位;计算机类;市（地）级及以下直属机构综合管理类","用人司局：国家金融监督管理总局黄岛监管支局
职位简介：主要从事金融信息科技风险监管、电子设备软硬件管理及信息系统运行维护等工作。
专业要求：计算机类
学历要求：本科及以上
学位要求：与最高学历相对应的学位
政治面貌：不限
基层工作经历：无限制
考试类别：市（地）级及以下直属机构综合管理类
备注：1.报名时请在专业栏中同时填写专业名称和专业代码；2.限应届高校毕业生报考，请在备注栏中注明本人具有应届高校毕业生身份；3.大学英语四级成绩在425分及以上（雅思成绩在6分及以上、托福成绩在80分及以上、取得英语专业四级或专业八级合格证书亦可），请在外语水平栏注明已获得的英语等级证书及成绩；4.专业考试信息请参见《2026年度国家金融监督管理总局招考职位专业科目笔试考试大纲》。","http://bm.scs.gov.cn/kl2026#132133-300147990001","2025-10-14","{""dataset_year"":2026,""job_uid"":""GOV-2026-132133-300147990001"",""publisher"":""国家公务员局"",""publication_page"":""http://bm.scs.gov.cn/kl2026"",""attachment_url"":""local://2026_guokao_zhaokaojianzhang.zip"",""local_source_file"":""中央机关及其直属机构2026年度考试录用公务员招考简章.xls"",""local_source_sha256"":""2670bae1df1dd07a3a3c79b9db46a11e3bb15a6c9c249e6af98bfd0b61ce3aaf"",""source_sheet"":""中央国家行政机关省级以下直属机构"",""filter_version"":""government_tech_v2"",""tech_filter"":{""is_tech"":true,""is_core_tech"":true,""scope"":""core"",""categories"":[""computer_software""],""matched_fields"":[""major"",""description""],""major_terms"":[""计算机类""],""role_terms"":[""信息科技"",""信息系统"",""软硬件""],""reason"":""tech_major_and_role""},""original"":{""部门代码"":""132133"",""部门名称"":""国家金融监督管理总局青岛监管局"",""用人司局"":""国家金融监督管理总局黄岛监管支局"",""机构性质"":""中央国家行政机关省级以下直属机构"",""招考职位"":""科技部门一级主任科员及以下"",""职位属性"":""金融监管计算机类职位"",""职位分布"":""其他职位"",""职位简介"":""主要从事金融信息科技风险监管、电子设备软硬件管理及信息系统运行维护等工作。"",""职位代码"":""300147990001"",""机构层级"":""县（区）级及以下"",""考试类别"":""市（地）级及以下直属机构综合管理类"",""招考人数"":""1"",""专业"":""计算机类"",""学历"":""本科及以上"",""学位"":""与最高学历相对应的学位"",""政治面貌"":""不限"",""基层工作最低年限"":""无限制"",""服务基层项目工作经历"":""无限制"",""是否在面试阶段组织专业能力测试"":""否"",""面试人员比例"":""3:1"",""工作地点"":""山东省青岛市黄岛区"",""落户地点"":""山东省青岛市黄岛区"",""备注"":""1.报名时请在专业栏中同时填写专业名称和专业代码；2.限应届高校毕业生报考，请在备注栏中注明本人具有应届高校毕业生身份；3.大学英语四级成绩在425分及以上（雅思成绩在6分及以上、托福成绩在80分及以上、取得英语专业四级或专业八级合格证书亦可），请在外语水平栏注明已获得的英语等级证书及成绩；4.专业考试信息请参见《2026年度国家金融监督管理总局招考职位专业科目笔试考试大纲》。"",""部门网站"":""http://www.nfra.gov.cn/"",""咨询电话1"":""0532-83079292"",""咨询电话2"":""0532-83079156"",""咨询电话3"":""0532-83079395"",""来源Sheet"":""中央国家行政机关省级以下直属机构""}}"
"government_jobs","国家公务员2026招考简章","公务员/事业单位技术岗位","北京市","2026-07-28T09:12:58.310295+00:00","处室一级主任科员及以下","中国证券监督管理委员会","","北京市","公务员/事业单位;2026;computer_software;硕士研究生及以上;与最高学历相对应的学位;经济学、法学、会计、审计、计算机;中央机关及其省级直属机构综合管理类","用人司局：债券监管司
职位简介：主要从事债券市场监管、研究等工作
专业要求：经济学、法学、会计、审计、计算机
学历要求：硕士研究生及以上
学位要求：与最高学历相对应的学位
政治面貌：不限
基层工作经历：二年
考试类别：中央机关及其省级直属机构综合管理类
备注：1.研究生阶段需为经济学（学科代码02）、法学（学科代码0301）、法律（学科代码0351）、计算机科学与技术（学科代码0812）、软件工程（学科代码0835）、会计学（学科代码120201）、会计（学科代码1253）、审计（学科代码0257、1257），并取得相应的学位、学历证书；
2.大学英语六级考试合格或成绩在425分以上（含）或雅思6.5分及以上或托福90分及以上或取得英语专业四级或专业八级合格及以上证书；
3.报名时需要在备注栏中详细说明研究生专业和学科代码、英语成绩等；
4.有关专业考试信息及大纲可在中国证监会网站上查询。岗位咨询电话：010-88060654。","http://bm.scs.gov.cn/kl2026#133000-200140015001","2025-10-14","{""dataset_year"":2026,""job_uid"":""GOV-2026-133000-200140015001"",""publisher"":""国家公务员局"",""publication_page"":""http://bm.scs.gov.cn/kl2026"",""attachment_url"":""local://2026_guokao_zhaokaojianzhang.zip"",""local_source_file"":""中央机关及其直属机构2026年度考试录用公务员招考简章.xls"",""local_source_sha256"":""2670bae1df1dd07a3a3c79b9db46a11e3bb15a6c9c249e6af98bfd0b61ce3aaf"",""source_sheet"":""中央国家行政机关（本级）"",""filter_version"":""government_tech_v2"",""tech_filter"":{""is_tech"":true,""is_core_tech"":true,""scope"":""core"",""categories"":[""computer_software""],""matched_fields"":[""major"",""remarks""],""major_terms"":[""计算机""],""role_terms"":[""计算机"",""软件"",""软件工程""],""reason"":""tech_major_and_role""},""original"":{""部门代码"":""133000"",""部门名称"":""中国证券监督管理委员会"",""用人司局"":""债券监管司"",""机构性质"":""中央国家行政机关（本级）"",""招考职位"":""处室一级主任科员及以下"",""职位属性"":""证监财金类职位"",""职位分布"":""其他职位"",""职位简介"":""主要从事债券市场监管、研究等工作"",""职位代码"":""200140015001"",""机构层级"":""中央"",""考试类别"":""中央机关及其省级直属机构综合管理类"",""招考人数"":""1"",""专业"":""经济学、法学、会计、审计、计算机"",""学历"":""硕士研究生及以上"",""学位"":""与最高学历相对应的学位"",""政治面貌"":""不限"",""基层工作最低年限"":""二年"",""服务基层项目工作经历"":""无限制"",""是否在面试阶段组织专业能力测试"":""否"",""面试人员比例"":""5:1"",""工作地点"":""北京市"",""落户地点"":""北京市"",""备注"":""1.研究生阶段需为经济学（学科代码02）、法学（学科代码0301）、法律（学科代码0351）、计算机科学与技术（学科代码0812）、软件工程（学科代码0835）、会计学（学科代码120201）、会计（学科代码1253）、审计（学科代码0257、1257），并取得相应的学位、学历证书；\n2.大学英语六级考试合格或成绩在425分以上（含）或雅思6.5分及以上或托福90分及以上或取得英语专业四级或专业八级合格及以上证书；\n3.报名时需要在备注栏中详细说明研究生专业和学科代码、英语成绩等；\n4.有关专业考试信息及大纲可在中国证监会网站上查询。岗位咨询电话：010-88060654。"",""部门网站"":""www.csrc.gov.cn"",""咨询电话1"":""010-88061010"",""咨询电话2"":"""",""咨询电话3"":"""",""来源Sheet"":""中央国家行政机关（本级）""}}"
"government_jobs","国家公务员2026招考简章","公务员/事业单位技术岗位","北京市","2026-07-28T09:12:58.310295+00:00","处室一级主任科员及以下","中国证券监督管理委员会","","北京市","公务员/事业单位;2026;computer_software;cybersecurity_cryptography;data_ai;硕士研究生及以上;与最高学历相对应的学位;计算机类;中央机关及其省级直属机构综合管理类","用人司局：科技监管司
职位简介：从事科技规划、科研和标准化、信息安全和监管、数据管理等科技监管工作
专业要求：计算机类
学历要求：硕士研究生及以上
学位要求：与最高学历相对应的学位
政治面貌：中共党员
基层工作经历：二年
考试类别：中央机关及其省级直属机构综合管理类
备注：1.本科阶段为计算机科学与技术（学科代码080901）、软件工程（学科代码080902）、网络工程（学科代码080903）、信息安全（学科代码080904K）、智能科学与技术（学科代码080907T）、电子与计算机工程（学科代码080909T）、数据科学与大数据技术（学科代码080910T）、网络空间安全（学科代码080911TK）、保密技术（学科代码080914TK）、区块链工程（学科代码080917T）、密码科学与技术（080918TK）、人工智能（学科代码080717T）专业，且研究生阶段为信息与通信工程（学科代码0810）、计算机科学与技术（学科代码0812）、软件工程（学科代码0835）、网络空间安全（学科代码0839），并取得相应的学位、学历证书。
2.报名时需在备注栏中详细说明学科代码，简述研究方向或工作内容等，进入面试环节须提供相关材料。有关专业考试信息及大纲可在中国证监会网站上查询。岗位咨询电话：010-88060007。","http://bm.scs.gov.cn/kl2026#133000-200143016001","2025-10-14","{""dataset_year"":2026,""job_uid"":""GOV-2026-133000-200143016001"",""publisher"":""国家公务员局"",""publication_page"":""http://bm.scs.gov.cn/kl2026"",""attachment_url"":""local://2026_guokao_zhaokaojianzhang.zip"",""local_source_file"":""中央机关及其直属机构2026年度考试录用公务员招考简章.xls"",""local_source_sha256"":""2670bae1df1dd07a3a3c79b9db46a11e3bb15a6c9c249e6af98bfd0b61ce3aaf"",""source_sheet"":""中央国家行政机关（本级）"",""filter_version"":""government_tech_v2"",""tech_filter"":{""is_tech"":true,""is_core_tech"":true,""scope"":""core"",""categories"":[""computer_software"",""cybersecurity_cryptography"",""data_ai""],""matched_fields"":[""major"",""description"",""remarks""],""major_terms"":[""计算机类""],""role_terms"":[""人工智能"",""信息安全"",""大数据"",""密码科学"",""数据管理"",""网络空间安全"",""计算机"",""软件"",""软件工程""],""reason"":""tech_major_and_role""},""original"":{""部门代码"":""133000"",""部门名称"":""中国证券监督管理委员会"",""用人司局"":""科技监管司"",""机构性质"":""中央国家行政机关（本级）"",""招考职位"":""处室一级主任科员及以下"",""职位属性"":""证监计算机类职位"",""职位分布"":""其他职位"",""职位简介"":""从事科技规划、科研和标准化、信息安全和监管、数据管理等科技监管工作"",""职位代码"":""200143016001"",""机构层级"":""中央"",""考试类别"":""中央机关及其省级直属机构综合管理类"",""招考人数"":""1"",""专业"":""计算机类"",""学历"":""硕士研究生及以上"",""学位"":""与最高学历相对应的学位"",""政治面貌"":""中共党员"",""基层工作最低年限"":""二年"",""服务基层项目工作经历"":""无限制"",""是否在面试阶段组织专业能力测试"":""否"",""面试人员比例"":""5:1"",""工作地点"":""北京市"",""落户地点"":""北京市"",""备注"":""1.本科阶段为计算机科学与技术（学科代码080901）、软件工程（学科代码080902）、网络工程（学科代码080903）、信息安全（学科代码080904K）、智能科学与技术（学科代码080907T）、电子与计算机工程（学科代码080909T）、数据科学与大数据技术（学科代码080910T）、网络空间安全（学科代码080911TK）、保密技术（学科代码080914TK）、区块链工程（学科代码080917T）、密码科学与技术（080918TK）、人工智能（学科代码080717T）专业，且研究生阶段为信息与通信工程（学科代码0810）、计算机科学与技术（学科代码0812）、软件工程（学科代码0835）、网络空间安全（学科代码0839），并取得相应的学位、学历证书。\n2.报名时需在备注栏中详细说明学科代码，简述研究方向或工作内容等，进入面试环节须提供相关材料。有关专业考试信息及大纲可在中国证监会网站上查询。岗位咨询电话：010-88060007。"",""部门网站"":""www.csrc.gov.cn"",""咨询电话1"":""010-88061010"",""咨询电话2"":"""",""咨询电话3"":"""",""来源Sheet"":""中央国家行政机关（本级）""}}"
"government_jobs","国家公务员2026招考简章","公务员/事业单位技术岗位","内蒙古自治区呼和浩特市","2026-07-28T09:12:58.310295+00:00","辖区计算机类监管岗位一级主任科员及以下","中国证券监督管理委员会内蒙古监管局","","内蒙古自治区呼和浩特市","公务员/事业单位;2026;computer_software;本科及以上;与最高学历相对应的学位;计算机类;中央机关及其省级直属机构综合管理类","用人司局：中国证券监督管理委员会内蒙古监管局
职位简介：主要从事辖区证券期货市场计算机类监管工作
专业要求：计算机类
学历要求：本科及以上
学位要求：与最高学历相对应的学位
政治面貌：不限
基层工作经历：二年
考试类别：中央机关及其省级直属机构综合管理类
备注：1.本科阶段为计算机（学科代码0809）专业或国（境）外相应专业，或者研究生阶段为计算机科学与技术（学科代码0812）、软件工程（学科代码0835）专业或国（境）外相应专业，并取得相应的学位、学历证书。2.有关专业考试信息及大纲可在中国证监会网站上查询。","http://bm.scs.gov.cn/kl2026#133105-300143806001","2025-10-14","{""dataset_year"":2026,""job_uid"":""GOV-2026-133105-300143806001"",""publisher"":""国家公务员局"",""publication_page"":""http://bm.scs.gov.cn/kl2026"",""attachment_url"":""local://2026_guokao_zhaokaojianzhang.zip"",""local_source_file"":""中央机关及其直属机构2026年度考试录用公务员招考简章.xls"",""local_source_sha256"":""2670bae1df1dd07a3a3c79b9db46a11e3bb15a6c9c249e6af98bfd0b61ce3aaf"",""source_sheet"":""中央国家行政机关省级以下直属机构"",""filter_version"":""government_tech_v2"",""tech_filter"":{""is_tech"":true,""is_core_tech"":true,""scope"":""core"",""categories"":[""computer_software""],""matched_fields"":[""major"",""job_title"",""description"",""remarks""],""major_terms"":[""计算机类""],""role_terms"":[""计算机"",""软件"",""软件工程""],""reason"":""tech_major_and_role""},""original"":{""部门代码"":""133105"",""部门名称"":""中国证券监督管理委员会内蒙古监管局"",""用人司局"":""中国证券监督管理委员会内蒙古监管局"",""机构性质"":""中央国家行政机关省级以下直属机构"",""招考职位"":""辖区计算机类监管岗位一级主任科员及以下"",""职位属性"":""证监计算机类职位"",""职位分布"":""其他职位"",""职位简介"":""主要从事辖区证券期货市场计算机类监管工作"",""职位代码"":""300143806001"",""机构层级"":""省（副省）级"",""考试类别"":""中央机关及其省级直属机构综合管理类"",""招考人数"":""1"",""专业"":""计算机类"",""学历"":""本科及以上"",""学位"":""与最高学历相对应的学位"",""政治面貌"":""不限"",""基层工作最低年限"":""二年"",""服务基层项目工作经历"":""无限制"",""是否在面试阶段组织专业能力测试"":""否"",""面试人员比例"":""5:1"",""工作地点"":""内蒙古自治区呼和浩特市"",""落户地点"":""内蒙古自治区呼和浩特市"",""备注"":""1.本科阶段为计算机（学科代码0809）专业或国（境）外相应专业，或者研究生阶段为计算机科学与技术（学科代码0812）、软件工程（学科代码0835）专业或国（境）外相应专业，并取得相应的学位、学历证书。2.有关专业考试信息及大纲可在中国证监会网站上查询。"",""部门网站"":""http://www.csrc.gov.cn/neimenggu/"",""咨询电话1"":""0471-4911833"",""咨询电话2"":""0471-4955962"",""咨询电话3"":"""",""来源Sheet"":""中央国家行政机关省级以下直属机构""}}"
"government_jobs","国家公务员2026招考简章","公务员/事业单位技术岗位","辽宁省大连市","2026-07-28T09:12:58.310295+00:00","辖区计算机类监管岗位一级主任科员及以下","中国证券监督管理委员会大连监管局","","辽宁省大连市","公务员/事业单位;2026;computer_software;本科及以上;与最高学历相对应的学位;计算机类;中央机关及其省级直属机构综合管理类","用人司局：中国证券监督管理委员会大连监管局
职位简介：主要从事辖区证券期货市场计算机类监管工作
专业要求：计算机类
学历要求：本科及以上
学位要求：与最高学历相对应的学位
政治面貌：不限
基层工作经历：二年
考试类别：中央机关及其省级直属机构综合管理类
备注：1.报名时需在备注栏中详细注明所学专业代码；2.有关专业考试信息及大纲可在中国证监会网站上查询。","http://bm.scs.gov.cn/kl2026#133107-300143001001","2025-10-14","{""dataset_year"":2026,""job_uid"":""GOV-2026-133107-300143001001"",""publisher"":""国家公务员局"",""publication_page"":""http://bm.scs.gov.cn/kl2026"",""attachment_url"":""local://2026_guokao_zhaokaojianzhang.zip"",""local_source_file"":""中央机关及其直属机构2026年度考试录用公务员招考简章.xls"",""local_source_sha256"":""2670bae1df1dd07a3a3c79b9db46a11e3bb15a6c9c249e6af98bfd0b61ce3aaf"",""source_sheet"":""中央国家行政机关省级以下直属机构"",""filter_version"":""government_tech_v2"",""tech_filter"":{""is_tech"":true,""is_core_tech"":true,""scope"":""core"",""categories"":[""computer_software""],""matched_fields"":[""major"",""job_title"",""description""],""major_terms"":[""计算机类""],""role_terms"":[""计算机""],""reason"":""tech_major_and_role""},""original"":{""部门代码"":""133107"",""部门名称"":""中国证券监督管理委员会大连监管局"",""用人司局"":""中国证券监督管理委员会大连监管局"",""机构性质"":""中央国家行政机关省级以下直属机构"",""招考职位"":""辖区计算机类监管岗位一级主任科员及以下"",""职位属性"":""证监计算机类职位"",""职位分布"":""其他职位"",""职位简介"":""主要从事辖区证券期货市场计算机类监管工作"",""职位代码"":""300143001001"",""机构层级"":""省（副省）级"",""考试类别"":""中央机关及其省级直属机构综合管理类"",""招考人数"":""1"",""专业"":""计算机类"",""学历"":""本科及以上"",""学位"":""与最高学历相对应的学位"",""政治面貌"":""不限"",""基层工作最低年限"":""二年"",""服务基层项目工作经历"":""无限制"",""是否在面试阶段组织专业能力测试"":""否"",""面试人员比例"":""5:1"",""工作地点"":""辽宁省大连市"",""落户地点"":""辽宁省大连市"",""备注"":""1.报名时需在备注栏中详细注明所学专业代码；2.有关专业考试信息及大纲可在中国证监会网站上查询。"",""部门网站"":""www.csrc.gov.cn/dalian/index.shtml"",""咨询电话1"":""0411-88008592"",""咨询电话2"":""0411-88008552"",""咨询电话3"":""0411-88008573"",""来源Sheet"":""中央国家行政机关省级以下直属机构""}}"
"government_jobs","国家公务员2026招考简章","公务员/事业单位技术岗位","吉林省长春市朝阳区","2026-07-28T09:12:58.310295+00:00","辖区计算机类监管岗位一级主任科员及以下","中国证券监督管理委员会吉林监管局","","吉林省长春市朝阳区","公务员/事业单位;2026;computer_software;cybersecurity_cryptography;本科及以上;与最高学历相对应的学位;计算机科学与技术、软件工程、网络工程、网络空间安全;中央机关及其省级直属机构综合管理类","用人司局：中国证券监督管理委员会吉林监管局
职位简介：主要从事辖区证券期货市场计算机类监管工作
专业要求：计算机科学与技术、软件工程、网络工程、网络空间安全
学历要求：本科及以上
学位要求：与最高学历相对应的学位
政治面貌：不限
基层工作经历：二年
考试类别：中央机关及其省级直属机构综合管理类
备注：1.本科和研究生所学专业均须为职位所需专业，其中本科阶段所学专业须为计算机科学与技术（专业代码080901）、软件工程（专业代码080902）、网络工程（专业代码080903），研究生阶段所学专业须为计算机科学与技术（专业代码0812）、软件工程（专业代码0835）或网络空间安全（专业代码0839）；2.取得全国计算机技术与软件专业技术资格（水平）考试中级及以上证书，报名时需在备注中注明证书编号；3.报名时需在备注栏中详细注明所学专业代码;4.有关专业考试信息及大纲可在中国证监会网站上查询。","http://bm.scs.gov.cn/kl2026#133108-300143809001","2025-10-14","{""dataset_year"":2026,""job_uid"":""GOV-2026-133108-300143809001"",""publisher"":""国家公务员局"",""publication_page"":""http://bm.scs.gov.cn/kl2026"",""attachment_url"":""local://2026_guokao_zhaokaojianzhang.zip"",""local_source_file"":""中央机关及其直属机构2026年度考试录用公务员招考简章.xls"",""local_source_sha256"":""2670bae1df1dd07a3a3c79b9db46a11e3bb15a6c9c249e6af98bfd0b61ce3aaf"",""source_sheet"":""中央国家行政机关省级以下直属机构"",""filter_version"":""government_tech_v2"",""tech_filter"":{""is_tech"":true,""is_core_tech"":true,""scope"":""core"",""categories"":[""computer_software"",""cybersecurity_cryptography""],""matched_fields"":[""major"",""job_title"",""description"",""remarks""],""major_terms"":[""网络工程"",""网络空间安全"",""计算机科学与技术"",""软件工程""],""role_terms"":[""网络空间安全"",""计算机"",""软件"",""软件工程""],""reason"":""tech_major_and_role""},""original"":{""部门代码"":""133108"",""部门名称"":""中国证券监督管理委员会吉林监管局"",""用人司局"":""中国证券监督管理委员会吉林监管局"",""机构性质"":""中央国家行政机关省级以下直属机构"",""招考职位"":""辖区计算机类监管岗位一级主任科员及以下"",""职位属性"":""证监计算机类职位"",""职位分布"":""其他职位"",""职位简介"":""主要从事辖区证券期货市场计算机类监管工作"",""职位代码"":""300143809001"",""机构层级"":""省（副省）级"",""考试类别"":""中央机关及其省级直属机构综合管理类"",""招考人数"":""1"",""专业"":""计算机科学与技术、软件工程、网络工程、网络空间安全"",""学历"":""本科及以上"",""学位"":""与最高学历相对应的学位"",""政治面貌"":""不限"",""基层工作最低年限"":""二年"",""服务基层项目工作经历"":""无限制"",""是否在面试阶段组织专业能力测试"":""否"",""面试人员比例"":""5:1"",""工作地点"":""吉林省长春市朝阳区"",""落户地点"":""吉林省长春市朝阳区"",""备注"":""1.本科和研究生所学专业均须为职位所需专业，其中本科阶段所学专业须为计算机科学与技术（专业代码080901）、软件工程（专业代码080902）、网络工程（专业代码080903），研究生阶段所学专业须为计算机科学与技术（专业代码0812）、软件工程（专业代码0835）或网络空间安全（专业代码0839）；2.取得全国计算机技术与软件专业技术资格（水平）考试中级及以上证书，报名时需在备注中注明证书编号；3.报名时需在备注栏中详细注明所学专业代码;4.有关专业考试信息及大纲可在中国证监会网站上查询。"",""部门网站"":""www.csrc.gov.cn/pub/jilin/"",""咨询电话1"":""0431-85097830"",""咨询电话2"":""0431-85097859"",""咨询电话3"":""0431-85097956"",""来源Sheet"":""中央国家行政机关省级以下直属机构""}}"
"government_jobs","国家公务员2026招考简章","公务员/事业单位技术岗位","上海市","2026-07-28T09:12:58.310295+00:00","辖区计算机类监管岗位一级主任科员及以下","中国证券监督管理委员会上海监管局","","上海市","公务员/事业单位;2026;computer_software;cybersecurity_cryptography;硕士研究生及以上;与最高学历相对应的学位;计算机科学与技术、网络工程、信息安全;中央机关及其省级直属机构综合管理类","用人司局：中国证券监督管理委员会上海监管局
职位简介：主要从事辖区证券期货市场计算机类监管工作
专业要求：计算机科学与技术、网络工程、信息安全
学历要求：硕士研究生及以上
学位要求：与最高学历相对应的学位
政治面貌：不限
基层工作经历：二年
考试类别：中央机关及其省级直属机构综合管理类
备注：1.本科和研究生阶段均为计算机科学与技术（专业代码080901、0812）、网络工程（专业代码080903）、信息安全（专业代码080904K）专业，或国（境）外相应专业。2.英语六级425分及以上。3.各阶段均具有相应专业的学历、学位。4.具有证券期货基金或证券期货基金信息技术服务相关行业工作经历。5.请考生在备注中逐项说明是否满足上述报考条件。6.有关专业考试信息及大纲可在中国证监会网站上查询。","http://bm.scs.gov.cn/kl2026#133110-300143811001","2025-10-14","{""dataset_year"":2026,""job_uid"":""GOV-2026-133110-300143811001"",""publisher"":""国家公务员局"",""publication_page"":""http://bm.scs.gov.cn/kl2026"",""attachment_url"":""local://2026_guokao_zhaokaojianzhang.zip"",""local_source_file"":""中央机关及其直属机构2026年度考试录用公务员招考简章.xls"",""local_source_sha256"":""2670bae1df1dd07a3a3c79b9db46a11e3bb15a6c9c249e6af98bfd0b61ce3aaf"",""source_sheet"":""中央国家行政机关省级以下直属机构"",""filter_version"":""government_tech_v2"",""tech_filter"":{""is_tech"":true,""is_core_tech"":true,""scope"":""core"",""categories"":[""computer_software"",""cybersecurity_cryptography""],""matched_fields"":[""major"",""job_title"",""description"",""remarks""],""major_terms"":[""信息安全"",""网络工程"",""计算机科学与技术""],""role_terms"":[""信息安全"",""信息技术"",""计算机""],""reason"":""tech_major_and_role""},""original"":{""部门代码"":""133110"",""部门名称"":""中国证券监督管理委员会上海监管局"",""用人司局"":""中国证券监督管理委员会上海监管局"",""机构性质"":""中央国家行政机关省级以下直属机构"",""招考职位"":""辖区计算机类监管岗位一级主任科员及以下"",""职位属性"":""证监计算机类职位"",""职位分布"":""其他职位"",""职位简介"":""主要从事辖区证券期货市场计算机类监管工作"",""职位代码"":""300143811001"",""机构层级"":""省（副省）级"",""考试类别"":""中央机关及其省级直属机构综合管理类"",""招考人数"":""2"",""专业"":""计算机科学与技术、网络工程、信息安全"",""学历"":""硕士研究生及以上"",""学位"":""与最高学历相对应的学位"",""政治面貌"":""不限"",""基层工作最低年限"":""二年"",""服务基层项目工作经历"":""无限制"",""是否在面试阶段组织专业能力测试"":""否"",""面试人员比例"":""5:1"",""工作地点"":""上海市"",""落户地点"":""上海市"",""备注"":""1.本科和研究生阶段均为计算机科学与技术（专业代码080901、0812）、网络工程（专业代码080903）、信息安全（专业代码080904K）专业，或国（境）外相应专业。2.英语六级425分及以上。3.各阶段均具有相应专业的学历、学位。4.具有证券期货基金或证券期货基金信息技术服务相关行业工作经历。5.请考生在备注中逐项说明是否满足上述报考条件。6.有关专业考试信息及大纲可在中国证监会网站上查询。"",""部门网站"":""www.csrc.gov.cn/pub/shanghai/"",""咨询电话1"":""021-50121610"",""咨询电话2"":""021-50122016"",""咨询电话3"":"""",""来源Sheet"":""中央国家行政机关省级以下直属机构""}}"
"government_jobs","国家公务员2026招考简章","公务员/事业单位技术岗位","福建省福州市","2026-07-28T09:12:58.310295+00:00","辖区计算机类监管岗位一级主任科员及以下","中国证券监督管理委员会福建监管局","","福建省福州市","公务员/事业单位;2026;computer_software;cybersecurity_cryptography;data_ai;electronics_communication;本科及以上;与最高学历相对应的学位;计算机类、电子信息类;中央机关及其省级直属机构综合管理类","用人司局：中国证券监督管理委员会福建监管局
职位简介：主要从事辖区证券期货市场计算机类监管工作
专业要求：计算机类、电子信息类
学历要求：本科及以上
学位要求：与最高学历相对应的学位
政治面貌：不限
基层工作经历：二年
考试类别：中央机关及其省级直属机构综合管理类
备注：1.本科专业为网络工程（专业代码080903）、信息安全（专业代码080904K）、人工智能（专业代码080717T）、网络空间安全（专业代码080911TK）、智能科学与技术（专业代码080907T）、数据科学与大数据技术（080910T）或国（境）外相应专业，报名时需在备注中说明专业代码；
2.具有2年以上网络安全相关工作经验或金融机构正式工作经历，报名时需完整填写工作信息；
3.各阶段均具有相应的学历、学位或取得国（境）外相应专业学历、学位认证；
4.能承受高强度、高压力工作，适应经常性加班和长时间出差；
5.有关专业考试信息及大纲可在中国证监会网站上查询。","http://bm.scs.gov.cn/kl2026#133115-300143816001","2025-10-14","{""dataset_year"":2026,""job_uid"":""GOV-2026-133115-300143816001"",""publisher"":""国家公务员局"",""publication_page"":""http://bm.scs.gov.cn/kl2026"",""attachment_url"":""local://2026_guokao_zhaokaojianzhang.zip"",""local_source_file"":""中央机关及其直属机构2026年度考试录用公务员招考简章.xls"",""local_source_sha256"":""2670bae1df1dd07a3a3c79b9db46a11e3bb15a6c9c249e6af98bfd0b61ce3aaf"",""source_sheet"":""中央国家行政机关省级以下直属机构"",""filter_version"":""government_tech_v2"",""tech_filter"":{""is_tech"":true,""is_core_tech"":true,""scope"":""core"",""categories"":[""computer_software"",""cybersecurity_cryptography"",""data_ai"",""electronics_communication""],""matched_fields"":[""major"",""job_title"",""description"",""remarks""],""major_terms"":[""电子信息类"",""计算机类""],""role_terms"":[""人工智能"",""信息安全"",""大数据"",""网络安全"",""网络空间安全"",""计算机""],""reason"":""tech_major_and_role""},""original"":{""部门代码"":""133115"",""部门名称"":""中国证券监督管理委员会福建监管局"",""用人司局"":""中国证券监督管理委员会福建监管局"",""机构性质"":""中央国家行政机关省级以下直属机构"",""招考职位"":""辖区计算机类监管岗位一级主任科员及以下"",""职位属性"":""证监计算机类职位"",""职位分布"":""其他职位"",""职位简介"":""主要从事辖区证券期货市场计算机类监管工作"",""职位代码"":""300143816001"",""机构层级"":""省（副省）级"",""考试类别"":""中央机关及其省级直属机构综合管理类"",""招考人数"":""1"",""专业"":""计算机类、电子信息类"",""学历"":""本科及以上"",""学位"":""与最高学历相对应的学位"",""政治面貌"":""不限"",""基层工作最低年限"":""二年"",""服务基层项目工作经历"":""无限制"",""是否在面试阶段组织专业能力测试"":""否"",""面试人员比例"":""5:1"",""工作地点"":""福建省福州市"",""落户地点"":""福建省福州市"",""备注"":""1.本科专业为网络工程（专业代码080903）、信息安全（专业代码080904K）、人工智能（专业代码080717T）、网络空间安全（专业代码080911TK）、智能科学与技术（专业代码080907T）、数据科学与大数据技术（080910T）或国（境）外相应专业，报名时需在备注中说明专业代码；\n2.具有2年以上网络安全相关工作经验或金融机构正式工作经历，报名时需完整填写工作信息；\n3.各阶段均具有相应的学历、学位或取得国（境）外相应专业学历、学位认证；\n4.能承受高强度、高压力工作，适应经常性加班和长时间出差；\n5.有关专业考试信息及大纲可在中国证监会网站上查询。"",""部门网站"":""www.csrc.gov.cn/fujian/index.shtml"",""咨询电话1"":""0591-88013156"",""咨询电话2"":"""",""咨询电话3"":"""",""来源Sheet"":""中央国家行政机关省级以下直属机构""}}"
"government_jobs","国家公务员2026招考简章","公务员/事业单位技术岗位","江西省南昌市","2026-07-28T09:12:58.310295+00:00","辖区计算机类监管岗位一级主任科员及以下","中国证券监督管理委员会江西监管局","","江西省南昌市","公务员/事业单位;2026;computer_software;硕士研究生及以上;与最高学历相对应的学位;计算机类;中央机关及其省级直属机构综合管理类","用人司局：中国证券监督管理委员会江西监管局
职位简介：主要从事辖区证券期货市场计算机类监管工作
专业要求：计算机类
学历要求：硕士研究生及以上
学位要求：与最高学历相对应的学位
政治面貌：不限
基层工作经历：二年
考试类别：中央机关及其省级直属机构综合管理类
备注：1.有关专业考试信息及大纲可在中国证监会网站上查询。","http://bm.scs.gov.cn/kl2026#133117-300143818001","2025-10-14","{""dataset_year"":2026,""job_uid"":""GOV-2026-133117-300143818001"",""publisher"":""国家公务员局"",""publication_page"":""http://bm.scs.gov.cn/kl2026"",""attachment_url"":""local://2026_guokao_zhaokaojianzhang.zip"",""local_source_file"":""中央机关及其直属机构2026年度考试录用公务员招考简章.xls"",""local_source_sha256"":""2670bae1df1dd07a3a3c79b9db46a11e3bb15a6c9c249e6af98bfd0b61ce3aaf"",""source_sheet"":""中央国家行政机关省级以下直属机构"",""filter_version"":""government_tech_v2"",""tech_filter"":{""is_tech"":true,""is_core_tech"":true,""scope"":""core"",""categories"":[""computer_software""],""matched_fields"":[""major"",""job_title"",""description""],""major_terms"":[""计算机类""],""role_terms"":[""计算机""],""reason"":""tech_major_and_role""},""original"":{""部门代码"":""133117"",""部门名称"":""中国证券监督管理委员会江西监管局"",""用人司局"":""中国证券监督管理委员会江西监管局"",""机构性质"":""中央国家行政机关省级以下直属机构"",""招考职位"":""辖区计算机类监管岗位一级主任科员及以下"",""职位属性"":""证监计算机类职位"",""职位分布"":""其他职位"",""职位简介"":""主要从事辖区证券期货市场计算机类监管工作"",""职位代码"":""300143818001"",""机构层级"":""省（副省）级"",""考试类别"":""中央机关及其省级直属机构综合管理类"",""招考人数"":""2"",""专业"":""计算机类"",""学历"":""硕士研究生及以上"",""学位"":""与最高学历相对应的学位"",""政治面貌"":""不限"",""基层工作最低年限"":""二年"",""服务基层项目工作经历"":""无限制"",""是否在面试阶段组织专业能力测试"":""否"",""面试人员比例"":""5:1"",""工作地点"":""江西省南昌市"",""落户地点"":""江西省南昌市"",""备注"":""1.有关专业考试信息及大纲可在中国证监会网站上查询。"",""部门网站"":""www.csrc.gov.cn/pub/jiangxi"",""咨询电话1"":""0791-87601270"",""咨询电话2"":""0791-87601150"",""咨询电话3"":""0791-87601127"",""来源Sheet"":""中央国家行政机关省级以下直属机构""}}"
"government_jobs","国家公务员2026招考简章","公务员/事业单位技术岗位","山东省济南市","2026-07-28T09:12:58.310295+00:00","辖区计算机类监管岗位一级主任科员及以下","中国证券监督管理委员会山东监管局","","山东省济南市","公务员/事业单位;2026;computer_software;cybersecurity_cryptography;data_ai;硕士研究生及以上;与最高学历相对应的学位;计算机类;中央机关及其省级直属机构综合管理类","用人司局：中国证券监督管理委员会山东监管局
职位简介：主要从事辖区证券期货市场计算机类监管工作
专业要求：计算机类
学历要求：硕士研究生及以上
学位要求：与最高学历相对应的学位
政治面貌：不限
基层工作经历：二年
考试类别：中央机关及其省级直属机构综合管理类
备注：1.学历与学位相匹配。本科阶段为计算机类（学科代码0809）、数学类（学科代码0701）、统计学类（学科代码0712）、人工智能（学科代码080717T），且研究生阶段为计算机科学与技术（学科代码0812）、软件工程（学科代码0835或085405）、网络空间安全（学科代码0839）、计算机技术（学科代码085404）、人工智能（学科代码085410）、大数据技术与工程（学科代码085411）、网络与信息安全（学科代码085412）。报名时须在备注栏说明本科及研究生所学专业和学科代码。
2.有关专业考试信息及大纲可在中国证监会网站上查询。","http://bm.scs.gov.cn/kl2026#133118-300143001001","2025-10-14","{""dataset_year"":2026,""job_uid"":""GOV-2026-133118-300143001001"",""publisher"":""国家公务员局"",""publication_page"":""http://bm.scs.gov.cn/kl2026"",""attachment_url"":""local://2026_guokao_zhaokaojianzhang.zip"",""local_source_file"":""中央机关及其直属机构2026年度考试录用公务员招考简章.xls"",""local_source_sha256"":""2670bae1df1dd07a3a3c79b9db46a11e3bb15a6c9c249e6af98bfd0b61ce3aaf"",""source_sheet"":""中央国家行政机关省级以下直属机构"",""filter_version"":""government_tech_v2"",""tech_filter"":{""is_tech"":true,""is_core_tech"":true,""scope"":""core"",""categories"":[""computer_software"",""cybersecurity_cryptography"",""data_ai""],""matched_fields"":[""major"",""job_title"",""description"",""remarks""],""major_terms"":[""计算机类""],""role_terms"":[""人工智能"",""信息安全"",""大数据"",""网络空间安全"",""计算机"",""软件"",""软件工程""],""reason"":""tech_major_and_role""},""original"":{""部门代码"":""133118"",""部门名称"":""中国证券监督管理委员会山东监管局"",""用人司局"":""中国证券监督管理委员会山东监管局"",""机构性质"":""中央国家行政机关省级以下直属机构"",""招考职位"":""辖区计算机类监管岗位一级主任科员及以下"",""职位属性"":""证监计算机类职位"",""职位分布"":""其他职位"",""职位简介"":""主要从事辖区证券期货市场计算机类监管工作"",""职位代码"":""300143001001"",""机构层级"":""省（副省）级"",""考试类别"":""中央机关及其省级直属机构综合管理类"",""招考人数"":""2"",""专业"":""计算机类"",""学历"":""硕士研究生及以上"",""学位"":""与最高学历相对应的学位"",""政治面貌"":""不限"",""基层工作最低年限"":""二年"",""服务基层项目工作经历"":""无限制"",""是否在面试阶段组织专业能力测试"":""否"",""面试人员比例"":""5:1"",""工作地点"":""山东省济南市"",""落户地点"":""山东省济南市"",""备注"":""1.学历与学位相匹配。本科阶段为计算机类（学科代码0809）、数学类（学科代码0701）、统计学类（学科代码0712）、人工智能（学科代码080717T），且研究生阶段为计算机科学与技术（学科代码0812）、软件工程（学科代码0835或085405）、网络空间安全（学科代码0839）、计算机技术（学科代码085404）、人工智能（学科代码085410）、大数据技术与工程（学科代码085411）、网络与信息安全（学科代码085412）。报名时须在备注栏说明本科及研究生所学专业和学科代码。\n2.有关专业考试信息及大纲可在中国证监会网站上查询。"",""部门网站"":""www.csrc.gov.cn/pub/shandong/"",""咨询电话1"":""0531-86131796"",""咨询电话2"":""0531-86131777"",""咨询电话3"":"""",""来源Sheet"":""中央国家行政机关省级以下直属机构""}}"
"government_jobs","国家公务员2026招考简章","公务员/事业单位技术岗位","广东省广州市天河区","2026-07-28T09:12:58.310295+00:00","辖区计算机类监管岗位一级主任科员及以下","中国证券监督管理委员会广东监管局","","广东省广州市天河区","公务员/事业单位;2026;computer_software;硕士研究生及以上;硕士;计算机类、信息与计算科学、数据计算及应用;中央机关及其省级直属机构综合管理类","用人司局：中国证券监督管理委员会广东监管局
职位简介：主要从事辖区证券期货市场计算机类监管工作
专业要求：计算机类、信息与计算科学、数据计算及应用
学历要求：硕士研究生及以上
学位要求：硕士
政治面貌：不限
基层工作经历：二年
考试类别：中央机关及其省级直属机构综合管理类
备注：1.要求本科或研究生专业符合，并具有会计（或会计学）、财务管理、审计（或审计学）、资产评估、经济学类、金融学类专业相关学位。
2.能承受高强度、高压力工作，适应经常性加班和长时间出差；
3.有关专业考试信息及大纲可在中国证监会网站上查询。","http://bm.scs.gov.cn/kl2026#133123-300143123001","2025-10-14","{""dataset_year"":2026,""job_uid"":""GOV-2026-133123-300143123001"",""publisher"":""国家公务员局"",""publication_page"":""http://bm.scs.gov.cn/kl2026"",""attachment_url"":""local://2026_guokao_zhaokaojianzhang.zip"",""local_source_file"":""中央机关及其直属机构2026年度考试录用公务员招考简章.xls"",""local_source_sha256"":""2670bae1df1dd07a3a3c79b9db46a11e3bb15a6c9c249e6af98bfd0b61ce3aaf"",""source_sheet"":""中央国家行政机关省级以下直属机构"",""filter_version"":""government_tech_v2"",""tech_filter"":{""is_tech"":true,""is_core_tech"":true,""scope"":""core"",""categories"":[""computer_software""],""matched_fields"":[""major"",""job_title"",""description""],""major_terms"":[""计算机类""],""role_terms"":[""计算机""],""reason"":""tech_major_and_role""},""original"":{""部门代码"":""133123"",""部门名称"":""中国证券监督管理委员会广东监管局"",""用人司局"":""中国证券监督管理委员会广东监管局"",""机构性质"":""中央国家行政机关省级以下直属机构"",""招考职位"":""辖区计算机类监管岗位一级主任科员及以下"",""职位属性"":""证监计算机类职位"",""职位分布"":""其他职位"",""职位简介"":""主要从事辖区证券期货市场计算机类监管工作"",""职位代码"":""300143123001"",""机构层级"":""省（副省）级"",""考试类别"":""中央机关及其省级直属机构综合管理类"",""招考人数"":""1"",""专业"":""计算机类、信息与计算科学、数据计算及应用"",""学历"":""硕士研究生及以上"",""学位"":""硕士"",""政治面貌"":""不限"",""基层工作最低年限"":""二年"",""服务基层项目工作经历"":""无限制"",""是否在面试阶段组织专业能力测试"":""否"",""面试人员比例"":""5:1"",""工作地点"":""广东省广州市天河区"",""落户地点"":""广东省广州市天河区"",""备注"":""1.要求本科或研究生专业符合，并具有会计（或会计学）、财务管理、审计（或审计学）、资产评估、经济学类、金融学类专业相关学位。\n2.能承受高强度、高压力工作，适应经常性加班和长时间出差；\n3.有关专业考试信息及大纲可在中国证监会网站上查询。"",""部门网站"":""www.csrc.gov.cn/guangdong/index.shtml"",""咨询电话1"":""020-37853844"",""咨询电话2"":""020-37853883"",""咨询电话3"":""020-37853810"",""来源Sheet"":""中央国家行政机关省级以下直属机构""}}"
"government_jobs","国家公务员2026招考简章","公务员/事业单位技术岗位","重庆市","2026-07-28T09:12:58.310295+00:00","辖区计算机类监管岗位一级主任科员及以下","中国证券监督管理委员会重庆监管局","","重庆市","公务员/事业单位;2026;computer_software;cybersecurity_cryptography;硕士研究生及以上;与最高学历相对应的学位;计算机科学与技术、软件工程、网络空间安全;中央机关及其省级直属机构综合管理类","用人司局：中国证券监督管理委员会重庆监管局
职位简介：主要从事辖区证券期货市场计算机类监管工作
专业要求：计算机科学与技术、软件工程、网络空间安全
学历要求：硕士研究生及以上
学位要求：与最高学历相对应的学位
政治面貌：不限
基层工作经历：二年
考试类别：中央机关及其省级直属机构综合管理类
备注：1.按最高学历学位所学专业报考，学历与学位相匹配；所学专业为计算机科学与技术(学科代码0812)、软件工程(学科代码0835、085405)、网络空间安全(学科代码0839)或国（境）外相应专业，请在备注栏注明所学专业学科代码；
2.有关专业考试信息及大纲可在中国证监会网站上查询。","http://bm.scs.gov.cn/kl2026#133128-300143898001","2025-10-14","{""dataset_year"":2026,""job_uid"":""GOV-2026-133128-300143898001"",""publisher"":""国家公务员局"",""publication_page"":""http://bm.scs.gov.cn/kl2026"",""attachment_url"":""local://2026_guokao_zhaokaojianzhang.zip"",""local_source_file"":""中央机关及其直属机构2026年度考试录用公务员招考简章.xls"",""local_source_sha256"":""2670bae1df1dd07a3a3c79b9db46a11e3bb15a6c9c249e6af98bfd0b61ce3aaf"",""source_sheet"":""中央国家行政机关省级以下直属机构"",""filter_version"":""government_tech_v2"",""tech_filter"":{""is_tech"":true,""is_core_tech"":true,""scope"":""core"",""categories"":[""computer_software"",""cybersecurity_cryptography""],""matched_fields"":[""major"",""job_title"",""description"",""remarks""],""major_terms"":[""网络空间安全"",""计算机科学与技术"",""软件工程""],""role_terms"":[""网络空间安全"",""计算机"",""软件"",""软件工程""],""reason"":""tech_major_and_role""},""original"":{""部门代码"":""133128"",""部门名称"":""中国证券监督管理委员会重庆监管局"",""用人司局"":""中国证券监督管理委员会重庆监管局"",""机构性质"":""中央国家行政机关省级以下直属机构"",""招考职位"":""辖区计算机类监管岗位一级主任科员及以下"",""职位属性"":""证监计算机类职位"",""职位分布"":""其他职位"",""职位简介"":""主要从事辖区证券期货市场计算机类监管工作"",""职位代码"":""300143898001"",""机构层级"":""省（副省）级"",""考试类别"":""中央机关及其省级直属机构综合管理类"",""招考人数"":""1"",""专业"":""计算机科学与技术、软件工程、网络空间安全"",""学历"":""硕士研究生及以上"",""学位"":""与最高学历相对应的学位"",""政治面貌"":""不限"",""基层工作最低年限"":""二年"",""服务基层项目工作经历"":""无限制"",""是否在面试阶段组织专业能力测试"":""否"",""面试人员比例"":""5:1"",""工作地点"":""重庆市"",""落户地点"":""重庆市"",""备注"":""1.按最高学历学位所学专业报考，学历与学位相匹配；所学专业为计算机科学与技术(学科代码0812)、软件工程(学科代码0835、085405)、网络空间安全(学科代码0839)或国（境）外相应专业，请在备注栏注明所学专业学科代码；\n2.有关专业考试信息及大纲可在中国证监会网站上查询。"",""部门网站"":""www.csrc.gov.cn/chongqing/index.shtml"",""咨询电话1"":""023-89031900"",""咨询电话2"":""023-89031905"",""咨询电话3"":"""",""来源Sheet"":""中央国家行政机关省级以下直属机构""}}"
"government_jobs","国家公务员2026招考简章","公务员/事业单位技术岗位","贵州省贵阳市","2026-07-28T09:12:58.310295+00:00","辖区计算机类监管岗位一级主任科员及以下","中国证券监督管理委员会贵州监管局","","贵州省贵阳市","公务员/事业单位;2026;computer_software;cybersecurity_cryptography;本科及以上;与最高学历相对应的学位;计算机科学与技术、软件工程、网络工程、信息安全;中央机关及其省级直属机构综合管理类","用人司局：中国证券监督管理委员会贵州监管局
职位简介：主要从事辖区证券期货市场计算机类监管工作
专业要求：计算机科学与技术、软件工程、网络工程、信息安全
学历要求：本科及以上
学位要求：与最高学历相对应的学位
政治面貌：不限
基层工作经历：二年
考试类别：中央机关及其省级直属机构综合管理类
备注：1.本科阶段为计算机科学与技术（专业代码080901）、软件工程（专业代码080902）、网络工程（专业代码080903）、信息安全（专业代码080904K）；2.能承受高强度、高压力工作，适应经常性加班和长时间出差；3.有关专业考试信息及大纲可在中国证监会网站上查询。","http://bm.scs.gov.cn/kl2026#133129-300143830001","2025-10-14","{""dataset_year"":2026,""job_uid"":""GOV-2026-133129-300143830001"",""publisher"":""国家公务员局"",""publication_page"":""http://bm.scs.gov.cn/kl2026"",""attachment_url"":""local://2026_guokao_zhaokaojianzhang.zip"",""local_source_file"":""中央机关及其直属机构2026年度考试录用公务员招考简章.xls"",""local_source_sha256"":""2670bae1df1dd07a3a3c79b9db46a11e3bb15a6c9c249e6af98bfd0b61ce3aaf"",""source_sheet"":""中央国家行政机关省级以下直属机构"",""filter_version"":""government_tech_v2"",""tech_filter"":{""is_tech"":true,""is_core_tech"":true,""scope"":""core"",""categories"":[""computer_software"",""cybersecurity_cryptography""],""matched_fields"":[""major"",""job_title"",""description"",""remarks""],""major_terms"":[""信息安全"",""网络工程"",""计算机科学与技术"",""软件工程""],""role_terms"":[""信息安全"",""计算机"",""软件"",""软件工程""],""reason"":""tech_major_and_role""},""original"":{""部门代码"":""133129"",""部门名称"":""中国证券监督管理委员会贵州监管局"",""用人司局"":""中国证券监督管理委员会贵州监管局"",""机构性质"":""中央国家行政机关省级以下直属机构"",""招考职位"":""辖区计算机类监管岗位一级主任科员及以下"",""职位属性"":""证监计算机类职位"",""职位分布"":""其他职位"",""职位简介"":""主要从事辖区证券期货市场计算机类监管工作"",""职位代码"":""300143830001"",""机构层级"":""省（副省）级"",""考试类别"":""中央机关及其省级直属机构综合管理类"",""招考人数"":""1"",""专业"":""计算机科学与技术、软件工程、网络工程、信息安全"",""学历"":""本科及以上"",""学位"":""与最高学历相对应的学位"",""政治面貌"":""不限"",""基层工作最低年限"":""二年"",""服务基层项目工作经历"":""无限制"",""是否在面试阶段组织专业能力测试"":""否"",""面试人员比例"":""5:1"",""工作地点"":""贵州省贵阳市"",""落户地点"":""贵州省贵阳市"",""备注"":""1.本科阶段为计算机科学与技术（专业代码080901）、软件工程（专业代码080902）、网络工程（专业代码080903）、信息安全（专业代码080904K）；2.能承受高强度、高压力工作，适应经常性加班和长时间出差；3.有关专业考试信息及大纲可在中国证监会网站上查询。"",""部门网站"":""www.csrc.gov.cn/guizhou/"",""咨询电话1"":""0851-86904070"",""咨询电话2"":""0851-86904283"",""咨询电话3"":"""",""来源Sheet"":""中央国家行政机关省级以下直属机构""}}"
"government_jobs","国家公务员2026招考简章","公务员/事业单位技术岗位","上海市","2026-07-28T09:12:58.310295+00:00","计算机类监管岗位一级主任科员及以下","中国证券监督管理委员会上海证券监管专员办事处","","上海市","公务员/事业单位;2026;computer_software;cybersecurity_cryptography;data_ai;本科或硕士研究生;与最高学历相对应的学位;计算机类;中央机关及其省级直属机构综合管理类","用人司局：中国证券监督管理委员会上海证券监管专员办事处
职位简介：主要从事证券期货市场稽查执法工作
专业要求：计算机类
学历要求：本科或硕士研究生
学位要求：与最高学历相对应的学位
政治面貌：中共党员或共青团员
基层工作经历：二年
考试类别：中央机关及其省级直属机构综合管理类
备注：1.各阶段均具有相应的学历、学位。
以本科学历报考的，专业代码限080901计算机科学与技术、080902软件工程、080903网络工程、080904K信息安全、080910T数据科学与大数据技术，或国（境）外相应专业；
以研究生学历报考的，学科代码限0812计算机科学与技术、0835软件工程、0839网络空间安全，或国（境）外相应专业。
2.能适应经常出差及加班的证券期货执法工作。
3.有关专业考试信息及大纲可在中国证监会网站上查询。","http://bm.scs.gov.cn/kl2026#133137-300143838001","2025-10-14","{""dataset_year"":2026,""job_uid"":""GOV-2026-133137-300143838001"",""publisher"":""国家公务员局"",""publication_page"":""http://bm.scs.gov.cn/kl2026"",""attachment_url"":""local://2026_guokao_zhaokaojianzhang.zip"",""local_source_file"":""中央机关及其直属机构2026年度考试录用公务员招考简章.xls"",""local_source_sha256"":""2670bae1df1dd07a3a3c79b9db46a11e3bb15a6c9c249e6af98bfd0b61ce3aaf"",""source_sheet"":""中央国家行政机关省级以下直属机构"",""filter_version"":""government_tech_v2"",""tech_filter"":{""is_tech"":true,""is_core_tech"":true,""scope"":""core"",""categories"":[""computer_software"",""cybersecurity_cryptography"",""data_ai""],""matched_fields"":[""major"",""job_title"",""remarks""],""major_terms"":[""计算机类""],""role_terms"":[""信息安全"",""大数据"",""网络空间安全"",""计算机"",""软件"",""软件工程""],""reason"":""tech_major_and_role""},""original"":{""部门代码"":""133137"",""部门名称"":""中国证券监督管理委员会上海证券监管专员办事处"",""用人司局"":""中国证券监督管理委员会上海证券监管专员办事处"",""机构性质"":""中央国家行政机关省级以下直属机构"",""招考职位"":""计算机类监管岗位一级主任科员及以下"",""职位属性"":""证监计算机类职位"",""职位分布"":""其他职位"",""职位简介"":""主要从事证券期货市场稽查执法工作"",""职位代码"":""300143838001"",""机构层级"":""省（副省）级"",""考试类别"":""中央机关及其省级直属机构综合管理类"",""招考人数"":""2"",""专业"":""计算机类"",""学历"":""本科或硕士研究生"",""学位"":""与最高学历相对应的学位"",""政治面貌"":""中共党员或共青团员"",""基层工作最低年限"":""二年"",""服务基层项目工作经历"":""无限制"",""是否在面试阶段组织专业能力测试"":""否"",""面试人员比例"":""5:1"",""工作地点"":""上海市"",""落户地点"":""上海市"",""备注"":""1.各阶段均具有相应的学历、学位。\n以本科学历报考的，专业代码限080901计算机科学与技术、080902软件工程、080903网络工程、080904K信息安全、080910T数据科学与大数据技术，或国（境）外相应专业；\n以研究生学历报考的，学科代码限0812计算机科学与技术、0835软件工程、0839网络空间安全，或国（境）外相应专业。\n2.能适应经常出差及加班的证券期货执法工作。\n3.有关专业考试信息及大纲可在中国证监会网站上查询。"",""部门网站"":""www.csrc.gov.cn/shzyb/index.shtml"",""咨询电话1"":""021-50496321"",""咨询电话2"":"""",""咨询电话3"":"""",""来源Sheet"":""中央国家行政机关省级以下直属机构""}}"
"government_jobs","国家公务员2026招考简章","公务员/事业单位技术岗位","广东省深圳市","2026-07-28T09:12:58.310295+00:00","计算机类监管岗位一级主任科员及以下","中国证券监督管理委员会深圳证券监管专员办事处","","广东省深圳市","公务员/事业单位;2026;computer_software;data_ai;硕士研究生及以上;与最高学历相对应的学位;计算机类;中央机关及其省级直属机构综合管理类","用人司局：中国证券监督管理委员会深圳证券监管专员办事处
职位简介：主要从事证券期货市场稽查执法工作，能适应出差办案
专业要求：计算机类
学历要求：硕士研究生及以上
学位要求：与最高学历相对应的学位
政治面貌：不限
基层工作经历：二年
考试类别：中央机关及其省级直属机构综合管理类
备注：1.本科阶段为计算机类（专业代码前四位0809），并取得相应的学历、学位证书，或国（境）外相应专业学位认证，报名时需在备注栏注明学科代码；
2.有1年以上信息系统开发建设管理经验或大数据分析相关工作经验；
3.能承受高强度、高压力工作，适应经常性加班和长时间出差；
4.各阶段均具有相应的学历、学位；
5.有关专业考试信息及大纲可在中国证监会网站上查询。","http://bm.scs.gov.cn/kl2026#133138-300143138001","2025-10-14","{""dataset_year"":2026,""job_uid"":""GOV-2026-133138-300143138001"",""publisher"":""国家公务员局"",""publication_page"":""http://bm.scs.gov.cn/kl2026"",""attachment_url"":""local://2026_guokao_zhaokaojianzhang.zip"",""local_source_file"":""中央机关及其直属机构2026年度考试录用公务员招考简章.xls"",""local_source_sha256"":""2670bae1df1dd07a3a3c79b9db46a11e3bb15a6c9c249e6af98bfd0b61ce3aaf"",""source_sheet"":""中央国家行政机关省级以下直属机构"",""filter_version"":""government_tech_v2"",""tech_filter"":{""is_tech"":true,""is_core_tech"":true,""scope"":""core"",""categories"":[""computer_software"",""data_ai""],""matched_fields"":[""major"",""job_title"",""remarks""],""major_terms"":[""计算机类""],""role_terms"":[""信息系统"",""大数据"",""数据分析"",""系统开发"",""计算机""],""reason"":""tech_major_and_role""},""original"":{""部门代码"":""133138"",""部门名称"":""中国证券监督管理委员会深圳证券监管专员办事处"",""用人司局"":""中国证券监督管理委员会深圳证券监管专员办事处"",""机构性质"":""中央国家行政机关省级以下直属机构"",""招考职位"":""计算机类监管岗位一级主任科员及以下"",""职位属性"":""证监计算机类职位"",""职位分布"":""其他职位"",""职位简介"":""主要从事证券期货市场稽查执法工作，能适应出差办案"",""职位代码"":""300143138001"",""机构层级"":""省（副省）级"",""考试类别"":""中央机关及其省级直属机构综合管理类"",""招考人数"":""1"",""专业"":""计算机类"",""学历"":""硕士研究生及以上"",""学位"":""与最高学历相对应的学位"",""政治面貌"":""不限"",""基层工作最低年限"":""二年"",""服务基层项目工作经历"":""无限制"",""是否在面试阶段组织专业能力测试"":""否"",""面试人员比例"":""5:1"",""工作地点"":""广东省深圳市"",""落户地点"":""广东省深圳市"",""备注"":""1.本科阶段为计算机类（专业代码前四位0809），并取得相应的学历、学位证书，或国（境）外相应专业学位认证，报名时需在备注栏注明学科代码；\n2.有1年以上信息系统开发建设管理经验或大数据分析相关工作经验；\n3.能承受高强度、高压力工作，适应经常性加班和长时间出差；\n4.各阶段均具有相应的学历、学位；\n5.有关专业考试信息及大纲可在中国证监会网站上查询。"",""部门网站"":""http://www.csrc.gov.cn/szzyb/index.shtml"",""咨询电话1"":""0755-25918145"",""咨询电话2"":"""",""咨询电话3"":"""",""来源Sheet"":""中央国家行政机关省级以下直属机构""}}"
"government_jobs","国家公务员2026招考简章","公务员/事业单位技术岗位","北京市通州区","2026-07-28T09:12:58.310295+00:00","北京调查总队综合处室二级主任科员及以下（1）","国家统计局北京调查总队","","北京市通州区","公务员/事业单位;2026;computer_software;cybersecurity_cryptography;仅限硕士研究生;硕士;计算机科学与技术（0812）、网络空间安全（0839）。;中央机关及其省级直属机构综合管理类","用人司局：国家统计局北京调查总队
职位简介：从事数据及网络安全保障工作，提供信息化技术支持与服务。
专业要求：计算机科学与技术（0812）、网络空间安全（0839）。
学历要求：仅限硕士研究生
学位要求：硕士
政治面貌：中共党员
基层工作经历：无限制
考试类别：中央机关及其省级直属机构综合管理类
备注：1.限男性；2.须以最高学历学位主修专业报考，各学习阶段均获得相应的学历学位；3.企业人员应有合同及社保缴费记录；4.全国大学英语六级考试合格或分数达425分以上（请在“外语水平”栏注明外语考试名称和成绩，未注明视为不符合条件）；5.本单位最低服务年限为5年（含试用期）。","http://bm.scs.gov.cn/kl2026#137101-400110101003","2025-10-14","{""dataset_year"":2026,""job_uid"":""GOV-2026-137101-400110101003"",""publisher"":""国家公务员局"",""publication_page"":""http://bm.scs.gov.cn/kl2026"",""attachment_url"":""local://2026_guokao_zhaokaojianzhang.zip"",""local_source_file"":""中央机关及其直属机构2026年度考试录用公务员招考简章.xls"",""local_source_sha256"":""2670bae1df1dd07a3a3c79b9db46a11e3bb15a6c9c249e6af98bfd0b61ce3aaf"",""source_sheet"":""中央国家行政机关参照公务员法管理事业单位"",""filter_version"":""government_tech_v2"",""tech_filter"":{""is_tech"":true,""is_core_tech"":true,""scope"":""core"",""categories"":[""computer_software"",""cybersecurity_cryptography""],""matched_fields"":[""major"",""description""],""major_terms"":[""网络空间安全"",""计算机科学与技术""],""role_terms"":[""信息化"",""网络安全""],""reason"":""tech_major_and_role""},""original"":{""部门代码"":""137101"",""部门名称"":""国家统计局北京调查总队"",""用人司局"":""国家统计局北京调查总队"",""机构性质"":""中央国家行政机关参照公务员法管理事业单位"",""招考职位"":""北京调查总队综合处室二级主任科员及以下（1）"",""职位属性"":""普通职位"",""职位分布"":""其他职位"",""职位简介"":""从事数据及网络安全保障工作，提供信息化技术支持与服务。"",""职位代码"":""400110101003"",""机构层级"":""省（副省）级"",""考试类别"":""中央机关及其省级直属机构综合管理类"",""招考人数"":""1"",""专业"":""计算机科学与技术（0812）、网络空间安全（0839）。"",""学历"":""仅限硕士研究生"",""学位"":""硕士"",""政治面貌"":""中共党员"",""基层工作最低年限"":""无限制"",""服务基层项目工作经历"":""无限制"",""是否在面试阶段组织专业能力测试"":""否"",""面试人员比例"":""5:1"",""工作地点"":""北京市通州区"",""落户地点"":""北京市"",""备注"":""1.限男性；2.须以最高学历学位主修专业报考，各学习阶段均获得相应的学历学位；3.企业人员应有合同及社保缴费记录；4.全国大学英语六级考试合格或分数达425分以上（请在“外语水平”栏注明外语考试名称和成绩，未注明视为不符合条件）；5.本单位最低服务年限为5年（含试用期）。"",""部门网站"":""http://tjj.beijing.gov.cn/"",""咨询电话1"":""010-55533684"",""咨询电话2"":""010-55533681"",""咨询电话3"":"""",""来源Sheet"":""中央国家行政机关参照公务员法管理事业单位""}}"
"government_jobs","国家公务员2026招考简章","公务员/事业单位技术岗位","北京市通州区","2026-07-28T09:12:58.310295+00:00","北京调查总队综合处室二级主任科员及以下（2）","国家统计局北京调查总队","","北京市通州区","公务员/事业单位;2026;computer_software;cybersecurity_cryptography;仅限硕士研究生;硕士;计算机科学与技术（0812）、网络空间安全（0839）。;中央机关及其省级直属机构综合管理类","用人司局：国家统计局北京调查总队
职位简介：从事数据及网络安全保障工作，提供信息化技术支持与服务。
专业要求：计算机科学与技术（0812）、网络空间安全（0839）。
学历要求：仅限硕士研究生
学位要求：硕士
政治面貌：中共党员
基层工作经历：无限制
考试类别：中央机关及其省级直属机构综合管理类
备注：1.限女性；2.须以最高学历学位主修专业报考，各学习阶段均获得相应的学历学位；3.企业人员应有合同及社保缴费记录；4.全国大学英语六级考试合格或分数达425分以上（请在“外语水平”栏注明外语考试名称和成绩，未注明视为不符合条件）；5.本单位最低服务年限为5年（含试用期）。","http://bm.scs.gov.cn/kl2026#137101-400110101006","2025-10-14","{""dataset_year"":2026,""job_uid"":""GOV-2026-137101-400110101006"",""publisher"":""国家公务员局"",""publication_page"":""http://bm.scs.gov.cn/kl2026"",""attachment_url"":""local://2026_guokao_zhaokaojianzhang.zip"",""local_source_file"":""中央机关及其直属机构2026年度考试录用公务员招考简章.xls"",""local_source_sha256"":""2670bae1df1dd07a3a3c79b9db46a11e3bb15a6c9c249e6af98bfd0b61ce3aaf"",""source_sheet"":""中央国家行政机关参照公务员法管理事业单位"",""filter_version"":""government_tech_v2"",""tech_filter"":{""is_tech"":true,""is_core_tech"":true,""scope"":""core"",""categories"":[""computer_software"",""cybersecurity_cryptography""],""matched_fields"":[""major"",""description""],""major_terms"":[""网络空间安全"",""计算机科学与技术""],""role_terms"":[""信息化"",""网络安全""],""reason"":""tech_major_and_role""},""original"":{""部门代码"":""137101"",""部门名称"":""国家统计局北京调查总队"",""用人司局"":""国家统计局北京调查总队"",""机构性质"":""中央国家行政机关参照公务员法管理事业单位"",""招考职位"":""北京调查总队综合处室二级主任科员及以下（2）"",""职位属性"":""普通职位"",""职位分布"":""其他职位"",""职位简介"":""从事数据及网络安全保障工作，提供信息化技术支持与服务。"",""职位代码"":""400110101006"",""机构层级"":""省（副省）级"",""考试类别"":""中央机关及其省级直属机构综合管理类"",""招考人数"":""1"",""专业"":""计算机科学与技术（0812）、网络空间安全（0839）。"",""学历"":""仅限硕士研究生"",""学位"":""硕士"",""政治面貌"":""中共党员"",""基层工作最低年限"":""无限制"",""服务基层项目工作经历"":""无限制"",""是否在面试阶段组织专业能力测试"":""否"",""面试人员比例"":""5:1"",""工作地点"":""北京市通州区"",""落户地点"":""北京市"",""备注"":""1.限女性；2.须以最高学历学位主修专业报考，各学习阶段均获得相应的学历学位；3.企业人员应有合同及社保缴费记录；4.全国大学英语六级考试合格或分数达425分以上（请在“外语水平”栏注明外语考试名称和成绩，未注明视为不符合条件）；5.本单位最低服务年限为5年（含试用期）。"",""部门网站"":""http://tjj.beijing.gov.cn/"",""咨询电话1"":""010-55533684"",""咨询电话2"":""010-55533681"",""咨询电话3"":"""",""来源Sheet"":""中央国家行政机关参照公务员法管理事业单位""}}"
"government_jobs","国家公务员2026招考简章","公务员/事业单位技术岗位","天津市","2026-07-28T09:12:58.310295+00:00","天津调查总队业务处室四级主任科员","国家统计局天津调查总队","","天津市","公务员/事业单位;2026;computer_software;data_ai;仅限硕士研究生;硕士;计算机科学与技术类;中央机关及其省级直属机构综合管理类","用人司局：国家统计局天津调查总队
职位简介：从事一线入户调查、数据处理、统计分析、统计研究等工作。
专业要求：计算机科学与技术类
学历要求：仅限硕士研究生
学位要求：硕士
政治面貌：中共党员
基层工作经历：无限制
考试类别：中央机关及其省级直属机构综合管理类
备注：1.全国大学英语六级考试成绩达到425分以上；2.本单位最低服务年限为5年（含试用期）。","http://bm.scs.gov.cn/kl2026#137102-400110102001","2025-10-14","{""dataset_year"":2026,""job_uid"":""GOV-2026-137102-400110102001"",""publisher"":""国家公务员局"",""publication_page"":""http://bm.scs.gov.cn/kl2026"",""attachment_url"":""local://2026_guokao_zhaokaojianzhang.zip"",""local_source_file"":""中央机关及其直属机构2026年度考试录用公务员招考简章.xls"",""local_source_sha256"":""2670bae1df1dd07a3a3c79b9db46a11e3bb15a6c9c249e6af98bfd0b61ce3aaf"",""source_sheet"":""中央国家行政机关参照公务员法管理事业单位"",""filter_version"":""government_tech_v2"",""tech_filter"":{""is_tech"":true,""is_core_tech"":true,""scope"":""core"",""categories"":[""computer_software"",""data_ai""],""matched_fields"":[""major"",""description""],""major_terms"":[""计算机科学与技术""],""role_terms"":[""数据处理""],""reason"":""tech_major_and_role""},""original"":{""部门代码"":""137102"",""部门名称"":""国家统计局天津调查总队"",""用人司局"":""国家统计局天津调查总队"",""机构性质"":""中央国家行政机关参照公务员法管理事业单位"",""招考职位"":""天津调查总队业务处室四级主任科员"",""职位属性"":""普通职位"",""职位分布"":""其他职位"",""职位简介"":""从事一线入户调查、数据处理、统计分析、统计研究等工作。"",""职位代码"":""400110102001"",""机构层级"":""省（副省）级"",""考试类别"":""中央机关及其省级直属机构综合管理类"",""招考人数"":""1"",""专业"":""计算机科学与技术类"",""学历"":""仅限硕士研究生"",""学位"":""硕士"",""政治面貌"":""中共党员"",""基层工作最低年限"":""无限制"",""服务基层项目工作经历"":""无限制"",""是否在面试阶段组织专业能力测试"":""否"",""面试人员比例"":""5:1"",""工作地点"":""天津市"",""落户地点"":""天津市"",""备注"":""1.全国大学英语六级考试成绩达到425分以上；2.本单位最低服务年限为5年（含试用期）。"",""部门网站"":""http://www.tjdczd.gov.cn/"",""咨询电话1"":""022-27313551"",""咨询电话2"":""022-27303059"",""咨询电话3"":"""",""来源Sheet"":""中央国家行政机关参照公务员法管理事业单位""}}"
"government_jobs","国家公务员2026招考简章","公务员/事业单位技术岗位","天津市蓟州区","2026-07-28T09:12:58.310295+00:00","蓟州调查队业务科室一级科员（1）","国家统计局天津调查总队","","天津市蓟州区","公务员/事业单位;2026;computer_software;data_ai;仅限本科;学士;统计学类、数学类、计算机类;市（地）级及以下直属机构综合管理类","用人司局：国家统计局天津调查总队
职位简介：从事一线入户调查、数据处理、统计分析、统计研究等工作。
专业要求：统计学类、数学类、计算机类
学历要求：仅限本科
学位要求：学士
政治面貌：中共党员
基层工作经历：无限制
考试类别：市（地）级及以下直属机构综合管理类
备注：1.2026届高校毕业生；2.全国大学英语四级考试成绩达到425分以上；3.本单位最低服务年限为5年（含试用期）；4.仅限女性报考。","http://bm.scs.gov.cn/kl2026#137102-400110102009","2025-10-14","{""dataset_year"":2026,""job_uid"":""GOV-2026-137102-400110102009"",""publisher"":""国家公务员局"",""publication_page"":""http://bm.scs.gov.cn/kl2026"",""attachment_url"":""local://2026_guokao_zhaokaojianzhang.zip"",""local_source_file"":""中央机关及其直属机构2026年度考试录用公务员招考简章.xls"",""local_source_sha256"":""2670bae1df1dd07a3a3c79b9db46a11e3bb15a6c9c249e6af98bfd0b61ce3aaf"",""source_sheet"":""中央国家行政机关参照公务员法管理事业单位"",""filter_version"":""government_tech_v2"",""tech_filter"":{""is_tech"":true,""is_core_tech"":true,""scope"":""core"",""categories"":[""computer_software"",""data_ai""],""matched_fields"":[""major"",""description""],""major_terms"":[""计算机类""],""role_terms"":[""数据处理""],""reason"":""tech_major_and_role""},""original"":{""部门代码"":""137102"",""部门名称"":""国家统计局天津调查总队"",""用人司局"":""国家统计局天津调查总队"",""机构性质"":""中央国家行政机关参照公务员法管理事业单位"",""招考职位"":""蓟州调查队业务科室一级科员（1）"",""职位属性"":""普通职位"",""职位分布"":""其他职位"",""职位简介"":""从事一线入户调查、数据处理、统计分析、统计研究等工作。"",""职位代码"":""400110102009"",""机构层级"":""县（区）级及以下"",""考试类别"":""市（地）级及以下直属机构综合管理类"",""招考人数"":""1"",""专业"":""统计学类、数学类、计算机类"",""学历"":""仅限本科"",""学位"":""学士"",""政治面貌"":""中共党员"",""基层工作最低年限"":""无限制"",""服务基层项目工作经历"":""无限制"",""是否在面试阶段组织专业能力测试"":""否"",""面试人员比例"":""3:1"",""工作地点"":""天津市蓟州区"",""落户地点"":""天津市蓟州区"",""备注"":""1.2026届高校毕业生；2.全国大学英语四级考试成绩达到425分以上；3.本单位最低服务年限为5年（含试用期）；4.仅限女性报考。"",""部门网站"":""http://www.tjdczd.gov.cn/"",""咨询电话1"":""022-27313551"",""咨询电话2"":""022-27303059"",""咨询电话3"":"""",""来源Sheet"":""中央国家行政机关参照公务员法管理事业单位""}}"
"government_jobs","国家公务员2026招考简章","公务员/事业单位技术岗位","天津市蓟州区","2026-07-28T09:12:58.310295+00:00","蓟州调查队业务科室一级科员（2）","国家统计局天津调查总队","","天津市蓟州区","公务员/事业单位;2026;computer_software;data_ai;仅限本科;学士;统计学类、数学类、计算机类;市（地）级及以下直属机构综合管理类","用人司局：国家统计局天津调查总队
职位简介：从事一线入户调查、数据处理、统计分析、统计研究等工作。
专业要求：统计学类、数学类、计算机类
学历要求：仅限本科
学位要求：学士
政治面貌：中共党员
基层工作经历：无限制
考试类别：市（地）级及以下直属机构综合管理类
备注：1.2026届高校毕业生；2.全国大学英语四级考试成绩达到425分以上；3.本单位最低服务年限为5年（含试用期）；4.仅限男性报考。","http://bm.scs.gov.cn/kl2026#137102-400110102010","2025-10-14","{""dataset_year"":2026,""job_uid"":""GOV-2026-137102-400110102010"",""publisher"":""国家公务员局"",""publication_page"":""http://bm.scs.gov.cn/kl2026"",""attachment_url"":""local://2026_guokao_zhaokaojianzhang.zip"",""local_source_file"":""中央机关及其直属机构2026年度考试录用公务员招考简章.xls"",""local_source_sha256"":""2670bae1df1dd07a3a3c79b9db46a11e3bb15a6c9c249e6af98bfd0b61ce3aaf"",""source_sheet"":""中央国家行政机关参照公务员法管理事业单位"",""filter_version"":""government_tech_v2"",""tech_filter"":{""is_tech"":true,""is_core_tech"":true,""scope"":""core"",""categories"":[""computer_software"",""data_ai""],""matched_fields"":[""major"",""description""],""major_terms"":[""计算机类""],""role_terms"":[""数据处理""],""reason"":""tech_major_and_role""},""original"":{""部门代码"":""137102"",""部门名称"":""国家统计局天津调查总队"",""用人司局"":""国家统计局天津调查总队"",""机构性质"":""中央国家行政机关参照公务员法管理事业单位"",""招考职位"":""蓟州调查队业务科室一级科员（2）"",""职位属性"":""普通职位"",""职位分布"":""其他职位"",""职位简介"":""从事一线入户调查、数据处理、统计分析、统计研究等工作。"",""职位代码"":""400110102010"",""机构层级"":""县（区）级及以下"",""考试类别"":""市（地）级及以下直属机构综合管理类"",""招考人数"":""1"",""专业"":""统计学类、数学类、计算机类"",""学历"":""仅限本科"",""学位"":""学士"",""政治面貌"":""中共党员"",""基层工作最低年限"":""无限制"",""服务基层项目工作经历"":""无限制"",""是否在面试阶段组织专业能力测试"":""否"",""面试人员比例"":""3:1"",""工作地点"":""天津市蓟州区"",""落户地点"":""天津市蓟州区"",""备注"":""1.2026届高校毕业生；2.全国大学英语四级考试成绩达到425分以上；3.本单位最低服务年限为5年（含试用期）；4.仅限男性报考。"",""部门网站"":""http://www.tjdczd.gov.cn/"",""咨询电话1"":""022-27313551"",""咨询电话2"":""022-27303059"",""咨询电话3"":"""",""来源Sheet"":""中央国家行政机关参照公务员法管理事业单位""}}"
"government_jobs","国家公务员2026招考简章","公务员/事业单位技术岗位","河北省石家庄市新华区","2026-07-28T09:12:58.310295+00:00","河北调查总队综合处室四级主任科员（1）","国家统计局河北调查总队","","河北省石家庄市新华区","公务员/事业单位;2026;computer_software;cybersecurity_cryptography;仅限硕士研究生;硕士;计算机科学与技术、软件工程、网络空间安全;中央机关及其省级直属机构综合管理类","用人司局：国家统计局河北调查总队
职位简介：从事统计调查信息化建设、应用、维护等工作
专业要求：计算机科学与技术、软件工程、网络空间安全
学历要求：仅限硕士研究生
学位要求：硕士
政治面貌：中共党员
基层工作经历：三年
考试类别：中央机关及其省级直属机构综合管理类
备注：须以最高学历所学主修专业报考；主要工作岗位经历应与招录职位所要求的专业相关；取得全国计算机等级考试三级或四级合格证书；本单位最低服务年限为5年(含试用期）。","http://bm.scs.gov.cn/kl2026#137103-400110137002","2025-10-14","{""dataset_year"":2026,""job_uid"":""GOV-2026-137103-400110137002"",""publisher"":""国家公务员局"",""publication_page"":""http://bm.scs.gov.cn/kl2026"",""attachment_url"":""local://2026_guokao_zhaokaojianzhang.zip"",""local_source_file"":""中央机关及其直属机构2026年度考试录用公务员招考简章.xls"",""local_source_sha256"":""2670bae1df1dd07a3a3c79b9db46a11e3bb15a6c9c249e6af98bfd0b61ce3aaf"",""source_sheet"":""中央国家行政机关参照公务员法管理事业单位"",""filter_version"":""government_tech_v2"",""tech_filter"":{""is_tech"":true,""is_core_tech"":true,""scope"":""core"",""categories"":[""computer_software"",""cybersecurity_cryptography""],""matched_fields"":[""major"",""description"",""remarks""],""major_terms"":[""网络空间安全"",""计算机科学与技术"",""软件工程""],""role_terms"":[""信息化"",""计算机""],""reason"":""tech_major_and_role""},""original"":{""部门代码"":""137103"",""部门名称"":""国家统计局河北调查总队"",""用人司局"":""国家统计局河北调查总队"",""机构性质"":""中央国家行政机关参照公务员法管理事业单位"",""招考职位"":""河北调查总队综合处室四级主任科员（1）"",""职位属性"":""普通职位"",""职位分布"":""其他职位"",""职位简介"":""从事统计调查信息化建设、应用、维护等工作"",""职位代码"":""400110137002"",""机构层级"":""省（副省）级"",""考试类别"":""中央机关及其省级直属机构综合管理类"",""招考人数"":""1"",""专业"":""计算机科学与技术、软件工程、网络空间安全"",""学历"":""仅限硕士研究生"",""学位"":""硕士"",""政治面貌"":""中共党员"",""基层工作最低年限"":""三年"",""服务基层项目工作经历"":""无限制"",""是否在面试阶段组织专业能力测试"":""否"",""面试人员比例"":""5:1"",""工作地点"":""河北省石家庄市新华区"",""落户地点"":""河北省石家庄市新华区"",""备注"":""须以最高学历所学主修专业报考；主要工作岗位经历应与招录职位所要求的专业相关；取得全国计算机等级考试三级或四级合格证书；本单位最低服务年限为5年(含试用期）。"",""部门网站"":""无"",""咨询电话1"":""0311-86955093"",""咨询电话2"":""0311-86955963"",""咨询电话3"":""0311-86955089"",""来源Sheet"":""中央国家行政机关参照公务员法管理事业单位""}}"
"government_jobs","国家公务员2026招考简章","公务员/事业单位技术岗位","河北省石家庄市新华区","2026-07-28T09:12:58.310295+00:00","河北调查总队综合处室四级主任科员（3）","国家统计局河北调查总队","","河北省石家庄市新华区","公务员/事业单位;2026;computer_software;data_ai;electronics_communication;仅限硕士研究生;硕士;电子信息（人工智能、大数据技术与工程）;中央机关及其省级直属机构综合管理类","用人司局：国家统计局河北调查总队
职位简介：从事数据处理、统计分析、统计研究等工作
专业要求：电子信息（人工智能、大数据技术与工程）
学历要求：仅限硕士研究生
学位要求：硕士
政治面貌：中共党员
基层工作经历：三年
考试类别：中央机关及其省级直属机构综合管理类
备注：须以最高学历所学主修专业报考；主要工作岗位经历应与招录职位所要求的专业相关，具备人工智能、大数据开发应用经验；本单位最低服务年限为5年(含试用期）。","http://bm.scs.gov.cn/kl2026#137103-400110137004","2025-10-14","{""dataset_year"":2026,""job_uid"":""GOV-2026-137103-400110137004"",""publisher"":""国家公务员局"",""publication_page"":""http://bm.scs.gov.cn/kl2026"",""attachment_url"":""local://2026_guokao_zhaokaojianzhang.zip"",""local_source_file"":""中央机关及其直属机构2026年度考试录用公务员招考简章.xls"",""local_source_sha256"":""2670bae1df1dd07a3a3c79b9db46a11e3bb15a6c9c249e6af98bfd0b61ce3aaf"",""source_sheet"":""中央国家行政机关参照公务员法管理事业单位"",""filter_version"":""government_tech_v2"",""tech_filter"":{""is_tech"":true,""is_core_tech"":true,""scope"":""core"",""categories"":[""computer_software"",""data_ai"",""electronics_communication""],""matched_fields"":[""major"",""description"",""remarks""],""major_terms"":[""人工智能"",""大数据"",""电子信息""],""role_terms"":[""人工智能"",""大数据"",""数据处理""],""reason"":""tech_major_and_role""},""original"":{""部门代码"":""137103"",""部门名称"":""国家统计局河北调查总队"",""用人司局"":""国家统计局河北调查总队"",""机构性质"":""中央国家行政机关参照公务员法管理事业单位"",""招考职位"":""河北调查总队综合处室四级主任科员（3）"",""职位属性"":""普通职位"",""职位分布"":""其他职位"",""职位简介"":""从事数据处理、统计分析、统计研究等工作"",""职位代码"":""400110137004"",""机构层级"":""省（副省）级"",""考试类别"":""中央机关及其省级直属机构综合管理类"",""招考人数"":""1"",""专业"":""电子信息（人工智能、大数据技术与工程）"",""学历"":""仅限硕士研究生"",""学位"":""硕士"",""政治面貌"":""中共党员"",""基层工作最低年限"":""三年"",""服务基层项目工作经历"":""无限制"",""是否在面试阶段组织专业能力测试"":""否"",""面试人员比例"":""5:1"",""工作地点"":""河北省石家庄市新华区"",""落户地点"":""河北省石家庄市新华区"",""备注"":""须以最高学历所学主修专业报考；主要工作岗位经历应与招录职位所要求的专业相关，具备人工智能、大数据开发应用经验；本单位最低服务年限为5年(含试用期）。"",""部门网站"":""无"",""咨询电话1"":""0311-86955093"",""咨询电话2"":""0311-86955963"",""咨询电话3"":""0311-86955089"",""来源Sheet"":""中央国家行政机关参照公务员法管理事业单位""}}"
"government_jobs","国家公务员2026招考简章","公务员/事业单位技术岗位","河北省保定市容城县","2026-07-28T09:12:58.310295+00:00","雄安调查队综合科室四级主任科员（1）","国家统计局河北调查总队","","河北省保定市容城县","公务员/事业单位;2026;computer_software;data_ai;仅限硕士研究生;硕士;应用统计、统计学、数学类（基础数学、计算数学、概率论与数理统计、应用数学）、计算机科学与技术、软件工程;市（地）级及以下直属机构综合管理类","用人司局：国家统计局河北调查总队
职位简介：从事数据处理、统计分析、统计研究等工作
专业要求：应用统计、统计学、数学类（基础数学、计算数学、概率论与数理统计、应用数学）、计算机科学与技术、软件工程
学历要求：仅限硕士研究生
学位要求：硕士
政治面貌：中共党员
基层工作经历：三年
考试类别：市（地）级及以下直属机构综合管理类
备注：须以最高学历所学主修专业报考；主要工作岗位经历应与招录职位所要求的专业相关；本单位最低服务年限为5年(含试用期）。限男性。","http://bm.scs.gov.cn/kl2026#137103-400110137005","2025-10-14","{""dataset_year"":2026,""job_uid"":""GOV-2026-137103-400110137005"",""publisher"":""国家公务员局"",""publication_page"":""http://bm.scs.gov.cn/kl2026"",""attachment_url"":""local://2026_guokao_zhaokaojianzhang.zip"",""local_source_file"":""中央机关及其直属机构2026年度考试录用公务员招考简章.xls"",""local_source_sha256"":""2670bae1df1dd07a3a3c79b9db46a11e3bb15a6c9c249e6af98bfd0b61ce3aaf"",""source_sheet"":""中央国家行政机关参照公务员法管理事业单位"",""filter_version"":""government_tech_v2"",""tech_filter"":{""is_tech"":true,""is_core_tech"":true,""scope"":""core"",""categories"":[""computer_software"",""data_ai""],""matched_fields"":[""major"",""description""],""major_terms"":[""计算机科学与技术"",""软件工程""],""role_terms"":[""数据处理""],""reason"":""tech_major_and_role""},""original"":{""部门代码"":""137103"",""部门名称"":""国家统计局河北调查总队"",""用人司局"":""国家统计局河北调查总队"",""机构性质"":""中央国家行政机关参照公务员法管理事业单位"",""招考职位"":""雄安调查队综合科室四级主任科员（1）"",""职位属性"":""普通职位"",""职位分布"":""其他职位"",""职位简介"":""从事数据处理、统计分析、统计研究等工作"",""职位代码"":""400110137005"",""机构层级"":""市（地）级"",""考试类别"":""市（地）级及以下直属机构综合管理类"",""招考人数"":""1"",""专业"":""应用统计、统计学、数学类（基础数学、计算数学、概率论与数理统计、应用数学）、计算机科学与技术、软件工程"",""学历"":""仅限硕士研究生"",""学位"":""硕士"",""政治面貌"":""中共党员"",""基层工作最低年限"":""三年"",""服务基层项目工作经历"":""无限制"",""是否在面试阶段组织专业能力测试"":""否"",""面试人员比例"":""3:1"",""工作地点"":""河北省保定市容城县"",""落户地点"":""河北省保定市容城县"",""备注"":""须以最高学历所学主修专业报考；主要工作岗位经历应与招录职位所要求的专业相关；本单位最低服务年限为5年(含试用期）。限男性。"",""部门网站"":""无"",""咨询电话1"":""0311-86955093"",""咨询电话2"":""0311-86955963"",""咨询电话3"":""0311-86955089"",""来源Sheet"":""中央国家行政机关参照公务员法管理事业单位""}}"
"government_jobs","国家公务员2026招考简章","公务员/事业单位技术岗位","河北省保定市容城县","2026-07-28T09:12:58.310295+00:00","雄安调查队综合科室四级主任科员（2）","国家统计局河北调查总队","","河北省保定市容城县","公务员/事业单位;2026;computer_software;data_ai;仅限硕士研究生;硕士;应用统计、统计学、数学类（基础数学、计算数学、概率论与数理统计、应用数学）、计算机科学与技术、软件工程;市（地）级及以下直属机构综合管理类","用人司局：国家统计局河北调查总队
职位简介：从事数据处理、统计分析、统计研究等工作
专业要求：应用统计、统计学、数学类（基础数学、计算数学、概率论与数理统计、应用数学）、计算机科学与技术、软件工程
学历要求：仅限硕士研究生
学位要求：硕士
政治面貌：中共党员
基层工作经历：三年
考试类别：市（地）级及以下直属机构综合管理类
备注：须以最高学历所学主修专业报考；主要工作岗位经历应与招录职位所要求的专业相关；本单位最低服务年限为5年(含试用期）。限女性。","http://bm.scs.gov.cn/kl2026#137103-400110137006","2025-10-14","{""dataset_year"":2026,""job_uid"":""GOV-2026-137103-400110137006"",""publisher"":""国家公务员局"",""publication_page"":""http://bm.scs.gov.cn/kl2026"",""attachment_url"":""local://2026_guokao_zhaokaojianzhang.zip"",""local_source_file"":""中央机关及其直属机构2026年度考试录用公务员招考简章.xls"",""local_source_sha256"":""2670bae1df1dd07a3a3c79b9db46a11e3bb15a6c9c249e6af98bfd0b61ce3aaf"",""source_sheet"":""中央国家行政机关参照公务员法管理事业单位"",""filter_version"":""government_tech_v2"",""tech_filter"":{""is_tech"":true,""is_core_tech"":true,""scope"":""core"",""categories"":[""computer_software"",""data_ai""],""matched_fields"":[""major"",""description""],""major_terms"":[""计算机科学与技术"",""软件工程""],""role_terms"":[""数据处理""],""reason"":""tech_major_and_role""},""original"":{""部门代码"":""137103"",""部门名称"":""国家统计局河北调查总队"",""用人司局"":""国家统计局河北调查总队"",""机构性质"":""中央国家行政机关参照公务员法管理事业单位"",""招考职位"":""雄安调查队综合科室四级主任科员（2）"",""职位属性"":""普通职位"",""职位分布"":""其他职位"",""职位简介"":""从事数据处理、统计分析、统计研究等工作"",""职位代码"":""400110137006"",""机构层级"":""市（地）级"",""考试类别"":""市（地）级及以下直属机构综合管理类"",""招考人数"":""1"",""专业"":""应用统计、统计学、数学类（基础数学、计算数学、概率论与数理统计、应用数学）、计算机科学与技术、软件工程"",""学历"":""仅限硕士研究生"",""学位"":""硕士"",""政治面貌"":""中共党员"",""基层工作最低年限"":""三年"",""服务基层项目工作经历"":""无限制"",""是否在面试阶段组织专业能力测试"":""否"",""面试人员比例"":""3:1"",""工作地点"":""河北省保定市容城县"",""落户地点"":""河北省保定市容城县"",""备注"":""须以最高学历所学主修专业报考；主要工作岗位经历应与招录职位所要求的专业相关；本单位最低服务年限为5年(含试用期）。限女性。"",""部门网站"":""无"",""咨询电话1"":""0311-86955093"",""咨询电话2"":""0311-86955963"",""咨询电话3"":""0311-86955089"",""来源Sheet"":""中央国家行政机关参照公务员法管理事业单位""}}"
"government_jobs","国家公务员2026招考简章","公务员/事业单位技术岗位","河北省承德市双桥区","2026-07-28T09:12:58.310295+00:00","承德调查队综合科室一级科员（1）","国家统计局河北调查总队","","河北省承德市双桥区","公务员/事业单位;2026;computer_software;data_ai;仅限本科;学士;统计学类（统计学、 应用统计学）、软件工程、网络工程;市（地）级及以下直属机构综合管理类","用人司局：国家统计局河北调查总队
职位简介：从事信息化建设、数据处理、统计调查业务等工作
专业要求：统计学类（统计学、 应用统计学）、软件工程、网络工程
学历要求：仅限本科
学位要求：学士
政治面貌：中共党员
基层工作经历：无限制
考试类别：市（地）级及以下直属机构综合管理类
备注：应届高校毕业生；须以最高学历所学主修专业报考；本单位最低服务年限为5年(含试用期）。限男性。","http://bm.scs.gov.cn/kl2026#137103-400110137007","2025-10-14","{""dataset_year"":2026,""job_uid"":""GOV-2026-137103-400110137007"",""publisher"":""国家公务员局"",""publication_page"":""http://bm.scs.gov.cn/kl2026"",""attachment_url"":""local://2026_guokao_zhaokaojianzhang.zip"",""local_source_file"":""中央机关及其直属机构2026年度考试录用公务员招考简章.xls"",""local_source_sha256"":""2670bae1df1dd07a3a3c79b9db46a11e3bb15a6c9c249e6af98bfd0b61ce3aaf"",""source_sheet"":""中央国家行政机关参照公务员法管理事业单位"",""filter_version"":""government_tech_v2"",""tech_filter"":{""is_tech"":true,""is_core_tech"":true,""scope"":""core"",""categories"":[""computer_software"",""data_ai""],""matched_fields"":[""major"",""description""],""major_terms"":[""网络工程"",""软件工程""],""role_terms"":[""信息化"",""数据处理""],""reason"":""tech_major_and_role""},""original"":{""部门代码"":""137103"",""部门名称"":""国家统计局河北调查总队"",""用人司局"":""国家统计局河北调查总队"",""机构性质"":""中央国家行政机关参照公务员法管理事业单位"",""招考职位"":""承德调查队综合科室一级科员（1）"",""职位属性"":""普通职位"",""职位分布"":""其他职位"",""职位简介"":""从事信息化建设、数据处理、统计调查业务等工作"",""职位代码"":""400110137007"",""机构层级"":""市（地）级"",""考试类别"":""市（地）级及以下直属机构综合管理类"",""招考人数"":""1"",""专业"":""统计学类（统计学、 应用统计学）、软件工程、网络工程"",""学历"":""仅限本科"",""学位"":""学士"",""政治面貌"":""中共党员"",""基层工作最低年限"":""无限制"",""服务基层项目工作经历"":""无限制"",""是否在面试阶段组织专业能力测试"":""否"",""面试人员比例"":""3:1"",""工作地点"":""河北省承德市双桥区"",""落户地点"":""河北省承德市双桥区"",""备注"":""应届高校毕业生；须以最高学历所学主修专业报考；本单位最低服务年限为5年(含试用期）。限男性。"",""部门网站"":""无"",""咨询电话1"":""0311-86955093"",""咨询电话2"":""0311-86955963"",""咨询电话3"":""0311-86955089"",""来源Sheet"":""中央国家行政机关参照公务员法管理事业单位""}}"
"government_jobs","国家公务员2026招考简章","公务员/事业单位技术岗位","河北省承德市双桥区","2026-07-28T09:12:58.310295+00:00","承德调查队综合科室一级科员（2）","国家统计局河北调查总队","","河北省承德市双桥区","公务员/事业单位;2026;computer_software;data_ai;仅限本科;学士;统计学类（统计学、 应用统计学）、软件工程、网络工程;市（地）级及以下直属机构综合管理类","用人司局：国家统计局河北调查总队
职位简介：从事信息化建设、数据处理、统计调查业务等工作
专业要求：统计学类（统计学、 应用统计学）、软件工程、网络工程
学历要求：仅限本科
学位要求：学士
政治面貌：中共党员
基层工作经历：无限制
考试类别：市（地）级及以下直属机构综合管理类
备注：应届高校毕业生；须以最高学历所学主修专业报考；本单位最低服务年限为5年(含试用期）。限女性。","http://bm.scs.gov.cn/kl2026#137103-400110137008","2025-10-14","{""dataset_year"":2026,""job_uid"":""GOV-2026-137103-400110137008"",""publisher"":""国家公务员局"",""publication_page"":""http://bm.scs.gov.cn/kl2026"",""attachment_url"":""local://2026_guokao_zhaokaojianzhang.zip"",""local_source_file"":""中央机关及其直属机构2026年度考试录用公务员招考简章.xls"",""local_source_sha256"":""2670bae1df1dd07a3a3c79b9db46a11e3bb15a6c9c249e6af98bfd0b61ce3aaf"",""source_sheet"":""中央国家行政机关参照公务员法管理事业单位"",""filter_version"":""government_tech_v2"",""tech_filter"":{""is_tech"":true,""is_core_tech"":true,""scope"":""core"",""categories"":[""computer_software"",""data_ai""],""matched_fields"":[""major"",""description""],""major_terms"":[""网络工程"",""软件工程""],""role_terms"":[""信息化"",""数据处理""],""reason"":""tech_major_and_role""},""original"":{""部门代码"":""137103"",""部门名称"":""国家统计局河北调查总队"",""用人司局"":""国家统计局河北调查总队"",""机构性质"":""中央国家行政机关参照公务员法管理事业单位"",""招考职位"":""承德调查队综合科室一级科员（2）"",""职位属性"":""普通职位"",""职位分布"":""其他职位"",""职位简介"":""从事信息化建设、数据处理、统计调查业务等工作"",""职位代码"":""400110137008"",""机构层级"":""市（地）级"",""考试类别"":""市（地）级及以下直属机构综合管理类"",""招考人数"":""1"",""专业"":""统计学类（统计学、 应用统计学）、软件工程、网络工程"",""学历"":""仅限本科"",""学位"":""学士"",""政治面貌"":""中共党员"",""基层工作最低年限"":""无限制"",""服务基层项目工作经历"":""无限制"",""是否在面试阶段组织专业能力测试"":""否"",""面试人员比例"":""3:1"",""工作地点"":""河北省承德市双桥区"",""落户地点"":""河北省承德市双桥区"",""备注"":""应届高校毕业生；须以最高学历所学主修专业报考；本单位最低服务年限为5年(含试用期）。限女性。"",""部门网站"":""无"",""咨询电话1"":""0311-86955093"",""咨询电话2"":""0311-86955963"",""咨询电话3"":""0311-86955089"",""来源Sheet"":""中央国家行政机关参照公务员法管理事业单位""}}"
"government_jobs","国家公务员2026招考简章","公务员/事业单位技术岗位","河北省张家口市桥东区","2026-07-28T09:12:58.310295+00:00","张家口调查队综合科室一级科员（1）","国家统计局河北调查总队","","河北省张家口市桥东区","公务员/事业单位;2026;computer_software;data_ai;仅限本科;学士;统计学类（统计学、 应用统计学）、数学类（数学与应用数学、信息与计算科学、数理基础科学、数据计算及应用）、计算机科学与技术、软件工程、网络工程;市（地）级及以下直属机构综合管理类","用人司局：国家统计局河北调查总队
职位简介：从事一线统计专业调查、数据处理、统计分析撰写等工作
专业要求：统计学类（统计学、 应用统计学）、数学类（数学与应用数学、信息与计算科学、数理基础科学、数据计算及应用）、计算机科学与技术、软件工程、网络工程
学历要求：仅限本科
学位要求：学士
政治面貌：中共党员
基层工作经历：无限制
考试类别：市（地）级及以下直属机构综合管理类
备注：应届高校毕业生；须以最高学历所学主修专业报考；本单位最低服务年限为5年(含试用期）。限男性。","http://bm.scs.gov.cn/kl2026#137103-400110137011","2025-10-14","{""dataset_year"":2026,""job_uid"":""GOV-2026-137103-400110137011"",""publisher"":""国家公务员局"",""publication_page"":""http://bm.scs.gov.cn/kl2026"",""attachment_url"":""local://2026_guokao_zhaokaojianzhang.zip"",""local_source_file"":""中央机关及其直属机构2026年度考试录用公务员招考简章.xls"",""local_source_sha256"":""2670bae1df1dd07a3a3c79b9db46a11e3bb15a6c9c249e6af98bfd0b61ce3aaf"",""source_sheet"":""中央国家行政机关参照公务员法管理事业单位"",""filter_version"":""government_tech_v2"",""tech_filter"":{""is_tech"":true,""is_core_tech"":true,""scope"":""core"",""categories"":[""computer_software"",""data_ai""],""matched_fields"":[""major"",""description""],""major_terms"":[""网络工程"",""计算机科学与技术"",""软件工程""],""role_terms"":[""数据处理""],""reason"":""tech_major_and_role""},""original"":{""部门代码"":""137103"",""部门名称"":""国家统计局河北调查总队"",""用人司局"":""国家统计局河北调查总队"",""机构性质"":""中央国家行政机关参照公务员法管理事业单位"",""招考职位"":""张家口调查队综合科室一级科员（1）"",""职位属性"":""普通职位"",""职位分布"":""其他职位"",""职位简介"":""从事一线统计专业调查、数据处理、统计分析撰写等工作"",""职位代码"":""400110137011"",""机构层级"":""市（地）级"",""考试类别"":""市（地）级及以下直属机构综合管理类"",""招考人数"":""1"",""专业"":""统计学类（统计学、 应用统计学）、数学类（数学与应用数学、信息与计算科学、数理基础科学、数据计算及应用）、计算机科学与技术、软件工程、网络工程"",""学历"":""仅限本科"",""学位"":""学士"",""政治面貌"":""中共党员"",""基层工作最低年限"":""无限制"",""服务基层项目工作经历"":""无限制"",""是否在面试阶段组织专业能力测试"":""否"",""面试人员比例"":""3:1"",""工作地点"":""河北省张家口市桥东区"",""落户地点"":""河北省张家口市桥东区"",""备注"":""应届高校毕业生；须以最高学历所学主修专业报考；本单位最低服务年限为5年(含试用期）。限男性。"",""部门网站"":""无"",""咨询电话1"":""0311-86955093"",""咨询电话2"":""0311-86955963"",""咨询电话3"":""0311-86955089"",""来源Sheet"":""中央国家行政机关参照公务员法管理事业单位""}}"
"government_jobs","国家公务员2026招考简章","公务员/事业单位技术岗位","河北省张家口市桥东区","2026-07-28T09:12:58.310295+00:00","张家口调查队综合科室一级科员（2）","国家统计局河北调查总队","","河北省张家口市桥东区","公务员/事业单位;2026;computer_software;data_ai;仅限本科;学士;统计学类（统计学、 应用统计学）、数学类（数学与应用数学、信息与计算科学、数理基础科学、数据计算及应用）、计算机科学与技术、软件工程、网络工程;市（地）级及以下直属机构综合管理类","用人司局：国家统计局河北调查总队
职位简介：从事一线统计专业调查、数据处理、统计分析撰写等工作
专业要求：统计学类（统计学、 应用统计学）、数学类（数学与应用数学、信息与计算科学、数理基础科学、数据计算及应用）、计算机科学与技术、软件工程、网络工程
学历要求：仅限本科
学位要求：学士
政治面貌：中共党员
基层工作经历：无限制
考试类别：市（地）级及以下直属机构综合管理类
备注：应届高校毕业生；须以最高学历所学主修专业报考；本单位最低服务年限为5年(含试用期）。限女性。","http://bm.scs.gov.cn/kl2026#137103-400110137012","2025-10-14","{""dataset_year"":2026,""job_uid"":""GOV-2026-137103-400110137012"",""publisher"":""国家公务员局"",""publication_page"":""http://bm.scs.gov.cn/kl2026"",""attachment_url"":""local://2026_guokao_zhaokaojianzhang.zip"",""local_source_file"":""中央机关及其直属机构2026年度考试录用公务员招考简章.xls"",""local_source_sha256"":""2670bae1df1dd07a3a3c79b9db46a11e3bb15a6c9c249e6af98bfd0b61ce3aaf"",""source_sheet"":""中央国家行政机关参照公务员法管理事业单位"",""filter_version"":""government_tech_v2"",""tech_filter"":{""is_tech"":true,""is_core_tech"":true,""scope"":""core"",""categories"":[""computer_software"",""data_ai""],""matched_fields"":[""major"",""description""],""major_terms"":[""网络工程"",""计算机科学与技术"",""软件工程""],""role_terms"":[""数据处理""],""reason"":""tech_major_and_role""},""original"":{""部门代码"":""137103"",""部门名称"":""国家统计局河北调查总队"",""用人司局"":""国家统计局河北调查总队"",""机构性质"":""中央国家行政机关参照公务员法管理事业单位"",""招考职位"":""张家口调查队综合科室一级科员（2）"",""职位属性"":""普通职位"",""职位分布"":""其他职位"",""职位简介"":""从事一线统计专业调查、数据处理、统计分析撰写等工作"",""职位代码"":""400110137012"",""机构层级"":""市（地）级"",""考试类别"":""市（地）级及以下直属机构综合管理类"",""招考人数"":""1"",""专业"":""统计学类（统计学、 应用统计学）、数学类（数学与应用数学、信息与计算科学、数理基础科学、数据计算及应用）、计算机科学与技术、软件工程、网络工程"",""学历"":""仅限本科"",""学位"":""学士"",""政治面貌"":""中共党员"",""基层工作最低年限"":""无限制"",""服务基层项目工作经历"":""无限制"",""是否在面试阶段组织专业能力测试"":""否"",""面试人员比例"":""3:1"",""工作地点"":""河北省张家口市桥东区"",""落户地点"":""河北省张家口市桥东区"",""备注"":""应届高校毕业生；须以最高学历所学主修专业报考；本单位最低服务年限为5年(含试用期）。限女性。"",""部门网站"":""无"",""咨询电话1"":""0311-86955093"",""咨询电话2"":""0311-86955963"",""咨询电话3"":""0311-86955089"",""来源Sheet"":""中央国家行政机关参照公务员法管理事业单位""}}"
"government_jobs","国家公务员2026招考简章","公务员/事业单位技术岗位","河北省秦皇岛市海港区","2026-07-28T09:12:58.310295+00:00","秦皇岛调查队综合科室一级科员（1）","国家统计局河北调查总队","","河北省秦皇岛市海港区","公务员/事业单位;2026;computer_software;data_ai;仅限本科;学士;统计学类（统计学、 应用统计学）、软件工程、网络工程;市（地）级及以下直属机构综合管理类","用人司局：国家统计局河北调查总队
职位简介：从事一线统计专业调查、数据处理、统计分析撰写等工作
专业要求：统计学类（统计学、 应用统计学）、软件工程、网络工程
学历要求：仅限本科
学位要求：学士
政治面貌：中共党员
基层工作经历：无限制
考试类别：市（地）级及以下直属机构综合管理类
备注：应届高校毕业生；须以最高学历所学主修专业报考；本单位最低服务年限为5年(含试用期）。限男性。","http://bm.scs.gov.cn/kl2026#137103-400110137013","2025-10-14","{""dataset_year"":2026,""job_uid"":""GOV-2026-137103-400110137013"",""publisher"":""国家公务员局"",""publication_page"":""http://bm.scs.gov.cn/kl2026"",""attachment_url"":""local://2026_guokao_zhaokaojianzhang.zip"",""local_source_file"":""中央机关及其直属机构2026年度考试录用公务员招考简章.xls"",""local_source_sha256"":""2670bae1df1dd07a3a3c79b9db46a11e3bb15a6c9c249e6af98bfd0b61ce3aaf"",""source_sheet"":""中央国家行政机关参照公务员法管理事业单位"",""filter_version"":""government_tech_v2"",""tech_filter"":{""is_tech"":true,""is_core_tech"":true,""scope"":""core"",""categories"":[""computer_software"",""data_ai""],""matched_fields"":[""major"",""description""],""major_terms"":[""网络工程"",""软件工程""],""role_terms"":[""数据处理""],""reason"":""tech_major_and_role""},""original"":{""部门代码"":""137103"",""部门名称"":""国家统计局河北调查总队"",""用人司局"":""国家统计局河北调查总队"",""机构性质"":""中央国家行政机关参照公务员法管理事业单位"",""招考职位"":""秦皇岛调查队综合科室一级科员（1）"",""职位属性"":""普通职位"",""职位分布"":""其他职位"",""职位简介"":""从事一线统计专业调查、数据处理、统计分析撰写等工作"",""职位代码"":""400110137013"",""机构层级"":""市（地）级"",""考试类别"":""市（地）级及以下直属机构综合管理类"",""招考人数"":""1"",""专业"":""统计学类（统计学、 应用统计学）、软件工程、网络工程"",""学历"":""仅限本科"",""学位"":""学士"",""政治面貌"":""中共党员"",""基层工作最低年限"":""无限制"",""服务基层项目工作经历"":""无限制"",""是否在面试阶段组织专业能力测试"":""否"",""面试人员比例"":""3:1"",""工作地点"":""河北省秦皇岛市海港区"",""落户地点"":""河北省秦皇岛市海港区"",""备注"":""应届高校毕业生；须以最高学历所学主修专业报考；本单位最低服务年限为5年(含试用期）。限男性。"",""部门网站"":""无"",""咨询电话1"":""0311-86955093"",""咨询电话2"":""0311-86955963"",""咨询电话3"":""0311-86955089"",""来源Sheet"":""中央国家行政机关参照公务员法管理事业单位""}}"
"government_jobs","国家公务员2026招考简章","公务员/事业单位技术岗位","河北省秦皇岛市海港区","2026-07-28T09:12:58.310295+00:00","秦皇岛调查队综合科室一级科员（2）","国家统计局河北调查总队","","河北省秦皇岛市海港区","公务员/事业单位;2026;computer_software;data_ai;仅限本科;学士;统计学类（统计学、 应用统计学）、软件工程、网络工程;市（地）级及以下直属机构综合管理类","用人司局：国家统计局河北调查总队
职位简介：从事一线统计专业调查、数据处理、统计分析撰写等工作
专业要求：统计学类（统计学、 应用统计学）、软件工程、网络工程
学历要求：仅限本科
学位要求：学士
政治面貌：中共党员
基层工作经历：无限制
考试类别：市（地）级及以下直属机构综合管理类
备注：应届高校毕业生；须以最高学历所学主修专业报考；本单位最低服务年限为5年(含试用期）。限女性。","http://bm.scs.gov.cn/kl2026#137103-400110137014","2025-10-14","{""dataset_year"":2026,""job_uid"":""GOV-2026-137103-400110137014"",""publisher"":""国家公务员局"",""publication_page"":""http://bm.scs.gov.cn/kl2026"",""attachment_url"":""local://2026_guokao_zhaokaojianzhang.zip"",""local_source_file"":""中央机关及其直属机构2026年度考试录用公务员招考简章.xls"",""local_source_sha256"":""2670bae1df1dd07a3a3c79b9db46a11e3bb15a6c9c249e6af98bfd0b61ce3aaf"",""source_sheet"":""中央国家行政机关参照公务员法管理事业单位"",""filter_version"":""government_tech_v2"",""tech_filter"":{""is_tech"":true,""is_core_tech"":true,""scope"":""core"",""categories"":[""computer_software"",""data_ai""],""matched_fields"":[""major"",""description""],""major_terms"":[""网络工程"",""软件工程""],""role_terms"":[""数据处理""],""reason"":""tech_major_and_role""},""original"":{""部门代码"":""137103"",""部门名称"":""国家统计局河北调查总队"",""用人司局"":""国家统计局河北调查总队"",""机构性质"":""中央国家行政机关参照公务员法管理事业单位"",""招考职位"":""秦皇岛调查队综合科室一级科员（2）"",""职位属性"":""普通职位"",""职位分布"":""其他职位"",""职位简介"":""从事一线统计专业调查、数据处理、统计分析撰写等工作"",""职位代码"":""400110137014"",""机构层级"":""市（地）级"",""考试类别"":""市（地）级及以下直属机构综合管理类"",""招考人数"":""1"",""专业"":""统计学类（统计学、 应用统计学）、软件工程、网络工程"",""学历"":""仅限本科"",""学位"":""学士"",""政治面貌"":""中共党员"",""基层工作最低年限"":""无限制"",""服务基层项目工作经历"":""无限制"",""是否在面试阶段组织专业能力测试"":""否"",""面试人员比例"":""3:1"",""工作地点"":""河北省秦皇岛市海港区"",""落户地点"":""河北省秦皇岛市海港区"",""备注"":""应届高校毕业生；须以最高学历所学主修专业报考；本单位最低服务年限为5年(含试用期）。限女性。"",""部门网站"":""无"",""咨询电话1"":""0311-86955093"",""咨询电话2"":""0311-86955963"",""咨询电话3"":""0311-86955089"",""来源Sheet"":""中央国家行政机关参照公务员法管理事业单位""}}"
"government_jobs","国家公务员2026招考简章","公务员/事业单位技术岗位","河北省保定市竞秀区","2026-07-28T09:12:58.310295+00:00","保定调查队业务科室一级科员(1)","国家统计局河北调查总队","","河北省保定市竞秀区","公务员/事业单位;2026;data_ai;仅限本科;学士;数学类（数学与应用数学、信息与计算科学、数理基础科学、数据计算及应用）;市（地）级及以下直属机构综合管理类","用人司局：国家统计局河北调查总队
职位简介：从事一线入户调查、数据处理、统计分析、统计研究等工作
专业要求：数学类（数学与应用数学、信息与计算科学、数理基础科学、数据计算及应用）
学历要求：仅限本科
学位要求：学士
政治面貌：中共党员
基层工作经历：无限制
考试类别：市（地）级及以下直属机构综合管理类
备注：应届高校毕业生；须以最高学历所学主修专业报考；本单位最低服务年限为5年(含试用期）。限男性。","http://bm.scs.gov.cn/kl2026#137103-400110137016","2025-10-14","{""dataset_year"":2026,""job_uid"":""GOV-2026-137103-400110137016"",""publisher"":""国家公务员局"",""publication_page"":""http://bm.scs.gov.cn/kl2026"",""attachment_url"":""local://2026_guokao_zhaokaojianzhang.zip"",""local_source_file"":""中央机关及其直属机构2026年度考试录用公务员招考简章.xls"",""local_source_sha256"":""2670bae1df1dd07a3a3c79b9db46a11e3bb15a6c9c249e6af98bfd0b61ce3aaf"",""source_sheet"":""中央国家行政机关参照公务员法管理事业单位"",""filter_version"":""government_tech_v2"",""tech_filter"":{""is_tech"":true,""is_core_tech"":true,""scope"":""core"",""categories"":[""data_ai""],""matched_fields"":[""description""],""major_terms"":[],""role_terms"":[""数据处理""],""reason"":""tech_role""},""original"":{""部门代码"":""137103"",""部门名称"":""国家统计局河北调查总队"",""用人司局"":""国家统计局河北调查总队"",""机构性质"":""中央国家行政机关参照公务员法管理事业单位"",""招考职位"":""保定调查队业务科室一级科员(1)"",""职位属性"":""普通职位"",""职位分布"":""其他职位"",""职位简介"":""从事一线入户调查、数据处理、统计分析、统计研究等工作"",""职位代码"":""400110137016"",""机构层级"":""市（地）级"",""考试类别"":""市（地）级及以下直属机构综合管理类"",""招考人数"":""1"",""专业"":""数学类（数学与应用数学、信息与计算科学、数理基础科学、数据计算及应用）"",""学历"":""仅限本科"",""学位"":""学士"",""政治面貌"":""中共党员"",""基层工作最低年限"":""无限制"",""服务基层项目工作经历"":""无限制"",""是否在面试阶段组织专业能力测试"":""否"",""面试人员比例"":""3:1"",""工作地点"":""河北省保定市竞秀区"",""落户地点"":""河北省保定市竞秀区"",""备注"":""应届高校毕业生；须以最高学历所学主修专业报考；本单位最低服务年限为5年(含试用期）。限男性。"",""部门网站"":""无"",""咨询电话1"":""0311-86955093"",""咨询电话2"":""0311-86955963"",""咨询电话3"":""0311-86955089"",""来源Sheet"":""中央国家行政机关参照公务员法管理事业单位""}}"
"government_jobs","国家公务员2026招考简章","公务员/事业单位技术岗位","河北省保定市竞秀区","2026-07-28T09:12:58.310295+00:00","保定调查队业务科室一级科员(2)","国家统计局河北调查总队","","河北省保定市竞秀区","公务员/事业单位;2026;data_ai;仅限本科;学士;数学类（数学与应用数学、信息与计算科学、数理基础科学、数据计算及应用）;市（地）级及以下直属机构综合管理类","用人司局：国家统计局河北调查总队
职位简介：从事一线入户调查、数据处理、统计分析、统计研究等工作
专业要求：数学类（数学与应用数学、信息与计算科学、数理基础科学、数据计算及应用）
学历要求：仅限本科
学位要求：学士
政治面貌：中共党员
基层工作经历：无限制
考试类别：市（地）级及以下直属机构综合管理类
备注：应届高校毕业生；须以最高学历所学主修专业报考；本单位最低服务年限为5年(含试用期）。限女性。","http://bm.scs.gov.cn/kl2026#137103-400110137017","2025-10-14","{""dataset_year"":2026,""job_uid"":""GOV-2026-137103-400110137017"",""publisher"":""国家公务员局"",""publication_page"":""http://bm.scs.gov.cn/kl2026"",""attachment_url"":""local://2026_guokao_zhaokaojianzhang.zip"",""local_source_file"":""中央机关及其直属机构2026年度考试录用公务员招考简章.xls"",""local_source_sha256"":""2670bae1df1dd07a3a3c79b9db46a11e3bb15a6c9c249e6af98bfd0b61ce3aaf"",""source_sheet"":""中央国家行政机关参照公务员法管理事业单位"",""filter_version"":""government_tech_v2"",""tech_filter"":{""is_tech"":true,""is_core_tech"":true,""scope"":""core"",""categories"":[""data_ai""],""matched_fields"":[""description""],""major_terms"":[],""role_terms"":[""数据处理""],""reason"":""tech_role""},""original"":{""部门代码"":""137103"",""部门名称"":""国家统计局河北调查总队"",""用人司局"":""国家统计局河北调查总队"",""机构性质"":""中央国家行政机关参照公务员法管理事业单位"",""招考职位"":""保定调查队业务科室一级科员(2)"",""职位属性"":""普通职位"",""职位分布"":""其他职位"",""职位简介"":""从事一线入户调查、数据处理、统计分析、统计研究等工作"",""职位代码"":""400110137017"",""机构层级"":""市（地）级"",""考试类别"":""市（地）级及以下直属机构综合管理类"",""招考人数"":""1"",""专业"":""数学类（数学与应用数学、信息与计算科学、数理基础科学、数据计算及应用）"",""学历"":""仅限本科"",""学位"":""学士"",""政治面貌"":""中共党员"",""基层工作最低年限"":""无限制"",""服务基层项目工作经历"":""无限制"",""是否在面试阶段组织专业能力测试"":""否"",""面试人员比例"":""3:1"",""工作地点"":""河北省保定市竞秀区"",""落户地点"":""河北省保定市竞秀区"",""备注"":""应届高校毕业生；须以最高学历所学主修专业报考；本单位最低服务年限为5年(含试用期）。限女性。"",""部门网站"":""无"",""咨询电话1"":""0311-86955093"",""咨询电话2"":""0311-86955963"",""咨询电话3"":""0311-86955089"",""来源Sheet"":""中央国家行政机关参照公务员法管理事业单位""}}"
"government_jobs","国家公务员2026招考简章","公务员/事业单位技术岗位","河北省石家庄市栾城区","2026-07-28T09:12:58.310295+00:00","栾城调查队一级科员","国家统计局河北调查总队","","河北省石家庄市栾城区","公务员/事业单位;2026;computer_software;data_ai;仅限本科;学士;计算机科学与技术、软件工程、网络工程;市（地）级及以下直属机构综合管理类","用人司局：国家统计局河北调查总队
职位简介：从事一线入户调查、数据处理、统计分析、统计研究、公文处理等工作
专业要求：计算机科学与技术、软件工程、网络工程
学历要求：仅限本科
学位要求：学士
政治面貌：中共党员
基层工作经历：无限制
考试类别：市（地）级及以下直属机构综合管理类
备注：应届高校毕业生；须以最高学历所学主修专业报考；本单位最低服务年限为5年(含试用期）。","http://bm.scs.gov.cn/kl2026#137103-400110137019","2025-10-14","{""dataset_year"":2026,""job_uid"":""GOV-2026-137103-400110137019"",""publisher"":""国家公务员局"",""publication_page"":""http://bm.scs.gov.cn/kl2026"",""attachment_url"":""local://2026_guokao_zhaokaojianzhang.zip"",""local_source_file"":""中央机关及其直属机构2026年度考试录用公务员招考简章.xls"",""local_source_sha256"":""2670bae1df1dd07a3a3c79b9db46a11e3bb15a6c9c249e6af98bfd0b61ce3aaf"",""source_sheet"":""中央国家行政机关参照公务员法管理事业单位"",""filter_version"":""government_tech_v2"",""tech_filter"":{""is_tech"":true,""is_core_tech"":true,""scope"":""core"",""categories"":[""computer_software"",""data_ai""],""matched_fields"":[""major"",""description""],""major_terms"":[""网络工程"",""计算机科学与技术"",""软件工程""],""role_terms"":[""数据处理""],""reason"":""tech_major_and_role""},""original"":{""部门代码"":""137103"",""部门名称"":""国家统计局河北调查总队"",""用人司局"":""国家统计局河北调查总队"",""机构性质"":""中央国家行政机关参照公务员法管理事业单位"",""招考职位"":""栾城调查队一级科员"",""职位属性"":""普通职位"",""职位分布"":""其他职位"",""职位简介"":""从事一线入户调查、数据处理、统计分析、统计研究、公文处理等工作"",""职位代码"":""400110137019"",""机构层级"":""县（区）级及以下"",""考试类别"":""市（地）级及以下直属机构综合管理类"",""招考人数"":""1"",""专业"":""计算机科学与技术、软件工程、网络工程"",""学历"":""仅限本科"",""学位"":""学士"",""政治面貌"":""中共党员"",""基层工作最低年限"":""无限制"",""服务基层项目工作经历"":""无限制"",""是否在面试阶段组织专业能力测试"":""否"",""面试人员比例"":""3:1"",""工作地点"":""河北省石家庄市栾城区"",""落户地点"":""河北省石家庄市栾城区"",""备注"":""应届高校毕业生；须以最高学历所学主修专业报考；本单位最低服务年限为5年(含试用期）。"",""部门网站"":""无"",""咨询电话1"":""0311-86955093"",""咨询电话2"":""0311-86955963"",""咨询电话3"":""0311-86955089"",""来源Sheet"":""中央国家行政机关参照公务员法管理事业单位""}}"
"government_jobs","国家公务员2026招考简章","公务员/事业单位技术岗位","河北省张家口市张北县","2026-07-28T09:12:58.310295+00:00","张北调查队一级科员","国家统计局河北调查总队","","河北省张家口市张北县","公务员/事业单位;2026;computer_software;data_ai;仅限本科;学士;计算机科学与技术、软件工程、网络工程、统计学类（统计学、 应用统计学）;市（地）级及以下直属机构综合管理类","用人司局：国家统计局河北调查总队
职位简介：从事信息化建设、数据处理、统计调查业务等工作
专业要求：计算机科学与技术、软件工程、网络工程、统计学类（统计学、 应用统计学）
学历要求：仅限本科
学位要求：学士
政治面貌：中共党员
基层工作经历：二年
考试类别：市（地）级及以下直属机构综合管理类
备注：须以最高学历所学主修专业报考；“三支一扶”计划服务期满且考核合格；本单位最低服务年限为5年(含试用期）；经常下乡，条件艰苦。","http://bm.scs.gov.cn/kl2026#137103-400110137020","2025-10-14","{""dataset_year"":2026,""job_uid"":""GOV-2026-137103-400110137020"",""publisher"":""国家公务员局"",""publication_page"":""http://bm.scs.gov.cn/kl2026"",""attachment_url"":""local://2026_guokao_zhaokaojianzhang.zip"",""local_source_file"":""中央机关及其直属机构2026年度考试录用公务员招考简章.xls"",""local_source_sha256"":""2670bae1df1dd07a3a3c79b9db46a11e3bb15a6c9c249e6af98bfd0b61ce3aaf"",""source_sheet"":""中央国家行政机关参照公务员法管理事业单位"",""filter_version"":""government_tech_v2"",""tech_filter"":{""is_tech"":true,""is_core_tech"":true,""scope"":""core"",""categories"":[""computer_software"",""data_ai""],""matched_fields"":[""major"",""description""],""major_terms"":[""网络工程"",""计算机科学与技术"",""软件工程""],""role_terms"":[""信息化"",""数据处理""],""reason"":""tech_major_and_role""},""original"":{""部门代码"":""137103"",""部门名称"":""国家统计局河北调查总队"",""用人司局"":""国家统计局河北调查总队"",""机构性质"":""中央国家行政机关参照公务员法管理事业单位"",""招考职位"":""张北调查队一级科员"",""职位属性"":""普通职位"",""职位分布"":""其他职位"",""职位简介"":""从事信息化建设、数据处理、统计调查业务等工作"",""职位代码"":""400110137020"",""机构层级"":""县（区）级及以下"",""考试类别"":""市（地）级及以下直属机构综合管理类"",""招考人数"":""1"",""专业"":""计算机科学与技术、软件工程、网络工程、统计学类（统计学、 应用统计学）"",""学历"":""仅限本科"",""学位"":""学士"",""政治面貌"":""中共党员"",""基层工作最低年限"":""二年"",""服务基层项目工作经历"":""“三支一扶”计划"",""是否在面试阶段组织专业能力测试"":""否"",""面试人员比例"":""3:1"",""工作地点"":""河北省张家口市张北县"",""落户地点"":""河北省张家口市张北县"",""备注"":""须以最高学历所学主修专业报考；“三支一扶”计划服务期满且考核合格；本单位最低服务年限为5年(含试用期）；经常下乡，条件艰苦。"",""部门网站"":""无"",""咨询电话1"":""0311-86955093"",""咨询电话2"":""0311-86955963"",""咨询电话3"":""0311-86955089"",""来源Sheet"":""中央国家行政机关参照公务员法管理事业单位""}}"
"government_jobs","国家公务员2026招考简章","公务员/事业单位技术岗位","河北省张家口市沽源县","2026-07-28T09:12:58.310295+00:00","沽源调查队一级科员","国家统计局河北调查总队","","河北省张家口市沽源县","公务员/事业单位;2026;computer_software;data_ai;仅限本科;学士;计算机科学与技术、软件工程、网络工程、统计学类（统计学、 应用统计学）;市（地）级及以下直属机构综合管理类","用人司局：国家统计局河北调查总队
职位简介：从事一线入户调查、数据处理、统计分析、统计研究、公文处理等工作
专业要求：计算机科学与技术、软件工程、网络工程、统计学类（统计学、 应用统计学）
学历要求：仅限本科
学位要求：学士
政治面貌：中共党员
基层工作经历：二年
考试类别：市（地）级及以下直属机构综合管理类
备注：须以最高学历所学主修专业报考；“三支一扶”计划服务期满且考核合格；本单位最低服务年限为5年(含试用期）；经常下乡，条件艰苦。","http://bm.scs.gov.cn/kl2026#137103-400110137021","2025-10-14","{""dataset_year"":2026,""job_uid"":""GOV-2026-137103-400110137021"",""publisher"":""国家公务员局"",""publication_page"":""http://bm.scs.gov.cn/kl2026"",""attachment_url"":""local://2026_guokao_zhaokaojianzhang.zip"",""local_source_file"":""中央机关及其直属机构2026年度考试录用公务员招考简章.xls"",""local_source_sha256"":""2670bae1df1dd07a3a3c79b9db46a11e3bb15a6c9c249e6af98bfd0b61ce3aaf"",""source_sheet"":""中央国家行政机关参照公务员法管理事业单位"",""filter_version"":""government_tech_v2"",""tech_filter"":{""is_tech"":true,""is_core_tech"":true,""scope"":""core"",""categories"":[""computer_software"",""data_ai""],""matched_fields"":[""major"",""description""],""major_terms"":[""网络工程"",""计算机科学与技术"",""软件工程""],""role_terms"":[""数据处理""],""reason"":""tech_major_and_role""},""original"":{""部门代码"":""137103"",""部门名称"":""国家统计局河北调查总队"",""用人司局"":""国家统计局河北调查总队"",""机构性质"":""中央国家行政机关参照公务员法管理事业单位"",""招考职位"":""沽源调查队一级科员"",""职位属性"":""普通职位"",""职位分布"":""其他职位"",""职位简介"":""从事一线入户调查、数据处理、统计分析、统计研究、公文处理等工作"",""职位代码"":""400110137021"",""机构层级"":""县（区）级及以下"",""考试类别"":""市（地）级及以下直属机构综合管理类"",""招考人数"":""1"",""专业"":""计算机科学与技术、软件工程、网络工程、统计学类（统计学、 应用统计学）"",""学历"":""仅限本科"",""学位"":""学士"",""政治面貌"":""中共党员"",""基层工作最低年限"":""二年"",""服务基层项目工作经历"":""“三支一扶”计划"",""是否在面试阶段组织专业能力测试"":""否"",""面试人员比例"":""3:1"",""工作地点"":""河北省张家口市沽源县"",""落户地点"":""河北省张家口市沽源县"",""备注"":""须以最高学历所学主修专业报考；“三支一扶”计划服务期满且考核合格；本单位最低服务年限为5年(含试用期）；经常下乡，条件艰苦。"",""部门网站"":""无"",""咨询电话1"":""0311-86955093"",""咨询电话2"":""0311-86955963"",""咨询电话3"":""0311-86955089"",""来源Sheet"":""中央国家行政机关参照公务员法管理事业单位""}}"
"government_jobs","国家公务员2026招考简章","公务员/事业单位技术岗位","河北省张家口市蔚县","2026-07-28T09:12:58.310295+00:00","蔚县调查队一级科员","国家统计局河北调查总队","","河北省张家口市蔚县","公务员/事业单位;2026;computer_software;data_ai;仅限本科;学士;计算机科学与技术、软件工程、网络工程、统计学类（统计学、 应用统计学）;市（地）级及以下直属机构综合管理类","用人司局：国家统计局河北调查总队
职位简介：从事一线入户调查、数据处理、统计分析、统计研究、公文处理等工作
专业要求：计算机科学与技术、软件工程、网络工程、统计学类（统计学、 应用统计学）
学历要求：仅限本科
学位要求：学士
政治面貌：中共党员
基层工作经历：无限制
考试类别：市（地）级及以下直属机构综合管理类
备注：应届高校毕业生，须以最高学历所学主修专业报考；本单位最低服务年限为5年(含试用期）；经常下乡，条件艰苦。","http://bm.scs.gov.cn/kl2026#137103-400110137022","2025-10-14","{""dataset_year"":2026,""job_uid"":""GOV-2026-137103-400110137022"",""publisher"":""国家公务员局"",""publication_page"":""http://bm.scs.gov.cn/kl2026"",""attachment_url"":""local://2026_guokao_zhaokaojianzhang.zip"",""local_source_file"":""中央机关及其直属机构2026年度考试录用公务员招考简章.xls"",""local_source_sha256"":""2670bae1df1dd07a3a3c79b9db46a11e3bb15a6c9c249e6af98bfd0b61ce3aaf"",""source_sheet"":""中央国家行政机关参照公务员法管理事业单位"",""filter_version"":""government_tech_v2"",""tech_filter"":{""is_tech"":true,""is_core_tech"":true,""scope"":""core"",""categories"":[""computer_software"",""data_ai""],""matched_fields"":[""major"",""description""],""major_terms"":[""网络工程"",""计算机科学与技术"",""软件工程""],""role_terms"":[""数据处理""],""reason"":""tech_major_and_role""},""original"":{""部门代码"":""137103"",""部门名称"":""国家统计局河北调查总队"",""用人司局"":""国家统计局河北调查总队"",""机构性质"":""中央国家行政机关参照公务员法管理事业单位"",""招考职位"":""蔚县调查队一级科员"",""职位属性"":""普通职位"",""职位分布"":""其他职位"",""职位简介"":""从事一线入户调查、数据处理、统计分析、统计研究、公文处理等工作"",""职位代码"":""400110137022"",""机构层级"":""县（区）级及以下"",""考试类别"":""市（地）级及以下直属机构综合管理类"",""招考人数"":""1"",""专业"":""计算机科学与技术、软件工程、网络工程、统计学类（统计学、 应用统计学）"",""学历"":""仅限本科"",""学位"":""学士"",""政治面貌"":""中共党员"",""基层工作最低年限"":""无限制"",""服务基层项目工作经历"":""无限制"",""是否在面试阶段组织专业能力测试"":""否"",""面试人员比例"":""3:1"",""工作地点"":""河北省张家口市蔚县"",""落户地点"":""河北省张家口市蔚县"",""备注"":""应届高校毕业生，须以最高学历所学主修专业报考；本单位最低服务年限为5年(含试用期）；经常下乡，条件艰苦。"",""部门网站"":""无"",""咨询电话1"":""0311-86955093"",""咨询电话2"":""0311-86955963"",""咨询电话3"":""0311-86955089"",""来源Sheet"":""中央国家行政机关参照公务员法管理事业单位""}}"
"government_jobs","国家公务员2026招考简章","公务员/事业单位技术岗位","河北省唐山市丰润区","2026-07-28T09:12:58.310295+00:00","丰润调查队一级科员","国家统计局河北调查总队","","河北省唐山市丰润区","公务员/事业单位;2026;computer_software;data_ai;仅限本科;学士;统计学类（统计学、 应用统计学）、软件工程、网络工程;市（地）级及以下直属机构综合管理类","用人司局：国家统计局河北调查总队
职位简介：从事一线统计专业调查、数据处理、统计分析撰写等工作
专业要求：统计学类（统计学、 应用统计学）、软件工程、网络工程
学历要求：仅限本科
学位要求：学士
政治面貌：中共党员
基层工作经历：无限制
考试类别：市（地）级及以下直属机构综合管理类
备注：应届高校毕业生；须以最高学历所学主修专业报考；本单位最低服务年限为5年(含试用期）。","http://bm.scs.gov.cn/kl2026#137103-400110137024","2025-10-14","{""dataset_year"":2026,""job_uid"":""GOV-2026-137103-400110137024"",""publisher"":""国家公务员局"",""publication_page"":""http://bm.scs.gov.cn/kl2026"",""attachment_url"":""local://2026_guokao_zhaokaojianzhang.zip"",""local_source_file"":""中央机关及其直属机构2026年度考试录用公务员招考简章.xls"",""local_source_sha256"":""2670bae1df1dd07a3a3c79b9db46a11e3bb15a6c9c249e6af98bfd0b61ce3aaf"",""source_sheet"":""中央国家行政机关参照公务员法管理事业单位"",""filter_version"":""government_tech_v2"",""tech_filter"":{""is_tech"":true,""is_core_tech"":true,""scope"":""core"",""categories"":[""computer_software"",""data_ai""],""matched_fields"":[""major"",""description""],""major_terms"":[""网络工程"",""软件工程""],""role_terms"":[""数据处理""],""reason"":""tech_major_and_role""},""original"":{""部门代码"":""137103"",""部门名称"":""国家统计局河北调查总队"",""用人司局"":""国家统计局河北调查总队"",""机构性质"":""中央国家行政机关参照公务员法管理事业单位"",""招考职位"":""丰润调查队一级科员"",""职位属性"":""普通职位"",""职位分布"":""其他职位"",""职位简介"":""从事一线统计专业调查、数据处理、统计分析撰写等工作"",""职位代码"":""400110137024"",""机构层级"":""县（区）级及以下"",""考试类别"":""市（地）级及以下直属机构综合管理类"",""招考人数"":""1"",""专业"":""统计学类（统计学、 应用统计学）、软件工程、网络工程"",""学历"":""仅限本科"",""学位"":""学士"",""政治面貌"":""中共党员"",""基层工作最低年限"":""无限制"",""服务基层项目工作经历"":""无限制"",""是否在面试阶段组织专业能力测试"":""否"",""面试人员比例"":""3:1"",""工作地点"":""河北省唐山市丰润区"",""落户地点"":""河北省唐山市丰润区"",""备注"":""应届高校毕业生；须以最高学历所学主修专业报考；本单位最低服务年限为5年(含试用期）。"",""部门网站"":""无"",""咨询电话1"":""0311-86955093"",""咨询电话2"":""0311-86955963"",""咨询电话3"":""0311-86955089"",""来源Sheet"":""中央国家行政机关参照公务员法管理事业单位""}}"
"government_jobs","国家公务员2026招考简章","公务员/事业单位技术岗位","河北省沧州市献县","2026-07-28T09:12:58.310295+00:00","献县调查队一级科员","国家统计局河北调查总队","","河北省沧州市献县","公务员/事业单位;2026;computer_software;data_ai;仅限本科;学士;计算机科学与技术、软件工程、网络工程、统计学类（统计学、 应用统计学）;市（地）级及以下直属机构综合管理类","用人司局：国家统计局河北调查总队
职位简介：从事一线入户调查、数据处理、统计分析、统计研究、公文处理等工作
专业要求：计算机科学与技术、软件工程、网络工程、统计学类（统计学、 应用统计学）
学历要求：仅限本科
学位要求：学士
政治面貌：中共党员
基层工作经历：无限制
考试类别：市（地）级及以下直属机构综合管理类
备注：应届高校毕业生；须以最高学历所学主修专业报考；本单位最低服务年限为5年(含试用期）。","http://bm.scs.gov.cn/kl2026#137103-400110137029","2025-10-14","{""dataset_year"":2026,""job_uid"":""GOV-2026-137103-400110137029"",""publisher"":""国家公务员局"",""publication_page"":""http://bm.scs.gov.cn/kl2026"",""attachment_url"":""local://2026_guokao_zhaokaojianzhang.zip"",""local_source_file"":""中央机关及其直属机构2026年度考试录用公务员招考简章.xls"",""local_source_sha256"":""2670bae1df1dd07a3a3c79b9db46a11e3bb15a6c9c249e6af98bfd0b61ce3aaf"",""source_sheet"":""中央国家行政机关参照公务员法管理事业单位"",""filter_version"":""government_tech_v2"",""tech_filter"":{""is_tech"":true,""is_core_tech"":true,""scope"":""core"",""categories"":[""computer_software"",""data_ai""],""matched_fields"":[""major"",""description""],""major_terms"":[""网络工程"",""计算机科学与技术"",""软件工程""],""role_terms"":[""数据处理""],""reason"":""tech_major_and_role""},""original"":{""部门代码"":""137103"",""部门名称"":""国家统计局河北调查总队"",""用人司局"":""国家统计局河北调查总队"",""机构性质"":""中央国家行政机关参照公务员法管理事业单位"",""招考职位"":""献县调查队一级科员"",""职位属性"":""普通职位"",""职位分布"":""其他职位"",""职位简介"":""从事一线入户调查、数据处理、统计分析、统计研究、公文处理等工作"",""职位代码"":""400110137029"",""机构层级"":""县（区）级及以下"",""考试类别"":""市（地）级及以下直属机构综合管理类"",""招考人数"":""1"",""专业"":""计算机科学与技术、软件工程、网络工程、统计学类（统计学、 应用统计学）"",""学历"":""仅限本科"",""学位"":""学士"",""政治面貌"":""中共党员"",""基层工作最低年限"":""无限制"",""服务基层项目工作经历"":""无限制"",""是否在面试阶段组织专业能力测试"":""否"",""面试人员比例"":""3:1"",""工作地点"":""河北省沧州市献县"",""落户地点"":""河北省沧州市献县"",""备注"":""应届高校毕业生；须以最高学历所学主修专业报考；本单位最低服务年限为5年(含试用期）。"",""部门网站"":""无"",""咨询电话1"":""0311-86955093"",""咨询电话2"":""0311-86955963"",""咨询电话3"":""0311-86955089"",""来源Sheet"":""中央国家行政机关参照公务员法管理事业单位""}}"
"government_jobs","国家公务员2026招考简章","公务员/事业单位技术岗位","河北省沧州市任丘市","2026-07-28T09:12:58.310295+00:00","任丘调查队一级科员(1)","国家统计局河北调查总队","","河北省沧州市任丘市","公务员/事业单位;2026;computer_software;data_ai;仅限本科;学士;计算机科学与技术、软件工程、网络工程、统计学类（统计学、 应用统计学）;市（地）级及以下直属机构综合管理类","用人司局：国家统计局河北调查总队
职位简介：从事一线入户调查、数据处理、统计分析、统计研究、公文处理等工作
专业要求：计算机科学与技术、软件工程、网络工程、统计学类（统计学、 应用统计学）
学历要求：仅限本科
学位要求：学士
政治面貌：中共党员
基层工作经历：无限制
考试类别：市（地）级及以下直属机构综合管理类
备注：应届高校毕业生；须以最高学历所学主修专业报考；本单位最低服务年限为5年（含试用期）；限男性。","http://bm.scs.gov.cn/kl2026#137103-400110137030","2025-10-14","{""dataset_year"":2026,""job_uid"":""GOV-2026-137103-400110137030"",""publisher"":""国家公务员局"",""publication_page"":""http://bm.scs.gov.cn/kl2026"",""attachment_url"":""local://2026_guokao_zhaokaojianzhang.zip"",""local_source_file"":""中央机关及其直属机构2026年度考试录用公务员招考简章.xls"",""local_source_sha256"":""2670bae1df1dd07a3a3c79b9db46a11e3bb15a6c9c249e6af98bfd0b61ce3aaf"",""source_sheet"":""中央国家行政机关参照公务员法管理事业单位"",""filter_version"":""government_tech_v2"",""tech_filter"":{""is_tech"":true,""is_core_tech"":true,""scope"":""core"",""categories"":[""computer_software"",""data_ai""],""matched_fields"":[""major"",""description""],""major_terms"":[""网络工程"",""计算机科学与技术"",""软件工程""],""role_terms"":[""数据处理""],""reason"":""tech_major_and_role""},""original"":{""部门代码"":""137103"",""部门名称"":""国家统计局河北调查总队"",""用人司局"":""国家统计局河北调查总队"",""机构性质"":""中央国家行政机关参照公务员法管理事业单位"",""招考职位"":""任丘调查队一级科员(1)"",""职位属性"":""普通职位"",""职位分布"":""其他职位"",""职位简介"":""从事一线入户调查、数据处理、统计分析、统计研究、公文处理等工作"",""职位代码"":""400110137030"",""机构层级"":""县（区）级及以下"",""考试类别"":""市（地）级及以下直属机构综合管理类"",""招考人数"":""1"",""专业"":""计算机科学与技术、软件工程、网络工程、统计学类（统计学、 应用统计学）"",""学历"":""仅限本科"",""学位"":""学士"",""政治面貌"":""中共党员"",""基层工作最低年限"":""无限制"",""服务基层项目工作经历"":""无限制"",""是否在面试阶段组织专业能力测试"":""否"",""面试人员比例"":""3:1"",""工作地点"":""河北省沧州市任丘市"",""落户地点"":""河北省沧州市任丘市"",""备注"":""应届高校毕业生；须以最高学历所学主修专业报考；本单位最低服务年限为5年（含试用期）；限男性。"",""部门网站"":""无"",""咨询电话1"":""0311-86955093"",""咨询电话2"":""0311-86955963"",""咨询电话3"":""0311-86955089"",""来源Sheet"":""中央国家行政机关参照公务员法管理事业单位""}}"
"government_jobs","国家公务员2026招考简章","公务员/事业单位技术岗位","河北省沧州市任丘市","2026-07-28T09:12:58.310295+00:00","任丘调查队一级科员(2)","国家统计局河北调查总队","","河北省沧州市任丘市","公务员/事业单位;2026;computer_software;data_ai;仅限本科;学士;计算机科学与技术、软件工程、网络工程、统计学类（统计学、 应用统计学）;市（地）级及以下直属机构综合管理类","用人司局：国家统计局河北调查总队
职位简介：从事一线入户调查、数据处理、统计分析、统计研究、公文处理等工作
专业要求：计算机科学与技术、软件工程、网络工程、统计学类（统计学、 应用统计学）
学历要求：仅限本科
学位要求：学士
政治面貌：中共党员
基层工作经历：无限制
考试类别：市（地）级及以下直属机构综合管理类
备注：应届高校毕业生；须以最高学历所学主修专业报考；本单位最低服务年限为5年（含试用期）；限女性。","http://bm.scs.gov.cn/kl2026#137103-400110137031","2025-10-14","{""dataset_year"":2026,""job_uid"":""GOV-2026-137103-400110137031"",""publisher"":""国家公务员局"",""publication_page"":""http://bm.scs.gov.cn/kl2026"",""attachment_url"":""local://2026_guokao_zhaokaojianzhang.zip"",""local_source_file"":""中央机关及其直属机构2026年度考试录用公务员招考简章.xls"",""local_source_sha256"":""2670bae1df1dd07a3a3c79b9db46a11e3bb15a6c9c249e6af98bfd0b61ce3aaf"",""source_sheet"":""中央国家行政机关参照公务员法管理事业单位"",""filter_version"":""government_tech_v2"",""tech_filter"":{""is_tech"":true,""is_core_tech"":true,""scope"":""core"",""categories"":[""computer_software"",""data_ai""],""matched_fields"":[""major"",""description""],""major_terms"":[""网络工程"",""计算机科学与技术"",""软件工程""],""role_terms"":[""数据处理""],""reason"":""tech_major_and_role""},""original"":{""部门代码"":""137103"",""部门名称"":""国家统计局河北调查总队"",""用人司局"":""国家统计局河北调查总队"",""机构性质"":""中央国家行政机关参照公务员法管理事业单位"",""招考职位"":""任丘调查队一级科员(2)"",""职位属性"":""普通职位"",""职位分布"":""其他职位"",""职位简介"":""从事一线入户调查、数据处理、统计分析、统计研究、公文处理等工作"",""职位代码"":""400110137031"",""机构层级"":""县（区）级及以下"",""考试类别"":""市（地）级及以下直属机构综合管理类"",""招考人数"":""1"",""专业"":""计算机科学与技术、软件工程、网络工程、统计学类（统计学、 应用统计学）"",""学历"":""仅限本科"",""学位"":""学士"",""政治面貌"":""中共党员"",""基层工作最低年限"":""无限制"",""服务基层项目工作经历"":""无限制"",""是否在面试阶段组织专业能力测试"":""否"",""面试人员比例"":""3:1"",""工作地点"":""河北省沧州市任丘市"",""落户地点"":""河北省沧州市任丘市"",""备注"":""应届高校毕业生；须以最高学历所学主修专业报考；本单位最低服务年限为5年（含试用期）；限女性。"",""部门网站"":""无"",""咨询电话1"":""0311-86955093"",""咨询电话2"":""0311-86955963"",""咨询电话3"":""0311-86955089"",""来源Sheet"":""中央国家行政机关参照公务员法管理事业单位""}}"
"government_jobs","国家公务员2026招考简章","公务员/事业单位技术岗位","河北省邢台市任泽区","2026-07-28T09:12:58.310295+00:00","任泽调查队一级科员","国家统计局河北调查总队","","河北省邢台市任泽区","公务员/事业单位;2026;data_ai;仅限本科;学士;统计学类（统计学、 应用统计学）、数学类（数学与应用数学、信息与计算科学、数理基础科学、数据计算及应用）;市（地）级及以下直属机构综合管理类","用人司局：国家统计局河北调查总队
职位简介：从事一线统计专业调查、数据处理、统计分析撰写等工作
专业要求：统计学类（统计学、 应用统计学）、数学类（数学与应用数学、信息与计算科学、数理基础科学、数据计算及应用）
学历要求：仅限本科
学位要求：学士
政治面貌：中共党员
基层工作经历：无限制
考试类别：市（地）级及以下直属机构综合管理类
备注：应届高校毕业生；须以最高学历所学主修专业报考；本单位最低服务年限为5年(含试用期）。","http://bm.scs.gov.cn/kl2026#137103-400110137035","2025-10-14","{""dataset_year"":2026,""job_uid"":""GOV-2026-137103-400110137035"",""publisher"":""国家公务员局"",""publication_page"":""http://bm.scs.gov.cn/kl2026"",""attachment_url"":""local://2026_guokao_zhaokaojianzhang.zip"",""local_source_file"":""中央机关及其直属机构2026年度考试录用公务员招考简章.xls"",""local_source_sha256"":""2670bae1df1dd07a3a3c79b9db46a11e3bb15a6c9c249e6af98bfd0b61ce3aaf"",""source_sheet"":""中央国家行政机关参照公务员法管理事业单位"",""filter_version"":""government_tech_v2"",""tech_filter"":{""is_tech"":true,""is_core_tech"":true,""scope"":""core"",""categories"":[""data_ai""],""matched_fields"":[""description""],""major_terms"":[],""role_terms"":[""数据处理""],""reason"":""tech_role""},""original"":{""部门代码"":""137103"",""部门名称"":""国家统计局河北调查总队"",""用人司局"":""国家统计局河北调查总队"",""机构性质"":""中央国家行政机关参照公务员法管理事业单位"",""招考职位"":""任泽调查队一级科员"",""职位属性"":""普通职位"",""职位分布"":""其他职位"",""职位简介"":""从事一线统计专业调查、数据处理、统计分析撰写等工作"",""职位代码"":""400110137035"",""机构层级"":""县（区）级及以下"",""考试类别"":""市（地）级及以下直属机构综合管理类"",""招考人数"":""1"",""专业"":""统计学类（统计学、 应用统计学）、数学类（数学与应用数学、信息与计算科学、数理基础科学、数据计算及应用）"",""学历"":""仅限本科"",""学位"":""学士"",""政治面貌"":""中共党员"",""基层工作最低年限"":""无限制"",""服务基层项目工作经历"":""无限制"",""是否在面试阶段组织专业能力测试"":""否"",""面试人员比例"":""3:1"",""工作地点"":""河北省邢台市任泽区"",""落户地点"":""河北省邢台市任泽区"",""备注"":""应届高校毕业生；须以最高学历所学主修专业报考；本单位最低服务年限为5年(含试用期）。"",""部门网站"":""无"",""咨询电话1"":""0311-86955093"",""咨询电话2"":""0311-86955963"",""咨询电话3"":""0311-86955089"",""来源Sheet"":""中央国家行政机关参照公务员法管理事业单位""}}"
"government_jobs","国家公务员2026招考简章","公务员/事业单位技术岗位","河北省邯郸市武安市","2026-07-28T09:12:58.310295+00:00","武安调查队一级科员","国家统计局河北调查总队","","河北省邯郸市武安市","公务员/事业单位;2026;computer_software;data_ai;仅限本科;学士;统计学类（统计学、 应用统计学）、软件工程、网络工程;市（地）级及以下直属机构综合管理类","用人司局：国家统计局河北调查总队
职位简介：从事一线统计专业调查、数据处理、统计分析撰写等工作
专业要求：统计学类（统计学、 应用统计学）、软件工程、网络工程
学历要求：仅限本科
学位要求：学士
政治面貌：中共党员
基层工作经历：无限制
考试类别：市（地）级及以下直属机构综合管理类
备注：应届高校毕业生；须以最高学历所学主修专业报考；本单位最低服务年限为5年(含试用期）。","http://bm.scs.gov.cn/kl2026#137103-400110137037","2025-10-14","{""dataset_year"":2026,""job_uid"":""GOV-2026-137103-400110137037"",""publisher"":""国家公务员局"",""publication_page"":""http://bm.scs.gov.cn/kl2026"",""attachment_url"":""local://2026_guokao_zhaokaojianzhang.zip"",""local_source_file"":""中央机关及其直属机构2026年度考试录用公务员招考简章.xls"",""local_source_sha256"":""2670bae1df1dd07a3a3c79b9db46a11e3bb15a6c9c249e6af98bfd0b61ce3aaf"",""source_sheet"":""中央国家行政机关参照公务员法管理事业单位"",""filter_version"":""government_tech_v2"",""tech_filter"":{""is_tech"":true,""is_core_tech"":true,""scope"":""core"",""categories"":[""computer_software"",""data_ai""],""matched_fields"":[""major"",""description""],""major_terms"":[""网络工程"",""软件工程""],""role_terms"":[""数据处理""],""reason"":""tech_major_and_role""},""original"":{""部门代码"":""137103"",""部门名称"":""国家统计局河北调查总队"",""用人司局"":""国家统计局河北调查总队"",""机构性质"":""中央国家行政机关参照公务员法管理事业单位"",""招考职位"":""武安调查队一级科员"",""职位属性"":""普通职位"",""职位分布"":""其他职位"",""职位简介"":""从事一线统计专业调查、数据处理、统计分析撰写等工作"",""职位代码"":""400110137037"",""机构层级"":""县（区）级及以下"",""考试类别"":""市（地）级及以下直属机构综合管理类"",""招考人数"":""1"",""专业"":""统计学类（统计学、 应用统计学）、软件工程、网络工程"",""学历"":""仅限本科"",""学位"":""学士"",""政治面貌"":""中共党员"",""基层工作最低年限"":""无限制"",""服务基层项目工作经历"":""无限制"",""是否在面试阶段组织专业能力测试"":""否"",""面试人员比例"":""3:1"",""工作地点"":""河北省邯郸市武安市"",""落户地点"":""河北省邯郸市武安市"",""备注"":""应届高校毕业生；须以最高学历所学主修专业报考；本单位最低服务年限为5年(含试用期）。"",""部门网站"":""无"",""咨询电话1"":""0311-86955093"",""咨询电话2"":""0311-86955963"",""咨询电话3"":""0311-86955089"",""来源Sheet"":""中央国家行政机关参照公务员法管理事业单位""}}"
"government_jobs","国家公务员2026招考简章","公务员/事业单位技术岗位","内蒙古自治区呼和浩特市","2026-07-28T09:12:58.310295+00:00","呼和浩特调查队业务科室四级主任科员（1）","国家统计局内蒙古调查总队","","内蒙古自治区呼和浩特市","公务员/事业单位;2026;computer_software;data_ai;仅限硕士研究生;硕士;理论经济学、应用经济学、应用统计、数字经济、数学、统计学、计算机科学与技术;市（地）级及以下直属机构综合管理类","用人司局：国家统计局内蒙古调查总队
职位简介：从事入户调查、数据处理、统计分析、统计研究等工作
专业要求：理论经济学、应用经济学、应用统计、数字经济、数学、统计学、计算机科学与技术
学历要求：仅限硕士研究生
学位要求：硕士
政治面貌：不限
基层工作经历：无限制
考试类别：市（地）级及以下直属机构综合管理类
备注：1.限女性报考；2.须以最高学历学位主修专业报考，考生报考专业须与招录专业名称一致，各学习阶段均获得相应学历学位；3.仅限应届高校毕业生报考；4.本单位最低服务年限为5年（含试用期）；5.需经常下乡入户，条件较为艰苦。","http://bm.scs.gov.cn/kl2026#137105-400110105001","2025-10-14","{""dataset_year"":2026,""job_uid"":""GOV-2026-137105-400110105001"",""publisher"":""国家公务员局"",""publication_page"":""http://bm.scs.gov.cn/kl2026"",""attachment_url"":""local://2026_guokao_zhaokaojianzhang.zip"",""local_source_file"":""中央机关及其直属机构2026年度考试录用公务员招考简章.xls"",""local_source_sha256"":""2670bae1df1dd07a3a3c79b9db46a11e3bb15a6c9c249e6af98bfd0b61ce3aaf"",""source_sheet"":""中央国家行政机关参照公务员法管理事业单位"",""filter_version"":""government_tech_v2"",""tech_filter"":{""is_tech"":true,""is_core_tech"":true,""scope"":""core"",""categories"":[""computer_software"",""data_ai""],""matched_fields"":[""major"",""description""],""major_terms"":[""计算机科学与技术""],""role_terms"":[""数据处理""],""reason"":""tech_major_and_role""},""original"":{""部门代码"":""137105"",""部门名称"":""国家统计局内蒙古调查总队"",""用人司局"":""国家统计局内蒙古调查总队"",""机构性质"":""中央国家行政机关参照公务员法管理事业单位"",""招考职位"":""呼和浩特调查队业务科室四级主任科员（1）"",""职位属性"":""普通职位"",""职位分布"":""西部地区和艰苦边远地区职位"",""职位简介"":""从事入户调查、数据处理、统计分析、统计研究等工作"",""职位代码"":""400110105001"",""机构层级"":""市（地）级"",""考试类别"":""市（地）级及以下直属机构综合管理类"",""招考人数"":""1"",""专业"":""理论经济学、应用经济学、应用统计、数字经济、数学、统计学、计算机科学与技术"",""学历"":""仅限硕士研究生"",""学位"":""硕士"",""政治面貌"":""不限"",""基层工作最低年限"":""无限制"",""服务基层项目工作经历"":""无限制"",""是否在面试阶段组织专业能力测试"":""否"",""面试人员比例"":""3:1"",""工作地点"":""内蒙古自治区呼和浩特市"",""落户地点"":""内蒙古自治区呼和浩特市"",""备注"":""1.限女性报考；2.须以最高学历学位主修专业报考，考生报考专业须与招录专业名称一致，各学习阶段均获得相应学历学位；3.仅限应届高校毕业生报考；4.本单位最低服务年限为5年（含试用期）；5.需经常下乡入户，条件较为艰苦。"",""部门网站"":""无"",""咨询电话1"":""04714938385"",""咨询电话2"":""04714963756"",""咨询电话3"":"""",""来源Sheet"":""中央国家行政机关参照公务员法管理事业单位""}}"
"government_jobs","国家公务员2026招考简章","公务员/事业单位技术岗位","内蒙古自治区呼和浩特市","2026-07-28T09:12:58.310295+00:00","呼和浩特调查队业务科室四级主任科员（2）","国家统计局内蒙古调查总队","","内蒙古自治区呼和浩特市","公务员/事业单位;2026;computer_software;data_ai;仅限硕士研究生;硕士;理论经济学、应用经济学、应用统计、数字经济、数学、统计学、计算机科学与技术;市（地）级及以下直属机构综合管理类","用人司局：国家统计局内蒙古调查总队
职位简介：从事入户调查、数据处理、统计分析、统计研究等工作
专业要求：理论经济学、应用经济学、应用统计、数字经济、数学、统计学、计算机科学与技术
学历要求：仅限硕士研究生
学位要求：硕士
政治面貌：不限
基层工作经历：无限制
考试类别：市（地）级及以下直属机构综合管理类
备注：1.限男性报考；2.须以最高学历学位主修专业报考，考生报考专业须与招录专业名称一致，各学习阶段均获得相应学历学位；3.仅限应届高校毕业生报考；4.本单位最低服务年限为5年（含试用期）；5.需经常下乡入户，条件较为艰苦。","http://bm.scs.gov.cn/kl2026#137105-400110105002","2025-10-14","{""dataset_year"":2026,""job_uid"":""GOV-2026-137105-400110105002"",""publisher"":""国家公务员局"",""publication_page"":""http://bm.scs.gov.cn/kl2026"",""attachment_url"":""local://2026_guokao_zhaokaojianzhang.zip"",""local_source_file"":""中央机关及其直属机构2026年度考试录用公务员招考简章.xls"",""local_source_sha256"":""2670bae1df1dd07a3a3c79b9db46a11e3bb15a6c9c249e6af98bfd0b61ce3aaf"",""source_sheet"":""中央国家行政机关参照公务员法管理事业单位"",""filter_version"":""government_tech_v2"",""tech_filter"":{""is_tech"":true,""is_core_tech"":true,""scope"":""core"",""categories"":[""computer_software"",""data_ai""],""matched_fields"":[""major"",""description""],""major_terms"":[""计算机科学与技术""],""role_terms"":[""数据处理""],""reason"":""tech_major_and_role""},""original"":{""部门代码"":""137105"",""部门名称"":""国家统计局内蒙古调查总队"",""用人司局"":""国家统计局内蒙古调查总队"",""机构性质"":""中央国家行政机关参照公务员法管理事业单位"",""招考职位"":""呼和浩特调查队业务科室四级主任科员（2）"",""职位属性"":""普通职位"",""职位分布"":""西部地区和艰苦边远地区职位"",""职位简介"":""从事入户调查、数据处理、统计分析、统计研究等工作"",""职位代码"":""400110105002"",""机构层级"":""市（地）级"",""考试类别"":""市（地）级及以下直属机构综合管理类"",""招考人数"":""1"",""专业"":""理论经济学、应用经济学、应用统计、数字经济、数学、统计学、计算机科学与技术"",""学历"":""仅限硕士研究生"",""学位"":""硕士"",""政治面貌"":""不限"",""基层工作最低年限"":""无限制"",""服务基层项目工作经历"":""无限制"",""是否在面试阶段组织专业能力测试"":""否"",""面试人员比例"":""3:1"",""工作地点"":""内蒙古自治区呼和浩特市"",""落户地点"":""内蒙古自治区呼和浩特市"",""备注"":""1.限男性报考；2.须以最高学历学位主修专业报考，考生报考专业须与招录专业名称一致，各学习阶段均获得相应学历学位；3.仅限应届高校毕业生报考；4.本单位最低服务年限为5年（含试用期）；5.需经常下乡入户，条件较为艰苦。"",""部门网站"":""无"",""咨询电话1"":""04714938385"",""咨询电话2"":""04714963756"",""咨询电话3"":"""",""来源Sheet"":""中央国家行政机关参照公务员法管理事业单位""}}"
"government_jobs","国家公务员2026招考简章","公务员/事业单位技术岗位","内蒙古自治区鄂尔多斯市","2026-07-28T09:12:58.310295+00:00","鄂尔多斯调查队业务科室四级主任科员","国家统计局内蒙古调查总队","","内蒙古自治区鄂尔多斯市","公务员/事业单位;2026;computer_software;data_ai;仅限硕士研究生;硕士;理论经济学、应用经济学、应用统计、数字经济、数学、统计学、计算机科学与技术;市（地）级及以下直属机构综合管理类","用人司局：国家统计局内蒙古调查总队
职位简介：从事入户调查、数据处理、统计分析、统计研究等工作
专业要求：理论经济学、应用经济学、应用统计、数字经济、数学、统计学、计算机科学与技术
学历要求：仅限硕士研究生
学位要求：硕士
政治面貌：不限
基层工作经历：无限制
考试类别：市（地）级及以下直属机构综合管理类
备注：1.须以最高学历学位主修专业报考，考生报考专业须与招录专业名称一致，各学习阶段均获得相应学历学位；2.仅限应届高校毕业生报考；3.本单位最低服务年限为5年（含试用期）；4.需经常下乡入户，条件较为艰苦。","http://bm.scs.gov.cn/kl2026#137105-400110105005","2025-10-14","{""dataset_year"":2026,""job_uid"":""GOV-2026-137105-400110105005"",""publisher"":""国家公务员局"",""publication_page"":""http://bm.scs.gov.cn/kl2026"",""attachment_url"":""local://2026_guokao_zhaokaojianzhang.zip"",""local_source_file"":""中央机关及其直属机构2026年度考试录用公务员招考简章.xls"",""local_source_sha256"":""2670bae1df1dd07a3a3c79b9db46a11e3bb15a6c9c249e6af98bfd0b61ce3aaf"",""source_sheet"":""中央国家行政机关参照公务员法管理事业单位"",""filter_version"":""government_tech_v2"",""tech_filter"":{""is_tech"":true,""is_core_tech"":true,""scope"":""core"",""categories"":[""computer_software"",""data_ai""],""matched_fields"":[""major"",""description""],""major_terms"":[""计算机科学与技术""],""role_terms"":[""数据处理""],""reason"":""tech_major_and_role""},""original"":{""部门代码"":""137105"",""部门名称"":""国家统计局内蒙古调查总队"",""用人司局"":""国家统计局内蒙古调查总队"",""机构性质"":""中央国家行政机关参照公务员法管理事业单位"",""招考职位"":""鄂尔多斯调查队业务科室四级主任科员"",""职位属性"":""普通职位"",""职位分布"":""西部地区和艰苦边远地区职位"",""职位简介"":""从事入户调查、数据处理、统计分析、统计研究等工作"",""职位代码"":""400110105005"",""机构层级"":""市（地）级"",""考试类别"":""市（地）级及以下直属机构综合管理类"",""招考人数"":""1"",""专业"":""理论经济学、应用经济学、应用统计、数字经济、数学、统计学、计算机科学与技术"",""学历"":""仅限硕士研究生"",""学位"":""硕士"",""政治面貌"":""不限"",""基层工作最低年限"":""无限制"",""服务基层项目工作经历"":""无限制"",""是否在面试阶段组织专业能力测试"":""否"",""面试人员比例"":""3:1"",""工作地点"":""内蒙古自治区鄂尔多斯市"",""落户地点"":""内蒙古自治区鄂尔多斯市"",""备注"":""1.须以最高学历学位主修专业报考，考生报考专业须与招录专业名称一致，各学习阶段均获得相应学历学位；2.仅限应届高校毕业生报考；3.本单位最低服务年限为5年（含试用期）；4.需经常下乡入户，条件较为艰苦。"",""部门网站"":""无"",""咨询电话1"":""04714938385"",""咨询电话2"":""04714963756"",""咨询电话3"":"""",""来源Sheet"":""中央国家行政机关参照公务员法管理事业单位""}}"
"government_jobs","国家公务员2026招考简章","公务员/事业单位技术岗位","内蒙古自治区乌海市","2026-07-28T09:12:58.310295+00:00","乌海调查队业务科室一级科员（3）","国家统计局内蒙古调查总队","","内蒙古自治区乌海市","公务员/事业单位;2026;computer_software;cybersecurity_cryptography;data_ai;仅限本科;学士;统计学类、数学类、计算机类（不含电影制作、保密技术、虚拟现实技术、密码科学与技术专业）、经济学类、中国语言文学类（不含汉语国际教育、中国少数民族语言文学、手语翻译专业）;市（地）级及以下直属机构综合管理类","用人司局：国家统计局内蒙古调查总队
职位简介：从事入户调查、数据处理、统计分析、统计研究等工作
专业要求：统计学类、数学类、计算机类（不含电影制作、保密技术、虚拟现实技术、密码科学与技术专业）、经济学类、中国语言文学类（不含汉语国际教育、中国少数民族语言文学、手语翻译专业）
学历要求：仅限本科
学位要求：学士
政治面貌：不限
基层工作经历：二年
考试类别：市（地）级及以下直属机构综合管理类
备注：1.须以最高学历学位主修专业报考，考生报考专业须与招录专业名称一致；2.大学生村官、“三支一扶”计划、大学生志愿服务西部计划服务期满且考核合格；3.本单位最低服务年限为5年（含试用期）；4.需经常下乡入户，条件较为艰苦；5.本职位专业要求均为专业目录中的“专业类”，非“专业大类（学科大类）”。","http://bm.scs.gov.cn/kl2026#137105-400110105008","2025-10-14","{""dataset_year"":2026,""job_uid"":""GOV-2026-137105-400110105008"",""publisher"":""国家公务员局"",""publication_page"":""http://bm.scs.gov.cn/kl2026"",""attachment_url"":""local://2026_guokao_zhaokaojianzhang.zip"",""local_source_file"":""中央机关及其直属机构2026年度考试录用公务员招考简章.xls"",""local_source_sha256"":""2670bae1df1dd07a3a3c79b9db46a11e3bb15a6c9c249e6af98bfd0b61ce3aaf"",""source_sheet"":""中央国家行政机关参照公务员法管理事业单位"",""filter_version"":""government_tech_v2"",""tech_filter"":{""is_tech"":true,""is_core_tech"":true,""scope"":""core"",""categories"":[""computer_software"",""cybersecurity_cryptography"",""data_ai""],""matched_fields"":[""major"",""description""],""major_terms"":[""保密技术"",""密码科学"",""密码科学与技术"",""虚拟现实技术"",""计算机类""],""role_terms"":[""数据处理""],""reason"":""tech_major_and_role""},""original"":{""部门代码"":""137105"",""部门名称"":""国家统计局内蒙古调查总队"",""用人司局"":""国家统计局内蒙古调查总队"",""机构性质"":""中央国家行政机关参照公务员法管理事业单位"",""招考职位"":""乌海调查队业务科室一级科员（3）"",""职位属性"":""普通职位"",""职位分布"":""西部地区和艰苦边远地区职位"",""职位简介"":""从事入户调查、数据处理、统计分析、统计研究等工作"",""职位代码"":""400110105008"",""机构层级"":""市（地）级"",""考试类别"":""市（地）级及以下直属机构综合管理类"",""招考人数"":""1"",""专业"":""统计学类、数学类、计算机类（不含电影制作、保密技术、虚拟现实技术、密码科学与技术专业）、经济学类、中国语言文学类（不含汉语国际教育、中国少数民族语言文学、手语翻译专业）"",""学历"":""仅限本科"",""学位"":""学士"",""政治面貌"":""不限"",""基层工作最低年限"":""二年"",""服务基层项目工作经历"":""大学生村官、“三支一扶”计划、大学生志愿服务西部计划"",""是否在面试阶段组织专业能力测试"":""否"",""面试人员比例"":""3:1"",""工作地点"":""内蒙古自治区乌海市"",""落户地点"":""内蒙古自治区乌海市"",""备注"":""1.须以最高学历学位主修专业报考，考生报考专业须与招录专业名称一致；2.大学生村官、“三支一扶”计划、大学生志愿服务西部计划服务期满且考核合格；3.本单位最低服务年限为5年（含试用期）；4.需经常下乡入户，条件较为艰苦；5.本职位专业要求均为专业目录中的“专业类”，非“专业大类（学科大类）”。"",""部门网站"":""无"",""咨询电话1"":""04714938385"",""咨询电话2"":""04714963756"",""咨询电话3"":"""",""来源Sheet"":""中央国家行政机关参照公务员法管理事业单位""}}"
"government_jobs","国家公务员2026招考简章","公务员/事业单位技术岗位","内蒙古自治区通辽市库伦旗","2026-07-28T09:12:58.310295+00:00","库伦调查队一级科员","国家统计局内蒙古调查总队","","内蒙古自治区通辽市库伦旗","公务员/事业单位;2026;computer_software;cybersecurity_cryptography;data_ai;仅限本科;学士;统计学类、数学类、计算机类（不含电影制作、保密技术、虚拟现实技术、密码科学与技术专业）、经济学类、中国语言文学类（不含汉语国际教育、中国少数民族语言文学、手语翻译专业）;市（地）级及以下直属机构综合管理类","用人司局：国家统计局内蒙古调查总队
职位简介：从事一线入户调查、数据处理、统计分析、统计研究等工作
专业要求：统计学类、数学类、计算机类（不含电影制作、保密技术、虚拟现实技术、密码科学与技术专业）、经济学类、中国语言文学类（不含汉语国际教育、中国少数民族语言文学、手语翻译专业）
学历要求：仅限本科
学位要求：学士
政治面貌：不限
基层工作经历：二年
考试类别：市（地）级及以下直属机构综合管理类
备注：1.须以最高学历学位主修专业报考，考生报考专业须与招录专业名称一致；2.大学生村官、“三支一扶”计划、大学生志愿服务西部计划服务期满且考核合格；3.本单位最低服务年限为5年（含试用期）；4.需经常下乡入户，条件较为艰苦；5.本职位专业要求均为专业目录中的“专业类”，非“专业大类（学科大类）”。","http://bm.scs.gov.cn/kl2026#137105-400110105015","2025-10-14","{""dataset_year"":2026,""job_uid"":""GOV-2026-137105-400110105015"",""publisher"":""国家公务员局"",""publication_page"":""http://bm.scs.gov.cn/kl2026"",""attachment_url"":""local://2026_guokao_zhaokaojianzhang.zip"",""local_source_file"":""中央机关及其直属机构2026年度考试录用公务员招考简章.xls"",""local_source_sha256"":""2670bae1df1dd07a3a3c79b9db46a11e3bb15a6c9c249e6af98bfd0b61ce3aaf"",""source_sheet"":""中央国家行政机关参照公务员法管理事业单位"",""filter_version"":""government_tech_v2"",""tech_filter"":{""is_tech"":true,""is_core_tech"":true,""scope"":""core"",""categories"":[""computer_software"",""cybersecurity_cryptography"",""data_ai""],""matched_fields"":[""major"",""description""],""major_terms"":[""保密技术"",""密码科学"",""密码科学与技术"",""虚拟现实技术"",""计算机类""],""role_terms"":[""数据处理""],""reason"":""tech_major_and_role""},""original"":{""部门代码"":""137105"",""部门名称"":""国家统计局内蒙古调查总队"",""用人司局"":""国家统计局内蒙古调查总队"",""机构性质"":""中央国家行政机关参照公务员法管理事业单位"",""招考职位"":""库伦调查队一级科员"",""职位属性"":""普通职位"",""职位分布"":""西部地区和艰苦边远地区职位"",""职位简介"":""从事一线入户调查、数据处理、统计分析、统计研究等工作"",""职位代码"":""400110105015"",""机构层级"":""县（区）级及以下"",""考试类别"":""市（地）级及以下直属机构综合管理类"",""招考人数"":""1"",""专业"":""统计学类、数学类、计算机类（不含电影制作、保密技术、虚拟现实技术、密码科学与技术专业）、经济学类、中国语言文学类（不含汉语国际教育、中国少数民族语言文学、手语翻译专业）"",""学历"":""仅限本科"",""学位"":""学士"",""政治面貌"":""不限"",""基层工作最低年限"":""二年"",""服务基层项目工作经历"":""大学生村官、“三支一扶”计划、大学生志愿服务西部计划"",""是否在面试阶段组织专业能力测试"":""否"",""面试人员比例"":""3:1"",""工作地点"":""内蒙古自治区通辽市库伦旗"",""落户地点"":""内蒙古自治区通辽市库伦旗"",""备注"":""1.须以最高学历学位主修专业报考，考生报考专业须与招录专业名称一致；2.大学生村官、“三支一扶”计划、大学生志愿服务西部计划服务期满且考核合格；3.本单位最低服务年限为5年（含试用期）；4.需经常下乡入户，条件较为艰苦；5.本职位专业要求均为专业目录中的“专业类”，非“专业大类（学科大类）”。"",""部门网站"":""无"",""咨询电话1"":""04714938385"",""咨询电话2"":""04714963756"",""咨询电话3"":"""",""来源Sheet"":""中央国家行政机关参照公务员法管理事业单位""}}"
"government_jobs","国家公务员2026招考简章","公务员/事业单位技术岗位","辽宁省沈阳市皇姑区","2026-07-28T09:12:58.310295+00:00","辽宁调查总队综合处室二级主任科员及以下（1）","国家统计局辽宁调查总队","","辽宁省沈阳市皇姑区","公务员/事业单位;2026;computer_software;cybersecurity_cryptography;data_ai;仅限硕士研究生;硕士;计算机科学与技术类;中央机关及其省级直属机构综合管理类","用人司局：国家统计局辽宁调查总队
职位简介：从事信息化建设、网络安全保障、统计调查、数据处理等工作。
专业要求：计算机科学与技术类
学历要求：仅限硕士研究生
学位要求：硕士
政治面貌：不限
基层工作经历：无限制
考试类别：中央机关及其省级直属机构综合管理类
备注：本单位最低服务年限为5年（含试用期）。","http://bm.scs.gov.cn/kl2026#137106-400110106001","2025-10-14","{""dataset_year"":2026,""job_uid"":""GOV-2026-137106-400110106001"",""publisher"":""国家公务员局"",""publication_page"":""http://bm.scs.gov.cn/kl2026"",""attachment_url"":""local://2026_guokao_zhaokaojianzhang.zip"",""local_source_file"":""中央机关及其直属机构2026年度考试录用公务员招考简章.xls"",""local_source_sha256"":""2670bae1df1dd07a3a3c79b9db46a11e3bb15a6c9c249e6af98bfd0b61ce3aaf"",""source_sheet"":""中央国家行政机关参照公务员法管理事业单位"",""filter_version"":""government_tech_v2"",""tech_filter"":{""is_tech"":true,""is_core_tech"":true,""scope"":""core"",""categories"":[""computer_software"",""cybersecurity_cryptography"",""data_ai""],""matched_fields"":[""major"",""description""],""major_terms"":[""计算机科学与技术""],""role_terms"":[""信息化"",""数据处理"",""网络安全""],""reason"":""tech_major_and_role""},""original"":{""部门代码"":""137106"",""部门名称"":""国家统计局辽宁调查总队"",""用人司局"":""国家统计局辽宁调查总队"",""机构性质"":""中央国家行政机关参照公务员法管理事业单位"",""招考职位"":""辽宁调查总队综合处室二级主任科员及以下（1）"",""职位属性"":""普通职位"",""职位分布"":""其他职位"",""职位简介"":""从事信息化建设、网络安全保障、统计调查、数据处理等工作。"",""职位代码"":""400110106001"",""机构层级"":""省（副省）级"",""考试类别"":""中央机关及其省级直属机构综合管理类"",""招考人数"":""1"",""专业"":""计算机科学与技术类"",""学历"":""仅限硕士研究生"",""学位"":""硕士"",""政治面貌"":""不限"",""基层工作最低年限"":""无限制"",""服务基层项目工作经历"":""无限制"",""是否在面试阶段组织专业能力测试"":""否"",""面试人员比例"":""5:1"",""工作地点"":""辽宁省沈阳市皇姑区"",""落户地点"":""辽宁省沈阳市"",""备注"":""本单位最低服务年限为5年（含试用期）。"",""部门网站"":""无"",""咨询电话1"":""024-86906498"",""咨询电话2"":""024-86906738"",""咨询电话3"":"""",""来源Sheet"":""中央国家行政机关参照公务员法管理事业单位""}}"
"government_jobs","国家公务员2026招考简章","公务员/事业单位技术岗位","辽宁省辽阳市辽阳县","2026-07-28T09:12:58.310295+00:00","辽阳县调查队一级科员","国家统计局辽宁调查总队","","辽宁省辽阳市辽阳县","公务员/事业单位;2026;computer_software;data_ai;仅限本科;学士;计算机类;市（地）级及以下直属机构综合管理类","用人司局：国家统计局辽宁调查总队
职位简介：从事一线入户调查、数据处理、统计分析等工作。
专业要求：计算机类
学历要求：仅限本科
学位要求：学士
政治面貌：不限
基层工作经历：无限制
考试类别：市（地）级及以下直属机构综合管理类
备注：1.招考对象为“应届高校毕业生”；2.本单位最低服务年限为5年（含试用期）。","http://bm.scs.gov.cn/kl2026#137106-400110106042","2025-10-14","{""dataset_year"":2026,""job_uid"":""GOV-2026-137106-400110106042"",""publisher"":""国家公务员局"",""publication_page"":""http://bm.scs.gov.cn/kl2026"",""attachment_url"":""local://2026_guokao_zhaokaojianzhang.zip"",""local_source_file"":""中央机关及其直属机构2026年度考试录用公务员招考简章.xls"",""local_source_sha256"":""2670bae1df1dd07a3a3c79b9db46a11e3bb15a6c9c249e6af98bfd0b61ce3aaf"",""source_sheet"":""中央国家行政机关参照公务员法管理事业单位"",""filter_version"":""government_tech_v2"",""tech_filter"":{""is_tech"":true,""is_core_tech"":true,""scope"":""core"",""categories"":[""computer_software"",""data_ai""],""matched_fields"":[""major"",""description""],""major_terms"":[""计算机类""],""role_terms"":[""数据处理""],""reason"":""tech_major_and_role""},""original"":{""部门代码"":""137106"",""部门名称"":""国家统计局辽宁调查总队"",""用人司局"":""国家统计局辽宁调查总队"",""机构性质"":""中央国家行政机关参照公务员法管理事业单位"",""招考职位"":""辽阳县调查队一级科员"",""职位属性"":""普通职位"",""职位分布"":""其他职位"",""职位简介"":""从事一线入户调查、数据处理、统计分析等工作。"",""职位代码"":""400110106042"",""机构层级"":""县（区）级及以下"",""考试类别"":""市（地）级及以下直属机构综合管理类"",""招考人数"":""1"",""专业"":""计算机类"",""学历"":""仅限本科"",""学位"":""学士"",""政治面貌"":""不限"",""基层工作最低年限"":""无限制"",""服务基层项目工作经历"":""无限制"",""是否在面试阶段组织专业能力测试"":""否"",""面试人员比例"":""3:1"",""工作地点"":""辽宁省辽阳市辽阳县"",""落户地点"":""辽宁省辽阳市辽阳县"",""备注"":""1.招考对象为“应届高校毕业生”；2.本单位最低服务年限为5年（含试用期）。"",""部门网站"":""无"",""咨询电话1"":""024-86906498"",""咨询电话2"":""024-86906738"",""咨询电话3"":"""",""来源Sheet"":""中央国家行政机关参照公务员法管理事业单位""}}"
"government_jobs","国家公务员2026招考简章","公务员/事业单位技术岗位","辽宁省朝阳市喀喇沁左翼蒙古族自治县","2026-07-28T09:12:58.310295+00:00","喀左调查队一级科员","国家统计局辽宁调查总队","","辽宁省朝阳市喀喇沁左翼蒙古族自治县","公务员/事业单位;2026;computer_software;cybersecurity_cryptography;data_ai;仅限本科;学士;计算机类;市（地）级及以下直属机构综合管理类","用人司局：国家统计局辽宁调查总队
职位简介：从事网络安全保障、统计调查、数据处理等工作。
专业要求：计算机类
学历要求：仅限本科
学位要求：学士
政治面貌：不限
基层工作经历：无限制
考试类别：市（地）级及以下直属机构综合管理类
备注：1.招考对象为“应届高校毕业生”；2.本单位最低服务年限为5年（含试用期）。","http://bm.scs.gov.cn/kl2026#137106-400110106045","2025-10-14","{""dataset_year"":2026,""job_uid"":""GOV-2026-137106-400110106045"",""publisher"":""国家公务员局"",""publication_page"":""http://bm.scs.gov.cn/kl2026"",""attachment_url"":""local://2026_guokao_zhaokaojianzhang.zip"",""local_source_file"":""中央机关及其直属机构2026年度考试录用公务员招考简章.xls"",""local_source_sha256"":""2670bae1df1dd07a3a3c79b9db46a11e3bb15a6c9c249e6af98bfd0b61ce3aaf"",""source_sheet"":""中央国家行政机关参照公务员法管理事业单位"",""filter_version"":""government_tech_v2"",""tech_filter"":{""is_tech"":true,""is_core_tech"":true,""scope"":""core"",""categories"":[""computer_software"",""cybersecurity_cryptography"",""data_ai""],""matched_fields"":[""major"",""description""],""major_terms"":[""计算机类""],""role_terms"":[""数据处理"",""网络安全""],""reason"":""tech_major_and_role""},""original"":{""部门代码"":""137106"",""部门名称"":""国家统计局辽宁调查总队"",""用人司局"":""国家统计局辽宁调查总队"",""机构性质"":""中央国家行政机关参照公务员法管理事业单位"",""招考职位"":""喀左调查队一级科员"",""职位属性"":""普通职位"",""职位分布"":""其他职位"",""职位简介"":""从事网络安全保障、统计调查、数据处理等工作。"",""职位代码"":""400110106045"",""机构层级"":""县（区）级及以下"",""考试类别"":""市（地）级及以下直属机构综合管理类"",""招考人数"":""1"",""专业"":""计算机类"",""学历"":""仅限本科"",""学位"":""学士"",""政治面貌"":""不限"",""基层工作最低年限"":""无限制"",""服务基层项目工作经历"":""无限制"",""是否在面试阶段组织专业能力测试"":""否"",""面试人员比例"":""3:1"",""工作地点"":""辽宁省朝阳市喀喇沁左翼蒙古族自治县"",""落户地点"":""辽宁省朝阳市喀喇沁左翼蒙古族自治县"",""备注"":""1.招考对象为“应届高校毕业生”；2.本单位最低服务年限为5年（含试用期）。"",""部门网站"":""无"",""咨询电话1"":""024-86906498"",""咨询电话2"":""024-86906738"",""咨询电话3"":"""",""来源Sheet"":""中央国家行政机关参照公务员法管理事业单位""}}"
"government_jobs","国家公务员2026招考简章","公务员/事业单位技术岗位","黑龙江省哈尔滨市","2026-07-28T09:12:58.310295+00:00","哈尔滨调查队业务处室四级主任科员","国家统计局黑龙江调查总队","","黑龙江省哈尔滨市","公务员/事业单位;2026;computer_software;data_ai;仅限硕士研究生;硕士;统计学类、数学类、计算机科学与技术类;中央机关及其省级直属机构综合管理类","用人司局：国家统计局黑龙江调查总队
职位简介：从事一线入户调查、数据处理、统计分析、统计研究等工作。
专业要求：统计学类、数学类、计算机科学与技术类
学历要求：仅限硕士研究生
学位要求：硕士
政治面貌：不限
基层工作经历：无限制
考试类别：中央机关及其省级直属机构综合管理类
备注：本单位最低服务年限为5年(含试用期)。","http://bm.scs.gov.cn/kl2026#137108-400110108004","2025-10-14","{""dataset_year"":2026,""job_uid"":""GOV-2026-137108-400110108004"",""publisher"":""国家公务员局"",""publication_page"":""http://bm.scs.gov.cn/kl2026"",""attachment_url"":""local://2026_guokao_zhaokaojianzhang.zip"",""local_source_file"":""中央机关及其直属机构2026年度考试录用公务员招考简章.xls"",""local_source_sha256"":""2670bae1df1dd07a3a3c79b9db46a11e3bb15a6c9c249e6af98bfd0b61ce3aaf"",""source_sheet"":""中央国家行政机关参照公务员法管理事业单位"",""filter_version"":""government_tech_v2"",""tech_filter"":{""is_tech"":true,""is_core_tech"":true,""scope"":""core"",""categories"":[""computer_software"",""data_ai""],""matched_fields"":[""major"",""description""],""major_terms"":[""计算机科学与技术""],""role_terms"":[""数据处理""],""reason"":""tech_major_and_role""},""original"":{""部门代码"":""137108"",""部门名称"":""国家统计局黑龙江调查总队"",""用人司局"":""国家统计局黑龙江调查总队"",""机构性质"":""中央国家行政机关参照公务员法管理事业单位"",""招考职位"":""哈尔滨调查队业务处室四级主任科员"",""职位属性"":""普通职位"",""职位分布"":""其他职位"",""职位简介"":""从事一线入户调查、数据处理、统计分析、统计研究等工作。"",""职位代码"":""400110108004"",""机构层级"":""省（副省）级"",""考试类别"":""中央机关及其省级直属机构综合管理类"",""招考人数"":""1"",""专业"":""统计学类、数学类、计算机科学与技术类"",""学历"":""仅限硕士研究生"",""学位"":""硕士"",""政治面貌"":""不限"",""基层工作最低年限"":""无限制"",""服务基层项目工作经历"":""无限制"",""是否在面试阶段组织专业能力测试"":""否"",""面试人员比例"":""4:1"",""工作地点"":""黑龙江省哈尔滨市"",""落户地点"":""黑龙江省哈尔滨市"",""备注"":""本单位最低服务年限为5年(含试用期)。"",""部门网站"":""无"",""咨询电话1"":""0451-87589562"",""咨询电话2"":"""",""咨询电话3"":"""",""来源Sheet"":""中央国家行政机关参照公务员法管理事业单位""}}"
"government_jobs","国家公务员2026招考简章","公务员/事业单位技术岗位","黑龙江省牡丹江市","2026-07-28T09:12:58.310295+00:00","牡丹江调查队业务科一级科员","国家统计局黑龙江调查总队","","黑龙江省牡丹江市","公务员/事业单位;2026;computer_software;data_ai;仅限本科;学士;计算机类;市（地）级及以下直属机构综合管理类","用人司局：国家统计局黑龙江调查总队
职位简介：从事一线入户调查、数据处理、统计分析、统计研究等工作。
专业要求：计算机类
学历要求：仅限本科
学位要求：学士
政治面貌：不限
基层工作经历：无限制
考试类别：市（地）级及以下直属机构综合管理类
备注：本单位最低服务年限为5年(含试用期)；限应届高校毕业生。","http://bm.scs.gov.cn/kl2026#137108-400110108006","2025-10-14","{""dataset_year"":2026,""job_uid"":""GOV-2026-137108-400110108006"",""publisher"":""国家公务员局"",""publication_page"":""http://bm.scs.gov.cn/kl2026"",""attachment_url"":""local://2026_guokao_zhaokaojianzhang.zip"",""local_source_file"":""中央机关及其直属机构2026年度考试录用公务员招考简章.xls"",""local_source_sha256"":""2670bae1df1dd07a3a3c79b9db46a11e3bb15a6c9c249e6af98bfd0b61ce3aaf"",""source_sheet"":""中央国家行政机关参照公务员法管理事业单位"",""filter_version"":""government_tech_v2"",""tech_filter"":{""is_tech"":true,""is_core_tech"":true,""scope"":""core"",""categories"":[""computer_software"",""data_ai""],""matched_fields"":[""major"",""description""],""major_terms"":[""计算机类""],""role_terms"":[""数据处理""],""reason"":""tech_major_and_role""},""original"":{""部门代码"":""137108"",""部门名称"":""国家统计局黑龙江调查总队"",""用人司局"":""国家统计局黑龙江调查总队"",""机构性质"":""中央国家行政机关参照公务员法管理事业单位"",""招考职位"":""牡丹江调查队业务科一级科员"",""职位属性"":""普通职位"",""职位分布"":""西部地区和艰苦边远地区职位"",""职位简介"":""从事一线入户调查、数据处理、统计分析、统计研究等工作。"",""职位代码"":""400110108006"",""机构层级"":""市（地）级"",""考试类别"":""市（地）级及以下直属机构综合管理类"",""招考人数"":""1"",""专业"":""计算机类"",""学历"":""仅限本科"",""学位"":""学士"",""政治面貌"":""不限"",""基层工作最低年限"":""无限制"",""服务基层项目工作经历"":""无限制"",""是否在面试阶段组织专业能力测试"":""否"",""面试人员比例"":""3:1"",""工作地点"":""黑龙江省牡丹江市"",""落户地点"":""黑龙江省牡丹江市"",""备注"":""本单位最低服务年限为5年(含试用期)；限应届高校毕业生。"",""部门网站"":""无"",""咨询电话1"":""0451-87589562"",""咨询电话2"":"""",""咨询电话3"":"""",""来源Sheet"":""中央国家行政机关参照公务员法管理事业单位""}}"
"government_jobs","国家公务员2026招考简章","公务员/事业单位技术岗位","黑龙江省双鸭山市","2026-07-28T09:12:58.310295+00:00","双鸭山调查队业务科一级科员","国家统计局黑龙江调查总队","","黑龙江省双鸭山市","公务员/事业单位;2026;computer_software;data_ai;仅限本科;学士;统计学类、数学类、计算机类;市（地）级及以下直属机构综合管理类","用人司局：国家统计局黑龙江调查总队
职位简介：从事一线入户调查、数据处理、统计分析、统计研究等工作。
专业要求：统计学类、数学类、计算机类
学历要求：仅限本科
学位要求：学士
政治面貌：不限
基层工作经历：二年
考试类别：市（地）级及以下直属机构综合管理类
备注：本单位最低服务年限为5年(含试用期)；限黑龙江省户籍；限服务期满考核合格的大学生村官、“三支一扶”计划、大学生志愿服务西部计划。","http://bm.scs.gov.cn/kl2026#137108-400110108008","2025-10-14","{""dataset_year"":2026,""job_uid"":""GOV-2026-137108-400110108008"",""publisher"":""国家公务员局"",""publication_page"":""http://bm.scs.gov.cn/kl2026"",""attachment_url"":""local://2026_guokao_zhaokaojianzhang.zip"",""local_source_file"":""中央机关及其直属机构2026年度考试录用公务员招考简章.xls"",""local_source_sha256"":""2670bae1df1dd07a3a3c79b9db46a11e3bb15a6c9c249e6af98bfd0b61ce3aaf"",""source_sheet"":""中央国家行政机关参照公务员法管理事业单位"",""filter_version"":""government_tech_v2"",""tech_filter"":{""is_tech"":true,""is_core_tech"":true,""scope"":""core"",""categories"":[""computer_software"",""data_ai""],""matched_fields"":[""major"",""description""],""major_terms"":[""计算机类""],""role_terms"":[""数据处理""],""reason"":""tech_major_and_role""},""original"":{""部门代码"":""137108"",""部门名称"":""国家统计局黑龙江调查总队"",""用人司局"":""国家统计局黑龙江调查总队"",""机构性质"":""中央国家行政机关参照公务员法管理事业单位"",""招考职位"":""双鸭山调查队业务科一级科员"",""职位属性"":""普通职位"",""职位分布"":""西部地区和艰苦边远地区职位"",""职位简介"":""从事一线入户调查、数据处理、统计分析、统计研究等工作。"",""职位代码"":""400110108008"",""机构层级"":""市（地）级"",""考试类别"":""市（地）级及以下直属机构综合管理类"",""招考人数"":""1"",""专业"":""统计学类、数学类、计算机类"",""学历"":""仅限本科"",""学位"":""学士"",""政治面貌"":""不限"",""基层工作最低年限"":""二年"",""服务基层项目工作经历"":""大学生村官、“三支一扶”计划、大学生志愿服务西部计划"",""是否在面试阶段组织专业能力测试"":""否"",""面试人员比例"":""3:1"",""工作地点"":""黑龙江省双鸭山市"",""落户地点"":""黑龙江省双鸭山市"",""备注"":""本单位最低服务年限为5年(含试用期)；限黑龙江省户籍；限服务期满考核合格的大学生村官、“三支一扶”计划、大学生志愿服务西部计划。"",""部门网站"":""无"",""咨询电话1"":""0451-87589562"",""咨询电话2"":"""",""咨询电话3"":"""",""来源Sheet"":""中央国家行政机关参照公务员法管理事业单位""}}"
"government_jobs","国家公务员2026招考简章","公务员/事业单位技术岗位","黑龙江省哈尔滨市巴彦县","2026-07-28T09:12:58.310295+00:00","巴彦调查队一级科员","国家统计局黑龙江调查总队","","黑龙江省哈尔滨市巴彦县","公务员/事业单位;2026;computer_software;data_ai;仅限本科;学士;统计学类、数学类、计算机类;市（地）级及以下直属机构综合管理类","用人司局：国家统计局黑龙江调查总队
职位简介：从事一线入户调查、数据处理、统计分析、统计研究等工作。
专业要求：统计学类、数学类、计算机类
学历要求：仅限本科
学位要求：学士
政治面貌：不限
基层工作经历：无限制
考试类别：市（地）级及以下直属机构综合管理类
备注：本单位最低服务年限为5年(含试用期)；限黑龙江省户籍；限应届高校毕业生。","http://bm.scs.gov.cn/kl2026#137108-400110108011","2025-10-14","{""dataset_year"":2026,""job_uid"":""GOV-2026-137108-400110108011"",""publisher"":""国家公务员局"",""publication_page"":""http://bm.scs.gov.cn/kl2026"",""attachment_url"":""local://2026_guokao_zhaokaojianzhang.zip"",""local_source_file"":""中央机关及其直属机构2026年度考试录用公务员招考简章.xls"",""local_source_sha256"":""2670bae1df1dd07a3a3c79b9db46a11e3bb15a6c9c249e6af98bfd0b61ce3aaf"",""source_sheet"":""中央国家行政机关参照公务员法管理事业单位"",""filter_version"":""government_tech_v2"",""tech_filter"":{""is_tech"":true,""is_core_tech"":true,""scope"":""core"",""categories"":[""computer_software"",""data_ai""],""matched_fields"":[""major"",""description""],""major_terms"":[""计算机类""],""role_terms"":[""数据处理""],""reason"":""tech_major_and_role""},""original"":{""部门代码"":""137108"",""部门名称"":""国家统计局黑龙江调查总队"",""用人司局"":""国家统计局黑龙江调查总队"",""机构性质"":""中央国家行政机关参照公务员法管理事业单位"",""招考职位"":""巴彦调查队一级科员"",""职位属性"":""普通职位"",""职位分布"":""西部地区和艰苦边远地区职位"",""职位简介"":""从事一线入户调查、数据处理、统计分析、统计研究等工作。"",""职位代码"":""400110108011"",""机构层级"":""县（区）级及以下"",""考试类别"":""市（地）级及以下直属机构综合管理类"",""招考人数"":""1"",""专业"":""统计学类、数学类、计算机类"",""学历"":""仅限本科"",""学位"":""学士"",""政治面貌"":""不限"",""基层工作最低年限"":""无限制"",""服务基层项目工作经历"":""无限制"",""是否在面试阶段组织专业能力测试"":""否"",""面试人员比例"":""3:1"",""工作地点"":""黑龙江省哈尔滨市巴彦县"",""落户地点"":""黑龙江省哈尔滨市巴彦县"",""备注"":""本单位最低服务年限为5年(含试用期)；限黑龙江省户籍；限应届高校毕业生。"",""部门网站"":""无"",""咨询电话1"":""0451-87589562"",""咨询电话2"":"""",""咨询电话3"":"""",""来源Sheet"":""中央国家行政机关参照公务员法管理事业单位""}}"
"government_jobs","国家公务员2026招考简章","公务员/事业单位技术岗位","黑龙江省大庆市肇源县","2026-07-28T09:12:58.310295+00:00","肇源调查队一级科员","国家统计局黑龙江调查总队","","黑龙江省大庆市肇源县","公务员/事业单位;2026;computer_software;data_ai;仅限本科;学士;统计学类、数学类、计算机类;市（地）级及以下直属机构综合管理类","用人司局：国家统计局黑龙江调查总队
职位简介：从事一线入户调查、数据处理、统计分析、统计研究等工作。
专业要求：统计学类、数学类、计算机类
学历要求：仅限本科
学位要求：学士
政治面貌：不限
基层工作经历：无限制
考试类别：市（地）级及以下直属机构综合管理类
备注：本单位最低服务年限为5年(含试用期)；限黑龙江省户籍；限应届高校毕业生。","http://bm.scs.gov.cn/kl2026#137108-400110108013","2025-10-14","{""dataset_year"":2026,""job_uid"":""GOV-2026-137108-400110108013"",""publisher"":""国家公务员局"",""publication_page"":""http://bm.scs.gov.cn/kl2026"",""attachment_url"":""local://2026_guokao_zhaokaojianzhang.zip"",""local_source_file"":""中央机关及其直属机构2026年度考试录用公务员招考简章.xls"",""local_source_sha256"":""2670bae1df1dd07a3a3c79b9db46a11e3bb15a6c9c249e6af98bfd0b61ce3aaf"",""source_sheet"":""中央国家行政机关参照公务员法管理事业单位"",""filter_version"":""government_tech_v2"",""tech_filter"":{""is_tech"":true,""is_core_tech"":true,""scope"":""core"",""categories"":[""computer_software"",""data_ai""],""matched_fields"":[""major"",""description""],""major_terms"":[""计算机类""],""role_terms"":[""数据处理""],""reason"":""tech_major_and_role""},""original"":{""部门代码"":""137108"",""部门名称"":""国家统计局黑龙江调查总队"",""用人司局"":""国家统计局黑龙江调查总队"",""机构性质"":""中央国家行政机关参照公务员法管理事业单位"",""招考职位"":""肇源调查队一级科员"",""职位属性"":""普通职位"",""职位分布"":""西部地区和艰苦边远地区职位"",""职位简介"":""从事一线入户调查、数据处理、统计分析、统计研究等工作。"",""职位代码"":""400110108013"",""机构层级"":""县（区）级及以下"",""考试类别"":""市（地）级及以下直属机构综合管理类"",""招考人数"":""1"",""专业"":""统计学类、数学类、计算机类"",""学历"":""仅限本科"",""学位"":""学士"",""政治面貌"":""不限"",""基层工作最低年限"":""无限制"",""服务基层项目工作经历"":""无限制"",""是否在面试阶段组织专业能力测试"":""否"",""面试人员比例"":""3:1"",""工作地点"":""黑龙江省大庆市肇源县"",""落户地点"":""黑龙江省大庆市肇源县"",""备注"":""本单位最低服务年限为5年(含试用期)；限黑龙江省户籍；限应届高校毕业生。"",""部门网站"":""无"",""咨询电话1"":""0451-87589562"",""咨询电话2"":"""",""咨询电话3"":"""",""来源Sheet"":""中央国家行政机关参照公务员法管理事业单位""}}"
"government_jobs","国家公务员2026招考简章","公务员/事业单位技术岗位","上海市黄浦区","2026-07-28T09:12:58.310295+00:00","上海调查总队业务处室一级主任科员及以下","国家统计局上海调查总队","","上海市黄浦区","公务员/事业单位;2026;computer_software;data_ai;geospatial_remote_sensing;硕士研究生及以上;与最高学历相对应的学位;统计学类、应用统计类、数学类、计算机科学与技术类、测绘科学与技术类、遥感科学与技术类。;中央机关及其省级直属机构综合管理类","用人司局：国家统计局上海调查总队
职位简介：从事统计调查、数据处理、分析研究等工作。
专业要求：统计学类、应用统计类、数学类、计算机科学与技术类、测绘科学与技术类、遥感科学与技术类。
学历要求：硕士研究生及以上
学位要求：与最高学历相对应的学位
政治面貌：不限
基层工作经历：无限制
考试类别：中央机关及其省级直属机构综合管理类
备注：1.本单位最低服务年限为5年（含试用期）；2.本岗位招收专业均要求为主修专业；3.全国大学英语四级考试合格或分数达425分以上（请在备注栏注明英语水平等级及成绩）；4.本职位需要经常赴基层一线开展调研。","http://bm.scs.gov.cn/kl2026#137109-400110109006","2025-10-14","{""dataset_year"":2026,""job_uid"":""GOV-2026-137109-400110109006"",""publisher"":""国家公务员局"",""publication_page"":""http://bm.scs.gov.cn/kl2026"",""attachment_url"":""local://2026_guokao_zhaokaojianzhang.zip"",""local_source_file"":""中央机关及其直属机构2026年度考试录用公务员招考简章.xls"",""local_source_sha256"":""2670bae1df1dd07a3a3c79b9db46a11e3bb15a6c9c249e6af98bfd0b61ce3aaf"",""source_sheet"":""中央国家行政机关参照公务员法管理事业单位"",""filter_version"":""government_tech_v2"",""tech_filter"":{""is_tech"":true,""is_core_tech"":true,""scope"":""core"",""categories"":[""computer_software"",""data_ai"",""geospatial_remote_sensing""],""matched_fields"":[""major"",""description""],""major_terms"":[""测绘科学与技术"",""计算机科学与技术"",""遥感科学与技术""],""role_terms"":[""数据处理""],""reason"":""tech_major_and_role""},""original"":{""部门代码"":""137109"",""部门名称"":""国家统计局上海调查总队"",""用人司局"":""国家统计局上海调查总队"",""机构性质"":""中央国家行政机关参照公务员法管理事业单位"",""招考职位"":""上海调查总队业务处室一级主任科员及以下"",""职位属性"":""普通职位"",""职位分布"":""其他职位"",""职位简介"":""从事统计调查、数据处理、分析研究等工作。"",""职位代码"":""400110109006"",""机构层级"":""省（副省）级"",""考试类别"":""中央机关及其省级直属机构综合管理类"",""招考人数"":""1"",""专业"":""统计学类、应用统计类、数学类、计算机科学与技术类、测绘科学与技术类、遥感科学与技术类。"",""学历"":""硕士研究生及以上"",""学位"":""与最高学历相对应的学位"",""政治面貌"":""不限"",""基层工作最低年限"":""无限制"",""服务基层项目工作经历"":""无限制"",""是否在面试阶段组织专业能力测试"":""否"",""面试人员比例"":""5:1"",""工作地点"":""上海市黄浦区"",""落户地点"":""上海市"",""备注"":""1.本单位最低服务年限为5年（含试用期）；2.本岗位招收专业均要求为主修专业；3.全国大学英语四级考试合格或分数达425分以上（请在备注栏注明英语水平等级及成绩）；4.本职位需要经常赴基层一线开展调研。"",""部门网站"":""无"",""咨询电话1"":""021-53851577"",""咨询电话2"":""021-53857542"",""咨询电话3"":"""",""来源Sheet"":""中央国家行政机关参照公务员法管理事业单位""}}"
"government_jobs","国家公务员2026招考简章","公务员/事业单位技术岗位","上海市浦东新区","2026-07-28T09:12:58.310295+00:00","浦东调查队业务处室四级主任科员","国家统计局上海调查总队","","上海市浦东新区","公务员/事业单位;2026;computer_software;data_ai;仅限硕士研究生;硕士;统计学类、应用统计类、数学类、计算机科学与技术类、生物学类、心理学类、智能科学与技术类。;市（地）级及以下直属机构综合管理类","用人司局：国家统计局上海调查总队
职位简介：从事统计调查、数据处理、分析研究等工作。
专业要求：统计学类、应用统计类、数学类、计算机科学与技术类、生物学类、心理学类、智能科学与技术类。
学历要求：仅限硕士研究生
学位要求：硕士
政治面貌：不限
基层工作经历：无限制
考试类别：市（地）级及以下直属机构综合管理类
备注：1.本单位最低服务年限为5年（含试用期）；2.本岗位招收专业均要求为主修专业；3.本岗位限招2026届高校毕业生；4.全国大学英语四级考试合格或分数达425分以上（请在备注栏注明英语水平等级及成绩）；5.本职位需要经常赴基层一线开展调研。","http://bm.scs.gov.cn/kl2026#137109-400110109007","2025-10-14","{""dataset_year"":2026,""job_uid"":""GOV-2026-137109-400110109007"",""publisher"":""国家公务员局"",""publication_page"":""http://bm.scs.gov.cn/kl2026"",""attachment_url"":""local://2026_guokao_zhaokaojianzhang.zip"",""local_source_file"":""中央机关及其直属机构2026年度考试录用公务员招考简章.xls"",""local_source_sha256"":""2670bae1df1dd07a3a3c79b9db46a11e3bb15a6c9c249e6af98bfd0b61ce3aaf"",""source_sheet"":""中央国家行政机关参照公务员法管理事业单位"",""filter_version"":""government_tech_v2"",""tech_filter"":{""is_tech"":true,""is_core_tech"":true,""scope"":""core"",""categories"":[""computer_software"",""data_ai""],""matched_fields"":[""major"",""description""],""major_terms"":[""智能科学与技术"",""计算机科学与技术""],""role_terms"":[""数据处理""],""reason"":""tech_major_and_role""},""original"":{""部门代码"":""137109"",""部门名称"":""国家统计局上海调查总队"",""用人司局"":""国家统计局上海调查总队"",""机构性质"":""中央国家行政机关参照公务员法管理事业单位"",""招考职位"":""浦东调查队业务处室四级主任科员"",""职位属性"":""普通职位"",""职位分布"":""其他职位"",""职位简介"":""从事统计调查、数据处理、分析研究等工作。"",""职位代码"":""400110109007"",""机构层级"":""县（区）级及以下"",""考试类别"":""市（地）级及以下直属机构综合管理类"",""招考人数"":""1"",""专业"":""统计学类、应用统计类、数学类、计算机科学与技术类、生物学类、心理学类、智能科学与技术类。"",""学历"":""仅限硕士研究生"",""学位"":""硕士"",""政治面貌"":""不限"",""基层工作最低年限"":""无限制"",""服务基层项目工作经历"":""无限制"",""是否在面试阶段组织专业能力测试"":""否"",""面试人员比例"":""3:1"",""工作地点"":""上海市浦东新区"",""落户地点"":""上海市"",""备注"":""1.本单位最低服务年限为5年（含试用期）；2.本岗位招收专业均要求为主修专业；3.本岗位限招2026届高校毕业生；4.全国大学英语四级考试合格或分数达425分以上（请在备注栏注明英语水平等级及成绩）；5.本职位需要经常赴基层一线开展调研。"",""部门网站"":""无"",""咨询电话1"":""021-53851577"",""咨询电话2"":""021-53857542"",""咨询电话3"":"""",""来源Sheet"":""中央国家行政机关参照公务员法管理事业单位""}}"
"government_jobs","国家公务员2026招考简章","公务员/事业单位技术岗位","江苏省南京市","2026-07-28T09:12:58.310295+00:00","南京调查队综合处室一级科员（1）","国家统计局江苏调查总队","","江苏省南京市","公务员/事业单位;2026;computer_software;data_ai;仅限本科;学士;0201经济学类，0204经济与贸易类，0701数学类，0712统计学类（生物统计学除外），080910数据科学与大数据技术专业;中央机关及其省级直属机构综合管理类","用人司局：国家统计局江苏调查总队
职位简介：从事统计调查、数据处理、统计分析研究等相关工作。
专业要求：0201经济学类，0204经济与贸易类，0701数学类，0712统计学类（生物统计学除外），080910数据科学与大数据技术专业
学历要求：仅限本科
学位要求：学士
政治面貌：不限
基层工作经历：无限制
考试类别：中央机关及其省级直属机构综合管理类
备注：1.所列专业均要求主修专业；2.该岗位仅限男性报考；3.本单位最低服务年限为5年（含试用期）。","http://bm.scs.gov.cn/kl2026#137110-400110135002","2025-10-14","{""dataset_year"":2026,""job_uid"":""GOV-2026-137110-400110135002"",""publisher"":""国家公务员局"",""publication_page"":""http://bm.scs.gov.cn/kl2026"",""attachment_url"":""local://2026_guokao_zhaokaojianzhang.zip"",""local_source_file"":""中央机关及其直属机构2026年度考试录用公务员招考简章.xls"",""local_source_sha256"":""2670bae1df1dd07a3a3c79b9db46a11e3bb15a6c9c249e6af98bfd0b61ce3aaf"",""source_sheet"":""中央国家行政机关参照公务员法管理事业单位"",""filter_version"":""government_tech_v2"",""tech_filter"":{""is_tech"":true,""is_core_tech"":true,""scope"":""core"",""categories"":[""computer_software"",""data_ai""],""matched_fields"":[""major"",""description""],""major_terms"":[""大数据"",""数据科学与大数据技术""],""role_terms"":[""数据处理""],""reason"":""tech_major_and_role""},""original"":{""部门代码"":""137110"",""部门名称"":""国家统计局江苏调查总队"",""用人司局"":""国家统计局江苏调查总队"",""机构性质"":""中央国家行政机关参照公务员法管理事业单位"",""招考职位"":""南京调查队综合处室一级科员（1）"",""职位属性"":""普通职位"",""职位分布"":""其他职位"",""职位简介"":""从事统计调查、数据处理、统计分析研究等相关工作。"",""职位代码"":""400110135002"",""机构层级"":""省（副省）级"",""考试类别"":""中央机关及其省级直属机构综合管理类"",""招考人数"":""1"",""专业"":""0201经济学类，0204经济与贸易类，0701数学类，0712统计学类（生物统计学除外），080910数据科学与大数据技术专业"",""学历"":""仅限本科"",""学位"":""学士"",""政治面貌"":""不限"",""基层工作最低年限"":""无限制"",""服务基层项目工作经历"":""无限制"",""是否在面试阶段组织专业能力测试"":""否"",""面试人员比例"":""5:1"",""工作地点"":""江苏省南京市"",""落户地点"":""江苏省南京市"",""备注"":""1.所列专业均要求主修专业；2.该岗位仅限男性报考；3.本单位最低服务年限为5年（含试用期）。"",""部门网站"":""https://jszd.stats.gov.cn/"",""咨询电话1"":""025-83580375"",""咨询电话2"":""025-83580273"",""咨询电话3"":"""",""来源Sheet"":""中央国家行政机关参照公务员法管理事业单位""}}"
"government_jobs","国家公务员2026招考简章","公务员/事业单位技术岗位","江苏省南京市","2026-07-28T09:12:58.310295+00:00","南京调查队综合处室一级科员（2）","国家统计局江苏调查总队","","江苏省南京市","公务员/事业单位;2026;computer_software;data_ai;仅限本科;学士;0201经济学类，0204经济与贸易类，0701数学类，0712统计学类（生物统计学除外），080910数据科学与大数据技术专业;中央机关及其省级直属机构综合管理类","用人司局：国家统计局江苏调查总队
职位简介：从事统计调查、数据处理、统计分析研究等相关工作。
专业要求：0201经济学类，0204经济与贸易类，0701数学类，0712统计学类（生物统计学除外），080910数据科学与大数据技术专业
学历要求：仅限本科
学位要求：学士
政治面貌：不限
基层工作经历：无限制
考试类别：中央机关及其省级直属机构综合管理类
备注：1.所列专业均要求主修专业；2.该岗位仅限女性报考；3.本单位最低服务年限为5年（含试用期）。","http://bm.scs.gov.cn/kl2026#137110-400110135003","2025-10-14","{""dataset_year"":2026,""job_uid"":""GOV-2026-137110-400110135003"",""publisher"":""国家公务员局"",""publication_page"":""http://bm.scs.gov.cn/kl2026"",""attachment_url"":""local://2026_guokao_zhaokaojianzhang.zip"",""local_source_file"":""中央机关及其直属机构2026年度考试录用公务员招考简章.xls"",""local_source_sha256"":""2670bae1df1dd07a3a3c79b9db46a11e3bb15a6c9c249e6af98bfd0b61ce3aaf"",""source_sheet"":""中央国家行政机关参照公务员法管理事业单位"",""filter_version"":""government_tech_v2"",""tech_filter"":{""is_tech"":true,""is_core_tech"":true,""scope"":""core"",""categories"":[""computer_software"",""data_ai""],""matched_fields"":[""major"",""description""],""major_terms"":[""大数据"",""数据科学与大数据技术""],""role_terms"":[""数据处理""],""reason"":""tech_major_and_role""},""original"":{""部门代码"":""137110"",""部门名称"":""国家统计局江苏调查总队"",""用人司局"":""国家统计局江苏调查总队"",""机构性质"":""中央国家行政机关参照公务员法管理事业单位"",""招考职位"":""南京调查队综合处室一级科员（2）"",""职位属性"":""普通职位"",""职位分布"":""其他职位"",""职位简介"":""从事统计调查、数据处理、统计分析研究等相关工作。"",""职位代码"":""400110135003"",""机构层级"":""省（副省）级"",""考试类别"":""中央机关及其省级直属机构综合管理类"",""招考人数"":""1"",""专业"":""0201经济学类，0204经济与贸易类，0701数学类，0712统计学类（生物统计学除外），080910数据科学与大数据技术专业"",""学历"":""仅限本科"",""学位"":""学士"",""政治面貌"":""不限"",""基层工作最低年限"":""无限制"",""服务基层项目工作经历"":""无限制"",""是否在面试阶段组织专业能力测试"":""否"",""面试人员比例"":""5:1"",""工作地点"":""江苏省南京市"",""落户地点"":""江苏省南京市"",""备注"":""1.所列专业均要求主修专业；2.该岗位仅限女性报考；3.本单位最低服务年限为5年（含试用期）。"",""部门网站"":""https://jszd.stats.gov.cn/"",""咨询电话1"":""025-83580375"",""咨询电话2"":""025-83580273"",""咨询电话3"":"""",""来源Sheet"":""中央国家行政机关参照公务员法管理事业单位""}}"
"government_jobs","国家公务员2026招考简章","公务员/事业单位技术岗位","江苏省常州市溧阳市","2026-07-28T09:12:58.310295+00:00","溧阳调查队一级科员","国家统计局江苏调查总队","","江苏省常州市溧阳市","公务员/事业单位;2026;computer_software;data_ai;仅限本科;学士;0201经济学类，0701数学类，0712统计学类（生物统计学除外），080910数据科学与大数据技术专业;市（地）级及以下直属机构综合管理类","用人司局：国家统计局江苏调查总队
职位简介：从事一线入户调查、数据处理、统计分析研究等工作。
专业要求：0201经济学类，0701数学类，0712统计学类（生物统计学除外），080910数据科学与大数据技术专业
学历要求：仅限本科
学位要求：学士
政治面貌：不限
基层工作经历：无限制
考试类别：市（地）级及以下直属机构综合管理类
备注：1.所列专业均要求主修专业；2.仅限2026届高校毕业生；3.本单位最低服务年限为5年（含试用期）。","http://bm.scs.gov.cn/kl2026#137110-400110135005","2025-10-14","{""dataset_year"":2026,""job_uid"":""GOV-2026-137110-400110135005"",""publisher"":""国家公务员局"",""publication_page"":""http://bm.scs.gov.cn/kl2026"",""attachment_url"":""local://2026_guokao_zhaokaojianzhang.zip"",""local_source_file"":""中央机关及其直属机构2026年度考试录用公务员招考简章.xls"",""local_source_sha256"":""2670bae1df1dd07a3a3c79b9db46a11e3bb15a6c9c249e6af98bfd0b61ce3aaf"",""source_sheet"":""中央国家行政机关参照公务员法管理事业单位"",""filter_version"":""government_tech_v2"",""tech_filter"":{""is_tech"":true,""is_core_tech"":true,""scope"":""core"",""categories"":[""computer_software"",""data_ai""],""matched_fields"":[""major"",""description""],""major_terms"":[""大数据"",""数据科学与大数据技术""],""role_terms"":[""数据处理""],""reason"":""tech_major_and_role""},""original"":{""部门代码"":""137110"",""部门名称"":""国家统计局江苏调查总队"",""用人司局"":""国家统计局江苏调查总队"",""机构性质"":""中央国家行政机关参照公务员法管理事业单位"",""招考职位"":""溧阳调查队一级科员"",""职位属性"":""普通职位"",""职位分布"":""其他职位"",""职位简介"":""从事一线入户调查、数据处理、统计分析研究等工作。"",""职位代码"":""400110135005"",""机构层级"":""县（区）级及以下"",""考试类别"":""市（地）级及以下直属机构综合管理类"",""招考人数"":""1"",""专业"":""0201经济学类，0701数学类，0712统计学类（生物统计学除外），080910数据科学与大数据技术专业"",""学历"":""仅限本科"",""学位"":""学士"",""政治面貌"":""不限"",""基层工作最低年限"":""无限制"",""服务基层项目工作经历"":""无限制"",""是否在面试阶段组织专业能力测试"":""否"",""面试人员比例"":""3:1"",""工作地点"":""江苏省常州市溧阳市"",""落户地点"":""江苏省常州市溧阳市"",""备注"":""1.所列专业均要求主修专业；2.仅限2026届高校毕业生；3.本单位最低服务年限为5年（含试用期）。"",""部门网站"":""https://jszd.stats.gov.cn/"",""咨询电话1"":""025-83580375"",""咨询电话2"":""025-83580273"",""咨询电话3"":"""",""来源Sheet"":""中央国家行政机关参照公务员法管理事业单位""}}"
"government_jobs","国家公务员2026招考简章","公务员/事业单位技术岗位","江苏省南通市海门区","2026-07-28T09:12:58.310295+00:00","海门调查队一级科员","国家统计局江苏调查总队","","江苏省南通市海门区","公务员/事业单位;2026;computer_software;data_ai;仅限本科;学士;0201经济学类，0701数学类，0712统计学类（生物统计学除外），080910数据科学与大数据技术专业;市（地）级及以下直属机构综合管理类","用人司局：国家统计局江苏调查总队
职位简介：从事一线入户调查、数据处理、统计分析研究等工作。
专业要求：0201经济学类，0701数学类，0712统计学类（生物统计学除外），080910数据科学与大数据技术专业
学历要求：仅限本科
学位要求：学士
政治面貌：不限
基层工作经历：无限制
考试类别：市（地）级及以下直属机构综合管理类
备注：1.所列专业均要求主修专业；2.仅限2026届高校毕业生；3.本单位最低服务年限为5年（含试用期）。","http://bm.scs.gov.cn/kl2026#137110-400110135006","2025-10-14","{""dataset_year"":2026,""job_uid"":""GOV-2026-137110-400110135006"",""publisher"":""国家公务员局"",""publication_page"":""http://bm.scs.gov.cn/kl2026"",""attachment_url"":""local://2026_guokao_zhaokaojianzhang.zip"",""local_source_file"":""中央机关及其直属机构2026年度考试录用公务员招考简章.xls"",""local_source_sha256"":""2670bae1df1dd07a3a3c79b9db46a11e3bb15a6c9c249e6af98bfd0b61ce3aaf"",""source_sheet"":""中央国家行政机关参照公务员法管理事业单位"",""filter_version"":""government_tech_v2"",""tech_filter"":{""is_tech"":true,""is_core_tech"":true,""scope"":""core"",""categories"":[""computer_software"",""data_ai""],""matched_fields"":[""major"",""description""],""major_terms"":[""大数据"",""数据科学与大数据技术""],""role_terms"":[""数据处理""],""reason"":""tech_major_and_role""},""original"":{""部门代码"":""137110"",""部门名称"":""国家统计局江苏调查总队"",""用人司局"":""国家统计局江苏调查总队"",""机构性质"":""中央国家行政机关参照公务员法管理事业单位"",""招考职位"":""海门调查队一级科员"",""职位属性"":""普通职位"",""职位分布"":""其他职位"",""职位简介"":""从事一线入户调查、数据处理、统计分析研究等工作。"",""职位代码"":""400110135006"",""机构层级"":""县（区）级及以下"",""考试类别"":""市（地）级及以下直属机构综合管理类"",""招考人数"":""1"",""专业"":""0201经济学类，0701数学类，0712统计学类（生物统计学除外），080910数据科学与大数据技术专业"",""学历"":""仅限本科"",""学位"":""学士"",""政治面貌"":""不限"",""基层工作最低年限"":""无限制"",""服务基层项目工作经历"":""无限制"",""是否在面试阶段组织专业能力测试"":""否"",""面试人员比例"":""3:1"",""工作地点"":""江苏省南通市海门区"",""落户地点"":""江苏省南通市海门区"",""备注"":""1.所列专业均要求主修专业；2.仅限2026届高校毕业生；3.本单位最低服务年限为5年（含试用期）。"",""部门网站"":""https://jszd.stats.gov.cn/"",""咨询电话1"":""025-83580375"",""咨询电话2"":""025-83580273"",""咨询电话3"":"""",""来源Sheet"":""中央国家行政机关参照公务员法管理事业单位""}}"
"government_jobs","国家公务员2026招考简章","公务员/事业单位技术岗位","江苏省盐城市建湖县","2026-07-28T09:12:58.310295+00:00","建湖调查队一级科员","国家统计局江苏调查总队","","江苏省盐城市建湖县","公务员/事业单位;2026;computer_software;data_ai;仅限本科;学士;0201经济学类，0701数学类，0712统计学类（生物统计学除外），080910数据科学与大数据技术专业;市（地）级及以下直属机构综合管理类","用人司局：国家统计局江苏调查总队
职位简介：从事一线入户调查、数据处理、统计分析研究等工作。
专业要求：0201经济学类，0701数学类，0712统计学类（生物统计学除外），080910数据科学与大数据技术专业
学历要求：仅限本科
学位要求：学士
政治面貌：不限
基层工作经历：无限制
考试类别：市（地）级及以下直属机构综合管理类
备注：1.所列专业均要求主修专业；2.仅限2026届高校毕业生；3.本单位最低服务年限为5年（含试用期）。","http://bm.scs.gov.cn/kl2026#137110-400110135007","2025-10-14","{""dataset_year"":2026,""job_uid"":""GOV-2026-137110-400110135007"",""publisher"":""国家公务员局"",""publication_page"":""http://bm.scs.gov.cn/kl2026"",""attachment_url"":""local://2026_guokao_zhaokaojianzhang.zip"",""local_source_file"":""中央机关及其直属机构2026年度考试录用公务员招考简章.xls"",""local_source_sha256"":""2670bae1df1dd07a3a3c79b9db46a11e3bb15a6c9c249e6af98bfd0b61ce3aaf"",""source_sheet"":""中央国家行政机关参照公务员法管理事业单位"",""filter_version"":""government_tech_v2"",""tech_filter"":{""is_tech"":true,""is_core_tech"":true,""scope"":""core"",""categories"":[""computer_software"",""data_ai""],""matched_fields"":[""major"",""description""],""major_terms"":[""大数据"",""数据科学与大数据技术""],""role_terms"":[""数据处理""],""reason"":""tech_major_and_role""},""original"":{""部门代码"":""137110"",""部门名称"":""国家统计局江苏调查总队"",""用人司局"":""国家统计局江苏调查总队"",""机构性质"":""中央国家行政机关参照公务员法管理事业单位"",""招考职位"":""建湖调查队一级科员"",""职位属性"":""普通职位"",""职位分布"":""其他职位"",""职位简介"":""从事一线入户调查、数据处理、统计分析研究等工作。"",""职位代码"":""400110135007"",""机构层级"":""县（区）级及以下"",""考试类别"":""市（地）级及以下直属机构综合管理类"",""招考人数"":""1"",""专业"":""0201经济学类，0701数学类，0712统计学类（生物统计学除外），080910数据科学与大数据技术专业"",""学历"":""仅限本科"",""学位"":""学士"",""政治面貌"":""不限"",""基层工作最低年限"":""无限制"",""服务基层项目工作经历"":""无限制"",""是否在面试阶段组织专业能力测试"":""否"",""面试人员比例"":""3:1"",""工作地点"":""江苏省盐城市建湖县"",""落户地点"":""江苏省盐城市建湖县"",""备注"":""1.所列专业均要求主修专业；2.仅限2026届高校毕业生；3.本单位最低服务年限为5年（含试用期）。"",""部门网站"":""https://jszd.stats.gov.cn/"",""咨询电话1"":""025-83580375"",""咨询电话2"":""025-83580273"",""咨询电话3"":"""",""来源Sheet"":""中央国家行政机关参照公务员法管理事业单位""}}"
"government_jobs","国家公务员2026招考简章","公务员/事业单位技术岗位","江苏省泰州市兴化市","2026-07-28T09:12:58.310295+00:00","兴化调查队一级科员","国家统计局江苏调查总队","","江苏省泰州市兴化市","公务员/事业单位;2026;computer_software;data_ai;仅限本科;学士;0201经济学类，0701数学类，0712统计学类（生物统计学除外），080910数据科学与大数据技术专业;市（地）级及以下直属机构综合管理类","用人司局：国家统计局江苏调查总队
职位简介：从事一线入户调查、数据处理、统计分析研究等工作。
专业要求：0201经济学类，0701数学类，0712统计学类（生物统计学除外），080910数据科学与大数据技术专业
学历要求：仅限本科
学位要求：学士
政治面貌：不限
基层工作经历：无限制
考试类别：市（地）级及以下直属机构综合管理类
备注：1.所列专业均要求主修专业；2.仅限2026届高校毕业生；3.本单位最低服务年限为5年（含试用期）。","http://bm.scs.gov.cn/kl2026#137110-400110135008","2025-10-14","{""dataset_year"":2026,""job_uid"":""GOV-2026-137110-400110135008"",""publisher"":""国家公务员局"",""publication_page"":""http://bm.scs.gov.cn/kl2026"",""attachment_url"":""local://2026_guokao_zhaokaojianzhang.zip"",""local_source_file"":""中央机关及其直属机构2026年度考试录用公务员招考简章.xls"",""local_source_sha256"":""2670bae1df1dd07a3a3c79b9db46a11e3bb15a6c9c249e6af98bfd0b61ce3aaf"",""source_sheet"":""中央国家行政机关参照公务员法管理事业单位"",""filter_version"":""government_tech_v2"",""tech_filter"":{""is_tech"":true,""is_core_tech"":true,""scope"":""core"",""categories"":[""computer_software"",""data_ai""],""matched_fields"":[""major"",""description""],""major_terms"":[""大数据"",""数据科学与大数据技术""],""role_terms"":[""数据处理""],""reason"":""tech_major_and_role""},""original"":{""部门代码"":""137110"",""部门名称"":""国家统计局江苏调查总队"",""用人司局"":""国家统计局江苏调查总队"",""机构性质"":""中央国家行政机关参照公务员法管理事业单位"",""招考职位"":""兴化调查队一级科员"",""职位属性"":""普通职位"",""职位分布"":""其他职位"",""职位简介"":""从事一线入户调查、数据处理、统计分析研究等工作。"",""职位代码"":""400110135008"",""机构层级"":""县（区）级及以下"",""考试类别"":""市（地）级及以下直属机构综合管理类"",""招考人数"":""1"",""专业"":""0201经济学类，0701数学类，0712统计学类（生物统计学除外），080910数据科学与大数据技术专业"",""学历"":""仅限本科"",""学位"":""学士"",""政治面貌"":""不限"",""基层工作最低年限"":""无限制"",""服务基层项目工作经历"":""无限制"",""是否在面试阶段组织专业能力测试"":""否"",""面试人员比例"":""3:1"",""工作地点"":""江苏省泰州市兴化市"",""落户地点"":""江苏省泰州市兴化市"",""备注"":""1.所列专业均要求主修专业；2.仅限2026届高校毕业生；3.本单位最低服务年限为5年（含试用期）。"",""部门网站"":""https://jszd.stats.gov.cn/"",""咨询电话1"":""025-83580375"",""咨询电话2"":""025-83580273"",""咨询电话3"":"""",""来源Sheet"":""中央国家行政机关参照公务员法管理事业单位""}}"
"government_jobs","国家公务员2026招考简章","公务员/事业单位技术岗位","浙江省台州市","2026-07-28T09:12:58.310295+00:00","台州调查队业务处室四级主任科员及以下","国家统计局浙江调查总队","","浙江省台州市","公务员/事业单位;2026;computer_software;data_ai;本科或硕士研究生;与最高学历相对应的学位;计算机类0809（本科）、计算机科学与技术0812（研究生）、软件工程0835（研究生）;市（地）级及以下直属机构综合管理类","用人司局：国家统计局浙江调查总队
职位简介：从事统计调查、数据处理、统计分析研究、计算机应用管理等工作
专业要求：计算机类0809（本科）、计算机科学与技术0812（研究生）、软件工程0835（研究生）
学历要求：本科或硕士研究生
学位要求：与最高学历相对应的学位
政治面貌：不限
基层工作经历：无限制
考试类别：市（地）级及以下直属机构综合管理类
备注：1.本职位专业要求均为专业目录中的专业名称，须以最高学历主修专业报考，报考专业须与招录专业名称一致。2.需使用本地方言开展工作，限懂台州当地方言（台州地区学习生活工作2年以上）。3.本单位最低服务年限为5年（含试用期）。","http://bm.scs.gov.cn/kl2026#137111-400110111011","2025-10-14","{""dataset_year"":2026,""job_uid"":""GOV-2026-137111-400110111011"",""publisher"":""国家公务员局"",""publication_page"":""http://bm.scs.gov.cn/kl2026"",""attachment_url"":""local://2026_guokao_zhaokaojianzhang.zip"",""local_source_file"":""中央机关及其直属机构2026年度考试录用公务员招考简章.xls"",""local_source_sha256"":""2670bae1df1dd07a3a3c79b9db46a11e3bb15a6c9c249e6af98bfd0b61ce3aaf"",""source_sheet"":""中央国家行政机关参照公务员法管理事业单位"",""filter_version"":""government_tech_v2"",""tech_filter"":{""is_tech"":true,""is_core_tech"":true,""scope"":""core"",""categories"":[""computer_software"",""data_ai""],""matched_fields"":[""major"",""description""],""major_terms"":[""计算机科学与技术"",""计算机类"",""软件工程""],""role_terms"":[""数据处理"",""计算机""],""reason"":""tech_major_and_role""},""original"":{""部门代码"":""137111"",""部门名称"":""国家统计局浙江调查总队"",""用人司局"":""国家统计局浙江调查总队"",""机构性质"":""中央国家行政机关参照公务员法管理事业单位"",""招考职位"":""台州调查队业务处室四级主任科员及以下"",""职位属性"":""普通职位"",""职位分布"":""其他职位"",""职位简介"":""从事统计调查、数据处理、统计分析研究、计算机应用管理等工作"",""职位代码"":""400110111011"",""机构层级"":""市（地）级"",""考试类别"":""市（地）级及以下直属机构综合管理类"",""招考人数"":""1"",""专业"":""计算机类0809（本科）、计算机科学与技术0812（研究生）、软件工程0835（研究生）"",""学历"":""本科或硕士研究生"",""学位"":""与最高学历相对应的学位"",""政治面貌"":""不限"",""基层工作最低年限"":""无限制"",""服务基层项目工作经历"":""无限制"",""是否在面试阶段组织专业能力测试"":""否"",""面试人员比例"":""3:1"",""工作地点"":""浙江省台州市"",""落户地点"":""浙江省台州市"",""备注"":""1.本职位专业要求均为专业目录中的专业名称，须以最高学历主修专业报考，报考专业须与招录专业名称一致。2.需使用本地方言开展工作，限懂台州当地方言（台州地区学习生活工作2年以上）。3.本单位最低服务年限为5年（含试用期）。"",""部门网站"":""zjzd.stats.gov.cn"",""咨询电话1"":""0571-89198661"",""咨询电话2"":""0571-89198659"",""咨询电话3"":"""",""来源Sheet"":""中央国家行政机关参照公务员法管理事业单位""}}"
"government_jobs","国家公务员2026招考简章","公务员/事业单位技术岗位","浙江省绍兴市上虞区","2026-07-28T09:12:58.310295+00:00","上虞调查队一级科员","国家统计局浙江调查总队","","浙江省绍兴市上虞区","公务员/事业单位;2026;computer_software;data_ai;仅限本科;学士;统计学类0712；金融学类0203；计算机类0809;市（地）级及以下直属机构综合管理类","用人司局：国家统计局浙江调查总队
职位简介：从事一线入户调查、数据处理、统计分析研究等工作
专业要求：统计学类0712；金融学类0203；计算机类0809
学历要求：仅限本科
学位要求：学士
政治面貌：不限
基层工作经历：无限制
考试类别：市（地）级及以下直属机构综合管理类
备注：1.本职位专业要求均为专业目录中的专业名称，须以最高学历主修专业报考，报考专业须与招录专业名称一致。2.限招应届高校毕业生。3.需使用本地方言开展工作，限懂绍兴当地方言（绍兴地区学习生活工作2年以上）。4.本单位最低服务年限为5年（含试用期）。","http://bm.scs.gov.cn/kl2026#137111-400110111013","2025-10-14","{""dataset_year"":2026,""job_uid"":""GOV-2026-137111-400110111013"",""publisher"":""国家公务员局"",""publication_page"":""http://bm.scs.gov.cn/kl2026"",""attachment_url"":""local://2026_guokao_zhaokaojianzhang.zip"",""local_source_file"":""中央机关及其直属机构2026年度考试录用公务员招考简章.xls"",""local_source_sha256"":""2670bae1df1dd07a3a3c79b9db46a11e3bb15a6c9c249e6af98bfd0b61ce3aaf"",""source_sheet"":""中央国家行政机关参照公务员法管理事业单位"",""filter_version"":""government_tech_v2"",""tech_filter"":{""is_tech"":true,""is_core_tech"":true,""scope"":""core"",""categories"":[""computer_software"",""data_ai""],""matched_fields"":[""major"",""description""],""major_terms"":[""计算机类""],""role_terms"":[""数据处理""],""reason"":""tech_major_and_role""},""original"":{""部门代码"":""137111"",""部门名称"":""国家统计局浙江调查总队"",""用人司局"":""国家统计局浙江调查总队"",""机构性质"":""中央国家行政机关参照公务员法管理事业单位"",""招考职位"":""上虞调查队一级科员"",""职位属性"":""普通职位"",""职位分布"":""其他职位"",""职位简介"":""从事一线入户调查、数据处理、统计分析研究等工作"",""职位代码"":""400110111013"",""机构层级"":""县（区）级及以下"",""考试类别"":""市（地）级及以下直属机构综合管理类"",""招考人数"":""1"",""专业"":""统计学类0712；金融学类0203；计算机类0809"",""学历"":""仅限本科"",""学位"":""学士"",""政治面貌"":""不限"",""基层工作最低年限"":""无限制"",""服务基层项目工作经历"":""无限制"",""是否在面试阶段组织专业能力测试"":""否"",""面试人员比例"":""3:1"",""工作地点"":""浙江省绍兴市上虞区"",""落户地点"":""浙江省绍兴市上虞区"",""备注"":""1.本职位专业要求均为专业目录中的专业名称，须以最高学历主修专业报考，报考专业须与招录专业名称一致。2.限招应届高校毕业生。3.需使用本地方言开展工作，限懂绍兴当地方言（绍兴地区学习生活工作2年以上）。4.本单位最低服务年限为5年（含试用期）。"",""部门网站"":""zjzd.stats.gov.cn"",""咨询电话1"":""0571-89198661"",""咨询电话2"":""0571-89198659"",""咨询电话3"":"""",""来源Sheet"":""中央国家行政机关参照公务员法管理事业单位""}}"
"government_jobs","国家公务员2026招考简章","公务员/事业单位技术岗位","浙江省台州市临海市","2026-07-28T09:12:58.310295+00:00","临海调查队一级科员","国家统计局浙江调查总队","","浙江省台州市临海市","公务员/事业单位;2026;computer_software;data_ai;仅限本科;学士;计算机类0809（不含新媒体技术、电影制作）;市（地）级及以下直属机构综合管理类","用人司局：国家统计局浙江调查总队
职位简介：从事一线入户调查、计算机应用管理、网络管理、数据处理、统计分析研究等工作
专业要求：计算机类0809（不含新媒体技术、电影制作）
学历要求：仅限本科
学位要求：学士
政治面貌：中共党员
基层工作经历：无限制
考试类别：市（地）级及以下直属机构综合管理类
备注：1.本职位专业要求均为专业目录中的专业名称，须以最高学历主修专业报考，报考专业须与招录专业名称一致。2.限招应届高校毕业生。3.需使用本地方言开展工作，限懂台州当地方言（台州地区学习生活工作2年以上）。4.本单位最低服务年限为5年（含试用期）。","http://bm.scs.gov.cn/kl2026#137111-400110111014","2025-10-14","{""dataset_year"":2026,""job_uid"":""GOV-2026-137111-400110111014"",""publisher"":""国家公务员局"",""publication_page"":""http://bm.scs.gov.cn/kl2026"",""attachment_url"":""local://2026_guokao_zhaokaojianzhang.zip"",""local_source_file"":""中央机关及其直属机构2026年度考试录用公务员招考简章.xls"",""local_source_sha256"":""2670bae1df1dd07a3a3c79b9db46a11e3bb15a6c9c249e6af98bfd0b61ce3aaf"",""source_sheet"":""中央国家行政机关参照公务员法管理事业单位"",""filter_version"":""government_tech_v2"",""tech_filter"":{""is_tech"":true,""is_core_tech"":true,""scope"":""core"",""categories"":[""computer_software"",""data_ai""],""matched_fields"":[""major"",""description""],""major_terms"":[""计算机类""],""role_terms"":[""数据处理"",""网络管理"",""计算机""],""reason"":""tech_major_and_role""},""original"":{""部门代码"":""137111"",""部门名称"":""国家统计局浙江调查总队"",""用人司局"":""国家统计局浙江调查总队"",""机构性质"":""中央国家行政机关参照公务员法管理事业单位"",""招考职位"":""临海调查队一级科员"",""职位属性"":""普通职位"",""职位分布"":""其他职位"",""职位简介"":""从事一线入户调查、计算机应用管理、网络管理、数据处理、统计分析研究等工作"",""职位代码"":""400110111014"",""机构层级"":""县（区）级及以下"",""考试类别"":""市（地）级及以下直属机构综合管理类"",""招考人数"":""1"",""专业"":""计算机类0809（不含新媒体技术、电影制作）"",""学历"":""仅限本科"",""学位"":""学士"",""政治面貌"":""中共党员"",""基层工作最低年限"":""无限制"",""服务基层项目工作经历"":""无限制"",""是否在面试阶段组织专业能力测试"":""否"",""面试人员比例"":""3:1"",""工作地点"":""浙江省台州市临海市"",""落户地点"":""浙江省台州市临海市"",""备注"":""1.本职位专业要求均为专业目录中的专业名称，须以最高学历主修专业报考，报考专业须与招录专业名称一致。2.限招应届高校毕业生。3.需使用本地方言开展工作，限懂台州当地方言（台州地区学习生活工作2年以上）。4.本单位最低服务年限为5年（含试用期）。"",""部门网站"":""zjzd.stats.gov.cn"",""咨询电话1"":""0571-89198661"",""咨询电话2"":""0571-89198659"",""咨询电话3"":"""",""来源Sheet"":""中央国家行政机关参照公务员法管理事业单位""}}"
"government_jobs","国家公务员2026招考简章","公务员/事业单位技术岗位","浙江省丽水市龙泉市","2026-07-28T09:12:58.310295+00:00","龙泉调查队一级科员","国家统计局浙江调查总队","","浙江省丽水市龙泉市","公务员/事业单位;2026;computer_software;data_ai;仅限本科;学士;经济学类0201；统计学类0712；数学类0701；计算机类0809（不含电影制作、区块链工程）；工商管理类1202（不含市场营销、市场营销教育、物业管理、创业管理、海关稽查、国际商务、零售业管理）;市（地）级及以下直属机构综合管理类","用人司局：国家统计局浙江调查总队
职位简介：从事一线入户调查、数据处理、统计分析研究、文稿撰写等工作
专业要求：经济学类0201；统计学类0712；数学类0701；计算机类0809（不含电影制作、区块链工程）；工商管理类1202（不含市场营销、市场营销教育、物业管理、创业管理、海关稽查、国际商务、零售业管理）
学历要求：仅限本科
学位要求：学士
政治面貌：中共党员
基层工作经历：无限制
考试类别：市（地）级及以下直属机构综合管理类
备注：1.本职位专业要求均为专业目录中的专业名称，须以最高学历主修专业报考，报考专业须与招录专业名称一致。2.需使用本地方言开展工作，限懂丽水当地方言（丽水地区学习生活工作2年以上）。3.本单位最低服务年限为5年（含试用期）。","http://bm.scs.gov.cn/kl2026#137111-400110111015","2025-10-14","{""dataset_year"":2026,""job_uid"":""GOV-2026-137111-400110111015"",""publisher"":""国家公务员局"",""publication_page"":""http://bm.scs.gov.cn/kl2026"",""attachment_url"":""local://2026_guokao_zhaokaojianzhang.zip"",""local_source_file"":""中央机关及其直属机构2026年度考试录用公务员招考简章.xls"",""local_source_sha256"":""2670bae1df1dd07a3a3c79b9db46a11e3bb15a6c9c249e6af98bfd0b61ce3aaf"",""source_sheet"":""中央国家行政机关参照公务员法管理事业单位"",""filter_version"":""government_tech_v2"",""tech_filter"":{""is_tech"":true,""is_core_tech"":true,""scope"":""core"",""categories"":[""computer_software"",""data_ai""],""matched_fields"":[""major"",""description""],""major_terms"":[""区块链工程"",""计算机类""],""role_terms"":[""数据处理""],""reason"":""tech_major_and_role""},""original"":{""部门代码"":""137111"",""部门名称"":""国家统计局浙江调查总队"",""用人司局"":""国家统计局浙江调查总队"",""机构性质"":""中央国家行政机关参照公务员法管理事业单位"",""招考职位"":""龙泉调查队一级科员"",""职位属性"":""普通职位"",""职位分布"":""其他职位"",""职位简介"":""从事一线入户调查、数据处理、统计分析研究、文稿撰写等工作"",""职位代码"":""400110111015"",""机构层级"":""县（区）级及以下"",""考试类别"":""市（地）级及以下直属机构综合管理类"",""招考人数"":""1"",""专业"":""经济学类0201；统计学类0712；数学类0701；计算机类0809（不含电影制作、区块链工程）；工商管理类1202（不含市场营销、市场营销教育、物业管理、创业管理、海关稽查、国际商务、零售业管理）"",""学历"":""仅限本科"",""学位"":""学士"",""政治面貌"":""中共党员"",""基层工作最低年限"":""无限制"",""服务基层项目工作经历"":""无限制"",""是否在面试阶段组织专业能力测试"":""否"",""面试人员比例"":""3:1"",""工作地点"":""浙江省丽水市龙泉市"",""落户地点"":""浙江省丽水市龙泉市"",""备注"":""1.本职位专业要求均为专业目录中的专业名称，须以最高学历主修专业报考，报考专业须与招录专业名称一致。2.需使用本地方言开展工作，限懂丽水当地方言（丽水地区学习生活工作2年以上）。3.本单位最低服务年限为5年（含试用期）。"",""部门网站"":""zjzd.stats.gov.cn"",""咨询电话1"":""0571-89198661"",""咨询电话2"":""0571-89198659"",""咨询电话3"":"""",""来源Sheet"":""中央国家行政机关参照公务员法管理事业单位""}}"
"government_jobs","国家公务员2026招考简章","公务员/事业单位技术岗位","安徽省合肥市庐阳区","2026-07-28T09:12:58.310295+00:00","安徽调查总队业务处室二级主任科员及以下(1)","国家统计局安徽调查总队","","安徽省合肥市庐阳区","公务员/事业单位;2026;computer_software;data_ai;electronics_communication;仅限硕士研究生;硕士;计算机科学与技术、电子信息;中央机关及其省级直属机构综合管理类","用人司局：国家统计局安徽调查总队
职位简介：从事统计调查、数据处理、统计分析研究、信息化建设等工作
专业要求：计算机科学与技术、电子信息
学历要求：仅限硕士研究生
学位要求：硕士
政治面貌：不限
基层工作经历：无限制
考试类别：中央机关及其省级直属机构综合管理类
备注：1.所列专业均要求最高学历主修专业，考生所学专业须与招录专业名称一致；2.本单位最低服务年限为5年（含试用期）。","http://bm.scs.gov.cn/kl2026#137112-400110112002","2025-10-14","{""dataset_year"":2026,""job_uid"":""GOV-2026-137112-400110112002"",""publisher"":""国家公务员局"",""publication_page"":""http://bm.scs.gov.cn/kl2026"",""attachment_url"":""local://2026_guokao_zhaokaojianzhang.zip"",""local_source_file"":""中央机关及其直属机构2026年度考试录用公务员招考简章.xls"",""local_source_sha256"":""2670bae1df1dd07a3a3c79b9db46a11e3bb15a6c9c249e6af98bfd0b61ce3aaf"",""source_sheet"":""中央国家行政机关参照公务员法管理事业单位"",""filter_version"":""government_tech_v2"",""tech_filter"":{""is_tech"":true,""is_core_tech"":true,""scope"":""core"",""categories"":[""computer_software"",""data_ai"",""electronics_communication""],""matched_fields"":[""major"",""description""],""major_terms"":[""电子信息"",""计算机科学与技术""],""role_terms"":[""信息化"",""数据处理""],""reason"":""tech_major_and_role""},""original"":{""部门代码"":""137112"",""部门名称"":""国家统计局安徽调查总队"",""用人司局"":""国家统计局安徽调查总队"",""机构性质"":""中央国家行政机关参照公务员法管理事业单位"",""招考职位"":""安徽调查总队业务处室二级主任科员及以下(1)"",""职位属性"":""普通职位"",""职位分布"":""其他职位"",""职位简介"":""从事统计调查、数据处理、统计分析研究、信息化建设等工作"",""职位代码"":""400110112002"",""机构层级"":""省（副省）级"",""考试类别"":""中央机关及其省级直属机构综合管理类"",""招考人数"":""1"",""专业"":""计算机科学与技术、电子信息"",""学历"":""仅限硕士研究生"",""学位"":""硕士"",""政治面貌"":""不限"",""基层工作最低年限"":""无限制"",""服务基层项目工作经历"":""无限制"",""是否在面试阶段组织专业能力测试"":""否"",""面试人员比例"":""5:1"",""工作地点"":""安徽省合肥市庐阳区"",""落户地点"":""安徽省合肥市庐阳区"",""备注"":""1.所列专业均要求最高学历主修专业，考生所学专业须与招录专业名称一致；2.本单位最低服务年限为5年（含试用期）。"",""部门网站"":""无"",""咨询电话1"":""0551-68151027"",""咨询电话2"":""0551-68151091"",""咨询电话3"":""0551-68151025"",""来源Sheet"":""中央国家行政机关参照公务员法管理事业单位""}}"
"government_jobs","国家公务员2026招考简章","公务员/事业单位技术岗位","安徽省合肥市蜀山区","2026-07-28T09:12:58.310295+00:00","合肥调查队业务科室四级主任科员","国家统计局安徽调查总队","","安徽省合肥市蜀山区","公务员/事业单位;2026;data_ai;geospatial_remote_sensing;仅限硕士研究生;硕士;应用经济学、应用统计、统计学、遥感科学与技术、地图学与地理信息系统;市（地）级及以下直属机构综合管理类","用人司局：国家统计局安徽调查总队
职位简介：从事统计调查、数据处理、统计分析研究等工作
专业要求：应用经济学、应用统计、统计学、遥感科学与技术、地图学与地理信息系统
学历要求：仅限硕士研究生
学位要求：硕士
政治面貌：不限
基层工作经历：无限制
考试类别：市（地）级及以下直属机构综合管理类
备注：1.所列专业均要求最高学历主修专业，考生所学专业须与招录专业名称一致；2.仅限应届高校毕业生；3.本单位最低服务年限为5年（含试用期）。","http://bm.scs.gov.cn/kl2026#137112-400110112004","2025-10-14","{""dataset_year"":2026,""job_uid"":""GOV-2026-137112-400110112004"",""publisher"":""国家公务员局"",""publication_page"":""http://bm.scs.gov.cn/kl2026"",""attachment_url"":""local://2026_guokao_zhaokaojianzhang.zip"",""local_source_file"":""中央机关及其直属机构2026年度考试录用公务员招考简章.xls"",""local_source_sha256"":""2670bae1df1dd07a3a3c79b9db46a11e3bb15a6c9c249e6af98bfd0b61ce3aaf"",""source_sheet"":""中央国家行政机关参照公务员法管理事业单位"",""filter_version"":""government_tech_v2"",""tech_filter"":{""is_tech"":true,""is_core_tech"":true,""scope"":""core"",""categories"":[""data_ai"",""geospatial_remote_sensing""],""matched_fields"":[""major"",""description""],""major_terms"":[""地图学与地理信息系统"",""地理信息系统"",""遥感科学与技术""],""role_terms"":[""数据处理""],""reason"":""tech_major_and_role""},""original"":{""部门代码"":""137112"",""部门名称"":""国家统计局安徽调查总队"",""用人司局"":""国家统计局安徽调查总队"",""机构性质"":""中央国家行政机关参照公务员法管理事业单位"",""招考职位"":""合肥调查队业务科室四级主任科员"",""职位属性"":""普通职位"",""职位分布"":""其他职位"",""职位简介"":""从事统计调查、数据处理、统计分析研究等工作"",""职位代码"":""400110112004"",""机构层级"":""市（地）级"",""考试类别"":""市（地）级及以下直属机构综合管理类"",""招考人数"":""1"",""专业"":""应用经济学、应用统计、统计学、遥感科学与技术、地图学与地理信息系统"",""学历"":""仅限硕士研究生"",""学位"":""硕士"",""政治面貌"":""不限"",""基层工作最低年限"":""无限制"",""服务基层项目工作经历"":""无限制"",""是否在面试阶段组织专业能力测试"":""否"",""面试人员比例"":""3:1"",""工作地点"":""安徽省合肥市蜀山区"",""落户地点"":""安徽省合肥市蜀山区"",""备注"":""1.所列专业均要求最高学历主修专业，考生所学专业须与招录专业名称一致；2.仅限应届高校毕业生；3.本单位最低服务年限为5年（含试用期）。"",""部门网站"":""无"",""咨询电话1"":""0551-68151027"",""咨询电话2"":""0551-68151091"",""咨询电话3"":""0551-68151025"",""来源Sheet"":""中央国家行政机关参照公务员法管理事业单位""}}"
"government_jobs","国家公务员2026招考简章","公务员/事业单位技术岗位","安徽省宿州市埇桥区","2026-07-28T09:12:58.310295+00:00","宿州调查队业务科室四级主任科员及以下","国家统计局安徽调查总队","","安徽省宿州市埇桥区","公务员/事业单位;2026;computer_software;data_ai;geospatial_remote_sensing;本科或硕士研究生;与最高学历相对应的学位;本科：统计学、应用统计学、经济统计学；数学类（不含数理基础科学）；数据科学与大数据技术；遥感科学与技术 研究生：应用经济学、统计学、应用统计、数学、遥感科学与技术、地图学与地理信息系统;市（地）级及以下直属机构综合管理类","用人司局：国家统计局安徽调查总队
职位简介：从事统计调查、数据处理、统计分析研究等工作
专业要求：本科：统计学、应用统计学、经济统计学；数学类（不含数理基础科学）；数据科学与大数据技术；遥感科学与技术 研究生：应用经济学、统计学、应用统计、数学、遥感科学与技术、地图学与地理信息系统
学历要求：本科或硕士研究生
学位要求：与最高学历相对应的学位
政治面貌：不限
基层工作经历：无限制
考试类别：市（地）级及以下直属机构综合管理类
备注：1.所列专业均要求最高学历主修专业，考生所学专业须与招录专业名称一致；2.仅限应届高校毕业生；3.本单位最低服务年限为5年（含试用期）。","http://bm.scs.gov.cn/kl2026#137112-400110112005","2025-10-14","{""dataset_year"":2026,""job_uid"":""GOV-2026-137112-400110112005"",""publisher"":""国家公务员局"",""publication_page"":""http://bm.scs.gov.cn/kl2026"",""attachment_url"":""local://2026_guokao_zhaokaojianzhang.zip"",""local_source_file"":""中央机关及其直属机构2026年度考试录用公务员招考简章.xls"",""local_source_sha256"":""2670bae1df1dd07a3a3c79b9db46a11e3bb15a6c9c249e6af98bfd0b61ce3aaf"",""source_sheet"":""中央国家行政机关参照公务员法管理事业单位"",""filter_version"":""government_tech_v2"",""tech_filter"":{""is_tech"":true,""is_core_tech"":true,""scope"":""core"",""categories"":[""computer_software"",""data_ai"",""geospatial_remote_sensing""],""matched_fields"":[""major"",""description""],""major_terms"":[""地图学与地理信息系统"",""地理信息系统"",""大数据"",""数据科学与大数据技术"",""遥感科学与技术""],""role_terms"":[""数据处理""],""reason"":""tech_major_and_role""},""original"":{""部门代码"":""137112"",""部门名称"":""国家统计局安徽调查总队"",""用人司局"":""国家统计局安徽调查总队"",""机构性质"":""中央国家行政机关参照公务员法管理事业单位"",""招考职位"":""宿州调查队业务科室四级主任科员及以下"",""职位属性"":""普通职位"",""职位分布"":""其他职位"",""职位简介"":""从事统计调查、数据处理、统计分析研究等工作"",""职位代码"":""400110112005"",""机构层级"":""市（地）级"",""考试类别"":""市（地）级及以下直属机构综合管理类"",""招考人数"":""1"",""专业"":""本科：统计学、应用统计学、经济统计学；数学类（不含数理基础科学）；数据科学与大数据技术；遥感科学与技术 研究生：应用经济学、统计学、应用统计、数学、遥感科学与技术、地图学与地理信息系统"",""学历"":""本科或硕士研究生"",""学位"":""与最高学历相对应的学位"",""政治面貌"":""不限"",""基层工作最低年限"":""无限制"",""服务基层项目工作经历"":""无限制"",""是否在面试阶段组织专业能力测试"":""否"",""面试人员比例"":""3:1"",""工作地点"":""安徽省宿州市埇桥区"",""落户地点"":""安徽省宿州市埇桥区"",""备注"":""1.所列专业均要求最高学历主修专业，考生所学专业须与招录专业名称一致；2.仅限应届高校毕业生；3.本单位最低服务年限为5年（含试用期）。"",""部门网站"":""无"",""咨询电话1"":""0551-68151027"",""咨询电话2"":""0551-68151091"",""咨询电话3"":""0551-68151025"",""来源Sheet"":""中央国家行政机关参照公务员法管理事业单位""}}"
"government_jobs","国家公务员2026招考简章","公务员/事业单位技术岗位","安徽省蚌埠市蚌山区","2026-07-28T09:12:58.310295+00:00","蚌埠调查队业务科室四级主任科员及以下","国家统计局安徽调查总队","","安徽省蚌埠市蚌山区","公务员/事业单位;2026;computer_software;data_ai;geospatial_remote_sensing;本科或硕士研究生;与最高学历相对应的学位;本科：统计学、应用统计学、经济统计学；数学类（不含数理基础科学）；数据科学与大数据技术；遥感科学与技术 研究生：应用经济学、统计学、应用统计、数学、遥感科学与技术、地图学与地理信息系统;市（地）级及以下直属机构综合管理类","用人司局：国家统计局安徽调查总队
职位简介：从事统计调查、数据处理、统计分析研究等工作
专业要求：本科：统计学、应用统计学、经济统计学；数学类（不含数理基础科学）；数据科学与大数据技术；遥感科学与技术 研究生：应用经济学、统计学、应用统计、数学、遥感科学与技术、地图学与地理信息系统
学历要求：本科或硕士研究生
学位要求：与最高学历相对应的学位
政治面貌：不限
基层工作经历：无限制
考试类别：市（地）级及以下直属机构综合管理类
备注：1.所列专业均要求最高学历主修专业，考生所学专业须与招录专业名称一致；2.仅限应届高校毕业生；3.本单位最低服务年限为5年（含试用期）。","http://bm.scs.gov.cn/kl2026#137112-400110112006","2025-10-14","{""dataset_year"":2026,""job_uid"":""GOV-2026-137112-400110112006"",""publisher"":""国家公务员局"",""publication_page"":""http://bm.scs.gov.cn/kl2026"",""attachment_url"":""local://2026_guokao_zhaokaojianzhang.zip"",""local_source_file"":""中央机关及其直属机构2026年度考试录用公务员招考简章.xls"",""local_source_sha256"":""2670bae1df1dd07a3a3c79b9db46a11e3bb15a6c9c249e6af98bfd0b61ce3aaf"",""source_sheet"":""中央国家行政机关参照公务员法管理事业单位"",""filter_version"":""government_tech_v2"",""tech_filter"":{""is_tech"":true,""is_core_tech"":true,""scope"":""core"",""categories"":[""computer_software"",""data_ai"",""geospatial_remote_sensing""],""matched_fields"":[""major"",""description""],""major_terms"":[""地图学与地理信息系统"",""地理信息系统"",""大数据"",""数据科学与大数据技术"",""遥感科学与技术""],""role_terms"":[""数据处理""],""reason"":""tech_major_and_role""},""original"":{""部门代码"":""137112"",""部门名称"":""国家统计局安徽调查总队"",""用人司局"":""国家统计局安徽调查总队"",""机构性质"":""中央国家行政机关参照公务员法管理事业单位"",""招考职位"":""蚌埠调查队业务科室四级主任科员及以下"",""职位属性"":""普通职位"",""职位分布"":""其他职位"",""职位简介"":""从事统计调查、数据处理、统计分析研究等工作"",""职位代码"":""400110112006"",""机构层级"":""市（地）级"",""考试类别"":""市（地）级及以下直属机构综合管理类"",""招考人数"":""1"",""专业"":""本科：统计学、应用统计学、经济统计学；数学类（不含数理基础科学）；数据科学与大数据技术；遥感科学与技术 研究生：应用经济学、统计学、应用统计、数学、遥感科学与技术、地图学与地理信息系统"",""学历"":""本科或硕士研究生"",""学位"":""与最高学历相对应的学位"",""政治面貌"":""不限"",""基层工作最低年限"":""无限制"",""服务基层项目工作经历"":""无限制"",""是否在面试阶段组织专业能力测试"":""否"",""面试人员比例"":""3:1"",""工作地点"":""安徽省蚌埠市蚌山区"",""落户地点"":""安徽省蚌埠市蚌山区"",""备注"":""1.所列专业均要求最高学历主修专业，考生所学专业须与招录专业名称一致；2.仅限应届高校毕业生；3.本单位最低服务年限为5年（含试用期）。"",""部门网站"":""无"",""咨询电话1"":""0551-68151027"",""咨询电话2"":""0551-68151091"",""咨询电话3"":""0551-68151025"",""来源Sheet"":""中央国家行政机关参照公务员法管理事业单位""}}"
"government_jobs","国家公务员2026招考简章","公务员/事业单位技术岗位","安徽省芜湖市镜湖区","2026-07-28T09:12:58.310295+00:00","芜湖调查队业务科室四级主任科员","国家统计局安徽调查总队","","安徽省芜湖市镜湖区","公务员/事业单位;2026;data_ai;geospatial_remote_sensing;仅限硕士研究生;硕士;遥感科学与技术、地图学与地理信息系统;市（地）级及以下直属机构综合管理类","用人司局：国家统计局安徽调查总队
职位简介：从事统计调查、数据处理、统计分析研究等工作
专业要求：遥感科学与技术、地图学与地理信息系统
学历要求：仅限硕士研究生
学位要求：硕士
政治面貌：不限
基层工作经历：无限制
考试类别：市（地）级及以下直属机构综合管理类
备注：1.所列专业均要求最高学历主修专业，考生所学专业须与招录专业名称一致；2.仅限应届高校毕业生；3.本单位最低服务年限为5年（含试用期）。","http://bm.scs.gov.cn/kl2026#137112-400110112007","2025-10-14","{""dataset_year"":2026,""job_uid"":""GOV-2026-137112-400110112007"",""publisher"":""国家公务员局"",""publication_page"":""http://bm.scs.gov.cn/kl2026"",""attachment_url"":""local://2026_guokao_zhaokaojianzhang.zip"",""local_source_file"":""中央机关及其直属机构2026年度考试录用公务员招考简章.xls"",""local_source_sha256"":""2670bae1df1dd07a3a3c79b9db46a11e3bb15a6c9c249e6af98bfd0b61ce3aaf"",""source_sheet"":""中央国家行政机关参照公务员法管理事业单位"",""filter_version"":""government_tech_v2"",""tech_filter"":{""is_tech"":true,""is_core_tech"":true,""scope"":""core"",""categories"":[""data_ai"",""geospatial_remote_sensing""],""matched_fields"":[""major"",""description""],""major_terms"":[""地图学与地理信息系统"",""地理信息系统"",""遥感科学与技术""],""role_terms"":[""数据处理""],""reason"":""tech_major_and_role""},""original"":{""部门代码"":""137112"",""部门名称"":""国家统计局安徽调查总队"",""用人司局"":""国家统计局安徽调查总队"",""机构性质"":""中央国家行政机关参照公务员法管理事业单位"",""招考职位"":""芜湖调查队业务科室四级主任科员"",""职位属性"":""普通职位"",""职位分布"":""其他职位"",""职位简介"":""从事统计调查、数据处理、统计分析研究等工作"",""职位代码"":""400110112007"",""机构层级"":""市（地）级"",""考试类别"":""市（地）级及以下直属机构综合管理类"",""招考人数"":""1"",""专业"":""遥感科学与技术、地图学与地理信息系统"",""学历"":""仅限硕士研究生"",""学位"":""硕士"",""政治面貌"":""不限"",""基层工作最低年限"":""无限制"",""服务基层项目工作经历"":""无限制"",""是否在面试阶段组织专业能力测试"":""否"",""面试人员比例"":""3:1"",""工作地点"":""安徽省芜湖市镜湖区"",""落户地点"":""安徽省芜湖市镜湖区"",""备注"":""1.所列专业均要求最高学历主修专业，考生所学专业须与招录专业名称一致；2.仅限应届高校毕业生；3.本单位最低服务年限为5年（含试用期）。"",""部门网站"":""无"",""咨询电话1"":""0551-68151027"",""咨询电话2"":""0551-68151091"",""咨询电话3"":""0551-68151025"",""来源Sheet"":""中央国家行政机关参照公务员法管理事业单位""}}"
"government_jobs","国家公务员2026招考简章","公务员/事业单位技术岗位","安徽省池州市贵池区","2026-07-28T09:12:58.310295+00:00","池州调查队业务科室四级主任科员及以下","国家统计局安徽调查总队","","安徽省池州市贵池区","公务员/事业单位;2026;computer_software;data_ai;geospatial_remote_sensing;本科或硕士研究生;与最高学历相对应的学位;本科：统计学、应用统计学、经济统计学；数学类（不含数理基础科学）；数据科学与大数据技术；遥感科学与技术 研究生：应用经济学、统计学、应用统计、数学、遥感科学与技术、地图学与地理信息系统;市（地）级及以下直属机构综合管理类","用人司局：国家统计局安徽调查总队
职位简介：从事统计调查、数据处理、统计分析研究等工作
专业要求：本科：统计学、应用统计学、经济统计学；数学类（不含数理基础科学）；数据科学与大数据技术；遥感科学与技术 研究生：应用经济学、统计学、应用统计、数学、遥感科学与技术、地图学与地理信息系统
学历要求：本科或硕士研究生
学位要求：与最高学历相对应的学位
政治面貌：不限
基层工作经历：无限制
考试类别：市（地）级及以下直属机构综合管理类
备注：1.所列专业均要求最高学历主修专业，考生所学专业须与招录专业名称一致；2.仅限应届高校毕业生；3.本单位最低服务年限为5年（含试用期）。","http://bm.scs.gov.cn/kl2026#137112-400110112008","2025-10-14","{""dataset_year"":2026,""job_uid"":""GOV-2026-137112-400110112008"",""publisher"":""国家公务员局"",""publication_page"":""http://bm.scs.gov.cn/kl2026"",""attachment_url"":""local://2026_guokao_zhaokaojianzhang.zip"",""local_source_file"":""中央机关及其直属机构2026年度考试录用公务员招考简章.xls"",""local_source_sha256"":""2670bae1df1dd07a3a3c79b9db46a11e3bb15a6c9c249e6af98bfd0b61ce3aaf"",""source_sheet"":""中央国家行政机关参照公务员法管理事业单位"",""filter_version"":""government_tech_v2"",""tech_filter"":{""is_tech"":true,""is_core_tech"":true,""scope"":""core"",""categories"":[""computer_software"",""data_ai"",""geospatial_remote_sensing""],""matched_fields"":[""major"",""description""],""major_terms"":[""地图学与地理信息系统"",""地理信息系统"",""大数据"",""数据科学与大数据技术"",""遥感科学与技术""],""role_terms"":[""数据处理""],""reason"":""tech_major_and_role""},""original"":{""部门代码"":""137112"",""部门名称"":""国家统计局安徽调查总队"",""用人司局"":""国家统计局安徽调查总队"",""机构性质"":""中央国家行政机关参照公务员法管理事业单位"",""招考职位"":""池州调查队业务科室四级主任科员及以下"",""职位属性"":""普通职位"",""职位分布"":""其他职位"",""职位简介"":""从事统计调查、数据处理、统计分析研究等工作"",""职位代码"":""400110112008"",""机构层级"":""市（地）级"",""考试类别"":""市（地）级及以下直属机构综合管理类"",""招考人数"":""1"",""专业"":""本科：统计学、应用统计学、经济统计学；数学类（不含数理基础科学）；数据科学与大数据技术；遥感科学与技术 研究生：应用经济学、统计学、应用统计、数学、遥感科学与技术、地图学与地理信息系统"",""学历"":""本科或硕士研究生"",""学位"":""与最高学历相对应的学位"",""政治面貌"":""不限"",""基层工作最低年限"":""无限制"",""服务基层项目工作经历"":""无限制"",""是否在面试阶段组织专业能力测试"":""否"",""面试人员比例"":""3:1"",""工作地点"":""安徽省池州市贵池区"",""落户地点"":""安徽省池州市贵池区"",""备注"":""1.所列专业均要求最高学历主修专业，考生所学专业须与招录专业名称一致；2.仅限应届高校毕业生；3.本单位最低服务年限为5年（含试用期）。"",""部门网站"":""无"",""咨询电话1"":""0551-68151027"",""咨询电话2"":""0551-68151091"",""咨询电话3"":""0551-68151025"",""来源Sheet"":""中央国家行政机关参照公务员法管理事业单位""}}"
"government_jobs","国家公务员2026招考简章","公务员/事业单位技术岗位","安徽省安庆市宜秀区","2026-07-28T09:12:58.310295+00:00","安庆调查队业务科室四级主任科员","国家统计局安徽调查总队","","安徽省安庆市宜秀区","公务员/事业单位;2026;data_ai;geospatial_remote_sensing;仅限硕士研究生;硕士;应用经济学、应用统计、统计学、数学、遥感科学与技术、地图学与地理信息系统;市（地）级及以下直属机构综合管理类","用人司局：国家统计局安徽调查总队
职位简介：从事统计调查、数据处理、统计分析研究等工作
专业要求：应用经济学、应用统计、统计学、数学、遥感科学与技术、地图学与地理信息系统
学历要求：仅限硕士研究生
学位要求：硕士
政治面貌：不限
基层工作经历：无限制
考试类别：市（地）级及以下直属机构综合管理类
备注：1.所列专业均要求最高学历主修专业，考生所学专业须与招录专业名称一致；2.仅限应届高校毕业生；3.本单位最低服务年限为5年（含试用期）。","http://bm.scs.gov.cn/kl2026#137112-400110112009","2025-10-14","{""dataset_year"":2026,""job_uid"":""GOV-2026-137112-400110112009"",""publisher"":""国家公务员局"",""publication_page"":""http://bm.scs.gov.cn/kl2026"",""attachment_url"":""local://2026_guokao_zhaokaojianzhang.zip"",""local_source_file"":""中央机关及其直属机构2026年度考试录用公务员招考简章.xls"",""local_source_sha256"":""2670bae1df1dd07a3a3c79b9db46a11e3bb15a6c9c249e6af98bfd0b61ce3aaf"",""source_sheet"":""中央国家行政机关参照公务员法管理事业单位"",""filter_version"":""government_tech_v2"",""tech_filter"":{""is_tech"":true,""is_core_tech"":true,""scope"":""core"",""categories"":[""data_ai"",""geospatial_remote_sensing""],""matched_fields"":[""major"",""description""],""major_terms"":[""地图学与地理信息系统"",""地理信息系统"",""遥感科学与技术""],""role_terms"":[""数据处理""],""reason"":""tech_major_and_role""},""original"":{""部门代码"":""137112"",""部门名称"":""国家统计局安徽调查总队"",""用人司局"":""国家统计局安徽调查总队"",""机构性质"":""中央国家行政机关参照公务员法管理事业单位"",""招考职位"":""安庆调查队业务科室四级主任科员"",""职位属性"":""普通职位"",""职位分布"":""其他职位"",""职位简介"":""从事统计调查、数据处理、统计分析研究等工作"",""职位代码"":""400110112009"",""机构层级"":""市（地）级"",""考试类别"":""市（地）级及以下直属机构综合管理类"",""招考人数"":""1"",""专业"":""应用经济学、应用统计、统计学、数学、遥感科学与技术、地图学与地理信息系统"",""学历"":""仅限硕士研究生"",""学位"":""硕士"",""政治面貌"":""不限"",""基层工作最低年限"":""无限制"",""服务基层项目工作经历"":""无限制"",""是否在面试阶段组织专业能力测试"":""否"",""面试人员比例"":""3:1"",""工作地点"":""安徽省安庆市宜秀区"",""落户地点"":""安徽省安庆市宜秀区"",""备注"":""1.所列专业均要求最高学历主修专业，考生所学专业须与招录专业名称一致；2.仅限应届高校毕业生；3.本单位最低服务年限为5年（含试用期）。"",""部门网站"":""无"",""咨询电话1"":""0551-68151027"",""咨询电话2"":""0551-68151091"",""咨询电话3"":""0551-68151025"",""来源Sheet"":""中央国家行政机关参照公务员法管理事业单位""}}"
"government_jobs","国家公务员2026招考简章","公务员/事业单位技术岗位","安徽省亳州市涡阳县","2026-07-28T09:12:58.310295+00:00","涡阳调查队一级科员","国家统计局安徽调查总队","","安徽省亳州市涡阳县","公务员/事业单位;2026;computer_software;data_ai;仅限本科;学士;统计学、应用统计学；经济学、经济统计学、国民经济管理；数学类（不含数理基础科学）；数据科学与大数据技术；会计学;市（地）级及以下直属机构综合管理类","用人司局：国家统计局安徽调查总队
职位简介：从事统计调查、数据处理、统计分析研究等工作
专业要求：统计学、应用统计学；经济学、经济统计学、国民经济管理；数学类（不含数理基础科学）；数据科学与大数据技术；会计学
学历要求：仅限本科
学位要求：学士
政治面貌：不限
基层工作经历：无限制
考试类别：市（地）级及以下直属机构综合管理类
备注：1.所列专业均要求主修专业，考生所学专业须与招录专业名称一致；2.仅限应届高校毕业生；3.本单位最低服务年限为5年（含试用期）。","http://bm.scs.gov.cn/kl2026#137112-400110112010","2025-10-14","{""dataset_year"":2026,""job_uid"":""GOV-2026-137112-400110112010"",""publisher"":""国家公务员局"",""publication_page"":""http://bm.scs.gov.cn/kl2026"",""attachment_url"":""local://2026_guokao_zhaokaojianzhang.zip"",""local_source_file"":""中央机关及其直属机构2026年度考试录用公务员招考简章.xls"",""local_source_sha256"":""2670bae1df1dd07a3a3c79b9db46a11e3bb15a6c9c249e6af98bfd0b61ce3aaf"",""source_sheet"":""中央国家行政机关参照公务员法管理事业单位"",""filter_version"":""government_tech_v2"",""tech_filter"":{""is_tech"":true,""is_core_tech"":true,""scope"":""core"",""categories"":[""computer_software"",""data_ai""],""matched_fields"":[""major"",""description""],""major_terms"":[""大数据"",""数据科学与大数据技术""],""role_terms"":[""数据处理""],""reason"":""tech_major_and_role""},""original"":{""部门代码"":""137112"",""部门名称"":""国家统计局安徽调查总队"",""用人司局"":""国家统计局安徽调查总队"",""机构性质"":""中央国家行政机关参照公务员法管理事业单位"",""招考职位"":""涡阳调查队一级科员"",""职位属性"":""普通职位"",""职位分布"":""其他职位"",""职位简介"":""从事统计调查、数据处理、统计分析研究等工作"",""职位代码"":""400110112010"",""机构层级"":""县（区）级及以下"",""考试类别"":""市（地）级及以下直属机构综合管理类"",""招考人数"":""1"",""专业"":""统计学、应用统计学；经济学、经济统计学、国民经济管理；数学类（不含数理基础科学）；数据科学与大数据技术；会计学"",""学历"":""仅限本科"",""学位"":""学士"",""政治面貌"":""不限"",""基层工作最低年限"":""无限制"",""服务基层项目工作经历"":""无限制"",""是否在面试阶段组织专业能力测试"":""否"",""面试人员比例"":""3:1"",""工作地点"":""安徽省亳州市涡阳县"",""落户地点"":""安徽省亳州市涡阳县"",""备注"":""1.所列专业均要求主修专业，考生所学专业须与招录专业名称一致；2.仅限应届高校毕业生；3.本单位最低服务年限为5年（含试用期）。"",""部门网站"":""无"",""咨询电话1"":""0551-68151027"",""咨询电话2"":""0551-68151091"",""咨询电话3"":""0551-68151025"",""来源Sheet"":""中央国家行政机关参照公务员法管理事业单位""}}"
"government_jobs","国家公务员2026招考简章","公务员/事业单位技术岗位","安徽省宿州市灵璧县","2026-07-28T09:12:58.310295+00:00","灵璧调查队一级科员","国家统计局安徽调查总队","","安徽省宿州市灵璧县","公务员/事业单位;2026;computer_software;data_ai;仅限本科;学士;统计学、应用统计学；经济学、经济统计学、国民经济管理；数学类（不含数理基础科学）；数据科学与大数据技术;市（地）级及以下直属机构综合管理类","用人司局：国家统计局安徽调查总队
职位简介：从事统计调查、数据处理、统计分析研究等工作
专业要求：统计学、应用统计学；经济学、经济统计学、国民经济管理；数学类（不含数理基础科学）；数据科学与大数据技术
学历要求：仅限本科
学位要求：学士
政治面貌：不限
基层工作经历：无限制
考试类别：市（地）级及以下直属机构综合管理类
备注：1.所列专业均要求主修专业，考生所学专业须与招录专业名称一致；2.仅限应届高校毕业生；3.本单位最低服务年限为5年（含试用期）。","http://bm.scs.gov.cn/kl2026#137112-400110112011","2025-10-14","{""dataset_year"":2026,""job_uid"":""GOV-2026-137112-400110112011"",""publisher"":""国家公务员局"",""publication_page"":""http://bm.scs.gov.cn/kl2026"",""attachment_url"":""local://2026_guokao_zhaokaojianzhang.zip"",""local_source_file"":""中央机关及其直属机构2026年度考试录用公务员招考简章.xls"",""local_source_sha256"":""2670bae1df1dd07a3a3c79b9db46a11e3bb15a6c9c249e6af98bfd0b61ce3aaf"",""source_sheet"":""中央国家行政机关参照公务员法管理事业单位"",""filter_version"":""government_tech_v2"",""tech_filter"":{""is_tech"":true,""is_core_tech"":true,""scope"":""core"",""categories"":[""computer_software"",""data_ai""],""matched_fields"":[""major"",""description""],""major_terms"":[""大数据"",""数据科学与大数据技术""],""role_terms"":[""数据处理""],""reason"":""tech_major_and_role""},""original"":{""部门代码"":""137112"",""部门名称"":""国家统计局安徽调查总队"",""用人司局"":""国家统计局安徽调查总队"",""机构性质"":""中央国家行政机关参照公务员法管理事业单位"",""招考职位"":""灵璧调查队一级科员"",""职位属性"":""普通职位"",""职位分布"":""其他职位"",""职位简介"":""从事统计调查、数据处理、统计分析研究等工作"",""职位代码"":""400110112011"",""机构层级"":""县（区）级及以下"",""考试类别"":""市（地）级及以下直属机构综合管理类"",""招考人数"":""1"",""专业"":""统计学、应用统计学；经济学、经济统计学、国民经济管理；数学类（不含数理基础科学）；数据科学与大数据技术"",""学历"":""仅限本科"",""学位"":""学士"",""政治面貌"":""不限"",""基层工作最低年限"":""无限制"",""服务基层项目工作经历"":""无限制"",""是否在面试阶段组织专业能力测试"":""否"",""面试人员比例"":""3:1"",""工作地点"":""安徽省宿州市灵璧县"",""落户地点"":""安徽省宿州市灵璧县"",""备注"":""1.所列专业均要求主修专业，考生所学专业须与招录专业名称一致；2.仅限应届高校毕业生；3.本单位最低服务年限为5年（含试用期）。"",""部门网站"":""无"",""咨询电话1"":""0551-68151027"",""咨询电话2"":""0551-68151091"",""咨询电话3"":""0551-68151025"",""来源Sheet"":""中央国家行政机关参照公务员法管理事业单位""}}"
"government_jobs","国家公务员2026招考简章","公务员/事业单位技术岗位","安徽省阜阳市阜南县","2026-07-28T09:12:58.310295+00:00","阜南调查队一级科员","国家统计局安徽调查总队","","安徽省阜阳市阜南县","公务员/事业单位;2026;computer_software;data_ai;仅限本科;学士;统计学、应用统计学；经济学、经济统计学、国民经济管理；数学类（不含数理基础科学）；数据科学与大数据技术；农学;市（地）级及以下直属机构综合管理类","用人司局：国家统计局安徽调查总队
职位简介：从事统计调查、数据处理、统计分析研究等工作
专业要求：统计学、应用统计学；经济学、经济统计学、国民经济管理；数学类（不含数理基础科学）；数据科学与大数据技术；农学
学历要求：仅限本科
学位要求：学士
政治面貌：不限
基层工作经历：无限制
考试类别：市（地）级及以下直属机构综合管理类
备注：1.所列专业均要求主修专业，考生所学专业须与招录专业名称一致；2.仅限应届高校毕业生；3.本单位最低服务年限为5年（含试用期）。","http://bm.scs.gov.cn/kl2026#137112-400110112012","2025-10-14","{""dataset_year"":2026,""job_uid"":""GOV-2026-137112-400110112012"",""publisher"":""国家公务员局"",""publication_page"":""http://bm.scs.gov.cn/kl2026"",""attachment_url"":""local://2026_guokao_zhaokaojianzhang.zip"",""local_source_file"":""中央机关及其直属机构2026年度考试录用公务员招考简章.xls"",""local_source_sha256"":""2670bae1df1dd07a3a3c79b9db46a11e3bb15a6c9c249e6af98bfd0b61ce3aaf"",""source_sheet"":""中央国家行政机关参照公务员法管理事业单位"",""filter_version"":""government_tech_v2"",""tech_filter"":{""is_tech"":true,""is_core_tech"":true,""scope"":""core"",""categories"":[""computer_software"",""data_ai""],""matched_fields"":[""major"",""description""],""major_terms"":[""大数据"",""数据科学与大数据技术""],""role_terms"":[""数据处理""],""reason"":""tech_major_and_role""},""original"":{""部门代码"":""137112"",""部门名称"":""国家统计局安徽调查总队"",""用人司局"":""国家统计局安徽调查总队"",""机构性质"":""中央国家行政机关参照公务员法管理事业单位"",""招考职位"":""阜南调查队一级科员"",""职位属性"":""普通职位"",""职位分布"":""其他职位"",""职位简介"":""从事统计调查、数据处理、统计分析研究等工作"",""职位代码"":""400110112012"",""机构层级"":""县（区）级及以下"",""考试类别"":""市（地）级及以下直属机构综合管理类"",""招考人数"":""1"",""专业"":""统计学、应用统计学；经济学、经济统计学、国民经济管理；数学类（不含数理基础科学）；数据科学与大数据技术；农学"",""学历"":""仅限本科"",""学位"":""学士"",""政治面貌"":""不限"",""基层工作最低年限"":""无限制"",""服务基层项目工作经历"":""无限制"",""是否在面试阶段组织专业能力测试"":""否"",""面试人员比例"":""3:1"",""工作地点"":""安徽省阜阳市阜南县"",""落户地点"":""安徽省阜阳市阜南县"",""备注"":""1.所列专业均要求主修专业，考生所学专业须与招录专业名称一致；2.仅限应届高校毕业生；3.本单位最低服务年限为5年（含试用期）。"",""部门网站"":""无"",""咨询电话1"":""0551-68151027"",""咨询电话2"":""0551-68151091"",""咨询电话3"":""0551-68151025"",""来源Sheet"":""中央国家行政机关参照公务员法管理事业单位""}}"
"government_jobs","国家公务员2026招考简章","公务员/事业单位技术岗位","安徽省滁州市全椒县","2026-07-28T09:12:58.310295+00:00","全椒调查队一级科员","国家统计局安徽调查总队","","安徽省滁州市全椒县","公务员/事业单位;2026;computer_software;data_ai;仅限本科;学士;统计学类、应用统计学、经济统计学；数据科学与大数据技术;市（地）级及以下直属机构综合管理类","用人司局：国家统计局安徽调查总队
职位简介：从事统计调查、数据处理、统计分析研究等工作
专业要求：统计学类、应用统计学、经济统计学；数据科学与大数据技术
学历要求：仅限本科
学位要求：学士
政治面貌：不限
基层工作经历：二年
考试类别：市（地）级及以下直属机构综合管理类
备注：1.本岗位定向招录服务期满且考核合格的“三支一扶”计划人员；2.所列专业均要求主修专业，考生所学专业须与招录专业名称一致；3.本单位最低服务年限为5年（含试用期）。","http://bm.scs.gov.cn/kl2026#137112-400110112013","2025-10-14","{""dataset_year"":2026,""job_uid"":""GOV-2026-137112-400110112013"",""publisher"":""国家公务员局"",""publication_page"":""http://bm.scs.gov.cn/kl2026"",""attachment_url"":""local://2026_guokao_zhaokaojianzhang.zip"",""local_source_file"":""中央机关及其直属机构2026年度考试录用公务员招考简章.xls"",""local_source_sha256"":""2670bae1df1dd07a3a3c79b9db46a11e3bb15a6c9c249e6af98bfd0b61ce3aaf"",""source_sheet"":""中央国家行政机关参照公务员法管理事业单位"",""filter_version"":""government_tech_v2"",""tech_filter"":{""is_tech"":true,""is_core_tech"":true,""scope"":""core"",""categories"":[""computer_software"",""data_ai""],""matched_fields"":[""major"",""description""],""major_terms"":[""大数据"",""数据科学与大数据技术""],""role_terms"":[""数据处理""],""reason"":""tech_major_and_role""},""original"":{""部门代码"":""137112"",""部门名称"":""国家统计局安徽调查总队"",""用人司局"":""国家统计局安徽调查总队"",""机构性质"":""中央国家行政机关参照公务员法管理事业单位"",""招考职位"":""全椒调查队一级科员"",""职位属性"":""普通职位"",""职位分布"":""其他职位"",""职位简介"":""从事统计调查、数据处理、统计分析研究等工作"",""职位代码"":""400110112013"",""机构层级"":""县（区）级及以下"",""考试类别"":""市（地）级及以下直属机构综合管理类"",""招考人数"":""1"",""专业"":""统计学类、应用统计学、经济统计学；数据科学与大数据技术"",""学历"":""仅限本科"",""学位"":""学士"",""政治面貌"":""不限"",""基层工作最低年限"":""二年"",""服务基层项目工作经历"":""“三支一扶”计划"",""是否在面试阶段组织专业能力测试"":""否"",""面试人员比例"":""3:1"",""工作地点"":""安徽省滁州市全椒县"",""落户地点"":""安徽省滁州市全椒县"",""备注"":""1.本岗位定向招录服务期满且考核合格的“三支一扶”计划人员；2.所列专业均要求主修专业，考生所学专业须与招录专业名称一致；3.本单位最低服务年限为5年（含试用期）。"",""部门网站"":""无"",""咨询电话1"":""0551-68151027"",""咨询电话2"":""0551-68151091"",""咨询电话3"":""0551-68151025"",""来源Sheet"":""中央国家行政机关参照公务员法管理事业单位""}}"
"government_jobs","国家公务员2026招考简章","公务员/事业单位技术岗位","安徽省蚌埠市怀远县","2026-07-28T09:12:58.310295+00:00","怀远调查队一级科员","国家统计局安徽调查总队","","安徽省蚌埠市怀远县","公务员/事业单位;2026;computer_software;data_ai;仅限本科;学士;统计学、应用统计学；经济学、经济统计学、国民经济管理；数学类（不含数理基础科学）；数据科学与大数据技术;市（地）级及以下直属机构综合管理类","用人司局：国家统计局安徽调查总队
职位简介：从事统计调查、数据处理、统计分析研究等工作
专业要求：统计学、应用统计学；经济学、经济统计学、国民经济管理；数学类（不含数理基础科学）；数据科学与大数据技术
学历要求：仅限本科
学位要求：学士
政治面貌：不限
基层工作经历：无限制
考试类别：市（地）级及以下直属机构综合管理类
备注：1.所列专业均要求主修专业，考生所学专业须与招录专业名称一致；2.仅限应届高校毕业生；3.本单位最低服务年限为5年（含试用期）。","http://bm.scs.gov.cn/kl2026#137112-400110112014","2025-10-14","{""dataset_year"":2026,""job_uid"":""GOV-2026-137112-400110112014"",""publisher"":""国家公务员局"",""publication_page"":""http://bm.scs.gov.cn/kl2026"",""attachment_url"":""local://2026_guokao_zhaokaojianzhang.zip"",""local_source_file"":""中央机关及其直属机构2026年度考试录用公务员招考简章.xls"",""local_source_sha256"":""2670bae1df1dd07a3a3c79b9db46a11e3bb15a6c9c249e6af98bfd0b61ce3aaf"",""source_sheet"":""中央国家行政机关参照公务员法管理事业单位"",""filter_version"":""government_tech_v2"",""tech_filter"":{""is_tech"":true,""is_core_tech"":true,""scope"":""core"",""categories"":[""computer_software"",""data_ai""],""matched_fields"":[""major"",""description""],""major_terms"":[""大数据"",""数据科学与大数据技术""],""role_terms"":[""数据处理""],""reason"":""tech_major_and_role""},""original"":{""部门代码"":""137112"",""部门名称"":""国家统计局安徽调查总队"",""用人司局"":""国家统计局安徽调查总队"",""机构性质"":""中央国家行政机关参照公务员法管理事业单位"",""招考职位"":""怀远调查队一级科员"",""职位属性"":""普通职位"",""职位分布"":""其他职位"",""职位简介"":""从事统计调查、数据处理、统计分析研究等工作"",""职位代码"":""400110112014"",""机构层级"":""县（区）级及以下"",""考试类别"":""市（地）级及以下直属机构综合管理类"",""招考人数"":""1"",""专业"":""统计学、应用统计学；经济学、经济统计学、国民经济管理；数学类（不含数理基础科学）；数据科学与大数据技术"",""学历"":""仅限本科"",""学位"":""学士"",""政治面貌"":""不限"",""基层工作最低年限"":""无限制"",""服务基层项目工作经历"":""无限制"",""是否在面试阶段组织专业能力测试"":""否"",""面试人员比例"":""3:1"",""工作地点"":""安徽省蚌埠市怀远县"",""落户地点"":""安徽省蚌埠市怀远县"",""备注"":""1.所列专业均要求主修专业，考生所学专业须与招录专业名称一致；2.仅限应届高校毕业生；3.本单位最低服务年限为5年（含试用期）。"",""部门网站"":""无"",""咨询电话1"":""0551-68151027"",""咨询电话2"":""0551-68151091"",""咨询电话3"":""0551-68151025"",""来源Sheet"":""中央国家行政机关参照公务员法管理事业单位""}}"
"government_jobs","国家公务员2026招考简章","公务员/事业单位技术岗位","福建省福州市鼓楼区","2026-07-28T09:12:58.310295+00:00","福建调查总队业务处室二级主任科员及以下（2）","国家统计局福建调查总队","","福建省福州市鼓楼区","公务员/事业单位;2026;computer_software;data_ai;仅限硕士研究生;硕士;应用统计（0252）、统计学（0714）、数学（0701）、计算机科学与技术（0812）、软件工程（0835）;中央机关及其省级直属机构综合管理类","用人司局：国家统计局福建调查总队
职位简介：从事统计调查、数据处理、统计分析研究等工作
专业要求：应用统计（0252）、统计学（0714）、数学（0701）、计算机科学与技术（0812）、软件工程（0835）
学历要求：仅限硕士研究生
学位要求：硕士
政治面貌：不限
基层工作经历：无限制
考试类别：中央机关及其省级直属机构综合管理类
备注：1.仅限男性；2.本职位所列专业均要求主修专业；3.本单位最低服务年限为5年（含试用期）。","http://bm.scs.gov.cn/kl2026#137113-400110113002","2025-10-14","{""dataset_year"":2026,""job_uid"":""GOV-2026-137113-400110113002"",""publisher"":""国家公务员局"",""publication_page"":""http://bm.scs.gov.cn/kl2026"",""attachment_url"":""local://2026_guokao_zhaokaojianzhang.zip"",""local_source_file"":""中央机关及其直属机构2026年度考试录用公务员招考简章.xls"",""local_source_sha256"":""2670bae1df1dd07a3a3c79b9db46a11e3bb15a6c9c249e6af98bfd0b61ce3aaf"",""source_sheet"":""中央国家行政机关参照公务员法管理事业单位"",""filter_version"":""government_tech_v2"",""tech_filter"":{""is_tech"":true,""is_core_tech"":true,""scope"":""core"",""categories"":[""computer_software"",""data_ai""],""matched_fields"":[""major"",""description""],""major_terms"":[""计算机科学与技术"",""软件工程""],""role_terms"":[""数据处理""],""reason"":""tech_major_and_role""},""original"":{""部门代码"":""137113"",""部门名称"":""国家统计局福建调查总队"",""用人司局"":""国家统计局福建调查总队"",""机构性质"":""中央国家行政机关参照公务员法管理事业单位"",""招考职位"":""福建调查总队业务处室二级主任科员及以下（2）"",""职位属性"":""普通职位"",""职位分布"":""其他职位"",""职位简介"":""从事统计调查、数据处理、统计分析研究等工作"",""职位代码"":""400110113002"",""机构层级"":""省（副省）级"",""考试类别"":""中央机关及其省级直属机构综合管理类"",""招考人数"":""1"",""专业"":""应用统计（0252）、统计学（0714）、数学（0701）、计算机科学与技术（0812）、软件工程（0835）"",""学历"":""仅限硕士研究生"",""学位"":""硕士"",""政治面貌"":""不限"",""基层工作最低年限"":""无限制"",""服务基层项目工作经历"":""无限制"",""是否在面试阶段组织专业能力测试"":""否"",""面试人员比例"":""5:1"",""工作地点"":""福建省福州市鼓楼区"",""落户地点"":""福建省福州市鼓楼区"",""备注"":""1.仅限男性；2.本职位所列专业均要求主修专业；3.本单位最低服务年限为5年（含试用期）。"",""部门网站"":""www.stats.gov.cn"",""咨询电话1"":""0591-88019577"",""咨询电话2"":""0591-88016561"",""咨询电话3"":""0591-88019550"",""来源Sheet"":""中央国家行政机关参照公务员法管理事业单位""}}"
"government_jobs","国家公务员2026招考简章","公务员/事业单位技术岗位","福建省福州市鼓楼区","2026-07-28T09:12:58.310295+00:00","福建调查总队业务处室二级主任科员及以下（3）","国家统计局福建调查总队","","福建省福州市鼓楼区","公务员/事业单位;2026;computer_software;data_ai;仅限硕士研究生;硕士;应用统计（0252）、统计学（0714）、数学（0701）、计算机科学与技术（0812）、软件工程（0835）;中央机关及其省级直属机构综合管理类","用人司局：国家统计局福建调查总队
职位简介：从事统计调查、数据处理、统计分析研究等工作
专业要求：应用统计（0252）、统计学（0714）、数学（0701）、计算机科学与技术（0812）、软件工程（0835）
学历要求：仅限硕士研究生
学位要求：硕士
政治面貌：不限
基层工作经历：无限制
考试类别：中央机关及其省级直属机构综合管理类
备注：1.仅限女性；2.本职位所列专业均要求主修专业；3.本单位最低服务年限为5年（含试用期）。","http://bm.scs.gov.cn/kl2026#137113-400110113003","2025-10-14","{""dataset_year"":2026,""job_uid"":""GOV-2026-137113-400110113003"",""publisher"":""国家公务员局"",""publication_page"":""http://bm.scs.gov.cn/kl2026"",""attachment_url"":""local://2026_guokao_zhaokaojianzhang.zip"",""local_source_file"":""中央机关及其直属机构2026年度考试录用公务员招考简章.xls"",""local_source_sha256"":""2670bae1df1dd07a3a3c79b9db46a11e3bb15a6c9c249e6af98bfd0b61ce3aaf"",""source_sheet"":""中央国家行政机关参照公务员法管理事业单位"",""filter_version"":""government_tech_v2"",""tech_filter"":{""is_tech"":true,""is_core_tech"":true,""scope"":""core"",""categories"":[""computer_software"",""data_ai""],""matched_fields"":[""major"",""description""],""major_terms"":[""计算机科学与技术"",""软件工程""],""role_terms"":[""数据处理""],""reason"":""tech_major_and_role""},""original"":{""部门代码"":""137113"",""部门名称"":""国家统计局福建调查总队"",""用人司局"":""国家统计局福建调查总队"",""机构性质"":""中央国家行政机关参照公务员法管理事业单位"",""招考职位"":""福建调查总队业务处室二级主任科员及以下（3）"",""职位属性"":""普通职位"",""职位分布"":""其他职位"",""职位简介"":""从事统计调查、数据处理、统计分析研究等工作"",""职位代码"":""400110113003"",""机构层级"":""省（副省）级"",""考试类别"":""中央机关及其省级直属机构综合管理类"",""招考人数"":""1"",""专业"":""应用统计（0252）、统计学（0714）、数学（0701）、计算机科学与技术（0812）、软件工程（0835）"",""学历"":""仅限硕士研究生"",""学位"":""硕士"",""政治面貌"":""不限"",""基层工作最低年限"":""无限制"",""服务基层项目工作经历"":""无限制"",""是否在面试阶段组织专业能力测试"":""否"",""面试人员比例"":""5:1"",""工作地点"":""福建省福州市鼓楼区"",""落户地点"":""福建省福州市鼓楼区"",""备注"":""1.仅限女性；2.本职位所列专业均要求主修专业；3.本单位最低服务年限为5年（含试用期）。"",""部门网站"":""www.stats.gov.cn"",""咨询电话1"":""0591-88019577"",""咨询电话2"":""0591-88016561"",""咨询电话3"":""0591-88019550"",""来源Sheet"":""中央国家行政机关参照公务员法管理事业单位""}}"
"government_jobs","国家公务员2026招考简章","公务员/事业单位技术岗位","福建省莆田市城厢区","2026-07-28T09:12:58.310295+00:00","莆田调查队业务科室四级主任科员（1）","国家统计局福建调查总队","","福建省莆田市城厢区","公务员/事业单位;2026;computer_software;data_ai;仅限硕士研究生;硕士;应用统计（0252）、统计学（0714）、数学（0701）、计算机科学与技术（0812）、软件工程（0835）;市（地）级及以下直属机构综合管理类","用人司局：国家统计局福建调查总队
职位简介：从事统计调查、数据处理、统计分析研究等工作
专业要求：应用统计（0252）、统计学（0714）、数学（0701）、计算机科学与技术（0812）、软件工程（0835）
学历要求：仅限硕士研究生
学位要求：硕士
政治面貌：不限
基层工作经历：无限制
考试类别：市（地）级及以下直属机构综合管理类
备注：1.仅限男性；2.仅限应届高校毕业生；3.本职位所列专业均要求主修专业；4.本单位最低服务年限为5年（含试用期）。","http://bm.scs.gov.cn/kl2026#137113-400110113005","2025-10-14","{""dataset_year"":2026,""job_uid"":""GOV-2026-137113-400110113005"",""publisher"":""国家公务员局"",""publication_page"":""http://bm.scs.gov.cn/kl2026"",""attachment_url"":""local://2026_guokao_zhaokaojianzhang.zip"",""local_source_file"":""中央机关及其直属机构2026年度考试录用公务员招考简章.xls"",""local_source_sha256"":""2670bae1df1dd07a3a3c79b9db46a11e3bb15a6c9c249e6af98bfd0b61ce3aaf"",""source_sheet"":""中央国家行政机关参照公务员法管理事业单位"",""filter_version"":""government_tech_v2"",""tech_filter"":{""is_tech"":true,""is_core_tech"":true,""scope"":""core"",""categories"":[""computer_software"",""data_ai""],""matched_fields"":[""major"",""description""],""major_terms"":[""计算机科学与技术"",""软件工程""],""role_terms"":[""数据处理""],""reason"":""tech_major_and_role""},""original"":{""部门代码"":""137113"",""部门名称"":""国家统计局福建调查总队"",""用人司局"":""国家统计局福建调查总队"",""机构性质"":""中央国家行政机关参照公务员法管理事业单位"",""招考职位"":""莆田调查队业务科室四级主任科员（1）"",""职位属性"":""普通职位"",""职位分布"":""其他职位"",""职位简介"":""从事统计调查、数据处理、统计分析研究等工作"",""职位代码"":""400110113005"",""机构层级"":""市（地）级"",""考试类别"":""市（地）级及以下直属机构综合管理类"",""招考人数"":""1"",""专业"":""应用统计（0252）、统计学（0714）、数学（0701）、计算机科学与技术（0812）、软件工程（0835）"",""学历"":""仅限硕士研究生"",""学位"":""硕士"",""政治面貌"":""不限"",""基层工作最低年限"":""无限制"",""服务基层项目工作经历"":""无限制"",""是否在面试阶段组织专业能力测试"":""否"",""面试人员比例"":""3:1"",""工作地点"":""福建省莆田市城厢区"",""落户地点"":""福建省莆田市城厢区"",""备注"":""1.仅限男性；2.仅限应届高校毕业生；3.本职位所列专业均要求主修专业；4.本单位最低服务年限为5年（含试用期）。"",""部门网站"":""www.stats.gov.cn"",""咨询电话1"":""0591-88019577"",""咨询电话2"":""0591-88016561"",""咨询电话3"":""0591-88019550"",""来源Sheet"":""中央国家行政机关参照公务员法管理事业单位""}}"
"government_jobs","国家公务员2026招考简章","公务员/事业单位技术岗位","福建省莆田市城厢区","2026-07-28T09:12:58.310295+00:00","莆田调查队业务科室四级主任科员（2）","国家统计局福建调查总队","","福建省莆田市城厢区","公务员/事业单位;2026;computer_software;data_ai;仅限硕士研究生;硕士;应用统计（0252）、统计学（0714）、数学（0701）、计算机科学与技术（0812）、软件工程（0835）;市（地）级及以下直属机构综合管理类","用人司局：国家统计局福建调查总队
职位简介：从事统计调查、数据处理、统计分析研究等工作
专业要求：应用统计（0252）、统计学（0714）、数学（0701）、计算机科学与技术（0812）、软件工程（0835）
学历要求：仅限硕士研究生
学位要求：硕士
政治面貌：不限
基层工作经历：无限制
考试类别：市（地）级及以下直属机构综合管理类
备注：1.仅限女性；2.仅限应届高校毕业生；3.本职位所列专业均要求主修专业；4.本单位最低服务年限为5年（含试用期）。","http://bm.scs.gov.cn/kl2026#137113-400110113006","2025-10-14","{""dataset_year"":2026,""job_uid"":""GOV-2026-137113-400110113006"",""publisher"":""国家公务员局"",""publication_page"":""http://bm.scs.gov.cn/kl2026"",""attachment_url"":""local://2026_guokao_zhaokaojianzhang.zip"",""local_source_file"":""中央机关及其直属机构2026年度考试录用公务员招考简章.xls"",""local_source_sha256"":""2670bae1df1dd07a3a3c79b9db46a11e3bb15a6c9c249e6af98bfd0b61ce3aaf"",""source_sheet"":""中央国家行政机关参照公务员法管理事业单位"",""filter_version"":""government_tech_v2"",""tech_filter"":{""is_tech"":true,""is_core_tech"":true,""scope"":""core"",""categories"":[""computer_software"",""data_ai""],""matched_fields"":[""major"",""description""],""major_terms"":[""计算机科学与技术"",""软件工程""],""role_terms"":[""数据处理""],""reason"":""tech_major_and_role""},""original"":{""部门代码"":""137113"",""部门名称"":""国家统计局福建调查总队"",""用人司局"":""国家统计局福建调查总队"",""机构性质"":""中央国家行政机关参照公务员法管理事业单位"",""招考职位"":""莆田调查队业务科室四级主任科员（2）"",""职位属性"":""普通职位"",""职位分布"":""其他职位"",""职位简介"":""从事统计调查、数据处理、统计分析研究等工作"",""职位代码"":""400110113006"",""机构层级"":""市（地）级"",""考试类别"":""市（地）级及以下直属机构综合管理类"",""招考人数"":""1"",""专业"":""应用统计（0252）、统计学（0714）、数学（0701）、计算机科学与技术（0812）、软件工程（0835）"",""学历"":""仅限硕士研究生"",""学位"":""硕士"",""政治面貌"":""不限"",""基层工作最低年限"":""无限制"",""服务基层项目工作经历"":""无限制"",""是否在面试阶段组织专业能力测试"":""否"",""面试人员比例"":""3:1"",""工作地点"":""福建省莆田市城厢区"",""落户地点"":""福建省莆田市城厢区"",""备注"":""1.仅限女性；2.仅限应届高校毕业生；3.本职位所列专业均要求主修专业；4.本单位最低服务年限为5年（含试用期）。"",""部门网站"":""www.stats.gov.cn"",""咨询电话1"":""0591-88019577"",""咨询电话2"":""0591-88016561"",""咨询电话3"":""0591-88019550"",""来源Sheet"":""中央国家行政机关参照公务员法管理事业单位""}}"
"government_jobs","国家公务员2026招考简章","公务员/事业单位技术岗位","福建省南平市建阳区","2026-07-28T09:12:58.310295+00:00","南平调查队业务科室四级主任科员","国家统计局福建调查总队","","福建省南平市建阳区","公务员/事业单位;2026;computer_software;data_ai;仅限硕士研究生;硕士;应用统计（0252）、统计学、数学（0701）、计算机科学与技术（0812）、软件工程（0835）;市（地）级及以下直属机构综合管理类","用人司局：国家统计局福建调查总队
职位简介：从事统计调查、数据处理、统计分析研究等工作
专业要求：应用统计（0252）、统计学、数学（0701）、计算机科学与技术（0812）、软件工程（0835）
学历要求：仅限硕士研究生
学位要求：硕士
政治面貌：不限
基层工作经历：无限制
考试类别：市（地）级及以下直属机构综合管理类
备注：1.仅限应届高校毕业生；2.本职位所列专业均要求主修专业；3.本单位最低服务年限为5年（含试用期）。","http://bm.scs.gov.cn/kl2026#137113-400110113011","2025-10-14","{""dataset_year"":2026,""job_uid"":""GOV-2026-137113-400110113011"",""publisher"":""国家公务员局"",""publication_page"":""http://bm.scs.gov.cn/kl2026"",""attachment_url"":""local://2026_guokao_zhaokaojianzhang.zip"",""local_source_file"":""中央机关及其直属机构2026年度考试录用公务员招考简章.xls"",""local_source_sha256"":""2670bae1df1dd07a3a3c79b9db46a11e3bb15a6c9c249e6af98bfd0b61ce3aaf"",""source_sheet"":""中央国家行政机关参照公务员法管理事业单位"",""filter_version"":""government_tech_v2"",""tech_filter"":{""is_tech"":true,""is_core_tech"":true,""scope"":""core"",""categories"":[""computer_software"",""data_ai""],""matched_fields"":[""major"",""description""],""major_terms"":[""计算机科学与技术"",""软件工程""],""role_terms"":[""数据处理""],""reason"":""tech_major_and_role""},""original"":{""部门代码"":""137113"",""部门名称"":""国家统计局福建调查总队"",""用人司局"":""国家统计局福建调查总队"",""机构性质"":""中央国家行政机关参照公务员法管理事业单位"",""招考职位"":""南平调查队业务科室四级主任科员"",""职位属性"":""普通职位"",""职位分布"":""其他职位"",""职位简介"":""从事统计调查、数据处理、统计分析研究等工作"",""职位代码"":""400110113011"",""机构层级"":""市（地）级"",""考试类别"":""市（地）级及以下直属机构综合管理类"",""招考人数"":""1"",""专业"":""应用统计（0252）、统计学、数学（0701）、计算机科学与技术（0812）、软件工程（0835）"",""学历"":""仅限硕士研究生"",""学位"":""硕士"",""政治面貌"":""不限"",""基层工作最低年限"":""无限制"",""服务基层项目工作经历"":""无限制"",""是否在面试阶段组织专业能力测试"":""否"",""面试人员比例"":""3:1"",""工作地点"":""福建省南平市建阳区"",""落户地点"":""福建省南平市建阳区"",""备注"":""1.仅限应届高校毕业生；2.本职位所列专业均要求主修专业；3.本单位最低服务年限为5年（含试用期）。"",""部门网站"":""www.stats.gov.cn"",""咨询电话1"":""0591-88019577"",""咨询电话2"":""0591-88016561"",""咨询电话3"":""0591-88019550"",""来源Sheet"":""中央国家行政机关参照公务员法管理事业单位""}}"
"government_jobs","国家公务员2026招考简章","公务员/事业单位技术岗位","福建省福州市闽侯县","2026-07-28T09:12:58.310295+00:00","闽侯调查队一级科员","国家统计局福建调查总队","","福建省福州市闽侯县","公务员/事业单位;2026;computer_software;data_ai;仅限本科;学士;统计学类（不含生物统计学）、经济学类（不含资源与环境经济学、商务经济学、经济工程专业）、会计学（120203）、财务管理（120204）、计算机科学与技术（080901）;市（地）级及以下直属机构综合管理类","用人司局：国家统计局福建调查总队
职位简介：从事一线入户调查、数据处理、统计分析研究等工作
专业要求：统计学类（不含生物统计学）、经济学类（不含资源与环境经济学、商务经济学、经济工程专业）、会计学（120203）、财务管理（120204）、计算机科学与技术（080901）
学历要求：仅限本科
学位要求：学士
政治面貌：不限
基层工作经历：无限制
考试类别：市（地）级及以下直属机构综合管理类
备注：1.仅限应届高校毕业生；2.本职位所列专业要求为所列专业或专业目录中的“专业类”，非“专业大类（学科大类）”；3.本职位所列专业均要求主修专业；4.本单位最低服务年限为5年（含试用期）；5.本职位为基层调查队岗位，需经常到住户、农村田间、企业、市场等开展直接调查。","http://bm.scs.gov.cn/kl2026#137113-400110113013","2025-10-14","{""dataset_year"":2026,""job_uid"":""GOV-2026-137113-400110113013"",""publisher"":""国家公务员局"",""publication_page"":""http://bm.scs.gov.cn/kl2026"",""attachment_url"":""local://2026_guokao_zhaokaojianzhang.zip"",""local_source_file"":""中央机关及其直属机构2026年度考试录用公务员招考简章.xls"",""local_source_sha256"":""2670bae1df1dd07a3a3c79b9db46a11e3bb15a6c9c249e6af98bfd0b61ce3aaf"",""source_sheet"":""中央国家行政机关参照公务员法管理事业单位"",""filter_version"":""government_tech_v2"",""tech_filter"":{""is_tech"":true,""is_core_tech"":true,""scope"":""core"",""categories"":[""computer_software"",""data_ai""],""matched_fields"":[""major"",""description""],""major_terms"":[""计算机科学与技术""],""role_terms"":[""数据处理""],""reason"":""tech_major_and_role""},""original"":{""部门代码"":""137113"",""部门名称"":""国家统计局福建调查总队"",""用人司局"":""国家统计局福建调查总队"",""机构性质"":""中央国家行政机关参照公务员法管理事业单位"",""招考职位"":""闽侯调查队一级科员"",""职位属性"":""普通职位"",""职位分布"":""其他职位"",""职位简介"":""从事一线入户调查、数据处理、统计分析研究等工作"",""职位代码"":""400110113013"",""机构层级"":""县（区）级及以下"",""考试类别"":""市（地）级及以下直属机构综合管理类"",""招考人数"":""1"",""专业"":""统计学类（不含生物统计学）、经济学类（不含资源与环境经济学、商务经济学、经济工程专业）、会计学（120203）、财务管理（120204）、计算机科学与技术（080901）"",""学历"":""仅限本科"",""学位"":""学士"",""政治面貌"":""不限"",""基层工作最低年限"":""无限制"",""服务基层项目工作经历"":""无限制"",""是否在面试阶段组织专业能力测试"":""否"",""面试人员比例"":""3:1"",""工作地点"":""福建省福州市闽侯县"",""落户地点"":""福建省福州市闽侯县"",""备注"":""1.仅限应届高校毕业生；2.本职位所列专业要求为所列专业或专业目录中的“专业类”，非“专业大类（学科大类）”；3.本职位所列专业均要求主修专业；4.本单位最低服务年限为5年（含试用期）；5.本职位为基层调查队岗位，需经常到住户、农村田间、企业、市场等开展直接调查。"",""部门网站"":""www.stats.gov.cn"",""咨询电话1"":""0591-88019577"",""咨询电话2"":""0591-88016561"",""咨询电话3"":""0591-88019550"",""来源Sheet"":""中央国家行政机关参照公务员法管理事业单位""}}"
"government_jobs","国家公务员2026招考简章","公务员/事业单位技术岗位","福建省福州市连江县","2026-07-28T09:12:58.310295+00:00","连江调查队一级科员","国家统计局福建调查总队","","福建省福州市连江县","公务员/事业单位;2026;computer_software;data_ai;仅限本科;学士;统计学类（不含生物统计学）、经济学类（不含资源与环境经济学、商务经济学、经济工程专业）、会计学（120203）、财务管理（120204）、计算机科学与技术（080901）;市（地）级及以下直属机构综合管理类","用人司局：国家统计局福建调查总队
职位简介：从事一线入户调查、数据处理、统计分析研究等工作
专业要求：统计学类（不含生物统计学）、经济学类（不含资源与环境经济学、商务经济学、经济工程专业）、会计学（120203）、财务管理（120204）、计算机科学与技术（080901）
学历要求：仅限本科
学位要求：学士
政治面貌：不限
基层工作经历：无限制
考试类别：市（地）级及以下直属机构综合管理类
备注：1.仅限应届高校毕业生；2.本职位所列专业要求为所列专业或专业目录中的“专业类”，非“专业大类（学科大类）”；3.本职位所列专业均要求主修专业；4.本单位最低服务年限为5年（含试用期）；5.本职位为基层调查队岗位，需经常到住户、农村田间、企业、市场等开展直接调查。","http://bm.scs.gov.cn/kl2026#137113-400110113014","2025-10-14","{""dataset_year"":2026,""job_uid"":""GOV-2026-137113-400110113014"",""publisher"":""国家公务员局"",""publication_page"":""http://bm.scs.gov.cn/kl2026"",""attachment_url"":""local://2026_guokao_zhaokaojianzhang.zip"",""local_source_file"":""中央机关及其直属机构2026年度考试录用公务员招考简章.xls"",""local_source_sha256"":""2670bae1df1dd07a3a3c79b9db46a11e3bb15a6c9c249e6af98bfd0b61ce3aaf"",""source_sheet"":""中央国家行政机关参照公务员法管理事业单位"",""filter_version"":""government_tech_v2"",""tech_filter"":{""is_tech"":true,""is_core_tech"":true,""scope"":""core"",""categories"":[""computer_software"",""data_ai""],""matched_fields"":[""major"",""description""],""major_terms"":[""计算机科学与技术""],""role_terms"":[""数据处理""],""reason"":""tech_major_and_role""},""original"":{""部门代码"":""137113"",""部门名称"":""国家统计局福建调查总队"",""用人司局"":""国家统计局福建调查总队"",""机构性质"":""中央国家行政机关参照公务员法管理事业单位"",""招考职位"":""连江调查队一级科员"",""职位属性"":""普通职位"",""职位分布"":""其他职位"",""职位简介"":""从事一线入户调查、数据处理、统计分析研究等工作"",""职位代码"":""400110113014"",""机构层级"":""县（区）级及以下"",""考试类别"":""市（地）级及以下直属机构综合管理类"",""招考人数"":""1"",""专业"":""统计学类（不含生物统计学）、经济学类（不含资源与环境经济学、商务经济学、经济工程专业）、会计学（120203）、财务管理（120204）、计算机科学与技术（080901）"",""学历"":""仅限本科"",""学位"":""学士"",""政治面貌"":""不限"",""基层工作最低年限"":""无限制"",""服务基层项目工作经历"":""无限制"",""是否在面试阶段组织专业能力测试"":""否"",""面试人员比例"":""3:1"",""工作地点"":""福建省福州市连江县"",""落户地点"":""福建省福州市连江县"",""备注"":""1.仅限应届高校毕业生；2.本职位所列专业要求为所列专业或专业目录中的“专业类”，非“专业大类（学科大类）”；3.本职位所列专业均要求主修专业；4.本单位最低服务年限为5年（含试用期）；5.本职位为基层调查队岗位，需经常到住户、农村田间、企业、市场等开展直接调查。"",""部门网站"":""www.stats.gov.cn"",""咨询电话1"":""0591-88019577"",""咨询电话2"":""0591-88016561"",""咨询电话3"":""0591-88019550"",""来源Sheet"":""中央国家行政机关参照公务员法管理事业单位""}}"
"government_jobs","国家公务员2026招考简章","公务员/事业单位技术岗位","福建省泉州市安溪县","2026-07-28T09:12:58.310295+00:00","安溪调查队一级科员","国家统计局福建调查总队","","福建省泉州市安溪县","公务员/事业单位;2026;computer_software;data_ai;仅限本科;学士;统计学类（不含生物统计学）、经济学类（不含资源与环境经济学、商务经济学、经济工程专业）、会计学（120203）、财务管理（120204）、计算机科学与技术（080901）;市（地）级及以下直属机构综合管理类","用人司局：国家统计局福建调查总队
职位简介：从事一线入户调查、数据处理、统计分析研究等工作
专业要求：统计学类（不含生物统计学）、经济学类（不含资源与环境经济学、商务经济学、经济工程专业）、会计学（120203）、财务管理（120204）、计算机科学与技术（080901）
学历要求：仅限本科
学位要求：学士
政治面貌：不限
基层工作经历：无限制
考试类别：市（地）级及以下直属机构综合管理类
备注：1.仅限应届高校毕业生；2.本职位所列专业要求为所列专业或专业目录中的“专业类”，非“专业大类（学科大类）”；3.本职位所列专业均要求主修专业；4.本单位最低服务年限为5年（含试用期）；5.本职位为基层调查队岗位，需经常到住户、农村田间、企业、市场等开展直接调查。","http://bm.scs.gov.cn/kl2026#137113-400110113015","2025-10-14","{""dataset_year"":2026,""job_uid"":""GOV-2026-137113-400110113015"",""publisher"":""国家公务员局"",""publication_page"":""http://bm.scs.gov.cn/kl2026"",""attachment_url"":""local://2026_guokao_zhaokaojianzhang.zip"",""local_source_file"":""中央机关及其直属机构2026年度考试录用公务员招考简章.xls"",""local_source_sha256"":""2670bae1df1dd07a3a3c79b9db46a11e3bb15a6c9c249e6af98bfd0b61ce3aaf"",""source_sheet"":""中央国家行政机关参照公务员法管理事业单位"",""filter_version"":""government_tech_v2"",""tech_filter"":{""is_tech"":true,""is_core_tech"":true,""scope"":""core"",""categories"":[""computer_software"",""data_ai""],""matched_fields"":[""major"",""description""],""major_terms"":[""计算机科学与技术""],""role_terms"":[""数据处理""],""reason"":""tech_major_and_role""},""original"":{""部门代码"":""137113"",""部门名称"":""国家统计局福建调查总队"",""用人司局"":""国家统计局福建调查总队"",""机构性质"":""中央国家行政机关参照公务员法管理事业单位"",""招考职位"":""安溪调查队一级科员"",""职位属性"":""普通职位"",""职位分布"":""其他职位"",""职位简介"":""从事一线入户调查、数据处理、统计分析研究等工作"",""职位代码"":""400110113015"",""机构层级"":""县（区）级及以下"",""考试类别"":""市（地）级及以下直属机构综合管理类"",""招考人数"":""1"",""专业"":""统计学类（不含生物统计学）、经济学类（不含资源与环境经济学、商务经济学、经济工程专业）、会计学（120203）、财务管理（120204）、计算机科学与技术（080901）"",""学历"":""仅限本科"",""学位"":""学士"",""政治面貌"":""不限"",""基层工作最低年限"":""无限制"",""服务基层项目工作经历"":""无限制"",""是否在面试阶段组织专业能力测试"":""否"",""面试人员比例"":""3:1"",""工作地点"":""福建省泉州市安溪县"",""落户地点"":""福建省泉州市安溪县"",""备注"":""1.仅限应届高校毕业生；2.本职位所列专业要求为所列专业或专业目录中的“专业类”，非“专业大类（学科大类）”；3.本职位所列专业均要求主修专业；4.本单位最低服务年限为5年（含试用期）；5.本职位为基层调查队岗位，需经常到住户、农村田间、企业、市场等开展直接调查。"",""部门网站"":""www.stats.gov.cn"",""咨询电话1"":""0591-88019577"",""咨询电话2"":""0591-88016561"",""咨询电话3"":""0591-88019550"",""来源Sheet"":""中央国家行政机关参照公务员法管理事业单位""}}"
"government_jobs","国家公务员2026招考简章","公务员/事业单位技术岗位","福建省南平市浦城县","2026-07-28T09:12:58.310295+00:00","浦城调查队一级科员","国家统计局福建调查总队","","福建省南平市浦城县","公务员/事业单位;2026;computer_software;data_ai;仅限本科;学士;统计学类（不含生物统计学）、经济学类（不含资源与环境经济学、商务经济学、经济工程专业）、会计学（120203）、财务管理（120204）、计算机科学与技术（080901）、农林经济管理（120301）;市（地）级及以下直属机构综合管理类","用人司局：国家统计局福建调查总队
职位简介：从事一线入户调查、数据处理、统计分析研究等工作
专业要求：统计学类（不含生物统计学）、经济学类（不含资源与环境经济学、商务经济学、经济工程专业）、会计学（120203）、财务管理（120204）、计算机科学与技术（080901）、农林经济管理（120301）
学历要求：仅限本科
学位要求：学士
政治面貌：不限
基层工作经历：无限制
考试类别：市（地）级及以下直属机构综合管理类
备注：1.仅限应届高校毕业生；2.本职位所列专业要求为所列专业或专业目录中的“专业类”，非“专业大类（学科大类）”；3.本职位所列专业均要求主修专业；4.本单位最低服务年限为5年（含试用期）；5.需使用本地方言开展工作，限懂南平当地方言（南平地区学习生活工作2年以上）；6.本职位为基层调查队岗位，需经常到住户、农村田间、企业、市场等开展直接调查。","http://bm.scs.gov.cn/kl2026#137113-400110113016","2025-10-14","{""dataset_year"":2026,""job_uid"":""GOV-2026-137113-400110113016"",""publisher"":""国家公务员局"",""publication_page"":""http://bm.scs.gov.cn/kl2026"",""attachment_url"":""local://2026_guokao_zhaokaojianzhang.zip"",""local_source_file"":""中央机关及其直属机构2026年度考试录用公务员招考简章.xls"",""local_source_sha256"":""2670bae1df1dd07a3a3c79b9db46a11e3bb15a6c9c249e6af98bfd0b61ce3aaf"",""source_sheet"":""中央国家行政机关参照公务员法管理事业单位"",""filter_version"":""government_tech_v2"",""tech_filter"":{""is_tech"":true,""is_core_tech"":true,""scope"":""core"",""categories"":[""computer_software"",""data_ai""],""matched_fields"":[""major"",""description""],""major_terms"":[""计算机科学与技术""],""role_terms"":[""数据处理""],""reason"":""tech_major_and_role""},""original"":{""部门代码"":""137113"",""部门名称"":""国家统计局福建调查总队"",""用人司局"":""国家统计局福建调查总队"",""机构性质"":""中央国家行政机关参照公务员法管理事业单位"",""招考职位"":""浦城调查队一级科员"",""职位属性"":""普通职位"",""职位分布"":""其他职位"",""职位简介"":""从事一线入户调查、数据处理、统计分析研究等工作"",""职位代码"":""400110113016"",""机构层级"":""县（区）级及以下"",""考试类别"":""市（地）级及以下直属机构综合管理类"",""招考人数"":""1"",""专业"":""统计学类（不含生物统计学）、经济学类（不含资源与环境经济学、商务经济学、经济工程专业）、会计学（120203）、财务管理（120204）、计算机科学与技术（080901）、农林经济管理（120301）"",""学历"":""仅限本科"",""学位"":""学士"",""政治面貌"":""不限"",""基层工作最低年限"":""无限制"",""服务基层项目工作经历"":""无限制"",""是否在面试阶段组织专业能力测试"":""否"",""面试人员比例"":""3:1"",""工作地点"":""福建省南平市浦城县"",""落户地点"":""福建省南平市浦城县"",""备注"":""1.仅限应届高校毕业生；2.本职位所列专业要求为所列专业或专业目录中的“专业类”，非“专业大类（学科大类）”；3.本职位所列专业均要求主修专业；4.本单位最低服务年限为5年（含试用期）；5.需使用本地方言开展工作，限懂南平当地方言（南平地区学习生活工作2年以上）；6.本职位为基层调查队岗位，需经常到住户、农村田间、企业、市场等开展直接调查。"",""部门网站"":""www.stats.gov.cn"",""咨询电话1"":""0591-88019577"",""咨询电话2"":""0591-88016561"",""咨询电话3"":""0591-88019550"",""来源Sheet"":""中央国家行政机关参照公务员法管理事业单位""}}"
"government_jobs","国家公务员2026招考简章","公务员/事业单位技术岗位","福建省南平市政和县","2026-07-28T09:12:58.310295+00:00","政和调查队一级科员（2）","国家统计局福建调查总队","","福建省南平市政和县","公务员/事业单位;2026;computer_software;data_ai;仅限本科;学士;统计学类（不含生物统计学）、经济学类（不含资源与环境经济学、商务经济学、经济工程专业）、会计学（120203）、财务管理（120204）、计算机科学与技术（080901）、农林经济管理（120301）;市（地）级及以下直属机构综合管理类","用人司局：国家统计局福建调查总队
职位简介：从事一线入户调查、数据处理、统计分析研究等工作
专业要求：统计学类（不含生物统计学）、经济学类（不含资源与环境经济学、商务经济学、经济工程专业）、会计学（120203）、财务管理（120204）、计算机科学与技术（080901）、农林经济管理（120301）
学历要求：仅限本科
学位要求：学士
政治面貌：不限
基层工作经历：二年
考试类别：市（地）级及以下直属机构综合管理类
备注：1.本职位所列专业要求为所列专业或专业目录中的“专业类”，非“专业大类（学科大类）”；2.本职位所列专业均要求主修专业；3.本单位最低服务年限为5年（含试用期）；4.本职位为基层调查队岗位，需经常到住户、农村田间、企业、市场等开展直接调查。","http://bm.scs.gov.cn/kl2026#137113-400110113018","2025-10-14","{""dataset_year"":2026,""job_uid"":""GOV-2026-137113-400110113018"",""publisher"":""国家公务员局"",""publication_page"":""http://bm.scs.gov.cn/kl2026"",""attachment_url"":""local://2026_guokao_zhaokaojianzhang.zip"",""local_source_file"":""中央机关及其直属机构2026年度考试录用公务员招考简章.xls"",""local_source_sha256"":""2670bae1df1dd07a3a3c79b9db46a11e3bb15a6c9c249e6af98bfd0b61ce3aaf"",""source_sheet"":""中央国家行政机关参照公务员法管理事业单位"",""filter_version"":""government_tech_v2"",""tech_filter"":{""is_tech"":true,""is_core_tech"":true,""scope"":""core"",""categories"":[""computer_software"",""data_ai""],""matched_fields"":[""major"",""description""],""major_terms"":[""计算机科学与技术""],""role_terms"":[""数据处理""],""reason"":""tech_major_and_role""},""original"":{""部门代码"":""137113"",""部门名称"":""国家统计局福建调查总队"",""用人司局"":""国家统计局福建调查总队"",""机构性质"":""中央国家行政机关参照公务员法管理事业单位"",""招考职位"":""政和调查队一级科员（2）"",""职位属性"":""普通职位"",""职位分布"":""其他职位"",""职位简介"":""从事一线入户调查、数据处理、统计分析研究等工作"",""职位代码"":""400110113018"",""机构层级"":""县（区）级及以下"",""考试类别"":""市（地）级及以下直属机构综合管理类"",""招考人数"":""1"",""专业"":""统计学类（不含生物统计学）、经济学类（不含资源与环境经济学、商务经济学、经济工程专业）、会计学（120203）、财务管理（120204）、计算机科学与技术（080901）、农林经济管理（120301）"",""学历"":""仅限本科"",""学位"":""学士"",""政治面貌"":""不限"",""基层工作最低年限"":""二年"",""服务基层项目工作经历"":""大学生村官、农村义务教育阶段学校教师特设岗位计划、“三支一扶”计划、大学生志愿服务西部计划、在军队服役5年（含）以上的高校毕业生退役士兵"",""是否在面试阶段组织专业能力测试"":""否"",""面试人员比例"":""3:1"",""工作地点"":""福建省南平市政和县"",""落户地点"":""福建省南平市政和县"",""备注"":""1.本职位所列专业要求为所列专业或专业目录中的“专业类”，非“专业大类（学科大类）”；2.本职位所列专业均要求主修专业；3.本单位最低服务年限为5年（含试用期）；4.本职位为基层调查队岗位，需经常到住户、农村田间、企业、市场等开展直接调查。"",""部门网站"":""www.stats.gov.cn"",""咨询电话1"":""0591-88019577"",""咨询电话2"":""0591-88016561"",""咨询电话3"":""0591-88019550"",""来源Sheet"":""中央国家行政机关参照公务员法管理事业单位""}}"
"government_jobs","国家公务员2026招考简章","公务员/事业单位技术岗位","福建省南平市武夷山市","2026-07-28T09:12:58.310295+00:00","武夷山调查队一级科员","国家统计局福建调查总队","","福建省南平市武夷山市","公务员/事业单位;2026;computer_software;data_ai;仅限本科;学士;统计学类（不含生物统计学）、经济学类（不含资源与环境经济学、商务经济学、经济工程专业）、会计学（120203）、财务管理（120204）、计算机科学与技术（080901）;市（地）级及以下直属机构综合管理类","用人司局：国家统计局福建调查总队
职位简介：从事一线入户调查、数据处理、统计分析研究等工作
专业要求：统计学类（不含生物统计学）、经济学类（不含资源与环境经济学、商务经济学、经济工程专业）、会计学（120203）、财务管理（120204）、计算机科学与技术（080901）
学历要求：仅限本科
学位要求：学士
政治面貌：不限
基层工作经历：无限制
考试类别：市（地）级及以下直属机构综合管理类
备注：1.仅限应届高校毕业生；2.本职位所列专业要求为所列专业或专业目录中的“专业类”，非“专业大类（学科大类）”；3.本职位所列专业均要求主修专业；4.本单位最低服务年限为5年（含试用期）；5.本职位为基层调查队岗位，需经常到住户、农村田间、企业、市场等开展直接调查。","http://bm.scs.gov.cn/kl2026#137113-400110113019","2025-10-14","{""dataset_year"":2026,""job_uid"":""GOV-2026-137113-400110113019"",""publisher"":""国家公务员局"",""publication_page"":""http://bm.scs.gov.cn/kl2026"",""attachment_url"":""local://2026_guokao_zhaokaojianzhang.zip"",""local_source_file"":""中央机关及其直属机构2026年度考试录用公务员招考简章.xls"",""local_source_sha256"":""2670bae1df1dd07a3a3c79b9db46a11e3bb15a6c9c249e6af98bfd0b61ce3aaf"",""source_sheet"":""中央国家行政机关参照公务员法管理事业单位"",""filter_version"":""government_tech_v2"",""tech_filter"":{""is_tech"":true,""is_core_tech"":true,""scope"":""core"",""categories"":[""computer_software"",""data_ai""],""matched_fields"":[""major"",""description""],""major_terms"":[""计算机科学与技术""],""role_terms"":[""数据处理""],""reason"":""tech_major_and_role""},""original"":{""部门代码"":""137113"",""部门名称"":""国家统计局福建调查总队"",""用人司局"":""国家统计局福建调查总队"",""机构性质"":""中央国家行政机关参照公务员法管理事业单位"",""招考职位"":""武夷山调查队一级科员"",""职位属性"":""普通职位"",""职位分布"":""其他职位"",""职位简介"":""从事一线入户调查、数据处理、统计分析研究等工作"",""职位代码"":""400110113019"",""机构层级"":""县（区）级及以下"",""考试类别"":""市（地）级及以下直属机构综合管理类"",""招考人数"":""1"",""专业"":""统计学类（不含生物统计学）、经济学类（不含资源与环境经济学、商务经济学、经济工程专业）、会计学（120203）、财务管理（120204）、计算机科学与技术（080901）"",""学历"":""仅限本科"",""学位"":""学士"",""政治面貌"":""不限"",""基层工作最低年限"":""无限制"",""服务基层项目工作经历"":""无限制"",""是否在面试阶段组织专业能力测试"":""否"",""面试人员比例"":""3:1"",""工作地点"":""福建省南平市武夷山市"",""落户地点"":""福建省南平市武夷山市"",""备注"":""1.仅限应届高校毕业生；2.本职位所列专业要求为所列专业或专业目录中的“专业类”，非“专业大类（学科大类）”；3.本职位所列专业均要求主修专业；4.本单位最低服务年限为5年（含试用期）；5.本职位为基层调查队岗位，需经常到住户、农村田间、企业、市场等开展直接调查。"",""部门网站"":""www.stats.gov.cn"",""咨询电话1"":""0591-88019577"",""咨询电话2"":""0591-88016561"",""咨询电话3"":""0591-88019550"",""来源Sheet"":""中央国家行政机关参照公务员法管理事业单位""}}"
"government_jobs","国家公务员2026招考简章","公务员/事业单位技术岗位","福建省宁德市福安市","2026-07-28T09:12:58.310295+00:00","福安调查队一级科员（1）","国家统计局福建调查总队","","福建省宁德市福安市","公务员/事业单位;2026;computer_software;data_ai;仅限本科;学士;统计学类（不含生物统计学）、经济学类（不含资源与环境经济学、商务经济学、经济工程专业）、会计学（120203）、财务管理（120204）、计算机科学与技术（080901）、农林经济管理（120301）;市（地）级及以下直属机构综合管理类","用人司局：国家统计局福建调查总队
职位简介：从事一线入户调查、数据处理、统计分析研究等工作
专业要求：统计学类（不含生物统计学）、经济学类（不含资源与环境经济学、商务经济学、经济工程专业）、会计学（120203）、财务管理（120204）、计算机科学与技术（080901）、农林经济管理（120301）
学历要求：仅限本科
学位要求：学士
政治面貌：不限
基层工作经历：无限制
考试类别：市（地）级及以下直属机构综合管理类
备注：1.仅限男性；2.仅限应届高校毕业生；3.本职位所列专业要求为所列专业或专业目录中的“专业类”，非“专业大类（学科大类）”；4.本职位所列专业均要求主修专业；5.本单位最低服务年限为5年（含试用期）；6.需使用本地方言开展工作，限懂宁德当地方言（宁德地区学习生活工作2年以上）；7.本职位为基层调查队岗位，需经常到住户、农村田间、企业、市场等开展直接调查。","http://bm.scs.gov.cn/kl2026#137113-400110113020","2025-10-14","{""dataset_year"":2026,""job_uid"":""GOV-2026-137113-400110113020"",""publisher"":""国家公务员局"",""publication_page"":""http://bm.scs.gov.cn/kl2026"",""attachment_url"":""local://2026_guokao_zhaokaojianzhang.zip"",""local_source_file"":""中央机关及其直属机构2026年度考试录用公务员招考简章.xls"",""local_source_sha256"":""2670bae1df1dd07a3a3c79b9db46a11e3bb15a6c9c249e6af98bfd0b61ce3aaf"",""source_sheet"":""中央国家行政机关参照公务员法管理事业单位"",""filter_version"":""government_tech_v2"",""tech_filter"":{""is_tech"":true,""is_core_tech"":true,""scope"":""core"",""categories"":[""computer_software"",""data_ai""],""matched_fields"":[""major"",""description""],""major_terms"":[""计算机科学与技术""],""role_terms"":[""数据处理""],""reason"":""tech_major_and_role""},""original"":{""部门代码"":""137113"",""部门名称"":""国家统计局福建调查总队"",""用人司局"":""国家统计局福建调查总队"",""机构性质"":""中央国家行政机关参照公务员法管理事业单位"",""招考职位"":""福安调查队一级科员（1）"",""职位属性"":""普通职位"",""职位分布"":""其他职位"",""职位简介"":""从事一线入户调查、数据处理、统计分析研究等工作"",""职位代码"":""400110113020"",""机构层级"":""县（区）级及以下"",""考试类别"":""市（地）级及以下直属机构综合管理类"",""招考人数"":""1"",""专业"":""统计学类（不含生物统计学）、经济学类（不含资源与环境经济学、商务经济学、经济工程专业）、会计学（120203）、财务管理（120204）、计算机科学与技术（080901）、农林经济管理（120301）"",""学历"":""仅限本科"",""学位"":""学士"",""政治面貌"":""不限"",""基层工作最低年限"":""无限制"",""服务基层项目工作经历"":""无限制"",""是否在面试阶段组织专业能力测试"":""否"",""面试人员比例"":""3:1"",""工作地点"":""福建省宁德市福安市"",""落户地点"":""福建省宁德市福安市"",""备注"":""1.仅限男性；2.仅限应届高校毕业生；3.本职位所列专业要求为所列专业或专业目录中的“专业类”，非“专业大类（学科大类）”；4.本职位所列专业均要求主修专业；5.本单位最低服务年限为5年（含试用期）；6.需使用本地方言开展工作，限懂宁德当地方言（宁德地区学习生活工作2年以上）；7.本职位为基层调查队岗位，需经常到住户、农村田间、企业、市场等开展直接调查。"",""部门网站"":""www.stats.gov.cn"",""咨询电话1"":""0591-88019577"",""咨询电话2"":""0591-88016561"",""咨询电话3"":""0591-88019550"",""来源Sheet"":""中央国家行政机关参照公务员法管理事业单位""}}"
"government_jobs","国家公务员2026招考简章","公务员/事业单位技术岗位","福建省宁德市福安市","2026-07-28T09:12:58.310295+00:00","福安调查队一级科员（2）","国家统计局福建调查总队","","福建省宁德市福安市","公务员/事业单位;2026;computer_software;data_ai;仅限本科;学士;统计学类（不含生物统计学）、经济学类（不含资源与环境经济学、商务经济学、经济工程专业）、会计学（120203）、财务管理（120204）、计算机科学与技术（080901）、农林经济管理（120301）;市（地）级及以下直属机构综合管理类","用人司局：国家统计局福建调查总队
职位简介：从事一线入户调查、数据处理、统计分析研究等工作
专业要求：统计学类（不含生物统计学）、经济学类（不含资源与环境经济学、商务经济学、经济工程专业）、会计学（120203）、财务管理（120204）、计算机科学与技术（080901）、农林经济管理（120301）
学历要求：仅限本科
学位要求：学士
政治面貌：不限
基层工作经历：无限制
考试类别：市（地）级及以下直属机构综合管理类
备注：1.仅限女性；2.仅限应届高校毕业生；3.本职位所列专业要求为所列专业或专业目录中的“专业类”，非“专业大类（学科大类）”；4.本职位所列专业均要求主修专业；5.本单位最低服务年限为5年（含试用期）；6.需使用本地方言开展工作，限懂宁德当地方言（宁德地区学习生活工作2年以上）；7.本职位为基层调查队岗位，需经常到住户、农村田间、企业、市场等开展直接调查。","http://bm.scs.gov.cn/kl2026#137113-400110113021","2025-10-14","{""dataset_year"":2026,""job_uid"":""GOV-2026-137113-400110113021"",""publisher"":""国家公务员局"",""publication_page"":""http://bm.scs.gov.cn/kl2026"",""attachment_url"":""local://2026_guokao_zhaokaojianzhang.zip"",""local_source_file"":""中央机关及其直属机构2026年度考试录用公务员招考简章.xls"",""local_source_sha256"":""2670bae1df1dd07a3a3c79b9db46a11e3bb15a6c9c249e6af98bfd0b61ce3aaf"",""source_sheet"":""中央国家行政机关参照公务员法管理事业单位"",""filter_version"":""government_tech_v2"",""tech_filter"":{""is_tech"":true,""is_core_tech"":true,""scope"":""core"",""categories"":[""computer_software"",""data_ai""],""matched_fields"":[""major"",""description""],""major_terms"":[""计算机科学与技术""],""role_terms"":[""数据处理""],""reason"":""tech_major_and_role""},""original"":{""部门代码"":""137113"",""部门名称"":""国家统计局福建调查总队"",""用人司局"":""国家统计局福建调查总队"",""机构性质"":""中央国家行政机关参照公务员法管理事业单位"",""招考职位"":""福安调查队一级科员（2）"",""职位属性"":""普通职位"",""职位分布"":""其他职位"",""职位简介"":""从事一线入户调查、数据处理、统计分析研究等工作"",""职位代码"":""400110113021"",""机构层级"":""县（区）级及以下"",""考试类别"":""市（地）级及以下直属机构综合管理类"",""招考人数"":""1"",""专业"":""统计学类（不含生物统计学）、经济学类（不含资源与环境经济学、商务经济学、经济工程专业）、会计学（120203）、财务管理（120204）、计算机科学与技术（080901）、农林经济管理（120301）"",""学历"":""仅限本科"",""学位"":""学士"",""政治面貌"":""不限"",""基层工作最低年限"":""无限制"",""服务基层项目工作经历"":""无限制"",""是否在面试阶段组织专业能力测试"":""否"",""面试人员比例"":""3:1"",""工作地点"":""福建省宁德市福安市"",""落户地点"":""福建省宁德市福安市"",""备注"":""1.仅限女性；2.仅限应届高校毕业生；3.本职位所列专业要求为所列专业或专业目录中的“专业类”，非“专业大类（学科大类）”；4.本职位所列专业均要求主修专业；5.本单位最低服务年限为5年（含试用期）；6.需使用本地方言开展工作，限懂宁德当地方言（宁德地区学习生活工作2年以上）；7.本职位为基层调查队岗位，需经常到住户、农村田间、企业、市场等开展直接调查。"",""部门网站"":""www.stats.gov.cn"",""咨询电话1"":""0591-88019577"",""咨询电话2"":""0591-88016561"",""咨询电话3"":""0591-88019550"",""来源Sheet"":""中央国家行政机关参照公务员法管理事业单位""}}"
"government_jobs","国家公务员2026招考简章","公务员/事业单位技术岗位","福建省宁德市福鼎市","2026-07-28T09:12:58.310295+00:00","福鼎调查队一级科员（1）","国家统计局福建调查总队","","福建省宁德市福鼎市","公务员/事业单位;2026;computer_software;data_ai;仅限本科;学士;统计学类（不含生物统计学）、经济学类（不含资源与环境经济学、商务经济学、经济工程专业）、会计学（120203）、财务管理（120204）、计算机科学与技术（080901）、农林经济管理（120301）;市（地）级及以下直属机构综合管理类","用人司局：国家统计局福建调查总队
职位简介：从事一线入户调查、数据处理、统计分析研究等工作
专业要求：统计学类（不含生物统计学）、经济学类（不含资源与环境经济学、商务经济学、经济工程专业）、会计学（120203）、财务管理（120204）、计算机科学与技术（080901）、农林经济管理（120301）
学历要求：仅限本科
学位要求：学士
政治面貌：不限
基层工作经历：无限制
考试类别：市（地）级及以下直属机构综合管理类
备注：1.仅限应届高校毕业生；2.本职位所列专业要求为所列专业或专业目录中的“专业类”，非“专业大类（学科大类）”；3.本职位所列专业均要求主修专业；4.本单位最低服务年限为5年（含试用期）；5.需使用本地方言开展工作，限懂宁德当地方言（宁德地区学习生活工作2年以上）；6.本职位为基层调查队岗位，需经常到住户、农村田间、企业、市场等开展直接调查。","http://bm.scs.gov.cn/kl2026#137113-400110113022","2025-10-14","{""dataset_year"":2026,""job_uid"":""GOV-2026-137113-400110113022"",""publisher"":""国家公务员局"",""publication_page"":""http://bm.scs.gov.cn/kl2026"",""attachment_url"":""local://2026_guokao_zhaokaojianzhang.zip"",""local_source_file"":""中央机关及其直属机构2026年度考试录用公务员招考简章.xls"",""local_source_sha256"":""2670bae1df1dd07a3a3c79b9db46a11e3bb15a6c9c249e6af98bfd0b61ce3aaf"",""source_sheet"":""中央国家行政机关参照公务员法管理事业单位"",""filter_version"":""government_tech_v2"",""tech_filter"":{""is_tech"":true,""is_core_tech"":true,""scope"":""core"",""categories"":[""computer_software"",""data_ai""],""matched_fields"":[""major"",""description""],""major_terms"":[""计算机科学与技术""],""role_terms"":[""数据处理""],""reason"":""tech_major_and_role""},""original"":{""部门代码"":""137113"",""部门名称"":""国家统计局福建调查总队"",""用人司局"":""国家统计局福建调查总队"",""机构性质"":""中央国家行政机关参照公务员法管理事业单位"",""招考职位"":""福鼎调查队一级科员（1）"",""职位属性"":""普通职位"",""职位分布"":""其他职位"",""职位简介"":""从事一线入户调查、数据处理、统计分析研究等工作"",""职位代码"":""400110113022"",""机构层级"":""县（区）级及以下"",""考试类别"":""市（地）级及以下直属机构综合管理类"",""招考人数"":""1"",""专业"":""统计学类（不含生物统计学）、经济学类（不含资源与环境经济学、商务经济学、经济工程专业）、会计学（120203）、财务管理（120204）、计算机科学与技术（080901）、农林经济管理（120301）"",""学历"":""仅限本科"",""学位"":""学士"",""政治面貌"":""不限"",""基层工作最低年限"":""无限制"",""服务基层项目工作经历"":""无限制"",""是否在面试阶段组织专业能力测试"":""否"",""面试人员比例"":""3:1"",""工作地点"":""福建省宁德市福鼎市"",""落户地点"":""福建省宁德市福鼎市"",""备注"":""1.仅限应届高校毕业生；2.本职位所列专业要求为所列专业或专业目录中的“专业类”，非“专业大类（学科大类）”；3.本职位所列专业均要求主修专业；4.本单位最低服务年限为5年（含试用期）；5.需使用本地方言开展工作，限懂宁德当地方言（宁德地区学习生活工作2年以上）；6.本职位为基层调查队岗位，需经常到住户、农村田间、企业、市场等开展直接调查。"",""部门网站"":""www.stats.gov.cn"",""咨询电话1"":""0591-88019577"",""咨询电话2"":""0591-88016561"",""咨询电话3"":""0591-88019550"",""来源Sheet"":""中央国家行政机关参照公务员法管理事业单位""}}"
"government_jobs","国家公务员2026招考简章","公务员/事业单位技术岗位","福建省宁德市福鼎市","2026-07-28T09:12:58.310295+00:00","福鼎调查队一级科员（2）","国家统计局福建调查总队","","福建省宁德市福鼎市","公务员/事业单位;2026;computer_software;data_ai;仅限本科;学士;统计学类（不含生物统计学）、经济学类（不含资源与环境经济学、商务经济学、经济工程专业）、会计学（120203）、财务管理（120204）、计算机科学与技术（080901）、农林经济管理（120301）;市（地）级及以下直属机构综合管理类","用人司局：国家统计局福建调查总队
职位简介：从事一线入户调查、数据处理、统计分析研究等工作
专业要求：统计学类（不含生物统计学）、经济学类（不含资源与环境经济学、商务经济学、经济工程专业）、会计学（120203）、财务管理（120204）、计算机科学与技术（080901）、农林经济管理（120301）
学历要求：仅限本科
学位要求：学士
政治面貌：不限
基层工作经历：二年
考试类别：市（地）级及以下直属机构综合管理类
备注：1.本职位所列专业要求为所列专业或专业目录中的“专业类”，非“专业大类（学科大类）”；2.本职位所列专业均要求主修专业；3.本单位最低服务年限为5年（含试用期）；4.本职位为基层调查队岗位，需经常到住户、农村田间、企业、市场等开展直接调查。","http://bm.scs.gov.cn/kl2026#137113-400110113023","2025-10-14","{""dataset_year"":2026,""job_uid"":""GOV-2026-137113-400110113023"",""publisher"":""国家公务员局"",""publication_page"":""http://bm.scs.gov.cn/kl2026"",""attachment_url"":""local://2026_guokao_zhaokaojianzhang.zip"",""local_source_file"":""中央机关及其直属机构2026年度考试录用公务员招考简章.xls"",""local_source_sha256"":""2670bae1df1dd07a3a3c79b9db46a11e3bb15a6c9c249e6af98bfd0b61ce3aaf"",""source_sheet"":""中央国家行政机关参照公务员法管理事业单位"",""filter_version"":""government_tech_v2"",""tech_filter"":{""is_tech"":true,""is_core_tech"":true,""scope"":""core"",""categories"":[""computer_software"",""data_ai""],""matched_fields"":[""major"",""description""],""major_terms"":[""计算机科学与技术""],""role_terms"":[""数据处理""],""reason"":""tech_major_and_role""},""original"":{""部门代码"":""137113"",""部门名称"":""国家统计局福建调查总队"",""用人司局"":""国家统计局福建调查总队"",""机构性质"":""中央国家行政机关参照公务员法管理事业单位"",""招考职位"":""福鼎调查队一级科员（2）"",""职位属性"":""普通职位"",""职位分布"":""其他职位"",""职位简介"":""从事一线入户调查、数据处理、统计分析研究等工作"",""职位代码"":""400110113023"",""机构层级"":""县（区）级及以下"",""考试类别"":""市（地）级及以下直属机构综合管理类"",""招考人数"":""1"",""专业"":""统计学类（不含生物统计学）、经济学类（不含资源与环境经济学、商务经济学、经济工程专业）、会计学（120203）、财务管理（120204）、计算机科学与技术（080901）、农林经济管理（120301）"",""学历"":""仅限本科"",""学位"":""学士"",""政治面貌"":""不限"",""基层工作最低年限"":""二年"",""服务基层项目工作经历"":""大学生村官、农村义务教育阶段学校教师特设岗位计划、“三支一扶”计划、大学生志愿服务西部计划、在军队服役5年（含）以上的高校毕业生退役士兵"",""是否在面试阶段组织专业能力测试"":""否"",""面试人员比例"":""3:1"",""工作地点"":""福建省宁德市福鼎市"",""落户地点"":""福建省宁德市福鼎市"",""备注"":""1.本职位所列专业要求为所列专业或专业目录中的“专业类”，非“专业大类（学科大类）”；2.本职位所列专业均要求主修专业；3.本单位最低服务年限为5年（含试用期）；4.本职位为基层调查队岗位，需经常到住户、农村田间、企业、市场等开展直接调查。"",""部门网站"":""www.stats.gov.cn"",""咨询电话1"":""0591-88019577"",""咨询电话2"":""0591-88016561"",""咨询电话3"":""0591-88019550"",""来源Sheet"":""中央国家行政机关参照公务员法管理事业单位""}}"
"government_jobs","国家公务员2026招考简章","公务员/事业单位技术岗位","江西省吉安市泰和县","2026-07-28T09:12:58.310295+00:00","泰和调查队一级科员（1）","国家统计局江西调查总队","","江西省吉安市泰和县","公务员/事业单位;2026;computer_software;data_ai;仅限本科;学士;统计学类（0712）、数学类（0701）、计算机类（0809）;市（地）级及以下直属机构综合管理类","用人司局：国家统计局江西调查总队
职位简介：从事一线入户调查、数据处理、统计分析和统计研究等工作。
专业要求：统计学类（0712）、数学类（0701）、计算机类（0809）
学历要求：仅限本科
学位要求：学士
政治面貌：不限
基层工作经历：二年
考试类别：市（地）级及以下直属机构综合管理类
备注：1.本岗位定向招录服务期满且考核合格的大学生村官或“三支一扶”人员；2.需以最高学历所学主修专业报考；3.本单位最低服务年限为5年（含试用期）。","http://bm.scs.gov.cn/kl2026#137114-400110114011","2025-10-14","{""dataset_year"":2026,""job_uid"":""GOV-2026-137114-400110114011"",""publisher"":""国家公务员局"",""publication_page"":""http://bm.scs.gov.cn/kl2026"",""attachment_url"":""local://2026_guokao_zhaokaojianzhang.zip"",""local_source_file"":""中央机关及其直属机构2026年度考试录用公务员招考简章.xls"",""local_source_sha256"":""2670bae1df1dd07a3a3c79b9db46a11e3bb15a6c9c249e6af98bfd0b61ce3aaf"",""source_sheet"":""中央国家行政机关参照公务员法管理事业单位"",""filter_version"":""government_tech_v2"",""tech_filter"":{""is_tech"":true,""is_core_tech"":true,""scope"":""core"",""categories"":[""computer_software"",""data_ai""],""matched_fields"":[""major"",""description""],""major_terms"":[""计算机类""],""role_terms"":[""数据处理""],""reason"":""tech_major_and_role""},""original"":{""部门代码"":""137114"",""部门名称"":""国家统计局江西调查总队"",""用人司局"":""国家统计局江西调查总队"",""机构性质"":""中央国家行政机关参照公务员法管理事业单位"",""招考职位"":""泰和调查队一级科员（1）"",""职位属性"":""普通职位"",""职位分布"":""其他职位"",""职位简介"":""从事一线入户调查、数据处理、统计分析和统计研究等工作。"",""职位代码"":""400110114011"",""机构层级"":""县（区）级及以下"",""考试类别"":""市（地）级及以下直属机构综合管理类"",""招考人数"":""1"",""专业"":""统计学类（0712）、数学类（0701）、计算机类（0809）"",""学历"":""仅限本科"",""学位"":""学士"",""政治面貌"":""不限"",""基层工作最低年限"":""二年"",""服务基层项目工作经历"":""大学生村官、“三支一扶”计划"",""是否在面试阶段组织专业能力测试"":""否"",""面试人员比例"":""3:1"",""工作地点"":""江西省吉安市泰和县"",""落户地点"":""江西省吉安市泰和县"",""备注"":""1.本岗位定向招录服务期满且考核合格的大学生村官或“三支一扶”人员；2.需以最高学历所学主修专业报考；3.本单位最低服务年限为5年（含试用期）。"",""部门网站"":""无"",""咨询电话1"":""0791-88916003"",""咨询电话2"":""0791-88916002"",""咨询电话3"":"""",""来源Sheet"":""中央国家行政机关参照公务员法管理事业单位""}}"
"government_jobs","国家公务员2026招考简章","公务员/事业单位技术岗位","江西省吉安市泰和县","2026-07-28T09:12:58.310295+00:00","泰和调查队一级科员（2）","国家统计局江西调查总队","","江西省吉安市泰和县","公务员/事业单位;2026;computer_software;data_ai;仅限本科;学士;统计学类（0712）、数学类（0701）、计算机类（0809）;市（地）级及以下直属机构综合管理类","用人司局：国家统计局江西调查总队
职位简介：从事一线入户调查、数据处理、统计分析和统计研究等工作。
专业要求：统计学类（0712）、数学类（0701）、计算机类（0809）
学历要求：仅限本科
学位要求：学士
政治面貌：不限
基层工作经历：无限制
考试类别：市（地）级及以下直属机构综合管理类
备注：1.限招应届高校毕业生；2.需以最高学历所学主修专业报考；3.本单位最低服务年限为5年（含试用期）。","http://bm.scs.gov.cn/kl2026#137114-400110114012","2025-10-14","{""dataset_year"":2026,""job_uid"":""GOV-2026-137114-400110114012"",""publisher"":""国家公务员局"",""publication_page"":""http://bm.scs.gov.cn/kl2026"",""attachment_url"":""local://2026_guokao_zhaokaojianzhang.zip"",""local_source_file"":""中央机关及其直属机构2026年度考试录用公务员招考简章.xls"",""local_source_sha256"":""2670bae1df1dd07a3a3c79b9db46a11e3bb15a6c9c249e6af98bfd0b61ce3aaf"",""source_sheet"":""中央国家行政机关参照公务员法管理事业单位"",""filter_version"":""government_tech_v2"",""tech_filter"":{""is_tech"":true,""is_core_tech"":true,""scope"":""core"",""categories"":[""computer_software"",""data_ai""],""matched_fields"":[""major"",""description""],""major_terms"":[""计算机类""],""role_terms"":[""数据处理""],""reason"":""tech_major_and_role""},""original"":{""部门代码"":""137114"",""部门名称"":""国家统计局江西调查总队"",""用人司局"":""国家统计局江西调查总队"",""机构性质"":""中央国家行政机关参照公务员法管理事业单位"",""招考职位"":""泰和调查队一级科员（2）"",""职位属性"":""普通职位"",""职位分布"":""其他职位"",""职位简介"":""从事一线入户调查、数据处理、统计分析和统计研究等工作。"",""职位代码"":""400110114012"",""机构层级"":""县（区）级及以下"",""考试类别"":""市（地）级及以下直属机构综合管理类"",""招考人数"":""1"",""专业"":""统计学类（0712）、数学类（0701）、计算机类（0809）"",""学历"":""仅限本科"",""学位"":""学士"",""政治面貌"":""不限"",""基层工作最低年限"":""无限制"",""服务基层项目工作经历"":""无限制"",""是否在面试阶段组织专业能力测试"":""否"",""面试人员比例"":""3:1"",""工作地点"":""江西省吉安市泰和县"",""落户地点"":""江西省吉安市泰和县"",""备注"":""1.限招应届高校毕业生；2.需以最高学历所学主修专业报考；3.本单位最低服务年限为5年（含试用期）。"",""部门网站"":""无"",""咨询电话1"":""0791-88916003"",""咨询电话2"":""0791-88916002"",""咨询电话3"":"""",""来源Sheet"":""中央国家行政机关参照公务员法管理事业单位""}}"
"government_jobs","国家公务员2026招考简章","公务员/事业单位技术岗位","河南省开封市","2026-07-28T09:12:58.310295+00:00","开封调查队业务科室四级主任科员及以下（1）","国家统计局河南调查总队","","河南省开封市","公务员/事业单位;2026;computer_software;data_ai;本科或硕士研究生;与最高学历相对应的学位;本科：统计学类（不含生物统计学）、计算机类（不含电影制作、服务科学与工程、虚拟现实技术、区块链工程）；研究生：统计学、应用统计、计算机科学与技术;市（地）级及以下直属机构综合管理类","用人司局：国家统计局河南调查总队
职位简介：从事一线入户调查、数据处理、统计分析、统计研究等工作。
专业要求：本科：统计学类（不含生物统计学）、计算机类（不含电影制作、服务科学与工程、虚拟现实技术、区块链工程）；研究生：统计学、应用统计、计算机科学与技术
学历要求：本科或硕士研究生
学位要求：与最高学历相对应的学位
政治面貌：不限
基层工作经历：无限制
考试类别：市（地）级及以下直属机构综合管理类
备注：1.本职位限招男性；2.须以最高学历所学主修专业报考；3.本单位最低服务年限为5年（含试用期）。","http://bm.scs.gov.cn/kl2026#137116-400110116002","2025-10-14","{""dataset_year"":2026,""job_uid"":""GOV-2026-137116-400110116002"",""publisher"":""国家公务员局"",""publication_page"":""http://bm.scs.gov.cn/kl2026"",""attachment_url"":""local://2026_guokao_zhaokaojianzhang.zip"",""local_source_file"":""中央机关及其直属机构2026年度考试录用公务员招考简章.xls"",""local_source_sha256"":""2670bae1df1dd07a3a3c79b9db46a11e3bb15a6c9c249e6af98bfd0b61ce3aaf"",""source_sheet"":""中央国家行政机关参照公务员法管理事业单位"",""filter_version"":""government_tech_v2"",""tech_filter"":{""is_tech"":true,""is_core_tech"":true,""scope"":""core"",""categories"":[""computer_software"",""data_ai""],""matched_fields"":[""major"",""description""],""major_terms"":[""区块链工程"",""虚拟现实技术"",""计算机科学与技术"",""计算机类""],""role_terms"":[""数据处理""],""reason"":""tech_major_and_role""},""original"":{""部门代码"":""137116"",""部门名称"":""国家统计局河南调查总队"",""用人司局"":""国家统计局河南调查总队"",""机构性质"":""中央国家行政机关参照公务员法管理事业单位"",""招考职位"":""开封调查队业务科室四级主任科员及以下（1）"",""职位属性"":""普通职位"",""职位分布"":""其他职位"",""职位简介"":""从事一线入户调查、数据处理、统计分析、统计研究等工作。"",""职位代码"":""400110116002"",""机构层级"":""市（地）级"",""考试类别"":""市（地）级及以下直属机构综合管理类"",""招考人数"":""1"",""专业"":""本科：统计学类（不含生物统计学）、计算机类（不含电影制作、服务科学与工程、虚拟现实技术、区块链工程）；研究生：统计学、应用统计、计算机科学与技术"",""学历"":""本科或硕士研究生"",""学位"":""与最高学历相对应的学位"",""政治面貌"":""不限"",""基层工作最低年限"":""无限制"",""服务基层项目工作经历"":""无限制"",""是否在面试阶段组织专业能力测试"":""否"",""面试人员比例"":""3:1"",""工作地点"":""河南省开封市"",""落户地点"":""河南省开封市"",""备注"":""1.本职位限招男性；2.须以最高学历所学主修专业报考；3.本单位最低服务年限为5年（含试用期）。"",""部门网站"":""http://hazd.stats.gov.cn/"",""咨询电话1"":""0371-60336312"",""咨询电话2"":""0371-60336206"",""咨询电话3"":""0371-60336373"",""来源Sheet"":""中央国家行政机关参照公务员法管理事业单位""}}"
"government_jobs","国家公务员2026招考简章","公务员/事业单位技术岗位","河南省开封市","2026-07-28T09:12:58.310295+00:00","开封调查队业务科室四级主任科员及以下（2）","国家统计局河南调查总队","","河南省开封市","公务员/事业单位;2026;computer_software;data_ai;本科或硕士研究生;与最高学历相对应的学位;本科：统计学类（不含生物统计学）、计算机类（不含电影制作、服务科学与工程、虚拟现实技术、区块链工程）；研究生：统计学、应用统计、计算机科学与技术;市（地）级及以下直属机构综合管理类","用人司局：国家统计局河南调查总队
职位简介：从事一线入户调查、数据处理、统计分析、统计研究等工作。
专业要求：本科：统计学类（不含生物统计学）、计算机类（不含电影制作、服务科学与工程、虚拟现实技术、区块链工程）；研究生：统计学、应用统计、计算机科学与技术
学历要求：本科或硕士研究生
学位要求：与最高学历相对应的学位
政治面貌：不限
基层工作经历：无限制
考试类别：市（地）级及以下直属机构综合管理类
备注：1.本职位限招女性；2.须以最高学历所学主修专业报考；3.本单位最低服务年限为5年（含试用期）。","http://bm.scs.gov.cn/kl2026#137116-400110116003","2025-10-14","{""dataset_year"":2026,""job_uid"":""GOV-2026-137116-400110116003"",""publisher"":""国家公务员局"",""publication_page"":""http://bm.scs.gov.cn/kl2026"",""attachment_url"":""local://2026_guokao_zhaokaojianzhang.zip"",""local_source_file"":""中央机关及其直属机构2026年度考试录用公务员招考简章.xls"",""local_source_sha256"":""2670bae1df1dd07a3a3c79b9db46a11e3bb15a6c9c249e6af98bfd0b61ce3aaf"",""source_sheet"":""中央国家行政机关参照公务员法管理事业单位"",""filter_version"":""government_tech_v2"",""tech_filter"":{""is_tech"":true,""is_core_tech"":true,""scope"":""core"",""categories"":[""computer_software"",""data_ai""],""matched_fields"":[""major"",""description""],""major_terms"":[""区块链工程"",""虚拟现实技术"",""计算机科学与技术"",""计算机类""],""role_terms"":[""数据处理""],""reason"":""tech_major_and_role""},""original"":{""部门代码"":""137116"",""部门名称"":""国家统计局河南调查总队"",""用人司局"":""国家统计局河南调查总队"",""机构性质"":""中央国家行政机关参照公务员法管理事业单位"",""招考职位"":""开封调查队业务科室四级主任科员及以下（2）"",""职位属性"":""普通职位"",""职位分布"":""其他职位"",""职位简介"":""从事一线入户调查、数据处理、统计分析、统计研究等工作。"",""职位代码"":""400110116003"",""机构层级"":""市（地）级"",""考试类别"":""市（地）级及以下直属机构综合管理类"",""招考人数"":""1"",""专业"":""本科：统计学类（不含生物统计学）、计算机类（不含电影制作、服务科学与工程、虚拟现实技术、区块链工程）；研究生：统计学、应用统计、计算机科学与技术"",""学历"":""本科或硕士研究生"",""学位"":""与最高学历相对应的学位"",""政治面貌"":""不限"",""基层工作最低年限"":""无限制"",""服务基层项目工作经历"":""无限制"",""是否在面试阶段组织专业能力测试"":""否"",""面试人员比例"":""3:1"",""工作地点"":""河南省开封市"",""落户地点"":""河南省开封市"",""备注"":""1.本职位限招女性；2.须以最高学历所学主修专业报考；3.本单位最低服务年限为5年（含试用期）。"",""部门网站"":""http://hazd.stats.gov.cn/"",""咨询电话1"":""0371-60336312"",""咨询电话2"":""0371-60336206"",""咨询电话3"":""0371-60336373"",""来源Sheet"":""中央国家行政机关参照公务员法管理事业单位""}}"
"government_jobs","国家公务员2026招考简章","公务员/事业单位技术岗位","河南省平顶山市","2026-07-28T09:12:58.310295+00:00","平顶山调查队业务科室一级科员（1）","国家统计局河南调查总队","","河南省平顶山市","公务员/事业单位;2026;computer_software;data_ai;仅限本科;学士;统计学类（不含生物统计学）、经济学类（非经济学大类，不含资源与环境经济学、商务经济学、经济工程）、数学类（不含数理基础科学)、计算机类（不含电影制作、服务科学与工程、虚拟现实技术、区块链工程），汉语言文学、新闻学、传播学、行政管理专业;市（地）级及以下直属机构综合管理类","用人司局：国家统计局河南调查总队
职位简介：从事一线入户调查、数据处理、统计分析、统计研究等工作。
专业要求：统计学类（不含生物统计学）、经济学类（非经济学大类，不含资源与环境经济学、商务经济学、经济工程）、数学类（不含数理基础科学)、计算机类（不含电影制作、服务科学与工程、虚拟现实技术、区块链工程），汉语言文学、新闻学、传播学、行政管理专业
学历要求：仅限本科
学位要求：学士
政治面貌：不限
基层工作经历：无限制
考试类别：市（地）级及以下直属机构综合管理类
备注：1.本职位限招男性；2.须以最高学历所学主修专业报考；3.限应届高校毕业生；4.本单位最低服务年限为5年（含试用期）。","http://bm.scs.gov.cn/kl2026#137116-400110116004","2025-10-14","{""dataset_year"":2026,""job_uid"":""GOV-2026-137116-400110116004"",""publisher"":""国家公务员局"",""publication_page"":""http://bm.scs.gov.cn/kl2026"",""attachment_url"":""local://2026_guokao_zhaokaojianzhang.zip"",""local_source_file"":""中央机关及其直属机构2026年度考试录用公务员招考简章.xls"",""local_source_sha256"":""2670bae1df1dd07a3a3c79b9db46a11e3bb15a6c9c249e6af98bfd0b61ce3aaf"",""source_sheet"":""中央国家行政机关参照公务员法管理事业单位"",""filter_version"":""government_tech_v2"",""tech_filter"":{""is_tech"":true,""is_core_tech"":true,""scope"":""core"",""categories"":[""computer_software"",""data_ai""],""matched_fields"":[""major"",""description""],""major_terms"":[""区块链工程"",""虚拟现实技术"",""计算机类""],""role_terms"":[""数据处理""],""reason"":""tech_major_and_role""},""original"":{""部门代码"":""137116"",""部门名称"":""国家统计局河南调查总队"",""用人司局"":""国家统计局河南调查总队"",""机构性质"":""中央国家行政机关参照公务员法管理事业单位"",""招考职位"":""平顶山调查队业务科室一级科员（1）"",""职位属性"":""普通职位"",""职位分布"":""其他职位"",""职位简介"":""从事一线入户调查、数据处理、统计分析、统计研究等工作。"",""职位代码"":""400110116004"",""机构层级"":""市（地）级"",""考试类别"":""市（地）级及以下直属机构综合管理类"",""招考人数"":""1"",""专业"":""统计学类（不含生物统计学）、经济学类（非经济学大类，不含资源与环境经济学、商务经济学、经济工程）、数学类（不含数理基础科学)、计算机类（不含电影制作、服务科学与工程、虚拟现实技术、区块链工程），汉语言文学、新闻学、传播学、行政管理专业"",""学历"":""仅限本科"",""学位"":""学士"",""政治面貌"":""不限"",""基层工作最低年限"":""无限制"",""服务基层项目工作经历"":""无限制"",""是否在面试阶段组织专业能力测试"":""否"",""面试人员比例"":""3:1"",""工作地点"":""河南省平顶山市"",""落户地点"":""河南省平顶山市"",""备注"":""1.本职位限招男性；2.须以最高学历所学主修专业报考；3.限应届高校毕业生；4.本单位最低服务年限为5年（含试用期）。"",""部门网站"":""http://hazd.stats.gov.cn/"",""咨询电话1"":""0371-60336312"",""咨询电话2"":""0371-60336206"",""咨询电话3"":""0371-60336373"",""来源Sheet"":""中央国家行政机关参照公务员法管理事业单位""}}"
"government_jobs","国家公务员2026招考简章","公务员/事业单位技术岗位","河南省平顶山市","2026-07-28T09:12:58.310295+00:00","平顶山调查队业务科室一级科员（2）","国家统计局河南调查总队","","河南省平顶山市","公务员/事业单位;2026;computer_software;data_ai;仅限本科;学士;统计学类（不含生物统计学）、经济学类（非经济学大类，不含资源与环境经济学、商务经济学、经济工程）、数学类（不含数理基础科学)、计算机类（不含电影制作、服务科学与工程、虚拟现实技术、区块链工程），汉语言文学、新闻学、传播学、行政管理专业;市（地）级及以下直属机构综合管理类","用人司局：国家统计局河南调查总队
职位简介：从事一线入户调查、数据处理、统计分析、统计研究等工作。
专业要求：统计学类（不含生物统计学）、经济学类（非经济学大类，不含资源与环境经济学、商务经济学、经济工程）、数学类（不含数理基础科学)、计算机类（不含电影制作、服务科学与工程、虚拟现实技术、区块链工程），汉语言文学、新闻学、传播学、行政管理专业
学历要求：仅限本科
学位要求：学士
政治面貌：不限
基层工作经历：无限制
考试类别：市（地）级及以下直属机构综合管理类
备注：1.本职位限招女性；2.须以最高学历所学主修专业报考；3.限应届高校毕业生；4.本单位最低服务年限为5年（含试用期）。","http://bm.scs.gov.cn/kl2026#137116-400110116005","2025-10-14","{""dataset_year"":2026,""job_uid"":""GOV-2026-137116-400110116005"",""publisher"":""国家公务员局"",""publication_page"":""http://bm.scs.gov.cn/kl2026"",""attachment_url"":""local://2026_guokao_zhaokaojianzhang.zip"",""local_source_file"":""中央机关及其直属机构2026年度考试录用公务员招考简章.xls"",""local_source_sha256"":""2670bae1df1dd07a3a3c79b9db46a11e3bb15a6c9c249e6af98bfd0b61ce3aaf"",""source_sheet"":""中央国家行政机关参照公务员法管理事业单位"",""filter_version"":""government_tech_v2"",""tech_filter"":{""is_tech"":true,""is_core_tech"":true,""scope"":""core"",""categories"":[""computer_software"",""data_ai""],""matched_fields"":[""major"",""description""],""major_terms"":[""区块链工程"",""虚拟现实技术"",""计算机类""],""role_terms"":[""数据处理""],""reason"":""tech_major_and_role""},""original"":{""部门代码"":""137116"",""部门名称"":""国家统计局河南调查总队"",""用人司局"":""国家统计局河南调查总队"",""机构性质"":""中央国家行政机关参照公务员法管理事业单位"",""招考职位"":""平顶山调查队业务科室一级科员（2）"",""职位属性"":""普通职位"",""职位分布"":""其他职位"",""职位简介"":""从事一线入户调查、数据处理、统计分析、统计研究等工作。"",""职位代码"":""400110116005"",""机构层级"":""市（地）级"",""考试类别"":""市（地）级及以下直属机构综合管理类"",""招考人数"":""1"",""专业"":""统计学类（不含生物统计学）、经济学类（非经济学大类，不含资源与环境经济学、商务经济学、经济工程）、数学类（不含数理基础科学)、计算机类（不含电影制作、服务科学与工程、虚拟现实技术、区块链工程），汉语言文学、新闻学、传播学、行政管理专业"",""学历"":""仅限本科"",""学位"":""学士"",""政治面貌"":""不限"",""基层工作最低年限"":""无限制"",""服务基层项目工作经历"":""无限制"",""是否在面试阶段组织专业能力测试"":""否"",""面试人员比例"":""3:1"",""工作地点"":""河南省平顶山市"",""落户地点"":""河南省平顶山市"",""备注"":""1.本职位限招女性；2.须以最高学历所学主修专业报考；3.限应届高校毕业生；4.本单位最低服务年限为5年（含试用期）。"",""部门网站"":""http://hazd.stats.gov.cn/"",""咨询电话1"":""0371-60336312"",""咨询电话2"":""0371-60336206"",""咨询电话3"":""0371-60336373"",""来源Sheet"":""中央国家行政机关参照公务员法管理事业单位""}}"
"government_jobs","国家公务员2026招考简章","公务员/事业单位技术岗位","河南省安阳市","2026-07-28T09:12:58.310295+00:00","安阳调查队业务科室一级科员（1）","国家统计局河南调查总队","","河南省安阳市","公务员/事业单位;2026;computer_software;data_ai;仅限本科;学士;统计学类（不含生物统计学）、经济学类（非经济学大类，不含资源与环境经济学、商务经济学、经济工程）、数学类（不含数理基础科学)、计算机类（不含电影制作、服务科学与工程、虚拟现实技术、区块链工程），汉语言文学专业;市（地）级及以下直属机构综合管理类","用人司局：国家统计局河南调查总队
职位简介：从事一线入户调查、数据处理、统计分析、统计研究等工作。
专业要求：统计学类（不含生物统计学）、经济学类（非经济学大类，不含资源与环境经济学、商务经济学、经济工程）、数学类（不含数理基础科学)、计算机类（不含电影制作、服务科学与工程、虚拟现实技术、区块链工程），汉语言文学专业
学历要求：仅限本科
学位要求：学士
政治面貌：不限
基层工作经历：无限制
考试类别：市（地）级及以下直属机构综合管理类
备注：1.本职位限招男性；2.须以最高学历所学主修专业报考；3.限应届高校毕业生；4.本单位最低服务年限为5年（含试用期）。","http://bm.scs.gov.cn/kl2026#137116-400110116006","2025-10-14","{""dataset_year"":2026,""job_uid"":""GOV-2026-137116-400110116006"",""publisher"":""国家公务员局"",""publication_page"":""http://bm.scs.gov.cn/kl2026"",""attachment_url"":""local://2026_guokao_zhaokaojianzhang.zip"",""local_source_file"":""中央机关及其直属机构2026年度考试录用公务员招考简章.xls"",""local_source_sha256"":""2670bae1df1dd07a3a3c79b9db46a11e3bb15a6c9c249e6af98bfd0b61ce3aaf"",""source_sheet"":""中央国家行政机关参照公务员法管理事业单位"",""filter_version"":""government_tech_v2"",""tech_filter"":{""is_tech"":true,""is_core_tech"":true,""scope"":""core"",""categories"":[""computer_software"",""data_ai""],""matched_fields"":[""major"",""description""],""major_terms"":[""区块链工程"",""虚拟现实技术"",""计算机类""],""role_terms"":[""数据处理""],""reason"":""tech_major_and_role""},""original"":{""部门代码"":""137116"",""部门名称"":""国家统计局河南调查总队"",""用人司局"":""国家统计局河南调查总队"",""机构性质"":""中央国家行政机关参照公务员法管理事业单位"",""招考职位"":""安阳调查队业务科室一级科员（1）"",""职位属性"":""普通职位"",""职位分布"":""其他职位"",""职位简介"":""从事一线入户调查、数据处理、统计分析、统计研究等工作。"",""职位代码"":""400110116006"",""机构层级"":""市（地）级"",""考试类别"":""市（地）级及以下直属机构综合管理类"",""招考人数"":""1"",""专业"":""统计学类（不含生物统计学）、经济学类（非经济学大类，不含资源与环境经济学、商务经济学、经济工程）、数学类（不含数理基础科学)、计算机类（不含电影制作、服务科学与工程、虚拟现实技术、区块链工程），汉语言文学专业"",""学历"":""仅限本科"",""学位"":""学士"",""政治面貌"":""不限"",""基层工作最低年限"":""无限制"",""服务基层项目工作经历"":""无限制"",""是否在面试阶段组织专业能力测试"":""否"",""面试人员比例"":""3:1"",""工作地点"":""河南省安阳市"",""落户地点"":""河南省安阳市"",""备注"":""1.本职位限招男性；2.须以最高学历所学主修专业报考；3.限应届高校毕业生；4.本单位最低服务年限为5年（含试用期）。"",""部门网站"":""http://hazd.stats.gov.cn/"",""咨询电话1"":""0371-60336312"",""咨询电话2"":""0371-60336206"",""咨询电话3"":""0371-60336373"",""来源Sheet"":""中央国家行政机关参照公务员法管理事业单位""}}"
"government_jobs","国家公务员2026招考简章","公务员/事业单位技术岗位","河南省安阳市","2026-07-28T09:12:58.310295+00:00","安阳调查队业务科室一级科员（2）","国家统计局河南调查总队","","河南省安阳市","公务员/事业单位;2026;computer_software;data_ai;仅限本科;学士;统计学类（不含生物统计学）、经济学类（非经济学大类，不含资源与环境经济学、商务经济学、经济工程）、数学类（不含数理基础科学)、计算机类（不含电影制作、服务科学与工程、虚拟现实技术、区块链工程），汉语言文学专业;市（地）级及以下直属机构综合管理类","用人司局：国家统计局河南调查总队
职位简介：从事一线入户调查、数据处理、统计分析、统计研究等工作。
专业要求：统计学类（不含生物统计学）、经济学类（非经济学大类，不含资源与环境经济学、商务经济学、经济工程）、数学类（不含数理基础科学)、计算机类（不含电影制作、服务科学与工程、虚拟现实技术、区块链工程），汉语言文学专业
学历要求：仅限本科
学位要求：学士
政治面貌：不限
基层工作经历：无限制
考试类别：市（地）级及以下直属机构综合管理类
备注：1.本职位限招女性；2.须以最高学历所学主修专业报考；3.限应届高校毕业生；4.本单位最低服务年限为5年（含试用期）。","http://bm.scs.gov.cn/kl2026#137116-400110116007","2025-10-14","{""dataset_year"":2026,""job_uid"":""GOV-2026-137116-400110116007"",""publisher"":""国家公务员局"",""publication_page"":""http://bm.scs.gov.cn/kl2026"",""attachment_url"":""local://2026_guokao_zhaokaojianzhang.zip"",""local_source_file"":""中央机关及其直属机构2026年度考试录用公务员招考简章.xls"",""local_source_sha256"":""2670bae1df1dd07a3a3c79b9db46a11e3bb15a6c9c249e6af98bfd0b61ce3aaf"",""source_sheet"":""中央国家行政机关参照公务员法管理事业单位"",""filter_version"":""government_tech_v2"",""tech_filter"":{""is_tech"":true,""is_core_tech"":true,""scope"":""core"",""categories"":[""computer_software"",""data_ai""],""matched_fields"":[""major"",""description""],""major_terms"":[""区块链工程"",""虚拟现实技术"",""计算机类""],""role_terms"":[""数据处理""],""reason"":""tech_major_and_role""},""original"":{""部门代码"":""137116"",""部门名称"":""国家统计局河南调查总队"",""用人司局"":""国家统计局河南调查总队"",""机构性质"":""中央国家行政机关参照公务员法管理事业单位"",""招考职位"":""安阳调查队业务科室一级科员（2）"",""职位属性"":""普通职位"",""职位分布"":""其他职位"",""职位简介"":""从事一线入户调查、数据处理、统计分析、统计研究等工作。"",""职位代码"":""400110116007"",""机构层级"":""市（地）级"",""考试类别"":""市（地）级及以下直属机构综合管理类"",""招考人数"":""1"",""专业"":""统计学类（不含生物统计学）、经济学类（非经济学大类，不含资源与环境经济学、商务经济学、经济工程）、数学类（不含数理基础科学)、计算机类（不含电影制作、服务科学与工程、虚拟现实技术、区块链工程），汉语言文学专业"",""学历"":""仅限本科"",""学位"":""学士"",""政治面貌"":""不限"",""基层工作最低年限"":""无限制"",""服务基层项目工作经历"":""无限制"",""是否在面试阶段组织专业能力测试"":""否"",""面试人员比例"":""3:1"",""工作地点"":""河南省安阳市"",""落户地点"":""河南省安阳市"",""备注"":""1.本职位限招女性；2.须以最高学历所学主修专业报考；3.限应届高校毕业生；4.本单位最低服务年限为5年（含试用期）。"",""部门网站"":""http://hazd.stats.gov.cn/"",""咨询电话1"":""0371-60336312"",""咨询电话2"":""0371-60336206"",""咨询电话3"":""0371-60336373"",""来源Sheet"":""中央国家行政机关参照公务员法管理事业单位""}}"
"government_jobs","国家公务员2026招考简章","公务员/事业单位技术岗位","河南省濮阳市","2026-07-28T09:12:58.310295+00:00","濮阳调查队业务科室一级科员","国家统计局河南调查总队","","河南省濮阳市","公务员/事业单位;2026;computer_software;data_ai;仅限本科;学士;计算机类（不含电影制作、服务科学与工程、虚拟现实技术、区块链工程），会计学、财务管理、审计学专业;市（地）级及以下直属机构综合管理类","用人司局：国家统计局河南调查总队
职位简介：从事一线入户调查、数据处理、统计分析、统计研究等工作。
专业要求：计算机类（不含电影制作、服务科学与工程、虚拟现实技术、区块链工程），会计学、财务管理、审计学专业
学历要求：仅限本科
学位要求：学士
政治面貌：不限
基层工作经历：无限制
考试类别：市（地）级及以下直属机构综合管理类
备注：1.须以最高学历所学主修专业报考；2.限应届高校毕业生；3.本单位最低服务年限为5年（含试用期）。","http://bm.scs.gov.cn/kl2026#137116-400110116008","2025-10-14","{""dataset_year"":2026,""job_uid"":""GOV-2026-137116-400110116008"",""publisher"":""国家公务员局"",""publication_page"":""http://bm.scs.gov.cn/kl2026"",""attachment_url"":""local://2026_guokao_zhaokaojianzhang.zip"",""local_source_file"":""中央机关及其直属机构2026年度考试录用公务员招考简章.xls"",""local_source_sha256"":""2670bae1df1dd07a3a3c79b9db46a11e3bb15a6c9c249e6af98bfd0b61ce3aaf"",""source_sheet"":""中央国家行政机关参照公务员法管理事业单位"",""filter_version"":""government_tech_v2"",""tech_filter"":{""is_tech"":true,""is_core_tech"":true,""scope"":""core"",""categories"":[""computer_software"",""data_ai""],""matched_fields"":[""major"",""description""],""major_terms"":[""区块链工程"",""虚拟现实技术"",""计算机类""],""role_terms"":[""数据处理""],""reason"":""tech_major_and_role""},""original"":{""部门代码"":""137116"",""部门名称"":""国家统计局河南调查总队"",""用人司局"":""国家统计局河南调查总队"",""机构性质"":""中央国家行政机关参照公务员法管理事业单位"",""招考职位"":""濮阳调查队业务科室一级科员"",""职位属性"":""普通职位"",""职位分布"":""其他职位"",""职位简介"":""从事一线入户调查、数据处理、统计分析、统计研究等工作。"",""职位代码"":""400110116008"",""机构层级"":""市（地）级"",""考试类别"":""市（地）级及以下直属机构综合管理类"",""招考人数"":""2"",""专业"":""计算机类（不含电影制作、服务科学与工程、虚拟现实技术、区块链工程），会计学、财务管理、审计学专业"",""学历"":""仅限本科"",""学位"":""学士"",""政治面貌"":""不限"",""基层工作最低年限"":""无限制"",""服务基层项目工作经历"":""无限制"",""是否在面试阶段组织专业能力测试"":""否"",""面试人员比例"":""3:1"",""工作地点"":""河南省濮阳市"",""落户地点"":""河南省濮阳市"",""备注"":""1.须以最高学历所学主修专业报考；2.限应届高校毕业生；3.本单位最低服务年限为5年（含试用期）。"",""部门网站"":""http://hazd.stats.gov.cn/"",""咨询电话1"":""0371-60336312"",""咨询电话2"":""0371-60336206"",""咨询电话3"":""0371-60336373"",""来源Sheet"":""中央国家行政机关参照公务员法管理事业单位""}}"
"government_jobs","国家公务员2026招考简章","公务员/事业单位技术岗位","河南省许昌市","2026-07-28T09:12:58.310295+00:00","许昌调查队业务科室一级科员","国家统计局河南调查总队","","河南省许昌市","公务员/事业单位;2026;computer_software;data_ai;仅限本科;学士;统计学类（不含生物统计学）、经济学类（非经济学大类，不含资源与环境经济学、商务经济学、经济工程）、数学类（不含数理基础科学)、计算机类（不含电影制作、服务科学与工程、虚拟现实技术、区块链工程）;市（地）级及以下直属机构综合管理类","用人司局：国家统计局河南调查总队
职位简介：从事一线入户调查、数据处理、统计分析、统计研究等工作。
专业要求：统计学类（不含生物统计学）、经济学类（非经济学大类，不含资源与环境经济学、商务经济学、经济工程）、数学类（不含数理基础科学)、计算机类（不含电影制作、服务科学与工程、虚拟现实技术、区块链工程）
学历要求：仅限本科
学位要求：学士
政治面貌：不限
基层工作经历：无限制
考试类别：市（地）级及以下直属机构综合管理类
备注：1.须以最高学历所学主修专业报考；2.限应届高校毕业生；3.本单位最低服务年限为5年（含试用期）。","http://bm.scs.gov.cn/kl2026#137116-400110116009","2025-10-14","{""dataset_year"":2026,""job_uid"":""GOV-2026-137116-400110116009"",""publisher"":""国家公务员局"",""publication_page"":""http://bm.scs.gov.cn/kl2026"",""attachment_url"":""local://2026_guokao_zhaokaojianzhang.zip"",""local_source_file"":""中央机关及其直属机构2026年度考试录用公务员招考简章.xls"",""local_source_sha256"":""2670bae1df1dd07a3a3c79b9db46a11e3bb15a6c9c249e6af98bfd0b61ce3aaf"",""source_sheet"":""中央国家行政机关参照公务员法管理事业单位"",""filter_version"":""government_tech_v2"",""tech_filter"":{""is_tech"":true,""is_core_tech"":true,""scope"":""core"",""categories"":[""computer_software"",""data_ai""],""matched_fields"":[""major"",""description""],""major_terms"":[""区块链工程"",""虚拟现实技术"",""计算机类""],""role_terms"":[""数据处理""],""reason"":""tech_major_and_role""},""original"":{""部门代码"":""137116"",""部门名称"":""国家统计局河南调查总队"",""用人司局"":""国家统计局河南调查总队"",""机构性质"":""中央国家行政机关参照公务员法管理事业单位"",""招考职位"":""许昌调查队业务科室一级科员"",""职位属性"":""普通职位"",""职位分布"":""其他职位"",""职位简介"":""从事一线入户调查、数据处理、统计分析、统计研究等工作。"",""职位代码"":""400110116009"",""机构层级"":""市（地）级"",""考试类别"":""市（地）级及以下直属机构综合管理类"",""招考人数"":""1"",""专业"":""统计学类（不含生物统计学）、经济学类（非经济学大类，不含资源与环境经济学、商务经济学、经济工程）、数学类（不含数理基础科学)、计算机类（不含电影制作、服务科学与工程、虚拟现实技术、区块链工程）"",""学历"":""仅限本科"",""学位"":""学士"",""政治面貌"":""不限"",""基层工作最低年限"":""无限制"",""服务基层项目工作经历"":""无限制"",""是否在面试阶段组织专业能力测试"":""否"",""面试人员比例"":""3:1"",""工作地点"":""河南省许昌市"",""落户地点"":""河南省许昌市"",""备注"":""1.须以最高学历所学主修专业报考；2.限应届高校毕业生；3.本单位最低服务年限为5年（含试用期）。"",""部门网站"":""http://hazd.stats.gov.cn/"",""咨询电话1"":""0371-60336312"",""咨询电话2"":""0371-60336206"",""咨询电话3"":""0371-60336373"",""来源Sheet"":""中央国家行政机关参照公务员法管理事业单位""}}"
"government_jobs","国家公务员2026招考简章","公务员/事业单位技术岗位","河南省周口市","2026-07-28T09:12:58.310295+00:00","周口调查队业务科室四级主任科员","国家统计局河南调查总队","","河南省周口市","公务员/事业单位;2026;computer_software;data_ai;仅限硕士研究生;硕士;统计学、应用统计、应用经济学、计算机科学与技术;市（地）级及以下直属机构综合管理类","用人司局：国家统计局河南调查总队
职位简介：从事一线入户调查、数据处理、统计分析、统计研究等工作。
专业要求：统计学、应用统计、应用经济学、计算机科学与技术
学历要求：仅限硕士研究生
学位要求：硕士
政治面貌：不限
基层工作经历：无限制
考试类别：市（地）级及以下直属机构综合管理类
备注：1.须以最高学历所学主修专业报考；2.限应届高校毕业生；3.本单位最低服务年限为5年（含试用期）。","http://bm.scs.gov.cn/kl2026#137116-400110116010","2025-10-14","{""dataset_year"":2026,""job_uid"":""GOV-2026-137116-400110116010"",""publisher"":""国家公务员局"",""publication_page"":""http://bm.scs.gov.cn/kl2026"",""attachment_url"":""local://2026_guokao_zhaokaojianzhang.zip"",""local_source_file"":""中央机关及其直属机构2026年度考试录用公务员招考简章.xls"",""local_source_sha256"":""2670bae1df1dd07a3a3c79b9db46a11e3bb15a6c9c249e6af98bfd0b61ce3aaf"",""source_sheet"":""中央国家行政机关参照公务员法管理事业单位"",""filter_version"":""government_tech_v2"",""tech_filter"":{""is_tech"":true,""is_core_tech"":true,""scope"":""core"",""categories"":[""computer_software"",""data_ai""],""matched_fields"":[""major"",""description""],""major_terms"":[""计算机科学与技术""],""role_terms"":[""数据处理""],""reason"":""tech_major_and_role""},""original"":{""部门代码"":""137116"",""部门名称"":""国家统计局河南调查总队"",""用人司局"":""国家统计局河南调查总队"",""机构性质"":""中央国家行政机关参照公务员法管理事业单位"",""招考职位"":""周口调查队业务科室四级主任科员"",""职位属性"":""普通职位"",""职位分布"":""其他职位"",""职位简介"":""从事一线入户调查、数据处理、统计分析、统计研究等工作。"",""职位代码"":""400110116010"",""机构层级"":""市（地）级"",""考试类别"":""市（地）级及以下直属机构综合管理类"",""招考人数"":""1"",""专业"":""统计学、应用统计、应用经济学、计算机科学与技术"",""学历"":""仅限硕士研究生"",""学位"":""硕士"",""政治面貌"":""不限"",""基层工作最低年限"":""无限制"",""服务基层项目工作经历"":""无限制"",""是否在面试阶段组织专业能力测试"":""否"",""面试人员比例"":""3:1"",""工作地点"":""河南省周口市"",""落户地点"":""河南省周口市"",""备注"":""1.须以最高学历所学主修专业报考；2.限应届高校毕业生；3.本单位最低服务年限为5年（含试用期）。"",""部门网站"":""http://hazd.stats.gov.cn/"",""咨询电话1"":""0371-60336312"",""咨询电话2"":""0371-60336206"",""咨询电话3"":""0371-60336373"",""来源Sheet"":""中央国家行政机关参照公务员法管理事业单位""}}"
"government_jobs","国家公务员2026招考简章","公务员/事业单位技术岗位","河南省开封市尉氏县","2026-07-28T09:12:58.310295+00:00","尉氏调查队一级科员（1）","国家统计局河南调查总队","","河南省开封市尉氏县","公务员/事业单位;2026;computer_software;data_ai;仅限本科;学士;统计学类、经济学类、财政学类、金融学类、经济与贸易类、数学类、计算机类、新闻传播学类、植物生产类、动物生产类、社会学类、工商管理类、中国语言文学类（不含汉语国际教育、手语翻译、中国少数民族语言文学专业）、马克思主义理论类;市（地）级及以下直属机构综合管理类","用人司局：国家统计局河南调查总队
职位简介：从事一线入户调查、数据处理、统计分析、统计研究等工作。
专业要求：统计学类、经济学类、财政学类、金融学类、经济与贸易类、数学类、计算机类、新闻传播学类、植物生产类、动物生产类、社会学类、工商管理类、中国语言文学类（不含汉语国际教育、手语翻译、中国少数民族语言文学专业）、马克思主义理论类
学历要求：仅限本科
学位要求：学士
政治面貌：不限
基层工作经历：二年
考试类别：市（地）级及以下直属机构综合管理类
备注：1.须以最高学历所学主修专业报考；2.服务基层项目应服务期满且考核合格；3.本单位最低服务年限为5年（含试用期）。","http://bm.scs.gov.cn/kl2026#137116-400110116012","2025-10-14","{""dataset_year"":2026,""job_uid"":""GOV-2026-137116-400110116012"",""publisher"":""国家公务员局"",""publication_page"":""http://bm.scs.gov.cn/kl2026"",""attachment_url"":""local://2026_guokao_zhaokaojianzhang.zip"",""local_source_file"":""中央机关及其直属机构2026年度考试录用公务员招考简章.xls"",""local_source_sha256"":""2670bae1df1dd07a3a3c79b9db46a11e3bb15a6c9c249e6af98bfd0b61ce3aaf"",""source_sheet"":""中央国家行政机关参照公务员法管理事业单位"",""filter_version"":""government_tech_v2"",""tech_filter"":{""is_tech"":true,""is_core_tech"":true,""scope"":""core"",""categories"":[""computer_software"",""data_ai""],""matched_fields"":[""major"",""description""],""major_terms"":[""计算机类""],""role_terms"":[""数据处理""],""reason"":""tech_major_and_role""},""original"":{""部门代码"":""137116"",""部门名称"":""国家统计局河南调查总队"",""用人司局"":""国家统计局河南调查总队"",""机构性质"":""中央国家行政机关参照公务员法管理事业单位"",""招考职位"":""尉氏调查队一级科员（1）"",""职位属性"":""普通职位"",""职位分布"":""其他职位"",""职位简介"":""从事一线入户调查、数据处理、统计分析、统计研究等工作。"",""职位代码"":""400110116012"",""机构层级"":""县（区）级及以下"",""考试类别"":""市（地）级及以下直属机构综合管理类"",""招考人数"":""1"",""专业"":""统计学类、经济学类、财政学类、金融学类、经济与贸易类、数学类、计算机类、新闻传播学类、植物生产类、动物生产类、社会学类、工商管理类、中国语言文学类（不含汉语国际教育、手语翻译、中国少数民族语言文学专业）、马克思主义理论类"",""学历"":""仅限本科"",""学位"":""学士"",""政治面貌"":""不限"",""基层工作最低年限"":""二年"",""服务基层项目工作经历"":""大学生村官、农村义务教育阶段学校教师特设岗位计划、“三支一扶”计划、大学生志愿服务西部计划、在军队服役5年（含）以上的高校毕业生退役士兵"",""是否在面试阶段组织专业能力测试"":""否"",""面试人员比例"":""3:1"",""工作地点"":""河南省开封市尉氏县"",""落户地点"":""河南省开封市尉氏县"",""备注"":""1.须以最高学历所学主修专业报考；2.服务基层项目应服务期满且考核合格；3.本单位最低服务年限为5年（含试用期）。"",""部门网站"":""http://hazd.stats.gov.cn/"",""咨询电话1"":""0371-60336312"",""咨询电话2"":""0371-60336206"",""咨询电话3"":""0371-60336373"",""来源Sheet"":""中央国家行政机关参照公务员法管理事业单位""}}"
"government_jobs","国家公务员2026招考简章","公务员/事业单位技术岗位","河南省开封市尉氏县","2026-07-28T09:12:58.310295+00:00","尉氏调查队一级科员（2）","国家统计局河南调查总队","","河南省开封市尉氏县","公务员/事业单位;2026;computer_software;data_ai;仅限本科;学士;统计学类（不含生物统计学）、经济学类（非经济学大类，不含资源与环境经济学、商务经济学、经济工程）、数学类（不含数理基础科学)、计算机类（不含电影制作、服务科学与工程、虚拟现实技术、区块链工程）;市（地）级及以下直属机构综合管理类","用人司局：国家统计局河南调查总队
职位简介：从事一线入户调查、数据处理、统计分析、统计研究等工作。
专业要求：统计学类（不含生物统计学）、经济学类（非经济学大类，不含资源与环境经济学、商务经济学、经济工程）、数学类（不含数理基础科学)、计算机类（不含电影制作、服务科学与工程、虚拟现实技术、区块链工程）
学历要求：仅限本科
学位要求：学士
政治面貌：不限
基层工作经历：无限制
考试类别：市（地）级及以下直属机构综合管理类
备注：1.须以最高学历所学主修专业报考；2.限应届高校毕业生；3.本单位最低服务年限为5年（含试用期）。","http://bm.scs.gov.cn/kl2026#137116-400110116013","2025-10-14","{""dataset_year"":2026,""job_uid"":""GOV-2026-137116-400110116013"",""publisher"":""国家公务员局"",""publication_page"":""http://bm.scs.gov.cn/kl2026"",""attachment_url"":""local://2026_guokao_zhaokaojianzhang.zip"",""local_source_file"":""中央机关及其直属机构2026年度考试录用公务员招考简章.xls"",""local_source_sha256"":""2670bae1df1dd07a3a3c79b9db46a11e3bb15a6c9c249e6af98bfd0b61ce3aaf"",""source_sheet"":""中央国家行政机关参照公务员法管理事业单位"",""filter_version"":""government_tech_v2"",""tech_filter"":{""is_tech"":true,""is_core_tech"":true,""scope"":""core"",""categories"":[""computer_software"",""data_ai""],""matched_fields"":[""major"",""description""],""major_terms"":[""区块链工程"",""虚拟现实技术"",""计算机类""],""role_terms"":[""数据处理""],""reason"":""tech_major_and_role""},""original"":{""部门代码"":""137116"",""部门名称"":""国家统计局河南调查总队"",""用人司局"":""国家统计局河南调查总队"",""机构性质"":""中央国家行政机关参照公务员法管理事业单位"",""招考职位"":""尉氏调查队一级科员（2）"",""职位属性"":""普通职位"",""职位分布"":""其他职位"",""职位简介"":""从事一线入户调查、数据处理、统计分析、统计研究等工作。"",""职位代码"":""400110116013"",""机构层级"":""县（区）级及以下"",""考试类别"":""市（地）级及以下直属机构综合管理类"",""招考人数"":""1"",""专业"":""统计学类（不含生物统计学）、经济学类（非经济学大类，不含资源与环境经济学、商务经济学、经济工程）、数学类（不含数理基础科学)、计算机类（不含电影制作、服务科学与工程、虚拟现实技术、区块链工程）"",""学历"":""仅限本科"",""学位"":""学士"",""政治面貌"":""不限"",""基层工作最低年限"":""无限制"",""服务基层项目工作经历"":""无限制"",""是否在面试阶段组织专业能力测试"":""否"",""面试人员比例"":""3:1"",""工作地点"":""河南省开封市尉氏县"",""落户地点"":""河南省开封市尉氏县"",""备注"":""1.须以最高学历所学主修专业报考；2.限应届高校毕业生；3.本单位最低服务年限为5年（含试用期）。"",""部门网站"":""http://hazd.stats.gov.cn/"",""咨询电话1"":""0371-60336312"",""咨询电话2"":""0371-60336206"",""咨询电话3"":""0371-60336373"",""来源Sheet"":""中央国家行政机关参照公务员法管理事业单位""}}"
"government_jobs","国家公务员2026招考简章","公务员/事业单位技术岗位","河南省洛阳市伊川县","2026-07-28T09:12:58.310295+00:00","伊川调查队一级科员（1）","国家统计局河南调查总队","","河南省洛阳市伊川县","公务员/事业单位;2026;computer_software;data_ai;仅限本科;学士;统计学类（不含生物统计学）、经济学类（非经济学大类，不含资源与环境经济学、商务经济学、经济工程）、计算机类（不含电影制作、服务科学与工程、虚拟现实技术、区块链工程）;市（地）级及以下直属机构综合管理类","用人司局：国家统计局河南调查总队
职位简介：从事一线入户调查、数据处理、统计分析、统计研究等工作。
专业要求：统计学类（不含生物统计学）、经济学类（非经济学大类，不含资源与环境经济学、商务经济学、经济工程）、计算机类（不含电影制作、服务科学与工程、虚拟现实技术、区块链工程）
学历要求：仅限本科
学位要求：学士
政治面貌：不限
基层工作经历：无限制
考试类别：市（地）级及以下直属机构综合管理类
备注：1.本职位限招男性；2.须以最高学历所学主修专业报考；3.限应届高校毕业生；4.本单位最低服务年限为5年（含试用期）。","http://bm.scs.gov.cn/kl2026#137116-400110116015","2025-10-14","{""dataset_year"":2026,""job_uid"":""GOV-2026-137116-400110116015"",""publisher"":""国家公务员局"",""publication_page"":""http://bm.scs.gov.cn/kl2026"",""attachment_url"":""local://2026_guokao_zhaokaojianzhang.zip"",""local_source_file"":""中央机关及其直属机构2026年度考试录用公务员招考简章.xls"",""local_source_sha256"":""2670bae1df1dd07a3a3c79b9db46a11e3bb15a6c9c249e6af98bfd0b61ce3aaf"",""source_sheet"":""中央国家行政机关参照公务员法管理事业单位"",""filter_version"":""government_tech_v2"",""tech_filter"":{""is_tech"":true,""is_core_tech"":true,""scope"":""core"",""categories"":[""computer_software"",""data_ai""],""matched_fields"":[""major"",""description""],""major_terms"":[""区块链工程"",""虚拟现实技术"",""计算机类""],""role_terms"":[""数据处理""],""reason"":""tech_major_and_role""},""original"":{""部门代码"":""137116"",""部门名称"":""国家统计局河南调查总队"",""用人司局"":""国家统计局河南调查总队"",""机构性质"":""中央国家行政机关参照公务员法管理事业单位"",""招考职位"":""伊川调查队一级科员（1）"",""职位属性"":""普通职位"",""职位分布"":""其他职位"",""职位简介"":""从事一线入户调查、数据处理、统计分析、统计研究等工作。"",""职位代码"":""400110116015"",""机构层级"":""县（区）级及以下"",""考试类别"":""市（地）级及以下直属机构综合管理类"",""招考人数"":""1"",""专业"":""统计学类（不含生物统计学）、经济学类（非经济学大类，不含资源与环境经济学、商务经济学、经济工程）、计算机类（不含电影制作、服务科学与工程、虚拟现实技术、区块链工程）"",""学历"":""仅限本科"",""学位"":""学士"",""政治面貌"":""不限"",""基层工作最低年限"":""无限制"",""服务基层项目工作经历"":""无限制"",""是否在面试阶段组织专业能力测试"":""否"",""面试人员比例"":""3:1"",""工作地点"":""河南省洛阳市伊川县"",""落户地点"":""河南省洛阳市伊川县"",""备注"":""1.本职位限招男性；2.须以最高学历所学主修专业报考；3.限应届高校毕业生；4.本单位最低服务年限为5年（含试用期）。"",""部门网站"":""http://hazd.stats.gov.cn/"",""咨询电话1"":""0371-60336312"",""咨询电话2"":""0371-60336206"",""咨询电话3"":""0371-60336373"",""来源Sheet"":""中央国家行政机关参照公务员法管理事业单位""}}"
"government_jobs","国家公务员2026招考简章","公务员/事业单位技术岗位","河南省洛阳市伊川县","2026-07-28T09:12:58.310295+00:00","伊川调查队一级科员（2）","国家统计局河南调查总队","","河南省洛阳市伊川县","公务员/事业单位;2026;computer_software;data_ai;仅限本科;学士;统计学类（不含生物统计学）、经济学类（非经济学大类，不含资源与环境经济学、商务经济学、经济工程）、计算机类（不含电影制作、服务科学与工程、虚拟现实技术、区块链工程）;市（地）级及以下直属机构综合管理类","用人司局：国家统计局河南调查总队
职位简介：从事一线入户调查、数据处理、统计分析、统计研究等工作。
专业要求：统计学类（不含生物统计学）、经济学类（非经济学大类，不含资源与环境经济学、商务经济学、经济工程）、计算机类（不含电影制作、服务科学与工程、虚拟现实技术、区块链工程）
学历要求：仅限本科
学位要求：学士
政治面貌：不限
基层工作经历：无限制
考试类别：市（地）级及以下直属机构综合管理类
备注：1.本职位限招女性；2.须以最高学历所学主修专业报考；3.限应届高校毕业生；4.本单位最低服务年限为5年（含试用期）。","http://bm.scs.gov.cn/kl2026#137116-400110116016","2025-10-14","{""dataset_year"":2026,""job_uid"":""GOV-2026-137116-400110116016"",""publisher"":""国家公务员局"",""publication_page"":""http://bm.scs.gov.cn/kl2026"",""attachment_url"":""local://2026_guokao_zhaokaojianzhang.zip"",""local_source_file"":""中央机关及其直属机构2026年度考试录用公务员招考简章.xls"",""local_source_sha256"":""2670bae1df1dd07a3a3c79b9db46a11e3bb15a6c9c249e6af98bfd0b61ce3aaf"",""source_sheet"":""中央国家行政机关参照公务员法管理事业单位"",""filter_version"":""government_tech_v2"",""tech_filter"":{""is_tech"":true,""is_core_tech"":true,""scope"":""core"",""categories"":[""computer_software"",""data_ai""],""matched_fields"":[""major"",""description""],""major_terms"":[""区块链工程"",""虚拟现实技术"",""计算机类""],""role_terms"":[""数据处理""],""reason"":""tech_major_and_role""},""original"":{""部门代码"":""137116"",""部门名称"":""国家统计局河南调查总队"",""用人司局"":""国家统计局河南调查总队"",""机构性质"":""中央国家行政机关参照公务员法管理事业单位"",""招考职位"":""伊川调查队一级科员（2）"",""职位属性"":""普通职位"",""职位分布"":""其他职位"",""职位简介"":""从事一线入户调查、数据处理、统计分析、统计研究等工作。"",""职位代码"":""400110116016"",""机构层级"":""县（区）级及以下"",""考试类别"":""市（地）级及以下直属机构综合管理类"",""招考人数"":""1"",""专业"":""统计学类（不含生物统计学）、经济学类（非经济学大类，不含资源与环境经济学、商务经济学、经济工程）、计算机类（不含电影制作、服务科学与工程、虚拟现实技术、区块链工程）"",""学历"":""仅限本科"",""学位"":""学士"",""政治面貌"":""不限"",""基层工作最低年限"":""无限制"",""服务基层项目工作经历"":""无限制"",""是否在面试阶段组织专业能力测试"":""否"",""面试人员比例"":""3:1"",""工作地点"":""河南省洛阳市伊川县"",""落户地点"":""河南省洛阳市伊川县"",""备注"":""1.本职位限招女性；2.须以最高学历所学主修专业报考；3.限应届高校毕业生；4.本单位最低服务年限为5年（含试用期）。"",""部门网站"":""http://hazd.stats.gov.cn/"",""咨询电话1"":""0371-60336312"",""咨询电话2"":""0371-60336206"",""咨询电话3"":""0371-60336373"",""来源Sheet"":""中央国家行政机关参照公务员法管理事业单位""}}"
"government_jobs","国家公务员2026招考简章","公务员/事业单位技术岗位","河南省新乡市原阳县","2026-07-28T09:12:58.310295+00:00","原阳调查队一级科员","国家统计局河南调查总队","","河南省新乡市原阳县","公务员/事业单位;2026;computer_software;data_ai;仅限本科;学士;统计学类（不含生物统计学）、经济学类（非经济学大类，不含资源与环境经济学、商务经济学、经济工程）、数学类（不含数理基础科学)、计算机类（不含电影制作、服务科学与工程、虚拟现实技术、区块链工程），汉语言文学、新闻学、传播学专业;市（地）级及以下直属机构综合管理类","用人司局：国家统计局河南调查总队
职位简介：从事一线入户调查、数据处理、统计分析、统计研究等工作。
专业要求：统计学类（不含生物统计学）、经济学类（非经济学大类，不含资源与环境经济学、商务经济学、经济工程）、数学类（不含数理基础科学)、计算机类（不含电影制作、服务科学与工程、虚拟现实技术、区块链工程），汉语言文学、新闻学、传播学专业
学历要求：仅限本科
学位要求：学士
政治面貌：不限
基层工作经历：无限制
考试类别：市（地）级及以下直属机构综合管理类
备注：1.须以最高学历所学主修专业报考；2.本单位最低服务年限为5年（含试用期）。","http://bm.scs.gov.cn/kl2026#137116-400110116018","2025-10-14","{""dataset_year"":2026,""job_uid"":""GOV-2026-137116-400110116018"",""publisher"":""国家公务员局"",""publication_page"":""http://bm.scs.gov.cn/kl2026"",""attachment_url"":""local://2026_guokao_zhaokaojianzhang.zip"",""local_source_file"":""中央机关及其直属机构2026年度考试录用公务员招考简章.xls"",""local_source_sha256"":""2670bae1df1dd07a3a3c79b9db46a11e3bb15a6c9c249e6af98bfd0b61ce3aaf"",""source_sheet"":""中央国家行政机关参照公务员法管理事业单位"",""filter_version"":""government_tech_v2"",""tech_filter"":{""is_tech"":true,""is_core_tech"":true,""scope"":""core"",""categories"":[""computer_software"",""data_ai""],""matched_fields"":[""major"",""description""],""major_terms"":[""区块链工程"",""虚拟现实技术"",""计算机类""],""role_terms"":[""数据处理""],""reason"":""tech_major_and_role""},""original"":{""部门代码"":""137116"",""部门名称"":""国家统计局河南调查总队"",""用人司局"":""国家统计局河南调查总队"",""机构性质"":""中央国家行政机关参照公务员法管理事业单位"",""招考职位"":""原阳调查队一级科员"",""职位属性"":""普通职位"",""职位分布"":""其他职位"",""职位简介"":""从事一线入户调查、数据处理、统计分析、统计研究等工作。"",""职位代码"":""400110116018"",""机构层级"":""县（区）级及以下"",""考试类别"":""市（地）级及以下直属机构综合管理类"",""招考人数"":""1"",""专业"":""统计学类（不含生物统计学）、经济学类（非经济学大类，不含资源与环境经济学、商务经济学、经济工程）、数学类（不含数理基础科学)、计算机类（不含电影制作、服务科学与工程、虚拟现实技术、区块链工程），汉语言文学、新闻学、传播学专业"",""学历"":""仅限本科"",""学位"":""学士"",""政治面貌"":""不限"",""基层工作最低年限"":""无限制"",""服务基层项目工作经历"":""无限制"",""是否在面试阶段组织专业能力测试"":""否"",""面试人员比例"":""3:1"",""工作地点"":""河南省新乡市原阳县"",""落户地点"":""河南省新乡市原阳县"",""备注"":""1.须以最高学历所学主修专业报考；2.本单位最低服务年限为5年（含试用期）。"",""部门网站"":""http://hazd.stats.gov.cn/"",""咨询电话1"":""0371-60336312"",""咨询电话2"":""0371-60336206"",""咨询电话3"":""0371-60336373"",""来源Sheet"":""中央国家行政机关参照公务员法管理事业单位""}}"
"government_jobs","国家公务员2026招考简章","公务员/事业单位技术岗位","河南省许昌市襄城县","2026-07-28T09:12:58.310295+00:00","襄城调查队一级科员","国家统计局河南调查总队","","河南省许昌市襄城县","公务员/事业单位;2026;computer_software;data_ai;仅限本科;学士;统计学类（不含生物统计学）、经济学类（非经济学大类，不含资源与环境经济学、商务经济学、经济工程）、计算机类（不含电影制作、服务科学与工程、虚拟现实技术、区块链工程），会计学、审计学、财务管理专业;市（地）级及以下直属机构综合管理类","用人司局：国家统计局河南调查总队
职位简介：从事一线入户调查、数据处理、统计分析、统计研究等工作。
专业要求：统计学类（不含生物统计学）、经济学类（非经济学大类，不含资源与环境经济学、商务经济学、经济工程）、计算机类（不含电影制作、服务科学与工程、虚拟现实技术、区块链工程），会计学、审计学、财务管理专业
学历要求：仅限本科
学位要求：学士
政治面貌：不限
基层工作经历：无限制
考试类别：市（地）级及以下直属机构综合管理类
备注：1.须以最高学历所学主修专业报考；2.限应届高校毕业生；3.本单位最低服务年限为5年（含试用期）。","http://bm.scs.gov.cn/kl2026#137116-400110116020","2025-10-14","{""dataset_year"":2026,""job_uid"":""GOV-2026-137116-400110116020"",""publisher"":""国家公务员局"",""publication_page"":""http://bm.scs.gov.cn/kl2026"",""attachment_url"":""local://2026_guokao_zhaokaojianzhang.zip"",""local_source_file"":""中央机关及其直属机构2026年度考试录用公务员招考简章.xls"",""local_source_sha256"":""2670bae1df1dd07a3a3c79b9db46a11e3bb15a6c9c249e6af98bfd0b61ce3aaf"",""source_sheet"":""中央国家行政机关参照公务员法管理事业单位"",""filter_version"":""government_tech_v2"",""tech_filter"":{""is_tech"":true,""is_core_tech"":true,""scope"":""core"",""categories"":[""computer_software"",""data_ai""],""matched_fields"":[""major"",""description""],""major_terms"":[""区块链工程"",""虚拟现实技术"",""计算机类""],""role_terms"":[""数据处理""],""reason"":""tech_major_and_role""},""original"":{""部门代码"":""137116"",""部门名称"":""国家统计局河南调查总队"",""用人司局"":""国家统计局河南调查总队"",""机构性质"":""中央国家行政机关参照公务员法管理事业单位"",""招考职位"":""襄城调查队一级科员"",""职位属性"":""普通职位"",""职位分布"":""其他职位"",""职位简介"":""从事一线入户调查、数据处理、统计分析、统计研究等工作。"",""职位代码"":""400110116020"",""机构层级"":""县（区）级及以下"",""考试类别"":""市（地）级及以下直属机构综合管理类"",""招考人数"":""1"",""专业"":""统计学类（不含生物统计学）、经济学类（非经济学大类，不含资源与环境经济学、商务经济学、经济工程）、计算机类（不含电影制作、服务科学与工程、虚拟现实技术、区块链工程），会计学、审计学、财务管理专业"",""学历"":""仅限本科"",""学位"":""学士"",""政治面貌"":""不限"",""基层工作最低年限"":""无限制"",""服务基层项目工作经历"":""无限制"",""是否在面试阶段组织专业能力测试"":""否"",""面试人员比例"":""3:1"",""工作地点"":""河南省许昌市襄城县"",""落户地点"":""河南省许昌市襄城县"",""备注"":""1.须以最高学历所学主修专业报考；2.限应届高校毕业生；3.本单位最低服务年限为5年（含试用期）。"",""部门网站"":""http://hazd.stats.gov.cn/"",""咨询电话1"":""0371-60336312"",""咨询电话2"":""0371-60336206"",""咨询电话3"":""0371-60336373"",""来源Sheet"":""中央国家行政机关参照公务员法管理事业单位""}}"
"government_jobs","国家公务员2026招考简章","公务员/事业单位技术岗位","河南省漯河市舞阳县","2026-07-28T09:12:58.310295+00:00","舞阳调查队一级科员","国家统计局河南调查总队","","河南省漯河市舞阳县","公务员/事业单位;2026;computer_software;data_ai;仅限本科;学士;统计学类、经济学类、财政学类、金融学类、经济与贸易类、数学类、计算机类、新闻传播学类、植物生产类、动物生产类、社会学类、工商管理类、中国语言文学类（不含汉语国际教育、手语翻译、中国少数民族语言文学专业）、马克思主义理论类;市（地）级及以下直属机构综合管理类","用人司局：国家统计局河南调查总队
职位简介：从事一线入户调查、数据处理、统计分析、统计研究等工作。
专业要求：统计学类、经济学类、财政学类、金融学类、经济与贸易类、数学类、计算机类、新闻传播学类、植物生产类、动物生产类、社会学类、工商管理类、中国语言文学类（不含汉语国际教育、手语翻译、中国少数民族语言文学专业）、马克思主义理论类
学历要求：仅限本科
学位要求：学士
政治面貌：不限
基层工作经历：二年
考试类别：市（地）级及以下直属机构综合管理类
备注：1.须以最高学历所学主修专业报考；2.服务基层项目应服务期满且考核合格；3.本单位最低服务年限为5年（含试用期）。","http://bm.scs.gov.cn/kl2026#137116-400110116021","2025-10-14","{""dataset_year"":2026,""job_uid"":""GOV-2026-137116-400110116021"",""publisher"":""国家公务员局"",""publication_page"":""http://bm.scs.gov.cn/kl2026"",""attachment_url"":""local://2026_guokao_zhaokaojianzhang.zip"",""local_source_file"":""中央机关及其直属机构2026年度考试录用公务员招考简章.xls"",""local_source_sha256"":""2670bae1df1dd07a3a3c79b9db46a11e3bb15a6c9c249e6af98bfd0b61ce3aaf"",""source_sheet"":""中央国家行政机关参照公务员法管理事业单位"",""filter_version"":""government_tech_v2"",""tech_filter"":{""is_tech"":true,""is_core_tech"":true,""scope"":""core"",""categories"":[""computer_software"",""data_ai""],""matched_fields"":[""major"",""description""],""major_terms"":[""计算机类""],""role_terms"":[""数据处理""],""reason"":""tech_major_and_role""},""original"":{""部门代码"":""137116"",""部门名称"":""国家统计局河南调查总队"",""用人司局"":""国家统计局河南调查总队"",""机构性质"":""中央国家行政机关参照公务员法管理事业单位"",""招考职位"":""舞阳调查队一级科员"",""职位属性"":""普通职位"",""职位分布"":""其他职位"",""职位简介"":""从事一线入户调查、数据处理、统计分析、统计研究等工作。"",""职位代码"":""400110116021"",""机构层级"":""县（区）级及以下"",""考试类别"":""市（地）级及以下直属机构综合管理类"",""招考人数"":""1"",""专业"":""统计学类、经济学类、财政学类、金融学类、经济与贸易类、数学类、计算机类、新闻传播学类、植物生产类、动物生产类、社会学类、工商管理类、中国语言文学类（不含汉语国际教育、手语翻译、中国少数民族语言文学专业）、马克思主义理论类"",""学历"":""仅限本科"",""学位"":""学士"",""政治面貌"":""不限"",""基层工作最低年限"":""二年"",""服务基层项目工作经历"":""大学生村官、农村义务教育阶段学校教师特设岗位计划、“三支一扶”计划、大学生志愿服务西部计划、在军队服役5年（含）以上的高校毕业生退役士兵"",""是否在面试阶段组织专业能力测试"":""否"",""面试人员比例"":""3:1"",""工作地点"":""河南省漯河市舞阳县"",""落户地点"":""河南省漯河市舞阳县"",""备注"":""1.须以最高学历所学主修专业报考；2.服务基层项目应服务期满且考核合格；3.本单位最低服务年限为5年（含试用期）。"",""部门网站"":""http://hazd.stats.gov.cn/"",""咨询电话1"":""0371-60336312"",""咨询电话2"":""0371-60336206"",""咨询电话3"":""0371-60336373"",""来源Sheet"":""中央国家行政机关参照公务员法管理事业单位""}}"
"government_jobs","国家公务员2026招考简章","公务员/事业单位技术岗位","河南省三门峡市卢氏县","2026-07-28T09:12:58.310295+00:00","卢氏调查队一级科员","国家统计局河南调查总队","","河南省三门峡市卢氏县","公务员/事业单位;2026;computer_software;data_ai;仅限本科;学士;统计学类（不含生物统计学）、计算机类（不含电影制作、服务科学与工程、虚拟现实技术、区块链工程）;市（地）级及以下直属机构综合管理类","用人司局：国家统计局河南调查总队
职位简介：从事一线入户调查、数据处理、统计分析、统计研究等工作。
专业要求：统计学类（不含生物统计学）、计算机类（不含电影制作、服务科学与工程、虚拟现实技术、区块链工程）
学历要求：仅限本科
学位要求：学士
政治面貌：不限
基层工作经历：无限制
考试类别：市（地）级及以下直属机构综合管理类
备注：1.须以最高学历所学主修专业报考；2.限应届高校毕业生；3.本单位最低服务年限为5年（含试用期）。","http://bm.scs.gov.cn/kl2026#137116-400110116022","2025-10-14","{""dataset_year"":2026,""job_uid"":""GOV-2026-137116-400110116022"",""publisher"":""国家公务员局"",""publication_page"":""http://bm.scs.gov.cn/kl2026"",""attachment_url"":""local://2026_guokao_zhaokaojianzhang.zip"",""local_source_file"":""中央机关及其直属机构2026年度考试录用公务员招考简章.xls"",""local_source_sha256"":""2670bae1df1dd07a3a3c79b9db46a11e3bb15a6c9c249e6af98bfd0b61ce3aaf"",""source_sheet"":""中央国家行政机关参照公务员法管理事业单位"",""filter_version"":""government_tech_v2"",""tech_filter"":{""is_tech"":true,""is_core_tech"":true,""scope"":""core"",""categories"":[""computer_software"",""data_ai""],""matched_fields"":[""major"",""description""],""major_terms"":[""区块链工程"",""虚拟现实技术"",""计算机类""],""role_terms"":[""数据处理""],""reason"":""tech_major_and_role""},""original"":{""部门代码"":""137116"",""部门名称"":""国家统计局河南调查总队"",""用人司局"":""国家统计局河南调查总队"",""机构性质"":""中央国家行政机关参照公务员法管理事业单位"",""招考职位"":""卢氏调查队一级科员"",""职位属性"":""普通职位"",""职位分布"":""其他职位"",""职位简介"":""从事一线入户调查、数据处理、统计分析、统计研究等工作。"",""职位代码"":""400110116022"",""机构层级"":""县（区）级及以下"",""考试类别"":""市（地）级及以下直属机构综合管理类"",""招考人数"":""1"",""专业"":""统计学类（不含生物统计学）、计算机类（不含电影制作、服务科学与工程、虚拟现实技术、区块链工程）"",""学历"":""仅限本科"",""学位"":""学士"",""政治面貌"":""不限"",""基层工作最低年限"":""无限制"",""服务基层项目工作经历"":""无限制"",""是否在面试阶段组织专业能力测试"":""否"",""面试人员比例"":""3:1"",""工作地点"":""河南省三门峡市卢氏县"",""落户地点"":""河南省三门峡市卢氏县"",""备注"":""1.须以最高学历所学主修专业报考；2.限应届高校毕业生；3.本单位最低服务年限为5年（含试用期）。"",""部门网站"":""http://hazd.stats.gov.cn/"",""咨询电话1"":""0371-60336312"",""咨询电话2"":""0371-60336206"",""咨询电话3"":""0371-60336373"",""来源Sheet"":""中央国家行政机关参照公务员法管理事业单位""}}"
"government_jobs","国家公务员2026招考简章","公务员/事业单位技术岗位","河南省南阳市方城县","2026-07-28T09:12:58.310295+00:00","方城调查队一级科员","国家统计局河南调查总队","","河南省南阳市方城县","公务员/事业单位;2026;computer_software;data_ai;仅限本科;学士;统计学类、经济学类、财政学类、金融学类、经济与贸易类、数学类、计算机类、新闻传播学类、植物生产类、动物生产类、社会学类、工商管理类、中国语言文学类（不含汉语国际教育、手语翻译、中国少数民族语言文学专业）、马克思主义理论类;市（地）级及以下直属机构综合管理类","用人司局：国家统计局河南调查总队
职位简介：从事一线入户调查、数据处理、统计分析、统计研究等工作。
专业要求：统计学类、经济学类、财政学类、金融学类、经济与贸易类、数学类、计算机类、新闻传播学类、植物生产类、动物生产类、社会学类、工商管理类、中国语言文学类（不含汉语国际教育、手语翻译、中国少数民族语言文学专业）、马克思主义理论类
学历要求：仅限本科
学位要求：学士
政治面貌：不限
基层工作经历：二年
考试类别：市（地）级及以下直属机构综合管理类
备注：1.须以最高学历所学主修专业报考；2.服务基层项目应服务期满且考核合格；3.本单位最低服务年限为5年（含试用期）。","http://bm.scs.gov.cn/kl2026#137116-400110116023","2025-10-14","{""dataset_year"":2026,""job_uid"":""GOV-2026-137116-400110116023"",""publisher"":""国家公务员局"",""publication_page"":""http://bm.scs.gov.cn/kl2026"",""attachment_url"":""local://2026_guokao_zhaokaojianzhang.zip"",""local_source_file"":""中央机关及其直属机构2026年度考试录用公务员招考简章.xls"",""local_source_sha256"":""2670bae1df1dd07a3a3c79b9db46a11e3bb15a6c9c249e6af98bfd0b61ce3aaf"",""source_sheet"":""中央国家行政机关参照公务员法管理事业单位"",""filter_version"":""government_tech_v2"",""tech_filter"":{""is_tech"":true,""is_core_tech"":true,""scope"":""core"",""categories"":[""computer_software"",""data_ai""],""matched_fields"":[""major"",""description""],""major_terms"":[""计算机类""],""role_terms"":[""数据处理""],""reason"":""tech_major_and_role""},""original"":{""部门代码"":""137116"",""部门名称"":""国家统计局河南调查总队"",""用人司局"":""国家统计局河南调查总队"",""机构性质"":""中央国家行政机关参照公务员法管理事业单位"",""招考职位"":""方城调查队一级科员"",""职位属性"":""普通职位"",""职位分布"":""其他职位"",""职位简介"":""从事一线入户调查、数据处理、统计分析、统计研究等工作。"",""职位代码"":""400110116023"",""机构层级"":""县（区）级及以下"",""考试类别"":""市（地）级及以下直属机构综合管理类"",""招考人数"":""1"",""专业"":""统计学类、经济学类、财政学类、金融学类、经济与贸易类、数学类、计算机类、新闻传播学类、植物生产类、动物生产类、社会学类、工商管理类、中国语言文学类（不含汉语国际教育、手语翻译、中国少数民族语言文学专业）、马克思主义理论类"",""学历"":""仅限本科"",""学位"":""学士"",""政治面貌"":""不限"",""基层工作最低年限"":""二年"",""服务基层项目工作经历"":""大学生村官、农村义务教育阶段学校教师特设岗位计划、“三支一扶”计划、大学生志愿服务西部计划、在军队服役5年（含）以上的高校毕业生退役士兵"",""是否在面试阶段组织专业能力测试"":""否"",""面试人员比例"":""3:1"",""工作地点"":""河南省南阳市方城县"",""落户地点"":""河南省南阳市方城县"",""备注"":""1.须以最高学历所学主修专业报考；2.服务基层项目应服务期满且考核合格；3.本单位最低服务年限为5年（含试用期）。"",""部门网站"":""http://hazd.stats.gov.cn/"",""咨询电话1"":""0371-60336312"",""咨询电话2"":""0371-60336206"",""咨询电话3"":""0371-60336373"",""来源Sheet"":""中央国家行政机关参照公务员法管理事业单位""}}"
"government_jobs","国家公务员2026招考简章","公务员/事业单位技术岗位","河南省南阳市邓州市","2026-07-28T09:12:58.310295+00:00","邓州调查队一级科员","国家统计局河南调查总队","","河南省南阳市邓州市","公务员/事业单位;2026;computer_software;data_ai;仅限本科;学士;统计学类（不含生物统计学）、经济学类（非经济学大类，不含资源与环境经济学、商务经济学、经济工程）、数学类（不含数理基础科学)、计算机类（不含电影制作、服务科学与工程、虚拟现实技术、区块链工程）;市（地）级及以下直属机构综合管理类","用人司局：国家统计局河南调查总队
职位简介：从事一线入户调查、数据处理、统计分析、统计研究等工作。
专业要求：统计学类（不含生物统计学）、经济学类（非经济学大类，不含资源与环境经济学、商务经济学、经济工程）、数学类（不含数理基础科学)、计算机类（不含电影制作、服务科学与工程、虚拟现实技术、区块链工程）
学历要求：仅限本科
学位要求：学士
政治面貌：不限
基层工作经历：无限制
考试类别：市（地）级及以下直属机构综合管理类
备注：1.须以最高学历所学主修专业报考；2.限应届高校毕业生；3.本单位最低服务年限为5年（含试用期）。","http://bm.scs.gov.cn/kl2026#137116-400110116025","2025-10-14","{""dataset_year"":2026,""job_uid"":""GOV-2026-137116-400110116025"",""publisher"":""国家公务员局"",""publication_page"":""http://bm.scs.gov.cn/kl2026"",""attachment_url"":""local://2026_guokao_zhaokaojianzhang.zip"",""local_source_file"":""中央机关及其直属机构2026年度考试录用公务员招考简章.xls"",""local_source_sha256"":""2670bae1df1dd07a3a3c79b9db46a11e3bb15a6c9c249e6af98bfd0b61ce3aaf"",""source_sheet"":""中央国家行政机关参照公务员法管理事业单位"",""filter_version"":""government_tech_v2"",""tech_filter"":{""is_tech"":true,""is_core_tech"":true,""scope"":""core"",""categories"":[""computer_software"",""data_ai""],""matched_fields"":[""major"",""description""],""major_terms"":[""区块链工程"",""虚拟现实技术"",""计算机类""],""role_terms"":[""数据处理""],""reason"":""tech_major_and_role""},""original"":{""部门代码"":""137116"",""部门名称"":""国家统计局河南调查总队"",""用人司局"":""国家统计局河南调查总队"",""机构性质"":""中央国家行政机关参照公务员法管理事业单位"",""招考职位"":""邓州调查队一级科员"",""职位属性"":""普通职位"",""职位分布"":""其他职位"",""职位简介"":""从事一线入户调查、数据处理、统计分析、统计研究等工作。"",""职位代码"":""400110116025"",""机构层级"":""县（区）级及以下"",""考试类别"":""市（地）级及以下直属机构综合管理类"",""招考人数"":""1"",""专业"":""统计学类（不含生物统计学）、经济学类（非经济学大类，不含资源与环境经济学、商务经济学、经济工程）、数学类（不含数理基础科学)、计算机类（不含电影制作、服务科学与工程、虚拟现实技术、区块链工程）"",""学历"":""仅限本科"",""学位"":""学士"",""政治面貌"":""不限"",""基层工作最低年限"":""无限制"",""服务基层项目工作经历"":""无限制"",""是否在面试阶段组织专业能力测试"":""否"",""面试人员比例"":""3:1"",""工作地点"":""河南省南阳市邓州市"",""落户地点"":""河南省南阳市邓州市"",""备注"":""1.须以最高学历所学主修专业报考；2.限应届高校毕业生；3.本单位最低服务年限为5年（含试用期）。"",""部门网站"":""http://hazd.stats.gov.cn/"",""咨询电话1"":""0371-60336312"",""咨询电话2"":""0371-60336206"",""咨询电话3"":""0371-60336373"",""来源Sheet"":""中央国家行政机关参照公务员法管理事业单位""}}"
"government_jobs","国家公务员2026招考简章","公务员/事业单位技术岗位","河南省信阳市固始县","2026-07-28T09:12:58.310295+00:00","固始调查队一级科员","国家统计局河南调查总队","","河南省信阳市固始县","公务员/事业单位;2026;computer_software;data_ai;仅限本科;学士;统计学类（不含生物统计学）、经济学类（非经济学大类，不含资源与环境经济学、商务经济学、经济工程）、数学类（不含数理基础科学)、计算机类（不含电影制作、服务科学与工程、虚拟现实技术、区块链工程）;市（地）级及以下直属机构综合管理类","用人司局：国家统计局河南调查总队
职位简介：从事一线入户调查、数据处理、统计分析、统计研究等工作。
专业要求：统计学类（不含生物统计学）、经济学类（非经济学大类，不含资源与环境经济学、商务经济学、经济工程）、数学类（不含数理基础科学)、计算机类（不含电影制作、服务科学与工程、虚拟现实技术、区块链工程）
学历要求：仅限本科
学位要求：学士
政治面貌：不限
基层工作经历：无限制
考试类别：市（地）级及以下直属机构综合管理类
备注：1.须以最高学历所学主修专业报考；2.限应届高校毕业生；3.本单位最低服务年限为5年（含试用期）。","http://bm.scs.gov.cn/kl2026#137116-400110116028","2025-10-14","{""dataset_year"":2026,""job_uid"":""GOV-2026-137116-400110116028"",""publisher"":""国家公务员局"",""publication_page"":""http://bm.scs.gov.cn/kl2026"",""attachment_url"":""local://2026_guokao_zhaokaojianzhang.zip"",""local_source_file"":""中央机关及其直属机构2026年度考试录用公务员招考简章.xls"",""local_source_sha256"":""2670bae1df1dd07a3a3c79b9db46a11e3bb15a6c9c249e6af98bfd0b61ce3aaf"",""source_sheet"":""中央国家行政机关参照公务员法管理事业单位"",""filter_version"":""government_tech_v2"",""tech_filter"":{""is_tech"":true,""is_core_tech"":true,""scope"":""core"",""categories"":[""computer_software"",""data_ai""],""matched_fields"":[""major"",""description""],""major_terms"":[""区块链工程"",""虚拟现实技术"",""计算机类""],""role_terms"":[""数据处理""],""reason"":""tech_major_and_role""},""original"":{""部门代码"":""137116"",""部门名称"":""国家统计局河南调查总队"",""用人司局"":""国家统计局河南调查总队"",""机构性质"":""中央国家行政机关参照公务员法管理事业单位"",""招考职位"":""固始调查队一级科员"",""职位属性"":""普通职位"",""职位分布"":""其他职位"",""职位简介"":""从事一线入户调查、数据处理、统计分析、统计研究等工作。"",""职位代码"":""400110116028"",""机构层级"":""县（区）级及以下"",""考试类别"":""市（地）级及以下直属机构综合管理类"",""招考人数"":""1"",""专业"":""统计学类（不含生物统计学）、经济学类（非经济学大类，不含资源与环境经济学、商务经济学、经济工程）、数学类（不含数理基础科学)、计算机类（不含电影制作、服务科学与工程、虚拟现实技术、区块链工程）"",""学历"":""仅限本科"",""学位"":""学士"",""政治面貌"":""不限"",""基层工作最低年限"":""无限制"",""服务基层项目工作经历"":""无限制"",""是否在面试阶段组织专业能力测试"":""否"",""面试人员比例"":""3:1"",""工作地点"":""河南省信阳市固始县"",""落户地点"":""河南省信阳市固始县"",""备注"":""1.须以最高学历所学主修专业报考；2.限应届高校毕业生；3.本单位最低服务年限为5年（含试用期）。"",""部门网站"":""http://hazd.stats.gov.cn/"",""咨询电话1"":""0371-60336312"",""咨询电话2"":""0371-60336206"",""咨询电话3"":""0371-60336373"",""来源Sheet"":""中央国家行政机关参照公务员法管理事业单位""}}"
"government_jobs","国家公务员2026招考简章","公务员/事业单位技术岗位","河南省周口市郸城县","2026-07-28T09:12:58.310295+00:00","郸城调查队一级科员","国家统计局河南调查总队","","河南省周口市郸城县","公务员/事业单位;2026;computer_software;data_ai;仅限本科;学士;统计学类、经济学类、财政学类、金融学类、经济与贸易类、数学类、计算机类、新闻传播学类、植物生产类、动物生产类、社会学类、工商管理类、中国语言文学类（不含汉语国际教育、手语翻译、中国少数民族语言文学专业）、马克思主义理论类;市（地）级及以下直属机构综合管理类","用人司局：国家统计局河南调查总队
职位简介：从事一线入户调查、数据处理、统计分析、统计研究等工作。
专业要求：统计学类、经济学类、财政学类、金融学类、经济与贸易类、数学类、计算机类、新闻传播学类、植物生产类、动物生产类、社会学类、工商管理类、中国语言文学类（不含汉语国际教育、手语翻译、中国少数民族语言文学专业）、马克思主义理论类
学历要求：仅限本科
学位要求：学士
政治面貌：中共党员
基层工作经历：二年
考试类别：市（地）级及以下直属机构综合管理类
备注：1.须以最高学历所学主修专业报考；2.服务基层项目应服务期满且考核合格；3.本单位最低服务年限为5年（含试用期）。","http://bm.scs.gov.cn/kl2026#137116-400110116030","2025-10-14","{""dataset_year"":2026,""job_uid"":""GOV-2026-137116-400110116030"",""publisher"":""国家公务员局"",""publication_page"":""http://bm.scs.gov.cn/kl2026"",""attachment_url"":""local://2026_guokao_zhaokaojianzhang.zip"",""local_source_file"":""中央机关及其直属机构2026年度考试录用公务员招考简章.xls"",""local_source_sha256"":""2670bae1df1dd07a3a3c79b9db46a11e3bb15a6c9c249e6af98bfd0b61ce3aaf"",""source_sheet"":""中央国家行政机关参照公务员法管理事业单位"",""filter_version"":""government_tech_v2"",""tech_filter"":{""is_tech"":true,""is_core_tech"":true,""scope"":""core"",""categories"":[""computer_software"",""data_ai""],""matched_fields"":[""major"",""description""],""major_terms"":[""计算机类""],""role_terms"":[""数据处理""],""reason"":""tech_major_and_role""},""original"":{""部门代码"":""137116"",""部门名称"":""国家统计局河南调查总队"",""用人司局"":""国家统计局河南调查总队"",""机构性质"":""中央国家行政机关参照公务员法管理事业单位"",""招考职位"":""郸城调查队一级科员"",""职位属性"":""普通职位"",""职位分布"":""其他职位"",""职位简介"":""从事一线入户调查、数据处理、统计分析、统计研究等工作。"",""职位代码"":""400110116030"",""机构层级"":""县（区）级及以下"",""考试类别"":""市（地）级及以下直属机构综合管理类"",""招考人数"":""1"",""专业"":""统计学类、经济学类、财政学类、金融学类、经济与贸易类、数学类、计算机类、新闻传播学类、植物生产类、动物生产类、社会学类、工商管理类、中国语言文学类（不含汉语国际教育、手语翻译、中国少数民族语言文学专业）、马克思主义理论类"",""学历"":""仅限本科"",""学位"":""学士"",""政治面貌"":""中共党员"",""基层工作最低年限"":""二年"",""服务基层项目工作经历"":""大学生村官、农村义务教育阶段学校教师特设岗位计划、“三支一扶”计划、大学生志愿服务西部计划、在军队服役5年（含）以上的高校毕业生退役士兵"",""是否在面试阶段组织专业能力测试"":""否"",""面试人员比例"":""3:1"",""工作地点"":""河南省周口市郸城县"",""落户地点"":""河南省周口市郸城县"",""备注"":""1.须以最高学历所学主修专业报考；2.服务基层项目应服务期满且考核合格；3.本单位最低服务年限为5年（含试用期）。"",""部门网站"":""http://hazd.stats.gov.cn/"",""咨询电话1"":""0371-60336312"",""咨询电话2"":""0371-60336206"",""咨询电话3"":""0371-60336373"",""来源Sheet"":""中央国家行政机关参照公务员法管理事业单位""}}"
"government_jobs","国家公务员2026招考简章","公务员/事业单位技术岗位","湖北省武汉市","2026-07-28T09:12:58.310295+00:00","湖北调查总队业务处室二级主任科员及以下（2）","国家统计局湖北调查总队","","湖北省武汉市","公务员/事业单位;2026;computer_software;cybersecurity_cryptography;data_ai;仅限硕士研究生;硕士;0812计算机科学与技术（不含计算机系统结构专业）、0835软件工程、0839网络空间安全;中央机关及其省级直属机构综合管理类","用人司局：国家统计局湖北调查总队
职位简介：从事统计调查、统计分析、数据处理、统计研究等相关工作。
专业要求：0812计算机科学与技术（不含计算机系统结构专业）、0835软件工程、0839网络空间安全
学历要求：仅限硕士研究生
学位要求：硕士
政治面貌：中共党员
基层工作经历：无限制
考试类别：中央机关及其省级直属机构综合管理类
备注：1.需以最高学历所学主修专业报考；2.本职位专业要求均为专业目录中的“专业类”，非“专业大类（学科大类）”；3.本单位最低服务年限为5年（含试用期）。","http://bm.scs.gov.cn/kl2026#137117-400110117002","2025-10-14","{""dataset_year"":2026,""job_uid"":""GOV-2026-137117-400110117002"",""publisher"":""国家公务员局"",""publication_page"":""http://bm.scs.gov.cn/kl2026"",""attachment_url"":""local://2026_guokao_zhaokaojianzhang.zip"",""local_source_file"":""中央机关及其直属机构2026年度考试录用公务员招考简章.xls"",""local_source_sha256"":""2670bae1df1dd07a3a3c79b9db46a11e3bb15a6c9c249e6af98bfd0b61ce3aaf"",""source_sheet"":""中央国家行政机关参照公务员法管理事业单位"",""filter_version"":""government_tech_v2"",""tech_filter"":{""is_tech"":true,""is_core_tech"":true,""scope"":""core"",""categories"":[""computer_software"",""cybersecurity_cryptography"",""data_ai""],""matched_fields"":[""major"",""description""],""major_terms"":[""网络空间安全"",""计算机"",""计算机科学与技术"",""软件工程""],""role_terms"":[""数据处理""],""reason"":""tech_major_and_role""},""original"":{""部门代码"":""137117"",""部门名称"":""国家统计局湖北调查总队"",""用人司局"":""国家统计局湖北调查总队"",""机构性质"":""中央国家行政机关参照公务员法管理事业单位"",""招考职位"":""湖北调查总队业务处室二级主任科员及以下（2）"",""职位属性"":""普通职位"",""职位分布"":""其他职位"",""职位简介"":""从事统计调查、统计分析、数据处理、统计研究等相关工作。"",""职位代码"":""400110117002"",""机构层级"":""省（副省）级"",""考试类别"":""中央机关及其省级直属机构综合管理类"",""招考人数"":""1"",""专业"":""0812计算机科学与技术（不含计算机系统结构专业）、0835软件工程、0839网络空间安全"",""学历"":""仅限硕士研究生"",""学位"":""硕士"",""政治面貌"":""中共党员"",""基层工作最低年限"":""无限制"",""服务基层项目工作经历"":""无限制"",""是否在面试阶段组织专业能力测试"":""否"",""面试人员比例"":""5:1"",""工作地点"":""湖北省武汉市"",""落户地点"":""湖北省武汉市"",""备注"":""1.需以最高学历所学主修专业报考；2.本职位专业要求均为专业目录中的“专业类”，非“专业大类（学科大类）”；3.本单位最低服务年限为5年（含试用期）。"",""部门网站"":""无"",""咨询电话1"":""027-87271767"",""咨询电话2"":""027-87830810"",""咨询电话3"":"""",""来源Sheet"":""中央国家行政机关参照公务员法管理事业单位""}}"
"government_jobs","国家公务员2026招考简章","公务员/事业单位技术岗位","湖北省黄石市","2026-07-28T09:12:58.310295+00:00","黄石调查队业务科室一级科员","国家统计局湖北调查总队","","湖北省黄石市","公务员/事业单位;2026;computer_software;data_ai;仅限本科;学士;0712统计学类（不含数据科学、生物统计学专业）、0701数学类（不含信息与计算科学专业）;市（地）级及以下直属机构综合管理类","用人司局：国家统计局湖北调查总队
职位简介：从事一线入户调查、数据处理、统计分析、统计研究等工作。
专业要求：0712统计学类（不含数据科学、生物统计学专业）、0701数学类（不含信息与计算科学专业）
学历要求：仅限本科
学位要求：学士
政治面貌：不限
基层工作经历：无限制
考试类别：市（地）级及以下直属机构综合管理类
备注：1.本职位限招应届高校毕业生；2.需以最高学历所学主修专业报考；3.本职位专业要求均为专业目录中的“专业类”，非“专业大类（学科大类）”；4.本单位最低服务年限为5年（含试用期）。","http://bm.scs.gov.cn/kl2026#137117-400110117005","2025-10-14","{""dataset_year"":2026,""job_uid"":""GOV-2026-137117-400110117005"",""publisher"":""国家公务员局"",""publication_page"":""http://bm.scs.gov.cn/kl2026"",""attachment_url"":""local://2026_guokao_zhaokaojianzhang.zip"",""local_source_file"":""中央机关及其直属机构2026年度考试录用公务员招考简章.xls"",""local_source_sha256"":""2670bae1df1dd07a3a3c79b9db46a11e3bb15a6c9c249e6af98bfd0b61ce3aaf"",""source_sheet"":""中央国家行政机关参照公务员法管理事业单位"",""filter_version"":""government_tech_v2"",""tech_filter"":{""is_tech"":true,""is_core_tech"":true,""scope"":""core"",""categories"":[""computer_software"",""data_ai""],""matched_fields"":[""major"",""description""],""major_terms"":[""数据科学""],""role_terms"":[""数据处理""],""reason"":""tech_major_and_role""},""original"":{""部门代码"":""137117"",""部门名称"":""国家统计局湖北调查总队"",""用人司局"":""国家统计局湖北调查总队"",""机构性质"":""中央国家行政机关参照公务员法管理事业单位"",""招考职位"":""黄石调查队业务科室一级科员"",""职位属性"":""普通职位"",""职位分布"":""其他职位"",""职位简介"":""从事一线入户调查、数据处理、统计分析、统计研究等工作。"",""职位代码"":""400110117005"",""机构层级"":""市（地）级"",""考试类别"":""市（地）级及以下直属机构综合管理类"",""招考人数"":""1"",""专业"":""0712统计学类（不含数据科学、生物统计学专业）、0701数学类（不含信息与计算科学专业）"",""学历"":""仅限本科"",""学位"":""学士"",""政治面貌"":""不限"",""基层工作最低年限"":""无限制"",""服务基层项目工作经历"":""无限制"",""是否在面试阶段组织专业能力测试"":""否"",""面试人员比例"":""3:1"",""工作地点"":""湖北省黄石市"",""落户地点"":""湖北省黄石市"",""备注"":""1.本职位限招应届高校毕业生；2.需以最高学历所学主修专业报考；3.本职位专业要求均为专业目录中的“专业类”，非“专业大类（学科大类）”；4.本单位最低服务年限为5年（含试用期）。"",""部门网站"":""无"",""咨询电话1"":""027-87271767"",""咨询电话2"":""027-87830810"",""咨询电话3"":"""",""来源Sheet"":""中央国家行政机关参照公务员法管理事业单位""}}"
"government_jobs","国家公务员2026招考简章","公务员/事业单位技术岗位","湖北省十堰市","2026-07-28T09:12:58.310295+00:00","十堰调查队业务科室一级科员","国家统计局湖北调查总队","","湖北省十堰市","公务员/事业单位;2026;computer_software;data_ai;仅限本科;学士;0712统计学类（不含数据科学、生物统计学专业）、0701数学类（不含信息与计算科学专业）;市（地）级及以下直属机构综合管理类","用人司局：国家统计局湖北调查总队
职位简介：从事一线入户调查、数据处理、统计分析、统计研究等工作。
专业要求：0712统计学类（不含数据科学、生物统计学专业）、0701数学类（不含信息与计算科学专业）
学历要求：仅限本科
学位要求：学士
政治面貌：不限
基层工作经历：无限制
考试类别：市（地）级及以下直属机构综合管理类
备注：1.本职位限招应届高校毕业生；2.需以最高学历所学主修专业报考；3.本职位专业要求均为专业目录中的“专业类”，非“专业大类（学科大类）”；4.本单位最低服务年限为5年（含试用期）。","http://bm.scs.gov.cn/kl2026#137117-400110117006","2025-10-14","{""dataset_year"":2026,""job_uid"":""GOV-2026-137117-400110117006"",""publisher"":""国家公务员局"",""publication_page"":""http://bm.scs.gov.cn/kl2026"",""attachment_url"":""local://2026_guokao_zhaokaojianzhang.zip"",""local_source_file"":""中央机关及其直属机构2026年度考试录用公务员招考简章.xls"",""local_source_sha256"":""2670bae1df1dd07a3a3c79b9db46a11e3bb15a6c9c249e6af98bfd0b61ce3aaf"",""source_sheet"":""中央国家行政机关参照公务员法管理事业单位"",""filter_version"":""government_tech_v2"",""tech_filter"":{""is_tech"":true,""is_core_tech"":true,""scope"":""core"",""categories"":[""computer_software"",""data_ai""],""matched_fields"":[""major"",""description""],""major_terms"":[""数据科学""],""role_terms"":[""数据处理""],""reason"":""tech_major_and_role""},""original"":{""部门代码"":""137117"",""部门名称"":""国家统计局湖北调查总队"",""用人司局"":""国家统计局湖北调查总队"",""机构性质"":""中央国家行政机关参照公务员法管理事业单位"",""招考职位"":""十堰调查队业务科室一级科员"",""职位属性"":""普通职位"",""职位分布"":""其他职位"",""职位简介"":""从事一线入户调查、数据处理、统计分析、统计研究等工作。"",""职位代码"":""400110117006"",""机构层级"":""市（地）级"",""考试类别"":""市（地）级及以下直属机构综合管理类"",""招考人数"":""1"",""专业"":""0712统计学类（不含数据科学、生物统计学专业）、0701数学类（不含信息与计算科学专业）"",""学历"":""仅限本科"",""学位"":""学士"",""政治面貌"":""不限"",""基层工作最低年限"":""无限制"",""服务基层项目工作经历"":""无限制"",""是否在面试阶段组织专业能力测试"":""否"",""面试人员比例"":""3:1"",""工作地点"":""湖北省十堰市"",""落户地点"":""湖北省十堰市"",""备注"":""1.本职位限招应届高校毕业生；2.需以最高学历所学主修专业报考；3.本职位专业要求均为专业目录中的“专业类”，非“专业大类（学科大类）”；4.本单位最低服务年限为5年（含试用期）。"",""部门网站"":""无"",""咨询电话1"":""027-87271767"",""咨询电话2"":""027-87830810"",""咨询电话3"":"""",""来源Sheet"":""中央国家行政机关参照公务员法管理事业单位""}}"
"government_jobs","国家公务员2026招考简章","公务员/事业单位技术岗位","湖北省十堰市房县","2026-07-28T09:12:58.310295+00:00","房县调查队四级主任科员及以下","国家统计局湖北调查总队","","湖北省十堰市房县","公务员/事业单位;2026;computer_software;data_ai;仅限本科;学士;0712统计学类（不含数据科学、生物统计学专业）、0701数学类（不含信息与计算科学专业）、1203农业经济管理类（不含农村区域发展、乡村治理专业）;市（地）级及以下直属机构综合管理类","用人司局：国家统计局湖北调查总队
职位简介：从事一线入户调查、数据处理、统计分析、统计研究等工作。
专业要求：0712统计学类（不含数据科学、生物统计学专业）、0701数学类（不含信息与计算科学专业）、1203农业经济管理类（不含农村区域发展、乡村治理专业）
学历要求：仅限本科
学位要求：学士
政治面貌：中共党员
基层工作经历：无限制
考试类别：市（地）级及以下直属机构综合管理类
备注：1.需以最高学历所学主修专业报考；2.本职位专业要求均为专业目录中的“专业类”，非“专业大类（学科大类）”；3.本单位最低服务年限为5年（含试用期）。","http://bm.scs.gov.cn/kl2026#137117-400110117007","2025-10-14","{""dataset_year"":2026,""job_uid"":""GOV-2026-137117-400110117007"",""publisher"":""国家公务员局"",""publication_page"":""http://bm.scs.gov.cn/kl2026"",""attachment_url"":""local://2026_guokao_zhaokaojianzhang.zip"",""local_source_file"":""中央机关及其直属机构2026年度考试录用公务员招考简章.xls"",""local_source_sha256"":""2670bae1df1dd07a3a3c79b9db46a11e3bb15a6c9c249e6af98bfd0b61ce3aaf"",""source_sheet"":""中央国家行政机关参照公务员法管理事业单位"",""filter_version"":""government_tech_v2"",""tech_filter"":{""is_tech"":true,""is_core_tech"":true,""scope"":""core"",""categories"":[""computer_software"",""data_ai""],""matched_fields"":[""major"",""description""],""major_terms"":[""数据科学""],""role_terms"":[""数据处理""],""reason"":""tech_major_and_role""},""original"":{""部门代码"":""137117"",""部门名称"":""国家统计局湖北调查总队"",""用人司局"":""国家统计局湖北调查总队"",""机构性质"":""中央国家行政机关参照公务员法管理事业单位"",""招考职位"":""房县调查队四级主任科员及以下"",""职位属性"":""普通职位"",""职位分布"":""其他职位"",""职位简介"":""从事一线入户调查、数据处理、统计分析、统计研究等工作。"",""职位代码"":""400110117007"",""机构层级"":""县（区）级及以下"",""考试类别"":""市（地）级及以下直属机构综合管理类"",""招考人数"":""1"",""专业"":""0712统计学类（不含数据科学、生物统计学专业）、0701数学类（不含信息与计算科学专业）、1203农业经济管理类（不含农村区域发展、乡村治理专业）"",""学历"":""仅限本科"",""学位"":""学士"",""政治面貌"":""中共党员"",""基层工作最低年限"":""无限制"",""服务基层项目工作经历"":""无限制"",""是否在面试阶段组织专业能力测试"":""否"",""面试人员比例"":""3:1"",""工作地点"":""湖北省十堰市房县"",""落户地点"":""湖北省十堰市房县"",""备注"":""1.需以最高学历所学主修专业报考；2.本职位专业要求均为专业目录中的“专业类”，非“专业大类（学科大类）”；3.本单位最低服务年限为5年（含试用期）。"",""部门网站"":""无"",""咨询电话1"":""027-87271767"",""咨询电话2"":""027-87830810"",""咨询电话3"":"""",""来源Sheet"":""中央国家行政机关参照公务员法管理事业单位""}}"
"government_jobs","国家公务员2026招考简章","公务员/事业单位技术岗位","湖北省宜昌市","2026-07-28T09:12:58.310295+00:00","宜昌调查队业务科室四级主任科员及以下","国家统计局湖北调查总队","","湖北省宜昌市","公务员/事业单位;2026;computer_software;data_ai;仅限本科;学士;0712统计学类（不含数据科学、生物统计学专业）;市（地）级及以下直属机构综合管理类","用人司局：国家统计局湖北调查总队
职位简介：从事一线入户调查、数据处理、统计分析、统计研究等工作。
专业要求：0712统计学类（不含数据科学、生物统计学专业）
学历要求：仅限本科
学位要求：学士
政治面貌：中共党员
基层工作经历：二年
考试类别：市（地）级及以下直属机构综合管理类
备注：1.需以最高学历所学主修专业报考；2.本职位专业要求均为专业目录中的“专业类”，非“专业大类（学科大类）”；3.本单位最低服务年限为5年（含试用期）。","http://bm.scs.gov.cn/kl2026#137117-400110117008","2025-10-14","{""dataset_year"":2026,""job_uid"":""GOV-2026-137117-400110117008"",""publisher"":""国家公务员局"",""publication_page"":""http://bm.scs.gov.cn/kl2026"",""attachment_url"":""local://2026_guokao_zhaokaojianzhang.zip"",""local_source_file"":""中央机关及其直属机构2026年度考试录用公务员招考简章.xls"",""local_source_sha256"":""2670bae1df1dd07a3a3c79b9db46a11e3bb15a6c9c249e6af98bfd0b61ce3aaf"",""source_sheet"":""中央国家行政机关参照公务员法管理事业单位"",""filter_version"":""government_tech_v2"",""tech_filter"":{""is_tech"":true,""is_core_tech"":true,""scope"":""core"",""categories"":[""computer_software"",""data_ai""],""matched_fields"":[""major"",""description""],""major_terms"":[""数据科学""],""role_terms"":[""数据处理""],""reason"":""tech_major_and_role""},""original"":{""部门代码"":""137117"",""部门名称"":""国家统计局湖北调查总队"",""用人司局"":""国家统计局湖北调查总队"",""机构性质"":""中央国家行政机关参照公务员法管理事业单位"",""招考职位"":""宜昌调查队业务科室四级主任科员及以下"",""职位属性"":""普通职位"",""职位分布"":""其他职位"",""职位简介"":""从事一线入户调查、数据处理、统计分析、统计研究等工作。"",""职位代码"":""400110117008"",""机构层级"":""市（地）级"",""考试类别"":""市（地）级及以下直属机构综合管理类"",""招考人数"":""1"",""专业"":""0712统计学类（不含数据科学、生物统计学专业）"",""学历"":""仅限本科"",""学位"":""学士"",""政治面貌"":""中共党员"",""基层工作最低年限"":""二年"",""服务基层项目工作经历"":""大学生村官"",""是否在面试阶段组织专业能力测试"":""否"",""面试人员比例"":""3:1"",""工作地点"":""湖北省宜昌市"",""落户地点"":""湖北省宜昌市"",""备注"":""1.需以最高学历所学主修专业报考；2.本职位专业要求均为专业目录中的“专业类”，非“专业大类（学科大类）”；3.本单位最低服务年限为5年（含试用期）。"",""部门网站"":""无"",""咨询电话1"":""027-87271767"",""咨询电话2"":""027-87830810"",""咨询电话3"":"""",""来源Sheet"":""中央国家行政机关参照公务员法管理事业单位""}}"
"government_jobs","国家公务员2026招考简章","公务员/事业单位技术岗位","湖北省襄阳市","2026-07-28T09:12:58.310295+00:00","襄阳所辖县级调查队一级科员（1）","国家统计局湖北调查总队","","湖北省襄阳市","公务员/事业单位;2026;computer_software;data_ai;仅限本科;学士;0712统计学类（不含数据科学、生物统计学专业）、0701数学类（不含信息与计算科学专业）、1203农业经济管理类（不含农村区域发展、乡村治理专业）;市（地）级及以下直属机构综合管理类","用人司局：国家统计局湖北调查总队
职位简介：从事一线入户调查、数据处理、统计分析、统计研究等工作。工作地点为襄州、谷城或保康。
专业要求：0712统计学类（不含数据科学、生物统计学专业）、0701数学类（不含信息与计算科学专业）、1203农业经济管理类（不含农村区域发展、乡村治理专业）
学历要求：仅限本科
学位要求：学士
政治面貌：不限
基层工作经历：无限制
考试类别：市（地）级及以下直属机构综合管理类
备注：1.限男性；2.本职位限招应届高校毕业生；3.需以最高学历所学主修专业报考；4.本职位专业要求均为专业目录中的“专业类”，非“专业大类（学科大类）”；5.本单位最低服务年限为5年（含试用期）。","http://bm.scs.gov.cn/kl2026#137117-400110117010","2025-10-14","{""dataset_year"":2026,""job_uid"":""GOV-2026-137117-400110117010"",""publisher"":""国家公务员局"",""publication_page"":""http://bm.scs.gov.cn/kl2026"",""attachment_url"":""local://2026_guokao_zhaokaojianzhang.zip"",""local_source_file"":""中央机关及其直属机构2026年度考试录用公务员招考简章.xls"",""local_source_sha256"":""2670bae1df1dd07a3a3c79b9db46a11e3bb15a6c9c249e6af98bfd0b61ce3aaf"",""source_sheet"":""中央国家行政机关参照公务员法管理事业单位"",""filter_version"":""government_tech_v2"",""tech_filter"":{""is_tech"":true,""is_core_tech"":true,""scope"":""core"",""categories"":[""computer_software"",""data_ai""],""matched_fields"":[""major"",""description""],""major_terms"":[""数据科学""],""role_terms"":[""数据处理""],""reason"":""tech_major_and_role""},""original"":{""部门代码"":""137117"",""部门名称"":""国家统计局湖北调查总队"",""用人司局"":""国家统计局湖北调查总队"",""机构性质"":""中央国家行政机关参照公务员法管理事业单位"",""招考职位"":""襄阳所辖县级调查队一级科员（1）"",""职位属性"":""普通职位"",""职位分布"":""其他职位"",""职位简介"":""从事一线入户调查、数据处理、统计分析、统计研究等工作。工作地点为襄州、谷城或保康。"",""职位代码"":""400110117010"",""机构层级"":""县（区）级及以下"",""考试类别"":""市（地）级及以下直属机构综合管理类"",""招考人数"":""1"",""专业"":""0712统计学类（不含数据科学、生物统计学专业）、0701数学类（不含信息与计算科学专业）、1203农业经济管理类（不含农村区域发展、乡村治理专业）"",""学历"":""仅限本科"",""学位"":""学士"",""政治面貌"":""不限"",""基层工作最低年限"":""无限制"",""服务基层项目工作经历"":""无限制"",""是否在面试阶段组织专业能力测试"":""否"",""面试人员比例"":""3:1"",""工作地点"":""湖北省襄阳市"",""落户地点"":""湖北省襄阳市"",""备注"":""1.限男性；2.本职位限招应届高校毕业生；3.需以最高学历所学主修专业报考；4.本职位专业要求均为专业目录中的“专业类”，非“专业大类（学科大类）”；5.本单位最低服务年限为5年（含试用期）。"",""部门网站"":""无"",""咨询电话1"":""027-87271767"",""咨询电话2"":""027-87830810"",""咨询电话3"":"""",""来源Sheet"":""中央国家行政机关参照公务员法管理事业单位""}}"
"government_jobs","国家公务员2026招考简章","公务员/事业单位技术岗位","湖北省襄阳市","2026-07-28T09:12:58.310295+00:00","襄阳所辖县级调查队一级科员（2）","国家统计局湖北调查总队","","湖北省襄阳市","公务员/事业单位;2026;computer_software;data_ai;仅限本科;学士;0712统计学类（不含数据科学、生物统计学专业）、0701数学类（不含信息与计算科学专业）、1203农业经济管理类（不含农村区域发展、乡村治理专业）;市（地）级及以下直属机构综合管理类","用人司局：国家统计局湖北调查总队
职位简介：从事一线入户调查、数据处理、统计分析、统计研究等工作。工作地点为襄州、谷城或保康。
专业要求：0712统计学类（不含数据科学、生物统计学专业）、0701数学类（不含信息与计算科学专业）、1203农业经济管理类（不含农村区域发展、乡村治理专业）
学历要求：仅限本科
学位要求：学士
政治面貌：不限
基层工作经历：无限制
考试类别：市（地）级及以下直属机构综合管理类
备注：1.限女性；2.本职位限招应届高校毕业生；3.需以最高学历所学主修专业报考；4.本职位专业要求均为专业目录中的“专业类”，非“专业大类（学科大类）”；5.本单位最低服务年限为5年（含试用期）。","http://bm.scs.gov.cn/kl2026#137117-400110117011","2025-10-14","{""dataset_year"":2026,""job_uid"":""GOV-2026-137117-400110117011"",""publisher"":""国家公务员局"",""publication_page"":""http://bm.scs.gov.cn/kl2026"",""attachment_url"":""local://2026_guokao_zhaokaojianzhang.zip"",""local_source_file"":""中央机关及其直属机构2026年度考试录用公务员招考简章.xls"",""local_source_sha256"":""2670bae1df1dd07a3a3c79b9db46a11e3bb15a6c9c249e6af98bfd0b61ce3aaf"",""source_sheet"":""中央国家行政机关参照公务员法管理事业单位"",""filter_version"":""government_tech_v2"",""tech_filter"":{""is_tech"":true,""is_core_tech"":true,""scope"":""core"",""categories"":[""computer_software"",""data_ai""],""matched_fields"":[""major"",""description""],""major_terms"":[""数据科学""],""role_terms"":[""数据处理""],""reason"":""tech_major_and_role""},""original"":{""部门代码"":""137117"",""部门名称"":""国家统计局湖北调查总队"",""用人司局"":""国家统计局湖北调查总队"",""机构性质"":""中央国家行政机关参照公务员法管理事业单位"",""招考职位"":""襄阳所辖县级调查队一级科员（2）"",""职位属性"":""普通职位"",""职位分布"":""其他职位"",""职位简介"":""从事一线入户调查、数据处理、统计分析、统计研究等工作。工作地点为襄州、谷城或保康。"",""职位代码"":""400110117011"",""机构层级"":""县（区）级及以下"",""考试类别"":""市（地）级及以下直属机构综合管理类"",""招考人数"":""1"",""专业"":""0712统计学类（不含数据科学、生物统计学专业）、0701数学类（不含信息与计算科学专业）、1203农业经济管理类（不含农村区域发展、乡村治理专业）"",""学历"":""仅限本科"",""学位"":""学士"",""政治面貌"":""不限"",""基层工作最低年限"":""无限制"",""服务基层项目工作经历"":""无限制"",""是否在面试阶段组织专业能力测试"":""否"",""面试人员比例"":""3:1"",""工作地点"":""湖北省襄阳市"",""落户地点"":""湖北省襄阳市"",""备注"":""1.限女性；2.本职位限招应届高校毕业生；3.需以最高学历所学主修专业报考；4.本职位专业要求均为专业目录中的“专业类”，非“专业大类（学科大类）”；5.本单位最低服务年限为5年（含试用期）。"",""部门网站"":""无"",""咨询电话1"":""027-87271767"",""咨询电话2"":""027-87830810"",""咨询电话3"":"""",""来源Sheet"":""中央国家行政机关参照公务员法管理事业单位""}}"
"government_jobs","国家公务员2026招考简章","公务员/事业单位技术岗位","湖北省鄂州市华容区","2026-07-28T09:12:58.310295+00:00","华容调查队一级科员","国家统计局湖北调查总队","","湖北省鄂州市华容区","公务员/事业单位;2026;computer_software;data_ai;仅限本科;学士;0712统计学类（不含数据科学、生物统计学专业）、0701数学类（不含信息与计算科学专业）、1203农业经济管理类（不含农村区域发展、乡村治理专业）;市（地）级及以下直属机构综合管理类","用人司局：国家统计局湖北调查总队
职位简介：从事一线入户调查、数据处理、统计分析、统计研究等工作。
专业要求：0712统计学类（不含数据科学、生物统计学专业）、0701数学类（不含信息与计算科学专业）、1203农业经济管理类（不含农村区域发展、乡村治理专业）
学历要求：仅限本科
学位要求：学士
政治面貌：不限
基层工作经历：无限制
考试类别：市（地）级及以下直属机构综合管理类
备注：1.本职位限招应届高校毕业生；2.需以最高学历所学主修专业报考；3.本职位专业要求均为专业目录中的“专业类”，非“专业大类（学科大类）”；4.本单位最低服务年限为5年（含试用期）。","http://bm.scs.gov.cn/kl2026#137117-400110117012","2025-10-14","{""dataset_year"":2026,""job_uid"":""GOV-2026-137117-400110117012"",""publisher"":""国家公务员局"",""publication_page"":""http://bm.scs.gov.cn/kl2026"",""attachment_url"":""local://2026_guokao_zhaokaojianzhang.zip"",""local_source_file"":""中央机关及其直属机构2026年度考试录用公务员招考简章.xls"",""local_source_sha256"":""2670bae1df1dd07a3a3c79b9db46a11e3bb15a6c9c249e6af98bfd0b61ce3aaf"",""source_sheet"":""中央国家行政机关参照公务员法管理事业单位"",""filter_version"":""government_tech_v2"",""tech_filter"":{""is_tech"":true,""is_core_tech"":true,""scope"":""core"",""categories"":[""computer_software"",""data_ai""],""matched_fields"":[""major"",""description""],""major_terms"":[""数据科学""],""role_terms"":[""数据处理""],""reason"":""tech_major_and_role""},""original"":{""部门代码"":""137117"",""部门名称"":""国家统计局湖北调查总队"",""用人司局"":""国家统计局湖北调查总队"",""机构性质"":""中央国家行政机关参照公务员法管理事业单位"",""招考职位"":""华容调查队一级科员"",""职位属性"":""普通职位"",""职位分布"":""其他职位"",""职位简介"":""从事一线入户调查、数据处理、统计分析、统计研究等工作。"",""职位代码"":""400110117012"",""机构层级"":""县（区）级及以下"",""考试类别"":""市（地）级及以下直属机构综合管理类"",""招考人数"":""1"",""专业"":""0712统计学类（不含数据科学、生物统计学专业）、0701数学类（不含信息与计算科学专业）、1203农业经济管理类（不含农村区域发展、乡村治理专业）"",""学历"":""仅限本科"",""学位"":""学士"",""政治面貌"":""不限"",""基层工作最低年限"":""无限制"",""服务基层项目工作经历"":""无限制"",""是否在面试阶段组织专业能力测试"":""否"",""面试人员比例"":""3:1"",""工作地点"":""湖北省鄂州市华容区"",""落户地点"":""湖北省鄂州市华容区"",""备注"":""1.本职位限招应届高校毕业生；2.需以最高学历所学主修专业报考；3.本职位专业要求均为专业目录中的“专业类”，非“专业大类（学科大类）”；4.本单位最低服务年限为5年（含试用期）。"",""部门网站"":""无"",""咨询电话1"":""027-87271767"",""咨询电话2"":""027-87830810"",""咨询电话3"":"""",""来源Sheet"":""中央国家行政机关参照公务员法管理事业单位""}}"
"government_jobs","国家公务员2026招考简章","公务员/事业单位技术岗位","湖北省荆门市钟祥市","2026-07-28T09:12:58.310295+00:00","钟祥调查队四级主任科员及以下","国家统计局湖北调查总队","","湖北省荆门市钟祥市","公务员/事业单位;2026;computer_software;data_ai;仅限本科;学士;0712统计学类（不含数据科学、生物统计学专业）、0701数学类（不含信息与计算科学专业）、1203农业经济管理类（不含农村区域发展、乡村治理专业）;市（地）级及以下直属机构综合管理类","用人司局：国家统计局湖北调查总队
职位简介：从事一线入户调查、数据处理、统计分析、统计研究等工作。
专业要求：0712统计学类（不含数据科学、生物统计学专业）、0701数学类（不含信息与计算科学专业）、1203农业经济管理类（不含农村区域发展、乡村治理专业）
学历要求：仅限本科
学位要求：学士
政治面貌：不限
基层工作经历：无限制
考试类别：市（地）级及以下直属机构综合管理类
备注：1.需以最高学历所学主修专业报考；2.本职位专业要求均为专业目录中的“专业类”，非“专业大类（学科大类）”；3.本单位最低服务年限为5年（含试用期）。","http://bm.scs.gov.cn/kl2026#137117-400110117013","2025-10-14","{""dataset_year"":2026,""job_uid"":""GOV-2026-137117-400110117013"",""publisher"":""国家公务员局"",""publication_page"":""http://bm.scs.gov.cn/kl2026"",""attachment_url"":""local://2026_guokao_zhaokaojianzhang.zip"",""local_source_file"":""中央机关及其直属机构2026年度考试录用公务员招考简章.xls"",""local_source_sha256"":""2670bae1df1dd07a3a3c79b9db46a11e3bb15a6c9c249e6af98bfd0b61ce3aaf"",""source_sheet"":""中央国家行政机关参照公务员法管理事业单位"",""filter_version"":""government_tech_v2"",""tech_filter"":{""is_tech"":true,""is_core_tech"":true,""scope"":""core"",""categories"":[""computer_software"",""data_ai""],""matched_fields"":[""major"",""description""],""major_terms"":[""数据科学""],""role_terms"":[""数据处理""],""reason"":""tech_major_and_role""},""original"":{""部门代码"":""137117"",""部门名称"":""国家统计局湖北调查总队"",""用人司局"":""国家统计局湖北调查总队"",""机构性质"":""中央国家行政机关参照公务员法管理事业单位"",""招考职位"":""钟祥调查队四级主任科员及以下"",""职位属性"":""普通职位"",""职位分布"":""其他职位"",""职位简介"":""从事一线入户调查、数据处理、统计分析、统计研究等工作。"",""职位代码"":""400110117013"",""机构层级"":""县（区）级及以下"",""考试类别"":""市（地）级及以下直属机构综合管理类"",""招考人数"":""1"",""专业"":""0712统计学类（不含数据科学、生物统计学专业）、0701数学类（不含信息与计算科学专业）、1203农业经济管理类（不含农村区域发展、乡村治理专业）"",""学历"":""仅限本科"",""学位"":""学士"",""政治面貌"":""不限"",""基层工作最低年限"":""无限制"",""服务基层项目工作经历"":""无限制"",""是否在面试阶段组织专业能力测试"":""否"",""面试人员比例"":""3:1"",""工作地点"":""湖北省荆门市钟祥市"",""落户地点"":""湖北省荆门市钟祥市"",""备注"":""1.需以最高学历所学主修专业报考；2.本职位专业要求均为专业目录中的“专业类”，非“专业大类（学科大类）”；3.本单位最低服务年限为5年（含试用期）。"",""部门网站"":""无"",""咨询电话1"":""027-87271767"",""咨询电话2"":""027-87830810"",""咨询电话3"":"""",""来源Sheet"":""中央国家行政机关参照公务员法管理事业单位""}}"
"government_jobs","国家公务员2026招考简章","公务员/事业单位技术岗位","湖北省孝感市","2026-07-28T09:12:58.310295+00:00","孝感所辖县级调查队一级科员（1）","国家统计局湖北调查总队","","湖北省孝感市","公务员/事业单位;2026;computer_software;data_ai;仅限本科;学士;0712统计学类（不含数据科学、生物统计学专业）、0701数学类（不含信息与计算科学专业）、1203农业经济管理类（不含农村区域发展、乡村治理专业）;市（地）级及以下直属机构综合管理类","用人司局：国家统计局湖北调查总队
职位简介：从事一线入户调查、数据处理、统计分析、统计研究等工作。工作地点为云梦或汉川。
专业要求：0712统计学类（不含数据科学、生物统计学专业）、0701数学类（不含信息与计算科学专业）、1203农业经济管理类（不含农村区域发展、乡村治理专业）
学历要求：仅限本科
学位要求：学士
政治面貌：不限
基层工作经历：无限制
考试类别：市（地）级及以下直属机构综合管理类
备注：1.限男性；2.本职位限招应届高校毕业生；3.需以最高学历所学主修专业报考；4.本职位专业要求均为专业目录中的“专业类”，非“专业大类（学科大类）”；5.本单位最低服务年限为5年（含试用期）。","http://bm.scs.gov.cn/kl2026#137117-400110117014","2025-10-14","{""dataset_year"":2026,""job_uid"":""GOV-2026-137117-400110117014"",""publisher"":""国家公务员局"",""publication_page"":""http://bm.scs.gov.cn/kl2026"",""attachment_url"":""local://2026_guokao_zhaokaojianzhang.zip"",""local_source_file"":""中央机关及其直属机构2026年度考试录用公务员招考简章.xls"",""local_source_sha256"":""2670bae1df1dd07a3a3c79b9db46a11e3bb15a6c9c249e6af98bfd0b61ce3aaf"",""source_sheet"":""中央国家行政机关参照公务员法管理事业单位"",""filter_version"":""government_tech_v2"",""tech_filter"":{""is_tech"":true,""is_core_tech"":true,""scope"":""core"",""categories"":[""computer_software"",""data_ai""],""matched_fields"":[""major"",""description""],""major_terms"":[""数据科学""],""role_terms"":[""数据处理""],""reason"":""tech_major_and_role""},""original"":{""部门代码"":""137117"",""部门名称"":""国家统计局湖北调查总队"",""用人司局"":""国家统计局湖北调查总队"",""机构性质"":""中央国家行政机关参照公务员法管理事业单位"",""招考职位"":""孝感所辖县级调查队一级科员（1）"",""职位属性"":""普通职位"",""职位分布"":""其他职位"",""职位简介"":""从事一线入户调查、数据处理、统计分析、统计研究等工作。工作地点为云梦或汉川。"",""职位代码"":""400110117014"",""机构层级"":""县（区）级及以下"",""考试类别"":""市（地）级及以下直属机构综合管理类"",""招考人数"":""1"",""专业"":""0712统计学类（不含数据科学、生物统计学专业）、0701数学类（不含信息与计算科学专业）、1203农业经济管理类（不含农村区域发展、乡村治理专业）"",""学历"":""仅限本科"",""学位"":""学士"",""政治面貌"":""不限"",""基层工作最低年限"":""无限制"",""服务基层项目工作经历"":""无限制"",""是否在面试阶段组织专业能力测试"":""否"",""面试人员比例"":""3:1"",""工作地点"":""湖北省孝感市"",""落户地点"":""湖北省孝感市"",""备注"":""1.限男性；2.本职位限招应届高校毕业生；3.需以最高学历所学主修专业报考；4.本职位专业要求均为专业目录中的“专业类”，非“专业大类（学科大类）”；5.本单位最低服务年限为5年（含试用期）。"",""部门网站"":""无"",""咨询电话1"":""027-87271767"",""咨询电话2"":""027-87830810"",""咨询电话3"":"""",""来源Sheet"":""中央国家行政机关参照公务员法管理事业单位""}}"
"government_jobs","国家公务员2026招考简章","公务员/事业单位技术岗位","湖北省孝感市","2026-07-28T09:12:58.310295+00:00","孝感所辖县级调查队一级科员（2）","国家统计局湖北调查总队","","湖北省孝感市","公务员/事业单位;2026;computer_software;data_ai;仅限本科;学士;0712统计学类（不含数据科学、生物统计学专业）、0701数学类（不含信息与计算科学专业）、1203农业经济管理类（不含农村区域发展、乡村治理专业）;市（地）级及以下直属机构综合管理类","用人司局：国家统计局湖北调查总队
职位简介：从事一线入户调查、数据处理、统计分析、统计研究等工作。工作地点为云梦或汉川。
专业要求：0712统计学类（不含数据科学、生物统计学专业）、0701数学类（不含信息与计算科学专业）、1203农业经济管理类（不含农村区域发展、乡村治理专业）
学历要求：仅限本科
学位要求：学士
政治面貌：不限
基层工作经历：无限制
考试类别：市（地）级及以下直属机构综合管理类
备注：1.限女性；2.本职位限招应届高校毕业生；3.需以最高学历所学主修专业报考；4.本职位专业要求均为专业目录中的“专业类”，非“专业大类（学科大类）”；5.本单位最低服务年限为5年（含试用期）。","http://bm.scs.gov.cn/kl2026#137117-400110117015","2025-10-14","{""dataset_year"":2026,""job_uid"":""GOV-2026-137117-400110117015"",""publisher"":""国家公务员局"",""publication_page"":""http://bm.scs.gov.cn/kl2026"",""attachment_url"":""local://2026_guokao_zhaokaojianzhang.zip"",""local_source_file"":""中央机关及其直属机构2026年度考试录用公务员招考简章.xls"",""local_source_sha256"":""2670bae1df1dd07a3a3c79b9db46a11e3bb15a6c9c249e6af98bfd0b61ce3aaf"",""source_sheet"":""中央国家行政机关参照公务员法管理事业单位"",""filter_version"":""government_tech_v2"",""tech_filter"":{""is_tech"":true,""is_core_tech"":true,""scope"":""core"",""categories"":[""computer_software"",""data_ai""],""matched_fields"":[""major"",""description""],""major_terms"":[""数据科学""],""role_terms"":[""数据处理""],""reason"":""tech_major_and_role""},""original"":{""部门代码"":""137117"",""部门名称"":""国家统计局湖北调查总队"",""用人司局"":""国家统计局湖北调查总队"",""机构性质"":""中央国家行政机关参照公务员法管理事业单位"",""招考职位"":""孝感所辖县级调查队一级科员（2）"",""职位属性"":""普通职位"",""职位分布"":""其他职位"",""职位简介"":""从事一线入户调查、数据处理、统计分析、统计研究等工作。工作地点为云梦或汉川。"",""职位代码"":""400110117015"",""机构层级"":""县（区）级及以下"",""考试类别"":""市（地）级及以下直属机构综合管理类"",""招考人数"":""1"",""专业"":""0712统计学类（不含数据科学、生物统计学专业）、0701数学类（不含信息与计算科学专业）、1203农业经济管理类（不含农村区域发展、乡村治理专业）"",""学历"":""仅限本科"",""学位"":""学士"",""政治面貌"":""不限"",""基层工作最低年限"":""无限制"",""服务基层项目工作经历"":""无限制"",""是否在面试阶段组织专业能力测试"":""否"",""面试人员比例"":""3:1"",""工作地点"":""湖北省孝感市"",""落户地点"":""湖北省孝感市"",""备注"":""1.限女性；2.本职位限招应届高校毕业生；3.需以最高学历所学主修专业报考；4.本职位专业要求均为专业目录中的“专业类”，非“专业大类（学科大类）”；5.本单位最低服务年限为5年（含试用期）。"",""部门网站"":""无"",""咨询电话1"":""027-87271767"",""咨询电话2"":""027-87830810"",""咨询电话3"":"""",""来源Sheet"":""中央国家行政机关参照公务员法管理事业单位""}}"
"government_jobs","国家公务员2026招考简章","公务员/事业单位技术岗位","湖北省荆州市","2026-07-28T09:12:58.310295+00:00","荆州调查队业务科室四级主任科员及以下","国家统计局湖北调查总队","","湖北省荆州市","公务员/事业单位;2026;computer_software;data_ai;仅限本科;学士;0712统计学类（不含数据科学、生物统计学专业）;市（地）级及以下直属机构综合管理类","用人司局：国家统计局湖北调查总队
职位简介：从事一线入户调查、数据处理、统计分析、统计研究等工作。
专业要求：0712统计学类（不含数据科学、生物统计学专业）
学历要求：仅限本科
学位要求：学士
政治面貌：中共党员
基层工作经历：二年
考试类别：市（地）级及以下直属机构综合管理类
备注：1.需以最高学历所学主修专业报考；2.本职位专业要求均为专业目录中的“专业类”，非“专业大类（学科大类）”；3.本单位最低服务年限为5年（含试用期）。","http://bm.scs.gov.cn/kl2026#137117-400110117016","2025-10-14","{""dataset_year"":2026,""job_uid"":""GOV-2026-137117-400110117016"",""publisher"":""国家公务员局"",""publication_page"":""http://bm.scs.gov.cn/kl2026"",""attachment_url"":""local://2026_guokao_zhaokaojianzhang.zip"",""local_source_file"":""中央机关及其直属机构2026年度考试录用公务员招考简章.xls"",""local_source_sha256"":""2670bae1df1dd07a3a3c79b9db46a11e3bb15a6c9c249e6af98bfd0b61ce3aaf"",""source_sheet"":""中央国家行政机关参照公务员法管理事业单位"",""filter_version"":""government_tech_v2"",""tech_filter"":{""is_tech"":true,""is_core_tech"":true,""scope"":""core"",""categories"":[""computer_software"",""data_ai""],""matched_fields"":[""major"",""description""],""major_terms"":[""数据科学""],""role_terms"":[""数据处理""],""reason"":""tech_major_and_role""},""original"":{""部门代码"":""137117"",""部门名称"":""国家统计局湖北调查总队"",""用人司局"":""国家统计局湖北调查总队"",""机构性质"":""中央国家行政机关参照公务员法管理事业单位"",""招考职位"":""荆州调查队业务科室四级主任科员及以下"",""职位属性"":""普通职位"",""职位分布"":""其他职位"",""职位简介"":""从事一线入户调查、数据处理、统计分析、统计研究等工作。"",""职位代码"":""400110117016"",""机构层级"":""市（地）级"",""考试类别"":""市（地）级及以下直属机构综合管理类"",""招考人数"":""1"",""专业"":""0712统计学类（不含数据科学、生物统计学专业）"",""学历"":""仅限本科"",""学位"":""学士"",""政治面貌"":""中共党员"",""基层工作最低年限"":""二年"",""服务基层项目工作经历"":""大学生村官"",""是否在面试阶段组织专业能力测试"":""否"",""面试人员比例"":""3:1"",""工作地点"":""湖北省荆州市"",""落户地点"":""湖北省荆州市"",""备注"":""1.需以最高学历所学主修专业报考；2.本职位专业要求均为专业目录中的“专业类”，非“专业大类（学科大类）”；3.本单位最低服务年限为5年（含试用期）。"",""部门网站"":""无"",""咨询电话1"":""027-87271767"",""咨询电话2"":""027-87830810"",""咨询电话3"":"""",""来源Sheet"":""中央国家行政机关参照公务员法管理事业单位""}}"
"government_jobs","国家公务员2026招考简章","公务员/事业单位技术岗位","湖北省黄冈市罗田县","2026-07-28T09:12:58.310295+00:00","罗田调查队一级科员","国家统计局湖北调查总队","","湖北省黄冈市罗田县","公务员/事业单位;2026;computer_software;data_ai;仅限本科;学士;0712统计学类（不含数据科学、生物统计学专业）、0701数学类（不含信息与计算科学专业）、1203农业经济管理类（不含农村区域发展、乡村治理专业）;市（地）级及以下直属机构综合管理类","用人司局：国家统计局湖北调查总队
职位简介：从事一线入户调查、数据处理、统计分析、统计研究等工作。
专业要求：0712统计学类（不含数据科学、生物统计学专业）、0701数学类（不含信息与计算科学专业）、1203农业经济管理类（不含农村区域发展、乡村治理专业）
学历要求：仅限本科
学位要求：学士
政治面貌：不限
基层工作经历：无限制
考试类别：市（地）级及以下直属机构综合管理类
备注：1.本职位限招应届高校毕业生；2.需以最高学历所学主修专业报考；3.本职位专业要求均为专业目录中的“专业类”，非“专业大类（学科大类）”；4.本单位最低服务年限为5年（含试用期）。","http://bm.scs.gov.cn/kl2026#137117-400110117017","2025-10-14","{""dataset_year"":2026,""job_uid"":""GOV-2026-137117-400110117017"",""publisher"":""国家公务员局"",""publication_page"":""http://bm.scs.gov.cn/kl2026"",""attachment_url"":""local://2026_guokao_zhaokaojianzhang.zip"",""local_source_file"":""中央机关及其直属机构2026年度考试录用公务员招考简章.xls"",""local_source_sha256"":""2670bae1df1dd07a3a3c79b9db46a11e3bb15a6c9c249e6af98bfd0b61ce3aaf"",""source_sheet"":""中央国家行政机关参照公务员法管理事业单位"",""filter_version"":""government_tech_v2"",""tech_filter"":{""is_tech"":true,""is_core_tech"":true,""scope"":""core"",""categories"":[""computer_software"",""data_ai""],""matched_fields"":[""major"",""description""],""major_terms"":[""数据科学""],""role_terms"":[""数据处理""],""reason"":""tech_major_and_role""},""original"":{""部门代码"":""137117"",""部门名称"":""国家统计局湖北调查总队"",""用人司局"":""国家统计局湖北调查总队"",""机构性质"":""中央国家行政机关参照公务员法管理事业单位"",""招考职位"":""罗田调查队一级科员"",""职位属性"":""普通职位"",""职位分布"":""其他职位"",""职位简介"":""从事一线入户调查、数据处理、统计分析、统计研究等工作。"",""职位代码"":""400110117017"",""机构层级"":""县（区）级及以下"",""考试类别"":""市（地）级及以下直属机构综合管理类"",""招考人数"":""1"",""专业"":""0712统计学类（不含数据科学、生物统计学专业）、0701数学类（不含信息与计算科学专业）、1203农业经济管理类（不含农村区域发展、乡村治理专业）"",""学历"":""仅限本科"",""学位"":""学士"",""政治面貌"":""不限"",""基层工作最低年限"":""无限制"",""服务基层项目工作经历"":""无限制"",""是否在面试阶段组织专业能力测试"":""否"",""面试人员比例"":""3:1"",""工作地点"":""湖北省黄冈市罗田县"",""落户地点"":""湖北省黄冈市罗田县"",""备注"":""1.本职位限招应届高校毕业生；2.需以最高学历所学主修专业报考；3.本职位专业要求均为专业目录中的“专业类”，非“专业大类（学科大类）”；4.本单位最低服务年限为5年（含试用期）。"",""部门网站"":""无"",""咨询电话1"":""027-87271767"",""咨询电话2"":""027-87830810"",""咨询电话3"":"""",""来源Sheet"":""中央国家行政机关参照公务员法管理事业单位""}}"
"government_jobs","国家公务员2026招考简章","公务员/事业单位技术岗位","湖北省黄冈市黄梅县","2026-07-28T09:12:58.310295+00:00","黄梅调查队一级科员","国家统计局湖北调查总队","","湖北省黄冈市黄梅县","公务员/事业单位;2026;computer_software;data_ai;仅限本科;学士;0712统计学类（不含数据科学、生物统计学专业）、0701数学类（不含信息与计算科学专业）、1203农业经济管理类（不含农村区域发展、乡村治理专业）;市（地）级及以下直属机构综合管理类","用人司局：国家统计局湖北调查总队
职位简介：从事一线入户调查、数据处理、统计分析、统计研究等工作。
专业要求：0712统计学类（不含数据科学、生物统计学专业）、0701数学类（不含信息与计算科学专业）、1203农业经济管理类（不含农村区域发展、乡村治理专业）
学历要求：仅限本科
学位要求：学士
政治面貌：中共党员
基层工作经历：无限制
考试类别：市（地）级及以下直属机构综合管理类
备注：1.本职位限招2026届高校毕业生；2.需以最高学历所学主修专业报考；3.本职位专业要求均为专业目录中的“专业类”，非“专业大类（学科大类）”；4.本单位最低服务年限为5年（含试用期）。","http://bm.scs.gov.cn/kl2026#137117-400110117018","2025-10-14","{""dataset_year"":2026,""job_uid"":""GOV-2026-137117-400110117018"",""publisher"":""国家公务员局"",""publication_page"":""http://bm.scs.gov.cn/kl2026"",""attachment_url"":""local://2026_guokao_zhaokaojianzhang.zip"",""local_source_file"":""中央机关及其直属机构2026年度考试录用公务员招考简章.xls"",""local_source_sha256"":""2670bae1df1dd07a3a3c79b9db46a11e3bb15a6c9c249e6af98bfd0b61ce3aaf"",""source_sheet"":""中央国家行政机关参照公务员法管理事业单位"",""filter_version"":""government_tech_v2"",""tech_filter"":{""is_tech"":true,""is_core_tech"":true,""scope"":""core"",""categories"":[""computer_software"",""data_ai""],""matched_fields"":[""major"",""description""],""major_terms"":[""数据科学""],""role_terms"":[""数据处理""],""reason"":""tech_major_and_role""},""original"":{""部门代码"":""137117"",""部门名称"":""国家统计局湖北调查总队"",""用人司局"":""国家统计局湖北调查总队"",""机构性质"":""中央国家行政机关参照公务员法管理事业单位"",""招考职位"":""黄梅调查队一级科员"",""职位属性"":""普通职位"",""职位分布"":""其他职位"",""职位简介"":""从事一线入户调查、数据处理、统计分析、统计研究等工作。"",""职位代码"":""400110117018"",""机构层级"":""县（区）级及以下"",""考试类别"":""市（地）级及以下直属机构综合管理类"",""招考人数"":""1"",""专业"":""0712统计学类（不含数据科学、生物统计学专业）、0701数学类（不含信息与计算科学专业）、1203农业经济管理类（不含农村区域发展、乡村治理专业）"",""学历"":""仅限本科"",""学位"":""学士"",""政治面貌"":""中共党员"",""基层工作最低年限"":""无限制"",""服务基层项目工作经历"":""无限制"",""是否在面试阶段组织专业能力测试"":""否"",""面试人员比例"":""3:1"",""工作地点"":""湖北省黄冈市黄梅县"",""落户地点"":""湖北省黄冈市黄梅县"",""备注"":""1.本职位限招2026届高校毕业生；2.需以最高学历所学主修专业报考；3.本职位专业要求均为专业目录中的“专业类”，非“专业大类（学科大类）”；4.本单位最低服务年限为5年（含试用期）。"",""部门网站"":""无"",""咨询电话1"":""027-87271767"",""咨询电话2"":""027-87830810"",""咨询电话3"":"""",""来源Sheet"":""中央国家行政机关参照公务员法管理事业单位""}}"
"government_jobs","国家公务员2026招考简章","公务员/事业单位技术岗位","湖北省随州市","2026-07-28T09:12:58.310295+00:00","随州调查队业务科室一级科员（1）","国家统计局湖北调查总队","","湖北省随州市","公务员/事业单位;2026;computer_software;data_ai;仅限本科;学士;0712统计学类（不含数据科学、生物统计学专业）、0701数学类（不含信息与计算科学专业）;市（地）级及以下直属机构综合管理类","用人司局：国家统计局湖北调查总队
职位简介：从事一线入户调查、数据处理、统计分析、统计研究等工作。
专业要求：0712统计学类（不含数据科学、生物统计学专业）、0701数学类（不含信息与计算科学专业）
学历要求：仅限本科
学位要求：学士
政治面貌：不限
基层工作经历：无限制
考试类别：市（地）级及以下直属机构综合管理类
备注：1.限男性；2.本职位限招应届高校毕业生；3.需以最高学历所学主修专业报考；4.本职位专业要求均为专业目录中的“专业类”，非“专业大类（学科大类）”；5.本单位最低服务年限为5年（含试用期）。","http://bm.scs.gov.cn/kl2026#137117-400110117020","2025-10-14","{""dataset_year"":2026,""job_uid"":""GOV-2026-137117-400110117020"",""publisher"":""国家公务员局"",""publication_page"":""http://bm.scs.gov.cn/kl2026"",""attachment_url"":""local://2026_guokao_zhaokaojianzhang.zip"",""local_source_file"":""中央机关及其直属机构2026年度考试录用公务员招考简章.xls"",""local_source_sha256"":""2670bae1df1dd07a3a3c79b9db46a11e3bb15a6c9c249e6af98bfd0b61ce3aaf"",""source_sheet"":""中央国家行政机关参照公务员法管理事业单位"",""filter_version"":""government_tech_v2"",""tech_filter"":{""is_tech"":true,""is_core_tech"":true,""scope"":""core"",""categories"":[""computer_software"",""data_ai""],""matched_fields"":[""major"",""description""],""major_terms"":[""数据科学""],""role_terms"":[""数据处理""],""reason"":""tech_major_and_role""},""original"":{""部门代码"":""137117"",""部门名称"":""国家统计局湖北调查总队"",""用人司局"":""国家统计局湖北调查总队"",""机构性质"":""中央国家行政机关参照公务员法管理事业单位"",""招考职位"":""随州调查队业务科室一级科员（1）"",""职位属性"":""普通职位"",""职位分布"":""其他职位"",""职位简介"":""从事一线入户调查、数据处理、统计分析、统计研究等工作。"",""职位代码"":""400110117020"",""机构层级"":""市（地）级"",""考试类别"":""市（地）级及以下直属机构综合管理类"",""招考人数"":""1"",""专业"":""0712统计学类（不含数据科学、生物统计学专业）、0701数学类（不含信息与计算科学专业）"",""学历"":""仅限本科"",""学位"":""学士"",""政治面貌"":""不限"",""基层工作最低年限"":""无限制"",""服务基层项目工作经历"":""无限制"",""是否在面试阶段组织专业能力测试"":""否"",""面试人员比例"":""3:1"",""工作地点"":""湖北省随州市"",""落户地点"":""湖北省随州市"",""备注"":""1.限男性；2.本职位限招应届高校毕业生；3.需以最高学历所学主修专业报考；4.本职位专业要求均为专业目录中的“专业类”，非“专业大类（学科大类）”；5.本单位最低服务年限为5年（含试用期）。"",""部门网站"":""无"",""咨询电话1"":""027-87271767"",""咨询电话2"":""027-87830810"",""咨询电话3"":"""",""来源Sheet"":""中央国家行政机关参照公务员法管理事业单位""}}"
"government_jobs","国家公务员2026招考简章","公务员/事业单位技术岗位","湖北省随州市","2026-07-28T09:12:58.310295+00:00","随州调查队业务科室一级科员（2）","国家统计局湖北调查总队","","湖北省随州市","公务员/事业单位;2026;computer_software;data_ai;仅限本科;学士;0712统计学类（不含数据科学、生物统计学专业）、0701数学类（不含信息与计算科学专业）;市（地）级及以下直属机构综合管理类","用人司局：国家统计局湖北调查总队
职位简介：从事一线入户调查、数据处理、统计分析、统计研究等工作。
专业要求：0712统计学类（不含数据科学、生物统计学专业）、0701数学类（不含信息与计算科学专业）
学历要求：仅限本科
学位要求：学士
政治面貌：不限
基层工作经历：无限制
考试类别：市（地）级及以下直属机构综合管理类
备注：1.限女性；2.本职位限招应届高校毕业生；3.需以最高学历所学主修专业报考；4.本职位专业要求均为专业目录中的“专业类”，非“专业大类（学科大类）”；5.本单位最低服务年限为5年（含试用期）。","http://bm.scs.gov.cn/kl2026#137117-400110117021","2025-10-14","{""dataset_year"":2026,""job_uid"":""GOV-2026-137117-400110117021"",""publisher"":""国家公务员局"",""publication_page"":""http://bm.scs.gov.cn/kl2026"",""attachment_url"":""local://2026_guokao_zhaokaojianzhang.zip"",""local_source_file"":""中央机关及其直属机构2026年度考试录用公务员招考简章.xls"",""local_source_sha256"":""2670bae1df1dd07a3a3c79b9db46a11e3bb15a6c9c249e6af98bfd0b61ce3aaf"",""source_sheet"":""中央国家行政机关参照公务员法管理事业单位"",""filter_version"":""government_tech_v2"",""tech_filter"":{""is_tech"":true,""is_core_tech"":true,""scope"":""core"",""categories"":[""computer_software"",""data_ai""],""matched_fields"":[""major"",""description""],""major_terms"":[""数据科学""],""role_terms"":[""数据处理""],""reason"":""tech_major_and_role""},""original"":{""部门代码"":""137117"",""部门名称"":""国家统计局湖北调查总队"",""用人司局"":""国家统计局湖北调查总队"",""机构性质"":""中央国家行政机关参照公务员法管理事业单位"",""招考职位"":""随州调查队业务科室一级科员（2）"",""职位属性"":""普通职位"",""职位分布"":""其他职位"",""职位简介"":""从事一线入户调查、数据处理、统计分析、统计研究等工作。"",""职位代码"":""400110117021"",""机构层级"":""市（地）级"",""考试类别"":""市（地）级及以下直属机构综合管理类"",""招考人数"":""1"",""专业"":""0712统计学类（不含数据科学、生物统计学专业）、0701数学类（不含信息与计算科学专业）"",""学历"":""仅限本科"",""学位"":""学士"",""政治面貌"":""不限"",""基层工作最低年限"":""无限制"",""服务基层项目工作经历"":""无限制"",""是否在面试阶段组织专业能力测试"":""否"",""面试人员比例"":""3:1"",""工作地点"":""湖北省随州市"",""落户地点"":""湖北省随州市"",""备注"":""1.限女性；2.本职位限招应届高校毕业生；3.需以最高学历所学主修专业报考；4.本职位专业要求均为专业目录中的“专业类”，非“专业大类（学科大类）”；5.本单位最低服务年限为5年（含试用期）。"",""部门网站"":""无"",""咨询电话1"":""027-87271767"",""咨询电话2"":""027-87830810"",""咨询电话3"":"""",""来源Sheet"":""中央国家行政机关参照公务员法管理事业单位""}}"
"government_jobs","国家公务员2026招考简章","公务员/事业单位技术岗位","湖北省","2026-07-28T09:12:58.310295+00:00","省直管市调查队四级主任科员及以下（1）","国家统计局湖北调查总队","","湖北省","公务员/事业单位;2026;computer_software;data_ai;仅限本科;学士;0712统计学类（不含数据科学、生物统计学专业）、0701数学类（不含信息与计算科学专业）、1203农业经济管理类（不含农村区域发展、乡村治理专业）;市（地）级及以下直属机构综合管理类","用人司局：国家统计局湖北调查总队
职位简介：从事一线入户调查、数据处理、统计分析、统计研究等工作。工作地点为仙桃、潜江或天门。
专业要求：0712统计学类（不含数据科学、生物统计学专业）、0701数学类（不含信息与计算科学专业）、1203农业经济管理类（不含农村区域发展、乡村治理专业）
学历要求：仅限本科
学位要求：学士
政治面貌：不限
基层工作经历：无限制
考试类别：市（地）级及以下直属机构综合管理类
备注：1.限男性；2.需以最高学历所学主修专业报考；3.本职位专业要求均为专业目录中的“专业类”，非“专业大类（学科大类）”；4.本单位最低服务年限为5年（含试用期）。","http://bm.scs.gov.cn/kl2026#137117-400110117022","2025-10-14","{""dataset_year"":2026,""job_uid"":""GOV-2026-137117-400110117022"",""publisher"":""国家公务员局"",""publication_page"":""http://bm.scs.gov.cn/kl2026"",""attachment_url"":""local://2026_guokao_zhaokaojianzhang.zip"",""local_source_file"":""中央机关及其直属机构2026年度考试录用公务员招考简章.xls"",""local_source_sha256"":""2670bae1df1dd07a3a3c79b9db46a11e3bb15a6c9c249e6af98bfd0b61ce3aaf"",""source_sheet"":""中央国家行政机关参照公务员法管理事业单位"",""filter_version"":""government_tech_v2"",""tech_filter"":{""is_tech"":true,""is_core_tech"":true,""scope"":""core"",""categories"":[""computer_software"",""data_ai""],""matched_fields"":[""major"",""description""],""major_terms"":[""数据科学""],""role_terms"":[""数据处理""],""reason"":""tech_major_and_role""},""original"":{""部门代码"":""137117"",""部门名称"":""国家统计局湖北调查总队"",""用人司局"":""国家统计局湖北调查总队"",""机构性质"":""中央国家行政机关参照公务员法管理事业单位"",""招考职位"":""省直管市调查队四级主任科员及以下（1）"",""职位属性"":""普通职位"",""职位分布"":""其他职位"",""职位简介"":""从事一线入户调查、数据处理、统计分析、统计研究等工作。工作地点为仙桃、潜江或天门。"",""职位代码"":""400110117022"",""机构层级"":""县（区）级及以下"",""考试类别"":""市（地）级及以下直属机构综合管理类"",""招考人数"":""1"",""专业"":""0712统计学类（不含数据科学、生物统计学专业）、0701数学类（不含信息与计算科学专业）、1203农业经济管理类（不含农村区域发展、乡村治理专业）"",""学历"":""仅限本科"",""学位"":""学士"",""政治面貌"":""不限"",""基层工作最低年限"":""无限制"",""服务基层项目工作经历"":""无限制"",""是否在面试阶段组织专业能力测试"":""否"",""面试人员比例"":""3:1"",""工作地点"":""湖北省"",""落户地点"":""湖北省"",""备注"":""1.限男性；2.需以最高学历所学主修专业报考；3.本职位专业要求均为专业目录中的“专业类”，非“专业大类（学科大类）”；4.本单位最低服务年限为5年（含试用期）。"",""部门网站"":""无"",""咨询电话1"":""027-87271767"",""咨询电话2"":""027-87830810"",""咨询电话3"":"""",""来源Sheet"":""中央国家行政机关参照公务员法管理事业单位""}}"
"government_jobs","国家公务员2026招考简章","公务员/事业单位技术岗位","湖北省","2026-07-28T09:12:58.310295+00:00","省直管市调查队四级主任科员及以下（2）","国家统计局湖北调查总队","","湖北省","公务员/事业单位;2026;computer_software;data_ai;仅限本科;学士;0712统计学类（不含数据科学、生物统计学专业）、0701数学类（不含信息与计算科学专业）、1203农业经济管理类（不含农村区域发展、乡村治理专业）;市（地）级及以下直属机构综合管理类","用人司局：国家统计局湖北调查总队
职位简介：从事一线入户调查、数据处理、统计分析、统计研究等工作。工作地点为仙桃、潜江或天门。
专业要求：0712统计学类（不含数据科学、生物统计学专业）、0701数学类（不含信息与计算科学专业）、1203农业经济管理类（不含农村区域发展、乡村治理专业）
学历要求：仅限本科
学位要求：学士
政治面貌：不限
基层工作经历：无限制
考试类别：市（地）级及以下直属机构综合管理类
备注：1.限女性；2.需以最高学历所学主修专业报考；3.本职位专业要求均为专业目录中的“专业类”，非“专业大类（学科大类）”；4.本单位最低服务年限为5年（含试用期）。","http://bm.scs.gov.cn/kl2026#137117-400110117023","2025-10-14","{""dataset_year"":2026,""job_uid"":""GOV-2026-137117-400110117023"",""publisher"":""国家公务员局"",""publication_page"":""http://bm.scs.gov.cn/kl2026"",""attachment_url"":""local://2026_guokao_zhaokaojianzhang.zip"",""local_source_file"":""中央机关及其直属机构2026年度考试录用公务员招考简章.xls"",""local_source_sha256"":""2670bae1df1dd07a3a3c79b9db46a11e3bb15a6c9c249e6af98bfd0b61ce3aaf"",""source_sheet"":""中央国家行政机关参照公务员法管理事业单位"",""filter_version"":""government_tech_v2"",""tech_filter"":{""is_tech"":true,""is_core_tech"":true,""scope"":""core"",""categories"":[""computer_software"",""data_ai""],""matched_fields"":[""major"",""description""],""major_terms"":[""数据科学""],""role_terms"":[""数据处理""],""reason"":""tech_major_and_role""},""original"":{""部门代码"":""137117"",""部门名称"":""国家统计局湖北调查总队"",""用人司局"":""国家统计局湖北调查总队"",""机构性质"":""中央国家行政机关参照公务员法管理事业单位"",""招考职位"":""省直管市调查队四级主任科员及以下（2）"",""职位属性"":""普通职位"",""职位分布"":""其他职位"",""职位简介"":""从事一线入户调查、数据处理、统计分析、统计研究等工作。工作地点为仙桃、潜江或天门。"",""职位代码"":""400110117023"",""机构层级"":""县（区）级及以下"",""考试类别"":""市（地）级及以下直属机构综合管理类"",""招考人数"":""1"",""专业"":""0712统计学类（不含数据科学、生物统计学专业）、0701数学类（不含信息与计算科学专业）、1203农业经济管理类（不含农村区域发展、乡村治理专业）"",""学历"":""仅限本科"",""学位"":""学士"",""政治面貌"":""不限"",""基层工作最低年限"":""无限制"",""服务基层项目工作经历"":""无限制"",""是否在面试阶段组织专业能力测试"":""否"",""面试人员比例"":""3:1"",""工作地点"":""湖北省"",""落户地点"":""湖北省"",""备注"":""1.限女性；2.需以最高学历所学主修专业报考；3.本职位专业要求均为专业目录中的“专业类”，非“专业大类（学科大类）”；4.本单位最低服务年限为5年（含试用期）。"",""部门网站"":""无"",""咨询电话1"":""027-87271767"",""咨询电话2"":""027-87830810"",""咨询电话3"":"""",""来源Sheet"":""中央国家行政机关参照公务员法管理事业单位""}}"
"government_jobs","国家公务员2026招考简章","公务员/事业单位技术岗位","湖南省郴州市","2026-07-28T09:12:58.310295+00:00","郴州调查队业务科室一级科员（1）","国家统计局湖南调查总队","","湖南省郴州市","公务员/事业单位;2026;computer_software;data_ai;仅限本科;学士;0809计算机类;市（地）级及以下直属机构综合管理类","用人司局：国家统计局湖南调查总队
职位简介：从事一线入户调查、数据处理、信息化技术支持与服务等工作。
专业要求：0809计算机类
学历要求：仅限本科
学位要求：学士
政治面貌：不限
基层工作经历：无限制
考试类别：市（地）级及以下直属机构综合管理类
备注：1.限招2026届高校毕业生；2.需要经常在田间地头开展工作，条件比较艰苦；3.本单位最低服务年限为5年（含试用期）。","http://bm.scs.gov.cn/kl2026#137118-400110718010","2025-10-14","{""dataset_year"":2026,""job_uid"":""GOV-2026-137118-400110718010"",""publisher"":""国家公务员局"",""publication_page"":""http://bm.scs.gov.cn/kl2026"",""attachment_url"":""local://2026_guokao_zhaokaojianzhang.zip"",""local_source_file"":""中央机关及其直属机构2026年度考试录用公务员招考简章.xls"",""local_source_sha256"":""2670bae1df1dd07a3a3c79b9db46a11e3bb15a6c9c249e6af98bfd0b61ce3aaf"",""source_sheet"":""中央国家行政机关参照公务员法管理事业单位"",""filter_version"":""government_tech_v2"",""tech_filter"":{""is_tech"":true,""is_core_tech"":true,""scope"":""core"",""categories"":[""computer_software"",""data_ai""],""matched_fields"":[""major"",""description""],""major_terms"":[""计算机类""],""role_terms"":[""信息化"",""数据处理""],""reason"":""tech_major_and_role""},""original"":{""部门代码"":""137118"",""部门名称"":""国家统计局湖南调查总队"",""用人司局"":""国家统计局湖南调查总队"",""机构性质"":""中央国家行政机关参照公务员法管理事业单位"",""招考职位"":""郴州调查队业务科室一级科员（1）"",""职位属性"":""普通职位"",""职位分布"":""其他职位"",""职位简介"":""从事一线入户调查、数据处理、信息化技术支持与服务等工作。"",""职位代码"":""400110718010"",""机构层级"":""市（地）级"",""考试类别"":""市（地）级及以下直属机构综合管理类"",""招考人数"":""1"",""专业"":""0809计算机类"",""学历"":""仅限本科"",""学位"":""学士"",""政治面貌"":""不限"",""基层工作最低年限"":""无限制"",""服务基层项目工作经历"":""无限制"",""是否在面试阶段组织专业能力测试"":""否"",""面试人员比例"":""3:1"",""工作地点"":""湖南省郴州市"",""落户地点"":""湖南省郴州市"",""备注"":""1.限招2026届高校毕业生；2.需要经常在田间地头开展工作，条件比较艰苦；3.本单位最低服务年限为5年（含试用期）。"",""部门网站"":""湖南国调信息网（http://www.hndc.gov.cn/）"",""咨询电话1"":""0731-85184677"",""咨询电话2"":"""",""咨询电话3"":"""",""来源Sheet"":""中央国家行政机关参照公务员法管理事业单位""}}"
"government_jobs","国家公务员2026招考简章","公务员/事业单位技术岗位","湖南省郴州市临武县","2026-07-28T09:12:58.310295+00:00","临武调查队一级科员","国家统计局湖南调查总队","","湖南省郴州市临武县","公务员/事业单位;2026;computer_software;data_ai;仅限本科;学士;0809计算机类;市（地）级及以下直属机构综合管理类","用人司局：国家统计局湖南调查总队
职位简介：从事一线入户调查、数据处理、信息化技术支持与服务等工作。
专业要求：0809计算机类
学历要求：仅限本科
学位要求：学士
政治面貌：不限
基层工作经历：无限制
考试类别：市（地）级及以下直属机构综合管理类
备注：1.限招2026届高校毕业生；2.需要经常在田间地头开展工作，条件比较艰苦；3.本单位最低服务年限为5年（含试用期）。","http://bm.scs.gov.cn/kl2026#137118-400110718027","2025-10-14","{""dataset_year"":2026,""job_uid"":""GOV-2026-137118-400110718027"",""publisher"":""国家公务员局"",""publication_page"":""http://bm.scs.gov.cn/kl2026"",""attachment_url"":""local://2026_guokao_zhaokaojianzhang.zip"",""local_source_file"":""中央机关及其直属机构2026年度考试录用公务员招考简章.xls"",""local_source_sha256"":""2670bae1df1dd07a3a3c79b9db46a11e3bb15a6c9c249e6af98bfd0b61ce3aaf"",""source_sheet"":""中央国家行政机关参照公务员法管理事业单位"",""filter_version"":""government_tech_v2"",""tech_filter"":{""is_tech"":true,""is_core_tech"":true,""scope"":""core"",""categories"":[""computer_software"",""data_ai""],""matched_fields"":[""major"",""description""],""major_terms"":[""计算机类""],""role_terms"":[""信息化"",""数据处理""],""reason"":""tech_major_and_role""},""original"":{""部门代码"":""137118"",""部门名称"":""国家统计局湖南调查总队"",""用人司局"":""国家统计局湖南调查总队"",""机构性质"":""中央国家行政机关参照公务员法管理事业单位"",""招考职位"":""临武调查队一级科员"",""职位属性"":""普通职位"",""职位分布"":""其他职位"",""职位简介"":""从事一线入户调查、数据处理、信息化技术支持与服务等工作。"",""职位代码"":""400110718027"",""机构层级"":""县（区）级及以下"",""考试类别"":""市（地）级及以下直属机构综合管理类"",""招考人数"":""1"",""专业"":""0809计算机类"",""学历"":""仅限本科"",""学位"":""学士"",""政治面貌"":""不限"",""基层工作最低年限"":""无限制"",""服务基层项目工作经历"":""无限制"",""是否在面试阶段组织专业能力测试"":""否"",""面试人员比例"":""3:1"",""工作地点"":""湖南省郴州市临武县"",""落户地点"":""湖南省郴州市临武县"",""备注"":""1.限招2026届高校毕业生；2.需要经常在田间地头开展工作，条件比较艰苦；3.本单位最低服务年限为5年（含试用期）。"",""部门网站"":""湖南国调信息网（http://www.hndc.gov.cn/）"",""咨询电话1"":""0731-85184677"",""咨询电话2"":"""",""咨询电话3"":"""",""来源Sheet"":""中央国家行政机关参照公务员法管理事业单位""}}"
"government_jobs","国家公务员2026招考简章","公务员/事业单位技术岗位","湖南省娄底市新化县","2026-07-28T09:12:58.310295+00:00","新化调查队一级科员","国家统计局湖南调查总队","","湖南省娄底市新化县","公务员/事业单位;2026;computer_software;data_ai;electronics_communication;仅限本科;学士;0807电子信息类、0809计算机类;市（地）级及以下直属机构综合管理类","用人司局：国家统计局湖南调查总队
职位简介：从事一线入户调查、数据处理、信息化技术支持与服务等工作。
专业要求：0807电子信息类、0809计算机类
学历要求：仅限本科
学位要求：学士
政治面貌：不限
基层工作经历：无限制
考试类别：市（地）级及以下直属机构综合管理类
备注：1.需要经常在田间地头开展工作，条件比较艰苦；2.本单位最低服务年限为5年（含试用期）。","http://bm.scs.gov.cn/kl2026#137118-400110718032","2025-10-14","{""dataset_year"":2026,""job_uid"":""GOV-2026-137118-400110718032"",""publisher"":""国家公务员局"",""publication_page"":""http://bm.scs.gov.cn/kl2026"",""attachment_url"":""local://2026_guokao_zhaokaojianzhang.zip"",""local_source_file"":""中央机关及其直属机构2026年度考试录用公务员招考简章.xls"",""local_source_sha256"":""2670bae1df1dd07a3a3c79b9db46a11e3bb15a6c9c249e6af98bfd0b61ce3aaf"",""source_sheet"":""中央国家行政机关参照公务员法管理事业单位"",""filter_version"":""government_tech_v2"",""tech_filter"":{""is_tech"":true,""is_core_tech"":true,""scope"":""core"",""categories"":[""computer_software"",""data_ai"",""electronics_communication""],""matched_fields"":[""major"",""description""],""major_terms"":[""电子信息类"",""计算机类""],""role_terms"":[""信息化"",""数据处理""],""reason"":""tech_major_and_role""},""original"":{""部门代码"":""137118"",""部门名称"":""国家统计局湖南调查总队"",""用人司局"":""国家统计局湖南调查总队"",""机构性质"":""中央国家行政机关参照公务员法管理事业单位"",""招考职位"":""新化调查队一级科员"",""职位属性"":""普通职位"",""职位分布"":""其他职位"",""职位简介"":""从事一线入户调查、数据处理、信息化技术支持与服务等工作。"",""职位代码"":""400110718032"",""机构层级"":""县（区）级及以下"",""考试类别"":""市（地）级及以下直属机构综合管理类"",""招考人数"":""1"",""专业"":""0807电子信息类、0809计算机类"",""学历"":""仅限本科"",""学位"":""学士"",""政治面貌"":""不限"",""基层工作最低年限"":""无限制"",""服务基层项目工作经历"":""无限制"",""是否在面试阶段组织专业能力测试"":""否"",""面试人员比例"":""3:1"",""工作地点"":""湖南省娄底市新化县"",""落户地点"":""湖南省娄底市新化县"",""备注"":""1.需要经常在田间地头开展工作，条件比较艰苦；2.本单位最低服务年限为5年（含试用期）。"",""部门网站"":""湖南国调信息网（http://www.hndc.gov.cn/）"",""咨询电话1"":""0731-85184677"",""咨询电话2"":"""",""咨询电话3"":"""",""来源Sheet"":""中央国家行政机关参照公务员法管理事业单位""}}"
"government_jobs","国家公务员2026招考简章","公务员/事业单位技术岗位","广东省珠海市","2026-07-28T09:12:58.310295+00:00","珠海调查队业务科室四级主任科员","国家统计局广东调查总队","","广东省珠海市","公务员/事业单位;2026;computer_software;data_ai;仅限硕士研究生;硕士;数学（0701）、应用统计（0252）、统计学（0714）、计算机科学与技术（0812）;市（地）级及以下直属机构综合管理类","用人司局：国家统计局广东调查总队
职位简介：从事一线统计调查、数据处理、统计分析研究等工作。
专业要求：数学（0701）、应用统计（0252）、统计学（0714）、计算机科学与技术（0812）
学历要求：仅限硕士研究生
学位要求：硕士
政治面貌：不限
基层工作经历：无限制
考试类别：市（地）级及以下直属机构综合管理类
备注：1.须以最高学历所学主修专业报考；2.仅限2026届高校毕业生；3.本单位最低服务年限为5年（含试用期）。","http://bm.scs.gov.cn/kl2026#137119-400110119036","2025-10-14","{""dataset_year"":2026,""job_uid"":""GOV-2026-137119-400110119036"",""publisher"":""国家公务员局"",""publication_page"":""http://bm.scs.gov.cn/kl2026"",""attachment_url"":""local://2026_guokao_zhaokaojianzhang.zip"",""local_source_file"":""中央机关及其直属机构2026年度考试录用公务员招考简章.xls"",""local_source_sha256"":""2670bae1df1dd07a3a3c79b9db46a11e3bb15a6c9c249e6af98bfd0b61ce3aaf"",""source_sheet"":""中央国家行政机关参照公务员法管理事业单位"",""filter_version"":""government_tech_v2"",""tech_filter"":{""is_tech"":true,""is_core_tech"":true,""scope"":""core"",""categories"":[""computer_software"",""data_ai""],""matched_fields"":[""major"",""description""],""major_terms"":[""计算机科学与技术""],""role_terms"":[""数据处理""],""reason"":""tech_major_and_role""},""original"":{""部门代码"":""137119"",""部门名称"":""国家统计局广东调查总队"",""用人司局"":""国家统计局广东调查总队"",""机构性质"":""中央国家行政机关参照公务员法管理事业单位"",""招考职位"":""珠海调查队业务科室四级主任科员"",""职位属性"":""普通职位"",""职位分布"":""其他职位"",""职位简介"":""从事一线统计调查、数据处理、统计分析研究等工作。"",""职位代码"":""400110119036"",""机构层级"":""市（地）级"",""考试类别"":""市（地）级及以下直属机构综合管理类"",""招考人数"":""1"",""专业"":""数学（0701）、应用统计（0252）、统计学（0714）、计算机科学与技术（0812）"",""学历"":""仅限硕士研究生"",""学位"":""硕士"",""政治面貌"":""不限"",""基层工作最低年限"":""无限制"",""服务基层项目工作经历"":""无限制"",""是否在面试阶段组织专业能力测试"":""否"",""面试人员比例"":""3:1"",""工作地点"":""广东省珠海市"",""落户地点"":""广东省珠海市"",""备注"":""1.须以最高学历所学主修专业报考；2.仅限2026届高校毕业生；3.本单位最低服务年限为5年（含试用期）。"",""部门网站"":""https://gdzd.stats.gov.cn/"",""咨询电话1"":""020-83137929"",""咨询电话2"":""020-83137984"",""咨询电话3"":""020-83137941"",""来源Sheet"":""中央国家行政机关参照公务员法管理事业单位""}}"
"government_jobs","国家公务员2026招考简章","公务员/事业单位技术岗位","广东省河源市","2026-07-28T09:12:58.310295+00:00","河源调查队综合科室一级科员","国家统计局广东调查总队","","广东省河源市","公务员/事业单位;2026;computer_software;data_ai;仅限本科;学士;经济学类（0201）、统计学类（0712）、计算机类（0809）、中国语言文学类（0501）;市（地）级及以下直属机构综合管理类","用人司局：国家统计局广东调查总队
职位简介：从事一线统计调查、数据处理、统计分析研究、办公政务等工作。
专业要求：经济学类（0201）、统计学类（0712）、计算机类（0809）、中国语言文学类（0501）
学历要求：仅限本科
学位要求：学士
政治面貌：不限
基层工作经历：无限制
考试类别：市（地）级及以下直属机构综合管理类
备注：1.须以最高学历所学主修专业报考；2.仅限应届高校毕业生；3.需使用本地方言开展工作，限懂客家方言；4.本单位最低服务年限为5年（含试用期）。","http://bm.scs.gov.cn/kl2026#137119-400110119038","2025-10-14","{""dataset_year"":2026,""job_uid"":""GOV-2026-137119-400110119038"",""publisher"":""国家公务员局"",""publication_page"":""http://bm.scs.gov.cn/kl2026"",""attachment_url"":""local://2026_guokao_zhaokaojianzhang.zip"",""local_source_file"":""中央机关及其直属机构2026年度考试录用公务员招考简章.xls"",""local_source_sha256"":""2670bae1df1dd07a3a3c79b9db46a11e3bb15a6c9c249e6af98bfd0b61ce3aaf"",""source_sheet"":""中央国家行政机关参照公务员法管理事业单位"",""filter_version"":""government_tech_v2"",""tech_filter"":{""is_tech"":true,""is_core_tech"":true,""scope"":""core"",""categories"":[""computer_software"",""data_ai""],""matched_fields"":[""major"",""description""],""major_terms"":[""计算机类""],""role_terms"":[""数据处理""],""reason"":""tech_major_and_role""},""original"":{""部门代码"":""137119"",""部门名称"":""国家统计局广东调查总队"",""用人司局"":""国家统计局广东调查总队"",""机构性质"":""中央国家行政机关参照公务员法管理事业单位"",""招考职位"":""河源调查队综合科室一级科员"",""职位属性"":""普通职位"",""职位分布"":""其他职位"",""职位简介"":""从事一线统计调查、数据处理、统计分析研究、办公政务等工作。"",""职位代码"":""400110119038"",""机构层级"":""市（地）级"",""考试类别"":""市（地）级及以下直属机构综合管理类"",""招考人数"":""1"",""专业"":""经济学类（0201）、统计学类（0712）、计算机类（0809）、中国语言文学类（0501）"",""学历"":""仅限本科"",""学位"":""学士"",""政治面貌"":""不限"",""基层工作最低年限"":""无限制"",""服务基层项目工作经历"":""无限制"",""是否在面试阶段组织专业能力测试"":""否"",""面试人员比例"":""3:1"",""工作地点"":""广东省河源市"",""落户地点"":""广东省河源市"",""备注"":""1.须以最高学历所学主修专业报考；2.仅限应届高校毕业生；3.需使用本地方言开展工作，限懂客家方言；4.本单位最低服务年限为5年（含试用期）。"",""部门网站"":""https://gdzd.stats.gov.cn/"",""咨询电话1"":""020-83137929"",""咨询电话2"":""020-83137984"",""咨询电话3"":""020-83137941"",""来源Sheet"":""中央国家行政机关参照公务员法管理事业单位""}}"
"government_jobs","国家公务员2026招考简章","公务员/事业单位技术岗位","广东省阳江市","2026-07-28T09:12:58.310295+00:00","阳江调查队综合科室四级主任科员","国家统计局广东调查总队","","广东省阳江市","公务员/事业单位;2026;computer_software;data_ai;仅限硕士研究生;硕士;应用经济学（0202）、应用统计（0252）、统计学（0714）、设计学（1403）、计算机科学与技术（0812）;市（地）级及以下直属机构综合管理类","用人司局：国家统计局广东调查总队
职位简介：从事一线统计调查、数据处理、统计分析研究、统计宣传、统计法治等工作。
专业要求：应用经济学（0202）、应用统计（0252）、统计学（0714）、设计学（1403）、计算机科学与技术（0812）
学历要求：仅限硕士研究生
学位要求：硕士
政治面貌：不限
基层工作经历：无限制
考试类别：市（地）级及以下直属机构综合管理类
备注：1.须以最高学历所学主修专业报考；2.本单位最低服务年限为5年（含试用期）。","http://bm.scs.gov.cn/kl2026#137119-400110119045","2025-10-14","{""dataset_year"":2026,""job_uid"":""GOV-2026-137119-400110119045"",""publisher"":""国家公务员局"",""publication_page"":""http://bm.scs.gov.cn/kl2026"",""attachment_url"":""local://2026_guokao_zhaokaojianzhang.zip"",""local_source_file"":""中央机关及其直属机构2026年度考试录用公务员招考简章.xls"",""local_source_sha256"":""2670bae1df1dd07a3a3c79b9db46a11e3bb15a6c9c249e6af98bfd0b61ce3aaf"",""source_sheet"":""中央国家行政机关参照公务员法管理事业单位"",""filter_version"":""government_tech_v2"",""tech_filter"":{""is_tech"":true,""is_core_tech"":true,""scope"":""core"",""categories"":[""computer_software"",""data_ai""],""matched_fields"":[""major"",""description""],""major_terms"":[""计算机科学与技术""],""role_terms"":[""数据处理""],""reason"":""tech_major_and_role""},""original"":{""部门代码"":""137119"",""部门名称"":""国家统计局广东调查总队"",""用人司局"":""国家统计局广东调查总队"",""机构性质"":""中央国家行政机关参照公务员法管理事业单位"",""招考职位"":""阳江调查队综合科室四级主任科员"",""职位属性"":""普通职位"",""职位分布"":""其他职位"",""职位简介"":""从事一线统计调查、数据处理、统计分析研究、统计宣传、统计法治等工作。"",""职位代码"":""400110119045"",""机构层级"":""市（地）级"",""考试类别"":""市（地）级及以下直属机构综合管理类"",""招考人数"":""1"",""专业"":""应用经济学（0202）、应用统计（0252）、统计学（0714）、设计学（1403）、计算机科学与技术（0812）"",""学历"":""仅限硕士研究生"",""学位"":""硕士"",""政治面貌"":""不限"",""基层工作最低年限"":""无限制"",""服务基层项目工作经历"":""无限制"",""是否在面试阶段组织专业能力测试"":""否"",""面试人员比例"":""3:1"",""工作地点"":""广东省阳江市"",""落户地点"":""广东省阳江市"",""备注"":""1.须以最高学历所学主修专业报考；2.本单位最低服务年限为5年（含试用期）。"",""部门网站"":""https://gdzd.stats.gov.cn/"",""咨询电话1"":""020-83137929"",""咨询电话2"":""020-83137984"",""咨询电话3"":""020-83137941"",""来源Sheet"":""中央国家行政机关参照公务员法管理事业单位""}}"
"government_jobs","国家公务员2026招考简章","公务员/事业单位技术岗位","广东省湛江市","2026-07-28T09:12:58.310295+00:00","湛江调查队业务科室一级科员","国家统计局广东调查总队","","广东省湛江市","公务员/事业单位;2026;computer_software;data_ai;仅限本科;学士;数学类（0701）、统计学类（0712）、计算机类（0809）、管理科学与工程类（1201）;市（地）级及以下直属机构综合管理类","用人司局：国家统计局广东调查总队
职位简介：从事一线统计调查、数据处理、统计分析研究等工作。
专业要求：数学类（0701）、统计学类（0712）、计算机类（0809）、管理科学与工程类（1201）
学历要求：仅限本科
学位要求：学士
政治面貌：不限
基层工作经历：无限制
考试类别：市（地）级及以下直属机构综合管理类
备注：1.须以最高学历所学主修专业报考；2.本单位最低服务年限为5年（含试用期）。","http://bm.scs.gov.cn/kl2026#137119-400110119046","2025-10-14","{""dataset_year"":2026,""job_uid"":""GOV-2026-137119-400110119046"",""publisher"":""国家公务员局"",""publication_page"":""http://bm.scs.gov.cn/kl2026"",""attachment_url"":""local://2026_guokao_zhaokaojianzhang.zip"",""local_source_file"":""中央机关及其直属机构2026年度考试录用公务员招考简章.xls"",""local_source_sha256"":""2670bae1df1dd07a3a3c79b9db46a11e3bb15a6c9c249e6af98bfd0b61ce3aaf"",""source_sheet"":""中央国家行政机关参照公务员法管理事业单位"",""filter_version"":""government_tech_v2"",""tech_filter"":{""is_tech"":true,""is_core_tech"":true,""scope"":""core"",""categories"":[""computer_software"",""data_ai""],""matched_fields"":[""major"",""description""],""major_terms"":[""计算机类""],""role_terms"":[""数据处理""],""reason"":""tech_major_and_role""},""original"":{""部门代码"":""137119"",""部门名称"":""国家统计局广东调查总队"",""用人司局"":""国家统计局广东调查总队"",""机构性质"":""中央国家行政机关参照公务员法管理事业单位"",""招考职位"":""湛江调查队业务科室一级科员"",""职位属性"":""普通职位"",""职位分布"":""其他职位"",""职位简介"":""从事一线统计调查、数据处理、统计分析研究等工作。"",""职位代码"":""400110119046"",""机构层级"":""市（地）级"",""考试类别"":""市（地）级及以下直属机构综合管理类"",""招考人数"":""2"",""专业"":""数学类（0701）、统计学类（0712）、计算机类（0809）、管理科学与工程类（1201）"",""学历"":""仅限本科"",""学位"":""学士"",""政治面貌"":""不限"",""基层工作最低年限"":""无限制"",""服务基层项目工作经历"":""无限制"",""是否在面试阶段组织专业能力测试"":""否"",""面试人员比例"":""3:1"",""工作地点"":""广东省湛江市"",""落户地点"":""广东省湛江市"",""备注"":""1.须以最高学历所学主修专业报考；2.本单位最低服务年限为5年（含试用期）。"",""部门网站"":""https://gdzd.stats.gov.cn/"",""咨询电话1"":""020-83137929"",""咨询电话2"":""020-83137984"",""咨询电话3"":""020-83137941"",""来源Sheet"":""中央国家行政机关参照公务员法管理事业单位""}}"
"government_jobs","国家公务员2026招考简章","公务员/事业单位技术岗位","广东省湛江市","2026-07-28T09:12:58.310295+00:00","湛江调查队业务科室四级主任科员及以下","国家统计局广东调查总队","","广东省湛江市","公务员/事业单位;2026;computer_software;data_ai;本科或硕士研究生;与最高学历相对应的学位;本科：经济学类（0201）、数学类（0701）、统计学类（0712）、计算机类（0809）；研究生：应用经济学（0202）、应用统计（0252）、数学（0701）、统计学（0714）、计算机科学与技术（0812）;市（地）级及以下直属机构综合管理类","用人司局：国家统计局广东调查总队
职位简介：从事一线统计调查、数据处理、统计分析、统计研究等工作。
专业要求：本科：经济学类（0201）、数学类（0701）、统计学类（0712）、计算机类（0809）；研究生：应用经济学（0202）、应用统计（0252）、数学（0701）、统计学（0714）、计算机科学与技术（0812）
学历要求：本科或硕士研究生
学位要求：与最高学历相对应的学位
政治面貌：不限
基层工作经历：二年
考试类别：市（地）级及以下直属机构综合管理类
备注：1.须以最高学历所学主修专业报考；2.本职位要求考生服务基层项目工作经历服务期满且考核合格；3.本单位最低服务年限为5年（含试用期）。","http://bm.scs.gov.cn/kl2026#137119-400110119047","2025-10-14","{""dataset_year"":2026,""job_uid"":""GOV-2026-137119-400110119047"",""publisher"":""国家公务员局"",""publication_page"":""http://bm.scs.gov.cn/kl2026"",""attachment_url"":""local://2026_guokao_zhaokaojianzhang.zip"",""local_source_file"":""中央机关及其直属机构2026年度考试录用公务员招考简章.xls"",""local_source_sha256"":""2670bae1df1dd07a3a3c79b9db46a11e3bb15a6c9c249e6af98bfd0b61ce3aaf"",""source_sheet"":""中央国家行政机关参照公务员法管理事业单位"",""filter_version"":""government_tech_v2"",""tech_filter"":{""is_tech"":true,""is_core_tech"":true,""scope"":""core"",""categories"":[""computer_software"",""data_ai""],""matched_fields"":[""major"",""description""],""major_terms"":[""计算机科学与技术"",""计算机类""],""role_terms"":[""数据处理""],""reason"":""tech_major_and_role""},""original"":{""部门代码"":""137119"",""部门名称"":""国家统计局广东调查总队"",""用人司局"":""国家统计局广东调查总队"",""机构性质"":""中央国家行政机关参照公务员法管理事业单位"",""招考职位"":""湛江调查队业务科室四级主任科员及以下"",""职位属性"":""普通职位"",""职位分布"":""其他职位"",""职位简介"":""从事一线统计调查、数据处理、统计分析、统计研究等工作。"",""职位代码"":""400110119047"",""机构层级"":""市（地）级"",""考试类别"":""市（地）级及以下直属机构综合管理类"",""招考人数"":""1"",""专业"":""本科：经济学类（0201）、数学类（0701）、统计学类（0712）、计算机类（0809）；研究生：应用经济学（0202）、应用统计（0252）、数学（0701）、统计学（0714）、计算机科学与技术（0812）"",""学历"":""本科或硕士研究生"",""学位"":""与最高学历相对应的学位"",""政治面貌"":""不限"",""基层工作最低年限"":""二年"",""服务基层项目工作经历"":""大学生村官、农村义务教育阶段学校教师特设岗位计划、“三支一扶”计划、大学生志愿服务西部计划"",""是否在面试阶段组织专业能力测试"":""否"",""面试人员比例"":""3:1"",""工作地点"":""广东省湛江市"",""落户地点"":""广东省湛江市"",""备注"":""1.须以最高学历所学主修专业报考；2.本职位要求考生服务基层项目工作经历服务期满且考核合格；3.本单位最低服务年限为5年（含试用期）。"",""部门网站"":""https://gdzd.stats.gov.cn/"",""咨询电话1"":""020-83137929"",""咨询电话2"":""020-83137984"",""咨询电话3"":""020-83137941"",""来源Sheet"":""中央国家行政机关参照公务员法管理事业单位""}}"
"government_jobs","国家公务员2026招考简章","公务员/事业单位技术岗位","广东省肇庆市","2026-07-28T09:12:58.310295+00:00","肇庆调查队业务科室四级主任科员及以下","国家统计局广东调查总队","","广东省肇庆市","公务员/事业单位;2026;computer_software;data_ai;本科或硕士研究生;与最高学历相对应的学位;本科：中国语言文学类（0501）、计算机类（0809）；研究生：应用经济学（0202）、应用统计（0252）、统计学（0714）、中国语言文学（0501）、计算机科学与技术（0812）、软件工程（0835）;市（地）级及以下直属机构综合管理类","用人司局：国家统计局广东调查总队
职位简介：从事一线统计调查、数据处理、统计分析研究等工作。
专业要求：本科：中国语言文学类（0501）、计算机类（0809）；研究生：应用经济学（0202）、应用统计（0252）、统计学（0714）、中国语言文学（0501）、计算机科学与技术（0812）、软件工程（0835）
学历要求：本科或硕士研究生
学位要求：与最高学历相对应的学位
政治面貌：不限
基层工作经历：二年
考试类别：市（地）级及以下直属机构综合管理类
备注：1.须以最高学历所学主修专业报考；2.本职位要求考生服务基层项目工作经历服务期满且考核合格；3.本单位最低服务年限为5年（含试用期）。","http://bm.scs.gov.cn/kl2026#137119-400110119048","2025-10-14","{""dataset_year"":2026,""job_uid"":""GOV-2026-137119-400110119048"",""publisher"":""国家公务员局"",""publication_page"":""http://bm.scs.gov.cn/kl2026"",""attachment_url"":""local://2026_guokao_zhaokaojianzhang.zip"",""local_source_file"":""中央机关及其直属机构2026年度考试录用公务员招考简章.xls"",""local_source_sha256"":""2670bae1df1dd07a3a3c79b9db46a11e3bb15a6c9c249e6af98bfd0b61ce3aaf"",""source_sheet"":""中央国家行政机关参照公务员法管理事业单位"",""filter_version"":""government_tech_v2"",""tech_filter"":{""is_tech"":true,""is_core_tech"":true,""scope"":""core"",""categories"":[""computer_software"",""data_ai""],""matched_fields"":[""major"",""description""],""major_terms"":[""计算机科学与技术"",""计算机类"",""软件工程""],""role_terms"":[""数据处理""],""reason"":""tech_major_and_role""},""original"":{""部门代码"":""137119"",""部门名称"":""国家统计局广东调查总队"",""用人司局"":""国家统计局广东调查总队"",""机构性质"":""中央国家行政机关参照公务员法管理事业单位"",""招考职位"":""肇庆调查队业务科室四级主任科员及以下"",""职位属性"":""普通职位"",""职位分布"":""其他职位"",""职位简介"":""从事一线统计调查、数据处理、统计分析研究等工作。"",""职位代码"":""400110119048"",""机构层级"":""市（地）级"",""考试类别"":""市（地）级及以下直属机构综合管理类"",""招考人数"":""1"",""专业"":""本科：中国语言文学类（0501）、计算机类（0809）；研究生：应用经济学（0202）、应用统计（0252）、统计学（0714）、中国语言文学（0501）、计算机科学与技术（0812）、软件工程（0835）"",""学历"":""本科或硕士研究生"",""学位"":""与最高学历相对应的学位"",""政治面貌"":""不限"",""基层工作最低年限"":""二年"",""服务基层项目工作经历"":""大学生村官、农村义务教育阶段学校教师特设岗位计划、“三支一扶”计划、大学生志愿服务西部计划"",""是否在面试阶段组织专业能力测试"":""否"",""面试人员比例"":""3:1"",""工作地点"":""广东省肇庆市"",""落户地点"":""广东省肇庆市"",""备注"":""1.须以最高学历所学主修专业报考；2.本职位要求考生服务基层项目工作经历服务期满且考核合格；3.本单位最低服务年限为5年（含试用期）。"",""部门网站"":""https://gdzd.stats.gov.cn/"",""咨询电话1"":""020-83137929"",""咨询电话2"":""020-83137984"",""咨询电话3"":""020-83137941"",""来源Sheet"":""中央国家行政机关参照公务员法管理事业单位""}}"
"government_jobs","国家公务员2026招考简章","公务员/事业单位技术岗位","广东省清远市","2026-07-28T09:12:58.310295+00:00","清远调查队业务科室一级科员","国家统计局广东调查总队","","广东省清远市","公务员/事业单位;2026;computer_software;data_ai;仅限本科;学士;计算机类（0809）、管理科学与工程类（1201）、经济学类（0201）;市（地）级及以下直属机构综合管理类","用人司局：国家统计局广东调查总队
职位简介：从事一线统计调查、数据处理、统计分析研究等工作。
专业要求：计算机类（0809）、管理科学与工程类（1201）、经济学类（0201）
学历要求：仅限本科
学位要求：学士
政治面貌：不限
基层工作经历：无限制
考试类别：市（地）级及以下直属机构综合管理类
备注：1.须以最高学历所学主修专业报考；2.仅限应届高校毕业生；3.本单位最低服务年限为5年（含试用期）。","http://bm.scs.gov.cn/kl2026#137119-400110119049","2025-10-14","{""dataset_year"":2026,""job_uid"":""GOV-2026-137119-400110119049"",""publisher"":""国家公务员局"",""publication_page"":""http://bm.scs.gov.cn/kl2026"",""attachment_url"":""local://2026_guokao_zhaokaojianzhang.zip"",""local_source_file"":""中央机关及其直属机构2026年度考试录用公务员招考简章.xls"",""local_source_sha256"":""2670bae1df1dd07a3a3c79b9db46a11e3bb15a6c9c249e6af98bfd0b61ce3aaf"",""source_sheet"":""中央国家行政机关参照公务员法管理事业单位"",""filter_version"":""government_tech_v2"",""tech_filter"":{""is_tech"":true,""is_core_tech"":true,""scope"":""core"",""categories"":[""computer_software"",""data_ai""],""matched_fields"":[""major"",""description""],""major_terms"":[""计算机类""],""role_terms"":[""数据处理""],""reason"":""tech_major_and_role""},""original"":{""部门代码"":""137119"",""部门名称"":""国家统计局广东调查总队"",""用人司局"":""国家统计局广东调查总队"",""机构性质"":""中央国家行政机关参照公务员法管理事业单位"",""招考职位"":""清远调查队业务科室一级科员"",""职位属性"":""普通职位"",""职位分布"":""其他职位"",""职位简介"":""从事一线统计调查、数据处理、统计分析研究等工作。"",""职位代码"":""400110119049"",""机构层级"":""市（地）级"",""考试类别"":""市（地）级及以下直属机构综合管理类"",""招考人数"":""1"",""专业"":""计算机类（0809）、管理科学与工程类（1201）、经济学类（0201）"",""学历"":""仅限本科"",""学位"":""学士"",""政治面貌"":""不限"",""基层工作最低年限"":""无限制"",""服务基层项目工作经历"":""无限制"",""是否在面试阶段组织专业能力测试"":""否"",""面试人员比例"":""3:1"",""工作地点"":""广东省清远市"",""落户地点"":""广东省清远市"",""备注"":""1.须以最高学历所学主修专业报考；2.仅限应届高校毕业生；3.本单位最低服务年限为5年（含试用期）。"",""部门网站"":""https://gdzd.stats.gov.cn/"",""咨询电话1"":""020-83137929"",""咨询电话2"":""020-83137984"",""咨询电话3"":""020-83137941"",""来源Sheet"":""中央国家行政机关参照公务员法管理事业单位""}}"
"government_jobs","国家公务员2026招考简章","公务员/事业单位技术岗位","广东省潮州市","2026-07-28T09:12:58.310295+00:00","潮州调查队业务科室一级科员","国家统计局广东调查总队","","广东省潮州市","公务员/事业单位;2026;computer_software;data_ai;仅限本科;学士;计算机类（0809）;市（地）级及以下直属机构综合管理类","用人司局：国家统计局广东调查总队
职位简介：从事一线统计调查、数据处理、统计分析研究等工作。
专业要求：计算机类（0809）
学历要求：仅限本科
学位要求：学士
政治面貌：不限
基层工作经历：无限制
考试类别：市（地）级及以下直属机构综合管理类
备注：1.须以最高学历所学主修专业报考；2.仅限应届高校毕业生；3.需使用本地方言开展工作，限懂潮汕方言；4.本单位最低服务年限为5年（含试用期）。","http://bm.scs.gov.cn/kl2026#137119-400110119051","2025-10-14","{""dataset_year"":2026,""job_uid"":""GOV-2026-137119-400110119051"",""publisher"":""国家公务员局"",""publication_page"":""http://bm.scs.gov.cn/kl2026"",""attachment_url"":""local://2026_guokao_zhaokaojianzhang.zip"",""local_source_file"":""中央机关及其直属机构2026年度考试录用公务员招考简章.xls"",""local_source_sha256"":""2670bae1df1dd07a3a3c79b9db46a11e3bb15a6c9c249e6af98bfd0b61ce3aaf"",""source_sheet"":""中央国家行政机关参照公务员法管理事业单位"",""filter_version"":""government_tech_v2"",""tech_filter"":{""is_tech"":true,""is_core_tech"":true,""scope"":""core"",""categories"":[""computer_software"",""data_ai""],""matched_fields"":[""major"",""description""],""major_terms"":[""计算机类""],""role_terms"":[""数据处理""],""reason"":""tech_major_and_role""},""original"":{""部门代码"":""137119"",""部门名称"":""国家统计局广东调查总队"",""用人司局"":""国家统计局广东调查总队"",""机构性质"":""中央国家行政机关参照公务员法管理事业单位"",""招考职位"":""潮州调查队业务科室一级科员"",""职位属性"":""普通职位"",""职位分布"":""其他职位"",""职位简介"":""从事一线统计调查、数据处理、统计分析研究等工作。"",""职位代码"":""400110119051"",""机构层级"":""市（地）级"",""考试类别"":""市（地）级及以下直属机构综合管理类"",""招考人数"":""1"",""专业"":""计算机类（0809）"",""学历"":""仅限本科"",""学位"":""学士"",""政治面貌"":""不限"",""基层工作最低年限"":""无限制"",""服务基层项目工作经历"":""无限制"",""是否在面试阶段组织专业能力测试"":""否"",""面试人员比例"":""3:1"",""工作地点"":""广东省潮州市"",""落户地点"":""广东省潮州市"",""备注"":""1.须以最高学历所学主修专业报考；2.仅限应届高校毕业生；3.需使用本地方言开展工作，限懂潮汕方言；4.本单位最低服务年限为5年（含试用期）。"",""部门网站"":""https://gdzd.stats.gov.cn/"",""咨询电话1"":""020-83137929"",""咨询电话2"":""020-83137984"",""咨询电话3"":""020-83137941"",""来源Sheet"":""中央国家行政机关参照公务员法管理事业单位""}}"
"government_jobs","国家公务员2026招考简章","公务员/事业单位技术岗位","广东省揭阳市","2026-07-28T09:12:58.310295+00:00","揭阳调查队综合科室一级科员","国家统计局广东调查总队","","广东省揭阳市","公务员/事业单位;2026;computer_software;data_ai;仅限本科;学士;中国语言文学类（0501）、数学类（0701）、统计学类（0712）、计算机类（0809）;市（地）级及以下直属机构综合管理类","用人司局：国家统计局广东调查总队
职位简介：从事一线统计调查、数据处理、统计分析研究、行政管理等工作。
专业要求：中国语言文学类（0501）、数学类（0701）、统计学类（0712）、计算机类（0809）
学历要求：仅限本科
学位要求：学士
政治面貌：不限
基层工作经历：无限制
考试类别：市（地）级及以下直属机构综合管理类
备注：1.须以最高学历所学主修专业报考；2.仅限2026届高校毕业生；3.需使用本地方言开展工作，限懂潮汕方言；4.本单位最低服务年限为5年（含试用期）。","http://bm.scs.gov.cn/kl2026#137119-400110119052","2025-10-14","{""dataset_year"":2026,""job_uid"":""GOV-2026-137119-400110119052"",""publisher"":""国家公务员局"",""publication_page"":""http://bm.scs.gov.cn/kl2026"",""attachment_url"":""local://2026_guokao_zhaokaojianzhang.zip"",""local_source_file"":""中央机关及其直属机构2026年度考试录用公务员招考简章.xls"",""local_source_sha256"":""2670bae1df1dd07a3a3c79b9db46a11e3bb15a6c9c249e6af98bfd0b61ce3aaf"",""source_sheet"":""中央国家行政机关参照公务员法管理事业单位"",""filter_version"":""government_tech_v2"",""tech_filter"":{""is_tech"":true,""is_core_tech"":true,""scope"":""core"",""categories"":[""computer_software"",""data_ai""],""matched_fields"":[""major"",""description""],""major_terms"":[""计算机类""],""role_terms"":[""数据处理""],""reason"":""tech_major_and_role""},""original"":{""部门代码"":""137119"",""部门名称"":""国家统计局广东调查总队"",""用人司局"":""国家统计局广东调查总队"",""机构性质"":""中央国家行政机关参照公务员法管理事业单位"",""招考职位"":""揭阳调查队综合科室一级科员"",""职位属性"":""普通职位"",""职位分布"":""其他职位"",""职位简介"":""从事一线统计调查、数据处理、统计分析研究、行政管理等工作。"",""职位代码"":""400110119052"",""机构层级"":""市（地）级"",""考试类别"":""市（地）级及以下直属机构综合管理类"",""招考人数"":""1"",""专业"":""中国语言文学类（0501）、数学类（0701）、统计学类（0712）、计算机类（0809）"",""学历"":""仅限本科"",""学位"":""学士"",""政治面貌"":""不限"",""基层工作最低年限"":""无限制"",""服务基层项目工作经历"":""无限制"",""是否在面试阶段组织专业能力测试"":""否"",""面试人员比例"":""3:1"",""工作地点"":""广东省揭阳市"",""落户地点"":""广东省揭阳市"",""备注"":""1.须以最高学历所学主修专业报考；2.仅限2026届高校毕业生；3.需使用本地方言开展工作，限懂潮汕方言；4.本单位最低服务年限为5年（含试用期）。"",""部门网站"":""https://gdzd.stats.gov.cn/"",""咨询电话1"":""020-83137929"",""咨询电话2"":""020-83137984"",""咨询电话3"":""020-83137941"",""来源Sheet"":""中央国家行政机关参照公务员法管理事业单位""}}"
"government_jobs","国家公务员2026招考简章","公务员/事业单位技术岗位","广东省汕头市潮阳区","2026-07-28T09:12:58.310295+00:00","潮阳调查队一级科员","国家统计局广东调查总队","","广东省汕头市潮阳区","公务员/事业单位;2026;computer_software;data_ai;仅限本科;学士;统计学类（0712）、数学类（0701）、计算机类（0809）;市（地）级及以下直属机构综合管理类","用人司局：国家统计局广东调查总队
职位简介：从事一线统计调查、数据处理、统计分析研究等工作。
专业要求：统计学类（0712）、数学类（0701）、计算机类（0809）
学历要求：仅限本科
学位要求：学士
政治面貌：不限
基层工作经历：无限制
考试类别：市（地）级及以下直属机构综合管理类
备注：1.须以最高学历所学主修专业报考；2.仅限应届高校毕业生；3.需使用本地方言开展工作，限懂潮汕方言；4.本单位最低服务年限为5年（含试用期）。","http://bm.scs.gov.cn/kl2026#137119-400110119055","2025-10-14","{""dataset_year"":2026,""job_uid"":""GOV-2026-137119-400110119055"",""publisher"":""国家公务员局"",""publication_page"":""http://bm.scs.gov.cn/kl2026"",""attachment_url"":""local://2026_guokao_zhaokaojianzhang.zip"",""local_source_file"":""中央机关及其直属机构2026年度考试录用公务员招考简章.xls"",""local_source_sha256"":""2670bae1df1dd07a3a3c79b9db46a11e3bb15a6c9c249e6af98bfd0b61ce3aaf"",""source_sheet"":""中央国家行政机关参照公务员法管理事业单位"",""filter_version"":""government_tech_v2"",""tech_filter"":{""is_tech"":true,""is_core_tech"":true,""scope"":""core"",""categories"":[""computer_software"",""data_ai""],""matched_fields"":[""major"",""description""],""major_terms"":[""计算机类""],""role_terms"":[""数据处理""],""reason"":""tech_major_and_role""},""original"":{""部门代码"":""137119"",""部门名称"":""国家统计局广东调查总队"",""用人司局"":""国家统计局广东调查总队"",""机构性质"":""中央国家行政机关参照公务员法管理事业单位"",""招考职位"":""潮阳调查队一级科员"",""职位属性"":""普通职位"",""职位分布"":""其他职位"",""职位简介"":""从事一线统计调查、数据处理、统计分析研究等工作。"",""职位代码"":""400110119055"",""机构层级"":""县（区）级及以下"",""考试类别"":""市（地）级及以下直属机构综合管理类"",""招考人数"":""1"",""专业"":""统计学类（0712）、数学类（0701）、计算机类（0809）"",""学历"":""仅限本科"",""学位"":""学士"",""政治面貌"":""不限"",""基层工作最低年限"":""无限制"",""服务基层项目工作经历"":""无限制"",""是否在面试阶段组织专业能力测试"":""否"",""面试人员比例"":""3:1"",""工作地点"":""广东省汕头市潮阳区"",""落户地点"":""广东省汕头市潮阳区"",""备注"":""1.须以最高学历所学主修专业报考；2.仅限应届高校毕业生；3.需使用本地方言开展工作，限懂潮汕方言；4.本单位最低服务年限为5年（含试用期）。"",""部门网站"":""https://gdzd.stats.gov.cn/"",""咨询电话1"":""020-83137929"",""咨询电话2"":""020-83137984"",""咨询电话3"":""020-83137941"",""来源Sheet"":""中央国家行政机关参照公务员法管理事业单位""}}"
"government_jobs","国家公务员2026招考简章","公务员/事业单位技术岗位","广东省佛山市顺德区","2026-07-28T09:12:58.310295+00:00","顺德调查队一级科员","国家统计局广东调查总队","","广东省佛山市顺德区","公务员/事业单位;2026;computer_software;data_ai;仅限本科;学士;经济学类（0201）、统计学类（0712）、计算机类（0809）;市（地）级及以下直属机构综合管理类","用人司局：国家统计局广东调查总队
职位简介：从事一线统计调查、数据处理、统计分析研究等工作。
专业要求：经济学类（0201）、统计学类（0712）、计算机类（0809）
学历要求：仅限本科
学位要求：学士
政治面貌：不限
基层工作经历：无限制
考试类别：市（地）级及以下直属机构综合管理类
备注：1.须以最高学历所学主修专业报考；2.仅限应届高校毕业生；3.本单位最低服务年限为5年（含试用期）。","http://bm.scs.gov.cn/kl2026#137119-400110119056","2025-10-14","{""dataset_year"":2026,""job_uid"":""GOV-2026-137119-400110119056"",""publisher"":""国家公务员局"",""publication_page"":""http://bm.scs.gov.cn/kl2026"",""attachment_url"":""local://2026_guokao_zhaokaojianzhang.zip"",""local_source_file"":""中央机关及其直属机构2026年度考试录用公务员招考简章.xls"",""local_source_sha256"":""2670bae1df1dd07a3a3c79b9db46a11e3bb15a6c9c249e6af98bfd0b61ce3aaf"",""source_sheet"":""中央国家行政机关参照公务员法管理事业单位"",""filter_version"":""government_tech_v2"",""tech_filter"":{""is_tech"":true,""is_core_tech"":true,""scope"":""core"",""categories"":[""computer_software"",""data_ai""],""matched_fields"":[""major"",""description""],""major_terms"":[""计算机类""],""role_terms"":[""数据处理""],""reason"":""tech_major_and_role""},""original"":{""部门代码"":""137119"",""部门名称"":""国家统计局广东调查总队"",""用人司局"":""国家统计局广东调查总队"",""机构性质"":""中央国家行政机关参照公务员法管理事业单位"",""招考职位"":""顺德调查队一级科员"",""职位属性"":""普通职位"",""职位分布"":""其他职位"",""职位简介"":""从事一线统计调查、数据处理、统计分析研究等工作。"",""职位代码"":""400110119056"",""机构层级"":""县（区）级及以下"",""考试类别"":""市（地）级及以下直属机构综合管理类"",""招考人数"":""1"",""专业"":""经济学类（0201）、统计学类（0712）、计算机类（0809）"",""学历"":""仅限本科"",""学位"":""学士"",""政治面貌"":""不限"",""基层工作最低年限"":""无限制"",""服务基层项目工作经历"":""无限制"",""是否在面试阶段组织专业能力测试"":""否"",""面试人员比例"":""3:1"",""工作地点"":""广东省佛山市顺德区"",""落户地点"":""广东省佛山市顺德区"",""备注"":""1.须以最高学历所学主修专业报考；2.仅限应届高校毕业生；3.本单位最低服务年限为5年（含试用期）。"",""部门网站"":""https://gdzd.stats.gov.cn/"",""咨询电话1"":""020-83137929"",""咨询电话2"":""020-83137984"",""咨询电话3"":""020-83137941"",""来源Sheet"":""中央国家行政机关参照公务员法管理事业单位""}}"
"government_jobs","国家公务员2026招考简章","公务员/事业单位技术岗位","广东省湛江市雷州市","2026-07-28T09:12:58.310295+00:00","雷州调查队一级科员","国家统计局广东调查总队","","广东省湛江市雷州市","公务员/事业单位;2026;computer_software;data_ai;仅限本科;学士;经济学类（0201）、数学类（0701）、统计学类（0712）、计算机类（0809）;市（地）级及以下直属机构综合管理类","用人司局：国家统计局广东调查总队
职位简介：从事一线统计调查、数据处理、统计分析研究、综合法规文字等工作。
专业要求：经济学类（0201）、数学类（0701）、统计学类（0712）、计算机类（0809）
学历要求：仅限本科
学位要求：学士
政治面貌：不限
基层工作经历：无限制
考试类别：市（地）级及以下直属机构综合管理类
备注：1.须以最高学历所学主修专业报考；2.仅限应届高校毕业生；3.本单位最低服务年限为5年（含试用期）。","http://bm.scs.gov.cn/kl2026#137119-400110119069","2025-10-14","{""dataset_year"":2026,""job_uid"":""GOV-2026-137119-400110119069"",""publisher"":""国家公务员局"",""publication_page"":""http://bm.scs.gov.cn/kl2026"",""attachment_url"":""local://2026_guokao_zhaokaojianzhang.zip"",""local_source_file"":""中央机关及其直属机构2026年度考试录用公务员招考简章.xls"",""local_source_sha256"":""2670bae1df1dd07a3a3c79b9db46a11e3bb15a6c9c249e6af98bfd0b61ce3aaf"",""source_sheet"":""中央国家行政机关参照公务员法管理事业单位"",""filter_version"":""government_tech_v2"",""tech_filter"":{""is_tech"":true,""is_core_tech"":true,""scope"":""core"",""categories"":[""computer_software"",""data_ai""],""matched_fields"":[""major"",""description""],""major_terms"":[""计算机类""],""role_terms"":[""数据处理""],""reason"":""tech_major_and_role""},""original"":{""部门代码"":""137119"",""部门名称"":""国家统计局广东调查总队"",""用人司局"":""国家统计局广东调查总队"",""机构性质"":""中央国家行政机关参照公务员法管理事业单位"",""招考职位"":""雷州调查队一级科员"",""职位属性"":""普通职位"",""职位分布"":""其他职位"",""职位简介"":""从事一线统计调查、数据处理、统计分析研究、综合法规文字等工作。"",""职位代码"":""400110119069"",""机构层级"":""县（区）级及以下"",""考试类别"":""市（地）级及以下直属机构综合管理类"",""招考人数"":""1"",""专业"":""经济学类（0201）、数学类（0701）、统计学类（0712）、计算机类（0809）"",""学历"":""仅限本科"",""学位"":""学士"",""政治面貌"":""不限"",""基层工作最低年限"":""无限制"",""服务基层项目工作经历"":""无限制"",""是否在面试阶段组织专业能力测试"":""否"",""面试人员比例"":""3:1"",""工作地点"":""广东省湛江市雷州市"",""落户地点"":""广东省湛江市雷州市"",""备注"":""1.须以最高学历所学主修专业报考；2.仅限应届高校毕业生；3.本单位最低服务年限为5年（含试用期）。"",""部门网站"":""https://gdzd.stats.gov.cn/"",""咨询电话1"":""020-83137929"",""咨询电话2"":""020-83137984"",""咨询电话3"":""020-83137941"",""来源Sheet"":""中央国家行政机关参照公务员法管理事业单位""}}"
"government_jobs","国家公务员2026招考简章","公务员/事业单位技术岗位","广东省揭阳市惠来县","2026-07-28T09:12:58.310295+00:00","惠来调查队一级科员","国家统计局广东调查总队","","广东省揭阳市惠来县","公务员/事业单位;2026;computer_software;data_ai;仅限本科;学士;计算机类（0809）、工商管理类（1202）;市（地）级及以下直属机构综合管理类","用人司局：国家统计局广东调查总队
职位简介：从事一线统计调查、数据处理、统计分析研究、综合法规文字等工作。
专业要求：计算机类（0809）、工商管理类（1202）
学历要求：仅限本科
学位要求：学士
政治面貌：不限
基层工作经历：无限制
考试类别：市（地）级及以下直属机构综合管理类
备注：1.须以最高学历所学主修专业报考；2.仅限应届高校毕业生；3.需使用本地方言开展工作，限懂潮汕方言；4.本单位最低服务年限为5年（含试用期）。","http://bm.scs.gov.cn/kl2026#137119-400110119070","2025-10-14","{""dataset_year"":2026,""job_uid"":""GOV-2026-137119-400110119070"",""publisher"":""国家公务员局"",""publication_page"":""http://bm.scs.gov.cn/kl2026"",""attachment_url"":""local://2026_guokao_zhaokaojianzhang.zip"",""local_source_file"":""中央机关及其直属机构2026年度考试录用公务员招考简章.xls"",""local_source_sha256"":""2670bae1df1dd07a3a3c79b9db46a11e3bb15a6c9c249e6af98bfd0b61ce3aaf"",""source_sheet"":""中央国家行政机关参照公务员法管理事业单位"",""filter_version"":""government_tech_v2"",""tech_filter"":{""is_tech"":true,""is_core_tech"":true,""scope"":""core"",""categories"":[""computer_software"",""data_ai""],""matched_fields"":[""major"",""description""],""major_terms"":[""计算机类""],""role_terms"":[""数据处理""],""reason"":""tech_major_and_role""},""original"":{""部门代码"":""137119"",""部门名称"":""国家统计局广东调查总队"",""用人司局"":""国家统计局广东调查总队"",""机构性质"":""中央国家行政机关参照公务员法管理事业单位"",""招考职位"":""惠来调查队一级科员"",""职位属性"":""普通职位"",""职位分布"":""其他职位"",""职位简介"":""从事一线统计调查、数据处理、统计分析研究、综合法规文字等工作。"",""职位代码"":""400110119070"",""机构层级"":""县（区）级及以下"",""考试类别"":""市（地）级及以下直属机构综合管理类"",""招考人数"":""1"",""专业"":""计算机类（0809）、工商管理类（1202）"",""学历"":""仅限本科"",""学位"":""学士"",""政治面貌"":""不限"",""基层工作最低年限"":""无限制"",""服务基层项目工作经历"":""无限制"",""是否在面试阶段组织专业能力测试"":""否"",""面试人员比例"":""3:1"",""工作地点"":""广东省揭阳市惠来县"",""落户地点"":""广东省揭阳市惠来县"",""备注"":""1.须以最高学历所学主修专业报考；2.仅限应届高校毕业生；3.需使用本地方言开展工作，限懂潮汕方言；4.本单位最低服务年限为5年（含试用期）。"",""部门网站"":""https://gdzd.stats.gov.cn/"",""咨询电话1"":""020-83137929"",""咨询电话2"":""020-83137984"",""咨询电话3"":""020-83137941"",""来源Sheet"":""中央国家行政机关参照公务员法管理事业单位""}}"
"government_jobs","国家公务员2026招考简章","公务员/事业单位技术岗位","广东省揭阳市普宁市","2026-07-28T09:12:58.310295+00:00","普宁调查队一级科员","国家统计局广东调查总队","","广东省揭阳市普宁市","公务员/事业单位;2026;computer_software;data_ai;仅限本科;学士;经济学类（0201）、统计学类（0712）、计算机类（0809）;市（地）级及以下直属机构综合管理类","用人司局：国家统计局广东调查总队
职位简介：从事一线统计调查、数据处理、统计分析研究等工作。
专业要求：经济学类（0201）、统计学类（0712）、计算机类（0809）
学历要求：仅限本科
学位要求：学士
政治面貌：不限
基层工作经历：无限制
考试类别：市（地）级及以下直属机构综合管理类
备注：1.须以最高学历所学主修专业报考；2.仅限应届高校毕业生；3.需使用本地方言开展工作，限懂潮汕方言；4.本单位最低服务年限为5年（含试用期）。","http://bm.scs.gov.cn/kl2026#137119-400110119071","2025-10-14","{""dataset_year"":2026,""job_uid"":""GOV-2026-137119-400110119071"",""publisher"":""国家公务员局"",""publication_page"":""http://bm.scs.gov.cn/kl2026"",""attachment_url"":""local://2026_guokao_zhaokaojianzhang.zip"",""local_source_file"":""中央机关及其直属机构2026年度考试录用公务员招考简章.xls"",""local_source_sha256"":""2670bae1df1dd07a3a3c79b9db46a11e3bb15a6c9c249e6af98bfd0b61ce3aaf"",""source_sheet"":""中央国家行政机关参照公务员法管理事业单位"",""filter_version"":""government_tech_v2"",""tech_filter"":{""is_tech"":true,""is_core_tech"":true,""scope"":""core"",""categories"":[""computer_software"",""data_ai""],""matched_fields"":[""major"",""description""],""major_terms"":[""计算机类""],""role_terms"":[""数据处理""],""reason"":""tech_major_and_role""},""original"":{""部门代码"":""137119"",""部门名称"":""国家统计局广东调查总队"",""用人司局"":""国家统计局广东调查总队"",""机构性质"":""中央国家行政机关参照公务员法管理事业单位"",""招考职位"":""普宁调查队一级科员"",""职位属性"":""普通职位"",""职位分布"":""其他职位"",""职位简介"":""从事一线统计调查、数据处理、统计分析研究等工作。"",""职位代码"":""400110119071"",""机构层级"":""县（区）级及以下"",""考试类别"":""市（地）级及以下直属机构综合管理类"",""招考人数"":""1"",""专业"":""经济学类（0201）、统计学类（0712）、计算机类（0809）"",""学历"":""仅限本科"",""学位"":""学士"",""政治面貌"":""不限"",""基层工作最低年限"":""无限制"",""服务基层项目工作经历"":""无限制"",""是否在面试阶段组织专业能力测试"":""否"",""面试人员比例"":""3:1"",""工作地点"":""广东省揭阳市普宁市"",""落户地点"":""广东省揭阳市普宁市"",""备注"":""1.须以最高学历所学主修专业报考；2.仅限应届高校毕业生；3.需使用本地方言开展工作，限懂潮汕方言；4.本单位最低服务年限为5年（含试用期）。"",""部门网站"":""https://gdzd.stats.gov.cn/"",""咨询电话1"":""020-83137929"",""咨询电话2"":""020-83137984"",""咨询电话3"":""020-83137941"",""来源Sheet"":""中央国家行政机关参照公务员法管理事业单位""}}"
"government_jobs","国家公务员2026招考简章","公务员/事业单位技术岗位","广西壮族自治区南宁市横州市","2026-07-28T09:12:58.310295+00:00","横州调查队一级科员","国家统计局广西调查总队","","广西壮族自治区南宁市横州市","公务员/事业单位;2026;computer_software;data_ai;仅限本科;学士;02经济学类、0701数学类、0712统计学类、0809计算机类、1203农业经济管理类;市（地）级及以下直属机构综合管理类","用人司局：国家统计局广西调查总队
职位简介：从事一线入户调查、数据处理、统计分析、统计研究等工作。
专业要求：02经济学类、0701数学类、0712统计学类、0809计算机类、1203农业经济管理类
学历要求：仅限本科
学位要求：学士
政治面貌：不限
基层工作经历：无限制
考试类别：市（地）级及以下直属机构综合管理类
备注：1.仅限2026届高校毕业生；2.仅限广西户籍人员或生源；3.职位要求专业为报考者最高学历对应专业（须为主修专业），考生报名时需写明专业代码；4.本单位最低服务年限为5年（含试用期）。","http://bm.scs.gov.cn/kl2026#137120-400110120004","2025-10-14","{""dataset_year"":2026,""job_uid"":""GOV-2026-137120-400110120004"",""publisher"":""国家公务员局"",""publication_page"":""http://bm.scs.gov.cn/kl2026"",""attachment_url"":""local://2026_guokao_zhaokaojianzhang.zip"",""local_source_file"":""中央机关及其直属机构2026年度考试录用公务员招考简章.xls"",""local_source_sha256"":""2670bae1df1dd07a3a3c79b9db46a11e3bb15a6c9c249e6af98bfd0b61ce3aaf"",""source_sheet"":""中央国家行政机关参照公务员法管理事业单位"",""filter_version"":""government_tech_v2"",""tech_filter"":{""is_tech"":true,""is_core_tech"":true,""scope"":""core"",""categories"":[""computer_software"",""data_ai""],""matched_fields"":[""major"",""description""],""major_terms"":[""计算机类""],""role_terms"":[""数据处理""],""reason"":""tech_major_and_role""},""original"":{""部门代码"":""137120"",""部门名称"":""国家统计局广西调查总队"",""用人司局"":""国家统计局广西调查总队"",""机构性质"":""中央国家行政机关参照公务员法管理事业单位"",""招考职位"":""横州调查队一级科员"",""职位属性"":""普通职位"",""职位分布"":""西部地区和艰苦边远地区职位"",""职位简介"":""从事一线入户调查、数据处理、统计分析、统计研究等工作。"",""职位代码"":""400110120004"",""机构层级"":""县（区）级及以下"",""考试类别"":""市（地）级及以下直属机构综合管理类"",""招考人数"":""1"",""专业"":""02经济学类、0701数学类、0712统计学类、0809计算机类、1203农业经济管理类"",""学历"":""仅限本科"",""学位"":""学士"",""政治面貌"":""不限"",""基层工作最低年限"":""无限制"",""服务基层项目工作经历"":""无限制"",""是否在面试阶段组织专业能力测试"":""否"",""面试人员比例"":""3:1"",""工作地点"":""广西壮族自治区南宁市横州市"",""落户地点"":""广西壮族自治区南宁市横州市"",""备注"":""1.仅限2026届高校毕业生；2.仅限广西户籍人员或生源；3.职位要求专业为报考者最高学历对应专业（须为主修专业），考生报名时需写明专业代码；4.本单位最低服务年限为5年（含试用期）。"",""部门网站"":""无"",""咨询电话1"":""0771-5883827"",""咨询电话2"":""0771-5854895"",""咨询电话3"":"""",""来源Sheet"":""中央国家行政机关参照公务员法管理事业单位""}}"
"government_jobs","国家公务员2026招考简章","公务员/事业单位技术岗位","广西壮族自治区玉林市博白县","2026-07-28T09:12:58.310295+00:00","博白调查队一级科员","国家统计局广西调查总队","","广西壮族自治区玉林市博白县","公务员/事业单位;2026;computer_software;data_ai;仅限本科;学士;02经济学类、0701数学类、0712统计学类、0809计算机类、1203农业经济管理类;市（地）级及以下直属机构综合管理类","用人司局：国家统计局广西调查总队
职位简介：从事一线入户调查、数据处理、统计分析、统计研究等工作。
专业要求：02经济学类、0701数学类、0712统计学类、0809计算机类、1203农业经济管理类
学历要求：仅限本科
学位要求：学士
政治面貌：不限
基层工作经历：无限制
考试类别：市（地）级及以下直属机构综合管理类
备注：1.仅限2026届高校毕业生；2.仅限广西户籍人员或生源；3.职位要求专业为报考者最高学历对应专业（须为主修专业），考生报名时需写明专业代码；4.本单位最低服务年限为5年（含试用期）。","http://bm.scs.gov.cn/kl2026#137120-400110120006","2025-10-14","{""dataset_year"":2026,""job_uid"":""GOV-2026-137120-400110120006"",""publisher"":""国家公务员局"",""publication_page"":""http://bm.scs.gov.cn/kl2026"",""attachment_url"":""local://2026_guokao_zhaokaojianzhang.zip"",""local_source_file"":""中央机关及其直属机构2026年度考试录用公务员招考简章.xls"",""local_source_sha256"":""2670bae1df1dd07a3a3c79b9db46a11e3bb15a6c9c249e6af98bfd0b61ce3aaf"",""source_sheet"":""中央国家行政机关参照公务员法管理事业单位"",""filter_version"":""government_tech_v2"",""tech_filter"":{""is_tech"":true,""is_core_tech"":true,""scope"":""core"",""categories"":[""computer_software"",""data_ai""],""matched_fields"":[""major"",""description""],""major_terms"":[""计算机类""],""role_terms"":[""数据处理""],""reason"":""tech_major_and_role""},""original"":{""部门代码"":""137120"",""部门名称"":""国家统计局广西调查总队"",""用人司局"":""国家统计局广西调查总队"",""机构性质"":""中央国家行政机关参照公务员法管理事业单位"",""招考职位"":""博白调查队一级科员"",""职位属性"":""普通职位"",""职位分布"":""西部地区和艰苦边远地区职位"",""职位简介"":""从事一线入户调查、数据处理、统计分析、统计研究等工作。"",""职位代码"":""400110120006"",""机构层级"":""县（区）级及以下"",""考试类别"":""市（地）级及以下直属机构综合管理类"",""招考人数"":""1"",""专业"":""02经济学类、0701数学类、0712统计学类、0809计算机类、1203农业经济管理类"",""学历"":""仅限本科"",""学位"":""学士"",""政治面貌"":""不限"",""基层工作最低年限"":""无限制"",""服务基层项目工作经历"":""无限制"",""是否在面试阶段组织专业能力测试"":""否"",""面试人员比例"":""3:1"",""工作地点"":""广西壮族自治区玉林市博白县"",""落户地点"":""广西壮族自治区玉林市博白县"",""备注"":""1.仅限2026届高校毕业生；2.仅限广西户籍人员或生源；3.职位要求专业为报考者最高学历对应专业（须为主修专业），考生报名时需写明专业代码；4.本单位最低服务年限为5年（含试用期）。"",""部门网站"":""无"",""咨询电话1"":""0771-5883827"",""咨询电话2"":""0771-5854895"",""咨询电话3"":"""",""来源Sheet"":""中央国家行政机关参照公务员法管理事业单位""}}"
"government_jobs","国家公务员2026招考简章","公务员/事业单位技术岗位","广西壮族自治区百色市田林县","2026-07-28T09:12:58.310295+00:00","田林调查队一级科员","国家统计局广西调查总队","","广西壮族自治区百色市田林县","公务员/事业单位;2026;computer_software;data_ai;仅限本科;学士;02经济学类、0701数学类、0712统计学类、0809计算机类、1203农业经济管理类;市（地）级及以下直属机构综合管理类","用人司局：国家统计局广西调查总队
职位简介：从事一线入户调查、数据处理、统计分析、统计研究等工作。
专业要求：02经济学类、0701数学类、0712统计学类、0809计算机类、1203农业经济管理类
学历要求：仅限本科
学位要求：学士
政治面貌：不限
基层工作经历：无限制
考试类别：市（地）级及以下直属机构综合管理类
备注：1.仅限2026届高校毕业生；2.职位要求专业为报考者最高学历对应专业（须为主修专业），考生报名时需写明专业代码；3.本单位最低服务年限为5年（含试用期）。","http://bm.scs.gov.cn/kl2026#137120-400110120007","2025-10-14","{""dataset_year"":2026,""job_uid"":""GOV-2026-137120-400110120007"",""publisher"":""国家公务员局"",""publication_page"":""http://bm.scs.gov.cn/kl2026"",""attachment_url"":""local://2026_guokao_zhaokaojianzhang.zip"",""local_source_file"":""中央机关及其直属机构2026年度考试录用公务员招考简章.xls"",""local_source_sha256"":""2670bae1df1dd07a3a3c79b9db46a11e3bb15a6c9c249e6af98bfd0b61ce3aaf"",""source_sheet"":""中央国家行政机关参照公务员法管理事业单位"",""filter_version"":""government_tech_v2"",""tech_filter"":{""is_tech"":true,""is_core_tech"":true,""scope"":""core"",""categories"":[""computer_software"",""data_ai""],""matched_fields"":[""major"",""description""],""major_terms"":[""计算机类""],""role_terms"":[""数据处理""],""reason"":""tech_major_and_role""},""original"":{""部门代码"":""137120"",""部门名称"":""国家统计局广西调查总队"",""用人司局"":""国家统计局广西调查总队"",""机构性质"":""中央国家行政机关参照公务员法管理事业单位"",""招考职位"":""田林调查队一级科员"",""职位属性"":""普通职位"",""职位分布"":""西部地区和艰苦边远地区职位"",""职位简介"":""从事一线入户调查、数据处理、统计分析、统计研究等工作。"",""职位代码"":""400110120007"",""机构层级"":""县（区）级及以下"",""考试类别"":""市（地）级及以下直属机构综合管理类"",""招考人数"":""1"",""专业"":""02经济学类、0701数学类、0712统计学类、0809计算机类、1203农业经济管理类"",""学历"":""仅限本科"",""学位"":""学士"",""政治面貌"":""不限"",""基层工作最低年限"":""无限制"",""服务基层项目工作经历"":""无限制"",""是否在面试阶段组织专业能力测试"":""否"",""面试人员比例"":""3:1"",""工作地点"":""广西壮族自治区百色市田林县"",""落户地点"":""广西壮族自治区百色市田林县"",""备注"":""1.仅限2026届高校毕业生；2.职位要求专业为报考者最高学历对应专业（须为主修专业），考生报名时需写明专业代码；3.本单位最低服务年限为5年（含试用期）。"",""部门网站"":""无"",""咨询电话1"":""0771-5883827"",""咨询电话2"":""0771-5854895"",""咨询电话3"":"""",""来源Sheet"":""中央国家行政机关参照公务员法管理事业单位""}}"
"government_jobs","国家公务员2026招考简章","公务员/事业单位技术岗位","广西壮族自治区河池市宜州区","2026-07-28T09:12:58.310295+00:00","宜州调查队一级科员","国家统计局广西调查总队","","广西壮族自治区河池市宜州区","公务员/事业单位;2026;computer_software;data_ai;仅限本科;学士;02经济学类、0712统计学类、0809计算机类;市（地）级及以下直属机构综合管理类","用人司局：国家统计局广西调查总队
职位简介：从事一线入户调查、数据处理、统计分析、统计研究等工作。
专业要求：02经济学类、0712统计学类、0809计算机类
学历要求：仅限本科
学位要求：学士
政治面貌：不限
基层工作经历：无限制
考试类别：市（地）级及以下直属机构综合管理类
备注：1.仅限2026届高校毕业生；2.职位要求专业为报考者最高学历对应专业（须为主修专业），考生报名时需写明专业代码；3.本单位最低服务年限为5年（含试用期）。","http://bm.scs.gov.cn/kl2026#137120-400110120008","2025-10-14","{""dataset_year"":2026,""job_uid"":""GOV-2026-137120-400110120008"",""publisher"":""国家公务员局"",""publication_page"":""http://bm.scs.gov.cn/kl2026"",""attachment_url"":""local://2026_guokao_zhaokaojianzhang.zip"",""local_source_file"":""中央机关及其直属机构2026年度考试录用公务员招考简章.xls"",""local_source_sha256"":""2670bae1df1dd07a3a3c79b9db46a11e3bb15a6c9c249e6af98bfd0b61ce3aaf"",""source_sheet"":""中央国家行政机关参照公务员法管理事业单位"",""filter_version"":""government_tech_v2"",""tech_filter"":{""is_tech"":true,""is_core_tech"":true,""scope"":""core"",""categories"":[""computer_software"",""data_ai""],""matched_fields"":[""major"",""description""],""major_terms"":[""计算机类""],""role_terms"":[""数据处理""],""reason"":""tech_major_and_role""},""original"":{""部门代码"":""137120"",""部门名称"":""国家统计局广西调查总队"",""用人司局"":""国家统计局广西调查总队"",""机构性质"":""中央国家行政机关参照公务员法管理事业单位"",""招考职位"":""宜州调查队一级科员"",""职位属性"":""普通职位"",""职位分布"":""西部地区和艰苦边远地区职位"",""职位简介"":""从事一线入户调查、数据处理、统计分析、统计研究等工作。"",""职位代码"":""400110120008"",""机构层级"":""县（区）级及以下"",""考试类别"":""市（地）级及以下直属机构综合管理类"",""招考人数"":""1"",""专业"":""02经济学类、0712统计学类、0809计算机类"",""学历"":""仅限本科"",""学位"":""学士"",""政治面貌"":""不限"",""基层工作最低年限"":""无限制"",""服务基层项目工作经历"":""无限制"",""是否在面试阶段组织专业能力测试"":""否"",""面试人员比例"":""3:1"",""工作地点"":""广西壮族自治区河池市宜州区"",""落户地点"":""广西壮族自治区河池市宜州区"",""备注"":""1.仅限2026届高校毕业生；2.职位要求专业为报考者最高学历对应专业（须为主修专业），考生报名时需写明专业代码；3.本单位最低服务年限为5年（含试用期）。"",""部门网站"":""无"",""咨询电话1"":""0771-5883827"",""咨询电话2"":""0771-5854895"",""咨询电话3"":"""",""来源Sheet"":""中央国家行政机关参照公务员法管理事业单位""}}"
"government_jobs","国家公务员2026招考简章","公务员/事业单位技术岗位","广西壮族自治区来宾市忻城县","2026-07-28T09:12:58.310295+00:00","忻城调查队一级科员","国家统计局广西调查总队","","广西壮族自治区来宾市忻城县","公务员/事业单位;2026;computer_software;data_ai;仅限本科;学士;02经济学类、0701数学类、0712统计学类、0809计算机类、1203农业经济管理类;市（地）级及以下直属机构综合管理类","用人司局：国家统计局广西调查总队
职位简介：从事一线入户调查、数据处理、统计分析、统计研究等工作。
专业要求：02经济学类、0701数学类、0712统计学类、0809计算机类、1203农业经济管理类
学历要求：仅限本科
学位要求：学士
政治面貌：不限
基层工作经历：二年
考试类别：市（地）级及以下直属机构综合管理类
备注：1.职位要求专业为报考者最高学历对应专业（须为主修专业），考生报名时需写明专业代码；2.本单位最低服务年限为5年（含试用期）。","http://bm.scs.gov.cn/kl2026#137120-400110120009","2025-10-14","{""dataset_year"":2026,""job_uid"":""GOV-2026-137120-400110120009"",""publisher"":""国家公务员局"",""publication_page"":""http://bm.scs.gov.cn/kl2026"",""attachment_url"":""local://2026_guokao_zhaokaojianzhang.zip"",""local_source_file"":""中央机关及其直属机构2026年度考试录用公务员招考简章.xls"",""local_source_sha256"":""2670bae1df1dd07a3a3c79b9db46a11e3bb15a6c9c249e6af98bfd0b61ce3aaf"",""source_sheet"":""中央国家行政机关参照公务员法管理事业单位"",""filter_version"":""government_tech_v2"",""tech_filter"":{""is_tech"":true,""is_core_tech"":true,""scope"":""core"",""categories"":[""computer_software"",""data_ai""],""matched_fields"":[""major"",""description""],""major_terms"":[""计算机类""],""role_terms"":[""数据处理""],""reason"":""tech_major_and_role""},""original"":{""部门代码"":""137120"",""部门名称"":""国家统计局广西调查总队"",""用人司局"":""国家统计局广西调查总队"",""机构性质"":""中央国家行政机关参照公务员法管理事业单位"",""招考职位"":""忻城调查队一级科员"",""职位属性"":""普通职位"",""职位分布"":""西部地区和艰苦边远地区职位"",""职位简介"":""从事一线入户调查、数据处理、统计分析、统计研究等工作。"",""职位代码"":""400110120009"",""机构层级"":""县（区）级及以下"",""考试类别"":""市（地）级及以下直属机构综合管理类"",""招考人数"":""1"",""专业"":""02经济学类、0701数学类、0712统计学类、0809计算机类、1203农业经济管理类"",""学历"":""仅限本科"",""学位"":""学士"",""政治面貌"":""不限"",""基层工作最低年限"":""二年"",""服务基层项目工作经历"":""无限制"",""是否在面试阶段组织专业能力测试"":""否"",""面试人员比例"":""3:1"",""工作地点"":""广西壮族自治区来宾市忻城县"",""落户地点"":""广西壮族自治区来宾市忻城县"",""备注"":""1.职位要求专业为报考者最高学历对应专业（须为主修专业），考生报名时需写明专业代码；2.本单位最低服务年限为5年（含试用期）。"",""部门网站"":""无"",""咨询电话1"":""0771-5883827"",""咨询电话2"":""0771-5854895"",""咨询电话3"":"""",""来源Sheet"":""中央国家行政机关参照公务员法管理事业单位""}}"
"government_jobs","国家公务员2026招考简章","公务员/事业单位技术岗位","广西壮族自治区来宾市象州县","2026-07-28T09:12:58.310295+00:00","象州调查队一级科员","国家统计局广西调查总队","","广西壮族自治区来宾市象州县","公务员/事业单位;2026;computer_software;data_ai;仅限本科;学士;02经济学类、0701数学类、0712统计学类、0809计算机类、1203农业经济管理类;市（地）级及以下直属机构综合管理类","用人司局：国家统计局广西调查总队
职位简介：从事一线入户调查、数据处理、统计分析、统计研究等工作。
专业要求：02经济学类、0701数学类、0712统计学类、0809计算机类、1203农业经济管理类
学历要求：仅限本科
学位要求：学士
政治面貌：中共党员
基层工作经历：无限制
考试类别：市（地）级及以下直属机构综合管理类
备注：1.仅限2026届高校毕业生；2.仅限广西户籍人员或生源；3.职位要求专业为报考者最高学历对应专业（须为主修专业），考生报名时需写明专业代码；4.本单位最低服务年限为5年（含试用期）。","http://bm.scs.gov.cn/kl2026#137120-400110120010","2025-10-14","{""dataset_year"":2026,""job_uid"":""GOV-2026-137120-400110120010"",""publisher"":""国家公务员局"",""publication_page"":""http://bm.scs.gov.cn/kl2026"",""attachment_url"":""local://2026_guokao_zhaokaojianzhang.zip"",""local_source_file"":""中央机关及其直属机构2026年度考试录用公务员招考简章.xls"",""local_source_sha256"":""2670bae1df1dd07a3a3c79b9db46a11e3bb15a6c9c249e6af98bfd0b61ce3aaf"",""source_sheet"":""中央国家行政机关参照公务员法管理事业单位"",""filter_version"":""government_tech_v2"",""tech_filter"":{""is_tech"":true,""is_core_tech"":true,""scope"":""core"",""categories"":[""computer_software"",""data_ai""],""matched_fields"":[""major"",""description""],""major_terms"":[""计算机类""],""role_terms"":[""数据处理""],""reason"":""tech_major_and_role""},""original"":{""部门代码"":""137120"",""部门名称"":""国家统计局广西调查总队"",""用人司局"":""国家统计局广西调查总队"",""机构性质"":""中央国家行政机关参照公务员法管理事业单位"",""招考职位"":""象州调查队一级科员"",""职位属性"":""普通职位"",""职位分布"":""西部地区和艰苦边远地区职位"",""职位简介"":""从事一线入户调查、数据处理、统计分析、统计研究等工作。"",""职位代码"":""400110120010"",""机构层级"":""县（区）级及以下"",""考试类别"":""市（地）级及以下直属机构综合管理类"",""招考人数"":""1"",""专业"":""02经济学类、0701数学类、0712统计学类、0809计算机类、1203农业经济管理类"",""学历"":""仅限本科"",""学位"":""学士"",""政治面貌"":""中共党员"",""基层工作最低年限"":""无限制"",""服务基层项目工作经历"":""无限制"",""是否在面试阶段组织专业能力测试"":""否"",""面试人员比例"":""3:1"",""工作地点"":""广西壮族自治区来宾市象州县"",""落户地点"":""广西壮族自治区来宾市象州县"",""备注"":""1.仅限2026届高校毕业生；2.仅限广西户籍人员或生源；3.职位要求专业为报考者最高学历对应专业（须为主修专业），考生报名时需写明专业代码；4.本单位最低服务年限为5年（含试用期）。"",""部门网站"":""无"",""咨询电话1"":""0771-5883827"",""咨询电话2"":""0771-5854895"",""咨询电话3"":"""",""来源Sheet"":""中央国家行政机关参照公务员法管理事业单位""}}"
"government_jobs","国家公务员2026招考简章","公务员/事业单位技术岗位","海南省澄迈县","2026-07-28T09:12:58.310295+00:00","澄迈调查队一级科员","国家统计局海南调查总队","","海南省澄迈县","公务员/事业单位;2026;computer_software;data_ai;仅限本科;学士;0712统计学类、0701数学类、0201经济学类、0809计算机类;市（地）级及以下直属机构综合管理类","用人司局：国家统计局海南调查总队
职位简介：从事一线入户调查、数据处理、分析研究等工作。
专业要求：0712统计学类、0701数学类、0201经济学类、0809计算机类
学历要求：仅限本科
学位要求：学士
政治面貌：不限
基层工作经历：无限制
考试类别：市（地）级及以下直属机构综合管理类
备注：限招2026届高校毕业生；本职位所列专业均要求主修专业；本职位为基层调查队岗位，需要到企业、住户、田间等开展直接调查，条件艰苦；本单位最低服务年限为5年（含试用期）","http://bm.scs.gov.cn/kl2026#137121-400110121001","2025-10-14","{""dataset_year"":2026,""job_uid"":""GOV-2026-137121-400110121001"",""publisher"":""国家公务员局"",""publication_page"":""http://bm.scs.gov.cn/kl2026"",""attachment_url"":""local://2026_guokao_zhaokaojianzhang.zip"",""local_source_file"":""中央机关及其直属机构2026年度考试录用公务员招考简章.xls"",""local_source_sha256"":""2670bae1df1dd07a3a3c79b9db46a11e3bb15a6c9c249e6af98bfd0b61ce3aaf"",""source_sheet"":""中央国家行政机关参照公务员法管理事业单位"",""filter_version"":""government_tech_v2"",""tech_filter"":{""is_tech"":true,""is_core_tech"":true,""scope"":""core"",""categories"":[""computer_software"",""data_ai""],""matched_fields"":[""major"",""description""],""major_terms"":[""计算机类""],""role_terms"":[""数据处理""],""reason"":""tech_major_and_role""},""original"":{""部门代码"":""137121"",""部门名称"":""国家统计局海南调查总队"",""用人司局"":""国家统计局海南调查总队"",""机构性质"":""中央国家行政机关参照公务员法管理事业单位"",""招考职位"":""澄迈调查队一级科员"",""职位属性"":""普通职位"",""职位分布"":""其他职位"",""职位简介"":""从事一线入户调查、数据处理、分析研究等工作。"",""职位代码"":""400110121001"",""机构层级"":""县（区）级及以下"",""考试类别"":""市（地）级及以下直属机构综合管理类"",""招考人数"":""1"",""专业"":""0712统计学类、0701数学类、0201经济学类、0809计算机类"",""学历"":""仅限本科"",""学位"":""学士"",""政治面貌"":""不限"",""基层工作最低年限"":""无限制"",""服务基层项目工作经历"":""无限制"",""是否在面试阶段组织专业能力测试"":""否"",""面试人员比例"":""3:1"",""工作地点"":""海南省澄迈县"",""落户地点"":""海南省澄迈县"",""备注"":""限招2026届高校毕业生；本职位所列专业均要求主修专业；本职位为基层调查队岗位，需要到企业、住户、田间等开展直接调查，条件艰苦；本单位最低服务年限为5年（含试用期）"",""部门网站"":""无"",""咨询电话1"":""0898-65328778"",""咨询电话2"":""0898-66978523"",""咨询电话3"":"""",""来源Sheet"":""中央国家行政机关参照公务员法管理事业单位""}}"
"government_jobs","国家公务员2026招考简章","公务员/事业单位技术岗位","海南省临高县","2026-07-28T09:12:58.310295+00:00","临高调查队一级科员(1)","国家统计局海南调查总队","","海南省临高县","公务员/事业单位;2026;computer_software;data_ai;仅限本科;学士;0712统计学类、0701数学类、0809计算机类、0501中国语言文学类;市（地）级及以下直属机构综合管理类","用人司局：国家统计局海南调查总队
职位简介：从事一线入户调查、数据处理、分析研究等工作。
专业要求：0712统计学类、0701数学类、0809计算机类、0501中国语言文学类
学历要求：仅限本科
学位要求：学士
政治面貌：中共党员
基层工作经历：无限制
考试类别：市（地）级及以下直属机构综合管理类
备注：本职位所列专业均要求主修专业；本职位为基层调查队岗位，需要到企业、住户、田间等开展直接调查，条件艰苦；本单位最低服务年限为5年（含试用期）","http://bm.scs.gov.cn/kl2026#137121-400110121002","2025-10-14","{""dataset_year"":2026,""job_uid"":""GOV-2026-137121-400110121002"",""publisher"":""国家公务员局"",""publication_page"":""http://bm.scs.gov.cn/kl2026"",""attachment_url"":""local://2026_guokao_zhaokaojianzhang.zip"",""local_source_file"":""中央机关及其直属机构2026年度考试录用公务员招考简章.xls"",""local_source_sha256"":""2670bae1df1dd07a3a3c79b9db46a11e3bb15a6c9c249e6af98bfd0b61ce3aaf"",""source_sheet"":""中央国家行政机关参照公务员法管理事业单位"",""filter_version"":""government_tech_v2"",""tech_filter"":{""is_tech"":true,""is_core_tech"":true,""scope"":""core"",""categories"":[""computer_software"",""data_ai""],""matched_fields"":[""major"",""description""],""major_terms"":[""计算机类""],""role_terms"":[""数据处理""],""reason"":""tech_major_and_role""},""original"":{""部门代码"":""137121"",""部门名称"":""国家统计局海南调查总队"",""用人司局"":""国家统计局海南调查总队"",""机构性质"":""中央国家行政机关参照公务员法管理事业单位"",""招考职位"":""临高调查队一级科员(1)"",""职位属性"":""普通职位"",""职位分布"":""其他职位"",""职位简介"":""从事一线入户调查、数据处理、分析研究等工作。"",""职位代码"":""400110121002"",""机构层级"":""县（区）级及以下"",""考试类别"":""市（地）级及以下直属机构综合管理类"",""招考人数"":""1"",""专业"":""0712统计学类、0701数学类、0809计算机类、0501中国语言文学类"",""学历"":""仅限本科"",""学位"":""学士"",""政治面貌"":""中共党员"",""基层工作最低年限"":""无限制"",""服务基层项目工作经历"":""无限制"",""是否在面试阶段组织专业能力测试"":""否"",""面试人员比例"":""3:1"",""工作地点"":""海南省临高县"",""落户地点"":""海南省临高县"",""备注"":""本职位所列专业均要求主修专业；本职位为基层调查队岗位，需要到企业、住户、田间等开展直接调查，条件艰苦；本单位最低服务年限为5年（含试用期）"",""部门网站"":""无"",""咨询电话1"":""0898-65328778"",""咨询电话2"":""0898-66978523"",""咨询电话3"":"""",""来源Sheet"":""中央国家行政机关参照公务员法管理事业单位""}}"
"government_jobs","国家公务员2026招考简章","公务员/事业单位技术岗位","海南省临高县","2026-07-28T09:12:58.310295+00:00","临高调查队一级科员(2)","国家统计局海南调查总队","","海南省临高县","公务员/事业单位;2026;computer_software;data_ai;仅限本科;学士;0712统计学类、0701数学类、0809计算机类、0501中国语言文学类;市（地）级及以下直属机构综合管理类","用人司局：国家统计局海南调查总队
职位简介：从事一线入户调查、数据处理、分析研究等工作。
专业要求：0712统计学类、0701数学类、0809计算机类、0501中国语言文学类
学历要求：仅限本科
学位要求：学士
政治面貌：不限
基层工作经历：无限制
考试类别：市（地）级及以下直属机构综合管理类
备注：本职位所列专业均要求主修专业；本职位为基层调查队岗位，需要到企业、住户、田间等开展直接调查，条件艰苦；本单位最低服务年限为5年（含试用期）","http://bm.scs.gov.cn/kl2026#137121-400110121003","2025-10-14","{""dataset_year"":2026,""job_uid"":""GOV-2026-137121-400110121003"",""publisher"":""国家公务员局"",""publication_page"":""http://bm.scs.gov.cn/kl2026"",""attachment_url"":""local://2026_guokao_zhaokaojianzhang.zip"",""local_source_file"":""中央机关及其直属机构2026年度考试录用公务员招考简章.xls"",""local_source_sha256"":""2670bae1df1dd07a3a3c79b9db46a11e3bb15a6c9c249e6af98bfd0b61ce3aaf"",""source_sheet"":""中央国家行政机关参照公务员法管理事业单位"",""filter_version"":""government_tech_v2"",""tech_filter"":{""is_tech"":true,""is_core_tech"":true,""scope"":""core"",""categories"":[""computer_software"",""data_ai""],""matched_fields"":[""major"",""description""],""major_terms"":[""计算机类""],""role_terms"":[""数据处理""],""reason"":""tech_major_and_role""},""original"":{""部门代码"":""137121"",""部门名称"":""国家统计局海南调查总队"",""用人司局"":""国家统计局海南调查总队"",""机构性质"":""中央国家行政机关参照公务员法管理事业单位"",""招考职位"":""临高调查队一级科员(2)"",""职位属性"":""普通职位"",""职位分布"":""其他职位"",""职位简介"":""从事一线入户调查、数据处理、分析研究等工作。"",""职位代码"":""400110121003"",""机构层级"":""县（区）级及以下"",""考试类别"":""市（地）级及以下直属机构综合管理类"",""招考人数"":""1"",""专业"":""0712统计学类、0701数学类、0809计算机类、0501中国语言文学类"",""学历"":""仅限本科"",""学位"":""学士"",""政治面貌"":""不限"",""基层工作最低年限"":""无限制"",""服务基层项目工作经历"":""无限制"",""是否在面试阶段组织专业能力测试"":""否"",""面试人员比例"":""3:1"",""工作地点"":""海南省临高县"",""落户地点"":""海南省临高县"",""备注"":""本职位所列专业均要求主修专业；本职位为基层调查队岗位，需要到企业、住户、田间等开展直接调查，条件艰苦；本单位最低服务年限为5年（含试用期）"",""部门网站"":""无"",""咨询电话1"":""0898-65328778"",""咨询电话2"":""0898-66978523"",""咨询电话3"":"""",""来源Sheet"":""中央国家行政机关参照公务员法管理事业单位""}}"
"government_jobs","国家公务员2026招考简章","公务员/事业单位技术岗位","重庆市万州区","2026-07-28T09:12:58.310295+00:00","万州调查队业务科室一级科员（1）","国家统计局重庆调查总队","","重庆市万州区","公务员/事业单位;2026;computer_software;data_ai;仅限本科;学士;统计学类0712（不含生物统计学）、计算机类0809（不含软件工程、物联网工程、数字媒体技术、智能科学与技术、空间信息与数字技术、新媒体技术、电影制作、保密技术、服务科学与工程、虚拟现实技术、工业软件）;市（地）级及以下直属机构综合管理类","用人司局：国家统计局重庆调查总队
职位简介：从事一线入户调查、数据处理、统计分析、统计研究等工作
专业要求：统计学类0712（不含生物统计学）、计算机类0809（不含软件工程、物联网工程、数字媒体技术、智能科学与技术、空间信息与数字技术、新媒体技术、电影制作、保密技术、服务科学与工程、虚拟现实技术、工业软件）
学历要求：仅限本科
学位要求：学士
政治面貌：不限
基层工作经历：无限制
考试类别：市（地）级及以下直属机构综合管理类
备注：1.本单位最低服务年限为5年（含试用期）；2.仅限应届高校毕业生；3.限男性。","http://bm.scs.gov.cn/kl2026#137122-400110122001","2025-10-14","{""dataset_year"":2026,""job_uid"":""GOV-2026-137122-400110122001"",""publisher"":""国家公务员局"",""publication_page"":""http://bm.scs.gov.cn/kl2026"",""attachment_url"":""local://2026_guokao_zhaokaojianzhang.zip"",""local_source_file"":""中央机关及其直属机构2026年度考试录用公务员招考简章.xls"",""local_source_sha256"":""2670bae1df1dd07a3a3c79b9db46a11e3bb15a6c9c249e6af98bfd0b61ce3aaf"",""source_sheet"":""中央国家行政机关参照公务员法管理事业单位"",""filter_version"":""government_tech_v2"",""tech_filter"":{""is_tech"":true,""is_core_tech"":true,""scope"":""core"",""categories"":[""computer_software"",""data_ai""],""matched_fields"":[""major"",""description""],""major_terms"":[""保密技术"",""数字媒体技术"",""智能科学与技术"",""物联网工程"",""空间信息与数字技术"",""虚拟现实技术"",""计算机类"",""软件工程""],""role_terms"":[""数据处理""],""reason"":""tech_major_and_role""},""original"":{""部门代码"":""137122"",""部门名称"":""国家统计局重庆调查总队"",""用人司局"":""国家统计局重庆调查总队"",""机构性质"":""中央国家行政机关参照公务员法管理事业单位"",""招考职位"":""万州调查队业务科室一级科员（1）"",""职位属性"":""普通职位"",""职位分布"":""西部地区和艰苦边远地区职位"",""职位简介"":""从事一线入户调查、数据处理、统计分析、统计研究等工作"",""职位代码"":""400110122001"",""机构层级"":""县（区）级及以下"",""考试类别"":""市（地）级及以下直属机构综合管理类"",""招考人数"":""1"",""专业"":""统计学类0712（不含生物统计学）、计算机类0809（不含软件工程、物联网工程、数字媒体技术、智能科学与技术、空间信息与数字技术、新媒体技术、电影制作、保密技术、服务科学与工程、虚拟现实技术、工业软件）"",""学历"":""仅限本科"",""学位"":""学士"",""政治面貌"":""不限"",""基层工作最低年限"":""无限制"",""服务基层项目工作经历"":""无限制"",""是否在面试阶段组织专业能力测试"":""否"",""面试人员比例"":""3:1"",""工作地点"":""重庆市万州区"",""落户地点"":""重庆市万州区"",""备注"":""1.本单位最低服务年限为5年（含试用期）；2.仅限应届高校毕业生；3.限男性。"",""部门网站"":""无"",""咨询电话1"":""023-67638026"",""咨询电话2"":"""",""咨询电话3"":"""",""来源Sheet"":""中央国家行政机关参照公务员法管理事业单位""}}"
"government_jobs","国家公务员2026招考简章","公务员/事业单位技术岗位","重庆市万州区","2026-07-28T09:12:58.310295+00:00","万州调查队业务科室一级科员（2）","国家统计局重庆调查总队","","重庆市万州区","公务员/事业单位;2026;computer_software;data_ai;仅限本科;学士;统计学类0712（不含生物统计学）、计算机类0809（不含软件工程、物联网工程、数字媒体技术、智能科学与技术、空间信息与数字技术、新媒体技术、电影制作、保密技术、服务科学与工程、虚拟现实技术、工业软件）;市（地）级及以下直属机构综合管理类","用人司局：国家统计局重庆调查总队
职位简介：从事一线入户调查、数据处理、统计分析、统计研究等工作
专业要求：统计学类0712（不含生物统计学）、计算机类0809（不含软件工程、物联网工程、数字媒体技术、智能科学与技术、空间信息与数字技术、新媒体技术、电影制作、保密技术、服务科学与工程、虚拟现实技术、工业软件）
学历要求：仅限本科
学位要求：学士
政治面貌：不限
基层工作经历：无限制
考试类别：市（地）级及以下直属机构综合管理类
备注：1.本单位最低服务年限为5年（含试用期）；2.仅限应届高校毕业生；3.限女性。","http://bm.scs.gov.cn/kl2026#137122-400110122002","2025-10-14","{""dataset_year"":2026,""job_uid"":""GOV-2026-137122-400110122002"",""publisher"":""国家公务员局"",""publication_page"":""http://bm.scs.gov.cn/kl2026"",""attachment_url"":""local://2026_guokao_zhaokaojianzhang.zip"",""local_source_file"":""中央机关及其直属机构2026年度考试录用公务员招考简章.xls"",""local_source_sha256"":""2670bae1df1dd07a3a3c79b9db46a11e3bb15a6c9c249e6af98bfd0b61ce3aaf"",""source_sheet"":""中央国家行政机关参照公务员法管理事业单位"",""filter_version"":""government_tech_v2"",""tech_filter"":{""is_tech"":true,""is_core_tech"":true,""scope"":""core"",""categories"":[""computer_software"",""data_ai""],""matched_fields"":[""major"",""description""],""major_terms"":[""保密技术"",""数字媒体技术"",""智能科学与技术"",""物联网工程"",""空间信息与数字技术"",""虚拟现实技术"",""计算机类"",""软件工程""],""role_terms"":[""数据处理""],""reason"":""tech_major_and_role""},""original"":{""部门代码"":""137122"",""部门名称"":""国家统计局重庆调查总队"",""用人司局"":""国家统计局重庆调查总队"",""机构性质"":""中央国家行政机关参照公务员法管理事业单位"",""招考职位"":""万州调查队业务科室一级科员（2）"",""职位属性"":""普通职位"",""职位分布"":""西部地区和艰苦边远地区职位"",""职位简介"":""从事一线入户调查、数据处理、统计分析、统计研究等工作"",""职位代码"":""400110122002"",""机构层级"":""县（区）级及以下"",""考试类别"":""市（地）级及以下直属机构综合管理类"",""招考人数"":""1"",""专业"":""统计学类0712（不含生物统计学）、计算机类0809（不含软件工程、物联网工程、数字媒体技术、智能科学与技术、空间信息与数字技术、新媒体技术、电影制作、保密技术、服务科学与工程、虚拟现实技术、工业软件）"",""学历"":""仅限本科"",""学位"":""学士"",""政治面貌"":""不限"",""基层工作最低年限"":""无限制"",""服务基层项目工作经历"":""无限制"",""是否在面试阶段组织专业能力测试"":""否"",""面试人员比例"":""3:1"",""工作地点"":""重庆市万州区"",""落户地点"":""重庆市万州区"",""备注"":""1.本单位最低服务年限为5年（含试用期）；2.仅限应届高校毕业生；3.限女性。"",""部门网站"":""无"",""咨询电话1"":""023-67638026"",""咨询电话2"":"""",""咨询电话3"":"""",""来源Sheet"":""中央国家行政机关参照公务员法管理事业单位""}}"
"government_jobs","国家公务员2026招考简章","公务员/事业单位技术岗位","重庆市万州区","2026-07-28T09:12:58.310295+00:00","万州调查队综合科室一级科员","国家统计局重庆调查总队","","重庆市万州区","公务员/事业单位;2026;computer_software;data_ai;仅限本科;学士;统计学类0712（不含生物统计学）、计算机类0809（不含软件工程、物联网工程、数字媒体技术、智能科学与技术、空间信息与数字技术、新媒体技术、电影制作、保密技术、服务科学与工程、虚拟现实技术、工业软件）;市（地）级及以下直属机构综合管理类","用人司局：国家统计局重庆调查总队
职位简介：从事一线入户调查、数据处理、统计分析、统计研究等工作
专业要求：统计学类0712（不含生物统计学）、计算机类0809（不含软件工程、物联网工程、数字媒体技术、智能科学与技术、空间信息与数字技术、新媒体技术、电影制作、保密技术、服务科学与工程、虚拟现实技术、工业软件）
学历要求：仅限本科
学位要求：学士
政治面貌：不限
基层工作经历：无限制
考试类别：市（地）级及以下直属机构综合管理类
备注：1.本单位最低服务年限为5年（含试用期）；2.仅限应届高校毕业生。","http://bm.scs.gov.cn/kl2026#137122-400110122003","2025-10-14","{""dataset_year"":2026,""job_uid"":""GOV-2026-137122-400110122003"",""publisher"":""国家公务员局"",""publication_page"":""http://bm.scs.gov.cn/kl2026"",""attachment_url"":""local://2026_guokao_zhaokaojianzhang.zip"",""local_source_file"":""中央机关及其直属机构2026年度考试录用公务员招考简章.xls"",""local_source_sha256"":""2670bae1df1dd07a3a3c79b9db46a11e3bb15a6c9c249e6af98bfd0b61ce3aaf"",""source_sheet"":""中央国家行政机关参照公务员法管理事业单位"",""filter_version"":""government_tech_v2"",""tech_filter"":{""is_tech"":true,""is_core_tech"":true,""scope"":""core"",""categories"":[""computer_software"",""data_ai""],""matched_fields"":[""major"",""description""],""major_terms"":[""保密技术"",""数字媒体技术"",""智能科学与技术"",""物联网工程"",""空间信息与数字技术"",""虚拟现实技术"",""计算机类"",""软件工程""],""role_terms"":[""数据处理""],""reason"":""tech_major_and_role""},""original"":{""部门代码"":""137122"",""部门名称"":""国家统计局重庆调查总队"",""用人司局"":""国家统计局重庆调查总队"",""机构性质"":""中央国家行政机关参照公务员法管理事业单位"",""招考职位"":""万州调查队综合科室一级科员"",""职位属性"":""普通职位"",""职位分布"":""西部地区和艰苦边远地区职位"",""职位简介"":""从事一线入户调查、数据处理、统计分析、统计研究等工作"",""职位代码"":""400110122003"",""机构层级"":""县（区）级及以下"",""考试类别"":""市（地）级及以下直属机构综合管理类"",""招考人数"":""1"",""专业"":""统计学类0712（不含生物统计学）、计算机类0809（不含软件工程、物联网工程、数字媒体技术、智能科学与技术、空间信息与数字技术、新媒体技术、电影制作、保密技术、服务科学与工程、虚拟现实技术、工业软件）"",""学历"":""仅限本科"",""学位"":""学士"",""政治面貌"":""不限"",""基层工作最低年限"":""无限制"",""服务基层项目工作经历"":""无限制"",""是否在面试阶段组织专业能力测试"":""否"",""面试人员比例"":""3:1"",""工作地点"":""重庆市万州区"",""落户地点"":""重庆市万州区"",""备注"":""1.本单位最低服务年限为5年（含试用期）；2.仅限应届高校毕业生。"",""部门网站"":""无"",""咨询电话1"":""023-67638026"",""咨询电话2"":"""",""咨询电话3"":"""",""来源Sheet"":""中央国家行政机关参照公务员法管理事业单位""}}"
"government_jobs","国家公务员2026招考简章","公务员/事业单位技术岗位","重庆市潼南区","2026-07-28T09:12:58.310295+00:00","潼南调查队业务科室四级主任科员及以下（1）","国家统计局重庆调查总队","","重庆市潼南区","公务员/事业单位;2026;computer_software;data_ai;本科或硕士研究生;与最高学历相对应的学位;统计学类0712（不含生物统计学）、计算机类0809（不含软件工程、物联网工程、数字媒体技术、智能科学与技术、空间信息与数字技术、新媒体技术、电影制作、保密技术、服务科学与工程、虚拟现实技术、工业软件）;市（地）级及以下直属机构综合管理类","用人司局：国家统计局重庆调查总队
职位简介：从事一线入户调查、数据处理、统计分析、统计研究等工作
专业要求：统计学类0712（不含生物统计学）、计算机类0809（不含软件工程、物联网工程、数字媒体技术、智能科学与技术、空间信息与数字技术、新媒体技术、电影制作、保密技术、服务科学与工程、虚拟现实技术、工业软件）
学历要求：本科或硕士研究生
学位要求：与最高学历相对应的学位
政治面貌：不限
基层工作经历：无限制
考试类别：市（地）级及以下直属机构综合管理类
备注：1.本单位最低服务年限为5年（含试用期）；2.仅限应届高校毕业生；3.限男性。","http://bm.scs.gov.cn/kl2026#137122-400110122008","2025-10-14","{""dataset_year"":2026,""job_uid"":""GOV-2026-137122-400110122008"",""publisher"":""国家公务员局"",""publication_page"":""http://bm.scs.gov.cn/kl2026"",""attachment_url"":""local://2026_guokao_zhaokaojianzhang.zip"",""local_source_file"":""中央机关及其直属机构2026年度考试录用公务员招考简章.xls"",""local_source_sha256"":""2670bae1df1dd07a3a3c79b9db46a11e3bb15a6c9c249e6af98bfd0b61ce3aaf"",""source_sheet"":""中央国家行政机关参照公务员法管理事业单位"",""filter_version"":""government_tech_v2"",""tech_filter"":{""is_tech"":true,""is_core_tech"":true,""scope"":""core"",""categories"":[""computer_software"",""data_ai""],""matched_fields"":[""major"",""description""],""major_terms"":[""保密技术"",""数字媒体技术"",""智能科学与技术"",""物联网工程"",""空间信息与数字技术"",""虚拟现实技术"",""计算机类"",""软件工程""],""role_terms"":[""数据处理""],""reason"":""tech_major_and_role""},""original"":{""部门代码"":""137122"",""部门名称"":""国家统计局重庆调查总队"",""用人司局"":""国家统计局重庆调查总队"",""机构性质"":""中央国家行政机关参照公务员法管理事业单位"",""招考职位"":""潼南调查队业务科室四级主任科员及以下（1）"",""职位属性"":""普通职位"",""职位分布"":""西部地区和艰苦边远地区职位"",""职位简介"":""从事一线入户调查、数据处理、统计分析、统计研究等工作"",""职位代码"":""400110122008"",""机构层级"":""县（区）级及以下"",""考试类别"":""市（地）级及以下直属机构综合管理类"",""招考人数"":""1"",""专业"":""统计学类0712（不含生物统计学）、计算机类0809（不含软件工程、物联网工程、数字媒体技术、智能科学与技术、空间信息与数字技术、新媒体技术、电影制作、保密技术、服务科学与工程、虚拟现实技术、工业软件）"",""学历"":""本科或硕士研究生"",""学位"":""与最高学历相对应的学位"",""政治面貌"":""不限"",""基层工作最低年限"":""无限制"",""服务基层项目工作经历"":""无限制"",""是否在面试阶段组织专业能力测试"":""否"",""面试人员比例"":""3:1"",""工作地点"":""重庆市潼南区"",""落户地点"":""重庆市潼南区"",""备注"":""1.本单位最低服务年限为5年（含试用期）；2.仅限应届高校毕业生；3.限男性。"",""部门网站"":""无"",""咨询电话1"":""023-67638026"",""咨询电话2"":"""",""咨询电话3"":"""",""来源Sheet"":""中央国家行政机关参照公务员法管理事业单位""}}"
"government_jobs","国家公务员2026招考简章","公务员/事业单位技术岗位","重庆市潼南区","2026-07-28T09:12:58.310295+00:00","潼南调查队业务科室四级主任科员及以下（2）","国家统计局重庆调查总队","","重庆市潼南区","公务员/事业单位;2026;computer_software;data_ai;本科或硕士研究生;与最高学历相对应的学位;统计学类0712（不含生物统计学）、计算机类0809（不含软件工程、物联网工程、数字媒体技术、智能科学与技术、空间信息与数字技术、新媒体技术、电影制作、保密技术、服务科学与工程、虚拟现实技术、工业软件）;市（地）级及以下直属机构综合管理类","用人司局：国家统计局重庆调查总队
职位简介：从事一线入户调查、数据处理、统计分析、统计研究等工作
专业要求：统计学类0712（不含生物统计学）、计算机类0809（不含软件工程、物联网工程、数字媒体技术、智能科学与技术、空间信息与数字技术、新媒体技术、电影制作、保密技术、服务科学与工程、虚拟现实技术、工业软件）
学历要求：本科或硕士研究生
学位要求：与最高学历相对应的学位
政治面貌：不限
基层工作经历：无限制
考试类别：市（地）级及以下直属机构综合管理类
备注：1.本单位最低服务年限为5年（含试用期）；2.仅限应届高校毕业生；3.限女性。","http://bm.scs.gov.cn/kl2026#137122-400110122009","2025-10-14","{""dataset_year"":2026,""job_uid"":""GOV-2026-137122-400110122009"",""publisher"":""国家公务员局"",""publication_page"":""http://bm.scs.gov.cn/kl2026"",""attachment_url"":""local://2026_guokao_zhaokaojianzhang.zip"",""local_source_file"":""中央机关及其直属机构2026年度考试录用公务员招考简章.xls"",""local_source_sha256"":""2670bae1df1dd07a3a3c79b9db46a11e3bb15a6c9c249e6af98bfd0b61ce3aaf"",""source_sheet"":""中央国家行政机关参照公务员法管理事业单位"",""filter_version"":""government_tech_v2"",""tech_filter"":{""is_tech"":true,""is_core_tech"":true,""scope"":""core"",""categories"":[""computer_software"",""data_ai""],""matched_fields"":[""major"",""description""],""major_terms"":[""保密技术"",""数字媒体技术"",""智能科学与技术"",""物联网工程"",""空间信息与数字技术"",""虚拟现实技术"",""计算机类"",""软件工程""],""role_terms"":[""数据处理""],""reason"":""tech_major_and_role""},""original"":{""部门代码"":""137122"",""部门名称"":""国家统计局重庆调查总队"",""用人司局"":""国家统计局重庆调查总队"",""机构性质"":""中央国家行政机关参照公务员法管理事业单位"",""招考职位"":""潼南调查队业务科室四级主任科员及以下（2）"",""职位属性"":""普通职位"",""职位分布"":""西部地区和艰苦边远地区职位"",""职位简介"":""从事一线入户调查、数据处理、统计分析、统计研究等工作"",""职位代码"":""400110122009"",""机构层级"":""县（区）级及以下"",""考试类别"":""市（地）级及以下直属机构综合管理类"",""招考人数"":""1"",""专业"":""统计学类0712（不含生物统计学）、计算机类0809（不含软件工程、物联网工程、数字媒体技术、智能科学与技术、空间信息与数字技术、新媒体技术、电影制作、保密技术、服务科学与工程、虚拟现实技术、工业软件）"",""学历"":""本科或硕士研究生"",""学位"":""与最高学历相对应的学位"",""政治面貌"":""不限"",""基层工作最低年限"":""无限制"",""服务基层项目工作经历"":""无限制"",""是否在面试阶段组织专业能力测试"":""否"",""面试人员比例"":""3:1"",""工作地点"":""重庆市潼南区"",""落户地点"":""重庆市潼南区"",""备注"":""1.本单位最低服务年限为5年（含试用期）；2.仅限应届高校毕业生；3.限女性。"",""部门网站"":""无"",""咨询电话1"":""023-67638026"",""咨询电话2"":"""",""咨询电话3"":"""",""来源Sheet"":""中央国家行政机关参照公务员法管理事业单位""}}"
"government_jobs","国家公务员2026招考简章","公务员/事业单位技术岗位","重庆市巫山县","2026-07-28T09:12:58.310295+00:00","巫山调查队业务科室四级主任科员及以下","国家统计局重庆调查总队","","重庆市巫山县","公务员/事业单位;2026;computer_software;data_ai;仅限本科;学士;统计学类0712（不含生物统计学）、数学类0701、计算机类0809（不含软件工程、物联网工程、数字媒体技术、智能科学与技术、空间信息与数字技术、新媒体技术、电影制作、保密技术、服务科学与工程、虚拟现实技术、工业软件）;市（地）级及以下直属机构综合管理类","用人司局：国家统计局重庆调查总队
职位简介：从事一线入户调查、数据处理、统计分析、统计研究等工作
专业要求：统计学类0712（不含生物统计学）、数学类0701、计算机类0809（不含软件工程、物联网工程、数字媒体技术、智能科学与技术、空间信息与数字技术、新媒体技术、电影制作、保密技术、服务科学与工程、虚拟现实技术、工业软件）
学历要求：仅限本科
学位要求：学士
政治面貌：不限
基层工作经历：无限制
考试类别：市（地）级及以下直属机构综合管理类
备注：1.本单位最低服务年限为5年（含试用期）；2.限重庆市户籍考生报考。","http://bm.scs.gov.cn/kl2026#137122-400110122014","2025-10-14","{""dataset_year"":2026,""job_uid"":""GOV-2026-137122-400110122014"",""publisher"":""国家公务员局"",""publication_page"":""http://bm.scs.gov.cn/kl2026"",""attachment_url"":""local://2026_guokao_zhaokaojianzhang.zip"",""local_source_file"":""中央机关及其直属机构2026年度考试录用公务员招考简章.xls"",""local_source_sha256"":""2670bae1df1dd07a3a3c79b9db46a11e3bb15a6c9c249e6af98bfd0b61ce3aaf"",""source_sheet"":""中央国家行政机关参照公务员法管理事业单位"",""filter_version"":""government_tech_v2"",""tech_filter"":{""is_tech"":true,""is_core_tech"":true,""scope"":""core"",""categories"":[""computer_software"",""data_ai""],""matched_fields"":[""major"",""description""],""major_terms"":[""保密技术"",""数字媒体技术"",""智能科学与技术"",""物联网工程"",""空间信息与数字技术"",""虚拟现实技术"",""计算机类"",""软件工程""],""role_terms"":[""数据处理""],""reason"":""tech_major_and_role""},""original"":{""部门代码"":""137122"",""部门名称"":""国家统计局重庆调查总队"",""用人司局"":""国家统计局重庆调查总队"",""机构性质"":""中央国家行政机关参照公务员法管理事业单位"",""招考职位"":""巫山调查队业务科室四级主任科员及以下"",""职位属性"":""普通职位"",""职位分布"":""西部地区和艰苦边远地区职位"",""职位简介"":""从事一线入户调查、数据处理、统计分析、统计研究等工作"",""职位代码"":""400110122014"",""机构层级"":""县（区）级及以下"",""考试类别"":""市（地）级及以下直属机构综合管理类"",""招考人数"":""1"",""专业"":""统计学类0712（不含生物统计学）、数学类0701、计算机类0809（不含软件工程、物联网工程、数字媒体技术、智能科学与技术、空间信息与数字技术、新媒体技术、电影制作、保密技术、服务科学与工程、虚拟现实技术、工业软件）"",""学历"":""仅限本科"",""学位"":""学士"",""政治面貌"":""不限"",""基层工作最低年限"":""无限制"",""服务基层项目工作经历"":""无限制"",""是否在面试阶段组织专业能力测试"":""否"",""面试人员比例"":""3:1"",""工作地点"":""重庆市巫山县"",""落户地点"":""重庆市巫山县"",""备注"":""1.本单位最低服务年限为5年（含试用期）；2.限重庆市户籍考生报考。"",""部门网站"":""无"",""咨询电话1"":""023-67638026"",""咨询电话2"":"""",""咨询电话3"":"""",""来源Sheet"":""中央国家行政机关参照公务员法管理事业单位""}}"
"government_jobs","国家公务员2026招考简章","公务员/事业单位技术岗位","重庆市酉阳土家族苗族自治县","2026-07-28T09:12:58.310295+00:00","酉阳调查队业务科室一级科员","国家统计局重庆调查总队","","重庆市酉阳土家族苗族自治县","公务员/事业单位;2026;computer_software;data_ai;仅限本科;学士;统计学类0712（不含生物统计学）、数学类0701、计算机类0809（不含软件工程、物联网工程、数字媒体技术、智能科学与技术、空间信息与数字技术、新媒体技术、电影制作、保密技术、服务科学与工程、虚拟现实技术、工业软件）;市（地）级及以下直属机构综合管理类","用人司局：国家统计局重庆调查总队
职位简介：从事一线入户调查、数据处理、统计分析、统计研究等工作
专业要求：统计学类0712（不含生物统计学）、数学类0701、计算机类0809（不含软件工程、物联网工程、数字媒体技术、智能科学与技术、空间信息与数字技术、新媒体技术、电影制作、保密技术、服务科学与工程、虚拟现实技术、工业软件）
学历要求：仅限本科
学位要求：学士
政治面貌：不限
基层工作经历：无限制
考试类别：市（地）级及以下直属机构综合管理类
备注：1.本单位最低服务年限为5年（含试用期）；2.仅限应届高校毕业生；3.限重庆市户籍考生报考。","http://bm.scs.gov.cn/kl2026#137122-400110122015","2025-10-14","{""dataset_year"":2026,""job_uid"":""GOV-2026-137122-400110122015"",""publisher"":""国家公务员局"",""publication_page"":""http://bm.scs.gov.cn/kl2026"",""attachment_url"":""local://2026_guokao_zhaokaojianzhang.zip"",""local_source_file"":""中央机关及其直属机构2026年度考试录用公务员招考简章.xls"",""local_source_sha256"":""2670bae1df1dd07a3a3c79b9db46a11e3bb15a6c9c249e6af98bfd0b61ce3aaf"",""source_sheet"":""中央国家行政机关参照公务员法管理事业单位"",""filter_version"":""government_tech_v2"",""tech_filter"":{""is_tech"":true,""is_core_tech"":true,""scope"":""core"",""categories"":[""computer_software"",""data_ai""],""matched_fields"":[""major"",""description""],""major_terms"":[""保密技术"",""数字媒体技术"",""智能科学与技术"",""物联网工程"",""空间信息与数字技术"",""虚拟现实技术"",""计算机类"",""软件工程""],""role_terms"":[""数据处理""],""reason"":""tech_major_and_role""},""original"":{""部门代码"":""137122"",""部门名称"":""国家统计局重庆调查总队"",""用人司局"":""国家统计局重庆调查总队"",""机构性质"":""中央国家行政机关参照公务员法管理事业单位"",""招考职位"":""酉阳调查队业务科室一级科员"",""职位属性"":""普通职位"",""职位分布"":""西部地区和艰苦边远地区职位"",""职位简介"":""从事一线入户调查、数据处理、统计分析、统计研究等工作"",""职位代码"":""400110122015"",""机构层级"":""县（区）级及以下"",""考试类别"":""市（地）级及以下直属机构综合管理类"",""招考人数"":""1"",""专业"":""统计学类0712（不含生物统计学）、数学类0701、计算机类0809（不含软件工程、物联网工程、数字媒体技术、智能科学与技术、空间信息与数字技术、新媒体技术、电影制作、保密技术、服务科学与工程、虚拟现实技术、工业软件）"",""学历"":""仅限本科"",""学位"":""学士"",""政治面貌"":""不限"",""基层工作最低年限"":""无限制"",""服务基层项目工作经历"":""无限制"",""是否在面试阶段组织专业能力测试"":""否"",""面试人员比例"":""3:1"",""工作地点"":""重庆市酉阳土家族苗族自治县"",""落户地点"":""重庆市酉阳土家族苗族自治县"",""备注"":""1.本单位最低服务年限为5年（含试用期）；2.仅限应届高校毕业生；3.限重庆市户籍考生报考。"",""部门网站"":""无"",""咨询电话1"":""023-67638026"",""咨询电话2"":"""",""咨询电话3"":"""",""来源Sheet"":""中央国家行政机关参照公务员法管理事业单位""}}"
"government_jobs","国家公务员2026招考简章","公务员/事业单位技术岗位","四川省成都市青羊区","2026-07-28T09:12:58.310295+00:00","四川调查总队业务处室二级主任科员及以下（1）","国家统计局四川调查总队","","四川省成都市青羊区","公务员/事业单位;2026;computer_software;data_ai;仅限硕士研究生;硕士;统计学类、数学类、经济学类，计算机科学与技术;中央机关及其省级直属机构综合管理类","用人司局：国家统计局四川调查总队
职位简介：从事数据处理、统计分析、统计研究等工作。
专业要求：统计学类、数学类、经济学类，计算机科学与技术
学历要求：仅限硕士研究生
学位要求：硕士
政治面貌：不限
基层工作经历：无限制
考试类别：中央机关及其省级直属机构综合管理类
备注：1.本单位最低服务年限为5年（含试用期）；2.报名时需写明专业代码；3.限男性报考。","http://bm.scs.gov.cn/kl2026#137123-400110123001","2025-10-14","{""dataset_year"":2026,""job_uid"":""GOV-2026-137123-400110123001"",""publisher"":""国家公务员局"",""publication_page"":""http://bm.scs.gov.cn/kl2026"",""attachment_url"":""local://2026_guokao_zhaokaojianzhang.zip"",""local_source_file"":""中央机关及其直属机构2026年度考试录用公务员招考简章.xls"",""local_source_sha256"":""2670bae1df1dd07a3a3c79b9db46a11e3bb15a6c9c249e6af98bfd0b61ce3aaf"",""source_sheet"":""中央国家行政机关参照公务员法管理事业单位"",""filter_version"":""government_tech_v2"",""tech_filter"":{""is_tech"":true,""is_core_tech"":true,""scope"":""core"",""categories"":[""computer_software"",""data_ai""],""matched_fields"":[""major"",""description""],""major_terms"":[""计算机科学与技术""],""role_terms"":[""数据处理""],""reason"":""tech_major_and_role""},""original"":{""部门代码"":""137123"",""部门名称"":""国家统计局四川调查总队"",""用人司局"":""国家统计局四川调查总队"",""机构性质"":""中央国家行政机关参照公务员法管理事业单位"",""招考职位"":""四川调查总队业务处室二级主任科员及以下（1）"",""职位属性"":""普通职位"",""职位分布"":""其他职位"",""职位简介"":""从事数据处理、统计分析、统计研究等工作。"",""职位代码"":""400110123001"",""机构层级"":""省（副省）级"",""考试类别"":""中央机关及其省级直属机构综合管理类"",""招考人数"":""1"",""专业"":""统计学类、数学类、经济学类，计算机科学与技术"",""学历"":""仅限硕士研究生"",""学位"":""硕士"",""政治面貌"":""不限"",""基层工作最低年限"":""无限制"",""服务基层项目工作经历"":""无限制"",""是否在面试阶段组织专业能力测试"":""否"",""面试人员比例"":""5:1"",""工作地点"":""四川省成都市青羊区"",""落户地点"":""四川省成都市青羊区"",""备注"":""1.本单位最低服务年限为5年（含试用期）；2.报名时需写明专业代码；3.限男性报考。"",""部门网站"":""http://www.stats.gov.cn"",""咨询电话1"":""028-65593798"",""咨询电话2"":"""",""咨询电话3"":"""",""来源Sheet"":""中央国家行政机关参照公务员法管理事业单位""}}"
"government_jobs","国家公务员2026招考简章","公务员/事业单位技术岗位","四川省成都市青羊区","2026-07-28T09:12:58.310295+00:00","四川调查总队业务处室二级主任科员及以下（2）","国家统计局四川调查总队","","四川省成都市青羊区","公务员/事业单位;2026;computer_software;data_ai;仅限硕士研究生;硕士;统计学类、数学类、经济学类，计算机科学与技术;中央机关及其省级直属机构综合管理类","用人司局：国家统计局四川调查总队
职位简介：从事数据处理、统计分析、统计研究等工作。
专业要求：统计学类、数学类、经济学类，计算机科学与技术
学历要求：仅限硕士研究生
学位要求：硕士
政治面貌：不限
基层工作经历：无限制
考试类别：中央机关及其省级直属机构综合管理类
备注：1.本单位最低服务年限为5年（含试用期）；2.报名时需写明专业代码；3.限女性报考。","http://bm.scs.gov.cn/kl2026#137123-400110123002","2025-10-14","{""dataset_year"":2026,""job_uid"":""GOV-2026-137123-400110123002"",""publisher"":""国家公务员局"",""publication_page"":""http://bm.scs.gov.cn/kl2026"",""attachment_url"":""local://2026_guokao_zhaokaojianzhang.zip"",""local_source_file"":""中央机关及其直属机构2026年度考试录用公务员招考简章.xls"",""local_source_sha256"":""2670bae1df1dd07a3a3c79b9db46a11e3bb15a6c9c249e6af98bfd0b61ce3aaf"",""source_sheet"":""中央国家行政机关参照公务员法管理事业单位"",""filter_version"":""government_tech_v2"",""tech_filter"":{""is_tech"":true,""is_core_tech"":true,""scope"":""core"",""categories"":[""computer_software"",""data_ai""],""matched_fields"":[""major"",""description""],""major_terms"":[""计算机科学与技术""],""role_terms"":[""数据处理""],""reason"":""tech_major_and_role""},""original"":{""部门代码"":""137123"",""部门名称"":""国家统计局四川调查总队"",""用人司局"":""国家统计局四川调查总队"",""机构性质"":""中央国家行政机关参照公务员法管理事业单位"",""招考职位"":""四川调查总队业务处室二级主任科员及以下（2）"",""职位属性"":""普通职位"",""职位分布"":""其他职位"",""职位简介"":""从事数据处理、统计分析、统计研究等工作。"",""职位代码"":""400110123002"",""机构层级"":""省（副省）级"",""考试类别"":""中央机关及其省级直属机构综合管理类"",""招考人数"":""1"",""专业"":""统计学类、数学类、经济学类，计算机科学与技术"",""学历"":""仅限硕士研究生"",""学位"":""硕士"",""政治面貌"":""不限"",""基层工作最低年限"":""无限制"",""服务基层项目工作经历"":""无限制"",""是否在面试阶段组织专业能力测试"":""否"",""面试人员比例"":""5:1"",""工作地点"":""四川省成都市青羊区"",""落户地点"":""四川省成都市青羊区"",""备注"":""1.本单位最低服务年限为5年（含试用期）；2.报名时需写明专业代码；3.限女性报考。"",""部门网站"":""http://www.stats.gov.cn"",""咨询电话1"":""028-65593798"",""咨询电话2"":"""",""咨询电话3"":"""",""来源Sheet"":""中央国家行政机关参照公务员法管理事业单位""}}"
"government_jobs","国家公务员2026招考简章","公务员/事业单位技术岗位","四川省成都市","2026-07-28T09:12:58.310295+00:00","成都调查队业务处室二级主任科员及以下（1）","国家统计局四川调查总队","","四川省成都市","公务员/事业单位;2026;computer_software;data_ai;仅限硕士研究生;硕士;统计学类、数学类、经济学类，计算机科学与技术、法学;中央机关及其省级直属机构综合管理类","用人司局：国家统计局四川调查总队
职位简介：从事一线入户调查、数据处理、统计分析、统计研究等工作。
专业要求：统计学类、数学类、经济学类，计算机科学与技术、法学
学历要求：仅限硕士研究生
学位要求：硕士
政治面貌：不限
基层工作经历：无限制
考试类别：中央机关及其省级直属机构综合管理类
备注：1.该职位需要长期出差，经常深入乡村厂矿一线；2.本单位最低服务年限为5年（含试用期）；3.报名时需写明专业代码；4.限男性报考。","http://bm.scs.gov.cn/kl2026#137123-400110123003","2025-10-14","{""dataset_year"":2026,""job_uid"":""GOV-2026-137123-400110123003"",""publisher"":""国家公务员局"",""publication_page"":""http://bm.scs.gov.cn/kl2026"",""attachment_url"":""local://2026_guokao_zhaokaojianzhang.zip"",""local_source_file"":""中央机关及其直属机构2026年度考试录用公务员招考简章.xls"",""local_source_sha256"":""2670bae1df1dd07a3a3c79b9db46a11e3bb15a6c9c249e6af98bfd0b61ce3aaf"",""source_sheet"":""中央国家行政机关参照公务员法管理事业单位"",""filter_version"":""government_tech_v2"",""tech_filter"":{""is_tech"":true,""is_core_tech"":true,""scope"":""core"",""categories"":[""computer_software"",""data_ai""],""matched_fields"":[""major"",""description""],""major_terms"":[""计算机科学与技术""],""role_terms"":[""数据处理""],""reason"":""tech_major_and_role""},""original"":{""部门代码"":""137123"",""部门名称"":""国家统计局四川调查总队"",""用人司局"":""国家统计局四川调查总队"",""机构性质"":""中央国家行政机关参照公务员法管理事业单位"",""招考职位"":""成都调查队业务处室二级主任科员及以下（1）"",""职位属性"":""普通职位"",""职位分布"":""其他职位"",""职位简介"":""从事一线入户调查、数据处理、统计分析、统计研究等工作。"",""职位代码"":""400110123003"",""机构层级"":""省（副省）级"",""考试类别"":""中央机关及其省级直属机构综合管理类"",""招考人数"":""1"",""专业"":""统计学类、数学类、经济学类，计算机科学与技术、法学"",""学历"":""仅限硕士研究生"",""学位"":""硕士"",""政治面貌"":""不限"",""基层工作最低年限"":""无限制"",""服务基层项目工作经历"":""无限制"",""是否在面试阶段组织专业能力测试"":""否"",""面试人员比例"":""5:1"",""工作地点"":""四川省成都市"",""落户地点"":""四川省成都市"",""备注"":""1.该职位需要长期出差，经常深入乡村厂矿一线；2.本单位最低服务年限为5年（含试用期）；3.报名时需写明专业代码；4.限男性报考。"",""部门网站"":""http://www.stats.gov.cn"",""咨询电话1"":""028-65593798"",""咨询电话2"":"""",""咨询电话3"":"""",""来源Sheet"":""中央国家行政机关参照公务员法管理事业单位""}}"
"government_jobs","国家公务员2026招考简章","公务员/事业单位技术岗位","四川省成都市","2026-07-28T09:12:58.310295+00:00","成都调查队业务处室二级主任科员及以下（2）","国家统计局四川调查总队","","四川省成都市","公务员/事业单位;2026;computer_software;data_ai;仅限硕士研究生;硕士;统计学类、数学类、经济学类，计算机科学与技术、法学;中央机关及其省级直属机构综合管理类","用人司局：国家统计局四川调查总队
职位简介：从事一线入户调查、数据处理、统计分析、统计研究等工作。
专业要求：统计学类、数学类、经济学类，计算机科学与技术、法学
学历要求：仅限硕士研究生
学位要求：硕士
政治面貌：不限
基层工作经历：无限制
考试类别：中央机关及其省级直属机构综合管理类
备注：1.该职位需要长期出差，经常深入乡村厂矿一线；2.本单位最低服务年限为5年（含试用期）；3.报名时需写明专业代码；4.限女性报考。","http://bm.scs.gov.cn/kl2026#137123-400110123004","2025-10-14","{""dataset_year"":2026,""job_uid"":""GOV-2026-137123-400110123004"",""publisher"":""国家公务员局"",""publication_page"":""http://bm.scs.gov.cn/kl2026"",""attachment_url"":""local://2026_guokao_zhaokaojianzhang.zip"",""local_source_file"":""中央机关及其直属机构2026年度考试录用公务员招考简章.xls"",""local_source_sha256"":""2670bae1df1dd07a3a3c79b9db46a11e3bb15a6c9c249e6af98bfd0b61ce3aaf"",""source_sheet"":""中央国家行政机关参照公务员法管理事业单位"",""filter_version"":""government_tech_v2"",""tech_filter"":{""is_tech"":true,""is_core_tech"":true,""scope"":""core"",""categories"":[""computer_software"",""data_ai""],""matched_fields"":[""major"",""description""],""major_terms"":[""计算机科学与技术""],""role_terms"":[""数据处理""],""reason"":""tech_major_and_role""},""original"":{""部门代码"":""137123"",""部门名称"":""国家统计局四川调查总队"",""用人司局"":""国家统计局四川调查总队"",""机构性质"":""中央国家行政机关参照公务员法管理事业单位"",""招考职位"":""成都调查队业务处室二级主任科员及以下（2）"",""职位属性"":""普通职位"",""职位分布"":""其他职位"",""职位简介"":""从事一线入户调查、数据处理、统计分析、统计研究等工作。"",""职位代码"":""400110123004"",""机构层级"":""省（副省）级"",""考试类别"":""中央机关及其省级直属机构综合管理类"",""招考人数"":""1"",""专业"":""统计学类、数学类、经济学类，计算机科学与技术、法学"",""学历"":""仅限硕士研究生"",""学位"":""硕士"",""政治面貌"":""不限"",""基层工作最低年限"":""无限制"",""服务基层项目工作经历"":""无限制"",""是否在面试阶段组织专业能力测试"":""否"",""面试人员比例"":""5:1"",""工作地点"":""四川省成都市"",""落户地点"":""四川省成都市"",""备注"":""1.该职位需要长期出差，经常深入乡村厂矿一线；2.本单位最低服务年限为5年（含试用期）；3.报名时需写明专业代码；4.限女性报考。"",""部门网站"":""http://www.stats.gov.cn"",""咨询电话1"":""028-65593798"",""咨询电话2"":"""",""咨询电话3"":"""",""来源Sheet"":""中央国家行政机关参照公务员法管理事业单位""}}"
"government_jobs","国家公务员2026招考简章","公务员/事业单位技术岗位","四川省攀枝花市东区","2026-07-28T09:12:58.310295+00:00","攀枝花调查队业务科室四级主任科员及以下","国家统计局四川调查总队","","四川省攀枝花市东区","公务员/事业单位;2026;computer_software;data_ai;仅限硕士研究生;硕士;统计学类、数学类、经济学类，计算机科学与技术、会计;市（地）级及以下直属机构综合管理类","用人司局：国家统计局四川调查总队
职位简介：从事一线入户调查、数据处理、统计分析、统计研究等工作。
专业要求：统计学类、数学类、经济学类，计算机科学与技术、会计
学历要求：仅限硕士研究生
学位要求：硕士
政治面貌：不限
基层工作经历：无限制
考试类别：市（地）级及以下直属机构综合管理类
备注：1.该职位需要长期出差，经常深入乡村厂矿一线；2.报名时需写明专业代码；3.本单位最低服务年限为5年（含试用期）。","http://bm.scs.gov.cn/kl2026#137123-400110123005","2025-10-14","{""dataset_year"":2026,""job_uid"":""GOV-2026-137123-400110123005"",""publisher"":""国家公务员局"",""publication_page"":""http://bm.scs.gov.cn/kl2026"",""attachment_url"":""local://2026_guokao_zhaokaojianzhang.zip"",""local_source_file"":""中央机关及其直属机构2026年度考试录用公务员招考简章.xls"",""local_source_sha256"":""2670bae1df1dd07a3a3c79b9db46a11e3bb15a6c9c249e6af98bfd0b61ce3aaf"",""source_sheet"":""中央国家行政机关参照公务员法管理事业单位"",""filter_version"":""government_tech_v2"",""tech_filter"":{""is_tech"":true,""is_core_tech"":true,""scope"":""core"",""categories"":[""computer_software"",""data_ai""],""matched_fields"":[""major"",""description""],""major_terms"":[""计算机科学与技术""],""role_terms"":[""数据处理""],""reason"":""tech_major_and_role""},""original"":{""部门代码"":""137123"",""部门名称"":""国家统计局四川调查总队"",""用人司局"":""国家统计局四川调查总队"",""机构性质"":""中央国家行政机关参照公务员法管理事业单位"",""招考职位"":""攀枝花调查队业务科室四级主任科员及以下"",""职位属性"":""普通职位"",""职位分布"":""西部地区和艰苦边远地区职位"",""职位简介"":""从事一线入户调查、数据处理、统计分析、统计研究等工作。"",""职位代码"":""400110123005"",""机构层级"":""市（地）级"",""考试类别"":""市（地）级及以下直属机构综合管理类"",""招考人数"":""1"",""专业"":""统计学类、数学类、经济学类，计算机科学与技术、会计"",""学历"":""仅限硕士研究生"",""学位"":""硕士"",""政治面貌"":""不限"",""基层工作最低年限"":""无限制"",""服务基层项目工作经历"":""无限制"",""是否在面试阶段组织专业能力测试"":""否"",""面试人员比例"":""3:1"",""工作地点"":""四川省攀枝花市东区"",""落户地点"":""四川省攀枝花市东区"",""备注"":""1.该职位需要长期出差，经常深入乡村厂矿一线；2.报名时需写明专业代码；3.本单位最低服务年限为5年（含试用期）。"",""部门网站"":""http://www.stats.gov.cn"",""咨询电话1"":""028-65593798"",""咨询电话2"":"""",""咨询电话3"":"""",""来源Sheet"":""中央国家行政机关参照公务员法管理事业单位""}}"
"government_jobs","国家公务员2026招考简章","公务员/事业单位技术岗位","四川省德阳市旌阳区","2026-07-28T09:12:58.310295+00:00","德阳调查队业务科室一级科员","国家统计局四川调查总队","","四川省德阳市旌阳区","公务员/事业单位;2026;computer_software;data_ai;仅限本科;学士;统计学类、数学类、经济学类、计算机类（不含电影制作、工业软件专业）;市（地）级及以下直属机构综合管理类","用人司局：国家统计局四川调查总队
职位简介：从事一线入户调查、数据处理、统计分析、统计研究等工作。
专业要求：统计学类、数学类、经济学类、计算机类（不含电影制作、工业软件专业）
学历要求：仅限本科
学位要求：学士
政治面貌：不限
基层工作经历：无限制
考试类别：市（地）级及以下直属机构综合管理类
备注：1.该职位需要长期出差，经常深入乡村厂矿一线；2.该职位限招应届高校毕业生；3.报名时需写明专业代码；4.本单位最低服务年限为5年（含试用期）。","http://bm.scs.gov.cn/kl2026#137123-400110123006","2025-10-14","{""dataset_year"":2026,""job_uid"":""GOV-2026-137123-400110123006"",""publisher"":""国家公务员局"",""publication_page"":""http://bm.scs.gov.cn/kl2026"",""attachment_url"":""local://2026_guokao_zhaokaojianzhang.zip"",""local_source_file"":""中央机关及其直属机构2026年度考试录用公务员招考简章.xls"",""local_source_sha256"":""2670bae1df1dd07a3a3c79b9db46a11e3bb15a6c9c249e6af98bfd0b61ce3aaf"",""source_sheet"":""中央国家行政机关参照公务员法管理事业单位"",""filter_version"":""government_tech_v2"",""tech_filter"":{""is_tech"":true,""is_core_tech"":true,""scope"":""core"",""categories"":[""computer_software"",""data_ai""],""matched_fields"":[""major"",""description""],""major_terms"":[""计算机类""],""role_terms"":[""数据处理""],""reason"":""tech_major_and_role""},""original"":{""部门代码"":""137123"",""部门名称"":""国家统计局四川调查总队"",""用人司局"":""国家统计局四川调查总队"",""机构性质"":""中央国家行政机关参照公务员法管理事业单位"",""招考职位"":""德阳调查队业务科室一级科员"",""职位属性"":""普通职位"",""职位分布"":""西部地区和艰苦边远地区职位"",""职位简介"":""从事一线入户调查、数据处理、统计分析、统计研究等工作。"",""职位代码"":""400110123006"",""机构层级"":""市（地）级"",""考试类别"":""市（地）级及以下直属机构综合管理类"",""招考人数"":""1"",""专业"":""统计学类、数学类、经济学类、计算机类（不含电影制作、工业软件专业）"",""学历"":""仅限本科"",""学位"":""学士"",""政治面貌"":""不限"",""基层工作最低年限"":""无限制"",""服务基层项目工作经历"":""无限制"",""是否在面试阶段组织专业能力测试"":""否"",""面试人员比例"":""3:1"",""工作地点"":""四川省德阳市旌阳区"",""落户地点"":""四川省德阳市旌阳区"",""备注"":""1.该职位需要长期出差，经常深入乡村厂矿一线；2.该职位限招应届高校毕业生；3.报名时需写明专业代码；4.本单位最低服务年限为5年（含试用期）。"",""部门网站"":""http://www.stats.gov.cn"",""咨询电话1"":""028-65593798"",""咨询电话2"":"""",""咨询电话3"":"""",""来源Sheet"":""中央国家行政机关参照公务员法管理事业单位""}}"
"government_jobs","国家公务员2026招考简章","公务员/事业单位技术岗位","四川省绵阳市涪城区","2026-07-28T09:12:58.310295+00:00","绵阳调查队业务科室四级主任科员及以下","国家统计局四川调查总队","","四川省绵阳市涪城区","公务员/事业单位;2026;computer_software;data_ai;仅限硕士研究生;硕士;统计学类、数学类、经济学类，计算机科学与技术、法学;市（地）级及以下直属机构综合管理类","用人司局：国家统计局四川调查总队
职位简介：从事一线入户调查、数据处理、统计分析、统计研究等工作。
专业要求：统计学类、数学类、经济学类，计算机科学与技术、法学
学历要求：仅限硕士研究生
学位要求：硕士
政治面貌：不限
基层工作经历：无限制
考试类别：市（地）级及以下直属机构综合管理类
备注：1.该职位需要长期出差，经常深入乡村厂矿一线；2.报名时需写明专业代码；3.本单位最低服务年限为5年（含试用期）。","http://bm.scs.gov.cn/kl2026#137123-400110123007","2025-10-14","{""dataset_year"":2026,""job_uid"":""GOV-2026-137123-400110123007"",""publisher"":""国家公务员局"",""publication_page"":""http://bm.scs.gov.cn/kl2026"",""attachment_url"":""local://2026_guokao_zhaokaojianzhang.zip"",""local_source_file"":""中央机关及其直属机构2026年度考试录用公务员招考简章.xls"",""local_source_sha256"":""2670bae1df1dd07a3a3c79b9db46a11e3bb15a6c9c249e6af98bfd0b61ce3aaf"",""source_sheet"":""中央国家行政机关参照公务员法管理事业单位"",""filter_version"":""government_tech_v2"",""tech_filter"":{""is_tech"":true,""is_core_tech"":true,""scope"":""core"",""categories"":[""computer_software"",""data_ai""],""matched_fields"":[""major"",""description""],""major_terms"":[""计算机科学与技术""],""role_terms"":[""数据处理""],""reason"":""tech_major_and_role""},""original"":{""部门代码"":""137123"",""部门名称"":""国家统计局四川调查总队"",""用人司局"":""国家统计局四川调查总队"",""机构性质"":""中央国家行政机关参照公务员法管理事业单位"",""招考职位"":""绵阳调查队业务科室四级主任科员及以下"",""职位属性"":""普通职位"",""职位分布"":""西部地区和艰苦边远地区职位"",""职位简介"":""从事一线入户调查、数据处理、统计分析、统计研究等工作。"",""职位代码"":""400110123007"",""机构层级"":""市（地）级"",""考试类别"":""市（地）级及以下直属机构综合管理类"",""招考人数"":""1"",""专业"":""统计学类、数学类、经济学类，计算机科学与技术、法学"",""学历"":""仅限硕士研究生"",""学位"":""硕士"",""政治面貌"":""不限"",""基层工作最低年限"":""无限制"",""服务基层项目工作经历"":""无限制"",""是否在面试阶段组织专业能力测试"":""否"",""面试人员比例"":""3:1"",""工作地点"":""四川省绵阳市涪城区"",""落户地点"":""四川省绵阳市涪城区"",""备注"":""1.该职位需要长期出差，经常深入乡村厂矿一线；2.报名时需写明专业代码；3.本单位最低服务年限为5年（含试用期）。"",""部门网站"":""http://www.stats.gov.cn"",""咨询电话1"":""028-65593798"",""咨询电话2"":"""",""咨询电话3"":"""",""来源Sheet"":""中央国家行政机关参照公务员法管理事业单位""}}"
"government_jobs","国家公务员2026招考简章","公务员/事业单位技术岗位","四川省乐山市市中区","2026-07-28T09:12:58.310295+00:00","乐山调查队业务科室一级科员","国家统计局四川调查总队","","四川省乐山市市中区","公务员/事业单位;2026;computer_software;data_ai;仅限本科;学士;统计学类、数学类、经济学类、计算机类（不含电影制作、工业软件专业）;市（地）级及以下直属机构综合管理类","用人司局：国家统计局四川调查总队
职位简介：从事一线入户调查、数据处理、统计分析、统计研究等工作。
专业要求：统计学类、数学类、经济学类、计算机类（不含电影制作、工业软件专业）
学历要求：仅限本科
学位要求：学士
政治面貌：不限
基层工作经历：二年
考试类别：市（地）级及以下直属机构综合管理类
备注：1.该职位限招四川省户籍和长期生活工作在四川的考生；2.报名时需写明专业代码；3.该职位需要长期出差，经常深入乡村厂矿一线；4.本单位最低服务年限为5年（含试用期）。","http://bm.scs.gov.cn/kl2026#137123-400110123010","2025-10-14","{""dataset_year"":2026,""job_uid"":""GOV-2026-137123-400110123010"",""publisher"":""国家公务员局"",""publication_page"":""http://bm.scs.gov.cn/kl2026"",""attachment_url"":""local://2026_guokao_zhaokaojianzhang.zip"",""local_source_file"":""中央机关及其直属机构2026年度考试录用公务员招考简章.xls"",""local_source_sha256"":""2670bae1df1dd07a3a3c79b9db46a11e3bb15a6c9c249e6af98bfd0b61ce3aaf"",""source_sheet"":""中央国家行政机关参照公务员法管理事业单位"",""filter_version"":""government_tech_v2"",""tech_filter"":{""is_tech"":true,""is_core_tech"":true,""scope"":""core"",""categories"":[""computer_software"",""data_ai""],""matched_fields"":[""major"",""description""],""major_terms"":[""计算机类""],""role_terms"":[""数据处理""],""reason"":""tech_major_and_role""},""original"":{""部门代码"":""137123"",""部门名称"":""国家统计局四川调查总队"",""用人司局"":""国家统计局四川调查总队"",""机构性质"":""中央国家行政机关参照公务员法管理事业单位"",""招考职位"":""乐山调查队业务科室一级科员"",""职位属性"":""普通职位"",""职位分布"":""西部地区和艰苦边远地区职位"",""职位简介"":""从事一线入户调查、数据处理、统计分析、统计研究等工作。"",""职位代码"":""400110123010"",""机构层级"":""市（地）级"",""考试类别"":""市（地）级及以下直属机构综合管理类"",""招考人数"":""1"",""专业"":""统计学类、数学类、经济学类、计算机类（不含电影制作、工业软件专业）"",""学历"":""仅限本科"",""学位"":""学士"",""政治面貌"":""不限"",""基层工作最低年限"":""二年"",""服务基层项目工作经历"":""大学生村官、农村义务教育阶段学校教师特设岗位计划、“三支一扶”计划、大学生志愿服务西部计划、在军队服役5年（含）以上的高校毕业生退役士兵"",""是否在面试阶段组织专业能力测试"":""否"",""面试人员比例"":""3:1"",""工作地点"":""四川省乐山市市中区"",""落户地点"":""四川省乐山市市中区"",""备注"":""1.该职位限招四川省户籍和长期生活工作在四川的考生；2.报名时需写明专业代码；3.该职位需要长期出差，经常深入乡村厂矿一线；4.本单位最低服务年限为5年（含试用期）。"",""部门网站"":""http://www.stats.gov.cn"",""咨询电话1"":""028-65593798"",""咨询电话2"":"""",""咨询电话3"":"""",""来源Sheet"":""中央国家行政机关参照公务员法管理事业单位""}}"
"government_jobs","国家公务员2026招考简章","公务员/事业单位技术岗位","四川省眉山市东坡区","2026-07-28T09:12:58.310295+00:00","眉山调查队业务科室一级科员","国家统计局四川调查总队","","四川省眉山市东坡区","公务员/事业单位;2026;computer_software;data_ai;仅限本科;学士;统计学类、数学类、经济学类、计算机类（不含电影制作、工业软件专业）;市（地）级及以下直属机构综合管理类","用人司局：国家统计局四川调查总队
职位简介：从事一线入户调查、数据处理、统计分析、统计研究等工作。
专业要求：统计学类、数学类、经济学类、计算机类（不含电影制作、工业软件专业）
学历要求：仅限本科
学位要求：学士
政治面貌：不限
基层工作经历：二年
考试类别：市（地）级及以下直属机构综合管理类
备注：1.该职位限招四川省户籍和长期生活工作在四川的考生；2.报名时需写明专业代码；3.该职位需要长期出差，经常深入乡村厂矿一线；4.本单位最低服务年限为5年（含试用期）。","http://bm.scs.gov.cn/kl2026#137123-400110123012","2025-10-14","{""dataset_year"":2026,""job_uid"":""GOV-2026-137123-400110123012"",""publisher"":""国家公务员局"",""publication_page"":""http://bm.scs.gov.cn/kl2026"",""attachment_url"":""local://2026_guokao_zhaokaojianzhang.zip"",""local_source_file"":""中央机关及其直属机构2026年度考试录用公务员招考简章.xls"",""local_source_sha256"":""2670bae1df1dd07a3a3c79b9db46a11e3bb15a6c9c249e6af98bfd0b61ce3aaf"",""source_sheet"":""中央国家行政机关参照公务员法管理事业单位"",""filter_version"":""government_tech_v2"",""tech_filter"":{""is_tech"":true,""is_core_tech"":true,""scope"":""core"",""categories"":[""computer_software"",""data_ai""],""matched_fields"":[""major"",""description""],""major_terms"":[""计算机类""],""role_terms"":[""数据处理""],""reason"":""tech_major_and_role""},""original"":{""部门代码"":""137123"",""部门名称"":""国家统计局四川调查总队"",""用人司局"":""国家统计局四川调查总队"",""机构性质"":""中央国家行政机关参照公务员法管理事业单位"",""招考职位"":""眉山调查队业务科室一级科员"",""职位属性"":""普通职位"",""职位分布"":""西部地区和艰苦边远地区职位"",""职位简介"":""从事一线入户调查、数据处理、统计分析、统计研究等工作。"",""职位代码"":""400110123012"",""机构层级"":""市（地）级"",""考试类别"":""市（地）级及以下直属机构综合管理类"",""招考人数"":""1"",""专业"":""统计学类、数学类、经济学类、计算机类（不含电影制作、工业软件专业）"",""学历"":""仅限本科"",""学位"":""学士"",""政治面貌"":""不限"",""基层工作最低年限"":""二年"",""服务基层项目工作经历"":""大学生村官、农村义务教育阶段学校教师特设岗位计划、“三支一扶”计划、大学生志愿服务西部计划、在军队服役5年（含）以上的高校毕业生退役士兵"",""是否在面试阶段组织专业能力测试"":""否"",""面试人员比例"":""3:1"",""工作地点"":""四川省眉山市东坡区"",""落户地点"":""四川省眉山市东坡区"",""备注"":""1.该职位限招四川省户籍和长期生活工作在四川的考生；2.报名时需写明专业代码；3.该职位需要长期出差，经常深入乡村厂矿一线；4.本单位最低服务年限为5年（含试用期）。"",""部门网站"":""http://www.stats.gov.cn"",""咨询电话1"":""028-65593798"",""咨询电话2"":"""",""咨询电话3"":"""",""来源Sheet"":""中央国家行政机关参照公务员法管理事业单位""}}"
"government_jobs","国家公务员2026招考简章","公务员/事业单位技术岗位","四川省巴中市巴州区","2026-07-28T09:12:58.310295+00:00","巴中调查队业务科室一级科员（1）","国家统计局四川调查总队","","四川省巴中市巴州区","公务员/事业单位;2026;computer_software;data_ai;仅限本科;学士;统计学类、数学类、经济学类、计算机类（不含电影制作、工业软件专业）;市（地）级及以下直属机构综合管理类","用人司局：国家统计局四川调查总队
职位简介：从事一线入户调查、数据处理、统计分析、统计研究等工作。
专业要求：统计学类、数学类、经济学类、计算机类（不含电影制作、工业软件专业）
学历要求：仅限本科
学位要求：学士
政治面貌：不限
基层工作经历：无限制
考试类别：市（地）级及以下直属机构综合管理类
备注：1.该职位需要长期出差，经常深入乡村厂矿一线；2.该职位限招应届高校毕业生；3.报名时需写明专业代码；4.本单位最低服务年限为5年（含试用期）；5.限男性报考。","http://bm.scs.gov.cn/kl2026#137123-400110123014","2025-10-14","{""dataset_year"":2026,""job_uid"":""GOV-2026-137123-400110123014"",""publisher"":""国家公务员局"",""publication_page"":""http://bm.scs.gov.cn/kl2026"",""attachment_url"":""local://2026_guokao_zhaokaojianzhang.zip"",""local_source_file"":""中央机关及其直属机构2026年度考试录用公务员招考简章.xls"",""local_source_sha256"":""2670bae1df1dd07a3a3c79b9db46a11e3bb15a6c9c249e6af98bfd0b61ce3aaf"",""source_sheet"":""中央国家行政机关参照公务员法管理事业单位"",""filter_version"":""government_tech_v2"",""tech_filter"":{""is_tech"":true,""is_core_tech"":true,""scope"":""core"",""categories"":[""computer_software"",""data_ai""],""matched_fields"":[""major"",""description""],""major_terms"":[""计算机类""],""role_terms"":[""数据处理""],""reason"":""tech_major_and_role""},""original"":{""部门代码"":""137123"",""部门名称"":""国家统计局四川调查总队"",""用人司局"":""国家统计局四川调查总队"",""机构性质"":""中央国家行政机关参照公务员法管理事业单位"",""招考职位"":""巴中调查队业务科室一级科员（1）"",""职位属性"":""普通职位"",""职位分布"":""西部地区和艰苦边远地区职位"",""职位简介"":""从事一线入户调查、数据处理、统计分析、统计研究等工作。"",""职位代码"":""400110123014"",""机构层级"":""市（地）级"",""考试类别"":""市（地）级及以下直属机构综合管理类"",""招考人数"":""1"",""专业"":""统计学类、数学类、经济学类、计算机类（不含电影制作、工业软件专业）"",""学历"":""仅限本科"",""学位"":""学士"",""政治面貌"":""不限"",""基层工作最低年限"":""无限制"",""服务基层项目工作经历"":""无限制"",""是否在面试阶段组织专业能力测试"":""否"",""面试人员比例"":""3:1"",""工作地点"":""四川省巴中市巴州区"",""落户地点"":""四川省巴中市巴州区"",""备注"":""1.该职位需要长期出差，经常深入乡村厂矿一线；2.该职位限招应届高校毕业生；3.报名时需写明专业代码；4.本单位最低服务年限为5年（含试用期）；5.限男性报考。"",""部门网站"":""http://www.stats.gov.cn"",""咨询电话1"":""028-65593798"",""咨询电话2"":"""",""咨询电话3"":"""",""来源Sheet"":""中央国家行政机关参照公务员法管理事业单位""}}"
"government_jobs","国家公务员2026招考简章","公务员/事业单位技术岗位","四川省巴中市巴州区","2026-07-28T09:12:58.310295+00:00","巴中调查队业务科室一级科员（2）","国家统计局四川调查总队","","四川省巴中市巴州区","公务员/事业单位;2026;computer_software;data_ai;仅限本科;学士;统计学类、数学类、经济学类、计算机类（不含电影制作、工业软件专业）;市（地）级及以下直属机构综合管理类","用人司局：国家统计局四川调查总队
职位简介：从事一线入户调查、数据处理、统计分析、统计研究等工作。
专业要求：统计学类、数学类、经济学类、计算机类（不含电影制作、工业软件专业）
学历要求：仅限本科
学位要求：学士
政治面貌：不限
基层工作经历：无限制
考试类别：市（地）级及以下直属机构综合管理类
备注：1.该职位需要长期出差，经常深入乡村厂矿一线；2.该职位限招应届高校毕业生；3.报名时需写明专业代码；4.本单位最低服务年限为5年（含试用期）；5.限女性报考。","http://bm.scs.gov.cn/kl2026#137123-400110123015","2025-10-14","{""dataset_year"":2026,""job_uid"":""GOV-2026-137123-400110123015"",""publisher"":""国家公务员局"",""publication_page"":""http://bm.scs.gov.cn/kl2026"",""attachment_url"":""local://2026_guokao_zhaokaojianzhang.zip"",""local_source_file"":""中央机关及其直属机构2026年度考试录用公务员招考简章.xls"",""local_source_sha256"":""2670bae1df1dd07a3a3c79b9db46a11e3bb15a6c9c249e6af98bfd0b61ce3aaf"",""source_sheet"":""中央国家行政机关参照公务员法管理事业单位"",""filter_version"":""government_tech_v2"",""tech_filter"":{""is_tech"":true,""is_core_tech"":true,""scope"":""core"",""categories"":[""computer_software"",""data_ai""],""matched_fields"":[""major"",""description""],""major_terms"":[""计算机类""],""role_terms"":[""数据处理""],""reason"":""tech_major_and_role""},""original"":{""部门代码"":""137123"",""部门名称"":""国家统计局四川调查总队"",""用人司局"":""国家统计局四川调查总队"",""机构性质"":""中央国家行政机关参照公务员法管理事业单位"",""招考职位"":""巴中调查队业务科室一级科员（2）"",""职位属性"":""普通职位"",""职位分布"":""西部地区和艰苦边远地区职位"",""职位简介"":""从事一线入户调查、数据处理、统计分析、统计研究等工作。"",""职位代码"":""400110123015"",""机构层级"":""市（地）级"",""考试类别"":""市（地）级及以下直属机构综合管理类"",""招考人数"":""1"",""专业"":""统计学类、数学类、经济学类、计算机类（不含电影制作、工业软件专业）"",""学历"":""仅限本科"",""学位"":""学士"",""政治面貌"":""不限"",""基层工作最低年限"":""无限制"",""服务基层项目工作经历"":""无限制"",""是否在面试阶段组织专业能力测试"":""否"",""面试人员比例"":""3:1"",""工作地点"":""四川省巴中市巴州区"",""落户地点"":""四川省巴中市巴州区"",""备注"":""1.该职位需要长期出差，经常深入乡村厂矿一线；2.该职位限招应届高校毕业生；3.报名时需写明专业代码；4.本单位最低服务年限为5年（含试用期）；5.限女性报考。"",""部门网站"":""http://www.stats.gov.cn"",""咨询电话1"":""028-65593798"",""咨询电话2"":"""",""咨询电话3"":"""",""来源Sheet"":""中央国家行政机关参照公务员法管理事业单位""}}"
"government_jobs","国家公务员2026招考简章","公务员/事业单位技术岗位","四川省资阳市雁江区","2026-07-28T09:12:58.310295+00:00","资阳调查队业务科室一级科员","国家统计局四川调查总队","","四川省资阳市雁江区","公务员/事业单位;2026;computer_software;data_ai;仅限本科;学士;统计学类、数学类、经济学类、计算机类（不含电影制作、工业软件专业）;市（地）级及以下直属机构综合管理类","用人司局：国家统计局四川调查总队
职位简介：从事一线入户调查、数据处理、统计分析、统计研究等工作。
专业要求：统计学类、数学类、经济学类、计算机类（不含电影制作、工业软件专业）
学历要求：仅限本科
学位要求：学士
政治面貌：不限
基层工作经历：无限制
考试类别：市（地）级及以下直属机构综合管理类
备注：1.该职位需要长期出差，经常深入乡村厂矿一线；2.该职位限招应届高校毕业生；3.报名时需写明专业代码；4.本单位最低服务年限为5年（含试用期）。","http://bm.scs.gov.cn/kl2026#137123-400110123016","2025-10-14","{""dataset_year"":2026,""job_uid"":""GOV-2026-137123-400110123016"",""publisher"":""国家公务员局"",""publication_page"":""http://bm.scs.gov.cn/kl2026"",""attachment_url"":""local://2026_guokao_zhaokaojianzhang.zip"",""local_source_file"":""中央机关及其直属机构2026年度考试录用公务员招考简章.xls"",""local_source_sha256"":""2670bae1df1dd07a3a3c79b9db46a11e3bb15a6c9c249e6af98bfd0b61ce3aaf"",""source_sheet"":""中央国家行政机关参照公务员法管理事业单位"",""filter_version"":""government_tech_v2"",""tech_filter"":{""is_tech"":true,""is_core_tech"":true,""scope"":""core"",""categories"":[""computer_software"",""data_ai""],""matched_fields"":[""major"",""description""],""major_terms"":[""计算机类""],""role_terms"":[""数据处理""],""reason"":""tech_major_and_role""},""original"":{""部门代码"":""137123"",""部门名称"":""国家统计局四川调查总队"",""用人司局"":""国家统计局四川调查总队"",""机构性质"":""中央国家行政机关参照公务员法管理事业单位"",""招考职位"":""资阳调查队业务科室一级科员"",""职位属性"":""普通职位"",""职位分布"":""西部地区和艰苦边远地区职位"",""职位简介"":""从事一线入户调查、数据处理、统计分析、统计研究等工作。"",""职位代码"":""400110123016"",""机构层级"":""市（地）级"",""考试类别"":""市（地）级及以下直属机构综合管理类"",""招考人数"":""1"",""专业"":""统计学类、数学类、经济学类、计算机类（不含电影制作、工业软件专业）"",""学历"":""仅限本科"",""学位"":""学士"",""政治面貌"":""不限"",""基层工作最低年限"":""无限制"",""服务基层项目工作经历"":""无限制"",""是否在面试阶段组织专业能力测试"":""否"",""面试人员比例"":""3:1"",""工作地点"":""四川省资阳市雁江区"",""落户地点"":""四川省资阳市雁江区"",""备注"":""1.该职位需要长期出差，经常深入乡村厂矿一线；2.该职位限招应届高校毕业生；3.报名时需写明专业代码；4.本单位最低服务年限为5年（含试用期）。"",""部门网站"":""http://www.stats.gov.cn"",""咨询电话1"":""028-65593798"",""咨询电话2"":"""",""咨询电话3"":"""",""来源Sheet"":""中央国家行政机关参照公务员法管理事业单位""}}"
"government_jobs","国家公务员2026招考简章","公务员/事业单位技术岗位","四川省甘孜藏族自治州康定市","2026-07-28T09:12:58.310295+00:00","甘孜调查队业务科室一级科员","国家统计局四川调查总队","","四川省甘孜藏族自治州康定市","公务员/事业单位;2026;computer_software;data_ai;仅限本科;学士;统计学类、数学类、经济学类、计算机类（不含电影制作、工业软件专业）;市（地）级及以下直属机构综合管理类","用人司局：国家统计局四川调查总队
职位简介：从事一线入户调查、数据处理、统计分析、统计研究等工作。
专业要求：统计学类、数学类、经济学类、计算机类（不含电影制作、工业软件专业）
学历要求：仅限本科
学位要求：学士
政治面貌：不限
基层工作经历：无限制
考试类别：市（地）级及以下直属机构综合管理类
备注：1.该职位需要长期出差，经常深入乡村厂矿一线；2.该职位限招应届高校毕业生；3.报名时需写明专业代码；4.本单位最低服务年限为5年（含试用期）。","http://bm.scs.gov.cn/kl2026#137123-400110123017","2025-10-14","{""dataset_year"":2026,""job_uid"":""GOV-2026-137123-400110123017"",""publisher"":""国家公务员局"",""publication_page"":""http://bm.scs.gov.cn/kl2026"",""attachment_url"":""local://2026_guokao_zhaokaojianzhang.zip"",""local_source_file"":""中央机关及其直属机构2026年度考试录用公务员招考简章.xls"",""local_source_sha256"":""2670bae1df1dd07a3a3c79b9db46a11e3bb15a6c9c249e6af98bfd0b61ce3aaf"",""source_sheet"":""中央国家行政机关参照公务员法管理事业单位"",""filter_version"":""government_tech_v2"",""tech_filter"":{""is_tech"":true,""is_core_tech"":true,""scope"":""core"",""categories"":[""computer_software"",""data_ai""],""matched_fields"":[""major"",""description""],""major_terms"":[""计算机类""],""role_terms"":[""数据处理""],""reason"":""tech_major_and_role""},""original"":{""部门代码"":""137123"",""部门名称"":""国家统计局四川调查总队"",""用人司局"":""国家统计局四川调查总队"",""机构性质"":""中央国家行政机关参照公务员法管理事业单位"",""招考职位"":""甘孜调查队业务科室一级科员"",""职位属性"":""普通职位"",""职位分布"":""西部地区和艰苦边远地区职位"",""职位简介"":""从事一线入户调查、数据处理、统计分析、统计研究等工作。"",""职位代码"":""400110123017"",""机构层级"":""市（地）级"",""考试类别"":""市（地）级及以下直属机构综合管理类"",""招考人数"":""1"",""专业"":""统计学类、数学类、经济学类、计算机类（不含电影制作、工业软件专业）"",""学历"":""仅限本科"",""学位"":""学士"",""政治面貌"":""不限"",""基层工作最低年限"":""无限制"",""服务基层项目工作经历"":""无限制"",""是否在面试阶段组织专业能力测试"":""否"",""面试人员比例"":""3:1"",""工作地点"":""四川省甘孜藏族自治州康定市"",""落户地点"":""四川省甘孜藏族自治州康定市"",""备注"":""1.该职位需要长期出差，经常深入乡村厂矿一线；2.该职位限招应届高校毕业生；3.报名时需写明专业代码；4.本单位最低服务年限为5年（含试用期）。"",""部门网站"":""http://www.stats.gov.cn"",""咨询电话1"":""028-65593798"",""咨询电话2"":"""",""咨询电话3"":"""",""来源Sheet"":""中央国家行政机关参照公务员法管理事业单位""}}"
"government_jobs","国家公务员2026招考简章","公务员/事业单位技术岗位","四川省成都市温江区","2026-07-28T09:12:58.310295+00:00","温江调查队四级主任科员及以下","国家统计局四川调查总队","","四川省成都市温江区","公务员/事业单位;2026;computer_software;data_ai;仅限硕士研究生;硕士;统计学类、数学类、经济学类，计算机科学与技术;市（地）级及以下直属机构综合管理类","用人司局：国家统计局四川调查总队
职位简介：从事一线入户调查、数据处理、统计分析、统计研究等工作。
专业要求：统计学类、数学类、经济学类，计算机科学与技术
学历要求：仅限硕士研究生
学位要求：硕士
政治面貌：不限
基层工作经历：无限制
考试类别：市（地）级及以下直属机构综合管理类
备注：1.该职位需要长期出差，经常深入乡村厂矿一线；2.报名时需写明专业代码；3.本单位最低服务年限为5年（含试用期）。","http://bm.scs.gov.cn/kl2026#137123-400110123018","2025-10-14","{""dataset_year"":2026,""job_uid"":""GOV-2026-137123-400110123018"",""publisher"":""国家公务员局"",""publication_page"":""http://bm.scs.gov.cn/kl2026"",""attachment_url"":""local://2026_guokao_zhaokaojianzhang.zip"",""local_source_file"":""中央机关及其直属机构2026年度考试录用公务员招考简章.xls"",""local_source_sha256"":""2670bae1df1dd07a3a3c79b9db46a11e3bb15a6c9c249e6af98bfd0b61ce3aaf"",""source_sheet"":""中央国家行政机关参照公务员法管理事业单位"",""filter_version"":""government_tech_v2"",""tech_filter"":{""is_tech"":true,""is_core_tech"":true,""scope"":""core"",""categories"":[""computer_software"",""data_ai""],""matched_fields"":[""major"",""description""],""major_terms"":[""计算机科学与技术""],""role_terms"":[""数据处理""],""reason"":""tech_major_and_role""},""original"":{""部门代码"":""137123"",""部门名称"":""国家统计局四川调查总队"",""用人司局"":""国家统计局四川调查总队"",""机构性质"":""中央国家行政机关参照公务员法管理事业单位"",""招考职位"":""温江调查队四级主任科员及以下"",""职位属性"":""普通职位"",""职位分布"":""西部地区和艰苦边远地区职位"",""职位简介"":""从事一线入户调查、数据处理、统计分析、统计研究等工作。"",""职位代码"":""400110123018"",""机构层级"":""县（区）级及以下"",""考试类别"":""市（地）级及以下直属机构综合管理类"",""招考人数"":""1"",""专业"":""统计学类、数学类、经济学类，计算机科学与技术"",""学历"":""仅限硕士研究生"",""学位"":""硕士"",""政治面貌"":""不限"",""基层工作最低年限"":""无限制"",""服务基层项目工作经历"":""无限制"",""是否在面试阶段组织专业能力测试"":""否"",""面试人员比例"":""3:1"",""工作地点"":""四川省成都市温江区"",""落户地点"":""四川省成都市温江区"",""备注"":""1.该职位需要长期出差，经常深入乡村厂矿一线；2.报名时需写明专业代码；3.本单位最低服务年限为5年（含试用期）。"",""部门网站"":""http://www.stats.gov.cn"",""咨询电话1"":""028-65593798"",""咨询电话2"":"""",""咨询电话3"":"""",""来源Sheet"":""中央国家行政机关参照公务员法管理事业单位""}}"
"government_jobs","国家公务员2026招考简章","公务员/事业单位技术岗位","四川省成都市邛崃市","2026-07-28T09:12:58.310295+00:00","邛崃调查队一级科员","国家统计局四川调查总队","","四川省成都市邛崃市","公务员/事业单位;2026;computer_software;data_ai;仅限本科;学士;统计学类、数学类、经济学类、计算机类（不含电影制作、工业软件专业）;市（地）级及以下直属机构综合管理类","用人司局：国家统计局四川调查总队
职位简介：从事一线入户调查、数据处理、统计分析、统计研究等工作。
专业要求：统计学类、数学类、经济学类、计算机类（不含电影制作、工业软件专业）
学历要求：仅限本科
学位要求：学士
政治面貌：不限
基层工作经历：无限制
考试类别：市（地）级及以下直属机构综合管理类
备注：1.该职位需要长期出差，经常深入乡村厂矿一线；2.该职位限招应届高校毕业生；3.报名时需写明专业代码；4.本单位最低服务年限为5年（含试用期）。","http://bm.scs.gov.cn/kl2026#137123-400110123019","2025-10-14","{""dataset_year"":2026,""job_uid"":""GOV-2026-137123-400110123019"",""publisher"":""国家公务员局"",""publication_page"":""http://bm.scs.gov.cn/kl2026"",""attachment_url"":""local://2026_guokao_zhaokaojianzhang.zip"",""local_source_file"":""中央机关及其直属机构2026年度考试录用公务员招考简章.xls"",""local_source_sha256"":""2670bae1df1dd07a3a3c79b9db46a11e3bb15a6c9c249e6af98bfd0b61ce3aaf"",""source_sheet"":""中央国家行政机关参照公务员法管理事业单位"",""filter_version"":""government_tech_v2"",""tech_filter"":{""is_tech"":true,""is_core_tech"":true,""scope"":""core"",""categories"":[""computer_software"",""data_ai""],""matched_fields"":[""major"",""description""],""major_terms"":[""计算机类""],""role_terms"":[""数据处理""],""reason"":""tech_major_and_role""},""original"":{""部门代码"":""137123"",""部门名称"":""国家统计局四川调查总队"",""用人司局"":""国家统计局四川调查总队"",""机构性质"":""中央国家行政机关参照公务员法管理事业单位"",""招考职位"":""邛崃调查队一级科员"",""职位属性"":""普通职位"",""职位分布"":""西部地区和艰苦边远地区职位"",""职位简介"":""从事一线入户调查、数据处理、统计分析、统计研究等工作。"",""职位代码"":""400110123019"",""机构层级"":""县（区）级及以下"",""考试类别"":""市（地）级及以下直属机构综合管理类"",""招考人数"":""1"",""专业"":""统计学类、数学类、经济学类、计算机类（不含电影制作、工业软件专业）"",""学历"":""仅限本科"",""学位"":""学士"",""政治面貌"":""不限"",""基层工作最低年限"":""无限制"",""服务基层项目工作经历"":""无限制"",""是否在面试阶段组织专业能力测试"":""否"",""面试人员比例"":""3:1"",""工作地点"":""四川省成都市邛崃市"",""落户地点"":""四川省成都市邛崃市"",""备注"":""1.该职位需要长期出差，经常深入乡村厂矿一线；2.该职位限招应届高校毕业生；3.报名时需写明专业代码；4.本单位最低服务年限为5年（含试用期）。"",""部门网站"":""http://www.stats.gov.cn"",""咨询电话1"":""028-65593798"",""咨询电话2"":"""",""咨询电话3"":"""",""来源Sheet"":""中央国家行政机关参照公务员法管理事业单位""}}"
"government_jobs","国家公务员2026招考简章","公务员/事业单位技术岗位","四川省自贡市富顺县","2026-07-28T09:12:58.310295+00:00","富顺调查队一级科员","国家统计局四川调查总队","","四川省自贡市富顺县","公务员/事业单位;2026;computer_software;data_ai;仅限本科;学士;统计学类、数学类、经济学类、计算机类（不含电影制作、工业软件专业）;市（地）级及以下直属机构综合管理类","用人司局：国家统计局四川调查总队
职位简介：从事一线入户调查、数据处理、统计分析、统计研究等工作。
专业要求：统计学类、数学类、经济学类、计算机类（不含电影制作、工业软件专业）
学历要求：仅限本科
学位要求：学士
政治面貌：不限
基层工作经历：无限制
考试类别：市（地）级及以下直属机构综合管理类
备注：1.该职位需要长期出差，经常深入乡村厂矿一线；2.该职位限招应届高校毕业生；3.报名时需写明专业代码；4.本单位最低服务年限为5年（含试用期）。","http://bm.scs.gov.cn/kl2026#137123-400110123020","2025-10-14","{""dataset_year"":2026,""job_uid"":""GOV-2026-137123-400110123020"",""publisher"":""国家公务员局"",""publication_page"":""http://bm.scs.gov.cn/kl2026"",""attachment_url"":""local://2026_guokao_zhaokaojianzhang.zip"",""local_source_file"":""中央机关及其直属机构2026年度考试录用公务员招考简章.xls"",""local_source_sha256"":""2670bae1df1dd07a3a3c79b9db46a11e3bb15a6c9c249e6af98bfd0b61ce3aaf"",""source_sheet"":""中央国家行政机关参照公务员法管理事业单位"",""filter_version"":""government_tech_v2"",""tech_filter"":{""is_tech"":true,""is_core_tech"":true,""scope"":""core"",""categories"":[""computer_software"",""data_ai""],""matched_fields"":[""major"",""description""],""major_terms"":[""计算机类""],""role_terms"":[""数据处理""],""reason"":""tech_major_and_role""},""original"":{""部门代码"":""137123"",""部门名称"":""国家统计局四川调查总队"",""用人司局"":""国家统计局四川调查总队"",""机构性质"":""中央国家行政机关参照公务员法管理事业单位"",""招考职位"":""富顺调查队一级科员"",""职位属性"":""普通职位"",""职位分布"":""西部地区和艰苦边远地区职位"",""职位简介"":""从事一线入户调查、数据处理、统计分析、统计研究等工作。"",""职位代码"":""400110123020"",""机构层级"":""县（区）级及以下"",""考试类别"":""市（地）级及以下直属机构综合管理类"",""招考人数"":""1"",""专业"":""统计学类、数学类、经济学类、计算机类（不含电影制作、工业软件专业）"",""学历"":""仅限本科"",""学位"":""学士"",""政治面貌"":""不限"",""基层工作最低年限"":""无限制"",""服务基层项目工作经历"":""无限制"",""是否在面试阶段组织专业能力测试"":""否"",""面试人员比例"":""3:1"",""工作地点"":""四川省自贡市富顺县"",""落户地点"":""四川省自贡市富顺县"",""备注"":""1.该职位需要长期出差，经常深入乡村厂矿一线；2.该职位限招应届高校毕业生；3.报名时需写明专业代码；4.本单位最低服务年限为5年（含试用期）。"",""部门网站"":""http://www.stats.gov.cn"",""咨询电话1"":""028-65593798"",""咨询电话2"":"""",""咨询电话3"":"""",""来源Sheet"":""中央国家行政机关参照公务员法管理事业单位""}}"
"government_jobs","国家公务员2026招考简章","公务员/事业单位技术岗位","四川省泸州市合江县","2026-07-28T09:12:58.310295+00:00","合江调查队一级科员","国家统计局四川调查总队","","四川省泸州市合江县","公务员/事业单位;2026;computer_software;data_ai;仅限本科;学士;统计学类、数学类、经济学类、计算机类（不含电影制作、工业软件专业）;市（地）级及以下直属机构综合管理类","用人司局：国家统计局四川调查总队
职位简介：从事一线入户调查、数据处理、统计分析、统计研究等工作。
专业要求：统计学类、数学类、经济学类、计算机类（不含电影制作、工业软件专业）
学历要求：仅限本科
学位要求：学士
政治面貌：不限
基层工作经历：无限制
考试类别：市（地）级及以下直属机构综合管理类
备注：1.该职位需要长期出差，经常深入乡村厂矿一线；2.该职位限招应届高校毕业生；3.报名时需写明专业代码；4.本单位最低服务年限为5年（含试用期）。","http://bm.scs.gov.cn/kl2026#137123-400110123021","2025-10-14","{""dataset_year"":2026,""job_uid"":""GOV-2026-137123-400110123021"",""publisher"":""国家公务员局"",""publication_page"":""http://bm.scs.gov.cn/kl2026"",""attachment_url"":""local://2026_guokao_zhaokaojianzhang.zip"",""local_source_file"":""中央机关及其直属机构2026年度考试录用公务员招考简章.xls"",""local_source_sha256"":""2670bae1df1dd07a3a3c79b9db46a11e3bb15a6c9c249e6af98bfd0b61ce3aaf"",""source_sheet"":""中央国家行政机关参照公务员法管理事业单位"",""filter_version"":""government_tech_v2"",""tech_filter"":{""is_tech"":true,""is_core_tech"":true,""scope"":""core"",""categories"":[""computer_software"",""data_ai""],""matched_fields"":[""major"",""description""],""major_terms"":[""计算机类""],""role_terms"":[""数据处理""],""reason"":""tech_major_and_role""},""original"":{""部门代码"":""137123"",""部门名称"":""国家统计局四川调查总队"",""用人司局"":""国家统计局四川调查总队"",""机构性质"":""中央国家行政机关参照公务员法管理事业单位"",""招考职位"":""合江调查队一级科员"",""职位属性"":""普通职位"",""职位分布"":""西部地区和艰苦边远地区职位"",""职位简介"":""从事一线入户调查、数据处理、统计分析、统计研究等工作。"",""职位代码"":""400110123021"",""机构层级"":""县（区）级及以下"",""考试类别"":""市（地）级及以下直属机构综合管理类"",""招考人数"":""1"",""专业"":""统计学类、数学类、经济学类、计算机类（不含电影制作、工业软件专业）"",""学历"":""仅限本科"",""学位"":""学士"",""政治面貌"":""不限"",""基层工作最低年限"":""无限制"",""服务基层项目工作经历"":""无限制"",""是否在面试阶段组织专业能力测试"":""否"",""面试人员比例"":""3:1"",""工作地点"":""四川省泸州市合江县"",""落户地点"":""四川省泸州市合江县"",""备注"":""1.该职位需要长期出差，经常深入乡村厂矿一线；2.该职位限招应届高校毕业生；3.报名时需写明专业代码；4.本单位最低服务年限为5年（含试用期）。"",""部门网站"":""http://www.stats.gov.cn"",""咨询电话1"":""028-65593798"",""咨询电话2"":"""",""咨询电话3"":"""",""来源Sheet"":""中央国家行政机关参照公务员法管理事业单位""}}"
"government_jobs","国家公务员2026招考简章","公务员/事业单位技术岗位","四川省绵阳市梓潼县","2026-07-28T09:12:58.310295+00:00","梓潼调查队一级科员（1）","国家统计局四川调查总队","","四川省绵阳市梓潼县","公务员/事业单位;2026;computer_software;data_ai;仅限本科;学士;经济学门类，统计学类、数学类、计算机类（不含电影制作、工业软件专业）;市（地）级及以下直属机构综合管理类","用人司局：国家统计局四川调查总队
职位简介：从事一线入户调查、数据处理、统计分析、统计研究等工作。
专业要求：经济学门类，统计学类、数学类、计算机类（不含电影制作、工业软件专业）
学历要求：仅限本科
学位要求：学士
政治面貌：不限
基层工作经历：无限制
考试类别：市（地）级及以下直属机构综合管理类
备注：1.该职位需要长期出差，经常深入乡村厂矿一线；2.该职位限招应届高校毕业生；3.报名时需写明专业代码；4.本单位最低服务年限为5年（含试用期）；5.限男性报考。","http://bm.scs.gov.cn/kl2026#137123-400110123022","2025-10-14","{""dataset_year"":2026,""job_uid"":""GOV-2026-137123-400110123022"",""publisher"":""国家公务员局"",""publication_page"":""http://bm.scs.gov.cn/kl2026"",""attachment_url"":""local://2026_guokao_zhaokaojianzhang.zip"",""local_source_file"":""中央机关及其直属机构2026年度考试录用公务员招考简章.xls"",""local_source_sha256"":""2670bae1df1dd07a3a3c79b9db46a11e3bb15a6c9c249e6af98bfd0b61ce3aaf"",""source_sheet"":""中央国家行政机关参照公务员法管理事业单位"",""filter_version"":""government_tech_v2"",""tech_filter"":{""is_tech"":true,""is_core_tech"":true,""scope"":""core"",""categories"":[""computer_software"",""data_ai""],""matched_fields"":[""major"",""description""],""major_terms"":[""计算机类""],""role_terms"":[""数据处理""],""reason"":""tech_major_and_role""},""original"":{""部门代码"":""137123"",""部门名称"":""国家统计局四川调查总队"",""用人司局"":""国家统计局四川调查总队"",""机构性质"":""中央国家行政机关参照公务员法管理事业单位"",""招考职位"":""梓潼调查队一级科员（1）"",""职位属性"":""普通职位"",""职位分布"":""西部地区和艰苦边远地区职位"",""职位简介"":""从事一线入户调查、数据处理、统计分析、统计研究等工作。"",""职位代码"":""400110123022"",""机构层级"":""县（区）级及以下"",""考试类别"":""市（地）级及以下直属机构综合管理类"",""招考人数"":""1"",""专业"":""经济学门类，统计学类、数学类、计算机类（不含电影制作、工业软件专业）"",""学历"":""仅限本科"",""学位"":""学士"",""政治面貌"":""不限"",""基层工作最低年限"":""无限制"",""服务基层项目工作经历"":""无限制"",""是否在面试阶段组织专业能力测试"":""否"",""面试人员比例"":""3:1"",""工作地点"":""四川省绵阳市梓潼县"",""落户地点"":""四川省绵阳市梓潼县"",""备注"":""1.该职位需要长期出差，经常深入乡村厂矿一线；2.该职位限招应届高校毕业生；3.报名时需写明专业代码；4.本单位最低服务年限为5年（含试用期）；5.限男性报考。"",""部门网站"":""http://www.stats.gov.cn"",""咨询电话1"":""028-65593798"",""咨询电话2"":"""",""咨询电话3"":"""",""来源Sheet"":""中央国家行政机关参照公务员法管理事业单位""}}"
"government_jobs","国家公务员2026招考简章","公务员/事业单位技术岗位","四川省绵阳市梓潼县","2026-07-28T09:12:58.310295+00:00","梓潼调查队一级科员（2）","国家统计局四川调查总队","","四川省绵阳市梓潼县","公务员/事业单位;2026;computer_software;data_ai;仅限本科;学士;经济学门类，统计学类、数学类、计算机类（不含电影制作、工业软件专业）;市（地）级及以下直属机构综合管理类","用人司局：国家统计局四川调查总队
职位简介：从事一线入户调查、数据处理、统计分析、统计研究等工作。
专业要求：经济学门类，统计学类、数学类、计算机类（不含电影制作、工业软件专业）
学历要求：仅限本科
学位要求：学士
政治面貌：不限
基层工作经历：无限制
考试类别：市（地）级及以下直属机构综合管理类
备注：1.该职位需要长期出差，经常深入乡村厂矿一线；2.该职位限招应届高校毕业生；3.报名时需写明专业代码；4.本单位最低服务年限为5年（含试用期）；5.限女性报考。","http://bm.scs.gov.cn/kl2026#137123-400110123023","2025-10-14","{""dataset_year"":2026,""job_uid"":""GOV-2026-137123-400110123023"",""publisher"":""国家公务员局"",""publication_page"":""http://bm.scs.gov.cn/kl2026"",""attachment_url"":""local://2026_guokao_zhaokaojianzhang.zip"",""local_source_file"":""中央机关及其直属机构2026年度考试录用公务员招考简章.xls"",""local_source_sha256"":""2670bae1df1dd07a3a3c79b9db46a11e3bb15a6c9c249e6af98bfd0b61ce3aaf"",""source_sheet"":""中央国家行政机关参照公务员法管理事业单位"",""filter_version"":""government_tech_v2"",""tech_filter"":{""is_tech"":true,""is_core_tech"":true,""scope"":""core"",""categories"":[""computer_software"",""data_ai""],""matched_fields"":[""major"",""description""],""major_terms"":[""计算机类""],""role_terms"":[""数据处理""],""reason"":""tech_major_and_role""},""original"":{""部门代码"":""137123"",""部门名称"":""国家统计局四川调查总队"",""用人司局"":""国家统计局四川调查总队"",""机构性质"":""中央国家行政机关参照公务员法管理事业单位"",""招考职位"":""梓潼调查队一级科员（2）"",""职位属性"":""普通职位"",""职位分布"":""西部地区和艰苦边远地区职位"",""职位简介"":""从事一线入户调查、数据处理、统计分析、统计研究等工作。"",""职位代码"":""400110123023"",""机构层级"":""县（区）级及以下"",""考试类别"":""市（地）级及以下直属机构综合管理类"",""招考人数"":""1"",""专业"":""经济学门类，统计学类、数学类、计算机类（不含电影制作、工业软件专业）"",""学历"":""仅限本科"",""学位"":""学士"",""政治面貌"":""不限"",""基层工作最低年限"":""无限制"",""服务基层项目工作经历"":""无限制"",""是否在面试阶段组织专业能力测试"":""否"",""面试人员比例"":""3:1"",""工作地点"":""四川省绵阳市梓潼县"",""落户地点"":""四川省绵阳市梓潼县"",""备注"":""1.该职位需要长期出差，经常深入乡村厂矿一线；2.该职位限招应届高校毕业生；3.报名时需写明专业代码；4.本单位最低服务年限为5年（含试用期）；5.限女性报考。"",""部门网站"":""http://www.stats.gov.cn"",""咨询电话1"":""028-65593798"",""咨询电话2"":"""",""咨询电话3"":"""",""来源Sheet"":""中央国家行政机关参照公务员法管理事业单位""}}"
"government_jobs","国家公务员2026招考简章","公务员/事业单位技术岗位","四川省绵阳市北川羌族自治县","2026-07-28T09:12:58.310295+00:00","北川调查队一级科员","国家统计局四川调查总队","","四川省绵阳市北川羌族自治县","公务员/事业单位;2026;computer_software;data_ai;仅限本科;学士;统计学类、数学类、经济学类、计算机类（不含电影制作、工业软件专业）;市（地）级及以下直属机构综合管理类","用人司局：国家统计局四川调查总队
职位简介：从事一线入户调查、数据处理、统计分析、统计研究等工作。
专业要求：统计学类、数学类、经济学类、计算机类（不含电影制作、工业软件专业）
学历要求：仅限本科
学位要求：学士
政治面貌：不限
基层工作经历：无限制
考试类别：市（地）级及以下直属机构综合管理类
备注：1.该职位需要长期出差，经常深入乡村厂矿一线；2.该职位限招应届高校毕业生；3.报名时需写明专业代码；4.本单位最低服务年限为5年（含试用期）。","http://bm.scs.gov.cn/kl2026#137123-400110123024","2025-10-14","{""dataset_year"":2026,""job_uid"":""GOV-2026-137123-400110123024"",""publisher"":""国家公务员局"",""publication_page"":""http://bm.scs.gov.cn/kl2026"",""attachment_url"":""local://2026_guokao_zhaokaojianzhang.zip"",""local_source_file"":""中央机关及其直属机构2026年度考试录用公务员招考简章.xls"",""local_source_sha256"":""2670bae1df1dd07a3a3c79b9db46a11e3bb15a6c9c249e6af98bfd0b61ce3aaf"",""source_sheet"":""中央国家行政机关参照公务员法管理事业单位"",""filter_version"":""government_tech_v2"",""tech_filter"":{""is_tech"":true,""is_core_tech"":true,""scope"":""core"",""categories"":[""computer_software"",""data_ai""],""matched_fields"":[""major"",""description""],""major_terms"":[""计算机类""],""role_terms"":[""数据处理""],""reason"":""tech_major_and_role""},""original"":{""部门代码"":""137123"",""部门名称"":""国家统计局四川调查总队"",""用人司局"":""国家统计局四川调查总队"",""机构性质"":""中央国家行政机关参照公务员法管理事业单位"",""招考职位"":""北川调查队一级科员"",""职位属性"":""普通职位"",""职位分布"":""西部地区和艰苦边远地区职位"",""职位简介"":""从事一线入户调查、数据处理、统计分析、统计研究等工作。"",""职位代码"":""400110123024"",""机构层级"":""县（区）级及以下"",""考试类别"":""市（地）级及以下直属机构综合管理类"",""招考人数"":""1"",""专业"":""统计学类、数学类、经济学类、计算机类（不含电影制作、工业软件专业）"",""学历"":""仅限本科"",""学位"":""学士"",""政治面貌"":""不限"",""基层工作最低年限"":""无限制"",""服务基层项目工作经历"":""无限制"",""是否在面试阶段组织专业能力测试"":""否"",""面试人员比例"":""3:1"",""工作地点"":""四川省绵阳市北川羌族自治县"",""落户地点"":""四川省绵阳市北川羌族自治县"",""备注"":""1.该职位需要长期出差，经常深入乡村厂矿一线；2.该职位限招应届高校毕业生；3.报名时需写明专业代码；4.本单位最低服务年限为5年（含试用期）。"",""部门网站"":""http://www.stats.gov.cn"",""咨询电话1"":""028-65593798"",""咨询电话2"":"""",""咨询电话3"":"""",""来源Sheet"":""中央国家行政机关参照公务员法管理事业单位""}}"
"government_jobs","国家公务员2026招考简章","公务员/事业单位技术岗位","四川省遂宁市射洪市","2026-07-28T09:12:58.310295+00:00","射洪调查队一级科员","国家统计局四川调查总队","","四川省遂宁市射洪市","公务员/事业单位;2026;computer_software;data_ai;仅限本科;学士;统计学类、数学类、经济学类、计算机类（不含电影制作、工业软件专业）;市（地）级及以下直属机构综合管理类","用人司局：国家统计局四川调查总队
职位简介：从事一线入户调查、数据处理、统计分析、统计研究等工作。
专业要求：统计学类、数学类、经济学类、计算机类（不含电影制作、工业软件专业）
学历要求：仅限本科
学位要求：学士
政治面貌：不限
基层工作经历：无限制
考试类别：市（地）级及以下直属机构综合管理类
备注：1.该职位需要长期出差，经常深入乡村厂矿一线；2.该职位限招应届高校毕业生；3.报名时需写明专业代码；4.本单位最低服务年限为5年（含试用期）。","http://bm.scs.gov.cn/kl2026#137123-400110123025","2025-10-14","{""dataset_year"":2026,""job_uid"":""GOV-2026-137123-400110123025"",""publisher"":""国家公务员局"",""publication_page"":""http://bm.scs.gov.cn/kl2026"",""attachment_url"":""local://2026_guokao_zhaokaojianzhang.zip"",""local_source_file"":""中央机关及其直属机构2026年度考试录用公务员招考简章.xls"",""local_source_sha256"":""2670bae1df1dd07a3a3c79b9db46a11e3bb15a6c9c249e6af98bfd0b61ce3aaf"",""source_sheet"":""中央国家行政机关参照公务员法管理事业单位"",""filter_version"":""government_tech_v2"",""tech_filter"":{""is_tech"":true,""is_core_tech"":true,""scope"":""core"",""categories"":[""computer_software"",""data_ai""],""matched_fields"":[""major"",""description""],""major_terms"":[""计算机类""],""role_terms"":[""数据处理""],""reason"":""tech_major_and_role""},""original"":{""部门代码"":""137123"",""部门名称"":""国家统计局四川调查总队"",""用人司局"":""国家统计局四川调查总队"",""机构性质"":""中央国家行政机关参照公务员法管理事业单位"",""招考职位"":""射洪调查队一级科员"",""职位属性"":""普通职位"",""职位分布"":""西部地区和艰苦边远地区职位"",""职位简介"":""从事一线入户调查、数据处理、统计分析、统计研究等工作。"",""职位代码"":""400110123025"",""机构层级"":""县（区）级及以下"",""考试类别"":""市（地）级及以下直属机构综合管理类"",""招考人数"":""1"",""专业"":""统计学类、数学类、经济学类、计算机类（不含电影制作、工业软件专业）"",""学历"":""仅限本科"",""学位"":""学士"",""政治面貌"":""不限"",""基层工作最低年限"":""无限制"",""服务基层项目工作经历"":""无限制"",""是否在面试阶段组织专业能力测试"":""否"",""面试人员比例"":""3:1"",""工作地点"":""四川省遂宁市射洪市"",""落户地点"":""四川省遂宁市射洪市"",""备注"":""1.该职位需要长期出差，经常深入乡村厂矿一线；2.该职位限招应届高校毕业生；3.报名时需写明专业代码；4.本单位最低服务年限为5年（含试用期）。"",""部门网站"":""http://www.stats.gov.cn"",""咨询电话1"":""028-65593798"",""咨询电话2"":"""",""咨询电话3"":"""",""来源Sheet"":""中央国家行政机关参照公务员法管理事业单位""}}"
"government_jobs","国家公务员2026招考简章","公务员/事业单位技术岗位","四川省内江市威远县","2026-07-28T09:12:58.310295+00:00","威远调查队一级科员","国家统计局四川调查总队","","四川省内江市威远县","公务员/事业单位;2026;computer_software;data_ai;仅限本科;学士;统计学类、数学类、经济学类、计算机类（不含电影制作、工业软件专业）;市（地）级及以下直属机构综合管理类","用人司局：国家统计局四川调查总队
职位简介：从事一线入户调查、数据处理、统计分析、统计研究等工作。
专业要求：统计学类、数学类、经济学类、计算机类（不含电影制作、工业软件专业）
学历要求：仅限本科
学位要求：学士
政治面貌：不限
基层工作经历：无限制
考试类别：市（地）级及以下直属机构综合管理类
备注：1.该职位需要长期出差，经常深入乡村厂矿一线；2.该职位限招应届高校毕业生；3.报名时需写明专业代码；4.本单位最低服务年限为5年（含试用期）。","http://bm.scs.gov.cn/kl2026#137123-400110123026","2025-10-14","{""dataset_year"":2026,""job_uid"":""GOV-2026-137123-400110123026"",""publisher"":""国家公务员局"",""publication_page"":""http://bm.scs.gov.cn/kl2026"",""attachment_url"":""local://2026_guokao_zhaokaojianzhang.zip"",""local_source_file"":""中央机关及其直属机构2026年度考试录用公务员招考简章.xls"",""local_source_sha256"":""2670bae1df1dd07a3a3c79b9db46a11e3bb15a6c9c249e6af98bfd0b61ce3aaf"",""source_sheet"":""中央国家行政机关参照公务员法管理事业单位"",""filter_version"":""government_tech_v2"",""tech_filter"":{""is_tech"":true,""is_core_tech"":true,""scope"":""core"",""categories"":[""computer_software"",""data_ai""],""matched_fields"":[""major"",""description""],""major_terms"":[""计算机类""],""role_terms"":[""数据处理""],""reason"":""tech_major_and_role""},""original"":{""部门代码"":""137123"",""部门名称"":""国家统计局四川调查总队"",""用人司局"":""国家统计局四川调查总队"",""机构性质"":""中央国家行政机关参照公务员法管理事业单位"",""招考职位"":""威远调查队一级科员"",""职位属性"":""普通职位"",""职位分布"":""西部地区和艰苦边远地区职位"",""职位简介"":""从事一线入户调查、数据处理、统计分析、统计研究等工作。"",""职位代码"":""400110123026"",""机构层级"":""县（区）级及以下"",""考试类别"":""市（地）级及以下直属机构综合管理类"",""招考人数"":""1"",""专业"":""统计学类、数学类、经济学类、计算机类（不含电影制作、工业软件专业）"",""学历"":""仅限本科"",""学位"":""学士"",""政治面貌"":""不限"",""基层工作最低年限"":""无限制"",""服务基层项目工作经历"":""无限制"",""是否在面试阶段组织专业能力测试"":""否"",""面试人员比例"":""3:1"",""工作地点"":""四川省内江市威远县"",""落户地点"":""四川省内江市威远县"",""备注"":""1.该职位需要长期出差，经常深入乡村厂矿一线；2.该职位限招应届高校毕业生；3.报名时需写明专业代码；4.本单位最低服务年限为5年（含试用期）。"",""部门网站"":""http://www.stats.gov.cn"",""咨询电话1"":""028-65593798"",""咨询电话2"":"""",""咨询电话3"":"""",""来源Sheet"":""中央国家行政机关参照公务员法管理事业单位""}}"
"government_jobs","国家公务员2026招考简章","公务员/事业单位技术岗位","四川省乐山市犍为县","2026-07-28T09:12:58.310295+00:00","犍为调查队一级科员","国家统计局四川调查总队","","四川省乐山市犍为县","公务员/事业单位;2026;computer_software;data_ai;仅限本科;学士;统计学类、数学类、经济学类、计算机类（不含电影制作、工业软件专业）;市（地）级及以下直属机构综合管理类","用人司局：国家统计局四川调查总队
职位简介：从事一线入户调查、数据处理、统计分析、统计研究等工作。
专业要求：统计学类、数学类、经济学类、计算机类（不含电影制作、工业软件专业）
学历要求：仅限本科
学位要求：学士
政治面貌：不限
基层工作经历：无限制
考试类别：市（地）级及以下直属机构综合管理类
备注：1.该职位需要长期出差，经常深入乡村厂矿一线；2.该职位限招应届高校毕业生；3.报名时需写明专业代码；4.本单位最低服务年限为5年（含试用期）。","http://bm.scs.gov.cn/kl2026#137123-400110123027","2025-10-14","{""dataset_year"":2026,""job_uid"":""GOV-2026-137123-400110123027"",""publisher"":""国家公务员局"",""publication_page"":""http://bm.scs.gov.cn/kl2026"",""attachment_url"":""local://2026_guokao_zhaokaojianzhang.zip"",""local_source_file"":""中央机关及其直属机构2026年度考试录用公务员招考简章.xls"",""local_source_sha256"":""2670bae1df1dd07a3a3c79b9db46a11e3bb15a6c9c249e6af98bfd0b61ce3aaf"",""source_sheet"":""中央国家行政机关参照公务员法管理事业单位"",""filter_version"":""government_tech_v2"",""tech_filter"":{""is_tech"":true,""is_core_tech"":true,""scope"":""core"",""categories"":[""computer_software"",""data_ai""],""matched_fields"":[""major"",""description""],""major_terms"":[""计算机类""],""role_terms"":[""数据处理""],""reason"":""tech_major_and_role""},""original"":{""部门代码"":""137123"",""部门名称"":""国家统计局四川调查总队"",""用人司局"":""国家统计局四川调查总队"",""机构性质"":""中央国家行政机关参照公务员法管理事业单位"",""招考职位"":""犍为调查队一级科员"",""职位属性"":""普通职位"",""职位分布"":""西部地区和艰苦边远地区职位"",""职位简介"":""从事一线入户调查、数据处理、统计分析、统计研究等工作。"",""职位代码"":""400110123027"",""机构层级"":""县（区）级及以下"",""考试类别"":""市（地）级及以下直属机构综合管理类"",""招考人数"":""1"",""专业"":""统计学类、数学类、经济学类、计算机类（不含电影制作、工业软件专业）"",""学历"":""仅限本科"",""学位"":""学士"",""政治面貌"":""不限"",""基层工作最低年限"":""无限制"",""服务基层项目工作经历"":""无限制"",""是否在面试阶段组织专业能力测试"":""否"",""面试人员比例"":""3:1"",""工作地点"":""四川省乐山市犍为县"",""落户地点"":""四川省乐山市犍为县"",""备注"":""1.该职位需要长期出差，经常深入乡村厂矿一线；2.该职位限招应届高校毕业生；3.报名时需写明专业代码；4.本单位最低服务年限为5年（含试用期）。"",""部门网站"":""http://www.stats.gov.cn"",""咨询电话1"":""028-65593798"",""咨询电话2"":"""",""咨询电话3"":"""",""来源Sheet"":""中央国家行政机关参照公务员法管理事业单位""}}"
"government_jobs","国家公务员2026招考简章","公务员/事业单位技术岗位","四川省乐山市峨眉山市","2026-07-28T09:12:58.310295+00:00","峨眉山调查队一级科员","国家统计局四川调查总队","","四川省乐山市峨眉山市","公务员/事业单位;2026;computer_software;data_ai;仅限本科;学士;统计学类、数学类、经济学类、计算机类（不含电影制作、工业软件专业）;市（地）级及以下直属机构综合管理类","用人司局：国家统计局四川调查总队
职位简介：从事一线入户调查、数据处理、统计分析、统计研究等工作。
专业要求：统计学类、数学类、经济学类、计算机类（不含电影制作、工业软件专业）
学历要求：仅限本科
学位要求：学士
政治面貌：不限
基层工作经历：无限制
考试类别：市（地）级及以下直属机构综合管理类
备注：1.该职位需要长期出差，经常深入乡村厂矿一线；2.该职位限招应届高校毕业生；3.报名时需写明专业代码；4.本单位最低服务年限为5年（含试用期）。","http://bm.scs.gov.cn/kl2026#137123-400110123028","2025-10-14","{""dataset_year"":2026,""job_uid"":""GOV-2026-137123-400110123028"",""publisher"":""国家公务员局"",""publication_page"":""http://bm.scs.gov.cn/kl2026"",""attachment_url"":""local://2026_guokao_zhaokaojianzhang.zip"",""local_source_file"":""中央机关及其直属机构2026年度考试录用公务员招考简章.xls"",""local_source_sha256"":""2670bae1df1dd07a3a3c79b9db46a11e3bb15a6c9c249e6af98bfd0b61ce3aaf"",""source_sheet"":""中央国家行政机关参照公务员法管理事业单位"",""filter_version"":""government_tech_v2"",""tech_filter"":{""is_tech"":true,""is_core_tech"":true,""scope"":""core"",""categories"":[""computer_software"",""data_ai""],""matched_fields"":[""major"",""description""],""major_terms"":[""计算机类""],""role_terms"":[""数据处理""],""reason"":""tech_major_and_role""},""original"":{""部门代码"":""137123"",""部门名称"":""国家统计局四川调查总队"",""用人司局"":""国家统计局四川调查总队"",""机构性质"":""中央国家行政机关参照公务员法管理事业单位"",""招考职位"":""峨眉山调查队一级科员"",""职位属性"":""普通职位"",""职位分布"":""西部地区和艰苦边远地区职位"",""职位简介"":""从事一线入户调查、数据处理、统计分析、统计研究等工作。"",""职位代码"":""400110123028"",""机构层级"":""县（区）级及以下"",""考试类别"":""市（地）级及以下直属机构综合管理类"",""招考人数"":""1"",""专业"":""统计学类、数学类、经济学类、计算机类（不含电影制作、工业软件专业）"",""学历"":""仅限本科"",""学位"":""学士"",""政治面貌"":""不限"",""基层工作最低年限"":""无限制"",""服务基层项目工作经历"":""无限制"",""是否在面试阶段组织专业能力测试"":""否"",""面试人员比例"":""3:1"",""工作地点"":""四川省乐山市峨眉山市"",""落户地点"":""四川省乐山市峨眉山市"",""备注"":""1.该职位需要长期出差，经常深入乡村厂矿一线；2.该职位限招应届高校毕业生；3.报名时需写明专业代码；4.本单位最低服务年限为5年（含试用期）。"",""部门网站"":""http://www.stats.gov.cn"",""咨询电话1"":""028-65593798"",""咨询电话2"":"""",""咨询电话3"":"""",""来源Sheet"":""中央国家行政机关参照公务员法管理事业单位""}}"
"government_jobs","国家公务员2026招考简章","公务员/事业单位技术岗位","四川省南充市仪陇县","2026-07-28T09:12:58.310295+00:00","仪陇调查队一级科员","国家统计局四川调查总队","","四川省南充市仪陇县","公务员/事业单位;2026;computer_software;data_ai;仅限本科;学士;统计学类、数学类、经济学类、计算机类（不含电影制作、工业软件专业）;市（地）级及以下直属机构综合管理类","用人司局：国家统计局四川调查总队
职位简介：从事一线入户调查、数据处理、统计分析、统计研究等工作。
专业要求：统计学类、数学类、经济学类、计算机类（不含电影制作、工业软件专业）
学历要求：仅限本科
学位要求：学士
政治面貌：不限
基层工作经历：无限制
考试类别：市（地）级及以下直属机构综合管理类
备注：1.该职位需要长期出差，经常深入乡村厂矿一线；2.该职位限招应届高校毕业生；3.报名时需写明专业代码；4.本单位最低服务年限为5年（含试用期）。","http://bm.scs.gov.cn/kl2026#137123-400110123029","2025-10-14","{""dataset_year"":2026,""job_uid"":""GOV-2026-137123-400110123029"",""publisher"":""国家公务员局"",""publication_page"":""http://bm.scs.gov.cn/kl2026"",""attachment_url"":""local://2026_guokao_zhaokaojianzhang.zip"",""local_source_file"":""中央机关及其直属机构2026年度考试录用公务员招考简章.xls"",""local_source_sha256"":""2670bae1df1dd07a3a3c79b9db46a11e3bb15a6c9c249e6af98bfd0b61ce3aaf"",""source_sheet"":""中央国家行政机关参照公务员法管理事业单位"",""filter_version"":""government_tech_v2"",""tech_filter"":{""is_tech"":true,""is_core_tech"":true,""scope"":""core"",""categories"":[""computer_software"",""data_ai""],""matched_fields"":[""major"",""description""],""major_terms"":[""计算机类""],""role_terms"":[""数据处理""],""reason"":""tech_major_and_role""},""original"":{""部门代码"":""137123"",""部门名称"":""国家统计局四川调查总队"",""用人司局"":""国家统计局四川调查总队"",""机构性质"":""中央国家行政机关参照公务员法管理事业单位"",""招考职位"":""仪陇调查队一级科员"",""职位属性"":""普通职位"",""职位分布"":""西部地区和艰苦边远地区职位"",""职位简介"":""从事一线入户调查、数据处理、统计分析、统计研究等工作。"",""职位代码"":""400110123029"",""机构层级"":""县（区）级及以下"",""考试类别"":""市（地）级及以下直属机构综合管理类"",""招考人数"":""1"",""专业"":""统计学类、数学类、经济学类、计算机类（不含电影制作、工业软件专业）"",""学历"":""仅限本科"",""学位"":""学士"",""政治面貌"":""不限"",""基层工作最低年限"":""无限制"",""服务基层项目工作经历"":""无限制"",""是否在面试阶段组织专业能力测试"":""否"",""面试人员比例"":""3:1"",""工作地点"":""四川省南充市仪陇县"",""落户地点"":""四川省南充市仪陇县"",""备注"":""1.该职位需要长期出差，经常深入乡村厂矿一线；2.该职位限招应届高校毕业生；3.报名时需写明专业代码；4.本单位最低服务年限为5年（含试用期）。"",""部门网站"":""http://www.stats.gov.cn"",""咨询电话1"":""028-65593798"",""咨询电话2"":"""",""咨询电话3"":"""",""来源Sheet"":""中央国家行政机关参照公务员法管理事业单位""}}"
"government_jobs","国家公务员2026招考简章","公务员/事业单位技术岗位","四川省南充市阆中市","2026-07-28T09:12:58.310295+00:00","阆中调查队一级科员","国家统计局四川调查总队","","四川省南充市阆中市","公务员/事业单位;2026;computer_software;data_ai;仅限本科;学士;统计学类、数学类、经济学类、计算机类（不含电影制作、工业软件专业）;市（地）级及以下直属机构综合管理类","用人司局：国家统计局四川调查总队
职位简介：从事一线入户调查、数据处理、统计分析、统计研究等工作。
专业要求：统计学类、数学类、经济学类、计算机类（不含电影制作、工业软件专业）
学历要求：仅限本科
学位要求：学士
政治面貌：不限
基层工作经历：二年
考试类别：市（地）级及以下直属机构综合管理类
备注：1.该职位限招四川省户籍和长期生活工作在四川的考生；2.报名时需写明专业代码；3.该职位需要长期出差，经常深入乡村厂矿一线；4.本单位最低服务年限为5年（含试用期）。","http://bm.scs.gov.cn/kl2026#137123-400110123030","2025-10-14","{""dataset_year"":2026,""job_uid"":""GOV-2026-137123-400110123030"",""publisher"":""国家公务员局"",""publication_page"":""http://bm.scs.gov.cn/kl2026"",""attachment_url"":""local://2026_guokao_zhaokaojianzhang.zip"",""local_source_file"":""中央机关及其直属机构2026年度考试录用公务员招考简章.xls"",""local_source_sha256"":""2670bae1df1dd07a3a3c79b9db46a11e3bb15a6c9c249e6af98bfd0b61ce3aaf"",""source_sheet"":""中央国家行政机关参照公务员法管理事业单位"",""filter_version"":""government_tech_v2"",""tech_filter"":{""is_tech"":true,""is_core_tech"":true,""scope"":""core"",""categories"":[""computer_software"",""data_ai""],""matched_fields"":[""major"",""description""],""major_terms"":[""计算机类""],""role_terms"":[""数据处理""],""reason"":""tech_major_and_role""},""original"":{""部门代码"":""137123"",""部门名称"":""国家统计局四川调查总队"",""用人司局"":""国家统计局四川调查总队"",""机构性质"":""中央国家行政机关参照公务员法管理事业单位"",""招考职位"":""阆中调查队一级科员"",""职位属性"":""普通职位"",""职位分布"":""西部地区和艰苦边远地区职位"",""职位简介"":""从事一线入户调查、数据处理、统计分析、统计研究等工作。"",""职位代码"":""400110123030"",""机构层级"":""县（区）级及以下"",""考试类别"":""市（地）级及以下直属机构综合管理类"",""招考人数"":""1"",""专业"":""统计学类、数学类、经济学类、计算机类（不含电影制作、工业软件专业）"",""学历"":""仅限本科"",""学位"":""学士"",""政治面貌"":""不限"",""基层工作最低年限"":""二年"",""服务基层项目工作经历"":""大学生村官、农村义务教育阶段学校教师特设岗位计划、“三支一扶”计划、大学生志愿服务西部计划、在军队服役5年（含）以上的高校毕业生退役士兵"",""是否在面试阶段组织专业能力测试"":""否"",""面试人员比例"":""3:1"",""工作地点"":""四川省南充市阆中市"",""落户地点"":""四川省南充市阆中市"",""备注"":""1.该职位限招四川省户籍和长期生活工作在四川的考生；2.报名时需写明专业代码；3.该职位需要长期出差，经常深入乡村厂矿一线；4.本单位最低服务年限为5年（含试用期）。"",""部门网站"":""http://www.stats.gov.cn"",""咨询电话1"":""028-65593798"",""咨询电话2"":"""",""咨询电话3"":"""",""来源Sheet"":""中央国家行政机关参照公务员法管理事业单位""}}"
"government_jobs","国家公务员2026招考简章","公务员/事业单位技术岗位","四川省眉山市仁寿县","2026-07-28T09:12:58.310295+00:00","仁寿调查队一级科员","国家统计局四川调查总队","","四川省眉山市仁寿县","公务员/事业单位;2026;computer_software;data_ai;仅限本科;学士;统计学类、数学类、经济学类、计算机类（不含电影制作、工业软件专业）;市（地）级及以下直属机构综合管理类","用人司局：国家统计局四川调查总队
职位简介：从事一线入户调查、数据处理、统计分析、统计研究等工作。
专业要求：统计学类、数学类、经济学类、计算机类（不含电影制作、工业软件专业）
学历要求：仅限本科
学位要求：学士
政治面貌：不限
基层工作经历：无限制
考试类别：市（地）级及以下直属机构综合管理类
备注：1.该职位需要长期出差，经常深入乡村厂矿一线；2.该职位限招应届高校毕业生；3.报名时需写明专业代码；4.本单位最低服务年限为5年（含试用期）。","http://bm.scs.gov.cn/kl2026#137123-400110123031","2025-10-14","{""dataset_year"":2026,""job_uid"":""GOV-2026-137123-400110123031"",""publisher"":""国家公务员局"",""publication_page"":""http://bm.scs.gov.cn/kl2026"",""attachment_url"":""local://2026_guokao_zhaokaojianzhang.zip"",""local_source_file"":""中央机关及其直属机构2026年度考试录用公务员招考简章.xls"",""local_source_sha256"":""2670bae1df1dd07a3a3c79b9db46a11e3bb15a6c9c249e6af98bfd0b61ce3aaf"",""source_sheet"":""中央国家行政机关参照公务员法管理事业单位"",""filter_version"":""government_tech_v2"",""tech_filter"":{""is_tech"":true,""is_core_tech"":true,""scope"":""core"",""categories"":[""computer_software"",""data_ai""],""matched_fields"":[""major"",""description""],""major_terms"":[""计算机类""],""role_terms"":[""数据处理""],""reason"":""tech_major_and_role""},""original"":{""部门代码"":""137123"",""部门名称"":""国家统计局四川调查总队"",""用人司局"":""国家统计局四川调查总队"",""机构性质"":""中央国家行政机关参照公务员法管理事业单位"",""招考职位"":""仁寿调查队一级科员"",""职位属性"":""普通职位"",""职位分布"":""西部地区和艰苦边远地区职位"",""职位简介"":""从事一线入户调查、数据处理、统计分析、统计研究等工作。"",""职位代码"":""400110123031"",""机构层级"":""县（区）级及以下"",""考试类别"":""市（地）级及以下直属机构综合管理类"",""招考人数"":""1"",""专业"":""统计学类、数学类、经济学类、计算机类（不含电影制作、工业软件专业）"",""学历"":""仅限本科"",""学位"":""学士"",""政治面貌"":""不限"",""基层工作最低年限"":""无限制"",""服务基层项目工作经历"":""无限制"",""是否在面试阶段组织专业能力测试"":""否"",""面试人员比例"":""3:1"",""工作地点"":""四川省眉山市仁寿县"",""落户地点"":""四川省眉山市仁寿县"",""备注"":""1.该职位需要长期出差，经常深入乡村厂矿一线；2.该职位限招应届高校毕业生；3.报名时需写明专业代码；4.本单位最低服务年限为5年（含试用期）。"",""部门网站"":""http://www.stats.gov.cn"",""咨询电话1"":""028-65593798"",""咨询电话2"":"""",""咨询电话3"":"""",""来源Sheet"":""中央国家行政机关参照公务员法管理事业单位""}}"
"government_jobs","国家公务员2026招考简章","公务员/事业单位技术岗位","四川省宜宾市江安县","2026-07-28T09:12:58.310295+00:00","江安调查队一级科员","国家统计局四川调查总队","","四川省宜宾市江安县","公务员/事业单位;2026;computer_software;data_ai;仅限本科;学士;统计学类、数学类、经济学类、计算机类（不含电影制作、工业软件专业）;市（地）级及以下直属机构综合管理类","用人司局：国家统计局四川调查总队
职位简介：从事一线入户调查、数据处理、统计分析、统计研究等工作。
专业要求：统计学类、数学类、经济学类、计算机类（不含电影制作、工业软件专业）
学历要求：仅限本科
学位要求：学士
政治面貌：不限
基层工作经历：无限制
考试类别：市（地）级及以下直属机构综合管理类
备注：1.该职位需要长期出差，经常深入乡村厂矿一线；2.该职位限招应届高校毕业生；3.报名时需写明专业代码；4.本单位最低服务年限为5年（含试用期）。","http://bm.scs.gov.cn/kl2026#137123-400110123032","2025-10-14","{""dataset_year"":2026,""job_uid"":""GOV-2026-137123-400110123032"",""publisher"":""国家公务员局"",""publication_page"":""http://bm.scs.gov.cn/kl2026"",""attachment_url"":""local://2026_guokao_zhaokaojianzhang.zip"",""local_source_file"":""中央机关及其直属机构2026年度考试录用公务员招考简章.xls"",""local_source_sha256"":""2670bae1df1dd07a3a3c79b9db46a11e3bb15a6c9c249e6af98bfd0b61ce3aaf"",""source_sheet"":""中央国家行政机关参照公务员法管理事业单位"",""filter_version"":""government_tech_v2"",""tech_filter"":{""is_tech"":true,""is_core_tech"":true,""scope"":""core"",""categories"":[""computer_software"",""data_ai""],""matched_fields"":[""major"",""description""],""major_terms"":[""计算机类""],""role_terms"":[""数据处理""],""reason"":""tech_major_and_role""},""original"":{""部门代码"":""137123"",""部门名称"":""国家统计局四川调查总队"",""用人司局"":""国家统计局四川调查总队"",""机构性质"":""中央国家行政机关参照公务员法管理事业单位"",""招考职位"":""江安调查队一级科员"",""职位属性"":""普通职位"",""职位分布"":""西部地区和艰苦边远地区职位"",""职位简介"":""从事一线入户调查、数据处理、统计分析、统计研究等工作。"",""职位代码"":""400110123032"",""机构层级"":""县（区）级及以下"",""考试类别"":""市（地）级及以下直属机构综合管理类"",""招考人数"":""1"",""专业"":""统计学类、数学类、经济学类、计算机类（不含电影制作、工业软件专业）"",""学历"":""仅限本科"",""学位"":""学士"",""政治面貌"":""不限"",""基层工作最低年限"":""无限制"",""服务基层项目工作经历"":""无限制"",""是否在面试阶段组织专业能力测试"":""否"",""面试人员比例"":""3:1"",""工作地点"":""四川省宜宾市江安县"",""落户地点"":""四川省宜宾市江安县"",""备注"":""1.该职位需要长期出差，经常深入乡村厂矿一线；2.该职位限招应届高校毕业生；3.报名时需写明专业代码；4.本单位最低服务年限为5年（含试用期）。"",""部门网站"":""http://www.stats.gov.cn"",""咨询电话1"":""028-65593798"",""咨询电话2"":"""",""咨询电话3"":"""",""来源Sheet"":""中央国家行政机关参照公务员法管理事业单位""}}"
"government_jobs","国家公务员2026招考简章","公务员/事业单位技术岗位","四川省雅安市荥经县","2026-07-28T09:12:58.310295+00:00","荥经调查队一级科员","国家统计局四川调查总队","","四川省雅安市荥经县","公务员/事业单位;2026;computer_software;data_ai;仅限本科;学士;统计学类、数学类、经济学类、计算机类（不含电影制作、工业软件专业）;市（地）级及以下直属机构综合管理类","用人司局：国家统计局四川调查总队
职位简介：从事一线入户调查、数据处理、统计分析、统计研究等工作。
专业要求：统计学类、数学类、经济学类、计算机类（不含电影制作、工业软件专业）
学历要求：仅限本科
学位要求：学士
政治面貌：不限
基层工作经历：二年
考试类别：市（地）级及以下直属机构综合管理类
备注：1.该职位限招四川省户籍和长期生活工作在四川的考生；2.报名时需写明专业代码；3.该职位需要长期出差，经常深入乡村厂矿一线；4.本单位最低服务年限为5年（含试用期）。","http://bm.scs.gov.cn/kl2026#137123-400110123033","2025-10-14","{""dataset_year"":2026,""job_uid"":""GOV-2026-137123-400110123033"",""publisher"":""国家公务员局"",""publication_page"":""http://bm.scs.gov.cn/kl2026"",""attachment_url"":""local://2026_guokao_zhaokaojianzhang.zip"",""local_source_file"":""中央机关及其直属机构2026年度考试录用公务员招考简章.xls"",""local_source_sha256"":""2670bae1df1dd07a3a3c79b9db46a11e3bb15a6c9c249e6af98bfd0b61ce3aaf"",""source_sheet"":""中央国家行政机关参照公务员法管理事业单位"",""filter_version"":""government_tech_v2"",""tech_filter"":{""is_tech"":true,""is_core_tech"":true,""scope"":""core"",""categories"":[""computer_software"",""data_ai""],""matched_fields"":[""major"",""description""],""major_terms"":[""计算机类""],""role_terms"":[""数据处理""],""reason"":""tech_major_and_role""},""original"":{""部门代码"":""137123"",""部门名称"":""国家统计局四川调查总队"",""用人司局"":""国家统计局四川调查总队"",""机构性质"":""中央国家行政机关参照公务员法管理事业单位"",""招考职位"":""荥经调查队一级科员"",""职位属性"":""普通职位"",""职位分布"":""西部地区和艰苦边远地区职位"",""职位简介"":""从事一线入户调查、数据处理、统计分析、统计研究等工作。"",""职位代码"":""400110123033"",""机构层级"":""县（区）级及以下"",""考试类别"":""市（地）级及以下直属机构综合管理类"",""招考人数"":""1"",""专业"":""统计学类、数学类、经济学类、计算机类（不含电影制作、工业软件专业）"",""学历"":""仅限本科"",""学位"":""学士"",""政治面貌"":""不限"",""基层工作最低年限"":""二年"",""服务基层项目工作经历"":""大学生村官、农村义务教育阶段学校教师特设岗位计划、“三支一扶”计划、大学生志愿服务西部计划、在军队服役5年（含）以上的高校毕业生退役士兵"",""是否在面试阶段组织专业能力测试"":""否"",""面试人员比例"":""3:1"",""工作地点"":""四川省雅安市荥经县"",""落户地点"":""四川省雅安市荥经县"",""备注"":""1.该职位限招四川省户籍和长期生活工作在四川的考生；2.报名时需写明专业代码；3.该职位需要长期出差，经常深入乡村厂矿一线；4.本单位最低服务年限为5年（含试用期）。"",""部门网站"":""http://www.stats.gov.cn"",""咨询电话1"":""028-65593798"",""咨询电话2"":"""",""咨询电话3"":"""",""来源Sheet"":""中央国家行政机关参照公务员法管理事业单位""}}"
"government_jobs","国家公务员2026招考简章","公务员/事业单位技术岗位","四川省巴中市南江县","2026-07-28T09:12:58.310295+00:00","南江调查队一级科员","国家统计局四川调查总队","","四川省巴中市南江县","公务员/事业单位;2026;computer_software;data_ai;仅限本科;学士;统计学类、数学类、经济学类、计算机类（不含电影制作、工业软件专业）;市（地）级及以下直属机构综合管理类","用人司局：国家统计局四川调查总队
职位简介：从事一线入户调查、数据处理、统计分析、统计研究等工作。
专业要求：统计学类、数学类、经济学类、计算机类（不含电影制作、工业软件专业）
学历要求：仅限本科
学位要求：学士
政治面貌：不限
基层工作经历：无限制
考试类别：市（地）级及以下直属机构综合管理类
备注：1.该职位需要长期出差，经常深入乡村厂矿一线；2.该职位限招应届高校毕业生；3.报名时需写明专业代码；4.本单位最低服务年限为5年（含试用期）。","http://bm.scs.gov.cn/kl2026#137123-400110123034","2025-10-14","{""dataset_year"":2026,""job_uid"":""GOV-2026-137123-400110123034"",""publisher"":""国家公务员局"",""publication_page"":""http://bm.scs.gov.cn/kl2026"",""attachment_url"":""local://2026_guokao_zhaokaojianzhang.zip"",""local_source_file"":""中央机关及其直属机构2026年度考试录用公务员招考简章.xls"",""local_source_sha256"":""2670bae1df1dd07a3a3c79b9db46a11e3bb15a6c9c249e6af98bfd0b61ce3aaf"",""source_sheet"":""中央国家行政机关参照公务员法管理事业单位"",""filter_version"":""government_tech_v2"",""tech_filter"":{""is_tech"":true,""is_core_tech"":true,""scope"":""core"",""categories"":[""computer_software"",""data_ai""],""matched_fields"":[""major"",""description""],""major_terms"":[""计算机类""],""role_terms"":[""数据处理""],""reason"":""tech_major_and_role""},""original"":{""部门代码"":""137123"",""部门名称"":""国家统计局四川调查总队"",""用人司局"":""国家统计局四川调查总队"",""机构性质"":""中央国家行政机关参照公务员法管理事业单位"",""招考职位"":""南江调查队一级科员"",""职位属性"":""普通职位"",""职位分布"":""西部地区和艰苦边远地区职位"",""职位简介"":""从事一线入户调查、数据处理、统计分析、统计研究等工作。"",""职位代码"":""400110123034"",""机构层级"":""县（区）级及以下"",""考试类别"":""市（地）级及以下直属机构综合管理类"",""招考人数"":""1"",""专业"":""统计学类、数学类、经济学类、计算机类（不含电影制作、工业软件专业）"",""学历"":""仅限本科"",""学位"":""学士"",""政治面貌"":""不限"",""基层工作最低年限"":""无限制"",""服务基层项目工作经历"":""无限制"",""是否在面试阶段组织专业能力测试"":""否"",""面试人员比例"":""3:1"",""工作地点"":""四川省巴中市南江县"",""落户地点"":""四川省巴中市南江县"",""备注"":""1.该职位需要长期出差，经常深入乡村厂矿一线；2.该职位限招应届高校毕业生；3.报名时需写明专业代码；4.本单位最低服务年限为5年（含试用期）。"",""部门网站"":""http://www.stats.gov.cn"",""咨询电话1"":""028-65593798"",""咨询电话2"":"""",""咨询电话3"":"""",""来源Sheet"":""中央国家行政机关参照公务员法管理事业单位""}}"
"government_jobs","国家公务员2026招考简章","公务员/事业单位技术岗位","四川省资阳市安岳县","2026-07-28T09:12:58.310295+00:00","安岳调查队一级科员","国家统计局四川调查总队","","四川省资阳市安岳县","公务员/事业单位;2026;computer_software;data_ai;仅限本科;学士;统计学类、数学类、经济学类、计算机类（不含电影制作、工业软件专业）;市（地）级及以下直属机构综合管理类","用人司局：国家统计局四川调查总队
职位简介：从事一线入户调查、数据处理、统计分析、统计研究等工作。
专业要求：统计学类、数学类、经济学类、计算机类（不含电影制作、工业软件专业）
学历要求：仅限本科
学位要求：学士
政治面貌：不限
基层工作经历：无限制
考试类别：市（地）级及以下直属机构综合管理类
备注：1.该职位需要长期出差，经常深入乡村厂矿一线；2.该职位限招应届高校毕业生；3.报名时需写明专业代码；4.本单位最低服务年限为5年（含试用期）。","http://bm.scs.gov.cn/kl2026#137123-400110123035","2025-10-14","{""dataset_year"":2026,""job_uid"":""GOV-2026-137123-400110123035"",""publisher"":""国家公务员局"",""publication_page"":""http://bm.scs.gov.cn/kl2026"",""attachment_url"":""local://2026_guokao_zhaokaojianzhang.zip"",""local_source_file"":""中央机关及其直属机构2026年度考试录用公务员招考简章.xls"",""local_source_sha256"":""2670bae1df1dd07a3a3c79b9db46a11e3bb15a6c9c249e6af98bfd0b61ce3aaf"",""source_sheet"":""中央国家行政机关参照公务员法管理事业单位"",""filter_version"":""government_tech_v2"",""tech_filter"":{""is_tech"":true,""is_core_tech"":true,""scope"":""core"",""categories"":[""computer_software"",""data_ai""],""matched_fields"":[""major"",""description""],""major_terms"":[""计算机类""],""role_terms"":[""数据处理""],""reason"":""tech_major_and_role""},""original"":{""部门代码"":""137123"",""部门名称"":""国家统计局四川调查总队"",""用人司局"":""国家统计局四川调查总队"",""机构性质"":""中央国家行政机关参照公务员法管理事业单位"",""招考职位"":""安岳调查队一级科员"",""职位属性"":""普通职位"",""职位分布"":""西部地区和艰苦边远地区职位"",""职位简介"":""从事一线入户调查、数据处理、统计分析、统计研究等工作。"",""职位代码"":""400110123035"",""机构层级"":""县（区）级及以下"",""考试类别"":""市（地）级及以下直属机构综合管理类"",""招考人数"":""1"",""专业"":""统计学类、数学类、经济学类、计算机类（不含电影制作、工业软件专业）"",""学历"":""仅限本科"",""学位"":""学士"",""政治面貌"":""不限"",""基层工作最低年限"":""无限制"",""服务基层项目工作经历"":""无限制"",""是否在面试阶段组织专业能力测试"":""否"",""面试人员比例"":""3:1"",""工作地点"":""四川省资阳市安岳县"",""落户地点"":""四川省资阳市安岳县"",""备注"":""1.该职位需要长期出差，经常深入乡村厂矿一线；2.该职位限招应届高校毕业生；3.报名时需写明专业代码；4.本单位最低服务年限为5年（含试用期）。"",""部门网站"":""http://www.stats.gov.cn"",""咨询电话1"":""028-65593798"",""咨询电话2"":"""",""咨询电话3"":"""",""来源Sheet"":""中央国家行政机关参照公务员法管理事业单位""}}"
"government_jobs","国家公务员2026招考简章","公务员/事业单位技术岗位","四川省甘孜藏族自治州雅江县","2026-07-28T09:12:58.310295+00:00","雅江调查队一级科员","国家统计局四川调查总队","","四川省甘孜藏族自治州雅江县","公务员/事业单位;2026;computer_software;data_ai;仅限本科;学士;经济学门类，统计学类、数学类、计算机类（不含电影制作、工业软件专业）;市（地）级及以下直属机构综合管理类","用人司局：国家统计局四川调查总队
职位简介：从事一线入户调查、数据处理、统计分析、统计研究等工作。
专业要求：经济学门类，统计学类、数学类、计算机类（不含电影制作、工业软件专业）
学历要求：仅限本科
学位要求：学士
政治面貌：不限
基层工作经历：无限制
考试类别：市（地）级及以下直属机构综合管理类
备注：1.该职位需要长期出差，经常深入乡村厂矿一线；2.报名时需写明专业代码；3.本单位最低服务年限为5年（含试用期）。","http://bm.scs.gov.cn/kl2026#137123-400110123036","2025-10-14","{""dataset_year"":2026,""job_uid"":""GOV-2026-137123-400110123036"",""publisher"":""国家公务员局"",""publication_page"":""http://bm.scs.gov.cn/kl2026"",""attachment_url"":""local://2026_guokao_zhaokaojianzhang.zip"",""local_source_file"":""中央机关及其直属机构2026年度考试录用公务员招考简章.xls"",""local_source_sha256"":""2670bae1df1dd07a3a3c79b9db46a11e3bb15a6c9c249e6af98bfd0b61ce3aaf"",""source_sheet"":""中央国家行政机关参照公务员法管理事业单位"",""filter_version"":""government_tech_v2"",""tech_filter"":{""is_tech"":true,""is_core_tech"":true,""scope"":""core"",""categories"":[""computer_software"",""data_ai""],""matched_fields"":[""major"",""description""],""major_terms"":[""计算机类""],""role_terms"":[""数据处理""],""reason"":""tech_major_and_role""},""original"":{""部门代码"":""137123"",""部门名称"":""国家统计局四川调查总队"",""用人司局"":""国家统计局四川调查总队"",""机构性质"":""中央国家行政机关参照公务员法管理事业单位"",""招考职位"":""雅江调查队一级科员"",""职位属性"":""普通职位"",""职位分布"":""西部地区和艰苦边远地区职位"",""职位简介"":""从事一线入户调查、数据处理、统计分析、统计研究等工作。"",""职位代码"":""400110123036"",""机构层级"":""县（区）级及以下"",""考试类别"":""市（地）级及以下直属机构综合管理类"",""招考人数"":""1"",""专业"":""经济学门类，统计学类、数学类、计算机类（不含电影制作、工业软件专业）"",""学历"":""仅限本科"",""学位"":""学士"",""政治面貌"":""不限"",""基层工作最低年限"":""无限制"",""服务基层项目工作经历"":""无限制"",""是否在面试阶段组织专业能力测试"":""否"",""面试人员比例"":""3:1"",""工作地点"":""四川省甘孜藏族自治州雅江县"",""落户地点"":""四川省甘孜藏族自治州雅江县"",""备注"":""1.该职位需要长期出差，经常深入乡村厂矿一线；2.报名时需写明专业代码；3.本单位最低服务年限为5年（含试用期）。"",""部门网站"":""http://www.stats.gov.cn"",""咨询电话1"":""028-65593798"",""咨询电话2"":"""",""咨询电话3"":"""",""来源Sheet"":""中央国家行政机关参照公务员法管理事业单位""}}"
"government_jobs","国家公务员2026招考简章","公务员/事业单位技术岗位","四川省凉山彝族自治州冕宁县","2026-07-28T09:12:58.310295+00:00","冕宁调查队一级科员","国家统计局四川调查总队","","四川省凉山彝族自治州冕宁县","公务员/事业单位;2026;computer_software;data_ai;仅限本科;学士;经济学门类，统计学类、数学类、计算机类（不含电影制作、工业软件专业）;市（地）级及以下直属机构综合管理类","用人司局：国家统计局四川调查总队
职位简介：从事一线入户调查、数据处理、统计分析、统计研究等工作。
专业要求：经济学门类，统计学类、数学类、计算机类（不含电影制作、工业软件专业）
学历要求：仅限本科
学位要求：学士
政治面貌：不限
基层工作经历：无限制
考试类别：市（地）级及以下直属机构综合管理类
备注：1.该职位需要长期出差，经常深入乡村厂矿一线；2.该职位限招应届高校毕业生；3.报名时需写明专业代码；4.本单位最低服务年限为5年（含试用期）。","http://bm.scs.gov.cn/kl2026#137123-400110123037","2025-10-14","{""dataset_year"":2026,""job_uid"":""GOV-2026-137123-400110123037"",""publisher"":""国家公务员局"",""publication_page"":""http://bm.scs.gov.cn/kl2026"",""attachment_url"":""local://2026_guokao_zhaokaojianzhang.zip"",""local_source_file"":""中央机关及其直属机构2026年度考试录用公务员招考简章.xls"",""local_source_sha256"":""2670bae1df1dd07a3a3c79b9db46a11e3bb15a6c9c249e6af98bfd0b61ce3aaf"",""source_sheet"":""中央国家行政机关参照公务员法管理事业单位"",""filter_version"":""government_tech_v2"",""tech_filter"":{""is_tech"":true,""is_core_tech"":true,""scope"":""core"",""categories"":[""computer_software"",""data_ai""],""matched_fields"":[""major"",""description""],""major_terms"":[""计算机类""],""role_terms"":[""数据处理""],""reason"":""tech_major_and_role""},""original"":{""部门代码"":""137123"",""部门名称"":""国家统计局四川调查总队"",""用人司局"":""国家统计局四川调查总队"",""机构性质"":""中央国家行政机关参照公务员法管理事业单位"",""招考职位"":""冕宁调查队一级科员"",""职位属性"":""普通职位"",""职位分布"":""西部地区和艰苦边远地区职位"",""职位简介"":""从事一线入户调查、数据处理、统计分析、统计研究等工作。"",""职位代码"":""400110123037"",""机构层级"":""县（区）级及以下"",""考试类别"":""市（地）级及以下直属机构综合管理类"",""招考人数"":""1"",""专业"":""经济学门类，统计学类、数学类、计算机类（不含电影制作、工业软件专业）"",""学历"":""仅限本科"",""学位"":""学士"",""政治面貌"":""不限"",""基层工作最低年限"":""无限制"",""服务基层项目工作经历"":""无限制"",""是否在面试阶段组织专业能力测试"":""否"",""面试人员比例"":""3:1"",""工作地点"":""四川省凉山彝族自治州冕宁县"",""落户地点"":""四川省凉山彝族自治州冕宁县"",""备注"":""1.该职位需要长期出差，经常深入乡村厂矿一线；2.该职位限招应届高校毕业生；3.报名时需写明专业代码；4.本单位最低服务年限为5年（含试用期）。"",""部门网站"":""http://www.stats.gov.cn"",""咨询电话1"":""028-65593798"",""咨询电话2"":"""",""咨询电话3"":"""",""来源Sheet"":""中央国家行政机关参照公务员法管理事业单位""}}"
"government_jobs","国家公务员2026招考简章","公务员/事业单位技术岗位","贵州省贵阳市观山湖区","2026-07-28T09:12:58.310295+00:00","贵州调查总队业务处室一级主任科员及以下","国家统计局贵州调查总队","","贵州省贵阳市观山湖区","公务员/事业单位;2026;computer_software;data_ai;geospatial_remote_sensing;硕士研究生及以上;与最高学历相对应的学位;理论经济学、应用经济学、应用统计、数字经济，农林经济管理、数学、统计学、计算机科学与技术、软件工程、法学、社会学、纪检监察学、法律、社会工作，遥感科学与技术;中央机关及其省级直属机构综合管理类","用人司局：国家统计局贵州调查总队
职位简介：从事统计调查、数据处理、统计分析研究等工作。
专业要求：理论经济学、应用经济学、应用统计、数字经济，农林经济管理、数学、统计学、计算机科学与技术、软件工程、法学、社会学、纪检监察学、法律、社会工作，遥感科学与技术
学历要求：硕士研究生及以上
学位要求：与最高学历相对应的学位
政治面貌：中共党员
基层工作经历：无限制
考试类别：中央机关及其省级直属机构综合管理类
备注：1.本单位最低服务年限为5年（含试用期）。2.本职位专业要求均为专业目录中的“专业类”，非专业大类（学科大类）。","http://bm.scs.gov.cn/kl2026#137124-400110124001","2025-10-14","{""dataset_year"":2026,""job_uid"":""GOV-2026-137124-400110124001"",""publisher"":""国家公务员局"",""publication_page"":""http://bm.scs.gov.cn/kl2026"",""attachment_url"":""local://2026_guokao_zhaokaojianzhang.zip"",""local_source_file"":""中央机关及其直属机构2026年度考试录用公务员招考简章.xls"",""local_source_sha256"":""2670bae1df1dd07a3a3c79b9db46a11e3bb15a6c9c249e6af98bfd0b61ce3aaf"",""source_sheet"":""中央国家行政机关参照公务员法管理事业单位"",""filter_version"":""government_tech_v2"",""tech_filter"":{""is_tech"":true,""is_core_tech"":true,""scope"":""core"",""categories"":[""computer_software"",""data_ai"",""geospatial_remote_sensing""],""matched_fields"":[""major"",""description""],""major_terms"":[""计算机科学与技术"",""软件工程"",""遥感科学与技术""],""role_terms"":[""数据处理""],""reason"":""tech_major_and_role""},""original"":{""部门代码"":""137124"",""部门名称"":""国家统计局贵州调查总队"",""用人司局"":""国家统计局贵州调查总队"",""机构性质"":""中央国家行政机关参照公务员法管理事业单位"",""招考职位"":""贵州调查总队业务处室一级主任科员及以下"",""职位属性"":""普通职位"",""职位分布"":""其他职位"",""职位简介"":""从事统计调查、数据处理、统计分析研究等工作。"",""职位代码"":""400110124001"",""机构层级"":""省（副省）级"",""考试类别"":""中央机关及其省级直属机构综合管理类"",""招考人数"":""1"",""专业"":""理论经济学、应用经济学、应用统计、数字经济，农林经济管理、数学、统计学、计算机科学与技术、软件工程、法学、社会学、纪检监察学、法律、社会工作，遥感科学与技术"",""学历"":""硕士研究生及以上"",""学位"":""与最高学历相对应的学位"",""政治面貌"":""中共党员"",""基层工作最低年限"":""无限制"",""服务基层项目工作经历"":""无限制"",""是否在面试阶段组织专业能力测试"":""否"",""面试人员比例"":""5:1"",""工作地点"":""贵州省贵阳市观山湖区"",""落户地点"":""贵州省贵阳市观山湖区"",""备注"":""1.本单位最低服务年限为5年（含试用期）。2.本职位专业要求均为专业目录中的“专业类”，非专业大类（学科大类）。"",""部门网站"":""无"",""咨询电话1"":""0851-86677007"",""咨询电话2"":""0851-86677196"",""咨询电话3"":"""",""来源Sheet"":""中央国家行政机关参照公务员法管理事业单位""}}"
"government_jobs","国家公务员2026招考简章","公务员/事业单位技术岗位","贵州省贵阳市观山湖区","2026-07-28T09:12:58.310295+00:00","贵阳调查队业务处室一级主任科员及以下","国家统计局贵州调查总队","","贵州省贵阳市观山湖区","公务员/事业单位;2026;computer_software;data_ai;geospatial_remote_sensing;仅限硕士研究生;硕士;理论经济学、应用经济学、应用统计、数字经济，农林经济管理、数学、统计学、计算机科学与技术、软件工程、法学、社会学、纪检监察学、法律、社会工作，遥感科学与技术;市（地）级及以下直属机构综合管理类","用人司局：国家统计局贵州调查总队
职位简介：从事一线入户调查、数据处理、统计分析、统计研究等工作。
专业要求：理论经济学、应用经济学、应用统计、数字经济，农林经济管理、数学、统计学、计算机科学与技术、软件工程、法学、社会学、纪检监察学、法律、社会工作，遥感科学与技术
学历要求：仅限硕士研究生
学位要求：硕士
政治面貌：中共党员
基层工作经历：无限制
考试类别：市（地）级及以下直属机构综合管理类
备注：1.限2026届高校毕业生。2.本职位工作条件艰苦，需长期独立深入乡村、企业工作。3.本单位最低服务年限为5年（含试用期）。4.本职位专业要求均为专业目录中的“专业类”，非专业大类（学科大类）。","http://bm.scs.gov.cn/kl2026#137124-400110124002","2025-10-14","{""dataset_year"":2026,""job_uid"":""GOV-2026-137124-400110124002"",""publisher"":""国家公务员局"",""publication_page"":""http://bm.scs.gov.cn/kl2026"",""attachment_url"":""local://2026_guokao_zhaokaojianzhang.zip"",""local_source_file"":""中央机关及其直属机构2026年度考试录用公务员招考简章.xls"",""local_source_sha256"":""2670bae1df1dd07a3a3c79b9db46a11e3bb15a6c9c249e6af98bfd0b61ce3aaf"",""source_sheet"":""中央国家行政机关参照公务员法管理事业单位"",""filter_version"":""government_tech_v2"",""tech_filter"":{""is_tech"":true,""is_core_tech"":true,""scope"":""core"",""categories"":[""computer_software"",""data_ai"",""geospatial_remote_sensing""],""matched_fields"":[""major"",""description""],""major_terms"":[""计算机科学与技术"",""软件工程"",""遥感科学与技术""],""role_terms"":[""数据处理""],""reason"":""tech_major_and_role""},""original"":{""部门代码"":""137124"",""部门名称"":""国家统计局贵州调查总队"",""用人司局"":""国家统计局贵州调查总队"",""机构性质"":""中央国家行政机关参照公务员法管理事业单位"",""招考职位"":""贵阳调查队业务处室一级主任科员及以下"",""职位属性"":""普通职位"",""职位分布"":""西部地区和艰苦边远地区职位"",""职位简介"":""从事一线入户调查、数据处理、统计分析、统计研究等工作。"",""职位代码"":""400110124002"",""机构层级"":""市（地）级"",""考试类别"":""市（地）级及以下直属机构综合管理类"",""招考人数"":""1"",""专业"":""理论经济学、应用经济学、应用统计、数字经济，农林经济管理、数学、统计学、计算机科学与技术、软件工程、法学、社会学、纪检监察学、法律、社会工作，遥感科学与技术"",""学历"":""仅限硕士研究生"",""学位"":""硕士"",""政治面貌"":""中共党员"",""基层工作最低年限"":""无限制"",""服务基层项目工作经历"":""无限制"",""是否在面试阶段组织专业能力测试"":""否"",""面试人员比例"":""3:1"",""工作地点"":""贵州省贵阳市观山湖区"",""落户地点"":""贵州省贵阳市观山湖区"",""备注"":""1.限2026届高校毕业生。2.本职位工作条件艰苦，需长期独立深入乡村、企业工作。3.本单位最低服务年限为5年（含试用期）。4.本职位专业要求均为专业目录中的“专业类”，非专业大类（学科大类）。"",""部门网站"":""无"",""咨询电话1"":""0851-86677007"",""咨询电话2"":""0851-86677196"",""咨询电话3"":"""",""来源Sheet"":""中央国家行政机关参照公务员法管理事业单位""}}"
"government_jobs","国家公务员2026招考简章","公务员/事业单位技术岗位","贵州省遵义市红花岗区","2026-07-28T09:12:58.310295+00:00","遵义调查队业务科室一级主任科员及以下","国家统计局贵州调查总队","","贵州省遵义市红花岗区","公务员/事业单位;2026;computer_software;data_ai;geospatial_remote_sensing;仅限硕士研究生;硕士;理论经济学、应用经济学、应用统计、数字经济，农林经济管理、数学、统计学、计算机科学与技术、软件工程、法学、社会学、纪检监察学、法律、社会工作，遥感科学与技术;市（地）级及以下直属机构综合管理类","用人司局：国家统计局贵州调查总队
职位简介：从事一线入户调查、数据处理、统计分析、统计研究等工作。
专业要求：理论经济学、应用经济学、应用统计、数字经济，农林经济管理、数学、统计学、计算机科学与技术、软件工程、法学、社会学、纪检监察学、法律、社会工作，遥感科学与技术
学历要求：仅限硕士研究生
学位要求：硕士
政治面貌：中共党员
基层工作经历：无限制
考试类别：市（地）级及以下直属机构综合管理类
备注：1.限2026届高校毕业生。2.本职位工作条件艰苦，需长期独立深入乡村、企业工作。3.本单位最低服务年限为5年（含试用期）。4.本职位专业要求均为专业目录中的“专业类”，非专业大类（学科大类）。","http://bm.scs.gov.cn/kl2026#137124-400110124003","2025-10-14","{""dataset_year"":2026,""job_uid"":""GOV-2026-137124-400110124003"",""publisher"":""国家公务员局"",""publication_page"":""http://bm.scs.gov.cn/kl2026"",""attachment_url"":""local://2026_guokao_zhaokaojianzhang.zip"",""local_source_file"":""中央机关及其直属机构2026年度考试录用公务员招考简章.xls"",""local_source_sha256"":""2670bae1df1dd07a3a3c79b9db46a11e3bb15a6c9c249e6af98bfd0b61ce3aaf"",""source_sheet"":""中央国家行政机关参照公务员法管理事业单位"",""filter_version"":""government_tech_v2"",""tech_filter"":{""is_tech"":true,""is_core_tech"":true,""scope"":""core"",""categories"":[""computer_software"",""data_ai"",""geospatial_remote_sensing""],""matched_fields"":[""major"",""description""],""major_terms"":[""计算机科学与技术"",""软件工程"",""遥感科学与技术""],""role_terms"":[""数据处理""],""reason"":""tech_major_and_role""},""original"":{""部门代码"":""137124"",""部门名称"":""国家统计局贵州调查总队"",""用人司局"":""国家统计局贵州调查总队"",""机构性质"":""中央国家行政机关参照公务员法管理事业单位"",""招考职位"":""遵义调查队业务科室一级主任科员及以下"",""职位属性"":""普通职位"",""职位分布"":""西部地区和艰苦边远地区职位"",""职位简介"":""从事一线入户调查、数据处理、统计分析、统计研究等工作。"",""职位代码"":""400110124003"",""机构层级"":""市（地）级"",""考试类别"":""市（地）级及以下直属机构综合管理类"",""招考人数"":""2"",""专业"":""理论经济学、应用经济学、应用统计、数字经济，农林经济管理、数学、统计学、计算机科学与技术、软件工程、法学、社会学、纪检监察学、法律、社会工作，遥感科学与技术"",""学历"":""仅限硕士研究生"",""学位"":""硕士"",""政治面貌"":""中共党员"",""基层工作最低年限"":""无限制"",""服务基层项目工作经历"":""无限制"",""是否在面试阶段组织专业能力测试"":""否"",""面试人员比例"":""3:1"",""工作地点"":""贵州省遵义市红花岗区"",""落户地点"":""贵州省遵义市红花岗区"",""备注"":""1.限2026届高校毕业生。2.本职位工作条件艰苦，需长期独立深入乡村、企业工作。3.本单位最低服务年限为5年（含试用期）。4.本职位专业要求均为专业目录中的“专业类”，非专业大类（学科大类）。"",""部门网站"":""无"",""咨询电话1"":""0851-86677007"",""咨询电话2"":""0851-86677196"",""咨询电话3"":"""",""来源Sheet"":""中央国家行政机关参照公务员法管理事业单位""}}"
"government_jobs","国家公务员2026招考简章","公务员/事业单位技术岗位","贵州省安顺市西秀区","2026-07-28T09:12:58.310295+00:00","安顺调查队业务科室一级主任科员及以下","国家统计局贵州调查总队","","贵州省安顺市西秀区","公务员/事业单位;2026;computer_software;data_ai;geospatial_remote_sensing;仅限硕士研究生;硕士;理论经济学、应用经济学、应用统计、数字经济，农林经济管理、数学、统计学、计算机科学与技术、软件工程、法学、社会学、纪检监察学、法律、社会工作，遥感科学与技术;市（地）级及以下直属机构综合管理类","用人司局：国家统计局贵州调查总队
职位简介：从事一线入户调查、数据处理、统计分析、统计研究等工作。
专业要求：理论经济学、应用经济学、应用统计、数字经济，农林经济管理、数学、统计学、计算机科学与技术、软件工程、法学、社会学、纪检监察学、法律、社会工作，遥感科学与技术
学历要求：仅限硕士研究生
学位要求：硕士
政治面貌：中共党员
基层工作经历：无限制
考试类别：市（地）级及以下直属机构综合管理类
备注：1.限2026届高校毕业生。2.本职位工作条件艰苦，需长期独立深入乡村、企业工作。3.本单位最低服务年限为5年（含试用期）。4.本职位专业要求均为专业目录中的“专业类”，非专业大类（学科大类）。","http://bm.scs.gov.cn/kl2026#137124-400110124004","2025-10-14","{""dataset_year"":2026,""job_uid"":""GOV-2026-137124-400110124004"",""publisher"":""国家公务员局"",""publication_page"":""http://bm.scs.gov.cn/kl2026"",""attachment_url"":""local://2026_guokao_zhaokaojianzhang.zip"",""local_source_file"":""中央机关及其直属机构2026年度考试录用公务员招考简章.xls"",""local_source_sha256"":""2670bae1df1dd07a3a3c79b9db46a11e3bb15a6c9c249e6af98bfd0b61ce3aaf"",""source_sheet"":""中央国家行政机关参照公务员法管理事业单位"",""filter_version"":""government_tech_v2"",""tech_filter"":{""is_tech"":true,""is_core_tech"":true,""scope"":""core"",""categories"":[""computer_software"",""data_ai"",""geospatial_remote_sensing""],""matched_fields"":[""major"",""description""],""major_terms"":[""计算机科学与技术"",""软件工程"",""遥感科学与技术""],""role_terms"":[""数据处理""],""reason"":""tech_major_and_role""},""original"":{""部门代码"":""137124"",""部门名称"":""国家统计局贵州调查总队"",""用人司局"":""国家统计局贵州调查总队"",""机构性质"":""中央国家行政机关参照公务员法管理事业单位"",""招考职位"":""安顺调查队业务科室一级主任科员及以下"",""职位属性"":""普通职位"",""职位分布"":""西部地区和艰苦边远地区职位"",""职位简介"":""从事一线入户调查、数据处理、统计分析、统计研究等工作。"",""职位代码"":""400110124004"",""机构层级"":""市（地）级"",""考试类别"":""市（地）级及以下直属机构综合管理类"",""招考人数"":""1"",""专业"":""理论经济学、应用经济学、应用统计、数字经济，农林经济管理、数学、统计学、计算机科学与技术、软件工程、法学、社会学、纪检监察学、法律、社会工作，遥感科学与技术"",""学历"":""仅限硕士研究生"",""学位"":""硕士"",""政治面貌"":""中共党员"",""基层工作最低年限"":""无限制"",""服务基层项目工作经历"":""无限制"",""是否在面试阶段组织专业能力测试"":""否"",""面试人员比例"":""3:1"",""工作地点"":""贵州省安顺市西秀区"",""落户地点"":""贵州省安顺市西秀区"",""备注"":""1.限2026届高校毕业生。2.本职位工作条件艰苦，需长期独立深入乡村、企业工作。3.本单位最低服务年限为5年（含试用期）。4.本职位专业要求均为专业目录中的“专业类”，非专业大类（学科大类）。"",""部门网站"":""无"",""咨询电话1"":""0851-86677007"",""咨询电话2"":""0851-86677196"",""咨询电话3"":"""",""来源Sheet"":""中央国家行政机关参照公务员法管理事业单位""}}"
"government_jobs","国家公务员2026招考简章","公务员/事业单位技术岗位","贵州省遵义市正安县","2026-07-28T09:12:58.310295+00:00","正安调查队一级科员","国家统计局贵州调查总队","","贵州省遵义市正安县","公务员/事业单位;2026;computer_software;data_ai;仅限本科;学士;经济学类、统计学类、数学类、计算机类、法学类、社会学类、测绘类（不含测绘工程），以上各专业类别均不含特设专业、国家控制布点专业、特设控制布点专业;市（地）级及以下直属机构综合管理类","用人司局：国家统计局贵州调查总队
职位简介：从事一线入户调查、数据处理、统计分析、统计研究等工作。
专业要求：经济学类、统计学类、数学类、计算机类、法学类、社会学类、测绘类（不含测绘工程），以上各专业类别均不含特设专业、国家控制布点专业、特设控制布点专业
学历要求：仅限本科
学位要求：学士
政治面貌：不限
基层工作经历：无限制
考试类别：市（地）级及以下直属机构综合管理类
备注：1.限2026届高校毕业生。2.本职位工作条件艰苦，需长期独立深入乡村、企业工作。3.本单位最低服务年限为5年（含试用期）。4.本职位专业要求均为专业目录中的“专业类”，非专业大类（学科大类）。","http://bm.scs.gov.cn/kl2026#137124-400110124005","2025-10-14","{""dataset_year"":2026,""job_uid"":""GOV-2026-137124-400110124005"",""publisher"":""国家公务员局"",""publication_page"":""http://bm.scs.gov.cn/kl2026"",""attachment_url"":""local://2026_guokao_zhaokaojianzhang.zip"",""local_source_file"":""中央机关及其直属机构2026年度考试录用公务员招考简章.xls"",""local_source_sha256"":""2670bae1df1dd07a3a3c79b9db46a11e3bb15a6c9c249e6af98bfd0b61ce3aaf"",""source_sheet"":""中央国家行政机关参照公务员法管理事业单位"",""filter_version"":""government_tech_v2"",""tech_filter"":{""is_tech"":true,""is_core_tech"":true,""scope"":""core"",""categories"":[""computer_software"",""data_ai""],""matched_fields"":[""major"",""description""],""major_terms"":[""计算机类""],""role_terms"":[""数据处理""],""reason"":""tech_major_and_role""},""original"":{""部门代码"":""137124"",""部门名称"":""国家统计局贵州调查总队"",""用人司局"":""国家统计局贵州调查总队"",""机构性质"":""中央国家行政机关参照公务员法管理事业单位"",""招考职位"":""正安调查队一级科员"",""职位属性"":""普通职位"",""职位分布"":""西部地区和艰苦边远地区职位"",""职位简介"":""从事一线入户调查、数据处理、统计分析、统计研究等工作。"",""职位代码"":""400110124005"",""机构层级"":""县（区）级及以下"",""考试类别"":""市（地）级及以下直属机构综合管理类"",""招考人数"":""1"",""专业"":""经济学类、统计学类、数学类、计算机类、法学类、社会学类、测绘类（不含测绘工程），以上各专业类别均不含特设专业、国家控制布点专业、特设控制布点专业"",""学历"":""仅限本科"",""学位"":""学士"",""政治面貌"":""不限"",""基层工作最低年限"":""无限制"",""服务基层项目工作经历"":""无限制"",""是否在面试阶段组织专业能力测试"":""否"",""面试人员比例"":""3:1"",""工作地点"":""贵州省遵义市正安县"",""落户地点"":""贵州省遵义市正安县"",""备注"":""1.限2026届高校毕业生。2.本职位工作条件艰苦，需长期独立深入乡村、企业工作。3.本单位最低服务年限为5年（含试用期）。4.本职位专业要求均为专业目录中的“专业类”，非专业大类（学科大类）。"",""部门网站"":""无"",""咨询电话1"":""0851-86677007"",""咨询电话2"":""0851-86677196"",""咨询电话3"":"""",""来源Sheet"":""中央国家行政机关参照公务员法管理事业单位""}}"
"government_jobs","国家公务员2026招考简章","公务员/事业单位技术岗位","贵州省遵义市道真仡佬族苗族自治县","2026-07-28T09:12:58.310295+00:00","道真调查队一级科员","国家统计局贵州调查总队","","贵州省遵义市道真仡佬族苗族自治县","公务员/事业单位;2026;computer_software;data_ai;仅限本科;学士;经济学类、统计学类、数学类、计算机类、法学类、社会学类、测绘类（不含测绘工程），以上各专业类别均不含特设专业、国家控制布点专业、特设控制布点专业;市（地）级及以下直属机构综合管理类","用人司局：国家统计局贵州调查总队
职位简介：从事一线入户调查、数据处理、统计分析、统计研究等工作。
专业要求：经济学类、统计学类、数学类、计算机类、法学类、社会学类、测绘类（不含测绘工程），以上各专业类别均不含特设专业、国家控制布点专业、特设控制布点专业
学历要求：仅限本科
学位要求：学士
政治面貌：中共党员
基层工作经历：无限制
考试类别：市（地）级及以下直属机构综合管理类
备注：1.限2026届高校毕业生。2.本职位工作条件艰苦，需长期独立深入乡村、企业工作。3.本单位最低服务年限为5年（含试用期）。4.本职位专业要求均为专业目录中的“专业类”，非专业大类（学科大类）。","http://bm.scs.gov.cn/kl2026#137124-400110124006","2025-10-14","{""dataset_year"":2026,""job_uid"":""GOV-2026-137124-400110124006"",""publisher"":""国家公务员局"",""publication_page"":""http://bm.scs.gov.cn/kl2026"",""attachment_url"":""local://2026_guokao_zhaokaojianzhang.zip"",""local_source_file"":""中央机关及其直属机构2026年度考试录用公务员招考简章.xls"",""local_source_sha256"":""2670bae1df1dd07a3a3c79b9db46a11e3bb15a6c9c249e6af98bfd0b61ce3aaf"",""source_sheet"":""中央国家行政机关参照公务员法管理事业单位"",""filter_version"":""government_tech_v2"",""tech_filter"":{""is_tech"":true,""is_core_tech"":true,""scope"":""core"",""categories"":[""computer_software"",""data_ai""],""matched_fields"":[""major"",""description""],""major_terms"":[""计算机类""],""role_terms"":[""数据处理""],""reason"":""tech_major_and_role""},""original"":{""部门代码"":""137124"",""部门名称"":""国家统计局贵州调查总队"",""用人司局"":""国家统计局贵州调查总队"",""机构性质"":""中央国家行政机关参照公务员法管理事业单位"",""招考职位"":""道真调查队一级科员"",""职位属性"":""普通职位"",""职位分布"":""西部地区和艰苦边远地区职位"",""职位简介"":""从事一线入户调查、数据处理、统计分析、统计研究等工作。"",""职位代码"":""400110124006"",""机构层级"":""县（区）级及以下"",""考试类别"":""市（地）级及以下直属机构综合管理类"",""招考人数"":""1"",""专业"":""经济学类、统计学类、数学类、计算机类、法学类、社会学类、测绘类（不含测绘工程），以上各专业类别均不含特设专业、国家控制布点专业、特设控制布点专业"",""学历"":""仅限本科"",""学位"":""学士"",""政治面貌"":""中共党员"",""基层工作最低年限"":""无限制"",""服务基层项目工作经历"":""无限制"",""是否在面试阶段组织专业能力测试"":""否"",""面试人员比例"":""3:1"",""工作地点"":""贵州省遵义市道真仡佬族苗族自治县"",""落户地点"":""贵州省遵义市道真仡佬族苗族自治县"",""备注"":""1.限2026届高校毕业生。2.本职位工作条件艰苦，需长期独立深入乡村、企业工作。3.本单位最低服务年限为5年（含试用期）。4.本职位专业要求均为专业目录中的“专业类”，非专业大类（学科大类）。"",""部门网站"":""无"",""咨询电话1"":""0851-86677007"",""咨询电话2"":""0851-86677196"",""咨询电话3"":"""",""来源Sheet"":""中央国家行政机关参照公务员法管理事业单位""}}"
"government_jobs","国家公务员2026招考简章","公务员/事业单位技术岗位","贵州省遵义市桐梓县","2026-07-28T09:12:58.310295+00:00","桐梓调查队一级科员","国家统计局贵州调查总队","","贵州省遵义市桐梓县","公务员/事业单位;2026;computer_software;data_ai;仅限本科;学士;经济学类、统计学类、数学类、计算机类、法学类、社会学类、测绘类（不含测绘工程），以上各专业类别均不含特设专业、国家控制布点专业、特设控制布点专业;市（地）级及以下直属机构综合管理类","用人司局：国家统计局贵州调查总队
职位简介：从事一线入户调查、数据处理、统计分析、统计研究等工作。
专业要求：经济学类、统计学类、数学类、计算机类、法学类、社会学类、测绘类（不含测绘工程），以上各专业类别均不含特设专业、国家控制布点专业、特设控制布点专业
学历要求：仅限本科
学位要求：学士
政治面貌：不限
基层工作经历：无限制
考试类别：市（地）级及以下直属机构综合管理类
备注：1.限2026届高校毕业生。2.本职位工作条件艰苦，需长期独立深入乡村、企业工作。3.本单位最低服务年限为5年（含试用期）。4.本职位专业要求均为专业目录中的“专业类”，非专业大类（学科大类）。","http://bm.scs.gov.cn/kl2026#137124-400110124007","2025-10-14","{""dataset_year"":2026,""job_uid"":""GOV-2026-137124-400110124007"",""publisher"":""国家公务员局"",""publication_page"":""http://bm.scs.gov.cn/kl2026"",""attachment_url"":""local://2026_guokao_zhaokaojianzhang.zip"",""local_source_file"":""中央机关及其直属机构2026年度考试录用公务员招考简章.xls"",""local_source_sha256"":""2670bae1df1dd07a3a3c79b9db46a11e3bb15a6c9c249e6af98bfd0b61ce3aaf"",""source_sheet"":""中央国家行政机关参照公务员法管理事业单位"",""filter_version"":""government_tech_v2"",""tech_filter"":{""is_tech"":true,""is_core_tech"":true,""scope"":""core"",""categories"":[""computer_software"",""data_ai""],""matched_fields"":[""major"",""description""],""major_terms"":[""计算机类""],""role_terms"":[""数据处理""],""reason"":""tech_major_and_role""},""original"":{""部门代码"":""137124"",""部门名称"":""国家统计局贵州调查总队"",""用人司局"":""国家统计局贵州调查总队"",""机构性质"":""中央国家行政机关参照公务员法管理事业单位"",""招考职位"":""桐梓调查队一级科员"",""职位属性"":""普通职位"",""职位分布"":""西部地区和艰苦边远地区职位"",""职位简介"":""从事一线入户调查、数据处理、统计分析、统计研究等工作。"",""职位代码"":""400110124007"",""机构层级"":""县（区）级及以下"",""考试类别"":""市（地）级及以下直属机构综合管理类"",""招考人数"":""1"",""专业"":""经济学类、统计学类、数学类、计算机类、法学类、社会学类、测绘类（不含测绘工程），以上各专业类别均不含特设专业、国家控制布点专业、特设控制布点专业"",""学历"":""仅限本科"",""学位"":""学士"",""政治面貌"":""不限"",""基层工作最低年限"":""无限制"",""服务基层项目工作经历"":""无限制"",""是否在面试阶段组织专业能力测试"":""否"",""面试人员比例"":""3:1"",""工作地点"":""贵州省遵义市桐梓县"",""落户地点"":""贵州省遵义市桐梓县"",""备注"":""1.限2026届高校毕业生。2.本职位工作条件艰苦，需长期独立深入乡村、企业工作。3.本单位最低服务年限为5年（含试用期）。4.本职位专业要求均为专业目录中的“专业类”，非专业大类（学科大类）。"",""部门网站"":""无"",""咨询电话1"":""0851-86677007"",""咨询电话2"":""0851-86677196"",""咨询电话3"":"""",""来源Sheet"":""中央国家行政机关参照公务员法管理事业单位""}}"
"government_jobs","国家公务员2026招考简章","公务员/事业单位技术岗位","贵州省毕节市大方县","2026-07-28T09:12:58.310295+00:00","大方调查队一级科员","国家统计局贵州调查总队","","贵州省毕节市大方县","公务员/事业单位;2026;computer_software;data_ai;仅限本科;学士;经济学类、统计学类、数学类、计算机类、法学类、社会学类、测绘类（不含测绘工程），以上各专业类别均不含特设专业、国家控制布点专业、特设控制布点专业;市（地）级及以下直属机构综合管理类","用人司局：国家统计局贵州调查总队
职位简介：从事一线入户调查、数据处理、统计分析、统计研究等工作。
专业要求：经济学类、统计学类、数学类、计算机类、法学类、社会学类、测绘类（不含测绘工程），以上各专业类别均不含特设专业、国家控制布点专业、特设控制布点专业
学历要求：仅限本科
学位要求：学士
政治面貌：不限
基层工作经历：无限制
考试类别：市（地）级及以下直属机构综合管理类
备注：1.限2026届高校毕业生。2.本职位工作条件艰苦，需长期独立深入乡村、企业工作。3.本单位最低服务年限为5年（含试用期）。4.本职位专业要求均为专业目录中的“专业类”，非专业大类（学科大类）。","http://bm.scs.gov.cn/kl2026#137124-400110124008","2025-10-14","{""dataset_year"":2026,""job_uid"":""GOV-2026-137124-400110124008"",""publisher"":""国家公务员局"",""publication_page"":""http://bm.scs.gov.cn/kl2026"",""attachment_url"":""local://2026_guokao_zhaokaojianzhang.zip"",""local_source_file"":""中央机关及其直属机构2026年度考试录用公务员招考简章.xls"",""local_source_sha256"":""2670bae1df1dd07a3a3c79b9db46a11e3bb15a6c9c249e6af98bfd0b61ce3aaf"",""source_sheet"":""中央国家行政机关参照公务员法管理事业单位"",""filter_version"":""government_tech_v2"",""tech_filter"":{""is_tech"":true,""is_core_tech"":true,""scope"":""core"",""categories"":[""computer_software"",""data_ai""],""matched_fields"":[""major"",""description""],""major_terms"":[""计算机类""],""role_terms"":[""数据处理""],""reason"":""tech_major_and_role""},""original"":{""部门代码"":""137124"",""部门名称"":""国家统计局贵州调查总队"",""用人司局"":""国家统计局贵州调查总队"",""机构性质"":""中央国家行政机关参照公务员法管理事业单位"",""招考职位"":""大方调查队一级科员"",""职位属性"":""普通职位"",""职位分布"":""西部地区和艰苦边远地区职位"",""职位简介"":""从事一线入户调查、数据处理、统计分析、统计研究等工作。"",""职位代码"":""400110124008"",""机构层级"":""县（区）级及以下"",""考试类别"":""市（地）级及以下直属机构综合管理类"",""招考人数"":""1"",""专业"":""经济学类、统计学类、数学类、计算机类、法学类、社会学类、测绘类（不含测绘工程），以上各专业类别均不含特设专业、国家控制布点专业、特设控制布点专业"",""学历"":""仅限本科"",""学位"":""学士"",""政治面貌"":""不限"",""基层工作最低年限"":""无限制"",""服务基层项目工作经历"":""无限制"",""是否在面试阶段组织专业能力测试"":""否"",""面试人员比例"":""3:1"",""工作地点"":""贵州省毕节市大方县"",""落户地点"":""贵州省毕节市大方县"",""备注"":""1.限2026届高校毕业生。2.本职位工作条件艰苦，需长期独立深入乡村、企业工作。3.本单位最低服务年限为5年（含试用期）。4.本职位专业要求均为专业目录中的“专业类”，非专业大类（学科大类）。"",""部门网站"":""无"",""咨询电话1"":""0851-86677007"",""咨询电话2"":""0851-86677196"",""咨询电话3"":"""",""来源Sheet"":""中央国家行政机关参照公务员法管理事业单位""}}"
"government_jobs","国家公务员2026招考简章","公务员/事业单位技术岗位","贵州省铜仁市思南县","2026-07-28T09:12:58.310295+00:00","思南调查队一级科员（1）","国家统计局贵州调查总队","","贵州省铜仁市思南县","公务员/事业单位;2026;computer_software;data_ai;仅限本科;学士;经济学类、统计学类、数学类、计算机类、法学类、社会学类、测绘类（不含测绘工程），以上各专业类别均不含特设专业、国家控制布点专业、特设控制布点专业;市（地）级及以下直属机构综合管理类","用人司局：国家统计局贵州调查总队
职位简介：从事一线入户调查、数据处理、统计分析、统计研究等工作。
专业要求：经济学类、统计学类、数学类、计算机类、法学类、社会学类、测绘类（不含测绘工程），以上各专业类别均不含特设专业、国家控制布点专业、特设控制布点专业
学历要求：仅限本科
学位要求：学士
政治面貌：中共党员
基层工作经历：无限制
考试类别：市（地）级及以下直属机构综合管理类
备注：1.限2026届高校毕业生。2.本职位工作条件艰苦，需长期独立深入乡村、企业工作。3.本单位最低服务年限为5年（含试用期）。4.本职位专业要求均为专业目录中的“专业类”，非专业大类（学科大类）。","http://bm.scs.gov.cn/kl2026#137124-400110124009","2025-10-14","{""dataset_year"":2026,""job_uid"":""GOV-2026-137124-400110124009"",""publisher"":""国家公务员局"",""publication_page"":""http://bm.scs.gov.cn/kl2026"",""attachment_url"":""local://2026_guokao_zhaokaojianzhang.zip"",""local_source_file"":""中央机关及其直属机构2026年度考试录用公务员招考简章.xls"",""local_source_sha256"":""2670bae1df1dd07a3a3c79b9db46a11e3bb15a6c9c249e6af98bfd0b61ce3aaf"",""source_sheet"":""中央国家行政机关参照公务员法管理事业单位"",""filter_version"":""government_tech_v2"",""tech_filter"":{""is_tech"":true,""is_core_tech"":true,""scope"":""core"",""categories"":[""computer_software"",""data_ai""],""matched_fields"":[""major"",""description""],""major_terms"":[""计算机类""],""role_terms"":[""数据处理""],""reason"":""tech_major_and_role""},""original"":{""部门代码"":""137124"",""部门名称"":""国家统计局贵州调查总队"",""用人司局"":""国家统计局贵州调查总队"",""机构性质"":""中央国家行政机关参照公务员法管理事业单位"",""招考职位"":""思南调查队一级科员（1）"",""职位属性"":""普通职位"",""职位分布"":""西部地区和艰苦边远地区职位"",""职位简介"":""从事一线入户调查、数据处理、统计分析、统计研究等工作。"",""职位代码"":""400110124009"",""机构层级"":""县（区）级及以下"",""考试类别"":""市（地）级及以下直属机构综合管理类"",""招考人数"":""1"",""专业"":""经济学类、统计学类、数学类、计算机类、法学类、社会学类、测绘类（不含测绘工程），以上各专业类别均不含特设专业、国家控制布点专业、特设控制布点专业"",""学历"":""仅限本科"",""学位"":""学士"",""政治面貌"":""中共党员"",""基层工作最低年限"":""无限制"",""服务基层项目工作经历"":""无限制"",""是否在面试阶段组织专业能力测试"":""否"",""面试人员比例"":""3:1"",""工作地点"":""贵州省铜仁市思南县"",""落户地点"":""贵州省铜仁市思南县"",""备注"":""1.限2026届高校毕业生。2.本职位工作条件艰苦，需长期独立深入乡村、企业工作。3.本单位最低服务年限为5年（含试用期）。4.本职位专业要求均为专业目录中的“专业类”，非专业大类（学科大类）。"",""部门网站"":""无"",""咨询电话1"":""0851-86677007"",""咨询电话2"":""0851-86677196"",""咨询电话3"":"""",""来源Sheet"":""中央国家行政机关参照公务员法管理事业单位""}}"
"government_jobs","国家公务员2026招考简章","公务员/事业单位技术岗位","贵州省铜仁市思南县","2026-07-28T09:12:58.310295+00:00","思南调查队一级科员（2）","国家统计局贵州调查总队","","贵州省铜仁市思南县","公务员/事业单位;2026;computer_software;data_ai;仅限本科;学士;经济学类、统计学类、数学类、计算机类、法学类、社会学类、测绘类（不含测绘工程），以上各专业类别均不含特设专业、国家控制布点专业、特设控制布点专业;市（地）级及以下直属机构综合管理类","用人司局：国家统计局贵州调查总队
职位简介：从事一线入户调查、数据处理、统计分析、统计研究等工作。
专业要求：经济学类、统计学类、数学类、计算机类、法学类、社会学类、测绘类（不含测绘工程），以上各专业类别均不含特设专业、国家控制布点专业、特设控制布点专业
学历要求：仅限本科
学位要求：学士
政治面貌：不限
基层工作经历：无限制
考试类别：市（地）级及以下直属机构综合管理类
备注：1.限2026届高校毕业生。2.本职位工作条件艰苦，需长期独立深入乡村、企业工作。3.本单位最低服务年限为5年（含试用期）。4.本职位专业要求均为专业目录中的“专业类”，非专业大类（学科大类）。","http://bm.scs.gov.cn/kl2026#137124-400110124010","2025-10-14","{""dataset_year"":2026,""job_uid"":""GOV-2026-137124-400110124010"",""publisher"":""国家公务员局"",""publication_page"":""http://bm.scs.gov.cn/kl2026"",""attachment_url"":""local://2026_guokao_zhaokaojianzhang.zip"",""local_source_file"":""中央机关及其直属机构2026年度考试录用公务员招考简章.xls"",""local_source_sha256"":""2670bae1df1dd07a3a3c79b9db46a11e3bb15a6c9c249e6af98bfd0b61ce3aaf"",""source_sheet"":""中央国家行政机关参照公务员法管理事业单位"",""filter_version"":""government_tech_v2"",""tech_filter"":{""is_tech"":true,""is_core_tech"":true,""scope"":""core"",""categories"":[""computer_software"",""data_ai""],""matched_fields"":[""major"",""description""],""major_terms"":[""计算机类""],""role_terms"":[""数据处理""],""reason"":""tech_major_and_role""},""original"":{""部门代码"":""137124"",""部门名称"":""国家统计局贵州调查总队"",""用人司局"":""国家统计局贵州调查总队"",""机构性质"":""中央国家行政机关参照公务员法管理事业单位"",""招考职位"":""思南调查队一级科员（2）"",""职位属性"":""普通职位"",""职位分布"":""西部地区和艰苦边远地区职位"",""职位简介"":""从事一线入户调查、数据处理、统计分析、统计研究等工作。"",""职位代码"":""400110124010"",""机构层级"":""县（区）级及以下"",""考试类别"":""市（地）级及以下直属机构综合管理类"",""招考人数"":""1"",""专业"":""经济学类、统计学类、数学类、计算机类、法学类、社会学类、测绘类（不含测绘工程），以上各专业类别均不含特设专业、国家控制布点专业、特设控制布点专业"",""学历"":""仅限本科"",""学位"":""学士"",""政治面貌"":""不限"",""基层工作最低年限"":""无限制"",""服务基层项目工作经历"":""无限制"",""是否在面试阶段组织专业能力测试"":""否"",""面试人员比例"":""3:1"",""工作地点"":""贵州省铜仁市思南县"",""落户地点"":""贵州省铜仁市思南县"",""备注"":""1.限2026届高校毕业生。2.本职位工作条件艰苦，需长期独立深入乡村、企业工作。3.本单位最低服务年限为5年（含试用期）。4.本职位专业要求均为专业目录中的“专业类”，非专业大类（学科大类）。"",""部门网站"":""无"",""咨询电话1"":""0851-86677007"",""咨询电话2"":""0851-86677196"",""咨询电话3"":"""",""来源Sheet"":""中央国家行政机关参照公务员法管理事业单位""}}"
"government_jobs","国家公务员2026招考简章","公务员/事业单位技术岗位","贵州省黔东南苗族侗族自治州丹寨县","2026-07-28T09:12:58.310295+00:00","丹寨调查队一级科员","国家统计局贵州调查总队","","贵州省黔东南苗族侗族自治州丹寨县","公务员/事业单位;2026;computer_software;data_ai;仅限本科;学士;经济学类、统计学类、数学类、计算机类、法学类、社会学类、测绘类（不含测绘工程），以上各专业类别均不含特设专业、国家控制布点专业、特设控制布点专业;市（地）级及以下直属机构综合管理类","用人司局：国家统计局贵州调查总队
职位简介：从事一线入户调查、数据处理、统计分析、统计研究等工作。
专业要求：经济学类、统计学类、数学类、计算机类、法学类、社会学类、测绘类（不含测绘工程），以上各专业类别均不含特设专业、国家控制布点专业、特设控制布点专业
学历要求：仅限本科
学位要求：学士
政治面貌：不限
基层工作经历：无限制
考试类别：市（地）级及以下直属机构综合管理类
备注：1.限2026届高校毕业生。2.本职位工作条件艰苦，需长期独立深入乡村、企业工作。3.限贵州省户籍或贵州省生源。4.本单位最低服务年限为5年（含试用期）。5.本职位专业要求均为专业目录中的“专业类”，非专业大类（学科大类）。","http://bm.scs.gov.cn/kl2026#137124-400110124011","2025-10-14","{""dataset_year"":2026,""job_uid"":""GOV-2026-137124-400110124011"",""publisher"":""国家公务员局"",""publication_page"":""http://bm.scs.gov.cn/kl2026"",""attachment_url"":""local://2026_guokao_zhaokaojianzhang.zip"",""local_source_file"":""中央机关及其直属机构2026年度考试录用公务员招考简章.xls"",""local_source_sha256"":""2670bae1df1dd07a3a3c79b9db46a11e3bb15a6c9c249e6af98bfd0b61ce3aaf"",""source_sheet"":""中央国家行政机关参照公务员法管理事业单位"",""filter_version"":""government_tech_v2"",""tech_filter"":{""is_tech"":true,""is_core_tech"":true,""scope"":""core"",""categories"":[""computer_software"",""data_ai""],""matched_fields"":[""major"",""description""],""major_terms"":[""计算机类""],""role_terms"":[""数据处理""],""reason"":""tech_major_and_role""},""original"":{""部门代码"":""137124"",""部门名称"":""国家统计局贵州调查总队"",""用人司局"":""国家统计局贵州调查总队"",""机构性质"":""中央国家行政机关参照公务员法管理事业单位"",""招考职位"":""丹寨调查队一级科员"",""职位属性"":""普通职位"",""职位分布"":""西部地区和艰苦边远地区职位"",""职位简介"":""从事一线入户调查、数据处理、统计分析、统计研究等工作。"",""职位代码"":""400110124011"",""机构层级"":""县（区）级及以下"",""考试类别"":""市（地）级及以下直属机构综合管理类"",""招考人数"":""1"",""专业"":""经济学类、统计学类、数学类、计算机类、法学类、社会学类、测绘类（不含测绘工程），以上各专业类别均不含特设专业、国家控制布点专业、特设控制布点专业"",""学历"":""仅限本科"",""学位"":""学士"",""政治面貌"":""不限"",""基层工作最低年限"":""无限制"",""服务基层项目工作经历"":""无限制"",""是否在面试阶段组织专业能力测试"":""否"",""面试人员比例"":""3:1"",""工作地点"":""贵州省黔东南苗族侗族自治州丹寨县"",""落户地点"":""贵州省黔东南苗族侗族自治州丹寨县"",""备注"":""1.限2026届高校毕业生。2.本职位工作条件艰苦，需长期独立深入乡村、企业工作。3.限贵州省户籍或贵州省生源。4.本单位最低服务年限为5年（含试用期）。5.本职位专业要求均为专业目录中的“专业类”，非专业大类（学科大类）。"",""部门网站"":""无"",""咨询电话1"":""0851-86677007"",""咨询电话2"":""0851-86677196"",""咨询电话3"":"""",""来源Sheet"":""中央国家行政机关参照公务员法管理事业单位""}}"
"government_jobs","国家公务员2026招考简章","公务员/事业单位技术岗位","贵州省黔南布依族苗族自治州瓮安县","2026-07-28T09:12:58.310295+00:00","瓮安调查队一级科员","国家统计局贵州调查总队","","贵州省黔南布依族苗族自治州瓮安县","公务员/事业单位;2026;computer_software;data_ai;仅限本科;学士;经济学类、统计学类、数学类、计算机类、法学类、社会学类、测绘类（不含测绘工程），以上各专业类别均不含特设专业、国家控制布点专业、特设控制布点专业;市（地）级及以下直属机构综合管理类","用人司局：国家统计局贵州调查总队
职位简介：从事一线入户调查、数据处理、统计分析、统计研究等工作。
专业要求：经济学类、统计学类、数学类、计算机类、法学类、社会学类、测绘类（不含测绘工程），以上各专业类别均不含特设专业、国家控制布点专业、特设控制布点专业
学历要求：仅限本科
学位要求：学士
政治面貌：中共党员
基层工作经历：无限制
考试类别：市（地）级及以下直属机构综合管理类
备注：1.限2026届高校毕业生。2.本职位工作条件艰苦，需长期独立深入乡村、企业工作。3.限贵州省户籍或贵州省生源。4.本单位最低服务年限为5年（含试用期）。5.本职位专业要求均为专业目录中的“专业类”，非专业大类（学科大类）。","http://bm.scs.gov.cn/kl2026#137124-400110124012","2025-10-14","{""dataset_year"":2026,""job_uid"":""GOV-2026-137124-400110124012"",""publisher"":""国家公务员局"",""publication_page"":""http://bm.scs.gov.cn/kl2026"",""attachment_url"":""local://2026_guokao_zhaokaojianzhang.zip"",""local_source_file"":""中央机关及其直属机构2026年度考试录用公务员招考简章.xls"",""local_source_sha256"":""2670bae1df1dd07a3a3c79b9db46a11e3bb15a6c9c249e6af98bfd0b61ce3aaf"",""source_sheet"":""中央国家行政机关参照公务员法管理事业单位"",""filter_version"":""government_tech_v2"",""tech_filter"":{""is_tech"":true,""is_core_tech"":true,""scope"":""core"",""categories"":[""computer_software"",""data_ai""],""matched_fields"":[""major"",""description""],""major_terms"":[""计算机类""],""role_terms"":[""数据处理""],""reason"":""tech_major_and_role""},""original"":{""部门代码"":""137124"",""部门名称"":""国家统计局贵州调查总队"",""用人司局"":""国家统计局贵州调查总队"",""机构性质"":""中央国家行政机关参照公务员法管理事业单位"",""招考职位"":""瓮安调查队一级科员"",""职位属性"":""普通职位"",""职位分布"":""西部地区和艰苦边远地区职位"",""职位简介"":""从事一线入户调查、数据处理、统计分析、统计研究等工作。"",""职位代码"":""400110124012"",""机构层级"":""县（区）级及以下"",""考试类别"":""市（地）级及以下直属机构综合管理类"",""招考人数"":""1"",""专业"":""经济学类、统计学类、数学类、计算机类、法学类、社会学类、测绘类（不含测绘工程），以上各专业类别均不含特设专业、国家控制布点专业、特设控制布点专业"",""学历"":""仅限本科"",""学位"":""学士"",""政治面貌"":""中共党员"",""基层工作最低年限"":""无限制"",""服务基层项目工作经历"":""无限制"",""是否在面试阶段组织专业能力测试"":""否"",""面试人员比例"":""3:1"",""工作地点"":""贵州省黔南布依族苗族自治州瓮安县"",""落户地点"":""贵州省黔南布依族苗族自治州瓮安县"",""备注"":""1.限2026届高校毕业生。2.本职位工作条件艰苦，需长期独立深入乡村、企业工作。3.限贵州省户籍或贵州省生源。4.本单位最低服务年限为5年（含试用期）。5.本职位专业要求均为专业目录中的“专业类”，非专业大类（学科大类）。"",""部门网站"":""无"",""咨询电话1"":""0851-86677007"",""咨询电话2"":""0851-86677196"",""咨询电话3"":"""",""来源Sheet"":""中央国家行政机关参照公务员法管理事业单位""}}"
"government_jobs","国家公务员2026招考简章","公务员/事业单位技术岗位","贵州省安顺市镇宁布依族苗族自治县","2026-07-28T09:12:58.310295+00:00","镇宁调查队一级科员","国家统计局贵州调查总队","","贵州省安顺市镇宁布依族苗族自治县","公务员/事业单位;2026;computer_software;data_ai;仅限本科;学士;经济学类、统计学类、数学类、计算机类、法学类、社会学类、测绘类（不含测绘工程），以上各专业类别均不含特设专业、国家控制布点专业、特设控制布点专业;市（地）级及以下直属机构综合管理类","用人司局：国家统计局贵州调查总队
职位简介：从事一线入户调查、数据处理、统计分析、统计研究等工作。
专业要求：经济学类、统计学类、数学类、计算机类、法学类、社会学类、测绘类（不含测绘工程），以上各专业类别均不含特设专业、国家控制布点专业、特设控制布点专业
学历要求：仅限本科
学位要求：学士
政治面貌：不限
基层工作经历：二年
考试类别：市（地）级及以下直属机构综合管理类
备注：1.需二年服务期满、考核合格，尚在服务期间的不能报考。2.本职位工作条件艰苦，需长期独立深入乡村、企业工作。3.本单位最低服务年限为5年（含试用期）。4.限贵州省户籍或贵州省生源。5.本职位专业要求均为专业目录中的“专业类”，非专业大类（学科大类）。","http://bm.scs.gov.cn/kl2026#137124-400110124013","2025-10-14","{""dataset_year"":2026,""job_uid"":""GOV-2026-137124-400110124013"",""publisher"":""国家公务员局"",""publication_page"":""http://bm.scs.gov.cn/kl2026"",""attachment_url"":""local://2026_guokao_zhaokaojianzhang.zip"",""local_source_file"":""中央机关及其直属机构2026年度考试录用公务员招考简章.xls"",""local_source_sha256"":""2670bae1df1dd07a3a3c79b9db46a11e3bb15a6c9c249e6af98bfd0b61ce3aaf"",""source_sheet"":""中央国家行政机关参照公务员法管理事业单位"",""filter_version"":""government_tech_v2"",""tech_filter"":{""is_tech"":true,""is_core_tech"":true,""scope"":""core"",""categories"":[""computer_software"",""data_ai""],""matched_fields"":[""major"",""description""],""major_terms"":[""计算机类""],""role_terms"":[""数据处理""],""reason"":""tech_major_and_role""},""original"":{""部门代码"":""137124"",""部门名称"":""国家统计局贵州调查总队"",""用人司局"":""国家统计局贵州调查总队"",""机构性质"":""中央国家行政机关参照公务员法管理事业单位"",""招考职位"":""镇宁调查队一级科员"",""职位属性"":""普通职位"",""职位分布"":""西部地区和艰苦边远地区职位"",""职位简介"":""从事一线入户调查、数据处理、统计分析、统计研究等工作。"",""职位代码"":""400110124013"",""机构层级"":""县（区）级及以下"",""考试类别"":""市（地）级及以下直属机构综合管理类"",""招考人数"":""1"",""专业"":""经济学类、统计学类、数学类、计算机类、法学类、社会学类、测绘类（不含测绘工程），以上各专业类别均不含特设专业、国家控制布点专业、特设控制布点专业"",""学历"":""仅限本科"",""学位"":""学士"",""政治面貌"":""不限"",""基层工作最低年限"":""二年"",""服务基层项目工作经历"":""大学生村官、农村义务教育阶段学校教师特设岗位计划、“三支一扶”计划、大学生志愿服务西部计划、在军队服役5年（含）以上的高校毕业生退役士兵"",""是否在面试阶段组织专业能力测试"":""否"",""面试人员比例"":""3:1"",""工作地点"":""贵州省安顺市镇宁布依族苗族自治县"",""落户地点"":""贵州省安顺市镇宁布依族苗族自治县"",""备注"":""1.需二年服务期满、考核合格，尚在服务期间的不能报考。2.本职位工作条件艰苦，需长期独立深入乡村、企业工作。3.本单位最低服务年限为5年（含试用期）。4.限贵州省户籍或贵州省生源。5.本职位专业要求均为专业目录中的“专业类”，非专业大类（学科大类）。"",""部门网站"":""无"",""咨询电话1"":""0851-86677007"",""咨询电话2"":""0851-86677196"",""咨询电话3"":"""",""来源Sheet"":""中央国家行政机关参照公务员法管理事业单位""}}"
"government_jobs","国家公务员2026招考简章","公务员/事业单位技术岗位","贵州省六盘水市六枝特区","2026-07-28T09:12:58.310295+00:00","六枝调查队一级科员","国家统计局贵州调查总队","","贵州省六盘水市六枝特区","公务员/事业单位;2026;computer_software;data_ai;仅限本科;学士;经济学类、统计学类、数学类、计算机类、法学类、社会学类、测绘类（不含测绘工程），以上各专业类别均不含特设专业、国家控制布点专业、特设控制布点专业;市（地）级及以下直属机构综合管理类","用人司局：国家统计局贵州调查总队
职位简介：从事一线入户调查、数据处理、统计分析、统计研究等工作。
专业要求：经济学类、统计学类、数学类、计算机类、法学类、社会学类、测绘类（不含测绘工程），以上各专业类别均不含特设专业、国家控制布点专业、特设控制布点专业
学历要求：仅限本科
学位要求：学士
政治面貌：不限
基层工作经历：二年
考试类别：市（地）级及以下直属机构综合管理类
备注：1.需二年服务期满、考核合格，尚在服务期间的不能报考。2.本职位工作条件艰苦，需长期独立深入乡村、企业工作。3.本单位最低服务年限为5年（含试用期）。4.本职位专业要求均为专业目录中的“专业类”，非专业大类（学科大类）。","http://bm.scs.gov.cn/kl2026#137124-400110124014","2025-10-14","{""dataset_year"":2026,""job_uid"":""GOV-2026-137124-400110124014"",""publisher"":""国家公务员局"",""publication_page"":""http://bm.scs.gov.cn/kl2026"",""attachment_url"":""local://2026_guokao_zhaokaojianzhang.zip"",""local_source_file"":""中央机关及其直属机构2026年度考试录用公务员招考简章.xls"",""local_source_sha256"":""2670bae1df1dd07a3a3c79b9db46a11e3bb15a6c9c249e6af98bfd0b61ce3aaf"",""source_sheet"":""中央国家行政机关参照公务员法管理事业单位"",""filter_version"":""government_tech_v2"",""tech_filter"":{""is_tech"":true,""is_core_tech"":true,""scope"":""core"",""categories"":[""computer_software"",""data_ai""],""matched_fields"":[""major"",""description""],""major_terms"":[""计算机类""],""role_terms"":[""数据处理""],""reason"":""tech_major_and_role""},""original"":{""部门代码"":""137124"",""部门名称"":""国家统计局贵州调查总队"",""用人司局"":""国家统计局贵州调查总队"",""机构性质"":""中央国家行政机关参照公务员法管理事业单位"",""招考职位"":""六枝调查队一级科员"",""职位属性"":""普通职位"",""职位分布"":""西部地区和艰苦边远地区职位"",""职位简介"":""从事一线入户调查、数据处理、统计分析、统计研究等工作。"",""职位代码"":""400110124014"",""机构层级"":""县（区）级及以下"",""考试类别"":""市（地）级及以下直属机构综合管理类"",""招考人数"":""1"",""专业"":""经济学类、统计学类、数学类、计算机类、法学类、社会学类、测绘类（不含测绘工程），以上各专业类别均不含特设专业、国家控制布点专业、特设控制布点专业"",""学历"":""仅限本科"",""学位"":""学士"",""政治面貌"":""不限"",""基层工作最低年限"":""二年"",""服务基层项目工作经历"":""大学生村官、农村义务教育阶段学校教师特设岗位计划、“三支一扶”计划、大学生志愿服务西部计划、在军队服役5年（含）以上的高校毕业生退役士兵"",""是否在面试阶段组织专业能力测试"":""否"",""面试人员比例"":""3:1"",""工作地点"":""贵州省六盘水市六枝特区"",""落户地点"":""贵州省六盘水市六枝特区"",""备注"":""1.需二年服务期满、考核合格，尚在服务期间的不能报考。2.本职位工作条件艰苦，需长期独立深入乡村、企业工作。3.本单位最低服务年限为5年（含试用期）。4.本职位专业要求均为专业目录中的“专业类”，非专业大类（学科大类）。"",""部门网站"":""无"",""咨询电话1"":""0851-86677007"",""咨询电话2"":""0851-86677196"",""咨询电话3"":"""",""来源Sheet"":""中央国家行政机关参照公务员法管理事业单位""}}"
"government_jobs","国家公务员2026招考简章","公务员/事业单位技术岗位","云南省临沧市临翔区","2026-07-28T09:12:58.310295+00:00","临沧调查队业务科室一级科员","国家统计局云南调查总队","","云南省临沧市临翔区","公务员/事业单位;2026;computer_software;data_ai;仅限本科;学士;统计学类、金融学类、计算机类、工商管理类;市（地）级及以下直属机构综合管理类","用人司局：国家统计局云南调查总队
职位简介：从事一线入户调查、数据处理、统计分析研究等工作
专业要求：统计学类、金融学类、计算机类、工商管理类
学历要求：仅限本科
学位要求：学士
政治面貌：不限
基层工作经历：无限制
考试类别：市（地）级及以下直属机构综合管理类
备注：本单位最低服务年限为5年（含试用期）。","http://bm.scs.gov.cn/kl2026#137125-400110125003","2025-10-14","{""dataset_year"":2026,""job_uid"":""GOV-2026-137125-400110125003"",""publisher"":""国家公务员局"",""publication_page"":""http://bm.scs.gov.cn/kl2026"",""attachment_url"":""local://2026_guokao_zhaokaojianzhang.zip"",""local_source_file"":""中央机关及其直属机构2026年度考试录用公务员招考简章.xls"",""local_source_sha256"":""2670bae1df1dd07a3a3c79b9db46a11e3bb15a6c9c249e6af98bfd0b61ce3aaf"",""source_sheet"":""中央国家行政机关参照公务员法管理事业单位"",""filter_version"":""government_tech_v2"",""tech_filter"":{""is_tech"":true,""is_core_tech"":true,""scope"":""core"",""categories"":[""computer_software"",""data_ai""],""matched_fields"":[""major"",""description""],""major_terms"":[""计算机类""],""role_terms"":[""数据处理""],""reason"":""tech_major_and_role""},""original"":{""部门代码"":""137125"",""部门名称"":""国家统计局云南调查总队"",""用人司局"":""国家统计局云南调查总队"",""机构性质"":""中央国家行政机关参照公务员法管理事业单位"",""招考职位"":""临沧调查队业务科室一级科员"",""职位属性"":""普通职位"",""职位分布"":""西部地区和艰苦边远地区职位"",""职位简介"":""从事一线入户调查、数据处理、统计分析研究等工作"",""职位代码"":""400110125003"",""机构层级"":""市（地）级"",""考试类别"":""市（地）级及以下直属机构综合管理类"",""招考人数"":""1"",""专业"":""统计学类、金融学类、计算机类、工商管理类"",""学历"":""仅限本科"",""学位"":""学士"",""政治面貌"":""不限"",""基层工作最低年限"":""无限制"",""服务基层项目工作经历"":""无限制"",""是否在面试阶段组织专业能力测试"":""否"",""面试人员比例"":""3:1"",""工作地点"":""云南省临沧市临翔区"",""落户地点"":""云南省临沧市临翔区"",""备注"":""本单位最低服务年限为5年（含试用期）。"",""部门网站"":""http://ynzd.stats.gov.cn/"",""咨询电话1"":""0871-65108067"",""咨询电话2"":""0871-65111379"",""咨询电话3"":"""",""来源Sheet"":""中央国家行政机关参照公务员法管理事业单位""}}"
"government_jobs","国家公务员2026招考简章","公务员/事业单位技术岗位","云南省怒江傈僳族自治州泸水市","2026-07-28T09:12:58.310295+00:00","怒江调查队业务科室一级科员","国家统计局云南调查总队","","云南省怒江傈僳族自治州泸水市","公务员/事业单位;2026;computer_software;data_ai;仅限本科;学士;统计学类、计算机类、工商管理类、中国语言文学类;市（地）级及以下直属机构综合管理类","用人司局：国家统计局云南调查总队
职位简介：从事一线入户调查、数据处理、统计分析研究等工作
专业要求：统计学类、计算机类、工商管理类、中国语言文学类
学历要求：仅限本科
学位要求：学士
政治面貌：中共党员
基层工作经历：无限制
考试类别：市（地）级及以下直属机构综合管理类
备注：1.限云南省户籍或生源；2.本单位最低服务年限为5年（含试用期）。","http://bm.scs.gov.cn/kl2026#137125-400110125004","2025-10-14","{""dataset_year"":2026,""job_uid"":""GOV-2026-137125-400110125004"",""publisher"":""国家公务员局"",""publication_page"":""http://bm.scs.gov.cn/kl2026"",""attachment_url"":""local://2026_guokao_zhaokaojianzhang.zip"",""local_source_file"":""中央机关及其直属机构2026年度考试录用公务员招考简章.xls"",""local_source_sha256"":""2670bae1df1dd07a3a3c79b9db46a11e3bb15a6c9c249e6af98bfd0b61ce3aaf"",""source_sheet"":""中央国家行政机关参照公务员法管理事业单位"",""filter_version"":""government_tech_v2"",""tech_filter"":{""is_tech"":true,""is_core_tech"":true,""scope"":""core"",""categories"":[""computer_software"",""data_ai""],""matched_fields"":[""major"",""description""],""major_terms"":[""计算机类""],""role_terms"":[""数据处理""],""reason"":""tech_major_and_role""},""original"":{""部门代码"":""137125"",""部门名称"":""国家统计局云南调查总队"",""用人司局"":""国家统计局云南调查总队"",""机构性质"":""中央国家行政机关参照公务员法管理事业单位"",""招考职位"":""怒江调查队业务科室一级科员"",""职位属性"":""普通职位"",""职位分布"":""西部地区和艰苦边远地区职位"",""职位简介"":""从事一线入户调查、数据处理、统计分析研究等工作"",""职位代码"":""400110125004"",""机构层级"":""市（地）级"",""考试类别"":""市（地）级及以下直属机构综合管理类"",""招考人数"":""1"",""专业"":""统计学类、计算机类、工商管理类、中国语言文学类"",""学历"":""仅限本科"",""学位"":""学士"",""政治面貌"":""中共党员"",""基层工作最低年限"":""无限制"",""服务基层项目工作经历"":""无限制"",""是否在面试阶段组织专业能力测试"":""否"",""面试人员比例"":""3:1"",""工作地点"":""云南省怒江傈僳族自治州泸水市"",""落户地点"":""云南省怒江傈僳族自治州泸水市"",""备注"":""1.限云南省户籍或生源；2.本单位最低服务年限为5年（含试用期）。"",""部门网站"":""http://ynzd.stats.gov.cn/"",""咨询电话1"":""0871-65108067"",""咨询电话2"":""0871-65111379"",""咨询电话3"":"""",""来源Sheet"":""中央国家行政机关参照公务员法管理事业单位""}}"
"government_jobs","国家公务员2026招考简章","公务员/事业单位技术岗位","云南省昭通市永善县","2026-07-28T09:12:58.310295+00:00","永善调查队一级科员","国家统计局云南调查总队","","云南省昭通市永善县","公务员/事业单位;2026;computer_software;data_ai;仅限本科;学士;统计学类、经济与贸易类、计算机类、新闻传播学类;市（地）级及以下直属机构综合管理类","用人司局：国家统计局云南调查总队
职位简介：从事一线入户调查、数据处理、统计分析研究等工作
专业要求：统计学类、经济与贸易类、计算机类、新闻传播学类
学历要求：仅限本科
学位要求：学士
政治面貌：中共党员
基层工作经历：无限制
考试类别：市（地）级及以下直属机构综合管理类
备注：1.限2026届高校毕业生；2.限昭通市户籍或生源；3.本单位最低服务年限为5年（含试用期）。","http://bm.scs.gov.cn/kl2026#137125-400110125007","2025-10-14","{""dataset_year"":2026,""job_uid"":""GOV-2026-137125-400110125007"",""publisher"":""国家公务员局"",""publication_page"":""http://bm.scs.gov.cn/kl2026"",""attachment_url"":""local://2026_guokao_zhaokaojianzhang.zip"",""local_source_file"":""中央机关及其直属机构2026年度考试录用公务员招考简章.xls"",""local_source_sha256"":""2670bae1df1dd07a3a3c79b9db46a11e3bb15a6c9c249e6af98bfd0b61ce3aaf"",""source_sheet"":""中央国家行政机关参照公务员法管理事业单位"",""filter_version"":""government_tech_v2"",""tech_filter"":{""is_tech"":true,""is_core_tech"":true,""scope"":""core"",""categories"":[""computer_software"",""data_ai""],""matched_fields"":[""major"",""description""],""major_terms"":[""计算机类""],""role_terms"":[""数据处理""],""reason"":""tech_major_and_role""},""original"":{""部门代码"":""137125"",""部门名称"":""国家统计局云南调查总队"",""用人司局"":""国家统计局云南调查总队"",""机构性质"":""中央国家行政机关参照公务员法管理事业单位"",""招考职位"":""永善调查队一级科员"",""职位属性"":""普通职位"",""职位分布"":""西部地区和艰苦边远地区职位"",""职位简介"":""从事一线入户调查、数据处理、统计分析研究等工作"",""职位代码"":""400110125007"",""机构层级"":""县（区）级及以下"",""考试类别"":""市（地）级及以下直属机构综合管理类"",""招考人数"":""1"",""专业"":""统计学类、经济与贸易类、计算机类、新闻传播学类"",""学历"":""仅限本科"",""学位"":""学士"",""政治面貌"":""中共党员"",""基层工作最低年限"":""无限制"",""服务基层项目工作经历"":""无限制"",""是否在面试阶段组织专业能力测试"":""否"",""面试人员比例"":""3:1"",""工作地点"":""云南省昭通市永善县"",""落户地点"":""云南省昭通市永善县"",""备注"":""1.限2026届高校毕业生；2.限昭通市户籍或生源；3.本单位最低服务年限为5年（含试用期）。"",""部门网站"":""http://ynzd.stats.gov.cn/"",""咨询电话1"":""0871-65108067"",""咨询电话2"":""0871-65111379"",""咨询电话3"":"""",""来源Sheet"":""中央国家行政机关参照公务员法管理事业单位""}}"
"government_jobs","国家公务员2026招考简章","公务员/事业单位技术岗位","云南省临沧市永德县","2026-07-28T09:12:58.310295+00:00","永德调查队一级科员","国家统计局云南调查总队","","云南省临沧市永德县","公务员/事业单位;2026;computer_software;data_ai;仅限本科;学士;统计学类、计算机类、工商管理类、中国语言文学类;市（地）级及以下直属机构综合管理类","用人司局：国家统计局云南调查总队
职位简介：从事一线入户调查、数据处理、统计分析研究等工作
专业要求：统计学类、计算机类、工商管理类、中国语言文学类
学历要求：仅限本科
学位要求：学士
政治面貌：不限
基层工作经历：无限制
考试类别：市（地）级及以下直属机构综合管理类
备注：1.限临沧市户籍或生源；2.本单位最低服务年限为5年（含试用期）。","http://bm.scs.gov.cn/kl2026#137125-400110125008","2025-10-14","{""dataset_year"":2026,""job_uid"":""GOV-2026-137125-400110125008"",""publisher"":""国家公务员局"",""publication_page"":""http://bm.scs.gov.cn/kl2026"",""attachment_url"":""local://2026_guokao_zhaokaojianzhang.zip"",""local_source_file"":""中央机关及其直属机构2026年度考试录用公务员招考简章.xls"",""local_source_sha256"":""2670bae1df1dd07a3a3c79b9db46a11e3bb15a6c9c249e6af98bfd0b61ce3aaf"",""source_sheet"":""中央国家行政机关参照公务员法管理事业单位"",""filter_version"":""government_tech_v2"",""tech_filter"":{""is_tech"":true,""is_core_tech"":true,""scope"":""core"",""categories"":[""computer_software"",""data_ai""],""matched_fields"":[""major"",""description""],""major_terms"":[""计算机类""],""role_terms"":[""数据处理""],""reason"":""tech_major_and_role""},""original"":{""部门代码"":""137125"",""部门名称"":""国家统计局云南调查总队"",""用人司局"":""国家统计局云南调查总队"",""机构性质"":""中央国家行政机关参照公务员法管理事业单位"",""招考职位"":""永德调查队一级科员"",""职位属性"":""普通职位"",""职位分布"":""西部地区和艰苦边远地区职位"",""职位简介"":""从事一线入户调查、数据处理、统计分析研究等工作"",""职位代码"":""400110125008"",""机构层级"":""县（区）级及以下"",""考试类别"":""市（地）级及以下直属机构综合管理类"",""招考人数"":""1"",""专业"":""统计学类、计算机类、工商管理类、中国语言文学类"",""学历"":""仅限本科"",""学位"":""学士"",""政治面貌"":""不限"",""基层工作最低年限"":""无限制"",""服务基层项目工作经历"":""无限制"",""是否在面试阶段组织专业能力测试"":""否"",""面试人员比例"":""3:1"",""工作地点"":""云南省临沧市永德县"",""落户地点"":""云南省临沧市永德县"",""备注"":""1.限临沧市户籍或生源；2.本单位最低服务年限为5年（含试用期）。"",""部门网站"":""http://ynzd.stats.gov.cn/"",""咨询电话1"":""0871-65108067"",""咨询电话2"":""0871-65111379"",""咨询电话3"":"""",""来源Sheet"":""中央国家行政机关参照公务员法管理事业单位""}}"
"government_jobs","国家公务员2026招考简章","公务员/事业单位技术岗位","陕西省西安市","2026-07-28T09:12:58.310295+00:00","陕西调查总队综合处室二级主任科员及以下（2）","国家统计局陕西调查总队","","陕西省西安市","公务员/事业单位;2026;computer_software;data_ai;仅限硕士研究生;硕士;0812计算机科学与技术;中央机关及其省级直属机构综合管理类","用人司局：国家统计局陕西调查总队
职位简介：从事统计调查、数据处理、统计分析、统计研究等工作。
专业要求：0812计算机科学与技术
学历要求：仅限硕士研究生
学位要求：硕士
政治面貌：中共党员
基层工作经历：无限制
考试类别：中央机关及其省级直属机构综合管理类
备注：1.须以最高学历所学主修专业报考；2.本单位最低服务年限为5年（含试用期）。","http://bm.scs.gov.cn/kl2026#137127-400110127002","2025-10-14","{""dataset_year"":2026,""job_uid"":""GOV-2026-137127-400110127002"",""publisher"":""国家公务员局"",""publication_page"":""http://bm.scs.gov.cn/kl2026"",""attachment_url"":""local://2026_guokao_zhaokaojianzhang.zip"",""local_source_file"":""中央机关及其直属机构2026年度考试录用公务员招考简章.xls"",""local_source_sha256"":""2670bae1df1dd07a3a3c79b9db46a11e3bb15a6c9c249e6af98bfd0b61ce3aaf"",""source_sheet"":""中央国家行政机关参照公务员法管理事业单位"",""filter_version"":""government_tech_v2"",""tech_filter"":{""is_tech"":true,""is_core_tech"":true,""scope"":""core"",""categories"":[""computer_software"",""data_ai""],""matched_fields"":[""major"",""description""],""major_terms"":[""计算机科学与技术""],""role_terms"":[""数据处理""],""reason"":""tech_major_and_role""},""original"":{""部门代码"":""137127"",""部门名称"":""国家统计局陕西调查总队"",""用人司局"":""国家统计局陕西调查总队"",""机构性质"":""中央国家行政机关参照公务员法管理事业单位"",""招考职位"":""陕西调查总队综合处室二级主任科员及以下（2）"",""职位属性"":""普通职位"",""职位分布"":""其他职位"",""职位简介"":""从事统计调查、数据处理、统计分析、统计研究等工作。"",""职位代码"":""400110127002"",""机构层级"":""省（副省）级"",""考试类别"":""中央机关及其省级直属机构综合管理类"",""招考人数"":""1"",""专业"":""0812计算机科学与技术"",""学历"":""仅限硕士研究生"",""学位"":""硕士"",""政治面貌"":""中共党员"",""基层工作最低年限"":""无限制"",""服务基层项目工作经历"":""无限制"",""是否在面试阶段组织专业能力测试"":""否"",""面试人员比例"":""5:1"",""工作地点"":""陕西省西安市"",""落户地点"":""陕西省西安市"",""备注"":""1.须以最高学历所学主修专业报考；2.本单位最低服务年限为5年（含试用期）。"",""部门网站"":""http://snzd.stats.gov.cn/"",""咨询电话1"":""029-63913596"",""咨询电话2"":""029-63918750"",""咨询电话3"":""029-63913594"",""来源Sheet"":""中央国家行政机关参照公务员法管理事业单位""}}"
"government_jobs","国家公务员2026招考简章","公务员/事业单位技术岗位","甘肃省兰州市","2026-07-28T09:12:58.310295+00:00","甘肃调查总队业务处室一级主任科员及以下","国家统计局甘肃调查总队","","甘肃省兰州市","公务员/事业单位;2026;computer_software;data_ai;硕士研究生及以上;与最高学历相对应的学位;统计学、应用统计、数学、计算机科学与技术;中央机关及其省级直属机构综合管理类","用人司局：国家统计局甘肃调查总队
职位简介：从事统计调查、数据处理、统计分析、统计研究等工作
专业要求：统计学、应用统计、数学、计算机科学与技术
学历要求：硕士研究生及以上
学位要求：与最高学历相对应的学位
政治面貌：不限
基层工作经历：无限制
考试类别：中央机关及其省级直属机构综合管理类
备注：本单位最低服务年限为5年（含试用期）；各学习阶段均获得相应学历学位。","http://bm.scs.gov.cn/kl2026#137128-400110128001","2025-10-14","{""dataset_year"":2026,""job_uid"":""GOV-2026-137128-400110128001"",""publisher"":""国家公务员局"",""publication_page"":""http://bm.scs.gov.cn/kl2026"",""attachment_url"":""local://2026_guokao_zhaokaojianzhang.zip"",""local_source_file"":""中央机关及其直属机构2026年度考试录用公务员招考简章.xls"",""local_source_sha256"":""2670bae1df1dd07a3a3c79b9db46a11e3bb15a6c9c249e6af98bfd0b61ce3aaf"",""source_sheet"":""中央国家行政机关参照公务员法管理事业单位"",""filter_version"":""government_tech_v2"",""tech_filter"":{""is_tech"":true,""is_core_tech"":true,""scope"":""core"",""categories"":[""computer_software"",""data_ai""],""matched_fields"":[""major"",""description""],""major_terms"":[""计算机科学与技术""],""role_terms"":[""数据处理""],""reason"":""tech_major_and_role""},""original"":{""部门代码"":""137128"",""部门名称"":""国家统计局甘肃调查总队"",""用人司局"":""国家统计局甘肃调查总队"",""机构性质"":""中央国家行政机关参照公务员法管理事业单位"",""招考职位"":""甘肃调查总队业务处室一级主任科员及以下"",""职位属性"":""普通职位"",""职位分布"":""其他职位"",""职位简介"":""从事统计调查、数据处理、统计分析、统计研究等工作"",""职位代码"":""400110128001"",""机构层级"":""省（副省）级"",""考试类别"":""中央机关及其省级直属机构综合管理类"",""招考人数"":""1"",""专业"":""统计学、应用统计、数学、计算机科学与技术"",""学历"":""硕士研究生及以上"",""学位"":""与最高学历相对应的学位"",""政治面貌"":""不限"",""基层工作最低年限"":""无限制"",""服务基层项目工作经历"":""无限制"",""是否在面试阶段组织专业能力测试"":""否"",""面试人员比例"":""5:1"",""工作地点"":""甘肃省兰州市"",""落户地点"":""甘肃省兰州市"",""备注"":""本单位最低服务年限为5年（含试用期）；各学习阶段均获得相应学历学位。"",""部门网站"":""无"",""咨询电话1"":""0931-8711759"",""咨询电话2"":""0931-8711758"",""咨询电话3"":"""",""来源Sheet"":""中央国家行政机关参照公务员法管理事业单位""}}"
"government_jobs","国家公务员2026招考简章","公务员/事业单位技术岗位","甘肃省嘉峪关市","2026-07-28T09:12:58.310295+00:00","嘉峪关调查队业务科室二级主任科员及以下","国家统计局甘肃调查总队","","甘肃省嘉峪关市","公务员/事业单位;2026;computer_software;data_ai;本科及以上;与最高学历相对应的学位;统计学类、数学类、计算机类（不含电影制作专业）;市（地）级及以下直属机构综合管理类","用人司局：国家统计局甘肃调查总队
职位简介：从事一线入户调查、数据处理、统计分析、统计研究等工作
专业要求：统计学类、数学类、计算机类（不含电影制作专业）
学历要求：本科及以上
学位要求：与最高学历相对应的学位
政治面貌：不限
基层工作经历：无限制
考试类别：市（地）级及以下直属机构综合管理类
备注：1.本单位最低服务年限为5年（含试用期）；2.本职位专业设置以《普通高等学校本科专业目录》为准，专业要求均为专业目录中的'专业类'，非'专业大类（学科大类）'；3.须以最高学历学位主修专业报考，各学习阶段均获得相应学历学位；4.招录对象为应届高校毕业生。","http://bm.scs.gov.cn/kl2026#137128-400110128002","2025-10-14","{""dataset_year"":2026,""job_uid"":""GOV-2026-137128-400110128002"",""publisher"":""国家公务员局"",""publication_page"":""http://bm.scs.gov.cn/kl2026"",""attachment_url"":""local://2026_guokao_zhaokaojianzhang.zip"",""local_source_file"":""中央机关及其直属机构2026年度考试录用公务员招考简章.xls"",""local_source_sha256"":""2670bae1df1dd07a3a3c79b9db46a11e3bb15a6c9c249e6af98bfd0b61ce3aaf"",""source_sheet"":""中央国家行政机关参照公务员法管理事业单位"",""filter_version"":""government_tech_v2"",""tech_filter"":{""is_tech"":true,""is_core_tech"":true,""scope"":""core"",""categories"":[""computer_software"",""data_ai""],""matched_fields"":[""major"",""description""],""major_terms"":[""计算机类""],""role_terms"":[""数据处理""],""reason"":""tech_major_and_role""},""original"":{""部门代码"":""137128"",""部门名称"":""国家统计局甘肃调查总队"",""用人司局"":""国家统计局甘肃调查总队"",""机构性质"":""中央国家行政机关参照公务员法管理事业单位"",""招考职位"":""嘉峪关调查队业务科室二级主任科员及以下"",""职位属性"":""普通职位"",""职位分布"":""西部地区和艰苦边远地区职位"",""职位简介"":""从事一线入户调查、数据处理、统计分析、统计研究等工作"",""职位代码"":""400110128002"",""机构层级"":""市（地）级"",""考试类别"":""市（地）级及以下直属机构综合管理类"",""招考人数"":""1"",""专业"":""统计学类、数学类、计算机类（不含电影制作专业）"",""学历"":""本科及以上"",""学位"":""与最高学历相对应的学位"",""政治面貌"":""不限"",""基层工作最低年限"":""无限制"",""服务基层项目工作经历"":""无限制"",""是否在面试阶段组织专业能力测试"":""否"",""面试人员比例"":""3:1"",""工作地点"":""甘肃省嘉峪关市"",""落户地点"":""甘肃省嘉峪关市"",""备注"":""1.本单位最低服务年限为5年（含试用期）；2.本职位专业设置以《普通高等学校本科专业目录》为准，专业要求均为专业目录中的'专业类'，非'专业大类（学科大类）'；3.须以最高学历学位主修专业报考，各学习阶段均获得相应学历学位；4.招录对象为应届高校毕业生。"",""部门网站"":""无"",""咨询电话1"":""0931-8711759"",""咨询电话2"":""0931-8711758"",""咨询电话3"":"""",""来源Sheet"":""中央国家行政机关参照公务员法管理事业单位""}}"
"government_jobs","国家公务员2026招考简章","公务员/事业单位技术岗位","甘肃省白银市","2026-07-28T09:12:58.310295+00:00","白银调查队业务科室二级主任科员及以下","国家统计局甘肃调查总队","","甘肃省白银市","公务员/事业单位;2026;computer_software;data_ai;本科及以上;与最高学历相对应的学位;统计学类、数学类、计算机类（不含电影制作专业）;市（地）级及以下直属机构综合管理类","用人司局：国家统计局甘肃调查总队
职位简介：从事一线入户调查、数据处理、统计分析、统计研究等工作
专业要求：统计学类、数学类、计算机类（不含电影制作专业）
学历要求：本科及以上
学位要求：与最高学历相对应的学位
政治面貌：不限
基层工作经历：无限制
考试类别：市（地）级及以下直属机构综合管理类
备注：1.本单位最低服务年限为5年（含试用期）；2.本职位专业设置以《普通高等学校本科专业目录》为准，专业要求均为专业目录中的'专业类'，非'专业大类（学科大类）'；3.须以最高学历学位主修专业报考，各学习阶段均获得相应学历学位；4.招录对象为应届高校毕业生。","http://bm.scs.gov.cn/kl2026#137128-400110128003","2025-10-14","{""dataset_year"":2026,""job_uid"":""GOV-2026-137128-400110128003"",""publisher"":""国家公务员局"",""publication_page"":""http://bm.scs.gov.cn/kl2026"",""attachment_url"":""local://2026_guokao_zhaokaojianzhang.zip"",""local_source_file"":""中央机关及其直属机构2026年度考试录用公务员招考简章.xls"",""local_source_sha256"":""2670bae1df1dd07a3a3c79b9db46a11e3bb15a6c9c249e6af98bfd0b61ce3aaf"",""source_sheet"":""中央国家行政机关参照公务员法管理事业单位"",""filter_version"":""government_tech_v2"",""tech_filter"":{""is_tech"":true,""is_core_tech"":true,""scope"":""core"",""categories"":[""computer_software"",""data_ai""],""matched_fields"":[""major"",""description""],""major_terms"":[""计算机类""],""role_terms"":[""数据处理""],""reason"":""tech_major_and_role""},""original"":{""部门代码"":""137128"",""部门名称"":""国家统计局甘肃调查总队"",""用人司局"":""国家统计局甘肃调查总队"",""机构性质"":""中央国家行政机关参照公务员法管理事业单位"",""招考职位"":""白银调查队业务科室二级主任科员及以下"",""职位属性"":""普通职位"",""职位分布"":""西部地区和艰苦边远地区职位"",""职位简介"":""从事一线入户调查、数据处理、统计分析、统计研究等工作"",""职位代码"":""400110128003"",""机构层级"":""市（地）级"",""考试类别"":""市（地）级及以下直属机构综合管理类"",""招考人数"":""1"",""专业"":""统计学类、数学类、计算机类（不含电影制作专业）"",""学历"":""本科及以上"",""学位"":""与最高学历相对应的学位"",""政治面貌"":""不限"",""基层工作最低年限"":""无限制"",""服务基层项目工作经历"":""无限制"",""是否在面试阶段组织专业能力测试"":""否"",""面试人员比例"":""3:1"",""工作地点"":""甘肃省白银市"",""落户地点"":""甘肃省白银市"",""备注"":""1.本单位最低服务年限为5年（含试用期）；2.本职位专业设置以《普通高等学校本科专业目录》为准，专业要求均为专业目录中的'专业类'，非'专业大类（学科大类）'；3.须以最高学历学位主修专业报考，各学习阶段均获得相应学历学位；4.招录对象为应届高校毕业生。"",""部门网站"":""无"",""咨询电话1"":""0931-8711759"",""咨询电话2"":""0931-8711758"",""咨询电话3"":"""",""来源Sheet"":""中央国家行政机关参照公务员法管理事业单位""}}"
"government_jobs","国家公务员2026招考简章","公务员/事业单位技术岗位","甘肃省甘南藏族自治州","2026-07-28T09:12:58.310295+00:00","甘南调查队业务科室二级主任科员及以下","国家统计局甘肃调查总队","","甘肃省甘南藏族自治州","公务员/事业单位;2026;computer_software;data_ai;本科及以上;与最高学历相对应的学位;统计学类、计算机类（不含电影制作专业）;市（地）级及以下直属机构综合管理类","用人司局：国家统计局甘肃调查总队
职位简介：从事一线入户调查、数据处理、统计分析、统计研究等工作
专业要求：统计学类、计算机类（不含电影制作专业）
学历要求：本科及以上
学位要求：与最高学历相对应的学位
政治面貌：不限
基层工作经历：无限制
考试类别：市（地）级及以下直属机构综合管理类
备注：1.本单位最低服务年限为5年（含试用期）；2.本职位专业设置以《普通高等学校本科专业目录》为准，专业要求均为专业目录中的'专业类'，非'专业大类（学科大类）'；3.须以最高学历学位主修专业报考，各学习阶段均获得相应学历学位；4.招录对象为应届高校毕业生；5.限甘肃省户籍。","http://bm.scs.gov.cn/kl2026#137128-400110128004","2025-10-14","{""dataset_year"":2026,""job_uid"":""GOV-2026-137128-400110128004"",""publisher"":""国家公务员局"",""publication_page"":""http://bm.scs.gov.cn/kl2026"",""attachment_url"":""local://2026_guokao_zhaokaojianzhang.zip"",""local_source_file"":""中央机关及其直属机构2026年度考试录用公务员招考简章.xls"",""local_source_sha256"":""2670bae1df1dd07a3a3c79b9db46a11e3bb15a6c9c249e6af98bfd0b61ce3aaf"",""source_sheet"":""中央国家行政机关参照公务员法管理事业单位"",""filter_version"":""government_tech_v2"",""tech_filter"":{""is_tech"":true,""is_core_tech"":true,""scope"":""core"",""categories"":[""computer_software"",""data_ai""],""matched_fields"":[""major"",""description""],""major_terms"":[""计算机类""],""role_terms"":[""数据处理""],""reason"":""tech_major_and_role""},""original"":{""部门代码"":""137128"",""部门名称"":""国家统计局甘肃调查总队"",""用人司局"":""国家统计局甘肃调查总队"",""机构性质"":""中央国家行政机关参照公务员法管理事业单位"",""招考职位"":""甘南调查队业务科室二级主任科员及以下"",""职位属性"":""普通职位"",""职位分布"":""西部地区和艰苦边远地区职位"",""职位简介"":""从事一线入户调查、数据处理、统计分析、统计研究等工作"",""职位代码"":""400110128004"",""机构层级"":""市（地）级"",""考试类别"":""市（地）级及以下直属机构综合管理类"",""招考人数"":""1"",""专业"":""统计学类、计算机类（不含电影制作专业）"",""学历"":""本科及以上"",""学位"":""与最高学历相对应的学位"",""政治面貌"":""不限"",""基层工作最低年限"":""无限制"",""服务基层项目工作经历"":""无限制"",""是否在面试阶段组织专业能力测试"":""否"",""面试人员比例"":""3:1"",""工作地点"":""甘肃省甘南藏族自治州"",""落户地点"":""甘肃省甘南藏族自治州"",""备注"":""1.本单位最低服务年限为5年（含试用期）；2.本职位专业设置以《普通高等学校本科专业目录》为准，专业要求均为专业目录中的'专业类'，非'专业大类（学科大类）'；3.须以最高学历学位主修专业报考，各学习阶段均获得相应学历学位；4.招录对象为应届高校毕业生；5.限甘肃省户籍。"",""部门网站"":""无"",""咨询电话1"":""0931-8711759"",""咨询电话2"":""0931-8711758"",""咨询电话3"":"""",""来源Sheet"":""中央国家行政机关参照公务员法管理事业单位""}}"
"government_jobs","国家公务员2026招考简章","公务员/事业单位技术岗位","甘肃省兰州市永登县","2026-07-28T09:12:58.310295+00:00","永登调查队一级科员","国家统计局甘肃调查总队","","甘肃省兰州市永登县","公务员/事业单位;2026;computer_software;data_ai;仅限本科;学士;统计学类、数学类、计算机类（不含电影制作专业）;市（地）级及以下直属机构综合管理类","用人司局：国家统计局甘肃调查总队
职位简介：从事一线入户调查、数据处理、统计分析、统计研究等工作
专业要求：统计学类、数学类、计算机类（不含电影制作专业）
学历要求：仅限本科
学位要求：学士
政治面貌：不限
基层工作经历：无限制
考试类别：市（地）级及以下直属机构综合管理类
备注：1.本单位最低服务年限为5年（含试用期）；2.本职位专业设置以《普通高等学校本科专业目录》为准，专业要求均为专业目录中的'专业类'，非'专业大类（学科大类）'；3.须以本科阶段主修专业报考；4.招录对象为2026届高校毕业生；5.限甘肃省兰州市户籍。","http://bm.scs.gov.cn/kl2026#137128-400110128005","2025-10-14","{""dataset_year"":2026,""job_uid"":""GOV-2026-137128-400110128005"",""publisher"":""国家公务员局"",""publication_page"":""http://bm.scs.gov.cn/kl2026"",""attachment_url"":""local://2026_guokao_zhaokaojianzhang.zip"",""local_source_file"":""中央机关及其直属机构2026年度考试录用公务员招考简章.xls"",""local_source_sha256"":""2670bae1df1dd07a3a3c79b9db46a11e3bb15a6c9c249e6af98bfd0b61ce3aaf"",""source_sheet"":""中央国家行政机关参照公务员法管理事业单位"",""filter_version"":""government_tech_v2"",""tech_filter"":{""is_tech"":true,""is_core_tech"":true,""scope"":""core"",""categories"":[""computer_software"",""data_ai""],""matched_fields"":[""major"",""description""],""major_terms"":[""计算机类""],""role_terms"":[""数据处理""],""reason"":""tech_major_and_role""},""original"":{""部门代码"":""137128"",""部门名称"":""国家统计局甘肃调查总队"",""用人司局"":""国家统计局甘肃调查总队"",""机构性质"":""中央国家行政机关参照公务员法管理事业单位"",""招考职位"":""永登调查队一级科员"",""职位属性"":""普通职位"",""职位分布"":""西部地区和艰苦边远地区职位"",""职位简介"":""从事一线入户调查、数据处理、统计分析、统计研究等工作"",""职位代码"":""400110128005"",""机构层级"":""县（区）级及以下"",""考试类别"":""市（地）级及以下直属机构综合管理类"",""招考人数"":""1"",""专业"":""统计学类、数学类、计算机类（不含电影制作专业）"",""学历"":""仅限本科"",""学位"":""学士"",""政治面貌"":""不限"",""基层工作最低年限"":""无限制"",""服务基层项目工作经历"":""无限制"",""是否在面试阶段组织专业能力测试"":""否"",""面试人员比例"":""3:1"",""工作地点"":""甘肃省兰州市永登县"",""落户地点"":""甘肃省兰州市永登县"",""备注"":""1.本单位最低服务年限为5年（含试用期）；2.本职位专业设置以《普通高等学校本科专业目录》为准，专业要求均为专业目录中的'专业类'，非'专业大类（学科大类）'；3.须以本科阶段主修专业报考；4.招录对象为2026届高校毕业生；5.限甘肃省兰州市户籍。"",""部门网站"":""无"",""咨询电话1"":""0931-8711759"",""咨询电话2"":""0931-8711758"",""咨询电话3"":"""",""来源Sheet"":""中央国家行政机关参照公务员法管理事业单位""}}"
"government_jobs","国家公务员2026招考简章","公务员/事业单位技术岗位","甘肃省天水市秦安县","2026-07-28T09:12:58.310295+00:00","秦安调查队一级科员","国家统计局甘肃调查总队","","甘肃省天水市秦安县","公务员/事业单位;2026;computer_software;data_ai;仅限本科;学士;统计学类、数学类、计算机类（不含电影制作专业）、工商管理类;市（地）级及以下直属机构综合管理类","用人司局：国家统计局甘肃调查总队
职位简介：从事一线入户调查、数据处理、统计分析、统计研究等工作
专业要求：统计学类、数学类、计算机类（不含电影制作专业）、工商管理类
学历要求：仅限本科
学位要求：学士
政治面貌：不限
基层工作经历：无限制
考试类别：市（地）级及以下直属机构综合管理类
备注：1.本单位最低服务年限为5年（含试用期）；2.本职位专业设置以《普通高等学校本科专业目录》为准，专业要求均为专业目录中的'专业类'，非'专业大类（学科大类）'；3.须以本科阶段主修专业报考；4.招录对象为应届高校毕业生；5.限甘肃省天水市户籍。","http://bm.scs.gov.cn/kl2026#137128-400110128006","2025-10-14","{""dataset_year"":2026,""job_uid"":""GOV-2026-137128-400110128006"",""publisher"":""国家公务员局"",""publication_page"":""http://bm.scs.gov.cn/kl2026"",""attachment_url"":""local://2026_guokao_zhaokaojianzhang.zip"",""local_source_file"":""中央机关及其直属机构2026年度考试录用公务员招考简章.xls"",""local_source_sha256"":""2670bae1df1dd07a3a3c79b9db46a11e3bb15a6c9c249e6af98bfd0b61ce3aaf"",""source_sheet"":""中央国家行政机关参照公务员法管理事业单位"",""filter_version"":""government_tech_v2"",""tech_filter"":{""is_tech"":true,""is_core_tech"":true,""scope"":""core"",""categories"":[""computer_software"",""data_ai""],""matched_fields"":[""major"",""description""],""major_terms"":[""计算机类""],""role_terms"":[""数据处理""],""reason"":""tech_major_and_role""},""original"":{""部门代码"":""137128"",""部门名称"":""国家统计局甘肃调查总队"",""用人司局"":""国家统计局甘肃调查总队"",""机构性质"":""中央国家行政机关参照公务员法管理事业单位"",""招考职位"":""秦安调查队一级科员"",""职位属性"":""普通职位"",""职位分布"":""西部地区和艰苦边远地区职位"",""职位简介"":""从事一线入户调查、数据处理、统计分析、统计研究等工作"",""职位代码"":""400110128006"",""机构层级"":""县（区）级及以下"",""考试类别"":""市（地）级及以下直属机构综合管理类"",""招考人数"":""1"",""专业"":""统计学类、数学类、计算机类（不含电影制作专业）、工商管理类"",""学历"":""仅限本科"",""学位"":""学士"",""政治面貌"":""不限"",""基层工作最低年限"":""无限制"",""服务基层项目工作经历"":""无限制"",""是否在面试阶段组织专业能力测试"":""否"",""面试人员比例"":""3:1"",""工作地点"":""甘肃省天水市秦安县"",""落户地点"":""甘肃省天水市秦安县"",""备注"":""1.本单位最低服务年限为5年（含试用期）；2.本职位专业设置以《普通高等学校本科专业目录》为准，专业要求均为专业目录中的'专业类'，非'专业大类（学科大类）'；3.须以本科阶段主修专业报考；4.招录对象为应届高校毕业生；5.限甘肃省天水市户籍。"",""部门网站"":""无"",""咨询电话1"":""0931-8711759"",""咨询电话2"":""0931-8711758"",""咨询电话3"":"""",""来源Sheet"":""中央国家行政机关参照公务员法管理事业单位""}}"
"government_jobs","国家公务员2026招考简章","公务员/事业单位技术岗位","甘肃省平凉市泾川县","2026-07-28T09:12:58.310295+00:00","泾川调查队一级科员（1）","国家统计局甘肃调查总队","","甘肃省平凉市泾川县","公务员/事业单位;2026;computer_software;data_ai;仅限本科;学士;统计学类、数学类、计算机类（不含电影制作专业）;市（地）级及以下直属机构综合管理类","用人司局：国家统计局甘肃调查总队
职位简介：从事一线入户调查、数据处理、统计分析、统计研究等工作
专业要求：统计学类、数学类、计算机类（不含电影制作专业）
学历要求：仅限本科
学位要求：学士
政治面貌：不限
基层工作经历：无限制
考试类别：市（地）级及以下直属机构综合管理类
备注：1.本单位最低服务年限为5年（含试用期）；2.本职位专业设置以《普通高等学校本科专业目录》为准，专业要求均为专业目录中的'专业类'，非'专业大类（学科大类）'；3.须以本科阶段主修专业报考；4.招录对象为应届高校毕业生；5.限甘肃省平凉市户籍。","http://bm.scs.gov.cn/kl2026#137128-400110128007","2025-10-14","{""dataset_year"":2026,""job_uid"":""GOV-2026-137128-400110128007"",""publisher"":""国家公务员局"",""publication_page"":""http://bm.scs.gov.cn/kl2026"",""attachment_url"":""local://2026_guokao_zhaokaojianzhang.zip"",""local_source_file"":""中央机关及其直属机构2026年度考试录用公务员招考简章.xls"",""local_source_sha256"":""2670bae1df1dd07a3a3c79b9db46a11e3bb15a6c9c249e6af98bfd0b61ce3aaf"",""source_sheet"":""中央国家行政机关参照公务员法管理事业单位"",""filter_version"":""government_tech_v2"",""tech_filter"":{""is_tech"":true,""is_core_tech"":true,""scope"":""core"",""categories"":[""computer_software"",""data_ai""],""matched_fields"":[""major"",""description""],""major_terms"":[""计算机类""],""role_terms"":[""数据处理""],""reason"":""tech_major_and_role""},""original"":{""部门代码"":""137128"",""部门名称"":""国家统计局甘肃调查总队"",""用人司局"":""国家统计局甘肃调查总队"",""机构性质"":""中央国家行政机关参照公务员法管理事业单位"",""招考职位"":""泾川调查队一级科员（1）"",""职位属性"":""普通职位"",""职位分布"":""西部地区和艰苦边远地区职位"",""职位简介"":""从事一线入户调查、数据处理、统计分析、统计研究等工作"",""职位代码"":""400110128007"",""机构层级"":""县（区）级及以下"",""考试类别"":""市（地）级及以下直属机构综合管理类"",""招考人数"":""1"",""专业"":""统计学类、数学类、计算机类（不含电影制作专业）"",""学历"":""仅限本科"",""学位"":""学士"",""政治面貌"":""不限"",""基层工作最低年限"":""无限制"",""服务基层项目工作经历"":""无限制"",""是否在面试阶段组织专业能力测试"":""否"",""面试人员比例"":""3:1"",""工作地点"":""甘肃省平凉市泾川县"",""落户地点"":""甘肃省平凉市泾川县"",""备注"":""1.本单位最低服务年限为5年（含试用期）；2.本职位专业设置以《普通高等学校本科专业目录》为准，专业要求均为专业目录中的'专业类'，非'专业大类（学科大类）'；3.须以本科阶段主修专业报考；4.招录对象为应届高校毕业生；5.限甘肃省平凉市户籍。"",""部门网站"":""无"",""咨询电话1"":""0931-8711759"",""咨询电话2"":""0931-8711758"",""咨询电话3"":"""",""来源Sheet"":""中央国家行政机关参照公务员法管理事业单位""}}"
"government_jobs","国家公务员2026招考简章","公务员/事业单位技术岗位","甘肃省酒泉市金塔县","2026-07-28T09:12:58.310295+00:00","金塔调查队一级科员","国家统计局甘肃调查总队","","甘肃省酒泉市金塔县","公务员/事业单位;2026;computer_software;data_ai;仅限本科;学士;统计学类、计算机类（不含电影制作专业）、中国语言文学类（不含手语翻译专业）、工商管理类;市（地）级及以下直属机构综合管理类","用人司局：国家统计局甘肃调查总队
职位简介：从事一线入户调查、数据处理、统计分析、统计研究等工作
专业要求：统计学类、计算机类（不含电影制作专业）、中国语言文学类（不含手语翻译专业）、工商管理类
学历要求：仅限本科
学位要求：学士
政治面貌：中共党员
基层工作经历：无限制
考试类别：市（地）级及以下直属机构综合管理类
备注：1.本单位最低服务年限为5年（含试用期）；2.本职位专业设置以《普通高等学校本科专业目录》为准，专业要求均为专业目录中的'专业类'，非'专业大类（学科大类）'；3.须以本科阶段主修专业报考；4.招录对象为应届高校毕业生；5.限甘肃省酒泉市户籍；6.中共党员。","http://bm.scs.gov.cn/kl2026#137128-400110128009","2025-10-14","{""dataset_year"":2026,""job_uid"":""GOV-2026-137128-400110128009"",""publisher"":""国家公务员局"",""publication_page"":""http://bm.scs.gov.cn/kl2026"",""attachment_url"":""local://2026_guokao_zhaokaojianzhang.zip"",""local_source_file"":""中央机关及其直属机构2026年度考试录用公务员招考简章.xls"",""local_source_sha256"":""2670bae1df1dd07a3a3c79b9db46a11e3bb15a6c9c249e6af98bfd0b61ce3aaf"",""source_sheet"":""中央国家行政机关参照公务员法管理事业单位"",""filter_version"":""government_tech_v2"",""tech_filter"":{""is_tech"":true,""is_core_tech"":true,""scope"":""core"",""categories"":[""computer_software"",""data_ai""],""matched_fields"":[""major"",""description""],""major_terms"":[""计算机类""],""role_terms"":[""数据处理""],""reason"":""tech_major_and_role""},""original"":{""部门代码"":""137128"",""部门名称"":""国家统计局甘肃调查总队"",""用人司局"":""国家统计局甘肃调查总队"",""机构性质"":""中央国家行政机关参照公务员法管理事业单位"",""招考职位"":""金塔调查队一级科员"",""职位属性"":""普通职位"",""职位分布"":""西部地区和艰苦边远地区职位"",""职位简介"":""从事一线入户调查、数据处理、统计分析、统计研究等工作"",""职位代码"":""400110128009"",""机构层级"":""县（区）级及以下"",""考试类别"":""市（地）级及以下直属机构综合管理类"",""招考人数"":""1"",""专业"":""统计学类、计算机类（不含电影制作专业）、中国语言文学类（不含手语翻译专业）、工商管理类"",""学历"":""仅限本科"",""学位"":""学士"",""政治面貌"":""中共党员"",""基层工作最低年限"":""无限制"",""服务基层项目工作经历"":""无限制"",""是否在面试阶段组织专业能力测试"":""否"",""面试人员比例"":""3:1"",""工作地点"":""甘肃省酒泉市金塔县"",""落户地点"":""甘肃省酒泉市金塔县"",""备注"":""1.本单位最低服务年限为5年（含试用期）；2.本职位专业设置以《普通高等学校本科专业目录》为准，专业要求均为专业目录中的'专业类'，非'专业大类（学科大类）'；3.须以本科阶段主修专业报考；4.招录对象为应届高校毕业生；5.限甘肃省酒泉市户籍；6.中共党员。"",""部门网站"":""无"",""咨询电话1"":""0931-8711759"",""咨询电话2"":""0931-8711758"",""咨询电话3"":"""",""来源Sheet"":""中央国家行政机关参照公务员法管理事业单位""}}"
"government_jobs","国家公务员2026招考简章","公务员/事业单位技术岗位","甘肃省定西市渭源县","2026-07-28T09:12:58.310295+00:00","渭源调查队一级科员","国家统计局甘肃调查总队","","甘肃省定西市渭源县","公务员/事业单位;2026;computer_software;data_ai;仅限本科;学士;统计学类、数学类、计算机类（不含电影制作专业）;市（地）级及以下直属机构综合管理类","用人司局：国家统计局甘肃调查总队
职位简介：从事一线入户调查、数据处理、统计分析、统计研究等工作
专业要求：统计学类、数学类、计算机类（不含电影制作专业）
学历要求：仅限本科
学位要求：学士
政治面貌：不限
基层工作经历：无限制
考试类别：市（地）级及以下直属机构综合管理类
备注：1.本单位最低服务年限为5年（含试用期）；2.本职位专业设置以《普通高等学校本科专业目录》为准，专业要求均为专业目录中的'专业类'，非'专业大类（学科大类）'；3.须以本科阶段主修专业报考；4.招录对象为应届高校毕业生；5.限甘肃省定西市户籍。","http://bm.scs.gov.cn/kl2026#137128-400110128010","2025-10-14","{""dataset_year"":2026,""job_uid"":""GOV-2026-137128-400110128010"",""publisher"":""国家公务员局"",""publication_page"":""http://bm.scs.gov.cn/kl2026"",""attachment_url"":""local://2026_guokao_zhaokaojianzhang.zip"",""local_source_file"":""中央机关及其直属机构2026年度考试录用公务员招考简章.xls"",""local_source_sha256"":""2670bae1df1dd07a3a3c79b9db46a11e3bb15a6c9c249e6af98bfd0b61ce3aaf"",""source_sheet"":""中央国家行政机关参照公务员法管理事业单位"",""filter_version"":""government_tech_v2"",""tech_filter"":{""is_tech"":true,""is_core_tech"":true,""scope"":""core"",""categories"":[""computer_software"",""data_ai""],""matched_fields"":[""major"",""description""],""major_terms"":[""计算机类""],""role_terms"":[""数据处理""],""reason"":""tech_major_and_role""},""original"":{""部门代码"":""137128"",""部门名称"":""国家统计局甘肃调查总队"",""用人司局"":""国家统计局甘肃调查总队"",""机构性质"":""中央国家行政机关参照公务员法管理事业单位"",""招考职位"":""渭源调查队一级科员"",""职位属性"":""普通职位"",""职位分布"":""西部地区和艰苦边远地区职位"",""职位简介"":""从事一线入户调查、数据处理、统计分析、统计研究等工作"",""职位代码"":""400110128010"",""机构层级"":""县（区）级及以下"",""考试类别"":""市（地）级及以下直属机构综合管理类"",""招考人数"":""1"",""专业"":""统计学类、数学类、计算机类（不含电影制作专业）"",""学历"":""仅限本科"",""学位"":""学士"",""政治面貌"":""不限"",""基层工作最低年限"":""无限制"",""服务基层项目工作经历"":""无限制"",""是否在面试阶段组织专业能力测试"":""否"",""面试人员比例"":""3:1"",""工作地点"":""甘肃省定西市渭源县"",""落户地点"":""甘肃省定西市渭源县"",""备注"":""1.本单位最低服务年限为5年（含试用期）；2.本职位专业设置以《普通高等学校本科专业目录》为准，专业要求均为专业目录中的'专业类'，非'专业大类（学科大类）'；3.须以本科阶段主修专业报考；4.招录对象为应届高校毕业生；5.限甘肃省定西市户籍。"",""部门网站"":""无"",""咨询电话1"":""0931-8711759"",""咨询电话2"":""0931-8711758"",""咨询电话3"":"""",""来源Sheet"":""中央国家行政机关参照公务员法管理事业单位""}}"
"government_jobs","国家公务员2026招考简章","公务员/事业单位技术岗位","甘肃省定西市渭源县","2026-07-28T09:12:58.310295+00:00","渭源调查队四级主任科员及以下","国家统计局甘肃调查总队","","甘肃省定西市渭源县","公务员/事业单位;2026;computer_software;data_ai;仅限本科;学士;统计学类、数学类、计算机类（不含电影制作专业）;市（地）级及以下直属机构综合管理类","用人司局：国家统计局甘肃调查总队
职位简介：从事一线入户调查、数据处理、统计分析、统计研究等工作
专业要求：统计学类、数学类、计算机类（不含电影制作专业）
学历要求：仅限本科
学位要求：学士
政治面貌：不限
基层工作经历：二年
考试类别：市（地）级及以下直属机构综合管理类
备注：1.本单位最低服务年限为5年（含试用期）；2.本职位专业设置以《普通高等学校本科专业目录》为准，专业要求均为专业目录中的'专业类'，非'专业大类（学科大类）'；3.须以本科阶段主修专业报考；4.限甘肃省定西市户籍；5.服务期满，且考核合格。","http://bm.scs.gov.cn/kl2026#137128-400110128011","2025-10-14","{""dataset_year"":2026,""job_uid"":""GOV-2026-137128-400110128011"",""publisher"":""国家公务员局"",""publication_page"":""http://bm.scs.gov.cn/kl2026"",""attachment_url"":""local://2026_guokao_zhaokaojianzhang.zip"",""local_source_file"":""中央机关及其直属机构2026年度考试录用公务员招考简章.xls"",""local_source_sha256"":""2670bae1df1dd07a3a3c79b9db46a11e3bb15a6c9c249e6af98bfd0b61ce3aaf"",""source_sheet"":""中央国家行政机关参照公务员法管理事业单位"",""filter_version"":""government_tech_v2"",""tech_filter"":{""is_tech"":true,""is_core_tech"":true,""scope"":""core"",""categories"":[""computer_software"",""data_ai""],""matched_fields"":[""major"",""description""],""major_terms"":[""计算机类""],""role_terms"":[""数据处理""],""reason"":""tech_major_and_role""},""original"":{""部门代码"":""137128"",""部门名称"":""国家统计局甘肃调查总队"",""用人司局"":""国家统计局甘肃调查总队"",""机构性质"":""中央国家行政机关参照公务员法管理事业单位"",""招考职位"":""渭源调查队四级主任科员及以下"",""职位属性"":""普通职位"",""职位分布"":""西部地区和艰苦边远地区职位"",""职位简介"":""从事一线入户调查、数据处理、统计分析、统计研究等工作"",""职位代码"":""400110128011"",""机构层级"":""县（区）级及以下"",""考试类别"":""市（地）级及以下直属机构综合管理类"",""招考人数"":""1"",""专业"":""统计学类、数学类、计算机类（不含电影制作专业）"",""学历"":""仅限本科"",""学位"":""学士"",""政治面貌"":""不限"",""基层工作最低年限"":""二年"",""服务基层项目工作经历"":""大学生村官、农村义务教育阶段学校教师特设岗位计划、“三支一扶”计划、大学生志愿服务西部计划、在军队服役5年（含）以上的高校毕业生退役士兵"",""是否在面试阶段组织专业能力测试"":""否"",""面试人员比例"":""3:1"",""工作地点"":""甘肃省定西市渭源县"",""落户地点"":""甘肃省定西市渭源县"",""备注"":""1.本单位最低服务年限为5年（含试用期）；2.本职位专业设置以《普通高等学校本科专业目录》为准，专业要求均为专业目录中的'专业类'，非'专业大类（学科大类）'；3.须以本科阶段主修专业报考；4.限甘肃省定西市户籍；5.服务期满，且考核合格。"",""部门网站"":""无"",""咨询电话1"":""0931-8711759"",""咨询电话2"":""0931-8711758"",""咨询电话3"":"""",""来源Sheet"":""中央国家行政机关参照公务员法管理事业单位""}}"
"government_jobs","国家公务员2026招考简章","公务员/事业单位技术岗位","甘肃省定西市漳县","2026-07-28T09:12:58.310295+00:00","漳县调查队一级科员","国家统计局甘肃调查总队","","甘肃省定西市漳县","公务员/事业单位;2026;computer_software;data_ai;仅限本科;学士;统计学类、数学类、计算机类（不含电影制作专业）、经济学类;市（地）级及以下直属机构综合管理类","用人司局：国家统计局甘肃调查总队
职位简介：从事一线入户调查、数据处理、统计分析、统计研究等工作
专业要求：统计学类、数学类、计算机类（不含电影制作专业）、经济学类
学历要求：仅限本科
学位要求：学士
政治面貌：不限
基层工作经历：无限制
考试类别：市（地）级及以下直属机构综合管理类
备注：1.本单位最低服务年限为5年（含试用期）；2.本职位专业设置以《普通高等学校本科专业目录》为准，专业要求均为专业目录中的'专业类'，非'专业大类（学科大类）'；3.须以本科阶段主修专业报考；4.招录对象为应届高校毕业生；5.限甘肃省定西市户籍。","http://bm.scs.gov.cn/kl2026#137128-400110128012","2025-10-14","{""dataset_year"":2026,""job_uid"":""GOV-2026-137128-400110128012"",""publisher"":""国家公务员局"",""publication_page"":""http://bm.scs.gov.cn/kl2026"",""attachment_url"":""local://2026_guokao_zhaokaojianzhang.zip"",""local_source_file"":""中央机关及其直属机构2026年度考试录用公务员招考简章.xls"",""local_source_sha256"":""2670bae1df1dd07a3a3c79b9db46a11e3bb15a6c9c249e6af98bfd0b61ce3aaf"",""source_sheet"":""中央国家行政机关参照公务员法管理事业单位"",""filter_version"":""government_tech_v2"",""tech_filter"":{""is_tech"":true,""is_core_tech"":true,""scope"":""core"",""categories"":[""computer_software"",""data_ai""],""matched_fields"":[""major"",""description""],""major_terms"":[""计算机类""],""role_terms"":[""数据处理""],""reason"":""tech_major_and_role""},""original"":{""部门代码"":""137128"",""部门名称"":""国家统计局甘肃调查总队"",""用人司局"":""国家统计局甘肃调查总队"",""机构性质"":""中央国家行政机关参照公务员法管理事业单位"",""招考职位"":""漳县调查队一级科员"",""职位属性"":""普通职位"",""职位分布"":""西部地区和艰苦边远地区职位"",""职位简介"":""从事一线入户调查、数据处理、统计分析、统计研究等工作"",""职位代码"":""400110128012"",""机构层级"":""县（区）级及以下"",""考试类别"":""市（地）级及以下直属机构综合管理类"",""招考人数"":""1"",""专业"":""统计学类、数学类、计算机类（不含电影制作专业）、经济学类"",""学历"":""仅限本科"",""学位"":""学士"",""政治面貌"":""不限"",""基层工作最低年限"":""无限制"",""服务基层项目工作经历"":""无限制"",""是否在面试阶段组织专业能力测试"":""否"",""面试人员比例"":""3:1"",""工作地点"":""甘肃省定西市漳县"",""落户地点"":""甘肃省定西市漳县"",""备注"":""1.本单位最低服务年限为5年（含试用期）；2.本职位专业设置以《普通高等学校本科专业目录》为准，专业要求均为专业目录中的'专业类'，非'专业大类（学科大类）'；3.须以本科阶段主修专业报考；4.招录对象为应届高校毕业生；5.限甘肃省定西市户籍。"",""部门网站"":""无"",""咨询电话1"":""0931-8711759"",""咨询电话2"":""0931-8711758"",""咨询电话3"":"""",""来源Sheet"":""中央国家行政机关参照公务员法管理事业单位""}}"
"government_jobs","国家公务员2026招考简章","公务员/事业单位技术岗位","甘肃省陇南市成县","2026-07-28T09:12:58.310295+00:00","成县调查队一级科员","国家统计局甘肃调查总队","","甘肃省陇南市成县","公务员/事业单位;2026;computer_software;data_ai;仅限本科;学士;统计学类、数学类、计算机类（不含电影制作专业）、经济学类;市（地）级及以下直属机构综合管理类","用人司局：国家统计局甘肃调查总队
职位简介：从事一线入户调查、数据处理、统计分析、统计研究等工作
专业要求：统计学类、数学类、计算机类（不含电影制作专业）、经济学类
学历要求：仅限本科
学位要求：学士
政治面貌：不限
基层工作经历：无限制
考试类别：市（地）级及以下直属机构综合管理类
备注：1.本单位最低服务年限为5年（含试用期）；2.本职位专业设置以《普通高等学校本科专业目录》为准，专业要求均为专业目录中的'专业类'，非'专业大类（学科大类）'；3.须以本科阶段主修专业报考；4.招录对象为应届高校毕业生；5.限甘肃省陇南市户籍。","http://bm.scs.gov.cn/kl2026#137128-400110128013","2025-10-14","{""dataset_year"":2026,""job_uid"":""GOV-2026-137128-400110128013"",""publisher"":""国家公务员局"",""publication_page"":""http://bm.scs.gov.cn/kl2026"",""attachment_url"":""local://2026_guokao_zhaokaojianzhang.zip"",""local_source_file"":""中央机关及其直属机构2026年度考试录用公务员招考简章.xls"",""local_source_sha256"":""2670bae1df1dd07a3a3c79b9db46a11e3bb15a6c9c249e6af98bfd0b61ce3aaf"",""source_sheet"":""中央国家行政机关参照公务员法管理事业单位"",""filter_version"":""government_tech_v2"",""tech_filter"":{""is_tech"":true,""is_core_tech"":true,""scope"":""core"",""categories"":[""computer_software"",""data_ai""],""matched_fields"":[""major"",""description""],""major_terms"":[""计算机类""],""role_terms"":[""数据处理""],""reason"":""tech_major_and_role""},""original"":{""部门代码"":""137128"",""部门名称"":""国家统计局甘肃调查总队"",""用人司局"":""国家统计局甘肃调查总队"",""机构性质"":""中央国家行政机关参照公务员法管理事业单位"",""招考职位"":""成县调查队一级科员"",""职位属性"":""普通职位"",""职位分布"":""西部地区和艰苦边远地区职位"",""职位简介"":""从事一线入户调查、数据处理、统计分析、统计研究等工作"",""职位代码"":""400110128013"",""机构层级"":""县（区）级及以下"",""考试类别"":""市（地）级及以下直属机构综合管理类"",""招考人数"":""1"",""专业"":""统计学类、数学类、计算机类（不含电影制作专业）、经济学类"",""学历"":""仅限本科"",""学位"":""学士"",""政治面貌"":""不限"",""基层工作最低年限"":""无限制"",""服务基层项目工作经历"":""无限制"",""是否在面试阶段组织专业能力测试"":""否"",""面试人员比例"":""3:1"",""工作地点"":""甘肃省陇南市成县"",""落户地点"":""甘肃省陇南市成县"",""备注"":""1.本单位最低服务年限为5年（含试用期）；2.本职位专业设置以《普通高等学校本科专业目录》为准，专业要求均为专业目录中的'专业类'，非'专业大类（学科大类）'；3.须以本科阶段主修专业报考；4.招录对象为应届高校毕业生；5.限甘肃省陇南市户籍。"",""部门网站"":""无"",""咨询电话1"":""0931-8711759"",""咨询电话2"":""0931-8711758"",""咨询电话3"":"""",""来源Sheet"":""中央国家行政机关参照公务员法管理事业单位""}}"
"government_jobs","国家公务员2026招考简章","公务员/事业单位技术岗位","甘肃省张掖市临泽县","2026-07-28T09:12:58.310295+00:00","临泽调查队一级科员","国家统计局甘肃调查总队","","甘肃省张掖市临泽县","公务员/事业单位;2026;computer_software;data_ai;仅限本科;学士;统计学类、数学类、计算机类（不含电影制作专业）、工商管理类;市（地）级及以下直属机构综合管理类","用人司局：国家统计局甘肃调查总队
职位简介：从事一线入户调查、数据处理、统计分析、统计研究等工作
专业要求：统计学类、数学类、计算机类（不含电影制作专业）、工商管理类
学历要求：仅限本科
学位要求：学士
政治面貌：不限
基层工作经历：无限制
考试类别：市（地）级及以下直属机构综合管理类
备注：1.本单位最低服务年限为5年（含试用期）；2.本职位专业设置以《普通高等学校本科专业目录》为准，专业要求均为专业目录中的'专业类'，非'专业大类（学科大类）'；3.须以本科阶段主修专业报考；4.招录对象为应届高校毕业生；5.限甘肃省张掖市户籍。","http://bm.scs.gov.cn/kl2026#137128-400110128014","2025-10-14","{""dataset_year"":2026,""job_uid"":""GOV-2026-137128-400110128014"",""publisher"":""国家公务员局"",""publication_page"":""http://bm.scs.gov.cn/kl2026"",""attachment_url"":""local://2026_guokao_zhaokaojianzhang.zip"",""local_source_file"":""中央机关及其直属机构2026年度考试录用公务员招考简章.xls"",""local_source_sha256"":""2670bae1df1dd07a3a3c79b9db46a11e3bb15a6c9c249e6af98bfd0b61ce3aaf"",""source_sheet"":""中央国家行政机关参照公务员法管理事业单位"",""filter_version"":""government_tech_v2"",""tech_filter"":{""is_tech"":true,""is_core_tech"":true,""scope"":""core"",""categories"":[""computer_software"",""data_ai""],""matched_fields"":[""major"",""description""],""major_terms"":[""计算机类""],""role_terms"":[""数据处理""],""reason"":""tech_major_and_role""},""original"":{""部门代码"":""137128"",""部门名称"":""国家统计局甘肃调查总队"",""用人司局"":""国家统计局甘肃调查总队"",""机构性质"":""中央国家行政机关参照公务员法管理事业单位"",""招考职位"":""临泽调查队一级科员"",""职位属性"":""普通职位"",""职位分布"":""西部地区和艰苦边远地区职位"",""职位简介"":""从事一线入户调查、数据处理、统计分析、统计研究等工作"",""职位代码"":""400110128014"",""机构层级"":""县（区）级及以下"",""考试类别"":""市（地）级及以下直属机构综合管理类"",""招考人数"":""1"",""专业"":""统计学类、数学类、计算机类（不含电影制作专业）、工商管理类"",""学历"":""仅限本科"",""学位"":""学士"",""政治面貌"":""不限"",""基层工作最低年限"":""无限制"",""服务基层项目工作经历"":""无限制"",""是否在面试阶段组织专业能力测试"":""否"",""面试人员比例"":""3:1"",""工作地点"":""甘肃省张掖市临泽县"",""落户地点"":""甘肃省张掖市临泽县"",""备注"":""1.本单位最低服务年限为5年（含试用期）；2.本职位专业设置以《普通高等学校本科专业目录》为准，专业要求均为专业目录中的'专业类'，非'专业大类（学科大类）'；3.须以本科阶段主修专业报考；4.招录对象为应届高校毕业生；5.限甘肃省张掖市户籍。"",""部门网站"":""无"",""咨询电话1"":""0931-8711759"",""咨询电话2"":""0931-8711758"",""咨询电话3"":"""",""来源Sheet"":""中央国家行政机关参照公务员法管理事业单位""}}"
"government_jobs","国家公务员2026招考简章","公务员/事业单位技术岗位","甘肃省张掖市临泽县","2026-07-28T09:12:58.310295+00:00","临泽调查队四级主任科员及以下","国家统计局甘肃调查总队","","甘肃省张掖市临泽县","公务员/事业单位;2026;computer_software;data_ai;仅限本科;学士;统计学类、计算机类（不含电影制作专业）、经济学类、中国语言文学类（不含手语翻译专业）、工商管理类;市（地）级及以下直属机构综合管理类","用人司局：国家统计局甘肃调查总队
职位简介：从事一线入户调查、数据处理、统计分析、统计研究等工作
专业要求：统计学类、计算机类（不含电影制作专业）、经济学类、中国语言文学类（不含手语翻译专业）、工商管理类
学历要求：仅限本科
学位要求：学士
政治面貌：不限
基层工作经历：二年
考试类别：市（地）级及以下直属机构综合管理类
备注：1.本单位最低服务年限为5年（含试用期）；2.本职位专业设置以《普通高等学校本科专业目录》为准，专业要求均为专业目录中的'专业类'，非'专业大类（学科大类）'；3.须以本科阶段主修专业报考；4.限甘肃省张掖市户籍；5.服务期满，且考核合格。","http://bm.scs.gov.cn/kl2026#137128-400110128015","2025-10-14","{""dataset_year"":2026,""job_uid"":""GOV-2026-137128-400110128015"",""publisher"":""国家公务员局"",""publication_page"":""http://bm.scs.gov.cn/kl2026"",""attachment_url"":""local://2026_guokao_zhaokaojianzhang.zip"",""local_source_file"":""中央机关及其直属机构2026年度考试录用公务员招考简章.xls"",""local_source_sha256"":""2670bae1df1dd07a3a3c79b9db46a11e3bb15a6c9c249e6af98bfd0b61ce3aaf"",""source_sheet"":""中央国家行政机关参照公务员法管理事业单位"",""filter_version"":""government_tech_v2"",""tech_filter"":{""is_tech"":true,""is_core_tech"":true,""scope"":""core"",""categories"":[""computer_software"",""data_ai""],""matched_fields"":[""major"",""description""],""major_terms"":[""计算机类""],""role_terms"":[""数据处理""],""reason"":""tech_major_and_role""},""original"":{""部门代码"":""137128"",""部门名称"":""国家统计局甘肃调查总队"",""用人司局"":""国家统计局甘肃调查总队"",""机构性质"":""中央国家行政机关参照公务员法管理事业单位"",""招考职位"":""临泽调查队四级主任科员及以下"",""职位属性"":""普通职位"",""职位分布"":""西部地区和艰苦边远地区职位"",""职位简介"":""从事一线入户调查、数据处理、统计分析、统计研究等工作"",""职位代码"":""400110128015"",""机构层级"":""县（区）级及以下"",""考试类别"":""市（地）级及以下直属机构综合管理类"",""招考人数"":""1"",""专业"":""统计学类、计算机类（不含电影制作专业）、经济学类、中国语言文学类（不含手语翻译专业）、工商管理类"",""学历"":""仅限本科"",""学位"":""学士"",""政治面貌"":""不限"",""基层工作最低年限"":""二年"",""服务基层项目工作经历"":""大学生村官、农村义务教育阶段学校教师特设岗位计划、“三支一扶”计划、大学生志愿服务西部计划、在军队服役5年（含）以上的高校毕业生退役士兵"",""是否在面试阶段组织专业能力测试"":""否"",""面试人员比例"":""3:1"",""工作地点"":""甘肃省张掖市临泽县"",""落户地点"":""甘肃省张掖市临泽县"",""备注"":""1.本单位最低服务年限为5年（含试用期）；2.本职位专业设置以《普通高等学校本科专业目录》为准，专业要求均为专业目录中的'专业类'，非'专业大类（学科大类）'；3.须以本科阶段主修专业报考；4.限甘肃省张掖市户籍；5.服务期满，且考核合格。"",""部门网站"":""无"",""咨询电话1"":""0931-8711759"",""咨询电话2"":""0931-8711758"",""咨询电话3"":"""",""来源Sheet"":""中央国家行政机关参照公务员法管理事业单位""}}"
"government_jobs","国家公务员2026招考简章","公务员/事业单位技术岗位","甘肃省陇南市康县","2026-07-28T09:12:58.310295+00:00","康县调查队一级科员","国家统计局甘肃调查总队","","甘肃省陇南市康县","公务员/事业单位;2026;computer_software;data_ai;仅限本科;学士;统计学类、数学类、计算机类（不含电影制作专业）;市（地）级及以下直属机构综合管理类","用人司局：国家统计局甘肃调查总队
职位简介：从事一线入户调查、数据处理、统计分析、统计研究等工作
专业要求：统计学类、数学类、计算机类（不含电影制作专业）
学历要求：仅限本科
学位要求：学士
政治面貌：不限
基层工作经历：无限制
考试类别：市（地）级及以下直属机构综合管理类
备注：1.本单位最低服务年限为5年（含试用期）；2.本职位专业设置以《普通高等学校本科专业目录》为准，专业要求均为专业目录中的'专业类'，非'专业大类（学科大类）'；3.须以本科阶段主修专业报考；4.招录对象为应届高校毕业生；5.限甘肃省陇南市户籍。","http://bm.scs.gov.cn/kl2026#137128-400110128016","2025-10-14","{""dataset_year"":2026,""job_uid"":""GOV-2026-137128-400110128016"",""publisher"":""国家公务员局"",""publication_page"":""http://bm.scs.gov.cn/kl2026"",""attachment_url"":""local://2026_guokao_zhaokaojianzhang.zip"",""local_source_file"":""中央机关及其直属机构2026年度考试录用公务员招考简章.xls"",""local_source_sha256"":""2670bae1df1dd07a3a3c79b9db46a11e3bb15a6c9c249e6af98bfd0b61ce3aaf"",""source_sheet"":""中央国家行政机关参照公务员法管理事业单位"",""filter_version"":""government_tech_v2"",""tech_filter"":{""is_tech"":true,""is_core_tech"":true,""scope"":""core"",""categories"":[""computer_software"",""data_ai""],""matched_fields"":[""major"",""description""],""major_terms"":[""计算机类""],""role_terms"":[""数据处理""],""reason"":""tech_major_and_role""},""original"":{""部门代码"":""137128"",""部门名称"":""国家统计局甘肃调查总队"",""用人司局"":""国家统计局甘肃调查总队"",""机构性质"":""中央国家行政机关参照公务员法管理事业单位"",""招考职位"":""康县调查队一级科员"",""职位属性"":""普通职位"",""职位分布"":""西部地区和艰苦边远地区职位"",""职位简介"":""从事一线入户调查、数据处理、统计分析、统计研究等工作"",""职位代码"":""400110128016"",""机构层级"":""县（区）级及以下"",""考试类别"":""市（地）级及以下直属机构综合管理类"",""招考人数"":""1"",""专业"":""统计学类、数学类、计算机类（不含电影制作专业）"",""学历"":""仅限本科"",""学位"":""学士"",""政治面貌"":""不限"",""基层工作最低年限"":""无限制"",""服务基层项目工作经历"":""无限制"",""是否在面试阶段组织专业能力测试"":""否"",""面试人员比例"":""3:1"",""工作地点"":""甘肃省陇南市康县"",""落户地点"":""甘肃省陇南市康县"",""备注"":""1.本单位最低服务年限为5年（含试用期）；2.本职位专业设置以《普通高等学校本科专业目录》为准，专业要求均为专业目录中的'专业类'，非'专业大类（学科大类）'；3.须以本科阶段主修专业报考；4.招录对象为应届高校毕业生；5.限甘肃省陇南市户籍。"",""部门网站"":""无"",""咨询电话1"":""0931-8711759"",""咨询电话2"":""0931-8711758"",""咨询电话3"":"""",""来源Sheet"":""中央国家行政机关参照公务员法管理事业单位""}}"
"government_jobs","国家公务员2026招考简章","公务员/事业单位技术岗位","宁夏回族自治区银川市金凤区","2026-07-28T09:12:58.310295+00:00","宁夏调查总队业务处室二级主任科员及以下","国家统计局宁夏调查总队","","宁夏回族自治区银川市金凤区","公务员/事业单位;2026;computer_software;data_ai;仅限硕士研究生;硕士;应用经济学、应用统计、数字经济、社会学、数学、统计学、计算机科学与技术;中央机关及其省级直属机构综合管理类","用人司局：国家统计局宁夏调查总队
职位简介：从事统计调查、数据处理、统计分析、统计研究、统计新闻宣传、法规制度建设、信息化建设等工作。
专业要求：应用经济学、应用统计、数字经济、社会学、数学、统计学、计算机科学与技术
学历要求：仅限硕士研究生
学位要求：硕士
政治面貌：不限
基层工作经历：无限制
考试类别：中央机关及其省级直属机构综合管理类
备注：本单位最低服务年限为5年（含试用期）。","http://bm.scs.gov.cn/kl2026#137130-400110130001","2025-10-14","{""dataset_year"":2026,""job_uid"":""GOV-2026-137130-400110130001"",""publisher"":""国家公务员局"",""publication_page"":""http://bm.scs.gov.cn/kl2026"",""attachment_url"":""local://2026_guokao_zhaokaojianzhang.zip"",""local_source_file"":""中央机关及其直属机构2026年度考试录用公务员招考简章.xls"",""local_source_sha256"":""2670bae1df1dd07a3a3c79b9db46a11e3bb15a6c9c249e6af98bfd0b61ce3aaf"",""source_sheet"":""中央国家行政机关参照公务员法管理事业单位"",""filter_version"":""government_tech_v2"",""tech_filter"":{""is_tech"":true,""is_core_tech"":true,""scope"":""core"",""categories"":[""computer_software"",""data_ai""],""matched_fields"":[""major"",""description""],""major_terms"":[""计算机科学与技术""],""role_terms"":[""信息化"",""数据处理""],""reason"":""tech_major_and_role""},""original"":{""部门代码"":""137130"",""部门名称"":""国家统计局宁夏调查总队"",""用人司局"":""国家统计局宁夏调查总队"",""机构性质"":""中央国家行政机关参照公务员法管理事业单位"",""招考职位"":""宁夏调查总队业务处室二级主任科员及以下"",""职位属性"":""普通职位"",""职位分布"":""其他职位"",""职位简介"":""从事统计调查、数据处理、统计分析、统计研究、统计新闻宣传、法规制度建设、信息化建设等工作。"",""职位代码"":""400110130001"",""机构层级"":""省（副省）级"",""考试类别"":""中央机关及其省级直属机构综合管理类"",""招考人数"":""1"",""专业"":""应用经济学、应用统计、数字经济、社会学、数学、统计学、计算机科学与技术"",""学历"":""仅限硕士研究生"",""学位"":""硕士"",""政治面貌"":""不限"",""基层工作最低年限"":""无限制"",""服务基层项目工作经历"":""无限制"",""是否在面试阶段组织专业能力测试"":""否"",""面试人员比例"":""5:1"",""工作地点"":""宁夏回族自治区银川市金凤区"",""落户地点"":""宁夏回族自治区银川市金凤区"",""备注"":""本单位最低服务年限为5年（含试用期）。"",""部门网站"":""无"",""咨询电话1"":""0951-5677169"",""咨询电话2"":""0951-5677637"",""咨询电话3"":"""",""来源Sheet"":""中央国家行政机关参照公务员法管理事业单位""}}"
"government_jobs","国家公务员2026招考简章","公务员/事业单位技术岗位","宁夏回族自治区银川市金凤区","2026-07-28T09:12:58.310295+00:00","宁夏调查总队业务处室一级科员","国家统计局宁夏调查总队","","宁夏回族自治区银川市金凤区","公务员/事业单位;2026;computer_software;cybersecurity_cryptography;data_ai;仅限本科;学士;经济学类、数学类、统计学类、计算机类（不含物联网工程、数字媒体技术、智能科学与技术、空间信息与数字技术、电影制作、服务科学与工程、虚拟现实技术、区块链工程、密码科学与技术专业）;中央机关及其省级直属机构综合管理类","用人司局：国家统计局宁夏调查总队
职位简介：从事统计调查、数据处理、统计分析、统计研究、统计新闻宣传、法规制度建设、信息化建设等工作。
专业要求：经济学类、数学类、统计学类、计算机类（不含物联网工程、数字媒体技术、智能科学与技术、空间信息与数字技术、电影制作、服务科学与工程、虚拟现实技术、区块链工程、密码科学与技术专业）
学历要求：仅限本科
学位要求：学士
政治面貌：不限
基层工作经历：无限制
考试类别：中央机关及其省级直属机构综合管理类
备注：本职位专业要求均为专业目录中的“专业类”，非“专业大类（学科大类）”；本单位最低服务年限为5年（含试用期）。","http://bm.scs.gov.cn/kl2026#137130-400110130002","2025-10-14","{""dataset_year"":2026,""job_uid"":""GOV-2026-137130-400110130002"",""publisher"":""国家公务员局"",""publication_page"":""http://bm.scs.gov.cn/kl2026"",""attachment_url"":""local://2026_guokao_zhaokaojianzhang.zip"",""local_source_file"":""中央机关及其直属机构2026年度考试录用公务员招考简章.xls"",""local_source_sha256"":""2670bae1df1dd07a3a3c79b9db46a11e3bb15a6c9c249e6af98bfd0b61ce3aaf"",""source_sheet"":""中央国家行政机关参照公务员法管理事业单位"",""filter_version"":""government_tech_v2"",""tech_filter"":{""is_tech"":true,""is_core_tech"":true,""scope"":""core"",""categories"":[""computer_software"",""cybersecurity_cryptography"",""data_ai""],""matched_fields"":[""major"",""description""],""major_terms"":[""区块链工程"",""密码科学"",""密码科学与技术"",""数字媒体技术"",""智能科学与技术"",""物联网工程"",""空间信息与数字技术"",""虚拟现实技术"",""计算机类""],""role_terms"":[""信息化"",""数据处理""],""reason"":""tech_major_and_role""},""original"":{""部门代码"":""137130"",""部门名称"":""国家统计局宁夏调查总队"",""用人司局"":""国家统计局宁夏调查总队"",""机构性质"":""中央国家行政机关参照公务员法管理事业单位"",""招考职位"":""宁夏调查总队业务处室一级科员"",""职位属性"":""普通职位"",""职位分布"":""其他职位"",""职位简介"":""从事统计调查、数据处理、统计分析、统计研究、统计新闻宣传、法规制度建设、信息化建设等工作。"",""职位代码"":""400110130002"",""机构层级"":""省（副省）级"",""考试类别"":""中央机关及其省级直属机构综合管理类"",""招考人数"":""1"",""专业"":""经济学类、数学类、统计学类、计算机类（不含物联网工程、数字媒体技术、智能科学与技术、空间信息与数字技术、电影制作、服务科学与工程、虚拟现实技术、区块链工程、密码科学与技术专业）"",""学历"":""仅限本科"",""学位"":""学士"",""政治面貌"":""不限"",""基层工作最低年限"":""无限制"",""服务基层项目工作经历"":""无限制"",""是否在面试阶段组织专业能力测试"":""否"",""面试人员比例"":""5:1"",""工作地点"":""宁夏回族自治区银川市金凤区"",""落户地点"":""宁夏回族自治区银川市金凤区"",""备注"":""本职位专业要求均为专业目录中的“专业类”，非“专业大类（学科大类）”；本单位最低服务年限为5年（含试用期）。"",""部门网站"":""无"",""咨询电话1"":""0951-5677169"",""咨询电话2"":""0951-5677637"",""咨询电话3"":"""",""来源Sheet"":""中央国家行政机关参照公务员法管理事业单位""}}"
"government_jobs","国家公务员2026招考简章","公务员/事业单位技术岗位","宁夏回族自治区固原市原州区","2026-07-28T09:12:58.310295+00:00","固原调查队业务科室一级科员","国家统计局宁夏调查总队","","宁夏回族自治区固原市原州区","公务员/事业单位;2026;computer_software;cybersecurity_cryptography;data_ai;仅限本科;学士;经济学类、数学类、统计学类、计算机类（不含物联网工程、数字媒体技术、智能科学与技术、空间信息与数字技术、电影制作、服务科学与工程、虚拟现实技术、区块链工程、密码科学与技术专业）;市（地）级及以下直属机构综合管理类","用人司局：国家统计局宁夏调查总队
职位简介：从事一线入户调查、数据处理、统计分析、统计研究等工作。
专业要求：经济学类、数学类、统计学类、计算机类（不含物联网工程、数字媒体技术、智能科学与技术、空间信息与数字技术、电影制作、服务科学与工程、虚拟现实技术、区块链工程、密码科学与技术专业）
学历要求：仅限本科
学位要求：学士
政治面貌：不限
基层工作经历：二年
考试类别：市（地）级及以下直属机构综合管理类
备注：本职位专业要求均为专业目录中的“专业类”，非“专业大类（学科大类）”；服务基层项目需试用期满，且考核合格；此岗位经常需要独立下乡入户调查；本单位最低服务年限为5年（含试用期）。","http://bm.scs.gov.cn/kl2026#137130-400110130003","2025-10-14","{""dataset_year"":2026,""job_uid"":""GOV-2026-137130-400110130003"",""publisher"":""国家公务员局"",""publication_page"":""http://bm.scs.gov.cn/kl2026"",""attachment_url"":""local://2026_guokao_zhaokaojianzhang.zip"",""local_source_file"":""中央机关及其直属机构2026年度考试录用公务员招考简章.xls"",""local_source_sha256"":""2670bae1df1dd07a3a3c79b9db46a11e3bb15a6c9c249e6af98bfd0b61ce3aaf"",""source_sheet"":""中央国家行政机关参照公务员法管理事业单位"",""filter_version"":""government_tech_v2"",""tech_filter"":{""is_tech"":true,""is_core_tech"":true,""scope"":""core"",""categories"":[""computer_software"",""cybersecurity_cryptography"",""data_ai""],""matched_fields"":[""major"",""description""],""major_terms"":[""区块链工程"",""密码科学"",""密码科学与技术"",""数字媒体技术"",""智能科学与技术"",""物联网工程"",""空间信息与数字技术"",""虚拟现实技术"",""计算机类""],""role_terms"":[""数据处理""],""reason"":""tech_major_and_role""},""original"":{""部门代码"":""137130"",""部门名称"":""国家统计局宁夏调查总队"",""用人司局"":""国家统计局宁夏调查总队"",""机构性质"":""中央国家行政机关参照公务员法管理事业单位"",""招考职位"":""固原调查队业务科室一级科员"",""职位属性"":""普通职位"",""职位分布"":""西部地区和艰苦边远地区职位"",""职位简介"":""从事一线入户调查、数据处理、统计分析、统计研究等工作。"",""职位代码"":""400110130003"",""机构层级"":""市（地）级"",""考试类别"":""市（地）级及以下直属机构综合管理类"",""招考人数"":""1"",""专业"":""经济学类、数学类、统计学类、计算机类（不含物联网工程、数字媒体技术、智能科学与技术、空间信息与数字技术、电影制作、服务科学与工程、虚拟现实技术、区块链工程、密码科学与技术专业）"",""学历"":""仅限本科"",""学位"":""学士"",""政治面貌"":""不限"",""基层工作最低年限"":""二年"",""服务基层项目工作经历"":""大学生村官、农村义务教育阶段学校教师特设岗位计划、“三支一扶”计划、大学生志愿服务西部计划、在军队服役5年（含）以上的高校毕业生退役士兵"",""是否在面试阶段组织专业能力测试"":""否"",""面试人员比例"":""3:1"",""工作地点"":""宁夏回族自治区固原市原州区"",""落户地点"":""宁夏回族自治区固原市原州区"",""备注"":""本职位专业要求均为专业目录中的“专业类”，非“专业大类（学科大类）”；服务基层项目需试用期满，且考核合格；此岗位经常需要独立下乡入户调查；本单位最低服务年限为5年（含试用期）。"",""部门网站"":""无"",""咨询电话1"":""0951-5677169"",""咨询电话2"":""0951-5677637"",""咨询电话3"":"""",""来源Sheet"":""中央国家行政机关参照公务员法管理事业单位""}}"
"government_jobs","国家公务员2026招考简章","公务员/事业单位技术岗位","宁夏回族自治区吴忠市青铜峡市","2026-07-28T09:12:58.310295+00:00","青铜峡调查队一级科员","国家统计局宁夏调查总队","","宁夏回族自治区吴忠市青铜峡市","公务员/事业单位;2026;computer_software;cybersecurity_cryptography;data_ai;仅限本科;学士;经济学类、数学类、统计学类、计算机类（不含物联网工程、数字媒体技术、智能科学与技术、空间信息与数字技术、电影制作、服务科学与工程、虚拟现实技术、区块链工程、密码科学与技术专业）;市（地）级及以下直属机构综合管理类","用人司局：国家统计局宁夏调查总队
职位简介：从事一线入户调查、数据处理、统计分析、统计研究等工作。
专业要求：经济学类、数学类、统计学类、计算机类（不含物联网工程、数字媒体技术、智能科学与技术、空间信息与数字技术、电影制作、服务科学与工程、虚拟现实技术、区块链工程、密码科学与技术专业）
学历要求：仅限本科
学位要求：学士
政治面貌：不限
基层工作经历：无限制
考试类别：市（地）级及以下直属机构综合管理类
备注：本职位专业要求均为专业目录中的“专业类”，非“专业大类（学科大类）”；此岗位经常需要独立下乡入户调查；限宁夏户籍或生源；限招应届毕业生；本单位最低服务年限为5年（含试用期）。","http://bm.scs.gov.cn/kl2026#137130-400110130004","2025-10-14","{""dataset_year"":2026,""job_uid"":""GOV-2026-137130-400110130004"",""publisher"":""国家公务员局"",""publication_page"":""http://bm.scs.gov.cn/kl2026"",""attachment_url"":""local://2026_guokao_zhaokaojianzhang.zip"",""local_source_file"":""中央机关及其直属机构2026年度考试录用公务员招考简章.xls"",""local_source_sha256"":""2670bae1df1dd07a3a3c79b9db46a11e3bb15a6c9c249e6af98bfd0b61ce3aaf"",""source_sheet"":""中央国家行政机关参照公务员法管理事业单位"",""filter_version"":""government_tech_v2"",""tech_filter"":{""is_tech"":true,""is_core_tech"":true,""scope"":""core"",""categories"":[""computer_software"",""cybersecurity_cryptography"",""data_ai""],""matched_fields"":[""major"",""description""],""major_terms"":[""区块链工程"",""密码科学"",""密码科学与技术"",""数字媒体技术"",""智能科学与技术"",""物联网工程"",""空间信息与数字技术"",""虚拟现实技术"",""计算机类""],""role_terms"":[""数据处理""],""reason"":""tech_major_and_role""},""original"":{""部门代码"":""137130"",""部门名称"":""国家统计局宁夏调查总队"",""用人司局"":""国家统计局宁夏调查总队"",""机构性质"":""中央国家行政机关参照公务员法管理事业单位"",""招考职位"":""青铜峡调查队一级科员"",""职位属性"":""普通职位"",""职位分布"":""西部地区和艰苦边远地区职位"",""职位简介"":""从事一线入户调查、数据处理、统计分析、统计研究等工作。"",""职位代码"":""400110130004"",""机构层级"":""县（区）级及以下"",""考试类别"":""市（地）级及以下直属机构综合管理类"",""招考人数"":""1"",""专业"":""经济学类、数学类、统计学类、计算机类（不含物联网工程、数字媒体技术、智能科学与技术、空间信息与数字技术、电影制作、服务科学与工程、虚拟现实技术、区块链工程、密码科学与技术专业）"",""学历"":""仅限本科"",""学位"":""学士"",""政治面貌"":""不限"",""基层工作最低年限"":""无限制"",""服务基层项目工作经历"":""无限制"",""是否在面试阶段组织专业能力测试"":""否"",""面试人员比例"":""3:1"",""工作地点"":""宁夏回族自治区吴忠市青铜峡市"",""落户地点"":""宁夏回族自治区吴忠市青铜峡市"",""备注"":""本职位专业要求均为专业目录中的“专业类”，非“专业大类（学科大类）”；此岗位经常需要独立下乡入户调查；限宁夏户籍或生源；限招应届毕业生；本单位最低服务年限为5年（含试用期）。"",""部门网站"":""无"",""咨询电话1"":""0951-5677169"",""咨询电话2"":""0951-5677637"",""咨询电话3"":"""",""来源Sheet"":""中央国家行政机关参照公务员法管理事业单位""}}"
"government_jobs","国家公务员2026招考简章","公务员/事业单位技术岗位","宁夏回族自治区固原市西吉县","2026-07-28T09:12:58.310295+00:00","西吉调查队一级科员","国家统计局宁夏调查总队","","宁夏回族自治区固原市西吉县","公务员/事业单位;2026;computer_software;cybersecurity_cryptography;data_ai;仅限本科;学士;经济学类、数学类、统计学类、计算机类（不含物联网工程、数字媒体技术、智能科学与技术、空间信息与数字技术、电影制作、服务科学与工程、虚拟现实技术、区块链工程、密码科学与技术专业）;市（地）级及以下直属机构综合管理类","用人司局：国家统计局宁夏调查总队
职位简介：从事一线入户调查、数据处理、统计分析、统计研究等工作。
专业要求：经济学类、数学类、统计学类、计算机类（不含物联网工程、数字媒体技术、智能科学与技术、空间信息与数字技术、电影制作、服务科学与工程、虚拟现实技术、区块链工程、密码科学与技术专业）
学历要求：仅限本科
学位要求：学士
政治面貌：不限
基层工作经历：无限制
考试类别：市（地）级及以下直属机构综合管理类
备注：本职位专业要求均为专业目录中的“专业类”，非“专业大类（学科大类）”；此岗位经常需要独立下乡入户调查；限宁夏户籍或生源；限招应届毕业生；本单位最低服务年限为5年（含试用期）。","http://bm.scs.gov.cn/kl2026#137130-400110130005","2025-10-14","{""dataset_year"":2026,""job_uid"":""GOV-2026-137130-400110130005"",""publisher"":""国家公务员局"",""publication_page"":""http://bm.scs.gov.cn/kl2026"",""attachment_url"":""local://2026_guokao_zhaokaojianzhang.zip"",""local_source_file"":""中央机关及其直属机构2026年度考试录用公务员招考简章.xls"",""local_source_sha256"":""2670bae1df1dd07a3a3c79b9db46a11e3bb15a6c9c249e6af98bfd0b61ce3aaf"",""source_sheet"":""中央国家行政机关参照公务员法管理事业单位"",""filter_version"":""government_tech_v2"",""tech_filter"":{""is_tech"":true,""is_core_tech"":true,""scope"":""core"",""categories"":[""computer_software"",""cybersecurity_cryptography"",""data_ai""],""matched_fields"":[""major"",""description""],""major_terms"":[""区块链工程"",""密码科学"",""密码科学与技术"",""数字媒体技术"",""智能科学与技术"",""物联网工程"",""空间信息与数字技术"",""虚拟现实技术"",""计算机类""],""role_terms"":[""数据处理""],""reason"":""tech_major_and_role""},""original"":{""部门代码"":""137130"",""部门名称"":""国家统计局宁夏调查总队"",""用人司局"":""国家统计局宁夏调查总队"",""机构性质"":""中央国家行政机关参照公务员法管理事业单位"",""招考职位"":""西吉调查队一级科员"",""职位属性"":""普通职位"",""职位分布"":""西部地区和艰苦边远地区职位"",""职位简介"":""从事一线入户调查、数据处理、统计分析、统计研究等工作。"",""职位代码"":""400110130005"",""机构层级"":""县（区）级及以下"",""考试类别"":""市（地）级及以下直属机构综合管理类"",""招考人数"":""1"",""专业"":""经济学类、数学类、统计学类、计算机类（不含物联网工程、数字媒体技术、智能科学与技术、空间信息与数字技术、电影制作、服务科学与工程、虚拟现实技术、区块链工程、密码科学与技术专业）"",""学历"":""仅限本科"",""学位"":""学士"",""政治面貌"":""不限"",""基层工作最低年限"":""无限制"",""服务基层项目工作经历"":""无限制"",""是否在面试阶段组织专业能力测试"":""否"",""面试人员比例"":""3:1"",""工作地点"":""宁夏回族自治区固原市西吉县"",""落户地点"":""宁夏回族自治区固原市西吉县"",""备注"":""本职位专业要求均为专业目录中的“专业类”，非“专业大类（学科大类）”；此岗位经常需要独立下乡入户调查；限宁夏户籍或生源；限招应届毕业生；本单位最低服务年限为5年（含试用期）。"",""部门网站"":""无"",""咨询电话1"":""0951-5677169"",""咨询电话2"":""0951-5677637"",""咨询电话3"":"""",""来源Sheet"":""中央国家行政机关参照公务员法管理事业单位""}}"
"government_jobs","国家公务员2026招考简章","公务员/事业单位技术岗位","新疆维吾尔自治区乌鲁木齐市天山区","2026-07-28T09:12:58.310295+00:00","新疆调查总队业务处室一级主任科员及以下（3）","国家统计局新疆调查总队","","新疆维吾尔自治区乌鲁木齐市天山区","公务员/事业单位;2026;computer_software;data_ai;硕士研究生及以上;与最高学历相对应的学位;数学、计算机科学与技术;中央机关及其省级直属机构综合管理类","用人司局：国家统计局新疆调查总队
职位简介：从事统计调查、数据处理、统计分析、统计研究等工作。
专业要求：数学、计算机科学与技术
学历要求：硕士研究生及以上
学位要求：与最高学历相对应的学位
政治面貌：不限
基层工作经历：无限制
考试类别：中央机关及其省级直属机构综合管理类
备注：1.限男性报考；2.须以最高学历学位主修专业报考，各学习阶段均获得相应学历学位；3.本单位最低服务年限为5年（含试用期）。","http://bm.scs.gov.cn/kl2026#137131-400110131003","2025-10-14","{""dataset_year"":2026,""job_uid"":""GOV-2026-137131-400110131003"",""publisher"":""国家公务员局"",""publication_page"":""http://bm.scs.gov.cn/kl2026"",""attachment_url"":""local://2026_guokao_zhaokaojianzhang.zip"",""local_source_file"":""中央机关及其直属机构2026年度考试录用公务员招考简章.xls"",""local_source_sha256"":""2670bae1df1dd07a3a3c79b9db46a11e3bb15a6c9c249e6af98bfd0b61ce3aaf"",""source_sheet"":""中央国家行政机关参照公务员法管理事业单位"",""filter_version"":""government_tech_v2"",""tech_filter"":{""is_tech"":true,""is_core_tech"":true,""scope"":""core"",""categories"":[""computer_software"",""data_ai""],""matched_fields"":[""major"",""description""],""major_terms"":[""计算机科学与技术""],""role_terms"":[""数据处理""],""reason"":""tech_major_and_role""},""original"":{""部门代码"":""137131"",""部门名称"":""国家统计局新疆调查总队"",""用人司局"":""国家统计局新疆调查总队"",""机构性质"":""中央国家行政机关参照公务员法管理事业单位"",""招考职位"":""新疆调查总队业务处室一级主任科员及以下（3）"",""职位属性"":""普通职位"",""职位分布"":""其他职位"",""职位简介"":""从事统计调查、数据处理、统计分析、统计研究等工作。"",""职位代码"":""400110131003"",""机构层级"":""省（副省）级"",""考试类别"":""中央机关及其省级直属机构综合管理类"",""招考人数"":""1"",""专业"":""数学、计算机科学与技术"",""学历"":""硕士研究生及以上"",""学位"":""与最高学历相对应的学位"",""政治面貌"":""不限"",""基层工作最低年限"":""无限制"",""服务基层项目工作经历"":""无限制"",""是否在面试阶段组织专业能力测试"":""否"",""面试人员比例"":""5:1"",""工作地点"":""新疆维吾尔自治区乌鲁木齐市天山区"",""落户地点"":""新疆维吾尔自治区乌鲁木齐市天山区"",""备注"":""1.限男性报考；2.须以最高学历学位主修专业报考，各学习阶段均获得相应学历学位；3.本单位最低服务年限为5年（含试用期）。"",""部门网站"":""www.xjso.gov.cn"",""咨询电话1"":""0991-2691712"",""咨询电话2"":""0991-2628045"",""咨询电话3"":"""",""来源Sheet"":""中央国家行政机关参照公务员法管理事业单位""}}"
"government_jobs","国家公务员2026招考简章","公务员/事业单位技术岗位","新疆维吾尔自治区乌鲁木齐市天山区","2026-07-28T09:12:58.310295+00:00","新疆调查总队业务处室一级主任科员及以下（4）","国家统计局新疆调查总队","","新疆维吾尔自治区乌鲁木齐市天山区","公务员/事业单位;2026;computer_software;data_ai;硕士研究生及以上;与最高学历相对应的学位;数学、计算机科学与技术;中央机关及其省级直属机构综合管理类","用人司局：国家统计局新疆调查总队
职位简介：从事统计调查、数据处理、统计分析、统计研究等工作。
专业要求：数学、计算机科学与技术
学历要求：硕士研究生及以上
学位要求：与最高学历相对应的学位
政治面貌：不限
基层工作经历：无限制
考试类别：中央机关及其省级直属机构综合管理类
备注：1.限女性报考；2.须以最高学历学位主修专业报考，各学习阶段均获得相应学历学位；3.本单位最低服务年限为5年（含试用期）。","http://bm.scs.gov.cn/kl2026#137131-400110131004","2025-10-14","{""dataset_year"":2026,""job_uid"":""GOV-2026-137131-400110131004"",""publisher"":""国家公务员局"",""publication_page"":""http://bm.scs.gov.cn/kl2026"",""attachment_url"":""local://2026_guokao_zhaokaojianzhang.zip"",""local_source_file"":""中央机关及其直属机构2026年度考试录用公务员招考简章.xls"",""local_source_sha256"":""2670bae1df1dd07a3a3c79b9db46a11e3bb15a6c9c249e6af98bfd0b61ce3aaf"",""source_sheet"":""中央国家行政机关参照公务员法管理事业单位"",""filter_version"":""government_tech_v2"",""tech_filter"":{""is_tech"":true,""is_core_tech"":true,""scope"":""core"",""categories"":[""computer_software"",""data_ai""],""matched_fields"":[""major"",""description""],""major_terms"":[""计算机科学与技术""],""role_terms"":[""数据处理""],""reason"":""tech_major_and_role""},""original"":{""部门代码"":""137131"",""部门名称"":""国家统计局新疆调查总队"",""用人司局"":""国家统计局新疆调查总队"",""机构性质"":""中央国家行政机关参照公务员法管理事业单位"",""招考职位"":""新疆调查总队业务处室一级主任科员及以下（4）"",""职位属性"":""普通职位"",""职位分布"":""其他职位"",""职位简介"":""从事统计调查、数据处理、统计分析、统计研究等工作。"",""职位代码"":""400110131004"",""机构层级"":""省（副省）级"",""考试类别"":""中央机关及其省级直属机构综合管理类"",""招考人数"":""1"",""专业"":""数学、计算机科学与技术"",""学历"":""硕士研究生及以上"",""学位"":""与最高学历相对应的学位"",""政治面貌"":""不限"",""基层工作最低年限"":""无限制"",""服务基层项目工作经历"":""无限制"",""是否在面试阶段组织专业能力测试"":""否"",""面试人员比例"":""5:1"",""工作地点"":""新疆维吾尔自治区乌鲁木齐市天山区"",""落户地点"":""新疆维吾尔自治区乌鲁木齐市天山区"",""备注"":""1.限女性报考；2.须以最高学历学位主修专业报考，各学习阶段均获得相应学历学位；3.本单位最低服务年限为5年（含试用期）。"",""部门网站"":""www.xjso.gov.cn"",""咨询电话1"":""0991-2691712"",""咨询电话2"":""0991-2628045"",""咨询电话3"":"""",""来源Sheet"":""中央国家行政机关参照公务员法管理事业单位""}}"
"government_jobs","国家公务员2026招考简章","公务员/事业单位技术岗位","新疆维吾尔自治区吐鲁番市高昌区","2026-07-28T09:12:58.310295+00:00","吐鲁番调查队业务科室四级主任科员及以下","国家统计局新疆调查总队","","新疆维吾尔自治区吐鲁番市高昌区","公务员/事业单位;2026;computer_software;data_ai;本科及以上;与最高学历相对应的学位;统计学类、计算机类;市（地）级及以下直属机构综合管理类","用人司局：国家统计局新疆调查总队
职位简介：从事统计调查、数据处理、统计分析、统计研究等工作。
专业要求：统计学类、计算机类
学历要求：本科及以上
学位要求：与最高学历相对应的学位
政治面貌：不限
基层工作经历：无限制
考试类别：市（地）级及以下直属机构综合管理类
备注：1.须以最高学历学位主修专业报考，各学习阶段均获得相应学历学位；2.本单位最低服务年限为5年（含试用期）。","http://bm.scs.gov.cn/kl2026#137131-400110131009","2025-10-14","{""dataset_year"":2026,""job_uid"":""GOV-2026-137131-400110131009"",""publisher"":""国家公务员局"",""publication_page"":""http://bm.scs.gov.cn/kl2026"",""attachment_url"":""local://2026_guokao_zhaokaojianzhang.zip"",""local_source_file"":""中央机关及其直属机构2026年度考试录用公务员招考简章.xls"",""local_source_sha256"":""2670bae1df1dd07a3a3c79b9db46a11e3bb15a6c9c249e6af98bfd0b61ce3aaf"",""source_sheet"":""中央国家行政机关参照公务员法管理事业单位"",""filter_version"":""government_tech_v2"",""tech_filter"":{""is_tech"":true,""is_core_tech"":true,""scope"":""core"",""categories"":[""computer_software"",""data_ai""],""matched_fields"":[""major"",""description""],""major_terms"":[""计算机类""],""role_terms"":[""数据处理""],""reason"":""tech_major_and_role""},""original"":{""部门代码"":""137131"",""部门名称"":""国家统计局新疆调查总队"",""用人司局"":""国家统计局新疆调查总队"",""机构性质"":""中央国家行政机关参照公务员法管理事业单位"",""招考职位"":""吐鲁番调查队业务科室四级主任科员及以下"",""职位属性"":""普通职位"",""职位分布"":""西部地区和艰苦边远地区职位"",""职位简介"":""从事统计调查、数据处理、统计分析、统计研究等工作。"",""职位代码"":""400110131009"",""机构层级"":""市（地）级"",""考试类别"":""市（地）级及以下直属机构综合管理类"",""招考人数"":""1"",""专业"":""统计学类、计算机类"",""学历"":""本科及以上"",""学位"":""与最高学历相对应的学位"",""政治面貌"":""不限"",""基层工作最低年限"":""无限制"",""服务基层项目工作经历"":""无限制"",""是否在面试阶段组织专业能力测试"":""否"",""面试人员比例"":""3:1"",""工作地点"":""新疆维吾尔自治区吐鲁番市高昌区"",""落户地点"":""新疆维吾尔自治区吐鲁番市高昌区"",""备注"":""1.须以最高学历学位主修专业报考，各学习阶段均获得相应学历学位；2.本单位最低服务年限为5年（含试用期）。"",""部门网站"":""www.xjso.gov.cn"",""咨询电话1"":""0991-2691712"",""咨询电话2"":""0991-2628045"",""咨询电话3"":"""",""来源Sheet"":""中央国家行政机关参照公务员法管理事业单位""}}"
"government_jobs","国家公务员2026招考简章","公务员/事业单位技术岗位","新疆维吾尔自治区博尔塔拉蒙古自治州博乐市","2026-07-28T09:12:58.310295+00:00","博尔塔拉调查队业务科室四级主任科员及以下","国家统计局新疆调查总队","","新疆维吾尔自治区博尔塔拉蒙古自治州博乐市","公务员/事业单位;2026;computer_software;data_ai;本科及以上;与最高学历相对应的学位;统计学类、经济学类、计算机类、数学类;市（地）级及以下直属机构综合管理类","用人司局：国家统计局新疆调查总队
职位简介：从事统计调查、数据处理、统计分析、统计研究等工作。
专业要求：统计学类、经济学类、计算机类、数学类
学历要求：本科及以上
学位要求：与最高学历相对应的学位
政治面貌：不限
基层工作经历：无限制
考试类别：市（地）级及以下直属机构综合管理类
备注：1.须以最高学历学位主修专业报考，各学习阶段均获得相应学历学位；2.本单位最低服务年限为5年（含试用期）。","http://bm.scs.gov.cn/kl2026#137131-400110131010","2025-10-14","{""dataset_year"":2026,""job_uid"":""GOV-2026-137131-400110131010"",""publisher"":""国家公务员局"",""publication_page"":""http://bm.scs.gov.cn/kl2026"",""attachment_url"":""local://2026_guokao_zhaokaojianzhang.zip"",""local_source_file"":""中央机关及其直属机构2026年度考试录用公务员招考简章.xls"",""local_source_sha256"":""2670bae1df1dd07a3a3c79b9db46a11e3bb15a6c9c249e6af98bfd0b61ce3aaf"",""source_sheet"":""中央国家行政机关参照公务员法管理事业单位"",""filter_version"":""government_tech_v2"",""tech_filter"":{""is_tech"":true,""is_core_tech"":true,""scope"":""core"",""categories"":[""computer_software"",""data_ai""],""matched_fields"":[""major"",""description""],""major_terms"":[""计算机类""],""role_terms"":[""数据处理""],""reason"":""tech_major_and_role""},""original"":{""部门代码"":""137131"",""部门名称"":""国家统计局新疆调查总队"",""用人司局"":""国家统计局新疆调查总队"",""机构性质"":""中央国家行政机关参照公务员法管理事业单位"",""招考职位"":""博尔塔拉调查队业务科室四级主任科员及以下"",""职位属性"":""普通职位"",""职位分布"":""西部地区和艰苦边远地区职位"",""职位简介"":""从事统计调查、数据处理、统计分析、统计研究等工作。"",""职位代码"":""400110131010"",""机构层级"":""市（地）级"",""考试类别"":""市（地）级及以下直属机构综合管理类"",""招考人数"":""1"",""专业"":""统计学类、经济学类、计算机类、数学类"",""学历"":""本科及以上"",""学位"":""与最高学历相对应的学位"",""政治面貌"":""不限"",""基层工作最低年限"":""无限制"",""服务基层项目工作经历"":""无限制"",""是否在面试阶段组织专业能力测试"":""否"",""面试人员比例"":""3:1"",""工作地点"":""新疆维吾尔自治区博尔塔拉蒙古自治州博乐市"",""落户地点"":""新疆维吾尔自治区博尔塔拉蒙古自治州博乐市"",""备注"":""1.须以最高学历学位主修专业报考，各学习阶段均获得相应学历学位；2.本单位最低服务年限为5年（含试用期）。"",""部门网站"":""www.xjso.gov.cn"",""咨询电话1"":""0991-2691712"",""咨询电话2"":""0991-2628045"",""咨询电话3"":"""",""来源Sheet"":""中央国家行政机关参照公务员法管理事业单位""}}"
"government_jobs","国家公务员2026招考简章","公务员/事业单位技术岗位","新疆维吾尔自治区阿克苏地区阿克苏市","2026-07-28T09:12:58.310295+00:00","阿克苏调查队业务科室一级科员","国家统计局新疆调查总队","","新疆维吾尔自治区阿克苏地区阿克苏市","公务员/事业单位;2026;computer_software;data_ai;仅限本科;学士;经济学类、统计学类、计算机类;市（地）级及以下直属机构综合管理类","用人司局：国家统计局新疆调查总队
职位简介：从事统计调查、数据处理、统计分析、统计研究等工作。
专业要求：经济学类、统计学类、计算机类
学历要求：仅限本科
学位要求：学士
政治面貌：不限
基层工作经历：无限制
考试类别：市（地）级及以下直属机构综合管理类
备注：1.须以最高学历学位主修专业报考，各学习阶段均获得相应学历学位；2.本单位最低服务年限为5年（含试用期）。","http://bm.scs.gov.cn/kl2026#137131-400110131011","2025-10-14","{""dataset_year"":2026,""job_uid"":""GOV-2026-137131-400110131011"",""publisher"":""国家公务员局"",""publication_page"":""http://bm.scs.gov.cn/kl2026"",""attachment_url"":""local://2026_guokao_zhaokaojianzhang.zip"",""local_source_file"":""中央机关及其直属机构2026年度考试录用公务员招考简章.xls"",""local_source_sha256"":""2670bae1df1dd07a3a3c79b9db46a11e3bb15a6c9c249e6af98bfd0b61ce3aaf"",""source_sheet"":""中央国家行政机关参照公务员法管理事业单位"",""filter_version"":""government_tech_v2"",""tech_filter"":{""is_tech"":true,""is_core_tech"":true,""scope"":""core"",""categories"":[""computer_software"",""data_ai""],""matched_fields"":[""major"",""description""],""major_terms"":[""计算机类""],""role_terms"":[""数据处理""],""reason"":""tech_major_and_role""},""original"":{""部门代码"":""137131"",""部门名称"":""国家统计局新疆调查总队"",""用人司局"":""国家统计局新疆调查总队"",""机构性质"":""中央国家行政机关参照公务员法管理事业单位"",""招考职位"":""阿克苏调查队业务科室一级科员"",""职位属性"":""普通职位"",""职位分布"":""西部地区和艰苦边远地区职位"",""职位简介"":""从事统计调查、数据处理、统计分析、统计研究等工作。"",""职位代码"":""400110131011"",""机构层级"":""市（地）级"",""考试类别"":""市（地）级及以下直属机构综合管理类"",""招考人数"":""1"",""专业"":""经济学类、统计学类、计算机类"",""学历"":""仅限本科"",""学位"":""学士"",""政治面貌"":""不限"",""基层工作最低年限"":""无限制"",""服务基层项目工作经历"":""无限制"",""是否在面试阶段组织专业能力测试"":""否"",""面试人员比例"":""3:1"",""工作地点"":""新疆维吾尔自治区阿克苏地区阿克苏市"",""落户地点"":""新疆维吾尔自治区阿克苏地区阿克苏市"",""备注"":""1.须以最高学历学位主修专业报考，各学习阶段均获得相应学历学位；2.本单位最低服务年限为5年（含试用期）。"",""部门网站"":""www.xjso.gov.cn"",""咨询电话1"":""0991-2691712"",""咨询电话2"":""0991-2628045"",""咨询电话3"":"""",""来源Sheet"":""中央国家行政机关参照公务员法管理事业单位""}}"
"government_jobs","国家公务员2026招考简章","公务员/事业单位技术岗位","新疆维吾尔自治区阿勒泰地区阿勒泰市","2026-07-28T09:12:58.310295+00:00","阿勒泰调查队业务科室一级科员","国家统计局新疆调查总队","","新疆维吾尔自治区阿勒泰地区阿勒泰市","公务员/事业单位;2026;computer_software;data_ai;仅限本科;学士;统计学类、数学类、计算机类;市（地）级及以下直属机构综合管理类","用人司局：国家统计局新疆调查总队
职位简介：从事统计调查、数据处理、统计分析、统计研究等工作。
专业要求：统计学类、数学类、计算机类
学历要求：仅限本科
学位要求：学士
政治面貌：不限
基层工作经历：无限制
考试类别：市（地）级及以下直属机构综合管理类
备注：1.限应届高校毕业生；2.须以最高学历学位主修专业报考，各学习阶段均获得相应学历学位；3.本单位最低服务年限为5年（含试用期）。","http://bm.scs.gov.cn/kl2026#137131-400110131012","2025-10-14","{""dataset_year"":2026,""job_uid"":""GOV-2026-137131-400110131012"",""publisher"":""国家公务员局"",""publication_page"":""http://bm.scs.gov.cn/kl2026"",""attachment_url"":""local://2026_guokao_zhaokaojianzhang.zip"",""local_source_file"":""中央机关及其直属机构2026年度考试录用公务员招考简章.xls"",""local_source_sha256"":""2670bae1df1dd07a3a3c79b9db46a11e3bb15a6c9c249e6af98bfd0b61ce3aaf"",""source_sheet"":""中央国家行政机关参照公务员法管理事业单位"",""filter_version"":""government_tech_v2"",""tech_filter"":{""is_tech"":true,""is_core_tech"":true,""scope"":""core"",""categories"":[""computer_software"",""data_ai""],""matched_fields"":[""major"",""description""],""major_terms"":[""计算机类""],""role_terms"":[""数据处理""],""reason"":""tech_major_and_role""},""original"":{""部门代码"":""137131"",""部门名称"":""国家统计局新疆调查总队"",""用人司局"":""国家统计局新疆调查总队"",""机构性质"":""中央国家行政机关参照公务员法管理事业单位"",""招考职位"":""阿勒泰调查队业务科室一级科员"",""职位属性"":""普通职位"",""职位分布"":""西部地区和艰苦边远地区职位"",""职位简介"":""从事统计调查、数据处理、统计分析、统计研究等工作。"",""职位代码"":""400110131012"",""机构层级"":""市（地）级"",""考试类别"":""市（地）级及以下直属机构综合管理类"",""招考人数"":""1"",""专业"":""统计学类、数学类、计算机类"",""学历"":""仅限本科"",""学位"":""学士"",""政治面貌"":""不限"",""基层工作最低年限"":""无限制"",""服务基层项目工作经历"":""无限制"",""是否在面试阶段组织专业能力测试"":""否"",""面试人员比例"":""3:1"",""工作地点"":""新疆维吾尔自治区阿勒泰地区阿勒泰市"",""落户地点"":""新疆维吾尔自治区阿勒泰地区阿勒泰市"",""备注"":""1.限应届高校毕业生；2.须以最高学历学位主修专业报考，各学习阶段均获得相应学历学位；3.本单位最低服务年限为5年（含试用期）。"",""部门网站"":""www.xjso.gov.cn"",""咨询电话1"":""0991-2691712"",""咨询电话2"":""0991-2628045"",""咨询电话3"":"""",""来源Sheet"":""中央国家行政机关参照公务员法管理事业单位""}}"
"government_jobs","国家公务员2026招考简章","公务员/事业单位技术岗位","新疆维吾尔自治区哈密市伊州区","2026-07-28T09:12:58.310295+00:00","哈密调查队业务科室一级科员","国家统计局新疆调查总队","","新疆维吾尔自治区哈密市伊州区","公务员/事业单位;2026;computer_software;data_ai;仅限本科;学士;统计学类、数学类、经济学类、计算机类、工商管理类;市（地）级及以下直属机构综合管理类","用人司局：国家统计局新疆调查总队
职位简介：从事统计调查、数据处理、统计分析、统计研究等工作。
专业要求：统计学类、数学类、经济学类、计算机类、工商管理类
学历要求：仅限本科
学位要求：学士
政治面貌：不限
基层工作经历：无限制
考试类别：市（地）级及以下直属机构综合管理类
备注：1.须以最高学历学位主修专业报考，各学习阶段均获得相应学历学位；2.本单位最低服务年限为5年（含试用期）。","http://bm.scs.gov.cn/kl2026#137131-400110131013","2025-10-14","{""dataset_year"":2026,""job_uid"":""GOV-2026-137131-400110131013"",""publisher"":""国家公务员局"",""publication_page"":""http://bm.scs.gov.cn/kl2026"",""attachment_url"":""local://2026_guokao_zhaokaojianzhang.zip"",""local_source_file"":""中央机关及其直属机构2026年度考试录用公务员招考简章.xls"",""local_source_sha256"":""2670bae1df1dd07a3a3c79b9db46a11e3bb15a6c9c249e6af98bfd0b61ce3aaf"",""source_sheet"":""中央国家行政机关参照公务员法管理事业单位"",""filter_version"":""government_tech_v2"",""tech_filter"":{""is_tech"":true,""is_core_tech"":true,""scope"":""core"",""categories"":[""computer_software"",""data_ai""],""matched_fields"":[""major"",""description""],""major_terms"":[""计算机类""],""role_terms"":[""数据处理""],""reason"":""tech_major_and_role""},""original"":{""部门代码"":""137131"",""部门名称"":""国家统计局新疆调查总队"",""用人司局"":""国家统计局新疆调查总队"",""机构性质"":""中央国家行政机关参照公务员法管理事业单位"",""招考职位"":""哈密调查队业务科室一级科员"",""职位属性"":""普通职位"",""职位分布"":""西部地区和艰苦边远地区职位"",""职位简介"":""从事统计调查、数据处理、统计分析、统计研究等工作。"",""职位代码"":""400110131013"",""机构层级"":""市（地）级"",""考试类别"":""市（地）级及以下直属机构综合管理类"",""招考人数"":""1"",""专业"":""统计学类、数学类、经济学类、计算机类、工商管理类"",""学历"":""仅限本科"",""学位"":""学士"",""政治面貌"":""不限"",""基层工作最低年限"":""无限制"",""服务基层项目工作经历"":""无限制"",""是否在面试阶段组织专业能力测试"":""否"",""面试人员比例"":""3:1"",""工作地点"":""新疆维吾尔自治区哈密市伊州区"",""落户地点"":""新疆维吾尔自治区哈密市伊州区"",""备注"":""1.须以最高学历学位主修专业报考，各学习阶段均获得相应学历学位；2.本单位最低服务年限为5年（含试用期）。"",""部门网站"":""www.xjso.gov.cn"",""咨询电话1"":""0991-2691712"",""咨询电话2"":""0991-2628045"",""咨询电话3"":"""",""来源Sheet"":""中央国家行政机关参照公务员法管理事业单位""}}"
"government_jobs","国家公务员2026招考简章","公务员/事业单位技术岗位","新疆维吾尔自治区博尔塔拉蒙古自治州温泉县","2026-07-28T09:12:58.310295+00:00","温泉调查队一级科员（2）","国家统计局新疆调查总队","","新疆维吾尔自治区博尔塔拉蒙古自治州温泉县","公务员/事业单位;2026;computer_software;data_ai;仅限本科;学士;统计学类、数学类、计算机类;市（地）级及以下直属机构综合管理类","用人司局：国家统计局新疆调查总队
职位简介：从事一线入户调查、数据处理、统计分析、统计研究等工作。
专业要求：统计学类、数学类、计算机类
学历要求：仅限本科
学位要求：学士
政治面貌：不限
基层工作经历：无限制
考试类别：市（地）级及以下直属机构综合管理类
备注：1.须以最高学历学位主修专业报考，各学习阶段均获得相应学历学位；2.本单位最低服务年限为5年（含试用期）。","http://bm.scs.gov.cn/kl2026#137131-400110131015","2025-10-14","{""dataset_year"":2026,""job_uid"":""GOV-2026-137131-400110131015"",""publisher"":""国家公务员局"",""publication_page"":""http://bm.scs.gov.cn/kl2026"",""attachment_url"":""local://2026_guokao_zhaokaojianzhang.zip"",""local_source_file"":""中央机关及其直属机构2026年度考试录用公务员招考简章.xls"",""local_source_sha256"":""2670bae1df1dd07a3a3c79b9db46a11e3bb15a6c9c249e6af98bfd0b61ce3aaf"",""source_sheet"":""中央国家行政机关参照公务员法管理事业单位"",""filter_version"":""government_tech_v2"",""tech_filter"":{""is_tech"":true,""is_core_tech"":true,""scope"":""core"",""categories"":[""computer_software"",""data_ai""],""matched_fields"":[""major"",""description""],""major_terms"":[""计算机类""],""role_terms"":[""数据处理""],""reason"":""tech_major_and_role""},""original"":{""部门代码"":""137131"",""部门名称"":""国家统计局新疆调查总队"",""用人司局"":""国家统计局新疆调查总队"",""机构性质"":""中央国家行政机关参照公务员法管理事业单位"",""招考职位"":""温泉调查队一级科员（2）"",""职位属性"":""普通职位"",""职位分布"":""西部地区和艰苦边远地区职位"",""职位简介"":""从事一线入户调查、数据处理、统计分析、统计研究等工作。"",""职位代码"":""400110131015"",""机构层级"":""县（区）级及以下"",""考试类别"":""市（地）级及以下直属机构综合管理类"",""招考人数"":""1"",""专业"":""统计学类、数学类、计算机类"",""学历"":""仅限本科"",""学位"":""学士"",""政治面貌"":""不限"",""基层工作最低年限"":""无限制"",""服务基层项目工作经历"":""无限制"",""是否在面试阶段组织专业能力测试"":""否"",""面试人员比例"":""3:1"",""工作地点"":""新疆维吾尔自治区博尔塔拉蒙古自治州温泉县"",""落户地点"":""新疆维吾尔自治区博尔塔拉蒙古自治州温泉县"",""备注"":""1.须以最高学历学位主修专业报考，各学习阶段均获得相应学历学位；2.本单位最低服务年限为5年（含试用期）。"",""部门网站"":""www.xjso.gov.cn"",""咨询电话1"":""0991-2691712"",""咨询电话2"":""0991-2628045"",""咨询电话3"":"""",""来源Sheet"":""中央国家行政机关参照公务员法管理事业单位""}}"
"government_jobs","国家公务员2026招考简章","公务员/事业单位技术岗位","新疆维吾尔自治区昌吉回族自治州奇台县","2026-07-28T09:12:58.310295+00:00","奇台调查队一级科员（1）","国家统计局新疆调查总队","","新疆维吾尔自治区昌吉回族自治州奇台县","公务员/事业单位;2026;computer_software;data_ai;仅限本科;学士;数学类、计算机类;市（地）级及以下直属机构综合管理类","用人司局：国家统计局新疆调查总队
职位简介：从事一线入户调查、数据处理、统计分析、统计研究等工作。
专业要求：数学类、计算机类
学历要求：仅限本科
学位要求：学士
政治面貌：不限
基层工作经历：无限制
考试类别：市（地）级及以下直属机构综合管理类
备注：1.限应届高校毕业生；2.须以最高学历学位主修专业报考，各学习阶段均获得相应学历学位；3.本单位最低服务年限为5年（含试用期）；4.限昌吉回族自治州户籍或生源。","http://bm.scs.gov.cn/kl2026#137131-400110131017","2025-10-14","{""dataset_year"":2026,""job_uid"":""GOV-2026-137131-400110131017"",""publisher"":""国家公务员局"",""publication_page"":""http://bm.scs.gov.cn/kl2026"",""attachment_url"":""local://2026_guokao_zhaokaojianzhang.zip"",""local_source_file"":""中央机关及其直属机构2026年度考试录用公务员招考简章.xls"",""local_source_sha256"":""2670bae1df1dd07a3a3c79b9db46a11e3bb15a6c9c249e6af98bfd0b61ce3aaf"",""source_sheet"":""中央国家行政机关参照公务员法管理事业单位"",""filter_version"":""government_tech_v2"",""tech_filter"":{""is_tech"":true,""is_core_tech"":true,""scope"":""core"",""categories"":[""computer_software"",""data_ai""],""matched_fields"":[""major"",""description""],""major_terms"":[""计算机类""],""role_terms"":[""数据处理""],""reason"":""tech_major_and_role""},""original"":{""部门代码"":""137131"",""部门名称"":""国家统计局新疆调查总队"",""用人司局"":""国家统计局新疆调查总队"",""机构性质"":""中央国家行政机关参照公务员法管理事业单位"",""招考职位"":""奇台调查队一级科员（1）"",""职位属性"":""普通职位"",""职位分布"":""西部地区和艰苦边远地区职位"",""职位简介"":""从事一线入户调查、数据处理、统计分析、统计研究等工作。"",""职位代码"":""400110131017"",""机构层级"":""县（区）级及以下"",""考试类别"":""市（地）级及以下直属机构综合管理类"",""招考人数"":""1"",""专业"":""数学类、计算机类"",""学历"":""仅限本科"",""学位"":""学士"",""政治面貌"":""不限"",""基层工作最低年限"":""无限制"",""服务基层项目工作经历"":""无限制"",""是否在面试阶段组织专业能力测试"":""否"",""面试人员比例"":""3:1"",""工作地点"":""新疆维吾尔自治区昌吉回族自治州奇台县"",""落户地点"":""新疆维吾尔自治区昌吉回族自治州奇台县"",""备注"":""1.限应届高校毕业生；2.须以最高学历学位主修专业报考，各学习阶段均获得相应学历学位；3.本单位最低服务年限为5年（含试用期）；4.限昌吉回族自治州户籍或生源。"",""部门网站"":""www.xjso.gov.cn"",""咨询电话1"":""0991-2691712"",""咨询电话2"":""0991-2628045"",""咨询电话3"":"""",""来源Sheet"":""中央国家行政机关参照公务员法管理事业单位""}}"
"government_jobs","国家公务员2026招考简章","公务员/事业单位技术岗位","新疆维吾尔自治区昌吉回族自治州奇台县","2026-07-28T09:12:58.310295+00:00","奇台调查队一级科员（2）","国家统计局新疆调查总队","","新疆维吾尔自治区昌吉回族自治州奇台县","公务员/事业单位;2026;computer_software;data_ai;仅限本科;学士;数学类、计算机类;市（地）级及以下直属机构综合管理类","用人司局：国家统计局新疆调查总队
职位简介：从事一线入户调查、数据处理、统计分析、统计研究等工作。
专业要求：数学类、计算机类
学历要求：仅限本科
学位要求：学士
政治面貌：中共党员
基层工作经历：无限制
考试类别：市（地）级及以下直属机构综合管理类
备注：1.限应届高校毕业生；2.须以最高学历学位主修专业报考，各学习阶段均获得相应学历学位；3.本单位最低服务年限为5年（含试用期）。","http://bm.scs.gov.cn/kl2026#137131-400110131018","2025-10-14","{""dataset_year"":2026,""job_uid"":""GOV-2026-137131-400110131018"",""publisher"":""国家公务员局"",""publication_page"":""http://bm.scs.gov.cn/kl2026"",""attachment_url"":""local://2026_guokao_zhaokaojianzhang.zip"",""local_source_file"":""中央机关及其直属机构2026年度考试录用公务员招考简章.xls"",""local_source_sha256"":""2670bae1df1dd07a3a3c79b9db46a11e3bb15a6c9c249e6af98bfd0b61ce3aaf"",""source_sheet"":""中央国家行政机关参照公务员法管理事业单位"",""filter_version"":""government_tech_v2"",""tech_filter"":{""is_tech"":true,""is_core_tech"":true,""scope"":""core"",""categories"":[""computer_software"",""data_ai""],""matched_fields"":[""major"",""description""],""major_terms"":[""计算机类""],""role_terms"":[""数据处理""],""reason"":""tech_major_and_role""},""original"":{""部门代码"":""137131"",""部门名称"":""国家统计局新疆调查总队"",""用人司局"":""国家统计局新疆调查总队"",""机构性质"":""中央国家行政机关参照公务员法管理事业单位"",""招考职位"":""奇台调查队一级科员（2）"",""职位属性"":""普通职位"",""职位分布"":""西部地区和艰苦边远地区职位"",""职位简介"":""从事一线入户调查、数据处理、统计分析、统计研究等工作。"",""职位代码"":""400110131018"",""机构层级"":""县（区）级及以下"",""考试类别"":""市（地）级及以下直属机构综合管理类"",""招考人数"":""1"",""专业"":""数学类、计算机类"",""学历"":""仅限本科"",""学位"":""学士"",""政治面貌"":""中共党员"",""基层工作最低年限"":""无限制"",""服务基层项目工作经历"":""无限制"",""是否在面试阶段组织专业能力测试"":""否"",""面试人员比例"":""3:1"",""工作地点"":""新疆维吾尔自治区昌吉回族自治州奇台县"",""落户地点"":""新疆维吾尔自治区昌吉回族自治州奇台县"",""备注"":""1.限应届高校毕业生；2.须以最高学历学位主修专业报考，各学习阶段均获得相应学历学位；3.本单位最低服务年限为5年（含试用期）。"",""部门网站"":""www.xjso.gov.cn"",""咨询电话1"":""0991-2691712"",""咨询电话2"":""0991-2628045"",""咨询电话3"":"""",""来源Sheet"":""中央国家行政机关参照公务员法管理事业单位""}}"
"government_jobs","国家公务员2026招考简章","公务员/事业单位技术岗位","新疆维吾尔自治区哈密市巴里坤哈萨克自治县","2026-07-28T09:12:58.310295+00:00","巴里坤调查队一级科员","国家统计局新疆调查总队","","新疆维吾尔自治区哈密市巴里坤哈萨克自治县","公务员/事业单位;2026;computer_software;data_ai;仅限本科;学士;统计学类、数学类、计算机类、管理科学与工程类;市（地）级及以下直属机构综合管理类","用人司局：国家统计局新疆调查总队
职位简介：从事一线入户调查、数据处理、统计分析、统计研究等工作。
专业要求：统计学类、数学类、计算机类、管理科学与工程类
学历要求：仅限本科
学位要求：学士
政治面貌：不限
基层工作经历：无限制
考试类别：市（地）级及以下直属机构综合管理类
备注：1.须以最高学历学位主修专业报考，各学习阶段均获得相应学历学位；2.本单位最低服务年限为5年（含试用期）；3.限哈密市户籍或生源。","http://bm.scs.gov.cn/kl2026#137131-400110131020","2025-10-14","{""dataset_year"":2026,""job_uid"":""GOV-2026-137131-400110131020"",""publisher"":""国家公务员局"",""publication_page"":""http://bm.scs.gov.cn/kl2026"",""attachment_url"":""local://2026_guokao_zhaokaojianzhang.zip"",""local_source_file"":""中央机关及其直属机构2026年度考试录用公务员招考简章.xls"",""local_source_sha256"":""2670bae1df1dd07a3a3c79b9db46a11e3bb15a6c9c249e6af98bfd0b61ce3aaf"",""source_sheet"":""中央国家行政机关参照公务员法管理事业单位"",""filter_version"":""government_tech_v2"",""tech_filter"":{""is_tech"":true,""is_core_tech"":true,""scope"":""core"",""categories"":[""computer_software"",""data_ai""],""matched_fields"":[""major"",""description""],""major_terms"":[""计算机类""],""role_terms"":[""数据处理""],""reason"":""tech_major_and_role""},""original"":{""部门代码"":""137131"",""部门名称"":""国家统计局新疆调查总队"",""用人司局"":""国家统计局新疆调查总队"",""机构性质"":""中央国家行政机关参照公务员法管理事业单位"",""招考职位"":""巴里坤调查队一级科员"",""职位属性"":""普通职位"",""职位分布"":""西部地区和艰苦边远地区职位"",""职位简介"":""从事一线入户调查、数据处理、统计分析、统计研究等工作。"",""职位代码"":""400110131020"",""机构层级"":""县（区）级及以下"",""考试类别"":""市（地）级及以下直属机构综合管理类"",""招考人数"":""1"",""专业"":""统计学类、数学类、计算机类、管理科学与工程类"",""学历"":""仅限本科"",""学位"":""学士"",""政治面貌"":""不限"",""基层工作最低年限"":""无限制"",""服务基层项目工作经历"":""无限制"",""是否在面试阶段组织专业能力测试"":""否"",""面试人员比例"":""3:1"",""工作地点"":""新疆维吾尔自治区哈密市巴里坤哈萨克自治县"",""落户地点"":""新疆维吾尔自治区哈密市巴里坤哈萨克自治县"",""备注"":""1.须以最高学历学位主修专业报考，各学习阶段均获得相应学历学位；2.本单位最低服务年限为5年（含试用期）；3.限哈密市户籍或生源。"",""部门网站"":""www.xjso.gov.cn"",""咨询电话1"":""0991-2691712"",""咨询电话2"":""0991-2628045"",""咨询电话3"":"""",""来源Sheet"":""中央国家行政机关参照公务员法管理事业单位""}}"
"government_jobs","国家公务员2026招考简章","公务员/事业单位技术岗位","新疆维吾尔自治区和田地区墨玉县","2026-07-28T09:12:58.310295+00:00","墨玉调查队一级科员","国家统计局新疆调查总队","","新疆维吾尔自治区和田地区墨玉县","公务员/事业单位;2026;computer_software;data_ai;仅限本科;学士;经济学类、数学类、统计学类、计算机类;市（地）级及以下直属机构综合管理类","用人司局：国家统计局新疆调查总队
职位简介：从事一线入户调查、数据处理、统计分析、统计研究等工作。
专业要求：经济学类、数学类、统计学类、计算机类
学历要求：仅限本科
学位要求：学士
政治面貌：不限
基层工作经历：无限制
考试类别：市（地）级及以下直属机构综合管理类
备注：1.须以最高学历学位主修专业报考，各学习阶段均获得相应学历学位；2.本单位最低服务年限为5年（含试用期）。","http://bm.scs.gov.cn/kl2026#137131-400110131021","2025-10-14","{""dataset_year"":2026,""job_uid"":""GOV-2026-137131-400110131021"",""publisher"":""国家公务员局"",""publication_page"":""http://bm.scs.gov.cn/kl2026"",""attachment_url"":""local://2026_guokao_zhaokaojianzhang.zip"",""local_source_file"":""中央机关及其直属机构2026年度考试录用公务员招考简章.xls"",""local_source_sha256"":""2670bae1df1dd07a3a3c79b9db46a11e3bb15a6c9c249e6af98bfd0b61ce3aaf"",""source_sheet"":""中央国家行政机关参照公务员法管理事业单位"",""filter_version"":""government_tech_v2"",""tech_filter"":{""is_tech"":true,""is_core_tech"":true,""scope"":""core"",""categories"":[""computer_software"",""data_ai""],""matched_fields"":[""major"",""description""],""major_terms"":[""计算机类""],""role_terms"":[""数据处理""],""reason"":""tech_major_and_role""},""original"":{""部门代码"":""137131"",""部门名称"":""国家统计局新疆调查总队"",""用人司局"":""国家统计局新疆调查总队"",""机构性质"":""中央国家行政机关参照公务员法管理事业单位"",""招考职位"":""墨玉调查队一级科员"",""职位属性"":""普通职位"",""职位分布"":""西部地区和艰苦边远地区职位"",""职位简介"":""从事一线入户调查、数据处理、统计分析、统计研究等工作。"",""职位代码"":""400110131021"",""机构层级"":""县（区）级及以下"",""考试类别"":""市（地）级及以下直属机构综合管理类"",""招考人数"":""1"",""专业"":""经济学类、数学类、统计学类、计算机类"",""学历"":""仅限本科"",""学位"":""学士"",""政治面貌"":""不限"",""基层工作最低年限"":""无限制"",""服务基层项目工作经历"":""无限制"",""是否在面试阶段组织专业能力测试"":""否"",""面试人员比例"":""3:1"",""工作地点"":""新疆维吾尔自治区和田地区墨玉县"",""落户地点"":""新疆维吾尔自治区和田地区墨玉县"",""备注"":""1.须以最高学历学位主修专业报考，各学习阶段均获得相应学历学位；2.本单位最低服务年限为5年（含试用期）。"",""部门网站"":""www.xjso.gov.cn"",""咨询电话1"":""0991-2691712"",""咨询电话2"":""0991-2628045"",""咨询电话3"":"""",""来源Sheet"":""中央国家行政机关参照公务员法管理事业单位""}}"
"government_jobs","国家公务员2026招考简章","公务员/事业单位技术岗位","新疆维吾尔自治区吐鲁番市鄯善县","2026-07-28T09:12:58.310295+00:00","鄯善调查队一级科员","国家统计局新疆调查总队","","新疆维吾尔自治区吐鲁番市鄯善县","公务员/事业单位;2026;computer_software;data_ai;仅限本科;学士;统计学类、经济学类、数学类、计算机类;市（地）级及以下直属机构综合管理类","用人司局：国家统计局新疆调查总队
职位简介：从事一线入户调查、数据处理、统计分析、统计研究等工作。
专业要求：统计学类、经济学类、数学类、计算机类
学历要求：仅限本科
学位要求：学士
政治面貌：不限
基层工作经历：二年
考试类别：市（地）级及以下直属机构综合管理类
备注：1.须以最高学历学位主修专业报考，各学习阶段均获得相应学历学位；2.本单位最低服务年限为5年（含试用期）；3.定向招录服务期满、考核合格的服务基层项目人员和在军队服役5年（含）以上的高校毕业生退役士兵。","http://bm.scs.gov.cn/kl2026#137131-400110131023","2025-10-14","{""dataset_year"":2026,""job_uid"":""GOV-2026-137131-400110131023"",""publisher"":""国家公务员局"",""publication_page"":""http://bm.scs.gov.cn/kl2026"",""attachment_url"":""local://2026_guokao_zhaokaojianzhang.zip"",""local_source_file"":""中央机关及其直属机构2026年度考试录用公务员招考简章.xls"",""local_source_sha256"":""2670bae1df1dd07a3a3c79b9db46a11e3bb15a6c9c249e6af98bfd0b61ce3aaf"",""source_sheet"":""中央国家行政机关参照公务员法管理事业单位"",""filter_version"":""government_tech_v2"",""tech_filter"":{""is_tech"":true,""is_core_tech"":true,""scope"":""core"",""categories"":[""computer_software"",""data_ai""],""matched_fields"":[""major"",""description""],""major_terms"":[""计算机类""],""role_terms"":[""数据处理""],""reason"":""tech_major_and_role""},""original"":{""部门代码"":""137131"",""部门名称"":""国家统计局新疆调查总队"",""用人司局"":""国家统计局新疆调查总队"",""机构性质"":""中央国家行政机关参照公务员法管理事业单位"",""招考职位"":""鄯善调查队一级科员"",""职位属性"":""普通职位"",""职位分布"":""西部地区和艰苦边远地区职位"",""职位简介"":""从事一线入户调查、数据处理、统计分析、统计研究等工作。"",""职位代码"":""400110131023"",""机构层级"":""县（区）级及以下"",""考试类别"":""市（地）级及以下直属机构综合管理类"",""招考人数"":""1"",""专业"":""统计学类、经济学类、数学类、计算机类"",""学历"":""仅限本科"",""学位"":""学士"",""政治面貌"":""不限"",""基层工作最低年限"":""二年"",""服务基层项目工作经历"":""大学生村官、农村义务教育阶段学校教师特设岗位计划、“三支一扶”计划、大学生志愿服务西部计划、在军队服役5年（含）以上的高校毕业生退役士兵"",""是否在面试阶段组织专业能力测试"":""否"",""面试人员比例"":""3:1"",""工作地点"":""新疆维吾尔自治区吐鲁番市鄯善县"",""落户地点"":""新疆维吾尔自治区吐鲁番市鄯善县"",""备注"":""1.须以最高学历学位主修专业报考，各学习阶段均获得相应学历学位；2.本单位最低服务年限为5年（含试用期）；3.定向招录服务期满、考核合格的服务基层项目人员和在军队服役5年（含）以上的高校毕业生退役士兵。"",""部门网站"":""www.xjso.gov.cn"",""咨询电话1"":""0991-2691712"",""咨询电话2"":""0991-2628045"",""咨询电话3"":"""",""来源Sheet"":""中央国家行政机关参照公务员法管理事业单位""}}"
"government_jobs","国家公务员2026招考简章","公务员/事业单位技术岗位","新疆维吾尔自治区塔城地区额敏县","2026-07-28T09:12:58.310295+00:00","额敏调查队一级科员（1）","国家统计局新疆调查总队","","新疆维吾尔自治区塔城地区额敏县","公务员/事业单位;2026;computer_software;data_ai;仅限本科;学士;经济学类、数学类、统计学类、计算机类、农业经济管理类;市（地）级及以下直属机构综合管理类","用人司局：国家统计局新疆调查总队
职位简介：从事一线入户调查、数据处理、统计分析、统计研究等工作。
专业要求：经济学类、数学类、统计学类、计算机类、农业经济管理类
学历要求：仅限本科
学位要求：学士
政治面貌：不限
基层工作经历：二年
考试类别：市（地）级及以下直属机构综合管理类
备注：1.须以最高学历学位主修专业报考，各学习阶段均获得相应学历学位；2.本单位最低服务年限为5年（含试用期）；3.定向招录服务期满、考核合格的服务基层项目人员和在军队服役5年（含）以上的高校毕业生退役士兵。","http://bm.scs.gov.cn/kl2026#137131-400110131024","2025-10-14","{""dataset_year"":2026,""job_uid"":""GOV-2026-137131-400110131024"",""publisher"":""国家公务员局"",""publication_page"":""http://bm.scs.gov.cn/kl2026"",""attachment_url"":""local://2026_guokao_zhaokaojianzhang.zip"",""local_source_file"":""中央机关及其直属机构2026年度考试录用公务员招考简章.xls"",""local_source_sha256"":""2670bae1df1dd07a3a3c79b9db46a11e3bb15a6c9c249e6af98bfd0b61ce3aaf"",""source_sheet"":""中央国家行政机关参照公务员法管理事业单位"",""filter_version"":""government_tech_v2"",""tech_filter"":{""is_tech"":true,""is_core_tech"":true,""scope"":""core"",""categories"":[""computer_software"",""data_ai""],""matched_fields"":[""major"",""description""],""major_terms"":[""计算机类""],""role_terms"":[""数据处理""],""reason"":""tech_major_and_role""},""original"":{""部门代码"":""137131"",""部门名称"":""国家统计局新疆调查总队"",""用人司局"":""国家统计局新疆调查总队"",""机构性质"":""中央国家行政机关参照公务员法管理事业单位"",""招考职位"":""额敏调查队一级科员（1）"",""职位属性"":""普通职位"",""职位分布"":""西部地区和艰苦边远地区职位"",""职位简介"":""从事一线入户调查、数据处理、统计分析、统计研究等工作。"",""职位代码"":""400110131024"",""机构层级"":""县（区）级及以下"",""考试类别"":""市（地）级及以下直属机构综合管理类"",""招考人数"":""1"",""专业"":""经济学类、数学类、统计学类、计算机类、农业经济管理类"",""学历"":""仅限本科"",""学位"":""学士"",""政治面貌"":""不限"",""基层工作最低年限"":""二年"",""服务基层项目工作经历"":""大学生村官、农村义务教育阶段学校教师特设岗位计划、“三支一扶”计划、大学生志愿服务西部计划、在军队服役5年（含）以上的高校毕业生退役士兵"",""是否在面试阶段组织专业能力测试"":""否"",""面试人员比例"":""3:1"",""工作地点"":""新疆维吾尔自治区塔城地区额敏县"",""落户地点"":""新疆维吾尔自治区塔城地区额敏县"",""备注"":""1.须以最高学历学位主修专业报考，各学习阶段均获得相应学历学位；2.本单位最低服务年限为5年（含试用期）；3.定向招录服务期满、考核合格的服务基层项目人员和在军队服役5年（含）以上的高校毕业生退役士兵。"",""部门网站"":""www.xjso.gov.cn"",""咨询电话1"":""0991-2691712"",""咨询电话2"":""0991-2628045"",""咨询电话3"":"""",""来源Sheet"":""中央国家行政机关参照公务员法管理事业单位""}}"
"government_jobs","国家公务员2026招考简章","公务员/事业单位技术岗位","新疆维吾尔自治区塔城地区额敏县","2026-07-28T09:12:58.310295+00:00","额敏调查队一级科员（2）","国家统计局新疆调查总队","","新疆维吾尔自治区塔城地区额敏县","公务员/事业单位;2026;computer_software;data_ai;仅限本科;学士;经济学类、数学类、统计学类、计算机类、农业经济管理类;市（地）级及以下直属机构综合管理类","用人司局：国家统计局新疆调查总队
职位简介：从事一线入户调查、数据处理、统计分析、统计研究等工作。
专业要求：经济学类、数学类、统计学类、计算机类、农业经济管理类
学历要求：仅限本科
学位要求：学士
政治面貌：不限
基层工作经历：无限制
考试类别：市（地）级及以下直属机构综合管理类
备注：1.须以最高学历学位主修专业报考，各学习阶段均获得相应学历学位；2.本单位最低服务年限为5年（含试用期）；3.限塔城地区户籍或生源。","http://bm.scs.gov.cn/kl2026#137131-400110131025","2025-10-14","{""dataset_year"":2026,""job_uid"":""GOV-2026-137131-400110131025"",""publisher"":""国家公务员局"",""publication_page"":""http://bm.scs.gov.cn/kl2026"",""attachment_url"":""local://2026_guokao_zhaokaojianzhang.zip"",""local_source_file"":""中央机关及其直属机构2026年度考试录用公务员招考简章.xls"",""local_source_sha256"":""2670bae1df1dd07a3a3c79b9db46a11e3bb15a6c9c249e6af98bfd0b61ce3aaf"",""source_sheet"":""中央国家行政机关参照公务员法管理事业单位"",""filter_version"":""government_tech_v2"",""tech_filter"":{""is_tech"":true,""is_core_tech"":true,""scope"":""core"",""categories"":[""computer_software"",""data_ai""],""matched_fields"":[""major"",""description""],""major_terms"":[""计算机类""],""role_terms"":[""数据处理""],""reason"":""tech_major_and_role""},""original"":{""部门代码"":""137131"",""部门名称"":""国家统计局新疆调查总队"",""用人司局"":""国家统计局新疆调查总队"",""机构性质"":""中央国家行政机关参照公务员法管理事业单位"",""招考职位"":""额敏调查队一级科员（2）"",""职位属性"":""普通职位"",""职位分布"":""西部地区和艰苦边远地区职位"",""职位简介"":""从事一线入户调查、数据处理、统计分析、统计研究等工作。"",""职位代码"":""400110131025"",""机构层级"":""县（区）级及以下"",""考试类别"":""市（地）级及以下直属机构综合管理类"",""招考人数"":""1"",""专业"":""经济学类、数学类、统计学类、计算机类、农业经济管理类"",""学历"":""仅限本科"",""学位"":""学士"",""政治面貌"":""不限"",""基层工作最低年限"":""无限制"",""服务基层项目工作经历"":""无限制"",""是否在面试阶段组织专业能力测试"":""否"",""面试人员比例"":""3:1"",""工作地点"":""新疆维吾尔自治区塔城地区额敏县"",""落户地点"":""新疆维吾尔自治区塔城地区额敏县"",""备注"":""1.须以最高学历学位主修专业报考，各学习阶段均获得相应学历学位；2.本单位最低服务年限为5年（含试用期）；3.限塔城地区户籍或生源。"",""部门网站"":""www.xjso.gov.cn"",""咨询电话1"":""0991-2691712"",""咨询电话2"":""0991-2628045"",""咨询电话3"":"""",""来源Sheet"":""中央国家行政机关参照公务员法管理事业单位""}}"
"government_jobs","国家公务员2026招考简章","公务员/事业单位技术岗位","新疆维吾尔自治区塔城地区乌苏市","2026-07-28T09:12:58.310295+00:00","乌苏调查队一级科员（1）","国家统计局新疆调查总队","","新疆维吾尔自治区塔城地区乌苏市","公务员/事业单位;2026;computer_software;data_ai;仅限本科;学士;经济学类、统计学类、计算机类、数学类;市（地）级及以下直属机构综合管理类","用人司局：国家统计局新疆调查总队
职位简介：从事一线入户调查、数据处理、统计分析、统计研究等工作。
专业要求：经济学类、统计学类、计算机类、数学类
学历要求：仅限本科
学位要求：学士
政治面貌：不限
基层工作经历：无限制
考试类别：市（地）级及以下直属机构综合管理类
备注：1.限应届高校毕业生；2.须以最高学历学位主修专业报考，各学习阶段均获得相应学历学位；3.本单位最低服务年限为5年（含试用期）；4.限塔城地区户籍或生源；5.限男性报考。","http://bm.scs.gov.cn/kl2026#137131-400110131026","2025-10-14","{""dataset_year"":2026,""job_uid"":""GOV-2026-137131-400110131026"",""publisher"":""国家公务员局"",""publication_page"":""http://bm.scs.gov.cn/kl2026"",""attachment_url"":""local://2026_guokao_zhaokaojianzhang.zip"",""local_source_file"":""中央机关及其直属机构2026年度考试录用公务员招考简章.xls"",""local_source_sha256"":""2670bae1df1dd07a3a3c79b9db46a11e3bb15a6c9c249e6af98bfd0b61ce3aaf"",""source_sheet"":""中央国家行政机关参照公务员法管理事业单位"",""filter_version"":""government_tech_v2"",""tech_filter"":{""is_tech"":true,""is_core_tech"":true,""scope"":""core"",""categories"":[""computer_software"",""data_ai""],""matched_fields"":[""major"",""description""],""major_terms"":[""计算机类""],""role_terms"":[""数据处理""],""reason"":""tech_major_and_role""},""original"":{""部门代码"":""137131"",""部门名称"":""国家统计局新疆调查总队"",""用人司局"":""国家统计局新疆调查总队"",""机构性质"":""中央国家行政机关参照公务员法管理事业单位"",""招考职位"":""乌苏调查队一级科员（1）"",""职位属性"":""普通职位"",""职位分布"":""西部地区和艰苦边远地区职位"",""职位简介"":""从事一线入户调查、数据处理、统计分析、统计研究等工作。"",""职位代码"":""400110131026"",""机构层级"":""县（区）级及以下"",""考试类别"":""市（地）级及以下直属机构综合管理类"",""招考人数"":""1"",""专业"":""经济学类、统计学类、计算机类、数学类"",""学历"":""仅限本科"",""学位"":""学士"",""政治面貌"":""不限"",""基层工作最低年限"":""无限制"",""服务基层项目工作经历"":""无限制"",""是否在面试阶段组织专业能力测试"":""否"",""面试人员比例"":""3:1"",""工作地点"":""新疆维吾尔自治区塔城地区乌苏市"",""落户地点"":""新疆维吾尔自治区塔城地区乌苏市"",""备注"":""1.限应届高校毕业生；2.须以最高学历学位主修专业报考，各学习阶段均获得相应学历学位；3.本单位最低服务年限为5年（含试用期）；4.限塔城地区户籍或生源；5.限男性报考。"",""部门网站"":""www.xjso.gov.cn"",""咨询电话1"":""0991-2691712"",""咨询电话2"":""0991-2628045"",""咨询电话3"":"""",""来源Sheet"":""中央国家行政机关参照公务员法管理事业单位""}}"
"government_jobs","国家公务员2026招考简章","公务员/事业单位技术岗位","新疆维吾尔自治区塔城地区乌苏市","2026-07-28T09:12:58.310295+00:00","乌苏调查队一级科员（2）","国家统计局新疆调查总队","","新疆维吾尔自治区塔城地区乌苏市","公务员/事业单位;2026;computer_software;data_ai;仅限本科;学士;经济学类、统计学类、计算机类、数学类;市（地）级及以下直属机构综合管理类","用人司局：国家统计局新疆调查总队
职位简介：从事一线入户调查、数据处理、统计分析、统计研究等工作。
专业要求：经济学类、统计学类、计算机类、数学类
学历要求：仅限本科
学位要求：学士
政治面貌：不限
基层工作经历：无限制
考试类别：市（地）级及以下直属机构综合管理类
备注：1.限应届高校毕业生；2.须以最高学历学位主修专业报考，各学习阶段均获得相应学历学位；3.本单位最低服务年限为5年（含试用期）；4.限塔城地区户籍或生源；5.限女性报考。","http://bm.scs.gov.cn/kl2026#137131-400110131027","2025-10-14","{""dataset_year"":2026,""job_uid"":""GOV-2026-137131-400110131027"",""publisher"":""国家公务员局"",""publication_page"":""http://bm.scs.gov.cn/kl2026"",""attachment_url"":""local://2026_guokao_zhaokaojianzhang.zip"",""local_source_file"":""中央机关及其直属机构2026年度考试录用公务员招考简章.xls"",""local_source_sha256"":""2670bae1df1dd07a3a3c79b9db46a11e3bb15a6c9c249e6af98bfd0b61ce3aaf"",""source_sheet"":""中央国家行政机关参照公务员法管理事业单位"",""filter_version"":""government_tech_v2"",""tech_filter"":{""is_tech"":true,""is_core_tech"":true,""scope"":""core"",""categories"":[""computer_software"",""data_ai""],""matched_fields"":[""major"",""description""],""major_terms"":[""计算机类""],""role_terms"":[""数据处理""],""reason"":""tech_major_and_role""},""original"":{""部门代码"":""137131"",""部门名称"":""国家统计局新疆调查总队"",""用人司局"":""国家统计局新疆调查总队"",""机构性质"":""中央国家行政机关参照公务员法管理事业单位"",""招考职位"":""乌苏调查队一级科员（2）"",""职位属性"":""普通职位"",""职位分布"":""西部地区和艰苦边远地区职位"",""职位简介"":""从事一线入户调查、数据处理、统计分析、统计研究等工作。"",""职位代码"":""400110131027"",""机构层级"":""县（区）级及以下"",""考试类别"":""市（地）级及以下直属机构综合管理类"",""招考人数"":""1"",""专业"":""经济学类、统计学类、计算机类、数学类"",""学历"":""仅限本科"",""学位"":""学士"",""政治面貌"":""不限"",""基层工作最低年限"":""无限制"",""服务基层项目工作经历"":""无限制"",""是否在面试阶段组织专业能力测试"":""否"",""面试人员比例"":""3:1"",""工作地点"":""新疆维吾尔自治区塔城地区乌苏市"",""落户地点"":""新疆维吾尔自治区塔城地区乌苏市"",""备注"":""1.限应届高校毕业生；2.须以最高学历学位主修专业报考，各学习阶段均获得相应学历学位；3.本单位最低服务年限为5年（含试用期）；4.限塔城地区户籍或生源；5.限女性报考。"",""部门网站"":""www.xjso.gov.cn"",""咨询电话1"":""0991-2691712"",""咨询电话2"":""0991-2628045"",""咨询电话3"":"""",""来源Sheet"":""中央国家行政机关参照公务员法管理事业单位""}}"
"government_jobs","国家公务员2026招考简章","公务员/事业单位技术岗位","新疆维吾尔自治区伊犁哈萨克自治州霍城县","2026-07-28T09:12:58.310295+00:00","霍城调查队一级科员（2）","国家统计局新疆调查总队","","新疆维吾尔自治区伊犁哈萨克自治州霍城县","公务员/事业单位;2026;computer_software;data_ai;仅限本科;学士;计算机类、中国语言文学类;市（地）级及以下直属机构综合管理类","用人司局：国家统计局新疆调查总队
职位简介：从事一线入户调查、数据处理、统计分析、统计研究等工作。
专业要求：计算机类、中国语言文学类
学历要求：仅限本科
学位要求：学士
政治面貌：不限
基层工作经历：无限制
考试类别：市（地）级及以下直属机构综合管理类
备注：1.须以最高学历学位主修专业报考，各学习阶段均获得相应学历学位；2.本单位最低服务年限为5年（含试用期）；3.限伊犁哈萨克自治州户籍或生源。","http://bm.scs.gov.cn/kl2026#137131-400110131029","2025-10-14","{""dataset_year"":2026,""job_uid"":""GOV-2026-137131-400110131029"",""publisher"":""国家公务员局"",""publication_page"":""http://bm.scs.gov.cn/kl2026"",""attachment_url"":""local://2026_guokao_zhaokaojianzhang.zip"",""local_source_file"":""中央机关及其直属机构2026年度考试录用公务员招考简章.xls"",""local_source_sha256"":""2670bae1df1dd07a3a3c79b9db46a11e3bb15a6c9c249e6af98bfd0b61ce3aaf"",""source_sheet"":""中央国家行政机关参照公务员法管理事业单位"",""filter_version"":""government_tech_v2"",""tech_filter"":{""is_tech"":true,""is_core_tech"":true,""scope"":""core"",""categories"":[""computer_software"",""data_ai""],""matched_fields"":[""major"",""description""],""major_terms"":[""计算机类""],""role_terms"":[""数据处理""],""reason"":""tech_major_and_role""},""original"":{""部门代码"":""137131"",""部门名称"":""国家统计局新疆调查总队"",""用人司局"":""国家统计局新疆调查总队"",""机构性质"":""中央国家行政机关参照公务员法管理事业单位"",""招考职位"":""霍城调查队一级科员（2）"",""职位属性"":""普通职位"",""职位分布"":""西部地区和艰苦边远地区职位"",""职位简介"":""从事一线入户调查、数据处理、统计分析、统计研究等工作。"",""职位代码"":""400110131029"",""机构层级"":""县（区）级及以下"",""考试类别"":""市（地）级及以下直属机构综合管理类"",""招考人数"":""1"",""专业"":""计算机类、中国语言文学类"",""学历"":""仅限本科"",""学位"":""学士"",""政治面貌"":""不限"",""基层工作最低年限"":""无限制"",""服务基层项目工作经历"":""无限制"",""是否在面试阶段组织专业能力测试"":""否"",""面试人员比例"":""3:1"",""工作地点"":""新疆维吾尔自治区伊犁哈萨克自治州霍城县"",""落户地点"":""新疆维吾尔自治区伊犁哈萨克自治州霍城县"",""备注"":""1.须以最高学历学位主修专业报考，各学习阶段均获得相应学历学位；2.本单位最低服务年限为5年（含试用期）；3.限伊犁哈萨克自治州户籍或生源。"",""部门网站"":""www.xjso.gov.cn"",""咨询电话1"":""0991-2691712"",""咨询电话2"":""0991-2628045"",""咨询电话3"":"""",""来源Sheet"":""中央国家行政机关参照公务员法管理事业单位""}}"
"government_jobs","国家公务员2026招考简章","公务员/事业单位技术岗位","新疆维吾尔自治区巴音郭楞蒙古自治州轮台县","2026-07-28T09:12:58.310295+00:00","轮台调查队一级科员","国家统计局新疆调查总队","","新疆维吾尔自治区巴音郭楞蒙古自治州轮台县","公务员/事业单位;2026;computer_software;data_ai;仅限本科;学士;统计学类、数学类、计算机类、会计学;市（地）级及以下直属机构综合管理类","用人司局：国家统计局新疆调查总队
职位简介：从事一线入户调查、数据处理、统计分析、统计研究等工作。
专业要求：统计学类、数学类、计算机类、会计学
学历要求：仅限本科
学位要求：学士
政治面貌：不限
基层工作经历：无限制
考试类别：市（地）级及以下直属机构综合管理类
备注：1.限应届高校毕业生；2.须以最高学历学位主修专业报考，各学习阶段均获得相应学历学位；3.本单位最低服务年限为5年（含试用期）。","http://bm.scs.gov.cn/kl2026#137131-400110131030","2025-10-14","{""dataset_year"":2026,""job_uid"":""GOV-2026-137131-400110131030"",""publisher"":""国家公务员局"",""publication_page"":""http://bm.scs.gov.cn/kl2026"",""attachment_url"":""local://2026_guokao_zhaokaojianzhang.zip"",""local_source_file"":""中央机关及其直属机构2026年度考试录用公务员招考简章.xls"",""local_source_sha256"":""2670bae1df1dd07a3a3c79b9db46a11e3bb15a6c9c249e6af98bfd0b61ce3aaf"",""source_sheet"":""中央国家行政机关参照公务员法管理事业单位"",""filter_version"":""government_tech_v2"",""tech_filter"":{""is_tech"":true,""is_core_tech"":true,""scope"":""core"",""categories"":[""computer_software"",""data_ai""],""matched_fields"":[""major"",""description""],""major_terms"":[""计算机类""],""role_terms"":[""数据处理""],""reason"":""tech_major_and_role""},""original"":{""部门代码"":""137131"",""部门名称"":""国家统计局新疆调查总队"",""用人司局"":""国家统计局新疆调查总队"",""机构性质"":""中央国家行政机关参照公务员法管理事业单位"",""招考职位"":""轮台调查队一级科员"",""职位属性"":""普通职位"",""职位分布"":""西部地区和艰苦边远地区职位"",""职位简介"":""从事一线入户调查、数据处理、统计分析、统计研究等工作。"",""职位代码"":""400110131030"",""机构层级"":""县（区）级及以下"",""考试类别"":""市（地）级及以下直属机构综合管理类"",""招考人数"":""1"",""专业"":""统计学类、数学类、计算机类、会计学"",""学历"":""仅限本科"",""学位"":""学士"",""政治面貌"":""不限"",""基层工作最低年限"":""无限制"",""服务基层项目工作经历"":""无限制"",""是否在面试阶段组织专业能力测试"":""否"",""面试人员比例"":""3:1"",""工作地点"":""新疆维吾尔自治区巴音郭楞蒙古自治州轮台县"",""落户地点"":""新疆维吾尔自治区巴音郭楞蒙古自治州轮台县"",""备注"":""1.限应届高校毕业生；2.须以最高学历学位主修专业报考，各学习阶段均获得相应学历学位；3.本单位最低服务年限为5年（含试用期）。"",""部门网站"":""www.xjso.gov.cn"",""咨询电话1"":""0991-2691712"",""咨询电话2"":""0991-2628045"",""咨询电话3"":"""",""来源Sheet"":""中央国家行政机关参照公务员法管理事业单位""}}"
"government_jobs","国家公务员2026招考简章","公务员/事业单位技术岗位","新疆维吾尔自治区阿克苏地区乌什县","2026-07-28T09:12:58.310295+00:00","乌什调查队一级科员","国家统计局新疆调查总队","","新疆维吾尔自治区阿克苏地区乌什县","公务员/事业单位;2026;computer_software;data_ai;仅限本科;学士;经济学类、计算机类;市（地）级及以下直属机构综合管理类","用人司局：国家统计局新疆调查总队
职位简介：从事一线入户调查、数据处理、统计分析、统计研究等工作。
专业要求：经济学类、计算机类
学历要求：仅限本科
学位要求：学士
政治面貌：不限
基层工作经历：无限制
考试类别：市（地）级及以下直属机构综合管理类
备注：1.须以最高学历学位主修专业报考，各学习阶段均获得相应学历学位；2.本单位最低服务年限为5年（含试用期）。","http://bm.scs.gov.cn/kl2026#137131-400110131031","2025-10-14","{""dataset_year"":2026,""job_uid"":""GOV-2026-137131-400110131031"",""publisher"":""国家公务员局"",""publication_page"":""http://bm.scs.gov.cn/kl2026"",""attachment_url"":""local://2026_guokao_zhaokaojianzhang.zip"",""local_source_file"":""中央机关及其直属机构2026年度考试录用公务员招考简章.xls"",""local_source_sha256"":""2670bae1df1dd07a3a3c79b9db46a11e3bb15a6c9c249e6af98bfd0b61ce3aaf"",""source_sheet"":""中央国家行政机关参照公务员法管理事业单位"",""filter_version"":""government_tech_v2"",""tech_filter"":{""is_tech"":true,""is_core_tech"":true,""scope"":""core"",""categories"":[""computer_software"",""data_ai""],""matched_fields"":[""major"",""description""],""major_terms"":[""计算机类""],""role_terms"":[""数据处理""],""reason"":""tech_major_and_role""},""original"":{""部门代码"":""137131"",""部门名称"":""国家统计局新疆调查总队"",""用人司局"":""国家统计局新疆调查总队"",""机构性质"":""中央国家行政机关参照公务员法管理事业单位"",""招考职位"":""乌什调查队一级科员"",""职位属性"":""普通职位"",""职位分布"":""西部地区和艰苦边远地区职位"",""职位简介"":""从事一线入户调查、数据处理、统计分析、统计研究等工作。"",""职位代码"":""400110131031"",""机构层级"":""县（区）级及以下"",""考试类别"":""市（地）级及以下直属机构综合管理类"",""招考人数"":""1"",""专业"":""经济学类、计算机类"",""学历"":""仅限本科"",""学位"":""学士"",""政治面貌"":""不限"",""基层工作最低年限"":""无限制"",""服务基层项目工作经历"":""无限制"",""是否在面试阶段组织专业能力测试"":""否"",""面试人员比例"":""3:1"",""工作地点"":""新疆维吾尔自治区阿克苏地区乌什县"",""落户地点"":""新疆维吾尔自治区阿克苏地区乌什县"",""备注"":""1.须以最高学历学位主修专业报考，各学习阶段均获得相应学历学位；2.本单位最低服务年限为5年（含试用期）。"",""部门网站"":""www.xjso.gov.cn"",""咨询电话1"":""0991-2691712"",""咨询电话2"":""0991-2628045"",""咨询电话3"":"""",""来源Sheet"":""中央国家行政机关参照公务员法管理事业单位""}}"
"government_jobs","国家公务员2026招考简章","公务员/事业单位技术岗位","新疆维吾尔自治区阿克苏地区库车市","2026-07-28T09:12:58.310295+00:00","库车调查队一级科员","国家统计局新疆调查总队","","新疆维吾尔自治区阿克苏地区库车市","公务员/事业单位;2026;computer_software;data_ai;仅限本科;学士;数学类、统计学类、计算机类;市（地）级及以下直属机构综合管理类","用人司局：国家统计局新疆调查总队
职位简介：从事一线入户调查、数据处理、统计分析、统计研究等工作。
专业要求：数学类、统计学类、计算机类
学历要求：仅限本科
学位要求：学士
政治面貌：不限
基层工作经历：无限制
考试类别：市（地）级及以下直属机构综合管理类
备注：1.须以最高学历学位主修专业报考，各学习阶段均获得相应学历学位；2.本单位最低服务年限为5年（含试用期）。","http://bm.scs.gov.cn/kl2026#137131-400110131032","2025-10-14","{""dataset_year"":2026,""job_uid"":""GOV-2026-137131-400110131032"",""publisher"":""国家公务员局"",""publication_page"":""http://bm.scs.gov.cn/kl2026"",""attachment_url"":""local://2026_guokao_zhaokaojianzhang.zip"",""local_source_file"":""中央机关及其直属机构2026年度考试录用公务员招考简章.xls"",""local_source_sha256"":""2670bae1df1dd07a3a3c79b9db46a11e3bb15a6c9c249e6af98bfd0b61ce3aaf"",""source_sheet"":""中央国家行政机关参照公务员法管理事业单位"",""filter_version"":""government_tech_v2"",""tech_filter"":{""is_tech"":true,""is_core_tech"":true,""scope"":""core"",""categories"":[""computer_software"",""data_ai""],""matched_fields"":[""major"",""description""],""major_terms"":[""计算机类""],""role_terms"":[""数据处理""],""reason"":""tech_major_and_role""},""original"":{""部门代码"":""137131"",""部门名称"":""国家统计局新疆调查总队"",""用人司局"":""国家统计局新疆调查总队"",""机构性质"":""中央国家行政机关参照公务员法管理事业单位"",""招考职位"":""库车调查队一级科员"",""职位属性"":""普通职位"",""职位分布"":""西部地区和艰苦边远地区职位"",""职位简介"":""从事一线入户调查、数据处理、统计分析、统计研究等工作。"",""职位代码"":""400110131032"",""机构层级"":""县（区）级及以下"",""考试类别"":""市（地）级及以下直属机构综合管理类"",""招考人数"":""1"",""专业"":""数学类、统计学类、计算机类"",""学历"":""仅限本科"",""学位"":""学士"",""政治面貌"":""不限"",""基层工作最低年限"":""无限制"",""服务基层项目工作经历"":""无限制"",""是否在面试阶段组织专业能力测试"":""否"",""面试人员比例"":""3:1"",""工作地点"":""新疆维吾尔自治区阿克苏地区库车市"",""落户地点"":""新疆维吾尔自治区阿克苏地区库车市"",""备注"":""1.须以最高学历学位主修专业报考，各学习阶段均获得相应学历学位；2.本单位最低服务年限为5年（含试用期）。"",""部门网站"":""www.xjso.gov.cn"",""咨询电话1"":""0991-2691712"",""咨询电话2"":""0991-2628045"",""咨询电话3"":"""",""来源Sheet"":""中央国家行政机关参照公务员法管理事业单位""}}"
"government_jobs","国家公务员2026招考简章","公务员/事业单位技术岗位","新疆维吾尔自治区阿拉尔市","2026-07-28T09:12:58.310295+00:00","新疆生产建设兵团第一师调查队调查科一级科员","国家统计局新疆生产建设兵团调查总队","","新疆维吾尔自治区阿拉尔市","公务员/事业单位;2026;computer_software;cybersecurity_cryptography;data_ai;仅限本科;学士;统计学类（不含生物统计学专业）、数学类、计算机类（不含物联网工程、数字媒体技术、智能科学与技术、新媒体技术、电影制作、保密技术、服务科学与工程、虚拟现实技术、区块链工程、密码科学与技术专业）。;市（地）级及以下直属机构综合管理类","用人司局：国家统计局新疆生产建设兵团调查总队
职位简介：从事一线入户调查、数据处理、统计分析、统计研究等工作。
专业要求：统计学类（不含生物统计学专业）、数学类、计算机类（不含物联网工程、数字媒体技术、智能科学与技术、新媒体技术、电影制作、保密技术、服务科学与工程、虚拟现实技术、区块链工程、密码科学与技术专业）。
学历要求：仅限本科
学位要求：学士
政治面貌：不限
基层工作经历：无限制
考试类别：市（地）级及以下直属机构综合管理类
备注：1.须以最高学历主修专业报考，报考专业须与招录专业名称一致。2.本职位专业要求的为专业目录中的“专业类”，非“专业大类（学科大类）”。3.本单位最低服务年限为5年（含试用期）。","http://bm.scs.gov.cn/kl2026#137132-400110132001","2025-10-14","{""dataset_year"":2026,""job_uid"":""GOV-2026-137132-400110132001"",""publisher"":""国家公务员局"",""publication_page"":""http://bm.scs.gov.cn/kl2026"",""attachment_url"":""local://2026_guokao_zhaokaojianzhang.zip"",""local_source_file"":""中央机关及其直属机构2026年度考试录用公务员招考简章.xls"",""local_source_sha256"":""2670bae1df1dd07a3a3c79b9db46a11e3bb15a6c9c249e6af98bfd0b61ce3aaf"",""source_sheet"":""中央国家行政机关参照公务员法管理事业单位"",""filter_version"":""government_tech_v2"",""tech_filter"":{""is_tech"":true,""is_core_tech"":true,""scope"":""core"",""categories"":[""computer_software"",""cybersecurity_cryptography"",""data_ai""],""matched_fields"":[""major"",""description""],""major_terms"":[""保密技术"",""区块链工程"",""密码科学"",""密码科学与技术"",""数字媒体技术"",""智能科学与技术"",""物联网工程"",""虚拟现实技术"",""计算机类""],""role_terms"":[""数据处理""],""reason"":""tech_major_and_role""},""original"":{""部门代码"":""137132"",""部门名称"":""国家统计局新疆生产建设兵团调查总队"",""用人司局"":""国家统计局新疆生产建设兵团调查总队"",""机构性质"":""中央国家行政机关参照公务员法管理事业单位"",""招考职位"":""新疆生产建设兵团第一师调查队调查科一级科员"",""职位属性"":""普通职位"",""职位分布"":""西部地区和艰苦边远地区职位"",""职位简介"":""从事一线入户调查、数据处理、统计分析、统计研究等工作。"",""职位代码"":""400110132001"",""机构层级"":""市（地）级"",""考试类别"":""市（地）级及以下直属机构综合管理类"",""招考人数"":""1"",""专业"":""统计学类（不含生物统计学专业）、数学类、计算机类（不含物联网工程、数字媒体技术、智能科学与技术、新媒体技术、电影制作、保密技术、服务科学与工程、虚拟现实技术、区块链工程、密码科学与技术专业）。"",""学历"":""仅限本科"",""学位"":""学士"",""政治面貌"":""不限"",""基层工作最低年限"":""无限制"",""服务基层项目工作经历"":""无限制"",""是否在面试阶段组织专业能力测试"":""否"",""面试人员比例"":""3:1"",""工作地点"":""新疆维吾尔自治区阿拉尔市"",""落户地点"":""新疆维吾尔自治区阿拉尔市"",""备注"":""1.须以最高学历主修专业报考，报考专业须与招录专业名称一致。2.本职位专业要求的为专业目录中的“专业类”，非“专业大类（学科大类）”。3.本单位最低服务年限为5年（含试用期）。"",""部门网站"":""http://dczd.xjbt.gov.cn"",""咨询电话1"":""0991-2896837"",""咨询电话2"":""0991-2890752"",""咨询电话3"":""18609019146"",""来源Sheet"":""中央国家行政机关参照公务员法管理事业单位""}}"
"government_jobs","国家公务员2026招考简章","公务员/事业单位技术岗位","新疆维吾尔自治区石河子市","2026-07-28T09:12:58.310295+00:00","新疆生产建设兵团第八师调查队业务科室一级科员","国家统计局新疆生产建设兵团调查总队","","新疆维吾尔自治区石河子市","公务员/事业单位;2026;computer_software;cybersecurity_cryptography;data_ai;仅限本科;学士;统计学类、经济学类（不含资源与环境经济学、商务经济学、能源经济、经济工程专业）、计算机类（不含物联网工程、数字媒体技术、智能科学与技术、新媒体技术、电影制作、保密技术、服务科学与工程、虚拟现实技术、区块链工程、密码科学与技术专业）。;市（地）级及以下直属机构综合管理类","用人司局：国家统计局新疆生产建设兵团调查总队
职位简介：从事一线入户调查、数据处理、统计分析、统计研究等工作。
专业要求：统计学类、经济学类（不含资源与环境经济学、商务经济学、能源经济、经济工程专业）、计算机类（不含物联网工程、数字媒体技术、智能科学与技术、新媒体技术、电影制作、保密技术、服务科学与工程、虚拟现实技术、区块链工程、密码科学与技术专业）。
学历要求：仅限本科
学位要求：学士
政治面貌：不限
基层工作经历：二年
考试类别：市（地）级及以下直属机构综合管理类
备注：1.须以最高学历主修专业报考，报考专业须与招录专业名称一致。2.本职位专业要求的为专业目录中的“专业类”，非“专业大类（学科大类）”。3.本单位最低服务年限为5年（含试用期）。","http://bm.scs.gov.cn/kl2026#137132-400110132003","2025-10-14","{""dataset_year"":2026,""job_uid"":""GOV-2026-137132-400110132003"",""publisher"":""国家公务员局"",""publication_page"":""http://bm.scs.gov.cn/kl2026"",""attachment_url"":""local://2026_guokao_zhaokaojianzhang.zip"",""local_source_file"":""中央机关及其直属机构2026年度考试录用公务员招考简章.xls"",""local_source_sha256"":""2670bae1df1dd07a3a3c79b9db46a11e3bb15a6c9c249e6af98bfd0b61ce3aaf"",""source_sheet"":""中央国家行政机关参照公务员法管理事业单位"",""filter_version"":""government_tech_v2"",""tech_filter"":{""is_tech"":true,""is_core_tech"":true,""scope"":""core"",""categories"":[""computer_software"",""cybersecurity_cryptography"",""data_ai""],""matched_fields"":[""major"",""description""],""major_terms"":[""保密技术"",""区块链工程"",""密码科学"",""密码科学与技术"",""数字媒体技术"",""智能科学与技术"",""物联网工程"",""虚拟现实技术"",""计算机类""],""role_terms"":[""数据处理""],""reason"":""tech_major_and_role""},""original"":{""部门代码"":""137132"",""部门名称"":""国家统计局新疆生产建设兵团调查总队"",""用人司局"":""国家统计局新疆生产建设兵团调查总队"",""机构性质"":""中央国家行政机关参照公务员法管理事业单位"",""招考职位"":""新疆生产建设兵团第八师调查队业务科室一级科员"",""职位属性"":""普通职位"",""职位分布"":""西部地区和艰苦边远地区职位"",""职位简介"":""从事一线入户调查、数据处理、统计分析、统计研究等工作。"",""职位代码"":""400110132003"",""机构层级"":""市（地）级"",""考试类别"":""市（地）级及以下直属机构综合管理类"",""招考人数"":""1"",""专业"":""统计学类、经济学类（不含资源与环境经济学、商务经济学、能源经济、经济工程专业）、计算机类（不含物联网工程、数字媒体技术、智能科学与技术、新媒体技术、电影制作、保密技术、服务科学与工程、虚拟现实技术、区块链工程、密码科学与技术专业）。"",""学历"":""仅限本科"",""学位"":""学士"",""政治面貌"":""不限"",""基层工作最低年限"":""二年"",""服务基层项目工作经历"":""无限制"",""是否在面试阶段组织专业能力测试"":""否"",""面试人员比例"":""3:1"",""工作地点"":""新疆维吾尔自治区石河子市"",""落户地点"":""新疆维吾尔自治区石河子市"",""备注"":""1.须以最高学历主修专业报考，报考专业须与招录专业名称一致。2.本职位专业要求的为专业目录中的“专业类”，非“专业大类（学科大类）”。3.本单位最低服务年限为5年（含试用期）。"",""部门网站"":""http://dczd.xjbt.gov.cn"",""咨询电话1"":""0991-2896837"",""咨询电话2"":""0991-2890752"",""咨询电话3"":""18609019146"",""来源Sheet"":""中央国家行政机关参照公务员法管理事业单位""}}"
"government_jobs","国家公务员2026招考简章","公务员/事业单位技术岗位","北京市西城区","2026-07-28T09:12:58.310295+00:00","信息化部门一级主任科员及以下","国家知识产权局","","北京市西城区","公务员/事业单位;2026;computer_software;硕士研究生及以上;与最高学历相对应的学位;0812计算机科学与技术、085410人工智能、085411大数据技术与工程;中央机关及其省级直属机构综合管理类","用人司局：商标局
职位简介：商标信息化相关工作
专业要求：0812计算机科学与技术、085410人工智能、085411大数据技术与工程
学历要求：硕士研究生及以上
学位要求：与最高学历相对应的学位
政治面貌：不限
基层工作经历：无限制
考试类别：中央机关及其省级直属机构综合管理类
备注：职位要求专业为报考者最高学历对应专业；高等教育各学习阶段均取得相应毕业证和学位证；依据有关规定，商标局工作人员配偶不得在专利代理机构或商标代理机构从业，有相关情况的，请慎重报考；咨询电话：010-63219394","http://bm.scs.gov.cn/kl2026#138000-400110002009","2025-10-14","{""dataset_year"":2026,""job_uid"":""GOV-2026-138000-400110002009"",""publisher"":""国家公务员局"",""publication_page"":""http://bm.scs.gov.cn/kl2026"",""attachment_url"":""local://2026_guokao_zhaokaojianzhang.zip"",""local_source_file"":""中央机关及其直属机构2026年度考试录用公务员招考简章.xls"",""local_source_sha256"":""2670bae1df1dd07a3a3c79b9db46a11e3bb15a6c9c249e6af98bfd0b61ce3aaf"",""source_sheet"":""中央国家行政机关参照公务员法管理事业单位"",""filter_version"":""government_tech_v2"",""tech_filter"":{""is_tech"":true,""is_core_tech"":true,""scope"":""core"",""categories"":[""computer_software""],""matched_fields"":[""major"",""job_title"",""description""],""major_terms"":[""人工智能"",""大数据"",""计算机科学与技术""],""role_terms"":[""信息化""],""reason"":""tech_major_and_role""},""original"":{""部门代码"":""138000"",""部门名称"":""国家知识产权局"",""用人司局"":""商标局"",""机构性质"":""中央国家行政机关参照公务员法管理事业单位"",""招考职位"":""信息化部门一级主任科员及以下"",""职位属性"":""普通职位"",""职位分布"":""其他职位"",""职位简介"":""商标信息化相关工作"",""职位代码"":""400110002009"",""机构层级"":""中央"",""考试类别"":""中央机关及其省级直属机构综合管理类"",""招考人数"":""2"",""专业"":""0812计算机科学与技术、085410人工智能、085411大数据技术与工程"",""学历"":""硕士研究生及以上"",""学位"":""与最高学历相对应的学位"",""政治面貌"":""不限"",""基层工作最低年限"":""无限制"",""服务基层项目工作经历"":""无限制"",""是否在面试阶段组织专业能力测试"":""否"",""面试人员比例"":""5:1"",""工作地点"":""北京市西城区"",""落户地点"":""北京市海淀区"",""备注"":""职位要求专业为报考者最高学历对应专业；高等教育各学习阶段均取得相应毕业证和学位证；依据有关规定，商标局工作人员配偶不得在专利代理机构或商标代理机构从业，有相关情况的，请慎重报考；咨询电话：010-63219394"",""部门网站"":""http://www.cnipa.gov.cn"",""咨询电话1"":""010-62086111"",""咨询电话2"":""010-63219394"",""咨询电话3"":"""",""来源Sheet"":""中央国家行政机关参照公务员法管理事业单位""}}"
"government_jobs","国家公务员2026招考简章","公务员/事业单位技术岗位","北京市昌平区","2026-07-28T09:12:58.310295+00:00","计算机科学与技术领域一级主任科员及以下","国家知识产权局","","北京市昌平区","公务员/事业单位;2026;automation_robotics;computer_software;cybersecurity_cryptography;硕士研究生及以上;与最高学历相对应的学位;计算机科学与技术、数据科学与大数据技术、人工智能、智能科学与技术、智能视觉工程、智能视听工程、机器人工程、软件工程、信息安全、网络工程、网络空间安全、电子与计算机工程;中央机关及其省级直属机构综合管理类","用人司局：电学发明审查部
职位简介：计算机科学与技术领域专利审查工作
专业要求：计算机科学与技术、数据科学与大数据技术、人工智能、智能科学与技术、智能视觉工程、智能视听工程、机器人工程、软件工程、信息安全、网络工程、网络空间安全、电子与计算机工程
学历要求：硕士研究生及以上
学位要求：与最高学历相对应的学位
政治面貌：不限
基层工作经历：无限制
考试类别：中央机关及其省级直属机构综合管理类
备注：1.大学英语六级考试成绩425分及以上，或英语专业八级考试成绩60分及以上，或雅思考试成绩6.5分及以上，或托福网考成绩85分及以上（报名时，请备注具体英语等级和分数）；
2.专业能力测试内容为所报职位相关专业的英译汉笔试及相关材料归纳总结，占综合成绩的比重为15%；
3.报名时需在“学科成绩”或“备注”填写各学习阶段主修过的专业课程名称及成绩、研究生毕业论文研究方向；
4.有工作经历的，请提供与所学专业相关的简要工作经历信息；
5.本科和研究生阶段专业均需符合要求；
6.依据有关规定，专利局工作人员配偶不得在专利代理机构或商标代理机构从业，有相关情况的，请慎重报考；
7.咨询电话：010-62086111","http://bm.scs.gov.cn/kl2026#138000-400110009002","2025-10-14","{""dataset_year"":2026,""job_uid"":""GOV-2026-138000-400110009002"",""publisher"":""国家公务员局"",""publication_page"":""http://bm.scs.gov.cn/kl2026"",""attachment_url"":""local://2026_guokao_zhaokaojianzhang.zip"",""local_source_file"":""中央机关及其直属机构2026年度考试录用公务员招考简章.xls"",""local_source_sha256"":""2670bae1df1dd07a3a3c79b9db46a11e3bb15a6c9c249e6af98bfd0b61ce3aaf"",""source_sheet"":""中央国家行政机关参照公务员法管理事业单位"",""filter_version"":""government_tech_v2"",""tech_filter"":{""is_tech"":true,""is_core_tech"":true,""scope"":""core"",""categories"":[""automation_robotics"",""computer_software"",""cybersecurity_cryptography""],""matched_fields"":[""major"",""job_title"",""description""],""major_terms"":[""人工智能"",""信息安全"",""大数据"",""数据科学与大数据技术"",""智能科学与技术"",""机器人工程"",""网络工程"",""网络空间安全"",""计算机"",""计算机科学与技术"",""软件工程""],""role_terms"":[""计算机""],""reason"":""tech_major_and_role""},""original"":{""部门代码"":""138000"",""部门名称"":""国家知识产权局"",""用人司局"":""电学发明审查部"",""机构性质"":""中央国家行政机关参照公务员法管理事业单位"",""招考职位"":""计算机科学与技术领域一级主任科员及以下"",""职位属性"":""普通职位"",""职位分布"":""其他职位"",""职位简介"":""计算机科学与技术领域专利审查工作"",""职位代码"":""400110009002"",""机构层级"":""中央"",""考试类别"":""中央机关及其省级直属机构综合管理类"",""招考人数"":""4"",""专业"":""计算机科学与技术、数据科学与大数据技术、人工智能、智能科学与技术、智能视觉工程、智能视听工程、机器人工程、软件工程、信息安全、网络工程、网络空间安全、电子与计算机工程"",""学历"":""硕士研究生及以上"",""学位"":""与最高学历相对应的学位"",""政治面貌"":""不限"",""基层工作最低年限"":""无限制"",""服务基层项目工作经历"":""无限制"",""是否在面试阶段组织专业能力测试"":""是"",""面试人员比例"":""5:1"",""工作地点"":""北京市昌平区"",""落户地点"":""北京市海淀区"",""备注"":""1.大学英语六级考试成绩425分及以上，或英语专业八级考试成绩60分及以上，或雅思考试成绩6.5分及以上，或托福网考成绩85分及以上（报名时，请备注具体英语等级和分数）；\n2.专业能力测试内容为所报职位相关专业的英译汉笔试及相关材料归纳总结，占综合成绩的比重为15%；\n3.报名时需在“学科成绩”或“备注”填写各学习阶段主修过的专业课程名称及成绩、研究生毕业论文研究方向；\n4.有工作经历的，请提供与所学专业相关的简要工作经历信息；\n5.本科和研究生阶段专业均需符合要求；\n6.依据有关规定，专利局工作人员配偶不得在专利代理机构或商标代理机构从业，有相关情况的，请慎重报考；\n7.咨询电话：010-62086111"",""部门网站"":""http://www.cnipa.gov.cn"",""咨询电话1"":""010-62086111"",""咨询电话2"":""010-63219394"",""咨询电话3"":"""",""来源Sheet"":""中央国家行政机关参照公务员法管理事业单位""}}"
"government_jobs","国家公务员2026招考简章","公务员/事业单位技术岗位","北京市","2026-07-28T09:12:58.310295+00:00","信息技术岗一级主任科员及以下","国家机关事务管理局","","北京市","公务员/事业单位;2026;computer_software;cybersecurity_cryptography;electronics_communication;硕士研究生及以上;与最高学历相对应的学位;电子科学与技术、信息与通信工程、计算机科学与技术、软件工程、网络空间安全;中央机关及其省级直属机构综合管理类","用人司局：资产管理司
职位简介：从事信息化建设相关工作
专业要求：电子科学与技术、信息与通信工程、计算机科学与技术、软件工程、网络空间安全
学历要求：硕士研究生及以上
学位要求：与最高学历相对应的学位
政治面貌：中共党员
基层工作经历：二年
考试类别：中央机关及其省级直属机构综合管理类","http://bm.scs.gov.cn/kl2026#142000-200110003001","2025-10-14","{""dataset_year"":2026,""job_uid"":""GOV-2026-142000-200110003001"",""publisher"":""国家公务员局"",""publication_page"":""http://bm.scs.gov.cn/kl2026"",""attachment_url"":""local://2026_guokao_zhaokaojianzhang.zip"",""local_source_file"":""中央机关及其直属机构2026年度考试录用公务员招考简章.xls"",""local_source_sha256"":""2670bae1df1dd07a3a3c79b9db46a11e3bb15a6c9c249e6af98bfd0b61ce3aaf"",""source_sheet"":""中央国家行政机关（本级）"",""filter_version"":""government_tech_v2"",""tech_filter"":{""is_tech"":true,""is_core_tech"":true,""scope"":""core"",""categories"":[""computer_software"",""cybersecurity_cryptography"",""electronics_communication""],""matched_fields"":[""major"",""job_title"",""description""],""major_terms"":[""信息与通信工程"",""电子科学与技术"",""网络空间安全"",""计算机科学与技术"",""软件工程"",""通信工程""],""role_terms"":[""信息化"",""信息技术""],""reason"":""tech_major_and_role""},""original"":{""部门代码"":""142000"",""部门名称"":""国家机关事务管理局"",""用人司局"":""资产管理司"",""机构性质"":""中央国家行政机关（本级）"",""招考职位"":""信息技术岗一级主任科员及以下"",""职位属性"":""普通职位"",""职位分布"":""其他职位"",""职位简介"":""从事信息化建设相关工作"",""职位代码"":""200110003001"",""机构层级"":""中央"",""考试类别"":""中央机关及其省级直属机构综合管理类"",""招考人数"":""1"",""专业"":""电子科学与技术、信息与通信工程、计算机科学与技术、软件工程、网络空间安全"",""学历"":""硕士研究生及以上"",""学位"":""与最高学历相对应的学位"",""政治面貌"":""中共党员"",""基层工作最低年限"":""二年"",""服务基层项目工作经历"":""无限制"",""是否在面试阶段组织专业能力测试"":""否"",""面试人员比例"":""5:1"",""工作地点"":""北京市"",""落户地点"":""北京市"",""备注"":"""",""部门网站"":""http://www.ggj.gov.cn/"",""咨询电话1"":""01083085021"",""咨询电话2"":"""",""咨询电话3"":"""",""来源Sheet"":""中央国家行政机关（本级）""}}"
"government_jobs","国家公务员2026招考简章","公务员/事业单位技术岗位","新疆维吾尔自治区乌鲁木齐市天山区","2026-07-28T09:12:58.310295+00:00","观测与网络处一级主任科员及以下","新疆维吾尔自治区气象局","","新疆维吾尔自治区乌鲁木齐市天山区","公务员/事业单位;2026;computer_software;cybersecurity_cryptography;electronics_communication;本科及以上;与最高学历相对应的学位;大气科学、气象学、大气遥感与大气探测、气象探测技术、计算机科学与技术、通信工程、信息安全、网络空间安全、网络与信息系统安全、信息系统安全专业;中央机关及其省级直属机构综合管理类","用人司局：新疆维吾尔自治区气象局
职位简介：从事通信管理、网络安全管理、气象资料档案管理等工作。
专业要求：大气科学、气象学、大气遥感与大气探测、气象探测技术、计算机科学与技术、通信工程、信息安全、网络空间安全、网络与信息系统安全、信息系统安全专业
学历要求：本科及以上
学位要求：与最高学历相对应的学位
政治面貌：不限
基层工作经历：二年
考试类别：中央机关及其省级直属机构综合管理类
备注：最低服务期5年（含试用期）","http://bm.scs.gov.cn/kl2026#150131-400110001001","2025-10-14","{""dataset_year"":2026,""job_uid"":""GOV-2026-150131-400110001001"",""publisher"":""国家公务员局"",""publication_page"":""http://bm.scs.gov.cn/kl2026"",""attachment_url"":""local://2026_guokao_zhaokaojianzhang.zip"",""local_source_file"":""中央机关及其直属机构2026年度考试录用公务员招考简章.xls"",""local_source_sha256"":""2670bae1df1dd07a3a3c79b9db46a11e3bb15a6c9c249e6af98bfd0b61ce3aaf"",""source_sheet"":""中央国家行政机关参照公务员法管理事业单位"",""filter_version"":""government_tech_v2"",""tech_filter"":{""is_tech"":true,""is_core_tech"":true,""scope"":""core"",""categories"":[""computer_software"",""cybersecurity_cryptography"",""electronics_communication""],""matched_fields"":[""major"",""description""],""major_terms"":[""信息安全"",""网络空间安全"",""计算机科学与技术"",""通信工程""],""role_terms"":[""网络安全"",""通信管理""],""reason"":""tech_major_and_role""},""original"":{""部门代码"":""150131"",""部门名称"":""新疆维吾尔自治区气象局"",""用人司局"":""新疆维吾尔自治区气象局"",""机构性质"":""中央国家行政机关参照公务员法管理事业单位"",""招考职位"":""观测与网络处一级主任科员及以下"",""职位属性"":""普通职位"",""职位分布"":""其他职位"",""职位简介"":""从事通信管理、网络安全管理、气象资料档案管理等工作。"",""职位代码"":""400110001001"",""机构层级"":""省（副省）级"",""考试类别"":""中央机关及其省级直属机构综合管理类"",""招考人数"":""1"",""专业"":""大气科学、气象学、大气遥感与大气探测、气象探测技术、计算机科学与技术、通信工程、信息安全、网络空间安全、网络与信息系统安全、信息系统安全专业"",""学历"":""本科及以上"",""学位"":""与最高学历相对应的学位"",""政治面貌"":""不限"",""基层工作最低年限"":""二年"",""服务基层项目工作经历"":""无限制"",""是否在面试阶段组织专业能力测试"":""否"",""面试人员比例"":""5:1"",""工作地点"":""新疆维吾尔自治区乌鲁木齐市天山区"",""落户地点"":""新疆维吾尔自治区乌鲁木齐市天山区"",""备注"":""最低服务期5年（含试用期）"",""部门网站"":""http://xj.cma.gov.cn/"",""咨询电话1"":""0991-2623240"",""咨询电话2"":""0991-2653051"",""咨询电话3"":"""",""来源Sheet"":""中央国家行政机关参照公务员法管理事业单位""}}"
"government_jobs","国家公务员2026招考简章","公务员/事业单位技术岗位","北京市西城区","2026-07-28T09:12:58.310295+00:00","规划建设和法规体改处一级主任科员及以下","国家粮食和物资储备局北京局","","北京市西城区","公务员/事业单位;2026;computer_software;electronics_communication;仅限硕士研究生;硕士;研究生：建筑学（0813）、建筑（0851）、土木工程（0814、085901）、电子科学与技术（0809）、信息与通信工程（0810）、计算机科学与技术（0812）、软件工程（0835）;中央机关及其省级直属机构综合管理类","用人司局：国家粮食和物资储备局北京局
职位简介：承担基本建设、信息化建设等工作。
专业要求：研究生：建筑学（0813）、建筑（0851）、土木工程（0814、085901）、电子科学与技术（0809）、信息与通信工程（0810）、计算机科学与技术（0812）、软件工程（0835）
学历要求：仅限硕士研究生
学位要求：硕士
政治面貌：中共党员
基层工作经历：二年
考试类别：中央机关及其省级直属机构综合管理类","http://bm.scs.gov.cn/kl2026#153101-300110101002","2025-10-14","{""dataset_year"":2026,""job_uid"":""GOV-2026-153101-300110101002"",""publisher"":""国家公务员局"",""publication_page"":""http://bm.scs.gov.cn/kl2026"",""attachment_url"":""local://2026_guokao_zhaokaojianzhang.zip"",""local_source_file"":""中央机关及其直属机构2026年度考试录用公务员招考简章.xls"",""local_source_sha256"":""2670bae1df1dd07a3a3c79b9db46a11e3bb15a6c9c249e6af98bfd0b61ce3aaf"",""source_sheet"":""中央国家行政机关省级以下直属机构"",""filter_version"":""government_tech_v2"",""tech_filter"":{""is_tech"":true,""is_core_tech"":true,""scope"":""core"",""categories"":[""computer_software"",""electronics_communication""],""matched_fields"":[""major"",""description""],""major_terms"":[""信息与通信工程"",""电子科学与技术"",""计算机科学与技术"",""软件工程"",""通信工程""],""role_terms"":[""信息化""],""reason"":""tech_major_and_role""},""original"":{""部门代码"":""153101"",""部门名称"":""国家粮食和物资储备局北京局"",""用人司局"":""国家粮食和物资储备局北京局"",""机构性质"":""中央国家行政机关省级以下直属机构"",""招考职位"":""规划建设和法规体改处一级主任科员及以下"",""职位属性"":""普通职位"",""职位分布"":""其他职位"",""职位简介"":""承担基本建设、信息化建设等工作。"",""职位代码"":""300110101002"",""机构层级"":""省（副省）级"",""考试类别"":""中央机关及其省级直属机构综合管理类"",""招考人数"":""1"",""专业"":""研究生：建筑学（0813）、建筑（0851）、土木工程（0814、085901）、电子科学与技术（0809）、信息与通信工程（0810）、计算机科学与技术（0812）、软件工程（0835）"",""学历"":""仅限硕士研究生"",""学位"":""硕士"",""政治面貌"":""中共党员"",""基层工作最低年限"":""二年"",""服务基层项目工作经历"":""无限制"",""是否在面试阶段组织专业能力测试"":""否"",""面试人员比例"":""5:1"",""工作地点"":""北京市西城区"",""落户地点"":""北京市西城区"",""备注"":"""",""部门网站"":""http://www.lswz.gov.cn/"",""咨询电话1"":""01083163181"",""咨询电话2"":""01083163180"",""咨询电话3"":"""",""来源Sheet"":""中央国家行政机关省级以下直属机构""}}"
"government_jobs","国家公务员2026招考简章","公务员/事业单位技术岗位","内蒙古自治区呼和浩特市","2026-07-28T09:12:58.310295+00:00","业务处一级主任科员及以下","国家粮食和物资储备局内蒙古局","","内蒙古自治区呼和浩特市","公务员/事业单位;2026;computer_software;cybersecurity_cryptography;electronics_communication;本科或硕士研究生;与最高学历相对应的学位;本科：计算机科学与技术（080901） 、软件工程（ 080902） 、网络工程（ 080903） 、信息安全（080904K） 、电子与计算机工程（080909T） ；研究生：计算机科学与技术（0812）、软件工程（0835）、电子信息（0854）;中央机关及其省级直属机构综合管理类","用人司局：国家粮食和物资储备局内蒙古局
职位简介：从事信息化相关工作。
专业要求：本科：计算机科学与技术（080901） 、软件工程（ 080902） 、网络工程（ 080903） 、信息安全（080904K） 、电子与计算机工程（080909T） ；研究生：计算机科学与技术（0812）、软件工程（0835）、电子信息（0854）
学历要求：本科或硕士研究生
学位要求：与最高学历相对应的学位
政治面貌：不限
基层工作经历：二年
考试类别：中央机关及其省级直属机构综合管理类","http://bm.scs.gov.cn/kl2026#153104-300110104001","2025-10-14","{""dataset_year"":2026,""job_uid"":""GOV-2026-153104-300110104001"",""publisher"":""国家公务员局"",""publication_page"":""http://bm.scs.gov.cn/kl2026"",""attachment_url"":""local://2026_guokao_zhaokaojianzhang.zip"",""local_source_file"":""中央机关及其直属机构2026年度考试录用公务员招考简章.xls"",""local_source_sha256"":""2670bae1df1dd07a3a3c79b9db46a11e3bb15a6c9c249e6af98bfd0b61ce3aaf"",""source_sheet"":""中央国家行政机关省级以下直属机构"",""filter_version"":""government_tech_v2"",""tech_filter"":{""is_tech"":true,""is_core_tech"":true,""scope"":""core"",""categories"":[""computer_software"",""cybersecurity_cryptography"",""electronics_communication""],""matched_fields"":[""major"",""description""],""major_terms"":[""信息安全"",""电子信息"",""网络工程"",""计算机"",""计算机科学与技术"",""软件工程""],""role_terms"":[""信息化""],""reason"":""tech_major_and_role""},""original"":{""部门代码"":""153104"",""部门名称"":""国家粮食和物资储备局内蒙古局"",""用人司局"":""国家粮食和物资储备局内蒙古局"",""机构性质"":""中央国家行政机关省级以下直属机构"",""招考职位"":""业务处一级主任科员及以下"",""职位属性"":""普通职位"",""职位分布"":""其他职位"",""职位简介"":""从事信息化相关工作。"",""职位代码"":""300110104001"",""机构层级"":""省（副省）级"",""考试类别"":""中央机关及其省级直属机构综合管理类"",""招考人数"":""1"",""专业"":""本科：计算机科学与技术（080901） 、软件工程（ 080902） 、网络工程（ 080903） 、信息安全（080904K） 、电子与计算机工程（080909T） ；研究生：计算机科学与技术（0812）、软件工程（0835）、电子信息（0854）"",""学历"":""本科或硕士研究生"",""学位"":""与最高学历相对应的学位"",""政治面貌"":""不限"",""基层工作最低年限"":""二年"",""服务基层项目工作经历"":""无限制"",""是否在面试阶段组织专业能力测试"":""否"",""面试人员比例"":""5:1"",""工作地点"":""内蒙古自治区呼和浩特市"",""落户地点"":""内蒙古自治区呼和浩特市"",""备注"":"""",""部门网站"":""https://www.lswz.gov.cn/"",""咨询电话1"":""0471-6905245"",""咨询电话2"":""0471-6903812"",""咨询电话3"":"""",""来源Sheet"":""中央国家行政机关省级以下直属机构""}}"
"government_jobs","国家公务员2026招考简章","公务员/事业单位技术岗位","湖南省长沙市芙蓉区","2026-07-28T09:12:58.310295+00:00","业务处一级主任科员及以下","国家粮食和物资储备局湖南局","","湖南省长沙市芙蓉区","公务员/事业单位;2026;computer_software;cybersecurity_cryptography;本科或硕士研究生;与最高学历相对应的学位;本科：计算机科学与技术（080901）、网络工程（080903）、信息安全（080904K）；研究生：计算机科学与技术（0812）、计算机技术（085404)、人工智能（085410）、网络与信息安全（085412）;中央机关及其省级直属机构综合管理类","用人司局：国家粮食和物资储备局湖南局
职位简介：承担辖区内储备信息化建设、设备运行维护等工作。
专业要求：本科：计算机科学与技术（080901）、网络工程（080903）、信息安全（080904K）；研究生：计算机科学与技术（0812）、计算机技术（085404)、人工智能（085410）、网络与信息安全（085412）
学历要求：本科或硕士研究生
学位要求：与最高学历相对应的学位
政治面貌：不限
基层工作经历：二年
考试类别：中央机关及其省级直属机构综合管理类","http://bm.scs.gov.cn/kl2026#153113-300110113001","2025-10-14","{""dataset_year"":2026,""job_uid"":""GOV-2026-153113-300110113001"",""publisher"":""国家公务员局"",""publication_page"":""http://bm.scs.gov.cn/kl2026"",""attachment_url"":""local://2026_guokao_zhaokaojianzhang.zip"",""local_source_file"":""中央机关及其直属机构2026年度考试录用公务员招考简章.xls"",""local_source_sha256"":""2670bae1df1dd07a3a3c79b9db46a11e3bb15a6c9c249e6af98bfd0b61ce3aaf"",""source_sheet"":""中央国家行政机关省级以下直属机构"",""filter_version"":""government_tech_v2"",""tech_filter"":{""is_tech"":true,""is_core_tech"":true,""scope"":""core"",""categories"":[""computer_software"",""cybersecurity_cryptography""],""matched_fields"":[""major"",""description""],""major_terms"":[""人工智能"",""信息安全"",""网络工程"",""计算机技术"",""计算机科学与技术""],""role_terms"":[""信息化""],""reason"":""tech_major_and_role""},""original"":{""部门代码"":""153113"",""部门名称"":""国家粮食和物资储备局湖南局"",""用人司局"":""国家粮食和物资储备局湖南局"",""机构性质"":""中央国家行政机关省级以下直属机构"",""招考职位"":""业务处一级主任科员及以下"",""职位属性"":""普通职位"",""职位分布"":""其他职位"",""职位简介"":""承担辖区内储备信息化建设、设备运行维护等工作。"",""职位代码"":""300110113001"",""机构层级"":""省（副省）级"",""考试类别"":""中央机关及其省级直属机构综合管理类"",""招考人数"":""1"",""专业"":""本科：计算机科学与技术（080901）、网络工程（080903）、信息安全（080904K）；研究生：计算机科学与技术（0812）、计算机技术（085404)、人工智能（085410）、网络与信息安全（085412）"",""学历"":""本科或硕士研究生"",""学位"":""与最高学历相对应的学位"",""政治面貌"":""不限"",""基层工作最低年限"":""二年"",""服务基层项目工作经历"":""无限制"",""是否在面试阶段组织专业能力测试"":""否"",""面试人员比例"":""5:1"",""工作地点"":""湖南省长沙市芙蓉区"",""落户地点"":""湖南省长沙市"",""备注"":"""",""部门网站"":""www.lswz.gov.cn"",""咨询电话1"":""0731-84167133"",""咨询电话2"":""0731-84127305"",""咨询电话3"":"""",""来源Sheet"":""中央国家行政机关省级以下直属机构""}}"
"government_jobs","国家公务员2026招考简章","公务员/事业单位技术岗位","北京市","2026-07-28T09:12:58.310295+00:00","执勤队一级警长及以下（一）","北京出入境边防检查总站","","北京市","公务员/事业单位;2026;computer_software;硕士研究生及以上;与最高学历相对应的学位;计算机科学与技术（0812）、软件工程（0835）、智能科学与技术（1405）;行政执法类","用人司局：北京出入境边防检查总站
职位简介：属于公安机关人民警察，从事出入境边防检查和应急处突、大型安保、侦查办案和技术保障、信息化建设等工作。实行轮流倒班工作制，夜间执勤较多，法定休息日及节假日不能保证正常休息休假。
专业要求：计算机科学与技术（0812）、软件工程（0835）、智能科学与技术（1405）
学历要求：硕士研究生及以上
学位要求：与最高学历相对应的学位
政治面貌：中共党员或共青团员
基层工作经历：无限制
考试类别：行政执法类
备注：1.限2026届高校毕业生报考（高等学历教育各阶段均需取得相应学历和学位，报名时需注明专业代码）。
2.大学英语四级425分及以上，能熟练运用英语开展工作（报名时需注明英语等级和成绩）。
3.按《公务员录用体检特殊标准（试行）》进行体检，对《公务员录用体检特殊标准（试行）》未作规定的项目，按《公务员录用体检通用标准（试行）》执行，视力标准可询招录单位。
4.按《公安机关录用人民警察体能项目和标准》进行体能测评。
5.按《公安机关录用人民警察政治考察工作办法》开展考察。具有《公安机关录用人民警察政治考察工作办法》第八条、第九条情形的，不得报考；父母、配偶或子女已移居国（境）外的，不得报考；非公派原因，曾六个月以上在国（境）外留学、工作、生活的，不得报考。
6.仅限男性报考。
7.提供集体宿舍。可为符合条件人员办理集体户口。工资待遇按人民警察标准执行，享受加班补贴和值勤岗位津贴。
8.在本单位最低服务年限五年（含试用期）。
9.请考生及时关注“移民管理警察招考小助手”微信小程序发布的报考信息。","http://bm.scs.gov.cn/kl2026#158101-300130001001","2025-10-14","{""dataset_year"":2026,""job_uid"":""GOV-2026-158101-300130001001"",""publisher"":""国家公务员局"",""publication_page"":""http://bm.scs.gov.cn/kl2026"",""attachment_url"":""local://2026_guokao_zhaokaojianzhang.zip"",""local_source_file"":""中央机关及其直属机构2026年度考试录用公务员招考简章.xls"",""local_source_sha256"":""2670bae1df1dd07a3a3c79b9db46a11e3bb15a6c9c249e6af98bfd0b61ce3aaf"",""source_sheet"":""中央国家行政机关省级以下直属机构"",""filter_version"":""government_tech_v2"",""tech_filter"":{""is_tech"":true,""is_core_tech"":true,""scope"":""core"",""categories"":[""computer_software""],""matched_fields"":[""major"",""description""],""major_terms"":[""智能科学与技术"",""计算机科学与技术"",""软件工程""],""role_terms"":[""信息化""],""reason"":""tech_major_and_role""},""original"":{""部门代码"":""158101"",""部门名称"":""北京出入境边防检查总站"",""用人司局"":""北京出入境边防检查总站"",""机构性质"":""中央国家行政机关省级以下直属机构"",""招考职位"":""执勤队一级警长及以下（一）"",""职位属性"":""公安机关人民警察职位"",""职位分布"":""其他职位"",""职位简介"":""属于公安机关人民警察，从事出入境边防检查和应急处突、大型安保、侦查办案和技术保障、信息化建设等工作。实行轮流倒班工作制，夜间执勤较多，法定休息日及节假日不能保证正常休息休假。"",""职位代码"":""300130001001"",""机构层级"":""市（地）级"",""考试类别"":""行政执法类"",""招考人数"":""5"",""专业"":""计算机科学与技术（0812）、软件工程（0835）、智能科学与技术（1405）"",""学历"":""硕士研究生及以上"",""学位"":""与最高学历相对应的学位"",""政治面貌"":""中共党员或共青团员"",""基层工作最低年限"":""无限制"",""服务基层项目工作经历"":""无限制"",""是否在面试阶段组织专业能力测试"":""否"",""面试人员比例"":""3:1"",""工作地点"":""北京市"",""落户地点"":""北京市朝阳区"",""备注"":""1.限2026届高校毕业生报考（高等学历教育各阶段均需取得相应学历和学位，报名时需注明专业代码）。\n2.大学英语四级425分及以上，能熟练运用英语开展工作（报名时需注明英语等级和成绩）。\n3.按《公务员录用体检特殊标准（试行）》进行体检，对《公务员录用体检特殊标准（试行）》未作规定的项目，按《公务员录用体检通用标准（试行）》执行，视力标准可询招录单位。\n4.按《公安机关录用人民警察体能项目和标准》进行体能测评。\n5.按《公安机关录用人民警察政治考察工作办法》开展考察。具有《公安机关录用人民警察政治考察工作办法》第八条、第九条情形的，不得报考；父母、配偶或子女已移居国（境）外的，不得报考；非公派原因，曾六个月以上在国（境）外留学、工作、生活的，不得报考。\n6.仅限男性报考。\n7.提供集体宿舍。可为符合条件人员办理集体户口。工资待遇按人民警察标准执行，享受加班补贴和值勤岗位津贴。\n8.在本单位最低服务年限五年（含试用期）。\n9.请考生及时关注“移民管理警察招考小助手”微信小程序发布的报考信息。"",""部门网站"":""https://rczk.nia.gov.cn，电子邮箱bjbjzzzl@163.com"",""咨询电话1"":""010-56095038"",""咨询电话2"":""010-56095219"",""咨询电话3"":"""",""来源Sheet"":""中央国家行政机关省级以下直属机构""}}"
"government_jobs","国家公务员2026招考简章","公务员/事业单位技术岗位","北京市","2026-07-28T09:12:58.310295+00:00","执勤队一级警长及以下（十六）","北京出入境边防检查总站","","北京市","公务员/事业单位;2026;computer_software;本科及以上;与最高学历相对应的学位;计算机类（0809）、计算机科学与技术（0812）、软件工程（0835）、 智能科学与技术（1405）;行政执法类","用人司局：北京出入境边防检查总站
职位简介：属于公安机关人民警察，从事出入境边防检查和应急处突、大型安保、侦查办案和技术保障、信息化建设等工作。实行轮流倒班工作制，夜间执勤较多，法定休息日及节假日不能保证正常休息休假。
专业要求：计算机类（0809）、计算机科学与技术（0812）、软件工程（0835）、 智能科学与技术（1405）
学历要求：本科及以上
学位要求：与最高学历相对应的学位
政治面貌：中共党员或共青团员
基层工作经历：无限制
考试类别：行政执法类
备注：1.限2026届高校毕业生报考（高等学历教育各阶段均需取得相应学历和学位，报名时需注明专业代码）。
2.大学英语四级425分及以上，能熟练运用英语开展工作（报名时需注明英语等级和成绩）。
3.按《公务员录用体检特殊标准（试行）》进行体检，对《公务员录用体检特殊标准（试行）》未作规定的项目，按《公务员录用体检通用标准（试行）》执行，视力标准可询招录单位。
4.按《公安机关录用人民警察体能项目和标准》进行体能测评。
5.按《公安机关录用人民警察政治考察工作办法》开展考察。具有《公安机关录用人民警察政治考察工作办法》第八条、第九条情形的，不得报考；父母、配偶或子女已移居国（境）外的，不得报考；非公派原因，曾六个月以上在国（境）外留学、工作、生活的，不得报考。
6.提供集体宿舍。可为符合条件人员办理集体户口。工资待遇按人民警察标准执行，享受加班补贴和值勤岗位津贴。
7.在本单位最低服务年限五年（含试用期）。
8.请考生及时关注“移民管理警察招考小助手”微信小程序发布的报考信息。","http://bm.scs.gov.cn/kl2026#158101-300130001017","2025-10-14","{""dataset_year"":2026,""job_uid"":""GOV-2026-158101-300130001017"",""publisher"":""国家公务员局"",""publication_page"":""http://bm.scs.gov.cn/kl2026"",""attachment_url"":""local://2026_guokao_zhaokaojianzhang.zip"",""local_source_file"":""中央机关及其直属机构2026年度考试录用公务员招考简章.xls"",""local_source_sha256"":""2670bae1df1dd07a3a3c79b9db46a11e3bb15a6c9c249e6af98bfd0b61ce3aaf"",""source_sheet"":""中央国家行政机关省级以下直属机构"",""filter_version"":""government_tech_v2"",""tech_filter"":{""is_tech"":true,""is_core_tech"":true,""scope"":""core"",""categories"":[""computer_software""],""matched_fields"":[""major"",""description""],""major_terms"":[""智能科学与技术"",""计算机科学与技术"",""计算机类"",""软件工程""],""role_terms"":[""信息化""],""reason"":""tech_major_and_role""},""original"":{""部门代码"":""158101"",""部门名称"":""北京出入境边防检查总站"",""用人司局"":""北京出入境边防检查总站"",""机构性质"":""中央国家行政机关省级以下直属机构"",""招考职位"":""执勤队一级警长及以下（十六）"",""职位属性"":""公安机关人民警察职位"",""职位分布"":""其他职位"",""职位简介"":""属于公安机关人民警察，从事出入境边防检查和应急处突、大型安保、侦查办案和技术保障、信息化建设等工作。实行轮流倒班工作制，夜间执勤较多，法定休息日及节假日不能保证正常休息休假。"",""职位代码"":""300130001017"",""机构层级"":""市（地）级"",""考试类别"":""行政执法类"",""招考人数"":""2"",""专业"":""计算机类（0809）、计算机科学与技术（0812）、软件工程（0835）、 智能科学与技术（1405）"",""学历"":""本科及以上"",""学位"":""与最高学历相对应的学位"",""政治面貌"":""中共党员或共青团员"",""基层工作最低年限"":""无限制"",""服务基层项目工作经历"":""无限制"",""是否在面试阶段组织专业能力测试"":""否"",""面试人员比例"":""3:1"",""工作地点"":""北京市"",""落户地点"":""北京市朝阳区"",""备注"":""1.限2026届高校毕业生报考（高等学历教育各阶段均需取得相应学历和学位，报名时需注明专业代码）。\n2.大学英语四级425分及以上，能熟练运用英语开展工作（报名时需注明英语等级和成绩）。\n3.按《公务员录用体检特殊标准（试行）》进行体检，对《公务员录用体检特殊标准（试行）》未作规定的项目，按《公务员录用体检通用标准（试行）》执行，视力标准可询招录单位。\n4.按《公安机关录用人民警察体能项目和标准》进行体能测评。\n5.按《公安机关录用人民警察政治考察工作办法》开展考察。具有《公安机关录用人民警察政治考察工作办法》第八条、第九条情形的，不得报考；父母、配偶或子女已移居国（境）外的，不得报考；非公派原因，曾六个月以上在国（境）外留学、工作、生活的，不得报考。\n6.提供集体宿舍。可为符合条件人员办理集体户口。工资待遇按人民警察标准执行，享受加班补贴和值勤岗位津贴。\n7.在本单位最低服务年限五年（含试用期）。\n8.请考生及时关注“移民管理警察招考小助手”微信小程序发布的报考信息。"",""部门网站"":""https://rczk.nia.gov.cn，电子邮箱bjbjzzzl@163.com"",""咨询电话1"":""010-56095038"",""咨询电话2"":""010-56095219"",""咨询电话3"":"""",""来源Sheet"":""中央国家行政机关省级以下直属机构""}}"
"government_jobs","国家公务员2026招考简章","公务员/事业单位技术岗位","北京市","2026-07-28T09:12:58.310295+00:00","执勤队一级警长及以下（二十一）","北京出入境边防检查总站","","北京市","公务员/事业单位;2026;computer_software;data_ai;本科及以上;与最高学历相对应的学位;审计学（120207）、数据科学与大数据技术（080910T）;行政执法类","用人司局：北京出入境边防检查总站
职位简介：属于公安机关人民警察，从事出入境边防检查和应急处突、大型安保、侦查办案和财务审计、数据分析应用等工作。实行轮流倒班工作制，夜间执勤较多，法定休息日及节假日不能保证正常休息休假。
专业要求：审计学（120207）、数据科学与大数据技术（080910T）
学历要求：本科及以上
学位要求：与最高学历相对应的学位
政治面貌：中共党员或共青团员
基层工作经历：五年以上
考试类别：行政执法类
备注：1.高等学历教育各阶段均需取得相应学历和学位，报名时需注明专业代码。
2.大学英语四级425分及以上，能熟练运用英语开展工作（报名时需注明英语等级和成绩）。
3.按《公务员录用体检特殊标准（试行）》进行体检，对《公务员录用体检特殊标准（试行）》未作规定的项目，按《公务员录用体检通用标准（试行）》执行，视力标准可询招录单位。
4.按《公安机关录用人民警察体能项目和标准》进行体能测评。
5.按《公安机关录用人民警察政治考察工作办法》开展考察。具有《公安机关录用人民警察政治考察工作办法》第八条、第九条情形的，不得报考；父母、配偶或子女已移居国（境）外的，不得报考；非公派原因，曾六个月以上在国（境）外留学、工作、生活的，不得报考。
6.仅限男性报考。
7.提供集体宿舍。可为符合条件人员办理集体户口。工资待遇按人民警察标准执行，享受加班补贴和值勤岗位津贴。
8.在本单位最低服务年限五年（含试用期）。
9.请考生及时关注“移民管理警察招考小助手”微信小程序发布的报考信息。","http://bm.scs.gov.cn/kl2026#158101-300130001022","2025-10-14","{""dataset_year"":2026,""job_uid"":""GOV-2026-158101-300130001022"",""publisher"":""国家公务员局"",""publication_page"":""http://bm.scs.gov.cn/kl2026"",""attachment_url"":""local://2026_guokao_zhaokaojianzhang.zip"",""local_source_file"":""中央机关及其直属机构2026年度考试录用公务员招考简章.xls"",""local_source_sha256"":""2670bae1df1dd07a3a3c79b9db46a11e3bb15a6c9c249e6af98bfd0b61ce3aaf"",""source_sheet"":""中央国家行政机关省级以下直属机构"",""filter_version"":""government_tech_v2"",""tech_filter"":{""is_tech"":true,""is_core_tech"":true,""scope"":""core"",""categories"":[""computer_software"",""data_ai""],""matched_fields"":[""major"",""description""],""major_terms"":[""大数据"",""数据科学与大数据技术""],""role_terms"":[""数据分析""],""reason"":""tech_major_and_role""},""original"":{""部门代码"":""158101"",""部门名称"":""北京出入境边防检查总站"",""用人司局"":""北京出入境边防检查总站"",""机构性质"":""中央国家行政机关省级以下直属机构"",""招考职位"":""执勤队一级警长及以下（二十一）"",""职位属性"":""公安机关人民警察职位"",""职位分布"":""其他职位"",""职位简介"":""属于公安机关人民警察，从事出入境边防检查和应急处突、大型安保、侦查办案和财务审计、数据分析应用等工作。实行轮流倒班工作制，夜间执勤较多，法定休息日及节假日不能保证正常休息休假。"",""职位代码"":""300130001022"",""机构层级"":""市（地）级"",""考试类别"":""行政执法类"",""招考人数"":""3"",""专业"":""审计学（120207）、数据科学与大数据技术（080910T）"",""学历"":""本科及以上"",""学位"":""与最高学历相对应的学位"",""政治面貌"":""中共党员或共青团员"",""基层工作最低年限"":""五年以上"",""服务基层项目工作经历"":""在军队服役5年（含）以上的高校毕业生退役士兵"",""是否在面试阶段组织专业能力测试"":""否"",""面试人员比例"":""3:1"",""工作地点"":""北京市"",""落户地点"":""北京市朝阳区"",""备注"":""1.高等学历教育各阶段均需取得相应学历和学位，报名时需注明专业代码。\n2.大学英语四级425分及以上，能熟练运用英语开展工作（报名时需注明英语等级和成绩）。\n3.按《公务员录用体检特殊标准（试行）》进行体检，对《公务员录用体检特殊标准（试行）》未作规定的项目，按《公务员录用体检通用标准（试行）》执行，视力标准可询招录单位。\n4.按《公安机关录用人民警察体能项目和标准》进行体能测评。\n5.按《公安机关录用人民警察政治考察工作办法》开展考察。具有《公安机关录用人民警察政治考察工作办法》第八条、第九条情形的，不得报考；父母、配偶或子女已移居国（境）外的，不得报考；非公派原因，曾六个月以上在国（境）外留学、工作、生活的，不得报考。\n6.仅限男性报考。\n7.提供集体宿舍。可为符合条件人员办理集体户口。工资待遇按人民警察标准执行，享受加班补贴和值勤岗位津贴。\n8.在本单位最低服务年限五年（含试用期）。\n9.请考生及时关注“移民管理警察招考小助手”微信小程序发布的报考信息。"",""部门网站"":""https://rczk.nia.gov.cn，电子邮箱bjbjzzzl@163.com"",""咨询电话1"":""010-56095038"",""咨询电话2"":""010-56095219"",""咨询电话3"":"""",""来源Sheet"":""中央国家行政机关省级以下直属机构""}}"
"government_jobs","国家公务员2026招考简章","公务员/事业单位技术岗位","广东省广州市","2026-07-28T09:12:58.310295+00:00","白云边检站警务技术一级主管及以下（二）","广州出入境边防检查总站","","广东省广州市","公务员/事业单位;2026;computer_software;cybersecurity_cryptography;data_ai;electronics_communication;仅限硕士研究生;硕士;计算机科学与技术、软件工程、大数据科学与技术、大数据技术与工程、大数据科学与应用、大数据管理与工程、大数据管理与应用、大数据管理、大数据与数据科学、电子信息、电子科学与技术、信息与通信工程、网络与信息安全、信息安全、信息安全工程;市（地）级及以下直属机构综合管理类","用人司局：广州出入境边防检查总站
职位简介：属于公安机关人民警察，从事出入境边防检查、监护、巡查和应急处突、大型安保、侦查办案等实战工作。24小时倒班，夜间户外执勤较多。今后视工作需要调整至出入境相关系统开发运维、通信网络保障、出入境数据分析核查等岗位。
专业要求：计算机科学与技术、软件工程、大数据科学与技术、大数据技术与工程、大数据科学与应用、大数据管理与工程、大数据管理与应用、大数据管理、大数据与数据科学、电子信息、电子科学与技术、信息与通信工程、网络与信息安全、信息安全、信息安全工程
学历要求：仅限硕士研究生
学位要求：硕士
政治面貌：中共党员或共青团员
基层工作经历：无限制
考试类别：市（地）级及以下直属机构综合管理类
备注：1．限应届高校毕业生报考（高等学历教育各阶段均需取得相应学历和学位）。
2．本职位所列专业为专业目录对应的具体专业，非专业类别。
3．大学英语等级考试四级425分以上。
4．按《公务员录用体检特殊标准（试行）》进行体检，对《公务员录用体检特殊标准（试行）》未作规定的项目，按《公务员录用体检通用标准（试行）》执行，视力标准可询招录单位。
5．按《公安机关录用人民警察体能测评项目和标准》进行体能测评。
6．按《公安机关录用人民警察政治考察工作办法》开展考察。具有《公安机关录用人民警察政治考察工作办法》第八条、第九条情形的，不得报考；父母、配偶或子女已移居国（境）外的，不得报考；非公派原因，曾六个月以上在国（境）外留学、工作、生活的，不得报考。
7．工资待遇按人民警察标准执行；可为符合条件人员办理集体户口。
8．请考生及时关注“移民管理警察招考小助手”微信小程序发布的报考信息。","http://bm.scs.gov.cn/kl2026#158104-300130264002","2025-10-14","{""dataset_year"":2026,""job_uid"":""GOV-2026-158104-300130264002"",""publisher"":""国家公务员局"",""publication_page"":""http://bm.scs.gov.cn/kl2026"",""attachment_url"":""local://2026_guokao_zhaokaojianzhang.zip"",""local_source_file"":""中央机关及其直属机构2026年度考试录用公务员招考简章.xls"",""local_source_sha256"":""2670bae1df1dd07a3a3c79b9db46a11e3bb15a6c9c249e6af98bfd0b61ce3aaf"",""source_sheet"":""中央国家行政机关省级以下直属机构"",""filter_version"":""government_tech_v2"",""tech_filter"":{""is_tech"":true,""is_core_tech"":true,""scope"":""core"",""categories"":[""computer_software"",""cybersecurity_cryptography"",""data_ai"",""electronics_communication""],""matched_fields"":[""major"",""description""],""major_terms"":[""信息与通信工程"",""信息安全"",""大数据"",""数据科学"",""电子信息"",""电子科学与技术"",""计算机科学与技术"",""软件工程"",""通信工程""],""role_terms"":[""数据分析"",""系统开发"",""通信网络""],""reason"":""tech_major_and_role""},""original"":{""部门代码"":""158104"",""部门名称"":""广州出入境边防检查总站"",""用人司局"":""广州出入境边防检查总站"",""机构性质"":""中央国家行政机关省级以下直属机构"",""招考职位"":""白云边检站警务技术一级主管及以下（二）"",""职位属性"":""公安机关人民警察职位"",""职位分布"":""其他职位"",""职位简介"":""属于公安机关人民警察，从事出入境边防检查、监护、巡查和应急处突、大型安保、侦查办案等实战工作。24小时倒班，夜间户外执勤较多。今后视工作需要调整至出入境相关系统开发运维、通信网络保障、出入境数据分析核查等岗位。"",""职位代码"":""300130264002"",""机构层级"":""市（地）级"",""考试类别"":""市（地）级及以下直属机构综合管理类"",""招考人数"":""1"",""专业"":""计算机科学与技术、软件工程、大数据科学与技术、大数据技术与工程、大数据科学与应用、大数据管理与工程、大数据管理与应用、大数据管理、大数据与数据科学、电子信息、电子科学与技术、信息与通信工程、网络与信息安全、信息安全、信息安全工程"",""学历"":""仅限硕士研究生"",""学位"":""硕士"",""政治面貌"":""中共党员或共青团员"",""基层工作最低年限"":""无限制"",""服务基层项目工作经历"":""无限制"",""是否在面试阶段组织专业能力测试"":""否"",""面试人员比例"":""3:1"",""工作地点"":""广东省广州市"",""落户地点"":""广东省广州市"",""备注"":""1．限应届高校毕业生报考（高等学历教育各阶段均需取得相应学历和学位）。\n2．本职位所列专业为专业目录对应的具体专业，非专业类别。\n3．大学英语等级考试四级425分以上。\n4．按《公务员录用体检特殊标准（试行）》进行体检，对《公务员录用体检特殊标准（试行）》未作规定的项目，按《公务员录用体检通用标准（试行）》执行，视力标准可询招录单位。\n5．按《公安机关录用人民警察体能测评项目和标准》进行体能测评。\n6．按《公安机关录用人民警察政治考察工作办法》开展考察。具有《公安机关录用人民警察政治考察工作办法》第八条、第九条情形的，不得报考；父母、配偶或子女已移居国（境）外的，不得报考；非公派原因，曾六个月以上在国（境）外留学、工作、生活的，不得报考。\n7．工资待遇按人民警察标准执行；可为符合条件人员办理集体户口。\n8．请考生及时关注“移民管理警察招考小助手”微信小程序发布的报考信息。"",""部门网站"":""https://rczk.nia.gov.cn"",""咨询电话1"":""020-82133628"",""咨询电话2"":"""",""咨询电话3"":"""",""来源Sheet"":""中央国家行政机关省级以下直属机构""}}"
"government_jobs","国家公务员2026招考简章","公务员/事业单位技术岗位","广东省广州市","2026-07-28T09:12:58.310295+00:00","南沙边检站警务技术一级主管及以下","广州出入境边防检查总站","","广东省广州市","公务员/事业单位;2026;computer_software;cybersecurity_cryptography;data_ai;electronics_communication;仅限硕士研究生;硕士;计算机科学与技术、软件工程、大数据科学与技术、大数据技术与工程、大数据科学与应用、大数据管理与工程、大数据管理与应用、大数据管理、大数据与数据科学、电子信息、电子科学与技术、信息与通信工程、网络与信息安全、信息安全、信息安全工程;市（地）级及以下直属机构综合管理类","用人司局：广州出入境边防检查总站
职位简介：属于公安机关人民警察，从事出入境边防检查、监护、巡查和应急处突、大型安保、侦查办案等实战工作。24小时倒班，夜间户外执勤较多。今后视工作需要调整至出入境相关系统开发运维、通信网络保障、出入境数据分析核查等岗位。
专业要求：计算机科学与技术、软件工程、大数据科学与技术、大数据技术与工程、大数据科学与应用、大数据管理与工程、大数据管理与应用、大数据管理、大数据与数据科学、电子信息、电子科学与技术、信息与通信工程、网络与信息安全、信息安全、信息安全工程
学历要求：仅限硕士研究生
学位要求：硕士
政治面貌：中共党员或共青团员
基层工作经历：二年
考试类别：市（地）级及以下直属机构综合管理类
备注：1．限服务期满、考核合格的大学生村官、农村义务教育阶段学校教师特设岗位计划、“三支一扶”计划、大学生志愿服务西部计划人员以及在军队服役5年以上的高校毕业生退役士兵报考。
2．本职位所列专业为专业目录对应的具体专业，非专业类别。
3．大学英语等级考试四级425分以上。
4．按《公务员录用体检特殊标准（试行）》进行体检，对《公务员录用体检特殊标准（试行）》未作规定的项目，按《公务员录用体检通用标准（试行）》执行，视力标准可询招录单位。
5．按《公安机关录用人民警察体能测评项目和标准》进行体能测评。
6．按《公安机关录用人民警察政治考察工作办法》开展考察。具有《公安机关录用人民警察政治考察工作办法》第八条、第九条情形的，不得报考；父母、配偶或子女已移居国（境）外的，不得报考；非公派原因，曾六个月以上在国（境）外留学、工作、生活的，不得报考。
7．工资待遇按人民警察标准执行；可为符合条件人员办理集体户口。
8．仅限男性报考。
9．请考生及时关注“移民管理警察招考小助手”微信小程序发布的报考信息。","http://bm.scs.gov.cn/kl2026#158104-300130264005","2025-10-14","{""dataset_year"":2026,""job_uid"":""GOV-2026-158104-300130264005"",""publisher"":""国家公务员局"",""publication_page"":""http://bm.scs.gov.cn/kl2026"",""attachment_url"":""local://2026_guokao_zhaokaojianzhang.zip"",""local_source_file"":""中央机关及其直属机构2026年度考试录用公务员招考简章.xls"",""local_source_sha256"":""2670bae1df1dd07a3a3c79b9db46a11e3bb15a6c9c249e6af98bfd0b61ce3aaf"",""source_sheet"":""中央国家行政机关省级以下直属机构"",""filter_version"":""government_tech_v2"",""tech_filter"":{""is_tech"":true,""is_core_tech"":true,""scope"":""core"",""categories"":[""computer_software"",""cybersecurity_cryptography"",""data_ai"",""electronics_communication""],""matched_fields"":[""major"",""description""],""major_terms"":[""信息与通信工程"",""信息安全"",""大数据"",""数据科学"",""电子信息"",""电子科学与技术"",""计算机科学与技术"",""软件工程"",""通信工程""],""role_terms"":[""数据分析"",""系统开发"",""通信网络""],""reason"":""tech_major_and_role""},""original"":{""部门代码"":""158104"",""部门名称"":""广州出入境边防检查总站"",""用人司局"":""广州出入境边防检查总站"",""机构性质"":""中央国家行政机关省级以下直属机构"",""招考职位"":""南沙边检站警务技术一级主管及以下"",""职位属性"":""公安机关人民警察职位"",""职位分布"":""其他职位"",""职位简介"":""属于公安机关人民警察，从事出入境边防检查、监护、巡查和应急处突、大型安保、侦查办案等实战工作。24小时倒班，夜间户外执勤较多。今后视工作需要调整至出入境相关系统开发运维、通信网络保障、出入境数据分析核查等岗位。"",""职位代码"":""300130264005"",""机构层级"":""市（地）级"",""考试类别"":""市（地）级及以下直属机构综合管理类"",""招考人数"":""1"",""专业"":""计算机科学与技术、软件工程、大数据科学与技术、大数据技术与工程、大数据科学与应用、大数据管理与工程、大数据管理与应用、大数据管理、大数据与数据科学、电子信息、电子科学与技术、信息与通信工程、网络与信息安全、信息安全、信息安全工程"",""学历"":""仅限硕士研究生"",""学位"":""硕士"",""政治面貌"":""中共党员或共青团员"",""基层工作最低年限"":""二年"",""服务基层项目工作经历"":""大学生村官、农村义务教育阶段学校教师特设岗位计划、“三支一扶”计划、大学生志愿服务西部计划、在军队服役5年（含）以上的高校毕业生退役士兵"",""是否在面试阶段组织专业能力测试"":""否"",""面试人员比例"":""3:1"",""工作地点"":""广东省广州市"",""落户地点"":""广东省广州市"",""备注"":""1．限服务期满、考核合格的大学生村官、农村义务教育阶段学校教师特设岗位计划、“三支一扶”计划、大学生志愿服务西部计划人员以及在军队服役5年以上的高校毕业生退役士兵报考。\n2．本职位所列专业为专业目录对应的具体专业，非专业类别。\n3．大学英语等级考试四级425分以上。\n4．按《公务员录用体检特殊标准（试行）》进行体检，对《公务员录用体检特殊标准（试行）》未作规定的项目，按《公务员录用体检通用标准（试行）》执行，视力标准可询招录单位。\n5．按《公安机关录用人民警察体能测评项目和标准》进行体能测评。\n6．按《公安机关录用人民警察政治考察工作办法》开展考察。具有《公安机关录用人民警察政治考察工作办法》第八条、第九条情形的，不得报考；父母、配偶或子女已移居国（境）外的，不得报考；非公派原因，曾六个月以上在国（境）外留学、工作、生活的，不得报考。\n7．工资待遇按人民警察标准执行；可为符合条件人员办理集体户口。\n8．仅限男性报考。\n9．请考生及时关注“移民管理警察招考小助手”微信小程序发布的报考信息。"",""部门网站"":""https://rczk.nia.gov.cn"",""咨询电话1"":""020-82133628"",""咨询电话2"":"""",""咨询电话3"":"""",""来源Sheet"":""中央国家行政机关省级以下直属机构""}}"
"government_jobs","国家公务员2026招考简章","公务员/事业单位技术岗位","广东省广州市","2026-07-28T09:12:58.310295+00:00","黄埔边检站警务技术一级主管及以下","广州出入境边防检查总站","","广东省广州市","公务员/事业单位;2026;computer_software;cybersecurity_cryptography;data_ai;electronics_communication;仅限硕士研究生;硕士;计算机科学与技术、软件工程、大数据科学与技术、大数据技术与工程、大数据科学与应用、大数据管理与工程、大数据管理与应用、大数据管理、大数据与数据科学、电子信息、电子科学与技术、信息与通信工程、网络与信息安全、信息安全、信息安全工程;市（地）级及以下直属机构综合管理类","用人司局：广州出入境边防检查总站
职位简介：属于公安机关人民警察，从事出入境边防检查、监护、巡查和应急处突、大型安保、侦查办案等实战工作。24小时倒班，夜间户外执勤较多。今后视工作需要调整至出入境相关系统开发运维、通信网络保障、出入境数据分析核查等岗位。
专业要求：计算机科学与技术、软件工程、大数据科学与技术、大数据技术与工程、大数据科学与应用、大数据管理与工程、大数据管理与应用、大数据管理、大数据与数据科学、电子信息、电子科学与技术、信息与通信工程、网络与信息安全、信息安全、信息安全工程
学历要求：仅限硕士研究生
学位要求：硕士
政治面貌：中共党员或共青团员
基层工作经历：无限制
考试类别：市（地）级及以下直属机构综合管理类
备注：1．限应届高校毕业生报考（高等学历教育各阶段均需取得相应学历和学位）。
2．本职位所列专业为专业目录对应的具体专业，非专业类别。
3．大学英语等级考试四级425分以上。
4．按《公务员录用体检特殊标准（试行）》进行体检，对《公务员录用体检特殊标准（试行）》未作规定的项目，按《公务员录用体检通用标准（试行）》执行，视力标准可询招录单位。
5．按《公安机关录用人民警察体能测评项目和标准》进行体能测评。
6．按《公安机关录用人民警察政治考察工作办法》开展考察。具有《公安机关录用人民警察政治考察工作办法》第八条、第九条情形的，不得报考；父母、配偶或子女已移居国（境）外的，不得报考；非公派原因，曾六个月以上在国（境）外留学、工作、生活的，不得报考。
7．工资待遇按人民警察标准执行；可为符合条件人员办理集体户口。
8．仅限男性报考。
9．请考生及时关注“移民管理警察招考小助手”微信小程序发布的报考信息。","http://bm.scs.gov.cn/kl2026#158104-300130264010","2025-10-14","{""dataset_year"":2026,""job_uid"":""GOV-2026-158104-300130264010"",""publisher"":""国家公务员局"",""publication_page"":""http://bm.scs.gov.cn/kl2026"",""attachment_url"":""local://2026_guokao_zhaokaojianzhang.zip"",""local_source_file"":""中央机关及其直属机构2026年度考试录用公务员招考简章.xls"",""local_source_sha256"":""2670bae1df1dd07a3a3c79b9db46a11e3bb15a6c9c249e6af98bfd0b61ce3aaf"",""source_sheet"":""中央国家行政机关省级以下直属机构"",""filter_version"":""government_tech_v2"",""tech_filter"":{""is_tech"":true,""is_core_tech"":true,""scope"":""core"",""categories"":[""computer_software"",""cybersecurity_cryptography"",""data_ai"",""electronics_communication""],""matched_fields"":[""major"",""description""],""major_terms"":[""信息与通信工程"",""信息安全"",""大数据"",""数据科学"",""电子信息"",""电子科学与技术"",""计算机科学与技术"",""软件工程"",""通信工程""],""role_terms"":[""数据分析"",""系统开发"",""通信网络""],""reason"":""tech_major_and_role""},""original"":{""部门代码"":""158104"",""部门名称"":""广州出入境边防检查总站"",""用人司局"":""广州出入境边防检查总站"",""机构性质"":""中央国家行政机关省级以下直属机构"",""招考职位"":""黄埔边检站警务技术一级主管及以下"",""职位属性"":""公安机关人民警察职位"",""职位分布"":""其他职位"",""职位简介"":""属于公安机关人民警察，从事出入境边防检查、监护、巡查和应急处突、大型安保、侦查办案等实战工作。24小时倒班，夜间户外执勤较多。今后视工作需要调整至出入境相关系统开发运维、通信网络保障、出入境数据分析核查等岗位。"",""职位代码"":""300130264010"",""机构层级"":""市（地）级"",""考试类别"":""市（地）级及以下直属机构综合管理类"",""招考人数"":""1"",""专业"":""计算机科学与技术、软件工程、大数据科学与技术、大数据技术与工程、大数据科学与应用、大数据管理与工程、大数据管理与应用、大数据管理、大数据与数据科学、电子信息、电子科学与技术、信息与通信工程、网络与信息安全、信息安全、信息安全工程"",""学历"":""仅限硕士研究生"",""学位"":""硕士"",""政治面貌"":""中共党员或共青团员"",""基层工作最低年限"":""无限制"",""服务基层项目工作经历"":""无限制"",""是否在面试阶段组织专业能力测试"":""否"",""面试人员比例"":""3:1"",""工作地点"":""广东省广州市"",""落户地点"":""广东省广州市"",""备注"":""1．限应届高校毕业生报考（高等学历教育各阶段均需取得相应学历和学位）。\n2．本职位所列专业为专业目录对应的具体专业，非专业类别。\n3．大学英语等级考试四级425分以上。\n4．按《公务员录用体检特殊标准（试行）》进行体检，对《公务员录用体检特殊标准（试行）》未作规定的项目，按《公务员录用体检通用标准（试行）》执行，视力标准可询招录单位。\n5．按《公安机关录用人民警察体能测评项目和标准》进行体能测评。\n6．按《公安机关录用人民警察政治考察工作办法》开展考察。具有《公安机关录用人民警察政治考察工作办法》第八条、第九条情形的，不得报考；父母、配偶或子女已移居国（境）外的，不得报考；非公派原因，曾六个月以上在国（境）外留学、工作、生活的，不得报考。\n7．工资待遇按人民警察标准执行；可为符合条件人员办理集体户口。\n8．仅限男性报考。\n9．请考生及时关注“移民管理警察招考小助手”微信小程序发布的报考信息。"",""部门网站"":""https://rczk.nia.gov.cn"",""咨询电话1"":""020-82133628"",""咨询电话2"":"""",""咨询电话3"":"""",""来源Sheet"":""中央国家行政机关省级以下直属机构""}}"
"government_jobs","国家公务员2026招考简章","公务员/事业单位技术岗位","广东省深圳市","2026-07-28T09:12:58.310295+00:00","边检站警务技术一级主管及以下（一）","深圳出入境边防检查总站","","广东省深圳市","公务员/事业单位;2026;computer_software;data_ai;electronics_communication;硕士研究生及以上;与最高学历相对应的学位;计算机科学与技术、计算机技术、软件工程、电子科学与技术、信息与通信工程、电子信息、电子与通信工程;市（地）级及以下直属机构综合管理类","用人司局：深圳出入境边防检查总站
职位简介：属于公安机关人民警察，主要从事出入境边防检查、系统开发运维、大数据分析核查、通信网络保障等工作。
专业要求：计算机科学与技术、计算机技术、软件工程、电子科学与技术、信息与通信工程、电子信息、电子与通信工程
学历要求：硕士研究生及以上
学位要求：与最高学历相对应的学位
政治面貌：中共党员或共青团员
基层工作经历：无限制
考试类别：市（地）级及以下直属机构综合管理类
备注：1．限应届高校毕业生报考（高等学历教育各阶段均需取得相应学历和学位），报名时需注明专业代码。
2．大学英语等级考试四级425分以上。
3．按《公务员录用体检特殊标准（试行）》进行体检，对《公务员录用体检特殊标准（试行）》未作规定的项目，按《公务员录用体检通用标准（试行）》执行，视力标准可询招录单位。
4．按《公安机关录用人民警察体能测评项目和标准》进行体能测评。
5．按《公安机关录用人民警察政治考察工作办法》开展考察。具有《公安机关录用人民警察政治考察工作办法》第八条、第九条情形的，不得报考；父母、配偶或子女已移居国（境）外的，不得报考；非公派原因，曾六个月以上在国（境）外留学、工作、生活的，不得报考。
6．工资待遇按人民警察标准执行，享受加班补贴和值勤岗位津贴；有固定的探亲假和休假安排。
7．仅限男性报考。
8．在本单位最低服务年限五年（含试用期）。
9．请考生及时关注“移民管理警察招考小助手”微信小程序发布的报考信息。","http://bm.scs.gov.cn/kl2026#158105-300130265001","2025-10-14","{""dataset_year"":2026,""job_uid"":""GOV-2026-158105-300130265001"",""publisher"":""国家公务员局"",""publication_page"":""http://bm.scs.gov.cn/kl2026"",""attachment_url"":""local://2026_guokao_zhaokaojianzhang.zip"",""local_source_file"":""中央机关及其直属机构2026年度考试录用公务员招考简章.xls"",""local_source_sha256"":""2670bae1df1dd07a3a3c79b9db46a11e3bb15a6c9c249e6af98bfd0b61ce3aaf"",""source_sheet"":""中央国家行政机关省级以下直属机构"",""filter_version"":""government_tech_v2"",""tech_filter"":{""is_tech"":true,""is_core_tech"":true,""scope"":""core"",""categories"":[""computer_software"",""data_ai"",""electronics_communication""],""matched_fields"":[""major"",""description""],""major_terms"":[""信息与通信工程"",""电子信息"",""电子科学与技术"",""计算机技术"",""计算机科学与技术"",""软件工程"",""通信工程""],""role_terms"":[""大数据"",""数据分析"",""系统开发"",""通信网络""],""reason"":""tech_major_and_role""},""original"":{""部门代码"":""158105"",""部门名称"":""深圳出入境边防检查总站"",""用人司局"":""深圳出入境边防检查总站"",""机构性质"":""中央国家行政机关省级以下直属机构"",""招考职位"":""边检站警务技术一级主管及以下（一）"",""职位属性"":""公安机关人民警察职位"",""职位分布"":""其他职位"",""职位简介"":""属于公安机关人民警察，主要从事出入境边防检查、系统开发运维、大数据分析核查、通信网络保障等工作。"",""职位代码"":""300130265001"",""机构层级"":""市（地）级"",""考试类别"":""市（地）级及以下直属机构综合管理类"",""招考人数"":""2"",""专业"":""计算机科学与技术、计算机技术、软件工程、电子科学与技术、信息与通信工程、电子信息、电子与通信工程"",""学历"":""硕士研究生及以上"",""学位"":""与最高学历相对应的学位"",""政治面貌"":""中共党员或共青团员"",""基层工作最低年限"":""无限制"",""服务基层项目工作经历"":""无限制"",""是否在面试阶段组织专业能力测试"":""否"",""面试人员比例"":""3:1"",""工作地点"":""广东省深圳市"",""落户地点"":""广东省深圳市"",""备注"":""1．限应届高校毕业生报考（高等学历教育各阶段均需取得相应学历和学位），报名时需注明专业代码。\n2．大学英语等级考试四级425分以上。\n3．按《公务员录用体检特殊标准（试行）》进行体检，对《公务员录用体检特殊标准（试行）》未作规定的项目，按《公务员录用体检通用标准（试行）》执行，视力标准可询招录单位。\n4．按《公安机关录用人民警察体能测评项目和标准》进行体能测评。\n5．按《公安机关录用人民警察政治考察工作办法》开展考察。具有《公安机关录用人民警察政治考察工作办法》第八条、第九条情形的，不得报考；父母、配偶或子女已移居国（境）外的，不得报考；非公派原因，曾六个月以上在国（境）外留学、工作、生活的，不得报考。\n6．工资待遇按人民警察标准执行，享受加班补贴和值勤岗位津贴；有固定的探亲假和休假安排。\n7．仅限男性报考。\n8．在本单位最低服务年限五年（含试用期）。\n9．请考生及时关注“移民管理警察招考小助手”微信小程序发布的报考信息。"",""部门网站"":""https://rczk.nia.gov.cn"",""咨询电话1"":""0755-84498360"",""咨询电话2"":""0755-84498347"",""咨询电话3"":"""",""来源Sheet"":""中央国家行政机关省级以下直属机构""}}"
"government_jobs","国家公务员2026招考简章","公务员/事业单位技术岗位","广东省深圳市","2026-07-28T09:12:58.310295+00:00","边检站警务技术一级主管及以下（二）","深圳出入境边防检查总站","","广东省深圳市","公务员/事业单位;2026;automation_robotics;computer_software;data_ai;electronics_communication;仅限硕士研究生;硕士;电子科学与技术、信息与通信工程、计算机科学与技术、软件工程、电子信息、电子与通信工程、计算机技术、控制科学与工程、智能科学与技术;市（地）级及以下直属机构综合管理类","用人司局：深圳出入境边防检查总站
职位简介：属于公安机关人民警察，主要从事出入境边防检查、系统开发运维、大数据分析核查、通信网络保障等工作。
专业要求：电子科学与技术、信息与通信工程、计算机科学与技术、软件工程、电子信息、电子与通信工程、计算机技术、控制科学与工程、智能科学与技术
学历要求：仅限硕士研究生
学位要求：硕士
政治面貌：中共党员或共青团员
基层工作经历：无限制
考试类别：市（地）级及以下直属机构综合管理类
备注：1．限应届高校毕业生报考（高等学历教育各阶段均需取得相应学历和学位），报名时需注明专业代码，电子信息专业要求人工智能方向。
2．大学英语等级考试四级425分以上。
3．按《公务员录用体检特殊标准（试行）》进行体检，对《公务员录用体检特殊标准（试行）》未作规定的项目，按《公务员录用体检通用标准（试行）》执行，视力标准可询招录单位。
4．按《公安机关录用人民警察体能测评项目和标准》进行体能测评。
5．按《公安机关录用人民警察政治考察工作办法》开展考察。具有《公安机关录用人民警察政治考察工作办法》第八条、第九条情形的，不得报考；父母、配偶或子女已移居国（境）外的，不得报考；非公派原因，曾六个月以上在国（境）外留学、工作、生活的，不得报考。
6．工资待遇按人民警察标准执行，享受加班补贴和值勤岗位津贴；有固定的探亲假和休假安排。
7．在本单位最低服务年限五年（含试用期）。
8．请考生及时关注“移民管理警察招考小助手”微信小程序发布的报考信息。","http://bm.scs.gov.cn/kl2026#158105-300130265007","2025-10-14","{""dataset_year"":2026,""job_uid"":""GOV-2026-158105-300130265007"",""publisher"":""国家公务员局"",""publication_page"":""http://bm.scs.gov.cn/kl2026"",""attachment_url"":""local://2026_guokao_zhaokaojianzhang.zip"",""local_source_file"":""中央机关及其直属机构2026年度考试录用公务员招考简章.xls"",""local_source_sha256"":""2670bae1df1dd07a3a3c79b9db46a11e3bb15a6c9c249e6af98bfd0b61ce3aaf"",""source_sheet"":""中央国家行政机关省级以下直属机构"",""filter_version"":""government_tech_v2"",""tech_filter"":{""is_tech"":true,""is_core_tech"":true,""scope"":""core"",""categories"":[""automation_robotics"",""computer_software"",""data_ai"",""electronics_communication""],""matched_fields"":[""major"",""description"",""remarks""],""major_terms"":[""信息与通信工程"",""控制科学与工程"",""智能科学与技术"",""电子信息"",""电子科学与技术"",""计算机技术"",""计算机科学与技术"",""软件工程"",""通信工程""],""role_terms"":[""人工智能"",""大数据"",""数据分析"",""电子信息"",""系统开发"",""通信网络""],""reason"":""tech_major_and_role""},""original"":{""部门代码"":""158105"",""部门名称"":""深圳出入境边防检查总站"",""用人司局"":""深圳出入境边防检查总站"",""机构性质"":""中央国家行政机关省级以下直属机构"",""招考职位"":""边检站警务技术一级主管及以下（二）"",""职位属性"":""公安机关人民警察职位"",""职位分布"":""其他职位"",""职位简介"":""属于公安机关人民警察，主要从事出入境边防检查、系统开发运维、大数据分析核查、通信网络保障等工作。"",""职位代码"":""300130265007"",""机构层级"":""市（地）级"",""考试类别"":""市（地）级及以下直属机构综合管理类"",""招考人数"":""2"",""专业"":""电子科学与技术、信息与通信工程、计算机科学与技术、软件工程、电子信息、电子与通信工程、计算机技术、控制科学与工程、智能科学与技术"",""学历"":""仅限硕士研究生"",""学位"":""硕士"",""政治面貌"":""中共党员或共青团员"",""基层工作最低年限"":""无限制"",""服务基层项目工作经历"":""无限制"",""是否在面试阶段组织专业能力测试"":""否"",""面试人员比例"":""3:1"",""工作地点"":""广东省深圳市"",""落户地点"":""广东省深圳市"",""备注"":""1．限应届高校毕业生报考（高等学历教育各阶段均需取得相应学历和学位），报名时需注明专业代码，电子信息专业要求人工智能方向。\n2．大学英语等级考试四级425分以上。\n3．按《公务员录用体检特殊标准（试行）》进行体检，对《公务员录用体检特殊标准（试行）》未作规定的项目，按《公务员录用体检通用标准（试行）》执行，视力标准可询招录单位。\n4．按《公安机关录用人民警察体能测评项目和标准》进行体能测评。\n5．按《公安机关录用人民警察政治考察工作办法》开展考察。具有《公安机关录用人民警察政治考察工作办法》第八条、第九条情形的，不得报考；父母、配偶或子女已移居国（境）外的，不得报考；非公派原因，曾六个月以上在国（境）外留学、工作、生活的，不得报考。\n6．工资待遇按人民警察标准执行，享受加班补贴和值勤岗位津贴；有固定的探亲假和休假安排。\n7．在本单位最低服务年限五年（含试用期）。\n8．请考生及时关注“移民管理警察招考小助手”微信小程序发布的报考信息。"",""部门网站"":""https://rczk.nia.gov.cn"",""咨询电话1"":""0755-84498360"",""咨询电话2"":""0755-84498347"",""咨询电话3"":"""",""来源Sheet"":""中央国家行政机关省级以下直属机构""}}"
"government_jobs","国家公务员2026招考简章","公务员/事业单位技术岗位","广东省深圳市","2026-07-28T09:12:58.310295+00:00","边检站一级警长及以下（十）","深圳出入境边防检查总站","","广东省深圳市","公务员/事业单位;2026;computer_software;cybersecurity_cryptography;data_ai;本科及以上;与最高学历相对应的学位;新媒体技术、网络与新媒体、影视摄影与制作、信息安全、网络空间安全、数据科学与大数据技术、大数据管理与应用、数据计算及应用、网络工程、人工智能;行政执法类","用人司局：深圳出入境边防检查总站
职位简介：属于公安机关人民警察，主要从事出入境边防检查、新媒体运营、融媒体平台搭建维护、系统开发运维、大数据分析核查等工作。
专业要求：新媒体技术、网络与新媒体、影视摄影与制作、信息安全、网络空间安全、数据科学与大数据技术、大数据管理与应用、数据计算及应用、网络工程、人工智能
学历要求：本科及以上
学位要求：与最高学历相对应的学位
政治面貌：中共党员或共青团员
基层工作经历：无限制
考试类别：行政执法类
备注：1．限应届高校毕业生报考（高等学历教育各阶段均需取得相应学历和学位），报名时需注明专业代码。
2．大学英语等级考试四级425分以上。
3．按《公务员录用体检特殊标准（试行）》进行体检，对《公务员录用体检特殊标准（试行）》未作规定的项目，按《公务员录用体检通用标准（试行）》执行，视力标准可询招录单位。
4．按《公安机关录用人民警察体能测评项目和标准》进行体能测评。
5．按《公安机关录用人民警察政治考察工作办法》开展考察。具有《公安机关录用人民警察政治考察工作办法》第八条、第九条情形的，不得报考；父母、配偶或子女已移居国（境）外的，不得报考；非公派原因，曾六个月以上在国（境）外留学、工作、生活的，不得报考。
6．工资待遇按人民警察标准执行，享受加班补贴和值勤岗位津贴；有固定的探亲假和休假安排。
7．仅限男性报考。
8．在本单位最低服务年限五年（含试用期）。
9．请考生及时关注“移民管理警察招考小助手”微信小程序发布的报考信息。","http://bm.scs.gov.cn/kl2026#158105-300130265012","2025-10-14","{""dataset_year"":2026,""job_uid"":""GOV-2026-158105-300130265012"",""publisher"":""国家公务员局"",""publication_page"":""http://bm.scs.gov.cn/kl2026"",""attachment_url"":""local://2026_guokao_zhaokaojianzhang.zip"",""local_source_file"":""中央机关及其直属机构2026年度考试录用公务员招考简章.xls"",""local_source_sha256"":""2670bae1df1dd07a3a3c79b9db46a11e3bb15a6c9c249e6af98bfd0b61ce3aaf"",""source_sheet"":""中央国家行政机关省级以下直属机构"",""filter_version"":""government_tech_v2"",""tech_filter"":{""is_tech"":true,""is_core_tech"":true,""scope"":""core"",""categories"":[""computer_software"",""cybersecurity_cryptography"",""data_ai""],""matched_fields"":[""major"",""description""],""major_terms"":[""人工智能"",""信息安全"",""大数据"",""数据科学与大数据技术"",""网络工程"",""网络空间安全""],""role_terms"":[""大数据"",""数据分析"",""系统开发""],""reason"":""tech_major_and_role""},""original"":{""部门代码"":""158105"",""部门名称"":""深圳出入境边防检查总站"",""用人司局"":""深圳出入境边防检查总站"",""机构性质"":""中央国家行政机关省级以下直属机构"",""招考职位"":""边检站一级警长及以下（十）"",""职位属性"":""公安机关人民警察职位"",""职位分布"":""其他职位"",""职位简介"":""属于公安机关人民警察，主要从事出入境边防检查、新媒体运营、融媒体平台搭建维护、系统开发运维、大数据分析核查等工作。"",""职位代码"":""300130265012"",""机构层级"":""市（地）级"",""考试类别"":""行政执法类"",""招考人数"":""2"",""专业"":""新媒体技术、网络与新媒体、影视摄影与制作、信息安全、网络空间安全、数据科学与大数据技术、大数据管理与应用、数据计算及应用、网络工程、人工智能"",""学历"":""本科及以上"",""学位"":""与最高学历相对应的学位"",""政治面貌"":""中共党员或共青团员"",""基层工作最低年限"":""无限制"",""服务基层项目工作经历"":""无限制"",""是否在面试阶段组织专业能力测试"":""否"",""面试人员比例"":""3:1"",""工作地点"":""广东省深圳市"",""落户地点"":""广东省深圳市"",""备注"":""1．限应届高校毕业生报考（高等学历教育各阶段均需取得相应学历和学位），报名时需注明专业代码。\n2．大学英语等级考试四级425分以上。\n3．按《公务员录用体检特殊标准（试行）》进行体检，对《公务员录用体检特殊标准（试行）》未作规定的项目，按《公务员录用体检通用标准（试行）》执行，视力标准可询招录单位。\n4．按《公安机关录用人民警察体能测评项目和标准》进行体能测评。\n5．按《公安机关录用人民警察政治考察工作办法》开展考察。具有《公安机关录用人民警察政治考察工作办法》第八条、第九条情形的，不得报考；父母、配偶或子女已移居国（境）外的，不得报考；非公派原因，曾六个月以上在国（境）外留学、工作、生活的，不得报考。\n6．工资待遇按人民警察标准执行，享受加班补贴和值勤岗位津贴；有固定的探亲假和休假安排。\n7．仅限男性报考。\n8．在本单位最低服务年限五年（含试用期）。\n9．请考生及时关注“移民管理警察招考小助手”微信小程序发布的报考信息。"",""部门网站"":""https://rczk.nia.gov.cn"",""咨询电话1"":""0755-84498360"",""咨询电话2"":""0755-84498347"",""咨询电话3"":"""",""来源Sheet"":""中央国家行政机关省级以下直属机构""}}"
"government_jobs","国家公务员2026招考简章","公务员/事业单位技术岗位","广东省深圳市","2026-07-28T09:12:58.310295+00:00","边检站一级警长及以下（十一）","深圳出入境边防检查总站","","广东省深圳市","公务员/事业单位;2026;computer_software;cybersecurity_cryptography;本科及以上;与最高学历相对应的学位;密码科学与技术、保密技术、保密管理;行政执法类","用人司局：深圳出入境边防检查总站
职位简介：属于公安机关人民警察，主要从事出入境边防检查、相关文件传输及设备安全保障、文件档案安全管理等工作。
专业要求：密码科学与技术、保密技术、保密管理
学历要求：本科及以上
学位要求：与最高学历相对应的学位
政治面貌：中共党员或共青团员
基层工作经历：无限制
考试类别：行政执法类
备注：1．限应届高校毕业生报考（高等学历教育各阶段均需取得相应学历和学位），报名时需注明专业代码。
2．大学英语等级考试四级425分以上。
3．按《公务员录用体检特殊标准（试行）》进行体检，对《公务员录用体检特殊标准（试行）》未作规定的项目，按《公务员录用体检通用标准（试行）》执行，视力标准可询招录单位。
4．按《公安机关录用人民警察体能测评项目和标准》进行体能测评。
5．按《公安机关录用人民警察政治考察工作办法》开展考察。具有《公安机关录用人民警察政治考察工作办法》第八条、第九条情形的，不得报考；父母、配偶或子女已移居国（境）外的，不得报考；非公派原因，曾六个月以上在国（境）外留学、工作、生活的，不得报考。
6．工资待遇按人民警察标准执行，享受加班补贴和值勤岗位津贴；有固定的探亲假和休假安排。
7．仅限男性报考。
8．在本单位最低服务年限五年（含试用期）。
9．请考生及时关注“移民管理警察招考小助手”微信小程序发布的报考信息。","http://bm.scs.gov.cn/kl2026#158105-300130265013","2025-10-14","{""dataset_year"":2026,""job_uid"":""GOV-2026-158105-300130265013"",""publisher"":""国家公务员局"",""publication_page"":""http://bm.scs.gov.cn/kl2026"",""attachment_url"":""local://2026_guokao_zhaokaojianzhang.zip"",""local_source_file"":""中央机关及其直属机构2026年度考试录用公务员招考简章.xls"",""local_source_sha256"":""2670bae1df1dd07a3a3c79b9db46a11e3bb15a6c9c249e6af98bfd0b61ce3aaf"",""source_sheet"":""中央国家行政机关省级以下直属机构"",""filter_version"":""government_tech_v2"",""tech_filter"":{""is_tech"":true,""is_core_tech"":true,""scope"":""core"",""categories"":[""computer_software"",""cybersecurity_cryptography""],""matched_fields"":[""major"",""description""],""major_terms"":[""保密技术"",""密码科学"",""密码科学与技术""],""role_terms"":[""设备安全保障""],""reason"":""tech_major_and_role""},""original"":{""部门代码"":""158105"",""部门名称"":""深圳出入境边防检查总站"",""用人司局"":""深圳出入境边防检查总站"",""机构性质"":""中央国家行政机关省级以下直属机构"",""招考职位"":""边检站一级警长及以下（十一）"",""职位属性"":""公安机关人民警察职位"",""职位分布"":""其他职位"",""职位简介"":""属于公安机关人民警察，主要从事出入境边防检查、相关文件传输及设备安全保障、文件档案安全管理等工作。"",""职位代码"":""300130265013"",""机构层级"":""市（地）级"",""考试类别"":""行政执法类"",""招考人数"":""1"",""专业"":""密码科学与技术、保密技术、保密管理"",""学历"":""本科及以上"",""学位"":""与最高学历相对应的学位"",""政治面貌"":""中共党员或共青团员"",""基层工作最低年限"":""无限制"",""服务基层项目工作经历"":""无限制"",""是否在面试阶段组织专业能力测试"":""否"",""面试人员比例"":""3:1"",""工作地点"":""广东省深圳市"",""落户地点"":""广东省深圳市"",""备注"":""1．限应届高校毕业生报考（高等学历教育各阶段均需取得相应学历和学位），报名时需注明专业代码。\n2．大学英语等级考试四级425分以上。\n3．按《公务员录用体检特殊标准（试行）》进行体检，对《公务员录用体检特殊标准（试行）》未作规定的项目，按《公务员录用体检通用标准（试行）》执行，视力标准可询招录单位。\n4．按《公安机关录用人民警察体能测评项目和标准》进行体能测评。\n5．按《公安机关录用人民警察政治考察工作办法》开展考察。具有《公安机关录用人民警察政治考察工作办法》第八条、第九条情形的，不得报考；父母、配偶或子女已移居国（境）外的，不得报考；非公派原因，曾六个月以上在国（境）外留学、工作、生活的，不得报考。\n6．工资待遇按人民警察标准执行，享受加班补贴和值勤岗位津贴；有固定的探亲假和休假安排。\n7．仅限男性报考。\n8．在本单位最低服务年限五年（含试用期）。\n9．请考生及时关注“移民管理警察招考小助手”微信小程序发布的报考信息。"",""部门网站"":""https://rczk.nia.gov.cn"",""咨询电话1"":""0755-84498360"",""咨询电话2"":""0755-84498347"",""咨询电话3"":"""",""来源Sheet"":""中央国家行政机关省级以下直属机构""}}"
"government_jobs","国家公务员2026招考简章","公务员/事业单位技术岗位","广东省深圳市","2026-07-28T09:12:58.310295+00:00","边检站一级警长及以下（十六）","深圳出入境边防检查总站","","广东省深圳市","公务员/事业单位;2026;computer_software;cybersecurity_cryptography;data_ai;electronics_communication;本科及以上;与最高学历相对应的学位;计算机类、电子信息类、建筑类、土木类、工程造价、密码科学与技术、保密管理、统计学类、档案学、物业管理、土地资源管理;行政执法类","用人司局：深圳出入境边防检查总站
职位简介：属于公安机关人民警察，主要从事出入境边防检查、系统开发运维、大数据分析核查、相关文件传输及设备安全保障、文件档案管理、警务保障等工作。
专业要求：计算机类、电子信息类、建筑类、土木类、工程造价、密码科学与技术、保密管理、统计学类、档案学、物业管理、土地资源管理
学历要求：本科及以上
学位要求：与最高学历相对应的学位
政治面貌：中共党员
基层工作经历：二年
考试类别：行政执法类
备注：1．限服务期满且考核合格的大学生村官、农村义务教育阶段学校教师特设岗位计划、“三支一扶”计划、大学生志愿服务西部计划人员以及在军队服役5年（含）以上的高校毕业生退役士兵报考。报名时需注明专业代码。
2．大学英语等级考试四级425分以上。
3．按《公务员录用体检特殊标准（试行）》进行体检，对《公务员录用体检特殊标准（试行）》未作规定的项目，按《公务员录用体检通用标准（试行）》执行，视力标准可询招录单位。
4．按《公安机关录用人民警察体能测评项目和标准》进行体能测评。
5．按《公安机关录用人民警察政治考察工作办法》开展考察。具有《公安机关录用人民警察政治考察工作办法》第八条、第九条情形的，不得报考；父母、配偶或子女已移居国（境）外的，不得报考；非公派原因，曾六个月以上在国（境）外留学、工作、生活的，不得报考。
6．工资待遇按人民警察标准执行，享受加班补贴和值勤岗位津贴；有固定的探亲假和休假安排。
7．仅限男性报考。
8．在本单位最低服务年限五年（含试用期）。
9．请考生及时关注“移民管理警察招考小助手”微信小程序发布的报考信息。","http://bm.scs.gov.cn/kl2026#158105-300130265018","2025-10-14","{""dataset_year"":2026,""job_uid"":""GOV-2026-158105-300130265018"",""publisher"":""国家公务员局"",""publication_page"":""http://bm.scs.gov.cn/kl2026"",""attachment_url"":""local://2026_guokao_zhaokaojianzhang.zip"",""local_source_file"":""中央机关及其直属机构2026年度考试录用公务员招考简章.xls"",""local_source_sha256"":""2670bae1df1dd07a3a3c79b9db46a11e3bb15a6c9c249e6af98bfd0b61ce3aaf"",""source_sheet"":""中央国家行政机关省级以下直属机构"",""filter_version"":""government_tech_v2"",""tech_filter"":{""is_tech"":true,""is_core_tech"":true,""scope"":""core"",""categories"":[""computer_software"",""cybersecurity_cryptography"",""data_ai"",""electronics_communication""],""matched_fields"":[""major"",""description""],""major_terms"":[""密码科学"",""密码科学与技术"",""电子信息类"",""计算机类""],""role_terms"":[""大数据"",""数据分析"",""系统开发"",""设备安全保障""],""reason"":""tech_major_and_role""},""original"":{""部门代码"":""158105"",""部门名称"":""深圳出入境边防检查总站"",""用人司局"":""深圳出入境边防检查总站"",""机构性质"":""中央国家行政机关省级以下直属机构"",""招考职位"":""边检站一级警长及以下（十六）"",""职位属性"":""公安机关人民警察职位"",""职位分布"":""其他职位"",""职位简介"":""属于公安机关人民警察，主要从事出入境边防检查、系统开发运维、大数据分析核查、相关文件传输及设备安全保障、文件档案管理、警务保障等工作。"",""职位代码"":""300130265018"",""机构层级"":""市（地）级"",""考试类别"":""行政执法类"",""招考人数"":""2"",""专业"":""计算机类、电子信息类、建筑类、土木类、工程造价、密码科学与技术、保密管理、统计学类、档案学、物业管理、土地资源管理"",""学历"":""本科及以上"",""学位"":""与最高学历相对应的学位"",""政治面貌"":""中共党员"",""基层工作最低年限"":""二年"",""服务基层项目工作经历"":""大学生村官、农村义务教育阶段学校教师特设岗位计划、“三支一扶”计划、大学生志愿服务西部计划、在军队服役5年（含）以上的高校毕业生退役士兵"",""是否在面试阶段组织专业能力测试"":""否"",""面试人员比例"":""3:1"",""工作地点"":""广东省深圳市"",""落户地点"":""广东省深圳市"",""备注"":""1．限服务期满且考核合格的大学生村官、农村义务教育阶段学校教师特设岗位计划、“三支一扶”计划、大学生志愿服务西部计划人员以及在军队服役5年（含）以上的高校毕业生退役士兵报考。报名时需注明专业代码。\n2．大学英语等级考试四级425分以上。\n3．按《公务员录用体检特殊标准（试行）》进行体检，对《公务员录用体检特殊标准（试行）》未作规定的项目，按《公务员录用体检通用标准（试行）》执行，视力标准可询招录单位。\n4．按《公安机关录用人民警察体能测评项目和标准》进行体能测评。\n5．按《公安机关录用人民警察政治考察工作办法》开展考察。具有《公安机关录用人民警察政治考察工作办法》第八条、第九条情形的，不得报考；父母、配偶或子女已移居国（境）外的，不得报考；非公派原因，曾六个月以上在国（境）外留学、工作、生活的，不得报考。\n6．工资待遇按人民警察标准执行，享受加班补贴和值勤岗位津贴；有固定的探亲假和休假安排。\n7．仅限男性报考。\n8．在本单位最低服务年限五年（含试用期）。\n9．请考生及时关注“移民管理警察招考小助手”微信小程序发布的报考信息。"",""部门网站"":""https://rczk.nia.gov.cn"",""咨询电话1"":""0755-84498360"",""咨询电话2"":""0755-84498347"",""咨询电话3"":"""",""来源Sheet"":""中央国家行政机关省级以下直属机构""}}"
"government_jobs","国家公务员2026招考简章","公务员/事业单位技术岗位","广东省潮州市","2026-07-28T09:12:58.310295+00:00","边检站一级警长及以下（十七）","深圳出入境边防检查总站","","广东省潮州市","公务员/事业单位;2026;computer_software;data_ai;本科及以上;与最高学历相对应的学位;汉语言文学、计算机科学与技术、会计学、会计;行政执法类","用人司局：深圳出入境边防检查总站
职位简介：属于公安机关人民警察，主要从事出入境边防检查、公文写作、系统开发运维、大数据分析核查、财务、审计、警务保障等工作。
专业要求：汉语言文学、计算机科学与技术、会计学、会计
学历要求：本科及以上
学位要求：与最高学历相对应的学位
政治面貌：中共党员或共青团员
基层工作经历：无限制
考试类别：行政执法类
备注：1．限应届高校毕业生报考（高等学历教育各阶段均需取得相应学历和学位），报名时需注明专业代码。
2．大学英语等级考试四级425分以上。
3．按《公务员录用体检特殊标准（试行）》进行体检，对《公务员录用体检特殊标准（试行）》未作规定的项目，按《公务员录用体检通用标准（试行）》执行，视力标准可询招录单位。
4．按《公安机关录用人民警察体能测评项目和标准》进行体能测评。
5．按《公安机关录用人民警察政治考察工作办法》开展考察。具有《公安机关录用人民警察政治考察工作办法》第八条、第九条情形的，不得报考；父母、配偶或子女已移居国（境）外的，不得报考；非公派原因，曾六个月以上在国（境）外留学、工作、生活的，不得报考。
6．工资待遇按人民警察标准执行，享受加班补贴和值勤岗位津贴；有固定的探亲假和休假安排。
7．仅限男性报考。
8．在本单位最低服务年限五年（含试用期）。
9．请考生及时关注“移民管理警察招考小助手”微信小程序发布的报考信息。","http://bm.scs.gov.cn/kl2026#158105-300130265019","2025-10-14","{""dataset_year"":2026,""job_uid"":""GOV-2026-158105-300130265019"",""publisher"":""国家公务员局"",""publication_page"":""http://bm.scs.gov.cn/kl2026"",""attachment_url"":""local://2026_guokao_zhaokaojianzhang.zip"",""local_source_file"":""中央机关及其直属机构2026年度考试录用公务员招考简章.xls"",""local_source_sha256"":""2670bae1df1dd07a3a3c79b9db46a11e3bb15a6c9c249e6af98bfd0b61ce3aaf"",""source_sheet"":""中央国家行政机关省级以下直属机构"",""filter_version"":""government_tech_v2"",""tech_filter"":{""is_tech"":true,""is_core_tech"":true,""scope"":""core"",""categories"":[""computer_software"",""data_ai""],""matched_fields"":[""major"",""description""],""major_terms"":[""计算机科学与技术""],""role_terms"":[""大数据"",""数据分析"",""系统开发""],""reason"":""tech_major_and_role""},""original"":{""部门代码"":""158105"",""部门名称"":""深圳出入境边防检查总站"",""用人司局"":""深圳出入境边防检查总站"",""机构性质"":""中央国家行政机关省级以下直属机构"",""招考职位"":""边检站一级警长及以下（十七）"",""职位属性"":""公安机关人民警察职位"",""职位分布"":""其他职位"",""职位简介"":""属于公安机关人民警察，主要从事出入境边防检查、公文写作、系统开发运维、大数据分析核查、财务、审计、警务保障等工作。"",""职位代码"":""300130265019"",""机构层级"":""市（地）级"",""考试类别"":""行政执法类"",""招考人数"":""2"",""专业"":""汉语言文学、计算机科学与技术、会计学、会计"",""学历"":""本科及以上"",""学位"":""与最高学历相对应的学位"",""政治面貌"":""中共党员或共青团员"",""基层工作最低年限"":""无限制"",""服务基层项目工作经历"":""无限制"",""是否在面试阶段组织专业能力测试"":""否"",""面试人员比例"":""3:1"",""工作地点"":""广东省潮州市"",""落户地点"":""广东省潮州市"",""备注"":""1．限应届高校毕业生报考（高等学历教育各阶段均需取得相应学历和学位），报名时需注明专业代码。\n2．大学英语等级考试四级425分以上。\n3．按《公务员录用体检特殊标准（试行）》进行体检，对《公务员录用体检特殊标准（试行）》未作规定的项目，按《公务员录用体检通用标准（试行）》执行，视力标准可询招录单位。\n4．按《公安机关录用人民警察体能测评项目和标准》进行体能测评。\n5．按《公安机关录用人民警察政治考察工作办法》开展考察。具有《公安机关录用人民警察政治考察工作办法》第八条、第九条情形的，不得报考；父母、配偶或子女已移居国（境）外的，不得报考；非公派原因，曾六个月以上在国（境）外留学、工作、生活的，不得报考。\n6．工资待遇按人民警察标准执行，享受加班补贴和值勤岗位津贴；有固定的探亲假和休假安排。\n7．仅限男性报考。\n8．在本单位最低服务年限五年（含试用期）。\n9．请考生及时关注“移民管理警察招考小助手”微信小程序发布的报考信息。"",""部门网站"":""https://rczk.nia.gov.cn"",""咨询电话1"":""0755-84498360"",""咨询电话2"":""0755-84498347"",""咨询电话3"":"""",""来源Sheet"":""中央国家行政机关省级以下直属机构""}}"
"government_jobs","国家公务员2026招考简章","公务员/事业单位技术岗位","广东省珠海市","2026-07-28T09:12:58.310295+00:00","边检站一级警长及以下（五）","珠海出入境边防检查总站","","广东省珠海市","公务员/事业单位;2026;automation_robotics;computer_software;cybersecurity_cryptography;electronics_communication;本科及以上;与最高学历相对应的学位;本科：0809计算机类、0807电子信息类、0808自动化类； 硕士研究生及以上：0809电子科学与技术、0810信息与通信工程、0812计算机科学与技术、0835软件工程、0839网络空间安全、0854电子信息;行政执法类","用人司局：珠海出入境边防检查总站
职位简介：属于公安机关人民警察，从事出入境边防检查、监护巡查、技术保障与研发、软件开发等工作。
专业要求：本科：0809计算机类、0807电子信息类、0808自动化类； 硕士研究生及以上：0809电子科学与技术、0810信息与通信工程、0812计算机科学与技术、0835软件工程、0839网络空间安全、0854电子信息
学历要求：本科及以上
学位要求：与最高学历相对应的学位
政治面貌：中共党员或共青团员
基层工作经历：无限制
考试类别：行政执法类
备注：1.限应届高校毕业生报考（高等学历教育各阶段均需取得相应学历和学位），报名时需注明专业代码。
2.大学英语等级考试四级425分以上。
3.按《公务员录用体检特殊标准（试行）》进行体检，对《公务员录用体检特殊标准（试行）》未作规定的项目，按《公务员录用体检通用标准（试行）》执行，视力标准可询招录单位。
4.按《公安机关录用人民警察体能测评项目和标准》进行体能测评。
5.按《公安机关录用人民警察政治考察工作办法》开展考察。具有《公安机关录用人民警察政治考察工作办法》第八条、第九条情形的，不得报考；父母、配偶或子女已移居国（境）外的，不得报考；非公派原因，曾六个月以上在国（境）外留学、工作、生活的，不得报考。
6.提供集体宿舍，可为符合条件人员办理集体户口，工资待遇按人民警察标准执行，享受加班补贴和值勤岗位津贴，有固定的探亲假和休假安排。
7.在本单位最低服务年限五年（含试用期）。
8.请考生及时关注“移民管理警察招考小助手”微信小程序发布的报考信息。","http://bm.scs.gov.cn/kl2026#158106-300130266005","2025-10-14","{""dataset_year"":2026,""job_uid"":""GOV-2026-158106-300130266005"",""publisher"":""国家公务员局"",""publication_page"":""http://bm.scs.gov.cn/kl2026"",""attachment_url"":""local://2026_guokao_zhaokaojianzhang.zip"",""local_source_file"":""中央机关及其直属机构2026年度考试录用公务员招考简章.xls"",""local_source_sha256"":""2670bae1df1dd07a3a3c79b9db46a11e3bb15a6c9c249e6af98bfd0b61ce3aaf"",""source_sheet"":""中央国家行政机关省级以下直属机构"",""filter_version"":""government_tech_v2"",""tech_filter"":{""is_tech"":true,""is_core_tech"":true,""scope"":""core"",""categories"":[""automation_robotics"",""computer_software"",""cybersecurity_cryptography"",""electronics_communication""],""matched_fields"":[""major"",""description""],""major_terms"":[""信息与通信工程"",""电子信息"",""电子信息类"",""电子科学与技术"",""网络空间安全"",""自动化类"",""计算机科学与技术"",""计算机类"",""软件工程"",""通信工程""],""role_terms"":[""软件"",""软件开发""],""reason"":""tech_major_and_role""},""original"":{""部门代码"":""158106"",""部门名称"":""珠海出入境边防检查总站"",""用人司局"":""珠海出入境边防检查总站"",""机构性质"":""中央国家行政机关省级以下直属机构"",""招考职位"":""边检站一级警长及以下（五）"",""职位属性"":""公安机关人民警察职位"",""职位分布"":""其他职位"",""职位简介"":""属于公安机关人民警察，从事出入境边防检查、监护巡查、技术保障与研发、软件开发等工作。"",""职位代码"":""300130266005"",""机构层级"":""市（地）级"",""考试类别"":""行政执法类"",""招考人数"":""4"",""专业"":""本科：0809计算机类、0807电子信息类、0808自动化类； 硕士研究生及以上：0809电子科学与技术、0810信息与通信工程、0812计算机科学与技术、0835软件工程、0839网络空间安全、0854电子信息"",""学历"":""本科及以上"",""学位"":""与最高学历相对应的学位"",""政治面貌"":""中共党员或共青团员"",""基层工作最低年限"":""无限制"",""服务基层项目工作经历"":""无限制"",""是否在面试阶段组织专业能力测试"":""否"",""面试人员比例"":""3:1"",""工作地点"":""广东省珠海市"",""落户地点"":""广东省珠海市"",""备注"":""1.限应届高校毕业生报考（高等学历教育各阶段均需取得相应学历和学位），报名时需注明专业代码。\n2.大学英语等级考试四级425分以上。\n3.按《公务员录用体检特殊标准（试行）》进行体检，对《公务员录用体检特殊标准（试行）》未作规定的项目，按《公务员录用体检通用标准（试行）》执行，视力标准可询招录单位。\n4.按《公安机关录用人民警察体能测评项目和标准》进行体能测评。\n5.按《公安机关录用人民警察政治考察工作办法》开展考察。具有《公安机关录用人民警察政治考察工作办法》第八条、第九条情形的，不得报考；父母、配偶或子女已移居国（境）外的，不得报考；非公派原因，曾六个月以上在国（境）外留学、工作、生活的，不得报考。\n6.提供集体宿舍，可为符合条件人员办理集体户口，工资待遇按人民警察标准执行，享受加班补贴和值勤岗位津贴，有固定的探亲假和休假安排。\n7.在本单位最低服务年限五年（含试用期）。\n8.请考生及时关注“移民管理警察招考小助手”微信小程序发布的报考信息。"",""部门网站"":""https://rczk.nia.gov.cn"",""咨询电话1"":""0756-8166220"",""咨询电话2"":""0756-8166205"",""咨询电话3"":""0756-8166233"",""来源Sheet"":""中央国家行政机关省级以下直属机构""}}"
"government_jobs","国家公务员2026招考简章","公务员/事业单位技术岗位","广东省珠海市","2026-07-28T09:12:58.310295+00:00","边检站一级警长及以下（六）","珠海出入境边防检查总站","","广东省珠海市","公务员/事业单位;2026;computer_software;cybersecurity_cryptography;electronics_communication;硕士研究生及以上;与最高学历相对应的学位;0809电子科学与技术、0810信息与通信工程、0812计算机科学与技术、0835软件工程、0839网络空间安全、0854电子信息;行政执法类","用人司局：珠海出入境边防检查总站
职位简介：属于公安机关人民警察，从事出入境边防检查、监护巡查、技术保障与研发、软件开发等工作。
专业要求：0809电子科学与技术、0810信息与通信工程、0812计算机科学与技术、0835软件工程、0839网络空间安全、0854电子信息
学历要求：硕士研究生及以上
学位要求：与最高学历相对应的学位
政治面貌：中共党员或共青团员
基层工作经历：无限制
考试类别：行政执法类
备注：1.限应届高校毕业生报考（高等学历教育各阶段均需取得相应学历和学位），报名时需注明专业代码。
2.大学英语等级考试四级425分以上。
3.按《公务员录用体检特殊标准（试行）》进行体检，对《公务员录用体检特殊标准（试行）》未作规定的项目，按《公务员录用体检通用标准（试行）》执行，视力标准可询招录单位。
4.按《公安机关录用人民警察体能测评项目和标准》进行体能测评。
5.按《公安机关录用人民警察政治考察工作办法》开展考察。具有《公安机关录用人民警察政治考察工作办法》第八条、第九条情形的，不得报考；父母、配偶或子女已移居国（境）外的，不得报考；非公派原因，曾六个月以上在国（境）外留学、工作、生活的，不得报考。
6.仅限男性报考。
7.提供集体宿舍，可为符合条件人员办理集体户口，工资待遇按人民警察标准执行，享受加班补贴和值勤岗位津贴，有固定的探亲假和休假安排。
8.在本单位最低服务年限五年（含试用期）。
9.请考生及时关注“移民管理警察招考小助手”微信小程序发布的报考信息。","http://bm.scs.gov.cn/kl2026#158106-300130266006","2025-10-14","{""dataset_year"":2026,""job_uid"":""GOV-2026-158106-300130266006"",""publisher"":""国家公务员局"",""publication_page"":""http://bm.scs.gov.cn/kl2026"",""attachment_url"":""local://2026_guokao_zhaokaojianzhang.zip"",""local_source_file"":""中央机关及其直属机构2026年度考试录用公务员招考简章.xls"",""local_source_sha256"":""2670bae1df1dd07a3a3c79b9db46a11e3bb15a6c9c249e6af98bfd0b61ce3aaf"",""source_sheet"":""中央国家行政机关省级以下直属机构"",""filter_version"":""government_tech_v2"",""tech_filter"":{""is_tech"":true,""is_core_tech"":true,""scope"":""core"",""categories"":[""computer_software"",""cybersecurity_cryptography"",""electronics_communication""],""matched_fields"":[""major"",""description""],""major_terms"":[""信息与通信工程"",""电子信息"",""电子科学与技术"",""网络空间安全"",""计算机科学与技术"",""软件工程"",""通信工程""],""role_terms"":[""软件"",""软件开发""],""reason"":""tech_major_and_role""},""original"":{""部门代码"":""158106"",""部门名称"":""珠海出入境边防检查总站"",""用人司局"":""珠海出入境边防检查总站"",""机构性质"":""中央国家行政机关省级以下直属机构"",""招考职位"":""边检站一级警长及以下（六）"",""职位属性"":""公安机关人民警察职位"",""职位分布"":""其他职位"",""职位简介"":""属于公安机关人民警察，从事出入境边防检查、监护巡查、技术保障与研发、软件开发等工作。"",""职位代码"":""300130266006"",""机构层级"":""市（地）级"",""考试类别"":""行政执法类"",""招考人数"":""4"",""专业"":""0809电子科学与技术、0810信息与通信工程、0812计算机科学与技术、0835软件工程、0839网络空间安全、0854电子信息"",""学历"":""硕士研究生及以上"",""学位"":""与最高学历相对应的学位"",""政治面貌"":""中共党员或共青团员"",""基层工作最低年限"":""无限制"",""服务基层项目工作经历"":""无限制"",""是否在面试阶段组织专业能力测试"":""否"",""面试人员比例"":""3:1"",""工作地点"":""广东省珠海市"",""落户地点"":""广东省珠海市"",""备注"":""1.限应届高校毕业生报考（高等学历教育各阶段均需取得相应学历和学位），报名时需注明专业代码。\n2.大学英语等级考试四级425分以上。\n3.按《公务员录用体检特殊标准（试行）》进行体检，对《公务员录用体检特殊标准（试行）》未作规定的项目，按《公务员录用体检通用标准（试行）》执行，视力标准可询招录单位。\n4.按《公安机关录用人民警察体能测评项目和标准》进行体能测评。\n5.按《公安机关录用人民警察政治考察工作办法》开展考察。具有《公安机关录用人民警察政治考察工作办法》第八条、第九条情形的，不得报考；父母、配偶或子女已移居国（境）外的，不得报考；非公派原因，曾六个月以上在国（境）外留学、工作、生活的，不得报考。\n6.仅限男性报考。\n7.提供集体宿舍，可为符合条件人员办理集体户口，工资待遇按人民警察标准执行，享受加班补贴和值勤岗位津贴，有固定的探亲假和休假安排。\n8.在本单位最低服务年限五年（含试用期）。\n9.请考生及时关注“移民管理警察招考小助手”微信小程序发布的报考信息。"",""部门网站"":""https://rczk.nia.gov.cn"",""咨询电话1"":""0756-8166220"",""咨询电话2"":""0756-8166205"",""咨询电话3"":""0756-8166233"",""来源Sheet"":""中央国家行政机关省级以下直属机构""}}"
"government_jobs","国家公务员2026招考简章","公务员/事业单位技术岗位","福建省福州市","2026-07-28T09:12:58.310295+00:00","福州出入境边防检查站一级警长及以下","厦门出入境边防检查总站","","福建省福州市","公务员/事业单位;2026;computer_software;data_ai;electronics_communication;硕士研究生及以上;与最高学历相对应的学位;电子信息、计算机科学与技术;行政执法类","用人司局：厦门出入境边防检查总站
职位简介：属公安机关人民警察，从事出入境边防检查、监护、巡查和应急处突、大型安保、侦查办案、警务技术、数据分析等工作。
专业要求：电子信息、计算机科学与技术
学历要求：硕士研究生及以上
学位要求：与最高学历相对应的学位
政治面貌：中共党员或共青团员
基层工作经历：无限制
考试类别：行政执法类
备注：1. 限应届高校毕业生报考（高等学历教育各阶段均需取得相应学历和学位）。
2. 仅限男性报考。
3. 大学英语等级考试四级450分以上或大学英语等级考试六级425分以上，须在外语水平一栏注明已获得的英语等级证书及成绩。
4. 具备熟练运用所学专业开展工作的资质能力。
5. 按《公务员录用体检特殊标准（试行）》进行体检，对《公务员录用体检特殊标准（试行）》未作规定的项目，按《公务员录用体检通用标准（试行）》执行，视力标准可询招录单位。
6. 按《公安机关录用人民警察体能测评项目和标准》进行体能测评。
7. 按《公安机关录用人民警察政治考察工作办法》开展考察。具有《公安机关录用人民警察政治考察工作办法》第八条、第九条情形的，不得报考；父母、配偶或子女已移居国（境）外的，不得报考；非公派原因曾六个月以上在国（境）外留学、工作、生活的，不得报考。
8. 可为符合条件人员提供集体宿舍、办理集体户口，有固定的探亲假和休假安排，工资待遇按人民警察标准执行，享受加班补贴和值勤岗位津贴。
9. 请考生及时关注“移民管理警察招考小助手”微信小程序发布的报考信息。","http://bm.scs.gov.cn/kl2026#158107-300130001002","2025-10-14","{""dataset_year"":2026,""job_uid"":""GOV-2026-158107-300130001002"",""publisher"":""国家公务员局"",""publication_page"":""http://bm.scs.gov.cn/kl2026"",""attachment_url"":""local://2026_guokao_zhaokaojianzhang.zip"",""local_source_file"":""中央机关及其直属机构2026年度考试录用公务员招考简章.xls"",""local_source_sha256"":""2670bae1df1dd07a3a3c79b9db46a11e3bb15a6c9c249e6af98bfd0b61ce3aaf"",""source_sheet"":""中央国家行政机关省级以下直属机构"",""filter_version"":""government_tech_v2"",""tech_filter"":{""is_tech"":true,""is_core_tech"":true,""scope"":""core"",""categories"":[""computer_software"",""data_ai"",""electronics_communication""],""matched_fields"":[""major"",""description""],""major_terms"":[""电子信息"",""计算机科学与技术""],""role_terms"":[""数据分析""],""reason"":""tech_major_and_role""},""original"":{""部门代码"":""158107"",""部门名称"":""厦门出入境边防检查总站"",""用人司局"":""厦门出入境边防检查总站"",""机构性质"":""中央国家行政机关省级以下直属机构"",""招考职位"":""福州出入境边防检查站一级警长及以下"",""职位属性"":""公安机关人民警察职位"",""职位分布"":""其他职位"",""职位简介"":""属公安机关人民警察，从事出入境边防检查、监护、巡查和应急处突、大型安保、侦查办案、警务技术、数据分析等工作。"",""职位代码"":""300130001002"",""机构层级"":""市（地）级"",""考试类别"":""行政执法类"",""招考人数"":""1"",""专业"":""电子信息、计算机科学与技术"",""学历"":""硕士研究生及以上"",""学位"":""与最高学历相对应的学位"",""政治面貌"":""中共党员或共青团员"",""基层工作最低年限"":""无限制"",""服务基层项目工作经历"":""无限制"",""是否在面试阶段组织专业能力测试"":""否"",""面试人员比例"":""3:1"",""工作地点"":""福建省福州市"",""落户地点"":""福建省福州市"",""备注"":""1. 限应届高校毕业生报考（高等学历教育各阶段均需取得相应学历和学位）。\n2. 仅限男性报考。\n3. 大学英语等级考试四级450分以上或大学英语等级考试六级425分以上，须在外语水平一栏注明已获得的英语等级证书及成绩。\n4. 具备熟练运用所学专业开展工作的资质能力。\n5. 按《公务员录用体检特殊标准（试行）》进行体检，对《公务员录用体检特殊标准（试行）》未作规定的项目，按《公务员录用体检通用标准（试行）》执行，视力标准可询招录单位。\n6. 按《公安机关录用人民警察体能测评项目和标准》进行体能测评。\n7. 按《公安机关录用人民警察政治考察工作办法》开展考察。具有《公安机关录用人民警察政治考察工作办法》第八条、第九条情形的，不得报考；父母、配偶或子女已移居国（境）外的，不得报考；非公派原因曾六个月以上在国（境）外留学、工作、生活的，不得报考。\n8. 可为符合条件人员提供集体宿舍、办理集体户口，有固定的探亲假和休假安排，工资待遇按人民警察标准执行，享受加班补贴和值勤岗位津贴。\n9. 请考生及时关注“移民管理警察招考小助手”微信小程序发布的报考信息。"",""部门网站"":""https://rczk.nia.gov.cn"",""咨询电话1"":""0592-6583529"",""咨询电话2"":""0592-6583580"",""咨询电话3"":""0592-6583581"",""来源Sheet"":""中央国家行政机关省级以下直属机构""}}"
"government_jobs","国家公务员2026招考简章","公务员/事业单位技术岗位","福建省福州市","2026-07-28T09:12:58.310295+00:00","福清出入境边防检查站一级警长及以下","厦门出入境边防检查总站","","福建省福州市","公务员/事业单位;2026;computer_software;data_ai;electronics_communication;硕士研究生及以上;与最高学历相对应的学位;电子信息、计算机科学与技术;行政执法类","用人司局：厦门出入境边防检查总站
职位简介：属公安机关人民警察，从事出入境边防检查、监护、巡查和应急处突、大型安保、侦查办案、警务技术、数据分析等工作。
专业要求：电子信息、计算机科学与技术
学历要求：硕士研究生及以上
学位要求：与最高学历相对应的学位
政治面貌：中共党员或共青团员
基层工作经历：无限制
考试类别：行政执法类
备注：1. 限应届高校毕业生报考（高等学历教育各阶段均需取得相应学历和学位）。
2. 仅限男性报考。
3. 大学英语等级考试四级450分以上或大学英语等级考试六级425分以上，须在外语水平一栏注明已获得的英语等级证书及成绩。
4. 具备熟练运用所学专业开展工作的资质能力。
5. 按《公务员录用体检特殊标准（试行）》进行体检，对《公务员录用体检特殊标准（试行）》未作规定的项目，按《公务员录用体检通用标准（试行）》执行，视力标准可询招录单位。
6. 按《公安机关录用人民警察体能测评项目和标准》进行体能测评。
7. 按《公安机关录用人民警察政治考察工作办法》开展考察。具有《公安机关录用人民警察政治考察工作办法》第八条、第九条情形的，不得报考；父母、配偶或子女已移居国（境）外的，不得报考；非公派原因曾六个月以上在国（境）外留学、工作、生活的，不得报考。
8. 可为符合条件人员提供集体宿舍、办理集体户口，有固定的探亲假和休假安排，工资待遇按人民警察标准执行，享受加班补贴和值勤岗位津贴。
9. 请考生及时关注“移民管理警察招考小助手”微信小程序发布的报考信息。","http://bm.scs.gov.cn/kl2026#158107-300130001003","2025-10-14","{""dataset_year"":2026,""job_uid"":""GOV-2026-158107-300130001003"",""publisher"":""国家公务员局"",""publication_page"":""http://bm.scs.gov.cn/kl2026"",""attachment_url"":""local://2026_guokao_zhaokaojianzhang.zip"",""local_source_file"":""中央机关及其直属机构2026年度考试录用公务员招考简章.xls"",""local_source_sha256"":""2670bae1df1dd07a3a3c79b9db46a11e3bb15a6c9c249e6af98bfd0b61ce3aaf"",""source_sheet"":""中央国家行政机关省级以下直属机构"",""filter_version"":""government_tech_v2"",""tech_filter"":{""is_tech"":true,""is_core_tech"":true,""scope"":""core"",""categories"":[""computer_software"",""data_ai"",""electronics_communication""],""matched_fields"":[""major"",""description""],""major_terms"":[""电子信息"",""计算机科学与技术""],""role_terms"":[""数据分析""],""reason"":""tech_major_and_role""},""original"":{""部门代码"":""158107"",""部门名称"":""厦门出入境边防检查总站"",""用人司局"":""厦门出入境边防检查总站"",""机构性质"":""中央国家行政机关省级以下直属机构"",""招考职位"":""福清出入境边防检查站一级警长及以下"",""职位属性"":""公安机关人民警察职位"",""职位分布"":""其他职位"",""职位简介"":""属公安机关人民警察，从事出入境边防检查、监护、巡查和应急处突、大型安保、侦查办案、警务技术、数据分析等工作。"",""职位代码"":""300130001003"",""机构层级"":""市（地）级"",""考试类别"":""行政执法类"",""招考人数"":""1"",""专业"":""电子信息、计算机科学与技术"",""学历"":""硕士研究生及以上"",""学位"":""与最高学历相对应的学位"",""政治面貌"":""中共党员或共青团员"",""基层工作最低年限"":""无限制"",""服务基层项目工作经历"":""无限制"",""是否在面试阶段组织专业能力测试"":""否"",""面试人员比例"":""3:1"",""工作地点"":""福建省福州市"",""落户地点"":""福建省福州市"",""备注"":""1. 限应届高校毕业生报考（高等学历教育各阶段均需取得相应学历和学位）。\n2. 仅限男性报考。\n3. 大学英语等级考试四级450分以上或大学英语等级考试六级425分以上，须在外语水平一栏注明已获得的英语等级证书及成绩。\n4. 具备熟练运用所学专业开展工作的资质能力。\n5. 按《公务员录用体检特殊标准（试行）》进行体检，对《公务员录用体检特殊标准（试行）》未作规定的项目，按《公务员录用体检通用标准（试行）》执行，视力标准可询招录单位。\n6. 按《公安机关录用人民警察体能测评项目和标准》进行体能测评。\n7. 按《公安机关录用人民警察政治考察工作办法》开展考察。具有《公安机关录用人民警察政治考察工作办法》第八条、第九条情形的，不得报考；父母、配偶或子女已移居国（境）外的，不得报考；非公派原因曾六个月以上在国（境）外留学、工作、生活的，不得报考。\n8. 可为符合条件人员提供集体宿舍、办理集体户口，有固定的探亲假和休假安排，工资待遇按人民警察标准执行，享受加班补贴和值勤岗位津贴。\n9. 请考生及时关注“移民管理警察招考小助手”微信小程序发布的报考信息。"",""部门网站"":""https://rczk.nia.gov.cn"",""咨询电话1"":""0592-6583529"",""咨询电话2"":""0592-6583580"",""咨询电话3"":""0592-6583581"",""来源Sheet"":""中央国家行政机关省级以下直属机构""}}"
"government_jobs","国家公务员2026招考简章","公务员/事业单位技术岗位","福建省漳州市","2026-07-28T09:12:58.310295+00:00","漳州出入境边防检查站一级警长及以下","厦门出入境边防检查总站","","福建省漳州市","公务员/事业单位;2026;computer_software;data_ai;electronics_communication;本科及以上;与最高学历相对应的学位;计算机类、电子信息类、法学（本科：法学030101K；研究生：法学0301、法律（法学）035102）、审计学;行政执法类","用人司局：厦门出入境边防检查总站
职位简介：属公安机关人民警察，从事出入境边防检查、监护、巡查和应急处突、大型安保、侦查办案、警务技术、数据分析等工作。
专业要求：计算机类、电子信息类、法学（本科：法学030101K；研究生：法学0301、法律（法学）035102）、审计学
学历要求：本科及以上
学位要求：与最高学历相对应的学位
政治面貌：中共党员或共青团员
基层工作经历：无限制
考试类别：行政执法类
备注：1. 限应届高校毕业生报考（高等学历教育各阶段均需取得相应学历和学位）。
2. 仅限男性报考。
3. 大学英语等级考试四级480分以上或大学英语等级考试六级425分以上，须在外语水平栏注明等级及成绩。
4. 具备熟练运用所学专业开展工作的资质能力， 法学、法律专业硕士研究生需取得国家统一法律职业资格（A类）。
5. 按《公务员录用体检特殊标准（试行）》进行体检，对《公务员录用体检特殊标准（试行）》未作规定的项目，按《公务员录用体检通用标准（试行）》执行，视力标准可询招录单位。
6. 按《公安机关录用人民警察体能测评项目和标准》进行体能测评。
7. 按《公安机关录用人民警察政治考察工作办法》开展考察。具有《公安机关录用人民警察政治考察工作办法》第八条、第九条情形的，不得报考；父母、配偶或子女已移居国（境）外的，不得报考；非公派原因曾六个月以上在国（境）外留学、工作、生活的，不得报考。
8. 可为符合条件人员提供集体宿舍、办理集体户口，有固定的探亲假和休假安排，工资待遇按人民警察标准执行，享受加班补贴和值勤岗位津贴。
9. 请考生及时关注“移民管理警察招考小助手”微信小程序发布的报考信息。","http://bm.scs.gov.cn/kl2026#158107-300130001006","2025-10-14","{""dataset_year"":2026,""job_uid"":""GOV-2026-158107-300130001006"",""publisher"":""国家公务员局"",""publication_page"":""http://bm.scs.gov.cn/kl2026"",""attachment_url"":""local://2026_guokao_zhaokaojianzhang.zip"",""local_source_file"":""中央机关及其直属机构2026年度考试录用公务员招考简章.xls"",""local_source_sha256"":""2670bae1df1dd07a3a3c79b9db46a11e3bb15a6c9c249e6af98bfd0b61ce3aaf"",""source_sheet"":""中央国家行政机关省级以下直属机构"",""filter_version"":""government_tech_v2"",""tech_filter"":{""is_tech"":true,""is_core_tech"":true,""scope"":""core"",""categories"":[""computer_software"",""data_ai"",""electronics_communication""],""matched_fields"":[""major"",""description""],""major_terms"":[""电子信息类"",""计算机类""],""role_terms"":[""数据分析""],""reason"":""tech_major_and_role""},""original"":{""部门代码"":""158107"",""部门名称"":""厦门出入境边防检查总站"",""用人司局"":""厦门出入境边防检查总站"",""机构性质"":""中央国家行政机关省级以下直属机构"",""招考职位"":""漳州出入境边防检查站一级警长及以下"",""职位属性"":""公安机关人民警察职位"",""职位分布"":""其他职位"",""职位简介"":""属公安机关人民警察，从事出入境边防检查、监护、巡查和应急处突、大型安保、侦查办案、警务技术、数据分析等工作。"",""职位代码"":""300130001006"",""机构层级"":""市（地）级"",""考试类别"":""行政执法类"",""招考人数"":""1"",""专业"":""计算机类、电子信息类、法学（本科：法学030101K；研究生：法学0301、法律（法学）035102）、审计学"",""学历"":""本科及以上"",""学位"":""与最高学历相对应的学位"",""政治面貌"":""中共党员或共青团员"",""基层工作最低年限"":""无限制"",""服务基层项目工作经历"":""无限制"",""是否在面试阶段组织专业能力测试"":""否"",""面试人员比例"":""3:1"",""工作地点"":""福建省漳州市"",""落户地点"":""福建省漳州市"",""备注"":""1. 限应届高校毕业生报考（高等学历教育各阶段均需取得相应学历和学位）。\n2. 仅限男性报考。\n3. 大学英语等级考试四级480分以上或大学英语等级考试六级425分以上，须在外语水平栏注明等级及成绩。\n4. 具备熟练运用所学专业开展工作的资质能力， 法学、法律专业硕士研究生需取得国家统一法律职业资格（A类）。\n5. 按《公务员录用体检特殊标准（试行）》进行体检，对《公务员录用体检特殊标准（试行）》未作规定的项目，按《公务员录用体检通用标准（试行）》执行，视力标准可询招录单位。\n6. 按《公安机关录用人民警察体能测评项目和标准》进行体能测评。\n7. 按《公安机关录用人民警察政治考察工作办法》开展考察。具有《公安机关录用人民警察政治考察工作办法》第八条、第九条情形的，不得报考；父母、配偶或子女已移居国（境）外的，不得报考；非公派原因曾六个月以上在国（境）外留学、工作、生活的，不得报考。\n8. 可为符合条件人员提供集体宿舍、办理集体户口，有固定的探亲假和休假安排，工资待遇按人民警察标准执行，享受加班补贴和值勤岗位津贴。\n9. 请考生及时关注“移民管理警察招考小助手”微信小程序发布的报考信息。"",""部门网站"":""https://rczk.nia.gov.cn"",""咨询电话1"":""0592-6583529"",""咨询电话2"":""0592-6583580"",""咨询电话3"":""0592-6583581"",""来源Sheet"":""中央国家行政机关省级以下直属机构""}}"
"government_jobs","国家公务员2026招考简章","公务员/事业单位技术岗位","海南省海口市","2026-07-28T09:12:58.310295+00:00","美兰边检站警务技术一级主管及以下","海口出入境边防检查总站","","海南省海口市","公务员/事业单位;2026;computer_software;data_ai;仅限硕士研究生;硕士;计算机科学与技术（077500、081200）、软件工程;市（地）级及以下直属机构综合管理类","用人司局：海口出入境边防检查总站
职位简介：属公安机关人民警察，从事出入境边防检查、巡查、监护以及数据分析、软件研发等工作。
专业要求：计算机科学与技术（077500、081200）、软件工程
学历要求：仅限硕士研究生
学位要求：硕士
政治面貌：中共党员或共青团员
基层工作经历：无限制
考试类别：市（地）级及以下直属机构综合管理类
备注：1．限应届高校毕业生报考（高等学历教育各阶段均需取得相应学历和学位）。
2．按《公务员录用体检特殊标准（试行）》进行体检，对《公务员录用体检特殊标准（试行）》未作规定的项目，按《公务员录用体检通用标准（试行）》执行，视力标准可询招录单位。
3．按《公安机关录用人民警察体能测评项目和标准》进行体能测评。
4．按《公安机关录用人民警察政治考察工作办法》开展考察。具有《公安机关录用人民警察政治考察工作办法》第八条、第九条情形的，不得报考；父母、配偶或子女已移居国（境）外的，不得报考；非公派原因，曾六个月以上在国（境）外留学、工作、生活的，不得报考。
5．可为符合条件人员办理集体户口。
6．须服从二次分配。
7．在本单位最低服务年限五年（含试用期）。
8．仅限男性报考。
9．请考生及时关注“移民管理警察招考小助手”微信小程序发布的报考信息。","http://bm.scs.gov.cn/kl2026#158108-300130001007","2025-10-14","{""dataset_year"":2026,""job_uid"":""GOV-2026-158108-300130001007"",""publisher"":""国家公务员局"",""publication_page"":""http://bm.scs.gov.cn/kl2026"",""attachment_url"":""local://2026_guokao_zhaokaojianzhang.zip"",""local_source_file"":""中央机关及其直属机构2026年度考试录用公务员招考简章.xls"",""local_source_sha256"":""2670bae1df1dd07a3a3c79b9db46a11e3bb15a6c9c249e6af98bfd0b61ce3aaf"",""source_sheet"":""中央国家行政机关省级以下直属机构"",""filter_version"":""government_tech_v2"",""tech_filter"":{""is_tech"":true,""is_core_tech"":true,""scope"":""core"",""categories"":[""computer_software"",""data_ai""],""matched_fields"":[""major"",""description""],""major_terms"":[""计算机科学与技术"",""软件工程""],""role_terms"":[""数据分析"",""软件"",""软件研发""],""reason"":""tech_major_and_role""},""original"":{""部门代码"":""158108"",""部门名称"":""海口出入境边防检查总站"",""用人司局"":""海口出入境边防检查总站"",""机构性质"":""中央国家行政机关省级以下直属机构"",""招考职位"":""美兰边检站警务技术一级主管及以下"",""职位属性"":""公安机关人民警察职位"",""职位分布"":""其他职位"",""职位简介"":""属公安机关人民警察，从事出入境边防检查、巡查、监护以及数据分析、软件研发等工作。"",""职位代码"":""300130001007"",""机构层级"":""市（地）级"",""考试类别"":""市（地）级及以下直属机构综合管理类"",""招考人数"":""1"",""专业"":""计算机科学与技术（077500、081200）、软件工程"",""学历"":""仅限硕士研究生"",""学位"":""硕士"",""政治面貌"":""中共党员或共青团员"",""基层工作最低年限"":""无限制"",""服务基层项目工作经历"":""无限制"",""是否在面试阶段组织专业能力测试"":""否"",""面试人员比例"":""3:1"",""工作地点"":""海南省海口市"",""落户地点"":""海南省海口市"",""备注"":""1．限应届高校毕业生报考（高等学历教育各阶段均需取得相应学历和学位）。\n2．按《公务员录用体检特殊标准（试行）》进行体检，对《公务员录用体检特殊标准（试行）》未作规定的项目，按《公务员录用体检通用标准（试行）》执行，视力标准可询招录单位。\n3．按《公安机关录用人民警察体能测评项目和标准》进行体能测评。\n4．按《公安机关录用人民警察政治考察工作办法》开展考察。具有《公安机关录用人民警察政治考察工作办法》第八条、第九条情形的，不得报考；父母、配偶或子女已移居国（境）外的，不得报考；非公派原因，曾六个月以上在国（境）外留学、工作、生活的，不得报考。\n5．可为符合条件人员办理集体户口。\n6．须服从二次分配。\n7．在本单位最低服务年限五年（含试用期）。\n8．仅限男性报考。\n9．请考生及时关注“移民管理警察招考小助手”微信小程序发布的报考信息。"",""部门网站"":""https://rczk.nia.gov.cn"",""咨询电话1"":""0898-66195525"",""咨询电话2"":""0898-66195528"",""咨询电话3"":"""",""来源Sheet"":""中央国家行政机关省级以下直属机构""}}"
"government_jobs","国家公务员2026招考简章","公务员/事业单位技术岗位","海南省三亚市","2026-07-28T09:12:58.310295+00:00","凤凰边检站警务技术一级主管及以下（一）","海口出入境边防检查总站","","海南省三亚市","公务员/事业单位;2026;computer_software;data_ai;本科及以上;与最高学历相对应的学位;计算机科学与技术（080901、077500、081200）、软件工程、物联网工程、人工智能（0810、0812、0835、0839、0854、0899）、智能科学与技术（0810、0812、0876、1405）、数据科学与大数据技术;市（地）级及以下直属机构综合管理类","用人司局：海口出入境边防检查总站
职位简介：属公安机关人民警察，从事出入境边防检查、巡查、监护以及数据分析、软件研发等工作。
专业要求：计算机科学与技术（080901、077500、081200）、软件工程、物联网工程、人工智能（0810、0812、0835、0839、0854、0899）、智能科学与技术（0810、0812、0876、1405）、数据科学与大数据技术
学历要求：本科及以上
学位要求：与最高学历相对应的学位
政治面貌：中共党员或共青团员
基层工作经历：无限制
考试类别：市（地）级及以下直属机构综合管理类
备注：1．限应届高校毕业生报考（高等学历教育各阶段均需取得相应学历和学位）。
2．按《公务员录用体检特殊标准（试行）》进行体检，对《公务员录用体检特殊标准（试行）》未作规定的项目，按《公务员录用体检通用标准（试行）》执行，视力标准可询招录单位。
3．按《公安机关录用人民警察体能测评项目和标准》进行体能测评。
4．按《公安机关录用人民警察政治考察工作办法》开展考察。具有《公安机关录用人民警察政治考察工作办法》第八条、第九条情形的，不得报考；父母、配偶或子女已移居国（境）外的，不得报考；非公派原因，曾六个月以上在国（境）外留学、工作、生活的，不得报考。
5．可为符合条件人员办理集体户口。
6．须服从二次分配。
7．在本单位最低服务年限五年（含试用期）。
8．仅限男性报考。
9．请考生及时关注“移民管理警察招考小助手”微信小程序发布的报考信息。","http://bm.scs.gov.cn/kl2026#158108-300130001017","2025-10-14","{""dataset_year"":2026,""job_uid"":""GOV-2026-158108-300130001017"",""publisher"":""国家公务员局"",""publication_page"":""http://bm.scs.gov.cn/kl2026"",""attachment_url"":""local://2026_guokao_zhaokaojianzhang.zip"",""local_source_file"":""中央机关及其直属机构2026年度考试录用公务员招考简章.xls"",""local_source_sha256"":""2670bae1df1dd07a3a3c79b9db46a11e3bb15a6c9c249e6af98bfd0b61ce3aaf"",""source_sheet"":""中央国家行政机关省级以下直属机构"",""filter_version"":""government_tech_v2"",""tech_filter"":{""is_tech"":true,""is_core_tech"":true,""scope"":""core"",""categories"":[""computer_software"",""data_ai""],""matched_fields"":[""major"",""description""],""major_terms"":[""人工智能"",""大数据"",""数据科学与大数据技术"",""智能科学与技术"",""物联网工程"",""计算机科学与技术"",""软件工程""],""role_terms"":[""数据分析"",""软件"",""软件研发""],""reason"":""tech_major_and_role""},""original"":{""部门代码"":""158108"",""部门名称"":""海口出入境边防检查总站"",""用人司局"":""海口出入境边防检查总站"",""机构性质"":""中央国家行政机关省级以下直属机构"",""招考职位"":""凤凰边检站警务技术一级主管及以下（一）"",""职位属性"":""公安机关人民警察职位"",""职位分布"":""其他职位"",""职位简介"":""属公安机关人民警察，从事出入境边防检查、巡查、监护以及数据分析、软件研发等工作。"",""职位代码"":""300130001017"",""机构层级"":""市（地）级"",""考试类别"":""市（地）级及以下直属机构综合管理类"",""招考人数"":""1"",""专业"":""计算机科学与技术（080901、077500、081200）、软件工程、物联网工程、人工智能（0810、0812、0835、0839、0854、0899）、智能科学与技术（0810、0812、0876、1405）、数据科学与大数据技术"",""学历"":""本科及以上"",""学位"":""与最高学历相对应的学位"",""政治面貌"":""中共党员或共青团员"",""基层工作最低年限"":""无限制"",""服务基层项目工作经历"":""无限制"",""是否在面试阶段组织专业能力测试"":""否"",""面试人员比例"":""3:1"",""工作地点"":""海南省三亚市"",""落户地点"":""海南省三亚市"",""备注"":""1．限应届高校毕业生报考（高等学历教育各阶段均需取得相应学历和学位）。\n2．按《公务员录用体检特殊标准（试行）》进行体检，对《公务员录用体检特殊标准（试行）》未作规定的项目，按《公务员录用体检通用标准（试行）》执行，视力标准可询招录单位。\n3．按《公安机关录用人民警察体能测评项目和标准》进行体能测评。\n4．按《公安机关录用人民警察政治考察工作办法》开展考察。具有《公安机关录用人民警察政治考察工作办法》第八条、第九条情形的，不得报考；父母、配偶或子女已移居国（境）外的，不得报考；非公派原因，曾六个月以上在国（境）外留学、工作、生活的，不得报考。\n5．可为符合条件人员办理集体户口。\n6．须服从二次分配。\n7．在本单位最低服务年限五年（含试用期）。\n8．仅限男性报考。\n9．请考生及时关注“移民管理警察招考小助手”微信小程序发布的报考信息。"",""部门网站"":""https://rczk.nia.gov.cn"",""咨询电话1"":""0898-66195525"",""咨询电话2"":""0898-66195528"",""咨询电话3"":"""",""来源Sheet"":""中央国家行政机关省级以下直属机构""}}"
"government_jobs","国家公务员2026招考简章","公务员/事业单位技术岗位","海南省三亚市","2026-07-28T09:12:58.310295+00:00","凤凰边检站警务技术一级主管及以下（二）","海口出入境边防检查总站","","海南省三亚市","公务员/事业单位;2026;computer_software;data_ai;仅限硕士研究生;硕士;计算机科学与技术（077500、081200）、软件工程;市（地）级及以下直属机构综合管理类","用人司局：海口出入境边防检查总站
职位简介：属公安机关人民警察，从事出入境边防检查、巡查、监护以及数据分析、软件研发等工作。
专业要求：计算机科学与技术（077500、081200）、软件工程
学历要求：仅限硕士研究生
学位要求：硕士
政治面貌：中共党员或共青团员
基层工作经历：无限制
考试类别：市（地）级及以下直属机构综合管理类
备注：1．限应届高校毕业生报考（高等学历教育各阶段均需取得相应学历和学位）。
2．按《公务员录用体检特殊标准（试行）》进行体检，对《公务员录用体检特殊标准（试行）》未作规定的项目，按《公务员录用体检通用标准（试行）》执行，视力标准可询招录单位。
3．按《公安机关录用人民警察体能测评项目和标准》进行体能测评。
4．按《公安机关录用人民警察政治考察工作办法》开展考察。具有《公安机关录用人民警察政治考察工作办法》第八条、第九条情形的，不得报考；父母、配偶或子女已移居国（境）外的，不得报考；非公派原因，曾六个月以上在国（境）外留学、工作、生活的，不得报考。
5．可为符合条件人员办理集体户口。
6．须服从二次分配。
7．在本单位最低服务年限五年（含试用期）。
8．仅限男性报考。
9．请考生及时关注“移民管理警察招考小助手”微信小程序发布的报考信息。","http://bm.scs.gov.cn/kl2026#158108-300130001018","2025-10-14","{""dataset_year"":2026,""job_uid"":""GOV-2026-158108-300130001018"",""publisher"":""国家公务员局"",""publication_page"":""http://bm.scs.gov.cn/kl2026"",""attachment_url"":""local://2026_guokao_zhaokaojianzhang.zip"",""local_source_file"":""中央机关及其直属机构2026年度考试录用公务员招考简章.xls"",""local_source_sha256"":""2670bae1df1dd07a3a3c79b9db46a11e3bb15a6c9c249e6af98bfd0b61ce3aaf"",""source_sheet"":""中央国家行政机关省级以下直属机构"",""filter_version"":""government_tech_v2"",""tech_filter"":{""is_tech"":true,""is_core_tech"":true,""scope"":""core"",""categories"":[""computer_software"",""data_ai""],""matched_fields"":[""major"",""description""],""major_terms"":[""计算机科学与技术"",""软件工程""],""role_terms"":[""数据分析"",""软件"",""软件研发""],""reason"":""tech_major_and_role""},""original"":{""部门代码"":""158108"",""部门名称"":""海口出入境边防检查总站"",""用人司局"":""海口出入境边防检查总站"",""机构性质"":""中央国家行政机关省级以下直属机构"",""招考职位"":""凤凰边检站警务技术一级主管及以下（二）"",""职位属性"":""公安机关人民警察职位"",""职位分布"":""其他职位"",""职位简介"":""属公安机关人民警察，从事出入境边防检查、巡查、监护以及数据分析、软件研发等工作。"",""职位代码"":""300130001018"",""机构层级"":""市（地）级"",""考试类别"":""市（地）级及以下直属机构综合管理类"",""招考人数"":""1"",""专业"":""计算机科学与技术（077500、081200）、软件工程"",""学历"":""仅限硕士研究生"",""学位"":""硕士"",""政治面貌"":""中共党员或共青团员"",""基层工作最低年限"":""无限制"",""服务基层项目工作经历"":""无限制"",""是否在面试阶段组织专业能力测试"":""否"",""面试人员比例"":""3:1"",""工作地点"":""海南省三亚市"",""落户地点"":""海南省三亚市"",""备注"":""1．限应届高校毕业生报考（高等学历教育各阶段均需取得相应学历和学位）。\n2．按《公务员录用体检特殊标准（试行）》进行体检，对《公务员录用体检特殊标准（试行）》未作规定的项目，按《公务员录用体检通用标准（试行）》执行，视力标准可询招录单位。\n3．按《公安机关录用人民警察体能测评项目和标准》进行体能测评。\n4．按《公安机关录用人民警察政治考察工作办法》开展考察。具有《公安机关录用人民警察政治考察工作办法》第八条、第九条情形的，不得报考；父母、配偶或子女已移居国（境）外的，不得报考；非公派原因，曾六个月以上在国（境）外留学、工作、生活的，不得报考。\n5．可为符合条件人员办理集体户口。\n6．须服从二次分配。\n7．在本单位最低服务年限五年（含试用期）。\n8．仅限男性报考。\n9．请考生及时关注“移民管理警察招考小助手”微信小程序发布的报考信息。"",""部门网站"":""https://rczk.nia.gov.cn"",""咨询电话1"":""0898-66195525"",""咨询电话2"":""0898-66195528"",""咨询电话3"":"""",""来源Sheet"":""中央国家行政机关省级以下直属机构""}}"
"government_jobs","国家公务员2026招考简章","公务员/事业单位技术岗位","河北省秦皇岛市","2026-07-28T09:12:58.310295+00:00","秦皇岛边检站一级警长及以下（一）","河北出入境边防检查总站","","河北省秦皇岛市","公务员/事业单位;2026;computer_software;cybersecurity_cryptography;electronics_communication;本科及以上;与最高学历相对应的学位;本科：电子信息工程、通信工程、信息工程、人工智能；计算机类（0809）；研究生：信息与通信工程（0810）、计算机科学与技术、软件工程（0835）、网络空间安全（0812Z1、0838Z4、0839）、智能科学与技术;行政执法类","用人司局：河北出入境边防检查总站
职位简介：属公安机关人民警察，从事信息化应用、技术支持、服务保障和信息通信系统设施设备的日常运维及岗位值守等工作。
专业要求：本科：电子信息工程、通信工程、信息工程、人工智能；计算机类（0809）；研究生：信息与通信工程（0810）、计算机科学与技术、软件工程（0835）、网络空间安全（0812Z1、0838Z4、0839）、智能科学与技术
学历要求：本科及以上
学位要求：与最高学历相对应的学位
政治面貌：中共党员或共青团员
基层工作经历：无限制
考试类别：行政执法类
备注：1.限2026届高校毕业生报考（高等学历教育各阶段均需取得相应学历和学位，报名时需注明专业代码）。
2.按《公务员录用体检特殊标准（试行）》进行体检，对《公务员录用体检特殊标准（试行）》未作规定的项目，按《公务员录用体检通用标准（试行）》执行，视力标准可询招录单位。
3.按《公安机关录用人民警察体能测评项目和标准》进行体能测评。
4.按《公安机关录用人民警察政治考察工作办法》开展考察。具有《公安机关录用人民警察政治考察工作办法》第八条、第九条情形的，不得报考；父母、配偶或子女已移居国（境）外的，不得报考；非公派原因，曾六个月以上在国（境）外留学、工作、生活的，不得报考。
6.工资待遇按人民警察标准执行，享受加班补贴和值勤岗位津贴，有固定的探亲假和休假安排。
7.仅限男性报考。
8.请考生及时关注“移民管理警察招考小助手”微信小程序发布的报考信息。","http://bm.scs.gov.cn/kl2026#158110-300130001002","2025-10-14","{""dataset_year"":2026,""job_uid"":""GOV-2026-158110-300130001002"",""publisher"":""国家公务员局"",""publication_page"":""http://bm.scs.gov.cn/kl2026"",""attachment_url"":""local://2026_guokao_zhaokaojianzhang.zip"",""local_source_file"":""中央机关及其直属机构2026年度考试录用公务员招考简章.xls"",""local_source_sha256"":""2670bae1df1dd07a3a3c79b9db46a11e3bb15a6c9c249e6af98bfd0b61ce3aaf"",""source_sheet"":""中央国家行政机关省级以下直属机构"",""filter_version"":""government_tech_v2"",""tech_filter"":{""is_tech"":true,""is_core_tech"":true,""scope"":""core"",""categories"":[""computer_software"",""cybersecurity_cryptography"",""electronics_communication""],""matched_fields"":[""major"",""description""],""major_terms"":[""人工智能"",""信息与通信工程"",""智能科学与技术"",""电子信息工程"",""网络空间安全"",""计算机科学与技术"",""计算机类"",""软件工程"",""通信工程""],""role_terms"":[""信息化"",""信息通信""],""reason"":""tech_major_and_role""},""original"":{""部门代码"":""158110"",""部门名称"":""河北出入境边防检查总站"",""用人司局"":""河北出入境边防检查总站"",""机构性质"":""中央国家行政机关省级以下直属机构"",""招考职位"":""秦皇岛边检站一级警长及以下（一）"",""职位属性"":""公安机关人民警察职位"",""职位分布"":""其他职位"",""职位简介"":""属公安机关人民警察，从事信息化应用、技术支持、服务保障和信息通信系统设施设备的日常运维及岗位值守等工作。"",""职位代码"":""300130001002"",""机构层级"":""市（地）级"",""考试类别"":""行政执法类"",""招考人数"":""1"",""专业"":""本科：电子信息工程、通信工程、信息工程、人工智能；计算机类（0809）；研究生：信息与通信工程（0810）、计算机科学与技术、软件工程（0835）、网络空间安全（0812Z1、0838Z4、0839）、智能科学与技术"",""学历"":""本科及以上"",""学位"":""与最高学历相对应的学位"",""政治面貌"":""中共党员或共青团员"",""基层工作最低年限"":""无限制"",""服务基层项目工作经历"":""无限制"",""是否在面试阶段组织专业能力测试"":""否"",""面试人员比例"":""3:1"",""工作地点"":""河北省秦皇岛市"",""落户地点"":""河北省秦皇岛市"",""备注"":""1.限2026届高校毕业生报考（高等学历教育各阶段均需取得相应学历和学位，报名时需注明专业代码）。\n2.按《公务员录用体检特殊标准（试行）》进行体检，对《公务员录用体检特殊标准（试行）》未作规定的项目，按《公务员录用体检通用标准（试行）》执行，视力标准可询招录单位。\n3.按《公安机关录用人民警察体能测评项目和标准》进行体能测评。\n4.按《公安机关录用人民警察政治考察工作办法》开展考察。具有《公安机关录用人民警察政治考察工作办法》第八条、第九条情形的，不得报考；父母、配偶或子女已移居国（境）外的，不得报考；非公派原因，曾六个月以上在国（境）外留学、工作、生活的，不得报考。\n6.工资待遇按人民警察标准执行，享受加班补贴和值勤岗位津贴，有固定的探亲假和休假安排。\n7.仅限男性报考。\n8.请考生及时关注“移民管理警察招考小助手”微信小程序发布的报考信息。"",""部门网站"":""https://rczk.nia.gov.cn"",""咨询电话1"":""0311-66725428"",""咨询电话2"":""0311-66725409"",""咨询电话3"":"""",""来源Sheet"":""中央国家行政机关省级以下直属机构""}}"
"government_jobs","国家公务员2026招考简章","公务员/事业单位技术岗位","河北省石家庄市","2026-07-28T09:12:58.310295+00:00","石家庄边检站一级警长及以下（一）","河北出入境边防检查总站","","河北省石家庄市","公务员/事业单位;2026;computer_software;cybersecurity_cryptography;electronics_communication;硕士研究生及以上;与最高学历相对应的学位;信息与通信工程（0810）、计算机科学与技术、软件工程（0835）、网络空间安全（0812Z1、0838Z4、0839）、智能科学与技术;行政执法类","用人司局：河北出入境边防检查总站
职位简介：属公安机关人民警察，从事信息化应用、技术支持、服务保障和信息通信系统设施设备的日常运维及岗位值守等工作。
专业要求：信息与通信工程（0810）、计算机科学与技术、软件工程（0835）、网络空间安全（0812Z1、0838Z4、0839）、智能科学与技术
学历要求：硕士研究生及以上
学位要求：与最高学历相对应的学位
政治面貌：中共党员或共青团员
基层工作经历：无限制
考试类别：行政执法类
备注：1.限2026届高校毕业生报考（高等学历教育各阶段均需取得相应学历和学位，报名时需注明专业代码）。
2.按《公务员录用体检特殊标准（试行）》进行体检，对《公务员录用体检特殊标准（试行）》未作规定的项目，按《公务员录用体检通用标准（试行）》执行，视力标准可询招录单位。
3.按《公安机关录用人民警察体能测评项目和标准》进行体能测评。
4.按《公安机关录用人民警察政治考察工作办法》开展考察。具有《公安机关录用人民警察政治考察工作办法》第八条、第九条情形的，不得报考；父母、配偶或子女已移居国（境）外的，不得报考；非公派原因，曾六个月以上在国（境）外留学、工作、生活的，不得报考。
5.提供集体宿舍，可为符合条件人员办理集体户口。
6.工资待遇按人民警察标准执行，享受加班补贴和值勤岗位津贴，有固定的探亲假和休假安排。
7.仅限男性报考。
8.请考生及时关注“移民管理警察招考小助手”微信小程序发布的报考信息。","http://bm.scs.gov.cn/kl2026#158110-300130001005","2025-10-14","{""dataset_year"":2026,""job_uid"":""GOV-2026-158110-300130001005"",""publisher"":""国家公务员局"",""publication_page"":""http://bm.scs.gov.cn/kl2026"",""attachment_url"":""local://2026_guokao_zhaokaojianzhang.zip"",""local_source_file"":""中央机关及其直属机构2026年度考试录用公务员招考简章.xls"",""local_source_sha256"":""2670bae1df1dd07a3a3c79b9db46a11e3bb15a6c9c249e6af98bfd0b61ce3aaf"",""source_sheet"":""中央国家行政机关省级以下直属机构"",""filter_version"":""government_tech_v2"",""tech_filter"":{""is_tech"":true,""is_core_tech"":true,""scope"":""core"",""categories"":[""computer_software"",""cybersecurity_cryptography"",""electronics_communication""],""matched_fields"":[""major"",""description""],""major_terms"":[""信息与通信工程"",""智能科学与技术"",""网络空间安全"",""计算机科学与技术"",""软件工程"",""通信工程""],""role_terms"":[""信息化"",""信息通信""],""reason"":""tech_major_and_role""},""original"":{""部门代码"":""158110"",""部门名称"":""河北出入境边防检查总站"",""用人司局"":""河北出入境边防检查总站"",""机构性质"":""中央国家行政机关省级以下直属机构"",""招考职位"":""石家庄边检站一级警长及以下（一）"",""职位属性"":""公安机关人民警察职位"",""职位分布"":""其他职位"",""职位简介"":""属公安机关人民警察，从事信息化应用、技术支持、服务保障和信息通信系统设施设备的日常运维及岗位值守等工作。"",""职位代码"":""300130001005"",""机构层级"":""市（地）级"",""考试类别"":""行政执法类"",""招考人数"":""2"",""专业"":""信息与通信工程（0810）、计算机科学与技术、软件工程（0835）、网络空间安全（0812Z1、0838Z4、0839）、智能科学与技术"",""学历"":""硕士研究生及以上"",""学位"":""与最高学历相对应的学位"",""政治面貌"":""中共党员或共青团员"",""基层工作最低年限"":""无限制"",""服务基层项目工作经历"":""无限制"",""是否在面试阶段组织专业能力测试"":""否"",""面试人员比例"":""3:1"",""工作地点"":""河北省石家庄市"",""落户地点"":""河北省石家庄市"",""备注"":""1.限2026届高校毕业生报考（高等学历教育各阶段均需取得相应学历和学位，报名时需注明专业代码）。\n2.按《公务员录用体检特殊标准（试行）》进行体检，对《公务员录用体检特殊标准（试行）》未作规定的项目，按《公务员录用体检通用标准（试行）》执行，视力标准可询招录单位。\n3.按《公安机关录用人民警察体能测评项目和标准》进行体能测评。\n4.按《公安机关录用人民警察政治考察工作办法》开展考察。具有《公安机关录用人民警察政治考察工作办法》第八条、第九条情形的，不得报考；父母、配偶或子女已移居国（境）外的，不得报考；非公派原因，曾六个月以上在国（境）外留学、工作、生活的，不得报考。\n5.提供集体宿舍，可为符合条件人员办理集体户口。\n6.工资待遇按人民警察标准执行，享受加班补贴和值勤岗位津贴，有固定的探亲假和休假安排。\n7.仅限男性报考。\n8.请考生及时关注“移民管理警察招考小助手”微信小程序发布的报考信息。"",""部门网站"":""https://rczk.nia.gov.cn"",""咨询电话1"":""0311-66725428"",""咨询电话2"":""0311-66725409"",""咨询电话3"":"""",""来源Sheet"":""中央国家行政机关省级以下直属机构""}}"
"government_jobs","国家公务员2026招考简章","公务员/事业单位技术岗位","河北省沧州市","2026-07-28T09:12:58.310295+00:00","黄骅边检站一级警长及以下（一）","河北出入境边防检查总站","","河北省沧州市","公务员/事业单位;2026;computer_software;cybersecurity_cryptography;electronics_communication;本科及以上;与最高学历相对应的学位;本科：电子信息工程、通信工程、信息工程、人工智能；计算机类（0809）；研究生：信息与通信工程（0810）、计算机科学与技术、软件工程（0835）、网络空间安全（0812Z1、0838Z4、0839）、智能科学与技术;行政执法类","用人司局：河北出入境边防检查总站
职位简介：属公安机关人民警察，从事信息化应用、技术支持、服务保障和信息通信系统设施设备的日常运维及岗位值守等工作。
专业要求：本科：电子信息工程、通信工程、信息工程、人工智能；计算机类（0809）；研究生：信息与通信工程（0810）、计算机科学与技术、软件工程（0835）、网络空间安全（0812Z1、0838Z4、0839）、智能科学与技术
学历要求：本科及以上
学位要求：与最高学历相对应的学位
政治面貌：中共党员或共青团员
基层工作经历：无限制
考试类别：行政执法类
备注：1.限2026届高校毕业生报考（高等学历教育各阶段均需取得相应学历和学位，报名时需注明专业代码）。
2.按《公务员录用体检特殊标准（试行）》进行体检，对《公务员录用体检特殊标准（试行）》未作规定的项目，按《公务员录用体检通用标准（试行）》执行，视力标准可询招录单位。
3.按《公安机关录用人民警察体能测评项目和标准》进行体能测评。
4.按《公安机关录用人民警察政治考察工作办法》开展考察。具有《公安机关录用人民警察政治考察工作办法》第八条、第九条情形的，不得报考；父母、配偶或子女已移居国（境）外的，不得报考；非公派原因，曾六个月以上在国（境）外留学、工作、生活的，不得报考。
5.提供集体宿舍，可为符合条件人员办理集体户口。
6.工资待遇按人民警察标准执行，享受加班补贴和值勤岗位津贴，有固定的探亲假和休假安排。
7.请考生及时关注“移民管理警察招考小助手”微信小程序发布的报考信息。","http://bm.scs.gov.cn/kl2026#158110-300130001009","2025-10-14","{""dataset_year"":2026,""job_uid"":""GOV-2026-158110-300130001009"",""publisher"":""国家公务员局"",""publication_page"":""http://bm.scs.gov.cn/kl2026"",""attachment_url"":""local://2026_guokao_zhaokaojianzhang.zip"",""local_source_file"":""中央机关及其直属机构2026年度考试录用公务员招考简章.xls"",""local_source_sha256"":""2670bae1df1dd07a3a3c79b9db46a11e3bb15a6c9c249e6af98bfd0b61ce3aaf"",""source_sheet"":""中央国家行政机关省级以下直属机构"",""filter_version"":""government_tech_v2"",""tech_filter"":{""is_tech"":true,""is_core_tech"":true,""scope"":""core"",""categories"":[""computer_software"",""cybersecurity_cryptography"",""electronics_communication""],""matched_fields"":[""major"",""description""],""major_terms"":[""人工智能"",""信息与通信工程"",""智能科学与技术"",""电子信息工程"",""网络空间安全"",""计算机科学与技术"",""计算机类"",""软件工程"",""通信工程""],""role_terms"":[""信息化"",""信息通信""],""reason"":""tech_major_and_role""},""original"":{""部门代码"":""158110"",""部门名称"":""河北出入境边防检查总站"",""用人司局"":""河北出入境边防检查总站"",""机构性质"":""中央国家行政机关省级以下直属机构"",""招考职位"":""黄骅边检站一级警长及以下（一）"",""职位属性"":""公安机关人民警察职位"",""职位分布"":""其他职位"",""职位简介"":""属公安机关人民警察，从事信息化应用、技术支持、服务保障和信息通信系统设施设备的日常运维及岗位值守等工作。"",""职位代码"":""300130001009"",""机构层级"":""市（地）级"",""考试类别"":""行政执法类"",""招考人数"":""1"",""专业"":""本科：电子信息工程、通信工程、信息工程、人工智能；计算机类（0809）；研究生：信息与通信工程（0810）、计算机科学与技术、软件工程（0835）、网络空间安全（0812Z1、0838Z4、0839）、智能科学与技术"",""学历"":""本科及以上"",""学位"":""与最高学历相对应的学位"",""政治面貌"":""中共党员或共青团员"",""基层工作最低年限"":""无限制"",""服务基层项目工作经历"":""无限制"",""是否在面试阶段组织专业能力测试"":""否"",""面试人员比例"":""3:1"",""工作地点"":""河北省沧州市"",""落户地点"":""河北省沧州市"",""备注"":""1.限2026届高校毕业生报考（高等学历教育各阶段均需取得相应学历和学位，报名时需注明专业代码）。\n2.按《公务员录用体检特殊标准（试行）》进行体检，对《公务员录用体检特殊标准（试行）》未作规定的项目，按《公务员录用体检通用标准（试行）》执行，视力标准可询招录单位。\n3.按《公安机关录用人民警察体能测评项目和标准》进行体能测评。\n4.按《公安机关录用人民警察政治考察工作办法》开展考察。具有《公安机关录用人民警察政治考察工作办法》第八条、第九条情形的，不得报考；父母、配偶或子女已移居国（境）外的，不得报考；非公派原因，曾六个月以上在国（境）外留学、工作、生活的，不得报考。\n5.提供集体宿舍，可为符合条件人员办理集体户口。\n6.工资待遇按人民警察标准执行，享受加班补贴和值勤岗位津贴，有固定的探亲假和休假安排。\n7.请考生及时关注“移民管理警察招考小助手”微信小程序发布的报考信息。"",""部门网站"":""https://rczk.nia.gov.cn"",""咨询电话1"":""0311-66725428"",""咨询电话2"":""0311-66725409"",""咨询电话3"":"""",""来源Sheet"":""中央国家行政机关省级以下直属机构""}}"
"government_jobs","国家公务员2026招考简章","公务员/事业单位技术岗位","河北省唐山市","2026-07-28T09:12:58.310295+00:00","唐山边检站一级警长及以下（三）","河北出入境边防检查总站","","河北省唐山市","公务员/事业单位;2026;computer_software;cybersecurity_cryptography;electronics_communication;本科及以上;与最高学历相对应的学位;本科：电子信息工程、通信工程、信息工程、人工智能；计算机类（0809）；研究生：信息与通信工程（0810）、计算机科学与技术、软件工程（0835）、网络空间安全（0812Z1、0838Z4、0839）、智能科学与技术;行政执法类","用人司局：河北出入境边防检查总站
职位简介：属公安机关人民警察，从事信息化应用、技术支持、服务保障和信息通信系统设施设备的日常运维及岗位值守等工作。
专业要求：本科：电子信息工程、通信工程、信息工程、人工智能；计算机类（0809）；研究生：信息与通信工程（0810）、计算机科学与技术、软件工程（0835）、网络空间安全（0812Z1、0838Z4、0839）、智能科学与技术
学历要求：本科及以上
学位要求：与最高学历相对应的学位
政治面貌：中共党员或共青团员
基层工作经历：无限制
考试类别：行政执法类
备注：1.限2026届高校毕业生报考（高等学历教育各阶段均需取得相应学历和学位，报名时需注明专业代码）。
2.按《公务员录用体检特殊标准（试行）》进行体检，对《公务员录用体检特殊标准（试行）》未作规定的项目，按《公务员录用体检通用标准（试行）》执行，视力标准可询招录单位。
3.按《公安机关录用人民警察体能测评项目和标准》进行体能测评。
4.按《公安机关录用人民警察政治考察工作办法》开展考察。具有《公安机关录用人民警察政治考察工作办法》第八条、第九条情形的，不得报考；父母、配偶或子女已移居国（境）外的，不得报考；非公派原因，曾六个月以上在国（境）外留学、工作、生活的，不得报考。
5.提供集体宿舍，可为符合条件人员办理集体户口。
6.工资待遇按人民警察标准执行，享受加班补贴和值勤岗位津贴，有固定的探亲假和休假安排。
7.仅限男性报考。
8.请考生及时关注“移民管理警察招考小助手”微信小程序发布的报考信息。","http://bm.scs.gov.cn/kl2026#158110-300130001011","2025-10-14","{""dataset_year"":2026,""job_uid"":""GOV-2026-158110-300130001011"",""publisher"":""国家公务员局"",""publication_page"":""http://bm.scs.gov.cn/kl2026"",""attachment_url"":""local://2026_guokao_zhaokaojianzhang.zip"",""local_source_file"":""中央机关及其直属机构2026年度考试录用公务员招考简章.xls"",""local_source_sha256"":""2670bae1df1dd07a3a3c79b9db46a11e3bb15a6c9c249e6af98bfd0b61ce3aaf"",""source_sheet"":""中央国家行政机关省级以下直属机构"",""filter_version"":""government_tech_v2"",""tech_filter"":{""is_tech"":true,""is_core_tech"":true,""scope"":""core"",""categories"":[""computer_software"",""cybersecurity_cryptography"",""electronics_communication""],""matched_fields"":[""major"",""description""],""major_terms"":[""人工智能"",""信息与通信工程"",""智能科学与技术"",""电子信息工程"",""网络空间安全"",""计算机科学与技术"",""计算机类"",""软件工程"",""通信工程""],""role_terms"":[""信息化"",""信息通信""],""reason"":""tech_major_and_role""},""original"":{""部门代码"":""158110"",""部门名称"":""河北出入境边防检查总站"",""用人司局"":""河北出入境边防检查总站"",""机构性质"":""中央国家行政机关省级以下直属机构"",""招考职位"":""唐山边检站一级警长及以下（三）"",""职位属性"":""公安机关人民警察职位"",""职位分布"":""其他职位"",""职位简介"":""属公安机关人民警察，从事信息化应用、技术支持、服务保障和信息通信系统设施设备的日常运维及岗位值守等工作。"",""职位代码"":""300130001011"",""机构层级"":""市（地）级"",""考试类别"":""行政执法类"",""招考人数"":""1"",""专业"":""本科：电子信息工程、通信工程、信息工程、人工智能；计算机类（0809）；研究生：信息与通信工程（0810）、计算机科学与技术、软件工程（0835）、网络空间安全（0812Z1、0838Z4、0839）、智能科学与技术"",""学历"":""本科及以上"",""学位"":""与最高学历相对应的学位"",""政治面貌"":""中共党员或共青团员"",""基层工作最低年限"":""无限制"",""服务基层项目工作经历"":""无限制"",""是否在面试阶段组织专业能力测试"":""否"",""面试人员比例"":""3:1"",""工作地点"":""河北省唐山市"",""落户地点"":""河北省唐山市"",""备注"":""1.限2026届高校毕业生报考（高等学历教育各阶段均需取得相应学历和学位，报名时需注明专业代码）。\n2.按《公务员录用体检特殊标准（试行）》进行体检，对《公务员录用体检特殊标准（试行）》未作规定的项目，按《公务员录用体检通用标准（试行）》执行，视力标准可询招录单位。\n3.按《公安机关录用人民警察体能测评项目和标准》进行体能测评。\n4.按《公安机关录用人民警察政治考察工作办法》开展考察。具有《公安机关录用人民警察政治考察工作办法》第八条、第九条情形的，不得报考；父母、配偶或子女已移居国（境）外的，不得报考；非公派原因，曾六个月以上在国（境）外留学、工作、生活的，不得报考。\n5.提供集体宿舍，可为符合条件人员办理集体户口。\n6.工资待遇按人民警察标准执行，享受加班补贴和值勤岗位津贴，有固定的探亲假和休假安排。\n7.仅限男性报考。\n8.请考生及时关注“移民管理警察招考小助手”微信小程序发布的报考信息。"",""部门网站"":""https://rczk.nia.gov.cn"",""咨询电话1"":""0311-66725428"",""咨询电话2"":""0311-66725409"",""咨询电话3"":"""",""来源Sheet"":""中央国家行政机关省级以下直属机构""}}"
"government_jobs","国家公务员2026招考简章","公务员/事业单位技术岗位","山西省运城市","2026-07-28T09:12:58.310295+00:00","运城出入境边防检查站一级警长及以下","山西出入境边防检查总站","","山西省运城市","公务员/事业单位;2026;computer_software;cybersecurity_cryptography;electronics_communication;硕士研究生及以上;与最高学历相对应的学位;大数据技术与工程(085411)、网络与信息安全(085412)、人工智能(085410)、软件工程(085405);行政执法类","用人司局：山西出入境边防检查总站
职位简介：属于公安机关人民警察，从事出入境边防检查和出入境有关系统开发运维、通信网络保障等工作。
专业要求：大数据技术与工程(085411)、网络与信息安全(085412)、人工智能(085410)、软件工程(085405)
学历要求：硕士研究生及以上
学位要求：与最高学历相对应的学位
政治面貌：中共党员或共青团员
基层工作经历：无限制
考试类别：行政执法类
备注：1.具有中级及以上计算机技术与软件专业技术资格或CISP、华为、华三等国家和企业同等认证证书（报名时需在备注栏注明）。2.大学英语等级考试四级500分以上或六级425分以上。3.按《公务员录用体检特殊标准（试行）》进行体检，对《公务员录用体检特殊标准（试行）》未做规定的项目，按《公务员录用体检通用标准（试行）》执行，视力标准可询招录单位。4.按《公安机关录用人民警察体能测评项目和标准》进行体能测评。5.按《公安机关录用人民警察政治考察工作办法》开展考察。具有《公安机关录用人民警察政治考察工作办法》第八条、第九条情形的，不得报考；父母、配偶或子女已移居国（境）外的，不得报考；非公派原因，曾六个月以上在国（境）外留学、工作、生活的，不得报考。6.仅限男性报考。7.提供集体宿舍，有固定的探亲假和休假安排，工资待遇按人民警察标准执行，享受加班补贴和值勤岗位津贴。8.在本单位最低服务年限五年（含试用期）。9.请考生及时关注“移民管理警察招考小助手”微信小程序发布的报考信息。","http://bm.scs.gov.cn/kl2026#158111-300130001001","2025-10-14","{""dataset_year"":2026,""job_uid"":""GOV-2026-158111-300130001001"",""publisher"":""国家公务员局"",""publication_page"":""http://bm.scs.gov.cn/kl2026"",""attachment_url"":""local://2026_guokao_zhaokaojianzhang.zip"",""local_source_file"":""中央机关及其直属机构2026年度考试录用公务员招考简章.xls"",""local_source_sha256"":""2670bae1df1dd07a3a3c79b9db46a11e3bb15a6c9c249e6af98bfd0b61ce3aaf"",""source_sheet"":""中央国家行政机关省级以下直属机构"",""filter_version"":""government_tech_v2"",""tech_filter"":{""is_tech"":true,""is_core_tech"":true,""scope"":""core"",""categories"":[""computer_software"",""cybersecurity_cryptography"",""electronics_communication""],""matched_fields"":[""major"",""description"",""remarks""],""major_terms"":[""人工智能"",""信息安全"",""大数据"",""软件工程""],""role_terms"":[""系统开发"",""计算机"",""软件"",""通信网络""],""reason"":""tech_major_and_role""},""original"":{""部门代码"":""158111"",""部门名称"":""山西出入境边防检查总站"",""用人司局"":""山西出入境边防检查总站"",""机构性质"":""中央国家行政机关省级以下直属机构"",""招考职位"":""运城出入境边防检查站一级警长及以下"",""职位属性"":""公安机关人民警察职位"",""职位分布"":""其他职位"",""职位简介"":""属于公安机关人民警察，从事出入境边防检查和出入境有关系统开发运维、通信网络保障等工作。"",""职位代码"":""300130001001"",""机构层级"":""市（地）级"",""考试类别"":""行政执法类"",""招考人数"":""2"",""专业"":""大数据技术与工程(085411)、网络与信息安全(085412)、人工智能(085410)、软件工程(085405)"",""学历"":""硕士研究生及以上"",""学位"":""与最高学历相对应的学位"",""政治面貌"":""中共党员或共青团员"",""基层工作最低年限"":""无限制"",""服务基层项目工作经历"":""无限制"",""是否在面试阶段组织专业能力测试"":""否"",""面试人员比例"":""3:1"",""工作地点"":""山西省运城市"",""落户地点"":""山西省运城市"",""备注"":""1.具有中级及以上计算机技术与软件专业技术资格或CISP、华为、华三等国家和企业同等认证证书（报名时需在备注栏注明）。2.大学英语等级考试四级500分以上或六级425分以上。3.按《公务员录用体检特殊标准（试行）》进行体检，对《公务员录用体检特殊标准（试行）》未做规定的项目，按《公务员录用体检通用标准（试行）》执行，视力标准可询招录单位。4.按《公安机关录用人民警察体能测评项目和标准》进行体能测评。5.按《公安机关录用人民警察政治考察工作办法》开展考察。具有《公安机关录用人民警察政治考察工作办法》第八条、第九条情形的，不得报考；父母、配偶或子女已移居国（境）外的，不得报考；非公派原因，曾六个月以上在国（境）外留学、工作、生活的，不得报考。6.仅限男性报考。7.提供集体宿舍，有固定的探亲假和休假安排，工资待遇按人民警察标准执行，享受加班补贴和值勤岗位津贴。8.在本单位最低服务年限五年（含试用期）。9.请考生及时关注“移民管理警察招考小助手”微信小程序发布的报考信息。"",""部门网站"":""https://rczk.nia.gov.cn"",""咨询电话1"":""0351-3658324"",""咨询电话2"":"""",""咨询电话3"":"""",""来源Sheet"":""中央国家行政机关省级以下直属机构""}}"
"government_jobs","国家公务员2026招考简章","公务员/事业单位技术岗位","内蒙古自治区呼伦贝尔市满洲里市","2026-07-28T09:12:58.310295+00:00","满洲里出入境边防检查站警务技术一级主管及以下（一）","内蒙古出入境边防检查总站","","内蒙古自治区呼伦贝尔市满洲里市","公务员/事业单位;2026;computer_software;cybersecurity_cryptography;data_ai;electronics_communication;硕士研究生及以上;与最高学历相对应的学位;0812/085211/085404计算机科学与技术、0835/085212/085405软件工程、0810/0852/085402信息与通信工程、0838公安技术、0839网络空间安全。;市（地）级及以下直属机构综合管理类","用人司局：内蒙古出入境边防检查总站
职位简介：属于公安机关人民警察，承担着维护国家主权、边境安全和社会秩序的重要职责，负责实施出入国（边）境人员、交通运输工具边防检查，口岸限定区域管理，审核签发外国人临时入境许可，实施边控工作，防范查处非法入出境活动。该职位主要从事边防检查、大数据运维、信息化设备运维、无人驾驶设备运维使用等工作。24小时轮班工作制，工作强度大。工资待遇按人民警察标准执行，享受加班补贴、值勤岗位津贴、艰苦边远地区补助或高原津贴。
专业要求：0812/085211/085404计算机科学与技术、0835/085212/085405软件工程、0810/0852/085402信息与通信工程、0838公安技术、0839网络空间安全。
学历要求：硕士研究生及以上
学位要求：与最高学历相对应的学位
政治面貌：中共党员或共青团员
基层工作经历：无限制
考试类别：市（地）级及以下直属机构综合管理类
备注：1．高等学历教育各阶段均需取得相应学历和学位，报名时需注明专业代码。
2．按《公务员录用体检特殊标准（试行）》进行体检，对《公务员录用体检特殊标准（试行）》未作规定的项目，按《公务员录用体检通用标准（试行）》执行，视力标准可询招录单位。
3．按《公安机关录用人民警察体能测评项目和标准》进行体能测评。
4．按《公安机关录用人民警察政治考察工作办法》开展考察。具有《公安机关录用人民警察政治考察工作办法》第八、九条情形的，不得报考；父母、配偶或子女已移居国（境）外的，不得报考；非公派原因，曾六个月以上在国（境）外留学、工作、生活的，不得报考。
5．持有计算机全国计算机等级考试二级合格证书，或通过全国统一考试，取得无人机、软件、计算机、通信等相关专业技术初级资格。
6．异地人员提供戍边公寓。享受内蒙古地区子女教育优待。有固定的探亲假和休假安排。
7．县级以下单位最低服务年限五年（含试用期），须服从二次分配。
8．请及时关注“移民管理警察招考小助手”微信小程序讯息。","http://bm.scs.gov.cn/kl2026#158112-300130860008","2025-10-14","{""dataset_year"":2026,""job_uid"":""GOV-2026-158112-300130860008"",""publisher"":""国家公务员局"",""publication_page"":""http://bm.scs.gov.cn/kl2026"",""attachment_url"":""local://2026_guokao_zhaokaojianzhang.zip"",""local_source_file"":""中央机关及其直属机构2026年度考试录用公务员招考简章.xls"",""local_source_sha256"":""2670bae1df1dd07a3a3c79b9db46a11e3bb15a6c9c249e6af98bfd0b61ce3aaf"",""source_sheet"":""中央国家行政机关省级以下直属机构"",""filter_version"":""government_tech_v2"",""tech_filter"":{""is_tech"":true,""is_core_tech"":true,""scope"":""core"",""categories"":[""computer_software"",""cybersecurity_cryptography"",""data_ai"",""electronics_communication""],""matched_fields"":[""major"",""description"",""remarks""],""major_terms"":[""信息与通信工程"",""网络空间安全"",""计算机科学与技术"",""软件工程"",""通信工程""],""role_terms"":[""信息化"",""大数据"",""计算机"",""设备运维"",""软件""],""reason"":""tech_major_and_role""},""original"":{""部门代码"":""158112"",""部门名称"":""内蒙古出入境边防检查总站"",""用人司局"":""内蒙古出入境边防检查总站"",""机构性质"":""中央国家行政机关省级以下直属机构"",""招考职位"":""满洲里出入境边防检查站警务技术一级主管及以下（一）"",""职位属性"":""公安机关人民警察职位"",""职位分布"":""西部地区和艰苦边远地区职位"",""职位简介"":""属于公安机关人民警察，承担着维护国家主权、边境安全和社会秩序的重要职责，负责实施出入国（边）境人员、交通运输工具边防检查，口岸限定区域管理，审核签发外国人临时入境许可，实施边控工作，防范查处非法入出境活动。该职位主要从事边防检查、大数据运维、信息化设备运维、无人驾驶设备运维使用等工作。24小时轮班工作制，工作强度大。工资待遇按人民警察标准执行，享受加班补贴、值勤岗位津贴、艰苦边远地区补助或高原津贴。"",""职位代码"":""300130860008"",""机构层级"":""市（地）级"",""考试类别"":""市（地）级及以下直属机构综合管理类"",""招考人数"":""1"",""专业"":""0812/085211/085404计算机科学与技术、0835/085212/085405软件工程、0810/0852/085402信息与通信工程、0838公安技术、0839网络空间安全。"",""学历"":""硕士研究生及以上"",""学位"":""与最高学历相对应的学位"",""政治面貌"":""中共党员或共青团员"",""基层工作最低年限"":""无限制"",""服务基层项目工作经历"":""无限制"",""是否在面试阶段组织专业能力测试"":""否"",""面试人员比例"":""3:1"",""工作地点"":""内蒙古自治区呼伦贝尔市满洲里市"",""落户地点"":""内蒙古自治区呼伦贝尔市满洲里市"",""备注"":""1．高等学历教育各阶段均需取得相应学历和学位，报名时需注明专业代码。\n2．按《公务员录用体检特殊标准（试行）》进行体检，对《公务员录用体检特殊标准（试行）》未作规定的项目，按《公务员录用体检通用标准（试行）》执行，视力标准可询招录单位。\n3．按《公安机关录用人民警察体能测评项目和标准》进行体能测评。\n4．按《公安机关录用人民警察政治考察工作办法》开展考察。具有《公安机关录用人民警察政治考察工作办法》第八、九条情形的，不得报考；父母、配偶或子女已移居国（境）外的，不得报考；非公派原因，曾六个月以上在国（境）外留学、工作、生活的，不得报考。\n5．持有计算机全国计算机等级考试二级合格证书，或通过全国统一考试，取得无人机、软件、计算机、通信等相关专业技术初级资格。\n6．异地人员提供戍边公寓。享受内蒙古地区子女教育优待。有固定的探亲假和休假安排。\n7．县级以下单位最低服务年限五年（含试用期），须服从二次分配。\n8．请及时关注“移民管理警察招考小助手”微信小程序讯息。"",""部门网站"":""https://rczk.nia.gov.cn"",""咨询电话1"":""04713265175"",""咨询电话2"":"""",""咨询电话3"":"""",""来源Sheet"":""中央国家行政机关省级以下直属机构""}}"
"government_jobs","国家公务员2026招考简章","公务员/事业单位技术岗位","内蒙古自治区呼伦贝尔市满洲里市","2026-07-28T09:12:58.310295+00:00","满洲里出入境边防检查站警务技术一级主管及以下（二）","内蒙古出入境边防检查总站","","内蒙古自治区呼伦贝尔市满洲里市","公务员/事业单位;2026;computer_software;data_ai;electronics_communication;本科及以上;与最高学历相对应的学位;研究生：0812/085211计算机科学与技术、0835/085212/085405软件工程、0810/0852/085402信息与通信工程。本科：0807电子信息类、080901计算机科学与技术、080902软件工程、080903网络工程;市（地）级及以下直属机构综合管理类","用人司局：内蒙古出入境边防检查总站
职位简介：属于公安机关人民警察，承担着维护国家主权、边境安全和社会秩序的重要职责，负责实施出入国（边）境人员、交通运输工具边防检查，口岸限定区域管理，审核签发外国人临时入境许可，实施边控工作，防范查处非法入出境活动。该职位主要从事边防检查、大数据运维、信息化设备运维、无人驾驶设备运维使用等工作。24小时轮班工作制，工作强度大。工资待遇按人民警察标准执行，享受加班补贴、值勤岗位津贴、艰苦边远地区补助或高原津贴。
专业要求：研究生：0812/085211计算机科学与技术、0835/085212/085405软件工程、0810/0852/085402信息与通信工程。本科：0807电子信息类、080901计算机科学与技术、080902软件工程、080903网络工程
学历要求：本科及以上
学位要求：与最高学历相对应的学位
政治面貌：中共党员或共青团员
基层工作经历：二年
考试类别：市（地）级及以下直属机构综合管理类
备注：1．限男性，高等学历教育各阶段均需取得相应学历和学位，报名时需注明专业代码。
2．按《公务员录用体检特殊标准（试行）》进行体检，对《公务员录用体检特殊标准（试行）》未作规定的项目，按《公务员录用体检通用标准（试行）》执行，视力标准可询招录单位。
3．按《公安机关录用人民警察体能测评项目和标准》进行体能测评。
4．按《公安机关录用人民警察政治考察工作办法》开展考察。具有《公安机关录用人民警察政治考察工作办法》第八、九条情形的，不得报考；父母、配偶或子女已移居国（境）外的，不得报考；非公派原因，曾六个月以上在国（境）外留学、工作、生活的，不得报考。
5．持有计算机全国计算机等级考试二级合格证书，或通过全国统一考试，取得无人机、软件、计算机、通信等相关专业技术初级资格。
6．具有2年以上从事软件开发、数据分析或信息化设备维护等专业相关工作经历。
7．异地人员提供戍边公寓。享受内蒙古地区子女教育优待。有固定的探亲假和休假安排。
8．县级以下单位最低服务年限五年（含试用期），须服从二次分配。
9．请及时关注“移民管理警察招考小助手”微信小程序讯息。","http://bm.scs.gov.cn/kl2026#158112-300130860009","2025-10-14","{""dataset_year"":2026,""job_uid"":""GOV-2026-158112-300130860009"",""publisher"":""国家公务员局"",""publication_page"":""http://bm.scs.gov.cn/kl2026"",""attachment_url"":""local://2026_guokao_zhaokaojianzhang.zip"",""local_source_file"":""中央机关及其直属机构2026年度考试录用公务员招考简章.xls"",""local_source_sha256"":""2670bae1df1dd07a3a3c79b9db46a11e3bb15a6c9c249e6af98bfd0b61ce3aaf"",""source_sheet"":""中央国家行政机关省级以下直属机构"",""filter_version"":""government_tech_v2"",""tech_filter"":{""is_tech"":true,""is_core_tech"":true,""scope"":""core"",""categories"":[""computer_software"",""data_ai"",""electronics_communication""],""matched_fields"":[""major"",""description"",""remarks""],""major_terms"":[""信息与通信工程"",""电子信息类"",""网络工程"",""计算机科学与技术"",""软件工程"",""通信工程""],""role_terms"":[""信息化"",""大数据"",""数据分析"",""计算机"",""设备维护"",""设备运维"",""软件"",""软件开发""],""reason"":""tech_major_and_role""},""original"":{""部门代码"":""158112"",""部门名称"":""内蒙古出入境边防检查总站"",""用人司局"":""内蒙古出入境边防检查总站"",""机构性质"":""中央国家行政机关省级以下直属机构"",""招考职位"":""满洲里出入境边防检查站警务技术一级主管及以下（二）"",""职位属性"":""公安机关人民警察职位"",""职位分布"":""西部地区和艰苦边远地区职位"",""职位简介"":""属于公安机关人民警察，承担着维护国家主权、边境安全和社会秩序的重要职责，负责实施出入国（边）境人员、交通运输工具边防检查，口岸限定区域管理，审核签发外国人临时入境许可，实施边控工作，防范查处非法入出境活动。该职位主要从事边防检查、大数据运维、信息化设备运维、无人驾驶设备运维使用等工作。24小时轮班工作制，工作强度大。工资待遇按人民警察标准执行，享受加班补贴、值勤岗位津贴、艰苦边远地区补助或高原津贴。"",""职位代码"":""300130860009"",""机构层级"":""市（地）级"",""考试类别"":""市（地）级及以下直属机构综合管理类"",""招考人数"":""1"",""专业"":""研究生：0812/085211计算机科学与技术、0835/085212/085405软件工程、0810/0852/085402信息与通信工程。本科：0807电子信息类、080901计算机科学与技术、080902软件工程、080903网络工程"",""学历"":""本科及以上"",""学位"":""与最高学历相对应的学位"",""政治面貌"":""中共党员或共青团员"",""基层工作最低年限"":""二年"",""服务基层项目工作经历"":""无限制"",""是否在面试阶段组织专业能力测试"":""否"",""面试人员比例"":""3:1"",""工作地点"":""内蒙古自治区呼伦贝尔市满洲里市"",""落户地点"":""内蒙古自治区呼伦贝尔市满洲里市"",""备注"":""1．限男性，高等学历教育各阶段均需取得相应学历和学位，报名时需注明专业代码。\n2．按《公务员录用体检特殊标准（试行）》进行体检，对《公务员录用体检特殊标准（试行）》未作规定的项目，按《公务员录用体检通用标准（试行）》执行，视力标准可询招录单位。\n3．按《公安机关录用人民警察体能测评项目和标准》进行体能测评。\n4．按《公安机关录用人民警察政治考察工作办法》开展考察。具有《公安机关录用人民警察政治考察工作办法》第八、九条情形的，不得报考；父母、配偶或子女已移居国（境）外的，不得报考；非公派原因，曾六个月以上在国（境）外留学、工作、生活的，不得报考。\n5．持有计算机全国计算机等级考试二级合格证书，或通过全国统一考试，取得无人机、软件、计算机、通信等相关专业技术初级资格。\n6．具有2年以上从事软件开发、数据分析或信息化设备维护等专业相关工作经历。\n7．异地人员提供戍边公寓。享受内蒙古地区子女教育优待。有固定的探亲假和休假安排。\n8．县级以下单位最低服务年限五年（含试用期），须服从二次分配。\n9．请及时关注“移民管理警察招考小助手”微信小程序讯息。"",""部门网站"":""https://rczk.nia.gov.cn"",""咨询电话1"":""04713265175"",""咨询电话2"":"""",""咨询电话3"":"""",""来源Sheet"":""中央国家行政机关省级以下直属机构""}}"
"government_jobs","国家公务员2026招考简章","公务员/事业单位技术岗位","内蒙古自治区锡林郭勒盟二连浩特市","2026-07-28T09:12:58.310295+00:00","二连出入境边防检查站警务技术一级主管及以下","内蒙古出入境边防检查总站","","内蒙古自治区锡林郭勒盟二连浩特市","公务员/事业单位;2026;computer_software;data_ai;electronics_communication;本科及以上;与最高学历相对应的学位;研究生：0812/085211计算机科学与技术、0835/085212/085405软件工程、0810/0852/085402信息与通信工程。本科：0807电子信息类、080901计算机科学与技术、080902软件工程、080903网络工程;市（地）级及以下直属机构综合管理类","用人司局：内蒙古出入境边防检查总站
职位简介：属于公安机关人民警察，承担着维护国家主权、边境安全和社会秩序的重要职责，负责实施出入国（边）境人员、交通运输工具边防检查，口岸限定区域管理，审核签发外国人临时入境许可，实施边控工作，防范查处非法入出境活动。该职位主要从事边防检查、大数据运维、信息化设备运维、无人驾驶设备运维使用等工作。24小时轮班工作制，工作强度大。工资待遇按人民警察标准执行，享受加班补贴、值勤岗位津贴、艰苦边远地区补助或高原津贴。
专业要求：研究生：0812/085211计算机科学与技术、0835/085212/085405软件工程、0810/0852/085402信息与通信工程。本科：0807电子信息类、080901计算机科学与技术、080902软件工程、080903网络工程
学历要求：本科及以上
学位要求：与最高学历相对应的学位
政治面貌：中共党员或共青团员
基层工作经历：二年
考试类别：市（地）级及以下直属机构综合管理类
备注：1．限男性，高等学历教育各阶段均需取得相应学历和学位，报名时需注明专业代码。
2．按《公务员录用体检特殊标准（试行）》进行体检，对《公务员录用体检特殊标准（试行）》未作规定的项目，按《公务员录用体检通用标准（试行）》执行，视力标准可询招录单位。
3．按《公安机关录用人民警察体能测评项目和标准》进行体能测评。
4．按《公安机关录用人民警察政治考察工作办法》开展考察。具有《公安机关录用人民警察政治考察工作办法》第八、九条情形的，不得报考；父母、配偶或子女已移居国（境）外的，不得报考；非公派原因，曾六个月以上在国（境）外留学、工作、生活的，不得报考。
5．持有计算机全国计算机等级考试二级合格证书，或通过全国统一考试，取得无人机、软件、计算机、通信等相关专业技术初级资格。
6．具有2年以上从事软件开发、数据分析或信息化设备维护等专业相关工作经历。
7．异地人员提供戍边公寓。享受内蒙古地区子女教育优待。有固定的探亲假和休假安排。
8．县级以下单位最低服务年限五年（含试用期），须服从二次分配。
9．请及时关注“移民管理警察招考小助手”微信小程序讯息。","http://bm.scs.gov.cn/kl2026#158112-300130860017","2025-10-14","{""dataset_year"":2026,""job_uid"":""GOV-2026-158112-300130860017"",""publisher"":""国家公务员局"",""publication_page"":""http://bm.scs.gov.cn/kl2026"",""attachment_url"":""local://2026_guokao_zhaokaojianzhang.zip"",""local_source_file"":""中央机关及其直属机构2026年度考试录用公务员招考简章.xls"",""local_source_sha256"":""2670bae1df1dd07a3a3c79b9db46a11e3bb15a6c9c249e6af98bfd0b61ce3aaf"",""source_sheet"":""中央国家行政机关省级以下直属机构"",""filter_version"":""government_tech_v2"",""tech_filter"":{""is_tech"":true,""is_core_tech"":true,""scope"":""core"",""categories"":[""computer_software"",""data_ai"",""electronics_communication""],""matched_fields"":[""major"",""description"",""remarks""],""major_terms"":[""信息与通信工程"",""电子信息类"",""网络工程"",""计算机科学与技术"",""软件工程"",""通信工程""],""role_terms"":[""信息化"",""大数据"",""数据分析"",""计算机"",""设备维护"",""设备运维"",""软件"",""软件开发""],""reason"":""tech_major_and_role""},""original"":{""部门代码"":""158112"",""部门名称"":""内蒙古出入境边防检查总站"",""用人司局"":""内蒙古出入境边防检查总站"",""机构性质"":""中央国家行政机关省级以下直属机构"",""招考职位"":""二连出入境边防检查站警务技术一级主管及以下"",""职位属性"":""公安机关人民警察职位"",""职位分布"":""西部地区和艰苦边远地区职位"",""职位简介"":""属于公安机关人民警察，承担着维护国家主权、边境安全和社会秩序的重要职责，负责实施出入国（边）境人员、交通运输工具边防检查，口岸限定区域管理，审核签发外国人临时入境许可，实施边控工作，防范查处非法入出境活动。该职位主要从事边防检查、大数据运维、信息化设备运维、无人驾驶设备运维使用等工作。24小时轮班工作制，工作强度大。工资待遇按人民警察标准执行，享受加班补贴、值勤岗位津贴、艰苦边远地区补助或高原津贴。"",""职位代码"":""300130860017"",""机构层级"":""市（地）级"",""考试类别"":""市（地）级及以下直属机构综合管理类"",""招考人数"":""3"",""专业"":""研究生：0812/085211计算机科学与技术、0835/085212/085405软件工程、0810/0852/085402信息与通信工程。本科：0807电子信息类、080901计算机科学与技术、080902软件工程、080903网络工程"",""学历"":""本科及以上"",""学位"":""与最高学历相对应的学位"",""政治面貌"":""中共党员或共青团员"",""基层工作最低年限"":""二年"",""服务基层项目工作经历"":""无限制"",""是否在面试阶段组织专业能力测试"":""否"",""面试人员比例"":""3:1"",""工作地点"":""内蒙古自治区锡林郭勒盟二连浩特市"",""落户地点"":""内蒙古自治区锡林郭勒盟二连浩特市"",""备注"":""1．限男性，高等学历教育各阶段均需取得相应学历和学位，报名时需注明专业代码。\n2．按《公务员录用体检特殊标准（试行）》进行体检，对《公务员录用体检特殊标准（试行）》未作规定的项目，按《公务员录用体检通用标准（试行）》执行，视力标准可询招录单位。\n3．按《公安机关录用人民警察体能测评项目和标准》进行体能测评。\n4．按《公安机关录用人民警察政治考察工作办法》开展考察。具有《公安机关录用人民警察政治考察工作办法》第八、九条情形的，不得报考；父母、配偶或子女已移居国（境）外的，不得报考；非公派原因，曾六个月以上在国（境）外留学、工作、生活的，不得报考。\n5．持有计算机全国计算机等级考试二级合格证书，或通过全国统一考试，取得无人机、软件、计算机、通信等相关专业技术初级资格。\n6．具有2年以上从事软件开发、数据分析或信息化设备维护等专业相关工作经历。\n7．异地人员提供戍边公寓。享受内蒙古地区子女教育优待。有固定的探亲假和休假安排。\n8．县级以下单位最低服务年限五年（含试用期），须服从二次分配。\n9．请及时关注“移民管理警察招考小助手”微信小程序讯息。"",""部门网站"":""https://rczk.nia.gov.cn"",""咨询电话1"":""04713265175"",""咨询电话2"":"""",""咨询电话3"":"""",""来源Sheet"":""中央国家行政机关省级以下直属机构""}}"
"government_jobs","国家公务员2026招考简章","公务员/事业单位技术岗位","内蒙古自治区阿拉善盟额济纳旗","2026-07-28T09:12:58.310295+00:00","策克出入境边防检查站警务技术一级主管及以下","内蒙古出入境边防检查总站","","内蒙古自治区阿拉善盟额济纳旗","公务员/事业单位;2026;computer_software;data_ai;electronics_communication;本科及以上;与最高学历相对应的学位;研究生：0812/085211计算机科学与技术、0835/085212软件工程、0810/0852/085402信息与通信工程。本科：0807电子信息类、080901计算机科学与技术、080902软件工程、080903网络工程。;市（地）级及以下直属机构综合管理类","用人司局：内蒙古出入境边防检查总站
职位简介：属于公安机关人民警察，承担着维护国家主权、边境安全和社会秩序的重要职责，负责实施出入国（边）境人员、交通运输工具边防检查，口岸限定区域管理，审核签发外国人临时入境许可，实施边控工作，防范查处非法入出境活动。该职位主要从事边防检查、大数据运维、信息化设备运维、无人驾驶设备运维使用等工作。24小时轮班工作制，工作强度大。工资待遇按人民警察标准执行，享受加班补贴、值勤岗位津贴、艰苦边远地区补助或高原津贴。
专业要求：研究生：0812/085211计算机科学与技术、0835/085212软件工程、0810/0852/085402信息与通信工程。本科：0807电子信息类、080901计算机科学与技术、080902软件工程、080903网络工程。
学历要求：本科及以上
学位要求：与最高学历相对应的学位
政治面貌：中共党员或共青团员
基层工作经历：无限制
考试类别：市（地）级及以下直属机构综合管理类
备注：1．限男性，高等学历教育各阶段均需取得相应学历和学位，报名时需注明专业代码。
2．按《公务员录用体检特殊标准（试行）》进行体检，对《公务员录用体检特殊标准（试行）》未作规定的项目，按《公务员录用体检通用标准（试行）》执行，视力标准可询招录单位。
3．按《公安机关录用人民警察体能测评项目和标准》进行体能测评。
4．按《公安机关录用人民警察政治考察工作办法》开展考察。具有《公安机关录用人民警察政治考察工作办法》第八、九条情形的，不得报考；父母、配偶或子女已移居国（境）外的，不得报考；非公派原因，曾六个月以上在国（境）外留学、工作、生活的，不得报考。
5．通过全国统一考试，取得无人机、软件、计算机、通信等相关专业技术初级资格。
6．限内蒙古户籍或生源。
7．异地人员提供戍边公寓。享受内蒙古地区子女教育优待。有固定的探亲假和休假安排。
8．县级以下单位最低服务年限五年（含试用期），须服从二次分配。
9．请及时关注“移民管理警察招考小助手”微信小程序讯息。","http://bm.scs.gov.cn/kl2026#158112-300130860025","2025-10-14","{""dataset_year"":2026,""job_uid"":""GOV-2026-158112-300130860025"",""publisher"":""国家公务员局"",""publication_page"":""http://bm.scs.gov.cn/kl2026"",""attachment_url"":""local://2026_guokao_zhaokaojianzhang.zip"",""local_source_file"":""中央机关及其直属机构2026年度考试录用公务员招考简章.xls"",""local_source_sha256"":""2670bae1df1dd07a3a3c79b9db46a11e3bb15a6c9c249e6af98bfd0b61ce3aaf"",""source_sheet"":""中央国家行政机关省级以下直属机构"",""filter_version"":""government_tech_v2"",""tech_filter"":{""is_tech"":true,""is_core_tech"":true,""scope"":""core"",""categories"":[""computer_software"",""data_ai"",""electronics_communication""],""matched_fields"":[""major"",""description"",""remarks""],""major_terms"":[""信息与通信工程"",""电子信息类"",""网络工程"",""计算机科学与技术"",""软件工程"",""通信工程""],""role_terms"":[""信息化"",""大数据"",""计算机"",""设备运维"",""软件""],""reason"":""tech_major_and_role""},""original"":{""部门代码"":""158112"",""部门名称"":""内蒙古出入境边防检查总站"",""用人司局"":""内蒙古出入境边防检查总站"",""机构性质"":""中央国家行政机关省级以下直属机构"",""招考职位"":""策克出入境边防检查站警务技术一级主管及以下"",""职位属性"":""公安机关人民警察职位"",""职位分布"":""西部地区和艰苦边远地区职位"",""职位简介"":""属于公安机关人民警察，承担着维护国家主权、边境安全和社会秩序的重要职责，负责实施出入国（边）境人员、交通运输工具边防检查，口岸限定区域管理，审核签发外国人临时入境许可，实施边控工作，防范查处非法入出境活动。该职位主要从事边防检查、大数据运维、信息化设备运维、无人驾驶设备运维使用等工作。24小时轮班工作制，工作强度大。工资待遇按人民警察标准执行，享受加班补贴、值勤岗位津贴、艰苦边远地区补助或高原津贴。"",""职位代码"":""300130860025"",""机构层级"":""市（地）级"",""考试类别"":""市（地）级及以下直属机构综合管理类"",""招考人数"":""1"",""专业"":""研究生：0812/085211计算机科学与技术、0835/085212软件工程、0810/0852/085402信息与通信工程。本科：0807电子信息类、080901计算机科学与技术、080902软件工程、080903网络工程。"",""学历"":""本科及以上"",""学位"":""与最高学历相对应的学位"",""政治面貌"":""中共党员或共青团员"",""基层工作最低年限"":""无限制"",""服务基层项目工作经历"":""无限制"",""是否在面试阶段组织专业能力测试"":""否"",""面试人员比例"":""3:1"",""工作地点"":""内蒙古自治区阿拉善盟额济纳旗"",""落户地点"":""内蒙古自治区阿拉善盟额济纳旗"",""备注"":""1．限男性，高等学历教育各阶段均需取得相应学历和学位，报名时需注明专业代码。\n2．按《公务员录用体检特殊标准（试行）》进行体检，对《公务员录用体检特殊标准（试行）》未作规定的项目，按《公务员录用体检通用标准（试行）》执行，视力标准可询招录单位。\n3．按《公安机关录用人民警察体能测评项目和标准》进行体能测评。\n4．按《公安机关录用人民警察政治考察工作办法》开展考察。具有《公安机关录用人民警察政治考察工作办法》第八、九条情形的，不得报考；父母、配偶或子女已移居国（境）外的，不得报考；非公派原因，曾六个月以上在国（境）外留学、工作、生活的，不得报考。\n5．通过全国统一考试，取得无人机、软件、计算机、通信等相关专业技术初级资格。\n6．限内蒙古户籍或生源。\n7．异地人员提供戍边公寓。享受内蒙古地区子女教育优待。有固定的探亲假和休假安排。\n8．县级以下单位最低服务年限五年（含试用期），须服从二次分配。\n9．请及时关注“移民管理警察招考小助手”微信小程序讯息。"",""部门网站"":""https://rczk.nia.gov.cn"",""咨询电话1"":""04713265175"",""咨询电话2"":"""",""咨询电话3"":"""",""来源Sheet"":""中央国家行政机关省级以下直属机构""}}"
"government_jobs","国家公务员2026招考简章","公务员/事业单位技术岗位","内蒙古自治区呼和浩特市","2026-07-28T09:12:58.310295+00:00","呼和浩特出入境边防检查站警务技术一级主管及以下","内蒙古出入境边防检查总站","","内蒙古自治区呼和浩特市","公务员/事业单位;2026;computer_software;cybersecurity_cryptography;data_ai;electronics_communication;geospatial_remote_sensing;硕士研究生及以上;与最高学历相对应的学位;0809电子科学与技术、0810/085208信息与通信工程、0812/085211计算机科学与技术、0816测绘科学与技术、0835/085212软件工程、0837安全科学与工程、0838公安技术、0839网络空间安全、0854电子信息;市（地）级及以下直属机构综合管理类","用人司局：内蒙古出入境边防检查总站
职位简介：属于公安机关人民警察，承担着维护国家主权、边境安全和社会秩序的重要职责，负责实施出入国（边）境人员、交通运输工具边防检查，口岸限定区域管理，审核签发外国人临时入境许可，实施边控工作，防范查处非法入出境活动。该职位主要从事边防检查、信息化领域研究等工作。工资待遇按人民警察标准执行，享受加班补贴、值勤岗位津贴、艰苦边远地区补助或高原津贴。
专业要求：0809电子科学与技术、0810/085208信息与通信工程、0812/085211计算机科学与技术、0816测绘科学与技术、0835/085212软件工程、0837安全科学与工程、0838公安技术、0839网络空间安全、0854电子信息
学历要求：硕士研究生及以上
学位要求：与最高学历相对应的学位
政治面貌：中共党员或共青团员
基层工作经历：二年
考试类别：市（地）级及以下直属机构综合管理类
备注：1．高等学历教育各阶段均需取得相应学历和学位，报名时需注明专业代码。
2．按《公务员录用体检特殊标准（试行）》进行体检，对《公务员录用体检特殊标准（试行）》未作规定的项目，按《公务员录用体检通用标准（试行）》执行，视力标准可询招录单位。
3．按《公安机关录用人民警察体能测评项目和标准》进行体能测评。
4．按《公安机关录用人民警察政治考察工作办法》开展考察。具有《公安机关录用人民警察政治考察工作办法》第八、九条情形的，不得报考；父母、配偶或子女已移居国（境）外的，不得报考；非公派原因，曾六个月以上在国（境）外留学、工作、生活的，不得报考。
5．通过全国统一考试，取得软件、计算机、通信等相关专业技术高级资格。
6．至少持有1项授权专利，或在攻读硕士以上学位期间，在本一级学科，以第一作者署名发表过高水平学术论文1篇以上。
7．具有2年以上从事软件开发、数据分析或智能设备维护等专业相关工作经历。
8.异地人员提供戍边公寓。享受内蒙古地区子女教育优待。有固定的探亲假和休假安排。
9．在本单位最低服务年限五年（含试用期），须服从二次分配。
10．请及时关注“移民管理警察招考小助手”微信小程序讯息。","http://bm.scs.gov.cn/kl2026#158112-300130860026","2025-10-14","{""dataset_year"":2026,""job_uid"":""GOV-2026-158112-300130860026"",""publisher"":""国家公务员局"",""publication_page"":""http://bm.scs.gov.cn/kl2026"",""attachment_url"":""local://2026_guokao_zhaokaojianzhang.zip"",""local_source_file"":""中央机关及其直属机构2026年度考试录用公务员招考简章.xls"",""local_source_sha256"":""2670bae1df1dd07a3a3c79b9db46a11e3bb15a6c9c249e6af98bfd0b61ce3aaf"",""source_sheet"":""中央国家行政机关省级以下直属机构"",""filter_version"":""government_tech_v2"",""tech_filter"":{""is_tech"":true,""is_core_tech"":true,""scope"":""core"",""categories"":[""computer_software"",""cybersecurity_cryptography"",""data_ai"",""electronics_communication"",""geospatial_remote_sensing""],""matched_fields"":[""major"",""description"",""remarks""],""major_terms"":[""信息与通信工程"",""测绘科学与技术"",""电子信息"",""电子科学与技术"",""网络空间安全"",""计算机科学与技术"",""软件工程"",""通信工程""],""role_terms"":[""信息化"",""数据分析"",""计算机"",""设备维护"",""软件"",""软件开发""],""reason"":""tech_major_and_role""},""original"":{""部门代码"":""158112"",""部门名称"":""内蒙古出入境边防检查总站"",""用人司局"":""内蒙古出入境边防检查总站"",""机构性质"":""中央国家行政机关省级以下直属机构"",""招考职位"":""呼和浩特出入境边防检查站警务技术一级主管及以下"",""职位属性"":""公安机关人民警察职位"",""职位分布"":""西部地区和艰苦边远地区职位"",""职位简介"":""属于公安机关人民警察，承担着维护国家主权、边境安全和社会秩序的重要职责，负责实施出入国（边）境人员、交通运输工具边防检查，口岸限定区域管理，审核签发外国人临时入境许可，实施边控工作，防范查处非法入出境活动。该职位主要从事边防检查、信息化领域研究等工作。工资待遇按人民警察标准执行，享受加班补贴、值勤岗位津贴、艰苦边远地区补助或高原津贴。"",""职位代码"":""300130860026"",""机构层级"":""市（地）级"",""考试类别"":""市（地）级及以下直属机构综合管理类"",""招考人数"":""2"",""专业"":""0809电子科学与技术、0810/085208信息与通信工程、0812/085211计算机科学与技术、0816测绘科学与技术、0835/085212软件工程、0837安全科学与工程、0838公安技术、0839网络空间安全、0854电子信息"",""学历"":""硕士研究生及以上"",""学位"":""与最高学历相对应的学位"",""政治面貌"":""中共党员或共青团员"",""基层工作最低年限"":""二年"",""服务基层项目工作经历"":""无限制"",""是否在面试阶段组织专业能力测试"":""否"",""面试人员比例"":""3:1"",""工作地点"":""内蒙古自治区呼和浩特市"",""落户地点"":""内蒙古自治区呼和浩特市"",""备注"":""1．高等学历教育各阶段均需取得相应学历和学位，报名时需注明专业代码。\n2．按《公务员录用体检特殊标准（试行）》进行体检，对《公务员录用体检特殊标准（试行）》未作规定的项目，按《公务员录用体检通用标准（试行）》执行，视力标准可询招录单位。\n3．按《公安机关录用人民警察体能测评项目和标准》进行体能测评。\n4．按《公安机关录用人民警察政治考察工作办法》开展考察。具有《公安机关录用人民警察政治考察工作办法》第八、九条情形的，不得报考；父母、配偶或子女已移居国（境）外的，不得报考；非公派原因，曾六个月以上在国（境）外留学、工作、生活的，不得报考。\n5．通过全国统一考试，取得软件、计算机、通信等相关专业技术高级资格。\n6．至少持有1项授权专利，或在攻读硕士以上学位期间，在本一级学科，以第一作者署名发表过高水平学术论文1篇以上。\n7．具有2年以上从事软件开发、数据分析或智能设备维护等专业相关工作经历。\n8.异地人员提供戍边公寓。享受内蒙古地区子女教育优待。有固定的探亲假和休假安排。\n9．在本单位最低服务年限五年（含试用期），须服从二次分配。\n10．请及时关注“移民管理警察招考小助手”微信小程序讯息。"",""部门网站"":""https://rczk.nia.gov.cn"",""咨询电话1"":""04713265175"",""咨询电话2"":"""",""咨询电话3"":"""",""来源Sheet"":""中央国家行政机关省级以下直属机构""}}"
"government_jobs","国家公务员2026招考简章","公务员/事业单位技术岗位","内蒙古自治区鄂尔多斯市","2026-07-28T09:12:58.310295+00:00","鄂尔多斯出入境边防检查站警务技术一级主管及以下","内蒙古出入境边防检查总站","","内蒙古自治区鄂尔多斯市","公务员/事业单位;2026;computer_software;cybersecurity_cryptography;data_ai;electronics_communication;geospatial_remote_sensing;硕士研究生及以上;与最高学历相对应的学位;0809电子科学与技术、0810/085208信息与通信工程、0812/085211计算机科学与技术、0816测绘科学与技术、0835/085212软件工程、0837安全科学与工程、0838公安技术、0839网络空间安全、0854电子信息;市（地）级及以下直属机构综合管理类","用人司局：内蒙古出入境边防检查总站
职位简介：属于公安机关人民警察，承担着维护国家主权、边境安全和社会秩序的重要职责，负责实施出入国（边）境人员、交通运输工具边防检查，口岸限定区域管理，审核签发外国人临时入境许可，实施边控工作，防范查处非法入出境活动。该职位主要从事边防检查、信息化领域研究等工作。工资待遇按人民警察标准执行，享受加班补贴、值勤岗位津贴、艰苦边远地区补助或高原津贴。
专业要求：0809电子科学与技术、0810/085208信息与通信工程、0812/085211计算机科学与技术、0816测绘科学与技术、0835/085212软件工程、0837安全科学与工程、0838公安技术、0839网络空间安全、0854电子信息
学历要求：硕士研究生及以上
学位要求：与最高学历相对应的学位
政治面貌：中共党员或共青团员
基层工作经历：二年
考试类别：市（地）级及以下直属机构综合管理类
备注：1．高等学历教育各阶段均需取得相应学历和学位，报名时需注明专业代码。
2．按《公务员录用体检特殊标准（试行）》进行体检，对《公务员录用体检特殊标准（试行）》未作规定的项目，按《公务员录用体检通用标准（试行）》执行，视力标准可询招录单位。
3．按《公安机关录用人民警察体能测评项目和标准》进行体能测评。
4．按《公安机关录用人民警察政治考察工作办法》开展考察。具有《公安机关录用人民警察政治考察工作办法》第八、九条情形的，不得报考；父母、配偶或子女已移居国（境）外的，不得报考；非公派原因，曾六个月以上在国（境）外留学、工作、生活的，不得报考。
5．通过全国统一考试，取得软件、计算机、通信等相关专业技术高级资格。
6．至少持有1项授权专利，或在攻读硕士以上学位期间，在本一级学科，以第一作者署名发表过高水平学术论文1篇以上。
7．具有2年以上从事软件开发、数据分析或智能设备维护等专业相关工作经历。
8.异地人员提供戍边公寓。享受内蒙古地区子女教育优待。有固定的探亲假和休假安排。
9．在本单位最低服务年限五年（含试用期），须服从二次分配。
10．请及时关注“移民管理警察招考小助手”微信小程序讯息。","http://bm.scs.gov.cn/kl2026#158112-300130860027","2025-10-14","{""dataset_year"":2026,""job_uid"":""GOV-2026-158112-300130860027"",""publisher"":""国家公务员局"",""publication_page"":""http://bm.scs.gov.cn/kl2026"",""attachment_url"":""local://2026_guokao_zhaokaojianzhang.zip"",""local_source_file"":""中央机关及其直属机构2026年度考试录用公务员招考简章.xls"",""local_source_sha256"":""2670bae1df1dd07a3a3c79b9db46a11e3bb15a6c9c249e6af98bfd0b61ce3aaf"",""source_sheet"":""中央国家行政机关省级以下直属机构"",""filter_version"":""government_tech_v2"",""tech_filter"":{""is_tech"":true,""is_core_tech"":true,""scope"":""core"",""categories"":[""computer_software"",""cybersecurity_cryptography"",""data_ai"",""electronics_communication"",""geospatial_remote_sensing""],""matched_fields"":[""major"",""description"",""remarks""],""major_terms"":[""信息与通信工程"",""测绘科学与技术"",""电子信息"",""电子科学与技术"",""网络空间安全"",""计算机科学与技术"",""软件工程"",""通信工程""],""role_terms"":[""信息化"",""数据分析"",""计算机"",""设备维护"",""软件"",""软件开发""],""reason"":""tech_major_and_role""},""original"":{""部门代码"":""158112"",""部门名称"":""内蒙古出入境边防检查总站"",""用人司局"":""内蒙古出入境边防检查总站"",""机构性质"":""中央国家行政机关省级以下直属机构"",""招考职位"":""鄂尔多斯出入境边防检查站警务技术一级主管及以下"",""职位属性"":""公安机关人民警察职位"",""职位分布"":""西部地区和艰苦边远地区职位"",""职位简介"":""属于公安机关人民警察，承担着维护国家主权、边境安全和社会秩序的重要职责，负责实施出入国（边）境人员、交通运输工具边防检查，口岸限定区域管理，审核签发外国人临时入境许可，实施边控工作，防范查处非法入出境活动。该职位主要从事边防检查、信息化领域研究等工作。工资待遇按人民警察标准执行，享受加班补贴、值勤岗位津贴、艰苦边远地区补助或高原津贴。"",""职位代码"":""300130860027"",""机构层级"":""市（地）级"",""考试类别"":""市（地）级及以下直属机构综合管理类"",""招考人数"":""2"",""专业"":""0809电子科学与技术、0810/085208信息与通信工程、0812/085211计算机科学与技术、0816测绘科学与技术、0835/085212软件工程、0837安全科学与工程、0838公安技术、0839网络空间安全、0854电子信息"",""学历"":""硕士研究生及以上"",""学位"":""与最高学历相对应的学位"",""政治面貌"":""中共党员或共青团员"",""基层工作最低年限"":""二年"",""服务基层项目工作经历"":""无限制"",""是否在面试阶段组织专业能力测试"":""否"",""面试人员比例"":""3:1"",""工作地点"":""内蒙古自治区鄂尔多斯市"",""落户地点"":""内蒙古自治区鄂尔多斯市"",""备注"":""1．高等学历教育各阶段均需取得相应学历和学位，报名时需注明专业代码。\n2．按《公务员录用体检特殊标准（试行）》进行体检，对《公务员录用体检特殊标准（试行）》未作规定的项目，按《公务员录用体检通用标准（试行）》执行，视力标准可询招录单位。\n3．按《公安机关录用人民警察体能测评项目和标准》进行体能测评。\n4．按《公安机关录用人民警察政治考察工作办法》开展考察。具有《公安机关录用人民警察政治考察工作办法》第八、九条情形的，不得报考；父母、配偶或子女已移居国（境）外的，不得报考；非公派原因，曾六个月以上在国（境）外留学、工作、生活的，不得报考。\n5．通过全国统一考试，取得软件、计算机、通信等相关专业技术高级资格。\n6．至少持有1项授权专利，或在攻读硕士以上学位期间，在本一级学科，以第一作者署名发表过高水平学术论文1篇以上。\n7．具有2年以上从事软件开发、数据分析或智能设备维护等专业相关工作经历。\n8.异地人员提供戍边公寓。享受内蒙古地区子女教育优待。有固定的探亲假和休假安排。\n9．在本单位最低服务年限五年（含试用期），须服从二次分配。\n10．请及时关注“移民管理警察招考小助手”微信小程序讯息。"",""部门网站"":""https://rczk.nia.gov.cn"",""咨询电话1"":""04713265175"",""咨询电话2"":"""",""咨询电话3"":"""",""来源Sheet"":""中央国家行政机关省级以下直属机构""}}"
"government_jobs","国家公务员2026招考简章","公务员/事业单位技术岗位","内蒙古自治区呼伦贝尔市","2026-07-28T09:12:58.310295+00:00","呼伦贝尔边境管理支队警务技术一级主管及以下（一）","内蒙古出入境边防检查总站","","内蒙古自治区呼伦贝尔市","公务员/事业单位;2026;computer_software;cybersecurity_cryptography;data_ai;electronics_communication;硕士研究生及以上;与最高学历相对应的学位;0812/085211/085404计算机科学与技术、0835/085212/085405软件工程、0810/0852/085402信息与通信工程、0838公安技术、0839网络空间安全。;市（地）级及以下直属机构综合管理类","用人司局：内蒙古出入境边防检查总站
职位简介：属于公安机关人民警察，承担着维护国家主权、边境安全和社会秩序的重要职责，负责实施进出边境管理区人员、交通运输工具检查管理，边境地区治安、户籍、通行证等签发管理，防范查处非法入出境活动，侦办妨害国（边）境管理犯罪案件，协助查处边境地区其他刑事犯罪活动。该职位主要从事边防检查、大数据运维、信息化设备运维、无人驾驶设备运维使用等工作。实行24小时工作制度和弹性工作时间，分为日勤和全日勤，训练量较大。工资待遇按人民警察标准执行，享受加班补贴、值勤岗位津贴、艰苦边远地区补助或高原津贴。
专业要求：0812/085211/085404计算机科学与技术、0835/085212/085405软件工程、0810/0852/085402信息与通信工程、0838公安技术、0839网络空间安全。
学历要求：硕士研究生及以上
学位要求：与最高学历相对应的学位
政治面貌：中共党员或共青团员
基层工作经历：无限制
考试类别：市（地）级及以下直属机构综合管理类
备注：1．高等学历教育各阶段均需取得相应学历和学位，报名时需注明专业代码。
2．按《公务员录用体检特殊标准（试行）》进行体检，对《公务员录用体检特殊标准（试行）》未作规定的项目，按《公务员录用体检通用标准（试行）》执行，视力标准可询招录单位。
3．按《公安机关录用人民警察体能测评项目和标准》进行体能测评。
4．按《公安机关录用人民警察政治考察工作办法》开展考察。具有《公安机关录用人民警察政治考察工作办法》第八、九条情形的，不得报考；父母、配偶或子女已移居国（境）外的，不得报考；非公派原因，曾六个月以上在国（境）外留学、工作、生活的，不得报考。
5．持有计算机全国计算机等级考试二级合格证书，或通过全国统一考试，取得无人机、软件、计算机、通信等相关专业技术初级资格。
6．异地人员提供戍边公寓。享受内蒙古地区子女教育优待。有固定的探亲假和休假安排。
7．县级以下单位最低服务年限五年（含试用期），须服从二次分配。
8．请及时关注“移民管理警察招考小助手”微信小程序讯息。","http://bm.scs.gov.cn/kl2026#158112-300130860039","2025-10-14","{""dataset_year"":2026,""job_uid"":""GOV-2026-158112-300130860039"",""publisher"":""国家公务员局"",""publication_page"":""http://bm.scs.gov.cn/kl2026"",""attachment_url"":""local://2026_guokao_zhaokaojianzhang.zip"",""local_source_file"":""中央机关及其直属机构2026年度考试录用公务员招考简章.xls"",""local_source_sha256"":""2670bae1df1dd07a3a3c79b9db46a11e3bb15a6c9c249e6af98bfd0b61ce3aaf"",""source_sheet"":""中央国家行政机关省级以下直属机构"",""filter_version"":""government_tech_v2"",""tech_filter"":{""is_tech"":true,""is_core_tech"":true,""scope"":""core"",""categories"":[""computer_software"",""cybersecurity_cryptography"",""data_ai"",""electronics_communication""],""matched_fields"":[""major"",""description"",""remarks""],""major_terms"":[""信息与通信工程"",""网络空间安全"",""计算机科学与技术"",""软件工程"",""通信工程""],""role_terms"":[""信息化"",""大数据"",""计算机"",""设备运维"",""软件""],""reason"":""tech_major_and_role""},""original"":{""部门代码"":""158112"",""部门名称"":""内蒙古出入境边防检查总站"",""用人司局"":""内蒙古出入境边防检查总站"",""机构性质"":""中央国家行政机关省级以下直属机构"",""招考职位"":""呼伦贝尔边境管理支队警务技术一级主管及以下（一）"",""职位属性"":""公安机关人民警察职位"",""职位分布"":""西部地区和艰苦边远地区职位"",""职位简介"":""属于公安机关人民警察，承担着维护国家主权、边境安全和社会秩序的重要职责，负责实施进出边境管理区人员、交通运输工具检查管理，边境地区治安、户籍、通行证等签发管理，防范查处非法入出境活动，侦办妨害国（边）境管理犯罪案件，协助查处边境地区其他刑事犯罪活动。该职位主要从事边防检查、大数据运维、信息化设备运维、无人驾驶设备运维使用等工作。实行24小时工作制度和弹性工作时间，分为日勤和全日勤，训练量较大。工资待遇按人民警察标准执行，享受加班补贴、值勤岗位津贴、艰苦边远地区补助或高原津贴。"",""职位代码"":""300130860039"",""机构层级"":""市（地）级"",""考试类别"":""市（地）级及以下直属机构综合管理类"",""招考人数"":""2"",""专业"":""0812/085211/085404计算机科学与技术、0835/085212/085405软件工程、0810/0852/085402信息与通信工程、0838公安技术、0839网络空间安全。"",""学历"":""硕士研究生及以上"",""学位"":""与最高学历相对应的学位"",""政治面貌"":""中共党员或共青团员"",""基层工作最低年限"":""无限制"",""服务基层项目工作经历"":""无限制"",""是否在面试阶段组织专业能力测试"":""否"",""面试人员比例"":""3:1"",""工作地点"":""内蒙古自治区呼伦贝尔市"",""落户地点"":""内蒙古自治区呼伦贝尔市"",""备注"":""1．高等学历教育各阶段均需取得相应学历和学位，报名时需注明专业代码。\n2．按《公务员录用体检特殊标准（试行）》进行体检，对《公务员录用体检特殊标准（试行）》未作规定的项目，按《公务员录用体检通用标准（试行）》执行，视力标准可询招录单位。\n3．按《公安机关录用人民警察体能测评项目和标准》进行体能测评。\n4．按《公安机关录用人民警察政治考察工作办法》开展考察。具有《公安机关录用人民警察政治考察工作办法》第八、九条情形的，不得报考；父母、配偶或子女已移居国（境）外的，不得报考；非公派原因，曾六个月以上在国（境）外留学、工作、生活的，不得报考。\n5．持有计算机全国计算机等级考试二级合格证书，或通过全国统一考试，取得无人机、软件、计算机、通信等相关专业技术初级资格。\n6．异地人员提供戍边公寓。享受内蒙古地区子女教育优待。有固定的探亲假和休假安排。\n7．县级以下单位最低服务年限五年（含试用期），须服从二次分配。\n8．请及时关注“移民管理警察招考小助手”微信小程序讯息。"",""部门网站"":""https://rczk.nia.gov.cn"",""咨询电话1"":""04713265175"",""咨询电话2"":"""",""咨询电话3"":"""",""来源Sheet"":""中央国家行政机关省级以下直属机构""}}"
"government_jobs","国家公务员2026招考简章","公务员/事业单位技术岗位","内蒙古自治区呼伦贝尔市","2026-07-28T09:12:58.310295+00:00","呼伦贝尔边境管理支队警务技术一级主管及以下（二）","内蒙古出入境边防检查总站","","内蒙古自治区呼伦贝尔市","公务员/事业单位;2026;computer_software;data_ai;electronics_communication;本科及以上;与最高学历相对应的学位;研究生：0812/085211计算机科学与技术、0835/085212软件工程、0810/0852/085402信息与通信工程。本科：0807电子信息类、080901计算机科学与技术、080902软件工程、080903网络工程。;市（地）级及以下直属机构综合管理类","用人司局：内蒙古出入境边防检查总站
职位简介：属于公安机关人民警察，承担着维护国家主权、边境安全和社会秩序的重要职责，负责实施进出边境管理区人员、交通运输工具检查管理，边境地区治安、户籍、通行证等签发管理，防范查处非法入出境活动，侦办妨害国（边）境管理犯罪案件，协助查处边境地区其他刑事犯罪活动。该职位主要从事边防检查、大数据运维、信息化设备运维、无人驾驶设备运维使用等工作。实行24小时工作制度和弹性工作时间，分为日勤和全日勤，训练量较大。工资待遇按人民警察标准执行，享受加班补贴、值勤岗位津贴、艰苦边远地区补助或高原津贴。
专业要求：研究生：0812/085211计算机科学与技术、0835/085212软件工程、0810/0852/085402信息与通信工程。本科：0807电子信息类、080901计算机科学与技术、080902软件工程、080903网络工程。
学历要求：本科及以上
学位要求：与最高学历相对应的学位
政治面貌：中共党员或共青团员
基层工作经历：无限制
考试类别：市（地）级及以下直属机构综合管理类
备注：1．限男性，高等学历教育各阶段均需取得相应学历和学位，报名时需注明专业代码。
2．按《公务员录用体检特殊标准（试行）》进行体检，对《公务员录用体检特殊标准（试行）》未作规定的项目，按《公务员录用体检通用标准（试行）》执行，视力标准可询招录单位。
3．按《公安机关录用人民警察体能测评项目和标准》进行体能测评。
4．按《公安机关录用人民警察政治考察工作办法》开展考察。具有《公安机关录用人民警察政治考察工作办法》第八、九条情形的，不得报考；父母、配偶或子女已移居国（境）外的，不得报考；非公派原因，曾六个月以上在国（境）外留学、工作、生活的，不得报考。
5．通过全国统一考试，取得无人机、软件、计算机、通信等相关专业技术初级资格。
6．限内蒙古户籍或生源。
7．异地人员提供戍边公寓。享受内蒙古地区子女教育优待。有固定的探亲假和休假安排。
8．县级以下单位最低服务年限五年（含试用期），须服从二次分配。
9．请及时关注“移民管理警察招考小助手”微信小程序讯息。","http://bm.scs.gov.cn/kl2026#158112-300130860040","2025-10-14","{""dataset_year"":2026,""job_uid"":""GOV-2026-158112-300130860040"",""publisher"":""国家公务员局"",""publication_page"":""http://bm.scs.gov.cn/kl2026"",""attachment_url"":""local://2026_guokao_zhaokaojianzhang.zip"",""local_source_file"":""中央机关及其直属机构2026年度考试录用公务员招考简章.xls"",""local_source_sha256"":""2670bae1df1dd07a3a3c79b9db46a11e3bb15a6c9c249e6af98bfd0b61ce3aaf"",""source_sheet"":""中央国家行政机关省级以下直属机构"",""filter_version"":""government_tech_v2"",""tech_filter"":{""is_tech"":true,""is_core_tech"":true,""scope"":""core"",""categories"":[""computer_software"",""data_ai"",""electronics_communication""],""matched_fields"":[""major"",""description"",""remarks""],""major_terms"":[""信息与通信工程"",""电子信息类"",""网络工程"",""计算机科学与技术"",""软件工程"",""通信工程""],""role_terms"":[""信息化"",""大数据"",""计算机"",""设备运维"",""软件""],""reason"":""tech_major_and_role""},""original"":{""部门代码"":""158112"",""部门名称"":""内蒙古出入境边防检查总站"",""用人司局"":""内蒙古出入境边防检查总站"",""机构性质"":""中央国家行政机关省级以下直属机构"",""招考职位"":""呼伦贝尔边境管理支队警务技术一级主管及以下（二）"",""职位属性"":""公安机关人民警察职位"",""职位分布"":""西部地区和艰苦边远地区职位"",""职位简介"":""属于公安机关人民警察，承担着维护国家主权、边境安全和社会秩序的重要职责，负责实施进出边境管理区人员、交通运输工具检查管理，边境地区治安、户籍、通行证等签发管理，防范查处非法入出境活动，侦办妨害国（边）境管理犯罪案件，协助查处边境地区其他刑事犯罪活动。该职位主要从事边防检查、大数据运维、信息化设备运维、无人驾驶设备运维使用等工作。实行24小时工作制度和弹性工作时间，分为日勤和全日勤，训练量较大。工资待遇按人民警察标准执行，享受加班补贴、值勤岗位津贴、艰苦边远地区补助或高原津贴。"",""职位代码"":""300130860040"",""机构层级"":""市（地）级"",""考试类别"":""市（地）级及以下直属机构综合管理类"",""招考人数"":""2"",""专业"":""研究生：0812/085211计算机科学与技术、0835/085212软件工程、0810/0852/085402信息与通信工程。本科：0807电子信息类、080901计算机科学与技术、080902软件工程、080903网络工程。"",""学历"":""本科及以上"",""学位"":""与最高学历相对应的学位"",""政治面貌"":""中共党员或共青团员"",""基层工作最低年限"":""无限制"",""服务基层项目工作经历"":""无限制"",""是否在面试阶段组织专业能力测试"":""否"",""面试人员比例"":""3:1"",""工作地点"":""内蒙古自治区呼伦贝尔市"",""落户地点"":""内蒙古自治区呼伦贝尔市"",""备注"":""1．限男性，高等学历教育各阶段均需取得相应学历和学位，报名时需注明专业代码。\n2．按《公务员录用体检特殊标准（试行）》进行体检，对《公务员录用体检特殊标准（试行）》未作规定的项目，按《公务员录用体检通用标准（试行）》执行，视力标准可询招录单位。\n3．按《公安机关录用人民警察体能测评项目和标准》进行体能测评。\n4．按《公安机关录用人民警察政治考察工作办法》开展考察。具有《公安机关录用人民警察政治考察工作办法》第八、九条情形的，不得报考；父母、配偶或子女已移居国（境）外的，不得报考；非公派原因，曾六个月以上在国（境）外留学、工作、生活的，不得报考。\n5．通过全国统一考试，取得无人机、软件、计算机、通信等相关专业技术初级资格。\n6．限内蒙古户籍或生源。\n7．异地人员提供戍边公寓。享受内蒙古地区子女教育优待。有固定的探亲假和休假安排。\n8．县级以下单位最低服务年限五年（含试用期），须服从二次分配。\n9．请及时关注“移民管理警察招考小助手”微信小程序讯息。"",""部门网站"":""https://rczk.nia.gov.cn"",""咨询电话1"":""04713265175"",""咨询电话2"":"""",""咨询电话3"":"""",""来源Sheet"":""中央国家行政机关省级以下直属机构""}}"
"government_jobs","国家公务员2026招考简章","公务员/事业单位技术岗位","内蒙古自治区呼伦贝尔市","2026-07-28T09:12:58.310295+00:00","呼伦贝尔边境管理支队警务技术一级主管及以下（三）","内蒙古出入境边防检查总站","","内蒙古自治区呼伦贝尔市","公务员/事业单位;2026;automation_robotics;computer_software;data_ai;electronics_communication;大专或本科;与最高学历相对应的学位;本科：0807电子信息类、0808自动化类、0809计算机类、0820航空航天类。专科：460607飞行器维修技术、460609无人机应用技术、4603自动化类、51电子与信息大类。;市（地）级及以下直属机构综合管理类","用人司局：内蒙古出入境边防检查总站
职位简介：属于公安机关人民警察，承担着维护国家主权、边境安全和社会秩序的重要职责，负责实施进出边境管理区人员、交通运输工具检查管理，边境地区治安、户籍、通行证等签发管理，防范查处非法入出境活动，侦办妨害国（边）境管理犯罪案件，协助查处边境地区其他刑事犯罪活动。该职位主要从事边防检查、大数据运维、信息化设备运维、无人驾驶设备运维使用等工作。实行24小时工作制度和弹性工作时间，分为日勤和全日勤，训练量较大。工资待遇按人民警察标准执行，享受加班补贴、值勤岗位津贴、艰苦边远地区补助或高原津贴。
专业要求：本科：0807电子信息类、0808自动化类、0809计算机类、0820航空航天类。专科：460607飞行器维修技术、460609无人机应用技术、4603自动化类、51电子与信息大类。
学历要求：大专或本科
学位要求：与最高学历相对应的学位
政治面貌：中共党员或共青团员
基层工作经历：二年
考试类别：市（地）级及以下直属机构综合管理类
备注：1．限男性，高等学历教育各阶段均需取得相应学历和学位，报名时需注明专业代码。
2．按《公务员录用体检特殊标准（试行）》进行体检，对《公务员录用体检特殊标准（试行）》未作规定的项目，按《公务员录用体检通用标准（试行）》执行，视力标准可询招录单位。
3．按《公安机关录用人民警察体能测评项目和标准》进行体能测评。
4．按《公安机关录用人民警察政治考察工作办法》开展考察。具有《公安机关录用人民警察政治考察工作办法》第八、九条情形的，不得报考；父母、配偶或子女已移居国（境）外的，不得报考；非公派原因，曾六个月以上在国（境）外留学、工作、生活的，不得报考。
5．通过全国统一考试，取得无人机、软件、计算机、通信等相关专业技术初级资格。
6．具有2年以上从事软件开发、数据分析或智能设备维护等专业相关工作经历。
7．限内蒙古户籍或生源。
8．异地人员提供戍边公寓。享受内蒙古地区子女教育优待。有固定的探亲假和休假安排。
9．县级以下单位最低服务年限五年（含试用期），须服从二次分配。
10．请及时关注“移民管理警察招考小助手”微信小程序讯息。","http://bm.scs.gov.cn/kl2026#158112-300130860041","2025-10-14","{""dataset_year"":2026,""job_uid"":""GOV-2026-158112-300130860041"",""publisher"":""国家公务员局"",""publication_page"":""http://bm.scs.gov.cn/kl2026"",""attachment_url"":""local://2026_guokao_zhaokaojianzhang.zip"",""local_source_file"":""中央机关及其直属机构2026年度考试录用公务员招考简章.xls"",""local_source_sha256"":""2670bae1df1dd07a3a3c79b9db46a11e3bb15a6c9c249e6af98bfd0b61ce3aaf"",""source_sheet"":""中央国家行政机关省级以下直属机构"",""filter_version"":""government_tech_v2"",""tech_filter"":{""is_tech"":true,""is_core_tech"":true,""scope"":""core"",""categories"":[""automation_robotics"",""computer_software"",""data_ai"",""electronics_communication""],""matched_fields"":[""major"",""description"",""remarks""],""major_terms"":[""电子信息类"",""自动化类"",""计算机类""],""role_terms"":[""信息化"",""大数据"",""数据分析"",""计算机"",""设备维护"",""设备运维"",""软件"",""软件开发""],""reason"":""tech_major_and_role""},""original"":{""部门代码"":""158112"",""部门名称"":""内蒙古出入境边防检查总站"",""用人司局"":""内蒙古出入境边防检查总站"",""机构性质"":""中央国家行政机关省级以下直属机构"",""招考职位"":""呼伦贝尔边境管理支队警务技术一级主管及以下（三）"",""职位属性"":""公安机关人民警察职位"",""职位分布"":""西部地区和艰苦边远地区职位"",""职位简介"":""属于公安机关人民警察，承担着维护国家主权、边境安全和社会秩序的重要职责，负责实施进出边境管理区人员、交通运输工具检查管理，边境地区治安、户籍、通行证等签发管理，防范查处非法入出境活动，侦办妨害国（边）境管理犯罪案件，协助查处边境地区其他刑事犯罪活动。该职位主要从事边防检查、大数据运维、信息化设备运维、无人驾驶设备运维使用等工作。实行24小时工作制度和弹性工作时间，分为日勤和全日勤，训练量较大。工资待遇按人民警察标准执行，享受加班补贴、值勤岗位津贴、艰苦边远地区补助或高原津贴。"",""职位代码"":""300130860041"",""机构层级"":""市（地）级"",""考试类别"":""市（地）级及以下直属机构综合管理类"",""招考人数"":""2"",""专业"":""本科：0807电子信息类、0808自动化类、0809计算机类、0820航空航天类。专科：460607飞行器维修技术、460609无人机应用技术、4603自动化类、51电子与信息大类。"",""学历"":""大专或本科"",""学位"":""与最高学历相对应的学位"",""政治面貌"":""中共党员或共青团员"",""基层工作最低年限"":""二年"",""服务基层项目工作经历"":""无限制"",""是否在面试阶段组织专业能力测试"":""否"",""面试人员比例"":""3:1"",""工作地点"":""内蒙古自治区呼伦贝尔市"",""落户地点"":""内蒙古自治区呼伦贝尔市"",""备注"":""1．限男性，高等学历教育各阶段均需取得相应学历和学位，报名时需注明专业代码。\n2．按《公务员录用体检特殊标准（试行）》进行体检，对《公务员录用体检特殊标准（试行）》未作规定的项目，按《公务员录用体检通用标准（试行）》执行，视力标准可询招录单位。\n3．按《公安机关录用人民警察体能测评项目和标准》进行体能测评。\n4．按《公安机关录用人民警察政治考察工作办法》开展考察。具有《公安机关录用人民警察政治考察工作办法》第八、九条情形的，不得报考；父母、配偶或子女已移居国（境）外的，不得报考；非公派原因，曾六个月以上在国（境）外留学、工作、生活的，不得报考。\n5．通过全国统一考试，取得无人机、软件、计算机、通信等相关专业技术初级资格。\n6．具有2年以上从事软件开发、数据分析或智能设备维护等专业相关工作经历。\n7．限内蒙古户籍或生源。\n8．异地人员提供戍边公寓。享受内蒙古地区子女教育优待。有固定的探亲假和休假安排。\n9．县级以下单位最低服务年限五年（含试用期），须服从二次分配。\n10．请及时关注“移民管理警察招考小助手”微信小程序讯息。"",""部门网站"":""https://rczk.nia.gov.cn"",""咨询电话1"":""04713265175"",""咨询电话2"":"""",""咨询电话3"":"""",""来源Sheet"":""中央国家行政机关省级以下直属机构""}}"
"government_jobs","国家公务员2026招考简章","公务员/事业单位技术岗位","内蒙古自治区阿拉善盟","2026-07-28T09:12:58.310295+00:00","阿拉善边境管理支队警务技术一级主管及以下（一）","内蒙古出入境边防检查总站","","内蒙古自治区阿拉善盟","公务员/事业单位;2026;computer_software;cybersecurity_cryptography;data_ai;electronics_communication;硕士研究生及以上;与最高学历相对应的学位;0812/085211/085404计算机科学与技术、0835/085212/085405软件工程、0810/0852/085402信息与通信工程、0838公安技术、0839网络空间安全。;市（地）级及以下直属机构综合管理类","用人司局：内蒙古出入境边防检查总站
职位简介：属于公安机关人民警察，承担着维护国家主权、边境安全和社会秩序的重要职责，负责实施进出边境管理区人员、交通运输工具检查管理，边境地区治安、户籍、通行证等签发管理，防范查处非法入出境活动，侦办妨害国（边）境管理犯罪案件，协助查处边境地区其他刑事犯罪活动。该职位主要从事边防检查、大数据运维、信息化设备运维、无人驾驶设备运维使用等工作。实行24小时工作制度和弹性工作时间，分为日勤和全日勤，训练量较大。工资待遇按人民警察标准执行，享受加班补贴、值勤岗位津贴、艰苦边远地区补助或高原津贴。
专业要求：0812/085211/085404计算机科学与技术、0835/085212/085405软件工程、0810/0852/085402信息与通信工程、0838公安技术、0839网络空间安全。
学历要求：硕士研究生及以上
学位要求：与最高学历相对应的学位
政治面貌：中共党员或共青团员
基层工作经历：无限制
考试类别：市（地）级及以下直属机构综合管理类
备注：1．高等学历教育各阶段均需取得相应学历和学位，报名时需注明专业代码。
2．按《公务员录用体检特殊标准（试行）》进行体检，对《公务员录用体检特殊标准（试行）》未作规定的项目，按《公务员录用体检通用标准（试行）》执行，视力标准可询招录单位。
3．按《公安机关录用人民警察体能测评项目和标准》进行体能测评。
4．按《公安机关录用人民警察政治考察工作办法》开展考察。具有《公安机关录用人民警察政治考察工作办法》第八、九条情形的，不得报考；父母、配偶或子女已移居国（境）外的，不得报考；非公派原因，曾六个月以上在国（境）外留学、工作、生活的，不得报考。
5．持有计算机全国计算机等级考试二级合格证书，或通过全国统一考试，取得无人机、软件、计算机、通信等相关专业技术初级资格。
6．异地人员提供戍边公寓。享受内蒙古地区子女教育优待。有固定的探亲假和休假安排。
7．县级以下单位最低服务年限五年（含试用期），须服从二次分配。
8．请及时关注“移民管理警察招考小助手”微信小程序讯息。","http://bm.scs.gov.cn/kl2026#158112-300130860048","2025-10-14","{""dataset_year"":2026,""job_uid"":""GOV-2026-158112-300130860048"",""publisher"":""国家公务员局"",""publication_page"":""http://bm.scs.gov.cn/kl2026"",""attachment_url"":""local://2026_guokao_zhaokaojianzhang.zip"",""local_source_file"":""中央机关及其直属机构2026年度考试录用公务员招考简章.xls"",""local_source_sha256"":""2670bae1df1dd07a3a3c79b9db46a11e3bb15a6c9c249e6af98bfd0b61ce3aaf"",""source_sheet"":""中央国家行政机关省级以下直属机构"",""filter_version"":""government_tech_v2"",""tech_filter"":{""is_tech"":true,""is_core_tech"":true,""scope"":""core"",""categories"":[""computer_software"",""cybersecurity_cryptography"",""data_ai"",""electronics_communication""],""matched_fields"":[""major"",""description"",""remarks""],""major_terms"":[""信息与通信工程"",""网络空间安全"",""计算机科学与技术"",""软件工程"",""通信工程""],""role_terms"":[""信息化"",""大数据"",""计算机"",""设备运维"",""软件""],""reason"":""tech_major_and_role""},""original"":{""部门代码"":""158112"",""部门名称"":""内蒙古出入境边防检查总站"",""用人司局"":""内蒙古出入境边防检查总站"",""机构性质"":""中央国家行政机关省级以下直属机构"",""招考职位"":""阿拉善边境管理支队警务技术一级主管及以下（一）"",""职位属性"":""公安机关人民警察职位"",""职位分布"":""西部地区和艰苦边远地区职位"",""职位简介"":""属于公安机关人民警察，承担着维护国家主权、边境安全和社会秩序的重要职责，负责实施进出边境管理区人员、交通运输工具检查管理，边境地区治安、户籍、通行证等签发管理，防范查处非法入出境活动，侦办妨害国（边）境管理犯罪案件，协助查处边境地区其他刑事犯罪活动。该职位主要从事边防检查、大数据运维、信息化设备运维、无人驾驶设备运维使用等工作。实行24小时工作制度和弹性工作时间，分为日勤和全日勤，训练量较大。工资待遇按人民警察标准执行，享受加班补贴、值勤岗位津贴、艰苦边远地区补助或高原津贴。"",""职位代码"":""300130860048"",""机构层级"":""市（地）级"",""考试类别"":""市（地）级及以下直属机构综合管理类"",""招考人数"":""1"",""专业"":""0812/085211/085404计算机科学与技术、0835/085212/085405软件工程、0810/0852/085402信息与通信工程、0838公安技术、0839网络空间安全。"",""学历"":""硕士研究生及以上"",""学位"":""与最高学历相对应的学位"",""政治面貌"":""中共党员或共青团员"",""基层工作最低年限"":""无限制"",""服务基层项目工作经历"":""无限制"",""是否在面试阶段组织专业能力测试"":""否"",""面试人员比例"":""3:1"",""工作地点"":""内蒙古自治区阿拉善盟"",""落户地点"":""内蒙古自治区阿拉善盟"",""备注"":""1．高等学历教育各阶段均需取得相应学历和学位，报名时需注明专业代码。\n2．按《公务员录用体检特殊标准（试行）》进行体检，对《公务员录用体检特殊标准（试行）》未作规定的项目，按《公务员录用体检通用标准（试行）》执行，视力标准可询招录单位。\n3．按《公安机关录用人民警察体能测评项目和标准》进行体能测评。\n4．按《公安机关录用人民警察政治考察工作办法》开展考察。具有《公安机关录用人民警察政治考察工作办法》第八、九条情形的，不得报考；父母、配偶或子女已移居国（境）外的，不得报考；非公派原因，曾六个月以上在国（境）外留学、工作、生活的，不得报考。\n5．持有计算机全国计算机等级考试二级合格证书，或通过全国统一考试，取得无人机、软件、计算机、通信等相关专业技术初级资格。\n6．异地人员提供戍边公寓。享受内蒙古地区子女教育优待。有固定的探亲假和休假安排。\n7．县级以下单位最低服务年限五年（含试用期），须服从二次分配。\n8．请及时关注“移民管理警察招考小助手”微信小程序讯息。"",""部门网站"":""https://rczk.nia.gov.cn"",""咨询电话1"":""04713265175"",""咨询电话2"":"""",""咨询电话3"":"""",""来源Sheet"":""中央国家行政机关省级以下直属机构""}}"
"government_jobs","国家公务员2026招考简章","公务员/事业单位技术岗位","内蒙古自治区阿拉善盟","2026-07-28T09:12:58.310295+00:00","阿拉善边境管理支队警务技术一级主管及以下（二）","内蒙古出入境边防检查总站","","内蒙古自治区阿拉善盟","公务员/事业单位;2026;computer_software;data_ai;electronics_communication;本科及以上;与最高学历相对应的学位;研究生：0812/085211计算机科学与技术、0835/085212软件工程、0810/0852/085402信息与通信工程。本科：0807电子信息类、080901计算机科学与技术、080902软件工程、080903网络工程。;市（地）级及以下直属机构综合管理类","用人司局：内蒙古出入境边防检查总站
职位简介：属于公安机关人民警察，承担着维护国家主权、边境安全和社会秩序的重要职责，负责实施进出边境管理区人员、交通运输工具检查管理，边境地区治安、户籍、通行证等签发管理，防范查处非法入出境活动，侦办妨害国（边）境管理犯罪案件，协助查处边境地区其他刑事犯罪活动。该职位主要从事边防检查、大数据运维、信息化设备运维、无人驾驶设备运维使用等工作。实行24小时工作制度和弹性工作时间，分为日勤和全日勤，训练量较大。工资待遇按人民警察标准执行，享受加班补贴、值勤岗位津贴、艰苦边远地区补助或高原津贴。
专业要求：研究生：0812/085211计算机科学与技术、0835/085212软件工程、0810/0852/085402信息与通信工程。本科：0807电子信息类、080901计算机科学与技术、080902软件工程、080903网络工程。
学历要求：本科及以上
学位要求：与最高学历相对应的学位
政治面貌：中共党员或共青团员
基层工作经历：无限制
考试类别：市（地）级及以下直属机构综合管理类
备注：1．限男性，高等学历教育各阶段均需取得相应学历和学位，报名时需注明专业代码。
2．按《公务员录用体检特殊标准（试行）》进行体检，对《公务员录用体检特殊标准（试行）》未作规定的项目，按《公务员录用体检通用标准（试行）》执行，视力标准可询招录单位。
3．按《公安机关录用人民警察体能测评项目和标准》进行体能测评。
4．按《公安机关录用人民警察政治考察工作办法》开展考察。具有《公安机关录用人民警察政治考察工作办法》第八、九条情形的，不得报考；父母、配偶或子女已移居国（境）外的，不得报考；非公派原因，曾六个月以上在国（境）外留学、工作、生活的，不得报考。
5．通过全国统一考试，取得无人机、软件、计算机、通信等相关专业技术初级资格。
6．限内蒙古户籍或生源。
7．异地人员提供戍边公寓。享受内蒙古地区子女教育优待。有固定的探亲假和休假安排。
8．县级以下单位最低服务年限五年（含试用期），须服从二次分配。
9．请及时关注“移民管理警察招考小助手”微信小程序讯息。","http://bm.scs.gov.cn/kl2026#158112-300130860049","2025-10-14","{""dataset_year"":2026,""job_uid"":""GOV-2026-158112-300130860049"",""publisher"":""国家公务员局"",""publication_page"":""http://bm.scs.gov.cn/kl2026"",""attachment_url"":""local://2026_guokao_zhaokaojianzhang.zip"",""local_source_file"":""中央机关及其直属机构2026年度考试录用公务员招考简章.xls"",""local_source_sha256"":""2670bae1df1dd07a3a3c79b9db46a11e3bb15a6c9c249e6af98bfd0b61ce3aaf"",""source_sheet"":""中央国家行政机关省级以下直属机构"",""filter_version"":""government_tech_v2"",""tech_filter"":{""is_tech"":true,""is_core_tech"":true,""scope"":""core"",""categories"":[""computer_software"",""data_ai"",""electronics_communication""],""matched_fields"":[""major"",""description"",""remarks""],""major_terms"":[""信息与通信工程"",""电子信息类"",""网络工程"",""计算机科学与技术"",""软件工程"",""通信工程""],""role_terms"":[""信息化"",""大数据"",""计算机"",""设备运维"",""软件""],""reason"":""tech_major_and_role""},""original"":{""部门代码"":""158112"",""部门名称"":""内蒙古出入境边防检查总站"",""用人司局"":""内蒙古出入境边防检查总站"",""机构性质"":""中央国家行政机关省级以下直属机构"",""招考职位"":""阿拉善边境管理支队警务技术一级主管及以下（二）"",""职位属性"":""公安机关人民警察职位"",""职位分布"":""西部地区和艰苦边远地区职位"",""职位简介"":""属于公安机关人民警察，承担着维护国家主权、边境安全和社会秩序的重要职责，负责实施进出边境管理区人员、交通运输工具检查管理，边境地区治安、户籍、通行证等签发管理，防范查处非法入出境活动，侦办妨害国（边）境管理犯罪案件，协助查处边境地区其他刑事犯罪活动。该职位主要从事边防检查、大数据运维、信息化设备运维、无人驾驶设备运维使用等工作。实行24小时工作制度和弹性工作时间，分为日勤和全日勤，训练量较大。工资待遇按人民警察标准执行，享受加班补贴、值勤岗位津贴、艰苦边远地区补助或高原津贴。"",""职位代码"":""300130860049"",""机构层级"":""市（地）级"",""考试类别"":""市（地）级及以下直属机构综合管理类"",""招考人数"":""1"",""专业"":""研究生：0812/085211计算机科学与技术、0835/085212软件工程、0810/0852/085402信息与通信工程。本科：0807电子信息类、080901计算机科学与技术、080902软件工程、080903网络工程。"",""学历"":""本科及以上"",""学位"":""与最高学历相对应的学位"",""政治面貌"":""中共党员或共青团员"",""基层工作最低年限"":""无限制"",""服务基层项目工作经历"":""无限制"",""是否在面试阶段组织专业能力测试"":""否"",""面试人员比例"":""3:1"",""工作地点"":""内蒙古自治区阿拉善盟"",""落户地点"":""内蒙古自治区阿拉善盟"",""备注"":""1．限男性，高等学历教育各阶段均需取得相应学历和学位，报名时需注明专业代码。\n2．按《公务员录用体检特殊标准（试行）》进行体检，对《公务员录用体检特殊标准（试行）》未作规定的项目，按《公务员录用体检通用标准（试行）》执行，视力标准可询招录单位。\n3．按《公安机关录用人民警察体能测评项目和标准》进行体能测评。\n4．按《公安机关录用人民警察政治考察工作办法》开展考察。具有《公安机关录用人民警察政治考察工作办法》第八、九条情形的，不得报考；父母、配偶或子女已移居国（境）外的，不得报考；非公派原因，曾六个月以上在国（境）外留学、工作、生活的，不得报考。\n5．通过全国统一考试，取得无人机、软件、计算机、通信等相关专业技术初级资格。\n6．限内蒙古户籍或生源。\n7．异地人员提供戍边公寓。享受内蒙古地区子女教育优待。有固定的探亲假和休假安排。\n8．县级以下单位最低服务年限五年（含试用期），须服从二次分配。\n9．请及时关注“移民管理警察招考小助手”微信小程序讯息。"",""部门网站"":""https://rczk.nia.gov.cn"",""咨询电话1"":""04713265175"",""咨询电话2"":"""",""咨询电话3"":"""",""来源Sheet"":""中央国家行政机关省级以下直属机构""}}"
"government_jobs","国家公务员2026招考简章","公务员/事业单位技术岗位","内蒙古自治区阿拉善盟","2026-07-28T09:12:58.310295+00:00","阿拉善边境管理支队警务技术一级主管及以下（三）","内蒙古出入境边防检查总站","","内蒙古自治区阿拉善盟","公务员/事业单位;2026;automation_robotics;computer_software;data_ai;electronics_communication;大专或本科;与最高学历相对应的学位;本科：0807电子信息类、0808自动化类、0809计算机类、0820航空航天类。专科：460607飞行器维修技术、460609无人机应用技术、4603自动化类、51电子与信息大类。;市（地）级及以下直属机构综合管理类","用人司局：内蒙古出入境边防检查总站
职位简介：属于公安机关人民警察，承担着维护国家主权、边境安全和社会秩序的重要职责，负责实施进出边境管理区人员、交通运输工具检查管理，边境地区治安、户籍、通行证等签发管理，防范查处非法入出境活动，侦办妨害国（边）境管理犯罪案件，协助查处边境地区其他刑事犯罪活动。该职位主要从事边防检查、大数据运维、信息化设备运维、无人驾驶设备运维使用等工作。实行24小时工作制度和弹性工作时间，分为日勤和全日勤，训练量较大。工资待遇按人民警察标准执行，享受加班补贴、值勤岗位津贴、艰苦边远地区补助或高原津贴。
专业要求：本科：0807电子信息类、0808自动化类、0809计算机类、0820航空航天类。专科：460607飞行器维修技术、460609无人机应用技术、4603自动化类、51电子与信息大类。
学历要求：大专或本科
学位要求：与最高学历相对应的学位
政治面貌：中共党员或共青团员
基层工作经历：二年
考试类别：市（地）级及以下直属机构综合管理类
备注：1．限男性，高等学历教育各阶段均需取得相应学历和学位，报名时需注明专业代码。
2．按《公务员录用体检特殊标准（试行）》进行体检，对《公务员录用体检特殊标准（试行）》未作规定的项目，按《公务员录用体检通用标准（试行）》执行，视力标准可询招录单位。
3．按《公安机关录用人民警察体能测评项目和标准》进行体能测评。
4．按《公安机关录用人民警察政治考察工作办法》开展考察。具有《公安机关录用人民警察政治考察工作办法》第八、九条情形的，不得报考；父母、配偶或子女已移居国（境）外的，不得报考；非公派原因，曾六个月以上在国（境）外留学、工作、生活的，不得报考。
5．通过全国统一考试，取得无人机、软件、计算机、通信等相关专业技术初级资格。
6．具有2年以上从事软件开发、数据分析或智能设备维护等专业相关工作经历。
7．限内蒙古户籍或生源。
8．异地人员提供戍边公寓。享受内蒙古地区子女教育优待。有固定的探亲假和休假安排。
9．县级以下单位最低服务年限五年（含试用期），须服从二次分配。
10．请及时关注“移民管理警察招考小助手”微信小程序讯息。","http://bm.scs.gov.cn/kl2026#158112-300130860050","2025-10-14","{""dataset_year"":2026,""job_uid"":""GOV-2026-158112-300130860050"",""publisher"":""国家公务员局"",""publication_page"":""http://bm.scs.gov.cn/kl2026"",""attachment_url"":""local://2026_guokao_zhaokaojianzhang.zip"",""local_source_file"":""中央机关及其直属机构2026年度考试录用公务员招考简章.xls"",""local_source_sha256"":""2670bae1df1dd07a3a3c79b9db46a11e3bb15a6c9c249e6af98bfd0b61ce3aaf"",""source_sheet"":""中央国家行政机关省级以下直属机构"",""filter_version"":""government_tech_v2"",""tech_filter"":{""is_tech"":true,""is_core_tech"":true,""scope"":""core"",""categories"":[""automation_robotics"",""computer_software"",""data_ai"",""electronics_communication""],""matched_fields"":[""major"",""description"",""remarks""],""major_terms"":[""电子信息类"",""自动化类"",""计算机类""],""role_terms"":[""信息化"",""大数据"",""数据分析"",""计算机"",""设备维护"",""设备运维"",""软件"",""软件开发""],""reason"":""tech_major_and_role""},""original"":{""部门代码"":""158112"",""部门名称"":""内蒙古出入境边防检查总站"",""用人司局"":""内蒙古出入境边防检查总站"",""机构性质"":""中央国家行政机关省级以下直属机构"",""招考职位"":""阿拉善边境管理支队警务技术一级主管及以下（三）"",""职位属性"":""公安机关人民警察职位"",""职位分布"":""西部地区和艰苦边远地区职位"",""职位简介"":""属于公安机关人民警察，承担着维护国家主权、边境安全和社会秩序的重要职责，负责实施进出边境管理区人员、交通运输工具检查管理，边境地区治安、户籍、通行证等签发管理，防范查处非法入出境活动，侦办妨害国（边）境管理犯罪案件，协助查处边境地区其他刑事犯罪活动。该职位主要从事边防检查、大数据运维、信息化设备运维、无人驾驶设备运维使用等工作。实行24小时工作制度和弹性工作时间，分为日勤和全日勤，训练量较大。工资待遇按人民警察标准执行，享受加班补贴、值勤岗位津贴、艰苦边远地区补助或高原津贴。"",""职位代码"":""300130860050"",""机构层级"":""市（地）级"",""考试类别"":""市（地）级及以下直属机构综合管理类"",""招考人数"":""2"",""专业"":""本科：0807电子信息类、0808自动化类、0809计算机类、0820航空航天类。专科：460607飞行器维修技术、460609无人机应用技术、4603自动化类、51电子与信息大类。"",""学历"":""大专或本科"",""学位"":""与最高学历相对应的学位"",""政治面貌"":""中共党员或共青团员"",""基层工作最低年限"":""二年"",""服务基层项目工作经历"":""无限制"",""是否在面试阶段组织专业能力测试"":""否"",""面试人员比例"":""3:1"",""工作地点"":""内蒙古自治区阿拉善盟"",""落户地点"":""内蒙古自治区阿拉善盟"",""备注"":""1．限男性，高等学历教育各阶段均需取得相应学历和学位，报名时需注明专业代码。\n2．按《公务员录用体检特殊标准（试行）》进行体检，对《公务员录用体检特殊标准（试行）》未作规定的项目，按《公务员录用体检通用标准（试行）》执行，视力标准可询招录单位。\n3．按《公安机关录用人民警察体能测评项目和标准》进行体能测评。\n4．按《公安机关录用人民警察政治考察工作办法》开展考察。具有《公安机关录用人民警察政治考察工作办法》第八、九条情形的，不得报考；父母、配偶或子女已移居国（境）外的，不得报考；非公派原因，曾六个月以上在国（境）外留学、工作、生活的，不得报考。\n5．通过全国统一考试，取得无人机、软件、计算机、通信等相关专业技术初级资格。\n6．具有2年以上从事软件开发、数据分析或智能设备维护等专业相关工作经历。\n7．限内蒙古户籍或生源。\n8．异地人员提供戍边公寓。享受内蒙古地区子女教育优待。有固定的探亲假和休假安排。\n9．县级以下单位最低服务年限五年（含试用期），须服从二次分配。\n10．请及时关注“移民管理警察招考小助手”微信小程序讯息。"",""部门网站"":""https://rczk.nia.gov.cn"",""咨询电话1"":""04713265175"",""咨询电话2"":"""",""咨询电话3"":"""",""来源Sheet"":""中央国家行政机关省级以下直属机构""}}"
"government_jobs","国家公务员2026招考简章","公务员/事业单位技术岗位","辽宁省沈阳市","2026-07-28T09:12:58.310295+00:00","沈阳出入境边防检查站一级警长及以下（二）","辽宁出入境边防检查总站","","辽宁省沈阳市","公务员/事业单位;2026;computer_software;硕士研究生及以上;与最高学历相对应的学位;大数据技术与工程（085411）;行政执法类","用人司局：辽宁出入境边防检查总站
职位简介：属于公安机关人民警察，从事出入境边防检查、监护、巡查、大型安保、信息化保障等工作；实行轮流倒班工作制度，夜间执勤较多，法定休息及节假日不能保证。
专业要求：大数据技术与工程（085411）
学历要求：硕士研究生及以上
学位要求：与最高学历相对应的学位
政治面貌：中共党员或共青团员
基层工作经历：无限制
考试类别：行政执法类
备注：1.限应届高校毕业生报考（高等学历教育各阶段均需取得相应学历和学位，报名时需注明专业代码）。
2.大学英语等级考试四级425分以上。
3.按《公务员录用体检特殊标准（试行）》进行体检，对《公务员录用体检特殊标准（试行）》未作规定的项目，按《公务员录用体检通用标准（试行）》执行，视力标准可询招录单位。
4.按《公安机关录用人民警察体能测试项目和标准》进行体能测评。
5.按《公安机关录用人民警察政治考察工作办法》开展考察。具有《公安机关录用人民警察政治考察工作办法》第八条、第九条情形的，不得报考；父母、配偶或子女已移居国（境）外的，不得报考；非公派原因，曾六个月以上在国（境）外留学、工作、生活的，不得报考。
6.仅限男性报考。
7.请考生及时关注“移民管理警察招考小助手”微信小程序发布的报考信息。""","http://bm.scs.gov.cn/kl2026#158113-300130158002","2025-10-14","{""dataset_year"":2026,""job_uid"":""GOV-2026-158113-300130158002"",""publisher"":""国家公务员局"",""publication_page"":""http://bm.scs.gov.cn/kl2026"",""attachment_url"":""local://2026_guokao_zhaokaojianzhang.zip"",""local_source_file"":""中央机关及其直属机构2026年度考试录用公务员招考简章.xls"",""local_source_sha256"":""2670bae1df1dd07a3a3c79b9db46a11e3bb15a6c9c249e6af98bfd0b61ce3aaf"",""source_sheet"":""中央国家行政机关省级以下直属机构"",""filter_version"":""government_tech_v2"",""tech_filter"":{""is_tech"":true,""is_core_tech"":true,""scope"":""core"",""categories"":[""computer_software""],""matched_fields"":[""major"",""description""],""major_terms"":[""大数据""],""role_terms"":[""信息化""],""reason"":""tech_major_and_role""},""original"":{""部门代码"":""158113"",""部门名称"":""辽宁出入境边防检查总站"",""用人司局"":""辽宁出入境边防检查总站"",""机构性质"":""中央国家行政机关省级以下直属机构"",""招考职位"":""沈阳出入境边防检查站一级警长及以下（二）"",""职位属性"":""公安机关人民警察职位"",""职位分布"":""其他职位"",""职位简介"":""属于公安机关人民警察，从事出入境边防检查、监护、巡查、大型安保、信息化保障等工作；实行轮流倒班工作制度，夜间执勤较多，法定休息及节假日不能保证。"",""职位代码"":""300130158002"",""机构层级"":""市（地）级"",""考试类别"":""行政执法类"",""招考人数"":""1"",""专业"":""大数据技术与工程（085411）"",""学历"":""硕士研究生及以上"",""学位"":""与最高学历相对应的学位"",""政治面貌"":""中共党员或共青团员"",""基层工作最低年限"":""无限制"",""服务基层项目工作经历"":""无限制"",""是否在面试阶段组织专业能力测试"":""否"",""面试人员比例"":""3:1"",""工作地点"":""辽宁省沈阳市"",""落户地点"":""辽宁省沈阳市"",""备注"":""1.限应届高校毕业生报考（高等学历教育各阶段均需取得相应学历和学位，报名时需注明专业代码）。\n2.大学英语等级考试四级425分以上。\n3.按《公务员录用体检特殊标准（试行）》进行体检，对《公务员录用体检特殊标准（试行）》未作规定的项目，按《公务员录用体检通用标准（试行）》执行，视力标准可询招录单位。\n4.按《公安机关录用人民警察体能测试项目和标准》进行体能测评。\n5.按《公安机关录用人民警察政治考察工作办法》开展考察。具有《公安机关录用人民警察政治考察工作办法》第八条、第九条情形的，不得报考；父母、配偶或子女已移居国（境）外的，不得报考；非公派原因，曾六个月以上在国（境）外留学、工作、生活的，不得报考。\n6.仅限男性报考。\n7.请考生及时关注“移民管理警察招考小助手”微信小程序发布的报考信息。\"""",""部门网站"":""https://rczk.nia.gov.cn"",""咨询电话1"":""02486501111-6951"",""咨询电话2"":""02486501111-6915"",""咨询电话3"":"""",""来源Sheet"":""中央国家行政机关省级以下直属机构""}}"
"government_jobs","国家公务员2026招考简章","公务员/事业单位技术岗位","吉林省长春市","2026-07-28T09:12:58.310295+00:00","技术保障队一级警长及以下","吉林出入境边防检查总站","","吉林省长春市","公务员/事业单位;2026;computer_software;data_ai;仅限硕士研究生;硕士;大数据技术与工程（085411）、计算机科学与技术（081200、077500）、软件工程（083500、085405）、计算机技术（085404）;行政执法类","用人司局：吉林出入境边防检查总站
职位简介：属于公安机关人民警察，主要负责执法执勤和数据分析、软件研发等工作。
专业要求：大数据技术与工程（085411）、计算机科学与技术（081200、077500）、软件工程（083500、085405）、计算机技术（085404）
学历要求：仅限硕士研究生
学位要求：硕士
政治面貌：中共党员或共青团员
基层工作经历：无限制
考试类别：行政执法类
备注：1．限2026届高校毕业生报考（高等学历教育各阶段均需取得相应学历和学位）。
2．大学英语等级考试六级425分以上。
3．在高校电子、软件设计等大赛中独立参加或作为主创人获奖。
4．擅长系统需求分析、架构设计、数据建模和维护系统平台软件等。
5．笔试只测查行测和申论。
6．专业能力测试内容为上机实操测试，测试编程能力，合格线为60分，占综合成绩15%。
7．按《公务员录用体检特殊标准（试行）》进行体检，对《公务员录用体检特殊标准（试行）》未作规定的项目，按《公务员录用体检通用标准（试行）》执行，视力标准可询招录单位。
8．按《公安机关录用人民警察体能测评项目和标准》进行体能测评。
9．按《公安机关录用人民警察政治考察工作办法》开展考察。具有《公安机关录用人民警察政治考察工作办法》第八条、第九条情形的，不得报考；父母、配偶或子女已移居国（境）外的，不得报考；非公派原因，曾六个月以上在国（境）外留学、工作、生活的，不得报考。
10．在本单位最低服务年限五年（含试用期）。
11．仅限男性报考。
12．请考生及时关注“移民管理警察招考小助手”微信小程序发布的报考信息。","http://bm.scs.gov.cn/kl2026#158114-300110001001","2025-10-14","{""dataset_year"":2026,""job_uid"":""GOV-2026-158114-300110001001"",""publisher"":""国家公务员局"",""publication_page"":""http://bm.scs.gov.cn/kl2026"",""attachment_url"":""local://2026_guokao_zhaokaojianzhang.zip"",""local_source_file"":""中央机关及其直属机构2026年度考试录用公务员招考简章.xls"",""local_source_sha256"":""2670bae1df1dd07a3a3c79b9db46a11e3bb15a6c9c249e6af98bfd0b61ce3aaf"",""source_sheet"":""中央国家行政机关省级以下直属机构"",""filter_version"":""government_tech_v2"",""tech_filter"":{""is_tech"":true,""is_core_tech"":true,""scope"":""core"",""categories"":[""computer_software"",""data_ai""],""matched_fields"":[""major"",""description"",""remarks""],""major_terms"":[""大数据"",""计算机技术"",""计算机科学与技术"",""软件工程""],""role_terms"":[""数据分析"",""数据建模"",""软件"",""软件研发""],""reason"":""tech_major_and_role""},""original"":{""部门代码"":""158114"",""部门名称"":""吉林出入境边防检查总站"",""用人司局"":""吉林出入境边防检查总站"",""机构性质"":""中央国家行政机关省级以下直属机构"",""招考职位"":""技术保障队一级警长及以下"",""职位属性"":""普通职位"",""职位分布"":""西部地区和艰苦边远地区职位"",""职位简介"":""属于公安机关人民警察，主要负责执法执勤和数据分析、软件研发等工作。"",""职位代码"":""300110001001"",""机构层级"":""市（地）级"",""考试类别"":""行政执法类"",""招考人数"":""2"",""专业"":""大数据技术与工程（085411）、计算机科学与技术（081200、077500）、软件工程（083500、085405）、计算机技术（085404）"",""学历"":""仅限硕士研究生"",""学位"":""硕士"",""政治面貌"":""中共党员或共青团员"",""基层工作最低年限"":""无限制"",""服务基层项目工作经历"":""无限制"",""是否在面试阶段组织专业能力测试"":""是"",""面试人员比例"":""3:1"",""工作地点"":""吉林省长春市"",""落户地点"":""吉林省长春市"",""备注"":""1．限2026届高校毕业生报考（高等学历教育各阶段均需取得相应学历和学位）。\n2．大学英语等级考试六级425分以上。\n3．在高校电子、软件设计等大赛中独立参加或作为主创人获奖。\n4．擅长系统需求分析、架构设计、数据建模和维护系统平台软件等。\n5．笔试只测查行测和申论。\n6．专业能力测试内容为上机实操测试，测试编程能力，合格线为60分，占综合成绩15%。\n7．按《公务员录用体检特殊标准（试行）》进行体检，对《公务员录用体检特殊标准（试行）》未作规定的项目，按《公务员录用体检通用标准（试行）》执行，视力标准可询招录单位。\n8．按《公安机关录用人民警察体能测评项目和标准》进行体能测评。\n9．按《公安机关录用人民警察政治考察工作办法》开展考察。具有《公安机关录用人民警察政治考察工作办法》第八条、第九条情形的，不得报考；父母、配偶或子女已移居国（境）外的，不得报考；非公派原因，曾六个月以上在国（境）外留学、工作、生活的，不得报考。\n10．在本单位最低服务年限五年（含试用期）。\n11．仅限男性报考。\n12．请考生及时关注“移民管理警察招考小助手”微信小程序发布的报考信息。"",""部门网站"":""https://rczk.nia.gov.cn"",""咨询电话1"":""0431-89962724"",""咨询电话2"":""0431-89962723"",""咨询电话3"":"""",""来源Sheet"":""中央国家行政机关省级以下直属机构""}}"
"government_jobs","国家公务员2026招考简章","公务员/事业单位技术岗位","吉林省长春市","2026-07-28T09:12:58.310295+00:00","长春出入境边防检查站一级警长及以下（一）","吉林出入境边防检查总站","","吉林省长春市","公务员/事业单位;2026;computer_software;cybersecurity_cryptography;仅限硕士研究生;硕士;网络空间安全（083900）、网络与信息安全（085412）;行政执法类","用人司局：吉林出入境边防检查总站
职位简介：属于公安机关人民警察，主要负责执法执勤和网络系统运维、应急保障等工作。
专业要求：网络空间安全（083900）、网络与信息安全（085412）
学历要求：仅限硕士研究生
学位要求：硕士
政治面貌：中共党员或共青团员
基层工作经历：无限制
考试类别：行政执法类
备注：1．限2026届高校毕业生报考（高等学历教育各阶段均需取得相应学历和学位）。
2．大学英语等级考试六级425分以上。
3．须在全国大学生数学建模、电子设计等竞赛中独立参加或作为主创人获奖。
4．笔试只测查行测和申论。
5．专业能力测试内容为软考网络中级技术能力笔试，合格线为60分，占综合成绩15%。
6．按《公务员录用体检特殊标准（试行）》进行体检，对《公务员录用体检特殊标准（试行）》未作规定的项目，按《公务员录用体检通用标准（试行）》执行，视力标准可询招录单位。
7．按《公安机关录用人民警察体能测评项目和标准》进行体能测评。
8．按《公安机关录用人民警察政治考察工作办法》开展考察。具有《公安机关录用人民警察政治考察工作办法》第八条、第九条情形的，不得报考；父母、配偶或子女已移居国（境）外的，不得报考；非公派原因，曾六个月以上在国（境）外留学、工作、生活的，不得报考。
9．在本单位最低服务年限五年（含试用期）。
10．仅限男性报考。
11．请考生及时关注“移民管理警察招考小助手”微信小程序发布的报考信息。","http://bm.scs.gov.cn/kl2026#158114-300110001003","2025-10-14","{""dataset_year"":2026,""job_uid"":""GOV-2026-158114-300110001003"",""publisher"":""国家公务员局"",""publication_page"":""http://bm.scs.gov.cn/kl2026"",""attachment_url"":""local://2026_guokao_zhaokaojianzhang.zip"",""local_source_file"":""中央机关及其直属机构2026年度考试录用公务员招考简章.xls"",""local_source_sha256"":""2670bae1df1dd07a3a3c79b9db46a11e3bb15a6c9c249e6af98bfd0b61ce3aaf"",""source_sheet"":""中央国家行政机关省级以下直属机构"",""filter_version"":""government_tech_v2"",""tech_filter"":{""is_tech"":true,""is_core_tech"":true,""scope"":""core"",""categories"":[""computer_software"",""cybersecurity_cryptography""],""matched_fields"":[""major"",""description""],""major_terms"":[""信息安全"",""网络空间安全""],""role_terms"":[""系统运维""],""reason"":""tech_major_and_role""},""original"":{""部门代码"":""158114"",""部门名称"":""吉林出入境边防检查总站"",""用人司局"":""吉林出入境边防检查总站"",""机构性质"":""中央国家行政机关省级以下直属机构"",""招考职位"":""长春出入境边防检查站一级警长及以下（一）"",""职位属性"":""普通职位"",""职位分布"":""西部地区和艰苦边远地区职位"",""职位简介"":""属于公安机关人民警察，主要负责执法执勤和网络系统运维、应急保障等工作。"",""职位代码"":""300110001003"",""机构层级"":""市（地）级"",""考试类别"":""行政执法类"",""招考人数"":""1"",""专业"":""网络空间安全（083900）、网络与信息安全（085412）"",""学历"":""仅限硕士研究生"",""学位"":""硕士"",""政治面貌"":""中共党员或共青团员"",""基层工作最低年限"":""无限制"",""服务基层项目工作经历"":""无限制"",""是否在面试阶段组织专业能力测试"":""是"",""面试人员比例"":""3:1"",""工作地点"":""吉林省长春市"",""落户地点"":""吉林省长春市"",""备注"":""1．限2026届高校毕业生报考（高等学历教育各阶段均需取得相应学历和学位）。\n2．大学英语等级考试六级425分以上。\n3．须在全国大学生数学建模、电子设计等竞赛中独立参加或作为主创人获奖。\n4．笔试只测查行测和申论。\n5．专业能力测试内容为软考网络中级技术能力笔试，合格线为60分，占综合成绩15%。\n6．按《公务员录用体检特殊标准（试行）》进行体检，对《公务员录用体检特殊标准（试行）》未作规定的项目，按《公务员录用体检通用标准（试行）》执行，视力标准可询招录单位。\n7．按《公安机关录用人民警察体能测评项目和标准》进行体能测评。\n8．按《公安机关录用人民警察政治考察工作办法》开展考察。具有《公安机关录用人民警察政治考察工作办法》第八条、第九条情形的，不得报考；父母、配偶或子女已移居国（境）外的，不得报考；非公派原因，曾六个月以上在国（境）外留学、工作、生活的，不得报考。\n9．在本单位最低服务年限五年（含试用期）。\n10．仅限男性报考。\n11．请考生及时关注“移民管理警察招考小助手”微信小程序发布的报考信息。"",""部门网站"":""https://rczk.nia.gov.cn"",""咨询电话1"":""0431-89962724"",""咨询电话2"":""0431-89962723"",""咨询电话3"":"""",""来源Sheet"":""中央国家行政机关省级以下直属机构""}}"
"government_jobs","国家公务员2026招考简章","公务员/事业单位技术岗位","吉林省延边朝鲜族自治州","2026-07-28T09:12:58.310295+00:00","边检站一级警长及以下（一）","吉林出入境边防检查总站","","吉林省延边朝鲜族自治州","公务员/事业单位;2026;computer_software;data_ai;仅限硕士研究生;硕士;大数据技术与工程（085411）、计算机科学与技术（081200、077500）、软件工程（083500、085405）、计算机技术（085404）;行政执法类","用人司局：吉林出入境边防检查总站
职位简介：属于公安机关人民警察，主要负责执法执勤和数据分析、软件研发等工作。
专业要求：大数据技术与工程（085411）、计算机科学与技术（081200、077500）、软件工程（083500、085405）、计算机技术（085404）
学历要求：仅限硕士研究生
学位要求：硕士
政治面貌：中共党员或共青团员
基层工作经历：无限制
考试类别：行政执法类
备注：1．高等学历教育各阶段均需取得相应学历和学位。
2．本职位为延边朝鲜族自治州地区边检站（含珲春、圈河、图们出入境边防检查站）统一职位，须服从二次分配，根据综合成绩选岗。
3．大学英语等级考试六级425分以上。
4．擅长系统需求分析、架构设计、数据建模和运行维护系统平台软件等。
5．专业能力测试内容为上机实操测试，测试编程能力，合格线为60分，占综合成绩15%。
6．按《公务员录用体检特殊标准（试行）》进行体检，对《公务员录用体检特殊标准（试行）》未作规定的项目，按《公务员录用体检通用标准（试行）》执行，视力标准询招录单位。
7．按《公安机关录用人民警察体能测评项目和标准》进行体能测评。
8．按《公安机关录用人民警察政治考察工作办法》开展考察。具有《公安机关录用人民警察政治考察工作办法》第八条、第九条情形的，不得报考；父母、配偶或子女已移居国（境）外的，不得报考；非公派原因，曾六个月以上在国（境）外留学、工作、生活的，不得报考。          
9．在本单位最低服务年限五年（含试用期）。
10．仅限男性报考。
11．请考生及时关注“移民管理警察招考小助手”微信小程序发布的报考信息。","http://bm.scs.gov.cn/kl2026#158114-300130001008","2025-10-14","{""dataset_year"":2026,""job_uid"":""GOV-2026-158114-300130001008"",""publisher"":""国家公务员局"",""publication_page"":""http://bm.scs.gov.cn/kl2026"",""attachment_url"":""local://2026_guokao_zhaokaojianzhang.zip"",""local_source_file"":""中央机关及其直属机构2026年度考试录用公务员招考简章.xls"",""local_source_sha256"":""2670bae1df1dd07a3a3c79b9db46a11e3bb15a6c9c249e6af98bfd0b61ce3aaf"",""source_sheet"":""中央国家行政机关省级以下直属机构"",""filter_version"":""government_tech_v2"",""tech_filter"":{""is_tech"":true,""is_core_tech"":true,""scope"":""core"",""categories"":[""computer_software"",""data_ai""],""matched_fields"":[""major"",""description"",""remarks""],""major_terms"":[""大数据"",""计算机技术"",""计算机科学与技术"",""软件工程""],""role_terms"":[""数据分析"",""数据建模"",""软件"",""软件研发""],""reason"":""tech_major_and_role""},""original"":{""部门代码"":""158114"",""部门名称"":""吉林出入境边防检查总站"",""用人司局"":""吉林出入境边防检查总站"",""机构性质"":""中央国家行政机关省级以下直属机构"",""招考职位"":""边检站一级警长及以下（一）"",""职位属性"":""公安机关人民警察职位"",""职位分布"":""西部地区和艰苦边远地区职位"",""职位简介"":""属于公安机关人民警察，主要负责执法执勤和数据分析、软件研发等工作。"",""职位代码"":""300130001008"",""机构层级"":""市（地）级"",""考试类别"":""行政执法类"",""招考人数"":""3"",""专业"":""大数据技术与工程（085411）、计算机科学与技术（081200、077500）、软件工程（083500、085405）、计算机技术（085404）"",""学历"":""仅限硕士研究生"",""学位"":""硕士"",""政治面貌"":""中共党员或共青团员"",""基层工作最低年限"":""无限制"",""服务基层项目工作经历"":""无限制"",""是否在面试阶段组织专业能力测试"":""是"",""面试人员比例"":""3:1"",""工作地点"":""吉林省延边朝鲜族自治州"",""落户地点"":""吉林省延边朝鲜族自治州延吉市"",""备注"":""1．高等学历教育各阶段均需取得相应学历和学位。\n2．本职位为延边朝鲜族自治州地区边检站（含珲春、圈河、图们出入境边防检查站）统一职位，须服从二次分配，根据综合成绩选岗。\n3．大学英语等级考试六级425分以上。\n4．擅长系统需求分析、架构设计、数据建模和运行维护系统平台软件等。\n5．专业能力测试内容为上机实操测试，测试编程能力，合格线为60分，占综合成绩15%。\n6．按《公务员录用体检特殊标准（试行）》进行体检，对《公务员录用体检特殊标准（试行）》未作规定的项目，按《公务员录用体检通用标准（试行）》执行，视力标准询招录单位。\n7．按《公安机关录用人民警察体能测评项目和标准》进行体能测评。\n8．按《公安机关录用人民警察政治考察工作办法》开展考察。具有《公安机关录用人民警察政治考察工作办法》第八条、第九条情形的，不得报考；父母、配偶或子女已移居国（境）外的，不得报考；非公派原因，曾六个月以上在国（境）外留学、工作、生活的，不得报考。          \n9．在本单位最低服务年限五年（含试用期）。\n10．仅限男性报考。\n11．请考生及时关注“移民管理警察招考小助手”微信小程序发布的报考信息。"",""部门网站"":""https://rczk.nia.gov.cn"",""咨询电话1"":""0431-89962724"",""咨询电话2"":""0431-89962723"",""咨询电话3"":"""",""来源Sheet"":""中央国家行政机关省级以下直属机构""}}"
"government_jobs","国家公务员2026招考简章","公务员/事业单位技术岗位","吉林省延边朝鲜族自治州","2026-07-28T09:12:58.310295+00:00","边检站一级警长及以下（二）","吉林出入境边防检查总站","","吉林省延边朝鲜族自治州","公务员/事业单位;2026;computer_software;data_ai;electronics_communication;仅限硕士研究生;硕士;数学（0701）、统计学（0714）、物理学（0702）、电子信息（0854）、电子科学与技术（0774、0809）、智能科学与技术（0788、1405）、公安技术（0838）;行政执法类","用人司局：吉林出入境边防检查总站
职位简介：属于公安机关人民警察，主要负责执法执勤和数据分析、软件研发等工作。
专业要求：数学（0701）、统计学（0714）、物理学（0702）、电子信息（0854）、电子科学与技术（0774、0809）、智能科学与技术（0788、1405）、公安技术（0838）
学历要求：仅限硕士研究生
学位要求：硕士
政治面貌：中共党员或共青团员
基层工作经历：无限制
考试类别：行政执法类
备注：1．高等学历教育各阶段均需取得相应学历和学位。
2．本职位为延边朝鲜族自治州地区边检站（含南坪、古城里、沙坨子出入境边防检查站）统一职位，须服从二次分配，根据综合成绩选岗。
3．大学英语等级考试六级425分以上。
4．具有计算机技术与软件专业技术资格（水平）考试证书（仅限软件设计师中级、系统架构设计师、系统分析师高级证书）。
5．专业能力测试内容为上机实操测试，测试编程能力，合格线为60分，占综合成绩15%。
6．按《公务员录用体检特殊标准（试行）》进行体检，对《公务员录用体检特殊标准（试行）》未作规定的项目，按《公务员录用体检通用标准（试行）》执行，视力标准询招录单位。
7．按《公安机关录用人民警察体能测评项目和标准》进行体能测评。
8．按《公安机关录用人民警察政治考察工作办法》开展考察。具有《公安机关录用人民警察政治考察工作办法》第八条、第九条情形的，不得报考；父母、配偶或子女已移居国（境）外的，不得报考；非公派原因，曾六个月以上在国（境）外留学、工作、生活的，不得报考。
9．在本单位最低服务年限五年（含试用期）。	
10．仅限男性报考。","http://bm.scs.gov.cn/kl2026#158114-300130001009","2025-10-14","{""dataset_year"":2026,""job_uid"":""GOV-2026-158114-300130001009"",""publisher"":""国家公务员局"",""publication_page"":""http://bm.scs.gov.cn/kl2026"",""attachment_url"":""local://2026_guokao_zhaokaojianzhang.zip"",""local_source_file"":""中央机关及其直属机构2026年度考试录用公务员招考简章.xls"",""local_source_sha256"":""2670bae1df1dd07a3a3c79b9db46a11e3bb15a6c9c249e6af98bfd0b61ce3aaf"",""source_sheet"":""中央国家行政机关省级以下直属机构"",""filter_version"":""government_tech_v2"",""tech_filter"":{""is_tech"":true,""is_core_tech"":true,""scope"":""core"",""categories"":[""computer_software"",""data_ai"",""electronics_communication""],""matched_fields"":[""major"",""description"",""remarks""],""major_terms"":[""智能科学与技术"",""电子信息"",""电子科学与技术""],""role_terms"":[""数据分析"",""计算机"",""软件"",""软件研发""],""reason"":""tech_major_and_role""},""original"":{""部门代码"":""158114"",""部门名称"":""吉林出入境边防检查总站"",""用人司局"":""吉林出入境边防检查总站"",""机构性质"":""中央国家行政机关省级以下直属机构"",""招考职位"":""边检站一级警长及以下（二）"",""职位属性"":""公安机关人民警察职位"",""职位分布"":""西部地区和艰苦边远地区职位"",""职位简介"":""属于公安机关人民警察，主要负责执法执勤和数据分析、软件研发等工作。"",""职位代码"":""300130001009"",""机构层级"":""市（地）级"",""考试类别"":""行政执法类"",""招考人数"":""3"",""专业"":""数学（0701）、统计学（0714）、物理学（0702）、电子信息（0854）、电子科学与技术（0774、0809）、智能科学与技术（0788、1405）、公安技术（0838）"",""学历"":""仅限硕士研究生"",""学位"":""硕士"",""政治面貌"":""中共党员或共青团员"",""基层工作最低年限"":""无限制"",""服务基层项目工作经历"":""无限制"",""是否在面试阶段组织专业能力测试"":""是"",""面试人员比例"":""3:1"",""工作地点"":""吉林省延边朝鲜族自治州"",""落户地点"":""吉林省延边朝鲜族自治州延吉市"",""备注"":""1．高等学历教育各阶段均需取得相应学历和学位。\n2．本职位为延边朝鲜族自治州地区边检站（含南坪、古城里、沙坨子出入境边防检查站）统一职位，须服从二次分配，根据综合成绩选岗。\n3．大学英语等级考试六级425分以上。\n4．具有计算机技术与软件专业技术资格（水平）考试证书（仅限软件设计师中级、系统架构设计师、系统分析师高级证书）。\n5．专业能力测试内容为上机实操测试，测试编程能力，合格线为60分，占综合成绩15%。\n6．按《公务员录用体检特殊标准（试行）》进行体检，对《公务员录用体检特殊标准（试行）》未作规定的项目，按《公务员录用体检通用标准（试行）》执行，视力标准询招录单位。\n7．按《公安机关录用人民警察体能测评项目和标准》进行体能测评。\n8．按《公安机关录用人民警察政治考察工作办法》开展考察。具有《公安机关录用人民警察政治考察工作办法》第八条、第九条情形的，不得报考；父母、配偶或子女已移居国（境）外的，不得报考；非公派原因，曾六个月以上在国（境）外留学、工作、生活的，不得报考。\n9．在本单位最低服务年限五年（含试用期）。\t\n10．仅限男性报考。"",""部门网站"":""https://rczk.nia.gov.cn"",""咨询电话1"":""0431-89962724"",""咨询电话2"":""0431-89962723"",""咨询电话3"":"""",""来源Sheet"":""中央国家行政机关省级以下直属机构""}}"
"government_jobs","国家公务员2026招考简章","公务员/事业单位技术岗位","吉林省白山市","2026-07-28T09:12:58.310295+00:00","边检站一级警长及以下（三）","吉林出入境边防检查总站","","吉林省白山市","公务员/事业单位;2026;computer_software;data_ai;本科及以上;与最高学历相对应的学位;本科：数据科学与大数据技术、软件工程、计算机科学与技术；研究生：大数据技术与工程（085411）、计算机科学与技术（081200、077500）、软件工程（083500、085405）、计算机技术（085404）;行政执法类","用人司局：吉林出入境边防检查总站
职位简介：属于公安机关人民警察，主要负责执法执勤和数据分析、软件研发等工作。
专业要求：本科：数据科学与大数据技术、软件工程、计算机科学与技术；研究生：大数据技术与工程（085411）、计算机科学与技术（081200、077500）、软件工程（083500、085405）、计算机技术（085404）
学历要求：本科及以上
学位要求：与最高学历相对应的学位
政治面貌：中共党员或共青团员
基层工作经历：无限制
考试类别：行政执法类
备注：1．高等学历教育各阶段均需取得相应学历和学位。
2．本职位为白山地区边检站（含长白、临江出入境边防检查站）统一职位，须服从二次分配，根据综合成绩选岗。
3．大学英语等级考试四级425分以上。
4．擅长系统需求分析、架构设计、数据建模和维护系统平台软件等。
5．专业能力测试内容为上机实操测试，测试编程能力，合格线为60分，占综合成绩15%。
6．按《公务员录用体检特殊标准（试行）》进行体检，对《公务员录用体检特殊标准（试行）》未作规定的项目，按《公务员录用体检通用标准（试行）》执行，视力标准可询招录单位。
7．按《公安机关录用人民警察体能测评项目和标准》进行体能测评。
8．按《公安机关录用人民警察政治考察工作办法》开展考察。具有《公安机关录用人民警察政治考察工作办法》第八条、第九条情形的，不得报考；父母、配偶或子女已移居国（境）外的，不得报考；非公派原因，曾六个月以上在国（境）外留学、工作、生活的，不得报考。
9．在本单位最低服务年限五年（含试用期）。
10．仅限男性报考。
11．请考生及时关注“移民管理警察招考小助手”微信小程序发布的报考信息。","http://bm.scs.gov.cn/kl2026#158114-300130001010","2025-10-14","{""dataset_year"":2026,""job_uid"":""GOV-2026-158114-300130001010"",""publisher"":""国家公务员局"",""publication_page"":""http://bm.scs.gov.cn/kl2026"",""attachment_url"":""local://2026_guokao_zhaokaojianzhang.zip"",""local_source_file"":""中央机关及其直属机构2026年度考试录用公务员招考简章.xls"",""local_source_sha256"":""2670bae1df1dd07a3a3c79b9db46a11e3bb15a6c9c249e6af98bfd0b61ce3aaf"",""source_sheet"":""中央国家行政机关省级以下直属机构"",""filter_version"":""government_tech_v2"",""tech_filter"":{""is_tech"":true,""is_core_tech"":true,""scope"":""core"",""categories"":[""computer_software"",""data_ai""],""matched_fields"":[""major"",""description"",""remarks""],""major_terms"":[""大数据"",""数据科学与大数据技术"",""计算机技术"",""计算机科学与技术"",""软件工程""],""role_terms"":[""数据分析"",""数据建模"",""软件"",""软件研发""],""reason"":""tech_major_and_role""},""original"":{""部门代码"":""158114"",""部门名称"":""吉林出入境边防检查总站"",""用人司局"":""吉林出入境边防检查总站"",""机构性质"":""中央国家行政机关省级以下直属机构"",""招考职位"":""边检站一级警长及以下（三）"",""职位属性"":""公安机关人民警察职位"",""职位分布"":""西部地区和艰苦边远地区职位"",""职位简介"":""属于公安机关人民警察，主要负责执法执勤和数据分析、软件研发等工作。"",""职位代码"":""300130001010"",""机构层级"":""市（地）级"",""考试类别"":""行政执法类"",""招考人数"":""2"",""专业"":""本科：数据科学与大数据技术、软件工程、计算机科学与技术；研究生：大数据技术与工程（085411）、计算机科学与技术（081200、077500）、软件工程（083500、085405）、计算机技术（085404）"",""学历"":""本科及以上"",""学位"":""与最高学历相对应的学位"",""政治面貌"":""中共党员或共青团员"",""基层工作最低年限"":""无限制"",""服务基层项目工作经历"":""无限制"",""是否在面试阶段组织专业能力测试"":""是"",""面试人员比例"":""3:1"",""工作地点"":""吉林省白山市"",""落户地点"":""吉林省白山市"",""备注"":""1．高等学历教育各阶段均需取得相应学历和学位。\n2．本职位为白山地区边检站（含长白、临江出入境边防检查站）统一职位，须服从二次分配，根据综合成绩选岗。\n3．大学英语等级考试四级425分以上。\n4．擅长系统需求分析、架构设计、数据建模和维护系统平台软件等。\n5．专业能力测试内容为上机实操测试，测试编程能力，合格线为60分，占综合成绩15%。\n6．按《公务员录用体检特殊标准（试行）》进行体检，对《公务员录用体检特殊标准（试行）》未作规定的项目，按《公务员录用体检通用标准（试行）》执行，视力标准可询招录单位。\n7．按《公安机关录用人民警察体能测评项目和标准》进行体能测评。\n8．按《公安机关录用人民警察政治考察工作办法》开展考察。具有《公安机关录用人民警察政治考察工作办法》第八条、第九条情形的，不得报考；父母、配偶或子女已移居国（境）外的，不得报考；非公派原因，曾六个月以上在国（境）外留学、工作、生活的，不得报考。\n9．在本单位最低服务年限五年（含试用期）。\n10．仅限男性报考。\n11．请考生及时关注“移民管理警察招考小助手”微信小程序发布的报考信息。"",""部门网站"":""https://rczk.nia.gov.cn"",""咨询电话1"":""0431-89962724"",""咨询电话2"":""0431-89962723"",""咨询电话3"":"""",""来源Sheet"":""中央国家行政机关省级以下直属机构""}}"
"government_jobs","国家公务员2026招考简章","公务员/事业单位技术岗位","吉林省通化市集安市","2026-07-28T09:12:58.310295+00:00","集安出入境边防检查站一级警长及以下（二）","吉林出入境边防检查总站","","吉林省通化市集安市","公务员/事业单位;2026;computer_software;data_ai;仅限硕士研究生;硕士;大数据技术与工程（085411）、计算机科学与技术（081200、077500）、软件工程（083500、085405）、计算机技术（085404）;行政执法类","用人司局：吉林出入境边防检查总站
职位简介：属于公安机关人民警察，主要负责执法执勤和数据分析、软件研发等工作。
专业要求：大数据技术与工程（085411）、计算机科学与技术（081200、077500）、软件工程（083500、085405）、计算机技术（085404）
学历要求：仅限硕士研究生
学位要求：硕士
政治面貌：中共党员或共青团员
基层工作经历：无限制
考试类别：行政执法类
备注：1．高等学历教育各阶段均需取得相应学历和学位。
2．大学英语等级考试六级425分以上。
3．擅长系统需求分析、架构设计、数据建模和维护系统平台软件等。
4．专业能力测试内容为上机实操测试，测试编程能力，合格线为60分，占综合成绩15%。
5．按《公务员录用体检特殊标准（试行）》进行体检，对《公务员录用体检特殊标准（试行）》未作规定的项目，按《公务员录用体检通用标准（试行）》执行，视力标准可询招录单位。
6．按《公安机关录用人民警察体能测评项目和标准》进行体能测评。
7．按《公安机关录用人民警察政治考察工作办法》开展考察。具有《公安机关录用人民警察政治考察工作办法》第八条、第九条情形的，不得报考；父母、配偶或子女已移居国（境）外的，不得报考；非公派原因，曾六个月以上在国（境）外留学、工作、生活的，不得报考。
8．在本单位最低服务年限五年（含试用期）。
9．仅限男性报考。
10．请考生及时关注“移民管理警察招考小助手”微信小程序发布的报考信息。","http://bm.scs.gov.cn/kl2026#158114-300130001016","2025-10-14","{""dataset_year"":2026,""job_uid"":""GOV-2026-158114-300130001016"",""publisher"":""国家公务员局"",""publication_page"":""http://bm.scs.gov.cn/kl2026"",""attachment_url"":""local://2026_guokao_zhaokaojianzhang.zip"",""local_source_file"":""中央机关及其直属机构2026年度考试录用公务员招考简章.xls"",""local_source_sha256"":""2670bae1df1dd07a3a3c79b9db46a11e3bb15a6c9c249e6af98bfd0b61ce3aaf"",""source_sheet"":""中央国家行政机关省级以下直属机构"",""filter_version"":""government_tech_v2"",""tech_filter"":{""is_tech"":true,""is_core_tech"":true,""scope"":""core"",""categories"":[""computer_software"",""data_ai""],""matched_fields"":[""major"",""description"",""remarks""],""major_terms"":[""大数据"",""计算机技术"",""计算机科学与技术"",""软件工程""],""role_terms"":[""数据分析"",""数据建模"",""软件"",""软件研发""],""reason"":""tech_major_and_role""},""original"":{""部门代码"":""158114"",""部门名称"":""吉林出入境边防检查总站"",""用人司局"":""吉林出入境边防检查总站"",""机构性质"":""中央国家行政机关省级以下直属机构"",""招考职位"":""集安出入境边防检查站一级警长及以下（二）"",""职位属性"":""公安机关人民警察职位"",""职位分布"":""西部地区和艰苦边远地区职位"",""职位简介"":""属于公安机关人民警察，主要负责执法执勤和数据分析、软件研发等工作。"",""职位代码"":""300130001016"",""机构层级"":""市（地）级"",""考试类别"":""行政执法类"",""招考人数"":""1"",""专业"":""大数据技术与工程（085411）、计算机科学与技术（081200、077500）、软件工程（083500、085405）、计算机技术（085404）"",""学历"":""仅限硕士研究生"",""学位"":""硕士"",""政治面貌"":""中共党员或共青团员"",""基层工作最低年限"":""无限制"",""服务基层项目工作经历"":""无限制"",""是否在面试阶段组织专业能力测试"":""是"",""面试人员比例"":""3:1"",""工作地点"":""吉林省通化市集安市"",""落户地点"":""吉林省通化市"",""备注"":""1．高等学历教育各阶段均需取得相应学历和学位。\n2．大学英语等级考试六级425分以上。\n3．擅长系统需求分析、架构设计、数据建模和维护系统平台软件等。\n4．专业能力测试内容为上机实操测试，测试编程能力，合格线为60分，占综合成绩15%。\n5．按《公务员录用体检特殊标准（试行）》进行体检，对《公务员录用体检特殊标准（试行）》未作规定的项目，按《公务员录用体检通用标准（试行）》执行，视力标准可询招录单位。\n6．按《公安机关录用人民警察体能测评项目和标准》进行体能测评。\n7．按《公安机关录用人民警察政治考察工作办法》开展考察。具有《公安机关录用人民警察政治考察工作办法》第八条、第九条情形的，不得报考；父母、配偶或子女已移居国（境）外的，不得报考；非公派原因，曾六个月以上在国（境）外留学、工作、生活的，不得报考。\n8．在本单位最低服务年限五年（含试用期）。\n9．仅限男性报考。\n10．请考生及时关注“移民管理警察招考小助手”微信小程序发布的报考信息。"",""部门网站"":""https://rczk.nia.gov.cn"",""咨询电话1"":""0431-89962724"",""咨询电话2"":""0431-89962723"",""咨询电话3"":"""",""来源Sheet"":""中央国家行政机关省级以下直属机构""}}"
"government_jobs","国家公务员2026招考简章","公务员/事业单位技术岗位","吉林省延边朝鲜族自治州图们市","2026-07-28T09:12:58.310295+00:00","图们出入境边防检查站一级警长及以下","吉林出入境边防检查总站","","吉林省延边朝鲜族自治州图们市","公务员/事业单位;2026;computer_software;cybersecurity_cryptography;仅限硕士研究生;硕士;网络空间安全（083900）、网络与信息安全（085412）;行政执法类","用人司局：吉林出入境边防检查总站
职位简介：属于公安机关人民警察，主要负责执法执勤和网络系统运维、应急保障等工作。
专业要求：网络空间安全（083900）、网络与信息安全（085412）
学历要求：仅限硕士研究生
学位要求：硕士
政治面貌：中共党员或共青团员
基层工作经历：无限制
考试类别：行政执法类
备注：1．高等学历教育各阶段均需取得相应学历和学位。
2．大学英语等级考试六级425分以上。
3．具备网络安全防护、局域网络管理运维、网络规划设计和策略配置能力。
4．专业能力测试内容为软考网络中级技术能力笔试，合格线为60分，占综合成绩15%。
5．按《公务员录用体检特殊标准（试行）》进行体检，对《公务员录用体检特殊标准（试行）》未作规定的项目，按《公务员录用体检通用标准（试行）》执行，视力标准可询招录单位。
6．按《公安机关录用人民警察体能测评项目和标准》进行体能测评。
7．按《公安机关录用人民警察政治考察工作办法》开展考察。具有《公安机关录用人民警察政治考察工作办法》第八条、第九条情形的，不得报考；父母、配偶或子女已移居国（境）外的，不得报考；非公派原因，曾六个月以上在国（境）外留学、工作、生活的，不得报考。
8．在本单位最低服务年限五年（含试用期）。
9．仅限男性报考。
10．请考生及时关注“移民管理警察招考小助手”微信小程序发布的报考信息。","http://bm.scs.gov.cn/kl2026#158114-300130001028","2025-10-14","{""dataset_year"":2026,""job_uid"":""GOV-2026-158114-300130001028"",""publisher"":""国家公务员局"",""publication_page"":""http://bm.scs.gov.cn/kl2026"",""attachment_url"":""local://2026_guokao_zhaokaojianzhang.zip"",""local_source_file"":""中央机关及其直属机构2026年度考试录用公务员招考简章.xls"",""local_source_sha256"":""2670bae1df1dd07a3a3c79b9db46a11e3bb15a6c9c249e6af98bfd0b61ce3aaf"",""source_sheet"":""中央国家行政机关省级以下直属机构"",""filter_version"":""government_tech_v2"",""tech_filter"":{""is_tech"":true,""is_core_tech"":true,""scope"":""core"",""categories"":[""computer_software"",""cybersecurity_cryptography""],""matched_fields"":[""major"",""description"",""remarks""],""major_terms"":[""信息安全"",""网络空间安全""],""role_terms"":[""系统运维"",""网络安全"",""网络管理""],""reason"":""tech_major_and_role""},""original"":{""部门代码"":""158114"",""部门名称"":""吉林出入境边防检查总站"",""用人司局"":""吉林出入境边防检查总站"",""机构性质"":""中央国家行政机关省级以下直属机构"",""招考职位"":""图们出入境边防检查站一级警长及以下"",""职位属性"":""公安机关人民警察职位"",""职位分布"":""西部地区和艰苦边远地区职位"",""职位简介"":""属于公安机关人民警察，主要负责执法执勤和网络系统运维、应急保障等工作。"",""职位代码"":""300130001028"",""机构层级"":""市（地）级"",""考试类别"":""行政执法类"",""招考人数"":""1"",""专业"":""网络空间安全（083900）、网络与信息安全（085412）"",""学历"":""仅限硕士研究生"",""学位"":""硕士"",""政治面貌"":""中共党员或共青团员"",""基层工作最低年限"":""无限制"",""服务基层项目工作经历"":""无限制"",""是否在面试阶段组织专业能力测试"":""是"",""面试人员比例"":""3:1"",""工作地点"":""吉林省延边朝鲜族自治州图们市"",""落户地点"":""吉林省延边朝鲜族自治州延吉市"",""备注"":""1．高等学历教育各阶段均需取得相应学历和学位。\n2．大学英语等级考试六级425分以上。\n3．具备网络安全防护、局域网络管理运维、网络规划设计和策略配置能力。\n4．专业能力测试内容为软考网络中级技术能力笔试，合格线为60分，占综合成绩15%。\n5．按《公务员录用体检特殊标准（试行）》进行体检，对《公务员录用体检特殊标准（试行）》未作规定的项目，按《公务员录用体检通用标准（试行）》执行，视力标准可询招录单位。\n6．按《公安机关录用人民警察体能测评项目和标准》进行体能测评。\n7．按《公安机关录用人民警察政治考察工作办法》开展考察。具有《公安机关录用人民警察政治考察工作办法》第八条、第九条情形的，不得报考；父母、配偶或子女已移居国（境）外的，不得报考；非公派原因，曾六个月以上在国（境）外留学、工作、生活的，不得报考。\n8．在本单位最低服务年限五年（含试用期）。\n9．仅限男性报考。\n10．请考生及时关注“移民管理警察招考小助手”微信小程序发布的报考信息。"",""部门网站"":""https://rczk.nia.gov.cn"",""咨询电话1"":""0431-89962724"",""咨询电话2"":""0431-89962723"",""咨询电话3"":"""",""来源Sheet"":""中央国家行政机关省级以下直属机构""}}"
"government_jobs","国家公务员2026招考简章","公务员/事业单位技术岗位","吉林省延边朝鲜族自治州","2026-07-28T09:12:58.310295+00:00","延边边境管理支队一级警长及以下（一）","吉林出入境边防检查总站","","吉林省延边朝鲜族自治州","公务员/事业单位;2026;computer_software;data_ai;本科及以上;与最高学历相对应的学位;本科：数据科学与大数据技术、软件工程、计算机科学与技术；研究生：大数据技术与工程（085411）、计算机科学与技术（081200、077500）、软件工程（083500、085405）、计算机技术（085404）;行政执法类","用人司局：吉林出入境边防检查总站
职位简介：属于公安机关人民警察，主要负责执法执勤和数据分析、软件研发等工作。
专业要求：本科：数据科学与大数据技术、软件工程、计算机科学与技术；研究生：大数据技术与工程（085411）、计算机科学与技术（081200、077500）、软件工程（083500、085405）、计算机技术（085404）
学历要求：本科及以上
学位要求：与最高学历相对应的学位
政治面貌：中共党员或共青团员
基层工作经历：无限制
考试类别：行政执法类
备注：1．限应届高校毕业生报考（高等学历教育各阶段均需取得相应学历和学位）。
2．大学英语等级考试四级425分以上。
3．熟悉系统架构设计，擅长数据建模、维护系统平台软件等。
4．专业能力测试内容为上机实操测试，测试编程能力，合格线为60分，占综合成绩15%。
5．按《公务员录用体检特殊标准（试行）》进行体检，对《公务员录用体检特殊标准（试行）》未作规定的项目，按《公务员录用体检通用标准（试行）》执行，视力标准可询招录单位。
6．按《公安机关录用人民警察体能测评项目和标准》进行体能测评。
7．按《公安机关录用人民警察政治考察工作办法》开展考察。具有《公安机关录用人民警察政治考察工作办法》第八条、第九条情形的，不得报考；父母、配偶或子女已移居国（境）外的，不得报考；非公派原因，曾六个月以上在国（境）外留学、工作、生活的，不得报考。
8．须服从二次分配，拟分配至珲春、和龙边境管理大队基层单位。
9．在本单位最低服务年限五年（含试用期）。
10．仅限男性报考。
11．请考生及时关注“移民管理警察招考小助手”微信小程序发布的报考信息。","http://bm.scs.gov.cn/kl2026#158114-300130001031","2025-10-14","{""dataset_year"":2026,""job_uid"":""GOV-2026-158114-300130001031"",""publisher"":""国家公务员局"",""publication_page"":""http://bm.scs.gov.cn/kl2026"",""attachment_url"":""local://2026_guokao_zhaokaojianzhang.zip"",""local_source_file"":""中央机关及其直属机构2026年度考试录用公务员招考简章.xls"",""local_source_sha256"":""2670bae1df1dd07a3a3c79b9db46a11e3bb15a6c9c249e6af98bfd0b61ce3aaf"",""source_sheet"":""中央国家行政机关省级以下直属机构"",""filter_version"":""government_tech_v2"",""tech_filter"":{""is_tech"":true,""is_core_tech"":true,""scope"":""core"",""categories"":[""computer_software"",""data_ai""],""matched_fields"":[""major"",""description"",""remarks""],""major_terms"":[""大数据"",""数据科学与大数据技术"",""计算机技术"",""计算机科学与技术"",""软件工程""],""role_terms"":[""数据分析"",""数据建模"",""软件"",""软件研发""],""reason"":""tech_major_and_role""},""original"":{""部门代码"":""158114"",""部门名称"":""吉林出入境边防检查总站"",""用人司局"":""吉林出入境边防检查总站"",""机构性质"":""中央国家行政机关省级以下直属机构"",""招考职位"":""延边边境管理支队一级警长及以下（一）"",""职位属性"":""公安机关人民警察职位"",""职位分布"":""西部地区和艰苦边远地区职位"",""职位简介"":""属于公安机关人民警察，主要负责执法执勤和数据分析、软件研发等工作。"",""职位代码"":""300130001031"",""机构层级"":""市（地）级"",""考试类别"":""行政执法类"",""招考人数"":""2"",""专业"":""本科：数据科学与大数据技术、软件工程、计算机科学与技术；研究生：大数据技术与工程（085411）、计算机科学与技术（081200、077500）、软件工程（083500、085405）、计算机技术（085404）"",""学历"":""本科及以上"",""学位"":""与最高学历相对应的学位"",""政治面貌"":""中共党员或共青团员"",""基层工作最低年限"":""无限制"",""服务基层项目工作经历"":""无限制"",""是否在面试阶段组织专业能力测试"":""是"",""面试人员比例"":""3:1"",""工作地点"":""吉林省延边朝鲜族自治州"",""落户地点"":""吉林省延边朝鲜族自治州延吉市"",""备注"":""1．限应届高校毕业生报考（高等学历教育各阶段均需取得相应学历和学位）。\n2．大学英语等级考试四级425分以上。\n3．熟悉系统架构设计，擅长数据建模、维护系统平台软件等。\n4．专业能力测试内容为上机实操测试，测试编程能力，合格线为60分，占综合成绩15%。\n5．按《公务员录用体检特殊标准（试行）》进行体检，对《公务员录用体检特殊标准（试行）》未作规定的项目，按《公务员录用体检通用标准（试行）》执行，视力标准可询招录单位。\n6．按《公安机关录用人民警察体能测评项目和标准》进行体能测评。\n7．按《公安机关录用人民警察政治考察工作办法》开展考察。具有《公安机关录用人民警察政治考察工作办法》第八条、第九条情形的，不得报考；父母、配偶或子女已移居国（境）外的，不得报考；非公派原因，曾六个月以上在国（境）外留学、工作、生活的，不得报考。\n8．须服从二次分配，拟分配至珲春、和龙边境管理大队基层单位。\n9．在本单位最低服务年限五年（含试用期）。\n10．仅限男性报考。\n11．请考生及时关注“移民管理警察招考小助手”微信小程序发布的报考信息。"",""部门网站"":""https://rczk.nia.gov.cn"",""咨询电话1"":""0431-89962724"",""咨询电话2"":""0431-89962723"",""咨询电话3"":"""",""来源Sheet"":""中央国家行政机关省级以下直属机构""}}"
"government_jobs","国家公务员2026招考简章","公务员/事业单位技术岗位","吉林省延边朝鲜族自治州珲春市","2026-07-28T09:12:58.310295+00:00","延边边境管理支队一级警长及以下（九）","吉林出入境边防检查总站","","吉林省延边朝鲜族自治州珲春市","公务员/事业单位;2026;computer_software;cybersecurity_cryptography;本科及以上;与最高学历相对应的学位;本科：保密技术（080914）、保密管理（120106）、密码科学与技术（080918）；研究生：密码（145200）;行政执法类","用人司局：吉林出入境边防检查总站
职位简介：属于公安机关人民警察，主要负责执法执勤和涉密信息系统建设维护、涉密载体管理等工作。
专业要求：本科：保密技术（080914）、保密管理（120106）、密码科学与技术（080918）；研究生：密码（145200）
学历要求：本科及以上
学位要求：与最高学历相对应的学位
政治面貌：中共党员或共青团员
基层工作经历：无限制
考试类别：行政执法类
备注：1．限应届高校毕业生报考（高等学历教育各阶段均需取得相应学历和学位）。
2．大学英语等级考试四级425分以上。
3．按《公务员录用体检特殊标准（试行）》进行体检，对《公务员录用体检特殊标准（试行）》未作规定的项目，按《公务员录用体检通用标准（试行）》执行，视力标准可询招录单位。
4．按《公安机关录用人民警察体能测评项目和标准》进行体能测评。
5．按《公安机关录用人民警察政治考察工作办法》开展考察。具有《公安机关录用人民警察政治考察工作办法》第八条、第九条情形的，不得报考；父母、配偶或子女已移居国（境）外的，不得报考；非公派原因，曾六个月以上在国（境）外留学、工作、生活的，不得报考。
6．须服从二次分配，拟分配至珲春边境管理大队基层单位。
7．在本单位最低服务年限五年（含试用期）。
8．仅限男性报考。
9．请考生及时关注“移民管理警察招考小助手”微信小程序发布的报考信息。","http://bm.scs.gov.cn/kl2026#158114-300130001039","2025-10-14","{""dataset_year"":2026,""job_uid"":""GOV-2026-158114-300130001039"",""publisher"":""国家公务员局"",""publication_page"":""http://bm.scs.gov.cn/kl2026"",""attachment_url"":""local://2026_guokao_zhaokaojianzhang.zip"",""local_source_file"":""中央机关及其直属机构2026年度考试录用公务员招考简章.xls"",""local_source_sha256"":""2670bae1df1dd07a3a3c79b9db46a11e3bb15a6c9c249e6af98bfd0b61ce3aaf"",""source_sheet"":""中央国家行政机关省级以下直属机构"",""filter_version"":""government_tech_v2"",""tech_filter"":{""is_tech"":true,""is_core_tech"":true,""scope"":""core"",""categories"":[""computer_software"",""cybersecurity_cryptography""],""matched_fields"":[""major"",""description""],""major_terms"":[""保密技术"",""密码科学"",""密码科学与技术""],""role_terms"":[""信息系统"",""系统建设""],""reason"":""tech_major_and_role""},""original"":{""部门代码"":""158114"",""部门名称"":""吉林出入境边防检查总站"",""用人司局"":""吉林出入境边防检查总站"",""机构性质"":""中央国家行政机关省级以下直属机构"",""招考职位"":""延边边境管理支队一级警长及以下（九）"",""职位属性"":""公安机关人民警察职位"",""职位分布"":""西部地区和艰苦边远地区职位"",""职位简介"":""属于公安机关人民警察，主要负责执法执勤和涉密信息系统建设维护、涉密载体管理等工作。"",""职位代码"":""300130001039"",""机构层级"":""市（地）级"",""考试类别"":""行政执法类"",""招考人数"":""1"",""专业"":""本科：保密技术（080914）、保密管理（120106）、密码科学与技术（080918）；研究生：密码（145200）"",""学历"":""本科及以上"",""学位"":""与最高学历相对应的学位"",""政治面貌"":""中共党员或共青团员"",""基层工作最低年限"":""无限制"",""服务基层项目工作经历"":""无限制"",""是否在面试阶段组织专业能力测试"":""否"",""面试人员比例"":""3:1"",""工作地点"":""吉林省延边朝鲜族自治州珲春市"",""落户地点"":""吉林省延边朝鲜族自治州延吉市"",""备注"":""1．限应届高校毕业生报考（高等学历教育各阶段均需取得相应学历和学位）。\n2．大学英语等级考试四级425分以上。\n3．按《公务员录用体检特殊标准（试行）》进行体检，对《公务员录用体检特殊标准（试行）》未作规定的项目，按《公务员录用体检通用标准（试行）》执行，视力标准可询招录单位。\n4．按《公安机关录用人民警察体能测评项目和标准》进行体能测评。\n5．按《公安机关录用人民警察政治考察工作办法》开展考察。具有《公安机关录用人民警察政治考察工作办法》第八条、第九条情形的，不得报考；父母、配偶或子女已移居国（境）外的，不得报考；非公派原因，曾六个月以上在国（境）外留学、工作、生活的，不得报考。\n6．须服从二次分配，拟分配至珲春边境管理大队基层单位。\n7．在本单位最低服务年限五年（含试用期）。\n8．仅限男性报考。\n9．请考生及时关注“移民管理警察招考小助手”微信小程序发布的报考信息。"",""部门网站"":""https://rczk.nia.gov.cn"",""咨询电话1"":""0431-89962724"",""咨询电话2"":""0431-89962723"",""咨询电话3"":"""",""来源Sheet"":""中央国家行政机关省级以下直属机构""}}"
"government_jobs","国家公务员2026招考简章","公务员/事业单位技术岗位","吉林省延边朝鲜族自治州珲春市","2026-07-28T09:12:58.310295+00:00","延边边境管理支队一级警长及以下（二十一）","吉林出入境边防检查总站","","吉林省延边朝鲜族自治州珲春市","公务员/事业单位;2026;computer_software;data_ai;本科及以上;与最高学历相对应的学位;本科：数据科学与大数据技术、软件工程、计算机科学与技术；研究生：大数据技术与工程（085411）、计算机科学与技术（081200、077500）、软件工程（083500、085405）、计算机技术（085404）;行政执法类","用人司局：吉林出入境边防检查总站
职位简介：属于公安机关人民警察，主要负责执法执勤和数据分析、软件研发等工作。
专业要求：本科：数据科学与大数据技术、软件工程、计算机科学与技术；研究生：大数据技术与工程（085411）、计算机科学与技术（081200、077500）、软件工程（083500、085405）、计算机技术（085404）
学历要求：本科及以上
学位要求：与最高学历相对应的学位
政治面貌：中共党员或共青团员
基层工作经历：二年
考试类别：行政执法类
备注：1．限服务期满且考核合格的四类服务基层项目人员报考。
2．大学英语等级考试四级425分以上。
3．熟悉系统架构设计，擅长数据建模、维护系统平台软件等。
4．专业能力测试内容为上机实操测试，测试编程能力，合格线为60分，占综合成绩15%。
5．按《公务员录用体检特殊标准（试行）》进行体检，对《公务员录用体检特殊标准（试行）》未作规定的项目，按《公务员录用体检通用标准（试行）》执行，视力标准可询招录单位。
6．按《公安机关录用人民警察体能测评项目和标准》进行体能测评。
7．按《公安机关录用人民警察政治考察工作办法》开展考察。具有《公安机关录用人民警察政治考察工作办法》第八条、第九条情形的，不得报考；父母、配偶或子女已移居国（境）外的，不得报考；非公派原因，曾六个月以上在国（境）外留学、工作、生活的，不得报考。
8．须服从二次分配，拟分配至珲春边境管理大队基层单位。
9．在本单位最低服务年限五年（含试用期）。
10．仅限男性报考。
11．请考生及时关注“移民管理警察招考小助手”微信小程序发布的报考信息。","http://bm.scs.gov.cn/kl2026#158114-300130001051","2025-10-14","{""dataset_year"":2026,""job_uid"":""GOV-2026-158114-300130001051"",""publisher"":""国家公务员局"",""publication_page"":""http://bm.scs.gov.cn/kl2026"",""attachment_url"":""local://2026_guokao_zhaokaojianzhang.zip"",""local_source_file"":""中央机关及其直属机构2026年度考试录用公务员招考简章.xls"",""local_source_sha256"":""2670bae1df1dd07a3a3c79b9db46a11e3bb15a6c9c249e6af98bfd0b61ce3aaf"",""source_sheet"":""中央国家行政机关省级以下直属机构"",""filter_version"":""government_tech_v2"",""tech_filter"":{""is_tech"":true,""is_core_tech"":true,""scope"":""core"",""categories"":[""computer_software"",""data_ai""],""matched_fields"":[""major"",""description"",""remarks""],""major_terms"":[""大数据"",""数据科学与大数据技术"",""计算机技术"",""计算机科学与技术"",""软件工程""],""role_terms"":[""数据分析"",""数据建模"",""软件"",""软件研发""],""reason"":""tech_major_and_role""},""original"":{""部门代码"":""158114"",""部门名称"":""吉林出入境边防检查总站"",""用人司局"":""吉林出入境边防检查总站"",""机构性质"":""中央国家行政机关省级以下直属机构"",""招考职位"":""延边边境管理支队一级警长及以下（二十一）"",""职位属性"":""公安机关人民警察职位"",""职位分布"":""西部地区和艰苦边远地区职位"",""职位简介"":""属于公安机关人民警察，主要负责执法执勤和数据分析、软件研发等工作。"",""职位代码"":""300130001051"",""机构层级"":""市（地）级"",""考试类别"":""行政执法类"",""招考人数"":""1"",""专业"":""本科：数据科学与大数据技术、软件工程、计算机科学与技术；研究生：大数据技术与工程（085411）、计算机科学与技术（081200、077500）、软件工程（083500、085405）、计算机技术（085404）"",""学历"":""本科及以上"",""学位"":""与最高学历相对应的学位"",""政治面貌"":""中共党员或共青团员"",""基层工作最低年限"":""二年"",""服务基层项目工作经历"":""大学生村官、农村义务教育阶段学校教师特设岗位计划、“三支一扶”计划、大学生志愿服务西部计划"",""是否在面试阶段组织专业能力测试"":""是"",""面试人员比例"":""3:1"",""工作地点"":""吉林省延边朝鲜族自治州珲春市"",""落户地点"":""吉林省延边朝鲜族自治州延吉市"",""备注"":""1．限服务期满且考核合格的四类服务基层项目人员报考。\n2．大学英语等级考试四级425分以上。\n3．熟悉系统架构设计，擅长数据建模、维护系统平台软件等。\n4．专业能力测试内容为上机实操测试，测试编程能力，合格线为60分，占综合成绩15%。\n5．按《公务员录用体检特殊标准（试行）》进行体检，对《公务员录用体检特殊标准（试行）》未作规定的项目，按《公务员录用体检通用标准（试行）》执行，视力标准可询招录单位。\n6．按《公安机关录用人民警察体能测评项目和标准》进行体能测评。\n7．按《公安机关录用人民警察政治考察工作办法》开展考察。具有《公安机关录用人民警察政治考察工作办法》第八条、第九条情形的，不得报考；父母、配偶或子女已移居国（境）外的，不得报考；非公派原因，曾六个月以上在国（境）外留学、工作、生活的，不得报考。\n8．须服从二次分配，拟分配至珲春边境管理大队基层单位。\n9．在本单位最低服务年限五年（含试用期）。\n10．仅限男性报考。\n11．请考生及时关注“移民管理警察招考小助手”微信小程序发布的报考信息。"",""部门网站"":""https://rczk.nia.gov.cn"",""咨询电话1"":""0431-89962724"",""咨询电话2"":""0431-89962723"",""咨询电话3"":"""",""来源Sheet"":""中央国家行政机关省级以下直属机构""}}"
"government_jobs","国家公务员2026招考简章","公务员/事业单位技术岗位","吉林省白山市长白朝鲜族自治县","2026-07-28T09:12:58.310295+00:00","白山边境管理支队一级警长及以下（七）","吉林出入境边防检查总站","","吉林省白山市长白朝鲜族自治县","公务员/事业单位;2026;computer_software;cybersecurity_cryptography;本科及以上;与最高学历相对应的学位;本科：保密技术（080914）、保密管理（120106）、密码科学与技术（080918）；研究生：密码（145200）;行政执法类","用人司局：吉林出入境边防检查总站
职位简介：属于公安机关人民警察，主要负责执法执勤和涉密信息系统建设维护、涉密载体管理等工作。
专业要求：本科：保密技术（080914）、保密管理（120106）、密码科学与技术（080918）；研究生：密码（145200）
学历要求：本科及以上
学位要求：与最高学历相对应的学位
政治面貌：中共党员或共青团员
基层工作经历：无限制
考试类别：行政执法类
备注：1．限应届高校毕业生报考（高等学历教育各阶段均需取得相应学历和学位）。
2．大学英语等级考试四级425分以上。
3．按《公务员录用体检特殊标准（试行）》进行体检，对《公务员录用体检特殊标准（试行）》未作规定的项目，按《公务员录用体检通用标准（试行）》执行，视力标准可询招录单位。
4．按《公安机关录用人民警察体能测评项目和标准》进行体能测评。
5．按《公安机关录用人民警察政治考察工作办法》开展考察。具有《公安机关录用人民警察政治考察工作办法》第八条、第九条情形的，不得报考；父母、配偶或子女已移居国（境）外的，不得报考；非公派原因，曾六个月以上在国（境）外留学、工作、生活的，不得报考。
6．须服从二次分配，拟分配至长白边境管理大队基层单位。
7．在本单位最低服务年限五年（含试用期）。
8．仅限男性报考。
9．请考生及时关注“移民管理警察招考小助手”微信小程序发布的报考信息。","http://bm.scs.gov.cn/kl2026#158114-300130001060","2025-10-14","{""dataset_year"":2026,""job_uid"":""GOV-2026-158114-300130001060"",""publisher"":""国家公务员局"",""publication_page"":""http://bm.scs.gov.cn/kl2026"",""attachment_url"":""local://2026_guokao_zhaokaojianzhang.zip"",""local_source_file"":""中央机关及其直属机构2026年度考试录用公务员招考简章.xls"",""local_source_sha256"":""2670bae1df1dd07a3a3c79b9db46a11e3bb15a6c9c249e6af98bfd0b61ce3aaf"",""source_sheet"":""中央国家行政机关省级以下直属机构"",""filter_version"":""government_tech_v2"",""tech_filter"":{""is_tech"":true,""is_core_tech"":true,""scope"":""core"",""categories"":[""computer_software"",""cybersecurity_cryptography""],""matched_fields"":[""major"",""description""],""major_terms"":[""保密技术"",""密码科学"",""密码科学与技术""],""role_terms"":[""信息系统"",""系统建设""],""reason"":""tech_major_and_role""},""original"":{""部门代码"":""158114"",""部门名称"":""吉林出入境边防检查总站"",""用人司局"":""吉林出入境边防检查总站"",""机构性质"":""中央国家行政机关省级以下直属机构"",""招考职位"":""白山边境管理支队一级警长及以下（七）"",""职位属性"":""公安机关人民警察职位"",""职位分布"":""西部地区和艰苦边远地区职位"",""职位简介"":""属于公安机关人民警察，主要负责执法执勤和涉密信息系统建设维护、涉密载体管理等工作。"",""职位代码"":""300130001060"",""机构层级"":""市（地）级"",""考试类别"":""行政执法类"",""招考人数"":""1"",""专业"":""本科：保密技术（080914）、保密管理（120106）、密码科学与技术（080918）；研究生：密码（145200）"",""学历"":""本科及以上"",""学位"":""与最高学历相对应的学位"",""政治面貌"":""中共党员或共青团员"",""基层工作最低年限"":""无限制"",""服务基层项目工作经历"":""无限制"",""是否在面试阶段组织专业能力测试"":""否"",""面试人员比例"":""3:1"",""工作地点"":""吉林省白山市长白朝鲜族自治县"",""落户地点"":""吉林省白山市"",""备注"":""1．限应届高校毕业生报考（高等学历教育各阶段均需取得相应学历和学位）。\n2．大学英语等级考试四级425分以上。\n3．按《公务员录用体检特殊标准（试行）》进行体检，对《公务员录用体检特殊标准（试行）》未作规定的项目，按《公务员录用体检通用标准（试行）》执行，视力标准可询招录单位。\n4．按《公安机关录用人民警察体能测评项目和标准》进行体能测评。\n5．按《公安机关录用人民警察政治考察工作办法》开展考察。具有《公安机关录用人民警察政治考察工作办法》第八条、第九条情形的，不得报考；父母、配偶或子女已移居国（境）外的，不得报考；非公派原因，曾六个月以上在国（境）外留学、工作、生活的，不得报考。\n6．须服从二次分配，拟分配至长白边境管理大队基层单位。\n7．在本单位最低服务年限五年（含试用期）。\n8．仅限男性报考。\n9．请考生及时关注“移民管理警察招考小助手”微信小程序发布的报考信息。"",""部门网站"":""https://rczk.nia.gov.cn"",""咨询电话1"":""0431-89962724"",""咨询电话2"":""0431-89962723"",""咨询电话3"":"""",""来源Sheet"":""中央国家行政机关省级以下直属机构""}}"
"government_jobs","国家公务员2026招考简章","公务员/事业单位技术岗位","吉林省白山市临江市","2026-07-28T09:12:58.310295+00:00","白山边境管理支队一级警长及以下（十）","吉林出入境边防检查总站","","吉林省白山市临江市","公务员/事业单位;2026;computer_software;data_ai;本科及以上;与最高学历相对应的学位;本科：数据科学与大数据技术、软件工程、计算机科学与技术；研究生：大数据技术与工程（085411）、计算机科学与技术（081200、077500）、软件工程（083500、085405）、计算机技术（085404）;行政执法类","用人司局：吉林出入境边防检查总站
职位简介：属于公安机关人民警察，主要负责执法执勤和数据分析、软件研发等工作。
专业要求：本科：数据科学与大数据技术、软件工程、计算机科学与技术；研究生：大数据技术与工程（085411）、计算机科学与技术（081200、077500）、软件工程（083500、085405）、计算机技术（085404）
学历要求：本科及以上
学位要求：与最高学历相对应的学位
政治面貌：中共党员或共青团员
基层工作经历：无限制
考试类别：行政执法类
备注：1．限应届高校毕业生报考（高等学历教育各阶段均需取得相应学历和学位）。
2．大学英语等级考试四级425分以上。
3．熟悉系统架构设计，擅长数据建模、维护系统平台软件等。
4．专业能力测试内容为上机实操测试，测试编程能力，合格线为60分，占综合成绩15%。
5．按《公务员录用体检特殊标准（试行）》进行体检，对《公务员录用体检特殊标准（试行）》未作规定的项目，按《公务员录用体检通用标准（试行）》执行，视力标准可询招录单位。
6．按《公安机关录用人民警察体能测评项目和标准》进行体能测评。
7．按《公安机关录用人民警察政治考察工作办法》开展考察。具有《公安机关录用人民警察政治考察工作办法》第八条、第九条情形的，不得报考；父母、配偶或子女已移居国（境）外的，不得报考；非公派原因，曾六个月以上在国（境）外留学、工作、生活的，不得报考。
8．须服从二次分配，拟分配至临江边境管理大队基层单位。
9．在本单位最低服务年限五年（含试用期）。
10．仅限男性报考。
11．请考生及时关注“移民管理警察招考小助手”微信小程序发布的报考信息。","http://bm.scs.gov.cn/kl2026#158114-300130001063","2025-10-14","{""dataset_year"":2026,""job_uid"":""GOV-2026-158114-300130001063"",""publisher"":""国家公务员局"",""publication_page"":""http://bm.scs.gov.cn/kl2026"",""attachment_url"":""local://2026_guokao_zhaokaojianzhang.zip"",""local_source_file"":""中央机关及其直属机构2026年度考试录用公务员招考简章.xls"",""local_source_sha256"":""2670bae1df1dd07a3a3c79b9db46a11e3bb15a6c9c249e6af98bfd0b61ce3aaf"",""source_sheet"":""中央国家行政机关省级以下直属机构"",""filter_version"":""government_tech_v2"",""tech_filter"":{""is_tech"":true,""is_core_tech"":true,""scope"":""core"",""categories"":[""computer_software"",""data_ai""],""matched_fields"":[""major"",""description"",""remarks""],""major_terms"":[""大数据"",""数据科学与大数据技术"",""计算机技术"",""计算机科学与技术"",""软件工程""],""role_terms"":[""数据分析"",""数据建模"",""软件"",""软件研发""],""reason"":""tech_major_and_role""},""original"":{""部门代码"":""158114"",""部门名称"":""吉林出入境边防检查总站"",""用人司局"":""吉林出入境边防检查总站"",""机构性质"":""中央国家行政机关省级以下直属机构"",""招考职位"":""白山边境管理支队一级警长及以下（十）"",""职位属性"":""公安机关人民警察职位"",""职位分布"":""西部地区和艰苦边远地区职位"",""职位简介"":""属于公安机关人民警察，主要负责执法执勤和数据分析、软件研发等工作。"",""职位代码"":""300130001063"",""机构层级"":""市（地）级"",""考试类别"":""行政执法类"",""招考人数"":""1"",""专业"":""本科：数据科学与大数据技术、软件工程、计算机科学与技术；研究生：大数据技术与工程（085411）、计算机科学与技术（081200、077500）、软件工程（083500、085405）、计算机技术（085404）"",""学历"":""本科及以上"",""学位"":""与最高学历相对应的学位"",""政治面貌"":""中共党员或共青团员"",""基层工作最低年限"":""无限制"",""服务基层项目工作经历"":""无限制"",""是否在面试阶段组织专业能力测试"":""是"",""面试人员比例"":""3:1"",""工作地点"":""吉林省白山市临江市"",""落户地点"":""吉林省白山市"",""备注"":""1．限应届高校毕业生报考（高等学历教育各阶段均需取得相应学历和学位）。\n2．大学英语等级考试四级425分以上。\n3．熟悉系统架构设计，擅长数据建模、维护系统平台软件等。\n4．专业能力测试内容为上机实操测试，测试编程能力，合格线为60分，占综合成绩15%。\n5．按《公务员录用体检特殊标准（试行）》进行体检，对《公务员录用体检特殊标准（试行）》未作规定的项目，按《公务员录用体检通用标准（试行）》执行，视力标准可询招录单位。\n6．按《公安机关录用人民警察体能测评项目和标准》进行体能测评。\n7．按《公安机关录用人民警察政治考察工作办法》开展考察。具有《公安机关录用人民警察政治考察工作办法》第八条、第九条情形的，不得报考；父母、配偶或子女已移居国（境）外的，不得报考；非公派原因，曾六个月以上在国（境）外留学、工作、生活的，不得报考。\n8．须服从二次分配，拟分配至临江边境管理大队基层单位。\n9．在本单位最低服务年限五年（含试用期）。\n10．仅限男性报考。\n11．请考生及时关注“移民管理警察招考小助手”微信小程序发布的报考信息。"",""部门网站"":""https://rczk.nia.gov.cn"",""咨询电话1"":""0431-89962724"",""咨询电话2"":""0431-89962723"",""咨询电话3"":"""",""来源Sheet"":""中央国家行政机关省级以下直属机构""}}"
"government_jobs","国家公务员2026招考简章","公务员/事业单位技术岗位","吉林省白山市长白朝鲜族自治县","2026-07-28T09:12:58.310295+00:00","白山边境管理支队一级警长及以下（二十）","吉林出入境边防检查总站","","吉林省白山市长白朝鲜族自治县","公务员/事业单位;2026;computer_software;data_ai;本科及以上;与最高学历相对应的学位;本科：数据科学与大数据技术、软件工程、计算机科学与技术；研究生：大数据技术与工程（085411）、计算机科学与技术（081200、077500）、软件工程（083500、085405）、计算机技术（085404）;行政执法类","用人司局：吉林出入境边防检查总站
职位简介：属于公安机关人民警察，主要负责执法执勤和数据分析、软件研发等工作。
专业要求：本科：数据科学与大数据技术、软件工程、计算机科学与技术；研究生：大数据技术与工程（085411）、计算机科学与技术（081200、077500）、软件工程（083500、085405）、计算机技术（085404）
学历要求：本科及以上
学位要求：与最高学历相对应的学位
政治面貌：中共党员或共青团员
基层工作经历：二年
考试类别：行政执法类
备注：1．限服务期满且考核合格的四类服务基层项目人员报考。
2．大学英语等级考试四级425分以上。
3．熟悉系统架构设计，擅长数据建模、维护系统平台软件等。
4．专业能力测试内容为上机实操测试，测试编程能力，合格线为60分，占综合成绩15%。
5．按《公务员录用体检特殊标准（试行）》进行体检，对《公务员录用体检特殊标准（试行）》未作规定的项目，按《公务员录用体检通用标准（试行）》执行，视力标准可询招录单位。
6．按《公安机关录用人民警察体能测评项目和标准》进行体能测评。
7．按《公安机关录用人民警察政治考察工作办法》开展考察。具有《公安机关录用人民警察政治考察工作办法》第八条、第九条情形的，不得报考；父母、配偶或子女已移居国（境）外的，不得报考；非公派原因，曾六个月以上在国（境）外留学、工作、生活的，不得报考。
8．须服从二次分配，拟分配至长白边境管理大队基层单位。
9．在本单位最低服务年限五年（含试用期）。
10．仅限男性报考。
11．请考生及时关注“移民管理警察招考小助手”微信小程序发布的报考信息。","http://bm.scs.gov.cn/kl2026#158114-300130001073","2025-10-14","{""dataset_year"":2026,""job_uid"":""GOV-2026-158114-300130001073"",""publisher"":""国家公务员局"",""publication_page"":""http://bm.scs.gov.cn/kl2026"",""attachment_url"":""local://2026_guokao_zhaokaojianzhang.zip"",""local_source_file"":""中央机关及其直属机构2026年度考试录用公务员招考简章.xls"",""local_source_sha256"":""2670bae1df1dd07a3a3c79b9db46a11e3bb15a6c9c249e6af98bfd0b61ce3aaf"",""source_sheet"":""中央国家行政机关省级以下直属机构"",""filter_version"":""government_tech_v2"",""tech_filter"":{""is_tech"":true,""is_core_tech"":true,""scope"":""core"",""categories"":[""computer_software"",""data_ai""],""matched_fields"":[""major"",""description"",""remarks""],""major_terms"":[""大数据"",""数据科学与大数据技术"",""计算机技术"",""计算机科学与技术"",""软件工程""],""role_terms"":[""数据分析"",""数据建模"",""软件"",""软件研发""],""reason"":""tech_major_and_role""},""original"":{""部门代码"":""158114"",""部门名称"":""吉林出入境边防检查总站"",""用人司局"":""吉林出入境边防检查总站"",""机构性质"":""中央国家行政机关省级以下直属机构"",""招考职位"":""白山边境管理支队一级警长及以下（二十）"",""职位属性"":""公安机关人民警察职位"",""职位分布"":""西部地区和艰苦边远地区职位"",""职位简介"":""属于公安机关人民警察，主要负责执法执勤和数据分析、软件研发等工作。"",""职位代码"":""300130001073"",""机构层级"":""市（地）级"",""考试类别"":""行政执法类"",""招考人数"":""2"",""专业"":""本科：数据科学与大数据技术、软件工程、计算机科学与技术；研究生：大数据技术与工程（085411）、计算机科学与技术（081200、077500）、软件工程（083500、085405）、计算机技术（085404）"",""学历"":""本科及以上"",""学位"":""与最高学历相对应的学位"",""政治面貌"":""中共党员或共青团员"",""基层工作最低年限"":""二年"",""服务基层项目工作经历"":""大学生村官、农村义务教育阶段学校教师特设岗位计划、“三支一扶”计划、大学生志愿服务西部计划"",""是否在面试阶段组织专业能力测试"":""是"",""面试人员比例"":""3:1"",""工作地点"":""吉林省白山市长白朝鲜族自治县"",""落户地点"":""吉林省白山市"",""备注"":""1．限服务期满且考核合格的四类服务基层项目人员报考。\n2．大学英语等级考试四级425分以上。\n3．熟悉系统架构设计，擅长数据建模、维护系统平台软件等。\n4．专业能力测试内容为上机实操测试，测试编程能力，合格线为60分，占综合成绩15%。\n5．按《公务员录用体检特殊标准（试行）》进行体检，对《公务员录用体检特殊标准（试行）》未作规定的项目，按《公务员录用体检通用标准（试行）》执行，视力标准可询招录单位。\n6．按《公安机关录用人民警察体能测评项目和标准》进行体能测评。\n7．按《公安机关录用人民警察政治考察工作办法》开展考察。具有《公安机关录用人民警察政治考察工作办法》第八条、第九条情形的，不得报考；父母、配偶或子女已移居国（境）外的，不得报考；非公派原因，曾六个月以上在国（境）外留学、工作、生活的，不得报考。\n8．须服从二次分配，拟分配至长白边境管理大队基层单位。\n9．在本单位最低服务年限五年（含试用期）。\n10．仅限男性报考。\n11．请考生及时关注“移民管理警察招考小助手”微信小程序发布的报考信息。"",""部门网站"":""https://rczk.nia.gov.cn"",""咨询电话1"":""0431-89962724"",""咨询电话2"":""0431-89962723"",""咨询电话3"":"""",""来源Sheet"":""中央国家行政机关省级以下直属机构""}}"
"government_jobs","国家公务员2026招考简章","公务员/事业单位技术岗位","吉林省通化市集安市","2026-07-28T09:12:58.310295+00:00","通化边境管理支队一级警长及以下（五）","吉林出入境边防检查总站","","吉林省通化市集安市","公务员/事业单位;2026;computer_software;data_ai;本科及以上;与最高学历相对应的学位;本科：数据科学与大数据技术、软件工程、计算机科学与技术；研究生：大数据技术与工程（085411）、计算机科学与技术（081200、077500）、软件工程（083500、085405）、计算机技术（085404）;行政执法类","用人司局：吉林出入境边防检查总站
职位简介：属于公安机关人民警察，主要负责执法执勤和数据分析、软件研发等工作。
专业要求：本科：数据科学与大数据技术、软件工程、计算机科学与技术；研究生：大数据技术与工程（085411）、计算机科学与技术（081200、077500）、软件工程（083500、085405）、计算机技术（085404）
学历要求：本科及以上
学位要求：与最高学历相对应的学位
政治面貌：中共党员或共青团员
基层工作经历：无限制
考试类别：行政执法类
备注：1．限应届高校毕业生报考（高等学历教育各阶段均需取得相应学历和学位）。
2．大学英语等级考试四级425分以上。
3．熟悉系统架构设计，擅长数据建模、维护系统平台软件等。
4．专业能力测试内容为上机实操测试，测试编程能力，合格线为60分，占综合成绩15%。
5．按《公务员录用体检特殊标准（试行）》进行体检，对《公务员录用体检特殊标准（试行）》未作规定的项目，按《公务员录用体检通用标准（试行）》执行，视力标准可询招录单位。
6．按《公安机关录用人民警察体能测评项目和标准》进行体能测评。
7．按《公安机关录用人民警察政治考察工作办法》开展考察。具有《公安机关录用人民警察政治考察工作办法》第八条、第九条情形的，不得报考；父母、配偶或子女已移居国（境）外的，不得报考；非公派原因，曾六个月以上在国（境）外留学、工作、生活的，不得报考。
8．须服从二次分配，拟分配至集安边境管理大队基层单位。
9．在本单位最低服务年限五年（含试用期）。
10．仅限男性报考。
11．请考生及时关注“移民管理警察招考小助手”微信小程序发布的报考信息。","http://bm.scs.gov.cn/kl2026#158114-300130001079","2025-10-14","{""dataset_year"":2026,""job_uid"":""GOV-2026-158114-300130001079"",""publisher"":""国家公务员局"",""publication_page"":""http://bm.scs.gov.cn/kl2026"",""attachment_url"":""local://2026_guokao_zhaokaojianzhang.zip"",""local_source_file"":""中央机关及其直属机构2026年度考试录用公务员招考简章.xls"",""local_source_sha256"":""2670bae1df1dd07a3a3c79b9db46a11e3bb15a6c9c249e6af98bfd0b61ce3aaf"",""source_sheet"":""中央国家行政机关省级以下直属机构"",""filter_version"":""government_tech_v2"",""tech_filter"":{""is_tech"":true,""is_core_tech"":true,""scope"":""core"",""categories"":[""computer_software"",""data_ai""],""matched_fields"":[""major"",""description"",""remarks""],""major_terms"":[""大数据"",""数据科学与大数据技术"",""计算机技术"",""计算机科学与技术"",""软件工程""],""role_terms"":[""数据分析"",""数据建模"",""软件"",""软件研发""],""reason"":""tech_major_and_role""},""original"":{""部门代码"":""158114"",""部门名称"":""吉林出入境边防检查总站"",""用人司局"":""吉林出入境边防检查总站"",""机构性质"":""中央国家行政机关省级以下直属机构"",""招考职位"":""通化边境管理支队一级警长及以下（五）"",""职位属性"":""公安机关人民警察职位"",""职位分布"":""西部地区和艰苦边远地区职位"",""职位简介"":""属于公安机关人民警察，主要负责执法执勤和数据分析、软件研发等工作。"",""职位代码"":""300130001079"",""机构层级"":""市（地）级"",""考试类别"":""行政执法类"",""招考人数"":""1"",""专业"":""本科：数据科学与大数据技术、软件工程、计算机科学与技术；研究生：大数据技术与工程（085411）、计算机科学与技术（081200、077500）、软件工程（083500、085405）、计算机技术（085404）"",""学历"":""本科及以上"",""学位"":""与最高学历相对应的学位"",""政治面貌"":""中共党员或共青团员"",""基层工作最低年限"":""无限制"",""服务基层项目工作经历"":""无限制"",""是否在面试阶段组织专业能力测试"":""是"",""面试人员比例"":""3:1"",""工作地点"":""吉林省通化市集安市"",""落户地点"":""吉林省通化市"",""备注"":""1．限应届高校毕业生报考（高等学历教育各阶段均需取得相应学历和学位）。\n2．大学英语等级考试四级425分以上。\n3．熟悉系统架构设计，擅长数据建模、维护系统平台软件等。\n4．专业能力测试内容为上机实操测试，测试编程能力，合格线为60分，占综合成绩15%。\n5．按《公务员录用体检特殊标准（试行）》进行体检，对《公务员录用体检特殊标准（试行）》未作规定的项目，按《公务员录用体检通用标准（试行）》执行，视力标准可询招录单位。\n6．按《公安机关录用人民警察体能测评项目和标准》进行体能测评。\n7．按《公安机关录用人民警察政治考察工作办法》开展考察。具有《公安机关录用人民警察政治考察工作办法》第八条、第九条情形的，不得报考；父母、配偶或子女已移居国（境）外的，不得报考；非公派原因，曾六个月以上在国（境）外留学、工作、生活的，不得报考。\n8．须服从二次分配，拟分配至集安边境管理大队基层单位。\n9．在本单位最低服务年限五年（含试用期）。\n10．仅限男性报考。\n11．请考生及时关注“移民管理警察招考小助手”微信小程序发布的报考信息。"",""部门网站"":""https://rczk.nia.gov.cn"",""咨询电话1"":""0431-89962724"",""咨询电话2"":""0431-89962723"",""咨询电话3"":"""",""来源Sheet"":""中央国家行政机关省级以下直属机构""}}"
"government_jobs","国家公务员2026招考简章","公务员/事业单位技术岗位","黑龙江省牡丹江市绥芬河市","2026-07-28T09:12:58.310295+00:00","绥芬河出入境边防检查站一级警长及以下（二）","黑龙江出入境边防检查总站","","黑龙江省牡丹江市绥芬河市","公务员/事业单位;2026;computer_software;cybersecurity_cryptography;data_ai;electronics_communication;本科及以上;与最高学历相对应的学位;本科：电子信息工程、电子科学与技术、通信工程、计算机科学与技术、软件工程、网络工程、信息安全、电子与计算机工程、数据科学与大数据技术。研究生：计算机科学与技术、电子信息、信息与通信工程、软件工程。;行政执法类","用人司局：黑龙江出入境边防检查总站
职位简介：属于公安机关人民警察，主要从事出入境边防检查、口岸限定区域管理及信息化建设、软件系统开发运维、大数据分析等工作。
专业要求：本科：电子信息工程、电子科学与技术、通信工程、计算机科学与技术、软件工程、网络工程、信息安全、电子与计算机工程、数据科学与大数据技术。研究生：计算机科学与技术、电子信息、信息与通信工程、软件工程。
学历要求：本科及以上
学位要求：与最高学历相对应的学位
政治面貌：中共党员或共青团员
基层工作经历：无限制
考试类别：行政执法类
备注：1．限应届高校毕业生报考（高等学历教育各阶段均需取得相应学历和学位），报名时需注明专业代码。
2．能熟练运用所学专业开展工作。
3．按《公务员录用体检特殊标准（试行）》进行体检，对《公务员录用体检特殊标准（试行）》未作规定的项目，按《公务员录用体检通用标准（试行）》执行，视力标准可询招录单位。
4．按《公安机关录用人民警察体能测评项目和标准》进行体能测评。
5．按《公安机关录用人民警察政治考察工作办法》开展考察。具有《公安机关录用人民警察政治考察工作办法》第八条、第九条情形的，不得报考；父母、配偶或子女已移居国（境）外的，不得报考；非公派原因，曾六个月以上在国（境）外留学、工作、生活的，不得报考。
6．工资待遇按人民警察标准执行，享受加班补贴和值勤岗位津贴；有固定的探亲假和休假安排。
7．仅限男性报考。
8．请考生及时关注“移民管理警察招考小助手”微信小程序发布的报考信息。","http://bm.scs.gov.cn/kl2026#158115-300130001019","2025-10-14","{""dataset_year"":2026,""job_uid"":""GOV-2026-158115-300130001019"",""publisher"":""国家公务员局"",""publication_page"":""http://bm.scs.gov.cn/kl2026"",""attachment_url"":""local://2026_guokao_zhaokaojianzhang.zip"",""local_source_file"":""中央机关及其直属机构2026年度考试录用公务员招考简章.xls"",""local_source_sha256"":""2670bae1df1dd07a3a3c79b9db46a11e3bb15a6c9c249e6af98bfd0b61ce3aaf"",""source_sheet"":""中央国家行政机关省级以下直属机构"",""filter_version"":""government_tech_v2"",""tech_filter"":{""is_tech"":true,""is_core_tech"":true,""scope"":""core"",""categories"":[""computer_software"",""cybersecurity_cryptography"",""data_ai"",""electronics_communication""],""matched_fields"":[""major"",""description""],""major_terms"":[""信息与通信工程"",""信息安全"",""大数据"",""数据科学与大数据技术"",""电子信息"",""电子信息工程"",""电子科学与技术"",""网络工程"",""计算机"",""计算机科学与技术"",""软件工程"",""通信工程""],""role_terms"":[""信息化"",""大数据"",""数据分析"",""系统开发"",""软件""],""reason"":""tech_major_and_role""},""original"":{""部门代码"":""158115"",""部门名称"":""黑龙江出入境边防检查总站"",""用人司局"":""黑龙江出入境边防检查总站"",""机构性质"":""中央国家行政机关省级以下直属机构"",""招考职位"":""绥芬河出入境边防检查站一级警长及以下（二）"",""职位属性"":""公安机关人民警察职位"",""职位分布"":""西部地区和艰苦边远地区职位"",""职位简介"":""属于公安机关人民警察，主要从事出入境边防检查、口岸限定区域管理及信息化建设、软件系统开发运维、大数据分析等工作。"",""职位代码"":""300130001019"",""机构层级"":""市（地）级"",""考试类别"":""行政执法类"",""招考人数"":""1"",""专业"":""本科：电子信息工程、电子科学与技术、通信工程、计算机科学与技术、软件工程、网络工程、信息安全、电子与计算机工程、数据科学与大数据技术。研究生：计算机科学与技术、电子信息、信息与通信工程、软件工程。"",""学历"":""本科及以上"",""学位"":""与最高学历相对应的学位"",""政治面貌"":""中共党员或共青团员"",""基层工作最低年限"":""无限制"",""服务基层项目工作经历"":""无限制"",""是否在面试阶段组织专业能力测试"":""否"",""面试人员比例"":""3:1"",""工作地点"":""黑龙江省牡丹江市绥芬河市"",""落户地点"":""黑龙江省牡丹江市绥芬河市"",""备注"":""1．限应届高校毕业生报考（高等学历教育各阶段均需取得相应学历和学位），报名时需注明专业代码。\n2．能熟练运用所学专业开展工作。\n3．按《公务员录用体检特殊标准（试行）》进行体检，对《公务员录用体检特殊标准（试行）》未作规定的项目，按《公务员录用体检通用标准（试行）》执行，视力标准可询招录单位。\n4．按《公安机关录用人民警察体能测评项目和标准》进行体能测评。\n5．按《公安机关录用人民警察政治考察工作办法》开展考察。具有《公安机关录用人民警察政治考察工作办法》第八条、第九条情形的，不得报考；父母、配偶或子女已移居国（境）外的，不得报考；非公派原因，曾六个月以上在国（境）外留学、工作、生活的，不得报考。\n6．工资待遇按人民警察标准执行，享受加班补贴和值勤岗位津贴；有固定的探亲假和休假安排。\n7．仅限男性报考。\n8．请考生及时关注“移民管理警察招考小助手”微信小程序发布的报考信息。"",""部门网站"":""https://rczk.nia.gov.cn"",""咨询电话1"":""0451-58786712"",""咨询电话2"":""0451-58786715"",""咨询电话3"":"""",""来源Sheet"":""中央国家行政机关省级以下直属机构""}}"
"government_jobs","国家公务员2026招考简章","公务员/事业单位技术岗位","黑龙江省牡丹江市绥芬河市","2026-07-28T09:12:58.310295+00:00","绥芬河出入境边防检查站一级警长及以下（四）","黑龙江出入境边防检查总站","","黑龙江省牡丹江市绥芬河市","公务员/事业单位;2026;computer_software;仅限本科;学士;0101哲学类、0301法学类、0302政治学类、0305马克思主义理论类、0501中国语言文学类、0503新闻传播学类、0809计算机类。;行政执法类","用人司局：黑龙江出入境边防检查总站
职位简介：属于公安机关人民警察，主要从事出入境边防检查、口岸限定区域管理及文字综合、政治教育、新闻宣传、信息化建设等工作。
专业要求：0101哲学类、0301法学类、0302政治学类、0305马克思主义理论类、0501中国语言文学类、0503新闻传播学类、0809计算机类。
学历要求：仅限本科
学位要求：学士
政治面貌：中共党员或共青团员
基层工作经历：二年
考试类别：行政执法类
备注：1．限服务期满且考核合格的大学生村官、农村义务教育阶段学校教师特设岗位计划、“三支一扶”计划、大学生志愿服务西部计划、在军队服役5年（含）以上的高校毕业生退役士兵报考，报名时需注明专业代码。
2．大学英语四级425分及以上。
3．按《公务员录用体检特殊标准（试行）》进行体检，对《公务员录用体检特殊标准（试行）》未作规定的项目，按《公务员录用体检通用标准（试行）》执行，视力标准可询招录单位。
4．按《公安机关录用人民警察体能测评项目和标准》进行体能测评。
5．按《公安机关录用人民警察政治考察工作办法》开展考察。具有《公安机关录用人民警察政治考察工作办法》第八条、第九条情形的，不得报考；父母、配偶或子女已移居国（境）外的，不得报考；非公派原因，曾六个月以上在国（境）外留学、工作、生活的，不得报考。
6．工资待遇按人民警察标准执行，享受加班补贴和值勤岗位津贴；有固定的探亲假和休假安排。
7．请考生及时关注“移民管理警察招考小助手”微信小程序发布的报考信息。","http://bm.scs.gov.cn/kl2026#158115-300130001021","2025-10-14","{""dataset_year"":2026,""job_uid"":""GOV-2026-158115-300130001021"",""publisher"":""国家公务员局"",""publication_page"":""http://bm.scs.gov.cn/kl2026"",""attachment_url"":""local://2026_guokao_zhaokaojianzhang.zip"",""local_source_file"":""中央机关及其直属机构2026年度考试录用公务员招考简章.xls"",""local_source_sha256"":""2670bae1df1dd07a3a3c79b9db46a11e3bb15a6c9c249e6af98bfd0b61ce3aaf"",""source_sheet"":""中央国家行政机关省级以下直属机构"",""filter_version"":""government_tech_v2"",""tech_filter"":{""is_tech"":true,""is_core_tech"":true,""scope"":""core"",""categories"":[""computer_software""],""matched_fields"":[""major"",""description""],""major_terms"":[""计算机类""],""role_terms"":[""信息化""],""reason"":""tech_major_and_role""},""original"":{""部门代码"":""158115"",""部门名称"":""黑龙江出入境边防检查总站"",""用人司局"":""黑龙江出入境边防检查总站"",""机构性质"":""中央国家行政机关省级以下直属机构"",""招考职位"":""绥芬河出入境边防检查站一级警长及以下（四）"",""职位属性"":""公安机关人民警察职位"",""职位分布"":""西部地区和艰苦边远地区职位"",""职位简介"":""属于公安机关人民警察，主要从事出入境边防检查、口岸限定区域管理及文字综合、政治教育、新闻宣传、信息化建设等工作。"",""职位代码"":""300130001021"",""机构层级"":""市（地）级"",""考试类别"":""行政执法类"",""招考人数"":""1"",""专业"":""0101哲学类、0301法学类、0302政治学类、0305马克思主义理论类、0501中国语言文学类、0503新闻传播学类、0809计算机类。"",""学历"":""仅限本科"",""学位"":""学士"",""政治面貌"":""中共党员或共青团员"",""基层工作最低年限"":""二年"",""服务基层项目工作经历"":""大学生村官、农村义务教育阶段学校教师特设岗位计划、“三支一扶”计划、大学生志愿服务西部计划、在军队服役5年（含）以上的高校毕业生退役士兵"",""是否在面试阶段组织专业能力测试"":""否"",""面试人员比例"":""3:1"",""工作地点"":""黑龙江省牡丹江市绥芬河市"",""落户地点"":""黑龙江省牡丹江市绥芬河市"",""备注"":""1．限服务期满且考核合格的大学生村官、农村义务教育阶段学校教师特设岗位计划、“三支一扶”计划、大学生志愿服务西部计划、在军队服役5年（含）以上的高校毕业生退役士兵报考，报名时需注明专业代码。\n2．大学英语四级425分及以上。\n3．按《公务员录用体检特殊标准（试行）》进行体检，对《公务员录用体检特殊标准（试行）》未作规定的项目，按《公务员录用体检通用标准（试行）》执行，视力标准可询招录单位。\n4．按《公安机关录用人民警察体能测评项目和标准》进行体能测评。\n5．按《公安机关录用人民警察政治考察工作办法》开展考察。具有《公安机关录用人民警察政治考察工作办法》第八条、第九条情形的，不得报考；父母、配偶或子女已移居国（境）外的，不得报考；非公派原因，曾六个月以上在国（境）外留学、工作、生活的，不得报考。\n6．工资待遇按人民警察标准执行，享受加班补贴和值勤岗位津贴；有固定的探亲假和休假安排。\n7．请考生及时关注“移民管理警察招考小助手”微信小程序发布的报考信息。"",""部门网站"":""https://rczk.nia.gov.cn"",""咨询电话1"":""0451-58786712"",""咨询电话2"":""0451-58786715"",""咨询电话3"":"""",""来源Sheet"":""中央国家行政机关省级以下直属机构""}}"
"government_jobs","国家公务员2026招考简章","公务员/事业单位技术岗位","黑龙江省牡丹江市东宁市","2026-07-28T09:12:58.310295+00:00","东宁出入境边防检查站一级警长及以下","黑龙江出入境边防检查总站","","黑龙江省牡丹江市东宁市","公务员/事业单位;2026;computer_software;cybersecurity_cryptography;data_ai;electronics_communication;本科及以上;与最高学历相对应的学位;本科：计算机科学与技术、软件工程、网络工程、信息安全、数据科学与大数据技术、电子信息工程、电子科学与技术、通信工程、人工智能、会计学、财务管理。 研究生：计算机科学与技术、信息与通信工程、电子信息、软件工程、会计学、会计。;行政执法类","用人司局：黑龙江出入境边防检查总站
职位简介：属于公安机关人民警察，主要从事出入境边防检查、口岸限定区域管理及信息化建设、软件系统开发运维、大数据分析、财务等工作。
专业要求：本科：计算机科学与技术、软件工程、网络工程、信息安全、数据科学与大数据技术、电子信息工程、电子科学与技术、通信工程、人工智能、会计学、财务管理。 研究生：计算机科学与技术、信息与通信工程、电子信息、软件工程、会计学、会计。
学历要求：本科及以上
学位要求：与最高学历相对应的学位
政治面貌：中共党员或共青团员
基层工作经历：无限制
考试类别：行政执法类
备注：1．限应届高校毕业生报考（高等学历教育各阶段均需取得相应学历和学位），报名时需注明专业代码。
2．能熟练运用所学专业开展工作。
3．按《公务员录用体检特殊标准（试行）》进行体检，对《公务员录用体检特殊标准（试行）》未作规定的项目，按《公务员录用体检通用标准（试行）》执行，视力标准可询招录单位。
4．按《公安机关录用人民警察体能测评项目和标准》进行体能测评。
5．按《公安机关录用人民警察政治考察工作办法》开展考察。具有《公安机关录用人民警察政治考察工作办法》第八条、第九条情形的，不得报考；父母、配偶或子女已移居国（境）外的，不得报考；非公派原因，曾六个月以上在国（境）外留学、工作、生活的，不得报考。
6．工资待遇按人民警察标准执行，享受加班补贴和值勤岗位津贴；有固定的探亲假和休假安排。
7．请考生及时关注“移民管理警察招考小助手”微信小程序发布的报考信息。","http://bm.scs.gov.cn/kl2026#158115-300130001023","2025-10-14","{""dataset_year"":2026,""job_uid"":""GOV-2026-158115-300130001023"",""publisher"":""国家公务员局"",""publication_page"":""http://bm.scs.gov.cn/kl2026"",""attachment_url"":""local://2026_guokao_zhaokaojianzhang.zip"",""local_source_file"":""中央机关及其直属机构2026年度考试录用公务员招考简章.xls"",""local_source_sha256"":""2670bae1df1dd07a3a3c79b9db46a11e3bb15a6c9c249e6af98bfd0b61ce3aaf"",""source_sheet"":""中央国家行政机关省级以下直属机构"",""filter_version"":""government_tech_v2"",""tech_filter"":{""is_tech"":true,""is_core_tech"":true,""scope"":""core"",""categories"":[""computer_software"",""cybersecurity_cryptography"",""data_ai"",""electronics_communication""],""matched_fields"":[""major"",""description""],""major_terms"":[""人工智能"",""信息与通信工程"",""信息安全"",""大数据"",""数据科学与大数据技术"",""电子信息"",""电子信息工程"",""电子科学与技术"",""网络工程"",""计算机科学与技术"",""软件工程"",""通信工程""],""role_terms"":[""信息化"",""大数据"",""数据分析"",""系统开发"",""软件""],""reason"":""tech_major_and_role""},""original"":{""部门代码"":""158115"",""部门名称"":""黑龙江出入境边防检查总站"",""用人司局"":""黑龙江出入境边防检查总站"",""机构性质"":""中央国家行政机关省级以下直属机构"",""招考职位"":""东宁出入境边防检查站一级警长及以下"",""职位属性"":""公安机关人民警察职位"",""职位分布"":""西部地区和艰苦边远地区职位"",""职位简介"":""属于公安机关人民警察，主要从事出入境边防检查、口岸限定区域管理及信息化建设、软件系统开发运维、大数据分析、财务等工作。"",""职位代码"":""300130001023"",""机构层级"":""市（地）级"",""考试类别"":""行政执法类"",""招考人数"":""1"",""专业"":""本科：计算机科学与技术、软件工程、网络工程、信息安全、数据科学与大数据技术、电子信息工程、电子科学与技术、通信工程、人工智能、会计学、财务管理。 研究生：计算机科学与技术、信息与通信工程、电子信息、软件工程、会计学、会计。"",""学历"":""本科及以上"",""学位"":""与最高学历相对应的学位"",""政治面貌"":""中共党员或共青团员"",""基层工作最低年限"":""无限制"",""服务基层项目工作经历"":""无限制"",""是否在面试阶段组织专业能力测试"":""否"",""面试人员比例"":""3:1"",""工作地点"":""黑龙江省牡丹江市东宁市"",""落户地点"":""黑龙江省牡丹江市东宁市"",""备注"":""1．限应届高校毕业生报考（高等学历教育各阶段均需取得相应学历和学位），报名时需注明专业代码。\n2．能熟练运用所学专业开展工作。\n3．按《公务员录用体检特殊标准（试行）》进行体检，对《公务员录用体检特殊标准（试行）》未作规定的项目，按《公务员录用体检通用标准（试行）》执行，视力标准可询招录单位。\n4．按《公安机关录用人民警察体能测评项目和标准》进行体能测评。\n5．按《公安机关录用人民警察政治考察工作办法》开展考察。具有《公安机关录用人民警察政治考察工作办法》第八条、第九条情形的，不得报考；父母、配偶或子女已移居国（境）外的，不得报考；非公派原因，曾六个月以上在国（境）外留学、工作、生活的，不得报考。\n6．工资待遇按人民警察标准执行，享受加班补贴和值勤岗位津贴；有固定的探亲假和休假安排。\n7．请考生及时关注“移民管理警察招考小助手”微信小程序发布的报考信息。"",""部门网站"":""https://rczk.nia.gov.cn"",""咨询电话1"":""0451-58786712"",""咨询电话2"":""0451-58786715"",""咨询电话3"":"""",""来源Sheet"":""中央国家行政机关省级以下直属机构""}}"
"government_jobs","国家公务员2026招考简章","公务员/事业单位技术岗位","黑龙江省牡丹江市","2026-07-28T09:12:58.310295+00:00","牡丹江出入境边防检查站一级警长及以下（一）","黑龙江出入境边防检查总站","","黑龙江省牡丹江市","公务员/事业单位;2026;computer_software;data_ai;仅限本科;学士;120102信息管理与信息系统、120108T大数据管理与应用。;行政执法类","用人司局：黑龙江出入境边防检查总站
职位简介：属于公安机关人民警察，主要从事出入境边防检查、口岸限定区域管理及大数据分析管理等工作。
专业要求：120102信息管理与信息系统、120108T大数据管理与应用。
学历要求：仅限本科
学位要求：学士
政治面貌：中共党员或共青团员
基层工作经历：无限制
考试类别：行政执法类
备注：1．限应届高校毕业生报考（高等学历教育各阶段均需取得相应学历和学位），报名时需注明专业代码。
2．大学英语四级425分及以上。
3．按《公务员录用体检特殊标准（试行）》进行体检，对《公务员录用体检特殊标准（试行）》未作规定的项目，按《公务员录用体检通用标准（试行）》执行，视力标准可询招录单位。
4．按《公安机关录用人民警察体能测评项目和标准》进行体能测评。
5．按《公安机关录用人民警察政治考察工作办法》开展考察。具有《公安机关录用人民警察政治考察工作办法》第八条、第九条情形的，不得报考；父母、配偶或子女已移居国（境）外的，不得报考；非公派原因，曾六个月以上在国（境）外留学、工作、生活的，不得报考。
6．工资待遇按人民警察标准执行，享受加班补贴和值勤岗位津贴；有固定的探亲假和休假安排。
7．仅限男性报考。
8．请考生及时关注“移民管理警察招考小助手”微信小程序发布的报考信息。","http://bm.scs.gov.cn/kl2026#158115-300130001024","2025-10-14","{""dataset_year"":2026,""job_uid"":""GOV-2026-158115-300130001024"",""publisher"":""国家公务员局"",""publication_page"":""http://bm.scs.gov.cn/kl2026"",""attachment_url"":""local://2026_guokao_zhaokaojianzhang.zip"",""local_source_file"":""中央机关及其直属机构2026年度考试录用公务员招考简章.xls"",""local_source_sha256"":""2670bae1df1dd07a3a3c79b9db46a11e3bb15a6c9c249e6af98bfd0b61ce3aaf"",""source_sheet"":""中央国家行政机关省级以下直属机构"",""filter_version"":""government_tech_v2"",""tech_filter"":{""is_tech"":true,""is_core_tech"":true,""scope"":""core"",""categories"":[""computer_software"",""data_ai""],""matched_fields"":[""major"",""description""],""major_terms"":[""大数据""],""role_terms"":[""大数据"",""数据分析""],""reason"":""tech_major_and_role""},""original"":{""部门代码"":""158115"",""部门名称"":""黑龙江出入境边防检查总站"",""用人司局"":""黑龙江出入境边防检查总站"",""机构性质"":""中央国家行政机关省级以下直属机构"",""招考职位"":""牡丹江出入境边防检查站一级警长及以下（一）"",""职位属性"":""公安机关人民警察职位"",""职位分布"":""西部地区和艰苦边远地区职位"",""职位简介"":""属于公安机关人民警察，主要从事出入境边防检查、口岸限定区域管理及大数据分析管理等工作。"",""职位代码"":""300130001024"",""机构层级"":""市（地）级"",""考试类别"":""行政执法类"",""招考人数"":""1"",""专业"":""120102信息管理与信息系统、120108T大数据管理与应用。"",""学历"":""仅限本科"",""学位"":""学士"",""政治面貌"":""中共党员或共青团员"",""基层工作最低年限"":""无限制"",""服务基层项目工作经历"":""无限制"",""是否在面试阶段组织专业能力测试"":""否"",""面试人员比例"":""3:1"",""工作地点"":""黑龙江省牡丹江市"",""落户地点"":""黑龙江省牡丹江市"",""备注"":""1．限应届高校毕业生报考（高等学历教育各阶段均需取得相应学历和学位），报名时需注明专业代码。\n2．大学英语四级425分及以上。\n3．按《公务员录用体检特殊标准（试行）》进行体检，对《公务员录用体检特殊标准（试行）》未作规定的项目，按《公务员录用体检通用标准（试行）》执行，视力标准可询招录单位。\n4．按《公安机关录用人民警察体能测评项目和标准》进行体能测评。\n5．按《公安机关录用人民警察政治考察工作办法》开展考察。具有《公安机关录用人民警察政治考察工作办法》第八条、第九条情形的，不得报考；父母、配偶或子女已移居国（境）外的，不得报考；非公派原因，曾六个月以上在国（境）外留学、工作、生活的，不得报考。\n6．工资待遇按人民警察标准执行，享受加班补贴和值勤岗位津贴；有固定的探亲假和休假安排。\n7．仅限男性报考。\n8．请考生及时关注“移民管理警察招考小助手”微信小程序发布的报考信息。"",""部门网站"":""https://rczk.nia.gov.cn"",""咨询电话1"":""0451-58786712"",""咨询电话2"":""0451-58786715"",""咨询电话3"":"""",""来源Sheet"":""中央国家行政机关省级以下直属机构""}}"
"government_jobs","国家公务员2026招考简章","公务员/事业单位技术岗位","黑龙江省佳木斯市抚远市","2026-07-28T09:12:58.310295+00:00","抚远出入境边防检查站一级警长及以下","黑龙江出入境边防检查总站","","黑龙江省佳木斯市抚远市","公务员/事业单位;2026;computer_software;data_ai;仅限本科;学士;080901计算机科学与技术、080909T电子与计算机工程、080910T数据科学与大数据技术。;行政执法类","用人司局：黑龙江出入境边防检查总站
职位简介：属于公安机关人民警察，主要从事出入境边防检查、口岸限定区域管理及信息化建设、大数据分析等工作。
专业要求：080901计算机科学与技术、080909T电子与计算机工程、080910T数据科学与大数据技术。
学历要求：仅限本科
学位要求：学士
政治面貌：中共党员或共青团员
基层工作经历：无限制
考试类别：行政执法类
备注：1．限应届高校毕业生报考（高等学历教育各阶段均需取得相应学历和学位），报名时需注明专业代码。
2．大学英语四级425分及以上。
3．按《公务员录用体检特殊标准（试行）》进行体检，对《公务员录用体检特殊标准（试行）》未作规定的项目，按《公务员录用体检通用标准（试行）》执行，视力标准可询招录单位。
4．按《公安机关录用人民警察体能测评项目和标准》进行体能测评。
5．按《公安机关录用人民警察政治考察工作办法》开展考察。具有《公安机关录用人民警察政治考察工作办法》第八条、第九条情形的，不得报考；父母、配偶或子女已移居国（境）外的，不得报考；非公派原因，曾六个月以上在国（境）外留学、工作、生活的，不得报考。
6．工资待遇按人民警察标准执行，享受加班补贴和值勤岗位津贴；有固定的探亲假和休假安排。
7．仅限男性报考。
8．请考生及时关注“移民管理警察招考小助手”微信小程序发布的报考信息。","http://bm.scs.gov.cn/kl2026#158115-300130001026","2025-10-14","{""dataset_year"":2026,""job_uid"":""GOV-2026-158115-300130001026"",""publisher"":""国家公务员局"",""publication_page"":""http://bm.scs.gov.cn/kl2026"",""attachment_url"":""local://2026_guokao_zhaokaojianzhang.zip"",""local_source_file"":""中央机关及其直属机构2026年度考试录用公务员招考简章.xls"",""local_source_sha256"":""2670bae1df1dd07a3a3c79b9db46a11e3bb15a6c9c249e6af98bfd0b61ce3aaf"",""source_sheet"":""中央国家行政机关省级以下直属机构"",""filter_version"":""government_tech_v2"",""tech_filter"":{""is_tech"":true,""is_core_tech"":true,""scope"":""core"",""categories"":[""computer_software"",""data_ai""],""matched_fields"":[""major"",""description""],""major_terms"":[""大数据"",""数据科学与大数据技术"",""计算机"",""计算机科学与技术""],""role_terms"":[""信息化"",""大数据"",""数据分析""],""reason"":""tech_major_and_role""},""original"":{""部门代码"":""158115"",""部门名称"":""黑龙江出入境边防检查总站"",""用人司局"":""黑龙江出入境边防检查总站"",""机构性质"":""中央国家行政机关省级以下直属机构"",""招考职位"":""抚远出入境边防检查站一级警长及以下"",""职位属性"":""公安机关人民警察职位"",""职位分布"":""西部地区和艰苦边远地区职位"",""职位简介"":""属于公安机关人民警察，主要从事出入境边防检查、口岸限定区域管理及信息化建设、大数据分析等工作。"",""职位代码"":""300130001026"",""机构层级"":""市（地）级"",""考试类别"":""行政执法类"",""招考人数"":""1"",""专业"":""080901计算机科学与技术、080909T电子与计算机工程、080910T数据科学与大数据技术。"",""学历"":""仅限本科"",""学位"":""学士"",""政治面貌"":""中共党员或共青团员"",""基层工作最低年限"":""无限制"",""服务基层项目工作经历"":""无限制"",""是否在面试阶段组织专业能力测试"":""否"",""面试人员比例"":""3:1"",""工作地点"":""黑龙江省佳木斯市抚远市"",""落户地点"":""黑龙江省佳木斯市抚远市"",""备注"":""1．限应届高校毕业生报考（高等学历教育各阶段均需取得相应学历和学位），报名时需注明专业代码。\n2．大学英语四级425分及以上。\n3．按《公务员录用体检特殊标准（试行）》进行体检，对《公务员录用体检特殊标准（试行）》未作规定的项目，按《公务员录用体检通用标准（试行）》执行，视力标准可询招录单位。\n4．按《公安机关录用人民警察体能测评项目和标准》进行体能测评。\n5．按《公安机关录用人民警察政治考察工作办法》开展考察。具有《公安机关录用人民警察政治考察工作办法》第八条、第九条情形的，不得报考；父母、配偶或子女已移居国（境）外的，不得报考；非公派原因，曾六个月以上在国（境）外留学、工作、生活的，不得报考。\n6．工资待遇按人民警察标准执行，享受加班补贴和值勤岗位津贴；有固定的探亲假和休假安排。\n7．仅限男性报考。\n8．请考生及时关注“移民管理警察招考小助手”微信小程序发布的报考信息。"",""部门网站"":""https://rczk.nia.gov.cn"",""咨询电话1"":""0451-58786712"",""咨询电话2"":""0451-58786715"",""咨询电话3"":"""",""来源Sheet"":""中央国家行政机关省级以下直属机构""}}"
"government_jobs","国家公务员2026招考简章","公务员/事业单位技术岗位","江苏省无锡市江阴市","2026-07-28T09:12:58.310295+00:00","江阴边检站一级警长及以下","江苏出入境边防检查总站","","江苏省无锡市江阴市","公务员/事业单位;2026;computer_software;cybersecurity_cryptography;data_ai;本科及以上;与最高学历相对应的学位;本科：080717T人工智能，080901计算机科学与技术，080903网络工程，080904K信息安全；研究生：0810J1、J2人工智能，0812Z1、Z2、Z3人工智能，081200计算机科学与技术，085412网络与信息安全。;行政执法类","用人司局：江苏出入境边防检查总站
职位简介：属公安机关人民警察，从事出入境边防检查和警务通信、数据分析、系统运维等工作。
专业要求：本科：080717T人工智能，080901计算机科学与技术，080903网络工程，080904K信息安全；研究生：0810J1、J2人工智能，0812Z1、Z2、Z3人工智能，081200计算机科学与技术，085412网络与信息安全。
学历要求：本科及以上
学位要求：与最高学历相对应的学位
政治面貌：中共党员或共青团员
基层工作经历：无限制
考试类别：行政执法类
备注：1．限应届高校毕业生报考（高等学历教育各阶段均需取得相应学历和学位）。报名时需注明专业代码。
2．按《公务员录用体检特殊标准（试行）》进行体检，对《公务员录用体检特殊标准（试行）》未作规定的项目，按《公务员录用体检通用标准（试行）》执行，视力标准可询招录单位。
3．按《公安机关录用人民警察体能测评项目和标准》进行体能测评。
4．按《公安机关录用人民警察政治考察工作办法》开展考察。具有《公安机关录用人民警察政治考察工作办法》第八条、第九条情形的，不得报考；父母、配偶或子女已移居国（境）外的，不得报考；非公派原因，曾六个月以上在国（境）外留学、工作、生活的，不得报考。
5．提供集体宿舍；有固定的探亲假和休假安排；工资待遇按人民警察标准执行，享受加班补贴和值勤岗位津贴。
6．在本单位最低服务年限五年（含试用期）。
7．请考生及时关注“移民管理警察招考小助手”微信小程序发布的报考信息。","http://bm.scs.gov.cn/kl2026#158116-300130116002","2025-10-14","{""dataset_year"":2026,""job_uid"":""GOV-2026-158116-300130116002"",""publisher"":""国家公务员局"",""publication_page"":""http://bm.scs.gov.cn/kl2026"",""attachment_url"":""local://2026_guokao_zhaokaojianzhang.zip"",""local_source_file"":""中央机关及其直属机构2026年度考试录用公务员招考简章.xls"",""local_source_sha256"":""2670bae1df1dd07a3a3c79b9db46a11e3bb15a6c9c249e6af98bfd0b61ce3aaf"",""source_sheet"":""中央国家行政机关省级以下直属机构"",""filter_version"":""government_tech_v2"",""tech_filter"":{""is_tech"":true,""is_core_tech"":true,""scope"":""core"",""categories"":[""computer_software"",""cybersecurity_cryptography"",""data_ai""],""matched_fields"":[""major"",""description""],""major_terms"":[""人工智能"",""信息安全"",""网络工程"",""计算机科学与技术""],""role_terms"":[""数据分析"",""系统运维""],""reason"":""tech_major_and_role""},""original"":{""部门代码"":""158116"",""部门名称"":""江苏出入境边防检查总站"",""用人司局"":""江苏出入境边防检查总站"",""机构性质"":""中央国家行政机关省级以下直属机构"",""招考职位"":""江阴边检站一级警长及以下"",""职位属性"":""公安机关人民警察职位"",""职位分布"":""其他职位"",""职位简介"":""属公安机关人民警察，从事出入境边防检查和警务通信、数据分析、系统运维等工作。"",""职位代码"":""300130116002"",""机构层级"":""市（地）级"",""考试类别"":""行政执法类"",""招考人数"":""1"",""专业"":""本科：080717T人工智能，080901计算机科学与技术，080903网络工程，080904K信息安全；研究生：0810J1、J2人工智能，0812Z1、Z2、Z3人工智能，081200计算机科学与技术，085412网络与信息安全。"",""学历"":""本科及以上"",""学位"":""与最高学历相对应的学位"",""政治面貌"":""中共党员或共青团员"",""基层工作最低年限"":""无限制"",""服务基层项目工作经历"":""无限制"",""是否在面试阶段组织专业能力测试"":""否"",""面试人员比例"":""3:1"",""工作地点"":""江苏省无锡市江阴市"",""落户地点"":""江苏省无锡市江阴市"",""备注"":""1．限应届高校毕业生报考（高等学历教育各阶段均需取得相应学历和学位）。报名时需注明专业代码。\n2．按《公务员录用体检特殊标准（试行）》进行体检，对《公务员录用体检特殊标准（试行）》未作规定的项目，按《公务员录用体检通用标准（试行）》执行，视力标准可询招录单位。\n3．按《公安机关录用人民警察体能测评项目和标准》进行体能测评。\n4．按《公安机关录用人民警察政治考察工作办法》开展考察。具有《公安机关录用人民警察政治考察工作办法》第八条、第九条情形的，不得报考；父母、配偶或子女已移居国（境）外的，不得报考；非公派原因，曾六个月以上在国（境）外留学、工作、生活的，不得报考。\n5．提供集体宿舍；有固定的探亲假和休假安排；工资待遇按人民警察标准执行，享受加班补贴和值勤岗位津贴。\n6．在本单位最低服务年限五年（含试用期）。\n7．请考生及时关注“移民管理警察招考小助手”微信小程序发布的报考信息。"",""部门网站"":""https://rczk.nia.gov.cn"",""咨询电话1"":""025-86361257"",""咨询电话2"":""025-86361619"",""咨询电话3"":"""",""来源Sheet"":""中央国家行政机关省级以下直属机构""}}"
"government_jobs","国家公务员2026招考简章","公务员/事业单位技术岗位","河南省郑州市","2026-07-28T09:12:58.310295+00:00","郑州边检站一级警长及以下","河南出入境边防检查总站","","河南省郑州市","公务员/事业单位;2026;computer_software;electronics_communication;硕士研究生及以上;与最高学历相对应的学位;信息与通信工程（0810）、计算机科学与技术（0812）、软件工程（0835）、电子信息（0854）;行政执法类","用人司局：河南出入境边防检查总站
职位简介：属于公安机关人民警察，主要从事出入境边防检查、与出入境有关的系统开发运维、通信网络保障等工作。
专业要求：信息与通信工程（0810）、计算机科学与技术（0812）、软件工程（0835）、电子信息（0854）
学历要求：硕士研究生及以上
学位要求：与最高学历相对应的学位
政治面貌：中共党员或共青团员
基层工作经历：无限制
考试类别：行政执法类
备注：1．限应届高校毕业生报考（高等学历教育各阶段均需取得相应学历和学位），报名时需注明专业代码。2．按《公务员录用体检特殊标准（试行）》进行体检，对《公务员录用体检特殊标准（试行）》未作规定的项目，按《公务员录用体检通用标准（试行）》执行，视力标准可询招录单位。3．按《公安机关录用人民警察体能测评项目和标准》进行体能测评。4．按《公安机关录用人民警察政治考察工作办法》开展考察。具有《公安机关录用人民警察政治考察工作办法》第八条、第九条情形的，不得报考；父母、配偶或子女已移居国（境）外的，不得报考；非公派原因，曾六个月以上在国（境）外留学、工作、生活的，不得报考。5．仅限男性报考。6．提供集体宿舍，有固定的探亲假和休假安排，工资待遇按人民警察标准执行，享受加班补贴和值勤岗位津贴，可为符合条件人员办理集体户口。7．在本单位最低服务年限五年（含试用期）。8．请考生及时关注“移民管理警察招考小助手”微信小程序发布的报考信息。","http://bm.scs.gov.cn/kl2026#158121-300130121001","2025-10-14","{""dataset_year"":2026,""job_uid"":""GOV-2026-158121-300130121001"",""publisher"":""国家公务员局"",""publication_page"":""http://bm.scs.gov.cn/kl2026"",""attachment_url"":""local://2026_guokao_zhaokaojianzhang.zip"",""local_source_file"":""中央机关及其直属机构2026年度考试录用公务员招考简章.xls"",""local_source_sha256"":""2670bae1df1dd07a3a3c79b9db46a11e3bb15a6c9c249e6af98bfd0b61ce3aaf"",""source_sheet"":""中央国家行政机关省级以下直属机构"",""filter_version"":""government_tech_v2"",""tech_filter"":{""is_tech"":true,""is_core_tech"":true,""scope"":""core"",""categories"":[""computer_software"",""electronics_communication""],""matched_fields"":[""major"",""description""],""major_terms"":[""信息与通信工程"",""电子信息"",""计算机科学与技术"",""软件工程"",""通信工程""],""role_terms"":[""系统开发"",""通信网络""],""reason"":""tech_major_and_role""},""original"":{""部门代码"":""158121"",""部门名称"":""河南出入境边防检查总站"",""用人司局"":""河南出入境边防检查总站"",""机构性质"":""中央国家行政机关省级以下直属机构"",""招考职位"":""郑州边检站一级警长及以下"",""职位属性"":""公安机关人民警察职位"",""职位分布"":""其他职位"",""职位简介"":""属于公安机关人民警察，主要从事出入境边防检查、与出入境有关的系统开发运维、通信网络保障等工作。"",""职位代码"":""300130121001"",""机构层级"":""市（地）级"",""考试类别"":""行政执法类"",""招考人数"":""1"",""专业"":""信息与通信工程（0810）、计算机科学与技术（0812）、软件工程（0835）、电子信息（0854）"",""学历"":""硕士研究生及以上"",""学位"":""与最高学历相对应的学位"",""政治面貌"":""中共党员或共青团员"",""基层工作最低年限"":""无限制"",""服务基层项目工作经历"":""无限制"",""是否在面试阶段组织专业能力测试"":""否"",""面试人员比例"":""3:1"",""工作地点"":""河南省郑州市"",""落户地点"":""河南省郑州市"",""备注"":""1．限应届高校毕业生报考（高等学历教育各阶段均需取得相应学历和学位），报名时需注明专业代码。2．按《公务员录用体检特殊标准（试行）》进行体检，对《公务员录用体检特殊标准（试行）》未作规定的项目，按《公务员录用体检通用标准（试行）》执行，视力标准可询招录单位。3．按《公安机关录用人民警察体能测评项目和标准》进行体能测评。4．按《公安机关录用人民警察政治考察工作办法》开展考察。具有《公安机关录用人民警察政治考察工作办法》第八条、第九条情形的，不得报考；父母、配偶或子女已移居国（境）外的，不得报考；非公派原因，曾六个月以上在国（境）外留学、工作、生活的，不得报考。5．仅限男性报考。6．提供集体宿舍，有固定的探亲假和休假安排，工资待遇按人民警察标准执行，享受加班补贴和值勤岗位津贴，可为符合条件人员办理集体户口。7．在本单位最低服务年限五年（含试用期）。8．请考生及时关注“移民管理警察招考小助手”微信小程序发布的报考信息。"",""部门网站"":""https://rczk.nia.gov.cn"",""咨询电话1"":""0371-65996854"",""咨询电话2"":"""",""咨询电话3"":"""",""来源Sheet"":""中央国家行政机关省级以下直属机构""}}"
"government_jobs","国家公务员2026招考简章","公务员/事业单位技术岗位","湖北省","2026-07-28T09:12:58.310295+00:00","恩施边检站一级警长及以下（五）","湖北出入境边防检查总站","","湖北省","公务员/事业单位;2026;automation_robotics;computer_software;cybersecurity_cryptography;electronics_communication;硕士研究生及以上;与最高学历相对应的学位;电子信息 （085400）、 计算机技术、控制工程 、人工智能、大数据技术与工程、网络与信息安全;行政执法类","用人司局：湖北出入境边防检查总站
职位简介：属于公安机关人民警察，从事出入境边防检查，负责警务技术研发、使用，以及单位内部网络、系统以及指挥中心技术装备软、硬件维护等工作。
专业要求：电子信息 （085400）、 计算机技术、控制工程 、人工智能、大数据技术与工程、网络与信息安全
学历要求：硕士研究生及以上
学位要求：与最高学历相对应的学位
政治面貌：中共党员或共青团员
基层工作经历：无限制
考试类别：行政执法类
备注：1．限2026届高校毕业生报考（高等学历教育各阶段均需取得相应学历和学位，报名时需注明专业代码）。
2．大学英语等级考试六级425分以上。
3．能熟练运用所学专业开展工作，具有一定的研究和开发能力。
4．按《公务员录用体检特殊标准（试行）》进行体检，对《公务员录用体检特殊标准（试行）》未作规定的项目，按《公务员录用体检通用标准（试行）》执行，视力标准可询招录单位。
5．按《公安机关录用人民警察体能测评项目和标准》进行体能测评。
6．按《公安机关录用人民警察政治考察工作办法》开展考察。具有《公安机关录用人民警察政治考察工作办法》第八条、第九条情形的，不得报考；父母、配偶或子女已移居国（境）外的，曾连续六个月以上在国（境）外留学、工作、生活的，不得报考。
7．提供集体宿舍。
8．可为符合条件人员办理集体户口。
9．工资待遇按人民警察标准执行，享受加班补贴和值勤岗位津贴。
10．有固定的探亲假和休假安排。
11．在本单位最低服务年限五年（含试用期）。
12．请及时关注“移民管理警察招考小助手”微信小程序、“湖北边检”微信公众号发布的报考信息。","http://bm.scs.gov.cn/kl2026#158122-300130001005","2025-10-14","{""dataset_year"":2026,""job_uid"":""GOV-2026-158122-300130001005"",""publisher"":""国家公务员局"",""publication_page"":""http://bm.scs.gov.cn/kl2026"",""attachment_url"":""local://2026_guokao_zhaokaojianzhang.zip"",""local_source_file"":""中央机关及其直属机构2026年度考试录用公务员招考简章.xls"",""local_source_sha256"":""2670bae1df1dd07a3a3c79b9db46a11e3bb15a6c9c249e6af98bfd0b61ce3aaf"",""source_sheet"":""中央国家行政机关省级以下直属机构"",""filter_version"":""government_tech_v2"",""tech_filter"":{""is_tech"":true,""is_core_tech"":true,""scope"":""core"",""categories"":[""automation_robotics"",""computer_software"",""cybersecurity_cryptography"",""electronics_communication""],""matched_fields"":[""major"",""description""],""major_terms"":[""人工智能"",""信息安全"",""大数据"",""控制工程"",""电子信息"",""计算机技术""],""role_terms"":[""技术研发"",""软、硬件""],""reason"":""tech_major_and_role""},""original"":{""部门代码"":""158122"",""部门名称"":""湖北出入境边防检查总站"",""用人司局"":""湖北出入境边防检查总站"",""机构性质"":""中央国家行政机关省级以下直属机构"",""招考职位"":""恩施边检站一级警长及以下（五）"",""职位属性"":""公安机关人民警察职位"",""职位分布"":""其他职位"",""职位简介"":""属于公安机关人民警察，从事出入境边防检查，负责警务技术研发、使用，以及单位内部网络、系统以及指挥中心技术装备软、硬件维护等工作。"",""职位代码"":""300130001005"",""机构层级"":""市（地）级"",""考试类别"":""行政执法类"",""招考人数"":""1"",""专业"":""电子信息 （085400）、 计算机技术、控制工程 、人工智能、大数据技术与工程、网络与信息安全"",""学历"":""硕士研究生及以上"",""学位"":""与最高学历相对应的学位"",""政治面貌"":""中共党员或共青团员"",""基层工作最低年限"":""无限制"",""服务基层项目工作经历"":""无限制"",""是否在面试阶段组织专业能力测试"":""否"",""面试人员比例"":""3:1"",""工作地点"":""湖北省"",""落户地点"":""湖北省"",""备注"":""1．限2026届高校毕业生报考（高等学历教育各阶段均需取得相应学历和学位，报名时需注明专业代码）。\n2．大学英语等级考试六级425分以上。\n3．能熟练运用所学专业开展工作，具有一定的研究和开发能力。\n4．按《公务员录用体检特殊标准（试行）》进行体检，对《公务员录用体检特殊标准（试行）》未作规定的项目，按《公务员录用体检通用标准（试行）》执行，视力标准可询招录单位。\n5．按《公安机关录用人民警察体能测评项目和标准》进行体能测评。\n6．按《公安机关录用人民警察政治考察工作办法》开展考察。具有《公安机关录用人民警察政治考察工作办法》第八条、第九条情形的，不得报考；父母、配偶或子女已移居国（境）外的，曾连续六个月以上在国（境）外留学、工作、生活的，不得报考。\n7．提供集体宿舍。\n8．可为符合条件人员办理集体户口。\n9．工资待遇按人民警察标准执行，享受加班补贴和值勤岗位津贴。\n10．有固定的探亲假和休假安排。\n11．在本单位最低服务年限五年（含试用期）。\n12．请及时关注“移民管理警察招考小助手”微信小程序、“湖北边检”微信公众号发布的报考信息。"",""部门网站"":""https://rczk.nia.gov.cn"",""咨询电话1"":""027-65772080"",""咨询电话2"":"""",""咨询电话3"":"""",""来源Sheet"":""中央国家行政机关省级以下直属机构""}}"
"government_jobs","国家公务员2026招考简章","公务员/事业单位技术岗位","广西壮族自治区南宁市","2026-07-28T09:12:58.310295+00:00","技术保障队警务技术一级主管及以下","广西出入境边防检查总站","","广西壮族自治区南宁市","公务员/事业单位;2026;automation_robotics;computer_software;cybersecurity_cryptography;data_ai;electronics_communication;硕士研究生及以上;与最高学历相对应的学位;0701数学、0775计算机科学与技术、0810信息与通信工程、0811控制科学与工程、0812计算机科学与技术、0835软件工程、0839网络空间安全、0854电子信息;中央机关及其省级直属机构综合管理类","用人司局：广西出入境边防检查总站
职位简介：属于公安机关人民警察，主要从事智慧口岸建设、数据分析研判、网络信息安全防护和各类系统、设备运维等工作。能承受高强度、高压力工作，适应经常性加班，法定休息日及节假日需偶尔值班。
专业要求：0701数学、0775计算机科学与技术、0810信息与通信工程、0811控制科学与工程、0812计算机科学与技术、0835软件工程、0839网络空间安全、0854电子信息
学历要求：硕士研究生及以上
学位要求：与最高学历相对应的学位
政治面貌：中共党员或共青团员
基层工作经历：二年
考试类别：中央机关及其省级直属机构综合管理类
备注：1．具有2年及以上软件项目研发、运维或网络和信息安全工作经历（需在备注栏注明相关工作经历和工作成果情况）。
2．取得中级及以上计算机技术与软件专业技术或通信专业技术人员职业资格，大学英语等级考试六级425分以上。
3．按《公务员录用体检特殊标准（试行）》进行体检，对《公务员录用体检特殊标准（试行）》未作规定的项目，按《公务员录用体检通用标准（试行）》执行，视力标准可询招录单位。
4．按《公安机关录用人民警察体能测评项目和标准》进行体能测评，该职位免予测查1000米跑项目。
5．按《公安机关录用人民警察政治考察工作办法》开展考察。具有《公安机关录用人民警察政治考察工作办法》第八条、第九条情形的，不得报考；父母、配偶或子女已移居国（境）外的，不得报考；非公派原因，曾六个月以上在国（境）外留学、工作、生活的，不得报考。
6．工资待遇按人民警察标准执行，享受人民警察加班补贴和值勤岗位津贴。有固定的探亲假和休假安排。提供集体宿舍。
7．仅限男性报考。
8．请考生及时关注“移民管理警察招考小助手”微信小程序发布的报考信息。","http://bm.scs.gov.cn/kl2026#158124-300130001002","2025-10-14","{""dataset_year"":2026,""job_uid"":""GOV-2026-158124-300130001002"",""publisher"":""国家公务员局"",""publication_page"":""http://bm.scs.gov.cn/kl2026"",""attachment_url"":""local://2026_guokao_zhaokaojianzhang.zip"",""local_source_file"":""中央机关及其直属机构2026年度考试录用公务员招考简章.xls"",""local_source_sha256"":""2670bae1df1dd07a3a3c79b9db46a11e3bb15a6c9c249e6af98bfd0b61ce3aaf"",""source_sheet"":""中央国家行政机关省级以下直属机构"",""filter_version"":""government_tech_v2"",""tech_filter"":{""is_tech"":true,""is_core_tech"":true,""scope"":""core"",""categories"":[""automation_robotics"",""computer_software"",""cybersecurity_cryptography"",""data_ai"",""electronics_communication""],""matched_fields"":[""major"",""description"",""remarks""],""major_terms"":[""信息与通信工程"",""控制科学与工程"",""电子信息"",""网络空间安全"",""计算机科学与技术"",""软件工程"",""通信工程""],""role_terms"":[""信息安全"",""数据分析"",""智慧"",""计算机"",""设备运维"",""软件""],""reason"":""tech_major_and_role""},""original"":{""部门代码"":""158124"",""部门名称"":""广西出入境边防检查总站"",""用人司局"":""广西出入境边防检查总站"",""机构性质"":""中央国家行政机关省级以下直属机构"",""招考职位"":""技术保障队警务技术一级主管及以下"",""职位属性"":""公安机关人民警察职位"",""职位分布"":""其他职位"",""职位简介"":""属于公安机关人民警察，主要从事智慧口岸建设、数据分析研判、网络信息安全防护和各类系统、设备运维等工作。能承受高强度、高压力工作，适应经常性加班，法定休息日及节假日需偶尔值班。"",""职位代码"":""300130001002"",""机构层级"":""省（副省）级"",""考试类别"":""中央机关及其省级直属机构综合管理类"",""招考人数"":""2"",""专业"":""0701数学、0775计算机科学与技术、0810信息与通信工程、0811控制科学与工程、0812计算机科学与技术、0835软件工程、0839网络空间安全、0854电子信息"",""学历"":""硕士研究生及以上"",""学位"":""与最高学历相对应的学位"",""政治面貌"":""中共党员或共青团员"",""基层工作最低年限"":""二年"",""服务基层项目工作经历"":""无限制"",""是否在面试阶段组织专业能力测试"":""否"",""面试人员比例"":""5:1"",""工作地点"":""广西壮族自治区南宁市"",""落户地点"":""广西壮族自治区南宁市"",""备注"":""1．具有2年及以上软件项目研发、运维或网络和信息安全工作经历（需在备注栏注明相关工作经历和工作成果情况）。\n2．取得中级及以上计算机技术与软件专业技术或通信专业技术人员职业资格，大学英语等级考试六级425分以上。\n3．按《公务员录用体检特殊标准（试行）》进行体检，对《公务员录用体检特殊标准（试行）》未作规定的项目，按《公务员录用体检通用标准（试行）》执行，视力标准可询招录单位。\n4．按《公安机关录用人民警察体能测评项目和标准》进行体能测评，该职位免予测查1000米跑项目。\n5．按《公安机关录用人民警察政治考察工作办法》开展考察。具有《公安机关录用人民警察政治考察工作办法》第八条、第九条情形的，不得报考；父母、配偶或子女已移居国（境）外的，不得报考；非公派原因，曾六个月以上在国（境）外留学、工作、生活的，不得报考。\n6．工资待遇按人民警察标准执行，享受人民警察加班补贴和值勤岗位津贴。有固定的探亲假和休假安排。提供集体宿舍。\n7．仅限男性报考。\n8．请考生及时关注“移民管理警察招考小助手”微信小程序发布的报考信息。"",""部门网站"":""https://rczk.nia.gov.cn"",""咨询电话1"":""0771-5728224"",""咨询电话2"":"""",""咨询电话3"":"""",""来源Sheet"":""中央国家行政机关省级以下直属机构""}}"
"government_jobs","国家公务员2026招考简章","公务员/事业单位技术岗位","广西壮族自治区南宁市","2026-07-28T09:12:58.310295+00:00","南宁出入境边防检查站一级警长及以下（一）","广西出入境边防检查总站","","广西壮族自治区南宁市","公务员/事业单位;2026;automation_robotics;computer_software;cybersecurity_cryptography;data_ai;electronics_communication;硕士研究生及以上;与最高学历相对应的学位;0701数学、0775计算机科学与技术、0810信息与通信工程、0811控制科学与工程、0812计算机科学与技术、0835软件工程、0839网络空间安全、0854电子信息;行政执法类","用人司局：广西出入境边防检查总站
职位简介：属于公安机关人民警察，主要从事智慧口岸建设、数据分析研判、网络信息安全防护、各类系统及设备运维和出入境边防检查等工作。实行轮流倒班工作制度，法定休息日及节假日不能保证正常休息休假。
专业要求：0701数学、0775计算机科学与技术、0810信息与通信工程、0811控制科学与工程、0812计算机科学与技术、0835软件工程、0839网络空间安全、0854电子信息
学历要求：硕士研究生及以上
学位要求：与最高学历相对应的学位
政治面貌：中共党员或共青团员
基层工作经历：无限制
考试类别：行政执法类
备注：1．限应届高校毕业生报考（高等学历教育各阶段均需取得相应学历和学位）。
2．大学英语等级考试六级425分以上。
3．按《公务员录用体检特殊标准（试行）》进行体检，对《公务员录用体检特殊标准（试行）》未作规定的项目，按《公务员录用体检通用标准（试行）》执行，视力标准可询招录单位。
4．按《公安机关录用人民警察体能测评项目和标准》进行体能测评。
5．按《公安机关录用人民警察政治考察工作办法》开展考察。具有《公安机关录用人民警察政治考察工作办法》第八条、第九条情形的，不得报考；父母、配偶或子女已移居国（境）外的，不得报考；非公派原因，曾六个月以上在国（境）外留学、工作、生活的，不得报考。
6．工资待遇按人民警察标准执行，享受人民警察加班补贴和值勤岗位津贴。有固定的探亲假和休假安排。提供集体宿舍。
7．仅限男性报考。
8．请考生及时关注“移民管理警察招考小助手”微信小程序发布的报考信息。","http://bm.scs.gov.cn/kl2026#158124-300130001003","2025-10-14","{""dataset_year"":2026,""job_uid"":""GOV-2026-158124-300130001003"",""publisher"":""国家公务员局"",""publication_page"":""http://bm.scs.gov.cn/kl2026"",""attachment_url"":""local://2026_guokao_zhaokaojianzhang.zip"",""local_source_file"":""中央机关及其直属机构2026年度考试录用公务员招考简章.xls"",""local_source_sha256"":""2670bae1df1dd07a3a3c79b9db46a11e3bb15a6c9c249e6af98bfd0b61ce3aaf"",""source_sheet"":""中央国家行政机关省级以下直属机构"",""filter_version"":""government_tech_v2"",""tech_filter"":{""is_tech"":true,""is_core_tech"":true,""scope"":""core"",""categories"":[""automation_robotics"",""computer_software"",""cybersecurity_cryptography"",""data_ai"",""electronics_communication""],""matched_fields"":[""major"",""description""],""major_terms"":[""信息与通信工程"",""控制科学与工程"",""电子信息"",""网络空间安全"",""计算机科学与技术"",""软件工程"",""通信工程""],""role_terms"":[""信息安全"",""数据分析"",""智慧"",""设备运维""],""reason"":""tech_major_and_role""},""original"":{""部门代码"":""158124"",""部门名称"":""广西出入境边防检查总站"",""用人司局"":""广西出入境边防检查总站"",""机构性质"":""中央国家行政机关省级以下直属机构"",""招考职位"":""南宁出入境边防检查站一级警长及以下（一）"",""职位属性"":""公安机关人民警察职位"",""职位分布"":""西部地区和艰苦边远地区职位"",""职位简介"":""属于公安机关人民警察，主要从事智慧口岸建设、数据分析研判、网络信息安全防护、各类系统及设备运维和出入境边防检查等工作。实行轮流倒班工作制度，法定休息日及节假日不能保证正常休息休假。"",""职位代码"":""300130001003"",""机构层级"":""市（地）级"",""考试类别"":""行政执法类"",""招考人数"":""2"",""专业"":""0701数学、0775计算机科学与技术、0810信息与通信工程、0811控制科学与工程、0812计算机科学与技术、0835软件工程、0839网络空间安全、0854电子信息"",""学历"":""硕士研究生及以上"",""学位"":""与最高学历相对应的学位"",""政治面貌"":""中共党员或共青团员"",""基层工作最低年限"":""无限制"",""服务基层项目工作经历"":""无限制"",""是否在面试阶段组织专业能力测试"":""否"",""面试人员比例"":""3:1"",""工作地点"":""广西壮族自治区南宁市"",""落户地点"":""广西壮族自治区南宁市"",""备注"":""1．限应届高校毕业生报考（高等学历教育各阶段均需取得相应学历和学位）。\n2．大学英语等级考试六级425分以上。\n3．按《公务员录用体检特殊标准（试行）》进行体检，对《公务员录用体检特殊标准（试行）》未作规定的项目，按《公务员录用体检通用标准（试行）》执行，视力标准可询招录单位。\n4．按《公安机关录用人民警察体能测评项目和标准》进行体能测评。\n5．按《公安机关录用人民警察政治考察工作办法》开展考察。具有《公安机关录用人民警察政治考察工作办法》第八条、第九条情形的，不得报考；父母、配偶或子女已移居国（境）外的，不得报考；非公派原因，曾六个月以上在国（境）外留学、工作、生活的，不得报考。\n6．工资待遇按人民警察标准执行，享受人民警察加班补贴和值勤岗位津贴。有固定的探亲假和休假安排。提供集体宿舍。\n7．仅限男性报考。\n8．请考生及时关注“移民管理警察招考小助手”微信小程序发布的报考信息。"",""部门网站"":""https://rczk.nia.gov.cn"",""咨询电话1"":""0771-5728224"",""咨询电话2"":"""",""咨询电话3"":"""",""来源Sheet"":""中央国家行政机关省级以下直属机构""}}"
"government_jobs","国家公务员2026招考简章","公务员/事业单位技术岗位","广西壮族自治区桂林市","2026-07-28T09:12:58.310295+00:00","桂林出入境边防检查站一级警长及以下（一）","广西出入境边防检查总站","","广西壮族自治区桂林市","公务员/事业单位;2026;automation_robotics;computer_software;cybersecurity_cryptography;data_ai;electronics_communication;硕士研究生及以上;与最高学历相对应的学位;0701数学、0775计算机科学与技术、0810信息与通信工程、0811控制科学与工程、0812计算机科学与技术、0835软件工程、0839网络空间安全、0854电子信息;行政执法类","用人司局：广西出入境边防检查总站
职位简介：属于公安机关人民警察，主要从事智慧口岸建设、数据分析研判、网络信息安全防护、各类系统及设备运维和出入境边防检查等工作。实行轮流倒班工作制度，法定休息日及节假日不能保证正常休息休假。
专业要求：0701数学、0775计算机科学与技术、0810信息与通信工程、0811控制科学与工程、0812计算机科学与技术、0835软件工程、0839网络空间安全、0854电子信息
学历要求：硕士研究生及以上
学位要求：与最高学历相对应的学位
政治面貌：中共党员或共青团员
基层工作经历：无限制
考试类别：行政执法类
备注：1．限应届高校毕业生报考（高等学历教育各阶段均需取得相应学历和学位）。
2．大学英语等级考试六级425分以上。
3．按《公务员录用体检特殊标准（试行）》进行体检，对《公务员录用体检特殊标准（试行）》未作规定的项目，按《公务员录用体检通用标准（试行）》执行，视力标准可询招录单位。
4．按《公安机关录用人民警察体能测评项目和标准》进行体能测评。
5．按《公安机关录用人民警察政治考察工作办法》开展考察。具有《公安机关录用人民警察政治考察工作办法》第八条、第九条情形的，不得报考；父母、配偶或子女已移居国（境）外的，不得报考；非公派原因，曾六个月以上在国（境）外留学、工作、生活的，不得报考。
6．工资待遇按人民警察标准执行，享受人民警察加班补贴和值勤岗位津贴。有固定的探亲假和休假安排。提供集体宿舍。
7．仅限男性报考。
8．请考生及时关注“移民管理警察招考小助手”微信小程序发布的报考信息。","http://bm.scs.gov.cn/kl2026#158124-300130001007","2025-10-14","{""dataset_year"":2026,""job_uid"":""GOV-2026-158124-300130001007"",""publisher"":""国家公务员局"",""publication_page"":""http://bm.scs.gov.cn/kl2026"",""attachment_url"":""local://2026_guokao_zhaokaojianzhang.zip"",""local_source_file"":""中央机关及其直属机构2026年度考试录用公务员招考简章.xls"",""local_source_sha256"":""2670bae1df1dd07a3a3c79b9db46a11e3bb15a6c9c249e6af98bfd0b61ce3aaf"",""source_sheet"":""中央国家行政机关省级以下直属机构"",""filter_version"":""government_tech_v2"",""tech_filter"":{""is_tech"":true,""is_core_tech"":true,""scope"":""core"",""categories"":[""automation_robotics"",""computer_software"",""cybersecurity_cryptography"",""data_ai"",""electronics_communication""],""matched_fields"":[""major"",""description""],""major_terms"":[""信息与通信工程"",""控制科学与工程"",""电子信息"",""网络空间安全"",""计算机科学与技术"",""软件工程"",""通信工程""],""role_terms"":[""信息安全"",""数据分析"",""智慧"",""设备运维""],""reason"":""tech_major_and_role""},""original"":{""部门代码"":""158124"",""部门名称"":""广西出入境边防检查总站"",""用人司局"":""广西出入境边防检查总站"",""机构性质"":""中央国家行政机关省级以下直属机构"",""招考职位"":""桂林出入境边防检查站一级警长及以下（一）"",""职位属性"":""公安机关人民警察职位"",""职位分布"":""西部地区和艰苦边远地区职位"",""职位简介"":""属于公安机关人民警察，主要从事智慧口岸建设、数据分析研判、网络信息安全防护、各类系统及设备运维和出入境边防检查等工作。实行轮流倒班工作制度，法定休息日及节假日不能保证正常休息休假。"",""职位代码"":""300130001007"",""机构层级"":""市（地）级"",""考试类别"":""行政执法类"",""招考人数"":""2"",""专业"":""0701数学、0775计算机科学与技术、0810信息与通信工程、0811控制科学与工程、0812计算机科学与技术、0835软件工程、0839网络空间安全、0854电子信息"",""学历"":""硕士研究生及以上"",""学位"":""与最高学历相对应的学位"",""政治面貌"":""中共党员或共青团员"",""基层工作最低年限"":""无限制"",""服务基层项目工作经历"":""无限制"",""是否在面试阶段组织专业能力测试"":""否"",""面试人员比例"":""3:1"",""工作地点"":""广西壮族自治区桂林市"",""落户地点"":""广西壮族自治区桂林市"",""备注"":""1．限应届高校毕业生报考（高等学历教育各阶段均需取得相应学历和学位）。\n2．大学英语等级考试六级425分以上。\n3．按《公务员录用体检特殊标准（试行）》进行体检，对《公务员录用体检特殊标准（试行）》未作规定的项目，按《公务员录用体检通用标准（试行）》执行，视力标准可询招录单位。\n4．按《公安机关录用人民警察体能测评项目和标准》进行体能测评。\n5．按《公安机关录用人民警察政治考察工作办法》开展考察。具有《公安机关录用人民警察政治考察工作办法》第八条、第九条情形的，不得报考；父母、配偶或子女已移居国（境）外的，不得报考；非公派原因，曾六个月以上在国（境）外留学、工作、生活的，不得报考。\n6．工资待遇按人民警察标准执行，享受人民警察加班补贴和值勤岗位津贴。有固定的探亲假和休假安排。提供集体宿舍。\n7．仅限男性报考。\n8．请考生及时关注“移民管理警察招考小助手”微信小程序发布的报考信息。"",""部门网站"":""https://rczk.nia.gov.cn"",""咨询电话1"":""0771-5728224"",""咨询电话2"":"""",""咨询电话3"":"""",""来源Sheet"":""中央国家行政机关省级以下直属机构""}}"
"government_jobs","国家公务员2026招考简章","公务员/事业单位技术岗位","广西壮族自治区崇左市","2026-07-28T09:12:58.310295+00:00","友谊关出入境边防检查站一级警长及以下（一）","广西出入境边防检查总站","","广西壮族自治区崇左市","公务员/事业单位;2026;automation_robotics;computer_software;cybersecurity_cryptography;data_ai;electronics_communication;硕士研究生及以上;与最高学历相对应的学位;0701数学、0775计算机科学与技术、0810信息与通信工程、0811控制科学与工程、0812计算机科学与技术、0835软件工程、0839网络空间安全、0854电子信息;行政执法类","用人司局：广西出入境边防检查总站
职位简介：属于公安机关人民警察，主要从事智慧口岸建设、数据分析研判、网络信息安全防护、各类系统及设备运维和出入境边防检查等工作。实行轮流倒班工作制度，法定休息日及节假日不能保证正常休息休假。
专业要求：0701数学、0775计算机科学与技术、0810信息与通信工程、0811控制科学与工程、0812计算机科学与技术、0835软件工程、0839网络空间安全、0854电子信息
学历要求：硕士研究生及以上
学位要求：与最高学历相对应的学位
政治面貌：中共党员或共青团员
基层工作经历：无限制
考试类别：行政执法类
备注：1．限应届高校毕业生报考（高等学历教育各阶段均需取得相应学历和学位）。
2．大学英语等级考试四级425分以上。
3．按《公务员录用体检特殊标准（试行）》进行体检，对《公务员录用体检特殊标准（试行）》未作规定的项目，按《公务员录用体检通用标准（试行）》执行，视力标准可询招录单位。
4．按《公安机关录用人民警察体能测评项目和标准》进行体能测评。
5．按《公安机关录用人民警察政治考察工作办法》开展考察。具有《公安机关录用人民警察政治考察工作办法》第八条、第九条情形的，不得报考；父母、配偶或子女已移居国（境）外的，不得报考；非公派原因，曾六个月以上在国（境）外留学、工作、生活的，不得报考。
6．工资待遇按人民警察标准执行，享受人民警察加班补贴、值勤岗位津贴和边远艰苦地区补贴。有固定的探亲假和休假安排。提供集体宿舍。
7．仅限男性报考。
8．请考生及时关注“移民管理警察招考小助手”微信小程序发布的报考信息。","http://bm.scs.gov.cn/kl2026#158124-300130001012","2025-10-14","{""dataset_year"":2026,""job_uid"":""GOV-2026-158124-300130001012"",""publisher"":""国家公务员局"",""publication_page"":""http://bm.scs.gov.cn/kl2026"",""attachment_url"":""local://2026_guokao_zhaokaojianzhang.zip"",""local_source_file"":""中央机关及其直属机构2026年度考试录用公务员招考简章.xls"",""local_source_sha256"":""2670bae1df1dd07a3a3c79b9db46a11e3bb15a6c9c249e6af98bfd0b61ce3aaf"",""source_sheet"":""中央国家行政机关省级以下直属机构"",""filter_version"":""government_tech_v2"",""tech_filter"":{""is_tech"":true,""is_core_tech"":true,""scope"":""core"",""categories"":[""automation_robotics"",""computer_software"",""cybersecurity_cryptography"",""data_ai"",""electronics_communication""],""matched_fields"":[""major"",""description""],""major_terms"":[""信息与通信工程"",""控制科学与工程"",""电子信息"",""网络空间安全"",""计算机科学与技术"",""软件工程"",""通信工程""],""role_terms"":[""信息安全"",""数据分析"",""智慧"",""设备运维""],""reason"":""tech_major_and_role""},""original"":{""部门代码"":""158124"",""部门名称"":""广西出入境边防检查总站"",""用人司局"":""广西出入境边防检查总站"",""机构性质"":""中央国家行政机关省级以下直属机构"",""招考职位"":""友谊关出入境边防检查站一级警长及以下（一）"",""职位属性"":""公安机关人民警察职位"",""职位分布"":""西部地区和艰苦边远地区职位"",""职位简介"":""属于公安机关人民警察，主要从事智慧口岸建设、数据分析研判、网络信息安全防护、各类系统及设备运维和出入境边防检查等工作。实行轮流倒班工作制度，法定休息日及节假日不能保证正常休息休假。"",""职位代码"":""300130001012"",""机构层级"":""市（地）级"",""考试类别"":""行政执法类"",""招考人数"":""1"",""专业"":""0701数学、0775计算机科学与技术、0810信息与通信工程、0811控制科学与工程、0812计算机科学与技术、0835软件工程、0839网络空间安全、0854电子信息"",""学历"":""硕士研究生及以上"",""学位"":""与最高学历相对应的学位"",""政治面貌"":""中共党员或共青团员"",""基层工作最低年限"":""无限制"",""服务基层项目工作经历"":""无限制"",""是否在面试阶段组织专业能力测试"":""否"",""面试人员比例"":""3:1"",""工作地点"":""广西壮族自治区崇左市"",""落户地点"":""广西壮族自治区崇左市"",""备注"":""1．限应届高校毕业生报考（高等学历教育各阶段均需取得相应学历和学位）。\n2．大学英语等级考试四级425分以上。\n3．按《公务员录用体检特殊标准（试行）》进行体检，对《公务员录用体检特殊标准（试行）》未作规定的项目，按《公务员录用体检通用标准（试行）》执行，视力标准可询招录单位。\n4．按《公安机关录用人民警察体能测评项目和标准》进行体能测评。\n5．按《公安机关录用人民警察政治考察工作办法》开展考察。具有《公安机关录用人民警察政治考察工作办法》第八条、第九条情形的，不得报考；父母、配偶或子女已移居国（境）外的，不得报考；非公派原因，曾六个月以上在国（境）外留学、工作、生活的，不得报考。\n6．工资待遇按人民警察标准执行，享受人民警察加班补贴、值勤岗位津贴和边远艰苦地区补贴。有固定的探亲假和休假安排。提供集体宿舍。\n7．仅限男性报考。\n8．请考生及时关注“移民管理警察招考小助手”微信小程序发布的报考信息。"",""部门网站"":""https://rczk.nia.gov.cn"",""咨询电话1"":""0771-5728224"",""咨询电话2"":"""",""咨询电话3"":"""",""来源Sheet"":""中央国家行政机关省级以下直属机构""}}"
"government_jobs","国家公务员2026招考简章","公务员/事业单位技术岗位","广西壮族自治区防城港市","2026-07-28T09:12:58.310295+00:00","东兴出入境边防检查站一级警长及以下（一）","广西出入境边防检查总站","","广西壮族自治区防城港市","公务员/事业单位;2026;automation_robotics;computer_software;cybersecurity_cryptography;data_ai;electronics_communication;硕士研究生及以上;与最高学历相对应的学位;0701数学、0775计算机科学与技术、0810信息与通信工程、0811控制科学与工程、0812计算机科学与技术、0835软件工程、0839网络空间安全、0854电子信息;行政执法类","用人司局：广西出入境边防检查总站
职位简介：属于公安机关人民警察，主要从事智慧口岸建设、数据分析研判、网络信息安全防护、各类系统及设备运维和出入境边防检查等工作。实行轮流倒班工作制度，法定休息日及节假日不能保证正常休息休假。
专业要求：0701数学、0775计算机科学与技术、0810信息与通信工程、0811控制科学与工程、0812计算机科学与技术、0835软件工程、0839网络空间安全、0854电子信息
学历要求：硕士研究生及以上
学位要求：与最高学历相对应的学位
政治面貌：中共党员或共青团员
基层工作经历：无限制
考试类别：行政执法类
备注：1．限应届高校毕业生报考（高等学历教育各阶段均需取得相应学历和学位）。
2．大学英语等级考试四级425分以上。
3．按《公务员录用体检特殊标准（试行）》进行体检，对《公务员录用体检特殊标准（试行）》未作规定的项目，按《公务员录用体检通用标准（试行）》执行，视力标准可询招录单位。
4．按《公安机关录用人民警察体能测评项目和标准》进行体能测评。
5．按《公安机关录用人民警察政治考察工作办法》开展考察。具有《公安机关录用人民警察政治考察工作办法》第八条、第九条情形的，不得报考；父母、配偶或子女已移居国（境）外的，不得报考；非公派原因，曾六个月以上在国（境）外留学、工作、生活的，不得报考。
6．工资待遇按人民警察标准执行，享受人民警察加班补贴、值勤岗位津贴和边远艰苦地区补贴。有固定的探亲假和休假安排。提供集体宿舍。
7．仅限男性报考。
8．请考生及时关注“移民管理警察招考小助手”微信小程序发布的报考信息。","http://bm.scs.gov.cn/kl2026#158124-300130001014","2025-10-14","{""dataset_year"":2026,""job_uid"":""GOV-2026-158124-300130001014"",""publisher"":""国家公务员局"",""publication_page"":""http://bm.scs.gov.cn/kl2026"",""attachment_url"":""local://2026_guokao_zhaokaojianzhang.zip"",""local_source_file"":""中央机关及其直属机构2026年度考试录用公务员招考简章.xls"",""local_source_sha256"":""2670bae1df1dd07a3a3c79b9db46a11e3bb15a6c9c249e6af98bfd0b61ce3aaf"",""source_sheet"":""中央国家行政机关省级以下直属机构"",""filter_version"":""government_tech_v2"",""tech_filter"":{""is_tech"":true,""is_core_tech"":true,""scope"":""core"",""categories"":[""automation_robotics"",""computer_software"",""cybersecurity_cryptography"",""data_ai"",""electronics_communication""],""matched_fields"":[""major"",""description""],""major_terms"":[""信息与通信工程"",""控制科学与工程"",""电子信息"",""网络空间安全"",""计算机科学与技术"",""软件工程"",""通信工程""],""role_terms"":[""信息安全"",""数据分析"",""智慧"",""设备运维""],""reason"":""tech_major_and_role""},""original"":{""部门代码"":""158124"",""部门名称"":""广西出入境边防检查总站"",""用人司局"":""广西出入境边防检查总站"",""机构性质"":""中央国家行政机关省级以下直属机构"",""招考职位"":""东兴出入境边防检查站一级警长及以下（一）"",""职位属性"":""公安机关人民警察职位"",""职位分布"":""西部地区和艰苦边远地区职位"",""职位简介"":""属于公安机关人民警察，主要从事智慧口岸建设、数据分析研判、网络信息安全防护、各类系统及设备运维和出入境边防检查等工作。实行轮流倒班工作制度，法定休息日及节假日不能保证正常休息休假。"",""职位代码"":""300130001014"",""机构层级"":""市（地）级"",""考试类别"":""行政执法类"",""招考人数"":""2"",""专业"":""0701数学、0775计算机科学与技术、0810信息与通信工程、0811控制科学与工程、0812计算机科学与技术、0835软件工程、0839网络空间安全、0854电子信息"",""学历"":""硕士研究生及以上"",""学位"":""与最高学历相对应的学位"",""政治面貌"":""中共党员或共青团员"",""基层工作最低年限"":""无限制"",""服务基层项目工作经历"":""无限制"",""是否在面试阶段组织专业能力测试"":""否"",""面试人员比例"":""3:1"",""工作地点"":""广西壮族自治区防城港市"",""落户地点"":""广西壮族自治区防城港市"",""备注"":""1．限应届高校毕业生报考（高等学历教育各阶段均需取得相应学历和学位）。\n2．大学英语等级考试四级425分以上。\n3．按《公务员录用体检特殊标准（试行）》进行体检，对《公务员录用体检特殊标准（试行）》未作规定的项目，按《公务员录用体检通用标准（试行）》执行，视力标准可询招录单位。\n4．按《公安机关录用人民警察体能测评项目和标准》进行体能测评。\n5．按《公安机关录用人民警察政治考察工作办法》开展考察。具有《公安机关录用人民警察政治考察工作办法》第八条、第九条情形的，不得报考；父母、配偶或子女已移居国（境）外的，不得报考；非公派原因，曾六个月以上在国（境）外留学、工作、生活的，不得报考。\n6．工资待遇按人民警察标准执行，享受人民警察加班补贴、值勤岗位津贴和边远艰苦地区补贴。有固定的探亲假和休假安排。提供集体宿舍。\n7．仅限男性报考。\n8．请考生及时关注“移民管理警察招考小助手”微信小程序发布的报考信息。"",""部门网站"":""https://rczk.nia.gov.cn"",""咨询电话1"":""0771-5728224"",""咨询电话2"":"""",""咨询电话3"":"""",""来源Sheet"":""中央国家行政机关省级以下直属机构""}}"
"government_jobs","国家公务员2026招考简章","公务员/事业单位技术岗位","广西壮族自治区崇左市","2026-07-28T09:12:58.310295+00:00","水口关出入境边防检查站一级警长及以下（一）","广西出入境边防检查总站","","广西壮族自治区崇左市","公务员/事业单位;2026;automation_robotics;computer_software;cybersecurity_cryptography;data_ai;electronics_communication;硕士研究生及以上;与最高学历相对应的学位;0701数学、0775计算机科学与技术、0810信息与通信工程、0811控制科学与工程、0812计算机科学与技术、0835软件工程、0839网络空间安全、0854电子信息;行政执法类","用人司局：广西出入境边防检查总站
职位简介：属于公安机关人民警察，主要从事智慧口岸建设、数据分析研判、网络信息安全防护、各类系统及设备运维和出入境边防检查等工作。实行轮流倒班工作制度，法定休息日及节假日不能保证正常休息休假。
专业要求：0701数学、0775计算机科学与技术、0810信息与通信工程、0811控制科学与工程、0812计算机科学与技术、0835软件工程、0839网络空间安全、0854电子信息
学历要求：硕士研究生及以上
学位要求：与最高学历相对应的学位
政治面貌：中共党员或共青团员
基层工作经历：无限制
考试类别：行政执法类
备注：1．限应届高校毕业生报考（高等学历教育各阶段均需取得相应学历和学位）。
2．大学英语等级考试六级425分以上。
3．按《公务员录用体检特殊标准（试行）》进行体检，对《公务员录用体检特殊标准（试行）》未作规定的项目，按《公务员录用体检通用标准（试行）》执行，视力标准可询招录单位。
4．按《公安机关录用人民警察体能测评项目和标准》进行体能测评。
5．按《公安机关录用人民警察政治考察工作办法》开展考察。具有《公安机关录用人民警察政治考察工作办法》第八条、第九条情形的，不得报考；父母、配偶或子女已移居国（境）外的，不得报考；非公派原因，曾六个月以上在国（境）外留学、工作、生活的，不得报考。
6．工资待遇按人民警察标准执行，享受人民警察加班补贴、值勤岗位津贴和边远艰苦地区补贴。有固定的探亲假和休假安排。提供集体宿舍。
7．请考生及时关注“移民管理警察招考小助手”微信小程序发布的报考信息。","http://bm.scs.gov.cn/kl2026#158124-300130001018","2025-10-14","{""dataset_year"":2026,""job_uid"":""GOV-2026-158124-300130001018"",""publisher"":""国家公务员局"",""publication_page"":""http://bm.scs.gov.cn/kl2026"",""attachment_url"":""local://2026_guokao_zhaokaojianzhang.zip"",""local_source_file"":""中央机关及其直属机构2026年度考试录用公务员招考简章.xls"",""local_source_sha256"":""2670bae1df1dd07a3a3c79b9db46a11e3bb15a6c9c249e6af98bfd0b61ce3aaf"",""source_sheet"":""中央国家行政机关省级以下直属机构"",""filter_version"":""government_tech_v2"",""tech_filter"":{""is_tech"":true,""is_core_tech"":true,""scope"":""core"",""categories"":[""automation_robotics"",""computer_software"",""cybersecurity_cryptography"",""data_ai"",""electronics_communication""],""matched_fields"":[""major"",""description""],""major_terms"":[""信息与通信工程"",""控制科学与工程"",""电子信息"",""网络空间安全"",""计算机科学与技术"",""软件工程"",""通信工程""],""role_terms"":[""信息安全"",""数据分析"",""智慧"",""设备运维""],""reason"":""tech_major_and_role""},""original"":{""部门代码"":""158124"",""部门名称"":""广西出入境边防检查总站"",""用人司局"":""广西出入境边防检查总站"",""机构性质"":""中央国家行政机关省级以下直属机构"",""招考职位"":""水口关出入境边防检查站一级警长及以下（一）"",""职位属性"":""公安机关人民警察职位"",""职位分布"":""西部地区和艰苦边远地区职位"",""职位简介"":""属于公安机关人民警察，主要从事智慧口岸建设、数据分析研判、网络信息安全防护、各类系统及设备运维和出入境边防检查等工作。实行轮流倒班工作制度，法定休息日及节假日不能保证正常休息休假。"",""职位代码"":""300130001018"",""机构层级"":""市（地）级"",""考试类别"":""行政执法类"",""招考人数"":""1"",""专业"":""0701数学、0775计算机科学与技术、0810信息与通信工程、0811控制科学与工程、0812计算机科学与技术、0835软件工程、0839网络空间安全、0854电子信息"",""学历"":""硕士研究生及以上"",""学位"":""与最高学历相对应的学位"",""政治面貌"":""中共党员或共青团员"",""基层工作最低年限"":""无限制"",""服务基层项目工作经历"":""无限制"",""是否在面试阶段组织专业能力测试"":""否"",""面试人员比例"":""3:1"",""工作地点"":""广西壮族自治区崇左市"",""落户地点"":""广西壮族自治区崇左市"",""备注"":""1．限应届高校毕业生报考（高等学历教育各阶段均需取得相应学历和学位）。\n2．大学英语等级考试六级425分以上。\n3．按《公务员录用体检特殊标准（试行）》进行体检，对《公务员录用体检特殊标准（试行）》未作规定的项目，按《公务员录用体检通用标准（试行）》执行，视力标准可询招录单位。\n4．按《公安机关录用人民警察体能测评项目和标准》进行体能测评。\n5．按《公安机关录用人民警察政治考察工作办法》开展考察。具有《公安机关录用人民警察政治考察工作办法》第八条、第九条情形的，不得报考；父母、配偶或子女已移居国（境）外的，不得报考；非公派原因，曾六个月以上在国（境）外留学、工作、生活的，不得报考。\n6．工资待遇按人民警察标准执行，享受人民警察加班补贴、值勤岗位津贴和边远艰苦地区补贴。有固定的探亲假和休假安排。提供集体宿舍。\n7．请考生及时关注“移民管理警察招考小助手”微信小程序发布的报考信息。"",""部门网站"":""https://rczk.nia.gov.cn"",""咨询电话1"":""0771-5728224"",""咨询电话2"":"""",""咨询电话3"":"""",""来源Sheet"":""中央国家行政机关省级以下直属机构""}}"
"government_jobs","国家公务员2026招考简章","公务员/事业单位技术岗位","广西壮族自治区百色市","2026-07-28T09:12:58.310295+00:00","龙邦出入境边防检查站一级警长及以下（一）","广西出入境边防检查总站","","广西壮族自治区百色市","公务员/事业单位;2026;automation_robotics;computer_software;cybersecurity_cryptography;data_ai;electronics_communication;硕士研究生及以上;与最高学历相对应的学位;0701数学、0775计算机科学与技术、0810信息与通信工程、0811控制科学与工程、0812计算机科学与技术、0835软件工程、0839网络空间安全、0854电子信息;行政执法类","用人司局：广西出入境边防检查总站
职位简介：属于公安机关人民警察，主要从事智慧口岸建设、数据分析研判、网络信息安全防护、各类系统及设备运维和出入境边防检查等工作。实行轮流倒班工作制度，法定休息日及节假日不能保证正常休息休假。
专业要求：0701数学、0775计算机科学与技术、0810信息与通信工程、0811控制科学与工程、0812计算机科学与技术、0835软件工程、0839网络空间安全、0854电子信息
学历要求：硕士研究生及以上
学位要求：与最高学历相对应的学位
政治面貌：中共党员或共青团员
基层工作经历：无限制
考试类别：行政执法类
备注：1．限应届高校毕业生报考（高等学历教育各阶段均需取得相应学历和学位）。
2．大学英语等级考试四级425分以上。
3．按《公务员录用体检特殊标准（试行）》进行体检，对《公务员录用体检特殊标准（试行）》未作规定的项目，按《公务员录用体检通用标准（试行）》执行，视力标准可询招录单位。
4．按《公安机关录用人民警察体能测评项目和标准》进行体能测评。
5．按《公安机关录用人民警察政治考察工作办法》开展考察。具有《公安机关录用人民警察政治考察工作办法》第八条、第九条情形的，不得报考；父母、配偶或子女已移居国（境）外的，不得报考；非公派原因，曾六个月以上在国（境）外留学、工作、生活的，不得报考。
6．工资待遇按人民警察标准执行，享受人民警察加班补贴、值勤岗位津贴和边远艰苦地区补贴。有固定的探亲假和休假安排。提供集体宿舍。
7．仅限男性报考。
8．请考生及时关注“移民管理警察招考小助手”微信小程序发布的报考信息。","http://bm.scs.gov.cn/kl2026#158124-300130001020","2025-10-14","{""dataset_year"":2026,""job_uid"":""GOV-2026-158124-300130001020"",""publisher"":""国家公务员局"",""publication_page"":""http://bm.scs.gov.cn/kl2026"",""attachment_url"":""local://2026_guokao_zhaokaojianzhang.zip"",""local_source_file"":""中央机关及其直属机构2026年度考试录用公务员招考简章.xls"",""local_source_sha256"":""2670bae1df1dd07a3a3c79b9db46a11e3bb15a6c9c249e6af98bfd0b61ce3aaf"",""source_sheet"":""中央国家行政机关省级以下直属机构"",""filter_version"":""government_tech_v2"",""tech_filter"":{""is_tech"":true,""is_core_tech"":true,""scope"":""core"",""categories"":[""automation_robotics"",""computer_software"",""cybersecurity_cryptography"",""data_ai"",""electronics_communication""],""matched_fields"":[""major"",""description""],""major_terms"":[""信息与通信工程"",""控制科学与工程"",""电子信息"",""网络空间安全"",""计算机科学与技术"",""软件工程"",""通信工程""],""role_terms"":[""信息安全"",""数据分析"",""智慧"",""设备运维""],""reason"":""tech_major_and_role""},""original"":{""部门代码"":""158124"",""部门名称"":""广西出入境边防检查总站"",""用人司局"":""广西出入境边防检查总站"",""机构性质"":""中央国家行政机关省级以下直属机构"",""招考职位"":""龙邦出入境边防检查站一级警长及以下（一）"",""职位属性"":""公安机关人民警察职位"",""职位分布"":""西部地区和艰苦边远地区职位"",""职位简介"":""属于公安机关人民警察，主要从事智慧口岸建设、数据分析研判、网络信息安全防护、各类系统及设备运维和出入境边防检查等工作。实行轮流倒班工作制度，法定休息日及节假日不能保证正常休息休假。"",""职位代码"":""300130001020"",""机构层级"":""市（地）级"",""考试类别"":""行政执法类"",""招考人数"":""2"",""专业"":""0701数学、0775计算机科学与技术、0810信息与通信工程、0811控制科学与工程、0812计算机科学与技术、0835软件工程、0839网络空间安全、0854电子信息"",""学历"":""硕士研究生及以上"",""学位"":""与最高学历相对应的学位"",""政治面貌"":""中共党员或共青团员"",""基层工作最低年限"":""无限制"",""服务基层项目工作经历"":""无限制"",""是否在面试阶段组织专业能力测试"":""否"",""面试人员比例"":""3:1"",""工作地点"":""广西壮族自治区百色市"",""落户地点"":""广西壮族自治区百色市"",""备注"":""1．限应届高校毕业生报考（高等学历教育各阶段均需取得相应学历和学位）。\n2．大学英语等级考试四级425分以上。\n3．按《公务员录用体检特殊标准（试行）》进行体检，对《公务员录用体检特殊标准（试行）》未作规定的项目，按《公务员录用体检通用标准（试行）》执行，视力标准可询招录单位。\n4．按《公安机关录用人民警察体能测评项目和标准》进行体能测评。\n5．按《公安机关录用人民警察政治考察工作办法》开展考察。具有《公安机关录用人民警察政治考察工作办法》第八条、第九条情形的，不得报考；父母、配偶或子女已移居国（境）外的，不得报考；非公派原因，曾六个月以上在国（境）外留学、工作、生活的，不得报考。\n6．工资待遇按人民警察标准执行，享受人民警察加班补贴、值勤岗位津贴和边远艰苦地区补贴。有固定的探亲假和休假安排。提供集体宿舍。\n7．仅限男性报考。\n8．请考生及时关注“移民管理警察招考小助手”微信小程序发布的报考信息。"",""部门网站"":""https://rczk.nia.gov.cn"",""咨询电话1"":""0771-5728224"",""咨询电话2"":"""",""咨询电话3"":"""",""来源Sheet"":""中央国家行政机关省级以下直属机构""}}"
"government_jobs","国家公务员2026招考简章","公务员/事业单位技术岗位","广西壮族自治区崇左市","2026-07-28T09:12:58.310295+00:00","爱店出入境边防检查站一级警长及以下（一）","广西出入境边防检查总站","","广西壮族自治区崇左市","公务员/事业单位;2026;automation_robotics;computer_software;cybersecurity_cryptography;data_ai;electronics_communication;硕士研究生及以上;与最高学历相对应的学位;0701数学、0775计算机科学与技术、0810信息与通信工程、0811控制科学与工程、0812计算机科学与技术、0835软件工程、0839网络空间安全、0854电子信息;行政执法类","用人司局：广西出入境边防检查总站
职位简介：属于公安机关人民警察，主要从事智慧口岸建设、数据分析研判、网络信息安全防护、各类系统及设备运维和出入境边防检查等工作。实行轮流倒班工作制度，法定休息日及节假日不能保证正常休息休假。
专业要求：0701数学、0775计算机科学与技术、0810信息与通信工程、0811控制科学与工程、0812计算机科学与技术、0835软件工程、0839网络空间安全、0854电子信息
学历要求：硕士研究生及以上
学位要求：与最高学历相对应的学位
政治面貌：中共党员或共青团员
基层工作经历：无限制
考试类别：行政执法类
备注：1．限应届高校毕业生报考（高等学历教育各阶段均需取得相应学历和学位）。
2．大学英语等级考试四级425分以上。
3．按《公务员录用体检特殊标准（试行）》进行体检，对《公务员录用体检特殊标准（试行）》未作规定的项目，按《公务员录用体检通用标准（试行）》执行，视力标准可询招录单位。
4．按《公安机关录用人民警察体能测评项目和标准》进行体能测评。
5．按《公安机关录用人民警察政治考察工作办法》开展考察。具有《公安机关录用人民警察政治考察工作办法》第八条、第九条情形的，不得报考；父母、配偶或子女已移居国（境）外的，不得报考；非公派原因，曾六个月以上在国（境）外留学、工作、生活的，不得报考。
6．工资待遇按人民警察标准执行，享受人民警察加班补贴、值勤岗位津贴和边远艰苦地区补贴。有固定的探亲假和休假安排。提供集体宿舍。
7．仅限男性报考。
8．请考生及时关注“移民管理警察招考小助手”微信小程序发布的报考信息。","http://bm.scs.gov.cn/kl2026#158124-300130001036","2025-10-14","{""dataset_year"":2026,""job_uid"":""GOV-2026-158124-300130001036"",""publisher"":""国家公务员局"",""publication_page"":""http://bm.scs.gov.cn/kl2026"",""attachment_url"":""local://2026_guokao_zhaokaojianzhang.zip"",""local_source_file"":""中央机关及其直属机构2026年度考试录用公务员招考简章.xls"",""local_source_sha256"":""2670bae1df1dd07a3a3c79b9db46a11e3bb15a6c9c249e6af98bfd0b61ce3aaf"",""source_sheet"":""中央国家行政机关省级以下直属机构"",""filter_version"":""government_tech_v2"",""tech_filter"":{""is_tech"":true,""is_core_tech"":true,""scope"":""core"",""categories"":[""automation_robotics"",""computer_software"",""cybersecurity_cryptography"",""data_ai"",""electronics_communication""],""matched_fields"":[""major"",""description""],""major_terms"":[""信息与通信工程"",""控制科学与工程"",""电子信息"",""网络空间安全"",""计算机科学与技术"",""软件工程"",""通信工程""],""role_terms"":[""信息安全"",""数据分析"",""智慧"",""设备运维""],""reason"":""tech_major_and_role""},""original"":{""部门代码"":""158124"",""部门名称"":""广西出入境边防检查总站"",""用人司局"":""广西出入境边防检查总站"",""机构性质"":""中央国家行政机关省级以下直属机构"",""招考职位"":""爱店出入境边防检查站一级警长及以下（一）"",""职位属性"":""公安机关人民警察职位"",""职位分布"":""西部地区和艰苦边远地区职位"",""职位简介"":""属于公安机关人民警察，主要从事智慧口岸建设、数据分析研判、网络信息安全防护、各类系统及设备运维和出入境边防检查等工作。实行轮流倒班工作制度，法定休息日及节假日不能保证正常休息休假。"",""职位代码"":""300130001036"",""机构层级"":""市（地）级"",""考试类别"":""行政执法类"",""招考人数"":""2"",""专业"":""0701数学、0775计算机科学与技术、0810信息与通信工程、0811控制科学与工程、0812计算机科学与技术、0835软件工程、0839网络空间安全、0854电子信息"",""学历"":""硕士研究生及以上"",""学位"":""与最高学历相对应的学位"",""政治面貌"":""中共党员或共青团员"",""基层工作最低年限"":""无限制"",""服务基层项目工作经历"":""无限制"",""是否在面试阶段组织专业能力测试"":""否"",""面试人员比例"":""3:1"",""工作地点"":""广西壮族自治区崇左市"",""落户地点"":""广西壮族自治区崇左市"",""备注"":""1．限应届高校毕业生报考（高等学历教育各阶段均需取得相应学历和学位）。\n2．大学英语等级考试四级425分以上。\n3．按《公务员录用体检特殊标准（试行）》进行体检，对《公务员录用体检特殊标准（试行）》未作规定的项目，按《公务员录用体检通用标准（试行）》执行，视力标准可询招录单位。\n4．按《公安机关录用人民警察体能测评项目和标准》进行体能测评。\n5．按《公安机关录用人民警察政治考察工作办法》开展考察。具有《公安机关录用人民警察政治考察工作办法》第八条、第九条情形的，不得报考；父母、配偶或子女已移居国（境）外的，不得报考；非公派原因，曾六个月以上在国（境）外留学、工作、生活的，不得报考。\n6．工资待遇按人民警察标准执行，享受人民警察加班补贴、值勤岗位津贴和边远艰苦地区补贴。有固定的探亲假和休假安排。提供集体宿舍。\n7．仅限男性报考。\n8．请考生及时关注“移民管理警察招考小助手”微信小程序发布的报考信息。"",""部门网站"":""https://rczk.nia.gov.cn"",""咨询电话1"":""0771-5728224"",""咨询电话2"":"""",""咨询电话3"":"""",""来源Sheet"":""中央国家行政机关省级以下直属机构""}}"
"government_jobs","国家公务员2026招考简章","公务员/事业单位技术岗位","广西壮族自治区崇左市","2026-07-28T09:12:58.310295+00:00","硕龙出入境边防检查站一级警长及以下（一）","广西出入境边防检查总站","","广西壮族自治区崇左市","公务员/事业单位;2026;automation_robotics;computer_software;cybersecurity_cryptography;data_ai;electronics_communication;硕士研究生及以上;与最高学历相对应的学位;0701数学、0775计算机科学与技术、0810信息与通信工程、0811控制科学与工程、0812计算机科学与技术、0835软件工程、0839网络空间安全、0854电子信息;行政执法类","用人司局：广西出入境边防检查总站
职位简介：属于公安机关人民警察，主要从事智慧口岸建设、数据分析研判、网络信息安全防护、各类系统及设备运维和出入境边防检查等工作。实行轮流倒班工作制度，法定休息日及节假日不能保证正常休息休假。
专业要求：0701数学、0775计算机科学与技术、0810信息与通信工程、0811控制科学与工程、0812计算机科学与技术、0835软件工程、0839网络空间安全、0854电子信息
学历要求：硕士研究生及以上
学位要求：与最高学历相对应的学位
政治面貌：中共党员或共青团员
基层工作经历：无限制
考试类别：行政执法类
备注：1．限应届高校毕业生报考（高等学历教育各阶段均需取得相应学历和学位）。
2．大学英语等级考试六级425分以上。
3．按《公务员录用体检特殊标准（试行）》进行体检，对《公务员录用体检特殊标准（试行）》未作规定的项目，按《公务员录用体检通用标准（试行）》执行，视力标准可询招录单位。
4．按《公安机关录用人民警察体能测评项目和标准》进行体能测评。
5．按《公安机关录用人民警察政治考察工作办法》开展考察。具有《公安机关录用人民警察政治考察工作办法》第八条、第九条情形的，不得报考；父母、配偶或子女已移居国（境）外的，不得报考；非公派原因，曾六个月以上在国（境）外留学、工作、生活的，不得报考。
6．工资待遇按人民警察标准执行，享受人民警察加班补贴、值勤岗位津贴和边远艰苦地区补贴。有固定的探亲假和休假安排。提供集体宿舍。
7．请考生及时关注“移民管理警察招考小助手”微信小程序发布的报考信息。","http://bm.scs.gov.cn/kl2026#158124-300130001041","2025-10-14","{""dataset_year"":2026,""job_uid"":""GOV-2026-158124-300130001041"",""publisher"":""国家公务员局"",""publication_page"":""http://bm.scs.gov.cn/kl2026"",""attachment_url"":""local://2026_guokao_zhaokaojianzhang.zip"",""local_source_file"":""中央机关及其直属机构2026年度考试录用公务员招考简章.xls"",""local_source_sha256"":""2670bae1df1dd07a3a3c79b9db46a11e3bb15a6c9c249e6af98bfd0b61ce3aaf"",""source_sheet"":""中央国家行政机关省级以下直属机构"",""filter_version"":""government_tech_v2"",""tech_filter"":{""is_tech"":true,""is_core_tech"":true,""scope"":""core"",""categories"":[""automation_robotics"",""computer_software"",""cybersecurity_cryptography"",""data_ai"",""electronics_communication""],""matched_fields"":[""major"",""description""],""major_terms"":[""信息与通信工程"",""控制科学与工程"",""电子信息"",""网络空间安全"",""计算机科学与技术"",""软件工程"",""通信工程""],""role_terms"":[""信息安全"",""数据分析"",""智慧"",""设备运维""],""reason"":""tech_major_and_role""},""original"":{""部门代码"":""158124"",""部门名称"":""广西出入境边防检查总站"",""用人司局"":""广西出入境边防检查总站"",""机构性质"":""中央国家行政机关省级以下直属机构"",""招考职位"":""硕龙出入境边防检查站一级警长及以下（一）"",""职位属性"":""公安机关人民警察职位"",""职位分布"":""西部地区和艰苦边远地区职位"",""职位简介"":""属于公安机关人民警察，主要从事智慧口岸建设、数据分析研判、网络信息安全防护、各类系统及设备运维和出入境边防检查等工作。实行轮流倒班工作制度，法定休息日及节假日不能保证正常休息休假。"",""职位代码"":""300130001041"",""机构层级"":""市（地）级"",""考试类别"":""行政执法类"",""招考人数"":""1"",""专业"":""0701数学、0775计算机科学与技术、0810信息与通信工程、0811控制科学与工程、0812计算机科学与技术、0835软件工程、0839网络空间安全、0854电子信息"",""学历"":""硕士研究生及以上"",""学位"":""与最高学历相对应的学位"",""政治面貌"":""中共党员或共青团员"",""基层工作最低年限"":""无限制"",""服务基层项目工作经历"":""无限制"",""是否在面试阶段组织专业能力测试"":""否"",""面试人员比例"":""3:1"",""工作地点"":""广西壮族自治区崇左市"",""落户地点"":""广西壮族自治区崇左市"",""备注"":""1．限应届高校毕业生报考（高等学历教育各阶段均需取得相应学历和学位）。\n2．大学英语等级考试六级425分以上。\n3．按《公务员录用体检特殊标准（试行）》进行体检，对《公务员录用体检特殊标准（试行）》未作规定的项目，按《公务员录用体检通用标准（试行）》执行，视力标准可询招录单位。\n4．按《公安机关录用人民警察体能测评项目和标准》进行体能测评。\n5．按《公安机关录用人民警察政治考察工作办法》开展考察。具有《公安机关录用人民警察政治考察工作办法》第八条、第九条情形的，不得报考；父母、配偶或子女已移居国（境）外的，不得报考；非公派原因，曾六个月以上在国（境）外留学、工作、生活的，不得报考。\n6．工资待遇按人民警察标准执行，享受人民警察加班补贴、值勤岗位津贴和边远艰苦地区补贴。有固定的探亲假和休假安排。提供集体宿舍。\n7．请考生及时关注“移民管理警察招考小助手”微信小程序发布的报考信息。"",""部门网站"":""https://rczk.nia.gov.cn"",""咨询电话1"":""0771-5728224"",""咨询电话2"":"""",""咨询电话3"":"""",""来源Sheet"":""中央国家行政机关省级以下直属机构""}}"
"government_jobs","国家公务员2026招考简章","公务员/事业单位技术岗位","四川省成都市","2026-07-28T09:12:58.310295+00:00","成都边检站警务技术一级主管及以下（一）","四川出入境边防检查总站","","四川省成都市","公务员/事业单位;2026;computer_software;electronics_communication;硕士研究生及以上;与最高学历相对应的学位;电子科学与技术0809、信息与通信工程0810、软件工程0835;市（地）级及以下直属机构综合管理类","用人司局：四川出入境边防检查总站
职位简介：属于公安机关人民警察，从事出入境边防检查和信息技术保障等工作。
专业要求：电子科学与技术0809、信息与通信工程0810、软件工程0835
学历要求：硕士研究生及以上
学位要求：与最高学历相对应的学位
政治面貌：中共党员或共青团员
基层工作经历：无限制
考试类别：市（地）级及以下直属机构综合管理类
备注：1.限2026届高校毕业生报考。高等学历教育各阶段均需取得相应学历和学位，报名时需注明专业代码。
2.仅限男性报考。
3.大学英语等级考试四级425分以上。
4.按《公务员录用体检特殊标准（试行）》进行体检，对《公务员录用体检特殊标准（试行）》未做规定的项目，按《公务员录用体检通用标准（试行）》执行。视力标准可询招录单位。
5.按《公安机关录用人民警察体能测评项目和标准》进行体能测评，警务技术职位免予测查1000米（男）/800米（女）跑项目。
6.按《公安机关录用人民警察政治考察工作办法》开展考察。具有《公安机关录用人民警察政治考察工作办法》第八条、第九条情形的，不得报考；父母、配偶或子女已移居国（境）外的，不得报考；非公派原因，曾六个月以上在国（境）外留学、工作、生活的，不得报考。
7.提供备勤用房，可申请周转住房；据实享受年休假、探亲假、育儿假、产假（陪产假）等，工资待遇按人民警察标准执行，享受加班补贴和值勤岗位津贴等。
8.在本单位最低服务年限五年（含试用期）。
9.请考生及时关注“移民管理警察招考小助手”微信小程序发布的报考信息；招录单位咨询电话028-86303239。","http://bm.scs.gov.cn/kl2026#158126-300130001001","2025-10-14","{""dataset_year"":2026,""job_uid"":""GOV-2026-158126-300130001001"",""publisher"":""国家公务员局"",""publication_page"":""http://bm.scs.gov.cn/kl2026"",""attachment_url"":""local://2026_guokao_zhaokaojianzhang.zip"",""local_source_file"":""中央机关及其直属机构2026年度考试录用公务员招考简章.xls"",""local_source_sha256"":""2670bae1df1dd07a3a3c79b9db46a11e3bb15a6c9c249e6af98bfd0b61ce3aaf"",""source_sheet"":""中央国家行政机关省级以下直属机构"",""filter_version"":""government_tech_v2"",""tech_filter"":{""is_tech"":true,""is_core_tech"":true,""scope"":""core"",""categories"":[""computer_software"",""electronics_communication""],""matched_fields"":[""major"",""description""],""major_terms"":[""信息与通信工程"",""电子科学与技术"",""软件工程"",""通信工程""],""role_terms"":[""信息技术""],""reason"":""tech_major_and_role""},""original"":{""部门代码"":""158126"",""部门名称"":""四川出入境边防检查总站"",""用人司局"":""四川出入境边防检查总站"",""机构性质"":""中央国家行政机关省级以下直属机构"",""招考职位"":""成都边检站警务技术一级主管及以下（一）"",""职位属性"":""公安机关人民警察职位"",""职位分布"":""其他职位"",""职位简介"":""属于公安机关人民警察，从事出入境边防检查和信息技术保障等工作。"",""职位代码"":""300130001001"",""机构层级"":""市（地）级"",""考试类别"":""市（地）级及以下直属机构综合管理类"",""招考人数"":""1"",""专业"":""电子科学与技术0809、信息与通信工程0810、软件工程0835"",""学历"":""硕士研究生及以上"",""学位"":""与最高学历相对应的学位"",""政治面貌"":""中共党员或共青团员"",""基层工作最低年限"":""无限制"",""服务基层项目工作经历"":""无限制"",""是否在面试阶段组织专业能力测试"":""否"",""面试人员比例"":""3:1"",""工作地点"":""四川省成都市"",""落户地点"":""四川省成都市"",""备注"":""1.限2026届高校毕业生报考。高等学历教育各阶段均需取得相应学历和学位，报名时需注明专业代码。\n2.仅限男性报考。\n3.大学英语等级考试四级425分以上。\n4.按《公务员录用体检特殊标准（试行）》进行体检，对《公务员录用体检特殊标准（试行）》未做规定的项目，按《公务员录用体检通用标准（试行）》执行。视力标准可询招录单位。\n5.按《公安机关录用人民警察体能测评项目和标准》进行体能测评，警务技术职位免予测查1000米（男）/800米（女）跑项目。\n6.按《公安机关录用人民警察政治考察工作办法》开展考察。具有《公安机关录用人民警察政治考察工作办法》第八条、第九条情形的，不得报考；父母、配偶或子女已移居国（境）外的，不得报考；非公派原因，曾六个月以上在国（境）外留学、工作、生活的，不得报考。\n7.提供备勤用房，可申请周转住房；据实享受年休假、探亲假、育儿假、产假（陪产假）等，工资待遇按人民警察标准执行，享受加班补贴和值勤岗位津贴等。\n8.在本单位最低服务年限五年（含试用期）。\n9.请考生及时关注“移民管理警察招考小助手”微信小程序发布的报考信息；招录单位咨询电话028-86303239。"",""部门网站"":""https://rczk.nia.gov.cn"",""咨询电话1"":""028-86303239"",""咨询电话2"":"""",""咨询电话3"":"""",""来源Sheet"":""中央国家行政机关省级以下直属机构""}}"
"government_jobs","国家公务员2026招考简章","公务员/事业单位技术岗位","四川省成都市","2026-07-28T09:12:58.310295+00:00","成都边检站警务技术一级主管及以下（二）","四川出入境边防检查总站","","四川省成都市","公务员/事业单位;2026;automation_robotics;computer_software;cybersecurity_cryptography;硕士研究生及以上;与最高学历相对应的学位;控制科学与工程0811、计算机科学与技术0812、网络空间安全0839;市（地）级及以下直属机构综合管理类","用人司局：四川出入境边防检查总站
职位简介：属于公安机关人民警察，从事出入境边防检查和信息技术保障等工作。
专业要求：控制科学与工程0811、计算机科学与技术0812、网络空间安全0839
学历要求：硕士研究生及以上
学位要求：与最高学历相对应的学位
政治面貌：中共党员或共青团员
基层工作经历：无限制
考试类别：市（地）级及以下直属机构综合管理类
备注：1.限2026届高校毕业生报考。高等学历教育各阶段均需取得相应学历和学位，报名时需注明专业代码。
2.大学英语等级考试四级425分以上。
3.按《公务员录用体检特殊标准（试行）》进行体检，对《公务员录用体检特殊标准（试行）》未做规定的项目，按《公务员录用体检通用标准（试行）》执行。视力标准可询招录单位。
4.按《公安机关录用人民警察体能测评项目和标准》进行体能测评，警务技术职位免予测查1000米（男）/800米（女）跑项目。
5.按《公安机关录用人民警察政治考察工作办法》开展考察。具有《公安机关录用人民警察政治考察工作办法》第八条、第九条情形的，不得报考；父母、配偶或子女已移居国（境）外的，不得报考；非公派原因，曾六个月以上在国（境）外留学、工作、生活的，不得报考。
6.提供备勤用房，可申请周转住房；据实享受年休假、探亲假、育儿假、产假（陪产假）等，工资待遇按人民警察标准执行，享受加班补贴和值勤岗位津贴等。
7.在本单位最低服务年限五年（含试用期）。
8.请考生及时关注“移民管理警察招考小助手”微信小程序发布的报考信息；招录单位咨询电话028-86303239。","http://bm.scs.gov.cn/kl2026#158126-300130001004","2025-10-14","{""dataset_year"":2026,""job_uid"":""GOV-2026-158126-300130001004"",""publisher"":""国家公务员局"",""publication_page"":""http://bm.scs.gov.cn/kl2026"",""attachment_url"":""local://2026_guokao_zhaokaojianzhang.zip"",""local_source_file"":""中央机关及其直属机构2026年度考试录用公务员招考简章.xls"",""local_source_sha256"":""2670bae1df1dd07a3a3c79b9db46a11e3bb15a6c9c249e6af98bfd0b61ce3aaf"",""source_sheet"":""中央国家行政机关省级以下直属机构"",""filter_version"":""government_tech_v2"",""tech_filter"":{""is_tech"":true,""is_core_tech"":true,""scope"":""core"",""categories"":[""automation_robotics"",""computer_software"",""cybersecurity_cryptography""],""matched_fields"":[""major"",""description""],""major_terms"":[""控制科学与工程"",""网络空间安全"",""计算机科学与技术""],""role_terms"":[""信息技术""],""reason"":""tech_major_and_role""},""original"":{""部门代码"":""158126"",""部门名称"":""四川出入境边防检查总站"",""用人司局"":""四川出入境边防检查总站"",""机构性质"":""中央国家行政机关省级以下直属机构"",""招考职位"":""成都边检站警务技术一级主管及以下（二）"",""职位属性"":""公安机关人民警察职位"",""职位分布"":""其他职位"",""职位简介"":""属于公安机关人民警察，从事出入境边防检查和信息技术保障等工作。"",""职位代码"":""300130001004"",""机构层级"":""市（地）级"",""考试类别"":""市（地）级及以下直属机构综合管理类"",""招考人数"":""1"",""专业"":""控制科学与工程0811、计算机科学与技术0812、网络空间安全0839"",""学历"":""硕士研究生及以上"",""学位"":""与最高学历相对应的学位"",""政治面貌"":""中共党员或共青团员"",""基层工作最低年限"":""无限制"",""服务基层项目工作经历"":""无限制"",""是否在面试阶段组织专业能力测试"":""否"",""面试人员比例"":""3:1"",""工作地点"":""四川省成都市"",""落户地点"":""四川省成都市"",""备注"":""1.限2026届高校毕业生报考。高等学历教育各阶段均需取得相应学历和学位，报名时需注明专业代码。\n2.大学英语等级考试四级425分以上。\n3.按《公务员录用体检特殊标准（试行）》进行体检，对《公务员录用体检特殊标准（试行）》未做规定的项目，按《公务员录用体检通用标准（试行）》执行。视力标准可询招录单位。\n4.按《公安机关录用人民警察体能测评项目和标准》进行体能测评，警务技术职位免予测查1000米（男）/800米（女）跑项目。\n5.按《公安机关录用人民警察政治考察工作办法》开展考察。具有《公安机关录用人民警察政治考察工作办法》第八条、第九条情形的，不得报考；父母、配偶或子女已移居国（境）外的，不得报考；非公派原因，曾六个月以上在国（境）外留学、工作、生活的，不得报考。\n6.提供备勤用房，可申请周转住房；据实享受年休假、探亲假、育儿假、产假（陪产假）等，工资待遇按人民警察标准执行，享受加班补贴和值勤岗位津贴等。\n7.在本单位最低服务年限五年（含试用期）。\n8.请考生及时关注“移民管理警察招考小助手”微信小程序发布的报考信息；招录单位咨询电话028-86303239。"",""部门网站"":""https://rczk.nia.gov.cn"",""咨询电话1"":""028-86303239"",""咨询电话2"":"""",""咨询电话3"":"""",""来源Sheet"":""中央国家行政机关省级以下直属机构""}}"
"government_jobs","国家公务员2026招考简章","公务员/事业单位技术岗位","青海省西宁市","2026-07-28T09:12:58.310295+00:00","西宁出入境边防检查站一级警长及以下（三）","青海出入境边防检查总站","","青海省西宁市","公务员/事业单位;2026;computer_software;cybersecurity_cryptography;本科及以上;与最高学历相对应的学位;研究生：计算机科学与技术（077500、081200）、软件工程（083500、085405、085212）；本科：计算机科学与技术（080901）、软件工程（080902）、数据科学与大数据技术（080910T）;行政执法类","用人司局：青海出入境边防检查总站
职位简介：属于公安机关人民警察，主要从事出入境边防检查、执法办案、总站机关及口岸执勤现场网络网站运行维护、信息安全保障等工作。
专业要求：研究生：计算机科学与技术（077500、081200）、软件工程（083500、085405、085212）；本科：计算机科学与技术（080901）、软件工程（080902）、数据科学与大数据技术（080910T）
学历要求：本科及以上
学位要求：与最高学历相对应的学位
政治面貌：中共党员或共青团员
基层工作经历：无限制
考试类别：行政执法类
备注：1．限应届高校毕业生报考（高等学历教育各阶段均需取得相应学历和学位，报名时请注明专业代码）。2．具有中级及以上计算机技术与软件专业技术资格，大学英语等级考试四级425分以上。3．按《公务员录用体检特殊标准（试行）》进行体检，对《公务员录用体检特殊标准（试行）》未作规定的项目，按《公务员录用体检通用标准（试行）》执行，视力标准可询招录单位。4．按《公安机关录用人民警察体能测评项目和标准》进行体能测评。5．按《公安机关录用人民警察政治考察工作办法》开展考察。具有《公安机关录用人民警察政治考察工作办法》第八条、第九条情形的，不得报考；父母、配偶或子女已移居国（境）外的，不得报考；非公派原因，曾六个月以上在国（境）外留学、工作、生活的，不得报考。6．仅限男性报考。7．提供集体宿舍，工资待遇按人民警察标准执行，享受加班补贴和值勤岗位津贴，有固定的探亲假和休假安排，享受艰苦边远地区补助或高原津贴。8．须服从二次分配，在本单位最低服务年限五年（含试用期）。9．请考生及时关注“移民管理警察招考小助手”微信小程序等发布的报考信息。","http://bm.scs.gov.cn/kl2026#158132-300130310003","2025-10-14","{""dataset_year"":2026,""job_uid"":""GOV-2026-158132-300130310003"",""publisher"":""国家公务员局"",""publication_page"":""http://bm.scs.gov.cn/kl2026"",""attachment_url"":""local://2026_guokao_zhaokaojianzhang.zip"",""local_source_file"":""中央机关及其直属机构2026年度考试录用公务员招考简章.xls"",""local_source_sha256"":""2670bae1df1dd07a3a3c79b9db46a11e3bb15a6c9c249e6af98bfd0b61ce3aaf"",""source_sheet"":""中央国家行政机关省级以下直属机构"",""filter_version"":""government_tech_v2"",""tech_filter"":{""is_tech"":true,""is_core_tech"":true,""scope"":""core"",""categories"":[""computer_software"",""cybersecurity_cryptography""],""matched_fields"":[""major"",""description"",""remarks""],""major_terms"":[""大数据"",""数据科学与大数据技术"",""计算机科学与技术"",""软件工程""],""role_terms"":[""信息安全"",""计算机"",""软件""],""reason"":""tech_major_and_role""},""original"":{""部门代码"":""158132"",""部门名称"":""青海出入境边防检查总站"",""用人司局"":""青海出入境边防检查总站"",""机构性质"":""中央国家行政机关省级以下直属机构"",""招考职位"":""西宁出入境边防检查站一级警长及以下（三）"",""职位属性"":""公安机关人民警察职位"",""职位分布"":""其他职位"",""职位简介"":""属于公安机关人民警察，主要从事出入境边防检查、执法办案、总站机关及口岸执勤现场网络网站运行维护、信息安全保障等工作。"",""职位代码"":""300130310003"",""机构层级"":""市（地）级"",""考试类别"":""行政执法类"",""招考人数"":""1"",""专业"":""研究生：计算机科学与技术（077500、081200）、软件工程（083500、085405、085212）；本科：计算机科学与技术（080901）、软件工程（080902）、数据科学与大数据技术（080910T）"",""学历"":""本科及以上"",""学位"":""与最高学历相对应的学位"",""政治面貌"":""中共党员或共青团员"",""基层工作最低年限"":""无限制"",""服务基层项目工作经历"":""无限制"",""是否在面试阶段组织专业能力测试"":""否"",""面试人员比例"":""3:1"",""工作地点"":""青海省西宁市"",""落户地点"":""青海省西宁市"",""备注"":""1．限应届高校毕业生报考（高等学历教育各阶段均需取得相应学历和学位，报名时请注明专业代码）。2．具有中级及以上计算机技术与软件专业技术资格，大学英语等级考试四级425分以上。3．按《公务员录用体检特殊标准（试行）》进行体检，对《公务员录用体检特殊标准（试行）》未作规定的项目，按《公务员录用体检通用标准（试行）》执行，视力标准可询招录单位。4．按《公安机关录用人民警察体能测评项目和标准》进行体能测评。5．按《公安机关录用人民警察政治考察工作办法》开展考察。具有《公安机关录用人民警察政治考察工作办法》第八条、第九条情形的，不得报考；父母、配偶或子女已移居国（境）外的，不得报考；非公派原因，曾六个月以上在国（境）外留学、工作、生活的，不得报考。6．仅限男性报考。7．提供集体宿舍，工资待遇按人民警察标准执行，享受加班补贴和值勤岗位津贴，有固定的探亲假和休假安排，享受艰苦边远地区补助或高原津贴。8．须服从二次分配，在本单位最低服务年限五年（含试用期）。9．请考生及时关注“移民管理警察招考小助手”微信小程序等发布的报考信息。"",""部门网站"":""https://rczk.nia.gov.cn"",""咨询电话1"":""09714115999-6311"",""咨询电话2"":""19809786502"",""咨询电话3"":"""",""来源Sheet"":""中央国家行政机关省级以下直属机构""}}"
"government_jobs","国家公务员2026招考简章","公务员/事业单位技术岗位","宁夏回族自治区银川市","2026-07-28T09:12:58.310295+00:00","银川出入境边防检查站警务技术一级主管及以下","宁夏出入境边防检查总站","","宁夏回族自治区银川市","公务员/事业单位;2026;computer_software;cybersecurity_cryptography;electronics_communication;硕士研究生及以上;与最高学历相对应的学位;计算机专业技术（0812）、软件工程（0835）、网络空间安全（0839）、电子信息（0854）;市（地）级及以下直属机构综合管理类","用人司局：宁夏出入境边防检查总站
职位简介：属于公安机关人民警察，主要从事出入境边防检查、口岸限定区域管理等工作。
专业要求：计算机专业技术（0812）、软件工程（0835）、网络空间安全（0839）、电子信息（0854）
学历要求：硕士研究生及以上
学位要求：与最高学历相对应的学位
政治面貌：中共党员或共青团员
基层工作经历：无限制
考试类别：市（地）级及以下直属机构综合管理类
备注：1.限2026届高校毕业生报考（高等学历教育各阶段均需取得相应学历和学位，报名时需注明专业代码）。
2.大学英语等级考试四级425分以上。
3.取得计算机技术与软件专业技术中级及以上资格。
4.按《公务员录用体检特殊标准（试行）》进行体检，对《公务员录用体检特殊标准（试行）》未作规定的项目，按《公务员录用体检通用标准（试行）》执行，视力标准可询招录单位。
5.按《公安机关录用人民警察体能测评项目和标准》进行体能测评，警务技术职位免予测查1000米（男）/800米（女）跑项目。
6.按《公安机关录用人民警察政治考察工作办法》开展考察。具有《公安机关录用人民警察政治考察工作办法》第八条、第九条情形的，不得报考；父母、配偶或子女已移居国（境）外的，不得报考；非公派原因，曾六个月以上在国（境）外留学、工作、生活的，不得报考。
7.仅限男性报考。
8.工资待遇按人民警察标准执行，享受加班补贴和值勤岗位津贴。
9.提供集体宿舍，有固定的探亲假和休假安排。
10.在本单位最低服务年限五年（含试用期）。
11.请考生及时关注“移民管理警察招考小助手”微信小程序发布的报考信息。","http://bm.scs.gov.cn/kl2026#158133-300130133001","2025-10-14","{""dataset_year"":2026,""job_uid"":""GOV-2026-158133-300130133001"",""publisher"":""国家公务员局"",""publication_page"":""http://bm.scs.gov.cn/kl2026"",""attachment_url"":""local://2026_guokao_zhaokaojianzhang.zip"",""local_source_file"":""中央机关及其直属机构2026年度考试录用公务员招考简章.xls"",""local_source_sha256"":""2670bae1df1dd07a3a3c79b9db46a11e3bb15a6c9c249e6af98bfd0b61ce3aaf"",""source_sheet"":""中央国家行政机关省级以下直属机构"",""filter_version"":""government_tech_v2"",""tech_filter"":{""is_tech"":true,""is_core_tech"":true,""scope"":""core"",""categories"":[""computer_software"",""cybersecurity_cryptography"",""electronics_communication""],""matched_fields"":[""major"",""remarks""],""major_terms"":[""电子信息"",""网络空间安全"",""计算机"",""软件工程""],""role_terms"":[""计算机"",""软件""],""reason"":""tech_major_and_role""},""original"":{""部门代码"":""158133"",""部门名称"":""宁夏出入境边防检查总站"",""用人司局"":""宁夏出入境边防检查总站"",""机构性质"":""中央国家行政机关省级以下直属机构"",""招考职位"":""银川出入境边防检查站警务技术一级主管及以下"",""职位属性"":""公安机关人民警察职位"",""职位分布"":""西部地区和艰苦边远地区职位"",""职位简介"":""属于公安机关人民警察，主要从事出入境边防检查、口岸限定区域管理等工作。"",""职位代码"":""300130133001"",""机构层级"":""市（地）级"",""考试类别"":""市（地）级及以下直属机构综合管理类"",""招考人数"":""1"",""专业"":""计算机专业技术（0812）、软件工程（0835）、网络空间安全（0839）、电子信息（0854）"",""学历"":""硕士研究生及以上"",""学位"":""与最高学历相对应的学位"",""政治面貌"":""中共党员或共青团员"",""基层工作最低年限"":""无限制"",""服务基层项目工作经历"":""无限制"",""是否在面试阶段组织专业能力测试"":""否"",""面试人员比例"":""3:1"",""工作地点"":""宁夏回族自治区银川市"",""落户地点"":""宁夏回族自治区银川市"",""备注"":""1.限2026届高校毕业生报考（高等学历教育各阶段均需取得相应学历和学位，报名时需注明专业代码）。\n2.大学英语等级考试四级425分以上。\n3.取得计算机技术与软件专业技术中级及以上资格。\n4.按《公务员录用体检特殊标准（试行）》进行体检，对《公务员录用体检特殊标准（试行）》未作规定的项目，按《公务员录用体检通用标准（试行）》执行，视力标准可询招录单位。\n5.按《公安机关录用人民警察体能测评项目和标准》进行体能测评，警务技术职位免予测查1000米（男）/800米（女）跑项目。\n6.按《公安机关录用人民警察政治考察工作办法》开展考察。具有《公安机关录用人民警察政治考察工作办法》第八条、第九条情形的，不得报考；父母、配偶或子女已移居国（境）外的，不得报考；非公派原因，曾六个月以上在国（境）外留学、工作、生活的，不得报考。\n7.仅限男性报考。\n8.工资待遇按人民警察标准执行，享受加班补贴和值勤岗位津贴。\n9.提供集体宿舍，有固定的探亲假和休假安排。\n10.在本单位最低服务年限五年（含试用期）。\n11.请考生及时关注“移民管理警察招考小助手”微信小程序发布的报考信息。"",""部门网站"":""https://rczk.nia.gov.cn"",""咨询电话1"":""0951-4015040"",""咨询电话2"":"""",""咨询电话3"":"""",""来源Sheet"":""中央国家行政机关省级以下直属机构""}}"
"government_jobs","国家公务员2026招考简章","公务员/事业单位技术岗位","新疆维吾尔自治区塔城地区","2026-07-28T09:12:58.310295+00:00","塔城边境管理支队一级警长及以下（四）","新疆出入境边防检查总站","","新疆维吾尔自治区塔城地区","公务员/事业单位;2026;computer_software;仅限大专;无要求;510201计算机应用技术、510209人工智能技术应用、460609无人机应用技术;行政执法类","用人司局：新疆出入境边防检查总站
职位简介：属于公安机关人民警察，长期驻守边境一线，主要从事边境管理、治安管理、户籍管理以及计算机网络维护、软件开发、无人机飞行等工作。
专业要求：510201计算机应用技术、510209人工智能技术应用、460609无人机应用技术
学历要求：仅限大专
学位要求：无要求
政治面貌：中共党员或共青团员
基层工作经历：无限制
考试类别：行政执法类
备注：1.限应届高校毕业生报考，报名时需注明专业代码。
2.按《公务员录用体检特殊标准（试行）》进行体检，对《公务员录用体检特殊标准（试行）》未作规定的项目，按《公务员录用体检通用标准（试行）》执行，视力标准可询招录单位。
3.按《公安机关录用人民警察体能测评项目和标准》进行体能测评。
4.按《公安机关录用人民警察政治考察工作办法》开展考察。具有《公安机关录用人民警察政治考察工作办法》第八条、第九条情形的，不得报考；父母、配偶或子女已移居国（境）外的，不得报考；非公派原因，曾六个月以上在国（境）外留学、工作、生活的，不得报考。
5.单位提供食宿，每年有固定探亲假和休假安排。
6.工资待遇按人民警察标准执行，享受加班补贴和值勤岗位津贴。享受艰苦边远地区补助或高原津贴。
7.须服从二次分配。
8.仅限男性，新疆户籍生源报考。
9.请考生及时关注“移民管理警察招考小助手”微信小程序发布的报考信息。","http://bm.scs.gov.cn/kl2026#158134-300130134008","2025-10-14","{""dataset_year"":2026,""job_uid"":""GOV-2026-158134-300130134008"",""publisher"":""国家公务员局"",""publication_page"":""http://bm.scs.gov.cn/kl2026"",""attachment_url"":""local://2026_guokao_zhaokaojianzhang.zip"",""local_source_file"":""中央机关及其直属机构2026年度考试录用公务员招考简章.xls"",""local_source_sha256"":""2670bae1df1dd07a3a3c79b9db46a11e3bb15a6c9c249e6af98bfd0b61ce3aaf"",""source_sheet"":""中央国家行政机关省级以下直属机构"",""filter_version"":""government_tech_v2"",""tech_filter"":{""is_tech"":true,""is_core_tech"":true,""scope"":""core"",""categories"":[""computer_software""],""matched_fields"":[""major"",""description""],""major_terms"":[""人工智能"",""计算机""],""role_terms"":[""网络维护"",""计算机"",""软件"",""软件开发""],""reason"":""tech_major_and_role""},""original"":{""部门代码"":""158134"",""部门名称"":""新疆出入境边防检查总站"",""用人司局"":""新疆出入境边防检查总站"",""机构性质"":""中央国家行政机关省级以下直属机构"",""招考职位"":""塔城边境管理支队一级警长及以下（四）"",""职位属性"":""公安机关人民警察职位"",""职位分布"":""西部地区和艰苦边远地区职位"",""职位简介"":""属于公安机关人民警察，长期驻守边境一线，主要从事边境管理、治安管理、户籍管理以及计算机网络维护、软件开发、无人机飞行等工作。"",""职位代码"":""300130134008"",""机构层级"":""市（地）级"",""考试类别"":""行政执法类"",""招考人数"":""4"",""专业"":""510201计算机应用技术、510209人工智能技术应用、460609无人机应用技术"",""学历"":""仅限大专"",""学位"":""无要求"",""政治面貌"":""中共党员或共青团员"",""基层工作最低年限"":""无限制"",""服务基层项目工作经历"":""无限制"",""是否在面试阶段组织专业能力测试"":""否"",""面试人员比例"":""3:1"",""工作地点"":""新疆维吾尔自治区塔城地区"",""落户地点"":""新疆维吾尔自治区塔城地区"",""备注"":""1.限应届高校毕业生报考，报名时需注明专业代码。\n2.按《公务员录用体检特殊标准（试行）》进行体检，对《公务员录用体检特殊标准（试行）》未作规定的项目，按《公务员录用体检通用标准（试行）》执行，视力标准可询招录单位。\n3.按《公安机关录用人民警察体能测评项目和标准》进行体能测评。\n4.按《公安机关录用人民警察政治考察工作办法》开展考察。具有《公安机关录用人民警察政治考察工作办法》第八条、第九条情形的，不得报考；父母、配偶或子女已移居国（境）外的，不得报考；非公派原因，曾六个月以上在国（境）外留学、工作、生活的，不得报考。\n5.单位提供食宿，每年有固定探亲假和休假安排。\n6.工资待遇按人民警察标准执行，享受加班补贴和值勤岗位津贴。享受艰苦边远地区补助或高原津贴。\n7.须服从二次分配。\n8.仅限男性，新疆户籍生源报考。\n9.请考生及时关注“移民管理警察招考小助手”微信小程序发布的报考信息。"",""部门网站"":""https://rczk.nia.gov.cn"",""咨询电话1"":""0991-8512120"",""咨询电话2"":""0991-8512137"",""咨询电话3"":""0991-8512138"",""来源Sheet"":""中央国家行政机关省级以下直属机构""}}"
"government_jobs","国家公务员2026招考简章","公务员/事业单位技术岗位","新疆维吾尔自治区克孜勒苏柯尔克孜自治州","2026-07-28T09:12:58.310295+00:00","克州边境管理支队一级警长及以下（一）","新疆出入境边防检查总站","","新疆维吾尔自治区克孜勒苏柯尔克孜自治州","公务员/事业单位;2026;computer_software;electronics_communication;仅限本科;学士;080701电子信息工程、080702电子科学与技术、080703通信工程、120203K会计学;行政执法类","用人司局：新疆出入境边防检查总站
职位简介：属于公安机关人民警察，长期驻守边境一线，主要从事边境管理、治安管理、户籍管理以及软件开发、编程控制、信息通信、财务管理等工作。
专业要求：080701电子信息工程、080702电子科学与技术、080703通信工程、120203K会计学
学历要求：仅限本科
学位要求：学士
政治面貌：中共党员或共青团员
基层工作经历：无限制
考试类别：行政执法类
备注：1.限应届高校毕业生报考（高等学历教育各阶段均需取得相应学历和学位，报名时需注明专业代码）。
2.按《公务员录用体检特殊标准（试行）》进行体检，对《公务员录用体检特殊标准（试行）》未作规定的项目，按《公务员录用体检通用标准（试行）》执行，视力标准可询招录单位。
3.按《公安机关录用人民警察体能测评项目和标准》进行体能测评。
4.按《公安机关录用人民警察政治考察工作办法》开展考察。具有《公安机关录用人民警察政治考察工作办法》第八条、第九条情形的，不得报考；父母、配偶或子女已移居国（境）外的，不得报考；非公派原因，曾六个月以上在国（境）外留学、工作、生活的，不得报考。
5.单位提供食宿，每年有固定探亲假和休假安排。
6.工资待遇按人民警察标准执行，享受加班补贴和值勤岗位津贴。享受艰苦边远地区补助或高原津贴。
7.须服从二次分配。
8.仅限男性报考。
9.请考生及时关注“移民管理警察招考小助手”微信小程序发布的报考信息。","http://bm.scs.gov.cn/kl2026#158134-300130134019","2025-10-14","{""dataset_year"":2026,""job_uid"":""GOV-2026-158134-300130134019"",""publisher"":""国家公务员局"",""publication_page"":""http://bm.scs.gov.cn/kl2026"",""attachment_url"":""local://2026_guokao_zhaokaojianzhang.zip"",""local_source_file"":""中央机关及其直属机构2026年度考试录用公务员招考简章.xls"",""local_source_sha256"":""2670bae1df1dd07a3a3c79b9db46a11e3bb15a6c9c249e6af98bfd0b61ce3aaf"",""source_sheet"":""中央国家行政机关省级以下直属机构"",""filter_version"":""government_tech_v2"",""tech_filter"":{""is_tech"":true,""is_core_tech"":true,""scope"":""core"",""categories"":[""computer_software"",""electronics_communication""],""matched_fields"":[""major"",""description""],""major_terms"":[""电子信息工程"",""电子科学与技术"",""通信工程""],""role_terms"":[""信息通信"",""软件"",""软件开发""],""reason"":""tech_major_and_role""},""original"":{""部门代码"":""158134"",""部门名称"":""新疆出入境边防检查总站"",""用人司局"":""新疆出入境边防检查总站"",""机构性质"":""中央国家行政机关省级以下直属机构"",""招考职位"":""克州边境管理支队一级警长及以下（一）"",""职位属性"":""公安机关人民警察职位"",""职位分布"":""西部地区和艰苦边远地区职位"",""职位简介"":""属于公安机关人民警察，长期驻守边境一线，主要从事边境管理、治安管理、户籍管理以及软件开发、编程控制、信息通信、财务管理等工作。"",""职位代码"":""300130134019"",""机构层级"":""市（地）级"",""考试类别"":""行政执法类"",""招考人数"":""2"",""专业"":""080701电子信息工程、080702电子科学与技术、080703通信工程、120203K会计学"",""学历"":""仅限本科"",""学位"":""学士"",""政治面貌"":""中共党员或共青团员"",""基层工作最低年限"":""无限制"",""服务基层项目工作经历"":""无限制"",""是否在面试阶段组织专业能力测试"":""否"",""面试人员比例"":""3:1"",""工作地点"":""新疆维吾尔自治区克孜勒苏柯尔克孜自治州"",""落户地点"":""新疆维吾尔自治区克孜勒苏柯尔克孜自治州"",""备注"":""1.限应届高校毕业生报考（高等学历教育各阶段均需取得相应学历和学位，报名时需注明专业代码）。\n2.按《公务员录用体检特殊标准（试行）》进行体检，对《公务员录用体检特殊标准（试行）》未作规定的项目，按《公务员录用体检通用标准（试行）》执行，视力标准可询招录单位。\n3.按《公安机关录用人民警察体能测评项目和标准》进行体能测评。\n4.按《公安机关录用人民警察政治考察工作办法》开展考察。具有《公安机关录用人民警察政治考察工作办法》第八条、第九条情形的，不得报考；父母、配偶或子女已移居国（境）外的，不得报考；非公派原因，曾六个月以上在国（境）外留学、工作、生活的，不得报考。\n5.单位提供食宿，每年有固定探亲假和休假安排。\n6.工资待遇按人民警察标准执行，享受加班补贴和值勤岗位津贴。享受艰苦边远地区补助或高原津贴。\n7.须服从二次分配。\n8.仅限男性报考。\n9.请考生及时关注“移民管理警察招考小助手”微信小程序发布的报考信息。"",""部门网站"":""https://rczk.nia.gov.cn"",""咨询电话1"":""0991-8512120"",""咨询电话2"":""0991-8512137"",""咨询电话3"":""0991-8512138"",""来源Sheet"":""中央国家行政机关省级以下直属机构""}}"
"government_jobs","国家公务员2026招考简章","公务员/事业单位技术岗位","新疆维吾尔自治区克孜勒苏柯尔克孜自治州","2026-07-28T09:12:58.310295+00:00","克州边境管理支队一级警长及以下（三）","新疆出入境边防检查总站","","新疆维吾尔自治区克孜勒苏柯尔克孜自治州","公务员/事业单位;2026;computer_software;data_ai;仅限大专;无要求;510203软件技术、510205大数据技术、500113高速铁路客运服务、580601K刑事侦查技术;行政执法类","用人司局：新疆出入境边防检查总站
职位简介：属于公安机关人民警察，长期驻守边境一线，主要从事边境管理、治安管理、户籍管理以及软件开发、大数据平台建设维护和分析、服务礼仪培训、刑事案件侦办等工作。
专业要求：510203软件技术、510205大数据技术、500113高速铁路客运服务、580601K刑事侦查技术
学历要求：仅限大专
学位要求：无要求
政治面貌：中共党员或共青团员
基层工作经历：无限制
考试类别：行政执法类
备注：1.限应届高校毕业生报考，报名时需注明专业代码。
2.按《公务员录用体检特殊标准（试行）》进行体检，对《公务员录用体检特殊标准（试行）》未作规定的项目，按《公务员录用体检通用标准（试行）》执行，视力标准可询招录单位。
3.按《公安机关录用人民警察体能测评项目和标准》进行体能测评。
4.按《公安机关录用人民警察政治考察工作办法》开展考察。具有《公安机关录用人民警察政治考察工作办法》第八条、第九条情形的，不得报考；父母、配偶或子女已移居国（境）外的，不得报考；非公派原因，曾六个月以上在国（境）外留学、工作、生活的，不得报考。
5.单位提供食宿，每年有固定探亲假和休假安排。
6.工资待遇按人民警察标准执行，享受加班补贴和值勤岗位津贴。享受艰苦边远地区补助或高原津贴。
7.须服从二次分配。
8.仅限男性，新疆户籍生源报考。
9.请考生及时关注“移民管理警察招考小助手”微信小程序发布的报考信息。","http://bm.scs.gov.cn/kl2026#158134-300130134021","2025-10-14","{""dataset_year"":2026,""job_uid"":""GOV-2026-158134-300130134021"",""publisher"":""国家公务员局"",""publication_page"":""http://bm.scs.gov.cn/kl2026"",""attachment_url"":""local://2026_guokao_zhaokaojianzhang.zip"",""local_source_file"":""中央机关及其直属机构2026年度考试录用公务员招考简章.xls"",""local_source_sha256"":""2670bae1df1dd07a3a3c79b9db46a11e3bb15a6c9c249e6af98bfd0b61ce3aaf"",""source_sheet"":""中央国家行政机关省级以下直属机构"",""filter_version"":""government_tech_v2"",""tech_filter"":{""is_tech"":true,""is_core_tech"":true,""scope"":""core"",""categories"":[""computer_software"",""data_ai""],""matched_fields"":[""major"",""description""],""major_terms"":[""大数据""],""role_terms"":[""大数据"",""数据平台"",""软件"",""软件开发""],""reason"":""tech_major_and_role""},""original"":{""部门代码"":""158134"",""部门名称"":""新疆出入境边防检查总站"",""用人司局"":""新疆出入境边防检查总站"",""机构性质"":""中央国家行政机关省级以下直属机构"",""招考职位"":""克州边境管理支队一级警长及以下（三）"",""职位属性"":""公安机关人民警察职位"",""职位分布"":""西部地区和艰苦边远地区职位"",""职位简介"":""属于公安机关人民警察，长期驻守边境一线，主要从事边境管理、治安管理、户籍管理以及软件开发、大数据平台建设维护和分析、服务礼仪培训、刑事案件侦办等工作。"",""职位代码"":""300130134021"",""机构层级"":""市（地）级"",""考试类别"":""行政执法类"",""招考人数"":""4"",""专业"":""510203软件技术、510205大数据技术、500113高速铁路客运服务、580601K刑事侦查技术"",""学历"":""仅限大专"",""学位"":""无要求"",""政治面貌"":""中共党员或共青团员"",""基层工作最低年限"":""无限制"",""服务基层项目工作经历"":""无限制"",""是否在面试阶段组织专业能力测试"":""否"",""面试人员比例"":""3:1"",""工作地点"":""新疆维吾尔自治区克孜勒苏柯尔克孜自治州"",""落户地点"":""新疆维吾尔自治区克孜勒苏柯尔克孜自治州"",""备注"":""1.限应届高校毕业生报考，报名时需注明专业代码。\n2.按《公务员录用体检特殊标准（试行）》进行体检，对《公务员录用体检特殊标准（试行）》未作规定的项目，按《公务员录用体检通用标准（试行）》执行，视力标准可询招录单位。\n3.按《公安机关录用人民警察体能测评项目和标准》进行体能测评。\n4.按《公安机关录用人民警察政治考察工作办法》开展考察。具有《公安机关录用人民警察政治考察工作办法》第八条、第九条情形的，不得报考；父母、配偶或子女已移居国（境）外的，不得报考；非公派原因，曾六个月以上在国（境）外留学、工作、生活的，不得报考。\n5.单位提供食宿，每年有固定探亲假和休假安排。\n6.工资待遇按人民警察标准执行，享受加班补贴和值勤岗位津贴。享受艰苦边远地区补助或高原津贴。\n7.须服从二次分配。\n8.仅限男性，新疆户籍生源报考。\n9.请考生及时关注“移民管理警察招考小助手”微信小程序发布的报考信息。"",""部门网站"":""https://rczk.nia.gov.cn"",""咨询电话1"":""0991-8512120"",""咨询电话2"":""0991-8512137"",""咨询电话3"":""0991-8512138"",""来源Sheet"":""中央国家行政机关省级以下直属机构""}}"
"government_jobs","国家公务员2026招考简章","公务员/事业单位技术岗位","新疆维吾尔自治区喀什地区","2026-07-28T09:12:58.310295+00:00","喀什边境管理支队一级警长及以下（四）","新疆出入境边防检查总站","","新疆维吾尔自治区喀什地区","公务员/事业单位;2026;computer_software;cybersecurity_cryptography;data_ai;仅限本科;学士;080901计算机科学与技术、080903网络工程、081001土木工程;行政执法类","用人司局：新疆出入境边防检查总站
职位简介：属于公安机关人民警察，长期驻守边境一线，主要从事边境管理、治安管理、户籍管理以及网络系统、信息安全、数据分析、建筑工程施工监理等工作。
专业要求：080901计算机科学与技术、080903网络工程、081001土木工程
学历要求：仅限本科
学位要求：学士
政治面貌：中共党员或共青团员
基层工作经历：无限制
考试类别：行政执法类
备注：1.限应届高校毕业生报考（高等学历教育各阶段均需取得相应学历和学位，报名时需注明专业代码）。
2.按《公务员录用体检特殊标准（试行）》进行体检，对《公务员录用体检特殊标准（试行）》未作规定的项目，按《公务员录用体检通用标准（试行）》执行，视力标准可询招录单位。
3.按《公安机关录用人民警察体能测评项目和标准》进行体能测评。
4.按《公安机关录用人民警察政治考察工作办法》开展考察。具有《公安机关录用人民警察政治考察工作办法》第八条、第九条情形的，不得报考；父母、配偶或子女已移居国（境）外的，不得报考；非公派原因，曾六个月以上在国（境）外留学、工作、生活的，不得报考。
5.单位提供食宿，每年有固定探亲假和休假安排。
6.工资待遇按人民警察标准执行，享受加班补贴和值勤岗位津贴。享受艰苦边远地区补助或高原津贴。
7.须服从二次分配。
8.仅限男性，新疆户籍生源报考。
9.请考生及时关注“移民管理警察招考小助手”微信小程序发布的报考信息。","http://bm.scs.gov.cn/kl2026#158134-300130134030","2025-10-14","{""dataset_year"":2026,""job_uid"":""GOV-2026-158134-300130134030"",""publisher"":""国家公务员局"",""publication_page"":""http://bm.scs.gov.cn/kl2026"",""attachment_url"":""local://2026_guokao_zhaokaojianzhang.zip"",""local_source_file"":""中央机关及其直属机构2026年度考试录用公务员招考简章.xls"",""local_source_sha256"":""2670bae1df1dd07a3a3c79b9db46a11e3bb15a6c9c249e6af98bfd0b61ce3aaf"",""source_sheet"":""中央国家行政机关省级以下直属机构"",""filter_version"":""government_tech_v2"",""tech_filter"":{""is_tech"":true,""is_core_tech"":true,""scope"":""core"",""categories"":[""computer_software"",""cybersecurity_cryptography"",""data_ai""],""matched_fields"":[""major"",""description""],""major_terms"":[""网络工程"",""计算机科学与技术""],""role_terms"":[""信息安全"",""数据分析""],""reason"":""tech_major_and_role""},""original"":{""部门代码"":""158134"",""部门名称"":""新疆出入境边防检查总站"",""用人司局"":""新疆出入境边防检查总站"",""机构性质"":""中央国家行政机关省级以下直属机构"",""招考职位"":""喀什边境管理支队一级警长及以下（四）"",""职位属性"":""公安机关人民警察职位"",""职位分布"":""西部地区和艰苦边远地区职位"",""职位简介"":""属于公安机关人民警察，长期驻守边境一线，主要从事边境管理、治安管理、户籍管理以及网络系统、信息安全、数据分析、建筑工程施工监理等工作。"",""职位代码"":""300130134030"",""机构层级"":""市（地）级"",""考试类别"":""行政执法类"",""招考人数"":""2"",""专业"":""080901计算机科学与技术、080903网络工程、081001土木工程"",""学历"":""仅限本科"",""学位"":""学士"",""政治面貌"":""中共党员或共青团员"",""基层工作最低年限"":""无限制"",""服务基层项目工作经历"":""无限制"",""是否在面试阶段组织专业能力测试"":""否"",""面试人员比例"":""3:1"",""工作地点"":""新疆维吾尔自治区喀什地区"",""落户地点"":""新疆维吾尔自治区喀什地区"",""备注"":""1.限应届高校毕业生报考（高等学历教育各阶段均需取得相应学历和学位，报名时需注明专业代码）。\n2.按《公务员录用体检特殊标准（试行）》进行体检，对《公务员录用体检特殊标准（试行）》未作规定的项目，按《公务员录用体检通用标准（试行）》执行，视力标准可询招录单位。\n3.按《公安机关录用人民警察体能测评项目和标准》进行体能测评。\n4.按《公安机关录用人民警察政治考察工作办法》开展考察。具有《公安机关录用人民警察政治考察工作办法》第八条、第九条情形的，不得报考；父母、配偶或子女已移居国（境）外的，不得报考；非公派原因，曾六个月以上在国（境）外留学、工作、生活的，不得报考。\n5.单位提供食宿，每年有固定探亲假和休假安排。\n6.工资待遇按人民警察标准执行，享受加班补贴和值勤岗位津贴。享受艰苦边远地区补助或高原津贴。\n7.须服从二次分配。\n8.仅限男性，新疆户籍生源报考。\n9.请考生及时关注“移民管理警察招考小助手”微信小程序发布的报考信息。"",""部门网站"":""https://rczk.nia.gov.cn"",""咨询电话1"":""0991-8512120"",""咨询电话2"":""0991-8512137"",""咨询电话3"":""0991-8512138"",""来源Sheet"":""中央国家行政机关省级以下直属机构""}}"
"government_jobs","国家公务员2026招考简章","公务员/事业单位技术岗位","新疆维吾尔自治区和田地区","2026-07-28T09:12:58.310295+00:00","和田边境管理支队一级警长及以下（七）","新疆出入境边防检查总站","","新疆维吾尔自治区和田地区","公务员/事业单位;2026;computer_software;cybersecurity_cryptography;electronics_communication;仅限本科;学士;080903网络工程、080703通信工程;行政执法类","用人司局：新疆出入境边防检查总站
职位简介：属于公安机关人民警察，长期驻守边境一线，主要从事边境管理、治安管理、户籍管理以及信息通信、网络安全维护等工作。
专业要求：080903网络工程、080703通信工程
学历要求：仅限本科
学位要求：学士
政治面貌：中共党员或共青团员
基层工作经历：无限制
考试类别：行政执法类
备注：1.限应届高校毕业生报考（高等学历教育各阶段均需取得相应学历和学位，报名时需注明专业代码）。
2.按《公务员录用体检特殊标准（试行）》进行体检，对《公务员录用体检特殊标准（试行）》未作规定的项目，按《公务员录用体检通用标准（试行）》执行，视力标准可询招录单位。
3.按《公安机关录用人民警察体能测评项目和标准》进行体能测评。
4.按《公安机关录用人民警察政治考察工作办法》开展考察。具有《公安机关录用人民警察政治考察工作办法》第八条、第九条情形的，不得报考；父母、配偶或子女已移居国（境）外的，不得报考；非公派原因，曾六个月以上在国（境）外留学、工作、生活的，不得报考。
5.单位提供食宿，每年有固定探亲假和休假安排。
6.工资待遇按人民警察标准执行，享受加班补贴和值勤岗位津贴。享受艰苦边远地区补助或高原津贴。
7.须服从二次分配。
8.仅限男性，新疆户籍生源报考。
9.请考生及时关注“移民管理警察招考小助手”微信小程序发布的报考信息。","http://bm.scs.gov.cn/kl2026#158134-300130134044","2025-10-14","{""dataset_year"":2026,""job_uid"":""GOV-2026-158134-300130134044"",""publisher"":""国家公务员局"",""publication_page"":""http://bm.scs.gov.cn/kl2026"",""attachment_url"":""local://2026_guokao_zhaokaojianzhang.zip"",""local_source_file"":""中央机关及其直属机构2026年度考试录用公务员招考简章.xls"",""local_source_sha256"":""2670bae1df1dd07a3a3c79b9db46a11e3bb15a6c9c249e6af98bfd0b61ce3aaf"",""source_sheet"":""中央国家行政机关省级以下直属机构"",""filter_version"":""government_tech_v2"",""tech_filter"":{""is_tech"":true,""is_core_tech"":true,""scope"":""core"",""categories"":[""computer_software"",""cybersecurity_cryptography"",""electronics_communication""],""matched_fields"":[""major"",""description""],""major_terms"":[""网络工程"",""通信工程""],""role_terms"":[""信息通信"",""网络安全""],""reason"":""tech_major_and_role""},""original"":{""部门代码"":""158134"",""部门名称"":""新疆出入境边防检查总站"",""用人司局"":""新疆出入境边防检查总站"",""机构性质"":""中央国家行政机关省级以下直属机构"",""招考职位"":""和田边境管理支队一级警长及以下（七）"",""职位属性"":""公安机关人民警察职位"",""职位分布"":""西部地区和艰苦边远地区职位"",""职位简介"":""属于公安机关人民警察，长期驻守边境一线，主要从事边境管理、治安管理、户籍管理以及信息通信、网络安全维护等工作。"",""职位代码"":""300130134044"",""机构层级"":""市（地）级"",""考试类别"":""行政执法类"",""招考人数"":""4"",""专业"":""080903网络工程、080703通信工程"",""学历"":""仅限本科"",""学位"":""学士"",""政治面貌"":""中共党员或共青团员"",""基层工作最低年限"":""无限制"",""服务基层项目工作经历"":""无限制"",""是否在面试阶段组织专业能力测试"":""否"",""面试人员比例"":""3:1"",""工作地点"":""新疆维吾尔自治区和田地区"",""落户地点"":""新疆维吾尔自治区和田地区"",""备注"":""1.限应届高校毕业生报考（高等学历教育各阶段均需取得相应学历和学位，报名时需注明专业代码）。\n2.按《公务员录用体检特殊标准（试行）》进行体检，对《公务员录用体检特殊标准（试行）》未作规定的项目，按《公务员录用体检通用标准（试行）》执行，视力标准可询招录单位。\n3.按《公安机关录用人民警察体能测评项目和标准》进行体能测评。\n4.按《公安机关录用人民警察政治考察工作办法》开展考察。具有《公安机关录用人民警察政治考察工作办法》第八条、第九条情形的，不得报考；父母、配偶或子女已移居国（境）外的，不得报考；非公派原因，曾六个月以上在国（境）外留学、工作、生活的，不得报考。\n5.单位提供食宿，每年有固定探亲假和休假安排。\n6.工资待遇按人民警察标准执行，享受加班补贴和值勤岗位津贴。享受艰苦边远地区补助或高原津贴。\n7.须服从二次分配。\n8.仅限男性，新疆户籍生源报考。\n9.请考生及时关注“移民管理警察招考小助手”微信小程序发布的报考信息。"",""部门网站"":""https://rczk.nia.gov.cn"",""咨询电话1"":""0991-8512120"",""咨询电话2"":""0991-8512137"",""咨询电话3"":""0991-8512138"",""来源Sheet"":""中央国家行政机关省级以下直属机构""}}"
"government_jobs","国家公务员2026招考简章","公务员/事业单位技术岗位","新疆维吾尔自治区和田地区","2026-07-28T09:12:58.310295+00:00","和田边境管理支队一级警长及以下（十三）","新疆出入境边防检查总站","","新疆维吾尔自治区和田地区","公务员/事业单位;2026;computer_software;仅限大专;无要求;510201计算机应用技术、510209人工智能技术应用、460609无人机应用技术;行政执法类","用人司局：新疆出入境边防检查总站
职位简介：属于公安机关人民警察，长期驻守边境一线，主要从事边境管理、治安管理、户籍管理以及计算机网络维护、软件开发、无人机飞行等工作。
专业要求：510201计算机应用技术、510209人工智能技术应用、460609无人机应用技术
学历要求：仅限大专
学位要求：无要求
政治面貌：中共党员或共青团员
基层工作经历：无限制
考试类别：行政执法类
备注：1.限应届高校毕业生报考，报名时需注明专业代码。
2.按《公务员录用体检特殊标准（试行）》进行体检，对《公务员录用体检特殊标准（试行）》未作规定的项目，按《公务员录用体检通用标准（试行）》执行，视力标准可询招录单位。
3.按《公安机关录用人民警察体能测评项目和标准》进行体能测评。
4.按《公安机关录用人民警察政治考察工作办法》开展考察。具有《公安机关录用人民警察政治考察工作办法》第八条、第九条情形的，不得报考；父母、配偶或子女已移居国（境）外的，不得报考；非公派原因，曾六个月以上在国（境）外留学、工作、生活的，不得报考。
5.单位提供食宿，每年有固定探亲假和休假安排。
6.工资待遇按人民警察标准执行，享受加班补贴和值勤岗位津贴。享受艰苦边远地区补助或高原津贴。
7.须服从二次分配。
8.仅限男性，新疆户籍生源报考。
9.请考生及时关注“移民管理警察招考小助手”微信小程序发布的报考信息。","http://bm.scs.gov.cn/kl2026#158134-300130134050","2025-10-14","{""dataset_year"":2026,""job_uid"":""GOV-2026-158134-300130134050"",""publisher"":""国家公务员局"",""publication_page"":""http://bm.scs.gov.cn/kl2026"",""attachment_url"":""local://2026_guokao_zhaokaojianzhang.zip"",""local_source_file"":""中央机关及其直属机构2026年度考试录用公务员招考简章.xls"",""local_source_sha256"":""2670bae1df1dd07a3a3c79b9db46a11e3bb15a6c9c249e6af98bfd0b61ce3aaf"",""source_sheet"":""中央国家行政机关省级以下直属机构"",""filter_version"":""government_tech_v2"",""tech_filter"":{""is_tech"":true,""is_core_tech"":true,""scope"":""core"",""categories"":[""computer_software""],""matched_fields"":[""major"",""description""],""major_terms"":[""人工智能"",""计算机""],""role_terms"":[""网络维护"",""计算机"",""软件"",""软件开发""],""reason"":""tech_major_and_role""},""original"":{""部门代码"":""158134"",""部门名称"":""新疆出入境边防检查总站"",""用人司局"":""新疆出入境边防检查总站"",""机构性质"":""中央国家行政机关省级以下直属机构"",""招考职位"":""和田边境管理支队一级警长及以下（十三）"",""职位属性"":""公安机关人民警察职位"",""职位分布"":""西部地区和艰苦边远地区职位"",""职位简介"":""属于公安机关人民警察，长期驻守边境一线，主要从事边境管理、治安管理、户籍管理以及计算机网络维护、软件开发、无人机飞行等工作。"",""职位代码"":""300130134050"",""机构层级"":""市（地）级"",""考试类别"":""行政执法类"",""招考人数"":""2"",""专业"":""510201计算机应用技术、510209人工智能技术应用、460609无人机应用技术"",""学历"":""仅限大专"",""学位"":""无要求"",""政治面貌"":""中共党员或共青团员"",""基层工作最低年限"":""无限制"",""服务基层项目工作经历"":""无限制"",""是否在面试阶段组织专业能力测试"":""否"",""面试人员比例"":""3:1"",""工作地点"":""新疆维吾尔自治区和田地区"",""落户地点"":""新疆维吾尔自治区和田地区"",""备注"":""1.限应届高校毕业生报考，报名时需注明专业代码。\n2.按《公务员录用体检特殊标准（试行）》进行体检，对《公务员录用体检特殊标准（试行）》未作规定的项目，按《公务员录用体检通用标准（试行）》执行，视力标准可询招录单位。\n3.按《公安机关录用人民警察体能测评项目和标准》进行体能测评。\n4.按《公安机关录用人民警察政治考察工作办法》开展考察。具有《公安机关录用人民警察政治考察工作办法》第八条、第九条情形的，不得报考；父母、配偶或子女已移居国（境）外的，不得报考；非公派原因，曾六个月以上在国（境）外留学、工作、生活的，不得报考。\n5.单位提供食宿，每年有固定探亲假和休假安排。\n6.工资待遇按人民警察标准执行，享受加班补贴和值勤岗位津贴。享受艰苦边远地区补助或高原津贴。\n7.须服从二次分配。\n8.仅限男性，新疆户籍生源报考。\n9.请考生及时关注“移民管理警察招考小助手”微信小程序发布的报考信息。"",""部门网站"":""https://rczk.nia.gov.cn"",""咨询电话1"":""0991-8512120"",""咨询电话2"":""0991-8512137"",""咨询电话3"":""0991-8512138"",""来源Sheet"":""中央国家行政机关省级以下直属机构""}}"
"government_jobs","国家公务员2026招考简章","公务员/事业单位技术岗位","新疆维吾尔自治区伊犁哈萨克自治州霍尔果斯市","2026-07-28T09:12:58.310295+00:00","霍尔果斯出入境边防检查站一级警长及以下（三）","新疆出入境边防检查总站","","新疆维吾尔自治区伊犁哈萨克自治州霍尔果斯市","公务员/事业单位;2026;computer_software;cybersecurity_cryptography;data_ai;仅限本科;学士;050205西班牙语、050210菲律宾语、050209韩鲜语、050212印度尼西亚语、0809计算机类;行政执法类","用人司局：新疆出入境边防检查总站
职位简介：属于公安机关人民警察，主要从事出入境边防检查、监护、巡查和应急处突、大型安保以及翻译、网络系统、信息安全、数据分析等工作，长期驻守口岸。
专业要求：050205西班牙语、050210菲律宾语、050209韩鲜语、050212印度尼西亚语、0809计算机类
学历要求：仅限本科
学位要求：学士
政治面貌：中共党员或共青团员
基层工作经历：无限制
考试类别：行政执法类
备注：1.限应届高校毕业生报考（高等学历教育各阶段均需取得相应学历和学位，报名时需注明专业代码）。
2.除外国语言文学类外其他专业考生大学英语等级考试四级425分以上。
3.按《公务员录用体检特殊标准（试行）》进行体检，对《公务员录用体检特殊标准（试行）》未作规定的项目，按《公务员录用体检通用标准（试行）》执行，视力标准可询招录单位。
4.按《公安机关录用人民警察体能测评项目和标准》进行体能测评。
5.按《公安机关录用人民警察政治考察工作办法》开展考察。具有《公安机关录用人民警察政治考察工作办法》第八条、第九条情形的，不得报考；父母、配偶或子女已移居国（境）外的，不得报考；非公派原因，曾六个月以上在国（境）外留学、工作、生活的，不得报考。
6.单位提供食宿，每年有固定探亲假和休假安排。
7.工资待遇按人民警察标准执行，享受加班补贴和值勤岗位津贴。享受艰苦边远地区补助或高原津贴。
8.须服从二次分配。
9.仅限男性报考。
10.请考生及时关注“移民管理警察招考小助手”微信小程序发布的报考信息。","http://bm.scs.gov.cn/kl2026#158134-300130134053","2025-10-14","{""dataset_year"":2026,""job_uid"":""GOV-2026-158134-300130134053"",""publisher"":""国家公务员局"",""publication_page"":""http://bm.scs.gov.cn/kl2026"",""attachment_url"":""local://2026_guokao_zhaokaojianzhang.zip"",""local_source_file"":""中央机关及其直属机构2026年度考试录用公务员招考简章.xls"",""local_source_sha256"":""2670bae1df1dd07a3a3c79b9db46a11e3bb15a6c9c249e6af98bfd0b61ce3aaf"",""source_sheet"":""中央国家行政机关省级以下直属机构"",""filter_version"":""government_tech_v2"",""tech_filter"":{""is_tech"":true,""is_core_tech"":true,""scope"":""core"",""categories"":[""computer_software"",""cybersecurity_cryptography"",""data_ai""],""matched_fields"":[""major"",""description""],""major_terms"":[""计算机类""],""role_terms"":[""信息安全"",""数据分析""],""reason"":""tech_major_and_role""},""original"":{""部门代码"":""158134"",""部门名称"":""新疆出入境边防检查总站"",""用人司局"":""新疆出入境边防检查总站"",""机构性质"":""中央国家行政机关省级以下直属机构"",""招考职位"":""霍尔果斯出入境边防检查站一级警长及以下（三）"",""职位属性"":""公安机关人民警察职位"",""职位分布"":""西部地区和艰苦边远地区职位"",""职位简介"":""属于公安机关人民警察，主要从事出入境边防检查、监护、巡查和应急处突、大型安保以及翻译、网络系统、信息安全、数据分析等工作，长期驻守口岸。"",""职位代码"":""300130134053"",""机构层级"":""市（地）级"",""考试类别"":""行政执法类"",""招考人数"":""2"",""专业"":""050205西班牙语、050210菲律宾语、050209韩鲜语、050212印度尼西亚语、0809计算机类"",""学历"":""仅限本科"",""学位"":""学士"",""政治面貌"":""中共党员或共青团员"",""基层工作最低年限"":""无限制"",""服务基层项目工作经历"":""无限制"",""是否在面试阶段组织专业能力测试"":""否"",""面试人员比例"":""3:1"",""工作地点"":""新疆维吾尔自治区伊犁哈萨克自治州霍尔果斯市"",""落户地点"":""新疆维吾尔自治区伊犁哈萨克自治州霍尔果斯市"",""备注"":""1.限应届高校毕业生报考（高等学历教育各阶段均需取得相应学历和学位，报名时需注明专业代码）。\n2.除外国语言文学类外其他专业考生大学英语等级考试四级425分以上。\n3.按《公务员录用体检特殊标准（试行）》进行体检，对《公务员录用体检特殊标准（试行）》未作规定的项目，按《公务员录用体检通用标准（试行）》执行，视力标准可询招录单位。\n4.按《公安机关录用人民警察体能测评项目和标准》进行体能测评。\n5.按《公安机关录用人民警察政治考察工作办法》开展考察。具有《公安机关录用人民警察政治考察工作办法》第八条、第九条情形的，不得报考；父母、配偶或子女已移居国（境）外的，不得报考；非公派原因，曾六个月以上在国（境）外留学、工作、生活的，不得报考。\n6.单位提供食宿，每年有固定探亲假和休假安排。\n7.工资待遇按人民警察标准执行，享受加班补贴和值勤岗位津贴。享受艰苦边远地区补助或高原津贴。\n8.须服从二次分配。\n9.仅限男性报考。\n10.请考生及时关注“移民管理警察招考小助手”微信小程序发布的报考信息。"",""部门网站"":""https://rczk.nia.gov.cn"",""咨询电话1"":""0991-8512120"",""咨询电话2"":""0991-8512137"",""咨询电话3"":""0991-8512138"",""来源Sheet"":""中央国家行政机关省级以下直属机构""}}"
"government_jobs","国家公务员2026招考简章","公务员/事业单位技术岗位","新疆维吾尔自治区伊犁哈萨克自治州霍尔果斯市","2026-07-28T09:12:58.310295+00:00","霍尔果斯出入境边防检查站一级警长及以下（五）","新疆出入境边防检查总站","","新疆维吾尔自治区伊犁哈萨克自治州霍尔果斯市","公务员/事业单位;2026;computer_software;data_ai;仅限本科;学士;080910T数据科学与大数据技术、071002生物技术、082701食品科学与工程、050202俄语;行政执法类","用人司局：新疆出入境边防检查总站
职位简介：属于公安机关人民警察，主要从事出入境边防检查、监护、巡查和应急处突、大型安保以及大数据平台建设维护和分析、翻译、现场检验、疫情防控、后勤保障等工作，长期驻守口岸。
专业要求：080910T数据科学与大数据技术、071002生物技术、082701食品科学与工程、050202俄语
学历要求：仅限本科
学位要求：学士
政治面貌：中共党员或共青团员
基层工作经历：无限制
考试类别：行政执法类
备注：1.限应届高校毕业生报考（高等学历教育各阶段均需取得相应学历和学位，报名时需注明专业代码）。
2.除外国语言文学类外其他专业考生大学英语等级考试四级425分以上。
3.按《公务员录用体检特殊标准（试行）》进行体检，对《公务员录用体检特殊标准（试行）》未作规定的项目，按《公务员录用体检通用标准（试行）》执行，视力标准可询招录单位。
4.按《公安机关录用人民警察体能测评项目和标准》进行体能测评。
5.按《公安机关录用人民警察政治考察工作办法》开展考察。具有《公安机关录用人民警察政治考察工作办法》第八条、第九条情形的，不得报考；父母、配偶或子女已移居国（境）外的，不得报考；非公派原因，曾六个月以上在国（境）外留学、工作、生活的，不得报考。
6.单位提供食宿，每年有固定探亲假和休假安排。
7.工资待遇按人民警察标准执行，享受加班补贴和值勤岗位津贴。享受艰苦边远地区补助或高原津贴。
8.须服从二次分配。
9.仅限女性，新疆户籍生源报考。
10.请考生及时关注“移民管理警察招考小助手”微信小程序发布的报考信息。","http://bm.scs.gov.cn/kl2026#158134-300130134055","2025-10-14","{""dataset_year"":2026,""job_uid"":""GOV-2026-158134-300130134055"",""publisher"":""国家公务员局"",""publication_page"":""http://bm.scs.gov.cn/kl2026"",""attachment_url"":""local://2026_guokao_zhaokaojianzhang.zip"",""local_source_file"":""中央机关及其直属机构2026年度考试录用公务员招考简章.xls"",""local_source_sha256"":""2670bae1df1dd07a3a3c79b9db46a11e3bb15a6c9c249e6af98bfd0b61ce3aaf"",""source_sheet"":""中央国家行政机关省级以下直属机构"",""filter_version"":""government_tech_v2"",""tech_filter"":{""is_tech"":true,""is_core_tech"":true,""scope"":""core"",""categories"":[""computer_software"",""data_ai""],""matched_fields"":[""major"",""description""],""major_terms"":[""大数据"",""数据科学与大数据技术""],""role_terms"":[""大数据"",""数据平台""],""reason"":""tech_major_and_role""},""original"":{""部门代码"":""158134"",""部门名称"":""新疆出入境边防检查总站"",""用人司局"":""新疆出入境边防检查总站"",""机构性质"":""中央国家行政机关省级以下直属机构"",""招考职位"":""霍尔果斯出入境边防检查站一级警长及以下（五）"",""职位属性"":""公安机关人民警察职位"",""职位分布"":""西部地区和艰苦边远地区职位"",""职位简介"":""属于公安机关人民警察，主要从事出入境边防检查、监护、巡查和应急处突、大型安保以及大数据平台建设维护和分析、翻译、现场检验、疫情防控、后勤保障等工作，长期驻守口岸。"",""职位代码"":""300130134055"",""机构层级"":""市（地）级"",""考试类别"":""行政执法类"",""招考人数"":""4"",""专业"":""080910T数据科学与大数据技术、071002生物技术、082701食品科学与工程、050202俄语"",""学历"":""仅限本科"",""学位"":""学士"",""政治面貌"":""中共党员或共青团员"",""基层工作最低年限"":""无限制"",""服务基层项目工作经历"":""无限制"",""是否在面试阶段组织专业能力测试"":""否"",""面试人员比例"":""3:1"",""工作地点"":""新疆维吾尔自治区伊犁哈萨克自治州霍尔果斯市"",""落户地点"":""新疆维吾尔自治区伊犁哈萨克自治州霍尔果斯市"",""备注"":""1.限应届高校毕业生报考（高等学历教育各阶段均需取得相应学历和学位，报名时需注明专业代码）。\n2.除外国语言文学类外其他专业考生大学英语等级考试四级425分以上。\n3.按《公务员录用体检特殊标准（试行）》进行体检，对《公务员录用体检特殊标准（试行）》未作规定的项目，按《公务员录用体检通用标准（试行）》执行，视力标准可询招录单位。\n4.按《公安机关录用人民警察体能测评项目和标准》进行体能测评。\n5.按《公安机关录用人民警察政治考察工作办法》开展考察。具有《公安机关录用人民警察政治考察工作办法》第八条、第九条情形的，不得报考；父母、配偶或子女已移居国（境）外的，不得报考；非公派原因，曾六个月以上在国（境）外留学、工作、生活的，不得报考。\n6.单位提供食宿，每年有固定探亲假和休假安排。\n7.工资待遇按人民警察标准执行，享受加班补贴和值勤岗位津贴。享受艰苦边远地区补助或高原津贴。\n8.须服从二次分配。\n9.仅限女性，新疆户籍生源报考。\n10.请考生及时关注“移民管理警察招考小助手”微信小程序发布的报考信息。"",""部门网站"":""https://rczk.nia.gov.cn"",""咨询电话1"":""0991-8512120"",""咨询电话2"":""0991-8512137"",""咨询电话3"":""0991-8512138"",""来源Sheet"":""中央国家行政机关省级以下直属机构""}}"
"government_jobs","国家公务员2026招考简章","公务员/事业单位技术岗位","新疆维吾尔自治区乌鲁木齐市","2026-07-28T09:12:58.310295+00:00","乌鲁木齐出入境边防检查站一级警长及以下（三）","新疆出入境边防检查总站","","新疆维吾尔自治区乌鲁木齐市","公务员/事业单位;2026;computer_software;cybersecurity_cryptography;data_ai;electronics_communication;仅限本科;学士;080910T数据科学与大数据技术、080705光电信息科学与工程、080907T智能科学与技术;行政执法类","用人司局：新疆出入境边防检查总站
职位简介：属于公安机关人民警察，主要从事出入境边防检查、监护、巡查和应急处突、大型安保以及大数据平台建设维护和分析、计算机网络维护系统管理、梅沙系统安全运维、数据分析等工作，长期驻守口岸。
专业要求：080910T数据科学与大数据技术、080705光电信息科学与工程、080907T智能科学与技术
学历要求：仅限本科
学位要求：学士
政治面貌：中共党员或共青团员
基层工作经历：无限制
考试类别：行政执法类
备注：1.限应届高校毕业生报考（高等学历教育各阶段均需取得相应学历和学位，报名时需注明专业代码）。
2.大学英语等级考试四级425分以上。
3.按《公务员录用体检特殊标准（试行）》进行体检，对《公务员录用体检特殊标准（试行）》未作规定的项目，按《公务员录用体检通用标准（试行）》执行，视力标准可询招录单位。
4.按《公安机关录用人民警察体能测评项目和标准》进行体能测评。
5.按《公安机关录用人民警察政治考察工作办法》开展考察。具有《公安机关录用人民警察政治考察工作办法》第八条、第九条情形的，不得报考；父母、配偶或子女已移居国（境）外的，不得报考；非公派原因，曾六个月以上在国（境）外留学、工作、生活的，不得报考。
6.单位提供食宿，每年有固定探亲假和休假安排。
7.工资待遇按人民警察标准执行，享受加班补贴和值勤岗位津贴。享受艰苦边远地区补助或高原津贴。
8.须服从二次分配。
9.仅限男性，新疆户籍生源报考。
10.请考生及时关注“移民管理警察招考小助手”微信小程序发布的报考信息。","http://bm.scs.gov.cn/kl2026#158134-300130134058","2025-10-14","{""dataset_year"":2026,""job_uid"":""GOV-2026-158134-300130134058"",""publisher"":""国家公务员局"",""publication_page"":""http://bm.scs.gov.cn/kl2026"",""attachment_url"":""local://2026_guokao_zhaokaojianzhang.zip"",""local_source_file"":""中央机关及其直属机构2026年度考试录用公务员招考简章.xls"",""local_source_sha256"":""2670bae1df1dd07a3a3c79b9db46a11e3bb15a6c9c249e6af98bfd0b61ce3aaf"",""source_sheet"":""中央国家行政机关省级以下直属机构"",""filter_version"":""government_tech_v2"",""tech_filter"":{""is_tech"":true,""is_core_tech"":true,""scope"":""core"",""categories"":[""computer_software"",""cybersecurity_cryptography"",""data_ai"",""electronics_communication""],""matched_fields"":[""major"",""description""],""major_terms"":[""光电信息"",""大数据"",""数据科学与大数据技术"",""智能科学与技术""],""role_terms"":[""大数据"",""安全运维"",""数据分析"",""数据平台"",""网络维护"",""计算机""],""reason"":""tech_major_and_role""},""original"":{""部门代码"":""158134"",""部门名称"":""新疆出入境边防检查总站"",""用人司局"":""新疆出入境边防检查总站"",""机构性质"":""中央国家行政机关省级以下直属机构"",""招考职位"":""乌鲁木齐出入境边防检查站一级警长及以下（三）"",""职位属性"":""公安机关人民警察职位"",""职位分布"":""西部地区和艰苦边远地区职位"",""职位简介"":""属于公安机关人民警察，主要从事出入境边防检查、监护、巡查和应急处突、大型安保以及大数据平台建设维护和分析、计算机网络维护系统管理、梅沙系统安全运维、数据分析等工作，长期驻守口岸。"",""职位代码"":""300130134058"",""机构层级"":""市（地）级"",""考试类别"":""行政执法类"",""招考人数"":""5"",""专业"":""080910T数据科学与大数据技术、080705光电信息科学与工程、080907T智能科学与技术"",""学历"":""仅限本科"",""学位"":""学士"",""政治面貌"":""中共党员或共青团员"",""基层工作最低年限"":""无限制"",""服务基层项目工作经历"":""无限制"",""是否在面试阶段组织专业能力测试"":""否"",""面试人员比例"":""3:1"",""工作地点"":""新疆维吾尔自治区乌鲁木齐市"",""落户地点"":""新疆维吾尔自治区乌鲁木齐市"",""备注"":""1.限应届高校毕业生报考（高等学历教育各阶段均需取得相应学历和学位，报名时需注明专业代码）。\n2.大学英语等级考试四级425分以上。\n3.按《公务员录用体检特殊标准（试行）》进行体检，对《公务员录用体检特殊标准（试行）》未作规定的项目，按《公务员录用体检通用标准（试行）》执行，视力标准可询招录单位。\n4.按《公安机关录用人民警察体能测评项目和标准》进行体能测评。\n5.按《公安机关录用人民警察政治考察工作办法》开展考察。具有《公安机关录用人民警察政治考察工作办法》第八条、第九条情形的，不得报考；父母、配偶或子女已移居国（境）外的，不得报考；非公派原因，曾六个月以上在国（境）外留学、工作、生活的，不得报考。\n6.单位提供食宿，每年有固定探亲假和休假安排。\n7.工资待遇按人民警察标准执行，享受加班补贴和值勤岗位津贴。享受艰苦边远地区补助或高原津贴。\n8.须服从二次分配。\n9.仅限男性，新疆户籍生源报考。\n10.请考生及时关注“移民管理警察招考小助手”微信小程序发布的报考信息。"",""部门网站"":""https://rczk.nia.gov.cn"",""咨询电话1"":""0991-8512120"",""咨询电话2"":""0991-8512137"",""咨询电话3"":""0991-8512138"",""来源Sheet"":""中央国家行政机关省级以下直属机构""}}"
"government_jobs","国家公务员2026招考简章","公务员/事业单位技术岗位","新疆维吾尔自治区博尔塔拉蒙古自治州阿拉山口市","2026-07-28T09:12:58.310295+00:00","阿拉山口出入境边防检查站一级警长及以下（二）","新疆出入境边防检查总站","","新疆维吾尔自治区博尔塔拉蒙古自治州阿拉山口市","公务员/事业单位;2026;computer_software;cybersecurity_cryptography;仅限本科;学士;080717T人工智能、080907T智能科学与技术、080909T电子与计算机工程、082001航空航天工程;行政执法类","用人司局：新疆出入境边防检查总站
职位简介：属于公安机关人民警察，主要从事出入境边防检查、监护、巡查和应急处突、大型安保以及计算机网络维护系统管理、梅沙系统安全运维、无人机飞行等工作，长期驻守口岸。
专业要求：080717T人工智能、080907T智能科学与技术、080909T电子与计算机工程、082001航空航天工程
学历要求：仅限本科
学位要求：学士
政治面貌：中共党员或共青团员
基层工作经历：无限制
考试类别：行政执法类
备注：1.限应届高校毕业生报考（高等学历教育各阶段均需取得相应学历和学位，报名时需注明专业代码）。
2.大学英语等级考试四级425分以上。
3.按《公务员录用体检特殊标准（试行）》进行体检，对《公务员录用体检特殊标准（试行）》未作规定的项目，按《公务员录用体检通用标准（试行）》执行，视力标准可询招录单位。
4.按《公安机关录用人民警察体能测评项目和标准》进行体能测评。
5.按《公安机关录用人民警察政治考察工作办法》开展考察。具有《公安机关录用人民警察政治考察工作办法》第八条、第九条情形的，不得报考；父母、配偶或子女已移居国（境）外的，不得报考；非公派原因，曾六个月以上在国（境）外留学、工作、生活的，不得报考。
6.单位提供食宿，每年有固定探亲假和休假安排。
7.工资待遇按人民警察标准执行，享受加班补贴和值勤岗位津贴。享受艰苦边远地区补助或高原津贴。
8.须服从二次分配。
9.仅限女性，新疆户籍生源报考。
10.请考生及时关注“移民管理警察招考小助手”微信小程序发布的报考信息。","http://bm.scs.gov.cn/kl2026#158134-300130134062","2025-10-14","{""dataset_year"":2026,""job_uid"":""GOV-2026-158134-300130134062"",""publisher"":""国家公务员局"",""publication_page"":""http://bm.scs.gov.cn/kl2026"",""attachment_url"":""local://2026_guokao_zhaokaojianzhang.zip"",""local_source_file"":""中央机关及其直属机构2026年度考试录用公务员招考简章.xls"",""local_source_sha256"":""2670bae1df1dd07a3a3c79b9db46a11e3bb15a6c9c249e6af98bfd0b61ce3aaf"",""source_sheet"":""中央国家行政机关省级以下直属机构"",""filter_version"":""government_tech_v2"",""tech_filter"":{""is_tech"":true,""is_core_tech"":true,""scope"":""core"",""categories"":[""computer_software"",""cybersecurity_cryptography""],""matched_fields"":[""major"",""description""],""major_terms"":[""人工智能"",""智能科学与技术"",""计算机""],""role_terms"":[""安全运维"",""网络维护"",""计算机""],""reason"":""tech_major_and_role""},""original"":{""部门代码"":""158134"",""部门名称"":""新疆出入境边防检查总站"",""用人司局"":""新疆出入境边防检查总站"",""机构性质"":""中央国家行政机关省级以下直属机构"",""招考职位"":""阿拉山口出入境边防检查站一级警长及以下（二）"",""职位属性"":""公安机关人民警察职位"",""职位分布"":""西部地区和艰苦边远地区职位"",""职位简介"":""属于公安机关人民警察，主要从事出入境边防检查、监护、巡查和应急处突、大型安保以及计算机网络维护系统管理、梅沙系统安全运维、无人机飞行等工作，长期驻守口岸。"",""职位代码"":""300130134062"",""机构层级"":""市（地）级"",""考试类别"":""行政执法类"",""招考人数"":""4"",""专业"":""080717T人工智能、080907T智能科学与技术、080909T电子与计算机工程、082001航空航天工程"",""学历"":""仅限本科"",""学位"":""学士"",""政治面貌"":""中共党员或共青团员"",""基层工作最低年限"":""无限制"",""服务基层项目工作经历"":""无限制"",""是否在面试阶段组织专业能力测试"":""否"",""面试人员比例"":""3:1"",""工作地点"":""新疆维吾尔自治区博尔塔拉蒙古自治州阿拉山口市"",""落户地点"":""新疆维吾尔自治区博尔塔拉蒙古自治州阿拉山口市"",""备注"":""1.限应届高校毕业生报考（高等学历教育各阶段均需取得相应学历和学位，报名时需注明专业代码）。\n2.大学英语等级考试四级425分以上。\n3.按《公务员录用体检特殊标准（试行）》进行体检，对《公务员录用体检特殊标准（试行）》未作规定的项目，按《公务员录用体检通用标准（试行）》执行，视力标准可询招录单位。\n4.按《公安机关录用人民警察体能测评项目和标准》进行体能测评。\n5.按《公安机关录用人民警察政治考察工作办法》开展考察。具有《公安机关录用人民警察政治考察工作办法》第八条、第九条情形的，不得报考；父母、配偶或子女已移居国（境）外的，不得报考；非公派原因，曾六个月以上在国（境）外留学、工作、生活的，不得报考。\n6.单位提供食宿，每年有固定探亲假和休假安排。\n7.工资待遇按人民警察标准执行，享受加班补贴和值勤岗位津贴。享受艰苦边远地区补助或高原津贴。\n8.须服从二次分配。\n9.仅限女性，新疆户籍生源报考。\n10.请考生及时关注“移民管理警察招考小助手”微信小程序发布的报考信息。"",""部门网站"":""https://rczk.nia.gov.cn"",""咨询电话1"":""0991-8512120"",""咨询电话2"":""0991-8512137"",""咨询电话3"":""0991-8512138"",""来源Sheet"":""中央国家行政机关省级以下直属机构""}}"
"government_jobs","国家公务员2026招考简章","公务员/事业单位技术岗位","新疆维吾尔自治区博尔塔拉蒙古自治州阿拉山口市","2026-07-28T09:12:58.310295+00:00","阿拉山口出入境边防检查站一级警长及以下（三）","新疆出入境边防检查总站","","新疆维吾尔自治区博尔塔拉蒙古自治州阿拉山口市","公务员/事业单位;2026;computer_software;data_ai;仅限本科;学士;080910T数据科学与大数据技术、120901K旅游管理、120210文化产业管理、120401公共事业管理;行政执法类","用人司局：新疆出入境边防检查总站
职位简介：属于公安机关人民警察，主要从事出入境边防检查、监护、巡查和应急处突、大型安保以及大数据平台建设维护和分析、警营文化创新与传播、行政管理等工作，长期驻守口岸。
专业要求：080910T数据科学与大数据技术、120901K旅游管理、120210文化产业管理、120401公共事业管理
学历要求：仅限本科
学位要求：学士
政治面貌：中共党员或共青团员
基层工作经历：无限制
考试类别：行政执法类
备注：1.限应届高校毕业生报考（高等学历教育各阶段均需取得相应学历和学位，报名时需注明专业代码）。
2.大学英语等级考试四级425分以上。
3.按《公务员录用体检特殊标准（试行）》进行体检，对《公务员录用体检特殊标准（试行）》未作规定的项目，按《公务员录用体检通用标准（试行）》执行，视力标准可询招录单位。
4.按《公安机关录用人民警察体能测评项目和标准》进行体能测评。
5.按《公安机关录用人民警察政治考察工作办法》开展考察。具有《公安机关录用人民警察政治考察工作办法》第八条、第九条情形的，不得报考；父母、配偶或子女已移居国（境）外的，不得报考；非公派原因，曾六个月以上在国（境）外留学、工作、生活的，不得报考。
6.单位提供食宿，每年有固定探亲假和休假安排。
7.工资待遇按人民警察标准执行，享受加班补贴和值勤岗位津贴。享受艰苦边远地区补助或高原津贴。
8.须服从二次分配。
9.仅限女性，新疆户籍生源报考。
10.请考生及时关注“移民管理警察招考小助手”微信小程序发布的报考信息。","http://bm.scs.gov.cn/kl2026#158134-300130134063","2025-10-14","{""dataset_year"":2026,""job_uid"":""GOV-2026-158134-300130134063"",""publisher"":""国家公务员局"",""publication_page"":""http://bm.scs.gov.cn/kl2026"",""attachment_url"":""local://2026_guokao_zhaokaojianzhang.zip"",""local_source_file"":""中央机关及其直属机构2026年度考试录用公务员招考简章.xls"",""local_source_sha256"":""2670bae1df1dd07a3a3c79b9db46a11e3bb15a6c9c249e6af98bfd0b61ce3aaf"",""source_sheet"":""中央国家行政机关省级以下直属机构"",""filter_version"":""government_tech_v2"",""tech_filter"":{""is_tech"":true,""is_core_tech"":true,""scope"":""core"",""categories"":[""computer_software"",""data_ai""],""matched_fields"":[""major"",""description""],""major_terms"":[""大数据"",""数据科学与大数据技术""],""role_terms"":[""大数据"",""数据平台""],""reason"":""tech_major_and_role""},""original"":{""部门代码"":""158134"",""部门名称"":""新疆出入境边防检查总站"",""用人司局"":""新疆出入境边防检查总站"",""机构性质"":""中央国家行政机关省级以下直属机构"",""招考职位"":""阿拉山口出入境边防检查站一级警长及以下（三）"",""职位属性"":""公安机关人民警察职位"",""职位分布"":""西部地区和艰苦边远地区职位"",""职位简介"":""属于公安机关人民警察，主要从事出入境边防检查、监护、巡查和应急处突、大型安保以及大数据平台建设维护和分析、警营文化创新与传播、行政管理等工作，长期驻守口岸。"",""职位代码"":""300130134063"",""机构层级"":""市（地）级"",""考试类别"":""行政执法类"",""招考人数"":""4"",""专业"":""080910T数据科学与大数据技术、120901K旅游管理、120210文化产业管理、120401公共事业管理"",""学历"":""仅限本科"",""学位"":""学士"",""政治面貌"":""中共党员或共青团员"",""基层工作最低年限"":""无限制"",""服务基层项目工作经历"":""无限制"",""是否在面试阶段组织专业能力测试"":""否"",""面试人员比例"":""3:1"",""工作地点"":""新疆维吾尔自治区博尔塔拉蒙古自治州阿拉山口市"",""落户地点"":""新疆维吾尔自治区博尔塔拉蒙古自治州阿拉山口市"",""备注"":""1.限应届高校毕业生报考（高等学历教育各阶段均需取得相应学历和学位，报名时需注明专业代码）。\n2.大学英语等级考试四级425分以上。\n3.按《公务员录用体检特殊标准（试行）》进行体检，对《公务员录用体检特殊标准（试行）》未作规定的项目，按《公务员录用体检通用标准（试行）》执行，视力标准可询招录单位。\n4.按《公安机关录用人民警察体能测评项目和标准》进行体能测评。\n5.按《公安机关录用人民警察政治考察工作办法》开展考察。具有《公安机关录用人民警察政治考察工作办法》第八条、第九条情形的，不得报考；父母、配偶或子女已移居国（境）外的，不得报考；非公派原因，曾六个月以上在国（境）外留学、工作、生活的，不得报考。\n6.单位提供食宿，每年有固定探亲假和休假安排。\n7.工资待遇按人民警察标准执行，享受加班补贴和值勤岗位津贴。享受艰苦边远地区补助或高原津贴。\n8.须服从二次分配。\n9.仅限女性，新疆户籍生源报考。\n10.请考生及时关注“移民管理警察招考小助手”微信小程序发布的报考信息。"",""部门网站"":""https://rczk.nia.gov.cn"",""咨询电话1"":""0991-8512120"",""咨询电话2"":""0991-8512137"",""咨询电话3"":""0991-8512138"",""来源Sheet"":""中央国家行政机关省级以下直属机构""}}"
"government_jobs","国家公务员2026招考简章","公务员/事业单位技术岗位","新疆维吾尔自治区克孜勒苏柯尔克孜自治州乌恰县","2026-07-28T09:12:58.310295+00:00","伊尔克什坦出入境边防检查站一级警长及以下（二）","新疆出入境边防检查总站","","新疆维吾尔自治区克孜勒苏柯尔克孜自治州乌恰县","公务员/事业单位;2026;computer_software;cybersecurity_cryptography;硕士研究生及以上;与最高学历相对应的学位;085404计算机技术、085600材料与化工;行政执法类","用人司局：新疆出入境边防检查总站
职位简介：属于公安机关人民警察，主要从事出入境边防检查、监护、巡查和应急处突、大型安保以及计算机系统管理、梅沙系统安全运维、营区周边环境监测、无人机材料制作等工作，长期驻守口岸。
专业要求：085404计算机技术、085600材料与化工
学历要求：硕士研究生及以上
学位要求：与最高学历相对应的学位
政治面貌：中共党员或共青团员
基层工作经历：无限制
考试类别：行政执法类
备注：1.限应届高校毕业生报考（高等学历教育各阶段均需取得相应学历和学位，报名时需注明专业代码）。
2.大学英语等级考试四级425分以上。
3.按《公务员录用体检特殊标准（试行）》进行体检，对《公务员录用体检特殊标准（试行）》未作规定的项目，按《公务员录用体检通用标准（试行）》执行，视力标准可询招录单位。
4.按《公安机关录用人民警察体能测评项目和标准》进行体能测评。
5.按《公安机关录用人民警察政治考察工作办法》开展考察。具有《公安机关录用人民警察政治考察工作办法》第八条、第九条情形的，不得报考；父母、配偶或子女已移居国（境）外的，不得报考；非公派原因，曾六个月以上在国（境）外留学、工作、生活的，不得报考。
6.单位提供食宿，每年有固定探亲假和休假安排。
7.工资待遇按人民警察标准执行，享受加班补贴和值勤岗位津贴。享受艰苦边远地区补助或高原津贴。
8.须服从二次分配。
9.仅限男性报考。
10.请考生及时关注“移民管理警察招考小助手”微信小程序发布的报考信息。","http://bm.scs.gov.cn/kl2026#158134-300130134067","2025-10-14","{""dataset_year"":2026,""job_uid"":""GOV-2026-158134-300130134067"",""publisher"":""国家公务员局"",""publication_page"":""http://bm.scs.gov.cn/kl2026"",""attachment_url"":""local://2026_guokao_zhaokaojianzhang.zip"",""local_source_file"":""中央机关及其直属机构2026年度考试录用公务员招考简章.xls"",""local_source_sha256"":""2670bae1df1dd07a3a3c79b9db46a11e3bb15a6c9c249e6af98bfd0b61ce3aaf"",""source_sheet"":""中央国家行政机关省级以下直属机构"",""filter_version"":""government_tech_v2"",""tech_filter"":{""is_tech"":true,""is_core_tech"":true,""scope"":""core"",""categories"":[""computer_software"",""cybersecurity_cryptography""],""matched_fields"":[""major"",""description""],""major_terms"":[""计算机技术""],""role_terms"":[""安全运维"",""计算机""],""reason"":""tech_major_and_role""},""original"":{""部门代码"":""158134"",""部门名称"":""新疆出入境边防检查总站"",""用人司局"":""新疆出入境边防检查总站"",""机构性质"":""中央国家行政机关省级以下直属机构"",""招考职位"":""伊尔克什坦出入境边防检查站一级警长及以下（二）"",""职位属性"":""公安机关人民警察职位"",""职位分布"":""西部地区和艰苦边远地区职位"",""职位简介"":""属于公安机关人民警察，主要从事出入境边防检查、监护、巡查和应急处突、大型安保以及计算机系统管理、梅沙系统安全运维、营区周边环境监测、无人机材料制作等工作，长期驻守口岸。"",""职位代码"":""300130134067"",""机构层级"":""市（地）级"",""考试类别"":""行政执法类"",""招考人数"":""2"",""专业"":""085404计算机技术、085600材料与化工"",""学历"":""硕士研究生及以上"",""学位"":""与最高学历相对应的学位"",""政治面貌"":""中共党员或共青团员"",""基层工作最低年限"":""无限制"",""服务基层项目工作经历"":""无限制"",""是否在面试阶段组织专业能力测试"":""否"",""面试人员比例"":""3:1"",""工作地点"":""新疆维吾尔自治区克孜勒苏柯尔克孜自治州乌恰县"",""落户地点"":""新疆维吾尔自治区克孜勒苏柯尔克孜自治州乌恰县"",""备注"":""1.限应届高校毕业生报考（高等学历教育各阶段均需取得相应学历和学位，报名时需注明专业代码）。\n2.大学英语等级考试四级425分以上。\n3.按《公务员录用体检特殊标准（试行）》进行体检，对《公务员录用体检特殊标准（试行）》未作规定的项目，按《公务员录用体检通用标准（试行）》执行，视力标准可询招录单位。\n4.按《公安机关录用人民警察体能测评项目和标准》进行体能测评。\n5.按《公安机关录用人民警察政治考察工作办法》开展考察。具有《公安机关录用人民警察政治考察工作办法》第八条、第九条情形的，不得报考；父母、配偶或子女已移居国（境）外的，不得报考；非公派原因，曾六个月以上在国（境）外留学、工作、生活的，不得报考。\n6.单位提供食宿，每年有固定探亲假和休假安排。\n7.工资待遇按人民警察标准执行，享受加班补贴和值勤岗位津贴。享受艰苦边远地区补助或高原津贴。\n8.须服从二次分配。\n9.仅限男性报考。\n10.请考生及时关注“移民管理警察招考小助手”微信小程序发布的报考信息。"",""部门网站"":""https://rczk.nia.gov.cn"",""咨询电话1"":""0991-8512120"",""咨询电话2"":""0991-8512137"",""咨询电话3"":""0991-8512138"",""来源Sheet"":""中央国家行政机关省级以下直属机构""}}"
"government_jobs","国家公务员2026招考简章","公务员/事业单位技术岗位","新疆维吾尔自治区克孜勒苏柯尔克孜自治州乌恰县","2026-07-28T09:12:58.310295+00:00","伊尔克什坦出入境边防检查站一级警长及以下（五）","新疆出入境边防检查总站","","新疆维吾尔自治区克孜勒苏柯尔克孜自治州乌恰县","公务员/事业单位;2026;computer_software;cybersecurity_cryptography;仅限本科;学士;120208资产评估、120207审计学、080901计算机科学与技术、081001土木工程、050306T网络与新媒体;行政执法类","用人司局：新疆出入境边防检查总站
职位简介：属于公安机关人民警察，主要从事出入境边防检查、监护、巡查和应急处突、大型安保以及国有资产管理、审计监督、计算机系统管理、梅沙系统安全运维、建筑工程监督与管理、新媒体运维等工作，长期驻守口岸。
专业要求：120208资产评估、120207审计学、080901计算机科学与技术、081001土木工程、050306T网络与新媒体
学历要求：仅限本科
学位要求：学士
政治面貌：中共党员或共青团员
基层工作经历：无限制
考试类别：行政执法类
备注：1.限应届高校毕业生报考（高等学历教育各阶段均需取得相应学历和学位，报名时需注明专业代码）。
2.大学英语等级考试四级425分以上。
3.按《公务员录用体检特殊标准（试行）》进行体检，对《公务员录用体检特殊标准（试行）》未作规定的项目，按《公务员录用体检通用标准（试行）》执行，视力标准可询招录单位。
4.按《公安机关录用人民警察体能测评项目和标准》进行体能测评。
5.按《公安机关录用人民警察政治考察工作办法》开展考察。具有《公安机关录用人民警察政治考察工作办法》第八条、第九条情形的，不得报考；父母、配偶或子女已移居国（境）外的，不得报考；非公派原因，曾六个月以上在国（境）外留学、工作、生活的，不得报考。
6.单位提供食宿，每年有固定探亲假和休假安排。
7.工资待遇按人民警察标准执行，享受加班补贴和值勤岗位津贴。享受艰苦边远地区补助或高原津贴。
8.须服从二次分配。
9.仅限男性，新疆户籍生源报考。
10.请考生及时关注“移民管理警察招考小助手”微信小程序发布的报考信息。","http://bm.scs.gov.cn/kl2026#158134-300130134070","2025-10-14","{""dataset_year"":2026,""job_uid"":""GOV-2026-158134-300130134070"",""publisher"":""国家公务员局"",""publication_page"":""http://bm.scs.gov.cn/kl2026"",""attachment_url"":""local://2026_guokao_zhaokaojianzhang.zip"",""local_source_file"":""中央机关及其直属机构2026年度考试录用公务员招考简章.xls"",""local_source_sha256"":""2670bae1df1dd07a3a3c79b9db46a11e3bb15a6c9c249e6af98bfd0b61ce3aaf"",""source_sheet"":""中央国家行政机关省级以下直属机构"",""filter_version"":""government_tech_v2"",""tech_filter"":{""is_tech"":true,""is_core_tech"":true,""scope"":""core"",""categories"":[""computer_software"",""cybersecurity_cryptography""],""matched_fields"":[""major"",""description""],""major_terms"":[""计算机科学与技术""],""role_terms"":[""安全运维"",""计算机""],""reason"":""tech_major_and_role""},""original"":{""部门代码"":""158134"",""部门名称"":""新疆出入境边防检查总站"",""用人司局"":""新疆出入境边防检查总站"",""机构性质"":""中央国家行政机关省级以下直属机构"",""招考职位"":""伊尔克什坦出入境边防检查站一级警长及以下（五）"",""职位属性"":""公安机关人民警察职位"",""职位分布"":""西部地区和艰苦边远地区职位"",""职位简介"":""属于公安机关人民警察，主要从事出入境边防检查、监护、巡查和应急处突、大型安保以及国有资产管理、审计监督、计算机系统管理、梅沙系统安全运维、建筑工程监督与管理、新媒体运维等工作，长期驻守口岸。"",""职位代码"":""300130134070"",""机构层级"":""市（地）级"",""考试类别"":""行政执法类"",""招考人数"":""5"",""专业"":""120208资产评估、120207审计学、080901计算机科学与技术、081001土木工程、050306T网络与新媒体"",""学历"":""仅限本科"",""学位"":""学士"",""政治面貌"":""中共党员或共青团员"",""基层工作最低年限"":""无限制"",""服务基层项目工作经历"":""无限制"",""是否在面试阶段组织专业能力测试"":""否"",""面试人员比例"":""3:1"",""工作地点"":""新疆维吾尔自治区克孜勒苏柯尔克孜自治州乌恰县"",""落户地点"":""新疆维吾尔自治区克孜勒苏柯尔克孜自治州乌恰县"",""备注"":""1.限应届高校毕业生报考（高等学历教育各阶段均需取得相应学历和学位，报名时需注明专业代码）。\n2.大学英语等级考试四级425分以上。\n3.按《公务员录用体检特殊标准（试行）》进行体检，对《公务员录用体检特殊标准（试行）》未作规定的项目，按《公务员录用体检通用标准（试行）》执行，视力标准可询招录单位。\n4.按《公安机关录用人民警察体能测评项目和标准》进行体能测评。\n5.按《公安机关录用人民警察政治考察工作办法》开展考察。具有《公安机关录用人民警察政治考察工作办法》第八条、第九条情形的，不得报考；父母、配偶或子女已移居国（境）外的，不得报考；非公派原因，曾六个月以上在国（境）外留学、工作、生活的，不得报考。\n6.单位提供食宿，每年有固定探亲假和休假安排。\n7.工资待遇按人民警察标准执行，享受加班补贴和值勤岗位津贴。享受艰苦边远地区补助或高原津贴。\n8.须服从二次分配。\n9.仅限男性，新疆户籍生源报考。\n10.请考生及时关注“移民管理警察招考小助手”微信小程序发布的报考信息。"",""部门网站"":""https://rczk.nia.gov.cn"",""咨询电话1"":""0991-8512120"",""咨询电话2"":""0991-8512137"",""咨询电话3"":""0991-8512138"",""来源Sheet"":""中央国家行政机关省级以下直属机构""}}"
"government_jobs","国家公务员2026招考简章","公务员/事业单位技术岗位","新疆维吾尔自治区喀什地区塔什库尔干塔吉克自治县","2026-07-28T09:12:58.310295+00:00","卡拉苏出入境边防检查站一级警长及以下（三）","新疆出入境边防检查总站","","新疆维吾尔自治区喀什地区塔什库尔干塔吉克自治县","公务员/事业单位;2026;computer_software;cybersecurity_cryptography;仅限本科;学士;050202俄语、080901计算机科学与技术、030101K法学、050301新闻学;行政执法类","用人司局：新疆出入境边防检查总站
职位简介：属于公安机关人民警察，主要从事出入境边防检查、监护、巡查和应急处突、大型安保以及翻译计算机系统管理、梅沙系统安全运维、政策研究、新闻宣传等工作，长期驻守口岸。
专业要求：050202俄语、080901计算机科学与技术、030101K法学、050301新闻学
学历要求：仅限本科
学位要求：学士
政治面貌：中共党员或共青团员
基层工作经历：无限制
考试类别：行政执法类
备注：1.限应届高校毕业生报考（高等学历教育各阶段均需取得相应学历和学位，报名时需注明专业代码）。
2.除外国语言文学类外其他专业考生大学英语等级考试四级425分以上。
3.按《公务员录用体检特殊标准（试行）》进行体检，对《公务员录用体检特殊标准（试行）》未作规定的项目，按《公务员录用体检通用标准（试行）》执行，视力标准可询招录单位。
4.按《公安机关录用人民警察体能测评项目和标准》进行体能测评。
5.按《公安机关录用人民警察政治考察工作办法》开展考察。具有《公安机关录用人民警察政治考察工作办法》第八条、第九条情形的，不得报考；父母、配偶或子女已移居国（境）外的，不得报考；非公派原因，曾六个月以上在国（境）外留学、工作、生活的，不得报考。
6.单位提供食宿，每年有固定探亲假和休假安排。
7.工资待遇按人民警察标准执行，享受加班补贴和值勤岗位津贴。享受艰苦边远地区补助或高原津贴。
8.须服从二次分配。
9.仅限男性，新疆户籍生源报考。
10.请考生及时关注“移民管理警察招考小助手”微信小程序发布的报考信息。","http://bm.scs.gov.cn/kl2026#158134-300130134079","2025-10-14","{""dataset_year"":2026,""job_uid"":""GOV-2026-158134-300130134079"",""publisher"":""国家公务员局"",""publication_page"":""http://bm.scs.gov.cn/kl2026"",""attachment_url"":""local://2026_guokao_zhaokaojianzhang.zip"",""local_source_file"":""中央机关及其直属机构2026年度考试录用公务员招考简章.xls"",""local_source_sha256"":""2670bae1df1dd07a3a3c79b9db46a11e3bb15a6c9c249e6af98bfd0b61ce3aaf"",""source_sheet"":""中央国家行政机关省级以下直属机构"",""filter_version"":""government_tech_v2"",""tech_filter"":{""is_tech"":true,""is_core_tech"":true,""scope"":""core"",""categories"":[""computer_software"",""cybersecurity_cryptography""],""matched_fields"":[""major"",""description""],""major_terms"":[""计算机科学与技术""],""role_terms"":[""安全运维"",""计算机""],""reason"":""tech_major_and_role""},""original"":{""部门代码"":""158134"",""部门名称"":""新疆出入境边防检查总站"",""用人司局"":""新疆出入境边防检查总站"",""机构性质"":""中央国家行政机关省级以下直属机构"",""招考职位"":""卡拉苏出入境边防检查站一级警长及以下（三）"",""职位属性"":""公安机关人民警察职位"",""职位分布"":""西部地区和艰苦边远地区职位"",""职位简介"":""属于公安机关人民警察，主要从事出入境边防检查、监护、巡查和应急处突、大型安保以及翻译计算机系统管理、梅沙系统安全运维、政策研究、新闻宣传等工作，长期驻守口岸。"",""职位代码"":""300130134079"",""机构层级"":""市（地）级"",""考试类别"":""行政执法类"",""招考人数"":""4"",""专业"":""050202俄语、080901计算机科学与技术、030101K法学、050301新闻学"",""学历"":""仅限本科"",""学位"":""学士"",""政治面貌"":""中共党员或共青团员"",""基层工作最低年限"":""无限制"",""服务基层项目工作经历"":""无限制"",""是否在面试阶段组织专业能力测试"":""否"",""面试人员比例"":""3:1"",""工作地点"":""新疆维吾尔自治区喀什地区塔什库尔干塔吉克自治县"",""落户地点"":""新疆维吾尔自治区喀什地区塔什库尔干塔吉克自治县"",""备注"":""1.限应届高校毕业生报考（高等学历教育各阶段均需取得相应学历和学位，报名时需注明专业代码）。\n2.除外国语言文学类外其他专业考生大学英语等级考试四级425分以上。\n3.按《公务员录用体检特殊标准（试行）》进行体检，对《公务员录用体检特殊标准（试行）》未作规定的项目，按《公务员录用体检通用标准（试行）》执行，视力标准可询招录单位。\n4.按《公安机关录用人民警察体能测评项目和标准》进行体能测评。\n5.按《公安机关录用人民警察政治考察工作办法》开展考察。具有《公安机关录用人民警察政治考察工作办法》第八条、第九条情形的，不得报考；父母、配偶或子女已移居国（境）外的，不得报考；非公派原因，曾六个月以上在国（境）外留学、工作、生活的，不得报考。\n6.单位提供食宿，每年有固定探亲假和休假安排。\n7.工资待遇按人民警察标准执行，享受加班补贴和值勤岗位津贴。享受艰苦边远地区补助或高原津贴。\n8.须服从二次分配。\n9.仅限男性，新疆户籍生源报考。\n10.请考生及时关注“移民管理警察招考小助手”微信小程序发布的报考信息。"",""部门网站"":""https://rczk.nia.gov.cn"",""咨询电话1"":""0991-8512120"",""咨询电话2"":""0991-8512137"",""咨询电话3"":""0991-8512138"",""来源Sheet"":""中央国家行政机关省级以下直属机构""}}"
"government_jobs","国家公务员2026招考简章","公务员/事业单位技术岗位","新疆维吾尔自治区阿勒泰地区吉木乃县","2026-07-28T09:12:58.310295+00:00","吉木乃出入境边防检查站一级警长及以下（一）","新疆出入境边防检查总站","","新疆维吾尔自治区阿勒泰地区吉木乃县","公务员/事业单位;2026;computer_software;cybersecurity_cryptography;硕士研究生及以上;与最高学历相对应的学位;055104俄语口译、085411大数据技术与工程;行政执法类","用人司局：新疆出入境边防检查总站
职位简介：属于公安机关人民警察，主要从事出入境边防检查、监护、巡查和应急处突、大型安保以及翻译、会谈会晤、梅沙系统安全运维等工作，长期驻守口岸。
专业要求：055104俄语口译、085411大数据技术与工程
学历要求：硕士研究生及以上
学位要求：与最高学历相对应的学位
政治面貌：中共党员或共青团员
基层工作经历：无限制
考试类别：行政执法类
备注：1.限应届高校毕业生报考（高等学历教育各阶段均需取得相应学历和学位，报名时需注明专业代码）。
2.除外国语言文学类外其他专业考生大学英语等级考试四级425分以上。
3.按《公务员录用体检特殊标准（试行）》进行体检，对《公务员录用体检特殊标准（试行）》未作规定的项目，按《公务员录用体检通用标准（试行）》执行，视力标准可询招录单位。
4.按《公安机关录用人民警察体能测评项目和标准》进行体能测评。
5.按《公安机关录用人民警察政治考察工作办法》开展考察。具有《公安机关录用人民警察政治考察工作办法》第八条、第九条情形的，不得报考；父母、配偶或子女已移居国（境）外的，不得报考；非公派原因，曾六个月以上在国（境）外留学、工作、生活的，不得报考。
6.单位提供食宿，每年有固定探亲假和休假安排。
7.工资待遇按人民警察标准执行，享受加班补贴和值勤岗位津贴。享受艰苦边远地区补助或高原津贴。
8.须服从二次分配。
9.仅限男性，新疆户籍生源报考。
10.请考生及时关注“移民管理警察招考小助手”微信小程序发布的报考信息。","http://bm.scs.gov.cn/kl2026#158134-300130134086","2025-10-14","{""dataset_year"":2026,""job_uid"":""GOV-2026-158134-300130134086"",""publisher"":""国家公务员局"",""publication_page"":""http://bm.scs.gov.cn/kl2026"",""attachment_url"":""local://2026_guokao_zhaokaojianzhang.zip"",""local_source_file"":""中央机关及其直属机构2026年度考试录用公务员招考简章.xls"",""local_source_sha256"":""2670bae1df1dd07a3a3c79b9db46a11e3bb15a6c9c249e6af98bfd0b61ce3aaf"",""source_sheet"":""中央国家行政机关省级以下直属机构"",""filter_version"":""government_tech_v2"",""tech_filter"":{""is_tech"":true,""is_core_tech"":true,""scope"":""core"",""categories"":[""computer_software"",""cybersecurity_cryptography""],""matched_fields"":[""major"",""description""],""major_terms"":[""大数据""],""role_terms"":[""安全运维""],""reason"":""tech_major_and_role""},""original"":{""部门代码"":""158134"",""部门名称"":""新疆出入境边防检查总站"",""用人司局"":""新疆出入境边防检查总站"",""机构性质"":""中央国家行政机关省级以下直属机构"",""招考职位"":""吉木乃出入境边防检查站一级警长及以下（一）"",""职位属性"":""公安机关人民警察职位"",""职位分布"":""西部地区和艰苦边远地区职位"",""职位简介"":""属于公安机关人民警察，主要从事出入境边防检查、监护、巡查和应急处突、大型安保以及翻译、会谈会晤、梅沙系统安全运维等工作，长期驻守口岸。"",""职位代码"":""300130134086"",""机构层级"":""市（地）级"",""考试类别"":""行政执法类"",""招考人数"":""2"",""专业"":""055104俄语口译、085411大数据技术与工程"",""学历"":""硕士研究生及以上"",""学位"":""与最高学历相对应的学位"",""政治面貌"":""中共党员或共青团员"",""基层工作最低年限"":""无限制"",""服务基层项目工作经历"":""无限制"",""是否在面试阶段组织专业能力测试"":""否"",""面试人员比例"":""3:1"",""工作地点"":""新疆维吾尔自治区阿勒泰地区吉木乃县"",""落户地点"":""新疆维吾尔自治区阿勒泰地区吉木乃县"",""备注"":""1.限应届高校毕业生报考（高等学历教育各阶段均需取得相应学历和学位，报名时需注明专业代码）。\n2.除外国语言文学类外其他专业考生大学英语等级考试四级425分以上。\n3.按《公务员录用体检特殊标准（试行）》进行体检，对《公务员录用体检特殊标准（试行）》未作规定的项目，按《公务员录用体检通用标准（试行）》执行，视力标准可询招录单位。\n4.按《公安机关录用人民警察体能测评项目和标准》进行体能测评。\n5.按《公安机关录用人民警察政治考察工作办法》开展考察。具有《公安机关录用人民警察政治考察工作办法》第八条、第九条情形的，不得报考；父母、配偶或子女已移居国（境）外的，不得报考；非公派原因，曾六个月以上在国（境）外留学、工作、生活的，不得报考。\n6.单位提供食宿，每年有固定探亲假和休假安排。\n7.工资待遇按人民警察标准执行，享受加班补贴和值勤岗位津贴。享受艰苦边远地区补助或高原津贴。\n8.须服从二次分配。\n9.仅限男性，新疆户籍生源报考。\n10.请考生及时关注“移民管理警察招考小助手”微信小程序发布的报考信息。"",""部门网站"":""https://rczk.nia.gov.cn"",""咨询电话1"":""0991-8512120"",""咨询电话2"":""0991-8512137"",""咨询电话3"":""0991-8512138"",""来源Sheet"":""中央国家行政机关省级以下直属机构""}}"
"government_jobs","国家公务员2026招考简章","公务员/事业单位技术岗位","新疆维吾尔自治区阿勒泰地区吉木乃县","2026-07-28T09:12:58.310295+00:00","吉木乃出入境边防检查站一级警长及以下（三）","新疆出入境边防检查总站","","新疆维吾尔自治区阿勒泰地区吉木乃县","公务员/事业单位;2026;computer_software;data_ai;仅限本科;学士;050107T秘书学、080910T数据科学与大数据技术、030613TK涉外警务、050202俄语;行政执法类","用人司局：新疆出入境边防检查总站
职位简介：属于公安机关人民警察，主要从事出入境边防检查、监护、巡查和应急处突、大型安保以及文秘、行政办公、大数据平台建设维护、大数据应用与分析、会谈会晤、翻译等工作，长期驻守口岸。
专业要求：050107T秘书学、080910T数据科学与大数据技术、030613TK涉外警务、050202俄语
学历要求：仅限本科
学位要求：学士
政治面貌：中共党员或共青团员
基层工作经历：无限制
考试类别：行政执法类
备注：1.限应届高校毕业生报考（高等学历教育各阶段均需取得相应学历和学位，报名时需注明专业代码）。
2.除外国语言文学类外其他专业考生大学英语等级考试四级425分以上。
3.按《公务员录用体检特殊标准（试行）》进行体检，对《公务员录用体检特殊标准（试行）》未作规定的项目，按《公务员录用体检通用标准（试行）》执行，视力标准可询招录单位。
4.按《公安机关录用人民警察体能测评项目和标准》进行体能测评。
5.按《公安机关录用人民警察政治考察工作办法》开展考察。具有《公安机关录用人民警察政治考察工作办法》第八条、第九条情形的，不得报考；父母、配偶或子女已移居国（境）外的，不得报考；非公派原因，曾六个月以上在国（境）外留学、工作、生活的，不得报考。
6.单位提供食宿，每年有固定探亲假和休假安排。
7.工资待遇按人民警察标准执行，享受加班补贴和值勤岗位津贴。享受艰苦边远地区补助或高原津贴。
8.须服从二次分配。
9.仅限男性，新疆户籍生源报考。
10.请考生及时关注“移民管理警察招考小助手”微信小程序发布的报考信息。","http://bm.scs.gov.cn/kl2026#158134-300130134088","2025-10-14","{""dataset_year"":2026,""job_uid"":""GOV-2026-158134-300130134088"",""publisher"":""国家公务员局"",""publication_page"":""http://bm.scs.gov.cn/kl2026"",""attachment_url"":""local://2026_guokao_zhaokaojianzhang.zip"",""local_source_file"":""中央机关及其直属机构2026年度考试录用公务员招考简章.xls"",""local_source_sha256"":""2670bae1df1dd07a3a3c79b9db46a11e3bb15a6c9c249e6af98bfd0b61ce3aaf"",""source_sheet"":""中央国家行政机关省级以下直属机构"",""filter_version"":""government_tech_v2"",""tech_filter"":{""is_tech"":true,""is_core_tech"":true,""scope"":""core"",""categories"":[""computer_software"",""data_ai""],""matched_fields"":[""major"",""description""],""major_terms"":[""大数据"",""数据科学与大数据技术""],""role_terms"":[""大数据"",""数据平台"",""数据应用""],""reason"":""tech_major_and_role""},""original"":{""部门代码"":""158134"",""部门名称"":""新疆出入境边防检查总站"",""用人司局"":""新疆出入境边防检查总站"",""机构性质"":""中央国家行政机关省级以下直属机构"",""招考职位"":""吉木乃出入境边防检查站一级警长及以下（三）"",""职位属性"":""公安机关人民警察职位"",""职位分布"":""西部地区和艰苦边远地区职位"",""职位简介"":""属于公安机关人民警察，主要从事出入境边防检查、监护、巡查和应急处突、大型安保以及文秘、行政办公、大数据平台建设维护、大数据应用与分析、会谈会晤、翻译等工作，长期驻守口岸。"",""职位代码"":""300130134088"",""机构层级"":""市（地）级"",""考试类别"":""行政执法类"",""招考人数"":""5"",""专业"":""050107T秘书学、080910T数据科学与大数据技术、030613TK涉外警务、050202俄语"",""学历"":""仅限本科"",""学位"":""学士"",""政治面貌"":""中共党员或共青团员"",""基层工作最低年限"":""无限制"",""服务基层项目工作经历"":""无限制"",""是否在面试阶段组织专业能力测试"":""否"",""面试人员比例"":""3:1"",""工作地点"":""新疆维吾尔自治区阿勒泰地区吉木乃县"",""落户地点"":""新疆维吾尔自治区阿勒泰地区吉木乃县"",""备注"":""1.限应届高校毕业生报考（高等学历教育各阶段均需取得相应学历和学位，报名时需注明专业代码）。\n2.除外国语言文学类外其他专业考生大学英语等级考试四级425分以上。\n3.按《公务员录用体检特殊标准（试行）》进行体检，对《公务员录用体检特殊标准（试行）》未作规定的项目，按《公务员录用体检通用标准（试行）》执行，视力标准可询招录单位。\n4.按《公安机关录用人民警察体能测评项目和标准》进行体能测评。\n5.按《公安机关录用人民警察政治考察工作办法》开展考察。具有《公安机关录用人民警察政治考察工作办法》第八条、第九条情形的，不得报考；父母、配偶或子女已移居国（境）外的，不得报考；非公派原因，曾六个月以上在国（境）外留学、工作、生活的，不得报考。\n6.单位提供食宿，每年有固定探亲假和休假安排。\n7.工资待遇按人民警察标准执行，享受加班补贴和值勤岗位津贴。享受艰苦边远地区补助或高原津贴。\n8.须服从二次分配。\n9.仅限男性，新疆户籍生源报考。\n10.请考生及时关注“移民管理警察招考小助手”微信小程序发布的报考信息。"",""部门网站"":""https://rczk.nia.gov.cn"",""咨询电话1"":""0991-8512120"",""咨询电话2"":""0991-8512137"",""咨询电话3"":""0991-8512138"",""来源Sheet"":""中央国家行政机关省级以下直属机构""}}"
"government_jobs","国家公务员2026招考简章","公务员/事业单位技术岗位","云南省昆明市","2026-07-28T09:12:58.310295+00:00","训练处一级警长及以下（四）","国家移民管理局常备力量第二总队","","云南省昆明市","公务员/事业单位;2026;computer_software;cybersecurity_cryptography;硕士研究生及以上;与最高学历相对应的学位;0835软件工程;行政执法类","用人司局：国家移民管理局常备力量第二总队
职位简介：属于公安机关人民警察，从事技术运维、网络安全以及智慧营区建设等工作。
专业要求：0835软件工程
学历要求：硕士研究生及以上
学位要求：与最高学历相对应的学位
政治面貌：中共党员或共青团员
基层工作经历：无限制
考试类别：行政执法类
备注：1.限2026届高校毕业生（高等学历教育各阶段均需取得相应的学历和学位，报名时需注明专业代码）；
2.有三年以上Vue.js项目开发经验，或Electron桌面应用开发经验，或持有软件设计师、系统集成项目管理工程师、数据库系统工程师中级及以上计算机技术与软件专业技术资格（水平）证书；
3.按《公务员录用体检特殊标准（试行）》进行体检，对《公务员录用体检特殊标准（试行）》未做规定的项目，按《公务员录用体检通用标准（试行）》执行，视力标准可询招录单位。
4.按《公安机关录用人民警察体能测评项目和标准》进行体能测评。
5.按《公安机关录用人民警察政治考察工作办法》开展考察。具有《公安机关录用人民警察政治考察工作办法》第八条、第九条情形的，不得报考；父母、配偶或子女已移居国（境）外的，不得报考；非公派原因，曾六个月以上在国（境）外留学、工作、生活的，不得报考。
6.在本单位最低服务年限五年（含试用期）。
7.请考生及时关注“移民管理警察招考小助手”微信小程序发布的报考信息。","http://bm.scs.gov.cn/kl2026#158202-300130001005","2025-10-14","{""dataset_year"":2026,""job_uid"":""GOV-2026-158202-300130001005"",""publisher"":""国家公务员局"",""publication_page"":""http://bm.scs.gov.cn/kl2026"",""attachment_url"":""local://2026_guokao_zhaokaojianzhang.zip"",""local_source_file"":""中央机关及其直属机构2026年度考试录用公务员招考简章.xls"",""local_source_sha256"":""2670bae1df1dd07a3a3c79b9db46a11e3bb15a6c9c249e6af98bfd0b61ce3aaf"",""source_sheet"":""中央国家行政机关省级以下直属机构"",""filter_version"":""government_tech_v2"",""tech_filter"":{""is_tech"":true,""is_core_tech"":true,""scope"":""core"",""categories"":[""computer_software"",""cybersecurity_cryptography""],""matched_fields"":[""major"",""description"",""remarks""],""major_terms"":[""软件工程""],""role_terms"":[""数据库"",""智慧"",""网络安全"",""计算机"",""软件""],""reason"":""tech_major_and_role""},""original"":{""部门代码"":""158202"",""部门名称"":""国家移民管理局常备力量第二总队"",""用人司局"":""国家移民管理局常备力量第二总队"",""机构性质"":""中央国家行政机关省级以下直属机构"",""招考职位"":""训练处一级警长及以下（四）"",""职位属性"":""公安机关人民警察职位"",""职位分布"":""其他职位"",""职位简介"":""属于公安机关人民警察，从事技术运维、网络安全以及智慧营区建设等工作。"",""职位代码"":""300130001005"",""机构层级"":""市（地）级"",""考试类别"":""行政执法类"",""招考人数"":""1"",""专业"":""0835软件工程"",""学历"":""硕士研究生及以上"",""学位"":""与最高学历相对应的学位"",""政治面貌"":""中共党员或共青团员"",""基层工作最低年限"":""无限制"",""服务基层项目工作经历"":""无限制"",""是否在面试阶段组织专业能力测试"":""否"",""面试人员比例"":""3:1"",""工作地点"":""云南省昆明市"",""落户地点"":""云南省昆明市"",""备注"":""1.限2026届高校毕业生（高等学历教育各阶段均需取得相应的学历和学位，报名时需注明专业代码）；\n2.有三年以上Vue.js项目开发经验，或Electron桌面应用开发经验，或持有软件设计师、系统集成项目管理工程师、数据库系统工程师中级及以上计算机技术与软件专业技术资格（水平）证书；\n3.按《公务员录用体检特殊标准（试行）》进行体检，对《公务员录用体检特殊标准（试行）》未做规定的项目，按《公务员录用体检通用标准（试行）》执行，视力标准可询招录单位。\n4.按《公安机关录用人民警察体能测评项目和标准》进行体能测评。\n5.按《公安机关录用人民警察政治考察工作办法》开展考察。具有《公安机关录用人民警察政治考察工作办法》第八条、第九条情形的，不得报考；父母、配偶或子女已移居国（境）外的，不得报考；非公派原因，曾六个月以上在国（境）外留学、工作、生活的，不得报考。\n6.在本单位最低服务年限五年（含试用期）。\n7.请考生及时关注“移民管理警察招考小助手”微信小程序发布的报考信息。"",""部门网站"":""https://rczk.nia.gov.cn"",""咨询电话1"":""0871-68097372"",""咨询电话2"":""0871-68097373"",""咨询电话3"":"""",""来源Sheet"":""中央国家行政机关省级以下直属机构""}}"
"government_jobs","国家公务员2026招考简章","公务员/事业单位技术岗位","吉林省长春市","2026-07-28T09:12:58.310295+00:00","执行队一级警长及以下（三）","国家移民管理局长春遣返中心","","吉林省长春市","公务员/事业单位;2026;computer_software;仅限本科;学士;计算机科学与技术（080901）、数据科学与大数据技术（080910）、数字媒体技术（080906）;行政执法类","用人司局：国家移民管理局长春遣返中心
职位简介：属于公安机关人民警察，主要从事信息科技和外国人管理等工作。实行轮流倒班工作制，参加值班备勤，需承担应急处突、安保维稳任务。
专业要求：计算机科学与技术（080901）、数据科学与大数据技术（080910）、数字媒体技术（080906）
学历要求：仅限本科
学位要求：学士
政治面貌：中共党员或共青团员
基层工作经历：无限制
考试类别：行政执法类
备注：1.限应届高校毕业生报考。
2.按《公务员录用体检特殊标准（试行）》进行体检。对《公务员录用体检特殊标准（试行）》未作规定的项目，按《公务员录用体检通用标准（试行）》执行。
3.按《公安机关录用人民警察体能测评项目和标准》进行体能测评。
4.按《公安机关录用人民警察政治考察工作办法》开展考察。具有《公安机关录用人民警察政治考察工作办法》第八条、第九条情形的，不得报考；父母、配偶或子女已移居国（境）外的，不得报考；非公派原因，曾六个月以上在国（境）外留学、工作、生活的，不得报考。
5.在本单位最低服务年限五年（含试用期）。
6.工资待遇按人民警察标准执行，享受加班补贴和值勤岗位津贴。提供宿舍，有固定的探亲假和休假安排。
7.请考生及时关注“移民管理警察招考小助手”微信小程序发布的报考信息。","http://bm.scs.gov.cn/kl2026#158204-300130001010","2025-10-14","{""dataset_year"":2026,""job_uid"":""GOV-2026-158204-300130001010"",""publisher"":""国家公务员局"",""publication_page"":""http://bm.scs.gov.cn/kl2026"",""attachment_url"":""local://2026_guokao_zhaokaojianzhang.zip"",""local_source_file"":""中央机关及其直属机构2026年度考试录用公务员招考简章.xls"",""local_source_sha256"":""2670bae1df1dd07a3a3c79b9db46a11e3bb15a6c9c249e6af98bfd0b61ce3aaf"",""source_sheet"":""中央国家行政机关省级以下直属机构"",""filter_version"":""government_tech_v2"",""tech_filter"":{""is_tech"":true,""is_core_tech"":true,""scope"":""core"",""categories"":[""computer_software""],""matched_fields"":[""major"",""description""],""major_terms"":[""大数据"",""数字媒体技术"",""数据科学与大数据技术"",""计算机科学与技术""],""role_terms"":[""信息科技""],""reason"":""tech_major_and_role""},""original"":{""部门代码"":""158204"",""部门名称"":""国家移民管理局长春遣返中心"",""用人司局"":""国家移民管理局长春遣返中心"",""机构性质"":""中央国家行政机关省级以下直属机构"",""招考职位"":""执行队一级警长及以下（三）"",""职位属性"":""公安机关人民警察职位"",""职位分布"":""其他职位"",""职位简介"":""属于公安机关人民警察，主要从事信息科技和外国人管理等工作。实行轮流倒班工作制，参加值班备勤，需承担应急处突、安保维稳任务。"",""职位代码"":""300130001010"",""机构层级"":""市（地）级"",""考试类别"":""行政执法类"",""招考人数"":""2"",""专业"":""计算机科学与技术（080901）、数据科学与大数据技术（080910）、数字媒体技术（080906）"",""学历"":""仅限本科"",""学位"":""学士"",""政治面貌"":""中共党员或共青团员"",""基层工作最低年限"":""无限制"",""服务基层项目工作经历"":""无限制"",""是否在面试阶段组织专业能力测试"":""否"",""面试人员比例"":""3:1"",""工作地点"":""吉林省长春市"",""落户地点"":""吉林省长春市"",""备注"":""1.限应届高校毕业生报考。\n2.按《公务员录用体检特殊标准（试行）》进行体检。对《公务员录用体检特殊标准（试行）》未作规定的项目，按《公务员录用体检通用标准（试行）》执行。\n3.按《公安机关录用人民警察体能测评项目和标准》进行体能测评。\n4.按《公安机关录用人民警察政治考察工作办法》开展考察。具有《公安机关录用人民警察政治考察工作办法》第八条、第九条情形的，不得报考；父母、配偶或子女已移居国（境）外的，不得报考；非公派原因，曾六个月以上在国（境）外留学、工作、生活的，不得报考。\n5.在本单位最低服务年限五年（含试用期）。\n6.工资待遇按人民警察标准执行，享受加班补贴和值勤岗位津贴。提供宿舍，有固定的探亲假和休假安排。\n7.请考生及时关注“移民管理警察招考小助手”微信小程序发布的报考信息。"",""部门网站"":""https://rczk.nia.gov.cn"",""咨询电话1"":""0431-89962989"",""咨询电话2"":"""",""咨询电话3"":"""",""来源Sheet"":""中央国家行政机关省级以下直属机构""}}"
"government_jobs","国家公务员2026招考简章","公务员/事业单位技术岗位","广西壮族自治区防城港市东兴市","2026-07-28T09:12:58.310295+00:00","东兴遣返中心执行队一级警长及以下（九）","国家移民管理局东兴遣返中心","","广西壮族自治区防城港市东兴市","公务员/事业单位;2026;computer_software;仅限本科;学士;计算机类（0809）;行政执法类","用人司局：国家移民管理局东兴遣返中心
职位简介：属于公安机关人民警察，主要从事计算机系统运维、数据核查和外国人管理等工作，存在夜间执勤和轮流倒班等工作安排。
专业要求：计算机类（0809）
学历要求：仅限本科
学位要求：学士
政治面貌：中共党员
基层工作经历：二年
考试类别：行政执法类
备注：1．限服务期满且考核合格的大学生村官、农村义务教育阶段学校教师特设岗位计划、“三支一扶”计划、大学生志愿服务西部计划类服务基层项目人员报考。
2．需具有中级及以上计算机技术与软件专业技术资格。
3．大学英语六级425分及以上。
4．按《公务员录用体检特殊标准（试行）》进行体检，对《公务员录用体检特殊标准（试行）》未作规定的项目，按《公务员录用体检通用标准（试行）》执行，视力标准可询招录单位。
5．按《公安机关录用人民警察体能测评项目和标准》进行体能测评。
6．按《公安机关录用人民警察政治考察工作办法》开展考察。具有《公安机关录用人民警察政治考察工作办法》第八条、第九条情形的，不得报考；父母、配偶或子女已移居国（境）外的，不得报考；非公派原因，曾六个月以上在国（境）外留学、工作、生活的，不得报考。
7．工资待遇按人民警察标准执行，享受加班补贴和值勤岗位津贴。有固定的探亲假和休假安排。
8．在本单位最低服务年限五年（含试用期）。
9．请考生及时关注“移民管理警察招考小助手”微信小程序发布的报考信息。","http://bm.scs.gov.cn/kl2026#158206-300130001009","2025-10-14","{""dataset_year"":2026,""job_uid"":""GOV-2026-158206-300130001009"",""publisher"":""国家公务员局"",""publication_page"":""http://bm.scs.gov.cn/kl2026"",""attachment_url"":""local://2026_guokao_zhaokaojianzhang.zip"",""local_source_file"":""中央机关及其直属机构2026年度考试录用公务员招考简章.xls"",""local_source_sha256"":""2670bae1df1dd07a3a3c79b9db46a11e3bb15a6c9c249e6af98bfd0b61ce3aaf"",""source_sheet"":""中央国家行政机关省级以下直属机构"",""filter_version"":""government_tech_v2"",""tech_filter"":{""is_tech"":true,""is_core_tech"":true,""scope"":""core"",""categories"":[""computer_software""],""matched_fields"":[""major"",""description"",""remarks""],""major_terms"":[""计算机类""],""role_terms"":[""系统运维"",""计算机"",""软件""],""reason"":""tech_major_and_role""},""original"":{""部门代码"":""158206"",""部门名称"":""国家移民管理局东兴遣返中心"",""用人司局"":""国家移民管理局东兴遣返中心"",""机构性质"":""中央国家行政机关省级以下直属机构"",""招考职位"":""东兴遣返中心执行队一级警长及以下（九）"",""职位属性"":""公安机关人民警察职位"",""职位分布"":""西部地区和艰苦边远地区职位"",""职位简介"":""属于公安机关人民警察，主要从事计算机系统运维、数据核查和外国人管理等工作，存在夜间执勤和轮流倒班等工作安排。"",""职位代码"":""300130001009"",""机构层级"":""市（地）级"",""考试类别"":""行政执法类"",""招考人数"":""1"",""专业"":""计算机类（0809）"",""学历"":""仅限本科"",""学位"":""学士"",""政治面貌"":""中共党员"",""基层工作最低年限"":""二年"",""服务基层项目工作经历"":""大学生村官、农村义务教育阶段学校教师特设岗位计划、“三支一扶”计划、大学生志愿服务西部计划"",""是否在面试阶段组织专业能力测试"":""否"",""面试人员比例"":""3:1"",""工作地点"":""广西壮族自治区防城港市东兴市"",""落户地点"":""广西壮族自治区防城港市东兴市"",""备注"":""1．限服务期满且考核合格的大学生村官、农村义务教育阶段学校教师特设岗位计划、“三支一扶”计划、大学生志愿服务西部计划类服务基层项目人员报考。\n2．需具有中级及以上计算机技术与软件专业技术资格。\n3．大学英语六级425分及以上。\n4．按《公务员录用体检特殊标准（试行）》进行体检，对《公务员录用体检特殊标准（试行）》未作规定的项目，按《公务员录用体检通用标准（试行）》执行，视力标准可询招录单位。\n5．按《公安机关录用人民警察体能测评项目和标准》进行体能测评。\n6．按《公安机关录用人民警察政治考察工作办法》开展考察。具有《公安机关录用人民警察政治考察工作办法》第八条、第九条情形的，不得报考；父母、配偶或子女已移居国（境）外的，不得报考；非公派原因，曾六个月以上在国（境）外留学、工作、生活的，不得报考。\n7．工资待遇按人民警察标准执行，享受加班补贴和值勤岗位津贴。有固定的探亲假和休假安排。\n8．在本单位最低服务年限五年（含试用期）。\n9．请考生及时关注“移民管理警察招考小助手”微信小程序发布的报考信息。"",""部门网站"":""https://rczk.nia.gov.cn"",""咨询电话1"":""0771-3195095"",""咨询电话2"":""0771-3195023"",""咨询电话3"":"""",""来源Sheet"":""中央国家行政机关省级以下直属机构""}}"
"government_jobs","国家公务员2026招考简章","公务员/事业单位技术岗位","云南省德宏傣族景颇族自治州瑞丽市","2026-07-28T09:12:58.310295+00:00","瑞丽遣返中心执行队一级警长及以下（十二）","国家移民管理局瑞丽遣返中心","","云南省德宏傣族景颇族自治州瑞丽市","公务员/事业单位;2026;automation_robotics;computer_software;data_ai;electronics_communication;geospatial_remote_sensing;仅限本科;学士;测绘工程（081201）  光电信息科学与工程（080705） 物联网工程（080905） 人工智能（080717T）;行政执法类","用人司局：国家移民管理局瑞丽遣返中心
职位简介：属于公安机关人民警察，主要从事非法移民羁押监管、国籍身份核查、实施遣返及地理信息系统实战应用、智能化信息平台研发、人工智能融合应用等工作。
专业要求：测绘工程（081201）  光电信息科学与工程（080705） 物联网工程（080905） 人工智能（080717T）
学历要求：仅限本科
学位要求：学士
政治面貌：中共党员或共青团员
基层工作经历：无限制
考试类别：行政执法类
备注：1．限2026届高校毕业生报考，报名时需注明专业代码。
2．按《公务员录用体检特殊标准（试行）》进行体检，对《公务员录用体检特殊标准（试行）》未做规定的项目，按《公务员录用体检通用标准（试行）》执行。
3．按《公安机关录用人民警察体能测评项目和标准》进行体能测评。
4．按《公安机关录用人民警察政治考察工作办法》开展考察。具有《公安机关录用人民警察政治考察工作办法》第八条、第九条情形的，不得报考；父母、配偶或子女已移居国（境）外的，不得报考；非公派原因，曾六个月以上在国（境）外留学、工作、生活的，不得报考。
5．仅限男性报考。
6．工作任务重、强度大，需要值夜班，经常加班、出差，需具备较强的抗压能力和身心素质。
7．提供集体宿舍，有固定的探亲假和休假安排，工资待遇按人民警察标准执行，享受加班补贴和值勤岗位津贴。
8．须服从二次分配。
9．在本单位最低服务年限五年（含试用期）。
10．请考生及时关注“移民管理警察招考小助手”微信小程序发布的报考信息。","http://bm.scs.gov.cn/kl2026#158207-300130001012","2025-10-14","{""dataset_year"":2026,""job_uid"":""GOV-2026-158207-300130001012"",""publisher"":""国家公务员局"",""publication_page"":""http://bm.scs.gov.cn/kl2026"",""attachment_url"":""local://2026_guokao_zhaokaojianzhang.zip"",""local_source_file"":""中央机关及其直属机构2026年度考试录用公务员招考简章.xls"",""local_source_sha256"":""2670bae1df1dd07a3a3c79b9db46a11e3bb15a6c9c249e6af98bfd0b61ce3aaf"",""source_sheet"":""中央国家行政机关省级以下直属机构"",""filter_version"":""government_tech_v2"",""tech_filter"":{""is_tech"":true,""is_core_tech"":true,""scope"":""core"",""categories"":[""automation_robotics"",""computer_software"",""data_ai"",""electronics_communication"",""geospatial_remote_sensing""],""matched_fields"":[""major"",""description""],""major_terms"":[""人工智能"",""光电信息"",""物联网工程""],""role_terms"":[""人工智能"",""信息系统"",""地理信息系统"",""智能化""],""reason"":""tech_major_and_role""},""original"":{""部门代码"":""158207"",""部门名称"":""国家移民管理局瑞丽遣返中心"",""用人司局"":""国家移民管理局瑞丽遣返中心"",""机构性质"":""中央国家行政机关省级以下直属机构"",""招考职位"":""瑞丽遣返中心执行队一级警长及以下（十二）"",""职位属性"":""公安机关人民警察职位"",""职位分布"":""西部地区和艰苦边远地区职位"",""职位简介"":""属于公安机关人民警察，主要从事非法移民羁押监管、国籍身份核查、实施遣返及地理信息系统实战应用、智能化信息平台研发、人工智能融合应用等工作。"",""职位代码"":""300130001012"",""机构层级"":""市（地）级"",""考试类别"":""行政执法类"",""招考人数"":""1"",""专业"":""测绘工程（081201）  光电信息科学与工程（080705） 物联网工程（080905） 人工智能（080717T）"",""学历"":""仅限本科"",""学位"":""学士"",""政治面貌"":""中共党员或共青团员"",""基层工作最低年限"":""无限制"",""服务基层项目工作经历"":""无限制"",""是否在面试阶段组织专业能力测试"":""否"",""面试人员比例"":""3:1"",""工作地点"":""云南省德宏傣族景颇族自治州瑞丽市"",""落户地点"":""云南省德宏傣族景颇族自治州瑞丽市"",""备注"":""1．限2026届高校毕业生报考，报名时需注明专业代码。\n2．按《公务员录用体检特殊标准（试行）》进行体检，对《公务员录用体检特殊标准（试行）》未做规定的项目，按《公务员录用体检通用标准（试行）》执行。\n3．按《公安机关录用人民警察体能测评项目和标准》进行体能测评。\n4．按《公安机关录用人民警察政治考察工作办法》开展考察。具有《公安机关录用人民警察政治考察工作办法》第八条、第九条情形的，不得报考；父母、配偶或子女已移居国（境）外的，不得报考；非公派原因，曾六个月以上在国（境）外留学、工作、生活的，不得报考。\n5．仅限男性报考。\n6．工作任务重、强度大，需要值夜班，经常加班、出差，需具备较强的抗压能力和身心素质。\n7．提供集体宿舍，有固定的探亲假和休假安排，工资待遇按人民警察标准执行，享受加班补贴和值勤岗位津贴。\n8．须服从二次分配。\n9．在本单位最低服务年限五年（含试用期）。\n10．请考生及时关注“移民管理警察招考小助手”微信小程序发布的报考信息。"",""部门网站"":""https://rczk.nia.gov.cn"",""咨询电话1"":""0692-3015024"",""咨询电话2"":""0692-3015025"",""咨询电话3"":"""",""来源Sheet"":""中央国家行政机关省级以下直属机构""}}"
"government_jobs","国家公务员2026招考简章","公务员/事业单位技术岗位","北京市丰台区","2026-07-28T09:12:58.310295+00:00","技术处一级警长及以下","国家移民管理局常备力量第三总队","","北京市丰台区","公务员/事业单位;2026;computer_software;cybersecurity_cryptography;data_ai;electronics_communication;硕士研究生及以上;与最高学历相对应的学位;应用统计0252、计算机科学与技术0775、0812、电子科学与技术0809、信息与通信工程0810、网络空间安全0839、电子信息0854;行政执法类","用人司局：国家移民管理局常备力量第三总队
职位简介：属于公安机关人民警察，主要从事信息分析研判等工作。
专业要求：应用统计0252、计算机科学与技术0775、0812、电子科学与技术0809、信息与通信工程0810、网络空间安全0839、电子信息0854
学历要求：硕士研究生及以上
学位要求：与最高学历相对应的学位
政治面貌：中共党员或共青团员
基层工作经历：二年
考试类别：行政执法类
备注：1.具有2年以上企事业单位从事软件架构师、开发工程师、数据分析师等相关工作经历。2.大学英语等级考试六级425分以上。3.取得计算机技术与软件专业技术资格（水平）中级或以上证书。4.按《公务员录用体检特殊标准（试行）》进行体检，对其中未作规定的项目，按《公务员录用体检通用标准（试行）》执行，视力标准可询招录单位。5.按《公安机关录用人民警察体能测评项目和标准》进行体能测评，免测男子1000米跑、女子800米跑。6.按《公安机关录用人民警察政治考察工作办法》开展考察。具有第八条、第九条情形的，不得报考；父母、配偶或子女已移居国（境）外的，不得报考；非公派原因曾六个月以上在国（境）外留学、工作、生活的，不得报考。7.与常备力量第三总队公务员之间有夫妻关系、直系血亲关系、三代以内旁系血亲关系以及近姻亲关系的，不得报考。8.笔试只测查行测和申论。9.开展专业能力测试，内容为计算机专业基础，成绩合格标准为60分、占综合成绩的15%。10.在本单位最低服务年限五年（含试用期）。11.工资待遇按人民警察标准执行。12.请考生及时关注“移民管理警察招考小助手”微信小程序发布的报考信息。","http://bm.scs.gov.cn/kl2026#158210-300110210001","2025-10-14","{""dataset_year"":2026,""job_uid"":""GOV-2026-158210-300110210001"",""publisher"":""国家公务员局"",""publication_page"":""http://bm.scs.gov.cn/kl2026"",""attachment_url"":""local://2026_guokao_zhaokaojianzhang.zip"",""local_source_file"":""中央机关及其直属机构2026年度考试录用公务员招考简章.xls"",""local_source_sha256"":""2670bae1df1dd07a3a3c79b9db46a11e3bb15a6c9c249e6af98bfd0b61ce3aaf"",""source_sheet"":""中央国家行政机关省级以下直属机构"",""filter_version"":""government_tech_v2"",""tech_filter"":{""is_tech"":true,""is_core_tech"":true,""scope"":""core"",""categories"":[""computer_software"",""cybersecurity_cryptography"",""data_ai"",""electronics_communication""],""matched_fields"":[""major"",""remarks""],""major_terms"":[""信息与通信工程"",""电子信息"",""电子科学与技术"",""网络空间安全"",""计算机科学与技术"",""通信工程""],""role_terms"":[""数据分析"",""计算机"",""软件""],""reason"":""tech_major_and_role""},""original"":{""部门代码"":""158210"",""部门名称"":""国家移民管理局常备力量第三总队"",""用人司局"":""国家移民管理局常备力量第三总队"",""机构性质"":""中央国家行政机关省级以下直属机构"",""招考职位"":""技术处一级警长及以下"",""职位属性"":""普通职位"",""职位分布"":""其他职位"",""职位简介"":""属于公安机关人民警察，主要从事信息分析研判等工作。"",""职位代码"":""300110210001"",""机构层级"":""市（地）级"",""考试类别"":""行政执法类"",""招考人数"":""2"",""专业"":""应用统计0252、计算机科学与技术0775、0812、电子科学与技术0809、信息与通信工程0810、网络空间安全0839、电子信息0854"",""学历"":""硕士研究生及以上"",""学位"":""与最高学历相对应的学位"",""政治面貌"":""中共党员或共青团员"",""基层工作最低年限"":""二年"",""服务基层项目工作经历"":""无限制"",""是否在面试阶段组织专业能力测试"":""是"",""面试人员比例"":""3:1"",""工作地点"":""北京市丰台区"",""落户地点"":""北京市丰台区"",""备注"":""1.具有2年以上企事业单位从事软件架构师、开发工程师、数据分析师等相关工作经历。2.大学英语等级考试六级425分以上。3.取得计算机技术与软件专业技术资格（水平）中级或以上证书。4.按《公务员录用体检特殊标准（试行）》进行体检，对其中未作规定的项目，按《公务员录用体检通用标准（试行）》执行，视力标准可询招录单位。5.按《公安机关录用人民警察体能测评项目和标准》进行体能测评，免测男子1000米跑、女子800米跑。6.按《公安机关录用人民警察政治考察工作办法》开展考察。具有第八条、第九条情形的，不得报考；父母、配偶或子女已移居国（境）外的，不得报考；非公派原因曾六个月以上在国（境）外留学、工作、生活的，不得报考。7.与常备力量第三总队公务员之间有夫妻关系、直系血亲关系、三代以内旁系血亲关系以及近姻亲关系的，不得报考。8.笔试只测查行测和申论。9.开展专业能力测试，内容为计算机专业基础，成绩合格标准为60分、占综合成绩的15%。10.在本单位最低服务年限五年（含试用期）。11.工资待遇按人民警察标准执行。12.请考生及时关注“移民管理警察招考小助手”微信小程序发布的报考信息。"",""部门网站"":""https://rczk.nia.gov.cn"",""咨询电话1"":""010-56093947"",""咨询电话2"":""010-56093927"",""咨询电话3"":"""",""来源Sheet"":""中央国家行政机关省级以下直属机构""}}"
"government_jobs","国家公务员2026招考简章","公务员/事业单位技术岗位","北京市丰台区","2026-07-28T09:12:58.310295+00:00","统计处一级警长及以下","国家移民管理局常备力量第三总队","","北京市丰台区","公务员/事业单位;2026;computer_software;cybersecurity_cryptography;data_ai;electronics_communication;硕士研究生及以上;与最高学历相对应的学位;计算机科学与技术、电子科学与技术0809、信息与通信工程0810、软件工程、网络空间安全0839、通信工程085402、计算机技术085404、人工智能、大数据技术与工程085411、网络与信息安全085412;行政执法类","用人司局：国家移民管理局常备力量第三总队
职位简介：属于公安机关人民警察，主要从事移民管理日常数据统计分析、系统研发等数据支援工作。
专业要求：计算机科学与技术、电子科学与技术0809、信息与通信工程0810、软件工程、网络空间安全0839、通信工程085402、计算机技术085404、人工智能、大数据技术与工程085411、网络与信息安全085412
学历要求：硕士研究生及以上
学位要求：与最高学历相对应的学位
政治面貌：中共党员或共青团员
基层工作经历：无限制
考试类别：行政执法类
备注：1.限2026届高校毕业生报考（高等学历教育各阶段均需取得相应学历和学位）。2.按《公务员录用体检特殊标准（试行）》进行体检，对其中未作规定的项目，按《公务员录用体检通用标准（试行）》执行，视力标准可询招录单位。3.按《公安机关录用人民警察体能测评项目和标准》进行体能测评，免测男子1000米跑、女子800米跑。4.按《公安机关录用人民警察政治考察工作办法》开展考察。具有第八条、第九条情形的，不得报考；父母、配偶或子女已移居国（境）外的，不得报考；非公派原因曾六个月以上在国（境）外留学、工作、生活的，不得报考。5.与常备力量第三总队公务员之间有夫妻关系、直系血亲关系、三代以内旁系血亲关系以及近姻亲关系的，不得报考。6.笔试只测查行测和申论。7.开展专业能力测试，内容为计算机专业基础，成绩合格标准为60分、占综合成绩的15%。8.在本单位最低服务年限五年（含试用期）。9.工资待遇按人民警察标准执行。10.加班较多，法定休息日及节假日不能保证正常休息休假。11.请考生及时关注“移民管理警察招考小助手”微信小程序发布的报考信息。","http://bm.scs.gov.cn/kl2026#158210-300110210002","2025-10-14","{""dataset_year"":2026,""job_uid"":""GOV-2026-158210-300110210002"",""publisher"":""国家公务员局"",""publication_page"":""http://bm.scs.gov.cn/kl2026"",""attachment_url"":""local://2026_guokao_zhaokaojianzhang.zip"",""local_source_file"":""中央机关及其直属机构2026年度考试录用公务员招考简章.xls"",""local_source_sha256"":""2670bae1df1dd07a3a3c79b9db46a11e3bb15a6c9c249e6af98bfd0b61ce3aaf"",""source_sheet"":""中央国家行政机关省级以下直属机构"",""filter_version"":""government_tech_v2"",""tech_filter"":{""is_tech"":true,""is_core_tech"":true,""scope"":""core"",""categories"":[""computer_software"",""cybersecurity_cryptography"",""data_ai"",""electronics_communication""],""matched_fields"":[""major"",""description"",""remarks""],""major_terms"":[""人工智能"",""信息与通信工程"",""信息安全"",""大数据"",""电子科学与技术"",""网络空间安全"",""计算机技术"",""计算机科学与技术"",""软件工程"",""通信工程""],""role_terms"":[""数据统计分析"",""计算机""],""reason"":""tech_major_and_role""},""original"":{""部门代码"":""158210"",""部门名称"":""国家移民管理局常备力量第三总队"",""用人司局"":""国家移民管理局常备力量第三总队"",""机构性质"":""中央国家行政机关省级以下直属机构"",""招考职位"":""统计处一级警长及以下"",""职位属性"":""普通职位"",""职位分布"":""其他职位"",""职位简介"":""属于公安机关人民警察，主要从事移民管理日常数据统计分析、系统研发等数据支援工作。"",""职位代码"":""300110210002"",""机构层级"":""市（地）级"",""考试类别"":""行政执法类"",""招考人数"":""3"",""专业"":""计算机科学与技术、电子科学与技术0809、信息与通信工程0810、软件工程、网络空间安全0839、通信工程085402、计算机技术085404、人工智能、大数据技术与工程085411、网络与信息安全085412"",""学历"":""硕士研究生及以上"",""学位"":""与最高学历相对应的学位"",""政治面貌"":""中共党员或共青团员"",""基层工作最低年限"":""无限制"",""服务基层项目工作经历"":""无限制"",""是否在面试阶段组织专业能力测试"":""是"",""面试人员比例"":""3:1"",""工作地点"":""北京市丰台区"",""落户地点"":""北京市丰台区"",""备注"":""1.限2026届高校毕业生报考（高等学历教育各阶段均需取得相应学历和学位）。2.按《公务员录用体检特殊标准（试行）》进行体检，对其中未作规定的项目，按《公务员录用体检通用标准（试行）》执行，视力标准可询招录单位。3.按《公安机关录用人民警察体能测评项目和标准》进行体能测评，免测男子1000米跑、女子800米跑。4.按《公安机关录用人民警察政治考察工作办法》开展考察。具有第八条、第九条情形的，不得报考；父母、配偶或子女已移居国（境）外的，不得报考；非公派原因曾六个月以上在国（境）外留学、工作、生活的，不得报考。5.与常备力量第三总队公务员之间有夫妻关系、直系血亲关系、三代以内旁系血亲关系以及近姻亲关系的，不得报考。6.笔试只测查行测和申论。7.开展专业能力测试，内容为计算机专业基础，成绩合格标准为60分、占综合成绩的15%。8.在本单位最低服务年限五年（含试用期）。9.工资待遇按人民警察标准执行。10.加班较多，法定休息日及节假日不能保证正常休息休假。11.请考生及时关注“移民管理警察招考小助手”微信小程序发布的报考信息。"",""部门网站"":""https://rczk.nia.gov.cn"",""咨询电话1"":""010-56093947"",""咨询电话2"":""010-56093927"",""咨询电话3"":"""",""来源Sheet"":""中央国家行政机关省级以下直属机构""}}"
"government_jobs","国家公务员2026招考简章","公务员/事业单位技术岗位","北京市丰台区","2026-07-28T09:12:58.310295+00:00","通报处一级警长及以下","国家移民管理局常备力量第三总队","","北京市丰台区","公务员/事业单位;2026;computer_software;cybersecurity_cryptography;data_ai;electronics_communication;本科及以上;与最高学历相对应的学位;电子信息类0807、 电子科学与技术0809、 计算机类0809、 计算机科学与技术0775、0812、软件工程0835、 网络空间安全0839、 电子信息0854;行政执法类","用人司局：国家移民管理局常备力量第三总队
职位简介：属于公安机关人民警察，主要从事移民管理日常数据统计分析工作。
专业要求：电子信息类0807、 电子科学与技术0809、 计算机类0809、 计算机科学与技术0775、0812、软件工程0835、 网络空间安全0839、 电子信息0854
学历要求：本科及以上
学位要求：与最高学历相对应的学位
政治面貌：中共党员或共青团员
基层工作经历：无限制
考试类别：行政执法类
备注：1.限2026届高校毕业生报考（高等学历教育各阶段均需取得相应学历和学位，报名时需注明专业代码）。2.大学英语等级考试六级425分以上。3.按《公务员录用体检特殊标准（试行）》进行体检，对其中未作规定的项目，按《公务员录用体检通用标准（试行）》执行，视力标准可询招录单位。4.按《公安机关录用人民警察体能测评项目和标准》进行体能测评。5.按《公安机关录用人民警察政治考察工作办法》开展考察。具有第八条、第九条情形的，不得报考；父母、配偶或子女已移居国（境）外的，不得报考；非公派原因曾六个月以上在国（境）外留学、工作、生活的，不得报考。6.与常备力量第三总队公务员之间有夫妻关系、直系血亲关系、三代以内旁系血亲关系以及近姻亲关系的，不得报考该职位。7.在本单位最低服务年限五年（含试用期）。8.工资待遇按人民警察标准执行，享受加班补贴和值勤岗位津贴。9.限男性报考。10.需24小时值班，加班较多，法定休息日及节假日不能保证正常休息休假。11.请考生及时关注“移民管理警察招考小助手”微信小程序发布的报考信息。","http://bm.scs.gov.cn/kl2026#158210-300130210002","2025-10-14","{""dataset_year"":2026,""job_uid"":""GOV-2026-158210-300130210002"",""publisher"":""国家公务员局"",""publication_page"":""http://bm.scs.gov.cn/kl2026"",""attachment_url"":""local://2026_guokao_zhaokaojianzhang.zip"",""local_source_file"":""中央机关及其直属机构2026年度考试录用公务员招考简章.xls"",""local_source_sha256"":""2670bae1df1dd07a3a3c79b9db46a11e3bb15a6c9c249e6af98bfd0b61ce3aaf"",""source_sheet"":""中央国家行政机关省级以下直属机构"",""filter_version"":""government_tech_v2"",""tech_filter"":{""is_tech"":true,""is_core_tech"":true,""scope"":""core"",""categories"":[""computer_software"",""cybersecurity_cryptography"",""data_ai"",""electronics_communication""],""matched_fields"":[""major"",""description""],""major_terms"":[""电子信息"",""电子信息类"",""电子科学与技术"",""网络空间安全"",""计算机科学与技术"",""计算机类"",""软件工程""],""role_terms"":[""数据统计分析""],""reason"":""tech_major_and_role""},""original"":{""部门代码"":""158210"",""部门名称"":""国家移民管理局常备力量第三总队"",""用人司局"":""国家移民管理局常备力量第三总队"",""机构性质"":""中央国家行政机关省级以下直属机构"",""招考职位"":""通报处一级警长及以下"",""职位属性"":""公安机关人民警察职位"",""职位分布"":""其他职位"",""职位简介"":""属于公安机关人民警察，主要从事移民管理日常数据统计分析工作。"",""职位代码"":""300130210002"",""机构层级"":""市（地）级"",""考试类别"":""行政执法类"",""招考人数"":""2"",""专业"":""电子信息类0807、 电子科学与技术0809、 计算机类0809、 计算机科学与技术0775、0812、软件工程0835、 网络空间安全0839、 电子信息0854"",""学历"":""本科及以上"",""学位"":""与最高学历相对应的学位"",""政治面貌"":""中共党员或共青团员"",""基层工作最低年限"":""无限制"",""服务基层项目工作经历"":""无限制"",""是否在面试阶段组织专业能力测试"":""否"",""面试人员比例"":""3:1"",""工作地点"":""北京市丰台区"",""落户地点"":""北京市丰台区"",""备注"":""1.限2026届高校毕业生报考（高等学历教育各阶段均需取得相应学历和学位，报名时需注明专业代码）。2.大学英语等级考试六级425分以上。3.按《公务员录用体检特殊标准（试行）》进行体检，对其中未作规定的项目，按《公务员录用体检通用标准（试行）》执行，视力标准可询招录单位。4.按《公安机关录用人民警察体能测评项目和标准》进行体能测评。5.按《公安机关录用人民警察政治考察工作办法》开展考察。具有第八条、第九条情形的，不得报考；父母、配偶或子女已移居国（境）外的，不得报考；非公派原因曾六个月以上在国（境）外留学、工作、生活的，不得报考。6.与常备力量第三总队公务员之间有夫妻关系、直系血亲关系、三代以内旁系血亲关系以及近姻亲关系的，不得报考该职位。7.在本单位最低服务年限五年（含试用期）。8.工资待遇按人民警察标准执行，享受加班补贴和值勤岗位津贴。9.限男性报考。10.需24小时值班，加班较多，法定休息日及节假日不能保证正常休息休假。11.请考生及时关注“移民管理警察招考小助手”微信小程序发布的报考信息。"",""部门网站"":""https://rczk.nia.gov.cn"",""咨询电话1"":""010-56093947"",""咨询电话2"":""010-56093927"",""咨询电话3"":"""",""来源Sheet"":""中央国家行政机关省级以下直属机构""}}"
"government_jobs","国家公务员2026招考简章","公务员/事业单位技术岗位","北京市丰台区","2026-07-28T09:12:58.310295+00:00","信息管理处一级警长及以下","国家移民管理局常备力量第三总队","","北京市丰台区","公务员/事业单位;2026;computer_software;cybersecurity_cryptography;electronics_communication;本科及以上;与最高学历相对应的学位;应用统计0252、统计学类0712、0714、计算机类0809、计算机科学与技术0775、0812、软件工程0835、网络空间安全0839、电子信息0854;行政执法类","用人司局：国家移民管理局常备力量第三总队
职位简介：属于公安机关人民警察，主要指导公安机关办理涉外案事件。
专业要求：应用统计0252、统计学类0712、0714、计算机类0809、计算机科学与技术0775、0812、软件工程0835、网络空间安全0839、电子信息0854
学历要求：本科及以上
学位要求：与最高学历相对应的学位
政治面貌：中共党员或共青团员
基层工作经历：无限制
考试类别：行政执法类
备注：1.限2026届高校毕业生报考（高等学历教育各阶段均需取得相应学历和学位）。2.大学英语等级考试六级425分以上、具有较强的语言表达和计算机应用能力。3.按《公务员录用体检特殊标准（试行）》进行体检，对其中未作规定的项目，按《公务员录用体检通用标准（试行）》执行，视力标准可询招录单位。4.按《公安机关录用人民警察体能测评项目和标准》进行体能测评。5.按《公安机关录用人民警察政治考察工作办法》开展考察。具有第八条、第九条情形的，不得报考；父母、配偶或子女已移居国（境）外的，不得报考；非公派原因曾六个月以上在国（境）外留学、工作、生活的，不得报考。6.与常备力量第三总队公务员之间有夫妻关系、直系血亲关系、三代以内旁系血亲关系以及近姻亲关系的，不得报考。7.在本单位最低服务年限五年（含试用期）。8.工资待遇按人民警察标准执行，享受加班补贴和值勤岗位津贴。9.限男性报考。10.加班较多，法定休息日及节假日不能保证正常休息休假。11.请考生及时关注“移民管理警察招考小助手”微信小程序发布的报考信息。","http://bm.scs.gov.cn/kl2026#158210-300130210003","2025-10-14","{""dataset_year"":2026,""job_uid"":""GOV-2026-158210-300130210003"",""publisher"":""国家公务员局"",""publication_page"":""http://bm.scs.gov.cn/kl2026"",""attachment_url"":""local://2026_guokao_zhaokaojianzhang.zip"",""local_source_file"":""中央机关及其直属机构2026年度考试录用公务员招考简章.xls"",""local_source_sha256"":""2670bae1df1dd07a3a3c79b9db46a11e3bb15a6c9c249e6af98bfd0b61ce3aaf"",""source_sheet"":""中央国家行政机关省级以下直属机构"",""filter_version"":""government_tech_v2"",""tech_filter"":{""is_tech"":true,""is_core_tech"":true,""scope"":""core"",""categories"":[""computer_software"",""cybersecurity_cryptography"",""electronics_communication""],""matched_fields"":[""major"",""job_title"",""remarks""],""major_terms"":[""电子信息"",""网络空间安全"",""计算机科学与技术"",""计算机类"",""软件工程""],""role_terms"":[""信息管理"",""计算机""],""reason"":""tech_major_and_role""},""original"":{""部门代码"":""158210"",""部门名称"":""国家移民管理局常备力量第三总队"",""用人司局"":""国家移民管理局常备力量第三总队"",""机构性质"":""中央国家行政机关省级以下直属机构"",""招考职位"":""信息管理处一级警长及以下"",""职位属性"":""公安机关人民警察职位"",""职位分布"":""其他职位"",""职位简介"":""属于公安机关人民警察，主要指导公安机关办理涉外案事件。"",""职位代码"":""300130210003"",""机构层级"":""市（地）级"",""考试类别"":""行政执法类"",""招考人数"":""2"",""专业"":""应用统计0252、统计学类0712、0714、计算机类0809、计算机科学与技术0775、0812、软件工程0835、网络空间安全0839、电子信息0854"",""学历"":""本科及以上"",""学位"":""与最高学历相对应的学位"",""政治面貌"":""中共党员或共青团员"",""基层工作最低年限"":""无限制"",""服务基层项目工作经历"":""无限制"",""是否在面试阶段组织专业能力测试"":""否"",""面试人员比例"":""3:1"",""工作地点"":""北京市丰台区"",""落户地点"":""北京市丰台区"",""备注"":""1.限2026届高校毕业生报考（高等学历教育各阶段均需取得相应学历和学位）。2.大学英语等级考试六级425分以上、具有较强的语言表达和计算机应用能力。3.按《公务员录用体检特殊标准（试行）》进行体检，对其中未作规定的项目，按《公务员录用体检通用标准（试行）》执行，视力标准可询招录单位。4.按《公安机关录用人民警察体能测评项目和标准》进行体能测评。5.按《公安机关录用人民警察政治考察工作办法》开展考察。具有第八条、第九条情形的，不得报考；父母、配偶或子女已移居国（境）外的，不得报考；非公派原因曾六个月以上在国（境）外留学、工作、生活的，不得报考。6.与常备力量第三总队公务员之间有夫妻关系、直系血亲关系、三代以内旁系血亲关系以及近姻亲关系的，不得报考。7.在本单位最低服务年限五年（含试用期）。8.工资待遇按人民警察标准执行，享受加班补贴和值勤岗位津贴。9.限男性报考。10.加班较多，法定休息日及节假日不能保证正常休息休假。11.请考生及时关注“移民管理警察招考小助手”微信小程序发布的报考信息。"",""部门网站"":""https://rczk.nia.gov.cn"",""咨询电话1"":""010-56093947"",""咨询电话2"":""010-56093927"",""咨询电话3"":"""",""来源Sheet"":""中央国家行政机关省级以下直属机构""}}"
"government_jobs","国家公务员2026招考简章","公务员/事业单位技术岗位","北京市西城区","2026-07-28T09:12:58.310295+00:00","综合处一级主任科员及以下","国家邮政局","","北京市西城区","公务员/事业单位;2026;computer_software;cybersecurity_cryptography;electronics_communication;硕士研究生及以上;与最高学历相对应的学位;信息与通信工程、计算机科学与技术、软件工程、网络空间安全、电子信息、智能科学与技术（以上均为专业名称）;中央机关及其省级直属机构综合管理类","用人司局：办公室（外事司）
职位简介：从事邮政业网络安全和信息化管理等工作
专业要求：信息与通信工程、计算机科学与技术、软件工程、网络空间安全、电子信息、智能科学与技术（以上均为专业名称）
学历要求：硕士研究生及以上
学位要求：与最高学历相对应的学位
政治面貌：中共党员
基层工作经历：二年
考试类别：中央机关及其省级直属机构综合管理类
备注：1.须同时具有相应的学历学位；2.大学英语四级合格或425分及以上；3.专业能力测试主要内容为计算机和网络安全相关基础知识 ，占综合成绩比重为15%。","http://bm.scs.gov.cn/kl2026#162000-200110001001","2025-10-14","{""dataset_year"":2026,""job_uid"":""GOV-2026-162000-200110001001"",""publisher"":""国家公务员局"",""publication_page"":""http://bm.scs.gov.cn/kl2026"",""attachment_url"":""local://2026_guokao_zhaokaojianzhang.zip"",""local_source_file"":""中央机关及其直属机构2026年度考试录用公务员招考简章.xls"",""local_source_sha256"":""2670bae1df1dd07a3a3c79b9db46a11e3bb15a6c9c249e6af98bfd0b61ce3aaf"",""source_sheet"":""中央国家行政机关（本级）"",""filter_version"":""government_tech_v2"",""tech_filter"":{""is_tech"":true,""is_core_tech"":true,""scope"":""core"",""categories"":[""computer_software"",""cybersecurity_cryptography"",""electronics_communication""],""matched_fields"":[""major"",""description"",""remarks""],""major_terms"":[""信息与通信工程"",""智能科学与技术"",""电子信息"",""网络空间安全"",""计算机科学与技术"",""软件工程"",""通信工程""],""role_terms"":[""信息化"",""网络安全"",""计算机""],""reason"":""tech_major_and_role""},""original"":{""部门代码"":""162000"",""部门名称"":""国家邮政局"",""用人司局"":""办公室（外事司）"",""机构性质"":""中央国家行政机关（本级）"",""招考职位"":""综合处一级主任科员及以下"",""职位属性"":""普通职位"",""职位分布"":""其他职位"",""职位简介"":""从事邮政业网络安全和信息化管理等工作"",""职位代码"":""200110001001"",""机构层级"":""中央"",""考试类别"":""中央机关及其省级直属机构综合管理类"",""招考人数"":""1"",""专业"":""信息与通信工程、计算机科学与技术、软件工程、网络空间安全、电子信息、智能科学与技术（以上均为专业名称）"",""学历"":""硕士研究生及以上"",""学位"":""与最高学历相对应的学位"",""政治面貌"":""中共党员"",""基层工作最低年限"":""二年"",""服务基层项目工作经历"":""无限制"",""是否在面试阶段组织专业能力测试"":""是"",""面试人员比例"":""5:1"",""工作地点"":""北京市西城区"",""落户地点"":""北京市西城区"",""备注"":""1.须同时具有相应的学历学位；2.大学英语四级合格或425分及以上；3.专业能力测试主要内容为计算机和网络安全相关基础知识 ，占综合成绩比重为15%。"",""部门网站"":""http://spb.gov.cn/"",""咨询电话1"":""010-88323139"",""咨询电话2"":"""",""咨询电话3"":"""",""来源Sheet"":""中央国家行政机关（本级）""}}"
"government_jobs","国家公务员2026招考简章","公务员/事业单位技术岗位","新疆维吾尔自治区和田地区和田市","2026-07-28T09:12:58.310295+00:00","一级科员","新疆维吾尔自治区邮政管理局","","新疆维吾尔自治区和田地区和田市","公务员/事业单位;2026;computer_software;本科及以上;与最高学历相对应的学位;网络工程、计算机科学与技术、邮政管理、法学（以上均为专业名称）;市（地）级及以下直属机构综合管理类","用人司局：和田地区邮政管理局
职位简介：邮政行业监督管理
专业要求：网络工程、计算机科学与技术、邮政管理、法学（以上均为专业名称）
学历要求：本科及以上
学位要求：与最高学历相对应的学位
政治面貌：不限
基层工作经历：无限制
考试类别：市（地）级及以下直属机构综合管理类
备注：1.仅招录应届高校毕业生；2.在本单位最低服务年限为5年（含试用期）；3.全国计算机等级考试二级合格证书及以上；4.本单位不提供宿舍；5.落户须符合当地有关政策，单位无法办理集体户口；6.仅招录新疆户籍或新疆生源。","http://bm.scs.gov.cn/kl2026#162131-300110004001","2025-10-14","{""dataset_year"":2026,""job_uid"":""GOV-2026-162131-300110004001"",""publisher"":""国家公务员局"",""publication_page"":""http://bm.scs.gov.cn/kl2026"",""attachment_url"":""local://2026_guokao_zhaokaojianzhang.zip"",""local_source_file"":""中央机关及其直属机构2026年度考试录用公务员招考简章.xls"",""local_source_sha256"":""2670bae1df1dd07a3a3c79b9db46a11e3bb15a6c9c249e6af98bfd0b61ce3aaf"",""source_sheet"":""中央国家行政机关省级以下直属机构"",""filter_version"":""government_tech_v2"",""tech_filter"":{""is_tech"":true,""is_core_tech"":true,""scope"":""core"",""categories"":[""computer_software""],""matched_fields"":[""major"",""remarks""],""major_terms"":[""网络工程"",""计算机科学与技术""],""role_terms"":[""计算机""],""reason"":""tech_major_and_role""},""original"":{""部门代码"":""162131"",""部门名称"":""新疆维吾尔自治区邮政管理局"",""用人司局"":""和田地区邮政管理局"",""机构性质"":""中央国家行政机关省级以下直属机构"",""招考职位"":""一级科员"",""职位属性"":""普通职位"",""职位分布"":""西部地区和艰苦边远地区职位"",""职位简介"":""邮政行业监督管理"",""职位代码"":""300110004001"",""机构层级"":""市（地）级"",""考试类别"":""市（地）级及以下直属机构综合管理类"",""招考人数"":""1"",""专业"":""网络工程、计算机科学与技术、邮政管理、法学（以上均为专业名称）"",""学历"":""本科及以上"",""学位"":""与最高学历相对应的学位"",""政治面貌"":""不限"",""基层工作最低年限"":""无限制"",""服务基层项目工作经历"":""无限制"",""是否在面试阶段组织专业能力测试"":""否"",""面试人员比例"":""3:1"",""工作地点"":""新疆维吾尔自治区和田地区和田市"",""落户地点"":""新疆维吾尔自治区和田地区和田市"",""备注"":""1.仅招录应届高校毕业生；2.在本单位最低服务年限为5年（含试用期）；3.全国计算机等级考试二级合格证书及以上；4.本单位不提供宿舍；5.落户须符合当地有关政策，单位无法办理集体户口；6.仅招录新疆户籍或新疆生源。"",""部门网站"":""http://xj.spb.gov.cn/"",""咨询电话1"":""0991-2317880"",""咨询电话2"":""0991-2356668"",""咨询电话3"":"""",""来源Sheet"":""中央国家行政机关省级以下直属机构""}}"
"government_jobs","国家公务员2026招考简章","公务员/事业单位技术岗位","山西省","2026-07-28T09:12:58.310295+00:00","机关处室二级主任科员及以下","国家矿山安全监察局山西局","","山西省","公务员/事业单位;2026;computer_software;cybersecurity_cryptography;data_ai;本科及以上;与最高学历相对应的学位;计算机科学与技术、网络工程。;中央机关及其省级直属机构综合管理类","用人司局：国家矿山安全监察局山西局
职位简介：从事机关机要管理、信息技术管理、网络安全、数据分析等工作。
专业要求：计算机科学与技术、网络工程。
学历要求：本科及以上
学位要求：与最高学历相对应的学位
政治面貌：不限
基层工作经历：无限制
考试类别：中央机关及其省级直属机构综合管理类
备注：需要参加24小时应急值班值守。","http://bm.scs.gov.cn/kl2026#166103-300110102004","2025-10-14","{""dataset_year"":2026,""job_uid"":""GOV-2026-166103-300110102004"",""publisher"":""国家公务员局"",""publication_page"":""http://bm.scs.gov.cn/kl2026"",""attachment_url"":""local://2026_guokao_zhaokaojianzhang.zip"",""local_source_file"":""中央机关及其直属机构2026年度考试录用公务员招考简章.xls"",""local_source_sha256"":""2670bae1df1dd07a3a3c79b9db46a11e3bb15a6c9c249e6af98bfd0b61ce3aaf"",""source_sheet"":""中央国家行政机关省级以下直属机构"",""filter_version"":""government_tech_v2"",""tech_filter"":{""is_tech"":true,""is_core_tech"":true,""scope"":""core"",""categories"":[""computer_software"",""cybersecurity_cryptography"",""data_ai""],""matched_fields"":[""major"",""description""],""major_terms"":[""网络工程"",""计算机科学与技术""],""role_terms"":[""信息技术"",""数据分析"",""网络安全""],""reason"":""tech_major_and_role""},""original"":{""部门代码"":""166103"",""部门名称"":""国家矿山安全监察局山西局"",""用人司局"":""国家矿山安全监察局山西局"",""机构性质"":""中央国家行政机关省级以下直属机构"",""招考职位"":""机关处室二级主任科员及以下"",""职位属性"":""普通职位"",""职位分布"":""其他职位"",""职位简介"":""从事机关机要管理、信息技术管理、网络安全、数据分析等工作。"",""职位代码"":""300110102004"",""机构层级"":""省（副省）级"",""考试类别"":""中央机关及其省级直属机构综合管理类"",""招考人数"":""2"",""专业"":""计算机科学与技术、网络工程。"",""学历"":""本科及以上"",""学位"":""与最高学历相对应的学位"",""政治面貌"":""不限"",""基层工作最低年限"":""无限制"",""服务基层项目工作经历"":""无限制"",""是否在面试阶段组织专业能力测试"":""否"",""面试人员比例"":""3:1"",""工作地点"":""山西省"",""落户地点"":""山西省"",""备注"":""需要参加24小时应急值班值守。"",""部门网站"":""http://shanxi.chinamine-safety.gov.cn/"",""咨询电话1"":""0351-4092173"",""咨询电话2"":""0351-4095048"",""咨询电话3"":"""",""来源Sheet"":""中央国家行政机关省级以下直属机构""}}"
"government_jobs","国家公务员2026招考简章","公务员/事业单位技术岗位","福建省福州市","2026-07-28T09:12:58.310295+00:00","机关业务处室一级主任科员及以下","福建省地震局","","福建省福州市","公务员/事业单位;2026;computer_software;硕士研究生及以上;与最高学历相对应的学位;固体地球物理学、构造地质学、第四纪地质学、岩土工程、结构工程、防灾减灾工程及防护工程、大地测量学与测量工程、地球探测与信息技术、地震学;中央机关及其省级直属机构综合管理类","用人司局：福建省地震局
职位简介：从事防震减灾业务管理工作。
专业要求：固体地球物理学、构造地质学、第四纪地质学、岩土工程、结构工程、防灾减灾工程及防护工程、大地测量学与测量工程、地球探测与信息技术、地震学
学历要求：硕士研究生及以上
学位要求：与最高学历相对应的学位
政治面貌：中共党员
基层工作经历：无限制
考试类别：中央机关及其省级直属机构综合管理类
备注：需经常参加应急处置和24小时值班值守。要求专业代码：固体地球物理学（070801）、构造地质学（070904）、第四纪地质学（070905）、岩土工程（081401）、结构工程（081402）、防灾减灾工程及防护工程（081405）、大地测量学与测量工程（081601）、地球探测与信息技术（081802）、地震学（0709Z3）","http://bm.scs.gov.cn/kl2026#175113-400110113001","2025-10-14","{""dataset_year"":2026,""job_uid"":""GOV-2026-175113-400110113001"",""publisher"":""国家公务员局"",""publication_page"":""http://bm.scs.gov.cn/kl2026"",""attachment_url"":""local://2026_guokao_zhaokaojianzhang.zip"",""local_source_file"":""中央机关及其直属机构2026年度考试录用公务员招考简章.xls"",""local_source_sha256"":""2670bae1df1dd07a3a3c79b9db46a11e3bb15a6c9c249e6af98bfd0b61ce3aaf"",""source_sheet"":""中央国家行政机关参照公务员法管理事业单位"",""filter_version"":""government_tech_v2"",""tech_filter"":{""is_tech"":true,""is_core_tech"":true,""scope"":""core"",""categories"":[""computer_software""],""matched_fields"":[""remarks""],""major_terms"":[],""role_terms"":[""信息技术""],""reason"":""tech_role""},""original"":{""部门代码"":""175113"",""部门名称"":""福建省地震局"",""用人司局"":""福建省地震局"",""机构性质"":""中央国家行政机关参照公务员法管理事业单位"",""招考职位"":""机关业务处室一级主任科员及以下"",""职位属性"":""普通职位"",""职位分布"":""其他职位"",""职位简介"":""从事防震减灾业务管理工作。"",""职位代码"":""400110113001"",""机构层级"":""省（副省）级"",""考试类别"":""中央机关及其省级直属机构综合管理类"",""招考人数"":""1"",""专业"":""固体地球物理学、构造地质学、第四纪地质学、岩土工程、结构工程、防灾减灾工程及防护工程、大地测量学与测量工程、地球探测与信息技术、地震学"",""学历"":""硕士研究生及以上"",""学位"":""与最高学历相对应的学位"",""政治面貌"":""中共党员"",""基层工作最低年限"":""无限制"",""服务基层项目工作经历"":""无限制"",""是否在面试阶段组织专业能力测试"":""否"",""面试人员比例"":""5:1"",""工作地点"":""福建省福州市"",""落户地点"":""福建省福州市"",""备注"":""需经常参加应急处置和24小时值班值守。要求专业代码：固体地球物理学（070801）、构造地质学（070904）、第四纪地质学（070905）、岩土工程（081401）、结构工程（081402）、防灾减灾工程及防护工程（081405）、大地测量学与测量工程（081601）、地球探测与信息技术（081802）、地震学（0709Z3）"",""部门网站"":""http://www.fjdzj.gov.cn/"",""咨询电话1"":""0591-87816753"",""咨询电话2"":""0591-87852739"",""咨询电话3"":"""",""来源Sheet"":""中央国家行政机关参照公务员法管理事业单位""}}"
"government_jobs","国家公务员2026招考简章","公务员/事业单位技术岗位","山东省济南市","2026-07-28T09:12:58.310295+00:00","业务处室一级主任科员及以下","山东省地震局","","山东省济南市","公务员/事业单位;2026;computer_software;硕士研究生及以上;与最高学历相对应的学位;地球物理学、地质学、矿物学岩石学矿床学、地球化学、构造地质学、第四纪地质学、地质资源与地质工程、矿产普查与勘探、地球探测与信息技术、地质工程;中央机关及其省级直属机构综合管理类","用人司局：山东省地震局
职位简介：承担防震减灾业务领域管理工作
专业要求：地球物理学、地质学、矿物学岩石学矿床学、地球化学、构造地质学、第四纪地质学、地质资源与地质工程、矿产普查与勘探、地球探测与信息技术、地质工程
学历要求：硕士研究生及以上
学位要求：与最高学历相对应的学位
政治面貌：中共党员
基层工作经历：无限制
考试类别：中央机关及其省级直属机构综合管理类
备注：1.仅限考生毕业证所载专业名称对应学科代码与下列相同者报考：地球物理学（0708）、地质学（070900）、矿物学岩石学矿床学（070901）、地球化学（070902）、构造地质学（070904）、第四纪地质学（070905）、地质资源与地质工程（081800）、矿产普查与勘探（081801）、地球探测与信息技术（081802）、地质工程（081803、085703）；
2.本科及以上学习阶段均要求取得相应的学历和学位；
3.需经常参加应急处置和24小时值班值守。","http://bm.scs.gov.cn/kl2026#175115-400110115001","2025-10-14","{""dataset_year"":2026,""job_uid"":""GOV-2026-175115-400110115001"",""publisher"":""国家公务员局"",""publication_page"":""http://bm.scs.gov.cn/kl2026"",""attachment_url"":""local://2026_guokao_zhaokaojianzhang.zip"",""local_source_file"":""中央机关及其直属机构2026年度考试录用公务员招考简章.xls"",""local_source_sha256"":""2670bae1df1dd07a3a3c79b9db46a11e3bb15a6c9c249e6af98bfd0b61ce3aaf"",""source_sheet"":""中央国家行政机关参照公务员法管理事业单位"",""filter_version"":""government_tech_v2"",""tech_filter"":{""is_tech"":true,""is_core_tech"":true,""scope"":""core"",""categories"":[""computer_software""],""matched_fields"":[""remarks""],""major_terms"":[],""role_terms"":[""信息技术""],""reason"":""tech_role""},""original"":{""部门代码"":""175115"",""部门名称"":""山东省地震局"",""用人司局"":""山东省地震局"",""机构性质"":""中央国家行政机关参照公务员法管理事业单位"",""招考职位"":""业务处室一级主任科员及以下"",""职位属性"":""普通职位"",""职位分布"":""其他职位"",""职位简介"":""承担防震减灾业务领域管理工作"",""职位代码"":""400110115001"",""机构层级"":""省（副省）级"",""考试类别"":""中央机关及其省级直属机构综合管理类"",""招考人数"":""1"",""专业"":""地球物理学、地质学、矿物学岩石学矿床学、地球化学、构造地质学、第四纪地质学、地质资源与地质工程、矿产普查与勘探、地球探测与信息技术、地质工程"",""学历"":""硕士研究生及以上"",""学位"":""与最高学历相对应的学位"",""政治面貌"":""中共党员"",""基层工作最低年限"":""无限制"",""服务基层项目工作经历"":""无限制"",""是否在面试阶段组织专业能力测试"":""否"",""面试人员比例"":""5:1"",""工作地点"":""山东省济南市"",""落户地点"":""山东省济南市"",""备注"":""1.仅限考生毕业证所载专业名称对应学科代码与下列相同者报考：地球物理学（0708）、地质学（070900）、矿物学岩石学矿床学（070901）、地球化学（070902）、构造地质学（070904）、第四纪地质学（070905）、地质资源与地质工程（081800）、矿产普查与勘探（081801）、地球探测与信息技术（081802）、地质工程（081803、085703）；\n2.本科及以上学习阶段均要求取得相应的学历和学位；\n3.需经常参加应急处置和24小时值班值守。"",""部门网站"":""http://www.sddzj.gov.cn/"",""咨询电话1"":""0531-58622021"",""咨询电话2"":""0531-58622023"",""咨询电话3"":"""",""来源Sheet"":""中央国家行政机关参照公务员法管理事业单位""}}"
"government_jobs","国家公务员2026招考简章","公务员/事业单位技术岗位","陕西省西安市","2026-07-28T09:12:58.310295+00:00","监测预报与科技处一级主任科员及以下","陕西省地震局","","陕西省西安市","公务员/事业单位;2026;computer_software;cybersecurity_cryptography;electronics_communication;硕士研究生及以上;与最高学历相对应的学位;地球物理学类（0708）、地质学类（0709）、地质资源与地质工程类（0818）、信息与通信工程类（0810）、网络空间安全类（0839）;中央机关及其省级直属机构综合管理类","用人司局：陕西省地震局
职位简介：地震监测预报预警管理、网络安全和信息化管理和科技创新管理等工作
专业要求：地球物理学类（0708）、地质学类（0709）、地质资源与地质工程类（0818）、信息与通信工程类（0810）、网络空间安全类（0839）
学历要求：硕士研究生及以上
学位要求：与最高学历相对应的学位
政治面貌：不限
基层工作经历：无限制
考试类别：中央机关及其省级直属机构综合管理类
备注：需经常参加应急处置和24小时值班值守。","http://bm.scs.gov.cn/kl2026#175127-400110127002","2025-10-14","{""dataset_year"":2026,""job_uid"":""GOV-2026-175127-400110127002"",""publisher"":""国家公务员局"",""publication_page"":""http://bm.scs.gov.cn/kl2026"",""attachment_url"":""local://2026_guokao_zhaokaojianzhang.zip"",""local_source_file"":""中央机关及其直属机构2026年度考试录用公务员招考简章.xls"",""local_source_sha256"":""2670bae1df1dd07a3a3c79b9db46a11e3bb15a6c9c249e6af98bfd0b61ce3aaf"",""source_sheet"":""中央国家行政机关参照公务员法管理事业单位"",""filter_version"":""government_tech_v2"",""tech_filter"":{""is_tech"":true,""is_core_tech"":true,""scope"":""core"",""categories"":[""computer_software"",""cybersecurity_cryptography"",""electronics_communication""],""matched_fields"":[""major"",""description""],""major_terms"":[""信息与通信工程"",""网络空间安全"",""通信工程""],""role_terms"":[""信息化"",""网络安全""],""reason"":""tech_major_and_role""},""original"":{""部门代码"":""175127"",""部门名称"":""陕西省地震局"",""用人司局"":""陕西省地震局"",""机构性质"":""中央国家行政机关参照公务员法管理事业单位"",""招考职位"":""监测预报与科技处一级主任科员及以下"",""职位属性"":""普通职位"",""职位分布"":""其他职位"",""职位简介"":""地震监测预报预警管理、网络安全和信息化管理和科技创新管理等工作"",""职位代码"":""400110127002"",""机构层级"":""省（副省）级"",""考试类别"":""中央机关及其省级直属机构综合管理类"",""招考人数"":""1"",""专业"":""地球物理学类（0708）、地质学类（0709）、地质资源与地质工程类（0818）、信息与通信工程类（0810）、网络空间安全类（0839）"",""学历"":""硕士研究生及以上"",""学位"":""与最高学历相对应的学位"",""政治面貌"":""不限"",""基层工作最低年限"":""无限制"",""服务基层项目工作经历"":""无限制"",""是否在面试阶段组织专业能力测试"":""否"",""面试人员比例"":""5:1"",""工作地点"":""陕西省西安市"",""落户地点"":""陕西省西安市"",""备注"":""需经常参加应急处置和24小时值班值守。"",""部门网站"":""www.sxdzj.gov.cn"",""咨询电话1"":""029-88465435"",""咨询电话2"":"""",""咨询电话3"":"""",""来源Sheet"":""中央国家行政机关参照公务员法管理事业单位""}}"
"government_jobs","国家公务员2026招考简章","公务员/事业单位技术岗位","甘肃省兰州市城关区","2026-07-28T09:12:58.310295+00:00","办公室一级主任科员及以下","甘肃省地震局","","甘肃省兰州市城关区","公务员/事业单位;2026;computer_software;硕士研究生及以上;与最高学历相对应的学位;固体地球物理学、空间物理学、矿物学、岩石学、矿床学、地球化学、古生物学与地层学、构造地质学、第四纪地质学、通信与信息系统、信号与信息处理、中国现当代文学、地震学;中央机关及其省级直属机构综合管理类","用人司局：甘肃省地震局
职位简介：从事机要密码通信、政务文稿撰写及保障工作
专业要求：固体地球物理学、空间物理学、矿物学、岩石学、矿床学、地球化学、古生物学与地层学、构造地质学、第四纪地质学、通信与信息系统、信号与信息处理、中国现当代文学、地震学
学历要求：硕士研究生及以上
学位要求：与最高学历相对应的学位
政治面貌：中共党员
基层工作经历：无限制
考试类别：中央机关及其省级直属机构综合管理类
备注：1.需经常参加应急处置和24小时值班值守；
2.本科、研究生阶段学习必须具备与学历对应的学位证书；
3.招录专业代码：固体地球物理学（070801）、空间物理学（070802）、矿物学、岩石学、矿床学（070901）、地球化学（070902）、古生物学与地层学（070903）、构造地质学（070904）、第四纪地质学（070905）、通信与信息系统（081001）、信号与信息处理（081002）、中国现当代文学（050106）、地震学（0709Z3）。","http://bm.scs.gov.cn/kl2026#175128-400110128001","2025-10-14","{""dataset_year"":2026,""job_uid"":""GOV-2026-175128-400110128001"",""publisher"":""国家公务员局"",""publication_page"":""http://bm.scs.gov.cn/kl2026"",""attachment_url"":""local://2026_guokao_zhaokaojianzhang.zip"",""local_source_file"":""中央机关及其直属机构2026年度考试录用公务员招考简章.xls"",""local_source_sha256"":""2670bae1df1dd07a3a3c79b9db46a11e3bb15a6c9c249e6af98bfd0b61ce3aaf"",""source_sheet"":""中央国家行政机关参照公务员法管理事业单位"",""filter_version"":""government_tech_v2"",""tech_filter"":{""is_tech"":true,""is_core_tech"":true,""scope"":""core"",""categories"":[""computer_software""],""matched_fields"":[""remarks""],""major_terms"":[],""role_terms"":[""信息系统""],""reason"":""tech_role""},""original"":{""部门代码"":""175128"",""部门名称"":""甘肃省地震局"",""用人司局"":""甘肃省地震局"",""机构性质"":""中央国家行政机关参照公务员法管理事业单位"",""招考职位"":""办公室一级主任科员及以下"",""职位属性"":""普通职位"",""职位分布"":""其他职位"",""职位简介"":""从事机要密码通信、政务文稿撰写及保障工作"",""职位代码"":""400110128001"",""机构层级"":""省（副省）级"",""考试类别"":""中央机关及其省级直属机构综合管理类"",""招考人数"":""1"",""专业"":""固体地球物理学、空间物理学、矿物学、岩石学、矿床学、地球化学、古生物学与地层学、构造地质学、第四纪地质学、通信与信息系统、信号与信息处理、中国现当代文学、地震学"",""学历"":""硕士研究生及以上"",""学位"":""与最高学历相对应的学位"",""政治面貌"":""中共党员"",""基层工作最低年限"":""无限制"",""服务基层项目工作经历"":""无限制"",""是否在面试阶段组织专业能力测试"":""否"",""面试人员比例"":""5:1"",""工作地点"":""甘肃省兰州市城关区"",""落户地点"":""甘肃省兰州市城关区"",""备注"":""1.需经常参加应急处置和24小时值班值守；\n2.本科、研究生阶段学习必须具备与学历对应的学位证书；\n3.招录专业代码：固体地球物理学（070801）、空间物理学（070802）、矿物学、岩石学、矿床学（070901）、地球化学（070902）、古生物学与地层学（070903）、构造地质学（070904）、第四纪地质学（070905）、通信与信息系统（081001）、信号与信息处理（081002）、中国现当代文学（050106）、地震学（0709Z3）。"",""部门网站"":""http://www.gsdzj.gov.cn/"",""咨询电话1"":""0931-8275703"",""咨询电话2"":""0931-8272399"",""咨询电话3"":"""",""来源Sheet"":""中央国家行政机关参照公务员法管理事业单位""}}"
